0.0245554 0.840094 0.135351
9.999E-05 0.870135 0.129765
0.0338945 0.763587 0.202519
9.999E-05 0.860441 0.139459
0.0280586 0.91622 0.0557217
0.0342147 0.965685 9.9991E-05
0.0326522 0.874037 0.0933109
9.999E-05 0.924043 0.0758571
0.0556504 0.721117 0.223233
0.0653288 0.704046 0.230625
0.236076 0.577932 0.185992
0.09636 0.634704 0.268936
0.352564 0.5302 0.117236
0.100858 0.623196 0.275946
0.0579105 0.738485 0.203604
0.0110626 0.82793 0.161007
9.9991E-05 0.743643 0.256257
9.9991E-05 0.851938 0.147962
0.205563 0.161973 0.632464
0.0177679 0.219357 0.762875
9.9991E-05 0.251426 0.748474
0.0578364 0.0328661 0.909298
0.00692402 9.9991E-05 0.992976
0.0229273 0.0801728 0.8969
9.9991E-05 0.267733 0.732167
9.999E-05 9.999E-05 0.9998
0.0549849 9.9991E-05 0.944915
0.0964896 9.9991E-05 0.90341
9.999E-05 9.999E-05 0.9998
0.0962161 9.9991E-05 0.903684
0.0268143 9.9991E-05 0.973086
0.0491412 0.0294327 0.921426
0.0158779 0.0802737 0.903848
0.0438469 0.733683 0.22247
9.9991E-05 0.748513 0.251387
0.0590043 0.730741 0.210254
0.00606176 0.902497 0.0914408
0.127332 0.679547 0.193121
0.400749 9.9991E-05 0.599151
0.0821385 9.9991E-05 0.917762
0.103075 0.700297 0.196629
9.9991E-05 0.816249 0.183651
0.18907 0.487927 0.323003
0.335636 0.518848 0.145515
0.316636 0.562861 0.120503
0.424721 9.9991E-05 0.575179
0.109183 0.577798 0.313018
0.215858 0.626759 0.157383
0.149342 0.481674 0.368983
0.90048 0.09942 9.9991E-05
0.904555 0.0953448 9.9991E-05
0.866603 0.133297 9.9991E-05
0.888233 0.110972 0.0007953
0.909651 9.9991E-05 0.0902494
0.928516 9.9991E-05 0.0713843
0.802385 0.197515 9.9991E-05
0.908448 0.0303537 0.0611986
0.924064 9.9991E-05 0.0758362
0.93878 0.0486829 0.0125367
0.736336 0.263564 9.9991E-05
0.941114 9.9991E-05 0.0587855
0.829613 0.0464789 0.123908
0.561809 0.349519 0.088672
0.0131042 0.127598 0.859298
0.0524184 0.173961 0.773621
9.9991E-05 0.037979 0.961921
0.801813 0.140741 0.0574463
0.730013 0.269887 9.9991E-05
0.816956 0.0766821 0.106361
0.862408 0.0610471 0.0765452
0.93541 9.9991E-05 0.0644898
0.356996 0.642904 9.9991E-05
0.330445 0.632262 0.0372933
0.349029 0.565927 0.0850438
0.345481 0.624073 0.0304454
0.294139 0.526264 0.179597
0.3828 0.521058 0.0961419
0.283836 0.540762 0.175402
0.77159 0.22831 9.9991E-05
0.629613 0.331343 0.0390437
0.855422 9.9991E-05 0.144478
0.902831 9.9991E-05 0.0970691
0.836477 0.152153 0.0113692
0.0993366 0.119885 0.780779
0.517457 0.308763 0.17378
0.43883 0.56107 9.9991E-05
0.409431 0.0173435 0.573226
9.9991E-05 0.759245 0.240655
9.9991E-05 0.827511 0.172389
0.0408584 0.778883 0.180258
0.152986 0.537798 0.309216
0.0207192 0.843924 0.135356
0.421744 0.5179 0.0603556
0.0950578 0.220981 0.683961
0.451413 0.548487 9.9991E-05
0.182819 0.452423 0.364758
9.9991E-05 0.787399 0.212501
0.0195079 0.914874 0.0656179
9.9991E-05 0.870485 0.129415
0.0802936 0.919282 0.000424088
0.0391431 0.905084 0.0557724
9.9991E-05 0.899886 0.100014
0.47386 0.484635 0.0415042
0.401799 0.460583 0.137619
0.429748 0.476549 0.0937029
0.133797 0.566473 0.299729
0.261197 0.596688 0.142114
0.0452842 0.451842 0.502874
0.855021 0.13023 0.0147486
0.894368 0.0671807 0.0384517
0.336127 0.454879 0.208994
0.356609 0.432338 0.211053
0.313563 0.372876 0.313561
0.00960779 0.121248 0.869144
0.837543 9.9991E-05 0.162357
0.785231 0.189024 0.0257449
0.632993 0.366907 9.9991E-05
0.0393342 0.414418 0.546248
0.0225707 0.744029 0.2334
0.0434404 0.927247 0.0293126
0.0662514 0.826278 0.10747
9.9991E-05 0.538075 0.461825
0.0113964 0.74814 0.240463
0.0227792 0.88442 0.0928011
0.0170192 0.966907 0.0160733
0.0141847 0.532363 0.453453
9.9991E-05 0.806922 0.192978
9.9991E-05 0.766141 0.233759
9.9991E-05 0.796038 0.203862
0.10497 0.612935 0.282095
0.0737429 0.853717 0.0725403
0.0364238 0.706889 0.256688
0.0188267 0.940429 0.0407441
0.0471289 0.0456564 0.907215
9.9991E-05 0.103236 0.896664
9.999E-05 9.999E-05 0.9998
0.0296999 0.101177 0.869123
0.0453387 0.100495 0.854166
0.116179 0.857845 0.0259762
9.9991E-05 0.784504 0.215396
0.9998 9.999E-05 9.999E-05
0.888678 9.9991E-05 0.111222
0.936791 0.0631095 9.9991E-05
0.780334 0.149938 0.0697276
0.975463 0.0244365 9.9991E-05
0.877766 9.9991E-05 0.122134
0.951439 0.0477468 0.000814053
0.947437 9.9991E-05 0.0524633
0.94248 0.00272414 0.0547963
0.91545 9.9991E-05 0.0844505
0.916208 0.0836923 9.9991E-05
0.851068 0.0158902 0.133042
0.857407 0.120919 0.0216733
0.934259 9.9991E-05 0.0656407
0.968235 0.00175478 0.0300102
0.985424 0.0144759 9.9991E-05
0.945494 0.000466076 0.0540398
0.397561 0.542189 0.06025
0.254439 0.7157 0.0298609
0.937429 0.0624713 9.9991E-05
0.74205 0.25785 9.9991E-05
0.966549 9.9991E-05 0.0333511
0.374533 0.625367 9.9991E-05
9.9991E-05 0.985359 0.0145411
9.9991E-05 0.764553 0.235347
0.0366388 0.542104 0.421258
9.9991E-05 0.298345 0.701555
0.038619 0.0651603 0.896221
0.0673513 0.0321266 0.900522
9.9991E-05 0.165852 0.834048
0.0146631 0.125383 0.859954
0.140578 0.0544991 0.804923
0.0676376 9.9991E-05 0.932262
0.0218197 0.883918 0.0942622
0.0400901 0.849792 0.110118
0.0513486 0.948551 9.9991E-05
0.0426174 0.957283 9.9991E-05
9.999E-05 0.9998 9.999E-05
0.0988258 0.894744 0.00643057
9.9991E-05 0.755827 0.244073
0.0858573 0.695304 0.218839
0.0683463 0.794817 0.136836
0.0782514 0.696046 0.225702
0.0425658 0.796963 0.160472
0.118527 0.203592 0.677881
0.857492 0.142408 9.9991E-05
0.869563 9.9991E-05 0.130337
0.963708 9.9991E-05 0.036192
0.797247 0.167297 0.0354564
0.84743 0.0376626 0.114908
0.152596 0.541054 0.30635
0.0209272 0.714708 0.264364
9.9991E-05 0.798009 0.201891
0.0578126 0.596359 0.345828
