9.9991E-05 0.135028 0.864872
9.999E-05 0.142885 0.857015
0.00259754 0.247079 0.750323
9.999E-05 0.0737569 0.926143
0.0230138 0.0539936 0.922993
0.0630946 9.9991E-05 0.936805
0.00729033 0.0697238 0.922986
0.00627084 0.0312325 0.962497
0.0769261 0.224923 0.698151
0.0364094 0.266136 0.697455
0.264132 0.17681 0.559058
0.0504888 0.292629 0.656882
0.33268 0.0623497 0.604971
0.110759 0.203525 0.685715
0.0520958 0.260052 0.687852
0.0218987 0.141742 0.83636
9.9991E-05 0.287249 0.712651
9.9991E-05 0.125378 0.874522
0.175863 0.639996 0.184141
0.0331581 0.782059 0.184783
9.9991E-05 0.731091 0.268809
0.0437674 0.906798 0.0494346
0.0271403 0.97276 9.9991E-05
0.0203144 0.936104 0.0435814
9.9991E-05 0.701772 0.298128
9.9991E-05 0.923226 0.0766742
0.0856691 0.914231 9.9991E-05
0.0762086 0.923691 9.9991E-05
9.999E-05 0.9998 9.999E-05
0.0620581 0.913222 0.0247201
0.0482014 0.951699 9.9991E-05
0.0419937 0.954064 0.00394206
0.0197028 0.923547 0.0567499
0.0515004 0.283161 0.665339
9.9991E-05 0.340211 0.659689
0.0997462 0.111234 0.789019
0.0553552 0.0709502 0.873695
0.11815 0.193448 0.688402
0.380379 0.619521 9.9991E-05
0.0701912 0.806429 0.12338
0.0953278 0.224302 0.68037
9.9991E-05 0.198195 0.801705
0.186711 0.312068 0.501221
0.320265 0.154051 0.525684
0.298615 0.0672286 0.634156
0.394859 0.605041 9.9991E-05
0.102846 0.294961 0.602193
0.264256 0.11591 0.619833
0.111399 0.445777 0.442824
0.88245 0.061649 0.0559014
0.919523 0.022505 0.057972
0.862867 9.9991E-05 0.137033
0.884995 0.0588543 0.0561512
0.893543 0.106357 9.9991E-05
0.918826 0.0810743 9.9991E-05
0.780437 9.9991E-05 0.219463
0.920148 0.0797519 9.9991E-05
0.92861 0.0712897 9.9991E-05
0.870711 0.0275067 0.101782
0.767212 9.9991E-05 0.232688
0.949137 0.0507629 9.9991E-05
0.824589 0.0444127 0.130998
0.592488 0.0223033 0.385209
0.0327021 0.848991 0.118307
0.00588366 0.902528 0.0915887
9.9991E-05 0.945566 0.0543341
0.763206 0.0813904 0.155403
0.694357 0.0288262 0.276817
0.842468 0.106836 0.0506954
0.85271 0.0941531 0.0531373
0.922657 0.0712109 0.00613257
0.345669 9.9991E-05 0.654231
0.322781 0.0252064 0.652012
0.312468 0.0511552 0.636376
0.329498 0.0348059 0.635696
0.279668 0.140454 0.579878
0.386736 0.100272 0.512992
0.293122 0.118959 0.587919
0.747592 9.9991E-05 0.252308
0.590992 0.0660767 0.342931
0.863287 0.0645756 0.0721376
0.880132 0.119768 9.9991E-05
0.810003 0.0019817 0.188015
0.0467548 0.81143 0.141815
0.47475 0.170772 0.354478
0.407812 9.9991E-05 0.592088
0.409691 0.590209 9.9991E-05
9.9991E-05 0.221609 0.778291
9.9991E-05 0.181972 0.817928
0.0436975 0.181107 0.775195
0.158842 0.344173 0.496985
0.0164695 0.114117 0.869414
0.446149 0.0259885 0.527862
0.0712124 0.610774 0.318014
0.431406 0.0603838 0.508211
0.164001 0.35915 0.476848
9.9991E-05 0.248289 0.751611
0.00263044 0.06218 0.93519
0.0159555 0.232436 0.751608
0.0856113 0.0618368 0.852552
0.0402556 0.0861042 0.87364
9.9991E-05 0.0944563 0.905444
0.42878 0.103014 0.468207
0.411417 0.18956 0.399024
0.455513 0.101124 0.443363
0.147329 0.249662 0.603009
0.271585 0.188915 0.5395
0.0590595 0.465848 0.475093
0.82727 9.9991E-05 0.17263
0.862912 0.0459878 0.0910998
0.375527 0.169081 0.455392
0.305189 0.205885 0.488926
0.311186 0.366846 0.321969
0.0207991 0.808931 0.170269
0.845859 0.0812864 0.0728542
0.848247 9.9991E-05 0.151653
0.648007 9.9991E-05 0.351893
0.0557165 0.536603 0.40768
0.0203805 0.340469 0.639151
0.0482178 0.0807372 0.871045
0.113114 0.14108 0.745806
9.9991E-05 0.453901 0.545999
0.00207403 0.270964 0.726962
0.000480628 0.147251 0.852268
0.0437247 0.0562932 0.899982
0.0317302 0.441586 0.526684
0.000183 0.23771 0.762107
9.9991E-05 0.199536 0.800364
9.9991E-05 0.187771 0.812129
0.104534 0.30606 0.589406
0.0810186 0.10751 0.811471
0.0470556 0.313805 0.639139
0.0350274 0.101779 0.863194
0.0373042 0.884188 0.078508
9.9991E-05 0.959491 0.0404085
9.999E-05 0.9998 9.999E-05
0.0676292 0.767878 0.164493
0.057071 0.908088 0.0348411
0.0883194 0.00906823 0.902612
9.9991E-05 0.172306 0.827594
0.9998 9.999E-05 9.999E-05
0.886969 0.0185457 0.0944849
0.966667 0.00746526 0.0258681
0.712677 0.047789 0.239534
0.953098 9.9991E-05 0.0468023
0.847157 0.152743 9.9991E-05
0.96298 9.9991E-05 0.0369196
0.898684 0.101216 9.9991E-05
0.935473 0.0644265 9.9991E-05
0.937625 0.0622747 9.9991E-05
0.922865 9.9991E-05 0.0770353
0.835138 0.0901304 0.0747311
0.834268 0.0534551 0.112276
0.926098 0.0738023 9.9991E-05
0.916955 0.0347952 0.0482502
0.940903 9.9991E-05 0.0589972
0.928939 0.0709609 9.9991E-05
0.409399 0.0812292 0.509372
0.217998 0.0315478 0.750454
0.915486 9.9991E-05 0.0844144
0.749921 0.0558826 0.194196
0.990031 0.00986855 9.9991E-05
0.339301 9.9991E-05 0.660599
9.9991E-05 0.0180012 0.981899
9.9991E-05 0.259932 0.739968
0.0363522 0.507997 0.455651
9.9991E-05 0.742635 0.257265
0.0247779 0.861465 0.113758
0.0567488 0.853946 0.0893052
9.9991E-05 0.793013 0.206887
0.0234041 0.857123 0.119473
0.131483 0.81097 0.0575467
0.0698012 0.925249 0.00495003
0.0116304 0.16561 0.82276
0.0389146 0.125553 0.835533
0.0624563 9.9991E-05 0.937444
0.0161466 9.9991E-05 0.983753
9.999E-05 9.999E-05 0.9998
0.0982735 0.0238207 0.877906
0.00967248 0.264999 0.725328
0.0788536 0.212236 0.708911
0.0531706 0.101884 0.844946
0.0618105 0.178698 0.759491
0.0244551 0.214487 0.761058
0.137732 0.735379 0.12689
0.834467 0.012391 0.153142
0.890549 0.109351 9.9991E-05
0.948251 0.00257416 0.0491751
0.799342 0.0191826 0.181475
0.862441 0.137459 9.9991E-05
0.142084 0.373065 0.484851
0.0275113 0.365667 0.606822
0.0169263 0.181064 0.80201
0.0175381 0.386822 0.59564
