0.050406 0.115391 0.144531 0.000494849 0.0212641 0.667913
0.494749 0.0820448 0.073362 9.9991E-05 0.00719668 0.342548
9.9982E-05 0.133985 0.194847 9.9982E-05 0.00822241 0.662746
0.23222 0.133554 0.0346893 0.00231819 9.9991E-05 0.597118
0.168152 9.9973E-05 9.9973E-05 0.0166696 9.9973E-05 0.814878
0.497463 0.0432025 9.9991E-05 0.0590726 0.00122556 0.398936
0.351893 0.183915 0.00018142 0.0173521 9.9991E-05 0.446559
0.286196 0.197341 9.9982E-05 9.9982E-05 0.0311377 0.485125
0.797645 9.9982E-05 0.117521 0.0724236 0.0122107 9.9982E-05
0.401329 0.191441 0.174381 9.9991E-05 0.0329502 0.199799
0.388805 0.417487 0.0580944 0.0596048 0.0587499 0.0172592
0.27389 0.179765 0.195683 0.00130955 0.0337827 0.31557
0.0396058 0.827796 0.0228154 0.0606966 0.0489859 9.9991E-05
0.626523 0.0750888 0.134296 0.0874545 9.9991E-05 0.0765375
0.392399 9.9991E-05 0.139894 0.0584687 0.0419136 0.367225
0.683587 0.146658 0.0100925 9.9991E-05 0.00697594 0.152587
0.539941 9.9982E-05 0.186986 0.00942616 9.9982E-05 0.263447
0.798543 9.9973E-05 9.9973E-05 9.9973E-05 0.0244586 0.176699
0.159384 0.192655 0.476556 0.0986328 0.0577555 0.0150177
0.274293 0.136718 0.588688 9.9973E-05 9.9973E-05 9.9973E-05
0.211193 9.9982E-05 0.642732 9.9982E-05 0.0195572 0.126318
9.9991E-05 0.110306 0.782914 0.0282711 0.00222121 0.0761873
9.9982E-05 9.9982E-05 0.886519 0.0442104 0.0496611 0.0194096
0.148881 9.9991E-05 0.785073 0.0129718 0.0376491 0.0153251
0.0372557 0.0685482 0.682942 9.9982E-05 9.9982E-05 0.211054
9.9982E-05 0.0186966 0.899803 9.9982E-05 0.0103575 0.0709433
9.9982E-05 0.000870487 0.891992 0.0670288 0.0399092 9.9982E-05
0.0150118 9.9982E-05 0.873639 0.0815731 0.0295765 9.9982E-05
9.9973E-05 9.9973E-05 0.837935 0.0427854 9.9973E-05 0.11898
9.9973E-05 9.9973E-05 0.839806 0.0820817 9.9973E-05 0.0778125
0.0537183 0.00629695 0.890507 0.0492779 9.9982E-05 9.9982E-05
0.131823 9.9982E-05 0.777387 0.0661639 0.0244264 9.9982E-05
0.0305658 9.9991E-05 0.786994 0.0358333 0.067524 0.0789828
0.344183 0.237186 0.107355 9.9991E-05 0.0682239 0.242952
0.215443 9.9982E-05 0.241979 0.0154837 9.9982E-05 0.526895
9.99806E-05 9.99806E-05 0.024877 0.0517968 9.99806E-05 0.923026
9.9973E-05 0.166659 9.9973E-05 9.9973E-05 0.0251696 0.807872
0.367048 0.216086 0.136578 0.0560417 9.9991E-05 0.224146
9.996E-05 9.996E-05 9.996E-05 9.996E-05 0.9995 9.996E-05
9.9982E-05 0.246746 0.738957 0.0026835 0.0114138 9.9982E-05
0.264893 9.9982E-05 0.13682 0.102452 9.9982E-05 0.495635
0.359326 0.0983404 0.142245 9.9991E-05 0.0121238 0.387865
0.200687 0.147143 0.255483 0.142547 0.0148918 0.239248
0.138549 0.566921 0.127463 0.120024 0.0469432 9.9991E-05
9.9982E-05 0.862145 0.00157591 9.9982E-05 0.0177288 0.11835
9.996E-05 9.996E-05 9.996E-05 9.996E-05 0.9995 9.996E-05
0.317113 0.249749 0.159917 0.0179788 0.0713387 0.183904
0.197876 0.426305 0.0968782 0.0968335 9.9991E-05 0.182007
0.208271 0.277422 0.268195 0.058308 0.0345683 0.153237
0.112801 0.0553288 0.0301713 0.746835 0.0210008 0.0338639
0.0500047 0.0960425 0.0352525 0.789596 0.0290046 9.9991E-05
0.133626 9.9973E-05 9.9973E-05 0.759803 9.9973E-05 0.106272
0.0782654 0.126713 0.0477511 0.67529 0.0718806 9.9991E-05
0.0876157 9.9991E-05 0.0667219 0.787112 0.0496049 0.0088457
0.103101 9.9973E-05 0.0516187 0.844981 9.9973E-05 9.9973E-05
0.311111 9.9964E-05 9.9964E-05 0.688489 9.9964E-05 9.9964E-05
0.18911 9.9982E-05 0.00529219 0.782798 0.0225997 9.9982E-05
9.9982E-05 0.00131699 0.142889 0.823954 0.0316402 9.9982E-05
0.152633 0.0589088 9.9982E-05 0.761002 0.0272568 9.9982E-05
0.0514254 0.219344 9.9991E-05 0.581908 0.0315339 0.115688
9.9973E-05 0.0519028 0.140282 0.807515 9.9973E-05 9.9973E-05
0.0293348 0.19256 0.060945 0.669452 9.9991E-05 0.0476082
0.155013 0.489567 9.9982E-05 0.290632 0.0645876 9.9982E-05
0.116176 9.9991E-05 0.737003 0.0445645 0.0131041 0.0890522
9.9982E-05 9.9982E-05 0.764066 0.0410695 0.0188284 0.175836
0.0555648 0.0076598 0.775882 9.9991E-05 0.0178935 0.1429
0.116706 0.130748 0.0351663 0.679693 0.0193532 0.0183334
9.9982E-05 0.389545 9.9982E-05 0.457997 0.0744712 0.0777868
9.9991E-05 0.0706873 0.0309549 0.742379 0.0284194 0.127459
9.9982E-05 0.231174 0.0578853 0.659501 0.0512405 9.9982E-05
0.0610785 9.9982E-05 9.9982E-05 0.786444 0.0363814 0.115896
0.228246 0.641166 9.9991E-05 0.120156 0.00375358 0.00657799
0.316535 0.649029 9.9973E-05 0.0341362 9.9973E-05 9.9973E-05
9.9982E-05 0.835063 9.9982E-05 0.0963124 0.00706721 0.0613577
9.9964E-05 0.969646 9.9964E-05 9.9964E-05 0.0299541 9.9964E-05
9.9982E-05 0.852491 0.0892521 9.9982E-05 0.0457495 0.012307
9.9964E-05 0.950969 9.9964E-05 9.9964E-05 0.0486315 9.9964E-05
9.9991E-05 0.685708 0.104115 0.0252137 0.0232811 0.161582
0.161832 0.166187 9.9973E-05 0.67168 9.9973E-05 9.9973E-05
9.9982E-05 0.297853 9.9982E-05 0.387305 0.132804 0.181837
0.0128209 0.167187 0.0924581 0.697851 0.0215437 0.00813909
0.00481473 0.0405712 0.143286 0.749016 0.0622125 9.9991E-05
0.260459 9.9973E-05 9.9973E-05 0.709813 0.0294278 9.9973E-05
0.142476 0.148327 0.660827 0.0195579 0.0287122 9.9991E-05
0.0270555 0.461654 0.113794 0.296 9.9991E-05 0.101396
0.0221562 0.866125 9.9991E-05 0.0834277 0.00154379 0.0266473
9.996E-05 9.996E-05 9.996E-05 9.996E-05 0.9995 9.996E-05
0.2393 0.173182 0.146726 9.9982E-05 9.9982E-05 0.440592
0.433907 9.9982E-05 0.129669 9.9982E-05 0.0245396 0.411685
0.635962 0.161985 0.0883793 9.9991E-05 0.0262785 0.0872952
0.553395 0.136776 0.16588 0.0981431 0.0234667 0.0223397
0.239843 9.9982E-05 0.00268683 0.0579638 9.9982E-05 0.699306
9.9973E-05 0.738001 9.9973E-05 0.187419 9.9973E-05 0.0742806
9.9982E-05 0.211756 0.526234 9.9982E-05 0.0342003 0.22761
9.9982E-05 0.70059 9.9982E-05 0.105556 0.109395 0.084259
0.131407 0.33694 0.240619 0.040629 0.0217876 0.228617
0.649587 9.9973E-05 0.13115 9.9973E-05 9.9973E-05 0.218964
0.155831 0.262861 0.00353293 9.9982E-05 9.9982E-05 0.577575
0.474073 0.258046 0.167657 9.9982E-05 9.9982E-05 0.100024
0.752676 0.212165 9.9982E-05 9.9982E-05 0.00779719 0.0271619
9.9973E-05 0.247824 9.9973E-05 9.9973E-05 0.00169409 0.750182
0.817066 0.146503 0.0361313 9.9973E-05 9.9973E-05 9.9973E-05
9.9991E-05 0.542228 0.0177234 0.237867 0.0152718 0.18681
0.158198 0.537475 0.0436018 0.138892 0.0552679 0.066566
0.0631595 0.679431 0.0198609 0.166748 0.0707005 9.9991E-05
0.158926 0.603153 0.201322 9.9982E-05 9.9982E-05 0.0363981
0.359158 0.481601 0.0991153 0.0599259 9.9982E-05 9.9982E-05
0.275582 0.0243123 0.402531 0.061143 9.9991E-05 0.236331
0.0266737 9.9982E-05 9.9982E-05 0.724532 0.0363978 0.212197
9.9991E-05 0.236539 0.0263276 0.68388 0.0200325 0.0331212
0.0409908 0.57389 0.149884 0.180388 9.9991E-05 0.0547471
0.35291 0.323486 0.0896821 0.185077 0.0487452 9.9991E-05
9.9991E-05 0.389469 0.30254 0.136634 0.0414283 0.129828
9.9964E-05 0.295479 0.704121 9.9964E-05 9.9964E-05 9.9964E-05
9.9991E-05 0.262142 0.0517586 0.62111 0.0388874 0.0260022
0.156078 0.209082 9.9973E-05 0.63454 9.9973E-05 9.9973E-05
0.0293167 0.392262 9.9982E-05 0.469878 9.9982E-05 0.108343
9.9991E-05 0.0486555 0.463583 0.0466395 0.0644242 0.376598
0.181344 9.9991E-05 0.249002 0.0386801 0.00549924 0.525375
0.152922 0.170697 9.9982E-05 9.9982E-05 0.0286298 0.647552
0.162217 9.9982E-05 0.050268 0.0818399 9.9982E-05 0.705475
0.201441 0.0196231 0.365372 9.9982E-05 9.9982E-05 0.413363
0.307128 9.9982E-05 0.168858 9.9982E-05 0.00331414 0.5205
0.243419 0.0928973 0.109736 0.0023743 9.9991E-05 0.551473
0.486362 9.9982E-05 9.9982E-05 0.0271455 0.00946601 0.476826
0.32689 0.0016044 0.353223 0.0216115 9.9991E-05 0.296572
0.802296 9.9991E-05 0.062341 0.019223 0.0037562 0.112283
0.943525 9.9973E-05 0.0463921 9.9973E-05 0.00978261 9.9973E-05
0.788777 0.030749 9.9982E-05 9.9982E-05 0.0124079 0.167866
0.300459 0.172385 0.192004 0.0596924 0.0140135 0.261445
0.885786 9.9982E-05 9.9982E-05 0.0434782 0.0377711 0.0327649
0.593407 0.194585 0.197397 9.9991E-05 0.00880902 0.00570255
0.27051 0.00658297 0.0859156 0.0352971 0.00585782 0.595837
9.9973E-05 0.171998 0.80875 9.9973E-05 9.9973E-05 0.0189523
9.9973E-05 0.0332144 0.883532 9.9973E-05 9.9973E-05 0.0829537
0.126322 9.9973E-05 0.837129 9.9973E-05 0.0362492 9.9973E-05
0.218158 9.9982E-05 0.712053 0.0633821 0.00620612 9.9982E-05
9.9991E-05 0.0993181 0.799342 0.0476402 0.00141238 0.0521878
0.345227 0.172088 9.9991E-05 0.0549134 0.0069011 0.42077
9.9982E-05 0.08189 0.105097 9.9982E-05 0.00783419 0.804979
9.9973E-05 0.045814 9.9973E-05 0.910848 9.9973E-05 0.0430385
0.10222 0.00491023 0.0848973 0.779811 0.0280611 9.9991E-05
0.0205445 9.9982E-05 0.00452024 0.848918 9.9982E-05 0.125817
9.9982E-05 0.245517 0.0313142 0.627536 9.9982E-05 0.0954332
0.0279504 0.164529 9.9982E-05 0.783767 0.0235539 9.9982E-05
0.00220069 9.9982E-05 0.196488 0.786637 0.0144739 9.9982E-05
9.9982E-05 0.0760343 9.9982E-05 0.858953 0.0311772 0.0336354
9.9973E-05 9.9973E-05 0.120175 0.783181 9.9973E-05 0.0963443
0.0799174 0.0423403 0.0619848 0.815558 9.9982E-05 9.9982E-05
9.9982E-05 0.0713751 0.125653 0.797595 9.9982E-05 0.00517727
9.9982E-05 0.0764088 9.9982E-05 0.779446 0.0239962 0.119949
0.0284198 0.104496 0.0874402 0.734237 0.0250139 0.0203926
0.156337 0.0902731 0.0280331 0.722628 0.00262877 9.9991E-05
0.0288729 0.0126824 0.0531117 0.841412 0.0169799 0.0469412
9.9973E-05 0.131878 9.9973E-05 0.755853 9.9973E-05 0.111969
9.9973E-05 9.9973E-05 9.9973E-05 0.812597 0.0312481 0.155855
9.9973E-05 9.9973E-05 0.0651223 0.821567 9.9973E-05 0.113011
0.0225873 0.823909 0.0331372 0.0796503 9.9991E-05 0.0406164
9.9973E-05 0.958783 0.0261953 9.9973E-05 9.9973E-05 0.0147218
9.9973E-05 0.102571 9.9973E-05 0.816745 9.9973E-05 0.0803839
0.0533072 9.9982E-05 9.9982E-05 0.66706 0.0343028 0.24513
9.9982E-05 0.127749 0.0441235 0.815471 0.012456 9.9982E-05
0.231824 0.615341 9.9982E-05 0.136968 9.9982E-05 0.0156666
0.116328 0.0520103 0.00540908 9.9991E-05 0.0135143 0.812638
0.23132 9.9982E-05 0.227912 9.9982E-05 0.00933003 0.531238
0.0510565 0.156035 0.444035 9.9982E-05 9.9982E-05 0.348674
0.293801 0.158325 0.547574 9.9973E-05 9.9973E-05 9.9973E-05
9.9964E-05 0.24441 0.75519 9.9964E-05 9.9964E-05 9.9964E-05
0.144746 9.9982E-05 0.817616 0.0260297 0.011409 9.9982E-05
0.0480488 0.107559 0.701237 9.9991E-05 0.0119384 0.131117
0.163424 0.0531701 0.740707 9.9991E-05 0.011305 0.0312936
0.0312229 0.163209 0.713599 0.0565986 0.0352712 9.9991E-05
0.142688 9.9982E-05 0.721105 0.0779711 0.0580366 9.9982E-05
0.0646023 0.0491674 0.116435 9.9982E-05 9.9982E-05 0.769596
0.0440878 0.0303967 0.0578102 0.0390166 0.0434366 0.785252
0.0475536 0.0940945 9.9991E-05 0.00557514 0.0283987 0.824278
9.9973E-05 0.146236 9.9973E-05 0.00451461 9.9973E-05 0.84895
0.0175704 0.113985 9.9982E-05 9.9982E-05 0.0260596 0.842185
9.9964E-05 0.325824 9.9964E-05 9.9964E-05 9.9964E-05 0.673776
0.672192 0.139524 0.142652 9.9982E-05 9.9982E-05 0.0454324
0.896328 0.00328212 0.0467782 0.0534114 9.9982E-05 9.9982E-05
0.902448 0.04582 9.9973E-05 9.9973E-05 0.051432 9.9973E-05
0.630281 0.059577 0.0682785 0.0258375 9.9991E-05 0.215926
0.781977 0.0390063 0.0233021 0.0406103 0.019735 0.0953697
0.163911 0.0466414 0.628088 0.0390391 0.122221 9.9991E-05
0.013074 0.210923 0.049434 0.71347 0.0129984 9.9991E-05
9.9991E-05 0.139483 0.0557218 0.704939 0.0626736 0.037083
0.0694102 0.130965 0.0265511 0.766574 0.00639976 9.9991E-05
0.0789122 0.150116 0.0379891 0.670275 0.0164857 0.0462221
9.9991E-05 0.0140849 0.0540558 0.721721 0.020648 0.18939
0.458447 0.0576614 0.238662 0.0849784 0.0307847 0.129467
0.519702 0.032188 0.272022 0.00741744 0.0126631 0.156008
0.800724 9.9973E-05 9.9973E-05 9.9973E-05 0.0627174 0.136259
0.334768 0.311217 0.228419 9.9991E-05 0.025546 0.0999497
