IBR/IBR_outputs/all.combrep_1/VRM_Total.WeatheringIndex_Total/VRM_Total.WeatheringIndex_Total.asc
NCOLS 160 
NROWS 95 
XLLCORNER 210004.651214014 
YLLCORNER 7350008.22228844 
CELLSIZE 4999.99999999997 
NODATA_value -9999 
[rows 21 to 41 of 95, columns 46 to 91 of 160]
-9999 -9999 -9999 -9999 -9999 4.91290548951099 6.38946064636239 7.49195672093811 -9999 -9999 -9999 4.94496934288397 6.0567751232357 4.94378739833474 5.19975643395674 5.6079992930542 4.76196923239317 -9999 -9999 -9999 -9999 -9999 -9999 -9999 -9999 -9999 -9999 -9999 4.23289539961718 4.22847328172251 4.2377408324211 5.61807248596124 4.39213339534473 4.07385376970807 4.07520940424089 4.07301112280464 4.07379001031141 4.09026445781956 4.1175684548865 4.06001804377907 4.07328128435983 4.08324831840164 4.06410516694591 4.1018944988951 4.11975546341756 4.20856260457741
-9999 -9999 -9999 -9999 5.79324959938208 7.0415626712664 6.21233417865937 4.92009186879346 4.2547826404547 -9999 4.26247299318493 4.84646241495471 5.21669622877415 7.01919627802628 7.20357946532327 4.49623277375165 4.56781807481057 4.8350068982892 -9999 -9999 -9999 -9999 -9999 4.40569530862417 4.30349747654865 4.24322288477779 4.23183389010665 4.30057956669471 4.23324285533941 4.22564827782472 4.31742571980315 4.6846836034511 4.09310948667156 4.07321308494081 4.07024096443538 4.07300737571388 4.06867575225115 4.07695422722467 4.10379661488485 4.09774026324773 4.08339350069402 4.08195088830105 4.06888290583214 4.09143371203648 4.12061197217554 4.30362778589022
-9999 -9999 4.2741402653729 4.43738230765258 4.63457507329111 4.30132117590311 4.53346174236072 4.28411211518376 6.06244692790508 6.25806095997642 4.27298499763283 4.50580799991233 4.54567821083322 6.17487060889804 5.48274639931762 4.6080160486066 4.51105089170128 4.3228962499997 4.23140333586406 4.36587467780265 4.32503815670274 4.41570539217668 4.25747282584284 4.35414013439853 4.24728201086728 4.22401480892768 4.24179331892682 4.25286177728564 4.28666147596989 4.31995167123549 4.42962654035288 5.85001181700548 4.20961000007637 4.14872706840197 4.08062136199494 4.06743555139942 4.0787379155182 4.07348572156373 4.06450623141117 4.11153542125134 4.14314535456355 4.1169483012032 4.07213877221072 4.18737146065259 4.14154197263331 4.16664757278147
-9999 4.37902156437788 4.26886002072838 4.2307692963914 4.45233819583647 4.5737402827985 4.50077110077735 4.36520953404719 4.76615788382365 4.37729172191867 4.24163434155931 4.63537639959916 5.12110026191539 4.69004926337636 5.55946689275819 4.78219220333879 4.57321971383217 4.22288961788787 4.22943604912614 4.22943003994265 4.3793662334071 4.31274014365867 4.25286747495812 4.24175740328144 4.30024254385602 4.21504702854564 4.24718214423104 4.24305970954224 4.29078605404991 6.81740765375681 5.26976964013091 4.32263168631864 4.22035692608105 4.21478447105716 4.24214381018114 4.17902320612044 4.08169504934999 4.08265787183198 4.07244593102858 4.12052735929827 4.12057119029108 4.12308894195777 4.21518305124341 4.19488858341023 4.13526528337119 4.14905253146567
4.29895955374508 4.25633094738083 4.23092757334737 4.24824708406581 4.32929106183865 4.50912112562747 7.04352718163662 4.61758335947377 4.34332795298801 4.5584421208194 4.81826286083211 5.34842266486752 4.77388124580488 4.96570295784302 5.68063059852536 5.98534409314099 5.69950284880689 4.25164982660782 4.21528396836423 4.25892040021662 4.24758608689231 4.22727164411671 4.21380130975648 4.21651001889649 4.22338044376222 4.18448668962657 4.09349380339418 4.17568188673544 4.30134454908132 4.45835165869392 6.78993666136758 5.8078538263342 4.21169489780323 4.20960453512309 4.24686926727585 4.2454664606553 4.17307167293252 4.09270524080493 4.07830639799916 4.15652774179878 4.2006666636707 4.14905413628475 4.21614334116084 4.18219096600346 4.24630677896863 4.25161303849107
4.47662833224421 4.25586001234673 4.23156271257328 4.25306925612976 4.8213153352542 4.47714419177941 4.31688784354621 4.33531535810536 4.65572208518785 4.87524886824435 5.02510132354031 4.83385884658187 4.39928853798048 5.78787953659784 6.65097027578937 4.44822498842017 4.32861357321431 4.25051321184451 4.23937862114799 4.24128250115153 4.21883810905545 4.24354066356457 4.22335427194073 4.21010164364332 4.2305239082826 4.22246843840459 4.20118611803753 4.25169279179033 5.82572375217163 5.4582680720055 7.60491701517216 7.29811808610355 4.22169614750926 4.22264836671793 4.23291197936319 4.22998109823791 4.21818708483249 4.25620900841949 4.1951718007448 4.19500688165956 4.25520149988288 4.20448050256333 4.09835299882206 4.06739213083194 4.19134964502738 4.06609808074452
4.81903160586516 4.4792715322959 4.22704220940971 4.21398199909548 4.20709313281993 4.23441327133501 4.23136489883609 4.25388542561015 4.44040032093001 5.07688578924428 5.5139977291986 4.49435514427421 5.07603966498157 6.66253006059996 6.47908594677795 7.73198465059338 7.65630593347912 7.23666879178801 7.08027221551356 4.46767552126105 4.21782034792702 4.3912728017777 4.36460274192681 4.26784402804688 4.23589483555069 4.24367046342209 4.38039113378543 5.23792466267827 6.56873558949389 5.84749726762614 7.36755742818064 5.10099356922266 4.24549964828105 4.22652963991282 4.26234909046143 4.27436083663207 4.277622683604 4.30751599002571 4.23908035673093 4.22851690597456 4.23337983908716 4.21521172006004 4.19470166945416 4.21188024624597 4.07048268509474 4.08519912085524
7.19481935291943 6.90424283565657 6.58863183087947 5.02772298685098 4.42670914991897 4.20350490285177 4.22456906412679 4.27885844145274 4.61421338401879 6.80197865354091 6.44895191729081 5.10156140060903 5.89863357435522 7.38546671480634 7.56857699941179 7.30995857243616 6.9939322898658 6.50039978886881 6.16551109146142 5.641732988557 4.32613749244582 4.29109572432018 4.59418499381383 4.92869696959176 4.61472337096577 5.55708668357458 5.72818987498702 4.99502807160877 4.96720426718919 5.75865802922981 4.32488544485563 4.22110081906592 4.16836056511566 4.1321687589522 4.25232068491354 4.29526780092332 4.37773203961004 4.32224427677564 4.44557305175621 4.20820551590166 4.22400383807205 4.66148949095291 4.49411953768814 4.19683814871304 4.15109634111768 4.04434143328252
7.0805362519862 7.14195322742274 7.34726323280814 7.62084947447574 7.37137548906225 5.69069988141164 5.66430312950847 6.29450597974733 4.30203044697755 5.80435384727689 6.55947080644719 6.4562145842457 6.254139197087 6.75003433455269 7.6376244514876 6.75859444273136 6.24329996776534 6.14878820820673 6.67126919158081 5.71663118343955 4.32595945612751 6.39154143067794 5.72781327007359 6.86483612150497 5.06311224918551 5.41009999638066 5.43256126720358 4.39985607521564 4.26044146479394 7.46966136270809 5.98089326804514 4.57185467717535 4.28343096836438 4.28354762600345 4.49161534415599 4.30808727519575 4.46688766256555 6.19351188079774 4.30520047382458 4.23904006898897 4.22429661984009 4.46229255461313 4.27512468321171 4.22335615686049 4.20601482749341 4.19226336118141
7.33654582875084 7.31860696134446 7.63130975797209 6.68921381675758 5.76446717122909 6.50609399595553 5.27729045541395 5.52348201364146 4.24446216194206 5.52222625542217 6.28271887809084 5.96111667739175 6.92986820769136 7.2852562792386 7.37405329943475 4.39956636662751 5.58819535414018 7.69998101663387 7.6243485869143 7.49115039672747 4.45296198701068 4.24259545717021 6.72654533541886 7.37751427060317 6.64932499740076 6.40770746178071 4.5427554149064 4.23746540905606 5.52137415502535 7.74547286331761 6.77591843725893 4.87537092242983 4.34851692921657 4.37820149806963 4.61730721127401 5.52268711006377 5.70439402779075 6.062779795567 4.33910801247544 4.24968691417151 4.24246924048187 6.26603165076073 7.53016793652352 7.13841656590468 5.49124606324351 4.22122081416117
7.17467502667546 7.52277754639279 7.68332198379984 7.58606761719027 7.59530885450311 7.24518929795021 7.47211804984946 7.44489723900264 5.52309566784476 6.03498353849237 7.05672003759414 6.4353529013787 6.99129561332918 7.7309618553567 6.93384956177423 5.15918480079639 7.63350584873645 7.70902898819287 7.73937559149543 7.72598801608942 6.28020660777438 5.35718639648781 7.65440252716096 7.01142613886279 6.47217454974397 5.65912794186787 4.82783180514091 4.22191101587769 7.09662583519965 7.28680951927501 6.69521667197155 4.48835779513237 4.35841225539526 6.1481198865703 4.36008301133961 4.98522969267722 4.53315976627989 5.15618299258068 4.42204074074305 4.25816111989053 4.22541747703703 4.20508494374098 6.30103321561726 6.80612836051848 6.39909988320954 4.44085268490384
6.44459799505156 7.47575268389919 7.67577993170962 7.67089953765921 7.52611045999858 7.55838112945204 7.58203560879894 7.48114690398995 6.72859486236895 6.03927921681842 6.8732222412907 6.06001594923894 7.01916805055532 7.74040869183979 5.58017576380453 4.67011250961305 7.31920112906798 7.60392161661863 7.43524145839201 7.71865214382741 4.52535506947944 4.93365059220807 5.36916571684111 5.93998754550139 7.38529491669933 7.60812589440923 7.54539714518418 4.6995272384834 4.45852119444687 4.17082803163196 4.10955991024173 4.08832611137113 3.98528282125009 3.8517611797786 5.63642552300263 7.11176700812483 5.78145194865268 7.63250974289093 5.82322101493138 5.75778485691399 7.54517853452307 7.62536964708856 4.99260974166143 4.04202742632906 4.07484781957353 4.14496177984898
6.65048385347981 6.97269308452412 7.50334885935563 7.56113710067596 7.62796188335141 7.67364640103439 7.3752522512045 7.45074820540823 7.21290042270111 7.36595752868289 6.72589491668051 7.12857043883294 6.45607638426071 6.75422964309937 5.64583262265114 4.845505571535 4.6912222577483 7.68870121002463 7.69527232682398 7.66643158004004 4.41605663855345 4.26534129725008 4.48063302587854 6.58419032218294 7.70867095177978 7.73632057261999 7.7231629833305 4.47577556330155 4.22173492711349 4.28317834980658 4.30744892547327 4.08581783750067 3.9816862656242 3.76273470950641 6.25443204279606 7.75360562044062 7.25728678850147 7.65981461061957 6.95495867099208 6.73351469265627 7.63162887859417 4.37553266887879 4.02788468108036 4.08335713532419 4.03357503367119 4.4256793076358
6.13874171443507 6.2020380973118 6.39961141240701 6.4054792226564 6.85849044991418 6.47472200125419 6.13949746447868 7.20263142297042 7.38347581343738 7.4253857010624 6.4784436315838 5.47908231488331 7.54198780449317 6.39933761069656 7.66385193087605 7.6299944529478 6.78956634306273 7.72629989569236 6.94708539154064 4.7478449825528 4.24860385932623 7.61656832735353 7.70451720948785 6.76250469263933 7.73744176785948 7.75289465070486 7.74527492056758 5.43029292598447 4.22351807714496 4.36829464828925 4.1321479130836 3.93593485726837 3.65195042858067 4.22457365776858 7.16625177989989 7.61058757085579 7.08382821460429 7.72252862324959 5.40514406743916 4.76978120017274 4.38424010466245 4.10775487816369 4.09310626794261 4.05645636801085 3.8595642905844 7.40670466143418
6.50440454785308 5.93522541179083 5.90237376698034 5.00838717278616 5.77655130277632 6.71623849656568 7.03025157864697 7.47392404383478 7.15938107642663 7.4877184930579 7.5055137307985 7.71159876209876 7.67249251849361 7.68656352715163 7.47224759508283 7.64693296028017 7.7194297836695 7.02557053967047 4.40323072544456 4.29717117121845 4.26842580140559 7.71236563575862 7.69944674441138 5.74242706574148 4.88192871764322 7.33833889964005 7.74138395042394 7.66275132840901 4.22940089311078 4.24068037358221 4.23302244651995 4.04276782108638 7.00905803976959 7.20680420522004 6.47973790510811 7.2802834206233 7.71890117395183 6.84256878827787 4.63012932883724 4.36278901021655 4.29974582308568 4.20753908638701 4.13498947457695 3.96535931148577 3.44398014917474 7.26334570982397
6.50112404253884 6.64980818536059 6.43379488895976 6.62134769049396 6.27936486554 6.53096205483092 6.44753644708554 6.2677660227698 5.63186050567054 5.74886544776439 6.94085635716823 7.2829976305034 6.81638325575572 7.64474932545394 6.40720607433561 7.70515490920801 7.61737318885749 7.06256529665393 4.54843896456262 5.43606729617902 4.97035024188125 7.71608558681623 7.69659135989836 7.64241326371952 7.66086029922035 7.63795293797131 7.61512061871541 7.68132772347179 6.77642102999488 6.33228238469081 5.90368362864177 7.64414204138268 7.69257002426068 7.43359799013319 7.72205571719793 7.71590310455655 7.54240947748606 6.07056061864336 4.29690974027292 4.33210594566667 4.13348811137338 4.1498337885924 4.1193475108619 3.48576708220885 3.10139546351983 3.39918147942628
6.84776997974097 7.48467662258003 7.20781672678667 6.88054873482931 5.65332948226371 6.00633040704091 6.06691218928528 5.16121689163033 4.90968836281075 4.81279187497442 5.00740055979001 4.95696049157343 5.14869524471672 6.54914900241663 4.73513148448318 5.57946353565864 7.66329064103412 7.61434574769062 7.70511975537255 7.71249375442793 7.72912751415791 7.73658650086504 7.73392327213493 7.68309461705486 7.63434546070284 7.71881928669441 7.70444908063583 7.59266017887683 7.30504316350271 7.67473260499604 7.63292442327519 7.6164745641277 7.70534615570543 6.69589036258459 6.84483554847214 7.30682734008149 6.32260031062783 6.28403083735337 4.27930304831862 4.18498921616364 4.0406873797477 4.1605906951803 4.08300506340528 4.67729855070082 7.28036862066414 2.8180007967081
7.60458179443271 7.7365253036557 7.73524317490081 7.55591403555536 6.31751684556161 5.5937411029581 5.27025906200538 5.21915862317944 4.82848899296934 4.91176848631936 4.83638555804288 4.6253666905701 4.73737874971649 4.49415116576777 4.42725117860719 4.60316301437149 7.72953574212087 7.68311972618917 7.70324016849183 7.71187040161259 7.71032865546446 7.68837935364201 7.71956087020284 7.43491185016365 7.70917863722863 7.72592942109209 7.69587522992789 7.71468291356016 7.69030467103187 7.7448310116466 7.7310056467765 7.07982223324549 7.63069809455935 7.59002825123506 6.71445181879969 5.81681045148484 7.61765337235826 7.72263072374171 5.12945494638589 4.00379793464423 4.12891308259228 4.24630052488999 4.24569431363745 3.11230375185227 2.69710748339206 2.49438326937638
7.04628241989162 6.73924324120113 7.41121484185093 7.52092033158508 7.09416342622777 6.36664417419317 6.15523492052503 6.57105724437422 5.31185351569549 5.2745361099652 4.85979835966305 4.61943336264743 4.53431929300442 4.50352792258088 4.46861609633839 4.42190704729828 5.16544042687181 7.64467209875269 7.74337883295443 7.61510690899085 7.68817766624323 6.50776739805968 7.48398824517917 7.04626654780235 7.58497115437692 7.71088236263429 7.64191174821174 7.68487108847014 7.71771769361592 7.73714016018695 7.73697232945169 7.73877331945292 7.75384964159752 7.72112133068984 7.61827077250751 7.48853092493188 7.29327488979685 7.33236037378376 6.18643661144646 3.92733462750413 4.10053564478801 4.24781519350758 4.33451789570494 4.16611294737715 3.6878409296623 3.39738436474817
7.19249019215505 6.69099937100483 6.21693416857018 6.89294835181897 7.4448757271583 6.92782377309606 6.9779865265994 5.55379801930364 4.97459120846619 5.97744595166578 5.68586859974817 4.94145835016005 4.47422957286172 4.54633512603871 4.47125977319747 4.48921893404131 4.56952333074022 5.42989819648512 5.9272723841364 5.74927337257559 5.14363553997403 5.05166158448968 6.95253440349085 7.70537215943851 7.52068868515787 7.46527058263598 7.67780579637982 7.29204200102165 7.47208886733373 7.72752790556479 7.75110348321955 7.75121956658248 7.71801643751326 7.73192090079479 7.63455866377252 6.43983874815399 5.948589415231 7.58244985410132 3.63452390719562 4.7074013066743 4.1626155498094 4.2961558201424 4.36505081451986 4.31562834109018 4.3175402935935 4.30359152305976
7.41075821758964 6.06479994267426 5.29139778737118 5.95568127525489 6.38063237934259 5.46448035202397 5.91212421267957 4.94270213228249 4.70800055570783 5.93005661470399 7.3699352253706 6.67156191340812 5.62066883191815 5.02423025288291 4.57748885790668 4.48543275791534 4.48566242125644 4.63195050506327 5.00831017008482 4.75246995158907 4.41025634595482 5.26045912913027 6.82512511215939 6.85345381498365 6.9234960118971 7.25081041091629 7.47237867731499 7.46787108144406 7.48628839366165 7.47382125102139 7.74734434710348 7.75438750697235 7.40417868243383 7.68928597492452 7.69698247697295 6.89442807864392 6.71780046628841 7.24621925448571 3.43569420408314 3.30025440219366 4.30868539550091 4.4084099895964 4.4151361080016 4.37995315636462 4.30438989037958 4.28003663219216
