0,32.5177531477334,32.952129138775,34.9689657242415,41.7417591331477,41.9536623098997,46.7409436868413,41.8988867391028,70.5859567643494,67.1407176447688,90.8792992815569,69.5379915459242,69.3972055803587,71.0989043787642,73.9315986973416,72.5859825806364,57.6605946537399,60.1356226003864,60.6226900591706,58.4224600279501,50.162384736287,50.964454182646,50.0675256918413,75.7142701439093,88.1202369838034,94.3543617656019,73.1799669811359,73.4097782507463,60.9948928863783,70.2212962283642,70.2344962991724,75.552889645169,81.3998565788168,52.6578137865779,69.1916086621746,71.2768330232782,65.6417149854851,89.1007484910444,88.1252072763096,88.7892510119123,91.9711494027296,92.8022047905718,92.4563406094032,93.1086093983146,91.4072933648493,93.2983969457959,90.730941489707,93.274995698668,90.4255385538375,89.8354784829989,92.8909971048836,54.7705942762786,54.0323462447156,54.9414883119392,54.5057529064958,55.4939190029756,54.1800142444052,53.664494525928,43.6152354478718,48.2427860035228,47.7630768245165,46.7550496971146,45.8229623996194,69.0285416434493,57.9104382553936,62.3342541782661,92.3904062345221,92.7518484587893,93.718196915942,93.352930800362,91.3002604595173,93.5428719963089,89.7118789543537,92.7477919635593,92.1689846896746,64.7287805673663,63.7203070806587,76.0036884677539,50.7914356485885,53.1501762188023,66.7263533393694
32.5177531477334,0,35.7536105145946,31.6792038232821,34.5846603843269,42.5650548055807,46.6121598831355,39.5334891428893,69.6948881597636,66.2549401034946,90.9497376482405,68.6774747136729,68.5261759907553,70.2241638271476,74.1939105761027,72.7789412547635,57.2325899185242,59.736520312187,60.1920654276341,58.0328836560286,50.603935388145,51.4640841066711,50.5804661701216,75.5429383945119,88.3142864504369,94.5322514424189,72.8201115565742,73.1092934716771,61.3347787765888,69.3243083196962,69.3242328284566,74.6819706392284,81.5853036426331,53.2002602455753,69.3605966466806,71.4499617580946,64.8020324442146,89.2081469254547,88.2358472506771,88.8955109475634,92.0595731107858,92.8894208147558,92.5407747709609,93.1920157222402,91.4922201577165,93.3899091872003,90.8181107594962,93.3639645949136,90.5135901380871,89.9228566047809,92.9851015665589,54.661399475325,53.9472225555021,54.8837853828903,54.2891664966706,55.6331203647703,54.3114606567891,53.7567274238308,44.2944475481937,48.8673832526393,48.5067118010601,47.5342968097668,46.7637173106317,68.5394350920492,57.0842618517551,61.8566098995584,92.5141765937801,92.8806574142989,93.8447542172091,93.4773171951842,91.3695143157832,93.6127553281732,89.7917234979642,92.8286468884767,92.2278231176225,64.5888244126894,63.5900625620732,76.0829104538543,50.9908451292512,54.1554705993146,65.7701073965147
32.952129138775,35.7536105145946,0,42.1990998134374,44.9943730230547,32.9053415949714,41.6696692303693,35.1521093263331,71.2919053079888,67.8277154352797,91.0406472039557,70.3768195283652,70.22648184003,71.8754404420513,74.1443219531755,72.7229076551141,59.0539300300579,61.5005910589804,61.9965620122288,59.8036925218652,51.4660377219911,52.0782279190323,51.2620014037993,75.6098998148257,88.4342798586206,94.643088396706,73.0639219456688,73.2838433264443,61.4178056170829,70.413273810426,70.4074284048326,75.9346304986266,81.6700476334669,53.5484670129186,69.2880911495385,71.3588130517896,66.5422344723246,89.2901832902303,88.3184519601914,88.9799346713506,92.1392946389454,92.9704030330232,92.6206359865393,93.2731460293446,91.5799978032618,93.4772367631258,90.9067438250538,93.4512197719465,90.6026429375849,90.010667882736,93.0725394200914,56.1673892740535,55.4493608819464,56.3127972380146,55.9395340062364,56.7330134122942,55.464620391358,54.9920602939584,42.3079092347898,49.6204071560362,49.1001913001366,48.2548035240347,47.2640377683657,70.3372324727289,56.5706705522857,62.0869300479015,92.6069784631803,92.9744275847787,93.9378624598683,93.5697583012918,91.4564821763207,93.6989346444008,89.8795377936935,92.9159333685058,92.3150217293088,64.3940745846709,63.4375961925395,76.0393854195942,50.1544603287901,53.6344475793061,67.4138078553413
34.9689657242415,31.6792038232821,42.1990998134374,0,30.6020314328995,46.4295204369297,49.1270860298146,44.2438784763462,68.0839356274249,64.6656034335712,89.8956412892724,66.9060431958867,66.7670538894528,68.5277909832635,73.0782139207774,71.7402395271177,54.8049822667447,57.347346619686,57.7887488951742,55.6242164280289,48.4080600439916,49.4735054300354,48.5131430151389,74.7659392617631,87.1017571934914,93.3457169323976,72.0737763339375,72.3664065295613,60.0107726511814,68.3184197104464,68.3434030844786,73.4486550403057,80.4167176093668,51.4383078050908,68.3623519516452,70.4653979751206,62.9559131000256,88.1239236013174,87.147666264372,87.810145440306,90.997519105251,91.8274035591808,91.4827694218617,92.1338507491438,90.4259691796683,92.3171839060963,89.7486686947496,92.2939804786751,89.4428109667363,88.8539989281073,91.9095466392877,52.2608717003013,51.5262192312802,52.5184704618581,51.8329912123256,53.4386309807992,52.0675388037596,51.4604085205827,44.3808818464354,46.6501723468877,46.3674085571621,45.2488280053918,44.59363094859,66.2128316660539,57.5976114872063,61.2591558307591,91.4022091123594,91.7624479846235,92.7295594653045,92.3650573411358,90.3205070273832,92.5638562264984,88.7307726924752,91.7671509172927,91.1895214555369,64.0254398389631,62.9771475588226,75.1495341124072,50.6472762001917,52.8650709073614,64.1912130849847
41.7417591331477,34.5846603843269,44.9943730230547,30.6020314328995,0,47.8865955509503,50.0334388321299,44.6298536386188,67.8777294848266,64.4658774063402,90.5536918885036,66.7227391793256,66.5734652649118,68.3336408828947,73.8894487015792,72.4940028322368,55.0474869683367,57.6162992462377,58.0273814048379,55.9036769974332,49.4592129371476,50.5445987859773,49.6067753816857,75.2251289820303,87.8660297607836,94.0958233307168,72.3803542415883,72.7218058633457,60.8945720304243,68.1496530357851,68.1655772344157,73.2835736258101,81.17175514383,52.5172699421208,69.0956452693697,71.2012253465243,62.7906200386149,88.8128857140428,87.8393981054605,88.4982538443293,91.6703257213471,92.4992418965234,92.1522080411811,92.8024728469375,91.0961611737345,92.9929343579335,90.4207982423358,92.9675733069168,90.1157068270946,89.5262689127871,92.5874979853655,52.8143721415426,52.1064808902494,53.1178643186166,52.2874899221911,54.2071970357315,52.8351388838808,52.1972806166763,45.4543477129057,47.867379300028,47.6700439475363,46.6141457821534,46.0648501191871,66.3910281681703,57.7508891831937,61.4826957435244,92.105552827104,92.4701086628255,93.4352795703392,93.0689051292079,90.9773933705381,93.2212435472585,89.3966614929134,92.4338727727189,91.8376036455314,64.5177784666909,63.474768355751,75.8102364237983,51.3985834562673,54.2297126644111,63.9214327188225
41.9536623098997,42.5650548055807,32.9053415949714,46.4295204369297,47.8865955509503,0,32.3581662845259,31.8439911213217,71.2734332015947,67.7911059064506,90.4853850622168,70.4778950412814,70.3198220235579,71.9204470237735,73.6457948327713,72.1475133409532,59.6362634584831,62.0584331098412,62.5623087432952,60.3753296035245,51.9866973207147,52.4375917604122,51.6940907766464,74.7879173390445,88.0284539530188,94.2126033385012,72.232327706521,72.4409065979894,61.1241495099564,69.9152243465205,69.8927043988807,75.6126545077849,81.222187390114,53.7116179275167,68.6722712560514,70.7290612067182,66.6981956154989,88.7626912178766,87.7947000861216,88.4536275382804,91.5908737778006,92.422016095668,92.0684200257383,92.7211501641598,91.0359464827521,92.9392271745021,90.3657258727863,92.9106385295734,90.0628986059802,89.4690601416305,92.5371859918352,56.750621418983,56.0496884427355,56.8743029869943,56.5543916751221,57.1813101107267,55.9528138463162,55.5169645805281,40.1812661904488,50.2222932418574,49.6831454473417,48.9774367333809,47.9636760306289,70.8475020080764,54.3389411933368,61.1218484741698,92.1059638187062,92.4792984686849,93.439882995462,93.0690027510929,90.8962241650544,93.1385293663291,89.3305228888986,92.3674007443589,91.7447334095902,63.3273795580253,62.4271115492688,75.3608648946337,48.762747316302,53.5172475967544,67.3860293808865
46.7409436868413,46.6121598831355,41.6696692303693,49.1270860298146,50.0334388321299,32.3581662845259,0,34.5683283969152,70.9418380998062,67.4421978443648,89.6109373391979,70.2521422932113,70.0881944021352,71.6450006653977,72.8317411180513,71.2566806984892,59.8162608790911,62.2168403305884,62.7283111556124,60.5451750834559,52.1068421793345,52.4216239111239,51.7417447513852,73.6488428707708,87.2977196329963,93.4582390640921,71.0881675479587,71.2829654599828,60.5064095277639,69.1409327957076,69.104600829672,74.9989481041703,80.451725922319,53.5262423185806,67.7415485988724,69.7851317034918,66.52038191231,87.915119208178,86.9507364662809,87.6071754477089,90.7230866709154,91.5542544876332,91.1969611769392,91.8498978011076,90.1723332174077,92.081449304525,89.5050344195243,92.0503787304632,89.2034330904007,88.6078053995741,91.6819710910603,56.9231637177223,56.2361060391621,57.0273500274263,56.7560659619571,57.2339404760269,56.0402230973152,55.636351952216,37.7506760870979,50.4192671063831,49.872542368003,49.2822784110431,48.2634292800722,70.9677780671227,51.5598644421996,59.8424542778798,91.283822009991,91.6628225325677,92.62066598625,92.2471162613643,90.0169635311089,92.2591284893902,88.4621176385025,91.4994640521135,90.8557777926275,61.9254582213526,61.0866860384143,74.3664142511919,47.0103157204144,53.158505007222,67.054724082361
41.8988867391028,39.5334891428893,35.1521093263331,44.2438784763462,44.6298536386188,31.8439911213217,34.5683283969152,0,69.4608016306111,65.9835099682072,89.7584579203488,68.7003668175094,68.531510250826,70.1268513418196,73.1354362415684,71.5739333812438,58.2714091589705,60.7199033428213,61.1950935804622,59.0453100119696,51.3966599795114,51.946383448061,51.1915268550339,73.8306493144296,87.4119383891786,93.5829449183667,71.0470165807506,71.3295455438902,60.6509951350422,68.0702821993612,68.0295439777001,73.812121650287,80.6059393908619,53.3201227087004,68.0803958289289,70.1460545535392,64.9428894120042,88.0730565368106,87.1080066668712,87.7623270101547,90.8837723966374,91.7134584077907,91.3574923186667,92.0089351159149,90.3235526026774,92.2332018194279,89.655254368006,92.2022137501655,89.3531631740891,88.7589877383496,91.8335972321951,55.6753094980372,54.9930119713467,55.8487726568024,55.3785468858103,56.3546869913376,55.1097834840155,54.6311988118382,40.9624581269266,49.7561272562445,49.321090182591,48.5912295874698,47.7157739321762,69.4264271416993,52.4227153609685,59.7974401198423,91.4292586359254,91.8071455483079,92.7657515401559,92.392970800842,90.1691316007695,92.4122274047933,88.6132899194376,91.6512568828883,91.0076834736646,62.4568264688189,61.5580114098572,74.6758370604085,48.4402522865279,53.6875805924524,65.5031498543908
70.5859567643494,69.6948881597636,71.2919053079888,68.0839356274249,67.8777294848266,71.2734332015947,70.9418380998062,69.4608016306111,0,25.287484033324,100.048467084263,47.986635925622,46.6519606947352,42.8432679502679,85.2793291396496,83.2976659739741,60.8207802217701,63.1224602423648,63.3475709991541,61.8686439784254,63.4435736792258,64.4378229282558,63.7247340858657,82.8612653604727,98.6384747650568,104.703099259654,78.0007040277032,79.0951617916265,72.9832949532363,64.9037206770337,65.5895661380221,63.0317558301825,91.8571722331675,66.3262730223469,79.712906315104,81.8706289677003,48.1613360775311,98.7020786624181,97.7616658319541,98.3734705241162,101.365922456662,102.180811701395,101.806523426537,102.44454430002,100.745935463036,102.711838501547,100.093051043155,102.660040277465,99.796740786668,99.2015649110929,102.333325243031,62.6310266928191,62.3815198814322,63.3193693784048,61.2392273985065,65.8260342737651,64.550906070562,63.7300082153747,61.3508905484946,62.9229602899849,63.119246239038,62.5478784681173,62.4000327109164,69.4418862479317,71.7321153821486,67.8212125084196,102.157164906443,102.573742643802,103.515799182691,103.127165479947,100.465199007617,102.716682524816,98.9934369550435,102.041790703704,101.217307829195,73.9601327606674,72.6673166896424,85.6336358059791,64.1673000105315,69.8138913053303,47.7204294400903
67.1407176447688,66.2549401034946,67.8277154352797,64.6656034335712,64.4658774063402,67.7911059064506,67.4421978443648,65.9835099682072,25.287484033324,0,96.4095346460193,45.0453665035743,44.1660706079264,40.3673864077437,81.7037222095097,79.6984126523038,57.545990675042,59.8400825644281,60.0729058440111,58.5847775303137,60.0237525338177,60.9981118538328,60.2914645139602,79.1478060192574,95.0553447518957,101.112212211881,74.2239667206666,75.3421975953106,69.4478891484196,61.0216330168217,61.7440816901055,58.7290642411367,88.2667940540465,62.8630984069398,76.1048261713021,78.2629600571561,44.975657414987,95.078641066153,94.1396496535363,94.7496814852973,97.7342684659538,98.5486941331657,98.1731772885536,98.8108084958473,97.1131318417112,99.0818546688835,96.461258264731,99.0289551728852,96.1653511279838,95.5698210593211,98.7044664871507,59.2902062105775,59.0365916007867,59.9682398689894,57.9193189499013,62.4326546284894,61.1626969613868,60.350930957126,57.8170397809011,59.4965011291569,59.6846661651099,59.1203867410732,58.9634013442819,66.1738638488777,68.1674325350394,64.0853267681274,98.5414873085359,98.9603140408001,99.9013485886201,99.5117278827045,96.8256186462695,99.0773462824412,95.3584427962028,98.4072088091476,97.5732795140816,70.3003437600004,69.000602627472,81.9965487624022,60.5841066683286,66.3256591417081,45.1556120661905
90.8792992815569,90.9497376482405,91.0406472039557,89.8956412892724,90.5536918885036,90.4853850622168,89.6109373391979,89.7584579203488,100.048467084263,96.4095346460193,0,99.739549723319,99.6095474534058,100.942507640798,81.4132674025362,76.6929794827987,89.7165428113695,91.8556409704369,92.5488538238309,90.2215585127649,79.9047190689328,78.870970690608,79.0171182467669,86.6049925464857,76.9274910054963,79.2553474161484,88.8983736352079,87.9890846868739,72.8549730887954,96.8030587540593,96.9787239138504,102.495230711303,73.1230734409793,78.4701100503817,73.692851837172,77.027134381434,96.1591138012284,59.6540608286001,59.0223141489974,56.5720924196015,62.2670199382668,61.5423561770559,62.5192472780727,61.6097955739927,47.4514590616529,52.0246287939264,44.8064519217819,51.4699429316971,43.5978063343035,46.3008821761203,52.2491603915947,85.4782206605032,84.8714330070617,85.1804955342959,85.9933764473454,83.4392565655586,82.8457179160832,82.9783197916484,76.5027224344578,79.6133075259212,79.4691359641078,79.7488648913033,79.2273938770095,100.75086216533,90.6065826027715,83.8323812257317,60.3632647115316,62.6277244008774,62.9020768920295,61.9069962600244,51.2136421175366,55.0626981883898,45.1952570686554,49.8153637973869,55.5705164656601,84.5361898541744,81.9963971154201,78.79417479156,77.1333700523245,83.5099374356227,96.6955599421303
69.5379915459242,68.6774747136729,70.3768195283652,66.9060431958867,66.7227391793256,70.4778950412814,70.2521422932113,68.7003668175094,47.986635925622,45.0453665035743,99.739549723319,0,29.1852249715916,40.218068164302,84.6613143657027,82.8155718672912,57.6109577598441,59.842196741624,60.0411254347187,58.6839367244109,61.839556666038,62.9686142214179,62.2212952447833,83.0187475513503,98.0197011169499,104.128940836657,78.483967418343,79.4650347996663,72.1104184911679,66.7596810725586,67.3327724009249,66.1974875786872,91.287616007862,65.022536756945,79.2860442922895,81.4466447316614,35.5420727261257,98.3125757453127,97.3642914100768,97.9850741482232,101.021663163866,101.838616181776,101.471378371043,102.111055709355,100.405064922,102.355906556816,99.7464326909108,102.310075725371,99.447804874854,98.8549643363064,101.971285596912,60.2048182291186,60.028741530287,60.9885391384995,58.6205391430272,63.8894825318226,62.587388243384,61.6924895484479,60.7348039633121,61.4168034899916,61.6866881140857,61.0861706720912,61.0172956259105,65.6375529260573,71.5076091626636,68.2787168365985,101.72230292377,102.126446489192,103.074222924274,102.691122571049,100.161213809688,102.411666389574,98.6643758715881,101.710689427364,100.937297634799,73.9660579139338,72.6844506426611,85.3650633999985,63.8041692387509,68.7835364233802,51.3076627977762
69.3972055803587,68.5261759907553,70.22648184003,66.7670538894528,66.5734652649118,70.3198220235579,70.0881944021352,68.531510250826,46.6519606947352,44.1660706079264,99.6095474534058,29.1852249715916,0,38.1240458726702,84.5431895228329,82.6892471508947,57.7836800176066,60.0439471954994,60.238788065049,58.8628348989154,61.7914891049447,62.9101625022404,62.1641526959535,82.856275323845,97.9073516613893,104.013847889068,78.3069526288944,79.2919089710445,72.0108494019103,66.4350506710112,67.0031708469833,65.9144133303975,91.1712774664555,64.950252606549,79.1558219092174,81.3155846144245,38.7607843308298,98.1864592701999,97.238619967013,97.8590035142275,100.893023015967,101.709923931393,101.342256275198,101.981904196062,100.276615007029,102.228237194496,99.6183271198834,102.182085757046,99.3198413483542,98.7268206389925,101.843945884697,60.2643451521804,60.0750945985316,61.0368335653648,58.7023027030902,63.8903740040198,62.5890674840859,61.7017248005296,60.5843466078566,61.3536369754608,61.6153409057158,61.0143147069792,60.9371683832131,65.9572087284841,71.30906650946,68.0797966088029,101.599061888407,102.003906621182,102.951351439961,102.567929102219,100.030761190356,102.281231079383,98.5352994216897,101.581697195176,100.805574426214,73.7939824363408,72.515116261521,85.2263646047557,63.6441777115171,68.6766001309079,50.1196318572298
71.0989043787642,70.2241638271476,71.8754404420513,68.5277909832635,68.3336408828947,71.9204470237735,71.6450006653977,70.1268513418196,42.8432679502679,40.3673864077437,100.942507640798,40.218068164302,38.1240458726702,0,86.0144182111114,84.1033820373167,60.2043913751848,62.4706820931927,62.6817340774781,61.2659397577438,63.6636505476686,64.7286035287826,63.9975529092743,83.9993004938711,99.3721091362496,105.459874451086,79.3076563323107,80.343658650808,73.5854695239736,66.9935980303076,67.6195963759815,65.8396401694765,92.6165328065508,66.7037599440948,80.5474482000056,82.706806984415,43.8213259300272,99.5545662177832,98.6100784740792,99.2265050711728,102.241824879138,103.057766600047,102.687136443156,103.325998914113,101.623497969218,103.581621610781,100.967633419759,103.532908382569,100.670120806757,100.076165531691,103.199950476652,62.4220789833272,62.2105976120723,63.1602297269564,60.9297158083429,65.8726645654273,64.5833430292286,63.7237410233971,62.0916521411137,63.1942375570919,63.429159211873,62.8424081223721,62.7360767652883,68.5200554833359,72.6832003617889,69.1232529119795,102.986100441909,103.396242660223,104.34126170086,103.955494165436,101.361836254365,103.612796408849,99.877102759071,102.924408035667,102.126336361814,75.0244737204055,73.7365874279394,86.550215362241,65.0404194391741,70.3353249653458,50.7960834485452
73.9315986973416,74.1939105761027,74.1443219531755,73.0782139207774,73.8894487015792,73.6457948327713,72.8317411180513,73.1354362415684,85.2793291396496,81.7037222095097,81.4132674025362,84.6613143657027,84.5431895228329,86.0144182111114,0,51.0178067013803,73.0928812577966,75.2055380141264,75.9462931070448,73.541781273619,61.9110808637485,60.5490784003193,60.8239012150781,76.4728217730898,77.13553332574,83.2697043775406,78.021380909669,77.2229938045996,49.4835871238662,82.9903993638386,83.1091474358848,88.6004471072749,68.3966504865016,59.6365066114639,52.6917412609671,55.5739582716305,80.9340664061761,78.3436720845355,77.3035159522664,78.1639662301793,81.6611590466512,82.5675870993671,82.2660662809973,82.9870926416267,81.4688327920206,83.1747049376937,80.7682146180671,83.2134568902239,80.4571450827172,79.8358355857336,82.7057950207253,68.2871288187485,67.6445100837402,67.8951805149618,68.9874517084799,65.7585006435841,65.2055894871962,65.4276602856753,59.2137354644524,61.623812308893,61.4199282199791,61.8527410144651,61.2831813576472,84.3166311431204,74.6824879064582,70.652482615508,81.7136653826009,81.9978339592815,82.9869526341634,82.6423972052774,81.7453313161281,83.9482683561403,79.9050152754135,82.8963689051663,82.9062401379085,70.1371652069128,67.9469459568048,66.5446202716198,60.3328028788706,64.9878307320737,81.8210131284801
72.5859825806364,72.7789412547635,72.7229076551141,71.7402395271177,72.4940028322368,72.1475133409532,71.2566806984892,71.5739333812438,83.2976659739741,79.6984126523038,76.6929794827987,82.8155718672912,82.6892471508947,84.1033820373167,51.0178067013803,0,71.9846777868618,74.1233038288693,74.8319075283557,72.4718877562807,61.4745299714792,60.306247800149,60.4775789253574,72.0048514651873,74.8084279565967,80.4957515088734,74.3365347548519,73.3612235186841,52.788334737166,80.5490266779939,80.6765383942921,86.2593063137842,65.3497209443088,59.6413066787694,37.1132997506978,42.6443302102615,79.1537911714662,73.7609250338421,72.7832028492427,73.6543071409278,76.7550282223123,77.6940239805964,77.3169340898747,78.0728846534363,76.8154195178357,78.5861476589257,76.1727445968957,78.5909847025191,75.88734658034,75.2137081131959,78.1531503575142,67.5189550781371,66.8864116761555,67.194369293944,68.0946755897518,65.3610426081489,64.7440892940083,64.8912894908021,57.6609598830547,61.0711161410542,60.8441208598964,61.1837663786432,60.5835533452022,83.1224169755964,72.6706529552208,67.598083137269,77.7119612546399,78.0906712221705,79.0302324101542,78.6368172768361,76.8725971267897,79.0550855645918,75.1907043693552,78.1755185961285,77.9188076995414,66.8641903547804,64.4221370757383,58.545240125778,58.2516247066416,64.2821816942028,79.8568606479335
57.6605946537399,57.2325899185242,59.0539300300579,54.8049822667447,55.0474869683367,59.6362634584831,59.8162608790911,58.2714091589705,60.8207802217701,57.545990675042,89.7165428113695,57.6109577598441,57.7836800176066,60.2043913751848,73.0928812577966,71.9846777868618,0,27.1271466372106,21.7669609286154,21.7739804537819,44.8006351055535,46.6677421479047,45.8045551739227,75.5703581816317,86.2982527900052,92.656575855282,72.6538809260618,73.086872016813,59.0670656531435,66.5695160098658,66.8004515702385,69.7422371867459,79.8639970390526,49.7022672212852,68.7672708933234,70.9585607162684,52.5300439268259,87.862738278597,86.8714594639619,87.5390502189122,90.8181118280324,91.645058493352,91.3168958600713,91.9643594132312,90.2124789094515,92.0824493960133,89.5220510156001,92.0688877106421,89.2105353329415,88.6314252028788,91.6647680808359,35.6562999860259,36.352568846273,37.3627240162816,31.8580700286062,43.6300464892733,42.2315664979763,40.7893400152998,50.0697844234405,45.3361646497743,46.1307813118552,45.5320106814632,45.9854699283551,40.9939376626485,63.1568665426059,62.5009690396755,91.0179572872354,91.3541267214461,92.3333680966031,91.9807306964031,90.1684321275215,92.4140419183372,88.5354879941452,91.5712717730221,91.0737110678115,65.9856934047676,64.7120981042259,75.6807404017709,54.1768122328235,55.5739993234212,57.9415157585038
60.1356226003864,59.736520312187,61.5005910589804,57.347346619686,57.6162992462377,62.0584331098412,62.2168403305884,60.7199033428213,63.1224602423648,59.8400825644281,91.8556409704369,59.842196741624,60.0439471954994,62.4706820931927,75.2055380141264,74.1233038288693,27.1271466372106,0,23.8912437889579,19.4956886690389,46.8392990893244,48.6718295240861,47.8449142945922,77.8136614469047,88.3682667945958,94.7377888402283,74.9299194784693,75.3543093784518,61.1059303368321,68.9296293433669,69.1646458690406,72.0772295488301,81.9529073685036,51.7239657996155,70.9197860902637,73.1155236736045,54.7025713850204,89.9878680573003,88.994883668788,89.6638281102282,92.9528124240038,93.7798720218592,93.453380354466,94.1008740398447,92.3459409871037,94.2130113805476,91.6541605429961,94.2006586308373,91.3420813683265,90.763734921286,93.7940839614942,36.5481034690781,37.7284403677101,38.1934010309064,33.4710035240613,44.9265461145531,43.6423982981089,42.1995719205221,52.3831160392845,47.5078600979372,48.3275046013824,47.7821062734973,48.2478095365688,37.1710404732228,65.5273627009619,64.808255138417,93.1314289837872,93.4648788362306,94.4454243044119,94.0940548641943,92.3094511609292,94.5550418839707,90.6712996321678,93.7068017794001,93.2194609038137,68.2588108677602,66.977311919683,77.858046851069,56.4596944176505,57.799677101913,60.326029036137
60.6226900591706,60.1920654276341,61.9965620122288,57.7887488951742,58.0273814048379,62.5623087432952,62.7283111556124,61.1950935804622,63.3475709991541,60.0729058440111,92.5488538238309,60.0411254347187,60.238788065049,62.6817340774781,75.9462931070448,74.8319075283557,21.7669609286154,23.8912437889579,0,21.2643537784854,47.7480854306565,49.5854211926882,48.7373943504231,78.3851875766559,89.1414823273882,95.4985267032427,75.4483408354452,75.8888612405908,61.9261778711751,69.2823988666751,69.5196489370412,72.3905126784121,82.7073788639959,52.6035514098636,71.6127564784249,73.8047919643854,54.8949901673801,90.6988065783702,89.7078180216487,90.3749432208123,93.6524568811965,94.4792523925779,94.150861067752,94.7981898935694,93.046255953681,94.9168631897829,92.3560155298823,94.9030627457587,92.0445712786659,91.4654334154034,94.4994242348979,38.3861257006396,39.2442989302372,40.0401313264791,34.9410054382303,46.3891352763107,45.0365537910432,43.6094717274501,52.9640723145422,48.3051700888662,49.0954200165678,48.5138846244342,48.9588164585842,40.6627156451369,66.0196650888769,65.3016831171176,93.8552752384091,94.1918955659532,95.1709417792105,94.818117032797,93.0007511796582,95.2464445113334,91.3687828071132,94.4046778288416,93.9050408331195,68.8179205346707,67.5421289219155,78.5179306806749,57.0425964796148,58.4954436281109,60.5398573350832
58.4224600279501,58.0328836560286,59.8036925218652,55.6242164280289,55.9036769974332,60.3753296035245,60.5451750834559,59.0453100119696,61.8686439784254,58.5847775303137,90.2215585127649,58.6839367244109,58.8628348989154,61.2659397577438,73.541781273619,72.4718877562807,21.7739804537819,19.4956886690389,21.2643537784854,0,45.0444661991749,46.9076904774986,46.069621390789,76.220480031588,86.7079522088832,93.0811575045576,73.3666764932848,73.7807128589218,59.4208669933686,67.4765568713132,67.7052357860619,70.6924896910509,80.2961255206876,49.9844104304355,69.2731544992215,71.4689152050798,53.6067410436529,88.3466905646818,87.3530343155194,88.0227836610937,91.3155145620712,92.1427708649145,91.8168733491422,92.4645283945097,90.7090538007906,92.5748166119297,90.0167899240175,92.5629781492722,89.7045170571219,89.1263533820679,92.1553634170895,34.6796274766029,35.7702819623596,36.4362773966544,31.0837063537956,43.2131377757668,41.8867721044084,40.4166721501177,50.7130898665226,45.7172664778175,46.5482878430715,45.9939360932655,46.4730280040652,39.1375205472051,63.905739644548,63.2442936327003,91.4865087629245,91.8189014609231,92.7999295067517,92.4490264932843,90.6757391756961,92.9212298084575,89.0354329797891,92.0707511383432,91.5878251511506,66.651774721544,65.371174950284,76.2259341270841,54.8161147082317,56.0791847955038,59.007185521092
50.162384736287,50.603935388145,51.4660377219911,48.4080600439916,49.4592129371476,51.9866973207147,52.1068421793345,51.3966599795114,63.4435736792258,60.0237525338177,79.9047190689328,61.839556666038,61.7914891049447,63.6636505476686,61.9110808637485,61.4745299714792,44.8006351055535,46.8392990893244,47.7480854306565,45.0444661991749,0,24.3848726106194,19.9146670939528,67.9603764263223,75.1539170736298,81.7041131792961,66.330014772902,66.3494895101201,46.5723830110592,64.5608474689652,64.6769239078617,69.2558145599628,68.9242644632664,32.1948784220722,58.5338732675826,60.7516823892402,57.6345922142896,77.7092267532818,76.6837992821523,77.3893076497919,80.8609092377921,81.6960187652739,81.3989681466391,82.0528013380571,80.2653553051703,82.0708976652197,79.5498396850479,82.0829870468952,79.2281851429974,78.6596910051494,81.6269522559188,37.7048988728407,36.6594610251334,37.0899892080888,39.0411399958411,34.8210552757236,33.1955692131871,33.2549736823987,40.7809325650401,24.5233980280742,27.7629241497124,28.8534228867238,30.5547489398375,56.7745014997345,56.4452119720259,56.5580430971028,80.6660789833533,80.948681337366,81.9526102924089,81.6238674092586,80.3802950502194,82.6219873465997,78.6390459356832,81.666358542876,81.3886822465118,58.2596434408542,56.9217583738137,66.1715527333103,45.3291381662076,42.4455621793912,59.9700863123077
50.964454182646,51.4640841066711,52.0782279190323,49.4735054300354,50.5445987859773,52.4375917604122,52.4216239111239,51.946383448061,64.4378229282558,60.9981118538328,78.870970690608,62.9686142214179,62.9101625022404,64.7286035287826,60.5490784003193,60.306247800149,46.6677421479047,48.6718295240861,49.5854211926882,46.9076904774986,24.3848726106194,0,17.891864306371,67.5112127610648,73.7814598298427,80.3810382627584,66.1388033995796,66.0827187387814,44.7686244167319,65.0822940139545,65.1928115011034,69.920325193752,67.6053721897473,26.8752531469866,57.4483995532582,59.6811015090514,58.8289519340867,76.5921829329658,75.5580127754509,76.2726031092932,79.7939796971256,80.6307686266381,80.3419028922238,80.9969534780013,79.1986131007212,80.9881229061018,78.4765750003155,81.0066644298163,78.1522678918419,77.5867690000799,80.5375632079403,39.7519915543405,38.8618277197934,39.0598651811286,41.1239864157108,36.0071302110519,34.923172927502,35.3112835510387,40.5865297478408,27.4885287719204,28.7854649561633,30.7375690148449,31.5073374447349,58.5039610201251,56.5982278115446,56.5144565174133,79.4967786745864,79.7657600284151,80.7760083901643,80.453388998785,79.3537013917127,81.5946568603684,77.5850038124338,80.61034315168,80.3879489165646,57.9147907554369,56.5376414465483,65.2685216682934,44.9474466702437,41.5450621965688,60.9557480403264
50.0675256918413,50.5804661701216,51.2620014037993,48.5131430151389,49.6067753816857,51.6940907766464,51.7417447513852,51.1915268550339,63.7247340858657,60.2914645139602,79.0171182467669,62.2212952447833,62.1641526959535,63.9975529092743,60.8239012150781,60.4775789253574,45.8045551739227,47.8449142945922,48.7373943504231,46.069621390789,19.9146670939528,17.891864306371,0,67.3119802480387,74.145845381033,80.7114233358115,65.8265862620839,65.8011503003264,45.3314864975911,64.5005618819524,64.610806808564,69.3031497654367,67.9204200434457,28.9866738483783,57.5696391915478,59.7879654274711,58.0662150307678,76.7856982221238,75.757031385554,76.4668065888897,79.9563677173652,80.792579655282,80.498383316806,81.1531342099478,79.3637205705611,81.1628076782535,78.6459557115532,81.1774033079958,78.32341464009,77.7556433338641,80.7163073191075,38.997831356388,38.0527365655193,38.3786131379264,40.2762304321303,35.8020235799032,34.5110816713976,34.7289291421596,40.0888703639066,24.300957986056,26.4433447446703,28.6451765234217,29.8465936802669,57.6801635824364,56.0472231197585,56.118804168683,79.7261986964332,80.0038511179727,81.0099898282007,80.6833787710987,79.4941642196755,81.7353007784376,77.7424100927005,80.7687613654228,80.5128305553558,57.6221676923,56.2704242563459,65.2983504255152,44.5966905110008,41.0839517501784,60.2367234551806
75.7142701439093,75.5429383945119,75.6098998148257,74.7659392617631,75.2251289820303,74.7879173390445,73.6488428707708,73.8306493144296,82.8612653604727,79.1478060192574,86.6049925464857,83.0187475513503,82.856275323845,83.9993004938711,76.4728217730898,72.0048514651873,75.5703581816317,77.8136614469047,78.3851875766559,76.220480031588,67.9603764263223,67.5112127610648,67.3119802480387,0,89.4172676646214,94.8453539428432,62.2697793715641,58.3019415392662,67.9602357537814,77.8893513446493,78.0666086832306,84.0910242196112,81.8775216295324,67.6803666567806,67.3874676506175,69.5609255409491,79.6630847211243,86.2021370892591,85.3738549918556,85.8849338100688,88.218488022245,89.0239283468741,88.5348192552583,89.1699871172706,87.6713096244777,89.82908875346,87.1053879812875,89.697915173907,86.8448286342105,86.2026663122562,89.5320664414249,72.5825119701696,71.9989687000907,72.5434544247514,72.6271550197169,71.9884000906632,71.1011219357044,70.9375702896267,60.7037577254245,67.172045836399,66.9018846409157,66.887968276583,66.2284458992905,86.3097744126487,73.0262920979342,61.253791660801,90.3557885408947,90.9420312687639,91.8043687437737,91.3383105947197,86.8867193129111,89.1379882531303,85.7637469974859,88.8311684577445,87.315533186158,61.8663204666516,58.1795383297684,69.7504792367019,59.8334052622613,70.3077973150711,79.5223224139362
88.1202369838034,88.3142864504369,88.4342798586206,87.1017571934914,87.8660297607836,88.0284539530188,87.2977196329963,87.4119383891786,98.6384747650568,95.0553447518957,76.9274910054963,98.0197011169499,97.9073516613893,99.3721091362496,77.13553332574,74.8084279565967,86.2982527900052,88.3682667945958,89.1414823273882,86.7079522088832,75.1539170736298,73.7814598298427,74.145845381033,89.4172676646214,0,41.6188787633419,90.9660142054251,90.2111062352028,64.9064443774566,96.3893042056559,96.5339164483234,101.9092396189,63.2283548133738,73.1184446156214,72.8096247969501,76.1286655370051,94.2895815567453,72.1755693033661,70.4811596943154,71.0246119223936,78.7154759467465,79.3340648773983,79.752628889509,80.1770038374515,75.9291091463549,76.8136687135559,74.488088699587,77.2779188425865,73.8364645608676,73.897988146179,75.8903849035499,81.2425295503413,80.625173925122,80.7723628120287,82.0684463287038,78.2320800182015,77.851003967136,78.1843521852196,74.1737534973122,75.2253251629995,75.1880265531229,75.6386475315991,75.2271687819059,97.5243735722722,89.073689580016,84.3342427083659,66.908343885931,65.7101089812434,67.546445904734,68.0282557612989,78.8679676340471,81.2452843289057,75.138118285506,78.1892007760233,81.4156893545086,84.6662072560693,82.4236204218595,80.8234062239862,75.5429496667604,79.8189369972057,95.2314982567959
94.3543617656019,94.5322514424189,94.643088396706,93.3457169323976,94.0958233307168,94.2126033385012,93.4582390640921,93.5829449183667,104.703099259654,101.112212211881,79.2553474161484,104.128940836657,104.013847889068,105.459874451086,83.2697043775406,80.4957515088734,92.656575855282,94.7377888402283,95.4985267032427,93.0811575045576,81.7041131792961,80.3810382627584,80.7114233358115,94.8453539428432,41.6188787633419,0,96.5315256538308,95.7466367604351,71.8207405074818,102.308325591367,102.45639374416,107.856946589384,68.8156854044691,79.749490272547,78.3968664203878,81.7576590103033,100.420446614771,74.6321794176079,72.8254311905259,73.1600010992274,81.6938990327979,82.2265912573741,82.7850224852604,83.1260872249206,78.1381950906081,78.8769834810396,76.4927058414916,79.4317796258818,75.7405095272691,76.0215970753476,77.8543607113658,87.7259749858847,87.1094392018377,87.2829215402497,88.5034555568723,84.8693948215663,84.4528149214913,84.7540482219956,80.3223260554696,81.7133143977499,81.6560945168505,82.0813212532338,81.6496438849103,103.854981031276,95.1209014905668,90.1030096311028,66.4877309724304,64.7898469495028,66.9629336593645,67.7643420456882,81.6435207633041,84.0727427967227,77.5075977912996,80.5919344999525,84.4513279694097,90.4485664892579,88.1592722105445,86.1119655186992,81.5714897904142,86.1736183760652,101.302019901547
73.1799669811359,72.8201115565742,73.0639219456688,72.0737763339375,72.3803542415883,72.232327706521,71.0881675479587,71.0470165807506,78.0007040277032,74.2239667206666,88.8983736352079,78.483967418343,78.3069526288944,79.3076563323107,78.021380909669,74.3365347548519,72.6538809260618,74.9299194784693,75.4483408354452,73.3666764932848,66.330014772902,66.1388033995796,65.8265862620839,62.2697793715641,90.9660142054251,96.5315256538308,0,47.0188941728885,68.4781924529656,71.8348546147867,72.0612636454227,78.2831404723351,83.6662703519829,66.6129255568061,70.0794857778353,72.2519345854662,75.2818753198566,88.4454035959102,87.5950037300875,88.1068642591496,90.5891391687209,91.383192162199,90.9254690967751,91.5475738285292,89.9478191291283,92.0826779407755,89.3612407394038,91.963494444845,89.0917112497308,88.4680885845365,91.7731317505999,70.2788257469568,69.7252576624565,70.3479700292325,70.1167915736531,70.2635670092853,69.2939855374486,69.0209920463591,58.7931272932133,65.4880348260313,65.2503017232011,65.114873905841,64.488410316187,83.198013792122,69.7688400438606,53.649004389918,92.41920154268,92.9757748584525,93.8533867789426,93.4023776807106,89.2475065083564,91.5083101236611,88.0621684305215,91.1323894864142,89.7264821229518,61.0629789279657,58.4651448057585,73.7921752422143,58.2764967652938,68.9906644833719,74.7488936865331
73.4097782507463,73.1092934716771,73.2838433264443,72.3664065295613,72.7218058633457,72.4409065979894,71.2829654599828,71.3295455438902,79.0951617916265,75.3421975953106,87.9890846868739,79.4650347996663,79.2919089710445,80.343658650808,77.2229938045996,73.3612235186841,73.086872016813,75.3543093784518,75.8888612405908,73.7807128589218,66.3494895101201,66.0827187387814,65.8011503003264,58.3019415392662,90.2111062352028,95.7466367604351,47.0188941728885,0,67.9366535521101,73.326891479765,73.5270439287414,79.7193180679971,82.8526365056183,66.4665632192708,69.016514676822,71.179945573469,76.2097323220566,87.5414829750139,86.6956088969033,87.2081316432308,89.6594887599378,90.4563377140415,89.9919978241969,90.6172327648188,89.040174451889,91.1792122682875,88.4579687976061,91.05769467242,88.1903585414601,87.562586190721,90.8721186339103,70.5187454191513,69.9544628400194,70.5551907825472,70.4198998041116,70.3303292185489,69.3829306669031,69.1418818743736,58.7570376473366,65.5123902927414,65.2592603064903,65.1581585906987,64.5152485701973,83.6974813552897,70.11806021926,55.0717431119322,91.5545688678335,92.1172345975827,92.9916400834281,92.5374643074977,88.3232338775702,90.58180279413,87.1503356287861,90.2197600692975,88.7925920601786,60.0495525503384,57.0480167845294,72.4638957623547,58.0330738441629,68.8639079953442,75.8006627370057
60.9948928863783,61.3347787765888,61.4178056170829,60.0107726511814,60.8945720304243,61.1241495099564,60.5064095277639,60.6509951350422,72.9832949532363,69.4478891484196,72.8549730887954,72.1104184911679,72.0108494019103,73.5854695239736,49.4835871238662,52.788334737166,59.0670656531435,61.1059303368321,61.9261778711751,59.4208669933686,46.5723830110592,44.7686244167319,45.3314864975911,67.9602357537814,64.9064443774566,71.8207405074818,68.4781924529656,67.9366535521101,0,71.5632561596405,71.6784217867229,76.9472800237025,58.3153587313911,43.3957575907608,51.3408676399471,53.9971223931472,68.2588002459728,69.6880776898699,68.5686339472141,69.3913883545309,73.3939966721518,74.2535343372193,74.0450693378528,74.7175136669743,72.8411592363369,74.4687497593842,72.0603408148855,74.5508050064398,71.7129246306136,71.1683310425703,73.9534762585057,53.4725221116314,52.8234017279552,52.9083251621799,54.4814412313232,49.9679617133101,49.6225649346777,50.0509220817419,47.2141475436108,46.7498669165929,46.7047763986794,47.3410301264721,46.9433360694663,70.4541213856769,63.0638081024133,60.3738711180103,72.1826655858547,72.3296916714173,73.3935763048747,73.1227594616749,73.3936945590297,75.6246501594202,71.3537855457039,74.3566376867818,74.6908990285101,60.4901163384407,58.6104348874552,61.2765107458659,49.3672829776713,51.3479763242941,69.5196805861518
