IBR/IBR_outputs/all.combrep_1/VRM_Total.WeatheringIndex_Total/VRM_Total.WeatheringIndex_Total.asc
NCOLS 160 
NROWS 95 
XLLCORNER 210004.651214014 
YLLCORNER 7350008.22228844 
CELLSIZE 4999.99999999997 
NODATA_value -9999 
[rows 63 to 83 of 95, columns 92 to 137 of 160]
7.71367476245657 7.46454979257988 7.76033658600858 7.75979761600926 7.60901914003581 7.60495727399471 7.76300030293887 7.66810328884462 7.68339713881884 4.96262282611059 4.24821710260414 4.22509750247184 4.20721601959098 4.20863304992934 4.20894494973658 4.21333237936963 4.21143256613439 4.21013401206689 4.20352509388033 4.20183553474499 4.20315214221579 4.20311292688091 4.20327422022362 4.21264407605284 4.22153217167947 4.22534712374529 4.24741035479385 6.21447829922351 6.61256856025639 5.59369388672606 4.3218562751504 4.36632980165675 4.47283551641131 4.3314071274159 4.37566808644889 4.46653781205586 4.40739742303448 4.54402679848421 4.51243386656559 5.30570512463871 5.63210683211499 4.79211644621427 4.71479477323019 4.6507373349511 5.71226845122462 4.83453889337557
7.75763323427111 7.00409792082295 4.42544469750403 6.34476367318438 6.83540249030661 7.76118714767294 7.63070756039976 7.67496003789837 7.61886116694793 7.75600859325611 6.55790298567705 4.5590487476843 4.21624699614373 4.21017002062745 4.21543455447706 4.21009697427459 4.21170206178699 4.21649720026536 4.2087589283332 4.20521173837638 4.2083175363132 4.20550533836239 4.20701514605383 4.21236925223872 4.21414867610119 4.21252349373437 4.22823281851743 4.48116717748666 4.61197986768503 4.94934018701838 4.8411501447618 4.70596210227074 4.42981655376061 4.30984980144891 4.4099278060398 4.40737530626684 4.39932575835657 4.29246014809424 4.39137265229091 4.66239014874902 4.81736951879902 5.83729826177468 4.99363087063534 5.50130407585218 5.45725416225095 5.02038059540145
7.74788728391714 4.5636882076279 4.5273727545154 4.51923686200129 4.27474459016459 4.75644624304355 7.37622378538263 7.76290864556901 7.76134060330074 7.63191744193013 7.68485643878343 7.66359922783326 5.43516142432011 4.21543748330314 4.21642284172648 4.21418924817409 4.21156280144073 4.20901177144709 4.215202781708 4.20921363162963 4.21224094853182 4.20709613874461 4.20404768655303 4.21497647952658 4.22215765657493 4.2150357263851 4.29502775321412 4.22086275334248 4.22311501221229 4.4031162867383 5.48323128522073 5.39969783624777 4.95081809588049 4.40791276439558 4.39109933303646 4.60830899690728 4.48672242217712 4.25799178313437 4.14766315018883 4.30082304730877 4.78380125674568 5.07459931345765 5.34886862485129 5.35903378777219 5.20009654451379 4.736850325092
7.00517880942048 4.39041172646082 4.57550810046178 4.40687135919844 4.54679008730063 4.48649360041103 5.3578688790814 6.78562981382456 6.41880898769091 7.49530080781757 7.75655505630404 7.74912286471369 7.76005183236897 4.64863694737277 4.22094998138678 4.2165158582119 4.21766383846905 4.21005864597249 4.21161295178853 4.20535828469197 4.20772577645646 4.20555744313663 4.20489859661074 4.20504894104648 4.21083774013506 4.21950546238931 4.21150037581556 4.21488663715919 4.21189446286536 4.21230797255759 4.25484367044215 4.94499601102044 5.07013802315386 4.45930606804891 4.5663476494305 4.29962669439936 4.31992618560924 4.38195088952744 4.39513672946647 4.35008131027637 4.41593786897301 4.29328580535665 5.28742911298769 4.85187794222698 4.75986795927716 5.02300629253084
7.53212603818128 6.18022712137255 6.64901210643677 5.14916503277349 4.42097128976887 4.93967805374042 5.1914605614392 6.80167625482458 6.71969881056614 7.42057959695593 7.5022712398084 7.73197306716872 7.72497511393703 7.66178778267919 4.7373865908621 4.22322431045443 4.21765929958355 4.21449919386551 4.21882149699663 4.21616594253008 4.21584887813545 4.22218236059427 4.20376996619672 4.20459037625014 4.20457035899546 4.20446086644922 4.20976956160626 4.20692396523603 4.20715164816569 4.20325503039328 4.2086855588252 4.22413331501203 4.22284345965812 4.21259022801101 4.21188987035863 4.20837703363272 4.20859214314517 4.22000914754091 4.33065402791863 4.34700044271476 4.17740123606734 3.74579915901349 4.92491027175471 4.96116684685193 4.71069103780868 5.03916566893947
4.43489328651455 6.83797319082162 4.5728983004322 4.34593888455617 4.593833070803 4.98821397597906 5.82232885981049 6.16023771223656 6.92756498111222 7.24167155780884 7.27480770159469 7.36100792761337 7.6872549524315 6.6547939361237 7.72278965387707 7.04221513156456 4.24474553678061 4.22471835656475 4.21413169930119 4.26179792434988 4.30774091958826 4.3290888073286 4.21580937978932 4.21543392749578 4.210110417952 4.20451553619124 4.20973796594975 4.20115131749429 4.20778550218173 4.20909644780143 4.20743024022665 4.21014946325123 4.21416285633828 4.23011607386338 4.22908387542865 4.21607709158444 4.21416278401791 4.20989973400777 4.53995662907687 4.40859571489151 4.03249978846286 3.68415013738279 4.41051688767557 4.73126394613165 5.19280274032032 5.26896315133507
7.16771455933702 6.15823318501262 4.33121524519269 6.92978944270406 7.15504883341724 7.67839595092257 7.36451579541424 7.68029280201706 7.72152135552091 7.22595847969921 7.37686056391215 6.70725495453211 6.43365716432675 5.79442964423743 6.84028636594648 7.75407586299609 6.95122917633478 4.23503913078411 4.22401138455479 4.21900313159131 4.22240676879327 4.23318818653561 4.21378881551477 4.21176330119383 4.20805322457593 4.2076370749598 4.21014247952713 4.20590021564529 4.2086131543409 4.20712769005379 4.20624642000392 4.21086927727329 4.22568183910025 4.25456330502424 4.24814255956015 4.21477684192896 4.21330453309318 4.25295491530838 4.38889329143881 4.19807046550615 4.24017558735125 4.47987556026081 4.57773767457498 4.60325294945326 5.11057521009688 6.33511746843945
7.61434905021714 7.68592496710544 7.55433493175992 7.74606570019674 7.40933609793976 7.75840050749688 7.76016127895004 7.71969232684786 7.76347352068085 7.68737671178741 7.73338701065041 7.60938445910333 6.1537524223643 7.38464623937351 6.80220402781724 7.62408836872973 7.58595001943607 5.60281213400467 4.26060964203511 4.22562536702318 4.21463587796913 4.2161837788387 4.20885668126477 4.20690149958033 4.20660418716065 4.21380449553415 4.20413285800817 4.20578596190807 4.20494995375446 4.2052944919672 4.21151985144384 4.206504389918 4.22078615654338 4.20951903067531 4.21844449839266 4.21440546961631 4.21525119643904 4.34808398766542 4.40396276456964 4.37718777676443 4.61971432803761 4.80095702374311 4.55173850393967 4.50941126669686 4.34440060075356 4.37738326515113
4.89009385064646 5.94864240148468 6.46347436363034 7.7572681463114 7.74926513093659 7.737196601513 7.70584065098076 7.76047242762333 7.09704882567397 7.67579503601038 7.70295140907883 7.73143952507397 7.72098531836888 7.75477621704149 7.56298843391084 7.75105045625524 7.72886871654414 7.34093590809749 4.69257086779972 4.23434945832445 4.21525564410471 4.21209424321688 4.20799460249534 4.21100280832131 4.20788623413215 4.20870355619069 4.20735737126398 4.20768423555596 4.20769670287402 4.20805312454586 4.21179455804141 4.20789709914319 4.20646682632651 4.20971928297641 4.2084461927073 4.21226227632744 4.21595213213393 4.26451271319765 4.4746963707157 4.89069875278006 4.25353997581704 4.36385801660558 4.51058664454444 4.33621440004912 4.22885620186674 4.25674329355266
7.73045332257409 6.96956693702225 6.79102964074458 5.98082003801795 6.95561924329574 7.68049423556784 7.11271334014064 7.46774661093448 5.24930078267669 7.53112574306466 7.59490884619131 7.00618439299979 7.75747096770498 6.41405586060967 7.36659513931624 7.75352581935879 7.73452585304812 7.75105548852373 5.89111623987465 4.60411878674554 4.22322635147323 4.21694412510571 4.20877664881497 4.21319722404759 4.20810822117251 4.20861885513904 4.20451790963024 4.21032621912963 4.21272984403607 4.21118177524276 4.21563397740176 4.21325657665685 4.20804364365107 4.20659269347639 4.20993283762845 4.21143881586608 4.21274765380403 4.24402215623767 4.24519569020288 4.28470708607041 4.47258075580535 6.18205312109322 4.83039955687394 4.35584637265768 4.23245776501155 4.44719432609456
7.67963470271759 7.420670805373 4.41523627339122 6.66794384651177 7.36746685575643 7.7312324597585 6.61687496818569 7.67078399469973 7.6887736183416 5.34681428220109 7.12306943755589 7.06096162047519 6.62465912216084 7.52168321731437 7.6958435078861 7.52923497789898 7.69592351989249 7.7241580368031 7.73878994947807 7.70943577974361 4.62008896559421 4.36225032754549 4.23344000101803 4.21124589832973 4.20951398174877 4.20881796505398 4.2145196211979 4.21037694693039 4.2098962048643 4.20454771993858 4.20953120791528 4.21223644652471 4.21060746386758 4.20903135673469 4.21002216313893 4.20836174820815 4.21241348648795 4.21792755287316 4.22242822481724 4.27772733267584 5.65641488599694 5.43320653068623 4.38506510235481 4.31740757658367 4.3576996864664 4.54907801165216
6.43104159691207 6.76312644964024 6.02719955966126 6.96805003058794 7.7591648784963 7.59939589127134 6.23121974162405 7.73258095688567 7.75885460035116 7.64617331789745 7.60102653361479 7.74949901540985 7.72939382538368 7.7356286112606 6.18007366791791 7.19809646875668 7.65254984601057 7.74139293271652 7.74993504902142 7.73383177552496 7.71517264218354 6.99945093880859 4.30908501741191 4.2214700182575 4.21145558514707 4.21046486229264 4.20883904317699 4.20956565413757 4.20816640124574 4.21010423221838 4.21105965413488 4.2146507614575 4.21012840991591 4.21731733933872 4.21685970413876 4.21537130786329 4.21590130227607 4.22060762725523 4.24091039735083 4.25670329334724 5.38329362973535 4.22183685325541 4.24501100591656 4.24489633756009 4.45477240430794 4.82845064106045
7.54267929246957 7.70573057884706 7.6136377819353 7.66709491586826 6.62045725844396 5.53532048375791 6.25304943351261 5.83701071933799 6.29750575317346 7.16657246615045 7.72007139735767 7.69784446492351 5.95581118072444 5.79662342580241 6.1013171396281 5.47807155033538 6.27132730732851 7.29039635936224 7.76211090375573 7.75485411367746 7.46133699635536 7.14575250305674 5.50344889147152 4.24250669555246 4.21894853466387 4.21117612329985 4.21144915386497 4.20812296570838 4.20935699769874 4.21631629421931 4.21092823657831 4.20430924253557 4.20970607346335 4.21126020696041 4.21341792429413 4.2223400567407 4.22409864025088 4.22327934523328 4.22014571682113 4.22269427738339 4.21329694149741 4.21668534350931 4.33218791309139 4.23654866988777 4.31018181809464 4.54442300040296
7.7562821885495 6.65509673253059 6.68641966347528 7.65385866891211 7.39041353988681 6.45771556900201 6.64109207841224 6.01326548596186 5.6902850017196 5.81470802356381 5.73482011001723 5.18833450210497 4.78142046853074 4.87271526608768 5.29071535784237 6.85034997736649 5.05437790581637 4.85129550549577 5.6941526314177 6.17127013545479 7.50349735257912 7.66921209937112 7.26527851872399 6.26959642400668 4.63072388829647 4.21468646187495 4.20993137878215 4.21050187783891 4.21450984659559 4.23724443469782 4.2156711639931 4.14461021333411 4.17482783811431 4.2134806453291 4.21522528823585 4.21570350451862 4.22823913213924 4.25882539464423 4.22605138917939 4.24046346136249 4.22918010613979 4.21242476359107 4.21674669771421 4.22316571864437 4.26437462458552 4.3849760282316
5.60945644233236 5.0587104207522 5.96342570908438 7.19532970768612 6.87468105739705 5.7599568915078 4.67270934720218 5.71583930625176 6.00054034083367 5.37345716394473 4.90403884935859 4.48322623093765 4.71497714275979 6.17719521090149 7.38239747868169 7.37361874842203 4.61385793877775 4.70748020871937 4.80006153293745 5.46392396026098 7.08480222874888 7.71071958849474 7.50370026043719 7.2522723357257 5.97458176089698 4.22927311209312 4.21297698540757 4.21208834395218 4.2419301015098 4.2691693054954 4.2066662933165 4.09826430035752 4.07130727111942 4.19244413424866 4.21010144857813 4.22657684769134 4.212739656695 4.4963588604819 4.36041861477464 4.30816357587025 4.22319844312687 4.21548653841321 4.22345011811147 4.22671165598507 4.26038687879279 4.30642119796926
7.61039936562939 7.7479205230793 7.75761216703749 7.75110059529375 7.74605465675208 7.76092309763362 7.75079851372506 7.61051185461583 5.7198282331866 5.40182413930024 5.01523940099382 4.64075520427614 4.46441303294284 5.18255807481174 5.00596773977011 4.92682384623132 5.56852646897573 7.42757651919878 7.15587787910034 7.13537284342778 7.49654290930259 7.59127749891712 7.46288173193891 6.07764451072442 6.17185228754034 4.85387125885295 4.54491520044299 4.2628372502285 4.32644237989499 4.22323033075843 4.19427173407221 4.08766402838208 4.10204818807012 4.18101244560282 4.22117005385193 4.23505936260502 4.21455474482458 4.28841622812691 4.49664367692184 4.58393304593361 4.32076484858 4.25544012740504 4.28214796377118 4.27077001625989 4.23982027434521 4.25074759143682
7.66142804778061 7.69020811387342 7.7635554652495 7.25768178075079 7.75096864489078 6.21329447077042 4.77598746613796 6.98509855676746 5.70918016502691 5.22489888021277 7.75631161487489 7.59242603263279 7.66399717421231 7.74501892048841 7.7373943876026 6.41894803051567 5.88935550281067 7.60780824137671 7.65900491305853 7.57442233229298 7.14706424977129 7.42762184022446 7.57639865421424 7.3572937976643 4.70435947408446 4.40542952561135 4.94552288502931 4.2774470623254 4.80393108373101 4.43458360491307 4.22838838824733 4.12052659214289 4.15305030514357 4.1949080212242 4.21367048617284 4.21223303927829 4.21064065948492 4.22467332369509 4.62536725535939 5.17126870962386 4.70411955626727 4.38639681049504 4.34269430110597 4.26997271282116 4.27760091671628 4.33469355742549
7.72411886116547 5.64400200750026 5.25001151829556 5.60591729966146 5.2616682508662 4.4942172395154 4.48387335089289 5.61962068388257 4.38847930424598 4.45500472460505 4.88299135568367 4.61438562995133 4.79243082693854 5.1393889539692 5.29564870568488 5.88312966784982 6.50928542471501 7.72816348990844 7.76081330095324 7.43096591763621 7.47338828259005 7.44104452222601 7.72312393072641 7.36205548758328 5.80381268769017 7.11688439071199 7.25232963270537 6.62291766490943 4.6406533210656 4.38928952815009 4.33996941838387 4.18808262143641 4.16495813320695 4.20878115658549 4.21467462321312 4.2118503089904 4.217769427468 4.22109519749844 5.2533734242149 5.95907486190297 4.34244154508211 4.44110570653288 4.3087527876309 4.29437228676643 4.55885754670098 4.86847643223544
7.54753732962745 6.9964074398259 7.72304305479142 7.62373756834355 6.26099047927491 5.85787815678947 4.56456704275278 4.6027628581895 4.4192205221224 4.54843840747853 4.77602231363968 4.63661286907717 4.60741533251326 4.88723409904638 4.6725184376286 4.77580893125284 5.41217296564168 6.35847720165196 7.33364951383778 7.44663325747467 7.3845524692756 5.9821708469146 6.69274664519996 7.48155511345117 5.79540952906573 7.10894537897344 7.16052041887214 7.53391396144533 7.36089205732021 4.990951538977 4.94036837819851 4.24514791683009 4.20450602066117 4.20016197850897 4.21201856045045 4.2172610505641 4.21567069474559 4.27484971170431 4.39232959947586 4.91116310532447 4.69692231526499 4.29830737220168 4.25258336840744 4.27238420910596 4.78528689560591 4.29134532844758
7.38252210251682 6.8818580236849 7.76031557246755 7.63632476275803 6.32672494856713 7.49094946894239 6.52268332149163 5.20317317460491 4.4643835004932 4.64086805261263 4.75964530665588 4.53018933183245 4.51215199337173 4.99274231767735 5.08998781524387 4.72749164804382 4.70477984817547 5.14652616205267 5.94700439554275 7.57521328450571 7.7594684838561 7.46732534045209 4.54916508426578 4.3108233072381 4.32901886815375 4.15444183492 4.26801367853729 4.51836817345481 4.8061240803604 7.44650239723508 6.93341710824671 4.71667059349663 4.73664827926634 4.32163110938372 4.21895792643764 4.21085902121694 4.3150302494406 5.6745015319531 5.75776890157617 4.58515521571347 4.33254783762567 4.4508104752963 4.46360935666318 4.29589395360662 4.29836842588017 4.42686057379839
7.74679601998423 6.15657264232548 5.59014210348091 7.01864285201883 5.78239860857073 7.39245676080726 5.66728386420791 7.29302746833494 4.92291044345289 4.8736683265518 4.89819223771714 4.80938643094463 4.68857315191387 4.95764196890146 5.00990548504203 4.80807049680491 4.60560713855086 4.93919824364888 6.39643768925886 6.80050618715803 5.15031991539321 4.50040836313287 4.31703078365198 4.22437393463234 4.18949408733447 3.98188661736966 3.98318958307967 4.15505927508136 4.27309071766312 4.78481414309508 4.44160363363955 5.10338545812279 5.25387698056677 4.32009349700533 4.24592671953249 4.25564592655083 4.24607136839439 4.37892226466268 4.6082907939096 4.40805635880864 4.3081482711 4.57501736088433 4.42860232824846 4.29724564587218 4.29648936786907 4.56331066694216
