IBR/IBR_outputs/all.combrep_1/VRM_Total.WeatheringIndex_Total/VRM_Total.WeatheringIndex_Total.asc
NCOLS 160 
NROWS 95 
XLLCORNER 210004.651214014 
YLLCORNER 7350008.22228844 
CELLSIZE 4999.99999999997 
NODATA_value -9999 
[rows 0 to 20 of 95, columns 92 to 137 of 160]
-9999 -9999 -9999 -9999 -9999 -9999 -9999 -9999 -9999 -9999 -9999 -9999 -9999 -9999 -9999 -9999 -9999 -9999 -9999 -9999 -9999 -9999 -9999 -9999 -9999 -9999 -9999 -9999 -9999 -9999 -9999 -9999 -9999 -9999 -9999 -9999 -9999 -9999 -9999 -9999 -9999 -9999 -9999 -9999 -9999 -9999
-9999 -9999 -9999 -9999 -9999 -9999 -9999 -9999 -9999 -9999 -9999 -9999 -9999 -9999 -9999 -9999 -9999 -9999 -9999 -9999 -9999 -9999 -9999 -9999 -9999 -9999 -9999 -9999 -9999 -9999 -9999 -9999 -9999 -9999 -9999 -9999 -9999 -9999 -9999 -9999 -9999 -9999 -9999 -9999 -9999 -9999
-9999 -9999 -9999 -9999 -9999 -9999 -9999 -9999 -9999 -9999 -9999 -9999 -9999 -9999 -9999 -9999 -9999 -9999 -9999 -9999 -9999 -9999 -9999 -9999 -9999 -9999 -9999 -9999 -9999 -9999 -9999 -9999 -9999 -9999 -9999 -9999 -9999 -9999 -9999 -9999 -9999 -9999 -9999 -9999 -9999 -9999
-9999 -9999 -9999 -9999 -9999 -9999 -9999 -9999 -9999 -9999 -9999 -9999 -9999 -9999 -9999 -9999 -9999 -9999 -9999 -9999 -9999 -9999 -9999 -9999 -9999 -9999 -9999 -9999 -9999 -9999 -9999 -9999 -9999 -9999 -9999 -9999 -9999 -9999 -9999 -9999 -9999 -9999 -9999 -9999 -9999 -9999
-9999 -9999 -9999 -9999 -9999 -9999 -9999 -9999 -9999 -9999 -9999 -9999 -9999 -9999 -9999 -9999 -9999 -9999 -9999 -9999 -9999 -9999 -9999 -9999 -9999 -9999 -9999 -9999 -9999 -9999 -9999 -9999 -9999 -9999 -9999 -9999 -9999 -9999 -9999 -9999 -9999 -9999 -9999 -9999 -9999 -9999
-9999 -9999 -9999 -9999 -9999 -9999 -9999 -9999 -9999 -9999 -9999 -9999 -9999 -9999 -9999 -9999 -9999 -9999 -9999 -9999 -9999 -9999 -9999 -9999 -9999 -9999 -9999 -9999 -9999 -9999 -9999 -9999 -9999 -9999 -9999 -9999 -9999 -9999 -9999 -9999 -9999 -9999 -9999 -9999 -9999 -9999
-9999 -9999 -9999 -9999 -9999 -9999 -9999 -9999 -9999 4.62691422170277 4.30911534176644 4.23389746165132 4.29446627929692 -9999 -9999 -9999 -9999 -9999 -9999 -9999 -9999 -9999 -9999 -9999 -9999 -9999 4.52623931626748 4.3047168542244 4.3339429239005 4.32357356392417 4.26896231625749 4.25357966079511 4.30646725163401 4.27969629333533 4.23814397331973 4.29069561344238 4.32798544600147 4.337948812847 4.28309033327964 4.24215190225945 4.3162208247797 4.32741919508348 4.34109449734247 4.30971612228539 4.31323783945038 4.25139547942015
-9999 -9999 -9999 -9999 -9999 -9999 -9999 -9999 -9999 4.72096650052267 4.23221483433962 4.51264178289378 4.2299890485169 4.25456888857922 4.34884150568732 4.30473845991767 4.32160513270432 4.40425970957943 -9999 -9999 -9999 -9999 4.24676717938381 4.31688730095793 4.3677407132458 4.37521418396574 4.32665934444094 4.25342907858139 4.27909711621742 4.28781154934636 4.25806435596435 4.23900854214516 4.31346266946619 4.3216951651737 4.33146628161598 4.3350526976852 4.30499046764637 4.3166896733102 4.37214291951009 4.24617743128337 4.2610685667651 4.28745010132129 4.33202883815845 4.32260125841881 4.36651748593905 4.32128422698085
-9999 -9999 -9999 -9999 -9999 -9999 -9999 4.37202128349651 4.45591739339422 4.28206142342266 4.22207125743938 4.37135389218196 4.48494236829278 4.20617607019037 4.20509296965137 4.20322368104986 4.20778202802091 4.2521762037556 4.32766231702363 -9999 -9999 4.38626944728575 4.23277202859251 4.26839120486529 4.26539684152508 4.28010089873394 4.31596350824525 4.33364301199761 4.27789007662682 4.24478587580485 4.28366137270156 4.25683694067443 4.31046153677922 4.29946676329825 4.30694616335187 4.34470296034146 4.37924619301481 4.38308747725865 4.37757340639486 4.37044937027897 4.29957296172366 4.26761737582559 4.24314303912843 4.2745923987196 4.30312269793602 4.31715071297761
-9999 -9999 -9999 -9999 -9999 -9999 -9999 4.49178207378995 4.26922818878971 4.22046710152128 4.21582865101434 4.22388156433738 4.22710699120934 4.20714537371645 4.20131011494585 4.20152509714228 4.20291364664071 4.24488927607382 4.29622612302089 4.35458124122186 4.3193101433357 4.24952652635786 4.22525248906841 4.22869889919476 4.27524939972366 4.23437191305864 4.31349042491975 4.27280821256383 4.23845330184164 4.26135951777586 4.31536107130309 4.28064988467833 4.22956855008275 4.29591565491932 4.26709451803047 4.35086429798909 4.40296630670973 4.39769767988635 4.33663462959452 4.32390711847673 4.335657866937 4.2999592476114 4.23206018440955 4.27294780507593 4.2494779501963 4.30041599907768
-9999 -9999 -9999 -9999 -9999 -9999 4.81930220283963 4.3618177416522 4.21418985649118 4.22056735390319 4.20960622086152 4.22434841078057 4.2446823967512 4.20441266913996 4.2069577633351 4.21768975058436 4.29127202776136 4.32567949211533 4.24945674893206 4.23800861865609 4.24288663602114 4.26957765277618 4.23700447560547 4.23596815885218 4.22385958691338 4.29165215849206 4.260628023744 4.26611532592562 4.23778315573809 4.27342829268243 4.29620490096129 4.2966886758864 4.2306663165183 4.2755957185734 4.3199396507653 4.32652082600769 4.37437644739105 4.39170658525968 4.31975329172156 4.31196542296878 4.40839015249426 4.32484755067772 4.3180491008634 4.32639454351909 4.27175763123555 4.25256870685949
-9999 -9999 -9999 -9999 -9999 4.64005150513852 4.3107728311488 4.262764221603 4.21890876480862 4.21421587053367 4.21245648937954 4.27246390931014 4.22812439202164 4.20853192186069 4.20948754374125 4.29919832088937 4.4345530364094 4.36547738051117 4.28233281710119 4.31425945172326 4.25133318009571 4.24947683287321 4.25794431143491 4.22573531727799 4.24579248344795 4.28339201032214 4.26907176190793 4.26850999759579 4.24948550582977 4.29188427807289 4.3336737061587 4.28948610088515 4.24521320908412 4.2480699666684 4.29618424486929 4.31523362617616 4.31340543346438 4.34031215306504 4.30163173757973 4.24048467603344 4.34598682165008 4.33280851991808 4.30148761331205 4.2860110362276 4.33658246667834 4.35044770184562
-9999 -9999 -9999 -9999 4.69247277155941 4.47059230801889 4.36821218233824 4.30049323576963 4.21990675674739 4.23432987706282 4.31247506983006 4.29866100425493 4.22773111195188 4.20844155383154 4.20957477178575 4.24508699335148 4.3354373598252 4.36225733735056 4.32412810414332 4.33800784345893 4.26589112824036 4.24775515249976 4.25605527168097 4.23617496400522 4.23266331539964 4.30355879415545 4.29939653916366 4.3259089198478 4.29793884288984 4.24858804903021 4.29978003677943 4.29459623426423 4.27712962901616 4.25018789690892 4.24136816331055 4.24983543322707 4.2533060466648 4.33111223274872 4.39756647110207 4.27499315431687 4.29446389939738 4.34909664456831 4.37709171452042 4.29127326962101 4.28652329388728 4.4254655754078
-9999 -9999 4.43916489371014 4.27869001380237 4.66152046612869 4.98742220306154 4.31256262349366 4.22491717727909 4.07115363421856 4.51801328895173 6.41552684065365 5.20598935815114 4.28454566412786 4.21941570060887 4.20259439573145 4.2080613719337 4.24973317423487 4.28615893783779 4.35461449943709 4.31540018575279 4.35712878739937 4.29966843524225 4.32262449737152 4.26084530571236 4.24824625313544 4.28084117770911 4.30385943427686 4.3260246683594 4.30690709772969 4.26512755148867 4.30119022518877 4.28852194015275 4.29188020816707 4.24292866359739 4.31511052191922 4.51843939204944 4.30406493238509 4.45846035569128 4.3832215657121 4.32251220282197 4.26475432715599 4.39098005742203 4.36155837831037 4.28621810209772 4.28182734374644 4.39522910120243
4.74938639951639 4.46292123645061 4.26559286646526 4.17207262131614 4.20844860723738 4.40530014351547 4.17018747975017 4.20022471832787 4.1287234461429 4.17897497906538 5.80289103329943 6.95501722239465 4.25261276043289 4.25504871162202 4.2263669404478 4.23834116239633 4.45798937827489 4.50697562005282 4.37984764402988 4.68080801002948 4.35297328573212 4.34356616235862 4.39937017577625 4.3841243440821 4.26856588515971 4.30809324908705 4.31111371721704 4.2995324008082 4.31068804380134 4.27419522601893 4.42917883868922 4.40367262711704 4.29101039019561 4.26296134753609 4.32495966681122 4.47595205570246 4.37327887013542 4.44644053094717 4.32398103965936 4.36206480228735 4.33737895367531 4.38961852869107 4.36110887542403 4.31547968812961 4.27988302442057 4.34295239905371
4.47043587181416 4.21801933200944 4.09764273964 4.06321313581575 4.15415912749108 4.16413401646407 4.079350472464 4.20368596224181 4.17937795801558 4.22451856993932 4.62631172961083 4.5050487000562 4.13032875762121 4.15591439739649 4.27972476761213 4.35208749454903 7.59030318136206 5.11516087690338 6.60501274312086 5.72851921007735 4.25123509289547 4.3139855571044 4.28883669419366 4.28736198429268 4.27417614345908 4.27134189723856 4.30918245963723 4.40161224505748 4.35132570558248 4.33442942218785 4.39148039169354 4.32952545977341 4.39357872519168 5.03164320679105 4.4573181833148 4.28173861158995 4.77545855504283 4.39888864047695 4.48205358015841 4.44107667197349 4.36085382234132 4.34825399270305 4.32301574257124 4.39551453181727 4.30142760546699 4.31501931749353
4.07114150524279 4.05825052379828 4.05079493864854 4.06816446788565 4.1403096577046 4.16766277439135 4.17342188601353 4.07713777997644 4.06732714986481 4.07892997336407 4.09747601648118 4.10011453398078 4.09983115921869 4.10395152664723 4.10037982774506 4.18832887637928 6.28620646152609 4.67477591318895 4.21571944171811 4.23662501253959 4.3216494633384 4.48905455809992 4.10163848804308 4.14159576897132 4.2998993180102 4.33554151653315 4.37870544541981 4.30612900294758 4.94245711905171 5.35961844604117 4.39868860697547 4.2788591123874 4.73554563947392 4.43717094745394 4.49529254945215 4.4246208072479 4.38486758063008 4.43582014970597 4.38259052857385 4.41707138095229 4.49961033042503 4.28507942959257 4.34495700990862 4.30565736618838 4.4677655481583 4.36634151338885
4.03971381660677 4.05011938479547 4.10629065658276 4.14575181717554 4.17490969326904 4.18364838569395 4.24419652885589 4.08996922697676 4.0648446280814 4.11287976723343 4.20134818571599 4.13684456828718 4.0845455344268 4.08052135881948 4.07554726673432 4.07513487873501 4.17288349469807 4.22432712280948 4.26198483172731 4.21264290138935 4.28742117092714 4.25266906845115 4.15544311470757 4.31044107353856 4.28597668049427 4.32715296375537 4.42057837348147 4.30043226110688 5.68734643302658 6.68139713492986 5.59081017476817 4.44406873980035 4.5831004435249 4.42481478583322 4.43323203048356 5.16002686973333 4.84566997937985 4.54800563989432 4.36219953210932 4.54938730790721 4.2885231661462 4.32559164596819 4.31351034576529 4.51934188800981 4.53435524007054 4.67620638042119
4.06337635799795 4.03547664112694 4.07752953596058 4.09417072272529 4.29425546422444 4.20073628441159 4.10717907766301 4.09922553268138 4.09359257216953 4.09902483391827 4.18121279131789 4.10947651769465 4.09902219448746 4.0959342283951 4.09653460272746 4.08413611937403 4.07254211469393 4.19113400616726 4.22074025449403 4.27331603696369 4.21895875467069 4.16540724680266 4.09145725168041 4.21330478436532 4.26865119186782 4.23701840574582 4.38037295809475 4.28656089536556 4.28658906303969 6.44660925024272 7.48225466945299 7.47089856551463 4.93773216483686 4.36433952853058 4.34142094813683 4.35220239397976 4.42419181000119 4.55087350054605 4.46952285377025 4.39164127806656 4.3187202390576 4.32320469654989 4.53776891600091 4.55259955621505 4.38480605286751 4.60775588386896
4.1099225755542 4.02305312636527 4.03041927648728 4.42182248012222 4.46372313544549 4.09361220145316 4.11392152339672 4.2512266132784 4.16475245214752 4.07664384788296 4.14464269207649 4.10375133838149 4.09063467317451 4.09006698356399 4.11195594009772 4.1219284267069 4.09032635597457 4.17651354480208 4.20702302432337 4.21554597898931 4.25066674704078 4.24273076474713 4.28001533748144 4.23305149145666 4.21282626837725 4.21261367856931 4.22852807747374 4.21744917944088 4.48455627473544 4.61491314052116 5.03098934757153 7.62896418872733 7.13756716077175 6.03218143766886 5.72627351260659 6.5339992773092 7.22886291650113 6.80725516227017 4.88049635283563 4.33463449166646 4.32950242979603 4.74742700373421 5.62770135485427 5.15240931830767 4.53588514156022 4.36934948136337
4.21971755584399 4.2154306256326 4.13505951233094 4.39670980908728 4.28047135480093 3.99547033088079 4.37725407189464 4.65507596212024 4.10069284969204 4.10574029114735 4.12340303436748 4.08159322597014 4.09685628743445 4.10484060796823 4.09140445670518 4.09352468539867 4.09800634764783 4.19704200004015 4.21077037430324 4.15438518586333 4.1644158227541 4.09023875784483 4.12484692879426 4.24981926137551 4.25288434027692 4.23747668555377 4.21299118249099 4.22895473138976 4.29073297628519 4.21598217997635 4.23857910691065 4.60646523995185 7.4089447392402 7.21141860851569 7.07527292793217 6.77841696984936 7.20082629560092 4.30983810938557 4.29732190933183 4.27322372687815 4.50966715081481 5.18775449002962 4.45930837858892 4.80233521080141 4.52338335420173 4.41497912096117
