IBR/IBR_outputs/all.combrep_1/VRM_Total.WeatheringIndex_Total/VRM_Total.WeatheringIndex_Total.asc
NCOLS 160 
NROWS 95 
XLLCORNER 210004.651214014 
YLLCORNER 7350008.22228844 
CELLSIZE 4999.99999999997 
NODATA_value -9999 
[rows 63 to 83 of 95, columns 46 to 91 of 160]
7.70700830671002 7.72933890227741 7.55594976174342 7.72264198838903 7.7072265278487 7.71740776129114 7.70057102058543 7.66941144401431 7.29606691449505 7.20594651285505 7.53199020562998 7.61654022165826 7.73296097774645 7.73700434628946 7.16994577491633 7.35233701389278 6.35654120985412 5.11385298572577 5.0077454383697 7.1855324177549 7.73675660196506 6.94126463119192 5.48037750621415 7.47379535304171 7.27168328323756 4.77018985118034 4.85663471744521 5.0631110813229 7.6604147080313 6.17871138870128 5.46369718500897 6.26955418280717 5.04204059463202 7.76306792459289 7.76040672980885 7.73718459145229 7.69822910104588 7.62683536323686 7.75745779329391 7.67627515225048 7.75212725744956 7.73149737872583 7.50538418079552 7.66961456610134 7.70094852995655 7.41612943392771
7.71741800989299 7.68142443939497 7.20412036286601 7.65524549275466 7.705874519966 7.73257268614414 7.72623039274741 7.70430052545034 7.0797965181637 6.87877818963184 7.05825575647433 5.26859189788981 5.85374383176479 6.30867066182009 5.80360304947874 5.79500259064361 6.82647100816598 6.37938878170618 7.74909462651024 7.74774769483393 6.52892917834802 4.69205358593077 4.86222066084122 7.38912377093839 6.46687515041674 5.67997085110738 6.09635040536405 4.79182083798223 7.17825308261967 7.37176672592884 6.8373454474821 5.68775197891869 5.52673968819578 4.32969381706458 6.48152618936685 7.67728149701116 6.5189953733522 7.72633862964494 7.71466352008366 7.74410093756489 7.02238903524611 7.49208571522078 7.49310031504035 7.56104944659941 7.38577723240012 7.74259269981522
7.40598109039009 7.66923828968589 7.58967152452962 7.65675803323324 7.70965825031717 7.73467911958471 7.73516718886497 7.61971212342434 7.57568683227131 7.69021102653097 7.72047020059247 7.53258387014251 7.27580679134439 7.72924965896256 7.74187471526528 7.04935883810077 5.9596998750587 5.42270016000532 4.83702220878361 4.9439864219379 4.99025667774707 5.65271611987217 6.31285264410922 7.53031293260743 7.02372606122545 7.60787272414444 7.73505031008548 7.40776513424882 7.02858554741114 5.09479885043442 7.23174995414328 7.63199805339346 4.83036122782707 7.08252882504465 7.06184293995464 7.62770972753785 4.23059250679098 7.40483900291387 7.49808838525589 7.04404446318135 6.46201639039406 6.08745967800491 7.60997737015812 7.39836514230756 4.91516536635566 7.76241398020329
5.64734288946564 6.19776737325106 7.53883771035995 7.70969555332393 7.62455671156514 7.67974762105414 7.66599755349625 7.63005090874024 7.58862538061832 6.56572124267521 3.96882435620821 7.21286784690345 7.70525409853721 7.73881452986389 7.58779840562943 6.58354923700226 6.74984851994386 7.42556990803292 6.12790284594986 7.32409413683607 7.72529968699723 7.58982394772597 7.68143964663162 7.58268511027801 7.70680077105248 7.76358387107483 7.76089087219677 7.69005623700376 7.72210257713897 7.70970933894218 7.69632507642735 7.07275234633196 7.70521677372712 7.58258033477479 5.50043348846273 6.80282686158051 5.96950239977679 7.56868912469726 7.10974109198724 4.69597688585173 4.45348281656223 4.46677259003053 7.15289306330826 7.75743454243741 7.69276449592115 7.75879917579062
4.77965885911595 4.40032396392121 7.44060633748715 7.72111268615403 7.69957700714138 7.64995002796923 7.73888153692015 7.75008421275906 7.64811441590561 7.59336792133731 7.35468177848412 7.71639847121996 7.7492676861351 7.65474553284247 7.58901685874027 7.60265661224789 7.68896147181923 7.67434802485041 7.23945723319202 7.29353170732962 7.75120175255458 7.51910785679812 6.70689424007059 5.44725213781001 4.81600438844121 5.14819726493652 7.36864273382383 7.7415206625976 7.38418993200614 7.57019970155848 7.69157256498686 7.6635472344942 7.375547066588 7.71698047256079 7.68727527110368 7.45808398459267 5.72330593005225 5.7387879359982 6.98106742352704 5.99550856842099 5.39431329115686 6.02633027182745 7.75771600440091 7.71359120025223 7.75510178401416 7.75761122931984
7.31292235357221 5.45521999430331 5.32823188472444 7.7439878747247 7.65958436612307 7.70831444639349 7.75073150831618 7.75743979065003 7.66696382143959 7.75330740507266 7.67551889786466 7.7420532161139 7.6921743229937 6.9768748937968 7.59524224323614 7.72641641046779 7.32677362194567 7.1340051599781 6.14492710561745 7.44477980746037 6.53100131912744 6.2008055274838 6.05600637834648 7.74612550543759 7.76203134970383 7.76228723013769 7.74168861016891 7.74650566141277 7.66388358508537 7.39335388931832 5.06623792018414 5.54446087177209 5.94665612786639 6.87949766636096 6.48054071371508 6.54302095308155 6.28233659551243 6.54267108248556 7.69952507808027 7.65961202912629 6.86270156483496 7.56512623696004 7.75346771568575 7.75392567073819 7.76312801371745 7.65894378537593
7.58034160476123 6.66418496295762 5.04481880780095 7.70429043537465 7.65117200893781 7.46074579745544 7.53798324757035 7.73568884997634 7.71701211447928 7.73998421112926 7.75914900553054 7.74160045541154 7.74736434055812 7.37005062370619 7.22191312565994 7.52748276031081 6.418792801288 5.19464596888095 4.82746186832609 5.06785976263217 5.50905006336579 5.12569437930016 5.16629234917417 7.28001080235009 7.71886583196949 7.7635490073228 7.55710903766675 6.52489076855462 4.78378802475389 6.64175310959727 7.32499637946099 6.95220813029162 5.7630084485067 6.38228973327128 7.65807429167665 7.3520666001627 7.63845008501252 7.34836355872375 7.24572975977479 5.55858428208027 7.59656509435233 7.7622595272142 7.65022772675683 7.75422325267168 7.66921013749557 6.60622054280073
7.31411639244383 5.94467840953756 5.93702673738393 6.21207683209259 4.70962477286677 4.40276810765897 4.32498465572756 6.9175306211593 7.73582797321619 7.74513449067261 7.73460895592448 7.53795425139755 7.72587877006051 7.72472033270568 7.72365648155537 7.73402133885783 7.43291421701561 5.56788111192698 4.5594996156583 4.43968979712192 4.94243253759514 5.52114652455561 6.62584577617456 5.65324815909022 7.75451513656006 7.53349414865738 7.75404165726051 7.40097769721909 5.36436114708074 6.91463290869751 7.477052338583 6.66853096145493 4.75804247546723 4.56972690788812 4.94135875518015 5.89331916478886 7.37322946256785 7.69856195695538 7.04746234005304 5.99864683654524 6.16811217440003 4.85234996040885 7.18386946100195 7.76144931935665 7.75231363222708 7.73946710197148
4.91833394410068 5.76162173063279 5.71987778180026 4.78067775301857 4.62671867295347 5.03450804343825 5.53130411661057 4.6732613118007 5.26449987001712 7.59167538338242 7.72892608828659 7.69901007962737 7.74085744393724 7.65145069198737 7.72338658540319 7.72504284982656 7.74568693002566 7.51599297171578 6.55915540990093 5.3616547563223 5.3990514928521 6.89120099157816 7.2672738736992 5.41737981208593 7.33094566201152 7.74984971077376 7.67594696509309 7.64834269508452 7.67457152702729 7.61427879212235 7.52755524174441 7.35202994901316 6.77451957858328 6.48306107031525 5.69202498513771 5.55437705749582 4.9570671008358 5.40168735594799 6.42863437368865 7.58837884833086 7.42856609661055 7.33086546840982 5.84371534247264 5.92907669982798 5.13579413196635 4.46024347938175
4.44087550508884 5.24354439776484 5.59792198607236 5.88991573825076 5.99740919665822 6.64974004893605 6.26833408147576 5.57092060451671 5.10568055128381 4.46243381212775 5.33348131146189 7.19750612710473 6.44291456543848 7.60682892845176 7.65973515726955 7.74526546270066 7.75183048235919 7.73737702905895 7.65933087237396 6.28009923653281 7.05056145830325 7.69737880932078 7.70613405569641 7.05031647888847 7.5725134079335 7.61480204513327 7.63919649820011 7.73151707622649 7.66376789651986 6.77491536971725 7.61689440438931 7.39576347693631 7.11307293046399 7.13187672976997 7.48776017811754 6.64345446937363 6.91853596889154 7.27409144872127 7.33207354796472 5.37759919048258 5.08418937574342 7.66409203248125 7.76232046350226 7.75960067232083 7.49032301523998 7.3225288109546
5.50592443469269 4.85074782542311 6.2940570281745 6.13403831311637 6.25399985368792 6.27543085600174 6.06771035876269 6.5880853165307 6.79400541405493 6.65648454401721 4.61835525082296 4.22692290310794 4.27356500109593 4.68607849736733 4.95104052372988 7.58337455361866 7.68026484937975 7.50824178640519 7.65452163262188 7.54927390668075 7.56482839153274 6.52329690975947 7.55221793276837 7.69639399274549 7.71701186555876 7.53530655786794 5.53030411574278 5.81057323297631 7.22793661963277 7.36073549028616 7.66180893204864 7.68661528545742 7.63413379903629 7.37957431576791 7.50071764464888 7.27548238102824 7.64023130075126 7.75109122109674 7.69234829746007 6.4084282751423 6.9557915953794 6.5424326489135 6.67839007978057 7.68657765764962 7.61902686964946 7.71928156794413
5.41709603423532 4.53793290623314 5.16157663118021 5.15923615816092 4.75484206436475 5.27675472322924 6.0017339861592 6.10784143767255 6.16441392695684 6.09206428732489 6.66116433820073 5.90651777028518 4.85732302125594 4.41867239731133 6.27597801621979 7.72092180814757 7.0910255230444 6.50301442517069 7.1814353198248 7.18372229010105 7.68920503921576 7.00951482998999 7.09041821356885 6.51069300090299 7.3680743938839 7.72805129055574 7.71442032599608 7.37952362306741 6.54598994663309 7.0935460430295 6.36566454228474 7.39278633459701 6.87014787733196 5.087510358528 5.75835999166179 7.56770796440727 7.75207918647749 7.7377653147185 6.58553301777813 7.69009162534668 7.73120682051931 7.74894943707599 7.74523066719524 7.76302253024731 7.7534051254878 7.50834785395403
4.59961510728767 4.67198832960432 4.77243759399251 4.60373152913352 4.39245379392663 5.09466384542563 5.19688663313185 4.47460614672797 5.04202951951303 6.31714337435806 6.24889926381093 6.53811970394702 6.34170501122209 4.61402805819185 4.42111358813443 6.51084338862752 7.41548120057832 6.82195940673237 7.37678304300277 7.20320817168688 7.66464443830494 7.55990388373622 6.97132972370879 5.66193979268987 6.1335511402375 6.29049664481775 7.50640315299196 7.42784813415849 7.30503590735493 5.88338042981397 5.00742254183041 4.58764991508947 4.97507532394097 5.89143773104243 7.38892119958523 7.74140749586743 6.41005344350159 6.95758882402267 7.36872222281821 7.73468835323865 7.7556364409708 7.55152074235674 7.73025059188772 7.32552699756912 7.55417459848138 7.74132035171913
5.17902004057371 5.11501816004207 4.92361311374398 4.22675744755801 4.34528243581901 4.29897908114347 4.44041470446053 4.76878029038307 4.61030852680312 6.36922003198223 6.74307762821052 6.08667290852274 5.90108544730711 5.61943080181899 4.54397222032696 4.42809804911773 4.68401057874717 7.25366477654686 5.18508287077238 6.40711254384957 6.78077732601582 6.87113656689789 5.98392284723151 6.33717656923066 6.48769011664922 5.67707959709384 5.39952084493086 6.2811517594032 6.07052310893282 6.41547690356815 6.6690117663509 7.06843028730816 7.74953837889044 7.74134892679122 7.75456626271815 6.80804523913297 4.68342755085293 4.24925128160141 5.6156466320751 7.66842180791629 7.72500755553415 7.72460880759086 7.75795775254584 5.19868138032056 6.87528575360898 7.56666989610178
4.52318282929542 4.28906899451317 5.90817646614714 4.70954591986974 4.28271887995051 4.25501841626124 4.6619005792209 4.2815785943289 4.49760342776058 4.15822600083026 4.76951983627155 4.62666004415626 5.5007842218341 6.56366057295868 4.54272235782937 5.67246063213924 5.3107259593767 4.85624108885692 4.43051243084372 7.18087535511063 7.73046625397398 7.73373933845275 6.67598023203685 6.6129551850362 6.32510114032061 7.18273641968631 5.30413307318006 4.40211984255427 5.6355934605061 7.73638907591542 7.74634787191243 7.75295514537791 7.54272071222023 6.88709173726258 5.49066303936619 6.77184232641542 7.18380514832849 7.49925228719998 5.11399095686796 5.115445365679 7.4850458989669 7.6395545932787 7.75856702349065 7.7390248141535 6.68094283864637 7.5586625462419
4.69049305843157 5.15200193533997 5.8864287228817 6.11752940251372 5.72622396560343 5.53762581307247 4.33157626254576 4.6742992471003 4.60390802268928 4.03043665151435 4.5567755822338 4.58038740104195 4.54246573780453 5.70401746362097 4.54757607515676 5.09461373752833 4.81291624889689 5.13186719436139 5.08240172716651 4.53988005798601 5.11929375547373 5.31438627450112 7.64104200116241 7.73068720282137 7.54672048774492 7.3737945143204 7.02043927730507 5.97219460502563 7.50767028456257 7.74591245317815 6.16348765029978 4.94069374741959 4.33591914549451 4.5485656209173 7.21493907814477 5.84436118258174 5.62037439629322 6.28405414339437 7.40829750669504 4.24962340853177 4.41253312819891 6.41295708680622 7.62612158502471 7.74453136451348 7.58957582427773 7.7525110274637
7.40017474536355 7.37732750064575 6.51611016641393 7.14466310198243 5.67189431234396 7.25290480060639 5.40401402202128 7.03359089188831 4.62615543744646 4.66152548075299 4.27899609401751 4.49408346626052 4.42821665473173 4.31130726682734 4.27625236305295 4.28241009914362 4.41150675920419 4.90075280439952 6.23323024635141 6.19988441315858 5.55942432384761 4.43074192494858 4.33875240485452 4.8067871894568 7.51847495794716 7.76153365161861 7.72536072311554 7.73110376059528 7.74798948519955 7.67556281971278 7.7592358318597 7.30118095909923 6.54370743045241 4.68041483080258 5.48111828483303 4.38238668988308 4.26974745120866 4.26123343897872 4.40366345284 4.34605594298466 4.27760373010746 6.31842955801861 6.93289987361562 7.69566744967938 7.70822311534506 7.74081806717943
7.71073691897604 7.5895051021948 7.58927362464923 7.53231508056398 7.31624729423296 5.81522447384998 6.36860341321879 7.3146715965993 7.23867078347653 6.48402110882249 4.72886508753848 4.494488575765 4.2366157521587 4.46313139430186 4.57855700482714 4.60211389976352 4.76029002273609 4.33583182740658 5.0374453159452 5.36326198861146 5.20399563510091 4.95192273854936 5.26335119130751 4.78780979281292 4.43144585712399 5.20181149773858 6.59770203134233 7.57289728657905 7.76136664025957 7.70991346932616 7.73130790819746 7.75596491339922 7.64674181167766 6.06206644753559 6.89949548300468 4.32035633210788 4.23864425152862 4.30442974203995 5.18399236414937 4.82143392175578 5.47555334136905 6.03145165272387 7.70919210066381 6.71189907778183 7.75834126839771 7.75295368129815
7.32233390461767 7.71891141984562 7.7228849727592 7.62495424572887 6.40557667947812 5.02008580043081 5.3566262584157 5.79061347011802 6.71404192071054 7.53799972541332 7.4457802221297 4.69715950484184 4.25125765487961 4.42906722227854 4.62519558913136 4.57410152668493 5.21638755748529 6.02916102473375 6.69794811152638 4.73371492976364 5.06961390454076 5.68176779161356 5.19463509185563 4.48496247886263 4.25782111758065 4.31390511150406 5.0834212941216 7.64187523092977 7.56954202084565 4.73199712734252 5.74905762986403 7.72678954282231 7.75539020186402 7.56600024196927 7.15488347796737 5.97516962457256 5.51547497988918 7.32772284419887 6.2827031809345 6.20027972062653 5.53731380293091 7.62039292749985 7.64974162725186 7.60692516383213 7.41788002813739 7.74799274550769
7.69239936657036 7.61811779252017 7.55763661776527 7.26169128292694 5.69604944788694 5.75928672433346 6.00041732403711 6.01941125342099 5.62891550153353 5.88548858242015 6.89098051725203 7.56163202630694 7.59979664174722 6.26926795374287 4.3631228908323 4.64982149657596 4.87500327584039 4.70781687411451 6.04847526485942 6.27924655237241 4.34762375069736 4.59009855831429 5.06594834800326 4.34573027953161 4.34263775605595 4.36779408768803 4.32430733175705 4.92030454104923 7.57991932793352 6.6093934189134 6.40836203491884 6.9084445649887 6.23940768090073 7.74770140689778 7.75523536163886 6.76805969032071 6.47325859846481 6.40729671670482 7.39717544413383 7.49743805280543 6.09561852617403 7.33368568003199 7.48917901975552 7.75193023575434 7.69370005080385 7.26140421246575
7.73895919209449 6.13474316553588 7.54056553451983 7.68672641453462 7.46473048845911 7.24676413260134 7.25560645241933 5.15954872647171 6.02599895766062 6.11810014219239 5.72467012650094 4.30194130657589 4.95122176992911 6.36256874135397 6.92411129568605 6.14529452873874 4.6413708063463 4.26492166765903 3.51444197705175 6.10855678634389 6.29402885158882 4.40381985519747 4.41830044769699 4.36583765245642 4.44506540791789 4.44018450153079 4.52306753733357 4.39101064801779 5.96326618760139 7.60043586190578 7.24584776990176 7.7004587009848 7.75397545699628 7.75507815260779 7.74960956809625 7.5987638151344 6.56028412390254 6.05875940540722 7.44323165115543 6.50356548263624 6.01217234604249 6.23375614939443 5.74136985075496 6.10830798901186 6.11108745470021 7.72853475525412
