0.741939 0.255178 0.00288324
0.866929 0.132971 9.9991E-05
0.775861 0.212519 0.01162
0.881659 0.11803 0.000311513
0.935854 0.022898 0.0412477
0.887955 0.0612033 0.0508415
0.886877 0.0841404 0.0289821
0.955858 0.0440419 9.9991E-05
0.691251 0.256004 0.052745
0.699211 0.263648 0.0371419
0.649294 0.15217 0.198536
0.64376 0.285201 0.0710394
0.621548 0.038624 0.339828
0.69358 0.216537 0.0898829
0.70284 0.236803 0.060357
0.875639 0.12228 0.00208157
0.686097 0.305543 0.00836049
0.923589 0.076311 9.9991E-05
0.140706 0.666815 0.192479
0.230336 0.710065 0.0595997
0.240241 0.735181 0.024578
0.0432113 0.891854 0.0649352
9.9991E-05 0.978107 0.0217929
0.0389801 0.907986 0.0530344
0.273293 0.726607 9.9991E-05
0.0128983 0.987002 9.9991E-05
9.9991E-05 0.921524 0.0783761
9.9991E-05 0.939405 0.0604952
9.999E-05 0.9998 9.999E-05
0.00485955 0.891494 0.103646
9.9991E-05 0.964482 0.0354177
0.016284 0.927022 0.0566935
9.9991E-05 0.987651 0.0122494
0.755936 0.199054 0.0450098
0.752994 0.246906 9.9991E-05
0.820338 0.139221 0.0404406
0.836362 0.112471 0.0511667
0.679467 0.189004 0.131529
9.9991E-05 0.620828 0.379072
0.0319431 0.878592 0.089465
0.607017 0.274249 0.118734
0.86404 0.13586 9.9991E-05
0.504106 0.288002 0.207891
0.471715 0.197049 0.331236
0.609705 0.0832307 0.307064
0.0434193 0.558444 0.398136
0.567573 0.318721 0.113706
0.667015 0.146423 0.186563
0.42451 0.43255 0.14294
0.115918 0.0261181 0.857964
0.0711147 0.00768924 0.921196
0.167534 9.9991E-05 0.832366
0.127939 0.0222134 0.849848
9.9991E-05 0.130226 0.869674
0.0200683 0.0686314 0.9113
0.234836 9.9991E-05 0.765064
0.019083 0.0641952 0.916722
9.9991E-05 0.0873666 0.912533
0.1274 9.9991E-05 0.8725
0.285234 9.9991E-05 0.714666
9.9991E-05 0.0834564 0.916444
0.128034 0.0921968 0.779769
0.358475 0.085091 0.556434
0.0520228 0.882454 0.0655237
0.125454 0.81832 0.0562262
0.0824971 0.917403 9.9991E-05
0.101819 0.0750213 0.82316
0.218766 0.0507405 0.730493
0.129807 0.0517586 0.818434
0.0498533 0.089149 0.860998
0.0522663 0.0430293 0.904704
0.659395 9.9991E-05 0.340505
0.6726 0.000124686 0.327276
0.59276 0.0458726 0.361367
0.507014 0.136244 0.356742
0.575054 0.164551 0.260395
0.593691 0.069586 0.336723
0.509659 0.192553 0.297788
0.213135 9.9991E-05 0.786765
0.262237 0.1287 0.609062
0.0337971 0.109831 0.856372
9.9991E-05 0.122052 0.877848
0.220825 9.9991E-05 0.779075
0.234007 0.717878 0.0481152
0.329465 0.212224 0.458311
0.603403 9.9991E-05 0.396497
0.0193968 0.559656 0.420948
0.747484 0.252416 9.9991E-05
0.816691 0.183209 9.9991E-05
0.782438 0.158541 0.0590208
0.499567 0.31795 0.182483
0.84611 0.126033 0.0278573
0.473387 0.0929436 0.433669
0.24875 0.672437 0.0788129
0.511231 0.0416379 0.447131
0.48913 0.351376 0.159495
0.826214 0.173686 9.9991E-05
0.952513 0.0473871 9.9991E-05
0.834369 0.141264 0.0243672
0.882043 0.0361264 0.0818305
0.896746 0.079587 0.0236667
0.89411 0.10579 9.9991E-05
0.474947 0.0672087 0.457844
0.436208 0.152138 0.411654
0.478534 0.0930165 0.42845
0.642305 0.249879 0.107816
0.54498 0.219845 0.235175
0.511049 0.443303 0.0456481
0.126308 0.0382524 0.835439
0.147955 9.9991E-05 0.851945
0.439112 0.186464 0.374424
0.482381 0.21673 0.300889
0.260226 0.447762 0.292012
0.123472 0.824464 0.0520645
0.0510302 0.13034 0.818629
0.187418 0.028669 0.783913
0.365848 9.9991E-05 0.634052
0.442466 0.505336 0.0521983
0.63748 0.339838 0.0226818
0.862311 0.0969338 0.040755
0.871643 0.0677539 0.0606029
0.551439 0.448461 9.9991E-05
0.859958 0.139942 9.9991E-05
0.83389 0.16601 9.9991E-05
0.933014 0.0112858 0.0557001
0.603356 0.365387 0.0312567
0.866832 0.133068 9.9991E-05
0.749699 0.250201 9.9991E-05
0.839999 0.158385 0.00161614
0.573437 0.295561 0.131002
0.933921 0.0275127 0.038566
0.669168 0.271387 0.0594451
0.912485 0.0660942 0.0214204
0.112336 0.887564 9.9991E-05
0.0135799 0.98632 9.9991E-05
0.0162671 0.983633 9.9991E-05
0.099838 0.827766 0.0723964
0.062253 0.88672 0.0510273
0.87695 0.00171081 0.12134
0.754655 0.245245 9.9991E-05
9.999E-05 9.999E-05 0.9998
0.0344313 0.0676475 0.897921
0.0121663 0.0413748 0.946459
0.142027 0.0883697 0.769603
0.0681687 9.9991E-05 0.931731
9.9991E-05 0.148187 0.851713
9.999E-05 9.999E-05 0.9998
9.9991E-05 0.0797037 0.920196
0.00176592 0.090446 0.907788
9.9991E-05 0.0936756 0.906224
0.105202 9.9991E-05 0.894698
0.0974858 0.0450574 0.857457
0.0550953 0.0963947 0.84851
9.9991E-05 0.0666938 0.933206
0.0795599 9.9991E-05 0.92034
0.0240231 9.9991E-05 0.975877
9.9991E-05 0.0939234 0.905977
0.586767 0.0164999 0.396734
0.699151 0.056269 0.24458
0.0488943 9.9991E-05 0.951006
0.255959 9.9991E-05 0.743941
9.9991E-05 0.0376698 0.96223
0.676478 9.9991E-05 0.323422
0.972706 0.0271937 9.9991E-05
0.678772 0.321128 9.9991E-05
0.463898 0.487179 0.0489228
0.364024 0.635876 9.9991E-05
0.154315 0.811883 0.0338013
0.109875 0.862692 0.0274328
0.157342 0.842558 9.9991E-05
0.164088 0.835812 9.9991E-05
0.0139268 0.852057 0.134017
0.00801082 0.90631 0.0856794
0.863907 0.126897 0.009196
0.796656 0.116556 0.0867878
0.968179 9.9991E-05 0.0317209
0.984053 9.9991E-05 0.015847
0.993476 0.00642419 9.9991E-05
0.871002 0.0423084 0.08669
0.724894 0.261369 0.0137373
0.722618 0.200662 0.07672
0.827762 0.143143 0.029095
0.755741 0.198134 0.0461242
0.872971 0.0933278 0.0337015
0.0541581 0.820511 0.125331
0.105771 0.0628205 0.831409
0.0204571 0.0818243 0.897719
0.0412838 0.0189447 0.939771
0.160994 0.0368508 0.802155
0.0346289 0.106249 0.859122
0.55212 0.310776 0.137104
0.67597 0.284778 0.039252
0.801078 0.198822 9.9991E-05
0.625068 0.374832 9.9991E-05
