9.9991E-05 0.187183 0.116539 0.685845 0.00766531 0.002667
0.0849981 0.0967407 9.9991E-05 0.738345 0.0261006 0.053715
0.0252325 0.212947 0.102057 0.642947 9.9991E-05 0.0167154
0.215204 0.0344029 0.0478853 0.702308 9.9982E-05 9.9982E-05
9.9982E-05 9.9982E-05 0.083328 0.889088 0.0196869 0.00769689
9.9973E-05 9.9973E-05 9.9973E-05 0.860722 0.137308 0.0016701
0.0990056 0.0529562 9.9982E-05 0.714771 0.133067 9.9982E-05
0.199053 9.99737E-05 9.99737E-05 0.751356 9.99737E-05 0.049291
9.999E-05 0.141196 0.0229793 0.706917 0.102839 0.0259681
0.310376 0.226435 0.00849703 0.416636 9.9991E-05 0.0379562
0.54254 0.0688883 0.0548571 0.272688 9.9991E-05 0.0609262
0.22254 0.213592 0.0868618 0.446837 0.0115187 0.0186507
0.640892 0.0975307 9.9991E-05 0.0725709 0.1451 0.0438055
0.198203 0.240537 0.151214 0.409846 9.9982E-05 9.9982E-05
9.9982E-05 0.175128 9.9982E-05 0.680316 0.106383 0.0379728
0.172993 0.0675978 9.9991E-05 0.688721 0.0467628 0.023825
0.114347 0.198914 9.9982E-05 0.652486 0.0340537 9.9982E-05
9.9982E-05 0.0442883 9.9982E-05 0.885032 0.0341768 0.0363026
0.0297557 0.513546 0.0615934 0.164504 0.170008 0.0605935
0.144898 0.687395 9.9982E-05 0.128475 0.0390317 9.9982E-05
9.9982E-05 0.686542 0.046199 0.238886 9.9982E-05 0.0281733
0.12397 0.806184 0.0372644 9.9991E-05 0.022371 0.0101111
9.9973E-05 0.850447 9.9973E-05 9.9973E-05 0.10493 0.0443232
9.9982E-05 0.767731 9.9982E-05 0.0986932 0.101066 0.03231
0.031621 0.65295 9.9991E-05 0.27017 0.0415383 0.00362064
9.9982E-05 0.915441 9.9982E-05 0.0474452 0.0291311 0.00778253
9.9973E-05 0.876102 9.9973E-05 9.9973E-05 0.0887933 0.0348049
9.9982E-05 0.803618 9.9982E-05 0.0155226 0.165324 0.0153351
9.9973E-05 0.897469 0.0512091 0.0510217 9.9973E-05 9.9973E-05
9.9982E-05 0.757392 0.0441182 0.071439 0.126851 9.9982E-05
0.0199882 0.878678 9.9991E-05 0.0155274 0.0828881 0.00281859
9.9982E-05 0.815055 0.0743015 0.0668965 9.9982E-05 0.0435468
0.0338656 0.772491 9.9991E-05 0.0221766 0.100078 0.0712892
0.23061 0.172945 0.0312598 0.492259 9.9991E-05 0.0728255
9.999E-05 0.257624 0.0659207 0.666215 0.00393524 0.00620492
0.082201 0.112267 0.098339 0.662117 0.0449761 9.9991E-05
0.215897 0.0203659 0.0147524 0.699875 0.0359886 0.0131212
0.243579 0.136455 0.0318185 0.501175 0.0793326 0.00764036
9.996E-05 9.996E-05 9.996E-05 9.996E-05 9.996E-05 0.9995
0.174052 0.773123 0.0484539 9.9982E-05 9.9982E-05 0.00417174
9.9982E-05 0.146812 0.0483379 0.67334 0.131311 9.9982E-05
0.15377 0.164643 9.9991E-05 0.651031 0.00975164 0.0207051
0.312579 0.314987 9.9991E-05 0.216823 0.152035 0.00347604
0.476038 0.106806 0.0988303 0.180594 0.100165 0.0375663
0.952367 0.00569037 9.9982E-05 9.9982E-05 0.02446 0.0172825
9.996E-05 9.996E-05 9.996E-05 9.996E-05 9.996E-05 0.9995
0.268095 0.216545 0.0362652 0.393832 9.9991E-05 0.085163
0.305364 0.124896 9.9982E-05 0.345174 0.224365 9.9982E-05
0.155147 0.392128 0.140973 0.271686 0.00162596 0.0384404
0.095767 9.9982E-05 0.0765889 9.9982E-05 0.802665 0.024779
0.091484 9.9982E-05 0.326826 9.9982E-05 0.54846 0.03303
9.9973E-05 9.9973E-05 0.387075 0.0928262 0.519799 9.9973E-05
0.157859 9.9982E-05 0.428016 9.9982E-05 0.349424 0.0645014
9.9982E-05 0.06631 0.694002 9.9982E-05 0.179554 0.0599333
9.9973E-05 0.0690416 0.478351 9.9973E-05 0.452308 9.9973E-05
9.9973E-05 9.9973E-05 0.6267 0.215986 0.157015 9.9973E-05
9.9982E-05 9.9982E-05 0.201531 0.0325053 0.73822 0.027544
9.9964E-05 9.9964E-05 9.9964E-05 9.9964E-05 0.988686 0.0109144
0.0561689 9.9991E-05 0.735851 0.0209449 0.147529 0.0394059
0.184506 9.9991E-05 0.314494 0.0997156 0.381336 0.0198484
9.996E-05 9.996E-05 9.996E-05 9.996E-05 0.9995 9.996E-05
0.0686707 0.0846981 0.499541 0.0873438 0.259647 9.9991E-05
0.523527 0.0039079 0.110273 0.0170671 0.262741 0.082484
9.9982E-05 0.736205 0.0954076 0.144156 9.9982E-05 0.0240307
0.0347826 0.79031 0.0619918 0.0858878 9.9991E-05 0.0269277
9.9973E-05 0.779006 9.9973E-05 0.146143 0.074551 9.9973E-05
0.196015 0.0309449 0.437717 0.0155676 0.319042 0.000714062
0.379375 9.9982E-05 0.490093 9.9982E-05 0.0623705 0.0679618
0.020755 0.0390363 0.597648 0.101771 0.224653 0.0161361
0.220811 9.9982E-05 0.530084 9.9982E-05 0.209482 0.0394227
9.9973E-05 0.089461 0.906386 9.9973E-05 9.9973E-05 0.00385283
0.534139 9.9991E-05 0.0565217 0.25293 0.127223 0.0290868
0.664871 0.0654697 9.9991E-05 0.124873 0.138175 0.00651229
0.787862 0.0138963 9.9982E-05 0.0864301 0.111612 9.9982E-05
0.989957 9.9964E-05 9.9964E-05 9.9964E-05 9.9964E-05 0.0096434
0.856326 0.100935 9.9982E-05 9.9982E-05 0.00821807 0.0343208
0.926108 9.9973E-05 9.9973E-05 9.9973E-05 0.0462474 0.0273444
0.757427 0.119839 0.053069 0.0514113 9.9991E-05 0.0181534
0.334197 9.9973E-05 0.480891 9.9973E-05 0.184612 9.9973E-05
0.426093 9.9982E-05 0.33865 9.9982E-05 0.113498 0.121559
0.182238 0.0174407 0.397211 9.9991E-05 0.370798 0.0322123
9.9982E-05 0.0879655 0.378239 9.9982E-05 0.49309 0.0405054
0.0134054 9.9991E-05 0.686547 0.164851 0.102029 0.033068
0.110876 0.672454 0.119393 0.0882709 9.9991E-05 0.00890628
0.557511 0.0563669 0.215709 0.0714291 0.0988841 9.9991E-05
0.866346 9.9982E-05 0.0948935 9.9982E-05 0.0378674 0.000693092
9.996E-05 9.996E-05 9.996E-05 9.996E-05 9.996E-05 0.9995
0.0433111 0.201299 9.9982E-05 0.69455 0.0606397 9.9982E-05
9.9982E-05 0.154722 9.9982E-05 0.723983 0.0962715 0.0248241
0.114906 0.171693 9.9991E-05 0.55659 0.126584 0.0301264
0.223484 0.222916 0.136019 0.381736 9.9991E-05 0.0357443
0.0419331 0.0850093 0.105659 0.767199 9.9982E-05 9.9982E-05
0.684488 0.0262297 9.9973E-05 9.9973E-05 0.288983 9.9973E-05
0.140584 0.598656 9.9991E-05 0.162354 0.0732642 0.025042
0.677355 9.9982E-05 0.178832 0.0509174 9.9982E-05 0.0926956
0.41198 0.314766 9.9991E-05 0.187197 0.0510481 0.0349096
9.9982E-05 0.171937 9.9982E-05 0.759985 0.0455477 0.0223304
0.337928 0.0669194 9.9973E-05 0.594853 9.9973E-05 9.9973E-05
0.250221 0.174077 9.9982E-05 0.571321 0.00418033 9.9982E-05
0.323881 0.0233185 0.0052716 0.597399 0.0399261 0.0102033
0.428929 9.9973E-05 9.9973E-05 0.566078 9.9973E-05 0.004693
0.31339 0.0802393 9.9973E-05 0.60607 9.9973E-05 9.9973E-05
0.721675 0.0237867 0.0354574 9.9991E-05 0.192536 0.0264449
0.52542 0.0787029 0.214774 0.0978323 9.9991E-05 0.0831713
0.616186 0.0373237 0.119509 0.0327657 0.0984331 0.095783
0.621713 0.251093 9.9982E-05 0.110762 9.9982E-05 0.0162322
0.507713 0.117171 9.9982E-05 0.242535 0.132381 9.9982E-05
9.9982E-05 0.412915 0.0556586 0.466294 0.0649317 9.9982E-05
9.9973E-05 9.9973E-05 0.624752 0.132405 0.242543 9.9973E-05
0.17944 0.00333865 0.620813 9.9991E-05 0.176208 0.0200993
0.625719 0.11113 9.9982E-05 0.0390172 0.223934 9.9982E-05
0.403518 0.0796922 9.9991E-05 0.186356 0.299715 0.0306189
0.371973 0.214673 9.9991E-05 0.113733 0.269102 0.0304195
0.257401 0.742199 9.9964E-05 9.9964E-05 9.9964E-05 9.9964E-05
0.211503 0.0521418 0.699131 9.9991E-05 0.00411699 0.0330081
0.19565 9.9982E-05 0.268258 0.062452 0.473441 9.9982E-05
0.322337 9.9982E-05 0.372074 0.105672 0.199717 9.9982E-05
0.0629096 0.457751 0.13197 0.288117 9.9991E-05 0.0591528
9.9973E-05 0.311071 0.108554 0.580075 9.9973E-05 9.9973E-05
0.15587 0.0255539 0.0569982 0.731021 9.9991E-05 0.0304565
0.0449811 0.0837002 0.107927 0.718979 0.0443125 9.9991E-05
9.9982E-05 0.415712 0.0341711 0.538127 0.0117899 9.9982E-05
0.0143421 0.197093 0.0494027 0.714113 0.0127031 0.0123466
9.9982E-05 0.0958276 0.0790432 0.814484 0.0104448 9.9982E-05
9.9982E-05 9.9982E-05 0.00524592 0.865516 0.105392 0.0236462
0.135452 0.378881 0.0348271 0.45064 9.9982E-05 9.9982E-05
0.0727937 0.142912 0.073401 0.70683 9.9991E-05 0.00396311
0.0880662 0.172719 9.9991E-05 0.667108 0.0325998 0.0394064
0.218923 0.119358 9.9991E-05 0.637007 0.0184957 0.00611675
0.129274 0.22368 0.0445923 0.466558 0.135796 9.9991E-05
0.0990309 0.0101956 0.0455477 0.757726 0.0145704 0.0729298
0.35145 0.193363 9.9982E-05 0.424264 9.9982E-05 0.030723
0.112381 0.060733 0.013552 0.773028 0.0402058 9.9991E-05
0.0943207 0.89267 0.00452058 0.00828862 9.9982E-05 9.9982E-05
0.0441236 0.955477 9.9964E-05 9.9964E-05 9.9964E-05 9.9964E-05
9.9973E-05 0.91237 9.9973E-05 0.0491129 9.9973E-05 0.0382176
9.9982E-05 0.793933 0.0632218 0.0662103 0.0764352 9.9982E-05
0.104207 0.831455 0.0594204 9.9982E-05 9.9982E-05 0.0047181
0.217795 9.9991E-05 0.0810183 0.669826 0.0121178 0.0191426
0.143955 0.130801 0.0301332 0.646849 0.00834786 0.0399134
9.9964E-05 9.9964E-05 0.272676 9.9964E-05 0.726924 9.9964E-05
0.013921 0.0449222 0.824168 0.0428846 0.040122 0.0339818
0.0218895 0.0178396 0.758777 0.0312657 0.170128 9.9991E-05
0.253109 0.0542998 0.687302 9.9982E-05 9.9982E-05 0.00508949
9.9991E-05 0.0199646 0.807334 0.00366436 0.163305 0.00563136
9.9973E-05 0.114789 0.733655 9.9973E-05 0.151255 9.9973E-05
0.0291095 9.9973E-05 0.952976 9.9973E-05 9.9973E-05 0.0176145
0.0143174 0.0998576 0.526869 9.9982E-05 0.358756 9.9982E-05
0.00361552 0.0684118 0.602496 9.9982E-05 0.325277 9.9982E-05
9.9973E-05 0.0592279 0.478431 9.9973E-05 0.462042 9.9973E-05
0.090967 9.9982E-05 0.790098 9.9982E-05 0.114442 0.00429235
9.9991E-05 0.0716547 0.737623 0.0642934 0.10015 0.0261784
9.9991E-05 0.0773048 0.521486 0.0273831 0.363253 0.0104734
9.9982E-05 0.0538916 0.610026 9.9982E-05 0.334366 0.00151634
0.162476 9.9973E-05 0.61541 9.9973E-05 0.221814 9.9973E-05
9.9973E-05 9.9973E-05 0.965126 0.011292 9.9973E-05 0.0232817
0.0037612 0.058621 0.776085 9.9991E-05 0.159002 0.00243029
0.76291 0.0820036 0.154786 9.9973E-05 9.9973E-05 9.9973E-05
0.966371 0.00746854 9.9973E-05 0.0258606 9.9973E-05 9.9973E-05
0.100522 9.9973E-05 0.650124 9.9973E-05 0.249054 9.9973E-05
9.9982E-05 9.9982E-05 0.166922 0.233515 0.592749 0.00661423
9.996E-05 9.996E-05 9.996E-05 9.996E-05 0.9995 9.996E-05
0.658476 9.9973E-05 9.9973E-05 0.130099 0.211125 9.9973E-05
0.0384288 9.9982E-05 0.0681275 0.877021 9.9982E-05 0.0162225
9.9982E-05 0.24135 0.0741804 0.669945 9.9982E-05 0.0143246
0.140009 0.455979 9.9982E-05 0.301754 0.102058 9.9982E-05
0.148112 0.621429 0.0122289 0.210286 0.00733239 0.000611517
0.174745 0.77798 9.9982E-05 9.9982E-05 0.0393814 0.00769418
0.0243739 0.799684 9.9982E-05 0.048864 0.126878 9.9982E-05
0.0834874 0.782186 0.0112047 0.108606 9.9991E-05 0.0144154
0.0640191 0.776077 0.0432504 0.103771 0.00210499 0.0107779
0.15092 0.690027 0.0484781 0.00319477 0.0839508 0.0234293
0.00351128 0.771371 0.144065 0.0415001 9.9991E-05 0.0394528
0.0794765 0.0572446 0.0462539 0.773392 0.0334769 0.0101556
0.00658014 0.0457884 9.9991E-05 0.778091 0.112378 0.0570631
0.127667 9.9982E-05 9.9982E-05 0.688978 0.132661 0.0504938
0.205545 9.99731E-05 0.0744693 0.719686 9.99731E-05 9.99731E-05
0.129875 9.9982E-05 9.9982E-05 0.76091 0.0565666 0.0524489
0.407266 0.00985089 9.9982E-05 0.572384 0.0102998 9.9982E-05
0.214438 0.194928 9.9991E-05 0.535377 0.0479669 0.00718975
0.131426 0.207565 0.0475624 0.494788 0.112736 0.0059227
0.125607 0.117602 0.0906457 0.616037 9.9991E-05 0.0500083
0.0832404 0.216869 0.0627681 0.585853 0.0346104 0.0166591
0.098868 0.12847 0.0867161 0.649602 9.9991E-05 0.0362432
0.0035024 0.70474 0.13819 9.9982E-05 9.9982E-05 0.153368
0.0322338 9.9991E-05 0.165933 0.066736 0.727897 0.0071006
9.9982E-05 0.087098 0.594699 9.9982E-05 0.260334 0.0576683
0.107154 9.9973E-05 0.789983 9.9973E-05 0.102563 9.9973E-05
0.168153 0.0483378 0.60658 0.0141381 0.157828 0.00496367
9.9982E-05 0.069682 0.879806 0.0272594 9.9982E-05 0.0230525
0.0804699 0.28064 0.0339116 0.417094 0.163406 0.0244793
0.156234 0.309256 9.9991E-05 0.480745 0.0261806 0.0274852
9.9982E-05 0.12445 9.9982E-05 0.720804 0.0873103 0.067236
0.13718 0.247675 9.9991E-05 0.508733 0.0562187 0.0500936
