0.678801 9.9973E-05 9.9973E-05 0.196985 0.0639297 0.0599853 9.9973E-05
0.528249 9.9991E-05 0.22123 0.129631 0.0466235 0.0266466 0.0475202
0.794741 9.9982E-05 9.9982E-05 0.0159318 0.124564 0.0505753 0.0139872
0.544992 9.9973E-05 0.0540861 0.316158 9.9973E-05 0.0844641 9.9973E-05
0.683349 0.0406651 0.0281127 0.247574 9.9973E-05 9.9973E-05 9.9973E-05
0.39374 0.00885029 0.274454 0.315259 9.9991E-05 0.00458 0.00301649
0.181837 0.0283623 0.384222 0.335231 0.0332215 0.0370269 9.9991E-05
0.424273 9.9982E-05 0.151657 0.333239 9.9982E-05 0.0480438 0.0425878
0.118369 0.081709 0.704494 9.9982E-05 0.0877734 9.9982E-05 0.00745503
0.278475 9.9991E-05 0.320528 0.136874 0.112162 0.149188 0.00267288
0.019572 0.00294299 0.331714 0.0785588 0.0402902 0.466973 0.0599486
0.268732 0.0229201 0.447237 9.9991E-05 0.108612 0.135187 0.0172115
9.9982E-05 0.0101476 0.218455 9.9982E-05 0.00573344 0.731764 0.0337004
9.9982E-05 0.0891699 0.679517 0.0912989 0.0734222 0.0663925 9.9982E-05
0.336466 0.0146116 0.270122 0.223215 0.112164 9.9991E-05 0.0433219
0.101186 9.9973E-05 0.592021 0.137606 9.9973E-05 0.168887 9.9973E-05
0.21824 0.00779071 0.57984 0.0605101 0.133419 9.9982E-05 9.9982E-05
0.506537 9.9973E-05 0.467069 0.0174746 9.9973E-05 9.9973E-05 0.00861927
9.999E-05 0.0919512 0.208737 0.00400913 0.49708 0.13985 0.0582719
9.9964E-05 9.9964E-05 0.334731 9.9964E-05 0.538681 0.126188 9.9964E-05
0.108768 9.9991E-05 0.127293 0.118284 0.63373 0.00430033 0.00752409
0.154059 9.9973E-05 9.9973E-05 9.9973E-05 0.710655 0.109718 0.0252682
0.0375144 0.000222436 9.9982E-05 9.9982E-05 0.844135 0.0559725 0.0619557
0.108353 9.9982E-05 0.134702 9.9982E-05 0.700863 0.0259641 0.0299179
0.0349 9.9982E-05 0.00909509 0.208843 0.649099 0.0978624 9.9982E-05
0.129073 9.9973E-05 9.9973E-05 0.0384338 0.82922 9.9973E-05 0.00297296
0.0571734 0.0759616 9.9991E-05 0.00890593 0.809328 0.030743 0.0177881
9.9973E-05 0.0660578 0.0695209 9.9973E-05 0.827228 9.9973E-05 0.0368934
0.232687 0.0115584 9.9964E-05 9.9964E-05 0.755355 9.9964E-05 9.9964E-05
9.9973E-05 0.0885677 0.00379799 0.154435 0.752899 9.9973E-05 9.9973E-05
0.0944816 0.0165285 0.0246483 9.9982E-05 0.847109 9.9982E-05 0.0170326
0.106746 0.0504921 0.0856912 9.9982E-05 0.714944 9.9982E-05 0.0419271
9.9982E-05 9.9982E-05 0.065657 0.0534067 0.784854 0.0260182 0.0698645
0.239879 9.9991E-05 0.244782 0.141995 0.120628 0.185204 0.067412
0.439491 0.0178982 0.110762 0.207774 0.223875 9.9982E-05 9.9982E-05
0.089255 0.0489867 9.9973E-05 0.712111 0.149347 9.9973E-05 9.9973E-05
0.196574 9.9982E-05 9.9982E-05 0.564435 0.0470785 0.167207 0.0245057
0.112042 0.0511716 0.350439 0.164187 0.0802727 0.231608 0.0102791
9.995E-05 9.995E-05 9.995E-05 9.995E-05 9.995E-05 9.995E-05 0.9994
9.9973E-05 9.9973E-05 9.9973E-05 0.111756 0.705808 0.153392 0.028743
0.418232 0.107112 0.0296913 0.250502 0.194262 9.9982E-05 9.9982E-05
0.523508 9.9973E-05 0.287751 9.9973E-05 0.023982 0.164459 9.9973E-05
0.113285 0.119556 0.311588 9.9991E-05 0.251832 0.199228 0.00441127
0.12371 0.0990154 0.144443 0.0358667 0.0112384 0.531124 0.0546028
9.9964E-05 9.9964E-05 9.9964E-05 0.0577683 0.0385696 0.903262 9.9964E-05
9.995E-05 9.995E-05 9.995E-05 9.995E-05 9.995E-05 9.995E-05 0.9994
0.194742 0.00906485 0.241767 0.129941 0.145116 0.22506 0.054309
9.9982E-05 0.100474 0.333687 0.234549 0.0967033 0.234387 9.9982E-05
0.175496 0.0966002 0.353306 0.00697909 0.268771 0.0613994 0.0374485
9.9973E-05 0.725742 0.131657 9.9973E-05 9.9973E-05 0.125934 0.0163668
9.9982E-05 0.731649 0.0532184 0.0233398 9.9982E-05 0.162147 0.0294454
0.0619024 0.770276 0.116009 0.0468823 0.00473057 9.9982E-05 9.9982E-05
9.9982E-05 0.638666 9.9982E-05 0.0458297 0.0174096 0.22171 0.0761841
9.9982E-05 0.776753 0.0329623 0.0880214 0.061664 9.9982E-05 0.0403996
9.9964E-05 0.814347 0.129437 9.9964E-05 0.0558156 9.9964E-05 9.9964E-05
0.0121751 0.642641 0.344784 9.9964E-05 9.9964E-05 9.9964E-05 9.9964E-05
9.9982E-05 0.780516 0.187584 9.9982E-05 0.0103876 0.0137054 0.00760694
9.9964E-05 0.83641 9.9964E-05 9.9964E-05 0.129815 9.9964E-05 0.033375
0.0734043 0.690747 0.0689695 0.0255915 9.9991E-05 0.0883649 0.0528223
0.132485 0.489241 9.9973E-05 9.9973E-05 9.9973E-05 0.343124 0.0348496
0.0296477 0.756369 9.9973E-05 9.9973E-05 0.128088 0.0855951 9.9973E-05
0.0914317 0.621179 9.9982E-05 9.9982E-05 0.0474535 0.234711 0.00502529
9.9973E-05 0.258919 0.135267 9.9973E-05 9.9973E-05 0.561124 0.0443905
0.0126668 0.0518755 0.0728841 0.205802 0.656572 9.9982E-05 9.9982E-05
0.362282 9.9964E-05 9.9964E-05 9.9964E-05 0.626773 9.9964E-05 0.0105453
0.144122 9.9982E-05 0.018253 0.0554579 0.767192 9.9982E-05 0.0147753
9.9982E-05 0.648851 0.181724 0.0265039 0.00869148 0.13403 9.9982E-05
0.137276 0.440819 9.9973E-05 9.9973E-05 9.9973E-05 0.35475 0.0668562
0.0528412 0.674262 0.0758751 9.9991E-05 0.0226221 0.135353 0.0389462
9.9991E-05 0.633751 0.000675281 0.0264513 0.0429489 0.246375 0.0496991
0.0460412 0.751912 0.0714123 0.0836476 0.00552032 9.9991E-05 0.0413663
0.264246 0.103972 0.0654795 9.9973E-05 9.9973E-05 0.566002 9.9973E-05
9.9964E-05 0.0310785 0.355269 9.9964E-05 9.9964E-05 0.613253 9.9964E-05
9.9964E-05 9.9964E-05 0.00984803 0.179106 9.9964E-05 0.810646 9.9964E-05
0.000212384 9.9973E-05 9.9973E-05 0.00381234 9.9973E-05 0.967525 0.02815
9.9982E-05 9.9982E-05 0.0194359 0.142279 0.0865284 0.73954 0.0120175
9.9973E-05 9.9973E-05 0.0359527 9.9973E-05 0.0017133 0.944523 0.017511
0.0376869 0.0153917 9.9991E-05 0.151007 0.0716118 0.708014 0.0161881
9.9973E-05 0.58559 0.117411 0.0436026 9.9973E-05 0.253096 9.9973E-05
0.033064 0.413306 0.092546 0.0258918 0.0207233 0.306249 0.10822
0.0526485 0.687102 9.9982E-05 9.9982E-05 0.0633285 0.172401 0.0243204
9.9982E-05 0.704317 0.0893569 9.9982E-05 0.0601998 0.102326 0.043601
9.9964E-05 0.687346 0.284476 9.9964E-05 9.9964E-05 9.9964E-05 0.0277783
9.9982E-05 0.0165722 0.244951 9.9982E-05 0.602994 0.127906 0.00737656
0.0729929 0.252338 9.9982E-05 0.0703036 0.142152 0.462014 9.9982E-05
0.0773599 0.0712729 9.9973E-05 0.0788082 9.9973E-05 0.772259 9.9973E-05
9.995E-05 9.995E-05 9.995E-05 9.995E-05 9.995E-05 9.995E-05 0.9994
0.443156 9.9991E-05 0.206695 0.17761 0.138617 0.0324149 0.00140815
0.608923 9.9991E-05 0.139765 0.102209 0.0900398 0.0269225 0.0320404
0.0815508 9.9991E-05 0.606109 0.0501518 0.0920151 0.135217 0.0348561
9.9991E-05 0.113637 0.649116 0.000586648 0.161439 0.0557357 0.0193862
0.248867 0.0190699 0.297016 0.392827 0.0420192 9.9982E-05 9.9982E-05
9.9973E-05 0.105106 9.9973E-05 0.0471846 0.0169266 0.830483 9.9973E-05
0.190796 9.9991E-05 0.0162006 0.0459744 0.47575 0.223762 0.0474171
0.21168 0.154048 9.9973E-05 9.9973E-05 9.9973E-05 0.54924 0.0847329
9.9991E-05 0.0153481 0.0694524 0.339433 0.243608 0.292529 0.0395299
0.498863 9.9964E-05 0.463491 9.9964E-05 0.0372455 9.9964E-05 9.9964E-05
0.228677 9.9982E-05 0.122506 0.454091 0.067244 0.127282 9.9982E-05
0.320978 9.9982E-05 0.270608 0.0202624 0.123873 0.264079 9.9982E-05
9.9973E-05 0.0477619 0.854446 0.0560197 9.9973E-05 0.0414722 9.9973E-05
9.9964E-05 9.9964E-05 9.9964E-05 0.897641 9.9964E-05 0.097668 0.00429121
0.0640031 9.9973E-05 0.783508 9.9973E-05 0.00747811 0.144711 9.9973E-05
0.12208 0.232505 9.9991E-05 0.135477 0.0285963 0.454209 0.0270333
0.0964656 0.130946 0.221212 9.9991E-05 0.0137906 0.465681 0.0718051
9.9991E-05 0.170943 0.0432107 0.0784112 0.0179623 0.629468 0.0599051
9.9973E-05 9.9973E-05 0.267266 9.9973E-05 0.146308 0.572706 0.0134189
0.105948 0.0635518 0.296069 0.0194102 0.0796559 0.435265 9.9991E-05
0.0204427 0.0548627 0.306992 0.304234 0.313268 9.9982E-05 9.9982E-05
0.039753 0.733474 0.0579057 0.152177 9.9982E-05 9.9982E-05 0.0164906
0.133765 0.708235 9.9982E-05 9.9982E-05 0.00974344 0.128943 0.0191142
0.249074 0.128981 9.9973E-05 9.9973E-05 0.100126 0.521518 9.9973E-05
9.9982E-05 0.142772 0.391109 9.9982E-05 0.0595003 0.379222 0.027197
0.218976 0.151838 9.9991E-05 0.000866555 0.208473 0.368902 0.0508438
9.9964E-05 9.9964E-05 9.9964E-05 0.0844044 0.675183 0.240012 9.9964E-05
9.9982E-05 0.587435 9.9982E-05 0.0765305 0.0178933 0.273618 0.0443228
9.9973E-05 0.616963 0.116377 9.9973E-05 0.0102224 0.256137 9.9973E-05
0.0418054 0.470848 0.0101828 0.142897 9.9982E-05 0.334067 9.9982E-05
0.19745 0.0324271 0.0358116 0.225251 0.444508 0.0201314 0.0444213
0.908953 0.0231172 9.9964E-05 9.9964E-05 0.06753 9.9964E-05 9.9964E-05
0.562135 0.0178407 0.125076 0.16151 9.9991E-05 0.112159 0.0211798
0.766954 0.0780572 0.0393984 0.11529 9.9973E-05 9.9973E-05 9.9973E-05
0.428358 9.9982E-05 0.206065 0.0353416 0.266827 0.0632086 9.9982E-05
0.475839 9.9991E-05 0.118912 0.209267 0.145404 0.0380153 0.0124635
0.923166 0.000157285 9.9964E-05 9.9964E-05 0.0762773 9.9964E-05 9.9964E-05
0.819925 0.015527 0.155204 9.9973E-05 9.9973E-05 9.9973E-05 0.00904407
0.284098 9.9982E-05 0.0814888 0.258167 0.283231 0.0928163 9.9982E-05
0.125095 9.9964E-05 0.796095 0.0784109 9.9964E-05 9.9964E-05 9.9964E-05
9.9982E-05 9.9982E-05 0.79933 0.000843993 0.158426 0.0173613 0.0238392
9.9973E-05 9.9973E-05 0.778608 0.183297 0.0284491 9.9973E-05 0.00934585
0.251377 0.0987943 0.262602 0.132452 0.193685 0.0586415 0.00244928
0.105082 0.0343426 0.834272 9.9973E-05 9.9973E-05 9.9973E-05 0.0260035
9.9964E-05 9.9964E-05 0.684505 9.9964E-05 0.158065 0.15703 9.9964E-05
0.937812 9.9955E-05 9.9955E-05 9.9955E-05 9.9955E-05 0.0616883 9.9955E-05
9.9973E-05 9.9973E-05 0.0104021 0.143117 0.755619 0.0905623 9.9973E-05
0.261358 9.9964E-05 9.9964E-05 9.9964E-05 0.72427 0.0139724 9.9964E-05
9.9973E-05 9.9973E-05 0.123687 0.0335457 0.82684 9.9973E-05 0.0156271
9.9982E-05 0.037792 0.159428 0.0787211 0.692128 0.0317311 9.9982E-05
0.303948 0.0191078 9.9973E-05 9.9973E-05 0.662489 9.9973E-05 0.0141557
0.45708 0.0405693 0.150809 0.185807 9.9982E-05 0.165535 9.9982E-05
0.0252019 9.9982E-05 9.9982E-05 0.827358 0.112453 0.0142222 0.0205649
0.0205844 0.869974 9.9964E-05 9.9964E-05 9.9964E-05 0.109041 9.9964E-05
0.0395374 0.736403 0.126651 9.9982E-05 9.9982E-05 0.0645773 0.0326319
9.9973E-05 0.802372 9.9973E-05 0.156499 0.0231414 9.9973E-05 0.0176873
0.206615 0.572935 0.00617782 9.9973E-05 9.9973E-05 0.213972 9.9973E-05
0.108048 0.795838 0.0787401 9.9973E-05 9.9973E-05 9.9973E-05 0.0170739
9.9973E-05 0.771999 0.0476522 9.9973E-05 0.169464 0.010585 9.9973E-05
0.106047 0.782725 9.9973E-05 9.9973E-05 9.9973E-05 0.0927419 0.0181859
0.131176 0.749873 9.9982E-05 0.0349723 0.0409777 0.0428004 9.9982E-05
0.137446 0.786222 9.9964E-05 9.9964E-05 0.0759324 9.9964E-05 9.9964E-05
0.107833 0.807885 9.9982E-05 9.9982E-05 0.053482 0.017199 0.0134013
9.9982E-05 0.739956 0.0124471 0.175524 9.9982E-05 0.0443231 0.0275492
0.0838954 0.733261 0.0955475 0.0200758 0.0394536 9.9991E-05 0.0276671
0.177769 0.756998 9.9973E-05 9.9973E-05 0.0586663 9.9973E-05 0.0062667
9.9982E-05 0.816369 0.0587091 0.0380699 0.0778144 9.9982E-05 0.00883802
9.9964E-05 0.728734 9.9964E-05 0.097005 9.9964E-05 0.173861 9.9964E-05
0.010451 0.834946 9.9973E-05 0.11912 9.9973E-05 9.9973E-05 0.0351828
9.9973E-05 0.780464 9.9973E-05 0.148385 0.0517478 9.9973E-05 0.0191037
0.148412 0.0764197 9.9973E-05 9.9973E-05 0.0267421 0.748126 9.9973E-05
0.112263 9.9973E-05 0.0644794 0.0681985 9.9973E-05 0.754759 9.9973E-05
9.9964E-05 0.757323 9.9964E-05 0.149153 9.9964E-05 0.0931243 9.9964E-05
0.0776922 0.616583 9.9982E-05 0.191499 9.9982E-05 0.0951606 0.0188649
9.9973E-05 0.753858 9.9973E-05 9.9973E-05 0.0299211 0.204683 0.0112383
0.103907 0.0665608 0.0651986 0.105846 9.9982E-05 0.658289 9.9982E-05
0.951619 9.9973E-05 9.9973E-05 0.00623303 9.9973E-05 0.0165414 0.0253069
0.73594 9.9973E-05 0.0950685 0.0154919 0.1532 9.9973E-05 9.9973E-05
0.437442 0.0118349 9.9982E-05 0.0193869 0.372987 0.158149 9.9982E-05
0.159123 9.9982E-05 0.21419 0.0556095 0.504501 0.0663762 9.9982E-05
9.9973E-05 9.9973E-05 0.215505 0.0259967 0.673397 0.0848016 9.9973E-05
0.0111451 0.0611545 0.130573 9.9982E-05 0.788845 0.00808187 9.9982E-05
0.087741 9.9973E-05 0.259158 9.9973E-05 0.607951 0.04485 9.9973E-05
9.9982E-05 9.9982E-05 0.162025 0.0286534 0.637861 0.16773 0.00353015
9.9982E-05 0.0349687 0.0910868 9.9982E-05 0.715178 0.123483 0.035084
0.134957 0.0669047 0.00337836 9.9982E-05 0.730873 9.9982E-05 0.0636866
0.748263 9.9991E-05 0.0891802 0.112007 0.0271948 0.0171667 0.00608788
0.480254 0.0363719 9.9991E-05 0.39816 0.0182632 0.0134356 0.0534151
9.9964E-05 9.9964E-05 0.0237685 0.944583 9.9964E-05 9.9964E-05 0.0312487
9.995E-05 9.995E-05 9.995E-05 0.9994 9.995E-05 9.995E-05 9.995E-05
9.99549E-05 9.99549E-05 9.99549E-05 0.997322 9.99549E-05 9.99549E-05 0.00217844
0.051241 0.028212 9.9982E-05 0.727232 0.0321475 0.160968 9.9982E-05
0.209777 0.00688751 0.596179 0.00890593 0.111225 0.066925 9.9991E-05
9.9973E-05 0.058376 0.85513 9.9973E-05 0.0404114 0.0457826 9.9973E-05
0.0111709 9.9973E-05 0.90716 9.9973E-05 9.9973E-05 0.0460886 0.0352805
9.9982E-05 0.0227022 0.625475 0.19522 0.0427961 0.113606 9.9982E-05
9.9982E-05 0.0342479 0.769557 0.176734 0.00826598 9.9982E-05 0.0109955
9.9973E-05 0.0910635 0.309009 9.9973E-05 0.491171 9.9973E-05 0.108457
0.0317438 0.693184 0.0903479 9.9982E-05 9.9982E-05 0.15867 0.0258539
0.014158 0.753765 9.9991E-05 0.104225 0.0521251 0.0361607 0.0394656
9.9964E-05 0.763261 0.12569 9.9964E-05 9.9964E-05 0.11065 9.9964E-05
0.155768 0.672931 0.0265601 0.0579557 0.000484067 0.0660724 0.0202288
0.153146 0.723703 9.9991E-05 0.0624399 0.00793923 0.042165 0.0105065
9.9991E-05 0.095236 0.495514 0.0906264 0.234361 0.068356 0.0158062
0.208374 0.0023671 0.486515 0.115785 0.158967 9.9991E-05 0.0278925
0.0857829 9.9964E-05 0.868793 9.9964E-05 9.9964E-05 9.9964E-05 0.0450238
0.22626 9.9991E-05 0.339052 0.0131248 0.184814 0.191221 0.0454273
