0.12347 0.420244 0.00487948 0.0658727 0.0101285 0.375405
0.0192234 0.711966 0.0441104 0.00914525 9.9991E-05 0.215455
0.16022 0.31902 0.0256833 0.066509 0.0194281 0.409139
9.9982E-05 0.496953 0.0127726 0.123924 9.9982E-05 0.36615
9.9973E-05 0.494124 9.9973E-05 9.9973E-05 0.0332535 0.472323
9.9973E-05 0.677909 9.9973E-05 9.9973E-05 0.0592116 0.262579
0.0121159 0.505627 9.9991E-05 0.0563499 0.0249659 0.400841
9.9982E-05 0.445158 0.0309851 0.0309034 9.9982E-05 0.492753
0.0992484 0.751645 0.000105741 9.9991E-05 0.100036 0.0488647
0.18488 0.323647 0.0224042 0.168979 9.9991E-05 0.299991
0.0403451 0.310363 0.0601903 0.373488 0.0543082 0.161306
0.164503 0.473554 0.0267919 0.228662 9.9991E-05 0.106388
9.9982E-05 0.213705 0.0386314 0.676856 0.0706071 9.9982E-05
0.192741 0.526048 0.0142768 0.0405084 0.101787 0.124639
0.129428 0.336201 0.0411389 9.9991E-05 0.0804657 0.412666
0.106567 0.582691 0.0173526 0.0778958 9.9991E-05 0.215394
0.18483 0.550681 9.9973E-05 9.9973E-05 9.9973E-05 0.264189
9.9973E-05 0.916175 0.0257714 9.9973E-05 9.9973E-05 0.0577534
0.456844 0.181995 0.0581622 0.226571 0.0763285 9.9991E-05
0.571649 0.346361 9.9973E-05 0.0816899 9.9973E-05 9.9973E-05
0.635393 0.201357 0.00258545 0.0119321 0.013698 0.135034
0.786752 0.0883658 0.00846923 0.0853112 0.0310019 9.9991E-05
0.851097 9.9973E-05 0.0455867 0.103017 9.9973E-05 9.9973E-05
0.708533 0.238395 0.019446 0.0334261 9.9982E-05 9.9982E-05
0.647046 9.9973E-05 9.9973E-05 0.047422 9.9973E-05 0.305232
0.821831 0.0953886 0.0140431 9.9982E-05 9.9982E-05 0.068537
0.885108 9.9973E-05 0.0270269 9.9973E-05 0.0875649 9.9973E-05
0.817663 0.07544 0.0374511 0.003307 0.0660393 9.9991E-05
0.859892 0.111703 9.9973E-05 9.9973E-05 0.0281058 9.9973E-05
0.736493 0.0360963 9.9982E-05 9.9982E-05 0.0739654 0.153246
0.803774 0.145172 0.00590247 9.9982E-05 0.0449507 9.9982E-05
0.785018 0.155551 0.0372427 9.9991E-05 0.0183098 0.00377881
0.796151 0.0615443 0.0732572 9.9982E-05 9.9982E-05 0.0688476
0.134717 0.264768 0.0703379 0.243989 9.9991E-05 0.286089
0.162462 0.44806 0.00239963 9.9991E-05 0.0455326 0.341446
0.105029 9.9973E-05 9.9973E-05 9.9973E-05 0.017888 0.876783
0.0577886 0.0517828 0.0394515 0.0817626 9.9991E-05 0.769114
0.110881 0.285743 0.0106262 0.195839 0.0622259 0.334686
9.996E-05 9.996E-05 0.9995 9.996E-05 9.996E-05 9.996E-05
0.758199 9.9982E-05 0.0211954 0.216043 9.9982E-05 0.00436211
0.101517 0.485918 9.9982E-05 9.9982E-05 0.112244 0.300121
0.0945366 0.774482 0.00262296 0.128159 9.9982E-05 9.9982E-05
0.233248 0.327271 0.00554849 0.266205 0.0597168 0.10801
0.0785939 0.203894 0.0637494 0.590582 0.0630808 9.9991E-05
0.00186497 9.9982E-05 0.00816923 0.899549 9.9982E-05 0.0902169
9.996E-05 9.996E-05 0.9995 9.996E-05 9.996E-05 9.996E-05
0.156451 0.34529 0.0594678 0.196024 9.9991E-05 0.242668
0.087044 0.27533 9.9991E-05 0.297455 0.0737017 0.266369
0.346052 0.303232 0.0465509 0.108955 0.0732693 0.121941
9.9982E-05 0.0809162 0.0218639 0.28314 0.613879 9.9982E-05
0.0152112 0.0716643 0.0174267 0.15723 0.738367 9.9991E-05
0.00879721 0.14137 9.9982E-05 9.9982E-05 0.764372 0.0852607
0.000629866 0.0105622 0.036589 0.186084 0.686438 0.0796972
0.107295 9.9982E-05 0.0415186 9.9982E-05 0.769812 0.0811742
0.0736696 0.121407 9.9973E-05 9.9973E-05 0.804623 9.9973E-05
9.9964E-05 0.362351 9.9964E-05 9.9964E-05 0.637249 9.9964E-05
9.9982E-05 0.182627 0.0183624 0.0213934 0.777418 9.9982E-05
0.140914 9.9982E-05 0.0320091 0.0273716 0.799505 9.9982E-05
9.9982E-05 0.151663 0.0382284 0.124085 0.685823 9.9982E-05
9.9991E-05 0.112893 0.0395596 0.293501 0.540638 0.0133085
0.0995019 9.9973E-05 9.9973E-05 0.171649 0.728549 9.9973E-05
0.0397135 0.21748 9.9982E-05 0.106822 0.635784 9.9982E-05
9.9982E-05 0.0622256 0.0506658 0.631441 0.255468 9.9982E-05
0.706478 0.193915 0.0332126 0.0043776 0.0304625 0.0315536
0.741359 0.168048 0.0277578 9.9991E-05 0.00385125 0.0588847
0.771436 0.0927388 0.0188565 9.9982E-05 9.9982E-05 0.116769
0.0310554 0.063579 0.00566331 0.191597 0.634704 0.0734013
9.9982E-05 9.9982E-05 0.0707636 0.389958 0.462856 0.076222
0.0389389 0.147383 0.000626111 0.143796 0.669156 9.9991E-05
0.0213148 9.9982E-05 0.0598633 0.299577 0.619045 9.9982E-05
9.9982E-05 0.0408318 0.0347144 9.9982E-05 0.757454 0.1668
9.9991E-05 0.257691 0.00906156 0.596048 0.105529 0.031571
9.9982E-05 0.252705 0.0132576 0.691366 0.0424716 9.9982E-05
9.9973E-05 9.9973E-05 9.9973E-05 0.830043 0.0358587 0.133798
0.0212079 0.0134262 0.0312272 0.931142 9.9991E-05 0.00289651
0.0686882 9.9982E-05 0.0411429 0.783994 9.9982E-05 0.105975
9.9964E-05 9.9964E-05 0.0185878 0.981012 9.9964E-05 9.9964E-05
0.051632 9.9982E-05 0.0338848 0.671594 9.9982E-05 0.242689
9.9982E-05 0.0077348 9.9982E-05 0.337569 0.574875 0.0796207
9.9991E-05 0.0815387 0.111333 0.340832 0.390493 0.0757035
0.0939897 0.00152711 0.0295381 0.177297 0.676369 0.0212787
0.117754 0.0130531 0.0522598 0.0921318 0.724702 9.9991E-05
9.9991E-05 0.110374 0.0358577 0.011303 0.660124 0.182242
0.638207 9.9982E-05 0.0320927 0.178925 9.9982E-05 0.150576
0.131065 9.9982E-05 9.9982E-05 0.528273 0.218848 0.121614
9.9973E-05 9.9973E-05 9.9973E-05 0.870536 0.110558 0.0186067
9.996E-05 9.996E-05 0.9995 9.996E-05 9.996E-05 9.996E-05
0.119613 0.49939 9.9982E-05 0.12355 9.9982E-05 0.257246
0.0392506 0.77506 0.0481004 0.0216671 9.9991E-05 0.115821
0.0825335 0.585088 0.0478663 0.149161 0.00442575 0.130925
0.17542 0.499337 0.0284031 0.158423 0.11372 0.0246968
0.0760685 0.270312 9.9982E-05 9.9982E-05 0.0492252 0.604194
9.9973E-05 9.9973E-05 9.9973E-05 0.865346 0.124273 0.010081
0.538306 0.0190013 0.0476631 0.18914 9.9991E-05 0.20579
9.9991E-05 0.00842109 0.0712936 0.763686 0.115103 0.0413961
0.295555 0.109113 0.0299594 0.279372 0.0644416 0.221558
0.0616202 0.793889 0.00189912 0.00393995 0.0032479 0.135404
0.0474257 0.193644 9.9982E-05 0.20066 9.9982E-05 0.558071
0.070895 0.703399 9.9973E-05 0.225406 9.9973E-05 9.9973E-05
0.026658 0.355468 0.0258682 0.220607 0.0114874 0.359912
9.9964E-05 9.9964E-05 9.9964E-05 0.112882 9.9964E-05 0.886718
0.0191636 0.748401 0.00505928 0.227176 9.9982E-05 9.9982E-05
0.0504557 9.9991E-05 0.0248534 0.65584 0.150594 0.118158
0.0512656 0.0869706 0.0735078 0.625843 0.0859225 0.0764909
9.9991E-05 0.0738726 0.0780922 0.673285 0.15045 0.0242007
0.169758 0.226212 0.00679717 0.585298 9.9991E-05 0.0118347
0.0968424 0.379854 9.9982E-05 0.420451 0.102653 9.9982E-05
0.343093 0.313022 9.9982E-05 9.9982E-05 0.0675672 0.276118
0.024112 0.0598368 0.00149072 9.9991E-05 0.717479 0.196982
0.0344224 0.0149341 0.0235524 0.206513 0.660715 0.0598627
0.109373 0.0590616 0.00375125 0.713589 0.114125 9.9991E-05
0.109795 0.22317 0.0235118 0.484633 0.114108 0.0447825
0.234818 0.0440393 0.0669904 0.577351 0.069037 0.0077641
0.686737 9.9973E-05 9.9973E-05 0.235049 9.9973E-05 0.0779139
0.0702781 9.9991E-05 0.019083 0.270289 0.579421 0.0608292
9.9973E-05 0.135327 9.9973E-05 0.233645 0.630728 9.9973E-05
9.9982E-05 0.0873186 9.9982E-05 0.349897 0.436173 0.126412
0.397098 0.127979 0.0603489 0.0801905 0.0390426 0.295342
0.255637 0.364731 9.9982E-05 9.9982E-05 0.0476144 0.331818
9.9991E-05 0.432994 0.0244489 0.119312 0.0109179 0.412228
0.0828413 0.464568 9.9982E-05 9.9982E-05 0.0680174 0.384374
0.346008 0.319885 9.9973E-05 9.9973E-05 9.9973E-05 0.333807
0.0731843 0.649188 0.0217052 0.02542 9.9991E-05 0.230403
0.0862513 0.767676 9.9982E-05 0.084553 9.9982E-05 0.0613192
9.9982E-05 0.824628 0.014716 9.9982E-05 0.0476302 0.112825
0.285893 0.40274 9.9982E-05 0.0951997 9.9982E-05 0.215967
0.0903175 0.643983 9.9991E-05 0.0344517 0.0278757 0.203272
0.0802303 0.763665 0.0322748 0.0705652 9.9991E-05 0.0531646
0.0568728 0.477853 0.0334099 0.143719 9.9991E-05 0.288046
0.233041 0.480012 9.9982E-05 9.9982E-05 0.153619 0.133129
9.9991E-05 0.656355 0.0330361 0.0536813 0.0454249 0.211403
0.236906 0.364947 0.00589349 0.247257 9.9991E-05 0.144896
0.0226 0.757886 9.9991E-05 0.0462796 0.00647958 0.166655
0.776077 9.9973E-05 9.9973E-05 0.0340027 9.9973E-05 0.189621
0.854474 9.9973E-05 9.9973E-05 0.0320811 9.9973E-05 0.113145
0.844513 0.0513549 0.0481444 9.9982E-05 9.9982E-05 0.0557873
0.734513 0.150025 0.0180568 0.0488652 0.0296724 0.0188676
0.738443 0.137207 0.0140036 0.0691091 0.0223883 0.0188494
9.9982E-05 0.330941 9.9982E-05 0.113298 0.0791513 0.476409
0.113091 9.9982E-05 0.0172613 0.0151148 9.9982E-05 0.854333
9.9964E-05 9.9964E-05 9.9964E-05 0.152909 0.846691 9.9964E-05
0.0175476 0.0756435 0.0216563 0.101513 0.753975 0.029665
0.00569396 0.0358361 0.020127 9.9991E-05 0.815846 0.122397
0.00190425 9.9982E-05 9.9982E-05 0.260256 0.570262 0.167378
9.9973E-05 0.156652 0.0270446 9.9973E-05 0.816003 9.9973E-05
0.0706282 0.144446 0.00811412 0.0443669 0.732345 9.9991E-05
9.9982E-05 0.0186802 0.0287995 0.173149 0.779171 9.9982E-05
0.0851435 9.9982E-05 9.9982E-05 0.192734 0.718259 0.0036645
0.0980711 0.0161903 9.9982E-05 0.110989 0.774549 9.9982E-05
0.0892982 9.9982E-05 0.0111082 0.140698 0.758696 9.9982E-05
9.9982E-05 9.9982E-05 0.0326948 0.0709618 0.741174 0.154969
0.0456798 0.00970379 0.0321729 0.0650347 0.704579 0.14283
0.0373785 0.242482 0.0124679 9.9982E-05 0.707472 9.9982E-05
0.0558479 9.9991E-05 0.00763498 0.0218955 0.83554 0.0789815
9.9982E-05 9.9982E-05 0.0175913 0.116184 0.739501 0.126524
9.9973E-05 9.9973E-05 0.0330552 9.9973E-05 0.836723 0.129922
0.0459759 9.9973E-05 9.9973E-05 9.9973E-05 0.793941 0.159783
0.0340586 0.0792955 9.9991E-05 0.729749 0.103807 0.0529892
9.9973E-05 0.147631 9.9973E-05 0.811316 9.9973E-05 0.0407529
9.9973E-05 9.9973E-05 9.9973E-05 0.0987215 0.768317 0.132662
9.9991E-05 0.105654 0.0403563 0.0324485 0.650167 0.171274
0.0283493 9.9982E-05 0.00469501 0.259639 0.707117 9.9982E-05
9.9973E-05 0.224994 9.9973E-05 0.690668 0.0840378 9.9973E-05
9.9982E-05 0.533043 0.0140027 0.0439652 9.9982E-05 0.408789
0.152465 0.500437 0.0279566 9.9982E-05 9.9982E-05 0.318942
0.390855 0.273842 9.9991E-05 0.135341 0.0229398 0.176922
0.519957 0.384918 9.9973E-05 0.0948251 9.9973E-05 9.9973E-05
0.766823 9.9973E-05 9.9973E-05 0.148441 9.9973E-05 0.0844369
0.785499 0.135407 9.9991E-05 0.000684 0.0443886 0.0339217
0.78275 0.127203 0.00248457 0.019292 0.000164291 0.0681059
0.774146 9.9982E-05 0.00864358 0.160427 9.9982E-05 0.0565834
0.70823 0.070869 0.0233689 0.0628998 0.0869213 0.0477108
0.772173 0.163957 0.0168564 9.9982E-05 0.0468139 9.9982E-05
0.107127 0.488647 0.0180876 9.9991E-05 0.0179671 0.368071
0.0325432 0.310339 0.0509467 0.0207173 0.0383179 0.547136
9.9964E-05 9.9964E-05 0.0541063 9.9964E-05 9.9964E-05 0.945494
9.996E-05 9.996E-05 9.996E-05 9.996E-05 9.996E-05 0.9995
9.9973E-05 0.0789514 0.0139796 9.9973E-05 9.9973E-05 0.906769
9.9964E-05 9.9964E-05 9.9964E-05 0.226265 9.9964E-05 0.773335
0.190793 0.390064 0.00717995 0.197569 9.9991E-05 0.214295
0.145988 0.744191 0.00829342 0.0461454 0.0552829 9.9991E-05
0.0467944 0.687809 0.0690385 0.116754 0.00641604 0.0731887
0.137745 0.412661 0.0222144 0.0101004 0.0643959 0.352884
0.0702173 0.546886 0.0373937 9.9991E-05 0.0454553 0.299948
0.603456 0.167846 0.152823 9.9982E-05 0.0756751 9.9982E-05
0.00733162 0.146678 0.0363335 0.15565 0.653907 9.9991E-05
0.108659 9.9991E-05 0.0411232 0.0989483 0.730295 0.0208743
9.9982E-05 0.0794662 0.00565639 0.131194 0.783483 9.9982E-05
9.9982E-05 0.209586 0.0343686 0.155438 0.600408 9.9982E-05
0.0622386 0.0399278 0.0189287 0.0374229 0.715965 0.125517
0.292569 0.219321 0.037519 0.126779 0.0654439 0.258368
0.249312 0.527649 0.0285542 0.0893958 9.9991E-05 0.10499
9.9973E-05 0.713792 0.052045 9.9973E-05 9.9973E-05 0.233863
0.203929 0.581922 0.0112551 0.202694 9.9982E-05 9.9982E-05
