0.0710841 0.0369581 0.0667308 0.148201 0.6598 0.0171258 9.9991E-05
0.0605588 0.0586249 9.9982E-05 0.281708 0.577679 0.0212293 9.9982E-05
0.12628 0.0715822 9.9973E-05 9.9973E-05 0.783231 0.0186067 9.9973E-05
0.0299597 0.171175 9.9991E-05 0.155484 0.588498 0.0157151 0.0390678
9.9973E-05 9.9973E-05 0.0169043 0.0847661 0.832651 9.9973E-05 0.0653789
9.9973E-05 0.0158651 0.108412 0.37064 0.504783 9.9973E-05 9.9973E-05
0.0298813 0.158169 0.0368973 0.279249 0.495604 9.9982E-05 9.9982E-05
0.0208778 0.204257 9.9982E-05 0.199217 0.516376 0.0590718 9.9982E-05
0.0449542 9.9973E-05 0.10321 0.728357 0.123178 9.9973E-05 9.9973E-05
0.174198 0.194907 9.9991E-05 0.283351 0.292184 0.0071775 0.0480828
9.9982E-05 0.3948 9.9982E-05 0.298863 0.104796 0.0614145 0.139926
0.163666 0.152526 0.0702569 0.440403 0.147631 0.0254165 9.9991E-05
0.00709102 0.775491 9.9982E-05 0.112097 9.9982E-05 0.0420483 0.0630727
0.126203 0.0250586 9.9982E-05 0.644365 0.035659 9.9982E-05 0.168514
0.128231 9.9991E-05 0.0880386 0.360556 0.367292 0.0509924 0.00479009
0.0483276 0.0938454 0.0202761 0.675089 0.154385 0.00797738 9.9991E-05
0.0907529 9.9973E-05 0.0529041 0.50123 0.354813 9.9973E-05 9.9973E-05
0.0371515 9.9982E-05 9.9982E-05 0.592233 0.327485 0.0146704 0.0282597
0.446908 0.130967 0.0942747 0.208236 9.9991E-05 0.0573804 0.0621338
0.551965 0.121257 0.0555472 0.258563 0.0124671 9.9982E-05 9.9982E-05
0.614184 9.9982E-05 0.0561566 0.122576 0.185803 0.021081 9.9982E-05
0.773326 0.0856585 0.0725448 9.9982E-05 0.0515592 0.0167116 9.9982E-05
0.887024 9.9973E-05 0.0617102 9.9973E-05 0.0183857 0.0325797 9.9973E-05
0.702396 9.9973E-05 9.9973E-05 0.207242 9.9973E-05 0.0356663 0.0543967
0.606677 0.0547232 0.0591662 0.0491207 0.230113 9.9982E-05 9.9982E-05
0.85251 9.9982E-05 0.00608997 9.9982E-05 0.135121 0.00211097 0.00396769
0.84404 9.9973E-05 0.0491605 9.9973E-05 9.9973E-05 0.0313129 0.0751863
0.792468 9.9973E-05 0.103395 0.0781538 9.9973E-05 0.0256829 9.9973E-05
0.836788 9.9964E-05 0.0629402 9.9964E-05 0.0998717 9.9964E-05 9.9964E-05
0.7935 9.9982E-05 0.135604 0.0502623 0.0150532 0.00538093 9.9982E-05
0.838049 9.9964E-05 0.107344 0.0542074 9.9964E-05 9.9964E-05 9.9964E-05
0.841319 9.9973E-05 9.9973E-05 0.0320045 9.9973E-05 0.0256225 0.100754
0.837781 0.00923708 0.0610431 9.9982E-05 0.0286829 0.0630564 9.9982E-05
0.103429 0.154434 9.9991E-05 0.266923 0.381298 0.0739157 0.0199003
0.239137 9.9973E-05 9.9973E-05 0.205267 0.511703 9.9973E-05 0.0435927
0.0792276 0.0300719 9.9982E-05 0.141349 0.661444 9.9982E-05 0.0877075
0.0436219 0.165239 9.9973E-05 9.9973E-05 0.749921 0.0409182 9.9973E-05
0.0866149 0.185595 0.119888 0.310157 0.274061 0.0214324 0.00225226
9.995E-05 9.995E-05 9.995E-05 9.995E-05 9.995E-05 0.9994 9.995E-05
0.760593 0.109377 9.9973E-05 9.9973E-05 9.9973E-05 0.0145222 0.115207
0.133686 9.9982E-05 0.0225867 0.25419 0.459644 9.9982E-05 0.129693
0.127964 0.0989368 9.9982E-05 0.308759 0.459532 9.9982E-05 0.00460876
0.246687 0.219707 0.156857 0.236561 0.131912 0.00817586 9.9991E-05
0.0283198 0.541292 0.113841 0.147496 0.0903768 0.0485841 0.0300904
9.9964E-05 0.929119 9.9964E-05 9.9964E-05 0.0457468 0.0247344 9.9964E-05
9.995E-05 9.995E-05 9.995E-05 9.995E-05 9.995E-05 0.9994 9.995E-05
0.155312 0.184495 9.9991E-05 0.375349 0.163685 0.0751277 0.045932
0.0767188 0.384102 0.175746 0.137262 0.225971 9.9982E-05 9.9982E-05
0.290617 0.13346 0.000881611 0.323055 0.123487 9.9991E-05 0.1284
9.9982E-05 0.0641114 0.559723 0.0863478 9.9982E-05 0.026584 0.263034
0.0132577 0.124828 0.44103 0.0140068 9.9991E-05 0.0165863 0.390192
9.9964E-05 9.9964E-05 0.4457 9.9964E-05 0.150983 9.9964E-05 0.402917
0.0179579 0.0747698 0.253471 0.0939793 9.9991E-05 0.0490508 0.510671
0.0487881 9.9982E-05 0.158015 0.0215791 9.9982E-05 0.0450192 0.726398
0.0660101 9.9973E-05 0.529562 9.9973E-05 0.0136526 9.9973E-05 0.390476
9.9964E-05 9.9964E-05 0.165243 0.281755 9.9964E-05 9.9964E-05 0.552602
9.9982E-05 0.0331946 0.77328 0.0824678 9.9982E-05 0.0191663 0.0916913
9.9955E-05 9.9955E-05 0.965599 9.9955E-05 9.9955E-05 0.0339015 9.9955E-05
9.9982E-05 0.0781535 0.107031 0.0724248 9.9982E-05 0.027217 0.714974
9.9991E-05 0.121038 0.317173 0.0446922 0.125591 0.0209538 0.370452
9.995E-05 9.995E-05 0.9994 9.995E-05 9.995E-05 9.995E-05 9.995E-05
0.021586 0.107622 0.400234 0.0026757 0.106345 9.9991E-05 0.361436
9.9982E-05 0.523236 0.143604 0.0848882 9.9982E-05 0.0439068 0.204165
0.716507 9.9982E-05 9.9982E-05 0.108253 0.020458 0.0294563 0.125125
0.713881 0.0508552 0.0208621 9.99908E-05 0.178142 0.0360597 9.99908E-05
0.725031 9.9982E-05 0.00279375 0.121149 0.120797 0.0300283 9.9982E-05
9.9982E-05 0.0940882 0.207328 0.153903 9.9982E-05 0.00283602 0.541645
9.9982E-05 0.281387 0.133025 9.9982E-05 0.103977 0.0393644 0.442048
0.0378085 0.116739 0.201939 9.9991E-05 0.0631195 0.00979501 0.570498
0.00041942 0.238165 0.296337 9.9982E-05 9.9982E-05 0.0499941 0.414884
0.0233813 9.9973E-05 9.9973E-05 9.9973E-05 0.0625615 0.0330887 0.880669
9.9982E-05 0.410001 0.254556 0.129875 0.188316 0.0170521 9.9982E-05
9.9964E-05 0.541777 0.105039 0.352784 9.9964E-05 9.9964E-05 9.9964E-05
9.9973E-05 0.637833 0.199249 0.124623 0.0379956 9.9973E-05 9.9973E-05
0.00679074 0.958773 0.0147569 9.9973E-05 9.9973E-05 0.0193791 9.9973E-05
0.0687022 0.908038 9.9964E-05 9.9964E-05 9.9964E-05 0.0228601 9.9964E-05
9.9973E-05 0.883604 0.0349582 0.0481924 9.9973E-05 0.0329449 9.9973E-05
0.129024 0.596679 0.0784811 0.0177935 0.126408 0.0286544 0.0229604
9.9973E-05 0.124671 0.413393 0.178286 9.9973E-05 9.9973E-05 0.28335
0.0106282 0.27758 0.00675798 0.0442262 0.0672337 0.119907 0.473667
0.051688 0.165242 0.293755 9.9982E-05 9.9982E-05 0.00955245 0.479563
0.0759833 0.106883 0.352925 9.9982E-05 9.9982E-05 0.0519786 0.412029
9.9973E-05 9.9973E-05 0.0402365 0.254844 9.9973E-05 0.011161 0.693459
0.590036 0.0736177 9.9982E-05 0.216352 9.9982E-05 0.0158557 0.103938
0.117425 0.341648 0.22974 0.0327313 0.131342 9.9991E-05 0.147015
9.9964E-05 0.825227 9.9964E-05 9.9964E-05 0.0364948 9.9964E-05 0.137878
9.995E-05 9.995E-05 9.995E-05 9.995E-05 9.995E-05 0.9994 9.995E-05
0.125442 0.142491 9.9973E-05 0.257469 0.474299 9.9973E-05 9.9973E-05
0.0463983 0.0187805 0.0791351 0.1817 0.647458 0.0264276 9.9991E-05
0.0687246 0.0144374 0.142061 0.482881 0.228556 0.0632411 9.9991E-05
0.144004 0.122081 0.00282565 0.607935 9.9991E-05 0.0323157 0.0907394
0.0884164 0.00291409 9.9982E-05 0.395117 0.440574 9.9982E-05 0.0727784
9.9964E-05 0.707445 0.224511 9.9964E-05 0.0676434 9.9964E-05 9.9964E-05
0.509963 0.168518 9.9991E-05 0.0847675 0.154591 0.0290277 0.0530326
9.9973E-05 0.655446 9.9973E-05 9.9973E-05 0.072156 0.075264 0.196834
0.292263 0.36089 9.9991E-05 0.0148094 0.231244 0.0320445 0.0686486
0.0691522 9.9973E-05 0.00328698 0.603875 0.323386 9.9973E-05 9.9973E-05
0.0371615 0.243819 9.9973E-05 0.224599 0.49412 9.9973E-05 9.9973E-05
0.089107 0.190664 9.9973E-05 0.281762 0.438166 9.9973E-05 9.9973E-05
9.9982E-05 0.0662762 0.0852735 0.763183 0.0780034 0.00706355 9.9982E-05
9.9964E-05 0.245593 9.9964E-05 9.9964E-05 0.744085 0.0099225 9.9964E-05
0.00608347 0.0525394 9.9964E-05 0.940977 9.9964E-05 9.9964E-05 9.9964E-05
9.9982E-05 0.664064 0.0608096 9.9982E-05 0.104807 0.0065165 0.163603
0.0644388 0.518871 9.9991E-05 0.162235 0.00187287 0.0867095 0.165772
9.9991E-05 0.647196 0.0503547 0.0681285 0.00288738 0.0796893 0.151644
0.156855 0.511967 9.9973E-05 0.316783 0.0140954 9.9973E-05 9.9973E-05
0.132628 0.390626 0.1432 0.255933 0.0774119 9.9982E-05 9.9982E-05
0.40514 9.9982E-05 0.105507 0.117834 0.361963 9.9982E-05 0.00935655
9.9973E-05 9.9973E-05 0.219732 0.11283 0.0841862 9.9973E-05 0.582951
0.0286308 0.149615 0.15875 9.9991E-05 0.0628423 0.0124346 0.587628
0.134611 0.484195 0.141312 9.9982E-05 0.145433 9.9982E-05 0.0942494
0.0470598 0.382025 0.26508 0.283799 9.9982E-05 0.0218363 9.9982E-05
0.200162 0.283209 0.257803 9.9982E-05 0.208622 0.050003 9.9982E-05
0.707805 0.291695 9.9955E-05 9.9955E-05 9.9955E-05 9.9955E-05 9.9955E-05
0.0630013 0.269048 0.0628253 9.9982E-05 9.9982E-05 0.0133991 0.591527
9.9982E-05 0.180209 0.448297 0.0337274 0.0672799 9.9982E-05 0.270287
9.9973E-05 0.373681 0.142243 9.9973E-05 0.131682 9.9973E-05 0.352093
0.4503 0.0447252 0.0411644 0.0254294 0.326118 0.0500181 0.0622444
0.190396 9.9973E-05 9.9973E-05 0.131604 0.573558 9.9973E-05 0.104143
9.9982E-05 0.0716214 0.0528177 0.0842268 0.777465 0.0136692 9.9982E-05
0.0401378 9.9973E-05 9.9973E-05 0.0735618 0.778238 9.9973E-05 0.107762
0.366396 9.9973E-05 9.9973E-05 0.351888 0.256858 9.9973E-05 0.0245579
0.187009 0.085894 9.9991E-05 0.176304 0.509357 0.0160775 0.0252582
0.0400435 9.9973E-05 0.0324437 9.9973E-05 0.888394 9.9973E-05 0.038819
9.9973E-05 9.9973E-05 0.132061 0.0939166 0.753396 0.020326 9.9973E-05
0.362027 0.0670812 9.9982E-05 0.227821 0.290658 9.9982E-05 0.0522137
0.0236666 9.9973E-05 9.9973E-05 0.882076 0.0578869 9.9973E-05 0.0360708
0.113411 0.0198951 0.0331655 0.745548 0.0811948 0.00668565 9.9991E-05
9.9955E-05 9.9955E-05 0.0583022 0.941198 9.9955E-05 9.9955E-05 9.9955E-05
0.188017 0.129965 0.123632 0.209546 0.344015 0.00472444 9.9991E-05
9.9964E-05 9.9964E-05 9.9964E-05 0.863364 9.9964E-05 0.0275286 0.108708
0.174626 0.186438 0.0319301 0.606706 9.9973E-05 9.9973E-05 9.9973E-05
0.00510728 0.0609873 0.0488329 0.22703 0.632346 9.9991E-05 0.0255967
0.765593 0.109685 9.9973E-05 0.103817 9.9973E-05 9.9973E-05 0.0206056
0.853186 0.0504203 9.9964E-05 9.9964E-05 0.0959937 9.9964E-05 9.9964E-05
0.868118 9.9973E-05 9.9973E-05 0.094825 9.9973E-05 0.0295066 0.00725031
0.687781 0.000494095 0.00942804 0.202362 9.9982E-05 9.9982E-05 0.0997347
0.734528 0.0978999 0.0150079 9.9991E-05 0.109644 0.0228832 0.0199366
9.9991E-05 0.142809 0.00619889 0.125482 0.612243 0.0211341 0.0920326
0.0653208 0.201687 9.9973E-05 9.9973E-05 0.710219 0.022473 9.9973E-05
9.9955E-05 9.9955E-05 0.675842 9.9955E-05 9.9955E-05 9.9955E-05 0.323659
0.0742101 0.0749402 9.9982E-05 0.0222817 9.9982E-05 0.00161547 0.826753
9.9982E-05 9.9982E-05 0.0702868 0.0674207 0.0206907 0.0123383 0.829064
0.0603349 0.253764 0.109619 9.9982E-05 0.0298282 9.9982E-05 0.546255
9.9982E-05 0.0578539 0.171595 9.9982E-05 0.0298859 0.0201061 0.720359
0.116719 9.9982E-05 0.202441 0.0464137 9.9982E-05 0.00885837 0.625368
9.9964E-05 0.0867482 9.9964E-05 9.9964E-05 9.9964E-05 0.00305102 0.909801
0.0525391 0.0356455 0.413576 9.9973E-05 9.9973E-05 9.9973E-05 0.497939
0.0680153 0.0560908 0.224501 9.9973E-05 9.9973E-05 9.9973E-05 0.651093
0.0685761 9.9973E-05 0.351936 9.9973E-05 9.9973E-05 0.0129189 0.566269
9.9982E-05 0.129559 0.00332578 9.9982E-05 0.00958441 0.0421788 0.815152
0.0677187 0.079505 0.124946 0.0340169 9.9991E-05 0.027944 0.665769
0.0547299 9.9991E-05 0.245674 0.0511773 0.0560006 0.0140749 0.578243
0.0467018 9.9982E-05 0.154312 0.0110959 0.0292799 9.9982E-05 0.75841
9.9973E-05 0.0837018 0.228183 9.9973E-05 0.0481458 9.9973E-05 0.639669
9.9964E-05 9.9964E-05 9.9964E-05 9.9964E-05 0.0582621 0.0140181 0.92732
0.0500469 0.00380924 0.142359 9.9991E-05 0.0445668 0.0178034 0.741315
0.00913233 0.626193 9.9982E-05 0.0605804 0.100078 9.9982E-05 0.203816
0.0146198 0.938307 9.9964E-05 0.0466728 9.9964E-05 9.9964E-05 9.9964E-05
9.9973E-05 0.103244 0.116939 9.9973E-05 0.0212224 9.9973E-05 0.758295
9.9991E-05 0.0493601 0.420194 0.0488798 0.154773 0.0320301 0.294663
9.995E-05 9.995E-05 0.9994 9.995E-05 9.995E-05 9.995E-05 9.995E-05
9.9973E-05 0.646489 0.154664 0.137459 0.061088 9.9973E-05 9.9973E-05
9.9964E-05 9.9964E-05 9.9964E-05 9.9964E-05 0.920809 0.0224032 0.0563875
0.222217 9.9973E-05 9.9973E-05 0.182861 0.562931 0.0316919 9.9973E-05
0.401724 0.111495 0.0924319 9.9973E-05 0.394049 9.9973E-05 9.9973E-05
0.614188 0.104417 0.0151372 0.215891 0.0501675 9.9982E-05 9.9982E-05
0.738559 0.18348 0.00134222 0.0763185 9.9973E-05 9.9973E-05 9.9973E-05
0.768238 9.9964E-05 0.113554 0.117808 9.9964E-05 9.9964E-05 9.9964E-05
0.743335 0.045079 9.9982E-05 0.0672942 0.138075 0.00601717 9.9982E-05
0.664408 0.0408458 0.0395466 0.2549 9.9973E-05 9.9973E-05 9.9973E-05
0.688848 0.126705 0.0729092 0.0417452 9.9991E-05 0.0304166 0.0392761
0.737623 9.9991E-05 0.0131036 0.0325043 0.0607519 0.0650043 0.0909125
0.0672854 0.0418713 0.0435954 9.9982E-05 0.809805 9.9982E-05 0.0372428
0.0323662 9.9982E-05 0.0865862 0.0546896 0.766766 0.059392 9.9982E-05
9.9982E-05 0.0624362 0.130468 0.0688382 0.688931 0.0491273 9.9982E-05
9.99641E-05 0.237787 9.99641E-05 9.99641E-05 0.723803 9.99641E-05 0.0380103
9.9982E-05 0.13362 0.0151322 0.0580285 0.762836 0.0301835 9.9982E-05
0.0145659 0.307136 0.0254308 0.0551216 0.579267 9.9991E-05 0.0183789
0.123749 0.0571289 0.0934401 0.583749 0.140986 0.000846337 9.9991E-05
0.044858 9.9964E-05 0.0946378 0.860104 9.9964E-05 9.9964E-05 9.9964E-05
9.9964E-05 9.9964E-05 9.9964E-05 0.891033 9.9964E-05 0.0421465 0.0664207
0.0806995 0.141874 9.9982E-05 0.687929 0.0599785 9.9982E-05 0.0293194
0.0178821 9.9982E-05 9.9982E-05 0.715683 0.196465 0.0291693 0.0406006
0.63574 0.072521 9.9991E-05 0.0143782 0.0381242 0.147033 0.0921031
9.9982E-05 0.151775 0.701978 9.9982E-05 0.0170473 0.038243 0.0907567
0.0515251 0.0400964 0.40991 9.9991E-05 0.00687904 0.0433036 0.448185
0.0205064 0.0957964 9.9973E-05 0.0347275 9.9973E-05 9.9973E-05 0.84867
0.00552542 0.0892974 0.136761 0.135212 9.9982E-05 9.9982E-05 0.633004
0.0639101 9.9982E-05 0.0226281 9.9982E-05 0.0836001 0.0452148 0.784447
0.191317 9.9982E-05 0.177875 0.465656 0.133507 0.0314458 9.9982E-05
0.227713 0.014628 0.0177647 0.445642 0.240607 0.0366426 0.0170031
9.9964E-05 9.9964E-05 9.9964E-05 0.85291 0.0855726 0.0611171 9.9964E-05
0.229515 0.210869 0.0141425 0.232414 0.270545 0.0424147 9.9991E-05
