0.0659523 9.9964E-05 9.9964E-05 9.9964E-05 0.806642 9.9964E-05 0.127005
0.0421601 0.0100653 0.0218751 9.9991E-05 0.603076 0.30815 0.0145731
0.128157 0.0753944 0.0147441 9.9982E-05 0.768138 9.9982E-05 0.0133668
0.119904 9.9973E-05 9.9973E-05 9.9973E-05 0.610744 0.0295097 0.239543
9.9982E-05 9.9982E-05 0.00903125 0.0208902 0.719319 0.0907175 0.159842
0.0576514 9.9982E-05 9.9982E-05 0.0317103 0.57375 0.169265 0.167423
0.0966303 0.0171317 9.9991E-05 0.00179729 0.31752 0.313722 0.253099
0.0595688 9.9982E-05 0.0271656 9.9982E-05 0.462121 0.115183 0.335762
9.9982E-05 0.126124 0.0138511 0.0585024 0.126834 0.674489 9.9982E-05
0.197383 0.176332 0.0382796 9.9991E-05 0.264305 0.211258 0.112342
0.274484 0.0556309 0.07614 0.0690078 0.107247 0.295025 0.122465
0.218956 0.163878 0.00807648 9.9991E-05 0.156805 0.385965 0.0662186
0.817044 0.0219295 0.0614901 9.9973E-05 9.9973E-05 0.0992361 9.9973E-05
9.9973E-05 0.141115 9.9973E-05 0.0765677 9.9973E-05 0.735869 0.0461486
9.999E-05 0.124603 0.0310864 0.0263312 0.348351 0.380157 0.089372
0.12349 9.9973E-05 9.9973E-05 9.9973E-05 0.186021 0.61502 0.075169
9.9973E-05 0.142429 9.9973E-05 9.9973E-05 0.179687 0.438498 0.239086
9.9982E-05 0.0158038 0.030861 9.9982E-05 0.384899 0.559034 0.00920215
0.175797 0.439288 0.0654243 0.0824872 0.054024 0.182879 9.9991E-05
0.108543 0.536386 9.9964E-05 9.9964E-05 9.9964E-05 0.35467 9.9964E-05
0.0362194 0.633329 0.00832681 0.0240556 0.174022 0.0291117 0.0949352
0.0771692 0.755393 9.9982E-05 0.0229945 0.109583 9.9982E-05 0.0346601
0.0727537 0.806864 0.0399621 9.9982E-05 0.0188379 9.9982E-05 0.0613825
0.00825075 0.688414 0.0654536 0.00399641 0.146334 0.0874509 9.9991E-05
0.00934247 0.58222 9.9982E-05 9.9982E-05 0.124515 0.0763811 0.207342
9.9973E-05 0.788484 0.0157558 9.9973E-05 0.108941 9.9973E-05 0.0865189
0.0109176 0.842801 0.0190922 0.0776521 9.9982E-05 9.9982E-05 0.0493377
0.033525 0.752493 0.0127954 0.0674668 9.9982E-05 0.13352 9.9982E-05
9.9964E-05 0.750175 9.9964E-05 0.0257497 0.223676 9.9964E-05 9.9964E-05
9.9964E-05 0.805987 9.9964E-05 0.0812838 9.9964E-05 9.9964E-05 0.112329
0.0204514 0.830946 0.00720323 0.0444066 9.9982E-05 0.0967933 9.9982E-05
9.999E-05 0.782401 0.0254386 0.0208593 0.0559589 0.102508 0.0127338
0.0135592 0.769887 0.0752465 9.9991E-05 0.0268981 0.0322689 0.0820405
0.216616 0.0942134 0.0466661 9.9991E-05 0.348149 0.260479 0.0337768
9.9973E-05 0.175223 9.9973E-05 9.9973E-05 0.492748 0.150147 0.181582
9.999E-05 0.147427 0.00113365 0.0422433 0.220308 0.00505145 0.583736
0.122847 0.0298338 0.00709056 9.9982E-05 0.374827 9.9982E-05 0.465201
0.100901 0.112061 0.00685552 0.100133 0.18967 0.389469 0.100911
9.995E-05 9.995E-05 0.9994 9.995E-05 9.995E-05 9.995E-05 9.995E-05
0.210081 0.68393 0.0155927 9.9973E-05 9.9973E-05 9.9973E-05 0.0900967
9.9982E-05 0.0719101 9.9982E-05 0.077463 0.614648 0.0168157 0.218963
0.226817 0.0072693 9.9973E-05 9.9973E-05 0.549475 0.216138 9.9973E-05
0.309441 0.256567 9.9982E-05 0.0680365 0.223586 0.142169 9.9982E-05
0.588875 0.0427829 0.0475201 0.0722702 0.108727 0.139724 9.9991E-05
0.780866 0.0526492 9.9964E-05 9.9964E-05 9.9964E-05 9.9964E-05 0.166085
9.995E-05 9.995E-05 0.9994 9.995E-05 9.995E-05 9.995E-05 9.995E-05
0.189673 0.126678 0.0612534 0.00818365 0.136429 0.303894 0.17389
0.367944 0.116574 9.9982E-05 0.0387829 9.9982E-05 0.228222 0.248277
0.135953 0.252383 0.0226786 0.0720666 0.210501 0.306318 9.9991E-05
0.294033 9.9973E-05 0.0155984 0.63371 9.9973E-05 0.0563586 9.9973E-05
0.103331 9.9982E-05 0.0240579 0.744654 9.9982E-05 0.0843947 0.0433628
9.9982E-05 0.0269856 9.9982E-05 0.742355 0.0530941 0.119215 0.0581505
0.138572 9.9982E-05 0.0318827 0.63659 9.9982E-05 0.132406 0.0603488
9.9982E-05 0.0223609 0.044355 0.753048 9.9982E-05 0.0755392 0.104497
9.9964E-05 0.0157098 9.9964E-05 0.80666 9.9964E-05 0.17723 9.9964E-05
9.9955E-05 9.9955E-05 9.9955E-05 0.655722 9.9955E-05 0.343778 9.9955E-05
9.9964E-05 9.9964E-05 0.00249227 0.744738 9.9964E-05 0.25237 9.9964E-05
0.0438015 0.143215 0.0274916 0.785192 9.9973E-05 9.9973E-05 9.9973E-05
0.048841 9.9991E-05 0.0374939 0.740133 0.103189 0.0623606 0.00788298
0.222943 9.9991E-05 0.03035 0.517669 0.125452 0.0955156 0.00796994
0.17552 0.0939379 9.9964E-05 0.730142 9.9964E-05 9.9964E-05 9.9964E-05
0.14726 0.0926049 9.9973E-05 0.64244 0.117394 9.9973E-05 9.9973E-05
0.553847 9.9973E-05 0.0595448 0.239089 9.9973E-05 0.147219 9.9973E-05
9.9991E-05 0.720315 0.0182509 0.0232983 0.0437363 0.066989 0.127311
9.99833E-05 0.723813 0.0139388 0.022861 0.226038 0.0131497 9.99833E-05
9.9973E-05 0.766041 0.0154559 9.9973E-05 0.108533 9.9973E-05 0.10967
0.0558715 9.9982E-05 0.0293572 0.653931 9.9982E-05 0.211249 0.0493912
0.340925 9.9982E-05 0.0638789 0.481943 0.0952683 9.9982E-05 0.0177844
0.1302 9.9991E-05 0.0375194 0.64674 0.101323 0.0789445 0.0051743
0.275168 0.0201596 0.0564229 0.627682 9.9982E-05 0.0203681 9.9982E-05
9.9982E-05 9.9982E-05 0.0376617 0.778212 0.0543735 0.0054879 0.124065
0.570981 9.9973E-05 9.9973E-05 0.0825146 0.198017 0.148187 9.9973E-05
0.707654 9.9955E-05 9.9955E-05 9.9955E-05 9.9955E-05 0.291846 9.9955E-05
0.725147 9.9973E-05 9.9973E-05 0.0553229 9.9973E-05 0.0344042 0.184826
0.910795 0.00576767 0.0147933 9.9982E-05 0.02881 9.9982E-05 0.0396343
0.747403 0.0991455 0.043575 9.9973E-05 9.9973E-05 9.9973E-05 0.109576
0.898283 9.9973E-05 0.0339607 9.9973E-05 9.9973E-05 0.0512484 0.016208
0.563552 0.102564 0.0201516 0.0191912 0.0628157 0.021692 0.210034
0.0912357 9.9973E-05 9.9973E-05 0.638219 9.9973E-05 0.212056 0.0581894
0.438934 9.9973E-05 0.14715 0.325264 0.0883519 9.9973E-05 9.9973E-05
0.128272 0.120705 0.0238842 0.679899 9.9982E-05 9.9982E-05 0.0470405
0.0652577 0.0523932 0.0638338 0.730482 9.9982E-05 0.0878329 9.9982E-05
9.9973E-05 9.9973E-05 0.023663 0.644214 9.9973E-05 0.285297 0.0465257
0.105528 0.547107 0.0314495 0.0163252 9.9982E-05 0.29939 9.9982E-05
0.418842 0.0973402 9.9982E-05 0.276974 0.133354 9.9982E-05 0.07329
0.810109 9.9973E-05 9.9973E-05 0.0971785 0.0541664 9.9973E-05 0.038246
9.995E-05 9.995E-05 0.9994 9.995E-05 9.995E-05 9.995E-05 9.995E-05
0.126034 0.111332 9.9982E-05 9.9982E-05 0.579747 0.061936 0.120752
0.108567 9.9982E-05 0.0221018 9.9982E-05 0.719043 0.128973 0.0211164
0.0709777 0.0810268 0.0382393 0.00415479 0.152103 0.540156 0.113343
0.0958353 0.169843 0.0522718 0.0766674 9.9982E-05 0.605182 9.9982E-05
9.9982E-05 0.049036 9.9982E-05 0.0590893 0.279381 0.22632 0.385974
0.780456 9.9964E-05 9.9964E-05 0.0952801 9.9964E-05 9.9964E-05 0.123864
0.152912 0.539123 0.0329203 9.9991E-05 0.0679834 0.111735 0.0952268
0.682197 9.9982E-05 0.0629156 0.114165 0.13107 0.00945254 9.9982E-05
0.234949 0.243318 0.0214805 0.0419112 0.0189636 0.11254 0.326837
9.9964E-05 0.0973125 9.9964E-05 9.9964E-05 0.306119 0.596169 9.9964E-05
0.133692 0.0265178 9.9982E-05 9.9982E-05 0.227112 0.165677 0.446801
0.280923 0.116366 9.9982E-05 9.9982E-05 0.439095 0.159348 0.0040673
0.110348 9.9973E-05 9.9973E-05 0.025893 9.9973E-05 0.701065 0.162394
0.116962 0.0022647 9.9964E-05 9.9964E-05 9.9964E-05 9.9964E-05 0.880373
0.100071 9.9964E-05 9.9964E-05 9.9964E-05 0.0846994 0.814829 9.9964E-05
0.660255 0.0303961 0.0031113 0.148427 0.0522706 9.9991E-05 0.10544
0.508424 0.0374206 0.0732137 0.127314 0.0220833 0.0738285 0.157715
0.684414 9.9991E-05 0.0942913 0.126841 0.0304082 0.0271973 0.036748
0.484465 0.144595 9.9973E-05 9.9973E-05 9.9973E-05 0.256942 0.113698
0.436872 0.0619727 9.9991E-05 0.055316 0.0810692 0.347093 0.017577
9.9982E-05 0.388168 9.9982E-05 0.0441552 0.078007 0.248727 0.240743
9.9982E-05 9.9982E-05 0.0125832 0.748384 0.015756 0.0687997 0.154278
0.173894 0.00847748 0.0330257 0.675527 0.108876 9.9982E-05 9.9982E-05
0.545915 0.0807769 9.9973E-05 0.116194 0.256814 9.9973E-05 9.9973E-05
0.348384 0.034977 0.041339 0.153077 9.9982E-05 0.422023 9.9982E-05
0.471282 0.16675 0.0378522 0.0677865 0.25613 9.9982E-05 9.9982E-05
0.2105 0.69619 9.9964E-05 9.9964E-05 9.9964E-05 9.9964E-05 0.0929105
0.298209 0.0745771 0.0441497 0.574165 9.9982E-05 9.9982E-05 0.00869923
0.183994 9.9964E-05 9.9964E-05 0.624243 9.9964E-05 0.191363 9.9964E-05
0.354339 9.9982E-05 9.9982E-05 0.429315 0.0128291 0.0458333 0.157483
0.0515776 0.393024 0.0482181 0.00539234 0.380409 0.0100087 0.111371
9.9973E-05 0.147252 9.9973E-05 0.0214624 0.823204 0.00778171 9.9973E-05
0.0648832 9.9991E-05 0.0110055 0.0508563 0.482449 0.12514 0.265566
9.9982E-05 0.0497833 9.9982E-05 0.100922 0.599462 0.0242473 0.225385
9.9973E-05 0.29874 9.9973E-05 9.9973E-05 0.313849 0.278686 0.108426
0.0909042 0.101119 9.9982E-05 9.9982E-05 0.458743 0.163987 0.185047
0.0253831 9.9964E-05 9.9964E-05 0.0107453 0.963472 9.9964E-05 9.9964E-05
9.9964E-05 9.9964E-05 9.9964E-05 0.00971434 0.876865 0.11302 9.9964E-05
0.0763688 0.301745 9.9991E-05 0.00485039 0.24909 0.166456 0.20139
9.9964E-05 9.9964E-05 9.9964E-05 9.9964E-05 0.0694684 0.869591 0.060541
9.9982E-05 0.0838363 0.00698278 9.9982E-05 0.0885021 0.771267 0.0492118
9.9955E-05 9.9955E-05 9.9955E-05 9.9955E-05 9.9955E-05 0.786431 0.213069
0.0857084 0.204964 9.9991E-05 0.0754476 0.372973 0.24385 0.0169579
9.9982E-05 9.9982E-05 0.0281368 0.0329244 0.12039 0.784678 0.0336703
0.201235 0.181258 0.00636908 9.9982E-05 9.9982E-05 0.495809 0.115129
0.0988594 9.9964E-05 9.9964E-05 9.9964E-05 0.798692 0.102049 9.9964E-05
0.084909 0.74483 9.9964E-05 9.9964E-05 9.9964E-05 9.9964E-05 0.169861
9.9964E-05 0.805384 9.9964E-05 9.9964E-05 0.141309 9.9964E-05 0.0529074
9.9973E-05 0.843397 0.0226963 9.9973E-05 9.9973E-05 0.0695472 0.0640593
9.9982E-05 0.752292 0.0076116 0.0615726 9.9982E-05 0.145356 0.0329679
0.0821216 0.633542 9.9973E-05 0.0259871 0.258049 9.9973E-05 9.9973E-05
0.116025 9.9991E-05 0.00756699 0.0568751 0.466819 0.132558 0.220056
0.0631481 0.109501 0.00779729 9.9982E-05 0.141274 9.9982E-05 0.67808
0.143036 9.9964E-05 9.9964E-05 0.807085 0.0494791 9.9964E-05 9.9964E-05
0.0845635 0.0604228 0.0342043 0.731224 0.0725735 9.9991E-05 0.0169115
9.9991E-05 0.0409183 0.0155926 0.805706 0.0489564 0.0162299 0.0724967
0.237886 0.0106459 0.00190555 0.558861 0.190502 9.9982E-05 9.9982E-05
0.0891651 9.9982E-05 0.0369245 0.763538 0.0916461 0.0185259 9.9982E-05
0.0384116 0.131933 0.0200249 0.772413 9.9991E-05 0.0272164 0.00990136
0.02728 9.9973E-05 0.0142835 0.804042 0.154094 9.9973E-05 9.9973E-05
0.12867 0.052014 9.9973E-05 0.713741 0.105275 9.9973E-05 9.9973E-05
0.0148844 0.0567149 9.9982E-05 0.832061 0.0285205 0.0676191 9.9982E-05
0.133504 0.000961707 0.010683 0.735121 0.11953 9.9982E-05 9.9982E-05
0.022213 0.00303451 0.0474866 0.740945 9.9991E-05 0.051624 0.134597
0.0449359 0.0900297 0.0574112 0.694229 0.0676315 0.0456629 9.9991E-05
0.0251276 0.0468597 0.0304262 0.715218 0.170064 0.0122043 9.9991E-05
9.9973E-05 0.0746276 0.0263469 0.8129 9.9973E-05 9.9973E-05 0.085826
0.11198 0.00271429 0.0206265 0.745525 0.0914368 9.9991E-05 0.027618
9.9973E-05 9.9973E-05 0.0245705 0.82021 0.0359786 9.9973E-05 0.118941
0.0106399 0.0398285 0.0188801 0.79725 9.9982E-05 9.9982E-05 0.133201
0.71361 0.0101993 9.9982E-05 0.132847 0.130286 0.0128575 9.9982E-05
0.76988 9.9964E-05 9.9964E-05 9.9964E-05 9.9964E-05 0.196947 0.0327733
0.0388395 9.9973E-05 9.9973E-05 0.793268 0.111299 9.9973E-05 0.0562933
0.0276338 9.9982E-05 0.0242552 0.648059 0.0967285 9.9982E-05 0.203123
0.216746 0.0117747 0.00216784 0.769011 9.9973E-05 9.9973E-05 9.9973E-05
0.625773 9.9982E-05 9.9982E-05 0.0927704 0.0315824 0.104017 0.145657
0.0447598 9.9973E-05 0.0238734 9.9973E-05 0.891096 9.9973E-05 0.0399707
9.9973E-05 0.173567 0.0217229 9.9973E-05 0.71272 0.0916894 9.9973E-05
0.211687 0.369094 9.9964E-05 9.9964E-05 0.418819 9.9964E-05 9.9964E-05
0.0693176 0.525235 9.9973E-05 9.9973E-05 0.186584 0.218563 9.9973E-05
0.14119 0.692503 0.00438421 9.9982E-05 9.9982E-05 0.124692 0.0370306
0.0280946 0.746988 9.9973E-05 0.0413929 9.9973E-05 0.183225 9.9973E-05
0.0613384 0.637167 0.00950413 9.9982E-05 0.130754 0.161037 9.9982E-05
9.9982E-05 0.614304 0.00665723 0.0495121 9.9982E-05 0.296052 0.0332754
0.107933 0.671712 0.0331921 0.0616593 9.9991E-05 0.122957 0.00244704
9.9991E-05 0.711247 0.0530006 0.0569199 0.160194 0.0129791 0.00555868
0.107102 0.0469038 0.00975913 9.9991E-05 0.723442 0.0254187 0.0872748
0.096554 0.0507207 0.0497721 0.000208753 0.470783 9.9991E-05 0.331862
9.99549E-05 9.99549E-05 0.0329487 9.99549E-05 9.99549E-05 9.99549E-05 0.966551
9.995E-05 9.995E-05 9.995E-05 9.995E-05 9.995E-05 9.995E-05 0.9994
9.995E-05 9.995E-05 9.995E-05 9.995E-05 9.995E-05 9.995E-05 0.9994
0.165256 0.0267901 9.9982E-05 9.9982E-05 0.0123958 0.0060734 0.789284
0.0657658 0.124729 9.9982E-05 9.9982E-05 0.0896304 0.541381 0.178294
0.124001 0.0362076 0.00919548 0.0272241 9.9982E-05 0.803172 9.9982E-05
0.0311752 9.9982E-05 0.0469622 9.9982E-05 0.027598 0.874965 0.0190995
9.9973E-05 0.0994145 9.9973E-05 0.0252924 9.9973E-05 0.746376 0.128617
9.9982E-05 9.9982E-05 0.0151215 0.0354812 0.0284098 0.724777 0.196011
0.0338952 0.516398 0.14672 0.038172 0.0565223 0.208192 9.9991E-05
0.188952 0.0622728 0.0221666 0.680001 0.0272206 0.0192869 9.9991E-05
9.9973E-05 0.0729847 0.0512746 0.756334 9.9973E-05 9.9973E-05 0.119107
0.124764 9.9973E-05 9.9973E-05 0.80071 0.0370555 0.0371704 9.9973E-05
0.0860774 9.9991E-05 0.0103982 0.662433 0.0952842 0.00877143 0.136936
9.9973E-05 0.0540469 0.0157523 0.7309 0.199001 9.9973E-05 9.9973E-05
0.0393165 0.224723 0.0242988 0.136734 9.9991E-05 0.306881 0.267947
0.100486 0.213864 0.0341354 0.000416784 0.233592 0.362431 0.0550753
9.9973E-05 0.0166808 0.0618269 9.9973E-05 0.0885138 0.832679 9.9973E-05
0.165058 0.14145 0.033026 9.9982E-05 0.230966 0.4293 9.9982E-05
