0.787203 9.9973E-05 0.00280562 0.101375 0.108316 9.9973E-05 9.9973E-05
0.52644 0.0930386 0.291516 0.0253929 0.0368648 0.0266475 9.9991E-05
0.656148 0.135894 9.9973E-05 0.188625 9.9973E-05 0.0190335 9.9973E-05
0.74301 0.178351 9.9982E-05 0.0425315 9.9982E-05 0.0141054 0.021802
0.878787 9.9973E-05 0.0520415 9.9973E-05 0.0242864 9.9973E-05 0.0445854
0.772359 9.9964E-05 0.0936263 9.9964E-05 0.133615 9.9964E-05 9.9964E-05
0.567664 0.0563545 0.219692 0.04594 0.110149 9.9982E-05 9.9982E-05
0.632115 0.160533 0.134081 9.9982E-05 9.9982E-05 0.0472838 0.0257874
0.173886 9.9982E-05 0.638471 0.0831515 0.039676 9.9982E-05 0.0646164
0.204859 0.225484 0.419157 0.108024 9.9991E-05 0.0309368 0.0114394
0.115533 0.311219 0.39454 0.00633485 9.9991E-05 0.0414185 0.130855
0.176262 0.192409 0.332574 0.221544 9.9991E-05 0.0310994 0.0460126
9.999E-05 0.756057 0.0756751 0.0705839 0.0313156 0.0433083 0.0229599
9.9973E-05 0.0390908 0.685385 0.118319 9.9973E-05 9.9973E-05 0.156905
0.287573 9.9982E-05 0.495414 0.0992302 9.9982E-05 0.0330016 0.0845812
0.184041 0.0989404 0.680706 9.9982E-05 0.0279275 0.00818536 9.9982E-05
0.268228 9.9973E-05 0.527589 0.126523 0.0773605 9.9973E-05 9.9973E-05
0.574114 9.9973E-05 0.403529 0.0125231 9.9973E-05 0.00953346 9.9973E-05
0.0507326 0.133778 0.17259 0.449492 0.10192 0.0365656 0.0549214
0.0252076 0.16851 0.178473 0.560719 0.0668908 9.9982E-05 9.9982E-05
0.186957 0.00254846 0.0723897 0.642068 9.9991E-05 0.012767 0.08317
9.9973E-05 0.131473 0.0345177 0.741952 0.0917572 9.9973E-05 9.9973E-05
9.9982E-05 0.00670551 0.0154199 0.840225 0.0924076 0.0450418 9.9982E-05
0.114593 9.9991E-05 0.0628173 0.731259 0.0565449 0.0329223 0.0017642
0.194805 0.0351012 0.120454 0.617824 9.9982E-05 9.9982E-05 0.0316162
0.120448 9.9973E-05 9.9973E-05 0.837377 0.0383979 0.00347738 9.9973E-05
9.9964E-05 9.9964E-05 9.9964E-05 0.869587 9.9964E-05 0.0323667 0.097647
9.999E-05 0.0124516 0.0133637 0.856438 0.0533401 0.0212426 0.0430636
0.0948039 9.9964E-05 9.9964E-05 0.872072 9.9964E-05 9.9964E-05 0.032724
0.0840065 9.9973E-05 9.9973E-05 0.797783 0.0542001 9.9973E-05 0.06371
9.9964E-05 9.9964E-05 0.062657 0.842286 0.0946569 9.9964E-05 9.9964E-05
9.9973E-05 9.9973E-05 0.128813 0.782227 9.9973E-05 0.00865787 0.0800018
9.9982E-05 0.0326849 0.07447 0.76716 0.0568712 0.0686138 9.9982E-05
0.297989 0.234837 0.333615 0.091735 9.9982E-05 0.0416251 9.9982E-05
0.393298 9.9973E-05 0.298633 0.241532 9.9973E-05 9.9973E-05 0.0662368
0.7494 0.0482125 9.9982E-05 0.0954869 0.0651021 9.9982E-05 0.0415985
0.702494 0.229757 9.9982E-05 0.0132303 9.9982E-05 0.0300146 0.0243049
0.267593 0.218757 0.296265 0.108578 0.00653775 0.00841302 0.0938562
9.995E-05 9.995E-05 9.995E-05 9.995E-05 9.995E-05 0.9994 9.995E-05
9.9973E-05 0.200916 9.9973E-05 0.762393 9.9973E-05 0.00522346 0.031168
0.692794 9.9973E-05 9.9973E-05 0.156071 0.147748 9.9973E-05 0.00308776
0.497955 0.188087 0.217221 0.0919374 9.9982E-05 0.00460064 9.9982E-05
0.137296 0.216513 0.215258 0.23595 0.180972 0.0139106 9.9991E-05
0.0202205 0.583692 0.142601 0.0570405 0.136041 0.0520785 0.00832722
0.023289 0.922329 9.9973E-05 9.9973E-05 0.047487 0.00659467 9.9973E-05
9.995E-05 9.995E-05 9.995E-05 9.995E-05 9.995E-05 0.9994 9.995E-05
0.226764 0.288368 0.249403 0.172602 9.9991E-05 0.0494204 0.0133427
0.0923975 0.401931 0.23644 0.129056 0.139975 9.9982E-05 9.9982E-05
0.267066 0.0458692 0.18166 0.333084 9.9991E-05 0.0333317 0.138889
9.9982E-05 0.00304202 0.128417 9.9982E-05 0.554424 0.0355394 0.278378
9.9991E-05 0.150245 0.00792834 0.0110097 0.249707 0.033284 0.547727
0.102423 9.9973E-05 0.057015 9.9973E-05 0.254315 9.9973E-05 0.585947
9.9982E-05 0.166019 0.0726961 9.9982E-05 0.169889 0.0589684 0.532227
0.0149512 9.9991E-05 0.058945 0.0519137 0.125118 0.0435886 0.705384
9.9973E-05 9.9973E-05 0.0643489 0.0598335 0.135442 9.9973E-05 0.740075
9.9964E-05 9.9964E-05 0.262456 9.9964E-05 0.0191515 9.9964E-05 0.717993
9.9964E-05 9.9964E-05 0.165768 9.9964E-05 0.447286 9.9964E-05 0.386545
9.995E-05 9.995E-05 9.995E-05 9.995E-05 0.9994 9.995E-05 9.995E-05
0.102783 0.0241302 0.0175108 9.9991E-05 0.154624 0.0477124 0.653139
0.101856 0.163742 9.9982E-05 9.9982E-05 0.373423 0.0478618 0.312917
9.995E-05 9.995E-05 9.995E-05 9.995E-05 0.9994 9.995E-05 9.995E-05
0.127547 0.129746 9.9991E-05 0.0416225 0.211108 0.00158962 0.488286
9.9982E-05 0.595542 0.000751552 9.9982E-05 0.124065 0.0805196 0.198922
0.0991654 9.9982E-05 0.0472174 0.732054 9.9982E-05 0.0124455 0.108918
9.9982E-05 0.0114108 0.186091 0.745195 0.0286915 0.0284115 9.9982E-05
0.154545 9.9973E-05 9.9973E-05 0.785569 0.0542417 0.00534424 9.9973E-05
9.9982E-05 0.11698 0.130983 0.0197093 0.0895711 9.9982E-05 0.642556
9.9982E-05 0.356517 9.9982E-05 0.0419044 0.110746 0.0613144 0.429319
0.0823396 0.0948256 0.0100627 0.0735896 0.0504745 0.0195178 0.66919
9.9982E-05 0.251178 9.9982E-05 0.0144404 0.0771806 0.0330685 0.623932
0.063396 9.9982E-05 9.9982E-05 0.0473236 0.08845 0.0507293 0.749901
0.0413146 0.482431 0.276305 9.9991E-05 0.160607 0.0229361 0.0163065
9.9964E-05 0.519878 0.362344 9.9964E-05 0.117379 9.9964E-05 9.9964E-05
0.0484351 0.530578 0.177029 0.00646409 0.229675 0.00771915 9.9991E-05
9.9955E-05 0.970509 9.9955E-05 9.9955E-05 9.9955E-05 0.028991 9.9955E-05
9.9982E-05 0.770804 9.9982E-05 0.152677 0.0195274 0.0245521 0.0322398
9.9964E-05 0.887023 9.9964E-05 9.9964E-05 0.0754784 0.0370988 9.9964E-05
0.113595 0.621735 0.103396 0.0213624 0.0525002 0.0370386 0.0503736
9.9973E-05 0.0614167 0.257316 9.9973E-05 0.0947581 9.9973E-05 0.586209
0.159284 0.184411 9.9991E-05 0.0693896 0.141022 0.117702 0.328091
0.0197049 0.181362 9.9991E-05 0.0304954 0.252268 0.00381643 0.512253
9.9982E-05 0.0416535 9.9982E-05 0.0866734 0.272221 0.0598641 0.539388
9.9973E-05 9.9973E-05 0.272056 9.9973E-05 0.0577732 0.0246044 0.645266
9.9982E-05 0.135597 0.18418 0.604079 9.9982E-05 0.0133093 0.0626348
0.0720317 0.452478 0.0374949 0.106342 0.132043 9.9991E-05 0.199511
9.9964E-05 0.908612 9.9964E-05 9.9964E-05 0.00585626 9.9964E-05 0.0851317
9.995E-05 9.995E-05 9.995E-05 9.995E-05 9.995E-05 0.9994 9.995E-05
0.638863 0.0748298 0.105593 0.163846 0.0166676 9.9982E-05 9.9982E-05
0.664479 0.0605584 0.125503 0.0812492 0.0508107 0.0173003 9.9991E-05
0.228926 0.0472732 0.508922 0.0494229 0.133723 0.0316318 9.9991E-05
9.9991E-05 0.179507 0.472469 0.216534 0.0241775 0.0422171 0.0649955
0.536479 0.0849555 0.240621 0.0852973 9.9982E-05 9.9982E-05 0.0524473
9.9964E-05 0.754468 9.9964E-05 0.0346608 0.210472 9.9964E-05 9.9964E-05
0.193439 0.18061 0.0558049 0.487402 9.9991E-05 0.0338279 0.048817
0.0245187 0.721137 9.9973E-05 9.9973E-05 9.9973E-05 0.0740312 0.180013
0.276317 0.343637 0.0405417 0.257189 0.0668443 0.00682959 0.00864124
0.374461 9.9973E-05 0.480792 0.0767302 0.0677166 9.9973E-05 9.9973E-05
0.43103 0.311431 0.198385 0.0563128 9.9982E-05 9.9982E-05 0.00264133
0.327045 0.244532 0.332189 0.0959338 9.9973E-05 9.9973E-05 9.9973E-05
9.9982E-05 0.0283335 0.859512 9.9982E-05 0.0947534 0.0078109 0.00939024
0.612435 0.355269 9.9973E-05 0.0199975 9.9973E-05 0.0119985 9.9973E-05
9.9964E-05 0.112377 0.883552 9.9964E-05 9.9964E-05 0.00367126 9.9964E-05
0.0197987 0.617866 9.9991E-05 0.0943398 0.0730976 0.0129959 0.181802
0.0445593 0.448226 0.104951 0.116119 0.127567 0.068261 0.090316
0.0124952 0.636255 0.0494373 0.0148723 0.0939276 0.0719092 0.121103
9.9964E-05 0.584553 0.245656 0.169391 9.9964E-05 9.9964E-05 9.9964E-05
0.0277486 0.398718 0.315334 0.107656 0.149178 9.9991E-05 0.00126577
0.30694 9.9973E-05 0.209577 0.403503 9.9973E-05 9.9973E-05 0.0796803
0.180602 9.9973E-05 9.9973E-05 9.9973E-05 0.106769 0.0194557 0.692873
0.0137744 0.145701 0.00437394 0.0358561 0.114524 0.0433204 0.642449
0.0779599 0.630796 9.9982E-05 0.118432 0.136809 9.9982E-05 0.0358037
9.9991E-05 0.374377 0.365185 0.0779726 0.126047 0.00137542 0.0549428
0.17248 0.390604 9.9982E-05 0.215512 0.164886 0.0563188 9.9982E-05
9.9964E-05 0.287501 0.00851881 0.703581 9.9964E-05 9.9964E-05 9.9964E-05
9.9982E-05 0.32926 9.9982E-05 0.0308528 0.0451292 0.0482054 0.546353
9.9982E-05 0.186512 0.0996783 0.00951231 0.145701 9.9982E-05 0.558396
0.0962966 0.411616 9.9973E-05 9.9973E-05 0.161387 9.9973E-05 0.3304
0.348067 0.0812276 0.0593887 0.436482 9.9991E-05 0.0552866 0.0194479
0.579313 9.9982E-05 0.100916 0.239763 0.0445892 9.9982E-05 0.0352185
0.592645 0.09347 0.205049 0.00864186 9.9991E-05 0.00563007 0.0944635
0.650092 0.059531 0.0685787 0.0824886 0.0140084 9.9991E-05 0.125202
0.376556 0.0218475 0.27439 0.318979 9.9982E-05 9.9982E-05 0.00802722
0.688085 0.105012 0.115723 0.0874094 9.9982E-05 0.00357033 9.9982E-05
0.84018 0.0357011 9.9973E-05 0.0813381 9.9973E-05 9.9973E-05 0.042481
0.823557 9.9973E-05 0.0867734 9.9973E-05 0.0864509 9.9973E-05 0.00291882
0.388689 0.0578618 0.128561 0.368961 9.9982E-05 9.9982E-05 0.0557273
0.0883739 9.9973E-05 0.832482 0.0334204 9.9973E-05 9.9973E-05 0.0454242
9.9973E-05 9.9973E-05 0.848198 0.0946072 0.0433373 0.0135579 9.9973E-05
0.128726 0.0696473 0.773898 0.013189 0.00672936 0.00771076 9.9991E-05
0.324871 0.127331 0.234049 0.214029 9.9982E-05 9.9982E-05 0.0995201
0.135842 9.9982E-05 0.777625 9.9982E-05 0.0183696 0.0238728 0.04409
9.9973E-05 0.0521206 0.717092 0.183068 0.0474192 9.9973E-05 9.9973E-05
0.594225 0.0979867 0.202904 0.0568216 0.0165822 9.9991E-05 0.03138
9.9964E-05 0.131354 0.0963146 0.771932 9.9964E-05 9.9964E-05 9.9964E-05
0.0785702 0.0344283 9.9964E-05 0.886602 9.9964E-05 9.9964E-05 9.9964E-05
9.9973E-05 9.9973E-05 0.163792 0.798879 0.0163925 0.0206372 9.9973E-05
0.0811755 9.9982E-05 0.095079 0.700488 9.9982E-05 0.0037633 0.119294
0.103147 0.0390019 9.9991E-05 0.757728 0.0271056 0.00136322 0.0715542
0.564685 0.19176 0.157951 9.9982E-05 0.011399 9.9982E-05 0.0740054
0.633354 0.151156 0.065227 0.124542 0.00513901 0.0204816 9.9991E-05
9.9964E-05 0.0215945 9.9964E-05 9.9964E-05 0.578125 9.9964E-05 0.39988
9.9991E-05 0.0825617 0.0858908 0.0127067 0.0521751 0.0104022 0.756164
0.0470505 9.9982E-05 9.9982E-05 0.0601183 0.157815 0.0197547 0.715061
0.0132062 0.338487 9.9982E-05 0.0176511 0.0867152 9.9982E-05 0.543741
0.0802981 0.00783091 9.9982E-05 9.9982E-05 0.214357 0.0340428 0.663271
9.9991E-05 0.0408899 0.00326496 0.0873456 0.197039 0.0126955 0.658665
9.9973E-05 0.0582706 9.9973E-05 9.9973E-05 0.00404471 0.0359767 0.901408
0.00916978 9.9973E-05 9.9973E-05 0.0816147 0.22048 9.9973E-05 0.688435
9.9973E-05 0.130632 9.9973E-05 0.0582105 0.110986 9.9973E-05 0.699872
9.9973E-05 0.0743756 9.9973E-05 0.097588 0.289253 9.9973E-05 0.538484
0.021745 0.141233 9.9982E-05 9.9982E-05 0.00127825 0.0425292 0.793014
9.9991E-05 0.067176 0.0526977 0.0468796 0.0259149 0.0497369 0.757495
0.0527317 9.9991E-05 0.0987118 0.0199674 0.154284 0.00256409 0.671641
0.0683735 9.9982E-05 9.9982E-05 0.0401693 0.138139 0.00401204 0.749106
0.0594141 0.0951237 9.9982E-05 0.00584988 0.200093 9.9982E-05 0.63932
0.0926565 9.9973E-05 9.9973E-05 9.9973E-05 0.0811195 0.013068 0.812856
0.0128097 9.9982E-05 9.9982E-05 0.0632181 0.0983102 0.021239 0.804223
0.0978374 0.772414 9.9964E-05 9.9964E-05 9.9964E-05 9.9964E-05 0.129349
0.0875086 0.862605 0.0494861 9.9964E-05 9.9964E-05 9.9964E-05 9.9964E-05
0.0607243 0.0588458 9.9973E-05 9.9973E-05 0.153542 9.9973E-05 0.726588
0.176527 0.0320419 0.0829655 9.9991E-05 0.365124 0.0131563 0.330085
9.995E-05 9.995E-05 9.995E-05 9.995E-05 0.9994 9.995E-05 9.995E-05
0.139746 0.575255 0.112536 9.9973E-05 0.172162 9.9973E-05 9.9973E-05
0.838783 0.110609 9.9982E-05 0.0274345 9.9982E-05 0.0124168 0.0105568
0.611826 9.9982E-05 0.162291 0.167121 9.9982E-05 0.0163271 0.0422339
0.372247 0.211037 9.9973E-05 0.331114 0.0853021 9.9973E-05 9.9973E-05
0.103224 0.173485 0.107782 0.605263 0.0100447 9.9982E-05 9.9982E-05
0.0561356 0.211441 0.0276521 0.681021 9.9991E-05 0.0098551 0.0137956
0.0344933 0.0426465 0.082721 0.747181 0.0592095 9.9991E-05 0.0336485
0.198421 0.103889 9.9973E-05 0.686156 9.9973E-05 9.9973E-05 0.0112338
9.9982E-05 0.120586 0.186905 0.676054 0.0048787 0.0113763 9.9982E-05
9.9982E-05 0.151939 0.0344828 0.704134 0.0762902 0.0329548 9.9982E-05
0.164983 9.9973E-05 9.9973E-05 0.701201 9.9973E-05 0.0311386 0.102378
0.817434 0.142259 9.9964E-05 0.0399068 9.9964E-05 9.9964E-05 9.9964E-05
0.806649 0.0617239 9.9982E-05 9.9982E-05 0.0396323 0.0537715 0.0380228
0.60855 0.0632741 0.204419 9.9982E-05 0.0951863 0.0283704 9.9982E-05
0.661491 0.271914 9.99641E-05 9.99641E-05 9.99641E-05 9.99641E-05 0.0661948
0.703421 0.0990522 0.13682 9.9982E-05 0.0584754 0.0020315 9.9982E-05
0.491531 0.323042 0.124396 9.9982E-05 0.0327153 9.9982E-05 0.0281159
0.0376337 0.0686816 0.70061 0.109651 0.0832236 9.9982E-05 9.9982E-05
0.029249 0.0359114 0.707803 0.106401 0.0808822 0.0132611 0.0264924
9.9973E-05 0.0109689 0.905625 9.9973E-05 9.9973E-05 0.0219027 0.0612038
0.0385482 0.0760002 0.767196 0.0251068 9.9982E-05 9.9982E-05 0.0929486
0.108706 9.9982E-05 0.753592 0.0503075 9.9982E-05 0.0268781 0.0603163
9.9973E-05 9.9973E-05 0.0932018 0.636629 9.9973E-05 0.145015 0.124855
9.9982E-05 0.0757096 0.0763156 9.9982E-05 0.550879 0.0271355 0.26976
0.0558933 9.9982E-05 9.9982E-05 0.0618062 0.200166 0.043315 0.63862
9.9982E-05 0.0656215 0.0341594 0.0225743 9.9982E-05 0.000523165 0.876922
0.126794 0.130263 9.9982E-05 0.012148 9.9982E-05 0.011726 0.718869
0.143839 9.9982E-05 9.9982E-05 0.0245639 0.0627252 0.0135955 0.755077
0.0511994 0.00994529 0.502314 0.227572 0.0912806 0.0278998 0.0897889
0.273381 0.0785571 0.426181 0.182583 0.0234842 0.0157134 9.9991E-05
0.0258213 9.9982E-05 0.82066 0.023454 0.0959628 0.0339018 9.9982E-05
0.296925 0.189713 0.280477 0.198255 0.00585859 0.0286712 9.9991E-05
