0.0886624 9.9991E-05 0.137087 0.124972 0.00890467 0.640274
0.015402 9.9991E-05 0.429465 0.0601007 0.0234523 0.47148
0.159941 9.9982E-05 9.9982E-05 0.0994339 0.00668672 0.733738
0.046286 0.00317406 0.0803938 0.132967 0.0184651 0.718714
9.9982E-05 0.00970917 0.141937 9.9982E-05 0.00889353 0.83926
9.9982E-05 0.0597043 0.300783 0.00437482 9.9982E-05 0.634938
0.0144676 0.00157448 0.348239 0.106829 9.9991E-05 0.52879
9.9982E-05 9.9982E-05 0.215306 0.144741 0.038723 0.60103
0.0431688 0.0592195 0.821305 9.9991E-05 0.009529 0.066678
0.165553 9.9991E-05 0.294245 0.211122 0.0172637 0.311715
0.0299762 0.045934 0.360871 0.450629 0.059516 0.0530735
0.180804 9.9991E-05 0.439535 0.176492 0.0336922 0.169376
9.9982E-05 0.00463252 0.128234 0.802817 0.0641162 9.9982E-05
0.152668 0.0634094 0.618969 0.164754 9.9982E-05 9.9982E-05
0.0977834 0.058202 0.567049 9.9991E-05 0.0353304 0.241535
0.00589256 9.9991E-05 0.687655 0.146979 0.0199834 0.13939
0.137 0.00203298 0.609658 0.033074 9.9991E-05 0.218136
9.9973E-05 9.9973E-05 0.568367 9.9973E-05 0.0206176 0.410715
0.532447 0.124698 0.207093 0.0791877 0.0564742 9.9991E-05
0.612298 9.9973E-05 0.344354 0.0430474 9.9973E-05 9.9973E-05
0.64519 9.9991E-05 0.198713 0.0367781 0.01316 0.106059
0.748514 0.0240302 9.9991E-05 0.116723 0.00713405 0.103499
0.854209 9.9973E-05 9.9973E-05 0.085855 0.0596362 9.9973E-05
0.693023 0.0123754 0.252684 9.9982E-05 0.041717 9.9982E-05
0.610336 9.9982E-05 0.129407 0.0801388 9.9982E-05 0.179919
0.83529 9.9973E-05 9.9973E-05 9.9973E-05 0.00260202 0.161808
0.88024 0.0521566 9.9982E-05 0.0339153 0.0334881 9.9982E-05
0.798379 0.0707591 0.116861 9.9982E-05 0.0138014 9.9982E-05
0.852369 0.0202275 9.9973E-05 9.9973E-05 9.9973E-05 0.127104
0.771982 0.0956532 0.0330902 9.9982E-05 9.9982E-05 0.0990745
0.841974 0.0327164 0.12302 0.00208935 9.9982E-05 9.9982E-05
0.761281 0.0157746 0.180755 9.9982E-05 0.0419896 9.9982E-05
0.75494 9.9991E-05 0.107184 0.0752469 0.0427622 0.019767
0.14077 9.9991E-05 0.262245 0.199494 0.065675 0.331716
0.206744 0.0168477 0.149837 9.9982E-05 9.9982E-05 0.626371
0.172068 0.0822968 9.9973E-05 9.9973E-05 9.9973E-05 0.745335
0.0406944 9.9982E-05 9.9982E-05 0.178036 0.0265891 0.754481
0.159378 0.087488 0.395536 0.113509 0.00784092 0.236248
9.996E-05 9.996E-05 9.996E-05 9.996E-05 0.9995 9.996E-05
0.745216 9.9982E-05 9.9982E-05 0.216441 0.0293083 0.00883469
0.141604 0.115587 0.177616 9.9982E-05 9.9982E-05 0.564993
0.0780431 9.9982E-05 0.367905 0.13253 9.9982E-05 0.421321
0.210933 0.124416 0.264981 0.232081 0.0158408 0.151749
0.0654818 0.141511 0.163269 0.571232 0.039127 0.0193793
0.0530938 9.9982E-05 9.9982E-05 0.887516 0.00556441 0.0536261
9.996E-05 9.996E-05 9.996E-05 9.996E-05 0.9995 9.996E-05
0.196807 0.0092709 0.26982 0.25066 0.0778996 0.195543
0.110908 0.10972 0.142028 0.366728 9.9991E-05 0.270516
0.308692 0.090079 0.316373 0.100685 0.027003 0.157168
0.00312409 0.747752 0.117013 0.123895 0.00811648 9.9991E-05
9.9982E-05 0.735848 0.0392543 0.185764 0.0389341 9.9982E-05
0.0593727 0.753585 0.0992383 9.9991E-05 0.00131901 0.0863849
9.9991E-05 0.644271 0.0509439 0.224436 0.0732099 0.0070388
0.0711952 0.771202 0.108229 9.9982E-05 0.0491736 9.9982E-05
0.0892375 0.812702 0.0977602 9.9973E-05 9.9973E-05 9.9973E-05
9.9964E-05 0.678829 0.320771 9.9964E-05 9.9964E-05 9.9964E-05
9.9982E-05 0.782939 0.200085 0.00771675 0.00905882 9.9982E-05
0.112943 0.815194 9.9982E-05 0.0379894 0.0336732 9.9982E-05
9.9991E-05 0.720813 0.0896589 0.116489 0.0503372 0.022602
9.9991E-05 0.540928 0.040516 0.350155 0.0525134 0.015788
0.150269 0.777164 9.9973E-05 0.0722673 9.9973E-05 9.9973E-05
0.0543068 0.6342 0.034765 0.187172 9.9991E-05 0.0894565
9.9982E-05 0.27883 0.0475974 0.615112 0.0582608 9.9982E-05
0.714806 0.00240169 0.121279 9.9991E-05 0.0084995 0.152914
0.68825 0.0402663 0.0754381 9.9991E-05 0.0298299 0.166116
0.798152 9.9982E-05 0.0455843 9.9982E-05 0.00843233 0.147632
0.0205222 0.710605 0.154043 0.0443565 0.0153841 0.0550886
0.00106135 0.43604 9.9991E-05 0.472492 0.0683862 0.0219198
0.030298 0.705254 0.0301912 0.164335 0.0135439 0.056378
9.9973E-05 0.695471 9.9973E-05 0.239925 0.0643043 9.9973E-05
0.0177126 0.805346 9.9982E-05 9.9982E-05 0.0390561 0.137686
9.9991E-05 0.142447 0.248693 0.544301 0.0180168 0.0464428
9.9982E-05 0.0437098 0.321613 0.63128 0.0031974 9.9982E-05
9.9982E-05 0.13113 0.169561 0.698928 0.000180913 9.9982E-05
9.9964E-05 9.9964E-05 9.9964E-05 0.976498 0.0231023 9.9964E-05
0.086026 9.9982E-05 0.0489372 0.831029 0.0338083 9.9982E-05
9.9964E-05 9.9964E-05 9.9964E-05 0.981407 0.0181931 9.9964E-05
0.0702963 0.0329525 9.9991E-05 0.712463 0.0374143 0.146774
9.9973E-05 0.646189 0.213425 0.140086 9.9973E-05 9.9973E-05
0.0174542 0.361132 9.9991E-05 0.442829 0.126935 0.0515503
0.058659 0.649211 9.9991E-05 0.237978 0.0275498 0.0265028
0.141021 0.720321 0.0120072 0.0678019 0.0587492 9.9991E-05
9.9973E-05 0.693714 0.292143 9.9973E-05 0.0138438 9.9973E-05
0.622988 0.0230277 0.225882 0.112444 0.0155581 9.9991E-05
0.0543837 0.249425 0.0239214 0.581592 9.9991E-05 0.0905774
9.9973E-05 0.0976306 9.9973E-05 0.820513 9.9973E-05 0.0815563
9.996E-05 9.996E-05 9.996E-05 9.996E-05 0.9995 9.996E-05
0.128691 9.9982E-05 0.278772 0.0503908 9.9982E-05 0.541946
0.148025 9.9991E-05 0.126447 0.0680615 0.0404603 0.616906
0.0478051 9.9991E-05 0.662339 0.171345 0.0306396 0.0877716
0.166548 0.101698 0.590751 0.1243 0.0166041 9.9991E-05
0.0630838 0.00856842 0.268053 0.080121 9.9991E-05 0.580074
0.0207632 0.109181 9.9973E-05 0.869756 9.9973E-05 9.9973E-05
0.485508 9.9991E-05 0.154656 0.185359 0.0429742 0.131403
9.9982E-05 0.149684 9.9982E-05 0.59997 0.102451 0.147696
0.295164 0.0223049 0.142956 0.37386 0.0347763 0.13094
0.147093 9.9973E-05 0.597485 9.9973E-05 9.9973E-05 0.255122
0.0405226 9.9982E-05 0.160647 0.210629 9.9982E-05 0.588001
0.150525 9.9982E-05 0.229835 0.20792 9.9982E-05 0.411519
0.0157245 0.0716773 0.720913 0.115244 0.00509749 0.0713438
0.0372692 9.9982E-05 9.9982E-05 0.326908 0.00639611 0.629227
9.9973E-05 9.9973E-05 0.792229 0.1472 9.9973E-05 0.0602716
0.0542686 0.205269 0.0166469 0.549421 0.0412857 0.133108
0.030711 0.0944502 0.0382571 0.638289 0.0700901 0.128203
9.9991E-05 0.176293 0.0924841 0.572215 0.0932111 0.0656976
0.152057 9.9973E-05 0.262534 0.58511 9.9973E-05 9.9973E-05
0.0848992 0.0574632 0.22041 0.538443 9.9991E-05 0.0986845
0.38785 0.0554226 0.273126 0.00581607 9.9991E-05 0.277686
9.9982E-05 0.752055 0.0635257 9.9982E-05 0.00554177 0.178677
9.9991E-05 0.667766 0.0110165 0.279135 0.0174781 0.0245045
0.150221 0.156198 9.9982E-05 0.520739 9.9982E-05 0.172642
0.0744185 0.165149 0.396183 0.337771 0.0263779 9.9991E-05
0.234836 0.127819 9.9991E-05 0.408853 0.0432234 0.185168
0.694823 9.9964E-05 9.9964E-05 0.304778 9.9964E-05 9.9964E-05
0.0438069 0.596944 9.9982E-05 0.316014 0.0430349 9.9982E-05
0.0104391 0.617709 9.9982E-05 0.29659 9.9982E-05 0.0750619
9.9973E-05 0.401087 9.9973E-05 0.450346 9.9973E-05 0.148267
0.447355 0.0545316 0.0732581 0.0269698 0.0518812 0.346004
0.229322 0.0394542 0.276749 9.9991E-05 0.00885891 0.445516
9.9991E-05 0.0327979 0.0910832 0.0926221 0.0419993 0.741397
0.0773386 0.119539 0.0460327 9.9982E-05 9.9982E-05 0.75689
0.311611 9.9982E-05 0.345327 0.0143462 9.9982E-05 0.328516
0.139454 9.9991E-05 0.24015 0.0240577 0.010628 0.585611
0.0707305 0.00914519 9.9973E-05 9.9973E-05 9.9973E-05 0.919824
9.9973E-05 0.0308334 0.330715 9.9973E-05 9.9973E-05 0.638152
0.263405 0.0146716 0.330273 0.0743292 9.9991E-05 0.317222
0.00286464 9.9973E-05 0.994181 9.9973E-05 9.9973E-05 0.0026547
0.0980197 9.9982E-05 0.869244 0.0212888 0.0112476 9.9982E-05
9.9982E-05 9.9982E-05 0.884871 0.0662889 0.00928105 0.0393592
0.196316 0.0948133 0.344133 0.038674 9.9991E-05 0.325964
9.9991E-05 0.0370331 0.904419 0.00279658 0.0271838 0.0284673
0.200027 9.9982E-05 0.583463 0.20519 0.0111202 9.9982E-05
0.0214401 0.00193058 0.337053 0.0495874 0.00263788 0.587351
0.778413 0.00881822 0.0589155 0.0944256 9.9991E-05 0.059328
0.839013 9.9973E-05 9.9973E-05 0.065063 9.9973E-05 0.095624
0.844382 9.9973E-05 0.120492 9.9973E-05 0.0348259 9.9973E-05
0.720624 0.071661 0.0886884 0.00705046 9.9991E-05 0.111876
0.77632 0.0505451 9.9991E-05 0.0404483 0.0165094 0.116077
9.9991E-05 0.0410821 0.2252 0.190129 0.0147135 0.528774
0.127918 9.9982E-05 9.9982E-05 0.0549269 0.0231349 0.793821
9.9964E-05 0.841481 9.9964E-05 0.158119 9.9964E-05 9.9964E-05
0.0890721 0.760436 0.0413548 0.0272981 0.037395 0.0444437
9.9982E-05 0.823615 0.0277442 9.9982E-05 0.00807562 0.140365
0.0507187 0.614128 0.0966998 0.228405 0.00574818 0.0043003
9.9982E-05 0.828012 0.13549 0.0157415 0.0205556 9.9982E-05
0.159143 0.769343 0.071214 9.9973E-05 9.9973E-05 9.9973E-05
9.9982E-05 0.828773 9.9982E-05 0.0928507 0.0419154 0.0362615
0.0988314 0.785353 9.9982E-05 0.094911 9.9982E-05 0.0207047
0.10481 0.788194 9.9982E-05 0.0522896 9.9982E-05 0.0545069
0.060612 0.785132 9.9982E-05 0.0678513 9.9982E-05 0.0862043
9.9991E-05 0.768254 0.0470749 0.0379682 0.04038 0.106223
0.0941825 0.75745 0.0979481 9.9991E-05 0.0265643 0.0237555
0.0895124 0.780134 0.0702254 9.9991E-05 0.011252 0.0487759
0.0909739 0.867902 0.0103205 9.9991E-05 0.0095957 0.0211076
9.9982E-05 0.769445 9.9982E-05 0.145359 0.0111208 0.0738751
9.9973E-05 0.848041 9.9973E-05 9.9973E-05 0.0307349 0.120924
0.0517021 0.821408 0.00347615 9.9991E-05 0.0102243 0.113089
9.9982E-05 0.0888065 0.0652252 0.786292 9.9982E-05 0.0594764
9.9964E-05 9.9964E-05 0.159622 0.839978 9.9964E-05 9.9964E-05
9.9973E-05 0.788574 9.9973E-05 0.0785367 9.9973E-05 0.132589
0.0293309 0.599282 9.9991E-05 0.0218245 0.0216607 0.327802
9.9964E-05 0.753589 9.9964E-05 0.246011 9.9964E-05 9.9964E-05
9.9982E-05 0.0986695 0.21199 0.605598 9.9982E-05 0.0835422
9.9973E-05 9.9973E-05 9.9973E-05 0.0772871 0.00982827 0.912585
0.249163 9.9982E-05 0.146208 9.9982E-05 0.00121073 0.603219
0.408114 9.9982E-05 0.114047 0.209912 9.9982E-05 0.267727
0.514055 9.9982E-05 0.275038 0.0840834 9.9982E-05 0.126623
0.73862 9.9982E-05 0.0742539 0.183546 0.00338055 9.9982E-05
0.762611 0.0468771 0.142073 0.0106293 9.9991E-05 0.0377099
0.728058 9.9982E-05 0.112153 0.0190059 9.9982E-05 0.140584
0.685607 9.9982E-05 0.212835 0.0635611 0.0377964 9.9982E-05
0.689506 0.0636343 0.0509719 0.165397 0.0303904 9.9991E-05
0.726193 0.0463874 0.0536548 9.9991E-05 0.0637733 0.109892
0.0970178 9.9991E-05 0.0604466 0.0738902 0.0114828 0.757063
0.0450347 0.0601176 0.0107821 0.0262457 0.0668166 0.791003
9.9982E-05 0.0221885 9.9982E-05 0.0867659 0.0499866 0.840859
9.9973E-05 0.0107745 9.9973E-05 0.196623 9.9973E-05 0.792303
9.9973E-05 9.9973E-05 9.9973E-05 0.0707162 0.0124299 0.916554
0.0518102 9.9982E-05 0.0102409 0.31387 9.9982E-05 0.623879
0.106019 9.9991E-05 0.6208 0.125916 0.0104891 0.136676
0.00193289 0.0679623 0.897874 0.0292395 0.00289168 9.9991E-05
9.9973E-05 9.9973E-05 0.913925 0.0647882 0.0209865 9.9973E-05
0.0759989 0.0354004 0.743251 0.0962535 0.0136186 0.0354775
0.0484532 0.0385518 0.684149 0.00877451 0.0181855 0.201886
0.603388 0.0547479 0.225923 0.0250408 0.0907999 9.9991E-05
0.000288655 0.699104 0.0903451 0.187043 0.0231194 9.9991E-05
0.0813265 0.759948 0.0232883 0.0509918 0.0319846 0.0524607
0.000951541 0.767722 0.0649179 0.152167 0.0141416 9.9991E-05
9.9991E-05 0.663646 0.099342 0.128018 0.0104702 0.098424
0.0777481 0.761312 9.9982E-05 9.9982E-05 0.0157428 0.144997
0.237219 0.120237 0.430947 9.9991E-05 0.0328386 0.178658
0.230962 0.0116017 0.441065 0.0862979 0.00620123 0.223872
9.9973E-05 9.9973E-05 0.917256 9.9973E-05 0.0638814 0.0185624
0.254104 9.9991E-05 0.25612 0.218767 0.0145098 0.256399
