0.0362746 9.9991E-05 0.24616 0.717465
9.999E-05 0.0202211 0.187727 0.791952
0.0257082 0.0234191 0.292262 0.658611
9.999E-05 0.0111738 0.132851 0.855876
0.0371203 0.00793966 0.112746 0.842194
0.0640786 0.00146468 0.0677159 0.866741
0.0389295 0.00806548 0.221701 0.731304
9.999E-05 0.0297637 0.104049 0.866087
0.0485051 0.015735 0.341363 0.594397
0.0754309 0.0232805 0.307854 0.593434
0.199058 0.0791267 0.165683 0.556132
0.048974 9.9991E-05 0.349159 0.601767
0.281924 0.0508988 0.161724 0.505454
0.107096 9.9991E-05 0.334135 0.558669
0.0426928 0.0642823 0.291395 0.601629
9.9991E-05 0.00385466 0.214382 0.781663
0.0332659 9.9991E-05 0.295994 0.67064
9.9991E-05 0.0186483 0.177898 0.803354
0.163579 0.0723181 0.64793 0.116173
0.0239195 9.9991E-05 0.807064 0.168917
0.00011095 0.0224156 0.82009 0.157384
0.033644 0.0317529 0.915165 0.0194386
9.9982E-05 0.0672724 0.932528 9.9982E-05
9.9991E-05 0.044418 0.864733 0.0907486
9.9982E-05 9.9982E-05 0.72871 0.27109
9.9982E-05 0.00507308 0.994727 9.9982E-05
0.0190965 0.0542442 0.926559 9.9991E-05
0.0534659 0.0398857 0.906548 9.9991E-05
9.998E-05 9.998E-05 0.9997 9.998E-05
0.0801921 0.00613469 0.913573 9.9991E-05
9.998E-05 9.998E-05 0.9997 9.998E-05
0.0263166 0.0452905 0.84919 0.0792033
9.9991E-05 0.0607076 0.913713 0.0254796
0.0336201 0.0597599 0.246199 0.660421
0.00673951 0.000818753 0.389606 0.602836
0.0881549 0.000170779 0.283873 0.627801
0.0274147 0.0509679 0.134596 0.787021
0.102726 0.0203412 0.322215 0.554718
9.998E-05 0.9997 9.998E-05 9.998E-05
0.0811645 0.0275314 0.840824 0.0504801
0.126918 9.9991E-05 0.247019 0.625963
9.9982E-05 9.9982E-05 0.270733 0.729067
0.226829 0.0152367 0.389096 0.368838
0.339522 0.062533 0.178696 0.419249
0.299878 0.0199791 0.0852192 0.594923
9.998E-05 0.9997 9.998E-05 9.998E-05
0.0507164 0.0949056 0.284127 0.570251
0.232357 9.9991E-05 0.213422 0.55412
0.162452 0.0319698 0.434534 0.371044
0.864498 0.0372166 0.00212317 0.0961621
0.8833 0.0291787 0.0408454 0.0466755
0.824903 0.011641 0.00304183 0.160414
0.808661 0.0670156 0.0198848 0.104439
0.899009 0.0590044 0.0317658 0.0102204
0.915078 9.9991E-05 0.0481765 0.0366459
0.748608 9.9982E-05 9.9982E-05 0.251192
0.88085 0.0301324 0.04314 0.0458778
0.895539 0.0328096 0.0715509 9.9991E-05
0.851839 0.0583276 9.9991E-05 0.0897335
0.732304 0.0336958 9.9991E-05 0.233901
0.908037 9.9982E-05 0.0917629 9.9982E-05
0.807096 9.9991E-05 0.145787 0.0470163
0.554221 0.0783804 0.0693873 0.298011
0.0451768 0.0257455 0.804963 0.124115
0.00501372 0.0333944 0.856248 0.105344
9.9991E-05 0.0338805 0.938323 0.027697
0.802818 0.0260359 0.0426085 0.128538
0.67249 0.0856543 9.9991E-05 0.241756
0.831819 0.0227169 0.0550224 0.0904414
0.828591 0.0608027 0.0292751 0.0813312
0.895507 0.0533601 9.9991E-05 0.0510324
0.35491 0.00968899 9.9991E-05 0.635301
0.318431 0.00872062 0.0594527 0.613396
0.366863 0.0102493 0.0868096 0.536078
0.299459 0.0489102 0.0413867 0.610244
0.302055 0.0393811 0.170772 0.487792
0.334469 0.0347752 0.0846194 0.546136
0.258637 0.0208156 0.156999 0.563549
0.801314 9.9982E-05 9.9982E-05 0.198486
0.558319 0.117508 0.0407232 0.28345
0.818477 0.0329132 0.109753 0.0388569
0.807826 0.0814243 0.11065 9.9991E-05
0.763224 0.0446903 9.9991E-05 0.191986
0.0782465 0.0402844 0.768337 0.113132
0.471591 9.9991E-05 0.138459 0.389851
0.420419 9.9982E-05 9.9982E-05 0.579381
9.998E-05 0.9997 9.998E-05 9.998E-05
9.9982E-05 9.9982E-05 0.281656 0.718144
9.9991E-05 0.016049 0.278516 0.705335
9.9991E-05 0.0507823 0.289675 0.659442
0.113879 0.0635485 0.299809 0.522764
0.0251926 9.9991E-05 0.18759 0.787118
0.466906 0.000634184 0.0354911 0.496969
0.0323157 0.0378619 0.696231 0.233591
0.418554 0.0743486 0.0124685 0.494629
0.155802 0.0404301 0.362659 0.441109
9.9982E-05 9.9982E-05 0.349592 0.650208
0.0112165 9.9991E-05 0.199778 0.788906
0.0271261 9.9991E-05 0.298465 0.674309
0.083634 0.0175497 0.109553 0.789263
0.0560877 0.00116605 0.135504 0.807242
9.9991E-05 0.00285623 0.160073 0.83697
0.444516 0.0486211 0.0735975 0.433266
0.347639 0.0602361 0.140573 0.451552
0.403175 0.0965964 0.0547485 0.44548
0.0965046 0.0243495 0.320208 0.558938
0.22997 9.9991E-05 0.211572 0.558358
0.0413477 9.9991E-05 0.582239 0.376313
0.798316 0.00954495 0.0140868 0.178053
0.819229 0.0379971 0.0285385 0.114235
0.392228 0.012413 0.23539 0.359969
0.307817 0.0443273 0.230468 0.417388
0.280673 0.0598812 0.322983 0.336463
0.0441555 9.9991E-05 0.816553 0.139191
0.785738 0.0829778 0.0405674 0.0907165
0.776172 9.9991E-05 0.0521064 0.171622
0.643003 9.9991E-05 0.0197064 0.33719
0.0262414 0.0524266 0.554308 0.367024
0.0417772 0.0069844 0.403725 0.547513
0.0436851 0.0146785 0.137748 0.803889
0.0861468 0.00168576 0.160692 0.751475
9.9982E-05 9.9982E-05 0.522865 0.476935
9.9991E-05 0.00345533 0.302389 0.694056
9.9982E-05 9.9982E-05 0.211154 0.788646
0.0248356 9.9991E-05 0.0973886 0.877676
0.0110309 0.00523272 0.512927 0.470809
9.9991E-05 0.000696917 0.265301 0.733902
9.9991E-05 0.0347874 0.264199 0.700914
9.9991E-05 0.028171 0.259404 0.712325
0.117583 9.9991E-05 0.350305 0.532012
0.0699131 0.0443696 0.129766 0.755951
0.0311023 0.0238008 0.378414 0.566683
0.0216571 0.00572308 0.18091 0.79171
0.0297165 9.9991E-05 0.943717 0.0264661
9.998E-05 9.998E-05 0.9997 9.998E-05
9.9982E-05 0.0435949 0.956205 9.9982E-05
0.0743741 0.0101743 0.846645 0.0688062
0.0435762 0.0505534 0.905559 0.000311599
0.13706 0.0100224 0.093663 0.759254
0.0146272 0.0266683 0.258347 0.700358
0.997724 0.00207628 9.9982E-05 9.9982E-05
0.874133 0.0455106 0.0547538 0.0256026
0.925927 0.00100093 0.0016445 0.0714276
0.755065 9.9991E-05 0.0750628 0.169773
0.915618 0.0243388 9.9991E-05 0.0599433
0.871452 0.0103315 0.118116 9.9991E-05
0.932236 0.0200286 9.9991E-05 0.047635
0.91785 0.0154888 0.0665614 9.9991E-05
0.896459 9.9991E-05 0.0994279 0.00401317
0.899736 0.000815542 0.0889721 0.0104769
0.883016 0.0442673 9.9991E-05 0.0726168
0.829369 0.0442421 0.00436332 0.122025
0.821874 0.022816 0.0383991 0.116911
0.900404 0.0208148 0.0786812 9.9991E-05
0.909691 0.0163415 9.9991E-05 0.0738678
0.918847 0.0174431 9.9991E-05 0.0636102
0.884455 9.9982E-05 0.115345 9.9982E-05
0.394339 9.99908E-05 0.109568 0.495993
0.234481 9.9991E-05 0.105952 0.659467
0.909917 9.9982E-05 9.9982E-05 0.0898829
0.739402 0.0265975 0.00409766 0.229903
0.976565 0.00852611 0.014809 9.9991E-05
0.347177 9.9982E-05 9.9982E-05 0.652623
9.9991E-05 0.0211649 0.0908291 0.887906
9.9991E-05 0.029506 0.347988 0.622406
0.0723929 9.9991E-05 0.569257 0.35825
9.9982E-05 9.9982E-05 0.73862 0.26118
0.0398495 9.9991E-05 0.910249 0.0498018
0.0530943 9.9982E-05 0.946706 9.9982E-05
9.9991E-05 0.022979 0.809675 0.167246
0.0294278 0.0422136 0.798267 0.130092
0.120511 0.0340587 0.829801 0.0156293
0.048668 0.0706167 0.85683 0.0238856
9.9991E-05 0.00211207 0.188997 0.808791
0.0841969 0.0446884 0.162074 0.709041
0.0696094 0.0261036 0.0455438 0.858743
0.0610618 0.000790958 9.9991E-05 0.938047
9.9991E-05 0.0134672 0.0861843 0.900248
0.0743742 9.9991E-05 0.118664 0.806862
0.00927927 0.0234159 0.361493 0.605812
0.0905721 0.0118496 0.301374 0.596204
0.00252249 0.0573388 0.177286 0.762852
0.0463023 0.00227365 0.307448 0.643976
0.0639721 0.0389895 0.175149 0.721889
0.10905 0.150447 0.733058 0.00744449
0.836835 0.0381917 0.106955 0.0180179
0.839177 0.053283 0.10744 9.9991E-05
0.912971 9.9991E-05 0.0775221 0.00940713
0.774932 0.0162691 9.9991E-05 0.208698
0.851468 0.0264958 0.121936 9.9991E-05
0.107074 0.0341504 0.352002 0.506774
0.033924 0.0419743 0.350263 0.573838
9.9991E-05 0.0454754 0.26245 0.691975
9.9991E-05 0.0597533 0.384588 0.555559
