9.9991E-05 0.795299 0.00242753 0.0505389 0.151635
9.999E-05 0.815032 0.0398299 0.0662695 0.078769
9.999E-05 0.637998 0.0302609 0.165703 0.165938
0.000454358 0.754771 9.9991E-05 0.0343309 0.210344
0.0734764 0.913884 0.0124394 9.9982E-05 9.9982E-05
0.022397 0.822006 0.003519 9.9991E-05 0.151978
9.9991E-05 0.702929 0.00280422 0.0436528 0.250514
9.9982E-05 0.782198 0.0313157 9.9982E-05 0.186287
0.0986112 0.661682 0.00327926 0.229359 0.00706784
0.00639099 0.469977 0.0278826 0.244651 0.251098
0.0506536 0.367766 0.0774192 0.0857596 0.418402
0.0119367 0.473806 0.0172695 0.210512 0.286477
9.9982E-05 9.9982E-05 0.0643473 0.0513054 0.884147
0.0768176 0.592587 9.9991E-05 0.213768 0.116728
0.0707 0.681439 0.0386634 0.209097 9.9991E-05
9.9982E-05 0.687387 9.9982E-05 0.0913825 0.22103
0.0362702 0.713934 9.9991E-05 0.228923 0.0207728
9.999E-05 0.821242 0.0141791 0.10635 0.0581291
0.103598 0.0682128 0.0633529 0.543784 0.221053
0.00944375 0.113099 9.9991E-05 0.664209 0.213148
0.0276491 0.193971 0.0156004 0.713634 0.0491464
0.0260953 9.9991E-05 0.00740579 0.819238 0.147161
9.9982E-05 9.9982E-05 0.0583076 0.869563 0.0719291
0.0153578 0.17359 0.0444521 0.7665 9.9991E-05
9.9982E-05 0.212965 9.9982E-05 0.688867 0.0979688
9.9982E-05 0.0949943 0.0120538 0.892752 9.9982E-05
0.0661895 9.9991E-05 0.0271756 0.895841 0.0106942
0.0785316 9.9991E-05 0.0259749 0.888627 0.00676615
0.0602724 9.9973E-05 9.9973E-05 0.939428 9.9973E-05
0.0871892 0.011004 9.9982E-05 0.901607 9.9982E-05
0.0787932 9.9991E-05 0.0035113 0.917025 0.000570725
0.0216671 0.140979 0.0242689 0.812985 9.9991E-05
9.9991E-05 0.012206 0.06686 0.895724 0.0251103
9.9991E-05 0.534817 0.0618339 0.137115 0.266135
0.0361378 0.698156 9.9982E-05 0.265506 9.9982E-05
0.0469257 0.704058 9.9991E-05 0.16105 0.0878659
9.9991E-05 0.661426 0.0217321 0.0793869 0.237355
0.064096 0.47566 0.0188033 0.191364 0.250077
9.997E-05 9.997E-05 0.9996 9.997E-05 9.997E-05
9.9982E-05 9.9982E-05 0.0148713 0.773434 0.211495
0.133001 0.715951 9.9982E-05 0.150848 9.9982E-05
9.9991E-05 0.641278 0.00481069 0.0986602 0.255152
0.129926 0.283318 0.0107064 0.273978 0.302073
0.10351 0.157813 0.0438557 0.0693834 0.625438
9.9973E-05 9.9973E-05 9.9973E-05 0.0465208 0.953179
9.997E-05 9.997E-05 0.9996 9.997E-05 9.997E-05
0.0189564 0.438991 0.0732855 0.215709 0.253058
0.0610927 0.241294 9.9991E-05 0.198119 0.499395
0.0824345 0.352376 0.033595 0.3268 0.204794
0.744808 9.9991E-05 0.0241595 0.0200069 0.210925
0.798108 9.9982E-05 0.0204101 9.9982E-05 0.181282
0.806592 0.174511 9.9982E-05 0.0186967 9.9982E-05
0.672531 0.0210033 0.0491842 9.9991E-05 0.257182
0.81319 0.0727047 0.0500807 0.0639245 9.9991E-05
0.880501 0.0159294 9.9982E-05 0.10337 9.9982E-05
0.734182 0.256253 9.9982E-05 9.9982E-05 0.00936519
0.837528 0.000146221 0.0290714 0.0593972 0.0738569
0.821823 9.9982E-05 0.0319951 0.145982 9.9982E-05
0.80612 0.149353 0.0443271 9.9991E-05 9.9991E-05
0.584671 0.125226 0.0387283 9.9991E-05 0.251274
0.826613 9.9982E-05 9.9982E-05 0.0812284 0.0919587
0.738041 0.0277672 9.9991E-05 0.0825124 0.15158
0.299281 9.9991E-05 0.0526125 0.00300746 0.644999
0.0639883 0.110782 0.00813054 0.759281 0.0578182
0.0316853 0.107673 0.0301308 0.820276 0.0102344
9.9982E-05 0.15843 0.0160077 0.825362 9.9982E-05
0.697419 0.122615 0.0211763 0.0317855 0.127004
0.509315 9.9982E-05 0.0746651 9.9982E-05 0.41582
0.691137 0.102947 0.0440451 9.9991E-05 0.161771
0.667166 9.9982E-05 0.0379095 9.9982E-05 0.294725
0.867912 0.0959695 0.035919 9.9982E-05 9.9982E-05
0.134306 0.236363 9.9982E-05 9.9982E-05 0.629131
0.0365282 0.188731 9.9982E-05 9.9982E-05 0.774541
0.0291686 0.0555423 0.00512415 0.0264866 0.883678
9.997E-05 9.997E-05 9.997E-05 9.997E-05 0.9996
9.9982E-05 9.9982E-05 0.0398962 0.130448 0.829456
0.000805459 9.9982E-05 0.0445753 9.9982E-05 0.954419
0.0450826 0.205409 0.0146589 0.0700023 0.664847
0.667243 0.111461 9.9982E-05 9.9982E-05 0.221097
0.435361 0.0572382 0.12986 0.000548411 0.376992
0.751858 9.9991E-05 0.0174974 0.0756183 0.154926
0.745857 9.9991E-05 0.0530832 0.0517482 0.149212
0.752367 0.215759 0.0316749 9.9982E-05 9.9982E-05
0.0115706 0.0845704 0.0285146 0.673986 0.201359
0.278118 0.0852998 9.9991E-05 0.137173 0.49931
0.0564117 9.9973E-05 9.9973E-05 9.9973E-05 0.943288
9.997E-05 9.997E-05 0.9996 9.997E-05 9.997E-05
9.9982E-05 0.683682 9.9982E-05 0.143166 0.172952
9.9991E-05 0.698698 0.0286301 0.145831 0.126741
9.9991E-05 0.55959 0.0349228 0.190399 0.214988
0.0901672 0.376383 0.0609022 0.24995 0.222598
0.0940987 0.806495 9.9991E-05 0.0427993 0.056507
0.133456 9.9982E-05 9.9982E-05 0.00171795 0.864626
0.00679281 0.19049 0.0309291 0.617206 0.154582
0.150565 0.051268 0.0562514 9.9991E-05 0.741815
0.0556387 0.273899 0.0164111 0.253371 0.40068
9.9973E-05 0.803217 9.9973E-05 0.196483 9.9973E-05
9.9982E-05 0.735528 9.9982E-05 0.0372781 0.226994
9.9982E-05 0.500769 9.9982E-05 0.170282 0.328749
0.0676504 0.640158 0.0150678 0.0270141 0.25011
9.9982E-05 0.589397 0.00416929 9.9982E-05 0.406233
9.9991E-05 0.742819 0.00953898 0.0143604 0.233181
0.17925 0.0650287 0.00899058 0.0313012 0.71543
0.131038 0.0903858 0.0790974 0.0563082 0.64317
0.149648 0.0764157 0.0858463 9.9991E-05 0.68799
9.9991E-05 0.123214 0.0219647 0.211077 0.643644
0.0624193 0.257441 9.9991E-05 0.135545 0.544495
0.076642 0.419257 9.9991E-05 0.488989 0.0150118
0.785992 0.193368 0.0204397 9.9982E-05 9.9982E-05
0.70429 0.010482 0.027884 0.0324801 0.224864
0.163539 9.9991E-05 0.00285828 0.198426 0.635077
0.147848 0.130083 0.0485224 0.173954 0.499593
0.108569 0.0635105 0.0529802 0.261487 0.513453
9.9973E-05 9.9973E-05 9.9973E-05 0.774646 0.225054
0.608508 9.9991E-05 0.0439491 0.0412352 0.306208
0.679684 0.00534413 9.9991E-05 0.0424076 0.272464
0.442004 0.0647032 9.9982E-05 9.9982E-05 0.493093
9.9991E-05 0.314302 0.0564473 0.493817 0.135333
0.0758721 0.714 9.9982E-05 0.209928 9.9982E-05
0.0530608 0.741243 0.0268184 0.0130091 0.165869
0.123654 0.787797 9.9982E-05 0.0883488 9.9982E-05
0.0126385 0.600736 9.9982E-05 0.386425 9.9982E-05
9.9982E-05 0.711144 9.9982E-05 0.160686 0.12797
0.0350146 0.834317 9.9991E-05 0.0646438 0.0659243
0.100543 0.837126 0.0179694 0.0442618 9.9991E-05
9.9982E-05 0.460246 9.9982E-05 0.355417 0.184138
9.9982E-05 0.766079 9.9982E-05 0.104514 0.129207
9.9991E-05 0.689314 0.0232265 0.193735 0.0936245
9.9982E-05 0.790614 9.9982E-05 0.0908226 0.118364
0.0977819 0.483336 0.0100732 0.271797 0.137012
0.0872195 0.855069 0.0575111 9.9982E-05 9.9982E-05
0.00463085 0.462663 0.00524588 0.181111 0.346349
0.0412275 0.823225 9.9991E-05 0.0743569 0.0610902
9.9973E-05 9.9973E-05 9.9973E-05 0.889417 0.110284
9.9982E-05 0.0346666 9.9982E-05 0.923221 0.0419124
9.9973E-05 9.9973E-05 0.0347132 0.964987 9.9973E-05
0.0880761 0.0832099 0.00356888 0.825045 9.9991E-05
0.0437967 0.0795632 0.0161829 0.735074 0.125383
0.0376417 0.676361 0.0100551 9.9991E-05 0.275842
9.9991E-05 0.677076 0.0144392 0.121401 0.186983
0.884078 9.9973E-05 9.9973E-05 9.9973E-05 0.115622
0.788985 9.9991E-05 0.0356872 0.0526706 0.122557
0.876994 0.0775061 0.0115627 0.0338376 9.9991E-05
0.62399 0.0165925 0.00104535 0.0670326 0.29134
0.835887 0.028065 0.0391326 9.9991E-05 0.0968156
0.836516 9.9991E-05 0.00975278 0.11939 0.0342413
0.873047 0.0107937 0.0323683 9.9991E-05 0.0836912
0.819508 9.9982E-05 9.9982E-05 0.101895 0.0783971
0.858583 9.9982E-05 9.9982E-05 0.0832954 0.0579217
0.846776 0.0479592 0.0228718 0.0663492 0.016044
0.801769 0.0654374 0.0454782 9.9991E-05 0.0872153
0.776042 0.0645528 0.0478617 0.0763714 0.0351717
0.801114 0.0693541 0.0140292 0.109494 0.0060079
0.891925 9.9982E-05 0.0120436 0.0958316 9.9982E-05
0.797742 0.0273062 0.0185152 0.0416705 0.114766
0.903977 0.0667579 0.0290655 9.9982E-05 9.9982E-05
0.887894 0.065895 0.0215065 0.0246043 9.9991E-05
0.119206 0.0340661 9.9991E-05 0.0261119 0.820516
9.9973E-05 0.0831199 9.9973E-05 9.9973E-05 0.91658
0.831256 0.0741611 9.9982E-05 9.9982E-05 0.0943831
0.702606 0.184635 0.0294364 9.9991E-05 0.0832231
0.840371 9.9982E-05 9.9982E-05 0.0179711 0.141458
0.161267 0.216092 9.9982E-05 9.9982E-05 0.622441
0.0526205 0.866803 0.0146454 9.9991E-05 0.0658313
0.0116755 0.752257 0.00936442 0.226603 9.9991E-05
0.00162925 0.212686 9.9991E-05 0.463259 0.322326
0.00308459 0.292187 9.9991E-05 0.6154 0.0892286
9.9982E-05 9.9982E-05 0.00337171 0.763352 0.233076
0.0755967 0.0353246 9.9991E-05 0.85844 0.0305383
9.9991E-05 0.0920186 0.0155751 0.750225 0.142081
9.9991E-05 0.106666 0.0136751 0.757739 0.12182
0.083235 9.99964E-05 0.0365676 0.765644 0.114454
0.0797594 0.031127 0.062087 0.826927 9.9991E-05
0.00098673 0.780653 0.00171222 0.102982 0.113667
0.0659218 0.699705 0.0501987 0.0686051 0.115569
0.0420304 0.742149 0.0411578 9.9991E-05 0.174563
0.00345611 0.785991 9.9982E-05 9.9982E-05 0.210353
9.9973E-05 0.800742 9.9973E-05 9.9973E-05 0.198958
9.9982E-05 0.59412 0.00523312 9.9982E-05 0.400447
9.9991E-05 0.623291 0.000163913 0.176962 0.199483
0.061558 0.577702 0.00666329 0.181943 0.172133
9.9991E-05 0.613741 0.053515 0.0950521 0.237592
0.0243979 0.616162 0.0162073 0.203415 0.139818
0.0616611 0.712138 0.0376583 0.0864324 0.10211
0.0682826 0.0676506 0.129602 0.734365 9.9991E-05
0.741393 0.00923127 0.0364712 0.022869 0.190035
0.76515 9.9991E-05 0.0397055 0.0578665 0.137178
0.852692 9.9991E-05 0.000392738 0.0159525 0.130863
0.731407 0.161388 0.00211856 9.9991E-05 0.104986
0.811074 0.0851202 0.0296348 0.0740712 9.9991E-05
0.157201 0.444791 0.0245822 0.237084 0.136341
0.00450472 0.49746 0.0529655 0.249199 0.195871
0.012925 0.785462 0.06835 0.133163 9.9991E-05
9.9991E-05 0.549501 0.0335277 0.252773 0.164099
