0.0177437 0.323004 0.529313 0.0273723 9.9991E-05 0.102466
0.0369953 0.729592 0.152196 0.015632 9.9991E-05 0.0654845
0.0307212 0.473453 0.210468 0.081803 9.9991E-05 0.203455
0.00728625 0.447785 0.463768 0.0809605 9.9982E-05 9.9982E-05
9.9973E-05 0.573817 0.364386 9.9973E-05 0.0614967 9.9973E-05
9.9982E-05 0.524891 0.413026 0.0180289 0.0438543 9.9982E-05
9.9982E-05 0.303449 0.521485 0.144178 9.9982E-05 0.0306878
0.0316247 0.527098 0.362847 0.0782305 9.9982E-05 9.9982E-05
0.00984285 0.753075 9.9982E-05 9.9982E-05 0.0904732 0.146409
0.0133013 0.483793 0.0889397 0.237704 9.9991E-05 0.176163
0.0532618 0.250832 0.101021 0.481395 0.0363943 0.0770957
0.0192909 0.554873 0.0738343 0.186259 0.0283386 0.137404
0.0371837 0.0919692 9.9982E-05 0.845896 9.9982E-05 0.0247516
9.999E-05 0.539559 0.0195866 0.181333 0.084043 0.175378
0.0461294 0.446683 0.346094 9.9991E-05 0.045492 0.115501
0.00408637 0.621326 0.152376 0.182846 9.9991E-05 0.0392655
0.00198819 0.562442 0.209893 0.0377247 0.000440391 0.187512
0.0325896 0.744124 0.175436 9.9982E-05 9.9982E-05 0.047651
0.0564783 0.0756515 0.0865459 0.167176 0.0892851 0.524863
9.9973E-05 0.183896 9.9973E-05 0.187287 9.9973E-05 0.628517
0.00697404 0.233452 0.104588 9.9991E-05 0.0145636 0.640323
0.020653 0.00904873 9.9991E-05 0.133921 0.00903742 0.82724
0.059106 9.9982E-05 9.9982E-05 0.0377496 0.0324306 0.870514
0.0249386 0.219167 9.9982E-05 9.9982E-05 0.0333008 0.722394
9.9982E-05 0.0557211 0.182566 0.057356 9.9982E-05 0.704157
0.0184946 0.00605691 0.0582304 9.9982E-05 9.9982E-05 0.917018
0.0292344 9.9982E-05 0.0198923 9.9982E-05 0.0956069 0.855066
0.047097 0.00705496 9.9991E-05 0.0327025 0.0619882 0.851057
9.9973E-05 0.165047 9.9973E-05 9.9973E-05 0.0299359 0.804717
9.9973E-05 9.9973E-05 0.126196 9.9973E-05 0.0778321 0.795672
0.0165868 0.0606395 9.9982E-05 9.9982E-05 0.0321477 0.890426
0.0332826 0.0946566 9.9982E-05 9.9982E-05 0.0626974 0.809163
0.0725784 9.9982E-05 0.117335 9.9982E-05 0.0221923 0.787695
0.0790273 0.407821 0.137558 0.262304 9.9991E-05 0.11319
0.00809767 0.480715 0.239334 9.9991E-05 0.00719892 0.264554
9.9973E-05 9.9973E-05 0.857423 9.9973E-05 0.0233811 0.118896
0.0222854 0.0254108 0.803218 0.0706351 9.9991E-05 0.0783507
0.0090857 0.288565 0.265735 0.277936 0.0652371 0.0934406
0.9995 9.996E-05 9.996E-05 9.996E-05 9.996E-05 9.996E-05
0.0456643 9.9982E-05 0.0708683 0.175701 9.9982E-05 0.707566
9.9982E-05 0.277977 0.450366 9.9982E-05 0.106956 0.1645
0.0100509 0.666841 0.00462671 0.219081 9.9991E-05 0.0992994
0.00785121 0.311276 0.0114076 0.268262 0.112623 0.288581
0.0527775 0.161887 0.0383146 0.606328 0.116006 0.024687
0.0069294 9.9982E-05 0.133323 0.843058 9.9982E-05 0.0164894
0.9995 9.996E-05 9.996E-05 9.996E-05 9.996E-05 9.996E-05
0.0683733 0.289048 0.25944 0.207551 9.9991E-05 0.175488
9.9991E-05 0.174669 0.237191 0.437098 0.0648196 0.0861229
0.0251753 0.308198 0.124825 0.155825 0.0981983 0.287778
0.0228809 0.0437272 9.9982E-05 0.199362 0.73383 9.9982E-05
0.0383267 0.00137718 9.9982E-05 0.215431 0.744665 9.9982E-05
9.9973E-05 0.131707 0.0842433 9.9973E-05 0.783749 9.9973E-05
0.0651674 9.9982E-05 0.11736 0.138323 0.678949 9.9982E-05
0.0354999 9.9982E-05 0.124081 9.9982E-05 0.802985 0.0372344
9.9982E-05 0.0381405 9.9982E-05 0.058813 0.829531 0.0733155
9.9964E-05 0.325417 9.9964E-05 9.9964E-05 0.674183 9.9964E-05
0.00419826 0.135707 9.9991E-05 0.0643368 0.775821 0.0198362
0.0248773 9.9982E-05 9.9982E-05 0.0205266 0.814044 0.140352
0.0388699 0.137527 0.00629624 0.103424 0.713783 9.9991E-05
0.0548058 0.106312 9.9982E-05 0.268955 0.569727 9.9982E-05
9.9973E-05 9.9973E-05 9.9973E-05 0.0950126 0.8104 0.0942879
0.0041763 0.0393881 9.9991E-05 0.292173 0.625991 0.0381716
0.0561974 0.0847451 9.9991E-05 0.557537 0.2995 0.00192026
0.0207405 9.9982E-05 0.227176 9.9982E-05 0.0505378 0.701346
0.0266785 0.205878 9.9991E-05 0.0427861 0.0206738 0.703884
0.0078656 0.107193 0.0908434 9.9982E-05 9.9982E-05 0.793899
0.00990416 0.0746234 0.0471053 0.175602 0.664242 0.0285232
0.063048 9.9982E-05 0.0725369 0.410232 0.453983 9.9982E-05
0.00929994 0.0481523 9.9991E-05 0.170048 0.721861 0.050539
0.0406848 9.9991E-05 0.00441092 0.283187 0.670602 0.00101592
0.0471891 0.0159319 0.16108 9.9982E-05 0.775599 9.9982E-05
9.9973E-05 0.364958 9.9973E-05 0.497824 0.136918 9.9973E-05
9.9973E-05 0.194771 9.9973E-05 0.781181 0.0237487 9.9973E-05
0.00418027 9.9982E-05 0.223683 0.748663 0.0232742 9.9982E-05
0.0214716 9.9964E-05 9.9964E-05 0.978129 9.9964E-05 9.9964E-05
0.0215454 9.9982E-05 0.131599 0.774524 9.9982E-05 0.0721316
0.0359436 9.9964E-05 9.9964E-05 0.963657 9.9964E-05 9.9964E-05
0.0275346 0.00671323 0.15325 0.733353 9.9991E-05 0.0790491
9.9982E-05 0.0875218 0.0130543 0.317057 0.582167 9.9982E-05
0.11086 0.0970763 0.0913723 0.292608 0.404459 0.0036239
0.0132628 9.9991E-05 0.0248439 0.168569 0.721605 0.0716186
0.0572801 9.9982E-05 9.9982E-05 0.151404 0.722042 0.069074
0.0413714 0.15726 0.0480224 0.0462187 0.707028 9.9991E-05
0.0222594 0.126212 9.9991E-05 0.197226 0.0379738 0.616229
9.9991E-05 0.00225109 0.0740202 0.514654 0.260438 0.148537
9.9982E-05 0.0715381 0.057778 0.763635 0.106848 9.9982E-05
0.9995 9.996E-05 9.996E-05 9.996E-05 9.996E-05 9.996E-05
0.0114455 0.429327 0.310496 0.0773518 9.9991E-05 0.171279
0.0325969 0.584272 0.176642 0.0876732 9.9991E-05 0.118716
0.0410118 0.551951 0.0920241 0.161695 9.9991E-05 0.153218
0.043683 0.36033 0.0720158 0.1939 0.093393 0.236679
9.9982E-05 0.377388 0.510128 9.9982E-05 0.0371258 0.0751582
9.9982E-05 9.9982E-05 0.0140142 0.838655 0.117282 0.0298492
0.0381322 0.0918521 0.0606264 0.288341 9.9991E-05 0.520948
0.0937388 0.131045 0.0646665 0.538456 0.171994 9.9991E-05
0.0390409 0.0340904 0.314046 0.294049 0.0369376 0.281836
0.0243033 0.864494 9.9973E-05 9.9973E-05 9.9973E-05 0.110903
9.9982E-05 0.355068 0.346683 0.245977 9.9982E-05 0.0520715
9.9973E-05 0.598959 9.9973E-05 0.285435 9.9973E-05 0.115306
9.9973E-05 0.548771 0.131597 0.319333 9.9973E-05 9.9973E-05
0.000252305 9.9973E-05 0.80131 0.198138 9.9973E-05 9.9973E-05
0.000505233 0.773439 9.9982E-05 0.198818 9.9982E-05 0.0270373
0.0163395 9.9991E-05 0.178808 0.579548 0.21121 0.0139943
0.0769635 0.0895197 0.133958 0.496628 0.149711 0.053219
0.0754105 0.0122677 0.0600274 0.646239 0.188012 0.0180431
0.0210033 0.170049 9.9982E-05 0.630135 9.9982E-05 0.178613
9.9991E-05 0.248704 0.00550397 0.537985 0.0655076 0.142199
9.9982E-05 0.255243 0.317485 9.9982E-05 0.0680135 0.359059
0.00244603 0.100258 0.137878 9.9982E-05 0.759219 9.9982E-05
0.0196805 0.0513535 9.9991E-05 0.165011 0.712748 0.0511063
9.9982E-05 0.0958972 9.9982E-05 0.662061 0.111037 0.130804
0.0410138 0.244834 9.9991E-05 0.485368 0.138042 0.0906416
0.0418155 0.00962991 0.0606532 0.521906 0.135007 0.230988
9.9973E-05 9.9973E-05 0.112315 0.273026 9.9973E-05 0.614359
0.0374511 9.9991E-05 0.0713969 0.223538 0.617622 0.0498917
9.9982E-05 0.00206693 0.0283202 0.346859 0.622554 9.9982E-05
9.9982E-05 0.0590383 0.0853649 0.366953 0.488443 9.9982E-05
0.0702435 0.104193 0.313473 9.9991E-05 0.0653611 0.446629
9.9982E-05 0.697566 0.101709 9.9982E-05 0.0709129 0.129612
0.0200111 0.562787 0.338842 0.034721 0.0435381 9.9991E-05
9.9982E-05 0.721505 0.154578 9.9982E-05 0.103871 0.0198457
9.9982E-05 0.516323 0.0582314 0.112996 9.9982E-05 0.31225
0.00702285 0.48745 0.321507 0.0483235 9.9991E-05 0.135597
9.9982E-05 0.783693 9.9982E-05 0.076048 0.021463 0.118596
0.00646743 0.883842 0.047098 9.9982E-05 0.0623921 9.9982E-05
9.9991E-05 0.384106 0.212991 0.0394944 0.0262066 0.337102
9.9991E-05 0.712003 0.125796 0.0449124 0.00678131 0.110408
0.0431814 0.673071 0.0192772 0.0957166 9.9991E-05 0.168654
0.00746792 0.553379 0.280246 0.0639722 9.9991E-05 0.0948354
0.0119383 0.386205 0.159802 0.145601 0.0665991 0.229853
0.0381466 0.815157 9.9982E-05 0.0866451 0.0598511 9.9982E-05
9.9973E-05 0.481023 9.9973E-05 0.34537 9.9973E-05 0.173306
9.9964E-05 0.913987 9.9964E-05 0.0856131 9.9964E-05 9.9964E-05
9.9973E-05 9.9973E-05 0.140014 0.044081 9.9973E-05 0.815605
9.9973E-05 0.0443474 9.9973E-05 0.0883524 9.9973E-05 0.867
0.0281683 9.9973E-05 0.0660568 9.9973E-05 9.9973E-05 0.905475
9.9982E-05 9.9982E-05 0.128679 0.0806325 0.0529055 0.737583
0.000343336 0.0988792 9.9991E-05 0.0560604 0.057279 0.787338
9.9982E-05 0.559098 0.226104 0.186866 0.0277322 9.9982E-05
0.00521917 9.9973E-05 0.941134 9.9973E-05 9.9973E-05 0.0533472
9.9964E-05 9.9964E-05 9.9964E-05 0.101057 0.898543 9.9964E-05
0.0283335 0.125517 9.9991E-05 0.0481073 0.760237 0.0377046
0.0142831 9.9982E-05 0.133759 9.9982E-05 0.820779 0.0309793
9.9982E-05 0.150033 9.9982E-05 0.155569 0.643234 0.0509641
0.0231834 0.126596 9.9982E-05 0.0362745 0.813746 9.9982E-05
9.9973E-05 9.9973E-05 9.9973E-05 0.00734289 0.807173 0.185184
0.0195567 0.0293194 0.0483942 0.0874943 0.815136 9.9991E-05
9.9982E-05 9.9982E-05 0.0697198 0.0831834 0.791763 0.0551335
9.9982E-05 0.0765136 9.9982E-05 0.0392895 0.815755 0.0682416
9.9982E-05 0.0140373 9.9982E-05 0.0739733 0.809655 0.102135
0.0175566 0.0206382 0.149367 0.0160249 0.796314 9.9991E-05
0.0360906 0.0481816 0.0872969 0.0269403 0.736894 0.0645962
0.00415771 0.186085 9.9982E-05 9.9982E-05 0.770641 0.0389159
9.9982E-05 9.9982E-05 0.0946536 0.0133456 0.824978 0.066823
0.00504177 9.9982E-05 0.0898582 0.10512 0.79978 9.9982E-05
0.0214738 9.9973E-05 0.161206 9.9973E-05 0.81702 9.9973E-05
9.9982E-05 0.0196996 0.117763 9.9982E-05 0.842442 0.0198956
9.9982E-05 0.158938 9.9982E-05 0.696679 0.131568 0.0126152
9.9964E-05 0.131085 9.9964E-05 0.868515 9.9964E-05 9.9964E-05
9.9973E-05 9.9973E-05 0.152219 0.0679536 0.779528 9.9973E-05
0.0155713 0.162721 0.11339 0.0527629 0.655455 9.9991E-05
0.0203361 9.9973E-05 9.9973E-05 0.174176 0.805188 9.9973E-05
9.9982E-05 0.132554 0.106049 0.675362 0.0858349 9.9982E-05
0.0203316 0.81418 0.0847368 0.0805519 9.9982E-05 9.9982E-05
0.00486978 0.684896 0.134744 9.9991E-05 0.024388 0.151002
9.9982E-05 0.317416 0.068592 0.202533 9.9982E-05 0.411259
9.9982E-05 0.308067 0.017249 0.101317 9.9982E-05 0.573167
9.9973E-05 0.0955872 9.9973E-05 0.187586 9.9973E-05 0.716527
9.9982E-05 0.105877 0.00976551 9.9982E-05 0.0580305 0.826127
9.9973E-05 0.20028 9.9973E-05 0.128321 9.9973E-05 0.671099
0.0017137 0.00296716 0.0676329 0.220332 9.9991E-05 0.707254
0.0358646 0.00367387 0.00666838 0.139546 0.0712497 0.742997
0.0578459 0.0521032 0.0380259 9.9991E-05 0.0613059 0.790619
0.00948358 0.596271 0.305788 0.0393546 9.9991E-05 0.0490034
0.0365885 0.295635 0.565105 0.0189432 0.0324638 0.0512639
0.0279331 9.9964E-05 0.971667 9.9964E-05 9.9964E-05 9.9964E-05
9.996E-05 9.996E-05 0.9995 9.996E-05 9.996E-05 9.996E-05
0.00963017 9.9964E-05 0.98997 9.9964E-05 9.9964E-05 9.9964E-05
9.9982E-05 0.0458748 0.630693 0.252355 9.9982E-05 0.0708768
0.0119949 0.610211 0.0250939 0.149704 0.00854846 0.194447
0.0194776 0.69031 9.9991E-05 0.156622 0.013889 0.119602
0.0492918 0.630316 0.0975077 0.195158 9.9991E-05 0.0276263
9.9991E-05 0.4777 0.210494 0.174846 0.0231723 0.113688
0.0271126 0.447732 0.236039 0.112297 0.0438809 0.132938
0.139031 0.192341 9.9982E-05 9.9982E-05 0.0982956 0.570132
0.00663511 0.102234 9.9982E-05 0.199533 0.691398 9.9982E-05
0.0280194 9.9991E-05 0.0691097 0.0893062 0.749206 0.0642587
9.9982E-05 0.101094 9.9982E-05 0.101355 0.792669 0.0046821
9.9973E-05 0.225746 9.9973E-05 0.0723285 0.701626 9.9973E-05
0.0145293 0.000246739 0.118976 9.9991E-05 0.767621 0.0985268
0.0145479 0.302366 0.16585 0.187687 0.0690414 0.260507
0.02708 0.578628 0.0531934 0.117302 0.00150968 0.222288
0.0650793 0.845263 0.0618786 9.9991E-05 0.0116385 0.0160402
0.0632545 0.477044 9.9982E-05 0.267802 9.9982E-05 0.1917
