0.139954 0.0159617 0.662492 0.181592
0.116424 9.9991E-05 0.796375 0.087101
0.181561 0.00231538 0.684629 0.131495
0.000471679 9.9991E-05 0.793705 0.205723
9.9982E-05 0.0933526 0.906447 9.9982E-05
9.9991E-05 0.0527713 0.836549 0.11058
0.0330068 9.9991E-05 0.719824 0.247069
9.9982E-05 9.9982E-05 0.811851 0.187949
0.200309 0.0978947 0.701697 9.9991E-05
0.248234 0.00773739 0.488271 0.255759
0.0546189 0.0918566 0.36079 0.492734
0.246938 0.00114094 0.458716 0.293206
0.0240922 0.0546834 9.9991E-05 0.921124
0.217501 0.0748336 0.50668 0.200986
0.198407 0.0833902 0.718103 9.9991E-05
0.124079 9.9991E-05 0.655992 0.219829
0.241694 0.00095145 0.659508 0.0978471
0.0878558 9.9982E-05 0.911944 9.9982E-05
0.591153 0.113876 0.0530562 0.241915
0.674072 9.9991E-05 0.111714 0.214113
0.732622 0.029271 0.238007 9.9991E-05
0.843679 9.9991E-05 0.0240112 0.13221
0.961026 9.9982E-05 9.9982E-05 0.0387737
0.83623 0.0316571 0.126921 0.00519183
0.669414 9.9991E-05 0.215384 0.115102
0.932872 9.9982E-05 0.0669285 9.9982E-05
0.905314 0.0944859 9.9982E-05 9.9982E-05
0.908094 0.0684152 9.9991E-05 0.0233911
0.909601 0.0172465 0.0730529 9.9991E-05
0.854881 0.0686025 0.0764163 9.9991E-05
0.909759 0.0366969 0.0515154 0.00202898
0.80547 0.0582392 0.136191 9.9991E-05
0.85197 9.9991E-05 0.126882 0.0210488
0.174676 0.0138658 0.492081 0.319377
0.251384 0.0156644 0.732851 9.9991E-05
0.116777 0.0571131 0.79426 0.03185
0.0784819 0.00840312 0.693202 0.219913
0.110444 0.0572511 0.499073 0.333232
0.635253 0.364547 9.9982E-05 9.9982E-05
0.814842 0.00511863 9.9991E-05 0.17994
0.14833 0.127418 0.724152 9.9991E-05
0.121087 9.9991E-05 0.675116 0.203697
0.329413 0.124688 0.25545 0.290449
0.133632 0.117772 0.0309414 0.717655
0.0277096 9.9982E-05 9.9982E-05 0.97209
0.62516 0.370334 9.9991E-05 0.00440558
0.308526 0.0330797 0.398964 0.25943
0.11697 0.0505303 0.256779 0.575721
0.386033 0.117487 0.314363 0.182117
0.0152194 0.756117 9.9991E-05 0.228563
0.019729 0.801633 9.9991E-05 0.178538
0.0253514 0.819256 0.155293 9.9991E-05
0.00558179 0.700041 0.0328221 0.261555
0.0576863 0.855175 0.087039 9.9991E-05
0.0781972 0.845692 0.0434155 0.0326957
9.9991E-05 0.722549 0.241688 0.0356629
0.0183203 0.793357 0.0409362 0.147386
0.123431 0.876369 9.9982E-05 9.9982E-05
9.9991E-05 0.818462 0.0893341 0.0921038
9.9991E-05 0.639045 0.0945017 0.266354
0.106048 0.844054 9.9991E-05 0.0497977
0.0466687 0.694606 0.0130056 0.245719
0.028426 0.340378 0.0080523 0.623144
0.744456 0.0733548 0.18209 9.9991E-05
0.851014 0.00686049 0.142026 9.9991E-05
0.899531 9.9982E-05 0.100269 9.9982E-05
9.9991E-05 0.746482 0.0924891 0.160929
9.9991E-05 0.571213 0.00813706 0.42055
0.0131958 0.742664 0.0579106 0.18623
0.0387314 0.646713 9.9991E-05 0.314456
9.9982E-05 0.863338 0.136462 9.9982E-05
9.9991E-05 0.121824 0.14362 0.734456
0.0404153 0.0865598 0.132634 0.740391
9.9982E-05 0.0729352 9.9982E-05 0.926865
9.998E-05 9.998E-05 9.998E-05 0.9997
0.0984348 9.9982E-05 9.9982E-05 0.901365
9.998E-05 9.998E-05 9.998E-05 0.9997
0.148142 0.0152656 0.060054 0.776539
9.9991E-05 0.664702 0.0992774 0.235921
0.0249171 0.497416 0.131181 0.346486
0.0752097 0.742544 9.9991E-05 0.182147
0.083689 0.766174 9.9991E-05 0.150037
9.9982E-05 0.780788 0.219012 9.9982E-05
0.742096 0.0192517 0.0953262 0.143326
0.0988125 0.244247 0.07032 0.586621
9.9991E-05 0.11958 0.0171465 0.863174
0.604807 0.391042 9.9991E-05 0.0040514
0.188464 9.9991E-05 0.641692 0.169744
0.178832 9.9991E-05 0.717579 0.103489
0.236289 0.019192 0.495133 0.249386
0.243975 0.109483 0.401397 0.245145
0.0999929 0.0839865 0.802221 0.0137998
9.9982E-05 0.202863 9.9982E-05 0.796937
0.587516 0.0203297 0.150705 0.24145
0.00276237 0.198405 0.0690844 0.729748
0.317957 0.0850188 0.217791 0.379233
0.175576 0.0346375 0.789686 9.9991E-05
0.020145 9.9991E-05 0.678714 0.301042
0.0844535 9.9991E-05 0.545563 0.369883
0.00506104 0.11695 0.757819 0.12017
0.0507371 9.9991E-05 0.533399 0.415764
0.0955378 9.9991E-05 0.619856 0.284506
0.0119774 0.22848 0.0472361 0.712306
0.139657 0.163462 0.135586 0.561295
0.0242039 0.228622 0.116284 0.630891
0.211293 9.9991E-05 0.166898 0.62171
0.120826 0.0703576 0.240066 0.56875
0.471333 0.0508452 0.461148 0.0166737
9.9982E-05 0.795158 0.204642 9.9982E-05
0.0183723 0.739933 0.0436697 0.198025
0.17047 0.168337 0.0586457 0.602548
0.0901298 0.145371 0.129832 0.634667
0.297108 0.13901 0.0546576 0.509224
0.77765 9.9982E-05 9.9982E-05 0.22215
0.0713044 0.656765 9.9991E-05 0.271831
0.035411 0.667717 0.00463003 0.292242
9.9991E-05 0.457272 0.0736877 0.46894
0.507304 0.058938 0.349293 0.0844655
0.217148 0.0456921 0.73706 9.9991E-05
9.9991E-05 0.0422767 0.78483 0.172793
0.0586453 0.101666 0.839589 9.9991E-05
0.393027 0.0315032 0.559089 0.0163809
0.142144 9.9991E-05 0.695475 0.162281
0.131833 9.9991E-05 0.801915 0.066152
0.00963541 0.0592513 0.931013 9.9991E-05
0.293629 9.9991E-05 0.446728 0.259543
0.132931 0.00202379 0.771721 0.093324
0.198089 9.9991E-05 0.685257 0.116555
0.120644 9.9991E-05 0.714007 0.165248
0.280773 0.0598983 0.411946 0.247383
0.0503299 0.075915 0.840244 0.0335107
0.200529 0.0572625 0.518569 0.22364
0.0584518 0.0153811 0.800816 0.125351
0.811247 9.9982E-05 9.9982E-05 0.188553
0.876007 9.9991E-05 0.0872926 0.0366003
0.899979 9.9982E-05 0.0998212 9.9982E-05
0.763329 0.0784169 0.135435 0.0228193
0.804368 0.0380057 0.0388399 0.118787
9.9991E-05 0.049499 0.639382 0.311019
0.187311 9.9991E-05 0.658852 0.153737
9.9982E-05 0.902706 9.9982E-05 0.0970944
0.0352355 0.782362 0.100382 0.0820206
0.0320133 0.878942 0.088945 9.9991E-05
0.0402223 0.657272 0.0144055 0.2881
9.9991E-05 0.834322 0.0625375 0.103041
0.172416 0.821288 0.00619641 9.9991E-05
9.9991E-05 0.939716 0.0478501 0.0123338
0.105992 0.858955 9.9991E-05 0.0349532
0.0721695 0.82512 0.0139627 0.0887478
0.0767588 0.850681 0.00853261 0.0640277
9.9991E-05 0.82637 0.0696678 0.103862
0.0891771 0.81237 0.0532466 0.0452065
0.0481721 0.816229 0.133139 0.00245926
0.0845013 0.896128 0.0131712 0.0061994
9.9991E-05 0.829433 0.00117714 0.16929
9.9982E-05 0.923119 0.0766813 9.9982E-05
0.0513253 0.870422 0.0781524 9.9991E-05
9.9991E-05 0.158664 0.0676086 0.773627
0.0271497 9.9991E-05 0.0170096 0.955741
9.9991E-05 0.822005 0.0751525 0.102742
9.9982E-05 0.705303 0.294497 9.9982E-05
9.9982E-05 0.86829 9.9982E-05 0.13151
9.9991E-05 0.12366 0.134853 0.741387
9.9982E-05 9.9982E-05 0.971178 0.0286225
0.245749 0.00713256 0.747018 9.9991E-05
0.393522 0.00100867 0.407724 0.197745
0.561711 9.9991E-05 0.276098 0.162091
0.749381 9.9982E-05 9.9982E-05 0.250419
0.852704 0.0514816 0.0957139 9.9991E-05
0.791292 9.9991E-05 0.167462 0.0411455
0.753952 9.9991E-05 0.0483843 0.197563
0.757517 0.0650301 0.00178819 0.175664
0.816083 0.113898 0.0699196 9.9991E-05
0.133615 0.0505609 0.815724 9.9991E-05
0.101389 0.0907576 0.753984 0.0538698
9.9991E-05 0.0700435 0.756909 0.172947
9.9982E-05 9.9982E-05 0.785439 0.214361
9.9982E-05 9.9982E-05 0.773346 0.226454
9.9991E-05 0.0019113 0.605271 0.392717
0.183264 9.9991E-05 0.641273 0.175363
0.237529 0.0835953 0.556659 0.122218
0.0860656 0.00721309 0.700062 0.20666
0.197326 0.0464135 0.566289 0.189971
0.136019 0.0517103 0.670615 0.141656
0.729676 0.0921425 0.178082 9.9991E-05
0.0119836 0.702513 9.9991E-05 0.285403
0.112161 0.772553 9.9991E-05 0.115186
0.0165693 0.852431 9.9991E-05 0.130899
9.9991E-05 0.699301 0.133138 0.167462
0.126787 0.82052 0.0371023 0.0155906
0.27986 0.128167 0.41777 0.174204
0.237116 0.00688259 0.59741 0.158591
0.159598 0.0365873 0.803714 9.9991E-05
0.323641 9.9991E-05 0.462687 0.213572
