0.00558463 0.132648 0.861767
9.999E-05 0.16436 0.83554
0.00301994 0.258701 0.738279
0.045944 0.0346444 0.919412
0.0453313 0.0501232 0.904546
0.0458903 0.0310872 0.923022
0.0523604 0.051763 0.895877
9.999E-05 0.022165 0.977735
0.0621183 0.224104 0.713777
0.0475258 0.291766 0.660709
0.231752 0.157215 0.611033
0.106168 0.225592 0.66824
0.319997 0.159366 0.520637
0.13194 0.209982 0.658078
0.0610003 0.250601 0.688399
9.9991E-05 0.129181 0.870719
9.9991E-05 0.221878 0.778022
9.9991E-05 0.139248 0.860652
0.224739 0.651221 0.12404
0.0528388 0.708221 0.23894
9.9991E-05 0.748259 0.251641
0.0357841 0.860258 0.103958
0.0230782 0.959027 0.0178943
0.0273246 0.844161 0.128514
9.9991E-05 0.726127 0.273773
9.9991E-05 0.939413 0.0604872
0.0559204 0.94398 9.9991E-05
0.096483 0.903417 9.9991E-05
9.999E-05 0.9998 9.999E-05
0.085909 0.901847 0.0122437
0.0356056 0.964294 9.9991E-05
0.0462076 0.88748 0.0663122
0.0251077 0.909872 0.0650198
0.0768536 0.267675 0.655471
9.9991E-05 0.325829 0.674071
0.0737822 0.120038 0.80618
0.0315481 0.103539 0.864913
0.169244 0.210547 0.620209
0.359637 0.640263 9.9991E-05
0.0602273 0.845391 0.0943818
0.110069 0.243392 0.646538
9.9991E-05 0.201873 0.798027
0.200245 0.346996 0.45276
0.357966 0.13229 0.509745
0.301669 0.0930879 0.605243
0.390195 0.609705 9.9991E-05
0.104335 0.347789 0.547876
0.248971 0.185761 0.565268
0.109421 0.462177 0.428402
0.885615 0.070284 0.0441011
0.912248 0.0569583 0.0307935
0.889874 0.000478672 0.109648
0.851546 9.9991E-05 0.148354
0.906679 0.0932212 9.9991E-05
0.916969 0.0323629 0.0506679
0.792539 9.9991E-05 0.207361
0.915944 0.0444905 0.0395652
0.940977 0.0589228 9.9991E-05
0.884746 9.9991E-05 0.115154
0.757926 9.9991E-05 0.241974
0.888071 0.111829 9.9991E-05
0.80844 0.0193878 0.172172
0.572487 0.0905317 0.336981
0.0243289 0.803818 0.171853
0.0591491 0.857612 0.0832388
9.9991E-05 0.881772 0.118128
0.816448 0.03333 0.150222
0.678604 0.0472138 0.274183
0.849811 0.0489008 0.101289
0.869177 0.0727078 0.058115
0.917896 0.059882 0.0222225
0.369936 9.9991E-05 0.629964
0.323319 0.0415584 0.635122
0.378652 0.00427342 0.617074
0.351065 0.0645783 0.584356
0.311666 0.18905 0.499284
0.332897 0.11114 0.555962
0.299223 0.116647 0.58413
0.752519 9.9991E-05 0.247381
0.595599 0.120455 0.283946
0.85531 0.135598 0.009092
0.858472 0.141428 9.9991E-05
0.804789 0.0124094 0.182801
0.0528789 0.809853 0.137269
0.477392 0.160792 0.361817
0.428094 9.9991E-05 0.571806
0.402224 0.597676 9.9991E-05
9.9991E-05 0.233682 0.766218
9.9991E-05 0.18616 0.81374
0.0214263 0.274791 0.703783
0.156951 0.313966 0.529083
0.0497617 0.0793467 0.870892
0.436185 0.0833603 0.480455
0.0697859 0.652178 0.278036
0.438522 0.00727561 0.554202
0.171549 0.398004 0.430447
9.9991E-05 0.135272 0.864628
0.00871177 0.0851204 0.906168
9.9991E-05 0.168491 0.831409
0.0804442 0.042014 0.877542
0.0428895 0.105844 0.851266
9.9991E-05 0.150867 0.849033
0.469673 0.0157541 0.514573
0.387458 0.16454 0.448002
0.475269 0.0474561 0.477275
0.103792 0.318924 0.577284
0.231222 0.189104 0.579674
0.0588844 0.494539 0.446576
0.830129 0.0498907 0.11998
0.867069 0.0372977 0.0956328
0.396888 0.206843 0.396269
0.333649 0.175082 0.491269
0.339282 0.332161 0.328558
0.0233102 0.769086 0.207604
0.823396 0.137276 0.0393286
0.8 0.0579642 0.142036
0.698649 9.9991E-05 0.301251
0.060924 0.581119 0.357957
0.0219939 0.301035 0.676971
0.0484808 0.0507164 0.900803
0.0895619 0.116328 0.79411
0.0034182 0.424989 0.571592
9.9991E-05 0.196205 0.803695
9.9991E-05 0.130982 0.868918
0.0443932 0.0468428 0.908764
0.0113747 0.394664 0.593961
9.9991E-05 0.155532 0.844368
9.9991E-05 0.196428 0.803472
9.9991E-05 0.141901 0.857999
0.1478 0.2888 0.5634
0.0243634 0.125206 0.85043
0.0744776 0.305964 0.619558
0.0113776 0.110623 0.877999
9.9991E-05 0.922838 0.0770619
9.9991E-05 0.969432 0.0304683
9.999E-05 0.9998 9.999E-05
0.0691138 0.825332 0.105554
0.0813771 0.882454 0.0361688
0.122138 0.0397163 0.838146
0.00181939 0.220166 0.778014
0.9998 9.999E-05 9.999E-05
0.89108 0.035645 0.0732751
0.981121 9.9991E-05 0.0187792
0.778837 0.018937 0.202226
0.933196 9.9991E-05 0.0667044
0.883269 0.116631 9.9991E-05
0.9998 9.999E-05 9.999E-05
0.925454 0.0744464 9.9991E-05
0.885094 0.114806 9.9991E-05
0.911839 0.0786138 0.00954716
0.935027 0.00137318 0.0636
0.888989 0.0255257 0.0854852
0.85214 0.0699691 0.0778912
0.941863 0.0580368 9.9991E-05
0.89775 9.9991E-05 0.10215
0.978841 9.9991E-05 0.021059
0.929101 0.0514343 0.0194647
0.41964 0.0369844 0.543376
0.229796 0.0264981 0.743706
0.920401 9.9991E-05 0.0794992
0.739586 9.9991E-05 0.260314
0.961138 0.0387622 9.9991E-05
0.335368 9.9991E-05 0.664532
9.999E-05 9.999E-05 0.9998
9.9991E-05 0.292287 0.707613
0.0430642 0.450177 0.506759
0.0179327 0.700628 0.281439
0.0308159 0.92727 0.0419143
0.0320099 0.926718 0.0412722
9.9991E-05 0.884185 0.115715
0.0557759 0.826058 0.118166
0.11366 0.842761 0.0435793
0.0885786 0.846478 0.0649432
0.0120147 0.118186 0.869799
0.0338599 0.158269 0.807871
0.0394278 9.9991E-05 0.960472
0.0325124 9.9991E-05 0.967388
9.999E-05 9.999E-05 0.9998
0.0589946 9.9991E-05 0.940905
0.0117579 0.271523 0.716719
0.079997 0.22141 0.698593
0.0175031 0.129372 0.853125
0.0639165 0.270413 0.66567
0.0852787 0.172124 0.742598
0.128163 0.803598 0.0682388
0.882029 0.0440373 0.0739336
0.904658 0.0952422 9.9991E-05
0.981631 0.0182688 9.9991E-05
0.826943 0.00518049 0.167877
0.881367 0.118533 9.9991E-05
0.151164 0.326227 0.522609
0.0194727 0.389116 0.591412
0.0243009 0.146306 0.829393
0.0201813 0.333435 0.646383
