0.145584 0.686606 0.00689618 0.0451183 9.9991E-05 0.115695
0.0588592 0.422903 0.0333162 0.0174764 9.9991E-05 0.467346
0.160072 0.749411 0.0110727 0.0792442 9.9982E-05 9.9982E-05
0.0316672 0.707017 0.00217231 0.126782 9.9991E-05 0.132261
9.9973E-05 0.854048 9.9973E-05 9.9973E-05 0.0114578 0.134194
9.9982E-05 0.863338 0.00539557 9.9982E-05 0.0537973 0.0772693
0.00956417 0.440733 9.9991E-05 0.172354 0.0167209 0.360528
0.0200832 0.592676 0.0200779 0.139759 9.9991E-05 0.227304
0.110598 0.0996628 0.00585057 9.9991E-05 0.067338 0.716451
0.191217 0.422548 0.0180231 0.18875 9.9991E-05 0.179361
9.999E-05 0.0560544 0.0575331 0.375795 0.0360909 0.474427
0.164333 0.231131 0.0321373 0.200711 9.9991E-05 0.371588
9.9982E-05 9.9982E-05 0.0462521 0.661787 0.0572124 0.234548
0.0982805 0.0225452 9.9982E-05 9.9982E-05 0.11682 0.762154
0.125998 0.311809 0.0401503 9.9991E-05 0.0437043 0.478239
0.027126 0.151567 9.9982E-05 0.22155 9.9982E-05 0.599557
0.139624 0.191586 9.9982E-05 9.9982E-05 0.00865732 0.659933
0.0370899 0.590512 0.0341412 9.9982E-05 9.9982E-05 0.338057
0.520209 0.05217 0.0568809 0.125668 0.160074 0.0849981
0.612497 9.9973E-05 9.9973E-05 0.092402 9.9973E-05 0.294801
0.676112 0.0124156 0.0143547 0.00999524 9.9991E-05 0.287022
0.810935 0.0378186 0.00738918 0.117153 0.0266043 9.9991E-05
0.887672 9.9973E-05 0.0349785 0.0770492 9.9973E-05 9.9973E-05
0.800168 0.0899761 0.0338481 9.9991E-05 0.0107272 0.065181
0.657693 0.102657 9.9982E-05 0.0478224 9.9982E-05 0.191628
0.858754 0.132647 0.00829906 9.9973E-05 9.9973E-05 9.9973E-05
0.86782 0.0140586 0.0594457 9.9982E-05 0.0584759 9.9982E-05
0.822743 9.9982E-05 0.016068 9.9982E-05 0.0470243 0.113965
0.906258 0.0587608 9.9973E-05 9.9973E-05 0.0346809 9.9973E-05
0.836555 0.0540648 9.9982E-05 9.9982E-05 0.0784392 0.0307414
0.82013 9.9982E-05 0.00342163 9.9982E-05 0.0311497 0.145099
0.759541 9.9991E-05 0.0135381 0.0185088 0.0365494 0.171762
0.748021 9.9973E-05 0.0706116 9.9973E-05 9.9973E-05 0.181067
0.1233 0.380255 0.0634971 0.139341 9.9991E-05 0.293507
0.251956 0.411766 9.9991E-05 0.0521145 0.0274103 0.256653
0.109084 0.840986 9.9973E-05 9.9973E-05 0.0496309 9.9973E-05
9.99736E-05 0.896585 0.0244946 0.0786201 9.99736E-05 9.99736E-05
0.117096 0.352951 0.00335588 0.137051 0.0681466 0.3214
9.996E-05 9.996E-05 0.9995 9.996E-05 9.996E-05 9.996E-05
0.721972 9.9973E-05 0.0379056 0.239822 9.9973E-05 9.9973E-05
0.112955 0.767039 9.9973E-05 9.9973E-05 0.119706 9.9973E-05
0.123524 0.330033 9.9982E-05 0.110632 9.9982E-05 0.435612
0.26817 0.139443 0.0193157 0.223596 0.0832905 0.266186
0.0761051 0.000779 0.0353518 0.479991 0.143451 0.264322
0.0654247 0.0527546 0.017537 0.864084 9.9982E-05 9.9982E-05
9.996E-05 9.996E-05 0.9995 9.996E-05 9.996E-05 9.996E-05
0.167522 0.294373 0.070299 0.218114 0.027335 0.222357
0.0815553 0.0851472 9.9991E-05 0.416906 0.0649944 0.351297
0.334701 0.276366 0.0379606 0.10676 0.0897165 0.154496
9.9982E-05 9.9982E-05 0.023675 0.205645 0.696122 0.0743577
9.9982E-05 9.9982E-05 0.0322215 0.114724 0.73143 0.121425
9.9982E-05 0.0925691 0.00634659 9.9982E-05 0.777325 0.123559
9.9982E-05 9.9982E-05 0.0534215 0.194465 0.695265 0.0566492
0.0595193 0.0475016 0.0616837 9.9991E-05 0.781052 0.0501437
0.0869274 9.9973E-05 9.9973E-05 9.9973E-05 0.820374 0.0923985
9.9964E-05 9.9964E-05 9.9964E-05 9.9964E-05 0.685048 0.314552
9.9973E-05 9.9973E-05 0.0033381 9.9973E-05 0.727131 0.269231
0.0738003 9.9982E-05 0.00814452 0.0667136 0.851142 9.9982E-05
9.9991E-05 0.0749412 0.0347835 0.0375108 0.778225 0.0744393
9.9991E-05 0.0812018 0.0460998 0.243131 0.587391 0.0420766
0.0711513 9.9973E-05 9.9973E-05 0.152417 0.776132 9.9973E-05
0.0625854 9.9982E-05 9.9982E-05 0.143592 0.684892 0.108731
9.9982E-05 9.9982E-05 0.0639804 0.530248 0.300492 0.105079
0.748103 0.0850781 0.0240929 9.9991E-05 0.053985 0.088641
0.701545 0.0843168 0.0364722 0.00953009 0.0267853 0.14135
0.80527 0.17075 0.0236797 9.9973E-05 9.9973E-05 9.9973E-05
0.0748936 0.0640101 0.00512452 0.0994058 0.679909 0.076657
9.9982E-05 0.0332875 0.0648935 0.446469 0.45515 9.9982E-05
0.038268 9.9991E-05 0.00584726 0.071909 0.710159 0.173717
9.9973E-05 9.9973E-05 0.0545428 0.284193 0.660964 9.9973E-05
0.0669331 0.0975802 0.052956 9.9982E-05 0.782331 9.9982E-05
9.9982E-05 9.9982E-05 0.00774806 0.552329 0.106406 0.333317
9.9973E-05 9.9973E-05 9.9973E-05 0.668302 0.0326217 0.298776
0.0156804 0.0891536 9.9991E-05 0.698722 0.0887889 0.107555
9.9964E-05 9.9964E-05 0.0282225 0.971378 9.9964E-05 9.9964E-05
0.110773 9.9973E-05 0.0349746 0.853952 9.9973E-05 9.9973E-05
9.9973E-05 9.9973E-05 0.0166558 0.980669 9.9973E-05 0.00237568
0.115493 0.116299 0.0416498 0.61751 0.0281483 0.0808999
9.9973E-05 9.9973E-05 9.9973E-05 0.073303 0.637626 0.288771
9.9991E-05 0.21107 0.130457 0.267366 0.382789 0.00821852
0.0896965 0.0612701 0.0179669 0.124964 0.706002 9.9991E-05
0.108719 9.9991E-05 0.043626 0.0999586 0.740909 0.00668778
9.9973E-05 9.9973E-05 0.0178634 9.9973E-05 0.683159 0.298678
0.628008 9.9991E-05 0.00999681 0.138215 0.0202681 0.203412
0.107163 0.0464449 9.9991E-05 0.467175 0.283332 0.095785
9.9964E-05 9.9964E-05 9.9964E-05 0.959777 0.0398235 9.9964E-05
9.996E-05 9.996E-05 0.9995 9.996E-05 9.996E-05 9.996E-05
0.216992 0.573166 9.9982E-05 0.186791 9.9982E-05 0.0228513
0.138987 0.472856 0.0300315 0.0493642 9.9991E-05 0.308661
0.121946 0.140034 0.0264902 0.0763732 0.0400168 0.595141
0.1585 9.9991E-05 0.0438092 0.0919392 0.0623413 0.64331
0.0599867 0.648697 9.9991E-05 0.017143 0.0321574 0.241916
9.9973E-05 0.0558691 9.9973E-05 0.83618 0.107651 9.9973E-05
0.504798 0.330946 0.0412687 0.122331 0.000556447 9.9991E-05
9.9982E-05 0.107188 0.063308 0.670126 0.159178 9.9982E-05
0.256847 0.235689 0.0505281 0.381532 0.019645 0.0557586
0.122489 0.275068 0.0101073 9.9982E-05 9.9982E-05 0.592135
0.0454117 0.572558 9.9982E-05 0.252498 9.9982E-05 0.129333
0.0915414 0.262465 9.9982E-05 0.179658 9.9982E-05 0.466135
9.9982E-05 9.9982E-05 0.0206059 0.095026 0.0317188 0.852449
9.9973E-05 0.803913 0.00424748 0.191539 9.9973E-05 9.9973E-05
9.9964E-05 9.9964E-05 9.9964E-05 0.139143 9.9964E-05 0.860457
0.0027014 0.154051 0.00756203 0.669331 0.166254 9.9991E-05
0.0525538 0.0875114 0.0519935 0.574304 0.127118 0.10652
0.00563889 0.0942971 0.0832322 0.566113 0.195019 0.055699
0.11654 0.0109397 0.00964605 0.513527 9.9991E-05 0.349247
0.0564965 9.9982E-05 9.9982E-05 0.405387 0.0741255 0.463791
0.382548 0.164027 9.9982E-05 9.9982E-05 0.0546162 0.39861
9.9982E-05 0.109579 0.0174215 9.9982E-05 0.746496 0.126303
0.0609252 9.9991E-05 0.0366569 0.244589 0.65678 0.000948584
0.131511 0.0449208 9.9982E-05 0.711776 0.111592 9.9982E-05
0.0947954 0.000293421 0.039358 0.400689 0.147767 0.317097
0.238806 0.140117 0.053623 0.465501 0.101854 9.9991E-05
0.741424 0.0251728 9.9973E-05 0.233103 9.9973E-05 9.9973E-05
0.0574272 0.0172018 0.0323808 0.306577 0.586314 9.9991E-05
0.0789727 9.9982E-05 9.9982E-05 0.128975 0.657841 0.134012
9.9982E-05 0.168609 9.9982E-05 0.349628 0.466041 0.0155222
0.450905 0.427931 0.0392076 0.0418043 0.0400523 9.9991E-05
0.230234 0.524607 9.9982E-05 9.9982E-05 0.0211538 0.223805
9.9991E-05 0.396393 0.0175361 0.0718268 0.0308241 0.48332
0.0723796 0.688982 9.9982E-05 9.9982E-05 0.100319 0.13812
0.38377 0.455552 9.9973E-05 9.9973E-05 9.9973E-05 0.160377
0.151918 0.550024 9.9991E-05 0.0691317 0.0167355 0.212091
0.0981867 0.674876 9.9982E-05 9.9982E-05 0.0212518 0.205486
9.9973E-05 0.544667 9.9973E-05 9.9973E-05 0.0276277 0.427406
0.343246 0.442064 9.9982E-05 0.090524 9.9982E-05 0.123966
0.0623076 0.0503546 9.9982E-05 0.0329327 9.9982E-05 0.854205
0.0240085 9.9973E-05 0.0195912 9.9973E-05 9.9973E-05 0.9561
0.015596 0.136978 0.0160983 0.0464802 9.9991E-05 0.784748
0.224875 0.216231 0.0218759 0.157378 0.0697129 0.309927
9.9991E-05 0.0938034 0.0227282 0.0275179 0.0228991 0.832951
0.179839 0.0160125 0.00678636 0.166008 9.9991E-05 0.631254
0.0285575 0.42851 9.9982E-05 0.0661458 9.9982E-05 0.476587
0.78683 9.9973E-05 9.9973E-05 0.185575 9.9973E-05 0.0272951
0.879845 0.119755 9.9964E-05 9.9964E-05 9.9964E-05 9.9964E-05
0.88527 9.9973E-05 0.0307302 9.9973E-05 9.9973E-05 0.0837002
0.741669 0.0503741 9.9991E-05 0.0148655 0.0930766 0.099915
0.781377 0.0649115 0.00290367 0.150608 9.9982E-05 9.9982E-05
9.9991E-05 0.554245 0.0105014 0.178242 0.0449631 0.211948
0.12333 0.836274 0.00790528 0.0322907 9.9982E-05 9.9982E-05
9.9973E-05 0.0060789 9.9973E-05 0.107652 0.885969 9.9973E-05
0.0411324 9.9982E-05 0.0525241 9.9982E-05 0.767952 0.138192
0.0662445 0.0866708 0.0179147 9.9982E-05 0.82897 9.9982E-05
0.0140557 0.0888427 0.00719602 0.254177 0.572943 0.0627854
9.9982E-05 0.0768763 0.0181652 9.9982E-05 0.828555 0.0762039
0.17315 9.9982E-05 0.00153594 0.0590695 0.766044 9.9982E-05
9.9982E-05 0.120358 0.0166158 0.0394267 0.823399 9.9982E-05
0.11427 0.05408 9.9982E-05 0.042671 0.788779 9.9982E-05
0.111468 9.9973E-05 9.9973E-05 0.0822962 0.805936 9.9973E-05
0.111688 0.0111233 9.9982E-05 0.0863397 0.790649 9.9982E-05
9.9982E-05 0.0310855 0.0508222 0.145679 0.772213 9.9982E-05
0.052988 9.9991E-05 0.0435523 0.0574497 0.722682 0.123228
0.047202 0.165374 0.00799495 9.9982E-05 0.779229 9.9982E-05
0.0453188 0.0980112 9.9982E-05 9.9982E-05 0.843625 0.0128449
9.9982E-05 0.113371 0.00832255 0.0988216 0.779285 9.9982E-05
9.9973E-05 0.147287 0.0292527 9.9973E-05 0.82316 9.9973E-05
0.113425 0.040567 0.0145881 0.00943559 0.821884 9.9991E-05
9.9973E-05 9.9973E-05 9.9973E-05 0.750173 0.0838641 0.165663
0.0135551 0.0605735 9.9982E-05 0.875684 9.9982E-05 0.0499871
9.9973E-05 0.140887 9.9973E-05 0.0596801 0.799133 9.9973E-05
9.9982E-05 0.282957 0.0221246 9.9982E-05 0.678143 0.0165757
9.9973E-05 9.9973E-05 0.000235736 0.236471 0.762994 9.9973E-05
9.9982E-05 0.120834 9.9982E-05 0.679087 0.100958 0.0989216
9.9982E-05 0.805014 0.00141306 0.0280551 9.9982E-05 0.165318
0.178645 0.597018 0.00624147 9.9982E-05 9.9982E-05 0.217896
0.408047 0.223284 9.9982E-05 0.205241 9.9982E-05 0.163227
0.548808 0.0122927 0.00520714 0.0510361 9.9991E-05 0.382556
0.722614 0.0772145 9.9982E-05 0.191641 0.00833084 9.9982E-05
0.854871 9.9982E-05 9.9982E-05 0.126445 0.000381577 0.018102
0.641569 0.217617 0.0244702 0.0104968 9.9991E-05 0.105748
0.588162 9.9982E-05 0.0235309 0.0585255 9.9982E-05 0.329581
0.659565 9.9991E-05 0.027844 0.207481 0.0266464 0.0783635
0.745587 0.121176 0.062006 9.9982E-05 0.0710316 9.9982E-05
0.0562418 0.746971 9.9991E-05 0.0415783 0.000472604 0.154636
0.0239876 0.747687 0.0614236 0.0415931 0.0418024 0.0835066
9.9982E-05 0.740865 0.0495337 0.166667 9.9982E-05 0.0427346
9.99731E-05 0.887732 0.00292963 0.109038 9.99731E-05 9.99731E-05
9.9982E-05 0.796479 0.0220755 0.0107929 9.9982E-05 0.170453
9.9973E-05 0.726155 9.9973E-05 0.238988 9.9973E-05 0.034557
0.15015 0.186126 0.0211052 0.130369 9.9991E-05 0.51215
0.0324887 9.9991E-05 0.0104494 0.100348 0.0386498 0.817964
9.9982E-05 9.9982E-05 0.0363659 0.0286769 0.0112874 0.92347
0.0286112 0.154931 0.0323555 0.0208285 0.0236226 0.739651
9.9982E-05 0.137441 0.0324593 9.9982E-05 0.0484058 0.781494
0.565546 0.0409177 0.155473 9.9991E-05 0.0656525 0.172311
9.9982E-05 9.9982E-05 0.0252683 0.195013 0.706236 0.0732823
0.0727987 0.0453561 0.0488341 0.0652454 0.767666 9.9991E-05
0.0410722 9.9982E-05 9.9982E-05 0.0656549 0.823954 0.0691185
9.9991E-05 0.0738548 0.0122154 0.151313 0.68499 0.077527
0.0572595 0.143365 0.0190744 0.0440167 0.736184 9.9991E-05
0.261332 0.0526273 0.0221704 0.141709 0.0965148 0.425646
0.212386 0.262819 0.0395046 0.0477046 0.00818959 0.429396
9.9973E-05 0.0476351 0.0793573 9.9973E-05 9.9973E-05 0.872708
0.191705 0.234315 0.0490071 0.158957 9.9991E-05 0.365916
