0,21.60624964258,21.6054572632999,23.9051282355154,29.0749663493498,28.0896312792985,32.1402709797746,29.0682000196225,57.9598761999811,58.4971515086518,82.0296535221779,58.3866598174731,57.9018266720747,58.5041800797233,56.0613778392274,57.1792174522099,53.4485537477078,56.2367528503705,54.7080937900007,54.7664297220937,46.1876360220695,47.0881707356493,46.2706956969934,57.5361507594479,79.2009420275214,83.3069536285806,57.4344262455211,57.1141516755887,55.2137878681098,54.6856000419455,54.1877804000509,58.1571373344199,64.574278463055,47.8007568215705,57.027240686833,56.5216504075381,58.5346440220535,71.6919578880582,71.7700393147646,72.8165602671419,71.1028296463717,71.5880266279838,71.140277701098,71.6216078480395,75.6962917650038,75.2988432900965,76.9768201634477,75.2194527964759,77.7004937115775,75.7616392326032,75.4004178858258,51.6969140635255,50.5876278735923,52.0202494763686,51.2880953574918,52.9202997673813,51.2325616288028,50.7077552419384,38.8935633615266,43.830645703356,43.0662565864465,42.0133600766642,41.1607755442364,67.1534846330492,41.1801122458959,52.8418057878369,79.837172039351,79.8624579491186,78.9122018678665,78.1388378027107,74.2033606549614,73.7130677116266,75.6220704464127,75.0965978313779,73.5713511694523,51.405599795325,52.1671505584192,58.6695451800289,45.7606193347013,42.2879187815712,54.6657173075284
21.60624964258,0,23.904624347051,21.6056486125009,23.9049798614332,29.0713044902887,32.6339843359694,28.0894825153935,57.4164873279724,57.9592038101128,82.4022263326745,57.863725514323,57.371605665869,57.9722617121852,56.5953136388078,57.660631247139,53.328187573991,56.1423042926204,54.5843400631706,54.6802728823689,46.9041049515247,47.8602200251913,47.0555394761717,57.7078439241195,79.6752099813338,83.7679414146466,57.4521872405038,57.1796855236359,55.8152409341657,54.1827122432825,53.677818428232,57.6602898717535,65.044531865531,48.6161157649245,57.4882055158325,56.985728672503,58.0279584084101,72.0934264797602,72.1741940637752,73.2178609768977,71.4881920317422,71.9727183773913,71.522664826115,72.0034473339057,76.0819085006725,75.6895377701475,77.364391016413,75.608062263814,78.0888151245858,76.1492731434312,75.7931787884452,51.885641029214,50.8011865413158,52.2573818780047,51.3754761590756,53.3454042992475,51.6516246168805,51.0897257645366,39.8673468089014,44.7258725228084,44.0726365763883,43.0542996358628,42.3537045175959,66.9775253821761,40.8839175032967,52.753751689958,80.2556963284982,80.2845367645436,79.3327022480304,78.5577033879509,74.5755421441592,74.0854993784533,76.0036233180518,75.4788722532291,73.9341816330547,51.599975190657,52.3727071578046,59.0456960844161,46.2270427474003,43.5503062614242,54.0656343942589
21.6054572632999,23.904624347051,0,29.0724723643205,31.3680753784418,21.6052501017726,28.0888535553263,23.9026672643484,58.1032813149697,58.6287684604578,81.7652689645745,58.6266221417071,58.1330113037308,58.6946339023754,55.8500336448324,56.9158038957647,54.1556853379518,56.9243898910374,55.4000546002448,55.4666108960305,46.8708767581507,47.6082338158289,46.8623098211534,57.0858998399874,79.042353045969,83.131160540585,56.9727042882076,56.6451602593193,55.1449403070435,54.4623698545714,53.9519140935134,58.0593268996173,64.3918824419314,48.1291969335961,56.7342557596049,56.2200475106087,58.8243055607269,71.4479795278158,71.5287381183159,72.5736493070389,70.8433101305443,71.3285765716651,70.8782286692164,71.3597325155121,75.441156056713,75.0479868154071,76.723966824408,74.9666921745192,77.4485452829636,75.508308457551,75.1514761047526,52.4287714274963,51.3385587528606,52.7334344993741,52.0444198312777,53.5299305960581,51.8818579367324,51.3922793958858,37.2904819974308,44.5891721672789,43.7967291738686,42.885886207367,41.9920062040336,67.7923652469638,39.7155997470691,52.2712349378485,79.6138004176925,79.6426706377744,78.6907147572067,77.9155918354083,73.9359465722272,73.4454792631647,75.363377811928,74.8382258200777,73.296080856287,50.7779974158175,51.5743085906828,58.3268843692149,44.864205990513,42.3545317156868,54.7967861030691
23.9051282355154,21.6056486125009,29.0724723643205,0,21.60639148615,32.636141315046,35.3495257828002,32.1417833998922,57.2772731519104,57.8324029109959,82.6786106579006,57.6176437676015,57.1354996951561,57.7807778198939,56.8248646674704,57.9360221906492,52.5806909871549,55.4207323975735,53.8544282554992,53.9448568453782,46.3111021163535,47.4360293199396,46.5670990034481,58.1526927942097,79.8551752570527,83.9636056357634,57.9120703675992,57.6444961727371,55.9174299106596,54.4383471469687,53.9480248553971,57.7791974376087,65.2464148150597,48.3797692629865,57.7897950619519,57.2949447524443,57.7268745536701,72.3511939062226,72.4295266485072,73.474662309311,71.7600907933583,72.2445592273384,71.796865206196,72.2774953111551,76.3498498437237,75.9535809050676,77.6302579414871,75.8738388966122,78.3538595677987,76.4155710395882,76.055478900308,51.1448024281302,50.0426817569897,51.542863461875,50.5948515453412,52.7638255383186,51.0293474436558,50.4257031574415,41.1186355976982,44.1100044527152,43.5164800173921,42.3777486671333,41.7670492362892,66.3045342031868,42.2569014125639,53.3191129499846,80.4947157480889,80.520291876389,79.5700054896399,78.7966084454546,74.8546579259603,74.3647698625811,76.2748037525742,75.7497581231837,74.2204507073955,52.1973033688139,52.9398252157668,59.3916951801378,47.0246653632489,43.6330789098892,53.9452507289362
29.0749663493498,23.9049798614332,31.3680753784418,21.60639148615,0,33.9226781386628,36.1580223812559,32.6356880588169,56.7159393509785,57.2776398160821,83.0465969644963,57.0772211843976,56.5867901066181,57.2312122447637,57.3422365456315,58.4032485877053,52.5055819247127,55.3710918090545,53.7735807438649,53.9059721220949,47.1004371052443,48.2447540416302,47.4006171603899,58.3299266771145,80.323429800418,84.4185270447545,57.9444903916071,57.7226024173789,56.505718607294,53.9438823999178,53.4479966373384,57.2791949866788,65.7092088006856,49.1967035822078,58.2369816450619,57.7444540249173,57.2043054005041,72.7470652738285,72.8280328660259,73.8704418687559,72.1402022085169,72.624053158787,72.174085436862,72.6542170094972,76.73043424429,76.3391042640815,78.0127782305386,76.2573260784599,78.7371252147577,76.7981232999829,76.4430219872359,51.4066124715301,50.3353213867163,51.852256227128,50.7533131744512,53.250986202559,51.5175016378522,50.8822136851752,41.9630182567448,45.0794105328174,44.5744534475921,43.5027868581302,43.0033197088777,66.1609966971246,42.1808582808017,53.26319898329,80.9075545878396,80.9366255423951,79.984780154108,79.2097686604198,75.2221273733503,74.7324631977659,76.6514283235163,76.1270690903479,74.5788331603521,52.4033528235232,53.1541161030036,59.7596903319048,47.4738964997266,44.7675088081508,53.3196357655373
28.0896312792985,29.0713044902887,21.6052501017726,32.636141315046,33.9226781386628,0,21.6050678303383,21.6058553034732,58.2628962404006,58.7764752160017,81.5157653305352,58.8776334003873,58.3761873703601,58.8986440552141,55.6640790279459,56.673287588422,54.8330793379313,57.5846564124232,56.0640644304937,56.1379575178849,47.5513489709375,48.1485530729703,47.4684986356073,56.635760012176,78.9038158540529,82.9747631782844,56.5081390767796,56.1730499670089,55.1060967274712,54.2596980329373,53.737145462689,57.9804260556414,64.229578076271,48.4990997011239,56.4602855184293,55.9374967171075,59.1218943389717,71.2203170831967,71.3038959556736,72.3470550276076,70.5992438586073,71.0845532987549,70.6314763761758,71.1131344980525,75.2015408553189,74.8129105592247,76.4867412799251,74.729603437422,77.2122659339385,75.2706025656525,74.9184220426384,53.1296531049829,52.056284789376,53.4185643009026,52.765609763964,54.1263801126603,52.5139437133102,52.0547595605096,35.5822528904047,45.3541297527596,44.5529442026421,43.7657348902368,42.8625412488889,68.4090269411486,38.0518042060063,51.6861777908694,79.4076546765774,79.4402926472714,78.4865554478033,77.7095891143347,73.6833487543294,73.1927134715579,75.1199960370264,74.5951977413912,73.0351419413148,50.131576401648,50.9673988462977,57.997072269869,43.9247327077023,42.5765189954808,54.9500943317627
32.1402709797746,32.6339843359694,28.0888535553263,35.3495257828002,36.1580223812559,21.6050678303383,0,23.9038003693403,58.4372764735258,58.9389042986632,81.2804881716019,59.1382431466402,58.6298360107109,59.1147597296113,55.5035375819711,56.4518144057413,55.48345064533,58.219908751236,56.7025703287875,56.7830448845801,48.2228625863318,48.7005591452908,48.0801581222431,56.1846185634345,78.7843896406672,82.8368857206045,56.0392540301925,55.6963088559234,55.0960363423479,54.0783503952341,53.5444532754982,57.9200649149216,64.0865994295514,48.9017581903982,56.2055994315215,55.6743958069219,59.4260713290364,71.0083119149008,71.0948478478671,72.1361093904171,70.3700053833378,70.8553272884394,70.3993987466938,70.8811875550759,74.976788867334,74.5929511852764,76.2644790798267,74.5075268519591,76.9909882350046,75.0478610646174,74.7005885675645,53.802235417312,52.7437929768098,54.0777729252259,53.4551668862488,54.7092795556946,53.1288382426271,52.6959812330724,33.9193236129435,46.1124484277673,45.3152404065121,44.632930421937,43.7400574694515,69.0051294952854,36.1341387991338,51.0838541613372,79.2180060471412,79.2545861779581,78.2989910320293,77.5201017814966,73.444932625905,72.9541382500027,74.8912736407459,74.3668634087493,72.7879100604047,49.4631193557067,50.3439631413938,57.6800354319912,42.9421987222558,42.9353001114005,55.1237410036902
29.0682000196225,28.0894825153935,23.9026672643484,32.1417833998922,32.6356880588169,21.6058553034732,23.9038003693403,0,57.7470934762745,58.2644585684792,81.8948478130472,58.3906525898448,57.8818364134648,58.3984597512775,56.2095421101258,57.171075604576,54.7249265317497,57.496872619311,55.9522324637596,56.0576600919196,48.1258144593142,48.7984923672963,48.1142303128397,56.8224303645675,79.375812240698,83.4351706597562,56.5266584314121,56.2442415250387,55.6983995939723,53.7327565642155,53.1998517654455,57.4815780554762,64.7010354079707,49.2234562666703,56.9411062653957,56.4233956052149,58.654245003731,71.627374777777,71.7134263203884,72.7537553084123,70.9913894195589,71.4759602838324,71.0208107163458,71.5018466221161,75.5932442329975,75.2094165589726,76.8801890505398,75.1241614454805,77.6063790797885,75.6641966731889,75.3168541302729,53.2786638291925,52.2242825632602,53.6090564880824,52.8297153761307,54.4832314148497,52.8604476095182,52.3666669976894,37.2930000553253,46.0485473480036,45.3372914665328,44.5398624941332,43.7573855444729,68.2502251516066,37.5069979399259,51.5813412335314,79.8298215375812,79.865724951073,78.9105553178629,78.1321051591659,74.0624995332588,73.5721635812685,75.5078772298085,74.9838083350454,73.4054417373839,50.3623404459567,51.2075656680018,58.393261604644,44.5529026003357,43.7724158626269,54.3798508148584
57.9598761999811,57.4164873279724,58.1032813149697,57.2772731519104,56.7159393509785,58.2628962404006,58.4372764735258,57.7470934762745,0,21.6093287983568,94.4351351834903,39.050109558959,37.3935871953993,32.670794599409,70.3993873665675,71.0068510934897,59.5531094439342,62.196222929569,60.3888165988156,61.140592192288,62.6461524494081,63.7311390904508,63.1110832189007,68.0699110869671,92.7751474708227,96.733974188651,65.8856905608965,66.3382227047334,70.1418960492521,52.9063802176652,53.0510203341663,49.5893323498713,78.1255124617721,64.6329151687138,70.6801397908497,70.2348786129493,43.4168402361988,84.4505975187498,84.5593486282037,85.5702596559883,83.6769482127308,84.1524487893815,83.6794749042475,84.1525126190641,88.2617118045442,87.9244682220555,89.5636799393793,87.8207553515627,90.295528573058,88.3506910422676,88.0500869694221,62.6348172801381,62.0417273207173,63.4726257638705,61.099537202234,66.345641032616,64.7156343387948,63.887282939601,60.2494454915235,61.7699272156054,61.6963049350021,61.1076306604954,61.0743065027905,70.6438978974404,58.362753115233,61.7937080274003,92.7835031819259,92.8496895227134,91.8814854670428,91.0895373973248,86.6125336434646,86.1263930577946,88.1396871174345,87.6235870575324,85.8701257575425,63.8009356414866,64.3870398852122,71.4048543313764,62.0582466688768,62.2241169004251,38.6454833373892
58.4971515086518,57.9592038101128,58.6287684604578,57.8324029109959,57.2776398160821,58.7764752160017,58.9389042986632,58.2644585684792,21.6093287983568,0,94.8132351299452,40.0550016862411,38.7040111294796,33.9658711082625,70.8235997385077,71.4160794000105,60.2330659869677,62.8710827884649,61.0697643968437,61.8137401689627,63.1982794630606,64.265477739881,63.6513802156552,68.3947843582336,93.1909246670507,97.1445528765915,66.1639035095252,66.6341363152355,70.5928971810225,53.0749523401285,53.2470730262458,49.4338834101785,78.5378280015095,65.1460887346556,71.0831749386835,70.6384166695772,44.2224037777105,84.8388557909854,84.9485757382807,85.9585129346914,84.0594465504081,84.5347285271557,84.060924509662,84.5337852597642,88.6444247475073,88.3089908938152,89.9471106735366,88.2045299341068,90.6792366855801,88.7341264623002,88.4353525537737,63.2558890516395,62.6588244271528,64.0847977087625,61.7385623112598,66.9204445252901,65.2949457440811,64.4746302594988,60.7221470550509,62.316793704779,62.2366952889912,61.654222423796,61.6137869280558,71.3331055296055,58.8173775046576,62.1014868144192,93.1781523559086,93.2456405408917,92.2768513282371,91.4842976654982,86.9904449347055,86.5043864129707,88.5209481118938,88.0050970607801,86.2447275882921,64.166750790773,64.7490350189509,71.784354008873,62.4838640030804,62.7243680968935,39.966403447174
82.0296535221779,82.4022263326745,81.7652689645745,82.6786106579006,83.0465969644963,81.5157653305352,81.2804881716019,81.8948478130472,94.4351351834903,94.8132351299452,0,95.5021891659676,95.005044030563,95.2670055034368,70.3961646237119,69.1635529730623,92.1082935889912,94.5771268595517,93.2534915527374,93.1737246566178,82.1973907078773,81.0679170264452,81.3839090708411,74.9167228724473,77.1870003920475,78.110729104041,79.2196973810458,77.9139883698366,72.9421586987598,88.4469872982127,88.0691780157933,92.1816834330146,65.3092897095562,79.4400021824467,69.3250604492801,69.7821476673985,95.9535673294206,54.3288481806071,54.671568336843,53.3502480467473,53.8486254535879,53.1467990391204,53.7952725554415,53.0958822323547,46.8790201520379,48.6418630405886,45.8095242617819,48.215749975864,45.5556839109872,47.2683595277107,49.1373364861427,88.8800301988308,87.8984972197137,88.7063345024836,89.2942383778653,87.132735617472,86.2120560942175,86.3836893255902,79.6792349989141,81.577477303793,81.1551522759854,81.5019890094338,81.1133028473659,105.537844044315,81.2526495070068,80.6696871592547,61.3085467360751,62.7374009801972,61.3001124350712,60.0388114428355,49.4423116887654,50.2463853885982,46.3765024988873,47.4071747189235,51.8498145959937,77.1253791935207,76.6487175722,68.7109998062123,77.9781313980345,79.0101815349343,91.640635622393
58.3866598174731,57.863725514323,58.6266221417071,57.6176437676015,57.0772211843976,58.8776334003873,59.1382431466402,58.3906525898448,39.050109558959,40.0550016862411,95.5021891659676,0,21.6127812569139,31.4158388536733,71.205486158829,71.9133614833115,57.5907760873234,60.1628189117531,58.3213659037938,59.2041897180307,62.4907979040211,63.721774211951,63.0644836573365,69.5172226344988,93.5982425083888,97.5920525700289,67.603864555937,67.9625466122939,70.7474337534612,55.933474031167,55.9767206043724,53.7601280936501,78.9782130095111,64.8046066846081,71.6319907393931,71.1877941289807,31.4466370497675,85.4559572793595,85.5584568628956,86.5751108333388,84.7192950518272,85.1958683986084,84.7284073157055,85.2022540286603,89.3007651738816,88.9522062573552,90.5979502652662,88.8532389238183,91.3279391099007,89.3851784144706,89.073100504314,61.5687873589325,61.0627319294429,62.5101691156027,59.8235790304129,65.8190225666151,64.162373473457,63.2535629644727,61.024685136117,61.7243076826585,61.7269449212687,61.1112491245822,61.1586249728635,68.0451334045783,59.4430551242824,63.5064937979638,93.746153532997,93.8039471812957,92.8395600292087,92.0515619875519,87.682081625991,87.1956148817288,89.1878815423048,88.6703599862579,86.960391575861,65.123503366044,65.7123950145751,72.5029170075393,63.0732694355679,62.6264416427096,43.8027082098485
57.9018266720747,57.371605665869,58.1330113037308,57.1354996951561,56.5867901066181,58.3761873703601,58.6298360107109,57.8818364134648,37.3935871953993,38.7040111294796,95.005044030563,21.6127812569139,0,29.1017214065489,70.7265629172409,71.4259006791459,57.4576011121648,60.0517378358106,58.2104599005773,59.0734294105464,62.1020013542093,63.3184857236257,62.6638437924546,68.9860666064335,93.1213343183476,97.1121257106074,67.0534682951909,67.4180344683475,70.287460352232,55.250538188033,55.2953752782989,53.0575390237351,78.498205597382,64.3825241003365,71.1403493073298,70.6956858691025,34.0380696272656,84.9635759855112,85.0665917986962,86.0828183340932,84.2238756880419,84.7003894416758,84.2324599726259,84.7062684035755,88.8057813897085,88.4581258403369,90.1033744893193,88.3587736056386,90.8335229499215,88.890563477189,88.5794043270297,61.3046060052955,60.7840787956159,62.2327288568045,59.5860712386867,65.4852018523412,63.8301175853685,62.9307113382355,60.5218073534757,61.3185511948078,61.3116288618603,60.6964078925199,60.7339460165368,68.0447622790677,58.9005279830171,62.9426769483697,93.2574281787767,93.315914635932,92.3512084994409,91.5628803718253,87.1846218890347,86.6981647525494,88.6921624368326,88.1747423981085,86.4612761368464,64.5910989782553,65.1815543839752,71.9998204468489,62.5581328854128,62.1710213329252,42.4894356933741
58.5041800797233,57.9722617121852,58.6946339023754,57.7807778198939,57.2312122447637,58.8986440552141,59.1147597296113,58.3984597512775,32.670794599409,33.9658711082625,95.2670055034368,31.4158388536733,29.1017214065489,0,71.1105543208162,71.7654247704517,58.9222558614278,61.529247710849,59.7058006193398,60.5216887972557,62.8983504135517,64.0535622694077,63.4158738203992,69.0829730513656,93.4924857981448,97.4678040958386,67.0251447550236,67.4344756536552,70.7574559459657,54.7396714253537,54.8368988579455,51.9712833339512,78.8571087627915,65.042546292794,71.4603107985505,71.0157705457345,38.8326634006562,85.2537200682778,85.3595368792161,86.3731144938408,84.4974226681059,84.9734083965916,84.5030308820826,84.976430146956,89.0805362527463,88.7380013381546,90.3802511559774,88.6365114194317,91.1112230823463,89.1673775830581,88.8614063513633,62.4422348760812,61.8919634021019,63.330440767114,60.8047741054717,66.4154739880958,64.7728605818367,63.9055335352535,60.9582968647567,62.0764411820754,62.0400954743746,61.4389348443078,61.4450543646459,69.6969278859682,59.2255153565231,62.9430380490701,93.5665022252839,93.6287501504566,92.6623395819532,91.8722475521654,87.4456451938115,86.9593627421762,88.9627896994568,88.446032554232,86.7129276111098,64.7632453404627,65.3494327925179,72.2535004033131,62.8785394722997,62.7481600594196,41.8561474744012
56.0613778392274,56.5953136388078,55.8500336448324,56.8248646674704,57.3422365456315,55.6640790279459,55.5035375819711,56.2095421101258,70.3993873665675,70.8235997385077,70.3961646237119,71.205486158829,70.7265629172409,71.1105543208162,0,35.342765001734,66.330995928973,68.7682562323772,67.4949136730465,67.3401099559369,54.9929203882725,53.4932320111433,53.9581906922462,55.2642196450479,65.5367892671082,69.6771843150383,58.9846854761134,57.7223727729218,40.9851052431574,65.2373112359812,64.8230259094498,68.9138071896388,49.3993890478595,51.2978444681965,39.1850426635035,39.3196645917893,71.5188598077078,58.9554479247521,58.9611720818528,60.1432489289129,58.841513166487,59.3729181955175,58.9825289158506,59.5046385579596,63.5827603206829,63.0204482786274,64.8255249400811,63.002805722333,65.5363112127338,63.5868733664102,63.0622880146721,62.5098224271462,61.4920435616249,62.2359217740509,63.1187675447071,60.2293966693518,59.3586373380179,59.6300467246905,53.5055082118988,54.3985231164299,53.9207545727162,54.4441491042179,54.0171038973583,79.9300398020018,56.2084566061259,58.2040953669299,66.8637230740225,66.8070085171152,65.8866377292719,65.1445350178606,62.4986428051005,61.9884195228248,63.6356328168931,63.0761019936801,62.1834976506768,53.4841572438919,53.2565954623989,47.2780439786848,52.1385523967907,51.3337496349801,67.5273559905096
57.1792174522099,57.660631247139,56.9158038957647,57.9360221906492,58.4032485877053,56.673287588422,56.4518144057413,57.171075604576,71.0068510934897,71.4160794000105,69.1635529730623,71.9133614833115,71.4259006791459,71.7654247704517,35.342765001734,0,67.662556022838,70.1233286563081,68.8214095087717,68.7042412794025,56.9459703285909,55.6317780101816,56.0008674842699,53.9776690009585,66.217681299103,70.0258435019167,58.2356594187561,56.8578319680465,45.8812847689322,65.5088774376541,65.0990237102427,69.2484690182066,49.7434195594315,53.6734150927555,29.0651848738632,31.3576369387069,72.2804603733958,57.9112076109512,57.9694134926348,59.1491668320648,57.5068632698283,58.0589639921967,57.6105739687975,58.1548887804994,62.4360425247468,61.9362854055365,63.7298877519917,61.8866275100069,64.4613881318742,62.4694575325037,62.0110341497098,64.1481966244815,63.1400869419356,63.9348523831681,64.6456406641984,62.20601819878,61.2771369325578,61.4798450678794,54.4529380280523,56.2501865573961,55.7568297818803,56.1897553613751,55.7382893381699,81.1934378344185,56.8227342725558,57.9607485942357,66.2864444160947,66.2963258807739,65.3426376247194,64.5659379067038,61.1468050871568,60.622954405017,62.4333756407564,61.8703071320799,60.7211458887009,53.0926450977522,52.7184071062954,43.4164662904223,52.6288252356507,53.0947914131415,68.1451324355665
53.4485537477078,53.328187573991,54.1556853379518,52.5806909871549,52.5055819247127,54.8330793379313,55.48345064533,54.7249265317497,59.5531094439342,60.2330659869677,92.1082935889912,57.5907760873234,57.4576011121648,58.9222558614278,66.330995928973,67.662556022838,0,29.3201976700915,21.6500327931324,23.9776974236451,51.4123494461768,53.5931691112611,52.7742774628323,68.5122569113258,88.6778716140475,92.8952682712298,68.1075174136203,67.9621401809348,64.537202232576,62.395825842479,62.0996800053487,63.8854266341469,74.2702074658361,55.9385829178612,67.6756182780407,67.2527788396091,56.3112459080699,81.6894015665116,81.7529396780872,82.8036546656155,81.1825628939975,81.6647830305926,81.2321149436781,81.7099885780374,85.7376729180273,85.3196950072388,87.0045746625622,85.2500584726369,87.7227511678065,85.7939187952559,85.4113489945883,41.2038274592676,41.8064894733368,43.2612757633947,36.803753532593,50.7542358660797,48.9917839287212,47.4042852460305,57.1847621351331,51.8426664798078,52.4788998493938,51.8688675676521,52.5491567629033,46.1981398744744,57.7103575063488,64.2016298476605,89.7083865075121,89.7138226342869,88.7733979711154,88.0101960523849,84.3074948199226,83.8195980392908,85.6810651648159,85.1552479307886,83.712888248906,63.6893006912177,64.2444600136832,69.4169132857158,60.189354130907,55.9465066601573,57.4387196073312
56.2367528503705,56.1423042926204,56.9243898910374,55.4207323975735,55.3710918090545,57.5846564124232,58.219908751236,57.496872619311,62.196222929569,62.8710827884649,94.5771268595517,60.1628189117531,60.0517378358106,61.529247710849,68.7682562323772,70.1233286563081,29.3201976700915,0,24.0053292264551,21.675378028614,53.7374121832351,55.8896402479296,55.1064735618809,71.0803746786313,91.0815101015805,95.3093961486806,70.7098344533551,70.5556323832393,66.9059751630978,65.0974901764919,64.8047088974933,66.5649112199748,76.6885259641957,58.2671376572635,70.1500013589002,69.7306519600031,58.8239789376393,84.1448696309113,84.2067823536848,85.258592551468,83.6474790573875,84.1297435022779,83.6986032563506,84.1764588560661,88.2004165006475,87.7797440732519,89.4659660561662,87.7112868626623,90.183608028165,88.2555398502841,87.8702147962261,42.2433081903823,43.3832980118007,44.2330454165713,38.6330526036627,52.2498562422241,50.6187825313291,49.0298456676192,59.8448501280663,54.3136861376381,54.9786890089009,54.4223099076893,55.1188485178546,42.3000719251407,60.4247123787329,66.8399136265802,92.151558015368,92.1547921717326,91.2154046201687,90.4532753120994,86.7778161478055,86.2899689518159,88.1460296904829,87.6199697982969,86.1881314905235,66.2877983934703,66.8353892292226,71.9182440655274,62.8016479250092,58.4873156274439,60.1592723495574
54.7080937900007,54.5843400631706,55.4000546002448,53.8544282554992,53.7735807438649,56.0640644304937,56.7025703287875,55.9522324637596,60.3888165988156,61.0697643968437,93.2534915527374,58.3213659037938,58.2104599005773,59.7058006193398,67.4949136730465,68.8214095087717,21.6500327931324,24.0053292264551,0,21.6414889350992,52.6779740183951,54.8253372693673,54.0225467440488,69.6408725307429,89.8326764424902,94.0489408450449,69.2180162075969,69.0792948925057,65.7066268321011,63.4240329468549,63.1337615898677,64.8533839622846,75.4253352167449,57.1518943961227,68.8328089847898,68.4105570953208,56.9686207135602,82.8376769922722,82.9014724548238,83.9518696188402,82.3292792378096,82.8114080825484,82.3785312262482,82.856325851412,86.8842607315781,86.4667980708516,88.1513372557022,86.3969553870141,88.869579889732,86.9407074136297,86.5586553991279,42.2555103039189,43.0334909694824,44.2503813694028,38.2556631630193,51.8213215831187,50.1118284489511,48.5433419932557,58.3894269833945,53.1272570682483,53.7571802632498,53.1641727316817,53.834019625307,43.9120649427312,58.8853990033559,65.3164538252095,90.8581692292512,90.8639451747317,89.9233734602099,89.1600191870688,85.4527563796499,84.964899647736,86.8272455892389,86.3015122940141,84.8572024700024,64.8328369915875,65.3867906886672,70.5654673857526,61.3631826603627,57.1781417679344,58.3491832904745
54.7664297220937,54.6802728823689,55.4666108960305,53.9448568453782,53.9059721220949,56.1379575178849,56.7830448845801,56.0576600919196,61.140592192288,61.8137401689627,93.1737246566178,59.2041897180307,59.0734294105464,60.5216887972557,67.3401099559369,68.7042412794025,23.9776974236451,21.675378028614,21.6414889350992,0,52.1756084805174,54.3623427886507,53.5667745966458,69.7099960583625,89.6578797104656,93.8885817140742,69.3638150367826,69.2012693343592,65.4612594847577,63.8529480826605,63.5546554014798,65.3789660998575,75.2668070829816,56.7672752734595,68.7348075317858,68.3153849090059,57.9315412749433,82.7361492716277,82.7975385085991,83.8498539574206,82.241868638583,82.7242362103471,82.2935532284789,82.771489305246,86.7946045303115,86.3729708943529,88.0597600990309,86.3049139581333,88.7772494605436,86.8493420487791,86.463043701489,40.598188335013,41.6396406038368,42.712766145247,36.4107849367502,50.7808560870923,49.1009077105814,47.4808273122905,58.4099873060392,52.7577378975013,53.4354315734924,52.8697976440668,53.5811817443016,44.6899010164566,59.0301995092996,65.4952856332226,90.7393428590139,90.7418774294456,89.8028056168232,89.0410031463594,85.3745781049161,84.8866964350625,86.7409917507694,86.2148057248648,84.7866559812875,64.9067817270486,65.4543973289321,70.5163930325004,61.3911966953065,57.0032295283009,59.0386406184998
46.1876360220695,46.9041049515247,46.8708767581507,46.3111021163535,47.1004371052443,47.5513489709375,48.2228625863318,48.1258144593142,62.6461524494081,63.1982794630606,82.1973907078773,62.4907979040211,62.1020013542093,62.8983504135517,54.9929203882725,56.9459703285909,51.4123494461768,53.7374121832351,52.6779740183951,52.1756084805174,0,29.1059580817186,23.9163507838008,60.8198629761515,77.4671031870716,81.8708612468525,61.6932355550819,61.1488689918704,51.9080136213007,60.7037309151789,60.2944908621187,63.6191299784475,63.2097739299535,37.4319481024555,57.2445359522159,56.843211793371,62.2860771726532,71.4549767882294,71.4848944957932,72.5655606966969,71.1470583076894,71.634314124766,71.2317531804624,71.7132285808007,75.6802977849897,75.2022980957817,76.9212072899615,75.1579778637824,77.6292649124715,75.7122214262812,75.2687303664923,44.7223734396532,43.2171323236219,44.1547687551959,46.1397055367857,41.8298140597685,39.707313483595,39.828766291933,48.4598498127202,29.0950369975627,32.6773243668184,33.9740372413111,36.229727671557,65.8179603393125,51.4753735603158,58.3553521665833,79.2429816618028,79.2035803541543,78.2835878695119,77.541537257799,74.4130875284091,73.9239302383544,75.6723191627436,75.1392676233068,73.9286563011111,56.0073990364283,56.4590359389311,59.8088369948141,51.5929078243693,42.3847428575531,59.7880194964958
47.0881707356493,47.8602200251913,47.6082338158289,47.4360293199396,48.2447540416302,48.1485530729703,48.7005591452908,48.7984923672963,63.7311390904508,64.265477739881,81.0679170264452,63.721774211951,63.3184857236257,64.0535622694077,53.4932320111433,55.6317780101816,53.5931691112611,55.8896402479296,54.8253372693673,54.3623427886507,29.1059580817186,0,21.6126163833689,60.2934858173323,75.9988334405066,80.4511997741676,61.4424299825077,60.81997019467,49.9778216940775,61.3024513177675,60.8876790782346,64.3478935865234,61.7788544753204,31.4058872315924,56.0172740636585,55.6278068141368,63.5959619048249,70.2428709465491,70.2639431023402,71.3521933432642,69.9872524179962,70.4756112397313,70.0810975750826,70.5632964843917,74.5134975556933,74.0199556459159,75.747488081088,73.9822347258002,76.4528478623403,74.5390921235667,74.0798073195184,47.2162790669433,45.9026869451673,46.5737425906228,48.6404625234918,43.3771181243556,41.9002596156007,42.3993337931593,48.4317562937437,32.6936437162407,33.9829275159003,36.2541348974879,37.3953246260477,67.8344667364937,51.7706487038609,58.3066882899507,77.9696243719371,77.9185034868303,77.0038658326076,76.2673603377552,73.2888326950619,72.7994860045387,74.518152699181,73.9833195443242,72.832985564361,55.6136960141619,56.0200747846764,58.798266943817,51.2127672480663,41.3580722336599,60.858697987872
46.2706956969934,47.0555394761717,46.8623098211534,46.5670990034481,47.4006171603899,47.4684986356073,48.0801581222431,48.1142303128397,63.1110832189007,63.6513802156552,81.3839090708411,63.0644836573365,62.6638437924546,63.4158738203992,53.9581906922462,56.0008674842699,52.7742774628323,55.1064735618809,54.0225467440488,53.5667745966458,23.9163507838008,21.6126163833689,0,60.2691148112727,76.5254537347103,80.9454143002231,61.2968678453305,60.7064602058109,50.713862506827,60.8218531947776,60.4070136161393,63.83468099615,62.2682748541633,33.987694660582,56.3358869784897,55.9349437943757,62.9197046231689,70.604956586022,70.6313978980309,71.7156894865531,70.317922462247,70.8059671671688,70.4064489329292,70.888549748427,74.8503985420554,74.3659233547616,76.0887620726597,74.3242748339686,76.7958420697104,74.8797409434389,74.4297070065527,46.4875770993798,45.1077745996087,45.9235371912696,47.8170352515858,43.2647847561755,41.5453607175251,41.8488407677338,47.9990232542329,29.0982329898149,31.3990907912715,33.9776479217738,35.6502860023798,67.062445283893,51.2948109987463,58.053984491356,78.3710202483493,78.3270910792888,77.4091042374925,76.669132732398,73.6004525827412,73.1110278495533,74.8476154599436,74.313673578623,73.1279904657526,55.4873603414929,55.9195113116729,59.0133069694596,51.0086103149129,41.0406838642252,60.2330414017505
57.5361507594479,57.7078439241195,57.0858998399874,58.1526927942097,58.3299266771145,56.635760012176,56.1846185634345,56.8224303645675,68.0699110869671,68.3947843582336,74.9167228724473,69.5172226344988,68.9860666064335,69.0829730513656,55.2642196450479,53.9776690009585,68.5122569113258,71.0803746786313,69.6408725307429,69.7099960583625,60.8198629761515,60.2934858173323,60.2691148112727,0,76.841394289221,80.2707332076337,44.7586565578398,40.898422445726,58.0398554560801,60.7108822066102,60.3329788591836,64.7929497505784,61.7467664915579,59.2635192166413,52.8015134331651,52.4141225335917,70.1716640467998,65.7411884766668,65.9456901522803,66.8834650180372,64.3979900656686,64.8686879057651,64.3027815160259,64.7754815748041,69.1026651779056,68.9255583003061,70.4830457597377,68.7522461358428,71.2455941734381,69.2580289948058,69.1207266475419,66.5017911432628,65.5465781290685,66.5776092235954,66.4637154110537,66.1671046206005,64.9628318520002,64.8440708711408,54.7269482432451,59.7421043867929,59.2241186851817,59.2657513285743,58.7637204785164,81.685035714574,54.8403120096173,49.747861965103,74.751203661135,74.9415382613492,73.9160433238755,73.0647345756531,66.9991185571991,66.5092611207142,68.8487088638639,68.3474388935026,65.9550521297609,46.4569424597021,45.2296203555125,50.0756201658132,51.7978639772086,56.6966102689225,65.2896304553314
79.2009420275214,79.6752099813338,79.042353045969,79.8551752570527,80.323429800418,78.9038158540529,78.7843896406672,79.375812240698,92.7751474708227,93.1909246670507,77.1870003920475,93.5982425083888,93.1213343183476,93.4924857981448,65.5367892671082,66.217681299103,88.6778716140475,91.0815101015805,89.8326764424902,89.6578797104656,77.4671031870716,75.9988334405066,76.5254537347103,76.841394289221,0,41.6650673030318,80.6266822472775,79.4021356754525,65.1872215422339,87.5669470945433,87.1707369272451,91.1893220720754,54.5828691495183,74.1103223695499,67.3697594630378,67.8327853012817,93.9186842154944,63.8114958087093,63.2382879523196,64.2159711331514,66.7232718223445,67.0312663307948,67.23626835405,67.532227776905,69.241082063127,67.9112561756493,69.8018894460992,68.2958288894904,70.2235154670136,68.8759556867836,67.5334266870706,84.6713201010776,83.6785781901074,84.3338905236986,85.3788501530945,81.9875144336875,81.2722047103555,81.6383789582903,77.1704051083644,77.1857783308261,76.8525598522022,77.3720092699111,77.078535904442,102.268454263447,79.3928551595515,80.6527021315932,64.1845178414727,63.0038674463192,62.7243812893674,62.629637604805,70.6369996936499,70.2635546685715,69.9856221312342,69.4724069169438,71.6248625621433,76.7343221553834,76.4519984645891,69.7403427686219,76.1233498027371,75.140976791785,89.9461336188004
83.3069536285806,83.7679414146466,83.131160540585,83.9636056357634,84.4185270447545,82.9747631782844,82.8368857206045,83.4351706597562,96.733974188651,97.1445528765915,78.110729104041,97.5920525700289,97.1121257106074,97.4678040958386,69.6771843150383,70.0258435019167,92.8952682712298,95.3093961486806,94.0489408450449,93.8885817140742,81.8708612468525,80.4511997741676,80.9454143002231,80.2707332076337,41.6650673030318,0,84.153635324157,82.910781143166,69.9355780801458,91.4130148297804,91.0187897146479,95.0541661191517,58.3841367067934,78.5924160218801,71.0718919019672,71.560104728197,97.9313288282471,64.7246345974208,64.0489319961105,64.8677825584896,68.1464744553952,68.3871846376341,68.7094157878085,68.9412060046886,70.0259015016033,68.5498435449493,70.3953589015378,69.0232675844422,70.7303791015417,69.5800110705101,68.0761998304524,89.007595491988,88.0157747758724,88.6958768713525,89.6694955512508,86.471958764897,85.7222395818042,86.0573327944705,81.2133985911608,81.5315123054149,81.1813697323186,81.6755727235162,81.3645445546868,106.462638180566,83.3533661024484,84.361911910626,62.5208964681003,60.9305491999736,60.9345131289601,61.1117661286956,71.9497074699559,71.6157025125033,70.9156455492701,70.4297329949553,73.1757799997544,80.4632111332116,80.1508956003315,73.097164916025,80.0567334108929,79.3832866158992,93.9084742989629
57.4344262455211,57.4521872405038,56.9727042882076,57.9120703675992,57.9444903916071,56.5081390767796,56.0392540301925,56.5266584314121,65.8856905608965,66.1639035095252,79.2196973810458,67.603864555937,67.0534682951909,67.0251447550236,58.9846854761134,58.2356594187561,68.1075174136203,70.7098344533551,69.2180162075969,69.3638150367826,61.6932355550819,61.4424299825077,61.2968678453305,44.7586565578398,80.6266822472775,84.153635324157,0,32.6288831013582,61.0193277298234,57.5372555001098,57.1904260218793,61.7851924157774,65.6703722805153,60.74082405736,57.3328424050038,56.9346317074167,68.4000973233181,70.0199675005547,70.2087248477115,71.1454565530578,68.7701889225046,69.232258434028,68.6875942378064,69.1507594011715,73.400109051873,73.20712793328,74.763444769939,73.0428365915853,75.5191124016549,73.547364219021,73.3930184899079,66.7022478292563,65.7768681162529,66.8851303900094,66.4610639072843,66.9509486458134,65.6620042698087,65.4315187131369,55.1442374949538,60.5529803885154,60.0653800844513,59.9751814045122,59.5002767008205,81.1102652486637,54.1524527859555,45.2317365980479,78.892249959211,79.0645534431177,78.0482635958543,77.2065288850641,71.3596705045794,70.8769558833825,73.1613640159097,72.6630951250124,70.3505424238226,47.9462239931489,47.5534393235354,55.7969526811806,52.8090262756793,57.8653679846337,63.1780137014582
57.1141516755887,57.1796855236359,56.6451602593193,57.6444961727371,57.7226024173789,56.1730499670089,55.6963088559234,56.2442415250387,66.3382227047334,66.6341363152355,77.9139883698366,67.9625466122939,67.4180344683475,67.4344756536552,57.7223727729218,56.8578319680465,67.9621401809348,70.5556323832393,69.0792948925057,69.2012693343592,61.1488689918704,60.81997019467,60.7064602058109,40.898422445726,79.4021356754525,82.910781143166,32.6288831013582,0,59.9387731890402,58.3141351342044,57.9491248146227,62.5351229515052,64.4106363046812,60.0241579152446,55.8895836715675,55.4847319893799,68.7097846686537,68.7068815033658,68.8982070443368,69.8365694167544,67.442117573229,67.9065777010083,67.3579030309481,67.8236096143394,72.0898966501502,71.8984278962388,73.4564504720295,71.7329116998824,74.2134377949672,72.2381871788943,72.0856165910463,66.3712464302853,65.435401702384,66.5227719163352,66.1903044400952,66.4508498879533,65.1839894513632,64.98507997185,54.6018317785019,60.0158941139451,59.5142985533206,59.4600805980802,58.9712777963742,81.0219508970667,53.9159580520208,45.8619795615304,77.6050623895693,77.7801565272317,76.7623260669837,75.9189871735604,70.0404671314211,69.5559448289161,71.8493418964215,71.3500272707858,69.0273058389083,46.4883305746443,45.8042842775373,54.1356866387923,51.9845620619808,57.188840257675,63.5943427398655
55.2137878681098,55.8152409341657,55.1449403070435,55.9174299106596,56.505718607294,55.1060967274712,55.0960363423479,55.6983995939723,70.1418960492521,70.5928971810225,72.9421586987598,70.7474337534612,70.287460352232,70.7574559459657,40.9851052431574,45.8812847689322,64.537202232576,66.9059751630978,65.7066268321011,65.4612594847577,51.9080136213007,49.9778216940775,50.713862506827,58.0398554560801,65.1872215422339,69.9355780801458,61.0193277298234,59.9387731890402,0,65.6458541040415,65.2308737249868,69.1701179069956,50.5717268077032,47.3514845691089,47.5358380388852,47.4850919279903,70.9522066077888,61.3352809194004,61.2767630062088,62.4437107409722,61.5597322247525,62.0610439248807,61.7398071586724,62.2309791397497,66.0412484922787,65.4057466987196,67.216106984537,65.4273924978253,67.8987908297698,66.0097158263123,65.406698142967,59.9633180628751,58.9374801210524,59.526207675472,60.8632778565152,56.7450129941664,56.0734426759106,56.5435952240285,53.3682054724394,51.7371765593696,51.3898335216708,52.1144155887502,51.8331724671445,78.274864616621,56.3965230337494,59.6245068722274,68.5703471630676,68.4205934982398,67.5492094733033,66.8576817109211,65.2029511055962,64.7109530985008,66.1605841477783,65.6080942277136,65.0117177657443,55.4514155685426,55.4188247714203,52.3790221204918,53.0646332572796,49.6369875089109,67.2711559030428
