0,30.9060033617607,25.0074975466036,29.0854980066108,36.5164690079724,30.4558759080559,34.0686669975717,31.9699932894736,66.7990064811177,65.9609043479639,86.467097643682,59.1688795610797,60.0086556320088,67.5533752727395,58.3059883415659,59.1376952537558,53.9178628749112,56.9879060071804,55.5172088535435,55.2501312384006,46.366433137009,47.1806885410609,46.4095844527868,59.9253599836526,86.4197375610479,93.2310188383018,59.9170871637679,59.3014246040119,55.9702641174958,55.3181871732397,54.9343912791145,60.6317779395065,65.8868910313702,47.8880352444457,60.1762986905009,59.69689154693,58.8112431432864,78.1460377091254,86.6941482039761,97.1124826208407,71.8451481655758,72.3667324599137,71.8208078407464,72.328660341776,77.7216535934037,79.8424131034337,97.491970231906,77.8542770087422,91.0206302619679,78.9814147877024,82.999628023305,51.8348685170946,50.6456717114907,52.2375789171442,51.3949832241451,53.168466872963,51.2785689102376,50.7411247366965,40.5354424427492,44.167771415447,43.4947996292989,42.5472701868203,41.8737357040849,75.3665115236321,42.9084362033574,55.2881864208794,83.5695985085681,82.7384407519306,81.5401505765083,80.8186303519164,75.2218880940496,74.656356294547,77.4088351858528,76.5592774023348,74.6982860692769,53.0731315950401,54.2741613972604,63.0846764002399,46.1904119861212,42.8301836846486,55.5677541358099
30.9060033617607,0,30.4252493577142,29.2530447872921,33.3972469857291,34.4020205540888,37.4246713413407,33.7486237257851,69.046657505246,68.214521058958,89.7125134064358,61.4433303628539,62.2756081132509,69.8167931254253,61.726066391714,62.5058406378882,56.6320070931,59.7249022524615,58.2278611926904,57.9964146488978,49.9600525066983,50.836224724664,50.0750672545965,62.9559769176901,89.7765633800961,96.5733800602763,62.7949733547353,62.2240092940076,59.4709585603185,57.5980192348294,57.2082489713532,62.9179682669923,69.2410061426528,51.5925272430035,63.5251572876354,63.0508136626798,61.1025332242946,81.420658675721,89.9742392168971,100.389860369651,75.1033503925354,75.6242824253112,75.0760579786378,75.583396317579,80.9806044404707,83.1070702911099,100.753139609308,81.1162744760564,94.2820846792215,82.2425155803029,86.2678240727343,54.8731547547823,53.711443130505,55.3296532726991,54.3240420998503,56.4729933561775,54.5710758312919,53.9914921248805,44.3856200095599,47.9383923572481,47.3769044482821,46.4618464735188,45.9398532783407,78.0108118323276,45.4162741554625,58.0062453762686,86.8696513717807,86.0422169975548,84.8420360840902,84.1184773393689,78.467246660788,77.9019157140224,80.663851260591,79.8148612803541,77.9343277729657,56.1189996531142,57.3346831958747,66.3311279930581,49.5180236691494,46.9777512930668,57.7590679772367
25.0074975466036,30.4252493577142,0,31.8300256122831,35.7582292711705,20.1205473235416,26.2149853685374,22.8880786237435,63.6019594185189,62.7502178273345,82.7979377754995,56.0887504185495,56.9190476414201,64.4159215928397,54.7025583043994,55.4784656353856,51.3981522409946,54.4473577736621,52.9811798443832,52.7233419959758,43.7930753914813,44.4207784348075,43.729814938009,56.05416183292,82.8718342249687,89.6637122101907,56.0253622737061,55.4055939086846,52.5485502876765,51.6950924788454,51.2958446860598,57.1600616337875,62.3168275815636,44.910538767254,56.4852596496114,55.9941952258432,55.7853809059083,74.4991493217791,83.0530106467453,93.4696382808195,68.1814659898536,68.7030747735155,68.1544458266303,68.6624482497303,74.0628659159192,76.1889085385433,93.8359385999638,74.1981377698336,87.3652297400087,75.3246938279885,79.3496577164108,49.3429848333278,48.1718427349007,49.7252899771271,48.9291628323143,50.5311817095661,48.6846527174603,48.1881011757115,35.405834245658,41.6714435707308,40.9628920247288,40.1746380993692,39.450184101639,72.7626047628529,37.8653531544327,51.2426532689782,79.9527929901106,79.1255950075839,77.9252219313642,77.2014630916828,71.549761915884,70.9840355340614,73.746316483062,72.8969816405832,71.0177601793538,48.963181935022,50.2026800521708,59.3372424584984,41.8087807385843,39.5397632975534,52.3543366040109
29.0854980066108,29.2530447872921,31.8300256122831,0,26.2842978376216,33.9273505669297,36.0267857506172,33.8279473748704,64.3070424597843,63.489588363575,85.4696070021459,56.5720588973467,57.4152342369117,65.0098295710669,57.4230107007817,58.2535713460705,51.1511503982398,54.2719266645301,52.7661549017757,52.5281572456445,44.679688300746,45.7526647715441,44.9169565808781,58.901754516919,85.4202592786574,92.2352380668767,58.7642534899814,58.1956712011841,55.0003924618352,53.3262095156473,52.9541772922036,58.4787757440857,64.9056008760433,46.7278073294283,59.3019775000174,58.8382525066192,56.170289120679,77.1569033048742,85.7051127665782,96.122331757424,70.8552783497773,71.3761915897274,70.830489932625,71.3376925028001,76.7279848692406,78.8495115771479,96.4979478859558,76.8611778403285,90.0263052202649,77.9879643312164,82.006962717765,49.400342077901,48.2223217420341,49.8865551284513,48.8071898363762,51.1925600226444,49.2444396358531,48.6154826220437,41.2580455283501,42.6335778779061,42.140716556545,41.0859904804258,40.6650194146451,72.6221164407147,42.4668475452866,54.128576480619,82.5777951933238,81.7466595649904,80.5484256276264,79.8269593429444,74.2270899638037,73.6619378420173,76.4147190937757,75.565518624576,73.7020226214512,52.2785954344518,53.4595066448984,62.1601245257434,45.8872394480715,42.4894680130468,53.0426247105404
36.5164690079724,33.3972469857291,35.7582292711705,26.2842978376216,0,36.8082969440169,38.4227413647144,35.795557078362,65.3949368558626,64.5843372849095,87.5592075069776,57.6921693735661,58.5263677566126,66.1164277083963,59.6779303717176,60.4564464998461,52.8059123464854,55.9485794449983,54.4145634968121,54.2171713620354,47.2457898809536,48.3354524497313,47.5256631048844,60.7786200237814,87.6246396949994,94.4243333964866,60.4958272066176,59.9700007873816,57.3473933163613,54.4591266919776,54.0820999629858,59.6110094297561,67.1050606306119,49.3139937509957,61.4845105414809,61.0243402052411,57.3110197222572,79.2756795241227,87.8294940430923,98.2440397465429,72.9572810786001,73.4775894474176,72.9295085265317,73.4362453749099,78.8311191575705,80.9584303250404,98.6033934852318,78.9673850442624,92.1320724532406,80.0932847757767,84.1194920138935,51.4123026486273,50.2684929910775,51.9514282980561,50.7073511361644,53.4554502887285,51.5039559563038,50.8398643750647,43.7749465385829,45.3825400904326,44.9771526625414,43.9959645183817,43.6836871185447,74.1883940034697,44.0055842215914,55.7162669465138,84.7229665737711,83.8956552617988,82.6954721272097,81.9719050885623,76.3163844224887,75.7514033747162,78.5138572727842,77.665205698832,75.7819001262808,54.1702957391619,55.3641220944539,64.2445429287086,48.021032103643,45.3727228354708,54.0651200032121
30.4558759080559,34.4020205540888,20.1205473235416,33.9273505669297,36.8082969440169,0,19.3763018146829,19.8005553396512,62.6616638812433,61.7992365589879,81.5348299369304,55.2375345821395,56.0607497733967,63.5209699636377,53.5110901926675,54.235924691612,50.976043769557,54.0119258074883,52.5474457248825,52.298065911256,43.4023957442761,43.9068620485247,43.2746680229008,54.6053909301209,81.7163644727893,88.4913678874095,54.5491378123635,53.928462150802,51.5108532026126,50.4218402690231,50.0103979730925,56.0061729687131,61.1436326057206,44.2463465937596,55.2147939433629,54.7147947717688,54.9754236558576,73.2566418627136,81.8156358931707,92.2306376574657,66.9239223131843,67.4454919070778,66.894471502034,67.4025488830619,72.8093394152881,74.940157707885,92.5848351836619,72.947022145713,86.1146610713296,74.073028124993,78.1040763582628,48.9594841590026,47.8024356889629,49.3311643213232,48.5567465450473,50.0640071947271,48.2474737972637,47.7764977519272,32.8972662403498,41.3597381521013,40.6466265655586,39.9693378545473,39.2418345834938,72.2772363698078,35.2676782716324,49.6224993839392,78.736814353793,77.9131421330675,76.7109211996596,75.98517563907,70.2842468412617,69.7183804468522,72.4894255947216,71.6403215015988,69.7446243888973,47.3046094755807,48.5798314672332,58.0102183734065,39.9289879390297,38.7551194352659,51.4034872953408
34.0686669975717,37.4246713413407,26.2149853685374,36.0267857506172,38.4227413647144,19.3763018146829,0,21.7054294266152,62.5700027193216,61.6970571682556,81.117776633384,55.2269572513662,56.0441434819384,63.470390206642,53.1715374456807,53.8439260090934,51.3423947727809,54.3666781663632,52.9037937234543,52.6615254589607,43.8052900607315,44.207758938969,43.626827637338,53.9977972384987,81.4069829198782,88.1652356894777,53.9135397208131,53.2914377549746,51.3226706572631,50.01241076849,49.5897640099814,55.7102903955929,60.8173041964808,44.4196406178971,54.7945953031837,54.2861019464271,55.0021233568643,72.8604573817971,81.4246009876886,91.837939987982,66.5126336089361,67.0341467713946,66.4807314998815,66.9888679484618,72.4019841500982,74.5376099503377,92.1799005301355,72.5420984812641,85.7102549423327,73.6675440383447,77.7047121023856,49.3582520225633,48.2131221401404,49.7210150405971,48.9648140371528,50.3920077197164,48.6014718412811,48.1521351645701,31.3053805390197,41.8386957700947,41.1305839420893,40.5440133975162,39.8282206472918,72.5891203035615,33.3155265821293,48.8352901214291,78.3671333571363,77.5469930419198,76.3429233496394,75.6151898010404,69.8648384888554,69.298840145498,72.0786855553693,71.2298215816303,69.3175325633222,46.4718915291069,47.7863448977373,57.5301237313778,38.8643277415907,38.8948431233446,51.3070679500773
31.9699932894736,33.7486237257851,22.8880786237435,33.8279473748704,35.795557078362,19.8005553396512,21.7054294266152,0,62.4225248441464,61.5635759646982,82.1872759230488,55.0341623908365,55.8502138556328,63.3020334035623,54.3319219265064,55.0117863843962,51.1662534073828,54.2178225763861,52.7337237546535,52.5120178614622,44.2566593803241,44.834039724374,44.19670530323,55.061271088728,82.4661607619583,89.228973113023,54.8507380240196,54.2754375754841,52.3877796144052,50.1522836433048,49.7319525026734,55.7675590235716,61.8934109058707,45.2443478656208,55.9754183111038,55.4822897921209,54.7916556499274,73.9357744399807,82.4995740321587,92.9120510658158,67.5885703669408,68.1094799396794,67.5564730294243,68.0640143345887,73.4741444511658,75.6100633739884,93.2515379042942,73.6145714070036,86.7815739425361,74.7397456297867,78.7771137510444,49.3989075570893,48.2619440160435,49.8126414558575,48.9123309939712,50.7168017193303,48.8868044296109,48.3804491374,34.7723349068785,42.3250559834123,41.6955688857313,41.0085423705437,40.392712917342,72.4072268369299,34.9532782538507,49.7519254393394,79.4378749643364,78.6174676189564,77.4135976602559,76.6860733098368,70.9369917890829,70.3713508072557,73.1507240699595,72.3021642773691,70.3890103246879,47.7923168427171,49.0806922097776,58.6734459089322,40.7892153803254,40.1861290623157,51.1142742334403
66.7990064811177,69.046657505246,63.6019594185189,64.3070424597843,65.3949368558626,62.6616638812433,62.5700027193216,62.4225248441464,0,32.7061818176516,101.975217072663,44.1041879881376,43.8977002910005,46.1330263448588,75.7397543639109,76.1041727202349,63.255825737805,66.1351297423393,64.4613332804959,64.7980814549412,65.6290067281222,66.6738055999352,66.0537546689811,73.5344985414653,103.100019009177,109.764575954458,71.684176192318,71.7048538881863,74.0535646886919,56.2110532209425,56.4301324349567,55.0634946488939,82.5597500455087,67.6062551916253,76.9934359743261,76.5988659558701,47.4708685961313,93.9809676971051,102.586328057655,112.973724797068,87.5076650886864,88.0206648945375,87.4515781658619,87.9523006082097,93.3816378996764,95.5639787007182,113.17412851511,93.5475660403882,106.704942916433,94.6644088827849,98.7587566585214,65.8025141239495,65.1069649261671,66.7465425725343,64.2228046796061,69.7368175730915,67.8279382081369,66.9593134747311,64.2877774464096,64.7566780354509,64.7187950439771,64.168847879699,64.2466201493426,81.9275991223452,62.4759907365174,67.2228324312788,99.664800099785,98.8728257030893,97.6547676410606,96.9119273335417,90.7374705432532,90.1751515082319,93.0266031595566,92.1839504637003,90.1132667336865,68.6624552197808,69.7374720059483,78.8480160004397,65.2958318190787,65.3312412569731,43.2123677049299
65.9609043479639,68.214521058958,62.7502178273345,63.489588363575,64.5843372849095,61.7992365589879,61.6970571682556,61.5635759646982,32.7061818176516,0,100.981496443542,43.5981849034103,43.729726395283,45.9173963827794,74.7938260380312,75.1445728788932,62.5395461375058,65.4138132436214,63.7448736408399,64.076011735269,64.803469032712,65.8317870742475,65.2173558134271,72.4890716946504,102.143331562229,108.80290012686,70.5971566673164,70.6327407882957,73.1357572060356,55.0057460060181,55.2524743906925,53.5132497193713,81.6008788748556,66.7450498526957,76.0285526888945,75.6351225434117,46.7876111979019,92.9967254635452,101.603867283958,111.990399598942,86.5181039714304,87.0308951620905,86.4610666829148,86.9616236225407,92.3923337484666,94.5765329382782,112.185549314999,92.5592531661733,105.716457952902,93.6758051757682,97.7724652653197,65.0381271155649,64.3391755759182,65.9741530397959,63.4741657101814,68.9300263741814,67.0257531455586,66.1646122729846,63.3879963739589,63.9268978554665,63.8832009593957,63.3392454609845,63.4105907407279,81.2153795398418,61.5573746135079,66.1669016224362,98.6889639149651,97.898216855324,96.6795329834705,95.936018454319,89.743754100051,89.1815030009999,92.0360183613064,91.1935502018877,89.1165395343911,67.6662720997882,68.7378506448909,77.8562720543464,64.3535989321004,64.4583765024624,43.2469447997576
86.467097643682,89.7125134064358,82.7979377754995,85.4696070021459,87.5592075069776,81.5348299369304,81.117776633384,82.1872759230488,101.975217072663,100.981496443542,0,94.9521233826737,95.7832032586399,103.008612235036,71.4229035116275,69.7929174804147,91.3991789210839,94.2245361648834,92.9027757626065,92.541100646222,81.2198588620739,80.1126995416001,80.3941008132191,74.3174328347011,83.2836617230786,86.9747615319084,78.6862843841711,77.1149888886227,73.5161250009583,88.054687250525,87.759680875021,93.613156767544,65.4357602119828,78.6161186609595,71.0507955458753,71.762332463353,94.8679297099614,59.2382819995185,68.3545377839656,76.4695833453994,52.8171199032285,52.1698197322056,52.6783442654388,52.0252339294738,46.7742930035753,51.2102663493839,63.5044856715392,48.8044875604929,54.9036619860828,48.469544763374,54.9963989391861,88.0588343542381,86.9404762997807,88.0177283145404,88.3360395804655,86.5725910018866,85.3719092795124,85.4906948206905,79.5250797079462,80.5577941027,80.1649770535307,80.5142049662177,80.2285160738147,112.59315229543,81.146170248681,82.451561209989,65.1167020161855,65.6620110609592,63.8594589347047,62.492776786104,48.6732012322208,49.3948903430016,46.1077553753687,46.857587260342,51.2519768257826,78.1355013680269,78.1122072654106,70.4789749896608,77.3475170598364,78.1328547274258,91.1732939060217
59.1688795610797,61.4433303628539,56.0887504185495,56.5720588973467,57.6921693735661,55.2375345821395,55.2269572513662,55.0341623908365,44.1041879881376,43.5981849034103,94.9521233826737,0,20.4022642704356,36.4436105403796,68.4609792448344,68.9136923206262,53.3292922029507,56.1221938363141,54.4316274145737,54.8823937916643,57.437706164351,58.6229905304603,57.9662940972739,66.8668560599182,95.8491636780775,102.545769375256,65.2536641211313,65.197862532607,66.568005401463,51.1965552973786,51.3221928011953,51.1294511673962,75.3289319156858,59.725032418872,69.8413590754493,69.4457297299005,27.8447232633728,86.9035498743234,95.4979798456348,105.890189162152,80.4627254641466,80.976685472085,80.4122976834672,80.9137210278196,86.3332485323744,88.5045167807485,106.121098680351,86.4933485799717,99.6511838094541,87.6118113033437,91.6923008876719,56.7312647086688,56.1221584465976,57.7803733211208,54.9446465967678,61.2097111542833,59.2670595886369,58.3172510518532,57.002399578751,56.6659980828626,56.6998324313627,56.1224852806233,56.2761631142207,71.3104985772503,55.5151476247075,60.8460516861355,92.5344955421287,91.7349972862496,90.5208041766876,89.7821254588389,83.7157492560579,83.1532066899291,85.985886617151,85.1422740549089,83.1094281241896,61.8743639832612,62.9474152856731,71.8511195435679,58.2307181135352,57.6698661416576,40.3658088951941
60.0086556320088,62.2756081132509,56.9190476414201,57.4152342369117,58.5263677566126,56.0607497733967,56.0441434819384,55.8502138556328,43.8977002910005,43.729726395283,95.7832032586399,20.4022642704356,0,35.4822731834833,69.3064666485383,69.7528976984041,54.4699581333164,57.2842946220163,55.5918564656887,56.0269256170584,58.3578621699115,59.5307293646024,58.8764461393822,67.6713628667564,96.6957783889892,103.390092891315,66.0439049886949,65.9920609696324,67.4301484305244,51.8612357025759,51.9872382310437,51.7912956578009,76.1736645956665,60.6172221415704,70.6775188031273,70.2815044329996,31.3999557760607,87.7380351534539,96.3332080314934,106.725127320022,81.2950155615439,81.8089342726965,81.244216217306,81.7456154609773,87.1659132564394,89.3379094315937,106.954093215966,87.3263904289947,100.484239218955,88.4447553679479,92.5261622794858,57.7586205268297,57.1368042977812,58.795415443257,55.996033203745,62.1736737644255,60.2335423170675,59.2923315208849,57.8255618425295,57.5724459038527,57.5983887877969,57.0216551171336,57.1672272780401,72.5782076778871,56.3018406069784,61.6163822531774,93.3726756329504,92.5736885385609,91.3592306641102,90.6202670441376,84.5466319369827,83.984090180039,86.8180436636232,85.974483459565,83.9391399665257,62.6738381428692,63.7486851977759,72.6775759397997,59.043693855051,58.5344961901623,40.440953394275
67.5533752727395,69.8167931254253,64.4159215928397,65.0098295710669,66.1164277083963,63.5209699636377,63.470390206642,63.3020334035623,46.1330263448588,45.9173963827794,103.008612235036,36.4436105403796,35.4822731834833,0,76.6516314775526,77.0591829570384,62.8236978288608,65.6569282469312,63.9752263828173,64.3706418381952,66.087174735808,67.2025837855587,66.5644382721965,74.7434423835908,104.023068460338,110.70324144762,73.0078142470974,72.9921661503586,74.8630187183228,58.3163425795969,58.4908517995095,57.6956908211332,83.4929263150771,68.2203917806743,77.9674704690938,77.5727694788447,42.8808492732126,94.9883100015878,103.58837558882,113.978070421007,88.5307302531241,89.044173352521,88.4773732157348,88.9784136445051,94.4029037074424,96.5799035099782,114.193133274885,94.5660260843781,107.723584065984,95.6836423417677,99.7712997399933,65.8098901785687,65.1590330251885,66.8075807119222,64.1244855198133,70.021818822581,68.0961102920978,67.1862833144228,65.2118150413747,65.2672059988204,65.2660521454295,64.7029418378954,64.8195713700256,81.1344151156151,63.5715601842731,68.5922552104925,100.646437208299,99.8508190663418,98.6346346656711,97.8938116771758,91.7716273738907,91.2092134227466,94.0515730992716,93.2084672692874,91.1560463743484,69.8256603383853,70.8981206467971,79.8967521762557,66.3263549311887,66.0599303066543,46.8099177128791
58.3059883415659,61.726066391714,54.7025583043994,57.4230107007817,59.6779303717176,53.5110901926675,53.1715374456807,54.3319219265064,75.7397543639109,74.7938260380312,71.4229035116275,68.4609792448344,69.3064666485383,76.6516314775526,0,33.9406216245283,63.4494473858196,66.2540377067788,64.9715287283601,64.5451944771257,51.9040286160088,50.4543714610638,50.874772301373,53.7995965314943,69.3317278982336,76.1630044427156,57.3463916524284,55.892755490575,39.9613148061635,62.5853735487001,62.258703097979,68.1018416702161,47.289688815782,48.4519099752316,38.7642302848207,39.1174883375502,68.2521480959916,62.0931550047629,70.508017389541,81.0428368205863,56.2255451414605,56.7881688895173,56.2935581773604,56.8372423346246,62.2264908424644,64.1854428255788,81.9589323906854,62.2664244700635,75.4927343293516,63.4280131382909,67.2520402951193,59.5407235388781,58.3837471976335,59.3981669127301,60.0094278472475,57.5027167023123,56.3635583321702,56.5851067273333,51.1931460034372,51.2716605878573,50.8286139630454,51.3412305753655,51.0195865334418,84.8329579920644,53.9334489228432,57.810913235941,67.0942434493383,66.1845291540849,65.0219312593666,64.3394870821804,60.0949801263613,59.5127087700418,62.0227119442389,61.1467488693269,59.8553801626383,52.3066537356932,52.5458924482846,48.1839580497372,49.3516224527787,48.3947974459138,64.8583198090974
59.1376952537558,62.5058406378882,55.4784656353856,58.2535713460705,60.4564464998461,54.235924691612,53.8439260090934,55.0117863843962,76.1041727202349,75.1445728788932,69.7929174804147,68.9136923206262,69.7528976984041,77.0591829570384,33.9406216245283,0,64.4433173828771,67.262327893737,65.9603947553619,65.5622466954963,53.4429792715095,52.1527868860385,52.4911385630721,52.218693796828,69.5531109765722,76.0688476349447,56.2751191701244,54.7161298509125,44.0301582199077,62.6668920729825,62.3432904961417,68.235412131562,47.279027449583,50.3489750780908,28.3049390317364,31.0182633028271,68.7478726456503,60.6312686553933,69.1418681148182,79.6737668036428,54.4962723438305,55.0770252189157,54.5309136342428,55.0942775087862,60.6757685300697,62.7037987673144,80.4624262334971,60.7458023577032,74.0138831186712,61.9062803803236,65.8233986229272,60.792688854137,59.6476653057788,60.7029474053474,61.1663053392203,59.0598883752324,57.8685973204388,58.0286632725245,51.8678682391093,52.7258535483643,52.2703771819502,52.706652402044,52.3655393500734,85.7573342450389,54.3064972047062,57.4408256571575,66.1849704462433,65.3379021791963,64.1413582839124,63.4224086853118,58.3513674788225,57.7564782277106,60.4210386075042,59.5400024663052,58.0109961693581,51.8215852416397,51.9310275652926,44.0945306697862,49.6320381115142,49.7694406402667,65.2332544275194
53.9178628749112,56.6320070931,51.3981522409946,51.1511503982398,52.8059123464854,50.976043769557,51.3423947727809,51.1662534073828,63.255825737805,62.5395461375058,91.3991789210839,53.3292922029507,54.4699581333164,62.8236978288608,63.4494473858196,64.4433173828771,0,26.2437935354744,19.2690553231815,21.2030852140925,46.5735087582674,48.67273337623,47.846074236572,65.489331502858,90.8927645971457,97.7903659672733,65.1987730395796,64.7272357500599,60.2072783295266,57.4163347593546,57.220278696259,60.8491274640282,70.5145075594512,50.9462922157736,65.6167286928541,65.2295898061032,51.7525961640486,83.0249332088238,91.5522065040052,101.97288536281,76.7832127922652,77.302391297533,76.7671509170015,77.2722181922587,82.6285948496437,84.7325195377802,102.387525414572,82.75341898471,95.9128108583076,83.8814875679632,87.8775112488536,36.9978764513627,37.4761995889185,39.1561194297218,32.6852542419159,46.7879634806088,44.6571385420216,43.0192538690605,52.916030258799,46.8717937797527,47.4852901717856,46.8918088894858,47.6228740747601,50.3508248235158,53.5459481515149,61.2376344535911,88.3277238276699,87.4819540447274,86.2915995816137,85.5785823707089,80.1740399742995,79.6105147755721,82.3279866853101,81.4788361945407,79.6762602775975,60.0556509266208,61.0823410898148,68.534430354694,55.0677960650183,50.868573499325,53.0740640017583
56.9879060071804,59.7249022524615,54.4473577736621,54.2719266645301,55.9485794449983,54.0119258074883,54.3666781663632,54.2178225763861,66.1351297423393,65.4138132436214,94.2245361648834,56.1221938363141,57.2842946220163,65.6569282469312,66.2540377067788,67.262327893737,26.2437935354744,0,21.5497945346457,19.147354648752,49.2801738118494,51.3654103079694,50.5633557689804,68.3763132741332,93.6768364775239,100.581005127517,68.1056759714236,67.6295110093489,62.9608663823171,60.3845704051601,60.1920374894751,63.7869486412081,73.3062679858594,53.6683974901354,68.4441637732351,68.0597967519256,54.4856534414218,85.8423536886533,94.3676921793733,104.788993158619,79.6062878898472,80.1254952050566,79.5911432339598,80.0961974476684,85.4502411520494,87.5523476486572,105.2082651569,85.5741437365958,98.7333551752482,86.7024271518965,90.6961377737519,38.4238347582288,39.405370527831,40.5974633951388,34.692699780744,48.8487055970541,46.7883331865425,45.1209130018871,55.8804665199448,49.6943655728549,50.3315189693131,49.7795746913026,50.5238307411048,46.7661809120466,56.5473740927091,64.1797574423737,91.1350993332247,90.2879862256797,89.0983365500889,88.3860767349907,83.0002194416253,82.4367353770115,85.1509109987778,84.3016650937017,82.5053288885071,62.9724256582978,63.9935091184766,71.3794636703177,57.9965853158889,53.7472939445094,56.0315309832594
55.5172088535435,58.2278611926904,52.9811798443832,52.7661549017757,54.4145634968121,52.5474457248825,52.9037937234543,52.7337237546535,64.4613332804959,63.7448736408399,92.9027757626065,54.4316274145737,55.5918564656887,63.9752263828173,64.9715287283601,65.9603947553619,19.2690553231815,21.5497945346457,0,19.1856991343208,48.1766606106075,50.2516470517526,49.4369167682343,66.9739255800939,92.4078553857793,99.3040006768354,66.6670442939076,66.2010207937647,61.7373977790312,58.7972210328549,58.6065206532814,62.1738974167195,72.0294673852262,52.51143855684,67.1320741156352,66.7455751617806,52.7914027415146,84.5316654504472,93.0595015077367,103.479885621656,78.288252774774,78.8073533732474,78.2718821447086,78.7768857475053,84.133647630302,86.2381708162414,103.892799868667,84.2587939505177,97.4181094611551,85.3867646457142,89.3835298078684,38.3351910898319,38.9810727835653,40.4702617987549,34.3178913196259,48.2353762415289,46.1355604438515,44.5031509333983,54.4662836636844,48.491065656211,49.100022832161,48.5202786093678,49.2433443459371,48.542803204125,55.0670390300917,62.7064143367102,89.83703598142,88.9916505408623,87.8011017235557,87.0878749184852,81.6776817088812,81.1141841276938,83.8326283371534,82.9835422425022,81.1789250657418,61.5546121791216,62.5807047338068,70.039583407532,56.5924833625578,52.4452023979423,54.3488600302016
55.2501312384006,57.9964146488978,52.7233419959758,52.5281572456445,54.2171713620354,52.298065911256,52.6615254589607,52.5120178614622,64.7980814549412,64.076011735269,92.541100646222,54.8823937916643,56.0269256170584,64.3706418381952,64.5451944771257,65.5622466954963,21.2030852140925,19.147354648752,19.1856991343208,0,47.4535053426691,49.5655371108707,48.754521495546,66.7275484267319,91.9716238825038,98.8788335055741,66.4796200970136,65.9962409404233,61.2320317921923,58.8701101708772,58.6723326225718,62.3288981343096,71.6028242637239,51.891783632465,66.7478448694984,66.3633429979146,53.3044865784021,84.1536814208162,92.6779717532841,103.099738818151,77.9207329843266,78.4400347028479,77.9061328378166,78.4112564311967,83.7643686671231,85.865411267125,103.521949177104,83.8877106667777,97.0469703810417,85.0161505836156,89.0085303146309,36.5744396102824,37.4611714501067,38.826161156437,32.3924431284895,47.0737699057425,44.9852061113047,43.2994184812345,54.174446188431,47.8756308122285,48.5238747179032,47.9653023247263,48.7222209306987,48.7929598298285,54.8826429873857,62.560814576207,89.4413734737559,88.5935399759955,87.4042599769914,86.6923982664781,81.3169076288906,80.7534010144599,83.4657755047903,82.6164363883701,80.8237371251057,61.3139290605926,62.3344641049147,69.6984565453894,56.3116399004887,51.9919116847077,54.6331552412012
46.366433137009,49.9600525066983,43.7930753914813,44.679688300746,47.2457898809536,43.4023957442761,43.8052900607315,44.2566593803241,65.6290067281222,64.803469032712,81.2198588620739,57.437706164351,58.3578621699115,66.087174735808,51.9040286160088,53.4429792715095,46.5735087582674,49.2801738118494,48.1766606106075,47.4535053426691,0,25.6201845594376,21.0253647325424,57.3948037065621,79.4479672256768,86.5261324581659,58.240599837346,57.4353883480568,47.2947639465838,55.4162676168703,55.1077819997284,60.2036370730149,59.189455349781,33.0381419575658,54.8647503883047,54.4959437536774,56.7833822699399,72.5537254934943,81.0200598754394,91.4662493521431,66.4927477734989,67.0163608308729,66.5077791932703,67.0158420777473,72.3135255514584,74.3566920926112,92.0460537090027,72.4065968347062,85.5668484486612,73.5432248050124,77.4629709744991,40.0298042050153,38.4789802826732,39.5791438936601,41.2848826792061,37.4090841567006,35.2472633763593,35.3319364533405,43.9522245561281,25.5683648841694,28.7389217336604,29.8916190885807,31.9577552609511,68.7820163667219,46.9683336194722,55.134422253986,77.5586789888718,76.6710881484755,75.5022816785651,74.8124634575311,70.0064820785919,69.4422808126009,72.0551486291799,71.2011439696057,69.6067375893346,52.056584544392,52.9698105782436,58.6339956579648,46.2308298232087,37.4984788927645,54.7654048508085
47.1806885410609,50.836224724664,44.4207784348075,45.7526647715441,48.3354524497313,43.9068620485247,44.207758938969,44.834039724374,66.6738055999352,65.8317870742475,80.1126995416001,58.6229905304603,59.5307293646024,67.2025837855587,50.4543714610638,52.1527868860385,48.67273337623,51.3654103079694,50.2516470517526,49.5655371108707,25.6201845594376,0,18.9625300522059,56.8458434191524,78.0086820558041,85.1347285618635,57.9381252792435,57.0666089815296,45.3967235814503,56.0112957962113,55.6955633846453,60.9261403833074,57.7827799865708,27.6068601799545,53.6499349243935,53.293793275948,58.0373031564729,71.3723145113525,79.8225848697422,90.2751766576636,65.3588958080004,65.8834511351448,65.3820082386208,65.890636065329,71.171873495233,73.1992649149612,90.8973147445194,71.2567568857321,84.4168229619911,72.3955257089547,76.2954092460161,42.4076703171364,41.0035028193063,41.8926686063022,43.6617963652552,38.8472144107397,37.2620546742515,37.7022846505606,43.8758594668482,28.7333356646671,29.8763078456625,31.9073028558377,32.9863382298649,70.7277421100391,47.2080134695025,55.103013379906,76.2980576834091,75.3994789103122,74.236348755572,73.5526413624226,68.903415705574,68.3391747752611,70.9244927254545,70.0693298827633,68.5290927885394,51.6726208124896,52.5412574933332,57.6342009293018,45.8502667473653,36.5220641643491,55.7948107601436
46.4095844527868,50.0750672545965,43.729814938009,44.9169565808781,47.5256631048844,43.2746680229008,43.626827637338,44.19670530323,66.0537546689811,65.2173558134271,80.3941008132191,57.9662940972739,58.8764461393822,66.5644382721965,50.874772301373,52.4911385630721,47.846074236572,50.5633557689804,49.4369167682343,48.754521495546,21.0253647325424,18.9625300522059,0,56.8210967672712,78.4888200612343,85.5844565979878,57.8046114483208,56.9606230645724,46.0958511599118,55.5215880666678,55.2067463890488,60.4033603458335,58.2332283933569,29.8999505929412,53.9445367013122,53.5759600959789,57.3634219396031,71.6942624653706,80.1539809915687,90.6032629997964,65.6530933499055,66.1773580418013,65.6716256117096,66.1801741005725,71.4721771911756,73.5085898192758,91.2019485595283,71.5616744363344,84.7223380245947,72.6993176237209,76.6106331797559,41.6648940027926,40.212422340643,41.2216431072478,42.8344454112956,38.7073298127385,36.8994264555095,37.1554962540374,43.4714715697952,25.5466865722169,27.578776596939,29.8691834232789,31.4134674051447,69.940330832024,46.7548008278374,54.8302928735174,76.6680915306559,75.7760272408104,74.6094997482944,73.9221387286171,69.1813849383986,68.6170240307864,71.2184751318405,70.3638565459321,68.7926488817416,51.5282184454226,52.4212985902038,57.8297610510656,45.6424187145566,36.2309481359302,55.1714551132899
59.9253599836526,62.9559769176901,56.05416183292,58.901754516919,60.7786200237814,54.6053909301209,53.9977972384987,55.061271088728,73.5344985414653,72.4890716946504,74.3174328347011,66.8668560599182,67.6713628667564,74.7434423835908,53.7995965314943,52.218693796828,65.489331502858,68.3763132741332,66.9739255800939,66.7275484267319,57.3948037065621,56.8458434191524,56.8210967672712,0,79.6798462870668,85.7431945572909,41.2850931591334,37.3036176197573,55.6152268269071,58.3763594841143,58.0809078585433,64.2437322926222,58.8263648377215,55.9069366154192,52.3308001534941,52.1491997942252,66.9545261355833,67.2591422206371,76.0755442633755,86.3803144887829,60.1550184953789,60.6583777766336,59.9915741486326,60.4880672242503,66.1518573093911,68.5377660754393,86.039781915793,66.4225913538611,79.5892762565286,67.5130949019009,71.8644473258323,63.2092029661154,62.1342936156179,63.390362278016,63.0906656978813,63.0282131630319,61.5798265525737,61.4329650719966,52.5866115952446,56.3533672354248,55.8898785938656,55.9664564623682,55.595114660955,86.4050272244013,52.7926734239032,49.9936777309133,73.9740977738088,73.3235425932174,72.0325278266384,71.2110935372165,62.9998576005617,62.4347972882718,65.6540424091017,64.8244627699736,62.0406155117801,46.1013703095835,45.3947038724451,49.5910077100647,49.3519679697696,53.5661753738511,62.7552359549933
86.4197375610479,89.7765633800961,82.8718342249687,85.4202592786574,87.6246396949994,81.7163644727893,81.4069829198782,82.4661607619583,103.100019009177,102.143331562229,83.2836617230786,95.8491636780775,96.6957783889892,104.023068460338,69.3317278982336,69.5531109765722,90.8927645971457,93.6768364775239,92.4078553857793,91.9716238825038,79.4479672256768,78.0086820558041,78.4888200612343,79.6798462870668,0,53.7777099374022,83.4431757830424,81.9802932787266,68.6388709588209,89.8754046992792,89.5654087363329,95.3402934863812,56.3661770221825,76.2424769590366,71.8274653224635,72.5298499416089,95.6534510534089,71.9728247763918,79.3007538425104,89.6734183296314,69.0046975890278,69.3794904328305,69.4269256623516,69.7759265843551,72.9307128085316,74.0022047456838,91.9593109920289,72.5850797921293,85.2560768666183,73.7586197644903,76.3826573953059,86.8632250198636,85.7204815451625,86.6737134089712,87.4015937203172,84.4922726547981,83.4729895984381,83.7741849025243,79.7859656436323,79.0789376540156,78.7588642281922,79.2692760820726,79.0622407718125,112.264009248798,82.0584738348516,85.1382215938439,68.4304334281848,66.4585771156047,65.9297042790997,65.9102564289455,73.1884761096373,72.7301388211824,73.3784695337057,72.5582176457103,74.1852220209814,80.4447606918972,80.6231219141257,74.8340115350634,78.2227977923552,77.1019073153748,92.260152009949
93.2310188383018,96.5733800602763,89.6637122101907,92.2352380668767,94.4243333964866,88.4913678874095,88.1652356894777,89.228973113023,109.764575954458,108.80290012686,86.9747615319084,102.545769375256,103.390092891315,110.70324144762,76.1630044427156,76.0688476349447,97.7903659672733,100.581005127517,99.3040006768354,98.8788335055741,86.5261324581659,85.1347285618635,85.5844565979878,85.7431945572909,53.7777099374022,0,89.6137476251387,88.1300686760741,76.0947112782046,96.440887707543,96.132420856101,101.921660717947,62.8935080557421,83.4013063261683,78.2365369763744,78.9700069226534,102.365755355022,75.5965750026841,82.7275364992273,92.9512349499936,73.1251328395024,73.4427022472893,73.5962517696666,73.8899864173607,76.4618808561313,77.3510904219537,95.2990926077632,76.0476759257533,88.5192522873193,77.2077720273093,79.5737007817729,93.8639535475134,92.7243386430122,93.6972409701378,94.3625616755689,91.630387248232,90.5814927817801,90.854057171437,86.5378091571433,86.1074813087883,85.773557265362,86.2605546076043,86.039004430758,119.136359582351,88.728026145583,91.5711093737892,69.2228702976088,66.8495216127049,66.6009898488163,66.8597103958515,77.2306988793748,76.8072600100792,77.0487029286813,76.2544813095603,78.4546358983245,86.8987334871018,87.0469113217569,80.8240693725999,84.8735420096585,84.0416219202553,98.9287229933028
59.9170871637679,62.7949733547353,56.0253622737061,58.7642534899814,60.4958272066176,54.5491378123635,53.9135397208131,54.8507380240196,71.684176192318,70.5971566673164,78.6862843841711,65.2536641211313,66.0439049886949,73.0078142470974,57.3463916524284,56.2751191701244,65.1987730395796,68.1056759714236,66.6670442939076,66.4796200970136,58.240599837346,57.9381252792435,57.8046114483208,41.2850931591334,83.4431757830424,89.6137476251387,0,28.9611701357394,58.3761254180188,55.6692252013196,55.3930017890375,61.7001455123013,62.6923231038142,57.2873115025789,56.6182568302288,56.3819444142111,65.4549552101404,71.588437383142,80.370985972599,90.6769100639609,64.5850835447076,65.0809817943569,64.4354211186373,64.9234595679243,70.5076001814415,72.8706560736707,90.374624485795,70.7689854112479,83.9167101916208,71.8589230375145,76.1790240816585,63.4385453269633,62.3952481538308,63.7157856461884,63.1419677201339,63.795729894314,62.2684989282835,62.0189844127093,52.9872975234575,57.1428097993932,56.7055198811192,56.6658484815913,56.3178893994772,85.9435803914045,52.1916383043913,45.8376954109594,78.1146385664937,77.4434469798107,76.1636369266625,75.3542607312007,67.4275709992389,66.8691885247363,70.0273587255076,69.2008387554146,66.5082952602243,47.3159805120628,47.2938488952374,55.3629378851007,50.1879774548306,54.6534391592258,60.9630900693201
59.3014246040119,62.2240092940076,55.4055939086846,58.1956712011841,59.9700007873816,53.928462150802,53.2914377549746,54.2754375754841,71.7048538881863,70.6327407882957,77.1149888886227,65.197862532607,65.9920609696324,72.9921661503586,55.892755490575,54.7161298509125,64.7272357500599,67.6295110093489,66.2010207937647,65.9962409404233,57.4353883480568,57.0666089815296,56.9606230645724,37.3036176197573,81.9802932787266,88.1300686760741,28.9611701357394,0,57.1045324418232,55.9501326181434,55.6622355922322,61.953907252922,61.2045486712308,56.3374612316866,55.0069030760783,54.7735067906114,65.3623383493273,70.0187018450842,78.8073933295365,89.1137727876253,62.9971820718722,63.4948925599335,62.8452270671178,63.3352574713055,68.9359386428168,71.3026535710071,88.8070425602403,69.1986458700486,82.3506973822511,70.2889285998506,74.6142090244713,62.8161326040614,61.7628630937617,63.0665871443671,62.5697434104799,63.0252092833872,61.5179639967491,61.2960691540992,52.2034382480511,56.344985035308,55.8965642345633,55.8872337823939,55.5282796184593,85.5255472002585,51.6739455130698,46.1791090162668,76.5807081401232,75.9132050001277,74.6313554790388,73.8197865382365,65.8433619041313,65.2834657647782,68.4527755525201,67.6254423482606,64.9175807867236,45.8184996982606,45.5506979220574,53.4828306797072,49.199296055068,53.74570320755,60.9559743461261
55.9702641174958,59.4709585603185,52.5485502876765,55.0003924618352,57.3473933163613,51.5108532026126,51.3226706572631,52.3877796144052,74.0535646886919,73.1357572060356,73.5161250009583,66.568005401463,67.4301484305244,74.8630187183228,39.9613148061635,44.0301582199077,60.2072783295266,62.9608663823171,61.7373977790312,61.2320317921923,47.2947639465838,45.3967235814503,46.0958511599118,55.6152268269071,68.6388709588209,76.0947112782046,58.3761254180188,57.1045324418232,0,61.562144612648,61.2368290129114,66.9240157948049,48.1758849483014,42.954268448407,46.6447900787236,46.6720313520164,66.257914383524,64.0792515822382,72.3825231808922,82.8995822567758,58.5064534229225,59.0409491290133,58.6056443066489,59.1204109638633,64.2564436114974,66.1392709143173,83.9188401611461,64.2658002021182,77.4276244473491,65.4248908618183,69.1433634455304,55.5537044994284,54.3748352830932,55.2440319413696,56.3138419264409,52.512221290936,51.5797719496245,52.0124532119106,49.6188101416707,47.0848130788897,46.7704636386618,47.4869003270463,47.3087312389717,81.7604950294849,52.721499638249,57.8431521561303,68.3195356924377,67.3250729952897,66.2105961721562,65.5794510321292,62.3421388002694,61.7773136474253,64.1097405034995,63.2433346202013,62.2040095522304,52.9275085652662,53.3805123427784,52.543680375519,48.8702443777191,45.1951388414961,63.1705995517319
