IBR/IBR_outputs/SS_Optim/PersistForestCover_Total/Results/PersistForestCover_Total.asc
NCOLS 160 
NROWS 95 
XLLCORNER 210004.651214014 
YLLCORNER 7350008.22228844 
CELLSIZE 4999.99999999997 
NODATA_value -9999 
[rows 62 to 92 of 95, columns 0 to 69 of 160]
-9999 1.10147711153451 2.99677546539252 1888.33268319845 33.8356899543599 1 1 1 1.15490200270145 4.3510035930255 4.83478264477785 2.44738461611955 1.07697165889642 1.07697165889642 1.07697165889642 1 1 1 1 1 1 2.07893270034503 1.2338029718717 1 1 1 1.07697165889642 1 1 1.81432199951231 1.72827960682798 1.3945653087391 1 1 1 1.2338029718717 1.2338029718717 1.15490200270145 1.90143605323514 1.31368665558263 1.15490200270145 2.26087847339487 1.6432956288786 1.6432956288786 1.47645127805942 1.31368665558263 1.31368665558263 1.55935717109489 1.15490200270145 1.15490200270145 1.07697165889642 1 1 1 1 1 1 1 1 1 1 1 1 1 1 1 1 1 1.3945653087391 1.2338029718717
-9999 1 1.81432199951231 14.8500699706268 1.90143605323514 1 1 1 1 1 1 1 1.98963511557251 3.03542371430152 1.2338029718717 1.07697165889642 1.07697165889642 1.07697165889642 1 1 1 1.07697165889642 2.63856557233525 2.54238355830024 1.15490200270145 1.15490200270145 1.55935717109489 1.47645127805942 11.8728871573557 2.26087847339487 1.72827960682798 1 1 1 1 1 1.15490200270145 1.07697165889642 1 1 1 1 1.81432199951231 1.31368665558263 1.90143605323514 1.15490200270145 1 1 1 1.07697165889642 1.07697165889642 1 1 1 1 1 1 1 1 1 1 1 1 1 1 1 1 1.3945653087391 1.47645127805942 1
-9999 1 1 1 1 1 1 1 1 1 1 1 1 4.3510035930255 1.07697165889642 1.2338029718717 1.31368665558263 2.35355433428774 1.2338029718717 1 1.2338029718717 1.07697165889642 1.55935717109489 3.13774655628196 1.98963511557251 2.07893270034503 1.3945653087391 1.6432956288786 1.98963511557251 1.47645127805942 1 1 1 1 1.31368665558263 5.87725551564555 2.16934255746675 1 1 1.31368665558263 1 1 1 1 1.15490200270145 1.07697165889642 1.15490200270145 1 1 1 1 1 1 1 1 1 1 1.15490200270145 1 1 1 1 1 1 1 1 1 1.3945653087391 1.2338029718717 1.2338029718717
-9999 1 1 1 1.15490200270145 1 1 1 1 1 1 1 1 1 1 1.2338029718717 1.07697165889642 1.07697165889642 1 1.07697165889642 2.16934255746675 1 11.455906135498 8.29904139863307 1.72827960682798 1.6432956288786 1 1 1.31368665558263 4.00356831440032 2.35355433428774 1 1.47645127805942 1.55935717109489 1.72827960682798 1 1.15490200270145 1.3945653087391 1 1 1 1 1 1 1.15490200270145 1 1 1 1 1.07697165889642 1.07697165889642 1 1 1 1 1 1 1.15490200270145 1 1 1 1 1.07697165889642 1.55935717109489 1 1.81432199951231 1.81432199951231 1.15490200270145 1 1
-9999 1 1.15490200270145 1 1.31368665558263 1 1 1 1 1 1 1 1 1 1 1 1 1.07697165889642 1 1 1 1 2.44738461611955 2.07893270034503 1.31368665558263 4.11794976551081 1 1 1 1.81432199951231 6.15440707588732 2.73594568186008 1 1 1.07697165889642 1 1 1.15490200270145 1.81432199951231 1.15490200270145 1 1.07697165889642 1.15490200270145 1.31368665558263 2.16934255746675 1 1 1 1 1 1.31368665558263 1 1 1 1 1 1 1 1 1 1.07697165889642 1.07697165889642 1 1.47645127805942 1.31368665558263 1.31368665558263 1 1 1 1
-9999 1 1.47645127805942 1 1 1 1 1 1 1 1 1 1 1 1 1 1 1.07697165889642 1 1 1.07697165889642 1.55935717109489 1 1.3945653087391 1 1.6432956288786 1.3945653087391 1 1 1 1.72827960682798 1.98963511557251 1.31368665558263 1 1 1 1 1.15490200270145 1.07697165889642 2.16934255746675 1.15490200270145 1.47645127805942 1 1 1 1 1.15490200270145 1.15490200270145 1.07697165889642 1.07697165889642 1 1 1 1 1 1 1 1 1 1 1 1 1 1.47645127805942 1.55935717109489 1 1 1 1 1
-9999 1 1.31368665558263 1.2338029718717 1 1 1 1 1 1 1 1 1 1 1 1 1 1 1.2338029718717 1.07697165889642 1.2338029718717 1 1 1 1 1 2.44738461611955 1 1 1.15490200270145 1.2338029718717 1.3945653087391 1 1 1 1 1 1 1 1 1.47645127805942 1.2338029718717 1.07697165889642 1 1 1 1 1.2338029718717 1 1 1 1 1.07697165889642 1 1 1 1 1 1 1.15490200270145 1.15490200270145 1 1 1.47645127805942 1 1 1 1.07697165889642 1 1
-9999 1.3945653087391 1.07697165889642 1.07697165889642 1 1 1 1 1 1 1 1 1 1 1 1 1 1 1.07697165889642 1.31368665558263 1.07697165889642 1.15490200270145 1.07697165889642 1.55935717109489 1 1.2338029718717 1.31368665558263 1.31368665558263 1 1 1.47645127805942 1.6432956288786 1.6432956288786 1 1 1 1.07697165889642 1 1 1 1 1 1 1.47645127805942 1 1.47645127805942 1 1.07697165889642 1.15490200270145 1.2338029718717 1 1.47645127805942 1 1 1.07697165889642 1.31368665558263 1.07697165889642 1 1 1.15490200270145 1.15490200270145 1 1.2338029718717 1 1 1 1 1.55935717109489 1.31368665558263 1
-9999 1 1 1.15490200270145 1 1 1 1 1 1 1 1 1 1 1 1 1 1.07697165889642 1 1.07697165889642 1.07697165889642 1 1.07697165889642 1.2338029718717 1 1.07697165889642 3.13774655628196 1.07697165889642 1 1 1.72827960682798 4.23375549756824 2.54238355830024 1.6432956288786 1.15490200270145 1.72827960682798 2.07893270034503 1.31368665558263 1 1.2338029718717 1.07697165889642 1.07697165889642 1 1.07697165889642 1.07697165889642 1 1 1 1 1.2338029718717 1.31368665558263 1.6432956288786 1.15490200270145 1 1 1 1.07697165889642 1 1.15490200270145 1.15490200270145 2.26087847339487 1.6432956288786 1 1 1 1 1.2338029718717 2.54238355830024 1 1
-9999 -9999 1.57128488766168 1.2338029718717 1 1 1 1 1 1 1 1 1 1 1 1 1.07697165889642 1 1 1.2338029718717 1.6432956288786 1.07697165889642 1 1.47645127805942 1 1 1.07697165889642 1 1 1.6432956288786 1.98963511557251 4.711583192967 1.31368665558263 1.55935717109489 2.73594568186008 1.47645127805942 1.31368665558263 1.15490200270145 1 1 1 1 1 1.15490200270145 1 1.07697165889642 1.07697165889642 1.90143605323514 2.73594568186008 1.72827960682798 1.81432199951231 1.31368665558263 1.15490200270145 1 1 1 1 1 1 1.07697165889642 1.31368665558263 1 1 1 1 1.3945653087391 3.45242585193167 1.07697165889642 1.15490200270145 1
-9999 -9999 1 1 1 1 1 1 1 1 1 1 1 1 1 1 1 1.15490200270145 1.07697165889642 1.2338029718717 3.13774655628196 1.2338029718717 1 1.07697165889642 1.15490200270145 1 1 1 1 1.98963511557251 1.6432956288786 1.90143605323514 1.07697165889642 1.15490200270145 1 1 2.26087847339487 1.81432199951231 1.07697165889642 1 1 1 1 1.3945653087391 1.07697165889642 1 1 1 1 1.07697165889642 1 1.15490200270145 2.16934255746675 2.35355433428774 2.26087847339487 1.15490200270145 1.15490200270145 1.15490200270145 1.81432199951231 1.31368665558263 1 1 1 1 1.98963511557251 2.26087847339487 1.47645127805942 1 1 1.15490200270145
-9999 -9999 1 1 1 1 1 1 1 1 1 1 1 1 1 1 1.15490200270145 1.6432956288786 1.55935717109489 1.2338029718717 1.15490200270145 1 1.07697165889642 1 1 1 1 1 1 1.15490200270145 1.47645127805942 1.31368665558263 1.15490200270145 1 1 1.07697165889642 1 1 1.31368665558263 1 1 1.15490200270145 1.2338029718717 1 1 1 1 1 1 1.07697165889642 1 1 1 1 1.15490200270145 1.3945653087391 1 1 1 1 1.31368665558263 1.47645127805942 2.44738461611955 3.13774655628196 1.47645127805942 1 1 1 1 1
-9999 -9999 -9999 1 1 1 1 1 1 1 1 1 1 1.15490200270145 1 1 1 1.55935717109489 1.2338029718717 1.31368665558263 1.3945653087391 1 1.15490200270145 1 1 1.07697165889642 1 1 1.31368665558263 2.26087847339487 1.3945653087391 2.44738461611955 1 1.07697165889642 1 1 1.15490200270145 1 1.31368665558263 1.47645127805942 1 1 1 1.15490200270145 1 1.07697165889642 1 1.47645127805942 1.07697165889642 1 1 1 1 1 1 1 1 1 1 1 1.07697165889642 1 1 1 1 1 1 1 1 1.07697165889642
-9999 -9999 -9999 1 1 1 1 1 1 1 1 1 1 1 1 1 1 1 1.31368665558263 1 1 1 1.07697165889642 1.72827960682798 1 1 1 1 1.2338029718717 3.55994246636429 2.16934255746675 2.93435947847128 1.3945653087391 1.15490200270145 1 1 1 1.72827960682798 1.47645127805942 1.98963511557251 1 1 1 1 1.2338029718717 1 1 1 1 1 1 1 1.07697165889642 1.2338029718717 1.07697165889642 1 1.07697165889642 1.07697165889642 1.07697165889642 1.31368665558263 1.07697165889642 1 1.07697165889642 1 1 1 1 1 1 1
-9999 -9999 -9999 1 1 1 1 1 1 1.2338029718717 1.15490200270145 1 1 1 1.15490200270145 1 1 1 1 1.07697165889642 1.07697165889642 1.31368665558263 1.3945653087391 1.55935717109489 1 1 1 1 1.31368665558263 1.6432956288786 1.90143605323514 1.15490200270145 1.31368665558263 1 1.15490200270145 1.15490200270145 1 1.47645127805942 1 1.6432956288786 1.3945653087391 1.07697165889642 1 1 1.2338029718717 2.07893270034503 1 1.15490200270145 1 1 1 1.15490200270145 1.2338029718717 1.3945653087391 1.07697165889642 1.07697165889642 1 1 1.07697165889642 1.07697165889642 1.2338029718717 1 1.15490200270145 1 1 1.07697165889642 1 1 1.07697165889642 1
-9999 -9999 -9999 -9999 1 1.07697165889642 1 1.31368665558263 1.07697165889642 1 1.3945653087391 1.07697165889642 1 1 1 1 1 1 1.2338029718717 1.47645127805942 1.47645127805942 1 1 1 1.15490200270145 1 1 1 1.2338029718717 1.72827960682798 1.07697165889642 1.6432956288786 1.07697165889642 1.07697165889642 1 1.07697165889642 1 1.6432956288786 1.07697165889642 1.07697165889642 2.26087847339487 1 1 1 1 1.07697165889642 1.90143605323514 1.72827960682798 1.3945653087391 1 1.47645127805942 1.07697165889642 1.31368665558263 1.07697165889642 1.90143605323514 1 1.2338029718717 1.15490200270145 1 1 1.3945653087391 1 1 1 1 1 1 1 1 1.2338029718717
-9999 -9999 -9999 -9999 1 1 1 1 1 1 1 1 1 1 1 1.07697165889642 1 1 1 1 1.07697165889642 1 1 1.07697165889642 1.31368665558263 1.2338029718717 1 1.07697165889642 1.07697165889642 1.55935717109489 1.15490200270145 1.15490200270145 1.3945653087391 1.31368665558263 1 1 1.2338029718717 1.72827960682798 1.15490200270145 1 1.72827960682798 1.31368665558263 1 1.07697165889642 1 1 1 1 1.07697165889642 1 1 1.72827960682798 1.3945653087391 1.15490200270145 1.15490200270145 1.07697165889642 1.2338029718717 1.3945653087391 1 1 2.16934255746675 1.2338029718717 1.15490200270145 1.15490200270145 1.07697165889642 1.07697165889642 1 1 1.07697165889642 1.2338029718717
-9999 -9999 -9999 -9999 -9999 1 1.85048849605662 1 1 1 1 1.07697165889642 1 1 1 1 1 1 1 1 1.31368665558263 1.47645127805942 1 1.47645127805942 1.15490200270145 1.90143605323514 2.26087847339487 1.3945653087391 1.6432956288786 1.3945653087391 1.07697165889642 1 1.2338029718717 1 1 1 1.15490200270145 1 1.55935717109489 1.07697165889642 1.07697165889642 2.44738461611955 1.07697165889642 1.07697165889642 1 1.15490200270145 1 1 1.2338029718717 1 1 1 1.2338029718717 1.47645127805942 1.07697165889642 1.2338029718717 1 1.6432956288786 1 1.90143605323514 2.07893270034503 1.2338029718717 1.72827960682798 1.2338029718717 1.07697165889642 1 1.07697165889642 1.07697165889642 1 1
-9999 -9999 -9999 -9999 -9999 -9999 1 1 1 1 1.15490200270145 1 1 1.07697165889642 1.15490200270145 1.07697165889642 1 1.31368665558263 1 1 1 1.15490200270145 1.3945653087391 1.90143605323514 2.16934255746675 1.72827960682798 1.72827960682798 2.35355433428774 2.16934255746675 1.47645127805942 1 1 1.07697165889642 1.55935717109489 1 1.15490200270145 1.15490200270145 1.6432956288786 2.35355433428774 1.15490200270145 1.72827960682798 1.3945653087391 2.35355433428774 1.07697165889642 1 1.07697165889642 1 1 1.15490200270145 1 1.07697165889642 1.2338029718717 1.47645127805942 1.72827960682798 1.55935717109489 1.15490200270145 1 1 1 1 1 1 1 1 1.31368665558263 1.90143605323514 2.35355433428774 1.55935717109489 1 1
-9999 -9999 -9999 -9999 -9999 -9999 -9999 1 1.15490200270145 1.3945653087391 1.90143605323514 1.2338029718717 1 1.31368665558263 1.90143605323514 6.72972403468819 3.13774655628196 1.72827960682798 1.07697165889642 1 1 1 1.07697165889642 1.72827960682798 1.15490200270145 1.2338029718717 1.90143605323514 1.2338029718717 1.07697165889642 1 1.15490200270145 1 1 1.2338029718717 1.31368665558263 1 1 1.07697165889642 2.26087847339487 1.3945653087391 1.3945653087391 1.3945653087391 1.15490200270145 1.15490200270145 1.3945653087391 1.55935717109489 1.2338029718717 1.6432956288786 1.72827960682798 1 1 1.2338029718717 1 1 1 1.81432199951231 1.6432956288786 1.3945653087391 1.07697165889642 1 1 1 1 1.15490200270145 1.47645127805942 1.07697165889642 1 1.15490200270145 1.15490200270145 1
-9999 -9999 -9999 -9999 -9999 -9999 -9999 -9999 2.49473702837751 1.07697165889642 1.07697165889642 1 1 1 1 4.83478264477785 8.80898538374657 1.3945653087391 1.98963511557251 1.90143605323514 1 1 1 1.90143605323514 1.72827960682798 1.31368665558263 1.2338029718717 1.15490200270145 1.3945653087391 1.47645127805942 1.72827960682798 1 1.2338029718717 1 1 1 1 1.15490200270145 1.15490200270145 1.47645127805942 1.15490200270145 1.55935717109489 1.07697165889642 1.47645127805942 2.16934255746675 1.81432199951231 1.55935717109489 1.55935717109489 1 1.15490200270145 1.31368665558263 1 1 1 1 1.47645127805942 1.07697165889642 1 1.31368665558263 1.2338029718717 1.6432956288786 1.15490200270145 1 1 1 1 1.07697165889642 1 1 1
-9999 -9999 -9999 -9999 -9999 -9999 -9999 -9999 -9999 1 1.08019953807939 1.07697165889642 1 1.07697165889642 1 1.07697165889642 2.54238355830024 1.55935717109489 1 1.3945653087391 3.77901007119863 1 1 1.2338029718717 1.6432956288786 1.07697165889642 1.47645127805942 1.15490200270145 1.31368665558263 1 1.15490200270145 1 1.07697165889642 1.55935717109489 1 1 1.98963511557251 1.6432956288786 1.2338029718717 1 1.07697165889642 1.07697165889642 1.47645127805942 1.2338029718717 1 1.3945653087391 1.2338029718717 1.07697165889642 1.3945653087391 1 1 1.07697165889642 1 1 1.15490200270145 1.07697165889642 1.07697165889642 1 1 1 1.15490200270145 1.72827960682798 1 1 1 1 1 1 1 1
-9999 -9999 -9999 -9999 -9999 -9999 -9999 -9999 -9999 -9999 1 1 1 1.07697165889642 1.07697165889642 1 1.31368665558263 5.74123176414451 1.2338029718717 1 1.81432199951231 3.66879820302147 1.2338029718717 1 1.72827960682798 1.07697165889642 1 1.07697165889642 1.07697165889642 1 1 1.47645127805942 1 1.07697165889642 1.31368665558263 1 2.35355433428774 1.90143605323514 1.81432199951231 1.3945653087391 1 1 1.15490200270145 1 1 1.15490200270145 1 1 2.44738461611955 1.47645127805942 1 1 1 1 1 1 1.15490200270145 1 1.15490200270145 1 1.07697165889642 1.07697165889642 2.16934255746675 1.15490200270145 1 1 1 1 1 1.15490200270145
-9999 -9999 -9999 -9999 -9999 -9999 -9999 -9999 -9999 -9999 -9999 1 1 1 1 1.07697165889642 1.2338029718717 3.03542371430152 4.46971237252927 1 1.55935717109489 4.58989931699108 2.16934255746675 1 1 1 1 1.07697165889642 1.31368665558263 1 1.2338029718717 1.31368665558263 1 1.15490200270145 1.31368665558263 2.07893270034503 1.55935717109489 2.44738461611955 1.15490200270145 1.07697165889642 1 1 1 1 1 1 1 1 1 1.2338029718717 1.47645127805942 1.98963511557251 1.07697165889642 1 1 1.15490200270145 1 1.07697165889642 1.07697165889642 1.07697165889642 1.2338029718717 1.31368665558263 1 1.6432956288786 1.72827960682798 1.07697165889642 1 1 1.15490200270145 2.35355433428774
-9999 -9999 -9999 -9999 -9999 -9999 -9999 -9999 -9999 -9999 -9999 -9999 1 1 1 1 1 1.47645127805942 1.90143605323514 1.6432956288786 1.31368665558263 1.47645127805942 1.15490200270145 1 1 1 1.15490200270145 1.15490200270145 1.6432956288786 1.3945653087391 1.07697165889642 1 1 1.2338029718717 1.07697165889642 1.31368665558263 1 1.15490200270145 1.72827960682798 1 1.81432199951231 1.15490200270145 1.31368665558263 1 1.15490200270145 1.15490200270145 1 1.15490200270145 2.07893270034503 1.6432956288786 1.2338029718717 1.07697165889642 1.2338029718717 1.2338029718717 1 1 1 1.07697165889642 1.2338029718717 1 1.15490200270145 1.31368665558263 1 1 1.07697165889642 2.07893270034503 2.73594568186008 1.47645127805942 1.15490200270145 1.98963511557251
-9999 -9999 -9999 -9999 -9999 -9999 -9999 -9999 -9999 -9999 -9999 -9999 -9999 1 1 1 1 1.2338029718717 1.55935717109489 2.07893270034503 1 1 1 1 1.81432199951231 1.15490200270145 1 1 1.47645127805942 1 1 1 1 1.07697165889642 1.47645127805942 1 1.15490200270145 1 1 1.55935717109489 1.07697165889642 1 1.3945653087391 1.07697165889642 1.55935717109489 1.2338029718717 1 1.15490200270145 1.2338029718717 1 1.3945653087391 1 1.31368665558263 1 1.2338029718717 1 1.07697165889642 1.07697165889642 1.2338029718717 1.15490200270145 1 1.15490200270145 1 1 1 1 1.15490200270145 1.47645127805942 1.6432956288786 1.90143605323514
-9999 -9999 -9999 -9999 -9999 -9999 -9999 -9999 -9999 -9999 -9999 -9999 -9999 -9999 1 1 1 1 1.15490200270145 1.81432199951231 1.07697165889642 1.07697165889642 1 1.07697165889642 1 1 1 1 1 1.31368665558263 1 1 1 1 1.72827960682798 1.6432956288786 2.44738461611955 1.55935717109489 1 1 1.2338029718717 2.35355433428774 1.55935717109489 1.15490200270145 1.07697165889642 1.31368665558263 1.15490200270145 1.47645127805942 2.44738461611955 2.44738461611955 1.98963511557251 1 1 1 1.15490200270145 1.2338029718717 1 1 1 1.15490200270145 1 1 1 1 1 1.07697165889642 1.2338029718717 1 1 1
-9999 -9999 -9999 -9999 -9999 -9999 -9999 -9999 -9999 -9999 -9999 -9999 -9999 -9999 -9999 -9999 1 1 1 1.15490200270145 1.07697165889642 1 1 1 1.15490200270145 1 1 1 1.07697165889642 1.07697165889642 1.07697165889642 1.07697165889642 1.15490200270145 1 1 1.2338029718717 1.81432199951231 1.31368665558263 1.2338029718717 1.07697165889642 1 1.3945653087391 1 1 1 1 1.15490200270145 1.15490200270145 1 1 1.31368665558263 1 1 1 1 1.07697165889642 1 1 1.07697165889642 1.2338029718717 1 1 1 1 1 1 1 1 1 1
-9999 -9999 -9999 -9999 -9999 -9999 -9999 -9999 -9999 -9999 -9999 -9999 -9999 -9999 -9999 -9999 -9999 1 1 2.28092783420182 1.07697165889642 1 1 1 1 1 1.15490200270145 1 1.2338029718717 1.31368665558263 1.15490200270145 1 1.2338029718717 1.47645127805942 1 1.2338029718717 3.34623157157265 2.26087847339487 1.15490200270145 1.2338029718717 1.72827960682798 1.15490200270145 1 1.47645127805942 1.5837319684319 1.81432199951231 1 1 1.16143985374655 1 1.07697165889642 1 1.2338029718717 1 1 1 1 1 1 1.2338029718717 1.47645127805942 1.07697165889642 1 1 1 1 1 1 1 1
-9999 -9999 -9999 -9999 -9999 -9999 -9999 -9999 -9999 -9999 -9999 -9999 -9999 -9999 -9999 -9999 -9999 -9999 -9999 1 1 1 1 1.07697165889642 1 1.15490200270145 1.15490200270145 1.3945653087391 1 1.3945653087391 1 1.07697165889642 1.2338029718717 1.6432956288786 1.2338029718717 1.81432199951231 2.44738461611955 2.07893270034503 1 1.81432199951231 1 1.31368665558263 1.2338029718717 1.10716333552399 1 -9999 -9999 -9999 -9999 1 1.43004338112406 1 1 1.47645127805942 1 1 1.07697165889642 1 1 1.07697165889642 1.3945653087391 1 1.07697165889642 1.15490200270145 1 1 1 1 1 1
-9999 -9999 -9999 -9999 -9999 -9999 -9999 -9999 -9999 -9999 -9999 -9999 -9999 -9999 -9999 -9999 -9999 -9999 -9999 -9999 -9999 -9999 1 1.32709701926913 1 1 1.15490200270145 1 1.15490200270145 1.15490200270145 1 1 1.07697165889642 1.2338029718717 1 1 1.98963511557251 1.15490200270145 1 1.98963511557251 1.2338029718717 1 1 -9999 -9999 -9999 -9999 -9999 -9999 -9999 1 1 1 1.07697165889642 1.07697165889642 1.3945653087391 1 1.07697165889642 1 1 1.07697165889642 1.07697165889642 1 1.2338029718717 1.07697165889642 1.2338029718717 1 1 1 1
