IBR/IBR_outputs/SS_Optim/PersistForestCover_Total/Results/PersistForestCover_Total.asc
NCOLS 160 
NROWS 95 
XLLCORNER 210004.651214014 
YLLCORNER 7350008.22228844 
CELLSIZE 4999.99999999997 
NODATA_value -9999 
[rows 31 to 61 of 95, columns 0 to 69 of 160]
-9999 -9999 -9999 -9999 -9999 -9999 -9999 -9999 -9999 -9999 -9999 -9999 -9999 -9999 -9999 -9999 -9999 -9999 -9999 -9999 -9999 -9999 -9999 -9999 -9999 -9999 -9999 -9999 -9999 -9999 -9999 -9999 -9999 -9999 -9999 4.15639251340257 1.81432199951231 3.45242585193167 8.63689503887447 18.9367361548554 1.47645127805942 1 1 1 1 1 1 1.15490200270145 1.15490200270145 1 1 1.07697165889642 1 1 1.15490200270145 1 1 1.07697165889642 1 1 1.3945653087391 1.2338029718717 1 1 1 1.07697165889642 1 1.07697165889642 1 1
-9999 -9999 -9999 -9999 -9999 -9999 -9999 -9999 -9999 -9999 -9999 -9999 -9999 -9999 -9999 -9999 -9999 -9999 -9999 -9999 -9999 -9999 -9999 -9999 -9999 -9999 -9999 -9999 -9999 -9999 -9999 -9999 -9999 -9999 25.0024001985488 1.47645127805942 14.8500699706268 3.45242585193167 15.3521278334619 4.23375549756824 1.07697165889642 1 1 1 1 1 1 1 1 1 1 1 1 1 1 1.2338029718717 1.07697165889642 1 1.07697165889642 1.07697165889642 1 1.15490200270145 1.15490200270145 1 1 1 1.47645127805942 1 1 1
-9999 -9999 -9999 -9999 -9999 -9999 -9999 -9999 -9999 -9999 -9999 -9999 -9999 -9999 -9999 -9999 -9999 -9999 -9999 -9999 -9999 -9999 -9999 -9999 -9999 -9999 -9999 -9999 -9999 -9999 -9999 -9999 -9999 -9999 13.3589068293332 1.2338029718717 7.49010897598903 1.81432199951231 2.83453851717013 2.54238355830024 1.15490200270145 1.31368665558263 1 1 1 1 1 1 1 1 1 1 1 1 1 1 1 1 1 1.07697165889642 1 1.15490200270145 1 1 1 1.98963511557251 3.55994246636429 1 1.07697165889642 1
-9999 -9999 -9999 -9999 -9999 -9999 -9999 -9999 -9999 -9999 -9999 -9999 -9999 -9999 -9999 -9999 -9999 -9999 -9999 -9999 -9999 -9999 -9999 -9999 -9999 -9999 -9999 -9999 -9999 -9999 -9999 -9999 -9999 32.6772460473423 3.24134398724572 1 1 1 1 1.15490200270145 1 1.3945653087391 1.15490200270145 1 1 1.15490200270145 1 1 1 1 1 1 1 1 1 1 1 1 1 1 1 1 1 1 1.15490200270145 2.44738461611955 1.55935717109489 1 1 1.31368665558263
-9999 -9999 -9999 -9999 -9999 -9999 -9999 -9999 -9999 -9999 -9999 -9999 -9999 -9999 -9999 -9999 -9999 -9999 -9999 -9999 -9999 -9999 -9999 -9999 -9999 -9999 -9999 -9999 -9999 -9999 10.4575168093775 19.6947006354976 61.4538751883372 7.80768753798865 1.07697165889642 1 1 1.07697165889642 1 1.2338029718717 1.2338029718717 1 1.3945653087391 1.31368665558263 1.07697165889642 1.07697165889642 1 1 1 1 1 1 1 1 1 1 1 1 1 1.07697165889642 1 1 1 1 1.55935717109489 1.31368665558263 1 1 1 1.3945653087391
-9999 -9999 -9999 -9999 -9999 -9999 -9999 -9999 -9999 -9999 -9999 -9999 -9999 -9999 -9999 -9999 -9999 -9999 -9999 -9999 -9999 -9999 -9999 -9999 -9999 -9999 -9999 -9999 -9999 16.1289059245826 4.2132147696761 1.90143605323514 1.47645127805942 1.15490200270145 1 1.07697165889642 1.31368665558263 1.2338029718717 1 1 1.2338029718717 1 1.2338029718717 1 1.07697165889642 1.07697165889642 1 1 1 1 1 1 1 1 1 1 1 1 1 1 1 1 1 1 1 1.31368665558263 1 1 1.15490200270145 1
-9999 -9999 -9999 -9999 -9999 -9999 -9999 -9999 -9999 -9999 -9999 -9999 -9999 -9999 -9999 -9999 -9999 -9999 -9999 -9999 -9999 -9999 -9999 -9999 -9999 -9999 -9999 -9999 34.3883628529987 19.1509073044113 2.93435947847128 4.95951692300186 3.34623157157265 1 1 1.15490200270145 1.55935717109489 1.55935717109489 1.07697165889642 1 1.47645127805942 1.2338029718717 1 1.55935717109489 1.2338029718717 1.07697165889642 2.16934255746675 1.55935717109489 1.2338029718717 1.55935717109489 1.31368665558263 1.15490200270145 1 1 1 1 1 1 1 1.15490200270145 1 1 1 1.07697165889642 1 1 1 1 1 1
-9999 -9999 -9999 -9999 -9999 -9999 -9999 -9999 -9999 -9999 -9999 -9999 -9999 -9999 -9999 -9999 -9999 -9999 -9999 -9999 -9999 -9999 -9999 -9999 -9999 -9999 -9999 -9999 16.8344498462079 2.26087847339487 1.2338029718717 1.31368665558263 3.45242585193167 1 1 1 1.47645127805942 1.81432199951231 1.2338029718717 1 1.07697165889642 1 1 1.31368665558263 1.3945653087391 2.83453851717013 1.31368665558263 1.47645127805942 2.35355433428774 1.07697165889642 1 1.07697165889642 1.15490200270145 1 1 1.15490200270145 1.15490200270145 1.15490200270145 1 1.07697165889642 1 1 1 1.07697165889642 1.15490200270145 1 1.07697165889642 1 1.07697165889642 1
-9999 -9999 -9999 -9999 -9999 -9999 -9999 -9999 -9999 -9999 -9999 -9999 -9999 -9999 -9999 -9999 -9999 -9999 -9999 -9999 -9999 -9999 -9999 -9999 -9999 -9999 -9999 13.5795626627397 3.13774655628196 1 1 1.15490200270145 1.47645127805942 1.90143605323514 1.15490200270145 1 1.07697165889642 1 1 1.07697165889642 1 1 1 1 1.07697165889642 1 1 1 1.07697165889642 1.3945653087391 1.07697165889642 1 1 1 1 1.15490200270145 1.2338029718717 1.3945653087391 1.2338029718717 1 1 1 1 1 1.07697165889642 1 1 1.15490200270145 1 1
-9999 -9999 -9999 -9999 -9999 -9999 -9999 -9999 -9999 -9999 -9999 -9999 -9999 -9999 -9999 -9999 -9999 -9999 -9999 -9999 -9999 -9999 -9999 -9999 -9999 -9999 1280.9242341757 5.74123176414451 1 1 1 1.07697165889642 1.55935717109489 2.73594568186008 1.55935717109489 1.07697165889642 1.3945653087391 1.07697165889642 1 1 1 1 1 1 1.07697165889642 1 1.07697165889642 1.15490200270145 1 1 1.07697165889642 1 1 1 1.81432199951231 1.07697165889642 1 1.07697165889642 1 1 1 1 1 1 1.31368665558263 1 1 1.07697165889642 1.07697165889642 1.47645127805942
-9999 -9999 -9999 -9999 -9999 -9999 -9999 -9999 -9999 -9999 -9999 -9999 -9999 -9999 -9999 -9999 -9999 -9999 -9999 -9999 -9999 -9999 -9999 -9999 21.9274934497129 22.6014898617883 19.2371102561811 1.07697165889642 1 1 1.3945653087391 1.31368665558263 1.3945653087391 1.2338029718717 1.15490200270145 1.07697165889642 1.2338029718717 1 1 1 1 1 1 1.15490200270145 1 1 1 1.15490200270145 1.07697165889642 1 1 1 1.2338029718717 1.3945653087391 1 1.90143605323514 2.63856557233525 5.47418329670589 6.01497344650356 1.47645127805942 1 1 1 1 1.15490200270145 1 1.15490200270145 1.07697165889642 1.55935717109489 1.15490200270145
-9999 -9999 -9999 -9999 -9999 -9999 -9999 -9999 -9999 -9999 -9999 -9999 -9999 -9999 -9999 -9999 -9999 -9999 -9999 -9999 -9999 50.8655077444643 1 7.54249410902194 14.3602900444509 1 1 1 1 1 1 2.16934255746675 1.6432956288786 1 1.55935717109489 1.2338029718717 1 1 1 1 1 1 1 1 1.07697165889642 1.07697165889642 1 1.15490200270145 1 1 1.07697165889642 1 1.15490200270145 1.2338029718717 1 1 1.31368665558263 1.47645127805942 2.26087847339487 17.7717360236385 8.98321808623796 1.3945653087391 1.31368665558263 1.07697165889642 1.07697165889642 1 1.07697165889642 1.07697165889642 1 1.07697165889642
-9999 -9999 -9999 -9999 -9999 -9999 -9999 -9999 -9999 -9999 -9999 -9999 -9999 -9999 -9999 -9999 -9999 -9999 1.67150684088084 1 3.49322762253846 1.72827960682798 1 1.6432956288786 5.74123176414451 6.29557693662475 1.2338029718717 1 1 1.07697165889642 1 1.07697165889642 1.90143605323514 1 1.07697165889642 2.16934255746675 5.21366478246824 1.07697165889642 1 1 1 1 1 1 1.2338029718717 1 1.15490200270145 1 1.15490200270145 1.07697165889642 1 1 1 1.07697165889642 1.07697165889642 1.31368665558263 1.07697165889642 1 1 1.15490200270145 8.80898538374657 2.54238355830024 1.07697165889642 1.15490200270145 1.15490200270145 1.15490200270145 1.15490200270145 1.07697165889642 1 1
-9999 -9999 -9999 -9999 -9999 -9999 -9999 -9999 -9999 -9999 -9999 -9999 -9999 -9999 -9999 117.882160254783 19.6947006354976 1.67150684088084 1 1.3945653087391 1 1 1.47645127805942 2.73594568186008 1.55935717109489 2.93435947847128 1.07697165889642 1 1 1.15490200270145 1 1 1 1 1 1.15490200270145 7.18029686833111 2.16934255746675 1 1 1 1 1 2.54238355830024 6.87806037271871 4.46971237252927 2.93435947847128 2.93435947847128 2.73594568186008 1.81432199951231 1.2338029718717 1 1 1.07697165889642 1.07697165889642 1 1 1 1 1 1.2338029718717 3.66879820302147 6.15440707588732 1.81432199951231 1.2338029718717 1.3945653087391 1 1.6432956288786 1.07697165889642 1
-9999 -9999 -9999 -9999 -9999 -9999 -9999 -9999 -9999 -9999 -9999 -9999 -9999 1 2.03414577475596 4.46971237252927 1.15490200270145 1.07697165889642 1 1 1 1 1.90143605323514 1 1.90143605323514 2.26087847339487 1.2338029718717 1 1 1.07697165889642 1 1 1 1.07697165889642 1 1.15490200270145 1.55935717109489 6.15440707588732 1 1 1.81432199951231 2.26087847339487 2.83453851717013 4.23375549756824 1.98963511557251 1 1.31368665558263 1.07697165889642 2.35355433428774 1.55935717109489 1 1 1.15490200270145 1.07697165889642 1 1 1 1 1 1 1 1 6.87806037271871 8.13322530546368 1 1 1.3945653087391 1.55935717109489 2.63856557233525 1
-9999 -9999 -9999 -9999 -9999 -9999 -9999 -9999 -9999 -9999 -9999 -9999 1 1 1.07697165889642 1.15490200270145 1.15490200270145 1 1 1 1.07697165889642 1.07697165889642 1.07697165889642 1 1.47645127805942 1.81432199951231 1.07697165889642 1.15490200270145 1.07697165889642 1 1 1 1 1 1.2338029718717 1.47645127805942 1.15490200270145 3.66879820302147 2.35355433428774 1.55935717109489 1.15490200270145 1.07697165889642 1.47645127805942 1.6432956288786 1 1 1 1 1 1.2338029718717 1.2338029718717 1.3945653087391 1.15490200270145 1 1 1 1 1 1 1 1 1 1 3.13774655628196 1.81432199951231 1.31368665558263 1.2338029718717 1 2.44738461611955 1.90143605323514
-9999 -9999 -9999 -9999 -9999 -9999 -9999 -9999 -9999 -9999 1.32709701926913 1 1 1 1 1.90143605323514 1.6432956288786 1 1 1 1 1 1 1 1 3.55994246636429 1 1.2338029718717 1.3945653087391 1 1 1 1 1.07697165889642 1 1 1.31368665558263 2.07893270034503 1 1 1 1 1 1.81432199951231 3.66879820302147 1.15490200270145 1 1 1 1 1 1.2338029718717 1 1 1 1 1 1 1 1 1 1 1 1 1.15490200270145 1 1 1 1 1.31368665558263
-9999 -9999 -9999 -9999 -9999 -9999 -9999 -9999 -9999 1 2.92181420089157 1 1 1 1 1.2338029718717 2.26087847339487 1 1.15490200270145 1.31368665558263 1.6432956288786 1 1 1 1 1.07697165889642 1.81432199951231 1 1.31368665558263 1.15490200270145 1 1 1 1 1 1 1 1 1 1 1 1 1 1 1.07697165889642 1.2338029718717 1 1 1 1.07697165889642 1 1 1 1 1 1 1 1 1 1 1 1 1 1 1 1 1 1 1 1
-9999 -9999 -9999 -9999 -9999 -9999 -9999 -9999 -9999 1.30945754842466 1.15490200270145 1 1 1 1 1 1.47645127805942 1 1 1.47645127805942 1.55935717109489 1 1 1 1 1 3.13774655628196 1 1 1 1 1 1 1 1.90143605323514 1.15490200270145 1 1 1 1 1 1 1 1 1 1.07697165889642 1 1 1 1 1 1 1 1 1 1 1 1 1 1 1 1 1 1 1 1 1 1.07697165889642 1 1
-9999 -9999 -9999 -9999 -9999 -9999 -9999 -9999 306.210518224046 9.24476263225272 1 1 1 1 1 1 1.3945653087391 1.55935717109489 1 1.15490200270145 2.16934255746675 1 1 1 1 1 1 1.3945653087391 1 1 1.72827960682798 1.72827960682798 1.07697165889642 1 1.55935717109489 1.81432199951231 1 1.2338029718717 1 1 1 1 1 1 1.07697165889642 1 1 1 1 1 1 1 1 1 1 1 1 1 1 1 1 1.15490200270145 1 1 1 1 1 1 1 1
-9999 -9999 -9999 -9999 -9999 -9999 -9999 -9999 221.200612050588 1.98963511557251 1 1 1 1 1 1 1 2.73594568186008 1.07697165889642 1.81432199951231 1.90143605323514 1 1 1 1 1 1 1 1.2338029718717 1 1 1 1 1 1 2.26087847339487 1.72827960682798 1.07697165889642 1.31368665558263 1.07697165889642 1 1 1 1 1.07697165889642 1 1 1 1 1 1 1 1 1 1 1.15490200270145 1.07697165889642 1 1.15490200270145 1 1 1.07697165889642 1 1 1 1 1 1 1 1
-9999 -9999 -9999 -9999 -9999 -9999 -9999 543.973385378404 5.21366478246824 1 1 1 1 1 1 1 1 1.90143605323514 1 1.55935717109489 1.72827960682798 1 1 1 1.15490200270145 1.55935717109489 1 1 1 1.6432956288786 1 1 1.07697165889642 1 1 1 2.16934255746675 1.07697165889642 1.3945653087391 1 1.07697165889642 1.07697165889642 1 1 1 1 1 1 1 1 1 1.07697165889642 1 1 1 1.07697165889642 1 1 1 1.31368665558263 1.15490200270145 1 1 1 1 1 1.2338029718717 1 1.15490200270145 1.15490200270145
-9999 -9999 -9999 -9999 -9999 -9999 131.253920766352 32.1234747308434 1 1 1 1 1 1 1 1 1.07697165889642 1.90143605323514 1.55935717109489 1.81432199951231 1.55935717109489 1 1 1 1.15490200270145 1.2338029718717 1.31368665558263 1 1.07697165889642 1.72827960682798 1 1 2.16934255746675 1.98963511557251 1.47645127805942 1.07697165889642 1 1.2338029718717 1 1.2338029718717 1 1 1.15490200270145 1.2338029718717 1 1 1 1 1 1 1 1 1 1 1 1 1 1.15490200270145 1.07697165889642 1.31368665558263 1 1 1 1 1 1 1 1 1 1
-9999 -9999 -9999 -9999 -9999 -9999 165.003642150353 2.73594568186008 1 1 1 1 1 1.07697165889642 1 1 1.2338029718717 1.07697165889642 3.13774655628196 1.2338029718717 1.07697165889642 1 1.07697165889642 1 1.31368665558263 1.90143605323514 1.90143605323514 1 1 1.47645127805942 1.47645127805942 1 1.07697165889642 1 1 1.15490200270145 1 1 1.2338029718717 1.47645127805942 1.07697165889642 1 1 1 1.07697165889642 1.07697165889642 1 1 1 1 1 1 1 1 1 1 1 1.31368665558263 1.15490200270145 1.07697165889642 1 1 1.07697165889642 1 1.2338029718717 1 1 1 1 1
-9999 -9999 -9999 -9999 -9999 7.80768753798865 64.1524235641564 1.15490200270145 1 1 1 1 1 1 1 1 1.31368665558263 1.07697165889642 1.3945653087391 3.03542371430152 1.31368665558263 1 1 1 1.07697165889642 1.07697165889642 1.07697165889642 1 1 1 1.2338029718717 1.15490200270145 1 1.15490200270145 1.47645127805942 1.47645127805942 1.90143605323514 1.81432199951231 1.6432956288786 1.15490200270145 1 1 1 1 1 1 1 1 1 1 1 1 1.07697165889642 1.07697165889642 1 1.2338029718717 1 1 1 1 1 1 1 1.07697165889642 1 1.15490200270145 1 1 1 1
-9999 -9999 -9999 -9999 -9999 223.333446155282 24.2340140746642 1 1 1 1 1 1.15490200270145 1.07697165889642 1 1 1.2338029718717 1 1.47645127805942 3.89059430056239 1 1.3945653087391 1 1.2338029718717 1.47645127805942 1.55935717109489 1.47645127805942 1.15490200270145 1 1 1 1 1.31368665558263 1.31368665558263 1.07697165889642 1.15490200270145 1.55935717109489 1.2338029718717 1.2338029718717 2.16934255746675 1.15490200270145 1 1 1 1 1 1 1 1 1 1 1 1 1 1.15490200270145 1 1 1 1 1.07697165889642 1.47645127805942 1.47645127805942 1.07697165889642 1 1 1 1 1 1 1
-9999 -9999 -9999 -9999 -9999 85.1289804978453 1.31368665558263 1 1 1 1 1 1 1 1.15490200270145 1 1 1.07697165889642 1.2338029718717 1.90143605323514 3.24134398724572 1.3945653087391 1.07697165889642 1 1.90143605323514 1.81432199951231 1.07697165889642 1.2338029718717 1 1 1 1 1 1.07697165889642 1 1 1 1.07697165889642 1 1 1.07697165889642 1 1 1.15490200270145 1.07697165889642 1 1 1 1 1.31368665558263 1 1 1 1 1 1 1.07697165889642 1 1.3945653087391 1.3945653087391 1 1 1.15490200270145 1 1 1 1 1 1 1
-9999 -9999 -9999 -9999 465.251991936516 37.5710180723093 1 1 1 1.07697165889642 1 1.07697165889642 1 1 1 1 1 1 1.07697165889642 1 1.3945653087391 2.83453851717013 1.07697165889642 1 1.15490200270145 1.07697165889642 1.15490200270145 1.3945653087391 1 1 1 1.07697165889642 1.15490200270145 1.55935717109489 1 1 1.07697165889642 1 1 1 1 1 1 1.07697165889642 1 1 1.15490200270145 1.15490200270145 1 1.07697165889642 1 1 1 1 1 1 1 1 1.2338029718717 1 1 1 1 1 1 1 1 1 1 1
-9999 -9999 -9999 -9999 126.077207126045 5.40559882407472 1 1 1.07697165889642 1 1.07697165889642 1 1 1 1 1 1 1 1 1 1 2.83453851717013 1 1 1 1.07697165889642 1.2338029718717 1.72827960682798 1 1 1 1 1.07697165889642 1.07697165889642 1 1.07697165889642 1 1.31368665558263 1 1 1 1.07697165889642 1.15490200270145 1 1 1 1 1 1 1 1.47645127805942 1 1 1 1 1 1 1.15490200270145 1.07697165889642 1 1 1 1 1 1 1 1 1 1 1
-9999 -9999 -9999 -9999 39.389514434886 1.55935717109489 1 1 7.02824335405877 1.6432956288786 1.72827960682798 1.2338029718717 1.98963511557251 1.15490200270145 1.55935717109489 1.81432199951231 1.3945653087391 1.2338029718717 1.07697165889642 1 1 3.34623157157265 1.15490200270145 1.2338029718717 1.07697165889642 1.6432956288786 1.2338029718717 1.55935717109489 1.07697165889642 1.2338029718717 1.2338029718717 2.63856557233525 2.35355433428774 1 1 1 1.47645127805942 1.55935717109489 1 1.31368665558263 1.07697165889642 2.26087847339487 1.07697165889642 1 1 1 1 1 1 1 1.07697165889642 1 1 1 1 1 1 1 1 1 1 1 1 1 1 1 1 1 1 1
-9999 1 1.67150684088084 -9999 52.8616947847114 1 1 1.07697165889642 4.23375549756824 11.251254902731 2.07893270034503 1.07697165889642 1.31368665558263 1.15490200270145 1.55935717109489 1.2338029718717 1.2338029718717 1.31368665558263 1.15490200270145 1 1 2.54238355830024 1.2338029718717 1.15490200270145 1.07697165889642 1.2338029718717 1 1.15490200270145 1.07697165889642 1.55935717109489 1.3945653087391 3.13774655628196 1.07697165889642 1 1 1 1.2338029718717 1.2338029718717 2.35355433428774 1.2338029718717 1.72827960682798 1.81432199951231 1.15490200270145 1 1.31368665558263 1 1.07697165889642 1 1 1 1 1 1 1 1 1 1 1 1 1 1 1 1 1 1 1 1 1 1 1.07697165889642
