0.0386852 9.9991E-05 0.124504 0.600313 0.087184 0.0162159 0.132998
0.0216741 9.9993E-05 0.1091 0.756208 0.00399661 0.0240957 0.0848263
9.999E-05 0.0200516 0.289014 0.446867 0.131799 0.0269639 0.0852051
9.9982E-05 9.9982E-05 0.388891 0.35052 0.049451 0.0134932 0.197445
0.0512622 0.00928177 0.339604 0.595264 9.9982E-05 0.00438804 9.9982E-05
0.0803881 9.9964E-05 0.341023 0.578189 9.9964E-05 9.9964E-05 9.9964E-05
0.0457104 9.9982E-05 0.350069 0.363154 0.0688033 9.9982E-05 0.172063
9.9973E-05 9.9973E-05 0.385012 0.427485 9.9973E-05 0.0445822 0.142621
0.0381796 0.0863218 0.0153789 0.771306 0.0765823 0.0121316 9.9991E-05
0.0163092 9.9991E-05 0.162553 0.442273 0.13979 0.0307343 0.20824
9.999E-05 0.0677647 0.0784455 0.314962 0.0308428 0.0451294 0.462756
0.0813308 0.00676422 0.0349723 0.554505 0.162228 0.00818776 0.152013
0.0596143 0.045285 0.0295591 0.0943395 0.0562757 0.0168321 0.698094
9.9973E-05 0.121987 9.9973E-05 0.549961 0.152144 9.9973E-05 0.175608
0.125522 9.9982E-05 0.183934 0.540562 0.114605 0.0351762 9.9982E-05
0.00423134 9.9991E-05 0.212685 0.528879 0.0532241 0.0351638 0.165717
0.050352 9.9973E-05 0.174892 0.603935 0.170521 9.9973E-05 9.9973E-05
0.0211296 9.9982E-05 0.089332 0.806563 0.0475463 0.0352286 9.9982E-05
0.124734 0.0734265 0.0458815 0.174436 0.44901 0.0600674 0.0724443
0.0391442 9.9973E-05 9.9973E-05 0.183153 0.624483 9.9973E-05 0.15292
9.9982E-05 0.0653606 0.112907 0.161336 0.653285 0.00691201 9.9982E-05
0.064774 9.9982E-05 9.9982E-05 0.0200517 0.766716 0.000935714 0.147322
0.0506213 9.9982E-05 0.0502664 9.9982E-05 0.840847 0.0378024 0.020263
0.0520741 0.0176922 9.9982E-05 0.224349 0.671755 0.0339296 9.9982E-05
0.0229763 9.9973E-05 0.307985 9.9973E-05 0.632247 9.9973E-05 0.0364918
0.0864995 9.9973E-05 0.00463519 0.0335753 0.87499 9.9973E-05 9.9973E-05
0.00864443 0.0506186 0.00262823 9.9991E-05 0.831528 0.0221022 0.0843786
0.1034 9.9982E-05 9.9982E-05 0.0784777 0.745208 0.0236471 0.0490674
0.0238491 0.00485799 9.9973E-05 0.0878055 0.883188 9.9973E-05 9.9973E-05
0.119794 9.9973E-05 0.17557 9.9973E-05 0.703245 0.00109101 9.9973E-05
0.0976439 9.9964E-05 9.9964E-05 9.9964E-05 0.847169 9.9964E-05 0.0547874
9.9973E-05 0.0725111 9.9973E-05 0.0833977 0.809604 0.0341868 9.9973E-05
0.0839484 9.9973E-05 0.0846479 9.9973E-05 0.782696 0.0484075 9.9973E-05
0.0104951 9.9991E-05 0.139826 0.415026 0.144338 0.0562326 0.233982
9.9973E-05 0.0578064 0.279135 0.431214 0.231545 9.9973E-05 9.9973E-05
0.0604689 9.9964E-05 0.892667 9.9964E-05 0.0464642 9.9964E-05 9.9964E-05
0.0237571 9.9991E-05 0.769833 0.0554542 0.0460654 0.0278032 0.076987
0.0343669 0.105874 0.269049 0.363105 0.128351 0.0151332 0.084121
9.995E-05 9.995E-05 9.995E-05 9.995E-05 9.995E-05 0.9994 9.995E-05
9.9982E-05 0.0534714 0.0219435 9.9982E-05 0.760045 0.00659454 0.157746
0.0377516 0.0839748 0.32052 0.433362 0.124192 9.9982E-05 9.9982E-05
9.9973E-05 9.9973E-05 0.0698303 0.647291 0.142108 9.9973E-05 0.140471
0.174107 9.9982E-05 0.151147 0.263071 0.265214 9.9982E-05 0.146261
0.125435 0.0188785 9.9991E-05 0.21061 0.0358642 0.0297163 0.579396
0.036979 9.9973E-05 0.115271 9.9973E-05 9.9973E-05 0.00230354 0.845146
9.995E-05 9.995E-05 9.995E-05 9.995E-05 9.995E-05 0.9994 9.995E-05
9.999E-05 0.0364878 0.164606 0.313887 0.150459 0.0848881 0.249573
0.174777 9.9982E-05 0.344131 0.106575 0.0929294 9.9982E-05 0.281388
9.9982E-05 0.123684 9.9982E-05 0.373522 0.285615 0.0280679 0.188912
0.527776 0.305849 9.9982E-05 0.0843364 9.9982E-05 0.0209799 0.0608588
0.22407 0.616029 0.0519818 0.0478696 9.9991E-05 0.0153221 0.0446269
0.30652 0.526208 0.0279072 0.120398 0.0187664 9.9982E-05 9.9982E-05
0.140833 0.603954 0.0782218 9.9982E-05 9.9982E-05 0.0526054 0.124186
0.134669 0.731293 0.0122711 9.9982E-05 0.0784114 0.0431562 9.9982E-05
0.147855 0.747896 0.0236639 0.00648017 0.0739056 9.9982E-05 9.9982E-05
9.9955E-05 0.747739 9.9955E-05 0.251761 9.9955E-05 9.9955E-05 9.9955E-05
0.534525 0.329575 9.9973E-05 0.111827 9.9973E-05 0.023773 9.9973E-05
0.9994 9.995E-05 9.995E-05 9.995E-05 9.995E-05 9.995E-05 9.995E-05
0.0402949 0.766225 9.9982E-05 0.0799073 9.9982E-05 0.0452493 0.0681237
0.318736 0.375606 0.0299029 0.0754171 9.9991E-05 0.0217779 0.17846
0.9994 9.995E-05 9.995E-05 9.995E-05 9.995E-05 9.995E-05 9.995E-05
0.223158 0.53258 9.9991E-05 0.0945213 0.0660237 0.0115102 0.0721066
0.182244 0.164858 9.9991E-05 0.0305038 0.00705877 0.0577489 0.557486
9.9982E-05 0.0453201 0.037656 0.141975 0.727005 0.0478439 9.9982E-05
9.9982E-05 0.0349806 9.9982E-05 0.181195 0.690132 0.0448987 0.0485938
0.0318525 9.9973E-05 0.154262 9.9973E-05 0.800079 0.0135067 9.9973E-05
0.0789928 0.657235 0.0497864 0.025541 0.0233433 0.0107044 0.154397
0.109933 0.409065 0.0526963 9.9982E-05 9.9982E-05 0.0748265 0.353279
0.0592452 0.719193 0.0212207 0.0675864 0.0755148 0.0073119 0.0499281
0.0951811 0.58658 9.9982E-05 9.9982E-05 0.0173182 0.0405527 0.260168
0.0838154 0.7599 0.12152 9.9973E-05 9.9973E-05 0.0344648 9.9973E-05
0.100354 0.0733556 9.9973E-05 0.209925 9.9973E-05 9.9973E-05 0.616065
0.0895756 9.9964E-05 9.9964E-05 0.181126 9.9964E-05 9.9964E-05 0.728899
0.187357 9.9964E-05 0.175162 9.9964E-05 9.9964E-05 9.9964E-05 0.637081
9.9955E-05 9.9955E-05 9.9955E-05 9.9955E-05 9.9955E-05 0.0187762 0.980724
9.9982E-05 0.0109827 9.9982E-05 0.0416244 0.0708779 0.0491483 0.827167
0.0961829 9.9964E-05 9.9964E-05 9.9964E-05 9.9964E-05 0.00951173 0.893906
0.0409585 9.9991E-05 0.149596 0.0698902 0.0885407 0.0150237 0.635891
0.112889 0.6028 9.9973E-05 0.187791 9.9973E-05 9.9973E-05 0.0962195
0.222173 0.25688 0.0842245 0.0604022 9.9991E-05 0.12535 0.25087
0.294614 0.46059 0.0166842 9.9991E-05 0.0675546 0.0320532 0.128404
0.183368 0.614676 9.9982E-05 9.9982E-05 0.0924017 0.0307158 0.0786385
9.9973E-05 0.749053 9.9973E-05 0.139998 9.9973E-05 0.0430854 0.0675635
9.9982E-05 0.0350181 9.9982E-05 0.130377 0.620329 0.0272928 0.186783
0.160615 0.167478 0.104376 0.00326036 0.118093 9.9991E-05 0.446078
0.047208 0.0480788 9.9964E-05 9.9964E-05 9.9964E-05 9.9964E-05 0.904313
9.995E-05 9.995E-05 9.995E-05 9.995E-05 9.995E-05 0.9994 9.995E-05
9.9973E-05 9.9973E-05 0.217789 0.500444 0.178848 9.9973E-05 0.10262
0.0459003 9.9991E-05 0.205657 0.630038 0.0695234 0.0239001 0.0248811
0.145677 9.9991E-05 0.176033 0.499995 0.0898454 0.0294736 0.0588753
0.0316178 0.0871135 9.9991E-05 0.43202 0.213397 0.0415236 0.194229
0.026189 0.034692 0.487593 0.416483 0.0348424 9.9982E-05 9.9982E-05
0.207331 9.9964E-05 0.0321807 9.9964E-05 9.9964E-05 9.9964E-05 0.760088
0.0460785 0.0144795 0.219746 0.0649819 0.515452 0.0240391 0.115224
9.9982E-05 0.218101 0.0897982 0.0233833 9.9982E-05 0.0639904 0.604527
9.9982E-05 0.0644237 0.323634 9.9982E-05 0.278146 0.003259 0.330337
0.0823518 9.9964E-05 9.9964E-05 0.900611 0.0166377 9.9964E-05 9.9964E-05
9.9964E-05 9.9964E-05 0.453887 0.380531 9.9964E-05 9.9964E-05 0.165183
9.9973E-05 9.9973E-05 0.0640673 0.543042 0.157994 9.9973E-05 0.234597
0.0983245 9.9964E-05 9.9964E-05 0.664937 9.9964E-05 9.9964E-05 0.236339
9.9955E-05 9.9955E-05 0.829492 9.9955E-05 9.9955E-05 9.9955E-05 0.170008
9.9955E-05 9.9955E-05 9.9955E-05 0.752843 9.9955E-05 9.9955E-05 0.246657
0.097853 0.183491 0.167619 9.9991E-05 0.0551358 0.0202359 0.475565
9.9982E-05 0.148729 9.9982E-05 0.057801 0.0843027 0.089461 0.619506
0.0793074 0.105004 9.9982E-05 0.0787576 9.9982E-05 0.0859096 0.650821
9.9973E-05 9.9973E-05 0.145678 0.0827337 0.16834 9.9973E-05 0.602948
0.0453789 0.102208 9.9982E-05 0.324943 0.097452 9.9982E-05 0.429818
9.9973E-05 0.0945679 0.238871 0.289842 0.376419 9.9973E-05 9.9973E-05
0.177223 0.63169 0.155868 9.9982E-05 0.00459788 0.0304206 9.9982E-05
0.074178 0.679433 9.9991E-05 0.0297207 0.00173293 0.026447 0.188389
0.131179 0.0828563 0.0292964 0.0830332 0.155094 9.9991E-05 0.518441
0.21076 9.9991E-05 0.0518433 0.257359 0.0885002 0.0251192 0.366319
0.194818 0.0249947 0.110454 9.9991E-05 0.280158 0.0370568 0.352418
0.00868738 9.9973E-05 0.0544943 9.9973E-05 0.682575 9.9973E-05 0.253943
9.9973E-05 0.661753 9.9973E-05 9.9973E-05 0.0793735 0.0226037 0.23597
0.167291 0.516478 9.9973E-05 0.0597042 9.9973E-05 9.9973E-05 0.256227
0.15685 0.355993 0.148026 9.9973E-05 9.9973E-05 9.9973E-05 0.338831
0.0717529 9.9991E-05 0.25779 0.11804 0.459633 0.0630106 0.0296738
0.0489901 0.0447216 9.9982E-05 0.752134 0.147559 0.00639493 9.9982E-05
9.9982E-05 0.0586789 0.367084 0.481409 9.9982E-05 0.0103913 0.082236
0.0564864 0.0921028 0.27462 0.576491 9.9973E-05 9.9973E-05 9.9973E-05
9.9973E-05 0.0207378 0.214271 0.470524 0.294168 9.9973E-05 9.9973E-05
9.9991E-05 0.0328297 0.31136 0.473871 0.117285 0.00427575 0.0602787
9.9973E-05 0.0851457 0.0877611 0.783611 0.043182 9.9973E-05 9.9973E-05
0.0619269 0.0139802 0.0834796 0.823643 9.9982E-05 0.0167708 9.9982E-05
9.9982E-05 0.0754866 0.218152 0.295721 0.331862 9.9982E-05 0.0785787
9.9982E-05 0.0226859 0.00677587 0.811046 0.0718273 9.9982E-05 0.0874648
0.00396743 9.9982E-05 9.9982E-05 0.739559 0.135593 0.0224416 0.0982387
0.0512213 9.9991E-05 0.193566 0.635393 0.0246801 0.0359427 0.0590966
0.066629 0.0580895 0.0146034 0.538774 0.172919 9.9991E-05 0.148885
0.00965627 0.0635638 0.0171251 0.778495 9.9991E-05 0.034605 0.0964553
0.0798781 9.9973E-05 9.9973E-05 0.552049 0.159702 9.9973E-05 0.208071
0.0195386 0.0217565 0.103005 0.794786 0.00932778 0.00420258 0.0473831
9.9964E-05 0.00249977 0.195948 9.9964E-05 0.801152 9.9964E-05 9.9964E-05
9.9955E-05 9.9955E-05 0.0965948 9.9955E-05 0.902905 9.9955E-05 9.9955E-05
9.9973E-05 9.9973E-05 0.02462 0.0757593 0.862663 0.0366577 9.9973E-05
9.9964E-05 0.098291 9.9964E-05 0.118307 0.783002 9.9964E-05 9.9964E-05
9.9982E-05 0.0741498 9.9982E-05 0.114559 0.769091 0.00971568 0.0322849
9.9982E-05 0.0605097 0.316527 0.386747 9.9982E-05 0.0123824 0.223634
9.9964E-05 9.9964E-05 0.916927 9.9964E-05 0.0722113 0.0104623 9.9964E-05
0.601361 0.397443 0.000795953 9.9964E-05 9.9964E-05 9.9964E-05 9.9964E-05
0.0174624 0.805836 9.9991E-05 0.0266766 0.0889181 0.0332412 0.027766
0.104904 0.773056 0.10811 9.9973E-05 9.9973E-05 0.0136293 9.9973E-05
9.9973E-05 0.654348 9.9973E-05 0.105336 9.9973E-05 0.000793388 0.239223
0.161813 0.711843 9.9973E-05 9.9973E-05 9.9973E-05 0.0267479 0.0992957
0.192988 0.665662 9.9973E-05 9.9973E-05 0.13726 0.00378984 9.9973E-05
9.9973E-05 0.918081 9.9973E-05 0.0220361 9.9973E-05 0.0409115 0.018671
0.334852 0.560689 9.9982E-05 9.9982E-05 0.0831934 0.000762908 0.020303
0.12922 0.725548 9.9973E-05 9.9973E-05 0.0651863 9.9973E-05 0.0797463
0.243371 0.636089 0.000165066 9.9973E-05 0.120074 9.9973E-05 9.9973E-05
9.9982E-05 0.791714 0.0173555 0.00548332 9.9982E-05 0.0284389 0.156808
0.0851108 0.725578 0.0150528 0.00245312 0.0322827 0.0406536 0.0988692
0.0810818 0.716633 9.9991E-05 0.0901527 0.025696 0.0117886 0.0745477
0.160692 0.728183 0.0236065 9.9973E-05 0.087218 9.9973E-05 9.9973E-05
0.183639 0.600588 0.0454631 9.9982E-05 9.9982E-05 0.02207 0.14804
0.0304175 0.849233 0.109967 9.9973E-05 9.9973E-05 0.010083 9.9973E-05
0.0787309 0.78081 0.0708715 9.9982E-05 0.0355665 0.0338212 9.9982E-05
9.9964E-05 0.120879 9.9964E-05 0.0526193 9.9964E-05 9.9964E-05 0.826102
9.9964E-05 9.9964E-05 0.0441423 9.9964E-05 0.02593 9.9964E-05 0.929528
9.9964E-05 0.871895 0.101008 9.9964E-05 9.9964E-05 9.9964E-05 0.0266969
0.31235 0.414279 0.224975 0.0328558 0.00435522 0.0110844 9.9991E-05
0.9994 9.995E-05 9.995E-05 9.995E-05 9.995E-05 9.995E-05 9.995E-05
0.190056 9.9973E-05 0.127668 0.098968 9.9973E-05 9.9973E-05 0.583008
9.9982E-05 0.0358823 0.274747 0.66621 9.9982E-05 0.00753121 0.01543
9.9982E-05 0.0340658 0.124972 0.675887 0.129342 0.0355333 9.9982E-05
0.0957984 9.9982E-05 0.194297 0.26238 0.376953 9.9982E-05 0.0703713
0.0536984 9.9973E-05 9.9973E-05 0.348905 0.531586 9.9973E-05 0.06551
9.9973E-05 0.00327618 0.00825703 9.9973E-05 0.721717 9.9973E-05 0.26645
0.0729009 9.9973E-05 9.9973E-05 0.121224 0.804437 0.00113803 9.9973E-05
9.9982E-05 9.9982E-05 0.0225054 0.165878 0.696129 0.012501 0.102786
9.9991E-05 0.0242272 0.0614036 0.0874775 0.706984 0.0190155 0.100792
9.9991E-05 0.0797587 0.0883305 0.00195887 0.680425 0.032447 0.11698
9.9973E-05 0.11114 9.9973E-05 0.134358 0.710909 0.0432934 9.9973E-05
0.0647002 0.0133558 0.278164 0.562356 0.0579005 0.0234237 9.9991E-05
0.069157 9.9982E-05 0.593694 0.285959 0.00184488 0.0491448 9.9982E-05
0.0310318 9.9964E-05 0.935998 9.9964E-05 9.9964E-05 0.0325707 9.9964E-05
9.9964E-05 0.0143969 0.983091 9.9964E-05 9.9964E-05 9.9964E-05 0.00211196
9.9955E-05 9.9955E-05 0.985998 9.9955E-05 9.9955E-05 0.0135026 9.9955E-05
9.9973E-05 0.0223943 0.736388 9.9973E-05 0.0384627 9.9973E-05 0.202455
0.0861676 9.9991E-05 0.0374516 0.612602 0.147484 0.0135249 0.10267
0.0742624 0.0104526 9.9982E-05 0.653317 0.0713623 9.9982E-05 0.190406
9.9973E-05 0.0353076 9.9973E-05 0.769924 9.9973E-05 0.0503938 0.144075
9.9982E-05 0.0945154 0.227085 0.50812 0.155529 0.0145506 9.9982E-05
9.9982E-05 0.0943109 0.191273 0.598607 0.0773647 0.0382442 9.9982E-05
9.9982E-05 0.130272 9.9982E-05 0.0798451 0.622997 0.126841 0.0398448
0.582257 0.233433 0.000665364 0.0217729 9.9991E-05 0.00995474 0.151816
0.141474 0.68185 0.0536786 9.9982E-05 0.0956994 0.0270981 9.9982E-05
0.0306055 0.844573 9.9973E-05 9.9973E-05 0.0306782 9.9973E-05 0.0938438
9.9991E-05 0.723382 0.044984 0.0945274 0.0309746 0.00755271 0.0984796
0.0926455 0.697238 0.132414 9.9982E-05 0.0489565 0.0285456 9.9982E-05
0.0565359 0.0620461 0.067027 0.328522 0.215524 0.0158614 0.254484
0.0604852 9.9991E-05 0.0826481 0.554453 0.216541 0.0137741 0.0719987
0.0489703 9.9982E-05 0.0153458 0.857746 0.0476739 0.0300644 9.9982E-05
9.9973E-05 9.9973E-05 9.9973E-05 0.563076 0.177337 0.0479541 0.211333
