9.9991E-05 0.18663 0.81327
9.999E-05 0.119685 0.880215
9.999E-05 0.249443 0.750457
0.00558541 0.0708412 0.923573
0.0182424 0.0205717 0.961186
0.061733 0.0324463 0.905821
0.0166567 0.0888145 0.894529
0.0313098 0.0151052 0.953585
0.0453469 0.25078 0.703873
0.0445513 0.288434 0.667014
0.203954 0.117827 0.678219
0.0752047 0.283058 0.641737
0.343384 0.13153 0.525086
0.124368 0.255342 0.62029
0.0781115 0.268115 0.653774
0.0296284 0.197486 0.772886
9.9991E-05 0.300738 0.699162
9.9991E-05 0.124482 0.875418
0.222528 0.707475 0.0699963
0.0222517 0.778985 0.198763
9.9991E-05 0.794729 0.205171
0.0654526 0.893564 0.0409838
9.999E-05 0.9998 9.999E-05
0.0307224 0.934741 0.0345368
9.9991E-05 0.75682 0.24308
9.9991E-05 0.979743 0.0201572
0.0474211 0.952479 9.9991E-05
0.0634518 0.936448 9.9991E-05
0.0160291 0.979021 0.00494944
0.074155 0.925745 9.9991E-05
0.0180068 0.977684 0.00430963
0.0160563 0.967762 0.0161821
0.0128794 0.966291 0.0208298
0.0299724 0.277535 0.692492
0.0267341 0.294623 0.678643
0.0501828 0.149451 0.800366
0.0292672 0.119149 0.851584
0.169277 0.199053 0.63167
0.383546 0.616354 9.9991E-05
0.0630124 0.926812 0.010176
0.0834925 0.254999 0.661508
9.9991E-05 0.192947 0.806953
0.186051 0.364424 0.449525
0.307095 0.176552 0.516353
0.258785 0.101773 0.639441
0.403318 0.596582 9.9991E-05
0.1247 0.296907 0.578393
0.25293 0.155241 0.591829
0.163756 0.392921 0.443323
0.892137 0.107763 9.9991E-05
0.929608 0.0355306 0.0348619
0.891614 9.9991E-05 0.108286
0.843073 0.00382868 0.153099
0.904912 0.0949881 9.9991E-05
0.921095 0.0643299 0.0145755
0.788895 9.9991E-05 0.211005
0.867786 0.0922216 0.0399928
0.916931 0.0829695 9.9991E-05
0.857305 0.00831392 0.134381
0.742561 9.9991E-05 0.257339
0.934328 0.0655719 9.9991E-05
0.80167 0.0555695 0.14276
0.57313 0.118036 0.308833
0.019528 0.881285 0.099187
0.0304351 0.831206 0.138359
9.9991E-05 0.930222 0.0696784
0.813479 0.0720321 0.114489
0.712811 0.0479052 0.239283
0.801377 0.105822 0.0928001
0.896321 0.0225592 0.0811202
0.902611 0.0807427 0.0166467
0.379397 9.9991E-05 0.620503
0.320639 0.0386682 0.640693
0.358557 0.0286462 0.612797
0.358379 0.0889278 0.552693
0.257634 0.247505 0.494861
0.329524 0.095052 0.575424
0.279089 0.183856 0.537054
0.781484 9.9991E-05 0.218416
0.603391 0.0450939 0.351515
0.854596 0.0344079 0.110996
0.877863 0.122037 9.9991E-05
0.789934 9.9991E-05 0.209966
0.0617983 0.806625 0.131577
0.472405 0.115248 0.412347
0.414579 9.9991E-05 0.585321
0.397252 0.602648 9.9991E-05
9.9991E-05 0.237802 0.762098
9.9991E-05 0.241464 0.758436
0.0527083 0.271172 0.676119
0.179778 0.335727 0.484494
0.0257013 0.0839883 0.89031
0.458801 0.0566924 0.484507
0.0380899 0.642553 0.319357
0.445833 9.9991E-05 0.554067
0.15606 0.428323 0.415617
9.9991E-05 0.211669 0.788231
0.0103675 0.103937 0.885695
9.9991E-05 0.195571 0.804329
0.0813765 0.104196 0.814428
0.0231127 0.0734032 0.903484
9.9991E-05 0.10452 0.89538
0.476929 0.0714337 0.451638
0.413387 0.162593 0.42402
0.432156 0.0872706 0.480574
0.125003 0.3241 0.550897
0.244335 0.155333 0.600332
0.0457202 0.539889 0.414391
0.823016 0.0668292 0.110155
0.852119 0.0553255 0.0925551
0.39497 0.223096 0.381934
0.34183 0.134683 0.523487
0.31459 0.348439 0.336971
0.0440841 0.827649 0.128267
0.841261 0.138604 0.0201355
0.81121 9.9991E-05 0.18869
0.623676 9.9991E-05 0.376224
0.0497461 0.569477 0.380777
9.9991E-05 0.314794 0.685106
0.029538 0.0451936 0.925268
0.077749 0.0504291 0.871822
9.9991E-05 0.341358 0.658542
9.9991E-05 0.261786 0.738114
0.0341738 0.0797345 0.886092
0.0351823 9.9991E-05 0.964718
0.0129666 0.430678 0.556355
9.9991E-05 0.174805 0.825095
9.9991E-05 0.2065 0.7934
0.0112071 0.216727 0.772066
0.128522 0.31533 0.556148
0.0363732 0.116297 0.84733
0.0819044 0.308938 0.609158
0.0463731 0.0594889 0.894138
0.02288 0.937069 0.0400511
9.9991E-05 0.970217 0.0296833
9.999E-05 0.9998 9.999E-05
0.0579734 0.861779 0.0802473
0.0563831 0.894771 0.0488462
0.112712 9.9991E-05 0.887188
9.9991E-05 0.206888 0.793012
0.9998 9.999E-05 9.999E-05
0.86385 0.108893 0.0272569
0.936849 0.00355069 0.0596003
0.756683 0.0318284 0.211489
0.921931 9.9991E-05 0.0779687
0.887117 0.112783 9.9991E-05
0.96677 9.9991E-05 0.0331302
0.945564 0.0543364 9.9991E-05
0.889049 0.105414 0.00553703
0.895882 0.104018 9.9991E-05
0.916613 0.0420744 0.0413124
0.839688 0.0475729 0.112739
0.841989 0.0569033 0.101108
0.92987 0.0700298 9.9991E-05
0.917769 9.9991E-05 0.0821313
0.955784 9.9991E-05 0.0441161
0.910067 0.0898334 9.9991E-05
0.375984 0.0442556 0.57976
0.226688 0.0915722 0.68174
0.942178 9.9991E-05 0.0577219
0.745779 0.00033072 0.25389
0.954407 0.0454925 9.9991E-05
0.335653 9.9991E-05 0.664247
0.000637521 0.021448 0.977914
9.9991E-05 0.299566 0.700334
0.0653303 0.512448 0.422221
9.9991E-05 0.681717 0.318183
0.0638262 0.827484 0.10869
0.0433739 0.891532 0.0650941
9.9991E-05 0.812928 0.186972
0.00388961 0.835978 0.160133
0.122083 0.877817 9.9991E-05
0.108377 0.829015 0.0626078
9.9991E-05 0.167808 0.832092
0.107933 0.0802185 0.811848
0.0619306 9.9991E-05 0.937969
9.999E-05 9.999E-05 0.9998
9.999E-05 9.999E-05 0.9998
0.0834429 0.0087033 0.907854
9.9991E-05 0.341367 0.658533
0.110187 0.224675 0.665138
0.0668157 0.11731 0.815874
0.0486266 0.276112 0.675261
0.0253634 0.212514 0.762123
0.161952 0.763238 0.0748096
0.833541 0.0072165 0.159243
0.867809 0.132091 9.9991E-05
0.944339 0.0397619 0.0158995
0.761506 9.9991E-05 0.238394
0.83994 0.0579562 0.102103
0.141693 0.306254 0.552052
0.0063419 0.350736 0.642922
9.9991E-05 0.248613 0.751287
0.0193214 0.372494 0.608184
