0,9.69429206760313,11.6029947619315,12.0320322566005,14.080483758945,15.1238912553829,18.2379660916218,15.1746742013315,33.2355512983793,33.7637985025824,70.6127970188847,38.6493751179952,36.3710911575897,35.771862728648,39.8438654131329,45.9687947567885,38.5020603099476,36.4643473895676,36.9687149947421,39.1024158158608,30.8782656590896,29.2429051223902,29.6353462287443,42.8299164864975,68.1304125626011,75.7743446839686,47.7447671742878,49.9409822249992,40.163624480187,30.9974325080422,29.3137895314588,33.7690925992206,55.8482316112088,43.4578323956871,49.9811703569264,44.500711319435,47.2554281546659,58.5312931210074,58.8486373591696,58.8215162909557,58.9039770441176,61.639509611931,58.4715706944169,58.6545457039308,63.1395670453091,60.4457004836404,65.595016477847,63.046047346133,67.2000476972816,60.3705271661977,60.9082901512632,37.1352588736105,39.4694990212603,35.2761994243635,39.1166338114634,33.4090798209641,35.3200933748317,33.807696172137,23.2505725120448,33.2267877600118,28.7604200100281,29.4329595969166,24.7414223337639,45.9452346985737,23.8430185942426,38.0332765586649,66.2840993414721,69.4054646948343,66.078778597042,63.1425317562728,61.4234613352631,58.2845539932464,64.9457697564556,66.8773129222384,77.1009511422888,35.3616454928924,44.4828256416276,67.5119716557345,28.7161316231579,26.611875549813,33.0910384726608
9.69429206760313,0,12.2397958965481,10.0747281350412,10.4545170013791,14.9101735083165,17.7613149330537,13.9522969733338,31.9149675070401,32.4442985886057,70.0302420736716,37.3440451244228,35.0621728557694,34.4585392056513,39.3910426980552,45.4939277274708,37.526758774036,35.5500736933582,36.0066675962463,38.1828762229166,30.5411630922026,28.961386759601,29.3604160942887,42.0687108455072,67.6206204449834,75.2540699871372,46.8722806483613,49.1080657509291,39.7370244225003,29.6966636260812,28.0111603902366,32.463493168717,55.3379515823571,43.1891687115198,49.4972468694951,44.0189820847918,45.9627571016713,57.966787541835,58.2852670941348,58.2571961489225,58.3290434502398,61.0641145531492,57.8952551837363,58.0776911899486,62.5663086663437,59.8754198230392,65.0231943655328,62.474640007003,66.6290027268923,59.7985917613189,60.3390153086533,36.4329337511597,38.7874473269962,34.6051110885695,38.3139541057583,32.8460070951929,34.7658434986167,33.2410598750041,23.1391252014049,33.0214156041505,28.6295289762776,29.3069894693436,24.7043541984866,44.9809150780091,22.7699475866726,37.0372917024451,65.7320041752173,68.8548504190494,65.5274979067563,62.5904243275294,60.8416322611183,57.7030787720748,64.3694375803567,66.3012298589921,76.5105464619946,34.6159226501534,43.7601083738544,66.9381045467594,28.1751964729827,26.645016546689,31.7481853217323
11.6029947619315,12.2397958965481,0,15.9355352784896,16.42363766852,12.6764254742397,17.1354401701344,13.5492372719537,34.2881120713212,34.8122021727919,71.4725873184926,39.743688363044,37.4613773755762,36.8444973661764,40.7099400306366,46.8185303467454,39.8196535813094,37.775621924286,38.2814939884198,40.4167458525345,32.2187987148473,30.5201507922116,30.932778675064,43.5839932405115,69.0517190116542,76.6832661286197,48.5046557634405,50.6936292899225,41.0940360915217,31.8942242762077,30.2046288053362,34.7198437679035,56.7475959639839,44.626774832235,50.8181718407051,45.3337078428821,48.3716701294201,59.3990819907429,59.717296095987,59.6902924414093,59.7644460878293,62.5001340682457,59.3312500003367,59.5143632412375,64.0037578846094,61.3116398692598,66.4603719963624,63.9112531271641,68.0660644001573,61.2355593573481,61.774892701436,38.4597369724728,40.8021853019915,36.5955305068037,40.4506435198753,34.7036651769912,36.6300656607232,35.1291450248016,23.3740759608936,34.6012029288376,30.1067463925614,30.8643658912022,26.1247458245804,47.2366069863093,24.1969648973824,38.727434130442,67.1634452983177,70.2859806766971,66.9586907483951,64.0217179671554,62.2817854369732,59.1429101797737,65.8080094566427,67.7394588639531,77.954686492464,36.0108329309142,45.1500979195975,68.327015905627,29.2471660227323,27.5870859431839,34.1382511803731
12.0320322566005,10.0747281350412,15.9355352784896,0,10.6899259078704,17.8842007593433,20.365688416055,17.0874972631732,33.3565616921855,33.8899451900639,71.6002565697476,38.7414542287344,36.464052856412,35.8788866399494,40.9495287575382,47.0665312348786,38.6765216330081,36.7082069699057,37.162239979716,39.3374278841306,31.6970751950372,30.1808234321479,30.5627576905224,43.7356614517878,69.1350542048811,76.7794971229489,48.5436394647867,50.7818895851008,41.2416050059879,31.2908866340188,29.6115958132668,34.0049830981001,56.8710502228763,44.5021053246479,51.0805118832104,45.6053467254682,47.3364997895854,59.5291034183943,59.8467943394437,59.8186788189959,59.8980417730918,62.6330113432546,59.4649892233977,59.6473427227172,64.1321207874981,61.439605226918,66.5879548494785,64.0395007117241,68.193168277398,61.3636275472923,61.9025909337658,37.5812738814068,39.9281473558763,35.7596377905641,39.4490405569473,34.0278871886479,35.933818032572,34.3976049347816,25.1530005284271,34.163016224622,29.8092324490364,30.4111262850492,25.8714162239541,46.1611414181485,24.7758284917765,38.7737344793088,67.2839781946278,70.4057639490097,67.0789536426266,64.1425331548211,62.4128171811,59.2742158060412,65.9370502831311,67.8689055396902,78.0860429642861,36.361416281384,45.490112445441,68.5438365054041,29.9832464954475,28.1438038178082,33.1984230439384
14.080483758945,10.4545170013791,16.42363766852,10.6899259078704,0,17.7756321989527,20.0065803691167,16.551991939332,32.1059380070429,32.6405109988609,70.9980006780257,37.5050280186212,35.2241026399633,34.6349781004584,40.4529918146441,46.5506509688407,37.7664131320086,35.8541174842426,36.263705268602,38.4789762858069,31.3758146945362,29.8869914840044,30.2794811685226,42.9788021108007,68.5995287194627,76.2339223199673,47.6934128027422,49.9650486312067,40.7737047176474,30.067247544871,28.3870105458874,32.7721420316822,56.3323601324747,44.1957869130116,50.5561134153535,45.0823337547224,46.1123315822826,58.9425583024014,59.2612769990713,59.232396090484,59.3021351830869,62.0367416342104,58.8678618849184,59.0497863818625,63.5379921499688,60.8481153180775,65.9951339081105,63.4470045984113,67.6010584519173,60.7706782929191,61.3120002630762,36.9275835592025,39.2955090334781,35.1336116161877,38.7043428946363,33.495361905849,35.4131340486412,33.8686145123429,24.8749140832486,33.9601629776623,29.6534411399937,30.2886944321109,25.7950374851895,45.2577515071208,23.827697407625,37.8262532891853,66.7089111863138,69.8320438653529,66.5046183077909,63.5674373671299,61.8110060250326,58.6726998026175,65.3401820248842,67.2722324133106,77.4766845405253,35.6187064871963,44.7654419947944,67.9447076377119,29.3999188393394,28.0178717576805,31.9256980200858
15.1238912553829,14.9101735083165,12.6764254742397,17.8842007593433,17.7756321989527,0,12.9658014255035,11.8489313915459,34.0922618572552,34.6116556878729,71.0485793999425,39.5925692175784,37.3061148294729,36.6701622638874,40.2991359983862,46.3877375519914,39.8942921276674,37.8436844532112,38.3513372790149,40.4878291913202,32.323042606303,30.5673418273778,31.0006066590422,43.031490283636,68.6991078069307,76.3164683939762,47.9590533481667,50.1390047664932,40.7570496449517,31.5221471674241,29.825882989409,34.4094890947844,56.3707325107968,44.5636131431343,50.3722235685119,44.8832419392909,48.2436524812516,58.9846644902554,59.3038960477405,59.2769914308737,59.3414318528269,62.0772815229825,58.9072997179301,59.0905531632101,63.5850005944923,60.8949484814821,66.0429736145198,63.4936987774872,67.6494360490904,60.8177926698564,61.3589809265678,38.5398475935447,40.8902806319021,36.6705919238485,40.5401550353023,34.7544273744738,36.6963703283448,35.2066850204356,22.0228025114552,34.7481079435377,30.2365683170195,31.0723847784544,26.3022610632158,47.2851335788566,23.0944419186939,38.098922931836,66.7624340027783,69.8863331854544,66.5583432826025,63.620527851344,61.8561373321755,58.7173084918638,65.3869545366537,67.3183053752194,77.5235891854048,35.3252345080793,44.4884766341226,67.8515701977981,28.4136672553095,27.3768169340448,33.9386959101367
18.2379660916218,17.7613149330537,17.1354401701344,20.365688416055,20.0065803691167,12.9658014255035,0,13.9853096669224,35.0607273048914,35.5755875575061,71.7481831176575,40.6010538045043,38.3111202479363,37.6578771093967,41.0110692599288,47.0794466175039,41.0850117762055,39.0262096329608,39.5374387774476,41.6731357376198,33.5210579351825,31.7178493417429,32.169384751275,43.6040202451014,69.4675631809795,77.0712136129974,48.5452326864629,50.7130610953867,41.5419488828123,32.3216024081897,30.6192742097367,35.268256592059,57.1156928339423,45.6151520940027,51.0485798818831,45.5549996978451,49.2723073303039,59.6933713631521,60.0135866382833,59.9867977660842,60.0418379220461,62.777859132761,59.6068070046759,59.7902127761076,64.2895952606677,61.6015242578059,66.748883155009,64.1994443201082,68.3560912663822,61.5233396281544,62.0663069248875,39.7238546691405,42.0803840597425,37.8490514290504,41.7360666427985,35.9076784554905,37.863169086489,36.3836979329863,21.7188677419146,35.985306310123,31.4640435725518,32.3627353997736,27.574801219226,48.4531254151322,23.0435624276542,38.6027764966391,67.4841308883613,70.6093461588958,67.2806795003723,64.3420495835983,62.5540894427285,59.4152977548798,66.0893403518049,68.0205872387912,78.2163280866745,35.7486623670239,44.9383160170236,68.4986818770806,28.6605433511319,28.3344192704852,34.9065999419247
15.1746742013315,13.9522969733338,13.5492372719537,17.0874972631732,16.551991939332,11.8489313915459,13.9853096669224,0,33.2039831065821,33.7237738750834,70.9197612638491,38.7249067952595,36.4345693137293,35.7917801652471,40.3119763875077,46.3803358927833,39.3519504211204,37.3549870094847,37.8203705616897,39.9946246076182,32.3347775991241,30.6438157504409,31.0772578642547,42.7256952009692,68.6370481320499,76.2455374340959,47.5285894535074,49.7533195475512,40.7828947350453,30.6258681286397,28.9259159108216,33.5202971816913,56.3127922450672,44.6822372878104,50.357941661231,44.8723960654882,47.3908963633293,58.8739733819656,59.1942650508895,59.1662889716026,59.2208564045775,61.9561638386536,58.7853748352315,58.9680044191117,63.4654574184031,60.7783023767731,65.9247578368668,63.3759722017608,67.5319317610287,60.6995225928689,61.2432975831639,38.238610927578,40.6056459305411,36.3975148919177,40.1500968825837,34.5809980738373,36.5274090321861,35.024551196328,22.8640914072782,34.861959694969,30.4204435144765,31.233891814428,26.5493073146277,46.7496964559342,22.3272045134532,37.5245384972743,66.6628870308521,69.7881617646124,66.4595695102919,63.5210018628618,61.7284366457106,58.589990338968,65.2644526094321,67.196098096554,77.387445837038,35.0529717513963,44.2405741171962,67.7424679363824,28.4318767701493,27.8492971123109,33.0284297578476
33.2355512983793,31.9149675070401,34.2881120713212,33.3565616921855,32.1059380070429,34.0922618572552,35.0607273048914,33.2039831065821,0,9.16470678422129,79.3841198530041,23.1597244375037,20.3108136198355,16.4120548667015,50.0416525436074,55.9835939708782,42.3638395174347,40.8294593144427,40.8222358003018,43.5039523095122,42.024274572141,40.7359799836091,41.2143628031192,50.1047998581852,77.6275388216531,85.1725092858513,53.5490570617679,56.3481368562308,50.5042435235987,29.0938612743795,27.8980630161123,27.3050404108926,65.3704908113284,55.0085815418024,59.9421376897324,54.4991304805493,34.6067618368518,67.4987721497763,67.827397597297,67.7886786507913,67.7664511231148,70.4959121676638,67.3196441492244,67.4956354061692,72.0115258119703,69.348827245569,74.4811041573309,71.9375870866812,76.0937072656187,69.2561525932309,69.8217438985622,44.4026236492197,47.0493072296937,42.8641513994888,45.3549420587162,42.1529049152961,44.2113558918952,42.6055526057887,37.8244456699971,45.5587379539661,41.5681790513565,42.4914674186288,38.2491465151105,48.7940679360013,34.5110634917715,44.1132305814444,75.3708155621968,78.5069972946312,75.173802601975,72.2294403368992,70.2083268336337,67.0736751148837,73.7859788227399,75.7208451858613,85.7951112301651,44.039813672245,53.1614575411813,76.5743979694493,39.6297157311613,40.3046115529165,21.2139619890737
33.7637985025824,32.4442985886057,34.8122021727919,33.8899451900639,32.6405109988609,34.6116556878729,35.5755875575061,33.7237738750834,9.16470678422129,0,79.8548073789872,24.0340153825256,21.2968839801445,17.31944885956,50.5354331924799,56.4729549064521,42.9885847696875,41.4460688062666,41.4457937292289,44.121000555194,42.5745831774999,41.279527623398,41.7589134078332,50.5417219643306,78.1192583638018,85.660731958597,53.9598746723759,56.7698439303428,51.0081546158007,29.4182014108708,28.2375601133288,27.4693039847172,65.8590658977478,55.5424119670486,60.4293768663856,54.9865332320682,35.3970736482598,67.9738977381979,68.3028322722994,68.263933920508,68.238812130958,70.9681883075525,67.7916546874799,67.9675426765111,72.4845372000909,69.8226075027559,74.9545134948746,72.4110704799639,76.5673350673839,69.7295110420417,70.295790094279,44.9890248428469,47.6331526720255,43.4466041377098,45.9535748586479,42.7207598478612,44.779292184435,43.1755315743734,38.3315661475358,46.102664555184,42.1082301058359,43.0334835935832,38.7873318966507,49.4185026173556,35.0014649413311,44.543140170021,75.8495555798959,78.9861510817546,75.6527614161072,72.7081601619448,70.6790645563366,67.5444914920124,74.2581846482794,76.193096564117,86.2636831415089,44.5008123010933,53.6218683669483,77.045436518382,40.114071372402,40.826414763159,22.0516896276531
70.6127970188847,70.0302420736716,71.4725873184926,71.6002565697476,70.9980006780257,71.0485793999425,71.7481831176575,70.9197612638491,79.3841198530041,79.8548073789872,0,85.0599721057685,82.7762994896846,82.0437905405953,63.8709828287198,68.2547092655826,84.4094474546798,81.8130180595345,82.7147331105152,84.5330362743702,74.7679936034506,72.251034157462,73.1732996155999,69.2198808126298,72.4333149884916,75.9037564385661,78.177988033227,79.4033444861827,66.1678480902776,75.84443803903,74.2258306658163,78.7123855252263,62.0243655871702,84.110278716191,72.8240079532466,68.2823993431279,93.7650758420175,44.8146636312377,45.2289775608448,43.2096944116956,45.1156911911898,46.7783315603507,44.5416125067443,43.5786073730271,39.1563676147877,38.4931914707918,40.2326509440058,40.7295283418947,40.9601027667616,36.8280729764509,39.3430519329667,81.1103612628175,83.5216451373581,78.9090465707544,83.9750594870259,75.6172015350285,78.0300814078137,76.9240032563117,72.0222695325228,78.5961545129896,74.4168244846402,76.1184170643799,71.644621497439,91.484542756311,71.8681758061993,78.4593648597513,52.0010232367577,55.8997618747597,52.3712871130791,49.1627945640216,42.0491111342842,39.6494957636656,40.4904872196779,44.1878222044168,59.5941046940946,73.1196835989428,80.6887756176899,83.4328743917538,70.2791703667643,71.4705061255924,79.4588647344359
38.6493751179952,37.3440451244228,39.743688363044,38.7414542287344,37.5050280186212,39.5925692175784,40.6010538045043,38.7249067952595,23.1597244375037,24.0340153825256,85.0599721057685,0,12.7019679599288,19.4842159734531,55.5525461342857,61.5347900276675,46.151755228024,44.6545628717619,44.5814569772314,47.3517259607642,46.9568308569704,45.751053939834,46.2230559124831,56.0966955623306,83.115992380361,90.6936281599051,59.7302445888708,62.4550919696143,55.906756515521,36.1776122322499,34.9014133140741,35.172084774291,70.8958620803462,60.1302119225001,65.5156683240715,60.0737944484228,28.7237541710139,73.138465740205,73.464363211531,73.4268104515118,73.4302386229399,76.1601850048906,72.9863940753649,73.1630098671424,77.6683035372147,74.9990967658935,80.1343387220455,77.5904087565634,81.7449820534242,74.9099575479333,75.4697231419084,48.7564499703734,51.4556403330878,47.2722589279189,49.5465625672487,46.774334744547,48.8434918863144,47.2140621552093,43.3802487188982,50.6082590250249,46.6738038051539,47.590231581156,43.3990348441614,52.1785957050597,40.3010494223239,50.2833486250441,80.9776716319469,84.1101964087148,80.7787607196133,77.8365447568111,75.8848204313229,72.7496016908202,79.4496556149348,81.3842691338921,91.4897178497336,49.9306453550973,59.0417618443298,82.2764880382352,45.3460625607441,45.631823456772,29.1899939497298
36.3710911575897,35.0621728557694,37.4613773755762,36.464052856412,35.2241026399633,37.3061148294729,38.3111202479363,36.4345693137293,20.3108136198355,21.2968839801445,82.7762994896846,12.7019679599288,0,16.4013116605754,53.2826968912518,59.2608280923318,44.0987942469472,42.6063033518917,42.5374007496199,45.2972117946133,44.7496507484064,43.5340375902233,44.0063629719983,53.7804539253113,80.8513759102594,88.4255824438846,57.397878409375,60.1287163660153,53.6491380625168,33.7610545270576,32.4892497836192,32.7150294788511,68.6268501199839,57.9012359254162,63.239225865288,57.7970589830233,29.0666575474249,70.8582355021045,71.1844082287258,71.1467667233663,71.147598972973,73.8775144070439,70.7034646109415,70.8800369705649,75.3864578758112,72.7178888361335,77.8528527365564,75.3089479393716,79.463696026656,72.6284056894628,73.1887424407535,46.6300245635529,49.320879059467,45.1389707074727,47.4397695204531,44.6124945800319,46.6793220276661,45.0525701382364,41.0933418051537,48.3841462816029,44.4424078297945,45.358307312018,41.160812938244,50.225786201171,37.9864240439617,47.9438371446201,78.7008212795798,81.8337156651421,78.5020996691236,75.5596643861862,73.6010096023222,70.4658394411521,77.167128201392,79.1017570611859,89.2041483186017,47.6176265137426,56.7306987214438,79.9882221355723,43.0473975496693,43.3743805860515,26.5300430870486
35.771862728648,34.4585392056513,36.8444973661764,35.8788866399494,34.6349781004584,36.6701622638874,37.6578771093967,35.7917801652471,16.4120548667015,17.31944885956,82.0437905405953,19.4842159734531,16.4013116605754,0,52.623595541074,58.5846803854972,44.125385877927,42.6081621485145,42.5699299808177,45.2935974687119,44.3306725118834,43.0817560768115,43.5570945970082,52.9148847319272,80.1983729947992,87.7588468816611,56.4484399786177,59.2126159345289,53.0345515683697,32.4374081244433,31.2034190311192,31.0202182499769,67.9589307776971,57.4051871138609,62.5538717120891,57.1114363434527,32.8042758360644,70.1413470317078,70.4686794329934,70.4305074854775,70.4204424407429,73.1501297380261,69.9750378536297,70.1513209936582,74.6621762087317,71.9963968045389,77.1300747010904,74.5863653634397,78.7417484603909,71.9053952262676,72.4682287111469,46.433140475347,49.1048481157597,44.9205267700262,47.3082369227189,44.3109536249731,46.37450847235,44.7574415517775,40.4289394911918,47.9209314796886,43.9571616991462,44.8771460334079,40.6592558431061,50.3608854762911,37.2284193166021,47.0111828799775,77.997813607157,81.1322620463711,77.7999015402752,74.8565570132306,72.8683175052447,69.7333988871871,76.4398962882089,78.3746449688712,88.4636732147379,46.8038883001828,55.9202234497865,79.2469582163994,42.3107899850174,42.7994836844922,25.0313214255976
39.8438654131329,39.3910426980552,40.7099400306366,40.9495287575382,40.4529918146441,40.2991359983862,41.0110692599288,40.3119763875077,50.0416525436074,50.5354331924799,63.8709828287198,55.5525461342857,53.2826968912518,52.623595541074,0,27.7612776809736,53.9497897535498,51.2784429042761,52.243314151237,54.0018643451759,43.311906472444,40.5628805505204,41.5335763447719,46.5298619531919,60.1289057167057,67.6285097075354,54.5607171344812,55.8760076986212,29.678588407015,47.004403941262,45.3564939790256,49.8746729319239,45.6478927375,51.8983695227446,35.0629176198551,30.0704611131886,64.1732871699188,50.8957243573001,51.1799865907908,51.2422231162758,51.6307473847452,54.4108376717965,51.2584886697159,51.4902995577911,55.9669697020741,53.1542311278682,58.3861062089708,55.7949472766005,59.9739244122744,53.1493523567314,53.5814963982148,50.2669608169647,52.6453988942967,48.0240450153816,53.2658786564112,44.5815412016852,46.9684092917961,45.8800325144631,40.9043514384464,47.0358785388655,42.7691426844181,44.6037466383745,40.0549711130522,61.0529434212106,41.6871723435152,50.134201236519,58.4708146153025,61.5571752975573,58.2396629539909,55.3169092275234,54.5455933430149,51.3827508691972,57.8866353152536,59.7936898016365,70.6010396568939,43.8176155521997,51.7438566073168,60.7346219764327,39.1774857381521,39.2020367054841,50.0802840150443
45.9687947567885,45.4939277274708,46.8185303467454,47.0665312348786,46.5506509688407,46.3877375519914,47.0794466175039,46.3803358927833,55.9835939708782,56.4729549064521,68.2547092655826,61.5347900276675,59.2608280923318,58.5846803854972,27.7612776809736,0,60.2364068040661,57.6074361736235,58.5393154485737,60.3267166121417,49.865118911476,47.1727504026887,48.1128685775153,51.1791719002977,65.9727029327321,73.2013358733201,59.5542056144876,60.7862056991692,38.6176854069805,52.8179880155116,51.1711342330307,55.7120376012374,51.2451873578166,58.6592553096298,31.0588343921226,27.816943618717,70.1774710439004,55.3523300362781,55.6626592470515,55.74859606354,55.8839554712589,58.6842742532509,55.4958053538627,55.7487543762732,60.4005381415903,57.6233882272071,62.8544997323717,60.2465897467924,64.4626637360707,57.6022707486012,58.0666983409338,56.7313130833749,59.1124206150933,54.5137704059259,59.6600002941206,51.1730748544905,53.5368566576797,52.4244780331161,46.9722493410095,53.525021624933,49.2445708656999,51.0341023968186,46.4730770019011,67.3445947940503,47.6054572292541,55.6959595782039,63.2943702316663,66.4120375790471,63.0776561181896,60.1345784870525,58.8297907604681,55.6608188340819,62.2754270794066,64.1717249055268,74.8114463309556,49.2559027454278,57.0688502581225,63.0223051430458,44.9779261164377,45.6283364809753,56.0214080565789
38.5020603099476,37.526758774036,39.8196535813094,38.6765216330081,37.7664131320086,39.8942921276674,41.0850117762055,39.3519504211204,42.3638395174347,42.9885847696875,84.4094474546798,46.151755228024,44.0987942469472,44.125385877927,53.9497897535498,60.2364068040661,0,22.7096472912696,18.3004303814056,22.3767561093864,40.6898116116275,40.2539436355923,40.728050496477,57.847187710854,81.032060695379,88.8707080545309,62.608622782637,64.9173849674048,53.3587801021277,44.0493144675117,42.5023780526474,45.6276339909906,69.1614396381901,55.5324043330334,64.4060876689522,58.9904972605628,53.747398868204,72.2349732252509,72.5402556822817,72.5086307803874,72.7066113710248,75.4384541207889,72.28424341331,72.4636566101727,76.8831904168808,74.166661053459,79.3222311855797,76.7768064774837,80.9178412631024,74.1029816883876,74.6203570434787,35.011442174817,38.5004959143424,34.2637576501108,33.2833399963767,36.3983910091722,38.695180378076,36.8380349707515,43.4618255841568,45.8668079134334,42.530582377486,43.5873304496944,39.8825107975244,36.8865271491892,42.2993515932448,53.6473078654245,79.8192267204731,82.9240270295986,79.6061834185958,76.6804814477362,75.2463051459799,72.1076441186395,78.7152695136926,80.6489694579614,90.9812660454188,51.5275275484786,60.4913196297549,82.0089531508551,46.0412717104762,43.4474849742615,42.8912635253288
36.4643473895676,35.5500736933582,37.775621924286,36.7082069699057,35.8541174842426,37.8436844532112,39.0262096329608,37.3549870094847,40.8294593144427,41.4460688062666,81.8130180595345,44.6545628717619,42.6063033518917,42.6081621485145,51.2784429042761,57.6074361736235,22.7096472912696,0,16.153299745138,15.891872104493,37.4817311868026,37.128965818914,37.6305218211446,55.5916043986748,78.2209811839922,86.1011603390866,60.4618583836727,62.7349520475882,50.5267804638465,42.3236072159034,40.7715424205732,43.9601411091161,66.4176051283215,52.502514362757,61.8076171971593,56.3993013593857,52.2578283981772,69.6055535137737,69.9078144545107,69.8764636296787,70.1030841298355,72.8348490287593,69.6836759162046,69.863113876122,74.2689409629328,71.5458478554364,76.7039785183813,74.1586634429029,78.2973379797398,71.4856478237823,71.9971371081488,30.1758199725189,34.0986242087145,29.3371194185441,29.4572551890136,31.9253590469011,34.4051858508491,32.5820178129275,41.2755639495482,43.0093000940046,39.7694412455749,40.9142022278376,37.2681461902117,30.0914551845083,40.3168690862054,51.6302818485578,77.1509750788376,80.2516832237749,76.9359004302706,74.0126871098746,72.6530584800121,69.5140604437141,76.1081737717697,78.0419396416304,88.4057021702282,49.3395727134718,58.2753027780951,79.502909796841,43.8113030053979,40.9245143078743,41.3705299226225
36.9687149947421,36.0066675962463,38.2814939884198,37.162239979716,36.263705268602,38.3513372790149,39.5374387774476,37.8203705616897,40.8222358003018,41.4457937292289,82.7147331105152,44.5814569772314,42.5374007496199,42.5699299808177,52.243314151237,58.5393154485737,18.3004303814056,16.153299745138,0,17.9725487546068,38.8868098549029,38.4627993512364,38.9463406402727,56.2288033748167,79.2879370549685,87.1363440553184,61.0108556528696,63.3132900759349,51.6141105757605,42.5246726346172,40.978337628438,44.1001048862549,67.4340194183476,53.7560159874801,62.7161182265833,57.3024480312416,52.1511174488182,70.5330507164304,70.8376434943789,70.8060336286915,71.0105607346804,73.7423577360407,70.5888533185088,70.7682419146475,75.1845578401487,72.4665594772099,77.6226810432401,75.0773073248052,79.2177735726058,72.4036544619059,72.9197119410048,32.8286418165354,36.4606378575482,32.0145448649976,31.6187905803664,34.2358979522683,36.5965073977687,34.759932582627,41.8821576592909,44.1509190143416,40.8350862983728,41.9180238236927,38.2234667176229,32.7423893998108,40.756299038613,52.0814766257276,78.1083206190644,81.212184079547,77.8948166889582,74.9696885868983,73.5524284101183,70.4137035507575,77.0182477811029,78.9519784691284,89.2913164329633,49.9301916136444,58.8873792149849,80.3374200476718,44.4413933708925,41.7960738493971,41.375220243029
39.1024158158608,38.1828762229166,40.4167458525345,39.3374278841306,38.4789762858069,40.4878291913202,41.6731357376198,39.9946246076182,43.5039523095122,44.121000555194,84.5330362743702,47.3517259607642,45.2972117946133,45.2935974687119,54.0018643451759,60.3267166121417,22.3767561093864,15.891872104493,17.9725487546068,0,40.2308761158526,39.878571317513,40.3742031414122,58.2774135921308,80.9637625097325,88.8393703382332,63.1396247751073,65.4150390317217,53.2680703789146,44.9749851229809,43.422199557422,46.6169691963008,69.1522285975679,55.2505690187737,64.5236119303436,59.1143321176963,54.974074470516,72.3287533858243,72.6313296859388,72.599989106473,72.8236130673068,75.5554087881687,72.4039082319464,72.5833681334668,76.9906981722843,74.2682664559546,79.4261566984397,76.8808090635762,81.0197542187313,74.2077193644405,74.7198021977681,33.0062953532438,36.8469884171906,32.2673267992091,31.6645159718304,34.871795758166,37.3046859209082,35.4588225384678,43.9370676637633,45.7201856217328,42.473184507605,43.6043106671635,39.9557488492564,34.7202598919063,42.9656507561025,54.2931659245853,79.8783271884175,82.9794649203823,79.6634621310992,76.7399841569999,75.3726545802226,72.2336811249365,78.8292021747534,80.7629484330673,91.1235413491049,52.0142708963085,60.9530003335329,82.2114847465368,46.4849453187984,43.6148347033198,44.0274000892651
30.8782656590896,30.5411630922026,32.2187987148473,31.6970751950372,31.3758146945362,32.323042606303,33.5210579351825,32.3347775991241,42.024274572141,42.5745831774999,74.7679936034506,46.9568308569704,44.7496507484064,44.3306725118834,43.311906472444,49.865118911476,40.6898116116275,37.4817311868026,38.8868098549029,40.2308761158526,0,18.8334019670301,16.9851616163326,50.0821711025467,70.4560417777133,78.4499405596842,55.7222614868244,57.7215697810589,42.034868804287,40.8264887484007,39.1967473015182,43.2413052653308,58.719412465058,38.8755954669271,54.1810201640924,48.775784292567,55.2559940945652,62.4048631447162,62.6960981591802,62.6711488001245,63.0014066388954,65.7359310728263,62.5945057684647,62.7773131176593,67.1428079788182,64.3926032662713,69.5636985822187,67.0159177033647,71.1493014509376,64.3472546503757,64.8344924244558,34.0546481018213,35.9504019593732,31.5592930806259,38.101498501918,27.5753123640783,28.944878996938,27.632122907595,34.8126553964503,26.4379307316129,25.3488911778017,27.7430734530397,25.0695830556813,47.8522728900634,35.8826190529866,47.5127140358369,69.8231584635309,72.909407502649,69.6003732040423,66.6854624675417,65.607730678883,62.4660999606388,69.0105131172284,70.94281355874,81.4368967875574,43.8508923967553,52.6375080935819,72.5566240220833,37.6470110445816,31.0351902875414,42.1311687071585
29.2429051223902,28.961386759601,30.5201507922116,30.1808234321479,29.8869914840044,30.5673418273778,31.7178493417429,30.6438157504409,40.7359799836091,41.279527623398,72.251034157462,45.751053939834,43.5340375902233,43.0817560768115,40.5628805505204,47.1727504026887,40.2539436355923,37.128965818914,38.4627993512364,39.878571317513,18.8334019670301,0,11.8903330821925,47.8796283030882,67.8254321486913,75.8334305891051,53.6620963641734,55.6137581704836,39.1564157556047,39.2947661444279,37.6592287839739,41.7794924115075,56.0750910032329,32.6069025735587,51.5158443915733,46.1109640028021,54.0979322369436,59.8577155769423,60.1470398655819,60.1237443548082,60.4719158513659,63.2071890803069,60.0673521547335,60.2510317591759,64.6104007009995,61.8552220572291,67.0288952112638,64.4804191905715,68.6132062656923,61.812638259193,62.2954320606343,34.1986033507125,36.2612709887266,31.7216742547824,38.0586555755376,27.5588178049778,29.318867311548,28.2164175097085,32.7594739599666,25.6422294817787,22.7238442088004,26.2987099751641,22.8249269995057,47.3932166307415,34.0891078056335,45.6160307452547,67.255711123787,70.3395457913995,67.0315720672623,64.1179884766198,63.0896917029189,59.9474849485626,66.4832412430304,68.4151353223094,78.9332116392077,41.7076305083451,50.4546590591615,70.0494213706805,35.44125520597,28.1694061866647,40.8227806363042
29.6353462287443,29.3604160942887,30.932778675064,30.5627576905224,30.2794811685226,31.0006066590422,32.169384751275,31.0772578642547,41.2143628031192,41.7589134078332,73.1732996155999,46.2230559124831,44.0063629719983,43.5570945970082,41.5335763447719,48.1128685775153,40.728050496477,37.6305218211446,38.9463406402727,40.3742031414122,16.9851616163326,11.8903330821925,0,48.5992748441095,68.8664739097541,76.8523173012813,54.3312912393422,56.2977458718131,40.2524114778265,39.8018169043914,38.1662635462577,42.2798404240695,57.0841100153105,34.9717169810475,52.434744418548,47.0244481741877,54.5671449795098,60.7988779849762,61.0899256674946,61.0664305332102,61.3982521800235,64.1335670955635,60.9919890235393,61.1756533519072,65.5428254502036,62.7913900663618,67.9635933528563,65.415066037699,69.5491800935202,62.7468200389244,63.2329703528449,34.7233638950067,36.7493958590635,32.2720016129715,38.5450958312769,28.2754964615913,29.9348521245937,28.7505427199275,33.2640431337024,24.7616914041685,22.4367876172229,26.1337050042175,22.8840481242441,47.8921786101424,34.5941021292306,46.2024513230683,68.2187406889875,71.3048780277457,67.9957553024478,65.0807798844649,64.0101407104093,60.868124997383,67.411589750755,69.3434487854129,79.8435533154434,42.359607496292,51.1250563795402,70.9129049625748,36.069843933469,28.7286833152646,41.2992078742126
42.8299164864975,42.0687108455072,43.5839932405115,43.7356614517878,42.9788021108007,43.031490283636,43.6040202451014,42.7256952009692,50.1047998581852,50.5417219643306,69.2198808126298,56.0966955623306,53.7804539253113,52.9148847319272,46.5298619531919,51.1791719002977,57.847187710854,55.5916043986748,56.2288033748167,58.2774135921308,50.0821711025467,47.8796283030882,48.5992748441095,0,72.5218968785768,79.2307754930879,36.4555829709469,34.1140309691015,49.1688288600223,45.4930444948605,43.8734062741608,48.6144686196901,59.6345563084733,60.5230065594493,54.5481892219272,49.2311039034582,64.9740646577289,58.3294486920346,58.7364141049118,58.6643481721975,57.8970486921418,60.6164966579645,57.3643896461595,57.5271248014855,62.3650464421892,59.8845800205976,64.9362716573755,62.4012739462896,66.6049873383086,59.6933881623306,60.4220788571048,55.9555949276492,58.3759532550026,53.9596445606608,58.2605037614301,51.4940944590238,53.6854136381132,52.3787146563383,44.0698134316653,53.3787999811912,49.0739165266082,50.481026924355,45.908145050983,64.9681720440116,42.5459019922448,45.1788452482889,67.1222071584919,70.3596095147201,66.9782546971331,63.9748683390304,59.9966712119706,56.875285397848,63.9448862352934,65.8841242005864,75.0698200991889,39.9304356030779,46.2974765425446,64.9454412032183,41.1303043667444,45.7553828421539,50.1664001528296
68.1304125626011,67.6206204449834,69.0517190116542,69.1350542048811,68.5995287194627,68.6991078069307,69.4675631809795,68.6370481320499,77.6275388216531,78.1192583638018,72.4333149884916,83.115992380361,80.8513759102594,80.1983729947992,60.1289057167057,65.9727029327321,81.032060695379,78.2209811839922,79.2879370549685,80.9637625097325,70.4560417777133,67.8254321486913,68.8664739097541,72.5218968785768,0,38.5304280037715,80.7247787956924,82.0796988436398,59.6294670085933,74.6538401616025,73.0240399294638,77.4454882289683,51.9482555567781,79.387303913757,71.2209954228399,66.5786699185428,91.7189765251768,57.9564492675604,57.8449348816162,57.4290288089585,61.6478446106906,64.1847191271643,61.5181348435551,61.5059135016761,63.3744865918007,59.9256771600184,65.1930998833979,62.8701112528091,66.42007626324,60.2151126327119,60.0724087246995,76.8711340055207,79.2892406620119,74.5386349682576,80.0845718804234,70.7125932536013,73.2978814361313,72.3289044145744,69.7371244855452,74.701399794937,70.647024564108,72.4943173973957,68.1200543568763,88.0695175826615,70.0885844196393,78.0677955719403,58.3425644140033,60.7201560374581,57.8597764447647,55.4499534709115,64.4684964732454,61.3652879529073,66.0819411708135,68.1358915837837,81.9503180013983,72.6247194791644,80.4968501751005,86.9370636166859,68.6473809881828,68.2274223063281,77.7020470429794
75.7743446839686,75.2540699871372,76.6832661286197,76.7794971229489,76.2339223199673,76.3164683939762,77.0712136129974,76.2455374340959,85.1725092858513,85.660731958597,75.9037564385661,90.6936281599051,88.4255824438846,87.7588468816611,67.6285097075354,73.2013358733201,88.8707080545309,86.1011603390866,87.1363440553184,88.8393703382332,78.4499405596842,75.8334305891051,76.8523173012813,79.2307754930879,38.5304280037715,0,87.5784368145274,88.9040798083442,67.7465856254731,82.100019617701,80.4714211989937,84.9077751381568,58.6459310064058,87.4348381083423,78.3795598158793,73.7777228199704,99.3146123973835,61.393311951969,61.2067421895327,60.6152338045283,65.6185432720748,68.0912398538466,65.5261777914589,65.4497267922338,66.6796886905892,63.1088476673083,68.3431587796399,66.1181484623828,69.4700678856508,63.4466668795159,63.1943480849877,84.8734259198884,87.2888715497108,82.5664598197197,88.0198818376259,78.8449906452073,81.3935843719287,80.3970082026299,77.3288767210288,82.6063962312437,78.5234806390871,80.3458186406774,75.9486945627303,95.9169419993359,77.6080680580599,85.3639604691343,59.4636690059899,61.5649497954828,58.9439238663878,56.7757164521384,68.3306926939401,65.2463775034722,69.5563928253675,71.6562390765122,86.0769615962563,79.9045231632364,87.7240909337898,93.3379642668101,76.1048575339417,75.9765078006705,85.2457323113182
47.7447671742878,46.8722806483613,48.5046557634405,48.5436394647867,47.6934128027422,47.9590533481667,48.5452326864629,47.5285894535074,53.5490570617679,53.9598746723759,78.177988033227,59.7302445888708,57.397878409375,56.4484399786177,54.5607171344812,59.5542056144876,62.608622782637,60.4618583836727,61.0108556528696,63.1396247751073,55.7222614868244,53.6620963641734,54.3312912393422,36.4555829709469,80.7247787956924,87.5784368145274,0,30.1325339937256,56.6914397268884,48.3278725688572,46.7419323545002,51.4752942688526,68.0018894423652,66.5987563133146,63.1205353594917,57.7849499150336,68.7047898171439,67.2257428691201,67.6194381852026,67.5408991601137,66.906681271689,69.6183640074184,66.385081127342,66.5395819705012,71.2904427548246,68.7892930195844,73.8436586440386,71.3156537993464,75.5020630798114,68.607991185513,69.3180525316187,61.2139705805778,63.6533064158441,59.2822342984225,63.3335910065461,57.0656381437926,59.2207341966957,57.8639174168754,49.4112975040924,58.9812710327078,54.6990477133495,56.0066685557717,51.4607166618968,69.713892059163,47.1285853710785,47.6967738816623,75.8459529772273,79.0678387095685,75.6946335304528,72.7010838936136,69.006826251015,65.8882233117011,72.8954972406295,74.8395930876562,84.134431310146,46.4675157957525,53.8476006910541,75.4415685289382,47.1410395621904,51.6329471987792,53.6496171712979
49.9409822249992,49.1080657509291,50.6936292899225,50.7818895851008,49.9650486312067,50.1390047664932,50.7130610953867,49.7533195475512,56.3481368562308,56.7698439303428,79.4033444861827,62.4550919696143,60.1287163660153,59.2126159345289,55.8760076986212,60.7862056991692,64.9173849674048,62.7349520475882,63.3132900759349,65.4150390317217,57.7215697810589,55.6137581704836,56.2977458718131,34.1140309691015,82.0796988436398,88.9040798083442,30.1325339937256,0,58.153238685043,51.3541913117461,49.7501302966587,54.5123169569141,69.3079067860135,68.4574072052693,64.2963141985692,58.9577265479145,71.3920644755085,68.4466847176934,68.8428096427983,68.7673395723977,68.1078435053497,70.8223297769865,67.5847684450698,67.7423004727725,72.513819356916,70.0149724558524,75.0704661120978,72.5399306233428,76.7308921070159,69.8328542172512,70.5450163824855,63.3549017166555,65.7866867096124,61.4021391749591,65.5359647002022,59.1047393244511,61.2692500811958,59.9278135926736,51.4215714189105,60.9824217155094,56.688283003681,58.0269820055112,53.4678019891476,72.0314915703705,49.3828826919599,50.4519319285919,77.1015691989421,80.3261255760782,76.9513770554592,73.955993399786,70.2163137526921,67.0964779315694,74.1153817543907,76.057771889654,85.3387736784721,47.6195570597529,54.5729811872836,76.2144340053449,48.8273882508996,53.5173680889882,56.428214478582
40.163624480187,39.7370244225003,41.0940360915217,41.2416050059879,40.7737047176474,40.7570496449517,41.5419488828123,40.7828947350453,50.5042435235987,51.0081546158007,66.1678480902776,55.906756515521,53.6491380625168,53.0345515683697,29.678588407015,38.6176854069805,53.3587801021277,50.5267804638465,51.6141105757605,53.2680703789146,42.034868804287,39.1564157556047,40.2524114778265,49.1688288600223,59.6294670085933,67.7465856254731,56.6914397268884,58.153238685043,0,47.8035330522028,46.1593823241228,50.5891370166454,46.6395017751883,50.0896820070094,44.2314717929207,39.1350631971366,64.4662552347687,53.0886682947519,53.3330590931449,53.3501641273323,54.1224792832045,56.8724930256597,53.7727849232269,53.9736019513157,58.1816098421894,55.3130040981442,60.5450608522745,57.9813156997142,62.0999253018721,55.3333985358086,55.7148369709951,49.0411601453317,51.4263362260751,46.6997060595109,52.3010074216533,42.849861489218,45.3649436757875,44.3839728450141,41.611745357669,46.1551176996254,42.0203146573379,43.9817087571373,39.5459930741114,60.4234793872294,42.5349285906312,51.5926774279049,60.0419237270804,63.0738762793286,59.787119168112,56.9008226997335,56.9929340042807,53.8388183454225,60.1718662074552,62.0955264144616,73.1637249269985,45.81228894035,53.9261654376817,65.6076867744004,40.7515760415083,39.1704283288261,50.5588187115073
