IBR/IBR_outputs/all.combrep_1/EucDistWater_Total.Silt_Total.Spinifex_Total.WeatheringIndex_Total/EucDistWater_Total.Silt_Total.Spinifex_Total.WeatheringIndex_Total.asc
NCOLS 160 
NROWS 95 
XLLCORNER 210004.651214014 
YLLCORNER 7350008.22228844 
CELLSIZE 4999.99999999997 
NODATA_value -9999 
[rows 63 to 83 of 95, columns 92 to 137 of 160]
3.94015481677304 3.56879596041294 7.86758910333344 8.58081301269173 4.05650256797226 6.02700293062325 10.2759101659419 7.14935461994311 4.44864191076863 7.71669654741953 11.8780255881977 14.152221839464 16.4112669958126 17.2697603029578 20.5161759092643 23.09092435036 22.858760895202 18.0015313898616 23.4930137330457 20.0556765587318 10.6128318935691 11.0277109755316 5.46372299144986 4.06008734365027 6.56657374180585 7.48050297950512 9.26632905783498 11.9823790731643 16.0283796504214 20.3539357821265 20.406833520187 19.2490244989694 17.6990664044486 17.3592837867035 15.1847326549142 12.9619493843415 11.1730150642599 12.3744188457072 15.3956777658376 19.2533065011596 18.5533458698591 16.2304530686752 11.9245008711134 6.72255876872162 4.70641361719246 8.34121056483092
6.74349848119832 5.24462486663826 7.86978234094836 8.20018077993455 9.16220438706048 9.55795929457515 10.0968472012945 7.26717002201559 3.56905057661196 6.18594133689635 9.47871390129885 6.70543729917005 8.55496644527059 12.4174698906097 16.9768849350737 21.7814211070002 22.365190369136 17.5491220847778 12.1157454575461 8.17235475322426 5.18552348408726 9.30408331940812 8.70690343519536 7.87413586445819 3.45025426263266 2.9797037260512 4.90523715555371 8.79092319686554 13.2791510032402 17.0053509158485 16.3437911927355 14.2575199914115 13.0058534042508 13.7105423108216 15.3635766553663 17.3557672511324 17.3541175908833 17.8001269013861 19.6098862474446 22.3089524728892 21.7435200495014 16.5757894626741 11.5540158164883 6.61925522485293 4.61433251224353 8.69259157631018
8.8768157450017 6.79295547108035 5.58554083745577 9.03037036471708 11.7378432288969 10.9495439068972 6.51394512096509 5.11877207971801 6.88428797893239 8.46881857244479 7.85009989834343 3.60315274504694 4.99400268207282 10.3036847028643 15.4065961323851 20.4158431696777 22.0100701572874 18.3448689519008 13.9982400952292 9.86378325173858 9.02264039219006 13.4417813408061 21.4758845737282 10.3039566874303 7.34375600173065 5.58507754749417 3.15897640099874 6.78419311943974 11.5908758956654 13.0787059456034 11.9993688036272 9.93859198636755 6.96095639067491 8.11749680156218 12.2778636909183 17.4389138582095 21.755047866506 21.3859560783997 22.6661657015768 23.1235811635925 20.9747577294224 17.962749721281 14.3134109221299 10.891060861625 9.71209713445265 11.8089632469544
5.07074268507854 6.03544205828597 8.06481055398516 10.2740926172987 9.03805090947558 6.89308543783186 6.09261418930168 5.17073960054513 8.39498418465834 9.13987027267216 6.73446995151528 3.49609655455111 5.85415531874062 10.4824721201038 15.648775832551 20.5392056304062 23.200141034448 20.0340470579088 17.1657527980455 15.0983190671297 16.8645880603176 31.3367349879649 45.2704787134908 16.651109824452 13.2589816881408 8.3412839041251 3.81312046743574 5.51602026943718 12.9409499557153 15.8022018757221 6.80436760242929 6.33599263191429 3.90722990402129 5.65225375721815 10.8107228734207 15.8353347270578 20.4470759579205 24.5653790608452 22.8729421188234 19.0215040337736 15.7072655198364 13.7666490805561 14.1947624117795 14.5236654513548 14.0059073732173 14.5162887739265
6.09396533854014 7.34356790271541 11.0101160273047 12.2684141000315 7.53831265540343 3.50118956266995 3.55972072510918 5.11652826962689 4.83369309875448 4.61803879833477 4.54689059088245 4.18122191194817 8.47063120260085 12.6481743106407 16.5919616060349 21.0822512541145 24.5589319842147 22.9634950412294 20.6321776238719 19.4678229782461 19.9647274671014 20.2372988399148 19.831388257714 17.7196024615251 14.6261501116374 10.3272559934592 7.33112735401297 4.57337912890436 5.95595702741463 28.9246567558482 15.7293223292163 5.52769242639398 7.17190349131163 8.46828781285334 12.0455464071273 16.5747562740256 21.1253957187264 24.0880648744278 20.7713325791384 16.0922343499136 11.7540480746099 8.56368000227525 8.86954644337815 12.1488649234398 11.2218183941714 10.1328690146566
9.97616873968726 9.51191337997017 9.78864696895463 11.7495396270511 10.2608109002182 6.09011381525439 3.61429294233199 3.59123747694037 5.49290508296577 3.55402194418028 5.008414109522 5.70269821389133 7.09929810328817 11.4945605058157 16.1523996056092 19.8973594968028 22.1247178808542 23.9913749977454 24.2511226435675 23.7689684026254 23.4958289334431 24.1881004789975 24.223832785704 21.408458476671 17.6290358947173 14.3651169144301 11.246100094224 7.86674693622734 7.02542548476591 8.67204387370677 8.78067983333935 4.82759432559351 7.3047550903889 10.6151916195519 14.5581678034453 18.6893686791934 22.8834621480348 23.910769553245 19.6390909515208 14.6193780960237 9.38576244114896 4.47559263267888 4.26528635173435 9.37635342710135 7.35158107526476 5.21409883788686
10.7250803179423 6.53740619679648 5.08323637170665 9.36012670638812 12.3049100169091 7.67703881483202 4.8424686165555 7.39539065994365 8.95882935046266 5.53516856385699 6.03842156673567 4.42170176172411 5.89734990616397 10.0536410255281 14.0613937595127 16.2701339741909 18.0718025516702 20.4679215342952 22.8225220301243 24.99210627351 25.1785183383608 26.1508059572337 26.9320178582591 24.4010644243682 21.3604295520684 18.5091932764669 15.1555436075604 12.7079557430012 12.2362374048534 10.6168212612762 6.54575182222086 4.04144048987192 3.52095670869031 8.00078163820148 12.9447456868837 17.8483271838713 22.5168153046013 24.2409325940406 20.2672477650895 14.9514587618245 10.3485194844373 6.37396046182768 6.27430675238701 10.1412176209156 7.05878786872504 4.53982964472551
12.0443020240841 7.60499769443466 6.59532726798647 9.81716534027279 14.1865596883026 11.4187909828909 9.93563385936847 11.6033355076994 12.8200540334816 10.3078112884772 9.29330241802959 7.50190573995627 6.03374805125507 6.97655757443415 9.58305606674919 11.3437576800747 13.9521259357715 16.5372298290113 19.2415645328228 20.0781537140786 20.6771873126559 22.2039578187373 24.6058606876016 26.6502082843973 25.2273721693515 22.1779160215097 19.5255859496992 17.6676519019081 16.6621044584036 13.2581672819046 9.80710880150561 7.82821331420187 3.79066725714597 7.51236761111426 12.5966550248886 17.578467210266 21.8024918607666 23.4332983320441 21.7835568100779 17.5567191613274 13.8301782764174 11.6224623371872 11.544764369142 13.0468535199047 10.7607826473064 9.53101593473774
15.0055399834536 12.2570212117015 11.6766858106112 13.5149667338459 13.1207617359683 10.3754759012668 10.5018154628638 13.3538418564557 15.4396182959671 11.3449579322493 6.77500433786735 4.25097454175022 4.34345069098322 4.82277638619949 4.45249363368068 6.56011830699802 9.52111991726674 12.7080527643265 16.0164684388071 15.3164488406434 15.826711752668 17.9144712361262 20.9993641324834 24.7164726440316 27.4071840709193 25.797318069994 23.859388059875 22.4101404816221 20.077481637858 16.8974079060195 13.1831528463811 10.137004285761 11.0821822693692 10.8550247660006 14.4823510968076 17.9879949682972 18.3494937612948 18.2988334174049 19.8115195759758 20.4164397365253 18.0129786377381 17.0450938515066 16.4993269120413 17.0544991985894 15.2386173398161 14.657345208986
18.9288026811795 17.1003940857607 16.7314244136357 15.3709377429755 10.4455313132982 5.92347437333003 5.95577126039185 10.6762124815027 14.5795398529795 11.1046566620524 5.85708213925336 3.90638842027041 7.63442953274874 6.70747040709939 3.52735851228603 3.98304779463305 5.13580170974678 9.88684276104803 12.4125163390184 10.3539940047608 10.9167844144931 13.9878608302891 17.9309397351335 22.4003001510987 24.6653862309263 23.8607932952566 23.7802259452499 24.1852540656107 21.4710225112292 18.0001663445333 14.4405167788171 11.5257973857134 10.4722540225666 9.95390433717482 13.4131492005966 15.2792350487465 13.4306803343285 13.5993232300252 15.6425438468757 18.7908630161512 21.477510346443 21.903113541924 21.5368208213782 21.5267504703926 20.1285677053427 19.7442100422272
23.5855579117506 22.2969050958562 20.1086234290866 15.3485432850281 10.0349946049655 5.51628599304452 5.68624517160223 10.4402320709953 14.6251971085921 12.9623220102222 9.79422700594963 9.09658136022831 11.2273472573384 10.8917413956358 8.32553408379079 5.86092561790069 5.84796164080779 9.62120244223902 8.51281127476168 5.43622615609679 6.60479156169272 10.9912976335948 15.7007389041814 20.0308589862569 20.3320895228788 19.0778433381818 19.0177518026452 20.1193512017957 19.1318836709751 14.8336032572457 11.1608429204758 8.48534693507317 4.71696556026662 5.80813215018397 10.887405552771 15.9886738732727 12.6016331077742 13.0104957514629 11.5446733672139 15.8564552138403 21.0123514284925 25.1149846025283 26.1504641240093 26.1349045828041 24.8647434116864 23.8610096529473
28.0223578709118 26.0489931258486 21.9260710739874 17.9051545147357 13.4299329206323 10.7657725228882 10.6423291913835 13.2251346954718 12.8259641058087 10.7492316623502 11.0028287290327 12.143048775126 14.7589123396529 15.3044969976329 12.9710390268569 10.5073966302461 10.4904583878472 9.22016824503011 4.75475228933065 3.17004270411038 5.59467386599616 9.44523368798523 12.7276937648034 16.9106676845327 15.9280463586853 14.1754793312011 14.0680856894057 15.4965994466164 17.1221979730325 13.09327987783 8.29138034694364 5.01315757209308 3.49949205426554 6.08355213579805 10.4813065242371 9.7254116372827 4.95147512815399 4.48105661453328 9.2451241938515 14.4890482650999 19.6239149372218 24.1202954737068 28.2622272615564 28.3117669135488 26.2699449301464 22.3702946559776
32.2934242750386 28.4306943628822 24.8487381218996 20.9915100789288 17.9693762845472 15.9313305489439 15.6929462037571 13.9223802115052 9.3913777532867 5.50947080235649 5.69407931074181 9.10698250711943 13.748437557044 18.0780820537073 17.6970166212904 15.2966046037581 12.4341397349379 7.32852165351248 3.1348869402058 2.96084685995797 3.54729536453891 6.39530873284561 10.8366627545246 14.4360080170701 11.8932750554189 9.13942755259967 8.82275329297696 11.5410563354432 15.4309585370421 13.4838215002527 9.66470878981578 4.97632799116806 6.53001085100478 10.1835251245458 13.0699162907687 10.4405415163236 6.47081692312397 6.44124851440032 10.2484489364708 15.0393880982683 19.6905239241899 24.401678983892 27.0798549601767 25.305216078948 23.3109192431257 19.9343876535157
34.2237953406424 30.8463210089564 27.4912370443076 24.1115665048547 21.6600587416452 20.2972079592586 17.7439067725538 12.8786143610483 7.63711510484894 3.44781667946245 4.05688976233578 8.14438189789942 13.2301344855335 18.332377038334 20.9925187317245 18.6966517916416 13.8538364326217 8.43904619031172 3.43817972855484 4.13484158702676 3.48701156113545 5.33739841116443 8.98804639799165 12.7555600254567 9.26019887522714 4.8669948631715 4.53683665613013 9.21772329218222 14.5049053863003 16.10423762565 12.5090179524315 10.0817608507641 10.866982042938 13.0438664770105 14.0786440691311 13.3285804764338 11.1527353561902 11.2744889551798 13.7686091749335 17.3689615139259 21.5186677359279 25.3749534463973 24.500094455047 21.0996832631937 18.4588071851727 16.326893422502
36.3675051765599 33.2219504983134 30.3179229387083 27.878249713922 26.0429933694473 23.4032628484786 18.8568576860657 14.441466769689 10.2421232508527 7.79185543155817 8.67834992714759 10.9741872285197 15.1930137829327 18.8132745308138 17.6315050529806 16.194987386692 14.3999220356059 10.0207625196145 5.91896211450322 5.77879642111544 5.78650381148889 4.00420026702515 8.38788544377798 12.4883394838685 9.20528763595114 4.50536497147856 4.76761027032067 9.55711808831603 14.9236024066075 18.6295574917781 16.5604493423419 14.877076162563 12.639124377868 9.74318199090225 9.13289541891877 11.5321448317457 14.7249901807946 16.3769711628267 18.2798492762316 20.9510608028178 24.158675211837 25.4611059569056 21.6891993392794 17.3494344378039 13.7849902818875 11.5076343040819
32.8761384867259 30.6717857149763 28.9046853403882 27.7558021568449 27.3492159042284 25.3299768811558 21.4966662184545 17.8335104966322 14.7614669721282 13.2577934059091 14.0541739312401 15.6822709193477 18.3699400236067 16.8520666950159 12.9109486074455 10.6200444858713 10.8344374066598 9.88769630974163 4.89387210364939 3.60676668524396 5.47662057111457 3.88211034351668 7.85448671161673 10.5479378708069 11.3008380838196 8.75375923556872 9.15010516184835 12.278608979102 16.5437984798394 18.1432797030488 17.4668424311432 15.183711236619 10.3061360803551 5.54719824367039 4.39755829505321 8.59782890686201 13.4818865146175 17.5398179275649 20.6664388525068 24.0068089012059 26.8758380852883 24.4861693442443 19.8574877623846 15.1682612152713 10.0362615828694 6.05669217464825
29.287016237755 27.0827603845846 24.7485936355767 23.3040450055876 22.6981919025533 23.3199486140968 23.5517378292631 21.5759852254114 19.5139069417926 18.5980081931221 19.1857375999794 20.1122240436344 19.012920444997 14.2026302930626 9.33756798881129 5.39682027075976 5.68262772257564 9.27247155308998 8.45897164331352 7.11165114792537 4.04607131244521 5.09130741222684 4.49517605754289 6.78256551630933 9.88395059728113 11.0425284414608 13.3937405995924 15.961667737004 16.6462157299261 13.8408158728638 12.4275152338969 12.9970346467563 10.356425543451 5.92789311415172 4.93885398075331 7.85919641072568 10.4384492391904 13.9559641486961 18.5509732730591 22.9875607010502 26.8226335047539 24.2733925681062 19.4502268761707 14.5805282269481 9.11989885076571 3.59061851324229
26.5439634916402 23.0026437722908 19.8911329586804 17.8542838240442 17.2665808210277 18.240344222723 20.6588077440861 23.458234907257 23.6266133840756 22.9979483071877 23.3910497821936 23.2021333364639 18.9073659625904 14.104518758339 9.03947004730025 4.80520551228794 4.96546477025293 9.54596095481255 13.0838390080585 10.7116148732669 6.92053379809573 5.75376395415803 3.99618702054907 6.36437423957252 5.22824173673654 7.40670627370089 12.2264438870013 16.4007185235143 13.9463999116145 9.86360226575215 7.06531228165773 8.89002237160811 11.8076606913713 10.2431860323216 7.31940658491423 3.98639018428224 6.77219565052097 11.5952099852004 17.0581300741023 21.9516364395241 26.1293219545247 24.4632737947489 19.733076994415 14.7914562096963 9.49888895612289 4.77241764005925
22.4750030652948 19.9263563315082 16.1815141980797 13.0865968078196 12.0955953851152 13.5993414327493 16.8520143448728 20.7644029940708 23.0595469493161 21.8935500371005 21.6066646867427 22.165154473849 20.0718398161745 16.0233855296269 12.211978256048 9.74442815693789 9.65164599063676 12.2310364959311 15.6854152737629 14.2576133538812 10.6803599912084 6.33001709979148 5.90764211126808 7.50744178163687 3.84848368111139 6.85441726180666 12.1434102607835 16.4613073491598 13.0057467882359 7.16877784236025 3.29018406746549 6.33563307870372 11.637915321723 12.6889363046087 7.80521742471321 4.40503212581853 7.22197496091666 11.8602565011363 17.0487121755284 21.9099094744257 26.5479694641684 25.4602903475576 21.0019905579868 16.855965081149 12.5833659129965 9.4951761268827
17.7327575268711 16.6257367292813 12.871690310102 8.58138764027608 6.85570597255778 9.62509387822204 14.0554668909228 18.8231962178979 18.9706700657893 17.0343828207965 16.7024839637227 17.9545504417568 20.0677602824665 19.1207291783071 16.4084090878323 15.1405048403765 15.0370038492932 16.5929449280347 19.0119481831969 18.0956471575075 13.2638453974994 10.2029388997254 11.1907618365162 10.4025317414499 8.76222384805119 10.0666536537131 13.676797947108 16.7703838662367 13.2710770385291 9.43032666478122 6.78384179052118 8.54479564251195 13.0583010139718 14.835626134655 11.3972518717655 9.57500493608819 10.9992921737604 14.7849220150209 18.9582765966267 23.0009705827815 26.477637316672 25.5988645764076 22.5388513480543 18.5968449701029 14.8778869348977 12.0546224140178
12.8569673532931 11.7235505047643 11.074925325023 6.38365767293987 3.67093147934103 7.83022410372835 13.2636980108669 17.4661826950879 15.034607900382 12.2907102110719 11.6321177059249 13.634300943216 16.8881130984637 20.632101111586 20.6547536751902 20.2387134608766 20.6342821512506 22.3581798687388 23.3946591741414 21.3683751828069 17.9216150895455 15.6063448792331 14.1743587684369 12.9646005037966 11.1769336933489 11.7510366231191 14.5092671347543 17.7813491563132 16.0710859354949 13.0419263896694 11.7053947179328 12.9142274635315 15.9331300568378 18.1125414743414 16.0025435885385 14.8994126684612 15.6371019726692 18.0039804570188 21.3286044317373 24.4443224194858 23.5905381866591 21.5369484842652 20.0964553468763 16.3454539843364 11.7431144659872 7.7426835518631
