IBR/IBR_outputs/all.combrep_1/EucDistWater_Total.Silt_Total.Spinifex_Total.WeatheringIndex_Total/EucDistWater_Total.Silt_Total.Spinifex_Total.WeatheringIndex_Total.asc
NCOLS 160 
NROWS 95 
XLLCORNER 210004.651214014 
YLLCORNER 7350008.22228844 
CELLSIZE 4999.99999999997 
NODATA_value -9999 
[rows 42 to 62 of 95, columns 46 to 91 of 160]
10.9088782216091 9.50442217957117 9.6474070622256 7.78322202875199 6.25490999497019 6.58346759791797 4.91437664930981 4.98804179956339 6.67460540297154 8.81457154762801 6.72343948184982 8.09324652065329 5.2332430552012 2.7575177773309 3.76250490193491 9.74662594553315 18.4444954893044 15.5173654617667 14.1691638179086 14.3047929670993 12.2597829258956 7.32150659316137 5.71145284705544 4.22218451746522 9.40353350965971 14.8294645443623 22.1860987437208 9.14452290925739 7.41121339255797 7.66762845950187 3.61170005947623 7.14116615184606 5.84968529357332 3.25369240595238 8.48744183356555 6.74118372681767 4.52212544005821 2.4141154510243 3.11530670225452 3.94416602003228 3.16523613140639 7.31070362544789 10.6975045043848 6.78180219350805 3.80318708134309 2.46617228129354
13.0928341877621 12.2382193900461 9.18840862718819 5.74240986539145 7.92979836416446 5.98974715173758 7.22325873788397 8.82527481053286 11.3226038965364 13.5909259429452 17.2246746139631 24.7084582761044 41.8514101128219 10.878207987613 6.49918055382638 12.1809674715741 17.2734857864938 21.487125761088 10.7995215470163 11.4158965067103 13.1258455027946 12.2008660224881 8.97323306447623 6.79493601268722 10.1918119561037 14.6569106548262 23.0647928291072 16.7062573268594 5.78066302103894 4.13081281004697 3.84406582620391 4.52314601807584 2.77833899131206 3.15358293028082 5.7728752379441 10.6659645780128 8.64922072661675 3.05106906536774 4.11698658248595 2.19347101475838 6.36117312269372 8.65615987861839 9.83714721571784 8.39837278994992 4.07696034308111 2.79402963976384
3.64147552235063 4.32577941947495 4.34831581753948 4.31015672738503 7.72944233589866 10.2435953291115 11.1844514079593 12.6272865163603 21.0412050333223 26.6316896453144 17.7631155966088 13.3242672553541 18.6120915806461 32.9546537730273 22.5903281219969 14.8848707829724 10.0096517423498 12.3876573084099 14.594068572083 16.9039550154674 36.4513983140046 16.9113920554039 6.26747900925309 4.8068936822972 4.73954212760549 6.39075002444591 14.6758863889337 17.6123985085834 11.8211970831468 7.17514211835022 3.8325145370142 4.08894272407916 3.77069188241597 20.612077558248 6.95333447138025 10.3023313209294 7.02444533658271 6.08676740138144 4.12676278193505 3.30873137536258 8.18045336742258 6.07247728564714 5.20647204490036 9.25928199430828 8.07984159037244 3.34023756445772
4.96776963819692 4.74671109663261 3.07607785897335 4.13963494658566 7.16382346720708 8.31959105612833 7.12623279168143 10.5160535992507 24.7456372426567 11.4742891227152 5.18692275984888 6.56736811011193 12.297428031505 17.9863965896591 25.5725657502081 23.4505947841345 8.74015854101129 10.684708955053 24.3840203499203 80.5103405422367 62.3931516485996 41.141316101436 10.877340288998 8.83806028167582 6.84306501143352 6.02577694510997 7.82636425858084 7.04891448801684 12.6237381828334 13.7118210463208 9.36881514545734 3.0129516171344 5.41577760674395 12.2826633502453 10.4456469153386 4.47383346525552 6.22175274509211 9.38644808789648 5.51094956495859 9.2235781117512 6.53713284504799 4.44457254389376 5.97019168841702 8.04167613051668 7.568577549878 2.95807113075693
10.0195486091107 9.09980544116716 5.77589291793789 3.38689057769065 2.91003065968914 2.6650023553044 3.06967576561357 5.16738264956166 7.82291032860049 8.08975756365931 5.27749215369784 6.57612551022713 11.2344961336004 14.8300926180117 12.7349988203084 11.1472646990409 11.699723121514 10.4498049472966 12.6051799287163 20.146673371064 10.2698082593603 7.77402456000722 6.65169962142462 7.96504379458097 9.76553799727632 10.3015383218949 10.4487532567583 6.58001297892602 4.64345079522014 12.1562161645114 8.35909895294757 4.47907319237651 5.47923397719489 11.9553538929913 9.85750166891953 6.20806605136893 6.28156918621266 10.7005865450729 9.82228529850769 8.59922250787418 3.72593113376771 4.28032986090905 7.2376709203745 3.8084283132909 3.33326178442947 2.93590117712156
8.95072621350629 6.30568190206632 6.12367786589919 7.87489397975643 6.8419680065652 4.18060407007606 4.61215311491615 6.50270478318434 4.00044634069867 5.12493309773841 7.5324663053258 6.7454491949856 9.63598519714493 10.8264562467041 7.98812093508142 9.18269248842904 12.8418430176054 11.9568642201165 10.9455191306633 6.63464229359322 6.13487613225109 6.33927519726072 4.86239853876682 4.20633730173458 5.35784079167179 6.40515095882379 9.38906854432086 17.5475223941266 48.6331325590458 25.7691424435321 8.85266444196733 7.97343084937168 8.87360087875335 7.51251400905471 11.5527902329911 16.2156330513775 11.796803265097 9.724800794778 8.3623681964757 3.87063103538942 5.54669531604256 8.64807928074529 7.07170315450186 3.18949894359344 3.9240093639432 4.32983415086897
6.44973790693963 3.59871550474115 3.75159490221786 7.78707912744567 10.465357153458 7.5972513995691 3.36356547293812 5.36776745684597 4.45189635751109 2.87647653041383 5.20967692500112 3.47148878598648 7.57626435046692 7.86675728855157 4.05587403943423 5.2165562910742 11.3105400496887 16.0377604245846 13.5940597622704 11.2912098156394 11.7965294971485 10.9081666336524 7.84420732299408 6.21590346748434 5.14291478325406 6.66800951362263 31.6090863947157 73.9834221226368 69.3578286735473 50.3713076336183 63.5587763695428 23.9325975713698 11.870307243778 10.2243870870881 8.23136798359574 13.0972025973179 10.3353251296095 8.76778529897712 6.99659224272834 6.69929990924524 8.55190664256114 7.93617539576972 5.74519684240758 5.79749069889298 6.9659475840113 4.55339034639806
8.17354172178819 6.98249645778842 3.83716493765216 6.41140795064139 11.0727526797778 8.86874667285291 3.67324885459565 4.49672806824401 4.14131436624632 3.46451138631922 6.32684214565808 6.61463217019667 8.29702238801316 4.44911293563842 4.27616485688104 7.50707700364897 11.9429492838706 16.489199729491 16.6356686166889 14.9406200472872 15.071308009864 15.3373126890215 12.4617502896731 11.4160368615719 8.61806107730185 9.07141070060786 13.6571370780356 12.3811561993926 11.6205657719744 17.340908882152 36.5958096343311 99.3576567910133 35.7220986227163 10.1047322240078 14.0452511363503 7.14652631261772 8.15712478389563 9.43209195121602 11.3822594882774 8.90088627563717 10.8969779974917 10.6815054666408 6.06323857025891 5.95058860797583 5.09997519777879 3.74634268600472
11.1307400944501 9.5117197077065 6.18558690489519 6.85957655703995 10.1280315492205 8.63614803401245 5.20584264941156 3.24555125857689 3.03785936277937 5.06514959254817 3.14301071511673 5.01072157764105 8.15377984815724 6.12751557034117 4.49277241753296 7.88420721594461 11.9924846321561 15.9538834192283 14.235648483643 11.5087311009258 11.4695334201024 13.4933528172401 15.9952869452227 15.5995330376276 13.4918120514363 12.5792858581167 14.3462542319576 13.4349604119606 12.6616468685446 14.3114634279116 17.3257657757954 18.4144925136538 31.6675610438728 10.9891877540985 7.72950952012868 10.1383980351512 12.1100559282872 12.924347816055 12.6962401178882 6.90829665916592 11.4269243347159 13.8407219278713 14.3463115511707 8.66502495588931 4.8559174613475 3.80341535798948
8.13557420583628 7.76996973345161 5.38518941532182 3.85902829235036 7.12556427945922 4.84275571229311 3.80757181071349 4.4312703936345 3.21608486197332 3.70568757608852 3.39042164550455 5.03055854879563 6.04535758295194 4.21375634582853 5.62858678606166 5.47134851519357 10.5734669420695 14.3918614634179 11.1363273506435 6.98416527394803 6.17742184683711 10.0824056374029 14.6508523509152 14.749202391609 11.3155648357503 10.1552670314117 11.0845620328065 9.52279684972659 9.13008246147995 12.0047101864833 15.6580800020864 13.1032376939819 8.16340143964574 12.2107771762545 10.5739833449065 13.1318694852626 15.4203728498056 15.8086410872444 12.6899115645478 10.2650836373895 12.5685510528622 14.1567561166257 10.1794549052296 11.511226546989 11.9738932081219 4.98509344750317
4.83840625465348 4.27516935001106 5.24879847467055 4.40335571961829 4.6588187624306 3.85711796238224 5.1055584832051 6.48750749445249 3.78998502335029 3.90157771933565 3.87239761685261 3.36170722756395 4.42209037681437 4.41746872154497 5.39669202531113 6.58204297263926 9.23050543324638 10.3292670109547 10.5527631925496 5.86078449837885 4.95277993520665 9.60935207800137 14.5003389700033 12.638123804376 7.865304582279 4.74241012888006 7.89545583119751 5.58520887740516 4.91088469310295 9.49203540098577 14.6363929359416 13.651422427161 9.32173607047773 21.6417008162875 11.6983490255623 15.0092924032869 13.0243620508965 12.0567814311361 14.7469142162974 16.4107371944467 15.9100692162014 10.9009369080458 5.78668470279207 6.42939755871618 6.77099875471316 7.83286000660533
5.01015847109207 4.77525120469191 7.78972332673994 5.60208523370017 3.31847039895554 3.65822447184547 3.83294298912122 4.08818723819217 3.27955609751375 4.36852893225341 2.9642129447919 5.08323287991599 7.34285756248907 7.72677783345499 9.90613848770377 7.83307066438849 4.53809412588149 7.48972157279991 11.5455730572573 9.83555315029315 9.52231828155016 12.3644774899953 16.0347137771558 13.2366432632063 8.60016515107385 5.80475227829099 4.50370318004453 5.92240324493675 6.50803614008513 10.3555387259383 15.227319546761 16.8563472846269 14.3458918263149 19.9578865409228 42.8439708867791 26.5241320315972 17.5379546504634 9.75451280749709 16.1371793241665 19.050872476956 19.3260778218567 11.5230082010306 8.8086656574519 8.95290500343168 10.4303951885685 7.95151953642501
5.20128020846713 3.58574403448652 6.67964832797203 9.43800615369116 6.75282022416846 4.71287516128901 5.42721289640089 2.86452127961616 4.15910288483683 5.00579390027424 4.99505848460554 4.21086342301211 8.98599193209624 12.6974213965453 13.1516789406067 8.97512952610305 7.36836657354455 9.13256989598596 13.2500213222496 14.8072984341471 14.5488561679574 16.3633071754 18.9299477945311 15.6445382015688 12.2166881929987 8.47425637460882 5.41105033036447 6.50020872123223 6.77894268155829 10.0794453659813 14.7210238133986 19.0008250761048 18.5942830103243 17.4632401320018 17.2306946856006 21.3425684692602 12.6176929350635 17.9816460370449 60.1811214110886 90.4792274447889 90.8535092249459 48.8246814076303 35.0795176467939 8.73788312668064 11.983156933683 12.5716942541476
6.97639186448548 9.55882797207237 9.44671707100697 11.7217322905261 7.07646597380712 3.96754687811452 6.10529885838657 2.68509481913208 4.3536307148216 7.76155734493948 4.81390891747224 6.09401746137159 10.4194851529139 11.4795026630811 9.66446973169684 9.18721165601744 10.8323463620115 13.2827850951623 16.1942810510974 17.1705022627472 16.782028734121 17.4093885563657 17.4719301891911 17.635016569208 15.5395650074398 12.1943723790097 10.0205696502394 5.89070298428463 4.3458820598151 8.86883263101482 14.122917695081 19.2019772852801 23.5852185222926 22.5357217103201 19.7573569847967 15.4863034803272 11.1751794815164 11.3674800277496 12.7974024989794 12.6711781671956 16.0868214514476 27.5710375258711 19.6733640050316 20.2412483728176 31.5319879549798 12.1987885838628
10.6965516965554 12.000676107387 13.1754893040231 13.5138475809231 9.84298719554874 8.47337042931952 8.77250586529526 4.76485333026056 3.8905794857598 6.9901530541194 6.13955674749116 6.92560191905378 8.74015318839405 8.57488106372014 4.52137679345362 4.26423281979295 7.25951099452865 12.609094652055 15.8189330115351 13.5575272432775 12.1890491717482 12.2556763609014 12.5591652212892 12.8485369415169 14.2426721605894 15.7492105488118 13.2850326195747 9.52548437249562 8.71649710031384 11.4331003211584 15.8428353272184 20.1958536680836 24.0648237848705 22.1015301234362 17.8117863030364 14.292178997569 12.0723227359887 12.0028259290544 9.71297763213959 7.5230869105371 10.8024914186127 20.5715603360063 26.0333291325703 15.4916363961335 33.5585869254132 42.8503697756458
10.8998315696215 8.85612238276996 10.4927645207426 13.7954859421224 12.8526368029455 11.5976090043645 10.9310426366958 8.7714651794015 6.02648215772665 8.51002978387891 10.637847257994 7.71933795533868 4.15587137599368 6.72164879285829 6.28950074440717 5.21040332660516 8.13388609965312 12.7772958468229 13.0027365226979 9.3599228058184 6.87048236313161 6.95405667783737 6.85155694077829 7.64016857069459 10.7073343061049 13.5649044960249 16.9587125060626 17.2821187254004 22.2719757337335 21.1718755350228 34.6329242495394 27.4170342323042 24.4873171610107 19.9340653213337 15.2397797556351 10.5226819702202 7.04033626738753 7.62818437233453 5.80713035212695 3.82536133434004 10.2094754618201 13.9600709477851 15.0339017208886 21.0266865876521 16.1109759033654 8.86154196545212
8.03070449330717 4.00082334977108 6.85420034608622 12.0737481388182 9.82379310981155 6.70293570042699 7.05707126987 7.92297460048963 8.97015742815629 9.76900906197109 9.75732631665494 6.5824769938226 3.00439539189711 7.33405259349697 9.76435848027935 10.2381965777721 11.5504913648927 14.5721083375767 7.8624542203394 7.75283197212499 4.41353992530487 4.89000670679395 9.84070722943374 5.79844163301733 8.65165857763116 19.6661424717868 18.7757585390452 15.3976521463879 53.859664930523 20.8120387369474 20.5271227866474 29.1273622961857 25.7330537408244 19.4247820838778 14.3254026030812 9.12578333072201 4.1620428135534 5.21912470015034 5.44701163581828 2.80504239112973 7.2542893263813 10.6963805482328 12.334307816371 13.0649114831683 10.3849630305764 10.4305341449947
8.81559302592202 5.69215466159025 7.9233943822042 9.37513160374204 6.66209340061684 2.95851022380359 2.71562491166598 3.44615734666812 4.52050375582841 5.36643730446103 4.71715591172763 4.32404579034397 5.63298417960629 7.19026356912845 6.0101340238633 9.46644341479151 11.5124939409416 6.55381223573961 3.85139467499306 8.02766632174733 8.55448734111928 8.64084422034867 8.76334402619366 7.58842161993389 5.45872699200623 9.47444974526756 30.0749215359666 20.9070211895802 41.5041761130092 24.3747307337698 18.6563322799448 35.6997356824006 24.7893938281366 20.2523209403028 15.815443319691 10.8424373019469 6.43650109022791 5.53392149720597 3.58206428620303 3.67174091909606 5.96336160752324 5.32257278391436 6.62919864957934 7.84294359142166 6.09661472631446 7.55236961379036
10.2946069137563 9.78926882372827 10.1258313348281 6.13330012839009 3.29496771060806 3.16271228757518 4.77338278470408 4.82844037390648 3.0006064827975 3.02954491518383 3.61393349976621 4.91284032747234 7.99409707851088 6.61874547581088 4.73526953537997 9.04706060697672 12.1047588396778 9.01523958198888 7.53362464787817 10.7611100120294 13.9689471021868 13.7815621569392 11.888950409497 8.97045485840572 6.52363610533077 13.2326578433652 9.81338179365387 6.01504368429174 9.01262682575604 14.2675507787681 18.8040475224499 42.2222482765537 21.9113618047336 20.3429120106736 16.1772495082714 11.5371485939609 6.58065809569048 3.64717795729544 3.74919355415326 3.65156177684812 4.15301301255213 3.36972512817619 4.49126957459269 7.08951512004002 4.22453619915219 4.09803703034406
5.63436880773928 6.50873543621025 7.39743056845412 5.39318834640125 3.14993675733069 6.31150371505096 8.51303598065282 9.35438671190057 5.88684185201444 6.08471300242115 8.64906725712524 10.3822666093786 12.1445260298581 10.4900198630341 9.43708876633213 12.1150615074567 15.0591973399497 14.4907451918781 12.9908384214264 14.461204075664 16.6642629071514 14.1029545855096 9.47911647758867 6.78786224433144 7.98650614549297 10.0402438299799 10.845577356474 10.5349769498617 12.9225004828796 15.4750616527357 18.7941612463393 23.3265497837527 18.3772459164143 17.5586133128523 17.1811052799492 13.5875348449672 9.78826767873808 9.15383343852691 9.02950542965275 8.6613198454785 5.22843263336957 5.72109009005646 8.15351242655823 7.10941988298169 6.20975635531376 3.04794697266483
3.53196134535292 3.2207913491269 3.34958842122705 4.36989992990041 2.77236739375501 5.71292078032973 10.7020400276046 9.89569189836686 5.05347180862772 5.01476591592382 9.94704987788711 14.4520333780078 16.6147547350478 15.4603705427946 14.6787135339328 16.1590455732927 18.9018809862218 18.8612280552873 18.5182672958627 19.631925258516 17.428186593764 12.6126407905683 8.03491091333349 4.73423454604044 9.0766913818804 11.8687308047948 13.9003670900317 14.2171783348379 15.6210055337283 16.056818047201 14.4128939428526 13.6049263915102 13.2687522068689 13.2243940028415 16.684043524205 16.868430232326 14.2364455057218 13.256167037131 14.2593464399629 13.2801131735735 10.316045612231 10.786834235874 9.26032386592612 4.02533888080226 3.00719764914393 2.70812120453113
