IBR/IBR_outputs/all.combrep_1/EucDistWater_Total.Silt_Total.Spinifex_Total.WeatheringIndex_Total/EucDistWater_Total.Silt_Total.Spinifex_Total.WeatheringIndex_Total.asc
NCOLS 160 
NROWS 95 
XLLCORNER 210004.651214014 
YLLCORNER 7350008.22228844 
CELLSIZE 4999.99999999997 
NODATA_value -9999 
[rows 0 to 20 of 95, columns 92 to 137 of 160]
-9999 -9999 -9999 -9999 -9999 -9999 -9999 -9999 -9999 -9999 -9999 -9999 -9999 -9999 -9999 -9999 -9999 -9999 -9999 -9999 -9999 -9999 -9999 -9999 -9999 -9999 -9999 -9999 -9999 -9999 -9999 -9999 -9999 -9999 -9999 -9999 -9999 -9999 -9999 -9999 -9999 -9999 -9999 -9999 -9999 -9999
-9999 -9999 -9999 -9999 -9999 -9999 -9999 -9999 -9999 -9999 -9999 -9999 -9999 -9999 -9999 -9999 -9999 -9999 -9999 -9999 -9999 -9999 -9999 -9999 -9999 -9999 -9999 -9999 -9999 -9999 -9999 -9999 -9999 -9999 -9999 -9999 -9999 -9999 -9999 -9999 -9999 -9999 -9999 -9999 -9999 -9999
-9999 -9999 -9999 -9999 -9999 -9999 -9999 -9999 -9999 -9999 -9999 -9999 -9999 -9999 -9999 -9999 -9999 -9999 -9999 -9999 -9999 -9999 -9999 -9999 -9999 -9999 -9999 -9999 -9999 -9999 -9999 -9999 -9999 -9999 -9999 -9999 -9999 -9999 -9999 -9999 -9999 -9999 -9999 -9999 -9999 -9999
-9999 -9999 -9999 -9999 -9999 -9999 -9999 -9999 -9999 -9999 -9999 -9999 -9999 -9999 -9999 -9999 -9999 -9999 -9999 -9999 -9999 -9999 -9999 -9999 -9999 -9999 -9999 -9999 -9999 -9999 -9999 -9999 -9999 -9999 -9999 -9999 -9999 -9999 -9999 -9999 -9999 -9999 -9999 -9999 -9999 -9999
-9999 -9999 -9999 -9999 -9999 -9999 -9999 -9999 -9999 -9999 -9999 -9999 -9999 -9999 -9999 -9999 -9999 -9999 -9999 -9999 -9999 -9999 -9999 -9999 -9999 -9999 -9999 -9999 -9999 -9999 -9999 -9999 -9999 -9999 -9999 -9999 -9999 -9999 -9999 -9999 -9999 -9999 -9999 -9999 -9999 -9999
-9999 -9999 -9999 -9999 -9999 -9999 -9999 -9999 -9999 -9999 -9999 -9999 -9999 -9999 -9999 -9999 -9999 -9999 -9999 -9999 -9999 -9999 -9999 -9999 -9999 -9999 -9999 -9999 -9999 -9999 -9999 -9999 -9999 -9999 -9999 -9999 -9999 -9999 -9999 -9999 -9999 -9999 -9999 -9999 -9999 -9999
-9999 -9999 -9999 -9999 -9999 -9999 -9999 -9999 -9999 1.17407751641911 1.76823925299442 1.78704823846188 3.11576946369085 -9999 -9999 -9999 -9999 -9999 -9999 -9999 -9999 -9999 -9999 -9999 -9999 -9999 12.1043297394725 8.91827620753662 5.0193684402948 2.31827925851793 6.12341718048642 8.5206886638832 14.0123104408244 17.019117516906 15.0135661806312 9.30169907780484 8.78196420876518 11.0800774047761 15.2686092285095 19.8101439214184 24.3319000805041 27.4611359408392 25.8928223880048 24.4371588900683 23.9481730192375 24.4809166812926
-9999 -9999 -9999 -9999 -9999 -9999 -9999 -9999 -9999 1.38642636634759 2.75715894056801 1.01551583690847 2.45370128975938 2.71805226356675 2.71964782108794 1.60828518612571 4.53310205378691 2.93858617530242 -9999 -9999 -9999 -9999 3.47393790753075 3.65515923817881 3.64728838183869 7.61905936540782 12.7658031187551 11.2849787143878 7.88217110117497 6.50959962973835 7.08877538066351 10.2814486886422 14.852863829079 15.4998072158496 10.6191452112155 5.90885666103335 4.86762414671494 9.07941031699733 13.9608855418123 18.7765843981989 23.4590459668928 27.822478467221 28.6221833368547 27.4247619331149 26.9545472087707 27.4004589858872
-9999 -9999 -9999 -9999 -9999 -9999 -9999 1 1.45266106180457 2.68906156809368 4.47145429629297 2.22895895112595 5.24715364229091 22.224435840806 28.5788818984841 7.45300490365393 7.71524470628267 3.74585157533809 2.30708818522452 -9999 -9999 3.97797215190563 1.95211014702605 2.81305177034844 5.92340033501242 9.74782245816098 14.1525374437518 14.6256494061439 12.4530255271301 11.8162815537009 11.9995832237846 13.2605120860647 15.7058930459026 15.3593013634927 10.5220115001919 5.74366176083973 4.61275882297051 8.8096006320524 13.7536054472133 18.6497990150565 23.4113331948294 27.9640618317629 31.7009111525656 31.7735509671473 31.344426235532 31.7360462243971
-9999 -9999 -9999 -9999 -9999 -9999 -9999 2.90709824064811 3.83700512049327 35.1859780087132 8.11598595075477 4.35405565354723 17.4806130961951 8.82162447275397 10.5387085404992 10.3799828285724 11.010543937607 8.05713031021564 4.54751248654514 2.13165442148599 3.98076193571961 6.85160348984427 5.80727546105895 4.1942552730106 4.19182427190425 9.24504489242864 14.4298182734152 18.1602800671514 16.7514814844575 13.840768129829 10.8259100803817 9.79636600085007 11.7580064969252 14.8651939440185 13.028074969411 9.96125624489405 9.48831312471009 11.8971233400821 15.785841824233 20.0730781956002 24.472085369861 28.8008984677553 33.039458696807 35.670038484861 35.6076201464734 35.9109741727295
-9999 -9999 -9999 -9999 -9999 -9999 5.07750979277852 6.19653764737329 11.0554043831201 20.3820464638553 28.2044977580777 3.8343223031479 7.75727904817021 25.6349614799727 15.5406874622194 15.7588649373229 13.4374562642453 8.94468513991472 3.86942686228206 2.56759807951297 4.61362585175024 8.78796233078685 10.4897860418159 7.57615600489911 7.46834232031327 10.9660367872352 15.4217635394934 19.3026650255292 16.2349849660603 11.2531578901093 6.53990584555293 4.46087143268072 8.07081652460074 12.9846108936762 16.248519212657 14.8512324877388 14.6167413723491 16.2093058912237 19.0047789412698 22.6159719183477 26.4458280977178 30.3525643508948 34.2960665235667 38.0379232714985 39.6690548915451 39.958208388953
-9999 -9999 -9999 -9999 -9999 2.74003058266052 2.54259141125428 5.64153500730236 16.5591685125063 8.34588939509545 8.26683727901429 4.83295931291188 20.0401238815081 39.8749407948884 20.8388755467385 15.9512487559288 13.7024674882143 8.61487581360937 4.0508088959461 5.22973529493521 9.08624903942393 11.9206429617611 14.2775018656462 12.4956955563253 12.3865455159158 14.4755072877898 17.8909068629303 20.2507053549808 16.1121937265633 11.1074905601646 6.20559320090409 3.92645971875702 7.82044835954149 12.6446011437193 16.8306355061644 18.0682434225466 17.4665017150644 18.292285952149 20.2843627183139 23.2037949612699 26.7085179309973 30.2730173070736 33.9264472824694 37.6019023676421 41.1485709473731 43.4759008404163
-9999 -9999 -9999 -9999 1.78502522496685 1.89035957279719 2.78730206421976 2.09517711722108 5.04139151077576 13.7913240057965 6.22285616753281 2.43319125431335 47.5777323007464 50.6631430459244 27.8884724610531 15.1247903671756 14.7218089321395 11.3809969985253 8.83549983146959 9.38323600049435 12.6242788579284 15.926069071914 18.1438730605497 17.34150016668 17.2803782270921 18.7499282263823 21.3563143205014 21.984506116027 17.7123360025702 13.4609521688453 10.037471822634 8.20675536169114 8.0441958583548 9.95040141764007 13.6485914060481 14.1776049960243 12.95225009022 13.8602345754141 16.5514187970155 20.0473868976579 24.0315494444176 28.1345100042206 32.1943358325496 36.097114161984 39.9150947875694 43.6579647256408
-9999 -9999 2.42318211595753 1.6091989650866 1.38063319512109 3.2087491675268 3.92087718885472 2.1139889016094 3.1034930512113 3.2563197214389 3.97822415240401 2.48205652514166 10.0133978322604 71.8526133917282 47.9334188720578 20.3176926888688 11.6972020219659 9.94209661002254 8.92917862931476 10.957209433684 14.647242955404 18.3333547950784 18.3096819803221 17.8739860355177 18.8099425887127 20.8591773372832 23.4326587370647 22.8343901861539 20.1801552502462 16.4680503697241 12.0535065484537 6.95872544540063 3.42239403165996 6.54704094103409 11.2149202977911 9.87436115476741 7.62129030249279 9.18966669364656 13.1494907633611 17.5529136718755 22.120443040754 26.6233472788133 30.9535280674273 35.0860312079175 39.0645576976045 42.951082020111
1.80803028799262 1.92847707564185 1.91790582499371 2.42354558179015 1.91486513953206 2.74709737310787 4.72940478161194 4.50837534063266 7.68879492211474 7.4698266099189 6.0215653681071 3.31455565820166 2.54994572712167 3.43338156519128 10.5558007388956 12.5562778785288 9.26567389751198 5.67271528857835 3.90965578164354 8.02729910113169 13.0685253069496 15.7071992378196 13.5188840713354 12.8957274360338 14.3642503091271 17.3737012247577 20.3078059517576 18.7900189712449 17.8031121914094 16.6227231105987 12.3699128355425 7.26297722877174 3.59899629279038 6.51845037321426 10.5341455103962 7.1598961420915 3.12071878871878 6.14740319660668 11.2850625962424 16.4380545964537 21.2459307534977 25.9870903922984 30.42460089126 34.6864421007956 38.7443332536096 42.6168463444248
2.45980828770298 2.56175837093816 4.73928166388182 5.95141615827553 4.18418189018708 5.00770564290092 7.58791510849631 7.22097958451503 9.59752820150774 11.2983974564069 8.11677070816392 3.65150341493703 4.01546852432869 3.77938397074941 2.16176357084911 2.98876633800768 4.16258621596214 6.70882591742784 4.71271957263899 8.29730631619648 13.0278142970091 12.4692038672885 8.76445473490884 7.61890539743639 10.1532886037989 14.3090967569784 16.8515739046046 14.3636950693477 12.7962063408023 13.3227755199277 13.6739837630033 9.49236580936038 5.97031025122852 6.18128986404443 9.75275031601771 8.38063876789249 5.47860660691255 7.57934111832502 12.1150203494131 16.9705710820344 21.6944943967679 26.2205582394838 30.6207920735115 34.907645616686 38.8770858656635 42.5735392172022
4.10918508314618 4.04512148104848 3.71902518481574 6.827153233211 7.20133362596887 8.8894955785213 6.28598649340133 3.15763726473943 6.82181592456909 10.7064973548889 7.0491851991661 2.73829832711635 4.4186577041639 4.2195809532463 4.36079016647417 3.34692924196458 1.86119494752409 6.19106094840657 18.7150703166041 10.3063613186601 11.1314347671417 10.1783925438682 5.59999859730372 3.28952350378352 7.74617369956229 12.893835497774 14.1300669198919 10.0691297625542 7.53401516162502 8.91321579501774 11.5981291633882 9.28978089902332 4.44272816511542 4.14353269493483 9.11620696169634 11.9526130116187 10.8157303172959 11.901518221552 15.0724505892104 19.0093629920171 23.2641847567047 27.4029480133788 31.6210637153383 35.5867440144063 38.5943028105136 40.2459222407377
3.30740075143966 3.75375874124002 6.09690081716802 3.66507019651272 4.68263725389619 9.32010066610895 6.96024257234266 3.09718890236617 6.34029667061735 10.9775707040957 8.75686722795099 5.44450045793296 3.45595909191248 4.97762346074115 5.06575827666092 6.71122577188305 3.71493195655345 2.2530272567333 3.65974645584874 23.8178781111361 6.57474178662276 7.01710869551038 6.9152915109443 5.80276355442436 8.99130441498646 13.5412987344456 12.7971875572566 7.66639799069226 3.53526284729156 5.9529916044818 6.86340398595283 8.24676212333518 8.15377386951911 8.07980962615224 10.8346508076709 11.5534094338733 11.9807260554446 14.2937215816025 17.6971843963483 21.5988359154915 25.3909708560877 28.7951246480221 31.4339809325652 33.6342939026675 34.9074617162349 36.5726521448698
3.37357861862572 6.41659517178519 8.10287934843961 6.46762657345053 7.11207919032847 10.8939736338758 9.80783055056886 7.83159469483436 9.38988893570678 12.911467605229 12.1045038334275 7.68239783216368 3.08097397432012 3.24937312761282 3.24298166082893 7.57073417980852 7.13164976085744 3.48236505232253 2.69628261632851 2.54903249246983 6.75791281778129 3.47016487402657 4.92041978582626 8.33064285126009 10.8236123221076 13.1399122042944 13.1476485259027 9.00711447400959 5.88637133248508 5.14619228546455 2.82610951121034 4.68761162839882 6.73472702664286 7.01016926877527 8.86884212660741 6.43223245916118 7.23691259114281 11.3986870390784 16.0847991905893 20.5398743156485 24.0804530124134 25.6817373029801 27.8378061248816 29.4038883134301 30.7274720418915 32.7084018208122
6.09515058044501 3.68983320652842 5.4557228982357 9.45629826344574 11.2352766060322 14.3678451730201 14.1527384399469 13.0101859049689 12.0868001468957 10.5640341961823 10.7629144300688 9.93341229940125 5.07358945462002 2.8598278471688 2.51464250533232 6.06347449098427 9.03588458258956 6.36525825704929 3.74486083400657 2.06703752020074 1.93614651249366 2.49284282132739 2.45205966123283 4.54244107851762 6.50766178034906 8.40838015660721 9.89419575547468 9.81065911063589 9.69459571736062 7.63836968182555 4.79076650640646 3.42121621852561 4.27304819917293 3.97304338188735 5.49226641525234 3.97909096083926 4.9283316307257 9.34543222092285 13.7260750651841 17.9862956514078 19.7616268357527 21.4659418071501 23.8078250139957 25.0783901572657 26.6571674830979 28.8696828708485
8.68790565273062 5.16179471115511 5.19466531453968 5.87590990464148 9.56741801500986 14.3008838293824 17.5523346828058 14.539205669396 9.60395223745346 5.62555516430745 6.26624616951673 9.90847597196647 7.03657283698769 2.59482720053406 2.8596455004647 5.53713501095328 9.03885901770187 5.34648414224099 3.57622763206731 3.2017939863325 1.67487174245942 4.43978250541567 4.79609083149501 2.24852377438399 2.60151904156344 3.74580931747573 4.87072859351221 4.84013258543617 6.11178348291578 6.98488458828932 6.1493415275242 6.0131828622872 4.00089811223145 3.69764960822683 4.92785728384464 4.36428433498533 3.23623503955014 6.8785843018255 11.9277354545252 14.2145008940117 14.8342353592501 17.0612847740018 19.1845602746354 20.4674905379093 22.5430894182531 25.2243484785215
