IBR/IBR_outputs/all.combrep_1/EucDistWater_Total.Silt_Total.Spinifex_Total.WeatheringIndex_Total/EucDistWater_Total.Silt_Total.Spinifex_Total.WeatheringIndex_Total.asc
NCOLS 160 
NROWS 95 
XLLCORNER 210004.651214014 
YLLCORNER 7350008.22228844 
CELLSIZE 4999.99999999997 
NODATA_value -9999 
[rows 63 to 83 of 95, columns 46 to 91 of 160]
6.13558502798993 6.63194888116001 3.35060024392793 3.68682565987788 4.61839750943624 8.13136990405111 10.8637698278878 7.98992112248718 5.67110805069506 7.51776707154979 9.44521597541856 12.0887017270756 15.6305078428513 18.4025280005298 19.7211757094029 20.7838471128834 22.9577282915108 24.0694679804505 23.8364849545778 23.4864506837544 18.6404058042753 14.3563411707587 11.8039229871392 8.39637969043041 10.7420669154471 9.81281581292865 10.7642140487558 12.3216495163161 12.6692560760767 10.5921022820888 9.87496595318213 7.82783560900012 7.30946992736476 9.90016693804004 14.5078855372546 18.5703759706747 18.9174585131654 18.4118748000659 18.5834228205486 17.3032627720363 15.5960588298235 14.1462881358715 9.65687639774435 4.03659547345743 3.55655411408813 3.88390257307259
6.52419915191319 8.40971749343257 5.50258096228817 3.04927720404641 4.22514181058414 6.67037284245667 9.45101537031065 5.82714230148142 2.98770264150686 4.75620050067829 5.3725780070273 8.52875830511089 12.0243436491188 16.8040486135409 21.1519400038801 24.6512996481874 26.6905018870079 26.8461360825228 24.7570017460186 22.7293506596125 20.5287704771133 17.5960984209005 15.7467517851598 13.8276836582021 11.1489257574319 7.45177187428341 5.89429767724716 10.8014422567617 11.5643582233485 6.82189081438851 4.61904774662228 6.83265461758886 4.84831530533959 10.2752844523605 15.282338502139 19.2059159811061 20.7183445272122 19.715334243561 20.1076962261657 20.6162344266172 19.6267187994972 14.8199918275183 9.71257112865103 5.2220271617554 5.81863937665024 4.9982328372023
9.76102532538884 9.78408453022439 8.45669939723646 6.02324164452476 3.94881969316559 4.07693656517049 8.00450666638399 5.04116089529242 3.13991939501979 4.56940933686355 3.26430309095143 5.07195732573462 9.99584756168328 15.1721643317276 20.1745052530383 24.3133870167802 26.3545178801724 25.5709989246321 21.2746823568411 18.5313962727017 17.2744302766424 17.5490111814633 18.3464165950333 16.3986582872883 11.6354533354593 7.73320497827018 4.41039134169642 7.11115644545023 10.782908299037 6.91320591380564 6.93439751630949 9.08712983434372 10.5933914749057 12.1936952623919 16.3348936875983 17.6476729147398 15.493517130791 14.616336574747 15.972644520654 18.7348886181278 20.2508299811841 17.2322151718748 13.0474165224038 11.2141485931288 10.8081994162593 9.5392316934888
5.22277736281079 5.36607044006174 5.51341506039916 4.64447983898154 7.49864836502699 7.32500209510985 8.69727850920626 4.4754402708518 4.58997689908339 2.59542253777061 2.44925763202171 6.32794182455588 10.9816301640969 15.9365323730339 19.318278627899 21.0896136576265 23.08917938619 22.3997225756307 19.1119305641339 14.3998238773422 11.9467059888903 12.3687228735785 15.0162436776863 17.4485266470474 14.1953989143747 9.46937100150941 5.39238594040902 6.85278674065645 7.85102240208265 3.90815378602898 7.01108577099162 11.0727764670106 13.2871375603168 14.4820400586997 15.3272772638997 12.5846886211958 10.6996570774908 9.28243371301763 10.7963985934747 14.8709827320606 17.6362031200591 19.3153391719454 16.6686715441068 13.2236899979208 11.0585202688266 8.9002523911659
4.37228131555096 4.15830069504563 6.01081368284549 6.68733286442814 5.47575778553434 5.05294153236442 8.08592460558871 7.44598039500224 7.94319607877953 5.62683556166112 5.40919199588802 8.12516060495324 12.8557817964809 15.6678971489328 14.8577383385467 15.0740654949122 17.407945907396 18.6767925365072 15.2569321138825 10.672056649466 6.83261696208579 7.55061872462758 11.8154600597143 16.5234154479543 16.5522270346612 12.8699838324287 10.9223409343295 10.8873824125713 10.4832388046364 6.78284151482128 5.43279450540223 8.85633676124491 9.2819536092808 9.11462500467082 10.8203157602032 7.69126942424264 6.53698812398788 4.4382907154752 7.64775775649557 9.93394621030927 13.4079762426056 17.0587321969595 15.7523076526839 10.7836395135192 6.47954599956775 5.72672290414377
7.18152602817644 4.50472910111938 4.74350942834194 8.78404486864508 6.32382483630261 3.86054173659608 4.34154769343696 4.42706914850652 8.75061050365957 10.3268710961288 10.1773785540132 12.0500704072388 14.3183108230941 11.9658750807899 9.59682727909377 10.3140090593603 13.1320593618192 14.1109225132612 12.4001138219918 8.96477811604949 4.56923602685083 6.17275707428554 10.985463608806 15.921222498136 19.0566969646818 17.16538354811 15.546563922171 14.2547176679189 11.3888517694766 6.97503438988829 4.62061798713199 8.58008512894692 6.57883108917844 5.36659361590366 10.0869327817268 5.12365440709823 4.50349833144343 5.37491080009923 3.91178280756428 5.57637384056379 11.1242706312485 15.4530975793725 15.5070862213854 10.6256971019755 6.06793175932562 5.88604474423823
3.67852108394196 4.73448824584778 7.15992031663289 10.5259210485184 8.24283248997037 4.15194926082251 4.20719410118583 6.28134808742181 9.76879361277256 8.25730992477451 7.70458871300174 10.5149477300781 12.5017593005436 8.91219356365267 4.71814639829523 6.30015278967432 8.09814820139339 9.33377985199534 7.4634101412385 8.24382452719894 6.16051594481127 7.47435485236961 11.3907278020616 14.5680284695479 17.9927377403701 18.7171533810729 15.915877764892 12.5574863403831 9.01843617228942 8.06718191517057 9.30273789954615 10.4903707045833 7.06118262452364 6.45284032275898 7.05383765584251 4.02841033898351 5.40221899270288 3.77704545070352 5.3775940867082 7.01133950075985 11.0989971310504 15.858130969556 17.2000775358254 13.3035329327435 10.1622699268974 10.6123723403324
4.60025104845991 3.90795535150681 6.08256147168925 7.70037362863366 8.64964658187055 6.18103736543535 3.41524360088525 7.87813873786448 9.99014134663491 5.86084117037172 4.68787649112842 9.08613936928256 10.3527815276305 5.71420195564646 4.26611104900176 3.29085424116034 5.07856127475457 7.31568227445706 3.60258690041706 5.64750411048211 4.30395952771982 4.94397924623801 7.08385405636622 11.5984999345047 15.9293785378844 15.2100464227321 11.8313192927397 9.53880327972735 6.06364849538712 5.10937232257721 10.0074961443749 13.1916567332899 11.3971270974832 10.1814984256676 5.8874835285284 2.36577658143488 6.77430488864076 7.37493548955611 8.61424271746901 10.4723374053785 13.8101215226149 18.2314746239705 20.648179725101 17.4473023676624 15.5454455331212 15.1643456892339
5.31379571286814 3.10605519608946 3.07625933197853 3.7758204279585 4.00056052848469 4.85571400350048 5.68767840190311 7.19869977370056 8.19332066079416 5.81224418281962 6.09516463590762 9.51462842266967 10.0174683946211 4.96660160738322 5.64111322387958 6.79696852347025 7.94656500855572 9.10876147368554 4.28222487348601 4.74645385616839 6.14191604041059 5.54052519718561 5.91891768275047 11.295024987912 15.5058105620413 12.8156020395147 8.05491999002342 5.2839176957931 6.29876808809588 5.98675055743871 9.58242566014437 13.7027626306964 15.6569393634315 11.8287433824399 6.51889001979688 2.93711972359279 6.9576745264029 7.84987375107565 5.46727898377107 9.02949271917984 13.1120947191045 17.1764423823145 21.3065105691444 22.0156232323779 20.5891999338954 19.3181081482144
3.75175967286384 6.00285526519356 7.49861146699563 6.84144006216662 5.81984467651829 5.81249965820944 6.03726278274096 2.99595863961798 3.29152267688186 3.31824228985369 5.11960219254446 7.68265120827874 10.9567412294314 9.64551847051064 8.96753336782281 5.67405763943665 6.66507601123562 9.8221061171434 8.52141961796102 6.09223704774852 6.15909853352064 8.82764988024941 9.52436596824462 13.6508457460618 13.707942146215 10.9968689406259 7.65594088237732 4.67429314628072 6.085824185138 4.21068725710376 6.77807751896555 11.7447415441584 15.1996089318969 12.4327486873649 7.14236916451977 3.46016153819212 6.77496190602949 7.71149626027656 4.78849949492037 6.97167198409169 10.1394193674603 14.5625235471201 19.2047856998806 23.5889178947772 25.1282799901258 22.3642425464227
6.94104873741185 9.45577334776817 12.0414084891765 11.9980288090882 10.9966590591172 10.6872237468725 9.24233822785064 6.88734508494577 5.52165903729316 4.01131394215237 4.01762931918495 7.10114590803555 8.39460781173611 9.2039137279205 6.93649977456807 3.45897461106531 5.81370453385583 11.4365528212786 13.760156951183 10.6550951707596 10.928727962473 12.5680982829134 9.86827145126365 10.3390756436557 10.3012658648523 7.02901803916123 8.81326866617375 8.90377541336976 8.04611219317732 6.9101969150559 7.22330220622312 10.9955985611369 12.9529180230319 9.54217782387186 5.00048627393212 4.23407641961283 8.56312710684719 10.6509088250965 6.8462179704925 4.00419809852084 8.1807832320243 14.0966561013167 18.6373813790121 22.7620460921403 26.7308801613159 25.5875412047112
5.23774227706201 6.90646972535412 10.318724049231 13.9425322798558 14.0142046448212 13.4370880360708 12.6813984018909 11.9963084326939 10.4212357116901 8.07319039677471 8.58993929440467 7.59417134330986 3.75801069959689 7.37499732429884 9.41715788459271 7.37529966039405 12.6117016811322 17.9227408215121 16.0914371980723 14.5716945049451 12.6708976352818 13.2254072268218 6.70742815128453 7.59530125793709 10.3530358776391 5.11313446433326 4.5037546159837 6.18777467493654 10.4705834829651 7.2755956278883 5.70852741418105 9.34037697264852 11.5332676894033 6.96090657318685 3.66200574184833 7.42972252958022 11.3675386392816 13.3016930369981 9.79571514648058 8.18498964359899 10.787208143125 14.7921478183387 19.5012013357082 24.0482027591162 28.8281006391031 30.2559944574362
3.83647643732069 4.07803902977456 8.27735662479358 9.60649388857858 9.48125670731315 8.96292141553283 8.94600190763412 12.0954819984496 12.9772017333433 9.28346182113697 7.5826484984886 8.51287769651221 7.01090786045355 9.11071416592027 12.8394659865174 12.8364507393951 12.7743339348602 10.6380115873132 7.86948258593405 10.7011688745349 8.06290245601235 8.50071934027499 6.99567297302806 8.02280371699144 11.7704771062365 10.6475921205259 9.22647129910061 7.42320778346685 4.83922561070552 5.3714775097971 5.73325604250666 10.0920033495074 9.01057324014015 4.09651363919312 3.48957555849778 8.37569973782097 13.7020877394388 16.514523889097 14.324378847339 13.4386261399775 14.8564404893047 17.8414783982987 21.6064941538223 25.623392903336 29.6458360690781 33.1877996947151
4.97541440227594 3.92168698353998 5.08620351183245 3.98405119651908 4.25320194744908 3.99996487574383 4.98477033282226 10.1060926286801 11.965967463451 7.03133090235736 3.80535098719919 7.82639917645088 11.7173077219049 13.3672234693584 16.2109542381259 16.4589511968493 12.342727358473 7.27175209515562 4.60163631301953 5.591745765957 4.78257124478635 6.28892351526981 7.05517554515647 10.7420564909731 13.633344146052 14.4029266179626 13.0541292881697 11.3598653035903 8.72956083765915 5.77237669265151 6.93641433266516 11.2455464817273 8.82096817573143 3.84635266055684 5.12462157754092 9.39623366566866 13.1013645476582 15.608614162329 17.9478553250894 18.5738202624655 19.3491361987011 21.5499493319941 24.6819721176834 28.291409186054 32.2394148473561 35.7518397939709
2.57515437049268 2.22294335244717 2.70851845624875 3.75954147193503 3.35841903035184 2.1827623855999 4.30001779277459 9.43677552547971 12.5833329125941 9.38724607970357 7.50503747169338 9.85086289492519 13.3230506438622 14.3880789645684 15.8915043970953 17.3195414281791 13.6249985412712 10.2040295883079 8.87514281923432 8.4895872413987 7.42562284742979 8.43340166632165 7.66248369710896 7.54189634812507 8.1866480285732 7.71854152103452 10.630932685955 13.4301618090209 12.7116273161329 10.4187128414263 11.1274539851603 13.0885468503529 9.43476604675162 4.17806924429077 3.14936146144446 6.31096703592522 9.43211012415027 12.3796622004289 16.2546049586274 21.0335351179664 23.8615547556531 26.2494714347087 28.2109469920075 30.9894007384668 34.723596808183 37.3183450972107
3.67059477301918 3.02388363996312 5.83514385330899 8.6223965090335 7.74379469185033 3.59618682512156 3.08132124080498 7.17215842860266 11.3696095059491 12.8363270363905 12.4159409044902 12.2456978808009 10.030401777298 9.2718609221378 11.5838687239612 15.8699746466772 17.0480549872278 14.8359866689205 13.760829359262 13.2795135696646 12.3692083248519 9.68398801865028 4.86697185689713 4.40606200469676 3.47788962454292 4.11023884565904 8.80333201003418 10.0420567886716 11.7015147474084 14.1911121811448 15.8495943269132 14.3255970593965 9.17150417139273 4.03747853262826 4.21624021819873 5.37463853693645 4.91778235500555 10.0009139058889 14.3669272949182 19.3958193221981 23.5999264595962 28.1526590482338 31.6789294679318 34.4649039323057 36.5632229346986 35.6646916207754
7.13078943131588 5.81893439395902 4.78386626207557 7.70985809748856 10.473274025677 7.56218254751829 3.30652224682885 3.80279036803998 7.33806796774198 9.59576862499653 10.8396110907176 8.60573521641608 5.41047850647633 4.31166283770462 8.79699502330885 13.988951925836 18.6387720100657 19.6110512134834 18.9467118423307 18.4456193164316 16.1674219287773 11.7567786724092 8.41349264274283 8.00558909393293 7.41065149281001 7.79902151622863 7.50735207040732 4.84078705673077 7.90060643263076 12.8086560933053 16.0504697510278 12.8995289876661 8.39087090597836 4.89090896103641 3.31377783852523 3.23640890132273 3.17555142235931 7.59053976327048 12.8134843016906 17.9052079088788 22.7677805721294 27.7081860863527 32.373915100438 35.4577045514011 34.3316182393656 32.5594366347402
6.6131509173219 5.48818099864214 2.92454016145703 6.59803323327406 10.0885383736748 7.92610392019391 3.73396482336072 3.63461343045656 3.19556654959964 4.73634852216549 6.79008519779109 3.87801580291977 4.41021234349389 5.64685440350325 9.68072275976534 13.8026530358619 17.1823945302222 20.2633709316118 22.474145850463 22.1766942433624 18.9282088136211 15.6940270619796 13.8093454408108 13.3515484771272 12.4288032337773 10.1446703422392 5.88580488950959 4.17018881813813 7.19890754787067 10.2247783725893 11.8160703456002 9.7079219447487 5.72302908741683 2.84964904120588 4.32511091482349 6.42811676442228 6.22453079290131 9.30448084820084 13.954140354784 18.56006076198 23.2880655784232 27.5155366585695 31.6918085191677 33.031300032422 30.243610436903 28.5347660612375
6.84159481252376 3.33003945557823 2.82855418011125 3.68412165586326 6.45809786411364 8.91708417753454 5.89677662150601 6.10479062609988 5.23115465101684 2.53767962909753 2.77730164105417 2.14837940693479 4.62012402643911 8.66732358482292 9.06751808022916 10.2171067143596 13.3886592635331 17.02371425099 19.3450684613064 20.4167411266006 21.4936387431374 20.2415163957218 18.783218232765 18.1278236047909 14.9583535128819 9.95633083187503 5.20516455194251 4.87558565109816 4.19524258643039 6.17093935755562 8.40873164043117 4.88173620707255 5.23756223251243 5.26102855145858 8.85609565899083 11.0298268154437 10.9621377271922 11.3061779723167 14.2637631661852 17.4790240331345 21.4384399067 25.5518740277632 28.7436223094572 29.3863895681025 26.6926562423786 23.9913403794915
3.63440079886312 2.31177537976094 4.0563370315645 3.28870167104638 3.88866021241819 7.29947189831526 4.94875771051238 5.53243869354234 5.29301602320305 2.7849826176622 4.08069538298478 4.88991186527599 5.5439705268951 4.86534249219512 4.12712016796088 5.6806023916882 9.75412061646529 13.2837554232146 14.5139539458965 15.8566516469133 18.3732638271371 20.9285369180129 21.2405008597969 20.7804242483634 16.7705736220508 12.6570121957641 9.77874076197443 8.42714912939918 5.2985774452769 6.43297216428753 8.22237647876632 4.78340352179728 7.00775135333871 10.2039446076783 12.6825248912021 12.0129413776635 7.74240805163124 6.31053212422828 9.87132392985126 14.5603737203335 19.7359524512638 22.7153582979843 24.7818866042296 25.5080974981885 22.7311723623158 19.7872835244178
4.53215445078686 4.11573823024081 3.83582536707043 6.34126013752292 5.65904828964814 3.78417381538082 4.88573931276281 7.87000313715023 4.25770281961577 4.3976039733565 3.286419379002 6.01549238559186 7.6605269594723 4.6724708662453 4.32176437885537 3.4756059924561 5.86373456929669 9.12267661703201 9.27444790225512 11.3155748677858 14.8495954040558 16.1865847286354 16.836609797883 18.9418408692811 19.4370552321586 16.8234973665229 14.9636668053787 12.5328580139974 10.4887344158198 11.1140767576833 11.9149873870042 10.140157360173 11.1889393256925 14.447163760267 15.6439285204413 11.2930829373249 6.0172359182933 4.23742524351144 8.60527320376192 13.495697149184 16.5782555520365 18.8452567982839 20.6743171344839 22.2506835605319 19.8861659974434 15.708899601559
