0.0674801 0.081571 0.740668 0.024974 0.0852071 9.9991E-05
0.0783105 9.9982E-05 0.797083 0.0354776 0.0889294 9.9982E-05
0.221884 0.0972656 0.587417 0.0209823 0.00842228 0.0640295
0.0147917 0.208981 0.721278 0.0225008 9.9991E-05 0.0323486
9.9982E-05 9.9982E-05 0.903046 0.0141473 0.0732747 0.00933233
9.9964E-05 9.9964E-05 0.850371 9.9964E-05 0.149229 9.9964E-05
0.0188329 0.117763 0.710941 9.9982E-05 0.152263 9.9982E-05
9.9982E-05 0.164363 0.788306 0.0259562 9.9982E-05 0.0211748
0.136084 9.9991E-05 0.738973 0.0101841 0.013715 0.100944
0.190596 0.291592 0.461479 0.0385636 9.9991E-05 0.0176697
0.0445658 0.467452 0.327999 0.0572833 0.0181356 0.0845643
0.253118 0.254661 0.416614 0.0355867 9.9991E-05 0.0399206
0.0540919 0.78849 9.9982E-05 0.0303386 0.12688 9.9982E-05
0.190943 0.180911 0.465837 0.000332184 9.9991E-05 0.161877
0.16293 9.9991E-05 0.691008 0.0382238 0.0487024 0.059036
0.0999427 0.271261 0.599041 9.9982E-05 0.029555 9.9982E-05
0.258809 0.0499343 0.623879 9.9991E-05 0.0148679 0.0524104
0.0757252 0.0329022 0.84958 0.026195 9.9991E-05 0.0154972
0.531638 0.113535 0.121653 0.0486916 0.0926462 0.0918355
0.673855 0.168063 0.135983 9.9982E-05 0.0218982 9.9982E-05
0.668825 0.033266 0.237223 0.0209344 9.9991E-05 0.0396511
0.770225 0.147292 9.9982E-05 0.00181375 0.0804691 9.9982E-05
0.872216 9.9973E-05 9.9973E-05 0.0438479 0.0836363 9.9973E-05
0.694621 9.9991E-05 0.210607 0.0429257 0.0314017 0.0203446
0.672081 0.105208 0.158643 9.9991E-05 0.0575401 0.00642804
0.894119 9.9982E-05 0.0717554 0.00707692 0.0268491 9.9982E-05
0.878494 9.9982E-05 9.9982E-05 0.0344407 0.0214509 0.0654143
0.834128 9.9982E-05 0.00803292 0.0259546 0.131684 9.9982E-05
0.878918 9.9973E-05 0.0367256 9.9973E-05 9.9973E-05 0.0840568
0.78329 9.9973E-05 0.0342394 9.9973E-05 0.182171 9.9973E-05
0.872903 0.0423659 9.9982E-05 0.0119595 0.0725714 9.9982E-05
0.797986 9.9982E-05 0.080006 0.028021 9.9982E-05 0.0937876
0.82011 0.00805467 0.0356388 0.0650851 0.0710117 9.9991E-05
0.127393 0.242358 0.534211 0.0679627 9.9991E-05 0.0279744
0.313229 9.9973E-05 0.583764 9.9973E-05 9.9973E-05 0.102708
0.114968 0.180335 0.598402 9.9982E-05 9.9982E-05 0.106095
0.038992 0.276693 0.599363 0.0340113 0.0508408 9.9991E-05
0.109407 0.26358 0.468556 0.0166356 0.0417266 0.100095
9.996E-05 9.996E-05 9.996E-05 0.9995 9.996E-05 9.996E-05
0.711296 0.228553 9.9982E-05 0.0312184 9.9982E-05 0.0287328
0.139846 9.9982E-05 0.659391 9.9982E-05 0.136421 0.0641425
0.15912 0.182547 0.658033 9.9973E-05 9.9973E-05 9.9973E-05
0.29877 0.228215 0.282216 0.00385223 0.181907 0.00504021
0.118252 0.520526 0.0982513 0.0502185 0.171127 0.0416248
0.00876412 0.847662 0.0216707 0.0117765 0.110026 9.9991E-05
9.996E-05 9.996E-05 9.996E-05 0.9995 9.996E-05 9.996E-05
0.203482 0.292883 0.370725 0.0738721 9.9991E-05 0.0589381
0.136925 0.391836 0.278893 9.9982E-05 0.192146 9.9982E-05
0.349962 0.209329 0.279662 0.0308186 0.0108063 0.119422
9.9982E-05 9.9982E-05 0.0997387 0.00960375 0.631084 0.259373
0.0222937 0.0806411 9.9991E-05 0.0242162 0.356129 0.51662
9.9973E-05 9.9973E-05 0.140261 9.9973E-05 0.444249 0.41519
9.9991E-05 0.106234 0.0421862 0.0623393 0.287499 0.501641
0.0722567 9.9982E-05 9.9982E-05 0.0475817 0.177261 0.702701
0.0878538 9.9973E-05 9.9973E-05 9.9973E-05 0.278644 0.633203
9.9973E-05 9.9973E-05 0.165393 9.9973E-05 0.0840162 0.750291
9.9982E-05 9.9982E-05 0.0830341 0.0176296 0.591704 0.307432
9.996E-05 9.996E-05 9.996E-05 9.996E-05 0.9995 9.996E-05
9.9991E-05 0.0431097 0.0881583 0.0397695 0.190004 0.638859
9.9991E-05 0.0483767 0.145419 0.0360567 0.48016 0.289888
9.996E-05 9.996E-05 9.996E-05 9.996E-05 0.9995 9.996E-05
0.0700679 0.0591613 0.0603864 9.9991E-05 0.368218 0.442067
0.0442422 0.460501 0.0262619 0.0763645 0.221955 0.170675
0.753893 0.0189848 0.0867483 0.0290623 9.9991E-05 0.111211
0.725723 9.9991E-05 0.162203 0.0331997 0.0190628 0.0597112
0.7551 9.9982E-05 0.191886 0.0108685 0.041946 9.9982E-05
0.010749 0.0856805 0.0790365 0.0253059 0.154627 0.644601
9.9991E-05 0.368123 0.00118238 0.0697629 0.186948 0.373884
0.0425771 0.0826684 0.000363349 0.0372379 0.22563 0.611523
9.9982E-05 0.158037 9.9982E-05 0.0626445 0.152969 0.626149
0.000594614 0.0243574 0.010744 0.0466175 0.00884677 0.90884
9.9991E-05 0.495139 0.265819 0.00369436 0.217481 0.0177666
0.0290969 0.742054 0.0946598 0.00193449 0.0888184 0.0434362
9.9973E-05 0.769666 0.0450118 9.9973E-05 0.185022 9.9973E-05
9.9964E-05 0.978919 9.9964E-05 0.0206809 9.9964E-05 9.9964E-05
0.0865643 0.804214 9.9991E-05 0.0533112 0.00915689 0.046654
9.9973E-05 0.890863 9.9973E-05 0.0049914 0.103846 9.9973E-05
0.086992 0.768136 0.0312284 0.0404381 0.0257204 0.0474855
9.9973E-05 0.268691 9.9973E-05 9.9973E-05 0.0244776 0.706532
0.0525106 0.342046 0.00778433 0.0976715 0.172776 0.327212
0.0644558 0.0776648 9.9991E-05 0.0360288 0.298687 0.523064
0.0942674 0.00235569 9.9991E-05 0.0536247 0.248595 0.601057
9.9991E-05 0.0961272 0.0900661 0.0388142 0.0218305 0.753062
0.673781 0.180989 0.0444868 0.0220343 9.9991E-05 0.0786086
0.133987 0.489186 0.0190485 9.9991E-05 0.164693 0.192985
9.9982E-05 0.734596 0.0212056 9.9982E-05 0.0767162 0.167282
9.996E-05 9.996E-05 9.996E-05 0.9995 9.996E-05 9.996E-05
0.185593 0.104678 0.664306 9.9982E-05 0.0452225 9.9982E-05
0.113803 0.0214368 0.746161 0.0298548 0.0886441 9.9991E-05
0.103086 0.224199 0.518009 0.0313635 0.123242 9.9991E-05
0.272071 0.302152 0.252888 0.0586017 9.9991E-05 0.114188
0.0738238 0.127092 0.693099 9.9991E-05 0.0609955 0.0448896
9.9973E-05 0.756825 9.9973E-05 9.9973E-05 0.230653 0.0122219
0.574151 0.181447 0.145186 0.0365994 0.00913874 0.0534769
9.9982E-05 0.63536 0.0202223 0.08517 9.9982E-05 0.259048
0.29289 0.399827 0.200148 0.029605 0.0165251 0.0610046
0.0805072 9.9982E-05 0.858987 0.000626454 9.9982E-05 0.0596793
0.0227187 0.368025 0.605351 9.9982E-05 9.9982E-05 0.00370481
0.148227 0.340565 0.510908 9.9973E-05 9.9973E-05 9.9973E-05
0.0321347 0.341171 0.548177 0.0152331 0.00172663 0.0615573
0.0243512 0.474621 0.500728 9.9973E-05 9.9973E-05 9.9973E-05
0.104025 0.31667 0.571022 0.00808304 9.9982E-05 9.9982E-05
0.0212033 0.565067 0.0820229 0.0368179 0.177408 0.117481
0.0720953 0.503333 0.113373 0.0704748 0.0241758 0.216548
0.0448204 0.611511 0.0136151 0.0777032 9.9991E-05 0.25225
0.227728 0.679476 0.0910265 0.00156967 9.9982E-05 9.9982E-05
0.183973 0.461328 0.218488 9.9991E-05 0.0616597 0.0744516
0.44149 9.9973E-05 0.432939 9.9973E-05 9.9973E-05 0.125271
9.9982E-05 9.9982E-05 0.131526 0.0334323 0.153849 0.680992
0.000301344 0.178755 9.9991E-05 0.0354335 0.147617 0.637793
0.199441 0.420141 0.0698578 9.9991E-05 0.214767 0.0956931
0.0746988 0.370367 0.248237 0.0352423 0.271355 9.9991E-05
0.257425 0.272547 0.117862 0.0712813 0.280785 9.9991E-05
0.691624 0.300521 9.9973E-05 9.9973E-05 0.00755536 9.9973E-05
9.9982E-05 0.291096 9.9982E-05 0.0329843 0.0720649 0.603655
9.9982E-05 0.204049 0.0315249 9.9982E-05 0.349664 0.414563
9.9982E-05 0.36344 0.110835 9.9982E-05 0.195917 0.329608
0.441603 0.067406 0.32878 0.0588351 0.0632261 0.0401496
0.171605 9.9991E-05 0.717453 0.0221787 0.0797951 0.0088686
9.9982E-05 0.129691 0.769599 0.014718 9.9982E-05 0.0857921
0.0793187 9.9982E-05 0.763464 9.9982E-05 0.0114832 0.145534
0.338057 9.9982E-05 0.6133 9.9982E-05 0.0440936 0.00434888
0.142459 0.0861117 0.715968 9.9982E-05 0.0552617 9.9982E-05
0.100521 9.9973E-05 0.802445 9.9973E-05 9.9973E-05 0.0967344
9.9982E-05 9.9982E-05 0.842915 0.0138202 0.12155 0.0215153
0.339192 0.12757 0.465995 0.00337102 9.9991E-05 0.0637714
0.0578997 0.121656 0.738394 0.00138968 9.9991E-05 0.0805607
0.159429 0.0995394 0.67532 0.0439328 0.0216692 0.000110015
0.106937 0.256352 0.636411 9.9973E-05 9.9973E-05 9.9973E-05
0.244428 9.9991E-05 0.545655 0.00428899 0.108652 0.0968768
0.00176321 0.0756828 0.735604 0.0490781 0.063857 0.0740149
0.231646 0.363918 0.388144 0.00916081 0.007031 9.9991E-05
0.06644 9.9982E-05 0.825414 9.9982E-05 0.0895697 0.0183762
0.758853 0.240747 9.9964E-05 9.9964E-05 9.9964E-05 9.9964E-05
0.969669 0.0299311 9.9964E-05 9.9964E-05 9.9964E-05 9.9964E-05
0.896873 9.9973E-05 0.0431863 0.0596407 9.9973E-05 9.9973E-05
0.746839 0.0823083 0.0955694 9.9982E-05 9.9982E-05 0.0750837
0.813089 0.0685471 0.0495413 0.00346614 0.041016 0.0243407
9.9982E-05 0.2181 0.627683 9.9982E-05 0.0389431 0.115074
0.158763 0.233142 0.579998 0.0102187 0.0177795 9.9991E-05
9.9964E-05 9.9964E-05 9.9964E-05 9.9964E-05 0.702133 0.297467
0.0408864 9.9973E-05 9.9973E-05 0.0360085 9.9973E-05 0.922805
0.0501541 9.9982E-05 0.0138069 9.9982E-05 0.103919 0.83192
0.0071033 0.257739 0.0160149 9.9991E-05 0.0248578 0.694185
0.00850587 9.9991E-05 0.0157039 0.0346927 0.180441 0.760557
0.105381 0.056567 9.9991E-05 0.017512 0.151341 0.669099
9.9973E-05 0.0633756 9.9973E-05 0.0283091 9.9973E-05 0.908015
0.0710844 9.9973E-05 9.9973E-05 9.9973E-05 0.423817 0.504799
0.0630743 0.0726714 9.9982E-05 9.9982E-05 0.199395 0.664659
0.0472448 0.00754898 9.9991E-05 0.0112318 0.379344 0.55453
9.9973E-05 0.160256 9.9973E-05 0.0371048 9.9973E-05 0.80234
0.0309958 0.0745614 0.0129052 0.0703789 0.058038 0.753121
0.0594196 9.9991E-05 0.0544378 0.0272008 0.204764 0.654078
0.0272115 0.0318698 9.9991E-05 0.0245218 0.183202 0.733095
9.9982E-05 0.0950323 9.9982E-05 0.00489995 0.282956 0.616912
9.9982E-05 9.9982E-05 0.0445371 0.0274075 0.0255072 0.902348
0.0843377 9.9982E-05 9.9982E-05 0.00612401 0.103353 0.805986
0.0303679 0.785679 9.9991E-05 0.00219234 0.00656346 0.175097
9.9964E-05 0.990662 0.00893812 9.9964E-05 9.9964E-05 9.9964E-05
9.9973E-05 0.0804682 9.9973E-05 9.9973E-05 0.0758967 0.843335
9.9982E-05 9.9982E-05 0.232254 0.00655101 0.321707 0.439288
9.996E-05 9.996E-05 9.996E-05 9.996E-05 0.9995 9.996E-05
9.9973E-05 0.701153 0.11688 9.9973E-05 0.181668 9.9973E-05
9.9982E-05 0.0504332 0.827583 0.00514522 9.9982E-05 0.116638
0.213047 9.9982E-05 0.715374 0.0285738 0.0428049 9.9982E-05
0.410956 0.199179 0.311982 9.9982E-05 0.0776831 9.9982E-05
0.638804 0.0153143 0.289181 9.9982E-05 0.0565011 9.9982E-05
0.716114 0.283486 9.9964E-05 9.9964E-05 9.9964E-05 9.9964E-05
0.86313 0.00496356 0.0311428 9.9982E-05 0.100564 9.9982E-05
0.773503 0.1895 0.0302073 0.00659005 9.9982E-05 9.9982E-05
0.715754 0.10623 0.10499 0.00897985 0.0639459 9.9991E-05
0.685421 0.178428 9.9982E-05 0.0252755 0.110675 9.9982E-05
0.741413 9.9982E-05 0.0995196 0.0574834 9.9982E-05 0.101384
0.029535 0.0764658 0.783809 0.0105371 0.0920411 0.00761163
0.042328 9.9982E-05 0.734699 0.04827 0.174503 9.9982E-05
9.9982E-05 0.271622 0.632903 0.0376928 0.0575829 9.9982E-05
9.9973E-05 0.385316 0.547582 9.9973E-05 9.9973E-05 0.0668016
9.9982E-05 0.304333 0.654224 0.0186634 0.02258 9.9982E-05
0.0427361 0.454669 0.459931 9.9982E-05 9.9982E-05 0.042464
0.108864 0.186346 0.639772 0.013078 0.05184 9.9991E-05
0.180372 0.126061 0.564135 0.00533434 0.123998 9.9991E-05
0.0662451 0.164425 0.65778 0.0589655 9.9991E-05 0.0524846
0.146165 0.277433 0.522804 0.0299224 9.9991E-05 0.0235768
0.153502 0.0840292 0.629928 0.0255074 9.9991E-05 0.106933
0.720432 0.0271282 0.00430015 0.124197 9.9991E-05 0.123842
9.9991E-05 0.125806 0.0223786 0.00606145 0.70023 0.145423
0.0708582 0.0592648 9.9991E-05 0.0415538 0.156603 0.671621
0.0436193 0.00602096 9.9991E-05 0.00458062 0.0194102 0.926269
0.00462197 0.0506579 0.126163 0.00997152 0.0428333 0.765752
0.0479777 9.9991E-05 0.0741553 0.0383548 0.0440258 0.795386
0.230748 0.162212 0.380295 0.009616 0.0143332 0.202797
0.290916 0.195275 0.476945 0.0299256 0.00683879 9.9991E-05
0.0994406 9.9991E-05 0.747631 0.063724 0.0563379 0.0327666
0.221989 0.253874 0.451758 0.0587115 0.0135674 9.9991E-05
