IBR/IBR_outputs/SS_Optim/Clay_Total/Results/Clay_Total.asc
NCOLS 160 
NROWS 95 
XLLCORNER 210004.651214014 
YLLCORNER 7350008.22228844 
CELLSIZE 4999.99999999997 
NODATA_value -9999 
[rows 63 to 83 of 95, columns 92 to 137 of 160]
11.7672815990037 11.853155288476 12.2487052688728 12.2344559108702 11.6018207778056 11.5695572327239 11.612024694441 11.9045630807573 12.1755130658103 10.8935793913722 8.5540155232433 13.8893338266645 15.1883294912054 14.1261917068213 14.1403317115956 13.9702588785176 13.6668574827979 13.1293310658731 17.5640252194142 17.7288937087596 15.4643220159307 15.0557372701903 13.9509460693209 11.4550765634964 12.5641140532091 12.7650221125493 10.5453451791706 10.9307867378278 11.524063032519 11.6970947066628 10.044594290848 13.4181647204882 13.6004247920725 14.6249136927542 13.8720404831695 11.6047502091597 10.9115039508042 11.7575668838737 11.8737096369515 12.2407198503517 11.5411947947649 11.9654337680287 12.1345732836209 10.7361745311468 9.63198568502004 10.0666278055258
11.5873698127852 12.0638007625301 14.5391790483897 13.0940206097859 13.1655768588181 12.5195941830223 11.7161953858765 11.7109663393644 11.5570892286602 11.7816314392233 10.8207651271395 8.63401016621308 12.533725192383 12.4473649590756 12.3004914027012 12.5419123902036 13.2448973878173 13.303067194919 12.857665585425 14.1563031745557 13.5276084939825 13.6314813463176 13.6677553283607 14.1185059165414 11.8050979005351 11.5844010959743 11.8255874615285 11.0610475148407 10.9595104214768 10.5361694111515 10.4712281052208 12.7136716218593 13.6605172443123 13.7176282833707 12.297639906465 12.3289935236124 13.0475400737731 12.89664471885 12.2986045728676 11.6048595231631 12.398544802877 11.5647434116659 11.4989753204663 10.881607511358 10.4280687942158 10.8120210503713
12.0071592127435 13.1691905251276 14.3206398568888 14.467338032863 13.0130456688441 12.6791035633117 12.2279209000132 11.848662707011 11.6748549349933 11.7821901229161 11.6987869313448 11.798823200233 10.1936186402957 10.2030823752473 9.97229567788287 10.3655357740641 11.1575756678206 12.751588995966 12.912466299504 12.228626730528 12.7756851854011 14.6925146285669 17.1936185697808 12.9067374359762 12.2728826764825 12.2919793108965 11.7672572726325 12.4964260289682 12.710869062142 10.0468076592115 11.3347928347411 11.7907504796515 12.4098575047563 12.3700592984955 12.1924086192357 12.7926955532669 13.4571648033509 7.39222819039489 4.98457768210496 11.6513062113124 12.2799369293931 12.1463370653104 12.026593836003 11.5409457561796 10.5641668291548 10.3200789310962
12.6808846266167 12.2332658819539 12.3282706184395 12.0602577275926 12.1477452832802 12.4036008302366 12.132921250883 11.5665056873761 11.5928471433614 11.622071704263 11.6300759150849 11.5832778616905 11.5157143751349 8.41704783620516 8.83626356804069 8.50413664887906 8.89188011508035 10.5973497078767 12.3058425385911 12.982496443017 15.037017489153 18.4250582715854 19.8166709738064 14.8263807743633 13.571292361677 11.0880720931175 11.3782839551943 12.2933413813388 16.1676498936513 16.419353289594 11.0143607895366 10.6975859154417 10.9237661743856 10.0264175492029 10.3452731316394 10.0504457614214 8.6748581483868 8.76472676656947 9.3071661092937 8.22391440656177 8.28337047983183 9.37216501219733 11.6859058890285 11.1394330015539 10.5223801540425 11.0633771296903
12.6781085299585 12.4744950842304 11.7793759709422 11.9788825719389 12.0237268874765 11.5356706439121 11.5296889121802 11.7523370427829 11.7702067325909 11.8093654793775 11.6122825236242 11.5813062920743 11.634680398243 11.3494503624997 7.30273341908586 6.90209482079085 6.22006523802735 7.32221641839916 10.1726643686128 12.1023345063912 13.5037809901038 12.5292521010883 8.23103313550094 5.33576566181926 6.77243289074895 7.32653588117353 6.99042742429746 9.89304442685635 14.2283401018139 19.1419732022754 17.7521916336167 13.3335764198571 8.12662263194336 4.92357161338701 4.35418669266589 3.76081802677094 3.92856905625179 5.74298284865415 9.17531091761086 7.76225556213855 5.95202218718351 7.29061686906813 10.6030848259195 11.7115257150134 10.8668604131084 11.0154643302686
12.9261120934842 12.3004227451563 12.6722328636475 12.27496030975 12.0635310894237 11.6575245161579 11.5270564565263 11.527051868619 11.665580819357 11.6555895565596 11.7188103309671 12.0396017291899 11.7968908851101 11.3265119660369 10.8047177138828 9.16232048787468 6.6291714545392 6.25664181391144 7.80247458789216 10.812827973492 11.0020681625449 10.8559592113699 8.87258824547371 7.59250292523576 6.09440618851919 5.17687588644792 4.76767056739242 5.44660442442528 6.18329086618115 9.58670484724451 14.8701260339613 10.8622969956956 5.04231298237181 4.13929450586694 3.81060420777433 3.33007080077095 3.3401213930741 3.62089456899221 8.84005980729616 8.91824639778976 5.14914357854522 7.58577469772699 9.03906332468807 11.6608689700333 11.7349108067429 11.4889999923538
12.2838309297039 12.5239496999736 12.5603938750618 12.4131511202861 12.3071461642498 11.7133761381692 11.639812369434 11.5837388757948 11.6122318783893 11.7370036565462 11.7485690579218 11.8618580174287 11.6810181013143 10.797948333816 11.9280511003803 11.886660042052 10.5223856500747 5.92992804577885 6.21526119434491 9.93669956899244 9.2275743716415 8.15702146564984 5.93199197628981 4.74833099284857 3.8589923679558 4.36767549171118 5.48350873462222 6.75039304134872 7.34646081097196 8.0481678707833 11.9664988438719 12.3931630522965 5.38187246779184 4.86561061708146 4.3908836051425 3.29312652247792 3.36910350127446 5.72119345982776 10.6257435771592 6.82215583250491 6.67032668560609 9.22955946826122 10.7681840968251 11.9661262956439 11.372223856786 10.7988348609592
12.4086198357558 12.438762178781 12.6497701421554 11.9374582112027 12.8116900097735 11.7554190049287 11.7785948347992 11.5957179761695 11.5641092995731 11.5380768333745 11.5347240686097 11.5515556993203 12.2688296036513 11.8686816808859 11.8007313086357 11.3610878486504 11.1943516805579 10.2362602908787 8.00210556400268 7.6620570067386 7.53046487370416 6.68261205442668 4.85221158885828 5.26018158664513 5.30161568680991 6.52881710752874 8.44426098305818 8.6483850995691 8.40282045556128 8.62891120102292 9.03882055824054 13.9947625919698 10.7580660453741 5.70037554861956 4.32942559585471 3.52360873359932 4.50640233627271 10.4371556845034 11.1884579496251 9.66425417643877 9.79996514611586 11.6584286264801 11.8258731114001 11.0856623532182 10.6530247555071 10.2097663643334
12.3118757842383 12.4483651972824 12.4272626915021 12.3835538839419 12.0339190063867 11.6482120660098 11.737736022958 11.6991889242271 11.7248921484515 11.6873514035295 11.57321476935 11.6462271330277 11.6024248145562 11.5231868668101 11.5460590220287 11.1714748486511 11.6492057462334 11.7822353281732 10.9070435995496 8.23255818669281 7.58458677784296 6.72189211682884 5.46790869795472 6.70568877460643 8.27393557566414 8.55408189386998 8.19158109272113 7.91955273386894 7.77317909733879 8.34647917904307 8.3833731603134 12.00083956829 14.5291779858659 10.8561309323794 9.25290957094917 5.52071249058675 5.80226016247845 7.67822985668171 8.81474727461194 10.2296966004581 10.0705245109278 12.5780067819728 11.3387790031134 9.18730753331842 8.19552807212732 9.37236451557651
12.2273413785913 12.3519098125321 12.3410821819056 12.4595801255452 12.2630549979992 12.1889743781221 11.8360506968806 11.9410489326639 11.675647749019 11.8113150296152 11.059479569118 11.0843652489622 11.6808530373292 11.5446001100529 11.3748986821935 11.5337740885489 11.6117933411275 11.5934291035683 11.7512476821636 10.138038488383 7.1390662843487 8.21233162669098 6.6647180831984 7.5726936835204 8.76342374926318 9.38411856586791 8.92455574766629 5.79767386314003 6.01624060565213 6.94943452114572 7.93923692474181 12.0841261830353 13.6109394448933 10.03536958849 10.9395673475692 7.75932863986216 6.86056844915899 10.0170292991078 10.1408134089456 9.86696372309427 10.8513510905769 12.3368994451345 11.6024915471603 9.00761588231425 8.91360278535481 10.1644902078348
12.6564822470895 12.858751198407 12.2066680464786 12.2550968701741 11.857124325361 11.7406633947761 11.7711289465229 11.877637792085 11.631504282582 11.3758674825381 11.2201854956265 11.8397962049999 11.8329306530337 11.7724254344291 11.6698528411158 11.502321972296 11.5625286868076 11.6556552826899 11.8939214572615 11.3824221603577 9.58328782879095 8.3205659992066 6.95773370677119 7.47600807581717 8.8567059696934 9.70576215208211 9.00778639518059 5.74016054994856 3.9332977707233 3.7766510250172 7.75433816276646 12.6784089586058 12.6667393303603 10.1113529925423 10.7675253460574 15.2143084653479 15.1153455739668 15.4526956507941 9.26254906351982 9.69508246681759 12.1692161167551 12.3348545698783 11.0796683444023 10.0466870810432 9.36276951544348 8.74950582337522
12.7295494253461 12.868549225129 12.5196897168332 13.0239908761229 12.374805616455 12.5025567651012 11.975906683335 11.9443263037973 11.8703625924039 11.8772887006393 12.1634022524835 11.9761485265514 11.7832484115647 11.9900193544924 11.290644644414 11.3216771913902 11.5444669643339 11.7770616092002 11.9159552169084 11.8004192734068 11.6866286355225 11.4878296597085 6.96831159370354 7.06385365239906 9.13643210921205 10.3345902882486 9.5936132615837 4.75873183938518 5.09898720873787 4.5749367755655 8.86102715189336 12.4054516347085 7.23294744617024 5.99104818078997 4.76556133901827 7.9897858167717 9.50192567479103 10.0718221245755 9.39623965512991 10.1992994445128 11.0649543337972 9.70956923234466 9.24670335265152 9.4716667070493 10.8692958631753 9.83554575199313
13.3507511060546 12.9676341714159 13.2893724659 13.0047184124659 12.9359870360694 12.520236654896 12.2541433421295 11.663184986251 11.6372450957662 11.5534019819373 11.7374305783626 11.6801593191447 11.382149678052 11.4575055956935 11.7835335661989 10.7952644859471 11.1462650741847 11.4288303120197 11.5562727265613 11.5523663010464 11.4686578180919 11.2639221079214 8.94162901205808 6.87955831666198 8.95595093567294 10.587728924356 7.97171460044596 5.20473574915687 5.64239207855028 7.53697985884599 12.3399629228124 7.24413503139208 3.61203219945608 5.15385257280755 3.43408115001169 3.86586637019855 6.46778027202087 9.56301696833134 9.45358825115144 9.96184872857152 10.1577740502505 9.76872808215986 10.088715121131 11.8414704841008 12.2414921777446 11.2892329663506
12.5527136272514 12.7243299584181 12.7247886504525 12.1141181990845 11.7428770919476 11.6053117431813 11.2537708033007 11.2166323342724 11.0161424215716 11.2060665675644 11.4788170268217 11.0891835838192 11.2644190089126 11.3294751843312 12.2541858779168 12.3992709347922 11.7049873717414 10.5086870013052 10.4084126990674 11.1384681142564 11.4785079643372 11.5931875768816 11.1924559363228 10.8653521896658 8.86460125164308 10.5317219969967 7.23372291390779 5.57729421690125 6.94416506394638 10.5903547838663 10.4496635481642 5.12005621347849 3.42342422264729 4.02487961373553 3.48500317400461 3.38002546866694 4.64344299200108 8.59669253435128 9.71780386806555 9.54299621430216 9.80961908760328 10.2198627388528 10.7489935150679 10.7483774835336 11.1714239955722 9.82978606305037
13.0729611018138 12.516727143635 12.0965903502078 11.7526808787304 11.6422519923259 11.2776144940645 10.6380809897362 11.2139412070468 11.4358725208241 11.3075799251911 11.1463418375333 10.6332517097524 11.5287563362095 12.0786725221604 12.5945121157983 12.7079477029838 11.5007820651773 10.9827336774305 11.0572549292169 11.1393032191078 11.4658535469004 11.612887972591 11.8053090573584 11.2169708694987 10.347780983814 9.4472589984341 8.68435187852366 8.38164057396432 9.10695121262621 9.76964579055237 4.88239028643595 4.14338928960382 3.41359873452156 3.85054059955507 4.21282603787104 3.90372268711442 5.36501890210726 9.64393680750045 10.8163308987791 10.547187151745 9.50205911224751 9.32713515810988 9.91137832867996 8.63310473794875 9.31478129087391 10.0457041776059
11.8280597208877 12.1824395562707 12.4414072249738 12.5064915823112 12.6010142472942 12.1806429590563 12.0602331086809 12.1155433825846 11.8570103838614 11.4691360985132 11.6208845422977 11.6675223444284 12.1507666930183 12.3220485755248 11.8793647043457 11.6056592564182 11.4235214583731 11.5375822655469 11.5730734216485 11.7239335252895 11.7455921256317 11.511349135879 11.4090685468254 10.5342304357922 9.84271410319988 9.24824253810378 10.7823567339518 10.0434995286019 10.3281825342419 5.28589542979716 3.37089465196108 3.84516503046785 3.61946741337317 4.26635746485488 6.58624802756531 4.80402624627331 4.42483737556966 8.43993971901801 9.87276501031436 10.3945935670532 9.74017459807199 8.88699500220432 8.83908342167208 9.67782175557097 6.38721055258657 5.98391901696794
11.6938873114112 12.725082410346 12.6431450243967 12.6039088824162 12.2452148019455 12.0826711298058 11.4569920933922 11.9392255084318 12.1150428553541 12.0182163536898 12.3154751128826 11.9182186610004 11.7690482218424 11.5241111996197 11.5528221329503 11.441406969742 11.4058546730922 11.6573549992245 11.8053102175658 11.6080160341435 11.3389747441538 11.4122360486527 11.5438747043449 11.501382433927 8.54015365681897 7.87592163492929 10.4956288713323 9.32852051755881 10.6144699263644 8.89943573661403 4.37693410892876 3.91584924492404 3.91684710821765 6.53217779227516 7.18692303331635 4.4800909477083 4.8966545796846 6.69708010034956 10.3549395242211 10.9042623156385 10.7750404286362 9.81933047943088 9.18803255352412 9.89975089708756 8.16678456982345 4.61210180994506
12.2674617815617 11.6409359252865 11.2378187366812 11.2533818504205 11.0772966040628 10.6114264384677 10.821459895296 11.3013877144581 10.5761916758489 10.7591698217384 11.0927841808382 10.7920938714612 10.6188902051979 11.2232839045336 11.0558694149576 11.1424859150651 11.4644887138884 11.7825471308192 12.2932230403765 12.4312582922623 11.4329955223124 11.2164851465448 11.9511169534885 12.0252007078432 10.496888236344 10.3298600633612 11.4996180340366 10.5785672028337 11.0763837668622 11.2099090480997 7.104354035391 4.3073241181044 3.84960382389597 6.7246115265504 7.50208131701167 5.13833757419008 6.50616665724816 5.83084674182074 10.6656476355847 11.2132551710994 9.7866615846213 9.71115270246752 9.46578121806255 9.08105038390585 7.76698947189656 7.78743827134194
12.0284120453526 12.040620822642 12.2224378234757 11.7742202397497 11.4988859605788 10.9900398662523 10.4050134591689 10.189758192217 9.63308591349159 9.87478422249434 9.88804074159732 9.67860228837097 9.60308431160189 10.8867910037685 11.3244157534316 11.0311630937005 11.1808540166097 11.3264027719141 11.5096596519736 12.235326037554 11.5365392311298 11.8908778506712 13.4203998872836 12.1219077769987 8.92430608037904 10.6114551279332 11.6799330858871 12.4016895459318 12.3761401614901 10.8132498105812 10.1651882306083 5.19842851117684 5.93462926177465 8.17576906255411 6.7757516483482 6.46466562409515 9.64802100743753 8.01449148189057 10.3883613831202 11.1686509724231 10.9609810156799 9.67588695706067 9.10408476954575 10.509775695174 9.182384248783 7.69935376631271
11.9231483775331 11.9163270041409 11.8012219892057 11.8067303527496 11.4811202396218 11.4785445937578 11.2614286834114 11.0911769652745 9.75553872333284 9.79307551824416 10.2726558436057 10.2830987924998 9.97158854852456 10.4703781209461 10.8759865633336 11.8093086198329 11.7109605607575 11.5688712907995 10.875698632024 12.508717646835 11.0526128763727 11.3532294485787 13.8664911821335 9.49520231088029 6.99136476804481 4.58104383428488 5.57474234749772 7.33222540002982 9.62703797235613 11.921856693634 11.3854458956867 9.2172751075552 10.4289752418422 8.11758848717683 5.08395686535524 5.86191601606979 8.57945877049666 11.0845803021329 11.347101686064 10.4874144902204 9.25003943026151 9.76965004421313 10.0103244097562 10.5088715593187 10.4157499006813 9.21846371477906
11.7893335933499 11.5345301686754 11.3289132252894 11.4894145465199 11.3379437075957 11.3296378591489 11.2772592052799 11.5287093068878 11.0927560226544 11.2741435605074 11.2937113283144 11.2069776150961 10.6327094173591 10.8903853998696 9.69446139180742 12.0512957237918 12.7661182448311 13.5809452210612 12.5027262228309 12.8861840317822 12.515589254974 12.1543180269923 9.21808098862933 6.77969188581257 5.71343957491844 4.34359135963294 4.73893694632112 4.70145479235206 5.7937077479129 7.58263760848046 6.43136263154392 7.91358582089203 8.16468193642893 6.22697624886733 5.4094895082702 5.79072071865329 5.41644878303864 7.64378895536144 8.97479874742844 7.80104115634543 7.31035632987909 10.1007380717208 10.0055600622138 7.90386477862046 8.35173040589107 9.4539834966309
