IBR/IBR_outputs/SS_Optim/Clay_Total/Results/Clay_Total.asc
NCOLS 160 
NROWS 95 
XLLCORNER 210004.651214014 
YLLCORNER 7350008.22228844 
CELLSIZE 4999.99999999997 
NODATA_value -9999 
[rows 42 to 62 of 95, columns 92 to 137 of 160]
7.12588050796579 8.26388503910498 9.11775898129168 8.65347560875627 7.94039397038941 7.80326214525749 7.8090184445148 7.71676168046085 7.24674823154639 10.5305893847266 10.6975693023922 10.687299168531 9.34844434559981 9.16094563054718 6.26417916881849 6.41738494900319 6.86287206835648 6.53423105154113 6.23685659524596 6.1864492841601 7.65314885758364 11.3442819848335 9.47984710096657 7.62775560283717 7.62365875989499 8.045079126898 8.43046705389044 8.29486268255556 9.59772620831847 11.0024047693361 10.4243437567613 10.9607514042915 10.0825238023626 10.2080271459955 10.2946272431918 11.003646889944 11.2642295500081 11.2203508245177 10.9297430835479 10.3907766730305 8.4435667201473 6.64012904247521 7.08797167201419 6.94122106805499 6.94587369539976 8.5886782485135
7.74939534223752 7.34249584598692 7.90247392828222 8.39801858085498 7.85818183793923 7.19960324102396 7.56175211259104 7.84084706336872 7.92903431214442 8.67297103465315 9.52346576225225 9.42679414130078 7.86424061386998 7.34157013735486 6.6206444202875 6.50310294751708 6.29051495453528 6.48374669394675 6.14712573741451 7.09093076166666 9.69170067906353 11.1698916738335 9.93417451919662 7.9966100637358 7.71644876237206 8.2402623920502 8.41370311094513 8.14931450298033 11.0973361096786 10.6091556694381 11.00801558947 10.3450233431954 10.1249111239056 11.0338627734379 10.630341592393 11.071423995555 9.51746341811236 8.32227265461102 11.10013461138 11.0712011847518 11.0529423331264 7.76948659282389 7.53813912886936 7.84750820831855 6.97197373369798 9.508391488222
8.36924633312872 8.61215037763448 8.09527663171894 8.12873422067956 8.59357914559849 7.92231440841881 7.77442654622596 7.97229940885425 7.93962357578135 9.33949390507035 9.2368902208923 10.500292269251 6.89926885876932 6.51185809721653 7.68788536971717 7.57033095970209 6.50140851435351 6.04634649602736 7.31085702417022 8.53263491720345 10.2524034659811 10.9320564118335 9.14933884338721 7.6887427669895 8.51024727931251 8.35344159634514 7.34909223081805 8.9793847885632 10.4508875320251 9.86926013160458 10.6271911249767 10.1016229984929 10.1304548570864 10.1999389216634 10.1072495655407 10.4532567884316 10.4796221476642 8.19285614312025 10.7239247359209 11.0069224970905 11.0325999634947 9.45461359757613 9.72529224917148 7.71595621588731 8.62441378400498 9.78527387933807
9.16656561064352 8.82044991534057 8.58713618632113 8.33139607447178 7.87034302808181 7.9192698563712 7.93174943774265 8.19558936346598 8.29385948201773 6.20524512532671 7.40117129975708 10.5229242675652 8.03501815101984 7.19625515531471 7.60307894592996 7.54084706460723 7.42662323826991 7.96747670332884 8.47443852166866 8.85220005478268 10.4501358207161 11.0045445787776 8.48664434794894 7.91432305711056 7.94641849585219 7.22211245614871 7.94356275400472 8.77402589403541 7.08155474190657 7.24330774697487 10.3724901740123 9.59672691795861 9.5437899178036 10.1714616563082 10.2071120494562 10.0666461236464 9.2409983036958 9.70443990049971 10.8083952481651 10.5608128375995 10.8991978498166 10.7822322386967 10.6346754255905 9.97129454374988 10.6059231308978 11.2889024890095
9.65051081259961 10.1177778942466 8.51493530194616 8.61086170946309 7.98194821345797 7.59374650844408 8.13552665929524 8.1019685492903 6.951367135413 5.76526215908254 6.72176857901588 9.99413638391294 8.08253540481161 7.88190777311663 7.79372621153019 7.79254446972333 7.71813606606242 8.479916239458 8.92061870910145 8.8961807917071 10.6341640265388 11.1605981579124 8.39267092472895 8.25858444133492 7.01546519068891 7.591462905012 8.66628051292607 8.207756305098 6.61576139162804 5.84797168608323 7.79411206166993 9.60849016155901 9.87964068994756 10.3851421198058 10.6281981679833 10.8898862383464 11.2057711919376 10.8601957350733 11.6511701712903 11.0660692397845 11.3342057190239 11.4886197997784 11.1248995222192 10.4575729239137 11.27492214983 11.2750889937033
10.5200037921643 11.636012255798 10.1848726239957 8.61288751490136 7.88070144834632 7.40953151418625 8.37415329729233 6.86967858950637 5.88853641055451 5.93888926836605 6.00574455303957 10.0269564433158 8.01961339203893 7.91132454336382 7.76496798681902 7.91847294315265 7.62255320642496 8.64453999275325 8.85293023838067 8.84025957434493 10.7604968654011 11.3366407503146 9.71854548450613 8.66415863060091 7.90469913917463 8.73698044572484 9.69819022149441 7.76942171609104 7.76569503999813 6.52444241812565 6.9909736206397 10.1262788341615 10.8915088312771 11.1472415676356 11.3975731710821 11.5487038834716 11.5479163640519 11.6457038386284 11.7086642511339 11.8011964689327 12.0007436691094 11.9442014546558 11.4381807670574 11.5937315903918 11.5266332257566 10.6551958982774
10.6807972771053 12.6012514606769 12.5005579662537 10.1524053633491 7.94847167186709 8.35372647631428 6.74290825088836 6.55162278309866 6.60462779574765 6.08235179820385 6.04121551300902 10.6156717615565 8.77866986173187 7.82662141104251 8.39571586761237 7.67428759500144 7.99010294582464 8.55200338539687 8.47772979100697 8.55587397952348 10.0854709655992 11.1683526713608 11.1970496438901 11.1496485414849 10.2126010106311 10.552570865351 8.09984000734447 7.45323002070002 8.3916400756269 8.94892861273698 9.22884863141684 10.5448830585204 11.5045667006762 11.4468066566937 11.587910245839 11.4366072503983 11.8150729949718 11.6245360283546 11.1720127678817 11.6491723154942 11.7714440829031 11.6304652520696 11.4909033357753 11.2856570129466 10.4036388127205 10.9723299667029
10.7494308518258 14.6887236291761 15.4852645566101 9.19057756545602 7.77824200571642 9.67046575704026 7.0050836146101 7.17269764515354 7.20397189730557 6.40968108806983 6.65604484172415 10.6976501526782 8.9138165331681 8.12691230987109 8.37247830030086 7.77971258681786 8.13639114986414 8.4179090792631 8.58768511133373 8.6006247228652 9.56671010987959 11.0894065639195 11.3816070028519 11.0026830345754 10.8046376045906 9.05992363253829 8.94665970524555 9.53480925519259 9.76236045721413 10.2870044315416 11.3180963804926 10.286789005666 11.537267858787 11.6391244332536 11.7311605555823 11.59622178726 11.6724524165898 11.6920314428532 11.2978758338023 11.470814732059 11.5417341959023 11.595736380043 11.324916189016 10.4700600703672 10.7064534368702 10.0959611422469
10.7015756054757 15.1905317923391 16.4727624445985 9.9828977626918 8.47768870959135 10.772125880698 7.11752120107157 6.64340088781203 7.10645232172928 6.04265420821646 6.59296827719986 9.89438962444724 8.74834175426325 7.68702511551613 8.04675348868579 7.68063125286667 8.3466454692827 8.63404953353536 8.25998259730924 8.4584393594247 8.21853093739549 10.4257579521343 11.3262594553844 11.2094528979355 11.8745775932626 15.7096081796536 16.3359883398769 15.9756765243764 11.3849430535396 13.856857541155 10.5093208763602 10.5253460028781 10.445881333876 11.6202431996685 11.1949116100515 10.5961300752489 9.83611102982995 9.65417198806866 11.2763761142096 11.3674493459945 11.2096871973003 11.2426841645839 11.1746742911022 10.4013227685075 9.88262240770285 9.71442287629092
13.4540210449828 14.5305335181769 16.903842692635 13.9977857339589 14.7281123799234 11.7544163403231 9.39298998312132 7.3706768044322 6.92759333457126 7.08838534687301 8.61300348274088 10.2260405522761 8.9675529232585 7.55949608621805 8.20023122445892 8.6036786682507 7.83081571011795 8.25086156678159 8.44774364744528 7.8629779371775 7.28106304897243 7.31718919599532 9.4932340131085 11.4970690480774 16.6234174081142 16.9605284255081 17.0706297265489 16.6002225301657 13.1586828997195 16.2001056178487 9.74926622391643 10.1326939103551 9.19015078650004 8.8566325293595 8.00537006827013 8.0411361783499 8.55272938207402 9.84922627379201 10.8217672031712 9.55567887400861 8.74503764589092 10.0761487586091 10.4538409209833 10.3510430198875 10.0694651355987 10.1275223767887
18.1357123848954 17.1217544906768 16.6265976889729 15.7422436541811 15.8283978737786 14.1288142740115 13.3266399669173 9.45488828948091 12.2268964191868 12.7098174302494 8.36995209960262 10.2854051059816 8.91497121717641 8.54415275053825 9.00635659402444 8.66882725348563 8.26516849208508 8.11895946132656 8.16251634794987 8.401275949024 7.78976052190479 7.51760236934435 9.96833217654402 15.2934480794354 16.4733816484167 15.3362888937182 14.8224447214512 17.953716525334 15.9127684888038 15.256353634648 7.8889407272482 7.0727728120187 6.96301658782433 6.5519368749431 6.91321724576958 8.0315429855405 7.10974352180494 9.81010168083512 8.01018206601441 7.09922869310088 8.69652846211124 9.97026984901927 9.82269858938722 10.4615598746499 10.1863295186348 9.85956874710697
12.5522114193085 13.6102229690727 16.3953320359974 17.3789523520797 17.3453302260122 18.6622944670829 16.5164375701042 16.4822592744618 15.4643433629319 14.2515972271911 10.3636143768837 11.0625570701011 9.81541835163475 9.76929486632635 8.20909367882001 7.14504954978823 7.55769355505006 8.28012346254762 8.39217894493059 8.61856967614328 8.51871377681572 8.23574431952813 14.43929300165 16.591003580417 17.4938269449905 16.3962694005357 16.4425066444564 18.7445353455413 15.0693549576771 13.5181528586173 6.70408235641466 6.24118653127316 6.29656836663244 6.44245549898612 6.91572794823317 9.65303369041551 10.686999160479 11.3442614956887 10.3093511879168 10.4484483948351 10.5837785692968 10.4972209309848 10.1421939689031 10.5123454798013 9.50149594861586 9.17105063448962
13.3315582839763 13.2121093721964 12.5595721606934 12.6960082895554 13.3828975364867 15.3707091847815 15.5123551240812 16.6347326687603 17.5112434384039 16.3011933773159 15.1031618277734 13.7920783425045 11.9415552689973 11.3324171529513 15.0576503115381 13.947033448828 8.30162908798527 8.16156588979752 9.43654387461701 8.65983768135701 8.68654256262463 9.63152912204661 17.0709724956324 15.2344861362689 15.5848048740228 15.2753081448537 15.0489184532091 15.4529250368235 11.3309415728148 10.3322790170361 6.377968966782 6.2415291178248 6.84266503115595 7.53625810098935 8.38690460832516 11.4635106121204 10.8774843095201 11.2014213332883 10.6672392505441 11.0261308064433 10.5820119291432 10.0380125211003 10.6822869951484 9.20208717525867 8.98842535445528 8.73634853768501
12.9014390190523 12.6382841102949 13.3097780889771 12.7328273429457 12.7697976886816 13.2953756368999 13.4446811929694 13.6784631595708 14.2396095134499 14.5134840244493 14.9720430077401 15.7593540831164 14.5475524357035 14.8462561019929 15.5654684863675 16.6694130075463 14.9425753926777 10.6822659657756 12.8138549437597 12.0387806282373 10.1946415573561 13.4179556859319 17.6859652415423 15.6203296565507 14.6907552902507 16.3048112900878 14.6454900787451 15.4720146586533 8.82188472340445 6.3375796047822 6.36977383189097 6.90246333380876 10.5615439355235 11.6765282991718 12.967158925543 13.284342789513 11.3638286448901 9.95902379822676 10.6791604680315 10.7700693597529 10.0051914663053 11.1502446777719 12.0789728645463 9.28134358954829 9.30626217106327 8.82586073353105
16.4535570923479 12.6261521102572 12.1857597751037 12.2199657605086 12.1062829207483 11.7133299047694 11.9403057805164 12.2844673704485 12.1918935705927 13.3650374719393 13.577313625837 14.2046800550705 13.5907784454589 12.8301461872773 13.7514456492317 16.9664004736678 19.0648849510894 15.5327370100652 16.9069763429225 16.2519864236209 15.3646023744736 14.450865801822 14.9686876150246 15.2791342592327 17.0473617256491 16.0494199483662 14.6709925884463 17.4538558152077 10.1012215396326 8.12600978926548 7.55977591944127 9.51190418557967 14.0809814964355 12.1854899465327 10.0138631223327 10.6205249834294 7.04990544982577 8.36281179584344 9.65161936266661 10.1883519944767 10.3180687308329 9.9694640746407 10.6699106211697 10.5499723958759 9.51685780603526 9.31981786837472
14.2824212650634 15.853982431092 14.4924341942898 13.3143864465437 13.2060739816872 13.4804723985095 11.9634275334974 12.748603888099 12.220792900704 12.7022250786386 11.7275392547027 12.5922485029299 12.2421050968505 13.1635056603322 13.3313610402706 13.4265559380334 15.2806094481089 17.3907099084504 17.7228384866103 17.0456281431778 15.1951853385491 13.632147273422 16.176984108788 16.6290362776759 17.7935638226005 18.3975152116058 14.2408995340617 16.4430037000079 12.1269078432387 13.7410086115843 13.6366258853345 13.8450900888297 12.2323356212924 8.98457410898803 6.24978129015549 9.8503714075333 7.23841030736446 7.03138965311452 9.19034242164752 9.71817944756005 9.49007186991481 9.2073808591329 9.9722731438286 10.5324675720469 9.33331939560861 9.19659479544173
9.34444853459524 12.1016322668012 14.0105585396162 15.2253650853324 13.2222619254768 12.764420405509 15.709317477547 11.8729650340891 12.6850036659821 13.7165798532891 14.1141202903256 12.073908595375 13.0717321058609 11.5312960557323 12.8005734672693 12.9029011266408 12.7365284556036 13.2244336075927 16.2262727985062 16.9107753232561 15.5923228043973 15.3856953334725 16.145139326362 13.3080574022181 13.6971226711943 15.160029547068 13.1989054925247 13.5014468360481 12.4215797570957 10.9587835584759 13.5567420285645 14.1329417808148 7.42419909556542 5.83198837721479 5.30058902335835 8.72976583874182 10.1491315514303 9.88978655914601 9.69597913464513 9.50800472621872 9.67329160464337 9.26679918875912 8.89585481339297 9.52555771167617 8.54378788604478 8.69862016304454
8.80288156989976 7.8098799920082 9.46713232874394 12.2893453183743 11.5387435406164 11.8332140657298 14.5098918853257 13.6811342401016 14.1585928600071 17.9255006399496 19.697302429726 16.8002483542495 14.3247624307998 12.0636706155758 10.9425262828011 11.1954149922598 10.9492479394105 11.2663999088662 12.1483252994484 14.0124308989339 12.8903498567687 12.0259639918284 11.9807907419594 11.6273634005917 11.3315684272755 12.6981152598931 11.8800420037412 11.8654993163172 12.6147631300775 10.9022455599175 12.1593317117691 9.14660119406975 5.70312168351856 7.59329533470517 9.76190546844727 11.7966252907355 12.5237586003066 10.1952657326938 9.41360342133103 9.29448938864872 9.50215787749799 9.30896680710471 9.03122519627516 8.95471002904984 9.48578568856095 9.69735600333036
11.8852236150951 8.34096148181976 10.4695522952574 10.5732953168375 10.1692707397647 9.64592382197177 10.5589268436638 12.2801309052622 14.4156690693859 17.6463528643434 20.9383173352758 21.3321749356107 19.1312275463545 19.7713717516574 16.073369960234 12.4175393181171 11.160346269049 11.2544047080313 10.8513655836092 10.1315268087334 11.5308360415381 10.8020831520833 10.4657613341941 11.237115014864 11.5991942561955 11.4083825951815 11.4960999313657 11.6793490444694 11.7622743538751 12.5176931357541 12.7866375608821 11.8152157579966 13.1808618409893 13.0716051821239 14.3457985346415 12.8363560437382 12.0047015752596 11.1055872311813 9.64517827417976 10.2487970043102 9.77286285255005 10.6668465904524 10.3589916738139 9.2342505341819 10.6206905649576 10.5368326374195
11.5255941052838 11.3872019350929 11.8307923870053 12.0719568358845 12.4710599007276 11.6608378298875 9.98664155880685 9.92338652105273 10.211873338279 12.7157981161808 17.1728413875751 17.1603429855675 17.4279002756604 15.9427233628836 16.5568763547489 17.9455804045078 19.4926964257137 14.8647957283592 13.275146191014 12.2898517427276 11.0387618563976 12.0231181867794 12.1439396321393 10.9149679845424 10.4602289873767 10.8538005402272 11.4328058673167 11.7737405306128 11.4919925006625 13.0726938176469 12.7998888067377 12.0714032399116 11.549107985041 11.8979576720284 14.0739161111031 13.0424208563426 11.2931899642753 10.9617785126198 12.5995538767268 11.5396891260175 11.3952277593714 10.572231169373 11.5176932076676 11.1605394212571 10.4306262067417 10.0021333192885
11.6125645274377 11.6741913914888 12.0349074155049 11.5403880108818 11.612496616015 11.8369742412366 12.0831780418384 11.6355398757961 10.2112009939998 10.1365122643081 13.0374281962056 14.951611589447 15.1636972870581 14.6171465646323 14.4131711719174 13.5425676558432 13.399734083337 16.2271115056095 20.0142399009249 18.3240316957596 15.8150981890763 13.0589806277183 10.8366987601743 13.0123942434068 12.4977300870078 10.5159067354376 10.1034868534677 11.2591374129579 11.5678475845446 12.1705585151019 10.7210110194335 10.4082190995216 11.8399600259972 12.2816153438504 13.9448489429426 13.6621290030677 11.4338638414086 11.2900256763435 12.3726674060674 12.6956703728604 12.2484749183777 11.9870502991858 11.7411748531827 11.6944763223648 9.98219459521498 9.59667943432009
