IBR/IBR_outputs/SS_Optim/Clay_Total/Results/Clay_Total.asc
NCOLS 160 
NROWS 95 
XLLCORNER 210004.651214014 
YLLCORNER 7350008.22228844 
CELLSIZE 4999.99999999997 
NODATA_value -9999 
[rows 21 to 41 of 95, columns 46 to 91 of 160]
-9999 -9999 -9999 -9999 -9999 10.6061128783973 11.3756212895633 9.46336453080635 -9999 -9999 -9999 9.39284256730359 10.8019529892791 10.5785286371393 11.0982204635842 10.8243772558143 11.2995504740765 -9999 -9999 -9999 -9999 -9999 -9999 -9999 -9999 -9999 -9999 -9999 7.15324117854312 9.79358969171879 11.0279706121561 8.32681347360704 7.41037001081044 7.64335302262602 7.62154384083361 7.53172329693019 7.55728007847445 8.4907135252146 9.05570651885896 9.82402891905383 9.22844289404994 8.56768824612926 9.06691003397574 9.48597572454266 9.01578454951668 8.88107959823253
-9999 -9999 -9999 -9999 5.86067687331355 7.1345365200461 9.82661305418121 8.53270825293851 7.68549854345984 -9999 7.38615907962406 10.4160453193565 12.6479264565133 13.5321897593336 12.2579907623095 9.24097130846323 7.91791112330869 7.50232165092587 -9999 -9999 -9999 -9999 -9999 7.37395707215193 7.63300454347333 7.18339981791136 7.31603460073485 8.69534298616607 8.88750062420889 11.4927999575254 11.5810671855249 7.24458453391169 7.32950336106508 7.46091154014176 7.52180350658905 7.46438642402357 8.04043559383972 8.89401757354671 9.73671482515004 9.5613017897959 9.48893881752216 8.68789351257173 8.76297080941069 9.70798799559429 9.50779978713942 9.97252531190934
-9999 -9999 7.47028561523644 7.54990456458443 5.15076148199085 4.04117092957276 7.76698559912791 13.6780071790379 11.9379166463739 13.1041438148471 8.5318282409178 12.6053994616515 15.0759143548196 13.9792552709472 16.5393733258272 13.2223048908474 10.3763160463894 8.58492753641926 7.50705246603894 7.19622692369002 7.31675177687542 7.68889708305793 9.30505836655436 8.28268251869056 10.8166993653013 10.0559885575367 11.7064351777111 14.9651766862985 15.8933086556155 14.2135302085437 12.6466866056335 8.82055378040448 6.74702988443193 6.86722933725895 7.25252349238418 7.48238180375661 8.15399832186995 8.67702560293865 9.90700396336139 9.3789010811295 9.76464085582834 9.45150834924985 9.23318250155616 9.75199262686519 9.71625811732094 9.60790422669835
-9999 8.68612768135113 10.113702460061 13.3554333836905 11.8142698234353 12.9009383331552 15.8110229190758 15.2427775873602 13.6346315551773 14.5709196995138 18.4810364394918 16.7035382362379 14.6713063349333 16.706172725018 14.9618339219743 17.1979587726582 14.4994558585788 14.6340139644479 10.4283194869095 7.64803377579605 9.02283277569446 10.5849369323403 12.4827941504342 13.1101260281338 12.0653203669896 14.3727656108033 15.8893684414159 16.8162830395365 15.4881820826837 12.8250050998684 12.2995538884471 7.89031897062935 6.12931079858897 8.21159851828765 6.16878343672318 6.44582002022462 8.2007869330709 9.29171473246153 9.8473576861264 9.52755939499766 9.55628554932395 9.37248881440946 9.93584357004621 9.77141644676326 9.88604064818818 9.92184365890563
9.19624457363844 12.270663336277 17.987850251155 19.6710905228457 18.2041202970332 18.4720242242416 14.3948645918393 15.8240625980695 14.7440072912568 15.8178865130404 15.0946051893235 13.666030842675 15.9975567657446 14.6683245927248 14.6706684739659 12.6282244769446 14.1505276777035 18.3019048683101 18.5906505095185 13.2890044676918 15.7783433106855 16.251979565426 20.0703024034181 21.5673867345272 15.2367490007553 12.8052977657269 11.5733090016103 13.0096523501602 16.162538150409 14.1248678147533 13.1604916352863 9.36633634422053 8.10034973531856 9.61384452755884 8.72713474735935 5.90344418534048 7.93114723834615 9.02383295080902 9.7238998589282 9.27571788654302 7.94226881565537 9.01494195830185 9.57970896099192 10.0710148794463 10.0249859387737 10.1255733619554
15.2598791404475 18.2735699375363 21.3464417895567 15.8874737026326 12.9765487954918 14.6571848374446 16.7740069238661 16.8443693375256 14.9749465384531 13.9617377929029 13.295247607244 13.7839894395832 12.7171605143041 12.5810938995821 14.7374966804158 14.4862706449501 16.9667420384557 20.6201775210394 20.1719427583993 19.4088057275499 22.4814137859023 18.8306353742571 20.3809112681435 23.2188645857659 17.7422858097339 18.4658974107852 15.2388095584566 11.1431010597695 13.25587900205 13.354488223492 12.8399852074163 13.3248207958217 11.7517142142724 12.3773572242571 11.3764419426459 9.11669561575951 10.3276375544492 10.5357063739021 9.7829828640523 9.01095550874437 6.31817212751076 8.90591030092685 9.03182367775756 10.0091915368218 9.48492687231171 9.8602937208421
16.0020150497075 19.3814474044036 20.2147915439651 16.8644970252891 12.8861307213906 13.483993834285 15.7891342606634 16.7492106764114 16.2124746378442 15.7377436896429 14.4260625456206 14.375252076914 14.3551079120314 15.0384430743076 14.3649127559718 13.4984193236308 13.1782011735918 14.5598571875062 14.1878417384944 18.9414315835975 22.4998282092922 18.3999645235159 15.6740865890062 15.7829968010348 14.7828757228819 18.1827231897259 15.8426746309925 13.5730330228986 12.8774547299847 13.9578778717809 13.0595844443652 12.8416965722159 11.5352552935711 12.6436370476397 9.93273803464255 9.91142113488966 10.067374550324 10.7086849724725 10.0968307771496 9.59615395550409 6.57391150320099 7.76342974017019 9.25751733512896 9.76353411584503 9.611566837245 9.05675763172604
13.7348445235267 14.332170827275 17.0335790235452 15.0175987554374 12.8246678770025 12.3893731132104 14.4986519654682 17.1379108280051 18.2533889396194 14.3922441464941 14.0174135346176 13.7901123403676 12.7680272439578 13.0354538284398 13.6280883735884 13.4809447888606 12.7362261316192 12.6797729495766 14.115099468494 14.5252201160246 14.436524286907 17.4620653116948 14.6829914242316 13.1605222514026 13.6237907395927 14.3491665025925 13.3944988320208 12.8231933349417 11.2404377616196 10.2773623022425 9.84143920663497 10.4946165980738 9.78694786275114 7.97996800049021 8.79054247779269 9.02035360997555 8.62818057079953 9.19083446555759 9.36899409181336 9.22892127061624 8.12993939085734 7.14021530973499 9.85496960632914 9.42990847581368 9.05597212336482 8.79729142826063
12.5222692670959 13.3009738601736 13.3433931861066 12.3138027046463 12.066088412583 14.5025969388402 13.3822218805121 10.5267092337459 18.7492058409222 15.2464417000166 12.6058344302485 12.9701369546651 13.286172656527 13.8864061180677 13.171358968228 13.7842929795498 14.7897942849283 14.9610936154534 14.279221369262 15.2747701189346 15.7367440939346 14.715585945072 15.2692725134671 13.9153612082912 13.0926232708438 13.4041767169723 11.0430493872013 10.1216369483023 9.82305568134632 12.9389675042188 8.37695522824484 10.3859616450718 9.85612357331268 8.76785920819459 10.9552839543364 11.6398169787875 10.3513452453643 7.86955288082782 7.38391273126904 8.75222899846209 8.70329432832673 5.56210406366481 7.99201659055094 9.44457396525018 9.61787039111664 9.71889136841341
11.7569832904731 12.1160215953009 12.3594373696223 14.3294937375523 12.7395229828241 13.1902774898417 14.6855817284033 11.9375142028255 17.0947093615972 16.8335494267395 13.6917662821283 13.8017599340922 13.3157527277125 14.9408758712871 15.085753734383 15.0736882478958 15.9052098122299 14.0396341806353 14.5658321407668 15.3073791901439 18.6491112813241 17.2810798519424 16.5541915327054 13.1513904653678 12.7796000835862 10.8699028126639 10.8647754760023 15.2993748815627 12.3117147208138 13.126429888514 8.203867331037 9.88046997388708 11.4146710287564 14.9365332719194 13.0233574441063 14.1226178569237 11.9951166792395 7.12036192721727 5.55353082688639 6.47111753869559 8.58418130047685 8.09002773153621 9.1921666654747 8.7522959911204 8.62127917281546 9.76863663240187
11.4495927018996 11.1309219047349 11.7080171169999 12.740372259515 12.4441406535998 13.0632759638191 12.2366708387699 12.0658855524146 14.9576675000529 13.2160498855182 13.1314031862527 12.9700591568384 13.9517943005348 13.5158261099985 14.6510045289616 13.791621644837 15.648632924799 13.0134681910248 13.3061299253713 12.9493101803209 17.044448519417 13.6989504683543 13.4353385011479 12.9048567962946 13.3454159435208 12.9373734264478 12.26303726842 13.1115707672035 12.2906812123548 12.9745730379556 11.5938190017372 10.1601856660843 9.41250359214046 12.6118133130851 14.2100772304791 14.8656470453263 15.1531018897195 10.6585547150606 7.70964977927093 5.82539844433086 6.69669253657663 7.2366737398176 13.6390544583026 10.3789135903884 7.7836482211638 8.34751776785801
11.4510504454904 12.0256853670178 11.7663630057514 11.7202867084418 11.2571446403294 11.2151401193027 11.9876604458453 11.4681005990638 13.1657336446675 14.0427523522858 13.0468682629984 12.2233771539635 13.5640883257602 13.2400790432749 14.9814376580303 15.0260225896488 14.7696722939963 13.406648059649 12.7273772258261 14.6387284020158 17.9979031706941 16.5976350453164 12.6639659883215 12.6854604435222 13.1355919722751 13.471970835405 13.1056517635081 10.1831732118512 10.1509311703622 10.2179090578608 9.00696260451129 8.9129789402477 7.58970214382352 7.74303307157346 11.9000517350429 14.7101882566851 14.4528964704413 13.3218408849083 13.2251640900586 15.27575606598 11.9291623650297 11.3612701030074 7.50314779081219 7.23036104449126 7.53194628050642 7.98384250854077
12.356659798521 16.1120453095062 12.8402524871935 13.2456935699966 11.8426219806483 12.1026691928203 14.0656368623146 13.9238762401224 13.1866571882618 12.2082141455214 11.2405034959346 10.7946227660369 12.2688189634311 12.0604077862525 12.8855443144442 14.2480397902251 15.439579758258 13.3963537898297 13.509337389585 15.2396790881092 17.679181558602 18.6508019606577 15.0655365944967 12.1806512054344 12.6183043252227 12.7592492076094 13.7502944037834 13.1966353956407 8.40326875313327 8.64120651419243 8.66209962664249 8.77826741234363 8.29934688254409 8.11796470811789 10.522498868628 13.4123742187549 13.8882143334175 12.2589137118071 12.1702064228818 12.7286535510833 14.416253443781 9.1646545303878 6.35403793965424 6.95041590657819 7.29042823442098 10.1212999434849
13.9004141981257 14.6163301226092 15.2987780330961 16.1231939427761 14.7747589920606 17.5163243125056 18.9355150422334 14.972501784576 12.1877335013719 12.1691336911576 10.5157111323319 10.8407289930885 11.6702405098029 12.0648912099454 13.6902839364587 13.1562094114995 13.9781913623321 14.6987458819215 15.806420201518 20.8798037076834 21.0859989406968 16.1806959300028 14.5623699426275 13.0083703844684 13.1789977517916 13.2869368827314 13.380513673312 19.2269922334225 16.1639329179837 10.8438092401993 8.395308652024 7.32376016005015 7.56281312648052 8.33579257351651 11.817863408986 12.6671873695727 13.1868141024102 12.2684548341945 12.3690823670326 11.4899527904757 9.3696436963219 6.75037004499095 6.66771841595522 7.85941990392513 8.06409199716168 9.69507292799204
12.105313962295 12.3900716543797 14.6474939088755 15.005976376868 15.9884982167301 15.2040228789339 13.0193635287213 15.3771032860274 16.7147981183957 15.2740346569568 15.5681345544041 13.225205832538 14.4468499251786 11.8787560818746 14.1417911276259 12.8181442806969 11.9502614545874 17.045446334305 22.2020850303855 21.6474094158203 22.0196570466663 14.5180551199982 13.7697119569043 16.1801417943303 15.6528447322937 14.2202959697868 12.9035764401248 16.0539694145178 22.0573616782391 16.0015976084492 9.30689221623604 8.61068021319503 10.2787522412046 11.718910911395 12.3830455527078 13.2468670004886 13.2928471684165 12.2739398000071 10.4455822455033 9.59063506929993 9.41358563107806 7.09750431178087 7.07474240698972 7.9923357117847 8.7193670645307 9.75997824721567
11.613529120419 11.5051774771498 11.8179284141124 13.0476303001543 14.7589814690778 17.3181754974181 16.8116320945348 16.8630990970246 16.5918057160374 17.3082236557982 18.203071761721 15.7002426134591 17.4002527695779 13.345952494059 17.2676854526369 15.1231494633552 13.1819134379605 15.7357701282658 22.4548451929465 20.1986270274597 20.9674513116414 13.1837691577744 13.3990814732382 14.1437629913125 13.7576499618078 13.2492115636053 14.2298540660232 13.7064117488853 18.4986369993829 17.9297297642302 15.1432293384654 12.4407596270747 11.9325267837713 13.3979678714898 13.1794058544681 16.4940883395096 12.4934626211776 10.3592514373999 9.33376566227828 9.43842749798589 7.7584121273857 7.00837139669493 7.78212503469429 8.82594017977856 9.13395231420379 8.71717806844371
11.9685742394547 11.5258475731477 12.0013541556452 11.88984981655 12.4321460257358 16.5776563934001 18.3715573341665 20.122814547541 20.7479289267982 20.5785816867006 21.9198238400966 21.2990883529672 20.2772847310327 17.9861663611773 18.5690856335236 18.256123180385 14.2540635850449 12.277755987762 14.3543249599849 14.2059288915762 12.6870796661782 11.4268507765276 11.142827910979 12.7306849674338 13.8559481999798 11.706694012448 12.992366435948 12.757874900135 12.8662900423946 13.9885252079298 13.9320269576129 13.3293196560532 12.4955980529103 12.981332584697 15.2121214682139 13.0582670445488 11.2205388025966 11.622579518762 10.0645967410593 8.20268456248193 8.83117002053778 7.76825493849381 7.92438371303234 8.7648425490375 9.76957666867843 8.68321564483096
11.7517165295905 11.0322820246515 11.1709764931698 15.2145570587377 17.8741970300986 20.2188854063717 21.2582583959283 23.0402275851609 23.3182951714612 23.0297475171634 22.8006508503972 22.5757833353011 21.5549949843926 20.7337678513923 20.0598604000192 18.1399384862254 16.1159494325857 12.3315072636573 11.7936042133027 14.0092365814842 12.6418130096057 14.4897772311789 12.6089920719785 14.0316225842894 14.8036262323163 15.674225037929 12.1557384679073 11.8713677047064 13.7062904408214 13.6221140180291 13.0146895263248 13.5924743310915 12.8688700792319 12.9635565817641 12.2617962292952 11.8916195057108 13.1459224947309 12.2051397320828 9.83588385042116 8.18072063690809 8.05822642113842 7.9594110760016 8.4648071242048 8.49108950509564 8.9148822357793 8.90289868065132
13.399912070753 16.1578771091956 14.9721963694329 11.4641443717717 13.9033283358189 16.2718106745712 19.6431278318292 15.2511165264059 19.5137370248982 21.2296343200402 21.3075471905085 21.0720656744097 20.7550006204104 19.187984349242 18.6091499568229 16.6340141313139 17.6531953513559 17.1008947036186 15.9127142684587 16.9342393902682 17.1982180149691 18.6858424826498 16.9267411560116 15.8909815742589 13.780674558969 12.5395124798073 12.5990675046637 16.1553424981046 15.4069613167972 11.8859744112162 14.5196692385747 12.5864107579049 12.0391308519726 11.9841563998426 12.5651404885703 14.452605814412 13.8435538406872 10.8476701504621 9.84076071381488 8.29163274763971 7.58231380458667 7.83426968561165 10.9531575688873 7.43586556461051 7.809506456252 8.73444379813487
11.6199023853624 13.6686057500289 18.1418412983246 13.8526645186185 12.3035953949997 14.5023727479527 12.614990883248 16.5895145531882 17.7238562560712 14.6803313327956 13.7053987811922 14.4625323280635 15.1011284319878 14.3098327774491 14.3286897664036 13.4148896265007 14.3891171409447 14.9524001054938 15.4929282165501 14.4285564956029 14.0031235375632 15.7902207346727 16.2580785162368 15.6623625601753 13.5265663931232 15.848998113943 13.2241880719088 16.6311123648243 16.6845284592105 13.6155727127155 12.1709789127037 11.8636873214832 12.5355700965681 11.3699811996009 12.709603258859 17.6576974532968 17.6845628870489 12.3261375778509 8.87077238746314 9.68403394420117 8.47639719080147 8.25014692416822 11.0895135500665 8.82417613503457 7.8143561613732 8.20085417284242
15.1881471849577 13.8833062478348 15.1781710447669 15.2057399635322 15.6219825622721 16.017808866338 14.2015276389275 13.9538960616084 14.1484548569996 14.0562449932295 14.0649713375648 13.2159455664509 12.1149100880952 12.1109920127477 13.0233866790854 13.6178722043154 13.5165412465233 13.6588369257356 13.0492373583422 13.6032610902501 13.9577907554039 13.9434785128361 12.95505346703 15.2270001451744 16.5738517598776 15.9889045937285 13.8461398678249 15.2903187479729 14.0836529050649 16.3155948891956 12.1016886331215 12.3350442324105 12.8584292615227 11.627467057984 14.3736734841846 15.5820354041271 17.7302000652482 10.8341797987972 9.10797075882336 8.97145240410519 9.03345673209766 9.35650390843874 11.4485260325841 9.68553932344027 7.88176854072192 7.97846340086291
