0,27.698102934256,27.9810595867519,30.9309831553337,37.4235222621765,35.7907491718951,40.1675135815115,35.7711032468281,67.7640120247719,67.4486659121432,101.58368336149,64.4539977001333,65.5511523237221,67.7964756654349,71.8492420551421,74.7122502194929,58.8502237044137,64.8606580102563,63.156549171171,60.5070169484976,52.1146567118422,53.1440593204015,52.1318332745238,72.447607886666,105.886072545824,110.388347994336,71.2246282783901,71.2322233511513,62.8010139511024,62.907646204457,61.8945293981204,65.6111196874029,87.872745364725,52.9519839377994,77.7750497950996,75.6156808401827,64.1049577120865,92.2009361133238,94.8746629265407,94.323388598104,90.2357848645901,90.8911540003806,90.2356848135828,90.7994750803069,96.5355618810863,96.5879834989226,100.864703715304,96.4597770979223,101.088434165054,96.1276365192506,97.5860314375502,55.4494596467619,54.6276489930392,55.668795137038,55.2733531532145,55.3943565878028,55.0765715010637,54.4301073865816,43.8362539441286,47.7330232605006,47.3055011328576,46.4041058530013,45.6543144656176,80.8436483239196,49.8851441293062,64.2318186951138,106.118585049176,107.179448169251,104.746162641333,101.854390234993,95.0608312400013,93.7382806326019,96.9620729015226,96.1348688353929,94.6679083460323,65.5940891253104,70.6421224260314,75.6981516245127,49.4343329429086,50.0618375905977,61.4698800846036
27.698102934256,0,30.3704338581291,27.5690402213439,30.2053555565179,36.2578322212645,39.9500744167193,33.6260936631028,66.5470669697696,66.2367485541746,101.333956956553,63.279015621652,64.365678302971,66.6035214174793,71.8494090096198,74.6411631748232,58.1981608618917,64.2459562732185,62.5020844470633,59.9001040784517,52.3513192572008,53.4334147500639,52.4384079135757,71.9408354269946,105.793633156416,110.273292510086,70.5365357306268,70.6002028924337,62.8928474618388,61.6609687787447,60.6379172618637,64.3963370761076,87.773860255354,53.278872335679,77.6733877628276,75.5185375285896,62.9549288124396,91.990126341461,94.6674254788064,94.1124063622785,90.0049227850571,90.6592072753984,90.001021079365,90.5639066435348,96.3037209368522,96.3629600310937,100.634996595046,96.2319855193795,100.859576239501,95.8984338908499,97.3638577334866,55.1254578585786,54.3275679460599,55.3945431433234,54.8458332039479,55.3058621311105,54.981270596764,54.2972398477942,44.2693364185085,48.1511908317912,47.8384539071368,46.9722325108463,46.3755009105775,80.1058828966847,48.8026539594637,63.4041142346004,105.93335650728,106.999416300633,104.56405688958,101.670048370441,94.811925734902,93.4899220781221,96.7248178903629,95.898775988798,94.406718124855,65.1173691517295,70.1834164452675,75.4618587318304,49.2890325420925,50.851548968495,60.1795084417791
27.9810595867519,30.3704338581291,0,37.2476985571505,39.8993893226589,27.6737946461264,35.216896072818,29.5026532078791,67.6558218242897,67.3275548447582,101.070106942456,64.4625742214487,65.5511072637943,67.7482798214122,71.4158832956939,74.2106608463099,59.4377292115941,65.4267895462623,63.7255787286482,61.0892526239833,52.7055702448075,53.5433961475817,52.6156036393072,71.6900811826417,105.526649859802,110.002085392572,70.4543667292346,70.450252434777,62.557496598911,62.3877836737709,61.3574225930103,65.2482780759015,87.4779874396815,53.1244832930347,77.2345228959198,75.0644939333246,64.1663989635645,91.7124921346877,94.3896314914053,93.8366112405468,89.7288297841335,90.384228786463,89.7257144322034,90.2896742884564,96.0337109790571,96.091528523879,100.365474444501,95.9609204190374,100.590303590878,95.6280214470769,97.0920886816833,56.0791438023626,55.2805301836698,56.2788413716942,55.9273980836966,55.8995980370468,55.6223516271147,55.014126579056,41.8343864430332,48.3992500746541,47.9311065724591,47.1860864041245,46.3807706165992,81.3156713517858,48.0238728349184,63.2931990376269,105.659424933168,106.725198012873,104.289785776622,101.395732087051,94.5440917631785,93.2214210721925,96.4557466575313,95.6290324275404,94.141448902793,64.5800102884805,69.6823565732617,75.0858252817256,48.1705338814404,49.9022041408743,61.3334032912943
30.9309831553337,27.5690402213439,37.2476985571505,0,28.2384645649084,41.1487728738557,43.834667819623,39.128575245045,67.2636638654057,66.9666768824069,102.404878670553,63.8630568977412,64.960299715405,67.2515686779453,72.8317588158809,75.6892989762349,58.1275998096501,64.2029409585682,62.4533682626053,59.838469472376,52.3656139488356,53.6430214295904,52.5704743255172,73.2528243417117,106.711552975242,111.217574255292,71.8778241537358,71.9465122652655,63.696628677248,62.8264550795158,61.8237093765409,65.3878443461831,88.7252754441434,53.7089279847877,78.7585515723501,76.612976682708,63.4787021835328,93.0352072173917,95.7091204252875,95.1559659102892,91.0684103735636,91.7227454575068,91.0675442029174,91.630339898831,97.3625990949134,97.416399217642,101.691316263074,97.287826573236,101.914826665352,96.9550716786272,98.4147876318941,55.0250906493889,54.203195392068,55.3191579865569,54.711082360488,55.3553865997669,54.9887499761223,54.2613274671068,46.3969497916662,48.1326300781375,47.8876661818589,46.8839056578426,46.3845114718525,80.1676602593177,51.1719767457851,64.9196602014404,106.949704850986,108.01088280412,105.577626455137,102.685874421605,95.8856819984793,94.5637479359774,97.7881897520129,96.9616149218443,95.4902670043439,66.651068271362,71.6680628043946,76.6209945802705,50.9821396694629,51.6475675381382,60.9379621427461
37.4235222621765,30.2053555565179,39.8993893226589,28.2384645649084,0,42.4809604833132,44.6030346836395,39.3812372522862,66.8035890612586,66.5124548510918,102.862613847819,63.4457937937758,64.5315563492047,66.815932763511,73.510607909436,76.3017230750999,58.2892215596044,64.4002417739022,62.6101569387493,60.0459312299054,53.3980218696961,54.6792462796134,53.639309215491,73.4734078487155,107.320270195982,111.804111301382,71.9371447374166,72.0562779233794,64.4726998748782,62.3582568567363,61.3477010869873,64.9388872079589,89.3247126710328,54.7347348919699,79.3417091887458,77.1990744266988,63.0880595004725,93.5291139785543,96.2064397285875,95.6498682284393,91.543229595939,92.1966175904374,91.5387879046458,92.1008047546992,97.8369838414729,97.8972046777684,102.167788856488,97.7660073058578,102.392135106894,97.4319535876718,98.8982988365332,55.5273509008906,54.7349546804549,55.8668848517897,55.1142540125818,56.0649413556864,55.7000262093186,54.9440481165104,47.3197048198954,49.3406082089857,49.1781622204505,48.2469945951832,47.8483740548268,80.2284512119683,51.0591206414066,64.8668176468388,107.468506508475,108.53465191374,106.099397479641,103.205492358817,96.3438877146191,95.0224248792751,98.2574599795717,97.4319442322393,95.9369139072418,66.9016047239982,71.9326080961589,77.0836069129525,51.5021085144669,52.9602829384918,60.3989908421464
35.7907491718951,36.2578322212645,27.6737946461264,41.1487728738557,42.4809604833132,0,27.0726614222128,26.5105568804895,67.3197013291524,66.9785661836754,100.311048043097,64.2321356804957,65.3137107117878,67.4661670689873,70.7420319609293,73.4671848876798,59.7078954194532,65.6778957947658,63.9798877676795,61.3540695352822,52.986707569329,53.6631890500711,52.8103547416007,70.6834561854737,104.919552739417,109.368643338412,69.4382242034527,69.4202210444046,62.0705036561826,61.6595644202642,60.6134184318331,64.6690866899185,86.8369560464811,53.0467256557221,76.4516162946171,74.2711693249922,63.9831728571483,90.9783752674382,93.6588893915773,93.1041211622667,88.976387649984,89.6318084048639,88.9702812350732,89.5344022448969,95.2862754407923,95.3494357721438,99.6206261416069,95.2164515844878,99.8465389108361,94.8827983487436,96.3524807456571,56.3807608796586,55.6014906923961,56.5634573689578,56.2505719808741,56.0938183573437,55.8518147499707,55.2762741966425,39.4626598268649,48.7588254268114,48.269995860827,47.6559712929113,46.8271091526419,81.4872827475071,45.7446714623735,62.1024415994865,104.954173736597,106.024794272401,103.587285285978,100.690982037652,93.7819186920895,92.4591316056638,95.7038812077519,94.8776552923231,93.3696412988131,63.2959117928594,68.4577941451564,74.2282184491987,46.610068704534,49.6148051420805,60.9796622286261
40.1675135815115,39.9500744167193,35.216896072818,43.834667819623,44.6030346836395,27.0726614222128,0,28.8800160881771,66.9420893630084,66.5882300204437,99.4953704184536,63.9496880027761,65.0257862579056,67.136880301166,70.0179206635343,72.6719662865288,59.8568431232325,65.8097080834736,64.1152038423674,61.4975542758147,53.145999017722,53.6877532896033,52.9002350837115,69.6151460862223,104.253934097589,108.677151584051,68.3629624599623,68.328898428056,61.5293917617592,60.9109087447833,59.8506251139561,64.0604750382994,86.1389093034935,52.9019527953921,75.616469096147,73.4259691476217,63.7427149236319,90.1875734933062,92.8714316651589,92.3148984793556,88.1674034658643,88.8228314803246,88.1583199771379,88.7225878630469,94.4821748470614,94.5506426869156,98.8190803594579,94.4153016087914,99.0460622360668,94.0808931445905,95.5561515217058,56.5514704156183,55.7882534137752,56.7191979282656,56.4408369474061,56.1707112686707,55.9592983108013,55.41187373049,37.0728032268656,48.9931363141893,48.4962102282568,47.9887036618196,47.1551045799109,81.552273796976,43.1795669669428,60.8445365649796,104.1918492795,105.267265041191,102.827685852674,99.9291610441007,92.9631917424765,91.640295405828,94.895382655585,94.0696482227949,92.5413322613197,61.9261298269373,67.1539464341536,73.3146436295267,44.9412640659078,49.3692170697706,60.5940221528918
35.7711032468281,33.6260936631028,29.5026532078791,39.128575245045,39.3812372522862,26.5105568804895,28.8800160881771,0,65.516061430476,65.1795394567851,99.5246321363392,62.4697244562738,63.5415699555706,65.6862806402851,70.2126918757517,72.8768947712516,58.4015222033209,64.4042443263441,62.6718667818757,60.0866358026245,52.4355188528561,53.2076284142253,52.3452330378771,69.6663993868593,104.268770959493,108.699509555343,68.219321240574,68.2659833503164,61.5914117244204,59.8097721160589,58.7511509210108,62.8629996933669,86.1877385343162,52.6876136736084,75.8376249529132,73.6652112028531,62.2441041066827,90.2287570065276,92.9123728619114,92.3538950255989,88.2091944847294,88.8634068885899,88.1996318846312,88.7627090224364,94.5167253848391,94.5860843306543,98.8527837805746,94.4506358779642,99.0793623406171,94.1156103230176,95.591656312865,55.3562493397604,54.5940679542115,55.5851973115886,55.1332869722134,55.2962421061134,55.0396173800386,54.4241670339747,40.2927987168583,48.3294825053088,47.9421459230271,47.3044943296495,46.608338920367,80.1084621947512,43.9435407011614,60.7335132763022,104.225556091356,105.300702465859,102.861428939575,99.963220223461,92.9971953075862,91.6750429407667,94.9294557952587,94.1043936569991,92.5737435335332,62.364392785364,67.5368856838435,73.4818126688251,46.1762848192548,49.7926335414304,59.1048340018435
67.7640120247719,66.5470669697696,67.6558218242897,67.2636638654057,66.8035890612586,67.3197013291524,66.9420893630084,65.516061430476,0,26.7681411761221,112.353012089883,44.6399821280604,44.5489577595606,40.8763993127295,85.4448057853906,87.6766001333182,64.0651969102868,70.0630533682071,67.9547848900646,66.1291544405102,67.7734935947699,69.0054477017667,68.1935540565791,81.232578461097,118.311422013618,122.585287552709,77.6998750873058,78.6163393378692,77.0749006643709,59.257897580277,58.9290608217811,55.1525410616831,100.278014471166,69.0298166619388,90.5021854324584,88.4288515985468,48.1750676542142,103.416306863526,106.12725957514,105.531371280615,101.24109993675,101.88159566037,101.199669760594,101.750496902121,107.510135129146,107.63744785699,111.859608129212,107.479532549412,112.091268252237,107.130700806926,108.665969124321,65.5280620623584,65.1943638530159,66.2556863575906,64.2485308008564,67.8753079848706,67.5887266486013,66.6407766075281,64.6210855063691,64.7941586219821,65.0456729503828,64.5374192122012,64.5811185566053,82.398841293638,66.1741640643326,72.000423578553,117.588224949502,118.703999330789,116.249233643439,113.334284570413,105.853189888064,104.538677305593,107.877837185141,107.064878494929,105.326134817088,77.1880542533719,81.9112475276215,87.0709591537696,65.0525928774653,69.2507730238919,44.7230556324379
67.4486659121432,66.2367485541746,67.3275548447582,66.9666768824069,66.5124548510918,66.9785661836754,66.5882300204437,65.1795394567851,26.7681411761221,0,111.857762767953,44.8395002989935,45.1503413707072,41.5850035474773,85.0191215123567,87.2320098914676,63.8783220864201,69.8674923827993,67.7667393703649,65.9337716865719,67.4780950234548,68.6926281517439,67.8866494903047,80.6805583421827,117.869971693555,122.135814658573,77.0955752486344,78.0334951537837,76.6818340483698,58.5976975971372,58.2981753535452,54.1542947712587,99.832038674563,68.6961383304374,90.0494725050486,87.9771675519961,48.1017790390683,102.933980797981,105.646125252647,105.04902101766,100.752132769617,101.392272484047,100.709452501647,101.259980411156,107.02086169089,107.150447322506,111.371052006487,106.991607670351,111.602998938358,106.642307939731,108.179921313435,65.2921825307595,64.9560595226694,66.0120116251115,64.0282749349789,67.6003133960679,67.3179329393724,66.3771980956575,64.2381719569225,64.4939642995931,64.7387404829335,64.2367039921106,64.2729133423955,82.2110504643375,65.7711186236305,71.4572206960313,117.114628815853,118.232161402705,115.776687647096,112.860976196936,105.35824533394,104.043919529201,107.386758849829,106.574186837155,104.827129498725,76.7022127779809,81.4174129067511,86.583417383233,64.6265632043413,68.901486674593,45.2886187024385
101.58368336149,101.333956956553,101.070106942456,102.404878670553,102.862613847819,100.311048043097,99.4953704184536,99.5246321363392,112.353012089883,111.857762767953,0,109.706766843422,110.821182216093,112.68486088339,93.0324691061955,92.4145576568423,106.13875434189,111.78035249601,110.301671234305,107.526518786714,97.4170220632221,96.3853918595635,96.5468738627973,95.6494379150164,103.72626322609,103.312305870345,99.8148652099952,98.7390090590373,88.8501209545555,105.246636252979,104.389076540107,107.959340937026,89.4169016042317,93.7899099344104,95.4768906885516,94.5527775406937,109.641460735156,67.9135606851664,70.8401582597783,67.2709639952812,66.4885694589955,65.6123492793918,66.3754094509125,65.4150478458244,58.2458069954987,60.9121518539274,59.5158352567105,60.3758816934956,58.3803820680723,58.2288019910871,62.3840356445052,101.490761290134,100.836017681269,101.240311654291,102.073482640611,98.716734022227,99.1071359434827,99.1327258639618,93.7821935108027,94.6558451342593,94.4985753704589,94.8823250353901,94.4985090279255,127.604302805783,98.9567430506296,101.569272656548,79.9399050474155,82.7326908667854,79.814212871003,76.408823527519,61.8016990754371,62.1325325478433,58.1417010833485,59.3154331276002,65.1249584705327,101.188800117442,104.248010902031,88.9620466477521,91.4219390060652,95.9016269277987,106.635377676687
64.4539977001333,63.279015621652,64.4625742214487,63.8630568977412,63.4457937937758,64.2321356804957,63.9496880027761,62.4697244562738,44.6399821280604,44.8395002989935,109.706766843422,0,24.5555259860717,36.2790728896765,82.4307099094186,84.7855933887633,58.3609831034546,64.3116407889304,62.1512526179096,60.4715959761539,63.7757920179738,65.1530189310228,64.3048354552974,79.0117752909983,115.333066378797,119.658571279738,75.76523407368,76.5801864863615,73.8160020416765,58.6612088558459,58.2354404520451,55.6321761375253,97.3398029895798,65.360803992774,87.6691710600658,85.5959091293559,33.1344793014932,100.696816296981,103.400408961915,102.811078342142,98.5623650659401,99.2044805140537,98.5283512304358,99.0804587226063,104.829977865108,104.943868561434,109.174705557465,104.791526491661,109.404440647929,104.445262987284,105.966625488733,60.6669913107855,60.4107648798812,61.4906214186571,59.1944616390311,63.5008198488082,63.1891743501789,62.1669191294077,61.6832963223904,60.903481847522,61.2346414520376,60.695652725216,60.8242657395281,75.8615968280864,63.6143744207671,70.0311181918055,114.812491893779,115.917482277026,113.467141215421,110.556951522106,103.207325722474,101.89202567183,105.208444668987,104.39344053918,102.704315870563,74.8018569962034,79.5310122857873,84.4428407858525,62.3493471906943,65.8498609405033,46.2213659772268
65.5511523237221,64.365678302971,65.5511072637943,64.960299715405,64.5315563492047,65.3137107117878,65.0257862579056,63.5415699555706,44.5489577595606,45.1503413707072,110.821182216093,24.5555259860717,0,35.3278007449509,83.5585216897202,85.9062896635021,59.7767123799445,65.7486660977963,63.5892181950015,61.8887496502636,64.9722120977311,66.3384632320424,65.4917181099903,80.0968508239367,116.46529001375,120.787813783836,76.8391517881054,77.6564160700474,74.9611855521085,59.5963617319549,59.1673561489521,56.5980143810633,98.4686350912879,66.5312189558224,88.7860363100772,86.7121317471943,37.0908075104134,101.814514692268,104.518501669383,103.928913201485,99.6779063165903,100.319991523789,99.6435251937564,100.195619454133,105.945918599539,106.060468417295,110.290931348483,105.907840934894,110.520784625014,105.561471266732,107.083522564164,61.9695007718285,61.7005258091969,62.7824765971942,60.5181227806018,64.7483537422829,64.4374399186391,63.4223541421973,62.7713978267351,62.0849881410041,62.4079076052188,61.8690371047148,61.9892268078606,77.4544672557338,64.6595627396648,71.0763581672593,115.933434609278,117.038996040089,114.588412532061,111.677962517056,104.321500951533,103.006207532534,106.323845938543,105.508917993361,103.817304461999,75.8727176763051,80.6056329371049,85.5499385819262,63.4303857451232,66.987343914805,46.4585291145291
67.7964756654349,66.6035214174793,67.7482798214122,67.2515686779453,66.815932763511,67.4661670689873,67.136880301166,65.6862806402851,40.8763993127295,41.5850035474773,112.68486088339,36.2790728896765,35.3278007449509,0,85.6025357609064,87.8945094991335,62.8537470184495,68.8256512790653,66.6911855590202,64.9409371585786,67.4411982488444,68.7464044280461,67.9166139981481,81.776826824042,118.482403146193,122.781426916881,78.3811819347232,79.2503946105032,77.1109909262069,60.710678492574,60.3356171491719,57.1377155406558,100.469263716063,68.8634476096599,90.7487865953843,88.6759295318256,43.1791353816014,103.713136575715,106.420523300723,105.827744921367,101.557658742929,102.19889793956,101.519800536128,102.071207445825,107.825767995207,107.946621660752,112.17291940895,107.791396912155,112.403635913056,107.443786508292,108.972358673572,64.7513540183441,64.4579558724328,65.5281320050504,63.3729465050753,67.3476615278984,67.0486949157453,66.062942797355,64.8368499539708,64.5178113642281,64.8102771342127,64.2870942930915,64.3744378276339,80.7506202629297,66.5917985479106,72.6924452976517,117.857642945078,118.968198335085,116.51557971803,113.602939854002,106.185386274174,104.870518486314,108.19865833022,107.384733122931,105.669908314043,77.6698310807162,82.3927472001709,87.4163425203527,65.3823579374115,69.2246225863227,47.6177630453922
71.8492420551421,71.8494090096198,71.4158832956939,72.8317588158809,73.510607909436,70.7420319609293,70.0179206635343,70.2126918757517,85.4448057853906,85.0191215123567,93.0324691061955,82.4307099094186,83.5585216897202,85.6025357609064,0,49.7513168732521,76.6605203655159,82.234689229873,80.8474772840414,77.9478322488001,66.0122024323183,64.4735120196901,64.845560939654,75.3559766285143,94.7963753523604,99.317799515079,78.4575907658888,77.4555436094804,50.5497156587212,79.2987275805128,78.3804953806046,82.0162398509793,74.3510788450427,61.1223543136146,58.505290858096,57.1465187459469,82.1906612099707,82.2521190994865,84.8472845192386,84.4756201547788,80.7846122497226,81.5115222581071,80.9045755629725,81.5326052691417,87.3709163950485,87.2260313855936,91.6813386677181,87.1681575573861,91.9007746565142,86.8934713103012,88.1540011163936,71.1836046070785,70.4869735602859,70.7937265254397,72.0330118392394,67.6863509308302,68.1538696915246,68.3196415174889,63.7373959778098,63.2849869696128,63.0437643173702,63.6493973565012,63.1984318970497,98.4676017585136,70.501056790003,76.3455733072391,95.9311904403541,96.8905074358537,94.4869425475015,91.628312211681,86.3413214963281,84.9822081643575,87.9460514168101,87.0665738085049,86.3221622262503,74.4894359979744,78.1004806502944,66.6504143210855,61.831625362346,63.8524252008384,79.603961806974
74.7122502194929,74.6411631748232,74.2106608463099,75.6892989762349,76.3017230750999,73.4671848876798,72.6719662865288,72.8768947712516,87.6766001333182,87.2320098914676,92.4145576568423,84.7855933887633,85.9062896635021,87.8945094991335,49.7513168732521,0,79.7977320794561,85.4098365110929,83.9801527837636,81.1322780071707,69.8405337692586,68.5206799619961,68.7763143972147,75.0630942063684,96.8311961799726,100.860545862424,78.9579932695573,77.7924550058135,58.2173220318575,81.1704373820381,80.2586945617751,83.9498087667118,75.883512799649,65.448509501467,44.6789854988503,46.2583932066707,84.6042412224486,81.785877259829,84.4466570705239,84.0892503163049,79.9824237306618,80.7402621342143,80.0632547938876,80.7238814613842,86.8301212007361,86.7560654329252,91.2042581880303,86.6599339382885,91.4513756097559,86.3866519608972,87.7252100355945,74.677202848935,73.9881309244433,74.3574090145822,75.3992399589965,71.5591651936089,71.9608498640106,72.0468005848235,66.3996742009356,67.0013859318116,66.74637321568,67.2578792527373,66.7850219220511,101.49086000289,72.7577060652061,77.6845997348023,96.1244034765276,97.1704705938992,94.7261756643106,91.823798903992,85.5634587984745,84.1850719353975,87.3407466571269,86.4539302727662,85.4223917555851,75.6646358206889,79.0088051915403,62.4741061919116,64.0079768416885,67.4594396635141,81.8468940741735
58.8502237044137,58.1981608618917,59.4377292115941,58.1275998096501,58.2892215596044,59.7078954194532,59.8568431232325,58.4015222033209,64.0651969102868,63.8783220864201,106.13875434189,58.3609831034546,59.7767123799445,62.8537470184495,76.6605203655159,79.7977320794561,0,32.8300176433537,24.5275826157987,24.6125011520898,51.6991261698041,53.9768423426079,52.9874177773056,78.1708560736084,109.633823034633,114.295290317451,76.5973466934143,76.8322443725715,66.4012705580745,65.2974641939787,64.5233817574629,65.80359180057,91.9270275814602,55.4239679072162,83.059123685404,80.9991480646461,56.7467629970107,96.6710783316367,99.3275458294762,98.7784775776557,94.7969579479536,95.4484491818915,94.8098487160847,95.3691904635281,101.049822449821,101.078812985074,105.363617501416,100.961931149789,105.580755817329,100.631560653462,102.064855129265,39.774726139021,40.5531629255648,41.6540346563734,35.7532987806939,47.4182931436876,47.0074152003952,45.3720273522699,57.338993584353,49.9481070727398,50.8956925783812,50.3225973001809,51.0678909170805,56.793946898915,61.7254855954555,70.7660049891535,110.421991462173,111.457965663327,109.036102904894,106.156534511817,99.645428101971,98.3256835875913,101.49656704187,100.669045270232,99.2944909684078,73.2032432896585,77.9232105508339,81.0915018463412,59.0754419043897,58.2269347494649,59.1007053882961
64.8606580102563,64.2459562732185,65.4267895462623,64.2029409585682,64.4002417739022,65.6778957947658,65.8097080834736,64.4042443263441,70.0630533682071,69.8674923827993,111.78035249601,64.3116407889304,65.7486660977963,68.8256512790653,82.234689229873,85.4098365110929,32.8300176433537,0,29.5056871543683,24.097988247658,57.1239665197314,59.3621774466005,58.421415529239,83.9608077234635,115.161856275381,119.842685240859,82.4396731098277,82.6604863625551,71.8691898901655,71.2980467537506,70.5258301855289,71.7979169544103,97.4795989897474,60.8445272322481,88.692418608379,86.6368037339454,62.6531061800975,102.292122677894,104.946116225647,104.398626754623,100.431475504328,101.083151993163,100.446649049296,101.006073464638,106.681823180115,106.706676639678,110.993823665197,106.591587609535,111.210216390518,106.261881196481,107.69085048065,43.6801635529416,45.0511089952854,45.5024204776586,40.443906127421,51.8438111035928,51.5686312375179,49.9343162913015,63.1938310991257,55.5507515124737,56.5308546249599,56.0197900462028,56.7826547371593,55.6677777306258,67.6682601460352,76.6580062236355,116.022430057423,117.054787801586,114.63446792821,111.756554793036,105.288483475199,103.968690079584,107.131953210965,106.303953131373,104.944949934542,79.03130850386,83.7395234681824,86.7744577822187,64.8947359307499,63.9151386370513,65.1748459334796
63.156549171171,62.5020844470633,63.7255787286482,62.4533682626053,62.6101569387493,63.9798877676795,64.1152038423674,62.6718667818757,67.9547848900646,67.7667393703649,110.301671234305,62.1512526179096,63.5892181950015,66.6911855590202,80.8474772840414,83.9801527837636,24.5275826157987,29.5056871543683,0,24.7130405363094,55.9813807030207,58.223776713653,57.2537638708114,82.3226409256394,113.805510980049,118.466030182141,80.7314661189284,80.9735355351135,70.5898496573215,69.362361738227,68.594681351137,69.8070892095596,96.1003165756112,59.6530865868845,87.2401970538222,85.1812243280675,60.4721764369251,100.837005351679,103.493678733711,102.944278232182,98.9616898876917,99.6130509269862,98.9743230511593,99.5335469218812,105.214112519705,105.243566816606,109.52799296158,105.126510159527,109.745161714251,104.796020734856,106.229786427579,43.7729273369067,44.7362206030111,45.5977689603416,40.1240558787704,51.4601293765579,51.100557288174,49.4831327436338,61.5770624670146,54.2602630571909,55.2030901853004,54.6503026738802,55.386081862391,57.4771640424529,65.9360373612317,74.9140375373203,114.589082269067,115.625359012523,113.203386334153,110.323698626059,103.808647063495,102.488975346239,105.6605010853,104.833085927664,103.456876231446,77.3793810122599,82.0964708951687,85.2620334103779,63.2821050438576,62.4877251598921,63.0730365752187
60.5070169484976,59.9001040784517,61.0892526239833,59.838469472376,60.0459312299054,61.3540695352822,61.4975542758147,60.0866358026245,66.1291544405102,65.9337716865719,107.526518786714,60.4715959761539,61.8887496502636,64.9409371585786,77.9478322488001,81.1322780071707,24.6125011520898,24.097988247658,24.7130405363094,0,52.7119451971637,54.9855918833735,54.0295844094911,79.7363969957656,110.885422775954,115.56953556432,78.2397275095258,78.4515032811988,67.5678217774188,67.1881769960836,66.4097503625198,67.749110563293,93.2044051438295,56.4931203555489,84.4188189493405,82.3626941859493,58.8727862142262,98.0327256194775,100.686211098311,100.139253629379,96.1749221841634,96.8267552580313,96.1906345517817,96.7501905428871,102.425425589461,102.449306108612,106.737123641233,102.334611688481,106.953395934644,102.005107408551,103.433073604952,39.2720438470177,40.5244231158396,41.2131759697151,35.4629392556019,47.5729726864481,47.2480701672858,45.5841780679567,58.8893338428379,51.1319917893708,52.1224026420301,51.5980321512624,52.3740762761192,55.3843578206263,63.4036087311416,72.4502304153844,111.75937282088,112.790986596134,110.370964263879,107.493371790876,101.034512312954,99.7146379783477,102.876327554035,102.04816026621,100.692724166457,74.7868341861049,79.4965034317548,82.5177607031321,60.6178978725469,59.5648145099923,61.1671470622156
52.1146567118422,52.3513192572008,52.7055702448075,52.3656139488356,53.3980218696961,52.986707569329,53.145999017722,52.4355188528561,67.7734935947699,67.4780950234548,97.4170220632221,63.7757920179738,64.9722120977311,67.4411982488444,66.0122024323183,69.8405337692586,51.6991261698041,57.1239665197314,55.9813807030207,52.7119451971637,0,30.6212099827203,25.1461103607449,71.7290334489662,99.3081713354318,104.215189460747,71.4662899716662,71.2770446292209,54.3801902028106,64.629497930342,63.7243521986947,66.5911027726278,81.7630460454803,38.0594134411347,73.426164234228,71.3746766390611,63.0669849980838,87.5925550258129,90.213017998439,89.6961255333788,85.9182629219928,86.5775383208843,85.9675231587576,86.5329556207104,92.1633187523902,92.1268651764894,96.4538889126446,92.0371770784,96.6616147937653,91.7192963908446,93.0847877877693,43.6853308430638,42.5519232354606,43.0673912424843,45.1951564525699,39.8408377848108,39.198734935758,39.1691742062034,49.142382796586,28.1746598948308,31.8990672724796,33.1310977638949,35.274300100875,74.5902212480984,56.1546110529465,66.0320632370554,101.070251882298,102.053853561425,99.6534157783962,96.7969084723916,90.9265707068937,89.603139933336,92.6625824245934,91.825154496734,90.6932346257321,66.5590550188172,71.1829205439691,72.5386160416341,51.2468432840949,45.1949991920179,61.9907555343651
53.1440593204015,53.4334147500639,53.5433961475817,53.6430214295904,54.6792462796134,53.6631890500711,53.6877532896033,53.2076284142253,69.0054477017667,68.6926281517439,96.3853918595635,65.1530189310228,66.3384632320424,68.7464044280461,64.4735120196901,68.5206799619961,53.9768423426079,59.3621774466005,58.223776713653,54.9855918833735,30.6212099827203,0,22.7747526094235,71.3753047145828,97.8248923204324,102.80173870051,71.4045510216009,71.1321473711449,52.3305359274928,65.4056030482751,64.4922878299703,67.5036530859149,80.3272940080035,32.0838721188719,72.2122722265261,70.1725615096395,64.5129790784156,86.4646482783298,89.0748790806111,88.566432875652,84.8469933079898,85.5080249770961,84.906363525993,85.4730761287126,91.0872468332103,91.032690391007,95.3709879171503,90.9506160730355,95.5759285211903,90.6360347879666,91.982725549727,46.15193081604,45.2003568555736,45.4345122928497,47.7211300385497,41.3053003092955,41.256922983098,41.6164465225575,49.1471300035901,31.9792436837398,33.4102522478416,35.6146226263267,36.6292460720463,76.6558549948539,56.5229946313959,66.1812166836251,99.8632944548782,100.832134127648,98.4377836053817,95.5878282168475,89.8975401257214,88.5733536750964,91.6011234180275,90.7611485415385,89.6968062828827,66.3457407109604,70.9132490581069,71.6188449623042,50.9657915094117,44.2222924384684,63.2005328301622
52.1318332745238,52.4384079135757,52.6156036393072,52.5704743255172,53.639309215491,52.8103547416007,52.9002350837115,52.3452330378771,68.1935540565791,67.8866494903047,96.5468738627973,64.3048354552974,65.4917181099903,67.9166139981481,64.845560939654,68.7763143972147,52.9874177773056,58.421415529239,57.2537638708114,54.0295844094911,25.1461103607449,22.7747526094235,0,71.1458784644431,98.2695634924162,103.199700246945,71.0466460290037,70.8075758692452,53.0340769487177,64.7186296971279,63.805855118502,66.7846253798482,80.7224251682348,34.5851501251438,72.4063482976035,70.3541101457028,63.6487569249906,86.6797476388377,89.2962681394531,88.7835333226528,85.027668206064,85.6881113619353,85.0811369091428,85.6475323592385,91.2736482972894,91.2297173559465,95.5618682038193,91.1430677471149,95.7686611811151,90.8267308213705,92.1845133491906,45.3003729992634,44.2803402552037,44.6745079012927,46.7515579739925,41.1088994715045,40.8285090502167,40.9803196143705,48.5569444263407,28.1714055101051,30.6053885364341,33.1027736494139,34.6441760399835,75.7315900149312,55.8773051485413,65.7021349510746,100.129671856049,101.107627016118,98.7094252079299,95.8553328468346,90.0556859074687,88.731681619943,91.7788541921418,90.9401620212458,89.8358781210077,65.9941849471621,70.5953978963979,71.6729723764173,50.573490157605,43.7454275016309,62.3845018264453
72.447607886666,71.9408354269946,71.6900811826417,73.2528243417117,73.4734078487155,70.6834561854737,69.6151460862223,69.6663993868593,81.232578461097,80.6805583421827,95.6494379150164,79.0117752909983,80.0968508239367,81.776826824042,75.3559766285143,75.0630942063684,78.1708560736084,83.9608077234635,82.3226409256394,79.7363969957656,71.7290334489662,71.3753047145828,71.1458784644431,0,106.791998323363,110.234809998991,58.1023197601006,53.3384038050313,70.881134939082,72.712056925576,71.8450025636531,75.831989545655,88.1118658159393,69.4711369859386,76.667280615214,74.695113000169,79.148074482524,87.6912572243798,90.5233830980024,89.8462688103524,84.8411409004418,85.4745261308612,84.683523094884,85.2333048153429,91.2513179395809,91.5776802918727,95.6897362284271,91.3329960292855,95.9581355911288,90.9531245775843,92.6964120346453,74.8320614926865,74.1916302031717,74.8501707846239,74.9340688127019,73.5281759955979,73.6260761419416,73.3377129050446,64.046998206111,68.4939188938169,68.2489000121689,68.3315357507422,67.8442429139666,99.2482157484015,67.5340464358024,65.3447781902329,102.829653585607,104.114765658768,101.588816747468,98.5972572208678,89.048443576156,87.7319823096922,91.4550691486089,90.6632881939331,88.1509670303348,64.8032820880953,66.3753948537077,67.8049602509096,60.2974572810945,69.2011094014576,75.4942540638254
105.886072545824,105.793633156416,105.526649859802,106.711552975242,107.320270195982,104.919552739417,104.253934097589,104.268770959493,118.311422013618,117.869971693555,103.72626322609,115.333066378797,116.46529001375,118.482403146193,94.7963753523604,96.8311961799726,109.633823034633,115.161856275381,113.805510980049,110.885422775954,99.3081713354318,97.8248923204324,98.2695634924162,106.791998323363,0,57.6844365815088,110.068735405321,109.116584255355,86.6553070397804,112.120377216207,111.233111152984,114.731700467102,81.9932900909162,94.8600988653188,101.271445670535,100.306454947833,115.108601403917,90.5331556019674,92.3103386689945,91.5532426014055,93.0748094792673,93.484654637056,93.669669284333,93.9760841402429,96.5577451830141,95.3595629890529,99.9579788516089,95.857995810902,99.7675126724895,95.5801646028592,95.6841103224773,103.98286581152,103.322283833024,103.523224877866,104.936721998454,100.055121913656,100.691782142473,100.965497394713,98.4955080852933,96.9500611706208,96.8890438209148,97.4709749542999,97.1887222992317,131.400622770387,104.564973393393,109.382246124101,93.1307902928861,92.4975026035419,90.9529275271068,88.9798523592592,98.8534997835574,97.6794977555456,98.0833479513561,97.2677771171369,100.587323808062,108.541721674182,112.013551618889,99.389011934339,96.9152536019105,98.8325526623224,112.543865693642
110.388347994336,110.273292510086,110.002085392572,111.217574255292,111.804111301382,109.368643338412,108.677151584051,108.699509555343,122.585287552709,122.135814658573,103.312305870345,119.658571279738,120.787813783836,122.781426916881,99.317799515079,100.860545862424,114.295290317451,119.842685240859,118.466030182141,115.56953556432,104.215189460747,102.80173870051,103.199700246945,110.234809998991,57.6844365815088,0,113.684508077408,112.703009695869,92.0561379393461,116.249375349697,115.365712429815,118.881029365185,85.9768319152063,99.8843405738837,105.13382509039,104.211703097677,119.458889028094,90.1181813595459,91.7420876305623,90.7434115439512,93.3856836951739,93.6975951446909,94.0486855825545,94.2611289747942,95.9527481436164,94.5440976217034,99.0870904266202,95.170032887318,98.768888516243,94.8615864125743,94.7262187729822,108.808537271245,108.147849837777,108.384098751377,109.700487126759,105.076206313502,105.668906754692,105.900176126083,102.911224470835,101.783105191527,101.701987431004,102.253035454874,101.950138945407,136.015467956003,108.855690116217,113.346449602417,88.9756122964897,87.7660309860185,86.6189425200089,85.0267171186573,98.9922796119618,97.8748275349626,97.6865217316319,96.9102306743451,101.065872669456,112.537578562779,115.941752730397,102.639403013548,101.193107160107,103.530275641119,116.823151907125
71.2246282783901,70.5365357306268,70.4543667292346,71.8778241537358,71.9371447374166,69.4382242034527,68.3629624599623,68.219321240574,77.6998750873058,77.0955752486344,99.8148652099952,75.76523407368,76.8391517881054,78.3811819347232,78.4575907658888,78.9579932695573,76.5973466934143,82.4396731098277,80.7314661189284,78.2397275095258,71.4662899716662,71.4045510216009,71.0466460290037,58.1023197601006,110.068735405321,113.684508077408,0,41.9504623387384,72.9155489952901,68.2899452864947,67.4645919409141,71.5184230389367,91.6127631976874,69.8535448136121,80.9980568151682,79.0068014260618,76.0356640478089,91.8273339357743,94.6355194538989,93.9535775489353,89.1100454604953,89.7305685163321,88.9698948240865,89.5054942973907,95.408177909138,95.7108980937167,99.8212350396569,95.4798199449977,100.078683882977,95.0979989633338,96.8150654820469,73.8869967362637,73.2730753850499,74.0142123197699,73.7838148231895,73.157881694628,73.173948506499,72.7723368404392,63.4005262704849,68.1830416985468,67.9822068777808,67.937667993705,67.4934331642405,97.4175252249873,65.7008877286654,59.6245280053871,106.73552316775,107.991695230318,105.47946952653,102.502660620452,93.2977756798944,91.9918650095976,95.6347187106832,94.8475985187725,92.4521828070196,65.4661860713581,68.3571564828069,74.1630719459639,60.1757695141689,69.3044722998969,72.0454905815756
71.2322233511513,70.6002028924337,70.450252434777,71.9465122652655,72.0562779233794,69.4202210444046,68.328898428056,68.2659833503164,78.6163393378692,78.0334951537837,98.7390090590373,76.5801864863615,77.6564160700474,79.2503946105032,77.4555436094804,77.7924550058135,76.8322443725715,82.6604863625551,80.9735355351135,78.4515032811988,71.2770446292209,71.1321473711449,70.8075758692452,53.3384038050313,109.116584255355,112.703009695869,41.9504623387384,0,72.1629125368587,69.4844200729849,68.6325336099259,72.7274708729956,90.6051816074682,69.4791484997082,79.7334686287578,77.7338882967782,76.8028638604945,90.7348320826788,93.5466638898085,92.8682773837537,87.9976585292391,88.6219833547258,87.8556514806651,88.3952501584323,94.32361843436,94.6279356725197,98.7415457424973,94.3952331690873,99.0011449168112,94.0147477511248,95.7339144745529,73.9237636600306,73.2996497349977,74.0186027603203,73.8824642582532,73.0261755318496,73.0632252014244,72.6937019317909,63.143887152355,67.994039678301,67.7733927810521,67.7638544514191,67.2990685229618,97.7430724065814,65.7673994870877,60.5055376071504,105.683995093021,106.944113312064,104.429768134027,101.450687599894,92.2012357945362,90.8924568144167,94.5479204717554,93.7589648781554,91.3506716870943,64.1009518708935,66.4820874999999,72.531109713281,59.6412881442822,68.9450504288735,72.9118526253807
62.8010139511024,62.8928474618388,62.557496598911,63.696628677248,64.4726998748782,62.0705036561826,61.5293917617592,61.5914117244204,77.0749006643709,76.6818340483698,88.8501209545555,73.8160020416765,74.9611855521085,77.1109909262069,50.5497156587212,58.2173220318575,66.4012705580745,71.8691898901655,70.5898496573215,67.5678217774188,54.3801902028106,52.3305359274928,53.0340769487177,70.881134939082,86.6553070397804,92.0561379393461,72.9155489952901,72.1629125368587,0,71.661759204769,70.7436173914395,74.2054445927658,68.4587204872747,48.4517434294188,63.5541001259281,61.9134815334039,73.4582273482506,77.9789772107809,80.494781055621,80.0803588000284,76.8964785251751,77.5788262696121,77.0548597448346,77.6376790120758,83.1226438741758,82.8972454316664,87.3482607772665,82.8856194312092,87.5300998606734,82.6045953515218,83.7747417320539,60.0624779907696,59.3670862947041,59.4846527336444,61.2423200941119,55.5204579895478,56.2098743113379,56.6058354476863,55.5677457543552,52.1279844186972,52.0306415518406,52.8393190734847,52.5467391223287,88.4321135941196,62.7084959432959,69.8020497593319,90.7294304173874,91.5703390360628,89.2258750493592,86.4300929763183,82.3726468026622,81.0395381814176,83.7733286414368,82.9069683077217,82.4846168854143,68.5718646243674,72.5330271464621,65.9267067345425,54.7821259470236,53.8616124098463,71.2457424829955
