IBR/IBR_outputs/SS_Optim/Clay_Total/Results/Clay_Total.asc
NCOLS 160 
NROWS 95 
XLLCORNER 210004.651214014 
YLLCORNER 7350008.22228844 
CELLSIZE 4999.99999999997 
NODATA_value -9999 
[rows 63 to 83 of 95, columns 0 to 45 of 160]
-9999 11.7324294685151 9.60162777576583 6.6309727552011 6.72870215512722 5.88649885101969 6.46235659052353 6.36811331893792 5.42808840298546 6.48550578985444 7.0235694636111 6.9433108042449 9.99760703279308 7.87805245666587 12.7167332525832 18.3358246377923 22.1752915436099 21.4205314618086 22.4771944105477 23.0468533372505 21.125072272138 15.7648351081069 9.91982342952901 8.27673900201365 11.5707763500938 10.5988164396492 8.80917438805063 9.02946995177799 8.09520284672007 7.98624585282461 10.721818131225 9.67519652778679 9.70853945376266 7.55580495133397 8.27336798969199 9.2999356479453 9.85162012880536 9.93367104289466 11.0476592098022 12.9793078163469 12.6352751565357 12.0719193035615 11.3981458696633 11.1177319586375 12.6025130420963 12.5656333838354
-9999 10.6132714639857 9.67171188092628 6.27099155894225 6.46759762984813 5.82921195198571 5.75137296727057 6.3191622865843 6.24142074336608 6.70131766637796 5.76817519999656 5.37633303841951 5.8193204509445 5.59327065701045 6.24362194193666 9.37831911526466 12.7441973690725 15.5634921970239 18.8529374855564 18.3188277627322 13.4460147218232 11.6840771824823 13.387612795065 10.606768181114 10.0838911177039 8.25864393542432 8.99850053952361 9.15691466487481 9.75308498139296 9.22562576972322 10.051093984216 8.58109693611847 6.42960717029033 7.57217249885017 8.95052057580274 9.6422671758219 9.6415862474015 10.0937602301236 10.676315416673 12.4792004522983 12.4178806546641 12.5648043203966 12.9251231104839 12.262004246769 13.0242552168075 12.2165489371525
-9999 10.4925175350897 9.38879058754893 5.23166574183486 5.52412260671565 5.2691683675783 5.18340457243768 5.72688187426688 7.1159953175551 6.57970655222875 5.94451967144153 5.82607331681521 5.27973621792402 4.98483304939323 5.5235264254291 6.45293395861169 5.67646598090148 6.52704083476128 6.82243973919931 6.29596877673 7.66808273688663 8.52116452544771 7.06108181892579 7.04266940581094 8.30302615518106 8.48800867291344 8.97871902896855 10.0017056844869 8.99290753830788 9.15840614889943 9.673528784636 9.65975958890358 10.186964298897 10.2295164430778 9.67142919420095 9.72398475828558 9.8341507499127 10.2639284053618 10.3180948786474 12.2808926300146 12.1888447489647 13.1318105353312 12.7483158805438 12.1187042229542 12.5305100775303 12.2597527865473
-9999 9.7816198584821 8.69986758686362 4.1003501128054 4.31621367184039 4.93690915202976 5.35403876110937 6.93832302641929 6.90753051458961 6.02067294883786 6.39960530023619 6.64045556172877 6.27267586454974 4.96485456487941 5.17632831100777 7.18415782996033 6.63871601884511 6.64355822847673 7.17501001977159 6.25781610545715 6.42785096648257 8.21785006089229 7.41580182783999 8.13178620623662 8.03168912098406 7.77832628516519 8.71753680517695 11.095368118245 9.85411244260646 9.22710432554246 9.10045324722457 9.31534282130045 9.99331686869871 9.29358285126218 8.96074308393296 10.2757201514414 10.1985310118039 10.5223076065405 10.7928945472859 11.1224849074583 11.2379320593671 11.8634768224423 13.5812277549048 13.6579131708451 13.3564192989605 11.9348640728075
-9999 10.7008733173114 9.11514505373165 6.53050624273102 4.74586873205381 6.90917102411049 6.62903845476154 7.11533082658041 6.33802837290836 6.3985820299483 6.77934734213669 6.86543690020613 6.03593135495465 5.38215070216216 5.20968849939856 5.88484901861701 6.11785094696613 7.31304877471176 7.5174756554448 7.2274710089968 8.2182548234543 8.68980219176026 9.84696072465973 8.98360653130726 7.58458054096833 7.47707698366336 8.72430731974914 9.96328277885818 9.42364988518539 9.01633327901998 9.30575710661639 9.43293212633316 9.39812924442104 10.4043255788781 10.3286141674321 10.590137604523 9.96438117072198 10.3500556322678 11.4400126667752 11.1607856643609 10.9488135762049 10.7682529723455 11.0972583782383 12.8600111484461 13.8455489691312 13.803119280429
-9999 11.5131281505749 9.83618355707407 8.24069830265672 6.20997776062688 6.6447072202447 6.25644192271229 5.7082605379253 6.06783760237436 6.54425903374023 6.98921821003093 6.03547557349822 5.76982553162343 5.29069897069085 5.20151224998979 5.76099143685023 6.13343612161186 7.18309934847043 7.64674834962489 8.69053797965696 8.37605577758187 10.4544579476171 10.5066097267806 10.8156641115679 8.26085525280159 8.31068087908763 9.09408820128432 10.3241576190342 10.5017836133301 8.48391496059426 9.00917314618211 9.11459794442719 10.5744245122643 10.6389459919484 9.67220420907186 10.7074107328221 11.2565333450433 11.1298862935257 11.7252043740442 11.2952289145489 11.1246130487657 10.8871460640758 10.7112569327277 12.4824853154038 12.3993992876357 12.4122379011087
-9999 10.0757768555328 9.92536209568869 7.10654037970276 5.65717293010126 5.40960679397132 4.95281320831006 4.97787049943431 6.65583385038031 6.87051204412288 5.7667118553814 5.26438419618952 5.13461395287636 5.0342684992938 5.25664204082816 5.87111301948301 6.02399435766275 5.9548890042161 6.71100086349349 8.36861136297554 10.1037135052162 10.9506014575919 10.9788953595351 8.9845012569843 9.07767828229988 8.25015683582611 9.16429964874214 8.75921665310772 10.5250678696784 9.89298561639688 9.3839252261898 9.11804289837327 10.215170280968 9.65760627604633 9.98643540303859 11.2541767725477 11.1981662490433 11.3295172749122 11.4582455614973 11.4654462625577 11.239543566272 10.9751036164755 10.5803754550103 10.3148429731463 11.1626958294402 11.7318939028421
-9999 10.7513778768192 10.2113463054392 6.68052637116978 5.03180545578256 6.04458268593211 5.32191639648435 5.96015238289615 6.69875795143854 6.5403280061835 5.44788826053876 5.5175299500799 5.10576965529891 5.04166263011802 5.47110614292279 6.00977320817454 6.53090911100617 8.02248460972991 8.9872893041153 7.96682554873958 9.96025604210421 10.6247863239372 11.2816978568815 10.0131213657333 10.1574657194142 11.0679290333727 8.92382721844214 8.79520834233282 10.2624535060744 10.0356461349768 10.8257926406383 8.42276247407329 9.71745163541421 10.0566218601417 10.2024232980323 10.507748854198 10.7407933032862 11.3679415666123 11.4545230895362 11.6159188981792 11.2843160265241 11.2340397337219 10.8921420414458 10.4533455580906 10.8278774544715 12.6082226973886
-9999 -9999 8.81849388404739 6.97259384888194 4.84685858903509 5.22528371634149 6.18538525677211 6.02488500671878 6.05802375887701 6.48179636462398 5.67255292870953 5.26924141829426 5.05324299011435 4.99569858033105 5.50996472536343 6.50729018603428 7.81598560265935 8.92950978645003 9.92949904990684 9.81778941813081 10.5355611954856 10.8906120919392 10.5170573108085 10.604035669048 9.78550267451559 10.3517129402107 10.5270753408876 8.76294034294925 9.42044431605293 9.29406890050823 12.0911339350023 9.35207459162454 8.53458493067594 10.1996321871643 11.0049036638723 10.8276725286489 10.7004291365157 11.341659516829 11.364630666179 11.4491456782377 11.5169468270754 11.2167636717821 11.305309223757 10.8701750524611 10.4527504791349 10.6444129321118
-9999 -9999 6.89128079126083 6.29540558377249 5.69523108082238 5.74906748266998 6.00690631191429 6.13818274734892 5.97286465954999 5.71400413498515 5.72495272851022 5.47651796429215 5.03930504218519 5.08628006778351 5.13203279099177 6.24894753255201 7.21197701212134 8.17477948185515 9.77024131093034 9.60552263983371 10.122536732452 10.1868408078357 10.5977356809293 9.51060183679864 8.7877432442593 8.22278988980921 10.8287907326538 10.6241316163736 10.3696028978554 10.1446428581995 11.8414983703589 10.4246951083366 7.04020958999528 9.80171157923047 12.345955812883 12.4964439250059 12.6796683943598 10.1672867566665 10.9186225959629 11.7604734799097 11.5502089665293 11.5082166926547 11.3005457704412 10.964994536159 10.5996193215853 10.4470306143303
-9999 -9999 5.65462155847331 5.63040347469673 5.95399067839304 5.97006789136973 6.11665467790686 6.1034932071082 5.97672547436388 5.48282535225752 5.09658410315539 5.20017825266356 5.22453299019601 5.1835846323187 5.36310224016989 5.76089760995839 6.21380872815232 8.02961880197553 9.31256239677811 8.69063210566576 9.34736133590351 9.87430664640496 10.7531851810158 10.5167847720193 11.0487676796421 9.39400519264806 9.93876202792615 10.7227937981609 10.3135216439311 11.2401113594301 12.1253386021326 11.9689187931162 10.5872846962626 8.40218846210133 12.3138181016604 12.235326037554 12.3961169896146 11.9726028994249 9.71691905323025 12.0080658283001 11.759198472167 12.3880295455647 11.0577902632817 10.6030682802704 10.8361338921185 11.408430531265
-9999 -9999 -9999 6.01198582354323 6.01044068077727 6.03275750494285 6.02880002955957 6.06411665923107 6.07855914813392 5.50504248294319 6.87223783900081 5.31776157376352 5.1628702745852 5.87224178290585 5.36989238858953 5.49789197234299 5.89564523990472 6.83954688799664 7.7067265591157 7.9985957951929 7.98003159132437 9.06238983028745 9.9365077966897 10.6983800330301 10.8813753248227 10.4523592477506 10.6783183142973 10.5200169812878 10.7921861701932 10.6274572362629 12.220560449105 11.8396300614223 12.2533647137762 11.022622319024 10.7809873226096 12.0842364889557 12.2084004858573 12.1168123702929 10.6628927068491 12.6545000036112 11.9596864256343 11.783466334318 12.1745614136884 11.0286198574108 10.6057830276354 10.8595433118718
-9999 -9999 -9999 7.4409980112364 7.8065698302262 7.0559429737716 6.3948732500986 6.2835303452645 6.37426015300604 6.90325693517754 6.66184182935871 5.36862136245888 4.98913138312048 5.6644063582032 5.58012860733889 5.12479034840527 5.88878337609879 6.49868193674642 6.71504912873421 6.55306218541251 7.37891314971828 8.9284187971276 10.470003041072 10.2065721163554 9.86676079595731 10.5957617720372 10.7543597817203 10.6785042273495 10.9072872150233 10.9271302358174 11.429408326029 12.4360805158188 12.342629545482 12.0608556229956 12.3377826460198 11.9655143478097 12.1406332495128 11.7247210042718 11.5097410287418 10.7079869021212 11.7817774839318 11.7608440668865 11.6111257668474 11.7083776610345 10.7587622845512 10.8452737254105
-9999 -9999 -9999 8.67199720383662 8.08944646037506 7.786884885891 7.64965090106069 7.68603760410728 6.72981166634581 6.76612895577972 6.69544183653653 6.24915540848091 4.91067580464735 5.47672548264367 5.98907796609955 5.90384923816461 5.7624028257292 6.30504909941657 6.40062772242723 7.01655153502034 7.31256459052519 8.01079736174282 8.53318845760376 9.63471468981538 9.7705071733616 10.759811679467 10.6398275982205 10.732988632719 11.0450894684753 10.4910948477686 10.2086853009257 12.1746309019005 12.4213394772399 12.4425917534409 11.9984503866777 12.4092178564518 12.1094437512528 11.9015612485584 11.9278995151916 12.6313849240921 10.7128084462585 12.5062600351916 11.3715093288974 11.7311073482817 13.1893971936499 10.9495322949213
-9999 -9999 -9999 -9999 7.52365400688493 6.32776788100023 6.7354893176816 7.07738193606883 6.74988758770797 6.78011059753756 6.86650614260846 6.00912831703303 4.82875550784286 5.31539773726613 6.12990776999407 6.21942289841271 5.31318620805158 6.26129638218464 6.34105929913818 6.76132630500173 6.83321972265655 6.90523783465905 7.84989951928975 9.17165505539081 10.8061908836484 10.9870648663881 10.5829960732652 10.414864761505 10.9659478897696 10.570346448424 9.42323738539748 10.2005751650386 12.4273459762521 12.4973709572175 12.184481355708 12.2518193446396 12.2201297704245 12.1994506549528 11.9352466443184 12.3728953464841 11.7762782295715 11.4901577844219 11.6235514201925 11.61978379232 13.0440629421576 12.4669089868663
-9999 -9999 -9999 -9999 6.32423125589853 6.19523260264964 6.03871678069366 6.58648151379821 6.78804572030022 6.65087278772406 6.91568202633308 6.45540671065679 6.03734350667713 5.10071328833884 6.03509642851796 5.52871179149358 5.43254568667856 6.57604216745601 6.8747053110803 7.82067279117743 6.78889042650978 7.26272736697728 8.62409596357782 8.64205573912834 10.6850331517281 10.9011316698817 10.9839523395291 11.0232871396147 10.6305271222004 10.6881028991896 8.73216401404863 8.31607028528506 11.8434760519826 12.726442900195 12.583290663951 12.2606498005894 12.4065916653184 12.481870041506 12.1844577909926 12.0245931413401 11.6314766359602 11.8959662653957 12.0278243029831 11.7631522558248 11.9273549822807 12.501537656126
-9999 -9999 -9999 -9999 -9999 5.99220548656153 6.68852707128004 6.54635227134528 6.35302838612087 6.25321616907672 6.4352391514805 7.31229008272744 7.33080274956979 5.67528967509255 5.85172057394499 5.67233447575026 5.73720793318443 6.4611401105926 7.30999998329596 8.55491053862096 7.8256436096089 8.07006830765939 8.80044085344988 7.90235112472766 9.82291284388012 9.87745541685086 10.2282195689598 10.3868981250534 10.6947197859525 11.47296611733 8.9260067402984 8.62822194559615 10.6181219764593 12.1641792391523 12.3077867537259 12.2636755412395 12.3623885068564 12.3779141244641 12.214135263372 12.6188785875516 11.9064689749706 10.5900626395367 11.6786230520995 11.2516027270113 11.5633752666849 11.9923551074611
-9999 -9999 -9999 -9999 -9999 -9999 7.41255226432969 7.81976322355922 7.11144226969015 6.6970057975792 6.77677773704823 6.32266423222397 6.54158047858515 5.85317621954816 5.83708541967469 5.99287409658023 6.27177964274182 6.98982862807853 7.12422927219186 8.70748129091947 8.9238047081005 7.81407861614536 7.07228792537393 7.14982347941433 8.69115638502934 8.30389266198996 7.77140103362696 7.96599159257345 10.0414683843152 11.8931238420633 10.9735514530481 9.90699005406469 11.9122947540803 12.3662562471799 12.3543451943796 12.3378241394483 12.4735355216802 12.7230803356627 12.5497292244883 12.5955912959715 12.3665043062096 12.8927190342287 12.7340798555149 10.8474661661399 11.0294600836395 11.2778324374052
-9999 -9999 -9999 -9999 -9999 -9999 -9999 7.96208721140913 8.2495601624192 6.80996514964637 7.49053577516506 6.86528838611145 6.65905068969766 7.28534853669455 6.78774849200965 6.39608188781355 6.78219784232671 7.22085548876119 7.67409676658048 7.73551658952188 9.1935611081614 8.74201609290345 7.29339222720763 7.64741872456095 9.34985505110041 7.79700520085853 6.46405390232741 6.82152986753266 7.93589894491483 10.2522242157368 12.1974488818966 11.6521432201078 12.0354730750612 12.3536749365028 12.0833540553962 12.558832999522 12.5631797702476 12.3953398539959 12.4539386843963 12.5340310738657 12.4452050571387 12.3648166039702 13.1201614296401 10.6977764125902 10.3593649484612 10.9398135382793
-9999 -9999 -9999 -9999 -9999 -9999 -9999 -9999 9.18402245845682 8.14028624030083 8.27924702319473 7.21910208648813 6.7596627991895 6.93975202302737 7.12979442328435 7.11901158215978 7.52652359942546 7.28887383959055 7.85142193856958 7.30099689585536 9.0376900842653 9.93728560955215 10.2897017786893 8.82556841461851 10.6342446567432 9.08345198635806 8.18500050648673 9.22863694141474 9.59236728836699 10.1753135909063 12.3323001932373 12.2506296649188 12.0702773203325 11.9658927259691 12.2232886476894 12.5558335198262 12.4708787382604 12.3471559868897 12.5108615395293 12.5611988701866 12.5548074641482 12.2570583935854 12.2269176637516 12.3675392967981 11.5635625061322 11.6151890470028
-9999 -9999 -9999 -9999 -9999 -9999 -9999 -9999 -9999 8.44136303735575 8.39769416946863 7.70786181523927 7.36387730613153 6.72592658870525 6.86107401932898 6.52490334310888 7.10723642625842 7.09817709749911 7.05810805896795 7.61704172276134 7.5954044185423 9.24756536622965 11.412301115233 10.3986221050234 9.08200068576874 9.93679920552588 9.87799396809343 9.74397586883816 9.77569212249112 9.94201198913892 11.3461021738338 13.1369121194702 13.2819495138182 13.3017693074441 12.4589129970188 12.4821323657405 12.3700521761351 12.2071444847277 12.6526151556677 12.7662183340776 12.4786031423066 12.2327499843633 12.1027408280487 12.1640685759255 12.785332970303 12.572712041886
