0.0639773 9.9973E-05 0.148817 9.9973E-05 0.106184 9.9973E-05 0.680723
0.400219 0.0350503 0.0712406 9.9982E-05 0.154398 9.9982E-05 0.338892
9.9973E-05 0.00551285 0.0326475 0.332799 9.9973E-05 9.9973E-05 0.628741
0.206372 9.9982E-05 0.162642 0.00271749 0.0265305 9.9982E-05 0.601538
0.152561 9.99639E-05 9.99639E-05 9.99639E-05 9.99639E-05 0.0531398 0.7939
0.224967 9.9982E-05 0.0426041 0.0330808 9.9982E-05 0.0383672 0.660781
0.219764 9.9973E-05 0.170675 0.0729828 9.9973E-05 9.9973E-05 0.536279
0.443403 0.0229518 0.141895 9.9982E-05 0.0542295 9.9982E-05 0.337321
0.663268 0.0201049 9.9982E-05 9.9982E-05 0.166918 0.0513984 0.0981104
0.392878 0.0160217 0.144782 0.196896 0.0583617 9.9991E-05 0.190961
0.385522 0.0507867 0.446781 0.0180717 0.073028 0.025711 9.9991E-05
0.175153 9.9991E-05 0.180673 0.181805 0.0859844 0.0118595 0.364425
0.0437516 0.0252371 0.770399 0.133713 0.0266996 9.9982E-05 9.9982E-05
0.664086 9.9973E-05 9.9973E-05 0.150289 0.113455 0.0718707 9.9973E-05
0.233122 0.022087 9.9991E-05 0.0516951 0.155504 0.0425628 0.494929
0.555492 0.010804 0.128874 9.9982E-05 0.151 9.9982E-05 0.15363
0.390534 0.000515025 9.9991E-05 0.0710829 0.154661 0.00167813 0.381429
0.264371 0.0281493 9.9982E-05 0.00428297 0.0571889 9.9982E-05 0.645808
9.999E-05 0.0735853 0.125541 0.3907 0.229203 0.078681 0.10219
0.0535819 9.9991E-05 0.0165749 0.764643 0.0956348 0.000503696 0.0689614
0.0122722 0.0361404 0.00227513 0.104441 0.57434 9.9991E-05 0.270432
9.999E-05 0.0180227 0.0981558 0.0984699 0.742342 0.0133624 0.0295472
9.9964E-05 0.0365384 0.0184762 9.9964E-05 0.944586 9.9964E-05 9.9964E-05
9.9973E-05 0.0288058 9.9973E-05 9.9973E-05 0.843657 0.0403882 0.0868494
0.0601824 9.9982E-05 0.131471 0.105143 0.565492 9.9982E-05 0.137511
9.9973E-05 0.00680384 9.9973E-05 0.283086 0.708218 9.9973E-05 0.00159183
9.9973E-05 0.0251815 9.9973E-05 0.585678 0.372017 0.0168232 9.9973E-05
9.9973E-05 0.0140731 9.9973E-05 0.091883 0.851505 0.0422388 9.9973E-05
9.9964E-05 9.9964E-05 9.9964E-05 0.461884 0.479249 9.9964E-05 0.0584667
9.9973E-05 9.9973E-05 9.9973E-05 0.068418 0.788161 0.0649799 0.0781415
0.0645491 9.9973E-05 9.9973E-05 0.226194 0.66906 0.0398971 9.9973E-05
0.018874 0.0248494 9.9991E-05 0.0660117 0.767331 0.050319 0.0725153
0.0248448 0.0347596 9.9964E-05 9.9964E-05 0.939996 9.9964E-05 9.9964E-05
0.280447 0.0617598 0.114652 0.264393 0.00881329 9.9991E-05 0.269835
0.504026 9.9982E-05 9.9982E-05 0.218016 0.107393 0.0207756 0.14959
9.9982E-05 9.9982E-05 0.03604 0.0488371 0.153442 0.0285405 0.73294
9.9982E-05 0.0259368 0.200277 0.0192078 0.0245501 9.9982E-05 0.729828
0.239871 9.9991E-05 0.199944 0.145191 0.141384 0.0204951 0.253015
9.995E-05 0.9994 9.995E-05 9.995E-05 9.995E-05 9.995E-05 9.995E-05
9.9964E-05 9.9964E-05 0.122446 0.597061 0.280092 9.9964E-05 9.9964E-05
0.0536132 0.00409528 9.9991E-05 0.011047 0.0830377 0.107361 0.740746
0.230549 9.9973E-05 0.160747 9.9973E-05 0.114032 9.9973E-05 0.494372
0.14583 0.00329681 0.274886 9.9991E-05 0.323297 0.0902834 0.162307
0.17608 0.047539 0.540856 0.064521 0.0839719 0.0869315 9.9991E-05
0.0237325 0.0179722 0.826773 0.131223 9.9973E-05 9.9973E-05 9.9973E-05
9.995E-05 0.9994 9.995E-05 9.995E-05 9.995E-05 9.995E-05 9.995E-05
0.237896 0.0901305 0.16168 0.161528 0.0994281 9.9991E-05 0.249237
0.295554 9.9973E-05 0.37647 0.282757 9.9973E-05 0.0449181 9.9973E-05
0.110428 0.0149081 0.118394 0.147873 0.218366 0.0644877 0.325543
9.9973E-05 0.0280083 0.240446 9.9973E-05 0.0873119 0.643934 9.9973E-05
9.9973E-05 0.0135854 0.152784 9.9973E-05 0.124482 0.708848 9.9973E-05
0.115664 9.9982E-05 0.0763999 0.0510989 9.9982E-05 0.727498 0.0291388
0.0436641 0.0574823 0.220003 9.9982E-05 9.9982E-05 0.622299 0.0563518
0.0101908 0.0376733 9.9982E-05 0.175307 9.9982E-05 0.759846 0.0167836
0.0191819 9.9973E-05 9.9973E-05 0.191412 9.9973E-05 0.786327 0.00277949
0.274537 9.9964E-05 9.9964E-05 0.0535617 9.9964E-05 0.671501 9.9964E-05
0.217071 0.00742922 9.9982E-05 0.00667665 0.0190679 0.749555 9.9982E-05
9.9973E-05 0.0403408 0.0938781 9.9973E-05 0.115611 0.74987 9.9973E-05
0.144875 0.0382531 0.00914313 9.9991E-05 0.0367402 0.73824 0.0326487
9.9982E-05 0.0307553 0.341072 0.00180408 9.9982E-05 0.513092 0.113076
9.9973E-05 0.00499265 0.12224 9.9973E-05 0.128125 0.744343 9.9973E-05
0.094406 9.9973E-05 0.0304979 0.190497 9.9973E-05 0.684299 9.9973E-05
0.0261175 0.0572457 0.62486 0.0492452 0.0054645 0.236967 9.9991E-05
0.100925 0.00591945 9.9991E-05 0.208106 0.627152 0.0335199 0.024278
0.119573 0.038462 9.9982E-05 0.222831 0.534821 9.9982E-05 0.0841132
9.9973E-05 0.00261428 9.9973E-05 0.246993 0.61413 9.9973E-05 0.135964
0.207969 0.00619618 0.0611363 0.0653112 9.9982E-05 0.659188 9.9982E-05
9.9982E-05 0.0617732 0.318977 0.0735894 9.9982E-05 0.467693 0.0777674
0.0722576 0.00780077 0.144624 9.9982E-05 0.104817 0.670301 9.9982E-05
9.9973E-05 0.0424548 0.22779 0.104931 9.9973E-05 0.624524 9.9973E-05
0.0154944 0.0314142 9.9982E-05 0.0391036 9.9982E-05 0.771391 0.142396
0.252274 0.00226208 0.655591 9.9973E-05 9.9973E-05 0.0895728 9.9973E-05
0.312245 9.9973E-05 0.627007 0.0413629 9.9973E-05 0.0190853 9.9973E-05
0.0505897 9.9982E-05 0.817571 9.9982E-05 0.0653641 0.0240685 0.0422068
9.9964E-05 0.014593 0.984799 9.9964E-05 9.9964E-05 9.9964E-05 0.000207948
9.9982E-05 0.0178475 0.803026 0.0586441 0.113259 9.9982E-05 0.00702279
9.9964E-05 0.0238241 0.823279 0.152497 9.9964E-05 9.9964E-05 9.9964E-05
0.139437 0.01645 0.665284 9.9973E-05 0.178528 9.9973E-05 9.9973E-05
0.261182 9.9964E-05 0.140229 9.9964E-05 9.9964E-05 0.598189 9.9964E-05
0.0124564 0.0978529 0.347922 9.9991E-05 0.0605285 0.370057 0.111082
0.0503866 0.0315664 0.165133 9.9982E-05 0.106321 0.646393 9.9982E-05
0.0687302 0.0453665 0.0128602 0.0917321 0.0557539 0.725457 9.9991E-05
0.245137 0.0300808 0.0129797 0.00362637 9.9982E-05 0.707976 9.9982E-05
0.00960618 0.0207755 0.0304299 0.912939 9.9991E-05 0.00207402 0.0240755
0.0525212 9.9982E-05 0.530345 9.9982E-05 0.191879 0.199859 0.0251952
0.000482167 9.9982E-05 0.853234 9.9982E-05 0.0180623 0.0613288 0.0666929
9.995E-05 0.9994 9.995E-05 9.995E-05 9.995E-05 9.995E-05 9.995E-05
0.164619 9.9973E-05 0.12415 9.9973E-05 0.197892 9.9973E-05 0.51304
0.314465 0.0307543 0.0010815 0.0882691 0.0620194 9.9991E-05 0.50331
0.658961 0.0294154 0.0436008 0.111156 0.0967866 0.0190314 0.0410496
0.423374 0.0427676 0.134924 0.221946 0.0790492 0.0572452 0.0406943
0.190969 9.9991E-05 0.0323296 0.138583 0.0106716 0.00931574 0.618032
0.0200913 9.9982E-05 0.716084 9.9982E-05 0.0829131 0.163261 0.0174508
9.9982E-05 0.0530257 0.0536646 0.455419 0.207598 9.9982E-05 0.230092
9.9982E-05 0.06743 0.542686 0.0335339 9.9982E-05 0.142751 0.213399
0.072469 0.0397875 0.352258 0.118076 0.168905 0.00771811 0.240786
0.539818 0.00159438 9.9973E-05 9.9973E-05 0.26094 9.9973E-05 0.197348
0.29555 9.9973E-05 0.244607 9.9973E-05 0.113828 9.9973E-05 0.345715
0.677633 9.9973E-05 0.0956083 0.202392 9.9973E-05 9.9973E-05 0.0240659
0.810967 9.9973E-05 0.0927894 0.0708113 9.9973E-05 0.0251323 9.9973E-05
0.13835 9.9973E-05 0.382293 9.9973E-05 0.0568951 9.9973E-05 0.422162
0.748136 0.00961529 9.9964E-05 0.241849 9.9964E-05 9.9964E-05 9.9964E-05
9.9982E-05 0.0197819 0.557382 0.137544 9.9982E-05 0.163383 0.121709
9.9982E-05 0.113512 0.52133 0.289439 9.9982E-05 0.0548147 0.0207041
0.0269515 0.060313 0.629798 9.9991E-05 0.103242 0.164489 0.0151059
0.283249 9.9973E-05 0.403732 0.265976 0.0467431 9.9973E-05 9.9973E-05
0.311126 9.9991E-05 0.396508 0.0761466 0.122093 0.0925283 0.00149908
0.144952 9.9982E-05 9.9982E-05 0.0384853 0.366154 0.0410584 0.40915
0.138668 0.00821541 9.9982E-05 9.9982E-05 0.024712 0.748688 0.0795174
9.9982E-05 0.0233866 0.139283 0.0877705 9.9982E-05 0.664717 0.0846429
9.9973E-05 9.9973E-05 0.480133 0.327525 9.9973E-05 0.121785 0.0702566
0.228597 0.0212564 0.464471 0.20392 9.9982E-05 0.0815551 9.9982E-05
0.00614454 0.0346639 0.51361 9.9991E-05 0.290448 0.100723 0.0543099
9.9964E-05 9.9964E-05 0.151376 0.571141 0.277084 9.9964E-05 9.9964E-05
9.9991E-05 0.0267088 0.25127 0.0348242 0.0195238 0.600376 0.0671979
0.086692 9.9973E-05 0.184848 9.9973E-05 0.115607 0.612553 9.9973E-05
0.130256 9.9973E-05 0.373959 0.0955286 9.9973E-05 0.399957 9.9973E-05
9.9982E-05 0.0425574 9.9982E-05 0.437965 0.102767 0.0118484 0.404663
0.0374196 0.0112586 9.9991E-05 0.118759 0.127331 0.0135292 0.691603
0.388042 0.0073078 0.133676 9.9991E-05 0.0788861 0.00673398 0.385254
0.367746 9.9982E-05 0.02113 0.111271 9.9982E-05 0.0903354 0.409317
0.231186 9.9973E-05 9.9973E-05 0.226518 0.184606 9.9973E-05 0.35739
0.296706 9.9973E-05 0.0401573 9.9973E-05 0.19969 9.9973E-05 0.463147
0.245371 9.9973E-05 0.0060334 9.9973E-05 0.181592 9.9973E-05 0.566703
0.170852 9.9973E-05 9.9973E-05 9.9973E-05 0.0103247 0.0358889 0.782635
0.133158 9.9973E-05 0.102689 9.9973E-05 0.384513 9.9973E-05 0.37934
0.618167 9.9973E-05 9.9973E-05 0.146389 0.0683693 9.9973E-05 0.166775
0.759255 0.0177468 0.000389861 9.9982E-05 0.188525 9.9982E-05 0.0338826
0.303112 0.0182466 0.0900796 9.9982E-05 0.155685 9.9982E-05 0.432676
0.133496 9.9982E-05 0.0829017 0.389579 9.9982E-05 0.05777 0.336053
0.829073 0.0325209 9.9973E-05 9.9973E-05 0.0918983 0.0462079 9.9973E-05
0.544864 0.0131768 0.139585 0.302075 9.9973E-05 9.9973E-05 9.9973E-05
0.238166 9.9973E-05 0.0983456 9.9973E-05 0.0931151 9.9973E-05 0.570073
0.0965009 9.9973E-05 0.0526791 0.132102 0.718418 9.9973E-05 9.9973E-05
9.9964E-05 9.9964E-05 9.9964E-05 0.375434 0.58266 9.9964E-05 0.0415066
0.0741261 0.00790257 9.9973E-05 0.0324453 0.885226 9.9973E-05 9.9973E-05
0.102201 0.0069575 9.9982E-05 0.275091 0.544054 0.0714958 9.9982E-05
0.0747022 0.00942931 9.9982E-05 0.371326 0.470935 0.0734075 9.9982E-05
0.338808 9.9982E-05 0.159005 9.9982E-05 0.0170977 0.030698 0.454192
0.208117 0.00491066 0.161775 9.9982E-05 0.175603 9.9982E-05 0.449394
9.9964E-05 9.9964E-05 0.133788 9.9964E-05 9.9964E-05 0.846671 0.0191418
0.119798 0.0381895 0.0248133 9.9991E-05 0.0784277 0.712414 0.0262575
0.0979047 0.021102 0.0378215 9.9991E-05 0.0345674 0.746352 0.062152
9.9982E-05 0.00710669 0.271467 9.9982E-05 0.0343036 0.562367 0.124556
9.9973E-05 0.0152247 9.9973E-05 0.00650528 9.9973E-05 0.771975 0.205995
9.9982E-05 0.0106028 0.0944363 9.9982E-05 0.202008 0.685523 0.00723019
9.9973E-05 0.021426 9.9973E-05 0.0492301 9.9973E-05 0.82685 0.102194
9.9973E-05 9.9973E-05 0.0705318 0.125543 9.9973E-05 0.741635 0.0619906
0.0334448 9.9973E-05 9.9973E-05 0.146929 9.9973E-05 0.788954 0.030372
9.9964E-05 9.9964E-05 0.0614389 9.9964E-05 0.166386 0.771775 9.9964E-05
0.0515947 0.0452159 0.0847785 9.9991E-05 0.0940261 0.704005 0.0202799
0.0195916 0.0216882 0.0888044 9.9991E-05 0.0852376 0.693897 0.0906814
0.0469389 0.0175411 9.9982E-05 0.121096 9.9982E-05 0.714816 0.0994077
0.0980644 0.0174373 9.9982E-05 0.0702522 0.0108976 0.803149 9.9982E-05
0.0133701 9.9973E-05 0.165542 9.9973E-05 0.122383 0.698405 9.9973E-05
9.9964E-05 9.9964E-05 9.9964E-05 0.00246354 9.9964E-05 0.808046 0.189091
0.0777741 0.0180766 9.9982E-05 9.9982E-05 0.0721729 0.788185 0.0435916
0.107117 9.9982E-05 0.670069 9.9982E-05 0.0507125 0.126562 0.045339
9.9964E-05 9.9964E-05 0.713075 0.0825779 9.9964E-05 9.9964E-05 0.203947
0.00923619 9.9982E-05 0.200982 9.9982E-05 0.0213511 0.76527 0.00296102
0.165365 0.0288766 0.0627621 9.9991E-05 0.090599 0.611885 0.040413
9.9982E-05 0.00221742 0.176123 0.0064255 0.0582584 0.756776 9.9982E-05
0.230645 9.9973E-05 0.541565 9.9973E-05 9.9973E-05 0.140275 0.0872149
0.20286 0.0094386 0.0705316 9.9973E-05 9.9973E-05 9.9973E-05 0.71687
0.313669 0.0112176 9.9982E-05 0.159141 0.0678856 9.9982E-05 0.447887
9.9973E-05 9.9973E-05 0.148077 0.149902 0.32347 9.9973E-05 0.378251
0.250803 9.9982E-05 0.0380034 0.174011 0.482315 9.9982E-05 0.0546677
9.995E-05 9.995E-05 9.995E-05 0.9994 9.995E-05 9.995E-05 9.995E-05
0.0171456 9.9973E-05 9.9973E-05 0.66739 0.312321 0.00284309 9.9973E-05
9.995E-05 9.995E-05 9.995E-05 0.9994 9.995E-05 9.995E-05 9.995E-05
0.0735951 0.0120819 9.9973E-05 0.757641 0.156382 9.9973E-05 9.9973E-05
0.0112677 0.026222 0.111952 0.548471 0.281683 0.0203035 9.9991E-05
9.9982E-05 0.0335216 9.9982E-05 0.163481 0.557508 0.037856 0.207433
9.9964E-05 9.9964E-05 9.9964E-05 0.145238 0.020112 9.9964E-05 0.83425
0.0433222 0.0495136 0.0444303 0.144298 9.9991E-05 0.0372934 0.681042
0.653949 0.0256954 0.0934436 9.9991E-05 0.0166709 0.0241044 0.186037
0.371919 9.99641E-05 0.181237 9.99641E-05 9.99641E-05 9.99641E-05 0.446444
0.726712 0.0376433 0.154839 9.9982E-05 0.0037896 9.9982E-05 0.0768169
0.507291 9.9982E-05 0.287374 9.9982E-05 0.0913795 0.00176296 0.111993
0.505883 0.01638 0.050483 0.321503 9.9982E-05 9.9982E-05 0.10555
0.639769 0.0112381 0.0463314 0.0965892 0.14579 0.0453475 0.0149345
0.806836 0.0267738 0.0120999 0.153991 9.9973E-05 9.9973E-05 9.9973E-05
0.600576 9.9973E-05 0.02681 0.36948 9.9973E-05 9.9973E-05 0.00283459
0.673101 0.00581849 9.9982E-05 0.240154 9.9982E-05 0.0355272 0.0451994
0.0771093 0.122604 9.9982E-05 0.670178 0.0891455 0.0407632 9.9982E-05
0.0345821 0.0131962 0.163616 0.128736 9.9982E-05 0.65967 9.9982E-05
0.0810364 0.0591419 0.0424139 0.0388834 0.0398397 0.738585 9.9991E-05
0.117053 0.00634965 0.0393234 0.0711385 9.9982E-05 0.765935 9.9982E-05
0.104512 9.9982E-05 0.0349817 9.9982E-05 0.104091 0.666514 0.0897019
9.9991E-05 0.0178884 0.0176918 0.0688457 0.011158 0.719248 0.165068
0.563914 0.0191572 0.00372647 9.9991E-05 0.240604 0.140861 0.0316385
0.520893 0.0210197 9.9991E-05 0.254571 0.0808518 0.00246686 0.120098
0.796162 0.0537336 9.9964E-05 0.149704 9.9964E-05 9.9964E-05 9.9964E-05
0.215359 0.0457981 0.153807 0.219513 0.114475 9.9991E-05 0.250948
