0.168617 9.9982E-05 9.9982E-05 0.118452 0.109209 0.593297 0.0102256
0.186954 9.9982E-05 9.9982E-05 0.314424 0.0318339 0.453548 0.0130399
0.00645268 0.364403 9.9973E-05 9.9973E-05 9.9973E-05 0.605026 0.0238179
0.0677096 0.0574888 9.9991E-05 0.11141 0.0702499 0.670196 0.0228459
9.9982E-05 0.0547443 0.0353463 0.0922722 9.9982E-05 0.80743 0.0100074
9.9973E-05 9.9973E-05 0.034771 0.448625 0.00959455 0.506709 9.9973E-05
9.9973E-05 0.213113 9.9973E-05 0.255374 0.0869021 0.444311 9.9973E-05
0.0867057 9.9982E-05 9.9982E-05 0.211652 0.143094 0.53412 0.0242281
0.117627 9.9982E-05 0.0516858 0.79077 9.9982E-05 0.0236101 0.0161068
0.100313 0.154371 9.9991E-05 0.321028 0.101577 0.298011 0.0246003
0.0467599 0.0104259 0.0422731 0.243561 0.413426 0.21664 0.0269137
0.127714 0.118581 9.9991E-05 0.460677 0.174829 0.0906387 0.0274609
9.9982E-05 0.131094 0.018671 0.138372 0.672405 9.9982E-05 0.0392574
9.9973E-05 0.297488 0.055747 0.638656 0.00780908 9.9973E-05 9.9973E-05
9.9982E-05 0.281064 0.0391922 0.3157 9.9982E-05 0.338188 0.0256568
0.117781 9.9982E-05 9.9982E-05 0.610375 0.135472 0.126547 0.00962567
0.0341635 0.258927 0.00652577 0.427953 9.9982E-05 0.272231 9.9982E-05
0.0407149 9.9973E-05 9.9973E-05 0.695664 9.9973E-05 0.259519 0.00380232
0.237843 0.412934 0.12616 0.158403 9.9982E-05 9.9982E-05 0.0644615
0.0491963 0.810053 9.9973E-05 0.0861017 0.0543495 9.9973E-05 9.9973E-05
0.404018 0.409713 9.9973E-05 0.101672 9.9973E-05 0.0842974 9.9973E-05
0.743602 0.109795 0.0117007 0.0644503 0.070252 9.9982E-05 9.9982E-05
0.947344 9.9964E-05 9.9964E-05 9.9964E-05 0.00356457 9.9964E-05 0.0486919
0.773973 9.9973E-05 0.0254348 0.172321 9.9973E-05 9.9973E-05 0.0279715
0.372809 0.457019 9.9973E-05 9.9973E-05 0.0188204 0.151052 9.9973E-05
0.802139 0.115739 9.9982E-05 9.9982E-05 0.000554878 0.0756215 0.0057455
0.478114 0.473972 0.0280042 9.9973E-05 9.9973E-05 9.9973E-05 0.0196102
0.765231 0.11097 0.0427842 0.0796598 9.9982E-05 9.9982E-05 0.00115516
0.732016 0.235623 0.0115774 0.0204839 9.9973E-05 9.9973E-05 9.9973E-05
0.604144 0.291326 0.0678256 9.9973E-05 9.9973E-05 0.0364045 9.9973E-05
0.785907 0.0899431 0.0456108 0.0782387 9.9973E-05 9.9973E-05 9.9973E-05
0.599477 0.260078 0.000856149 0.100385 9.9982E-05 9.9982E-05 0.039003
0.873066 9.9973E-05 9.9973E-05 0.0516994 0.0450686 9.9973E-05 0.0298659
0.0217622 0.248527 9.9991E-05 0.2428 0.189412 0.232568 0.0648317
0.10534 0.229372 0.00966425 0.296952 9.9982E-05 0.358471 9.9982E-05
9.9964E-05 0.320231 0.0338632 9.9964E-05 9.9964E-05 0.645505 9.9964E-05
9.9973E-05 0.282552 9.9973E-05 9.9973E-05 0.105498 0.597748 0.0139017
9.9991E-05 0.293229 0.0558537 0.181547 0.125206 0.336577 0.00748824
9.995E-05 9.995E-05 9.995E-05 9.995E-05 9.995E-05 9.995E-05 0.9994
0.43755 0.396419 9.9973E-05 9.9973E-05 0.137053 9.9973E-05 0.0286784
0.242542 9.9973E-05 0.101739 0.240846 9.9973E-05 0.414574 9.9973E-05
0.0832913 0.174156 9.9982E-05 0.320728 0.0537092 0.367916 9.9982E-05
0.337995 9.9982E-05 0.0766548 0.335275 0.229661 9.9982E-05 0.0202138
0.142011 9.9991E-05 0.0512523 0.115136 0.649985 0.00116301 0.0403533
9.9973E-05 0.164056 9.9973E-05 9.9973E-05 0.73593 0.085599 0.0141157
9.995E-05 9.995E-05 9.995E-05 9.995E-05 9.995E-05 9.995E-05 0.9994
9.999E-05 0.33687 0.0192327 0.299915 0.046513 0.208051 0.0893179
9.9982E-05 0.309473 0.0910532 0.135188 0.269254 0.194832 9.9982E-05
0.257589 0.22102 0.0556351 0.313373 0.0706336 0.0642396 0.0175101
9.9982E-05 0.0993257 0.644405 0.0252298 0.205227 9.9982E-05 0.0256132
0.0181133 0.0344084 0.688398 0.0513327 0.173319 9.9991E-05 0.0343289
9.9982E-05 0.0668981 0.753368 0.0354045 0.0238772 0.120252 9.9982E-05
9.9982E-05 0.149641 0.59262 0.0165651 0.182665 9.9982E-05 0.0583093
9.9982E-05 0.141116 0.742149 0.0441484 9.9982E-05 0.0083206 0.0640662
9.9964E-05 0.22921 0.732815 0.0375752 9.9964E-05 9.9964E-05 9.9964E-05
9.9964E-05 9.9964E-05 0.608622 0.352943 0.0380353 9.9964E-05 9.9964E-05
9.9973E-05 9.9973E-05 0.716138 0.182907 0.0932264 9.9973E-05 0.00742847
0.0941581 0.021565 0.783022 9.9982E-05 0.0443374 9.9982E-05 0.056717
0.00762096 9.9991E-05 0.714853 0.137849 0.0511554 0.0327203 0.0557009
9.9991E-05 0.102964 0.549907 0.0473265 0.182475 0.0827283 0.0344993
0.143453 9.9973E-05 0.757611 9.9973E-05 0.0907544 9.9973E-05 0.00788141
0.000205231 0.110856 0.593789 0.154522 0.140428 9.9982E-05 9.9982E-05
9.9982E-05 0.078977 0.253882 0.100433 0.492594 9.9982E-05 0.0739141
0.793895 9.9982E-05 0.0310644 0.110983 9.9982E-05 0.0328482 0.0310093
0.737159 0.122319 9.9982E-05 9.9982E-05 0.0729736 0.0355678 0.0317802
0.651667 0.238353 9.9964E-05 9.9964E-05 9.9964E-05 0.10958 9.9964E-05
9.9982E-05 0.0521026 0.610291 0.133897 0.172499 0.031011 9.9982E-05
9.9982E-05 0.128172 0.386721 9.9982E-05 0.414044 0.00688921 0.0639736
0.0566801 0.055229 0.60261 0.00937718 0.2481 9.9991E-05 0.027904
0.00447122 0.0855262 0.575337 9.9982E-05 0.291095 9.9982E-05 0.0433705
9.9982E-05 0.132706 0.734078 0.0153919 9.9982E-05 0.0706872 0.0469376
9.9982E-05 9.9982E-05 0.0414536 0.291561 0.656685 0.00118471 0.00891568
9.9982E-05 0.0300108 0.0137294 0.331665 0.607284 9.9982E-05 0.0171111
0.0238003 9.99715E-05 9.99715E-05 0.106505 0.869295 9.99715E-05 9.99715E-05
0.0144875 0.0208591 9.9982E-05 9.9982E-05 0.936293 0.0152214 0.0129392
0.108557 0.0878055 9.9982E-05 9.9982E-05 0.717051 0.0457914 0.0405949
9.9964E-05 0.205396 9.9964E-05 9.9964E-05 0.789272 9.9964E-05 0.0049326
0.192467 9.9973E-05 9.9973E-05 9.9973E-05 0.667883 0.129173 0.0101775
9.9964E-05 9.9964E-05 0.55118 0.182806 0.265614 9.9964E-05 9.9964E-05
0.0730181 9.9991E-05 0.34843 0.0651999 0.339322 0.0258411 0.148088
0.0635108 0.0977011 0.641079 9.9991E-05 0.13816 0.0250405 0.0344086
9.9982E-05 0.163566 0.685871 0.0342181 0.0510276 9.9982E-05 0.065117
9.9982E-05 0.00887804 0.650505 0.276914 0.00989945 9.9982E-05 0.0536033
0.0533025 0.868199 9.9982E-05 0.00818568 0.0310417 9.9982E-05 0.039071
0.213327 9.9973E-05 0.201527 9.9973E-05 0.552688 0.0321588 9.9973E-05
0.024282 9.9973E-05 0.0815583 0.157382 0.736477 9.9973E-05 9.9973E-05
9.995E-05 9.995E-05 9.995E-05 9.995E-05 9.995E-05 9.995E-05 0.9994
0.284548 9.9973E-05 9.9973E-05 0.263774 0.0591504 0.392228 9.9973E-05
0.108422 0.156383 9.9982E-05 0.28971 9.9982E-05 0.429787 0.0154994
9.9982E-05 0.24402 9.9982E-05 0.534035 0.0627962 0.119418 0.0395303
0.18353 0.0931828 0.0493712 0.50847 0.144188 9.9991E-05 0.0211589
9.9973E-05 0.220507 0.012544 0.29111 9.9973E-05 0.475539 9.9973E-05
0.0877675 9.9973E-05 0.099577 0.038683 0.773673 9.9973E-05 9.9973E-05
0.134375 0.518415 9.9991E-05 0.094563 0.0810973 0.115975 0.0554752
9.9982E-05 0.179669 0.120019 9.9982E-05 0.546841 0.074246 0.0790253
0.175551 0.220387 0.0518289 9.9991E-05 0.240316 0.283819 0.0279985
0.202801 9.9964E-05 9.9964E-05 0.681251 9.9964E-05 0.115548 9.9964E-05
0.110891 0.0288961 9.9982E-05 0.186837 0.110058 0.563117 9.9982E-05
9.9973E-05 0.233362 9.9973E-05 0.397363 0.132803 0.236172 9.9973E-05
9.9982E-05 0.10721 0.0160265 0.798223 0.0652491 9.9982E-05 0.0130914
9.9964E-05 0.114923 9.9964E-05 9.9964E-05 0.119379 0.765298 9.9964E-05
9.9964E-05 0.174677 9.9964E-05 0.762161 0.0627627 9.9964E-05 9.9964E-05
9.9982E-05 0.188147 0.172804 9.9982E-05 0.417008 0.186901 0.0349407
9.9982E-05 0.124407 0.10291 9.9982E-05 0.694216 0.00896523 0.0693013
0.0721438 9.9991E-05 0.116722 0.0444648 0.628474 0.0595295 0.078566
9.9982E-05 0.29323 9.9982E-05 0.282465 0.389903 0.028274 0.00592852
0.11499 0.0871367 0.0313201 0.267063 0.49929 9.9982E-05 9.9982E-05
0.114275 0.47467 0.0440998 0.136354 9.9982E-05 0.230401 9.9982E-05
9.9973E-05 9.9973E-05 0.73354 0.129746 9.9973E-05 0.134218 0.00219613
0.0862577 9.9973E-05 0.595471 9.9973E-05 0.308234 9.9973E-05 0.00973732
0.00154058 0.287588 0.130885 9.9982E-05 0.413212 0.166575 9.9982E-05
9.9982E-05 0.315223 0.126538 0.250169 0.281277 9.9982E-05 0.0265927
0.37747 9.9982E-05 0.118923 9.9982E-05 0.390109 0.0765312 0.0367672
0.218505 0.624316 9.9964E-05 9.9964E-05 0.156779 9.9964E-05 9.9964E-05
9.9973E-05 0.133007 0.507695 9.9973E-05 0.315581 9.9973E-05 0.043417
0.0478061 0.000421992 0.629219 0.172516 0.149836 9.9982E-05 9.9982E-05
9.9973E-05 0.0175518 0.388719 9.9973E-05 0.419144 0.174285 9.9973E-05
9.9973E-05 0.725484 0.000429785 9.9973E-05 9.9973E-05 0.22441 0.0493756
0.365039 0.0330204 9.9991E-05 0.088462 0.0747908 0.437555 0.00103205
0.0543719 0.0332134 0.00943092 0.163044 0.106758 0.600413 0.0327685
0.154323 9.9982E-05 0.0691679 0.146325 9.9982E-05 0.619912 0.0100718
0.189622 0.213067 9.9973E-05 0.330606 9.9973E-05 0.266406 9.9973E-05
0.0528706 0.240554 9.9991E-05 0.273553 0.0261003 0.390239 0.0165828
0.27071 9.9973E-05 0.0196593 0.123049 9.9973E-05 0.586282 9.9973E-05
9.9982E-05 0.0524894 0.00452102 0.356655 9.9982E-05 0.577048 0.00908634
0.284057 0.135557 0.00701434 0.202341 0.0230458 0.347885 9.9991E-05
9.9964E-05 0.119294 9.9964E-05 0.852059 9.9964E-05 0.0282478 9.9964E-05
0.0456685 0.105185 9.9973E-05 0.841435 9.9973E-05 9.9973E-05 0.00741108
0.0200592 0.136101 0.00777725 0.716904 0.00217764 0.116881 9.9991E-05
9.9973E-05 0.44258 0.0802396 0.253575 9.9973E-05 0.223306 9.9973E-05
0.033616 9.9982E-05 0.0307224 0.815672 9.9982E-05 0.101664 0.0181256
0.0778269 0.230715 0.0203626 0.522265 0.105697 0.0219256 0.0212079
0.0997254 0.0403108 9.9991E-05 0.241378 0.119282 0.490434 0.00876944
0.594827 0.317892 9.9964E-05 9.9964E-05 0.0868819 9.9964E-05 9.9964E-05
0.672025 0.264707 9.9973E-05 9.9973E-05 0.0498049 0.0131634 9.9973E-05
0.826868 0.07308 9.9973E-05 0.0697789 9.9973E-05 9.9973E-05 0.0299731
0.71879 0.0654099 0.0564241 0.159076 9.9973E-05 9.9973E-05 9.9973E-05
0.758932 0.127322 0.00473415 9.9982E-05 0.0661152 0.0426968 9.9982E-05
9.9982E-05 0.11785 0.0628317 0.150448 0.103305 0.565365 9.9982E-05
0.0579031 0.157045 9.9982E-05 9.9982E-05 0.060822 0.697001 0.0270294
9.9964E-05 9.9964E-05 0.832693 9.9964E-05 0.149817 0.0170896 9.9964E-05
0.0713073 9.9982E-05 0.716828 0.0867833 0.0932534 9.9982E-05 0.0316284
0.0352215 0.051182 0.794131 0.0246102 9.9991E-05 0.0845454 0.0102094
0.0859249 9.9973E-05 0.540883 9.9973E-05 0.306904 0.0659879 9.9973E-05
9.9991E-05 0.0446261 0.760614 0.0687366 0.0944665 0.000600171 0.0308568
0.106274 0.121536 0.753165 0.0187251 9.9973E-05 9.9973E-05 9.9973E-05
9.9973E-05 9.9973E-05 0.788298 0.0845357 0.0818773 9.9973E-05 0.0449887
0.15799 9.9973E-05 0.721171 9.9973E-05 0.111531 9.9973E-05 0.00900781
9.9964E-05 0.135081 0.75278 9.9964E-05 0.111739 9.9964E-05 9.9964E-05
0.142804 9.9982E-05 0.679944 9.9982E-05 0.171167 0.00117006 0.00471472
9.9982E-05 9.9982E-05 0.643167 0.000657271 0.296256 0.020345 0.0393745
0.0605988 9.9982E-05 0.677719 0.135068 0.0926678 9.9982E-05 0.0337469
0.0159254 0.057888 0.714234 0.149938 9.9991E-05 0.0332993 0.0286152
0.00936282 0.186425 0.758519 9.9982E-05 9.9982E-05 0.0219974 0.0234961
0.088857 9.9982E-05 0.650905 9.9982E-05 0.202026 0.0541059 0.00390577
9.9973E-05 0.0583449 0.829099 9.9973E-05 9.9973E-05 0.100637 0.0116187
0.0817749 9.9982E-05 0.77238 9.9982E-05 0.0320805 0.105657 0.00790696
0.0936518 9.9973E-05 0.0867645 0.045695 0.773589 9.9973E-05 9.9973E-05
9.9973E-05 0.190707 9.9973E-05 0.05952 0.725972 0.0235015 9.9973E-05
0.00725174 9.9973E-05 0.716638 9.9973E-05 0.127009 0.148801 9.9973E-05
0.0494073 9.9982E-05 0.592787 9.9982E-05 0.101138 0.221912 0.0345556
0.0855737 9.9973E-05 0.738225 9.9973E-05 0.169468 9.9973E-05 0.00643343
9.9973E-05 9.9973E-05 0.0914393 0.207914 0.601126 0.0992205 9.9973E-05
0.0852939 9.9982E-05 9.9982E-05 0.185789 0.00714037 0.708853 0.0127245
0.184252 0.105111 9.9982E-05 0.272892 9.9982E-05 0.398038 0.0395061
0.185476 0.41743 0.0154757 9.9982E-05 0.00890201 0.372516 9.9982E-05
0.497006 0.197501 9.9973E-05 0.248967 0.0562265 9.9973E-05 9.9973E-05
9.995E-05 0.9994 9.995E-05 9.995E-05 9.995E-05 9.995E-05 9.995E-05
0.268985 0.693726 9.9964E-05 0.0368897 9.9964E-05 9.9964E-05 9.9964E-05
9.995E-05 0.9994 9.995E-05 9.995E-05 9.995E-05 9.995E-05 9.995E-05
0.128179 0.732591 9.9982E-05 0.118767 0.00206662 9.9982E-05 0.0181963
0.26535 0.608627 0.0287971 9.9982E-05 0.0638421 9.9982E-05 0.0331845
0.52877 0.315868 0.0391636 0.0420175 9.9991E-05 0.033553 0.0405277
9.9973E-05 0.257879 9.9973E-05 0.0106758 0.0403609 0.690785 9.9973E-05
9.9982E-05 0.221918 0.0340445 0.0482921 9.9982E-05 0.638838 0.0567073
0.113574 9.9991E-05 0.00605233 0.0364715 0.0452687 0.740524 0.0580096
9.9964E-05 0.0749429 9.9964E-05 9.9964E-05 0.15202 0.772638 9.9964E-05
0.00703919 9.99853E-05 0.00703722 0.0875673 9.99853E-05 0.882272 0.0158838
0.12729 9.9982E-05 0.000487248 0.0371165 0.228045 0.606862 9.9982E-05
0.0255322 0.250833 9.9991E-05 0.449246 0.100931 0.154741 0.0186167
0.0836403 0.0403577 0.0543401 0.781675 0.0397868 9.9982E-05 9.9982E-05
0.00648575 9.9973E-05 9.9973E-05 0.936236 0.0199839 9.9973E-05 0.0369948
9.9982E-05 0.366224 0.0179622 0.471516 0.029793 0.114305 9.9982E-05
9.9982E-05 0.27571 0.0300871 0.661703 9.9982E-05 0.0109533 0.0213468
0.156273 0.59844 0.0395668 0.0786625 9.9982E-05 9.9982E-05 0.126858
9.9973E-05 0.174196 0.656623 9.9973E-05 0.133954 9.9973E-05 0.0349271
0.0938519 0.0322631 0.702075 9.9991E-05 0.0723169 0.0412945 0.0580987
0.0398003 9.9973E-05 0.757789 0.055588 0.146523 9.9973E-05 9.9973E-05
0.128162 9.9973E-05 0.593392 0.111842 0.166305 9.9973E-05 9.9973E-05
0.0839118 0.0143467 0.715135 9.9991E-05 0.0418072 0.11873 0.0259693
0.213384 0.153211 0.0864871 0.329821 0.0851659 0.0972498 0.0346807
0.0985245 0.32072 9.9982E-05 0.389285 9.9982E-05 0.157492 0.0337783
0.143976 0.0183132 9.9982E-05 0.670859 9.9982E-05 0.108881 0.0577708
0.163538 0.171159 9.9991E-05 0.313136 0.144024 0.165738 0.0423035
