IBR/IBR_outputs/SS_Optim/Spinifex_Total/Results/Spinifex_Total.asc
NCOLS 160 
NROWS 95 
XLLCORNER 210004.651214014 
YLLCORNER 7350008.22228844 
CELLSIZE 4999.99999999997 
NODATA_value -9999 
[rows 42 to 62 of 95, columns 92 to 137 of 160]
7.08398501328372 5.39927840154706 5.51843692930982 5.18631162822979 2.35581724484331 2.07465110067242 3.36663724977138 1.81517081219053 4.66895112507568 8.02182216217296 7.116282376799 7.57847587535291 6.60218190537067 8.68580733176161 7.07669429616831 3.66775910187522 4.89050809708588 3.90364731426744 3.68356108559028 3.95556863704241 6.54267989009479 9.38593477469162 9.16821475332122 6.66034775993588 5.44449780960124 5.01246215250181 6.55819202693789 6.45998204509805 5.85636570835172 5.91490372613852 5.10585560165166 8.41042166092236 7.11312063717669 6.74319161670032 5.62162626635239 4.18462221258287 5.65227630682183 7.99414555467782 8.15685815411697 8.3436463910958 6.12053569016899 2.35851665231657 3.60956522534425 4.09798081105243 4.63083589028924 6.78373254229751
5.22864177230235 6.6295877468719 5.46694585053441 6.75673571123538 5.1587443277604 5.09892143610224 5.77418620537027 5.59477271357806 4.84214975615536 5.3607402602143 7.7259623796551 7.74668115368283 5.18556597096086 5.55187284727709 5.16779697949995 3.78628816382926 3.3406732164241 4.28945018207964 3.76406496586068 3.31228748017673 8.2294167917582 9.00588234325645 9.87527776673718 6.35233191752807 5.80631415743726 6.43643977121918 4.94201770174766 4.61069170651085 5.93218131331402 5.83311638408486 6.10827833959951 7.67132300919697 8.65703857042178 7.27105160677011 7.12232500264745 5.49194605454792 6.41714980907284 4.12400469075556 7.80398594396032 8.07718085689997 8.88561204263735 5.15908488970172 5.54729013007802 5.64823532215366 5.16224964006441 6.07200984111206
6.93381092217341 7.58196053710419 7.58013251299478 7.01824346815866 7.29027269774526 4.39263254880899 4.95666270293292 4.49369739553553 2.73722078383449 5.82121939228954 6.96010779407682 9.10679393186731 4.29181746644532 3.36637136567726 6.16742307941271 3.85350260955318 3.3638569237424 3.60121180734234 3.31442425115304 5.13244197901695 9.96830530241352 9.37553023779728 9.03801158262211 7.09998771524024 5.29885275012712 5.61658834556145 3.4700341528348 6.95488011845718 5.28913887228087 4.9876276692582 7.69613998368586 5.91525351419016 6.83389237675008 6.42263914449458 7.46177535488561 9.29994261148399 9.00983362921955 5.95000829793125 6.99576918575435 6.78612394929301 7.0997713329063 7.08368596117006 6.24722466063281 6.17168254466495 5.83897467441937 5.82437511072993
7.4733293055663 8.31987661986437 6.79450484851396 5.93727438114207 6.49838778685641 3.63274468453346 2.22332069838093 5.40499536929805 3.58553022663861 3.61332979442168 4.53059319754655 9.29511479510267 6.15755476751218 5.76957392949921 4.58420453613571 5.92914301118794 6.24467646115148 6.18330475705014 4.81405916377488 6.72018122203621 9.38277688551196 9.68351940067132 8.02974588923905 6.09989570955991 4.62265137159258 2.82380506520008 3.90439352013669 5.81481040414499 4.38548526935224 4.61997611280133 6.39105571060561 7.19834540667376 7.63102597234882 8.09176246999588 8.05375530055409 8.73578806243524 8.24483247250251 8.33274695075394 8.5967363101424 6.55599491950275 7.04443734392911 6.57769137109003 7.12257478852165 7.09281659774677 6.48001914243614 5.78201807086233
9.18461954275394 8.45183339751347 7.80877485685686 7.34732981780639 6.45647878335215 3.23955014675281 2.9356561715856 2.52341244672645 5.14718810570012 4.42982330696505 3.58459045784827 9.21750948768407 5.85580740120989 4.73574293865245 4.08735329943085 5.36294472807907 5.91659177111505 4.58926191648412 4.27281618836983 7.62233268914747 7.99284997296346 9.37873641441811 7.63380412934946 4.32956335581582 3.60048867916725 3.50838371985225 3.76187220748005 4.88083799995143 3.89474937384386 3.75761563986809 6.15234360772462 8.58827062280923 6.7844430381035 5.98474125998452 7.19291832567242 5.47825677288588 6.74460091211116 6.96015314751329 7.23892079776208 6.94265126158222 5.8511006232468 5.74012717758119 7.36740812807162 8.11162203141573 7.37062408052141 4.84648213329398
8.29124053660298 9.55784920088889 6.08355762889295 8.44347980946232 5.44448963493199 5.94885166296731 4.07973418005259 1.93152406636093 2.16895974907672 4.08856820130929 3.18788175620863 9.21989268035157 4.93403989662493 3.3359935886593 2.75686554104437 5.08645177121712 5.96959868047168 3.73853791055363 3.62783372211413 6.00088545021755 8.57557118708247 8.81156642426447 6.83682911253418 5.1975590779955 5.47700815372809 4.49861572096305 5.84982960667703 3.88155853656381 4.57832952312718 4.21513565642367 4.62998281370709 8.17131317313245 7.20006265685891 5.94570343316013 7.85177048683443 6.48484570804691 6.00424755353761 5.52227808531019 5.25937919387006 4.96001965766097 6.14134017215629 5.9098207443844 6.27428503552695 5.6980680972262 6.62257520530212 5.42316347602132
8.53374431243949 8.21304280545277 6.68303092287703 7.81948338817915 5.4794437723881 7.60123193087639 3.65865829717946 2.27622748952951 2.86681152795739 3.94549791071287 3.715313180037 9.18897482028765 5.02776947473159 4.41008657745968 4.34194618894031 6.90413610661073 4.95500841119859 3.78014552826923 3.53737957375121 4.40929196305412 8.49136510882626 8.43159066443141 8.21828634772068 8.37242798783393 7.19508803053262 4.59962973219517 4.24259439291925 5.91174089109425 6.04986022347052 4.51576856985885 4.70350920631157 8.03567758120693 6.41454608995979 8.68758008929715 9.19618247045435 8.39676077071265 7.26131867231865 7.34905098893028 6.16958294827482 6.14198995889758 7.24805961425436 6.49832826174118 6.53893926871042 5.54887650823382 6.84157248161179 6.64015412025442
8.11405929807345 7.17744297945309 5.02960487285309 7.03656814842235 4.64833188056297 7.48971482321961 3.68240588931693 2.52130009403552 2.19158397254012 3.36352222690707 4.31159379765053 9.79984570437996 6.99575112454288 5.32190930960164 7.72156773775871 7.06163198723678 5.58107508181717 4.97421283463411 4.61950635835138 3.85289251701684 7.70960471944243 8.61686953041075 7.25106249816182 7.9276419188131 3.89379183866763 4.97354856162734 4.49560472406866 7.33138269215103 4.23238299169187 4.29665366284638 8.19554352067552 7.79142832224548 7.55786172914009 7.73270380132853 6.63345243364348 8.96458555421911 8.74328066081627 7.68972178430106 7.44853256495663 7.62745641500366 6.21086989123837 5.69825041209635 7.05530958419281 6.75291658455226 7.49488363463373 6.95427290279154
7.41311913265101 6.59204192257273 5.22329366960568 6.83615870464553 5.16841324283593 6.12203093577423 5.52153504228663 2.94065264290442 2.52728998326747 2.66732552837241 5.00570362063925 9.02929831820879 6.14359113919788 3.75616379210276 6.35409695320237 6.90698185084042 5.67200096547329 5.13573417939934 5.10960352794275 3.34904418421196 5.45227915856774 8.39682709019166 8.44185091353771 7.96156702879097 5.05794515555032 6.05004888784312 5.05244505801083 5.53664983220057 5.34206796217262 5.19604501450356 9.53036178729624 8.26341414087046 8.1573900537764 8.58094121777376 7.55165920315749 6.26546806848835 6.74194752468824 6.21797744375024 7.09344107271653 8.49819833122395 8.3563940169733 7.22094114235 6.7972068126125 6.58709465580452 6.48599429912855 6.75389695364893
6.83022331262994 5.86961072077285 3.62695136310154 6.22040841347419 5.83990806339198 6.00511097232191 6.46298977271415 5.76531418167743 2.4874023165595 4.21441785210594 6.91867208331121 8.65073409577764 6.54166526809724 4.30317532837666 4.77192582130319 5.30871897810709 6.66078829886198 5.37926581013075 4.04474318142939 3.82555239370816 4.32147285895018 5.2602775634607 8.06799164288602 8.23633685643438 5.36827729448722 4.49201032670031 4.21600098329881 5.37038118831426 6.43373193213922 4.09089157972373 8.76241005487609 8.57865014526158 8.00246229246319 5.21215407949977 3.59761432383299 3.19246924062148 4.48262889151249 7.04632792838256 8.32703158891074 8.32084674385781 6.71736954221664 7.56187791771141 5.93677951345921 6.35533441635262 6.99726812465923 6.38566952259262
9.34263713532255 7.84183290159012 4.97234464982667 6.65966776623171 5.03349322128283 7.27157424273368 7.50068653910836 7.90458997044029 6.49730965647584 5.3515106674703 6.39948865796013 7.91905742327972 7.33089721101613 7.23992477553252 6.27841440261934 3.9707077265781 2.57596443524621 4.56228685093236 5.72586388231411 4.74309914442131 4.37897899324765 4.63878596894147 6.11133699858167 6.63522141829582 6.30695912139688 5.7085092811112 6.62668024635962 5.123365301212 5.85325938210685 4.54002872938466 4.31146249171618 4.41055673061182 4.11378253012201 4.46148046721001 4.20661032969395 5.01040143518249 4.40446288695896 6.05469532323322 5.62070789514402 4.49442442660499 7.33656233271796 8.16360838340887 7.55055368634705 6.07600422052479 6.4313732044714 8.91442408710268
2.93592625324185 4.8752984146383 7.62079427630224 9.02122316386237 8.3108262048034 8.51816258088384 6.53162107360064 6.21228570830387 6.0101981465294 5.07942689161304 5.84959474111298 6.92950816276812 7.270920491184 7.37276888109211 4.73359013386863 3.05234913700323 3.15479231745767 3.95595245431162 5.73466345429316 4.6698789185646 4.41299361805237 5.1406294056601 5.40929858106726 4.27644787821058 6.22379726287682 6.42249968505413 6.43670091527698 5.47679410949129 5.13596814400161 2.47950547376829 3.80617373556907 4.10115976278254 4.59227283275184 4.17679737562775 4.67587182638252 6.50555355653642 7.75454069326656 7.68793417543355 8.25046324674564 7.89417388180063 8.07524808936735 8.93800369141268 10.0510523872415 8.11359507202118 9.68900719798175 9.15107643413137
6.12793073297066 5.56097437320534 4.38110278319114 4.97818975743819 5.31429088396355 6.04290541818342 4.73774048538864 8.03142850190992 8.94650857782429 8.69265178092729 4.95374681154867 5.65933312360177 7.09584714867407 4.444911173168 4.85589076160003 3.93687343423198 4.18606257157262 4.78994886979799 6.16618627609562 6.01967516562509 5.84795549673943 5.51229965561885 4.56284683697213 4.68655697313292 6.12767814220762 5.95756679179803 5.31066027799763 6.057672203045 3.34257462952571 2.95561281604172 4.03907844736516 4.04222171754198 4.81969709169111 4.43494151435887 6.94740850245385 7.32705704112836 7.36770213607266 6.55010228142964 6.32260203861707 6.19317729045168 6.00682077334426 8.68543855948477 9.32692337253156 10.0716852335068 8.84173350807754 8.19809284235794
10.2621429047275 9.5081812393962 7.47692377896082 7.72694882826189 6.52501262031066 6.23756592129137 6.81348277908614 6.4651180579937 6.69883338249325 5.96630095473807 5.53291094127111 3.88426294217006 6.00699005678808 5.92574867577251 5.76150876784323 4.86419203763296 5.40806257468008 5.71053325628665 5.18977433945979 5.17736612064231 6.92801541079789 6.76374103382509 3.89563171835066 3.44582479405012 3.87575771108706 5.49556655267575 6.27443911594638 6.77547313016475 3.34240516437198 3.67914290213336 3.53797392921765 3.71861487828648 6.17158434108423 7.14897253572503 7.86569865766835 7.98028264392862 8.75816617257725 9.20326460833767 7.49840742281172 6.7671634837906 7.63476262353716 9.10560242339511 9.1359206592115 7.98215633702075 7.72284732726538 6.31324250080175
10.6770387130342 10.6770387130342 10.6388889108461 10.5911715145946 9.43437936015446 9.37908816494077 8.09523021643323 8.43550660637254 7.11367509141053 7.62393249453433 4.78485134422472 4.81492009944351 5.53515931099808 6.25142124367663 6.01831922136091 7.84610810885337 6.03618368423623 5.61208074971677 5.00339353302175 4.16069084265004 4.46190491643819 5.21927611255902 5.79482781468423 6.08025770045668 7.45983976301753 8.32842712545139 7.90817536867304 6.57816967929843 5.46751671907086 3.90633083359287 6.09693838954052 7.49711593823322 7.09493684404808 7.44784054825602 7.0153485129552 8.23032754231392 8.17004758750976 8.87945146049071 10.4215934064461 9.89050170028481 10.3076282522774 9.55314005237932 9.58470994933129 8.39564172221635 7.36477848180114 6.300850540094
10.6770387130342 10.6770387130342 10.6770387130342 10.6770387130342 10.6770387130342 10.6770387130342 10.6763084331692 10.657041120811 10.6695596619805 10.6036678080308 9.82754785817357 8.99695925290302 9.05950606316099 5.58671553818977 6.22732402199232 6.28623076787512 5.27366982164887 3.55727063485656 3.4433616298949 3.66737321927977 5.18379280454504 6.24495910125566 5.96643235280645 7.06327826939598 5.57764756568435 6.42859308687455 7.30846339157533 5.79667054236553 5.84634016664815 6.76806755018963 7.0537074086454 6.97291047036131 7.22161817486909 5.67820556840814 5.15823001867909 9.76991376440904 8.47253720847767 7.7877832519986 7.74557823739259 9.80880006768762 9.0719528228971 7.75956471993138 9.280630622688 8.25344377221724 6.77288276527903 6.9390249656069
10.3145258251217 10.6686177868372 10.6770387130342 10.6770387130342 10.5192782779496 9.77477407892396 10.1384017509207 9.48109549232993 9.45048764949413 10.6770387130342 10.6770384695836 10.6754912681659 10.5890581485878 9.8259431604505 7.52501412294145 6.24317320775443 5.92172040542964 5.31237667882934 4.04215356183266 3.08242292713764 3.60983884476512 4.9075064933043 5.95841428433417 6.72162599327254 4.96327168880512 5.37075563184995 8.51910552278819 6.03304134057705 9.07088475974543 10.6289566984564 7.58169698520936 7.35899115052587 7.32303095413618 6.35410502418651 5.64668231209563 9.50864343752789 9.572159463769 9.20968597419555 7.9214030848901 8.60966375846724 7.78447696881224 8.5795528240982 8.23376073280675 7.35368500713172 6.20889242560806 7.19533703433717
8.14818000395255 7.79673858578565 8.09745941020837 8.48765603904661 10.5303114795327 9.49275538035122 10.1309547860254 9.60151807008961 10.1146822677321 10.6770387130342 10.6770387130342 10.6770387130342 10.6770387130342 10.6770387130342 10.5453239772492 9.78328431106701 9.67053179289041 8.72704761075176 7.26254344572686 5.77952556195472 6.10653312680975 7.41125878525978 6.99943788298247 7.1528203520741 7.33532776826103 7.47811980029955 8.79650078823714 4.85177388058603 6.44954645098465 10.5318315455265 9.84910007410021 8.19274524164987 5.13193704222877 7.43856877817432 10.3657635875833 9.02779142150067 7.12647011950426 8.09105741814765 8.65291947724655 8.16233977780992 8.52652543890135 7.81270724913946 8.55719921325967 7.23018692227452 6.14845216264799 7.71485656030764
5.72506895114871 7.35688917804358 3.68823169984368 3.76597694722981 6.16755636901533 9.0716221039828 9.97984908182637 10.4080891667573 10.6770387130342 10.6770387130342 10.6770387130342 10.6770387130342 10.6770387130342 10.6770387130342 10.6770387130342 10.6770387130342 10.6770387130342 10.6770387130342 10.6770387130342 10.6763122971762 10.6770387130342 10.6770387130342 9.95990228736013 8.59644811725644 7.4376557490525 7.2968660502744 6.7414084564808 8.22246909383792 5.05416532465631 6.71078085369686 10.3055080008593 10.5170762022756 9.07190122503038 10.024619543437 8.45460707578011 8.200605747487 8.92925098172615 8.27338448866938 8.88925969281392 8.41113142364957 7.37808258145102 7.24305605221339 7.54114351112729 7.14916038946971 5.98363604146146 8.18445865806759
8.1821077934733 7.53645169676254 6.72380104947705 3.27254003051111 4.18046907306316 3.08089147742142 5.95946984680221 10.0627462727844 10.6171560394387 10.6770387130342 10.6770387130342 10.6770387130342 10.6770387130342 10.6770387130342 10.6770387130342 10.6770387130342 10.6770387130342 10.6770387130342 10.6770387130342 10.6770387130342 10.6770387130342 10.6770387130342 10.6770387130342 10.6770387130342 10.6506559467207 10.0911622559598 7.36863575934734 7.50782265975089 8.01707981556602 7.50903331379568 9.82598439027939 10.6770387130342 10.6770387130342 10.5651200222455 8.54623442910089 8.25964857281404 9.46136213211309 9.40994422501682 7.34712584788975 7.69974088062489 6.64303029841415 7.05268095675698 6.28638192657407 5.28524954705596 6.16811286578533 6.76179437126268
9.16736534726989 6.74876573111227 6.31202673825464 5.98138170616189 6.6423215873871 7.19191284143402 5.6339983834052 4.51595280450697 5.92213559877722 9.29254897281439 10.1699335947199 10.6770387130342 10.6770387130342 10.6770387130342 10.6770387130342 10.6770387130342 10.6770387130342 10.6770387130342 10.6770387130342 10.6770387130342 10.6770387130342 10.6770387130342 10.6770387130342 10.6770387130342 10.6770387130342 10.6770387130342 10.353373159777 8.90434586561808 8.28450794155434 7.52071994736764 10.5524103918164 9.65436073723032 9.97751828330395 9.65129934351277 8.62204475656634 7.75082879002106 9.10572810431271 9.60718237578758 8.02681940881986 7.0166872609026 6.05847347509939 7.71741021508991 7.5556694587196 6.21927941773108 7.95736251481574 8.00817194282017
