0,22.8231512431748,22.8625847436713,24.6249784123739,29.7581321763878,29.4938622423002,33.2066555972551,28.8689322836396,58.6064438385181,60.5018989898474,79.9561042502114,54.6831675744512,54.7151300753589,56.2728177066493,50.1273217068584,50.4574268788192,55.5425516390577,58.699388211829,56.6871177468927,54.3716181499795,37.5452001483816,41.363987500178,38.1700666789723,61.372047500647,89.0696412164119,98.0933827370563,56.8685082862448,57.353305694279,54.2453867880005,51.8507136425347,50.4637280932619,57.0735492360002,63.3514939119227,43.1210601324116,51.8080195156503,51.0907453700326,54.1015428378317,68.6755767196301,68.665009442059,70.5039865253421,68.0182249553578,68.6022633218305,69.5182059227379,69.1320099179264,74.2727447255279,74.7456490481278,80.0187060993672,74.0637237592316,79.2149283471204,74.6531164038947,74.3316400322463,46.5435163833493,44.2186023833129,46.1020296202912,46.053306863272,46.0485827779741,42.7077367384077,43.1624213700342,32.4269532999667,34.8589321928853,35.0052379254777,34.7769417864428,35.7760368046323,82.6721826839931,41.0629929709686,49.6428671531195,80.9932339179949,81.8651748631956,79.7981043288883,75.5584734474588,69.9074451961569,69.3104994187753,74.7036190431213,73.5471784499113,69.0620722604957,47.3558526649266,48.1004455879092,54.5404432999227,40.895663784474,41.227753100205,52.5215006154875
22.8231512431748,0,25.0553048803361,22.1321305885722,24.4116007145993,30.1519036971907,33.2775325270364,27.3655566439652,57.8806358078461,59.7811990240916,80.165122097102,53.9791199228481,54.0047395130221,55.5600623061261,50.4765416589817,50.7648382852005,55.3263912120449,58.5016774956854,56.4617229677194,54.1869618543169,38.0214893432104,41.8839071773677,38.6962653577884,61.3656397907939,89.3578223645538,98.369824474961,56.7037003808852,57.2374388597529,54.6539873834275,51.1705926343503,49.7794270860385,56.3939359879044,63.6333496463614,43.6920932757412,52.1025321473165,51.3892905261055,53.411538484841,68.905617304075,68.8971850521959,70.7343536157277,68.2358509844634,68.819307528527,69.7336402284363,69.3469690938315,74.490800690953,74.9678249219462,80.2380319429896,74.2841546095487,79.4346481210064,74.8727579225162,74.5557015932767,46.5950455493164,44.2923968224668,46.1926538180872,46.0203782212413,46.3011235336534,42.9542716731397,43.3763428031896,33.0822699756112,35.453638874809,35.6810479947559,35.4740830188249,36.6047412340722,82.3600496760563,40.5366427052392,49.3623546640301,81.2367515853586,82.1107533191052,80.0427727275932,75.8021752041858,70.115677318809,69.5188473713719,74.9184034416869,73.7625619110621,69.2641828881332,47.3615143180159,48.1208463224161,54.7454921792823,41.1798810692656,42.1831121238617,51.7457960572996
22.8625847436713,25.0553048803361,0,29.6678878004135,31.8742520802374,23.1722503901695,29.5401921578223,24.0055307926859,58.8275970134653,60.7127333621591,79.7630150758181,54.9960436576646,55.0209669305683,56.5415979226156,49.9758164886843,50.2652218198769,56.3920514979004,59.5321785830603,57.5194389826723,55.2183580577128,38.3543204951147,42.0288882852036,38.9044974172193,61.0027090225521,88.9656174232002,97.9725516935247,56.4903897022824,56.9647037592547,54.2257458326404,51.7073602876193,50.3082106880459,57.0593082891353,63.2209219642275,43.5571114546092,51.5955500223841,50.871243485021,54.4591102058628,68.497093410678,68.4888171123101,70.3268963475741,67.8271107008084,68.4113146189883,69.3252551694701,68.9393145875735,74.0859072470034,74.5623262387,79.8335147656207,73.87878571271,79.0302880837566,74.4677051591496,74.1500966201202,47.4291668856956,45.1179335107579,46.9738161551836,46.9573592806706,46.8293771219155,43.5174883249625,44.0026822448886,31.1950301630181,35.7098267848124,35.8247193639319,35.6937498788477,36.6477387165561,83.4290552793786,39.75437061181,49.1470332188113,80.8315452254578,81.7056713124639,79.6375389412599,75.3967957111801,69.7113909018375,69.1142211153543,74.5139173296063,73.3577030946343,68.8609529182054,46.7956200765322,47.5731267147207,54.2815380971731,40.0846862903987,41.356445397422,52.7364064262731
24.6249784123739,22.1321305885722,29.6678878004135,0,21.9503147868684,33.0750446877223,35.3577205412381,30.7929354216621,57.2692173779835,59.18077065394,79.9595918074572,53.2631304747916,53.2971180030958,54.8940662952635,50.2293488971498,50.5559555232706,54.0125232476261,57.2100592977498,55.1679738623752,52.8796180890831,36.8482223046115,40.8628090581717,37.6094245562708,61.3318338524991,89.0658836169333,98.0941211139675,56.686998776172,57.2275575433979,54.2827990459348,50.9599142647306,49.5829860560748,56.0393667966,63.366871660781,42.903251739238,51.9126383582433,51.2057621560505,52.6446637452378,68.6856844039107,68.6750313082584,70.5131000367071,68.0281782211129,68.6114986601935,69.52776207606,69.1408673054028,74.279101059443,74.7526900002454,80.024745094525,74.0705935648825,79.2208308643278,74.6596671068944,74.3388339515306,45.2644477286042,42.9487796303302,44.8820700926241,44.6591546877953,45.108391470964,41.7308164592183,42.1159146917327,33.6640351793019,34.2733154872586,34.5566586199182,34.2644130940303,35.484116552622,81.1497745138951,41.4193505898445,49.46651530816,81.0005916897086,81.8724718456998,79.805519832647,75.5660000827849,69.9129514583112,69.3163272792809,74.7095004039853,73.5534263919394,69.0664113367893,47.4977611974395,48.2269265865525,54.6010169763886,41.5001016921947,41.7617780266994,51.1471328742837
29.7581321763878,24.4116007145993,31.8742520802374,21.9503147868684,0,34.2424641464231,36.0680588794433,31.1125482028128,56.9859004295685,58.9029262292673,80.5141508435529,53.0011122742138,53.0284638067685,54.6234572084975,50.8987500615252,51.189250914356,54.27256921736,57.4856475438204,55.4164341640168,53.1700505930542,37.7410250265428,41.764009226902,38.5279142484663,61.7022929990962,89.6921131054188,98.7093961327097,56.9247363515183,57.5068904669951,55.0109219065281,50.738944674393,49.3595317041446,55.8086413236681,63.9855127206993,43.8080532416827,52.5342168046633,51.8300051919174,52.3971306841545,69.2585171058113,69.2497819348572,71.0863094645261,68.5899206672247,69.172779224301,70.0875780486993,69.7003147653004,74.8415197523983,75.3187403322421,80.5883261649433,74.6350959742553,79.7847757347184,75.2234890729455,74.906559741513,45.7889647562647,43.4977088060888,45.4407740376304,45.1068550118511,45.8010383338361,42.42325585623,42.7842239933868,34.508542016995,35.2696938585129,35.6067403741852,35.354288810351,36.6558453868016,81.3036921842276,41.5293703608383,49.6163089945151,81.5857344465027,82.4594670752899,80.3916886178507,76.1512924730846,70.4666514270201,69.8701058004047,75.2690299093601,74.1134625496826,69.6147326651372,47.8826921353776,48.6226548081091,55.1482867594703,42.0980914261676,42.8834128390395,50.8124334653012
29.4938622423002,30.1519036971907,23.1722503901695,33.0750446877223,34.2424641464231,0,23.4117564367647,21.8573022491702,59.043818317928,60.9185494916516,79.5678609893528,55.2985756513368,55.3172809531325,56.8024782056108,49.8313003890533,50.0768078038438,57.1814261545114,60.307060132976,58.2937315467768,56.0055345846648,39.132509091955,42.6817496880418,39.6214277357423,60.617899496988,88.8627044440543,97.8524167095939,56.0940742732868,56.5574796714272,54.2160815678028,51.5646213117578,50.153728750758,57.0437425324627,63.0916206645666,44.0056359854472,51.3858470258226,50.6547135647122,54.8034241039065,68.3174623051428,68.3115696832389,70.1486686570209,67.6343004907062,68.2186442971108,69.1305103572077,68.744804756094,73.8973936619839,74.3775062701721,79.6467023593886,73.6922747742769,78.8440436764057,74.2806866517039,73.9671377167038,48.2530118927175,45.9539814879011,47.7863045932425,47.7957715468274,47.5651812899311,44.2792660966857,44.7905107656013,29.8819569851539,36.5390462621435,36.6387691344614,36.5939858855586,37.5326075640481,84.1362345609891,38.2489992986634,48.6222776108738,80.6692672506135,81.5456645077951,79.4764333646209,75.2345382832151,69.5132294213991,68.915839607693,74.3223971916463,73.166435049216,68.6574555172615,46.2014007202179,47.0159686166745,54.0192933853608,39.2214929936557,41.6044217508566,52.9513848404664
33.2066555972551,33.2775325270364,29.5401921578223,35.3577205412381,36.0680588794433,23.4117564367647,0,23.9299095773704,59.008804652462,60.873236764771,79.1058243199882,55.3418943037452,55.3554442644677,56.807777126693,49.423314363243,49.6243567515914,57.6431171953565,60.7557877834589,58.7426433646878,56.4645513178629,39.5807291994545,43.0220099181511,40.0185594648941,59.9643898280188,88.4909785507997,97.4639158542793,55.4317392308736,55.8823954581737,53.9397067327836,51.1860843293816,49.7644788310138,56.7859983348471,62.6946344952,44.1670432143396,50.9121331360031,50.1744983374175,54.8843844560205,67.8707763538744,67.8672254435761,69.7033448204186,67.1746497204057,67.7591209176393,68.6689497431521,68.2834658533398,73.4419187617303,73.9256710800185,79.1928951926611,73.2387752682268,78.3907927924258,73.826683873997,73.51713361035,48.738538562379,46.4495503933015,48.2614084889877,48.2953027143522,47.9713402093987,44.7084736064166,45.2427172618968,28.3375020214312,37.0369422048316,37.1293965482928,37.1573855664894,38.0940591539375,84.5290108270939,36.3013818362962,47.827352425587,80.2395741241673,81.118199480938,79.047892489435,74.8048691829876,69.0482555411989,68.4506527216623,73.8639604960906,72.7082507777028,68.1872160054949,45.3232521907968,46.178121135777,53.4909996024841,38.0573269586487,41.6460612741127,52.9209707615147
28.8689322836396,27.3655566439652,24.0055307926859,30.7929354216621,31.1125482028128,21.8573022491702,23.9299095773704,0,56.8864949635772,58.7654196990651,78.3561653100833,53.1655173004717,53.1782798648659,54.6595871317715,48.763955112239,48.9730046333137,55.470030109565,58.610710430934,56.5745789092315,54.3200034150822,37.9904043487179,41.6068079061578,38.5346015603422,59.203753797065,87.7185174120173,96.6989744847277,54.5075858332929,55.0255257133806,53.1830813063553,49.4222005831084,48.0049242516075,54.9169992053189,61.9461146465608,43.0262285752535,50.2725005632097,49.5474945557034,52.684614352623,67.1256029069425,67.1215543610437,68.9568705561447,66.4315700376972,67.0152443236727,67.9257770250755,67.5394994282736,72.6942302533675,73.1780928110169,78.4445763576079,72.4912996557385,77.6422309672367,73.0789509273698,72.7694046013465,46.762894255922,44.480660474505,46.3300916198327,46.2343127177866,46.2559054470576,42.9598286110941,43.4395579165128,29.6991712329466,35.4738649056235,35.6405157441664,35.5832825038385,36.62675584725,82.3443041549471,36.0299407595559,46.9086090639372,79.4885540884425,80.3667366938546,78.2967375824044,74.0540235131793,68.3012985398301,67.7040818198916,73.1162713037597,71.9609142861397,67.4399170866503,44.8297186335618,45.6563601626259,52.8172277743219,38.2671022891191,41.0431149493849,50.7472684388715
58.6064438385181,57.8806358078461,58.8275970134653,57.2692173779835,56.9859004295685,59.043818317928,59.008804652462,56.8864949635772,0,26.9314800398106,94.5881445354946,38.3859492372545,37.4147646692199,34.0430687898328,66.4117033285827,66.3226300313581,65.4237068208629,68.3985557318702,66.0483777881423,64.5568074081996,55.7249208781629,59.6232022064643,56.566682078351,73.8378591754098,104.632766132993,113.521904823756,67.1207019595141,68.4410141700096,71.0957572574218,52.1171988232865,51.2923874414502,50.9577263734276,78.8516799325581,61.5067962999366,67.5590010977639,66.9032896809934,41.4717485471473,83.5680330371207,83.5823200547518,85.3984311804881,82.765469336308,83.3411844762876,84.239132789516,83.8458599984171,89.0172207449741,89.5398946235888,94.7773890077371,88.8371406259653,93.9779466336662,89.4165986124407,89.1483375408393,60.7064727038616,58.8076693184126,60.6667538684355,59.2988240902507,62.1920798560607,58.8763350353729,59.0863676565065,53.4793202386827,53.8849329495919,54.4380715184886,54.4773116903971,56.0608107590978,89.0041456493018,59.1858169338185,60.3586762499921,96.039754067176,96.9359759472564,94.8583051962195,90.6074022553342,84.5352960385099,83.940483728668,89.4087407988217,88.2601356615067,83.6160809232768,61.5995500608201,62.2406953265522,69.3157936751521,58.7219783988637,61.784687859646,39.4885514891191
60.5018989898474,59.7811990240916,60.7127333621591,59.18077065394,58.9029262292673,60.9185494916516,60.873236764771,58.7654196990651,26.9314800398106,0,96.3608720287176,40.5504249927803,39.849551583479,36.479456751758,68.2183293927029,68.1193013187896,67.4086223758875,70.3801561959292,68.0343897272621,66.5368314666847,57.6317832462066,61.5186602644702,58.4667509416822,75.5623923984761,106.430132632883,115.315429521075,68.800857723513,70.1387646834544,72.9214685670935,53.722148688433,52.9179502397419,52.2824238025884,80.645808586309,63.3838789153713,69.3524623432414,68.697519683985,43.4772389006971,85.3469874097232,85.3619203731152,87.1775103944167,84.5407027859615,85.1162554545861,86.0137192734031,85.6203143325444,90.7926396773757,91.3165455495275,96.5531962935911,90.6132676759641,95.7538753475855,91.1924928255636,90.9255555355628,62.6547639089053,60.7533590330408,62.6099194121633,61.2579026591175,64.1122579437134,60.7990792550157,61.014130876991,55.3174846153349,55.7893162029422,56.3385107679529,56.3814437368819,57.9598711358045,90.9982315001868,61.012681586966,62.0712120330953,97.8228872243933,98.7197405262679,96.6417869032354,92.3905843882281,86.3077773481454,85.7129976763755,91.1831809861846,90.0347515130937,85.3867490506585,63.3625948570869,64.001122833278,71.0885918999566,60.5324112014414,63.6495384870442,42.1299454682578
79.9561042502114,80.165122097102,79.7630150758181,79.9595918074572,80.5141508435529,79.5678609893528,79.1058243199882,78.3561653100833,94.5881445354946,96.3608720287176,0,91.185095878435,91.209892728487,92.5001430903629,64.6035307975828,62.3758928687386,93.7457030450595,96.6912283438295,94.8011662848971,92.4126328027825,73.7270034748108,75.863009850879,73.6582439050785,78.9433873854514,85.8928295996728,91.6327454813661,79.026406369814,78.5903182364197,72.5331385732367,85.4894143304738,84.1572332907128,90.9913258962487,62.4473121221275,74.9919534824836,64.0376951749737,64.3928675029787,90.8555387008018,50.2358285075968,50.441193645028,50.0843708596188,49.8953491219835,49.099503615279,51.2499423865002,49.4740338417304,43.8060581126744,46.8309612576703,46.7843232879386,45.6296825898867,44.8535390244715,44.6943115636575,46.9977748494715,83.8318769410357,81.5729942539473,83.0666111188446,83.8920331139485,81.1663698598657,78.3386224637056,79.3188235725357,70.1640276694085,72.0666084278369,72.331423036036,73.0058190272703,74.2615476734673,120.611976527183,79.402944678375,78.5608613721458,62.2775592586979,64.2212545100558,61.8169122226639,57.2164423283803,43.815081965612,44.5201873967329,43.4130085550037,44.1458474945185,45.6958006493652,74.0032276178122,73.5323059665961,63.4444328850985,73.5472225709503,76.7055162254173,88.8973241384185
54.6831675744512,53.9791199228481,54.9960436576646,53.2631304747916,53.0011122742138,55.2985756513368,55.3418943037452,53.1655173004717,38.3859492372545,40.5504249927803,91.185095878435,0,18.3973782501795,27.7534530587636,62.8195480214299,62.7974049137597,59.5148238575526,62.4115742928897,60.0112901571984,58.6839154628066,51.3239841411499,55.3222879399081,52.2341261471036,70.7725422922277,101.068776238751,109.984259558495,64.3028298524827,65.5366063842492,67.3564058485055,50.5288162257196,49.6256622148549,50.3200366827795,75.3150952989182,57.3756898619602,64.0582846874093,63.401212810706,26.0730784033521,80.1277444681314,80.1378250151001,81.956914379842,79.3491783770399,79.9256242793765,80.8268584451094,80.4341256402133,85.5981140108698,86.11314296038,91.3556327999484,85.4136933835234,90.5553460013311,85.9945112970615,85.7179955552324,55.6153367924419,53.7932627115106,55.6546432049785,54.0377485293801,57.5219081092565,54.1889727018509,54.3374985643335,49.8855408490987,49.5512221040281,50.1542604409836,50.1765024941525,51.8219995266697,82.2315966233112,55.8412840792512,57.5542458613153,92.5714102438734,93.4635481298163,91.3877426639539,87.1388099945321,81.134801052171,80.5399293637784,85.9957402000461,84.8461678492305,80.2268038046107,58.4343251352067,59.0720361335417,65.9418623174763,55.2948377442288,57.8565124965282,39.9120585825908
54.7151300753589,54.0047395130221,55.0209669305683,53.2971180030958,53.0284638067685,55.3172809531325,55.3554442644677,53.1782798648659,37.4147646692199,39.849551583479,91.209892728487,18.3973782501795,0,26.0355452127456,62.8540413532515,62.8274780693819,59.8055697382306,62.7197011702969,60.3237165325101,58.9732857738951,51.421799975467,55.4118456697659,52.3256319128202,70.7742514838812,101.103990630772,110.017673691649,64.2920188194454,65.5292543817447,67.4020858424178,50.4061991240774,49.5036220247527,50.195240236519,75.3480541318269,57.4504807056653,64.0865244294331,63.4292620181921,28.6447669539155,80.1546947154001,80.165046243314,81.9839747529958,79.374600562593,79.9510236835274,80.852036638047,80.4592928100219,85.6238366875917,86.1393300933051,91.3815350736389,85.4396755906108,90.5813066543879,86.0204174893194,85.7444063841516,55.7968908013868,53.9638531328305,55.8268876355057,54.239381477156,57.6542444266885,54.3222833180714,54.4773140946101,49.9036055220852,49.6399975316059,50.237808514289,50.2602494279236,51.8994162240967,82.6683889013714,55.8309945622349,57.5279408850033,92.6002316882838,93.4926307779638,91.4167032970326,87.1676421350229,81.1593635369625,80.5644843915071,86.021089381868,84.8715662601417,80.2506877419504,58.4316960165978,59.071071082383,65.9626297969677,55.3044063318483,57.9079543516859,39.2451731332706
56.2728177066493,55.5600623061261,56.5415979226156,54.8940662952635,54.6234572084975,56.8024782056108,56.807777126693,54.6595871317715,34.0430687898328,36.479456751758,92.5001430903629,27.7534530587636,26.0355452127456,0,64.2324183751797,64.1765761237596,62.0469439865822,64.9798066348648,62.6038661561159,61.1983011801428,53.135753729953,57.0851750023915,54.0127105427221,71.9189106439737,102.465363000812,111.367582391939,65.3217003902948,66.6011299706025,68.8422876535705,51.0243801413389,50.1608554581196,50.3402369544064,76.6982047640459,59.0557518082589,65.4253063363685,64.7691646692791,33.7944084468001,81.4618939816906,81.4741060415642,83.2916574813996,80.6711523101686,81.2472050081431,82.1467836008734,81.7537546706277,86.9214017401159,87.4403310493376,92.6802545926341,86.7391995397815,91.8803919175747,87.3193173785093,87.0470101404953,57.7574064620872,55.8988926347003,57.758797933428,56.2612986578107,59.4618148739076,56.1374058642451,56.3156271961355,51.3108845807592,51.3312893933395,51.9103891530701,51.9412935930775,53.5570538482251,85.1702679690564,57.1525629950986,58.585341522866,93.9197191323445,94.8139287168059,92.7371794823793,88.48724958884,82.4486220173431,81.8537912902734,87.3159150853105,86.1668452868099,81.5348997033417,59.6422938783575,60.2802381453413,67.2442871385796,56.6366379133559,59.4406043100286,39.765886502724
50.1273217068584,50.4765416589817,49.9758164886843,50.2293488971498,50.8987500615252,49.8313003890533,49.423314363243,48.763955112239,66.4117033285827,68.2183293927029,64.6035307975828,62.8195480214299,62.8540413532515,64.2324183751797,0,26.9123248184411,64.0575983026687,66.9920653141651,65.1386156557708,62.6856388045497,43.0998324195816,44.9942120717559,42.8988332767567,55.4371046584321,72.5181428255462,81.5069943359694,54.6759237842876,54.2937025880192,37.8177385311582,57.9333072514068,56.5788873371687,63.4122381427025,45.5336035971321,43.6236408376779,31.1773177338528,31.1041825445859,62.391824605473,52.572406740591,52.5136937623161,54.4355791259351,52.2343692306698,52.858633315637,53.8060818435122,53.4558470592221,58.6058057463605,58.9552337711036,64.3331133544169,58.3211994819901,63.5251827515069,58.9412111243119,58.4909149169337,53.7519304033789,51.4637366817756,52.9300168033555,53.9288598629134,50.7733154180581,47.9644605122672,49.0022480455791,40.1415223855027,41.4428435626928,41.6650414732477,42.4381323266603,43.6584963865238,91.1323603623654,50.2954344131284,51.5795276390571,64.7128153718053,65.5435579136817,63.4895559280217,59.2647980194024,54.5134644405741,53.9038591002846,59.1325657731826,57.9489740635707,53.864246981733,46.2053581724675,45.9752696645537,39.8225103605579,43.8445056913379,45.5920312115337,60.6448468640785
50.4574268788192,50.7648382852005,50.2652218198769,50.5559555232706,51.189250914356,50.0768078038438,49.6243567515914,48.9730046333137,66.3226300313581,68.1193013187896,62.3758928687386,62.7974049137597,62.8274780693819,64.1765761237596,26.9123248184411,0,64.5402776101685,67.4848360316022,65.613071076841,63.1885533527838,43.9579107400948,45.9744419235226,43.8098601024371,53.7044582971782,71.808180744069,80.4910424436642,53.442361160724,52.9630327226645,41.1845921899934,57.6103431095038,56.2579192378895,63.1297026305263,44.448507682595,44.8138511370582,21.8342522744198,23.7882054397277,62.404149110423,50.4479809584742,50.4332653957796,52.3597620924848,49.882686015905,50.5285150962375,51.4315107761295,51.1039637252477,56.420853851773,56.8164044268755,62.1847708598742,56.1577416083803,61.3897216740432,56.7769289194393,56.38004993104,54.4190119905544,52.1391625252711,53.6298762515229,54.5330478250791,51.6386407587222,48.7985776169389,49.7951461163107,40.3448379797856,42.2473637544874,42.4644369127213,43.1885960036634,44.3950227936133,91.5357257366352,50.2601015392931,50.9148046330449,62.9419775255385,63.8108131734678,61.7370269744918,57.4915994074449,52.1860424090577,51.5646502782907,56.9081824176467,55.7197967748018,51.4774695485928,45.4195808702308,45.0661270077453,35.9096199264211,43.7787962217238,46.3637561311214,60.5691518582939
55.5425516390577,55.3263912120449,56.3920514979004,54.0125232476261,54.27256921736,57.1814261545114,57.6431171953565,55.470030109565,65.4237068208629,67.4086223758875,93.7457030450595,59.5148238575526,59.8055697382306,62.0469439865822,64.0575983026687,64.5402776101685,0,35.2887845779311,26.2843648883048,27.3560799319318,46.1032337907237,50.8899362353641,47.6305892277223,75.8681154277934,102.390234467663,111.512747257494,71.0948801384097,71.7497903355547,67.4031929406806,63.6118651925058,62.3794258025569,67.1896147080137,76.8703359569668,54.3983286343448,65.9951243409914,65.3397381824171,57.8296696073826,82.4120235527383,82.3898530634471,84.2305686857566,81.8166457608708,82.3977824643679,83.324525569505,82.9350495237568,88.0395842832542,88.4970453113421,93.7764604544947,87.8226342361158,92.9695504325963,88.4134467003344,88.0746519285557,41.0165545554891,40.4818431569466,42.2077413010232,36.6449702711781,48.524502954463,45.1003408361344,44.5460098863582,52.0190094068506,45.2868722737448,46.3978552684461,46.4373553080977,48.6786855381292,66.3949795363683,60.0643532211438,64.5332463035475,94.6378600421713,95.4987111079359,93.4373092390273,89.2035730829435,83.7174409376632,83.1225163242476,88.4832806484437,87.3267739224399,82.8937168247729,63.0536256660704,63.6317736848626,68.7958187049142,58.3468647765509,57.0922859027549,60.2336708804074
58.699388211829,58.5016774956854,59.5321785830603,57.2100592977498,57.4856475438204,60.307060132976,60.7557877834589,58.610710430934,68.3985557318702,70.3801561959292,96.6912283438295,62.4115742928897,62.7197011702969,64.9798066348648,66.9920653141651,67.4848360316022,35.2887845779311,0,28.5987930445423,24.5089652596103,48.9569682442393,53.7265769365588,50.4920715877558,78.8681351693694,105.304540287793,114.432959267833,74.1116585243826,74.7630365817722,70.3010316029751,66.6704499963255,65.4408602624736,70.2207727208876,79.7943388862817,57.2620244725813,68.945028296732,68.2914672501295,60.6736868964004,85.3522572071258,85.3292992153673,87.1703503993607,84.761223138864,85.3423301757588,86.2697455182728,85.8802094777183,90.9828294798298,91.4390500649175,96.7191491671255,90.7652036170238,95.9120536524318,91.3561917118618,91.0160356349945,42.6676915718948,42.6249405327879,43.8571116433872,38.8406983028667,50.7836157352267,47.4331389802489,46.8527593932766,55.0757008303324,48.2350809613565,49.3632041903308,49.4344091043183,51.687818789598,61.7436935050178,63.1544171378899,67.5757110747115,97.5723309768793,98.4324204071689,96.3713877150407,92.1380381324864,86.6638916901688,86.0690292510462,91.4275329998839,90.2709330804543,85.8419508347892,66.0778605250432,66.6510376973664,71.7589916640731,61.3840969403358,60.0883079434083,63.2765274176965
56.6871177468927,56.4617229677194,57.5194389826723,55.1679738623752,55.4164341640168,58.2937315467768,58.7426433646878,56.5745789092315,66.0483777881423,68.0343897272621,94.8011662848971,60.0112901571984,60.3237165325101,62.6038661561159,65.1386156557708,65.613071076841,26.2843648883048,28.5987930445423,0,24.1451834569745,47.3159291606842,52.0758263642226,48.8294805656596,76.8835957665452,103.46359558323,112.583312689665,72.0788752900642,72.7449276178398,68.4999676194772,64.4715027302158,63.2456265022779,67.975251344614,77.9414102628667,55.556445308814,67.0651647557803,66.4102333697721,58.2478595915208,83.4719378203465,83.4502410432821,85.2905866038815,82.8738330571557,83.454862006239,84.3812433034898,83.9916819213608,89.0969660275886,89.555317083753,94.8341312795165,88.8805256659825,94.02731211855,89.471172909093,89.1333357620742,42.044362156259,41.667103933744,43.1981624992471,37.9801191925471,49.620388934265,46.2277217350543,45.6844490511169,53.1112425770528,46.5061782385747,47.6093149008091,47.6585340728378,49.8879414159124,63.069334558296,61.1148419722929,65.5172330678514,95.700850102494,96.5621607707653,94.5005524663487,90.2665976806089,84.7726834587485,84.1777765261636,89.5399539797225,88.3835695407134,83.9476468556871,64.0838451906246,64.6622572409203,69.8496427293599,59.4140060114447,58.2375916174539,60.9380786246315
54.3716181499795,54.1869618543169,55.2183580577128,52.8796180890831,53.1700505930542,56.0055345846648,56.4645513178629,54.3200034150822,64.5568074081996,66.5368314666847,92.4126328027825,58.6839154628066,58.9732857738951,61.1983011801428,62.6856388045497,63.1885533527838,27.3560799319318,24.5089652596103,24.1451834569745,0,44.498084025348,49.2932903305612,46.0496893309768,74.6397192296517,101.002304424863,110.13459855615,69.9179675935521,70.5575058838657,65.9720582688014,62.6091946517849,61.3735673338806,66.2285221445838,75.4961323440999,52.8632632098494,64.6524937975652,63.9988029580164,57.0149076416515,81.0682228146025,81.044645854912,82.8861306432758,80.4807181914707,81.0619286733053,81.9898294872452,81.6003688271693,86.70188992266,87.1569903581855,92.4378183139641,86.4836287697952,91.6305979214932,87.0748150320369,86.7334489685967,38.105792396629,37.9939432786004,39.3861457008383,33.8445740907234,46.3432229565717,42.9661752939613,42.362817890414,50.7807795787084,43.7882312217719,44.928098656948,44.9955495754954,47.2638650637301,62.2473886460287,58.9080028754766,63.3868561037403,93.2841621873717,94.1436516163815,92.0828932362255,87.8498333880672,82.3856846535892,81.7908155187842,87.1474885719831,85.9907485723683,81.5653875229196,61.839165588846,62.4111442536668,67.485233823028,57.110712696879,55.7277366601065,59.3669217810091
37.5452001483816,38.0214893432104,38.3543204951147,36.8482223046115,37.7410250265428,39.132509091955,39.5807291994545,37.9904043487179,55.7249208781629,57.6317832462066,73.7270034748108,51.3239841411499,51.421799975467,53.135753729953,43.0998324195816,43.9579107400948,46.1032337907237,48.9569682442393,47.3159291606842,44.498084025348,0,20.2631826068974,14.3875421078113,57.5969794564856,81.5808237162779,90.8333411896123,53.8701098621686,54.1953310397136,45.5704351612547,50.0916417680625,48.7625375902682,54.8568902480561,56.1948426204252,28.0621180793018,45.5547703376055,44.9031686239988,50.480934198191,62.2144926891394,62.171484397954,64.0263208666904,61.737771415037,62.3219638105694,63.2652609733964,62.8778956010977,67.9439555555903,68.3642067245594,73.6675094582598,67.7059742702081,72.85633081653,68.3032552034658,67.924214600291,33.468282512739,30.8589403298259,32.3847226897744,34.3093034201211,29.7300833806521,26.2144882157592,27.2303764851143,32.7601700718735,16.4268474726389,19.1054899503087,20.5170578026925,23.7655680626514,74.2760053934359,42.6728483853624,47.7689844701673,74.3005646559293,75.1413245345725,73.0891338568009,68.8651257497266,63.7131676221365,63.1182330744645,68.4174341664236,67.2564466550215,62.944061515018,44.8100148368756,45.2947096357116,48.9983152019047,39.3538539003727,34.5038540548134,49.9302940154036
41.363987500178,41.8839071773677,42.0288882852036,40.8628090581717,41.764009226902,42.6817496880418,43.0220099181511,41.6068079061578,59.6232022064643,61.5186602644702,75.863009850879,55.3222879399081,55.4118456697659,57.0851750023915,44.9942120717559,45.9744419235226,50.8899362353641,53.7265769365588,52.0758263642226,49.2932903305612,20.2631826068974,0,15.7814385424117,60.2524742928365,83.4741655702028,92.7680099672268,56.7556398784287,57.018194530067,47.1209057166927,53.6366858884272,52.3017654533992,58.5020797397132,58.1361976811872,26.351472461722,47.6215345889831,46.97835514168,54.5303632115627,64.2998584647448,64.2504585555051,66.1090939240396,63.8592124921344,64.4439222286531,65.3924561599032,65.0053284071794,70.0582208161926,70.4675430971179,75.7775405540995,69.8141346618211,74.9649862775968,70.4132012815647,70.0222854390082,38.4322858046495,35.9188396571519,37.3051827297608,39.2840135025151,34.0666107104405,30.8812472365657,32.1373525660187,35.7707432442936,21.9346230889317,23.4107417866806,25.3778428746845,27.9652310073625,78.9062024050032,45.9542961152306,50.8434465780349,76.34199958397,77.1766357921618,75.1272969691787,70.9062947625948,65.8547629680312,65.2600157764316,70.5404895065485,69.378350535592,65.1016273428761,47.6137945406077,48.0564273461641,51.2405032574576,42.1965234123572,36.9200018022615,53.8251187723896
38.1700666789723,38.6962653577884,38.9044974172193,37.6094245562708,38.5279142484663,39.6214277357423,40.0185594648941,38.5346015603422,56.566682078351,58.4667509416822,73.6582439050785,52.2341261471036,52.3256319128202,54.0127105427221,42.8988332767567,43.8098601024371,47.6305892277223,50.4920715877558,48.8294805656596,46.0496893309768,14.3875421078113,15.7814385424117,0,57.7376943863591,81.430379952244,90.6953977185987,54.1255255711081,54.417431094342,45.2529056741173,50.7051338723878,49.3714909625726,55.5380201088614,56.0522877496331,26.2343026845381,45.425386972503,44.77392765006,51.4265723734298,62.1255899020279,62.0803552491947,63.9368602804372,61.6616932770509,62.2463135703671,63.1913609971815,62.8043156652124,67.8665641394717,68.2827264231268,73.5887335767495,67.6262537929872,72.7771172680294,68.2242739920121,67.8408257358734,35.2471982439505,32.69605031468,34.1767738327372,36.0250572644854,31.3742340327093,28.0384631299877,29.1414357815569,32.9550923702099,16.8612913972046,18.8713516292472,21.0538103494025,23.9890420083802,75.6909956542883,43.0652426019063,48.1032437641659,74.1972351238976,75.0358734754846,72.984634728543,68.7616360849617,63.6457256218458,63.0507522053748,68.3433064352413,67.1817889354243,62.8826709754652,44.9913376155302,45.4590614646566,48.9530396696976,39.503560757811,34.1962229296501,50.7635319042253
61.372047500647,61.3656397907939,61.0027090225521,61.3318338524991,61.7022929990962,60.617899496988,59.9643898280188,59.203753797065,73.8378591754098,75.5623923984761,78.9433873854514,70.7725422922277,70.7742514838812,71.9189106439737,55.4371046584321,53.7044582971782,75.8681154277934,78.8681351693694,76.8835957665452,74.6397192296517,57.5969794564856,60.2524742928365,57.7376943863591,0,92.1781706445515,100.539803423452,49.4770375027401,46.1619603237534,62.868995212649,63.4794360264119,62.1486350811253,69.2650515406112,65.8984703204535,60.1204786661456,54.3758951247458,53.8694445615374,70.6155522662915,68.6039053534448,68.7055402958344,70.4685831407219,67.3010024591587,67.8703052110683,68.6937508193251,68.2984089517154,73.659309588525,74.3301955798818,79.4784443278367,73.5617393061242,78.6981538109272,74.1174605544126,74.0102790057346,66.8962740001779,64.6726967048435,66.3040682680523,66.6293332249765,65.2970846785329,62.2726518560825,63.0280967892492,51.2317508522836,55.6444574355245,55.8679597595648,56.3311485234968,57.5141776540089,102.33816588385,59.0625690747793,53.9907677460374,81.6636635545231,82.6415668964108,80.5262021383716,76.2354702535932,68.7993327209093,68.2001124430855,73.9311201953627,72.7970901612328,67.6570593127254,49.9042949045373,48.7354142772859,52.0484323110752,53.7037534173546,60.0775890004905,68.2012430969937
89.0696412164119,89.3578223645538,88.9656174232002,89.0658836169333,89.6921131054188,88.8627044440543,88.4909785507997,87.7185174120173,104.632766132993,106.430132632883,85.8928295996728,101.068776238751,101.103990630772,102.465363000812,72.5181428255462,71.808180744069,102.390234467663,105.304540287793,103.46359558323,101.002304424863,81.5808237162779,83.4741655702028,81.430379952244,92.1781706445515,0,61.6412562197809,91.7079119394474,91.3354998631962,77.9930871293177,96.0701710595844,94.7292067156073,101.502867440313,64.4603267007097,82.3323611569112,74.0897162941022,74.3923239043688,100.655707733197,71.8704342359352,71.132427296713,72.8800537026222,74.8863963570368,75.2434090744227,76.8115713024581,76.1870805297213,78.8847278286073,78.4043871629978,83.9887737041541,78.2031682344566,82.9536372351427,78.8521419336012,77.4457019993054,91.9945639828889,89.7235650133557,91.1350955098467,92.2286985243165,88.7331868035445,86.0327390714462,87.1418547126691,79.5613792453449,80.1177186489795,80.4301993436864,81.2018678335507,82.5226213879594,129.447411977154,89.2444390279413,89.7359751154056,76.7241424884923,76.6481105033386,75.1502130140068,71.4759109717995,77.2077233167282,76.745015400057,80.115424361087,78.980479560631,77.6300446137394,84.978985833993,84.6763864915662,76.3330263021228,83.3563316680109,85.1337487259802,98.9048960588334
98.0933827370563,98.369824474961,97.9725516935247,98.0941211139675,98.7093961327097,97.8524167095939,97.4639158542793,96.6989744847277,113.521904823756,115.315429521075,91.6327454813661,109.984259558495,110.017673691649,111.367582391939,81.5069943359694,80.4910424436642,111.512747257494,114.432959267833,112.583312689665,110.13459855615,90.8333411896123,92.7680099672268,90.6953977185987,100.539803423452,61.6412562197809,0,100.182673181891,99.7923584642621,87.571300916136,104.87051801221,103.530477597735,110.317312349222,73.1494037112071,91.6660499665738,82.6978190409352,83.0343549132514,109.58484462976,77.5228448949754,76.6491199702628,78.2547213320759,81.1632431470885,81.440952654791,83.140513614561,82.4388763773141,84.4820802614436,83.8296544047827,89.4008544124973,83.728982542805,88.2918416760601,84.3654241024472,82.7517624852247,101.201439833355,98.9319881533881,100.359059141377,101.404371117936,98.0494568085548,95.3242327320415,96.4093868090969,88.5212156191866,89.3311992717978,89.6330385818429,90.3881105492658,91.6949419937604,138.538145762661,98.1417905373109,98.4282794538732,79.617158313206,79.1255961417248,77.9551123092563,74.5799492407505,83.3499585854328,82.9285215278119,85.8667773099122,84.7597455461645,83.982151100492,93.6740084172888,93.3415575633479,84.5378501690496,92.2397686544832,94.2589890264291,107.798837626761
56.8685082862448,56.7037003808852,56.4903897022824,56.686998776172,56.9247363515183,56.0940742732868,55.4317392308736,54.5075858332929,67.1207019595141,68.800857723513,79.026406369814,64.3028298524827,64.2920188194454,65.3217003902948,54.6759237842876,53.442361160724,71.0948801384097,74.1116585243826,72.0788752900642,69.9179675935521,53.8701098621686,56.7556398784287,54.1255255711081,49.4770375027401,91.7079119394474,100.182673181891,0,33.2360976909079,61.3758544740006,55.8690362111019,54.5679686973979,61.7384362501978,65.583691648094,56.993547020101,54.3134044229204,53.7678360217682,64.2731794956576,68.6519071883603,68.7364398353421,70.4989702213292,67.4442642084092,68.0052665043089,68.8484773003735,68.4439008917001,73.7324336066475,74.3855288234281,79.5361998844278,73.6267814501373,78.7505250022286,74.1824493284734,74.0546680801076,62.6314317968659,60.4384749720203,62.1185129670161,62.2071187234748,61.494442893004,58.4087781297461,59.0742286439202,47.2391061891276,51.872501057362,52.1233010181954,52.495078695454,53.7048583408123,97.3012081081798,54.0492721429367,45.5981197019424,81.5808106507637,82.5447586110114,80.4365897342536,76.1533913736942,68.9338996087911,68.3407446557523,74.0199048548044,72.8885380667403,67.8208315918747,46.8969686292533,46.5329568686639,53.4800387439729,49.9677707798387,56.6845691014828,61.5845189947987
57.353305694279,57.2374388597529,56.9647037592547,57.2275575433979,57.5068904669951,56.5574796714272,55.8823954581737,55.0255257133806,68.4410141700096,70.1387646834544,78.5903182364197,65.5366063842492,65.5292543817447,66.6011299706025,54.2937025880192,52.9630327226645,71.7497903355547,74.7630365817722,72.7449276178398,70.5575058838657,54.1953310397136,57.018194530067,54.417431094342,46.1619603237534,91.3354998631962,99.7923584642621,33.2360976909079,0,61.1594828965048,57.470723360561,56.1512771418471,63.3574486385094,65.1745063077624,57.1541585845836,53.7874587556161,53.2397699448221,65.4617886344868,68.2030671523018,68.2898264857346,70.0544122965984,66.9836996714831,67.5474689750919,68.3872577002267,67.9855708200867,73.2896020581821,73.9430387074512,79.0960346071204,73.1835827904945,78.3113481406565,73.7400830656156,73.613063235009,63.1278039017994,60.9242139071563,62.5916814913616,62.7503432601044,61.8581805644112,58.787784286978,59.4781601680769,47.4919292426637,52.2016282663564,52.4403141101714,52.8361529391615,54.0321090430446,98.0452369199041,54.5824110362098,46.8506557029612,81.1522351656068,82.1177010169342,80.0085846096892,75.7244104588131,68.4853961171193,67.8905649229549,73.5764089114313,72.4437356129765,67.3711896405383,46.2840688428251,45.6317014110557,52.6961957625374,50.0587457347853,56.8659647514404,62.8558181434405
54.2453867880005,54.6539873834275,54.2257458326404,54.2827990459348,55.0109219065281,54.2160815678028,53.9397067327836,53.1830813063553,71.0957572574218,72.9214685670935,72.5331385732367,67.3564058485055,67.4020858424178,68.8422876535705,37.8177385311582,41.1845921899934,67.4031929406806,70.3010316029751,68.4999676194772,65.9720582688014,45.5704351612547,47.1209057166927,45.2529056741173,62.868995212649,77.9930871293177,87.571300916136,61.3758544740006,61.1594828965048,0,63.1315957913431,61.779131591085,68.4928087461626,52.5011652360469,45.2678454183648,43.7552645042075,43.3954394725098,66.8527969224489,60.409177558256,60.2946395345962,62.2005561595012,60.3457054932447,60.9397889101861,61.941836339614,61.5607407692875,66.4911417011724,66.7847558106524,72.1694300916465,66.1815695862881,71.3438845618204,66.8008993080803,66.2850033932547,56.5898732273293,54.2899225323672,55.6655466440175,56.9553001232901,52.9616134888,50.2852009838379,51.4656623455666,44.90254937283,44.1782932793763,44.4744400266465,45.3761688761259,46.7025133543295,94.6627932241078,55.2862478761309,57.5383657826655,72.0419049840866,72.8176309162099,70.7941513294179,66.6007712650016,62.5740005599845,61.9798841113807,67.0660832008438,65.8901301094663,61.9929402081216,52.6456030946918,52.6082183773527,49.4083971308125,49.2659759676361,49.0587494966573,65.3179170240942
