IBR/IBR_outputs/SS_Optim/Spinifex_Total/Results/Spinifex_Total.asc
NCOLS 160 
NROWS 95 
XLLCORNER 210004.651214014 
YLLCORNER 7350008.22228844 
CELLSIZE 4999.99999999997 
NODATA_value -9999 
[rows 0 to 20 of 95, columns 92 to 137 of 160]
-9999 -9999 -9999 -9999 -9999 -9999 -9999 -9999 -9999 -9999 -9999 -9999 -9999 -9999 -9999 -9999 -9999 -9999 -9999 -9999 -9999 -9999 -9999 -9999 -9999 -9999 -9999 -9999 -9999 -9999 -9999 -9999 -9999 -9999 -9999 -9999 -9999 -9999 -9999 -9999 -9999 -9999 -9999 -9999 -9999 -9999
-9999 -9999 -9999 -9999 -9999 -9999 -9999 -9999 -9999 -9999 -9999 -9999 -9999 -9999 -9999 -9999 -9999 -9999 -9999 -9999 -9999 -9999 -9999 -9999 -9999 -9999 -9999 -9999 -9999 -9999 -9999 -9999 -9999 -9999 -9999 -9999 -9999 -9999 -9999 -9999 -9999 -9999 -9999 -9999 -9999 -9999
-9999 -9999 -9999 -9999 -9999 -9999 -9999 -9999 -9999 -9999 -9999 -9999 -9999 -9999 -9999 -9999 -9999 -9999 -9999 -9999 -9999 -9999 -9999 -9999 -9999 -9999 -9999 -9999 -9999 -9999 -9999 -9999 -9999 -9999 -9999 -9999 -9999 -9999 -9999 -9999 -9999 -9999 -9999 -9999 -9999 -9999
-9999 -9999 -9999 -9999 -9999 -9999 -9999 -9999 -9999 -9999 -9999 -9999 -9999 -9999 -9999 -9999 -9999 -9999 -9999 -9999 -9999 -9999 -9999 -9999 -9999 -9999 -9999 -9999 -9999 -9999 -9999 -9999 -9999 -9999 -9999 -9999 -9999 -9999 -9999 -9999 -9999 -9999 -9999 -9999 -9999 -9999
-9999 -9999 -9999 -9999 -9999 -9999 -9999 -9999 -9999 -9999 -9999 -9999 -9999 -9999 -9999 -9999 -9999 -9999 -9999 -9999 -9999 -9999 -9999 -9999 -9999 -9999 -9999 -9999 -9999 -9999 -9999 -9999 -9999 -9999 -9999 -9999 -9999 -9999 -9999 -9999 -9999 -9999 -9999 -9999 -9999 -9999
-9999 -9999 -9999 -9999 -9999 -9999 -9999 -9999 -9999 -9999 -9999 -9999 -9999 -9999 -9999 -9999 -9999 -9999 -9999 -9999 -9999 -9999 -9999 -9999 -9999 -9999 -9999 -9999 -9999 -9999 -9999 -9999 -9999 -9999 -9999 -9999 -9999 -9999 -9999 -9999 -9999 -9999 -9999 -9999 -9999 -9999
-9999 -9999 -9999 -9999 -9999 -9999 -9999 -9999 -9999 10.6770387130342 10.6770387130342 10.6770387130342 10.6770387130342 -9999 -9999 -9999 -9999 -9999 -9999 -9999 -9999 -9999 -9999 -9999 -9999 -9999 10.6770387130342 10.6770387130342 10.6770387130342 10.6770387130342 10.6770387130342 10.6770387130342 10.6770387130342 10.6770387130342 10.6770387130342 10.6770387130342 10.6770387130342 10.6770387130342 10.6770387130342 10.5546756660892 10.2110299450439 10.2566737336724 10.3851718863525 10.4216580257413 10.4981415981339 10.5623288699643
-9999 -9999 -9999 -9999 -9999 -9999 -9999 -9999 -9999 10.6770067402075 10.6614850011299 10.6770387130342 10.6738345176761 10.6770387130342 10.6770387130342 10.6770387130342 10.6770387130342 10.6770387130342 -9999 -9999 -9999 -9999 10.6770387130342 10.6770387130342 10.6770387130342 10.6770387130342 10.6770387130342 10.6770387130342 10.6770387130342 10.6770387130342 10.6770387130342 10.6770387130342 10.6770387130342 10.6770387130342 10.6770387130342 10.6770387130342 10.6215423646925 9.84616990430319 7.78509162448659 6.45133426060661 5.35107244401981 5.34564703451157 6.7209645086227 6.85771347112115 5.59457081942899 5.6953112356473
-9999 -9999 -9999 -9999 -9999 -9999 -9999 10.6770387130342 10.6736032732693 10.673968289424 10.6719805376299 10.6770387130342 10.6769620247688 10.6770387130342 10.6770387130342 10.6770387130342 10.6770387130342 10.6770387130342 10.6770387130342 -9999 -9999 10.6770387130342 10.6770387130342 10.6770387130342 10.6770387130342 10.6770387130342 10.6770387130342 10.6770387130342 10.6770387130342 10.6770387130342 10.6770387130342 10.6770387130342 10.6770387130342 10.6770387130342 10.6706403011055 10.1859073599287 7.99101922615548 5.07485639751154 4.69964619954229 4.30128970262475 4.83962497648212 4.89847240745579 5.77649865510413 6.44937150762252 4.58850986119166 4.80889440217539
-9999 -9999 -9999 -9999 -9999 -9999 -9999 10.6770387130342 10.6770387130342 10.6770387130342 10.6770387130342 10.6770387130342 10.6770387130342 10.6770387130342 10.6770387130342 10.6770387130342 10.6770387130342 10.6770387130342 10.6541283241918 10.1221195419828 10.6498784206717 10.6770387130342 10.6770387130342 10.6770387130342 10.6770387130342 10.6770387130342 10.6770387130342 10.6770387130342 10.5334874286052 10.2086303784837 10.6085919385215 10.6770387130342 10.5270940951946 9.62403666064945 8.7137940947817 7.77660313431978 7.91391288331432 5.28989480272268 6.35934755789511 5.08493677909145 5.20152076438365 5.21013599102074 6.16438916796644 5.76280064301463 5.04369913343002 4.85158211860316
-9999 -9999 -9999 -9999 -9999 -9999 10.6770387130342 10.6770387130342 10.6770387130342 10.6770387130342 10.6770387130342 10.6770387130342 10.6770387130342 10.6770387130342 10.6770387130342 10.6770387130342 10.6770387130342 10.6176100956084 9.88052041301616 9.79523686867558 10.6767424324859 10.6770387130342 10.6770387130342 10.6770387130342 10.6770387130342 10.4557345863874 9.46649012636128 7.9247385250656 6.31396552534673 5.53766840433218 6.41267578776474 6.64000192778777 5.99944616543221 5.80315510445987 7.28936761819749 7.77974105086342 7.72497806258683 7.2993362464733 6.59847145069654 7.00176326225576 5.79111045603046 5.48476975322446 6.0352904666016 5.8461030757641 5.87355415556045 5.80679610927091
-9999 -9999 -9999 -9999 -9999 10.6770387130342 10.6770387130342 10.6770387130342 10.6770387130342 10.6770387130342 10.6770387130342 10.6770387130342 10.6770387130342 10.6770387130342 10.6770387130342 10.6770387130342 10.6770387130342 10.346256249696 8.85846368714996 10.6663756906723 10.6770387130342 10.676380116079 10.353927842864 9.47090772551486 8.42856987103955 6.79701598719706 6.29225881935032 6.25052831902319 5.91874924327247 5.58173655617883 5.15604543697837 5.49372801130989 5.85011428414771 5.98878860003946 6.44338736057338 7.23937464194696 7.76847983919117 7.13380973782859 5.97922784909202 5.89345411010304 7.54103466881464 6.43276026010545 6.20746580391822 6.29879376585022 6.09704296146634 5.86529471037084
-9999 -9999 -9999 -9999 10.6770387130342 10.6770387130342 10.6770387130342 10.6288414048876 10.6130260580539 10.5833523023027 10.3833946517481 10.5840612418226 10.6770387130342 10.6770387130342 10.6770387130342 10.6770387130342 10.6706633763252 10.6740990034271 10.6456073352108 10.1396518655681 9.28939449017458 7.35544818069423 6.23718829397282 6.3956681443041 5.93893290774393 5.24434234831299 5.26383538566824 5.43576179901137 5.8412851732586 6.08385447255855 5.88214728205629 6.1500989898419 5.27734828010979 4.58157366486583 4.79874107513991 5.33596862636282 6.44817740722115 6.04487136200879 5.67389360638365 5.8787119935729 6.41136633446561 6.66629729214362 7.12382359944512 6.41329303240484 5.95807178029289 4.83566116866072
-9999 -9999 10.6770387130342 10.6770387130342 10.6770387130342 10.6770387130342 10.524848965346 7.90058390566078 5.09133055745538 8.7589195331037 8.97573388999931 9.18017533575428 10.6770387130342 10.6770387130342 10.6770387130342 10.674640255351 7.62775736264213 7.47707892703485 6.38786258892991 5.53585712489107 5.43149275693294 6.67368404429495 6.35451528931459 6.53831786572574 6.52606219649018 5.67723834198849 4.63891487385173 4.6053674859304 5.43909506190352 5.8338600144326 5.19739975399882 5.67697222840593 4.9296868449837 5.08429216278708 3.76092508338063 4.32515119149788 4.62531222843868 4.86042702546302 6.03145510687659 5.37992122183727 6.40354689415689 5.68677644439898 6.79457156253944 6.61613993892718 6.30524536229878 5.39672672723037
10.5711734999634 10.6203181477177 8.95081898651888 9.65728009080828 10.0170949096069 9.53394365976053 6.85749934179071 5.41118324084363 4.3346147369656 7.41101783096188 7.32409964621151 9.41209693208449 10.6770387130342 10.6770387130342 10.6770387130342 10.5074850961284 7.79566652747105 4.65633452783564 4.60185099036275 5.2646258367368 5.57063772841121 6.50391056994478 6.28824374321294 6.92487514887929 6.06538077986028 4.98525033221814 5.64040582308723 5.52757353204613 5.57680918088653 5.62072905005729 5.7783142008808 5.40099481906162 6.38470447739522 5.74248918461347 4.09618880010628 5.98169597205518 5.12357728508741 5.13573417939934 5.93159729319241 5.52063638385701 5.43294971233151 6.01576395855767 5.99832103930243 6.69635590700787 7.16568099214756 6.59238402139872
9.55796909313703 9.04910314305249 4.11800943831986 7.62922061412096 4.17449057067354 6.21320849894015 5.5625760762821 5.69151324725743 5.09076726864105 5.67163167810349 9.20389311301168 10.6640113125675 10.6770387130342 10.6770387130342 10.4967142146776 10.0622460797417 5.613032817033 6.2656263808619 7.19606790585617 4.90663295912169 4.91682263574616 4.93209534805316 5.57638043263249 5.73584883081661 5.74281823362066 5.3162860467457 5.12009971526786 5.27748816118307 5.0338962330468 3.78670836343994 4.96000013917879 5.26791036843621 7.08963931985303 5.4072703132204 4.60144510230501 6.31669828614505 4.76616998374953 5.48028265430197 5.9573360913144 5.85359304075338 6.43444362216071 6.60954242822076 6.63303128482931 6.62879649062005 6.64254786127359 6.67027598453322
7.76250975896024 9.39041149758433 5.35635231493977 5.14267252015492 5.59953352875256 5.30988561322621 4.74863994932639 6.31991974781109 5.68348729430977 5.41021000601131 7.04549704245301 10.6447753824611 10.6770387130342 10.6770387130342 7.95770321087605 9.20031995949076 10.2119238515977 10.6233126730033 10.6477146700175 8.81133581870844 4.59036116350976 4.43373551967697 4.83601130390339 4.60121789511672 4.58268506205193 4.70285105982988 4.41825406901592 4.74609676464749 5.07569842752349 5.64254575899653 4.83500907885499 5.58752229752341 4.72394607795452 5.0099718390996 5.43712439726189 4.9692000756879 4.29080916539739 4.70028773174089 5.81289269690792 5.71558874297803 6.49423325909465 7.13456165473707 6.2235344227934 6.59729811552576 6.69125620842552 6.84791606107835
10.1801469665214 9.89655443763099 5.29287792711453 5.10990886920718 6.28315279790165 4.83946063871003 5.69625560676619 5.94359038754229 5.8180783029855 5.21702516562647 4.91574445466891 9.69249440909894 10.6770387130342 10.6770387130342 9.2590085705971 7.21863721796002 10.4292610749715 10.6770387130342 10.6770387130342 10.6104774347358 7.99812107129616 5.6760266300246 5.75627475825755 5.5185895729975 4.85365500808943 4.5149362128894 4.19774905135451 4.37472270646561 5.57035464521904 6.64064059729984 5.79247554724305 6.02725518927702 5.32190780427718 4.91988717832867 5.33184387613038 4.94902163449734 4.90487781428975 5.91824842185232 6.22304558763102 7.65680056973876 7.56590351705217 6.43956898009453 6.3249359646889 4.54547901305713 4.38181447179046 5.55315649256017
5.64875535936037 6.47280800999597 5.4398445517541 4.44649172714814 5.26902514707597 5.65063888900969 4.53351117737026 5.7596575803333 5.20582741855493 4.91929848824141 5.66262569630267 9.55951060314134 10.6770387130342 10.6770387130342 10.1142874779328 4.99685213308344 5.63608151779168 9.58640663315831 10.6770387130342 10.6770387130342 10.648712744712 8.45114049606239 6.25034046659482 6.11812342985229 5.29606314487774 3.82316828033456 4.54884875319151 4.1032906933318 5.00799064220601 5.23312642388136 6.40970050231147 5.51142004865288 5.97561705866389 5.41593836890071 6.1815227837632 6.98793334632813 6.41150998319871 6.93532017519382 7.31208819611847 8.46846554457583 6.85368651974652 4.94797424706185 5.07357121890237 3.80442003074175 3.10683471533644 3.11756995047157
3.97613860348091 4.7484079795711 4.070437562903 4.36908441047152 3.99323163863464 6.37316786779977 3.81991276379041 5.83551817182146 4.06851439928194 5.06462131203595 6.16294915669576 10.3952115625874 10.6770387130342 10.6770387130342 10.1131092036628 4.64631052932758 5.17515445063297 10.3307946148008 10.6770387130342 10.6770387130342 9.44975843315561 8.79601477653335 9.97350727764642 9.5246198075649 6.19229488019976 6.16534996176005 5.45177569796198 4.89102850272236 5.54098168686521 5.91746146202524 5.61918315710125 5.88594566330566 5.28636536598036 5.83764211510354 7.41557341038593 6.72068656629002 5.43612031798035 5.3168659152247 6.23981090094491 6.44697848288373 5.56103750687381 5.01453254033969 4.50047970635645 4.27122553050113 4.08001011243095 3.24719417825535
3.19695952506021 4.47351083913686 4.57179442933355 4.66548582446738 4.13018342026671 4.51643538614821 4.96928431817417 5.94999633106929 5.08990185299896 5.1729407553839 9.6507274955296 9.87053500731033 10.6750831606869 10.6770387130342 10.5835030464601 5.57401500489489 5.32143060464929 9.21162928557703 10.6770387130342 10.6770387130342 9.51696770420007 6.77489688832909 6.79218356592644 10.0695448927386 10.5611215434549 10.1482344856044 8.73977094306889 6.98671418024736 6.67118515245502 6.81418688822417 5.38000277109111 5.88371660124427 5.70341596528122 6.40676229317186 6.70848949572725 9.11573703909426 7.53255258325388 6.4863718299273 4.95699930786184 4.14375180642537 4.80440569693476 5.57996446250869 4.86230024609753 4.66268734874261 4.37962724001121 5.29975352285431
