IBR/IBR_outputs/SS_Optim/Spinifex_Total/Results/Spinifex_Total.asc
NCOLS 160 
NROWS 95 
XLLCORNER 210004.651214014 
YLLCORNER 7350008.22228844 
CELLSIZE 4999.99999999997 
NODATA_value -9999 
[rows 63 to 83 of 95, columns 92 to 137 of 160]
6.46476946716234 3.47189838035321 3.0644992533164 4.82644979345667 7.20554513573119 7.54155912907174 7.10043582918031 7.03879697213879 5.0849722471961 6.1933375946507 8.46654016848988 9.81111756483494 10.6770387130342 10.6770387130342 10.6770387130342 10.6770387130342 10.6770387130342 10.6770387130342 10.6770387130342 10.6770387130342 10.6770387130342 10.6770387130342 10.6770387130342 10.6770387130342 10.6770387130342 10.6770387130342 10.6770387130342 9.34287688383091 8.18554227781607 8.93185198133163 10.0155569601536 6.72125951023579 7.15750512399741 6.59185614989958 6.93674570567236 8.71867556500673 8.81623621138624 9.23419275326454 8.75816349920117 8.52394575637647 6.64417711295867 7.1351234799299 7.5059892539172 8.55116996462107 7.83700042207932 8.47131175586143
5.41195206397849 2.77413275871578 9.75271088944044 8.65333857354525 8.56823407850343 5.65223050372996 7.48392568252616 6.85927935872513 7.68281903196936 7.12951414439682 6.79904910322408 6.16371146389408 10.471016751788 10.6770387130342 10.6770387130342 10.6770387130342 10.6770387130342 10.6770387130342 10.6770387130342 10.6770387130342 10.6770387130342 10.6178162435509 10.6633465686937 10.6770387130342 10.6770387130342 10.6770387130342 10.6770387130342 10.297724960099 9.10501794336574 9.04254535677106 7.55961212890755 7.75767604379525 5.28859737552878 6.2105041072185 7.47284663270069 8.03797254393624 8.60664267900191 8.3282297472868 10.2289186873518 10.5864114364352 8.25706528675326 7.38357781607289 7.14542660494453 9.23254778037526 8.55704495102426 8.06626115587169
5.31721005455196 8.46349086016166 10.641302310152 10.5766508836936 10.10998219501 7.67525649604408 5.74730279301887 4.55890276123731 5.35906764728451 4.75104303911004 6.07042978836544 5.50353611442532 8.25968346823913 10.652928239948 10.6770387130342 10.6770387130342 10.6770387130342 10.6770387130342 10.6770387130342 10.6770387130342 10.6770387130342 10.0850516043494 10.5492111101086 10.6770387130342 10.6770387130342 10.6770387130342 10.6770387130342 10.6770387130342 10.6490407997823 10.0742266290129 8.81411119155437 9.27651163144485 7.31931745541713 7.13036261142575 7.51216063831191 8.8892701625542 9.42794702093431 10.5462506348306 10.5985684930731 9.88492809469453 8.6477353297994 7.72002757140408 8.55196955340804 9.43020900982577 9.36108785370282 8.36934394571331
5.05607707131411 8.54450807551294 9.01333425025811 10.385383917736 9.64090364076602 10.199485446191 7.19621455777002 5.40905542036823 7.91401933507915 3.49411238640972 4.25913735495473 5.31521508168812 7.64415094998419 9.38300903247993 10.26438856372 10.676512917123 10.3600543605009 10.0849286196958 10.6745214082084 10.6770387130342 10.6770387130342 10.6770387130342 10.4512216059809 10.3395161030006 10.6770387130342 10.6596175829946 10.675551154554 10.6770387130342 10.6770387130342 10.6770387130342 10.6770387130342 10.5294305737063 9.4428251430039 9.85293622881307 9.34337133317405 8.98659991278764 6.63022590745127 9.68638273620214 7.00636783899028 6.74902572199274 5.29348108510915 5.17423602235013 7.52779897426579 8.50109260695445 8.22990828545062 7.56457963788136
4.55848383400009 7.54897570824351 4.0531841654741 9.77948404966717 10.1633098889472 10.0489426855791 9.30264104691866 3.13401118756021 1.73792342844433 1.03634749658565 1.51064942263216 1.97966672968365 3.38642224873774 7.98408905932942 8.84935492518196 7.27297267695032 6.3058209361768 8.33905253635801 10.62090051709 10.6770387130342 10.6770387130342 10.6367553189089 8.03191452066976 10.2157957924893 10.6763560620921 8.94474696227839 8.48000314187422 10.6770387130342 10.6770387130342 10.6770387130342 10.6770387130342 10.668363919188 8.70069466867071 4.49061471636723 3.6201350928349 5.45333054840874 5.40155245820578 5.7399399196042 7.84818978736928 6.34865674629133 5.89242911321836 4.8468674249712 6.50247220090733 8.25807074420079 9.14325840292073 7.8292585088212
9.5954368521774 8.20065815048914 10.520452209861 10.6727677758731 9.50565670391502 8.55008326930276 10.0597785343612 8.95184735823168 4.95955432673891 6.408371213796 3.30976682480298 3.19288043913153 3.48984140769711 7.11585479061406 7.0243110590867 5.54849941830614 6.43803049501519 5.83654528087757 7.27589441257524 10.4384179758915 10.6770387130342 10.6770387130342 10.5734983788346 10.6755460204179 10.6770387130342 8.73667604768351 7.31557645240019 10.3299118920438 10.6770387130342 10.6765661380523 10.5374875478753 10.3877823816657 3.9523627707933 5.06407196174904 6.20816956897583 6.84091515844979 6.1634585144032 4.83695890078119 6.98437009366328 5.13204140817669 5.26027983579162 4.62185330455819 4.69517038343461 6.74696001352382 7.17143397898411 9.77466810479776
7.84998898669728 9.54809701205696 10.4102501072929 7.85929975848003 7.55833230705135 3.8671923235449 7.10013124969319 4.54771993783224 5.12374855859892 5.45114596364473 3.81890706462113 3.92252342568441 7.29487745258192 6.58483958216197 3.31488571341267 3.53530220684667 6.01873769271417 7.30532460775465 3.78732555761326 9.31768503455497 10.6770387130342 10.6770387130342 9.59568024864635 9.86308385075689 10.6770387130342 10.2570545766262 9.7332853345445 9.45204434649928 10.2330703251349 10.6762916303098 8.5216445032555 7.26991780464754 6.24216703530935 5.22705421649473 6.31954160862242 7.00344774528666 5.79665407828521 7.39335427475987 7.68390612037996 5.00603003690497 8.86603247148768 9.36256247476693 6.81653730281457 8.9101974025943 9.31832773968658 9.1512371396314
9.13223927048687 8.26970411759499 8.28118279635198 6.65244006706625 7.74769133139117 5.37593344514818 4.44847734285569 6.835295763475 8.13534688344379 5.25397662903422 3.97128137381709 4.69080004519346 8.7281026446225 5.03543295369503 3.81622591808778 5.10784897937424 4.77516230888162 7.17389129541287 6.65742754861478 5.75880156848533 10.6219855914311 10.6450339927861 10.200907468374 10.461124816061 10.6770387130342 10.6770387130342 10.6510945299946 7.52911019486827 8.3768375075263 10.0031467640149 10.3827967335232 6.59347563591821 9.31609079565865 8.2886988374039 7.43167170355674 6.9932109398586 6.52963057674465 9.32320066860995 7.21683562077068 8.5072910985852 9.12412979908402 6.95107518986798 6.49658399135603 8.34920725069034 10.2552453131121 10.3657858103469
9.23039731362578 9.9498426706641 9.78171087873253 7.79167013952512 5.83278055430106 4.76939237796656 5.74728768016711 9.23626368973038 8.52633642131123 4.67617286580481 3.83400043940332 5.93204518637318 5.57999083756844 3.57795130854068 3.90597979604646 4.02565767474666 1 3.4335405975707 9.08192427531162 9.83832812458969 10.6751394759903 10.4024704505736 9.64967262643316 10.6770387130342 10.6770387130342 10.6770387130342 10.36802576794 7.56462390599545 6.19215579662692 8.82434043788402 10.1372381728823 6.83753185447493 8.10518079985571 10.6707605288735 10.1072467709717 6.29116478228888 6.29817169748614 5.92523835741944 9.35442877687476 10.0460551664789 7.92819460184079 5.67619124643595 7.44754227103163 10.3946661602175 10.6768325393676 10.6770387130342
7.67837874868461 8.70819185060181 9.4630395995894 8.57239341510289 6.14532772136626 5.71658016022135 5.78156422041859 8.3226277557875 9.91196949956421 9.67444929499355 9.76092294005856 8.3991828004475 5.91900564752593 3.86935419042092 3.6641023818126 3.27515801964562 1.5469981030898 3.04235078573347 6.39567015237523 10.2222283069484 10.4724598625375 8.52104674015105 7.80665738801621 10.5690774127869 10.6770387130342 10.6770387130342 10.3647903117258 9.59939395396134 4.3659809590338 6.46590748073997 7.77584297229466 6.68702363820126 5.6406569632942 10.3784524156183 10.6770387130342 8.54609498093627 6.79810886547918 7.9035822442383 10.3343187529423 10.3999284657014 7.27167798388605 7.30124761157136 7.62757518893773 10.4166596697202 10.6770387130342 9.05139562084478
8.89430570096661 9.15803274217645 10.4031405706673 6.04423118872507 3.74466215184192 5.22601445220478 4.57528215868675 6.02749178768113 5.74436755922714 10.003189265773 9.45073970742435 7.78730496330889 6.72699289028565 4.20270991061519 3.47167343424306 3.74477765510239 3.59061641663429 4.86011478845147 6.13781409536336 8.38451088643508 6.22743116091938 3.61399811465915 5.34779639499523 10.4795325744695 10.6770387130342 10.6770387130342 10.675008419829 7.80789071773707 4.51440138263112 5.05726322167107 8.65050196927651 6.21369651357969 5.59303672158477 9.03051135061315 10.3623147032489 10.6426947264964 10.5541032328859 10.6707264635332 10.6770387130342 10.4644293845935 8.84985210052893 9.18333417557774 9.37918833264817 10.5716873222042 10.6770387130342 9.68831726347747
9.17385377735963 7.60025382547401 9.85534878232181 9.92489034073731 8.74986397730065 9.04382297511573 10.335956755129 9.42614280718955 8.96312915280266 9.92451499872695 9.42100985176963 5.78392428608135 4.5129019191512 3.07233565013007 4.06021534566405 2.56237058660446 4.040005588328 3.32958030814469 4.63780865653951 6.99341372320267 5.65717013113298 3.94390781815314 3.35896306130127 7.11510201097651 10.5267881825355 10.6770387130342 10.2657764121541 3.82292236804856 4.17755301898717 8.24231796968111 10.2481926002116 9.73661768287271 8.85307342980053 8.69959947215481 7.08167391925116 8.51406246256437 10.6398709027158 10.6770387130342 10.6770387130342 10.5217946425699 9.98176186730909 10.6591333522239 10.6019776832573 10.6770387130342 10.2656451939144 6.54822723846307
9.12208763931894 8.43431384409183 9.31234772027169 9.1045258196813 9.82425386758306 10.0918675268212 9.38050217131743 8.94112546564892 9.63846241811464 9.45943768515319 8.79008658567813 9.51007824049742 8.7592660485256 8.30802281340277 5.89685270609614 3.1180336291301 3.49435657344983 1.08229513271105 3.62132759302812 5.72738142059132 5.53515636652692 5.86734215657534 3.51746561062276 4.85131459276015 9.74261805683558 10.6770387130342 9.59862624867469 3.532839358684 4.13549116693462 9.62937415746299 10.6770387130342 9.80564437525108 8.44720782742763 8.85148416352503 8.1224368053189 6.08546405359194 7.53984252417507 10.5110546202254 10.6770387130342 10.4781465624904 7.39883291290902 10.0157600045093 10.4396438106013 10.6770387130342 10.6337768039189 9.79267806304365
8.81642425890734 9.27744026958375 8.75076043744784 7.1873503922366 7.27009525412028 7.65597296934326 6.47027222471883 6.87917768568746 7.24994688037829 8.17056676905513 8.24286534334001 9.86646306389982 8.04901970343634 9.7705809210386 9.43777194636615 8.16300458088286 9.67953681859867 9.06230976514674 6.72922316670633 6.37274304932598 4.80078190612974 5.90774955830176 5.03242516147386 3.53287680006705 5.86037953998159 10.6654181817337 8.20789912486375 4.40503214520505 7.56841696772334 10.612604984584 10.475000542526 9.60887540945174 8.88644958731367 8.07744545221026 8.26250861307862 6.74807366619147 5.25837695217362 8.85109510317387 10.6770387130342 10.6770387130342 10.5700574363468 7.83834088935145 10.6731230153002 10.6770387130342 10.6770387130342 10.1075198956302
10.0092165358219 9.00930384602774 6.64273966912297 6.42174896740079 6.82614973441581 8.46931221567523 9.92989012098563 10.2611057873849 8.98269287936721 8.42576062933195 9.15723476549662 10.6085128453743 10.0878102912643 9.79789688922191 8.91032877488364 7.5153454929678 9.60611359835207 9.34644569208692 8.2502028776935 7.50121849619188 5.54855601950598 6.07817181177687 4.88118894309675 3.7295052214546 4.25384894428079 10.4462282410388 9.33113794491947 6.28843213938798 10.358833002573 10.4048266207585 9.51371629847597 8.96877627825747 8.7287966237368 8.06882529630468 6.23606145028861 4.43269536218377 5.89603061542567 7.476448069228 9.88726385843619 10.4502912228302 10.6765020134421 10.6594871855984 10.6697261295741 9.5040100780436 10.3287179918177 10.2395757123326
8.41939850614699 9.03106797299639 8.32296825445115 7.81804996251854 7.97352649205091 7.09615097033062 7.73795601179626 9.25145771632076 10.1541841309384 10.6770387130342 10.6764024459502 10.6019123748879 10.1034880858801 9.38954154805809 9.60404142068732 10.3498133514058 10.2780119474509 7.94876595038455 5.46242811416735 5.49237863484084 6.13380868829584 6.19667454929024 5.56926550259686 6.50093176629675 7.96835078864152 9.92835779485159 8.88379728789998 10.6650240650722 10.6262088225117 9.68040561636856 9.40478954909328 7.56008491255897 8.33631566657768 9.24726290583132 7.94625884580462 5.27310477094939 5.35840931861021 7.90587172238542 6.31691038547863 7.65608242597353 9.83512781168455 10.3667957727129 10.6770387130342 10.3636259352248 7.05407343661885 6.33611769681795
5.27522410944403 8.10301583470362 8.98645378713581 10.3350295372726 10.122202958433 8.90331419630758 9.71036199607509 8.36943660909458 9.19520158774205 10.3271766755103 7.59397671872228 4.9668878119197 6.15341581287049 6.58113720550943 7.36976789205145 8.54945748303413 6.38736881230538 4.36311810427211 5.01847177300868 5.51689486938293 6.33459504889114 5.58194238758391 5.20867031392869 4.40118267301234 8.91502430942652 10.2258919030413 9.35741967594559 10.6733398403531 8.98956662242529 9.81240555025826 8.6601916773057 6.4189203421758 5.93502188091232 8.70556078573919 9.09504190051032 6.31592212065057 7.63838365742822 7.76862336471477 8.6601973545012 7.02040631425261 7.4386132057271 10.1186698013093 10.4332924237264 10.6493516058703 8.82446572000296 4.64124455427964
9.28435396881619 10.5880036093674 10.2947568387226 9.39314579543057 9.75424489221763 10.2312346693678 10.0748011030328 9.60577284378594 10.529948461796 10.1871870585989 9.36175575781557 10.1590920831296 9.87806392448065 9.20705932400197 9.26403326128075 9.46515286346346 7.66662921096764 6.3444837886953 5.95689366451167 7.78836142264019 8.22311646389414 6.83758520069904 5.59870878552435 5.18653829073184 7.90261470392532 7.01714598683945 3.77346365171707 7.52492278928801 9.11043709071775 9.68254016738977 6.79521186199307 5.96299991906952 5.76387898366839 8.66979788986899 8.9405025603277 7.01253889960123 9.41619063060836 7.84035989852662 9.38619237639305 7.9339082731666 10.1358536851873 10.4376488666017 10.6762961627482 10.5603889556259 6.8089286553258 4.9729419453389
7.61374214273783 9.71698502313776 8.37422753441818 7.55657204884129 6.98823475825935 7.6795508181758 10.3679266931365 10.5198903836462 10.6770387130342 10.4645797895755 10.5118799548857 10.3005875732386 10.4258662321104 10.2403666318253 9.38422999886347 10.0464146112882 8.7399647195121 6.60816498304174 5.41962201235603 5.26996878746664 4.91493672367352 6.52609515846655 8.98500334510802 7.80508980897343 9.60823865394116 9.54217753819309 8.17369989764907 7.03375420281567 8.05304584199443 7.42579552080383 7.75777750709692 6.21266372237705 8.07394562041269 9.5175368099143 9.01364955819617 8.65762457243567 10.6074549727948 9.84043416503245 9.2511448093987 6.63511013555506 10.2243265076302 10.6462477482254 10.6764591447245 10.6770387130342 10.0847389165669 6.87357571614769
8.07680631066543 9.49848755684155 8.7870728386136 7.71305466078226 7.97566389349888 5.81869460939757 5.84321192548717 9.16611753387243 10.6281592022504 10.4043623318617 10.3057057855277 10.2322351743247 10.422143065438 9.64449261494386 9.43801775458094 8.65778334919661 9.53667820174267 8.24142671610895 6.62306465759989 7.13833484623756 4.75848785166717 7.20103341325777 8.9744033588288 10.4153028319582 10.6770387130342 10.6770387130342 10.6770313540909 10.0909767624429 8.7769945992995 7.40165782746194 6.16226721767444 7.53965266914877 7.5050720916419 9.73576653772454 9.5562491137899 8.40274920983916 9.8220597402349 9.76178054704945 8.46096837285647 7.05310268371244 10.1096432570411 8.44217692921257 9.99342876884454 10.6770387130342 10.6770387130342 10.1282708668597
8.10804553223155 7.93999131817437 8.04947501221805 7.1019029330099 6.42381478443344 3.64852920660916 8.43127818865234 7.51474113569504 7.2391675014431 7.29095301263035 6.95590476951568 9.33530162937347 8.55015583851495 8.92948666550679 8.2288707045209 8.01797147509526 10.1597746226432 8.17873451046842 8.24248368573598 7.84886666208616 8.89283335692534 10.4540434804562 10.6770387130342 10.6770387130342 10.6770387130342 10.6770387130342 10.6770387130342 10.669410840824 10.111655528254 10.0645224957897 10.321536787939 10.1156472815723 10.2324535931431 10.0673756067204 10.1929484006723 10.1954629079242 9.80740678846592 9.14046561799429 8.25326072849112 8.27252036314445 8.82511781943099 7.53778056845556 10.506675854033 9.90287772870594 10.6765458536761 10.1907560604304
