IBR/IBR_outputs/SS_Optim/Spinifex_Total/Results/Spinifex_Total.asc
NCOLS 160 
NROWS 95 
XLLCORNER 210004.651214014 
YLLCORNER 7350008.22228844 
CELLSIZE 4999.99999999997 
NODATA_value -9999 
[rows 63 to 83 of 95, columns 46 to 91 of 160]
6.63677726970639 5.2979232221195 5.20470922608933 7.3722863088604 7.64915029907613 9.0397664791525 7.01799007326724 7.88445761232131 6.01573390877052 6.60521479459885 6.35151250675352 7.40974797030267 7.34779848143043 7.48944946549547 8.89784672341673 8.28774235009334 10.1391622217671 10.6688550852925 10.5427948793889 9.56614375414097 7.71325883221546 8.38122349126014 6.60846399267246 3.96210888392188 5.80685545767973 7.0634882377617 8.11569000666448 9.06965934489779 5.59120747571525 5.69305014576846 7.72244206322164 8.175224616706 9.46371488761469 7.55296364173571 7.58726163390041 5.12200957235593 4.89911964991455 6.30429365444495 5.11169150526108 6.94690160626577 6.43135187366 8.4295342404643 9.72404332233864 9.04178573172088 9.35960417021846 6.71378301167097
7.18043084739817 6.69114405299952 5.73274851747425 4.91443087867897 6.29840455525583 6.93873895640754 6.85917263199163 6.54312333785307 4.37996827628108 7.04782887383951 8.16032661251902 10.2236055029617 9.39616036134939 8.87716927181734 8.87345789313536 9.46679620931647 8.64337387149543 7.60667379669739 6.48858435458787 7.76393424014536 8.90242695454912 9.34105956701317 7.60105342257884 4.76297602985887 5.30630688505602 4.95719689205545 4.61491989188219 9.04481402870857 7.29578038852272 5.21102594992562 6.6029495392859 8.73289959695902 9.91404974099226 10.5695070472813 10.3270885043331 8.30682885505386 9.46834996689135 8.36549766456265 5.91117111068812 5.25188451115746 8.75964826244863 8.36092736635317 7.64172660154953 7.79162076681637 8.45758003079226 5.48857939142278
7.50121236854058 6.83273308307202 7.85036324138368 7.49485501480262 6.3148756400698 5.78442962883056 6.4596564988454 6.01513918189326 4.95063627372131 6.52074507498361 5.93598922014899 6.78106643830631 5.91024849986682 6.45191814443273 6.81424834762148 7.87047354832519 7.99463361973114 8.16380316424774 8.65339639480875 8.33101509771038 8.77637475553584 8.35504983641 8.18517596193132 6.55699928838785 6.90535898250664 5.34620863197837 5.17985680590236 5.3643199233027 8.15410131096866 4.67748930864265 4.92868835351716 6.97349942128319 9.56214957756416 8.92265854654671 10.0417146334405 9.83945907392589 10.6694955009717 8.72392225679636 7.43918779824269 7.73241136663677 8.28957943805611 9.07835187434609 8.35946984373601 9.06478971775968 8.79022005558695 5.68906802176529
6.86394261923116 6.67308676247761 5.48809115615454 8.25897896557602 8.12980812834747 7.42344684038334 7.0943853823362 6.7047048732778 6.42412434733349 5.23029896988309 4.46890996076191 6.05090722585109 5.85038827786967 7.96064627232161 6.10424231927788 5.31234202228746 5.67819324306397 6.61516346047571 5.6686470979308 7.18311740460976 8.35966604241975 7.53674734465171 7.50761828980447 6.87962312435196 6.90054199641486 4.83026851497971 6.19031735817863 6.6141686012803 5.96154334208835 5.74705882540245 5.19155329293593 5.8359736493409 7.40305023478949 7.43064710158076 7.09270215660803 6.17393749354781 8.62515463622363 7.87432100695354 5.12780833230167 8.87569304965728 10.0917084598883 9.3625541303862 7.46276730770061 6.65713741862088 5.62169410117616 5.63604583161861
7.68828615515547 6.90346302112584 4.62331624620257 8.31732882346684 8.08840543703517 7.74198462551572 7.51671480111252 7.19312943058599 6.7357779484031 6.34764045013353 5.45833494637876 5.8966445350983 7.93623748484279 7.14538473839523 5.22605777792014 5.88623205552455 5.47571270537782 6.74233558067416 6.95357830472062 6.67513366779075 7.59558150102564 7.41601341425507 8.8092076748865 8.15531948829133 5.57087680243146 3.88473219211605 3.67376414100346 4.75369017081969 6.1776475701009 6.19481376361026 5.63911507476166 5.51982832963934 5.85826725356857 5.48699623466313 5.47789464571063 5.6709772273372 8.10303221002964 8.1463227467495 7.05790644585208 5.39413552940283 8.47239973132743 6.03904821504324 5.32281923549406 5.41213698995114 5.17184327497993 4.95295618061514
8.54999186609239 7.07557831424164 6.0476523466766 7.29599711342121 7.58427465877545 7.33339709654673 9.10116503788283 7.87025850668895 6.04306705701862 7.59474990456026 7.6267397144109 6.74083561790089 7.34365306136022 6.52883055682054 5.74989032589818 5.80188030567326 6.91422726894914 8.5544442632879 7.37105243568033 6.25956430392947 7.9747422408239 6.70086074009015 7.7497061873514 6.81562708257451 5.21693615169705 5.48947516414893 4.45836622539753 4.67144031573723 4.85452207177295 7.63099901710441 7.04969545661187 7.35717139740642 6.46464928303195 6.61108542126244 5.46658996717774 6.13863853421029 7.25906853576442 7.47281968646144 7.32170638256341 7.18780511540831 8.72953666986758 5.82588156488883 4.47189421102207 4.0645922408823 5.41788954194005 6.99195176184221
10.0738148576086 8.72964140707803 7.8705221052193 6.7336230741473 7.84580992118407 9.28599813520584 7.1198543023505 7.01177659523117 8.17830782089955 8.68896142459272 8.83632022260759 7.82568080886465 7.91998773487547 7.68360660344559 6.41873542796501 6.09859616046402 8.27205578449237 5.66940331067823 5.89499599299818 7.09436477482497 7.65304304278501 9.21960687946939 7.12335719549188 6.7972773339284 7.20484669131612 7.48934893105297 4.95495607553242 8.36175433440367 7.98470806278627 5.23684903096793 4.29876974942438 5.74392841792184 7.88952190761039 7.66004606053802 6.77336602044469 6.44636631481338 6.12507037903427 6.42655976490743 6.74543070402738 8.26007753791143 8.79742173916647 9.03942050846782 6.9150268485868 4.81171755843748 5.21606879419506 8.32378512076683
10.6770387130342 10.5156147594496 10.3097904737873 10.5267085014187 9.71234541437175 10.6770387130342 10.6690163957517 9.18783619386191 6.53440013617586 8.28452493305073 9.5870475374797 9.33800985892709 9.41323412846441 9.01705266507599 8.25101127644254 7.33484164138119 7.65173291732072 5.42854468463547 6.50535926973596 6.61593317239392 7.1793817695224 8.58569073469918 7.37134096077549 9.22015539312673 6.8562176160173 8.29678527113085 5.57765416107395 6.2443216157514 7.52529597041873 5.24739100800891 5.49647053840602 5.55806242564917 5.84900399205172 7.29217460952629 6.63024804684541 6.14205541728029 6.34375319691479 5.85990039013648 6.20616345101823 6.49317842784632 6.44740697453571 9.36251921560711 9.34840305698901 7.74606323627537 8.38031905627871 9.21667410292138
10.6770387130342 10.6770387130342 10.6770387130342 10.6770387130342 10.6770387130342 10.6770387130342 10.6770387130342 10.6770387130342 10.2682192985981 9.23603493183358 7.22160364818997 7.90783973696912 8.07088364146847 9.63503580220751 10.0094530960211 8.62333735115734 8.13457438192422 7.62581404074574 6.71599782637872 8.33703597679254 9.21178269799194 7.7566024188838 7.19397470446239 8.98536522706497 8.14547623867092 8.82370316718342 8.09006048906359 5.75469290476921 4.75247585795035 7.06799381189073 6.75913174781879 5.37692436964304 5.03157946854224 5.69146184401601 4.56923261477268 5.84073378416609 6.94640188450691 6.4963074682505 6.76425173647502 7.19925294356935 6.6084365730178 7.11985215624526 8.09511868416113 5.89764003100977 7.3545203860544 8.64064746638953
10.6770387130342 10.6770387130342 10.6770387130342 10.6770387130342 10.6770387130342 10.6770387130342 10.6770387130342 10.6770387130342 10.6770387130342 10.6740069941325 10.3053340002274 10.2987268406314 8.98908982783441 9.58743027253494 9.32317822532208 8.25382875190884 7.8168988793352 7.50148489830087 8.4173951670282 8.72540976006628 7.43255424061978 5.10597563109919 4.93426845823569 6.85491889530721 5.41012796638837 6.62544047481417 6.27084093556284 4.34325709655362 5.44015830886972 5.96427423186884 6.74299054452029 5.84463767547045 4.78802657730734 4.77447772191999 5.05924549422173 5.25578867773709 5.99025271144692 8.41976149668807 8.93295774920601 9.46383404123309 9.62171633970603 9.10127519179741 8.45919179297313 7.29061916187879 7.82398554672698 8.95608596236043
10.6770387130342 10.6770387130342 10.6770387130342 10.6770387130342 10.6770387130342 10.6770387130342 10.6770387130342 10.6770387130342 10.6770387130342 10.6770387130342 10.6770387130342 10.6769206937661 10.5824289095693 10.6732674863385 10.4833906783248 9.52448094595802 8.02177653357789 7.7049779451159 6.17176151878213 3.78812489572323 5.41512215720211 6.775132061292 6.6626066550227 5.10377716914935 4.12894694038287 5.20566899030904 6.37524535241068 6.26040600003275 5.75090542596015 5.44454314173139 5.32233380178011 4.77152973864065 3.87885088051183 5.96834057188814 6.13774791635328 6.61357489151939 6.10179172856567 7.22657322002769 9.18476177764983 9.99014193073963 9.69562088514991 10.5506930642435 10.1131592980966 4.88482906512766 5.94662949646592 8.74617945643951
10.6770387130342 10.6770387130342 10.6770387130342 10.6770387130342 10.6770387130342 10.6770387130342 10.6770387130342 10.6770387130342 10.6770387130342 10.6770387130342 10.6770387130342 10.6770387130342 10.6770387130342 10.6770387130342 10.4833218626661 9.16647867170462 7.81109454217256 6.80134102068418 4.61087266116943 4.37106059155131 4.45030755338356 6.32646772729849 7.38688443589824 9.36316675090261 7.95127820216381 5.49489904127955 5.42520253993359 5.55363404943197 5.88086283528072 7.26641099119814 9.47955551465188 6.36123952382712 6.7836264261044 10.138503270726 9.08137410570106 8.50273921746819 6.39111933329297 5.46155057140031 5.67514620934303 7.13345318726324 8.80590194325879 9.58894955975159 10.5140671106028 8.97854954007808 8.90308201113065 8.67489514409697
10.6770387130342 10.6770387130342 10.6770387130342 10.6770387130342 10.6770387130342 10.6770387130342 10.6770387130342 10.6770387130342 10.6770387130342 10.6770387130342 10.6770387130342 10.6770387130342 10.6770387130342 10.6770387130342 10.6770387130342 10.5801386114638 9.67484060738933 7.92465894445303 5.20109250979133 5.09415576637769 4.57714958534123 5.29712716769492 8.70434142110439 9.4703360617794 6.80151579902786 8.97100473018617 6.66620781784714 5.68843362113054 5.83015837844157 8.47220126107337 9.08150064691761 9.74894328840005 8.91918727594275 9.4309692024904 9.4802214860146 6.69819914663481 5.82056327239821 8.24239977604927 5.62751148636004 4.98134008985781 7.8963674117818 8.19428082101189 8.1726460251724 8.444348593273 8.12700645013929 8.61834057160164
10.6770387130342 10.6770387130342 10.6770387130342 10.6770387130342 10.6770387130342 10.6770387130342 10.6770387130342 10.6770387130342 10.6770387130342 10.6770387130342 10.6770387130342 10.6770387130342 10.6770387130342 10.6770387130342 10.5750797042976 10.5728500975644 10.5056338865472 10.2371669398558 10.0776132873543 8.41849926933568 6.28367490880363 6.2176693409408 9.2053487526898 6.77627199519558 6.95560370961448 6.80887799019497 7.6675551987782 7.41265002904112 7.59697996371198 8.97508707865911 9.09184404707496 9.76454949058653 8.96875302664789 8.05861520388724 8.34590755447791 8.7108529182463 10.4728921968536 10.6770387130342 10.0167844734792 5.78755353859259 5.03074920906081 6.7451047701403 8.40884975399144 10.5211168232976 9.93369510500381 9.37355450547183
10.6770387130342 10.6770387130342 10.6770387130342 10.6770387130342 10.6770387130342 10.6770387130342 10.6770387130342 10.6770387130342 10.6770387130342 10.6770387130342 10.6770387130342 10.6770387130342 10.6770387130342 10.6770387130342 10.6251062938502 10.1275030502272 10.2897343059369 10.6754093856405 10.6599402912322 9.2667599039932 8.72886889865434 7.22226367686594 7.86189267390303 8.24051140200518 6.4399625482183 7.83021899570076 9.18782691282113 10.0399953867577 10.1564204847556 8.54026562468868 8.22409900850513 7.48968033893363 7.56358310179038 9.74370414076106 10.4610334080133 9.74210653173541 9.3987479773713 8.57087527757382 10.4301978747813 10.5487437939684 8.57201078601917 9.34791763179057 7.8210905873435 7.96355141097168 10.0859771475835 8.70663779753951
10.6770387130342 10.6770387130342 10.6770387130342 10.6770387130342 10.6770387130342 10.6770387130342 10.6770387130342 10.6770387130342 10.6770387130342 10.6770387130342 10.6770387130342 10.6770387130342 10.6770387130342 10.6770387130342 10.6770387130342 10.6770387130342 10.6770387130342 10.6770387130342 10.6770387130342 10.6770387130342 10.6770387130342 10.6641190779691 9.92828866949338 7.82229267868409 5.68532037769242 8.2843769748906 6.44526762971749 7.04293049751015 7.32444907454723 7.69255210353386 7.04561680676844 10.3595297587601 10.676258574169 10.6770387130342 9.72280906023519 10.6115446965158 10.3209538824103 9.90628239292644 8.82542773496789 10.6770387130342 10.6768611203651 10.6760516268826 9.52705166341444 8.23861223774446 8.59484960879304 7.70988530248156
10.6770387130342 10.6770387130342 10.6770387130342 10.6770387130342 10.6770387130342 10.6770387130342 10.6770387130342 9.94335268519746 10.6626229084977 10.6770387130342 10.6770387130342 10.6770387130342 10.6770387130342 10.6770387130342 10.6770387130342 10.6770387130342 10.6770387130342 10.6770387130342 10.6770387130342 10.6770387130342 10.6770387130342 10.6770387130342 10.6770387130342 10.4307521178061 8.74753949515205 7.52467059791406 6.60372428860152 7.91315388567752 6.8914445579611 9.22786207866769 7.74123043651322 6.91844509015815 9.91278365748949 10.5133155024009 9.96016587238584 8.92365927109766 8.45540993174848 10.3104989432765 10.6764857610338 10.6770387130342 10.6429046603253 10.4427480984145 9.62492819812602 6.34587746603151 8.20830044146832 8.83665021715897
10.4848124810464 10.6661198132653 10.6770385324465 10.6575119135423 10.4461309193273 10.467609114496 10.4816751931361 10.5630759757878 9.99685526446829 9.54381607189357 10.6337348917007 10.6770387130342 10.6770387130342 10.6770387130342 10.6770387130342 10.6770387130342 10.6770387130342 10.6770387130342 10.6770387130342 10.6770387130342 10.6770387130342 10.6770387130342 10.6770387130342 10.6770387130342 10.6350865419621 9.84124454038854 9.91033930703589 9.61454849917306 7.8789898221513 8.48175125112473 8.47160683083344 8.16000420632079 8.04323634690234 9.24777777604308 9.84046351847266 10.1653007477672 10.2071859260997 10.6693769503098 10.6525152466714 10.434556787454 10.1089969085839 8.94410909949396 8.91585096994833 8.48346616740946 6.11690254393692 8.86212030155952
10.6650416781334 10.6262020743194 10.6421608139308 10.3620799871314 10.6629425864076 10.6770387130342 10.6581167993691 10.5157566236302 10.5829875091129 10.1748846816923 9.6330535175773 10.6504051084102 10.6770387130342 10.6770387130342 10.6770387130342 10.6770387130342 10.6770387130342 10.6770387130342 10.6770387130342 10.6770387130342 10.6770387130342 10.6770387130342 10.6770387130342 10.6770387130342 10.6770387130342 10.6770387130342 10.5606098774235 7.75459454859157 10.0122713637081 10.6763366017504 10.4898841514781 10.1855788202421 9.21824645896336 8.33477232816223 8.87988615779182 8.44904962217193 9.26806854649215 5.60991925781954 8.93941350252296 7.45237996492666 7.92349349571244 6.6057072175494 3.60494724037635 6.7095322144684 8.47179083296026 6.45030205887263
10.5996358036473 10.6684742996797 10.5330061356361 10.6234062380963 10.6027596686737 10.6738248177504 10.6770387130342 10.6770342699605 10.6005323445872 10.6416206508927 10.336988297033 10.636498431818 10.6770387130342 10.6770387130342 10.6770387130342 10.6770387130342 10.6770387130342 10.6770387130342 10.6770387130342 10.6770387130342 10.6770387130342 10.6770387130342 10.6770387130342 10.6770387130342 10.6770387130342 10.6770387130342 10.6770387130342 9.73510716497397 7.54437323020882 9.57317341754328 10.4122222251919 10.2891990158442 10.4348172232296 8.42702684246168 7.72722817986252 5.64281066948704 4.55315728749552 3.57730218914507 5.42640804999977 5.24870302721408 6.47739930405571 4.5068847916632 4.76786087240183 3.99522534312153 6.46946727747695 6.530027263786
10.6012422343859 10.6770387130342 10.6770387130342 10.6008865290634 10.4864303163569 10.5465276547691 10.1175191262345 10.6614572730835 10.6770387130342 10.6770387130342 10.6770387130342 10.6770069997754 10.6770387130342 10.6770387130342 10.6770387130342 10.6770387130342 10.6770387130342 10.6770387130342 10.6770387130342 10.6770387130342 10.6770387130342 10.6770387130342 10.6770387130342 10.6770387130342 10.6770387130342 10.6770387130342 10.6770387130342 10.6770387130342 10.4026278512709 8.65083173964942 6.58703313204001 6.7472756011161 8.78317609971398 9.30158242284402 7.50644677253194 7.86396033174552 4.40919973452395 7.92606180060531 4.50681380865157 7.52052989824819 7.53694453356079 6.06950524137539 10.0705347748221 6.51119651277235 5.4044513623505 6.03883422593056
