0.2134 0.00836652 0.00934896 0.768885
0.127966 9.9991E-05 0.0397642 0.83217
0.260802 9.9991E-05 0.0333305 0.705767
0.0266981 0.0109512 0.0208657 0.941485
0.021632 0.0177923 0.00493621 0.955639
0.00183096 0.0399096 0.00936199 0.948897
0.039849 0.0286682 0.00396536 0.927517
0.0181843 9.9991E-05 0.0412706 0.940445
0.271956 0.0691814 0.0307328 0.62813
0.234915 0.0547124 0.0587992 0.651573
0.0750764 0.207837 0.0627668 0.65432
0.263344 0.0566618 0.031237 0.648757
0.043584 0.300295 0.062299 0.593822
0.284029 0.140294 9.9991E-05 0.575577
0.219924 0.0184863 0.0531431 0.708447
0.207664 9.9982E-05 9.9982E-05 0.792136
0.277321 9.9982E-05 9.9982E-05 0.722479
0.0444885 9.9991E-05 0.0344259 0.920986
0.621946 0.152859 0.0610911 0.164104
0.810251 0.0188837 9.9991E-05 0.170766
0.815464 9.9991E-05 0.00276931 0.181666
0.918814 0.0706263 0.00189781 0.00866155
0.951248 0.006549 0.0421028 9.9991E-05
0.869385 0.0184535 0.0488033 0.0633582
0.770466 0.00641222 9.9991E-05 0.223021
0.968364 9.9991E-05 0.0132751 0.0182607
0.912952 0.0566919 0.0302562 9.9991E-05
0.884799 0.0829853 0.0321159 9.9991E-05
0.9997 9.998E-05 9.998E-05 9.998E-05
0.895644 0.0641283 9.9991E-05 0.0401281
0.966822 0.0297545 0.00332342 9.9991E-05
0.908819 0.0450131 0.0211534 0.0250144
0.865578 9.9991E-05 0.0563008 0.0780208
0.227929 0.018614 0.083735 0.669722
0.273029 9.9982E-05 9.9982E-05 0.726771
0.141356 0.0355779 9.9991E-05 0.822967
0.115827 0.0515954 0.0189044 0.813673
0.22715 0.151066 0.0214446 0.600339
9.998E-05 9.998E-05 0.9997 9.998E-05
0.882682 0.0773596 0.0290388 0.0109198
0.216486 0.110964 0.00238788 0.670161
0.188981 9.9991E-05 0.00737272 0.803546
0.315241 0.204901 0.0223131 0.457545
0.146726 0.345405 0.0614682 0.446401
0.0842424 0.335149 0.0344045 0.546204
9.998E-05 9.998E-05 0.9997 9.998E-05
0.317791 0.0750421 0.0587658 0.548401
0.258316 0.228433 9.9991E-05 0.513151
0.388759 0.111859 0.051585 0.447797
0.0452127 0.888328 0.040844 0.0256157
9.9991E-05 0.903011 0.0321528 0.0647363
0.0185912 0.875855 9.9991E-05 0.105454
0.00192358 0.843986 0.0466886 0.107402
0.0588087 0.891352 0.049739 9.9991E-05
0.0731366 0.920181 9.9991E-05 0.00658267
0.0133985 0.79532 9.9991E-05 0.191181
0.0710157 0.882156 0.0244592 0.0223695
0.0573887 0.892304 0.0502076 9.9991E-05
9.9991E-05 0.856621 0.0599044 0.083375
9.9991E-05 0.739697 0.0287571 0.231446
0.0983592 0.901441 9.9982E-05 9.9982E-05
0.140408 0.759826 0.00363409 0.0961315
0.0826477 0.513869 0.0683553 0.335128
0.844234 0.0175975 0.0358098 0.102359
0.867782 0.04294 0.0412086 0.048069
0.940872 9.9991E-05 0.0134617 0.0455667
9.9991E-05 0.785989 0.0170759 0.196835
9.9991E-05 0.665092 0.0766304 0.258177
0.0985673 0.821246 0.038076 0.0421107
0.0252682 0.85938 0.0454443 0.069907
9.9991E-05 0.886093 0.0716443 0.0421622
9.9991E-05 0.356552 0.0337607 0.609588
0.066602 0.297216 0.00850379 0.627678
0.0595742 0.370831 0.0042886 0.565306
0.0619895 0.346488 0.0441769 0.547346
0.235524 0.276749 0.0343962 0.453331
0.0755186 0.363952 0.0264291 0.5341
0.153867 0.268653 0.0185687 0.558911
9.9982E-05 0.762534 9.9982E-05 0.237266
9.9991E-05 0.544493 0.156133 0.299274
0.0853537 0.836239 0.0359295 0.0424784
0.101477 0.83688 0.0615433 9.9991E-05
9.9991E-05 0.7842 0.0290312 0.186669
0.773737 0.0717891 0.0504851 0.103989
0.132328 0.459804 9.9991E-05 0.407768
9.9982E-05 0.383661 9.9982E-05 0.616139
9.998E-05 9.998E-05 0.9997 9.998E-05
0.228475 9.9991E-05 0.019891 0.751534
0.154314 9.9991E-05 0.0372475 0.808339
0.23311 0.0179551 0.060153 0.688782
0.335484 0.119738 0.0618056 0.482972
0.110871 0.0529728 9.9991E-05 0.836057
0.00130981 0.420094 0.0185338 0.560063
0.640192 0.0485235 0.0641069 0.247178
0.000765226 0.39452 0.0898234 0.514891
0.339361 0.155553 0.0245086 0.480578
0.21942 9.9982E-05 9.9982E-05 0.78038
0.140889 0.0418663 9.9991E-05 0.817145
0.20412 0.030231 9.9991E-05 0.765549
9.9991E-05 0.0733978 0.019025 0.907477
0.06474 0.0440018 0.0150295 0.876229
0.10739 9.9991E-05 0.00331943 0.88919
0.0807908 0.432069 0.02639 0.46075
0.0679644 0.327452 0.0948789 0.509705
9.9991E-05 0.409279 0.0999818 0.490639
0.328799 0.122774 0.0302185 0.518209
0.200703 0.246772 9.9991E-05 0.552425
0.517959 0.0272438 0.00479817 0.449999
0.0262278 0.841866 0.0141925 0.117713
0.0614982 0.823875 0.0233471 0.0912799
0.246119 0.38295 0.0139803 0.356951
0.134604 0.345975 0.0491257 0.470295
0.388693 0.313006 0.0514034 0.246897
0.922508 0.0109465 9.9991E-05 0.0664455
0.136374 0.777301 0.0559917 0.0303329
0.00797252 0.818188 9.9991E-05 0.173739
9.9982E-05 0.65799 9.9982E-05 0.341811
0.484238 0.0450413 0.0679386 0.402782
0.344342 0.00234595 0.014386 0.638926
0.0323218 0.050344 0.021721 0.895613
0.063362 0.0890909 0.0072922 0.840255
0.430256 9.9982E-05 9.9982E-05 0.569544
0.206365 0.00919404 0.0265763 0.757865
0.0757867 0.00944209 9.9991E-05 0.914671
0.0235841 0.047959 0.00250498 0.925952
0.424293 0.065461 9.9991E-05 0.510146
0.133795 9.9982E-05 9.9982E-05 0.866005
0.217852 9.9991E-05 0.0400803 0.741968
0.0755128 9.9991E-05 0.0290793 0.895308
0.353956 0.11234 9.9991E-05 0.533604
0.0641214 0.00611002 0.0442083 0.88556
0.264889 0.0323681 0.0167218 0.686021
0.139817 9.9982E-05 9.9982E-05 0.859983
0.93754 0.0622599 9.9982E-05 9.9982E-05
0.9997 9.998E-05 9.998E-05 9.998E-05
0.962037 9.9982E-05 0.0377627 9.9982E-05
0.910686 0.0680483 0.0168466 0.00441943
0.90393 0.0551707 0.040799 9.99974E-05
9.9991E-05 0.10221 0.0416899 0.856001
0.149062 9.9991E-05 0.0446719 0.806166
9.998E-05 0.9997 9.998E-05 9.998E-05
9.9991E-05 0.877019 0.0489028 0.073978
0.0539292 0.929503 0.00464344 0.0119243
0.0604457 0.782368 9.9991E-05 0.157086
9.9991E-05 0.926888 0.0416221 0.0313897
0.132702 0.851145 0.0160525 9.9991E-05
9.9982E-05 0.968737 0.0310631 9.9982E-05
0.0811721 0.918628 9.9982E-05 9.9982E-05
0.0915723 0.908228 9.9982E-05 9.9982E-05
0.0930022 0.906798 9.9982E-05 9.9982E-05
9.9991E-05 0.878728 0.0465756 0.0745967
0.0320877 0.818362 0.0435531 0.105997
0.0543202 0.820527 0.0237681 0.101385
0.0750867 0.911899 0.0129145 9.9991E-05
9.9991E-05 0.912637 0.0297249 0.0575386
9.9991E-05 0.924285 0.021977 0.0536381
0.0966797 0.890124 0.0130959 9.9991E-05
0.101476 0.379854 9.9991E-05 0.51857
0.0685544 0.236683 9.9991E-05 0.694663
9.9982E-05 0.946547 9.9982E-05 0.0532526
0.00170788 0.759673 0.0474596 0.19116
0.0385989 0.937457 0.0238438 9.9991E-05
9.9991E-05 0.348042 0.000606344 0.651252
0.0482577 0.010868 0.0422823 0.898592
0.217595 9.9991E-05 0.0267399 0.755565
0.516237 0.0516377 9.9991E-05 0.432026
0.741013 0.0222977 9.9991E-05 0.236589
0.865253 0.0485054 9.9991E-05 0.086142
0.872846 0.0790632 9.9991E-05 0.0479911
0.803901 9.9991E-05 0.0158723 0.180127
0.841825 0.0445212 0.015514 0.0981395
0.802386 0.120414 0.0425225 0.0346772
0.878761 0.0685923 0.0399157 0.0127314
0.131491 9.9991E-05 0.0221408 0.846268
0.0638236 0.0588132 0.0582376 0.819126
9.9991E-05 0.0740669 0.0437903 0.882043
9.9991E-05 0.0150695 0.00590257 0.978928
9.9982E-05 9.9982E-05 0.0146414 0.985159
0.0134993 0.106706 9.9991E-05 0.879694
0.220655 9.9991E-05 0.0106672 0.768578
0.254507 0.0497801 0.0120105 0.683703
0.159453 0.0340155 0.0394387 0.767092
0.213501 0.0853545 0.0138159 0.687329
0.177368 0.0101238 0.0519253 0.760583
0.66484 0.10271 0.150296 0.082154
0.00749538 0.841115 0.0270381 0.124352
0.105094 0.839957 0.0439463 0.0110023
0.0407136 0.921399 0.0106873 0.0271997
0.0370952 0.797918 0.00421242 0.160774
0.0700254 0.843844 0.0354257 0.0507047
0.319825 0.147762 0.033864 0.498548
0.359192 9.9991E-05 0.0324365 0.608272
0.147196 9.9991E-05 0.0581386 0.794565
0.329598 0.0313965 0.0540761 0.584929
