0.12842 0.032017 0.817942 0.0216205
0.113133 0.023396 0.863371 9.9991E-05
0.289028 0.0442971 0.664626 0.00204889
0.00285024 0.0255445 0.971505 9.9991E-05
0.0505072 9.9991E-05 0.921094 0.0282991
0.0644578 0.000438647 0.910505 0.0245983
0.0911188 9.9991E-05 0.859551 0.0492304
9.9982E-05 0.0560231 0.943777 9.9982E-05
0.245745 0.0186163 0.686009 0.0496297
0.241171 0.0442574 0.693778 0.0207941
0.0485452 0.070534 0.677926 0.202995
0.325311 0.0239789 0.567539 0.0831708
0.129181 0.0670062 0.506994 0.296818
0.265137 9.9991E-05 0.631113 0.10365
0.257059 0.0690108 0.643633 0.0302966
0.125939 0.0294402 0.844521 9.9991E-05
0.272707 0.0038967 0.715691 0.0077057
0.13312 0.0437582 0.823022 9.9991E-05
0.618114 0.0451326 0.158587 0.178167
0.752892 9.9991E-05 0.208299 0.0387088
0.768533 0.0180384 0.213329 9.9991E-05
0.926518 9.9982E-05 9.9982E-05 0.0732823
0.955349 0.0444506 9.9982E-05 9.9982E-05
0.834328 0.0240024 0.131262 0.0104069
0.717465 9.9982E-05 0.282335 9.9982E-05
0.937914 0.00130251 0.0606834 9.9991E-05
0.894136 0.0309505 9.9991E-05 0.0748135
0.931102 0.0242387 9.9991E-05 0.0445593
0.9997 9.998E-05 9.998E-05 9.998E-05
0.892065 0.0177124 0.0128697 0.0773532
0.939631 0.00603182 9.9991E-05 0.0542375
0.897359 0.033845 0.0260797 0.0427165
0.871332 0.0593555 0.069212 9.9991E-05
0.211761 0.0870426 0.669502 0.0316943
0.3597 9.9982E-05 0.6401 9.9982E-05
0.25822 9.9991E-05 0.656548 0.0851321
0.106147 0.0375874 0.802741 0.0535239
0.150298 0.00666294 0.688024 0.155016
9.998E-05 0.9997 9.998E-05 9.998E-05
0.819356 0.0232374 0.120063 0.0373429
0.203319 0.029419 0.679279 0.0879829
0.239055 9.9982E-05 0.760745 9.9982E-05
0.345112 0.00280566 0.476127 0.175955
0.138198 0.0616461 0.476856 0.3233
0.0594339 0.0167508 0.611296 0.312519
9.998E-05 0.9997 9.998E-05 9.998E-05
0.308362 0.0755434 0.548559 0.0675357
0.137197 9.9991E-05 0.620463 0.24224
0.462841 0.0446143 0.381305 0.111239
0.0114199 0.0323281 0.12693 0.829322
0.0166191 0.0368252 0.0693848 0.877171
0.0190815 9.9991E-05 0.120584 0.860235
0.0323612 0.0724311 0.0969808 0.798227
0.0710166 0.0611924 9.9991E-05 0.867691
0.1193 9.9982E-05 9.9982E-05 0.8805
9.9982E-05 9.9982E-05 0.22184 0.77796
0.0461334 0.0246378 0.0450483 0.88418
0.0545903 0.0519436 9.9991E-05 0.893366
9.9991E-05 0.0306819 0.0950144 0.874204
9.9991E-05 0.0377885 0.235757 0.726355
0.0943419 9.9982E-05 9.9982E-05 0.905458
0.129789 0.000904652 0.0674619 0.801844
0.0603513 0.0519565 0.34766 0.540032
0.82649 0.0196375 0.118286 0.0355858
0.783098 0.0401621 0.125454 0.0512862
0.96459 0.00573693 0.0295733 9.9991E-05
0.0395285 0.019594 0.142675 0.798203
9.9991E-05 0.0795524 0.255172 0.665176
0.113672 0.0218951 0.0643295 0.800103
9.9991E-05 0.0460024 0.0868526 0.867045
0.0278606 0.0400175 0.0486454 0.883476
9.9991E-05 0.0147343 0.635688 0.349478
9.9991E-05 0.0245502 0.670384 0.304966
0.0705479 0.0277366 0.539211 0.362504
0.0792986 0.0486956 0.583231 0.288775
0.148737 0.0668706 0.51825 0.266142
0.0952841 0.0491075 0.519325 0.336283
0.0845158 0.0336207 0.608119 0.273745
9.9982E-05 9.9982E-05 0.248423 0.751377
0.00326435 0.140629 0.285948 0.570158
0.095311 0.0366447 0.0447441 0.8233
0.100097 0.0678886 9.9991E-05 0.831914
9.9991E-05 0.0354692 0.166274 0.798157
0.740675 0.0429723 0.155677 0.0606754
0.125189 9.9991E-05 0.391295 0.483417
9.9982E-05 9.9982E-05 0.578637 0.421163
9.998E-05 0.9997 9.998E-05 9.998E-05
0.231754 0.000609131 0.767537 9.9991E-05
0.0941166 0.0388624 0.866921 9.9991E-05
0.172999 0.0582463 0.713433 0.055321
0.288748 0.0293333 0.546005 0.135914
0.0985003 9.9991E-05 0.824119 0.0772807
0.0353393 9.9991E-05 0.489631 0.47493
0.618264 0.059256 0.273739 0.0487411
9.9991E-05 0.0938509 0.500746 0.405303
0.368248 0.0258663 0.459956 0.145929
0.179778 0.00795375 0.812168 9.9991E-05
0.108753 9.9991E-05 0.873048 0.0180994
0.216951 9.9991E-05 0.751808 0.0311415
0.0799513 0.0357181 0.793383 0.0909474
0.0617682 0.00215355 0.896921 0.0391569
0.159301 0.0188602 0.821739 9.9991E-05
9.9991E-05 0.0269246 0.551806 0.42117
0.107665 0.0830058 0.431851 0.377478
0.0165037 0.0962877 0.453356 0.433852
0.239028 0.0151971 0.632205 0.11357
0.1735 9.9991E-05 0.57516 0.25124
0.531791 9.9991E-05 0.460753 0.00735648
0.0555397 0.0197209 0.131544 0.793196
0.0512982 0.0189788 0.119061 0.810662
0.156564 9.9991E-05 0.460145 0.383191
0.205586 0.0341225 0.464632 0.29566
0.258923 0.0578038 0.365394 0.317879
0.843943 9.9991E-05 0.122734 0.0332239
0.151544 0.0329806 0.0128855 0.80259
0.0106779 9.9991E-05 0.211946 0.777276
9.9982E-05 9.9982E-05 0.361568 0.638232
0.530366 0.0910959 0.378438 9.9991E-05
0.319643 0.0161548 0.644697 0.0195048
0.0708277 0.0383787 0.827067 0.0637266
0.094152 9.9991E-05 0.838743 0.0670046
0.442213 9.9982E-05 0.557587 9.9982E-05
0.196706 0.0273103 0.765154 0.0108295
0.167926 9.9991E-05 0.823639 0.00833482
0.0536161 0.0174713 0.898277 0.0306356
0.471412 9.9991E-05 0.528355 0.000132987
0.176047 0.00612243 0.817731 9.9991E-05
0.209498 0.0443688 0.746033 9.9991E-05
0.164977 0.0251955 0.804477 0.00535069
0.22765 0.0236528 0.631778 0.116918
0.0268207 0.0450155 0.84663 0.0815344
0.302844 0.0102461 0.62555 0.0613599
0.134778 0.00965051 0.831166 0.0244056
0.983892 9.9991E-05 0.0146662 0.00134216
0.959375 9.9982E-05 0.040425 9.9982E-05
0.983192 0.016608 9.9982E-05 9.9982E-05
0.824229 9.9991E-05 0.113641 0.0620298
0.80752 0.0144001 0.0994849 0.0785946
0.0436827 0.0224107 0.824661 0.109246
0.201683 0.0150194 0.783197 9.9991E-05
9.998E-05 9.998E-05 9.998E-05 0.9997
0.112965 0.0233448 9.9991E-05 0.86359
9.9991E-05 0.0305182 0.0293381 0.940044
0.0320038 9.9991E-05 0.209281 0.758615
9.9991E-05 0.042409 0.0783031 0.879188
0.134268 0.0127704 9.9991E-05 0.852862
9.9991E-05 0.0245342 0.0367219 0.938644
0.057639 0.00747291 9.9991E-05 0.934788
0.0861342 9.9982E-05 9.9982E-05 0.913666
0.0905752 9.9982E-05 9.9982E-05 0.909225
9.9991E-05 0.0187155 0.0963755 0.884809
0.00986084 0.0571045 0.129668 0.803366
0.098611 0.0221399 0.0662971 0.812952
0.0543509 0.0190619 9.9991E-05 0.926487
0.0121427 0.00847378 0.0620137 0.91737
9.9991E-05 0.029401 0.0485425 0.921957
0.0893907 0.0166722 9.9991E-05 0.893837
0.0419514 9.9991E-05 0.59417 0.363778
0.0194482 9.9991E-05 0.740439 0.240013
9.9982E-05 9.9982E-05 0.0689299 0.93087
0.0655947 0.0391688 0.172646 0.72259
0.0177531 0.00500954 0.011365 0.965872
9.9982E-05 9.9982E-05 0.63339 0.36641
0.0502187 0.0430543 0.906627 9.9991E-05
0.303871 0.0275787 0.668451 9.9991E-05
0.468214 9.9991E-05 0.490953 0.040733
0.69221 9.9982E-05 0.30759 9.9982E-05
0.882382 0.00555271 0.0904651 0.0216003
0.943455 9.9991E-05 0.00450569 0.0519391
0.825827 0.01631 0.157763 9.9991E-05
0.814824 0.0221016 0.15224 0.0108341
0.839793 0.0351301 9.9991E-05 0.124976
0.824571 0.0709199 0.0377232 0.0667857
0.117338 0.00589122 0.87018 0.0065914
0.0854942 0.0580206 0.769667 0.0868185
9.9991E-05 0.0496281 0.88215 0.0681217
9.9982E-05 9.9982E-05 0.943245 0.0565554
9.9991E-05 0.0230527 0.93889 0.0379573
9.9991E-05 0.00237918 0.894114 0.103407
0.217954 0.0238444 0.74284 0.0153619
0.26325 0.0123941 0.647626 0.0767297
0.139113 0.0488839 0.784079 0.0279246
0.243717 0.00567155 0.73048 0.0201306
0.195862 0.0290529 0.704757 0.0703283
0.703125 0.116728 0.0976007 0.0825466
0.0561261 0.0363208 0.067481 0.840072
0.122045 0.033113 9.9991E-05 0.844742
0.0429391 0.00454168 0.00357757 0.948942
0.0843932 0.0130228 0.107845 0.794739
0.0863619 0.0330223 0.0319276 0.848688
0.316266 0.0288869 0.516201 0.138645
0.346697 0.0378771 0.601237 0.0141895
0.211256 0.0482893 0.740355 9.9991E-05
0.263689 0.070178 0.666033 9.9991E-05
