0.0717812 9.9991E-05 0.109617 0.779251 0.039251
0.0943132 0.0137276 0.140158 0.751702 9.9991E-05
0.185221 0.0212329 0.223562 0.569885 9.9991E-05
0.141863 0.014579 9.9991E-05 0.829573 0.0138853
9.9982E-05 0.00829202 9.9982E-05 0.926236 0.0652716
0.124225 9.9982E-05 9.9982E-05 0.81193 0.0636445
0.19411 9.9991E-05 0.0228372 0.747006 0.0359471
0.151716 0.0408106 9.9982E-05 0.807273 9.9982E-05
0.0104651 0.0207512 0.176902 0.725968 0.0659136
0.30943 0.0199797 0.209245 0.461245 9.9991E-05
0.454455 0.0381106 0.0844606 0.323769 0.0992045
0.226272 0.0084374 0.203663 0.52066 0.0409673
0.86586 0.0357261 0.0645799 0.019662 0.0141716
0.25008 9.9991E-05 0.274555 0.417802 0.0574632
9.999E-05 0.0345152 0.156151 0.718136 0.0910973
0.214327 9.9991E-05 0.102342 0.678017 0.00521446
0.098658 9.9982E-05 0.256283 0.644859 9.9982E-05
9.9982E-05 0.0361524 0.088481 0.875167 9.9982E-05
0.141074 0.0511022 0.540753 0.11991 0.147162
0.207262 0.00551411 0.625093 0.162031 9.9991E-05
0.0285097 0.0149434 0.761934 0.194513 9.9991E-05
0.123607 9.9991E-05 0.833621 0.0089666 0.0337048
0.0682857 0.042165 0.87906 9.9991E-05 0.0103895
9.999E-05 0.032322 0.745503 0.170893 0.0511818
0.0096407 9.9991E-05 0.715764 0.258634 0.0158613
9.9982E-05 0.0072436 0.911657 0.0808998 9.9982E-05
9.9982E-05 0.0306605 0.911941 9.9982E-05 0.0571987
9.9982E-05 0.0304696 0.885886 9.9982E-05 0.0834441
9.9982E-05 9.9982E-05 0.931089 0.046282 0.022429
9.9982E-05 9.9982E-05 0.832233 0.0824913 0.0850756
9.9982E-05 9.9982E-05 0.926777 0.00726587 0.0657568
0.0531868 0.023524 0.853136 0.0384269 0.031726
0.012431 0.0617068 0.828089 0.0874541 0.0103188
0.275859 0.069651 0.153799 0.495518 0.00517262
0.0375787 9.9991E-05 0.302217 0.637554 0.0225506
0.00113176 9.9991E-05 0.0591086 0.819743 0.119916
0.278326 0.0351722 0.0293268 0.649801 0.00737413
0.260329 0.00759967 0.127739 0.495937 0.108396
9.997E-05 0.9996 9.997E-05 9.997E-05 9.997E-05
0.165323 0.0397368 0.776766 9.9991E-05 0.0180737
9.9982E-05 9.9982E-05 0.145002 0.71611 0.138687
0.208935 0.0102071 0.17828 0.602478 9.9991E-05
0.255037 0.00277087 0.275219 0.339319 0.127654
0.548402 0.0464936 0.0655389 0.164361 0.175204
0.973751 0.00402719 0.022022 9.9982E-05 9.9982E-05
9.997E-05 0.9996 9.997E-05 9.997E-05 9.997E-05
0.355091 0.0505078 0.264032 0.319193 0.0111759
0.515668 9.9991E-05 0.173055 0.209647 0.101529
0.18278 0.0439419 0.342771 0.333869 0.0966386
0.154918 0.0321177 0.00280081 0.0363981 0.773765
0.176555 0.021179 0.0209613 9.9991E-05 0.781204
9.9991E-05 0.00523252 0.0308009 0.151325 0.812542
0.213044 0.0396949 9.9991E-05 0.0144656 0.732695
9.9991E-05 0.0590625 0.0550212 0.0325822 0.853234
9.9982E-05 9.9982E-05 0.107015 0.0375617 0.855224
0.0340586 9.9982E-05 9.9982E-05 0.200934 0.764807
0.143004 0.00397891 0.0365634 0.0144091 0.802045
9.9982E-05 0.035817 0.107291 9.9982E-05 0.856692
0.0379564 0.0493965 9.9991E-05 0.115876 0.796671
0.274206 0.034109 9.9991E-05 0.0577737 0.633811
0.0390314 9.9982E-05 0.117843 9.9982E-05 0.842925
0.0743283 9.9991E-05 0.0617729 0.129891 0.733908
0.626809 0.0640561 0.0153358 0.0169184 0.27688
0.0203564 0.0170912 0.74222 0.170223 0.05011
0.0656452 0.0334062 0.809901 0.0909479 9.9991E-05
9.9982E-05 0.0146431 0.785121 0.200036 9.9982E-05
0.206188 0.01308 0.0369555 0.0684383 0.675338
0.442164 0.0729425 9.9982E-05 9.9982E-05 0.484693
0.0724236 0.0175695 0.0595305 0.0753952 0.775081
0.261704 0.0626928 0.00530266 9.9991E-05 0.6702
9.9982E-05 0.0449569 9.9982E-05 0.0748986 0.879945
0.663113 0.00666317 9.9991E-05 0.177938 0.152186
0.752384 9.9991E-05 0.0208144 0.123286 0.103416
0.842789 0.00744481 9.9991E-05 0.0430566 0.10661
0.968296 0.0314045 9.9973E-05 9.9973E-05 9.9973E-05
0.917784 0.0375485 0.0444679 9.9982E-05 9.9982E-05
0.914112 0.0412456 0.0392113 9.9991E-05 0.00533114
0.826545 0.0258695 0.040241 0.0784002 0.0289441
0.320961 9.9982E-05 9.9982E-05 0.0511407 0.627698
0.325484 0.123986 9.9991E-05 0.0759736 0.474457
0.137442 0.0286662 0.061725 0.0129972 0.75917
0.0543103 0.0354376 0.137914 9.9991E-05 0.772238
0.0506919 0.0306368 9.9991E-05 0.189513 0.729059
0.170771 0.0360737 0.704204 0.0739083 0.0150423
0.492323 9.9991E-05 0.115425 0.0829601 0.309192
0.84196 9.9973E-05 9.9973E-05 9.9973E-05 0.15774
9.997E-05 0.9996 9.997E-05 9.997E-05 9.997E-05
0.218933 9.9982E-05 0.133113 0.647754 9.9982E-05
0.0319446 0.0239083 0.125656 0.818391 9.9991E-05
0.198619 0.0434561 0.179665 0.57816 9.9991E-05
0.341363 0.0500053 0.239673 0.298424 0.0705341
0.117973 9.9991E-05 0.0758788 0.7564 0.0496484
0.79425 0.00442564 0.0183362 9.9991E-05 0.182888
0.301152 0.0385088 0.52493 0.13531 9.9991E-05
0.624268 0.0795036 9.9991E-05 0.0972152 0.198913
0.364525 0.0206107 0.318175 0.248991 0.0476982
9.9982E-05 0.0075683 0.122995 0.869237 9.9982E-05
0.336964 9.9982E-05 0.0510428 0.611793 9.9982E-05
0.285136 9.9982E-05 0.152518 0.562146 9.9982E-05
0.34019 9.9991E-05 0.0437494 0.601756 0.0142046
0.431592 0.00299022 0.0113409 0.553977 9.9991E-05
0.339179 0.00217503 0.106866 0.55168 9.9991E-05
0.715057 0.0322485 0.0272054 9.9991E-05 0.225389
0.58915 0.0778736 0.0848709 0.0950991 0.153006
0.68656 0.0989639 9.9991E-05 0.0194769 0.194899
0.688726 9.9982E-05 0.2235 0.0875742 9.9982E-05
0.463814 9.9991E-05 0.189881 0.252859 0.093346
0.0837827 0.00173221 0.448284 0.390269 0.0759324
9.9982E-05 0.0401684 9.9982E-05 0.191395 0.768236
0.150007 0.0295704 0.0161708 0.0486559 0.755596
0.661332 9.9982E-05 0.15021 9.9982E-05 0.188258
0.579976 0.0302373 0.150497 0.0956271 0.143663
0.509176 0.0421526 0.272374 0.0203806 0.155916
0.300789 9.9973E-05 0.698912 9.9973E-05 9.9973E-05
0.238087 0.038567 0.0410057 9.9991E-05 0.68224
0.279443 9.9991E-05 0.0154118 0.0190848 0.685961
0.478751 9.9982E-05 9.9982E-05 0.0294372 0.491612
0.0545974 0.0654416 0.462241 0.376694 0.0410257
9.9982E-05 9.9982E-05 0.213886 0.724289 0.0616245
0.0776847 0.0337732 0.0210932 0.793455 0.0739938
0.0132974 9.9991E-05 0.122466 0.775582 0.0885546
0.0555096 9.9982E-05 0.327269 0.617022 9.9982E-05
0.123553 0.0128755 0.142774 0.720697 9.9991E-05
9.9982E-05 9.9982E-05 0.132115 0.833772 0.0339125
9.9973E-05 9.9973E-05 9.9973E-05 0.921146 0.0785537
0.0921355 9.9991E-05 0.34861 0.541337 0.0178173
0.118968 0.00765627 0.190174 0.683102 9.9991E-05
0.132796 0.0469487 0.153052 0.667103 9.9991E-05
0.126144 0.0170374 0.128564 0.728154 9.9991E-05
0.0920683 9.9991E-05 0.275679 0.463435 0.168717
0.0751062 0.0466062 0.0854123 0.735501 0.057374
0.355732 0.0189817 0.24717 0.36232 0.0157965
0.157654 0.000112395 0.0796031 0.759538 0.00309255
0.176661 9.9973E-05 0.823039 9.9973E-05 9.9973E-05
0.0170027 9.9982E-05 0.96317 0.0196272 9.9982E-05
9.9982E-05 0.0269914 0.961948 0.0108607 9.9982E-05
0.0907928 0.0176786 0.775587 0.0920829 0.0238592
0.128753 0.0149304 0.801477 9.9991E-05 0.0547396
0.34013 0.00731972 9.9991E-05 0.594076 0.0583736
0.159143 0.0346097 0.0971069 0.70904 9.9991E-05
0.0511678 9.9973E-05 9.9973E-05 9.9973E-05 0.948532
0.0411734 0.0519499 9.9991E-05 0.0848534 0.821923
9.9982E-05 0.00554394 9.9982E-05 0.0846653 0.909591
0.284322 0.00707368 0.0549621 0.00395287 0.649689
0.0214679 0.0092987 9.9991E-05 0.11265 0.856483
9.9982E-05 0.0173264 0.15446 9.9982E-05 0.828014
9.9982E-05 0.0239172 9.9982E-05 0.0382482 0.937635
0.0258702 9.9991E-05 0.0571104 0.00760766 0.909312
0.0791373 9.9991E-05 0.0862204 0.0091171 0.825425
0.0171851 0.015446 0.0369377 0.0615765 0.868855
0.0808866 0.03005 9.9991E-05 0.0328333 0.85613
0.0730352 0.0449997 0.0342302 0.061071 0.786664
0.0185509 0.00488782 0.061001 0.120444 0.795116
9.9982E-05 9.9982E-05 0.0522527 0.035868 0.911679
0.0657093 0.0123282 9.9991E-05 0.0642226 0.85764
9.9973E-05 9.9973E-05 9.9973E-05 0.0828476 0.916852
9.9991E-05 0.00896679 0.0422199 0.077704 0.871009
0.748826 0.00561759 0.0046364 0.0657098 0.17521
0.895811 0.00766313 9.9982E-05 0.0963257 9.9982E-05
0.178907 9.9982E-05 9.9982E-05 0.00182162 0.819071
0.0710161 0.0239449 9.9991E-05 0.228652 0.676287
0.103499 0.00639925 0.05403 9.9991E-05 0.835971
0.697948 9.9982E-05 9.9982E-05 0.181139 0.120713
0.0504301 0.0285712 0.0106606 0.910238 9.9991E-05
0.0357628 0.0362532 0.212973 0.70848 0.00653095
0.23106 9.9991E-05 0.475674 0.29246 0.000705798
0.138978 9.9982E-05 0.635175 0.225647 9.9982E-05
0.193972 9.9973E-05 0.805728 9.9973E-05 9.9973E-05
0.0590681 9.9991E-05 0.875109 0.0241043 0.0416182
0.073525 0.0050991 0.801661 0.119615 9.9991E-05
0.128607 0.014175 0.736983 0.0836557 0.0365792
0.139119 0.0400067 0.747802 0.0149953 0.0580771
9.9991E-05 0.0481811 0.734559 0.103756 0.113403
0.0972442 9.9991E-05 0.0960701 0.781677 0.0249084
0.0526051 0.0866081 0.105005 0.685136 0.0706457
0.216823 0.0514136 9.9991E-05 0.716788 0.0148753
0.37271 9.9973E-05 9.9973E-05 0.62699 9.9973E-05
0.239791 0.0129643 9.9982E-05 0.747045 9.9982E-05
0.458741 0.00259986 9.9982E-05 0.538459 9.9982E-05
0.180558 0.012889 0.278187 0.528266 9.9991E-05
0.226443 0.0125482 0.233885 0.505112 0.022012
0.260416 0.0537422 0.0423 0.643442 9.9991E-05
0.219028 0.0163144 0.237543 0.508016 0.019098
0.128992 0.0403217 0.0999024 0.670428 0.0603558
9.9991E-05 0.137734 0.705043 0.0237368 0.133386
0.188273 0.0144242 0.0247683 9.9991E-05 0.772435
0.0627909 0.043421 0.09111 9.9991E-05 0.802578
0.133887 0.00420797 9.9982E-05 9.9982E-05 0.861705
0.0136751 9.9991E-05 0.00671514 0.2103 0.769209
9.9991E-05 0.0274213 0.0648169 0.0516729 0.855989
0.134338 0.0245146 0.290385 0.446129 0.104634
0.0857113 0.0550213 0.351608 0.50756 9.9991E-05
9.9991E-05 0.0599731 0.127136 0.783287 0.0295037
0.27785 0.0474233 0.25288 0.421747 9.9991E-05
