0.212439 0.651849 0.0103279 0.00878288 0.116602
0.124695 0.753703 9.9991E-05 0.0301843 0.0913181
0.000146539 0.711297 0.0177489 0.0483099 0.222498
0.218565 0.760846 0.00686705 0.0136214 9.9991E-05
9.9982E-05 0.909555 0.0727062 0.017539 9.9982E-05
0.0640102 0.823225 0.112273 0.000326868 0.000165271
0.239581 0.702596 0.017787 9.9991E-05 0.0399359
0.211651 0.748851 9.9982E-05 0.0392978 9.9982E-05
9.999E-05 0.717196 0.119987 0.00925258 0.153464
0.204869 0.511266 0.0194998 0.0366401 0.227725
0.465479 0.363917 0.0550481 0.0624272 0.0531287
0.160193 0.571569 0.0258869 0.0408599 0.201491
0.790929 0.130716 0.0324274 0.0373138 0.0086132
0.115696 0.508392 0.104756 0.00312634 0.268029
9.999E-05 0.686579 0.075065 0.0563645 0.181891
0.226308 0.664715 9.9991E-05 0.00100595 0.107871
0.0572112 0.686768 9.9982E-05 9.9982E-05 0.255821
9.9973E-05 0.851575 9.9973E-05 9.9973E-05 0.148125
0.180301 0.0962026 0.148811 0.0747275 0.499958
0.215427 0.150141 9.9982E-05 9.9982E-05 0.634232
0.080957 0.214893 9.9991E-05 0.0108841 0.693166
0.1158 9.9991E-05 0.0248157 0.0137034 0.845581
0.0189119 9.9991E-05 0.0147775 0.0624658 0.903745
0.0120191 0.139696 0.0123046 0.0242018 0.811779
0.135857 0.165632 9.9982E-05 9.9982E-05 0.698311
9.9982E-05 0.0815912 9.9982E-05 0.0324106 0.885798
0.0197092 9.9991E-05 0.0577489 0.052287 0.870155
9.9982E-05 9.9982E-05 0.0873241 0.0548115 0.857664
9.9991E-05 0.0861705 0.0293599 0.014781 0.869589
9.9982E-05 0.0358634 0.0840128 9.9982E-05 0.879924
0.0508642 9.9991E-05 0.0455349 0.00125023 0.902251
0.024913 0.0349154 0.0517638 0.0429076 0.8455
9.9991E-05 0.0909952 0.00107617 0.0818902 0.825938
0.253981 0.559524 9.9991E-05 0.0704281 0.115967
9.9982E-05 0.655342 0.065465 9.9982E-05 0.278993
0.00896161 0.783755 0.11553 9.9991E-05 0.0916537
0.236107 0.629617 9.9991E-05 0.0334335 0.100743
0.308646 0.447207 0.0467084 0.00364313 0.193795
9.997E-05 9.997E-05 9.997E-05 0.9996 9.997E-05
0.206394 9.9982E-05 9.9982E-05 0.0285889 0.764818
9.9982E-05 0.732676 0.128797 9.9982E-05 0.138327
0.157566 0.694347 9.9982E-05 9.9982E-05 0.147887
0.257873 0.314882 0.130519 0.0208921 0.275834
0.671709 0.056879 0.108341 0.067308 0.0957621
0.934274 9.9982E-05 9.9982E-05 0.00827891 0.0572472
9.997E-05 9.997E-05 9.997E-05 0.9996 9.997E-05
0.243339 0.393214 0.0176855 0.0721271 0.273635
0.521681 0.318375 0.053094 9.9991E-05 0.10675
0.163492 0.341502 0.110524 0.0288298 0.355652
0.203918 0.0174964 0.748607 0.0298787 9.9991E-05
0.195487 9.9991E-05 0.758684 0.0335979 0.0121314
9.9973E-05 0.159591 0.840109 9.9973E-05 9.9973E-05
0.315925 9.9982E-05 0.647894 0.035981 9.9982E-05
9.9991E-05 0.0457404 0.843577 0.0568297 0.0537526
9.9982E-05 0.0819559 0.853439 9.9982E-05 0.0644051
0.0319551 0.220405 0.74744 9.9982E-05 9.9982E-05
0.166152 9.9991E-05 0.760631 0.0108441 0.0622729
9.9982E-05 9.9982E-05 0.834122 0.0283762 0.137301
0.104959 0.0608336 0.804855 0.0292526 9.9991E-05
0.361172 0.0644046 0.553441 0.0208828 9.9991E-05
0.114984 9.9982E-05 0.767247 9.9982E-05 0.117569
0.247322 9.9982E-05 0.69385 9.9982E-05 0.0586283
0.598092 9.9991E-05 0.295346 0.0987783 0.00768456
9.9991E-05 0.138887 0.0442285 0.0388276 0.777957
0.112416 0.125219 9.9991E-05 0.0440085 0.718257
9.9982E-05 0.135141 9.9982E-05 0.0151306 0.849529
0.188727 0.0984341 0.65668 0.0242803 0.0318789
0.44878 9.9982E-05 0.500667 0.0503527 9.9982E-05
0.0923078 0.0792374 0.716241 0.0364504 0.075763
0.284187 9.9982E-05 0.653469 0.062144 9.9982E-05
9.9991E-05 0.108038 0.817518 0.059463 0.0148817
0.513663 0.300345 0.174117 0.0117748 9.9991E-05
0.764124 0.179327 0.0563491 9.9982E-05 9.9982E-05
0.792611 0.112148 0.0950412 9.9982E-05 9.9982E-05
0.98615 9.9973E-05 9.9973E-05 0.01355 9.9973E-05
0.865174 9.9982E-05 9.9982E-05 0.0378781 0.096748
0.966167 9.9973E-05 9.9973E-05 0.0335336 9.9973E-05
0.709868 0.0996444 0.0467724 0.0231048 0.120611
0.235022 0.119531 0.645246 9.9982E-05 9.9982E-05
0.192557 0.193994 0.47804 0.135309 9.9991E-05
0.177617 9.9991E-05 0.736823 0.0256206 0.0598393
0.0557751 9.9991E-05 0.778183 0.0517891 0.114153
0.0475605 0.212233 0.713718 0.0263889 9.9991E-05
0.164048 0.0344555 0.0401793 0.0261217 0.735195
0.479232 0.0416252 0.315697 9.9991E-05 0.163346
0.835556 0.00825605 0.122127 9.9991E-05 0.0339613
9.997E-05 9.997E-05 9.997E-05 0.9996 9.997E-05
0.130143 0.652923 9.9982E-05 9.9982E-05 0.216733
0.0714249 0.738473 9.9991E-05 0.0359275 0.154074
0.145242 0.620914 0.0190195 0.0440837 0.17074
0.146371 0.476318 0.102046 0.0574411 0.217824
0.136047 0.772393 0.0356538 9.9991E-05 0.0558061
0.723115 0.0951979 0.181488 9.9982E-05 9.9982E-05
0.138618 0.179245 0.0137328 0.0444687 0.623936
0.656695 0.087236 0.156205 0.0997632 9.9991E-05
0.392079 0.257682 0.0310483 0.0377446 0.281446
9.9991E-05 0.806395 0.0138934 0.00815787 0.171454
0.302356 0.641102 9.9982E-05 9.9982E-05 0.0563415
0.255548 0.629523 9.9982E-05 9.9982E-05 0.11473
0.214695 0.703704 0.0447918 0.0263172 0.0104925
0.410639 0.572831 9.9982E-05 0.0163308 9.9982E-05
0.150452 0.774948 9.9991E-05 0.0160924 0.0584068
0.731465 0.0408264 0.1717 0.0207342 0.035274
0.603576 0.087171 0.15936 0.0715909 0.0783028
0.719335 0.0419533 0.146253 0.0923586 9.9991E-05
0.594053 0.194856 9.9982E-05 9.9982E-05 0.21089
0.419358 0.271199 0.137142 9.9991E-05 0.172202
9.9982E-05 0.475357 0.091044 9.9982E-05 0.433399
9.9991E-05 0.165151 0.783656 0.0103306 0.0407622
0.199406 0.0463603 0.701933 0.0326215 0.0196794
0.649195 0.0231251 0.177241 9.9991E-05 0.150339
0.487109 0.143485 0.189042 0.0180041 0.16236
0.490271 0.096283 0.140685 0.0453701 0.227391
0.297599 9.9973E-05 9.9973E-05 9.9973E-05 0.702101
0.310597 9.9991E-05 0.637532 0.0404119 0.0113595
0.287632 9.9982E-05 0.649936 9.9982E-05 0.0622326
0.388963 0.123971 0.486865 9.9982E-05 9.9982E-05
0.0424907 0.391412 0.0493747 0.0545223 0.4622
9.9982E-05 0.7168 0.0506446 9.9982E-05 0.232356
0.126079 0.801315 0.0261366 0.0401974 0.00627193
9.9982E-05 0.811866 0.133208 9.9982E-05 0.0547262
0.0542604 0.587742 9.9982E-05 9.9982E-05 0.357798
0.101088 0.682586 0.0112897 0.00143397 0.203603
9.9982E-05 0.828555 0.0658617 9.9982E-05 0.105383
9.9991E-05 0.895817 0.0758893 0.00443494 0.0237588
0.132014 0.438056 0.0313458 9.9991E-05 0.398485
0.0681737 0.787691 0.00661474 0.00229672 0.135224
0.0729318 0.700137 0.00482927 0.0305338 0.191568
0.173851 0.665219 9.9991E-05 0.0290581 0.131772
0.187141 0.405909 0.0811836 0.0120528 0.313714
0.0347067 0.844152 0.0739072 0.0418912 0.00534306
0.25354 0.486612 0.0213646 0.0386329 0.19985
0.0670531 0.811854 0.0246072 0.00015498 0.0963308
0.150473 9.9973E-05 9.9973E-05 9.9973E-05 0.849227
0.0643403 9.9973E-05 9.9973E-05 9.9973E-05 0.93536
9.9982E-05 0.0424557 9.9982E-05 0.0282433 0.929101
0.0528661 0.0124654 0.0984749 0.0141527 0.822041
0.0864814 0.105396 0.0270378 0.0328332 0.748252
0.266974 0.673537 0.0435666 0.015822 9.9991E-05
0.163294 0.618449 9.9991E-05 0.0450831 0.173074
0.133629 9.9973E-05 0.866071 9.9973E-05 9.9973E-05
9.9991E-05 0.0741289 0.826405 0.0518491 0.0475166
9.9973E-05 0.0761111 0.923589 9.9973E-05 9.9973E-05
0.216791 0.0437012 0.64993 0.0045218 0.0850567
9.9982E-05 0.10709 0.865581 0.0271287 9.9982E-05
0.00619862 9.9982E-05 0.801565 9.9982E-05 0.192036
0.0467839 0.0388673 0.880435 0.0338134 9.9991E-05
0.0401103 9.9991E-05 0.849146 0.000717404 0.109926
0.0547774 0.041997 0.84168 9.9991E-05 0.0614458
0.0516439 9.9991E-05 0.857264 0.00505059 0.0859418
0.155064 0.0336813 0.77655 0.0346041 9.9991E-05
0.0662824 0.0938463 0.764116 0.0212615 0.0544938
0.00417393 0.168183 0.82002 9.9991E-05 0.00752259
9.9991E-05 0.0413355 0.886762 0.0207699 0.0510325
0.181759 0.00551651 0.774564 0.0150424 0.0231183
9.9982E-05 0.111592 0.867851 0.0203568 9.9982E-05
0.0012497 9.9991E-05 0.864574 0.021262 0.112814
0.724755 0.0676011 0.138364 9.9991E-05 0.0691802
0.965519 0.034181 9.9973E-05 9.9973E-05 9.9973E-05
0.133536 0.0517784 0.814486 9.9982E-05 9.9982E-05
9.9991E-05 0.251627 0.705641 0.00423325 0.0383987
0.194318 9.9991E-05 0.793132 0.0074072 0.00504243
0.633313 0.20623 0.160258 9.9982E-05 9.9982E-05
0.0401991 0.881681 0.0221034 0.0368318 0.0191851
9.9982E-05 0.745032 9.9982E-05 0.0302319 0.224536
0.207817 0.334674 0.00859231 9.9991E-05 0.448816
0.1591 0.232693 9.9982E-05 9.9982E-05 0.608007
0.170282 9.9982E-05 9.9982E-05 0.0197846 0.809734
0.111465 9.9982E-05 0.0354032 9.9982E-05 0.852932
0.0280463 0.177677 9.9991E-05 0.0119026 0.782274
0.161297 0.0947186 9.9991E-05 0.0296806 0.714204
0.127693 9.9991E-05 0.0920421 0.0310302 0.749135
9.9991E-05 0.0819601 0.0813172 0.0485333 0.788089
0.122149 0.798609 0.00286974 0.00222072 0.0741518
0.196637 0.681193 0.0340741 0.0617971 0.0262985
0.262748 0.688219 9.9982E-05 0.0488334 9.9982E-05
0.209815 0.789885 9.99731E-05 9.99731E-05 9.99731E-05
0.137622 0.852611 9.9982E-05 0.00956758 9.9982E-05
0.362512 0.616711 0.0205767 9.9982E-05 9.9982E-05
0.203721 0.598438 9.9991E-05 0.0155372 0.182203
0.0855045 0.612124 0.0948058 0.0114597 0.196106
0.199143 0.661052 0.00199966 0.0710079 0.0667976
0.239238 0.55252 0.0251643 0.00607471 0.177003
9.9991E-05 0.743138 0.100234 0.0288487 0.12768
9.9991E-05 0.152187 0.156376 0.117985 0.573352
0.265729 9.9982E-05 0.708208 0.0258639 9.9982E-05
0.0728301 9.9991E-05 0.7837 0.0474397 0.0959303
0.0799395 0.015949 0.887392 0.00233258 0.0143867
0.12938 0.137564 0.710097 0.0228598 9.9991E-05
9.9991E-05 0.0362805 0.803387 0.016858 0.143375
0.0315662 0.517583 0.146265 0.0285764 0.276009
0.114224 0.606909 0.00924724 0.0295923 0.240028
9.9991E-05 0.799755 0.0323725 0.0833023 0.08447
0.198498 0.531983 9.9991E-05 0.0376867 0.231732
