0.633727 0.11563 0.221904 9.9991E-05 0.0286393
0.811626 0.0510947 0.110212 9.9991E-05 0.0269666
0.670273 0.13517 0.169404 9.9991E-05 0.025053
0.806474 9.9991E-05 0.145823 0.0365268 0.0110757
0.905618 0.00136477 9.9991E-05 0.0792683 0.013649
0.744898 9.9982E-05 0.183559 0.0713431 9.9982E-05
0.647167 0.0633557 0.289278 9.9982E-05 9.9982E-05
0.809087 9.9982E-05 0.155296 9.9982E-05 0.0354171
0.667248 0.215149 0.00985069 0.0893071 0.0184451
0.49348 0.230692 0.245008 9.9991E-05 0.0307201
0.39392 0.0271993 0.436564 0.0709841 0.0713328
0.403144 0.265144 0.298351 9.9991E-05 0.0332607
0.0442956 0.0143313 0.866614 0.0179087 0.0568504
0.498563 0.201851 0.180295 0.102828 0.0164625
0.710014 0.146228 9.9991E-05 0.112991 0.0306671
0.712469 0.0774128 0.201276 9.9991E-05 0.00874185
0.695312 0.228128 0.0202951 0.056165 9.9991E-05
0.9118 0.0393954 9.9982E-05 9.9982E-05 0.0486043
0.0573372 0.560134 0.196386 0.132809 0.0533332
0.075448 0.729133 0.195219 9.9982E-05 9.9982E-05
0.214704 0.676694 0.0780771 0.0112367 0.0192879
0.0368288 0.852097 0.0140699 0.0817942 0.0152101
9.9982E-05 0.903778 0.0444145 9.9982E-05 0.0516077
0.143151 0.780327 9.9991E-05 0.0304754 0.0459464
0.260658 0.718647 0.0115139 0.0090809 9.9991E-05
0.00561422 0.975288 9.9982E-05 9.9982E-05 0.0188979
9.9991E-05 0.914067 0.00257258 0.0462812 0.0369789
9.9982E-05 0.879012 9.9982E-05 0.0877379 0.0330501
0.0577269 0.917298 9.9982E-05 0.0247749 9.9982E-05
9.9982E-05 0.868444 0.025581 0.105775 9.9982E-05
0.00663515 0.922567 9.9991E-05 0.0641524 0.00654542
0.0751972 0.822608 0.0395286 0.0268463 0.0358203
0.12757 0.771859 0.0183815 0.00535528 0.0768342
0.524316 0.116289 0.296128 9.9991E-05 0.0631677
0.725816 0.217685 9.9982E-05 0.0562994 9.9982E-05
0.641175 0.181621 0.091077 0.0860269 9.9991E-05
0.637972 0.0264908 0.305242 9.9991E-05 0.0301957
0.446182 0.143131 0.367553 0.0366476 0.00648643
9.997E-05 9.997E-05 9.997E-05 9.997E-05 0.9996
9.9982E-05 0.752701 0.220811 9.9982E-05 0.0262881
0.758813 0.0711387 9.9982E-05 0.169848 9.9982E-05
0.594103 0.153307 0.25239 9.9982E-05 9.9982E-05
0.258315 0.312936 0.308286 0.110513 0.00995011
0.110767 0.118844 0.595234 0.140798 0.0343568
9.9982E-05 0.0452808 0.93795 9.9982E-05 0.0165696
9.997E-05 9.997E-05 9.997E-05 9.997E-05 0.9996
0.398993 0.228213 0.307504 9.9991E-05 0.06519
0.195167 0.149151 0.615307 0.0402752 9.9991E-05
0.362427 0.381575 0.114525 0.110496 0.0309777
9.9982E-05 9.9982E-05 0.191457 0.764401 0.0439422
9.9991E-05 0.00679673 0.157872 0.819886 0.0153454
0.156954 9.9973E-05 9.9973E-05 0.842746 9.9973E-05
0.0618382 9.9991E-05 0.164776 0.738869 0.0344161
0.00277002 0.113937 9.9991E-05 0.817211 0.0659815
0.0712521 0.0804119 9.9982E-05 0.848136 9.9982E-05
0.249721 9.9973E-05 9.9973E-05 0.749979 9.9973E-05
0.0734751 0.0555895 0.0612787 0.791372 0.0182847
9.9982E-05 0.112299 9.9982E-05 0.871572 0.0159293
0.131615 9.9991E-05 0.00940436 0.825776 0.0331052
0.0878716 9.9991E-05 0.278737 0.614806 0.0184854
9.9982E-05 0.114651 0.0456911 0.839458 9.9982E-05
0.0224359 0.0798977 0.14535 0.752216 9.9991E-05
9.9982E-05 9.9982E-05 0.623297 0.312585 0.0639178
0.15776 0.800016 9.9991E-05 0.0298037 0.0123211
0.18853 0.735819 9.9991E-05 0.0343875 0.0411634
0.106686 0.87269 9.9982E-05 9.9982E-05 0.0204235
0.0652351 0.0516502 0.18895 0.688822 0.00534196
9.9991E-05 0.0035411 0.442679 0.476688 0.076992
0.148298 0.0160735 0.0536152 0.769027 0.0129865
9.9982E-05 9.9982E-05 0.308463 0.655242 0.036095
0.106693 0.000231477 0.00888389 0.833194 0.0509979
0.216254 9.9991E-05 0.644349 0.131483 0.00781312
0.127751 0.00446552 0.797183 0.0690412 0.00155956
0.0305651 0.0187351 0.876109 0.0744912 9.9991E-05
9.9973E-05 9.9973E-05 0.973981 9.9973E-05 0.0257191
9.9991E-05 0.0928327 0.848422 0.0250298 0.0336154
9.9973E-05 9.9973E-05 0.968034 9.9973E-05 0.0316661
0.106358 0.123403 0.672959 0.0468888 0.0503916
0.0876651 9.9982E-05 0.203773 0.708362 9.9982E-05
0.117684 0.0165305 0.290409 0.45593 0.119447
9.9991E-05 0.0343314 0.220215 0.718 0.0273541
9.9991E-05 0.0682704 0.134293 0.744328 0.0530091
0.142189 9.9991E-05 0.112237 0.708045 0.0374295
0.0337827 0.753434 0.135675 0.0195884 0.0575208
0.0573099 0.152298 0.482908 0.307384 9.9991E-05
9.9973E-05 9.9973E-05 0.890266 0.109434 9.9973E-05
9.997E-05 9.997E-05 9.997E-05 9.997E-05 0.9996
0.705365 0.127309 0.167127 9.9982E-05 9.9982E-05
0.815886 0.106841 0.0583947 9.9991E-05 0.0187785
0.543856 0.153027 0.240923 0.00666953 0.0555247
0.395271 0.220217 0.236037 0.0972598 0.0512155
0.723767 0.118796 0.105127 0.0522091 9.9991E-05
9.9991E-05 0.00359762 0.808867 0.184508 0.00292731
0.118681 0.563845 0.263273 9.9991E-05 0.0541006
0.0142805 9.9991E-05 0.697013 0.202066 0.08654
0.233576 0.312752 0.364086 0.0519695 0.0376161
0.779382 0.18349 0.0293762 9.9991E-05 0.00765123
0.579754 0.117334 0.302712 9.9982E-05 9.9982E-05
0.555034 0.107289 0.337477 9.9982E-05 9.9982E-05
0.592721 0.0347126 0.34468 0.00133676 0.0265498
0.512531 9.9973E-05 0.487169 9.9973E-05 9.9973E-05
0.706532 0.0621023 0.210646 9.9991E-05 0.0206198
9.9991E-05 0.0456639 0.717804 0.213335 0.023097
0.11458 0.0730083 0.605419 0.139198 0.0677947
0.0278711 9.9991E-05 0.641255 0.237509 0.0932654
0.156966 0.208991 0.628923 9.9991E-05 0.00501969
0.22284 0.170389 0.520344 0.0863272 9.9991E-05
0.463999 0.422254 0.0495489 0.0590594 0.00513924
0.203585 9.9982E-05 9.9982E-05 0.781748 0.0144672
0.0207859 0.0560664 0.125149 0.749032 0.0489669
9.9991E-05 0.149219 0.675506 0.152339 0.0228349
0.0728607 0.182492 0.557838 0.174066 0.0127439
0.0469658 0.265216 0.473934 0.16085 0.0530351
9.9973E-05 0.731881 0.267819 9.9973E-05 9.9973E-05
9.9991E-05 0.0856208 0.200889 0.672785 0.0406049
9.9982E-05 0.0214273 0.326718 0.651655 9.9982E-05
0.132888 9.9982E-05 0.407889 0.459023 9.9982E-05
0.323381 0.432537 0.143364 0.0594132 0.0413048
0.753465 0.157668 9.9991E-05 0.0776478 0.0111193
0.798927 0.00864889 0.122502 0.0475329 0.0223885
0.751876 0.0695991 0.0494694 0.128955 9.9991E-05
0.557125 0.37844 0.0642359 9.9982E-05 9.9982E-05
0.709492 0.172259 0.0539074 0.0622813 0.00206042
0.792917 0.102092 0.091359 0.0135325 9.9991E-05
0.920244 9.9973E-05 9.9973E-05 0.0794557 9.9973E-05
0.478625 0.385802 0.101358 0.0341153 9.9991E-05
0.720383 0.185587 0.0786583 0.0119763 0.00339575
0.647782 0.17105 0.149944 9.9991E-05 0.0311236
0.691734 0.142122 0.151663 9.9991E-05 0.0143816
0.419223 0.303824 0.16873 0.108123 9.9991E-05
0.757111 0.0594453 0.0811246 0.0693206 0.0329981
0.423774 0.251011 0.31639 0.00872522 9.9991E-05
0.843223 0.0657029 0.0656411 0.0253332 9.9991E-05
9.9982E-05 0.835513 0.162458 9.9982E-05 0.00182864
0.1006 0.888749 0.0104512 9.9982E-05 9.9982E-05
0.130051 0.837483 9.9982E-05 9.9982E-05 0.0322655
0.0964272 0.767908 0.0723234 0.0632417 9.9991E-05
0.0888645 0.780836 0.0463241 0.0640486 0.0199268
0.617057 9.9982E-05 0.332294 0.0504494 9.9982E-05
0.551552 0.166742 0.266019 9.9991E-05 0.0155878
9.9973E-05 9.9973E-05 0.0214427 0.978257 9.9973E-05
0.0709665 0.053025 0.0295445 0.821404 0.0250604
0.0748967 0.0331709 9.9991E-05 0.869803 0.0220299
0.0271371 0.0746299 0.286902 0.611231 9.9991E-05
0.0714079 9.9982E-05 9.9982E-05 0.897064 0.031328
9.9991E-05 0.121057 0.0561783 0.814614 0.00805113
0.0849014 9.9982E-05 9.9982E-05 0.889341 0.0255577
9.9991E-05 0.101554 0.0602635 0.832774 0.00530893
0.0586152 0.0662102 9.9982E-05 0.874975 9.9982E-05
9.9982E-05 0.101833 0.075853 0.822114 9.9982E-05
0.0445144 9.9991E-05 0.112783 0.807179 0.0354236
0.0892335 0.0750596 0.0306042 0.767562 0.0375407
0.0521753 0.0819164 0.0836902 0.753372 0.0288465
9.9991E-05 0.0975134 0.0598132 0.837263 0.0053107
9.9982E-05 9.9982E-05 0.172606 0.797533 0.0296611
0.085186 9.9982E-05 9.9982E-05 0.893111 0.0215031
0.0228326 0.0615861 9.9991E-05 0.884263 0.0312184
0.0785151 0.0118775 0.779202 0.130305 9.9991E-05
0.0754303 9.9973E-05 0.92427 9.9973E-05 9.9973E-05
0.054477 9.9982E-05 0.113571 0.831752 9.9982E-05
0.251033 9.9991E-05 0.0721078 0.638475 0.0382838
9.9982E-05 0.0361143 0.131591 0.832094 9.9982E-05
0.17985 9.9982E-05 0.667586 0.152365 9.9982E-05
0.952676 9.9991E-05 0.0200988 0.00110093 0.0260247
0.715263 0.184894 0.0562346 9.9991E-05 0.0435083
0.241975 0.520365 0.23746 9.9982E-05 9.9982E-05
0.27143 0.611383 0.116987 9.9982E-05 9.9982E-05
9.9982E-05 0.758474 0.241204 9.9982E-05 0.000122263
9.9982E-05 0.924164 0.0159111 0.059725 9.9982E-05
0.105618 0.801716 0.0541163 9.9991E-05 0.0384497
0.0274843 0.825869 0.143957 9.9991E-05 0.00258935
0.0147557 0.774818 0.138566 0.0609048 0.0109561
0.0707473 0.823135 9.9991E-05 0.0758847 0.0301332
0.710759 0.0907853 0.188509 0.00969063 0.000255382
0.696928 0.0900621 0.113404 0.0235341 0.0760713
0.703137 9.9991E-05 0.243381 0.0307454 0.0226366
0.633251 9.99731E-05 0.366449 9.99731E-05 9.99731E-05
0.726686 9.9982E-05 0.258321 9.9982E-05 0.0147936
0.60114 0.000654318 0.395606 9.9991E-05 0.00249968
0.601476 0.161851 0.223241 9.9991E-05 0.0133319
0.561784 0.181254 0.133718 0.0989275 0.0243157
0.673646 0.103726 0.150935 0.0263152 0.0453774
0.518662 0.219717 0.202903 0.055391 0.0033265
0.702021 0.172838 0.0440499 0.0665138 0.0145778
0.0577186 0.625096 0.0542658 0.0833046 0.179614
0.0139921 9.9991E-05 0.214616 0.755618 0.0156736
9.9991E-05 0.115641 0.0485941 0.779937 0.0557286
9.9991E-05 0.0138611 0.127337 0.857028 0.00167443
0.128391 0.0295551 0.112304 0.72296 0.00678938
0.107605 0.0644901 9.9991E-05 0.796872 0.0309325
0.343824 0.270426 0.272051 0.0697027 0.0439967
0.541351 0.25684 0.171439 9.9991E-05 0.0302699
0.783459 0.129757 9.9991E-05 0.0287046 0.0579792
0.45658 0.245343 0.241334 9.9991E-05 0.0566431
