0.102928 0.0600021 0.0175543 0.176406 0.0104266 0.632582 9.9991E-05
0.0395085 0.0101213 0.00877392 0.362167 0.00453071 0.574799 9.9991E-05
9.9982E-05 0.0599752 0.0318622 9.9982E-05 0.032631 0.871368 0.00396316
9.9982E-05 9.9982E-05 0.150032 0.223471 0.0184896 0.599347 0.00846084
9.9973E-05 9.9973E-05 9.9973E-05 0.279663 0.0106947 0.653625 0.055718
0.0980481 9.9964E-05 9.9964E-05 0.405635 9.9964E-05 0.495917 9.9964E-05
0.132418 0.0543683 0.0570497 0.586102 9.9982E-05 0.169863 9.9982E-05
9.9973E-05 9.9973E-05 0.0780084 0.408727 0.0364134 0.476552 9.9973E-05
0.122073 0.048367 9.9982E-05 0.619861 0.0232374 0.186261 9.9982E-05
0.0418929 0.162703 0.115502 0.364981 0.0291088 0.285712 9.9991E-05
9.9982E-05 0.0833171 0.343588 0.395297 0.0556086 9.9982E-05 0.12199
0.0244027 0.175831 0.276117 0.207585 9.9982E-05 0.315864 9.9982E-05
0.0439652 0.0762203 0.772771 0.0394777 0.0367841 0.0216528 0.00912915
9.9982E-05 0.129421 0.0303504 0.563637 9.9982E-05 0.124632 0.151759
0.0764734 0.174338 9.9991E-05 0.599305 0.0156632 0.107491 0.026629
9.999E-05 0.0645894 0.170182 0.611695 0.0145971 0.133175 0.00566131
0.023913 0.191544 9.9982E-05 0.550715 9.9982E-05 0.19931 0.0343182
9.9973E-05 0.00890693 9.9973E-05 0.45978 0.0249928 0.50602 9.9973E-05
0.174695 0.46639 0.0796262 0.180929 0.0479554 0.0380575 0.0123478
0.0124527 0.636829 0.211711 0.0636094 9.9982E-05 0.0751984 9.9982E-05
9.9982E-05 0.61711 0.0294026 0.147524 0.0188834 0.18688 9.9982E-05
0.000914351 0.787043 0.127265 9.9982E-05 9.9982E-05 0.0456413 0.0389369
0.0293627 0.838852 0.0534839 9.9982E-05 0.0550235 0.0230776 9.9982E-05
0.0531966 0.701422 9.9982E-05 0.0909257 0.0305616 0.123694 9.9982E-05
0.03104 0.635662 0.0460846 0.207077 9.9982E-05 0.0799364 9.9982E-05
0.0288431 0.796828 9.9964E-05 9.9964E-05 9.9964E-05 0.173929 9.9964E-05
0.0617162 0.862932 9.9982E-05 9.9982E-05 0.0279503 0.0218393 0.0253627
0.0785282 0.815722 9.9982E-05 0.0907484 0.0146124 9.9982E-05 0.000188875
0.0141263 0.774286 9.9973E-05 9.9973E-05 9.9973E-05 0.194694 0.0165938
0.11445 0.77451 9.9964E-05 0.110639 9.9964E-05 9.9964E-05 9.9964E-05
0.0854476 0.786157 0.0354377 0.0884044 0.00435334 9.9982E-05 9.9982E-05
9.9982E-05 0.76431 9.9982E-05 0.0322708 0.0122221 0.0980137 0.0929829
0.0686235 0.786916 9.9982E-05 0.0815418 0.0321043 0.0306145 9.9982E-05
9.9982E-05 0.145511 0.284059 0.284284 0.0565186 0.229428 9.9982E-05
9.9973E-05 0.225481 9.9973E-05 0.280315 9.9973E-05 0.427616 0.0662886
0.0700884 0.132014 9.9982E-05 0.360397 9.9982E-05 0.3868 0.0505014
0.0252638 0.0113775 0.128403 0.340809 0.033605 0.460442 9.9991E-05
0.0278475 0.0961583 0.0508255 0.542706 0.0238678 0.175777 0.0828179
9.995E-05 9.995E-05 9.995E-05 9.995E-05 0.9994 9.995E-05 9.995E-05
9.9973E-05 0.702021 0.251492 0.0230414 0.0231458 9.9973E-05 9.9973E-05
0.157703 0.112271 9.9973E-05 0.2596 9.9973E-05 0.470126 9.9973E-05
9.9982E-05 0.0612492 0.199174 0.0923425 9.9982E-05 0.640712 0.00632157
0.181512 0.268155 0.187496 0.270719 0.000351835 0.0916654 9.9991E-05
0.126781 0.0572319 0.528191 9.9991E-05 0.0367043 0.196146 0.0548459
0.014784 9.9973E-05 0.903091 9.9973E-05 0.0248817 0.0569433 9.9973E-05
9.995E-05 9.995E-05 9.995E-05 9.995E-05 0.9994 9.995E-05 9.995E-05
9.999E-05 0.189184 0.241547 0.352338 0.0651026 0.123027 0.0287004
0.179229 0.107263 0.357896 0.355312 9.9973E-05 9.9973E-05 9.9973E-05
9.9991E-05 0.304758 0.128021 0.261896 0.0315193 0.169422 0.104284
0.631353 9.9982E-05 0.101463 0.0841219 0.010152 9.9982E-05 0.172711
0.358837 9.9982E-05 0.053502 0.0550126 0.0367788 9.9982E-05 0.49567
0.392783 9.9973E-05 9.9973E-05 0.0877294 9.9973E-05 0.0561712 0.463016
0.153559 9.9982E-05 0.111512 0.0754053 0.0524421 9.9982E-05 0.606882
0.201707 0.0286244 9.9982E-05 0.0605723 0.0420931 9.9982E-05 0.666803
0.260991 0.0893096 9.9973E-05 0.0140154 9.9973E-05 9.9973E-05 0.635384
9.9964E-05 9.9964E-05 9.9964E-05 0.140314 9.9964E-05 0.0573864 0.801899
0.63553 9.9973E-05 9.9973E-05 0.100399 0.00154291 9.9973E-05 0.262229
0.9994 9.995E-05 9.995E-05 9.995E-05 9.995E-05 9.995E-05 9.995E-05
0.0525511 9.9982E-05 9.9982E-05 0.0218881 0.0352287 0.106776 0.783356
0.21445 9.9991E-05 0.147958 0.0560159 0.0441744 0.087446 0.449856
0.9994 9.995E-05 9.995E-05 9.995E-05 9.995E-05 9.995E-05 9.995E-05
0.174235 0.0205325 0.103185 9.9982E-05 9.9982E-05 0.16048 0.541368
0.208682 9.9982E-05 0.519967 0.0548051 0.0593886 9.9982E-05 0.156957
9.9991E-05 0.714191 0.0016342 0.0775145 0.0210784 0.13998 0.0455016
0.0386415 0.693638 9.9991E-05 0.00454865 0.0242335 0.238 0.000838285
9.9964E-05 0.793087 9.9964E-05 0.107223 9.9964E-05 0.0992898 9.9964E-05
0.142798 0.0312625 0.138346 0.102601 9.9982E-05 9.9982E-05 0.584792
0.100205 9.9982E-05 0.379316 9.9982E-05 0.0691089 0.0239186 0.427251
0.051628 0.0568189 0.0340113 0.0180705 0.00190772 0.107576 0.729988
0.168963 0.0122175 0.24304 9.9982E-05 0.0511952 9.9982E-05 0.524384
9.9973E-05 0.0398955 9.9973E-05 0.060799 0.0412205 9.9973E-05 0.857785
0.0641737 9.9982E-05 0.637657 0.0177857 9.9982E-05 0.232355 0.0478281
0.0877694 9.9982E-05 0.608646 0.255844 0.0141453 9.9982E-05 0.0333947
0.100269 0.00330891 0.766307 0.118178 9.9982E-05 9.9982E-05 0.0117385
9.9955E-05 9.9955E-05 0.970161 9.9955E-05 0.0293392 9.9955E-05 9.9955E-05
9.9973E-05 0.0365707 0.777481 0.14681 0.0388391 9.9973E-05 9.9973E-05
0.0616103 9.9964E-05 0.908104 9.9964E-05 0.0298861 9.9964E-05 9.9964E-05
9.9982E-05 0.107591 0.649021 0.174357 0.0279835 9.9982E-05 0.0408473
0.246207 9.9973E-05 0.115833 0.185925 9.9973E-05 9.9973E-05 0.451735
0.123345 0.0206311 0.299644 9.9991E-05 0.114673 0.120772 0.320835
0.35306 0.0481794 0.0318465 9.9991E-05 0.00105993 0.0794108 0.486343
0.279403 0.0652404 0.0749219 9.9982E-05 0.0272896 9.9982E-05 0.552945
0.0684202 9.9973E-05 9.9973E-05 0.236939 0.0289806 9.9973E-05 0.66536
9.9982E-05 0.60748 0.139509 0.173552 0.0259318 9.9982E-05 0.0533267
0.127599 0.13652 0.471475 0.101083 9.9982E-05 9.9982E-05 0.163124
0.0413109 9.9973E-05 0.82577 9.9973E-05 9.9973E-05 0.0606052 0.0720144
9.995E-05 9.995E-05 9.995E-05 9.995E-05 0.9994 9.995E-05 9.995E-05
0.0489057 0.109707 0.0888221 0.292267 9.9982E-05 0.460098 9.9982E-05
0.0422569 0.0374588 9.9982E-05 0.0865707 0.0303948 0.803119 9.9982E-05
0.130576 0.145984 0.0503536 0.5768 0.0246573 0.0715286 9.9991E-05
0.0430704 0.188781 0.184395 0.458271 0.0405455 0.0184655 0.0664711
9.9973E-05 0.0858696 9.9973E-05 0.48841 9.9973E-05 0.332877 0.0925427
0.163187 0.0376955 0.770741 0.027177 0.00100038 9.9982E-05 9.9982E-05
0.0222307 0.510561 0.17885 0.0213217 0.0488034 0.218134 9.9991E-05
9.9973E-05 9.9973E-05 0.684852 9.9973E-05 0.0618705 0.0967751 0.156202
9.9991E-05 0.300759 0.314276 0.253138 0.00259325 0.0315998 0.097534
0.0513419 0.0985922 9.9973E-05 0.386022 9.9973E-05 0.463744 9.9973E-05
9.9982E-05 0.0377723 0.223783 0.444939 9.9982E-05 0.281874 0.0114311
9.9973E-05 0.101512 0.210539 0.140701 9.9973E-05 0.546948 9.9973E-05
0.125274 0.0114193 0.0368759 0.804406 0.0163588 9.9991E-05 0.0055655
9.9973E-05 0.0689671 0.325243 0.41488 9.9973E-05 0.190609 9.9973E-05
9.9973E-05 0.070653 0.164775 0.496293 9.9973E-05 0.267979 9.9973E-05
0.108355 0.086064 0.58328 0.0167962 0.0290765 0.0436129 0.132815
9.9982E-05 0.0381926 0.617705 0.121449 0.0651697 9.9982E-05 0.157283
0.0242058 0.0603147 0.547736 0.0769381 0.0550037 0.026592 0.20921
9.9973E-05 0.242521 0.602379 0.152909 0.00189103 9.9973E-05 9.9973E-05
0.00572923 0.0936728 0.488001 0.135942 9.9991E-05 0.157181 0.119374
9.9973E-05 0.378274 9.9973E-05 0.32902 9.9973E-05 0.188748 0.103658
0.234319 0.0302096 9.9982E-05 0.151066 0.00761077 9.9982E-05 0.576594
0.101608 9.9982E-05 0.183052 9.9982E-05 0.0294012 0.019652 0.666087
0.171792 0.0483462 0.539036 9.9982E-05 9.9982E-05 0.228139 0.0124877
0.213882 0.0590845 0.343509 0.341188 0.0248685 9.9991E-05 0.0173681
0.166617 0.159887 0.382007 9.9982E-05 0.0333663 0.257923 9.9982E-05
9.9964E-05 0.659581 0.259548 0.0804706 9.9964E-05 9.9964E-05 9.9964E-05
9.9973E-05 0.0290546 0.236909 9.9973E-05 0.0393 9.9973E-05 0.694437
0.26198 0.0277879 0.177723 0.0499806 9.9991E-05 0.00630857 0.476121
0.213237 9.9973E-05 0.338708 9.9973E-05 9.9973E-05 0.126585 0.32117
0.0403147 0.374511 0.0980866 0.0890158 0.0614212 0.336551 9.9991E-05
0.0543153 0.164137 9.9991E-05 0.0424659 0.0114862 0.721048 0.00644813
9.9982E-05 0.00523323 9.9982E-05 0.348076 0.0148179 0.502249 0.129423
0.0162462 9.9973E-05 9.9973E-05 0.137758 9.9973E-05 0.769716 0.0759801
0.00960583 0.263369 0.000852959 0.381491 0.00724957 0.337332 9.9991E-05
9.9991E-05 0.0842415 0.0216398 0.370251 0.0191617 0.481214 0.0233918
9.9964E-05 0.00371632 0.00365124 9.9964E-05 9.9964E-05 0.992233 9.9964E-05
0.077309 9.9964E-05 9.9964E-05 0.0478283 9.9964E-05 0.874463 9.9964E-05
9.9982E-05 0.319724 0.0450624 0.247081 9.9982E-05 0.306611 0.081322
9.9973E-05 0.0797462 9.9973E-05 0.826672 9.9973E-05 0.034847 0.058435
0.0622078 0.0933325 9.9973E-05 0.817315 0.0268452 9.9973E-05 9.9973E-05
0.0334926 0.0123041 0.0984534 0.85545 9.9973E-05 9.9973E-05 9.9973E-05
0.0420441 0.19115 0.170416 0.222943 9.9991E-05 0.334996 0.0383503
0.0162033 9.9973E-05 9.9973E-05 0.87932 0.0294807 9.9973E-05 0.0746959
0.0427026 0.223327 0.159017 0.557661 0.0170927 9.9982E-05 9.9982E-05
9.9973E-05 9.9973E-05 0.0979243 0.141476 9.9973E-05 0.720258 0.0400414
9.9973E-05 0.744433 0.00857397 0.227666 9.9973E-05 9.9973E-05 0.0190273
9.9964E-05 0.801959 0.0348878 9.9964E-05 9.9964E-05 0.162753 9.9964E-05
9.9964E-05 0.830788 9.9964E-05 0.150264 0.0185481 9.9964E-05 9.9964E-05
0.0193545 0.720811 0.0179575 0.132124 9.9991E-05 0.0474501 0.0622029
0.0742184 0.641001 0.00455463 9.9982E-05 0.00734946 0.272677 9.9982E-05
0.0254415 9.9991E-05 0.204369 0.290685 0.017198 0.435788 0.026419
9.9982E-05 0.101157 0.0378121 0.633626 0.0155869 0.211618 9.9982E-05
0.548575 9.9955E-05 9.9955E-05 9.9955E-05 9.9955E-05 9.9955E-05 0.450925
9.9982E-05 0.0630113 0.0798106 0.0124274 0.0151266 9.9982E-05 0.829424
0.124837 0.0393174 9.9991E-05 0.04258 0.0191947 0.00592269 0.768048
0.0488057 0.0237554 0.239816 9.9982E-05 9.9982E-05 0.0843107 0.603112
0.145337 9.9982E-05 0.00559375 9.9982E-05 0.00481776 0.078907 0.765145
0.177036 0.104135 9.9982E-05 0.0189019 0.00610697 9.9982E-05 0.69362
9.9973E-05 9.9973E-05 0.00286985 9.9973E-05 0.0184377 0.063154 0.915239
0.387323 0.0398023 0.0826956 9.9982E-05 9.9982E-05 0.0197943 0.470185
0.268065 0.0332552 0.0757637 9.9982E-05 9.9982E-05 0.0476056 0.575111
0.283408 0.0268893 9.9982E-05 9.9982E-05 0.0131497 0.0835773 0.592775
9.9973E-05 9.9973E-05 0.00385707 0.121725 0.029931 9.9973E-05 0.844187
0.113556 0.0485913 0.0602342 0.0505253 0.0424478 0.0229011 0.661745
0.214363 0.0287279 9.9982E-05 9.9982E-05 0.0110643 0.164264 0.581381
0.201097 0.0400082 9.9982E-05 0.0191246 0.0036951 9.9982E-05 0.735875
0.191012 9.9982E-05 0.107124 9.9982E-05 0.00110045 0.0302812 0.670283
9.9973E-05 9.9973E-05 9.9973E-05 0.0697187 0.0114865 0.00385641 0.914638
0.0463646 0.0592904 9.9982E-05 9.9982E-05 0.0143576 0.0143346 0.865453
9.9973E-05 9.9973E-05 0.715879 9.9973E-05 0.000164787 0.149732 0.133924
9.9964E-05 0.000887743 0.825625 0.173088 9.9964E-05 9.9964E-05 9.9964E-05
0.166379 9.9973E-05 0.0653494 9.9973E-05 9.9973E-05 0.0539752 0.713996
0.341369 9.9973E-05 9.9973E-05 0.148352 9.9973E-05 0.101669 0.40831
0.9994 9.995E-05 9.995E-05 9.995E-05 9.995E-05 9.995E-05 9.995E-05
0.206917 9.9973E-05 0.608836 0.159174 9.9973E-05 0.024773 9.9973E-05
9.9964E-05 9.9964E-05 9.9964E-05 9.9964E-05 0.00919119 0.986596 0.003813
0.024841 0.195038 9.9982E-05 0.182052 0.0203939 0.577475 9.9982E-05
0.103262 0.373784 0.118648 9.9973E-05 9.9973E-05 0.404006 9.9973E-05
9.9982E-05 0.546198 0.150281 0.0156968 0.00389313 0.283731 9.9982E-05
9.9982E-05 0.691351 0.164877 0.102807 9.9982E-05 0.0172395 0.0235258
0.0909972 0.785747 0.0323902 0.0525723 9.9982E-05 0.0380935 9.9982E-05
0.0240425 0.659459 0.0270327 0.0467091 0.0175614 0.225096 9.9991E-05
0.0307687 0.65704 0.098857 0.210457 0.00267682 9.9982E-05 9.9982E-05
0.0626807 0.703097 0.114976 0.0901002 0.0190038 9.9991E-05 0.0100432
9.9973E-05 0.742724 9.9973E-05 9.9973E-05 0.0352489 0.106736 0.114991
9.9973E-05 0.0301747 0.0813584 0.0273883 9.9973E-05 0.860779 9.9973E-05
0.0355714 0.0188752 0.0906424 0.248363 0.0622243 0.538991 0.00533229
0.0885346 9.9982E-05 0.00100624 0.831384 0.0359578 0.0429174 9.9982E-05
9.9973E-05 9.9973E-05 0.108718 0.839744 9.9973E-05 0.00188254 0.0493557
0.0332576 9.9973E-05 0.0461617 0.848327 9.9973E-05 0.0719536 9.9973E-05
9.9973E-05 9.9973E-05 0.261224 0.677793 9.9973E-05 0.0198124 0.040871
0.11036 0.135776 0.0492719 0.590654 0.0122227 0.101615 9.9991E-05
0.116143 0.0942814 0.0445812 0.697376 0.00116665 0.0463514 9.9991E-05
9.9991E-05 0.0353349 0.0415357 0.748265 0.0181027 0.0755579 0.0811041
9.9973E-05 0.149775 0.0083965 0.742783 9.9973E-05 9.9973E-05 0.0987455
0.0427159 0.0493305 0.0245424 0.687262 0.0277481 0.121415 0.0469861
0.0326648 0.529272 0.00156477 0.00142456 0.145241 0.186105 0.103727
0.595555 0.00313291 0.105566 0.0448029 0.00894997 0.0262489 0.215744
0.193835 0.132458 0.00157044 9.9982E-05 0.0360928 9.9982E-05 0.635844
0.0117462 0.0147776 0.0969702 0.0259851 0.0018065 9.9991E-05 0.848614
0.0482742 0.0061767 0.0193557 0.008241 9.9991E-05 0.162519 0.755333
0.0556129 0.0260072 9.9982E-05 9.9982E-05 0.0260753 0.159349 0.732756
0.166468 0.245187 9.9991E-05 0.472764 0.0177056 0.0669147 0.0308608
0.0242915 0.193794 0.13592 0.30154 0.0112041 0.33315 9.9991E-05
0.0628017 0.121763 9.9982E-05 0.680573 0.0446902 0.0899727 9.9982E-05
0.00983155 0.242965 0.191113 0.251674 0.0422205 0.262096 9.9991E-05
