0.196716 0.14878 0.0131521 0.641252 9.9991E-05
0.117978 0.106411 0.025137 0.750374 9.9991E-05
0.125047 0.244203 0.0192689 0.606125 0.00535626
0.170795 0.0094897 0.0065508 0.813065 9.9991E-05
9.9973E-05 9.9973E-05 9.9973E-05 0.935369 0.0643307
0.0406725 0.00431641 9.9991E-05 0.893931 0.0609804
0.197733 0.0536812 9.9982E-05 0.748385 9.9982E-05
0.163745 9.9982E-05 0.0475823 0.788473 9.9982E-05
0.0595826 0.250847 0.00672971 0.568767 0.114073
0.262682 0.176847 0.0178102 0.54256 9.9991E-05
0.474665 0.0517983 0.0754838 0.350302 0.0477506
0.259899 0.213769 0.0334236 0.475229 0.0176793
0.84197 0.063291 0.0384542 0.0073662 0.0489191
0.33916 0.192701 9.9991E-05 0.437977 0.030061
9.999E-05 0.190999 0.0592603 0.649782 0.0998588
0.201621 0.146011 0.00220788 0.65006 9.9991E-05
0.0613573 0.237789 9.9982E-05 0.700653 9.9982E-05
9.9982E-05 0.126156 0.0199517 0.853693 9.9982E-05
0.218511 0.481955 0.0695837 0.111397 0.118554
0.24575 0.695897 9.9982E-05 0.0581526 9.9982E-05
0.0856578 0.694876 0.0115669 0.180357 0.0275422
0.0768702 0.850283 0.0139752 0.0113834 0.0474886
9.9982E-05 0.927757 0.0652531 9.9982E-05 0.00678955
0.00258945 0.775783 0.03217 0.172103 0.0173543
0.187572 0.700457 9.9982E-05 0.111771 9.9982E-05
9.9982E-05 0.943371 0.0162217 0.0402078 9.9982E-05
9.9982E-05 0.907606 0.0135556 9.9982E-05 0.0786382
0.0293497 0.857405 0.0271026 9.9991E-05 0.0860424
9.9982E-05 0.955001 9.9982E-05 0.0223798 0.0224196
9.9982E-05 0.841408 9.9982E-05 0.0590527 0.0993394
0.0544743 0.916018 9.9982E-05 9.9982E-05 0.0293074
9.9991E-05 0.860556 0.0169325 0.0815142 0.040897
0.00893204 0.790367 0.0726858 0.124301 0.00371411
0.266828 0.153414 0.069431 0.510227 9.9991E-05
9.9991E-05 0.227609 0.000750685 0.729062 0.0424785
9.9982E-05 0.0902703 9.9982E-05 0.842979 0.066551
0.192259 0.0262227 0.0283654 0.753052 9.9991E-05
0.265708 0.209313 9.9991E-05 0.44604 0.0788379
9.997E-05 9.997E-05 0.9996 9.997E-05 9.997E-05
0.19134 0.767367 0.0410937 9.9982E-05 9.9982E-05
9.9991E-05 0.113541 0.00996278 0.74715 0.129247
0.154979 0.201739 0.00756003 0.635622 9.9991E-05
0.38862 0.31749 0.0105697 0.220694 0.0626269
0.60432 0.166276 0.0461351 0.0544423 0.128827
0.941254 0.047683 0.0108626 9.9982E-05 9.9982E-05
9.997E-05 9.997E-05 0.9996 9.997E-05 9.997E-05
0.309295 0.209994 0.0711755 0.398016 0.0115201
0.473069 0.161543 9.9991E-05 0.274478 0.0908104
0.193588 0.354551 0.0240535 0.334966 0.0928417
0.172875 0.0659231 0.0256256 9.9991E-05 0.735476
0.124353 0.0354741 0.0427028 9.9991E-05 0.79737
0.00725762 0.0140608 0.011543 0.153906 0.813232
0.208098 9.9991E-05 0.0608548 0.0451978 0.685749
9.9991E-05 0.0902061 0.0671478 0.00965572 0.83289
9.9982E-05 0.0870905 9.9982E-05 0.0614182 0.851291
9.9982E-05 0.0120236 9.9982E-05 0.200639 0.787137
0.0799945 0.0687259 0.0320845 0.00661655 0.812579
9.9982E-05 0.128879 0.0399055 9.9982E-05 0.831016
0.0218586 9.9991E-05 0.0369214 0.122904 0.818216
0.291131 9.9991E-05 0.0339551 0.0753615 0.599452
0.103836 0.0889004 0.00770058 9.9991E-05 0.799463
0.154779 0.115608 9.9991E-05 0.00444542 0.725068
0.566056 0.0600729 0.0824839 0.00713189 0.284255
9.9991E-05 0.770185 0.0325813 0.142632 0.0545018
0.116838 0.745729 0.0314936 0.10584 9.9991E-05
9.9982E-05 0.791499 0.0177926 0.190509 9.9982E-05
0.147502 0.0300313 0.0103897 0.0937575 0.71832
0.423144 9.9982E-05 0.0551383 9.9982E-05 0.521518
0.138883 0.0248953 0.0144631 0.0804146 0.741344
0.227715 0.0251242 0.0329349 9.9991E-05 0.714126
9.9991E-05 0.029743 0.0505739 0.0771292 0.842454
0.732505 9.9982E-05 9.9982E-05 0.145501 0.121794
0.802367 0.0191703 9.9991E-05 0.13647 0.0418924
0.869669 9.9991E-05 0.00748416 0.0761086 0.0466383
0.983467 9.9973E-05 0.0162331 9.9973E-05 9.9973E-05
0.796433 0.17179 0.0315773 9.9982E-05 9.9982E-05
0.975099 0.00713294 0.0175683 9.9982E-05 9.9982E-05
0.736435 0.110996 0.019577 0.0950857 0.0379061
0.373798 9.9973E-05 9.9973E-05 9.9973E-05 0.625902
0.36148 0.0329303 0.140955 0.0468904 0.417744
0.132904 0.094181 0.0225751 9.9991E-05 0.75024
0.0997135 0.0606903 0.0598737 9.9991E-05 0.779622
0.0486437 9.9991E-05 0.021568 0.176093 0.753595
0.224779 0.753962 0.0185586 0.00260007 9.9991E-05
0.552612 0.19125 9.9982E-05 9.9982E-05 0.255939
0.895048 9.9973E-05 9.9973E-05 9.9973E-05 0.104652
9.997E-05 9.997E-05 0.9996 9.997E-05 9.997E-05
0.131985 0.229336 9.9982E-05 0.63848 9.9982E-05
0.0958212 0.132015 0.0382588 0.733805 9.9991E-05
0.178767 0.188678 0.0541394 0.578315 9.9991E-05
0.286007 0.271852 0.0476939 0.324218 0.0702293
9.9982E-05 0.0379986 9.9982E-05 0.905678 0.0561232
0.784132 0.0653441 9.9982E-05 9.9982E-05 0.150324
0.234383 0.481602 0.0355319 0.248383 9.9991E-05
0.703072 9.9991E-05 0.081309 0.0626942 0.152825
0.38277 0.336838 0.00903224 0.216351 0.0550084
0.0142963 0.237449 0.0150308 0.71451 0.0187139
0.264463 0.0411078 9.9982E-05 0.694229 9.9982E-05
0.243134 0.194796 9.9982E-05 0.56187 9.9982E-05
0.274556 0.0697864 0.00875314 0.616519 0.0303859
0.370374 0.0459894 0.00288404 0.580653 9.9991E-05
0.266119 0.12184 9.9982E-05 0.611841 9.9982E-05
0.678269 0.0517308 0.0333274 0.0497512 0.186921
0.608609 0.138202 0.0773791 0.048766 0.127044
0.626932 9.9991E-05 0.0918399 0.0722192 0.208909
0.703098 0.177406 0.00442829 0.114968 9.9991E-05
0.55986 0.214718 9.9991E-05 0.157048 0.0682745
0.0403125 0.48328 9.9991E-05 0.39229 0.0840175
9.9982E-05 9.9982E-05 0.0155689 0.172867 0.811364
0.223821 9.9991E-05 0.0239863 0.0428656 0.709227
0.63864 0.145206 0.00576074 0.0414909 0.168903
0.538661 0.093548 0.0365465 0.19891 0.132335
0.470534 0.237042 0.0579503 0.0747119 0.159762
0.26387 0.73583 9.9973E-05 9.9973E-05 9.9973E-05
0.27295 0.0566115 0.0441683 9.9991E-05 0.626171
0.363672 9.9973E-05 9.9973E-05 9.9973E-05 0.636028
0.400446 9.9982E-05 9.9982E-05 0.121275 0.478079
0.136179 0.477744 0.0532875 0.3155 0.0172894
0.00606531 0.226937 0.00939438 0.69495 0.062653
0.191618 9.9991E-05 0.0262095 0.726286 0.055787
0.0157723 0.0571321 9.9991E-05 0.80518 0.121816
0.0787357 0.399162 9.9991E-05 0.520477 0.00152524
0.0881334 0.178259 0.022071 0.711436 9.9991E-05
0.023656 0.124378 9.9991E-05 0.80943 0.0424361
9.9982E-05 9.9982E-05 0.0190407 0.894765 0.085994
0.0676894 0.402223 9.9991E-05 0.485138 0.0448499
0.0853925 0.11924 0.0035037 0.781407 0.0104563
0.144915 0.175911 0.0207241 0.65835 9.9991E-05
0.183396 0.0934167 0.019125 0.703962 9.9991E-05
0.115083 0.269176 9.9991E-05 0.523995 0.0916459
0.0794096 0.00277911 0.0327519 0.821428 0.0636318
0.287255 0.256456 0.0301857 0.423467 0.00263672
0.0724365 0.0814039 0.00654149 0.827415 0.0122035
0.130796 0.868904 9.9973E-05 9.9973E-05 9.9973E-05
0.0902397 0.90946 9.9973E-05 9.9973E-05 9.9973E-05
9.9982E-05 0.881303 0.0401678 0.0783295 9.9982E-05
0.00203642 0.839029 9.9991E-05 0.0984285 0.0604059
0.0762073 0.854702 0.0122288 0.0149822 0.0418796
0.235936 9.9991E-05 0.00275664 0.677013 0.0841944
0.141314 0.140901 0.0180815 0.699603 9.9991E-05
0.108834 9.9973E-05 9.9973E-05 9.9973E-05 0.890866
0.0645723 0.0470517 0.0289664 0.0440959 0.815314
0.00665023 0.00782645 0.0160982 0.0902632 0.879162
0.255793 0.0447033 9.9991E-05 0.0380633 0.66134
0.100559 9.9982E-05 0.0356995 9.9982E-05 0.863541
9.9982E-05 0.153617 0.0191206 9.9982E-05 0.827062
0.0450559 9.9991E-05 0.0120249 0.0394708 0.903348
0.0774457 0.0731718 9.9991E-05 0.00135877 0.847924
0.071499 0.0707202 9.9991E-05 0.0219585 0.835722
9.9991E-05 0.109976 0.0140361 0.000506106 0.875382
0.0829244 9.9991E-05 0.0200127 0.0743145 0.822648
0.0772123 0.0309599 0.0206187 0.0578909 0.813318
9.9991E-05 0.072907 0.026546 0.104299 0.796148
9.9982E-05 0.0839997 0.0222749 9.9982E-05 0.893525
0.121516 0.0131788 0.0119704 0.00297267 0.850362
9.9982E-05 9.9982E-05 0.0260098 0.0756458 0.898144
9.9991E-05 0.0686435 0.0174113 0.0520008 0.861844
0.803037 0.0346702 0.00202301 0.0501279 0.110142
0.970492 0.0292082 9.9973E-05 9.9973E-05 9.9973E-05
0.093456 9.9982E-05 9.9982E-05 0.0585094 0.847835
0.0148209 9.9991E-05 0.0468187 0.239984 0.698277
0.137983 9.9982E-05 0.00584741 9.9982E-05 0.855969
0.742584 9.9982E-05 9.9982E-05 0.13055 0.126666
0.0662704 9.9982E-05 0.0188251 0.914705 9.9982E-05
9.9982E-05 0.197778 0.0354981 0.766524 9.9982E-05
0.252013 0.498992 9.9982E-05 0.248795 9.9982E-05
0.196067 0.579347 9.9982E-05 0.224386 9.9982E-05
0.181118 0.794816 0.0058119 9.9991E-05 0.0181539
0.0296796 0.858117 9.9991E-05 0.0677341 0.0443695
0.0262664 0.766132 0.0235993 0.183903 9.9991E-05
0.184665 0.780134 0.0142335 0.0208673 9.9991E-05
0.0984862 0.768014 0.0279072 9.9991E-05 0.105493
9.9991E-05 0.787051 0.0559064 0.0775832 0.079359
0.0989563 0.072671 0.00856013 0.819713 9.9991E-05
9.9991E-05 0.0610243 0.0643655 0.785816 0.0886945
0.124163 9.9991E-05 0.0644723 0.7844 0.026865
0.257454 9.9973E-05 9.9973E-05 0.742247 9.9973E-05
0.196786 9.9982E-05 0.00667967 0.796334 9.9982E-05
0.346154 0.0516902 9.9991E-05 0.598324 0.00373207
0.294442 0.22948 0.0111784 0.4648 9.9991E-05
0.283787 0.164481 9.9991E-05 0.528668 0.0229645
0.278186 0.0650796 0.0605723 0.596062 9.9991E-05
0.220612 0.154503 0.0255564 0.592485 0.0068435
0.146718 0.174347 0.00439676 0.617114 0.0574245
9.9991E-05 0.682205 0.154402 0.0855431 0.0777505
0.190251 0.0397264 0.021585 9.9991E-05 0.748337
9.9991E-05 0.147168 0.0497567 0.00117137 0.801804
0.133097 0.0419666 0.00722879 9.9991E-05 0.817608
0.0581527 9.9982E-05 9.9982E-05 0.220277 0.72137
0.00562497 0.0706027 0.0367094 0.0650118 0.822051
0.154587 0.249897 0.0280761 0.481908 0.0855317
0.122366 0.262405 0.0312924 0.583837 9.9991E-05
0.00342534 0.126703 0.0600451 0.794653 0.0151727
0.277043 0.243456 0.0499406 0.429461 9.9991E-05
