0.682977 9.9982E-05 0.0388306 0.15432 0.110092 0.0135797 9.9982E-05
0.641276 9.9982E-05 9.9982E-05 0.0652957 0.0888091 0.0142855 0.190134
0.826042 9.9973E-05 0.0722902 9.9973E-05 0.0827431 0.0186249 9.9973E-05
0.594965 9.9991E-05 0.0284346 0.242955 0.071449 0.0122869 0.0498096
0.732108 0.0312968 9.9973E-05 0.180615 9.9973E-05 9.9973E-05 0.0556807
0.537093 0.0258781 9.9991E-05 0.191899 0.0991865 0.00239782 0.143445
0.198332 9.9982E-05 0.0252078 0.328914 0.169341 9.9982E-05 0.278006
0.372061 9.9982E-05 9.9982E-05 0.4302 0.0129716 0.0340123 0.150555
0.234086 0.0729224 0.0402454 9.9973E-05 9.9973E-05 9.9973E-05 0.652446
0.234472 9.9991E-05 0.144825 0.124405 0.114923 0.0207547 0.36052
0.0710023 0.0487341 0.00846866 0.145073 0.360069 0.0508343 0.315819
0.176936 9.9991E-05 0.133349 0.037016 0.185585 0.000788013 0.466226
9.9964E-05 9.9964E-05 9.9964E-05 9.9964E-05 0.788888 0.0273782 0.183334
0.00157762 0.0458624 0.079731 0.00350035 0.0857733 9.9991E-05 0.783455
0.203012 0.0582009 0.08418 0.113123 9.9991E-05 0.0388258 0.502558
0.215113 9.9991E-05 0.0298733 0.088927 0.0566273 0.0177171 0.591642
0.187244 9.9973E-05 0.110996 0.187715 9.9973E-05 9.9973E-05 0.513745
0.527795 9.9973E-05 9.9973E-05 9.9973E-05 0.037225 0.0158736 0.418807
0.00739514 0.119578 0.486005 9.9991E-05 0.113527 0.0609951 0.2124
0.0288017 9.9973E-05 0.559874 9.9973E-05 0.183115 9.9973E-05 0.22791
0.0838886 9.9982E-05 0.677749 0.109688 9.9982E-05 0.0307851 0.0976898
0.0991923 9.9982E-05 0.736909 0.0438451 0.116544 0.00330969 9.9982E-05
9.9973E-05 9.9973E-05 0.818491 9.9973E-05 0.0899661 0.0462413 0.045002
0.164325 0.0239472 0.662073 0.0554813 9.9991E-05 0.0322333 0.0618403
0.00248092 9.9973E-05 0.657438 0.269808 9.9973E-05 9.9973E-05 0.0699728
0.116252 9.9973E-05 0.792987 0.0704802 9.9973E-05 0.0199807 9.9973E-05
9.9973E-05 0.0480493 0.817055 0.0972374 9.9973E-05 0.0373584 9.9973E-05
9.9973E-05 0.0827186 0.715769 9.9973E-05 9.9973E-05 0.0198519 0.181361
0.236264 9.9955E-05 0.763236 9.9955E-05 9.9955E-05 9.9955E-05 9.9955E-05
0.00949613 0.0808007 0.778201 0.111328 9.9982E-05 9.9982E-05 0.0199744
9.9982E-05 0.0233754 0.81208 0.0329855 9.9982E-05 0.00173228 0.129626
9.9973E-05 0.0372772 0.736137 9.9973E-05 9.9973E-05 0.0274062 0.19888
9.9982E-05 0.00976331 0.734847 0.0236602 9.9982E-05 0.0563938 0.175136
0.245323 9.9991E-05 0.0989196 0.160381 0.189019 0.0701522 0.236106
0.375326 0.0347403 0.166285 0.0797332 9.9982E-05 9.9982E-05 0.343715
0.148401 0.0529619 0.153174 0.59985 9.9982E-05 9.9982E-05 0.045413
0.345074 9.9982E-05 0.077511 0.43025 0.116625 0.0303398 9.9982E-05
0.162879 0.0347183 0.110417 0.122384 0.240696 0.00222837 0.326678
9.995E-05 9.995E-05 9.995E-05 9.995E-05 9.995E-05 0.9994 9.995E-05
9.9973E-05 9.9973E-05 0.776599 0.065594 0.140245 0.0172623 9.9973E-05
0.561603 0.139536 0.107105 0.190623 9.9982E-05 9.9982E-05 0.000932227
0.511867 9.9973E-05 0.0737352 9.9973E-05 0.217837 9.9973E-05 0.19626
0.209972 0.0912749 0.24849 0.0325823 0.256233 0.0229398 0.138507
0.130729 0.0634584 0.0878154 9.9991E-05 0.612274 0.0557686 0.049855
0.0211211 9.9982E-05 0.00620272 0.106375 0.848519 0.0175822 9.9982E-05
9.995E-05 9.995E-05 9.995E-05 9.995E-05 9.995E-05 0.9994 9.995E-05
0.0970219 9.9991E-05 0.104725 0.222711 0.15274 0.064767 0.357935
9.9982E-05 0.0408987 0.0261885 0.275819 0.367487 9.9982E-05 0.289407
0.220583 0.0487638 0.218871 0.0619352 0.153066 0.0252491 0.271532
9.9973E-05 0.681476 9.9973E-05 9.9973E-05 0.197875 0.0104219 0.109927
9.9982E-05 0.761224 9.9982E-05 0.0572443 0.120555 0.0161095 0.044667
0.116318 0.74747 9.9973E-05 0.0911331 9.9973E-05 9.9973E-05 0.0447783
9.9982E-05 0.672599 9.9982E-05 0.0573168 0.154451 0.0371117 0.0783223
9.9982E-05 0.824566 0.0131976 0.0464619 9.9982E-05 0.019944 0.0956302
9.9973E-05 0.800039 0.0260933 0.0323377 9.9973E-05 9.9973E-05 0.141231
9.9955E-05 0.651778 9.9955E-05 9.9955E-05 9.9955E-05 9.9955E-05 0.347722
9.9964E-05 0.745728 9.9964E-05 9.9964E-05 9.9964E-05 0.00533179 0.24854
9.9973E-05 0.785287 0.130026 9.9973E-05 0.0338354 0.0505516 9.9973E-05
0.141109 0.727283 9.9973E-05 9.9973E-05 0.0901552 0.0411536 9.9973E-05
0.137675 0.501184 9.9973E-05 9.9973E-05 0.344292 0.0165479 9.9973E-05
9.9964E-05 0.768844 0.109154 9.9964E-05 0.121602 9.9964E-05 9.9964E-05
0.171961 0.627312 0.0120652 9.9982E-05 0.173392 9.9982E-05 0.0150698
9.9973E-05 0.236951 9.9973E-05 9.9973E-05 0.691258 0.0651975 0.0062939
0.0703904 0.0377134 0.733953 0.0571277 9.9991E-05 0.0209124 0.0798034
0.315766 9.9964E-05 0.656354 9.9964E-05 9.9964E-05 0.0274801 9.9964E-05
0.0929268 9.9973E-05 0.751682 0.120899 9.9973E-05 9.9973E-05 0.0341917
9.9982E-05 0.621875 9.9982E-05 0.0530157 0.184975 0.0160049 0.123929
0.102179 0.477092 9.9973E-05 9.9973E-05 0.350395 0.0700338 9.9973E-05
0.0803401 0.669851 0.03451 9.9991E-05 0.175991 0.0229221 0.0162858
9.9982E-05 0.593473 0.00228352 9.9982E-05 0.315172 0.0490761 0.0397957
0.104132 0.800694 0.0173818 9.9982E-05 9.9982E-05 0.0274348 0.0501575
0.273436 0.0845035 9.9982E-05 9.9982E-05 0.590862 0.0149305 0.0360682
9.9964E-05 0.0369044 9.9964E-05 9.9964E-05 0.673185 9.9964E-05 0.289511
9.9973E-05 0.0474951 9.9973E-05 0.152781 0.736797 9.9973E-05 0.0626275
9.9964E-05 9.9964E-05 9.9964E-05 0.0808047 0.881672 0.0371234 9.9964E-05
9.9973E-05 9.9973E-05 0.0689497 0.140833 0.767119 0.0227982 9.9973E-05
9.9964E-05 9.9964E-05 9.9964E-05 9.9964E-05 0.878438 0.0265253 0.094637
0.011582 9.9982E-05 0.113686 0.138481 0.718594 0.0174571 9.9982E-05
9.9964E-05 0.570343 9.9964E-05 9.9964E-05 0.208274 9.9964E-05 0.220983
0.150537 0.386301 0.0227782 9.9982E-05 0.325945 0.114239 9.9982E-05
0.0304122 0.688563 0.0837299 0.0309987 0.147333 0.0188635 9.9991E-05
9.9982E-05 0.692292 0.101261 9.9982E-05 0.103445 0.0343257 0.0684761
9.9973E-05 0.674568 9.9973E-05 0.0208504 9.9973E-05 0.032222 0.27206
9.9982E-05 0.0145924 0.588271 9.9982E-05 0.134043 0.00996438 0.25293
0.0017979 0.238256 0.110699 0.0866649 0.479975 9.9991E-05 0.0825079
0.0251931 0.108972 9.9973E-05 0.0541922 0.811342 9.9973E-05 9.9973E-05
9.995E-05 9.995E-05 9.995E-05 9.995E-05 9.995E-05 0.9994 9.995E-05
0.570099 9.9982E-05 0.147696 0.106318 0.0749697 9.9982E-05 0.100717
0.743674 9.9991E-05 0.0540757 0.00775836 0.0867523 0.0292908 0.0783488
0.166105 0.00485543 0.0420566 0.119478 0.160916 0.0341118 0.472476
9.9982E-05 0.0612142 0.137448 9.9982E-05 0.0944202 0.0305811 0.676136
0.230891 0.022022 0.0325404 0.406668 9.9982E-05 9.9982E-05 0.307678
9.9973E-05 0.0970534 0.000160886 0.0936163 0.80887 9.9973E-05 9.9973E-05
0.176122 9.9991E-05 0.47171 0.0714153 0.18596 0.0355939 0.0590992
0.14965 0.135039 9.9973E-05 9.9973E-05 0.627845 0.0871659 9.9973E-05
9.9991E-05 0.0374305 0.295618 0.386404 0.198816 0.0468432 0.0347889
0.452199 9.9964E-05 0.0635316 9.9964E-05 9.9964E-05 9.9964E-05 0.48387
0.12702 9.9982E-05 0.0645562 0.448403 0.12452 9.9982E-05 0.235302
0.37224 9.9982E-05 0.0930167 0.031258 0.250388 9.9982E-05 0.252897
9.9982E-05 0.0292153 9.9982E-05 0.149866 0.0784953 0.00115308 0.741071
9.9973E-05 9.9973E-05 0.0518931 0.910492 0.0310906 0.00622469 9.9973E-05
9.9955E-05 9.9955E-05 9.9955E-05 9.9955E-05 0.0707254 9.9955E-05 0.928775
9.9982E-05 0.182118 0.040255 0.187172 0.567419 0.0228365 9.9982E-05
0.0965233 0.129161 0.091139 0.0432506 0.497929 0.0764145 0.0655828
9.9982E-05 0.158948 9.9982E-05 0.0612082 0.623835 0.0591649 0.0966438
9.9964E-05 9.9964E-05 0.156441 9.9964E-05 0.550374 9.9964E-05 0.292785
0.141806 0.0120092 0.0522409 9.9982E-05 0.57669 9.9982E-05 0.217054
0.0692795 0.0601374 0.332441 0.282395 9.9982E-05 9.9982E-05 0.255547
0.0279249 0.70586 9.9982E-05 0.190395 9.9982E-05 0.00904599 0.0665738
0.0591324 0.668347 0.00899993 0.000201083 0.181338 0.0235817 0.0583995
0.212929 0.127475 0.0580999 9.9973E-05 0.601196 9.9973E-05 9.9973E-05
9.9982E-05 0.134254 0.0616217 9.9982E-05 0.389042 0.024506 0.390377
0.302052 0.0948888 0.14373 9.9982E-05 0.429833 0.0292957 9.9982E-05
9.9973E-05 9.9973E-05 0.688501 0.100577 0.208321 9.9973E-05 0.0023015
9.9982E-05 0.592214 0.0349701 0.0409041 0.300735 0.0309774 9.9982E-05
0.0212582 0.607638 0.0353592 9.9982E-05 0.232138 9.9982E-05 0.103406
0.0906444 0.415919 9.9982E-05 0.120784 0.353205 9.9982E-05 0.0192474
0.27202 0.0311833 0.416401 0.16343 0.0473296 0.0471553 0.0224802
0.804385 0.0193431 0.134318 9.9982E-05 9.9982E-05 0.00035232 0.0414015
0.533394 9.9991E-05 0.00198778 0.230061 0.0794104 0.0564376 0.0986094
0.698152 0.0652273 9.9964E-05 0.236221 9.9964E-05 9.9964E-05 9.9964E-05
0.437758 9.9982E-05 0.264347 0.0936575 0.00494003 9.9982E-05 0.199098
0.453077 9.9991E-05 0.140662 0.20452 0.0505814 0.00352077 0.147539
0.891974 9.9973E-05 0.0452419 0.00506488 0.0574191 9.9973E-05 9.9973E-05
0.850264 0.0612516 9.9964E-05 9.9964E-05 9.9964E-05 9.9964E-05 0.0880848
0.260792 9.9982E-05 0.294501 0.17779 0.0756923 9.9982E-05 0.191025
0.0571892 9.9973E-05 0.0308447 0.00775008 9.9973E-05 9.9973E-05 0.903916
0.0563645 9.9982E-05 0.0534257 9.9982E-05 0.031446 0.0211988 0.837365
9.9964E-05 9.9964E-05 9.9964E-05 0.187552 9.9964E-05 0.00468655 0.807362
0.306183 0.065844 0.149355 0.10034 0.036754 0.00236783 0.339156
0.0835042 0.0276039 9.9982E-05 9.9982E-05 0.0327546 0.021889 0.834048
9.9982E-05 0.0121208 0.138347 0.0685264 0.148454 9.9982E-05 0.632351
0.857783 9.9964E-05 9.9964E-05 9.9964E-05 0.100216 9.9964E-05 0.0416011
9.9964E-05 9.9964E-05 0.745481 0.1791 0.0750192 9.9964E-05 9.9964E-05
0.228838 9.9964E-05 0.757254 9.9964E-05 0.013508 9.9964E-05 9.9964E-05
9.9964E-05 9.9964E-05 0.772548 9.9964E-05 9.9964E-05 0.0286351 0.198417
0.062721 0.0671889 0.719691 9.9973E-05 9.9973E-05 9.9973E-05 0.150099
0.257681 0.0501242 0.680764 9.9973E-05 9.9973E-05 0.0111317 9.9973E-05
0.442434 0.0421274 9.9991E-05 0.222177 0.180858 0.00109948 0.111204
0.212418 9.9982E-05 0.134748 0.594971 0.0413721 0.0162913 9.9982E-05
9.9955E-05 0.871766 9.9955E-05 9.9955E-05 0.127734 9.9955E-05 9.9955E-05
9.9982E-05 0.772031 0.0231886 0.0880095 9.9982E-05 0.0233433 0.0932278
9.9982E-05 0.783264 0.00237936 0.17323 9.9982E-05 0.0351811 0.00574523
0.102155 0.57588 0.0752002 9.9973E-05 0.246465 9.9973E-05 9.9973E-05
0.025914 0.819989 9.9982E-05 9.9982E-05 0.0118089 0.0052153 0.136872
9.9973E-05 0.764746 0.14619 9.9973E-05 0.039824 9.9973E-05 0.048941
0.120319 0.819648 9.9973E-05 9.9973E-05 0.0475071 0.0122258 9.9973E-05
0.144156 0.796034 0.0400714 9.9973E-05 0.0194394 9.9973E-05 9.9973E-05
0.165315 0.808692 0.025593 9.9964E-05 9.9964E-05 9.9964E-05 9.9964E-05
0.0912979 0.796526 0.0186563 9.9982E-05 0.08241 0.0109098 9.9982E-05
9.9982E-05 0.782488 9.9982E-05 0.125888 0.0231387 0.0446312 0.0236536
0.0363832 0.705423 9.9982E-05 0.0728477 9.9982E-05 0.0406155 0.14453
0.195961 0.724992 9.9973E-05 9.9973E-05 0.00598422 9.9973E-05 0.0727625
9.9982E-05 0.793983 0.0872101 0.0729484 9.9982E-05 0.0132742 0.0323849
0.00816278 0.73676 9.9982E-05 0.139752 0.112678 0.00244751 9.9982E-05
0.0865429 0.85035 9.9973E-05 0.0389017 9.9973E-05 0.0239058 9.9973E-05
9.9964E-05 0.792124 9.9964E-05 0.197526 9.9964E-05 0.00995044 9.9964E-05
0.200217 0.107887 9.9964E-05 9.9964E-05 0.691496 9.9964E-05 9.9964E-05
0.00158031 9.9973E-05 9.9973E-05 0.136442 0.757863 9.9973E-05 0.103815
0.0180975 0.763781 9.9973E-05 0.133327 0.0844947 9.9973E-05 9.9973E-05
0.102733 0.653923 9.9982E-05 0.181964 9.9982E-05 0.024758 0.0364222
9.9964E-05 0.759769 0.025688 9.9964E-05 0.214143 9.9964E-05 9.9964E-05
0.0275323 0.0812466 9.9982E-05 0.160236 0.655334 9.9982E-05 0.0754519
0.918067 9.9973E-05 9.9973E-05 0.034573 0.0336254 0.0134346 9.9973E-05
0.816738 9.9973E-05 0.0916593 9.9973E-05 9.9973E-05 0.0229673 0.0683356
0.428373 9.9964E-05 0.369216 9.9964E-05 0.202011 9.9964E-05 9.9964E-05
0.177674 9.9973E-05 0.525781 9.9973E-05 0.14948 9.9973E-05 0.146765
9.9973E-05 9.9973E-05 0.66031 0.0874289 0.143877 9.9973E-05 0.108084
0.0930254 9.9973E-05 0.728189 9.9973E-05 0.0716399 9.9973E-05 0.106846
0.220995 9.9991E-05 0.630498 0.01419 0.0615421 0.0135005 0.0591749
0.0412807 0.00679371 0.644222 9.9991E-05 0.014106 0.0355859 0.257911
0.0603408 0.064451 0.6283 9.9991E-05 0.138315 0.0407567 0.067736
0.113906 0.0678978 0.664134 9.9982E-05 9.9982E-05 0.0270718 0.126791
0.814813 9.9982E-05 0.0127152 0.076424 0.0912824 0.00456504 9.9982E-05
0.544121 9.9982E-05 9.9982E-05 0.354971 0.0369228 0.062697 0.00108822
9.9964E-05 9.9964E-05 9.9964E-05 0.918117 9.9964E-05 0.0526037 0.0288793
9.995E-05 9.995E-05 9.995E-05 0.9994 9.995E-05 9.995E-05 9.995E-05
9.995E-05 9.995E-05 9.995E-05 0.9994 9.995E-05 9.995E-05 9.995E-05
9.9964E-05 9.9964E-05 9.9964E-05 0.787435 0.114402 9.9964E-05 0.0977624
0.153496 9.9982E-05 0.102582 0.032913 0.0913129 9.9982E-05 0.619496
9.9964E-05 9.9964E-05 0.0702305 9.9964E-05 0.114562 9.9964E-05 0.814808
9.9964E-05 9.9964E-05 9.9964E-05 9.9964E-05 0.0114514 0.039903 0.948246
9.9973E-05 0.0314526 0.0643794 0.243721 9.9973E-05 9.9973E-05 0.660147
0.0522778 0.0139766 0.0325364 0.176096 9.9991E-05 0.0325425 0.692471
0.143662 0.0635467 0.474433 9.9982E-05 9.9982E-05 0.138604 0.179555
0.0105772 0.688994 0.0259414 0.0590023 0.19847 0.0169149 9.9991E-05
9.9982E-05 0.743534 0.084962 0.0745299 0.0557894 0.040985 9.9982E-05
9.9982E-05 0.793758 9.9982E-05 0.00510974 0.0958973 0.0018226 0.103212
0.0398704 0.683231 0.0289967 0.0577636 0.0500351 0.0149425 0.125161
0.113271 0.731489 0.025719 0.11215 9.9982E-05 0.0171711 9.9982E-05
0.0640684 0.0951379 0.226467 0.17049 0.0628034 0.00496302 0.37607
0.330012 0.00467266 0.163468 9.9991E-05 0.0259913 0.0235708 0.452185
0.295506 9.9964E-05 9.9964E-05 9.9964E-05 9.9964E-05 0.0320182 0.672076
0.267339 9.9991E-05 0.152814 0.00818387 0.266318 0.0350617 0.270183
