0.0141797 0.00680654 0.0726603 0.0555803 0.850773
0.030919 0.09116 0.0876464 0.00109226 0.789182
0.0116356 0.159572 0.211031 9.9991E-05 0.617661
0.0151985 0.125407 0.0367441 0.0128552 0.809795
9.9973E-05 9.9973E-05 9.9973E-05 0.088292 0.911408
9.9973E-05 9.9973E-05 9.9973E-05 0.0955346 0.904166
9.9973E-05 0.292485 9.9973E-05 9.9973E-05 0.707215
0.0299406 0.161533 9.9982E-05 9.9982E-05 0.808326
0.0477751 0.0596641 0.171152 0.0917824 0.629627
0.0290391 0.358893 0.168415 9.9991E-05 0.443553
0.0550917 0.439433 0.0734685 0.0839612 0.348046
0.0312503 0.206129 0.204976 0.0479116 0.509734
0.0239489 0.826587 0.095644 0.0418665 0.0119539
9.999E-05 0.119809 0.250116 0.100821 0.529153
0.0385363 9.9991E-05 0.12295 0.139201 0.699213
0.00803184 0.290081 0.115618 9.9991E-05 0.586169
9.999E-05 0.00117024 0.206357 0.090031 0.702342
0.03255 9.9982E-05 0.0573877 9.9982E-05 0.909862
0.0896478 0.116744 0.562592 0.122426 0.10859
9.9982E-05 0.207607 0.705166 9.9982E-05 0.0870269
0.0148276 9.9991E-05 0.683652 0.00995016 0.291471
0.00828077 0.11092 0.849079 0.0316197 9.9991E-05
0.0377737 0.103419 0.858608 9.9982E-05 9.9982E-05
0.0620889 9.9991E-05 0.773572 0.013233 0.151006
9.9982E-05 0.152061 0.677875 9.9982E-05 0.169864
0.0126196 9.9982E-05 0.901869 9.9982E-05 0.0853117
0.0346999 0.0377076 0.903879 0.0236133 9.9991E-05
0.0114483 9.9991E-05 0.874267 0.0901088 0.0240758
9.9982E-05 9.9982E-05 0.873718 0.0184852 0.107597
9.9991E-05 0.0438181 0.841877 0.0831438 0.0310608
0.0187664 0.0551908 0.898408 0.0251386 0.00249662
0.0288572 9.9991E-05 0.892047 0.0449669 0.0340285
0.0617154 0.0728459 0.828214 9.9991E-05 0.037125
0.0572649 0.2748 0.206088 9.9991E-05 0.461747
9.9982E-05 9.9982E-05 0.271256 0.051415 0.677129
9.9991E-05 0.0268773 0.120022 0.117627 0.735374
0.0174416 0.284043 0.0321836 0.0028894 0.663443
0.0183089 0.24799 0.159392 0.0790237 0.495286
0.9996 9.997E-05 9.997E-05 9.997E-05 9.997E-05
0.0300956 0.258679 0.711025 9.9982E-05 9.9982E-05
0.00269377 9.9991E-05 0.098662 0.129754 0.76879
0.00793692 0.190466 0.185059 9.9991E-05 0.616438
0.00792643 0.356184 0.282658 0.0792115 0.27402
0.0638523 0.581333 0.0863647 0.134232 0.134219
0.00669844 0.921124 0.0719779 9.9982E-05 9.9982E-05
0.9996 9.997E-05 9.997E-05 9.997E-05 9.997E-05
0.0800658 0.266167 0.134337 0.0533408 0.466089
9.9991E-05 0.507598 0.12901 0.100354 0.262937
0.0474423 0.0913909 0.28761 0.136198 0.437359
0.0356277 0.183935 0.00522949 0.775108 9.9991E-05
0.0240072 0.161123 0.0409763 0.773793 9.9991E-05
0.0028295 9.9991E-05 0.0295423 0.835397 0.132131
0.0664764 0.189667 9.9991E-05 0.738956 0.00480112
0.0552157 9.9982E-05 0.120338 0.824247 9.9982E-05
9.9982E-05 9.9982E-05 0.0894161 0.896696 0.0136881
9.9982E-05 0.0288163 9.9982E-05 0.758777 0.212207
0.0133988 0.0904552 0.00148592 0.833345 0.0613147
0.0497079 0.0281425 0.0743393 0.84771 9.9991E-05
0.0505537 9.9982E-05 9.9982E-05 0.841532 0.107715
0.030524 0.216116 9.9991E-05 0.648668 0.104592
0.0075793 0.130964 0.0354615 0.825896 9.9991E-05
9.9991E-05 0.054105 0.0389391 0.777642 0.129214
0.080102 0.602204 9.9982E-05 0.317494 9.9982E-05
0.0291176 9.9991E-05 0.831177 0.0664189 0.073186
0.0397104 0.0973496 0.765824 0.00997536 0.0871406
0.01151 9.9982E-05 0.872776 9.9982E-05 0.115514
0.0257899 0.169761 0.0156834 0.714475 0.07429
0.0578893 0.430733 9.9982E-05 0.511178 9.9982E-05
0.0266254 0.0900789 0.0467703 0.76153 0.0749955
0.0296533 0.307805 9.9982E-05 0.662342 9.9982E-05
0.0573379 9.9982E-05 9.9982E-05 0.845311 0.0971508
9.9982E-05 0.662171 9.9982E-05 0.160931 0.176697
0.00141081 0.802848 0.0167533 0.0590761 0.119912
9.9982E-05 0.878633 9.9982E-05 0.0785778 0.0425892
0.024529 0.971483 9.9982E-05 0.00378801 9.9982E-05
0.0137509 0.899853 0.0708904 0.0154059 9.9991E-05
0.0386111 0.961089 9.9973E-05 9.9973E-05 9.9973E-05
0.0135216 0.724365 0.11963 0.0437082 0.0987752
9.9982E-05 0.147908 9.9982E-05 0.70156 0.150332
0.125124 0.384444 9.9991E-05 0.44808 0.0422519
0.0320669 0.206938 0.0265315 0.734364 9.9991E-05
0.0334571 0.0555865 0.110296 0.800561 9.9991E-05
0.0326132 0.107299 9.9991E-05 0.720908 0.139079
0.0296813 0.160137 0.702186 0.00970912 0.0982869
9.9991E-05 0.521409 0.10379 0.30371 0.0709908
9.9982E-05 0.864796 9.9982E-05 0.118383 0.016621
0.9996 9.997E-05 9.997E-05 9.997E-05 9.997E-05
0.00203535 0.157695 0.201711 9.9991E-05 0.638459
0.0545638 0.113182 0.124473 9.9991E-05 0.707681
0.0666368 0.257437 0.204529 9.9991E-05 0.471297
0.0510537 0.223143 0.295805 0.0967907 0.333208
9.9991E-05 0.130156 0.0870317 0.0611262 0.721586
9.9982E-05 0.798845 0.0339334 0.167022 9.9982E-05
0.026969 0.268511 0.55829 0.00710333 0.139127
0.0817255 0.696532 9.9991E-05 0.111367 0.110275
0.0248826 0.495072 0.283037 0.00441619 0.192592
0.0253292 9.9982E-05 0.169592 9.9982E-05 0.804878
9.9982E-05 0.339183 0.0722719 9.9982E-05 0.588345
9.9982E-05 0.314264 0.147548 9.9982E-05 0.537987
0.0179153 0.265438 0.0681429 0.0580273 0.590476
0.00751005 0.499015 0.00968895 9.9991E-05 0.483686
0.0037046 0.219437 0.0964204 9.9991E-05 0.680338
0.0313957 0.718986 0.01531 0.209087 0.0252206
0.070945 0.605674 0.0884778 0.139159 0.0957441
0.0745407 0.587197 0.0161232 0.245763 0.076376
9.9982E-05 0.668176 0.289083 9.9982E-05 0.0425408
9.9991E-05 0.550144 0.142411 0.0753591 0.231985
9.9991E-05 0.0439711 0.45963 0.0681145 0.428184
0.0276706 9.9991E-05 0.010235 0.798625 0.16337
0.0134515 0.217118 0.0496948 0.719636 9.9991E-05
0.0049195 0.65005 0.150057 0.16467 0.0303042
0.0262457 0.596434 0.103227 0.13314 0.140954
0.0631854 0.544501 0.249559 0.126538 0.0162166
9.9973E-05 0.279477 0.720223 9.9973E-05 9.9973E-05
0.0429208 0.317525 9.9982E-05 0.639355 9.9982E-05
9.9991E-05 0.283257 0.018581 0.678771 0.0192904
9.9982E-05 0.491427 9.9982E-05 0.442044 0.0663293
0.0709793 0.0593747 0.445946 0.0631737 0.360526
9.9982E-05 9.9982E-05 0.231203 0.0791042 0.689493
0.0101435 0.157313 9.9991E-05 0.0662977 0.766145
9.9991E-05 0.0949153 0.0539493 0.0840803 0.766955
9.9982E-05 0.0814021 0.342304 9.9982E-05 0.576094
0.0292806 0.0881327 0.203801 0.0120218 0.666764
0.00943247 0.011063 0.14151 0.0341534 0.803841
0.026798 9.9982E-05 9.9982E-05 0.037972 0.93503
0.00786062 0.200955 0.344416 9.9991E-05 0.446668
9.9982E-05 0.166768 0.150928 9.9982E-05 0.682104
0.0416234 0.192088 0.138073 9.9991E-05 0.628115
0.0200675 0.199295 0.0262151 9.9991E-05 0.754323
9.9991E-05 0.242918 0.205582 0.0915529 0.459848
0.0265132 0.124382 0.0550763 0.0883577 0.705671
0.0159116 0.321805 0.206877 9.9991E-05 0.455306
9.9991E-05 0.13034 0.0475324 0.0269498 0.795077
9.9973E-05 0.140739 0.858961 9.9973E-05 9.9973E-05
9.9982E-05 0.0452514 0.897825 9.9982E-05 0.0567238
0.0332803 9.9982E-05 0.964401 9.9982E-05 0.00211847
0.0172568 0.0498123 0.812236 0.0489483 0.0717464
0.00302023 0.164132 0.799343 0.0334053 9.9991E-05
0.0176912 0.276194 9.9991E-05 0.072814 0.633201
0.0293073 0.195828 0.123932 9.9991E-05 0.650833
9.9973E-05 0.0252062 9.9973E-05 0.974494 9.9973E-05
0.0336206 0.0487528 0.0218614 0.802874 0.0928908
0.0116389 9.9982E-05 9.9982E-05 0.897257 0.0909045
0.000581599 0.333548 0.0404171 0.625353 9.9991E-05
0.0161936 0.0149643 9.9991E-05 0.874093 0.0946487
0.0106139 0.0486445 0.113141 0.827501 9.9991E-05
0.0245091 0.0907575 9.9991E-05 0.874881 0.00975244
0.00467798 0.0434875 0.0595336 0.892201 9.9991E-05
9.9991E-05 0.0148805 0.113188 0.861953 0.00987856
0.00304079 0.044157 0.063724 0.867828 0.0212507
0.0289543 0.139508 9.9991E-05 0.793525 0.0379126
0.0435284 0.0811707 0.0295649 0.79919 0.046546
0.0234014 9.9991E-05 0.0560217 0.799793 0.120684
0.0181892 9.9991E-05 0.0743888 0.874815 0.0325066
0.00898731 0.153878 9.9982E-05 0.836935 9.9982E-05
0.0237213 9.9982E-05 9.9982E-05 0.886676 0.0894031
0.0246059 0.0521309 0.0365318 0.886631 9.9991E-05
9.9991E-05 0.864358 0.0177824 0.0833252 0.0344349
9.9973E-05 0.918262 9.9973E-05 9.9973E-05 0.0814382
9.9982E-05 0.126677 9.9982E-05 0.865372 0.00775104
0.0293423 0.0354762 9.9991E-05 0.705457 0.229624
0.0174732 0.165625 0.0100163 0.806786 9.9991E-05
0.0101297 0.711231 9.9991E-05 0.117023 0.161517
0.0302868 0.0208875 9.9991E-05 0.0435781 0.905148
0.0344052 9.9991E-05 0.25919 0.000234343 0.70607
9.9982E-05 0.246177 0.434772 9.9982E-05 0.318851
0.00648375 0.143764 0.576789 9.9991E-05 0.272864
0.0110959 0.181486 0.801725 0.00559251 9.9991E-05
9.9991E-05 0.0749174 0.811339 0.0275859 0.0860577
9.9982E-05 0.128587 0.815353 9.9982E-05 0.0558595
0.0165312 0.15062 0.778891 9.9991E-05 0.0538571
0.0347818 0.25432 0.678374 0.0324239 9.9991E-05
0.0516101 9.9991E-05 0.767507 0.0714659 0.109317
0.000910423 0.143423 0.0903798 0.0329176 0.73237
0.0629718 0.109393 0.0204084 0.062035 0.745192
0.0357064 0.283265 9.9982E-05 9.9982E-05 0.680828
9.99731E-05 0.349856 9.99731E-05 9.99731E-05 0.649844
0.0167128 0.243804 9.9982E-05 9.9982E-05 0.739283
9.9982E-05 0.458443 0.011485 9.9982E-05 0.529872
0.0269318 0.303312 0.184579 9.9991E-05 0.485078
0.0133447 0.208882 0.186729 0.0491266 0.541918
0.0490931 0.183946 0.11474 0.0114839 0.640737
9.9991E-05 0.200183 0.157343 0.0516262 0.590748
0.0270654 0.105185 0.18236 0.0731873 0.612202
0.13644 0.0348129 0.633053 0.0742181 0.121476
0.019004 0.181222 0.019544 0.736438 0.0437925
0.0468192 0.105227 0.077637 0.770217 9.9991E-05
9.9982E-05 0.12879 0.0333729 0.837638 9.9982E-05
0.0082691 0.0588025 9.9991E-05 0.756093 0.176735
0.0144956 0.029713 0.0838293 0.809058 0.0629036
0.00822929 0.164454 0.323339 0.131555 0.372423
0.0402927 0.125963 0.253259 0.0139757 0.566509
0.0599283 9.9991E-05 0.125665 0.0305484 0.783759
0.0507566 0.239409 0.254601 9.9991E-05 0.455134
