Rasters_5km/Clay_Res5km.asc
NCOLS 161 
NROWS 96 
XLLCORNER 210004.651214014 
YLLCORNER 7345008.22228844 
CELLSIZE 5000 
NODATA_value -3.4e+38 
[rows 63 to 83 of 96, columns 92 to 137 of 161]
23.3994207000732 23.5405661773682 24.1843721008301 24.1613581085205 23.1260526275635 23.0725298309326 23.1429654693604 23.6248243713379 24.0660192108154 21.9344059753418 17.7256720733643 26.7495867919922 28.6703325653076 27.1067399597168 27.1279599761963 26.8719692993164 26.411197052002 25.5816386413574 31.9615677642822 32.1802555847168 29.0668424224854 28.4784374237061 26.8427960205078 22.8820398712158 24.6904354095459 25.0094898986816 21.3352447509766 21.9978982543945 22.9969394683838 23.2836869812012 20.4576714324951 26.0295233154297 26.3095977020264 27.8485126495361 26.7233850860596 23.1309094238281 21.9650052642822 23.3834205627441 23.5742756652832 24.1714771270752 23.0254210662842 23.7243659973145 23.999666595459 21.6646882629395 19.7198588562012 20.4966919708252
23.1020883178711 23.8847032165527 27.7219669342041 25.5265393829346 25.6381195831299 24.6193901824951 23.3152153015137 23.3065875244141 23.0518278503418 23.4230403900146 21.8098630142212 17.877112197876 24.6419553375244 24.5038584899902 24.2679004669189 24.6550220489502 25.7614450073242 25.8516443634033 25.1557625579834 27.1519170379639 26.1979377746582 26.3571266937256 26.4125689697266 27.0952001953125 23.4616381072998 23.0971650695801 23.495308380127 22.219390411377 22.0468440246582 21.3193356323242 21.2065588378906 24.9281826019287 26.4015120697022 26.4886724853516 24.263304901123 24.3137983703613 25.4538941192627 25.2171453857422 24.2648608398437 23.131089553833 24.4255815887451 23.0645391082764 22.9551922607422 21.9139548492432 21.131431350708 21.7948806762695
23.7924551391602 25.6437451934814 27.3975840759277 27.6156211853027 25.3998960876465 24.873355255127 24.1507981872559 23.5331941986084 23.2469456481934 23.423959274292 23.2864809417725 23.4513205718994 20.7208517456055 20.737507019043 20.3293663024902 21.0223303222656 22.3827392578125 24.9882362365723 25.2420352935791 24.1519387054443 25.0263519287109 27.948010635376 31.465850982666 25.2330253601074 24.2233897399902 24.2541827392578 23.3993788146973 24.5823680114746 24.9237412261963 20.4615938568115 22.6809146881104 23.4380435180664 24.4437328338623 24.3798374938965 24.0933706665039 25.0532386779785 26.0896183776855 15.45927318573 10.3105093765259 23.2080059432983 24.2347681427002 24.0187441253662 23.8241304779053 23.025006942749 21.3678582000732 20.9428359222412
24.876181640625 24.1594361877441 24.312635269165 23.8789392852783 24.0210273742676 24.4336945343018 23.996986618042 23.0674647521973 23.1111731719971 23.1596115112305 23.1728662109375 23.095299911499 22.9830509185791 17.4650399017334 18.2574707794189 17.6309552001953 18.3614344787598 21.4252935791016 24.2765216827393 25.3520142364502 28.4512711334228 33.0907568359375 34.8511184692383 28.1443183517456 26.2649609375 22.2651909255981 22.7537510681152 24.2563789367676 30.0599239349365 30.4094312286377 22.1401463317871 21.5982871246338 21.9859256744385 20.425453338623 20.9869150543213 20.4680381774902 17.9542226028442 18.123349571228 19.1293255996704 17.0946308517456 17.2090269851685 19.2481941986084 23.2652080535889 22.3520893096924 21.2954167175293 22.2233416748047
24.8717768859863 24.5472926330566 23.4193282318115 23.7463246154785 23.8194595336914 23.0162396240234 23.0062940979004 23.3748045349121 23.4042350769043 23.4686521911621 23.1433922576904 23.0920288085937 23.1804911804199 22.7054776000977 15.2792588043213 14.4633399581909 13.0350025939941 15.3185164260864 20.683950881958 23.9473385620117 26.161330871582 24.6348137664795 17.1083455085754 11.1039547538757 14.1956829452515 15.3272156524658 14.6446646118164 20.1882487869263 27.2597898101807 34.0072834014893 32.211061630249 25.8988729858398 16.9067333221436 10.1710632514954 8.84565410614014 7.41617385864258 7.82549310684204 12.004757194519 18.887106628418 16.1951081848145 12.4594315719604 15.2548248291016 21.4352111816406 23.3075107574463 21.8887494659424 22.1420210266113
25.2634880828857 24.2677904510498 24.8624501037598 24.2267413330078 23.8842646789551 23.21829246521 23.001916809082 23.0019100189209 23.2316149139404 23.2150915527344 23.3195314025879 23.8453177642822 23.4481427764893 22.6670310974121 21.7823625946045 18.8631636428833 13.8978603363037 13.1129075241089 16.274280128479 21.7962623596191 22.1192551422119 21.8701069641113 18.3254026031494 15.8592136764526 12.7662021636963 10.746914691925 9.81249048233032 11.3511506271362 12.9565241241455 19.6380564117432 28.2082601928711 21.880947265625 10.4420344734192 8.33382322311401 7.53809047698975 6.34559236526489 6.37090051651001 7.07153087615967 18.2645753097534 18.4106278991699 10.6842712020874 15.8458424758911 18.6352703094482 23.2238229370117 23.3460836791992 22.9385818481445
24.2410469055176 24.6263468933105 24.6845027160645 24.4490156555176 24.2786225891113 23.3105644989014 23.1889864349365 23.0960646057129 23.14330909729 23.3495343017578 23.3685968780518 23.5548424530029 23.2571320343018 21.7707555389404 23.6632637786865 23.5955013275146 21.2954251861572 12.4116184234619 13.0247592544556 20.2660437011719 18.9832898712158 16.9655358505249 12.4160869789124 9.76778545379639 7.65623020172119 8.87756578445435 11.4331188392639 14.1500080490112 15.3673152923584 16.7545696640015 23.7261039733887 24.4169430160522 11.2069686317444 10.0381267929077 8.93240978240967 6.25242664337158 6.44379060745239 11.9570656776428 21.4743726348877 14.2985354995728 13.9836436080933 18.9869386672974 21.719684753418 23.7254960632324 22.7436095428467 21.7722753143311
24.4417481994629 24.490076675415 24.8267726135254 23.6786473846436 25.0832382202148 23.3798834228516 23.4180435943604 23.1159346008301 23.0634854125977 23.0202393341064 23.0146654510498 23.0426367950439 24.2168516540527 23.5660317993164 23.4544573974609 22.7249673461914 22.4447985839844 20.7958402633667 16.6649618911743 15.9971827316284 15.7357517623901 14.0092151260376 10.0073328399658 10.9345065307617 11.0274838638306 13.6879119110107 17.5169581604004 17.9042644500732 17.4378699493408 17.8674761962891 18.6348204040527 26.9089526367188 21.7023081970215 11.9114477539063 8.78701009750366 6.83015077590942 9.20429130554199 21.1472602844238 22.4348609161377 19.7780514526367 20.0218727111816 23.219787902832 23.4957774353027 22.261107711792 21.5214733886719 20.7492656707764
24.2862405395508 24.5054615783691 24.4716461181641 24.4015147399902 23.8360625457764 23.2028868103027 23.3507419586182 23.287145690918 23.3295630645752 23.2675959014893 23.0786019897461 23.1996015930176 23.1270547485352 22.9954811096191 23.0335039520264 22.4062069702148 23.2045299530029 23.4240343475342 21.9573928833008 17.1112815093994 15.8434808349609 14.0908673477173 11.3984903144836 14.0572053146362 17.1908946990967 17.7257969284058 17.032283706665 16.5038652801514 16.2166265487671 17.3300939941406 17.4007009887695 23.7821507263184 27.7071794891357 21.8704021453857 19.0298320770264 11.515583152771 12.1342133331299 16.0291952896118 18.2171782302856 20.7843073272705 20.5035889434814 24.7125800323486 22.6875952148437 18.9092041778564 17.0399006652832 19.2485571289062
24.1498624420166 24.3506637573242 24.3332502746582 24.523420715332 24.2075339508057 24.0878127288818 23.5124910736084 23.684518737793 23.2482559204102 23.4718567657471 22.216731338501 22.2589102172852 23.2568579101562 23.0310793304443 22.7480863189697 23.0130869293213 23.1425811767578 23.1121384429932 23.3730112457275 20.6228983306885 14.9479456710815 17.072307434082 13.9719639205933 15.8198330688477 18.1209035491943 19.2700164794922 18.4223905181885 12.1242120742798 12.5980821418762 14.5606184768677 16.5423370361328 23.91775390625 26.3256959533691 20.4413246917725 22.0128662109375 16.1893410873413 14.3778124237061 20.4088015365601 20.6277950286865 20.1417001342773 21.8622238922119 24.3265214538574 23.1271645355225 18.5769197845459 18.4019674682617 20.6695467376709
24.837435836792 25.1574732971191 24.1164389038086 24.1946910858154 23.5470778656006 23.3555679321289 23.405754699707 23.580715637207 23.1752313232422 22.7497086334229 22.4883368682861 23.5186410522461 23.5073682403564 23.4078875732422 23.2386775970459 22.9607646179199 23.0608606719971 23.2151995849609 23.6073970031738 22.7606750106812 19.6318754959106 17.2804258728027 14.5776485061646 15.627063331604 18.2957154083252 19.8527825927734 18.5772369766235 11.9985828590393 7.83697124481201 7.45498615264893 16.1795044517517 24.872253112793 24.8537269592285 20.5757825088501 21.7185540771484 28.707822265625 28.5648197174072 29.0502179718018 19.0475267791748 19.8335691833496 24.0558201599121 24.3232305145264 22.2509537506103 20.4613800048828 19.2310327911377 18.094754524231
24.9533409118652 25.172911605835 24.6195434570312 25.4170376586914 24.387462387085 24.5921682739258 23.7414657592773 23.6898764038086 23.568787612915 23.580143661499 24.0464017486572 23.7418614959717 23.4257018280029 23.7644994354248 22.6068405151367 22.6589218139648 23.0308583831787 23.41551902771 23.6434732055664 23.4539448547363 23.2664004516602 22.9366326904297 14.5993436431885 14.7947695922852 18.8154057312012 20.9682318115234 19.6505472183228 9.79183366775513 10.5707241821289 9.36472543716431 18.3037944793701 24.4366654968262 15.1383245849609 12.5437474441528 9.80761674880981 16.6409632110596 19.4844477081299 20.5058868408203 19.2921321868896 20.7308496856689 22.226014251709 19.8596296691895 19.018436126709 19.429479675293 21.8929139709473 20.0855546569824
25.9254350280762 25.3286982727051 25.8304280090332 25.3868511199951 25.2790060424805 24.6204159545898 24.1931517791748 23.2276541137695 23.1847359466553 23.0457034301758 23.3502378845215 23.255712890625 22.760219039917 22.8860920715332 23.4261709594727 21.7661540985107 22.3636345672607 22.838239440918 23.0504719543457 23.0439842987061 22.9046855926514 22.5619375610352 18.4542025375366 14.4169466781616 18.4808698654175 21.408649597168 16.6057312393188 10.8097484970093 11.7841150283813 15.7487350082397 24.3314501190186 15.1609514427185 7.04960197448731 10.6949150276184 6.60672897338867 7.67298469543457 13.5596788406372 19.5951956176758 19.3966027832031 20.310793838501 20.6577069854736 19.9658832550049 20.5357699584961 23.5213899230957 24.1727234649658 22.6044683837891
24.6722543334961 24.9450729370117 24.9457990264893 23.9664730072021 23.3592157745361 23.1318392181396 22.5448658752441 22.4823519134521 22.143172454834 22.4645483398437 22.9216180419922 22.2670719909668 22.5627718353271 22.6719987487793 24.1932194519043 24.4267469024658 23.2967189788818 21.2716487884521 21.0971691894531 22.3504577636719 22.9211032104492 23.1117383575439 22.4416031646729 21.8861709594727 18.3104763793945 21.3116233825684 15.1398931884766 11.6406758499146 14.549801902771 21.4131924438477 21.1690391921997 10.6184602546692 6.58005077362061 8.05862146377564 6.73396055221558 6.47122472763062 9.5244536781311 17.8065359115601 19.8744378662109 19.5589356231689 20.0391611480713 20.7670211029053 21.6867218780518 21.6856631469727 22.4061204528809 20.0752534103394
25.4936415100098 24.6148117828369 23.9380080413818 23.3753723907471 23.1930242156982 22.5849507904053 21.4956797790527 22.4778182983398 22.8499964904785 22.6352714538574 22.3637644958496 21.4873413848877 23.0047438049316 23.9088869476318 24.7388719940186 24.9191101074219 22.9582010650635 22.0863745117187 22.2129598236084 22.3518695831299 22.9000116729736 23.1443967437744 23.4619840240479 22.4829223632813 20.9912999343872 19.3850852203369 17.9721223068237 17.3973889541626 18.7609493255615 19.9675289916992 10.076657333374 8.34363761901855 6.55543838500977 7.63562026977539 8.50969688415527 7.76513027191162 11.1693440055847 19.7414204406738 21.8022647857666 21.3384382629395 19.4846887969971 19.1658820343018 20.2209398651123 17.8754007339478 19.1432707214355 20.4596394348145
23.499368057251 24.0772341156006 24.4943144989014 24.5984568023682 24.7492249298096 24.0743254852295 23.8788988494873 23.9687860870361 23.5468906402588 22.905484161377 23.1576435852051 23.2348244476318 24.0259240722656 24.3026190948486 23.5835452270508 23.1324156951904 22.8293739318848 23.0194160461426 23.078366317749 23.3279817962646 23.3636911773682 22.975788192749 22.8052285003662 21.3159731292725 20.0983716964722 19.0212629318237 21.7440103149414 20.4557317352295 20.9570193862915 10.9922337150574 6.44829099655151 7.62250602722168 7.0680004119873 8.63725109100342 13.8081956291199 9.89639598846436 9.01251401901245 17.5087181472778 20.1520587158203 21.0730641937256 19.9146351623535 18.3523142242432 18.2627490234375 19.8024936676025 13.3897789764404 12.5283582305908
23.2783910369873 24.9462635040283 24.8162437438965 24.7538344573975 24.1787363433838 23.9153875732422 22.8852351379395 23.6815380096436 23.967974395752 23.8104800415039 24.2920359802246 23.6471776580811 23.4023291015625 22.9970182800293 23.0447412872314 22.8592340087891 22.7998572540283 23.2180125427246 23.4619873809814 23.1363212585449 22.6879238128662 22.8105218505859 23.0298755645752 22.9591999816895 17.6993715286255 16.4184601211548 21.2489695358276 19.1684164428711 21.4548928833008 18.3755370330811 8.89945379257202 7.7946022605896 7.79702680587769 13.6949607849121 15.0451060295105 9.14252801895142 10.1093823051453 14.0393098068237 21.0038140869141 21.9526461791992 21.7314546203613 20.0565458679199 18.9105403137207 20.2002096557617 16.984402885437 9.45145757675171
24.2146458435059 23.1908457946777 22.5180272674561 22.544213180542 22.2469347381592 21.4496321105957 21.8110520172119 22.6248777770996 21.3886806488037 21.7042050170898 22.2731701660156 21.7607162475586 21.462532119751 22.4935541534424 22.2106101989746 22.3572477722168 22.8977356719971 23.4245469665527 24.2561875152588 24.4780494689941 22.8451930236816 22.4821028137207 23.7009763336182 23.8218603515625 21.2511582946777 20.9599544906616 22.9562635040283 21.3927935028076 22.2453874206543 22.4710244750977 14.8773240089417 8.73459203720093 7.63333507537842 14.0965141677856 15.6791389846802 10.6598351478577 13.6403728866577 12.1964948272705 21.5432469177246 22.4766616821289 19.9980376434326 19.862479095459 19.4187797546387 18.7130472564697 16.2044347381592 16.2446998596191
23.8270927429199 23.8469770050049 24.1419380187988 23.4108436584473 22.9550437927246 22.0988022613525 21.0912413024902 20.7140553283691 19.7218438720703 20.1556640625 20.179323348999 19.8038991546631 19.6676650238037 21.9228119659424 22.6635157775879 22.1686836242676 22.4220337677002 22.6668481445313 22.9729767608643 24.1627633666992 23.017682723999 23.6024121856689 26.0329713439941 23.9791162109375 18.4219244384766 21.4496813583374 23.2553394317627 24.4306286621094 24.3896073913574 21.7969854736328 20.6707765960693 10.7955323982239 12.4217968177795 17.0017589569092 14.2025554275513 13.5531241607666 19.748786277771 16.6890781784058 21.0621885681152 22.4014402770996 22.0493494415283 19.7990100860596 18.7556511688232 21.2735382080078 18.9001375961304 16.0709703445435
23.6552420043945 23.6440811920166 23.4552651977539 23.4643215942383 22.9254559326172 22.9211640930176 22.5577452850342 22.2704485321045 19.9422193908691 20.0095301818848 20.8597354125977 20.8780495452881 20.3281101226807 21.2050806427002 21.9043502044678 23.4685595703125 23.3065769195557 23.0713929748535 21.9038580322266 24.6020143127441 22.2050866699219 22.7118081665039 26.7149736022949 19.4722400283813 14.6465843582153 9.37899061203003 11.6350424194336 15.3386697006226 19.7109288024902 23.6531298828125 22.7657328033447 18.9643532562256 21.1330113983154 16.8892409896851 10.5366350364685 12.2640765953064 17.7739015960693 22.2592763519287 22.7015420532227 21.2346978759766 19.0245629882813 19.9675371551514 20.3969061279297 21.2719686126709 21.1099633026123 18.9665394973755
23.4357136535645 23.0143433380127 22.6710576629639 22.9392728424072 22.6861953735352 22.6722711181641 22.5843550109863 23.0046659088135 22.2731223297119 22.5791180419922 22.6119890594482 22.4660844421387 21.4864044952393 21.9289517211914 19.8324518203735 23.8643553924561 25.0112226867676 26.2797570037842 24.5924403381348 25.2006818389893 24.6129925537109 24.0316816711426 18.965835609436 14.2107140731812 11.9400805282593 8.82057056427002 9.74605216979981 9.65921857833862 12.1155610275269 15.8396066665649 13.4829730987549 16.4921966552734 16.9803416442871 13.0497337722778 11.2685448074341 12.1090451812744 11.2840467071533 15.9609917449951 18.5159350967407 16.2714611816406 15.294623298645 20.5570251464844 20.3884499359131 16.4731784820557 17.3401514053345 19.3973226165771
