Rasters_5km/Clay_Res5km.asc
NCOLS 161 
NROWS 96 
XLLCORNER 210004.651214014 
YLLCORNER 7345008.22228844 
CELLSIZE 5000 
NODATA_value -3.4e+38 
[rows 42 to 62 of 96, columns 0 to 45 of 161]
-3.4e+38 -3.4e+38 -3.4e+38 -3.4e+38 -3.4e+38 -3.4e+38 -3.4e+38 -3.4e+38 -3.4e+38 -3.4e+38 -3.4e+38 -3.4e+38 -3.4e+38 -3.4e+38 -3.4e+38 -3.4e+38 -3.4e+38 -3.4e+38 -3.4e+38 -3.4e+38 -3.4e+38 -3.4e+38 -3.4e+38 12.305953057607 16.005821723938 13.5224035644531 12.6149270248413 12.5676652145386 14.7532661056519 16.2642877960205 15.8825109481812 22.5255921936035 27.9670866394043 30.2564102935791 26.4685081481934 23.6543901824951 23.8194471740723 24.6583647918701 23.7365044403076 25.2813851165771 23.2325660705566 25.0276970672607 23.5257048034668 25.2614595031738 25.2451810455322 27.6699745941162
-3.4e+38 -3.4e+38 -3.4e+38 -3.4e+38 -3.4e+38 -3.4e+38 -3.4e+38 -3.4e+38 -3.4e+38 -3.4e+38 -3.4e+38 -3.4e+38 -3.4e+38 -3.4e+38 -3.4e+38 -3.4e+38 -3.4e+38 -3.4e+38 -3.4e+38 -3.4e+38 11.158135050819 11.3171868133545 11.8232742500305 17.8612220001221 21.991884803772 16.0208637237549 13.7882032012939 12.6833400344849 18.5710129547119 21.245877532959 20.273097114563 23.1121852111816 26.833824005127 24.8797356414795 23.1628588867188 23.3056864929199 22.3810344696045 25.5010778045654 25.2952643585205 23.7883666229248 24.6301631164551 25.2139435577393 23.1777110290527 23.9751358032227 25.3947998809814 27.7578504180908
-3.4e+38 -3.4e+38 -3.4e+38 -3.4e+38 -3.4e+38 -3.4e+38 -3.4e+38 -3.4e+38 -3.4e+38 -3.4e+38 -3.4e+38 -3.4e+38 -3.4e+38 -3.4e+38 -3.4e+38 -3.4e+38 -3.4e+38 -3.4e+38 9.55889051610773 12.2439096450806 8.85401611328125 11.4224687957764 13.5456318855286 24.4997074127197 24.8850597381592 22.5387034988403 19.2709860229492 17.1755958175659 19.6967267608643 25.4156574249268 22.2455197143555 23.8042565917969 29.527191696167 22.4648385620117 21.0430442047119 23.0953359222412 23.9152365112305 28.9968000793457 25.1747344207764 24.2219248962402 26.2324267578125 26.2950874328613 23.0503510284424 22.9837342834473 23.0322448730469 23.004814453125
-3.4e+38 -3.4e+38 -3.4e+38 -3.4e+38 -3.4e+38 -3.4e+38 -3.4e+38 -3.4e+38 -3.4e+38 -3.4e+38 -3.4e+38 -3.4e+38 -3.4e+38 -3.4e+38 12.8164836168289 13.444935836792 12.1529008102417 13.055458984375 11.6340932846069 11.0160203552246 11.2884747123718 10.1283959197998 16.1448258209229 24.0122940063477 30.3438662719727 29.6022676849365 20.5573152160645 18.067388458252 19.2965534210205 23.1144347381592 24.9992630004883 21.991632232666 23.1450266265869 21.8508618927002 22.1359052276611 22.815030670166 26.1802751922607 27.8416557312012 25.7206457519531 25.1630698394775 24.9540779876709 23.5570575714111 22.9700243377686 22.3940563201904 22.7750226593018 23.1789898681641
-3.4e+38 -3.4e+38 -3.4e+38 -3.4e+38 -3.4e+38 -3.4e+38 -3.4e+38 -3.4e+38 -3.4e+38 -3.4e+38 -3.4e+38 -3.4e+38 -3.4e+38 12.2353257656097 12.171967048645 15.2454191207886 14.1312118148804 11.5559761810303 10.520612411499 10.0648357582092 9.53691019058228 12.3424007415771 16.4911787414551 22.9277755355835 29.1770053100586 29.2208683776855 23.1332827758789 19.2670974731445 22.7203336334229 26.0469639587402 25.7601796722412 25.7919095611572 23.21311668396 21.843293762207 23.4670191955566 22.8721515655518 25.668731918335 27.5999085998535 24.9148839569092 22.3884981536865 23.82365234375 24.053595199585 24.9886609649658 23.1783240509033 22.9536822509766 22.6517995452881
-3.4e+38 -3.4e+38 -3.4e+38 -3.4e+38 -3.4e+38 -3.4e+38 -3.4e+38 -3.4e+38 -3.4e+38 -3.4e+38 -3.4e+38 13.5183459690639 14.4866495529811 13.1931635284424 15.9919825744629 16.6100802230835 24.695333480835 18.9902365875244 10.7735528945923 11.7951239013672 13.4532819366455 12.8250122451782 12.4551054000854 13.3015673828125 23.0821647644043 27.9241808319092 23.4147640228271 22.870345916748 20.9053006744385 25.5683850097656 25.4950122833252 26.9753711700439 22.7321836853027 22.2864085388184 22.2897265625 22.880555267334 24.0529075622559 25.9311088562012 25.0499128723145 20.7119765472412 24.6055964660645 23.3641888427734 24.5225852203369 25.1456938934326 21.8272021484375 22.1731136322021
-3.4e+38 -3.4e+38 -3.4e+38 -3.4e+38 -3.4e+38 -3.4e+38 -3.4e+38 -3.4e+38 -3.4e+38 12.5612889203158 13.0470819075902 12.6736111068726 12.8733359909058 14.0037924194336 17.4890006637573 25.8995162582397 30.3740618133545 29.5422817230225 16.116774597168 8.70380275726318 12.9593547821045 12.4215548706055 12.432698059082 12.7038996124268 14.25844165802 23.1838143920898 23.9171009063721 20.3344972229004 21.0930444335938 22.5341757202148 21.7410453796387 21.5600763702393 21.8855895996094 22.2462847900391 21.6203148651123 21.1411287689209 23.0297415161133 24.2081890869141 24.4869686126709 22.4042468261719 24.9887915039062 23.3036569976807 22.7284170532227 23.445237121582 24.4299480438232 21.7214798736572
-3.4e+38 -3.4e+38 -3.4e+38 -3.4e+38 -3.4e+38 -3.4e+38 -3.4e+38 -3.4e+38 -3.4e+38 12.3393718819869 13.0920922088623 11.7148971939087 13.0781348800659 13.3353879547119 11.4204756164551 20.342470664978 33.0416584777832 31.7190210723877 25.9161200714111 11.4698261451721 15.7878890228271 12.2234169006348 12.3795113754272 12.6159107971191 12.7037570571899 15.4136576843262 26.8648529052734 22.488680267334 19.5870612335205 21.5226970672607 20.7841243743896 21.3331916046143 22.2221778106689 21.9772679901123 21.6169158935547 21.7258002471924 22.2552690124512 22.372161026001 25.1610366821289 24.7525327301025 24.2433097839355 23.2611368560791 21.9004510498047 22.550318145752 23.1919541931152 25.0185581970215
-3.4e+38 -3.4e+38 -3.4e+38 -3.4e+38 -3.4e+38 -3.4e+38 -3.4e+38 -3.4e+38 -3.4e+38 13.4079874702122 12.6747836303711 10.9120919418335 14.3882191467285 13.5936921691895 23.7903743743896 35.4367255401611 37.0710862731934 32.7692468261719 29.5678230285645 20.0805863189697 13.4566292572021 10.3797172164917 11.7932836914063 12.4187728118896 12.908010559082 15.3131815719604 21.9762688827515 26.1724433898926 20.6763798522949 21.2183337402344 21.5428043365479 23.3493300628662 23.2123069000244 21.5927388763428 20.8421827697754 20.5582601928711 22.4112139892578 23.238081817627 24.5564447021484 24.272845993042 24.3031781768799 23.0892645263672 22.6315877532959 22.4912129211426 22.2425769805908 22.5611119842529
-3.4e+38 -3.4e+38 -3.4e+38 -3.4e+38 -3.4e+38 -3.4e+38 -3.4e+38 -3.4e+38 -3.4e+38 12.9853638076782 11.6777585601807 12.09149559021 12.6055444717407 16.084506187439 28.7057034301758 37.1547399902344 36.9877507019043 30.9301270294189 30.9948588562012 26.3966983795166 22.4378033828735 12.7958856582642 11.9397093963623 12.6300583648682 15.8508050537109 20.2833964538574 22.1733008575439 23.4549629974365 23.1721796417236 22.3444313049316 22.128758392334 21.0572695159912 22.0270101928711 20.9371164703369 21.3982439422607 21.3261587524414 24.5041924285889 23.9908228302002 23.4834581756592 23.3661102294922 24.870177154541 23.2668814086914 22.4320262145996 22.4175661468506 22.1958638763428 22.0880853271484
-3.4e+38 -3.4e+38 -3.4e+38 -3.4e+38 -3.4e+38 -3.4e+38 -3.4e+38 -3.4e+38 13.2171131515503 11.7066617202759 11.287116317749 12.5574600219727 19.0356357955933 26.5656929016113 20.6069093704224 30.9141242980957 36.3815460205078 32.5463121795654 29.5637112426758 27.618996887207 14.8508773803711 12.1314714431763 12.434560546875 13.705535774231 19.144931640625 21.3802542877197 21.2496421813965 21.3177055358887 22.5576155090332 23.0018954467773 21.7367376708984 21.1159518432617 20.5051326751709 22.3259590911865 24.0362356567383 25.575701675415 23.1770925140381 24.9020388031006 23.4948791503906 23.921116104126 22.8502639770508 23.6987090301514 23.1260613250732 22.3482034301758 22.214310836792 22.1458827972412
-3.4e+38 -3.4e+38 -3.4e+38 -3.4e+38 -3.4e+38 -3.4e+38 -3.4e+38 13.188885143825 13.1445400238037 11.465998916626 9.67766616821289 19.813902015686 24.4954286956787 27.6026870727539 24.8410137557983 22.9891387176514 33.9980429077148 34.5664519500732 30.0839645385742 28.5319355010986 17.4184142684937 11.3440763473511 12.123378944397 15.3810623931885 17.9197902679443 18.3663159179687 19.4547261047363 20.028111038208 22.5714889526367 20.6132723999023 19.4658033752441 20.1441011810303 22.5135841369629 22.6104360198975 22.8435459136963 21.5400708770752 21.0179702758789 21.2027667236328 23.64083152771 24.0338549041748 23.6915034484863 24.4780561828613 23.5411293792725 22.637935256958 22.7235887908936 22.8834587860107
-3.4e+38 -3.4e+38 -3.4e+38 -3.4e+38 -3.4e+38 -3.4e+38 -3.4e+38 12.4722131347656 12.6993185806274 12.1584892272949 11.0235908126831 25.945061454773 24.9942398834228 27.3876765441895 25.9004944610596 24.936494140625 29.3487152862549 33.4207328033447 30.2566357421875 33.2777796936035 25.0523834991455 12.2727981948853 10.7403770065308 16.094061126709 18.2655858612061 17.672891998291 17.8141585540771 19.7102207946777 21.6420085144043 19.1642018890381 19.2624057769775 19.4967909240723 23.7313738250732 23.6330319976807 21.969640045166 20.305217666626 18.2918404388428 22.1266145324707 23.2083793640137 24.0779713439941 23.8538231658936 24.714702911377 24.1431623077393 22.6015374755859 22.6406639862061 22.7875155639648
-3.4e+38 -3.4e+38 -3.4e+38 -3.4e+38 -3.4e+38 -3.4e+38 -3.4e+38 11.2429624938965 11.1813402175903 10.1951971626282 12.9813156890869 26.6654008483887 29.3850924682617 31.1833984375 28.9200881958008 24.3500597381592 31.1144058227539 31.9378469848633 32.1556321716309 32.903881072998 23.3468960952759 14.9110272598267 15.1305208969116 18.8024609375 17.0853269195557 16.3816022109985 17.2535963821411 17.6045594406128 17.7501263809204 18.9174209594727 20.4894757080078 19.3558386993408 23.2700337982178 21.8701738739014 19.7340450286865 20.1801696014404 22.6118140411377 23.4825696563721 23.828084487915 25.1346807861328 23.269554977417 24.4787349700928 24.7070783996582 23.1669486236572 22.6557997131348 22.6328528594971
-3.4e+38 -3.4e+38 -3.4e+38 -3.4e+38 -3.4e+38 -3.4e+38 12.8385274410248 12.8582980728149 10.3934461212158 9.81272850036621 16.1080234146118 22.4253033447266 28.9785416412354 30.8879509735107 30.0910005187988 30.0739595794678 31.1577277374268 36.7438090515137 34.8631050872803 33.2638001251221 24.7785819244385 12.6140988540649 13.6833557891846 14.9904999923706 14.861884765625 14.3916939163208 15.4682506942749 16.9634606552124 15.9180061721802 17.523190574646 19.4217310333252 20.3397357177734 21.1445920562744 24.7436468505859 22.9153371429443 23.4163208770752 22.6357135009766 23.77606300354 24.9447772216797 23.8275241088867 23.4230176544189 24.3269089508057 24.1633300018311 24.3709387969971 23.4470323944092 23.2874909210205
-3.4e+38 -3.4e+38 -3.4e+38 -3.4e+38 -3.4e+38 -3.4e+38 12.3958991622925 11.6045706939697 9.73598346710205 9.09990097045898 14.3224409294128 24.9415899658203 28.6649402618408 31.4719152832031 31.3420188140869 33.4659610748291 35.5575858306885 36.7685270690918 35.7285504150391 34.2550695037842 23.3078675842285 12.0745662689209 14.1371949386597 13.0327396774292 15.176083984375 13.7450222396851 15.344428062439 16.9221732711792 18.511410484314 17.412325592041 21.8423226165771 19.5474513244629 20.0036011505127 23.5560289001465 24.4388346099854 23.515422744751 24.3098530578613 23.2343215942383 22.7544953155518 21.8783400726318 21.353480758667 22.7180876159668 23.6931034088135 25.3476598358154 25.3759349060059 23.4894118499756
-3.4e+38 -3.4e+38 -3.4e+38 -3.4e+38 -3.4e+38 -3.4e+38 12.8258986663818 9.86846813201904 17.1277696609497 24.3761857223511 23.6285428619385 28.7253049468994 28.8013404846191 32.4667162322998 33.5152687072754 33.6270017242432 34.766520614624 37.2826362609863 37.5560383605957 38.3538117980957 30.887596282959 19.942855796814 14.7585617446899 16.6187619400024 16.8326728057861 14.084245300293 15.1232550811768 15.1807138442993 17.6506269454956 19.7258354187012 22.3024143981934 20.1880541992188 20.8804817199707 22.1134968566895 22.5477322387695 22.2524587249756 22.1030448150635 23.8962818908691 24.467896194458 20.9037924957275 21.1890540313721 21.4817676544189 24.3924800109863 25.8228781890869 26.0371997070312 23.801499786377
-3.4e+38 -3.4e+38 -3.4e+38 -3.4e+38 -3.4e+38 13.1934285785841 13.0245795059204 10.9648524856567 26.6989696502686 28.8844673919678 27.151350402832 27.865844039917 29.137251739502 29.6324977874756 30.9420568084717 32.4500457763672 33.7084353637695 36.7610102844238 37.8109970092773 39.9871276855469 40.0536352539063 21.5867462158203 16.0986608505249 18.7946443939209 18.0342589187622 14.9663373947144 14.1051871871948 17.4095021820068 21.8098339080811 22.2924335479736 22.3468348693848 20.9906060028076 20.3944261169434 22.1092302703857 20.6913171386719 20.0029289245605 19.4137409973145 20.3006467437744 21.1094750213623 20.2033249664307 22.9902325439453 23.1360823822021 24.25009765625 25.1008378601074 24.5440338134766 24.9073894500732
-3.4e+38 -3.4e+38 -3.4e+38 -3.4e+38 13.8441562652588 14.0515433502197 12.3146977233887 10.9104808807373 25.5701031494141 29.7585955047607 29.3347100067139 30.4133311462402 30.0008224487305 29.222945098877 33.2581127166748 33.4385411834717 34.8162818908691 36.0374339294434 36.4534308624268 36.9044406890869 38.8237747192383 21.7769515991211 13.5666619110107 18.9512419128418 19.4242168807983 13.4643291091919 17.0569081878662 20.8614011383057 22.7940380096436 20.5422332000732 21.8348204803467 20.3729051971436 20.2857890319824 17.8458929443359 18.5307118988037 19.2760015869141 19.5242029571533 19.9140802764893 23.7433248901367 23.1842487335205 25.0351947784424 25.2529570770264 24.5528131103516 23.956378326416 24.2858115386963 24.4396292877197
-3.4e+38 -3.4e+38 -3.4e+38 -3.4e+38 13.9123373485747 13.2661043548584 11.4876288986206 17.2796034240723 25.2425392150879 29.9846537017822 36.1955202484131 34.7973895263672 32.1779334259033 35.9324049377441 31.8234020233154 31.123127822876 34.7360428619385 33.628025970459 35.6716156768799 35.6884878540039 35.8913573455811 22.3137480926514 17.6769945526123 16.7603816223145 15.1988653182983 16.8529281234741 20.3180014801025 19.8168430328369 20.8759460067749 20.9566307830811 19.9306868362427 16.3931560897827 19.645665512085 18.4961209869385 18.9560033416748 18.418833770752 19.344905166626 19.6171521759033 22.3785955810547 19.9424711608887 20.1378333282471 21.9382762145996 24.9922673034668 24.2345207214355 24.1048464202881 24.7794494628906
-3.4e+38 17.970414663616 19.3103311629522 -3.4e+38 13.8353157043457 12.9834770584106 13.5328159332275 25.8945777130127 26.6096840667725 24.699953918457 28.6629263687134 31.3078443145752 33.354907913208 33.1317056274414 35.9246759033203 31.5342476654053 35.1907649230957 38.4732974243164 39.3546858215332 37.8722799682617 36.0601243591309 23.0159664154053 17.9190216445923 18.2333033370972 20.2873823928833 19.1953700256348 19.4199228668213 18.2611282348633 16.5035031509399 20.371900100708 19.6465782928467 16.2383198547363 20.5915358734131 20.9225720977783 19.3333285903931 18.0062050247192 20.0416701507568 20.1773760223389 21.2872356414795 20.8313242340088 20.7307903289795 20.4705625915527 21.9147417449951 21.1757144927979 23.6029752349854 24.4670509338379
