Rasters_5km/Clay_Res5km.asc
NCOLS 161 
NROWS 96 
XLLCORNER 210004.651214014 
YLLCORNER 7345008.22228844 
CELLSIZE 5000 
NODATA_value -3.4e+38 
[rows 0 to 20 of 96, columns 92 to 137 of 161]
-3.4e+38 -3.4e+38 -3.4e+38 -3.4e+38 -3.4e+38 -3.4e+38 -3.4e+38 -3.4e+38 -3.4e+38 -3.4e+38 -3.4e+38 -3.4e+38 -3.4e+38 -3.4e+38 -3.4e+38 -3.4e+38 -3.4e+38 -3.4e+38 -3.4e+38 -3.4e+38 -3.4e+38 -3.4e+38 -3.4e+38 -3.4e+38 -3.4e+38 -3.4e+38 -3.4e+38 -3.4e+38 -3.4e+38 -3.4e+38 -3.4e+38 -3.4e+38 -3.4e+38 -3.4e+38 -3.4e+38 -3.4e+38 -3.4e+38 -3.4e+38 -3.4e+38 -3.4e+38 -3.4e+38 -3.4e+38 -3.4e+38 -3.4e+38 -3.4e+38 -3.4e+38
-3.4e+38 -3.4e+38 -3.4e+38 -3.4e+38 -3.4e+38 -3.4e+38 -3.4e+38 -3.4e+38 -3.4e+38 -3.4e+38 -3.4e+38 -3.4e+38 -3.4e+38 -3.4e+38 -3.4e+38 -3.4e+38 -3.4e+38 -3.4e+38 -3.4e+38 -3.4e+38 -3.4e+38 -3.4e+38 -3.4e+38 -3.4e+38 -3.4e+38 -3.4e+38 -3.4e+38 -3.4e+38 -3.4e+38 -3.4e+38 -3.4e+38 -3.4e+38 -3.4e+38 -3.4e+38 -3.4e+38 -3.4e+38 -3.4e+38 -3.4e+38 -3.4e+38 -3.4e+38 -3.4e+38 -3.4e+38 -3.4e+38 -3.4e+38 -3.4e+38 -3.4e+38
-3.4e+38 -3.4e+38 -3.4e+38 -3.4e+38 -3.4e+38 -3.4e+38 -3.4e+38 -3.4e+38 -3.4e+38 -3.4e+38 -3.4e+38 -3.4e+38 -3.4e+38 -3.4e+38 -3.4e+38 -3.4e+38 -3.4e+38 -3.4e+38 -3.4e+38 -3.4e+38 -3.4e+38 -3.4e+38 -3.4e+38 -3.4e+38 -3.4e+38 -3.4e+38 -3.4e+38 -3.4e+38 -3.4e+38 -3.4e+38 -3.4e+38 -3.4e+38 -3.4e+38 -3.4e+38 -3.4e+38 -3.4e+38 -3.4e+38 -3.4e+38 -3.4e+38 -3.4e+38 -3.4e+38 -3.4e+38 -3.4e+38 -3.4e+38 -3.4e+38 -3.4e+38
-3.4e+38 -3.4e+38 -3.4e+38 -3.4e+38 -3.4e+38 -3.4e+38 -3.4e+38 -3.4e+38 -3.4e+38 -3.4e+38 -3.4e+38 -3.4e+38 -3.4e+38 -3.4e+38 -3.4e+38 -3.4e+38 -3.4e+38 -3.4e+38 -3.4e+38 -3.4e+38 -3.4e+38 -3.4e+38 -3.4e+38 -3.4e+38 -3.4e+38 -3.4e+38 -3.4e+38 -3.4e+38 -3.4e+38 -3.4e+38 -3.4e+38 -3.4e+38 -3.4e+38 -3.4e+38 -3.4e+38 -3.4e+38 -3.4e+38 -3.4e+38 -3.4e+38 -3.4e+38 -3.4e+38 -3.4e+38 -3.4e+38 -3.4e+38 -3.4e+38 -3.4e+38
-3.4e+38 -3.4e+38 -3.4e+38 -3.4e+38 -3.4e+38 -3.4e+38 -3.4e+38 -3.4e+38 -3.4e+38 -3.4e+38 -3.4e+38 -3.4e+38 -3.4e+38 -3.4e+38 -3.4e+38 -3.4e+38 -3.4e+38 -3.4e+38 -3.4e+38 -3.4e+38 -3.4e+38 -3.4e+38 -3.4e+38 -3.4e+38 -3.4e+38 -3.4e+38 -3.4e+38 -3.4e+38 -3.4e+38 -3.4e+38 -3.4e+38 -3.4e+38 -3.4e+38 -3.4e+38 -3.4e+38 -3.4e+38 -3.4e+38 -3.4e+38 -3.4e+38 -3.4e+38 -3.4e+38 -3.4e+38 -3.4e+38 -3.4e+38 -3.4e+38 -3.4e+38
-3.4e+38 -3.4e+38 -3.4e+38 -3.4e+38 -3.4e+38 -3.4e+38 -3.4e+38 -3.4e+38 -3.4e+38 -3.4e+38 -3.4e+38 -3.4e+38 -3.4e+38 -3.4e+38 -3.4e+38 -3.4e+38 -3.4e+38 -3.4e+38 -3.4e+38 -3.4e+38 -3.4e+38 -3.4e+38 -3.4e+38 -3.4e+38 -3.4e+38 -3.4e+38 -3.4e+38 -3.4e+38 -3.4e+38 -3.4e+38 -3.4e+38 -3.4e+38 -3.4e+38 -3.4e+38 -3.4e+38 -3.4e+38 -3.4e+38 -3.4e+38 -3.4e+38 -3.4e+38 -3.4e+38 -3.4e+38 -3.4e+38 -3.4e+38 -3.4e+38 -3.4e+38
-3.4e+38 -3.4e+38 -3.4e+38 -3.4e+38 -3.4e+38 -3.4e+38 -3.4e+38 -3.4e+38 -3.4e+38 -3.4e+38 -3.4e+38 -3.4e+38 -3.4e+38 -3.4e+38 -3.4e+38 -3.4e+38 -3.4e+38 -3.4e+38 -3.4e+38 -3.4e+38 -3.4e+38 -3.4e+38 -3.4e+38 -3.4e+38 -3.4e+38 -3.4e+38 -3.4e+38 -3.4e+38 24.4952763875326 19.7897352536519 27.2153544108073 14.734387588501 20.6178925832113 22.9545352935791 27.0491397857666 16.401794052124 16.7840342839559 14.956981976827 10.3571709632874 9.0905837059021 10.280734539032 11.8072157859802 12.6183299064636 11.7211470127106 12.3350478172302 10.2893347740173
-3.4e+38 -3.4e+38 -3.4e+38 -3.4e+38 -3.4e+38 -3.4e+38 -3.4e+38 -3.4e+38 -3.4e+38 -3.4e+38 24.0374521017075 16.4949244817098 21.2901399612427 12.2657911259195 16.4550485330469 14.8218571117946 -3.4e+38 -3.4e+38 -3.4e+38 -3.4e+38 -3.4e+38 -3.4e+38 -3.4e+38 18.0997559474065 16.0259351296858 17.3868285959417 22.6549770355225 22.1293100357056 21.9187147903442 17.175245513916 15.0661170578003 11.8489358901978 17.0120901870728 15.94878490448 16.0978841018677 15.6147933578491 13.0094205093384 13.400112953186 13.7009781265259 8.68953258514404 8.54703130722046 8.56672092437744 11.5566198348999 11.5348048019409 13.5498667526245 11.9022217941284
-3.4e+38 -3.4e+38 -3.4e+38 -3.4e+38 -3.4e+38 -3.4e+38 -3.4e+38 -3.4e+38 14.0199540456136 16.5125539398193 20.4634608459473 20.7297449874878 27.8657650947571 32.9798194503784 34.0321618652344 27.9395003509521 25.6512926483154 20.8172347259521 -3.4e+38 -3.4e+38 -3.4e+38 -3.4e+38 13.9405082355846 19.1976870298386 20.8775081253052 14.7036124420166 14.9196091842651 14.8610015487671 12.5624125671387 10.8498601913452 12.5500567245483 11.3024915313721 12.6043074798584 12.0249291229248 13.7695051956177 14.2244375610352 14.8750918197632 16.3361011505127 13.940415687561 13.0518622970581 9.89058223724365 8.69318494796753 8.24759433746338 10.8134783172607 12.2164974594116 13.8915970230103
-3.4e+38 -3.4e+38 -3.4e+38 -3.4e+38 -3.4e+38 -3.4e+38 -3.4e+38 13.4545047581196 18.7651773452759 34.8484632110596 28.1708922576904 26.805782623291 32.8139904785156 28.7576403808594 25.7755587005615 23.9985066223145 24.5521481323242 23.6273044586182 17.2960898208618 16.0156480387638 15.7805494944255 16.1401330947876 15.5086487197876 13.616718788147 12.6737594604492 10.3443727874756 11.1888948440552 10.8306104278564 9.60186431884766 10.3997677612305 14.5529538154602 12.7447303390503 8.70922073364258 11.4497278404236 10.1568880844116 16.3254884338379 16.6079104232788 17.9327997207642 13.2504011154175 13.4188819503784 11.3627568435669 10.981241645813 7.53606708526611 9.94945631027222 8.09968904495239 12.155502986908
-3.4e+38 -3.4e+38 -3.4e+38 -3.4e+38 -3.4e+38 -3.4e+38 -3.4e+38 18.7138230403264 29.4948284912109 32.6673307800293 34.2227528381348 25.8862410736084 29.7316628265381 33.7791188812256 29.7238924407959 26.1359408187866 18.2282758331299 14.4389009475708 13.6481726455688 16.382887802124 12.6601678466797 12.569654083252 10.5841393280029 9.81413757324219 8.77198154449463 13.1713883590698 9.65734043121338 9.79585464477539 9.01640258789062 12.5328800201416 14.5770878791809 12.1156690788269 8.23142896652222 10.080079498291 15.2157952690125 13.2306327819824 16.6546087265015 17.176964225769 12.4555534362793 11.4066549682617 13.6382315254211 9.99959028244019 10.5809501457214 12.2506266975403 9.16560779571533 8.20277061462402
-3.4e+38 -3.4e+38 -3.4e+38 -3.4e+38 -3.4e+38 -3.4e+38 18.5814509963989 27.6534928894043 32.5648038482666 29.2949010467529 28.6828650665283 27.0690949249268 33.0183396148682 35.1247515869141 31.2360487365723 23.0317188262939 14.5220360183716 15.0911178207397 13.8004750823975 10.6409452438354 10.081122341156 9.48986423492432 9.68300928115845 8.22693605422974 8.43600151062012 11.5571837043762 9.337604637146 9.84079364776611 8.81751401901245 13.6240387916565 16.5958694076538 13.1595485687256 8.33286775588989 7.76111074447632 10.9598124885559 15.5476230239868 14.9000049972534 16.0022956466675 12.1846874809265 7.9113418006897 12.4946992111206 13.7311014175415 11.6393559837341 11.6630191421509 15.0851712036133 14.7727905654907
-3.4e+38 -3.4e+38 -3.4e+38 -3.4e+38 -3.4e+38 19.2196283340454 11.7177157592773 19.2517738342285 28.236900177002 32.0557221984863 28.5522319793701 22.1359384918213 36.0892965698242 36.0685559082031 33.4439830780029 26.8308243560791 11.3872037887573 14.5561937713623 11.7643772506714 10.6068216705322 10.2184623336792 8.52579793930054 9.4276530456543 7.83135854721069 7.77921772003174 13.3400470924377 13.0402994155884 14.2761568069458 12.9870601654053 9.47789148330688 14.6769588661194 13.0759785842896 12.3737979125977 8.8598360824585 8.52832227706909 9.01567640304565 8.49046438217163 14.5679563140869 17.1356900405884 10.4431107711792 9.57671028137207 13.6368144798279 13.2841136169434 11.7606294250488 12.8547769546509 17.7979542541504
-3.4e+38 -3.4e+38 -3.4e+38 -3.4e+38 15.0735602127878 20.455732383728 11.4831024932861 22.3573958587646 18.1544627380371 21.447057723999 24.9785273742676 23.1915354156494 30.277010345459 37.5190159606934 35.9924383544922 31.5123592376709 16.4256593894958 10.6093512535095 14.1915142440796 11.3264887619019 14.1290651321411 11.2842736434937 12.6874812698364 9.71015357971191 8.575666847229 10.0442768669128 15.0985289001465 17.4101065063477 15.6991928100586 12.4978620529175 18.0992390823364 13.9759690475464 14.3900857543945 8.75422239303589 16.6005313873291 17.4737295150757 13.5023462295532 14.8070739364624 16.5574046325684 14.9313550567627 10.1091927909851 16.4119281768799 13.1113006210327 9.16861789703369 9.38583154678345 17.4673095703125
17.6471454075405 19.4826744624547 18.9958902994792 18.3508422851563 19.9377100372314 19.5217445373535 20.1684844970703 18.1577291870117 17.8268537902832 18.156605682373 24.7139766693115 22.5957032394409 22.9351609802246 25.7563859558105 30.3578507232666 30.1993923950195 26.6342320251465 12.9772282409668 13.8879473876953 12.8971840667725 10.3964736938477 11.0375126266479 12.4457526779175 12.4262929153442 8.87078125 13.2982316017151 16.3947789382935 14.8400527572632 17.3106474304199 14.2487854385376 18.798427772522 18.2584508895874 12.7780968666077 10.8297839164734 17.5515687942505 15.5667785644531 14.1028630065918 16.8310892105103 12.5531703567505 17.5427560424805 15.0810048675537 16.8082961273193 16.0134813690186 14.0521427154541 8.82178283691406 13.1169695281982
16.8527035522461 16.5126996612549 15.46468334198 16.5359200668335 15.333283996582 17.3943564987183 18.3823712921143 18.6389641571045 17.5990173721313 18.0438883209228 18.6240130615234 18.3262706756592 19.0628901672363 20.1667594909668 20.9351670837402 24.378197555542 21.9217256164551 25.8112141418457 20.6258923721313 14.8888274383545 13.4423230361938 13.9233212280273 14.1432071113586 14.4651491928101 12.6154864883423 10.3241052627563 14.2960018157959 19.5576023101807 19.2998508834839 18.007693977356 19.3148001861572 14.0339692306519 14.1876718902588 18.686814994812 17.6959044647217 11.7095697021484 15.9412417602539 15.6301467514038 16.4249206161499 17.9870161819458 16.7420667648315 12.9195394515991 12.2808141708374 16.5999144744873 12.3146591758728 14.9265851402283
14.5852805709839 16.1221632003784 15.7470785903931 17.0055820083618 16.647052154541 17.041134185791 17.2611773300171 17.0461944580078 16.2072808456421 17.1147789764404 19.0286438751221 17.4592222213745 17.6946661376953 18.9228206634521 20.5201014709473 20.9357422637939 20.8851914978027 27.4637948608398 32.2486486053467 24.8282202911377 17.7218548202515 18.6792539978027 18.3662791442871 18.3925472259521 18.8752921295166 17.9852521514893 16.7291449737549 18.4017313766479 18.9450459671021 20.5567407226563 20.1069924926758 13.6975595855713 18.8238874053955 18.6042105865479 18.499203338623 17.2981074905396 18.7305744934082 18.3114102172852 18.7326770782471 18.5600281524658 18.3826404571533 10.9779654502869 17.1450207138062 16.7972225189209 18.9889724349976 17.5293871307373
15.6292895507812 16.6591652297974 17.0275757598877 17.8356439971924 17.62737449646 17.6033670806885 18.0179734039307 17.8585720062256 18.0564444732666 18.8100617980957 17.1627602767944 17.0426111602783 18.1515827178955 20.1451164245605 20.6880334472656 18.893892288208 20.7240864562988 22.5310556793213 25.2885817718506 33.4196929168701 21.5418785476685 19.2313652038574 18.9566466522217 17.6655815505981 18.2333599853516 17.3354668426514 17.837060585022 18.9252726745605 21.5746934509277 23.0273094177246 20.3429430389404 17.2296495437622 19.2460889053345 18.8101019668579 17.8114231872559 19.8061315917969 19.8328289794922 17.9867132949829 17.8048706436157 18.2101959991455 12.9440210342407 16.5288269424438 15.8157040023804 19.4481322479248 18.7302852630615 18.7032592391968
16.640365562439 16.3610775756836 16.5245249557495 17.1681748199463 18.103512802124 17.3705420684814 17.0607448577881 18.5054054641724 17.7304708480835 18.7251081085205 19.1872525787354 18.5781806945801 17.2166445922852 19.5741644287109 19.9026291656494 18.3405784606934 18.6125094985962 20.2757175445557 22.6373006439209 23.4209201049805 28.4971849060059 22.5188362884521 19.585387802124 18.736789855957 17.6305486297607 17.2385147094727 18.4790567779541 18.0146496963501 16.3557444000244 20.0524640274048 22.468380355835 19.7039719772339 19.2444700241089 17.9710614776611 18.3669646072388 15.778476600647 16.477700843811 18.7471820831299 18.5213133621216 15.0907423019409 13.8076884841919 16.432102470398 19.740827255249 16.6107136535645 16.4394581985474 18.3187675476074
17.6796822357178 16.7697364425659 17.3338889312744 17.7802333068848 17.9633115386963 18.0049212646484 16.1231433105469 17.9155888366699 17.0566631317139 18.5024806976318 19.3394573974609 18.6717653656006 16.718851890564 16.9464624023438 18.1583969116211 17.597320098877 17.3093529510498 20.0237451171875 21.4683150482178 19.5733248138428 20.595961227417 21.7599772644043 20.7312375640869 21.080391998291 17.9799402236938 16.0267366027832 14.9536733627319 13.3448983001709 13.7842724227905 13.9795447540283 17.6791287994385 23.5574144744873 23.5062731170654 23.7011251831055 22.0688129425049 22.2551290130615 20.2123335266113 18.6461332321167 14.4856692886353 13.2124353408813 14.8812697982788 19.1804648971558 19.8545066833496 17.4519245529175 14.2630572128296 14.5264037322998
18.8384701538086 18.6962794113159 16.7760182952881 18.3188808441162 17.9438823699951 16.9323940658569 15.2428654098511 18.0134518051147 15.6537658691406 18.340393447876 18.7146457672119 19.3413838195801 17.623129196167 18.1863212585449 18.1901215362549 17.8995943450928 17.9371643829346 20.7683994293213 24.9345957183838 21.1664657592773 19.8077840423584 19.2041289520264 19.2250703430176 20.1264408874512 21.9206320953369 20.0079154968262 19.6547751235962 14.9998435974121 14.0262424468994 13.1411136245728 15.7038152313232 19.9713077545166 24.4640984344482 23.0377500915527 23.4647183227539 25.0765084838867 18.3201426696777 11.3073425292969 12.8273520278931 12.2030858230591 12.5634410095215 13.7289628982544 11.5236483001709 10.6967370223999 7.75428625106812 7.87528642654419
