Rasters_5km/Clay_Res5km.asc
NCOLS 161 
NROWS 96 
XLLCORNER 210004.651214014 
YLLCORNER 7345008.22228844 
CELLSIZE 5000 
NODATA_value -3.4e+38 
[rows 42 to 62 of 96, columns 92 to 137 of 161]
14.9211338806152 17.171572303772 18.7809225082397 17.9138756561279 16.5445983123779 16.2758291244507 16.2871469497681 16.1053645324707 15.1662351989746 21.3096574401855 21.5982598495483 21.5805677032471 19.2048547363281 18.8606272125244 13.1289427947998 13.4534931564331 14.3825612258911 13.6992660903931 13.0707859802246 12.9632703781128 15.9795384979248 22.696817779541 19.4443480682373 15.9292011642456 15.9210739517212 16.7485668182373 17.4906502532959 17.2311009597778 19.6579818344116 22.1198271942139 21.1249413299561 22.0489569091797 20.5248195648193 20.7462059783936 20.8982582092285 22.1219383239746 22.5624545288086 22.4886148071289 21.9961190795898 21.066404876709 17.5156342697144 13.9207181167603 14.8439516448975 14.5437573623657 14.5533092880249 17.7913622283936
16.1697597122192 15.3593385696411 16.470456199646 17.4286959838867 16.3836840057373 15.0708103942871 15.7980646514893 16.3496728515625 16.5224008560181 17.950662689209 19.5235315704346 19.347826385498 16.3955651092529 15.3574766159058 13.8800638198853 13.6339391708374 13.1849197387695 13.593263092041 12.8791954040527 14.8499808502197 19.8274824905396 22.4035343170166 20.2615496063232 16.6542594909668 16.1047458648682 17.1261185455322 17.4586538696289 16.9506368255615 22.2808771514893 21.4457064056396 22.1293642425537 20.9864792633057 20.5997275543213 22.1732682037354 21.4823150634766 22.2369824981689 19.5126433181763 17.2836995315552 22.2856150054932 22.2366041564941 22.2056442260742 16.209354095459 15.7510448455811 16.3627444076538 14.6068515396118 19.4961838531494
17.3736808776855 17.8357856369019 16.8460071563721 16.9108191299438 17.8006413269043 16.5092665863037 16.2190846633911 16.6068729019165 16.5430918121338 19.188490486145 19.0004093170166 21.2570696258545 14.4575252914429 13.6523241043091 16.0482963180542 15.8151329803467 13.6303793716431 12.6629182434082 15.2956324386597 17.6850979995728 20.8241937255859 22.0000633239746 18.8392212677002 16.0499913406372 17.64256980896 17.3434284973145 15.3726084518433 18.5244637680054 21.1711693572998 20.145802154541 21.476873626709 20.5585906982422 20.6095149230957 20.7319749450684 20.5685324859619 21.1752936553955 21.2211530303955 17.0347444915771 21.6436223220825 22.1275064086914 22.1711225891113 19.3984685516357 19.8878981781006 16.1037738418579 17.8589748001099 19.9955501556396
18.8709880065918 18.227861328125 17.7884429168701 17.3011917877197 16.4075286483765 16.5033137512207 16.5277080917358 17.0400189208984 17.2291743087769 13.0033943939209 15.477218132019 21.2963604736328 16.7290087890625 15.064024772644 15.8802230072021 15.7564400863647 15.5282431793213 16.5974663925171 17.5744524383545 18.2872888183594 21.1698614501953 22.1234638214111 17.5976853561401 16.4936381530762 16.5563635635376 15.1163988876343 16.5507865142822 18.1408109283447 14.8308714294434 15.1592784118652 21.0344793701172 19.656174697876 19.5603723907471 20.681831741333 20.7445958709717 20.4967259979248 19.0079578781128 19.8504049682617 21.7886653900146 21.362049331665 21.9440003204346 21.7437979888916 21.489799041748 20.3275868606567 21.440118560791 22.6039144134521
19.7532766723633 20.5871311950684 17.6514788818359 17.8333478546143 16.6256856918335 15.8616845321655 16.923966178894 16.8589783096313 14.5645850372314 12.0534621810913 14.0906102371216 20.3681705856323 16.821297416687 16.4301898956299 16.2570732116699 16.2547471237183 16.1080771636963 17.5848817443848 18.4150510406494 18.3694622039795 21.4889163970947 22.3878442382813 17.4184770202637 17.1613768768311 14.6959120178223 15.857147026062 17.9380414199829 17.0634865570068 13.869868850708 12.2337588119507 16.2578324508667 19.6774337005615 20.1643330383301 21.0565701293945 21.4786122894287 21.9280982208252 22.4640505218506 21.8773535919189 23.2077812194824 22.2279055786133 22.6799293518066 22.937947845459 22.3275189208984 21.1828049468994 22.5804262542725 22.5807069396973
21.2912929534912 23.1826959991455 20.7054531860352 17.837179145813 16.427826385498 15.4939849853516 17.3830686950684 14.3965910720825 12.3218897247314 12.4310177612305 12.5754540252686 20.4264088821411 16.6990450668335 16.4877730560303 16.2004529953003 16.5017549514771 15.9188808059692 17.8970040130615 18.2886538696289 18.2649496459961 21.7064839935303 22.6840117645264 19.8757703399658 17.934037437439 16.4748106384277 18.0712097549438 19.8391609954834 16.2092269515991 16.2018857574463 13.6787343215942 14.6457838058472 20.6021418762207 21.9308697509766 22.3652833557129 22.7860152435303 23.0378981018066 23.0365899658203 23.1987369537354 23.302787399292 23.4552221679687 23.7819931030273 23.6896718597412 22.8538503265381 23.1126397705078 23.0012138366699 21.5252195739746
21.5693637084961 24.7496026611328 24.5889739990234 20.648240737915 16.5603732681274 17.3439740371704 14.134485206604 13.7357199478149 13.8466146087646 12.7403215026855 12.6518758010864 21.4569707489014 18.1495263671875 16.3217388153076 17.4242946624756 16.0213953018188 16.641580619812 17.7218546295166 17.5807189941406 17.7291970825195 20.5300325012207 22.4009358215332 22.4493475341797 22.3693506622314 20.7542514801025 21.3477690124512 16.8548517990112 15.5815140533447 17.4165058517456 18.467797164917 18.9856321716309 21.3344441223145 22.9644995117187 22.868245010376 23.1029856872559 22.8512233734131 23.4780323028564 23.1636933135986 22.4071148681641 23.2044750213623 23.4062728881836 23.1735112762451 22.941752166748 22.5984628295898 21.0888452148438 22.0686703491211
21.6874737548828 27.9424387359619 29.0967718505859 18.9152252960205 16.2265970611572 19.7892440032959 14.6746714019775 15.0162492752075 15.0796625137329 13.4372357559204 13.9538960266113 21.5983979034424 18.4023671722412 16.9072924804688 17.3798634338379 16.2294918441772 16.925637512207 17.4666834259033 17.7894825744629 17.8139785003662 19.6018809509277 22.2674499511719 22.7593117523193 22.1203005218506 21.7822238922119 18.6739308166504 18.4635717773437 19.5440980529785 19.9544605255127 20.8848974609375 22.6529164886475 20.8845204925537 23.0188945770264 23.1878463745117 23.3399008178711 23.1167691802979 23.2429750061035 23.2753266143799 22.6189826202393 22.9082810211182 23.0263170623779 23.1159657287598 22.6643550872803 21.2045266723633 21.613556060791 20.5485828399658
21.6051579284668 28.6735110473633 30.4832035064697 20.3482076263428 17.5806406402588 21.726452331543 14.9041272354126 13.9275412368774 14.8815966796875 12.6549724960327 13.822247467041 20.190648765564 18.0925680541992 16.0465953063965 16.7518218612671 16.033946685791 17.3304128265381 17.8771859741211 17.1640654373169 17.5439807128906 17.0842562103271 21.1274047088623 22.6666070556641 22.4702555847168 23.5756991577148 29.4159787750244 30.294010848999 29.7912930297852 22.7648931121826 26.7003662109375 21.2727484893799 21.3005617523193 21.1624554443359 23.1565823364258 22.4457426452637 21.4231826782227 20.0865641403198 19.7598785400391 22.5828701019287 22.7356188964844 22.4706504058838 22.5262155151367 22.4116055297852 21.0848038482666 20.1696553039551 19.868357925415
26.0847785186768 27.7091850280762 31.0737260437012 26.9135122680664 28.0003063201904 23.3782305145264 19.2862027740479 15.4159978485107 14.5157661437988 14.8447946548462 17.8373994064331 20.7778807449341 18.502459526062 15.7935741043091 17.0489733505249 17.8197576141357 16.3299761962891 17.1465182113647 17.5235968780518 16.3930902099609 15.2355484771729 15.3083901977539 19.4686661911011 22.9520182800293 30.6905702972412 31.1507353210449 31.2998906707764 30.6587148284912 25.6273816680908 30.1051615905762 19.9309593963623 20.6134655761719 18.9144407272339 18.2955778503418 16.6713204193115 16.7409034729004 17.7232323455811 20.1100122451782 21.811579208374 19.5819100952148 18.0863571548462 20.513542098999 21.1763091278076 20.99700340271 20.5017138671875 20.6043372344971
32.714832611084 31.3689604949951 30.6949366760254 29.4622043609619 29.5839769744873 27.1106755065918 25.888140411377 19.3989685440063 24.1491437149048 24.9220738220215 17.3750301742554 20.8820938873291 18.4045198059082 17.7069603729248 18.5745817565918 17.942845993042 17.1740400695801 16.8918956756592 16.9761559295654 17.4349197387695 16.2492692184448 15.7101070404053 20.3223209762573 28.8218161773682 30.4840575408936 28.8833883666992 28.1385594940186 32.4765631866455 29.7028720092773 28.7684251403809 16.4439632034302 14.8129647445679 14.5884848403931 13.7363772583008 14.4862166595459 16.7222523880005 14.8882973098755 20.0400258636475 16.6806894302368 14.8668865203857 17.9950690460205 20.3257653808594 20.0625730895996 21.1897406768799 20.7080185699463 20.1284914398193
24.6714541625977 26.3245989227295 30.376206741333 31.7146482849121 31.6696284484863 33.3963702392578 30.5434296417236 30.4963064575195 29.0668730163574 27.2945556640625 21.0189740371704 22.2219509124756 20.049543762207 19.9668999481201 17.0660642623901 14.9601062774658 15.7899867630005 17.2027867889404 17.4175363540649 17.8479256439209 17.6586596679687 17.1174175643921 27.5740299224854 30.6460454559326 31.8680895996094 30.3775046539307 30.4414296722412 33.5017752838135 28.4981887817383 26.1834135818481 14.0538661575317 13.0800079727173 13.1977746582031 13.5063537979126 14.4913790130615 19.7578252792358 21.5800512695312 22.6967838287354 20.9240525054932 21.1669235992432 21.4018131256104 21.2517363739014 20.6302294921875 21.277999420166 19.4836672210693 18.8792544555664
25.8957509613037 25.7105113220215 24.6831936645508 24.9001760864258 25.9751039886475 28.9327913665771 29.1354518127441 30.7061016082764 31.8913011932373 30.2457363891602 28.5471784973145 26.6020108032227 23.6853467559814 22.6769306945801 28.4812119293213 26.8368826675415 17.2440909194946 16.9743200683594 19.3655816650391 17.9258847808838 17.9762524414062 19.7190343475342 31.3003538513184 28.736918258667 29.2387162780762 28.7957145690918 28.4685437774658 29.0505465698242 22.6744578933716 20.9641884994507 13.3702448272705 13.0807373428345 14.3408821868896 15.7472974395752 17.4074537277222 22.8961054992676 21.9069094085693 22.4567193603516 21.545991973877 22.1601399230957 21.3987557983398 20.4460083770752 21.5719326019287 18.9364128875732 18.5412690734863 18.0700205230713
25.2246897888184 24.8085173034668 25.8620380401611 24.9585329437256 25.0170430755615 25.8397289276123 26.0703923034668 26.428920135498 27.2766400146484 27.6839643096924 28.3568363952637 29.4864176940918 27.7343441772461 28.173381729126 29.211181640625 30.7536670684814 28.3139352035522 21.5718960571289 25.0866558074951 23.8439799499512 20.7226522064209 26.0292011260986 32.1234282684326 29.2892530822754 27.9454243469238 30.2507582092285 27.8788245391846 29.0778382110596 18.2305481338501 13.28476146698 13.3529148101807 14.4640980148315 21.3633149719238 23.2497113037109 25.3279531097412 25.8226327514648 22.7295566558838 20.305768661499 21.5665427398682 21.72292137146 20.3877954864502 22.3703583526611 23.9093765258789 19.0820037841797 19.1276696014404 18.2379958343506
30.4566918945313 24.7892269134521 24.0826094818115 24.137942276001 23.9537512207031 23.3104872894287 23.6833047485352 24.2420726013184 24.0925369262695 25.9475160217285 26.2741909790039 27.2243921661377 26.2948217773437 25.1123672485352 26.5401926422119 31.158703918457 33.9097290039062 29.164529800415 31.0779869842529 30.177370300293 28.9240298461914 27.5911988067627 28.3519530487061 28.8012216949463 31.2684158325195 29.8946945953369 27.9163613128662 31.8147661590576 20.5578798675537 16.9055452728271 15.794130859375 19.5025576782227 27.0388117980957 24.0821724700928 20.4031854629517 21.465357208252 14.7662987518311 17.361365814209 19.7552759552002 20.7115795898438 20.9393184661865 20.3243341064453 21.5505972290039 21.3432648468018 19.5115456390381 19.1524906921387
27.3405847930908 29.6200681304932 27.6528026580811 25.8691732788086 25.7011296844482 26.1254905700684 23.7210892486572 24.9835117340088 24.1392777252197 24.9100353240967 23.3339290618896 24.7352674102783 24.1737129211426 25.634892578125 25.8954451751709 26.0424605560303 28.8033443450928 31.7303802490234 32.172244644165 31.266070022583 28.6802294158936 26.3581446838379 30.0729393005371 30.6982833099365 32.2657127380371 33.0551222991943 27.2785688781738 30.4421155548096 23.9872299575806 26.5243005371094 26.3649933624268 26.6825179290772 24.1579320526123 18.5341101837158 13.0983068466187 20.1120587158203 15.149374961853 14.7284730148315 18.9147922134399 19.875112991333 19.4629222869873 18.9461539459229 20.3293268585205 21.3129150390625 19.1771965789795 18.9263045501709
19.1975503158569 23.9461968994141 26.932776260376 28.7237689971924 25.7262899780273 25.0085368347168 29.4155673217773 23.5730556488037 24.8827183532715 26.4870742797852 27.0886141967773 23.9011414337158 25.4917198944092 23.0089666748047 25.0656827545166 25.2269898223877 24.9643943023682 25.7296635437012 30.1415979766846 31.0831536102295 29.2494161224365 28.9542803192139 30.0285160827637 25.859373550415 26.4573999786377 28.6294526672363 25.6899842834473 26.1577428436279 24.4625330352783 22.0456072235107 26.2426494598389 27.1168699645996 15.5233860778809 12.198980255127 11.0251829719543 18.0576394271851 20.6424674987793 20.1824377441406 19.8351822662353 19.4954814910889 19.7943336486816 19.055326385498 18.3688541412354 19.527325592041 17.7062686920166 17.9990105438232
18.1949401092529 16.2888412475586 19.4212351608276 24.2499365234375 23.0213474273682 23.5078327941895 27.6786483764648 26.432998046875 27.155350112915 32.4394937896729 34.7031130981445 30.9326081848145 27.4037275695801 23.8844902038574 22.0179109191895 22.4465930175781 22.0293645477295 22.5661022949219 24.0219665527344 26.9355991363525 25.2072388458252 23.8231056976318 23.7494386291504 23.1683749389648 22.6755085754395 24.9035187530518 23.5846559143066 23.5608130645752 24.7711086273193 21.949203414917 24.0398064422607 18.8341706466675 11.9174682235718 15.8607879257202 19.9536442565918 23.4477053833008 24.6260414886475 20.7237512969971 19.3237908172607 19.1061013793945 19.4848695373535 19.1326230621338 18.6207346343994 18.4785600280762 19.4551367950439 19.8376606750488
23.5931478118896 17.3195224761963 21.2036430358887 21.3836663818359 20.6779706573486 19.7450038909912 21.3587816619873 24.2350815582275 27.538960723877 32.0709191894531 36.2158219909668 36.6842178344727 33.9936985015869 34.795016784668 29.9282209777832 24.4560553741455 22.3874182891846 22.5459322357178 21.8622492980957 20.6114072418213 23.008201675415 21.777845916748 21.1970501708984 22.5168416595459 23.1216992950439 22.8040824890137 22.9504054260254 23.2543737030029 23.3911738586426 24.6163547515869 25.0436640167236 23.4782682800293 25.6619134521484 25.4915214538574 27.4350630950928 25.1221646118164 23.7884484863281 22.2948452758789 19.743659286499 20.8178617858887 19.9732989501953 21.545315322876 21.0108972167969 18.9955593109131 21.4656438446045 21.3204862976074
22.9994857025146 22.7686711883545 23.5038571166992 23.8979683685303 24.5417953491211 23.2237713623047 20.3548588562012 20.24233543396 20.7529710388184 24.9315529632568 31.4378626251221 31.4210165405273 31.7801019287109 29.7449991607666 30.5991139984131 32.4658773040771 34.4481424713135 28.2004734039307 25.8083748626709 24.2507529449463 22.1815838623047 23.818468170166 24.0148567199707 21.9709175872803 21.187424697876 21.86641456604 22.8448776245117 23.4100525665283 22.9435659790039 25.4932237243652 25.064602355957 23.8970683288574 23.0385710144043 23.614008026123 27.0281862640381 25.4458849334717 22.6111148834229 22.0507075500488 24.7468997955322 23.0229195404053 22.7820922088623 21.3818250274658 22.9863426971436 22.3877445983887 21.1358865356445 20.3823690032959
23.1438594055176 23.2458496856689 23.8376734924316 23.0240798187256 23.1437473297119 23.5140073394775 23.9162115478516 23.1819134521484 20.7517889404297 20.6202053070068 25.4380715942383 28.3270957946777 28.6347523498535 27.837064743042 27.5352508544922 26.2209010314941 26.0010932922363 30.1427654266357 35.0948930358887 32.9598999023438 29.5652027893066 25.4717862701416 21.8371487426758 25.3988764953613 24.5844527435303 21.2841816711426 20.5618842315674 22.5538922119141 23.0696925354004 24.0579941558838 21.6386098480225 21.096833114624 23.5189085388184 24.2374737548828 26.8335816955566 26.403974609375 22.8466431427002 22.6058010101318 24.3840280151367 24.8996411895752 24.1840000152588 23.7596546936035 23.3564112091064 23.2793639373779 20.3469574737549 19.6560893249512
