Rasters_5km/CoarseFrags_Res5km.asc
NCOLS 161 
NROWS 96 
XLLCORNER 210004.651214014 
YLLCORNER 7345008.22228844 
CELLSIZE 5000 
NODATA_value -3.4e+38 
[rows 42 to 62 of 96, columns 92 to 137 of 161]
15.3698952102661 16.876593170166 16.5077452850342 22.7689540863037 30.8592678070068 27.5197287750244 27.0289990997314 35.6466007995605 33.6626179504395 51.6797290039063 57.1517964172363 54.0900933837891 44.0237446594238 43.5060382843018 31.7794625854492 32.6501929473877 30.9743663024902 32.4710721588135 32.446967010498 34.9170562744141 43.795591583252 58.9543426513672 46.0147840118408 18.255443687439 16.3466591644287 23.7827937698364 29.1104666137695 31.8706546783447 52.1673622131348 57.1143902587891 53.1047149658203 53.9511929321289 47.4051119995117 45.5816989135742 51.1008032989502 49.7658963012695 55.3508123779297 56.4285481262207 52.5551831054687 47.1181411743164 40.7899848175049 38.8458164978027 32.7377522277832 31.9349980926514 38.7818757629394 44.5619123840332
18.6243996810913 13.9817359924316 15.6068544006348 19.3431509208679 28.2662071228027 20.8731430053711 22.1191440582275 27.7077122497559 29.961531829834 34.1118333435059 45.0650051116943 44.2684740447998 31.9693070220947 28.231061630249 30.4553417205811 31.3149681854248 33.9970736694336 29.7299871826172 32.4163710021973 36.9995555114746 45.1235470581055 53.8784764099121 45.9565316009521 23.8876016426086 20.7199732971191 26.8864624023437 29.5019856262207 37.8350232696533 59.4167404174805 53.5319093322754 54.6759548950195 40.1066100311279 38.5765662384033 51.9021807861328 47.1402877807617 56.5997386169434 52.5309400939941 48.4013719177246 57.5163323974609 51.8061485290527 50.9799513244629 45.251302947998 43.9605877685547 42.7459754943848 39.2077680969238 42.6290034484863
18.0064392852783 16.124845085144 15.5197912979126 16.9895629501343 21.3532202911377 26.4842472076416 30.4046927642822 29.2423293304443 34.0389720153809 45.0705303955078 39.666397857666 50.7590354919434 33.3513726806641 31.48518409729 29.8031378173828 27.8094842529297 33.9333825683594 34.3624854278564 38.4869140625 37.0881797790527 43.2245140075684 53.0204684448242 36.2423580169678 20.3159261703491 30.8954373168945 29.6189195251465 32.4304300689697 47.432370300293 56.3060140991211 49.882668762207 46.0396710205078 42.2318696594238 46.2707710266113 49.6576831054687 46.5719570922852 45.0422978210449 49.6799304199219 43.3161268615723 58.5952046203613 58.0650628662109 56.1894773864746 50.2018606567383 50.3945028686523 40.7905809020996 43.7880737304688 40.6478727722168
27.3849535369873 21.5998276519775 16.8315640640259 18.5333155822754 20.7512788391113 26.6752201843262 29.8534139251709 31.1211282348633 37.7108559417725 33.0505685424805 27.8149479675293 49.9624898529053 36.894879989624 25.5422486495972 29.2815724945068 27.3912693786621 22.5511438751221 32.2562006378174 37.89112449646 36.9685028839111 48.1382893371582 50.5365063476562 32.3391714477539 23.3802878189087 32.0812618255615 35.422032699585 32.158268661499 47.8044674682617 43.0048095703125 37.9475220489502 50.446570892334 43.0542526245117 42.7814457702637 48.0826455688477 43.4865881347656 39.1560317230225 38.3227365112305 41.2211418151855 43.8256310272217 55.9581600952148 57.5658183288574 51.345369720459 47.750106048584 45.4472885131836 49.0476542663574 40.6668602752686
20.8800608444214 30.2113827514648 18.7288215637207 18.1526512145996 27.7473957824707 30.7020384979248 32.5051087188721 35.3038523864746 31.7290743255615 31.0970224761963 28.3388971710205 45.2871152496338 35.3599431610107 30.6274401092529 28.6619992828369 30.832752532959 24.7425503540039 32.7463073730469 41.0717825317383 39.2351766204834 52.216166229248 52.272195892334 28.5668144989014 29.5882258605957 34.3322450256348 34.6586814880371 43.8598593902588 48.2510743713379 38.9643728637695 38.1639828491211 40.0617747497559 36.992056427002 39.1521407318115 42.9768821716309 38.9280576324463 44.5144058227539 43.5627922058105 40.9031350708008 35.7271830749512 40.0395132446289 37.8113525390625 41.8914811706543 48.4178503417969 45.0571076965332 48.2850988769531 44.0630641174316
15.6522829627991 27.6250830841064 27.8926197814941 16.6308041381836 28.7966272735596 27.9466819000244 33.5204685974121 32.9215975189209 31.4384130096436 31.7514826965332 29.7686304473877 48.1571397399902 40.6464987182617 38.1768864440918 33.7001284790039 32.3002579498291 22.6238301849365 34.0870871734619 40.2990468597412 37.9799670410156 50.6636059570313 57.6174604797363 44.3769371032715 37.2875518035889 41.3893272399902 45.1520879364014 52.909568939209 43.6390608978272 37.68827003479 37.6067004394531 37.7676431274414 33.77193359375 44.0955255126953 45.8463941955566 41.9335122680664 45.8254446411133 46.5896632385254 44.0912924194336 43.9800689697266 41.6815202331543 40.1731428527832 42.8847135925293 50.1208508300781 47.6528369140625 43.5518035888672 46.298302154541
16.9233532714844 34.9443677139282 33.5581635284424 19.5318241500854 27.7489496612549 26.9908378601074 31.8566658782959 29.3554940795898 30.0675762939453 30.3164622497559 30.6460889434814 48.9336999511719 39.8993186950684 29.0139498138428 33.0612082672119 25.5911344909668 24.4984654998779 34.0346895599365 35.0885150146484 39.0624334716797 42.4705325317383 52.6832809448242 53.930419921875 52.9213160705566 50.0757327270508 58.9597102355957 44.4421310424805 32.7579811859131 39.9494653320313 41.0642308044434 45.1566688537598 36.7010233306885 45.952533416748 38.8800610351563 38.9955180358887 39.5813945770264 47.7080723571777 44.7908247375488 47.5220436096191 51.8863916015625 43.6244404602051 45.9086972045898 47.8127102661133 48.1085864257812 47.0365255737305 49.8158283996582
26.9348332977295 36.263783416748 35.6350988006592 27.9230226135254 27.5942910766602 24.7712450790405 27.9664331054687 24.4714959716797 25.6243760681152 29.2502837371826 31.0279242706299 44.0669274902344 35.3451626586914 33.592594909668 30.7270572662354 24.3509784698486 28.6254683685303 34.7697609710693 35.1141477966309 37.1563961791992 38.8897470092773 50.4800700378418 45.87494972229 49.4547369384766 58.3947004699707 50.1288063049316 47.6954821777344 45.063402557373 50.1819317626953 51.9861715698242 43.4020010375977 31.0972797775269 37.9677239227295 42.0638082885742 45.7412358093262 38.7880807495117 41.7153472900391 47.936467590332 47.1078598022461 46.1933233642578 46.9396836853027 46.1749908447266 46.0795069885254 45.2983923339844 46.0742765808105 43.5886178588867
36.2327605438232 34.0980867767334 31.7112730407715 30.1871797943115 31.6753510284424 19.7443000030518 28.2956861114502 27.3291066741943 28.3217016601563 29.9849239349365 31.6536839294434 44.028092956543 41.9760664367676 36.4681739044189 28.0284084320068 24.9243070983887 31.4321629333496 35.2494786071777 33.9995919036865 38.6443997192383 35.29470703125 44.4231302642822 44.9178776550293 47.8552671051025 49.1885346984863 27.2958938598633 28.1181971740723 30.9735204315186 45.4484378051758 29.8297020721436 37.6176181793213 34.1618580627441 36.6329623794556 46.6918791198731 48.3957568359375 46.3685986328125 46.4388166809082 46.8516236877441 50.2910046386719 49.7643878173828 47.4585571289062 47.6140199279785 49.6614279174805 47.4907594299316 47.7842614746094 46.7719593811035
35.0225577545166 36.5425541687012 29.9294599151611 34.276358795166 27.7947355651855 31.6573406600952 33.5429833984375 30.7078884124756 32.8332764434814 34.2916844177246 34.4571493530273 46.922447052002 36.9071394348145 36.0818811798096 22.5852836227417 29.5127725982666 21.894291267395 27.7414783477783 30.0158145141602 33.0322812652588 35.7817750549316 34.27565284729 36.5515221405029 43.5382289886475 26.0247267913818 24.0496634292603 23.569263420105 27.4567861557007 36.2187739944458 24.1200900268555 42.9010443115234 45.499169921875 41.1895999908447 43.8609871673584 41.2169498443604 41.392080078125 42.1662670898437 46.7615333557129 48.2193238830566 43.0422593688965 41.7416827392578 40.8179219055176 47.6508360290527 49.1429379272461 49.1284197998047 47.7888244628906
19.2409378433228 27.2413105392456 28.4771812438965 33.210115814209 32.3712995147705 38.4398756408691 37.313155670166 36.6882541656494 37.2189739990234 39.7084858703613 39.5193440246582 33.0689405059814 29.4433000946045 29.6578870391846 25.9432647705078 25.5636673355103 31.7667971801758 25.8697838973999 24.6463129425049 27.4951594543457 32.896975402832 35.1732051849365 32.7613340759277 35.587523651123 26.8613818359375 32.1497328948975 34.7791860198975 22.5911257743835 19.6669961547852 25.9184394454956 38.5470581054688 35.4084719848633 31.9366157531738 32.2258226013184 28.7860997772217 41.7745513916016 35.6199352264404 42.8155770874023 41.1872030639648 37.6293829345703 39.9815371704102 37.171065826416 39.5825883483887 45.2694054412842 46.2365591430664 42.4617967224121
40.8486460113525 38.490066986084 28.8697940826416 25.7707608032227 29.4694933700562 23.3507188796997 30.7067951202393 31.4187997436523 36.988766784668 39.9347164916992 32.311127166748 24.0666616821289 30.8591318893433 22.8023719406128 34.8663911437988 33.7805390167236 32.7461171722412 30.5806737518311 24.1759001922607 30.6670309448242 32.3869791412354 32.4940074920654 25.5977794265747 29.8282535552979 24.6851358795166 30.5580055236816 32.9530642318726 18.7974586486816 25.226244468689 23.791611289978 27.0558365631104 31.7249306488037 29.2170217895508 32.0587070465088 29.8973620986938 47.7313856506348 50.2266271972656 45.1049307250977 40.9358279418945 44.5197196960449 44.5773942565918 35.1152521133423 21.5584537887573 46.569507598877 40.1633085632324 36.6557503509521
38.8174523925781 39.6897989654541 47.7992652893066 47.7303088378906 46.9541188049316 36.7205274963379 36.7025653839111 30.7710277557373 23.4535492706299 31.517149887085 36.5128803253174 38.4076937103272 34.1794563293457 28.2721913146973 32.235379486084 26.670562171936 29.095763168335 24.1167373657227 32.062505569458 27.9968714904785 28.095034866333 30.8720801544189 25.4571012878418 35.7248804473877 34.5109445953369 30.7265869140625 34.4388468933105 29.5665219116211 29.7165339279175 28.2391240692139 30.5578318023682 34.6525207519531 32.3658453369141 19.7532808113098 20.8010325431824 37.6132133483887 40.2433270263672 50.9539611816406 45.3535832214355 50.9231039428711 46.6918710327148 35.3266926574707 27.4913590621948 32.7653227233887 36.6182089233398 33.5878202056885
18.919490852356 25.9482290267944 39.7742314910889 47.6994866943359 47.4933139038086 46.6690090942383 42.7510736083984 41.3982521820068 38.9428521728516 41.2779186248779 38.4289669036865 34.6701843261719 35.6761096191406 36.1513805389404 35.604344329834 27.6283997344971 24.4656977844238 31.1224657440186 39.1233177947998 31.8619711685181 35.8989022064209 30.9883108139038 23.3031249427795 34.355400390625 35.8622215270996 26.8229248809814 32.9217364501953 30.898851890564 34.2833432769775 34.8568168640137 34.7728129577637 34.8414291381836 30.6961981964111 25.776368637085 20.9798134613037 32.554289932251 32.4064859008789 35.9808496856689 47.4997326660156 47.9859588623047 39.6706017303467 41.4205360412598 38.9285564422607 37.4320119476318 37.8293182373047 34.8874560546875
8.78969644546509 11.8073552703857 14.7056913757324 17.6317589950562 30.0250158691406 30.2664213180542 36.6536743927002 45.2356563568115 47.1587887573242 44.9434128570557 43.5913061523437 40.2842823028564 37.4115421295166 42.5820085144043 40.5492864990234 27.4767889022827 19.342932472229 31.3909603881836 27.4664576721191 30.2730354690552 29.2637577819824 35.4327997970581 36.9653439331055 35.6544107055664 27.8805756378174 32.6617140579224 39.4423596191406 23.8447216415405 31.0339204406738 37.1004663848877 29.400068359375 26.1106178665161 29.4168784332275 23.1169914245605 16.6477558898926 24.5213746643066 10.4669275093079 19.4203283786774 26.8822168731689 32.6058671569824 29.3394787216187 36.0414642333984 29.4078443908691 43.4153451538086 39.4473304748535 32.7379672241211
8.52316499710083 9.38427156448364 12.3364682006836 10.2503888702393 9.99279630661011 9.00093507766724 12.6574613761902 11.646468296051 12.4702826881409 13.5158184051514 32.5220924758911 39.4829235076904 32.4708283615112 48.0353741455078 41.8774993896484 36.8351178359985 27.4800834655762 22.6708734130859 24.414547996521 23.9489004135132 33.1979363632202 34.7551736450195 29.8416693878174 27.7017189025879 22.0502657699585 22.1196346664429 41.3033093261719 30.0421680450439 31.3232976531982 23.4290753173828 24.2250831222534 28.209580078125 21.3304507827759 18.356593914032 7.43973799705505 16.9268333244324 11.9589977264404 8.91562016487122 16.6236333084106 17.3121188354492 19.5637145996094 28.6356895065308 34.8423839569092 39.8103382110596 38.2680131530762 34.2072942352295
13.0078678512573 10.3413093566895 9.28394760131836 9.68742952346802 17.2797338104248 18.0720625305176 12.3247413825989 29.2127068328857 23.632007484436 7.13208990097046 9.05912986755371 11.5537468719482 14.2513533210754 30.9949684906006 39.9061936950684 45.6194664001465 38.9412135314941 33.1702208709717 26.7887258148193 24.2746619033813 30.5942124176025 31.3642458343506 28.8570286178589 40.5045709991455 45.3588633728027 40.4570010375977 48.5273918151855 44.886029510498 20.1243775939941 17.3866759109497 16.1925936508179 23.5967749786377 9.23825207710266 6.71555039405823 5.98406362533569 17.5062879371643 33.0908654785156 29.5804948425293 15.5266310501099 17.0591933441162 19.720643119812 25.043204574585 27.8828694915772 37.4858826446533 25.7730095291138 30.596252822876
13.6645991706848 10.746590385437 13.4341222190857 8.39743503570557 13.924956035614 27.5010981178284 16.5783283615112 24.9561426734924 20.692831363678 6.66222406387329 7.57932439804077 7.88622786521912 8.1085782623291 9.17701906204224 16.0417029762268 27.0267359542847 29.5256115341187 36.1133512878418 38.5465142440796 37.4939621734619 39.8324746704102 40.2113912963867 50.158667755127 54.2195246887207 54.1978442382812 53.0485356140137 55.5664102172852 57.8149252319336 38.1955928039551 17.774747428894 14.4004864501953 8.97330911636353 4.32042121887207 4.44469101905823 17.2462248420715 26.2213945007324 35.7197727966309 31.4498921966553 22.1121812438965 23.9912982940674 24.4519135284424 25.592449760437 23.4936935043335 31.1451303863525 35.6247748565674 38.1150133514404
45.654176940918 14.9718135643005 22.2460899734497 22.2618464279175 19.9859931182861 16.0359935379028 15.057292766571 15.4749413490295 5.56205762863159 4.40646494865417 3.05522775650024 3.31350030899048 3.06472850799561 3.31499715805054 5.65821971893311 7.47518299102783 10.2010618972778 11.223666934967 13.5530171585083 17.4236207580566 12.7452778053284 13.221515045166 20.993899307251 46.9706206512451 52.2803638458252 55.7130844116211 55.6902816772461 58.3980073547363 56.7963584899902 38.8739030456543 17.3140098190308 12.265580291748 7.24583914756775 13.8064590644836 18.4380564498901 33.8111334228516 38.4773436737061 33.9948812103272 21.7895677185059 35.8969557952881 34.6805881500244 41.4574753570557 42.7896882629394 28.0614084625244 33.2009683227539 38.7627033233643
52.2346691131592 45.1732759094238 51.6096872711182 47.8044111633301 32.7459303283691 30.8162356567383 20.2814262771606 15.4714655303955 9.15538457870483 4.89426469802856 4.15964925765991 3.92024030685425 3.33414054870605 3.85553427696228 4.47989573478699 4.15235889434814 2.77537387371063 4.02156503677368 4.45345958709717 5.37958715438843 7.38328081130981 8.93932134628296 9.84379558563232 13.5597451210022 12.2502439498901 24.2957375717163 55.2873136138916 57.3123376464844 58.482901763916 39.9094584655762 18.881441116333 11.9049614143372 13.0196057128906 16.1734949111938 23.576858215332 39.5270990753174 29.0212837219238 22.7951557159424 30.9173160552979 34.3658227539063 38.3659909820557 28.888002281189 36.4014019775391 45.900514831543 31.0311366271973 30.0813282775879
53.8565899658203 57.7688131713867 55.1656454467773 59.356018371582 56.1699153137207 50.6523121643066 43.6242919921875 32.9416577911377 19.4638905334473 9.23572008132935 4.52841391563416 6.2225804901123 4.43540984153748 4.98011976242065 5.73480337142944 4.88432409286499 4.19719079017639 3.37982800483704 2.31947749137878 2.27131455421448 2.69662492752075 4.32221096038818 6.54759218215942 8.59596277236938 7.67717325210571 12.0906897354126 22.421714515686 50.3979428482056 59.3777673339844 43.759175491333 21.7044079208374 21.1344627380371 23.2564085388184 22.4337420654297 23.8080269622803 30.5953759765625 26.1096832275391 25.3970907592773 26.2720738220215 38.5776203918457 45.0500701904297 33.5607727050781 35.2126613616943 41.6880606842041 25.4842281341553 23.2844912719727
