Rasters_5km/CoarseFrags_Res5km.asc
NCOLS 161 
NROWS 96 
XLLCORNER 210004.651214014 
YLLCORNER 7345008.22228844 
CELLSIZE 5000 
NODATA_value -3.4e+38 
[rows 42 to 62 of 96, columns 46 to 91 of 161]
31.2082395935059 31.3047023773193 32.996653137207 33.7813440704346 36.2556658935547 38.1643098449707 38.0912228393555 38.6973188781738 39.5366348266602 37.9221696472168 27.3507413864136 9.76872970581055 16.3422791862488 29.1628440666199 40.8018593978882 32.2622353744507 17.7701788711548 34.8297438049316 37.3640648651123 36.4555991363525 27.0228031539917 29.2545403289795 28.5215482330322 36.8259956359863 24.4089319610596 19.7693860626221 21.0870687866211 30.8017736816406 35.3136334991455 36.7633220672607 39.9613150024414 42.0743361663818 41.9511120605469 38.208422088623 33.9362043762207 42.3652805328369 45.6758494567871 31.4434311676025 29.1326264953613 33.879828338623 29.3459716033936 23.9564546966553 14.5317793273926 18.7066860580444 16.600062713623 13.4754020690918
31.1934449005127 32.3232402038574 35.3725534057617 35.8005885314941 34.9341384124756 38.0120132446289 38.7236468505859 37.5767233276367 35.3465332794189 26.8037136936188 6.46581388473511 3.61801598548889 3.04803595066071 5.03727606773376 5.56966632843018 5.66877717018127 4.04187056541443 11.257170009613 35.882658996582 31.2459172821045 24.1561227798462 34.5005086517334 19.8951259231567 30.2496222686768 33.3027402496338 22.8352095794678 19.0127743148804 22.9838981628418 43.1678305053711 41.0149903869629 33.7023028564453 31.141690826416 39.5874769592285 41.552177734375 38.5174983978271 33.2577040863037 36.89375831604 38.7715235137939 39.680015335083 27.6811045837402 25.7736135864258 31.1491136169434 22.5633558273315 16.1858510971069 12.6511935806274 15.6542069625854
35.1261030578613 36.7014934539795 36.6574445343018 39.2802952575684 39.2991690063477 38.5350297546387 38.7080131530762 30.8112735557556 13.2639287281036 3.95245662689209 8.17959056854248 15.5235698127747 13.1784935951233 6.65282119750977 4.63144288063049 4.49088875770569 3.95017449378967 3.83410437583923 5.18002491950989 8.14344724655151 11.1260689353943 16.4333793449402 30.6695259475708 30.3219054031372 37.3632431793213 35.53524269104 24.3892576980591 21.7513319396973 34.0143729400635 37.8633042907715 41.0878372192383 35.5767867279053 36.2670422363281 23.9514469146729 37.2745925140381 31.1170099639893 36.5112757110596 35.0196646118164 40.515178527832 40.6042179107666 45.6087676239014 44.3816623687744 39.6888786315918 35.1815895843506 24.4549589538574 22.3069781112671
39.6989933776855 38.509471282959 35.8943787384033 37.8254884338379 38.4043772888184 38.5441634368896 26.1881326293945 10.0146118927002 7.13542021751404 16.1690668964386 38.7071562957764 43.8156938171387 33.1008754348755 15.7884101676941 7.65328446388245 4.85952315330505 4.67378182411194 3.58481934547424 3.13820483207703 3.05039065361023 3.6227693939209 4.62225814819336 26.8320946502686 39.4516696166992 39.6466361236572 39.3929106140137 38.3993493652344 32.1893448638916 27.2915976715088 32.2550519561768 40.4966237640381 39.4765291595459 39.3444140625 29.0909170913696 28.8549715042114 40.4254747009277 37.0269120788574 34.1456941986084 39.3080693817139 36.0541622924805 41.4658763122559 38.437977142334 39.8518352508545 43.8004296875 38.7299224090576 26.6316622924805
36.0601557922363 31.7896572875977 26.6045211791992 32.0412770843506 33.007638092041 25.0264329910278 19.6916104888916 22.1393970489502 30.4334446334839 43.553706817627 48.0861740875244 51.2570045471191 53.676644744873 45.8198143768311 15.4772682952881 14.1395366287231 9.32584178924561 7.11602296829224 4.79574140548706 4.15329912185669 5.26275420188904 5.84582203865051 9.27353179931641 22.9238936233521 39.9475560379028 36.6305811309814 34.9168156433105 30.5698538589478 32.0424519729614 26.4568727111816 36.2712176513672 41.1251112365723 38.2296241760254 28.8944814682007 28.3678231811523 35.2098916625977 36.301194229126 32.2074383544922 28.9832590484619 34.8533948516846 41.0967610168457 40.0075615692139 41.4046064758301 41.9398443603516 34.1690531921387 25.0056690979004
33.727650604248 32.3164559173584 21.5978291320801 18.9705015182495 19.6140890884399 20.6999517822266 19.5921055603027 45.6722501373291 54.3140307617187 51.1996784973145 52.4570018005371 41.4091095733643 44.7972244262695 54.2074856567383 44.336333694458 41.709048538208 18.8425884246826 11.9296189880371 15.0248413085938 13.3418375015259 11.6466463851929 10.7696346664429 10.0237994194031 8.61741479873657 32.7329574584961 30.7249807357788 16.6619789505005 7.2733787727356 4.68165200233459 9.93023912906647 27.6399699783325 32.530482673645 36.003761138916 32.1048403167725 26.078380317688 23.3320239257813 26.3709660339355 25.8027935028076 31.5763182830811 42.8665993499756 44.1854231262207 39.14908203125 40.0840872192383 44.5971571350098 40.4741790771484 28.6704861450195
24.268978805542 32.3932712554932 31.2332777404785 23.4127593994141 22.4720348358154 27.0037408447266 35.275544128418 51.2640008544922 54.3549508666992 52.0393310546875 52.1663790893555 46.1969622802734 46.9129211425781 50.6009438323975 54.8605352783203 51.3906318664551 29.8068144607544 28.9349111938477 42.0910832214355 35.313237991333 21.1728189468384 10.5827243804932 10.1530786514282 9.8636333656311 13.8749564361572 16.7228470802307 6.3442488193512 3.71911299228668 4.07983532428741 3.4726748418808 3.28288869857788 7.84901207923889 22.4287572288513 23.6296284675598 22.8043697738647 25.2095246124268 27.3882385253906 30.7618299102783 35.6944801330566 36.1991307830811 33.5491850280762 34.3285038757324 40.1853396606445 39.5283206176758 39.281993560791 31.1727714538574
45.3681601715088 46.495299911499 46.6118257904053 48.4278145599365 42.0978662109375 55.0170988464355 57.0037838745117 56.4616500854492 44.0747718048096 33.8739427185059 53.9676121520996 52.5604278564453 48.066886138916 46.5251332092285 52.1080589294434 48.793283996582 50.9922998046875 52.3222622680664 55.5370684814453 51.3373672485352 49.1173705291748 34.6861798095703 28.7782141494751 15.4467578125 10.0436828994751 9.09668914794922 10.6085607719421 20.2563981628418 20.9289474868774 12.7347299385071 7.08232319831848 2.80508836746216 6.42466093063354 26.8277926254272 13.1231622695923 27.4528705978394 30.874334487915 32.9883032989502 28.0501190948486 31.6649220275879 27.3272356414795 28.7808953094482 36.1583132171631 35.9385870361328 39.8013040161133 38.0398690795898
44.2908081817627 44.9397674560547 46.2506627655029 47.0387244415283 42.4312352752686 39.3862725830078 53.7500205993652 55.8717463684082 46.261422958374 53.3351527404785 56.6022180175781 51.6480635070801 47.0188905334473 37.7195876312256 47.0391261291504 49.6256217956543 54.834059753418 55.0929531860352 55.342745513916 54.5288360595703 46.6664720153809 44.4795327758789 50.0230000305176 41.2931649017334 20.6262838745117 12.8305235290527 26.6940747070312 42.1442614746094 48.0028690338135 44.4661382293701 32.0759534454346 11.0215117645264 5.77153063774109 24.8732759284973 27.0174710083008 27.0854537200928 28.0433757781982 28.0970494842529 24.5544731903076 31.9913527679443 25.257850112915 25.612767791748 23.1915915298462 29.2439630126953 37.1287585449219 37.8965455627441
48.2180847167969 50.6480888366699 51.5525741577148 52.1285917663574 53.3870812988281 34.113298034668 46.1671843719482 51.3890171813965 57.3902163696289 48.4657363891602 58.0908932495117 56.8411538696289 46.5558856201172 42.541328125 30.708606262207 37.0077749633789 37.1127642822266 39.4031510925293 56.0581394958496 53.871706237793 45.5195539855957 45.8127885437012 53.0821475219727 46.2626602172852 36.0418533325195 30.9984164047241 44.7913062286377 39.9291606140137 53.0306257629395 55.9421063232422 55.2663726806641 26.4237153625488 9.93031398773193 10.4177444839478 26.7984377670288 26.3751484298706 28.3074123382568 31.4985311889648 34.642174987793 36.0351780700684 29.9274620819092 26.885920791626 26.1398001098633 22.1475618743896 22.9177378082275 32.8043810272217
50.8861380004883 54.2651533508301 52.1432289123535 53.993664855957 50.2185406494141 41.5720703125 31.0980642700195 48.0757413482666 59.845150604248 61.4472840881348 61.0425022888184 60.2075099182129 56.3409973144531 51.5935902404785 36.005891456604 33.1884452819824 24.7659223937988 48.5932054138184 56.0818142700195 52.8057633972168 43.4203370666504 47.7327388000488 39.7949401092529 42.3836529541016 26.8976953887939 26.152401008606 39.5332974243164 46.4560125732422 53.3674848937988 57.2451014709473 56.6435366821289 28.6710513305664 10.3854030609131 7.405679063797 28.2306720924377 31.4673302459717 26.5279579925537 27.6232009887695 29.8667394256592 27.891559753418 27.0583192443848 33.0410357666016 31.136212310791 28.2831464385986 31.1330937957764 30.4660591888428
50.4000062561035 47.7525102233887 51.1333995056152 54.0361196899414 55.4400587463379 51.7037391662598 52.1939128112793 59.8658563232422 61.2180049133301 60.1548780822754 59.9440219116211 59.8586289978027 47.9900553894043 44.5812519073486 43.1628539276123 33.8364262390137 38.618480758667 55.3997637939453 55.9437805175781 55.1955348205566 50.3214192199707 48.8147013092041 41.8882999420166 44.4954267883301 43.7046780395508 43.3382192230225 37.8928231048584 52.8165029144287 55.2855651855469 57.1082528686523 55.7853143310547 45.9871002960205 14.8695298576355 8.53392513275146 6.24849093437195 8.64484756469727 7.7900407409668 9.31982675552368 10.8001714801788 9.55059354782104 12.5102098369598 28.122325668335 29.3523365402222 32.2390204620361 31.4883638763428 39.0593587493896
48.2267874145508 51.8685266113281 52.6185232543945 55.9121813964844 57.3580061340332 52.6332406616211 58.1399520874023 60.2668231201172 58.3782162475586 51.4004862976074 55.5022296142578 57.88234375 59.0157823181152 44.3530321502686 30.3303229522705 51.1601515960693 38.3837622833252 52.5206971740723 50.0523545837402 53.1321012878418 54.1700039672852 52.3389100646973 42.3128815460205 50.7216292572021 52.9467149353027 53.1991049194336 49.2721604919434 53.0011123657227 49.7503479003906 52.355161895752 58.4295915222168 51.1634121704102 17.7287433242798 12.9856245803833 11.3560696029663 7.40035258293152 8.42821661949158 6.97467475891113 3.93193378925323 3.23701193332672 2.73567009925842 3.65907811164856 6.41046954154968 20.6989739513397 31.7410263061523 39.9967238616943
50.4767570495605 28.329391708374 40.3468949127197 38.9587461090088 44.7029913330078 52.690823059082 55.8726963806152 56.9151013183594 58.7463143920898 54.5511404418945 55.458426361084 46.80803565979 55.5357171630859 58.1262223815918 44.7327577972412 53.1633825683594 39.3582370758057 41.234503326416 50.8895428466797 41.4077010345459 49.3816505432129 46.4085678100586 38.6891242980957 45.0571978759766 54.107181854248 55.6770817565918 53.1254284667969 55.569584197998 53.0120596313477 56.0127255249023 57.1485432434082 55.3368340301514 33.7803092193604 19.9803206253052 20.0370248794556 21.5165426635742 19.7533542251587 17.9143942260742 15.5047620391846 10.8198509216309 8.48742414474487 4.12809128761292 4.31475695610046 3.81535104751587 6.19813499450684 9.99967795372009
55.3929866027832 46.5187125396729 43.1504607391357 29.5508121490479 35.1304613494873 39.8730197906494 48.8120899963379 54.0956748962402 51.0459106445312 55.9033949279785 56.479416809082 53.7978897857666 53.7713288879395 50.0264833831787 51.4279998779297 48.4679931640625 47.9455578613281 39.520511932373 47.3427996826172 44.6402558135986 46.2326628112793 48.285396270752 42.7508588409424 50.7112126159668 54.1954385375977 52.953034362793 49.2736874389648 55.7316816711426 55.349266204834 55.0749201965332 52.9869962310791 55.7934373474121 54.8873428344727 44.2815380096436 48.803317565918 50.3054511260986 48.4440532684326 45.3288284301758 33.3169062423706 14.5957411575317 11.8960926055908 7.3267066860199 4.19386450767517 3.59758602142334 3.00920600891113 3.87318001747131
58.1979647827148 56.0792472839355 47.6288282012939 37.0586254119873 43.0804277038574 43.5652076721191 53.2772100830078 47.4132281494141 48.2838684082031 48.5694216156006 55.6263525390625 57.9664227294922 43.9592906951904 46.9943473815918 55.0743368530273 50.4011636352539 44.9620674324036 42.8091000747681 46.6198020935059 51.5235426330566 50.0981004333496 50.5868804931641 48.1535555267334 50.2411798095703 46.6852201843262 42.2911989593506 17.5389399814606 17.7661503982544 15.1850386047363 20.2142551612854 9.55869639396668 15.9951850128174 48.3500814819336 56.1654960632324 56.7313041687012 56.6599645996094 54.1543865966797 54.014479675293 54.894944152832 49.186032333374 27.7999552154541 15.352834777832 11.9022070884705 7.47818348884583 6.99636687278748 9.2183259677887
55.8899493408203 57.7638833618164 55.0481408691406 39.1147264099121 51.9140379333496 54.3192417907715 49.5577676391602 49.7129381561279 50.8073226165771 57.2312086486816 56.1838404846191 47.0806293487549 51.3150017547607 54.0481532287598 57.1973330688477 52.3286161804199 49.7374260139465 28.9369769287109 48.3511639404297 42.5228133392334 39.2945545196533 38.9959383392334 19.9135892868042 37.9774939918518 35.0743581771851 11.2703244686127 14.0279250144958 3.7775129032135 2.95418475151062 23.0255790519714 40.8947041320801 12.017844543457 29.0174753189087 54.3195260620117 56.4719683837891 58.0329318237305 58.3041999816895 56.9865812683105 57.3428532409668 51.8755767822266 52.1687217712402 42.2002673721313 31.9167464065552 23.556363067627 17.1863188171387 12.0535608291626
58.0756187438965 59.253412322998 56.865138092041 55.6218724060059 50.2018292236328 58.1370455932617 58.2959794616699 55.3553755187988 46.6732743835449 50.0039083480835 54.1876594543457 50.1406674957275 55.4894743347168 53.1935525512695 52.8852375793457 49.321841583252 51.3459292602539 54.9047087097168 52.2254179382324 43.8473724365234 41.3090173339844 37.4142021560669 27.5460140991211 45.474347076416 37.6020406913757 26.214521446228 8.34743909835816 7.45333312988281 6.27488612174988 9.4284153175354 42.7734560394287 16.2748439884186 46.09628074646 56.5212161254883 50.4354544830322 52.5335775756836 56.6687580871582 56.0185556030273 57.0049267578125 58.9718551635742 57.7919787597656 52.0960304260254 53.2567150878906 46.6967919921875 39.9335874176025 16.5183194541931
52.2331591796875 58.4714375305176 56.9752284240723 54.2059457397461 57.5526731872559 58.9751211547852 57.487758026123 57.1338374328613 59.1108476257324 57.8994088745117 58.659255065918 56.8015306091309 59.5031489562988 52.6076141357422 48.438851852417 47.4888326263428 55.3545040893555 56.0727507019043 55.5574546813965 43.0833819580078 40.8227713775635 36.4624896240234 45.2359822845459 36.9938199615478 19.2611955928802 10.9524546146393 13.9829787445068 18.3458656692505 31.0471796417236 20.3553303146362 42.5567449951172 11.8911384487152 42.7521662902832 56.6993940734863 51.6883618164062 41.4745770263672 31.2233100128174 37.7791945648193 46.8589641571045 56.8943609619141 57.9233609008789 59.6246482849121 58.6958770751953 51.7153932189941 56.1082743835449 48.009801940918
44.5619968414307 47.8030798339844 55.9542039489746 55.6497843933105 55.2884100341797 56.6541279602051 54.4317179870605 50.428816986084 56.0094235229492 52.0083117675781 51.5005532836914 55.433973236084 52.3276811218262 47.469591217041 52.3868719482422 45.3824292755127 51.1063827514648 45.8808323669434 53.2445355224609 54.1073518371582 53.2186402893066 43.719274520874 45.5373636627197 40.4812085723877 26.2008225250244 15.8012029075623 19.8670527648926 23.0363716125488 35.5958881378174 25.2071028137207 38.4561493682861 20.4870383834839 26.3369979476929 52.1347326660156 57.5403782653809 47.6314309692383 52.0380641174316 35.6553256225586 24.6730242919922 29.2334238433838 60.2396292114258 62.2765390014648 56.6700274658203 47.5551561737061 45.0613388824463 54.2973376464844
41.9929657745361 34.4576999664307 41.2989759063721 46.9829853057861 45.8568753051758 55.6841932678223 58.2894068908691 57.1365478515625 56.1196630859375 56.4517846679688 54.9571206665039 52.6576934814453 46.713381652832 46.3244715881348 49.4309086608887 49.5123829650879 50.70822265625 52.4627947998047 48.7694156646728 45.6430726623535 58.4763877868652 53.9750820922852 46.9409787750244 47.9391250610352 39.3614923095703 23.2192687988281 22.2188164138794 29.9969147491455 42.6850858306885 36.7613525390625 41.2600551605225 33.334854888916 26.4125645446777 51.0537539672852 54.8655020141602 54.2443029785156 55.592938079834 59.2518528747559 45.3354801177979 37.1108262634277 55.350892791748 53.2523474121094 43.2585265350342 54.1065975952148 52.072253112793 42.8690941619873
