Rasters_5km/CoarseFrags_Res5km.asc
NCOLS 161 
NROWS 96 
XLLCORNER 210004.651214014 
YLLCORNER 7345008.22228844 
CELLSIZE 5000 
NODATA_value -3.4e+38 
[rows 0 to 20 of 96, columns 92 to 137 of 161]
-3.4e+38 -3.4e+38 -3.4e+38 -3.4e+38 -3.4e+38 -3.4e+38 -3.4e+38 -3.4e+38 -3.4e+38 -3.4e+38 -3.4e+38 -3.4e+38 -3.4e+38 -3.4e+38 -3.4e+38 -3.4e+38 -3.4e+38 -3.4e+38 -3.4e+38 -3.4e+38 -3.4e+38 -3.4e+38 -3.4e+38 -3.4e+38 -3.4e+38 -3.4e+38 -3.4e+38 -3.4e+38 -3.4e+38 -3.4e+38 -3.4e+38 -3.4e+38 -3.4e+38 -3.4e+38 -3.4e+38 -3.4e+38 -3.4e+38 -3.4e+38 -3.4e+38 -3.4e+38 -3.4e+38 -3.4e+38 -3.4e+38 -3.4e+38 -3.4e+38 -3.4e+38
-3.4e+38 -3.4e+38 -3.4e+38 -3.4e+38 -3.4e+38 -3.4e+38 -3.4e+38 -3.4e+38 -3.4e+38 -3.4e+38 -3.4e+38 -3.4e+38 -3.4e+38 -3.4e+38 -3.4e+38 -3.4e+38 -3.4e+38 -3.4e+38 -3.4e+38 -3.4e+38 -3.4e+38 -3.4e+38 -3.4e+38 -3.4e+38 -3.4e+38 -3.4e+38 -3.4e+38 -3.4e+38 -3.4e+38 -3.4e+38 -3.4e+38 -3.4e+38 -3.4e+38 -3.4e+38 -3.4e+38 -3.4e+38 -3.4e+38 -3.4e+38 -3.4e+38 -3.4e+38 -3.4e+38 -3.4e+38 -3.4e+38 -3.4e+38 -3.4e+38 -3.4e+38
-3.4e+38 -3.4e+38 -3.4e+38 -3.4e+38 -3.4e+38 -3.4e+38 -3.4e+38 -3.4e+38 -3.4e+38 -3.4e+38 -3.4e+38 -3.4e+38 -3.4e+38 -3.4e+38 -3.4e+38 -3.4e+38 -3.4e+38 -3.4e+38 -3.4e+38 -3.4e+38 -3.4e+38 -3.4e+38 -3.4e+38 -3.4e+38 -3.4e+38 -3.4e+38 -3.4e+38 -3.4e+38 -3.4e+38 -3.4e+38 -3.4e+38 -3.4e+38 -3.4e+38 -3.4e+38 -3.4e+38 -3.4e+38 -3.4e+38 -3.4e+38 -3.4e+38 -3.4e+38 -3.4e+38 -3.4e+38 -3.4e+38 -3.4e+38 -3.4e+38 -3.4e+38
-3.4e+38 -3.4e+38 -3.4e+38 -3.4e+38 -3.4e+38 -3.4e+38 -3.4e+38 -3.4e+38 -3.4e+38 -3.4e+38 -3.4e+38 -3.4e+38 -3.4e+38 -3.4e+38 -3.4e+38 -3.4e+38 -3.4e+38 -3.4e+38 -3.4e+38 -3.4e+38 -3.4e+38 -3.4e+38 -3.4e+38 -3.4e+38 -3.4e+38 -3.4e+38 -3.4e+38 -3.4e+38 -3.4e+38 -3.4e+38 -3.4e+38 -3.4e+38 -3.4e+38 -3.4e+38 -3.4e+38 -3.4e+38 -3.4e+38 -3.4e+38 -3.4e+38 -3.4e+38 -3.4e+38 -3.4e+38 -3.4e+38 -3.4e+38 -3.4e+38 -3.4e+38
-3.4e+38 -3.4e+38 -3.4e+38 -3.4e+38 -3.4e+38 -3.4e+38 -3.4e+38 -3.4e+38 -3.4e+38 -3.4e+38 -3.4e+38 -3.4e+38 -3.4e+38 -3.4e+38 -3.4e+38 -3.4e+38 -3.4e+38 -3.4e+38 -3.4e+38 -3.4e+38 -3.4e+38 -3.4e+38 -3.4e+38 -3.4e+38 -3.4e+38 -3.4e+38 -3.4e+38 -3.4e+38 -3.4e+38 -3.4e+38 -3.4e+38 -3.4e+38 -3.4e+38 -3.4e+38 -3.4e+38 -3.4e+38 -3.4e+38 -3.4e+38 -3.4e+38 -3.4e+38 -3.4e+38 -3.4e+38 -3.4e+38 -3.4e+38 -3.4e+38 -3.4e+38
-3.4e+38 -3.4e+38 -3.4e+38 -3.4e+38 -3.4e+38 -3.4e+38 -3.4e+38 -3.4e+38 -3.4e+38 -3.4e+38 -3.4e+38 -3.4e+38 -3.4e+38 -3.4e+38 -3.4e+38 -3.4e+38 -3.4e+38 -3.4e+38 -3.4e+38 -3.4e+38 -3.4e+38 -3.4e+38 -3.4e+38 -3.4e+38 -3.4e+38 -3.4e+38 -3.4e+38 -3.4e+38 -3.4e+38 -3.4e+38 -3.4e+38 -3.4e+38 -3.4e+38 -3.4e+38 -3.4e+38 -3.4e+38 -3.4e+38 -3.4e+38 -3.4e+38 -3.4e+38 -3.4e+38 -3.4e+38 -3.4e+38 -3.4e+38 -3.4e+38 -3.4e+38
-3.4e+38 -3.4e+38 -3.4e+38 -3.4e+38 -3.4e+38 -3.4e+38 -3.4e+38 -3.4e+38 -3.4e+38 -3.4e+38 -3.4e+38 -3.4e+38 -3.4e+38 -3.4e+38 -3.4e+38 -3.4e+38 -3.4e+38 -3.4e+38 -3.4e+38 -3.4e+38 -3.4e+38 -3.4e+38 -3.4e+38 -3.4e+38 -3.4e+38 -3.4e+38 -3.4e+38 -3.4e+38 0.781548202037811 2.72962897022565 1.76180210908254 4.72898950576782 10.1761139790217 8.30481644868851 4.91136233011882 16.6177801609039 32.4032829284668 28.5058590571086 11.0669408321381 9.49196968078613 10.0397515773773 18.5034392356873 21.4947608947754 18.9244442462921 21.8636386871338 6.73978900909424
-3.4e+38 -3.4e+38 -3.4e+38 -3.4e+38 -3.4e+38 -3.4e+38 -3.4e+38 -3.4e+38 -3.4e+38 -3.4e+38 0.815264066060384 0.384821393589179 0.477964971065521 0.860246561143709 0.991809075369554 0.394358362470354 -3.4e+38 -3.4e+38 -3.4e+38 -3.4e+38 -3.4e+38 -3.4e+38 -3.4e+38 7.51233839988708 14.4853188029744 7.46191853284836 8.68672886967659 11.5002059864998 21.6482731986046 23.6174418258667 8.98228156089783 6.31835385322571 30.4122772979736 28.6952241516113 30.2072590637207 28.5077926635742 21.8788364028931 24.1838186645508 23.4965160751343 8.78758396148682 10.0228199005127 7.6911554145813 18.3753088951111 18.8151406669617 23.7980554580688 18.1762592124939
-3.4e+38 -3.4e+38 -3.4e+38 -3.4e+38 -3.4e+38 -3.4e+38 -3.4e+38 -3.4e+38 0.460367196727367 1.44015565603971 3.45745995759964 2.85774049520493 4.51837293306987 2.59316608428955 1.73022987127304 1.91031862735748 1.05806223928928 0.454272372126579 -3.4e+38 -3.4e+38 -3.4e+38 -3.4e+38 0.180020328611135 2.96474529306094 13.2256163704395 20.6759790229797 27.3731965637207 26.5788171768188 21.7500247573853 6.21089151382446 15.9650463485718 8.48050862312317 19.5015447616577 20.1192602539063 25.618981590271 26.6615468215942 28.3211775970459 32.1583922576904 25.2630826568604 23.2404925918579 14.7673272705078 9.69001300811768 8.28198541641235 11.0277848052979 16.8639229011536 22.9595613861084
-3.4e+38 -3.4e+38 -3.4e+38 -3.4e+38 -3.4e+38 -3.4e+38 -3.4e+38 0.419310281053185 3.13722734093666 2.94261529922485 4.39776825904846 3.87991159439087 3.60182728767395 3.54362968921661 4.81154823303223 5.10087743759155 4.6294243144989 8.04912317991257 13.6345681142807 3.58391413327895 1.94382019837697 1.7492693734169 2.80703926801682 3.37085983633995 11.4510409355164 6.22733344078064 13.2369558906555 11.4022266674042 6.50440227508545 15.2266449165344 27.3498991394043 18.9262937545776 9.8639977645874 19.7831335830688 15.2705255889893 32.4141135406494 33.0975164794922 36.5484571075439 24.3011715316772 23.9038925933838 18.3662713241577 17.3710401725769 6.51377388000488 9.75696897506714 7.38026016235352 17.3794998168945
-3.4e+38 -3.4e+38 -3.4e+38 -3.4e+38 -3.4e+38 -3.4e+38 -3.4e+38 4.31133444234729 3.49201143741608 3.57130970954895 3.29129085540771 5.28641550064087 5.0171376991272 3.25323082923889 4.16151997566223 5.96207955360413 11.7236724090576 16.6393881988525 6.80085236549377 4.37585365533829 6.42291128158569 13.3530402946472 4.20248555183411 4.36028940200806 3.57404279708862 21.3462104225159 9.7991618347168 11.2935741043091 10.7445902824402 23.0013391113281 27.953625869751 21.4498309135437 10.0171815490723 15.8977264213562 29.3597602844238 23.8357424545288 32.6534603881836 34.0814553070068 21.5289223480225 18.128195400238 24.932988948822 15.1753018760681 15.829914932251 20.2612007331848 10.8407913684845 7.40039312362671
-3.4e+38 -3.4e+38 -3.4e+38 -3.4e+38 -3.4e+38 -3.4e+38 5.36257792472839 4.67028553962708 3.48724458694458 3.95862758636475 4.10483039855957 9.6014927482605 4.50083497047424 2.9819918346405 3.60795827865601 13.449634513855 27.6393102264404 22.8381158065796 9.45001852989197 10.958481388092 11.1438705253601 10.9707465744019 9.82418302536011 8.22927614212036 9.98944869995117 19.9927568435669 13.6147316932678 15.2529519844055 12.8417568016052 26.2718980407715 33.2590607833862 23.9944957351685 9.16447595596313 7.01049066543579 17.6042552375793 29.6358055114746 27.7078783416748 30.3585464096069 19.8046277618408 7.63734605789185 20.2873358154297 24.1215167236328 17.5869562911987 17.2264499473572 27.8418599319458 26.8741016769409
-3.4e+38 -3.4e+38 -3.4e+38 -3.4e+38 -3.4e+38 6.6506369014581 4.81984186172485 3.71407532691956 4.30462285995483 4.11532709121704 8.65008452415466 11.1149124908447 5.10672968387604 2.69366606712341 3.17409264564514 6.26608627319336 18.0326322937012 28.9822192764282 20.2303664398193 20.9763993835449 16.9136074066162 11.4751505661011 14.7166093826294 12.1246728515625 13.3226815795898 29.351782989502 25.1002958679199 26.8428700637817 23.6755589866638 12.2267695808411 26.4152780151367 22.5185918617249 21.5357786178589 10.5578224086761 9.14557500839233 10.3450961494446 8.33618072509766 26.3288904190063 33.3017617797852 14.461513710022 11.1054367256165 23.7537631225586 22.4445496177673 16.6447643852234 20.5850138092041 35.5191730499268
-3.4e+38 -3.4e+38 -3.4e+38 -3.4e+38 2.88636336201116 8.52120231628418 4.9430969619751 7.80884767532349 5.67123279571533 15.0385583114624 48.4938136291504 35.8073305511475 8.11694904327393 2.64135140419006 2.63566795825958 3.59054370880127 8.73255209922791 18.0713892364502 30.8547901916504 28.4564764404297 29.4437704467773 19.9562250137329 25.708984375 17.0028012466431 15.7724744033813 18.0174395561218 28.3357331085205 33.5491018676758 29.9507764053345 19.6917778205872 36.2501801300049 24.7068818283081 26.2077537155151 9.86019703865051 32.5137153244019 34.5455123901367 23.4685870933533 27.0279387283325 32.1578762245178 27.776724281311 13.1432145690918 31.5598031616211 21.8938146972656 10.5296485710144 10.3763090133667 34.4885890197754
14.2525254998888 12.1134021622794 8.86522340774536 5.86407427787781 6.23538751602173 7.01422971725464 7.22302223205566 10.0482851791382 10.6448717689514 8.46920497894287 33.5230386161804 47.1786112213135 9.7424866104126 9.51380786895752 6.45078870773315 5.50159125328064 12.7725045013428 21.022828540802 24.6324353408813 28.829122505188 19.0458392715454 19.6116442108154 21.6609887695313 22.829619102478 13.5609819793701 26.1361541366577 31.3752239608765 27.0562495040894 34.4456541442871 24.1037826156616 38.6470504760742 37.0821063995361 21.1484696578979 15.3661842727661 34.8520462799072 28.9350395965576 24.7297667503357 32.8030832290649 20.1389211463928 35.095400390625 27.7601431465149 32.5057596588135 30.3330808258057 24.877958946228 8.98465518951416 21.6306611633301
6.23697984695435 5.60623823165894 5.65320198059082 6.18409969329834 6.10358991622925 10.6158589744568 7.20902297973633 17.8681568336487 14.375670375824 14.312574005127 18.4759878540039 12.4271884346008 7.68099067687988 8.2870825958252 12.5166991996765 10.8856407928467 44.5022970581055 21.6740047836304 31.2088752555847 25.2347283935547 13.85460105896 21.3466092300415 21.86718542099 22.782345123291 18.2621409225464 13.4298920249939 25.2152842140198 39.9532228088379 39.6926881408691 36.4312726593018 40.2764374542236 23.9427479171753 24.0508612442017 37.6955584716797 34.8786908721924 17.6518527603149 29.8709510803223 29.0417180252075 31.4501280212402 36.1078874969482 32.5219083404541 20.8991134643555 19.4637287139893 32.2618664169312 19.9534308624268 27.5111625671387
5.44011493682861 5.41918586730957 5.80963512420654 7.12427560806274 15.2676123809814 22.5163568687439 24.9945107650757 7.61570220947266 5.18569665908813 6.52910133361816 6.43304315567017 6.35031921386719 5.5631379699707 7.10587392807007 6.86127571105957 7.56603107452393 18.4121875762939 8.87122918128967 4.05141205787659 11.7646790218353 17.8033881759644 36.1491191101074 27.9506732177734 24.6529975700378 23.4358198165894 23.1858518981934 28.2456228637695 32.791003112793 32.8230629730225 43.1320802307129 42.2761933898926 21.426847076416 37.3604697418213 37.5996770477295 37.620404510498 34.0393143081665 38.1613650512695 36.9635934448242 38.0885697937012 37.8278665161133 37.5358058166504 15.503867225647 33.9170865631104 32.7193983459473 39.0701914978027 34.3184777832031
5.35750703811645 5.74400278091431 10.3911157989502 15.6607652664185 25.1570329284668 28.0425156402588 28.1132530975342 9.25762319564819 5.76507596969604 7.18344436645508 6.65839513778687 7.75081619262695 5.58390668869019 7.40830684661865 7.28780889511108 7.44048194885254 6.87660503387451 5.7682671546936 8.93943261146545 3.73816504478455 11.0436791992188 15.5553714370728 14.6664965820313 16.3923062705994 16.2476164245605 23.9941899490356 30.0884365844727 30.6485199356079 33.0084600448608 43.1307036590576 42.4384770202637 32.4056836700439 39.2194876861572 38.42819190979 35.5471155548096 41.0184317016602 41.2280667114258 35.8120444488525 35.5449183654785 35.9993019104004 21.1071220016479 31.6930920791626 29.3926249694824 39.0126679992676 37.1451527404785 37.1400439453125
8.71965858459473 7.69645990371704 17.1045789718628 17.5906093597412 30.3487410736084 15.4730615615845 14.9660332679749 10.2280829238892 11.9550209236145 7.45912591934204 9.86719665527344 6.18840721130371 5.32803091049194 6.83466747283936 8.13177217483521 9.3843185043335 6.21086673736572 7.20407936096191 6.42972078323364 10.6798609447479 5.66546091079712 8.07581678390503 8.88524074554443 9.04155807495117 13.5628266906738 13.9052883720398 28.2182053375244 22.4804477500916 13.9594135284424 30.1110266494751 45.5474976348877 40.7969689178467 35.388620223999 28.3473416900635 33.0442030715942 28.1207329940796 30.9248453521729 37.3608695983887 37.2111468505859 27.5987083053589 23.7235498428345 30.965334777832 40.448839263916 28.2325839996338 28.8140096664429 33.7145373535156
17.9844738769531 9.62650009155274 14.5445748138428 27.3019693756104 31.0446745300293 17.0749277877808 16.3583199310303 17.8666411781311 25.8332204437256 9.0571800994873 7.68727787017822 6.06437713623047 5.1662349319458 5.65399044036865 7.83684425354004 13.0242053413391 8.69224536895752 5.72150493621826 5.56425926208496 6.58179176330566 11.5036159133911 11.3457796287537 16.7084899139404 9.34723924636841 6.07068307876587 7.31079469680786 9.64259334564209 6.14463322639465 11.6684914398193 12.4179679298401 16.1184767532349 41.6931597137451 44.1160179901123 40.8000597381592 33.4351027679443 46.8333749389648 42.0432601928711 36.7535646057129 23.8014490509033 22.3744532394409 27.2682176208496 39.2926111602783 40.5478125 32.4578824615479 23.160447769165 23.267946434021
14.0603867912292 26.7555305480957 18.6430527496338 33.5085754013062 32.2590325164795 22.724931640625 28.3666875457764 27.4232060241699 17.4700831604004 10.2696496963501 7.57107040405273 6.20730785369873 5.72192729949951 5.65933082580566 7.37432916641235 8.02118871688843 7.04201629638672 4.9789658164978 5.49116548538208 5.58469663619995 6.67685726165772 5.98780406951904 5.9975842666626 11.5191004180908 9.27014310836792 8.48796161651611 6.71189664840698 9.21321592330933 11.2287548160553 4.74385042190552 9.32082273483276 12.972524394989 40.0459838485718 35.1577891921997 36.7663618469238 40.9969017028809 35.4787602233887 12.7624548149109 19.940143661499 17.2773085021973 19.5961085891724 23.2106636810303 17.0094269371033 15.0822408485413 6.3381032371521 6.05236532211304
