Rasters_5km/CoarseFrags_Res5km.asc
NCOLS 161 
NROWS 96 
XLLCORNER 210004.651214014 
YLLCORNER 7345008.22228844 
CELLSIZE 5000 
NODATA_value -3.4e+38 
[rows 21 to 41 of 96, columns 46 to 91 of 161]
-3.4e+38 -3.4e+38 -3.4e+38 -3.4e+38 -3.4e+38 -3.4e+38 40.3071482522147 36.6277457237244 -3.4e+38 -3.4e+38 -3.4e+38 -3.4e+38 -3.4e+38 24.6998266073374 -3.4e+38 35.2453793612393 -3.4e+38 -3.4e+38 -3.4e+38 -3.4e+38 -3.4e+38 -3.4e+38 -3.4e+38 -3.4e+38 -3.4e+38 -3.4e+38 -3.4e+38 -3.4e+38 -3.4e+38 5.46767822555874 9.02965629577637 15.2754265594482 14.1303189659119 5.43040069580078 4.93281051635742 4.96917840957642 5.7533385848999 6.48281332015991 7.13674406051636 7.10481683731079 6.36399251937866 6.29149230957031 6.5757165145874 11.3822618293762 11.0816761207581 9.73821044921875
-3.4e+38 -3.4e+38 -3.4e+38 -3.4e+38 -3.4e+38 35.9462782541911 23.8457097625732 10.8496304905933 -3.4e+38 -3.4e+38 -3.4e+38 24.5368682656969 37.9067554473877 39.4385259246826 37.5648244476318 16.428055267334 -3.4e+38 -3.4e+38 -3.4e+38 -3.4e+38 -3.4e+38 -3.4e+38 -3.4e+38 -3.4e+38 5.70359597035817 -3.4e+38 -3.4e+38 6.79671292834812 4.698965883255 7.80503567695618 15.2704061889648 13.4652091407776 4.99447094917297 4.78937808990479 4.92625875473022 4.65111440658569 5.43427154541016 6.36732902526856 8.3404522895813 8.74018232345581 9.32284416198731 7.26363538742065 7.13634424209595 9.98565677642822 7.40360769271851 20.4589656448364
-3.4e+38 -3.4e+38 -3.4e+38 -3.4e+38 3.82409572601318 5.05989274978638 10.3104023361206 12.8837818145752 26.2520689169566 36.5671055442409 12.0231373206429 20.3823754024506 28.4867308425903 40.8623438262939 21.5711489963531 20.2858602714539 17.5100846290588 7.82659281383861 3.31323005471911 -3.4e+38 2.87602519989014 4.330343910626 5.31207597255707 3.54634135246277 6.22699320793152 5.97417036056519 8.81808654785156 7.09434345245361 7.62344964981079 15.3015368652344 25.4437790298462 13.5982747459412 4.3002839756012 4.64645278930664 4.7762060546875 4.92995212554932 6.44971387863159 6.07685308456421 7.94361310958862 10.2813393592834 16.247806224823 13.2549211883545 7.50192022323608 19.5147082138062 12.5018022155762 11.3108296775818
-3.4e+38 -3.4e+38 8.21225964546204 5.11396402359009 7.33732992172241 9.70432688713074 14.1881469726563 23.2186995220184 24.9161224555969 18.4210014915466 5.11663508415222 21.0616868400574 37.2061381530762 19.8833153343201 32.4730555534363 11.4172855758667 11.1870858001709 6.61793274879456 6.08957215309143 3.18703092098236 5.84957856178284 6.7523379611969 8.36355155944824 7.50494693756104 7.10992586135864 5.65654772758484 8.28843088150024 6.06892128944397 11.3390073013306 34.9103747558594 30.6919985961914 7.95679957389832 4.122317237854 4.50129088401794 4.81471425056457 5.77947200775146 5.91579442977905 6.5443677520752 7.30001440048218 11.1657573890686 5.77437273025513 10.5665312385559 26.6127042770386 20.4039293670654 11.2155181884766 13.0609056472778
-3.4e+38 9.55573879679044 4.98008897781372 5.33318463325501 8.68503007888794 17.5664020824432 39.1250580596924 22.1839521980286 21.8471749687195 22.1261760520935 28.4583746337891 44.3805030059814 25.5381450080872 37.3623009490967 32.5416829872131 38.4512084960937 37.7648654174805 4.53779656410217 4.11995124816895 7.88290267944336 6.42620953559875 5.12834539413452 3.291801404953 2.74010254859924 5.09087279319763 5.37848188400269 7.93324249267578 7.66562358856201 10.3229518890381 16.9227944946289 36.4459841156006 16.029003944397 5.33704386711121 5.98186389923096 7.21969900131226 4.59382212638855 5.60498941421509 6.6149315071106 7.45846277236938 13.572328338623 5.76590101242065 9.12525299072266 18.4442618560791 16.7465626144409 23.8530257034302 16.2633031654358
16.3626815223694 9.0870386505127 4.49884469985962 9.49642918586731 23.5999351119995 20.0707539367676 13.6349360752106 18.7285580062866 34.4012089920044 41.4196715545654 39.1588269042969 39.0414234161377 20.8957314109802 35.3922840499878 32.854615650177 9.15996917724609 9.81823825836182 5.71502035140991 3.9575369644165 3.72993829727173 2.31325808525085 3.46108437538147 3.10020956993103 2.26910412311554 3.85123971939087 6.04215188026428 6.17693494796753 14.4338446235657 35.9427132797241 35.8318535614014 52.4370657348633 31.9137820053101 6.3601083946228 8.30444826126099 9.35409002304077 7.54916004180908 6.81236064910889 15.5031481361389 10.439413433075 12.6691133499146 6.34708236694336 7.95066282272339 6.26740188598633 7.4774151802063 21.1734608840942 9.84661554336548
24.8825853919983 4.83914246559143 3.03395104408264 4.90751550674439 6.82085857391357 7.66865121841431 8.49054847717285 9.63633943557739 25.6191419696808 27.4069367218018 30.9906840896606 29.6170541381836 35.4613115692139 28.5503233528137 30.694569311142 44.2713554382324 46.1318144989014 38.5715225982666 39.7386419677734 10.0717220973969 2.56692818641663 11.6184588813782 16.6002597236633 9.15054794311524 5.75364698410034 7.27617233276367 12.6423630714417 26.3605125045776 50.4254754638672 32.2069134140015 41.7403231048584 14.4057111740112 7.98914329528809 7.7345685005188 12.3314109230041 14.8061350822449 13.391863193512 24.4712443351746 11.1792495536804 19.2157287788391 8.76470001220703 6.74948259353638 9.08907676696777 16.869566783905 9.09028814315796 12.4452371025085
41.6499360656738 34.3374559020996 19.9570723628998 10.3360892105103 8.20391187667847 6.80929067611694 6.7647127532959 11.9728293609619 19.0174641895294 38.8766066741943 40.477367401123 43.4196553039551 53.2040321350098 48.2812303161621 38.6711894226074 45.807283782959 50.7944985198975 49.0566902160645 35.752871055603 34.2365284729004 12.7274261760712 12.4610869026184 27.3153610992432 21.777995223999 15.139454498291 24.7092236328125 35.5916126251221 36.255520401001 30.514262046814 23.8573625564575 15.3068538093567 6.60396190643311 7.79490476608276 7.64449459075928 10.9074360656738 10.1630660438538 12.3019376945496 10.5033485412598 27.1573965263367 11.8179243087769 11.1943979454041 15.4721457862854 12.8681906700134 7.47097156524658 6.63160734176636 8.94223529815674
41.6714492797852 42.7597766876221 42.2718818664551 41.0746346282959 28.844827671051 16.2587494087219 14.9139801120758 21.0145161247253 11.4987376213074 34.7482134628296 45.2084941101074 45.5400946044922 46.6840356445312 40.3274182510376 47.8968062591553 42.0381803512573 31.2369839477539 30.3877424621582 32.9922644424438 26.3841208648682 8.07164423942566 25.1873852348328 32.24180809021 33.0329503250122 21.5899635314941 36.0604153442383 38.6418898773193 22.0509363937378 9.99448312759399 30.5757867431641 19.7528813743591 17.1645392227173 13.5864710235596 16.3170029449463 27.1887685775757 15.2832292747498 9.14364456176758 18.8163789749145 15.6823947143555 19.5832335090637 14.4836649131775 8.26857042312622 9.35839445114136 8.06782587051392 7.60435199737549 8.72606216430664
48.6482443237305 51.7128141784668 47.0851262664795 19.1252429294586 18.3446608543396 31.553239440918 23.0482695007324 20.2795645141602 4.57524396896362 21.6971920013428 36.7523378372192 40.8956740570068 45.3136710357666 36.2095322418213 27.4584130477905 17.8169548988342 23.3703820800781 43.1277984619141 37.8927169418335 24.2249955558777 6.7509191608429 5.34345229148865 24.9634901046753 48.6149462127686 36.5516132354736 26.5459401321411 21.8365539169312 7.24429733276367 14.0735967826843 47.7556629180908 22.3153940582275 29.9045408630371 22.5873714256287 16.9878749656677 14.8453579330444 23.3240698623657 18.6486047363281 20.1024797821045 11.2498833656311 8.71953907012939 13.9367324066162 15.0582362556458 23.332625617981 18.2079716110229 14.4694450569153 9.43127820968628
46.5569689941406 43.7872090148926 45.3272794342041 42.0097595214844 40.5027185058594 26.2905523681641 44.0700006103516 39.6001323699951 22.7326414680481 32.7831990432739 44.9137735748291 44.8720182800293 43.6591735076904 47.4366329193115 27.1817750549316 33.1584377861023 31.2381436920166 48.6203325653076 46.7322314453125 48.6929725646973 10.4726860141754 20.8137279891968 42.5921644210815 45.9834700775146 36.7255470657349 28.9419547653198 22.9901863479614 7.68052898406982 22.603023223877 32.9563151931763 28.0085205459595 23.9092805099487 21.667562789917 31.4366405105591 15.2581582260132 24.9620720481873 14.5089264297485 25.7206316375732 21.3251862716675 8.63510751724243 9.26716037750244 9.492981300354 22.7441064453125 30.0242778396606 22.0396609115601 14.053318939209
52.0495600891113 49.4649385070801 45.6815930175781 47.7432308197021 43.8441021728516 48.7316885375977 51.3493714904785 46.6890425109863 41.2139266204834 20.8366670799255 37.2025217437744 48.2354582214356 40.8284065246582 41.6759224700928 24.2282376098633 26.5019134521484 24.1125125694275 46.5304600524902 50.5000563049316 37.0564129829407 6.80454129219055 18.9707837486267 29.9367497825623 40.5330208587647 45.2967469024658 43.2474516296387 47.0603691101074 14.515947265625 11.401432723999 10.8684568595886 17.4126642608643 22.7155578231812 18.2683499526978 18.9458361434937 30.111319770813 32.1044501113892 28.8527072143555 41.1745904541016 23.4315414047241 19.867812538147 31.8762347602844 34.7765022659302 14.5701204299927 10.6793977737427 10.6967135429382 13.4067426109314
46.2422548675537 33.6302081298828 38.103962020874 42.9012187194824 47.5360850524902 46.0866882324219 35.9371761322021 39.4446957397461 36.8811812591553 38.7965900039673 46.2954481506348 46.8999201965332 52.7750673675537 47.766796875 39.4224279785156 34.7426508331299 19.8319756698608 46.6919259643555 44.2316191864014 26.3941480827332 10.4434047603607 5.80374619483948 21.0071681976318 49.6668450927734 47.4466108703613 50.3356391906738 43.6734743881226 12.4853712463379 6.08259607315063 16.6345415687561 30.8866312408447 30.0021098327637 23.0783305358887 27.4843402862549 35.37881690979 42.9513134765625 37.1294743347168 50.8821714782715 45.2049014282227 36.687424697876 32.5149687957764 13.8271487045288 9.619420337677 17.1420058822632 16.9307148361206 27.6520806884766
42.2984789276123 36.702786064148 35.3871544647217 31.8043087005615 36.4899586486816 27.9352503967285 24.5624173736572 34.3623450088501 34.7073624420166 45.4337866210938 44.5612990570068 30.4230292510986 44.0703071594238 44.1014594268799 37.5326397705078 39.7907078552246 34.6554798126221 34.35682056427 26.8707846546173 4.23903156757355 3.68960606575012 23.7820847892761 34.1987047958374 42.0600191497803 43.6024482345581 45.7168628692627 44.9063666534424 7.77267355918884 3.90746021747589 10.7786911821365 21.9155959320068 16.3103606414795 17.1137150192261 27.8801164245605 39.4932975769043 44.0060948181152 38.9114904785156 52.2226615905762 35.119949798584 34.2153221893311 21.7739486694336 12.2541589164734 13.3272737503052 26.9988796234131 29.5942375183105 36.4078230285645
45.6508106994629 48.0123675537109 36.8780906677246 34.6223336029053 36.099211807251 42.4847635650635 43.3148143005371 31.2216117095947 29.2638380432129 34.3506591033936 35.2738273620605 39.4694995117188 35.9717339324951 41.0600840759277 39.4552950286865 43.5942784881592 46.1225693511963 22.4460800743103 4.42327028751373 3.55615883827209 3.13137391090393 33.9535656738281 41.2931732940674 23.1122650146484 13.8022555732727 37.2959574508667 45.9350230407715 27.403160238266 2.14103188514709 4.98465476989746 11.7003746986389 22.1020475006104 38.0982441711426 42.773899230957 35.7616291046143 32.6936297225952 38.4843454742432 39.3327027130127 26.8338185119629 22.44014087677 18.6594529342651 15.4114679718018 17.1529092407227 27.7345938110352 36.250126953125 37.6088059234619
49.447946472168 51.4102801513672 49.9386325073242 43.4849336242676 38.3021503448486 32.7455401611328 33.0952782058716 34.2529238128662 35.0519246673584 31.4571408843994 28.088330039978 37.3105897521973 33.0359310913086 45.399959564209 31.7347841262817 34.761431427002 44.9211315917969 22.7121385765076 4.0315073299408 7.96489066123962 7.12735684394836 40.7075305938721 35.805623550415 34.1580221557617 40.3399935913086 32.3537277984619 35.223991355896 39.3512892532349 17.28300385952 14.8379475784302 13.0993231105804 38.6206911849976 50.7545503234863 40.4517070007324 40.643277053833 32.4589621734619 43.9135901641846 21.9316494369507 16.4261772537231 24.0900818634033 23.293056602478 16.7206868743896 24.3923533630371 37.1499840545654 39.7138670349121 33.8883290863037
45.2569358825684 44.1339177703857 44.2761150360107 43.8786213684082 39.9622100830078 31.264227142334 28.3992937469482 20.6519893264771 16.6953642272949 17.4925971603394 13.1877270317078 14.8445820617676 19.5864516067505 29.5339089202881 21.9980155181885 23.3223281097412 40.5204344940186 43.5300276947021 32.5255080986023 31.0324183654785 35.7823360824585 50.0338896179199 48.9710619354248 43.5035345458984 37.5010729980469 43.5892446136475 45.7077340698242 40.3300732421875 39.8894705963135 31.4616809082031 33.3376992034912 28.3144155693054 46.1264344024658 44.7437031555176 37.0511029052734 37.3733554077148 33.1796585464478 21.2725807571411 16.8329211425781 24.3411867904663 38.2091696929932 25.1522241973877 25.4015887832642 33.3760243988037 37.4643077087402 33.8550296020508
47.4265019226074 44.9090899658203 41.494828338623 36.8077854919434 26.5978608703613 19.6131899642944 15.1403242874146 8.88701383590698 7.68414371490478 8.56411742210388 9.78778648376465 9.85278728485107 14.3800973129272 14.8332818412781 15.4554772567749 24.1927105712891 32.9696510314941 41.9665740966797 45.0528086853027 41.5127634429932 40.8866988372803 37.4058850097656 45.5582912445068 39.5574032592773 35.2330698394775 33.7657778930664 45.1407420349121 39.4405009460449 37.1874610137939 37.6881811523438 40.5059733581543 26.1088299942017 37.9189373397827 43.9370110321045 49.3188919067383 35.0088558959961 41.3051668548584 39.2812451934814 32.0961223602295 29.1616233825684 27.6018732833862 22.90689868927 22.7574975585938 32.7735469055176 36.8899627685547 37.2790971374512
38.637532043457 31.8817891693115 35.7216956329346 43.728762512207 37.8887763595581 30.9263703536987 19.7723833274841 32.5649249267578 19.3354020500183 14.9666494560242 14.8935006523132 15.0873830032349 16.3362886238098 22.1783869934082 24.5359801101685 25.7561708068848 26.4395054626465 28.2790863037109 32.2220790863037 27.9262865829468 26.5679201507568 22.5138577651978 29.5158326339722 32.2578202056885 39.9483893585205 42.3615249633789 39.86376121521 31.1260474395752 30.5184910583496 39.4235891723633 36.7374620819092 38.2783068084717 44.0527603149414 44.092925567627 46.1452840423584 38.1222631835938 38.7122364807129 39.0411065673828 38.3490672302246 28.9493056488037 24.3814488983154 18.5353956604004 17.498077507019 17.2849349212647 25.7546926116943 34.1953778839111
45.52775390625 38.0381452178955 24.2510919189453 38.2858999633789 42.1297724914551 35.3060079574585 40.9541068267822 28.7181356811523 23.7619305992126 39.3274023628235 44.2345383453369 40.1238315963745 32.4684828948975 38.0566844940186 34.9533180236816 43.3935427856445 38.0318321228027 38.4182123565674 35.2012958526611 39.9531697845459 40.4266026306152 30.3816046905518 29.8075877380371 30.4155249023438 39.1971164703369 31.8348950195312 36.472751083374 30.624557723999 31.9855182647705 36.8480834197998 46.2079727935791 44.3031508636475 45.4311303710938 47.3104559326172 40.4908609771729 27.8897361755371 25.9306340408325 37.4310800933838 34.346496887207 39.1277239990234 29.8947993469238 25.2468537139893 18.776353225708 16.9729387283325 18.1928438568115 23.1791130447388
33.5491925811768 36.9989353179932 33.4616288757324 33.4876780700684 33.6588955688477 33.0507614135742 37.9374394226074 37.5600904846191 38.7111596679688 38.3411373901367 38.9651184082031 42.9159217834473 52.6712823486328 54.7701475524902 48.4529026794434 37.2475720977783 41.2443759918213 41.9568005371094 42.2805486297607 39.3550367736816 27.421805229187 34.7370735931396 40.4338572692871 34.9502458190918 31.8864604949951 31.7870275115967 39.2978367614746 36.1938709259033 40.6232900238037 33.6898943328857 43.5334967041016 45.6156878662109 47.1565516662598 43.992886428833 42.2846287536621 35.0404838562012 26.6821224975586 37.8207194519043 34.3047074127197 36.4484373474121 30.761000289917 28.7934703826904 18.8033589935303 18.0796968078613 17.8133150100708 15.7452373504639
