Rasters_5km/Sand_Res5km.asc
NCOLS 161 
NROWS 96 
XLLCORNER 210004.651214014 
YLLCORNER 7345008.22228844 
CELLSIZE 5000 
NODATA_value -3.4e+38 
[rows 63 to 83 of 96, columns 0 to 45 of 161]
-3.4e+38 71.0115787506104 75.5779968261719 82.7355847167969 82.4829962158203 84.7029388427734 83.1744125366211 83.4213800048828 85.9541619873047 83.1139373779297 81.7285662841797 81.9327835083008 74.6971170043945 79.6047308349609 69.035665435791 59.0481053161621 53.2190101623535 54.3123001098633 52.7883262634277 51.9856716918945 54.746900177002 63.3711892700195 74.8689288330078 78.6439401245117 71.343712310791 73.3887805175781 77.3890612792969 76.878955078125 79.0791262817383 79.3421591186523 73.1252917480469 75.4131585693359 75.3386288452148 80.3950881958008 78.6519854736328 76.2597402954102 75.0200631713867 74.8382983398437 72.4339431762695 68.5215478515625 69.1962475585938 70.3211923217773 71.7008645629883 72.2865127563477 69.2609765625 69.3339462280273
-3.4e+38 73.3577417226938 75.4209524536133 83.6771780395508 83.1607153320312 84.8575955200195 85.068508605957 83.5501446533203 83.7553219604492 82.5536437988281 85.0229052734375 86.0974237060547 84.8843496704102 85.4996701049805 83.7495013427734 76.0817166137695 68.9816424560547 63.726131439209 58.2221293640137 59.0754837036133 67.6206292724609 71.1106921386719 67.7324787902832 73.3717031860352 74.5072254943848 78.6871475219727 76.9503509521484 76.5862200927734 75.2392294311523 76.4291024780273 74.5793197631836 77.9227432250977 83.2600961303711 80.3546405029297 77.061164855957 75.4868707275391 75.4883950805664 74.4855502319336 73.2226025390625 69.5053704833984 69.6273498535156 69.3355847167969 68.62720703125 69.938772277832 68.4340698242188 70.0299526977539
-3.4e+38 73.6176177978516 76.057981262207 86.5000646972656 85.6894247436523 86.3953713989258 86.6351116943359 85.1350543212891 81.4944235229492 82.8685974121094 84.5467907714844 84.8660845947266 86.3659127807617 87.194658203125 85.6910623168945 83.1990518188476 85.2723229980469 83.0056137084961 82.2419241333008 83.6112683105469 80.1182846069336 78.0639324951172 81.6334030151367 81.6800897216797 78.5812353515625 78.1422137451172 76.9960095214844 74.6880828857422 76.963254699707 76.5828036499023 75.4168872070313 75.4477032470703 74.2813241577148 74.1883636474609 75.4215835571289 75.3041387939453 75.0588519287109 74.1133142089844 73.9954064941406 69.9009310913086 70.0856112670898 68.2253652954102 68.9735467529297 70.2267959594727 69.4035333251953 69.943283996582
-3.4e+38 75.1756622314453 77.6441125488281 89.7662991333008 89.1263198852539 87.3306469726563 86.159260559082 81.9455014038086 82.0240957641602 84.3425823974609 83.3387194824219 82.7110189819336 83.6727322387695 87.2513043212891 86.6549465942383 81.322451171875 82.7155258178711 82.7029843139648 81.3454956054688 83.7119805908203 83.264694519043 78.7846932983398 80.7424102783203 78.9911209106445 79.2322872924805 79.8479861450195 77.6027960205078 72.3335177612305 75.0145355224609 76.4257275390625 76.7156951904297 76.2246966552734 74.7065802001953 76.2741952514648 77.0375354003906 74.0876229858398 74.2560403442383 73.5533819580078 72.9736666870117 72.2765310668945 72.0346310424805 70.7439492797852 67.3626361083984 67.216904296875 67.7923239135742 70.5987588500977
-3.4e+38 73.1700553894043 76.6819735717773 82.9965866088867 87.8764660644531 82.0199057006836 82.7405969238281 81.4961050415039 83.5004772949219 83.3414028930664 82.3526037597656 82.1317340087891 84.3017672729492 86.081298828125 86.561516418457 84.7073892211914 84.0832046508789 80.9988729858398 80.489934387207 81.2134796142578 78.7837240600586 77.6676657104492 75.0304064941406 76.9847256469727 80.3239987182617 80.5900991821289 77.5869717407227 74.7728637695313 75.9790505981445 76.9092260742188 76.2464974975586 75.9580545043945 76.0368246459961 73.8082800292969 73.9725442504883 73.4074255371094 74.7704364013672 73.925966796875 71.6140097045898 72.1961465454102 72.6426553344726 73.026181640625 72.329543762207 68.7544708251953 66.8621182250977 66.9421255493164
-3.4e+38 71.4626913070679 75.0543356323242 78.7300341796875 83.8385516357422 82.7000091552734 83.7156127929688 85.1857119750977 84.2165264892578 82.9607763671875 81.8158694458008 84.3029852294922 85.0184286499023 86.3353662109375 86.5843991088867 85.0423977661133 84.0417315673828 81.3251165771484 80.1707641601563 77.6659460449219 78.4074514770508 73.6998110961914 73.5872232055664 72.9251904296875 78.6818643188477 78.562991027832 76.7303155517578 73.982229309082 73.5976315307617 78.1518878173828 76.9257357788086 76.6832299804688 73.4412005615234 73.3026635742188 75.4198513793945 73.1560827636719 71.9957638549805 72.2609848022461 71.0263809204102 71.9150076293945 72.2720593261719 72.7733099365234 73.1478594970703 69.4988433837891 69.6641711425781 69.6385897827148
-3.4e+38 74.5250473022461 74.8566720581055 81.5183251953125 85.3249533081055 86.0052737426758 87.2854782104492 87.2143920898438 82.6712091064453 82.1187451171875 85.0268768310547 86.4087167358398 86.7720147705078 87.0547650146484 86.4303161621094 84.7444311523438 84.3336947631836 84.5189364624023 82.5286511230469 78.4251397705078 74.4637033081055 72.6388729858398 72.579045715332 76.9826596069336 76.7680209350586 78.7074267578125 76.5693106079102 77.5054699707031 73.5474374389648 74.9283471679688 76.0690072631836 76.6753240966797 74.2196868896484 75.4525183105469 74.7217590332031 72.0006842041016 72.1178179931641 71.8435604858398 71.5762338256836 71.5613229370117 72.0312603759766 72.5870571899414 73.4284045410156 74.0024783325195 72.1921383666992 71.0126788330078
-3.4e+38 73.0621719360352 74.2280364990234 82.6073483276367 87.0617282104492 84.2786413574219 86.2484954833984 84.5048043823242 82.5602545166016 82.9710104370117 85.899465637207 85.7075531005859 86.8531289672852 87.0338766479492 85.8354025268555 84.3717611694336 82.9955368041992 79.2545208740234 76.9762231445312 79.3891885375977 74.7795455932617 73.3330346679687 71.9432305908203 74.6629205322266 74.3458709716797 72.3912518310547 77.122922668457 77.4215737915039 74.1165292358398 74.6133148193359 72.9036404418945 78.2966213989258 75.3187271118164 74.5671615600586 74.2475323486328 73.5847634887695 73.0847647094727 71.76361328125 71.5839434814453 71.2507397460938 71.9377700805664 72.0427651977539 72.7627124023438 73.7022137451172 72.8992044067383 69.2496893310547
-3.4e+38 -3.4e+38 77.3673709687733 81.8581771850586 87.5871835327148 86.5179028320313 83.9037423706055 84.3313116455078 84.242731628418 83.123623046875 85.2829922485352 86.3951672363281 87.0011773681641 87.1638763427734 85.7283666992188 83.0570962524414 79.7559869384766 77.1097711181641 74.8475247192383 75.0952047729492 73.5248291015625 72.7659573364258 73.564697265625 73.3775717163086 75.1670202636719 73.922370300293 73.5431100463867 77.4967816162109 75.9863046264648 76.2730920410156 70.2824014282227 76.1412530517578 78.0322808837891 74.2536306762695 72.524114074707 72.8996408081055 73.1710092163086 71.8182843017578 71.770498046875 71.5950860595703 71.4548071289063 72.0788955688477 71.893991394043 72.8093276977539 73.7035000610352 73.2909423828125
-3.4e+38 -3.4e+38 82.06562096732 83.6127548217773 85.2211868286133 85.0747705078125 84.3794387817383 84.0291091918945 84.4706854248047 85.1700805664063 85.1402996826172 85.8204800415039 87.0405368041992 86.9080093383789 86.7792691040039 83.7354223632812 81.2524331665039 78.8878942871094 75.2010018920898 75.5692568969727 74.4224060058594 74.2815960693359 73.3911041259766 75.7827111816406 77.4389639282227 78.7728726196289 72.8972665405273 73.3344387817383 73.8835473632813 74.3739559936523 70.7887329101563 73.7641775512695 81.6863290405273 75.1309509277344 69.7708038330078 69.4711233520508 69.1086694335937 74.3243728637695 72.7065771484375 70.9541879272461 71.3861309814453 71.4728457641602 71.9039208984375 72.6084283447266 73.3870562744141 73.7158636474609
-3.4e+38 -3.4e+38 85.3319178989955 85.3980700683594 84.5213500976563 84.4781903076172 84.0863912963867 84.1214419555664 84.4603268432617 85.8030969238281 86.8789889526367 86.5881341552734 86.5200006103516 86.6346075439453 86.1341101074219 85.0426538085938 83.8284042358398 79.2372863769531 76.2310180664062 77.6657250976562 76.1519515991211 74.9697424316406 73.0583181762695 73.5652847290039 72.431608581543 76.0461666870117 74.827043762207 73.1232067871094 74.0053524780273 72.0300732421875 70.2134231567383 70.5296484375 73.4135568237305 78.3454089355469 69.8350378417969 69.9922680664063 69.6707141113281 70.5221748352051 75.3199118041992 70.4503167724609 70.9567938232422 69.6868359375 72.4125988769531 73.3796490478516 72.8816482543945 71.6795120239258
-3.4e+38 -3.4e+38 -3.4e+38 84.3658354386039 84.3699716186523 84.3102548217773 84.3208407592773 84.226462097168 84.1879177856445 85.7419122314453 82.1143295288086 86.2600491333008 86.6926858520508 84.7413882446289 86.1152786254883 85.7615957641602 84.6782955932617 82.1980563354492 80.0233715820312 79.3122741699219 79.3572030639648 76.8031750488281 74.8320263671875 73.1753948974609 72.7855554199219 73.7043475341797 73.2183169555664 73.5583206176758 72.9751742553711 73.3273016357422 70.021901550293 70.7925439453125 69.9560916137695 72.4867254638672 72.999033203125 70.296321105957 70.0463162231445 70.2306100463867 73.2513421630859 69.158298034668 70.5483715820313 70.9071786499023 70.1143273925781 72.4740759277344 73.3738186645508 72.8319009399414
-3.4e+38 -3.4e+38 -3.4e+38 80.6797227125901 79.7789736938477 81.6464309692383 83.3511340332031 83.6440832519531 79.4052377319336 82.0350131225586 82.6556622314453 86.1188046264649 87.1824783325195 85.3052139282227 85.5356799316406 86.799626159668 84.6967831420898 83.0795504760742 82.5182083129883 82.9378701782227 80.8343304443359 77.112294921875 73.6662246704102 74.2384692382813 74.9864739990234 73.3953436279297 73.0558129882812 73.2179193115234 72.7306008911133 72.6885559082031 71.6359945678711 69.5911138916016 69.7774496459961 70.3435406494141 69.7871292114258 70.5365502929688 70.1826132202148 71.0273675537109 71.4696942138672 73.1548474121094 70.9106295776367 70.9534289550781 71.26060546875 71.0608587646484 73.0464181518555 72.8622204589844
-3.4e+38 -3.4e+38 -3.4e+38 77.7093544006348 79.0929876963298 79.8270642089844 80.1636224365234 80.0741653442383 70.4801373291016 82.3866018676758 82.5688137817383 83.7348721313477 87.4052456665039 85.8199087524414 84.4272048950195 84.6561956787109 85.038567199707 83.5873315429688 83.3360394287109 81.7463922119141 81.0000866699219 79.2827673339844 78.035573425293 75.5037957763672 75.2004107666016 73.0441848754883 73.3007733154297 73.1014306640625 72.4393597412109 73.620690612793 74.2338516235352 70.1141885375977 69.6204598999023 69.5781567382813 70.4697912597656 69.644606628418 70.2454663085937 70.6664370727539 70.612903137207 69.2039248657227 73.1445428466797 69.4516363525391 71.7561975097656 71.0142883300781 68.1139790344238 72.6411349487305
-3.4e+38 -3.4e+38 -3.4e+38 -3.4e+38 80.4746355329241 83.5274844360352 82.4655047607422 81.5921096801758 82.4284094238281 82.3506402587891 82.1289962768555 84.3734854125977 87.6389166259766 86.2666226196289 84.0511190795898 83.8135336303711 86.2727731323242 83.7027871704102 83.492507019043 82.39896484375 82.2142776489258 82.0299520874024 79.6732818603516 76.5524737548828 72.9453521728516 72.5617864990234 73.4227737426758 73.7854577636719 72.6064144897461 73.4499697875977 75.9799822998047 74.2515719604492 69.6084991455078 69.4692822265625 70.0943804931641 69.9591879272461 70.0227639770508 70.0642965698242 70.5979794311523 69.7170239257812 70.9218676757812 71.5101834106445 71.2350378417969 71.2427899169922 68.3955651855469 69.5297943115234
-3.4e+38 -3.4e+38 -3.4e+38 -3.4e+38 83.5367965698242 83.877628326416 84.2943228149414 82.8510021972656 82.3302444458008 82.6840478515625 82.0032778930664 83.1925839233398 84.2979901123047 86.8673623657227 84.3039990234375 85.6768090820313 85.9418453979492 82.8781195068359 82.1080151367187 79.7445513916016 82.3280715942383 81.1249548339844 77.8216903686523 77.7795416259766 73.2039440917969 72.743649597168 72.5683612060547 72.485325012207 73.3207192993164 73.1973760986328 77.5686157226562 78.5501498413086 70.7847012329102 69.0165603637695 69.2989935302734 69.9414883422852 69.6498370361328 69.5000665283203 70.0944293212891 70.4168615722656 71.2187390136719 70.6778167724609 70.4103244018555 70.9487078857422 70.6140106201172 69.4610116577148
-3.4e+38 -3.4e+38 -3.4e+38 -3.4e+38 -3.4e+38 84.4188262939453 82.5866772333781 82.9553305053711 83.4610266113281 83.7241394042969 83.2453530883789 81.0007727050781 80.9544659423828 85.2755307006836 84.7967736816406 85.2835882568359 85.1069869995117 83.1775973510742 81.00650390625 77.9843829345703 79.7324200439453 79.1396786499024 77.4093878173828 79.5456396484375 75.0838168334961 74.9627618408203 74.1911950683594 73.8460437011719 73.1832211303711 71.5457550048828 77.1178768920898 77.8120001220703 73.347331237793 70.1352111816406 69.8471011352539 69.9354217529297 69.7379916381836 69.7070086669922 70.0347994995117 69.2286303710937 70.6564569091797 73.4075854492187 71.1218859863281 72.0060641479492 71.3589755249023 70.4821380615234
-3.4e+38 -3.4e+38 -3.4e+38 -3.4e+38 -3.4e+38 -3.4e+38 80.7505035400391 79.7467681884766 81.5059335327148 82.5647799682617 82.3592114257813 83.5409231567383 82.9677493286133 84.7928433227539 84.8363128662109 84.4170288085938 83.6750985717773 81.8143197631836 81.4736190795898 77.6263052368164 77.1229736328125 79.7606396484375 81.6050106811524 81.4090008544922 77.6644961547852 78.5791690063477 79.8649234008789 79.3912084960938 74.6004986572266 70.6835992431641 72.5903399658203 74.8973321533203 70.6446139526367 69.7302716064453 69.7540496826172 69.7870474243164 69.5166265869141 69.0231756591797 69.3654415893555 69.2746640014648 69.729778137207 68.6905001831055 69.001534576416 72.857561340332 72.4723040771484 71.9512979125977
-3.4e+38 -3.4e+38 -3.4e+38 -3.4e+38 -3.4e+38 -3.4e+38 -3.4e+38 79.4006698608398 78.7088528442383 82.2739389038086 80.5567086791992 82.1321157836914 82.6628842163086 81.0682354736328 82.3310070800781 83.3479629516602 82.3452755737305 81.2301107788086 80.1035037231445 79.9527749633789 76.5023623657227 77.5456109619141 81.048083190918 80.1691131591797 76.1462908935547 79.8023352050781 83.1699768066406 82.2442581176758 79.464172668457 74.138828125 70.0683169555664 71.1762591552734 70.3948541259766 69.7553869628906 70.2981030273438 69.3474078369141 69.3387994384766 69.6722607421875 69.5555862426758 69.3965542602539 69.5729586791992 69.7331466674805 68.2479260253906 73.176682434082 73.9057583618164 72.6617004394531
-3.4e+38 -3.4e+38 -3.4e+38 -3.4e+38 -3.4e+38 -3.4e+38 -3.4e+38 -3.4e+38 76.5241729736328 78.9706954956055 78.6379528808594 81.2345141601563 82.4032440185547 81.9418560791016 81.4595599365234 81.486799621582 80.4675314331055 81.0594049072266 79.6695748901367 81.0290390014648 76.8600238037109 74.8303051757812 74.0571768188477 77.3509173583984 73.3127450561523 76.7547506713867 78.8633810424805 76.4222280883789 75.5987857055664 74.3068090820313 69.7980868530273 69.9615740966797 70.3245086669922 70.5357797241211 70.0164251708984 69.3533489990234 69.5219049072266 69.7684051513672 69.4425057983398 69.3427230834961 69.3553842163086 69.9486856079101 70.0091384887695 69.7277124023438 71.3585861206055 71.2522418212891
-3.4e+38 -3.4e+38 -3.4e+38 -3.4e+38 -3.4e+38 -3.4e+38 -3.4e+38 -3.4e+38 -3.4e+38 78.252555847168 78.3560771942139 80.0205856323242 80.8718453979492 82.4901510620117 82.142903137207 83.0111813354492 81.5165661621094 81.5394802856445 81.6409454345703 80.2439288330078 80.2972875976563 76.379040222168 71.6714810180664 73.8206359863281 76.7580859375 74.8313824462891 74.9615670776367 75.2595385742188 75.1888604736328 74.8198565673828 71.809035949707 68.2154873657227 67.9354846191406 67.8973416137695 69.5456924438477 69.4995449829102 69.7226977539062 70.0488409423828 69.1620211791992 68.9383682250977 69.5065557861328 69.9974368286133 70.2589859008789 70.1354379272461 68.9008364868164 69.3199279785156
