Rasters_5km/Sand_Res5km.asc
NCOLS 161 
NROWS 96 
XLLCORNER 210004.651214014 
YLLCORNER 7345008.22228844 
CELLSIZE 5000 
NODATA_value -3.4e+38 
[rows 0 to 20 of 96, columns 92 to 137 of 161]
-3.4e+38 -3.4e+38 -3.4e+38 -3.4e+38 -3.4e+38 -3.4e+38 -3.4e+38 -3.4e+38 -3.4e+38 -3.4e+38 -3.4e+38 -3.4e+38 -3.4e+38 -3.4e+38 -3.4e+38 -3.4e+38 -3.4e+38 -3.4e+38 -3.4e+38 -3.4e+38 -3.4e+38 -3.4e+38 -3.4e+38 -3.4e+38 -3.4e+38 -3.4e+38 -3.4e+38 -3.4e+38 -3.4e+38 -3.4e+38 -3.4e+38 -3.4e+38 -3.4e+38 -3.4e+38 -3.4e+38 -3.4e+38 -3.4e+38 -3.4e+38 -3.4e+38 -3.4e+38 -3.4e+38 -3.4e+38 -3.4e+38 -3.4e+38 -3.4e+38 -3.4e+38
-3.4e+38 -3.4e+38 -3.4e+38 -3.4e+38 -3.4e+38 -3.4e+38 -3.4e+38 -3.4e+38 -3.4e+38 -3.4e+38 -3.4e+38 -3.4e+38 -3.4e+38 -3.4e+38 -3.4e+38 -3.4e+38 -3.4e+38 -3.4e+38 -3.4e+38 -3.4e+38 -3.4e+38 -3.4e+38 -3.4e+38 -3.4e+38 -3.4e+38 -3.4e+38 -3.4e+38 -3.4e+38 -3.4e+38 -3.4e+38 -3.4e+38 -3.4e+38 -3.4e+38 -3.4e+38 -3.4e+38 -3.4e+38 -3.4e+38 -3.4e+38 -3.4e+38 -3.4e+38 -3.4e+38 -3.4e+38 -3.4e+38 -3.4e+38 -3.4e+38 -3.4e+38
-3.4e+38 -3.4e+38 -3.4e+38 -3.4e+38 -3.4e+38 -3.4e+38 -3.4e+38 -3.4e+38 -3.4e+38 -3.4e+38 -3.4e+38 -3.4e+38 -3.4e+38 -3.4e+38 -3.4e+38 -3.4e+38 -3.4e+38 -3.4e+38 -3.4e+38 -3.4e+38 -3.4e+38 -3.4e+38 -3.4e+38 -3.4e+38 -3.4e+38 -3.4e+38 -3.4e+38 -3.4e+38 -3.4e+38 -3.4e+38 -3.4e+38 -3.4e+38 -3.4e+38 -3.4e+38 -3.4e+38 -3.4e+38 -3.4e+38 -3.4e+38 -3.4e+38 -3.4e+38 -3.4e+38 -3.4e+38 -3.4e+38 -3.4e+38 -3.4e+38 -3.4e+38
-3.4e+38 -3.4e+38 -3.4e+38 -3.4e+38 -3.4e+38 -3.4e+38 -3.4e+38 -3.4e+38 -3.4e+38 -3.4e+38 -3.4e+38 -3.4e+38 -3.4e+38 -3.4e+38 -3.4e+38 -3.4e+38 -3.4e+38 -3.4e+38 -3.4e+38 -3.4e+38 -3.4e+38 -3.4e+38 -3.4e+38 -3.4e+38 -3.4e+38 -3.4e+38 -3.4e+38 -3.4e+38 -3.4e+38 -3.4e+38 -3.4e+38 -3.4e+38 -3.4e+38 -3.4e+38 -3.4e+38 -3.4e+38 -3.4e+38 -3.4e+38 -3.4e+38 -3.4e+38 -3.4e+38 -3.4e+38 -3.4e+38 -3.4e+38 -3.4e+38 -3.4e+38
-3.4e+38 -3.4e+38 -3.4e+38 -3.4e+38 -3.4e+38 -3.4e+38 -3.4e+38 -3.4e+38 -3.4e+38 -3.4e+38 -3.4e+38 -3.4e+38 -3.4e+38 -3.4e+38 -3.4e+38 -3.4e+38 -3.4e+38 -3.4e+38 -3.4e+38 -3.4e+38 -3.4e+38 -3.4e+38 -3.4e+38 -3.4e+38 -3.4e+38 -3.4e+38 -3.4e+38 -3.4e+38 -3.4e+38 -3.4e+38 -3.4e+38 -3.4e+38 -3.4e+38 -3.4e+38 -3.4e+38 -3.4e+38 -3.4e+38 -3.4e+38 -3.4e+38 -3.4e+38 -3.4e+38 -3.4e+38 -3.4e+38 -3.4e+38 -3.4e+38 -3.4e+38
-3.4e+38 -3.4e+38 -3.4e+38 -3.4e+38 -3.4e+38 -3.4e+38 -3.4e+38 -3.4e+38 -3.4e+38 -3.4e+38 -3.4e+38 -3.4e+38 -3.4e+38 -3.4e+38 -3.4e+38 -3.4e+38 -3.4e+38 -3.4e+38 -3.4e+38 -3.4e+38 -3.4e+38 -3.4e+38 -3.4e+38 -3.4e+38 -3.4e+38 -3.4e+38 -3.4e+38 -3.4e+38 -3.4e+38 -3.4e+38 -3.4e+38 -3.4e+38 -3.4e+38 -3.4e+38 -3.4e+38 -3.4e+38 -3.4e+38 -3.4e+38 -3.4e+38 -3.4e+38 -3.4e+38 -3.4e+38 -3.4e+38 -3.4e+38 -3.4e+38 -3.4e+38
-3.4e+38 -3.4e+38 -3.4e+38 -3.4e+38 -3.4e+38 -3.4e+38 -3.4e+38 -3.4e+38 -3.4e+38 -3.4e+38 -3.4e+38 -3.4e+38 -3.4e+38 -3.4e+38 -3.4e+38 -3.4e+38 -3.4e+38 -3.4e+38 -3.4e+38 -3.4e+38 -3.4e+38 -3.4e+38 -3.4e+38 -3.4e+38 -3.4e+38 -3.4e+38 -3.4e+38 -3.4e+38 69.5793177286784 75.4231292724609 66.2012532552083 81.7013656616211 74.394640604655 71.492765045166 66.4076738993327 79.6306142171224 79.1559092203776 81.4249254862467 87.1374328613281 88.7104095458984 87.2323585510254 85.3366226196289 84.3292991638184 85.4435104370117 84.6811065673828 87.2216804504395
-3.4e+38 -3.4e+38 -3.4e+38 -3.4e+38 -3.4e+38 -3.4e+38 -3.4e+38 -3.4e+38 -3.4e+38 -3.4e+38 70.1478888193766 79.5149546305339 73.5597756958008 84.7671160490617 79.5644764619715 81.5927374703544 -3.4e+38 -3.4e+38 -3.4e+38 -3.4e+38 -3.4e+38 -3.4e+38 -3.4e+38 77.5219174898588 80.0973940762607 78.4072993885387 71.8647856140137 72.5176126098633 72.7791502380371 78.6700653076172 81.2893923950195 85.2848083496094 78.8726870727539 80.1932070922851 80.0080392456055 80.6079907226563 83.8436044311523 83.3584020996094 82.9847589111328 89.2084747314453 89.3854461669922 89.3609942626953 85.6478363037109 85.6749295043945 83.1724234008789 85.2186343383789
-3.4e+38 -3.4e+38 -3.4e+38 -3.4e+38 -3.4e+38 -3.4e+38 -3.4e+38 -3.4e+38 82.5886219569615 79.4930610656738 74.5864303588867 74.2557327270508 65.3935084342957 59.0423628234863 57.735458984375 65.3019360351562 68.1436614990234 74.1470785522461 -3.4e+38 -3.4e+38 -3.4e+38 -3.4e+38 82.6872842962092 76.1583957672119 74.0722250366211 81.739587097168 81.4713412475586 81.5441247558594 84.3987420654297 86.5255603027344 84.4140866088867 85.9634375 84.3467132568359 85.066242980957 82.8996545410156 82.3346731567383 81.5266244506836 79.7121963500977 82.6874002075195 83.7908950805664 87.7168911743164 89.203938293457 89.7573187255859 86.5707458496094 84.8283346557617 82.7480276489258
-3.4e+38 -3.4e+38 -3.4e+38 -3.4e+38 -3.4e+38 -3.4e+38 -3.4e+38 83.2908525466919 76.695528717041 56.7216937255859 65.0145698547363 66.7098999023438 59.2483059692383 64.2858879089355 67.9893357849121 70.1962567138672 69.5086883544922 70.6572520446777 78.519990234375 80.1101704647667 80.4021392822266 79.9555697631836 80.7398114013672 83.089397277832 84.2604623413086 87.1533261108398 86.1045132446289 86.5494668579102 88.0754473876953 87.0845327758789 81.926689453125 84.172321472168 89.1840240478516 85.7805871582031 87.3861642456055 79.7253768920898 79.3746374511719 77.7292568969727 83.5443286132813 83.3350927734375 85.8885961914063 86.362399597168 90.6409646606445 87.6437734985352 89.9410028076172 84.904084777832
-3.4e+38 -3.4e+38 -3.4e+38 -3.4e+38 -3.4e+38 -3.4e+38 -3.4e+38 76.7593046824137 63.3703742980957 59.4304432678223 57.4987632751465 67.8518775939941 63.0762481689453 58.0497131347656 63.0858990478516 67.5417762756348 77.362307434082 82.0683349609375 83.0503399658203 79.6540942382812 84.2773400878906 84.3897479248047 86.8555569458008 87.8118237304687 89.106076965332 83.6424551391602 88.0065518188477 87.8345306396484 88.8025344848633 84.4354183959961 81.8967163085938 84.9535546875 89.777395324707 87.4815542602539 81.1035046386719 83.5688790893555 79.3166421508789 78.6679296875 84.5314508056641 85.834079284668 83.0626831054688 87.5815124511719 86.8595223999023 84.7859503173828 88.617236328125 89.8129843139648
-3.4e+38 -3.4e+38 -3.4e+38 -3.4e+38 -3.4e+38 -3.4e+38 76.9236981201172 65.6571287536621 59.5577714538574 63.6186640930176 64.3787498474121 66.3828915405273 58.9945240783691 56.3785711669922 61.2079518127441 71.3969104003906 81.9650863647461 81.2583444213867 82.861194152832 86.7850140380859 87.4802572631836 88.2145407104492 87.9746743774414 89.7829724121094 89.5233340454102 85.6471343994141 88.4036315917969 87.7787225341797 89.0495346069336 83.0803079223633 79.389592590332 83.6571585083008 89.6514163208008 90.3614840698242 86.3890133666992 80.6914083862305 81.4956842041016 80.126750793457 84.8678402709961 90.1749105834961 84.4828363037109 82.9473474121094 85.5450869750977 85.5157006835937 81.2657290649414 81.6536734008789
-3.4e+38 -3.4e+38 -3.4e+38 -3.4e+38 -3.4e+38 76.1311461130778 37.447770690918 44.0912223815918 64.9325942993164 60.1899993896484 64.5409834289551 72.5093804931641 55.1807032775879 55.206460723877 58.4659175109863 66.6788014221191 85.8582354736328 81.9226651000977 85.3898236083984 86.8273922729492 87.3096954345703 89.4118167114258 88.2918017578125 90.2742416381836 90.3389950561523 83.4329995727539 83.8052548217773 82.2704431152344 83.8713723754883 88.2294107055664 81.7726870727539 83.7609451293945 84.6329821777344 88.996975402832 89.408681640625 88.8034375 89.4556982421875 81.9080569458008 78.7191888427734 87.0307049560547 88.106689453125 83.0644424438477 83.5024618530273 85.3944775390625 84.035654296875 77.8967227172852
-3.4e+38 -3.4e+38 -3.4e+38 -3.4e+38 81.2801525718287 74.5960293579102 33.7391354370117 72.2343530273437 77.4539749145508 73.3649017333984 68.979169921875 71.1984353637695 62.398981628418 53.4051342773437 55.3009907531738 60.8648007202148 79.6009786987305 86.8242514038086 82.3755615234375 85.9336364746094 82.4531167602539 85.9860629272461 84.2434194946289 87.9409643554688 89.3498852539063 87.5260168457031 81.2491387939453 78.3783898925781 80.5031747436523 84.4789074707031 77.5225564575195 82.6432464599609 82.1289541625977 89.1281362915039 79.383801574707 78.2993768310547 83.2314395141602 81.6110974121094 79.437360534668 81.4567510986328 87.445397644043 79.6180270385742 83.7170776367188 88.6134976196289 88.3437417602539 78.3073492431641
78.0840148925781 75.8044700622559 76.4090067545573 77.2100918579102 75.2393600463867 75.7559484863281 74.9527600097656 77.4499188232422 77.8608334350586 77.4513125610352 69.3077145385742 71.9383987426758 71.5168264770508 68.0131460571289 62.2985865783691 62.4953753662109 66.92294921875 83.8835852050781 82.7525628662109 83.982991027832 87.088623046875 86.2925143432617 84.5436209106445 84.5677880859375 88.9833804321289 83.484928894043 79.6393255615234 81.5701400756836 78.5019091796875 82.3044354248047 76.6542340087891 77.3248309326172 84.1308850097656 86.5504934692383 78.2027075195312 80.6676184082031 82.4856564331055 79.0974725341797 84.4102206420898 78.2136532592774 81.2709008789062 79.1257788085938 80.1128591918945 82.5486456298828 89.0442318725586 83.7100387573242
79.0706307983398 79.4928805541992 80.7944116210937 79.4640432739258 80.9575973510742 78.3979510498047 77.1709338378906 76.8522720336914 78.143782043457 77.5912976074219 76.8708404541016 77.2406063842773 76.3258001708984 74.9549035644531 74.000617980957 69.7247171020508 72.7754135131836 67.945055847168 74.3847074890137 81.5095690917969 83.3059829711914 82.7086309814453 82.4355541992188 82.0357345581055 84.3328305053711 87.1784967041016 82.2457977294922 75.7114151000977 76.0315167236328 77.6362466430664 76.0129504394531 82.5712158203125 82.3803323364258 76.7928463745117 78.0234576416016 85.4578887939453 80.2025729370117 80.5889221191406 79.6018920898437 77.6619253540039 79.2080279541016 83.9552264404297 84.7484585571289 79.3845657348633 84.7064273071289 81.4626754760742
81.8865426635742 79.9778881835937 80.4437063598633 78.8807699584961 79.3260290527344 78.8366189575195 78.5633480834961 78.8303329467773 79.8721810913086 78.7451583862305 76.3683291625977 78.317395324707 78.024997253418 76.4997509765625 74.5160879516602 73.9999020385742 74.0626831054688 65.8927145385742 59.950403137207 69.1658329772949 77.9912313842773 76.8022372436523 77.1909197998047 77.1582977294922 76.5587780761719 77.6641171264648 79.2240780639648 77.1468905639648 76.4721490478516 74.4705850219727 75.0291275024414 82.9890029907227 76.6226156616211 76.8954330444336 77.0258410644531 78.5174813842773 76.7385003662109 77.2590612792969 76.7358895874023 76.9503033447266 77.1705999755859 86.3664666748047 78.7075997924805 79.1395315551758 76.4175964355469 78.2302545166016
80.5899884033203 79.3109854125977 78.8534558105469 77.8499160766602 78.1085675048828 78.1383798217773 77.6234826660156 77.8214392089844 77.5757037353516 76.6397866821289 78.6855697631836 78.8347839355469 77.4575521850586 74.9817807006836 74.3075323486328 76.5356762695313 74.2627578735352 72.0186837768555 68.5941133117676 58.4960842895508 73.2471424865723 76.1165710449219 76.4577426147461 78.061116027832 77.3559930419922 78.4710873413086 77.8481582641602 76.4967083740234 73.2063909912109 71.4023861694336 74.7360995483398 78.6025006103516 76.0982836914063 76.6397348022461 77.8799954223633 75.4027648925781 75.3696112060547 77.6623016357422 77.8881338500977 77.384758605957 83.9248220825195 79.4728509521484 80.3584780883789 75.8473648071289 76.7388604736328 76.7724237060547
79.3343319702148 79.6811804199219 79.478196105957 78.6788455200195 77.5172500610352 78.4275247192383 78.8122637939453 77.0181381225586 77.9805307006836 76.745290222168 76.1713537597656 76.9277597045898 78.6186508178711 75.690846862793 75.2829260253906 77.2228375244141 76.8851257324219 74.8195886230469 71.88673828125 70.9135604858398 64.6093464660645 72.0338592529297 75.6769088745117 76.7307827758789 78.1046228027344 78.5914910888672 77.0508615112305 77.6276104736328 79.6878051757812 75.0968478393555 72.0965209960937 75.529638671875 76.1002935791016 77.6817428588867 77.1900671386719 80.4047131347656 79.5363442993164 76.7178747558594 76.9983813476562 81.2588076782227 82.852233581543 79.5929733276367 75.4838668823242 79.3711557006836 79.5838381958008 77.2499243164063
78.0436044311523 79.1736663818359 78.4730447387695 77.9187301635742 77.6913668823242 77.6396908569336 79.9766723632813 77.7506317138672 78.8173333740234 77.0217700195312 75.9823300170899 76.8115356445312 79.2368606567383 78.9541900634766 77.4490881347656 78.145891418457 78.5035168457031 75.1325122070313 73.3385009765625 75.6918899536133 74.4218774414063 72.9762860107422 74.2538784790039 73.8202624511719 77.6707135009766 80.0963967895508 81.4290353393555 83.4269763183594 82.8813168334961 82.63880859375 78.0442929077148 70.7440487670899 70.8075616455078 70.5655770874023 72.5927435302734 72.3613595581055 74.8983038330078 76.8433685302734 82.0102490234375 83.591477355957 81.5189532470703 76.1797814941406 75.3426895141602 78.3264553833008 82.286711730957 81.9596612548828
76.6045056152344 76.7810940551758 79.1658651733398 77.2497842407227 77.7154940795898 78.971662902832 81.0698880004883 77.6290957641602 80.5595922851563 77.2230676269531 76.7582830810547 75.9799374389648 78.1138388061523 77.4144088745117 77.4096893310547 77.7704962158203 77.7238375854492 74.2077261352539 69.033726348877 73.7133673095703 75.400715637207 76.1503955078125 76.1243884277344 75.0049755859375 72.7767687988281 75.1521716308594 75.5907369995117 81.3717001342773 82.5808126831055 83.6800552368164 80.4974368286133 75.1976358032227 69.6180383300781 71.3894198608398 70.8591683959961 68.8574868774414 77.2482171630859 85.9574169921875 84.0697146606445 84.8449908447266 84.3974658203125 82.9500033569336 85.6887823486328 86.7157247924805 90.3699548339844 90.2196835327148
