Rasters_5km/Sand_Res5km.asc
NCOLS 161 
NROWS 96 
XLLCORNER 210004.651214014 
YLLCORNER 7345008.22228844 
CELLSIZE 5000 
NODATA_value -3.4e+38 
[rows 42 to 62 of 96, columns 0 to 45 of 161]
-3.4e+38 -3.4e+38 -3.4e+38 -3.4e+38 -3.4e+38 -3.4e+38 -3.4e+38 -3.4e+38 -3.4e+38 -3.4e+38 -3.4e+38 -3.4e+38 -3.4e+38 -3.4e+38 -3.4e+38 -3.4e+38 -3.4e+38 -3.4e+38 -3.4e+38 -3.4e+38 -3.4e+38 -3.4e+38 -3.4e+38 84.7172393798828 80.1223724365234 83.2065298461914 84.3335256958008 84.3922198486328 81.6779235839844 79.8013864135742 80.2755145263672 72.0254684448242 65.267677154541 62.4245648193359 67.1287619018555 70.6236154174805 70.4186318969727 69.3767791748047 70.5216375732422 68.6030499267578 71.1474795532227 68.9181042480469 70.7834307861328 68.6277966308594 68.648014831543 65.6366607666016
-3.4e+38 -3.4e+38 -3.4e+38 -3.4e+38 -3.4e+38 -3.4e+38 -3.4e+38 -3.4e+38 -3.4e+38 -3.4e+38 -3.4e+38 -3.4e+38 -3.4e+38 -3.4e+38 -3.4e+38 -3.4e+38 -3.4e+38 -3.4e+38 -3.4e+38 -3.4e+38 76.618904477074 77.9451879882812 85.3166772460937 77.8181506347656 72.6882803344727 80.1036923217773 82.8764346313476 84.2485659790039 76.936662902832 73.614748840332 74.8228451538086 71.2969790649414 66.6750758361816 69.1018569946289 71.2340481567383 71.0566702270508 72.2049954223633 68.3302130126953 68.5858126831055 70.4572299194336 69.4118023681641 68.6868061828613 71.2156039428711 70.2252819824219 68.4622030639649 65.5275294494629
-3.4e+38 -3.4e+38 -3.4e+38 -3.4e+38 -3.4e+38 -3.4e+38 -3.4e+38 -3.4e+38 -3.4e+38 -3.4e+38 -3.4e+38 -3.4e+38 -3.4e+38 -3.4e+38 -3.4e+38 -3.4e+38 -3.4e+38 -3.4e+38 88.1288160844283 84.7942910766602 61.0041989135742 85.8144381713867 83.1776840209961 69.5738157653809 69.0952456665039 72.0091870117188 76.067366027832 78.6696331787109 75.5386392211914 68.4362973022461 72.3732922363281 70.4374975585937 63.3301815795898 72.1009191894531 73.8666464233398 71.317903137207 70.2996682739258 63.988875579834 68.7354992675781 69.9187945556641 67.4219515991211 67.3441314697266 71.3737713623047 71.4565036010742 71.3962579345703 71.4303234863281
-3.4e+38 -3.4e+38 -3.4e+38 -3.4e+38 -3.4e+38 -3.4e+38 -3.4e+38 -3.4e+38 -3.4e+38 -3.4e+38 -3.4e+38 -3.4e+38 -3.4e+38 -3.4e+38 84.0832123756409 83.3027374267578 84.9073156738281 83.7864282226563 85.5516220092773 86.3192065429687 85.9808462524414 87.4215478515625 79.9497442626953 70.1791342163086 62.3159527587891 63.2369441223145 74.469875793457 77.5621179199219 76.035615234375 71.2941882324219 68.9534170532227 72.6885943603516 71.2561947631836 72.86341796875 72.5094213867188 71.6660168457031 67.4867178344727 65.4234495544434 68.057532043457 68.7499856567383 69.0095343017578 70.7444937133789 71.4735305786133 72.1888244628906 71.7157025146484 71.2140155029297
-3.4e+38 -3.4e+38 -3.4e+38 -3.4e+38 -3.4e+38 -3.4e+38 -3.4e+38 -3.4e+38 -3.4e+38 -3.4e+38 -3.4e+38 -3.4e+38 -3.4e+38 84.8049518585205 84.8836370849609 81.0667163085938 82.4504504394531 85.648635559082 86.9344537353516 87.5004818725586 88.1561126708984 84.6719763183594 79.5196072387695 71.5259982299805 63.765076751709 63.7106037902832 71.2707788085937 76.0721969604492 71.7836218261719 67.6522775268555 68.0084356689453 67.9690278625488 71.1716329956055 72.8728155517578 70.8563107299805 71.5950778198242 68.1220042419434 65.7236752319336 69.0582070922852 72.1957263183594 70.4134094238281 70.1278427124023 68.9665841674805 71.21484375 71.4938256835938 71.8687319946289
-3.4e+38 -3.4e+38 -3.4e+38 -3.4e+38 -3.4e+38 -3.4e+38 -3.4e+38 -3.4e+38 -3.4e+38 -3.4e+38 -3.4e+38 83.2115701947893 82.0090312957764 83.615412902832 80.1395587158203 79.3719445800781 69.3308682250977 76.416028137207 86.6203274536133 85.3516394042969 83.2923745727539 84.0726229858398 84.5320086669922 83.4807864379883 71.3342620849609 65.3209616088867 70.9212072753906 71.5973202514649 74.0377105712891 68.2466256713867 68.3377459716797 66.4992881774902 71.7689044189453 72.3225106811523 72.3183898925781 71.5846411132813 70.1286953735352 67.7961572265625 68.8905139160156 74.2777984619141 69.4423126220703 70.9840182495117 69.5454043579102 68.7715643310547 72.892799987793 72.4632122802734
-3.4e+38 -3.4e+38 -3.4e+38 -3.4e+38 -3.4e+38 -3.4e+38 -3.4e+38 -3.4e+38 -3.4e+38 84.4001395485618 83.7968320846558 84.2606460571289 84.0126077270508 82.6086926269531 78.2804135131836 67.835391998291 62.278452911377 63.3114402770996 79.9845799255371 89.1907513427734 83.9057827758789 84.5736764526367 84.5598364257813 84.2230310058594 82.2924459838867 71.2080223083496 70.2973558044434 74.7465911865234 73.8045520019531 72.0148089599609 72.9997985839844 73.2245443725586 72.8202893066406 72.3723422241211 73.1497338867187 73.744833984375 71.3993643188477 69.9358505249023 69.5896334838867 72.1761682128906 68.9664218139648 71.0591918945313 71.7735827636719 70.8833636474609 69.6604486083984 73.0240957641602
-3.4e+38 -3.4e+38 -3.4e+38 -3.4e+38 -3.4e+38 -3.4e+38 -3.4e+38 -3.4e+38 -3.4e+38 84.6757370798211 83.7409335327148 85.451272277832 83.7582666015625 83.4387850952148 85.8169143676758 74.7366870117187 58.9655639648438 60.6081480407715 67.8147714233398 85.7556280517578 80.3930249023438 84.8197445678711 84.6258877563477 84.3323056030274 84.2232083129883 80.8577838134766 66.6365391540527 72.0713116455078 75.6748315429687 73.2709646606445 74.1881985473633 73.5063119506836 72.4022802734375 72.7064334106445 73.153955078125 73.0187298583984 72.3611825561523 72.2160144042969 68.7525094604492 69.2598315429688 69.8922351074219 71.1119964599609 72.8018316650391 71.9947637939453 71.1979159545898 68.9294540405273
-3.4e+38 -3.4e+38 -3.4e+38 -3.4e+38 -3.4e+38 -3.4e+38 -3.4e+38 -3.4e+38 -3.4e+38 83.3486231928286 84.2591879272461 86.4482757568359 82.1312734985352 83.1179971313476 70.4547352600098 55.9911308288574 53.9614181518555 59.3038726806641 63.2797204589844 75.0619219970703 83.2882162475586 87.1094329833984 85.35392578125 84.5771304321289 83.9695474243164 80.9825659179688 72.7076747131348 67.4964437866211 74.3220083618164 73.6489535522461 73.2459939575195 71.0024676513672 71.1726376342774 73.1839813232422 74.116096496582 74.4686996459961 72.1675149536133 71.1406271362305 69.5033532714844 69.8555551147461 69.8178857421875 71.3254458618164 71.8938348388672 72.0681655883789 72.376946105957 71.9813568115234
-3.4e+38 -3.4e+38 -3.4e+38 -3.4e+38 -3.4e+38 -3.4e+38 -3.4e+38 -3.4e+38 -3.4e+38 83.873479309082 85.4973937988281 84.9835748291016 84.3451770019531 80.024654083252 64.3503875732422 53.8575277709961 54.0649128723145 61.5878753662109 61.5074847412109 67.2179406738281 72.1344940185547 84.1087948608399 85.1720782470703 84.3147357177734 80.3148916625977 74.8100552368164 72.4629815673828 70.8712829589844 71.2224722290039 72.2504531860352 72.5182986450195 73.8489797973633 72.6446569824219 73.9981985473633 73.4255236816406 73.5150457763672 69.5682437133789 70.2057986450195 70.8358953857422 70.9816302490234 69.113727722168 71.1048623657227 72.141669921875 72.1596276855469 72.4349597167969 72.5688092041016
-3.4e+38 -3.4e+38 -3.4e+38 -3.4e+38 -3.4e+38 -3.4e+38 -3.4e+38 -3.4e+38 83.5856695556641 85.4614996337891 85.9825329589844 84.4048937988281 76.3596453857422 67.0080661010742 74.4082809448242 61.6077491760254 54.8177577209473 59.5807356262207 63.2848268127441 65.6999687194824 81.5567001342773 84.9339312744141 84.5575253295899 82.9791021728516 76.2239163208008 73.4478656005859 73.610071105957 73.5255432128906 71.9856997680664 71.4339486694336 73.005149230957 73.7761016845703 74.5346786499023 72.2733923339844 70.149401550293 68.2375375366211 71.2163705444336 69.0741592407227 70.8217123413086 70.2923693847656 71.622258605957 70.5685760498047 71.2797479248047 72.2457693481445 72.4120504760742 72.4970315551758
-3.4e+38 -3.4e+38 -3.4e+38 -3.4e+38 -3.4e+38 -3.4e+38 -3.4e+38 83.6207268124535 83.6757995605469 85.7603802490234 87.9813088989258 75.3931158447266 69.5791278076172 65.7202233886719 69.1499462890625 71.4497917175293 57.777830657959 57.0719235229492 62.6387246704102 64.5661894226074 78.3680744934082 85.911796875 84.9439813232422 80.8982635498047 77.7454165649414 77.1908752441406 75.8391787719727 75.127092590332 71.9684698486328 74.4003796386719 75.8254217529297 74.9830438232422 72.0403823852539 71.9201034545898 71.6306024169922 73.2493878173828 73.8977853393555 73.6682879638672 70.6404541015625 70.1523587036133 70.5775234985352 69.600703125 70.7642749023437 71.8859512329102 71.7795794677734 71.5810357666016
-3.4e+38 -3.4e+38 -3.4e+38 -3.4e+38 -3.4e+38 -3.4e+38 -3.4e+38 84.5107620239258 84.2287191772461 84.9003744506836 86.3098043823242 67.7788282775879 68.9596542358398 65.9872450256348 67.8341766357422 69.0313684082031 63.5518305969238 58.4947923278809 62.4242839050293 58.6723249816895 68.8874472045898 84.7584188842773 86.6615301513672 80.0127890014648 77.3159722900391 78.0520385742188 77.8766009521484 75.5218807983399 73.1227926635742 76.1999819946289 76.0780206298828 75.7869372558594 70.5280090332031 70.6501385498047 72.7159063720703 74.7829537963867 77.2833670043945 72.5209603881836 71.1775158691406 70.0975695800781 70.3759411621094 69.3068130493164 70.0166098022461 71.9311532592773 71.882561340332 71.7001876831055
-3.4e+38 -3.4e+38 -3.4e+38 -3.4e+38 -3.4e+38 -3.4e+38 -3.4e+38 86.0373687744141 86.1138973999023 87.3385855102539 83.8785061645508 66.8842393493652 63.5066537475586 61.2733374023437 64.0841416931152 69.7596624755859 61.3590197753906 60.3363885498047 60.0659211730957 59.136671295166 71.0054931640625 81.4820022583008 81.2094119262695 76.6492272949219 78.7817358398437 79.6556915283203 78.5727624511719 78.1368994140625 77.9561218261719 76.5064566040039 74.5541226196289 75.9619845581055 71.1009466552734 72.8394326782226 75.4922906494141 74.9382510375977 71.9183901977539 70.8369982910156 70.4079025268555 68.7852404785156 71.10154296875 69.5998611450195 69.316282043457 71.2289697265625 71.8637643432617 71.8922631835938
-3.4e+38 -3.4e+38 -3.4e+38 -3.4e+38 -3.4e+38 -3.4e+38 84.0558360417684 84.0312841796875 87.0923834228516 87.81357421875 79.9954489135742 72.1500166320801 64.0115495300293 61.6402536010742 62.6299858093262 62.6511489868164 61.3052171325684 54.3678628540039 56.7035107421875 58.6896875 69.2274830627441 84.3345559692383 83.0066448974609 81.3833013916016 81.5430282592773 82.1269607543945 80.7899816894531 78.9330816650391 80.2314303588867 78.2379528808594 75.8801553344727 74.7400848388672 73.7405325317383 69.2708666992187 71.5414434814453 70.9192724609375 71.8887103271484 70.4725079345703 69.0210821533203 70.4085989379883 70.91095703125 69.7884133911133 69.9915643310547 69.7337341308594 70.8811340332031 71.0792694091797
-3.4e+38 -3.4e+38 -3.4e+38 -3.4e+38 -3.4e+38 -3.4e+38 84.6055349731445 85.5882864379883 87.9088842773437 88.6988354492187 82.2129632568359 69.0250408935547 64.4010111999512 60.9150280761719 61.0763465881348 58.4386210632324 55.8410339355469 54.3371661376953 55.6287138366699 57.4586299133301 71.0539610290527 85.0045993041992 82.4430197143555 83.8146453857422 81.1528256225586 82.9300616455078 80.9437585449219 78.9843548583984 77.0106811523438 78.3756356811523 72.8740216064453 75.7240228271484 75.1575296020508 70.745768737793 69.6494125366211 70.7961981201172 69.8095950317383 71.1452981567383 71.7411947631836 72.8292919921875 73.4811138916016 71.7864099121094 70.5755380249023 68.5207434082031 68.4856292724609 70.8285015869141
-3.4e+38 -3.4e+38 -3.4e+38 -3.4e+38 -3.4e+38 -3.4e+38 84.0715194702148 87.7443524169922 78.7290249633789 69.7272155761719 70.6557147216797 64.3260440063477 64.2316152954102 59.6795843505859 58.3773876953125 58.2386273193359 56.823458404541 53.6986938476563 53.3591563415527 52.3684005737305 61.6406958007813 75.2329692077637 81.6713452148438 79.3611624145508 79.0955056762695 82.508779296875 81.2184332275391 81.1470751953125 78.0796896362305 75.5024884033203 72.3026333618164 74.9284579467773 74.0685305786133 72.5372491455078 71.9979724121094 72.3646725463867 72.5502307128906 70.3232086181641 69.6133215332031 74.0395825195313 73.6853158569336 73.3217947387695 69.7069821166992 67.930569152832 67.6644027709961 70.440920715332
-3.4e+38 -3.4e+38 -3.4e+38 -3.4e+38 -3.4e+38 83.6150851042374 83.824778137207 86.3827508544922 66.842548828125 64.1283807373047 66.2807383728027 65.3934083557129 63.8144468688965 63.1994006347656 61.5730587768555 59.7002877807617 58.1374938964844 54.346501159668 53.0425224304199 50.3399864196777 50.2573908996582 73.1914221191406 80.0070751953125 76.6589343261719 77.6032568359375 81.4133093261719 82.4827713012695 78.3791424560547 72.9143701171875 72.315029296875 72.2474691772461 73.9317684936523 74.6721640014649 72.5425494384766 74.3034567260742 75.158366394043 75.8900765991211 74.7886282348633 73.7841452026367 74.9094915771484 71.4484320068359 71.2672998046875 69.8838079833984 68.8272711181641 69.5187670898437 69.0675170898437
-3.4e+38 -3.4e+38 -3.4e+38 -3.4e+38 82.8069463876577 82.549391784668 84.7063806152344 86.4502767944336 68.2444903564453 63.0428009033203 63.5692231750488 62.2296849060059 62.7419775390625 63.7080236816406 58.6967495727539 58.47267578125 56.761658782959 55.2451112365723 54.7284837341309 54.168374786377 51.7847550964355 72.9552058410645 83.151565246582 76.4644552612305 75.877067565918 83.2786526489258 78.8170278930664 74.0922290039063 71.6920886230469 74.4886041259766 72.88333984375 74.6988916015625 74.8070791625977 77.8371890258789 76.9867126464844 76.0611367797852 75.7528936767578 75.2687057495117 70.5131658935547 71.2074829101562 68.9087928771973 68.6383547973633 69.5078637695313 70.2485775756836 69.8394540405273 69.648427734375
-3.4e+38 -3.4e+38 -3.4e+38 -3.4e+38 82.7222718738374 83.5248278808594 85.7335159301758 78.5404635620117 68.6512919616699 62.762059173584 55.0487841796875 56.785122833252 60.0382235717773 55.3755467224121 60.4785173034668 61.3481874084473 56.8613082885742 58.237354888916 55.6994206237793 55.6784669494629 55.4265231323242 72.2885565185547 78.0469424438477 79.1852847290039 81.1245327758789 79.0703524780273 74.7670764160156 75.3894644165039 74.0741659545898 73.9739636230469 75.248083190918 79.6413424682617 75.6020510864258 77.029670715332 76.4585424804688 77.1256530761719 75.9755630493164 75.6374609375 72.2080230712891 75.2334466552734 74.9908270263672 72.754856262207 68.9621044921875 69.9031509399414 70.0641943359375 69.2264047241211
-3.4e+38 77.6825445074784 76.0185023716518 -3.4e+38 82.8179258866744 83.8758236694336 83.1935986328125 67.841524810791 66.9534344482422 69.3251278686523 64.4035124206543 61.1187878417969 58.5765399169922 58.8537351989746 55.3851452636719 60.8376182556152 56.2965892028809 52.2200128173828 51.1254165649414 52.9664158630371 55.2169320678711 71.4164729309082 77.7463705444336 77.3560638427734 74.8051031494141 76.1612731933594 75.8824005126953 77.3215075683594 79.5043005371094 74.700139465332 75.6009176635742 79.8336328125 74.4273751831055 74.0162612915039 75.9899432373047 77.6380960083008 75.1102520751953 74.9417181396484 73.5633840942383 74.1295816040039 74.2544369506836 74.5776107788086 72.7840838623047 73.7018814086914 70.6874697875976 69.6143731689453
