Rasters_5km/Sand_Res5km.asc
NCOLS 161 
NROWS 96 
XLLCORNER 210004.651214014 
YLLCORNER 7345008.22228844 
CELLSIZE 5000 
NODATA_value -3.4e+38 
[rows 42 to 62 of 96, columns 92 to 137 of 161]
81.4694454956055 78.6746279907227 76.675973815918 77.7527590942383 79.4532662963867 79.7870516967773 79.7729946899414 79.9987490844726 81.1650546264648 73.5355413818359 73.1771252441406 73.1990975952148 76.1494943237305 76.5769912719727 83.6951684570312 83.2921090698242 82.1382989501953 82.9868829345703 83.7673922729492 83.9009149169922 80.1550137329102 71.8128259277344 75.8520669555664 80.217526550293 80.227619934082 79.1999560546875 78.2783627319336 78.6006982421875 75.5867559814453 72.5293920898438 73.7649404907227 72.6174044799805 74.5102310180664 74.2352905273438 74.0464556884766 72.5267678833008 71.9796914672851 72.071393737793 72.6830230712891 73.8376351928711 78.2473379516602 82.7118640136719 81.5652978515625 81.9381094360352 81.9262478637695 77.9049108886719
79.9187777709961 80.9252404785156 79.5453427124023 78.3553048706055 79.6531039428711 81.2835635375977 80.3803851318359 79.6953421020508 79.4808319091797 77.7070751953125 75.7537292480469 75.9719378662109 79.638349609375 80.9275518798828 82.7623501586914 83.0680133056641 83.6256500244141 83.1185278320312 84.005329284668 81.5578100585937 75.3762536621094 72.1770544433594 74.8371856689453 79.3170767211914 79.9995172119141 78.7310760498047 78.3181018066406 78.9490075683594 72.3293832397461 73.3665817260742 72.517548828125 73.9368954467773 74.4172015380859 72.4630233764648 73.3211175537109 72.3838949584961 75.7672506713867 78.5353753662109 72.323498840332 72.3843655395508 72.4228161621094 79.8696069335937 80.4387796020508 79.6791110229492 81.8597525024414 75.7876931762695
78.4236270141602 77.8497393798828 79.0789459228516 78.9984561157227 77.893385925293 79.4971429443359 79.8575198364258 79.3759271240234 79.4551361083984 76.1698165893555 76.4033947753906 73.6008493041992 82.0452005004883 83.0451809692383 80.069621887207 80.3591885375977 83.0724331665039 84.2739233398437 81.0043560791016 78.0368783569336 74.1384381103516 72.6781253051758 76.6035745239258 80.0675189208984 78.0896954345703 78.4611996459961 80.9087606811523 76.9944708251953 73.707529296875 74.9809335327148 73.327873840332 74.4682901000977 74.4050485229492 74.2529647827148 74.4559442138672 73.7024069213867 73.6454553222656 78.8445547485352 73.1207885742188 72.5198532104492 72.4656884765625 75.9090472412109 75.3012240600586 80.0007269287109 77.8209432983398 75.1675308227539
76.5641220092773 77.3628207397461 77.9085339355469 78.5136532592773 79.623493347168 79.5045370483398 79.474241027832 78.8380032348633 78.6030899047852 83.851086730957 80.7788455200195 73.5520541381836 79.2242474365234 81.2919897460937 80.2783517456055 80.4320788574219 80.7154763793945 79.3876086425781 78.1742892456055 77.2890185546875 73.7091516113281 72.5248742675781 78.1454373168945 79.5165524291992 79.4386544799805 81.2269458007813 79.4455807495117 77.4709310913086 81.5815444946289 81.1736965942383 73.8772848510742 75.5890002441406 75.7079782104492 74.3152374267578 74.2372900390625 74.5451196289062 76.394020690918 75.3477871704102 72.9406610107422 73.4704751586914 72.7477514648437 72.9963833618164 73.3118246459961 74.7551770019531 73.3735223388672 71.9282028198242
75.4684075927734 74.4328442382812 78.078630065918 77.8527673339844 79.3525631713867 80.3013748168945 78.9821282958984 79.0628378295898 81.912243347168 85.0308074951172 82.5008721923828 74.7047744750977 79.1096331787109 79.5953494262695 79.8103430175781 79.8132318115234 79.9953805541992 78.1613372802734 77.1303509521484 77.1869680786133 73.3129187011719 72.196540222168 78.3679962158203 78.6872888183594 81.7491491699219 80.30701171875 77.7227502441406 78.8088598632813 82.7750131225586 84.8068975830078 79.8094000244141 75.5625973510742 74.9579174804688 73.8498498535156 73.3257144165039 72.7674990844727 72.1019009399414 72.830520324707 71.1782598876953 72.3951693725586 71.8337991333008 71.513366394043 72.2714608764648 73.693078918457 71.957373046875 71.9570230102539
73.5583453369141 71.2094128417969 74.285901184082 77.8480093383789 79.5982836914063 80.7580218505859 78.411969909668 82.120876159668 84.6974465942383 84.5619223022461 84.382546081543 74.6324465942383 79.2614584350586 79.5238375854492 79.8806597900391 79.5064727783203 80.2303430175781 77.7737124633789 77.2873236083984 77.3167617797852 73.0427212524414 71.8287295532227 75.3162847900391 77.7277215576172 79.5399365234375 77.5573681640625 75.3617504882812 79.8697659301758 79.8788812255859 83.0123834228516 81.8114041137695 74.4142028808594 72.7640563964844 72.2245584106445 71.7020523071289 71.3892385864258 71.3908645629883 71.1894940185547 71.0602728271484 70.8709637451172 70.4651486206055 70.5798004150391 71.6178088378906 71.2964181518555 71.4347979736328 73.267834777832
73.2130090332031 69.2634716796875 69.4629571533203 74.3569525146484 79.4336737060547 78.4605209350586 82.4463851928711 82.941611328125 82.8038916015625 84.1777984619141 84.2876364135742 73.3525921630859 77.4601058959961 79.7300338745117 78.3607711791992 80.1030310058594 79.3328231811523 77.9912322998047 78.1665081787109 77.9821133422852 74.5037561035156 72.1802822875977 72.1201583862305 72.2195074462891 74.2252981567383 73.4882095336914 79.0679623413086 80.6493212890625 78.3704470825195 77.0648468017578 76.4217474365234 73.5047579956055 71.4803936767578 71.599931640625 71.3084078979492 71.6210702514648 70.8426364135742 71.2330136108398 72.1726107788086 71.1823684692383 70.9317547607422 71.2208212280273 71.5086447143555 71.9349746704102 73.8097695922851 72.5929257202149
73.066328125 65.2982893371582 63.8647229003906 76.5091857910156 79.848190612793 75.4237399291992 81.7755282592773 81.3513229370117 81.2725698852539 83.3122991943359 82.6706585693359 73.1769540405273 77.1461038208008 79.0028341674805 78.4159494018555 79.844596862793 78.9800527954102 78.3081283569336 77.9072439575195 77.8768225097656 75.6564282226562 72.3460598754883 71.7352145385742 72.5288037109375 72.9486608886719 76.808850402832 77.0700970458984 75.7281909179687 75.218561706543 74.0630517578125 71.8673480224609 74.063518371582 71.412839050293 71.2030184936523 71.0141827392578 71.2912887573242 71.1345538330078 71.0943771362305 71.9094927978516 71.5502133178711 71.403623046875 71.2922875976563 71.85314453125 73.6661047363281 73.1581317138672 74.4807217407227
73.1685592651367 64.3903698730469 62.1429122924805 74.729563293457 78.166604309082 73.0179208374023 81.4905667114258 82.7033892822266 81.518547668457 84.2837911987305 82.8341540527344 74.9252389526367 77.5308432006836 80.0717352294922 79.1959136962891 80.0874420166016 78.4773626708984 77.7983248901367 78.6839501953125 78.2121334838867 78.7830648803711 73.7618814086914 71.8503479003906 72.0941952514648 70.7213441467285 63.4682995605469 62.3778698730469 63.0021965026855 71.7282847595215 66.8408184814453 73.5813781738281 73.5468365478516 73.7183514404297 71.2418463134766 72.1246377563477 73.3945547485352 75.0545007324219 75.4602130126953 71.9543411254883 71.7646426391602 72.0937072753906 72.0246997070312 72.1670336914062 73.8147903442383 74.951315612793 75.3254940795898
67.6053178405762 65.5879672241211 61.4095428466797 66.57611328125 65.2264218139648 70.9665780639648 76.0484686279297 80.8548745727539 81.9728735351563 81.5642532348633 77.8477368164063 74.1959545898438 77.0217999267578 80.3859622192383 78.8268817138672 77.8696435546875 79.7198037719726 78.7057415771484 78.2374475097656 79.6414221191406 81.0789736938477 80.9885116577148 75.8218670654297 71.4958932495117 61.8853816223145 61.3139027404785 61.1286666870117 61.9249447631836 68.1733575439453 62.61240234375 75.2477465820313 74.4001425170898 76.5101608276367 77.2787255859375 79.2958926391602 79.2094769287109 77.9895223999023 75.0253820800781 72.9122064208984 75.6812313842773 77.5385592651367 74.5242385864258 73.7011499023437 73.9238305664063 74.5389306640625 74.4114797973633
59.3714501953125 61.042890625 61.8799612426758 63.4108912658691 63.2596627807617 66.3312565612793 67.849521484375 75.9084234619141 70.0091831970215 69.0492811584473 78.4219540405273 74.0665316772461 77.1434292602539 78.0097268676758 76.9322296142578 77.7167810058594 78.6715625 79.0219570922852 78.9173141479492 78.3475741577148 79.8200357055664 80.4896206665039 74.761713104248 64.2061906433105 62.1418510437012 64.1297227478027 65.0547265625 59.6673590087891 63.1120053100586 64.2724946594238 79.5782461547852 81.6037814331055 81.8825640869141 82.9407965087891 82.0095703125 79.232639465332 81.5102276611328 75.1122982788086 79.2842562866211 81.53681640625 77.6519290161133 74.7574356079102 75.0842956542969 73.6844702148438 74.2827194213867 75.0024313354492
69.3605255126953 67.3074839782715 62.2757905578613 60.6135801696777 60.6694924926758 58.5250497436523 62.0681184387207 62.1266403198242 63.901854095459 66.1028958129883 73.8965399169922 72.402561340332 75.1004748535156 75.2031085205078 78.8056573486328 81.4210464477539 80.390417175293 78.6358612060547 78.369162902832 77.8346627807617 78.0697134399414 78.7418817138672 65.7558146667481 61.9406791687012 60.4230224609375 62.2741798400879 62.1947918701172 58.3941468811035 64.6081019592285 67.4828210449219 82.5465060424805 83.7559408569336 83.6096868896484 83.2264627075195 82.0031607055664 75.462763671875 73.1997399902344 71.8128707885742 74.014423828125 73.7128036499023 73.4210946655273 73.6074740600586 74.3793203735352 73.5748574829102 75.8032376098633 76.5538583374023
67.8400708007812 68.0701205444336 69.3459469604492 69.0764758300781 67.7415234375 64.0683697509766 63.8166848754883 61.866095123291 60.3941943359375 62.4378230285645 64.5472636413574 66.9629672241211 70.5851715087891 71.8375230407715 64.6291868591309 66.6712776184082 78.5845663452148 78.9195935058594 75.9498880004883 77.7378454589844 77.675295715332 75.5109341430664 61.1280923461914 64.3116255187988 63.6884417724609 64.2386051940918 64.6449192810059 63.9221293640137 71.840592956543 73.9645770263672 83.3954965209961 83.7550341796875 82.1900619506836 80.4434359741211 78.3816870117188 71.5653308105469 72.7938143920898 72.1110079956055 73.2420401000977 72.4793292236328 73.4248913574219 74.6081072998047 73.2098199462891 76.4828723144531 76.9736010742187 77.5588455200195
68.6734594726562 69.1903057861328 67.8819393920898 69.00400390625 68.9313403320313 67.909645690918 67.6231837463379 67.1779289245605 66.1251449584961 65.6192872619629 64.7836486816406 63.3808209228516 65.556721496582 65.0114814758301 63.7226388549805 61.8070231628418 64.8369255065918 73.209866027832 68.8448851013184 70.3881658935547 74.2645422363281 67.6743389892578 60.1059161376953 63.6256802368164 65.2945806884766 62.4315855407715 65.3772917175293 63.8882356262207 77.3594866943359 83.5016571044922 83.4170181274414 82.0370407104492 73.4689031982422 71.1261856079102 68.5452154541016 67.9308755493164 71.7721676635742 74.7822689819336 73.2165167236328 73.0223110961914 74.6804013061523 72.2182562255859 70.3069493103027 76.3020645141602 76.2453503417969 77.3502365112305
62.1758351135254 69.2142604064941 70.0918069458008 70.0230905151367 70.2518392944336 71.0507077026367 70.5877079772949 69.8937750244141 70.0794836425781 67.7757855224609 67.3700868225098 66.190032043457 67.3444647216797 68.8129559326172 67.0397395324707 61.3040084838867 57.8875093078613 63.7805732727051 61.4042510986328 62.5227261352539 64.0792501831055 65.7344952392578 64.7897135925293 64.2317663574219 61.1677577209473 62.8737821960449 65.3306741333008 60.4892448425293 74.4691731262207 79.0050064086914 80.3852731323242 75.7797775268555 66.4205023193359 70.0923516845703 74.6612872314453 73.3421759033203 81.6617385864258 78.438923034668 75.4659252929687 74.2782928466797 73.9954641723633 74.7592138671875 73.2363177490234 73.4938037109375 75.7686163330078 76.2145257568359
66.0457298278809 63.2148385620117 65.6579870605469 67.8730743408203 68.0817672729492 67.5547534179688 70.5407791137695 68.9729779052734 70.0214318847656 69.0642282104492 71.0215966796875 69.2812759399414 69.9786703491211 68.1640319824219 67.8404507446289 67.6578727722168 64.2291296386719 60.5940434265137 60.0452911376953 61.1706694030762 64.3820259094238 67.2658239746094 62.6524198913574 61.8758042907715 59.9292137145996 58.9488452148438 66.1227488708496 62.1939395141602 70.2102632141113 67.0594731140137 67.2573155212402 66.8629815673828 69.9982662963867 76.982492980957 83.7332196044922 75.0228369140625 81.1859957885742 81.7087130737305 76.5097235107422 75.3171002197266 75.8290002441406 76.470774230957 74.7530130004883 73.531496887207 76.1838439941406 76.4954251098633
76.1585650634766 70.2612197875977 66.5521873474121 64.3279530334473 68.0505223083496 68.9419010925293 63.4688079833984 70.7246241760254 69.0981538391113 67.1057040405273 66.3586503601074 70.3171734619141 68.3418341064453 71.4251672363281 68.8709320068359 68.6706066894531 68.9967239379883 68.0463340759277 62.5671522521973 61.397834777832 63.6751518249512 64.0416825866699 62.7075877380371 67.8852465820312 67.1425587463379 64.4450860595703 68.0956120300293 67.5147027587891 69.6199819946289 72.6215631103516 67.4092549133301 66.3235609436035 80.7215130615234 84.8500939941406 86.3078317260742 77.5742221069336 74.3641244506836 74.9354345703125 75.3666903686523 75.788564453125 75.4174194335938 76.335192565918 77.1877224731445 75.7490185546875 78.0105868530273 77.6470306396484
77.4037051391602 79.7708889770508 75.8807708740234 69.8840060424805 71.4097924804688 70.8056268310547 65.6258885192871 67.1728619384766 66.2757733154297 59.7133935546875 56.9022038269043 61.5847955322266 65.9673124694824 70.3378546142578 72.6559588623047 72.1235778808594 72.6417358398437 71.9751617431641 70.1671234130859 66.5486836242676 68.6951348876953 70.4140899658203 70.5055786132812 71.2272009277344 71.8392904663086 69.07232421875 70.7102209472656 70.7398297119141 69.2367643737793 72.7412857055664 70.1449658203125 76.6098483276367 85.1997024536133 80.3024923706055 75.2195715332031 70.8802975463867 69.4169232177734 74.2631759643555 76.0017855834961 76.2721350097656 75.8017434692383 76.2391979980469 76.8749118041992 77.0514794921875 75.8386685180664 75.3636141967773
70.6996722412109 78.4908850097656 73.6671963500977 73.4436270141602 74.3200296020508 75.4786822509766 73.4745329284668 69.9024549865723 65.7993664550781 60.1711259460449 55.0235704040527 54.4418695068359 57.7832260131836 56.7880690002441 62.8321437072754 69.6280265808105 72.1970677185059 72.0002099609375 72.8492752075195 74.4026965332031 71.4261151123047 72.9540954589844 73.6753839111328 72.0363388061523 71.2851663208008 71.6796145629883 71.4978958129883 71.120397644043 70.950505065918 69.4289524841309 68.8982759094238 70.8423385620117 68.1304711914062 68.3420808410645 65.928397064209 68.8007867431641 70.4571319580078 72.3120352172852 75.4803521728516 74.1463009643555 75.195163269043 73.2428771972656 73.906572265625 76.4094171142578 73.341820526123 73.5220935058594
71.4369421386719 71.7235891723633 70.8105624389648 70.3211166381836 69.5215460205078 71.158401184082 74.7213021850586 74.8610452270508 74.2268878173828 69.0375064086914 60.9573191833496 60.9782398986816 60.5322920227051 63.0596862792969 61.9989608764648 59.6806272888184 57.2188514709473 64.9778344726563 67.9485815429688 69.8829925537109 72.4526934814453 70.4198452758789 70.1759506225586 72.7143200683594 73.6873388671875 72.8441018676758 71.6289508056641 70.9270593261719 71.506389465332 68.3399688720703 68.8722723388672 70.3222320556641 71.3884005737305 70.6737652587891 66.4336972045898 68.3987594604492 71.9192596435547 72.6152282714844 69.266828918457 71.407839050293 71.7069229125977 73.4459149169922 71.4532659912109 72.1966653442383 73.7513458251953 74.6871392822266
71.2576449584961 71.1309826660156 70.39599609375 71.4063989257812 71.2577825927734 70.7979577636719 70.2984600830078 71.2103842163086 74.2283554077148 74.3917694091797 68.4084609985352 64.8205816650391 64.4385018920898 65.429150390625 65.8039727783203 67.4362655639648 67.7092440795898 62.5657000732422 56.4156526184082 59.0671006774902 63.2829745483398 68.366590423584 72.8804483032226 68.4571383666992 69.4685708618164 73.5671752929688 74.4641979980469 71.9903256225586 71.3497543334961 70.1223812866211 73.1270120239258 73.7998452758789 70.7918701171875 69.899482421875 66.6753765869141 67.2089068603516 71.6267553710938 71.9258572387695 69.7174765014648 69.0771401977539 69.9658953857422 70.4928884887695 70.9936770629883 71.0893637084961 74.7311166381836 75.5891046142578
