Rasters_5km/Silt_Res5km.asc
NCOLS 161 
NROWS 96 
XLLCORNER 210004.651214014 
YLLCORNER 7345008.22228844 
CELLSIZE 5000 
NODATA_value -3.4e+38 
[rows 21 to 41 of 96, columns 46 to 91 of 161]
-3.4e+38 -3.4e+38 -3.4e+38 -3.4e+38 -3.4e+38 -3.4e+38 5.50077993529184 4.69439826011658 -3.4e+38 -3.4e+38 -3.4e+38 -3.4e+38 -3.4e+38 5.17276136691754 -3.4e+38 5.27512071349404 -3.4e+38 -3.4e+38 -3.4e+38 -3.4e+38 -3.4e+38 -3.4e+38 -3.4e+38 -3.4e+38 -3.4e+38 -3.4e+38 -3.4e+38 -3.4e+38 -3.4e+38 4.83852725443633 5.35907692909241 4.18130396842957 3.74685220718384 3.85915880203247 3.84870098114014 3.80551144599915 3.8178196811676 4.25699228286743 4.51346750259399 4.85170537948608 4.5905454826355 4.29233596801758 4.51848539352417 4.70433570861816 4.49556606292725 4.43491840362549
-3.4e+38 -3.4e+38 -3.4e+38 -3.4e+38 -3.4e+38 3.61218667030334 4.85282373428345 4.27629045818163 -3.4e+38 -3.4e+38 -3.4e+38 5.10451323645456 6.00240539550781 6.33636220932007 5.85140575408936 4.59611227035522 -3.4e+38 -3.4e+38 -3.4e+38 -3.4e+38 -3.4e+38 -3.4e+38 -3.4e+38 -3.4e+38 3.85419808115278 -3.4e+38 -3.4e+38 4.35066755612691 4.43781791687012 5.54807915687561 5.58355674743652 3.66613779067993 3.70756533622742 3.77132580757141 3.80072961807251 3.77300625801086 4.04762108802795 4.44075963020325 4.81385639190674 4.73736764907837 4.70563734054565 4.34727321624756 4.38142866134644 4.80137084960938 4.71391738891602 4.9157395362854
-3.4e+38 -3.4e+38 -3.4e+38 -3.4e+38 2.58434104919434 1.95807754516602 3.91823062896729 6.39034477233887 5.72567822535833 6.17613852651496 4.27588634905608 5.98605096817017 6.89316112518311 6.50092632293701 7.39304004669189 6.22063316345215 5.0877527141571 4.30023396015167 3.79361469405038 -3.4e+38 3.70135587912339 3.88096179280962 4.62453762292862 4.16082280158997 5.27194036483765 4.95154532432556 5.633724193573 6.8542667388916 7.17553115844727 6.58606067657471 6.00192876815796 4.4075439453125 3.41978548049927 3.47987524032593 3.67001842498779 3.78170355796814 4.10085337638855 4.34231931686401 4.88753799438477 4.65718702316284 4.82597766876221 4.68918355941772 4.59265165328979 4.82048955917358 4.80496725082397 4.75774726867676
-3.4e+38 -3.4e+38 4.97622804641724 6.27052038192749 5.67666915893555 6.09913953781128 7.14747434616089 6.95147605895996 6.37431816101074 6.71451114654541 8.01883247375488 7.44754062652588 6.7502876663208 7.44841283798218 6.85309024810791 7.60985567092895 6.68896192550659 6.73701257705688 5.10968570709228 3.86140192985535 4.49872890472412 5.1754433631897 5.93874591827393 6.17839622497559 5.77591857910156 6.64350238800049 7.1741893196106 7.48479425430298 7.03660680770874 6.0702089881897 5.86761331558228 3.97680320739746 3.10496562004089 4.12774202346802 3.12539107322693 3.26755030155182 4.12270079612732 4.61862588882446 4.86179328918457 4.72258495330811 4.73517126083374 4.65435621261597 4.89996088027954 4.82891653060913 4.87849727630615 4.8939324760437
-3.4e+38 5.85635025302569 7.86366445541382 8.38333641052246 7.93201396942139 8.01601900100708 6.65144716262817 7.15192626953125 6.77611507415771 7.14981763839722 6.89971103668213 6.3859222984314 7.21095983505249 6.74922708511353 6.75006090164185 5.99483186721802 6.56323896408081 7.96275968551636 8.05298524856567 6.24565944671631 7.13630949020386 7.29688554763794 8.50260660171509 8.93725706100464 6.94937498092651 6.06268627166748 5.58044385910034 6.14040988922119 7.26676559448242 6.55392890930176 6.19738220214844 4.65163939476013 4.07574235916138 4.7603422164917 4.36514042854309 2.98725282669067 3.99611533164978 4.49917768478394 4.80828855514526 4.61153423309326 4.00136936187744 4.4951877784729 4.7454225730896 4.95797798156738 4.93826068878174 4.98129705429077
6.95743280410767 7.95386123657227 8.87432245254517 7.17354433059692 6.12786128997803 6.74526296615601 7.47084188461304 7.4940521812439 6.85770463943481 6.49453054428101 6.24799848556519 6.42939231872559 6.02897172927856 5.9766912651062 6.77380487442017 6.68424076080322 7.53428718566895 8.66452459335327 8.53274013519287 8.30416938781738 9.19335916519165 8.12733947753906 8.59440124511719 9.39516735076904 7.78546852111816 8.01410606384277 6.95009325027466 5.40623394012451 6.23323812484741 6.2701668548584 6.07592336654663 6.25907127380371 5.65178001403809 5.89787954330444 5.50111164093018 4.54075167655945 5.06717667579651 5.15482141494751 4.83393114089966 4.49339868545532 3.20230752944946 4.4461261177063 4.50276206970215 4.93148599624634 4.70387475967407 4.86738260269165
7.21247226715088 8.29587461471558 8.54541530609131 7.50068113327026 6.09350473403931 6.31845342636108 7.13999744415283 7.46264894485474 7.28359354019165 7.12242042541504 6.66265241622925 6.64439649581909 6.63714935302734 6.88001796722412 6.64067760467529 6.32381732940674 6.20404922485352 6.71056070327759 6.57676179885864 8.16147657394409 9.19844982147217 7.99349496841431 7.10060363769531 7.13790029525757 6.789895362854 7.9252731513977 7.15827638626099 6.35151302337646 6.090201587677 6.49312061309814 6.15930635452271 6.07657596588135 5.56515985488892 6.0007569694519 4.89862390518188 4.88944164276123 4.95642000198364 5.22708654403687 4.9690186882019 4.7526127243042 3.33258170127869 3.91653663635254 4.60345890045166 4.82549777984619 4.75934734344482 4.51393836975098
6.41130506515503 6.6288906288147 7.55619178771973 6.87269832611084 6.07008039474487 5.90254552841187 6.68867399215698 7.59028692245483 7.94751787185669 6.65050563812256 6.51484403610229 6.43164319992065 6.04844392776489 6.15017877578735 6.37189805984497 6.3173192024231 6.03627450942993 6.01463453292847 6.55038221359253 6.69818054199219 6.66640678405762 7.69546018600464 6.75444375991821 6.19739366531372 6.37030862808228 6.6350107383728 6.28511077880859 6.06951747894287 5.44592465400696 5.04587984085083 4.85923501968384 5.13757585525513 4.83564939498901 4.01915751457214 4.39394200325012 4.49761655807495 4.32002180099487 4.57381614685059 4.65281294822693 4.59075800895691 4.0896005153656 3.61497797012329 4.8650825881958 4.67967590332031 4.51358642578125 4.39700239181519
5.95400177001953 6.25014379501343 6.2660186958313 5.87316305160522 5.77622062683105 6.69008613586426 6.28052768707275 5.15104789733887 8.10217472076416 6.95275245666504 5.98621814727783 6.12542901992798 6.24459810256958 6.46697776794434 6.20147401809692 6.42950395584106 6.79234619140625 6.85282970428467 6.60979866027832 6.96261655807495 7.12207799911499 6.76602647781372 6.96070318222046 6.47757749557495 6.1717894744873 6.2887219619751 5.365266456604 4.97961603164673 4.85128452301025 6.11359613418579 4.20452181816101 5.09182441711426 4.86558113098144 4.38364853858948 5.32918643951416 5.60709857940674 5.07720291137695 3.96696572303772 3.73401600837708 4.37654929161072 4.35428928375244 2.806604347229 4.02483589172363 4.68613226890564 4.76209981918335 4.80611152648926
5.6538787651062 5.79584009170532 5.89091659545898 6.62792596817017 6.03753698348999 6.20859313964844 6.75536436080933 5.7255193901062 7.57618352890015 7.49048627853394 6.39542295455933 6.43592437744141 6.25567735671997 6.84571054458618 6.8966099357605 6.89238090515137 7.17958240509033 6.52293910980225 6.71269472122192 6.97395895004273 8.07115056991577 7.6368794631958 7.39797227859497 6.19395397186279 6.05286851882935 5.2939575958252 5.29183757781982 6.97117610931396 5.87235012054443 6.18454614639282 4.12413727760315 4.87609395980835 5.51656831741333 6.84418071746826 6.14560002326965 6.55311214447021 5.74826684951782 3.60521574020386 2.80202349662781 3.28042823791504 4.29989239692688 4.07090346336365 4.57440905570984 4.37657976150513 4.31686721801758 4.82771089553833
5.5306654548645 5.40125635147095 5.63435581207275 6.03786199569702 5.92378389358521 6.16070167541504 5.84308179855347 5.77614114761353 6.85162364959717 6.21828266143799 6.18642143249512 6.12539962768555 6.49089790344238 6.33028539657593 6.74306312561035 6.4321985244751 7.09186611175537 6.14185478210449 6.25207471847534 6.11752389907837 7.55974973678589 6.39807334899902 6.30034032821655 6.10062997817993 6.26677522659302 6.11299034118652 5.85337480545044 6.1789414024353 5.86415571212769 6.12711204528809 5.58867139816284 4.99606157302856 4.67200815200806 5.98851886749268 6.58481121063232 6.81917530059814 6.92018033981323 5.20619899749756 3.89088024139404 2.94624398231506 3.3945102596283 3.66226957321167 6.37595333099365 5.088849401474 3.92616468429565 4.19089765548706
5.53125331878662 5.76031684875488 5.65761377334595 5.63925138473511 5.45272087097168 5.43562467575073 5.74532527923584 5.53812841415405 6.19935623168945 6.52407480239868 6.15449758529663 5.83788738250732 6.34819665908813 6.22730815887451 6.85998805999756 6.87565706253052 6.78521642684936 6.28964376449585 6.03288566589355 6.73869180679321 7.86685253143311 7.41241720199585 6.00856624603272 6.01681680679321 6.18800071716309 6.3139807510376 6.17670782089233 5.00585537910461 4.99211601257324 5.02063503265381 4.49160596847534 4.44931449890137 3.83341220855713 3.90681434631348 5.71069631576538 6.76410932540894 6.67228008270264 6.25795608520508 6.22170732498169 6.96295993804932 5.72221642494202 5.49497111320496 3.79173069953918 3.65918159484863 3.80561870574951 4.02098393440247
5.88983722686768 7.24972009658813 6.07602531433105 6.2294161605835 5.68792882919312 5.79059795379639 6.5324040222168 6.48069206237793 6.20723087310791 5.83195978164673 5.44595146179199 5.26278984069824 5.85563055038452 5.77398662567139 6.09328145980835 6.59853811264038 7.01980587005615 6.28580299377441 6.32787492752075 6.9503964805603 7.76527194976807 8.07167509078979 6.88952289581299 5.82117525100708 5.99101629257202 6.0450862121582 6.41699504852295 6.21098418235779 4.21668390274048 4.32597291946411 4.33551086425781 4.38837306022644 4.16856181144714 4.08399457931519 5.14928136825562 6.29177936553955 6.46763996124268 5.85176563262939 5.81708530426025 6.03337455749512 6.65913093566895 4.56215310096741 3.22068339347839 3.52124450683594 3.68852459907532 4.97947227478027
6.47210710525513 6.7307112121582 6.97096862792969 7.25348628997803 6.78701929092407 7.71295335769653 8.15965648651123 6.85684436798096 5.82394737243652 5.81666521072388 5.14643314361572 5.28189058303833 5.61926717758179 5.77575002670288 6.39487592697144 6.19576948165894 6.50053777694702 6.76004383087158 7.14590293884277 8.74004539489746 8.79960823059082 7.27288766860962 6.71145824432373 6.13992418289185 6.20434925079346 6.24488468170166 6.27988996505737 8.24890977859497 7.26723602294922 5.28316537857056 4.21300666809082 3.70476901054382 3.82048261642456 4.18546580314636 5.67809707641602 6.00980348587036 6.20729007720947 5.85548864364624 5.89466524124146 5.54693284988403 4.65309973716736 3.42146043777466 3.37993163108826 3.96216191291809 4.05873425483704 4.79575273513794
5.79163652420044 5.9028168296814 6.74181322097778 6.86861530303955 7.2078861618042 6.93796363830566 6.1440874671936 6.9981661605835 7.45126766204834 6.96236047744751 7.06418218612671 6.22172277450561 6.67011144638062 5.70226036071777 6.56007043838501 6.067590675354 5.73055793762207 7.56007587432861 9.1158087348938 8.95995115280151 9.06482446670532 6.69561790466309 6.42414138793945 7.2727010345459 7.09331254959106 6.58850824356079 6.10014278411865 7.23007764816284 9.07538372039795 7.2123305606842 4.62534961700439 4.31202025413513 5.04646940231323 5.63870252609253 5.90008853912354 6.22985668182373 6.2470994758606 5.85762823104858 5.11695571899414 4.75020036697388 4.67248474121094 3.59396389007568 3.58274597167969 4.02498598098755 4.3616065120697 4.82395481109619
5.5965717124939 5.5530619430542 5.67812271118164 6.15478565216064 6.7814260673523 7.64891521453857 7.48326017379761 7.50022125244141 7.41048048019409 7.6456875038147 7.93168336868286 7.10957387924194 7.67549240112305 6.26697576522827 7.63252964019775 6.90970470428467 6.20544631958008 7.12174512863159 9.18600898742676 8.54063610076904 8.76540912628174 6.20614442825317 6.28682064056397 6.56078565597534 6.41970239639282 6.23073621749878 6.59196483612061 6.40082525253296 8.02432451248169 7.84521350860596 6.91672872543335 5.92247440338135 5.72354711532593 6.2864054107666 6.20450269699097 7.37795196533203 5.94287130355835 5.08054473876953 4.63724336624145 4.6834267616272 3.91414570808411 3.54996223449707 3.92543968200684 4.40998317718506 4.5484578704834 4.36061033248901
5.73779186248779 5.56137739181519 5.75072666168213 5.70665588378906 5.91913637161255 7.40577682495117 7.98460124969482 8.51818706512451 8.70175901412964 8.65236993789673 9.036809425354 8.86078079223633 8.56387252807617 7.86313028335571 8.04627521514893 7.9483775138855 6.6007145690918 5.85911655426025 6.63686750411987 6.58330982208252 6.01743818283081 5.52148714065552 5.40612255096436 6.03415277481079 6.45581527709961 5.63382791519165 6.13385904312134 6.04456050872803 6.0859493637085 6.50430921554565 6.48367280960083 6.26075494766235 5.94369678497314 6.12967561721802 6.9407886505127 6.15880809783936 5.43782379150391 5.60019710540772 4.95523108482361 4.12358603477478 4.41235107421875 3.91883502006531 3.99291887283325 4.38227872848511 4.82811874389648 4.34514141082764
5.65178075790405 5.36084693908691 5.41761724472046 6.94163822174072 7.82755168914795 8.54662664413452 8.84908931732178 9.34666618347168 9.42205936431885 9.34381332397461 9.2812357711792 9.21941913604736 8.93373767852783 8.69763830184936 8.49950550079346 7.91178003311157 7.25103893280029 5.88005456924438 5.66845392227173 6.51186288833618 6.00005590438843 6.68549657821655 5.98743350982666 6.52002141952515 6.79724365234375 7.10065093994141 5.81141716003418 5.69933135986328 6.40078056335449 6.36968801498413 6.14231750488281 6.35871606826782 6.08693176269531 6.12293226242065 5.85289054870605 5.70735710144043 6.19189426422119 5.83075736999512 4.85683332443237 4.11333710670471 4.05598004341125 4.00946203231812 4.24506803512573 4.25716490745544 4.45017276763916 4.44476776123047
6.28713085174561 7.26519319534302 6.85673692703247 5.53653364181519 6.47317361831665 7.30355163574219 8.37492755889892 6.95438108444214 8.33591873168945 8.84088443756104 8.86320114135742 8.7955948638916 8.70381565093994 8.23701229095459 8.05873693466187 7.4244970703125 7.75694257736206 7.57820413589478 7.18213598251343 7.52361663818359 7.60994031906128 8.08254669189453 7.52115327835083 7.17473896026611 6.42817367553711 5.96065811157227 5.98361354827881 7.26433794021606 7.00851438522339 5.70512031555176 6.69619550704956 5.97873947143555 5.76561260223389 5.74394260406494 5.97054300308228 6.67217573165894 6.45126949310303 5.284762840271 4.85894165039062 4.16497999191284 3.8298611164093 3.95022847175598 5.3283104133606 3.75920569419861 3.93846442222595 4.36846467971802
5.59912483215332 6.38687326431274 7.91238065719604 6.4546110534668 5.86918775558472 6.69000598907471 5.98974153518677 7.40971891403198 7.77957485198975 6.75349765777588 6.40045207977295 6.67573482513428 6.90199563980103 6.62084072113037 6.62763675689697 6.29271759033203 6.64938163757324 6.84976898193359 7.03824594497681 6.66354763031006 6.50963430404663 7.14036893844604 7.29893642425537 7.09658016204834 6.33427408218384 7.16043310165405 6.22134061813354 7.42353380203247 7.44124542236328 6.36726766586304 5.81738761901855 5.69628643035889 5.95913684844971 5.49849765777588 6.02607511520386 7.75838562011719 7.76699598312378 5.87796522140503 4.43026205062866 4.79094818115234 4.25040437698364 4.14569581985474 5.38431337356567 4.40918460845947 3.9407691860199 4.12273218154907
6.93242267608643 6.46584232330322 6.92893918991089 6.93856269836426 7.08270952224731 7.21782745361328 6.58171676635742 6.49166620254517 6.56248743057251 6.52898651123047 6.53216167449951 6.21824367523193 5.79540395736694 5.79386575698853 6.14561098098755 6.36811859130859 6.33055097579956 6.38326471328735 6.15539335250855 6.36271043777466 6.4930890083313 6.48785938262939 6.11970491409302 6.94597734451294 7.40451211929321 7.20802421569824 6.45221784591675 6.96802659988403 6.53895631790161 7.31825210571289 5.79021257400513 5.88143074035645 6.08295406341553 5.60215480804443 6.64382871627808 7.06896842956543 7.78160427093506 5.27917980194092 4.5368533706665 4.47564842224121 4.50349468231201 4.64729590415955 5.53023506164551 4.79160327911377 3.97275351524353 4.0184484577179
