Rasters_5km/Silt_Res5km.asc
NCOLS 161 
NROWS 96 
XLLCORNER 210004.651214014 
YLLCORNER 7345008.22228844 
CELLSIZE 5000 
NODATA_value -3.4e+38 
[rows 63 to 83 of 96, columns 46 to 91 of 161]
5.7715894317627 5.95236625671387 5.73021074295044 6.03639226913452 5.91898206710815 6.12021686553955 5.64982702255249 5.7225212097168 5.68476083755493 5.70766147613525 5.60105113983154 5.68946201324463 5.62646764755249 5.60648447036743 5.77069942474365 5.82493556976318 5.81648532867432 6.12547342300415 6.20923063278198 6.2389693069458 5.75043231964111 5.9061616897583 6.57492908477783 5.93515581130981 6.35655630111694 6.44681297302246 6.80878505706787 6.67347745895386 5.77496646881104 6.28214405059814 6.49056684494019 6.2574997138977 6.42357128143311 5.92226327896118 5.79941877365112 5.62519664764404 5.63158666610718 5.59112663269043 5.73230463027954 5.91841327667236 5.81704357147217 5.90001649856567 6.00094034194946 5.687331199646 5.67242021560669 5.64520351409912
5.72661241531372 5.77612997055054 5.68763710021973 5.72335704803467 5.68574686050415 5.78431423187256 5.76059144973755 5.72037136077881 5.64088077545166 5.87463455200195 6.01493577957153 5.7428491973877 5.46385480880737 5.86408489227295 5.72326822280884 5.67329164505005 5.59931198120117 5.79056657791138 5.72918775558472 5.63915990829468 5.78700262069702 5.84090682983398 6.35586694717407 6.16477270126343 6.37040027618408 6.7704909324646 6.76445474624634 6.95397434234619 6.22637042999268 5.93830410003662 6.14543716430664 6.49557010650635 6.17202789306641 6.50784139633179 6.46035675048828 6.10752954483032 6.25121129989624 6.05716382980347 5.92722673416138 5.78952579498291 6.07974721908569 5.98629594802856 5.93270612716675 5.67561305999756 5.90487440109253 5.61582347869873
6.01815689086914 5.98455760955811 5.84438776016235 5.71703207015991 5.6712412071228 5.66623586654663 5.69891386032104 5.62990610122681 5.69095327377319 5.80406595230103 5.68075813293457 5.73626796722412 5.67812377929688 5.68120138168335 5.71061227798462 5.81490594863892 5.93794271469116 6.34721033096313 5.81033332824707 5.73823097229004 5.84511196136475 5.94374820709228 5.97025465011597 5.97792419433594 5.82690265655518 6.00385082244873 5.76852474212646 6.21640159606934 6.57058210372925 6.32726272583008 6.27445753097534 6.0277512550354 6.60528472900391 6.29276020050049 6.30786996841431 6.05759246826172 5.95543117523193 6.01860488891602 6.12519708633423 6.09116891860962 5.99340478897095 6.18366981506348 6.0326346206665 6.27968225479126 6.04413084030151 5.6956085395813
5.53641860961914 6.20976625442505 5.91262908935547 5.85245538711548 5.80864240646362 5.682873878479 5.67226535797119 5.5045832824707 5.72389320373535 5.51224811553955 5.42865854263306 5.6780460357666 5.610041847229 5.69381500244141 5.91851970672607 6.35668020248413 6.45616533279419 6.23654956817627 6.52535188674927 5.98740829467773 5.69524570465088 5.76381074905396 5.75140958786011 5.77269519805908 5.66651021957397 5.79067768096924 5.68993551254272 5.78494733810425 5.66588068008423 5.66341653823853 5.97835786819458 5.45811702728271 6.03959754943848 6.28778062820435 6.16221008300781 5.73190988540649 5.93913230895996 6.01509086608887 5.70954238891602 5.97221799850464 6.09932464599609 6.10431715011597 5.95377025604248 5.65477802276611 5.85162378311157 5.80514312744141
6.08454511642456 6.22378143310547 6.01742788314819 5.73454494476318 5.741203956604 5.75191410064697 5.69428691864014 5.63043785095215 5.63506578445435 5.56840999603271 5.54481351852417 5.63723247528076 5.65753879547119 5.83553981781006 5.99955459594727 5.65689701080322 5.70462009429932 5.71373651504517 5.84459096908569 5.92836071014404 5.72599514007568 5.69372573852539 5.71487934112549 5.76051717758179 5.80863784790039 5.92786155700684 6.13164388656616 5.60933931350708 5.68119827270508 5.74322999954224 5.69425542831421 5.59790952682495 5.47603197097778 5.76426992416382 5.81097660064697 5.70309823989868 5.94086107254028 5.91855424880981 5.81705991744995 5.79108322143555 6.02465162277222 5.84829362869263 5.65048225402832 5.60872560501099 5.81675771713257 5.80464807510376
6.09144014358521 6.07040246963501 6.09313278198242 5.88909976959228 5.65844396591187 5.73156169891357 5.93207689285278 5.65856758117676 5.57802320480347 5.60765785217285 5.58789764404297 5.70797887802124 5.69490449905395 5.99632638931274 5.97524501800537 5.70818069458008 5.80038841247559 5.39938423156738 5.26208337783813 5.41999853134155 5.67192132949829 6.05422096252441 5.84017126083374 5.76270671844482 5.78893724441528 5.81091239929199 5.82529497146606 5.55643295288086 5.63736541748047 5.74290925979614 5.73718742370605 6.03940469741821 6.27955284118652 6.14484926223755 6.55713352203369 5.94003255844116 6.00316293716431 5.94947593688965 5.76215633392334 5.74493522644043 6.19357110977173 5.86118227005005 5.64043642044067 5.74466199874878 5.85034431457519 6.09176601409912
5.75134834289551 5.86393941879272 5.76253070831299 5.86421607971191 5.91147615432739 5.89347177505493 5.8565696144104 5.82196130752564 5.89893253326416 5.94882846832275 5.86637443542481 5.60434408187866 5.67264057159424 5.97853551864624 5.95008676528931 5.82204217910767 5.53752155303955 4.72044240951538 5.28392135620117 5.3358648109436 5.34437957763672 5.84520175933838 6.05742628097534 5.95094650268555 5.55548320770264 5.63492292404175 5.78078678131104 6.1091845703125 6.04826614379883 5.89408279418945 5.91968212127686 5.74885402679443 5.5424880027771 5.61310009002686 5.42404754638672 5.61618101119995 5.61878612518311 5.73933078765869 5.92712247848511 6.11236223220825 5.94657287597656 5.84316890716553 5.62269947052002 5.75240442276001 5.63118322372437 6.06852582931519
5.66272317886353 5.68636238098145 5.61227277755737 5.50754592895508 5.85325624465942 5.85166854858398 5.62843057632446 5.85781829833984 5.92465383529663 6.12180557250977 6.30143985748291 6.32939193725586 6.13732261657715 5.75092409133911 5.85277685165405 5.74308832168579 5.62746994018555 5.27608863830566 5.3782389831543 5.28057710647583 5.48661787033081 5.81485263824463 5.86603631973267 5.93495183944702 5.72105195999146 5.52971485137939 5.7329532623291 5.93073928833008 6.34630916595459 5.96511281967163 5.86385620117187 5.28985918045044 5.12709283828735 5.09311693191528 4.85910347938538 4.89163906097412 5.63027412414551 5.68529767990112 5.83695194244385 5.80472524642944 5.89224601745605 6.06219240188599 6.0740212059021 5.75961479187012 5.80891696929932 5.87774276733398
5.42922372817993 5.57510065078735 5.50673133850098 5.42285799026489 5.2750828742981 5.61886445999146 5.51879676818848 5.96674501419067 6.32097053527832 6.0071643447876 5.77584197998047 5.99027353286743 6.06170253753662 5.40751521110535 6.08743743896484 5.75123384475708 5.77192443847656 5.86067659378052 5.55282670974731 5.75075521469116 6.01381269454956 6.09207834243774 5.87768686294556 6.10610675811768 5.93179132461548 5.57115200042725 5.6747465133667 5.81775054931641 5.92053745269775 5.95829132080078 5.91732063293457 5.61979782104492 5.62430967330933 5.70279573440552 5.71596326828003 5.81114500045776 5.78743064880371 5.88197368621826 5.85525064468384 5.99002208709717 5.74825193405151 5.94840822219849 6.12665803909302 6.06374113082886 5.92333902359009 6.20663711547852
5.3489852142334 5.55004848480225 5.61954177856445 5.58181148529053 5.5889556312561 5.58781885147095 5.53605522155762 5.4344945526123 5.39977977752686 5.67932056427002 5.63538823127747 5.51469158172607 5.61500764846802 5.39012926101685 6.15785709381104 5.87013975143433 5.75511323928833 5.68047071456909 5.78832069396973 5.9543271446228 6.12862815856934 5.79549409866333 5.59492038726807 6.33487789154053 5.88462278366089 5.79748786926269 5.80848041534424 5.85839897155762 5.93290908813477 6.31928155899048 5.6237020111084 5.57775970458984 5.81374994277954 6.30857042312622 6.16022386550903 6.16862251281738 6.04893690109253 5.98027170181274 5.80589778900146 6.05874040603638 6.03539014816284 6.0088131904602 5.9709460067749 5.94196180343628 6.04326778411865 6.07820932388306
5.50107515335083 5.47182929992676 5.620080909729 5.59725164413452 5.59329561233521 5.58276983261108 5.57074823379517 5.57562297821045 5.53803825378418 5.49747299194336 5.49729251861572 5.93638822555542 5.9604727935791 5.17654014587402 5.19717622756958 5.76941730499268 5.97957765579224 6.36670305252075 6.38232473373413 6.12854557037353 6.2712815284729 6.52519002914429 6.17060283660889 6.07105981826782 5.81150838851929 6.19002695083618 6.84054302215576 7.14818599700928 6.58676704406738 6.50244052886963 6.04317419052124 5.86622226715088 5.92570030212402 6.30094024658203 5.75310457229614 5.79774816513062 5.78650062561035 5.75134887695313 5.68668050765991 5.67777439117432 5.79460369110107 6.21287210464478 5.94661104202271 5.58367710113525 5.60328876495361 5.77182243347168
5.45267454147339 5.38749475479126 5.55422313690186 5.5070592880249 5.42622919082642 5.50595232009888 5.56987531661987 5.57846794128418 5.56735889434814 5.57243902206421 5.56767501831055 5.60277460098267 5.48053573608398 5.88952651977539 5.89746824264526 5.82200090408325 6.92613412857056 7.39050773620605 7.17945352554321 6.85769758224487 6.121302318573 7.07218059539795 6.66277877807617 6.44461881637573 6.37079851150513 5.76035221099854 6.11736667633057 6.8026849937439 7.35968772888184 6.63215932846069 6.4486735534668 6.09181423187256 5.97624404907227 5.81470859527588 5.73885522842407 5.76893142700195 5.72631814956665 5.78803913116455 5.83514060974121 5.75164897918701 5.910749168396 5.76145553588867 5.84401733398438 5.88426187515259 6.11183032989502 6.26340562820435
5.42931058883667 5.48849634170532 5.50937274932861 5.43116945266724 5.30855596542358 5.4966051864624 5.35972745895386 5.34203989028931 5.45828344345093 5.54618371963501 5.57541341781616 5.59625926971436 5.57030700683594 5.70084331512451 5.84109258651733 5.88610952377319 6.29110359191895 6.83091836929321 6.65393724441528 7.03316976547241 6.15385501861572 6.57897169113159 6.46376491546631 6.09623254776001 6.22451969146729 6.47248840332031 6.3408535194397 6.3867827796936 6.4117804145813 6.21385992050171 5.75828622817993 5.74511423110962 5.45225006103516 5.2960209274292 5.55332025527954 5.60739814758301 5.84967111587524 5.65911066055298 5.77611623764038 5.81379606246948 5.74486057281494 5.75395460128784 5.77911823272705 5.76045763015747 5.71892538070679 6.04995483398438
5.52985446929932 5.40987102508545 5.45530822753906 5.12790664672852 5.27472826004028 5.27087556838989 5.40431409835815 5.5648726272583 5.60734607696533 5.63827934265137 5.57400182723999 5.57426422119141 5.55750011444092 5.54629053115845 5.47873022079468 5.72664585113525 6.08012559890747 6.09219459533691 6.25134309768677 6.36501131057739 6.33819524765015 6.6432618522644 6.45503314971924 6.11315828323364 6.47141050338745 6.79806079864502 6.18509048461914 6.41477725982666 6.11415369033814 5.90241676330566 5.78760766983032 5.69666139602661 5.60263053894043 5.55630731582642 5.57801141738892 5.63008157730103 5.11176570892334 4.69732255935669 5.50563032150269 5.80487510681152 5.7103035736084 5.66059501647949 5.72409595489502 5.79717309951782 6.03871549606323 6.08167455673218
5.24487707138061 5.21687519073486 5.22696123123169 5.16821922302246 5.10031949996948 5.08650964736939 5.42916988372803 5.57069248199463 5.58450963973999 5.68942859649658 5.65143060684204 5.53720188140869 5.47547542572021 5.52824853897095 5.26495321273804 5.5376873588562 5.43834087371826 5.61390909194946 5.82706785202026 5.71612190246582 5.67525178909302 5.94270599365234 6.25645792007446 5.91075466156006 6.20893655776978 6.03079946517944 5.79023300170898 5.64307445526123 5.77331008911133 5.59742238998413 5.70097305297852 5.6384765625 5.67746520996094 5.43863952636719 5.08364168167114 5.37535564422607 5.8892253112793 5.93488761901855 5.5858113861084 5.93138343811035 5.75963390350342 5.98447547912598 5.72437936782837 5.62833723068237 5.99742385864258 5.93535718917847
5.41068260192871 5.08539556503296 5.48628070831299 5.62968296051025 5.6340468788147 5.38216833114624 5.1197101020813 5.4019612121582 5.53759653091431 5.58422708511353 5.51032560348511 5.55809534072876 5.58052406311035 5.51277576446533 5.07439100265503 5.47760074615478 5.40714849472046 5.42348171234131 5.36691116333008 5.24678188323975 5.24764001846313 5.04763744354248 5.36114343643188 5.34476366043091 5.61094369888306 5.65065402984619 5.89679925918579 5.6745072555542 5.76831727981567 5.63271600723267 5.67033382415771 5.33773134231567 4.94579853057861 4.71874231338501 5.50462076187134 5.9267130279541 5.72667659759521 5.9824656867981 5.46541780471802 5.59199701309204 4.90597389221191 5.42242725372314 5.66030982971191 5.79027362823486 5.74462833404541 5.77246744155884
5.60003087997437 5.51409000396729 5.29072002410889 5.82712909698486 5.64724857330322 5.84270212173462 5.57295263290405 5.49545207977295 5.52517141342163 5.59139282226563 5.52002811431885 5.3535740852356 5.31745761871338 5.1707142829895 5.03193408966064 5.20938875198364 5.09880411148071 5.32698232650757 5.47999443054199 5.47838848114014 5.3366833114624 4.88291063308716 4.72467367172241 4.73093153953552 5.69912828445435 5.56839021682739 5.5374658203125 5.59461116790771 5.68419933319092 5.5742042350769 5.7337433052063 5.60695079803467 5.13718832969665 4.60033590316772 4.88379962921143 4.79717493057251 4.28529334068298 4.04487226486206 4.23270034790039 4.56116552352905 4.72563306808472 5.4180591583252 5.74200185775757 5.82438945770264 5.83794996261597 5.85029153823853
5.5186994934082 5.58934152603149 5.68808013916016 5.66330631256104 5.62748517990112 5.61719961166382 5.69456995010376 5.69059228897095 5.6482085609436 5.62920721054077 5.57319067001343 5.34456089019775 5.18555253982544 5.34773601531982 5.44498085021973 5.30882152557373 5.16704719543457 5.05645345687866 5.19792083740234 5.01676783561707 4.8914474105835 5.09231630325317 5.41260078430176 5.32453081130981 5.41919807434082 5.35637901306152 5.48640279769897 5.56032009124756 5.45244760513306 5.51706039428711 5.55899980545044 5.59546186447144 5.433619556427 5.08001028060913 5.36870452880859 5.03217376708984 4.94094413757324 5.16625076293945 5.28991821289063 5.13333961486816 5.5540140914917 5.63530847549438 5.79531908035278 5.96082401275635 5.75141025543213 5.81824897766113
5.29980396270752 5.37611476898193 5.59563291549683 5.6256139755249 5.68548057556152 5.65835828781128 5.65145084381103 5.66090772628784 5.68711570739746 5.63342132568359 5.52765518188477 5.00875848770142 5.07242071151733 5.23596820831299 5.37684808731079 5.38326313018799 5.40007932662964 5.33434846878052 5.24342447280884 5.22691608428955 5.44404224395752 5.40310163497925 5.34204341888428 5.17154106140137 5.02652471542358 4.87287281036377 4.68116943359375 5.11987842559814 4.99645538330078 5.22290927886963 5.36680046081543 5.38974084854126 5.35123594284058 5.43890560150146 5.54378351211548 5.66854867935181 5.63830286026001 5.70314121246338 5.98835636138916 5.85389820098877 5.78175741195679 5.77962831497192 5.6333909034729 5.83641334533691 5.8643210029602 5.70828449249268
5.39312473297119 5.10109678268433 5.24288385391235 5.49108947753906 5.58217685699463 5.67830965042114 5.56783075332642 5.61703811645508 5.69545295715332 5.74637935638428 5.68922168731689 5.54068342208862 5.42136304855347 5.13939834594727 5.09926431655884 5.2316065788269 5.37765419006348 5.47453433990479 5.46122133255005 5.42752124786377 5.30915657043457 5.44706144332886 5.30450895309448 5.0559568977356 4.87846437454224 4.76186191558838 4.75510194778442 4.98450389862061 5.36780292510986 4.66809718132019 4.66797302246094 4.96810814857483 5.4406396484375 5.5852135848999 5.60650045394897 5.64667226791382 5.52641067504883 5.40072956085205 5.63111259460449 5.71250665664673 6.04891080856323 5.74496088027954 5.63758073806763 5.60526159286499 5.64298404693603 5.73964376449585
5.75308187484741 5.73205879211426 5.3295015335083 5.52181028366089 5.57082281112671 5.55405828475952 5.68603767395019 5.76458786010742 5.7003539276123 5.67517835617065 5.57527324676514 5.51899467468262 5.53627885818481 5.50293884277344 5.34360557556152 5.11930795669556 5.32189653396606 5.4633526802063 5.47663259506226 5.49300926208496 5.4372702217102 5.32483018875122 5.16395669937134 4.9988583946228 4.81784509658813 5.01108465194702 5.16215019226074 4.98575162887573 5.21458814620972 5.36451345443726 5.45786184310913 5.59851806640625 5.60312881469727 5.66289590835571 5.6410270690918 5.64858884811401 5.70618576049805 5.73058158874512 5.73658298492432 5.78894205093384 6.00902238845825 5.84883628845215 5.77649675369263 5.70204727172852 5.89236589431763 5.62106130599976
