Rasters_5km/Silt_Res5km.asc
NCOLS 161 
NROWS 96 
XLLCORNER 210004.651214014 
YLLCORNER 7345008.22228844 
CELLSIZE 5000 
NODATA_value -3.4e+38 
[rows 42 to 62 of 96, columns 92 to 137 of 161]
3.60793016433716 4.15208612442017 4.54122712135315 4.33157511711121 4.00048396110535 3.93549551963806 3.93823208808899 3.89427710533142 3.66719565391541 5.15267519950867 5.22245924949646 5.21818132400513 4.64373382568359 4.56049960136414 3.174578332901 3.25305460929871 3.47770334243774 3.31248252868652 3.16051605224609 3.13451877593994 3.86385241508484 5.48809055328369 4.70164332389832 3.85168085098267 3.84971566200256 4.04980346679687 4.2292392539978 4.16648024559021 4.7533000087738 5.34857414245606 5.10801084518433 5.33143779754639 4.96290149688721 5.01643253326416 5.05319889068604 5.34908470153809 5.4556014251709 5.43774698257446 5.3186615562439 5.09385665893555 4.23528039932251 3.36602962493896 3.58926753997803 3.51668053627014 3.51899019241333 4.3019514465332
3.90984790802002 3.71388813972473 3.98255624771118 4.21425867080688 3.96157483100891 3.64412194252014 3.81997200012207 3.95335092544556 3.99511658668518 4.34047024726868 4.72078996658325 4.67830442428589 3.96444765090942 3.71343786239624 3.35619938850403 3.29668649673462 3.1881135559082 3.2868510055542 3.11418947219849 3.59072546005249 4.79428534507751 5.41717464447022 4.89924265861511 4.02699993133545 3.89412760734558 4.14109543800354 4.22150254249573 4.09866401672363 5.38751611709595 5.18557178497314 5.35088027954102 5.07453067779541 4.98101415634155 5.36149618148804 5.19442380905151 5.37690242767334 4.71815718650818 4.17919858932495 5.38866170883179 5.37681098937988 5.36932476043701 3.91942186355591 3.8086026763916 3.95651163101196 3.53193667411804 4.71417728424072
4.20095608711243 4.31269297599792 4.07336455345154 4.08903602600098 4.30419506072998 3.99194063186646 3.92177460670471 4.01554183959961 4.00011962890625 4.63977698326111 4.59429899215698 5.13995949745178 3.4958295917511 3.3011319732666 3.8804780292511 3.82409917831421 3.2958257484436 3.06189357757568 3.6984839630127 4.27625672340393 5.03529003143311 5.31961528778076 4.55532370567322 3.88088787078857 4.26597332954407 4.19364102363586 3.71709672927856 4.47921535491943 5.11918865203857 4.87125505447388 5.19310808181763 4.97106729507446 4.9833807182312 5.01299165725708 4.97347105026245 5.12018600463867 5.131274766922 4.11900124549866 5.23342775344849 5.3504310798645 5.36097745895386 4.69054971694946 4.80889377593994 3.89389252662659 4.31830010414123 4.83492395401001
4.56300483703613 4.40749696731567 4.30124549865723 4.18342805862427 3.96734034538269 3.99050129890442 3.99639981269836 4.12027658462524 4.16601435661316 3.14422069549561 3.74239136695862 5.14945993423462 4.04507426261902 3.64248118400574 3.8398378944397 3.80990723609924 3.75472917556763 4.01326735496521 4.24950258255005 4.42186646461487 5.11887247085571 5.34945350646973 4.25512029647827 3.98816166877747 4.0033286190033 3.65514514923096 4.00198008537292 4.3864480304718 3.58610476493835 3.66551348686218 5.08613704681397 4.7528631401062 4.72969804763794 5.00086685180664 5.01604330062866 4.9561083984375 4.5961242389679 4.79982783317566 5.26849931716919 5.16534351348877 5.3060591506958 5.25765035629273 5.19623336791992 4.91521056175232 5.18422067642212 5.46562650680542
4.77634230613709 4.9779684638977 4.26812761306763 4.3121034526825 4.02009080886841 3.83535534858704 4.09221500396729 4.07650091171265 3.52171664237976 2.91452716827393 3.40710953712463 4.92502363204956 4.06738969802856 3.97281986236572 3.93096026420593 3.93039777755737 3.8949330329895 4.25202442169189 4.45275938034058 4.44173595428467 5.19602005004883 5.41338079452515 4.21178771972656 4.14962086677551 3.55347147941589 3.83425818443298 4.33741830825806 4.12595107078552 3.35373427391052 2.95812292098999 3.93114387512207 4.75800346374512 4.87573570251465 5.09147867202759 5.19352851867676 5.30221410751343 5.43180738449097 5.28994401931763 5.61164144515991 5.37470754623413 5.48400695800781 5.54639595031738 5.39879405975342 5.12200232505798 5.4599471282959 5.4600149345398
5.1482346534729 5.60557596206665 5.00657852172852 4.31302996635437 3.97224844932556 3.74644553184509 4.20322599411011 3.48109572410584 2.97943293571472 3.00582011222839 3.04074479103088 4.93910568237305 4.03782907485962 3.98674348831177 3.91726947784424 3.99012435913086 3.84918538093567 4.32749559402466 4.42219654083252 4.41646473884582 5.2486277961731 5.48499397277832 4.80596126556396 4.33645028114319 3.98360920906067 4.36961850166321 4.79710906028748 3.9193911075592 3.91761590003967 3.30751793861389 3.54135060310364 4.98159786224365 5.30288436889648 5.40792551040649 5.50965854644775 5.57056379318237 5.57024745941162 5.6094545173645 5.63461402893066 5.6714727973938 5.75048593521118 5.72816270828247 5.52606098175049 5.58863626480103 5.56169343948364 5.20479803085327
5.21547210693359 5.98445388793945 5.9456138420105 4.99274448394775 4.0042982006073 4.19377288818359 3.41771851539612 3.32129710197449 3.34811138153076 3.08060972213745 3.05922353744507 5.18829563140869 4.38855544090271 3.94659647941589 4.21319443702698 3.87397332191467 4.02393417358398 4.28514433860779 4.25101788520813 4.2869199180603 4.9641618347168 5.41654623031616 5.42825222015381 5.40890897750854 5.01837805747986 5.16189054489136 4.07550314903259 3.76761006355286 4.21131109237671 4.46551338195801 4.59072585105896 5.1586686706543 5.552815990448 5.52954162597656 5.5863018989563 5.52542579650879 5.6769882774353 5.60098110198975 5.4180403137207 5.61084199905395 5.65963689804077 5.60335498809814 5.54731565475464 5.46430824279785 5.09928279876709 5.33620447158814
5.24403112411499 6.75648166656494 7.03559942245483 4.57370151519775 3.92359115600586 4.78503913879395 3.54833558082581 3.63092908859253 3.64626240730286 3.24912354469299 3.37405204772949 5.22249259948731 4.44969232559204 4.08818336486816 4.20245104789734 3.92429111480713 4.09261919021606 4.22344408035278 4.301496925354 4.30742002487183 4.73973482131958 5.38426933288574 5.50320158004761 5.34868867874146 5.26694181442261 4.51535647392273 4.46449167251587 4.72576282501221 4.82498853683472 5.04996820449829 5.47747520446777 5.04987711906433 5.56596868515015 5.60682123184204 5.64358800888062 5.58963479995728 5.62015140533447 5.62797401428223 5.4692699432373 5.53922229766846 5.56776340484619 5.58944049835205 5.48024101257324 5.12725450515747 5.22615781784058 4.96864728927612
5.2241271686554 6.93325496673584 7.37083864212036 4.92019653320312 4.25099892616272 5.25345618247986 3.60381794929504 3.36767948150635 3.59837006568909 3.05997240066528 3.34221942901611 4.88209881782532 4.37478291511536 3.88006674766541 4.05059044837952 3.87700831413269 4.19049392700195 4.32270357131958 4.15027107238769 4.24213442802429 4.13097316741943 5.10860647201538 5.48078563690186 5.43330781936645 5.70060411453247 7.1127836227417 7.32509183883667 7.20353467941284 5.50455110549927 6.45614856719971 5.14375067710876 5.15047582626343 5.11708170890808 5.59926160812378 5.42738052368164 5.18012557983398 4.8569312953949 4.77793859481812 5.46053800582886 5.49747266769409 5.43340326309204 5.44683898925781 5.41912622451782 5.0983055305481 4.87702260971069 4.80416900634766
6.3072993850708 6.70008100509644 7.51362699508667 6.50768720626831 6.77047410964966 5.65285614967346 4.6634038066864 3.72758826255798 3.5099122428894 3.58947135925293 4.313083152771 5.02409145355225 4.47389465332031 3.8188862323761 4.12244179725647 4.30881746292114 3.94858817100525 4.14602805137634 4.23720576286316 3.96384922027588 3.68395565032959 3.70156875610352 4.70752351760864 5.54979801177979 7.42098001480103 7.5322479057312 7.56831354141235 7.4132772064209 6.1967008972168 7.27942796707153 4.81930595397949 4.98433605194092 4.57351180076599 4.42387075424194 4.0311253452301 4.04795044898987 4.28547760009766 4.86260095596313 5.27403987884521 4.73490591049194 4.37328112602234 4.96017444610596 5.12043151855469 5.07707550048828 4.95731437683105 4.98212875366211
7.91044645309448 7.58501480102539 7.42203567504883 7.12396108627319 7.15340557098389 6.55536130905151 6.25975234985352 4.6906706237793 5.83926291465759 6.02615734100342 4.20128233909607 5.04929029464722 4.45021289825439 4.2815430355072 4.49133386611939 4.33858018875122 4.15268294334412 4.08446029663086 4.10483445167541 4.21576362609863 3.92907327651978 3.79870390892029 4.91393719673157 6.96911514282227 7.37104509353638 6.98400321960449 6.80390369415283 7.85283292770386 7.18215423583984 6.95620527267456 3.97615033149719 3.58177489280701 3.52749566078186 3.32145604133606 3.50276719093323 4.04344066619873 3.59999027252197 4.84567826271057 4.03339073181152 3.59481315612793 4.35120760917664 4.91477010726929 4.85113014221191 5.12367923736572 5.00719884872437 4.86706914901733
5.96555757522583 6.36528806686401 7.34496671676636 7.66860191345215 7.65771602630615 8.07524238586426 7.38540111541748 7.37400686264038 7.02836984634399 6.59982362747192 5.08238796234131 5.37326774597168 4.84797969818115 4.82799638748169 4.12657437324524 3.61735365867615 3.81801877975464 4.15963380813599 4.21156034469604 4.31562835693359 4.26986388206482 4.13899161338806 6.66740049362183 7.41021375656128 7.70570388793945 7.34528053283691 7.3607377243042 8.10072937011719 6.89086194992065 6.33114939689636 3.39822486877441 3.16274593353271 3.19122192382813 3.26583632469177 3.50401537895203 4.7774421787262 5.21805641174316 5.48808233261108 5.05943593978882 5.11816207885742 5.17495834350586 5.13866979598999 4.9883895111084 5.14502025604248 4.71115076065063 4.56500387191772
6.26159261703491 6.21680164337158 5.96839626312256 6.02086259841919 6.28078016281128 6.99594888687134 7.04495227813721 7.42473546981812 7.71131664276123 7.31341890335083 6.90270774841309 6.43236618041992 5.7271167755127 5.4832818031311 6.88675701141357 6.48915832519531 4.16962115287781 4.10439064979553 4.68259765625 4.33447891235352 4.34665781021118 4.76806253433228 7.5684256362915 6.94858680725098 7.06992160797119 6.96280382156372 6.88369390487671 7.0244221496582 5.4826838684082 5.06914076805115 3.2329252243042 3.16292231559753 3.46762528419495 3.80769648551941 4.20912231445312 5.53627830505371 5.2970906829834 5.43003475189209 5.20982084274292 5.35832176208496 5.17421911239624 4.94384477615356 5.21609323501587 4.57882457733154 4.48327888488769 4.36933095932007
6.09932998657227 5.99869947433472 6.25344083786011 6.03497316360474 6.04912107467651 6.2480463218689 6.30382076263428 6.39051290512085 6.59549156188965 6.69398275375366 6.85668298721313 7.12981575012207 6.70616449356079 6.8123236656189 7.06326360702515 7.43623676300049 6.84630962371826 5.21608442306519 6.06595342636108 5.76547433853149 5.01073740005493 6.29386075973511 7.7674450302124 7.08214126586914 6.75720365524292 7.31463333129883 6.74109975814819 7.03102127075195 4.40814655303955 3.21225525856018 3.22873478889465 3.49741890907288 5.16564951896668 5.62178022384644 6.12429908752441 6.24391254425049 5.4960068321228 4.90993490219116 5.21479011535645 5.2526024055481 4.92976894378662 5.40915258407593 5.78128732681274 4.61402851104736 4.62507057189941 4.40994741439819
7.36442792892456 5.99403509140015 5.82317501068115 5.8365544128418 5.7920168876648 5.6364758682251 5.72662307739258 5.86173307418823 5.82557546615601 6.27410934448242 6.3530993270874 6.58285802841187 6.35808788299561 6.07217046737671 6.41741853713989 7.53417463302612 8.19937240600586 7.05198329925537 7.51465717315674 7.29688814163208 6.99383043289185 6.67155197143555 6.85550231933594 6.96413553237915 7.56070281982422 7.22853704452515 6.7501762008667 7.69281038284302 4.97089531898499 4.08776085853577 3.81902088165283 4.71571836471558 6.53798477172852 5.82306924819946 4.93349022865295 5.19032330513001 3.57049101829529 4.19797825813293 4.77682567596436 5.00805999755859 5.06312719345093 4.91442398071289 5.21093446731567 5.16080150604248 4.71789178848267 4.63107223510742
6.61095336914063 7.162132396698 6.68644771575928 6.25516618728638 6.21453313827515 6.31714357376099 5.73575944900513 6.04101312637329 5.83687734603882 6.02324655532837 5.6421441078186 5.98098760604858 5.84520366668701 6.19851699829102 6.26151861190796 6.29706691741943 6.96464870452881 7.67240598678589 7.77924882888794 7.56013572692871 6.93487964630127 6.3733994102478 7.2716367149353 7.4228448677063 7.80184926986694 7.99272861480713 6.59595806121826 7.36090341567993 5.80011218070984 6.41357583999634 6.37505544662476 6.45183298110962 5.84138793945313 4.48154789924622 3.16717061042786 4.86309576034546 3.663118891716 3.56134478569031 4.57359669685364 4.80580234527588 4.7061346244812 4.58117990493774 4.91563117980957 5.15346281051636 4.63704612731934 4.57638050079346
4.64196762084961 5.7901904296875 6.5123454284668 6.94540739059448 6.22061695098877 6.04706422805786 7.11268407821655 5.69996486663818 6.01664127349853 6.40457452774048 6.55002695083618 5.77929605484009 6.16389783859253 5.56356813430786 6.06088207244873 6.09988611221313 6.03639053344727 6.22143268585205 7.28823841094971 7.51590642929077 7.07250881195068 7.0011449432373 7.26089509963989 6.25279661178589 6.39739929199219 6.9226015663147 6.2118381690979 6.32494222640991 5.91504051208496 5.33062784194946 6.34547275543213 6.55685922622681 3.75355478286743 2.94971336364746 2.66588927268982 4.36633713722229 4.99134866714478 4.88011341094971 4.79614709854126 4.71400751113892 4.78626993179321 4.60757789611816 4.44158891677856 4.72170738220215 4.28137575149536 4.3521607208252
4.3995365524292 3.93864179611206 4.6960545539856 5.8636346244812 5.56656183242798 5.68419393539429 6.6926971244812 6.39149898529053 6.56616355895996 7.84386943817139 8.39121286392212 7.47950454711914 6.62622133255005 5.77526968002319 5.32393077850342 5.42758617401123 5.32670032501221 5.45648355484009 5.80851142883301 6.51302778244019 6.09511032104492 5.76042688369751 5.74261421203613 5.60211311340332 5.48293792724609 6.02167085647583 5.70276985168457 5.69700458526611 5.98965400695801 5.30731737136841 5.81282526016235 4.55410251617432 2.88164379119873 3.835138463974 4.82479120254517 5.66965515136719 5.9545768737793 5.01100299835205 4.67249261856079 4.61985523223877 4.71144147872925 4.62626831054687 4.50249364852905 4.46811580657959 4.70425199508667 4.79674627304077
5.70482316970825 4.18786052703857 5.12704090118408 5.17057056427002 4.99993333816528 4.77434188842773 5.16455326080322 5.86004266738892 6.65892066955566 7.75474805831909 8.75698575973511 8.870244140625 8.21967630386353 8.41343492507935 7.23664392471313 5.91347421646118 5.41327768325806 5.45160638809204 5.28629188537598 4.9838383102417 5.56338317871094 5.26588310241699 5.12544670104981 5.44457218170166 5.59082681655884 5.51402719497681 5.54940801620483 5.62290760040283 5.6559859085083 5.95223461151123 6.05555791854858 5.67704528808594 6.20505068778992 6.16384984970093 6.63379821777344 6.07453943252563 5.75204683303833 5.39089349746704 4.77401685714722 5.03375902175903 4.82954368591309 5.20965724945068 5.08043489456177 4.5931262588501 5.19039266586304 5.15529357910156
5.56127563476563 5.50546468734741 5.68323265075684 5.77852867126465 5.93420612335205 5.61550788879395 4.92180477142334 4.89459667205811 5.01806838989258 6.02844940185547 7.60167524337769 7.59760179519653 7.68442873001099 7.1923406791687 7.39886585235596 7.85024925231934 8.32956098556519 6.81887441635132 6.24046504974365 5.8638320350647 5.36350694656372 5.75930557250977 5.80679231643677 5.31256782531738 5.12311929702759 5.28729902267456 5.52389142990112 5.66055065155029 5.54775426864624 6.16426151275635 6.06062084197998 5.77831113815308 5.5707265663147 5.70986717224121 6.53541540145874 6.15281497955322 5.46736751556397 5.33186105728149 5.98380035400391 5.56694189071655 5.50870994567871 5.17012529373169 5.55809757232666 5.41335666656494 5.1106573677063 4.92845676422119
5.59618520736694 5.62084650039673 5.76394952774048 5.56722242355347 5.59615812301636 5.68568698883057 5.78293991088867 5.60538661956787 5.01778253555298 4.98596567153931 6.15092565536499 6.84949171066284 6.92388303756714 6.73100229263306 6.65802366256714 6.3402138710022 6.28706432342529 7.28852077484131 8.48594512939453 7.9697038269043 7.14886611938477 6.15907789230347 5.28022253036499 6.14144836425781 5.94452068328857 5.14651510238647 4.97186357498169 5.45353109359741 5.57825159072876 5.81722309112549 5.23221584320068 5.10121425628662 5.68687210083008 5.86062116622925 6.48836004257202 6.3844810295105 5.52431827545166 5.46608268737793 5.89605806350708 6.0207332611084 5.84769123077393 5.74508453369141 5.64758016586304 5.62895013809204 4.91989416122437 4.75284242630005
