Rasters_5km/Silt_Res5km.asc
NCOLS 161 
NROWS 96 
XLLCORNER 210004.651214014 
YLLCORNER 7345008.22228844 
CELLSIZE 5000 
NODATA_value -3.4e+38 
[rows 42 to 62 of 96, columns 46 to 91 of 161]
7.30387100219727 7.30432437896729 7.17836782455444 7.03466251373291 6.79528814315796 6.68511566162109 6.60749111175537 6.54878675460815 6.50332941055298 6.70675533294678 6.36233686447144 6.64828454971313 6.09974006652832 5.69983100891113 5.87417093276978 6.44536853790283 7.27331918716431 6.66409181594849 6.47344295501709 6.47914646148682 6.80495431900024 6.42538822174072 6.27022607803345 6.43197196960449 7.27305391311646 7.75998106002808 7.96871784210205 7.09410596847534 7.05345212936401 6.81959686279297 5.54696350097656 6.1524986076355 6.42530954360962 5.98553503036499 7.20431625366211 6.46403106689453 6.12103685379028 5.37738565444946 4.83714529037476 4.4763452911377 4.78590824127197 5.00674341201782 5.853841381073 4.77139823913574 4.26186013221741 4.04158319473267
7.31247701644897 7.24040821075439 6.98987951278687 6.69612287521362 6.58385053634644 6.56077070236206 6.54329130172729 6.63008214950561 6.73815420150757 6.6924450302124 7.32815692901611 7.87324792861939 8.53071828842163 7.15535362243652 6.68190479278564 7.05033687591553 7.36538362503052 7.67422313690186 6.53009784698486 6.6538480758667 6.52020708084106 6.62105728149414 6.7988628578186 6.67353803634644 7.0276763343811 7.53882293701172 7.94929153442383 7.76548400878906 6.32064735412598 4.87973909378052 3.65337045669556 4.93567809104919 5.43988697052002 6.22295558929443 6.82489950180054 7.09830757141113 6.92833278656006 5.61182983398438 5.50994329452515 4.93231956481934 5.56140941619873 5.60989637374878 5.83853487014771 5.66924306869507 5.01498464584351 4.45997958183289
5.9364186668396 6.26976415634155 6.34984115600586 6.42583515167236 6.47160083770752 6.53964063644409 6.57569875717163 6.62668079376221 7.51711170196533 7.91549741744995 7.48467708587646 6.81922821044922 7.35712423324585 8.24929006576538 7.86673700332642 7.43634984970093 7.09077260971069 7.15561819076538 7.66706583023071 7.77033926010132 8.36595615386963 7.33535701751709 5.90760097503662 6.38393882751465 6.43140970230103 6.7061142539978 7.50041042327881 7.84617486953735 7.15845302581787 6.30634534835815 5.02279312133789 4.56910558700562 6.11921714782715 8.06678060531616 6.81075614929199 7.11296855926514 6.85405403137207 6.83688280105591 6.21144676208496 5.49938133239746 6.13905364990234 5.98700532913208 5.78922981262207 5.77769237518311 5.75762762069702 5.20206207275391
5.52511451721191 5.49397272109985 5.50720407485962 6.37990829467773 6.54358449935913 6.37973628997803 6.13259706497192 6.91650049209595 7.88379102706909 6.6769122505188 5.85026523590088 5.81127437591553 6.33821203231811 6.98146593093872 7.88917106628418 8.01883445739746 7.14534515380859 7.3386545753479 8.10923189163208 9.13760902404785 8.91224054336548 8.54068529129028 6.8309587097168 6.27679334640503 5.9282469367981 5.76841402053833 6.22055213928223 6.95001420974731 7.42330373764038 7.18705505371094 6.71556703567505 5.63235137939453 6.60354307174683 7.6287633895874 7.41599458694458 6.38383857727051 6.76593637466431 7.09212007522583 6.70390411376953 6.94678447723389 6.61556575775147 5.77180809020996 6.33794658660889 6.09414312362671 5.90266571044922 5.12698890686035
5.51884225845337 5.39733734130859 5.28896234512329 5.46231977462769 5.61485164642334 5.31414150238037 5.45942462921143 5.4946365737915 5.77560733795166 5.82456398010254 5.49940431594849 5.50727821350098 5.60420309066772 6.05426595687866 5.96453830718994 6.34920246124268 7.04275819778442 6.95820644378662 7.02005222320557 7.94077199935913 7.40276691436768 7.12793577194214 6.78207891464233 6.44220811843872 6.19066356658936 5.88438877105713 6.15218353271484 6.31662822723389 6.20446441650391 7.17394273757935 6.89467739105225 6.31721286773682 6.62160556793213 7.59788631439209 7.40807527542114 6.90899953842163 6.73757423400879 7.09776266098022 7.27368921279907 7.02617914199829 6.2976647567749 6.00462800979614 6.60666595458984 6.15462322235107 5.57073291778564 4.60047359466553
5.45862634658813 5.30338552474976 5.26867275238037 5.62533458709717 5.57573625564575 5.21360548019409 5.21295917510986 5.47915374755859 5.57504518508911 5.56549320220947 5.51742834091187 5.36442348480225 5.39576484680176 5.56973045349121 5.91269296646118 6.19997009277344 6.59584129333496 5.82926343917847 6.32819818496704 6.23219394683838 6.13102523803711 5.94182727813721 6.15908086776733 6.35654623031616 6.13613498687744 5.52614463806152 6.45699535369873 7.74760662078857 8.75310487747192 8.1732537651062 6.65412395477295 6.41174795150757 6.45534738540649 7.02857149124145 7.3895468711853 7.62188848495483 7.34060127258301 7.24775506973267 7.13105516433716 6.5210258102417 6.39482131958008 6.73827718734741 6.67443027496338 5.96689680099487 6.14311679840088 4.69240453720093
5.58063545227051 5.56640878677368 5.39907867431641 5.35402154922485 5.19775760650635 5.23430379867554 5.51623281478882 5.67335878372192 5.51314298629761 5.49898740768433 5.52952884674072 5.45728361129761 5.46027448654175 5.50031642913818 5.61631093978882 5.5677565574646 6.22414052963257 6.39156272888184 6.09343505859375 6.15104986190796 6.30120489120483 5.44789474487305 5.53941173553467 6.27165992736816 6.45976182937622 6.97861484527588 8.37069606781006 9.07073028564453 9.04990118026733 8.76833103179932 8.90430765151978 7.79619291305542 6.6338422203064 7.18351936340332 7.15170021057129 7.37498832702637 7.20059015274048 7.11891733169556 7.00258764266968 7.0652578163147 7.05389541625977 7.07236360549927 6.67137342453003 6.8206489944458 6.82695318222046 4.95000608444214
5.93698780059814 5.70550346374512 5.60921392440796 5.61817756652832 5.44597269058228 5.62442428588867 5.60444189071655 5.56447864532471 5.40684547424316 5.29097906112671 5.71778602600098 5.7365938949585 5.60441818237305 5.48683891296387 5.56438735961914 5.64114145278931 5.77712772369385 5.76493635177612 5.67138837814331 5.80386888504028 5.94992237091064 5.98407892227173 5.87371870040894 6.33186786651611 6.1154566192627 6.60855745315552 7.30508079528809 6.92924768447876 6.97759315490723 7.48478036880493 8.30102453231811 9.23774311065674 8.31986137390137 6.99734016418457 7.62715753555298 7.06747459411621 7.11116851806641 6.96057615280151 7.22985239028931 7.25852109909058 7.16281881332397 7.16549619674683 6.80897764205933 6.89918174743652 6.56768739700317 5.51154071807861
5.80141599655151 5.69179029464722 5.4744938659668 5.46250841140747 5.38379135131836 5.35184459686279 5.54976240158081 5.53004682540894 5.43948276519775 5.60014797210693 5.70317119598389 5.84232648849487 5.88495004653931 6.18351997375488 5.73270864486694 5.69477951049805 5.70633058547974 5.71553331375122 5.71151546478271 5.71052095413208 6.02070642471313 5.91422672271729 5.91126947402954 6.17521326065063 6.17043167114258 6.15796417236328 6.64347169876099 6.05913204193115 5.80302194595337 6.06149656295776 6.42179042816162 7.08606334686279 8.2189465713501 7.00697597503662 6.92349531173706 7.12450424194336 7.05000616073608 6.78826808929443 7.03844408035278 6.75915111541748 7.16731857299805 7.18686025619507 7.58870971679687 7.10003911972046 6.4539324760437 5.90426244735718
5.48714914321899 5.58786529541016 5.58286895751953 5.57154005050659 5.51555419921875 5.27295686721802 5.42956912994385 5.48441808700561 5.59132736206055 5.50975801467895 5.71145511627197 5.68185163497925 5.96566492080688 6.1022437286377 6.40852102279663 6.15867685317993 6.19683422088623 6.10072639465332 5.59817766189575 5.74120174407959 5.85117330551147 5.915885887146 5.78096250534058 5.96858858108521 6.09132452011108 6.30812450408936 5.97082614898682 5.8022749710083 5.76989297866821 5.70886011123657 5.65477769851685 6.02706747055054 6.09395257949829 7.53271308898926 6.99701072692871 6.94648097991943 6.87938087463379 6.70980972290039 6.38263914108276 6.34796621322632 6.73639110565186 7.09744176864624 7.07296876907349 7.36041868209839 7.47719863891602 5.9663463973999
5.53123966217041 5.54368330001831 5.53517972946167 5.58917905807495 5.5331573677063 5.41115911483765 5.22267070770264 5.48316617965698 5.64690227508545 5.68073774337769 5.66522136688232 5.64168022155762 5.70572019577026 5.85221197128296 6.02219676971436 6.14709407806397 6.4366311454773 5.80981176376343 5.60458591461182 5.67646709442139 5.92778848648071 5.95801908493042 6.01282335281372 5.95516193389893 6.07424192428589 6.02721612930298 6.13131391525269 5.90613981246948 5.88799423217773 5.68765352249146 5.67238004684448 5.69277267456055 5.54993717193604 7.92333101272583 6.74173042297363 6.75540424346924 6.58131900787354 6.56749116897583 6.79939176559448 6.75370622634888 6.75157060623169 6.66587982177734 6.60894195556641 6.81806911468506 6.6694172668457 7.11022468566895
5.58180852890015 5.52948951721191 5.57542551040649 5.62678173065186 5.60611316680908 5.64027631759644 5.61491409301758 5.64555620193481 5.67349607467651 5.68062395095825 5.6854469871521 5.64027002334595 5.8919822883606 6.03795692443848 6.07827913284302 6.26815479278564 6.21365900039673 5.73525005340576 5.71742685317993 5.74532516479492 5.94970067977905 6.02951259613037 6.10795030593872 6.02320106506348 6.06826066970825 6.08729711532593 5.90699920654297 5.82681104660034 5.77467344284058 5.67233358383179 5.66616289138794 6.02256580352783 6.25791059494019 7.45772256851196 8.44140205383301 7.9298913192749 7.68219400405884 7.10381717681885 7.41462574005127 7.18794466018677 7.11950931549072 6.36407741546631 6.48116283416748 6.43206510543823 6.68912445068359 6.16343090057373
5.56646991729736 5.55375106811523 5.60791683197021 5.61620767593384 5.61674661636353 5.77620199203491 5.68866939544678 5.68200666427612 5.6925505065918 5.70051280975342 5.76901155471802 5.62979473114014 5.72506870269775 6.17913610458374 6.32986742019653 5.98259305953979 6.33592163085938 5.87582590103149 5.60165773391724 5.79928558349609 5.80475074768066 5.8970351600647 6.19818470001221 5.80822858810425 5.80130069732666 5.82125503540039 5.90097822189331 5.810751953125 5.95974279403687 5.75727163314819 5.6720591545105 5.86158464431763 6.0095746421814 5.79886308670044 6.20929124832153 7.62216901779175 7.27461124420166 7.85038496017456 8.86038213729858 9.16323415756226 9.16876640319824 8.67696495056152 8.46717067718506 6.51745420455933 6.00647977828979 6.06607818603516
5.68103475570679 6.72746631622314 6.02306531906128 6.14648054122925 6.06455810546875 5.90320653915405 5.74922361373901 5.73900165557861 5.73060388565063 5.76051643371582 5.7607705116272 6.06554899215698 5.80478185653687 5.76013221740723 6.23604248046875 5.89788551330566 6.37803043365478 6.26656095504761 5.90660402297974 5.73758228302002 5.96715625762939 6.15947235107422 6.24587392807007 6.14100456237793 5.78754291534424 5.78241777420044 5.87324815750122 5.74243337631226 5.84799741744995 5.74419576644897 5.76847682952881 5.73167339324951 6.36071664810181 6.19764669418335 6.50592788696289 6.47066268920898 6.00129823684692 6.5216025352478 6.51761894226074 5.80170267105103 6.90042600631714 8.10707151412964 7.9122971534729 7.82658992767334 8.16631355285645 6.81447317123413
5.58238632202148 5.81730319976807 5.91739393234253 5.9959969329834 6.09383497238159 6.22611646652222 6.01588872909546 5.88174676895142 6.01161836624146 5.79391387939453 5.79814044952393 5.91145952224731 5.90468894958496 5.85822393417358 5.81142105102539 5.93437747955322 6.10601104736328 6.31742223739624 6.15018026351929 6.10787746429443 6.10105674743652 6.08144033432007 6.32314085006714 5.99367279052734 5.74733711242676 5.86420680999756 5.92089448928833 5.76234090805054 5.77078271865845 5.78750913619995 5.85360237121582 5.72400686264038 5.7045499420166 5.96106781005859 5.83343254089356 5.74308952331543 5.74810075759888 5.93475372314453 6.35652215957642 5.76785154342651 6.05460037231445 7.54286201477051 7.97099872589111 7.01351331710815 8.24893236160278 8.61363042831421
5.60011205673218 5.61252141952515 5.82876749038696 5.84604209899902 5.98741804122925 6.14577754974365 5.82887758255005 6.1450185585022 6.11055713653564 6.11616096496582 5.80411867141724 5.72374801635742 5.77674856185913 5.79641733169556 5.74318258285522 5.80086870193481 6.12528911590576 6.38650686264038 6.17675483703613 5.97629594802856 6.00348188400269 5.99888801574707 6.12769262313843 6.00542818069458 6.11253259658814 6.20298513412476 6.69596761703491 6.95470500946045 7.54631910324097 7.25164123535156 7.98826173782349 7.16148439407349 5.87211982727051 5.68723020553589 5.69647500991821 5.60538305282593 5.59389652252197 5.59716068267822 5.62460338592529 5.80639585494995 6.59332456588745 6.21730501174927 5.80746416091919 7.30593313217163 7.0718927192688 6.30122060775757
5.60791994094849 5.60347053527832 5.73142868041992 6.10834272384644 5.89326812744141 5.82516138076782 6.00124380111694 5.97876655578613 5.96410638809204 5.76120273590088 5.74065496444702 6.00552465438843 5.57857360839844 5.73781187057495 5.77144411087036 5.806998462677 6.06222810745239 7.24748064041138 6.00030296325684 6.0962882232666 6.22391429901123 6.36021146774292 7.41027938842773 6.60412826538086 6.66037246704102 7.74812055587769 7.45195938110352 7.15286186218262 8.7077622795105 7.23600496292114 6.30803592681885 7.21699941635132 6.47592239379883 5.71245407104492 5.64915746688843 5.65438013076782 5.62735164642334 5.64619358062744 5.62320453643799 5.59771268844604 5.69530508041382 5.88678033828735 6.12694513320923 6.37495288848877 5.56578355789185 4.40720011711121
5.54563199996948 5.58834783554077 5.70665107727051 5.72559450149536 5.85617427825928 5.72002040863037 5.72811103820801 5.7839914894104 6.04233499526978 5.99080373764038 5.75729419708252 5.906507396698 5.82153440475464 5.90536220550537 5.97003396987915 5.93086263656616 5.86527965545654 5.74529384613037 5.76547542572021 5.81594530105591 5.94642059326172 6.15341871261597 6.54786973953247 6.12900178909302 6.55148550033569 6.93875219345093 8.22745771408081 7.97445728302002 8.538528881073 7.75206861495972 6.24886936187744 7.8490524482727 6.02163879394531 5.65261825561523 5.97376443862915 5.87804677963257 5.70259033203125 5.71756042480469 5.64295545578003 5.60745927810669 5.63838932037353 5.6411732673645 5.66918113708496 5.79193017959595 6.12217649459839 5.06319684028626
5.78710332870483 5.63867601394653 5.67858781814575 5.755530834198 5.70780662536621 5.703519115448 5.69366926193237 5.71220529556274 5.74393400192261 5.70880079269409 5.75695415496826 5.78770977020264 5.81526458740234 5.76006168365479 6.03298027038574 6.12547748565674 5.73862482070923 5.67813425064087 5.70623828887939 6.03903133392334 6.18875633239746 6.24749265670776 6.08360746383667 6.18089605331421 6.78970085144043 7.48489694595337 6.65018604278564 6.40512674331665 6.41586526870728 6.47411535263062 6.34878915786743 8.20015287399292 6.18097406387329 5.55223457336426 5.87456371307373 6.13946533203125 6.15875089645386 5.86796115875244 5.70850746154785 5.71857196807861 5.72559122085571 5.59317716598511 5.57081619262695 5.89118223190308 5.57941614151001 5.61433431625366
6.05768424987793 6.1035648727417 5.76184120178223 5.74889339447021 5.73105104446411 5.70190979003906 5.74636671066284 5.80049125671387 5.75012554168701 5.8607585144043 5.8707025718689 5.87932359695435 6.03510004043579 5.83581615447998 5.89708707809448 6.14690593719482 5.89081424713135 6.17302795410156 5.84282629013062 5.87125452041626 5.89064245223999 6.17795116424561 6.11123138427734 5.80894556045532 6.09409746170044 6.41925119400024 5.55090414047241 6.14106651306152 6.51743551254272 6.06348190307617 6.38149257659912 7.37270481109619 6.64677429199219 5.71119234085083 5.59683582305908 6.03655349731445 5.93811285018921 6.31700958251953 6.0212858581543 5.9849885559082 5.66533142089844 5.61270692825317 5.7851362991333 6.10000211715698 6.17234720230103 5.60819646835327
5.80260133743286 5.73024105072022 6.00953643798828 5.92509853363037 5.95035243988037 5.73878154754639 5.68213312149048 5.72411449432373 5.74809103012085 5.71557867050171 5.75969264984131 5.87739236831665 6.05240972518921 5.96282955169678 5.82603689193726 5.92340938568115 5.89163349151611 5.90092803955078 6.02929605484009 6.14758958816528 5.69082307815552 5.84271265029907 6.23009826660156 6.27969654083252 6.46498998641968 5.70182065963745 6.2585991859436 6.12491409301758 6.18124307632446 6.58544515609741 6.30362888336182 6.61809692382812 6.67697923660278 5.85159732818603 5.78106359481812 5.86077108383179 5.78341953277588 5.6083006477356 6.11791130065918 6.14093137741089 5.78650791168213 5.92166952133179 6.18370988845825 5.83839874267578 5.68229507446289 5.44781898498535
