Rasters_5km/WeatheringIndex_Res5km.asc
NCOLS 161 
NROWS 96 
XLLCORNER 210004.651214014 
YLLCORNER 7345008.22228844 
CELLSIZE 5000 
NODATA_value -3.4e+38 
[rows 21 to 41 of 96, columns 46 to 91 of 161]
-3.4e+38 -3.4e+38 -3.4e+38 -3.4e+38 -3.4e+38 -3.4e+38 3.77383552278791 2.91778363585472 -3.4e+38 -3.4e+38 -3.4e+38 -3.4e+38 -3.4e+38 3.37040306971623 -3.4e+38 3.3554318709807 -3.4e+38 -3.4e+38 -3.4e+38 -3.4e+38 -3.4e+38 -3.4e+38 -3.4e+38 -3.4e+38 -3.4e+38 -3.4e+38 -3.4e+38 -3.4e+38 -3.4e+38 3.33697478667549 2.75268713951111 2.2076633310318 2.0379510974884 2.06029631614685 2.05609616279602 2.04634604454041 2.04766770362854 2.06019904136658 2.05036743164063 2.02170466423035 2.0590536403656 2.06389667510986 2.03927926063538 2.04862439155579 2.1039755153656 2.58984746932983
-3.4e+38 -3.4e+38 -3.4e+38 -3.4e+38 -3.4e+38 2.59715965721342 3.42667514801025 3.39317626538484 -3.4e+38 -3.4e+38 -3.4e+38 3.95643824622745 3.76662509918213 3.42407942771912 3.29383472442627 3.29846655845642 -3.4e+38 -3.4e+38 -3.4e+38 -3.4e+38 -3.4e+38 -3.4e+38 -3.4e+38 -3.4e+38 3.32282968929836 -3.4e+38 -3.4e+38 3.43126683764988 3.40660875320435 3.27534851074219 3.01331997871399 2.61025226593018 2.09332071304321 2.05377320289612 2.05731300354004 2.05157652854919 2.03676026344299 2.05567547798157 2.05314735412598 2.04186363220215 2.05548049926758 2.06472133636475 2.04142296791077 2.02888664245605 2.10776304244995 2.98342772483826
-3.4e+38 -3.4e+38 -3.4e+38 -3.4e+38 3.60470222171984 3.70581393241882 4.05279201507568 3.70506594657898 3.55854606628418 3.71761062270717 3.53179194616235 3.719350233078 3.86937046051025 3.85914155960083 3.44796970367432 3.27820142745972 3.31272613525391 3.34803353656422 3.23281191076551 -3.4e+38 3.22012429970961 3.21538189479283 3.22077745199203 3.22291790008545 3.18786279678345 3.2668407535553 3.22214097976685 3.12307520866394 3.17274806022644 3.15265044212341 3.17852335929871 2.94175280570984 2.75666537284851 2.26633316993713 2.06689584732056 2.04427468299866 2.03601631164551 2.05298587799072 2.02852104663849 2.04991039276123 2.19365134239197 2.10374135971069 2.04024006843567 2.10329703330994 2.09975566864014 2.21244922637939
-3.4e+38 -3.4e+38 3.2811642742157 3.25817610740662 3.1575904083252 3.47451195716858 3.96117233276367 3.49118598937988 3.50524802207947 3.41504356384277 3.19050565719605 3.46015981674194 3.96245517730713 3.56560955047607 3.46661566734314 3.22749274253845 3.1601685333252 3.18193064689636 3.28921042442322 3.34231133460999 3.21534861564636 3.15635175704956 3.0451798915863 3.0982084941864 2.87858273506165 2.86586743354797 3.06023690223694 3.01356435775757 3.20028648376465 2.82561883926392 3.07858150482178 2.96489406585693 3.02986048698425 3.02806126594543 2.80195857048035 2.23062003135681 2.05468606948853 2.0701317024231 2.05485174179077 2.06249420166016 2.18408093452454 2.15691751480103 2.24204144477844 2.08691809654236 2.13740432739258 2.13685418128967
-3.4e+38 3.28766309221586 3.22756773948669 3.10523035049438 3.14726281166077 3.43852205276489 3.45788805961609 3.41733687400818 3.20173869132996 3.52901775360107 3.65139038085937 3.92628575325012 3.66058862686157 3.68151341438293 3.75857969284058 3.63991743087769 3.58197715759277 3.16331328392029 3.14807844161987 3.1540256023407 3.13120876312256 3.13987769126892 3.15695411682129 3.24584155082703 2.85510345458984 2.47904459953308 2.06815538406372 2.27626324653625 3.10903735160828 3.10755851745605 3.16346893310547 2.80329808235168 2.9768079662323 3.06226400375366 3.08873453140259 2.85573979377747 2.4142098236084 2.08984342575073 2.06007485389709 2.13103156089783 2.69878255844116 2.24054428100586 2.22736389160156 2.10301267623901 2.23102467536926 2.23002536773682
3.26494725227356 3.33399575233459 3.21417190551758 3.04931952476501 3.26327813148499 3.31367277145386 3.44310194015503 3.57514826774597 3.87092624664307 3.91360487937927 3.48997699737549 3.06454029083252 2.62349904060364 3.04426108360291 3.19611285209656 3.18668499946594 2.92770485401154 3.25046023368835 3.15949053764343 3.10473472595215 3.0911412525177 3.11542161941528 3.19652159690857 3.339263048172 3.21892160415649 3.3353847694397 2.623971118927 2.21370508670807 2.67860812187195 2.73022870063782 2.61022564888001 2.8993675327301 3.03404029846191 3.11881465911865 3.0932676410675 3.10470416069031 3.13622656822205 3.02280307769775 2.46922804832458 2.28684737205505 3.00301259994507 2.66245156288147 2.11517712593079 2.04453513145447 2.12706836700439 2.00510743141174
3.47394331932068 3.28397010803223 3.22371220588684 3.18343797683716 2.86711908340454 2.97011337280273 3.22527441978455 3.25173543930054 3.63185483932495 3.77091276168823 3.47994711875916 3.66084176063538 3.30201424598694 2.96276942253113 3.09238348007202 3.03605058670044 2.89550946235657 2.965951795578 2.81573442459106 3.16799121856689 3.07989612579346 3.12757434844971 3.11705144882202 3.06361587524414 3.08546005249023 3.28456667900085 3.06299638748169 2.83879415512085 3.06550179481506 3.31132051467896 2.8624102306366 3.08119540214539 3.01233871459961 3.01293082237244 3.15066460609436 3.23331913948059 3.22518591880798 3.10645457267761 3.02817559242249 2.28467564582825 2.95124053955078 3.03372401237488 2.48871363639832 2.29737965583801 2.03360397338867 2.00906268119812
3.0799111366272 3.11301589012146 3.0887707233429 2.93356552124023 2.53380527496338 2.62309034347534 2.96704272270203 3.29351445198059 3.58952283859253 3.87201823234558 3.76701663970947 3.97639129638672 3.77662033081055 3.3542029094696 3.07753911972046 3.14418873786926 2.67119160652161 2.63992769241333 2.93245891571045 3.05741448402405 3.11078451156616 3.11339550018311 2.9625367641449 2.77004166603088 2.87456147193909 2.81582806587219 2.54898817539215 3.01018527984619 3.5300475692749 3.52514710426331 3.26687731742859 3.06032381057739 2.28586996078491 2.15209937095642 2.79229971885681 3.27206110954285 3.35998012542725 3.13251446723938 3.05105917930603 2.41495409965515 2.3491780090332 3.0998916053772 3.00054927825928 2.64347868919373 2.29542399406433 1.97324773311615
2.71579882621765 3.32318958282471 3.16345065116882 2.20998773574829 1.9872661113739 2.71169145584106 2.38103275775909 1.91246324539185 3.22141438484192 3.70311679840088 3.33759414196014 3.43464518547058 3.52417119026184 3.21957087516785 3.38746926307678 3.53399564743042 3.55422102928162 3.37725799560547 3.38688170433044 3.32191729545593 3.11164908409119 3.14508849143982 3.34874165534973 3.16599151611328 2.97874311447144 3.31921209335327 2.52541171550751 3.66772320747375 3.3803795337677 3.03215454101562 3.60012168884277 3.15546236038208 3.00423271179199 2.85903150558472 3.0218341255188 3.37356220245361 3.6213081073761 3.28103453636169 3.22166228294373 2.9825509929657 2.29861884117126 2.93739994049072 3.08126741409302 3.04702972412109 2.95756875038147 2.52747130870819
2.68299709320068 3.11604981422424 3.11889073371887 2.82502617835999 2.5074707698822 2.68397386550903 2.85328000545502 1.94458348751068 2.97994679450989 3.23837120056152 3.34715910434723 3.67978988647461 3.46602270126343 3.40332262039185 2.9602065372467 3.42133634567261 3.3515463924408 2.94567817687988 3.07216432571411 2.8641316318512 3.11815155029297 3.13848558425903 3.21939636230469 3.34549917221069 3.19939966201782 3.22153191566467 2.97284205913544 3.30252688407898 3.16392837524414 2.72788849830627 3.35415873527527 2.82542351722717 2.88599308013916 3.11520748138428 3.1667317199707 3.37943655967712 3.67278352737427 3.38197392463684 3.2524653339386 3.12451502799988 2.60281296730042 2.35891186714172 2.97354676246643 2.97118053436279 2.99810636520386 2.86481035232544
2.55737550735474 2.87723145484924 2.66808501243591 2.66703286170959 2.44331230163574 2.60117014884949 2.44424432277679 2.01879788398743 3.25648988723755 3.15295334815979 3.27851713180542 3.19724743843079 3.49942490577698 2.99044727325439 3.03336923599243 2.84770869255066 2.97507890701294 3.04223169326782 2.80213450431824 2.43538477420807 2.97870170116425 3.22892772674561 3.08620240211487 3.38470092773438 3.2912695980072 3.22243743896484 3.0088850402832 2.91087639808655 2.94188333511353 2.96269072532654 2.81470837593079 2.50897118091583 2.16079335689545 2.80640593528748 3.24255068778992 3.2811168384552 3.29890731811523 3.26952251434326 3.20010404586792 3.14861488342285 3.01045562744141 2.31587394714355 3.06897515296936 2.78862205505371 2.90402270317078 2.92667232513428
2.25067116260529 2.96098400115967 2.42372547149658 2.27695268154144 2.00726462364197 1.94466470241547 2.76956693649292 2.72575992584229 3.42924231529236 2.9897456741333 3.16127853393555 2.83011184692383 3.31729253768921 2.70976474761963 2.87303738594055 3.34188326835632 3.15218565940857 3.04127682685852 3.21403713226318 2.68465197563171 3.11868499755859 3.1564209651947 2.62898213386536 2.43068235874176 3.11857447624207 2.98009931564331 2.97875464439392 3.09880940437317 2.90057711601257 2.09176661014557 1.91284877300262 1.85230015277863 1.81304837703705 1.69503516197205 2.72589288711548 3.34535891532898 3.22955519676208 2.90665590286255 2.99378387928009 3.26987816810608 3.11286924362183 2.96226323127747 2.13464262008667 1.93674523353577 1.99494374275208 2.10655660152435
2.52460725784302 3.17482321739197 2.32348432540894 2.86079944610596 2.73875034332275 2.77300415992737 2.81468806266785 3.01843094825745 2.73506517410278 2.60486251831055 2.71107799530029 2.1469441652298 2.98327437400818 2.6683925485611 2.98681525707245 3.5579612159729 3.68944952011108 2.92448138237 2.78032227516174 2.69585775852203 3.10324605941772 3.18707651138306 3.04568127632141 2.26032632827759 2.71440093040466 2.83357892036438 2.93739211082459 3.13036673545837 3.10660952568054 2.12221366882324 1.87377996921539 1.89246215343475 1.72596526622772 1.43151813983917 2.23438983440399 2.89372159004211 3.05544178962708 2.66934492111206 3.16907929897308 3.33453993797302 3.18459699630737 2.53065284252167 1.91029968738556 1.97738146781921 1.89442427158356 2.46518018245697
2.31917843341827 2.61573030471802 2.38796686649323 2.68049360275269 2.64185010910034 2.74925788402557 2.88529591083527 2.84350459098816 2.32590094566345 2.76069570541382 2.11508792877197 2.32649268627167 2.97755200386047 3.04673448562622 2.75801085472107 3.0510014629364 3.57320873260498 2.5971795129776 3.16947233200073 3.12303565979004 3.10933977127075 2.65695737838745 2.38788004875183 2.58079594612122 3.02224883079529 2.92124926567078 2.70504232406616 3.05458788871765 3.17195372581482 2.92243793487549 1.88854574203491 1.7386665058136 1.57195766448975 1.57617332458496 2.90926684379578 3.144747838974 3.07684460639954 2.89995403289795 3.67760845184326 3.41819251060486 2.24344850063324 1.96771849155426 2.02107953548431 1.93412599086761 1.7073105096817 2.12351092815399
2.53650554656982 2.35757978916168 2.58063876152039 2.30554714679718 1.8851943397522 2.02412782669067 1.91000680923462 3.02682210922241 3.07505038261414 2.98132468223572 2.90166632652283 2.63478554725647 2.34447397708893 2.57886056900024 2.53019088745117 2.22168356895447 2.42637795448303 3.04804906845093 3.1667035484314 3.26615443229675 3.16703342437744 2.5153496837616 2.70261996269226 3.21162599563599 3.24200844764709 3.26297845840454 2.87685489654541 2.78202385902405 3.20118702888489 3.16100083351135 2.52279401302338 1.62878105640411 1.96632400035858 2.88103934288025 3.24443408966064 3.06381032466888 2.72020377159119 3.43740559577942 2.70275983810425 2.21832439899445 2.4883439540863 2.15019971847534 2.08827097415924 1.80997002124786 1.48624254226685 1.89987107753754
2.90404198646545 3.02479488372803 2.28183230400085 2.068254737854 1.9485964345932 2.64137310028076 2.31393176555634 2.22260450839996 2.01801899909973 2.39617646217346 2.74294753551483 2.59507583618164 2.57718400001526 2.34735625743866 2.78879431247711 2.53947798252106 2.17248005867004 2.81598881721497 3.125416431427 3.15793181419373 3.13817687034607 2.41837872505188 2.65309514045715 2.68626795768738 2.88433319091797 2.91110181808472 2.7786362361908 2.92511723518372 3.02145101547241 3.17963369369507 3.14230355262756 2.99290483474731 2.7065928030014 3.28635188102722 2.40581698894501 3.0558346748352 3.08895590782166 2.84047841072083 2.85707446098328 2.70470126152039 2.0252854013443 2.03846930027008 2.0154996919632 1.51067422389984 1.34544910907745 1.45842214584351
3.20919577598572 3.16894375801086 3.31604412078857 2.93636483192444 2.89054333686829 2.91170651435852 2.93686688423157 2.99638828277588 3.07013537406921 2.78933825016022 2.95838090896606 2.86703997612 3.11297440052032 2.97952706336975 3.60177724838257 3.72873561859131 2.67341224193573 2.0571035861969 2.48912252426147 2.52438398361206 2.51684792518616 2.63017477989197 2.82115929603577 3.01085536956787 3.1186944770813 2.7048153591156 2.65654521942139 2.97125987052917 2.92262928962708 2.9090021944046 2.96856458187103 2.84506968975067 2.34278497219086 3.71967313766479 3.73746973991394 3.12580919265747 2.99419828891754 3.04598292350769 2.8913893032074 2.06935052871704 1.84188428401947 1.98894417762756 1.93179792404175 1.65400640487671 2.0714088344574 1.27606541156769
2.48613936901093 2.93728749275208 2.68688857078552 2.53827714920044 2.53477728843689 3.24072350502014 3.46581914901733 3.39229041099548 3.44229949951172 3.81012305259705 3.87343894958496 3.67185297966003 4.08446679115295 3.77908638954163 3.76703948974609 4.0028978729248 3.14203918457031 2.35802430152893 2.30454803466797 2.62810270786285 2.33173849105835 3.08264564990997 2.69418894767761 2.69822325706482 2.70203948020935 2.61502094268799 2.65045829772949 2.70747777938843 2.79560407161713 2.86214980125427 2.53466360569 3.12687834739685 3.02472129821777 3.50218432426453 3.36211018562317 3.02777554512024 2.40954309940338 2.43134254455566 2.10882182598114 1.80529672145844 1.98930634021759 2.23393723011017 2.27408641338348 1.38658207416534 1.24719002723694 1.21917339801788
2.58848196029663 2.46890014648437 2.79271836280823 2.65939384937286 2.75692632198334 3.41641913414001 3.14838428497314 2.49746011734009 3.16082957267761 3.22161932945251 3.59574269294739 3.7528173160553 3.77974869728088 3.7570322227478 3.8049137878418 4.03688860893249 4.01605140686035 3.58959959030151 3.30328457832336 3.29082288742065 2.88996647834778 3.53784710884094 3.30687383651733 3.13958508491516 2.68212545394897 2.35848945140839 2.75520106315613 2.93933385848999 2.77120080947876 2.54728204727173 2.5720824098587 2.53966047286987 2.86214997291565 3.02721166610718 2.88762920379639 3.0778373336792 2.89756055831909 2.68327705860138 2.15559931755066 1.71046699047089 1.94762878417969 2.36533013343811 3.15459902763367 2.12577343463898 1.60542673587799 1.47088196754456
2.90736705780029 2.85667495727539 2.90390015602112 2.72452736854553 3.14624831199646 3.42644611358643 3.14435219764709 3.06484578132629 3.4651598739624 3.5806054019928 3.02983685970306 2.93533534526825 2.93326080322266 3.2376155090332 3.51085912704468 4.27057158470154 4.17279906272888 3.91906686782837 3.56335866928101 3.79515574455261 3.95784921646118 3.0632585144043 2.94711525917053 2.99481698036194 2.7450813293457 2.72439518928528 2.83231249809265 3.29845902442932 3.07430957794189 2.73157893180847 2.78646167755127 2.74567462444305 3.0564702129364 2.98391389846802 2.90100136756897 3.49028725624084 3.5385426902771 2.18939559936523 1.49414704799652 2.0628192281723 1.91265096664429 2.2253586101532 3.16054391860962 2.93476666450501 2.48659728527069 2.39934199333191
3.39114983558655 3.51995588302612 3.50345525741577 3.60033843994141 3.43292446136475 3.32405444145203 3.14651549339294 3.25903025627136 3.40972236633301 3.4733113193512 3.00595248222351 3.41410544395447 3.49453182220459 3.56395274162292 3.99469889640808 3.80658126831055 4.39226197242737 4.23892943382263 3.59508900642395 3.46215084075928 3.25857115268707 2.75093782424927 2.45547358989716 3.07525126457214 3.48239542961121 3.19204699993134 2.70543334007263 3.07683614730835 3.19700731277466 3.32781205177307 2.73389431476593 2.87421419143677 3.34200016021729 3.01367609024048 2.84544909000397 3.34407150268555 3.59866260528564 1.70223821163177 1.3906389093399 1.40684983253479 2.01464720249176 2.49346212863922 3.17279415130615 2.84847233772278 2.67046051025391 2.77540502548218
