Rasters_5km/WeatheringIndex_Res5km.asc
NCOLS 161 
NROWS 96 
XLLCORNER 210004.651214014 
YLLCORNER 7345008.22228844 
CELLSIZE 5000 
NODATA_value -3.4e+38 
[rows 42 to 62 of 96, columns 0 to 45 of 161]
-3.4e+38 -3.4e+38 -3.4e+38 -3.4e+38 -3.4e+38 -3.4e+38 -3.4e+38 -3.4e+38 -3.4e+38 -3.4e+38 -3.4e+38 -3.4e+38 -3.4e+38 -3.4e+38 -3.4e+38 -3.4e+38 -3.4e+38 -3.4e+38 -3.4e+38 -3.4e+38 -3.4e+38 -3.4e+38 -3.4e+38 3.52568092346191 3.27881031990051 3.35804240226746 4.5504238319397 4.54171703338623 4.44711088180542 4.17239685058594 3.65745801925659 3.36988615989685 3.07494876861572 4.14302762985229 3.42434560775757 3.36381121635437 4.95821569442749 4.82841377258301 4.67809295654297 4.64533042907715 5.11504888534546 4.57381353378296 4.80104037284851 3.2817068862915 3.19972259521484 3.26155452728271
-3.4e+38 -3.4e+38 -3.4e+38 -3.4e+38 -3.4e+38 -3.4e+38 -3.4e+38 -3.4e+38 -3.4e+38 -3.4e+38 -3.4e+38 -3.4e+38 -3.4e+38 -3.4e+38 -3.4e+38 -3.4e+38 -3.4e+38 -3.4e+38 -3.4e+38 -3.4e+38 3.81522052628653 3.76766587257385 3.31271488189697 3.33282876014709 3.29911425590515 3.21230368614197 4.56920598983765 4.78910205841064 4.62026281356812 4.66863874435425 4.47418978691101 3.62005750656128 3.08538728713989 4.71925618171692 4.33118677139282 3.47038084983826 3.96447200775147 4.24577259063721 3.9799621963501 4.66726196289062 4.63906416893005 4.41867915153503 4.76398393630981 3.66772765159607 3.23894682884216 3.2897536277771
-3.4e+38 -3.4e+38 -3.4e+38 -3.4e+38 -3.4e+38 -3.4e+38 -3.4e+38 -3.4e+38 -3.4e+38 -3.4e+38 -3.4e+38 -3.4e+38 -3.4e+38 -3.4e+38 -3.4e+38 -3.4e+38 -3.4e+38 -3.4e+38 3.74636758457531 3.89171029090881 3.8623814868927 3.48295218467712 3.28432390213013 3.32630499839783 3.19800080299377 3.28153570175171 5.08914503097534 5.07747047424316 5.11236410140991 4.44307668685913 5.12880258560181 4.64548895835877 3.27483057975769 5.14956566810608 5.43715564727783 4.3731650352478 4.056762342453 3.35792261123657 4.10103697776794 3.73533731460571 4.22474436759949 3.98029302597046 3.61866743087769 3.59414099693298 3.22712191581726 3.19627890586853
-3.4e+38 -3.4e+38 -3.4e+38 -3.4e+38 -3.4e+38 -3.4e+38 -3.4e+38 -3.4e+38 -3.4e+38 -3.4e+38 -3.4e+38 -3.4e+38 -3.4e+38 -3.4e+38 3.34645538032055 3.29216331481934 3.16304428100586 3.38075827598572 3.54771952629089 3.7239758014679 3.57203080177307 3.36237672805786 3.26169405937195 3.20776156425476 3.22534821510315 3.24894989967346 4.98889209747314 5.10375699996948 5.11252519607544 4.93356757164001 4.81948791503906 5.52880889892578 5.11666125297546 4.72429203033447 5.02489099502563 4.88923052787781 3.89895780563354 3.39395056724548 3.3102285528183 4.20569952011108 3.49726119041443 4.16103735923767 3.92828764915466 3.42414319992065 3.05179756164551 2.99121628761291
-3.4e+38 -3.4e+38 -3.4e+38 -3.4e+38 -3.4e+38 -3.4e+38 -3.4e+38 -3.4e+38 -3.4e+38 -3.4e+38 -3.4e+38 -3.4e+38 -3.4e+38 3.33268294334412 3.23206879615784 3.26244652748108 3.1897289276123 3.16509163856506 3.21774181365967 3.26147775650024 3.38020911216736 3.21976585388184 3.20216330528259 3.16327571868896 3.209975233078 3.14710530281067 4.74000694274902 5.0053826713562 4.79419382095337 4.35113515853882 4.74437852859497 5.45989633560181 5.42635461807251 3.852593126297 3.97400376319885 4.08817854881287 4.71995057106018 4.06724689483643 3.45060510635376 3.65512501716614 3.30707912921906 3.58337519645691 4.44742467880249 4.09890453338623 3.70227053642273 3.37117599487305
-3.4e+38 -3.4e+38 -3.4e+38 -3.4e+38 -3.4e+38 -3.4e+38 -3.4e+38 -3.4e+38 -3.4e+38 -3.4e+38 -3.4e+38 3.59944295883179 3.31347285707792 3.15738475799561 3.18162415504456 3.18706157684326 3.2916868019104 3.33022158622742 3.23085404396057 3.25990432739258 3.50190064430237 3.33118535995483 3.43578009605408 3.29679708480835 3.17561575889587 3.22550942420959 4.87800336837769 4.86149784088135 4.84740036010742 4.49438292503357 4.93756727218628 4.91912860870361 4.8511442565918 3.87580903053284 4.12369798660278 3.83827522277832 3.96674463272095 3.51268758773804 3.13885779380798 3.25915126800537 3.22561325073242 3.00021842956543 3.53615029335022 4.57921093940735 4.16420389175415 4.33584534645081
-3.4e+38 -3.4e+38 -3.4e+38 -3.4e+38 -3.4e+38 -3.4e+38 -3.4e+38 -3.4e+38 -3.4e+38 3.65666395967657 3.68887497981389 3.56901822090149 3.19031462669373 3.14641080856323 3.17704509735107 3.21988211631775 3.27594483375549 3.32131495475769 3.25164512634277 3.44605484962463 3.53011794090271 3.33001113891602 3.53459132194519 3.62670466423035 3.46580322265625 3.27756368637085 4.49274914741516 5.26178749084473 4.68205780029297 5.41422452926636 5.61751550674439 4.93772420883179 3.96819597244263 3.7328396320343 4.07531745910645 3.83718271255493 3.74530031204224 3.23749503135681 3.12144514083862 3.2574796295166 3.02959030151367 2.6691047668457 3.37528376579285 3.05419479370117 4.41853308677673 4.08712371826172
-3.4e+38 -3.4e+38 -3.4e+38 -3.4e+38 -3.4e+38 -3.4e+38 -3.4e+38 -3.4e+38 -3.4e+38 3.52249390200565 3.39216004371643 3.28328768730164 3.14934657096863 3.11951477050781 3.18154901504517 3.25785910606384 3.21839468955994 3.16148554801941 3.20440001487732 3.36476160049438 3.41152750968933 3.37972527503967 3.678607006073 3.80980641365051 3.60414149284363 3.41255272865295 3.39503331184387 5.35160137176514 5.0320735168457 5.15381940841675 5.65393598556519 4.82380714416504 3.52097817420959 3.95630434989929 3.34195343971252 3.38988715171814 3.24852484703064 3.22588388442993 3.145025806427 4.00289727210999 3.59256901741028 3.0618575668335 4.39876224517822 3.52371555328369 3.73168623924255 3.5501238155365
-3.4e+38 -3.4e+38 -3.4e+38 -3.4e+38 -3.4e+38 -3.4e+38 -3.4e+38 -3.4e+38 -3.4e+38 3.54587609871574 3.33648691177368 3.20635251045227 3.1463637638092 3.12899132728577 3.17979575157166 3.22467845916748 3.13247958183289 3.10284802436829 3.20194749832153 3.14506245613098 3.51157893180847 3.79609707832336 3.77342620849609 3.88704361915588 3.88489000320435 3.69605981826782 3.27336556434631 4.0931383228302 5.60522066116333 5.02696343421936 4.08121412277222 3.27339727401733 3.13168462753296 3.74775827407837 3.12633369445801 3.02470328330994 3.21742109298706 3.23083745002747 3.56199136734009 4.24790863037109 3.50005536079407 2.69885565757751 3.3871235370636 3.79988189697266 4.24655557632446 3.74734887123108
-3.4e+38 -3.4e+38 -3.4e+38 -3.4e+38 -3.4e+38 -3.4e+38 -3.4e+38 -3.4e+38 -3.4e+38 3.38665431022644 3.29133457183838 3.20786995887756 3.22118869781494 3.19175210952759 3.20600994110107 3.21419847488403 3.13651382446289 3.13709309577942 3.19681313514709 3.19632521629334 3.44023146629333 3.85625635147095 4.09292410850525 3.73242398262024 4.07729391098022 4.76029172897339 4.39295397758484 3.41259741783142 4.38426156997681 4.96239977836609 3.79971024513245 3.24049349784851 3.22943230628967 3.36656087875366 3.34142775535584 2.83698725700378 2.87402559280395 3.10477546691895 3.77939235687256 3.83754114151001 4.05269672393799 3.43965274810791 3.83688843727112 3.70294134140015 4.31039619445801 4.11652562141418
-3.4e+38 -3.4e+38 -3.4e+38 -3.4e+38 -3.4e+38 -3.4e+38 -3.4e+38 -3.4e+38 3.49061716079712 3.30195730209351 3.2371443271637 3.19994316101074 3.21541630744934 3.24147360801697 3.24258136749268 3.21419278144836 3.17663442611694 3.16731141090393 3.34119695663452 3.24564645767212 3.24092662811279 3.44679522514343 3.43356139183044 3.58497357368469 4.3776127243042 4.17926807403564 4.35112009048462 4.21023494720459 4.14697292327881 3.57222236633301 3.45721785545349 3.30150093078613 3.07199672698975 3.01193088531494 2.71511939525604 2.593097615242 2.93126204490662 2.84831585884094 4.14328258514404 4.03680907249451 3.62009773254395 2.896456990242 2.66242079734802 3.95435992240906 3.96912505149841 4.62583700180054
-3.4e+38 -3.4e+38 -3.4e+38 -3.4e+38 -3.4e+38 -3.4e+38 -3.4e+38 3.6858545144399 3.37696972846985 3.26462197303772 3.22111284255981 3.22697539329529 3.21999053001404 3.22882196426392 3.18940692901611 3.18890336036682 3.17899617195129 3.15797545433044 3.27108626365662 3.19121685028076 3.24215306282043 3.2186226940155 3.21630197525024 3.2971263885498 3.32164996147156 3.4517776298523 3.40504555702209 3.18636871337891 3.32436617851257 3.19443017959595 3.57726393699646 3.23169405937195 2.38381010532379 2.43536867141724 2.50921068191528 3.23442931175232 3.12723074913025 3.44767018318176 3.6776660823822 3.96398899078369 3.4588084602356 4.25418754577637 3.10681931972504 3.81500074386597 3.67688302993774 3.79999845504761
-3.4e+38 -3.4e+38 -3.4e+38 -3.4e+38 -3.4e+38 -3.4e+38 -3.4e+38 3.63266867637634 3.44889981269836 3.24717595100403 3.21569276809692 3.23059507369995 3.25413601875305 3.30018051147461 3.23234248161316 3.19195775985718 3.21715706825256 3.18174796104431 3.24178137779236 3.16610531806946 3.32289850234985 3.78963677406311 3.70452917098999 3.43995524406433 3.4482873249054 3.25475295066834 3.23782333374023 3.15427752494812 3.04833298683167 3.38710654258728 3.40174514770508 3.1614364528656 2.47931778430939 2.56038996696472 3.23584943771362 2.8268604850769 2.72214286804199 2.85588527679443 3.25878615379334 3.30644328117371 3.696202917099 3.62688852310181 3.73494958877563 3.97278383255005 3.83842597961426 3.87472078323364
-3.4e+38 -3.4e+38 -3.4e+38 -3.4e+38 -3.4e+38 -3.4e+38 -3.4e+38 3.53539604187012 3.37366658210754 3.25230584144592 3.20863652229309 3.2650430393219 3.26457236289978 3.20977602005005 3.28394074440002 3.21728507995605 3.14960691452026 3.19376676559448 3.14454441070557 3.16266928672791 3.59299801826477 4.81678182601929 4.9991459274292 4.13917824745178 3.66512977600098 3.22454726219177 2.97902891159058 3.2368204498291 3.35654879570007 3.27172087669373 4.05826214790344 3.16353507041931 2.66201118946075 3.18191848754883 3.29030652046204 3.11162271499634 2.80105226993561 3.1054191493988 3.13927242279053 3.06621988296509 4.14708451271057 3.61484198570251 3.66982576370239 2.56467507839203 3.85273192405701 4.11042740821838
-3.4e+38 -3.4e+38 -3.4e+38 -3.4e+38 -3.4e+38 -3.4e+38 3.64023639758428 3.52278025627136 3.26016080856323 3.25109581947327 3.21142292022705 3.27354859352112 3.26725343704224 3.26054988861084 3.32198662757874 3.34578427314758 3.34038145065308 3.2423780632019 3.22598135948181 3.20444214820862 3.27710893630981 3.33340972900391 3.52491473197937 3.22406925201416 3.25432939529419 3.04689270973206 2.69919536590576 3.10103197097778 3.38586430549622 3.3629465675354 3.42788583755493 3.45920433998108 3.19202306747437 2.46547882080078 2.94237355232239 3.15508929252625 3.09978595733643 3.11023015975952 2.88966875076294 3.12160903930664 3.82886783599854 4.09956359863281 3.32986647605896 2.36453005313873 1.74978837013245 3.00771741390228
-3.4e+38 -3.4e+38 -3.4e+38 -3.4e+38 -3.4e+38 -3.4e+38 3.52182418823242 3.3953480052948 3.21701268196106 3.26002720832825 3.24798718452454 3.24619342803955 3.30034153938293 3.20841784477234 3.29217830657959 3.28658820152283 3.25351271629334 3.33751758575439 3.31262063026428 3.24417944908142 3.27028713226318 3.17918797492981 2.84537364959717 2.87962862968445 2.70065937995911 2.76809238433838 2.22683986663818 3.00012649536133 3.03528441429138 3.32170166969299 2.96164612770081 3.2108124256134 3.13572425842285 2.77281690597534 2.96520257949829 2.94326848983765 2.5843346786499 3.05243884086609 3.14181018829346 3.32213806152344 3.44739503860474 3.8477405834198 3.68356746673584 3.37259202957153 2.96998396873474 2.58542763710022
-3.4e+38 -3.4e+38 -3.4e+38 -3.4e+38 -3.4e+38 -3.4e+38 3.4891096496582 3.22452443122864 3.21293469429016 3.19763294219971 3.16392912864685 3.17460844993591 3.28020776748657 3.14634305953979 3.18872295379639 3.20972225189209 3.26175814628601 3.26992319107056 3.26976246833801 3.19657820701599 3.1565562915802 3.0299595451355 2.68726870536804 2.91927066802979 2.77434238433838 2.83501340866089 2.73085259437561 3.19931174278259 3.92158294677734 3.61854064941406 3.55305649757385 3.14331570625305 3.14103346824646 2.83092338085175 2.92898953914642 3.19592157363892 3.18762529373169 3.14525243759155 3.21295672416687 3.31108303070068 3.42428715705872 3.45588184356689 3.59324606895447 3.30093181610107 3.63345713615417 3.36646278381348
-3.4e+38 -3.4e+38 -3.4e+38 -3.4e+38 -3.4e+38 3.53009519369706 3.39086660385132 3.20891851425171 3.22060225486755 3.20527611732483 3.20942742347717 3.19199104309082 3.16660292625427 3.226073179245 3.20208337783813 3.26961403846741 3.30036246299744 3.3564857673645 3.24908860206604 3.14551819801331 3.06338912963867 2.90997842788696 2.70116805076599 4.00052951812744 3.4950709438324 3.26890948295593 3.16192113876343 3.30764825820923 3.63760097503662 3.69372027397156 3.75838750839233 3.18073881149292 3.06553317070007 2.90794169425964 2.52236718654633 2.89599939823151 3.06966428756714 3.18132165908813 3.37867249488831 3.12055109024048 3.26607472419739 4.07200982093811 3.14973989486694 3.28233558654785 3.49925194740295 3.52347261428833
-3.4e+38 -3.4e+38 -3.4e+38 -3.4e+38 3.66916728019714 3.54901917457581 3.38749647140503 3.16318574905396 3.27405647277832 3.25702198028564 3.26671232223511 3.29622669219971 3.36553621292114 3.25651708602905 3.25215226173401 3.31590370178223 3.38053772926331 3.32407898902893 3.31217872619629 3.20984342575073 3.06534967422485 3.11013510704041 3.19548864364624 4.45115233421326 2.9401943063736 3.12807500839233 2.88614551544189 3.16029600143433 3.24319330215454 3.74937291145325 3.83545415878296 3.19089285850525 3.07221166610718 2.16486067771912 1.99247022628784 2.63297260284424 3.00630347251892 3.23412119865417 3.05429306030273 3.33301997184753 3.39650025367737 3.30601119995117 3.76031216621399 3.27005727291107 2.97866321086884 2.83273438930511
-3.4e+38 -3.4e+38 -3.4e+38 -3.4e+38 3.7966312567393 3.34277625083923 3.12551386833191 3.14050200462341 3.2028731918335 3.39308718681335 3.14786003112793 3.17953455924988 3.35540598869324 3.18655175209045 3.24742010116577 3.38968622207642 3.33572493553162 3.36601765632629 3.32366249084473 3.33911868095398 3.11578901290894 3.36602861404419 3.13136786460876 3.34018097877502 2.82097767829895 2.84314087867737 2.35251575946808 3.04444397926331 2.93481960773468 3.73835517883301 3.82558772087097 2.70514759063721 1.94054417610168 1.8583975315094 1.98829504489899 2.36174707889557 3.14530623435974 2.95815464019775 3.02198166847229 3.23479162216187 3.21107795715332 3.22364259719849 3.134908618927 3.84523084640503 2.75488034248352 2.57538078784943
-3.4e+38 3.32301127283197 3.27241773832412 -3.4e+38 3.56645929813385 3.27824734687805 3.10374452590942 3.14265099525452 3.14684367179871 3.14494655609131 3.11650395393372 3.0267879486084 2.97956040382385 2.96351421356201 3.10772253990173 3.24574653625488 3.25209492683411 3.21585115432739 3.1832264995575 3.18661069869995 3.09434176445007 3.34873899459839 3.47575207710266 3.80281163215637 2.92286158561707 2.66833329200745 2.69394708633423 2.18002550601959 2.33583584308624 3.57304001808166 3.52220374107361 2.20858224868774 1.58286112308502 1.64371515274048 1.81356986999512 2.57992349624634 3.26384310722351 3.14386162757874 2.89437168598175 3.36885005950928 3.39618377685547 3.25367094039917 3.1431268787384 3.31082678794861 3.23575290679932 2.75962332725525
