Rasters_5km/WeatheringIndex_Res5km.asc
NCOLS 161 
NROWS 96 
XLLCORNER 210004.651214014 
YLLCORNER 7345008.22228844 
CELLSIZE 5000 
NODATA_value -3.4e+38 
[rows 63 to 83 of 96, columns 0 to 45 of 161]
-3.4e+38 3.36041816473007 3.56651790618896 3.65214767456055 3.5486369228363 3.17154083251953 3.10080471992493 3.14049070358276 3.16473410606384 3.15723896980286 3.13350978851318 3.09571105957031 2.95956973075867 2.85019276618958 2.95618174552917 3.13366044044495 3.16125782966614 3.18324022293091 3.09657667160034 3.11152421951294 3.08659852027893 3.18480047225952 3.40474650382996 3.35955851554871 3.32724447250366 3.21420255661011 3.29847024917603 3.17945782661438 2.94132553100586 3.18086185455322 3.53210450172424 2.55730500221252 1.6799715423584 1.89467435359955 2.03486519813538 2.66335924625397 3.14331134796143 3.10922496795654 2.59602215766907 3.0660379743576 3.77926865577698 3.16466337203979 3.41757926940918 3.26723027229309 3.30958333015442 2.56898105144501
-3.4e+38 3.91745607669537 3.46367216110229 3.4047807598114 3.22713255882263 3.14356370925903 3.12114464759827 3.1211261844635 3.1482285118103 3.11738555908203 3.09496335029602 3.12774757385254 3.07216862678528 3.00713157653809 2.95478568077087 3.09897572517395 3.30610692024231 3.20290573120117 3.04009415626526 3.0438055896759 2.72189195632935 3.00750148773193 3.12314263343811 3.17379684448242 3.0725612449646 2.71212461471558 2.24985403060913 2.3478662443161 3.13484042167664 3.34635803222656 3.52019996643066 3.0691282081604 2.37882959365845 2.51326638698578 2.99863514900208 3.03746348381042 3.14392792701721 3.30450988769531 3.00241545677185 3.30280267238617 3.78717334747314 3.88805849075317 3.39999891281128 3.17101741790771 3.2394624710083 2.45590829849243
-3.4e+38 3.76023020744324 3.37535411834717 3.37296764373779 3.1506179523468 3.16062433242798 3.17521391868591 3.17716438293457 3.15783929824829 3.11352849960327 3.07021213531494 3.06001726150513 3.06542192459106 3.02989015579224 3.01833537101746 3.169686460495 3.16455879211426 3.21830693244934 3.0166104888916 3.23360280990601 2.9798033618927 2.49950416564941 2.98776824951172 2.9033244228363 2.7111937713623 2.03331372261047 1.66598294258118 1.69021018505096 1.91010810375214 3.14702412605286 3.3684653377533 3.4832740688324 3.23912371635437 3.33899376869202 2.78137391090393 2.0276408290863 2.61819377422333 3.26348387718201 3.38885467529297 3.7847577381134 3.64309820175171 3.77896317481995 3.22519665718079 3.6034855556488 3.35414036750793 3.02315399169922
-3.4e+38 3.795778465271 3.2280326461792 3.48331673622131 3.29591488838196 3.19428881645203 3.27290771484375 3.16784484863281 3.15928242683411 3.14508870124817 3.09338459014893 3.01457750320435 2.9882924079895 3.01331832885742 3.01427572250366 3.08962992668152 3.0383678150177 3.23429767608643 3.01399115562439 3.18941036224365 3.18199952125549 2.57672166824341 2.92351726531982 2.71790453910828 2.67471413612366 2.39516510486603 2.0278968334198 2.07037007331848 1.96942829608917 2.76679540634155 3.38239562988281 3.4908175945282 3.26175441265106 3.13795414924622 2.23231940746307 1.75289933204651 2.8976562166214 3.27900460243225 3.11169703483582 3.75901428222656 3.74796795845032 3.65214366912842 3.31941177368164 3.47074683189392 3.24860409736633 2.72517253398895
-3.4e+38 3.13191969394684 3.21374536514282 3.3009023475647 3.37329957962036 3.16359301567078 3.17431052207947 3.16457527160645 3.13052033424377 3.12871649742126 3.05658044815063 3.01145613670349 2.94633263587952 2.97018172264099 3.02674130439758 3.09591584205627 3.08442794799805 3.09850646018982 3.13079998016357 3.11879283905029 3.05714289665222 3.07920567512512 3.10942317962646 3.22742150306702 2.98090566635132 3.09786208152771 3.23629424095154 2.74191750049591 2.0678453874588 2.57809441566467 3.2969114112854 3.28713635444641 2.72978820323944 2.49972532272339 2.28716557025909 2.45102684497833 2.95383999824524 3.11648669719696 2.17073182106018 3.35551322937012 3.64051986694336 3.67848600387573 3.53626906394959 2.86742007255554 3.26596848011017 3.4651904964447
-3.4e+38 3.09788334369659 3.41833826065063 3.56997638702393 3.35022664070129 3.07754473686218 3.17053098678589 3.15043003082275 3.1204444026947 3.1406702041626 3.06925959587097 3.03095549583435 3.00040725708008 2.95588161468506 3.01311676025391 3.05497990608215 3.08748893737793 3.08803621292114 3.22597560882568 3.34009033203125 3.28642119407654 3.26561002731323 3.39541496276855 3.33976526260376 3.07327642440796 3.14643216133118 3.30643008232117 3.25298155784607 2.07048111438751 2.48531708717346 3.07124314308167 3.29271123886108 2.55666298866272 1.80152445793152 2.55735052585602 2.44391355514526 1.89426525115967 2.0242155122757 1.30520248413086 2.65071413040161 3.0704054069519 3.3835082244873 3.58525286674499 3.69593000411987 3.51352144241333 3.26643301963806
-3.4e+38 3.20410652160645 3.28873460769653 3.80774914741516 3.33908051490784 3.10977069854736 3.04357196807861 3.14276062965393 3.11215980529785 3.13892129898071 3.07899017333984 3.00074419021606 3.0039361000061 3.01177510261536 3.03058456420898 3.05316795349121 3.10736302375793 3.12510811805725 2.95552803039551 3.35364717483521 3.80979790687561 3.44755647659302 3.35767380714416 3.27693454742432 3.06588104248047 3.34841472625732 3.34744931221008 3.03004801750183 1.8831503534317 2.55029841899872 2.63679180145264 3.22366646766663 3.40814306259155 2.51217308521271 2.01569674968719 2.57333271503448 2.78514906406403 1.72594715118408 1.68561539649963 2.08142332077026 2.78850276947021 3.08889261245728 3.31022754669189 3.18015355110168 3.72917021751404 3.67972839355469
-3.4e+38 3.41715526580811 3.29326031684875 3.62753170013428 3.45919361114502 3.11171686172485 3.19902993202209 3.2150847530365 3.17340255737305 3.07785704612732 3.08493689537048 3.09795792579651 2.99902030944824 3.01128081321716 3.06639882087708 3.05238217353821 3.31718273162842 3.49147498130798 3.34477185249329 3.66939164161682 3.9463293170929 3.69059703826904 3.45213519096374 3.42875824928284 3.29667349815369 3.13941785812378 3.18814561843872 2.76358128070831 1.82003559112549 2.4343132019043 3.13150955677032 2.69226847648621 3.41807668685913 3.43921251296997 3.04033452033997 3.13426342964172 3.18016630172729 2.78906121253967 1.54520473480225 1.95148565292358 3.03074735641479 2.68844219207764 3.18100295066834 3.22316911697388 3.22810565948486 3.43178248405457
-3.4e+38 -3.4e+38 3.43163730984642 3.8149823474884 3.71491445541382 3.52338926315308 3.37710311889648 3.32204704284668 3.24002095222473 3.12145962715149 3.11614301681519 3.12209748268127 3.05291705131531 3.03921836853027 3.05263090133667 3.04503640174866 3.14954668998718 3.2811851978302 4.01331029891968 4.44806855201721 4.10810157775879 3.23391590118408 3.32765238761902 3.46345501899719 3.35165886878967 3.23113510131836 2.93597628593445 2.65186378002167 2.30562087535858 2.89106541633606 3.81355694770813 2.45027086257935 2.53837954521179 3.44537570953369 3.53925078392029 3.33125094413757 3.19068884849548 2.30047847270966 1.87510441303253 1.57046082496643 1.91775998592377 2.79200382232666 2.71735131263733 3.21574124336243 3.26104230880737 3.18289347648621
-3.4e+38 -3.4e+38 3.87175268786294 3.90913419723511 3.8612371635437 3.90526953697205 3.54828207015991 3.28651475906372 3.26697786331177 3.22321232795715 3.20974534988403 3.12990098953247 3.09175377845764 3.05489399909973 3.05832446098328 3.03659027099609 3.04947974205017 3.28115194320679 3.89577038764954 3.46926706314087 3.26695092201233 3.1441607427597 2.41219881534576 3.10861818313599 2.93545325756073 2.97622364997864 2.88672391891479 2.07186738014221 2.15346857070923 2.35403642177582 3.82022288322449 3.13443946838379 1.48389927864075 3.44649452209473 4.11580174446106 3.32609086990356 3.30081340789795 3.01065225124359 2.71934014320374 2.06394846439362 1.74240374565125 2.20466812133789 2.58114756584167 2.93496919631958 3.27613097190857 3.20571105003357
-3.4e+38 -3.4e+38 3.94467530931745 3.89983430862427 4.00020798683166 3.85210382461548 3.39299258232117 3.37336782455444 3.32283456802368 3.39504393577576 3.38287150382996 3.25549417495728 3.19763085365295 3.17868042945862 3.08748197555542 3.03272669792175 3.01801808357239 3.11124876976013 3.17929147720337 3.20802147865295 2.95568735122681 2.75688710212708 1.90426983356476 2.74682419300079 2.39038789272308 2.30470193386078 2.07755573272705 2.56028349399567 2.4330569267273 2.86189130306244 3.75967284202576 3.80990751266479 3.22393547534943 2.50319791316986 4.0415025138855 2.47519901275635 2.88034679412842 3.62160165786743 3.17721202850342 3.4471450138092 3.46157244682312 3.2208985042572 3.21959290504456 3.08919741630554 3.01722612380981 2.66841675758362
-3.4e+38 -3.4e+38 -3.4e+38 3.96662344103274 3.80841002464294 3.51440188407898 3.20192914962769 3.24994898796082 3.50213722229004 3.51658483505249 3.28170954704285 3.28351787567139 3.23216195106506 3.25442090988159 3.1382102394104 2.94986351966858 2.98205599784851 3.01773133277893 2.98189722061157 2.85239672660828 2.76711373329163 2.9902695274353 2.48089706897736 1.80169932842255 2.05709158420563 1.91159236907959 1.57616044044495 1.73250733375549 2.35217025756836 1.69460329532623 4.00435052871704 3.82789623260498 4.01918316841125 3.76957169532776 3.92796012878418 3.05356074810028 3.84302305221558 3.59110725402832 3.60444621086121 3.74228676795959 3.94939759731293 2.84169078350067 3.01182940483093 3.13349868774414 3.19178460121155 3.01400065422058
-3.4e+38 -3.4e+38 -3.4e+38 3.72923487883348 3.17790034294128 3.24899442672729 3.2168572807312 3.22379944801331 3.68145890235901 3.37070503234863 3.13609189987183 3.28657698631287 3.20778167724609 3.16783585548401 3.21470233917236 3.06317153930664 3.08149977684021 3.04275609016418 2.53299869537354 2.08290453910828 2.28858095169067 3.12649441719055 3.08524765968323 2.80173548221588 2.13967393398285 1.52002269744873 1.44184751987457 1.31662611484528 1.66942913532257 1.67457248687744 2.92608471870422 3.77298060417175 3.83127639770508 3.65293672561645 3.68842890739441 3.1678200340271 3.35734901428223 3.54641226768494 3.33569963932037 3.92378454208374 4.3717702293396 3.040719871521 2.71464184761047 2.32611661434174 3.20144774436951 2.94592836380005
-3.4e+38 -3.4e+38 -3.4e+38 3.13595032691956 3.12926281491915 3.27297445297241 3.63842467308044 3.42088937759399 3.62126508712769 3.22136713981628 3.17275688171387 3.50799833297729 3.34317983627319 3.23743978500366 3.4201658821106 3.65914613723755 3.63661445617676 3.06711922645569 2.90122378349304 2.70667414665222 2.95732803344727 3.32064051628113 3.22498661994934 3.24954542160034 2.75235966205597 1.83464670181274 1.60028489589691 1.69059456825256 1.75667586803436 1.78928548336029 1.8546156167984 3.78098582267761 3.77464622497559 3.60746596336365 3.75116868972778 2.88420320510864 3.17472256183624 3.37992095947266 3.24993775844574 3.69780264854431 3.65059876441956 4.86314596176147 3.53412981987 3.17202825546265 3.33272706985474 2.992809715271
-3.4e+38 -3.4e+38 -3.4e+38 -3.4e+38 3.25232146467481 3.32104159355164 3.38814227104187 3.30608389854431 3.16393803596497 3.24632613182068 3.3425207233429 3.29148766517639 3.42924821853638 3.37244607925415 3.35491790771484 3.59972896575928 3.40239911079407 3.11562894821167 2.90052842140198 2.91963437080383 3.12407399177551 2.76012497901917 2.21770363807678 2.22720162391663 3.27056162834167 2.51735129356384 2.2807081413269 2.34208194255829 2.8407679271698 2.02769516468048 1.23200202465057 2.45968581199646 4.09450335502625 3.03274596214294 3.14922791481018 2.87525369644165 3.28844026088715 2.89673176765442 2.47311804294586 3.77298952102661 3.90061110496521 2.85024236679077 3.24763142108917 3.14015672683716 3.56163335800171 3.11952615737915
-3.4e+38 -3.4e+38 -3.4e+38 -3.4e+38 3.32939004898071 3.26832836324518 3.31289833068848 3.24367990493774 3.27174577713013 3.27232472419739 3.34175951004028 3.28639501571655 3.4713282585144 3.31304222106934 3.30977208137512 3.44881176948547 3.58966522216797 3.50149311065674 3.03780152320862 2.97807425498962 2.73914797782898 2.14140283107758 2.08724538803101 1.98961479663849 3.24977650642395 3.23730153083801 2.82700503826141 1.72518993854523 2.83604542732239 2.13821087837219 1.27764647483826 1.15875671863556 3.52847960472107 3.20194490432739 2.80371559143066 2.34941321372986 3.95986899375916 3.10800547599792 2.74462941169739 2.88118893146515 3.48476719856262 3.55487889289856 3.22615225791931 3.06474257469177 3.38228916168213 3.38857574462891
-3.4e+38 -3.4e+38 -3.4e+38 -3.4e+38 -3.4e+38 3.24974584579468 3.27134863535563 3.34797525405884 3.23646081924438 3.25794459342957 3.26247695922852 3.28384342193604 3.35663003921509 3.44789405822754 3.27692483901978 3.33813714027405 3.64873328208923 2.86527541637421 2.21960076332092 2.27896583080292 2.46819622993469 2.39369911670685 2.56313323020935 2.5146288061142 3.03235180854797 3.20622451782227 3.16848763465881 2.51883968353271 2.34854654788971 2.91473528862 1.31912774085999 1.15772970676422 2.49570751667023 3.3624081325531 2.76199242591858 2.4468052482605 3.16946810722351 2.73527103424072 2.93494788646698 3.20562717437744 2.78380683422089 3.22186357498169 3.12556355476379 3.99787686347961 3.270144739151 3.58586713790894
-3.4e+38 -3.4e+38 -3.4e+38 -3.4e+38 -3.4e+38 -3.4e+38 3.26430624723434 3.26694886207581 3.23468454360962 3.24547804832459 3.25005104064941 3.10032362937927 3.15146280288696 3.14594123840332 3.16402866363525 3.28671099662781 3.1358314704895 2.88216815948486 2.26060627937317 2.05356475830078 2.39989768981934 2.55637163639069 2.85348779678345 3.01925354957581 3.00133148193359 2.99007612228394 3.07856594085693 3.16583722114563 2.76423845767975 3.40871073722839 2.15935386180878 1.92483234405518 3.41293914794922 3.50167148590088 3.13303860664368 2.84856019973755 3.14234699249268 3.07732040405273 3.26779802322388 3.42554091453552 3.09803462028503 3.31303911209106 3.56114791870117 4.13367079734802 2.90062068462372 3.12395694732666
-3.4e+38 -3.4e+38 -3.4e+38 -3.4e+38 -3.4e+38 -3.4e+38 -3.4e+38 3.2719719171524 3.24465780258179 3.21672916412354 3.18314463615417 3.27107126235962 3.33482090950012 3.3304100894928 3.28976357460022 3.05229207038879 3.07530475616455 3.14632601737976 2.75905590057373 2.41984338760376 1.94994108200073 2.18357861042023 2.23310526371002 2.5517475271225 2.70154880523682 3.03562064170837 2.6169392490387 2.23309496879578 2.25375952243805 2.58187440395355 3.54687075138092 3.4329475069046 3.28891977310181 3.23535300254822 3.23418210983276 3.00600631713867 3.07485019683838 2.73657457828522 3.52294661521912 3.53415170669556 3.13109806060791 3.20623580932617 3.50786758422852 3.54488252639771 3.58145726203918 2.88480401992798
-3.4e+38 -3.4e+38 -3.4e+38 -3.4e+38 -3.4e+38 -3.4e+38 -3.4e+38 -3.4e+38 3.22502224445343 3.21507431983948 3.24696243286133 3.20339691162109 3.19335446357727 3.37970011711121 3.42939167976379 3.25445282936096 2.93271867752075 3.24980600357056 3.03217835426331 2.84112105369568 2.03026762485504 1.78717396259308 1.7263831281662 1.9716789484024 2.94905824184418 2.50192143440247 2.80367785453796 2.28374005794525 2.64284697532654 2.92461266994476 3.52264368057251 3.86597716331482 3.5541564655304 3.42556646347046 3.30634704589844 3.20565194129944 3.22645347595215 2.65331063270569 3.50331841468811 3.59247785568237 3.3140678024292 3.44901762962341 2.9079981136322 3.33043883800507 3.5725247001648 3.14460917472839
-3.4e+38 -3.4e+38 -3.4e+38 -3.4e+38 -3.4e+38 -3.4e+38 -3.4e+38 -3.4e+38 -3.4e+38 3.17145252227783 3.26405333479246 3.19908198356628 3.1162535572052 3.28915383338928 3.42545897483826 3.22104417800903 3.22240156173706 3.17602550506592 3.32857689857483 3.18791812896729 2.92309568405151 2.29796112060547 1.73654224872589 1.91389032840729 2.94793385505676 2.38026385307312 3.07120436668396 3.04111485481262 2.7870919418335 2.31634456157684 3.11813066959381 3.58117587089539 3.64367143630981 3.3139879989624 3.21845632553101 3.1876355266571 3.52351061820984 3.25033502578735 3.34811144828796 3.49863522529602 3.45688219070435 3.24445743560791 3.47205927848816 3.00627229213715 3.52085655212402 3.14980104446411
