Rasters_5km/WeatheringIndex_Res5km.asc
NCOLS 161 
NROWS 96 
XLLCORNER 210004.651214014 
YLLCORNER 7345008.22228844 
CELLSIZE 5000 
NODATA_value -3.4e+38 
[rows 21 to 41 of 96, columns 92 to 137 of 161]
2.36856276512146 2.73644773483276 2.53960700035095 2.43688415527344 1.8161288022995 1.69279906272888 2.47892684459686 2.01404597759247 2.01589612483978 2.24910140037537 2.16594141960144 2.18029368400574 2.13611886978149 2.14656579971313 2.07426923751831 2.09009606361389 2.45482250213623 2.84397542953491 2.8134194278717 2.47685453414917 2.12160110473633 2.07538584709167 2.07514239311218 2.09780263900757 2.31638842582703 2.88350038528442 3.16170918464661 3.08725434303284 3.20019167900085 3.20296118736267 3.16784044265747 2.89308848381042 2.56901122093201 2.9691856098175 3.03625739097595 3.57484333992004 3.23194042205811 3.60666081428528 3.63225606918335 4.03810984611511 4.16762956619263 4.37399686813354 4.30191062927246 4.17485233306885 4.19954043388367 4.31158847808838
2.47208354949951 2.39431704521179 2.49250375747681 2.03975458621979 1.63858490943909 1.78147217750549 2.04838754653931 1.98609418392181 2.03449384212494 2.51544241905212 2.5111155796051 2.69303053855896 2.50089076042175 2.18186438560486 2.08110957145691 2.23205357551575 2.69750758171082 2.97965117454529 2.96537224769592 2.80997329711914 2.38301933288574 2.08347417831421 2.06192063331604 2.10641153335571 2.08161353111267 2.60044797897339 2.62399460792542 2.43600781440735 2.58165064811707 2.8761296081543 3.07612785339355 3.26964016914368 3.34451698303223 3.21711531639099 2.79432095527649 3.04498013496399 3.11066834449768 3.23854228973389 3.39723243713379 3.63420261383057 3.69944602966309 3.69856610298157 3.90491018295288 4.02426132202148 4.11085233688354 4.24886703491211
3.04349457740784 3.15018692016602 2.77991112709045 2.42214164733887 2.92348207473755 2.25825788497925 1.97096851825714 2.0000111246109 1.98912367343903 2.04312537193298 2.19450276374817 2.57635185241699 2.5778434753418 2.39780317306519 2.07027307510376 2.46570261955261 2.97358922958374 3.11521734237671 3.15579566955566 2.62170498847961 2.79802466392517 2.21102245330811 2.07329076766968 2.07096321105957 2.06334090232849 2.0924093914032 2.10541778087616 2.14975947380066 2.09278581619263 2.24195647239685 2.97345816612244 3.24245813369751 3.34090249061584 3.14232637405396 3.03279519081116 3.19444622039795 3.30020076751709 3.20578262329102 3.14467549324036 3.15214749336243 3.16012308120728 3.26582507133484 3.28406767845154 3.3290877532959 3.70065907478333 3.94411526679993
2.44514621734619 2.82319247245789 3.07371043205261 2.7774390411377 2.24309324264526 2.01029930591583 2.27821869373322 2.01295268535614 1.98638250827789 2.05612000465393 2.20312169075012 2.87191722869873 2.61245565414429 2.49039940834045 2.08871340751648 2.84148755073547 3.1240856552124 3.22324611663818 3.57654481887817 2.88913977622986 2.66642561912537 2.62810802459717 2.33242509841919 2.0500944519043 2.15422711372375 2.11762910366058 1.97995533943176 2.0319365978241 2.0509851026535 2.63801900863647 3.07962726593018 3.17488366127014 3.33497409820557 3.25116127967834 3.1803359413147 2.95949798583984 2.82881035804749 3.09630437850952 2.6804033946991 2.43229553699493 2.63762514591217 3.14612086296082 3.40300325393677 3.43388365745544 3.34498055458069 3.26585949897766
2.52942873477936 2.30394985675812 2.20337253570557 2.32705945968628 2.46736882686615 2.60496225357056 2.46546759605408 2.19420307159424 1.95848068237305 2.09521631240845 2.19070323944092 2.88001285552979 2.94339745521545 2.65539352416992 2.20599071502686 3.03928150177002 3.09994246482849 3.08709314346313 3.3618227481842 3.37904392242432 3.07501260757446 2.7206543636322 2.81583162307739 2.08922234535217 2.147676820755 2.07335584640503 2.17848300457001 2.0765816783905 2.01478649616241 2.10665435314178 3.02408431053162 3.07706398487091 2.6934583234787 2.62382971763611 3.2343318939209 2.92104659080505 2.12751616477966 2.42546350955963 2.09901658535004 1.94480448722839 2.06698099136353 2.87440933227539 3.29743019104004 3.32472660064697 3.299983959198 3.2864716053009
1.97893990516663 1.95872375011444 2.00958394527435 1.96110842227936 1.98108541488647 2.10529064655304 2.10847192287445 1.97996708869934 2.00787561893463 2.07165327072144 2.68558581352234 2.83391347885132 2.89800607681274 2.57666015625 2.29296496391296 3.11895195007324 2.65516662597656 2.71930590629578 2.60065395355225 2.87230443000793 3.23613345146179 2.83416039466858 3.03982411384583 2.43736753463745 2.30581107139587 2.2061492395401 2.38481966972351 2.02317089557648 2.48471854686737 2.3183936882019 2.88639848709106 2.76690697193146 2.25505113601685 2.66070963859558 2.95431175231934 2.35715433597565 1.99810950279236 1.9107501077652 2.53009088516235 2.00405899047852 2.41526927471161 2.41601923465729 3.01768224239349 3.32076992034912 4.13938398361206 3.67931122779846
1.9434490776062 1.8300523853302 1.84280446529388 1.86728474140167 1.91502986907959 1.86637477397919 1.91279578208923 1.57911064147949 1.90384269237518 2.00541950702667 2.16998487472534 2.54185775756836 3.0869469833374 2.62844053268433 2.597503490448 3.05904986381531 2.53631028652191 2.56343722343445 2.48334652900696 2.68037731170654 3.26088759422302 3.00805706977844 3.12495429992676 2.90205676078796 2.21859510421753 2.45338708400726 2.34172311306 2.43466659545898 2.709243516922 2.64087449073791 2.80977560997009 2.79332831382751 1.89742759227753 2.56595283508301 3.43045544624329 2.95916505336761 2.13984938621521 1.96807179927826 2.59338750362396 1.98328914165497 1.95732693195343 2.41702013492584 3.06502469062805 3.31839575767517 4.30383067131042 4.43297888755798
1.9016925239563 1.83319849491119 1.75374530792236 1.80939589977264 1.70289707183838 1.68735085010529 2.05033036708832 1.75607445716858 2.00342751026154 2.07459846496582 2.63263876914978 2.56082122802734 2.70046689033508 2.72881192207336 2.53291851520538 3.0613130569458 2.92336487770081 2.78731554031372 2.69536781311035 3.23137404441833 3.17624369621277 2.91767329216003 2.47438376903534 2.14730709552765 2.78469913482666 2.89911273002624 3.10800044059753 3.19133511543274 3.22269139289856 3.0194931602478 2.30182790279388 3.17185671806335 3.00464999675751 1.55058143615723 2.51893786430359 3.19618625640869 2.94607339859009 2.71802252292633 2.533707280159 2.45741303920746 2.19083732128143 2.74794872760773 3.00175531387329 3.45840386390686 5.13047464370728 4.43107511520386
2.1092271232605 1.96239767074585 1.88509638786316 1.87048011779785 1.60188005924225 2.0942351436615 3.45907910823822 2.81672679901123 3.09039489746094 3.11764830589294 3.12769037246704 2.90033056259155 3.04239456176758 3.01365474700928 2.7468324136734 3.25021902084351 2.87704814910889 2.51147130966187 2.79632784843445 2.8883217048645 2.75909811019897 2.86652226448059 2.24943040370941 2.76695994377136 3.29225518226624 3.19956648826599 3.17862049102783 2.90402582168579 2.88375200271606 2.0688787651062 2.42603915214539 2.54261881351471 3.22464274406433 3.21313506126404 2.17129437446594 2.76738752841949 3.15702417373657 3.16649772644043 3.22161430358887 3.13399374961853 2.85476720809937 2.95778735160828 3.8310219669342 4.24374749183655 4.75579521179199 4.48615682601929
2.50128982543945 2.2293567609787 2.49422720909119 2.27611494541168 2.45560855388641 3.03433453083038 3.67003319740295 3.13655256271362 3.08356662750244 3.08811862945557 3.15605623245239 3.15837823867798 3.15838832855225 3.05718934059143 2.73490990638733 2.91414622306824 3.02377602577209 3.22029622077942 2.85211756706238 2.78695792198181 2.678905210495 2.8272761631012 2.65885077476501 3.42216535568237 3.34214812278748 2.86090458869934 1.55386946678162 1.50073964118958 1.65776051044464 1.70892410755157 1.62762960910797 1.58192960739136 2.26645998954773 2.36851284503937 2.94981307983398 1.71451616764069 3.32362135410309 3.24982813835144 3.19833342552185 3.18492440223694 3.23783882141113 3.26778830528259 4.25128776550293 4.67424764633179 4.72215869903564 4.23157104492187
2.953698387146 2.27786005973816 2.87542295455933 3.19035889625549 3.31015288352966 3.44547160148621 3.67272912979126 3.17359587669373 3.22795971870422 3.42574834823608 3.18520559310913 3.14635140419006 2.94301636695862 2.17970828056335 2.5623504114151 3.21930750846863 3.21163449287415 3.29450835227966 2.69864842414856 2.86950144767761 2.91620913505554 2.68267508029938 3.14698769569397 3.53089971542358 3.17305477142334 2.42196283817291 1.91686647891998 1.85473823070526 1.84161140918732 1.86312269210815 1.75418035507202 1.70077318668365 1.635103058815 1.73549043178558 2.38908991336823 1.92465670585632 2.22323900222778 3.29720668792725 3.22525037765503 3.30238770484924 3.34455352783203 3.68344421386719 4.05831542015076 4.95296464920044 4.91550138473511 4.00365670204163
2.88510004043579 2.57777988433838 2.21789297580719 2.73365904808044 3.23844847679138 3.32880597114563 3.59055669784546 3.19364547729492 3.35236458778381 3.09521048545837 2.42480381011963 2.3783002614975 2.7898996257782 2.26922778129578 2.83419294834137 3.42092776298523 3.14502394676208 3.2361395740509 3.02882413864136 2.92186296463013 3.13961494445801 2.60208240032196 3.12575242996216 3.3602472782135 3.06794441223145 2.55859348773956 1.56203290462494 1.30233122825623 1.60719286441803 1.81014832496643 1.91608696937561 1.9120764541626 1.9370710515976 1.71931321144104 2.16492955207825 2.92613013744354 2.2555934715271 3.09571907997131 3.1702486038208 2.99266043663025 3.27413023948669 3.6249808216095 4.14055099487305 4.60598466873169 5.36524614334106 4.57099895477295
2.84223145484924 2.87935878753662 2.16028457164764 2.10114809036255 3.23934187889099 3.26960373878479 3.3359191608429 3.01724894523621 3.04106245994568 3.06212204933166 1.71310021877289 1.993010430336 2.53738706111908 2.49863211631775 2.90321216583252 3.32920440673828 3.11694938659668 3.24962837219238 3.19345488548279 2.82117136001587 3.03908267974854 2.4277716588974 2.87980052947998 2.84863624572754 2.70754684448242 2.38485071182251 2.17691201210022 2.18669379234314 1.76493754386902 2.09563397884369 1.93901771068573 2.01373036384583 1.93644371986389 1.77499072551727 1.72787084102631 2.57504791736603 2.96438305854797 2.84140276908875 2.6498996257782 3.26772180557251 3.01073298454285 3.42835112571716 3.93810933113098 3.8192727470398 5.14105997085571 5.03280797958374
2.71057198524475 2.38982038021088 1.7000475358963 1.68111209392548 3.00782700538635 2.79991782188416 2.65159394264221 2.83986524581909 2.76222145080566 3.06295191287994 1.57161027431488 1.32893042087555 2.42006523132324 2.40842253684998 3.14393679618835 2.91042952537537 3.1711372089386 3.309665184021 2.99851253509521 2.96596073150635 3.17817056655884 3.01005986213684 2.90753842830658 2.96137716293335 2.56535128593445 2.52023246765137 2.52041060447693 3.00727061271667 2.98367835998535 2.46903487205505 2.00552039623261 1.882785820961 1.90733154296875 1.80989728927612 1.73889941215515 2.44551833152771 3.06672478675842 2.85985455036163 2.89007902145386 2.32779492378235 2.96216766357422 3.12339552879333 3.37899785995483 3.70145606994629 4.16814270973206 4.42878221511841
1.55841736793518 1.78062093257904 1.47376403331757 1.42584495067596 1.88695831298828 1.92792813777924 2.91653008460999 3.22000797271729 3.03502924919128 2.37750505924225 1.60858942985535 1.43121540546417 2.16322912693024 2.80002957344055 2.62648672103882 2.76565270423889 2.87324606895447 2.96353754043579 3.05891716003418 2.98442254066467 2.93261326789856 3.1491904258728 3.10706415176392 2.93376554489136 2.9960480594635 1.97661002635956 2.37334387302399 2.75282569408417 2.24894902229309 2.15262719154358 2.08289784431458 1.83960610389709 1.88120500564575 1.92763011932373 2.20478851795197 2.59377254486084 2.31005611896515 2.80796225547791 3.10645852088928 2.20246736526489 2.78284020900726 2.98881158828735 3.28740332603455 3.80418147087097 4.2747655582428 4.04692605018616
1.30423441410065 1.62517945766449 1.59425793647766 1.24124195575714 1.87987415790558 2.14632502555847 2.67954808235168 2.52994555950165 2.87518314361572 2.32821400642395 1.38914791107178 1.91277087211609 2.2998662519455 2.40502977848053 2.52016038894653 2.88649971008301 2.86695623397827 3.03136533737183 3.06648421287537 2.9397137260437 2.49337818622589 3.1984194278717 3.08898362159729 3.2576880645752 3.57740355491638 3.03529356002808 2.77434567928314 2.98291000366211 2.51725752353668 2.16826519012451 2.1176619052887 2.07942555427551 2.454489569664 2.40025347709656 2.91224997520447 2.39346294403076 2.60260318756104 3.13006543159485 3.12645468711853 2.63677833557129 2.6648241519928 2.82672239303589 2.88680808067322 3.33002464294434 4.11737661361694 4.15576631546021
1.12944153308868 1.18361653804779 1.27917850017548 1.24675963878632 1.23283390522003 2.07766236305237 2.05575743675232 1.89032034873962 2.78794428348541 2.84597027301788 1.84648763179779 2.28402106285095 2.38032298564911 2.56783310413361 2.78903227806091 3.32369474411011 3.26106740951538 3.26606645584106 3.29275192260742 3.13531007766724 2.64385828971863 2.99455724716187 3.21027435302734 3.32610394477844 3.16641592025757 2.81351964473724 2.92691404342651 2.90242672920227 2.60263531684876 3.10806801795959 2.98029582023621 2.92881072998047 2.6923223400116 2.97046850204468 2.48545080184937 2.51067222595215 3.09928074836731 3.03456736564636 2.1400335931778 2.8291183757782 2.74696117401123 3.02426103591919 2.89387201309204 2.73838123321533 2.89759423732758 3.22867089271545
1.19232315063477 1.22266767501831 1.06561264514923 1.16627951145172 1.25655563354492 1.50367994785309 2.04659874916077 2.30777736186981 2.7689296913147 2.48763253688812 2.60713531017303 2.78352163314819 2.66236029624939 3.08754523277283 3.28865240097046 2.29141858100891 2.68765132904053 2.92288951873779 3.03234842300415 3.19241505146027 2.17279528141022 2.45694870948792 3.27825622558594 3.04457312583923 2.11020381450653 1.95218735694885 1.83432656288147 2.3959090423584 2.57696118831635 2.83812041282654 3.13628397941589 2.97819761276245 3.15917194366455 2.51726451873779 2.60547462940216 2.62162605285645 2.83943875312805 3.00045017242432 2.52279312610626 2.96988213539124 3.18080743789673 3.02310453414917 2.56605841636658 3.04758645057678 2.80204934120178 1.91955780506134
1.36621180057526 1.32998695850372 1.33716755867004 1.30786596775055 1.47040106773376 1.60796620845795 1.57649577617645 2.95209962844849 3.10798753738403 2.69410913467407 3.29399606704712 3.06450827598572 2.3778612279892 2.85102874279022 2.48453989505768 1.53303901195526 1.42592346668243 1.60877911090851 2.16274021148682 3.34742002487183 2.73467972278595 2.53593751430511 3.11423846244812 2.53963074684143 2.29249983310699 1.9293469619751 1.77239069461823 1.64995769500732 2.06664288043976 3.35551986694336 3.32077676773071 3.41171748161316 3.44388102531433 2.81719657421112 2.47617870330811 2.46802240371704 2.77019250869751 2.91015924453735 2.54801223278046 2.35106594085693 2.79088353157043 2.53786084651947 2.59612422943115 2.58377414226532 2.1013933801651 2.28672461509705
2.92519186496735 2.518756108284 1.95398676395416 1.78911607265472 1.86003046035767 1.83151760101318 1.4993607711792 1.6415585565567 3.15247136592865 2.83385252952576 3.09607633590698 2.86253469944 2.65165832519531 2.86829078674316 2.14176391124725 1.47736842632294 1.49816138267517 1.53266903400421 1.5007199382782 2.37066304683685 3.06448811531067 2.79270364761353 2.99129728317261 2.41585538387299 2.16283317089081 1.93016377449036 1.84677551746368 1.68475157737732 1.54066373348236 3.06212628364563 3.40598118782043 3.20686980247498 2.67956448554993 3.11220108985901 2.85024548530579 2.83840145111084 2.49998364448547 2.4100797700882 3.00604755401611 2.63529268264771 2.26908557891846 1.72577936649323 2.00753355979919 2.58219354629517 1.88979403018951 1.93661991596222
3.15991439819336 3.27189970970154 3.40122627258301 2.62332724094391 2.01453685283661 1.96912925720215 1.6231751203537 1.59098187446594 2.44905009269714 3.17475715637207 3.06634967803955 2.66105549812317 3.18722579956055 2.45731670379639 2.1895413684845 1.3871652507782 1.54584621429443 1.30023884296417 1.48184022903442 1.45358322143555 2.24902503967285 2.8453481388092 2.95563858985901 2.10417920589447 1.91266125679016 1.92518055915833 1.77939158916473 1.6524048948288 1.74699110984802 2.96893305301666 3.03712142944336 2.92258964538574 3.07718675613403 3.45101472854614 3.14357065200806 2.05897062778473 2.49401611804962 2.75228182792664 3.50326345443726 3.34430794715881 2.47129036903381 1.45848066329956 1.52934063434601 1.73387744903564 1.59205946445465 1.77801050662994
