0.015888 0.086135 0.173688 9.9991E-05 0.058264 0.665925
0.00816142 0.168029 0.0993392 0.0416338 9.9991E-05 0.682737
0.00241994 0.0136418 0.159431 0.0153557 0.0611667 0.747985
9.999E-05 0.177234 0.00206146 0.00877411 0.0739848 0.737846
9.9982E-05 9.9982E-05 0.00608834 0.00850593 0.0668797 0.918326
0.00181012 0.158892 9.9991E-05 0.00631347 0.0903013 0.742583
0.086528 0.328053 9.9973E-05 9.9973E-05 9.9973E-05 0.58512
9.9982E-05 0.307925 9.9982E-05 0.0327499 0.0255411 0.633584
9.9982E-05 0.470102 0.187782 9.9982E-05 0.0879996 0.253916
0.0259428 0.466794 0.134226 0.0215874 0.02565 0.3258
0.0767521 0.653882 0.0679361 0.0350165 0.122116 0.0442969
0.0446189 0.403657 0.21754 0.0280949 0.0572993 0.24879
0.328383 0.611833 0.01443 0.0451536 9.9982E-05 9.9982E-05
9.9982E-05 0.607439 0.180187 9.9982E-05 0.171591 0.0405833
9.9991E-05 0.130762 0.193846 0.0406518 0.150523 0.484117
9.999E-05 0.696959 0.0185322 0.0103538 0.0407739 0.233281
9.9982E-05 0.353623 0.220534 9.9982E-05 0.0617351 0.363908
9.999E-05 0.396184 0.0377175 0.00638794 0.0406052 0.519005
0.116288 0.189193 0.477404 0.0493096 0.0899491 0.0778569
0.0102853 0.317606 0.639642 9.9982E-05 0.0322665 9.9982E-05
9.999E-05 0.167968 0.667321 0.00247301 0.0637496 0.098389
0.0424149 0.0502738 0.782503 0.0126382 0.080743 0.0314276
0.136607 9.9982E-05 0.801757 0.0271575 9.9982E-05 0.0342784
0.0234166 0.0465545 0.77458 0.0578532 9.9991E-05 0.0974952
0.0394835 0.113291 0.689167 9.9982E-05 9.9982E-05 0.157859
0.0363885 9.9973E-05 0.83494 9.9973E-05 9.9973E-05 0.128372
0.108473 0.000374432 0.847909 0.0323642 0.0107792 9.9991E-05
0.0462399 0.0613068 0.823354 0.0365544 0.0324452 9.9991E-05
9.9973E-05 9.9973E-05 0.8969 9.9973E-05 0.0501021 0.0526985
0.109441 9.9973E-05 0.782139 9.9973E-05 9.9973E-05 0.10812
0.0870161 0.0848894 0.827263 0.000631879 9.9982E-05 9.9982E-05
9.9982E-05 0.0925599 0.776225 0.0152861 0.115729 9.9982E-05
0.0954169 0.0346339 0.78738 0.0689958 9.9991E-05 0.0134734
0.0390104 0.270781 0.136817 0.0741576 0.0171333 0.462101
9.9982E-05 0.127219 0.207806 9.9982E-05 0.0467181 0.618057
9.9982E-05 0.0933839 0.152426 9.9982E-05 0.144765 0.609225
0.026183 0.136133 0.0727077 0.0361989 0.0359972 0.69278
0.0890457 0.358313 0.10837 0.0115464 0.0649367 0.367788
9.996E-05 9.996E-05 9.996E-05 0.9995 9.996E-05 9.996E-05
0.0843574 0.068944 0.780719 0.02419 0.0325456 0.00924413
0.0217819 9.9982E-05 0.160775 9.9982E-05 0.14131 0.675933
0.0408099 0.358176 0.0733263 9.9982E-05 9.9982E-05 0.527488
0.17809 0.361088 0.255414 9.9991E-05 0.071719 0.133589
0.352355 0.468452 0.0943306 0.0490228 9.9991E-05 0.0357397
0.329493 0.559432 0.0636322 0.0464457 9.9991E-05 0.00089668
9.996E-05 9.996E-05 9.996E-05 0.9995 9.996E-05 9.996E-05
0.000456017 0.369394 0.169868 0.070434 0.133602 0.256246
0.25526 0.481947 0.0702932 9.9982E-05 9.9982E-05 0.1923
9.9991E-05 0.352624 0.346924 0.0293547 0.160316 0.110682
0.640231 0.0701884 9.9991E-05 0.031765 0.239631 0.0180839
0.56083 0.0449116 0.0315492 0.0161571 0.346452 9.9991E-05
0.410601 9.9982E-05 9.9982E-05 0.00470464 0.470595 0.113899
0.251799 0.173905 9.9982E-05 0.0367595 0.537336 9.9982E-05
0.357901 9.9982E-05 0.0462404 0.0423261 0.553332 9.9982E-05
0.371181 9.9973E-05 0.0549249 9.9973E-05 0.573594 9.9973E-05
0.185114 0.120791 9.9982E-05 9.9982E-05 0.638128 0.0557673
0.701718 0.0708799 9.9982E-05 0.00807117 0.219131 9.9982E-05
0.889396 9.9982E-05 0.0381061 0.0485281 0.02377 9.9982E-05
0.179694 0.091178 9.9982E-05 0.0382749 0.690653 9.9982E-05
0.433223 0.111589 9.9991E-05 0.0282727 0.31297 0.113846
0.9995 9.996E-05 9.996E-05 9.996E-05 9.996E-05 9.996E-05
0.409924 9.9982E-05 0.139097 9.9982E-05 0.392487 0.058292
0.391177 0.370042 9.9991E-05 0.0692249 0.164327 0.00512938
9.9991E-05 0.0468642 0.706751 0.0165001 0.0874313 0.142353
0.0531137 0.00622685 0.658103 0.022766 0.0369658 0.222824
9.9973E-05 9.9973E-05 0.818802 0.0227136 9.9973E-05 0.158184
0.308418 0.0993121 0.101377 0.0096167 0.481176 9.9991E-05
0.334316 0.118294 9.9991E-05 0.0776138 0.373827 0.0958495
0.489275 0.0569066 0.0330646 0.0155105 0.36227 0.042974
0.470221 0.0576656 0.0175401 0.0494214 0.405052 9.9991E-05
0.0427132 9.9982E-05 9.9982E-05 0.0469102 0.889137 0.0210391
0.408846 0.413275 9.9973E-05 9.9973E-05 9.9973E-05 0.177578
0.324818 0.67354 9.9973E-05 9.9973E-05 0.00134217 9.9973E-05
0.389879 0.563937 9.9982E-05 0.0128593 9.9982E-05 0.0331245
0.349894 0.620618 9.9973E-05 0.0291881 9.9973E-05 9.9973E-05
0.327869 0.585371 0.0684769 0.0180833 9.9982E-05 9.9982E-05
0.353676 0.610856 9.9973E-05 0.0351683 9.9973E-05 9.9973E-05
0.302167 0.420937 0.102529 0.02297 9.9991E-05 0.151297
0.390781 0.228498 9.9973E-05 9.9973E-05 0.380422 9.9973E-05
0.194196 0.141543 9.9991E-05 0.126304 0.410257 0.127601
0.543327 0.0444106 0.027259 0.0189306 0.339716 0.0263563
0.414872 9.9982E-05 0.0888882 0.0589741 0.437065 9.9982E-05
0.129442 0.189021 9.9982E-05 0.024058 0.65728 9.9982E-05
9.9982E-05 0.244173 0.629055 0.00700088 0.119571 9.9982E-05
0.313495 0.262499 0.135035 9.9991E-05 0.190845 0.0980254
0.434462 0.471378 9.9973E-05 9.9973E-05 9.9973E-05 0.0938602
9.996E-05 9.996E-05 9.996E-05 0.9995 9.996E-05 9.996E-05
0.0306085 0.207605 0.177525 0.00341932 9.9991E-05 0.580743
0.0435478 0.0868802 0.167324 0.0389631 9.9991E-05 0.663184
0.125755 0.431249 0.155579 0.032525 9.9991E-05 0.254793
9.9991E-05 0.570397 0.196026 0.0370065 0.179642 0.0168295
9.9982E-05 0.233908 0.0444126 9.9982E-05 0.101646 0.619833
0.476952 0.487375 0.0263391 0.00913429 9.9982E-05 9.9982E-05
0.124866 0.0581001 0.55818 0.0251789 9.9991E-05 0.233574
0.286039 0.422149 9.9991E-05 0.0979 0.117325 0.0764867
0.115748 0.242666 0.278516 0.0133426 0.0890324 0.260695
9.9991E-05 0.424713 0.14638 0.000581075 0.0267372 0.401488
0.0769755 0.272584 0.0600275 9.9982E-05 9.9982E-05 0.590213
0.0454898 0.545386 0.141561 9.9982E-05 9.9982E-05 0.267363
0.00229327 0.682985 9.9991E-05 0.0113804 0.111707 0.191534
0.106679 0.151621 0.0557976 0.0252677 9.9991E-05 0.660536
9.9973E-05 0.943517 0.030083 9.9973E-05 0.0261005 9.9973E-05
0.450384 0.363655 0.0163899 0.0223189 0.0248326 0.122419
0.222817 0.188157 0.0944435 0.120731 0.165021 0.208831
0.368419 0.432555 9.9991E-05 0.084332 0.0288825 0.0857116
0.147912 0.686082 0.14905 0.016756 9.9982E-05 9.9982E-05
0.30886 0.538192 0.0593555 9.9982E-05 9.9982E-05 0.0933926
9.9982E-05 0.127487 0.432775 9.9982E-05 0.0983043 0.341235
0.324737 9.9982E-05 9.9982E-05 0.00523432 0.496283 0.173545
0.294631 0.0241799 0.0471936 0.0100194 0.580613 0.0433623
0.385778 0.353316 0.117847 9.9982E-05 9.9982E-05 0.142859
0.340017 0.523951 0.0365752 0.056403 9.9991E-05 0.042954
0.423457 9.9982E-05 0.236272 0.0434499 9.9982E-05 0.296621
0.0268658 0.196443 0.714979 9.9982E-05 0.0615119 9.9982E-05
0.439731 0.0946398 0.0674813 0.0388858 0.359162 9.9991E-05
0.49095 0.154467 0.0378145 9.9982E-05 0.316568 9.9982E-05
0.369427 0.182492 9.9982E-05 9.9982E-05 0.285397 0.162484
9.9991E-05 0.102437 0.429449 0.049058 0.13456 0.284396
9.9982E-05 0.067162 0.28251 9.9982E-05 0.134453 0.515675
0.0711213 0.0735289 0.0754495 0.0261288 0.0172979 0.736474
0.0768285 0.0150285 0.0222568 9.9991E-05 0.0573006 0.828486
9.9982E-05 0.156013 0.393325 9.9982E-05 0.0361879 0.414274
0.000106167 0.154608 0.143814 0.0063951 0.0273366 0.66774
0.02413 9.9973E-05 0.0758214 9.9973E-05 9.9973E-05 0.899749
0.0922581 9.9973E-05 9.9973E-05 0.00436022 9.9973E-05 0.903082
0.0120675 0.302368 0.364463 9.9991E-05 0.042484 0.278518
9.9982E-05 0.714226 0.0448344 9.9982E-05 0.0904713 0.150269
0.000496346 0.747927 0.126518 0.0223557 9.9991E-05 0.102603
9.9982E-05 0.609707 0.16206 9.9982E-05 0.0101655 0.217867
0.0225453 0.315135 0.261224 9.9991E-05 0.14501 0.255985
9.9991E-05 0.638234 0.00775406 0.044318 0.0918257 0.217768
0.0703055 0.622623 0.162956 0.00620792 9.9991E-05 0.137807
0.0801236 0.0621323 0.0562726 9.9982E-05 9.9982E-05 0.801272
0.0976841 0.0666249 0.835391 9.9973E-05 9.9973E-05 9.9973E-05
0.0694951 9.9973E-05 0.831802 9.9973E-05 9.9973E-05 0.0984027
9.9982E-05 0.058051 0.900298 0.0243577 0.0170931 9.9982E-05
0.097307 0.072839 0.714616 0.00380847 0.018996 0.0924334
0.0795262 9.9982E-05 0.740489 0.0446229 9.9982E-05 0.135162
0.0686973 0.263439 9.9991E-05 0.00134317 0.101842 0.564578
0.00640224 9.9991E-05 0.165751 0.0263391 0.00756992 0.793838
0.670828 9.9964E-05 9.9964E-05 9.9964E-05 0.328772 9.9964E-05
0.276808 0.0489344 0.0198174 0.0261686 0.628172 9.9991E-05
0.249765 9.9991E-05 0.0101661 0.00233493 0.712472 0.025162
0.279404 0.0271886 0.0687768 9.9991E-05 0.551799 0.0727317
0.14684 9.9973E-05 9.9973E-05 0.0276757 0.825185 9.9973E-05
0.145071 0.00835772 0.114847 9.9982E-05 0.731524 9.9982E-05
0.187132 9.9973E-05 9.9973E-05 0.00840855 0.80416 9.9973E-05
0.558614 9.9982E-05 0.101715 0.0166222 0.322849 9.9982E-05
0.511409 9.9973E-05 0.0460748 9.9973E-05 0.442216 9.9973E-05
0.65619 9.9982E-05 0.0287478 9.9982E-05 0.266139 0.0487225
0.316428 0.00392557 9.9991E-05 0.0271172 0.63319 0.0192397
0.172144 0.054161 0.0337729 0.0249149 0.714907 9.9991E-05
0.336019 9.9991E-05 0.0381876 0.029151 0.543093 0.0534499
0.292272 9.9982E-05 0.0349077 0.0123587 0.660261 9.9982E-05
0.485086 9.9982E-05 0.00448795 9.9982E-05 0.451192 0.0590334
9.996E-05 9.996E-05 9.996E-05 9.996E-05 0.9995 9.996E-05
0.485526 9.9973E-05 0.0518368 9.9973E-05 0.462338 9.9973E-05
0.414293 0.493119 0.0235082 0.00940987 9.9991E-05 0.0595692
0.282691 0.680676 9.9982E-05 0.00131731 9.9982E-05 0.0351149
0.335644 9.9973E-05 9.9973E-05 9.9973E-05 0.636435 0.0276207
0.645046 9.9982E-05 9.9982E-05 0.0110305 0.135067 0.208656
0.9995 9.996E-05 9.996E-05 9.996E-05 9.996E-05 9.996E-05
0.415757 0.517028 9.9973E-05 9.9973E-05 9.9973E-05 0.0669152
9.9982E-05 0.0477545 9.9982E-05 0.0103984 0.0673683 0.874279
9.9982E-05 9.9982E-05 0.190445 0.0208191 0.0737553 0.714781
0.106156 0.128394 0.487538 9.9982E-05 9.9982E-05 0.277712
0.0552477 0.319064 0.587387 9.9982E-05 9.9982E-05 0.0381013
9.99873E-05 0.248622 0.691714 0.0105078 0.0489557 9.99873E-05
0.00985171 0.105884 0.761341 0.00760108 0.101554 0.0137685
9.9991E-05 0.203001 0.680643 0.0188326 0.0424641 0.05496
0.0274821 0.245282 0.711169 0.0158671 9.9982E-05 9.9982E-05
0.0589184 0.126144 0.713895 0.0406487 0.060294 9.9991E-05
9.9991E-05 0.0155035 0.67758 0.015856 0.168155 0.122806
0.0619123 9.9991E-05 0.149579 0.0033596 0.0153076 0.769741
0.0966288 9.9982E-05 0.0515289 0.0571839 9.9982E-05 0.794458
0.122137 0.0624655 9.9982E-05 0.0287926 9.9982E-05 0.786405
9.9973E-05 0.197179 9.9973E-05 9.9973E-05 0.115129 0.687392
0.0550447 0.0996675 9.9982E-05 0.0150627 9.9982E-05 0.830025
0.12593 0.257563 9.9973E-05 9.9973E-05 9.9973E-05 0.616207
0.0484982 0.445261 0.199264 0.00662386 9.9991E-05 0.300253
9.9973E-05 0.69337 0.178741 9.9973E-05 0.127589 9.9973E-05
9.9982E-05 0.861763 0.00702304 0.0334356 0.0975788 9.9982E-05
9.9982E-05 0.676708 0.127565 9.9982E-05 0.0988075 0.0967198
9.9991E-05 0.680935 0.0118405 0.0201472 0.114663 0.172314
9.9991E-05 0.104805 0.634955 0.122945 0.135059 0.00213606
0.661683 9.9982E-05 9.9982E-05 0.0132483 0.208658 0.116211
0.419394 9.9982E-05 0.0919163 0.0321858 0.456304 9.9982E-05
0.376479 0.0631349 9.9973E-05 9.9973E-05 0.560086 9.9973E-05
0.298915 0.0135604 0.0337071 0.01378 0.549094 0.090943
0.140908 9.9991E-05 0.0472763 0.00470225 0.719088 0.0879249
0.155479 0.387325 0.219735 0.0116959 0.0321041 0.193662
0.00108007 0.433802 0.187358 0.0426578 0.0356057 0.299497
9.9991E-05 0.486728 0.138097 0.063888 0.0138469 0.297341
0.0600919 0.392901 0.191224 0.0474417 9.9991E-05 0.308242
