0.0355047 0.144115 0.82038
9.999E-05 0.137815 0.862085
9.999E-05 0.194077 0.805823
9.999E-05 0.0187197 0.98118
0.0299735 0.0289653 0.941061
0.0372032 9.9991E-05 0.962697
0.0337526 0.111368 0.85488
9.999E-05 0.0277181 0.972182
0.0605326 0.196789 0.742678
0.0699815 0.258228 0.671791
0.20814 0.134921 0.656939
0.0829773 0.25082 0.666203
0.328887 0.108593 0.562519
0.117131 0.256554 0.626314
0.0731026 0.242559 0.684339
0.0354784 0.119792 0.84473
9.9991E-05 0.266579 0.733321
9.9991E-05 0.0877222 0.912178
0.188851 0.603335 0.207814
0.00394816 0.681105 0.314947
9.9991E-05 0.749514 0.250386
0.0613795 0.920594 0.0180265
9.999E-05 0.9998 9.999E-05
0.0153636 0.891055 0.0935814
9.9991E-05 0.695825 0.304075
9.9991E-05 0.997655 0.00224527
0.0591324 0.940768 9.9991E-05
0.0327989 0.967101 9.9991E-05
0.0108441 0.989056 9.9991E-05
0.0446537 0.893597 0.0617493
0.0270574 0.972843 9.9991E-05
0.0152117 0.958924 0.0258641
0.0157066 0.939915 0.0443786
0.0611411 0.285224 0.653635
0.0380168 0.331826 0.630157
0.0551404 0.228697 0.716162
0.0486099 0.115335 0.836055
0.118565 0.194879 0.686556
0.388227 0.611673 9.9991E-05
0.0943536 0.845779 0.0598673
0.100586 0.215104 0.68431
9.9991E-05 0.18176 0.81814
0.171859 0.277874 0.550267
0.318752 0.129674 0.551574
0.311839 0.0781907 0.609971
0.379775 0.620125 9.9991E-05
0.101947 0.294464 0.603589
0.224336 0.178185 0.597479
0.163429 0.379091 0.45748
0.878981 0.0349165 0.0861027
0.908256 0.00545884 0.0862852
0.882271 9.9991E-05 0.117629
0.879939 0.0244254 0.0956355
0.908382 0.0915183 9.9991E-05
0.904216 0.0763553 0.0194285
0.748094 9.9991E-05 0.251806
0.918377 0.0426101 0.0390124
0.926453 0.0734472 9.9991E-05
0.899025 9.9991E-05 0.100875
0.734519 0.0192347 0.246246
0.908732 0.0911681 9.9991E-05
0.829435 0.126232 0.0443329
0.570567 0.0587258 0.370707
0.0193167 0.820341 0.160342
0.0345408 0.795823 0.169636
9.9991E-05 0.93447 0.0654298
0.798815 0.1027 0.0984858
0.698168 0.0314446 0.270388
0.821659 0.0807291 0.0976118
0.854903 0.104237 0.0408606
0.921649 0.0126414 0.0657099
0.310848 9.9991E-05 0.689052
0.318872 9.9991E-05 0.681028
0.380219 0.0361736 0.583608
0.349178 9.9991E-05 0.650722
0.284452 0.238591 0.476958
0.341934 0.0576971 0.600368
0.257517 0.142102 0.600381
0.796082 9.9991E-05 0.203818
0.61371 0.0728512 0.313439
0.841605 0.0823159 0.0760791
0.893704 0.106196 9.9991E-05
0.805034 9.9991E-05 0.194866
0.0764902 0.792502 0.131008
0.471132 0.114893 0.413976
0.400903 0.0027358 0.596361
0.388283 0.602255 0.00946237
9.9991E-05 0.217362 0.782538
9.9991E-05 0.212224 0.787676
0.0624236 0.189985 0.747592
0.142015 0.272099 0.585886
0.0507313 0.114182 0.835087
0.412882 0.0859579 0.50116
0.0477103 0.674922 0.277368
0.437178 9.9991E-05 0.562722
0.153872 0.342764 0.503363
9.9991E-05 0.245568 0.754332
0.0309142 0.0837163 0.885369
0.017382 0.148928 0.83369
0.0914944 0.0708328 0.837673
0.0242772 0.140548 0.835175
9.9991E-05 0.0987005 0.9012
0.470597 0.0177418 0.511661
0.346712 0.117505 0.535783
0.447604 0.0889612 0.463435
0.131415 0.275614 0.592971
0.246767 0.141694 0.611539
0.0427932 0.509545 0.447662
0.840835 9.9991E-05 0.159065
0.833654 0.0430953 0.123251
0.393336 0.162763 0.443901
0.345419 0.200082 0.4545
0.319871 0.339068 0.341061
0.0388127 0.840049 0.121138
0.796986 0.0746337 0.128381
0.814245 0.0485323 0.137222
0.618529 9.9991E-05 0.381371
0.0537998 0.554054 0.392146
0.0115521 0.28257 0.705878
0.0395329 0.0230086 0.937458
0.103553 0.086609 0.809838
9.9991E-05 0.426169 0.573731
0.00989207 0.242532 0.747575
9.9991E-05 0.208216 0.791684
0.0519754 0.00064292 0.947382
0.0306204 0.404005 0.565374
9.9991E-05 0.176204 0.823696
9.9991E-05 0.210489 0.789411
9.9991E-05 0.148404 0.851496
0.0825262 0.39229 0.525183
0.073064 0.06824 0.858696
0.0830667 0.287073 0.62986
0.0468364 0.0915786 0.861585
0.0553802 0.909163 0.035457
9.9991E-05 0.959334 0.0405662
9.9991E-05 0.990736 0.00916386
0.0477692 0.82915 0.123081
0.0395428 0.863038 0.0974194
0.1435 9.9991E-05 0.8564
0.00388073 0.195958 0.800161
0.9998 9.999E-05 9.999E-05
0.894591 0.0848147 0.0205939
0.94117 0.0148282 0.0440014
0.781779 0.0415336 0.176688
0.944984 9.9991E-05 0.054916
0.883117 0.116783 9.9991E-05
0.965815 9.9991E-05 0.034085
0.929368 0.0705317 9.9991E-05
0.900452 0.0994476 9.9991E-05
0.908343 0.0915566 9.9991E-05
0.897157 0.0269153 0.0759273
0.851441 0.0455955 0.102964
0.84632 0.0275021 0.126178
0.914298 0.0856017 9.9991E-05
0.925682 0.0138232 0.0604947
0.936498 9.9991E-05 0.063402
0.914333 0.0855667 9.9991E-05
0.409368 0.0329131 0.557719
0.230356 0.0413737 0.728271
0.967307 9.9991E-05 0.0325926
0.734921 0.030081 0.234998
0.977686 0.0222139 9.9991E-05
0.344174 9.9991E-05 0.655726
9.999E-05 9.999E-05 0.9998
9.9991E-05 0.336936 0.662964
0.067128 0.388347 0.544525
9.9991E-05 0.615543 0.384357
0.043311 0.831435 0.125254
0.0269375 0.924857 0.0482051
9.9991E-05 0.826182 0.173718
0.0312917 0.804364 0.164344
0.143932 0.815394 0.0406739
0.0738258 0.825024 0.10115
9.9991E-05 0.138255 0.861645
0.0444173 0.127255 0.828328
0.0505401 9.9991E-05 0.94936
0.0172438 9.9991E-05 0.982656
9.9991E-05 0.00440282 0.995497
0.08366 9.9991E-05 0.91624
0.033795 0.261462 0.704743
0.0948125 0.223657 0.681531
0.0449918 0.10264 0.852368
0.0580774 0.25879 0.683132
0.0586919 0.125386 0.815922
0.114044 0.800258 0.0856977
0.843968 0.0781188 0.0779135
0.858903 0.140997 9.9991E-05
0.971655 0.0282454 9.9991E-05
0.799158 9.9991E-05 0.200742
0.859248 0.0679828 0.0727694
0.172691 0.262957 0.564353
0.0416896 0.308196 0.650115
0.0103448 0.217615 0.772041
9.9991E-05 0.284063 0.715837
