9.9991E-05 0.833356 0.0205488 0.145995
9.999E-05 0.887398 0.0573243 0.0551781
9.999E-05 0.709458 0.0369185 0.253524
0.00999796 0.881986 0.00775874 0.100257
0.0462154 0.924613 0.00360417 0.0255675
0.0374152 0.949902 0.0125825 9.9991E-05
0.0670123 0.911733 9.9991E-05 0.0211546
9.999E-05 0.931552 0.059974 0.00837392
0.0356462 0.759511 0.0373138 0.167529
0.0397852 0.716051 0.0154983 0.228665
0.182725 0.666259 0.0696264 0.0813893
0.0608965 0.595266 0.0334112 0.310426
0.287257 0.560681 0.0668244 0.0852381
0.122436 0.60264 9.9991E-05 0.274824
0.0698605 0.67239 0.0334566 0.224293
0.0107127 0.842908 0.0336627 0.112717
9.9982E-05 0.735755 9.9982E-05 0.264045
9.9991E-05 0.887692 0.0381757 0.0740318
0.194644 0.155178 0.0667041 0.583474
0.032933 0.181518 9.9991E-05 0.785449
0.0161933 0.208121 0.0145215 0.761164
0.032151 9.9991E-05 0.0191431 0.948606
9.9982E-05 9.9982E-05 0.0792012 0.920599
9.9991E-05 0.101205 0.0412842 0.85741
9.9982E-05 0.197878 9.9982E-05 0.801922
9.9991E-05 0.0154354 0.0336064 0.950858
0.0689612 9.9991E-05 0.0339822 0.896957
0.0622025 9.9991E-05 0.037433 0.900264
0.00589938 9.9982E-05 9.9982E-05 0.993901
0.071151 0.00680627 0.0131623 0.90888
0.0483839 9.9982E-05 9.9982E-05 0.951416
0.0487243 0.0184114 0.023872 0.908992
9.9991E-05 0.076316 0.084035 0.839549
0.00459268 0.666208 0.0964811 0.232718
0.0038924 0.647186 0.00309931 0.345822
0.0669036 0.785958 9.9991E-05 0.147038
0.0215518 0.904851 0.0455147 0.0280827
0.160151 0.655792 0.0120886 0.171969
9.998E-05 9.998E-05 0.9997 9.998E-05
0.0645485 0.0794818 0.035836 0.820134
0.100162 0.633336 0.0135443 0.252958
9.9991E-05 0.815625 0.00470792 0.179567
0.219419 0.453877 9.9991E-05 0.326604
0.321982 0.460752 0.0589071 0.158359
0.296231 0.604763 0.0218851 0.0771211
9.998E-05 9.998E-05 0.9997 9.998E-05
0.0882664 0.598548 0.0843515 0.228834
0.202303 0.557151 9.9991E-05 0.240446
0.127304 0.471073 0.0501072 0.351516
0.825292 0.0588728 0.0521936 0.0636415
0.888534 0.0581305 0.0299517 0.0233842
0.861696 0.110027 0.00581247 0.0224642
0.797125 0.100376 0.0556575 0.046841
0.850597 9.9991E-05 0.0572569 0.0920463
0.896145 0.0112713 0.00194307 0.0906404
0.764652 0.235148 9.9982E-05 9.9982E-05
0.893574 0.0558681 0.0167946 0.0337635
0.874458 9.9991E-05 0.029193 0.0962492
0.856695 0.0885082 0.0419829 0.0128135
0.739959 0.220197 0.0397436 9.9991E-05
0.917601 9.9982E-05 9.9982E-05 0.0821993
0.799541 0.124819 9.9991E-05 0.0755397
0.539599 0.393152 0.067149 9.9991E-05
0.0274198 0.115586 0.0260392 0.830955
0.00322892 0.0843615 0.0433555 0.869054
9.9991E-05 0.0513649 0.00765265 0.940882
0.820341 0.137208 0.0053505 0.0371007
0.687285 0.190796 0.0928904 0.0290289
0.806619 0.134619 0.0329556 0.0258064
0.849571 0.0340385 0.0781956 0.0381944
0.881278 0.0363969 0.0822252 9.9991E-05
0.367332 0.609417 0.0231503 9.9991E-05
0.306278 0.656613 0.0370085 9.9991E-05
0.367755 0.622521 0.00807791 0.0016457
0.340079 0.555973 0.0487302 0.0552177
0.250393 0.518028 0.0562112 0.175368
0.327626 0.591306 0.0467686 0.0342996
0.288237 0.53625 0.0157613 0.159752
0.76934 0.23046 9.9982E-05 9.9982E-05
0.525362 0.294223 0.151976 0.0284398
0.83649 0.0648957 0.0233245 0.0752902
0.856819 9.9991E-05 0.0414354 0.101645
0.80126 0.172255 0.0263854 9.9991E-05
0.0895912 0.0761434 0.0403673 0.793898
0.482155 0.383941 9.9991E-05 0.133804
0.436744 0.563056 9.9982E-05 9.9982E-05
9.998E-05 9.998E-05 0.9997 9.998E-05
9.9991E-05 0.775686 0.0217568 0.202457
9.9991E-05 0.746684 0.0343737 0.218842
0.0150189 0.703813 0.0551767 0.225991
0.122566 0.505885 0.0509739 0.320575
0.0534898 0.844163 9.9991E-05 0.102247
0.446707 0.506692 0.00850416 0.038097
0.0685917 0.286268 0.0531656 0.591975
0.39407 0.510761 0.0950684 9.9991E-05
0.140607 0.506502 0.0408722 0.312019
9.9982E-05 0.803811 9.9982E-05 0.195989
0.0363931 0.874728 9.9991E-05 0.0887792
0.0296751 0.774362 9.9991E-05 0.195863
0.0905715 0.795601 0.0308227 0.0830045
0.00484023 0.820438 0.0374699 0.137252
9.9991E-05 0.88352 0.00432692 0.112053
0.433351 0.493754 0.0310704 0.0418246
0.341876 0.382987 0.0812564 0.19388
0.465439 0.447635 0.0705877 0.0163389
0.122949 0.599802 0.0438473 0.233402
0.256991 0.548124 9.9991E-05 0.194785
0.0376016 0.451883 9.9991E-05 0.510415
0.814269 0.184349 0.00128178 9.9991E-05
0.857411 0.052869 0.03317 0.0565502
0.385323 0.336747 9.9991E-05 0.27783
0.327993 0.412347 0.0444786 0.215181
0.273363 0.340539 0.040236 0.345862
0.0036601 0.0652352 9.9991E-05 0.931005
0.773341 0.0347603 0.0585749 0.133324
0.799724 0.121176 9.9991E-05 0.0790005
0.627823 0.340082 9.9991E-05 0.0319948
0.0324916 0.41676 0.044039 0.50671
0.0278055 0.60659 0.0337793 0.331825
0.0533583 0.884616 0.0299557 0.0320703
0.0673814 0.809051 9.9991E-05 0.123467
9.9982E-05 0.544669 9.9982E-05 0.455131
0.00192348 0.824516 0.0206931 0.152868
9.9982E-05 0.835407 9.9982E-05 0.164393
0.0371198 0.923906 0.00243548 0.0365391
0.052125 0.590442 9.9991E-05 0.357333
9.9991E-05 0.8234 0.0111136 0.165386
9.9991E-05 0.79383 0.0357213 0.170349
9.9991E-05 0.873331 0.00820759 0.118362
0.0946226 0.604142 9.9991E-05 0.301135
0.0611254 0.843565 0.0480591 0.0472509
0.0515161 0.654299 0.0122265 0.281959
0.00598629 0.85518 9.9991E-05 0.138734
9.9991E-05 0.0507844 0.0126307 0.936485
9.9982E-05 0.0549779 9.9982E-05 0.944822
9.9982E-05 9.9982E-05 0.0406497 0.95915
0.0748304 0.0839157 9.9991E-05 0.841154
0.0635211 0.093949 0.00717055 0.835359
0.159721 0.814361 0.0234861 0.00243177
9.9991E-05 0.793747 0.0491337 0.157019
0.9997 9.998E-05 9.998E-05 9.998E-05
0.876715 0.0174075 0.0131855 0.0926916
0.935976 0.0453191 0.0112513 0.00745409
0.776333 0.113027 0.00123084 0.109409
0.952093 0.0106186 0.037188 9.9991E-05
0.844556 0.0230153 0.0149241 0.117505
0.969976 0.0136264 0.0162974 9.9991E-05
0.879877 9.9982E-05 9.9982E-05 0.119923
0.901694 9.9982E-05 9.9982E-05 0.0981061
0.893989 9.9991E-05 0.013398 0.0925134
0.883153 0.0682575 0.0484892 9.9991E-05
0.823758 0.0847589 0.046856 0.0446276
0.833071 0.0985114 0.019631 0.0487871
0.909139 9.9991E-05 0.0243152 0.0664461
0.92267 0.0639067 0.013323 9.9991E-05
0.932416 0.0201602 0.0473239 9.9991E-05
0.897558 0.0259935 0.0134673 0.0629808
0.419871 0.5459 9.9991E-05 0.0341286
0.21372 0.721382 0.0119092 0.0529892
0.948195 0.0516055 9.9982E-05 9.9982E-05
0.738429 0.223333 0.0237064 0.0145319
0.960729 9.9982E-05 9.9982E-05 0.0390706
0.372401 0.627399 9.9982E-05 9.9982E-05
0.0134956 0.916647 0.0126035 0.0572534
9.9991E-05 0.73103 0.0179157 0.250955
0.0716583 0.389783 9.9991E-05 0.538459
9.9982E-05 0.362651 9.9982E-05 0.637149
0.0559211 0.0675076 0.00473218 0.871839
0.0478135 0.0361727 0.000873489 0.91514
0.00300863 0.155564 0.010695 0.830732
0.0226528 0.162136 0.0193174 0.795894
0.112101 0.0431244 0.0242789 0.820496
0.0540417 0.0301416 0.0621041 0.853713
9.9991E-05 0.845428 0.0205849 0.133887
0.0485755 0.828446 0.0839652 0.0390134
0.0369361 0.894816 0.0681479 9.9991E-05
0.0026219 0.997178 9.9982E-05 9.9982E-05
0.0237301 0.937355 0.0078893 0.0310258
0.0860831 0.900173 0.0136435 9.9991E-05
9.9991E-05 0.702689 0.0243409 0.27287
0.100595 0.604116 0.0263071 0.268981
0.0458019 0.77571 0.067418 0.111071
0.0831154 0.680791 0.0147719 0.221322
0.0176166 0.740549 0.040853 0.200982
0.107196 0.00643418 0.148293 0.738076
0.865473 0.0559458 0.0329841 0.0455968
0.890769 9.9991E-05 0.047845 0.0612857
0.944653 9.9991E-05 0.00766023 0.0475865
0.823347 0.13716 0.017905 0.021588
0.846461 0.0590319 0.0247738 0.0697337
0.136413 0.475457 0.0455633 0.342566
0.0218164 0.639794 0.0435226 0.294867
9.9991E-05 0.718654 0.0806653 0.20058
0.0113294 0.666184 0.0635589 0.258927
