0.112713 0.869135 0.00548708 0.0126651
0.0784786 0.884572 9.9991E-05 0.036849
0.211801 0.767692 0.00343786 0.0170684
9.999E-05 0.979628 0.00315267 0.0171195
0.0160302 0.92271 0.0512919 0.00996786
9.9991E-05 0.972107 0.0184668 0.00932608
0.087037 0.842813 0.0700495 9.9991E-05
0.0388997 0.898515 9.9991E-05 0.0624857
0.286938 0.642028 0.0571497 0.0138834
0.246188 0.664849 0.0440713 0.0448917
0.0903403 0.652046 0.18103 0.076584
0.252706 0.634694 0.0894036 0.023197
0.0713101 0.542963 0.336165 0.049562
0.259273 0.613881 0.126746 9.9991E-05
0.278988 0.637955 0.0217803 0.0612761
0.199221 0.780561 9.9991E-05 0.0201184
0.326279 0.652718 0.0180075 0.00299582
0.0161191 0.953496 9.9991E-05 0.0302849
0.588955 0.162851 0.172901 0.075293
0.78887 0.21093 9.9982E-05 9.9982E-05
0.777797 0.184524 0.0321419 0.00553749
0.850858 0.0700645 0.0595884 0.0194895
0.936932 9.9982E-05 9.9982E-05 0.0628677
0.863825 0.0709163 9.9991E-05 0.0651589
0.772608 0.227192 9.9982E-05 9.9982E-05
0.962987 0.0342999 9.9991E-05 0.00261296
0.873968 9.9991E-05 0.0844251 0.0415068
0.93601 9.9991E-05 0.0243152 0.0395753
0.998639 9.9982E-05 9.9982E-05 0.00116119
0.911051 9.9991E-05 0.0873172 0.00153227
0.986892 9.9982E-05 9.9982E-05 0.0129078
0.87583 0.0524841 0.0244797 0.047206
0.894062 0.038081 0.0104146 0.0574424
0.216505 0.688532 0.0213802 0.0735832
0.289426 0.681682 0.0188807 0.0100107
0.150912 0.767542 0.0814467 9.9991E-05
0.0794108 0.843816 0.0365702 0.0402035
0.135176 0.725102 0.132438 0.00728422
9.998E-05 9.998E-05 9.998E-05 0.9997
0.897229 9.9991E-05 0.0743805 0.0282902
0.194005 0.709844 0.096051 9.9991E-05
0.207848 0.791952 9.9982E-05 9.9982E-05
0.330751 0.466155 0.196044 0.00704983
0.15075 0.45311 0.343127 0.0530137
0.0594355 0.575895 0.332279 0.0323907
9.998E-05 9.998E-05 9.998E-05 0.9997
0.273254 0.553759 0.0833749 0.0896115
0.170758 0.612526 0.216616 9.9991E-05
0.366629 0.456808 0.137421 0.0391427
0.0264197 0.108069 0.825614 0.0398978
0.0493359 9.9991E-05 0.913409 0.0371549
0.0119763 0.138475 0.849449 9.9991E-05
0.0101281 0.120886 0.798434 0.0705518
0.0519608 9.9991E-05 0.883418 0.064521
0.0937345 9.9982E-05 0.906066 9.9982E-05
9.9982E-05 0.22895 0.77085 9.9982E-05
0.051568 0.0382167 0.890447 0.0197684
0.0532337 9.9991E-05 0.914968 0.0316978
9.9991E-05 0.106711 0.849727 0.0434622
9.9991E-05 0.220779 0.732019 0.0471022
0.0969453 9.9982E-05 0.902855 9.9982E-05
0.16934 0.065191 0.765369 9.9991E-05
0.0355662 0.318686 0.567906 0.0778413
0.812744 0.158702 9.9991E-05 0.0284539
0.835908 0.109531 0.0030223 0.0515387
0.955731 0.0298915 9.9991E-05 0.0142779
0.0416457 0.145118 0.801734 0.0115021
9.9991E-05 0.227858 0.681159 0.090883
0.0442089 0.124768 0.80631 0.0247133
0.0769125 0.0227569 0.861796 0.038534
9.9991E-05 0.059769 0.880202 0.0599288
9.9991E-05 0.626736 0.360235 0.0129291
0.0668887 0.555232 0.340696 0.037183
0.0401919 0.574244 0.374142 0.0114218
0.0669161 0.552 0.324285 0.0567993
0.231997 0.481834 0.235196 0.0509729
0.0960056 0.495065 0.340413 0.0685163
0.161076 0.533377 0.264802 0.0407453
9.9982E-05 0.212057 0.787743 9.9982E-05
9.9991E-05 0.34288 0.548313 0.108707
0.071946 0.0651166 0.835362 0.0275753
0.0997486 9.9991E-05 0.841866 0.0582856
9.9991E-05 0.190215 0.762756 0.0469291
0.744494 0.183923 0.0335966 0.0379865
0.198677 0.338528 0.462695 9.9991E-05
0.0271571 0.551131 0.421612 9.9991E-05
9.998E-05 9.998E-05 9.998E-05 0.9997
0.181505 0.791409 0.01075 0.0163364
0.183771 0.765486 9.9991E-05 0.0506429
0.240904 0.675603 0.059751 0.023742
0.324413 0.511337 0.123682 0.0405682
0.12455 0.835321 0.0254382 0.0146916
0.0676279 0.464333 0.467939 9.9991E-05
0.67506 0.259956 0.0279363 0.0370472
9.9991E-05 0.498245 0.406258 0.0953971
0.353017 0.48214 0.153225 0.0116181
0.242185 0.740677 9.9991E-05 0.017037
0.135025 0.864775 9.9982E-05 9.9982E-05
0.182934 0.793753 0.0232135 9.9991E-05
0.0346355 0.822289 0.112163 0.0309119
0.0516687 0.874879 0.0393348 0.0341173
0.126577 0.85974 9.9991E-05 0.0135836
0.115529 0.434476 0.409672 0.0403223
0.109113 0.42371 0.349121 0.118056
0.108398 0.386463 0.424854 0.0802853
0.261069 0.598361 0.106605 0.0339651
0.193051 0.559267 0.247583 9.9991E-05
0.469357 0.496393 0.0341498 9.9991E-05
0.0308626 0.122421 0.819274 0.0274417
0.0338502 0.0896065 0.841656 0.0348872
0.260819 0.348806 0.390275 9.9991E-05
0.191076 0.422481 0.323907 0.0625363
0.410664 0.204593 0.322496 0.0622475
0.896192 0.100892 0.002816 9.9991E-05
0.162024 9.9991E-05 0.79319 0.0446859
0.0266221 0.199411 0.773867 9.9991E-05
9.9982E-05 0.345412 0.654388 9.9982E-05
0.460257 0.404254 0.0633765 0.0721124
0.281519 0.696787 0.00510734 0.0165873
0.07445 0.829002 0.062959 0.0335888
0.110378 0.803935 0.0824036 0.00328377
0.45946 0.54034 9.9982E-05 9.9982E-05
0.217984 0.752951 0.000218462 0.0288467
0.096223 0.896559 0.00711784 9.9991E-05
0.0170967 0.914088 0.0650814 0.00373413
0.382268 0.602439 0.0151935 9.9991E-05
0.151966 0.824942 9.9991E-05 0.0229919
0.258325 0.715554 9.9991E-05 0.0260213
0.157587 0.794847 9.9991E-05 0.0474666
0.353805 0.510309 0.12666 0.00922594
0.0594721 0.839659 0.0204193 0.0804495
0.321693 0.584382 0.0555791 0.0383457
0.133939 0.857178 0.00870984 0.000172884
0.966982 9.9991E-05 0.0310181 0.00190022
0.944205 0.0555948 9.9982E-05 9.9982E-05
0.94816 0.00236558 9.9991E-05 0.0493745
0.859982 0.0761613 0.055037 0.00881946
0.817043 0.100644 0.055561 0.0267526
9.9991E-05 0.857146 0.120433 0.0223212
0.209392 0.766688 9.9991E-05 0.0238203
9.998E-05 9.998E-05 0.9997 9.998E-05
0.0669782 0.0303769 0.872523 0.0301218
0.00705068 0.0413326 0.93374 0.0178766
0.0748488 0.19771 0.718477 0.00896413
9.9991E-05 0.0486724 0.902754 0.0484732
0.164424 9.9991E-05 0.834 0.00147544
9.9991E-05 0.0281493 0.944812 0.0269389
0.101187 9.9982E-05 0.898613 9.9982E-05
0.102447 0.0135008 0.883952 9.9991E-05
0.095857 9.9991E-05 0.890081 0.0139622
9.9991E-05 0.0473565 0.899728 0.0528153
0.0605138 0.0551018 0.840264 0.04412
0.00650363 0.111726 0.858168 0.0236017
0.0530794 0.017376 0.913359 0.0161851
0.0306326 0.0111365 0.929725 0.0285061
9.9991E-05 0.0498214 0.921817 0.0282616
0.076762 9.9991E-05 0.896791 0.0263473
0.110425 0.505015 0.37786 0.00670004
0.100694 0.684227 0.212008 0.00307159
9.9982E-05 0.0650006 0.934799 9.9982E-05
9.9991E-05 0.235465 0.730113 0.0343221
0.0320836 9.9991E-05 0.961761 0.00605502
9.9991E-05 0.657734 0.320695 0.0214711
9.9982E-05 0.9851 9.9982E-05 0.0146999
0.233367 0.729796 9.9991E-05 0.0367373
0.576767 0.357208 0.0659257 9.9991E-05
0.71002 0.282491 0.00738911 9.9991E-05
0.841443 0.116494 0.0419638 9.9991E-05
0.908617 0.0168468 0.0604743 0.0140623
0.746887 0.237977 9.9991E-05 0.0150357
0.802436 0.134046 0.0290358 0.034482
0.837171 0.0400809 0.0930889 0.0296593
0.802824 0.0949789 0.0600539 0.0421433
0.0969759 0.869132 0.0337922 9.9991E-05
0.0670369 0.783863 0.0964582 0.0526416
0.0155083 0.853896 0.0821632 0.0484324
9.9982E-05 0.9617 0.0380999 9.9982E-05
9.9982E-05 0.960097 9.9982E-05 0.039703
0.0280402 0.865 0.10686 9.9991E-05
0.267893 0.705371 9.9991E-05 0.0266358
0.241066 0.65768 0.0812012 0.0200533
0.0700932 0.840937 0.0265512 0.0624183
0.228065 0.667423 0.0858999 0.0186121
0.122583 0.818263 0.0291761 0.0299782
0.670483 0.110728 0.0472237 0.171565
0.0371108 0.115878 0.829172 0.017839
0.100006 9.9991E-05 0.845867 0.0540275
9.9991E-05 0.0506513 0.948214 0.00103498
9.9991E-05 0.175222 0.813134 0.0115448
0.0707537 0.0512914 0.865288 0.0126672
0.366395 0.428078 0.181647 0.0238804
0.3382 0.604736 9.9991E-05 0.0569646
0.225241 0.709597 9.9991E-05 0.0650621
0.298411 0.608676 0.0250057 0.0679071
