0.025119 0.78021 0.176775 0.0178956
9.999E-05 0.852947 0.116175 0.0307782
9.999E-05 0.706683 0.250436 0.0427807
0.0189134 0.891362 0.0646502 0.0250741
0.0351917 0.888167 0.0706937 0.00594781
0.0375487 0.930623 0.0317282 9.9991E-05
0.0667476 0.794973 0.13818 9.9991E-05
9.9982E-05 0.963466 9.9982E-05 0.0363345
0.0730019 0.697733 0.200898 0.0283675
0.0332352 0.673655 0.258844 0.0342663
0.204492 0.611228 0.1189 0.0653796
0.086401 0.649635 0.256216 0.00774715
0.315306 0.531507 0.111281 0.041906
0.101799 0.604144 0.293957 9.9991E-05
0.044277 0.676723 0.258642 0.0203578
0.0435756 0.805058 0.136364 0.0150022
0.0406295 0.614882 0.342861 0.00162729
9.9991E-05 0.841347 0.133777 0.0247759
0.173553 0.116088 0.642087 0.0682728
0.0415772 0.187507 0.770816 9.9991E-05
0.0109 0.22558 0.745337 0.0181827
0.0342983 0.0281494 0.918373 0.0191793
9.9982E-05 9.9982E-05 0.950289 0.0495113
0.0268323 0.0701482 0.869335 0.0336846
0.0319643 0.231693 0.736243 9.9991E-05
9.9982E-05 0.00845796 0.991342 9.9982E-05
0.00755683 9.9991E-05 0.945562 0.0467812
0.0391852 9.9991E-05 0.927684 0.0330312
0.0242731 9.9991E-05 0.973445 0.00218225
0.070319 9.9991E-05 0.928141 0.00144044
0.0249611 0.045401 0.92582 0.00381802
0.0414508 9.9991E-05 0.920912 0.0375367
9.9982E-05 9.9982E-05 0.961177 0.0386233
0.0517329 0.643527 0.237805 0.0669351
0.00095278 0.683156 0.315792 9.9991E-05
0.0930547 0.753344 0.153501 9.9991E-05
9.9991E-05 0.856869 0.100648 0.0423832
0.108381 0.693523 0.164766 0.0333303
9.998E-05 9.998E-05 9.998E-05 0.9997
0.0824612 0.0161175 0.87372 0.0277016
0.0991303 0.710263 0.190507 9.9991E-05
9.9982E-05 0.809886 0.189914 9.9982E-05
0.196226 0.443462 0.334466 0.0258453
0.329721 0.44003 0.164499 0.0657506
0.291482 0.572805 0.103595 0.0321178
9.998E-05 9.998E-05 9.998E-05 0.9997
0.0598884 0.57297 0.263583 0.103559
0.230115 0.557227 0.212558 9.9991E-05
0.128664 0.428027 0.405212 0.0380972
0.854215 0.0237034 0.0915628 0.0305188
0.881942 0.0635198 9.9991E-05 0.0544382
0.831956 0.124766 0.0399775 0.00330018
0.815494 0.128536 9.9991E-05 0.0558704
0.852821 9.9991E-05 0.100187 0.046892
0.86599 9.9982E-05 0.13381 9.9982E-05
0.783635 0.215452 9.9991E-05 0.000813451
0.892612 0.0316277 0.0606664 0.0150935
0.924885 9.9991E-05 0.0567734 0.0182416
0.834235 0.122682 9.9991E-05 0.0429832
0.713573 0.227139 9.9991E-05 0.0591878
0.912217 9.9982E-05 0.0875834 9.9982E-05
0.802377 0.14675 0.0479553 0.00291762
0.59366 0.336178 9.9991E-05 0.0700616
0.0370938 0.0869631 0.849733 0.02621
9.9991E-05 0.122448 0.848392 0.0290602
9.9982E-05 0.144293 0.855507 9.9982E-05
0.801673 0.121204 0.0598809 0.0172415
0.698826 0.234618 9.9991E-05 0.066456
0.803321 0.0854624 0.0847157 0.0265013
0.834587 0.0602287 0.0498931 0.0552909
0.853981 0.0460926 0.027236 0.0726904
0.348754 0.642447 9.9991E-05 0.00869844
0.336186 0.608287 0.0225148 0.0330128
0.394919 0.545756 0.0582254 0.00109988
0.360378 0.584552 9.9991E-05 0.0549701
0.256595 0.521315 0.161257 0.0608325
0.374015 0.485699 0.09184 0.0484459
0.263943 0.579263 0.135038 0.0217554
0.776635 0.223165 9.9982E-05 9.9982E-05
0.531197 0.311797 0.01286 0.144146
0.845013 0.0408447 0.0845084 0.0296335
0.854406 9.9991E-05 0.102569 0.0429252
0.773477 0.168491 9.9991E-05 0.057932
0.0661204 0.116978 0.771684 0.0452167
0.453843 0.380141 0.155775 0.0102405
0.426502 0.572217 0.00118005 9.9991E-05
9.998E-05 9.998E-05 9.998E-05 0.9997
0.00821487 0.793089 0.186348 0.0123482
9.9991E-05 0.7352 0.218184 0.0465163
0.0300095 0.664071 0.256129 0.0497896
0.15139 0.496573 0.299455 0.052582
0.0512687 0.802896 0.145736 9.9991E-05
0.410924 0.499602 0.0708961 0.0185782
0.0618307 0.207927 0.682001 0.048242
0.393908 0.500989 9.9991E-05 0.105004
0.16053 0.460197 0.351063 0.0282093
9.9982E-05 0.736653 0.263147 9.9982E-05
0.0406552 0.852103 0.101432 0.00580939
0.0202235 0.785754 0.193923 9.9991E-05
0.0774244 0.836548 0.0603687 0.0256593
0.048152 0.856956 0.0787635 0.0161287
9.9991E-05 0.853575 0.138417 0.00790757
0.446572 0.411456 0.0938663 0.0481053
0.319836 0.432551 0.15485 0.0927627
0.405175 0.397585 0.0789152 0.118325
0.105713 0.547202 0.310971 0.0361149
0.264841 0.547694 0.187365 9.9991E-05
0.0235586 0.381952 0.591679 0.00281053
0.85477 0.0938594 0.0151815 0.0361896
0.826764 0.129036 0.0249444 0.0192557
0.424273 0.345918 0.221464 0.00834471
0.307659 0.483337 0.151836 0.0571674
0.309784 0.305061 0.325432 0.0597233
0.0255508 0.129978 0.844371 9.9991E-05
0.7956 0.0555436 0.0926299 0.0562265
0.827229 0.157372 0.0152989 9.9991E-05
0.655564 0.344236 9.9982E-05 9.9982E-05
0.0260321 0.363387 0.542685 0.0678952
0.0612276 0.654822 0.283026 0.000924445
0.0760169 0.833625 0.0557159 0.0346418
0.0527242 0.828707 0.118469 9.9991E-05
9.9987E-05 0.602437 0.397363 9.9987E-05
9.9991E-05 0.763172 0.213283 0.0234452
9.9982E-05 0.822037 0.177763 9.9982E-05
0.0707323 0.845795 0.0806859 0.00278638
0.038468 0.530993 0.416939 0.0136005
9.9991E-05 0.868233 0.111205 0.0204627
9.9991E-05 0.682978 0.261259 0.0556628
0.0234776 0.813976 0.123523 0.0390228
0.113933 0.575422 0.29384 0.0168054
0.0390637 0.82394 0.0795277 0.057469
0.0373535 0.627629 0.307074 0.0279436
0.0399557 0.838789 0.121155 9.9991E-05
0.0128034 0.0431364 0.94396 9.9991E-05
9.998E-05 9.998E-05 0.9997 9.998E-05
9.9982E-05 9.9982E-05 0.980002 0.019798
0.0525338 0.0992304 0.846325 0.00191127
0.0606379 0.0587975 0.850756 0.0298085
0.107551 0.856059 9.9991E-05 0.0362899
9.9991E-05 0.741681 0.206731 0.0514885
0.9991 9.9982E-05 9.9982E-05 0.0006996
0.853002 0.0305169 0.090501 0.0259799
0.874727 0.0661873 0.0388539 0.0202317
0.784208 0.164441 0.0512509 9.9991E-05
0.897822 0.0776699 9.9991E-05 0.0244078
0.841996 9.9991E-05 0.136583 0.0213212
0.933907 0.0261799 9.9991E-05 0.0398126
0.882632 9.9982E-05 0.117168 9.9982E-05
0.890726 9.9982E-05 0.109074 9.9982E-05
0.908661 9.9982E-05 0.0911392 9.9982E-05
0.869391 0.0878488 9.9991E-05 0.0426602
0.786665 0.135875 0.0275994 0.0498605
0.819716 0.109227 0.06381 0.00724678
0.889575 9.9991E-05 0.0913208 0.0190044
0.929206 0.022901 0.035868 0.0120246
0.892038 0.0722741 9.9991E-05 0.0355877
0.919299 0.0490326 0.00328091 0.028387
0.398208 0.565824 0.0210587 0.0149093
0.23312 0.697847 0.0491209 0.0199121
0.945011 0.054789 9.9982E-05 9.9982E-05
0.732177 0.259791 9.9991E-05 0.00793252
0.972443 9.9991E-05 0.0172961 0.0101606
0.383928 0.60954 9.9991E-05 0.00643162
0.00221039 0.958273 0.00462084 0.0348962
9.9991E-05 0.755891 0.205926 0.0380824
0.0546943 0.395254 0.549952 9.9991E-05
0.0025562 0.326496 0.670847 9.9991E-05
0.0445875 0.125166 0.830146 9.9991E-05
0.0275215 0.0219632 0.950415 9.9991E-05
9.9991E-05 0.138692 0.846788 0.0144195
9.9991E-05 0.130142 0.850782 0.0189769
0.11669 0.0572401 0.795158 0.0309122
0.0498086 9.9991E-05 0.889002 0.0610897
9.9982E-05 0.834734 0.165066 9.9982E-05
0.0537878 0.753903 0.108703 0.0836061
0.0150313 0.926104 9.9991E-05 0.0587643
0.0443398 0.95546 9.9982E-05 9.9982E-05
0.00554861 0.962976 0.0184098 0.0130653
0.125674 0.874127 9.9982E-05 9.9982E-05
0.0064229 0.664273 0.296144 0.03316
0.0661161 0.672657 0.231323 0.0299037
0.0221834 0.826849 0.0964935 0.0544742
0.0775018 0.716894 0.187713 0.0178905
0.0428286 0.751096 0.156933 0.0491424
0.0661429 0.0607139 0.732625 0.140518
0.854592 0.11221 0.00728585 0.0259115
0.833284 9.9991E-05 0.123978 0.0426373
0.922019 0.0242793 0.0346127 0.0190893
0.779682 0.155086 0.0545246 0.010707
0.833458 0.0910412 0.0415187 0.0339821
0.142392 0.45917 0.36506 0.0333775
9.9991E-05 0.642485 0.330482 0.0269325
9.9991E-05 0.761284 0.173512 0.065104
0.020024 0.566595 0.360723 0.0526574
