0.830321 0.0171973 9.9991E-05 0.152382
0.749782 0.0395509 9.9991E-05 0.210567
0.656391 0.0246322 0.0586453 0.260331
0.85242 0.0129171 0.0279114 0.106752
0.857494 9.9991E-05 0.0604996 0.0819067
0.881032 0.0234444 0.0792654 0.0162586
0.821325 9.9991E-05 0.0650269 0.113549
0.910255 0.0739244 9.9991E-05 0.0157203
0.646074 0.0134535 0.0913462 0.249127
0.605559 0.0254268 0.0585106 0.310503
0.590923 0.0599314 0.226254 0.122891
0.585481 0.0380908 0.0827683 0.29366
0.548914 0.0657051 0.289035 0.0963454
0.638918 0.00266302 0.122195 0.236224
0.657692 0.058478 0.0316718 0.252158
0.752284 0.0307113 0.0260215 0.190983
0.693585 0.00658762 0.0205394 0.279288
0.781722 0.0349816 9.9991E-05 0.183196
0.122449 0.0636349 0.215135 0.598781
0.152259 9.9991E-05 0.0158304 0.831811
0.236119 0.00608572 9.9991E-05 0.757695
0.087037 0.0116043 0.0796619 0.821697
9.9991E-05 0.0639779 0.00232053 0.933602
0.0184375 0.0597242 9.9991E-05 0.921738
0.268266 9.9982E-05 9.9982E-05 0.731534
9.9982E-05 0.0184812 9.9982E-05 0.981319
9.9991E-05 0.0333645 0.0584625 0.908073
9.9991E-05 0.0256159 0.0548071 0.919477
9.998E-05 9.998E-05 9.998E-05 0.9997
9.9982E-05 9.9982E-05 0.115062 0.884738
9.9982E-05 9.9982E-05 0.0356067 0.964193
0.0161261 0.029971 0.0259448 0.927958
0.0647623 0.065029 9.9991E-05 0.870109
0.621095 0.0851483 0.00803777 0.285719
0.628455 9.9991E-05 0.040723 0.330722
0.755992 9.9991E-05 0.0761779 0.16773
0.826187 0.0431801 0.0557069 0.074926
0.675716 0.0141682 0.129464 0.180652
9.998E-05 0.9997 9.998E-05 9.998E-05
0.0666008 0.0232082 0.0366391 0.873552
0.598967 0.0164186 0.131549 0.253066
0.735057 0.00628381 9.9991E-05 0.258559
0.401147 0.0225707 0.199697 0.376585
0.477495 0.0703659 0.318128 0.134011
0.516234 0.0360767 0.318755 0.128935
9.998E-05 0.9997 9.998E-05 9.998E-05
0.604766 0.0689603 0.0803982 0.245876
0.579641 9.9991E-05 0.240192 0.180068
0.412601 0.0378907 0.137539 0.411969
0.0657043 0.0241014 0.881493 0.0287013
0.0654622 0.0195061 0.914932 9.9991E-05
0.126538 9.9991E-05 0.848463 0.0248993
0.121037 0.0625469 0.809572 0.00684347
9.9991E-05 0.059004 0.896457 0.0444386
0.040384 0.00233897 0.922047 0.0352305
0.255113 9.9982E-05 0.744687 9.9982E-05
0.00230266 0.0261707 0.898459 0.0730675
9.9991E-05 0.0462664 0.898078 0.0555551
0.0754041 0.0583413 0.866155 9.9991E-05
0.199618 0.052517 0.738528 0.00933612
9.9982E-05 9.9982E-05 0.904561 0.0952394
0.0462676 9.9991E-05 0.814335 0.139297
0.287348 0.0821718 0.548272 0.0822084
0.0829044 0.00707238 0.0416435 0.86838
0.138523 0.0252035 0.0147967 0.821477
0.0938326 0.0233376 9.9991E-05 0.88273
0.0892062 9.9991E-05 0.853187 0.0575071
0.213419 0.095158 0.691323 9.9991E-05
0.119597 0.0248993 0.828634 0.0268692
0.0145262 0.0577526 0.877373 0.0503483
0.0693443 0.0458004 0.884755 9.9991E-05
0.643275 0.0303865 0.326238 9.9991E-05
0.579069 0.0182691 0.302683 0.0999788
0.574835 0.00513298 0.365943 0.0540889
0.597184 0.0479245 0.321712 0.0331792
0.471463 0.0771886 0.260136 0.191212
0.584861 0.0492553 0.322776 0.0431076
0.523427 0.0273521 0.269945 0.179276
0.244367 9.9982E-05 0.755433 9.9982E-05
0.289291 0.143567 0.567042 9.9991E-05
0.0517524 0.0229011 0.845628 0.0797181
9.9991E-05 0.0773674 0.860752 0.0617802
0.16083 0.0276586 0.811412 9.9991E-05
0.130027 0.0142342 0.0593306 0.796408
0.317548 0.00543761 0.489581 0.187433
0.545942 9.9991E-05 0.434305 0.0196531
9.998E-05 0.9997 9.998E-05 9.998E-05
0.705015 0.0136515 9.9991E-05 0.281233
0.762271 0.0400811 9.9991E-05 0.197548
0.662466 0.0504191 0.0599876 0.227127
0.508808 0.0441489 0.127897 0.319147
0.852113 9.9991E-05 0.0165672 0.13122
0.512543 9.9991E-05 0.430708 0.056649
0.286755 0.0391046 0.0516875 0.622453
0.494053 0.0867315 0.419116 9.9991E-05
0.435308 0.0461282 0.150382 0.368182
0.739313 0.0132655 9.9991E-05 0.247322
0.88732 9.9991E-05 0.0232014 0.0893788
0.784131 9.9991E-05 0.020119 0.19565
0.783535 0.0219661 0.0985344 0.095965
0.867257 0.0151536 0.0041715 0.113418
0.83331 0.0136085 9.9991E-05 0.152982
0.383813 0.0314702 0.470742 0.113975
0.482323 0.0814911 0.348757 0.0874285
0.428836 0.0872877 0.425805 0.0580715
0.585202 0.0165748 0.0999917 0.298232
0.515201 9.9991E-05 0.261757 0.222943
0.466361 9.9991E-05 0.0502314 0.483308
0.122555 0.0214031 0.807234 0.0488078
0.0710597 0.0256574 0.841591 0.0616917
0.333375 9.9991E-05 0.37777 0.288756
0.464994 0.0402119 0.315102 0.179692
0.29934 0.0362914 0.306482 0.357887
0.143016 9.9991E-05 0.0228602 0.834024
9.9991E-05 0.0510196 0.801396 0.147484
0.167514 9.9991E-05 0.799308 0.0330775
0.378956 9.9982E-05 0.620844 9.9982E-05
0.398881 0.0792664 0.0459637 0.475889
0.588605 0.0197876 0.0410679 0.350539
0.88383 0.03478 0.0426948 0.0386948
0.717693 9.9991E-05 0.091275 0.190932
0.555223 9.9982E-05 9.9982E-05 0.444577
0.778422 0.0266346 9.9991E-05 0.194844
0.871374 9.9991E-05 0.00131999 0.127206
0.942003 0.011301 0.0276606 0.0190354
0.473963 9.9991E-05 0.0184805 0.507457
0.814276 0.0182468 9.9991E-05 0.167378
0.739783 0.0201162 9.9991E-05 0.24
0.826259 0.0140121 0.010336 0.149393
0.518043 9.9991E-05 0.108766 0.373092
0.771211 0.0529166 0.0338896 0.141983
0.597658 0.0178524 0.0931193 0.29137
0.842462 0.00758711 0.0239613 0.125989
0.093128 0.00739863 0.0142057 0.885268
9.998E-05 9.998E-05 9.998E-05 0.9997
9.9982E-05 0.0321186 9.9982E-05 0.967681
0.0522756 0.00925029 0.0653555 0.873119
0.0170271 0.0176915 0.0581797 0.907102
0.846015 0.0156103 0.103585 0.0347898
0.744678 0.0384058 9.9991E-05 0.216816
9.998E-05 9.998E-05 0.9997 9.998E-05
0.0274262 0.0364389 0.865419 0.0707163
0.0449378 0.0235308 0.90463 0.0269018
0.197327 0.0119778 0.748661 0.0420342
0.0091035 0.0548558 0.935941 9.9991E-05
9.9991E-05 0.00854011 0.875596 0.115764
0.0103095 0.0160205 0.97357 9.9991E-05
9.9982E-05 9.9982E-05 0.928917 0.0708834
0.0251155 9.9991E-05 0.910823 0.0639617
9.9991E-05 0.0128757 0.949592 0.0374322
0.0556204 0.041286 0.902994 9.9991E-05
0.0891612 0.0514323 0.801378 0.0580289
0.0711169 0.0204378 0.881029 0.0274164
9.9991E-05 0.0262176 0.940745 0.0329378
0.0235946 0.0130293 0.963276 9.9991E-05
0.0641879 0.0492527 0.886459 9.9991E-05
0.000282894 0.0316823 0.894564 0.0734711
0.565096 0.00556939 0.383745 0.0455898
0.708989 0.0044452 0.235559 0.0510069
0.0833022 9.9982E-05 0.916498 9.9982E-05
0.247818 0.0129723 0.739109 9.9991E-05
9.9991E-05 0.00390942 0.947794 0.0481963
0.594826 0.0132454 0.391829 9.9991E-05
0.955425 9.9982E-05 9.9982E-05 0.0443747
0.691927 0.040105 9.9991E-05 0.267868
0.432742 9.9991E-05 0.0565214 0.510636
0.256439 0.00686622 0.00188736 0.734807
0.0738656 0.00595684 0.0458411 0.874336
0.0278556 0.0115203 0.0614896 0.899134
0.179327 0.0153138 9.9991E-05 0.805259
0.122865 0.0302376 0.0298244 0.817073
0.0312308 0.0229262 0.0989617 0.846881
9.9991E-05 0.04726 0.0620423 0.890598
0.865402 0.0116418 0.00135905 0.121597
0.800376 0.0688466 0.0410249 0.0897522
0.938645 0.0359307 0.0253242 9.9991E-05
0.976035 9.9982E-05 0.0237655 9.9982E-05
0.985147 0.0146525 9.9982E-05 9.9982E-05
0.909281 9.9982E-05 0.0905189 9.9982E-05
0.676055 0.0159775 9.9991E-05 0.307867
0.585079 0.0172015 0.0912617 0.306458
0.79694 0.0510652 9.9991E-05 0.151895
0.684736 0.00144721 0.068021 0.245796
0.736333 0.0404025 0.0393614 0.183903
0.0594304 0.14422 0.0712253 0.725124
0.0623013 0.0404706 0.826895 0.0703333
9.9991E-05 0.0363325 0.866532 0.0970353
0.000267177 0.0201423 0.931477 0.0481133
0.219858 0.0166069 0.763435 9.9991E-05
9.9991E-05 0.0327886 0.859895 0.107217
0.510859 0.0374546 0.143297 0.30839
0.576427 0.0391795 0.010152 0.374242
0.687395 0.0551725 9.9991E-05 0.257332
0.607907 0.0616154 0.00303399 0.327443
