0.119402 0.704475 0.0491768 0.00828154 0.118664
0.131896 0.711571 9.9991E-05 0.0286404 0.127792
0.222605 0.696266 9.9991E-05 0.024299 0.0567303
0.0308739 0.805279 0.0218286 0.00603167 0.135987
9.9982E-05 0.943157 0.0509364 0.00570681 9.9982E-05
9.9973E-05 0.885284 0.114416 9.9973E-05 9.9973E-05
0.0363352 0.768445 0.0274132 9.9991E-05 0.167707
9.9982E-05 0.753447 9.9982E-05 0.0321384 0.214215
0.176972 0.677976 0.0714129 0.00653139 0.0671084
0.150377 0.545922 0.0215256 0.0349519 0.247224
0.0890174 0.259401 0.0846273 0.0626191 0.504336
0.234526 0.484889 0.040911 0.0103136 0.22936
0.0889933 9.9991E-05 0.0494627 0.0333962 0.828048
0.247236 0.468733 0.0560228 9.9991E-05 0.227909
0.135592 0.742942 0.0812774 0.0400884 9.9991E-05
0.0702382 0.690298 9.9982E-05 9.9982E-05 0.239264
0.268683 0.609544 9.9982E-05 9.9982E-05 0.121573
0.0914146 0.880219 9.9982E-05 0.0281668 9.9982E-05
0.590753 0.128153 0.138761 0.0521594 0.0901733
0.655506 0.102766 9.9982E-05 9.9982E-05 0.241528
0.72387 0.20222 9.9991E-05 0.00394114 0.069869
0.822806 0.0320113 0.0576822 0.00730885 0.0801915
0.900113 9.9991E-05 0.0388651 0.044912 0.0160101
0.824166 0.137504 0.00304511 0.0351847 9.9991E-05
0.719075 0.180626 9.9982E-05 9.9982E-05 0.1001
0.935543 0.0583044 9.9982E-05 0.00595258 9.9982E-05
0.900491 9.9982E-05 0.0660577 0.0332516 9.9982E-05
0.847105 9.9991E-05 0.106229 0.0460939 0.000471821
0.926386 0.0640345 0.00937994 9.9982E-05 9.9982E-05
0.855155 0.0439971 0.086886 0.0138617 9.9991E-05
0.959132 9.9973E-05 0.0405683 9.9973E-05 9.9973E-05
0.830992 0.0740887 0.067735 0.0270839 9.9991E-05
0.858174 9.9982E-05 9.9982E-05 0.059271 0.0823545
0.17094 0.534036 0.0104929 0.0908871 0.193644
0.268818 0.663114 0.0678678 9.9982E-05 9.9982E-05
0.117445 0.765693 0.116663 9.9982E-05 9.9982E-05
0.0689611 0.683706 9.9991E-05 0.0313735 0.21586
0.119336 0.452699 0.0595411 9.9991E-05 0.368323
9.997E-05 9.997E-05 9.997E-05 0.9996 9.997E-05
0.797563 9.9991E-05 0.00170928 0.0192111 0.181417
0.12931 0.730019 0.140471 9.9982E-05 9.9982E-05
0.157279 0.627606 9.9982E-05 9.9982E-05 0.214915
0.264272 0.313946 0.122289 0.00381623 0.295677
0.0847927 0.072385 0.13737 0.0697903 0.635662
0.0321954 9.9982E-05 9.9982E-05 0.0218794 0.945725
9.997E-05 9.997E-05 9.997E-05 0.9996 9.997E-05
0.220962 0.420399 0.033301 0.0565426 0.268796
0.143502 0.169309 0.0655335 9.9991E-05 0.621555
0.273338 0.38408 0.0799538 0.0318052 0.230823
0.00667417 0.0245079 0.788402 0.0171153 0.163301
9.9982E-05 9.9982E-05 0.776033 0.0180122 0.205755
0.0335783 0.170681 0.79554 9.9982E-05 9.9982E-05
0.00537837 9.9991E-05 0.705866 0.0726616 0.215994
0.0481876 0.0529856 0.844287 0.0544398 9.9991E-05
0.100154 0.0325165 0.86713 9.9982E-05 9.9982E-05
9.9973E-05 0.250319 0.749381 9.9973E-05 9.9973E-05
0.0664954 9.9991E-05 0.766442 0.0415629 0.1254
0.0642553 9.9982E-05 0.918201 0.0173439 9.9982E-05
9.9991E-05 0.0871561 0.796175 0.0442368 0.0723321
9.9991E-05 0.137998 0.599598 0.0309764 0.231327
0.114782 9.9982E-05 0.865689 9.9982E-05 0.01933
0.0898483 0.0598575 0.71906 0.00335608 0.127878
0.0335781 9.9991E-05 0.338819 0.0775214 0.549982
0.787782 0.132393 0.0522569 0.0245663 0.00300127
0.798039 0.145172 0.00794644 0.0288434 0.0199988
0.844142 0.128991 9.9982E-05 0.0266669 9.9982E-05
0.0327782 0.084727 0.668343 0.0260579 0.188094
9.9982E-05 9.9982E-05 0.504056 0.0552691 0.440475
0.114242 0.0465896 0.795303 9.9991E-05 0.0437661
0.0455327 9.9991E-05 0.736807 0.0293173 0.188243
0.0311883 0.0974512 0.831827 0.0394331 9.9991E-05
9.9991E-05 0.158265 0.131056 0.016672 0.693907
0.045788 0.0955392 0.101944 0.0139761 0.742753
0.000699578 0.0223205 0.118477 0.00222743 0.856276
9.9973E-05 9.9973E-05 9.9973E-05 0.0296928 0.970007
0.0630454 0.0214587 9.9991E-05 0.0445718 0.870824
9.9982E-05 9.9982E-05 0.0409554 0.0424838 0.916361
0.124071 0.0470593 0.0641143 0.0173989 0.747357
9.9973E-05 9.9973E-05 0.616311 9.9973E-05 0.383389
0.00408844 0.129979 0.466116 0.115358 0.284459
0.063779 9.9991E-05 0.754248 0.0158211 0.166052
0.110469 9.9991E-05 0.734647 0.0468156 0.107968
9.9991E-05 0.205975 0.734618 0.0252928 0.0340136
0.73374 9.9991E-05 0.0488677 0.0290831 0.18821
0.109458 0.0397813 0.344441 9.9991E-05 0.50622
9.9973E-05 9.9973E-05 0.110396 9.9973E-05 0.889305
9.997E-05 9.997E-05 9.997E-05 0.9996 9.997E-05
0.226528 0.676654 0.00525881 9.9991E-05 0.0914595
0.145362 0.681517 9.9991E-05 0.0247074 0.148314
0.148476 0.493766 9.9991E-05 0.0558954 0.301763
0.269078 0.321208 0.0852277 0.0439476 0.280539
0.0723318 0.81378 0.100119 9.9991E-05 0.0136691
0.0160111 9.9991E-05 0.162904 0.00720853 0.813776
0.566551 0.164556 0.0476483 0.0560796 0.165165
9.9991E-05 0.0268145 0.198189 0.106249 0.668647
0.302106 0.20649 0.0489043 0.0347824 0.407718
0.156495 0.830925 9.9991E-05 0.0119618 0.000518306
0.0662713 0.645638 9.9982E-05 9.9982E-05 0.287891
0.166847 0.495056 9.9982E-05 9.9982E-05 0.337897
0.0383278 0.612584 0.0263611 0.00110932 0.321618
0.0623205 0.507687 9.9991E-05 0.0143587 0.415534
0.109828 0.615098 9.9982E-05 9.9982E-05 0.274874
0.0579579 0.021031 0.209243 0.0345526 0.677216
0.0409707 0.126987 0.155518 0.0636033 0.612921
9.9991E-05 0.0848634 0.1822 0.0851601 0.647677
0.218556 0.102129 9.9991E-05 0.0148705 0.664344
0.146768 0.212309 0.087988 9.9991E-05 0.552836
0.456435 0.394924 0.0771172 9.9991E-05 0.0714244
0.00762583 0.185258 0.786907 0.0201091 9.9991E-05
0.0389857 0.0413747 0.703104 0.0392981 0.177238
0.14627 9.9991E-05 0.165724 0.00257791 0.685328
0.137815 0.101007 0.148927 0.0502126 0.562039
0.265818 0.0859489 0.160438 0.0326725 0.455123
0.717273 9.9973E-05 9.9973E-05 9.9973E-05 0.282427
0.0701901 9.9991E-05 0.654691 0.0428375 0.232181
0.01226 9.9982E-05 0.655266 9.9982E-05 0.332274
9.9982E-05 0.0671989 0.505922 9.9982E-05 0.42668
0.483703 0.343011 0.00294316 0.0934784 0.076864
0.214798 0.696191 0.0888113 9.9982E-05 9.9982E-05
0.0589978 0.647658 0.0116327 0.0177468 0.263965
0.0578728 0.804071 0.130182 9.9991E-05 0.00777395
0.397811 0.600468 9.9982E-05 9.9982E-05 0.00152122
0.201488 0.694106 9.9991E-05 0.0275626 0.0767436
0.0987495 0.814748 0.0168063 0.000341071 0.0693553
9.9982E-05 0.898252 0.0804637 9.9982E-05 0.0210839
0.369506 0.4799 0.0251075 0.011323 0.114163
0.137028 0.763921 0.0685201 9.9991E-05 0.0304312
0.180989 0.589386 9.9991E-05 0.0389632 0.190562
0.0885936 0.776092 0.0041945 0.0197761 0.111344
0.297133 0.465108 0.0705707 9.9991E-05 0.167089
0.0302743 0.788459 0.0865983 0.0217561 0.0729118
0.275408 0.383759 9.9991E-05 0.00239398 0.338339
0.0833048 0.73689 0.0432952 0.00348574 0.133025
0.86762 9.9973E-05 9.9973E-05 9.9973E-05 0.13208
0.952578 0.00209163 9.9982E-05 9.9982E-05 0.0451307
0.823016 0.129059 9.9982E-05 0.0477251 9.9982E-05
0.736367 0.160969 0.09393 9.9991E-05 0.00863446
0.832907 0.0401589 0.0331007 0.0137561 0.0800772
9.9982E-05 0.67353 0.101208 9.9982E-05 0.225062
0.138598 0.655203 9.9991E-05 0.0398867 0.166213
9.9973E-05 9.9973E-05 0.940264 9.9973E-05 0.0594358
0.0107986 0.0664159 0.827376 0.0273987 0.0680104
0.00836266 0.133296 0.858142 9.9982E-05 9.9982E-05
0.0344184 0.0233839 0.642461 9.9991E-05 0.299636
9.9982E-05 0.110635 0.879104 0.0100616 9.9982E-05
0.143191 9.9991E-05 0.793957 0.00326116 0.0594909
9.9991E-05 0.06065 0.900645 0.0204825 0.0181225
0.0669568 9.9982E-05 0.8479 9.9982E-05 0.0849429
0.121131 9.9982E-05 0.865267 9.9982E-05 0.0134015
0.0922113 0.00763812 0.889321 0.0107299 9.9991E-05
9.9991E-05 0.0320809 0.815202 0.0522009 0.100416
0.064207 0.126363 0.779657 0.0296729 9.9991E-05
0.0299742 0.157556 0.785559 0.026811 9.9991E-05
0.0675275 0.0423985 0.871143 0.018831 9.9991E-05
9.9982E-05 0.0527789 0.834894 9.9982E-05 0.112128
9.9982E-05 0.0822324 0.897131 0.0204367 9.9982E-05
0.0604389 0.0354812 0.881915 0.0213374 0.000827245
9.9991E-05 0.103858 0.135613 0.000382898 0.760046
9.9982E-05 0.0773316 9.9982E-05 0.00309407 0.919374
9.9982E-05 0.0834555 0.849504 9.9982E-05 0.0668402
9.9982E-05 0.268344 0.724585 0.00687122 9.9982E-05
0.0202083 9.9991E-05 0.86362 0.00609832 0.109973
9.9982E-05 0.145232 0.131585 9.9982E-05 0.722984
9.9991E-05 0.864802 0.0182746 0.0154014 0.101422
0.196118 0.761089 0.0017464 0.0409458 9.9991E-05
0.462087 0.200691 9.9982E-05 9.9982E-05 0.337022
0.651913 0.199256 0.0237582 9.9991E-05 0.124972
0.741111 0.00420816 9.9991E-05 0.0180622 0.236518
0.807956 0.108888 0.0485924 0.00221391 0.0323498
0.718599 0.20658 9.9991E-05 0.0106584 0.0640624
0.718634 0.143467 0.042971 0.0157678 0.0791609
0.738643 9.9991E-05 0.0460491 0.0479344 0.167273
0.712958 0.171256 0.0733078 0.042378 9.9991E-05
0.10612 0.763876 0.0605065 9.9991E-05 0.0693973
0.0074551 0.763488 0.10545 0.0351928 0.088414
9.9991E-05 0.69714 0.0370096 0.030071 0.235679
9.99731E-05 0.662346 9.99731E-05 9.99731E-05 0.337354
9.9982E-05 0.738761 9.9982E-05 0.00789839 0.253141
9.9982E-05 0.572305 0.00551492 9.9982E-05 0.42198
0.118083 0.58022 9.9991E-05 0.00930133 0.292296
0.186276 0.538518 0.0833166 0.00504157 0.186848
0.121419 0.564668 9.9991E-05 0.0430257 0.270787
0.184652 0.529171 0.0267741 0.00896891 0.250435
0.133665 0.608339 0.0282637 0.0420901 0.187642
0.627092 0.137864 0.0953337 0.128195 0.0115154
0.0471573 9.9991E-05 0.718516 0.0153188 0.218908
0.120132 9.9991E-05 0.812888 0.0299112 0.0369695
0.083414 0.022236 0.868909 0.00165441 0.0237865
9.9991E-05 0.138539 0.667958 0.00518863 0.188214
0.0746466 0.109943 0.791904 0.0234066 9.9991E-05
0.272991 0.416138 0.119097 0.00690286 0.184871
0.280222 0.509029 0.021128 0.00962061 0.18
0.125374 0.723542 0.0237512 0.0626755 0.0646579
0.229533 0.476357 9.9991E-05 0.0569872 0.237023
