0.0627762 9.9973E-05 9.9973E-05 0.732929 0.203995 9.9973E-05
0.0637009 9.9991E-05 0.0132984 0.628632 0.113334 0.180936
0.117135 9.9982E-05 0.0170309 0.772134 0.0935001 9.9982E-05
0.0102476 9.9982E-05 0.0111769 0.736832 0.241544 9.9982E-05
9.9982E-05 0.048064 0.00472052 0.882632 9.9982E-05 0.0643833
9.9982E-05 0.0390208 9.9982E-05 0.759473 0.0955915 0.105715
0.0841395 9.9982E-05 9.9982E-05 0.546873 0.227882 0.140905
9.9982E-05 9.9982E-05 0.0367237 0.591374 0.141423 0.230279
0.100018 0.0781254 0.000871301 0.144569 9.9991E-05 0.676316
0.188051 0.0214636 0.0158224 0.208751 0.112207 0.453705
0.0336239 0.0420962 0.0561299 0.137379 0.449282 0.281489
0.134238 0.0356374 0.0172585 0.191313 0.104355 0.517199
9.9982E-05 0.00753219 0.0262244 9.9982E-05 0.822066 0.143978
0.136398 0.0598244 9.9982E-05 9.9982E-05 0.0546559 0.748922
0.0925192 0.0632949 0.0421835 0.448158 9.9991E-05 0.353745
0.0591574 9.9991E-05 0.0123649 0.227001 0.0905659 0.610811
0.216395 0.0118453 9.9982E-05 0.337953 9.9982E-05 0.433606
0.00533579 9.9982E-05 0.00127655 0.504815 9.9982E-05 0.488372
0.500852 0.115717 0.0593083 0.0746091 0.153761 0.095753
0.599222 9.9973E-05 9.9973E-05 9.9973E-05 0.098006 0.302472
0.705382 9.9991E-05 0.00676357 0.22452 0.0416556 0.0215784
0.798634 0.0254908 0.00249949 0.0712294 0.102047 9.9991E-05
0.869872 9.9973E-05 0.0361795 9.9973E-05 0.0936484 9.9973E-05
0.742759 0.0154119 0.0350821 0.0494468 9.9991E-05 0.1572
0.629462 9.9982E-05 9.9982E-05 0.199829 0.122148 0.0483603
0.878605 9.9964E-05 9.9964E-05 0.120995 9.9964E-05 9.9964E-05
0.879368 0.0831287 0.0372029 9.9973E-05 9.9973E-05 9.9973E-05
0.773184 0.0670923 0.0275953 9.9982E-05 9.9982E-05 0.131928
0.843695 0.00358705 9.9982E-05 0.145337 9.9982E-05 0.00718059
0.777993 0.0739323 9.9982E-05 0.119893 0.0279819 9.9982E-05
0.894314 0.0402446 0.00641678 9.9982E-05 9.9982E-05 0.0588243
0.808242 0.0293685 0.0233717 0.00222132 0.0328124 0.103984
0.805477 0.00332258 0.0561038 0.0565372 0.00920319 0.0693563
0.11563 9.9991E-05 0.0774926 0.352035 0.247694 0.207048
0.257515 0.0347049 9.9982E-05 0.370666 9.9982E-05 0.336913
0.137487 0.118497 9.9973E-05 0.743716 9.9973E-05 9.9973E-05
0.0386401 9.9982E-05 0.0195932 0.674752 0.266815 9.9982E-05
0.0812056 0.0513768 0.00627952 0.291055 0.243007 0.327076
9.996E-05 9.996E-05 0.9995 9.996E-05 9.996E-05 9.996E-05
0.725402 0.0040347 0.0224193 0.0254486 0.222595 9.9991E-05
0.170382 0.127053 9.9982E-05 0.699957 9.9982E-05 0.0024089
0.106232 9.9982E-05 9.9982E-05 0.485567 0.164566 0.243436
0.288941 0.0637359 0.0124821 0.0974144 0.281466 0.25596
0.110564 0.0742155 0.0439624 0.000835849 0.613155 0.157267
0.0697863 9.9982E-05 0.0155242 0.0646966 0.849793 9.9982E-05
9.996E-05 9.996E-05 0.9995 9.996E-05 9.996E-05 9.996E-05
0.206603 0.0233123 0.0618385 0.2001 0.152261 0.355886
0.110252 0.0789618 9.9991E-05 0.099454 0.436745 0.274488
0.279761 0.0929793 0.0112337 0.142317 0.120987 0.352722
9.9982E-05 0.695593 0.0343872 9.9982E-05 0.157442 0.112379
9.9982E-05 0.743543 0.0420386 9.9982E-05 0.12538 0.0888382
9.9973E-05 0.767859 9.9973E-05 0.1027 9.9973E-05 0.129141
0.0114084 0.635503 0.0650096 9.9991E-05 0.189597 0.0983817
0.0494282 0.755514 0.0604264 9.9982E-05 9.9982E-05 0.134432
0.0441943 0.819832 9.9973E-05 9.9973E-05 9.9973E-05 0.135674
9.9964E-05 0.695337 9.9964E-05 9.9964E-05 9.9964E-05 0.304263
9.9973E-05 0.765788 0.00744258 9.9973E-05 9.9973E-05 0.226469
0.110099 0.815216 0.0316982 9.9982E-05 0.042787 9.9982E-05
9.9991E-05 0.730945 0.0765624 0.0845178 0.0500913 0.0577833
9.9982E-05 0.522448 0.0129492 0.0690444 0.395358 9.9982E-05
0.136369 0.763868 9.9973E-05 9.9973E-05 0.0994623 9.9973E-05
0.0648419 0.6545 9.9982E-05 0.0570371 0.223421 9.9982E-05
0.0130491 0.297667 0.0469519 9.9991E-05 0.509705 0.132528
0.709365 0.0508741 0.0113004 0.0674496 9.9991E-05 0.160911
0.737888 0.0401111 0.0131349 0.183239 0.0255268 9.9991E-05
0.813676 9.9982E-05 0.00934262 0.152585 9.9982E-05 0.0241968
9.9991E-05 0.70983 0.0301919 0.0131457 0.0127561 0.233977
9.9973E-05 0.475035 0.0908401 9.9973E-05 0.433825 9.9973E-05
0.0907989 0.691799 0.0267287 0.0772846 0.113289 9.9991E-05
0.0485781 0.671187 0.063563 9.9982E-05 0.216472 9.9982E-05
9.9973E-05 0.79669 0.0484313 0.154579 9.9973E-05 9.9973E-05
9.9991E-05 0.133692 0.00345489 0.111829 0.602667 0.148258
9.9964E-05 9.9964E-05 9.9964E-05 9.9964E-05 0.675961 0.323639
9.9973E-05 0.0665497 9.9973E-05 9.9973E-05 0.725113 0.208037
9.9964E-05 9.9964E-05 0.0230383 9.9964E-05 0.976562 9.9964E-05
0.13531 9.9982E-05 0.0321708 0.00329137 0.829027 9.9982E-05
9.9964E-05 9.9964E-05 0.0262325 9.9964E-05 0.973368 9.9964E-05
0.112226 0.0701102 0.0153123 0.13191 0.586457 0.0839844
9.99641E-05 0.687814 9.99641E-05 9.99641E-05 9.99641E-05 0.311786
0.0318643 0.421429 0.133554 0.140472 0.27258 9.9991E-05
0.0673923 0.660588 0.0317623 0.0181691 0.221989 9.9991E-05
0.0697141 0.713104 0.0410444 9.9991E-05 0.114205 0.0618326
9.9973E-05 0.682928 0.0185325 9.9973E-05 9.9973E-05 0.29824
0.56335 0.0532084 0.0169199 9.9991E-05 0.0514631 0.314958
0.162549 0.264631 9.9991E-05 0.0150681 0.47238 0.0852718
9.9973E-05 0.120342 9.9973E-05 9.9973E-05 0.772561 0.106797
9.996E-05 9.996E-05 0.9995 9.996E-05 9.996E-05 9.996E-05
0.203697 9.9982E-05 9.9982E-05 0.608157 0.150805 0.0371416
0.190584 9.9991E-05 0.0205251 0.66863 0.0652577 0.0549027
0.0706734 9.9991E-05 0.0373288 0.149718 0.175505 0.566675
0.0979396 0.112718 0.0387991 9.9991E-05 0.0690359 0.681408
0.083754 0.0674882 9.9982E-05 0.630875 9.9982E-05 0.217683
0.0295739 0.113341 9.9982E-05 0.0147225 0.842162 9.9982E-05
0.504024 9.9991E-05 0.0419855 0.221342 0.19577 0.0367783
9.9982E-05 0.152916 0.0990593 0.0897868 0.658038 9.9982E-05
0.254189 0.0448648 0.0244487 0.112647 0.446841 0.11701
0.120796 9.9973E-05 9.9973E-05 0.428588 9.9973E-05 0.450316
0.0221049 9.9982E-05 9.9982E-05 0.635138 0.24844 0.094117
0.0962624 9.9982E-05 9.9982E-05 0.325234 0.274962 0.303342
9.9982E-05 0.0193729 9.9982E-05 0.0268382 0.112502 0.841087
9.9973E-05 9.9973E-05 0.00617985 0.604402 0.389118 9.9973E-05
9.9964E-05 9.9964E-05 9.9964E-05 9.9964E-05 0.0787434 0.920857
0.0118759 0.2064 0.0259395 0.0949039 0.660781 9.9991E-05
0.0792067 0.116359 0.0578834 0.0612691 0.649191 0.0360912
0.00247918 0.140951 0.0762048 0.0445539 0.618861 0.11695
0.206785 9.9973E-05 9.9973E-05 9.9973E-05 0.529738 0.263177
0.0769335 0.0665616 9.9991E-05 0.0155187 0.472594 0.368293
0.389686 0.0917647 9.9982E-05 0.205831 9.9982E-05 0.312519
9.9982E-05 0.739905 0.0283249 0.210389 9.9982E-05 0.0211811
0.0188552 0.727037 0.0272765 9.9991E-05 0.107789 0.118942
0.185308 0.164522 0.00298239 0.112705 0.534382 9.9991E-05
0.0912876 0.12824 0.0269721 9.9991E-05 0.49405 0.25935
0.236083 0.0827952 0.0431797 0.157934 0.479908 9.9991E-05
0.685834 9.9973E-05 9.9973E-05 9.9973E-05 0.245645 0.0682214
0.0763404 0.621977 0.0341284 9.9982E-05 0.267354 9.9982E-05
0.00369097 0.637134 9.9982E-05 9.9982E-05 0.238842 0.120133
9.9982E-05 0.458074 9.9982E-05 0.0635747 0.421436 0.0567147
0.416876 0.0652103 0.0490855 0.386836 0.081892 9.9991E-05
0.155543 0.049656 0.0130021 0.65203 9.9991E-05 0.129669
9.9991E-05 0.0798971 0.0155324 0.604171 0.0763921 0.223908
0.0893249 0.13056 9.9982E-05 0.719797 9.9982E-05 0.0601184
0.365011 9.9982E-05 9.9982E-05 0.404149 0.0359505 0.19469
0.219328 9.9991E-05 0.00127643 0.613446 0.103709 0.0621398
0.102926 0.0276959 9.9973E-05 0.869078 9.9973E-05 9.9973E-05
9.9982E-05 0.0506275 0.0101792 0.797565 9.9982E-05 0.141429
0.287015 0.0214684 9.9982E-05 0.471549 9.9982E-05 0.219768
9.9973E-05 9.9973E-05 9.9973E-05 0.146972 0.0286451 0.824083
0.104253 9.9991E-05 0.0356225 0.000213302 0.0316202 0.828191
0.0338789 9.9991E-05 0.00954222 0.21061 0.0815417 0.664327
0.165014 0.0937347 0.000290262 0.300072 0.0739124 0.366977
9.9991E-05 0.0311503 0.0307524 0.135544 0.0389648 0.763489
0.189193 9.9982E-05 9.9982E-05 0.0080715 0.135305 0.667231
0.0664919 0.0155535 9.9991E-05 0.69273 0.129092 0.0960334
0.811372 9.9973E-05 9.9973E-05 9.9973E-05 0.137105 0.0512228
0.82936 9.9973E-05 9.9973E-05 0.11724 0.0531003 9.9973E-05
0.795185 9.9973E-05 0.0158971 9.9973E-05 9.9973E-05 0.188618
0.706304 0.0742609 0.000896287 0.00728242 9.9991E-05 0.211156
0.765735 0.0178328 0.0211497 0.106036 0.0891463 9.9991E-05
9.9991E-05 0.0421833 0.00886941 0.579852 0.219716 0.149279
0.132535 9.9991E-05 0.00158435 0.637077 0.210982 0.0177224
9.9964E-05 0.900376 9.9964E-05 9.9964E-05 0.0992241 9.9964E-05
0.0691143 0.72373 0.0321468 9.9991E-05 0.0855759 0.0893333
0.0209954 0.847486 0.012897 0.104191 9.9991E-05 0.0143305
0.0587136 0.616727 9.9982E-05 0.0374129 0.286946 9.9982E-05
9.9973E-05 0.79259 0.0402446 0.166866 9.9973E-05 9.9973E-05
0.120983 0.791705 0.0122157 0.00477524 9.9991E-05 0.0702202
9.9982E-05 0.821429 0.00920708 0.115219 0.0539448 9.9982E-05
0.116363 0.825244 0.0143413 0.0274777 0.0164741 9.9991E-05
0.0678378 0.794969 0.00109099 0.0561422 0.0798598 9.9991E-05
0.106599 0.775705 0.0131911 0.0298211 0.0745842 9.9991E-05
9.9991E-05 0.772919 0.0448682 0.0738646 0.0738976 0.0343508
0.0762144 0.72725 0.0302137 0.0558315 0.0369966 0.0734935
0.0512198 0.72595 0.0306688 0.141367 9.9991E-05 0.050694
0.110659 0.846172 0.00464593 9.9982E-05 9.9982E-05 0.0383224
9.9982E-05 0.785195 0.0167447 0.102934 0.0949269 9.9982E-05
9.9982E-05 0.838189 0.0135628 0.147691 9.9982E-05 0.000357293
0.083745 0.82811 0.00187275 0.0705837 0.0155884 9.9991E-05
9.9991E-05 0.108191 0.00189715 0.163931 0.714184 0.0116967
9.9973E-05 9.9973E-05 9.9973E-05 0.0555755 0.895019 0.0491052
9.9973E-05 0.825141 9.9973E-05 0.0724605 0.102099 9.9973E-05
9.9991E-05 0.673891 0.0290691 0.23571 0.0060112 0.0552186
0.0368599 0.801101 9.9973E-05 9.9973E-05 0.161739 9.9973E-05
9.9982E-05 0.089727 9.9982E-05 0.115357 0.738704 0.0560121
9.9982E-05 0.0492921 9.9982E-05 0.923149 0.000949255 0.02641
0.176503 9.9982E-05 0.0235076 0.583431 9.9982E-05 0.216358
0.421992 9.9973E-05 9.9973E-05 0.402662 0.175046 9.9973E-05
0.559766 9.9991E-05 0.00227979 0.0691557 0.064635 0.304064
0.718455 0.0232269 9.9982E-05 9.9982E-05 0.0814598 0.176658
0.769206 0.0324617 9.9973E-05 9.9973E-05 9.9973E-05 0.198032
0.695951 9.9991E-05 0.0158277 0.179328 0.000390866 0.108403
0.656541 0.0146174 0.00773383 9.9991E-05 0.00689731 0.31411
0.657566 0.0358132 0.0494513 9.9991E-05 0.165503 0.0915673
0.74044 0.0436701 0.0731835 0.12388 9.9991E-05 0.0187267
0.10019 0.03138 9.9982E-05 0.824415 0.0438144 9.9982E-05
0.0219196 0.046213 0.0739536 0.741622 0.0981643 0.0181272
9.9982E-05 9.9982E-05 0.0564995 0.624519 0.168846 0.149936
9.9982E-05 9.9982E-05 0.00884453 0.754996 0.202316 0.0336441
9.9982E-05 9.9982E-05 0.0135387 0.681787 0.145154 0.15932
9.9973E-05 9.9973E-05 9.9973E-05 0.534054 0.353457 0.112189
0.0894004 9.9991E-05 0.0145889 0.151881 0.15986 0.584169
0.0716317 0.0198505 9.9982E-05 9.9982E-05 0.139267 0.769051
9.9973E-05 0.00464738 0.0626929 9.9973E-05 9.9973E-05 0.93236
0.0898056 0.0422261 0.0210651 0.0640782 0.0831967 0.699628
9.9982E-05 0.0414808 0.0412511 0.164122 9.9982E-05 0.752946
0.60827 0.0480653 0.140395 9.9991E-05 0.0664346 0.136735
9.9982E-05 0.715866 0.0164668 9.9982E-05 0.166504 0.100963
0.116702 0.762241 0.0421306 9.9982E-05 0.0787273 9.9982E-05
0.039057 0.811207 0.00323862 9.9991E-05 0.102938 0.0434589
0.0255919 0.646206 0.032757 0.130107 0.165238 9.9991E-05
0.0511725 0.742434 0.0192154 0.186978 9.9982E-05 9.9982E-05
0.254953 0.0995881 0.0191924 0.111563 0.0556313 0.459072
0.202664 9.9991E-05 0.0309372 0.189759 0.1628 0.41374
9.9973E-05 9.9973E-05 0.0599233 0.0124137 9.9973E-05 0.927363
0.162184 9.9991E-05 0.0247169 0.277581 0.173665 0.361753
