IBR/IBR_outputs/all.combrep_1/EucDistWater_Total.Silt_Total/EucDistWater_Total.Silt_Total.asc
NCOLS 160 
NROWS 95 
XLLCORNER 210004.651214014 
YLLCORNER 7350008.22228844 
CELLSIZE 4999.99999999997 
NODATA_value -9999 
[rows 21 to 41 of 95, columns 46 to 91 of 160]
-9999 -9999 -9999 -9999 -9999 4.67379524180633 7.25716478609344 7.02045847636785 -9999 -9999 -9999 13.1704557650421 8.35224512345884 12.5773764490589 11.1791311939011 4.0779108392574 3.73655449660818 -9999 -9999 -9999 -9999 -9999 -9999 -9999 -9999 -9999 -9999 -9999 2.21322653561494 4.55378220592277 3.68314264656965 6.63750699119217 13.6215175904729 18.6795890408809 25.8456916333777 24.7777290041138 16.6060857723098 7.24494612010304 8.5565438564831 16.54268594583 25.7853512760007 29.66145220414 17.3933211328115 5.64366683300038 7.04938378467032 18.262404950787
-9999 -9999 -9999 -9999 11.5394268972934 4.89817689995152 6.42323862537812 5.22843526714056 9.47847326040437 -9999 5.91127947138279 11.3575203366115 9.0168962857651 12.7444855608319 11.7354645377244 3.16675173986009 5.60361774284512 8.10661834764179 -9999 -9999 -9999 -9999 -9999 5.23474088952554 6.85775269347472 4.42533958013801 8.22703782730514 4.99563642631446 2.47860529698277 5.0955337762004 6.31442866465262 12.6299210829541 20.5321059065598 19.7747295618893 22.6442013615478 26.0530915951018 20.0045878222128 14.2110751998774 6.36681613746427 8.74933484227597 20.6427957504907 29.4643410160217 19.7789040628218 8.77283154837339 5.22171924405488 10.672228705776
-9999 -9999 5.40822755194762 12.0017401875213 12.5544744282623 10.6406250501282 3.84653100208712 10.3085608237297 16.1501819917903 13.1503848035564 2.66630970848406 6.07597425787159 18.7857569246219 19.9031991277231 27.82268807508 5.14704428053687 7.30953121611005 3.31219372703059 2.81590139292139 4.74334046587237 5.28307345740708 3.46242488242665 8.58429945266772 3.12682713891656 3.16708045969506 3.52934187585979 11.1120529308075 20.7588241325872 20.1238568174007 14.2770903163853 14.0012308471934 20.6070774045111 16.6539200715679 8.1644121851817 13.1970226507053 16.9812438574218 10.1240888231727 13.17617057392 8.27744260397601 10.4274566698083 20.9984042231563 31.5544380047931 25.9828312867857 16.9398644251273 8.65978411999392 4.43374648193385
-9999 4.86087986138415 2.43345882794957 9.80954467514677 5.32956273640964 9.65861585852479 18.6610405507948 14.7151710523963 18.2411771253062 21.1780100123187 68.534080224751 27.1998002927552 17.3285504590038 37.6670122702826 14.6400996851454 35.2094170050917 16.9335318771259 10.9761421876536 7.62686611848794 10.469211596265 5.33727889084849 3.92260157922984 12.4414189888459 10.3420191264396 4.59571969763597 15.8367493827238 32.2356145805715 45.8755102206711 27.4453411851985 20.9742069037771 22.4077738144677 22.0173926079737 15.9728970439598 8.23601088473732 12.9424871611908 13.0311601645708 4.37261919667372 12.2862225715727 16.7380938088175 12.7372409212049 16.7611678919433 26.9982735826403 30.533212255825 21.5979069858313 11.900646147122 5.12214286229661
2.94493503346212 8.16418414777164 49.8197509829137 119.295104848435 57.3694993575435 71.9326339067224 19.0080855712633 26.4513687902434 27.9748683858181 35.8346445184337 24.0633591371443 13.5604541660407 21.2901993898667 16.70610197637 17.1223145687583 8.05791378847593 18.9031102786337 66.8367580086227 79.5691811824391 15.551368504909 19.4421046908487 21.0204479425195 153.071079563482 313.993072398561 14.601514119781 16.2868621667569 27.2152968857397 34.9783657199351 45.3894691810228 27.5043207252705 15.8931828954226 10.9037268533126 10.5612911942885 12.2358196898233 9.51560524523154 14.2237118447329 11.024293064804 16.931472845389 14.6023333869317 4.98599658863635 11.3300167561024 23.8018516524302 24.6205744433695 13.6539540944357 9.84403727546036 13.1128854657363
13.9318918400733 59.8711330136302 278.7324988351 21.3772671953653 8.09499930851188 15.4727465944828 41.0630830435511 48.2341716196593 29.8132621254207 18.2028272163079 17.3776162544749 22.2106508233257 14.5767579598915 16.2153354656838 22.5759020934255 21.4037838967102 48.2601644914348 210.859046804503 164.174638652677 106.914247139074 479.573242817018 84.0036332306792 181.31489799482 683.497393902811 45.0677162452357 74.0928282787994 35.8519694097954 39.6451350431768 37.0284530985686 23.9875306922575 11.3654163762301 8.21969519640458 5.66791058112079 10.6529339641962 8.46932534107501 17.4885365901965 23.6758113594323 24.4601933703542 14.2988056664008 5.35882815755639 11.4791912296215 23.5643625106537 23.6652501957343 12.0231742056153 4.66440155125849 8.96530016762917
21.0932488288505 107.580763621214 167.049204834595 41.0160953752562 12.6731126411148 9.5967300085807 27.7703781379392 41.8681723884896 34.5208529117393 20.0061187698121 14.2768040247904 22.3767703745219 26.0038095749069 22.777722651277 12.4472549796714 16.4118784584631 27.9164410126195 33.9581403268497 21.0803114607055 87.5667344052889 489.560644519166 74.174475838304 33.0227167127908 26.1931512513163 12.5621949662128 64.1519486453706 37.6442517593984 40.3554930509124 40.1210539899126 30.6457906444386 20.3505278811067 15.6108833933666 9.72647432452316 7.75741760228955 11.8459974957013 18.7308858134679 29.6333228556652 28.0803953435702 15.4497875374017 5.18528134865732 8.77339338422353 20.4965880867449 27.8412877544908 19.0694763353363 9.20089602122053 4.89286819364693
13.1565760259849 11.1461864290285 39.4441754962567 19.1571727131881 15.4697675179562 14.6833512585607 14.9052936584961 35.9904975723984 65.1291662241389 12.9557046822372 11.0618757088983 12.2295505128409 17.8210461516433 9.36449309741712 7.71078376896258 17.0335993183269 27.8169048042003 27.35706921286 19.0341068613028 15.0047304728217 14.2984739460906 42.4202026101804 24.7780912549137 15.8172318145917 7.41502327163882 15.9595714359358 25.6309035550463 36.4005711551266 41.5204095201947 36.3926644738505 30.5665095752092 25.2655773194771 17.7505013789472 11.2922862220557 5.63864628560379 14.5839110067808 27.3183855152473 31.8792552613327 19.9247357903176 8.7114513066637 7.44299580318143 18.64313239622 30.053651711475 22.6675371671971 11.0159735526623 4.2164157387747
16.0455168309876 17.3683333251001 11.0689317365735 6.76467542643481 10.1553844407767 12.2219525746992 9.85543334943374 4.73734742580077 77.1405234453129 14.24204301221 9.29020266135816 14.3665226995981 20.6437813792237 14.530366069875 11.9969226230678 22.6511220109901 31.4196314866866 25.9494541171238 15.7476261027935 16.2647515841483 18.6601974597494 15.1698600085094 26.6330328476567 15.8605566342574 6.43220056501235 15.5103678100173 18.9823483171818 25.1982232092591 29.5915247211207 36.3820731178366 39.7754435655376 36.5685572848261 28.146768755246 18.6131712231312 14.8895721733779 20.8147360464154 31.0798107327445 36.357362256667 25.5872560106063 17.3085587557446 16.4630560397881 23.1267196340413 28.5319911638463 23.3019408364418 12.5256516577273 7.67578486302187
23.9838551776374 21.3628462599851 11.7609007406286 16.633919559743 16.2843232789353 12.9100755409284 20.776482938196 10.0307027050638 37.4865145224876 34.0870085892504 10.8233046775008 13.1985853342358 19.3437781081582 28.916444786222 28.5412977515935 28.9388744012152 27.6943198552547 14.847971880672 11.3783031009826 20.172226326759 74.4153805270209 35.6400605649989 31.1410303798286 16.2731902309984 7.64154145352498 8.43556367754177 8.50929634978056 23.3409360433334 18.0121372216024 25.8082181753663 32.9828108291263 39.3328413618352 36.6358204524847 37.7415853925881 29.611453332932 35.5634710443825 40.313548116349 44.3637857362489 35.6462335789793 29.4583720598173 25.0083795488414 18.5495001741485 17.1111662405188 22.8856666935941 22.5969004730049 16.7927392697685
23.68995740193 21.1945365592276 15.0196563524242 15.6641221557457 15.6564404444568 8.56636142919875 12.7609710338253 11.8395551849775 12.3630028460663 11.3425458731913 7.63855665613783 7.81703450733964 16.9167615758564 23.4032224916112 22.4812008790489 14.3601391070592 18.7110178388716 6.36127615445435 9.84656816474277 11.7144813888124 35.9169517082211 8.03905902675511 15.2776379227778 15.5715138489008 7.15007798948878 6.38523959978157 5.65497801513887 6.57024681247416 7.69805886747082 16.7969469927694 26.0343315299501 26.4852577993455 28.7298982964501 36.9760365099429 43.920853331358 50.1626460852367 58.816307418604 52.1921161906265 44.6202401492717 34.8502568197737 21.8905439044971 9.97219472794298 10.0918588975644 17.1114552109611 26.5347825309317 23.3945987614203
12.8308211262648 11.7448771218781 9.16379369254726 6.22904126336046 7.37626690550293 6.86835712686136 7.29845946498095 5.57757361172719 7.99316898741101 8.93246304410498 6.15437906589781 12.1661951310874 11.5602023317886 13.778976811116 19.2150088892807 13.4914870040355 14.0523616281344 11.0028134581879 17.2748635835859 18.6802940940431 53.9092034501595 28.9999059595665 8.7851369429509 14.1270664606304 7.80010931396476 13.107577997214 12.9823608667668 7.11894410889958 5.51184639754688 12.8759344163719 17.6804214637627 13.4815073587858 17.3048738635133 25.5068242271143 31.7881293498202 43.6005359860892 51.1960436376834 45.0758201881801 37.4630171426435 38.8297499108943 19.4811184984598 8.81267310125023 7.75212247160069 17.7343046679612 20.1887674320208 13.0349522446388
11.3434826345782 24.1924578585767 12.2622453590416 7.08494392468352 5.89901417450199 4.84421532269114 7.65260480647661 7.83803291166189 8.68600590757736 10.0276980783729 5.45723734231801 7.14174196715781 7.52077068983571 7.6955238142105 9.58542618136343 12.5416660345294 19.1852175489773 19.7564922550655 17.7362457823897 17.8812602674149 43.6193811185068 74.817073456547 15.274544956964 7.94599358229638 6.77168472503988 11.3472618224896 21.8706203792996 14.6832565333929 8.2420108719291 6.1713280590069 9.39331820240297 5.33412661480271 9.66863870782936 13.9679107574949 18.665006976292 29.5360817606467 39.2045889818108 31.5534261465322 24.3058956286632 20.0667525741521 18.5042764360498 4.59058007234625 10.8740481381647 21.7177014651705 16.6720622310423 6.6372397599988
13.7670422613465 13.567859366301 21.1331362545303 23.595424459511 13.0508985551411 41.5797443955067 83.71715994997 11.0046413760339 6.07373700425207 5.93136283439398 6.71261092649116 3.88304185498087 7.19411433423945 6.77439980671713 11.5592654610129 11.2859377088739 10.8498313557724 23.3459126164477 24.6745115793314 220.585865958703 245.130150628301 28.6574134292592 15.2097301646558 6.17352905709037 6.89663240435606 15.2695718202089 18.9873221469617 109.572858119515 29.5527016791184 4.46788417249648 6.91977883296947 11.8558670403332 7.23103858951919 5.55526418213338 10.3409578480135 22.8633015369561 30.1447453374633 20.0907767360216 14.7283615700864 7.73054874117121 8.12770266315196 4.94804050172237 15.1108326237313 19.1490629692287 11.7283804947023 11.9304970084126
6.60082262456619 6.70593437949843 13.4551865383764 14.7791507307459 27.7574524801572 18.4202600787611 7.74121298153143 14.2150511391112 26.2349666406977 12.5445355657109 15.0302113734592 5.98147519356203 13.0257929650266 5.28492178264617 9.9636240619941 7.88828784676881 7.93207644951889 41.508172496853 421.735135028672 322.075336555787 382.627241000395 12.681110069256 11.9765675007639 22.941144451889 21.1356744084366 16.529528056705 8.08711349435771 29.0982756308593 395.000797752887 21.5436340433597 8.19361721194024 16.0004107401847 14.5449666006679 11.1730090636649 14.38017079465 24.0334232258148 24.1550584115838 13.4451345627289 5.67887012727438 7.35518798705112 4.64707809373397 5.48189279919248 15.7977650561849 16.9845509789069 6.61615799829434 6.70061928721074
5.89479925251947 3.50795529460969 4.37504052628959 7.49120599468712 15.0592814587702 40.4042378061458 29.6745508076941 30.0974773681805 26.2548210584038 35.1755303099694 55.2097839317317 15.9789019945549 42.0151003367539 6.74548236060718 36.3804052898376 12.5193948892691 8.25690270159072 19.1968396619532 472.46864156787 154.929260407213 227.827087961771 9.1925138850489 10.2786778713877 10.9325446825272 13.1368291165347 14.564107364113 14.5642550664113 15.9607616359388 71.7455638954159 51.9302308150255 14.9868182912702 10.3617211067724 12.2383314029888 8.82308925106899 17.9259056603807 36.23554664944 12.0567029507844 12.7475128006525 8.02849512529856 13.7124177082931 9.36653641811062 4.82039906363747 13.9169194370952 20.6656348930254 13.9430325512364 10.0262720126044
5.12191959035998 4.17060866010602 3.88833561449075 3.94238800075916 4.60443239957748 24.6712618682421 63.8890909888494 150.620258406752 207.138386572442 188.77372862785 364.872197012388 273.767959392434 166.804664188598 50.5649304177774 71.5706342962384 60.5303594733034 12.3306793042725 7.82785117535917 15.6057159925548 12.6192433162739 5.96771209343791 10.2722576436758 9.21251466437215 14.7863215131123 12.518927590476 6.46662987418049 8.33914118155312 8.51544710781903 12.6690982995919 9.99530420736126 13.1279344988971 7.8949788107877 8.43925261095512 9.74756485403551 25.4662378384914 15.9533201748404 6.6026669857918 14.5460749060365 19.0806887391225 15.6682470503424 10.1997195444111 3.97451031085292 7.66201457435688 18.4129427097328 23.6270350069873 22.1927988845242
7.79177661488099 5.75723996816905 5.19803783969368 14.1926949760258 48.3821952928094 158.376528044296 265.01903861632 622.026012915927 707.291691024136 618.725108454218 554.852609480571 499.504765624792 307.930099216927 203.959266590054 153.041442156166 62.8948865425668 21.3246811601089 7.23999931999806 9.24658333420801 12.537807157409 5.56399322497002 13.5117391644956 6.31003693535871 16.864764551904 15.7006614432202 21.249933463728 7.02811541134486 7.36355774358794 15.4477984354692 15.9770828560361 16.017035718789 8.69888577701506 11.5670061167909 10.0745849239961 9.44463527056661 14.0852020568921 16.6182001701087 20.9438151400934 17.5938493480459 8.20130290104489 5.00830110211438 9.77662254796803 6.15046945782972 12.713747722961 22.1328461566226 30.541782063062
12.4140189906762 24.5288213811789 14.8310373821767 4.049378344492 8.32841591340563 21.7127918264263 119.597852495638 12.0230114482339 109.328049345511 258.899664951876 269.256765574776 239.266143091608 208.960782849596 94.7701460170363 74.8775131085745 30.4669825296871 49.9579500111501 32.5366235006864 18.3098580667541 29.4424596902384 33.9874496824437 71.573798555901 29.1504627825524 23.9924852231419 11.1357480215642 7.57802822158204 5.88142147177134 22.159606321921 14.5033668839456 8.53475555620423 17.5163259998181 14.3377309259402 9.95145172873001 4.96131437209857 8.69538710830285 10.1468838820479 12.3158153322603 13.6111966624212 11.2851459150796 4.20143787844928 9.12446513029719 12.5774647622285 6.29875391193912 5.60809663480791 13.5283632407172 24.0900655951381
4.73787894528971 7.99411795597778 57.4282179989783 7.66265140541181 3.70094243260395 9.78236959252951 4.3188890042769 26.1149226938115 43.6965998473719 11.7811945939371 9.31827369240464 11.9828250963092 16.0115156363988 10.1454522630713 12.4053422456268 11.4868197293215 18.0377983916149 13.8967137892122 16.8102237165519 15.8251344831062 16.1155933571487 21.8654572674436 22.6363410852664 16.2696727235524 7.25173626301432 19.7464927978985 10.2692453634643 26.3401599838997 28.4021296816474 8.13708923926728 7.03332544976471 7.65570059330584 10.0647078317979 3.98161331803046 6.01914056296758 42.8502141112175 45.6532239133073 6.65725093460735 4.74432532828986 7.96218128686601 5.31029721901796 10.122107163381 7.62786689010344 4.43515173259201 8.61485960749661 18.395184351369
16.8564278494345 6.88648805519441 14.7826311605545 12.114200611955 14.7824520344005 22.1558362967079 8.25888736289571 8.294692226253 10.5756603159103 8.05433872401544 8.0192997526966 5.8502411631562 6.4043765400605 7.89820576658821 12.5676519748196 21.3308707974383 23.6991896381364 20.2492445455592 18.8798076768412 23.6235141109232 20.5902823374523 9.78794437347946 6.1262363531647 15.7041385484925 26.8402215832373 24.0501287913827 18.957739429183 18.5977641284731 8.54313564946456 24.4194982820767 6.0478204833617 9.06524042112671 7.88389587615821 3.95004751295388 10.0227945771957 14.9101705810176 45.5213199577003 5.88040507857738 4.21068908118077 10.100811349678 6.19473476449643 11.7379196998903 13.1294683396001 6.35060580746123 7.23423710726761 8.54868450601534
