IBR/IBR_outputs/all.combrep_1/EucDistWater_Total.Silt_Total/EucDistWater_Total.Silt_Total.asc
NCOLS 160 
NROWS 95 
XLLCORNER 210004.651214014 
YLLCORNER 7350008.22228844 
CELLSIZE 4999.99999999997 
NODATA_value -9999 
[rows 42 to 62 of 95, columns 92 to 137 of 160]
10.9843883606272 19.8535510010182 11.7171156589084 8.2569249250267 14.5462845048975 16.7035985866459 19.2824791590759 12.1899291778439 13.2965380003911 10.9913268465243 4.81557031844724 9.25039296812933 9.78842549375082 6.3906679447697 3.52530445898831 7.03327695433439 3.59581314680279 5.28323431342907 8.65618956379984 5.56637579920153 8.37087809440373 8.65064645677466 3.93665850324622 9.44413123129808 15.4795388943193 8.82612529885003 3.51638438929745 3.56313198209813 4.64736251338059 10.8043527704478 9.73619667729217 10.9916675741355 13.1088281233867 10.8260975506322 6.56082241045243 6.27089002705184 5.08260008249826 3.78294131542879 8.6118642001371 16.638052034891 18.0607247183135 9.61851043763016 4.40931936419217 8.8516540012684 5.5878512905289 4.40249910233325
8.124345532764 18.1457081100277 11.8261528947124 8.52675317429438 6.70502369743687 7.84520312299406 12.8615675375711 6.45898684078054 10.3392772130372 18.3117151756844 15.2227485951306 16.4009869670648 10.6215809642885 4.34776607506902 5.13313693513288 13.513291654094 7.89070316968379 5.36180834932278 8.95148130770343 14.2221464506004 16.2563630129534 15.8014977902036 5.81812056004721 5.8597911244685 12.0740477519294 11.2466672197893 9.63052284938849 3.64431620648566 6.9580996392594 4.19226105478556 6.16194309117888 11.1656263724258 7.61461107680395 6.88577679160591 13.2654600614536 10.1183142377197 6.35354011302592 3.45301992767441 12.6545117615364 21.2515203719008 19.7923938616576 7.9252852472841 3.34829994221034 5.2673928474872 3.86974213828441 4.6871429438128
5.99130724106463 15.6598380947694 10.1368505841211 5.4687166611006 10.6586389449559 11.5296699700166 5.95163838337516 10.3035240445616 17.8619658131094 26.3298589668534 27.6313518707814 26.7928924288438 18.7600489140176 10.2823527126999 3.99390420448429 11.8715114113008 10.4015807533225 5.13937552808052 12.1728621272364 23.1188529886413 20.4215833913852 9.63263214057164 6.60659875679221 7.64144089522979 8.70582207509385 4.29300178992853 5.46055795586718 4.35924488506235 5.84390509644121 7.96635658796802 10.5197673438379 8.17302436793404 4.15216491934327 5.90237365591678 9.10604608346224 4.8249758409702 4.05227631607509 2.67368981421797 8.25311822197425 11.4857071626858 17.2234202817628 7.5393526080908 5.32428666756679 12.5481895121275 11.1209870267046 6.9636148019691
6.81340347960615 15.7439917201763 12.9436247151296 10.8834580168483 16.3023326043415 14.5725236007436 11.7620119828399 15.373655753167 17.520569131581 21.1943973603597 24.0812219344641 29.5083244259825 21.570846411334 9.42325025617583 5.50562619655599 6.10853449644032 7.84841764187666 6.30787902076432 15.5139764683126 24.3567486297786 19.6857222726631 12.3594276707178 9.2761138870099 7.47271984608736 3.69190601025859 6.02165945767966 4.67057049655919 4.23770472256175 6.2281898424408 8.69387871121465 6.42699371037741 8.31568330934214 4.44093628735748 4.69469910038899 4.71372101287689 4.40725263641813 8.8708189418261 8.0590341067463 6.9030967116406 9.27538119923407 16.7638777946982 8.8036225348175 9.0326788249295 10.0817193519511 8.65818511898132 4.14203115507993
6.85399006431146 10.8625278519109 6.61577510559938 15.7592302142214 16.4441225845488 6.98612879652599 8.92247762469771 12.9620010331013 6.46060133434593 9.85448187878254 12.6818122781099 19.4351918583662 19.9238567527817 15.8493237181278 13.3102510859289 6.18739295764141 5.96426402093754 10.8276708782262 15.1604056556275 16.3399414158243 10.3049419983548 11.3346859522265 4.89135927942497 5.75678065650537 4.56010676141921 4.80341692328407 5.42925531005624 4.97248524448098 5.48726802858576 10.0848591806878 8.14824711101438 5.19522078168462 9.13040250999695 10.9825603110608 4.50695960239958 10.085245448779 18.0884289108478 19.1166923663255 17.4334408055916 14.9080832404896 17.9873219622017 19.0323455799267 17.2064883544177 8.92738352816873 6.97616733484411 4.97488336714785
5.83729904658621 11.3316018169946 9.38963658159876 16.2242719224827 11.0042895562986 5.09444038736697 7.57230435914859 7.84922644542824 5.50398636309775 4.04545863691282 9.09778132408754 9.04440091120444 11.1735435399298 21.0347789118246 17.8268803214518 7.05326370723974 4.87015340446518 12.3974735097824 7.9319395603441 8.94934298572359 8.15400819026609 8.42152276665636 7.53898726314602 4.38215984398454 3.79822579001934 5.17060298993583 3.70896728173119 9.45318822513966 8.01654192921341 4.01314016621011 3.7897259947027 5.879228579146 10.8591057768439 12.2364346842358 9.59537767081342 16.2601771675971 26.4999085970301 28.7241101224061 17.9654416654292 7.46384849682534 11.3159134388488 22.5180128189392 18.5587301024798 11.7990076733264 13.3356971490226 13.9676958088882
9.80073366682529 8.78487886407658 14.5782040100249 17.3323709148943 12.0624493223622 9.04072710827385 11.412667520271 11.8799377010147 8.66669347413946 6.6458496283618 10.4451461262392 6.92760866154932 9.31538578933701 17.6276046833279 12.642985310849 4.23204939962865 6.26413299957636 7.63733671440729 11.6022968757258 13.0798711887169 11.8740751129135 6.80976181865594 9.0363568137795 4.65051277429022 5.85474374547167 3.01345443823303 3.63819890822544 9.34449119725663 5.59755321263029 6.05848577413857 7.92497237120655 5.57395686992841 11.8767812349033 6.84381599028542 9.92269903325026 19.5779994109235 21.4657268788142 24.1484358893549 18.0557058437482 9.31759945215088 13.1392548196347 22.7620409910203 15.5018081466834 5.99171548847404 11.7821788756655 21.4954519564698
10.9627811648886 10.6210802800426 16.4793598716243 7.96052486161671 10.9307934759336 14.926333788734 7.16725432483431 9.79137016655846 16.1017620565176 15.9479082673851 10.4688597329674 7.54553746061992 5.35895474958919 12.8357514966008 7.38074631140742 6.14475003593332 11.5430968815414 6.30582160655356 12.0869965468788 18.5688473203731 15.7283169875566 6.55309119462377 6.54935974506119 5.29892767660974 7.23083442894447 3.03677418244562 4.48165067936248 5.20653465311595 6.89648210423056 7.09541983488324 4.3303568184767 4.82130817712927 12.6085958472509 15.7546034181241 16.3595753940475 13.3343792489388 9.3309868436037 12.6395598046176 17.9515201749296 20.2676991143987 22.6305838110389 27.9256807128439 18.784370282858 10.0444280904803 9.28635651605708 14.8619599470523
9.82299172705592 12.9672241753739 26.7008273292534 5.778403921805 6.11495088550444 7.51643781419854 4.51813854104223 8.0047264984015 16.5210673967347 17.188698583226 8.344256287195 10.3096491105603 14.1652981348631 13.0551236610692 4.37107156239744 10.5315332239717 14.4277074897834 7.42263521841761 5.44073829358495 13.1636109797007 18.4681950885848 12.4312974303019 11.911932532681 4.31969014638869 7.78325836416828 16.1689908867893 25.8105197214326 21.1026351846692 6.9102212074908 7.3931488994256 6.2526054092533 13.0140063033721 13.9718107177737 17.6908938480173 14.3041405372999 5.2680643994543 3.14255185008932 3.34443806142817 12.324802964406 18.3884307676594 21.2937664645796 27.1160716180494 17.8639776193306 7.24225197511843 6.83177555818259 9.07299877601466
8.29241406184874 9.68175979005655 33.0993751107641 8.04783839331001 10.7555398916267 6.03109434592411 7.68402840665906 6.01578841793021 9.12772186958224 7.71039362256048 6.6825922120836 11.5049724865187 16.6518667431502 9.5792724109385 4.65751517728643 13.5255857152741 10.239246319628 5.98840198975589 9.07712437352918 15.7040334612484 25.2117522978944 23.0698868371966 13.8899787863804 5.19184366677596 26.4757113798945 33.2588929609109 32.5738930484872 25.0926641305546 5.74905136956751 22.3038281900557 5.30299434006661 11.0711321733759 4.80154693201864 8.25104319493399 10.4558357863896 4.14180443539156 5.19612439721091 4.7076650557261 8.48172084229247 6.96520351484328 11.5791496457292 20.7292934193822 19.6491778819606 15.5998336850806 7.99386196584885 5.02718356403031
56.6580928056238 32.34988345775 28.279572148678 18.7197707076874 17.8607933731946 9.10507122608676 10.546339391533 6.37076502337135 4.98407963114126 7.03111161549632 5.34396576012592 8.66179753071177 5.99862452981984 3.56409506897588 7.28778222874503 8.9274839017111 8.61880907757253 7.16986214088845 4.55524749926186 12.809841656527 23.4156634828221 21.2795310221693 13.2146140595547 15.6519564724456 23.9673863425117 16.8781551641577 11.8086962132605 49.741599907165 18.178455104985 17.1588691131977 3.54794252320885 9.46379718873724 4.15034099073776 5.38618140551532 12.7538855456475 10.4295675971982 7.48304723962262 8.70042665989923 5.84755472631906 7.3222471296363 12.5746551013517 12.3341895198119 10.0476008486847 16.7207949033235 10.8755434916239 8.92363528169152
15.6899277405693 13.9339204476188 29.3467750754026 46.1995814779527 39.2038312989155 73.802604410121 25.1143729837847 26.2959424143133 15.6079875449728 9.04106208534796 7.26874516305492 10.334358087973 6.68630765280017 7.85873072388478 9.03084302371777 9.86229629974901 8.72758552821615 7.35453056634496 4.43728020749797 6.97576278933602 14.6056220400291 14.0838306094727 11.8039495610003 31.0570991082089 46.0177295804061 28.5763257255715 29.3523562181899 75.380760258755 11.8792258407983 10.9501501019442 4.68721287186543 8.99743398761913 5.20955367997728 5.78506099462715 12.6697830196013 6.31410425808964 4.93788634649582 8.57265907359908 6.66911738654132 16.0457978265392 20.5086456821766 11.2936448015442 8.47349714375347 17.8515303039685 19.0959533985261 16.3586936890102
26.4526522904671 25.2156555963954 24.2933092468623 24.6425049901034 20.434580737267 25.4145403047891 22.2573082942134 29.6482208590244 49.2857402073105 26.0436555902505 15.1709143897981 10.7484269788695 15.4787743285979 10.5423819970358 12.7126780394437 18.0070899425828 13.1335588810508 8.73456699295134 8.03349634082506 4.91477825284515 7.15723158192688 7.45425827476395 40.1701372267092 25.547921148749 33.7062558198851 26.0470631220963 17.6910987868357 17.5372098067727 10.4807784472803 10.4869465497403 6.40828442677861 11.7580621837489 14.1735961279681 13.5820457035168 15.4452264177903 8.93404708243333 10.522369698919 11.2054651861632 11.9307226431429 21.2432785936462 27.7756198866472 20.8299073764462 18.05484309391 14.3891089929912 10.0114583893144 10.9108676140482
17.9052635308719 22.1266870007016 31.3825057188993 31.2254384881425 30.9535510704076 30.1768001047626 24.9793286305039 23.144075003838 26.090631499065 16.8364714300899 13.5545177579966 22.2134019775287 23.5450369492163 20.7777139273333 17.0059870356336 32.0227528051096 24.7122861335145 9.36670129278411 6.60722373964635 7.66411262645709 8.69080909342671 8.8272562235844 52.7597792938322 28.874656577282 30.5497729934657 33.6521616889044 13.3994735679687 18.5054316689588 7.56589797058366 5.95366800113604 11.2052425794386 19.0633375951373 26.64539998129 27.1433968113529 26.7981702266415 22.2439447417814 16.802523442865 6.70323148119096 9.63271591536216 21.5586876330396 33.2063112793105 28.7028851361379 17.2305848128397 6.59017053876364 6.45139659774769 13.3562023837304
24.5674141291606 14.8562339880747 21.2471165254614 19.444659781699 24.6548126599505 33.6766639931492 35.3234531907583 34.2400760384666 28.5494513050218 20.638706099129 18.4246519408124 25.3741495504806 29.3410052188189 22.0756942619721 14.8200454868192 38.2869309970442 93.140888322182 17.3436468812542 32.6705113045523 28.9406791249737 21.514614447898 9.39072114392643 13.5866498087485 19.133590084248 48.7644440196904 37.5342380069015 23.7987119124719 46.4130129727692 8.08203661201315 8.43170167302669 7.82528122998487 19.0880180808497 36.0801488654182 31.1385911754984 20.7171851459317 16.3458505844522 18.0635538731368 15.5959482997003 17.1996717122615 26.0270614092774 36.8035550931856 30.2113271341443 18.4648774684268 10.6502721036041 8.34768096487211 10.9915421443291
15.9162755611872 25.1245534566199 16.2377254681283 9.74668947534294 18.4657473346682 28.4387912500005 35.3849604215627 44.3771704573081 37.9166543031841 31.5029909611925 28.9540182046464 33.9618382079219 36.2398402974465 30.2325719805168 25.5471042788887 21.1715121211977 18.2281602001898 41.0120926345917 56.0035567156085 49.3609773798459 24.1390059231687 14.0408255502428 29.1097901171777 36.2402201329738 64.4677437129047 75.4172058544321 17.1159255896172 35.1059756099794 19.4003023273182 21.8093223898233 20.9186305375875 28.7481962909919 35.045410910016 25.1139767742429 12.7191958803704 5.7252653198683 13.1852155715985 17.6204386407547 20.1189546090314 28.9021904654275 36.9894827758503 31.4272422005529 25.8081929923986 19.2027226645069 9.45819518912487 7.19376615546149
19.3271233308843 9.69451195829935 11.9988505307957 18.6020778224362 12.3548626997807 17.6330334000605 39.6855445080011 41.4013926861883 49.5425280369959 46.9501657322916 46.6616829428649 40.3594342361836 31.5075175421256 21.8812942471332 21.5806452568234 24.7786001147802 21.5038955955969 21.7460732145595 41.8046646058726 56.7444640476747 37.1823154624544 33.3795557438453 41.2307724006102 29.1232499333085 28.6810475810213 22.0698168533644 7.98068433949876 10.4950159314939 17.6559234968863 27.3008319122163 33.5984765037344 40.1389963144076 36.9191560623841 24.9916139502869 14.0330721779563 9.79017528513602 13.9181498021533 7.31433355701552 11.6665058484943 23.5632212396782 28.6166255504466 20.2746339884953 17.8104185577279 21.644497056794 15.720817518258 6.48757752816971
17.4573233282034 12.6160848211117 15.5899559261277 15.6525194123167 7.12191311214555 14.4118076932967 31.7853092474128 42.9321435480297 58.0523947281262 101.3812746105 166.352542922941 59.643873692337 28.0012264642486 12.4036005958448 8.88970319791432 18.8869420304605 29.5542462075187 33.1009668633037 37.6223339531726 46.6588596848081 40.5862861170436 37.9191493033335 39.5931084898399 39.3828725040599 30.4337188243569 21.408181136737 13.9924929414452 9.85718914776264 18.5779150350698 29.5100439126471 42.623914474012 45.3146747354421 34.6857202607955 21.7081556359307 9.9977278767311 7.95128931824248 16.5801091365354 10.5108283962989 13.8624940996498 24.0188809254564 21.0089311762896 11.2712365659347 6.99689709652024 16.2318834718142 12.538262138826 5.1400783796076
10.6815520813899 5.51081371507883 14.0629051567765 21.120835201238 17.5923750864394 21.3788963530671 31.2462771516682 43.1529124527102 51.5140621275505 87.0457119038451 269.678554180787 305.120861144098 109.681241960907 133.409680952369 25.0345159348767 20.3237813788402 31.919600895433 44.3657565428299 49.6621677622386 51.2063126422405 48.0799767814525 41.235465947797 36.5355957761738 36.667491656498 37.1337241907314 31.4839661963562 24.3918193945054 21.8020208255642 26.5452693597381 36.8303497471307 49.1458973746953 45.7062346212622 33.4081208515394 20.6212794518039 13.5507667975139 11.5079716501364 16.6163128787953 18.4048141001617 23.665015758806 27.3033521212427 16.0691072283429 6.26075240267502 9.21785130633917 18.4048598041048 18.4443177572592 14.1328888565517
10.8795949481451 12.2035172778854 19.3401080448007 27.0514505028904 25.12095646788 26.4524809810777 33.3530844858351 33.9103365158646 31.8498535421917 36.7782912490726 71.9260629493798 70.4458706872144 64.3064330941559 36.9366346461008 41.8175203002818 72.4010235071478 141.990030492371 55.4690117722764 47.8982203795368 40.832088098677 37.249789124963 30.3186100064851 24.0954021807851 23.2392855300968 29.6197301084218 35.9049616210847 35.8254687093222 35.3837351501992 38.5200527999244 47.6781897587585 55.8176969267841 45.5907980945266 31.1825563504887 18.4392239711497 11.1585151600805 11.3471343175854 7.05155107492966 12.2740080645155 25.618515625185 31.0812850559482 20.7992249794428 13.590071264387 17.2168362650702 26.3696545265081 28.1509685943268 25.5589754127842
5.77752294970033 10.5785723737979 22.1243606148916 20.6247320481248 13.0065200213146 16.0307210292617 25.7095628736133 22.3276015119893 18.5124620110313 23.4509548352094 35.5165803794755 47.3230016138616 46.362989937886 41.4887219477338 40.2175713409582 41.9324927996311 49.3613903546883 61.4099933605659 171.356461474829 82.1734213877556 37.4391918011027 21.9637034239461 11.5932448693993 13.5498189742752 21.4252434256805 23.9694728496502 30.5515635874525 37.0443538127476 44.9901236173308 55.264035784649 59.0459414166615 47.5607492657243 35.3410277825587 24.5903209234 20.5534557346719 19.3522474592319 11.5153177166681 15.4433241824703 27.1015101854005 37.5627639227914 31.628613052892 27.0249604738884 26.8272211091126 23.3812260329553 20.7566874978114 22.4463154134601
