IBR/IBR_outputs/all.combrep_1/EucDistWater_Total.Silt_Total/EucDistWater_Total.Silt_Total.asc
NCOLS 160 
NROWS 95 
XLLCORNER 210004.651214014 
YLLCORNER 7350008.22228844 
CELLSIZE 4999.99999999997 
NODATA_value -9999 
[rows 42 to 62 of 95, columns 46 to 91 of 160]
25.9848887541751 22.7026097096735 21.6024464535338 16.5310180293893 12.5067575264158 12.963578322929 9.15670728526106 9.1032790366995 12.9070130280323 17.9556146584786 12.7578623482284 15.8378729009998 9.33474402885411 4.16964729112851 6.59527494853945 20.0104825807036 43.8079593481973 34.4339852640758 30.9861874194047 31.1029552263061 26.0244389119566 14.38933307938 10.8866463983314 7.49859084581755 21.78871341204 43.1579619241763 67.8906230164592 20.1103796494269 16.2596457281646 15.6971159606942 6.45891148692314 14.0668300505343 11.1533687174005 5.65904500843332 19.8312424995906 13.4059690194898 8.50821412589196 3.99018162337079 5.79714298997742 7.66108613394764 5.74732807887949 14.9549128555107 22.1991489037105 13.7130990549323 7.3795044942814 4.16969470401419
31.0462642625115 28.2214929593422 19.5384118518698 10.9706150251673 15.4670432812068 11.3396431542881 14.1811767412927 17.883132426556 23.784284925952 29.0757814346746 40.1922369640265 69.6635975566815 165.570878451173 24.1620772693081 12.4748421947096 26.2495784264553 40.7812854086752 56.6952481798174 22.6130459804752 24.0941477780179 28.184497445761 25.8328809132865 18.5919268279855 13.5801565376389 21.9297508251979 37.1503838161489 68.8540415260882 47.5158858352994 10.9017328565341 7.99840535034985 7.68794792780196 8.79012882256169 4.70544817375538 5.5066375261735 11.863095244274 23.796572213419 18.4471512570902 5.22419648195025 7.61724820460582 3.59902550579309 12.5951424365141 17.7711133717281 20.2766711441311 17.0086705470691 7.64227489913841 4.95272971765794
6.30683626277899 7.74239474229865 7.64325973807803 7.75181518874988 15.2589684130377 21.0579109530976 23.3721436487079 26.7898580655647 52.2803719538311 76.1396004884507 43.5106233247656 28.5362360779694 44.4589041447226 112.246396636837 64.3169468470136 35.842193908289 21.5798022608227 27.3317255411987 40.3486832521871 48.5416792367146 131.833190935751 40.0245697142748 12.2462228180359 9.11095694456206 8.96655682114962 12.8229433969951 36.6000115912198 52.3859871872863 26.7000664385608 14.107295439813 7.33549919448852 7.95584131096383 6.60776122293574 70.7340099573331 14.2816330059572 23.0150525493036 14.5676469922595 12.5781726849589 7.47077425617401 5.92362293225409 16.533883630388 11.7145932072314 9.68525882598152 18.9528578461866 16.1679065731155 5.78409551991095
9.37807799692895 8.89065654150342 5.27701090462477 7.44083223034249 14.0856580467652 16.4889983768078 13.6380141471604 22.069802847904 70.4474165718718 23.9379739544554 9.62498026517169 12.6309058636195 26.0925478307076 41.3459622706436 73.0426561023079 73.5850217486666 19.1192844127982 25.2828727111714 80.8903596372481 440.057957979979 303.415171796265 166.012247003921 23.0043259332199 18.0280952748228 13.6057358196447 11.9477700363756 15.8903808376478 14.9293620472015 31.3114767480994 31.2479012520617 19.3663558882765 5.17936071021983 10.661851754744 34.5663772901968 26.4410812865494 8.29233471103111 12.5601134644086 20.9196104034547 10.9276026035603 19.8027740453143 13.0097994764136 8.11630231304769 11.098707162036 15.7077378660618 14.765482556009 4.89501647609159
21.1960304562666 19.0195889416387 11.4542047670857 5.91526029650851 4.75963132369972 4.28347159677864 5.05257762262851 9.68816590913118 15.7029030003828 16.296293742322 10.145591750457 12.9885518297021 24.0702163426813 33.0677142021279 27.540866568723 23.6549427973472 25.5680357858241 21.9854360989522 27.0155482676485 61.8684952214808 25.3743032236975 17.1944329634522 13.2000048247003 15.8319546746131 20.0590944934002 21.6643405998843 21.5630100888793 12.5725740087591 8.41079121663556 27.5576120978304 17.5188493982994 8.17081221652316 10.5248695040741 32.954330522009 24.688087664037 12.6733365616906 12.502680830374 23.8231937060329 23.3154534474714 18.8316756565446 6.65233070922826 7.44425260536448 13.9664984495255 6.34741842316659 5.66956528641743 5.0583423358155
18.4102340073499 12.3587051717718 11.6794797177419 15.5679804282679 13.4354016878522 7.48336833559287 8.60486147428141 12.9662051614362 7.09564007036772 9.92675533107138 15.4135914225476 13.7968712249192 20.4529630100742 23.3165227268343 16.5136898943809 18.809303472129 27.6710890214652 25.8889180102896 22.9170911951665 12.7773705305572 11.8832491447289 12.522006942418 9.16029574119757 7.48102591984076 9.97940623744922 12.7557100287895 18.535406771644 48.6022896352198 225.477795190579 88.7009447238329 17.7865488080454 15.7690521401386 17.9688068375462 16.2214049940845 27.8784013680582 42.3165675718596 27.888222518655 22.6270955185728 18.7645621763215 7.01937578967101 10.3679290012108 17.4982320570491 13.7336025975859 5.2072943549541 6.95141912043328 8.28524073503008
12.4396585212742 5.99581591855929 6.40315748444737 15.5786901555562 22.542877270544 15.5363129635266 5.83416257724494 10.2122153549611 8.58135624361354 5.02048165285849 9.89526097037464 6.29301156190637 15.6281765395871 16.4275826560877 7.77396857635326 10.0643917933683 23.8967763706668 36.2120596807873 29.9294872367369 23.9389885866252 25.0236221631884 23.6896084935673 16.2951414262338 11.9994282435883 9.64606695380131 14.0184892077354 120.672343930035 392.016253393776 372.393589223416 233.15846525667 302.904486383689 65.2065767242716 24.6172204208151 22.9200889715464 18.2418371061889 30.9466539560114 23.2186620252462 19.3824867919182 14.9120031812456 14.5194601253702 18.4808702810841 17.3783525804145 10.8883503676236 11.3734347330745 14.0623790711074 8.62801847071564
16.2683036453981 13.6451777670802 6.76810252164378 12.6484772875289 23.7183504002126 18.3027376733773 6.46999215353068 8.59615044971391 8.04874765957353 6.51387142702801 12.6389619760114 13.2986087951599 17.1830902520941 8.44783200617085 8.0503806902489 15.294742759883 25.8582008675299 37.9392648409465 38.4782783278473 33.5061425067967 33.7050158528712 34.4717775151246 27.2250066729958 24.1698263165216 17.5501426835479 18.5790536172434 32.1945925510441 26.8761521861935 25.1547670967872 42.5784714506171 125.073404331111 541.882184561684 124.801555845559 21.4966047188069 37.6358444268746 15.1564109145075 17.6548956210451 19.5901329195179 25.7318358280397 20.9086245747203 24.2443022274438 23.8524246458819 12.017501500827 12.2865536823813 9.77126156315483 6.53607693501171
23.4373943742433 19.6362946387477 12.0730251290339 13.5554708940836 21.3549579268262 18.030640317158 9.88561164260904 5.4557954559427 5.41930385236079 9.80276279514926 5.53246471939294 9.60263385113095 16.7984822674487 12.1420035979672 8.54793735527904 16.2830959453619 26.2249521110646 36.7824700835099 32.1235437715298 24.70982248012 24.2450516416162 29.5462510690279 36.4394485209369 35.0446093906118 29.298839996494 27.2259527025277 31.4980335307181 28.9254722575588 27.2449170034091 31.6070319053597 39.2121584490899 41.8663313924427 105.832041315776 23.6203770062707 15.9470779621272 21.9643442432716 26.0853192909879 27.4875915097048 27.6774269146586 13.8133833136371 25.298035054631 30.954619177576 37.4249579022183 18.801742585785 9.22420817826123 6.59132980777796
16.6326426763111 15.6757820613094 10.2815781993527 6.93104457251526 14.252590235697 9.39875300034961 6.94883251593685 8.29320659512218 5.53271460759984 6.71123360419056 5.84614137382084 9.73905390848125 11.9008825921128 7.88953548854638 10.9727649556882 10.6111901114745 22.2713322069732 32.0127227162304 24.2134086092722 13.8630006534239 11.8436275679789 20.9973171065756 32.8540954994187 32.9321709301579 23.8688662070932 21.1092954825006 23.4645746266963 19.7644944107574 19.0133011357362 26.1458442541578 35.4327306955759 28.1392273955111 15.7223627329871 31.63064730503 22.676766332339 28.468500048236 34.3473952672872 35.1370326063317 27.1799008844618 21.1899876952584 26.5710032459771 31.3523211710107 22.0699161112057 27.4277692913802 30.2552371097869 9.04225473709844
9.08445730408698 7.74227996176624 9.7090559535822 8.1089665557678 8.74049668303712 7.03212861767808 9.93347431329908 12.695895213703 6.65598028497533 6.87708158499775 6.83883591970885 5.78672983583171 8.22277756215764 8.30432705065433 10.3927494356275 13.0299069881492 19.0190465997022 21.9432389891086 22.5000214287831 11.4342540516504 9.29288723317576 19.6925216928482 32.0631196167945 27.502309186559 15.6405684158828 8.6989640211155 15.9167097282527 10.8100668313962 9.45749213807961 20.034086647399 32.703880592464 30.0811225741613 18.9099493471227 64.394872611132 24.5062799568365 32.9735504945454 27.5888170671856 25.3344220361227 32.3951239611483 36.3881844925228 34.947730040415 22.5680767903985 11.1703093815268 12.8861123192183 13.357214543754 17.3163750501216
9.44572360835929 8.91781194128388 15.7747291318879 10.7816326693263 5.85413626877672 6.60422894482999 6.9599739846878 7.40383630493003 5.54143705041341 7.92449901798654 4.9092819738939 9.64184952919046 14.7454565452605 15.449503151117 20.7472043472178 15.7542549748581 8.42251181295662 15.2069231603355 25.1886708701203 20.8484620577514 19.9856915980327 26.7345218309245 36.2788201434658 28.7253964821084 17.3314247415996 11.02453147278 8.30970548423257 11.5551024792481 12.9186453856485 21.9317991977142 34.2598069169656 38.7618154553991 31.6398393603667 48.4948972703448 155.729452609652 76.3686902491196 46.7246946366857 20.9761088096915 38.4850376872055 43.8293163533366 44.3241963488236 23.7505605903095 17.5100696141774 17.9454411550497 21.6514235923916 16.0372823787272
9.98548548685058 6.42109578158704 13.1942362784177 19.435069075231 13.2935410591253 8.90560580980418 10.3920195432961 4.78696478992833 7.59847431326773 9.43180313025043 9.40179322308442 7.67177296263994 18.6324930182855 27.4249549853209 28.5097144814928 18.4828663424925 14.7284454544873 18.9091166694745 29.5143481833362 33.526341725003 32.7392412531611 37.4839351476722 44.379914612167 35.1031145253215 26.0640393689674 17.0816124678671 10.2837830293625 12.7715370608872 13.429059578309 21.1501929632976 33.0037049745013 44.9145836440232 43.724737880417 40.7637977060794 38.944226459635 54.5741590286853 29.060577269366 53.4150533402097 281.20659629969 477.246458397476 481.091857856949 208.285446486816 140.657989152987 17.0218106710924 25.1153234928501 26.6950622210449
13.8859170363467 19.6664933650403 19.3449747257774 24.9693101059828 13.9798215292056 7.20800099805817 11.8420461989004 4.54302796755372 8.18590989023792 15.672887475499 9.13995278328321 11.7672860259494 22.0381506877152 24.5737491924038 19.8527687398439 18.8290430244608 22.6429418519618 28.8858531810007 37.2154871570356 40.0251003194961 38.7889738396633 40.0683171812151 40.2282343651119 40.4115279362593 34.8565229657727 26.2036660005511 20.895665166858 11.4486400216308 8.1596939375248 18.4271377740931 31.4212987444929 45.3744167473954 58.1593696004523 55.3524586988456 46.3886238722268 34.5069133270032 23.7105705145141 23.9841654177744 27.2692804684464 27.0668451077065 35.3832728920623 88.0141176019638 59.4963429468151 57.3230853293295 101.558968757482 25.4157256204209
22.6253764380045 25.7930391588812 28.6851060454098 29.5224610298013 20.3178306077253 17.181919390401 17.6465888837935 8.76822542636189 7.04403405552211 13.9291597633145 11.8329734195151 13.5595976266215 17.7779277720809 17.3714888008091 8.21377795951427 7.71029283104539 14.2240783428866 27.1125805331571 35.820082736107 29.7132962235457 26.2381908262444 26.2474421738954 26.8972212843977 27.6494601401737 31.3891425183041 35.6743057968677 28.8725531036683 19.6228041433046 17.759452886521 24.468372005663 35.6564125644879 48.474666710613 61.0293311519778 54.2978902671301 41.7319429913543 31.7932072259073 26.1268728432417 25.30027990766 19.6050267076872 14.6484876088663 22.4812118937024 51.2499326402418 76.945126946668 33.9686879022837 112.859543373734 182.017098869406
23.2412984175048 18.3347654784045 21.9883410934899 30.2532955982317 27.8238340501255 24.5475399448385 22.9751853392897 17.8056248823105 11.6527015329073 17.279513065668 22.3382866844492 15.4183285467835 7.22370142246359 13.0511838847505 12.371156208654 9.93612563940621 15.8935678243575 27.0046860854063 27.8295831221557 18.9324406591301 13.1175062816833 13.2656570752081 13.2511890065249 14.9868919973279 22.131912061022 29.268883164281 37.7164292555809 38.4282937244464 55.5773305428634 49.9289774144434 100.699135569536 68.1058341702523 61.6958667796204 47.8616930269812 34.275570457903 22.1655097867432 13.8810178296546 15.1074196875236 10.8224507180422 6.44143748539014 20.9908963670941 30.7452918451072 33.4150876881858 50.1685620816696 36.0162648245606 17.2617372595195
16.3247467329995 7.41662836228167 13.6312876773467 25.6712712789855 20.1806637985271 12.9073440813784 13.7546546192933 15.8450644258861 18.1134996467504 20.0690065253812 20.1613753368501 12.5938947195306 4.86364752608165 14.4905790191726 20.3869690757022 21.4423321530001 24.3355344419496 33.1789333375243 15.5004969555003 15.11044217852 7.64793886755581 8.68227573765852 24.4297896015817 10.7845750122699 17.0687251531817 53.5601359201047 45.4681093714795 34.3512300739328 227.030327000642 48.9109518887593 48.2339578235268 73.6861938581119 64.2734928924689 46.2225920620329 31.9906530491977 18.9276622925656 7.83708288937664 10.2556178011766 10.5387186739136 4.43263395417892 14.1695979218142 22.1006648062902 26.1317569290984 28.0420278828943 22.2176197132806 22.2946303364412
18.2880364217524 11.1261357644774 15.9035485657285 19.3937658775632 12.8624707487083 4.81297130992405 4.29593133784309 5.77253005951323 7.92564372068235 9.87923889640597 8.57052473944012 7.67321795894952 10.5839167052546 14.1481113427669 11.459638777368 19.4075539759923 24.3976569256666 12.7456235764257 6.82884725535117 15.6497037669242 16.8660318726824 16.9431080465097 17.1318505441667 14.6713836641782 9.99824588666314 19.5490137945639 102.746802134086 65.20351434985 165.877548066101 65.1019215644362 42.9622015041408 100.123008696457 62.5162511271794 48.7585440672821 35.8147035296031 23.118606401013 12.744320594628 10.7939434300966 6.50159083365855 6.53630051849673 11.507313936077 9.89515410869283 12.7890975096361 15.6938779024704 11.5056899469349 15.2503994802927
21.3608195338719 20.2845530446084 20.9649534571329 11.4408267623921 5.47723571912556 5.32878557155348 8.75248058723368 9.05641327868258 4.92229095205393 4.88100973987314 6.26415912444255 9.18684739643825 16.2473242297713 13.1150184734247 8.76368446805596 18.4656324547076 26.1055522825608 18.4126361290731 14.8928756816539 22.0291563037725 29.9917924498084 29.4507008144742 24.9336318681241 17.6414724790315 12.5882516032757 32.8846811039101 19.5806338510893 10.994148546015 17.8659626782041 30.4060213498788 43.1284857096318 133.409233385139 52.9289282010789 49.1214097887061 36.8598582783174 24.3989309558146 12.6276722417163 6.11769073669435 6.54885666480233 6.54810147509926 7.52679076585081 5.71093081226836 8.07362790670818 13.995847837917 7.59747230080659 7.19089511790809
10.6055644443464 12.3826432229831 14.5205720334238 9.94502845180466 5.03238870750995 12.0689106191531 17.0597094699093 18.9388555401612 11.1024545571473 11.4853394480503 17.2373731823394 21.6453987534528 26.0341195812752 22.0026444099788 19.4740232556932 25.8139696644757 33.6984354011172 31.289088568036 28.0468818152964 32.1211717458019 38.0223727924155 30.3693876712611 19.1083146739739 12.9561212953855 15.444638954028 19.9953485955602 22.4747709094717 21.3168775667947 27.1976344370032 33.9564090653658 43.0083408981474 56.6524305898874 41.353543295103 40.6004982749194 39.6148749316478 29.6373282798637 20.2509740523576 18.2603982131019 17.7845704272971 17.0287600800342 9.96919444855169 10.9517565495485 16.13968848524 13.7401715753843 11.8115234964211 4.85689692419281
6.15395832184375 5.36221154342127 5.55533282351757 7.73133643946184 4.29465948582857 10.8571607802919 22.6580276650664 20.3568574395641 9.24379753918073 9.23043663132043 20.709222343288 32.0180335163492 37.8560302360041 34.697759567089 32.5812199686389 36.5712088844193 44.1528841470462 43.8146706526872 42.6049429533091 45.8056906737231 40.1504366873059 26.9735210356497 15.7749085419843 8.67364365117047 18.1298091327379 24.9227485312282 29.5844412517242 30.7201303699968 34.7515667714665 35.6126061162269 31.3151829276933 28.9423007003726 28.0652462395586 28.9205113766751 38.179652800163 38.8136388749166 31.7429202252767 29.2084883307388 31.1510667597037 28.480116194906 21.7439548582219 22.604709778864 18.3851876126294 6.82331133648435 4.69219168912679 4.19580541925911
