IBR/IBR_outputs/all.combrep_1/EucDistWater_Total.Silt_Total/EucDistWater_Total.Silt_Total.asc
NCOLS 160 
NROWS 95 
XLLCORNER 210004.651214014 
YLLCORNER 7350008.22228844 
CELLSIZE 4999.99999999997 
NODATA_value -9999 
[rows 42 to 62 of 95, columns 0 to 45 of 160]
-9999 -9999 -9999 -9999 -9999 -9999 -9999 -9999 -9999 -9999 -9999 -9999 -9999 -9999 -9999 -9999 -9999 -9999 -9999 -9999 -9999 2.34656667624853 7.48471408411225 13.7668660212457 5.42627286554829 6.37084488414818 13.3649567133451 9.10662590789581 13.0070006926814 24.3386838760323 37.4978462897521 43.7814638754497 40.6144522530748 41.3662636143387 16.4631223960126 10.7738950095854 18.7899353606371 21.1420454811973 17.2598405926767 22.5377431860696 24.9901338176885 25.3675589316017 17.3336548251068 15.2514316268325 15.9620428467706 11.3942605604512
-9999 -9999 -9999 -9999 -9999 -9999 -9999 -9999 -9999 -9999 -9999 -9999 -9999 -9999 -9999 -9999 -9999 -9999 4.37371896177592 4.89704801760665 11.8937128531532 7.0064159646786 11.1689046178207 18.5211343853057 11.2513602466334 9.27163609440795 19.0016642513881 21.0342205735642 23.2336294344279 31.6500374413761 40.1722814140747 42.0588130497273 39.9839129748352 24.9559217196217 12.2939778648573 8.27882040228555 9.46972898372419 14.398962106587 8.41393860327037 14.732388442396 25.1910467014068 26.4404091667335 22.3391165101559 17.5671739343667 15.8638218155831 16.4746071223077
-9999 -9999 -9999 -9999 -9999 -9999 -9999 -9999 -9999 -9999 -9999 -9999 -9999 -9999 -9999 1.31134255056044 2.63137762921126 3.53313436417301 8.19420862179872 4.01574868513751 11.5544570628786 17.9631792602707 21.2489464800765 28.1727085654891 22.989720012127 21.0558958430164 26.9441893973469 31.2187591022928 31.9723940921649 37.5997045859065 31.2553343134233 28.5146170943169 43.0191464855059 29.2245857810414 21.0437747341302 14.3572996101024 5.41304931081854 18.0694932789594 10.872592956097 16.22528322259 16.9973823152968 14.9223782750133 12.7937620169997 6.59509573316243 6.14811497847831 4.56615086938513
-9999 -9999 -9999 -9999 -9999 -9999 -9999 -9999 -9999 -9999 -9999 -9999 -9999 14.2682636670921 5.81149929015262 3.55465750640565 7.23196777951272 6.91829294673616 13.6549508720395 13.9148390314904 18.7047349043144 27.7091999089142 33.5729979749779 38.319729290533 50.1684379766361 42.6422439613936 28.9377534173824 22.4454029594973 21.4896364538833 25.0598038764507 21.0884631979398 14.9201497631787 19.7361610500958 29.35721048574 30.6637896564888 19.5387996757708 11.3534214385982 9.78454581946498 10.1391477265094 10.5413426006626 6.67533552577646 4.88381910544388 4.52601060800484 7.26930852331305 12.4086916538761 12.1268066259058
-9999 -9999 -9999 -9999 -9999 -9999 -9999 -9999 -9999 -9999 -9999 -9999 31.4036510134962 22.1356429576272 11.9084868871635 4.10559105086918 8.49053408344052 15.596677010624 16.7190033821069 10.2904526656319 15.032154543711 26.231159721621 38.6945908346245 35.9468444816174 35.9519293753185 30.0931847355339 19.7585448604306 11.8968725486267 10.5286597426905 17.5024124569548 11.5680722505471 8.03572869816643 13.3483185743973 25.2006300829 31.888669397379 25.2325853691217 19.2352608982102 13.7578027475061 5.11023997013368 4.02275452988709 7.7844577228182 8.7389227713609 11.9977042825018 15.4231167126496 23.4218029168073 23.4507949657864
-9999 -9999 -9999 -9999 -9999 -9999 -9999 -9999 -9999 -9999 6.3824921790646 14.8315831835499 25.256473321246 23.9483105209841 18.0004423401416 7.49294659097101 6.39932036045179 15.6318795581508 15.1274641923297 6.43900462519424 12.5387315494596 24.7687631991399 37.0077699199956 30.2301583859241 18.3410238269518 14.2536266491975 10.8813071149319 11.1827320837521 8.9635906636121 14.7034857491118 6.45401820489084 9.19942686459901 12.076906933221 23.156409585254 21.0664740367131 17.6464427660977 19.8900080944773 14.5499622491845 7.18552997613191 5.2946083010036 13.5380243287504 8.09740798163149 15.3100829094865 25.4727928522928 23.1577851474278 19.6758619802044
-9999 -9999 -9999 -9999 -9999 -9999 -9999 -9999 -9999 6.21204062658106 3.9438909793288 14.113678999777 16.0561377180106 12.0720683090353 15.1410394873423 12.5994083483689 22.5467728253094 23.3053472777254 10.6248699812816 13.1815518407076 20.2039440840763 29.9479323263583 39.6369130159462 30.8716452012639 18.7341258405558 9.34242644482153 6.21119768427755 14.544931697593 19.3559526801709 16.3055730337685 9.17101252105553 14.0695339969009 20.0615573145332 23.9496025848722 13.2520880228174 6.64375730066077 13.4558814318354 7.18458946877185 8.56527455328838 9.88935090359702 19.1613654780288 19.2982435042006 20.64465110749 19.5422031409406 14.942912731432 7.94200073262357
-9999 -9999 -9999 -9999 -9999 -9999 -9999 -9999 -9999 4.38116862309827 7.39719377202083 17.1693551554971 10.9254052450652 4.31795101177852 11.3693082584446 16.7289476026785 65.305931024673 40.6615610285327 7.90488178770896 11.4104845010226 23.8428906317339 36.7722230021978 39.41927401535 27.6777916490185 18.1429530054529 13.1299729049711 12.4953248245524 9.83745321425395 17.3789680399034 19.7941559598168 14.1185898463477 17.7691599465465 27.2058077560339 25.8645908522041 13.2655945373171 5.68303932975886 13.3339725250404 8.09776631047445 8.54027468213721 19.0570445642846 25.6602679720736 19.988633295155 12.4430688155581 10.5519290430095 7.31284516003808 10.4826845846228
-9999 -9999 -9999 -9999 -9999 -9999 -9999 -9999 8.57587868788131 5.18515716643044 11.6639911729458 21.3721622137525 16.8307691428969 13.0147788647533 18.3166414705108 176.101780078691 323.656638188591 56.9764918009043 26.0253657781559 18.228129658231 27.9150003832578 40.0556900257778 36.578633191332 23.0954949760289 10.9010601661807 5.85629206281729 9.38722016267087 8.1649023088544 8.71885301337929 14.0957598175238 6.32333341678611 12.3880794369508 23.2494078888743 25.9710413057454 17.5117443506023 12.2470566388859 15.965533566764 8.25870007587633 6.49214486763596 13.6832598350935 19.9276728762294 13.7065302695735 6.7398547779092 9.58878242844244 6.56095389650835 14.7343189502434
-9999 -9999 -9999 -9999 -9999 -9999 -9999 -9999 20.8783338167838 15.7295646119852 20.1734620679019 24.0647117702027 13.9987523976661 8.69446830682637 23.6335112519456 336.44408816633 313.644950161359 27.1995807903821 36.5611318560172 27.8223175641654 36.5840060898719 46.1457784497406 38.3408459170121 25.5782147262025 14.6138429224813 7.35065932288484 12.9876381076085 9.33125450966382 5.35729997363546 13.3544403642799 13.3699496943158 13.6123691433843 13.2326056184404 19.0593584910637 25.9775884431066 24.7644632758655 19.702851685619 8.51197529856629 6.08165691887941 6.34361045757907 13.8128176584022 6.70602227860437 10.4921646461868 9.82640345242067 5.38872500509646 13.3422463179072
-9999 -9999 -9999 -9999 -9999 -9999 -9999 38.9692713571151 31.8288106342562 28.8298438634797 31.1983442610857 25.2386652784268 13.5000986218429 11.4509213594197 14.3929391742087 32.7660735079725 246.440830969642 50.9938457701115 25.4026996789573 29.4784295607544 35.1130834772546 45.7872296907017 44.5204201532097 33.1426228580189 23.4900922693869 18.8908273976862 21.4574497693216 17.8508660433805 14.2591813084116 19.5368305944917 21.945857575965 10.9543106934283 5.25230901860633 15.0300144298364 28.4104344575004 36.0482474824251 24.742799552607 18.4215505036622 15.8322745559931 12.2057558199903 16.6736204352396 13.1799178932064 10.3264372967932 6.49397760150946 5.77509985167365 7.98704243330584
-9999 -9999 -9999 -9999 -9999 -9999 57.4774873838905 51.7786162307754 45.2927828266344 43.0287717747815 41.7154493711611 31.5270333866789 23.925495416697 24.8216024412372 21.8629220485362 18.7319163227404 101.453082999556 115.464173525031 24.1440944310898 25.2546877322783 26.3592023968755 37.7085765082312 47.665707148745 41.1516094711282 33.5866645068604 30.5740282845303 32.5149224337344 29.5781049020552 27.113743932357 27.0601958490593 22.8072573418044 15.8675618153755 12.9074301933532 17.5246579729815 26.8506985045979 29.7156538209731 29.1959322308083 28.6687173741054 27.4823929144369 24.8317441271654 23.0183670711647 12.3489200936918 6.41715650491338 8.25130775008136 5.92421975372236 7.58468601174536
-9999 -9999 -9999 -9999 -9999 -9999 72.2007128402851 65.4290373400668 60.1450888716212 58.0988264321279 51.6208853557042 43.8397525107054 32.4936164659804 25.0596815052737 14.3041307996674 11.5207378542999 27.7007959299755 77.8018685143845 21.1405545458723 72.5540505845322 21.1069091756382 30.9522714059827 41.6568422668681 34.623306261791 26.5251078968462 23.7669330366043 27.8007651671977 35.6621237123481 33.8381623990513 21.9438324597718 12.8495763797432 12.9762250357922 9.98075533647294 10.3558953781061 18.9280424839196 16.5928475151258 18.0925574090818 24.2057770073676 33.0033054969624 36.5267986202518 26.1666847713739 14.4324913024881 5.83116962083282 4.71346619611048 5.96930870956087 4.02836749031026
-9999 -9999 -9999 -9999 -9999 97.1352242926031 89.1640176975158 80.9120518759634 76.2560452072437 71.8110491458987 58.8501164406257 48.0636419470896 42.5369564566796 43.7106624155156 17.0216332612453 8.40516827356285 41.9144272496855 52.7790140759122 47.6475279104718 58.761592273688 15.6024384588586 27.0131947948022 36.2577075167488 27.0064160643673 15.9176402452714 11.1873743287728 17.8889003166864 29.4678867691037 32.0550355724167 19.3523035031911 8.18732248028821 8.78547959459118 9.32878187572779 9.0090696440813 12.0941755706536 5.61611972238005 7.36432393259101 15.9944150393049 28.2772842250804 39.3033522480753 29.2533341394409 17.8523715208046 9.66102989561455 4.94746050668602 5.42803539716427 6.72863830447425
-9999 -9999 -9999 -9999 -9999 87.0158380353933 97.0589903226855 97.229205652565 90.9675188770019 77.0639387584653 61.4894252508561 47.7385849709 44.6164599808795 46.6947894947605 33.5056873847387 34.4491448402734 49.883299103504 299.715226098288 137.023499503678 67.0963592509857 11.9107538394721 20.6436702023793 31.5604763533671 24.9206131442105 12.5463889529729 6.05242176884588 14.9299975634835 27.6336471909094 34.4822193331111 24.7773562296885 17.2220620735054 16.6331027134215 10.2785528821931 11.3523079961288 13.1788908072086 8.95036012922857 8.64944686832707 16.3064419795118 29.0594604062257 32.6938796668667 24.4502515729485 20.3255113738324 17.2176478339966 10.1063431953711 8.10160317364283 15.8319590450356
-9999 -9999 -9999 -9999 -9999 76.310442540324 84.7765128542657 96.3714469080748 90.6687738814202 73.984089393181 58.5805819234708 46.3843240956981 41.1616827278868 51.949823103828 45.7472110700109 90.4693235402854 197.300614232666 307.477676838956 197.290975004507 104.170165201457 6.3148822482491 16.0166247858465 25.8010093329094 28.5854656740183 19.9495967329576 16.3435371642548 21.5525628272264 27.7601541782745 28.2719516959482 30.0066813159173 27.3055839685199 21.0331502054708 14.4570964399896 9.14806684017516 15.6950164161931 20.9418015701718 21.558482024323 24.9709935642818 31.0755691351689 22.9100753381207 13.851893461506 8.88102088692055 16.5364236095726 21.3545050013895 20.0698545319841 24.5818753560164
-9999 -9999 -9999 -9999 51.8115491725028 62.0149425132296 72.2236478939052 85.2311724091528 87.195817831851 72.7681672997296 56.5328930542847 50.081653512044 36.6802344392319 60.0003781825822 77.2226241791763 87.6654571875016 145.721709545877 380.008324497093 413.332769212094 558.79428499548 33.1677475465436 8.94101593638318 17.4434224967716 29.1127494373426 31.6874577182299 29.3304112925393 26.4453569475694 18.0616703906158 15.3050698401923 19.8335130457066 21.4054250922014 12.220511074265 7.77929668827576 5.70479008199532 14.305866324599 26.618989125738 33.8380615699595 37.0475970549562 32.3065263602679 18.0898129078957 7.03637018922563 7.11441011524021 16.9881408524602 29.6429071093951 33.8367175088233 28.5843209855427
-9999 -9999 -9999 -9999 43.336269126317 50.5163316270521 62.0090046642363 75.9625061188066 81.7495484236692 76.076806438603 59.2331508739223 48.0348587934395 39.3913884828153 30.3155201630512 33.942465800512 60.8237448244412 101.025339626128 304.742671385598 462.32247277353 1104.1519112699 1122.64360753581 4.66924125037837 14.6862719575303 27.768271342849 40.2039171558884 36.4616930665167 23.3371240396867 11.093522132782 6.46686361739663 9.13691782421077 13.831497107903 12.5673880522812 6.81039222724304 9.24365990790071 18.6126125173254 28.7266472554539 32.4511264722106 32.6439022678951 28.9912268985255 21.7933629992003 14.6521156960196 16.2996495878489 25.1405460689788 33.9434173928533 36.2858179526672 30.3769503566051
-9999 -9999 -9999 -9999 32.1692715231315 41.2118173205075 54.6820721599673 69.3217028132349 70.2542152155218 69.5396803704561 56.5906374833027 55.9971721019727 47.4391224221061 37.4110551823044 85.9049877274019 89.9838390619699 137.299769554196 219.430611143761 267.223459380762 321.234174684043 678.229652002539 11.8590364001092 18.1914623698878 29.8452846537191 42.277180615916 38.8375868640511 26.1773977640399 16.1538731253086 12.6617785398026 7.82786262987528 13.2743817982433 19.4631251607264 10.4837523036082 6.38446370966689 14.2441071963392 19.0568775729084 19.2657886904046 20.463584387397 17.8607374540729 21.3794353496795 22.6025928265183 25.2788568757107 28.5283707731366 25.1919005601374 23.1069921029678 22.2060144017875
-9999 8.00064100243948 5.84670658206802 -9999 24.2767289690745 36.5414649307359 50.9119874313284 65.4622347770989 62.669823463486 62.5682720698488 253.306406270669 146.288467855981 60.5768601647122 219.10494282861 63.4899248614609 45.6965408551036 126.504005168048 81.9406365290637 194.886673951771 207.115997704715 218.266213362102 21.0805705529398 20.771832444914 26.6007221961229 36.2891891289882 39.647120464451 28.3187634984839 18.3875925923817 14.8376486610335 16.9387705104742 17.6778079152109 20.4110169837382 14.6309764590375 5.0372749013228 7.59771581781624 7.62883701323475 8.08144889159099 11.8015953421945 6.61892582896216 10.1079520942458 9.86331012055393 13.5431574558967 17.4616978606417 13.8042940319689 10.2938234439398 9.92258711999018
-9999 6.2973722155819 9.45503390679986 16.6566637380319 24.6331523445059 36.1199560743117 47.2676800261355 60.8341896205974 60.328376765432 43.5943464731226 37.4351832089729 44.0427406729019 74.4606738558372 73.7379484774129 220.184204059626 54.6939861229645 158.802059344449 586.715833774198 852.039217869226 476.685692832045 231.252883697522 14.0742387416073 9.47636386629535 17.5287254339663 27.2860952200276 30.4491398448478 24.2534041275646 11.9079178859882 5.81317103674317 13.435753613708 8.36970816193241 11.9002092253692 18.2120164537326 10.7507736392422 8.48813843620447 4.7829707633722 4.92601544376764 5.28573471491296 5.61689304397858 4.91653410629229 4.83284314283441 4.1208422131607 6.23066476332043 4.34303182161872 5.44971052598607 7.77422745014829
