IBR/IBR_outputs/all.combrep_1/FireFreq_2000_2008_Total.VRM_Total.WeatheringIndex_Total/FireFreq_2000_2008_Total.VRM_Total.WeatheringIndex_Total.asc
NCOLS 160 
NROWS 95 
XLLCORNER 210004.651214014 
YLLCORNER 7350008.22228844 
CELLSIZE 4999.99999999997 
NODATA_value -9999 
[rows 63 to 83 of 95, columns 46 to 91 of 160]
118.502670180118 108.114595812102 100.710427307383 97.6431030571558 92.4154236217698 86.4092127597525 137.012449161617 83.652308301141 62.538222302872 60.2358717848526 68.1778843515409 71.5245673315362 101.088478364804 113.239365653116 68.06356266446 62.8994971437877 51.2808591807821 45.9772894418317 36.9991773255358 52.0529977437405 83.4353428846121 61.0604697747149 66.868134192701 71.8576351400622 63.0738199845107 42.9626803518623 34.8695840183045 46.7058981126655 69.8697070760148 56.6971753530015 48.2983128948529 49.8048555133873 39.5938629402061 89.5799790175714 104.992706501199 117.206234580503 121.500224835834 129.749821035091 91.3018126918682 64.981034933732 83.1392897003049 68.9263540466146 66.2191368582937 75.9572607392364 82.93607075684 63.5286572114053
83.9682702047784 77.8680895656438 59.6520599715499 84.6033024793079 107.653542233272 108.681379491859 125.60327065501 101.741203856637 69.8835862931869 62.3038251903299 72.6596406044321 55.2267729512121 51.9978321299691 61.5406847817782 48.9580265112411 55.5604407798167 62.7370154754488 54.1880736896479 87.4546180777039 92.076974713057 51.6489126746336 60.5555074175178 66.8000373381488 78.7157502532714 52.9832731990977 42.2389035009082 32.2105740348293 40.4162148465059 67.2348544594795 69.9531699642689 56.2438903526224 48.3928001983332 47.6545836883628 41.58836031142 44.4992649717694 65.0878234788253 40.0999373151559 64.561565788818 62.5497258067367 72.8009883350997 51.3600966353401 64.0089265275014 64.0378042166788 68.3747468338823 63.6588681951242 77.9448677008056
63.3364686148797 77.138099453969 79.2957911642538 80.4697297555376 103.497457653011 95.1919274523027 103.36746707587 78.5165518625954 77.1205690899474 88.773556900161 99.9879643459248 72.0217564991891 61.6481118956334 97.3130062810323 92.1686603204482 64.329145487855 47.9686371320465 47.2058234705875 42.303895022253 50.0514834189953 51.1884913949731 56.8781796340463 59.5344500322131 69.9174248188051 58.3334534910157 70.7454062556234 87.3789430184174 63.5756075195185 56.6562299996401 44.1141535730095 46.7637805569392 58.5331444565203 26.6389220854998 50.5207068486469 58.8276344235853 74.5988135080409 44.9465095063262 53.2941437829768 53.7417137938779 39.5705660753605 33.2398674069478 34.9948279190977 65.6615038964896 56.2966071642762 33.5108007307523 115.602189808265
59.1226955722058 59.8098565690281 73.0844638426893 82.6179078228365 71.7487880669243 86.7962909451904 111.210947391708 105.383616654274 85.1732686670813 99.8412051241649 67.4739623499379 62.0313216129307 98.7003503836254 100.235487424062 75.3579504415407 52.0993511424711 54.4485923082019 69.3674422144664 48.9313118684575 63.1976278614507 102.890633380827 77.2167278420356 77.1110289241843 70.280906751418 84.7449960760551 104.26035278201 107.705379524151 80.266275421767 95.5377315254802 86.7650973926809 70.8133496698991 106.571013656605 66.1956244244197 46.1806683395162 27.8439122769332 49.7449652996617 38.0746970686704 66.0953150083462 46.2177996740595 40.0967433747477 33.5704604165729 27.5835920622673 41.7993646517318 92.4976915313521 60.18797996376 83.3618516161951
60.8464264230406 59.6489246092725 74.7102396782375 81.8444698407096 87.4745310801488 76.3368689122681 109.480134605087 115.296531671396 96.9362185136506 98.9641423516337 89.2251474719363 97.6281435889298 107.146897633308 77.6080081804115 74.6972535038624 94.3143861225092 81.4941660373941 79.0170558967687 64.3615720992247 63.5036260507463 95.155281808574 67.6077678742594 59.6349911477174 46.4043106964283 45.8329129497933 48.8885501773393 56.3862348049447 129.853904254052 74.2418146447356 74.814293428239 67.2656163939248 79.4896900556759 97.9270434852544 63.3868408314093 58.2300097339957 50.6117026336531 30.2319596971571 36.1217611559954 41.5850412879188 42.1899802560052 36.9004704347749 33.9229149893042 86.7563815000066 112.177681620869 75.5845180294406 85.4247965745003
87.0738433838865 71.4361557691579 62.8667848485045 92.1608148679186 118.895203476168 122.535989104961 104.6666264909 135.931395857521 136.387549745194 129.500562096379 150.29967598483 103.020578248898 84.5388021533058 55.9625538347506 69.4073168446802 90.971583587714 61.5169228632935 60.8129211763154 47.2834894700109 54.7687758299686 61.1214040660533 59.821480439316 55.9690918453911 93.2703779193532 102.086026359405 116.856715371037 86.3032134601492 144.957078847635 83.9573809491796 62.9816051124887 37.2128294141235 30.1011218508239 30.0013817875975 42.6290840292897 30.7423908775247 41.0737694848571 32.6728990489108 32.5202855261761 63.8645432432287 56.2739983642251 49.5129096989757 55.613904229747 83.5719812269183 95.918996327903 90.4630208298317 58.2611556965854
95.2358819295246 78.6702859164741 65.136023578856 97.1992939978622 84.8305135162325 78.3887303965455 82.1571792136697 113.882895608806 122.687414873858 115.077052494688 133.392176171191 144.047298460856 115.036123983047 70.8766409025012 63.1291826809205 67.2203248258005 64.442051097408 47.6800303367895 61.0375994339876 62.994258991962 70.5394280404672 64.3019992627476 55.8472967082029 60.5088459495664 160.614475878461 111.362062486675 55.3492330452163 36.4899362002073 32.2944215412628 50.8149578855684 51.5078181492305 53.2837559079313 41.8088932512732 46.2513605463623 80.0530652348579 66.4968051075677 55.7649669178152 46.1151166983737 48.4148124856719 39.2084428284411 63.2903590200577 98.7417726907132 129.931387129875 91.0638366931496 129.07531298 31.0853249220543
87.0893750368603 73.7835986685828 73.7389192220412 75.3301779915127 68.6555048312503 67.6998224419846 65.1046937525835 66.7603841688261 95.0723789149338 121.179122265827 107.331144028595 89.7983169275384 106.695808594832 135.134510639944 102.655965092419 89.2766504184685 67.9539838937351 69.0126186065002 64.6853962302216 63.1706705451036 65.9227341371676 67.0462282828324 57.0191350985789 46.4283381898888 94.3083466363836 157.551741392454 76.5135404968931 43.9280364374254 27.9434948488316 46.853176904137 62.2908725312703 60.8758036177146 44.0280635922999 29.3563723126898 36.9970222501262 43.9519371026428 53.9526162441685 72.7903655500998 51.7049007812343 39.01063671441 34.0432268342985 35.6487969507942 51.2212780081549 107.308552800277 79.3029900403202 85.916110911557
69.3717615629585 72.8920650355326 72.6774064661693 68.8972640392593 68.3917170042241 69.7786170595705 71.7697203953383 68.5386800032432 69.4693726394417 96.2274926702757 130.541103149436 128.12346994458 116.094406301286 94.1792813787943 103.284128512279 120.77234749839 99.9575580910902 83.4865069306186 69.8716877368892 69.872171527971 71.1995134701996 76.1950851240375 72.77025304821 64.3415503529961 67.073965128134 133.935205300435 64.4075859243244 58.5873772082468 67.5226749343667 75.7718204074374 67.6189280884474 64.4012920557309 56.8570699896632 52.2604107728705 46.6137247362246 36.0344990888845 27.0778455438791 28.8005435859475 41.0396494471881 66.3859830109052 52.5474861424836 52.4099996027939 52.8898875684595 46.047845150999 37.4733902406634 44.6935158673314
67.8202791753794 70.6381097456411 72.1922503737426 73.588662933221 74.2118769067136 78.9324816234013 75.9217334181495 71.9608701616661 70.0431358993653 59.8444391678274 70.9389026993914 85.0221627364056 72.2309459579595 96.8639076967218 92.4847387409855 107.57486436347 117.461803944361 98.1517821374178 79.0053394209271 68.8368599480089 62.4193212788659 84.2950389432447 99.4257771616833 67.3480389305651 71.7033313016681 67.0933989470849 59.447695157623 79.8625344803043 74.3165239672572 57.4308590369168 105.293355226274 99.0585265456673 58.7566319132062 58.0512779785273 65.7771438735946 47.4394514062679 38.0653900409216 48.1827737921928 55.5802629974636 54.6611299221832 47.7102727822483 63.8559464235204 98.5602717441036 93.8542389489767 47.1291871719911 47.6547826421764
71.7325041703313 69.1521262442833 77.8211698786961 79.8719823324193 77.2089532206279 81.742875062108 83.4383112823807 87.6209625850001 82.6133550719875 78.9020191422501 68.3713492179619 56.9758713668381 67.3252308953154 68.5800148806164 69.4770485363963 95.4002591136515 102.207038201115 92.2513334217193 95.3388746059006 68.9502336755846 78.251304680238 75.138140543992 90.5216732149703 83.4373061003414 102.635612228182 73.9113865732872 59.4200593071892 58.6639452198794 72.0772257784867 67.7741386616557 77.8204509593443 79.0871381986246 73.3951276381173 63.5748505865915 66.179228350217 60.4574581727829 73.8905995901916 107.608834798915 81.3173040350222 52.5501199326286 48.1058178899213 34.5352891696439 31.069908576648 112.792057028187 140.842134034914 143.913627921096
71.3392130819146 68.1221701446034 70.3730776034805 70.3006549868329 68.8481722777791 70.8125989692163 75.0102029003533 73.5030335234777 77.7378547797761 86.5373650570394 79.6254956798571 72.4608242491732 69.156661471585 67.7471144229362 75.7425986492697 145.380948653536 83.3312324458862 73.8165311009444 58.8003396194591 60.6667169180116 82.0270961112421 64.8141376986773 82.1608385604531 76.2196314303135 78.0590026166544 105.219870746661 106.175613581191 88.5429616347529 77.6782052238633 83.376334596489 72.8155649935845 75.5278446108084 69.3657914682156 56.5826022054826 53.4249951432592 61.1795559438376 87.9458816732881 85.7556305211212 59.5647568761304 71.1815522534566 72.10415796084 80.308377404638 72.8457296389148 98.6379363624212 94.2539041415106 60.3728594331802
68.3309837734715 68.8105060094146 69.7721479922022 68.3856224532387 67.6769536245906 70.1067143164867 70.4185348532237 67.9491008657214 70.3161509273944 78.2661324345703 87.2434850521718 83.505219666121 76.4378009878195 68.345289751531 67.750493023989 77.4058556769406 89.4380545652083 80.1439282898461 65.3432610578261 68.616914496214 75.6906557248965 71.2938525005309 74.8938078780998 72.4139912325685 74.8933694660222 75.8467874088433 92.2865640347134 89.7961198384467 86.9187308221622 73.4549610216281 66.1490561385693 63.5854917809085 48.2517547353111 50.3214518874484 62.8631009154727 85.8225586632976 50.7617382400194 57.5202364983322 70.8327359510616 73.7515093851483 84.337048904732 52.1674452283818 66.0772072447347 47.0001635361952 64.6291512104868 79.358288451214
70.5917368955348 70.2870517625755 69.5039444715507 67.2036492230975 67.5563884707798 67.433065594827 67.8636106710307 69.3826332236669 70.5504228392722 82.2457279595575 76.9734395865535 70.9662788771992 66.4009845738817 72.183095541137 68.1250807731865 67.7724438394836 68.5729733692456 85.9423374668324 67.9739305985568 74.2697739694318 69.5162970459394 78.2868464845176 74.0065844256795 76.1699577044408 77.2285872434846 72.4358502738387 71.2123979390487 75.774582956316 74.4802989266834 76.6934101031121 78.6984036694827 74.9711919046574 98.8468556255239 92.9619668563469 98.2431388011917 59.6349612293664 42.6772591089846 50.7998444645876 56.7076754778421 79.7616870411669 75.7045386312689 107.030831945437 100.911051577393 42.7423748873949 45.6263535075218 63.4795482811246
68.0878576651589 67.3747908957915 73.6355974504774 68.677975287139 67.3536924182723 67.2803587111958 68.7356018858691 70.1228992338016 69.4523360982447 70.4367070279594 71.5855462495934 52.2792429145547 56.7877372437969 69.4827370950078 68.1268543718215 72.4330233996194 70.8351235372337 69.1448867273705 67.7783333012805 84.6646502577633 109.905816717462 110.732478163605 78.7607146821259 78.2305127683851 76.06993961402 84.7146253194252 70.8135726658606 67.6935825004997 72.2374068469685 118.374514699845 102.819513819236 108.587853190021 93.5086559181544 67.4290470540626 52.188723077781 63.1936070049577 61.5335247467629 66.9436092234763 45.9808950979921 47.8301193954762 63.7796946434513 72.6574011947443 94.6097468401068 106.286247742219 48.5925720638971 70.0759390343951
68.6501622959739 70.2469428995228 73.9402817397295 78.0661954569585 75.6772575476717 71.8830305507816 67.5027757600644 68.8205568802193 69.222840535087 70.7356290441952 68.4289127364757 66.2570664020575 63.5182445958852 66.7933578518179 68.1471951476251 70.0236636752231 69.0107842365248 70.1646870565303 69.9691978334532 68.1169708534163 70.0895437287088 70.848320009045 98.6397472178906 109.782790708013 93.6900682837912 88.385293766962 82.3825897402364 68.1181826825115 75.7794387019323 112.001498733756 57.5865116055889 68.2479377080596 67.4970593617796 60.0988645133017 73.9350338541317 56.8065593868714 48.9939853604183 55.4321244495206 66.9909274336548 45.0012763117563 41.8333896030695 50.7823643486881 71.7583912159871 85.377169494755 69.7279547465125 93.9200090769722
89.123185639375 88.9406196399693 77.5764676869469 101.141221721157 168.831483529716 131.848611615729 71.2789216758748 83.2273330746164 68.6338930682813 70.857367275969 70.4037281525495 68.0905080285368 67.7954889877256 67.4341672583362 67.3344009375604 67.3476013029199 67.7352854994326 69.3646666911867 78.6105038103892 76.7743441376002 71.937362160332 67.780984693071 67.5077356285328 68.9768587586083 92.5971218553134 128.477240611789 145.507619730124 100.089671439532 93.1581285105837 154.008204950747 97.9609783771321 77.6782885679559 74.1267870583376 68.5580283110079 71.5460479760982 67.634590750508 66.1155564669746 64.9151554050402 42.7018508061561 45.2799946653152 41.4371510460085 50.1272282608148 57.2334406881184 77.785526036188 79.3936272804003 85.4645467609354
106.70026060937 95.8283929023179 122.554697732697 116.098674239025 140.918318294733 172.466738516107 137.451426851467 137.871002863204 106.383784000489 86.083156557713 69.8563556028295 68.0667517317444 67.220716707906 67.8961760088225 68.7539985684097 68.5603674269231 68.8457561703348 67.5057540835694 69.8487885897532 71.0903141529621 70.4326410687046 69.4945927152046 70.6740775437201 68.9210520651734 67.7809944404304 70.4036070113019 76.9028909494683 92.432073464516 142.990330074209 172.61040405589 142.520698537214 127.272684387106 82.692145397027 70.9067648698049 77.4229588237258 65.0869766563449 48.7987369508264 46.1087047454487 48.0897590709529 44.9360629781255 47.4312100104945 49.2594615042043 84.1163014482638 65.6909607777308 103.185893047186 123.560063008778
87.6444500768272 116.622617602612 109.291470848714 119.579059685873 112.527760114282 84.8369263133689 133.436556601316 178.746109333277 139.918759073726 107.06603429078 93.1317949142781 68.625355925985 67.2584792030113 67.8075733130995 68.9080372319931 70.0009521673474 71.5343517058826 74.5262328842733 79.0639914236176 68.8122088019592 71.6068598438474 73.8584971686451 70.4761012149415 67.9454125420195 67.2721002563106 67.4345829659873 69.9553872633754 98.9408279887482 94.6465231425954 68.726491521489 72.7756645714349 97.1747242877165 111.540456993275 93.3825622053789 68.8214592151722 58.5063506504934 45.9043451657451 62.2086231850602 51.7911404745758 49.3646974221477 47.7013044194806 72.3269177525346 74.4886717926472 68.8767449398233 76.0786729135692 89.9774089421728
108.562070210476 111.041598985614 129.060548844714 86.4279292891445 72.7679921673209 114.290200807468 122.511479427468 148.196014009967 127.424044818409 121.537802722786 141.043448221266 113.225930354412 100.959747565736 75.7602502064521 67.5879625743026 68.5131526589126 69.645734266635 71.7706619644841 77.0035806005598 79.1187017231547 69.4556170348026 74.198756019949 70.1383716096977 67.5353884484072 67.5211865886444 66.4051144378497 67.4633165756154 69.3666386487927 95.4524356336768 78.20593486495 76.6564142463015 81.0628811712863 75.5012120812095 158.735966260315 115.270905081357 59.2515335183294 51.9838945956065 54.9768846564335 63.7530538528769 65.9768182886876 60.2075842038353 64.3163229704885 71.2162800870403 96.8155879909937 131.287566838526 61.0509598015612
117.80444817675 74.891778098704 95.8186836708913 116.726128305826 92.8125197275387 86.165254162414 91.7185661296673 99.9127661413204 138.189362148293 147.325035196941 114.58764859907 83.5277569632623 81.6939641659115 88.9206894803238 85.1613675465016 74.9926040337834 69.6668846384057 71.9990429958758 70.6432773807301 85.6469616222948 80.370883212042 69.280047914325 67.8994647501173 67.6081001737165 67.8239922846927 67.8131314321089 68.0736760515794 67.6621443369155 73.8812326539157 96.7208437396763 86.0633173574654 140.302433695502 125.763179700686 110.454685687705 106.23865383084 75.8216789511746 51.9031213651541 55.0167157391479 65.3077900683135 52.3678841587305 66.1091708017631 64.1794213912927 49.5642238953624 60.2789164898173 58.2685534134378 87.2352901394934
