IBR/IBR_outputs/all.combrep_1/FireFreq_2000_2008_Total.VRM_Total.WeatheringIndex_Total/FireFreq_2000_2008_Total.VRM_Total.WeatheringIndex_Total.asc
NCOLS 160 
NROWS 95 
XLLCORNER 210004.651214014 
YLLCORNER 7350008.22228844 
CELLSIZE 4999.99999999997 
NODATA_value -9999 
[rows 21 to 41 of 95, columns 46 to 91 of 160]
-9999 -9999 -9999 -9999 -9999 69.3490948161534 76.508898033049 91.9175194035257 -9999 -9999 -9999 69.4544730842644 74.4017278599233 64.9549691941535 70.4002727385476 72.1185458833474 68.8314691706095 -9999 -9999 -9999 -9999 -9999 -9999 -9999 -9999 -9999 -9999 -9999 67.2013863524692 67.1927628817768 63.7259616949706 59.1690856422787 55.7748382108952 31.305323057633 42.1563780023702 43.0686098374824 47.7610195536004 58.0542664108155 63.7526878267378 32.880492526323 26.1251226663109 28.3145423809552 32.8668928618709 47.8397082199879 44.9733244391456 32.9227931241795
-9999 -9999 -9999 -9999 73.6245269309395 82.9603805781489 75.3393399430221 69.3714337102297 67.2657091010669 -9999 67.2847294325222 66.3013588370323 43.6878985630103 47.3171995797697 63.7554897338672 63.308308121919 68.2070805397051 69.0782665788787 -9999 -9999 -9999 -9999 -9999 67.7100983837283 67.4086602844373 67.2326931010394 67.1983308079436 67.3983000929908 64.839292897434 56.9688090608259 43.3700838123519 55.2583347548994 42.1609688554416 32.0878947000306 42.1407127962356 48.7258557251362 36.118733814301 48.7315988596915 43.1470372854349 29.8737374721331 30.5720164758671 23.370043088983 31.3165228637024 37.0278980223696 40.4438082104423 38.0571409522931
-9999 -9999 67.3246369093824 67.8040990002954 68.4130145557306 67.3978312423111 68.0926054546432 67.3480346697034 74.4370177294592 75.6241904205299 67.3173239389864 58.8732266720981 42.2406091360705 43.2353786661822 61.3414770789466 60.2934828752268 68.0296595066755 67.464637814105 67.2035143740231 67.5930365479554 67.4739500185599 67.7424374050733 67.2783475427401 67.5592509979291 67.2501575483559 64.815781081422 66.0434931514359 53.8811231807196 47.9655772746081 35.596843549475 38.4205768168698 55.8772211844764 35.3086331414449 39.5123930183239 44.9065722280558 51.7071751110553 37.8246233147928 39.5030331347254 36.1186411992442 57.0466101794986 46.8399203147141 24.7922048325225 38.6531545902518 36.3744897345377 23.4974106835108 41.3603210404201
-9999 67.6316166016524 67.3094792488173 67.2010430636455 67.85481024144 68.2217513531957 67.9919542928448 67.5866844798536 68.8435459188436 67.6234850282682 67.2339332303924 68.4172484791434 52.6536896784433 41.817688321107 59.5530546465448 63.0922451526465 68.2276256514547 65.9908681727452 66.0065601950417 67.195382030643 67.6340565649725 67.4401494032686 67.2719654244471 67.2376907075585 56.1336307625405 35.3120448416251 47.8566129065556 39.5972883199853 39.7266322511687 43.5957190377154 34.8511792599889 26.4609969605256 27.5987085038 46.8051240829596 51.8215328370837 53.8848699115834 40.3977672106239 43.9810675979064 48.7199129123891 59.2326530600318 43.0528257601975 35.31037269646 35.5033928630489 33.9749792952838 28.3784215414069 38.7569244016047
67.3964834972987 67.2733517054151 67.202304598133 67.2559486200807 67.488800188568 62.2105378800572 71.4037432687872 68.3611585636924 67.5280876487707 68.1731650935072 63.2062618865371 55.5491882629858 49.4694019174923 41.8805248697898 66.638719400282 57.556153387635 58.1219132988587 67.2634739952642 67.1603815525846 67.2846431225555 67.2530142494299 67.1947307657944 67.1558628355952 67.1608451555333 54.8580558207182 27.5800336609624 26.170760040405 26.2132832667262 44.23476893147 30.513358341467 39.5463703352412 32.8231723254802 33.6764635654168 35.2833941945861 49.8106462228525 41.3737661033916 36.9445919725214 29.0492364340475 42.1599488663227 54.952915245848 54.812929318163 50.7330072336955 33.1050755567051 44.2268451175674 27.1627824112953 35.6183223892405
67.9252821816676 67.2710135373104 67.2044945989245 57.0550871884102 62.1017583626252 65.5598313387621 65.0797103867857 67.4978764221834 68.4792347607452 69.2105284350388 56.3572556695649 50.6588779211889 48.3507963292529 60.6505527624659 70.5267165191089 60.9091720885445 50.0567703590106 47.8592773837416 63.7006845798755 67.2360577953268 64.8068883285092 66.052123849932 67.1816738354972 67.1405913529498 66.0114539665927 48.7497210389385 36.1298551879967 30.1341486325107 44.7369735307523 41.304798505745 51.9497259602392 43.803409096884 60.2514346000296 51.7436164662503 43.1223487399695 41.3133830447999 43.9949710302314 40.5081403776492 42.1992129881974 58.14433763646 51.8421937817055 43.0827050307777 34.4689340692567 26.1278264383009 40.6261887637881 36.9915108033918
69.0216779642104 67.932862764911 67.1913565253066 62.4793701697152 45.8452000031724 61.41270961598 60.271467922159 53.8799083568907 66.6198281558925 59.7144598619453 64.7622369354347 53.554504388472 51.5093321204157 56.453769622269 66.9745822991422 86.8734619586908 86.0684706005273 68.2728144709768 68.9050266056053 67.9010100125057 67.1703347975615 67.6725313466595 67.5938378070344 67.3140591364393 67.2215129210991 63.709355744654 60.7109360753801 36.309082987018 42.8330039307825 46.5042615739781 45.3442733878821 30.4561316118144 37.8877587088609 49.7564077294377 43.2042912432608 44.1524556669247 44.1620857074375 46.1182654800225 36.1922647210753 46.0688305653598 55.9353495262397 39.5168799765029 32.1255858086305 29.9598383577835 28.3192616391237 45.9392063742957
84.9593031097725 81.0494881711088 74.5258124579551 66.25019738729 52.4155517705518 55.8912552745973 56.9784505948452 46.029360933949 64.8204183731068 63.4898961968678 55.6282287598908 55.6033764788126 58.0962077160906 65.5185062300829 84.5953981907482 79.0145262118189 61.9156464447335 51.5862127901091 58.6419653407868 68.7613260328884 60.5488752221536 66.1890055530517 53.8853049266307 54.0040492272404 53.9581085211685 46.9354627792222 40.1312822271818 36.1711807390247 24.4082103105751 43.46305937245 35.6077691652743 29.8188381582054 38.6922999070149 34.5272049592411 39.6423036578765 29.2755453377321 35.7612689572046 38.9570711928802 32.0016331438518 37.0443191205572 38.8160142843441 34.2347208721254 27.6862443107594 36.1136901940482 33.6671014536173 37.8252692061691
83.3909095345407 84.0833243352958 84.3174297195209 89.4246884586235 66.0669434217337 52.2130621692228 60.2562397077308 63.0567170538131 63.8790604547251 49.877897754459 52.8002823650028 58.5717341803769 56.2039881955941 59.1004874989471 83.072075118442 58.2135094480167 41.2555706641843 45.58511398514 56.4835074458245 59.2417390461081 52.0416854892445 66.330358472303 56.2356945986763 64.1681356127756 61.8636689646628 50.8927518426355 37.9835633400252 36.6467336114191 27.702013087967 53.7445409275146 46.3303608032287 38.8586393824483 27.0584575430488 38.0086499617368 36.9398400036344 44.2469436194724 39.378397306919 43.3633702765157 30.0543739194369 25.5128263118823 49.914561339903 36.0326759964102 27.7529128082375 24.7673514747744 27.5623787488999 29.8070161611688
87.9229269618382 87.2414188942906 98.2511787693074 68.7565755177598 61.7222198363724 56.1906296077827 47.5658904923829 48.5787973281969 55.965102689929 65.9266655939354 68.8616503186556 52.5610019692776 54.5292664501559 60.6276229938537 63.5474388331123 40.041315736367 40.1639918939441 81.0165939635763 78.4429110888188 76.5055817091782 52.4194949334181 54.8953165736678 57.9314877239309 61.7282304439055 50.9041123185373 45.6151808408019 35.464181266724 37.8541998188292 38.2552159640391 88.6755436296672 49.4887189093604 35.7664787279619 27.2570261568547 35.769720952822 36.5023039012421 46.7391076048295 39.0812172947107 39.3818243749241 39.0025484989056 34.5812291429826 37.0853553230042 59.5682359904017 55.9005597874579 43.7978299090734 31.3131515977417 39.5458509989727
68.5468635035277 90.7088280441656 82.1198886014093 73.2213993321994 87.974526707197 62.9950829081557 67.3094528871986 87.2305228038198 60.4540850276323 61.9532728835037 80.5136219391485 56.4985247732347 70.7404086614923 105.120398676139 59.151371310663 44.3881447088278 79.1783440812971 99.2330520784318 102.654670632807 122.726398766928 60.3696423523667 48.7879947519129 71.4733229684807 58.1931368243535 70.1910427631502 51.051543790316 39.7029493605799 44.0181055771724 55.8509952804313 56.4465835258345 47.1670370577946 26.3274003726136 34.379438474221 41.5249470813074 35.7117502790175 43.714658517513 37.8903428083904 39.1962023776067 38.3970457913212 27.701371723733 31.3580008282967 37.9263174836855 55.5754949926707 46.618223529835 41.5731988162574 31.9954950514366
54.2860886737582 72.9203059636994 80.8152210934033 104.438205427891 89.715005302406 101.120497152083 70.0015857156544 78.4106749257157 56.9980955789 59.9169914187736 66.2853841154601 67.5484290183883 81.1968361115833 114.557819281435 47.9361328012282 53.0922934427731 64.9968781686805 86.4289566175938 66.8418488116048 94.2058643399163 39.5683576387419 36.7481836511095 36.8841793515798 45.4628944328867 74.3251474266032 76.5981820693334 62.0104101625665 49.2364692632345 53.4695630054328 31.5437580335276 31.658642889845 37.3724721055262 41.5001075920004 36.3953658704605 44.6641481136272 59.5456024315897 40.271350756256 65.949407849003 38.1146924476267 29.7216697823962 61.087445332805 75.8007328979104 56.6338908021837 39.6027988559301 55.9541517943288 33.8073896919235
46.1190413759972 49.9651407712295 73.927993767712 78.25744967054 90.7116611924493 83.1703530696587 65.5040577923224 62.8922772884379 64.1292908098587 66.4857330015619 63.9183639923533 84.337657116054 64.69162910231 52.8748183742835 47.3188766359529 51.6686478912682 41.820441973743 80.5195468227328 94.9954079470826 79.0391983958135 36.7064826248618 29.9402360869 36.0815423751885 45.904990667203 76.9502160905843 85.6380864922806 81.6387495638959 50.4850800058659 62.5041780843829 42.6803225486683 23.7263013483818 44.2985276113596 28.1057110150516 33.3447036191048 48.4658708457248 98.3078918239587 55.0153802574838 75.8148322817424 52.254992326686 36.1866052847374 60.1068142994707 53.2821610939033 41.3746464334844 33.0179692462472 47.9182727894766 38.5088092877519
36.390008635565 37.2947897390994 51.0272717386518 52.6575779972812 68.3831719438022 52.2365809101512 43.073875080382 55.8199580947667 64.211866626957 66.8660954752324 53.9733502461079 52.3914762834584 76.2921849053112 48.9651685718879 62.0560418979114 74.1440977883092 50.4549333919269 85.1458526288768 44.9236500520619 34.5161258862759 44.0827164563716 65.6051171569885 92.1160924718979 39.4867970313004 73.8605535544358 92.0964346050967 93.9808009931502 60.0636139886352 63.6550880674398 58.4809320669148 31.7807010594592 30.1393277728385 41.6397730309251 41.6829024683546 57.7818187964942 65.8958926040778 49.7989300918624 79.1663313051988 43.576395237394 36.9924790462466 38.5027071762501 51.94314103977 37.0441698453544 34.6196038466488 52.9866398655352 81.3164833823183
51.682539054695 50.8357548892416 47.7942347263524 45.8154520410165 51.0402367683368 50.453809013993 60.0915335300762 73.8015191496937 49.3308632555703 64.9476979214148 64.7583831634929 91.2469029317767 67.4244473681951 74.6924743576939 73.54647296321 94.3685984461768 101.83644141707 67.0700971197421 42.7109838041757 38.879905147377 52.8923594804831 78.4766260978038 84.1947337951797 41.7173331786705 28.2246903886038 51.7891632573967 93.4887053168235 88.0425998119945 47.8004059403082 47.8338669443069 54.9432346308988 38.9968571936351 58.1677103605642 50.9582394835578 45.318513931014 56.2802098013363 65.7429717733027 39.3410507924851 39.9379479546513 45.5756224685339 47.1311645698165 53.0048776910464 42.2863671482988 46.9830481653804 43.4958802991566 77.4684731017879
58.9638753512833 64.1593489458732 55.074532735889 53.6045889644355 53.9922224587185 41.8781870242317 41.5376625026799 48.5778005530229 40.3077579653336 47.1108765287079 48.9061671911328 50.3083283956774 42.2239936809959 82.6302710168834 36.4176584050019 82.3366765997873 80.110385483097 59.9057430867651 45.904590129936 45.4777800396296 29.2534944530114 82.0301128100614 73.7823830427664 75.0667845489282 62.8050735448455 63.9449120498107 69.2562570269656 83.4372702887947 52.0911029288908 57.7083122093633 57.1333419045629 67.4527431184865 81.2477323472401 49.6482620045843 98.0925630805894 62.1721687465232 66.8915028555883 46.0277056647659 39.7641571946422 36.4933317946001 41.471582375308 51.9513552215368 54.9928178355794 52.060460746329 45.9535571784884 55.3731012265613
79.2400485158323 76.0814876373532 82.7664003996861 67.4398813304888 51.0524646097493 48.2707795779802 47.726945254253 43.4963858276253 34.2848209409277 41.3904214609111 34.6403545062723 41.018322243597 42.56718567076 43.4742604439591 29.8893946986583 33.1323884428765 61.7226580758952 82.1312780570818 77.877669036498 85.7163415835093 97.9304464053386 94.1726021466707 87.5150659130645 76.0374327218903 64.9750823277668 79.3544370318367 78.4626804122667 74.7990944766256 55.1756833693814 65.5741032709912 56.8234928863569 73.6010438435085 97.1779450842074 35.8293736334263 37.9522181926855 45.2726653614871 51.0928723494133 45.6167551141005 23.5683619443373 38.9385996280256 40.6943011821364 60.5665318556023 56.0924036907486 61.2910984270908 62.5973229491734 57.2109390749649
92.657559125688 101.759306583986 114.427938235932 79.9097808445437 49.4337773342395 66.246759104376 44.7862186975245 52.0508527414563 48.6951292083064 54.9186646179144 38.8693856300098 49.957067437448 42.8542997371192 27.66857820649 22.6418280350065 28.0073492342718 69.5944845825331 82.6978083218456 103.53674423944 70.2696437195763 111.594166608106 69.7838652455266 81.3837781244404 53.0397037117618 68.6454430716152 71.4853373713868 71.3089834000298 85.2598060827352 78.5480769851765 85.1901702984157 83.2903353592215 54.7034895469906 64.0374660787742 50.5469436698374 42.5143726790689 46.365820294705 72.542425055584 103.627191672549 43.8084869260437 38.956381899553 39.7573925379627 53.0451512397697 49.99210163427 61.8551887516886 50.2771117717628 54.2623853028439
60.7865228794107 53.782538238185 71.1891223282754 83.1716628397379 67.1089237243824 76.3571380032379 75.0013653353415 59.7155650878392 63.9207633243096 62.6601422498342 51.7172274734289 40.7153589824658 41.3215543110841 24.8920107017666 24.7850341207781 42.7566607892984 28.5405310862897 71.2998969957718 91.3209988950507 59.0044816452232 62.0251747630089 40.0211563023466 49.7319543357363 38.2974098555165 53.1766782733905 83.9891161545358 65.4577909444635 73.8294044357732 86.1560735551325 99.9682322106953 91.8925602807938 119.405819760544 104.880492683147 88.0539636417408 70.0699545852094 68.514645340754 54.1383422631083 54.3471952423287 50.8197672201609 40.8161750318175 37.1904353735649 40.6138795075257 40.729239536933 63.8013486261297 54.0355622685103 43.4997095487653
63.6733015870459 53.9841946902832 50.417183963988 67.6616714350676 75.8914559461491 67.895456452835 79.5319938874094 52.4891890372932 60.4277885731715 60.5727712355239 46.6084484790133 33.6305730433106 39.4221584128223 38.7760447661137 37.6964796092193 43.8657087800505 43.209084702541 62.1922838108276 49.5988887245888 33.9286259491112 28.4577210037846 26.0657193767272 36.5095060364985 76.3721844995714 73.7944731967694 55.4436137391426 72.5565353190641 49.3022098364962 62.6476682256103 69.423087704278 84.1297123023918 103.791473936843 80.0434154413331 89.9314392244863 72.0084618528145 51.8798525176645 48.8082624956066 70.1721408082271 51.6445544786987 45.9325989218781 43.5627402547661 38.2526365090191 48.1951552247304 59.4201258420103 47.1839473733105 48.1371938056316
68.9620495473019 48.5608637555254 44.8699987912341 55.4152458617198 53.2799678984426 49.2361085388702 50.4499836176081 51.0283795725267 61.7208321712165 53.3467281726169 68.0624098045868 53.7359246075097 39.4953189318533 38.6992689566305 37.1889841995924 33.6689780712345 40.2967466006658 44.3119127378333 41.1707083112257 32.1945199980361 37.5168896459994 35.6274825852148 49.5147922483633 52.8594368976681 54.4562308340542 58.2547418899383 63.8945705718935 52.1762651479263 57.2860637882081 46.6636031437669 86.1206777552444 95.557645706632 53.3224776740782 78.520824056392 66.9884718162739 41.3346774113118 44.8631500211824 72.0849531702974 68.620191313605 48.5855444000076 40.2498131144279 39.2998604319965 39.2304345801722 44.4832957246072 51.012762479416 45.1256582398552
