IBR/IBR_outputs/all.combrep_1/FireFreq_2000_2008_Total.VRM_Total.WeatheringIndex_Total/FireFreq_2000_2008_Total.VRM_Total.WeatheringIndex_Total.asc
NCOLS 160 
NROWS 95 
XLLCORNER 210004.651214014 
YLLCORNER 7350008.22228844 
CELLSIZE 4999.99999999997 
NODATA_value -9999 
[rows 0 to 20 of 95, columns 92 to 137 of 160]
-9999 -9999 -9999 -9999 -9999 -9999 -9999 -9999 -9999 -9999 -9999 -9999 -9999 -9999 -9999 -9999 -9999 -9999 -9999 -9999 -9999 -9999 -9999 -9999 -9999 -9999 -9999 -9999 -9999 -9999 -9999 -9999 -9999 -9999 -9999 -9999 -9999 -9999 -9999 -9999 -9999 -9999 -9999 -9999 -9999 -9999
-9999 -9999 -9999 -9999 -9999 -9999 -9999 -9999 -9999 -9999 -9999 -9999 -9999 -9999 -9999 -9999 -9999 -9999 -9999 -9999 -9999 -9999 -9999 -9999 -9999 -9999 -9999 -9999 -9999 -9999 -9999 -9999 -9999 -9999 -9999 -9999 -9999 -9999 -9999 -9999 -9999 -9999 -9999 -9999 -9999 -9999
-9999 -9999 -9999 -9999 -9999 -9999 -9999 -9999 -9999 -9999 -9999 -9999 -9999 -9999 -9999 -9999 -9999 -9999 -9999 -9999 -9999 -9999 -9999 -9999 -9999 -9999 -9999 -9999 -9999 -9999 -9999 -9999 -9999 -9999 -9999 -9999 -9999 -9999 -9999 -9999 -9999 -9999 -9999 -9999 -9999 -9999
-9999 -9999 -9999 -9999 -9999 -9999 -9999 -9999 -9999 -9999 -9999 -9999 -9999 -9999 -9999 -9999 -9999 -9999 -9999 -9999 -9999 -9999 -9999 -9999 -9999 -9999 -9999 -9999 -9999 -9999 -9999 -9999 -9999 -9999 -9999 -9999 -9999 -9999 -9999 -9999 -9999 -9999 -9999 -9999 -9999 -9999
-9999 -9999 -9999 -9999 -9999 -9999 -9999 -9999 -9999 -9999 -9999 -9999 -9999 -9999 -9999 -9999 -9999 -9999 -9999 -9999 -9999 -9999 -9999 -9999 -9999 -9999 -9999 -9999 -9999 -9999 -9999 -9999 -9999 -9999 -9999 -9999 -9999 -9999 -9999 -9999 -9999 -9999 -9999 -9999 -9999 -9999
-9999 -9999 -9999 -9999 -9999 -9999 -9999 -9999 -9999 -9999 -9999 -9999 -9999 -9999 -9999 -9999 -9999 -9999 -9999 -9999 -9999 -9999 -9999 -9999 -9999 -9999 -9999 -9999 -9999 -9999 -9999 -9999 -9999 -9999 -9999 -9999 -9999 -9999 -9999 -9999 -9999 -9999 -9999 -9999 -9999 -9999
-9999 -9999 -9999 -9999 -9999 -9999 -9999 -9999 -9999 68.3874978778538 67.4211917587694 67.2030981048225 67.378023464688 -9999 -9999 -9999 -9999 -9999 -9999 -9999 -9999 -9999 -9999 -9999 -9999 -9999 56.7836278034254 45.6698921597008 43.0982623152457 43.0679443150392 57.8057799833181 45.9503217975126 57.9141426093031 59.6616884355874 35.6238397104381 37.1576988712926 24.5934275159263 26.6631709212139 46.035099982528 41.3357960309531 39.3585101530934 39.3911899448873 43.8789546566419 33.1444001072915 19.095530652542 27.3090219984578
-9999 -9999 -9999 -9999 -9999 -9999 -9999 -9999 -9999 68.6928756509838 67.2046945111313 68.0286316091989 64.8284080384817 50.6015880655217 62.3957656452749 67.4089615069053 67.458559916714 -9999 -9999 -9999 -9999 -9999 67.2397748296815 65.1657750561086 61.0138549347187 62.316268895233 61.6593936459199 48.8323999505071 44.1579184534226 39.7089221244255 49.8297612485264 36.1761237185687 32.3699291030592 38.9439258729861 32.4224909199671 31.6571834344943 35.5425610068566 22.9783807993775 31.7664247565174 37.0296985456804 32.2187330760444 47.9580138193804 60.5537794900669 38.9466777075136 25.8641404367197 33.1779737666575
-9999 -9999 -9999 -9999 -9999 -9999 -9999 67.6037541803281 65.0452703463623 67.3462019670075 67.174632513424 67.6064567937275 64.2772319095183 50.6820100032349 50.6801862097757 46.7632312589115 59.0961648723384 54.9171994023072 46.6923764924046 -9999 -9999 67.6459137393369 67.1997025178886 67.3014763499978 59.2523578547248 36.2936145350295 39.7903905435232 29.3800026703047 26.3108164307212 25.5106848095726 28.4951490755957 29.1578136791362 33.9408781312482 26.373332779507 23.6226714315955 34.8448918568263 36.5836639109456 23.1734655172554 26.6021894460566 20.5236156768071 20.9577022959035 36.2580008654151 50.7826650450965 64.9533514335127 52.9823806014243 54.0548878697959
-9999 -9999 -9999 -9999 -9999 -9999 -9999 67.9656080831242 53.9204684308718 61.3581670917026 67.1614419235184 67.1792897817409 67.1884946700043 55.8495767094613 41.2317462602301 32.8468874158864 42.1309063014173 46.8759658617998 47.0223411979175 64.4511083248668 63.5368533095215 67.2474260141968 49.7361358901795 51.7492343316759 41.4306040010568 26.1862782742776 28.5814381106819 37.9490862712053 36.1744309070298 24.1718410379332 24.3278573992835 31.4991330336332 41.2998818420067 29.2702586528269 33.0210145107167 44.3668642270496 40.9207294186657 29.5691832483341 22.3717537092067 27.1582544053373 27.9150781677004 27.8110989265563 48.7714244295642 64.9485702004658 29.8853312600845 49.9515355348681
-9999 -9999 -9999 -9999 -9999 -9999 69.0197394950644 54.7545158306813 40.3769874045284 48.7443385851962 65.9489286834318 67.1818899130983 67.2396161181829 64.7623198299434 41.2454940383255 41.2749302773014 41.4768182066515 34.7889681684966 37.8819806553896 55.9277296065633 48.802216413171 40.5301247989815 39.563287834921 60.2765645103147 56.9570759531601 38.8564269788459 37.0708943676227 34.6166874937114 29.851945020711 33.0391248373415 22.2539085839352 24.9626208483085 41.3030068267267 29.9602212532789 33.9683375243731 38.9579329821092 39.0986456318595 23.1990489799097 26.4322663917692 33.9451718847184 31.8740471709108 37.2568273405105 37.2369558930285 54.0819169000558 29.2005184522534 37.8910102333685
-9999 -9999 -9999 -9999 -9999 68.4307906405979 66.2387457098522 42.2966717272375 43.9948885514327 67.1536757373758 65.9609399563606 67.3203834873476 67.195355455345 67.1407371289747 55.8562972973239 45.1453603805753 41.0152380588649 26.5662933046462 36.3002321806723 36.3926136846705 24.8320322442086 25.5238555679047 25.5481902149747 43.0891970721758 38.724894936187 35.4798391863337 29.192752585501 28.4513371195064 19.5379096901874 17.8025009505859 19.7812883848453 22.2344738901229 39.5866157592595 38.7314150870184 38.0165167101725 25.7135148759486 22.9686361028914 23.0472970647216 25.6741035100386 22.758707527461 32.4650187254858 27.1842654598657 27.09304508803 32.290259688826 27.9176134010473 27.9582985887053
-9999 -9999 -9999 -9999 68.5979952403381 67.9024183839996 67.5934415479555 67.3998348941065 67.1829261653694 67.2130158675862 65.0676301460139 67.3943667373265 67.1934434958122 67.1412716706027 56.9299108438677 37.875376836462 38.1307824534488 25.8511878828541 31.6249995526383 35.638612109168 30.689902518704 22.1146406749718 24.8455681492061 25.4859755939775 42.2032688761456 43.3122551625722 32.3288983480865 33.1911675036636 30.7822664237508 19.5353585663794 15.4498056587616 27.7954371887567 23.5363381664238 38.7373986502873 35.3593901291875 33.7660113923179 25.5348946327286 40.7084041248537 35.8147606495905 36.2791317036289 24.956223089609 35.6713045266968 38.2535056289865 32.3054697187895 24.2441087085346 17.5916708106368
-9999 -9999 67.8833664274997 67.3362638368133 68.4982415018761 69.6065112846888 67.4307105560444 41.4841935126624 20.0756314182564 45.8396122447655 50.8030133742337 51.0260429556137 64.9938129935357 59.125796942102 53.7368649163483 34.4621609652532 24.8278458214015 37.1442719387849 36.5106261590002 49.9949137783531 34.8811686536468 28.541263835776 22.9954279247038 24.8591987414418 33.7613526179839 37.9720456940998 23.6134796615301 19.1324616963713 19.7032746742312 22.1642217677615 20.9620815498452 22.8964196785178 22.9061100658517 24.8080602290643 22.9734642372444 24.255620121435 22.9413960070051 29.7517619475113 35.7719901704777 38.9461551911718 27.7094841206922 34.9814231119145 58.437234880697 28.5023762782377 30.7357392810608 34.190011423152
68.7930360239187 67.8919882478311 54.5671232013304 61.3740423609789 62.5379824851068 64.3354937425918 52.8463223939061 33.7651764204097 18.9001346679123 35.446271797132 47.1546989537237 62.1928166744761 66.0987139992211 62.6009820848214 55.9070964923031 44.0520336411533 30.505231321601 20.9352170920353 34.1443331049404 55.1720728073598 33.2707430367017 21.7351520660147 23.221869410104 30.2774462717708 46.9425808181884 39.76745438657 29.3141532987938 24.28177057862 16.6551301590635 22.8550511318018 35.9091778911387 22.569755754905 25.6431929551254 18.950121975464 24.3556962276181 27.6115999821214 28.756783834326 29.7153343473171 28.6119535540343 27.2701192393115 38.9896216639931 54.2681206252427 40.7964392455426 27.1336385008953 27.7530285752863 39.0059373399616
67.9349457397142 64.9642633389342 20.7969614128996 25.4713360233401 54.8331232061428 57.0261364845476 47.7685380121114 48.002253243657 34.7383885052708 38.9728707895288 55.1625378793837 46.0803411173805 44.9474381055208 51.7595997332331 50.9183985459618 58.4195897105595 49.925378538101 38.2109516845576 54.0654124095298 30.9579164142814 24.8415374624669 28.5886742064648 32.2990760675662 35.4914136665482 42.322064972263 37.1017488550478 27.837685806843 23.2283474462852 21.7576743807318 23.7025914488862 39.1491950539279 37.2703105863182 23.204459735035 10.3429041363075 21.4250293348739 28.4893971812239 30.760315476604 30.3213095806339 26.2107985177476 15.2912348768302 33.2937396652347 48.1348962267391 30.0976133871681 24.5638060463334 22.2690132114864 30.8318245026972
53.7861424360921 61.3277362654212 41.2597115583058 32.9123720264648 45.0919629366945 44.2793910718296 52.0256476553063 48.7556900283839 41.2629687878153 35.3092400293757 40.3753741699737 46.853517222457 41.3129181670448 42.2165076369947 34.4896966256231 43.1400922666871 61.4198068271689 65.018366085315 47.7572177002157 32.1853505622486 24.2590447934065 35.4193838985359 33.1889622568129 30.7687003989517 30.0428308139644 21.7117296603989 25.202970596604 38.0452002663869 35.1675818983872 30.7290238068856 30.3206115609159 41.4407687247763 27.720486801575 8.87069691571054 19.0198030829241 18.8054042667894 27.3375569412818 26.776019643373 15.1162470002039 16.3787997165293 22.8601345121207 46.9900676185078 21.7389822453142 19.0731688455257 23.4276025902432 29.4759992591824
48.712735713713 56.9246378838547 44.0235604990478 52.8612082170943 59.488954355625 49.130320542637 35.8052176077328 35.3271524339899 43.0518254692707 35.2884418767264 40.4009294468277 47.8450418802573 46.8220015472129 34.5096452246314 29.0554807252174 32.8845839286693 43.0922157710652 63.6613672190528 64.9236391577929 61.3369973678865 33.3361960414605 26.6184578776466 31.4337894654929 23.0583668045395 23.562566352289 22.350712563992 33.4838616096447 37.1940152958252 32.8989001410332 46.1263520293078 31.0137307794561 40.1702087299714 31.6429357021108 12.4604977226735 14.6978962696448 13.3507077052851 22.0327585355306 23.674525482142 21.7897168156712 21.0663900047421 23.5691464282096 30.105004667632 21.6470809531988 29.9379362402699 39.5830835221795 33.4825880423754
47.776281603082 64.8266204368913 57.0332860156981 39.6691510420576 66.8758719810263 62.9325279685713 39.643656820367 40.4630790992625 49.7883409676331 37.7829891966231 39.5253025718335 46.7825361418594 43.9979146513983 39.5350805795875 38.696420203364 24.7697500280122 37.7892770904497 44.0050118525026 50.7395090619246 67.3266744524188 60.2515358337336 32.9024107919057 35.3247225737194 29.8543878974969 27.7260694302202 33.8076301974619 37.4448755139202 27.7754851067194 29.9968130250147 48.4845675316259 60.2855332702838 66.8799895089183 35.1512077169907 13.9299161799365 17.342301022441 15.6029295771932 17.5878706352909 29.2959412368538 22.7682313953437 28.8112167559687 36.4055663094887 28.6095401491225 29.2551673267612 41.3769076789829 49.2150330683078 40.6766064565346
36.2629110174307 59.1616564980653 49.7900536903032 39.8810730137942 41.8926346549496 46.9693957840787 41.4310392850695 41.5586772422034 26.4603760283066 29.8031724095265 32.0927496369192 43.06620634303 51.6936478661613 37.7977383886473 50.7944146497802 31.4570620134825 29.8402262716085 40.3743948832086 29.0471422643734 48.7828319058163 56.0037657512486 53.8843025417115 50.9155513805861 47.8190798620941 34.4781346359533 36.948994973063 41.3066494574706 42.1646565014601 33.6732621413141 36.5199927365973 34.7582100242908 73.7878767572687 42.9867724234885 29.8051853479726 39.2289344499425 45.7204863196426 51.9720362651052 47.3072840045391 26.1186221104209 41.6028991531212 35.6136915714091 38.569417872871 37.9235993125379 39.1720105282568 46.7909089277222 48.196934184499
43.1569174463486 45.1410452955445 50.9307792870862 42.3800484737924 33.781273626764 28.5671753711306 49.1652972028207 41.8468005971393 32.2345753841914 35.336320211523 32.9152412951199 36.111115045954 61.3435495670992 47.7745555710771 49.7356415603168 41.312409400583 29.8179676273641 33.6559444848899 36.949089469488 39.4973798008641 64.8426016131861 30.5568337111546 50.7039020723006 42.2930306673657 47.8681646242729 45.9170791399619 45.8403257771987 50.7450290010206 46.0647041567159 35.2915091412313 32.9442615783352 45.1703563052274 55.918625086064 37.4784641367838 38.7016597801879 41.6402739787841 49.9301979597657 27.8398742445595 20.9522363528861 30.7111321331585 43.0229194372208 54.9097981549327 29.7543291299954 23.8334422646146 47.7018328518184 60.7989655883517
