IBR/IBR_outputs/all.combrep_1/FireFreq_2000_2008_Total.VRM_Total.WeatheringIndex_Total/FireFreq_2000_2008_Total.VRM_Total.WeatheringIndex_Total.asc
NCOLS 160 
NROWS 95 
XLLCORNER 210004.651214014 
YLLCORNER 7350008.22228844 
CELLSIZE 4999.99999999997 
NODATA_value -9999 
[rows 42 to 62 of 95, columns 92 to 137 of 160]
47.98098407546 36.4063886490506 44.2799220520208 52.047526694695 41.5722250728013 52.0009581758416 50.0094812099125 41.2511440771775 50.4937557537902 68.1783991125588 99.6788083232644 74.3521293466563 51.4842361027311 55.6204296537587 57.603372707012 62.1339708468765 57.3939521416313 51.3545807007298 44.5746141408177 46.0199481965968 55.9392091486721 91.5815709591291 61.8624357050326 53.2968676188475 44.2863382751893 39.9658430690227 42.9232491054708 54.4198111179556 81.5351678208615 62.2364378668282 43.6132726078636 47.7997331675352 61.2277592997014 42.7612250963231 69.0843636091105 40.0738857214363 71.2703726762698 83.0458817958687 45.9491625545777 31.6526773384128 35.9843130837797 45.629534566969 44.7195332993997 42.4296685005809 53.118413800434 51.6313933486769
65.083665848569 56.1338806065098 49.9905411120695 58.4074096712583 35.7834318444462 49.042576514083 46.2067619429119 45.3348966499652 43.467571168802 51.2302540367371 56.9822735755015 74.7772556237949 64.5628384794393 68.234245494821 57.2040633315611 45.8845575691449 65.7357368969005 51.4714726923557 51.7836003497331 41.795492743735 48.6303218812869 61.0432723824424 54.283356222571 47.8169476135066 47.2094410629579 42.5985714267439 39.3115103738304 53.2055050089906 75.7522032559991 52.030808707627 40.9721971767384 29.1016053915473 29.9215130786197 39.6831303761173 45.3443703347885 85.5939448266421 69.6701290248962 64.7447632253889 67.1871005082093 36.1901309602811 44.5491974032388 60.6693946816077 54.1257570199999 47.8367546498782 40.1426664476792 35.06887248673
56.4626728159448 45.1881227179391 59.4718812222723 57.3111852876393 52.0997192488753 35.7401298504965 29.7046250172769 42.5596398591201 32.1787297648325 35.5808952070092 39.0050933668665 48.7543098517561 54.0600921134251 66.3722374084532 59.3204692960267 45.1653403449409 56.0298604540971 49.7782271854038 49.7188759869221 43.2244567983306 57.6091248738894 59.6400992885212 41.8956794388903 37.4195783649427 38.4103327025539 42.0903601806918 51.2740542501812 63.3261507475433 73.4774813783578 46.4107850343188 33.8074375303957 25.698019391653 42.6743932947371 49.3043518980659 32.6438115691385 39.6853373194961 57.1929897365421 56.6387120973426 83.34597511492 66.157075298781 51.7789760742396 60.1707783354221 46.7164013092855 43.5417162794845 34.1704565500243 34.240109654984
60.7610040849001 62.8543438266619 51.1197922958593 54.2326146427522 46.3951835676994 38.2834122135186 30.272144969213 34.3501056091945 40.4559648377337 30.3971275264789 34.796311302888 52.1481101515215 56.3635193316477 63.5970639018101 63.2317942306485 58.5383322348864 60.5086211651847 38.9131478494562 47.054658956219 49.5207432321456 61.1392802770849 57.8357517989694 48.6552772150514 41.6962918012751 45.9237179195025 47.8208392874469 44.3963043586006 77.941419747759 58.8765226134894 38.0826239958847 44.5490907533898 33.8018184343332 50.0371658624457 65.1070547587351 56.9787847757272 53.7960335748601 44.9448588116862 49.8977111153476 72.1912409763324 97.0336718558501 77.3230069690344 41.238336810335 37.2318064452243 31.4746753986236 35.6285585732176 31.6197186677009
48.9667535153395 58.1801663901189 51.3027041672802 51.2747614831074 56.9207095208217 56.6296433210297 33.5242278545893 34.2336378065577 49.0162885321289 44.9647490551709 33.9269326501526 49.3710169616867 41.3117327551027 44.3116846540922 50.4430583389512 63.4707213078831 41.0763085331971 23.0020530578103 33.1309498387454 31.013015922896 65.3950624616783 61.4541363793231 48.6970742949431 55.7448476345865 45.0491095934303 42.3046387232665 62.9322673492798 70.3057465506817 43.4717762729647 49.169528935221 43.9864906351903 48.8954673059899 37.9583860389722 59.4155479838744 53.2973663396393 60.9821944737727 69.8592525921232 49.2548093695755 58.866308295263 66.8004254561511 59.8291527836604 45.1702979205425 39.4099760464368 32.0706668403703 29.487526486261 30.9222785193166
55.435490810559 45.1621909062442 45.8487068870949 56.3264669984945 52.4186882155849 60.7863006996312 37.9388971657912 40.3184969049963 50.1834630067952 50.498737735811 45.9062451250332 52.7715051952651 44.1379364704049 33.2027110300715 49.7490174990729 74.1847638781754 48.2670899350335 28.0616265703437 27.475864181161 33.1425015622808 63.3185116234389 81.4025404169097 42.1872597561101 52.061043705978 55.1203764599919 60.8447293716992 64.0835460908 50.9651684830534 31.497532395509 31.1606609126618 38.6792563685524 41.3882601627726 56.6053209714724 52.9525273841199 63.5560492026773 65.5552883526613 67.9054553984014 64.0201728073703 51.7797983981877 45.234404526705 57.8530422378546 48.3112234112871 74.0148558839605 25.7420371357439 24.4912991709905 27.9996933055238
51.4902466923817 58.0315131277637 56.4437359012352 44.9184683535287 47.539113634436 66.6839557255027 48.9517368226099 53.30744962401 59.7904034810188 55.4491395517098 57.097821918205 53.4869654898485 33.6345359507675 28.4316463941722 28.5823808995602 60.1381167004657 56.3594853364009 44.6154994323423 37.1672151669594 40.2919788962294 55.9647130869119 53.9826220504927 51.3068158122297 45.6651201628399 46.894055298038 95.7520292354454 50.8182550281347 44.4481820207391 42.9951580368094 48.8176785560312 54.5014716360997 51.6369533522967 51.8106504247653 51.5177695096965 55.4333980682869 53.3260420743665 68.4460622328919 59.7361455164952 56.3634996053713 57.5530877803794 50.1136218686959 61.6949708954678 45.1440035278272 32.5966660541969 38.914387009358 27.6780974499187
55.5286447832108 63.2395272548523 73.9969215569608 46.1005412898685 43.7805799875377 63.3741758926333 46.4020952340779 50.1899831450737 60.6596090767215 59.1008365478014 47.4835273761033 33.3178643116574 38.23531804719 50.5130164048257 41.5498748189918 47.4322081060308 43.7553325514507 47.8421743089468 39.6038810661665 41.8514268372088 50.7140188197579 63.8325069674015 67.3511737520616 48.4405623608918 81.6603716922462 57.2119251835554 46.5498259965393 50.309579339356 59.8890669729779 53.6552140778241 57.6104237989527 63.8837117199355 51.7535094582965 45.4504718459329 54.1127522374078 57.568536128423 37.9129644058178 40.5451060980647 42.5391520361926 49.7110959869924 46.3261182836175 38.6144731711191 30.4008359556297 25.936638372512 32.5790529714039 28.2175222405572
77.074760859986 53.6292149630245 60.0141295551128 50.7832778443674 63.3534113181152 55.7731682140347 56.350436243113 43.6563648837758 53.3103774367935 65.8225984887389 48.340292113366 52.786170001844 74.7506200635341 50.6638674369839 59.1982523432145 43.0261298343192 41.3183750974427 47.6853584821314 43.4007894810347 40.7380576477077 44.8137503994813 52.1777967098501 43.0990497750315 51.1251925128109 65.20401156507 49.7478233192588 37.219554364949 37.6603044049889 49.7230045052716 58.5081200440022 66.1793324480361 64.7057360352559 57.9866604241568 50.9519633657575 46.76497117104 44.4258680886008 49.0023019988193 43.5187124496832 39.1293898353806 44.6263498627249 43.7761299488547 29.295537031852 30.3300923363488 27.3897550916206 26.6374872998895 27.1563450080276
59.2448274801593 52.4403654830455 50.7368725012858 53.6505584228358 51.3276864378331 56.5794839622671 67.4193455372544 57.9059406270357 55.7945666182262 77.6856763582307 50.8919607275866 69.3717064942541 62.774771624681 49.7691330831982 50.700697524682 45.7067137042838 44.4204491260815 45.4543964949988 40.0664788150442 30.5724253443058 35.6090677727545 30.4719626716036 44.9680910810048 46.3098419207916 45.7377611041412 36.7327495683048 41.9343427825391 47.7578115733937 47.4670673189747 37.3432824786137 60.5636130750892 46.9334630052266 50.9994855069586 49.9027525056893 50.068101524045 48.5669778358169 47.9701071614849 52.015640092479 36.3554701944373 37.1402912548194 41.8078107072443 38.2326366625302 29.2414633744742 25.7350784650774 25.9564363788179 39.6363431684631
45.9588238345484 56.9618384923131 47.7134826922964 50.4438687752779 55.3114193313212 76.1094264730556 76.86620247366 92.0484493658666 53.5124882849848 67.8718985923757 71.8050315493137 53.5095037803616 56.5531594430458 56.8112416707121 51.417781318396 41.6792296314875 41.9891345652353 45.5190781633412 42.7708036871461 40.9753174935518 41.8819865578054 40.1786342466275 35.5752182027394 36.671563234566 43.6591468021719 39.626166207468 42.3966989276204 39.5730821944006 48.2475149795656 38.5804166657743 46.0323825780148 46.2432857895753 43.8915988486885 48.3897215709223 46.6469071803409 49.0009347791028 57.1800252817798 50.1948932655354 42.8805796788257 46.4902336960363 55.4941240400673 51.4612259334072 33.6711818303885 30.7063916325372 28.7669699901082 34.1856930361956
45.3277709580936 54.7371539006732 51.2626483939699 52.4667381143506 57.1056098724668 56.8177392974019 49.7776757867489 52.1279968078909 48.4367873453893 54.034812884633 55.3425379010364 47.8721128848241 50.9142031333552 44.6923678917011 40.1288537700074 55.480809061873 46.4731434201508 42.0379075432977 54.3869200796379 45.7226194377362 36.9790749685913 42.705911867215 46.7533166232775 33.2208816055042 48.8310200635468 57.4782740881479 40.1655780945031 45.2232838893912 49.5373104432033 36.8966233802103 51.7056961190432 45.3857376621722 43.9356598451429 54.2941741233951 48.5786230626604 47.3549844711888 59.5054062005738 57.7461048916363 49.3420255681404 58.6086519627336 57.5613464412607 56.0492131757859 61.9329123247636 34.88083148046 47.4081659544987 33.0855240357074
46.9978074262257 44.9959828431257 39.5301916081428 35.1325410300371 33.2781840011226 45.5842378225207 37.1468931430802 50.3894898199335 45.9044701476355 49.3159157743386 46.9543039223161 43.284132245055 44.9093934889251 32.7071992676815 37.8198440282086 59.275801073641 38.7002047460655 39.4132679036543 41.8136313877557 40.3661722816802 49.878740641556 44.9059663448989 41.9452530074378 31.0759034047021 33.5131252502644 46.7810059756497 35.9945179516179 43.0365356881691 37.9180455203182 46.0165676846265 58.5760090895703 47.2191554112291 47.204330287913 49.3280933520239 56.5395312985966 55.262837148748 51.6797730351654 51.874570936125 47.5743094609719 61.8769338267698 58.2105342979586 67.237068898797 70.7173195292084 53.7136826547778 54.1086310356828 48.461779957234
65.213041487658 49.5239355251851 38.258555353741 46.4524555295696 33.1148548498234 36.385483782336 44.2848098772417 42.2865839480398 44.2313534779856 47.000183792955 52.6475522666489 55.8307687993084 45.8845637533326 44.0746620506739 37.8129838668735 30.9392989052688 47.9541760157623 41.8161281895785 29.0687990425587 36.7256591500618 46.1886999291913 40.884038267336 37.2146748432829 27.4861141220962 29.8388428409918 38.285640480926 37.2499983485821 52.6135080910237 44.4280850562698 52.7362512907461 67.7964081466711 49.1742904250495 59.1458077339653 49.6020551456231 59.6726016496845 60.9415495485589 65.1056185792421 59.3401938717659 50.1044565433013 57.0747761502705 56.2641699948813 71.0585212693212 64.4265418876764 77.0774596413965 55.5504125192443 63.3558154194961
47.81497862683 63.6986677654336 60.4134414408552 59.4673832800467 49.7978847265855 51.8170660259841 50.7256002425906 50.9296588645405 31.0781589126669 42.5471078409103 48.9961067786567 45.8466005856324 46.0655984712631 46.6425178413655 43.527494785933 42.7718840640819 46.4368636492842 46.3857717499064 30.1894388663582 31.4477758635444 33.3231113811777 30.3624438656879 37.0155738016379 35.145772303096 43.206253725672 38.6999050229002 43.8208725787281 56.2833313367003 47.8751154027335 46.4482853373687 43.7129412839494 52.4921658455435 61.2197052928061 40.8987943137351 45.1724913231475 56.4177114783742 49.8401112311178 50.1681647347424 57.7160370318393 48.1296876274696 65.4787091399846 55.1543199886451 63.7811515686304 64.3307006135613 56.8845973568117 64.5039700466996
35.295884027567 49.7240517583799 67.231106555214 67.214829768805 67.2073640347303 67.1879832326912 67.2660376126606 67.2437758652507 67.2725128256672 67.3506665623583 60.5813008132091 54.7188345621652 47.682752289077 44.7546609889146 44.8475858261172 32.5335987726739 32.9680388961716 45.7705495969388 37.4887309988553 28.0360069230912 30.3796197993858 26.1211502600929 36.0904490374465 52.1826261391043 36.5502775490247 40.4091293400494 45.2880296584265 47.8376616428579 47.5526421473918 51.7806356123625 62.1612288165112 63.1513063749006 56.2188307913918 47.1362970350948 47.7982702566099 54.1213604090624 52.9276726976412 66.0768755342532 65.0185243796641 60.9570685327217 61.0062535752666 56.9164202821033 53.9592398816607 54.0472025139932 53.5188197001568 58.9820538427629
37.0029574812637 56.9664896262258 63.6422688955372 60.2178964954388 67.244085425624 61.8104728828751 67.2655956969025 64.9937111716625 61.6609620552199 67.1799937370284 67.1804889210595 67.2467123101065 64.9200517815744 43.4202267408805 45.0501392947437 45.9962464990126 30.4679101578551 33.2079841871684 36.1812171111508 29.4974927500484 28.1657581237025 28.4159258389637 28.7179150193895 44.0994938107557 31.4987673265616 46.0472588036494 55.254866566298 43.5537713364272 47.5577525771587 45.2474889781476 60.4744445964758 67.4940386700512 46.8689811915366 36.1810118178948 44.0358118070841 60.7396258240279 63.6641412737906 55.6642772721739 59.7633494924217 56.6212483584342 52.4445525943594 58.8309440836823 47.2792522661934 53.4647024471796 49.6495609029967 44.7656093883593
41.6001395717084 37.991481068452 45.0429488569992 61.3698279054351 57.0158442601811 54.9058363229747 67.4244650909923 63.6489890595612 65.209352991516 67.1303933369814 67.1343149327798 67.153441328219 67.1702074886851 55.9065508178787 45.1431832263641 42.1767344914241 41.5958478271268 36.0397318673598 33.2851006529679 26.2912461876078 26.518724217424 42.2955132988813 42.3976851970703 37.3574553004103 46.9195021276041 48.8492923982971 47.4776937352893 27.8059691391616 27.5933845644786 35.5283639258762 53.8909569367506 61.3785309895589 51.7436201359516 47.7841808935398 60.3961359429061 61.7666266660051 67.9853654107289 66.836437263432 59.7220119677223 59.689168680561 60.882754235773 51.3950338722978 32.7439394858363 44.3947620664607 54.3442774355746 50.4155593401567
140.714260935334 35.6721029570042 35.7772661700347 48.0852189402106 54.0659638688002 53.9569112135183 66.1491580140765 63.8753286440646 65.9469253289385 67.1235726103573 67.1187554236526 67.1213636217038 67.1186913855942 67.1197307189913 67.1607719096173 61.364767153509 60.2534826569331 51.7941462856818 47.889820141747 45.1083699238052 43.164561606829 60.2994966690595 56.1715414927234 45.204234420403 52.2055397981525 56.1011070649275 58.8374727907879 35.6263242091421 31.4080693864156 24.6642797263439 37.255748610162 58.0646767192638 55.8895375341566 64.9417776588625 63.961242971966 68.2216266823699 66.528572422061 67.0084057003878 63.1288120728386 63.8519300146632 61.8178872218798 52.5542948555297 56.4555617035191 54.6111522076002 59.0106346130326 51.1732757127082
134.959715743563 108.032562834387 144.573993826947 89.8468904044692 54.3048726196522 45.772831527466 51.0138714248417 51.8695738441968 61.4097226666011 62.4691746686017 67.128333161369 67.1273171711357 67.1226932480092 67.1272032306732 67.1216689440258 67.1222965727551 67.1225636002823 67.1389594646527 67.1494596356581 67.1505603137294 64.8212136077231 67.185316273824 67.1777814759265 51.831648603457 50.8360418275164 58.6256024223579 42.4882045445272 37.9487559590282 27.7705437248546 29.856207551195 39.8873800707643 47.8218966694576 67.2212681335541 64.949504248884 65.3148861308431 68.343594681623 59.2814606283971 50.4238860169798 68.0049047640446 68.4420562402324 50.1083726148785 57.9278431267853 59.6827267317967 46.9577276258517 49.7305857557307 61.6170184098569
130.358074847938 121.459282355816 135.955151700872 136.45367189074 143.900599904534 95.6127572257188 73.2448939646064 40.2542832499558 48.0192012988997 64.8487254748778 63.6031456105209 67.1590596894089 67.1328347659832 67.1507651436149 67.1538450277085 62.4616800859249 54.8026575790335 65.9424806155932 67.1191253532566 67.1187001729675 67.121360103644 67.1502025495752 67.1590148570056 67.1626426774574 67.1777098217673 67.2142627034996 61.6983090113989 40.390642296711 29.0613273654176 28.0903542358064 40.7870957580009 65.2659201978218 67.7147269431055 67.5953351451909 67.8381086707514 60.9608962754297 59.0292814503007 65.8450635281949 67.9635303684735 66.0452855631525 42.9892455474742 60.0344446737829 68.2062939312729 59.6103783474268 62.2491660610457 63.5287085668794
