0,34.0313578824058,34.5417795571986,33.4609397074421,43.9450287800797,43.2417026992319,47.1497570391233,41.6884059488682,65.1964000476797,63.8168430443655,89.8549642219371,60.2474166388467,61.415820157523,58.5484005867165,71.1304146855843,63.4099338566022,55.2744857021005,57.0206949032178,56.3126247015078,54.0204679006221,48.033725268454,46.777076651906,46.3597777692302,76.6114987802622,90.6636023030992,100.278601133958,80.978176669438,81.9930721281733,56.2351691322288,58.1399724630345,60.4506668181789,67.5419110306401,76.5150956408357,45.9851841141584,60.7498381020306,62.0963717633109,54.6370414039221,86.9367459077497,85.0565291200861,84.1425044072499,89.6470294215925,92.4032603346553,95.695108236607,95.1011167158953,88.2005697647443,89.1622772556707,88.4099075367853,88.8062546234216,87.4067483324889,86.8390158682969,88.4389758301204,55.3368652359125,54.8454707225907,54.9805578882074,51.7474575857653,55.4973429175161,52.5630163769621,54.1963170108718,41.945804097706,44.4684960500414,45.079441052357,43.0057264380599,41.2978366520449,74.9280915487734,55.69106803302,57.2582057782924,94.6665239070658,95.5629889314459,93.1277573074252,89.6607637123848,87.0044230042586,92.858194946859,86.5171190159046,89.1991039274827,88.4296989057838,58.2918345133652,58.2267599576149,89.2345003299931,51.6207363578858,53.6761872677911,60.3001797666923
34.0313578824058,0,37.6717578198503,31.6813252665803,38.234595907025,44.3352020223254,47.7426134727879,39.796909424629,65.5994051074092,64.2236043297203,91.1531261568997,60.6857323713769,61.8463103678915,58.9740881513725,72.5944354839408,64.8113871228156,56.1520426220968,57.924414126472,57.1858640193018,54.9335442679363,49.7817379687535,48.5628709354742,48.1638480860857,77.6320128522532,92.0896639236255,101.68683702125,81.8203845257722,82.8894994695549,57.8083414823973,58.5050266209815,60.8056006387263,67.9357172391099,77.92650827608,47.8004806182609,62.1300761006546,63.4757096560703,55.0938316348929,88.2704065918106,86.3938538754464,85.4756867392552,90.9615066802691,93.7166980027201,97.005097817067,96.4101666119343,89.5128959908947,90.4814342697229,89.7245427567369,90.1226356394368,88.7220719005084,88.1539029115633,89.7608856110728,56.5284750227658,56.065380859062,56.2239527240829,52.8241994727905,56.9493789096409,54.0117674546191,55.6034235250839,43.6381855625571,46.4038632195183,47.1187350883435,45.1003534009453,43.5373305266694,75.7193843010739,55.9935461850506,57.9705154291744,96.0193129070361,96.9201905123577,94.4828853889343,91.0139969407606,88.3007694185354,94.154882148926,87.8246366742779,90.5074036999741,89.7148282650528,59.3167431460126,59.2663479407164,90.5157246050335,52.9069249615691,55.9033390872097,60.6473570705308
34.5417795571986,37.6717578198503,0,41.2660055232063,48.0565431858613,35.1880629900296,43.3271254639738,35.8587055437483,67.1146334667627,65.7212133236546,91.2415050763576,62.2781480345535,63.4400401012305,60.5318132009693,72.5758925162543,64.7793859212144,57.856975650363,59.581076908092,58.8762312797753,56.5943327515632,50.5171548191342,49.0875291335015,48.7430815972265,77.7223943067705,92.1939460977182,101.784445746543,82.0666836195908,83.0738501618276,57.9016591562926,59.5529064250227,61.8474910184862,69.1485568509853,78.0054961364099,48.1101722344783,62.0811271665775,63.4127143474819,56.7213658609768,88.3508341363955,86.4744991943137,85.5576669693509,91.0411830079091,93.7973903596223,97.0851294319685,96.4912663393089,89.598196342627,90.5660294385434,89.8102554690908,90.2073745244963,88.807989058361,88.2390515277018,89.8453710471786,57.9310502870972,57.4615821514039,57.550738205038,54.3804931244059,57.9325448099676,55.0411783661515,56.7173115837549,41.6114468388599,47.052244055855,47.6426896054537,45.7200704036871,43.9780041597503,77.4089246840465,55.4002936193155,58.2077346849865,96.1055653693974,97.0068223753851,94.5691676853948,91.0999624934575,88.3865521809184,94.2401453072051,87.9102721057863,90.5926539733258,89.801593404968,59.144575662357,59.1285352731768,90.4914149173378,52.0991781692799,55.4959430266386,62.1965156556488
33.4609397074421,31.6813252665803,41.2660055232063,0,32.1439393442764,45.2929744806112,47.3135688218612,41.9689960297611,60.9778888375804,59.6172122144871,87.0578932395984,55.9308320999413,57.0998320657348,54.2748343708312,68.4337561682808,60.7238117354576,50.757919526317,52.5605332868126,51.8148997273174,49.5538363721659,44.6322103240391,43.5939393035903,43.128281337952,73.8126976531993,87.8519049511838,97.4730856615771,78.0410448516438,79.1112653987846,53.4383673655164,54.460832744789,56.7819087075645,63.6678191955468,73.7269869029321,43.0183452945117,58.0786252149037,59.4378524187387,50.275643515455,84.1470439946727,82.266633426686,81.3513713316157,86.8579784925761,89.6132743690301,92.9057210484223,92.3107472645854,85.406348357088,86.3687147722615,85.6153102502541,86.0125557617016,84.6119638779576,84.0449378684613,85.6455183335899,51.1526923503924,50.6680405606596,50.8818865238447,47.3892049676705,51.7825985870693,48.799619005723,50.3388002825521,40.8280747003275,41.2090925875584,41.9767771886238,39.8308878079245,38.3513541151116,70.4434755869264,53.6100455933979,54.342648433067,91.8714721054018,92.7675911853979,90.3326806686618,86.8659779241304,84.2097310645343,90.0639802276386,83.7225820645604,86.4049221337534,85.6340838380789,55.728145075734,55.6325799483543,86.5395878538568,49.5889777642707,51.4768396691424,56.06100204117
43.9450287800797,38.234595907025,48.0565431858613,32.1439393442764,0,50.9380381672056,52.5705639178239,46.523900435143,65.4570991721726,64.1018585962942,92.3892325507189,60.4344824144815,61.5958717435721,58.7703669976486,73.9016998566811,66.140428576777,55.6783585253142,57.5066428766913,56.7306629276446,54.5095764486384,50.3800344459792,49.3561523165037,48.9133345764992,78.9167360395691,93.2905302908579,102.896716852258,82.9954263743511,84.1123130970215,58.9984369091532,58.964161382611,61.2785547165576,68.1722871996024,79.1530348012809,48.790798463883,63.4778185491685,64.8362413254653,54.7931672891481,89.5080975299631,87.6307534356155,86.7120284737702,92.2029876065924,94.9574125333788,98.2469780049294,97.6512161146407,90.7495507703783,91.7176353358539,90.9604455379632,91.3591524899239,89.9576755560336,89.3902839824465,90.9967434525436,56.3837828064522,55.9294755542846,56.1614386900468,52.5106328902971,57.2524998334467,54.2700253532642,55.7731980262716,46.4561784196309,47.131531131674,47.979627793127,45.9047488248738,44.5284199430889,75.2774997675239,58.3799347228988,59.2031606001431,97.2485685944178,98.1483863367402,95.7117366210803,92.2434446224672,89.5395618653278,95.3940982241651,89.0617594024489,91.7447546409773,90.9545310171595,60.8525896579325,60.7656137363901,91.8577380092038,54.9311936146248,57.5252634833063,60.4851693668655
43.2417026992319,44.3352020223254,35.1880629900296,45.2929744806112,50.9380381672056,0,34.6322369069575,32.8387421349007,67.3477203523236,65.9410389802142,90.9539759408807,62.6103514760043,63.7671844518124,60.8220305560321,72.3494720411405,64.4769034013239,58.6622885359408,60.3678926329361,59.665748089771,57.3924368706346,51.2620538114731,49.6865084534232,49.4074290707198,77.1613666872316,92.0467308328672,101.613395512354,81.486842696127,82.4845420832738,57.8912108593221,59.3214950241063,61.6022471413816,69.0947099303456,77.8197781805506,48.5484042315924,61.7407921731334,63.0577742996979,57.1006972809103,88.0903028597872,86.217765371155,85.2981732800726,90.7611368148802,93.5173163875643,96.8010334009932,96.2072918404096,89.3215232872849,90.2953530519673,89.5362422955657,89.9341221827835,88.5348479061673,87.9647361111027,89.5772807517069,58.7473222507717,58.2964308829813,58.3473748029528,55.228258160392,58.6172462469803,55.7632481025609,57.4750614815231,39.5180145649655,47.9015445390814,48.489435222183,46.6977154688519,44.9524272678408,78.1286932639301,53.3102439493213,57.4896039480919,95.8693764971892,96.7753134716038,94.3352945200593,90.8639312611979,88.0947096422044,93.9481286186925,87.6292205100374,90.3119924114271,89.4997261858948,58.3136789511774,58.3495059343466,90.0761107035843,50.8697424603556,55.7477770588084,62.4170702998852
47.1497570391233,47.7426134727879,43.3271254639738,47.3135688218612,52.5705639178239,34.6322369069575,0,35.1895346974263,66.6837737196346,65.2645677180466,89.7686078902016,62.0309452082119,63.1842510871911,60.206459663197,71.2234554621885,63.2782075909898,58.4676412182632,60.1571340840931,59.4582242959558,57.1906791807322,51.0046545121275,49.3092976945103,49.0855046253875,75.7162025537332,90.9918267997335,100.536352872442,80.0294232130303,81.0152126797473,56.9667143081309,58.2401147298067,60.5097018784027,68.1718453723175,76.7293037341808,48.036892281963,60.5061290312016,61.8094083480431,56.5613949144315,86.9300246021974,85.0610259025112,84.1388664621604,89.5826620592627,92.3388237218986,95.6187839890336,95.0251649499762,88.1462359301513,89.1256449852333,88.3634345592689,88.7620163884255,87.36285332929,86.7916431302476,88.4099798640725,58.5522102973523,58.1157751696428,58.1347614642713,55.0620932502138,58.3067511243665,55.4844586374782,57.2267436411879,36.6422672827181,47.7357497095228,48.3279171787498,46.6411119064188,44.9045369005855,77.8659885264469,50.1968716406125,55.8979991273237,94.7317646154151,95.642055602999,93.1998373785642,89.7264665297102,86.9052931572982,92.7585439641093,86.4498578597944,89.1329897770186,88.3009736578112,56.5912339922828,56.6810762514784,88.7693231272836,48.7381035074184,55.1475273278754,61.7502312889703
41.6884059488682,39.796909424629,35.8587055437483,41.9689960297611,46.523900435143,32.8387421349007,35.1895346974263,0,64.4582899533067,63.0565482925942,89.1197259911471,59.7502771023325,60.8995717085919,57.9521412943475,70.6913536627361,62.7719969683173,56.178932843807,57.9100494510605,57.1797571592219,54.9421509430011,49.5709624151711,48.0824409700884,47.7946898001336,75.0880000294006,90.3143147081231,99.8683171615682,79.2046542347758,80.2698044480416,56.2824255525336,56.4202485795811,58.6890804239635,66.217462943505,76.0837212324009,47.0312411633044,60.0243865232243,61.3457823631588,54.2556527129301,86.2885910592939,84.4190523722371,83.4955217801456,88.9435871624304,91.6985423314602,94.9795940252041,94.38469400744,87.500222145032,88.4800276591794,87.7167360980643,88.1164177106435,86.7158486076879,86.145636290454,87.7643031447939,56.5511448423571,56.1215600082227,56.2027110066739,52.9215301209073,56.6912719727483,53.8229589030238,55.4874192893153,39.2024624477384,46.3279596829919,47.0049105056713,45.202140039709,43.5799329832752,75.5726901340038,50.3352006415327,55.0727766628677,94.0816959903095,94.9912039920926,92.5495662038436,89.0767226694193,86.2598309179138,92.1137152198818,85.8037683953647,88.4873297330551,87.6550923458496,56.3250340423946,56.3639882980367,88.2673969206787,49.3895261564872,54.7387111520268,59.4690580528516
65.1964000476797,65.5994051074092,67.1146334667627,60.9778888375804,65.4570991721726,67.3477203523236,66.6837737196346,64.4582899533067,0,25.5048599847126,96.4418554909563,39.7522226444114,40.1052361714355,33.4174710478192,79.5394072398347,71.3189110411532,55.7976114660846,57.4950695157767,56.4455970359892,54.8522096665141,58.4320082990578,57.3582704696511,57.1010118354641,80.8528014940793,98.4832801263873,107.937401605033,83.0893660626038,84.871165030516,65.3914581542681,50.7452100122648,53.5267794064958,54.2731830383315,84.2455519582462,56.7910712995999,68.5265058780086,69.9056928416068,37.1509343758829,93.9002921210673,92.0556017251184,91.0966759311815,96.4241168091357,99.1667639628406,102.426975494443,101.820163306153,94.9379774478213,95.9695674883952,95.1688628079235,95.5855995458014,94.1718805908902,93.6022635066251,95.2738858782047,60.3981135979935,60.4253487959104,60.5673471594221,55.6157319119694,63.1908524783164,60.3001089077366,61.5835758028787,56.4037117043054,56.2532589268653,57.4825330260529,55.8698639672615,54.9210699503676,72.3577573697102,66.0363345396559,59.5940704274475,101.80324389304,102.74256355029,100.287649136864,96.8026678328133,93.5824757143608,99.4414242408683,93.2058653932943,95.8968561790591,94.8940419143685,64.4082099433504,64.1745797659181,96.0805551362351,61.6354434166431,67.2547044788468,41.9987752159751
63.8168430443655,64.2236043297203,65.7212133236546,59.6172122144871,64.1018585962942,65.9410389802142,65.2645677180466,63.0565482925942,25.5048599847126,0,94.9227454607563,38.4748786570344,39.1905161250521,32.4756518503708,78.0604629465706,69.8264313641341,54.5013429302481,56.1920387305112,55.147334014994,53.5498745227939,57.054370411276,55.9680326045585,55.7149573104794,79.2751215359551,96.9991413540455,106.448328140374,81.4688543967588,83.2663367088067,63.9403663810667,49.0407487594194,51.8445089148797,52.291300536467,82.7568546283221,55.3870353034736,67.0295472591163,68.408626809391,35.7552348302754,92.3908926335915,90.5471856172424,89.5871340474967,94.9095937837543,97.6519412259516,100.91124873793,100.304160525744,93.4227617735713,94.4562080646438,93.6542637919727,94.0714880901455,92.657464591758,92.0877418801771,93.7612721682553,59.0684684701055,59.0939492615331,59.2314330875275,54.2995606779176,61.827609015612,58.9403013377157,60.2299942593911,54.9592460626186,54.8738046776567,56.0992215220608,54.4914268064548,53.5381098594069,71.053473585088,64.5719038767349,57.9984765653398,100.299007969251,101.239528027857,98.7840486667372,95.298551368512,92.0629533031226,97.9220083733665,91.6893464258373,94.3805561779089,93.3714938113892,62.8708712581359,62.6338177179246,94.5614250353412,60.1526345238799,65.8417210718495,41.41842193962
89.8549642219371,91.1531261568997,91.2415050763576,87.0578932395984,92.3892325507189,90.9539759408807,89.7686078902016,89.1197259911471,96.4418554909563,94.9227454607563,0,92.0428380151282,93.2226820855311,90.0853527596274,80.1986948571038,69.8331467274288,88.7912702494529,90.2633210090118,89.7160922035278,87.3176629099519,78.7490506299298,75.7481202602951,76.2667410943039,89.0119259304602,81.9948169365199,87.6615424478724,98.5521133760636,98.3643113990392,70.2490833173685,86.5786266207222,88.9733513488812,96.5780986961356,70.2254890143463,73.1599196050857,67.880641183245,70.2853319478957,86.7038390411805,58.8360679991029,57.3632943694329,53.3494570186645,61.7039432086201,62.6410484952095,67.4638114796321,64.9516786002709,45.100582174781,49.0311157619466,43.0749132531594,47.9520791580254,41.0449314970273,44.2855122544654,49.0861748510977,87.542923138178,87.1738933854975,86.7337730229704,84.7840295490191,84.8856664607143,82.6199241548195,84.8997536206393,76.4910549122778,76.9589870598254,77.9512938053456,77.1887460169286,75.9929274456592,108.129896074552,89.3454812912555,80.6494886760253,65.2225998143072,67.8297274194391,64.7799733577625,60.7702015166644,47.9496530138055,55.3814237237155,42.7359854129649,47.083130354766,52.8055351630736,79.6033934305382,78.3808557522786,94.5646196141584,79.1813177246691,85.4313789661631,91.8976906065848
60.2474166388467,60.6857323713769,62.2781480345535,55.9308320999413,60.4344824144815,62.6103514760043,62.0309452082119,59.7502771023325,39.7522226444114,38.4748786570344,92.0428380151282,0,23.5640008172322,26.8038199419002,74.9341832382859,66.7994214408089,49.1980467665166,50.8557759919344,49.771000412323,48.2760427253336,53.1155745304884,52.1394863840975,51.8579932104538,76.8320960218868,93.8776686106254,103.362244102664,79.3084404646109,81.0097113290742,60.5936360034104,48.1004199948723,50.8191918699056,52.4929350317274,79.6733881272923,51.6865285919502,64.039253669088,65.4230701981488,24.2142130884485,89.4477767633549,87.5973196743835,86.6444810404879,92.0015752079011,94.745609542452,98.0113037539995,97.4057197183196,90.5175067336768,91.5385960267699,90.7446840376207,91.1589303999357,89.7465743632953,89.177828601581,90.8386380871236,54.4216641267887,54.5143583852719,54.6668016420627,49.4772321775704,57.6225000847773,54.7142016024713,55.935206990392,51.8105128615017,51.0035346366511,52.2793840590126,50.6483820489214,49.7511569154204,65.1913347533622,61.7502778045373,55.8443420446356,97.3190442523137,98.2513159079213,95.7997704408623,92.3178657858012,89.1867909872338,95.0453100290361,88.7928232027385,91.4826802554958,90.5155694881381,60.2856324712108,60.0530785027613,91.722037239706,57.2441250034562,62.3109717578034,41.0952213904361
61.415820157523,61.8463103678915,63.4400401012305,57.0998320657348,61.5958717435721,63.7671844518124,63.1842510871911,60.8995717085919,40.1052361714355,39.1905161250521,93.2226820855311,23.5640008172322,0,26.6113814605051,76.1192854469476,67.9805142612746,50.5762237978597,52.2489564445038,51.165402543471,49.6566231532886,54.3402131815829,53.3579875786622,53.0771924536022,77.9938032822588,95.0659799150389,104.549177115473,80.4622298755063,82.1654419699739,61.7893645657436,49.1683348822455,51.8829432221153,53.5971435546524,80.8596710129593,52.8970101880343,65.2184804976867,66.6017129073846,27.4391702086194,90.6294315497187,88.7792061104647,87.8261738364589,93.1820337720335,95.9260487203988,99.1915052196721,98.585910103638,91.6980772836331,92.7195507026184,91.9254126026878,92.339722793482,90.9273535696404,90.3585480343927,92.0197551017016,55.719466032634,55.8020030048117,55.9568541437484,50.7913250990384,58.8781848118841,55.9699559696543,57.1964314479879,52.9720621124848,52.2185965676076,53.4899012275715,51.8580396003984,50.9560448214674,66.6855649080294,62.8822544714882,56.9813060253575,98.5021124988041,99.4346685721131,96.9829819682275,93.5009484654628,90.3664121954045,96.2249294526293,89.9731163437804,92.6630042139224,91.6945517966417,61.4386066210237,61.2078246316901,92.8963304845564,58.4015570520175,63.502765065122,41.5500123717185
58.5484005867165,58.9740881513725,60.5318132009693,54.2748343708312,58.7703669976486,60.8220305560321,60.206459663197,57.9521412943475,33.4174710478192,32.4756518503708,90.0853527596274,26.8038199419002,26.6113814605051,0,73.0708208078827,64.8983110787593,48.1737249720824,49.8454673797222,48.7760642166518,47.2407960381834,51.5608807491381,50.5429414832328,50.2721226669882,74.7089223902777,92.0123358891238,101.483421006576,77.0783021206343,78.8160703934216,58.8141092079845,45.4517883060767,48.2005133655035,49.4664114077247,77.7935989838026,50.0412415637063,62.1242104492389,63.5062522305095,26.5147862680834,87.5144381740192,85.6665559434633,84.7109610247702,90.0548487449111,92.7982357787151,96.0614959932073,95.4553340817879,88.5697053350482,89.5955123015045,88.7985314266927,89.2139175217937,87.8009211140515,87.2318052337309,88.8974710947011,53.1408800551802,53.2070683644196,53.3543129325552,48.2641660028373,56.1712756542766,53.2707932736787,54.5181358442416,49.9552329315816,49.4220521335423,50.6785572060003,49.0560516237278,48.1373736800318,64.3898627868371,59.7721425813287,53.6156779453218,95.3997502748906,96.3351687492335,93.882122904429,90.3988480285834,87.2278874696001,93.0866131484646,86.8416887683311,89.53206339878,88.5489411172908,58.2182770125544,57.9838165028695,89.7495405699171,55.2988539004804,60.6004032870482,38.04763663229
71.1304146855843,72.5944354839408,72.5758925162543,68.4337561682808,73.9016998566811,72.3494720411405,71.2234554621885,70.6913536627361,79.5394072398347,78.0604629465706,80.1986948571038,74.9341832382859,76.1192854469476,73.0708208078827,0,43.3945979161469,70.4070684836381,71.8499484433162,71.3498702446214,68.8817296240606,59.0607438821994,55.7776623225378,56.4027291793963,77.0440630313367,79.7999665554509,89.2594744041436,85.4254964610723,85.4321225453829,46.7313172064898,70.4963699476091,72.8610559252827,80.3644988450529,63.8850555091192,52.7886707580811,44.6262768475793,46.9041568233857,69.4887116825074,76.1656933493075,74.2198428407138,73.4686805795019,79.2673111019372,82.091822900436,85.4356803872405,84.9082612170484,78.1226144603143,78.911923791717,78.3058501067875,78.6188979016666,77.299420901264,76.702020024792,78.1282168252801,68.6336443157324,68.2276257055764,67.7337831316238,66.0643816609537,65.4812119309059,63.2520747388063,65.6233157420574,57.6269144083032,57.3018128282398,58.2586257180412,57.63358566998,56.4153366243332,89.9548894302634,71.5206577767477,65.1774238721858,83.8812528513741,84.7208488317143,82.3006451975081,78.8477877933709,77.2856860753404,83.1122082309489,76.5531407885167,79.2015855449209,79.0004261806929,62.9750912210131,61.9649702648052,80.0842347015374,60.622828192815,65.3735673025744,74.9331875826828
63.4099338566022,64.8113871228156,64.7793859212144,60.7238117354576,66.140428576777,64.4769034013239,63.2782075909898,62.7719969683173,71.3189110411532,69.8264313641341,69.8331467274288,66.7994214408089,67.9805142612746,64.8983110787593,43.3945979161469,0,62.8399920303765,64.3053486064118,63.7775087206813,61.3463522694634,52.1187626807925,48.9929547827159,49.539186585981,66.8195324698301,71.2554420481585,80.3545473825383,75.8176047910128,75.6845108001626,42.5673660587979,61.91488989398,64.2820466807517,71.8811332871481,54.7437110056874,46.1817995230939,24.8720763146484,29.1546172038095,61.3973736602282,65.9221987711706,64.0257588246224,63.2740243543887,68.781798921505,71.6312076878452,74.9137465439078,74.4140661628399,67.8099166503677,68.6506627046371,68.0324928738146,68.3318388487,67.0405018479976,66.4123994461637,67.893689096372,61.3592616477073,60.9641945255874,60.5182513886877,58.6724869816578,58.546982782852,56.2649121876018,58.5682113200226,49.6410311822798,50.2500962807851,51.1856504868554,50.4764741917503,49.2277253652854,82.2957935133536,63.2110714612591,56.0742535916181,74.0446801199535,74.944590548725,72.4908890615109,69.0074032759214,66.815062181164,72.6278148783201,66.1989374664524,68.8429183124578,68.4435128007022,53.6182748959627,52.4528603312956,67.0728031422797,52.1766030475132,58.2045907711735,66.7185016796781
55.2744857021005,56.1520426220968,57.856975650363,50.757919526317,55.6783585253142,58.6622885359408,58.4676412182632,56.178932843807,55.7976114660846,54.5013429302481,88.7912702494529,49.1980467665166,50.5762237978597,48.1737249720824,70.4070684836381,62.8399920303765,0,25.340733936722,19.8563277474035,19.7808925547165,43.7964473155351,43.4748242598655,43.0922789608245,76.0623089591482,89.2525799632237,98.942896363878,79.9954478890292,81.2165549512936,54.7315915848038,53.9561457687403,56.4253955337107,61.4596665904147,75.2882862048955,43.8702848664615,60.3018645257052,61.7253418348126,42.7108820267651,85.8493126439117,83.9607094886953,83.0470209121954,88.6010798718644,91.3535438180338,94.6558079698357,94.0575720819887,87.1267262883639,88.0791213123806,87.329180236451,87.727703004947,86.323496864965,85.7610343646558,87.3510627368541,37.6217589674822,38.7497169219243,38.7784427362045,30.4817928494346,45.296603032704,42.3503816188256,42.9993149116363,48.1505392432536,42.547347196599,44.2412048240965,42.6454041073856,42.1775279692175,49.2261521069364,60.1294905901897,56.7549875716171,93.5075846115538,94.393128332374,91.9640425607402,88.5026466609165,85.9589704488696,91.8150180328998,85.4507535889875,88.1334097531595,87.4004510818917,59.0281044729657,58.7763290029945,88.8115938158072,54.548589995172,56.0960600178912,51.8113982251897
57.0206949032178,57.924414126472,59.581076908092,52.5605332868126,57.5066428766913,60.3678926329361,60.1571340840931,57.9100494510605,57.4950695157767,56.1920387305112,90.2633210090118,50.8557759919344,52.2489564445038,49.8454673797222,71.8499484433162,64.3053486064118,25.340733936722,0,20.620505303891,16.1794101276493,45.1230785983096,44.7863026676204,44.428023100343,77.6335109491097,90.6673909055356,100.367112422878,81.6037697592504,82.8146108693372,56.1074112963167,55.663809956678,58.1347536564935,63.1622240663088,76.7175958780445,45.2157353554818,61.778141848447,63.205328473527,44.3400820452714,87.3091223547086,85.4189784588902,84.5065891102497,90.0688110572808,92.8214265411794,96.1252454998488,95.5271098383178,88.5938394413442,89.5436540177731,88.7952450748026,89.1933230224266,87.7892263759064,87.227149617838,88.8145076999351,37.7102644553285,39.3647061868992,38.8466315844968,31.1476414457133,45.9639288079873,43.1263767399754,43.7557994569139,49.7744363774249,44.0012253688735,45.7206807942545,44.1701804103189,43.7194182220149,45.4932676047242,61.8062427205394,58.3927602344728,94.9579301560514,95.8415597975923,93.4134253172784,89.9528974896496,87.4324155827417,93.2884574882523,86.9197260376252,89.6021671738933,88.8781585338968,60.6211659740347,60.3634468902197,90.3153549808268,56.1449236510028,57.6131105600978,53.5674053529096
56.3126247015078,57.1858640193018,58.8762312797753,51.8148997273174,56.7306629276446,59.665748089771,59.4582242959558,57.1797571592219,56.4455970359892,55.147334014994,89.7160922035278,49.771000412323,51.165402543471,48.7760642166518,71.3498702446214,63.7775087206813,19.8563277474035,20.620505303891,0,17.4174596127361,44.8157891368549,44.4712024347606,44.0997213227777,76.9645002628175,90.1888903207257,99.8777352580698,80.878346779553,82.1063011817277,55.6824718917326,54.7600464494845,57.2339437800662,62.2085650944336,76.2239507660033,44.8567837200625,61.2379463273519,62.6616829334813,43.2385066934407,86.7776919543628,84.8894232361264,83.9753085255906,89.5277004072153,92.280035436759,95.5820010627712,94.9836436159097,88.0529675617527,89.0060212935443,88.2556236543977,88.6543397812345,87.2499980391615,86.6875190341556,88.2782227593166,38.3982144221402,39.701760764731,39.5147412228631,31.5706801377136,46.1550230806633,43.2522952856591,43.911600319326,49.1267297504885,43.5867802677868,45.2779586196596,43.696075241999,43.2223349940863,47.2331599123925,61.0741321755775,57.6399897397107,94.4375748071175,95.3235195356914,92.8942503294183,89.4326867413361,86.8837098858556,92.7398063586616,86.3765363629857,89.0592777117686,88.3241174227311,59.9454621887394,59.6925703813758,89.7385129097918,55.4965568749088,57.0994115899477,52.5240861626177
54.0204679006221,54.9335442679363,56.5943327515632,49.5538363721659,54.5095764486384,57.3924368706346,57.1906791807322,54.9421509430011,54.8522096665141,53.5498745227939,87.3176629099519,48.2760427253336,49.6566231532886,47.2407960381834,68.8817296240606,61.3463522694634,19.7808925547165,16.1794101276493,17.4174596127361,0,42.0557420897737,41.7400648999049,41.3752429486389,74.7277742107601,87.700236667392,97.4030923208362,78.7232380874253,79.9256824011567,53.1190397070228,52.8764590407195,55.3433584666242,60.4256045490111,73.7537191546911,42.1864087531616,58.822541497427,60.2501694117421,41.7976537450183,84.3578171625005,82.4670704167009,81.5553268252596,87.1206430307814,89.8734092529404,93.1777995562971,92.5797981379057,85.6459185344888,86.59462958059,85.84693821749,86.2447499020637,84.8408026462093,84.278812759114,85.8650348846443,34.5803429738899,36.1645430574301,35.8009855148226,27.6295670885634,42.9373398237003,40.0699994473205,40.6795026507257,46.8087341556108,40.9400741090018,42.6676308388184,41.1125094222901,40.6711890801658,45.4455068873874,58.8806455416413,55.5158368672861,92.0033453722293,92.8862400488711,90.458455696094,86.9982476566164,84.4870935730959,90.3430879049862,83.9725849066999,86.6549052364438,85.9346452088669,57.7052307602191,57.4474401990103,87.373583697985,53.2006555952018,54.6006214633145,50.8744057086216
48.033725268454,49.7817379687535,50.5171548191342,44.6322103240391,50.3800344459792,51.2620538114731,51.0046545121275,49.5709624151711,58.4320082990578,57.054370411276,78.7490506299298,53.1155745304884,54.3402131815829,51.5608807491381,59.0607438821994,52.1187626807925,43.7964473155351,45.1230785983096,44.8157891368549,42.0557420897737,0,22.1315315539234,18.5379074116256,68.5847069909616,77.8658441721032,87.7565309624544,73.8930976965398,74.6852734269916,41.9187825390761,52.3796176773049,54.7550896735095,61.3399399300765,64.126533322317,26.5636767922667,49.8256924181751,51.2979026250616,47.3123388084767,75.468112472659,73.5418820803462,72.6665144171975,78.4154351943257,81.1758494635008,84.5144945854962,83.9230979941956,76.9487128094674,77.8337510866714,77.126734653304,77.5100722060054,76.1135520747007,75.5574810457671,77.0780940946021,39.7476614767679,38.9323451929323,38.5728201657191,37.9148356162563,35.8965101561389,32.6561573212795,34.9771189050736,39.3422817495336,22.7904930756782,26.6753260214397,26.7112680906314,27.4700643859972,64.1965946230766,53.7141982556992,51.2209687658352,82.9165189823328,83.7562131808411,81.3491585015955,77.9078847273538,75.9412830974959,81.7951274985853,75.3205579506992,77.9962615333054,77.4935382443645,51.4880058175767,51.1472300427371,79.190518734424,46.0258689289032,42.9755888718364,53.848493135862
46.777076651906,48.5628709354742,49.0875291335015,43.5939393035903,49.3561523165037,49.6865084534232,49.3092976945103,48.0824409700884,57.3582704696511,55.9680326045585,75.7481202602951,52.1394863840975,53.3579875786622,50.5429414832328,55.7776623225378,48.9929547827159,43.4748242598655,44.7863026676204,44.4712024347606,41.7400648999049,22.1315315539234,0,15.2130073760851,66.1581821397718,74.5741778363337,84.5082604004163,71.7204202222936,72.439599105377,38.2394129738266,50.8978444992833,53.2682310083781,59.992473006661,60.8823877523378,20.1001531794842,46.7629978687348,48.2509723640711,46.3850238423142,72.3952130081449,70.4607814888302,69.5935219746647,75.3851878252518,78.1471227288648,81.4938258393368,80.903691192778,73.9190047538545,74.7895892613185,74.0916632360653,74.4718895631714,73.0768224798276,72.5222717486562,74.0279791347222,39.6184319537734,38.9630385346962,38.3872090334549,37.8028290912677,34.9934543463749,32.2708875924385,34.8827615849805,37.2541952524696,23.6129964184278,25.8232057774034,26.5116709318487,26.4421676989891,63.7328846827145,51.8762203692014,49.2095071074472,79.7974799813808,80.6272400774185,78.2249732302197,74.7880736657565,72.9462450886069,78.7997276894728,72.3011427663313,74.9754161508135,74.5223538777043,49.1608620787473,48.7846115863613,76.3176857289378,43.7001727058546,40.100105694661,52.7629543473799
46.3597777692302,48.1638480860857,48.7430815972265,43.128281337952,48.9133345764992,49.4074290707198,49.0855046253875,47.7946898001336,57.1010118354641,55.7149573104794,76.2667410943039,51.8579932104538,53.0771924536022,50.2721226669882,56.4027291793963,49.539186585981,43.0922789608245,44.428023100343,44.0997213227777,41.3752429486389,18.5379074116256,15.2130073760851,0,66.37397301158,75.260508623511,85.167797786951,71.8296637728758,72.5775697549472,39.100078630229,50.7539922347296,53.1247507664617,59.8137058626798,61.5312349532257,22.1337645667888,47.2732484625116,48.7492346662903,46.0917578698934,72.951053756942,71.0212197586245,70.1499396353803,75.917303611196,78.6787168958119,82.0207874274381,81.4302857187818,74.4525851590248,75.3309357601219,74.6283431877319,75.0099756774526,73.6144868163084,73.0588457567422,74.5725836244827,39.3283130366993,38.6221853630139,38.1562284944257,37.4282110014956,35.1838046375276,32.2820775389456,34.7499948130539,37.1717092206106,21.1852589534551,24.1160565999094,25.0548153977657,25.3821591831198,63.3821510372629,51.7677772457517,49.2376473088999,80.3809269479197,81.2163387593856,78.8112852948555,75.3718416119233,73.4608381253251,79.3143658362377,72.8291400655875,75.504083165221,75.0241051256721,49.2978376239914,48.9414618246292,76.7394119343041,43.7767135297593,40.1125095511058,52.5026755355241
76.6114987802622,77.6320128522532,77.7223943067705,73.8126976531993,78.9167360395691,77.1613666872316,75.7162025537332,75.0880000294006,80.8528014940793,79.2751215359551,89.0119259304602,76.8320960218868,77.9938032822588,74.7089223902777,77.0440630313367,66.8195324698301,76.0623089591482,77.6335109491097,76.9645002628175,74.7277742107601,68.5847069909616,66.1581821397718,66.37397301158,0,95.2946659620505,104.116846438678,73.5566174858568,70.706105015743,66.6604390713427,69.3235539513795,71.7235332857444,79.8230264931043,80.3976940916354,64.0879961743771,63.3327417044044,64.7119743393974,71.6834533151087,87.499618019056,85.7789403815349,84.7016173394624,89.3680476443896,92.0939478891953,95.2244228716793,94.6059057886051,87.9118602639291,89.1551211236381,88.225475327529,88.6827221690672,87.2543710479957,86.6574294971491,88.5474780627192,76.092824220863,75.7648035765956,75.5440674535352,72.8175173578502,74.9547094882159,72.4227451382561,74.3984836186134,62.5239096587085,66.3137855620167,67.209110288864,66.1297340666055,64.8132403098959,95.0001056185886,73.7055991182883,60.2496388617323,96.0932785262286,97.1782932795695,94.6531652543807,91.1039800695732,86.0341470548613,91.8931533114529,86.0276219963956,88.7371402269527,86.9857120753422,59.4482972213332,57.41599326556,87.009894423989,63.8899447646129,74.3288786696569,76.3271240120249
90.6636023030992,92.0896639236255,92.1939460977182,87.8519049511838,93.2905302908579,92.0467308328672,90.9918267997335,90.3143147081231,98.4832801263873,96.9991413540455,81.9948169365199,93.8776686106254,95.0659799150389,92.0123358891238,79.7999665554509,71.2554420481585,89.2525799632237,90.6673909055356,90.1888903207257,87.700236667392,77.8658441721032,74.5741778363337,75.260508623511,95.2946659620505,0,52.0977368791112,103.879063962242,103.886657932018,66.5510541749338,89.454135716255,91.833378826139,99.2669143309401,64.9042418965409,71.7818443895229,69.996007584472,72.4269572117225,88.4328950994906,76.290878634677,73.6937444259926,72.7390251359094,82.3811536915125,84.9173904980021,88.9881492998772,88.1547359230348,78.9634560811753,78.9665479420446,78.5197623337862,79.0696044998859,77.2721286743931,77.1850765296016,77.7670713576717,87.2870787236084,86.9005596312365,86.3281558419893,84.822323218353,83.7454367698287,81.6513738948683,84.1100601446108,77.7383441592287,76.3882198571006,77.4565296995784,76.8586603394949,75.748685136247,108.810581846903,91.2695008063832,84.3752322353077,76.1657822554233,75.7521174558892,74.1152891636457,71.3616045065882,80.4634770781145,86.4426910935581,78.0329353313715,80.7386735056498,83.4498841348151,82.9992558700693,81.9795227220261,99.7253341233277,81.0794239797829,85.3022815902674,93.9098197449382
100.278601133958,101.68683702125,101.784445746543,97.4730856615771,102.896716852258,101.613395512354,100.536352872442,99.8683171615682,107.937401605033,106.448328140374,87.6615424478724,103.362244102664,104.549177115473,101.483421006576,89.2594744041436,80.3545473825383,98.942896363878,100.367112422878,99.8777352580698,97.4030923208362,87.7565309624544,84.5082604004163,85.167797786951,104.116846438678,52.0977368791112,0,112.85937593025,112.833441971794,76.7866083103239,98.7842213517792,101.165089511191,108.627287400323,73.8034008326229,81.7400421841514,79.039013019315,81.5020026143592,97.9330131193037,82.0319889347611,79.3052924521297,78.1598142717305,88.69213792041,91.1314176628746,95.3616023708505,94.4303433773018,84.508057785344,84.3494277508544,83.8667933032143,84.5465208746454,82.535442202968,82.6438992023187,83.0473765817834,97.0897534738871,96.7051724059591,96.1549286292432,94.5780487610833,93.6917202595061,91.5678139132698,93.9971740283045,87.2672075498187,86.2236155009553,87.2771253512752,86.6538468891244,85.5276654443701,118.468203381231,100.708951871805,93.5641149641016,78.8336227326633,77.8820530965123,76.6491093309382,74.2402303803358,86.5661541623023,92.5951461951522,83.7262511009097,86.4649938835315,89.8174854633535,92.195390328631,91.1427049482682,108.4523521556,90.4954501000812,95.0459718828339,103.366877055686
80.978176669438,81.8203845257722,82.0666836195908,78.0410448516438,82.9954263743511,81.486842696127,80.0294232130303,79.2046542347758,83.0893660626038,81.4688543967588,98.5521133760636,79.3084404646109,80.4622298755063,77.0783021206343,85.4254964610723,75.8176047910128,79.9954478890292,81.6037697592504,80.878346779553,78.7232380874253,73.8930976965398,71.7204202222936,71.8296637728758,73.5566174858568,103.879063962242,112.85937593025,0,66.3257149376638,74.0265512645887,70.4383650626108,72.8600990324746,81.2529501080172,89.1794219341881,69.9260860907791,72.5520936310612,73.9190622546671,74.2806211104987,96.8785468089899,95.1275791184441,94.0683316054991,98.9114198882314,101.631671866529,104.801135258666,104.174781230649,97.3937221977466,98.5956492998695,97.6848601240426,98.1418828011894,96.70615310612,96.1223290320745,97.9692838156953,80.644766438391,80.3519466965944,80.2081786876161,77.1397839593394,80.137133912851,77.5253921595126,79.381842306337,67.3430749314974,71.5416231552714,72.4552019492546,71.2503463976922,69.9486293525014,98.6957018368706,77.3525731159016,59.7284431107658,105.285595451319,106.337703031547,103.829211576224,100.295274694861,95.6338348039078,101.499010303914,95.5409769750925,98.2501635768429,96.663280235724,65.1789574251954,63.9588333445787,97.7072753891886,69.1030829928943,79.8538587117023,78.6120171391869
81.9930721281733,82.8894994695549,83.0738501618276,79.1112653987846,84.1123130970215,82.4845420832738,81.0152126797473,80.2698044480416,84.871165030516,83.2663367088067,98.3643113990392,81.0097113290742,82.1654419699739,78.8160703934216,85.4321225453829,75.6845108001626,81.2165549512936,82.8146108693372,82.1063011817277,79.9256824011567,74.6852734269916,72.439599105377,72.5775697549472,70.706105015743,103.886657932018,112.833441971794,66.3257149376638,0,74.2851339993836,72.5900024678539,74.9989564265237,83.3167252363337,89.139503337792,70.5646846999108,72.3611751342058,73.7214906828236,75.9409159868524,96.7211196452997,94.9761739576339,93.9136889066754,98.7215927076062,101.443142006213,104.604873180647,103.980242905119,97.2169985733885,98.4269695443707,97.5126571110916,97.9695445840346,96.5354942085164,95.9489318562916,97.8042898438429,81.6751746200642,81.3703146705747,81.2052301894456,78.2390747705847,80.9818504427131,78.3913601971656,80.2822805638834,68.1424887955885,72.3472019081916,73.2508083383874,72.0802774096557,70.7685829138419,99.994872143826,78.483146990488,61.9282310188254,105.16670685527,106.225476337807,103.71357185991,100.176508950548,95.4340043937695,101.297901867303,95.3580922232791,98.0672817633807,96.4483563980174,65.0717450593705,63.5468554713189,97.2428028120951,69.684046020566,80.5389703146829,80.369185034653
56.2351691322288,57.8083414823973,57.9016591562926,53.4383673655164,58.9984369091532,57.8912108593221,56.9667143081309,56.2824255525336,65.3914581542681,63.9403663810667,70.2490833173685,60.5936360034104,61.7893645657436,58.8141092079845,46.7313172064898,42.5673660587979,54.7315915848038,56.1074112963167,55.6824718917326,53.1190397070228,41.9187825390761,38.2394129738266,39.100078630229,66.6604390713427,66.5510541749338,76.7866083103239,74.0265512645887,74.2851339993836,0,57.1543247984868,59.519585695537,66.7843652330757,52.7336720289191,34.8978645588493,41.3655139167806,43.2344783142608,55.0508197313926,66.1625169351115,64.1474516422374,63.3681325970913,69.5796124101071,72.3586706479105,75.7861259466067,75.2101683313394,68.1319274387464,68.8588612607594,68.2538392622748,68.6000545153385,67.2237585649503,66.6809709493721,68.0388508850685,52.1854959791083,51.7648402406405,51.1186112317374,49.9424242999238,48.041406320027,46.0016844335843,48.5774801835268,43.6941544687483,40.5990272146728,41.6817713364271,41.2712575090147,40.199742741793,74.4924578174093,58.0065656210026,52.9978895222289,73.1612467286242,73.8999964246067,71.5397292770752,68.1413532183177,67.502431926648,73.3519320515187,66.6158436670273,69.2751008184576,69.3178373017877,51.5250504562335,50.7678188139749,72.8746843335513,47.8117388892902,49.5914792794934,60.7879823284818
