0.632573 0.0536621 0.056347 0.238245 9.9982E-05 9.9982E-05 0.0189732
0.462031 9.9982E-05 0.0195933 0.21727 0.280922 9.9982E-05 0.0199837
0.652342 0.161126 0.156566 9.9973E-05 9.9973E-05 9.9973E-05 0.0296657
0.739975 0.230018 9.9964E-05 0.029607 9.9964E-05 9.9964E-05 9.9964E-05
0.806976 9.9964E-05 9.9964E-05 9.9964E-05 0.100758 0.0918656 9.9964E-05
0.63147 0.123585 9.9982E-05 0.00275311 0.189948 0.0520437 9.9982E-05
0.422675 0.295565 9.9964E-05 9.9964E-05 0.28136 9.9964E-05 9.9964E-05
0.586557 9.9973E-05 9.9973E-05 0.188112 0.193947 9.9973E-05 0.0310842
0.138435 9.9982E-05 0.103238 9.9982E-05 0.692053 0.0445546 0.0215198
0.278554 0.113683 0.127531 0.23596 0.221581 9.9991E-05 0.0225916
0.0881192 0.119142 0.0160979 0.37626 0.338216 0.033114 0.0290509
0.160395 0.187756 0.120277 0.0474771 0.467895 9.9991E-05 0.0160999
9.9982E-05 0.579259 0.00882486 0.253596 0.15254 9.9982E-05 0.00558005
9.9973E-05 9.9973E-05 0.0836237 0.244349 0.646547 0.0251796 9.9973E-05
0.48794 9.9982E-05 0.138351 9.9982E-05 0.253768 0.0785078 0.0412338
0.231988 0.0526484 0.0570508 0.14303 0.515083 9.9982E-05 9.9982E-05
0.196142 9.9982E-05 0.163315 0.00404783 0.584642 0.0516527 9.9982E-05
0.4005 9.9973E-05 0.00551825 9.9973E-05 0.561586 9.9973E-05 0.0320951
9.9982E-05 0.306736 0.421343 9.9982E-05 0.152094 0.0754303 0.0441958
9.9964E-05 0.260569 0.541026 9.9964E-05 0.198005 9.9964E-05 9.9964E-05
0.10848 0.0772098 0.601655 0.0388731 0.156769 9.9991E-05 0.0169129
0.0168611 9.9964E-05 0.685756 0.296983 9.9964E-05 9.9964E-05 9.9964E-05
9.9964E-05 9.9964E-05 0.709841 0.266005 9.9964E-05 9.9964E-05 0.0237536
9.999E-05 0.0213436 0.673195 0.0315857 0.208681 0.0355467 0.0295482
0.158787 9.9973E-05 0.572058 0.181847 0.0870079 9.9973E-05 9.9973E-05
0.114586 9.9973E-05 0.806552 0.0749418 9.9973E-05 9.9973E-05 0.0036205
9.9973E-05 0.208867 0.754279 9.9973E-05 9.9973E-05 0.0100353 0.0265178
9.9982E-05 9.9982E-05 0.705529 0.188635 0.0263616 0.0564349 0.0228403
0.105432 9.9973E-05 0.822992 9.9973E-05 0.0114707 0.0598051 9.9973E-05
0.09871 0.0223728 0.747626 0.0412437 0.000288137 0.0896597 9.9991E-05
9.9955E-05 9.9955E-05 0.712164 0.287336 9.9955E-05 9.9955E-05 9.9955E-05
9.9973E-05 9.9973E-05 0.72661 9.9973E-05 0.198355 0.0493409 0.025394
9.9964E-05 9.9964E-05 0.580445 0.378908 9.9964E-05 9.9964E-05 0.0402472
0.33713 0.184744 0.130749 0.0843433 0.214109 9.9991E-05 0.0488243
0.515533 9.9973E-05 0.243852 9.9973E-05 0.18487 0.0554451 9.9973E-05
0.725066 0.0989451 0.105215 9.9973E-05 9.9973E-05 0.0704741 9.9973E-05
0.71162 0.225953 0.0250485 9.9973E-05 9.9973E-05 9.9973E-05 0.0370785
0.300344 0.159716 0.0725588 9.9991E-05 0.393481 0.069606 0.00419377
9.995E-05 9.995E-05 9.995E-05 9.995E-05 9.995E-05 9.995E-05 0.9994
0.00401053 0.325542 0.632025 9.9973E-05 9.9973E-05 9.9973E-05 0.0381221
0.684915 9.9982E-05 0.100399 9.9982E-05 0.067846 0.132308 0.014332
0.383764 0.12224 0.0884373 0.0527017 0.352656 9.9982E-05 9.9982E-05
0.102887 0.130669 0.193956 0.417877 0.0895278 0.051817 0.013266
9.999E-05 0.268671 0.0495397 0.592132 0.0505526 0.00437067 0.0346336
0.021514 0.745136 9.99639E-05 0.23295 9.99639E-05 9.99639E-05 9.99639E-05
9.995E-05 9.995E-05 9.995E-05 9.995E-05 9.995E-05 9.995E-05 0.9994
0.202138 0.273412 0.156697 9.9991E-05 0.30156 0.00777324 0.0583197
0.177989 0.448509 0.0644255 9.9982E-05 0.252728 0.0561478 9.9982E-05
0.128549 0.149788 0.273522 0.0750569 0.271137 0.0769134 0.025033
9.9955E-05 0.389694 9.9955E-05 9.9955E-05 9.9955E-05 0.609806 9.9955E-05
9.9982E-05 0.137739 9.9982E-05 0.0887238 0.108252 0.662508 0.00257776
0.0848515 0.128264 0.00895303 9.9982E-05 0.0851428 0.692589 9.9982E-05
0.0169343 0.22285 9.9982E-05 9.9982E-05 0.0933943 0.596465 0.0701567
9.9982E-05 0.0596787 0.0611074 9.9982E-05 0.0901682 0.750026 0.0388197
9.9973E-05 0.025736 0.000556946 9.9973E-05 0.189574 0.783833 9.9973E-05
9.9964E-05 9.9964E-05 9.9964E-05 0.0393728 0.339711 0.620516 9.9964E-05
9.9973E-05 9.9973E-05 9.9973E-05 0.0469361 0.215353 0.714833 0.0225784
9.9973E-05 0.105489 0.0920251 9.9973E-05 9.9973E-05 0.770988 0.0311971
9.9973E-05 9.9973E-05 9.9973E-05 0.252485 0.0449114 0.673237 0.0290673
0.0839965 0.402529 9.9973E-05 9.9973E-05 9.9973E-05 0.478891 0.0342831
9.9973E-05 0.0235446 0.0570433 0.20495 9.9973E-05 0.714162 9.9973E-05
0.0422223 0.133713 0.0634049 0.142836 0.0277577 0.589966 9.9991E-05
9.9982E-05 0.514972 9.9982E-05 0.163075 0.0660223 0.210645 0.0450855
0.0471576 9.9991E-05 0.664871 0.218452 0.0375652 0.0149533 0.0169006
0.0902569 9.9973E-05 0.639828 0.238779 9.9973E-05 9.9973E-05 0.0308363
0.176585 0.109075 0.682307 9.9982E-05 0.029553 9.9982E-05 0.00227946
9.9982E-05 0.198851 0.00486542 9.9982E-05 0.162675 0.61275 0.0206596
9.9973E-05 0.458502 9.9973E-05 0.116791 9.9973E-05 0.374073 0.0503338
0.0321611 9.9973E-05 0.013999 0.333994 9.9973E-05 0.619546 9.9973E-05
9.9973E-05 0.185622 9.9973E-05 0.168059 9.9973E-05 0.60544 0.0405794
0.122415 0.107807 9.9973E-05 9.9973E-05 9.9973E-05 0.735478 0.0340001
9.9973E-05 0.0526 9.9973E-05 0.833163 0.0766696 0.0372677 9.9973E-05
9.9964E-05 0.419633 9.9964E-05 0.319594 0.260373 9.9964E-05 9.9964E-05
9.9973E-05 0.208197 9.9973E-05 0.672389 0.10815 0.0109652 9.9973E-05
9.99639E-05 0.468087 9.99639E-05 0.522358 9.99639E-05 9.99639E-05 0.00915483
9.9973E-05 0.4408 0.0390922 0.511165 9.9973E-05 9.9973E-05 0.00864315
9.9973E-05 0.818793 9.9973E-05 0.141407 0.024375 9.9973E-05 0.0151248
0.0137414 0.29932 0.0466232 0.636811 9.9982E-05 9.9982E-05 0.00330442
9.9964E-05 9.9964E-05 9.9964E-05 0.239538 0.225515 0.534547 9.9964E-05
0.0232289 0.140638 9.9982E-05 0.438056 9.9982E-05 0.286429 0.111447
9.9982E-05 0.200404 0.0631343 0.106345 9.9982E-05 0.619882 0.0100342
9.9973E-05 0.253207 0.067324 9.9973E-05 9.9973E-05 0.656197 0.0229717
9.9973E-05 0.00301331 9.9973E-05 9.9973E-05 0.303712 0.666904 0.0260706
9.9973E-05 0.251592 0.495681 9.9973E-05 0.227307 9.9973E-05 0.0251197
9.9964E-05 9.9964E-05 0.0286664 0.833949 9.9964E-05 0.136984 9.9964E-05
9.9955E-05 0.424167 9.9955E-05 0.575334 9.9955E-05 9.9955E-05 9.9955E-05
9.995E-05 9.995E-05 9.995E-05 9.995E-05 9.995E-05 9.995E-05 0.9994
0.535897 0.185866 0.102424 0.0536692 0.121944 9.9982E-05 9.9982E-05
0.652378 0.0565346 0.0354907 0.184649 0.060202 9.9991E-05 0.0106459
0.183132 0.0782815 0.10701 0.108638 0.456093 0.00881023 0.0580346
9.9982E-05 0.11451 0.13819 0.150409 0.566605 9.9982E-05 0.0300855
0.602837 0.152122 9.9973E-05 9.9973E-05 0.194058 0.0506825 9.9973E-05
9.9964E-05 0.422648 9.9964E-05 0.537481 9.9964E-05 0.0394707 9.9964E-05
0.148627 0.366911 0.458715 9.9973E-05 9.9973E-05 9.9973E-05 0.0254463
0.0964069 0.761035 9.9973E-05 9.9973E-05 9.9973E-05 0.0988063 0.0434519
0.278187 0.173927 0.221345 0.256109 0.025283 0.0319989 0.0131507
0.270487 9.9982E-05 0.0861048 0.13257 0.505795 9.9982E-05 0.00484357
0.514821 0.131921 0.0363603 0.166497 0.1502 9.9982E-05 9.9982E-05
0.265922 0.0581164 0.125305 0.196065 0.354392 9.9982E-05 9.9982E-05
9.9973E-05 0.082851 9.9973E-05 0.163729 0.752076 0.00104478 9.9973E-05
0.437238 0.216558 9.9964E-05 0.345804 9.9964E-05 9.9964E-05 9.9964E-05
9.9955E-05 9.9955E-05 9.9955E-05 0.0450343 0.954466 9.9955E-05 9.9955E-05
0.0768934 0.791163 9.9973E-05 9.9973E-05 9.9973E-05 0.110937 0.0207067
0.0108949 0.359526 0.0675825 0.361475 0.0813714 0.0448321 0.0743172
9.9973E-05 0.34264 9.9973E-05 0.478167 9.9973E-05 0.112932 0.0659607
0.0372884 0.494642 0.1488 0.0819703 0.237099 9.9982E-05 9.9982E-05
9.9982E-05 0.127167 0.0978692 0.506897 0.257034 0.0108334 9.9982E-05
0.172382 9.9982E-05 0.338084 0.0933732 0.362101 0.0338601 9.9982E-05
0.119616 9.9982E-05 9.9982E-05 0.0718896 0.108234 0.65934 0.04072
0.000729452 0.0574317 9.9982E-05 0.304337 9.9982E-05 0.59751 0.0397912
0.0452413 0.786679 0.087589 9.9973E-05 9.9973E-05 0.0801907 9.9973E-05
9.9991E-05 0.503314 0.0104414 0.0429049 0.324624 0.0908248 0.0277915
0.0585576 0.458486 0.167088 0.230654 9.9991E-05 0.045177 0.0399375
9.9964E-05 0.309614 0.61298 0.0770056 9.9964E-05 9.9964E-05 9.9964E-05
9.9982E-05 0.00356641 0.0527628 0.361347 9.9982E-05 0.553286 0.0288381
9.9973E-05 0.0962082 9.9973E-05 0.27226 0.0913803 0.539852 9.9973E-05
0.0179738 0.317873 9.9982E-05 0.185851 0.0901234 0.387979 9.9982E-05
0.338763 0.21612 0.389128 9.9982E-05 9.9982E-05 0.0105786 0.0452108
0.550637 0.108946 0.155816 0.029708 0.116289 0.0302243 0.00837976
0.586776 9.9982E-05 9.9982E-05 0.266611 0.0872685 0.0270101 0.0321348
0.637888 0.104939 0.0521738 9.9991E-05 0.109334 0.0933591 0.00220609
0.384071 0.0974459 0.309421 9.9982E-05 0.202359 0.0065028 9.9982E-05
0.673972 0.118569 0.125105 9.9982E-05 0.0751516 0.00700305 9.9982E-05
0.69099 9.9964E-05 0.0810798 0.227531 9.9964E-05 9.9964E-05 9.9964E-05
0.660241 9.9973E-05 9.9973E-05 0.100403 0.188631 0.0504253 9.9973E-05
0.372914 9.9973E-05 0.282264 0.225069 0.119453 9.9973E-05 9.9973E-05
0.108718 9.9973E-05 0.0699771 0.113728 0.707277 9.9973E-05 9.9973E-05
0.0337632 9.9982E-05 0.0535457 0.312514 0.573846 9.9982E-05 0.0261313
0.0389871 0.0539335 9.9973E-05 9.9973E-05 0.889029 9.9973E-05 0.0177509
0.227945 0.208304 0.219558 9.9982E-05 0.273369 0.0706239 9.9982E-05
0.0917137 0.019539 9.9991E-05 0.00325111 0.826793 0.0156719 0.0429315
0.0548904 0.205103 0.126499 9.9982E-05 0.6076 9.9982E-05 0.00570802
0.614797 0.0358351 0.0255609 0.0997668 0.19725 0.0156498 0.0111402
9.9973E-05 0.130622 0.767673 0.0863779 0.0150272 9.9973E-05 9.9973E-05
0.123413 0.0181576 0.784863 0.0732659 9.9973E-05 9.9973E-05 9.9973E-05
9.9982E-05 9.9982E-05 0.845043 0.00428559 0.106827 0.00664253 0.0370018
0.0274982 0.120851 0.665993 9.9982E-05 0.107233 0.0782244 9.9982E-05
0.103002 0.148237 0.67813 0.0671131 9.9982E-05 0.0033171 9.9982E-05
0.459604 0.0931194 9.9982E-05 0.205879 0.20485 0.0363481 9.9982E-05
0.704795 0.12843 0.088342 0.0470818 9.9991E-05 0.00246294 0.0287884
9.9955E-05 0.184798 9.9955E-05 9.9955E-05 9.9955E-05 0.814702 9.9955E-05
9.9982E-05 9.9982E-05 0.0332894 0.24957 0.0254823 0.65062 0.0408388
0.0282481 9.9964E-05 9.9964E-05 0.221947 9.9964E-05 0.749405 9.9964E-05
9.9991E-05 0.0185107 0.0231553 0.379766 0.0393357 0.533095 0.0060375
9.9973E-05 9.9973E-05 9.9973E-05 0.157201 0.0594002 0.7461 0.0369992
9.9991E-05 0.0482777 0.111053 0.0782149 0.00787329 0.740899 0.0135817
0.0401918 9.9973E-05 9.9973E-05 0.151851 9.9973E-05 0.789037 0.0186205
9.9973E-05 0.245571 0.0612494 9.9973E-05 9.9973E-05 0.692575 0.000305305
0.0100395 0.232305 0.0427399 9.9973E-05 9.9973E-05 0.714616 9.9973E-05
9.9964E-05 9.9964E-05 0.016529 0.314637 9.9964E-05 0.668434 9.9964E-05
0.0344161 9.9982E-05 9.9982E-05 0.12591 0.0654198 0.717397 0.0566575
9.9982E-05 9.9982E-05 0.0396281 0.217532 0.0486397 0.652901 0.0410995
0.0457734 9.9991E-05 0.0193566 0.0997112 0.109892 0.714089 0.0110781
9.9973E-05 0.0855907 0.0914573 9.9973E-05 9.9973E-05 0.820788 0.00186379
0.00147874 9.9964E-05 9.9964E-05 0.313667 9.9964E-05 0.684454 9.9964E-05
0.152985 9.9964E-05 9.9964E-05 9.9964E-05 9.9964E-05 0.841119 0.00549641
9.9964E-05 9.9964E-05 0.0359486 0.240266 9.9964E-05 0.723385 9.9964E-05
9.9964E-05 0.186268 9.9964E-05 0.751376 9.9964E-05 0.0619561 9.9964E-05
9.9964E-05 0.553513 9.9964E-05 0.430598 0.0154901 9.9964E-05 9.9964E-05
0.0562358 9.9964E-05 9.9964E-05 0.184238 9.9964E-05 0.759127 9.9964E-05
0.106496 9.9982E-05 9.9982E-05 0.180458 0.0676102 0.601744 0.0434927
9.9955E-05 0.253727 9.9955E-05 9.9955E-05 9.9955E-05 0.745774 9.9955E-05
0.124014 0.552928 9.9982E-05 0.0160218 0.194867 0.111969 9.9982E-05
0.702474 9.9964E-05 9.9964E-05 0.24256 0.0545661 9.9964E-05 9.9964E-05
0.505399 0.0701009 0.168631 9.9982E-05 0.214315 9.9982E-05 0.0413532
0.371149 0.273642 0.354809 9.9964E-05 9.9964E-05 9.9964E-05 9.9964E-05
0.0539044 0.00989203 0.497772 0.194784 0.240913 9.9991E-05 0.00263422
9.9964E-05 0.318818 0.621199 9.9964E-05 0.0595829 9.9964E-05 9.9964E-05
0.0214045 0.220039 0.677744 9.9973E-05 0.0805128 9.9973E-05 9.9973E-05
0.104045 0.329429 0.549507 9.9973E-05 0.0167186 9.9973E-05 9.9973E-05
9.9982E-05 0.188758 0.610915 9.9982E-05 0.17376 0.00676171 0.0196052
9.9982E-05 0.265281 0.607607 0.0914324 9.9982E-05 0.0206578 0.0148216
0.0688481 9.9982E-05 0.665118 9.9982E-05 0.133322 0.0944595 0.0380526
0.73612 0.146151 0.0834651 0.0124909 9.9991E-05 0.0199543 0.00171908
0.726945 0.230414 9.9973E-05 9.9973E-05 9.9973E-05 0.00371197 0.0386297
0.620717 9.9964E-05 9.9964E-05 0.343007 9.9964E-05 9.9964E-05 0.0358762
0.677337 0.130708 9.9964E-05 0.191555 9.9964E-05 9.9964E-05 9.9964E-05
0.571841 9.9973E-05 9.9973E-05 0.411649 0.00259003 9.9973E-05 0.01362
0.390075 9.9955E-05 9.9955E-05 0.609425 9.9955E-05 9.9955E-05 9.9955E-05
0.0928806 0.244202 0.0531085 9.9982E-05 0.594227 9.9982E-05 0.0153816
9.9973E-05 0.184079 0.0620344 9.9973E-05 0.746885 9.9973E-05 0.00670198
9.9964E-05 9.9964E-05 9.9964E-05 0.0922286 0.846136 9.9964E-05 0.0612358
0.0860811 0.217062 0.0592469 9.9982E-05 0.629485 9.9982E-05 0.00792518
0.148486 9.9991E-05 0.0465537 0.0893775 0.674994 0.0345503 0.00593845
9.9973E-05 0.307316 0.516675 9.9973E-05 0.0738322 9.9973E-05 0.101877
0.00112833 0.0965781 0.0379504 0.0732476 0.0855877 0.705408 9.9991E-05
0.0410481 0.0380091 0.104706 0.00179763 0.0487896 0.726499 0.0391499
9.9964E-05 9.9964E-05 9.9964E-05 0.226405 0.0358285 0.737367 9.9964E-05
0.0828143 9.9982E-05 9.9982E-05 0.159744 0.12958 0.62367 0.00399096
0.101891 9.9982E-05 0.0397872 0.124479 9.9982E-05 0.716544 0.0170989
0.127086 0.104159 0.169356 0.109056 0.376584 0.0989667 0.0147926
0.243234 0.161982 0.176513 9.9982E-05 0.394578 9.9982E-05 0.0234936
0.0870095 9.9973E-05 0.0502377 9.9973E-05 0.788411 9.9973E-05 0.0740419
0.22872 0.108205 0.198428 0.15884 0.24725 9.9991E-05 0.0584579
