0.746609 0.0823725 0.107871 0.0109234 0.00221058 0.0500128
0.813995 0.0574429 0.0110615 0.0243349 9.9991E-05 0.0930655
0.659415 9.9991E-05 0.0959706 0.0165394 0.0474782 0.180497
0.743302 0.0217669 0.175139 9.9982E-05 0.0595924 9.9982E-05
0.874036 0.044287 9.9982E-05 0.00788362 0.0735932 9.9982E-05
0.85607 0.14353 9.9964E-05 9.9964E-05 9.9964E-05 9.9964E-05
0.746703 0.148783 0.0833337 9.9982E-05 9.9982E-05 0.0209799
0.725765 9.9991E-05 0.187858 0.0542451 0.0176046 0.0144275
0.66363 0.0513974 9.9991E-05 0.00136431 0.0925811 0.190927
0.454342 0.0138003 0.276223 0.0402446 9.9991E-05 0.21529
0.230973 9.9991E-05 0.51808 0.0560417 0.121028 0.0737773
0.542784 9.9991E-05 0.153761 0.0358824 0.0683786 0.199094
0.0304801 0.0808642 0.796757 0.0477408 0.00875394 0.0354037
0.481831 9.9982E-05 0.193105 9.9982E-05 0.124473 0.20039
0.675083 0.0403347 9.9991E-05 0.0264611 0.0813778 0.176644
0.679985 0.0134096 0.235616 0.00923698 0.00576745 0.0559852
0.693004 0.0833553 0.0276612 9.9982E-05 9.9982E-05 0.19578
0.894228 0.0363322 9.9982E-05 0.0140379 9.9982E-05 0.0552023
0.0840893 0.0824751 0.106023 0.0610243 0.117492 0.548896
0.114144 0.0758671 0.117238 9.9982E-05 9.9982E-05 0.692551
0.216936 9.9991E-05 0.017432 0.0264214 0.0460028 0.693107
9.9991E-05 0.00349452 0.127346 0.000869551 0.0433645 0.824825
9.9982E-05 0.0634391 0.0185804 0.0390288 9.9982E-05 0.878752
0.117997 0.0913842 9.9982E-05 0.0479079 9.9982E-05 0.742511
0.122348 9.9973E-05 0.161555 9.9973E-05 9.9973E-05 0.715797
0.0345334 0.00360477 0.0150532 9.9982E-05 9.9982E-05 0.946609
9.9982E-05 9.9982E-05 0.0227218 0.043196 0.0880878 0.845794
0.00490108 0.105278 9.9991E-05 0.0158213 0.00677666 0.867123
9.9964E-05 9.9964E-05 9.9964E-05 9.9964E-05 0.0675071 0.932093
0.0560125 0.121129 9.9973E-05 9.9973E-05 9.9973E-05 0.822559
9.9982E-05 0.0287616 0.0219321 9.9982E-05 0.041989 0.907117
0.049392 9.9982E-05 9.9982E-05 0.0195502 0.0824166 0.848441
9.9982E-05 0.0153339 0.0843828 0.0726129 9.9982E-05 0.82747
0.479173 9.9991E-05 0.267613 0.0770792 0.0102666 0.165768
0.607173 9.9982E-05 9.9982E-05 0.00906009 0.0772216 0.306346
0.657244 9.9991E-05 0.138324 0.00252686 0.0971979 0.104607
0.703639 0.0455942 0.176814 0.0410325 0.0095382 0.0233813
0.479185 0.0472677 0.269483 0.00768517 0.0788713 0.117508
9.996E-05 9.996E-05 9.996E-05 0.9995 9.996E-05 9.996E-05
9.9973E-05 9.9973E-05 0.236314 0.0198261 9.9973E-05 0.74356
0.7035 0.14405 9.9991E-05 0.00792209 0.0442834 0.100145
0.646356 9.9991E-05 0.178121 0.00719535 0.0070005 0.161226
0.298763 0.224417 0.193808 9.9982E-05 9.9982E-05 0.282813
0.103239 0.0877266 0.577451 0.0637911 0.0817038 0.0860878
9.9982E-05 0.119032 0.849363 0.000746186 9.9982E-05 0.0306594
9.996E-05 9.996E-05 9.996E-05 0.9995 9.996E-05 9.996E-05
0.361474 9.9991E-05 0.322677 0.0788625 0.030439 0.206447
0.189096 0.100284 0.583431 9.9982E-05 9.9982E-05 0.126988
0.263304 0.0265843 0.173574 0.0346163 0.142484 0.359437
9.9982E-05 0.697026 0.118654 0.0117761 0.172343 9.9982E-05
9.9982E-05 0.394798 0.113073 0.0253388 0.46659 9.9982E-05
0.121576 0.462634 9.9973E-05 9.9973E-05 0.41549 9.9973E-05
0.0198218 0.264244 0.0914368 0.0493523 0.562634 0.0125115
9.9982E-05 0.234142 9.9982E-05 0.0314853 0.653099 0.0810739
0.0318377 0.29968 9.9982E-05 9.9982E-05 0.623945 0.0443371
0.214419 0.0638007 9.9973E-05 9.9973E-05 0.721481 9.9973E-05
9.9982E-05 0.611649 0.0614237 0.00822334 0.318504 9.9982E-05
9.9964E-05 0.989787 9.9964E-05 0.00981358 9.9964E-05 9.9964E-05
0.0879628 0.223058 9.9982E-05 0.0620128 0.626766 9.9982E-05
0.135408 0.433623 0.0974994 0.0314562 0.301913 9.9991E-05
9.996E-05 0.9995 9.996E-05 9.996E-05 9.996E-05 9.996E-05
0.136027 0.392415 0.00538893 0.000320759 0.449409 0.0164383
9.9991E-05 0.242661 0.525162 0.0767999 0.153366 0.0019111
0.122591 9.9991E-05 0.0306657 0.00712669 0.0889591 0.750557
0.0696637 9.9982E-05 9.9982E-05 0.0196621 0.0730085 0.837466
0.150699 0.0234653 9.9982E-05 0.0111571 9.9982E-05 0.814479
0.0282751 0.11668 0.166125 0.012065 0.642511 0.0343442
0.0217568 0.148025 0.265064 0.0952019 0.469852 9.9991E-05
0.0843007 0.0327147 0.0530661 0.0238162 0.77114 0.0349622
9.9991E-05 0.107438 0.18966 0.03231 0.656794 0.0136978
0.0831851 0.180493 9.9982E-05 0.0316585 0.704463 9.9982E-05
0.252017 0.156625 0.519777 0.0267367 0.0447447 9.9991E-05
0.127934 0.193863 0.663616 0.0143872 9.9982E-05 9.9982E-05
0.0720243 0.22011 0.684418 0.0232479 9.9982E-05 9.9982E-05
9.9973E-05 9.9973E-05 0.946337 0.0199125 0.0334501 9.9973E-05
9.9982E-05 0.0563321 0.813929 0.0493145 9.9982E-05 0.0802245
9.9982E-05 0.136522 0.846608 0.0131483 9.9982E-05 0.00352169
0.010113 9.9991E-05 0.842157 0.0290342 0.0531736 0.0654225
9.9973E-05 0.0419622 0.342295 9.9973E-05 0.615443 9.9973E-05
0.139592 0.258041 0.115231 0.147951 0.300854 0.0383303
9.9991E-05 0.381869 0.126442 0.0271011 0.438697 0.0257905
9.9991E-05 0.406601 0.0374844 0.0408239 0.467204 0.0477861
0.0857291 9.9982E-05 0.126655 0.0420763 0.74534 9.9982E-05
0.0557611 9.9991E-05 0.176709 0.0215152 0.075655 0.67026
0.0406834 0.0483459 0.495563 9.9991E-05 0.309811 0.105496
9.9973E-05 0.0333182 0.805968 9.9973E-05 0.160414 9.9973E-05
9.996E-05 9.996E-05 9.996E-05 0.9995 9.996E-05 9.996E-05
0.694613 0.101335 0.04034 0.00254155 9.9991E-05 0.16107
0.746911 0.108687 9.9982E-05 0.0428354 9.9982E-05 0.101366
0.574111 0.0874894 0.174848 0.0293625 9.9991E-05 0.13409
0.342385 0.0118744 0.296038 0.0338668 0.077155 0.238681
0.738262 0.031375 0.106062 9.9991E-05 0.0800978 0.0441027
9.9973E-05 0.313232 0.686355 0.000113266 9.9973E-05 9.9973E-05
0.209395 0.0275753 0.150379 0.0200858 0.0303478 0.562217
0.056326 9.9982E-05 0.639047 0.0653336 0.239093 9.9982E-05
0.183019 9.9991E-05 0.370382 0.034561 0.0895609 0.322377
0.733537 0.107978 9.9973E-05 9.9973E-05 9.9973E-05 0.158184
0.540758 9.9982E-05 0.33147 9.9982E-05 0.0072807 0.120291
0.580353 9.9973E-05 0.301475 9.9973E-05 9.9973E-05 0.117872
0.548871 0.0635593 0.267682 0.0269952 0.0101707 0.0827213
0.469111 9.9973E-05 0.52076 0.00982892 9.9973E-05 9.9973E-05
0.631436 9.9982E-05 0.317306 0.0192234 9.9982E-05 0.0318355
0.0223742 0.123482 0.637712 0.031527 0.160329 0.0245767
0.196609 0.224472 0.357743 0.0745927 0.0788099 0.0677737
0.00151603 0.00798455 0.69757 0.0796742 0.201428 0.0118273
0.116048 9.9991E-05 0.666831 0.0302062 0.00166841 0.185147
0.197119 0.133179 0.469421 9.9991E-05 0.0478839 0.152297
0.394072 9.9982E-05 0.0484272 9.9982E-05 0.138913 0.418387
0.129589 0.19307 9.9982E-05 0.0160503 0.661091 9.9982E-05
9.9991E-05 0.14479 0.104654 0.0125242 0.712302 0.0256295
0.0310641 0.260571 0.479158 9.9991E-05 0.052247 0.17686
0.226429 0.263523 0.391444 0.0117414 9.9991E-05 0.106763
0.0753968 0.344166 0.311902 0.0350368 9.9991E-05 0.233399
9.9973E-05 0.00821506 0.324267 9.9973E-05 9.9973E-05 0.667218
9.9991E-05 0.00515037 0.261981 0.0462891 0.650943 0.0355357
0.0251169 0.354194 0.240217 9.9982E-05 0.380273 9.9982E-05
0.0875457 0.192291 0.354104 9.9982E-05 0.365859 9.9982E-05
0.342132 0.0552121 0.11118 0.0325514 0.0256175 0.433307
0.625054 9.9982E-05 9.9982E-05 0.00859461 0.112533 0.253618
0.770191 0.0176415 0.112737 0.0143232 0.0850073 9.9991E-05
0.721259 0.0796919 9.9982E-05 9.9982E-05 0.113849 0.0850002
0.545047 0.0598529 0.000391012 9.9982E-05 9.9982E-05 0.394509
0.766493 0.121247 0.0300878 9.9982E-05 9.9982E-05 0.0819722
0.8127 9.9973E-05 9.9973E-05 9.9973E-05 0.0761821 0.110818
0.854682 0.0677773 9.9982E-05 0.00454757 0.0727927 9.9982E-05
0.475077 9.9982E-05 0.1222 9.9982E-05 0.0796636 0.32286
0.794938 9.9982E-05 0.0246285 9.9982E-05 0.0877652 0.0924683
0.63348 0.0175116 0.182605 0.0446612 9.9991E-05 0.121643
0.69375 0.0305957 0.195836 0.0158507 9.9991E-05 0.0638675
0.486565 0.0659576 0.124094 9.9991E-05 0.0911289 0.232154
0.780349 0.0717573 0.052877 0.0392976 0.0340646 0.0216544
0.317351 0.0286595 0.327528 0.0253163 9.9991E-05 0.301045
0.796671 0.055258 0.00314978 9.9991E-05 0.0325324 0.112289
9.9964E-05 9.9964E-05 0.173391 9.9964E-05 9.9964E-05 0.82621
0.0165728 9.9973E-05 0.0615897 9.9973E-05 9.9973E-05 0.921538
0.0495336 0.00635899 9.9982E-05 0.0323568 9.9982E-05 0.911551
0.0920032 0.0604774 0.043116 0.00367187 0.0590796 0.741652
9.9982E-05 0.0702187 0.124856 0.0168649 9.9982E-05 0.787861
0.672756 0.0931158 0.177045 0.0100108 0.0469725 9.9991E-05
0.591229 0.00415322 0.244275 0.0471946 9.9991E-05 0.113048
9.99639E-05 0.749929 9.99639E-05 9.99639E-05 0.249671 9.99639E-05
9.9991E-05 0.0161906 0.00322305 0.0287202 0.853657 0.0981096
9.9982E-05 0.0432404 9.9982E-05 0.0115841 0.902337 0.042638
9.9982E-05 0.00617843 0.245308 9.9982E-05 0.699525 0.0487883
0.0237625 0.31695 9.9982E-05 0.0439951 0.615093 9.9982E-05
9.9973E-05 0.0962424 9.9973E-05 9.9973E-05 0.756054 0.147404
9.9973E-05 9.9973E-05 0.0629917 0.0274839 0.909225 9.9973E-05
9.9982E-05 0.422579 0.022264 9.9982E-05 0.495766 0.0591911
9.9982E-05 0.213246 0.0792332 9.9982E-05 0.64681 0.0605114
9.9982E-05 0.17486 9.9982E-05 0.0143273 0.746299 0.0643134
9.9982E-05 0.0166745 0.122633 0.0234967 0.836996 9.9982E-05
0.0633185 0.0817008 0.0760973 0.0417707 0.732302 0.00481095
0.144019 0.143111 9.9982E-05 0.0245739 0.688096 9.9982E-05
9.9982E-05 0.189149 9.9982E-05 0.0310497 0.727822 0.0517801
0.00321351 0.220065 0.0170589 0.0103801 0.738049 0.0112328
0.0531432 9.9973E-05 9.9973E-05 0.0234974 0.923059 9.9973E-05
9.9982E-05 0.0895326 0.0519395 9.9982E-05 0.789238 0.0690901
0.0287098 9.9991E-05 0.730335 0.000721779 0.222513 0.0176198
0.0372693 9.9973E-05 0.951312 9.9973E-05 9.9973E-05 0.0111185
9.9973E-05 0.110086 0.102152 9.9973E-05 0.787463 9.9973E-05
0.189812 0.346618 9.9982E-05 0.0406129 0.422757 9.9982E-05
9.996E-05 0.9995 9.996E-05 9.996E-05 9.996E-05 9.996E-05
0.121388 0.253715 0.624597 9.9973E-05 9.9973E-05 9.9973E-05
0.859231 9.9982E-05 0.0405833 0.0168348 0.0831511 9.9982E-05
0.741101 9.9982E-05 9.9982E-05 0.0367189 0.0286132 0.193366
0.345362 0.121174 0.0884974 9.9982E-05 9.9982E-05 0.444766
0.218811 0.00566719 0.157436 9.9982E-05 9.9982E-05 0.617885
9.9964E-05 9.9964E-05 0.245195 9.9964E-05 9.9964E-05 0.754405
0.0476103 0.124592 0.0256522 9.9982E-05 9.9982E-05 0.801945
0.0712637 0.00370362 0.156686 0.00733248 9.9991E-05 0.760915
0.0662153 0.0505779 0.0532442 0.0377438 9.9991E-05 0.792119
0.0374417 0.0135551 0.152021 0.0369713 0.105093 0.654918
0.0806267 9.9982E-05 9.9982E-05 0.040475 0.141792 0.736906
0.765737 0.101972 0.0446149 0.00130751 9.9991E-05 0.0862687
0.724426 0.154565 0.0576204 0.0481736 9.9991E-05 0.0151151
0.615184 0.0527425 0.267548 0.0643247 9.9982E-05 9.9982E-05
0.540483 9.9973E-05 0.450275 9.9973E-05 0.00894199 9.9973E-05
0.619807 0.00200515 0.365551 0.0124371 9.9982E-05 9.9982E-05
0.447176 9.9973E-05 0.536063 9.9973E-05 0.0164612 9.9973E-05
0.544157 0.106613 0.120764 0.0060242 9.9991E-05 0.222343
0.599536 0.153117 0.0536379 0.0250459 9.9991E-05 0.168564
0.571682 9.9991E-05 0.205612 0.0418907 0.0804397 0.100276
0.54911 0.0113375 0.155819 9.9991E-05 0.107143 0.176489
0.542807 9.9991E-05 0.233101 0.0372238 0.0697066 0.117061
0.0422256 0.0300361 0.0609888 0.145451 0.0489086 0.67239
0.00779604 0.492273 0.132052 0.00996737 0.357812 9.9991E-05
9.9991E-05 0.240993 0.0213603 0.0449414 0.609763 0.0828429
9.9964E-05 9.9964E-05 0.0812817 9.9964E-05 0.918318 9.9964E-05
0.138714 0.0407221 0.020108 0.00825948 0.792097 9.9991E-05
0.0127145 0.0450627 9.9991E-05 0.0124161 0.843412 0.0862951
0.388425 0.0784237 0.10268 0.0234938 0.101638 0.305339
0.552156 0.0368693 0.155059 0.0450106 9.9991E-05 0.210805
0.754082 0.04207 9.9991E-05 0.0570613 0.0561534 0.0905333
0.423793 9.9982E-05 0.315737 0.0312908 9.9982E-05 0.228979
