IBR/IBR_outputs/all.combrep_1/EucDistWater_Total.Silt_Total.Spinifex_Total/EucDistWater_Total.Silt_Total.Spinifex_Total.asc
NCOLS 160 
NROWS 95 
XLLCORNER 210004.651214014 
YLLCORNER 7350008.22228844 
CELLSIZE 4999.99999999997 
NODATA_value -9999 
[rows 21 to 41 of 95, columns 46 to 91 of 160]
-9999 -9999 -9999 -9999 -9999 3.14246311489033 4.66400909860707 4.49050262375559 -9999 -9999 -9999 8.12445082402344 5.29005664396368 7.78374220698467 6.96289311359951 2.80300650947107 2.61983807110389 -9999 -9999 -9999 -9999 -9999 -9999 -9999 -9999 -9999 -9999 -9999 1.6928724769494 3.05935438545073 2.58068860037702 4.25896916781005 8.38590889315067 11.4421038862072 15.8630861024291 15.1973097106281 10.1827560579182 4.61479111941952 5.38740839549186 10.1547410322024 15.8292140200352 18.2620879899581 10.6647885181065 3.6881687357851 4.50363651735735 11.1918490000131
-9999 -9999 -9999 -9999 7.14175217877109 3.24280695797934 4.14590576726713 3.43953303079993 5.92399157940231 -9999 3.83226163770208 7.05604833461983 5.74867597550088 8.00303015270069 7.32887762000401 2.25210604520918 3.65480553140899 5.11616097433861 -9999 -9999 -9999 -9999 -9999 3.43874440382318 4.38504784531355 2.96882355493538 5.18642819102466 3.3053543256749 1.85310262500165 3.41137846851626 4.121684824931 7.79286156005592 12.5741881590024 12.1104642012734 13.8745792792165 15.9924198316585 12.2523104018352 8.74432436417128 4.11192654846298 5.50499093478996 12.6489497176073 18.1377589651852 12.1164466345903 5.52030676521067 3.44325293143062 6.64401637082148
-9999 -9999 3.53980089307504 7.41908526261125 7.7458590873138 6.60765772768504 2.63559231022403 6.58649598337956 9.95275813785632 8.21152629757209 1.95863014095403 4.03414506438919 11.7590976970258 12.3085734323061 17.4412374476136 3.54825196963419 4.67136116367882 2.33092927157007 2.04033916665737 3.15313369422507 3.46668339179777 2.41352672971962 5.40564637114159 2.22241262225514 2.27782446870915 2.47115145774551 6.93957777856817 12.9155200436789 12.7279573760119 8.97533003178924 8.69190198317115 12.6239051638303 10.2104517311725 5.14880214751171 8.13160858408935 10.409763820592 6.30682714754658 8.1235436171353 5.23154576790259 6.49327233898248 12.8688166060247 19.4642064153949 15.9525054419895 10.3944280702637 5.45392913352754 2.98760243808254
-9999 3.22712648776592 1.84145262003469 6.26402471520903 3.55946600022578 6.14057451452933 11.8517125560645 9.40584010771895 11.2849769075827 13.1235796174936 42.3288181925626 17.1464392276051 10.836557829651 23.3317727687343 9.30195148536845 22.0458862731661 10.5805299471577 7.10878875299253 4.85787808779989 6.50944058464627 3.50597398686621 2.70781157986817 7.75710669599764 6.55603595249677 3.14709134181658 9.91549280988005 19.9424480657439 28.3401017926909 16.9967192522615 12.903426048401 13.7671946337006 13.4884435335858 9.7981778327102 5.19444908923116 7.97809967928108 8.03133948226052 2.94160573224991 7.59615504813402 10.2731068013406 7.8668563457067 10.2848013780093 16.5881327019026 18.8173130173827 13.2372714535489 7.37192937443039 3.39046753716259
2.12393807859801 5.22932180523442 31.0488266857013 73.1459076331566 35.5998748665805 44.327702283358 11.8050098621043 16.4456905445603 17.2676721845666 22.1448387678166 14.9128557065169 8.49646509954962 13.4399812488766 10.4677438203978 10.714318113631 5.18725700024809 11.7201005516552 41.222731948479 48.9327526427695 9.65147181497522 12.2968276236158 13.3739571005177 93.3840766555581 189.750291058051 9.33839555613656 10.0661111913205 16.7372023616355 21.6492501521217 28.0912601760852 16.9564322261422 9.84814625770828 6.77522832246142 6.56535326215524 7.56873243427297 5.95008670835917 8.74505669834042 6.83922712013917 10.3846573320782 8.98482633825486 3.30418022021549 7.02072842355878 14.5947050918578 15.1052584514503 8.41978269808227 6.15508509728743 8.09699208936261
8.9557367210383 37.110398841479 168.729507565594 13.458472321885 5.23277237332017 9.73852471633954 25.3946327098366 29.7967966824887 18.4077385340378 11.2849611452403 10.7457464249883 13.6953694217082 9.03844861173172 10.0136381861064 13.9808694586738 13.2520346114706 29.8062791810146 128.168404504453 100.051287367193 65.6124850013528 288.244577225409 51.6735506862308 110.355463065879 408.940302499309 28.1086101762784 45.6132442815892 22.1588921845918 24.673282352568 22.9584382160557 14.765545212761 7.13986085751039 5.33452275340328 3.75287452924644 6.69491010020727 5.37312316162758 10.722810280909 14.5235670603847 15.0114417068977 8.80319277872674 3.51840165499503 7.10632776462795 14.4471411351222 14.5100983364345 7.44616418855877 3.11980870867951 5.63522759151678
13.3265364679919 65.9765967204716 101.780612854218 25.3776714562638 7.91544183505186 6.15151294231955 17.2304017833349 25.8821585458885 21.3623391720518 12.6152463604478 9.00207595700771 13.8312208953827 16.0406916478761 14.1332750444779 7.92084902371111 10.179148456298 17.1936207277459 20.9828296592197 13.033653054105 53.8497006194766 294.159371074661 45.6468561326061 20.4093899405993 16.2842679908496 8.05702234844133 39.576138235874 23.2650536246311 25.094510871409 24.9631483071256 18.9070397849992 12.5318388086975 9.66257733720428 6.11651894397779 5.01308376281832 7.33993962326527 11.4832849542783 18.2484480028368 17.2732172382304 9.49793759911812 3.42306111480979 5.50637968958165 12.5531565639987 17.1166544557839 11.6885280628653 5.7712509906933 3.24829506327785
8.26414546181917 7.15711853403909 24.4702470645094 11.9698944305115 9.57729242278367 9.08793398118328 9.38180619921526 22.4705721103244 40.1867358036495 8.22221755122333 7.06501276226342 7.72362604051451 10.9879672992249 5.97795875850255 5.07042899230272 10.5502588805838 17.1256462279574 16.8379126545856 11.795804266366 9.44402896654945 9.01624196386666 26.3948785848392 15.3101965664091 9.80271497200626 4.89883349854216 9.9854162027163 15.7793348575124 22.5617322674937 25.8978820396852 22.5653290161096 18.8381177475998 15.5117601967784 10.8861414812277 6.9984415110312 3.67949582524245 8.96880671032381 16.7866638292094 19.670299695532 12.2084561050414 5.47978597073733 4.72908407516753 11.4190406320581 18.5134270462872 13.8946170864343 6.83952415042445 2.85455479913293
9.90932384881778 10.7404859408293 7.00091605812833 4.41610931209595 6.38799468466868 7.81017826431999 6.29321654688899 3.17760537063005 47.5790882491336 9.13212938374308 5.90621733304367 8.9260980892122 12.7192962076535 9.09037097066525 7.5340273777207 13.9637950264763 19.3968605860849 16.0424394362647 9.85187134585239 10.3156389439397 11.8292883856583 9.56931153104363 16.4831383153999 9.88243086194923 4.27733500579478 9.63441726638669 11.6489164678415 15.4674257842855 18.2211708836447 22.5484837720817 24.7605260707359 22.6789300693551 17.3107808286844 11.4049110397396 9.17282913213419 12.7773104123068 19.1652615714917 22.5404858461927 15.7014727697392 10.611901969854 10.0997034359462 14.1712444583601 17.5483630748227 14.2868487329347 7.74144870840705 4.87657129891626
14.729238995108 13.1222564418091 7.34836834361913 10.3830660523085 10.0616751969608 8.07490967648086 12.8936403454999 6.30948245584301 23.3304758060853 21.2294092307016 6.88888611356411 8.29528032406345 11.9323062175405 17.8546821814224 17.6317900169943 17.874692824668 17.2031240453755 9.29346260829658 7.32981283634824 12.6190725450042 45.9021353898763 22.343638876084 19.3998288144097 10.0751453516585 4.95460065356019 5.34039565723662 5.38354850981564 14.5038284355868 11.0874363742945 15.8828287193703 20.372626920607 24.4720902736519 22.7216248593872 23.3581438516502 18.2520210159758 22.004739262151 25.1027647197972 27.7772636919277 22.0805669939535 18.1313607542795 15.3429363922487 11.3638723448376 10.4944125509976 14.0266472058579 13.8478259790631 10.3055163594946
14.5433391918574 13.0022195087916 9.26722057165886 9.68974377249697 9.67279708566647 5.5140668451532 7.93612944417329 7.38279924939507 7.97687911395477 7.15175480136882 4.97975642475033 5.0705146898735 10.5148841148874 14.412427301551 13.9160260994169 8.98081270633952 11.8347284080522 4.22958877521639 6.28141085790426 7.35251860944605 22.3863177813226 5.26865871116754 9.49777263985958 9.64210072892225 4.71603017893268 4.23726779568573 3.7697179442539 4.35883075561234 4.95826045393193 10.3803031272235 16.0001562338219 16.2705329277964 17.6762314725333 22.9339991977792 27.3742641508252 31.3870927489907 37.0877931832694 33.0116398030012 27.9472036009404 21.5681880551229 13.4085841690395 6.21447961912187 6.45590752845731 10.5042908125701 16.2940742691063 14.3403445883057
7.95235852343116 7.32519924996442 5.79334441084915 4.07729551628579 4.7300256314459 4.43243824259413 4.71079295506295 3.68981442757351 5.18872029694613 5.82992584191089 4.11279501554328 7.58259367338319 7.30858968277476 8.5932400366827 11.9987948179442 8.64610197027619 8.92332642629717 6.96739707227574 10.6569520209203 11.6355323749124 33.4315317668891 18.1522408605922 5.61409181092159 8.76873068034863 5.07395732749657 8.2125357250444 8.11207650122378 4.5568687257386 3.62006468415163 7.95668080014291 10.8387145971327 8.3073480971288 10.6061653054897 15.6518006759318 19.620178730197 27.123155162846 32.133496708211 28.1866224172567 23.2381840358717 24.0287821396899 11.9689599075204 5.57410743432657 4.90819211863156 10.8662035124841 12.3640535394398 8.03648385331777
7.10142648945592 15.1732448090272 7.66957109443822 4.66881571706212 3.89069766780261 3.29243411914333 5.09377338066866 5.1806529301614 5.59377699657454 6.31891945447922 3.61263314747085 4.58141459831338 4.85377085826217 4.94563519365508 6.09666162329745 7.9599324816523 12.0628065605199 12.186026303574 10.9736876537977 11.2551943454387 27.2246857621774 46.1389423813547 9.69296390368695 5.09746200688226 4.43829456247047 7.12439135147107 13.4867512329914 9.12805781795349 5.19881420418882 3.98869184602524 5.8776072316122 3.50240737371774 6.03832070285554 8.59526798926395 11.449000313731 18.2081571686088 24.3393757955874 19.4724816055246 14.9348134671408 12.3474326187378 11.5060094891889 3.073982835543 6.74711984169349 13.3023639568628 10.2221913260024 4.27471037347533
8.6404054601174 8.61437998304564 13.1872749192468 14.8263400839606 8.33986201534119 25.9340808117889 51.5893816625465 7.19567274488813 4.00830976927263 3.92480379583651 4.32528397915723 2.69094661667844 4.63716111322873 4.40916413432261 7.32001740220923 7.11401990972392 6.93640185419664 14.4426196978417 15.3837945342046 133.97645386924 148.651666765221 17.8313103616294 9.56995021567228 4.12060887694232 4.55369358284091 9.48317334486319 11.7200711406548 67.1215111485215 18.3619636321829 3.02880656876677 4.42417349423694 7.33177137377371 4.60313619952386 3.62843923364436 6.48791091163411 14.0555575107036 18.5879750454073 12.3485986477014 9.11405540446796 4.94413934996982 5.13804084931698 3.27103254781352 9.2789391783247 11.7289050858951 7.2578722688121 7.38776513983801
4.31017358698215 4.38622744152388 8.55356891091992 9.39176930737561 17.2557396449948 11.565591830324 5.03025068486768 9.14999673798947 16.593740069355 8.15833286921626 9.67528972928664 4.02910662942065 8.27116016336917 3.53644465180669 6.44184408434448 5.10089604303905 5.07897106261878 25.7071290695252 253.893899667225 194.594169513438 230.68210378855 8.08052367777807 7.57293085179987 14.4621478132555 13.2575767744831 10.3093983854417 5.22276574671596 18.069648765694 237.996590996015 13.5891333945402 5.17618291291067 9.81979444815261 8.95608752401454 6.97603672374319 8.90651293457712 14.7905289519421 14.8666932418557 8.34455450628285 3.72215215956393 4.68751145403699 3.10903572386844 3.58175772148832 9.69348457078802 10.4129177067251 4.24859875278257 4.30689500880109
3.87910138617452 2.49553627156024 3.00799365777686 4.8872489581403 9.51132781330177 25.1422114082666 18.6336867287888 18.9036682607957 16.54801743275 22.0922663634112 34.3507365567688 10.2638164152185 26.1269115847737 4.48204889963125 22.7651268484982 8.10522628826927 5.34349223263177 12.1418229894185 284.039557048974 94.6291584681593 138.35737473304 5.88900719885531 6.54229268858561 7.00586353364357 8.25463686548668 9.06044868450671 9.14662606511999 9.92474884671435 44.2306026447373 32.2302226522372 9.54131747698915 6.52651238952717 7.61445354748717 5.692383467996 11.0695722615195 22.4350354922195 7.5296728168875 7.88193474599241 5.07952223964407 8.44894609247236 5.85817368130041 3.19743308423678 8.56373256865531 12.6598449347264 8.58499042718072 6.25156135693779
3.44627188263597 2.87810444546896 2.73623049429834 2.76191989996311 3.17298043855932 15.6245201541363 39.5294341961428 92.0024797961074 125.912947970038 114.931838527475 220.11429633 165.75136914208 101.667883581582 31.4777621087095 44.1738319216796 37.4806787951411 7.83723296528573 5.03330928120338 9.77661256973111 7.99987715921073 3.97703923903847 6.43502346085712 5.80317730225771 9.16421207240262 7.90048836666905 4.21487433503948 5.37617891603393 5.46248662527932 7.91191910582548 6.43969868681743 8.26680239408517 5.1463129585365 5.40201593180112 6.19824316995129 15.7715766517198 9.87853963471205 4.27776690814565 8.98113850028494 11.6977291915982 9.61788826476961 6.35474336797212 2.70956962210073 4.85662710352902 11.2829676441901 14.4897816848929 13.5986503441678
4.98908184688273 3.78082881868364 3.46029208953138 9.09582402545827 30.1262828598432 96.6609415323519 160.564154158165 372.629031243546 423.022083116235 370.679720256805 332.889866615882 300.085111526606 186.16010788887 124.037784462314 93.3609036500561 38.8107696018567 13.499046963284 4.69352742089314 5.84295449787547 7.9282667490482 3.74049220692166 8.56203703623897 4.16995459359467 10.490816401886 9.89530542624452 13.3297454498462 4.56114890344513 4.7438016601053 9.6192380915998 9.92810883299441 9.91441735404733 5.63960253303644 7.26051664209289 6.38868802393889 5.97873501637835 8.7130293549888 10.2816762632186 12.8678201688983 10.7914562706742 5.17394203068377 3.30946817009806 6.10081106844 3.97556618767473 7.84652449370866 13.5624950127924 18.820048637362
7.7972328701521 15.3841954090223 9.41547884779181 2.80589887147754 5.46143292767846 13.7821775974047 73.2834593548591 7.85202459944413 67.1499895748181 156.951478501379 163.13546350021 145.216926548224 126.989409296949 58.290256822202 46.1458629307711 19.0269671246593 30.9283132104581 20.4418123176733 11.6808956309065 18.5603731352265 21.3376264971328 44.2846697815226 18.3876741157579 14.9979957850294 7.08104409916674 4.90218326382464 3.9211246204282 13.9983013365078 9.32478726858515 5.42893170333299 10.9289349122629 8.88977139459246 6.26684035824889 3.35417416889781 5.55571471132925 6.59632980901373 7.77980883287361 8.40512895307641 7.00582329199639 2.84295846816102 5.71499459915075 7.76291540567404 4.09364550533902 3.65592940540413 8.33106633645396 14.7725516186076
3.20925246452536 5.23911507017802 35.5861330674633 5.06991083229557 2.6451795534522 6.39420714172972 3.02086253333798 16.4658044443059 27.3021659345325 7.58417814397022 6.01204973854118 7.66444315882903 10.1310460113786 6.57224938774572 7.89118697324043 7.25240221591805 11.2248462252827 8.8665453549934 10.6860107141411 9.91541209208026 10.0420723129419 13.7195738553886 14.3123506110701 10.4199675894198 4.79355822501827 12.4947766131757 6.522123248802 16.6148790109339 17.8368358852719 5.31599774186539 4.56493266349717 4.91396990109905 6.35676255305544 2.76348236107623 4.00837214740532 26.7642235991142 28.4102716475703 4.35437009144679 3.16077479853144 5.04402655188002 3.48677532129127 6.30602675288796 4.8725137737772 2.98133637356485 5.41566836446714 11.2702066999561
10.6433788131022 4.62643185911784 9.43014069994119 7.89236906470721 9.5491357641465 13.9517900235274 5.46412525892193 5.448636536248 6.7986283986673 5.32409739819532 5.30514688454064 3.95253827112877 4.19651212778774 5.06627388956641 7.86131839379219 13.1520218673585 14.5938785678853 12.4979720796062 11.6394351173768 14.5506348437429 12.7219899930187 6.31336969061925 4.08888386632905 9.97786432329632 16.8809119095748 15.0559481259273 11.7299346381808 11.6866055110528 5.61043438644275 15.3714425875662 3.98892295054051 5.75978266903596 5.10117972924916 2.75489808828446 6.51130920519353 9.61025830679362 28.3631963579906 3.84743908066142 2.85359878065498 6.2971232669588 4.00494127066413 7.27034518761964 8.1302326712967 4.1018845716643 4.60597409042272 5.37729467296415
