0,8.78253424365502,10.6716659526651,11.0438901535213,12.9360109521171,13.9671821544216,17.0182343248713,14.1340976005733,31.5544101445267,32.0474758930972,71.4207948686359,37.6136159348634,35.1051915575878,34.2559715851292,39.5230885677979,46.5341089171885,37.4647549958145,35.2042763976441,35.5059546317903,38.1475898777453,30.455005164127,28.6051529703329,29.0964636176117,42.764930688307,68.8247937140584,76.5187088328855,48.4737015933567,50.5130192259091,40.0034927401307,29.6777086038132,28.0731451598672,32.3714383035459,57.3038313997416,44.7792493320117,51.7632919230282,45.29273198519,47.3728894880868,58.9408841093717,59.3682654301208,59.1592042863643,59.2610631891673,62.170662379628,58.7235199788584,58.9420323054215,63.3193311091095,60.46158594148,65.7041193031473,63.2048089888664,67.4442521268283,60.4818494188184,60.902600085224,36.7916351533321,39.5500798493463,34.797431906364,38.9917626798244,32.763890846488,34.9827523414507,33.3852720780308,22.5842028329914,33.5662492391921,28.5049846224637,29.3044068426465,24.1102065671877,44.9975735231283,22.4765851091284,37.3800027721008,66.6593411147524,70.0353363605948,66.3234723581516,63.3277877344509,61.7148612280132,58.5827303221153,65.1721609639666,67.440500110662,80.2197183801189,35.4505901580149,47.9645107663351,72.7118543257346,28.1050771226479,25.5798322377243,31.8640272714434
8.78253424365502,0,11.2665607784654,9.2341419847964,9.57129551098449,13.7942539280682,16.6117853944868,13.0502168303523,30.3161921419024,30.8101368925827,70.8960825040878,36.3893161353875,33.8776528091208,33.0242299478359,39.1283496334423,46.1199147629829,36.5536061589073,34.3570079169229,34.6091554329329,37.2941722080194,30.1671997952288,28.3725920773922,28.869978901727,42.0674569393981,68.371557501536,76.0552810134835,47.6753981163584,49.7512247595917,39.6303270543558,28.4582882427536,26.852159902485,31.1467291538404,56.8507186985217,44.5572858022788,51.3417397075909,44.8729648469262,46.1601728128777,58.4323977889805,58.8607746096083,58.6510895031657,58.7428770212739,61.6521029280943,58.2041020123609,58.4221586454789,62.8032743787178,59.9482582122858,65.1894779979693,62.6904466905873,66.93042413171,59.9670314182244,60.3901750986991,36.1510601354288,38.9293160755185,34.186454210123,38.2516178940159,32.2541062617416,34.4832888658084,32.8752908686928,22.5174478317378,33.407646550694,28.4183522614879,29.2225864398446,24.113057349931,44.1065493120259,21.4859254271579,36.4560471937833,66.1636100068704,69.5409299582905,65.8284813292737,62.8320099510288,61.1906065590857,58.058797286938,64.6531898191892,66.9216792099935,79.6870961606744,34.7699389649928,47.3088850842809,72.1946802510938,27.6211968710352,25.6503564321222,30.6058470078235
10.6716659526651,11.2665607784654,0,14.7770534288763,15.2280764753327,11.7504608376851,16.0333710988454,12.672432073402,32.6019577479886,33.0912747559045,72.2863505170853,38.6983560785745,36.1862754512808,35.3212040477182,40.3920139624255,47.3886810180808,38.7517317611701,36.4855812776956,36.7887803305517,39.4314300290682,31.7657428889138,29.8576623034924,30.3669134661261,43.5325315970818,69.7518841659687,77.4332523783021,49.2480574839317,51.2802465630223,40.9312483626234,30.5839430724237,28.9739187082135,33.3264562048616,58.2073169767592,45.9303289118315,52.6063105086426,46.1321872700222,48.4772441176591,59.8131824663193,60.2413179270979,60.0326251924377,60.1266948021367,63.0364864476083,59.5884706427407,59.8071568073568,64.1888541826613,61.3326853751409,66.5747678945777,64.075241840637,68.3155796930743,61.3521515674006,61.7742889675521,38.083845925997,40.8497718057952,36.0851689196358,40.2925757724322,34.0303968379851,36.2634777538324,34.6763007474025,22.7442533989888,34.9093936677774,29.8207569885816,30.702038578787,25.460325446641,46.2606774986089,22.8748573941418,38.0906248664827,67.5433952190561,70.9204409895089,67.208034829816,64.2116541008458,62.5788241409621,59.4467157898989,66.0398496623092,68.3080372800557,81.0793462861506,36.115710288556,48.6478189079233,73.5351749394242,28.6606718207226,26.5439383688447,32.9069415516722
11.0438901535213,9.2341419847964,14.7770534288763,0,9.85940567669892,16.6515093124038,19.1301068584349,16.0496108035943,31.759259074347,32.2568087687535,72.4559248822252,37.7935854148671,35.285920931135,34.4488584658766,40.6792780661051,47.6830327904949,37.7346168994738,35.5452533076487,35.795099830351,38.4794801940567,31.3489073950975,29.6122702385066,30.0945919722256,43.716107883302,69.8766625668828,77.5713490612513,49.3267083632273,51.405158121205,41.1327924562366,30.0373118131446,28.4367581584039,32.6790696656622,58.3756073236433,45.883098538861,52.9143190187911,46.4482663211815,47.5435413408617,59.9857957127994,60.4134982548133,60.2035437133186,60.3022818885851,63.2113717023084,59.7641338392336,59.9820745037937,64.3593713653922,61.5029083148329,66.7445719137159,64.2457018591013,68.4849150718665,61.5224195065254,61.9442907789364,37.3309640102325,40.1023034633593,35.3715756037537,39.419952521711,33.4620606508275,35.6785858787892,34.0605536892051,24.4959709379174,34.5749709409372,29.6218703379785,30.3537753032932,25.3047697628974,45.3150886728885,23.4411811187407,38.1696149875117,67.7066321792569,71.0830141061181,67.3710446290043,64.375190169479,62.7517244257123,59.6198779907692,66.2109557099276,68.4795605425252,81.2522401248266,36.4939133105125,49.0174436893719,73.7877941496834,29.4018710540897,27.1521594012928,32.0564421257091
12.9360109521171,9.57129551098449,15.2280764753327,9.85940567669892,0,16.54620624477,18.7879068581372,15.5507609637312,30.5200532770108,31.0185943389569,71.8583504737067,36.5676748340579,34.0567634762976,33.2157990750508,40.1901406433478,47.176383910687,36.8244941912364,34.6950771882224,34.8979152383183,37.6239344645774,31.0271736073672,29.3194712232182,29.8116880871124,42.9653352192646,69.3465437667139,77.031129348261,48.4890875632743,50.5991518489387,40.6685246857219,28.8237483349258,27.2224255095802,31.4561990398632,57.8425258188416,45.5769639741522,52.40046351924,45.9355460240186,46.329101449527,59.4026681579398,59.8312950695664,59.6208586466314,59.7102298808526,62.6190258398906,59.1709673108863,59.3885422647883,63.7695498657885,60.9155666356987,66.1560713288335,63.6574123407886,67.8971773011599,60.9337308031075,61.3577771108372,36.6800035353278,39.4722277496731,34.7474767709803,38.6766098093849,32.9278751348084,35.1576785565724,33.5326432491626,24.2248121824015,34.3722449318001,29.4656045620987,30.2308356519648,25.226026973572,44.4207741263869,22.5046101811767,37.230325446921,67.1356056745308,70.5132252680475,66.8006999850689,63.8041017298837,62.1543634837705,59.0227915576951,65.6184690242372,67.8871839955733,80.6473348434159,35.7588360157378,48.3024866549154,73.1926873553,28.8243524179934,27.0261665704884,30.796969259349
13.9671821544216,13.7942539280682,11.7504608376851,16.6515093124038,16.54620624477,0,12.0840882046108,11.054954283351,32.4293009434021,32.9143279548096,71.8999573128681,38.5663118124121,36.0503741819096,35.1678728979377,40.0166346246319,46.9953288533655,38.8291534342648,36.55735910857,36.8620853343757,39.505718620062,31.8769843168095,29.9165694681312,30.4443741288874,43.0238824581404,69.438352109249,77.1051005149889,48.7467651513257,50.770263039863,40.6243613422294,30.2487755485976,28.6324996302172,33.0480862527311,57.8673765829272,45.8845148492982,52.1989773787077,45.7207745328176,48.3662877394168,59.4351444409491,59.8641819225667,59.6558813500001,59.7406394967485,62.6506369424629,59.2015863756946,59.4204540702697,63.807335673864,60.9530771383396,66.1945918862588,63.6948305640086,67.9362117063105,60.9715727313516,61.3953902779737,38.1667981466021,40.9402132645065,36.1638428973681,40.3835565414627,34.0885457046492,36.3362275698813,34.7591989179723,21.4604454269199,35.0625127123013,29.9573157729967,30.9144483856313,25.6422343962181,46.3140455504726,21.8475605184033,37.5064013464141,67.1792782273898,70.5575749558442,66.8445279958169,63.8473226428914,62.1906215171934,59.058551036372,65.6561185513624,67.9241385078701,80.6858526125249,35.4752641929809,48.0321607191797,73.0995968374034,27.88308755928,26.3556718252077,32.7309225573619
17.0182343248713,16.6117853944868,16.0333710988454,19.1301068584349,18.7879068581372,12.0840882046108,0,13.1664453164124,33.460920364949,33.9417991297228,72.677529168676,39.6344828469597,37.1152692433847,36.2168962984938,40.8045431529197,47.7649049262707,40.0671593723771,37.7879036140776,38.0960095509145,40.7386487140145,33.1269860544147,31.1231457064713,31.6674243366774,43.6798273388027,70.2866869974574,77.9392152662357,49.4162296136414,51.428134327099,41.4804365114062,31.1236621976855,29.5016449175556,33.9779474652049,58.6899885055811,46.9966334845804,52.9542665405547,46.471878755677,49.4529861414709,60.2207028058795,60.6506185520841,60.4427175518388,60.5184018903516,63.4286129456831,59.9785470230156,60.1976061781415,64.5895779176454,61.7371652492269,66.9781416976302,64.4781403307933,68.7205490791483,61.754725090722,62.1801662637526,39.3985854581897,42.1777456827132,37.3908238268266,41.6259560509683,35.2938786432052,37.5542840759589,35.9864848310512,21.2575411865165,36.3511398623288,31.2366584077059,32.2547900367832,26.9647014865483,47.5306449887128,21.913102543584,38.0929959582486,67.9784145852401,71.3579272693432,67.644256368088,64.6462483567408,62.9663735122666,59.8343332669515,66.4362175532848,68.7040668415764,81.4565053909166,35.9827229940259,48.5670741433597,73.826718104422,28.2255522229166,27.3767044967518,33.7619650032181
14.1340976005733,13.0502168303523,12.672432073402,16.0496108035943,15.5507609637312,11.054954283351,13.1664453164124,0,31.7002245681257,32.1854387413348,71.9075444907902,37.8568367369921,35.3372853615383,34.4480266675049,40.1674558907869,47.1280456306695,38.4345801314176,36.2195266223082,36.4799763545153,39.162544279516,32.0291822293056,30.1321120841371,30.6604423894938,42.857495382152,69.5123678302597,77.1703960924098,48.466960740225,50.5318660087728,40.7851825493396,29.5102445074615,27.8905942010681,32.3160814134197,57.9462453357756,46.1378051787701,52.3262605765015,45.8508979236791,47.6709243800127,59.4592826604416,59.8892653575721,59.6801989508489,59.7554266097162,62.6649714237759,59.2151516298307,59.4334794015319,63.8236751926534,60.9721092910311,66.212264630403,63.7128561344015,67.9546439007579,60.9891214013217,61.4152991403793,38.0136172855493,40.8035368212782,36.0375092397337,40.1415732503639,34.0559780571501,36.3098625754757,34.7214884549383,22.4022568302337,35.3168335376945,30.279996825199,31.2163328406556,26.026671354893,45.9344195037258,21.2412080755203,37.078335276662,67.2150989445873,70.5946442329428,66.8810621950317,63.8831300081698,62.1990414949734,59.0673219448633,65.6696135036778,67.9378307316298,80.6859120947414,35.3421790918268,47.9262530675828,73.1246106420254,28.0278446470429,26.9532512777092,31.9819289152264
31.5544101445267,30.3161921419024,32.6019577479886,31.759259074347,30.5200532770108,32.4293009434021,33.460920364949,31.7002245681257,0,8.10995615079049,80.0239010182279,22.130391007226,19.0861005734256,15.1019861841195,49.5902374882055,56.4377740422724,41.1789865992031,39.4804945828642,39.2423910957256,42.4361020425901,41.3815518572622,39.8982793524889,40.4706104004701,49.8786826797431,78.1504311012218,85.7473359702318,54.201231597685,56.8180243334148,50.1728952493779,27.7189313393599,26.6026202366865,25.9302719018611,66.6648418056496,56.1218122584377,61.6283203412906,55.1905560127144,34.6358597547203,67.7242876465118,68.1617338510754,67.944198693055,67.9449301566238,70.849340126696,67.3942896198141,67.6066324354543,72.0179509952475,69.1892864555674,74.4169471476941,71.9216846912033,76.1651668443844,69.1934893074545,69.6397296192615,43.8780598287278,46.9394746670761,42.1934415578496,45.0421400221417,41.2667901591909,43.6486983550296,41.9722721227024,36.9330584855148,45.6995773631462,41.116675950012,42.1697740432301,37.4171321271861,47.8095872596816,32.9047241856404,43.3804023156047,75.5675138916232,78.9569596829493,75.2393220412399,72.235805110169,70.3287236178894,67.2005386833548,73.8401653948162,76.110824064464,88.7432765983331,44.0153542501181,56.5352324314396,81.5896773860939,38.8292906158545,39.0763310697101,20.0220313226928
32.0474758930972,30.8101368925827,33.0912747559045,32.2568087687535,31.0185943389569,32.9143279548096,33.9417991297228,32.1854387413348,8.10995615079049,0,80.4632373975341,22.969916827784,20.0237100825049,15.9562801468481,50.0527413758784,56.8962546774348,41.7689712100482,40.0620536761459,39.8311158481182,43.018184420991,41.8976995096093,40.4079299422881,40.9811092196979,50.2840988316781,78.6115335264233,86.2047740964781,54.5819171562381,57.2091632030778,50.6448472536986,28.010786556038,26.9094012306021,26.0684568237468,67.1223324480776,56.622270297903,62.0849484043564,55.6472915875123,35.402859627226,68.167685560157,68.6054133301612,68.3877927563188,68.3856686246581,71.2900172529605,67.8347070764099,68.0469687079242,72.4595047345417,69.6315673890505,74.8589084090214,72.3636832861349,76.607365992649,69.6353794121623,70.0822578928527,44.4297536719936,47.4886217630134,42.7413755847605,45.605995941043,41.8009540839915,44.1826636454368,42.5080189690157,37.4070861766122,46.2089984603958,41.6222474869631,42.6770228817355,37.9206604618838,48.3990560848915,33.3623081461944,43.779978578166,76.0147921427847,79.4046245601466,75.6868061738666,72.6830505984243,70.7680208842976,67.6399076010032,74.2809280909002,76.5516048421826,89.1804027450921,44.445293658998,56.9645922462572,82.0288606682348,39.2814577551892,39.5644603296261,20.7991948112735
71.4207948686359,70.8960825040878,72.2863505170853,72.4559248822252,71.8583504737067,71.8999573128681,72.677529168676,71.9075444907902,80.0239010182279,80.4632373975341,0,86.3230556188388,83.8096920238408,82.838268339793,65.3230867662009,70.5774660888837,85.4869756628307,82.6078410428376,83.3534996477239,85.6400788692554,76.4131679659883,73.7427833023074,74.7431485570554,70.0130828629508,73.9850086266078,77.2090723144844,79.8170001991581,80.8788123624983,67.6267057604292,76.9139296800652,75.3766908823723,79.6868605674293,64.0459832973582,87.5082350740713,76.4536971635817,70.8749788995432,96.1700496131653,44.4315710891549,44.9413187267745,42.774251130705,44.7013778147121,46.5729363870909,44.0297585630133,43.1331631750599,38.768327222391,37.9062813966825,39.8773422421953,40.2932030312503,40.7526052171722,36.3734948057357,38.720189634393,82.7370634366996,85.5720822557199,80.4016747854308,85.8601270808492,76.9739948109849,79.6961388192557,78.4970518344464,73.6938792503001,81.0678466859392,76.3176898032456,78.1595851438923,73.1925000393125,92.5785550090302,72.8257024819031,80.1073604827574,51.8339102316739,55.9258380858931,52.0541527385635,48.8011356067045,41.8158949024056,39.3697189061992,40.1713123174003,44.1975168817347,62.1599229822799,75.4714714735255,86.1856611516632,88.4620868483964,71.8071614615819,72.6594948631139,80.5464131724114
37.6136159348634,36.3893161353875,38.6983560785745,37.7935854148671,36.5676748340579,38.5663118124121,39.6344828469597,37.8568367369921,22.130391007226,22.969916827784,86.3230556188388,0,12.266979604528,18.7863641533359,55.7238804748363,62.6082068320799,45.6738206616206,44.0183098153334,43.7140776010563,46.9917123551246,46.9666023686896,45.5629993065402,46.1301955536811,56.4929592977426,84.2541663882338,91.8855470677436,60.9943111454833,63.5397379693449,56.2046215257546,35.4044463649899,34.2070370182412,34.3896860762291,72.8106347308662,61.8864982469789,67.8187208627208,61.3822643120751,29.2529298089139,73.9902801966314,74.4252307975533,74.2080425785368,74.2341829450192,77.1388925309353,73.6862657225048,73.8990603838965,78.2988050982122,75.4639492111352,80.694164990294,78.1987887816375,82.4402469122727,75.4714452334146,75.9122499016577,48.9077585944469,52.0188726708931,47.2733475128946,49.9160729860031,46.5432944029293,48.9389314279041,47.2426216028084,43.1195669636599,51.4032270742871,46.8754397185482,47.9242345148572,43.2207858357607,51.8992423139216,39.3143536498252,50.1593926047678,81.7981674384928,85.1841745905826,81.4681802827842,78.4668191371623,76.6292509472388,73.5005472575875,80.1278368559197,82.3984727551464,95.0620394004711,50.5228645156471,63.0315913346588,87.9174912079036,45.1689655691316,45.0462122361411,28.5414524351596
35.1051915575878,33.8776528091208,36.1862754512808,35.285920931135,34.0567634762976,36.0503741819096,37.1152692433847,35.3372853615383,19.0861005734256,20.0237100825049,83.8096920238408,12.266979604528,0,15.5458931396984,53.2248915645257,60.1053426361532,43.3824035121696,41.7308836099687,41.4306393641458,44.6988745337822,44.528685225676,43.115315947291,43.6827453723109,53.9462796464264,81.7613823074359,89.3890199299007,58.4318469690752,60.9832796966555,53.7175018034565,32.757666635003,31.565154036618,31.6983778187129,70.3127295630809,59.4273611731732,65.3135500456234,58.876801457645,29.4157208892902,71.4801808230919,71.9153916757535,71.6981957371419,71.7216799163953,74.6263749256819,71.1734871681698,71.38625296969,75.787257996328,72.9530304600166,78.182998822124,75.6876195907955,79.9293057485253,72.960194716668,73.4015512046523,46.548218046303,49.6513845496212,44.9074465729416,47.5752544627779,44.1507987314919,46.5437117509211,44.8496371621503,40.6031489537827,48.9479807181054,44.4129013205875,45.4609336523454,40.7513046408351,49.71269494628,36.7712003088649,47.5905180818845,79.2918207207663,82.6781875427755,78.9620188250734,75.9604298556472,74.1156746468362,70.9870171626466,77.6155920046707,79.8862209062332,92.5466306361271,47.9804534151301,60.4912493137046,85.3993355384966,42.6409941952471,42.5582558890488,25.6738474949906
34.2559715851292,33.0242299478359,35.3212040477182,34.4488584658766,33.2157990750508,35.1678728979377,36.2168962984938,34.4480266675049,15.1019861841195,15.9562801468481,82.838268339793,18.7863641533359,15.5458931396984,0,52.3271313672487,59.1919797611911,43.1448185544624,41.4661055801528,41.1972136445472,44.4301834179701,43.8597932573671,42.4140948921744,42.9839917361,52.8415336606066,80.8729817958621,88.4860964081883,57.2478140820285,59.8312634534832,52.8617482494539,31.1982365521257,30.0436284472279,29.774546846507,69.4072202225001,58.6847909547465,64.3919473161067,57.954816999284,33.0492340556143,70.5231016939433,70.9593754599092,70.7419997021514,70.7546693999247,73.6592178525977,70.2053072216005,70.4178598052457,74.8237335662838,71.9921627119351,77.2210212072978,74.7257073094381,78.9682363342488,71.9979111007881,72.4415998170909,46.0949089661414,49.1797001836811,44.4339172369654,47.1857332241435,43.5998180210378,45.9881720225023,44.302373565219,39.6953079309487,48.2336454964888,43.6767306309176,44.7277325323535,39.9983105212918,49.5826420571113,35.7730719855464,46.423243404461,78.3497181967877,81.7375485356058,78.0206832116986,75.0181793299073,73.1437457183394,70.0153181850417,76.6491489374673,78.9197982033873,91.5668565601021,46.9293639699786,59.4437546246709,84.4177922654316,41.6640611508343,41.7360840089995,23.9277925719859
39.5230885677979,39.1283496334423,40.3920139624255,40.6792780661051,40.1901406433478,40.0166346246319,40.8045431529197,40.1674558907869,49.5902374882055,50.0527413758784,65.3230867662009,55.7238804748363,53.2248915645257,52.3271313672487,0,27.8714206254036,53.9377406983452,50.9775720406224,51.7902789788564,54.0148643052791,43.8294680240895,40.9157059422064,41.9626901558347,47.3789057732448,61.6229466887625,69.1047866280567,56.0840001945975,57.2652914058023,29.5632512086931,46.9897820379653,45.4209399610789,49.7687938266421,47.5519607445001,54.1268558189968,36.3357422012158,30.3352708530087,65.486490712022,51.9689912844678,52.366490835839,52.2439407745375,52.6437248927601,55.5965489313624,52.1633596236917,52.4300101226653,56.7934348047582,53.8213077640365,59.1412627863441,56.6029963841737,60.8629160726495,53.9086638100509,54.2294882312527,50.797769695956,53.5978541754847,48.4225808696344,54.0571774087735,44.8531810257034,47.5413062643395,46.3555581579351,41.4240360012021,48.3607198200522,43.5142524276936,45.4950983256193,40.4459315588353,61.0454208942363,41.5185838673663,50.743249017458,59.5088668056019,62.8540179931651,59.1485791706504,56.1647356431444,55.4795693860662,52.3237292164055,58.7577759025557,61.0037144686908,74.376725056078,45.0676085297705,56.2451241076296,66.5819536980212,39.498040539673,39.1800169304429,50.0762495825653
46.5341089171885,46.1199147629829,47.3886810180808,47.6830327904949,47.176383910687,46.9953288533655,47.7649049262707,47.1280456306695,56.4377740422724,56.8962546774348,70.5774660888837,62.6082068320799,60.1053426361532,59.1919797611911,27.8714206254036,0,61.1075538645208,58.1916037209461,58.9702469448638,61.2241522960678,51.2505455542835,48.3871758894568,49.4062639751108,52.9408652616812,68.3844452263637,75.5968261158741,61.9686721700782,63.0711827412784,39.3643812428385,53.7194560653733,52.1516838990554,56.5199540378979,54.0886763716703,61.7439389317013,32.6214934565479,28.3638378951731,72.390914074441,57.2755776747628,57.6970624078023,57.6059326523148,57.7543271791073,60.7282744482077,57.2596947245078,57.5484102414455,62.0931685540827,59.1550398759863,64.4761885509142,61.9198051772259,66.2196715617779,59.2274477304503,59.5783827458424,58.1417799481124,60.9441261656888,55.7902664839033,61.3327556708616,52.3144934532493,54.9809113047023,53.7731239639936,48.3818080654637,55.7177316308417,50.8568384476986,52.7945042564782,47.7329306639618,68.2268375086017,48.341189760905,57.2309194853465,65.2066130951966,68.5816107080537,64.8602546782314,61.8559009876398,60.6287521727082,57.4668363745886,64.012568891629,66.2461652746747,79.4546440158899,51.4376566944725,62.4939559415558,69.8346252816749,46.1944672326918,46.4721618784476,56.9228197795035
37.4647549958145,36.5536061589073,38.7517317611701,37.7346168994738,36.8244941912364,38.8291534342648,40.0671593723771,38.4345801314176,41.1789865992031,41.7689712100482,85.4869756628307,45.6738206616206,43.3824035121696,43.1448185544624,53.9377406983452,61.1075538645208,0,22.2546946537953,17.83301594638,22.3221042220076,40.613886993904,39.9894802028229,40.5648577953243,58.1027563936404,81.8797458276028,89.7954326971959,63.6711725097535,65.8176451723074,53.4934416738279,43.1247748126025,41.6544222086905,44.6683279172533,70.8472309364723,57.1791948572052,66.4955578043621,60.0863710612162,54.4615834213359,72.9187057630674,73.3343264155429,73.1166562481347,73.3402855563101,76.2454833009582,72.8125176969346,73.0268065913285,77.3310507279055,74.4501386340092,79.6980488125695,77.2034331987002,81.4273388971499,74.48186115216,74.882212777812,35.2064101347643,39.073115613572,34.2733115683341,33.7243144533478,36.0328093077991,38.6908144662181,36.8017339546762,43.1444111582084,46.6337905738557,42.7157807095731,43.9271358194638,39.709228394743,36.9015855166967,41.2239257544305,53.3765782668075,80.4452216535531,83.8044526257045,80.1015398720591,77.1172286714019,75.8114063036132,72.6795478763075,79.2114411493964,81.4829297017336,94.3777988765122,51.9904985655671,64.3329911205871,87.4958526109165,45.75550561256,42.8286346457538,42.12775747839
35.2042763976441,34.3570079169229,36.4855812776956,35.5452533076487,34.6950771882224,36.55735910857,37.7879036140776,36.2195266223082,39.4804945828642,40.0620536761459,82.6078410428376,44.0183098153334,41.7308836099687,41.4661055801528,50.9775720406224,58.1916037209461,22.2546946537953,0,15.3856905280329,15.6301947294425,37.0593245517064,36.5351212814483,37.1379567966853,55.606538546702,78.7449758497272,86.7107478132394,61.2886810820087,63.3974185691286,50.3590904545469,41.2168794025811,39.7407563836816,42.8238419037358,67.7985061594473,53.8265741714293,63.6117759917016,57.2103061252264,52.8179429015303,70.0057374241518,70.4182251311613,70.1998183848434,70.4555838968622,73.3604904493218,69.9308857092074,70.1450123437299,74.4325969842951,71.5446025747586,76.7949551125118,74.3007973510002,78.5214734550517,71.5799930326705,71.9741199962111,29.9784538451167,34.2682234079412,28.9504314366696,29.5410182583155,31.1428898008638,33.995914452853,32.146492978679,40.7297071046984,43.4681642023809,39.6593845373094,40.9666201235533,36.8154203641824,30.0530708389019,39.03392385596,51.1486461045278,77.4849913043623,80.8398427253006,77.1391306539716,74.1576640555765,72.9367490764378,69.8045521640609,76.3210216014154,78.5928560742773,91.523240735364,49.5735584277205,61.8815011867533,84.7196886564989,43.2893094567434,40.0417630778224,40.4392694873942
35.5059546317903,34.6091554329329,36.7887803305517,35.795099830351,34.8979152383183,36.8620853343757,38.0960095509145,36.4799763545153,39.2423910957256,39.8311158481182,83.3534996477239,43.7140776010563,41.4306393641458,41.1972136445472,51.7902789788564,58.9702469448638,17.83301594638,15.3856905280329,0,17.5863810792891,38.3508774999515,37.7434930581966,38.3280314516003,56.057828586556,79.685690201721,87.6134416237295,61.6493268532647,63.7885178265128,51.3036379037493,41.1934715979641,39.7233490238613,42.7376942020041,68.6747934661163,54.9504379156895,64.3659773088094,57.958811851918,52.4800083706517,70.7775623697773,71.1924464655774,70.9745588317679,71.2057513754679,74.1108562184407,70.6786920208363,70.8929161106934,75.1931656839883,72.3106137023404,77.5590699007504,75.0645841516126,79.2877048935678,72.3431814944642,72.7420915381101,32.5577765415596,36.5616773714559,31.5569095238101,31.6103839826195,33.3944112508182,36.1187347757697,34.2514050135837,41.1391002499442,44.4677620588449,40.5737839391065,41.812989748407,37.6078184331327,32.445281415521,39.2623437233536,51.3931016667487,78.292852241318,81.6510504336973,77.94866080731,74.9650242095916,73.6790827921783,70.5471561240875,77.0754259263774,79.3470095121602,92.2500975631444,49.969411186294,62.3036233552449,85.3888010524697,43.7289913314477,40.7406504333022,40.2130885801003
38.1475898777453,37.2941722080194,39.4314300290682,38.4794801940567,37.6239344645774,39.505718620062,40.7386487140145,39.162544279516,42.4361020425901,43.018184420991,85.6400788692554,46.9917123551246,44.6988745337822,44.4301834179701,54.0148643052791,61.2241522960678,22.3221042220076,15.6301947294425,17.5863810792891,0,40.1352193585387,39.6082740729475,40.2054154925336,58.5969937946571,81.806400297817,89.7662943236769,64.2690936187986,66.3808992002095,53.4169576403232,44.1592834431303,42.6827441959661,45.7687296168529,70.8491036476485,56.896295932357,66.6406011008499,60.238105621394,55.8068498108852,73.041558315031,73.4543987582986,73.2361101436045,73.4882513061101,76.393209885125,72.9632179643298,73.1773838383586,77.4669055106409,74.5796887100538,79.8297884905102,77.335561623212,81.556621681053,74.6146796238094,75.0094902523314,33.1414840601359,37.352498262179,32.2120437619956,32.0723619928781,34.4250004297345,37.2301699264564,35.3579011994677,43.6964211039395,46.5000763261889,42.681934009531,43.9747110842903,39.8193894368003,34.8001238207944,41.9829903873485,54.1106242819801,80.5262258194672,83.8815730221915,80.1806084720394,77.1988168096011,75.9684043460238,72.8362366423993,79.3544404887751,81.6262252204234,94.5527143692249,52.5515168238883,64.8633733095786,87.7386488957113,46.2682370794242,43.0444224649688,43.380278781021
30.455005164127,30.1671997952288,31.7657428889138,31.3489073950975,31.0271736073672,31.8769843168095,33.1269860544147,32.0291822293056,41.3815518572622,41.8976995096093,76.4131679659883,46.9666023686896,44.528685225676,43.8597932573671,43.8294680240895,51.2505455542835,40.613886993904,37.0593245517064,38.3508774999515,40.1352193585387,0,18.8796245171277,17.1472929398362,50.9417026602851,71.820586354349,79.9006052831322,57.345945974076,59.1938746619027,42.7279374107629,40.5384660870319,38.9869796416823,42.884900754078,60.9383200123582,40.9448935385933,56.7744697651196,50.3767800732298,56.4227664996771,63.6677965214954,64.0703484898032,63.8553747584844,64.2121756964333,67.1191979501643,63.6989188882852,63.9158342151666,68.1602864489986,65.2467239920341,70.5083598048629,68.0128420150712,72.2265649320207,65.295865610758,65.667556902209,34.3955493608004,36.6912517445145,31.7674354971525,38.759604595622,27.6434083059854,29.2687424556658,27.8380243909015,35.1228010922974,27.5579187489866,25.960486553927,28.5221690395544,25.372719680303,47.6794371999203,35.4729722984733,47.8766265799941,71.0131094356053,74.3546320614924,70.6600414075235,67.6867144904212,66.7439908589386,63.609329668315,70.0765176350199,72.347742023981,85.4071568835574,44.9279176287268,57.0682724082843,78.6244140605898,37.9639866429526,30.974956833933,41.9353879470264
28.6051529703329,28.3725920773922,29.8576623034924,29.6122702385066,29.3194712232182,29.9165694681312,31.1231457064713,30.1321120841371,39.8982793524889,40.4079299422881,73.7427833023074,45.5629993065402,43.115315947291,42.4140948921744,40.9157059422064,48.3871758894568,39.9894802028229,36.5351212814483,37.7434930581966,39.6082740729475,18.8796245171277,0,11.7586674768173,48.5650774100563,69.053835231178,77.1436159030954,55.1002199791222,56.9033484124823,39.7081197416833,38.8206179794512,37.2633532048041,41.234200721469,58.146319498024,34.4734709267573,53.9337048940333,47.5359083062664,55.0656106659318,60.9710162752269,61.3720427200698,61.1583558472944,61.5305880608604,64.4382998753327,61.0193088219968,61.2370459600907,65.4760509132566,62.558195636061,67.8219982318837,65.3259202013893,69.5389972613442,62.6097023852741,62.9776308207015,34.4083864720065,36.8787452105658,31.8042797063825,38.5588580292724,27.530648534676,29.5563349717232,28.3371544483324,32.8772879157463,26.5083255265614,23.0292685604011,26.8188703238654,22.8517062792653,47.0525923513423,33.4917725819113,45.7984712652705,68.2981227041001,71.6377115063574,67.943918714295,64.9716934844796,64.072446957702,60.9372445388997,67.3968200510455,69.6677441701438,82.7489579557043,42.6032992732868,54.7009319644227,75.9548800796101,35.568843472828,27.897555592386,40.4317814132868
29.0964636176117,28.869978901727,30.3669134661261,30.0945919722256,29.8116880871124,30.4443741288874,31.6674243366774,30.6604423894938,40.4706104004701,40.9811092196979,74.7431485570554,46.1301955536811,43.6827453723109,42.9839917361,41.9626901558347,49.4062639751108,40.5648577953243,37.1379567966853,38.3280314516003,40.2054154925336,17.1472929398362,11.7586674768173,0,49.3682249035824,70.1757002300485,78.2426713418684,55.8575394596253,57.6742391938321,40.8728836003436,39.4173985267657,37.8600699185648,41.8253599684019,59.2334362329659,36.9043980208836,54.9331996754353,48.5304657086765,55.6306409139074,61.9882234957214,62.3907923793307,62.177405832775,62.5338085608505,65.4416526305355,62.0210028512544,62.2388094075326,66.4859695642904,63.571608716725,68.83418931478,66.3379055177823,70.5525426534763,63.6213021532112,63.9923016294338,35.0305652160853,37.4643075915152,32.4495914110895,39.1468942974382,28.3276679736395,30.254781884625,28.9571465262677,33.4700686507066,25.7512906693795,22.8693603502712,26.7768378597443,23.0301377920255,47.6538492967201,34.0857883903092,46.4700346982245,69.3382579837613,72.6799715078534,68.9851242317381,66.011529466342,65.0706472854364,61.9356145648769,68.4027819887917,70.6735436727488,83.7372081798913,43.3381895416927,55.4554432079879,76.8980242452365,36.2841664776391,28.5465425673988,41.0022244197801
42.764930688307,42.0674569393981,43.5325315970818,43.716107883302,42.9653352192646,43.0238824581404,43.6798273388027,42.857495382152,49.8786826797431,50.2840988316781,70.0130828629508,56.4929592977426,53.9462796464264,52.8415336606066,47.3789057732448,52.9408652616812,58.1027563936404,55.606538546702,56.057828586556,58.5969937946571,50.9417026602851,48.5650774100563,49.3682249035824,0,74.0357136808877,80.6608625790279,35.7947094704165,33.2045688020097,50.0828829203353,45.6973599222927,44.161562952533,48.7130232362755,61.7999517134578,63.1432208379843,57.6069918851321,51.29279148717,66.5120822600026,58.7602192346369,59.2782100818664,59.0458388477808,58.2191152772716,61.1161527844674,57.5789199712735,57.7796097074241,62.5760061811399,59.9440988175629,65.09166137242,62.5985901863435,66.9082109223192,59.8438613146958,60.4627868986095,56.8408003529816,59.683192582723,54.7115372560438,59.376739084676,52.0997558024741,54.5986650512454,53.2017770477605,44.8894208794325,55.0322059763223,50.1450277464107,51.6833322197382,46.6112794636014,65.2983720331259,42.6612536659434,45.8812354058688,67.7090905151431,71.2054406455104,67.4376308334358,64.3678107157441,60.2514907580309,57.1378655467611,64.1806809611228,66.450199703562,78.0784022112373,41.4047424884509,50.6719007281956,70.032775525809,41.8071026098812,46.0955723673992,50.3888825122212
68.8247937140584,68.371557501536,69.7518841659687,69.8766625668828,69.3465437667139,69.438352109249,70.2866869974574,69.5123678302597,78.1504311012218,78.6115335264233,73.9850086266078,84.2541663882338,81.7613823074359,80.8729817958621,61.6229466887625,68.3844452263637,81.8797458276028,78.7449758497272,79.685690201721,81.806400297817,71.820586354349,69.053835231178,70.1757002300485,74.0357136808877,0,37.9697028800169,82.9673491505835,84.1825333725932,60.9792215342922,75.6344767872599,74.0851909253049,78.3275357138491,53.247839408733,82.5060529761765,74.8747829601567,69.1849043751132,93.9942770407557,59.3439385278802,59.3700127879258,58.6511015563048,62.9401075524414,65.6373965194294,62.6880311253223,62.6982629551163,64.3131471241091,60.7116684457117,66.0436984427257,63.7945165970788,67.3732491527638,61.0825552271791,60.8482170656504,78.1650527325769,81.0100834166804,75.6900525130634,81.6751179476275,71.7033645870034,74.6132391795984,73.5587329804085,71.3083469452126,76.9502437508153,72.345537384898,74.3441081632824,69.4905535959117,88.8918102941319,70.9529635386287,79.7176821730067,59.2436749775885,61.9187256932949,58.6500841660979,56.1817904625373,65.6016658912586,62.5039588122324,67.0898579478547,69.5085373797444,85.9713000744128,74.9979852589934,86.1007350193861,93.1648842941619,70.1403305174747,69.2870218164489,78.6746313582186
76.5187088328855,76.0552810134835,77.4332523783021,77.5713490612513,77.031129348261,77.1051005149889,77.9392152662357,77.1703960924098,85.7473359702318,86.2047740964781,77.2090723144844,91.8855470677436,89.3890199299007,88.4860964081883,69.1047866280567,75.5968261158741,89.7954326971959,86.7107478132394,87.6134416237295,89.7662943236769,79.9006052831322,77.1436159030954,78.2426713418684,80.6608625790279,37.9697028800169,0,89.7551245527929,90.937162279038,69.0866180052105,83.1265881873849,81.5786094171879,85.8366671034473,59.8176145224999,90.636484952213,82.0310839525568,76.3821780234986,101.64473899781,62.5465690194821,62.5039270006117,61.6013511035202,66.664892902734,69.2997496050885,66.4487094572875,66.3962748809952,67.3731159242374,63.6532157550664,68.952724094737,66.7983023971756,70.1797843854846,64.0702669233609,63.7326407072638,86.2664787328695,89.1080362221481,83.8189976727711,89.701288000307,79.9430554223156,82.8123745432237,81.7283462707298,78.9462063163812,84.9279965667748,80.289914629415,82.2614967437681,77.3817207203158,96.8246132135297,78.5180732942103,87.0423458836693,60.1561858939715,62.5889169376617,59.5448897490523,57.3086826442098,69.2208455787965,66.1400998490933,70.319696730545,72.7866630029214,89.8631540107215,82.3009110998729,93.3369880256094,99.3873893543792,77.6285317706113,77.0857964287416,86.2698313017221
48.4737015933567,47.6753981163584,49.2480574839317,49.3267083632273,48.4890875632743,48.7467651513257,49.4162296136414,48.466960740225,54.201231597685,54.5819171562381,79.8170001991581,60.9943111454833,58.4318469690752,57.2478140820285,56.0840001945975,61.9686721700782,63.6711725097535,61.2886810820087,61.6493268532647,64.2690936187986,57.345945974076,55.1002199791222,55.8575394596253,35.7947094704165,82.9673491505835,89.7551245527929,0,29.7765416879016,58.3207172227495,49.4506907073923,47.9506609076354,52.4757888695092,70.9100470409816,69.9610542344299,66.8064155707425,60.4761150003436,71.1050525557606,68.4961129192861,69.0007456310112,68.7586789943766,68.0756392522008,70.9646278628806,67.446875652175,67.6391468527128,72.3404717237023,69.6858571750371,74.8363333534944,72.3508033729845,76.6408975572975,69.5963735546602,70.1953150256967,62.8933502980378,65.7533443556396,60.8238748813357,65.2489749904645,58.4406518658169,60.9069597579394,59.4648489796387,50.9989302990361,61.3981417262891,56.5310301836687,57.9739972683315,52.9265651022409,70.8697775136841,48.0721058155327,49.4622418286293,77.2457019886631,80.7257801263625,76.966363932058,73.9074046619881,70.1100996573762,66.9989134714122,73.9735415645002,76.2486638393608,87.9995268921653,48.6766215888661,59.0263435457989,81.4200831545938,48.5973394499945,52.7182204817062,54.749054403687
50.5130192259091,49.7512247595917,51.2802465630223,51.405158121205,50.5991518489387,50.770263039863,51.428134327099,50.5318660087728,56.8180243334148,57.2091632030778,80.8788123624983,63.5397379693449,60.9832796966555,59.8312634534832,57.2652914058023,63.0711827412784,65.8176451723074,63.3974185691286,63.7885178265128,66.3808992002095,59.1938746619027,56.9033484124823,57.6742391938321,33.2045688020097,84.1825333725932,90.937162279038,29.7765416879016,0,59.640113085648,52.2833957240342,50.7643505429169,55.3245006402542,72.071704895921,71.6733267718857,67.8575548615853,61.5241600302665,73.6144490966796,69.554519977822,70.0616322645609,69.8233221546931,69.1127209863925,72.0045951434574,68.4823879283459,68.677768728572,73.4014202875783,70.7495362639396,75.9010468854859,73.4129066437791,77.7079547157218,70.6590439143979,71.2604010252721,64.8747665997569,67.7276080836084,62.7855106048514,67.2908346593898,60.3273173092648,62.8019044278329,61.373719445203,52.86125536346,63.2480293597814,58.3696848846981,59.8428047533827,54.7828193919206,73.0187439663819,50.163223200848,51.9836147326659,78.3442463666705,81.8271959565178,78.0661549862483,75.0051375939537,71.1552598081131,68.0429015191412,75.0303600283317,77.3036275960114,89.0383830687195,49.6999474262504,59.5723557782813,82.0108471383696,50.1278579944361,54.4561305666227,57.3460835079906
40.0034927401307,39.6303270543558,40.9312483626234,41.1327924562366,40.6685246857219,40.6243613422294,41.4804365114062,40.7851825493396,50.1728952493779,50.6448472536986,67.6267057604292,56.2046215257546,53.7175018034565,52.8617482494539,29.5632512086931,39.3643812428385,53.4934416738279,50.3590904545469,51.3036379037493,53.4169576403232,42.7279374107629,39.7081197416833,40.8728836003436,50.0828829203353,60.9792215342922,69.0866180052105,58.3207172227495,59.640113085648,0,47.8899679224743,46.3249885048913,50.5886529762721,48.4203349639755,52.5266670622262,46.1907206526759,40.0922797779286,65.9092482969053,54.1906174721626,54.5506874848828,54.3702898790827,55.1596273459945,58.0812140035049,54.7003163126716,54.9348004757373,59.0155968771546,55.9879148784974,61.3058132459683,58.797140881292,62.9913320289285,56.0996620779224,56.3712897499392,49.7047198555527,52.5131780693562,47.2339281018218,53.2281158331632,43.2754876408374,46.0911288207983,45.0088786747018,42.2780606086065,47.6690626337947,42.9609739923689,45.0656119131219,40.1323458235508,60.5372248282154,42.4887363632347,52.2948620624688,61.0566684001295,64.3489171727175,60.673062634106,57.726624639777,57.9435635424428,54.7962290311838,61.0532486615316,63.3183083492931,76.9591141087303,47.161586402574,58.5393823037657,71.454347121851,41.2345717504615,39.3579090182611,50.6751739434979
