IBR/IBR_outputs/all.combrep_1/EucDistWater_Total.Silt_Total.Spinifex_Total/EucDistWater_Total.Silt_Total.Spinifex_Total.asc
NCOLS 160 
NROWS 95 
XLLCORNER 210004.651214014 
YLLCORNER 7350008.22228844 
CELLSIZE 4999.99999999997 
NODATA_value -9999 
[rows 42 to 62 of 95, columns 46 to 91 of 160]
16.2741018607611 14.3568480313744 13.5942963481672 10.5208697395285 8.02771038555101 8.24103341730519 5.9938547607339 5.93844851714803 8.14259454338692 11.1935899912929 8.01695064943035 9.91775262888624 5.95105834002462 2.89203903405197 4.31783811205834 12.3634105632195 27.0943512809999 21.2841756020974 19.1198474953194 19.1930856374513 16.0785727924313 8.99644760050955 6.89482981206086 4.9672451580962 13.791785105149 26.9458496388983 41.8576746795005 12.6554047427353 10.3777847723036 9.90371186032083 4.20253034602062 8.75179423951854 7.09053454492552 3.79285405119726 12.5846009225425 8.42513529841517 5.47221684376359 2.75902089925912 3.78086379270358 4.86132645447596 3.75047982050915 9.20119652262036 13.6383064428455 8.45096583025392 4.69359425455309 2.82341849113651
19.281515894327 17.5513575781809 12.2531665612001 7.08517883342488 9.67772634989414 7.24331978424569 8.90530877935688 11.1270885131935 14.7033522144114 17.938421345322 24.8392692868597 42.9058875607697 100.894532059404 15.0855892241023 7.9541187728372 16.2800732800714 25.203413095704 34.9857916895152 13.9546620338988 14.8759280652378 17.3752025347148 15.9338950515493 11.6044110586606 8.59726918954806 13.6884628839777 23.0909617171617 42.414457656463 29.4978766792701 6.91541555044665 5.06762885994287 4.86991182378428 5.53414131893764 3.17677357159039 3.75577208170468 7.67127609950842 14.8350121840415 11.5763918038763 3.49180477046248 4.87501618341825 2.51064739604228 7.81404873623561 10.9241893528802 12.4608512899412 10.4665405811331 4.86327939065865 3.28209747097498
4.15973379043109 5.06005326908111 5.0246950134548 5.11148996617687 9.52350173684224 13.0130803676046 14.4236848622226 16.5223681117859 32.3102954272175 46.8840553245017 26.8889967626274 17.6178215979118 27.4805063863048 68.7567061576221 39.6344298149615 22.2288830467933 13.5177394066991 16.9742625115399 25.136662189044 30.1089643676691 80.5862530312856 24.7363036309169 7.63771129207173 5.88652114440879 5.81721773458226 8.1679900294362 22.7287160717442 32.4986746340956 16.597658721971 8.80301905849733 4.68406421127724 5.03564154429948 4.36738939944542 43.7449671364186 9.07012366898482 14.3798755455641 9.26017866999566 8.09270418092608 4.88812329168538 3.88744624475804 10.2238770543256 7.3330001515344 6.11277760066491 11.651043849707 9.96575789590108 3.78733311749985
5.90850807237376 5.61982180385385 3.51297629676173 4.9167508954893 8.84903915518428 10.2357215534277 8.49381106456101 13.7220851157884 43.3832942208164 14.7848564204143 6.08431572936062 7.85567762537411 16.0682244821633 25.6191221866395 44.9858781774849 45.3150037520567 12.1163623381334 15.897132429133 49.7974334463618 264.773549037204 183.440857980422 101.156755496274 14.2545816989535 11.1412333958743 8.44769617710025 7.44618965989589 9.85001306134398 9.52933249326408 19.5236525840427 19.3464483937629 12.0375744680205 3.46789037456763 6.86490246440206 21.707469725742 16.6633759022739 5.41102410732171 8.04329940620008 13.1295751278692 7.06399117109732 12.3866929710248 8.24051585635208 5.19115701463096 7.03517106021343 9.72280207581119 9.13705799383383 3.26778953965363
13.0072777360966 11.6727655602677 7.12093264736509 3.87971174479714 3.22337503856639 2.92412835068971 3.37915527283664 6.08884573703935 9.68757181852698 10.0482534086741 6.35877210532938 8.04483173053017 14.780958574377 20.4335208935255 16.9509723290547 14.5685502085222 15.8674738984165 13.6886728891338 16.7317271053119 38.2483650801346 16.0271209943479 10.9834061648226 8.4241973537527 9.85708892537571 12.3580862105921 13.3120624174247 13.2699521976714 7.89717324927722 5.43284405379821 17.1184650380518 11.0120857670261 5.321253332873 6.79280215341129 20.7184277279409 15.6374755447372 8.19368644320166 7.99579647204902 14.8505387481359 14.6815852345764 11.8591531130596 4.43664602890185 4.83142228263611 8.79929706014905 4.22440825073264 3.74604045586287 3.34592660589768
11.304590592227 7.65896625255195 7.25368508217359 9.59584794679944 8.31560423335663 4.77856769648026 5.43574245420027 8.02984349105077 4.57579961602377 6.23450781509582 9.49669805899948 8.5196938189647 12.5476759945209 14.3138791945983 10.1867365105734 11.6020847949784 17.0627477865405 15.9170194052447 14.114613003499 8.00079181347035 7.45438873741618 7.80526581920151 5.86036752485054 4.93280400507236 6.33530575217967 7.90731259869165 11.4769157478039 30.1127401086026 136.906671204946 54.5455998820529 11.0764935859054 9.8128571671941 11.1365266060187 10.3362721171068 17.4700499486694 26.2408508283565 17.427513601738 14.2546034752358 11.8976108715857 4.72455192812308 6.62244419570389 10.9327357351789 8.68761599851757 3.52866916800907 4.57156966972888 5.23131645629787
7.72289435672144 3.93501407328555 4.15892468072858 9.5880908288023 13.8260435745373 9.55790765293415 3.83686323163254 6.41158870203102 5.43969897312416 3.36373215240319 6.21329348247978 4.09892815468413 9.62275523140719 10.1063293846041 4.97541077226938 6.31579500602157 14.706050598981 22.4273435532145 18.4507222286399 14.7266260760297 15.4057146087723 14.5406507951077 10.0285024312503 7.54951372557786 6.22140563893872 9.02139955956015 73.8962577177797 236.221260984689 224.601842511572 141.480130838549 183.158575565479 40.1971698249408 15.1917294577619 14.3719091656116 11.6122017167894 19.2655059326746 14.5606989913205 12.2479305557236 9.55675911117549 9.3817629043541 11.6722723098514 11.0428195844178 7.02583038666226 7.38553190225895 8.95055899118815 5.43929070910205
10.0414734978284 8.45015222270834 4.38798622762446 7.84974608931011 14.5583761049985 11.2472654238143 4.21405281052241 5.45232275405275 5.12024142847752 4.21672998572124 7.85193044751192 8.24607715976487 10.568081432424 5.35949310064871 5.13261673484223 9.43274381507773 15.8961212554716 23.5607752793332 23.9114918202083 20.7132695454156 20.8395812474244 21.328434199058 16.7509402164512 14.8828696210215 10.832039378198 11.5369903485332 19.9658268041107 16.6227552466676 15.5952390480312 26.3202655271274 76.5744483372756 325.63119241093 76.3555132782877 13.4159324888198 23.4877406799221 9.75101260232549 11.2354793898244 12.2679004263493 16.0652426112771 13.2654508551508 15.1390727063225 14.9089358184448 7.75141607058533 7.96351581133861 6.33316507365937 4.2445329043701
14.3976689763635 12.0617797271417 7.49813644821726 8.38044262586563 13.1001054637432 11.0698570941723 6.20908606283634 3.61851108097854 3.59015351670578 6.16418306987932 3.67987756303733 6.07024485629 10.3557148971277 7.61633441603847 5.43946503824296 10.0306320966655 16.1221976434649 22.814519281146 19.8331151646644 15.1807816500951 14.9071557691038 18.2064741996662 22.5905810882963 21.690681028416 18.0565739763184 16.7616629557003 19.4421910074569 17.8198553015553 16.7613119670354 19.5078239216202 24.3490232316618 25.9223735323899 64.8610567378413 14.6857201386876 10.1058492336889 13.7666961843833 16.1811426166084 16.9702261883621 17.1376889090507 8.77107247120832 15.7670099672197 19.1687936961175 23.3097335274156 11.8940164998946 5.97423040323186 4.31988822120035
10.2294159794021 9.65834664854363 6.44502181334815 4.47954877674149 8.80024271726487 5.90543466897573 4.4789438578903 5.26869268926249 3.66857617483144 4.34638364857553 3.86261028300168 6.13370128228647 7.4403379481729 5.10813179889729 6.98002441369958 6.71025198332608 13.7068892279298 19.7645642430374 14.8694051264972 8.58303586737143 7.39288572548742 12.9059188242803 20.2978966091554 20.3476658112673 14.679440539017 13.0097635967881 14.4230920635154 12.1463469860213 11.68727099734 16.0729940176305 21.9465732226536 17.3267918217879 9.73153475925388 19.8428721941272 14.1179575136016 17.5960590992531 21.2212736563372 21.725051640051 16.7441853240084 13.0637774725023 16.401361984383 19.3864345048706 13.7965126070317 17.1754790249703 18.9639550909963 5.75803622961854
5.73636032207953 4.95073631724472 6.10402114132968 5.16896470515438 5.53455249009141 4.52628084800252 6.21823835584851 7.86907242085931 4.32629912054805 4.45839197674352 4.4345507779931 3.82075564555663 5.24636377202718 5.31069106932951 6.55878666210386 8.1352898337756 11.7639792266066 13.4788363847181 13.8117421337677 7.1337593863544 5.89938157804635 12.1135660120091 19.79625665824 16.926600110873 9.68005810153366 5.56675494988324 9.8528349789138 6.78855696747194 5.99065257923897 12.3041112674717 20.2019082107426 18.5398486197203 11.6124214774241 39.7187923344629 15.1424681282305 20.3647090061103 17.0107690799592 15.6218143466458 20.0038109752564 22.5119145502764 21.6033119439637 13.9513840492269 7.16299683279893 8.26070072103642 8.46494275900791 11.0382104726003
5.95260874717221 5.63835351547043 9.71712618628973 6.74368806600535 3.85639681899205 4.29553978164025 4.50027365103311 4.76196079225194 3.68183958932272 5.06943119479477 3.31730404739937 6.07281442833842 9.12401178302238 9.56122612425576 12.7656939283851 9.77640687644989 5.44174047357281 9.38672957962082 15.4780677436101 12.8046768966954 12.2912996125206 16.4505742635162 22.4824254529618 17.6935786642719 10.6948651176226 6.94082055825047 5.32110219713314 7.21950608572142 8.02324361667605 13.4651301160491 21.1947618418471 24.08539597963 19.5293526979364 29.9692667210263 95.1465862064956 47.0102431772825 28.9251134610959 13.1707467068384 23.8110777864442 27.133738523373 27.4714800890667 14.6286359884218 10.8672088194525 11.1179040761543 13.4024902929701 9.92946743782041
6.26918952539214 4.18110647547274 8.17397299565725 11.935263516055 8.2337900620113 5.65368568474168 6.51896802670276 3.24623759835406 4.88017993079201 5.95477408613174 5.94405102001924 4.91692116991881 11.4531839840548 16.8864255731363 17.5682873684434 11.3816542803659 9.17783676270605 11.6312880366918 18.1810737883005 20.7261534404399 20.2248864118013 23.2637314575998 27.7363287310011 21.7341001814303 16.024986308162 10.5211779215268 6.47789321265516 7.93918267973066 8.34617040426282 12.9899530135026 20.3928409851501 28.1167958710045 27.3229914570927 25.3948078525889 24.1934879751827 33.6911952513357 18.0726274059585 33.1097530988477 170.195872372069 287.191126495387 289.455305150762 126.5477717304 85.958105172623 10.5838576728875 15.4444150158416 16.4274986055956
8.59196300590264 12.2206000380601 11.9079058213645 15.3617334166914 8.6872369396933 4.67817436858148 7.38173207023753 3.11203810605538 5.22736650584125 9.66836410333987 5.78946271843958 7.3754090291066 13.5368233940005 15.0983021878874 12.2381165830668 11.5843749710274 13.9525496834336 17.8008240343567 23.0903566640453 24.9151408239826 24.1051737792888 24.924522262022 25.0217636008545 25.1485835722483 21.5762724990951 16.111279280354 12.8410082233878 7.14812597203124 5.22563149762864 11.3297618138956 19.3880876927666 28.4277772130964 36.9371889155886 35.0677473743698 29.0065888239697 21.3387161885386 14.5764057066749 14.7894677485819 16.8084244886412 16.6500622965444 21.8683451044498 54.0538069589699 36.7986759721459 35.3939656547619 62.3000421020571 15.7098968697719
13.8880972612839 15.856987113499 17.6657336850468 18.1930847340837 12.5055972682441 10.6249718328053 10.879347379468 5.58586016198361 4.59995158655482 8.62705925391818 7.38105903978418 8.41836900725866 10.9484349106167 10.6990728920078 5.25273436355008 4.97524726436974 8.83844945901098 16.6987632108971 22.1871360193272 18.3151751228403 16.14513150611 16.1499692823344 16.5654883949645 17.0197093848528 19.3675262819621 22.0998118611169 17.7833987296996 12.0575928572638 10.9270374731741 15.0341287400241 22.0884666703189 30.4902829068716 39.0387368990178 34.3910717518721 26.026034557774 19.6236444905803 16.062376919722 15.5556915035119 12.1043025341176 9.05473459445858 13.8240344768713 31.6556756211984 47.3335424349869 20.9856479100987 69.1344888600956 110.798303650799
14.2685063492422 11.2660642047735 13.5075344564592 18.6506677997508 17.1284471136448 15.101304621454 14.1141359183264 10.9895419550909 7.31491112741849 10.6691487652983 13.7211283446848 9.51271940869001 4.67083020841431 8.10410039258371 7.69504071919693 6.26157010941881 9.83816697096453 16.6358346582841 17.1384359828006 11.6535049124957 8.16639112210865 8.25381979056543 8.26340369688679 9.28061735674502 13.6143937183857 18.0386198807145 23.3605825848812 23.7767263228248 34.3637244419095 30.985847744698 62.4095855742313 43.1152749459342 39.4803753794323 30.0830177492255 21.2048015792552 13.6059554581839 8.58287403517377 9.31748104138779 6.76763153508956 4.21942212856931 12.9829687433117 18.9656063672122 20.6552183171692 31.1041576720206 22.2563046639961 10.6844117251735
10.050218272341 4.76555490484723 8.44396270047205 15.7938913965448 12.4059517237547 8.02132024659289 8.54496628031635 9.79158997851044 11.1564881042871 12.3294738610126 12.3846554197778 7.85596495630124 3.27999613061386 8.95780682715743 12.5241034207503 13.1715619472684 14.9653757025753 20.5365962912757 9.58739674515907 9.36582517729541 4.99388382191282 5.63038034602595 15.4915542966929 6.93651727086481 10.651407717822 33.0758804846708 28.0911407468099 21.2317586106514 137.894561339173 30.3434697504438 30.2660440977124 46.8516603285491 41.1006433464403 28.9909546454948 19.7482874738333 11.6284443578031 5.01329537330257 6.43482215221416 6.5999417342456 3.03279726211876 8.76254329863768 13.5797312312776 16.0803230535384 17.2790452393686 13.6364789578425 13.6619196250946
11.2343205868813 6.94439922982075 9.8030300288643 11.9159764704782 7.99778934051256 3.26560473539643 2.96819720382342 3.8285472621171 5.11813869362414 6.25236632465441 5.45530186664057 4.94959215540196 6.64534605809517 8.7685225050613 7.18009028231011 11.9381962077151 14.9936710754162 7.9177182608363 4.43962007853537 9.65890891242056 10.4019983742799 10.4715041338095 10.6570305478336 9.10830814736377 6.45865249903646 12.2325430859561 62.98941736243 40.2767156812752 101.075619961867 40.1687633147974 26.8014166403833 62.7918341239995 40.0244448925388 30.6840221134419 22.1881058601802 14.2049507982023 7.91330247034838 6.75879204025768 4.23609529690166 4.25290536765329 7.17391115299244 6.22198970307217 7.93725240174573 9.68345469256386 7.23014515095884 9.3804089511351
13.1205377247404 12.4545671370656 12.8725680041108 7.14473645977195 3.6484083233362 3.56197437845647 5.5553865383118 5.73546660125219 3.33162408501625 3.30360722789563 4.11041041062299 5.81989849809127 10.018031392891 8.13877685963399 5.60553150669391 11.3856169303255 16.0488071115082 11.3169530656033 9.19626078218434 13.5458421351993 18.4915993885463 18.1535950890668 15.3360341931593 10.8951568933266 8.07206565418688 20.5144838287421 12.1476092338264 6.99158961384355 11.06711597256 18.7566984508513 26.8979301275836 82.672394616971 33.430859645752 30.9317132500826 22.8618848562373 15.0092368549979 7.89904223648811 4.03983541004503 4.27034098924005 4.2710020110551 4.84179337604401 3.77209316008294 5.14674876702283 8.67620509842576 4.86906305958109 4.63483174795985
6.68946382166964 7.74504843841838 8.97769839676181 6.26135398550478 3.39370410350995 7.51205028375509 10.5024447471641 11.6440321724045 6.9441156781117 7.18193596833031 10.6191365616484 13.300151139376 16.015423665775 13.5166972210143 11.97603914142 15.884329046775 20.8356722479887 19.3077381127232 17.2639657976418 19.8325044613104 23.6116442068907 18.7286573352226 11.7729457495174 8.04874371100046 9.56533433461964 12.3499561611102 13.7941978398701 13.1187013697981 16.7641271893476 20.9987893137635 26.815016387599 35.2151312674143 25.6981253510531 25.2908981656857 24.651064143392 18.2660560425413 12.4520140395188 11.2871790132588 10.9631705874448 10.5037673406921 6.26769218128128 6.8431208752511 9.95088090277479 8.54964095477255 7.41928678271985 3.27894087469188
4.05206313508713 3.58439187661573 3.73720353013766 4.98614729593952 2.99987067510911 6.79811506827035 13.91214314301 12.5030818188768 5.84908123324499 5.83794974697332 12.7203158340036 19.7671121955375 23.4989562489018 21.4730721673376 20.1244732280549 22.6750782216654 27.612537290198 27.3892883831946 26.5869248267199 28.6813535606965 24.9979505685471 16.5930318558222 9.78248038688528 5.60369686084384 11.2350311791445 15.3125108225562 18.2376210949837 18.9486752410757 21.503556454778 22.0338562497331 19.3250129811831 17.850885759009 17.3129356643935 17.8119937714867 23.7159962926645 24.1246632901361 19.5920504202417 17.9885283456895 19.2202555694734 17.5433534927827 13.3553439513695 13.8912619466601 11.343895296203 4.44547621833975 3.19152367417038 2.88291682879059
