IBR/IBR_outputs/all.combrep_1/EucDistWater_Total.Silt_Total.Spinifex_Total/EucDistWater_Total.Silt_Total.Spinifex_Total.asc
NCOLS 160 
NROWS 95 
XLLCORNER 210004.651214014 
YLLCORNER 7350008.22228844 
CELLSIZE 4999.99999999997 
NODATA_value -9999 
[rows 21 to 41 of 95, columns 92 to 137 of 160]
11.9538790147557 6.72209311526837 5.20853773621762 4.72925975188086 11.2225661826206 19.2985596765683 26.4680313007278 19.9787110053052 11.813580515374 5.23699168406322 5.89353093651291 11.6863576596555 8.67035480257034 3.57466108615751 2.90585946744339 6.7247951359685 12.5580009009511 8.8072737364442 6.58031808716247 2.43564403231448 1.71152443481487 5.49495578992886 10.2474270017053 7.28438577468417 4.04246057472203 3.58188805172945 3.43421569871791 2.94363908529641 2.8006023318885 2.8916719900854 2.67088625821048 6.23900034637433 6.20771241841516 3.30184846829802 4.76615256627958 3.05924755024506 4.86732938409661 10.0464943881421 14.0202701172877 12.2049213984351 13.3682309225487 17.8845157314811 20.4173934801106 23.3068776783419 28.2684220160217 34.8053399739647
9.76864231872355 4.74105467099067 3.76588117477513 4.75599858645295 10.5722947744291 18.211560337405 26.4003349287286 22.8194671551121 15.7066571093639 11.2693288706705 11.5262190057285 10.2538226122545 4.46025511319305 3.57335479378928 3.22400437157727 7.46179197155885 14.8172023375689 15.3972725920235 10.3904927607455 4.32686435966592 1.96118911289175 3.56940324332965 8.99512774366003 12.6835945647555 10.5882242859694 9.37283428623725 9.06879227447725 9.22382912239778 7.63790134286888 6.45751299600621 4.77433753137928 2.67505680876577 4.05008384570869 3.98646940752031 4.06587833890386 5.14569030842968 4.55148472579421 6.46916600963711 7.57401610915948 5.28004344208872 7.49103308713077 10.6078240416335 12.194951189991 15.6393332075428 21.0797273258091 27.1631929217376
6.76955323604185 7.93823827529499 5.56130764319839 4.9156691310745 11.1105897533154 18.0311611250479 26.8839697230394 28.3424451458479 21.9218516285318 17.4097054465415 14.8111477457453 11.1401090724417 6.55676150125492 6.9103224549594 3.47660491677388 7.74237516395778 15.4256928148841 19.0324699151573 14.3320686442177 8.62254358512222 3.12019651766011 2.14706427338119 4.96561714476828 9.99054682280088 12.244912895447 6.34046991431329 5.96476311157854 9.15042548832587 10.7815647319716 11.7161795394284 10.2161153697106 5.35162813226573 4.17046599363702 3.49679703293048 2.92423449120294 2.79294060113624 3.29757819773448 2.73813972249732 2.73012794464178 2.43654384227479 3.18302676485447 4.68491969698964 7.39965854282302 9.73048922331691 15.2254333481473 19.0105931439248
2.95299083680645 3.83129220305145 8.76030332245077 11.261561255734 14.6774395164684 21.0362376724309 28.3037468984448 28.7190668381938 20.4073716529939 13.3272871008758 8.30788406519599 8.07451640962084 5.96291449234805 5.69238674646331 2.69026233121797 7.65666170667186 14.5853361059506 14.1016178876945 12.3554247851792 10.1644222601059 4.1757573964926 2.94410874164535 2.75348041761239 5.52757365685368 9.3442367766831 6.50475543661112 5.22551353863507 3.47222836318843 4.79199788957136 8.03807979451061 11.5661036430786 7.6339544016579 3.74926495287001 6.4317825969488 4.91413617191541 4.87855958564475 8.739081408388 8.45364255938594 6.56245234709616 3.73934534138018 3.0094540472328 3.1498702507185 3.89028767159006 10.767407060746 10.2656781397661 11.5880761013088
7.68260922639713 5.87665641158087 7.61901413191572 9.2219232815659 12.3650975577044 18.5070663416979 21.6167278557425 23.5468848036479 18.0945497774884 10.1166657491369 3.74265202756976 4.84071325967346 3.34101203953418 4.16398138504102 2.7684782166801 7.24714919829988 13.0662667784422 7.86819853076985 5.80002136451616 9.76792398553428 3.2062929754421 3.92667626857626 4.52049098154254 3.40196276473381 3.83324611732672 8.35792581883094 9.50240458772823 6.06267822863783 2.67111307000357 6.51795554905048 10.160386635796 6.1191255762368 3.51868228229021 6.50107034816962 3.89414699936764 4.44329637501932 9.98096413369127 8.05315422036995 6.94712425089287 9.49484855564627 7.82805677174499 4.09577882142617 5.11818220738375 4.32336267723751 4.41833854605111 8.46948167426259
11.3528607957416 12.5288129274537 8.03855470298548 3.56039158923853 8.00749419494993 12.0034335533588 13.3472668511864 15.6619827123374 16.2092607519139 12.1677885659213 7.78168520725027 7.06607343092689 3.38401352836107 3.97553051545597 3.23773375448234 7.53873690763826 13.2889006713514 8.16991758938299 4.56584347263255 7.50075741368986 4.0047390926383 7.42272479417876 7.87292367062011 2.58765123658918 3.67190669961466 7.49404573450685 13.2055609284456 8.39988046421087 4.25389577820592 3.58763492171487 6.54606680849045 4.50594345100578 2.96500087676097 3.75029336107874 3.92746915274508 3.3933269309084 7.29163592928062 5.89722281042969 4.78075816436056 10.8911339018174 13.6023718870044 7.93100750362677 3.10511988302792 5.93641689701884 5.21015315965478 2.79558315167931
8.21068932021435 13.6908322939389 9.96535695770521 4.23734233531714 4.58080620806853 4.83401944968481 6.5164764839767 8.03724438886413 10.1531183190864 10.6263459322225 10.3793368969434 10.9829720505324 8.92378587528984 6.71109118713173 2.60784057490646 8.23555540002 10.1531486239968 7.95082236712363 6.17022688984403 7.30025313555376 3.37462584551223 4.44950311158989 5.02746295872437 3.43655842175713 2.67537245673077 7.40395218224352 13.401246810336 13.6488633878387 10.8635076226867 8.03587272964171 4.6727126281994 4.66939827064758 2.69178375025463 2.9742927315894 4.63455422807968 3.00848540443189 3.54757177836342 5.87371956838074 3.27745619210125 8.4424360544653 14.8417839646943 10.3301052047699 3.61398108116172 4.9943472149302 7.29178354402895 6.6686992475463
4.15887018245568 9.29307194863229 11.3851724364343 7.54470413754353 3.56123403408211 3.19715147419719 3.0318357341635 3.75675881751846 5.4316708097941 4.6812942818803 5.48318914780141 12.1522060497104 13.3029443394757 6.30036756063532 2.45858612881457 3.56124408906071 4.77320935648204 5.54933201689935 5.10958513949412 5.3303724954759 2.92675205718981 3.41751796429922 4.3908781772329 3.74110611988444 3.3479543620787 3.80195724264627 9.86485889899989 17.1239068035927 17.0182139707215 12.9453357917336 8.81885097850515 7.5178744619765 3.35811656946071 2.70530686842333 3.16621954564818 3.46449833460662 6.47976991138251 8.69869156630533 6.2640023882046 9.82653703798216 13.2580968385355 8.73154473288619 3.36299251805893 6.86030331145562 8.31976027867861 10.1025356539829
2.2788844818632 3.69746704074893 5.78953102076814 7.6967080913277 4.07674445868191 5.44582564169456 4.89737106803546 4.01227377656373 3.939317021412 11.0492730221831 9.12582592067025 9.22435834220601 11.8122696221431 7.35420151126315 3.16285804978946 4.51183845779572 2.85547242837314 4.24478465859243 5.08048671287666 3.74956225646594 4.16455922097609 2.95382474519113 4.24834282059822 3.20157624966087 4.58221989612359 3.3246703345533 8.32817562273484 13.7147953448176 12.8968814436319 8.40116636305389 6.97331847759087 6.62901491078452 4.79480551375524 5.62903008081393 2.79708656308544 2.73846281847024 5.57923638344619 9.62814144908433 10.3591078667095 11.1233074596417 7.11175905619118 5.00321560460545 3.05469586631624 6.91405457642303 8.73721586575133 10.8251817632774
6.89217268224832 3.18167471804588 2.86515738307378 3.3045855389511 7.76209968380933 9.88967455037973 10.6401366277232 7.75046142889135 8.89691190103395 8.97022841829005 9.13422456454182 19.0890873655115 8.87618377205015 6.9914485985948 6.05899711478247 9.49639721581384 5.3224431278843 2.97013667238034 3.0874385824239 6.0872296340048 4.45107542343357 3.32572801249955 3.4382341096351 3.41999270113251 7.21305150704293 3.86369323882789 5.51852508740104 7.32575901804556 8.99820202900619 3.99130761112841 2.88336124882897 4.01312770877589 3.29974162304806 3.97104671217717 2.66994040578466 3.25837180956993 2.72972022557846 4.37137702313802 4.88036671386248 6.36823412276035 3.47974146693702 2.31290430573656 5.32955289299761 5.74639578578142 5.8376817358419 10.8795708898338
11.9572496034462 5.97180683100347 3.94084700142754 6.48549274998817 12.3775482937557 6.1271602384002 10.8625505096629 12.4728860201134 11.1034352931068 8.36795006324707 5.73997068395909 8.66392324823552 4.47951403770836 2.83359379038513 5.24426924839183 8.37636446716547 5.70887190894221 3.09762486210673 2.84406678905416 3.0502933612123 4.25614872253022 3.28677924468349 3.44648855178465 3.6355627308541 7.69480719231344 3.69347443511393 3.78276201140273 3.63050742033347 4.47256660425288 5.28383371416061 3.7115490432633 3.63426342015523 3.62992821855448 4.80899452722894 2.87992103899045 4.91503613388393 4.24875383444066 2.89826383060882 3.95772961020109 2.88997341761096 1.9643829942094 3.84779313469017 9.24294106244145 7.64259023900765 7.3762439422442 10.9115139615057
8.95672111059759 8.48683736213526 5.30205182322483 3.67377949760164 11.7487244377926 5.99026806221697 4.83236291634448 7.4664762754476 5.37966989714006 4.59362078155075 3.43880763892652 4.69568126921446 5.11722413343105 3.42967004600223 2.6400503985527 3.88461497423009 6.27138458084824 3.11006307381142 3.9445238994059 3.11248674703867 4.17494234179817 2.84058229940758 3.4041701018008 5.41252179028564 7.23729551972526 3.01514865741365 3.30824186896457 3.13946747741697 2.58919907495415 2.77604165150553 2.57966599654514 4.03382616464542 4.89439666048451 4.71747881788387 3.21009195652069 6.47804952082432 5.29784578064897 3.91429494180341 8.18569936735079 4.7105714478581 3.13892616842637 5.46930062509338 11.9168327685213 13.8816330714983 13.8383503900404 10.1125729137599
4.33067919896041 7.16059639270044 8.46544907281005 3.22119257655896 6.40311655446316 5.31806680649232 4.61465032304783 6.10203848830411 3.20778275972984 3.09464257244211 2.33981471283928 4.26615107231123 5.08466434632941 3.71035290315189 3.96574828073917 4.24309058779898 4.86549325637431 5.51247479814482 2.89880439634849 3.49641605001447 4.67691482882737 3.46954164388231 2.59578739391804 5.03006852560362 3.8607400797249 2.76414599252066 3.39528530130491 3.76365958467533 3.80243148413032 4.51285828150857 4.78566258775499 3.65096653181044 2.94727407721486 3.70471409244648 5.73789404803798 7.42064393095512 8.86382736808997 7.9325912255219 4.82822495305345 3.20088498538945 4.46301601510058 4.3076675023258 9.29276553831633 10.3163599286548 12.8885015608795 9.20537486407739
8.38081501081719 7.17042217420548 8.02835506351738 4.27084827651498 2.95555076015871 5.25471303514795 3.85289261363612 6.01911377659914 5.69416949107335 4.36826880048278 5.6085269603868 3.68615350397709 3.83587338617594 3.04849734150273 3.28936807032438 5.27480021060431 4.90868736648769 3.78271563495492 3.00475692534146 5.97217368483776 5.91673185087196 3.10657906293685 3.2536805052264 7.7302415975093 6.89598819117705 6.64068765822882 5.96392265056613 7.23593742276542 3.54371335812351 4.26762819218487 6.9572586728216 4.05084231637538 4.621215328643 3.4723749121733 5.22976574659474 3.84995782139455 7.66798017680243 8.24757571486789 3.15455788726802 3.62009734414874 7.79736296839655 6.97965454150913 6.57500205925437 3.97889107789963 6.82454465930469 10.4683309510758
8.80626276317121 4.30452658356053 4.6392843181782 4.61305028589423 2.44767025555723 5.33527711884716 4.10663527617659 7.1640051510246 4.50763053562048 4.59011094996217 6.23631663927182 4.26137244884094 2.77164502392421 3.75128213783549 4.29378999600628 7.11773013896155 7.46752171568431 5.90547654397564 5.78194468180098 5.46744569313982 3.1838967609549 2.48448203276824 3.65036336701705 8.50486071197559 5.22203010737462 4.47240052232236 3.20260244792826 4.60912658647846 4.46771215228753 3.34075477068411 4.23830752512958 5.34212883925962 9.35636658487906 7.19612987764403 7.9147002813117 6.22198800406607 3.39883128545931 4.9781547400393 2.72437988862512 5.96436236652771 6.27142742896646 10.3697209901928 7.34527342371554 3.22410516637536 5.50352942608797 5.5872062127738
10.137244814954 6.27549737722294 4.6362616343447 6.6887675767584 3.40679831261808 3.16710822657725 4.27722783551162 5.91978657268687 5.74623474743017 4.35223568290642 4.30977636290228 3.8939991820944 4.20851662966374 4.1663982796958 3.27783656327023 4.24605968808083 5.26346510225218 2.73231339078471 4.14863696984885 2.76630914135252 4.47569569379577 3.43369109119886 2.49140889897322 4.42070523748693 7.25547144311207 6.58738687147268 3.42440812953548 4.01804953839373 5.08712267842199 2.41041221920184 4.29561675401184 8.43298353948405 9.65380447086543 8.84401271040763 4.71505860835143 4.07095208853247 4.45715270513602 2.46746060735908 3.89922810534702 6.98638411874064 4.59612361078714 9.60659223861416 8.00978024215988 3.92599760005794 6.01863566142152 2.43515950175246
15.3590109400763 11.7893776216963 10.1614669137654 6.17246998737726 4.38869682597022 3.81574395798773 3.3542932228634 3.88758560985258 8.5973816551098 6.93620301140583 6.60070945076616 7.79118188040318 5.55597442826912 4.16205581869252 3.11112917567052 2.65731910520888 2.93892842124999 3.3110784442708 4.23343819655209 5.16107301093021 3.092876265482 4.68028063516184 3.78883388312038 4.04758664589635 4.6138214778336 7.84303982735913 7.36286936938698 5.76347509460416 5.1572196893333 4.56195401698074 8.37288149327514 10.3365513550814 4.43429991278814 5.45778252365071 3.2061778888002 1.86910218920226 2.40817828388605 3.12295867001778 2.96191169855871 8.13084958227566 7.08748944354153 5.93639202240837 6.5228435054714 4.56700784809828 4.40212693703367 3.90430636375281
22.1155883812211 18.5813621226735 13.8957206733789 7.99258728471117 6.99927944098514 8.02805965726882 3.96080771173519 3.95550668754849 9.7158365037351 11.9667403192387 6.78556404205508 3.55065502264468 2.69136402894613 3.87721039413733 4.62159384758465 3.25911361109044 3.41144344993043 3.05303594417112 4.36701904367305 6.20839237152508 2.98526618352891 5.03800306832414 3.07410784461515 5.26445211191129 3.61342233212021 4.01404848261682 9.59636195835586 7.11733773235629 3.79193171075901 5.9160263742791 6.77546634981045 11.0226361014825 7.79742795317797 7.03015315151474 2.94651244289226 3.3125484108126 6.1907981899364 5.19920088632486 5.09354886221313 9.12090308532994 5.50878289465722 2.54944645497373 3.05791843175955 3.42383010137603 2.79885160807858 3.85695583196514
20.9323618790354 15.9954630882534 10.2833353300592 9.02726075054309 12.1883992412497 10.0626327176659 4.21311751063747 5.77783905882467 5.99025666161862 10.4609902346019 7.4404385846346 4.4035159564392 3.59014520316177 3.9748798507878 4.1586126769073 3.64211472456607 6.97715646145438 5.67645629339235 3.44642351919053 6.54756769458211 5.2720237682671 3.45677344586775 2.30955690298998 2.64039263173906 4.98041453745806 6.40686482923371 10.609454032473 6.42271121900586 4.198226915919 4.70400939772892 5.58067402957065 8.4025549594128 8.31171834133038 4.62056018015966 3.23933244639724 3.30207453999425 3.78354972404567 3.49492640832487 4.81740713048093 4.73289402067204 8.99280627824494 8.13389912576829 6.66592976084057 3.97753089726725 4.74533349126576 4.8167895667516
15.6773414751201 13.3205386101183 5.96889565743853 3.95837483663744 10.4623850157724 13.671639288913 10.3403466896895 6.82336128012474 3.20627639470179 7.1620949428929 6.06733609881435 3.84080000480127 3.649206658766 5.82566611040298 5.12317655970414 4.48141131911878 4.30366472810969 8.34031884811962 5.33621248876904 6.53871672225845 9.86689391727895 7.59847284656181 3.15747268507054 4.09021462535829 2.44220922114995 6.09038778845204 10.531396659813 8.07193407031705 4.9216500318796 2.64038684181916 4.46647766518332 3.25609055069944 3.28213872777089 3.02950109313336 3.82586358137349 2.90293819598238 3.86597952164282 5.03269285154674 2.39388373039332 4.27945167472369 8.37367404833252 9.63579759325075 6.32375721643225 4.34247946589106 3.89730170602764 5.76560496109226
9.4173539506458 12.9656913808158 7.01867124878022 4.43155808807668 10.1607119697238 16.1912370240425 15.9063703174114 10.2214579756424 4.92650939663787 3.64181188060031 2.74413559688012 3.74662149995636 3.02242327105496 3.70504770419025 3.23226677346013 2.5168765948367 2.24062249431114 4.97003974654463 7.22773011779823 5.01536605688366 6.93150154115434 4.40714534991445 4.7486089970618 7.46499564239821 5.73840644823769 2.74296620040084 4.98359998295756 5.95187558873501 7.29545919573593 7.19701257773419 5.75097565098862 3.31957828862123 5.45113238648382 5.72396268273677 3.12232366916034 2.69992614083426 6.73484782160574 4.95794415895769 2.46315094819127 3.64355004667934 7.63648087707492 6.43155296955701 2.49766156458484 3.19332712578766 5.36755805517874 6.62870732118748
