IBR/IBR_outputs/all.combrep_1/EucDistWater_Total.Silt_Total.Spinifex_Total/EucDistWater_Total.Silt_Total.Spinifex_Total.asc
NCOLS 160 
NROWS 95 
XLLCORNER 210004.651214014 
YLLCORNER 7350008.22228844 
CELLSIZE 4999.99999999997 
NODATA_value -9999 
[rows 63 to 83 of 95, columns 92 to 137 of 160]
4.54930028832709 4.29059085772431 9.9357578145513 10.7986330148159 4.65696133539104 7.17268743195619 13.1845120553894 8.67944436320893 5.25698906948997 9.65015102418954 15.9518982442976 18.6096193386298 22.3128333809208 23.7165179864586 29.67527632889 34.9765024088767 34.6842440544696 25.3511886769153 38.402270905878 34.1838781383642 13.9951125627884 14.1710418085981 6.31463587532585 4.45696583451204 7.59711730884365 8.80654403001894 11.586755647568 15.7546386963607 22.525436809774 30.6618575956947 31.1567515602861 27.9452199493149 24.9443704359239 24.1547604261145 20.5335234676314 17.2424583225141 14.5329293646031 16.2263693377413 21.2628048969198 28.2855447496038 27.3691591329636 22.8578288611343 15.578636162378 8.12645483100836 5.6072475915731 10.4616432543481
8.28387418137204 6.45056880556808 9.66670929970576 9.906386823511 11.2484940636409 12.0977622163601 12.8695530230377 8.87586526792977 4.02342997393292 7.39054757140268 12.1461556849486 8.45771818108341 10.3146783802009 16.0416260982407 23.7782144354377 33.070091222967 33.9050585906307 24.4615419071718 15.4927757483197 9.85144638948284 5.86719339490059 11.3083491685868 10.4825273387716 9.44568922209857 3.68085536553831 3.12188298757014 5.49317310996485 10.8549674152701 17.8613782293336 24.4682741139664 23.4046976973306 19.1850448211378 17.190310508525 18.2188213930754 21.2012123461275 24.6966832237063 24.381913920862 25.2799104172659 28.7984454463793 34.6542438790334 33.312895951337 23.5752444172868 15.1546455905797 7.92437116586065 5.37591465041004 10.9053828369767
11.2127639404138 8.02698707019224 6.61739712474701 11.1155353077427 14.9284440002015 13.9704275441173 7.88446979866871 6.17190781832705 8.46891801575855 10.7066148717815 9.74262568096116 4.19421165810825 5.90535962347314 13.1726250987905 21.5384072845538 31.0361841425784 34.1717637654905 26.1376588898589 18.4724379249984 12.2112257962534 10.9349483997612 17.5348058030561 33.6880186085814 12.7624870317933 8.65875511977324 6.33211094566458 3.32853339461762 7.88941065058667 14.71435832565 17.608343612648 15.7493856795144 12.4878201814203 8.35484779529703 9.95456521337237 16.1212139246833 24.603331173274 32.6285106726563 33.5279295419987 36.4379614745452 36.5044412320345 31.7199532929906 25.9225604840901 19.3883672775507 13.9462812259373 12.3323078935071 15.6553111411485
6.02985860466188 7.05565201915452 9.75146335148024 12.8614979807957 11.100482369925 8.07085336250778 7.23023488032264 6.20238358305839 10.3851492393269 11.7997715136241 8.35451957806906 4.08897411160919 6.94289823827799 13.7084848642297 22.1525982677863 31.6172905891062 37.4191983580834 30.2493143671245 24.1199978248682 20.2812618914412 23.0055396812383 56.6557206176092 98.4039463680261 22.6402208917634 17.1639124647397 10.1864828855295 4.15588425743888 6.24311143788978 18.2783904252868 22.8505891449561 8.06658582885436 7.47954216963478 4.38261182963672 6.67792930905456 14.020182315043 22.4328842520435 31.8301218974821 40.7099164869274 36.9876852891495 28.9394186441856 22.7714646059257 19.2725574725248 19.3623859435667 19.9627905760383 19.2294603617702 20.0493397814163
7.38789393751645 8.85031919047895 14.524009323034 15.9707138057564 8.98240034132107 3.79597203260091 3.91272373518469 6.28293733829153 6.0223844739435 5.79630677699575 5.6849624452724 5.1862811390609 10.8410926822996 16.8487837568342 24.1112841734215 33.2539083727302 41.3346307188686 37.2725893364799 31.5372600580607 28.5571655515341 28.9026177213817 29.9071921019053 30.4463196497648 26.1760509180637 20.4505709202873 13.5621697564306 9.22957819889275 5.23680427915783 7.02951824368815 61.1615214717391 28.6630697906551 6.2692804833766 8.94695923384193 11.1980402982219 16.7841443948818 24.4936642989331 33.6379482587917 40.2938608041158 32.3084884665875 23.4046698762329 16.0858014611274 11.2576352022556 11.3075071808513 15.9560656227449 14.5905096272018 13.0095325205146
12.3577378597509 11.864612951312 12.0512852489557 15.0358465386804 12.9036372576348 7.17860166884386 3.93501201127083 3.97311842458816 6.64492554753206 4.08162651079465 6.13279698165684 7.01810450464556 8.89272453852886 15.0963727977573 23.036512002315 30.7423419742471 35.6456542385364 40.0330383628145 40.3679483052572 38.2500939399903 37.5297822221454 39.1814832937171 39.7794654794926 33.5493830064504 25.9441297000716 20.1986847156254 15.1745453473116 9.88862441216459 8.67587972709392 10.8319004261206 11.0126355321986 5.49551487256894 9.57364314190577 14.3843401132908 20.7778735100162 28.425257946994 37.4605386260673 40.0262247901554 30.0968749741128 20.795275587302 12.4858583210969 5.64582541053636 5.29934142634502 11.8742566905542 8.96606813154565 5.97170832561871
13.6846449222002 7.63153948517297 5.69600755846847 11.6551460530359 16.1360292463564 9.6713441253218 5.65529734634792 9.2428963905982 11.4040759914295 6.65770514667182 7.44096501802898 5.3256401088175 7.00742390816556 13.0221192574487 19.470186088621 23.3118151399885 26.7879974709288 31.9813243440941 37.5745716671293 41.5398895863809 41.9991078943448 44.5852817092502 46.8900148004018 40.5544752342939 33.5623066137583 27.719781400561 21.4908128594041 17.3114001909686 16.4598242619421 13.8429805700728 7.75517108414583 4.59192996023992 4.35904113794236 10.4628479335137 18.0132861800232 26.7568517868283 36.6713807174048 40.4472518032092 30.9662058939611 21.5319669345897 13.623242981877 7.7392017483112 7.6394189457484 12.7858152485844 8.45876174962741 5.2097083811306
15.5813115558823 9.15889307409768 7.78508405037791 12.484616392171 19.0434623711468 15.044711011226 12.8659653862008 15.2389207964998 17.0693911905964 13.3956489686697 11.9972509816662 9.38328708406199 7.03875277112151 8.59692610547234 12.3939538604713 15.0253803869539 19.3189283947144 23.8423516464575 29.4120635721818 31.2554215027764 31.9999647609166 35.347715294149 41.0060820336768 46.0707413783855 42.4560979264719 35.2936687600296 29.5392857912932 26.1620705912726 24.2085351284668 18.0714479091889 12.567711454121 9.62412107943864 4.25866593896434 9.52587145297025 17.3408327368918 26.2362520661003 34.9760097929576 37.7247514991577 34.0426958509525 25.7192174236309 18.971725163971 15.2470850378701 15.1315870431781 17.5180324896596 13.8324874826425 12.0387243905486
20.4274883152588 15.8434021524065 14.9594074560082 18.0411192588534 17.6514512841621 13.5196034362905 13.6126556287988 17.818214560569 21.4004206524731 15.0038537682073 8.44911795847071 4.98375956964582 5.12832937668212 5.89078040992557 5.39075801612775 8.18896669837044 12.5721052044887 17.2579166351683 22.5779627769685 21.6514290239959 22.537117821078 26.4951256694714 32.8685862885229 41.1591515741979 47.8218570688522 43.6425976223087 39.0361054331884 36.0631068615781 31.1963202259584 24.6092968639217 17.9559316712927 12.9328960351041 14.152664206275 13.9158102375919 20.0722674753211 27.0777658045566 27.7786294773688 27.6371172775578 30.2045406646672 31.1315104861367 26.575651182829 24.2705262163993 23.492865630961 24.6694420728617 21.4465659781505 20.3139627234219
27.7430842398795 24.1583071282385 23.4254853892758 21.068837723714 13.4047725505519 7.10829905677376 7.17684225513742 13.6340661544147 19.8134071178746 14.2053012451229 6.85347774360088 4.43319660812319 9.45620689681937 8.35790928326887 4.25875119638903 4.84397402799274 6.44246813917997 12.944367749284 16.5224609496355 13.2872793178036 14.363025943004 19.4554512387799 26.7773930366042 35.7378604129724 40.8377311581003 38.8244053361071 38.7524010907083 40.0459612583727 34.4789998353142 27.0373213308313 20.3180131081252 15.0360697917005 13.3350807826825 12.68698639983 17.9619706000384 21.731640565306 18.7348509237713 18.6561047730903 21.9564825590807 27.891352466972 33.492193659805 33.7891195711439 33.307204701921 33.6773579666213 30.713636609282 29.866732748881
37.1096304212258 34.1435363825897 29.8135661371601 21.3200815102088 13.0606727327285 6.64902294606545 6.91658586017757 13.4723983661439 20.269898999329 17.189085671993 12.3522807030929 11.3619920245269 14.6202411829476 14.3306664240988 10.6222640598954 7.23639068285153 7.22472955646593 12.3860188283266 10.644586482854 6.35888050909274 8.24583885204494 14.9831269315012 22.8344938545196 30.6700010646697 31.1424216342732 28.4629281558524 28.4513659790827 31.2015994869676 29.5677698833432 21.3734540862828 14.853880116505 10.5057275687911 5.5444173149978 6.9297360369068 14.0010246694398 21.6483420187515 16.4517743044481 17.3091578013222 15.1908846950176 22.3998068576161 31.8277955724994 40.8017912822363 43.9817095616401 44.1808701428907 41.2103744377569 39.0432923284255
47.7309391842414 42.8593562023041 33.4692344534479 25.2792223120687 17.8248719632052 13.6183744770899 13.4284920804187 17.5375355725486 16.9455648364358 13.6358580898488 14.0054200926694 16.1000127570144 20.5785642058135 21.6125484068351 17.7332382362223 13.9686852934764 13.7740554550984 11.9069459260465 5.69355969023127 3.56358442843735 6.72536739518544 12.2298736682343 17.8769310477187 24.8838979522149 22.5983413763338 19.3474194577432 19.3088337594268 22.6744564062688 25.6456220923127 18.0902155742051 10.374290599871 5.65239222974916 4.12637697679896 7.52330033232708 14.0023200866417 12.6533531545132 5.75552194830036 5.1045723092363 11.6835225139859 19.9171459687729 29.2965344184116 39.3640017219825 49.9489107386187 50.0196122253797 44.2652099728979 35.8042719992759
58.9581281345246 48.6800943720124 39.4922193718205 31.3461954087342 25.4405398006436 21.8945016876477 21.6183847952712 18.7901337986231 11.684407287085 6.36804601957262 6.6345898601476 11.2753693742489 18.579474295646 26.3146309303848 25.7303704602954 21.8966481742986 16.94103746436 9.45093223657896 3.76420652458821 3.40690664400785 4.14543264253299 7.81657682819353 14.7023990484047 20.6394031283348 15.8418571473329 11.3963197861822 11.2407822504016 15.9700157903186 22.5099136059346 18.551462614136 11.9053261896062 5.95319419055784 8.1691448204817 13.4023187398837 18.069191886721 14.0287173179211 8.12071643996323 7.72990268550239 13.1726917248139 20.91141140777 29.9308032123555 40.08574169483 46.5978872743721 41.37820956448 36.5495565790295 29.8690785110442
66.0678569626065 55.4447793935487 46.4202815058885 38.825270581609 33.5516315049994 30.7138535572998 25.9235754239252 17.3426697098502 9.4445910573611 3.86869201452607 4.59937831965334 9.96105446372328 17.8074560757843 26.7013553317369 31.6875228132871 27.17871437106 18.6058552030926 10.5082071544 4.01403750799393 4.84902887708793 4.12074514341441 6.38056257495132 11.5156932425603 17.5135154795157 12.1120400820201 5.5597608015388 5.48641278476881 12.30098522468 20.5001164253575 22.6730429830612 16.5892439169001 13.1914215516794 14.4639943470761 18.0264706174484 19.761469886028 18.6225825131211 15.2042479055138 14.9629640069522 18.754134670434 25.184320217657 33.5010160026707 42.574792123915 39.9540045743716 32.3603288321909 26.909137651897 23.2593716640069
72.3849047393382 62.8621373561752 54.9002533410112 48.4573913412896 43.7602540520097 37.4549005590356 27.8965707465134 19.6593022272125 13.0182871619468 9.53857803117351 10.7607835066453 14.1369172435325 20.8888475012215 27.3708370414314 25.0279786367071 22.5250133263577 19.5760678381379 12.7323766796476 7.03470783739247 6.89210581582544 7.00720492813339 4.66640423278221 10.578002103111 16.9929500555271 12.0136236282598 5.19675812511025 5.65097263548424 12.5532351839568 20.8337883778939 27.5919870880478 24.0622949925709 21.0821319428146 17.3066349610649 12.8067802856686 12.0381221110932 15.8854093204966 21.083632933357 23.6205588830042 26.7330397910075 32.1268720718203 39.4982994595685 42.6739040483512 33.8368937695098 25.3679075865996 18.8592211421036 15.0742240779793
62.5492217255443 55.4908169209992 50.4294696180927 47.4019403752323 46.2593797554061 41.6672114078592 33.0108789805967 25.5451081207491 20.0574065073605 17.5990163999862 18.8808295739668 21.6644403635295 26.466633242485 23.6559876441575 17.0296539375479 13.4578557941901 13.8187054244909 12.5523579034301 5.84074227266058 4.2041816714239 6.53164992922544 4.51341322392984 9.82501964032108 13.8158326235952 14.9522021563197 11.0314100940819 11.5116214705568 16.2649924939685 23.5216006698203 27.045008211376 25.7875565995946 21.7534050824837 13.6411796660772 6.78700869178367 5.3408536595502 11.3241343014246 19.0023580828012 25.9012351247861 32.1314708330645 39.2615854752179 46.2452486415886 40.423512683956 30.1666166523853 21.1891986789991 13.297388629769 7.65411908741085
52.496173727444 45.4667511504801 39.7627186415744 36.3591219902635 35.2480422759206 36.8408292255877 37.5764973780517 33.1651194237763 28.7826987209921 26.9305111105182 28.2165136099101 30.5108404420117 28.2392108521842 19.499263117363 11.7860420341057 6.2910620629568 6.81612397911101 11.915198982541 10.6680547429214 8.77498463050832 4.72299691668757 6.10154461894887 5.351609548579 8.42375696267819 12.8274277403295 14.5427716603797 18.1146392654728 22.6227251653865 23.7937095392167 19.039069283422 16.9604011327018 18.0947748630047 13.9115856725699 7.30277821218825 5.95131242877369 10.1779308135902 13.8900068353549 19.5450079471703 27.4868002890409 36.8263899739912 46.0684278390338 39.7581198025534 29.3148664622193 20.1115274909807 11.7212222713747 4.56556048638704
44.3080929798533 36.1652257142421 29.7502575930258 25.8471689936845 24.7594324296277 26.6763500817876 31.4744337396712 37.4417758160546 37.9924958877674 36.5402590736181 37.3994593948823 36.992690980291 28.0055610968711 19.1732239426261 11.2857089861227 5.49755156553112 5.79014192254089 12.135042236373 17.5204322791328 13.6444269429766 8.33830259256677 6.8973740930938 4.66644112323152 7.74467728907599 6.20632893924465 9.22123996429989 16.5109539950246 23.4893065342495 18.9467290125903 12.4398202325462 8.97775585472469 11.7007889887481 16.2081080951774 13.4758933035425 9.16338748767666 4.89867043419073 8.40261975351253 15.6687305649586 24.5059585648279 34.3164416340207 44.291080013147 40.1984906455595 29.8211916439153 20.5899812716348 12.4586650480122 5.99847853523287
35.1435768159783 29.582614048706 22.5769912797157 17.5045734485218 16.0191024067236 18.5056243162344 24.0939364571087 31.8193993853947 36.9310548920246 34.309214608708 33.6795636264158 34.96276695552 30.5133074719775 22.4945271364544 16.0432400140064 12.2647938845416 12.1998132958371 16.3006244199738 22.1817089022494 19.5340420776192 13.9888510119384 7.61407510057712 6.86337760114668 9.08990713851099 4.4468903449107 8.25257401478066 15.9606494611436 23.1432450632106 17.1959210082621 8.80724676154185 3.78224907329986 8.053069617532 15.7154477892631 17.2055984615053 9.86551135817411 5.30635045192785 8.78359748872486 15.8518964039017 24.5610164396593 34.3907904110277 44.9321102065677 42.5946746582405 32.5136460126529 24.052845676625 16.9041992059084 12.451183857515
25.5333706470518 23.3670650666998 17.0484564962152 10.6348689491178 8.2620146445131 12.3414157080716 19.3785397154942 27.7806839806052 28.2458724225631 24.5419635860525 23.8505030480737 26.2015718141385 30.4336755551105 28.4858535858716 23.2605255066552 20.8462479450202 20.6182792646629 23.5244306113999 28.4722778892673 26.09531249807 18.1990678869994 13.1101453846164 14.1329073349682 13.4204292343885 11.1183840008798 13.0973777202461 18.8560579443811 24.3283578091823 18.0880120205182 11.8623196089517 8.30601110053756 10.9050969597652 17.7271221311462 20.8221898873614 15.230122425308 12.5076528000184 14.4606629053569 20.3160768682049 28.0366960958581 36.9894788370457 45.3052607515224 43.1779898319464 35.7477421450043 27.3507459175141 20.5371988016052 16.0448054285001
17.0828869499865 15.3477828952527 14.3708559438323 7.6866912198424 4.248474751884 9.95359125524748 17.8278220410767 25.2149341909414 20.967398056978 16.348016490231 15.3306132140149 18.3798950478003 24.2755875548286 31.5142037520579 31.9309343650974 30.3789993902422 30.638690863203 33.9397940161914 36.849016364911 32.3146852906584 25.5973676544755 21.4070675435162 19.5027430942364 17.6368782075273 14.7913082159859 15.7138452467732 20.2916483638291 26.2634388240788 23.0954292854273 17.778084180339 15.6348606615339 17.544872160121 22.7272497701379 26.9266431898035 22.971455246306 20.9945681440331 22.344370341943 26.7370672807604 33.4835966617682 40.7066326939641 38.6627449644359 33.7986823954687 30.4772843557628 23.5254831802693 15.5811065701426 9.55332756945239
