9.9991E-05 0.854895 0.145005
9.999E-05 0.870009 0.129891
0.018093 0.72687 0.255037
0.0239273 0.909945 0.0661279
0.06761 0.896944 0.0354457
0.0546093 0.932732 0.012659
0.0683109 0.856037 0.0756519
9.999E-05 0.926639 0.0732614
0.0598237 0.715217 0.22496
0.0571977 0.702156 0.240646
0.191478 0.61683 0.191692
0.100382 0.625843 0.273775
0.328128 0.539774 0.132098
0.132568 0.724799 0.142633
0.0575674 0.660313 0.28212
9.9991E-05 0.813583 0.186317
9.9991E-05 0.738036 0.261864
9.9991E-05 0.835273 0.164627
0.224895 0.126227 0.648878
0.0217255 0.231562 0.746712
0.00338088 0.152528 0.844091
0.071625 0.0464557 0.881919
0.0375888 9.9991E-05 0.962311
0.0301636 0.133078 0.836758
9.9991E-05 0.284234 0.715666
9.9991E-05 0.0269798 0.97292
0.050164 9.9991E-05 0.949736
0.0690909 9.9991E-05 0.930809
9.999E-05 9.999E-05 0.9998
0.0934186 9.9991E-05 0.906481
0.0383314 0.016387 0.945282
0.0454236 0.0280295 0.926547
9.9991E-05 0.0136432 0.986257
0.0499041 0.679597 0.270499
0.0281267 0.679826 0.292047
0.0555129 0.826463 0.118024
0.0533131 0.832516 0.114171
0.107527 0.729729 0.162744
0.35371 9.9991E-05 0.64619
0.0814986 9.9991E-05 0.918401
0.098148 0.639078 0.262774
9.9991E-05 0.809436 0.190464
0.197147 0.460622 0.342232
0.334959 0.479239 0.185802
0.281927 0.643568 0.0745051
0.35934 9.9991E-05 0.64056
0.139186 0.571917 0.288897
0.216205 0.681598 0.102197
0.133198 0.470723 0.396079
0.872357 0.0874882 0.0401545
0.945676 0.0315421 0.0227816
0.888379 0.110152 0.00146871
0.862816 0.0409044 0.0962795
0.900876 9.9991E-05 0.0990236
0.905004 0.0354719 0.059524
0.791532 0.208368 9.9991E-05
0.906572 0.0546465 0.038782
0.910499 9.9991E-05 0.0894011
0.919181 0.0762705 0.00454854
0.760749 0.239151 9.9991E-05
0.912918 9.9991E-05 0.0869824
0.78715 0.0606612 0.152189
0.597061 0.306984 0.0959556
0.0290835 0.140411 0.830505
0.0261586 0.100771 0.873071
9.9991E-05 0.0893833 0.910517
0.795071 0.160822 0.0441067
0.742002 0.214507 0.0434909
0.849755 0.073814 0.0764309
0.876674 0.0258273 0.0974986
0.912039 0.00418633 0.0837752
0.343289 0.656611 9.9991E-05
0.31991 0.628737 0.0513532
0.357673 0.575632 0.0666949
0.333234 0.658711 0.00805492
0.304114 0.544585 0.151301
0.343549 0.571809 0.084642
0.290059 0.548448 0.161493
0.765635 0.234265 9.9991E-05
0.638739 0.27083 0.0904305
0.838152 0.0872095 0.0746389
0.867572 9.9991E-05 0.132328
0.798834 0.201066 9.9991E-05
0.0515296 0.201233 0.747237
0.489306 0.387318 0.123376
0.425906 0.573994 9.9991E-05
0.365808 9.9991E-05 0.634092
9.9991E-05 0.827871 0.172029
9.9991E-05 0.748737 0.251163
0.0176997 0.721585 0.260715
0.138726 0.53553 0.325744
0.0359101 0.869314 0.0947763
0.45159 0.524832 0.0235788
0.0543625 0.235276 0.710361
0.435733 0.496735 0.0675324
0.178749 0.406423 0.414829
9.9991E-05 0.786087 0.213813
0.00781939 0.930193 0.0619871
0.0115391 0.825546 0.162915
0.109772 0.847281 0.0429466
9.9991E-05 0.911661 0.0882386
9.9991E-05 0.88851 0.11139
0.435662 0.431343 0.132995
0.355691 0.452609 0.191701
0.442498 0.50416 0.0533419
0.111779 0.654318 0.233903
0.210096 0.618824 0.17108
0.0390199 0.510269 0.450711
0.84235 0.105626 0.0520241
0.838644 0.134914 0.0264419
0.396677 0.367213 0.236109
0.323892 0.483416 0.192692
0.324423 0.3284 0.347177
0.0221056 0.202725 0.77517
0.812572 0.029643 0.157785
0.761561 0.161681 0.0767585
0.639254 0.360646 9.9991E-05
0.067816 0.331261 0.600923
0.0178078 0.690968 0.291225
0.0721693 0.897295 0.0305361
0.0744969 0.86343 0.0620726
9.9991E-05 0.568448 0.431452
9.9991E-05 0.749173 0.250727
9.9991E-05 0.853185 0.146715
0.0382639 0.932876 0.0288601
0.00848963 0.615085 0.376426
9.9991E-05 0.871245 0.128655
9.9991E-05 0.772272 0.227628
9.9991E-05 0.895319 0.104581
0.107324 0.600195 0.292481
0.0453321 0.895726 0.0589422
0.0530908 0.655069 0.29184
0.000177677 0.853372 0.146451
9.9991E-05 0.0862644 0.913636
9.9991E-05 0.0809012 0.918999
9.999E-05 9.999E-05 0.9998
0.0587363 0.0981331 0.843131
0.0488733 0.0582774 0.892849
0.135157 0.864743 9.9991E-05
9.9991E-05 0.817841 0.182059
0.9998 9.999E-05 9.999E-05
0.907185 0.0109691 0.0818458
0.920655 0.0792448 9.9991E-05
0.775486 0.159215 0.0653
0.969208 0.0306919 9.9991E-05
0.897682 9.9991E-05 0.102218
0.950574 0.049326 9.9991E-05
0.896864 9.9991E-05 0.103036
0.943031 0.0356473 0.0213217
0.933825 9.9991E-05 0.0660752
0.881687 0.118213 9.9991E-05
0.843818 0.0499145 0.106268
0.83899 0.0769717 0.0840383
0.949334 9.9991E-05 0.0505655
0.913141 0.0867218 0.000136971
0.983389 0.0165113 9.9991E-05
0.913103 9.9991E-05 0.0867966
0.425616 0.561907 0.0124763
0.231759 0.740713 0.0275275
0.942469 0.0574313 9.9991E-05
0.703024 0.296876 9.9991E-05
0.967389 9.9991E-05 0.0325107
0.326816 0.673084 9.9991E-05
0.0139185 0.980104 0.00597804
9.9991E-05 0.754072 0.245828
0.0527076 0.450591 0.496701
9.9991E-05 0.312578 0.687322
0.0357835 0.101678 0.862538
0.0353497 0.00503698 0.959613
9.9991E-05 0.194239 0.805661
0.0178944 0.113645 0.868461
0.0863081 0.0873539 0.826338
0.119303 9.9991E-05 0.880597
0.00135489 0.859857 0.138788
0.111509 0.778038 0.110453
0.0888285 0.911071 9.9991E-05
0.0212661 0.978634 9.9991E-05
0.00216095 0.997739 9.9991E-05
0.0765886 0.923311 9.9991E-05
9.9991E-05 0.749469 0.250431
0.107801 0.696846 0.195353
0.0292526 0.804544 0.166203
0.0379981 0.745005 0.216997
0.0428193 0.800336 0.156844
0.154227 0.105291 0.740483
0.870701 0.129199 9.9991E-05
0.899485 9.9991E-05 0.100415
0.940824 0.0440969 0.0150793
0.789427 0.210473 9.9991E-05
0.826242 0.020586 0.153172
0.131824 0.511454 0.356722
0.0127686 0.676908 0.310323
9.9991E-05 0.789591 0.210309
0.0309631 0.617367 0.35167
