0.00152326 0.886855 0.00101464 0.00687801 0.059952 0.0436771 9.9991E-05
9.999E-05 0.705555 0.0269119 0.0358503 0.0218735 0.035519 0.174191
9.9982E-05 0.70981 0.0211659 0.14406 0.0291342 0.0956303 9.9982E-05
9.9982E-05 0.636221 0.00365373 0.0848095 0.253853 9.9982E-05 0.0212624
0.0196214 0.635717 0.00724658 9.9982E-05 0.267167 9.9982E-05 0.0700475
0.0298954 0.745627 9.9982E-05 0.0244787 0.111524 9.9982E-05 0.0882744
9.9982E-05 0.350556 9.9982E-05 0.054588 0.255255 0.0381408 0.30126
9.9982E-05 0.49831 0.0310964 0.0229408 0.328309 9.9982E-05 0.119144
0.0749734 0.242006 9.9973E-05 9.9973E-05 9.9973E-05 0.0771492 0.605572
9.999E-05 0.22783 0.0163085 0.197552 0.0481328 0.0830355 0.427041
0.104359 9.9991E-05 0.0473805 0.273436 0.237636 0.0223839 0.314705
9.9982E-05 0.246766 0.00228768 0.18819 9.9982E-05 0.10059 0.461967
0.0221942 0.0500529 0.0378364 0.697358 0.0176512 0.026421 0.148487
0.0298995 9.9973E-05 9.9973E-05 0.138499 9.9973E-05 0.0810907 0.750211
0.0363718 0.145647 0.0296506 9.9991E-05 0.156704 0.099456 0.532071
9.9982E-05 0.126479 9.9982E-05 0.0989126 0.134338 0.0654368 0.574633
0.0150273 0.228502 9.9982E-05 9.9982E-05 0.121488 0.130563 0.504219
9.9973E-05 0.519106 0.0240433 9.9973E-05 0.0220143 9.9973E-05 0.434536
0.0996974 0.0168663 0.0640899 0.182987 9.9991E-05 0.454076 0.182183
9.9973E-05 0.0861539 9.9973E-05 0.141203 9.9973E-05 0.611963 0.16038
0.0235524 0.0953882 0.0328429 9.9991E-05 0.119553 0.563773 0.164791
9.9973E-05 0.0773754 0.011395 0.156874 9.9973E-05 0.754056 9.9973E-05
0.0330491 9.9982E-05 0.0606227 0.028829 0.0673262 0.809973 9.9982E-05
0.0215426 0.16041 0.0518333 9.9982E-05 9.9982E-05 0.655206 0.110808
9.9973E-05 9.9973E-05 9.9973E-05 0.00151787 0.304205 0.649089 0.0448877
9.9964E-05 0.198132 9.9964E-05 0.0146227 9.9964E-05 0.786846 9.9964E-05
0.0272854 0.0377205 0.0176236 0.0587967 0.0190565 0.839417 9.9991E-05
0.0790392 9.9973E-05 0.0404687 9.9973E-05 9.9973E-05 0.78205 0.098142
0.0191091 0.214238 9.9964E-05 9.9964E-05 9.9964E-05 0.766253 9.9964E-05
0.0751647 9.9973E-05 0.00281252 9.9973E-05 0.192033 0.72969 9.9973E-05
0.0542151 0.0491242 9.9982E-05 9.9982E-05 0.0338357 0.858088 0.00453667
0.0270553 9.9973E-05 0.0404611 9.9973E-05 9.9973E-05 0.75355 0.178633
9.9982E-05 9.9982E-05 0.0806599 0.0441603 0.100452 0.646458 0.12807
9.999E-05 0.217497 0.0813707 0.193619 0.148943 0.0559334 0.302537
9.9982E-05 0.411027 9.9982E-05 0.0179846 0.171633 0.224828 0.174328
0.0166322 0.22224 9.9973E-05 9.9973E-05 0.617224 0.143604 9.9973E-05
9.999E-05 0.326406 0.0371104 0.107632 0.453025 0.0650699 0.010656
0.0605332 0.0767458 0.00238262 0.111053 0.241593 0.139261 0.368432
9.995E-05 9.995E-05 0.9994 9.995E-05 9.995E-05 9.995E-05 9.995E-05
9.9982E-05 0.0377244 0.0261946 0.159925 0.0482046 0.727751 9.9982E-05
0.0922346 0.768001 0.00625001 9.9982E-05 0.0351543 0.0981602 9.9982E-05
9.9973E-05 0.419655 9.9973E-05 0.0945322 9.9973E-05 0.0767043 0.408809
0.103847 0.138055 9.9982E-05 0.293376 9.9982E-05 0.231438 0.233084
0.089456 0.0621974 0.0278473 0.650598 9.9991E-05 0.0703508 0.0994506
9.9973E-05 0.0511801 9.9973E-05 0.814133 0.107049 0.0273383 9.9973E-05
9.995E-05 9.995E-05 0.9994 9.995E-05 9.995E-05 9.995E-05 9.995E-05
9.999E-05 0.189751 0.0698124 0.245889 0.10258 0.125472 0.266394
0.0560809 9.9982E-05 9.9982E-05 0.333504 0.315391 0.11932 0.175504
0.0723828 0.183263 0.0295061 0.134512 9.9991E-05 0.276569 0.303667
0.664676 9.9982E-05 0.0441039 0.233111 0.00298724 9.9982E-05 0.0549217
0.733617 9.9973E-05 0.020423 0.0564643 9.9973E-05 9.9973E-05 0.189196
0.763393 0.0570423 9.9973E-05 9.9973E-05 0.112481 9.9973E-05 0.0667836
0.642856 9.9982E-05 0.0649245 0.103605 0.0912897 9.9982E-05 0.0971248
0.745427 9.9982E-05 0.0532076 9.9982E-05 0.0652665 0.0635187 0.0723802
0.784334 9.9964E-05 9.9964E-05 9.9964E-05 9.9964E-05 0.000187682 0.215078
0.646517 9.9955E-05 9.9955E-05 9.9955E-05 9.9955E-05 9.9955E-05 0.352983
0.737963 9.9973E-05 0.0141984 0.0592099 9.9973E-05 9.9973E-05 0.188328
0.81322 9.9973E-05 0.0293198 0.029785 9.9973E-05 0.127375 9.9973E-05
0.696473 0.0127807 0.0518174 0.0775138 0.0347728 9.9991E-05 0.126542
0.535134 0.0547108 0.0268274 0.275711 9.9982E-05 9.9982E-05 0.107417
0.735352 9.9964E-05 9.9964E-05 0.158386 9.9964E-05 0.105862 9.9964E-05
0.611521 0.138501 9.9982E-05 0.154529 9.9982E-05 0.0384677 0.0567818
0.312747 0.0358469 0.06058 0.447783 9.9982E-05 9.9982E-05 0.142844
0.0378991 0.134198 0.0102817 9.9982E-05 0.0717931 0.745628 9.9982E-05
9.9973E-05 0.269344 0.0242491 0.0681229 9.9973E-05 0.637984 9.9973E-05
9.9973E-05 0.0878266 0.00669323 9.9973E-05 0.159156 0.746024 9.9973E-05
0.717758 0.0508322 0.00379247 0.00262398 0.0122198 0.00363931 0.209135
0.470705 0.0447827 0.0626959 0.403781 0.0178359 9.9982E-05 9.9982E-05
0.677794 0.102159 0.0150808 0.15351 9.9982E-05 0.0512563 9.9982E-05
0.597901 9.9973E-05 0.0589521 0.252324 9.9973E-05 9.9973E-05 0.0905228
0.76205 0.131386 0.0473279 9.9982E-05 0.050605 0.00843106 9.9982E-05
0.0955821 0.175994 9.9973E-05 0.539262 9.9973E-05 9.9973E-05 0.188862
0.0544127 9.9964E-05 9.9964E-05 0.595711 9.9964E-05 9.9964E-05 0.349476
0.0376953 9.9973E-05 9.9973E-05 0.700217 0.124223 9.9973E-05 0.137564
9.9964E-05 0.00449038 0.0307259 0.964384 9.9964E-05 9.9964E-05 9.9964E-05
9.9982E-05 9.9982E-05 0.026586 0.731566 0.14402 0.0973704 0.000257835
9.9964E-05 9.9964E-05 0.00517701 0.97691 9.9964E-05 9.9964E-05 0.0175132
0.0149464 9.9991E-05 0.0205829 0.647679 0.152084 0.10691 0.0576979
0.587198 9.9973E-05 9.9973E-05 0.132618 0.0578462 9.9973E-05 0.222037
0.364822 0.265442 0.114141 0.255294 9.9973E-05 9.9973E-05 9.9973E-05
0.681736 0.0485415 0.0346081 0.114502 0.0549684 0.0655447 9.9991E-05
0.687551 9.9982E-05 0.038223 0.110372 9.9982E-05 0.128143 0.0355108
0.661265 9.9973E-05 0.0251221 9.9973E-05 0.0725273 9.9973E-05 0.240786
0.0288519 9.9982E-05 0.0307175 0.0914003 9.9982E-05 0.569385 0.279445
0.330399 0.0701673 9.9991E-05 0.327698 0.0278002 0.163253 0.0805819
0.0507868 0.00608691 9.9964E-05 0.942726 9.9964E-05 9.9964E-05 9.9964E-05
9.995E-05 9.995E-05 0.9994 9.995E-05 9.995E-05 9.995E-05 9.995E-05
9.9982E-05 0.655878 9.9982E-05 0.101244 0.0495656 0.11545 0.0776628
9.9991E-05 0.718853 0.0184922 0.053432 0.0389825 0.0315137 0.138627
9.9991E-05 0.0256787 0.0524756 0.137794 0.0812589 0.119698 0.582995
0.112047 0.110015 0.0266084 0.119271 9.9991E-05 0.162903 0.469056
9.9973E-05 0.274682 9.9973E-05 9.9973E-05 0.405189 0.0457466 0.274082
0.118629 9.99797E-05 9.99797E-05 0.782079 0.077935 0.0210566 9.99797E-05
9.9991E-05 0.107491 0.0375106 0.215905 0.104596 0.520011 0.0143863
0.126688 0.0624465 0.0861315 0.682565 0.0411863 9.9991E-05 0.000882667
0.0448022 9.9991E-05 0.0354365 0.234142 0.287857 0.265834 0.131828
9.9973E-05 0.377981 0.0107821 9.9973E-05 9.9973E-05 0.0437994 0.567137
9.9982E-05 0.287409 9.9982E-05 0.14361 0.4727 0.0248061 0.0712741
9.9982E-05 0.332276 9.9982E-05 0.226043 0.0757424 0.0899337 0.275805
9.9973E-05 9.9973E-05 0.0175524 0.0852986 0.119887 9.9973E-05 0.776962
9.9964E-05 9.9964E-05 0.000861766 0.100889 0.897849 9.9964E-05 9.9964E-05
9.9964E-05 0.0906197 9.9964E-05 0.0961538 9.9964E-05 9.9964E-05 0.812827
0.176685 0.0662331 0.0132701 0.547229 0.162442 0.0340413 9.9991E-05
0.139409 0.148324 0.0556419 0.554775 0.0637898 0.00585978 0.0322005
0.186624 0.0680402 0.0555466 0.583223 0.070751 0.00963771 0.0261775
9.9973E-05 0.0342669 9.9973E-05 0.547945 9.9973E-05 0.215918 0.20157
0.0878016 0.0549546 9.9982E-05 0.408649 9.9982E-05 0.130033 0.318361
0.0432588 0.0963172 9.9982E-05 9.9982E-05 0.211042 0.378186 0.270996
0.708115 0.00933287 0.0247179 9.9982E-05 0.2557 0.00193389 9.9982E-05
0.679991 0.0791717 0.036947 0.142987 9.9991E-05 0.0557327 0.00507037
0.140665 0.245954 9.9973E-05 0.540705 9.9973E-05 0.072377 9.9973E-05
0.188168 9.9991E-05 0.0181925 0.330326 0.0955325 0.0540143 0.313667
0.107135 0.252017 0.0490298 0.398811 9.9982E-05 0.192807 9.9982E-05
9.9973E-05 9.9973E-05 9.9973E-05 0.248027 0.0695961 0.623869 0.0582089
0.54395 9.9982E-05 0.046584 0.350096 0.0184529 0.0407172 9.9982E-05
0.6684 0.00129834 9.9991E-05 0.12158 0.00179641 0.0562667 0.150559
0.409334 0.0351809 9.9982E-05 0.428169 0.0818637 9.9982E-05 0.0452519
0.00977746 0.251981 0.0637102 0.134688 0.148096 0.359451 0.0322961
0.0437409 0.794042 0.00948427 9.9973E-05 9.9973E-05 0.152433 9.9973E-05
9.9991E-05 0.424294 0.0252523 0.117927 0.271408 0.0203836 0.140636
0.0715974 0.747506 9.9973E-05 0.0055515 0.175045 9.9973E-05 9.9973E-05
9.9973E-05 0.253945 9.9973E-05 9.9973E-05 0.147084 0.285543 0.313128
9.9991E-05 0.514574 0.00544098 0.0449954 0.141547 0.13844 0.154902
9.9973E-05 0.876999 9.9973E-05 0.0287554 0.0250849 9.9973E-05 0.0688613
0.000739717 0.748749 0.0148973 9.9973E-05 9.9973E-05 9.9973E-05 0.235314
0.00704084 0.224937 9.9991E-05 0.0242386 0.221353 0.308603 0.213727
0.00179541 0.104634 9.9982E-05 9.9982E-05 0.00436608 0.0540127 0.834992
9.9973E-05 9.9973E-05 0.0258471 9.9973E-05 0.0181752 0.0625645 0.893113
9.9973E-05 9.9973E-05 0.00723281 0.00373343 0.122572 9.9973E-05 0.866161
0.097765 0.482964 9.9991E-05 0.0605591 0.0305281 0.187066 0.141018
0.0249984 0.0847045 0.0267626 9.9973E-05 9.9973E-05 9.9973E-05 0.863235
9.9973E-05 9.9973E-05 0.0197688 0.204916 9.9973E-05 0.11115 0.663865
9.9964E-05 0.820105 9.9964E-05 0.100501 9.9964E-05 9.9964E-05 0.0789946
9.9964E-05 9.9964E-05 9.9964E-05 0.0727399 0.229539 0.697322 9.9964E-05
9.9964E-05 0.169044 9.9964E-05 0.0605461 9.9964E-05 0.77001 9.9964E-05
9.9964E-05 9.9964E-05 0.0266127 9.9964E-05 9.9964E-05 0.790483 0.182504
0.0599759 0.141706 9.9973E-05 9.9973E-05 9.9973E-05 0.72443 0.073588
0.0210153 0.179131 0.025552 0.0967836 9.9982E-05 0.677319 9.9982E-05
0.0423932 0.279188 0.0180955 0.0567116 0.188066 9.9991E-05 0.415446
9.9982E-05 0.156443 0.0135327 0.0479023 0.595779 0.186143 9.9982E-05
0.863208 0.0606862 9.9964E-05 0.0757057 9.9964E-05 9.9964E-05 9.9964E-05
0.742414 9.9991E-05 0.0347539 0.0109646 0.0937013 0.051194 0.0668727
0.776121 0.00789614 9.9973E-05 9.9973E-05 0.157794 0.0578889 9.9973E-05
0.529607 0.104575 9.9964E-05 0.365417 9.9964E-05 9.9964E-05 9.9964E-05
0.783146 0.18294 0.00846077 0.0251536 9.9973E-05 9.9973E-05 9.9973E-05
0.779179 9.9973E-05 9.9973E-05 9.9973E-05 0.0409453 0.153998 0.0255771
0.771756 0.109975 0.00799543 0.109973 9.9973E-05 9.9973E-05 9.9973E-05
0.744078 0.0954756 0.00782099 0.12109 9.9982E-05 0.0313358 9.9982E-05
0.788934 0.0613577 9.9982E-05 0.0522565 0.0393816 0.0578705 9.9982E-05
0.749958 0.102177 0.00271376 0.0808492 0.0124585 0.0517433 9.9991E-05
0.733752 9.9982E-05 0.0403143 0.072389 0.121039 0.0323064 9.9982E-05
0.670105 0.0185624 0.0447521 0.106369 0.045294 0.0684461 0.0464721
0.688784 0.20623 0.0286858 0.0760004 9.9973E-05 9.9973E-05 9.9973E-05
0.777383 9.9982E-05 0.00120657 9.9982E-05 0.078446 0.10215 0.0406146
0.714184 0.111242 0.0144817 0.117062 0.0428301 9.9982E-05 9.9982E-05
0.797297 0.164883 0.00155008 9.9973E-05 0.0359696 9.9973E-05 9.9973E-05
0.782809 9.9973E-05 0.000949599 9.9973E-05 0.147524 0.0684176 9.9973E-05
0.0828254 0.130814 9.9973E-05 0.767846 9.9973E-05 0.0182149 9.9973E-05
9.9982E-05 0.0649265 0.00301156 0.813207 0.0217773 9.9982E-05 0.0968781
0.783253 0.000638586 9.9973E-05 0.0589541 0.156855 9.9973E-05 9.9973E-05
0.607564 0.0919737 0.0303997 0.023195 0.237829 9.9991E-05 0.00893928
0.767188 9.9964E-05 9.9964E-05 0.214918 9.9964E-05 0.0174947 9.9964E-05
0.0590909 0.102601 9.9982E-05 0.699819 0.0849673 9.9982E-05 0.0533213
9.9973E-05 0.820486 0.0104879 0.0122332 0.156493 9.9973E-05 9.9973E-05
9.9982E-05 0.655155 0.0222449 9.9982E-05 0.0512401 0.0999275 0.171233
0.0120611 0.312042 9.9991E-05 0.147959 0.0801754 0.356407 0.0912556
9.9973E-05 0.265502 9.9973E-05 0.047392 9.9973E-05 0.493011 0.193795
9.9982E-05 9.9982E-05 0.00713496 0.115909 0.0966356 0.700211 0.0799094
0.033435 0.0399831 9.9982E-05 0.105453 9.9982E-05 0.743597 0.0773318
9.9982E-05 0.123948 9.9982E-05 0.049975 0.0750927 0.651501 0.0992833
9.9982E-05 9.9982E-05 0.00844508 0.120534 0.0631827 0.687038 0.120601
0.0455457 9.9991E-05 0.0209708 0.118457 0.0245935 0.698043 0.0922904
0.0594787 0.185584 0.0622777 9.9973E-05 9.9973E-05 0.692359 9.9973E-05
9.9973E-05 0.744491 9.9973E-05 0.0538433 0.170844 0.0305213 9.9973E-05
0.0305397 0.480356 0.0623365 0.0368062 0.370754 0.0191078 9.9991E-05
9.9955E-05 9.9955E-05 0.0393559 9.9955E-05 0.960144 9.9955E-05 9.9955E-05
9.995E-05 9.995E-05 9.995E-05 9.995E-05 0.9994 9.995E-05 9.995E-05
9.995E-05 9.995E-05 9.995E-05 9.995E-05 0.9994 9.995E-05 9.995E-05
9.9964E-05 0.0364422 9.9964E-05 0.146193 0.816965 9.9964E-05 9.9964E-05
9.9991E-05 0.0724034 0.0130699 0.0950852 0.054544 0.106351 0.658446
0.0102847 0.00521953 9.9982E-05 0.10674 9.9982E-05 0.0521488 0.825407
9.9982E-05 0.0174359 0.0474554 0.0594936 0.00306474 9.9982E-05 0.87235
0.048448 9.9982E-05 9.9982E-05 0.0108546 0.173983 0.0845661 0.681949
0.0255347 0.0598479 0.0240068 9.9991E-05 0.184127 0.0309693 0.675414
0.0382958 9.9982E-05 0.124407 0.140225 9.9982E-05 0.519521 0.177351
0.700633 0.0873428 0.0288193 0.13388 0.0152159 0.0340089 9.9991E-05
0.717093 9.9991E-05 0.0457754 0.00520654 0.152513 0.0779931 0.001319
0.758826 9.9973E-05 0.00462128 0.123618 9.9973E-05 9.9973E-05 0.112635
0.635161 0.187975 0.00433934 0.162253 0.0100717 9.9982E-05 9.9982E-05
0.755797 0.153513 0.00546189 9.9982E-05 0.0519544 0.0330728 9.9982E-05
0.105429 9.9991E-05 0.0311446 0.053328 0.217347 0.234347 0.358305
9.9991E-05 0.321013 0.0329038 0.0745643 0.0522782 0.113246 0.405895
9.9973E-05 0.213867 0.0477951 9.9973E-05 9.9973E-05 0.0217185 0.71632
9.9991E-05 0.301346 0.0551086 0.170176 0.0562497 0.194493 0.222526
