IBR/IBR_outputs/all.combrep_1/FireFreq_2000_2008_Total.Spinifex_Total.VRM_Total/FireFreq_2000_2008_Total.Spinifex_Total.VRM_Total.asc
NCOLS 160 
NROWS 95 
XLLCORNER 210004.651214014 
YLLCORNER 7350008.22228844 
CELLSIZE 4999.99999999997 
NODATA_value -9999 
[rows 21 to 41 of 95, columns 46 to 91 of 160]
-9999 -9999 -9999 -9999 -9999 63.2585201085081 36.6541815249339 53.1022867842934 -9999 -9999 -9999 53.6047271588546 94.1599247691967 37.3538559138664 40.4279984897782 56.6202292273571 81.5021319307468 -9999 -9999 -9999 -9999 -9999 -9999 -9999 -9999 -9999 -9999 -9999 79.2081610655275 79.1701426002638 56.6989217393814 31.2352236428576 13.8423707429034 24.9643603394108 17.9474692727368 35.4438344016897 92.2257709399771 85.5386206847386 82.0354377420409 102.250495601488 71.9380423077438 29.6260729916474 38.639709513988 77.3304143336916 16.97914803575 24.8443586922642
-9999 -9999 -9999 -9999 49.4955730931791 55.2788897396158 47.8710804445581 79.1433645125478 79.490720125088 -9999 79.5739290115304 78.2336027633375 43.954064099893 64.3102224722094 59.1671497028716 62.8454805744431 83.3879069463594 86.7545654930071 -9999 -9999 -9999 -9999 -9999 81.3944112898693 80.1122715067905 79.3459111992601 79.1946937393955 80.0675207035995 80.8897378986505 86.2711731008399 83.430296223059 55.0957051625041 19.2904855739157 24.6508578488443 18.8437857695277 19.596753910137 57.8532771252127 91.7202872045829 95.9112875993482 104.583405516528 35.6132461880093 33.3812785942736 28.2671555199289 85.6253687819853 24.3682066649924 22.0397936672097
-9999 -9999 79.7480049081701 80.8934119442097 82.7760631829811 80.0654944182504 82.9671280766262 79.1947225081789 95.3326892757347 76.3173163142115 76.5204682699285 43.5926866991791 30.8857618273027 68.3666796976917 30.6079320257912 81.8381157973775 82.5390262486891 80.3122015338459 79.2175379232788 80.9010457063369 80.393235518708 81.5296994745517 73.5792784588218 78.7400577373558 79.4225696480613 80.7860428812931 80.1877011930286 88.8127653413661 93.3160818090133 97.4263906496608 91.524483671536 53.437072034246 59.7459350583103 24.9922253626481 16.5528419668196 20.3050834349854 32.7888681097226 56.6470275913523 100.158403061622 86.613231552773 22.5170804089858 32.1040758514922 25.8876502106931 26.689189966059 31.6308817227682 20.0476729739237
-9999 71.944701907308 79.593025163192 79.2066482216706 81.9964427787012 83.4847744017991 80.5749248741188 68.1292145149344 64.7023869983771 72.2558636119587 78.7424339118612 48.3037474356691 28.1088099091885 25.7494760358732 27.3454206243402 80.0221592102276 83.5081623146178 79.9559229722886 80.025162370245 79.181693126229 81.0745798828526 80.2480069154019 79.5181071768735 79.3678612377699 46.5835425097408 30.5737648683703 44.5055871880461 87.9387751109081 98.8716677829264 76.5192713306839 62.2425259640117 86.8966959897704 47.6939631121408 67.5708986458667 14.2537327908409 11.6854096982372 46.5722299991511 31.1935599112857 33.4687667457305 80.4636160231327 21.5516372025816 24.9894550701035 25.5636891652303 25.8883940531764 27.6496677783751 20.876001988715
59.6890846271196 66.1813050750419 79.2122074412188 78.7019010382562 72.8215107216898 71.8956833408787 94.8198161925334 75.3211873298615 57.5942816472459 64.6479918509138 46.7803246305569 37.9387216803119 21.5543474740889 29.7570884619626 23.8248410947132 48.3534859028367 107.396063184747 79.4809318357351 79.0270922436135 79.5735517823472 79.435096239598 79.1788213082968 79.0070935077417 79.0291435308529 47.0173935698272 33.6736876994648 28.8293390413417 29.2745020059769 28.7051705961162 32.982989398134 61.9468642530591 64.789249467825 39.8116618261224 84.050904736635 30.1446371581332 19.4479651041373 25.4054824706656 45.9297367228728 31.8218854503795 40.3823905229 11.7614231093655 13.4944614449564 26.0403434274493 18.7861896232456 29.53436592331 23.9095718802925
54.6941631191107 61.5383042227403 76.5579812925142 80.8257242226165 66.795655899499 59.2496316155622 46.742697168371 45.6216525364461 25.5006368118286 24.3218718265406 30.0519515592508 23.7046462350161 16.910844768881 30.2362924342408 39.9037689420302 43.5574462606843 92.5738026050783 92.8414691242675 81.8074704183944 79.3606905021647 80.7467598887788 80.2255985549386 79.1212063680397 78.9394394136209 80.0467336249512 91.8354003351794 51.0436652780012 28.4990785648342 40.7285829989672 37.5985162168703 72.8902869911879 67.5214811202605 8.06864791136099 27.5546796906879 34.605624945977 19.5746966725241 17.7182899627102 20.862652809136 21.0216541302894 51.5273360466277 22.1648502691344 22.5433161337712 25.6772849517599 29.4658118548853 21.4860698043274 21.6452898727702
56.4721452811238 75.9151849638481 55.5359541635202 82.2885000701684 93.6817110701043 83.3805097360995 84.0732632699008 75.7028083319307 57.4587756927093 58.1405802701427 49.2348187374491 27.8016530334065 24.7120531979348 48.3374733485439 49.4719918937465 68.5798688265216 73.1747334659246 59.4912085388296 50.4283398767542 57.5079199605174 79.0711113261972 17.6953290206317 15.3204172273744 51.6484188502085 79.2967672646292 69.2749620074331 21.3704807432097 37.8262935072886 53.8980965177801 42.484705197655 68.209332556631 38.8605426933537 21.3529259318924 34.2009613027998 25.3197931343546 17.6133347693363 17.911279475376 17.1045020493793 22.2229333206283 30.3790373100882 14.9427785994934 23.0657517671762 27.5278795790782 28.7251782803881 29.4542038114701 17.1421616517478
40.4538990996166 41.788049729731 60.2330481148068 81.536544059186 88.8618559431277 86.9715315569261 83.7667138040621 92.6759620943059 84.9423780199894 60.3859410080008 51.7319983582627 23.6058308126749 33.8510512402642 58.2077041406688 55.3078893432954 48.3119668941699 51.6547405514899 51.5876422567334 46.304690291016 24.2152888326351 57.2530345774172 4.02753251864018 15.7812306636689 26.5931116066009 55.3208316509067 36.2583920313724 42.1609991622199 33.3430569622691 40.5097334426906 40.5462497713387 24.4237248549093 26.3067131108202 20.4345910697525 23.3679662072471 28.6807117619312 27.6245999714722 25.8307515166139 22.4740670993597 28.0435505442144 23.9234483015708 24.3482662969285 30.6627194685627 31.7514341366394 22.5035740453023 24.6328979744746 22.661226669335
37.3956063792141 37.7261941717136 45.9531211539318 57.3532704160142 67.9541999951671 104.696802718129 54.5830396224349 45.5990075803506 82.5845493563577 61.7533207813537 47.9165736038516 42.0181818600913 41.2923547192425 48.8730009149165 72.1975694698485 48.9431195601299 53.6573941241836 63.3834680191572 57.5144866499489 51.9600183336899 87.1055481716706 47.1801586868923 34.4552317162756 55.1574610883522 60.0503898980738 30.962625094809 39.3264749040898 24.9128532334148 28.3927467138889 65.7181862177174 42.4421513180855 25.882867959843 45.126156637589 34.9967183205615 29.992444479106 18.8084691945414 23.6391855154059 47.2342659278428 27.9285136041553 29.9373745331024 20.8619980029224 28.4532300303708 31.811447352488 34.6176129980628 28.3252845722058 28.9408069449252
40.1068884357618 39.5543849112206 44.8893635485255 63.1161053444569 43.9950743601218 62.6184347152807 43.2962144453677 44.9344006173587 87.2278513968998 83.5434859065912 35.7513637575793 38.3852118556124 55.196705005032 57.5333811803429 60.7274394096068 61.0190890831163 92.9320848641631 63.2763506662781 60.8826351036002 91.0418277863049 90.6297553531495 87.9652945543818 59.439564851068 59.7066787863254 60.4985696313071 50.3901256602036 30.5205143315799 27.8466877802701 40.1433277530627 69.3028033607277 110.342626501491 97.5319934898894 107.865537111446 102.746516177019 105.729561681994 112.42842406455 107.528192495702 49.6221370071956 23.2330769975282 25.5170299760492 24.5063077743727 43.4953073030232 67.0277132893555 65.0269475490103 46.1904652219073 22.919370329907
49.957692905934 45.3495678512778 65.0492141111942 60.1020764055121 51.5493039441781 84.0365150555599 60.2140071143008 52.9223011931967 90.8400286677319 60.3733752705126 39.4887102277413 43.2488960893455 45.866668681047 53.1739299767876 54.2850986499876 32.1377917099903 63.1156151655464 59.0446350366177 63.5906181431087 65.0173067663854 94.1853120592964 58.9506830859932 67.9186481713404 53.3320591887926 45.8367665866585 38.6230220212349 49.3897640856501 92.2496410528773 115.894387139476 137.048381515332 131.391528760306 110.797049148557 104.747441258609 125.814121784078 102.501069438062 103.599934001187 42.9454032486831 34.4274745012963 24.3512913076394 29.5444314078515 26.9469829757502 24.1370889898395 41.5662558965058 56.0464835578471 52.1512256430858 29.0565574107322
45.783156361708 53.4512142053945 61.4348593694984 50.961464913106 54.1832697224829 65.4830210132158 60.2228315928634 52.2909107473781 56.5010588849097 35.6880799945691 45.7942611887228 29.3439163795821 38.8309844029644 50.7067987276931 35.9745819359515 22.3237618623716 60.4787310340962 54.835084960131 57.6941380221123 80.0043456743923 98.2901182646646 99.0915293579905 45.6871906404293 42.3235095008762 51.5717181567104 57.7301994671546 64.2904456294898 72.2823064838083 92.1521968506355 104.239670631321 104.734191076691 101.000018174122 66.046426062488 56.2855045588904 48.4117899592998 61.2688477170019 46.6924536448256 65.032464380766 44.7246368083463 50.2028056098174 64.5485713711342 61.3691835524838 24.0496670423171 20.8953286644858 9.9163906679751 25.1000191646599
53.3379489508941 56.1962851390658 55.7048206687375 53.0788810573975 48.9556815058891 57.5241371640073 55.9703829999352 59.9920870538847 55.7547188211619 56.5559276385705 44.5863341505611 39.3326765435848 38.1299365250554 51.8939344111686 37.0251385961583 26.2933372478213 42.6236236820006 63.2908655403719 58.640616450185 86.2995321618732 95.8981121789112 88.3302636480771 42.5509804206049 53.2381711014167 66.9776941498798 65.9387104166468 65.9097909961267 74.2164172372398 82.3981877170258 78.5784941601066 72.3038474032302 24.1059175396902 29.790042022605 32.9716995966834 45.9705686748997 63.5804248084179 61.1835408124912 60.6036952674891 55.5337309669526 61.9669362446148 69.3940562181966 28.0316142824279 20.2182336810208 25.6469604386887 15.5532300066894 24.746523715202
51.3743308396988 51.2630277428107 45.9755410189403 44.6993792609033 42.3609536726789 46.0312162255609 46.3785195619995 57.9204758777115 60.6782381554428 58.1067029516141 48.148026436831 32.0829563752451 54.5442158568503 48.5224990749591 71.7272150839377 66.3237791524583 64.0298595160777 90.1766737884068 84.1440027760978 89.0034802509902 77.4768894161825 94.0456496502531 70.7864850132659 60.3752503069202 73.768597634944 67.9430292953513 69.8959037341792 82.8999447828308 81.1331631902688 54.8974589892253 27.551815589369 27.4956913567891 20.4528060732453 28.5417629310375 56.9988351465193 64.4039266423489 60.1206221649877 64.2778761091057 39.5987632287776 33.6065645967906 24.572716196919 18.1813135830119 23.7373209756287 24.1261521806671 13.015970903207 50.1565053604463
47.1487382186001 38.7625865397129 40.2593387538302 28.5977702359617 39.1678045261046 54.1921413255064 56.5656631842559 54.2199310533882 60.8959069118294 60.209783283343 62.5230284953785 57.5969564902775 71.5821950111339 65.9648810830015 54.9901838408499 56.4758010142004 71.561562323836 98.6576445840012 71.8799869482898 68.1034593587106 71.0708614687644 83.9845747860042 61.3323612085872 43.3664725370133 37.3916593460779 63.8278369294315 62.859109052789 91.4309388499004 85.9401013556939 91.1500721399001 17.1978505206284 26.2938106953294 56.1155423155759 61.3441461521817 57.2415658346391 62.3017342928658 73.5585940510717 61.1507251452248 27.1242396341561 20.1811841498291 18.0637643206193 18.0700554607608 19.4891716662837 16.3211871098733 19.6307470735951 52.1049285679646
42.7798968478003 41.8255195144849 44.9285310300412 50.1534806729504 45.0327003741511 53.9487568051058 53.5226593246804 46.7086063284084 42.987642362654 39.6211941923774 57.9770123153441 65.1715844677954 59.7048220308327 59.9099467803996 55.5633462233858 64.4144638323044 62.9050659645068 64.1693166604702 50.3439641984442 83.6228161967491 71.9266029611935 75.1831655211775 68.7311423469167 62.5987897182117 69.8324231183127 68.8451522555887 63.1269657972113 62.2856961414549 73.6115747849926 79.0486783243069 63.6589396284757 66.7981039598585 61.3003747637619 67.317461838416 69.9994634454699 73.7241583284933 59.8912737327625 44.3764945618511 21.4986825579641 24.1166107835213 20.6934480727238 14.5614405126979 10.4938905426459 13.36864356253 20.4205441881029 12.3400490639612
36.1402858826054 53.038352596182 40.8359701335788 44.0730572465875 34.8206109921869 41.4581145608542 42.8611641337093 31.9673239866943 34.9373207308295 28.8896896929671 38.6992333525532 31.1859629756276 31.9719394040233 54.0865274246588 34.1906939690758 44.3995882487073 70.7052075538745 68.3633347122636 70.4099373336268 72.5101962705487 67.3931959868413 64.9675784091549 64.5914307419344 63.2955568396616 67.1920734545934 70.3139091818442 68.0238663873376 58.7367868025981 66.6022988759731 71.5503232747366 73.6503583390909 69.8250874865193 61.2153512813054 60.2564987872438 61.5576216027395 67.2127520977261 45.1708897596272 47.4176096808155 30.9366228856391 22.0065365154397 21.3038977723023 13.2637615953151 10.8346296273428 20.7886185367819 58.432560325232 14.2579725450799
47.4286208064456 52.9229426184582 47.6658225786509 53.3555377151608 45.5852029090321 22.942960646551 33.8176357120775 29.4150234749082 24.3231770683668 21.6973419965374 31.8350071123406 20.0575924488231 26.3958035759297 37.2019130083238 33.7495600729488 39.8106382823155 71.7399295702477 63.2771715419888 64.4335555529338 71.661279815192 67.9117403824738 68.5788748751144 67.1441942860108 68.5623975747569 72.5135434637445 73.9787427415078 71.2754964190171 62.9092142367942 64.9702642065843 67.0843061801494 70.8522344153137 62.7425468407508 66.2018786553353 72.0007255699133 56.3282331488285 40.2509183924888 61.552302951707 59.7276551176535 32.2824899854026 22.4412457994786 22.2573286505766 15.7128234901884 17.170489917633 7.31639709857759 20.0994138683608 17.1017537065932
51.2296955777919 49.7599387873711 52.7306151653623 52.2663638981276 48.8519681754859 28.6910128086393 26.5401411899029 44.0568671005587 21.7031234866004 21.8982008015013 23.0890437067761 30.3908691427604 34.3851652407862 37.9225788859941 34.9260436567864 33.7556340448648 42.4551816812777 62.5650414970673 60.6199876726783 69.6167302057302 72.8822336013208 55.2279699219321 70.057426815904 66.1639428661921 72.6912142737405 74.3844467021543 68.5402446961285 64.1116826056626 60.7665238072711 65.6616486469305 67.9217186071816 62.2947512940329 60.5157564392934 58.7658003447687 61.5924369312511 57.7578977082638 60.9640584877936 61.7257370323359 43.5158496820876 22.1442926869374 23.4055980223998 20.9504312747262 23.8687273239302 9.56624509373946 12.9992832160365 19.5361834283651
52.6009128004666 48.6152469398211 42.9744087262649 45.5440069352485 52.9720121068502 47.7250172717886 37.8984272445541 31.1604509097618 24.084045397827 32.9898903110486 38.1943434736617 35.6765519163628 38.2713108481247 27.9611860792128 25.8225551814977 24.3953714603762 23.2042288314881 23.1595365915067 39.6844915691763 47.1387724051639 41.2002516404653 42.0323916890137 66.4466059064961 65.1734537408051 60.6980597646526 67.5275019600005 67.3817520372297 64.7627195313003 61.2703582358684 73.5761733026755 73.2735173483708 63.8916817988633 62.6092787889725 59.7003507889945 61.7719461972622 45.605729439764 39.499144648341 64.9221009517489 17.239006724837 24.8760021571613 20.6295867975007 23.7363780285058 27.4144539769022 17.6020909630852 18.8788304918403 16.6103529222802
54.2275334743266 42.6429475230243 36.0300175848041 39.8476208747392 48.9166343711487 35.6185762860296 40.0570427265453 25.5373191630416 15.0784779300184 39.1182069519816 56.4662745502506 52.1644583041671 42.3024008970902 32.019703871101 26.219120629939 27.1557359803013 23.7862773702566 23.1564893778845 31.3547657539693 34.1822246140945 24.8932153849621 38.9934006958937 56.0325182911108 53.0655233618222 64.3869807277107 87.1979250952439 62.2124367098604 67.3599324085685 65.6291607340344 70.4804479597586 70.8604057449453 66.2004123868977 64.4979833831185 62.1227997888864 69.4419614514431 60.2939772108959 54.92339576986 65.3239961194853 8.143799562894 18.1384585941001 27.2482354576102 23.7519856287613 37.694888175017 20.7916192007416 18.8746511634405 18.6413025181303
