IBR/IBR_outputs/all.combrep_1/FireFreq_2000_2008_Total.Spinifex_Total.VRM_Total/FireFreq_2000_2008_Total.Spinifex_Total.VRM_Total.asc
NCOLS 160 
NROWS 95 
XLLCORNER 210004.651214014 
YLLCORNER 7350008.22228844 
CELLSIZE 4999.99999999997 
NODATA_value -9999 
[rows 63 to 83 of 95, columns 92 to 137 of 160]
67.1086163655192 68.8155227506136 72.9148982998984 73.5787806138815 67.654499414505 67.6079042138205 65.6411184547057 69.8586144942384 71.5899092430684 37.0735849169729 33.3079542950064 36.8669032090612 78.9165123968739 78.9337817894158 78.9419237062075 78.9964072414137 81.4511793526071 87.5449609193646 78.8592881664274 78.8447659472216 78.856537694584 78.8579108986013 78.8779260032045 78.9777970623331 79.0868023439862 79.1324104373665 87.2844010445161 67.943674633566 65.8858719199363 60.0174069427593 54.3973765442323 5.28397532160478 7.64594841617414 4.60107512804 5.86306407503638 25.3996862872579 23.4998127769498 23.7144269499429 19.5454152396404 30.3860399138057 36.8136357411481 26.8770972609436 11.7520248324046 20.1274445923724 40.1500408402941 26.3452769710873
73.148474164297 64.5231906530948 62.8629867048132 64.3751816991909 69.5288995336175 70.6266620434078 66.824105473538 65.0819931325002 69.2853917094176 76.6558603018797 59.5959324701596 23.9215166569238 67.1808511252429 79.7865979449653 83.8725972771343 81.4326133543251 82.2567262662667 79.8721662250992 81.4149811667852 84.5030057207924 91.6390189859871 83.8499036293852 92.3717443411222 80.630533631612 78.9951416636484 78.9701000501065 80.0139445445339 67.3198288801679 40.312051425637 52.5463957819935 30.6760778069341 14.310112737568 4.2509000371219 3.71942536772447 7.82018683929558 13.5485103015944 16.6652371268047 10.6284004573341 52.8909428491155 88.4347618397946 27.4193785033001 33.8621807272399 22.7182573769449 37.2567081035447 37.6326876058771 22.9504869628231
72.4757885280053 43.0331895665059 103.552514970677 86.5624945685319 64.2908243765572 36.151094587209 66.8289511071136 68.8762267214444 66.3290355739034 71.3754267618634 68.6600879378624 65.9170319109956 38.4467878201252 77.7594276195527 79.8578091405783 88.2930415217942 96.096137086102 83.0053230509806 79.0188459798425 78.9445260016423 91.6994047053924 64.5683772034773 89.6265927909304 87.601914047149 81.5671657162454 78.9879276929527 80.0024047259228 79.0865818324089 77.521053417103 55.7613532383362 47.4796065860298 51.0226963233298 17.3707854896448 6.75872421925294 9.39111273829956 29.0234555037274 35.8421591012139 77.1600730383207 90.0502404815765 38.549135901898 28.6792706844407 19.5664128421396 25.5515968908176 39.9119941586012 44.1368898613841 29.2227167730304
62.3424809142208 43.2512711767578 40.881156795429 83.7416421311651 55.3179943793716 77.1524069178268 50.5004022478684 63.8894713340648 63.3473589650616 70.4564894548564 73.2228598454795 66.8562632242212 66.2194794689587 36.983354788853 61.6204860844366 91.0322832012698 73.8716880017045 50.2767770963578 78.7531944941896 78.8989921556083 82.2095382327232 95.4465131154187 78.7958627423065 68.8604183878638 89.6744026765686 79.2221173594718 78.8280151576509 79.0096686054289 78.9818601441428 78.9779681679123 82.7787429980328 89.0077147533792 48.1554790758192 43.4109716233372 37.3028742633329 23.4478935091524 8.64129817416077 45.3126552582739 22.4277576580341 18.0615880570385 16.3774520674975 21.1573810648137 18.9686830793421 23.0081549994337 29.2103489026563 25.1130656654137
70.8738608657932 55.7154264659056 50.9494955838725 61.6907081443813 63.7710716559049 73.7746407194635 59.5901462811141 59.1094318957828 53.9555377472398 65.6369610734601 70.5861379055709 62.5555314642998 63.7583461049998 64.2009773315456 34.2709854536363 22.5897757173099 28.8856360066308 26.299888233732 74.2866194511875 79.0351159109412 79.030857839997 76.4745664366773 8.5742175470308 48.313393895858 78.8916515076565 21.0874649132604 14.9381305550632 78.9273665353809 78.9133787506721 78.8615642093457 78.9408094446326 78.3662940938249 20.0243444497694 21.1120413784215 16.047692802223 3.33475129488268 1.61582471505775 2.06709434012322 14.7407661990854 18.6483355133505 19.6974874007583 24.8570761702265 19.8978816038142 19.3480490293341 25.2048435780402 20.3841960429958
54.785680104008 65.8681578600213 91.0085102902233 94.2860410621887 43.5381099863961 35.7242052381495 74.7842818046731 59.1343837951355 54.1900789805499 59.4158376390988 58.7402653967604 51.8424830933134 49.2928541892861 41.5460455343738 63.8503547739316 62.2420945142631 25.9886402414328 18.7614506730584 8.84286008698336 63.1877714909905 86.5415554122225 90.4424119628241 70.4990106980732 78.9162047920784 79.8086512237742 20.9499554350547 11.2839428878181 60.7292846196976 91.7589818997716 81.3878426569573 67.6560281711703 57.7187264752361 4.15826277522439 13.0383239898054 19.903721794616 18.3728551507789 18.4323341719966 11.9716350366567 24.6147014874889 20.7708491550046 9.54937815627339 22.9288481307084 19.2538904388722 9.95778852465336 16.673078775772 44.7103239879649
66.3814193251014 63.1870698152524 80.0476361256896 65.5881703641925 62.364606374856 59.4726795547233 58.7340676358982 71.6944657230662 66.2578528743514 55.7655799731526 57.2193188485347 53.2398459534103 46.2934517690272 34.165303045101 51.8827780248045 72.1321972607943 51.2851562441871 20.4197178065411 10.9297826417362 21.9595115157436 84.7249650685199 80.0648405284961 32.4630577058811 36.7564029153094 78.9310657572564 50.3929596369463 32.0394689487857 30.6906222943921 63.2707722730332 85.2839765861521 11.0599955957226 9.56111021027571 20.4990228053684 16.1064924057428 11.022424510118 22.9571896173142 25.2946659168248 23.3611881953703 19.7732567305201 5.16426366807514 30.5788901916527 41.1933315104535 11.6630971197048 20.060307461868 36.3318389148977 47.0252285267438
76.5615521355832 67.4050561572128 71.7425990917052 67.4647277415632 71.687432101239 67.8837424196297 67.3517687627346 66.1764012780577 67.4192332276415 59.7013558747765 58.9098348547546 63.1295780204026 53.0118747673313 50.1756614804633 41.9793855285189 58.2722993876564 62.3672505809144 43.9468792275431 26.5999813939129 16.8398753827015 75.9902848554486 76.2455563308004 50.8825929004446 63.9839830208154 80.5807683801717 94.3266938050605 88.7181894944037 9.60461141763763 25.269284983004 51.8815859821111 60.7295233952555 3.05707569433202 25.9592691386574 28.8276400263329 17.4096954977324 19.955525462961 21.4046568187664 32.1177216308675 22.9392996803118 21.7586048192974 34.3600408369314 15.3528954762568 7.21737143595845 13.510148970109 52.8063660895553 60.1229775515907
45.7136763113955 72.7982822669566 79.6082229865388 71.8352799072964 70.3618866384824 65.9541699277175 67.1291668258177 84.3214133769818 63.7311946225887 61.0082587843222 60.4047513041759 59.6467018108012 54.4614852849865 56.4055344773911 57.5776506072937 64.9999911598559 70.7790339995918 57.8581343129276 44.3940038189462 52.6725478081857 78.8564859253721 58.6243914426607 42.7902368315705 91.7145185233865 80.5861460524228 92.9861328199071 74.2494926721649 24.0261023393116 19.6526529932275 31.7797459731525 49.5861757955497 6.04457865154035 18.8597817549799 94.315560988791 44.1779940062994 9.04480291979069 18.0300427490659 16.8666458086755 37.6983317746056 53.3921188971712 11.8654041178317 11.6711973404382 10.6651323104771 59.6743961773729 79.1308070589113 82.7818957625545
72.0928396062252 69.4488364884538 76.1858288008477 55.6964013645739 48.2385330889035 59.4024086674594 54.1407510286103 67.1033489297867 64.7394586679882 84.5694105413956 91.8351004881379 58.5455919478508 56.5593344105735 45.7438621675931 58.7718716085569 71.1622082312892 71.9914833871878 68.8040470349285 46.3580586865452 71.8908270739265 66.5773137238977 18.316476463373 19.4018799582396 84.8025388647958 87.530539126099 96.6737779353925 74.0254776164894 43.4702460543443 13.791445618302 18.8920165361761 13.0666570957333 5.79191198229605 2.63304537014417 58.7638762655905 78.9319884922011 22.0535315983683 19.5045315192961 21.5884166370343 59.8391197393418 59.3513081508962 19.3555764160121 45.8969211692897 23.6636674355611 61.2828217457966 79.194290358017 26.8835625937661
79.1926105625105 82.8150187920631 81.2211404659222 60.5848126645862 54.6471946270527 54.2339351692408 45.4425736802186 61.4813578230986 58.2581421421568 65.3738354061767 77.0412528345831 55.6385159009843 50.8933298726326 59.0276634689589 65.7341402609655 69.2008167187282 67.2775210830356 62.0791782529475 67.1776929448667 79.6592076807354 24.1868443518512 20.3191357070658 17.7902959834003 72.2047969794242 88.9687395391001 96.6755113121838 96.5727500157757 16.7248654751328 1.07923832748582 11.3335771146605 17.8674433207221 3.35154013405967 1.77590223425659 22.1367974747241 56.1852873457267 78.4289491076561 80.3611993392536 86.3394945647378 79.0683665924163 63.397666517632 39.4134570640592 34.8425198354754 32.8963278205838 79.4471179863568 89.3585118377343 47.3813068589877
72.6867607239611 66.9859134704664 77.1103943840666 95.4454751011934 74.0697279860241 76.3131271418842 99.1561135263237 81.1231886999713 72.0940364562325 85.2351843663381 74.263345871565 67.1121211524651 66.503320884361 67.0659397360723 54.0984980996883 60.802593836649 66.4518955395787 67.2144972524241 68.4539881872644 68.1963584311406 63.0085510621816 49.8024310523682 19.5729872038257 20.3298291059846 84.0846439114665 102.18389676354 74.0751959405543 17.3304375580786 12.2888248156287 15.4579982680856 56.3373872008814 30.4822101394691 17.6337847997047 24.9195245737533 12.1400226074782 13.5999044143086 76.6536015932298 79.0611791368241 79.3006093851905 67.1122110486165 57.0553170320026 77.5009966458316 74.7087984968581 79.350510944623 61.0145574597836 26.0543264304697
87.7508602049879 81.7437649800296 88.9844114990294 82.839406781673 86.5023785078753 83.4244534716599 69.1124825623279 54.4735483062843 71.3953220763579 75.3064311117283 74.0140052982474 87.777660863529 60.6726078707712 54.8841803599485 52.6306461450924 40.0573219708337 48.8703020627267 63.1691731192442 73.9122400285146 73.3545226761153 65.679244761592 54.0248516974905 35.0663831904137 19.3611288030768 45.3967148630595 105.129193977644 53.9767934601175 15.3383822260205 13.6213741851511 43.6265012081165 87.5367048215358 47.796246336103 25.8464256218918 27.7612633716464 10.8399985690306 6.57258205160358 16.4744586930897 65.926536374321 79.0427611139189 63.6425332152162 5.10549465801412 39.6905896607121 62.4531831950662 79.2663191334663 76.4676607536046 37.0607903975224
75.2769086499319 65.757186764541 62.0915464431114 65.2676780639696 67.3263806195507 57.5452322927193 57.6224287828529 51.2663461456486 44.693052451512 45.6571447091461 41.3820802610047 59.2761600153655 33.9064307257569 56.8119944085813 55.6434199240291 59.9494509651244 52.1448081113011 42.0987537660713 49.3569030458714 55.4611098356424 71.5158766314878 73.5165256312801 64.9527458207503 49.383648513268 30.0260047767844 114.971593746646 34.0569264611183 18.7485003500943 25.7949186274718 91.5607433185525 79.9186191819919 43.2675632090307 20.4286979596889 14.5082417227628 9.2563810736901 6.77448247785443 17.6635062829557 16.5663431269283 80.7801202895264 79.3119221336586 72.0125061567364 13.9457859565049 78.6717183182864 79.1032852785648 79.6121160416072 46.3692929378556
73.9241101161577 45.1459966673627 42.0939013966801 57.1630296196576 55.2689401098289 47.6669845728853 61.1543268174216 93.5582998924349 63.3232495092338 48.0540522336116 53.1659562583225 100.798734741762 76.8212482198793 80.8205772844825 74.9278570424371 65.8529414320798 46.1018297896365 39.7884809769539 39.16948146332 44.7837710813258 62.2667833975213 70.1150836129631 67.1495325705843 58.5939747856653 45.5264619323485 89.1693244063145 45.0326016638381 18.5770194902916 81.114175659943 77.8045045727637 36.7139675593302 34.1105854788392 37.3181802168953 20.0832027841095 24.2197922964268 17.7566765665054 18.0728244163002 21.6554068396779 46.2030992592724 66.9202607992544 79.031422310276 77.4493372247307 78.4394969280196 25.7081992133939 56.5391694541661 50.6908702004728
71.1466791899464 76.1886280467161 72.1111366943312 74.4305734800128 76.0851692642258 70.0423595141162 69.3634193935848 85.4981325522877 90.821275974387 115.440888114249 115.560254308766 107.292842910418 75.653164586281 63.3153982486157 65.7685827226296 92.3891997998836 86.7075059160893 66.6984768106805 64.4436250517556 58.1738947378249 70.5084348682698 68.8987604318381 69.0478416342265 54.9659819420629 56.9812131112358 61.6295588484039 36.0118051068603 95.0858991538372 100.298184345852 46.8295082570811 35.4066101739175 31.4345030609642 34.4553909767616 31.9074706474856 33.6697989068518 14.5793492084336 19.3930463701099 25.8399681069378 14.8057302435258 16.3053199068155 42.5825601282101 56.9892293976335 79.8174235119991 58.6605902553343 12.3120686579501 14.5598370165921
62.3658603992094 68.2233310330853 80.1683505187307 108.489765176567 105.863008756284 64.4557714998327 60.0012657554262 67.2670139860891 65.5512094018196 89.006005557238 71.5218759052381 67.7203469638627 60.976796551442 62.7371731545844 66.4307215587713 55.1851060685556 41.9219081681456 62.9252235755903 63.8800284024428 62.2485934811868 60.3934506648238 62.2339581217528 60.2886007484817 62.2534036829564 38.9721344407058 65.9615586201491 47.4356565594594 95.3764430365209 39.9384173911895 53.7843448610227 32.1902749993955 26.1257792759603 26.4821554847301 24.9102560651383 43.680654896615 17.373137307331 30.7172434608457 32.8681644825536 29.5816890315652 30.6692023392648 20.6911331302735 48.5102695321465 64.6538154195423 77.2643984857587 18.1164803400963 12.6489642262253
81.4021906744579 107.08777764977 83.0750510722155 58.077522622136 58.7107031421259 64.0222450537404 57.4650822840103 61.6859954816174 82.0915900412381 68.3239335559147 52.912040176493 69.5898689395815 61.4633435058524 47.8414551218231 51.3135374293633 62.9378718386965 51.0095662969938 63.7367262239 67.4320719948032 67.6123000961012 70.4581169612484 66.8386819885123 63.9689435960519 57.7673834336109 39.6779927796363 55.14925730849 55.3546812354481 53.0536075162593 39.5537749819568 54.9315891284612 22.3047135031049 25.1599632129102 20.9196776829008 31.9833988678526 39.1980025532495 22.3656515238206 65.6502915445737 25.8873140772501 45.9726421630446 37.5605729116116 49.5178377771772 66.9700527443877 82.565348757559 70.428959661146 21.2689272274966 17.3670847702567
64.2973797190876 81.2856577472378 70.3537466618646 64.3550765842152 47.0622301436923 42.5054325777482 71.6385640804314 76.1611849760051 90.129054707144 78.1955075400886 88.8307843228302 74.5581850132011 76.4103250883194 74.5340141706279 45.7317628361533 66.2141255933597 45.2244502805101 46.8528806149274 56.4075463740258 68.1520341237119 59.5580235937882 42.1161267299802 57.9526702911719 60.0109961846865 59.5292455288439 77.0573499476438 62.5543920756113 61.7554855923089 63.5947909296163 28.9589971726066 27.6307263707058 19.9541702007574 27.7820488130845 42.7724248483079 34.0932170677094 28.3569316205033 113.603365059379 64.0385803932958 35.4952755772655 22.633202871148 56.4801782244347 81.43043002533 79.3955880885809 79.6980561173604 53.6442896454051 13.9720437577086
64.5705921913815 74.5859343473629 73.8446140682452 64.5117850566006 49.6067612847575 59.233085010396 48.3438309958969 45.5272840659262 79.5861718740905 70.4654043092407 73.2256027849571 70.8664323424743 81.3273917841115 55.4751695035542 51.4012540979074 36.5022744571666 45.6123609213587 35.3841247324821 40.6397069797003 61.268387719954 49.8558413832351 45.1213413050998 27.8994637268776 68.5214017938312 87.5875354312145 94.7200759767366 97.1055613134969 60.0707760504647 36.8692565790905 56.040804940868 49.9693407654381 23.2925246090662 19.8855170816323 42.5016620060648 43.6993063936852 30.7764408409671 66.7645402693321 60.058826079464 34.6873444744688 12.8403364911534 54.2750314205543 14.2922547332668 41.9336160847198 79.9954639583209 80.0223393462639 61.0024180736307
66.4397182172014 42.1261315850342 41.5850201280502 44.363005732569 31.6527714670917 56.7800379600132 45.6357755958278 59.792846897263 24.8829182792785 31.3532149112779 29.5835700621226 46.5236913220057 35.0485924914109 45.6823578613191 32.9668696837817 20.0239992992863 59.200678347555 24.8576050421687 54.401299949482 56.5122438345143 43.053105479168 80.8131796884713 95.5736684300586 88.4337902793245 80.7692303557292 97.2285374960868 100.072915834044 90.3842669793029 59.1759623049257 60.2234177556938 68.162751002215 65.5782402153088 67.7891324694344 59.6526288813106 63.6071051905983 67.3778039958942 56.1903825484293 43.9291867333045 31.2202454258793 26.3787944060075 28.6208381777295 17.9842781942812 70.6673767412454 37.4628553268444 84.0312449991777 63.5955805863059
