IBR/IBR_outputs/all.combrep_1/FireFreq_2000_2008_Total.Spinifex_Total.VRM_Total/FireFreq_2000_2008_Total.Spinifex_Total.VRM_Total.asc
NCOLS 160 
NROWS 95 
XLLCORNER 210004.651214014 
YLLCORNER 7350008.22228844 
CELLSIZE 4999.99999999997 
NODATA_value -9999 
[rows 63 to 83 of 95, columns 0 to 45 of 160]
-9999 -9999 -9999 -9999 -9999 5.42010724351723 3.1346349218949 5.55404942971351 18.8536796910261 23.3868271377676 25.4588684051743 20.5576648400781 11.0885478627705 64.2772926734085 79.0776971920227 78.9357450185874 79.309396252248 78.9467776691714 78.8866195258181 78.8850644788915 78.5820692707392 78.9100420379611 79.4989799079374 88.3611447740743 80.1118241087101 79.9854644113303 78.3340142012834 41.5097919803301 16.3582672978548 19.0280939692771 27.8926516745657 30.339831083775 15.9013288819879 24.2696527591615 21.6130788656164 8.43503331356677 8.2942728046074 5.38806238140619 33.2476591306193 29.7741057176971 35.1900756497981 54.61401506627 41.4993229502471 39.5852188231688 32.2363310647973 55.9499212375695
-9999 -9999 -9999 -9999 -9999 21.4834790019524 8.46347588305947 20.1651449438216 18.8321790916587 24.9395028527166 24.0808637206628 24.3256416267004 13.4635742107894 21.9516856094451 79.7333163627487 78.9294584464522 12.0942964564609 12.2357644524563 17.3793928236881 22.9010648000277 9.13084606468004 12.6163863120661 50.045532414366 67.5226155412249 53.5882206777764 30.4536952275466 19.7655266906708 16.1366469046025 10.0163690777469 12.1226442665055 15.1912239035853 16.4674472182833 18.0590057676527 6.63381428748174 9.14241828247739 22.5674143384315 21.5015248370716 4.46747454363775 45.4021753542102 38.9338243407566 40.6800328659038 24.9819642750985 34.7457938766051 56.6816023276286 61.6038620653353 59.215089713568
-9999 -9999 -9999 -9999 -9999 21.7098055389136 24.5561828448599 17.2723896735657 16.5150502451866 22.9365036191001 26.5909241524632 24.101359931852 20.9076366921082 8.50706534357368 59.6335832103179 44.8763923523074 2.33110535185528 1.16806419620104 3.94690447333765 8.09971982158798 2.80386957908073 7.47222928175875 23.9169218498394 47.1885054513552 21.4864378876017 23.6863490305449 23.6100676417209 36.3923460977005 17.0068136843649 6.73579461824757 9.95636577689273 15.7677503119626 3.19923471771074 3.96849886704143 15.4559439192818 15.3565537561051 19.8836674097693 70.5766016083695 14.4594135904261 35.4036932136173 55.2788019139619 25.520574766732 49.1676219979184 55.9776230474093 27.953793063096 44.5742537968828
-9999 -9999 -9999 -9999 -9999 21.4085456717369 28.8741743478715 21.284285642108 25.9481529981562 22.4951439353818 29.7614135679318 24.2929807292551 19.2671515923253 12.1454389170436 10.612790878168 36.2420041901202 2.38939839203653 2.12017680532238 5.05637578680664 9.71169190913433 11.4498184309641 7.16813498588771 18.5423889123742 25.0144658085754 25.6498346147924 23.9170126418025 30.9918236687681 62.5173917715897 42.2694180183851 5.76203471137778 6.47087087589538 8.31439556304406 14.4742882561018 13.7598233915981 20.2729958641339 23.0910135333686 17.0881311752562 8.83822000705842 9.9157745434958 21.0907085161309 24.6804285856631 49.8478708788313 14.0142924358478 15.5217301858177 24.9217770154624 35.8728914841168
-9999 -9999 -9999 -9999 -9999 19.088693484382 29.8080249413413 19.9427116401512 23.4485477154145 32.5838660423019 10.1637788332984 7.50214682283268 13.2507950780646 4.03315367021763 5.93675630794263 2.70898033426785 2.46395953571268 4.10331822737389 16.540893853423 20.6420382268133 16.0918210538303 21.5173412686563 18.5844039323219 14.706556400834 15.882309901944 17.385127832259 30.8565104424088 61.4116934511596 51.8075289936401 15.3796509832801 4.28640879261174 9.97847683384014 34.3220355002483 37.8005285469762 38.7898012154685 11.8600499787392 7.41017851626688 6.04911091569693 25.2751244933641 13.5441894994157 8.29972523521756 8.25870598181048 13.6694587190191 57.2935074697173 49.1071585959472 10.3688138981242
-9999 -9999 -9999 -9999 -9999 13.3106880323077 18.954715154019 13.3864146346789 20.1832532701165 24.0266373339217 11.930124706911 14.5605413180561 18.3260910828178 13.5500791145176 4.24186703533583 2.89718617805869 5.36711566410346 4.06867717969574 16.8073457327329 18.4239455799184 12.5035514851129 16.3649203039874 11.949556759426 52.3981498324912 24.3182883119786 13.6037610610322 29.9689338874165 45.8789859126228 40.3479004439298 20.8250848185786 14.768338718857 8.51587382408805 31.3582049099461 31.5691999705168 32.4803820316887 27.1194286964503 33.760366072584 25.4649186017248 43.830194905691 18.4452540397585 22.1282862650025 25.1295942938025 32.0413508571433 36.7730447284196 75.3363997647996 66.2715157786831
-9999 -9999 -9999 -9999 -9999 10.9666486317155 12.2330372503429 6.73218481169012 13.0551044220199 11.026589286818 8.15585047420207 14.5297033075219 12.6268302024236 17.4058654651358 7.30972192690947 1 3.72687587384873 3.94638622804337 3.44344001069914 5.3165437404938 16.7660365712937 18.1245124095994 24.3944520193719 59.1543633554173 59.2998150998246 18.2827041573168 14.7283178275728 8.37725206339375 31.0738383584351 19.8618210793335 18.1405402187571 4.8880137125548 28.4727887919292 20.3783903720082 17.5152068178442 21.7489661402686 24.2257774610611 38.3197975815511 36.0301340891009 27.8778398429537 21.7916367129075 64.546231090704 79.1186487143931 79.3448437457771 90.5335882782972 89.5165654322195
-9999 -9999 -9999 -9999 -9999 4.96267569254895 11.3822681672524 11.604620202246 8.0234920266011 2.34931826426742 9.01977971774804 19.3040637115915 17.8250685527617 13.4691453471941 16.6031985839144 2.79406086631044 2.20622584475655 2.63838551940299 5.22227779780576 6.14118209500786 14.9865033364963 20.9328900696817 20.9233615681349 30.4599040106014 55.9812600228449 65.0879252733751 58.1106551796521 8.56611900237796 28.9499697192513 23.1557363470435 35.7024063695152 7.71529038398894 8.93187387791998 34.8064999906357 16.9174912563597 9.03225221117332 8.72254373042535 13.6750405455442 46.2001938963767 56.8856021875974 62.0298140196749 36.1545580707318 81.0679174967304 79.0685022857725 79.8500980182251 101.160581291987
-9999 -9999 -9999 -9999 -9999 5.49031048720694 7.37303642897545 9.07599254692245 8.78637004490976 7.24480075642436 7.82492688844588 7.77647264667328 7.92790580471708 15.0176798555491 19.2455912989279 6.46393715946265 11.8662042243544 5.69012426825828 10.7750304010734 20.697416156256 12.0471451183529 10.0931773433979 14.3382885092792 21.343618459337 56.5985339164982 106.615396693701 104.280678536508 19.6746608031881 22.4883550905877 11.0473364672699 48.3036289133565 11.3357100898061 14.7903346842966 7.58736474875461 16.0168526772734 5.93311969219229 11.2981531121144 24.2295534297362 29.8040228068367 42.7975804137507 34.0012367485488 38.5745997767275 88.5689539565797 81.4663711291277 79.1231475310628 81.1476282541482
-9999 -9999 -9999 -9999 -9999 4.95563648957401 1.72527636477043 4.61984752463837 6.92300115236861 12.9480532578332 3.787694794241 5.88129349242338 7.29874323246564 20.3160094943919 21.2133094626758 4.22179484856149 16.2427296593027 8.33064559360115 12.0447910639013 86.0388094031391 31.7930632267266 6.86136044619467 20.3408729327173 24.1842122129546 86.0358089573668 82.6308131576426 102.950137883295 76.5787094535469 60.2858136741287 34.8720471762417 57.0750877696033 18.0018595284522 12.8730620710482 14.9790545530714 31.7226094163162 59.6560905850417 82.5333161719753 58.1183932012555 46.6437807188855 54.184831948945 47.4404695250142 34.0130518391314 87.9027850573731 85.3459169160724 79.0779854873272 79.273703246626
-9999 -9999 -9999 -9999 -9999 15.8075248294512 3.00480820646547 1.72391496676177 1.94795254748642 36.5188571824843 7.33160261813199 4.76296468092352 6.2861263032397 16.7486516105194 15.1942971781498 3.76940917829924 3.65116059137507 81.4941581352958 80.0445882120746 69.4566726709303 26.8277557957265 15.8124327543537 30.8602397886271 81.9277472852516 124.246642432624 94.7411266118298 105.835181519163 95.6721363264265 84.0053594691769 66.9155136316433 43.1454813942685 40.7237003556698 26.3282395872435 23.2176910091637 47.6586929650373 64.5605411131253 60.3580636183791 56.0034522411448 79.5468530849888 54.0603725657814 60.1497208806279 73.904028137686 80.588112593976 79.2922059198933 82.5882802818786 91.4175686172743
-9999 -9999 -9999 -9999 -9999 2.09985474881841 4.62575939243565 4.61013734480761 13.0998672638868 14.961244234969 38.7826589614302 5.76400201863958 4.84147515388236 3.84881325995509 7.52747027189773 8.65009083375042 4.37776305045624 19.8154135149869 87.9887864289003 88.9947867741644 80.5765971126 83.9471984712735 95.2977655847738 122.046388784411 114.760314235884 98.1693626330455 100.517728914344 87.7597311899737 84.2097630279236 79.3731829560229 34.5908853057064 57.742797979356 28.7637497560463 33.9100403373069 98.8947985203667 65.5524658648293 58.9504041410392 55.6719153973008 72.5385748532501 56.037148159435 58.1272674198877 59.3349242838965 108.01265478785 79.7320402870924 80.1556385269811 81.5031661895746
-9999 -9999 -9999 -9999 -9999 70.8158825261837 45.5592313395703 62.3152911668263 84.7033787051098 59.8134910119968 78.8456853569293 11.9545610553089 7.18694742844195 7.97018292379756 10.7341417937929 13.0896456858957 14.7738872471399 12.8223680127142 54.1857485995778 94.7410443717696 96.3150206862345 86.6548480620773 100.352517898975 93.2806429664191 88.8260670796639 97.4159005594275 90.4684611484307 92.8469702966521 89.0711800283373 82.8658150771087 60.2196157875378 57.6275018728683 42.3226783925843 36.7335995546336 54.7097927589397 54.553576205545 60.0524650944994 57.9738043503543 75.3613809160748 86.6081197954087 57.6791156803609 58.6159753757553 56.1448296228221 99.8822092464133 80.0432564998805 82.8429437215822
-9999 -9999 -9999 -9999 -9999 80.1837933531503 86.4369865866803 80.4019975119486 82.3539062786533 79.7949049747199 79.1985313621199 22.8251781842626 12.903589007982 22.0918438349366 9.29156780808176 53.7898555637998 21.5108076813994 16.4875812065591 8.00360842884947 50.437272400583 85.7840348005651 79.4952270070411 79.6432567813286 81.5735640885723 87.0476246788942 87.6486297572605 87.9929555444323 91.184124552745 92.1965860856 83.3545087444636 79.4107300684002 37.4598916161129 31.4758454003887 40.7955680358501 38.8595157317863 53.0245700545619 57.8015079703347 49.7623919586268 59.3756938455428 63.3234936492064 80.2172482428674 90.0231183264558 66.9019178927929 79.3367604558815 85.062529123301 82.6722560134502
-9999 -9999 -9999 -9999 -9999 78.9887115192933 79.8059215518013 80.0730621008926 79.8302984616532 80.0194285448177 84.9064824598224 53.8983605397912 19.5209033492178 18.4564408877982 10.7301890898706 73.5151623882626 12.2425472491724 19.7977755535089 17.7288159635347 15.7143435129912 48.4590269604972 87.1911655098566 89.7392001055122 87.4869306725604 81.8637662455783 84.7012743641229 84.3043643010316 81.5621748463681 92.8955559214934 82.4049176519725 84.9513516060189 41.1454021711837 38.0864033744969 57.0890359144741 57.0474966535538 53.7070801204272 61.7387047821763 57.2468890347289 95.7399684436214 58.9223479346831 97.6001183120498 101.787507640211 85.8427079481988 91.9439548923431 97.9281066009187 81.7059186200879
-9999 -9999 -9999 -9999 -9999 51.2652236049952 36.2937523657691 64.4097031626998 90.4282742545057 79.8295800370083 81.5735953286808 83.2654858570421 68.4288646416169 6.92657752954821 5.75149715310964 29.7522912013504 26.2470161417092 12.024158786858 74.0216616972749 69.8650783114734 25.1289220590262 72.4427938054532 96.3697312663191 97.8557116994817 81.5091169050171 81.076376474602 81.8350882881092 86.8757235286212 80.8004097352363 81.7970473255661 85.67376559615 48.3386917612116 34.4543442625341 56.2321090856041 58.2697490130305 59.1227227790251 56.7122259940203 61.0868470963782 93.313664570331 85.0383318373241 72.9723147938792 107.1783405176 91.0681517693908 83.8919957088128 119.109017402581 95.3533482679009
-9999 -9999 -9999 -9999 -9999 16.2569993219178 7.97574811918019 9.52919980973071 38.300477430832 82.3124258952029 63.893967962012 33.8342552074692 81.2591639502264 7.40684472015069 4.14473059574616 5.02446793045316 26.236732479079 30.6501173020454 83.1296942491985 90.0011916343663 86.4935721449319 73.8548501007243 80.323975721221 85.2965933474044 79.9162171767978 79.4278891975106 79.9881347397577 80.6208926861197 81.0666989387944 82.0792509626929 82.2736473849721 85.9792332473284 88.126135085121 56.3785581750684 59.4840408491352 53.2895306242288 44.2831552740619 61.9962426939487 101.070820592871 134.208798572287 78.1374879536211 97.408709742916 90.8876505832153 91.8931727214961 101.075820771166 111.749934956222
-9999 -9999 -9999 -9999 -9999 -9999 86.4711664333601 73.8046628398796 33.2127912740742 48.2093151945908 12.1973022172889 9.31770526813854 42.3596978584025 26.0992333636966 16.5597173236086 8.71464227908868 8.97102478756208 20.7552308566213 79.5440518222653 90.2725642625849 94.9607241834693 91.4735052593403 81.5040421129065 79.4616185744951 84.1667761871503 80.4696008771832 79.3486016754962 79.17140618099 80.644385583558 85.7750164054317 87.4273284550579 81.9383907963129 85.5852201000405 85.5311451468778 51.931131202736 59.9089856649588 55.568133070518 66.3835549895972 125.91910661266 125.505391727234 114.066984941783 82.2205022415716 51.9976518554207 77.2093076651154 86.9123371545164 99.3005918055904
-9999 -9999 -9999 -9999 -9999 -9999 -9999 79.2127553482836 17.1136049340907 9.96091403169059 51.7978118371919 79.3830949653154 79.2980679480762 77.0774113022025 32.3104039605103 12.2869585115556 16.1365262450017 27.5591922775206 82.9642785061779 81.5745205619751 95.5361991049066 97.5198617460628 92.9341286758646 86.7455590938765 80.3048382029686 79.53590119288 83.2694352706004 88.7847887145678 80.001789967355 83.4119022580755 83.5877092080913 88.0786828086988 103.381197609828 94.9462115569462 66.0464771910637 51.1065113614049 61.9607611794526 88.2970295171741 95.6474074532926 118.801359930292 107.334866884483 103.123147646364 87.0121185177731 68.6916914357955 68.8693570133242 108.506814999934
-9999 -9999 -9999 -9999 -9999 -9999 -9999 -9999 5.72242272245648 17.7388501917143 80.3050842875379 79.4720367280576 79.1767699986431 80.2817602406389 85.5791520852235 47.8182031641243 48.2029373459098 5.01234176434017 69.225359951797 80.3040758883394 89.2963047633492 85.799260656167 88.6761072502789 89.1783126581735 83.6148761730339 79.7723346827631 85.9636230746134 89.9619119685255 84.5202224295466 79.7194105528594 84.0280868550387 99.7653731313819 90.5704633562633 115.503247715166 101.472293305765 59.1608524717796 70.9145092962405 76.0372912572541 89.7079836857974 88.3522872993499 109.886792266311 98.5977742477946 110.037840266012 101.055087246763 96.5385936234491 102.147323390914
-9999 -9999 -9999 -9999 -9999 -9999 -9999 -9999 -9999 81.3377586236837 84.3173226064878 78.325381087478 79.0033002019 79.1257164741357 81.2280856602423 80.1419390225168 61.958432860511 2.18427550440584 1.38451175029365 10.4334199729589 75.4558425907961 80.9760840274136 84.7145481390018 84.2952828388126 82.2840763713333 80.5915179791977 79.603208591293 81.0778297741144 81.3621422657302 80.3674987566526 84.3871826382269 93.0867137228368 88.6624167519229 102.130760140828 117.690380492232 117.956811976483 95.3445825073727 84.700704413135 98.7918354249281 84.9655777676347 91.8666477220737 102.550128437833 94.0373844265046 110.459412182349 110.505016677629 116.329601000287
