0,42.5275320463509,43.0557176671138,45.2791294337291,53.4180058845416,54.9576472624684,61.0603920388359,54.3574853055546,86.7196087973141,86.6372909974887,107.754886330402,84.9794995566118,84.4541261541225,90.7446993183257,96.4640772562987,93.8747320271577,70.0180562172771,74.8867283872788,74.7563650500233,68.6582535292448,51.4569745881288,55.257293060934,53.5480514331367,106.69772345523,124.098000752554,150.697387311843,98.3518113507141,97.2759733955924,80.0566903113968,91.7570559684047,90.1372906610994,96.2094543234057,107.366217444653,59.9654982950781,88.218910478653,92.2971828214036,80.5564970225179,105.628045663778,104.78844173882,107.423704299796,116.148554429978,117.710430834675,116.836752340648,117.925216817225,112.716179277818,116.754058275053,116.921721508208,116.544702005349,112.961597322266,110.845315348684,115.374424586679,54.5794261642886,53.553112487958,55.0299549608967,58.1206767528939,57.1923437604073,55.9381321782164,53.0883561539901,53.3067596394683,52.9123249895872,51.505071854288,52.1617215968952,51.9603676540268,126.815908934915,75.1498741949716,72.8436568787224,111.920713507767,112.045504606839,115.591257077839,115.859172113103,112.098358522596,116.900154224092,108.660122938434,114.081663204021,113.774870793863,78.4366783713567,75.8467431135912,95.9295066812881,52.259776354762,63.2888023510128,81.6826124440993
42.5275320463509,0,47.1757005255379,41.5255629046303,44.9764607745068,56.1225595453873,61.1914866835752,51.6030026991243,86.0947383726924,86.0174912767498,108.243397287354,84.3885718588769,83.8517008419533,90.1369997373404,97.1379244776472,94.4750936737536,70.1380849719047,75.0195516765628,74.8617592681146,68.8069673089375,52.2217288777981,56.101358447535,54.3907932785291,106.905051392336,124.688042976543,151.272968923462,98.3421346756446,97.3352200822535,80.8097856237585,91.1147554533381,89.4792622710509,95.5986530760423,107.945408816297,60.8647260117203,88.7994641440323,92.8829457028833,79.9864529769928,106.145232210137,105.307818708991,107.939255884221,116.650177441341,118.210984904712,117.335047293492,118.42269877868,113.21324189542,117.256714828934,117.420175696225,117.045321747731,113.460246357512,111.344469398474,115.87920538349,54.9371321124967,53.9197965199518,55.4219436761992,58.4082671871525,57.7280736238747,56.4582832323815,53.5794709438959,54.3396874236721,53.8273109657379,52.553471853652,53.2128701078029,53.1846397129067,126.781624095944,74.5717901395006,72.6838426220597,112.44983088681,112.576988303641,116.121568104557,116.387974369412,112.584858359846,117.387258235099,109.15291079689,114.575417595262,114.255262004236,78.7058878426398,76.1207395471566,96.4162266044236,52.8459772276993,64.6315418716477,80.9930678651515
43.0557176671138,47.1757005255379,0,54.8132106775156,57.9381415528866,43.7948267342371,55.3316260526344,46.2491461633272,88.306659239871,88.1980458326259,108.711358665596,86.7287814202381,86.1956592904208,92.4209908057703,97.4667674825303,94.7892662117507,72.6745950740529,77.5154413625757,77.3860778081505,71.3068423307857,53.9675939081725,57.5309110871406,55.91646245677,107.318478781486,125.218700825669,151.788301610771,98.9660020667954,97.8678280671719,81.3155763393629,92.7870024561756,91.144831972816,97.4447417858144,108.429652958528,61.9289711297613,89.0894329175147,93.1462436411573,82.3748229694896,106.610718325064,105.774265173975,108.406884767985,117.110427594053,118.672390564117,117.794851108504,118.883709705016,113.680797734738,117.724800607672,117.888660628301,117.513014971565,113.929114156993,111.812373300599,116.34775076456,57.2536736391394,56.2362531123268,57.6837045774928,60.8201766089112,59.7233440938412,58.5079152344961,55.6952962071909,52.5265921802073,55.4109988106622,53.9026627000934,54.7284493238586,54.4119520114963,129.311549295543,74.2621392474161,73.2726411508182,112.9289629854,113.057323076494,116.601147731648,116.866584894899,113.050145853455,117.851814474713,109.619873762665,115.042121968428,114.71941019232,78.7403974613031,76.2133174326859,96.7249364132663,52.2845438682417,64.6617678739801,83.26652547404
45.2791294337291,41.5255629046303,54.8132106775156,0,39.3166640030212,60.1156146975694,63.2694253909204,56.8036464765799,82.7743636482543,82.7278302214626,105.53867377689,80.8682901348896,80.3421693010734,86.7065752483691,94.3709045867712,91.8020507042649,65.5388399965176,70.4570711435679,70.295131731446,64.2209045249588,47.8887399891089,52.0361649734721,50.228338931289,104.56862272223,121.806550213525,148.423164365014,96.0420602383812,95.0481624189806,77.7785528624718,88.4665819354693,86.8621165495813,92.6968870363759,105.123345493445,57.1293399425351,86.1720678268609,90.2765096148546,76.3810259197951,103.411071859963,102.570247142812,105.204745549263,113.938640460137,115.499470655013,114.627666546367,115.715004034228,110.499399663057,114.536104314591,114.703842783086,114.32737764654,110.743308729305,108.627944900492,113.155763090804,50.3405621202365,49.3138941506728,50.8536049757044,53.7731374275259,53.317752137677,52.0033301967618,49.0788625073795,53.0536490957955,49.5565696909511,48.4328861523398,48.9256912298428,49.08178022388,122.371180631789,73.9003237525919,70.6065375195688,109.688544310362,109.811845699318,113.358498065128,113.6275683381,109.885076659167,114.68754173724,106.444430832464,111.866122296167,111.563434657625,76.6688592413379,74.0228588473197,93.8728157093336,51.0072037404664,61.579526122653,77.6893671413476
53.4180058845416,44.9764607745068,57.9381415528866,39.3166640030212,0,61.5422582577395,64.0067078611798,56.9614461344567,82.3341899602083,82.2942279951322,106.042467366887,80.4498870713785,79.9130161199548,86.2766195905801,95.0121262078282,92.3865855959947,65.7974244700464,70.7264225637641,70.5383488389881,64.5064525425668,48.7116210227096,52.8894391724763,51.0917460302395,104.855217768661,122.393978473666,148.998367605425,96.1632987434641,95.2231427055401,78.4903137835539,88.0601279145551,86.4458280621747,92.2949703672408,105.699788046802,57.9927484509929,86.7405654622245,90.8479144848953,75.9788765399978,103.937554977377,103.098511377851,105.730023759176,114.452548457168,116.012576127422,115.138914759856,116.225654372289,111.009979281135,115.051154023447,115.215568056225,114.840791320068,111.255205250008,109.140202127892,113.672521356219,50.8244717692941,49.8076899538591,51.3665800730189,54.194461039706,53.9462255431256,52.6229647620821,49.6773359819648,53.8949902727207,50.4933232221928,49.449800115559,49.9755205264436,50.2285523033913,122.476519423296,73.8650311412679,70.6308272511929,110.225124822114,110.350362138448,113.896047645476,114.163874129034,110.387167122423,115.190084622391,106.951586790519,112.374036275519,112.060628333333,77.0114157384788,74.3665921010757,94.3703417175646,51.5775336247446,62.6730566301936,77.1895783704654
54.9576472624684,56.1225595453873,43.7948267342371,60.1156146975694,61.5422582577395,0,43.5836567211279,42.1453088211714,88.4256922822806,88.2921298872143,108.208817262658,86.9941837380821,86.4551192434522,92.6206549683929,97.0186620782468,94.2503292887905,73.7363045614033,78.5534736482631,78.4247996993532,72.3619547750563,54.9295716815007,58.2928036141096,56.7637498532231,106.476829891461,124.877479109142,151.417953040448,98.1205871112341,96.9979560143436,81.1192961029178,92.3879807952068,90.7265322824512,97.2352128530109,108.03314273586,62.4158805685001,88.5061525255586,92.5422126152795,82.7019788498284,106.134245476814,105.300900509162,107.930863979736,116.613396149102,118.175421945306,117.294076495238,118.383303344199,113.186346850166,117.236417024436,117.396493118083,117.022228422952,113.437511574831,111.320336362259,115.861921824634,58.3328533610483,57.323077733053,58.7460754247874,61.9197223667345,60.6833342871064,59.501396793776,56.7200257242136,50.1634939574267,56.3849988493106,54.8128092560515,55.7830842471446,55.4038384465915,130.234199076371,71.7085066454719,72.2417811916528,112.477538873468,112.609410922218,116.151341629879,116.414344319133,112.543001653109,117.344556465336,109.12060371293,114.543559710756,114.205086774405,77.5611943611241,75.1022740790771,96.0632362395558,50.7996408941254,64.7176264508662,83.3907945347782
61.0603920388359,61.1914866835752,55.3316260526344,63.2694253909204,64.0067078611798,43.5836567211279,0,45.7976920758007,87.8990238905898,87.7419510461665,107.038432682865,86.5961882634905,86.0532399638717,92.1649900119309,95.9062292076991,93.0467667050464,74.0066896150335,78.803568913443,78.676130797616,72.6261034650089,55.1154477256669,58.3090957271044,56.8554874155546,104.972709410913,123.861493206414,150.374125135643,96.6224580981395,95.4708289556538,80.249675948605,91.3886381308157,89.7120490869353,96.4057175002057,106.96462219581,62.191240711907,87.2586975423134,91.2747975487407,82.3576323279443,104.9888303149,104.158468248807,106.785884222592,115.448236577399,117.010329533424,116.125322228628,117.214910480141,112.023705324182,116.07958954765,116.236042612784,115.863097532717,112.277603531805,110.160008542847,114.70754308555,58.6129870360929,57.6094833844308,59.0114929896465,62.2182133075108,60.8595872834081,59.7068175049683,56.952437314237,47.1505205740046,56.5923713946426,54.9784135981397,56.0688558290742,55.6554968713202,130.390326155054,68.2485943732079,70.5629683747873,111.356123428363,111.491359145262,115.031476324754,115.292147802732,111.368185002101,116.169623679399,107.953343198831,113.37697549029,113.023377438178,75.6935324292273,73.3090856005322,94.7365808673584,48.5893242739308,64.1982682225185,82.8792176201507
54.3574853055546,51.6030026991243,46.2491461633272,56.8036464765799,56.9614461344567,42.1453088211714,45.7976920758007,0,85.711007105944,85.5824970675203,106.835450791516,84.3207968871012,83.7692409121693,89.9275018744631,95.8656443766571,93.0272583882428,71.7522216171969,76.581129101739,76.4270169933161,70.4044066998702,53.5476065582046,57.0341067235188,55.4798344278213,104.822476353,123.593061356635,150.122339598876,96.1887618554801,95.1581369707043,80.0021257024107,89.625429887897,87.9410853182392,94.5268153512122,106.748323008792,61.2834288954586,87.269039229152,91.3169747200402,80.0520199876279,104.790675528509,103.959339510031,106.585130173897,115.255181825143,116.815849649873,115.932573769862,117.020691575863,111.821788699994,115.877436461134,116.033137540829,115.661263325136,112.074265754435,109.957828753546,114.504999316507,56.5702807993573,55.5676094435848,57.0176048741286,60.0900514508486,59.1058970484575,57.9023134314033,55.088101331107,50.3419301059607,55.1224883705603,53.679395933866,54.6013816145653,54.3812070420313,128.104848870725,68.8117805820729,70.121201205268,111.14296011887,111.276964602754,114.817875398412,115.079565303382,111.168204930892,115.970544926243,107.751826820694,113.175827761693,112.824327468917,76.0561670370929,73.5893406557284,94.7257244446168,49.8244409557274,64.164605587451,80.6010262749434
86.7196087973141,86.0947383726924,88.306659239871,82.7743636482543,82.3341899602083,88.4256922822806,87.8990238905898,85.711007105944,0,37.4508223114816,118.297852497621,58.5981696470996,56.8517995428022,57.1829899489854,109.577642000587,106.089636979015,78.5005954690713,83.0335380071418,82.5261311878504,77.4076220106137,67.4971898719467,71.4014405194684,69.83649736045,113.929109225212,136.15282435294,162.538204537897,102.224844898558,102.452908603957,94.2069416053153,82.3555505177802,81.5288226020026,79.0233664608395,119.258341867274,76.0895781915765,100.215333966234,104.383758031776,58.1693929565598,116.607531468859,115.800254723778,118.377021073536,126.898252578133,128.442817826628,127.536828959124,128.611724603504,123.389562410655,127.511851637656,127.61543263764,127.271928134351,123.657957391611,121.550133665749,126.164071578331,67.0082229504687,66.1879497374166,67.785163364253,69.7778003351102,71.2102873108679,69.9075021514452,66.8634033800455,72.0585669870693,69.8764321476127,69.026677381041,69.9837879435208,70.4120736243389,129.838321914401,89.6272409901479,77.6571027011554,123.073012598716,123.233035220946,126.761391059386,127.006928501694,122.613895870688,127.425744349904,119.269180244881,124.705641498753,124.19949115458,88.6553162631319,85.7245609360987,106.739826955308,66.715318385335,81.536613977156,58.4129245375802
86.6372909974887,86.0174912767498,88.1980458326259,82.7278302214626,82.2942279951322,88.2921298872143,87.7419510461665,85.5824970675203,37.4508223114816,0,117.98270790243,59.0905829017942,57.9247900764239,58.2068155792743,109.337534821596,105.819656581769,78.5832249366032,83.1151642040111,82.6148892673062,77.4836485357118,67.4532374932934,71.334860619529,69.7777723199087,113.507428075248,135.894193032596,162.271082073159,101.708874935635,101.975238480738,94.0140999216877,81.7427933967397,80.9661642255197,77.8938159237719,118.990506365191,75.9934272054777,99.9367546429917,104.106301011194,58.3894817115168,116.307194712059,115.501093378423,118.075939279549,126.589684520291,128.133734352662,127.226531751415,128.30104298584,123.078870672043,127.204094396824,127.305503177959,126.96309431048,123.348145582475,121.240545239558,125.857439911554,67.0311609394304,66.2086488425208,67.8008731204451,69.8156440138535,71.1936441498571,69.895884591115,66.8586206656358,71.8603613547812,69.8228569302907,68.9613709495353,69.9271069322423,70.3434070910782,129.969651608271,89.3878010993797,77.2129068095876,122.779590575768,122.940909836684,126.468613464499,126.713312189937,122.297633295175,127.109779116061,118.956239357072,124.393195355915,123.880037165284,88.3206149069936,85.3803893679635,106.42432926407,66.4667205105373,81.4040604891111,59.3356875043351
107.754886330402,108.243397287354,108.711358665596,105.53867377689,106.042467366887,108.208817262658,107.038432682865,106.835450791516,118.297852497621,117.98270790243,0,117.38825695669,116.902716199902,122.778405450266,99.0571326272314,90.24090721134,105.502796024162,110.154051711105,110.123967657048,103.99632566307,85.169376798466,86.9023494592654,86.3018433935483,114.791320515866,98.6699732018551,120.273526180468,113.410598702524,111.000183503183,90.1261251911593,120.713182638676,119.28445883616,125.373916786048,84.5140515291126,88.721932260008,85.3551232195266,91.7728761639525,113.29802081182,56.802530839213,56.430499965017,55.0206614335237,65.7761206747095,65.1787553233796,65.8857561875489,64.7997830238401,44.7833275687395,52.5574662955188,46.9992227824102,51.438464733066,41.8598506270106,43.7790846610282,52.2098775641092,89.3745790463285,88.4040282867805,89.54497717499,93.3315493687398,90.0782890537555,89.3499903380676,86.9587496222851,87.2546758800737,87.4401040947875,86.0501783646557,87.8608150581472,87.7675367112006,161.834551366756,109.492880674618,96.5335617442384,61.3296028274548,62.7819411942771,65.7779508735317,65.3493198275956,45.9756934834049,52.955144841485,39.3093999299457,46.3865710856838,51.1352144481569,99.6853251753169,95.1081632972762,91.220538256999,79.7691752810115,95.3446192794454,113.918754360308
84.9794995566118,84.3885718588769,86.7287814202381,80.8682901348896,80.4498870713785,86.9941837380821,86.5961882634905,84.3207968871012,58.5981696470996,59.0905829017942,117.38825695669,0,35.3479912611683,52.4226104862561,108.36586192406,105.017710477037,74.8995526520617,79.3352845938701,78.7711012554332,73.8370329839157,65.21771994764,69.2560037113389,67.6512013812453,113.555313590382,134.984159000984,161.409858294811,102.245293452836,102.329604441908,92.749155519787,83.9821380675967,83.0336770334463,82.081901891076,118.140022970619,74.1209776729217,99.1888217186549,103.358298160024,41.9637365695974,115.63473870665,114.822136689332,117.406893546407,125.962423077962,127.5088980736,126.60859664288,127.684818653045,122.46089989747,126.570399683168,126.683237578661,126.335220831369,122.725154230601,120.616623154673,125.217646870557,64.1176826988813,63.3312636719577,64.9578602872622,66.7487673386676,68.6565362879943,67.3224691649466,64.2271024427923,70.8504345967087,67.6879405279877,66.9221578642356,67.8411685394023,68.3526197865243,125.04754593728,88.8534679614694,77.6363315370434,122.066958688101,122.221090282608,125.752445910525,126.00184074949,121.709873686681,126.520648777187,118.350370997999,123.784770530627,123.309571465327,88.0561025491408,85.1424825387139,105.879983353662,65.7383172296559,79.8559104153359,61.1853059693229
84.4541261541225,83.8517008419533,86.1956592904208,80.3421693010734,79.9130161199548,86.4551192434522,86.0532399638717,83.7692409121693,56.8517995428022,57.9247900764239,116.902716199902,35.3479912611683,0,49.7360664035271,107.876386246972,104.526178646504,74.6257591063171,79.0883904824523,78.5289759657369,73.5644851665608,64.769579093196,68.8011456509494,67.1971892984583,113.055797074176,134.501697802305,160.926671759139,101.748201112676,101.828614780104,92.2676958441619,83.2877392404463,82.3231908803748,81.5030228715971,117.655517836485,73.6568325273468,98.6957345695364,102.864106274989,45.8179595417583,115.149125654145,114.33657554372,116.921380457071,125.476508769988,127.023040348642,126.122650426374,127.198932855651,121.975349483053,126.084884594585,126.197735613094,125.84968296464,122.239671495671,120.131093385729,124.732157883698,63.7401198369866,62.948017036237,64.573314911226,66.3874770930218,68.2428318823685,66.9106307765534,63.8198559107077,70.3252987698301,67.2292790791081,66.4568734897572,67.3754364878199,67.8807842038178,125.019884782042,88.2822084687188,77.0919677312789,121.58201442683,121.736206640449,125.267524901043,125.516871731146,121.224189110878,126.034926395134,117.864784037664,123.299171898892,122.823812870693,87.529474559128,84.6201644520513,105.385516529126,65.2119455054251,79.3657257946135,59.3743862932739
90.7446993183257,90.1369997373404,92.4209908057703,86.7065752483691,86.2766195905801,92.6206549683929,92.1649900119309,89.9275018744631,57.1829899489854,58.2068155792743,122.778405450266,52.4226104862561,49.7360664035271,0,113.895570926641,110.483098407615,81.5515969725482,86.0376067898284,85.4999676507514,80.47587260102,71.2373847295368,75.2142805887469,73.6275158575934,118.699977679572,140.493799060771,166.900914739739,107.208747145158,107.359491977457,98.3919665396876,88.2760250540596,87.3791940014639,85.8146612699382,123.626508452047,79.9980953805455,104.633373763308,108.802421168683,56.0248979548695,121.05408422991,120.243938616963,122.825001733363,131.364715767724,132.910304754422,132.007382534342,133.082987671798,127.859857005515,131.975262299639,132.083823277496,131.737893249252,128.126019573586,126.017818342291,130.624804849532,70.4268130479554,69.6238702194329,71.2370883203259,73.123631820773,74.8066246880034,73.4869784357077,70.4155971979267,76.3783781424268,73.6647290251631,72.8600921693235,73.7960000559363,74.2691176144316,132.292305998918,94.1847273125871,82.6256700787382,127.501627533182,127.658476699581,131.188448872249,131.436064744667,127.097457994451,131.908731675703,123.744779010928,129.180131727763,128.690647085326,93.3071028240755,90.3852467041414,111.247849139399,71.161752182269,85.5997224921157,64.713440872033
96.4640772562987,97.1379244776472,97.4667674825303,94.3709045867712,95.0121262078282,97.0186620782468,95.9062292076991,95.8656443766571,109.577642000587,109.337534821596,99.0571326272314,108.36586192406,107.876386246972,113.895570926641,0,71.663558205429,94.3828117010925,99.039303613382,99.0473669728657,92.8421969346119,73.1524645270293,74.6189411565309,74.1200189816801,112.795131417866,114.450768448507,140.84280728391,109.664682009833,107.421597045397,70.2868397870712,112.730287220947,111.223793783,117.428015752891,95.398933453525,75.9717379259366,72.1768487527886,77.5459720213821,104.144066259605,95.7126832220063,94.8208765309548,97.662407774464,106.694790325256,108.336533466441,107.507770808397,108.665552862569,103.680903959001,107.521897609044,107.867258802305,107.376809504322,103.914311378405,101.742094990527,106.07751673957,77.8895549194137,76.9048459401483,78.013507870412,81.9408614573208,78.3420280890085,77.6370555108092,75.2898871327509,75.673931255466,75.3611156034082,73.8759138097625,75.8103299724839,75.6385520151131,151.08348539563,99.1911364705921,89.0321049157876,102.138687967662,102.225915530016,105.782423541582,106.064465944565,103.398998984819,108.157295301604,99.7687159609712,105.144323106806,105.287068321363,91.1353176730164,87.1149410551266,88.8314467550818,68.5630429671124,82.5678341715569,105.008305429868
93.8747320271577,94.4750936737536,94.7892662117507,91.8020507042649,92.3865855959947,94.2503292887905,93.0467667050464,93.0272583882428,106.089636979015,105.819656581769,90.24090721134,105.017710477037,104.526178646504,110.483098407615,71.663558205429,0,92.0804089827863,96.7416833086154,96.7252963682839,90.5636147537431,71.3087571795656,72.9659533726233,72.3653694556456,105.919773404545,108.471106906021,134.270828990123,104.012328995666,101.537251064197,74.3425727982225,108.849215359901,107.360260532856,113.602447803357,88.2661630229473,74.6135120549594,49.6734083946388,59.0565505228701,100.857425633053,86.9660237803213,86.1263027110673,88.9918283111484,97.6487353132163,99.3316928082179,98.4269518132291,99.6290935259574,94.8995734606769,98.7936009264091,99.1299334539436,98.6213820340657,95.1928694219207,92.9863853629591,97.3795325597964,75.8103155136121,74.829792083064,75.9710061396865,79.7948494532313,76.4866325898887,75.7371184775362,73.3438339106881,72.8151500633534,73.4613559455984,71.9716235314753,73.8307859263989,73.6458638453197,148.594980412894,95.8617150678276,84.5552421287854,93.9904900236643,94.1372210236645,97.6585370921065,97.8952774789679,94.4708666911567,99.204724166738,90.9398229829236,96.3109581478861,96.2855872109753,86.4126768525225,82.0054762995999,76.9126589632126,65.246400964331,80.609368600939,101.574916248051
70.0180562172771,70.1380849719047,72.6745950740529,65.5388399965176,65.7974244700464,73.7363045614033,74.0066896150335,71.7522216171969,78.5005954690713,78.5832249366032,105.502796024162,74.8995526520617,74.6257591063171,81.5515969725482,94.3828117010925,92.0804089827863,0,34.7568489242471,27.404786935755,25.0125624641098,42.7622370307988,47.8600488579969,46.0427624794394,105.730281984707,121.112890843778,147.853383795477,97.1506442958099,96.2657676151755,76.788399363952,87.9972675836811,86.5598009870431,90.8666742298664,104.690230501526,54.2044367364233,86.6106198454388,90.8129933282816,69.5114682066951,103.282991592757,102.429912535788,105.072741096975,113.890184227238,115.449654704119,114.593169129111,115.678006474998,110.434411416086,114.448499241089,114.629599700282,114.248915612256,110.666616025267,108.553817916801,113.058391028069,32.2862196057037,32.2259277275128,34.1293647822161,32.3439473375889,41.8160741520758,40.1842676286632,36.4441822987604,57.988281152051,46.5076107995529,46.5940948704896,47.447499372327,48.739209272807,94.4605839601027,79.5364522201147,72.4942398933234,109.454599732936,109.563806998187,113.118184416268,113.397180609217,109.868477691232,114.672033569643,106.397577934935,111.816946167137,111.573954156556,78.9680080419638,76.1164244795194,94.5222387317732,54.1975983399603,63.031606782434,74.1001469642283
74.8867283872788,75.0195516765628,77.5154413625757,70.4570711435679,70.7264225637641,78.5534736482631,78.803568913443,76.581129101739,83.0335380071418,83.1151642040111,110.154051711105,79.3352845938701,79.0883904824523,86.0376067898284,99.039303613382,96.7416833086154,34.7568489242471,0,30.3378347456596,23.5960389382496,47.4124184458481,52.4872438260449,50.6925277234789,110.408592891533,125.747706566826,152.491373009453,101.827027251569,100.944800302209,81.4219800008119,92.6540885428777,91.222043428275,95.4799212966298,109.332108922666,58.8329635936324,91.275459215159,95.4803760106425,73.8817699214288,107.932140464876,107.078761960741,109.721763642526,118.54125737058,120.100679427171,119.244571905141,120.329333954335,115.084993542247,119.098546407976,119.279951955716,118.899181773245,115.316905242651,113.204181808522,117.708203559391,36.1430537028707,36.3386622333727,37.9877348205087,36.5811103465982,46.0173146902724,44.4089412575673,40.6466039648933,62.7350440334052,51.2252766065366,51.3232682088897,52.2083810131515,53.5021184584753,90.0093620669316,84.2883321941643,77.1890773363338,114.101055545095,114.209914090921,117.764484449934,118.043728483109,114.52021964384,119.323810769132,111.048591527847,116.467909389909,116.226342030314,83.6708517201552,80.8151504185314,99.190760433885,58.9184887932045,67.7597677686058,78.699832888575
74.7563650500233,74.8617592681146,77.3860778081505,70.295131731446,70.5383488389881,78.4247996993532,78.676130797616,76.4270169933161,82.5261311878504,82.6148892673062,110.123967657048,78.7711012554332,78.5289759657369,85.4999676507514,99.0473669728657,96.7252963682839,27.404786935755,30.3378347456596,0,24.9366075442162,47.6070809863313,52.6721196379424,50.8678579265654,110.277559529057,125.768787361739,152.503937330747,101.643174333688,100.778048581751,81.4860956138193,92.2961965445681,90.868220095226,95.0736522695653,109.339788655687,58.9841474165613,91.2492929183979,95.4517129259378,73.2905265847165,107.912808061423,107.060447457182,109.70217422972,118.514998475592,120.074198758165,119.216949636,120.301596163159,115.058186994992,119.074015020556,119.25384909183,118.873787518131,115.29094498976,113.178251847333,117.684581175894,37.0446793638845,37.0740889873187,38.8625776891446,37.3237514164562,46.5897332338371,44.9749207478553,41.2419884164156,62.6536683865503,51.3470323698548,51.4177210890989,52.2832276146491,53.5574543012637,93.3811076181142,84.1259872376161,76.9892702347938,114.08882625955,114.198825788382,117.752801211921,118.031280444089,114.488910372574,119.292618394666,111.020014397826,116.439666054306,116.192471121921,83.54534790012,80.6917225587576,99.137501304351,58.8292088067275,67.7772948539083,78.2027566980096
68.6582535292448,68.8069673089375,71.3068423307857,64.2209045249588,64.5064525425668,72.3619547750563,72.6261034650089,70.4044066998702,77.4076220106137,77.4836485357118,103.99632566307,73.8370329839157,73.5644851665608,80.47587260102,92.8421969346119,90.5636147537431,25.0125624641098,23.5960389382496,24.9366075442162,0,41.0443014918643,46.1467700393109,44.3434275332576,104.323818225728,119.555102616682,146.304240634242,95.7926507972829,94.8925683235707,75.1903368674817,86.7953678725582,85.355414968115,89.6992971665619,103.146532718179,52.5235511369468,85.1037429296297,89.3090361758631,68.4594549538396,101.766056305796,100.911962787264,103.556014116693,112.380125250773,113.939789793339,113.084452007207,114.169378557954,108.924743568399,112.936595790151,113.119225136967,112.737863844883,109.156094338581,107.04328585068,111.545589424541,29.6828837586941,29.8317366262494,31.5774763624413,29.8269692994658,39.6444868398052,38.0193904480722,34.2428721686674,56.5524576657643,44.8744943793271,44.9896033747923,45.8689846060578,47.1796532799588,89.9758340724225,78.1769510988938,71.1554432122597,107.930442655364,108.038509740543,111.593484302518,111.873248091523,108.363258277372,113.166714181975,104.889653477748,110.308700386339,110.071262226313,77.5623316916888,74.7078292834805,93.0413585177796,52.7627339230619,61.49918983348,73.012222126151
51.4569745881288,52.2217288777981,53.9675939081725,47.8887399891089,48.7116210227096,54.9295716815007,55.1154477256669,53.5476065582046,67.4971898719467,67.4532374932934,85.169376798466,65.21771994764,64.769579093196,71.2373847295368,73.1524645270293,71.3087571795656,42.7622370307988,47.4124184458481,47.6070809863313,41.0443014918643,0,18.7909966867321,14.4906626985782,87.0524860107167,100.033402935094,126.890327051846,79.5112857026284,78.2795033264974,54.7016674327467,73.8575739167871,72.3322188385683,77.7533271683584,83.7548267658182,28.4628374504163,65.9925619127218,70.2086214591165,60.5208900703212,82.7705200232003,81.9020335564156,84.5673762665049,93.4845324575256,95.0490939325208,94.2093198425181,95.2975570474915,90.0469918540387,94.0246024089533,94.2319037148373,93.838601898911,90.2670972622823,88.1525338963811,92.6202489811788,24.4661938826247,23.3481815910591,24.4076652205422,28.9843758454488,24.5450388963464,23.3334707231038,20.9037396419754,37.9489075993978,18.6262876143043,20.4014646611113,22.5056012036956,24.5009064125785,101.047142480641,61.3313407185348,55.1067535937129,88.8448272725895,88.9370652624607,92.5001040423381,92.7902393475472,89.5517512785094,94.3525040679031,86.0383122575973,91.4518982366253,91.2977392847355,60.0220955751412,57.1516660317055,74.4124017773377,34.3828745492989,40.3174669983757,62.7302641879751
55.257293060934,56.101358447535,57.5309110871406,52.0361649734721,52.8894391724763,58.2928036141096,58.3090957271044,57.0341067235188,71.4014405194684,71.334860619529,86.9023494592654,69.2560037113389,68.8011456509494,75.2142805887469,74.6189411565309,72.9659533726233,47.8600488579969,52.4872438260449,52.6721196379424,46.1467700393109,18.7909966867321,0,15.1488735359222,89.4626343456272,101.442050557246,128.352652705353,82.2081747470826,80.8939127895523,55.6908501911669,77.3466047330932,75.8161972903898,81.3666201973852,85.2446377986928,26.2367609883617,67.7248950070857,71.9633988336355,64.6189785555437,84.4357307840146,83.5607209420108,86.2340821923741,95.1941518726771,96.7599969342197,95.9276366283944,97.0164717480971,91.7593378888437,95.7225386838304,95.9397325029184,95.5420186728013,91.9739971968507,89.8593169807211,94.3124097616977,29.7028641442874,28.6354586072923,29.6012049955595,34.2283469800627,29.151886869403,28.2791267496968,26.0809562398444,40.5928400374685,23.6988892176108,23.7884195325843,26.8331818929555,28.0195431407724,105.926933474201,64.327712141937,57.9736444079506,90.4644917548951,90.5494737509043,94.1162969674671,94.4112984426476,91.2927598575864,96.0928641214283,87.7618881318296,93.173392061637,93.0550846269963,62.5341241532739,59.6276352287416,76.328683259892,36.8187619416261,42.3577380865174,66.6451272702394
53.5480514331367,54.3907932785291,55.91646245677,50.228338931289,51.0917460302395,56.7637498532231,56.8554874155546,55.4798344278213,69.83649736045,69.7777723199087,86.3018433935483,67.6512013812453,67.1971892984583,73.6275158575934,74.1200189816801,72.3653694556456,46.0427624794394,50.6925277234789,50.8678579265654,44.3434275332576,14.4906626985782,15.1488735359222,0,88.4696000008805,101.048065565584,127.922988205397,81.086391771378,79.8057011008566,55.4970213830204,75.9125715679191,74.3823784032388,79.8965935526401,84.7891044148478,27.6382880396109,67.078441216806,71.297798976576,62.9972876350896,83.8739971008855,83.0030328402956,85.672059841455,94.605268142649,96.1706634577041,95.3335909044948,96.4223852124603,91.1707465310027,95.14247595611,95.35401623719,94.9586618675829,91.3889234483758,89.2740561285193,93.735831166824,27.9451816052261,26.8563138265296,27.8908870038626,32.4191844250819,27.8292191524593,26.7953224783211,24.46278876554,39.3463203167336,20.3073489158908,21.1377879760024,24.2915433005101,25.8209862293366,104.159336512994,63.0021188015542,56.7555660605004,89.933012322584,90.0225509839972,93.5869609608664,93.8788602857395,90.6869012854877,95.4872012100998,87.1666033746868,92.5792529333666,92.4394417605473,61.4444696178234,58.5619194392604,75.5883972732733,35.7107578904911,41.1533126531737,65.0708506572477
106.69772345523,106.905051392336,107.318478781486,104.56862272223,104.855217768661,106.476829891461,104.972709410913,104.822476353,113.929109225212,113.507428075248,114.791320515866,113.555313590382,113.055797074176,118.699977679572,112.795131417866,105.919773404545,105.730281984707,110.408592891533,110.277559529057,104.323818225728,87.0524860107167,89.4626343456272,88.4696000008805,0,137.411387580504,163.039208746396,95.255658886199,88.3490760327209,102.014099162175,114.671296084861,113.278971504729,119.721972894984,119.572517780674,92.1587684699365,98.9597421624415,103.247922139692,109.700627620376,114.164644166309,113.458757462051,115.903655626863,123.747853117139,125.272151186711,124.24526037035,125.311694068503,120.200139079217,124.546490641839,124.495739996936,124.221516150713,120.552314795019,118.447087843271,123.288094413918,90.5115419761919,89.5517232293883,90.8412111382138,94.1871636835752,92.2156527302524,91.2571316075692,88.6543195879162,85.2992883020276,89.0136412972441,87.5441192438588,89.0966641282208,88.9078782462936,161.33850154072,105.55010519507,86.4917765151645,121.291221396639,121.55955167792,125.032123461863,125.205876113441,118.973318485365,123.79256584425,115.904944455496,121.373557081696,120.293887799984,90.1177849482742,83.9636630600853,100.336712540397,76.4755894691288,96.3357396696234,109.703911859691
124.098000752554,124.688042976543,125.218700825669,121.806550213525,122.393978473666,124.877479109142,123.861493206414,123.593061356635,136.15282435294,135.894193032596,98.6699732018551,134.984159000984,134.501697802305,140.493799060771,114.450768448507,108.471106906021,121.112890843778,125.747706566826,125.768787361739,119.555102616682,100.033402935094,101.442050557246,101.048065565584,137.411387580504,0,85.703205305859,134.854720065978,132.606044233223,101.724647056777,139.256356907619,137.787957366685,143.853173098212,91.9289820324851,102.88872907524,104.485284756786,110.827545229415,130.779429328397,92.9492490361968,91.380467227196,93.9396137908982,107.774524850516,109.0857419587,109.11910543149,109.913683507784,102.245491648623,105.072116546646,105.767621642478,105.396105153007,101.582944222669,99.8489499924137,103.108454673826,104.527402279036,103.554201112888,104.613409064453,108.62996021631,104.688436241271,104.096248155319,101.822336204116,104.152569390538,102.515353159984,101.206977458589,103.131265541742,103.122196418246,177.795581478706,127.014738868607,115.79718744445,89.3605117650142,88.316942089992,92.577080639979,93.7492171743337,104.404888994665,109.35723905073,99.2040359155789,104.564540009524,107.536662750857,118.720359537948,114.516685867721,113.605392113481,97.2366763741283,111.030401333997,131.663232613533
150.697387311843,151.272968923462,151.788301610771,148.423164365014,148.998367605425,151.417953040448,150.374125135643,150.122339598876,162.538204537897,162.271082073159,120.273526180468,161.409858294811,160.926671759139,166.900914739739,140.84280728391,134.270828990123,147.853383795477,152.491373009453,152.503937330747,146.304240634242,126.890327051846,128.352652705353,127.922988205397,163.039208746396,85.703205305859,0,160.691036296497,158.408544461988,128.992934256226,165.531723474532,164.068387124954,170.142764765219,117.990567883442,129.857804655575,130.191301820699,136.603509276053,157.222996593827,114.768960608082,113.086064930523,115.345598123985,130.152263441651,131.351165689518,131.54847905646,132.232423825015,123.737084417629,126.387722828935,127.050198448352,126.812933735494,122.776339286383,121.24285741026,124.30621009055,131.343407228476,130.37035775499,131.44385479047,135.421388593418,131.598400975455,130.981726127971,128.687259536821,130.639511318581,129.332052728087,128.00655457207,129.912615211981,129.886243097416,204.480353685999,153.415714294606,141.940293985506,107.026462678538,105.494269532749,110.11961614924,111.73082294837,126.412707593387,131.432510102349,120.870501763609,126.255569901831,129.777816269873,144.862162087415,140.595976880159,138.968128033513,123.621802712063,137.719371676614,158.063735247659
98.3518113507141,98.3421346756446,98.9660020667954,96.0420602383812,96.1632987434641,98.1205871112341,96.6224580981395,96.1887618554801,102.224844898558,101.708874935635,113.410598702524,102.245293452836,101.748201112676,107.208747145158,109.664682009833,104.012328995666,97.1506442958099,101.827027251569,101.643174333688,95.7926507972829,79.5112857026284,82.2081747470826,81.086391771378,95.255658886199,134.854720065978,160.691036296497,0,66.0458637331391,97.4264311131882,101.837142701571,100.539591216503,106.978912409509,117.341494304844,85.2957619405088,97.4886696832254,101.742913153786,98.5613115006824,112.613856415121,111.882086111871,114.34436534904,122.375740457562,123.893736935575,122.905128946728,123.962057938408,118.76995767855,123.072871735546,123.04587635412,122.76591259242,119.097011212876,116.999018340545,121.795292321242,82.4286799838842,81.4830628426973,82.8289979569281,85.9690058156087,84.5450520546697,83.5155920493715,80.8336422359718,77.6617284393802,81.4753789461812,80.0716853209445,81.5023507617068,81.3741460199665,152.280166301673,96.3826687917647,72.3948407815433,119.539194836321,119.781368477072,123.26807954308,123.460047857251,117.644066135763,122.469922219888,114.510280824298,119.975650085871,119.026781604526,83.5982185480818,78.7712987757858,101.082452344466,69.1908707408607,89.3060338169438,98.2229528866362
97.2759733955924,97.3352200822535,97.8678280671719,95.0481624189806,95.2231427055401,96.9979560143436,95.4708289556538,95.1581369707043,102.452908603957,101.975238480738,111.000183503183,102.329604441908,101.828614780104,107.359491977457,107.421597045397,101.537251064197,96.2657676151755,100.944800302209,100.778048581751,94.8925683235707,78.2795033264974,80.8939127895523,79.8057011008566,88.3490760327209,132.606044233223,158.408544461988,66.0458637331391,0,95.4954554028141,102.420358371688,101.070233004256,107.600837008087,115.021162432043,83.8697293882924,94.9132073075745,99.1533453816158,98.583517954048,110.207683594599,109.479394593866,111.942538910858,119.94654177593,121.467455075226,120.472581687084,121.532848399566,116.360662462595,120.666945970926,120.639589206028,120.358221260417,116.691805354075,114.591386382724,119.391309850743,81.3802308030528,80.4292057971082,81.7588942351077,84.9631580824556,83.3732659769265,82.3626787680551,79.703488487709,76.2358754846486,80.2296415137894,78.7973092223128,80.26321038498,80.1071101491152,151.563234089382,95.3946716423926,72.4470416114992,117.16773722894,117.413334728065,120.89804400294,121.087432172123,115.22394767671,120.047487292011,112.097850851778,117.562771726505,116.599679648948,80.9812808274599,75.635306141368,98.1206055261328,67.5347727398293,87.8453793559718,98.3418816207793
80.0566903113968,80.8097856237585,81.3155763393629,77.7785528624718,78.4903137835539,81.1192961029178,80.249675948605,80.0021257024107,94.2069416053153,94.0140999216877,90.1261251911593,92.749155519787,92.2676958441619,98.3919665396876,70.2868397870712,74.3425727982225,76.788399363952,81.4219800008119,81.4860956138193,75.1903368674817,54.7016674327467,55.6908501911669,55.4970213830204,102.014099162175,101.724647056777,128.992934256226,97.4264311131882,95.4954554028141,0,98.0801827375322,96.5605012884097,102.622248897247,85.2142074660271,56.3673291304315,70.9453994079701,75.8778458259815,88.417853302969,86.7777974429547,85.8301306258938,88.6235507877043,98.0574107235229,99.6497187057511,98.8995702506252,100.005847530808,94.7244070217132,98.5135950996154,98.859085742968,98.3970976275994,94.8863798189484,92.7588986222419,97.0366902474228,59.7989869398155,58.8124127111627,59.8275306927707,64.0134423750037,59.6362619734478,59.0807761056829,56.8687044640301,60.4100720742698,57.2171673490691,55.8682647040142,57.9565337730986,57.9318950739042,133.842554181232,84.3097765228046,75.5186258572859,92.4342790912208,92.4470367693115,96.0490885292792,96.3895549578944,94.5944834116629,99.3812231573034,90.8606163066361,96.2436647820924,96.5540992833364,78.2926173367131,74.7222475413102,82.5600821560894,54.2443087872913,65.569297877131,89.5768674894317
