IBR/IBR_outputs/all.combrep_1/FireFreq_2000_2008_Total.Spinifex_Total.VRM_Total/FireFreq_2000_2008_Total.Spinifex_Total.VRM_Total.asc
NCOLS 160 
NROWS 95 
XLLCORNER 210004.651214014 
YLLCORNER 7350008.22228844 
CELLSIZE 4999.99999999997 
NODATA_value -9999 
[rows 42 to 62 of 95, columns 46 to 91 of 160]
29.0236662930645 27.5192056324536 22.5372438962755 28.5272856929166 25.6129493710594 22.2848209824463 30.8435206098499 29.0252588035307 34.0241633202192 37.4803523742177 42.186897858809 32.4826923889481 41.2843553035031 43.957987250731 30.6504524721636 32.8878141040071 29.2619220940637 31.7344886214799 33.9575388221428 31.1868317034104 26.8208905888339 22.1097039787439 23.8211145603497 32.6507782360379 54.0621075228749 73.5781503954312 59.1010115927973 48.0436900143606 69.3453005876642 70.102719012597 70.6909176285385 63.1048070379666 60.7263362054122 57.7693663879155 67.3716569813992 70.1559381194528 70.7989524251101 62.6797486377938 34.7237194224971 19.0804776869994 23.2937672097772 19.2559136331602 22.0765399586572 19.5067680692547 7.43128497015669 18.7940572199848
31.1354556957988 28.7407465903254 21.0530859787765 17.8969844193249 24.180061427765 21.1235907524939 33.4206134020366 46.4846225871338 41.3905106203801 27.7000569011374 64.9181905582256 95.8820822731698 46.3338915574087 26.6662861686663 26.9733629018228 45.2829549442638 46.7967146141955 29.8771651379081 25.8999889970401 25.5177974914631 27.9452459282114 17.3181607050493 19.8472431560824 23.1878864832831 34.367936046635 47.6414093949842 89.8005954539731 42.8823473830788 72.4735381713432 72.9298732369301 55.858143140783 55.6885859597051 63.3836952502467 61.0897279931329 59.4473826043312 56.0470661099899 70.2701983224822 65.8742176129301 62.4076842763073 43.7925031467485 54.630402981552 62.3952143969212 42.0844565401236 17.2331350652321 4.61369533795102 14.0261613163177
45.5290162176751 46.2356242078594 35.152219874298 21.4125901655962 21.8380686271163 26.7783588959568 32.0076661658231 24.0365561183184 22.5593245556852 53.8372271204409 28.1694798929103 23.4558121212375 20.5105498706614 24.5142572080225 74.5084185318033 92.0718116842631 36.6058410114971 52.0572655037047 21.367384300909 12.1528280287898 9.03645746924644 17.601204227279 21.226184072039 23.6105266416068 33.4728237903132 43.9506956970858 42.6732519035373 35.0556150396083 56.7078546530113 67.7772955115666 71.9658929290199 54.232850128847 61.9882904163639 50.7194525248033 37.4958659624849 35.4832668816301 63.3160595124228 67.2715134250071 67.4080313330626 70.0936508053539 67.679642635786 72.3157811385825 61.9656556025374 62.9710907150784 57.9388196032028 59.0528803284775
52.1413818353357 42.1233599630377 38.5192177368996 45.5123348980905 43.199094134202 26.6999874999847 23.584182924798 18.5702559660098 22.0899396983438 31.6997208397225 56.9087020532526 64.1564374498256 47.9616450222256 26.5596993377099 25.7278835224774 28.2630897273044 69.0303497952898 50.5429029246328 91.3503356891292 14.7814247004553 12.5960599603771 20.0730860700213 21.4402454218088 26.308820033591 25.95985250878 32.4420539272612 38.7672506672668 31.7235537807971 29.9913803898273 45.7978638297221 69.9493854949858 68.3569380715622 67.6204389680859 62.8353899543327 51.5890473619969 48.2969409555008 37.9059756560674 46.1774478337265 71.373156001948 63.8393446808321 67.0721235993919 70.778653928209 71.2096787480543 72.6447096650047 67.4939616396496 67.139787390968
50.4731522514236 39.6211436361329 28.2216675478388 38.8357097449435 33.1578702078647 32.5377279902457 24.0449572162012 37.5698904375657 55.2055953330859 63.1324014669081 60.7242372544416 60.1243626780732 61.8719538370323 62.405589524132 28.823936997515 30.9579107771889 27.2094728072981 35.9597243113271 77.0139150628089 80.0104311677 24.1130057135518 17.3136551228365 16.262484529144 14.8540386731479 29.3530446392319 17.3886425016842 24.719472750393 26.858648985905 21.3499096434216 24.4147857489399 51.3117664212019 71.7088981913813 64.6721713980906 55.4135581330238 48.5463639453096 34.8546770147088 27.4759846340702 37.5016437743025 50.6679394724331 67.4644924193895 71.9961008751642 64.3355198536992 70.7562362817853 73.1129951728311 59.5116395503575 29.2029955979943
44.473877208016 53.1484276107166 46.6680734053217 29.1432070639018 22.5198528164626 36.5913604255879 19.3710975369509 62.0598223097125 63.5341237159516 47.0568601418832 48.8497964344043 40.9763997466486 58.281558397923 58.4127974774134 60.5042786792241 66.7737439980556 51.6256531139247 28.1787496023474 23.5126080463086 19.3626084913071 15.5458311908274 18.6953704193065 20.9921943235153 13.32102501094 18.4102467319001 13.7208460652205 57.1423900634853 94.944181508795 79.3157364189766 35.6010328228783 32.6143881140596 43.5927806049431 46.756744799841 46.4214719958771 40.3666655974481 56.0847532903255 30.8807564768725 30.9132952090395 49.5379150594971 72.847615663797 67.8576957589195 70.2678806903396 77.3313439534772 74.7218962074388 65.5176436560615 51.1118319867486
32.6857444698121 67.1489330533078 69.6537817692841 39.1452376010739 23.5675862881993 37.7256380412822 60.0079168481381 62.2034566878651 61.3082191924538 56.5683807523773 51.7450254117255 50.3721918106876 41.3455370955212 48.1159924476037 47.5916730461341 61.3906605289768 71.6145070453631 72.0563440766879 67.4572129450561 67.1854111022358 57.6158116959501 22.896089903068 19.7266586266244 19.7779901745495 25.0369726758283 19.9191019275401 24.6534199071818 68.1049956937462 64.7133389677263 83.0334945707789 75.1092502032642 70.9672541354975 32.4181791013901 37.6670836013541 25.9235426565086 87.7125186115816 31.9487096772585 40.9712879503595 63.2423135238178 74.6333814459809 59.5802165184247 64.3091419984717 78.4739575006458 79.1002061469241 70.8235146706347 60.2885174022875
65.5702650934954 65.6753004189854 63.9238849319105 61.8002100852776 58.2656383470951 60.7196685051113 64.0086858889645 61.0132575366315 52.278307146259 36.560525574606 35.6381747044897 27.7694543601309 43.5380974452236 45.4762926165282 37.8829738774158 54.8865515082668 62.9365801804986 61.2875807625278 59.405669831885 62.4377501802217 62.3675851376175 61.7641426678047 63.0459206476874 23.3132389515732 23.942414138146 23.4975982990045 19.186588510198 20.4685876230818 35.4873095898277 19.6932788892723 41.536639264516 69.7245471186445 18.3140240345265 20.7571496018987 57.3319158682277 85.0603137384593 59.050774054667 56.1934555036904 46.4878839887626 50.5075004119126 36.5446063608355 46.5037653171699 66.9388869423154 66.7736287929657 70.4999482879024 64.8466083886415
72.1861726938079 58.291255349655 57.4472626359861 50.6613140219556 56.306876305124 65.2210149194364 64.7794928558397 58.1731942902136 56.6428549406065 45.2484758809073 32.3959580078282 22.9330180637188 22.5198810536718 23.3168970024285 29.7891861296423 29.796915151937 59.9492448983726 60.6285816383228 60.6257836187054 62.2331249542063 62.8715339026938 61.2718534544113 61.1128008826359 62.0021491056017 52.462569942236 30.5229148662195 67.99518781985 67.1759330679239 63.197636610626 62.1144181036766 62.6509863222675 37.0019016997233 65.4190211497127 20.7680529237529 38.2076488879266 93.1039699917193 49.4060051845214 30.4375646821747 29.4956466014269 42.39720460838 53.0540367311556 50.0563882679843 67.5194489414895 44.8175686671575 55.9554221026302 63.8355130283284
58.8086880246797 62.0527287003239 60.4644046521289 57.7480585605408 61.2011997086845 41.4402721877126 57.2146713377213 57.2473304066471 62.5388178039417 53.4759678087121 52.6084148426709 34.8407230417439 17.0769093006424 22.9917333323377 21.7258747438676 22.6926505969948 22.4670672315889 28.1220734565393 57.8475215489018 62.3069577546634 62.9393078959367 64.1349301292607 64.2711939241426 64.6841469963145 65.7374539765071 63.3360678916912 70.9862764499454 63.9527434500926 59.8175966341604 62.758704759926 69.5643446725473 67.6013609334366 93.9333863845255 44.6404844552163 40.3552879052411 48.081522180849 41.7235893304846 40.1263729749666 45.7933747000397 45.8178842872778 47.6080319092137 45.3874332044313 36.1523537843567 39.2802303808953 48.07145099208 63.5678060391078
55.96193417696 61.8833384187404 59.995669764902 61.7751406262819 58.834344357319 45.1365858578296 25.0659760976796 33.1774388773021 60.9864116936769 61.8548495037011 54.7229523801498 49.1320184437693 37.4668365008091 27.3483053355658 21.4989900777795 21.5681133172145 19.7170376065001 35.6484742816642 52.3787207530789 60.4910905318691 58.2859602707262 66.433001606735 71.5737657762254 64.9317408388849 44.1073203903316 30.8250281307975 69.7487133209926 62.7984705884464 63.3654467613825 64.8142643388331 63.9333445581002 62.2670462538158 39.01777113671 75.8761608257456 29.5823367337563 40.4427168910441 30.3295659660943 26.9996671773851 31.1226779303594 38.764700478286 39.7855517737613 34.652102696162 33.025587649474 27.5517994916499 29.7658036681422 39.7161761732641
62.4690817784973 59.9772019143994 56.0631231862695 61.8741935552136 61.0379485933854 61.7433387352949 48.7635504954988 54.6406438151401 62.6555284792741 56.341528847641 51.0340163834873 35.1266270612545 28.2981001056861 27.6022759068848 29.8261563392587 52.5920892741819 57.9490484391015 56.1345254409522 54.0528055483516 58.2083095764718 60.1038069349035 62.8241563501392 68.370042437555 73.2994701219491 71.5014948829625 68.8475916037746 63.1414580691302 66.7103261786166 56.8514028691379 61.4154264258781 56.1336011879067 59.7551298151385 27.7567350938943 33.9125759417115 77.7160392580875 78.8492535993124 84.7567262128799 87.8156724192145 72.028450486325 85.4049098035836 56.9861103234228 29.8610016234783 22.1237006063147 25.2195598153192 31.2269566485483 34.5468331004359
57.4894672955617 61.2152209024732 61.1203560397128 61.4126800982046 62.625318992813 43.7419529422052 53.8585529373154 47.9666381856186 55.3926954068143 43.4967295652426 38.8415860632855 27.7583246866621 36.6378826274258 33.1359974896359 25.1210116951879 61.1005265830134 58.020453147475 60.0332609095974 59.3140074713164 61.3251878119131 59.0642053008545 59.9030027490381 64.9235002841769 75.1168068168234 76.2278749982622 70.8659918426851 72.9636433811573 62.6528430275951 61.5717986732453 62.1511125315442 60.3224728576734 56.6674288540086 48.6420804659799 18.2514987548019 17.3739246206398 34.1279355204664 11.911713569823 13.8646762651108 67.2368157099459 86.1080490723909 78.9353919417895 79.0444560006733 78.8980231347456 77.5005101713009 35.4856867205087 34.5361884225757
62.741251066136 55.8697682749737 48.580943238826 59.5108378407018 57.8857925384356 62.5550161808345 61.2804582795989 50.7667268909443 48.6646645793422 43.7576376026818 28.5059123472006 28.8412907243381 60.2108270466444 58.6070146562996 61.8871086263315 62.6514834733576 61.5184805132414 61.1661871465045 61.3008676794064 45.0828286108747 61.8694979246187 59.2410632098526 63.0269095775356 73.4388343040618 71.8416834926907 64.1227724157078 62.3023205021747 67.5524967339951 61.54823170547 61.5843119187355 62.0666029997626 55.5938560876474 57.6822983458149 40.4420710358652 34.0710275736913 47.1443661097986 47.9920536870004 24.6840160002909 16.6781393610502 30.6161469258615 31.3289868299003 87.4645099205472 83.8819245385829 85.3374339413077 86.3840821078892 82.6192854678389
60.4008252939382 59.025013606374 51.8324741487678 20.1936157341844 39.4224600252912 46.7557025028537 62.1526603134591 61.9936986842611 51.9740717241909 61.2615543616445 61.7982291682926 63.7364062908082 59.8961777912763 65.9788624019161 63.7723419622261 62.6887642997797 62.808813497778 57.5147698064266 61.959480035288 67.3222467373244 73.6027679107326 71.6555867334953 62.3623806581329 70.7968435198643 78.3386381600565 69.6056933545142 62.3784513101674 66.5742740693415 67.4783708734774 63.3269266011215 63.677242105261 54.8527207832891 60.8484530522323 68.5853039176342 61.5737304937014 59.6260813329317 57.0998609847633 55.4751896312374 62.3647644746033 39.6349645033808 24.1887224407252 57.8087125541562 76.0256361809667 95.460472074341 92.9760293312444 101.208663378008
61.4379111057627 61.8835465677609 56.9645744675442 55.7916414383659 60.2696212518991 60.5341883614717 61.4366770431999 60.5903888936345 58.4142973974391 59.6834986978196 62.9770913718638 60.7938137365954 58.8263784861396 30.5792676058267 30.6026713368396 38.132742943851 67.197664546709 64.3571697548429 64.4006182562649 70.0219881161361 75.2487938893697 75.566358228986 62.6779993167904 65.3708234551761 76.6047859385449 72.6088974952389 30.9566556149244 91.9226099786738 103.47738529607 74.1375299723906 89.899491137572 94.1912641355762 66.1231974514739 70.844093343431 69.6974667552106 64.2655427838833 54.480002013262 59.722735178613 80.5728550679917 73.5203982506612 62.3673785206654 23.1617568921854 26.6861612655421 32.6582438844699 37.2295484900607 99.2013523823196
62.3346534230098 60.4274724771989 61.0742106184495 47.52108501891 51.1681262308379 56.1843264611306 61.0642220390169 62.4424341137132 61.9901684640735 65.2804651634183 63.6185757805839 48.7273296964657 49.7812021942106 40.7487885905852 46.6396307202865 37.3878940358312 50.6830576055133 45.6350780377522 44.0547519224896 47.7001354179916 56.4973609361198 40.8300941406415 79.5014418806192 76.4962806544702 82.6801793402476 36.8605258320854 41.6832282791171 88.4379021049212 93.5781468317126 38.8022305928719 33.7834257210485 96.6511251920035 53.1671562002873 72.3200910114478 69.598064625628 65.0607649148579 55.2765128929299 60.1414270349039 61.4123544697869 69.8895430050895 68.2018346208191 68.17751603977 65.8562422527872 53.048925509175 19.2378072732479 29.0806939279423
61.4961159869755 61.1948366327634 62.2621986420344 60.8861686052495 59.8447732859399 67.4269622612791 59.4749371514541 67.0223359495065 64.9426259166114 63.8347515103888 62.7571584149031 36.7456087835156 52.4484740361654 44.8244311439599 30.933515535301 32.5193565801653 34.7668747205563 42.144536436816 33.5291467997914 52.9136147756784 37.4185709623546 52.1502029878471 70.1101163377549 42.801067654092 43.1352049446499 50.862703823594 70.2605226135403 88.3583545609248 82.1642937341556 83.2845260534065 34.529383289476 59.3983218281484 73.5474912746905 71.8622831250116 72.5465713549205 71.0443706953642 51.8470986389353 48.129033663381 61.2942188332805 64.2891819807344 70.7105780986743 67.8467767740526 69.0100363173934 63.1395087677307 55.8050074248421 28.4298161693612
64.8343452579378 65.3021903045607 67.3869043512181 78.0403908537328 58.0779703416955 62.1768834145511 55.2121284403903 58.8351741600827 61.7292920211431 65.1883747968161 56.6562268064809 35.1575407413024 52.0987554901845 45.7104299857958 26.9906207509446 49.9107074328262 49.2317071649362 46.7989659453148 55.7208394772039 56.5966848828235 68.9654701033258 50.3128453741506 43.449150855208 55.9197977070093 74.9045185318265 79.013895723577 79.1744776547718 43.5211108121393 38.392861492966 64.2294075729917 57.0332363440571 96.3499423125117 69.4061974470165 70.9993905517312 71.0566796126114 70.4655420516559 33.0538181223844 31.6832168920424 39.1694987449706 45.9802138179933 70.9975211679551 65.9841353220694 69.2792397048429 72.683877824651 69.3354368081147 65.8179700518736
54.9984304267493 59.9292084164736 64.1712028656453 68.9554417536255 79.4016873290484 64.3587690191275 55.037303027837 59.7323277979724 59.4116579189937 42.5636870946957 48.7374491733093 50.7218220806454 49.8103081447218 31.2749099619593 27.8020936713628 54.3461656874051 45.8066960876529 76.6833208991659 64.5386043375792 60.7792058909628 63.2126298127493 77.1725764129623 52.6638436098746 42.2775470200303 40.892683779216 78.6018685202882 84.0597511255521 69.9329707495396 48.8118880733184 69.050979283816 37.950016666754 52.2844312627401 86.8979093833577 72.6217192684372 70.0270757172943 71.0885109732219 66.9740460467493 51.1727687503359 82.5390024398921 54.4560269522841 65.277873546218 67.458050206661 72.1772692136967 73.5350442068943 71.2185930187849 80.8125402558202
52.7976684741953 48.5281591036021 53.295059555358 64.9623668405717 64.5081564043443 58.0383733747033 57.2300190258579 63.2287175608662 62.2175058915435 60.046080064394 62.9407435048708 62.8894005857416 50.1828553307372 39.1273846941547 36.5662113585973 51.2666611100776 61.7471471768811 80.5756971566741 84.5701849445254 78.0873060176521 72.8434991306906 64.0707025693302 49.9769316875067 41.2407698004766 45.5002792899555 80.6937355837691 79.2783907026529 65.8790875124395 64.0207683167643 44.2253680177161 44.8684549527347 37.5057060441148 73.6822874200642 72.6003446624841 69.5545560490145 72.2587157412611 74.337105075012 74.1483051953868 59.1044864972521 41.3967960016634 70.2550119600992 72.9117510293086 79.0977397152916 78.0530593756995 92.6263812773359 83.7561202392817
