0.00866949 9.9982E-05 9.9982E-05 0.786243 0.0719247 0.132962
0.0294382 0.195949 0.00477749 0.717378 0.026088 0.0263694
0.0157419 9.9982E-05 9.9982E-05 0.699978 0.14375 0.14033
0.00212032 0.0882771 0.00540063 0.726255 9.9991E-05 0.177847
9.9973E-05 0.0522516 0.0683028 0.879146 9.9973E-05 9.9973E-05
9.9982E-05 0.158053 0.0346518 0.723862 9.9982E-05 0.0832335
9.9973E-05 0.246821 9.9973E-05 0.50991 9.9973E-05 0.242969
0.0183114 0.310205 9.9982E-05 0.552152 9.9982E-05 0.119132
0.0101124 0.66199 0.0546093 0.186139 0.0870491 9.9991E-05
0.0254742 0.321795 9.9991E-05 0.260887 0.159053 0.232691
0.0353683 0.28911 0.00134928 0.128485 0.0249883 0.520699
0.01961 0.389371 0.0214979 0.218057 0.17829 0.173173
0.0275774 0.212895 0.0125201 9.9991E-05 0.0146462 0.732262
9.9982E-05 0.801334 0.100681 9.9982E-05 0.0896802 0.00810523
0.045494 0.361907 0.0485816 0.429893 0.114024 9.9991E-05
0.0108179 0.636636 9.9991E-05 0.187388 0.0263231 0.138735
9.9982E-05 0.575158 0.0197874 0.315985 0.0888701 9.9982E-05
0.0191757 0.352449 9.9973E-05 0.628075 9.9973E-05 9.9973E-05
0.0766376 0.111806 0.116399 0.0892916 0.478073 0.127793
9.9973E-05 0.31767 9.9973E-05 9.9973E-05 0.598619 0.0834112
0.0306558 0.109004 9.9991E-05 0.164495 0.672363 0.0233826
0.0172392 9.9991E-05 0.0370435 0.0513856 0.790518 0.103714
0.0481549 9.9973E-05 9.9973E-05 9.9973E-05 0.859121 0.092424
0.0272458 0.0714572 0.0200445 0.093953 0.7724 0.014899
9.9982E-05 0.0993104 9.9982E-05 0.168279 0.615597 0.116614
0.00388792 9.9973E-05 9.9973E-05 0.110424 0.885388 9.9973E-05
0.0314397 9.9973E-05 0.0776447 9.9973E-05 0.890616 9.9973E-05
0.0227735 0.0856352 0.064933 9.9982E-05 0.826458 9.9982E-05
9.9964E-05 9.9964E-05 9.9964E-05 0.115181 0.88442 9.9964E-05
9.9973E-05 9.9973E-05 0.074285 0.133666 0.791749 9.9973E-05
9.9973E-05 0.0831394 0.039371 9.9973E-05 0.87719 9.9973E-05
0.0221891 0.146138 0.0419478 0.0213055 0.76832 9.9991E-05
0.0491963 0.114673 9.9982E-05 9.9982E-05 0.809602 0.0263287
0.0702806 0.17689 9.9991E-05 0.428072 0.104144 0.220514
9.9982E-05 0.330448 0.0308202 0.453789 0.184743 9.9982E-05
9.9982E-05 9.9982E-05 0.0349656 0.677168 0.124976 0.162691
0.0364237 9.9973E-05 9.9973E-05 0.7423 9.9973E-05 0.220976
9.9991E-05 0.323627 0.0423643 0.292704 0.101282 0.239922
0.9995 9.996E-05 9.996E-05 9.996E-05 9.996E-05 9.996E-05
0.0101058 9.9982E-05 9.9982E-05 0.00218664 0.77291 0.214597
0.00878676 0.0155553 0.111371 0.739542 0.124644 9.9991E-05
0.00399294 0.246865 9.9991E-05 0.53879 0.0837116 0.126541
0.0159897 0.203417 0.116422 0.216518 0.191979 0.255675
0.0479055 0.262075 0.096033 9.9991E-05 0.0428976 0.550989
0.0207127 9.9982E-05 9.9982E-05 0.0353242 0.00629051 0.937473
0.9995 9.996E-05 9.996E-05 9.996E-05 9.996E-05 9.996E-05
0.0976014 0.300778 9.9991E-05 0.229387 0.160834 0.211301
9.9991E-05 0.18835 0.0655657 0.137149 0.0626548 0.546181
0.0329509 0.330262 0.103392 0.181169 0.276537 0.0756896
0.0262809 0.143007 0.717308 9.9982E-05 9.9982E-05 0.113204
0.0193123 0.121671 0.755038 9.9991E-05 0.00300019 0.100878
9.9973E-05 0.203569 0.789902 9.9973E-05 9.9973E-05 0.00622816
0.0678796 0.0348355 0.642726 9.9982E-05 9.9982E-05 0.254359
0.0404895 0.0604385 0.802721 0.0607459 0.0355056 9.9991E-05
9.9982E-05 0.0503626 0.846348 0.0031219 0.099968 9.9982E-05
9.9964E-05 0.302429 0.697171 9.9964E-05 9.9964E-05 9.9964E-05
0.0124453 0.168685 0.783697 9.9982E-05 9.9982E-05 0.0349734
0.0453568 9.9982E-05 0.811664 9.9982E-05 0.0908364 0.0519423
0.040535 0.0849459 0.774531 0.0565243 9.9991E-05 0.0433636
0.0161382 9.9982E-05 0.57592 0.135218 9.9982E-05 0.272523
9.9973E-05 9.9973E-05 0.769487 9.9973E-05 0.0501165 0.180097
9.9982E-05 9.9982E-05 0.66577 0.0262315 0.104 0.203798
0.050596 0.0409842 0.298826 9.9982E-05 9.9982E-05 0.609394
0.0155478 0.0817539 0.0267114 0.0721054 0.738208 0.0656737
0.0420987 0.130516 0.0105844 0.0600062 0.756695 9.9991E-05
0.00139298 9.9973E-05 9.9973E-05 0.187714 0.810593 9.9973E-05
0.00438004 0.1484 0.68903 0.0204772 0.00391458 0.133798
0.052138 9.9982E-05 0.47264 0.015925 9.9982E-05 0.459097
0.0106508 0.0237506 0.731198 0.0709279 0.0874881 0.0759847
0.0568291 9.9982E-05 0.673144 9.9982E-05 0.00816187 0.261665
0.0345492 9.9982E-05 0.791187 0.161128 0.0129348 9.9982E-05
0.00794714 0.214725 0.10635 0.0498461 9.9991E-05 0.621031
9.9973E-05 0.336021 0.0660099 9.9973E-05 9.9973E-05 0.597669
9.9973E-05 0.127502 0.00744298 9.9973E-05 9.9973E-05 0.864755
0.0130888 0.0406999 9.9973E-05 9.9973E-05 9.9973E-05 0.945911
0.0444265 0.0559638 9.9982E-05 9.9982E-05 0.0700846 0.829325
0.0397396 0.030895 9.9973E-05 9.9973E-05 9.9973E-05 0.929065
0.0202347 0.0374432 0.0104469 0.138021 0.0800429 0.713811
9.9973E-05 0.19461 0.60743 9.9973E-05 9.9973E-05 0.197659
0.113797 9.9982E-05 0.374076 0.169406 9.9982E-05 0.342521
0.0182842 9.9991E-05 0.691363 0.0490526 0.0475567 0.193643
0.0562967 0.0773591 0.743403 9.9991E-05 0.0716251 0.0512164
0.0102658 0.336544 0.652891 9.9973E-05 9.9973E-05 9.9973E-05
0.0171399 0.2617 0.0246098 9.9991E-05 0.579315 0.117136
9.9982E-05 0.0344917 0.216159 9.9982E-05 0.113205 0.635944
9.9982E-05 0.016197 0.0633257 0.0318976 9.9982E-05 0.88838
0.9995 9.996E-05 9.996E-05 9.996E-05 9.996E-05 9.996E-05
9.9982E-05 0.0938297 9.9982E-05 0.577169 0.157842 0.170959
0.0513556 0.136575 9.9991E-05 0.648088 0.105456 0.0584255
0.0356635 0.594314 0.00257183 0.210353 0.064494 0.0926028
0.0432921 0.653589 0.033322 9.9991E-05 0.127332 0.142364
9.9991E-05 0.224458 0.00550932 0.6535 0.0317077 0.0847254
9.9982E-05 9.9982E-05 0.156918 0.0257001 0.0239082 0.793274
0.0578577 9.9982E-05 9.9982E-05 0.182225 0.536188 0.223529
0.0866526 9.9982E-05 0.181695 0.164729 9.9982E-05 0.566724
0.0485838 0.0341412 0.0319844 0.29769 0.23381 0.35379
9.9973E-05 0.653447 9.9973E-05 0.275412 0.0708411 9.9973E-05
9.9982E-05 0.163461 9.9982E-05 0.456989 0.0660117 0.313338
9.9982E-05 0.474436 9.9982E-05 0.271332 0.0823074 0.171725
0.0050209 0.88828 9.9973E-05 9.9973E-05 9.9973E-05 0.106399
9.9964E-05 9.9964E-05 9.9964E-05 0.570967 9.9964E-05 0.428633
9.9973E-05 0.899384 9.9973E-05 9.9973E-05 0.0226294 0.0776868
0.0402298 9.9991E-05 0.187265 0.141943 0.020479 0.609983
0.0927357 0.0556246 0.0641894 0.0738932 0.0424541 0.671103
0.071441 0.0832266 0.163876 0.00320762 0.0110967 0.667152
9.9982E-05 0.255866 9.9982E-05 0.0426259 0.186922 0.514387
9.9991E-05 0.398053 0.0973684 0.019925 0.114452 0.370101
9.9982E-05 0.299596 0.0545497 0.284521 0.361133 9.9982E-05
0.00578562 0.103141 0.778856 0.112018 9.9982E-05 9.9982E-05
0.0194388 0.0392058 0.724601 0.0433579 9.9991E-05 0.173296
0.00438032 9.9991E-05 0.125889 0.137047 0.139717 0.592866
0.0217454 0.334028 0.147492 9.9982E-05 9.9982E-05 0.496535
0.0268646 9.9991E-05 0.10616 0.18889 0.158059 0.519926
9.9964E-05 9.9964E-05 9.9964E-05 9.9964E-05 0.720136 0.279465
0.0421759 9.9982E-05 0.655667 9.9982E-05 0.0935227 0.208435
9.9982E-05 0.0933081 0.636072 9.9982E-05 0.0383586 0.232061
9.9982E-05 0.0823587 0.463398 0.0978758 9.9982E-05 0.356167
0.0689079 9.9991E-05 0.0273715 0.387648 0.432584 0.0833886
0.023324 0.0942019 0.0429565 0.657492 0.181926 9.9991E-05
0.00649667 0.175972 0.00672294 0.610868 9.9991E-05 0.19984
9.9991E-05 0.10215 0.0786305 0.725476 0.033795 0.0598483
9.9982E-05 0.230781 9.9982E-05 0.409866 0.314854 0.0443004
0.0106756 0.191798 0.0149989 0.679598 0.0720062 0.0309237
9.9982E-05 9.9982E-05 0.0189203 0.86678 0.0773449 0.036755
0.00823285 0.171245 0.0553754 0.764947 9.9982E-05 9.9982E-05
9.9991E-05 0.135547 0.045954 0.459036 0.281516 0.0778463
9.9973E-05 0.857729 9.9973E-05 0.102009 0.0399618 9.9973E-05
0.0253038 0.765469 9.9991E-05 0.141325 0.0601784 0.00762394
0.0159661 0.643683 9.9991E-05 0.27566 0.0158415 0.048749
0.0102484 0.330441 0.0707602 0.233046 0.19396 0.161545
0.0181467 0.91788 0.0194273 0.0443464 9.9982E-05 9.9982E-05
0.0228563 0.60166 9.9991E-05 0.000868752 0.153708 0.220807
9.9991E-05 0.202515 0.0270602 0.645899 0.0346996 0.0897259
9.9973E-05 0.0791706 9.9973E-05 9.9973E-05 0.767421 0.153108
9.9973E-05 9.9973E-05 9.9973E-05 0.0742462 0.848725 0.0767291
0.0165753 0.162205 9.9973E-05 9.9973E-05 0.82092 9.9973E-05
9.9973E-05 0.19753 0.077009 9.9973E-05 0.725161 9.9973E-05
0.0187772 9.9991E-05 0.0713964 0.155493 0.738359 0.0158741
0.00230833 0.182668 0.012042 0.56398 9.9991E-05 0.238902
0.0170595 9.9982E-05 9.9982E-05 0.661041 0.0855677 0.236132
9.9964E-05 9.9964E-05 0.907797 9.9964E-05 9.9964E-05 0.0918034
0.0435136 0.149412 0.741619 9.9991E-05 0.034267 0.0310881
0.00373036 0.0417871 0.811849 0.127433 0.0151011 9.9991E-05
0.0139504 0.0200591 0.577027 0.0571974 0.0646696 0.267096
0.022317 0.0869778 0.840002 0.0505037 9.9982E-05 9.9982E-05
0.00519787 0.0931378 0.76969 9.9991E-05 0.115681 0.0161927
0.0111584 9.9982E-05 0.884804 0.0945804 9.9982E-05 0.00925732
9.9982E-05 9.9982E-05 0.814591 0.0435766 0.0522781 0.0893547
9.9973E-05 9.9973E-05 0.848809 0.0993373 0.051554 9.9973E-05
0.0107392 9.9991E-05 0.819315 0.0500958 0.0871107 0.0326397
0.0461135 0.0961645 0.784835 0.0486466 9.9991E-05 0.0241406
0.0189392 0.136923 0.728206 0.0233431 0.0646343 0.0279549
0.0294366 0.0228642 0.755224 0.156792 0.035583 9.9991E-05
0.0180856 0.0456177 0.838051 0.0783611 0.0197847 9.9991E-05
9.9973E-05 9.9973E-05 0.762697 0.0155 9.9973E-05 0.221503
9.9964E-05 9.9964E-05 0.868638 0.130962 9.9964E-05 9.9964E-05
0.0134778 0.00228086 0.865521 0.0567309 0.0618895 9.9991E-05
9.9982E-05 0.0982804 0.14099 0.0476402 9.9982E-05 0.71289
9.9982E-05 0.142039 9.9982E-05 0.0817773 0.0310569 0.744927
9.9973E-05 9.9973E-05 0.806794 0.0348607 9.9973E-05 0.158045
0.0423541 0.0583818 0.618856 0.152271 9.9991E-05 0.128037
0.0105549 9.9982E-05 0.781009 9.9982E-05 0.00874168 0.199494
9.9982E-05 0.084702 0.143968 0.184583 9.9982E-05 0.586548
0.0192303 9.9973E-05 9.9973E-05 0.879094 9.9973E-05 0.101376
0.0344577 0.0643506 9.9982E-05 0.718893 0.182099 9.9982E-05
9.9991E-05 0.00853333 0.00529142 0.410995 0.370438 0.204643
9.9982E-05 0.339039 9.9982E-05 0.0568425 0.560748 0.0431699
0.0117296 0.169218 9.9982E-05 9.9982E-05 0.709899 0.108954
9.9973E-05 0.0971118 9.9973E-05 9.9973E-05 0.827043 0.075545
0.017832 0.143678 9.9991E-05 0.0992714 0.683953 0.0551655
9.9973E-05 0.153418 9.9973E-05 9.9973E-05 0.703147 0.143135
0.0278271 0.0820924 0.0266197 9.9991E-05 0.657027 0.206333
0.0465219 9.9982E-05 0.0798993 0.152485 0.720894 9.9982E-05
0.0149094 0.0208174 0.0400752 0.850937 0.0583566 0.0149048
0.0559057 9.9991E-05 0.0133092 0.729521 0.00983334 0.19133
0.0402705 0.0973239 0.00290109 0.641136 9.9991E-05 0.218268
9.9982E-05 0.0219002 0.00852177 0.725981 9.9982E-05 0.243397
0.0053005 0.0873587 9.9982E-05 0.694599 9.9982E-05 0.212542
9.9973E-05 0.146256 9.9973E-05 0.446916 9.9973E-05 0.406529
0.0174666 0.542436 9.9991E-05 0.178833 0.148009 0.113155
0.00980408 0.879916 0.0553615 9.9982E-05 0.0547184 9.9982E-05
0.0340285 0.880912 9.9982E-05 0.00111652 9.9982E-05 0.0837425
9.9982E-05 0.775313 9.9982E-05 0.0317114 0.0526024 0.140173
0.0100259 0.702857 0.0387596 0.200171 0.0480871 9.9991E-05
0.131285 0.220215 0.0793259 9.9991E-05 0.559256 0.00981911
0.0132942 0.123628 0.729845 9.9982E-05 9.9982E-05 0.133032
0.0504507 9.9991E-05 0.76757 0.0262474 0.0814987 0.0741336
0.0148697 0.113965 0.820118 9.9982E-05 9.9982E-05 0.0508467
9.9991E-05 0.161549 0.6964 0.103692 0.00239574 0.035863
0.00997539 9.99891E-05 0.764406 0.138777 0.0866414 9.99891E-05
0.0150786 0.573753 0.111697 0.101835 0.172695 0.024941
0.0176127 0.58607 0.00719333 0.204335 0.1643 0.020489
0.0297756 0.850583 9.9973E-05 0.119341 9.9973E-05 9.9973E-05
0.0480178 0.244021 9.9991E-05 0.364325 0.181754 0.161781
