0.00617516 0.117126 0.129988 9.9982E-05 9.9982E-05 0.0865296 0.659982
0.0282245 0.0601153 9.9982E-05 9.9982E-05 0.423839 0.0448536 0.442767
0.0225178 0.0472506 0.116597 9.9982E-05 9.9982E-05 0.0279087 0.785525
0.0144398 0.270993 9.9982E-05 9.9982E-05 0.0992065 0.0990542 0.516106
0.00976949 0.198223 9.9982E-05 0.0298015 0.0207008 9.9982E-05 0.741305
9.9973E-05 0.229635 9.9973E-05 0.0526673 0.43562 9.9973E-05 0.281778
9.999E-05 0.302723 0.0224218 0.0120948 0.330681 0.0187863 0.313194
0.0236742 0.423276 9.9982E-05 9.9982E-05 0.0780055 0.121707 0.353137
0.0244009 9.9982E-05 0.0253611 0.0470999 0.775104 9.9982E-05 0.127834
0.0152673 0.172487 0.14382 9.9991E-05 0.234848 0.171253 0.262224
0.0452822 0.107788 0.0114089 0.0645002 0.380101 0.39082 9.9991E-05
0.0124274 9.9991E-05 0.144399 0.0263116 0.376263 0.141262 0.299238
0.0314739 9.9982E-05 0.0287098 0.0632644 0.227406 0.648946 9.9982E-05
9.9982E-05 0.126391 0.05529 0.0555569 0.638221 0.124341 9.9982E-05
0.0482999 0.197496 0.101534 0.0896855 0.377361 9.9991E-05 0.185524
9.9982E-05 0.0831283 0.0329353 9.9982E-05 0.683598 0.085639 0.114499
9.9982E-05 0.134006 0.114311 0.0237169 0.564067 9.9982E-05 0.163698
0.0180949 0.0123966 0.0211364 9.9982E-05 0.588073 9.9982E-05 0.360099
0.0570509 0.0390678 0.451221 0.0926835 0.266877 0.0930004 9.9991E-05
9.9973E-05 9.9973E-05 0.547846 9.9973E-05 0.332219 0.0720208 0.0476142
0.00799021 0.057408 0.629212 0.0326067 0.166637 9.9991E-05 0.106047
0.00900448 9.9982E-05 0.77168 0.0194494 9.9982E-05 0.0889368 0.110729
0.044504 0.0114708 0.866922 9.9973E-05 9.9973E-05 0.0768035 9.9973E-05
0.0373764 9.9982E-05 0.679804 0.0299525 0.194231 9.9982E-05 0.0584367
9.9982E-05 0.2101 0.584557 9.9982E-05 0.0771979 0.0940928 0.0338523
0.00407431 0.0355958 0.819077 9.9973E-05 9.9973E-05 9.9973E-05 0.140953
0.0564706 0.0458621 0.797674 0.057798 9.9982E-05 9.9982E-05 0.0419957
0.0244703 9.9973E-05 0.729397 0.0577533 0.188079 9.9973E-05 9.9973E-05
9.9964E-05 9.9964E-05 0.794385 0.0215629 9.9964E-05 9.9964E-05 0.183653
9.9964E-05 0.183199 0.747516 0.0688849 9.9964E-05 9.9964E-05 9.9964E-05
0.00612093 9.9982E-05 0.827198 0.0343527 0.120699 0.0114294 9.9982E-05
0.0293809 9.9982E-05 0.748842 0.0424352 0.170949 9.9982E-05 0.0081932
0.0410047 0.139525 0.686052 9.9982E-05 0.116992 0.0162268 9.9982E-05
0.0592835 0.174992 0.10443 9.9991E-05 0.209387 0.210217 0.24159
9.9982E-05 0.133202 0.230285 0.00162564 0.0958819 9.9982E-05 0.538805
9.9973E-05 0.799702 0.0995144 0.0153838 9.9973E-05 9.9973E-05 0.0850995
0.012375 0.591404 0.00495485 9.9982E-05 9.9982E-05 0.139024 0.252042
0.00165834 0.267304 0.0841598 0.078092 0.394009 0.106704 0.0680735
0.9994 9.995E-05 9.995E-05 9.995E-05 9.995E-05 9.995E-05 9.995E-05
0.033084 0.0592548 0.703567 9.9982E-05 9.9982E-05 0.203283 0.000611322
9.9982E-05 0.154729 0.124545 0.0778579 0.189469 9.9982E-05 0.453199
9.9973E-05 9.9973E-05 0.0321195 9.9973E-05 0.396987 0.150481 0.420113
0.00871254 0.0811803 0.231758 0.113547 0.334036 0.167013 0.0637527
0.0511747 9.9991E-05 0.0686237 0.0708393 0.212972 0.576373 0.0199167
0.0187144 0.166618 9.9964E-05 9.9964E-05 9.9964E-05 0.814268 9.9964E-05
0.9994 9.995E-05 9.995E-05 9.995E-05 9.995E-05 9.995E-05 9.995E-05
0.0633461 0.271603 0.152438 0.0527784 0.424149 0.0355844 9.9991E-05
9.999E-05 0.218531 0.112116 0.0909904 0.266556 0.303998 0.00770898
0.0291515 0.102794 0.292653 0.0522511 0.206075 0.117839 0.199236
0.0542414 9.9982E-05 9.9982E-05 0.678227 0.161124 0.105053 0.00115528
0.0325219 9.9973E-05 9.9973E-05 0.71465 0.0905739 0.161955 9.9973E-05
9.9973E-05 0.0542388 9.9973E-05 0.748538 0.16606 9.9973E-05 0.0308627
0.0575036 9.9982E-05 0.00599025 0.617693 0.160197 0.158416 9.9982E-05
0.0421604 0.00499468 0.1422 0.776213 0.0342314 9.9982E-05 9.9982E-05
9.9964E-05 9.9964E-05 0.0084754 0.797928 0.193197 9.9964E-05 9.9964E-05
9.9964E-05 9.9964E-05 9.9964E-05 0.635368 0.303171 9.9964E-05 0.0610616
9.9964E-05 9.9964E-05 9.9964E-05 0.694471 0.161754 0.143374 9.9964E-05
0.0359454 0.0137554 0.130846 0.800658 9.9982E-05 0.0185958 9.9982E-05
0.0309237 9.9982E-05 9.9982E-05 0.693253 0.119255 0.114542 0.0418271
0.0351352 9.9982E-05 9.9982E-05 0.525727 0.0922934 0.257298 0.0893467
0.00256305 9.9973E-05 0.113735 0.789423 9.9973E-05 0.0939791 9.9973E-05
9.9982E-05 9.9982E-05 0.0624068 0.565903 0.0848809 0.274133 0.0124768
0.0603817 9.9973E-05 9.9973E-05 0.317241 0.225395 0.396682 9.9973E-05
0.0329462 0.109707 0.675378 0.029058 0.0878808 0.00537183 0.0596582
0.0145353 9.9973E-05 0.678173 9.9973E-05 9.9973E-05 0.0676545 0.239337
0.0293779 0.098259 0.741398 9.9973E-05 9.9973E-05 9.9973E-05 0.130665
0.00975074 0.029736 9.9982E-05 0.639938 0.180743 0.139631 9.9982E-05
0.0777301 9.9973E-05 9.9973E-05 0.426426 9.9973E-05 0.396276 0.099268
0.0218298 9.9991E-05 0.00996409 0.663546 0.0387341 0.165655 0.100172
0.0465234 9.9973E-05 0.028991 0.643071 9.9973E-05 0.281115 9.9973E-05
0.0173534 0.103061 0.0330476 0.755618 9.9982E-05 9.9982E-05 0.0907203
9.9973E-05 9.9973E-05 9.9973E-05 0.0823115 0.0966361 0.600665 0.220088
9.9964E-05 9.9964E-05 9.9964E-05 0.0100081 0.343325 0.646267 9.9964E-05
9.9973E-05 0.188226 9.9973E-05 0.083329 0.0326235 0.695521 9.9973E-05
0.0238301 0.00870941 0.0046469 9.9973E-05 9.9973E-05 0.962514 9.9973E-05
0.0251451 0.151246 0.0705872 9.9973E-05 9.9973E-05 0.752722 9.9973E-05
0.0262856 0.00316791 9.9973E-05 9.9973E-05 0.00645216 0.963794 9.9973E-05
0.0306371 0.178032 0.045014 0.0362467 0.0814091 0.628561 9.9991E-05
9.9964E-05 9.9964E-05 9.9964E-05 0.587299 0.206565 0.205736 9.9964E-05
0.147346 0.0295423 9.9982E-05 0.32916 9.9982E-05 0.420245 0.0735069
0.0220168 0.0502616 0.104628 0.690808 9.9991E-05 0.106695 0.0254913
0.0518945 9.9973E-05 0.113269 0.687132 9.9973E-05 0.147404 9.9973E-05
0.032218 0.0138454 9.9973E-05 0.674059 0.279577 9.9973E-05 9.9973E-05
0.0251615 9.9991E-05 0.648625 0.0433049 0.173071 0.101466 0.00827143
9.9982E-05 9.9982E-05 0.11329 0.228394 0.0871352 0.52884 0.0421406
9.9973E-05 0.00951085 9.9973E-05 0.0495907 0.0561313 0.884467 9.9973E-05
0.9994 9.995E-05 9.995E-05 9.995E-05 9.995E-05 9.995E-05 9.995E-05
9.9982E-05 0.184038 0.123149 9.9982E-05 0.242864 0.0659763 0.383773
0.0288076 0.0372854 0.0670559 9.9991E-05 0.145146 0.114684 0.606921
0.048807 0.241554 0.0560759 9.9991E-05 0.498974 0.115358 0.0391313
0.0318016 0.00168189 0.13938 0.0892322 0.593544 0.144261 9.9991E-05
9.9982E-05 0.496983 0.0253436 0.0402031 0.179612 9.9982E-05 0.257658
9.9982E-05 0.0515421 0.0362927 0.0942356 9.9982E-05 0.814025 0.00370444
0.0379304 0.120675 0.50471 9.9991E-05 0.0595646 0.158723 0.118298
0.0667184 9.9973E-05 9.9973E-05 0.137948 9.9973E-05 0.594568 0.200466
0.0317459 0.350828 0.234046 0.0542538 0.0962875 0.232738 9.9991E-05
9.9964E-05 9.9964E-05 0.0922467 9.9964E-05 0.602458 9.9964E-05 0.304895
9.9982E-05 0.471672 0.0704956 9.9982E-05 0.192515 0.111508 0.153609
9.9982E-05 0.00768601 0.0627426 9.9982E-05 0.160184 0.259979 0.509208
0.00545513 0.304362 9.9982E-05 0.0351804 0.637928 0.0168749 9.9982E-05
9.9955E-05 0.919744 9.9955E-05 9.9955E-05 9.9955E-05 0.0797567 9.9955E-05
9.9964E-05 9.9964E-05 9.9964E-05 9.9964E-05 0.667587 0.17231 0.159703
0.0155131 0.211528 0.00252375 0.219777 9.9991E-05 0.511 0.0395586
0.0752066 0.0858121 0.0791549 0.104176 9.9991E-05 0.566586 0.088965
0.0599028 0.131135 9.9982E-05 0.179723 0.0899 0.539139 9.9982E-05
9.9973E-05 0.0480271 0.198146 9.9973E-05 0.242056 0.511471 9.9973E-05
9.9982E-05 9.9982E-05 0.0759612 0.0582928 0.297962 0.490588 0.0769954
9.9982E-05 0.297649 0.362177 0.030601 0.226011 9.9982E-05 0.0833619
0.0159997 0.156123 9.9973E-05 0.709652 9.9973E-05 9.9973E-05 0.117925
0.0198571 9.9973E-05 9.9973E-05 0.636415 9.9973E-05 0.231655 0.111773
9.9973E-05 9.9973E-05 0.0983866 0.160253 9.9973E-05 0.492059 0.249001
0.0350713 0.070978 0.0408285 0.232535 0.363237 0.25725 9.9991E-05
0.0468752 9.9982E-05 0.181767 0.107323 9.9982E-05 0.435142 0.228694
9.9964E-05 0.135007 0.671706 9.9964E-05 9.9964E-05 0.192887 9.9964E-05
0.0524072 0.0713209 0.0486413 0.558986 9.9982E-05 0.268445 9.9982E-05
9.9964E-05 9.9964E-05 9.9964E-05 0.664411 0.125874 0.209316 9.9964E-05
0.00440495 0.0668526 9.9991E-05 0.45962 0.0562144 0.325246 0.0875623
0.0384431 0.337167 0.409057 0.0203986 9.9991E-05 0.0662386 0.128596
9.9973E-05 9.9973E-05 0.203866 0.0174281 9.9973E-05 0.00191425 0.776491
0.00861762 0.132445 9.9991E-05 0.00571663 0.0522619 0.171768 0.629091
9.9964E-05 0.145974 9.9964E-05 0.0788937 9.9964E-05 9.9964E-05 0.774732
9.9973E-05 0.155409 0.294495 9.9973E-05 0.223948 9.9973E-05 0.325848
0.00865196 0.140477 0.0907003 9.9991E-05 0.207914 0.126797 0.425359
9.9982E-05 0.0356703 0.0276232 0.0100424 9.9982E-05 0.00680824 0.919656
0.0102045 9.9973E-05 9.9973E-05 0.0263192 0.118172 9.9973E-05 0.845004
9.9982E-05 0.207811 0.331719 0.0175472 0.232733 9.9982E-05 0.20999
9.9964E-05 0.0440549 9.9964E-05 9.9964E-05 0.787184 9.9964E-05 0.168361
0.0198644 0.00372559 0.0496839 9.9982E-05 0.864004 0.0625222 9.9982E-05
9.9955E-05 0.133308 9.9955E-05 9.9955E-05 0.866192 9.9955E-05 9.9955E-05
9.9991E-05 0.0690636 0.158703 0.0941024 0.299391 0.0886977 0.289943
0.0263664 0.0138081 9.9982E-05 0.0410555 0.82972 9.9982E-05 0.0888496
0.00202552 0.111872 0.151696 9.9991E-05 0.52922 0.197401 0.00768507
0.00235268 9.9991E-05 0.00975398 0.000114332 0.0384742 0.0273724 0.921832
9.9955E-05 0.242964 0.756537 9.9955E-05 9.9955E-05 9.9955E-05 9.9955E-05
9.9964E-05 9.9964E-05 0.82098 9.9964E-05 9.9964E-05 0.0190597 0.15956
0.0160542 0.00318769 0.816505 9.9973E-05 0.163953 9.9973E-05 9.9973E-05
9.9982E-05 0.00057052 0.688808 0.0633184 0.213963 0.0331402 9.9982E-05
0.00764576 9.9973E-05 0.681256 9.9973E-05 9.9973E-05 0.0660755 0.244723
0.0181125 0.221824 9.9991E-05 0.0175135 0.0930166 0.193875 0.455558
0.0126354 0.768228 0.142347 9.9982E-05 9.9982E-05 0.04052 0.0360697
9.9964E-05 9.9964E-05 9.9964E-05 0.868985 9.9964E-05 0.097654 0.0329613
0.00748147 0.0247515 0.0668821 0.763983 0.0444603 0.0296709 0.0627703
0.00372325 0.206658 9.9973E-05 0.774001 0.0153181 9.9973E-05 9.9973E-05
9.9964E-05 9.9964E-05 9.9964E-05 0.595389 9.9964E-05 0.212376 0.191835
0.0309786 9.9973E-05 9.9973E-05 0.761309 9.9973E-05 0.0885023 0.11891
0.00244865 0.00831384 0.112364 0.774563 0.10211 9.9982E-05 9.9982E-05
0.00728021 9.9973E-05 9.9973E-05 0.819035 9.9973E-05 0.0468037 0.126581
0.00245099 9.9982E-05 0.0380814 0.72828 9.9982E-05 0.204122 0.0268657
9.9982E-05 0.0193803 0.0226015 0.744009 9.9982E-05 0.102576 0.111233
9.9973E-05 9.9973E-05 0.0537088 0.789581 9.9973E-05 0.0897781 0.0666318
0.039463 0.0832096 9.9982E-05 0.729221 0.0712608 0.0766461 9.9982E-05
0.036522 9.9991E-05 0.0741604 0.694615 0.00298608 0.135543 0.0560735
0.00355021 9.9991E-05 0.0246038 0.725803 0.0228031 0.0179292 0.20521
9.9964E-05 0.121572 0.0512754 0.826752 9.9964E-05 9.9964E-05 9.9964E-05
0.0116451 0.0643914 9.9982E-05 0.773861 9.9982E-05 0.139651 0.0102517
0.0170897 0.186743 9.9973E-05 0.794423 9.9973E-05 9.9973E-05 0.00144421
9.9964E-05 0.181055 0.0195557 0.798989 9.9964E-05 9.9964E-05 9.9964E-05
9.9964E-05 9.9964E-05 9.9964E-05 0.0486528 9.9964E-05 0.785292 0.165655
9.9964E-05 0.0566922 9.9964E-05 9.9964E-05 0.106072 0.836836 9.9964E-05
9.9973E-05 0.0735289 9.9973E-05 0.806862 9.9973E-05 0.0541264 0.0651832
0.0154952 0.259979 0.0226088 0.649837 9.9982E-05 9.9982E-05 0.0518795
0.00503881 9.9973E-05 0.0111655 0.769386 9.9973E-05 0.21411 9.9973E-05
9.9982E-05 0.104417 9.9982E-05 0.1068 0.198254 0.584981 0.00534763
0.0229287 0.0448227 9.9973E-05 9.9973E-05 9.9973E-05 0.020545 0.911404
0.00459698 0.110835 0.216357 9.9982E-05 0.0838494 9.9982E-05 0.584161
9.9973E-05 9.9973E-05 0.373419 0.00336723 9.9973E-05 0.183272 0.439642
9.9973E-05 9.9973E-05 0.506149 9.9973E-05 0.182893 0.118227 0.192432
0.00647066 0.122814 0.680686 9.9973E-05 9.9973E-05 0.189729 9.9973E-05
9.9982E-05 0.00878349 0.805034 0.0210915 0.0971056 0.0677858 9.9982E-05
0.00791984 0.115043 0.653123 9.9982E-05 0.0407039 9.9982E-05 0.183011
0.0226455 9.9982E-05 0.645472 9.9982E-05 0.164217 0.127277 0.0401889
0.045514 0.000462994 0.646546 0.0376409 0.0824212 0.187315 9.9991E-05
0.034681 9.9982E-05 0.724998 0.0663685 0.0904609 9.9982E-05 0.0832918
0.00312618 0.192574 0.0481984 0.022914 0.0388248 0.040782 0.65358
0.0478834 0.392553 0.00172755 0.0186368 9.9991E-05 0.042241 0.496858
0.0177835 0.858415 9.9973E-05 0.0255002 9.9973E-05 9.9973E-05 0.0980014
9.995E-05 0.9994 9.995E-05 9.995E-05 9.995E-05 9.995E-05 9.995E-05
9.995E-05 0.9994 9.995E-05 9.995E-05 9.995E-05 9.995E-05 9.995E-05
9.9973E-05 0.717078 9.9973E-05 0.00190443 0.0858797 0.194838 9.9973E-05
9.9982E-05 0.0947779 0.126192 9.9982E-05 0.562933 0.10596 0.109938
9.9982E-05 9.9982E-05 0.0501938 0.0725238 0.845318 0.0263227 0.00544132
0.0474163 9.9973E-05 9.9973E-05 9.9973E-05 0.836402 0.0282101 0.0876719
0.00259524 0.273378 0.0471504 0.033012 0.641298 0.00246626 9.9991E-05
0.0278691 0.308988 9.9973E-05 0.0300121 0.632831 9.9973E-05 9.9973E-05
0.125721 9.9991E-05 0.563136 0.0942869 0.0372386 0.0290886 0.150429
0.0218272 0.0132826 9.9991E-05 0.668319 0.0449095 0.216961 0.0346006
0.0324923 0.0780527 0.101955 0.734782 9.9982E-05 0.0525185 9.9982E-05
9.9982E-05 9.9982E-05 0.0210238 0.807756 0.0141352 0.154449 0.00243597
0.025623 9.9991E-05 0.0117108 0.642424 0.0831011 0.138933 0.0981081
0.0155853 0.0940633 0.0735406 0.708303 9.9982E-05 9.9982E-05 0.108308
0.034498 0.177397 0.198832 0.120801 0.453409 0.0149619 9.9991E-05
0.0349368 0.135039 0.162356 0.00942441 0.290357 9.9991E-05 0.367786
0.0661415 0.0241619 0.0166554 0.00977506 0.744315 9.9991E-05 0.138851
0.0149193 0.0173634 0.175031 9.9991E-05 0.476341 0.165982 0.150263
