IBR/IBR_outputs/all.combrep_1/EucDistWater_Total.PersistForestCover_Total.Spinifex_Total/EucDistWater_Total.PersistForestCover_Total.Spinifex_Total.asc
NCOLS 160 
NROWS 95 
XLLCORNER 210004.651214014 
YLLCORNER 7350008.22228844 
CELLSIZE 4999.99999999997 
NODATA_value -9999 
[rows 42 to 62 of 95, columns 92 to 137 of 160]
11.2093827768953 20.2667387320443 11.8420108732093 8.34830370423003 14.8305301601115 17.0511329092287 19.7022238700668 12.4249698302932 13.5742298087346 10.8214414361322 4.4618845453165 8.99020530974078 9.84021361879191 6.39379950157566 3.61072590005449 7.18465357663117 3.67316369576902 5.39795031027696 8.84423234396415 5.69116575440364 8.52109793629412 8.09286046267135 3.8508019173848 9.61879339397433 15.801323879792 8.96906951200574 3.5306899598869 3.58702300086732 4.55657193154879 10.4578532645948 9.56957120811361 10.6669882520938 13.1088323925083 10.7419231642432 6.3626998592112 5.82748257816108 4.4951988414276 3.19367546696553 8.24716849896684 16.6508924546818 18.4107960565206 9.82213100426137 4.49678719147566 9.03264267345602 5.7010894835859 4.42168442341381
8.2655432690972 18.5495751560603 12.0445748144574 8.64264109600936 6.81205679951826 7.99845068955151 13.1187486291243 6.56178972539539 10.5216859728664 18.6515411666081 15.381405792025 16.6052049030869 10.813412280979 4.42739406391214 5.24360023643042 13.8115848519775 8.06165826924359 5.47879548276444 9.14699597690437 14.5271944148395 16.4150206116505 15.5018293341297 5.68884053426384 5.94347640820867 12.3063047547701 11.4337872311613 9.76963532390274 3.67810949461858 6.48718340294141 3.85669152359823 5.714535024653 11.0537115517983 7.48000248780763 6.44159366409893 13.117848849811 9.72617556226974 6.30833512744253 3.47322758354822 12.3082991078843 21.1506024735773 19.6567302777829 8.06143119908912 3.4034110911108 5.34636995971406 3.94983522222437 4.61096399387266
6.05655693767547 15.9319174156818 10.3064064478486 5.53795336607239 10.8081572250055 11.7401223885641 6.04709491863406 10.4830723460144 18.2354078016938 26.8464224626317 28.2053938352758 27.0814842524145 19.1923527325021 10.5030181709234 4.05535393601648 12.1043411580102 10.6251330839092 5.2573649190896 12.4211794518741 23.6132404758939 20.5785862881932 9.2891391118009 6.61542979920489 7.77479850584234 8.81781126871431 4.3266253375736 5.56120307788166 4.34294707970272 5.58834409241348 7.89368627517448 10.3081598590999 8.05553238199045 3.94845486731498 5.71523179352946 9.00734798182197 4.54922387219979 3.75445815475287 2.68776886386517 7.95873479995644 11.1530001881228 17.0246054847046 7.52767093101015 5.22496267967379 12.7919642839824 11.2788449873741 6.88602166857612
6.82441848271479 16.0006310739055 13.1481739334954 11.0565199468653 16.6360827680211 14.8584298117556 11.977553528519 15.6662014131302 17.8653362492284 21.7092526893217 24.6624048533949 29.8836052480776 22.0480590862905 9.61085445469145 5.59889415563348 6.21587132013131 7.9952423751882 6.40188841131641 15.7924548674083 24.8637585814421 19.7667367601987 12.0483704811348 9.40229841165391 7.59306434160459 3.73685227617401 6.13689036070751 4.73380821705729 4.23862271917096 6.35106621274364 8.86417979353236 6.20521820296773 8.29870776208063 4.35475961962542 4.49133400203713 4.50203550438791 4.22282115414422 8.91620375928562 8.01862829477354 6.55017753907718 9.05745540719575 16.6084070807236 8.49999237606278 8.78554428704128 10.0345892324975 8.41242312134208 3.52473148011599
6.79773501891405 10.8008524504175 6.68354796045022 16.0340475824877 16.7765097347818 7.10938492733735 9.06277642748055 13.1981992729034 6.59107827852966 10.0736715847411 12.9559277196476 19.6240992269811 20.3493406422703 16.1704126272944 13.5696694531517 6.28679219644253 6.06223127152629 10.9894966241286 15.392150241081 16.6053813690878 10.0861541601628 10.9291514985782 4.9337006545857 5.82428368485421 4.65208247851344 4.88357723478007 5.46188728622212 5.02775562535889 5.60467508653032 10.3085923204241 8.28812084592696 5.11309348447431 9.08072790471016 10.8553205131229 4.17094555573431 9.76871322650332 17.8330520646673 19.0418731932069 16.9054986871743 14.6332850542714 17.6632531056189 18.6504319808315 16.9655697231393 8.73334044241998 6.42007600096802 4.37994848505978
5.56093638878578 10.6606254572847 9.27877240208299 16.5113570885254 11.2042736518571 5.18618512376984 7.66945882023443 8.01011103219812 5.63052829464237 4.14382424019679 9.29797340519275 8.96235451041165 11.3709268344974 21.5017434547517 18.2070237262824 7.1647189337942 4.95046537954005 12.5841575044401 7.99909798868219 9.03957481358221 7.84447189825539 7.862972010537 7.48520660576956 4.39502846932352 3.84703463946971 5.192352308082 3.58419239147192 9.62255632139069 8.15478116235626 4.10398031263388 3.86793855143052 5.70925295098008 10.5594535372495 11.8583818705095 9.02889381205843 15.766163343052 26.3114896261479 28.5483307166115 17.4133792033421 6.59606535632874 10.3767994499363 21.9230152532632 18.1929211758046 11.1659745517088 12.7808884386003 13.8292232857265
9.55490716415536 7.1875835931949 13.2302347474361 17.4261306765564 12.2844086185893 9.17070570663206 11.6558342355744 12.1374234183888 8.84987733591267 6.79330348537311 10.6753336884772 6.64259899940415 9.41924398866716 17.9995907954664 12.8538444961465 4.2984260484605 6.35617672553874 7.72344738689513 11.7824570585395 13.2901589725194 11.8435262910875 6.30287798353752 8.56193649248731 4.11093702170876 5.66354846909803 2.67485940504211 3.67453958149906 9.52291774717753 5.65358755350913 6.07795310759233 7.95155830368085 5.2848054687135 11.3003614069359 6.19208082968856 9.25079997109121 19.2419563866994 20.9382503244418 23.8352145600563 17.8158252235142 8.59316847042347 12.4187388755302 22.4017810937906 15.0229003619661 5.41070400056657 11.6684236407717 21.4448961872701
10.7191433804742 3.9563934884366 5.60634378530426 7.99250581357357 11.1334694527299 15.0535605753547 7.31100695399999 9.98782594975034 16.4532254447787 16.3106433942743 10.6915227050957 7.24555435061499 5.368184295634 13.0675004139743 7.47401182869894 6.24382933418178 11.7431075834419 6.37412536490672 12.270637719829 18.9217555175601 15.8935513925547 6.07766953992641 5.92831011083374 4.83715179900783 6.88596333439714 2.98799141454015 4.47094388843487 5.13621600473895 6.82168998774821 6.9101039300118 3.70130024484407 4.59145151779851 12.0297591206448 15.1899582411051 15.7487613697041 12.7363858566946 8.59147802889051 11.9620907911734 17.6456751228477 19.9317323314776 22.3225625614854 27.7550456716088 18.4874975983031 9.87133447883048 9.02031712772418 14.9031139638693
9.57048478146599 3.85948703101457 7.12561157362092 5.63825223443234 6.17532605664204 7.18939775831827 4.60693848968738 8.17303470342864 16.8863126832261 17.5894748826637 8.52065049894751 10.2833761888357 14.3873023934918 13.3124896475999 4.42365713171301 10.7288431146586 14.6865061416629 7.49795138954698 5.50197911364321 13.3830232506585 18.8440938901687 12.3267165975693 11.4367032372999 3.74543136432379 6.86764622390259 3.67595985351428 7.76036912767472 6.50593042438387 6.29450825843672 3.47765377838761 5.9876550279695 12.8938536915713 13.8993237809152 17.1901538191453 13.9539067628343 4.95680273874708 2.98272325799199 3.22056668008668 11.8853635077176 18.0575024752765 21.1288075458406 27.1196004237606 17.6175131210229 7.0288926878164 6.73301277256699 9.05268935765357
5.32714785628017 3.64498835186072 7.96628290827808 3.76052566364658 3.92321828785265 5.1683550465383 7.68410059866043 6.12671963965717 9.31506244149777 7.86356803447057 6.7443472579378 11.4321043664926 16.9186385260701 9.75938864343383 4.70723239744647 13.7433180395496 10.4237596301815 6.06093751069583 9.20164316683004 16.022100997409 25.8332087304216 23.6214340935815 14.0189789235683 4.47895283628861 5.05839316545691 7.27701314460916 4.84911998498236 3.94195181730231 3.28901920972148 5.60475616994025 5.19901552644118 11.0107987372649 4.77025004512077 8.32464501410366 10.6372655888306 4.19040854434297 5.23307555824158 4.57387195788012 8.15649466095901 6.92649362722297 11.7378381559516 20.9380469647946 19.7280406007095 15.5960903107955 7.87987853889685 4.84049040520521
6.26949914175308 3.78357673730259 6.85745015328179 6.02284996786161 4.45849097793333 4.45021850530676 7.87763911041016 6.33517002523646 3.71487916807996 5.26327976990319 5.3964851637704 8.50973929788976 6.02026127439615 3.57121211817577 7.326295914168 9.03212980890189 8.7450814952323 7.27375930261508 4.60515523388456 13.0244203674448 23.961539563015 21.7695216539563 13.2421585335502 5.99026616175036 4.33136896448203 6.97834110993603 4.5722492990019 4.13879795484909 4.07500584892534 7.75038697831271 3.59290850808621 9.65536477414895 4.23580531531938 5.50262525971321 13.0260928059971 10.609092259512 7.63093571135575 8.65472149484812 5.93033312769177 7.46703591278013 12.7614010540029 12.3398338865049 10.0292795126552 16.7153961272056 10.7978417669234 8.87336034572189
14.3100848267946 10.7521710732668 10.7181438312294 13.3410452803005 6.82436745968086 6.61550926837242 4.99044927375854 6.60099738879548 4.85861981010561 3.99385951006915 7.06644379530873 9.9510137490675 6.59749684948779 7.80259475312783 9.16940244540202 10.0610499358201 8.88896649343237 7.4530557081903 4.47108066992333 7.04306457134868 14.8572134731792 14.3406587574423 6.15356734997331 10.1440940363164 10.8876499129451 9.91961666605543 10.1862123460846 5.107190773176 3.41937030671625 7.90462556528587 4.78775701578045 9.19288614537157 5.32610281413781 5.91092070247565 12.9398741359672 6.24655174216969 4.59013569451376 8.0132303057274 6.46928767847102 16.0261857988419 20.5724861828896 11.1409858956977 8.35296288877815 17.8617759234852 19.364228975919 16.595111864356
24.1963855292552 23.1417562168455 23.1483451615634 23.3391609357015 17.8988281704577 15.4975688986727 11.3236684812592 8.15073509875701 13.8785545098044 8.37316464497932 6.59211971714675 7.06355428531534 14.6884995020187 10.0323437923812 4.33015276681177 14.0790717262896 13.3625359486165 8.86933402672329 8.03480007764879 4.93803875832261 7.22280393011655 7.41348090634608 12.6042836011672 16.469708002977 22.5724144369219 16.7386842125531 9.45625261904822 6.90182067282846 9.97013647021322 10.3628699000625 6.54745304985594 12.0168390901283 14.4827984429973 13.8580324140513 15.7278780049245 8.31585679489918 10.2205678305516 10.7773005037195 11.7384502020669 21.1620919661837 28.0718071236383 21.0502116309378 18.0153801389687 14.5700720352416 10.1108203311386 11.0546152689645
16.123514236758 20.8200085480053 29.3327002016759 30.0936168878758 29.7623441174306 28.1124910606319 22.4519528901514 20.0451357225168 21.4978633415831 11.0139403910434 5.62987862026591 9.45539893590401 17.7598290714594 13.6266890732743 5.5891210897434 10.128907887406 17.197177148397 9.11078854502335 4.69254675320711 6.61476492891795 8.56232756151428 5.94546095113903 13.6782048744949 17.3413697431775 24.3796590422212 16.1258314281058 6.97117728115182 7.76267903761218 7.6282199008953 6.08426972154272 11.4493073667184 19.5042879532476 26.9098756471992 26.8932287540359 25.1806126547716 19.9487638376803 16.4301870038391 6.58644071295038 9.3837250739284 21.589643061017 33.852598536713 28.8060846768153 16.3718448351182 6.58259841514227 6.43781903452318 13.5509004062442
5.17335845160062 13.3664689132969 20.4048891853862 18.518211915389 23.9892160878546 33.6338354488617 35.1735574465161 33.7387478363959 27.9336634113729 18.1437428154475 15.4271316152373 20.8745996434942 26.6385519688593 20.5133120373366 11.325773506813 12.3277653902788 9.76278125148425 6.16264784185921 7.482005928515 11.8541646606127 11.5393406251539 3.65156444523183 5.67952400633207 9.63159511237819 21.8157593539409 22.6842249947737 17.5126903234262 12.0964450842598 7.96271066443921 8.56185545475222 7.9672273638821 19.354488356847 32.3259353248107 30.6194274290346 20.9394308714409 16.2806004617766 18.4727824334032 15.8841606846822 17.3907516341505 26.3760034638706 37.5133698268976 30.7549609371155 18.4411492404395 10.4665130025655 8.34384881636434 11.074619213845
10.9089570467879 11.6647904684961 10.4823959530837 7.0844955753753 16.2073075334719 25.9469672135615 35.2186823344328 43.7447893057411 37.620946849432 30.4213828066075 28.7305486833841 33.1088413301507 35.8571737338083 28.4089005024472 23.2626662084862 18.5689554869889 8.6973972937569 7.80913160070899 16.1662216066097 22.4584524489762 15.2526503476958 10.8116871305965 12.7922287831796 14.971145847043 23.213854740596 17.5006290529308 12.2755849172094 16.0758363679823 18.5588227841319 18.5211983369636 17.8541157621834 25.4064879440232 34.6261488784994 25.6324695052232 13.0011567792389 5.61074258949621 13.4603615224475 18.0176826281768 20.4590738192411 29.4481733961301 37.8774104067435 32.1398506248597 26.1993465293223 19.2448610706157 9.50463707256449 7.20900725286864
19.6244806345949 8.63351213062685 7.75256784865129 9.40720973444991 9.91742602008473 16.0365458668155 27.8125258690572 41.5505608228432 49.2280272699698 44.6346479236939 43.2298240907758 40.298933858927 29.8834748230963 21.5569048428473 20.0449360204163 23.1934688517036 20.0525695321439 19.5459976467792 25.3479217263118 32.1957875885191 26.1049224233775 23.5962109623984 25.5764511258176 26.9992110798357 25.7091379149203 13.3313168696163 5.49280863768422 7.47538765436383 16.4750133368749 27.4415859002636 31.1200036522415 36.3787943681141 37.9645088395509 25.629750055614 14.3556662108195 9.90886922279587 13.9228090698539 7.22403332144986 11.7085013713461 23.9654777401612 29.1604479779258 20.6098623673924 18.1162313164123 21.9844913629747 15.9997390122282 6.53849281728215
17.7620283193253 12.8576799261366 15.7667042591346 14.5564685365211 6.42147988504672 13.6777199377799 26.3993474298605 40.5302602565631 55.0108681122102 58.3582722359104 51.2211944364622 36.827193936876 23.1771639553601 11.4366919929623 8.52575283018226 18.6590058709425 29.7769039088695 33.3051883620048 37.3832581957613 43.5345893513757 39.5926523822286 37.800440791524 39.5804250414428 39.6231700528295 30.5059484477666 20.0043723024607 13.2127471267137 8.99223717300907 17.1991546923666 29.7504198076563 42.5817812374177 46.6044500544839 35.6721246563723 22.2085424246531 9.98951406352145 7.09673442734684 15.2563487590987 10.4225718661198 14.0023761709689 24.4657504701127 21.333293263378 11.3622698344973 7.02679690371 16.488619782739 12.6348900030901 5.04207702656811
9.8198568973527 5.56843428757647 13.9857281123262 21.2062455454697 17.6892423473562 21.6914945407518 31.6726043777753 43.0165867450027 47.2671859094528 50.1049894333254 50.4472090716053 37.167035938877 23.6582858781139 12.3065019284234 9.62688224921451 19.2212849595291 32.1328709119112 45.0371664541999 50.7595151601224 52.6023010389545 48.7633585876386 41.9719039646957 37.1924722888492 37.0242492438881 37.3012326057906 31.5516200889628 24.1664851850568 21.3801942104857 26.215687976168 36.1760101083883 48.6759686892544 46.0871753173747 31.6666898874271 18.65073827702 8.27277278015964 9.66295665915514 15.8043559617952 18.2058783713224 24.0485703265308 27.6799406364845 16.2083279002708 5.94537154046069 9.05815677937394 18.6901115997119 18.4365786112346 14.0369917116585
10.2675470297312 11.7021843928236 18.7392778571375 26.4939464860919 24.1043308878779 26.1898382682298 34.0089399113414 34.6007071234774 32.397042314638 35.8758853023888 43.7272166949929 42.400748677179 31.0448759782885 23.0387393187971 21.6138159500207 27.6062066892378 38.1996404738089 49.4848201487897 46.5776043485798 40.5873699183518 37.7240860936673 29.9152318533878 23.3782573201229 23.265895983925 30.0180805986503 36.4031642705133 36.0429983994019 35.3632806388451 38.8102267543644 46.7056390533055 55.6518469690662 45.7584279306164 31.1556635081601 17.7622007851089 6.70971430308326 9.19040500208708 6.48758649623034 11.9789423244512 24.4672752032399 31.0565764663779 20.52210020552 13.4694106980541 16.7673001178887 26.3887151258952 28.5066825315914 25.9355085778705
5.00476794552602 9.86536045277198 21.4426660604487 20.2574121575915 12.3901935540273 15.3352127456775 25.0981880912039 21.9507544268104 18.6247441208973 23.7290771637031 34.095314053015 40.5459836369764 38.3997802541866 36.0205234008455 35.5030650916736 39.8081714964003 47.863862351812 45.7036758164134 34.5858335276158 26.8262388090622 24.6455613756499 20.0522594553171 11.3319139407661 11.4906510456181 20.2655350630854 24.1608806012597 31.0776280236672 37.4048420803269 45.5095549179024 55.801410647714 60.6646900460413 48.7101485849234 35.2700288811846 23.7574825475414 16.6980535969105 16.1858735224064 10.971689427495 15.0744025090471 26.2564147131534 36.7175674695859 31.0666104290991 26.5386321915129 26.5219456285606 22.9973979752053 20.9869234086111 22.7996794295668
