IBR/IBR_outputs/all.combrep_1/EucDistWater_Total.PersistForestCover_Total.Spinifex_Total/EucDistWater_Total.PersistForestCover_Total.Spinifex_Total.asc
NCOLS 160 
NROWS 95 
XLLCORNER 210004.651214014 
YLLCORNER 7350008.22228844 
CELLSIZE 4999.99999999997 
NODATA_value -9999 
[rows 63 to 83 of 95, columns 46 to 91 of 160]
10.7821519977571 11.5295685713272 4.88832089616733 4.44432071697264 6.83197857290439 13.8972382449199 22.4581434481796 15.0815772069262 10.024938701712 14.162202838476 19.110170411887 25.4603760882572 35.3212607184253 43.534362914349 46.8457797831787 50.1053957077974 57.0217201252848 59.0917211902122 57.7372653983011 56.4885356756321 43.7605230587995 30.6794619183932 20.2660862503611 15.9091220409226 19.3471508608453 16.3135931977668 15.2577098048925 20.3436406699687 26.9928242334277 19.441778062162 16.0672060922252 12.627716343721 10.3277328114316 19.1352371994956 31.598693687723 44.3852501505641 45.4756040824577 43.8005147556302 44.0796299209651 39.2143400234407 34.7551032860364 30.1224118243977 17.9728707464505 6.03665542219047 4.99672785533318 6.06153904773652
11.7262084540159 16.086675870005 9.67189877028346 4.29285136543742 6.76451148689531 11.9374375920268 18.6401472587416 10.2259841542538 4.41295010339993 7.34205307621638 8.11314278604482 16.0369245924374 25.5753127206158 37.683145353232 51.5944615803298 63.5988425864984 71.5003548319104 71.5079330527641 64.3074907858299 57.3273367969995 49.3396189147663 40.0321651598887 32.2225202896693 28.5831407257563 20.3385028251778 8.41306469989163 5.09704371351055 13.4818863557388 21.9761521642047 12.0269593826488 6.12038140760016 8.85653177534912 6.1373070981266 16.5637442756635 29.7853574330267 43.7813859931846 47.3860176812917 45.6197812206637 47.9042273036643 50.2304432821599 45.160403885743 31.6272628624156 18.6237927914833 8.82219234982377 9.45385515714764 8.7332150713876
18.4337407418621 18.7103576857589 15.8473583312197 10.5654054231033 6.19155322720191 6.54613842288522 15.3576095187488 8.7336071634643 4.5588673334806 7.19516852082984 4.73219922543609 8.45740472243989 20.3455279180928 33.9984923344917 48.836158047401 62.1074294736877 68.8513245189014 63.0664060258236 51.6939379665214 43.3734760599978 39.1481721775318 39.6131342386198 41.8978248857289 36.38126741011 23.9326291131494 13.8969745437177 7.10195733199091 11.5269247021554 17.5848838953636 10.5787392174338 10.8822798176597 16.8211181715789 16.6623365323303 22.9843837541876 33.8592567529119 39.1462112365286 33.3219063229503 30.8723915871156 34.3089285231692 42.5293818089498 47.6393314243166 37.3460240955108 26.6325703389282 20.5645757325726 20.7599306414577 19.1945806325911
9.23361897140918 7.46486190790631 9.09731336205037 7.02264251432787 13.6502808631506 13.6694407758959 17.0092859255237 7.64652151678685 7.46097438387096 3.72726551727252 3.65025784003863 11.5359177785171 23.0206768554923 35.9062510950016 45.4398301303697 48.4492462572003 53.9863101968727 53.3827442209501 40.8090162932343 30.6348459035835 24.9451550431551 25.9580109924646 33.1838883207019 40.2218115416892 31.2528966574423 18.8702552263265 9.36155161662394 12.3977780231556 15.1399026161473 6.18817830617362 12.3260220115162 23.5978918577446 27.368624061837 29.2380988042312 32.3496131048058 26.8169870091758 20.9279004084699 17.2304727028766 22.388027470475 31.7573413598707 38.8582841702501 43.9727831749073 37.1288487849981 28.6754877560309 22.5486316894794 17.324306910078
5.70640718189977 4.74056543885763 9.96442325985945 11.9455329452555 9.19542032734214 8.26196938445524 15.4297374693738 14.1089972773789 15.3343778462725 10.1440537463351 9.80949699191082 15.8727786208895 27.5020028880066 34.7834026784388 32.1366991891034 33.8801257832051 40.5593897101932 44.1561868861881 33.6181825932239 21.1538191917206 12.3901018287816 14.1738191770845 24.4891805256005 37.3528485097807 37.6671109566259 27.2424298975024 21.3461129169073 22.9371146651723 21.5249927981459 12.4023633000605 9.51006394601131 17.7835593417563 19.0449365357647 17.9875981401753 22.0962196942487 14.7043032820238 11.0069194187722 6.38250345117024 14.1075654218058 19.9417467250326 27.6102961495227 38.9237364269421 35.9138096289262 22.5797713937166 11.6270021546827 9.97110675107638
11.8659510707666 6.11932788206303 6.67319111084163 16.5586654177925 11.385229602527 5.73819608597313 6.02336493121303 7.08771460344633 17.5013826149184 21.1276138336924 20.7949716183858 25.3995909224562 31.4441177522503 24.2101633637851 18.4301934702897 21.076879937575 27.9520968830017 31.4286853754312 27.211267612696 18.3184062486297 7.35861680205136 9.93171061892175 22.1109503753005 35.8122757276244 45.314560233109 39.4684405247882 34.8947869771111 32.0491037321984 24.1415590370559 12.671812579041 7.42149764088138 15.5068757007212 9.85514001001532 7.76488573165182 16.3567491888021 8.05759614811833 6.34320573794804 8.42683102928324 5.77410576897012 9.51791467378833 20.8548199337809 34.2807196134512 35.3781693782748 22.0063945852535 10.5539759774922 9.10051867646712
4.99758427663009 7.13449170227595 13.0201750210819 21.0049715482225 15.1176608117834 5.71171691183518 6.18268165577242 10.927512336069 18.8136533967504 14.9193879160305 13.8735663595861 21.5795862453351 26.5233760789644 16.5004843086121 7.09387845052693 11.0826728296976 15.7305858421031 20.1629575275333 14.9688391501004 16.6016897895914 11.6101110111758 13.3550001287013 22.391241435886 31.3079427127419 42.4785047249917 44.4128309371307 36.0270657930645 24.9913812117539 16.4437628771958 15.0922415106086 18.1127502940284 21.4136677021139 13.3134157345548 11.7770136256808 13.6608239903751 6.47122232154173 9.55571133345111 5.64273452032415 8.59285162644098 11.4196639380601 21.8854664484526 35.0193291859011 39.96155271384 28.8767554881777 20.9788807389554 20.223346086397
7.15606296607911 5.60512270363354 10.6285186076593 14.5827982996614 16.0582514043558 10.1946669314311 4.65477478451758 14.2683171952474 19.483034126368 8.76843949301091 5.2067121552883 15.0489054122437 19.1291126248889 9.60138371135596 6.19377860809552 4.48037131012164 8.62729050021805 14.6908890178043 5.96907133284132 10.656445284147 7.24490333745194 7.75456059095634 12.5996840006102 23.148901382311 35.9663236085361 34.2426617060434 24.9210525471396 18.3867429897059 8.20969002080172 8.0505885073009 19.8782417601064 29.5529235719739 24.9860642753198 21.7094463279391 11.6694908375842 3.89942676036048 12.6438269915155 13.9779513758449 16.4589215104847 21.0964625191638 29.5204753023199 40.9225797247449 48.29959856183 40.1287092320161 34.3509783513156 32.9086880663878
9.20644250063212 4.10077111920204 4.16592229954491 5.81797844691206 6.52943546403327 7.81795679078457 9.88635898864965 12.1493000516685 12.8911554495694 9.002541525388 10.6073623922271 17.8890965495453 18.8101322924181 8.57553727914848 8.22926081267173 12.1186829853805 14.8124011521067 17.3970520133164 7.12624993839603 7.51705274452685 9.72292096175111 8.2369335448379 9.91376840547618 21.6843639316445 33.8020332176503 27.4981678606696 15.3344494454489 8.83673284266479 10.943659289106 9.81878233704968 18.4736821568821 30.2585536676366 35.7621459679753 24.9853267248678 12.0712027234528 3.72165297763718 12.5929446054422 14.4531363423774 9.01586488999165 16.8012838955758 28.1095199815167 38.6846238402506 50.2963473720878 53.362595313167 49.2060300315818 43.4738270708248
5.8812695882974 10.5397426240553 13.850281818863 12.4000310635397 10.0431413863818 10.0289146769862 10.6463114591078 4.1184731020706 4.80790889382265 4.33469194961075 8.40693239124393 14.5517416774218 22.5245749812716 19.6286722410633 15.6750126409198 9.26029929978843 11.8988922904796 19.6942594418473 16.1029280596674 9.87723755341809 9.5083529395564 17.2483989647446 19.5136439656874 26.789883849683 29.4259909001018 22.4287082560714 14.2518958229207 7.53805187459769 10.3296328958428 4.49091103365024 12.6177308579864 25.072040628735 33.9021368540926 24.0704864832185 11.9043096225411 3.68496066430777 11.4131042905335 13.549750341659 7.39699084044581 11.4119912622443 19.0308325430152 30.7171337314207 44.4643250595897 59.0794051324149 63.8151679983941 53.9008162940068
12.7969117473582 18.8773873771288 25.0994883998702 25.0437160078166 22.4727603064734 21.7122925747804 18.1442288638457 12.5198162178999 9.47380811458989 6.2018641745852 6.215970562922 12.0297465825287 14.9858122198465 18.7431444147205 13.2965637688128 4.5366465914615 9.2420754733713 20.7592565403866 26.8535138832961 20.6726883142579 20.380070507065 22.586632829642 18.1243747647044 19.9605099886298 20.975009451602 11.4856432729926 10.5760252659697 6.69682361045909 11.287319156801 9.37383981017249 12.5560569625383 22.4592009789935 27.4724478625674 16.7278305699516 8.33220941503591 6.4652154273359 16.5022607755007 21.6099598898347 12.3341637958572 5.88768902466416 15.1186721462626 28.233318116679 42.5976959288393 58.1533634679426 72.1758698928866 66.7055701608027
8.99496770194099 12.9220069636032 20.8494797266742 30.4512835639673 30.8247310163424 29.0799314328042 26.907273531362 25.0851449725982 21.0771825741589 15.3161504398784 16.5657454692731 14.1133563873265 5.68103515741835 12.8207618721252 17.6801783311282 13.1996992018791 18.3388341922835 23.1159456190879 23.429556346609 24.6528611012327 25.780446883344 17.9020829803911 7.45192092874597 10.8539211193293 18.018112481494 8.64339290857265 6.12608217644451 5.2469626489293 6.31104953931532 8.98665561069227 6.59491653156071 17.2441816138305 23.1425851697343 12.1485146070771 5.09696679193907 13.5576377405174 23.6246194100582 28.6598402116112 19.4221918450082 15.561169079577 21.229330399811 32.2330244680472 45.6302164524558 60.6589042005384 77.0016790382038 81.4930633905143
5.93923917358084 6.36377859403329 15.9372330947279 19.3283930309336 19.2325102857938 17.6200500271132 17.8329534724496 25.8373237200219 27.9481123721696 18.2992528426255 14.1467541378512 16.3160196870096 12.8183885488209 17.5056554511768 26.5365503747642 26.3805119319344 24.3946950045127 14.7335149062883 10.397158982185 12.6432405735942 14.1437729939483 12.4558138234553 9.44134867482393 13.696780390306 22.5771377814852 17.9166473164014 15.6432697518382 11.2663111462848 5.34288659732196 7.25029178305382 9.6177862539007 19.9062085218516 18.0301462094518 6.8407144813999 5.08859518092055 16.4407426351737 29.4768404564012 37.638174337361 31.4610542589128 29.0150435649558 32.7020563122399 41.2549315202304 52.9856218816024 66.941153902442 82.7195925065805 95.7383526761587
8.26616956487364 6.15669655651772 8.65101748993588 6.67573019520787 7.08443291112593 6.53384705574608 8.51126564395099 20.2930715473467 24.9350399212334 12.7143832153308 5.6080513860381 14.7254910830945 24.4094871591875 28.797267559289 36.9070793883234 36.9362751428729 24.2989833953963 11.880489204669 5.21953307181072 6.95800561043675 5.58568460782518 6.83049641272525 9.57700718742495 20.5474659715474 25.7468453698943 24.6024620838445 25.9973269792472 20.2827279215155 15.516220127181 9.29898722709227 12.2870607169192 22.9512767139567 17.2443354638775 6.01059468749097 8.75603663512773 18.6160142396304 28.899026645247 36.302860791752 42.045931013145 43.6718218233104 46.5404667132516 53.4816158549855 63.6998544983742 76.4744673308891 91.3801626844402 107.128407708789
3.49648723122925 2.78624541365277 3.80257431532956 6.13848292038483 5.34372921802092 2.84721754341977 6.95322623486444 18.6213884273089 26.6118542619708 18.2108602654185 13.79060208501 19.7189760516584 28.8400328639637 31.6260443820514 36.4161001901873 40.0685392514726 29.7857956511636 20.422861975397 16.5753409623928 16.1260998852242 13.7670882594358 15.5409000091861 12.2870243005124 13.4178093319002 13.9281131412931 13.445309300577 21.1896777333411 28.8004980624389 26.4869235376138 21.2610965145321 22.8332067923831 28.238051419978 18.7364128781031 6.76625049661567 4.93173095649428 11.6651470263285 17.8712646653058 25.2542162694231 36.7828597706573 50.0833841752909 60.6333357251657 67.9494036806569 77.0162772832508 88.7452455950428 102.792407592825 116.152832697713
5.60933488673656 4.63847002170301 10.282451843971 16.5018076459707 14.3944469045189 5.49314539733155 4.72527807763411 13.5182474363392 23.5572974203401 27.2834142206407 26.3440553505544 25.7863109643615 20.0683776068955 18.3419476415898 24.9006257460603 35.9149758129483 39.5006609737031 33.1072433483476 30.2498310808678 29.1541817094256 26.717861217639 20.0940446175558 8.39599380088561 7.63081057187103 5.37482621435627 6.36395424496605 16.688738636891 20.317917419319 24.232887532807 31.2208042012881 35.8657529842152 31.8983604169691 18.9312892498668 7.15025037812694 6.73564324964309 8.15500652497864 7.74171387826222 18.867857897352 31.9589984412595 46.1543838542966 61.4717376058569 77.3341363191107 91.224626313067 103.367138009313 113.648339041925 109.302704124415
13.0330299456041 10.1928849596056 8.23682877221639 13.798928992488 21.0147803762447 13.405263824734 4.53414400932788 5.82651668559042 13.6784834288503 18.9655878437134 22.2409608696971 17.0159274619309 9.60245932912215 7.34656053887013 17.9215352479052 31.1487148332529 44.8684624892787 47.4902964857806 45.0652155296599 43.5303496587567 37.0720982460319 25.5637745748326 17.2663283809776 16.3034388344163 13.6698801095209 15.0432599051548 14.5329793542452 8.13774268765212 15.0926207038049 27.4187077559675 36.1390091584579 27.8955090206685 16.8973492129434 9.13849260727119 5.52198463779338 5.53019988994316 5.71848673948026 15.6525832069171 28.804575584527 43.2046344708712 58.8004435793621 75.6515233356103 93.8440780636788 108.343371743603 102.474143541389 94.2439494885825
12.0227115937051 9.29464399383655 3.47526383796522 11.6550473510587 20.1279055301137 14.8885847811496 5.21291079842191 4.99959141935174 4.20912687292694 7.65008074205211 12.3041320922843 6.16280754596998 7.54627913231991 10.0911174630143 19.4858904338981 30.4713676164299 40.350344127204 50.0494420400157 57.1145996544715 56.4144108975152 46.0437316820181 36.114345828492 30.2920686733228 29.2162677865172 26.5751932114729 20.9038225003669 10.4793680571031 6.53979464881087 13.8134665859224 20.9627859340835 24.9407604999319 19.5375071411246 10.4155721162659 4.41667152600619 7.19257807514858 12.3420296221769 11.9566214577431 19.0052243733608 30.9228716415082 44.6067759131403 59.1172550096623 74.4561111670881 90.7536945111866 95.7151168459789 85.4678030901799 77.6408981064981
12.9113082411475 4.93263145551488 3.47248964853429 5.27087179174312 11.2794578492211 17.1443825173378 10.0809220954443 10.5464965885909 8.50777354221634 2.82577249504254 3.59596936750736 2.85307862912987 8.14081540961646 17.347716186291 18.1005107473664 20.939309383018 29.1740371410805 39.5804980469344 46.8201376890902 50.2557539181994 53.2869323304886 49.3220248295655 44.8775449153463 43.187228489515 34.1084576326297 20.9546426755665 9.79224161654459 8.98042427999438 7.34507367785454 11.4672006684506 16.5385175829888 8.35637811416384 9.31869755936964 9.32745942357082 17.4720051926561 22.6427737871995 22.4446171979989 23.6425043520359 30.0125127682339 39.9188798057773 52.4655062981953 66.9477806424122 80.4324375944596 81.3934948145384 70.4074812983269 61.6802658669172
5.56658577191341 3.10537678660201 6.70922142980641 4.6543960311083 5.77991019050887 13.2439114340164 8.13156680134731 9.33348494046695 8.62413371184882 3.04601410555004 5.99195879846186 8.05904789956933 9.73854350557188 8.61300621027262 7.021554520963 10.3350732645264 19.7924226242952 28.7361800593114 32.1285427777419 35.9895145859059 43.6858621615515 51.4292404834034 52.7797144252376 51.7235730575728 39.5146377644749 28.0583183389691 20.60976746717 17.1801014170799 9.62202616977411 12.7235283902074 16.873033400455 8.64890139199319 13.0918708980694 20.7645676296789 27.2046764299927 25.6277681095989 15.3830351293477 12.3827350731123 20.221231314153 32.3754649682988 46.0360806825805 57.4950563021768 65.0875759876048 68.0076957837362 57.5537839399416 47.5543436606142
6.79598777655567 5.93113110578438 6.09298774386571 11.3780368504536 9.73736683239341 5.61452355313444 7.79058809501096 14.359359168071 6.31726446070777 6.68225225601098 4.48644374158988 10.63037613698 14.413636471386 7.64463876077428 7.13667225213366 5.5768902968706 10.6236094342501 18.0761212826654 18.4218755650351 23.5160878309873 33.1158968923004 37.1505310766054 39.3313756422391 45.9509859245855 47.7220548980411 39.5126147458851 33.9353766066576 27.5058516927082 21.9307198489511 23.501671941441 25.6802088689294 20.7930412807966 23.173644261672 31.6177897367661 35.2944692462387 23.4462244669223 10.9636125259611 6.49477263599056 16.9600259519978 28.8807187789368 36.6058812590866 44.2833626350364 49.6638743680889 55.7112233996609 47.4504754995522 35.76074594802
