IBR/IBR_outputs/all.combrep_1/EucDistWater_Total.PersistForestCover_Total.Spinifex_Total/EucDistWater_Total.PersistForestCover_Total.Spinifex_Total.asc
NCOLS 160 
NROWS 95 
XLLCORNER 210004.651214014 
YLLCORNER 7350008.22228844 
CELLSIZE 4999.99999999997 
NODATA_value -9999 
[rows 21 to 41 of 95, columns 46 to 91 of 160]
-9999 -9999 -9999 -9999 -9999 4.34810361237002 6.653536399524 6.99678624663962 -9999 -9999 -9999 13.2959561238528 8.03169140729464 12.4298725654188 10.7989986146711 3.66486336658767 3.10649730567386 -9999 -9999 -9999 -9999 -9999 -9999 -9999 -9999 -9999 -9999 -9999 2.25968111488514 4.42755983264565 3.18080767960699 6.7184242037874 13.9025973001617 19.0886064456767 26.4770924100472 25.3771794497885 16.9604286599846 7.3273439069752 8.61663320523976 16.6850813512977 26.2981683476555 30.3728332015085 17.6698666941856 5.58915575030125 7.08199389130145 18.5823342162853
-9999 -9999 -9999 -9999 11.7968614771829 4.99376104552291 6.3270329784527 5.26748842486412 9.65173396917911 -9999 6.01967258361339 11.2302451036738 7.36720615455062 9.7078544315738 10.5752422243337 3.09929359829766 5.68599090362388 8.25649166301173 -9999 -9999 -9999 -9999 -9999 5.33026857971784 6.9769548907902 4.51074924570461 8.38523501297575 5.01753670353046 2.43760752367073 4.38336252152792 5.57192163315233 12.8912008189979 21.0055660071239 20.2217744715095 23.1759871503593 26.6968572525943 20.4346240813897 14.4209041751683 6.28592647059997 8.74730823539797 20.9582058001549 30.1590815487027 20.1532723069517 8.74710541210665 5.15579010474477 10.6382801938681
-9999 -9999 5.50412179819686 12.2384066610536 12.8409137941292 10.8847447476926 3.90214726535828 6.89194087379904 15.3801921120799 10.9340728198436 2.65838317533976 4.42044479830296 10.4318680701298 15.9339728433473 7.47612557983193 2.56579467091173 7.10455606947287 3.31171823950308 2.86259213429834 4.83441652769729 5.38120893928669 3.5141429802542 8.61532634782759 3.14363159170011 2.74067787676038 3.33127524310142 10.389186324086 13.0277450806017 6.22387992517321 9.46063591643374 12.4650794403037 21.0007139600171 17.0303605161302 8.33205369728697 13.4720790075753 17.3483642972504 10.2901848610589 13.3793275164807 8.20391388354633 10.4895761693802 21.2787757848474 32.2388781751846 26.5016153760562 17.1063637948677 8.63016974071384 4.33732448951027
-9999 4.88097320200757 2.20314914980185 7.07043992022324 4.4108132716615 7.68129719382792 5.41556652851121 5.33766365126881 15.1093430686 15.2359356524243 7.67118127825989 4.75665062653737 10.8772398685893 15.4250426111454 6.78838624636146 5.40522175264925 11.1673578615847 4.54798715075536 7.41374243465151 10.6663191927198 5.33502576087435 3.58993611070196 11.0622852205739 8.05347965825365 3.46518305738901 10.51405086759 18.661752264054 22.3462858139661 16.8083184830382 19.3869683606805 21.4896953787495 22.5152244699748 16.3397283036798 8.35718747783613 13.2308850910722 13.3182622970776 4.41695367309332 12.4036576047871 16.8813120287418 12.8324148210195 16.9557446563466 27.5328558687704 31.0954837739181 21.8951237513524 11.9130574055078 4.9819147726257
2.87899897430934 6.914195273587 3.33178072916733 4.22364326077557 5.02212725401948 11.450340677682 13.6819831235786 13.2714032873224 21.4908080858478 22.9674033733228 15.7383289806598 10.241963155055 6.50137349702158 10.2531720120596 10.6689519196123 6.4129979931853 14.3976435316137 11.7432878233298 15.1356205528217 13.0676984824955 6.47481044257622 3.76751566814733 11.5512361254682 11.9482887128827 5.25721874246729 14.5995635968387 27.0348810025562 33.5811774782007 29.703209853742 23.3230890002127 13.6478097545696 10.9785332358341 10.7402926895577 12.3051933025256 9.62838006867692 14.5469831332608 11.2224426370738 17.1999883696524 14.711943936857 4.9476651330912 11.5348201822201 24.2747681167863 25.0454888689339 13.6700890149591 9.78009477961334 13.103060598771
4.43843332045174 5.497217895375 7.99257861665383 7.5523895966063 5.97308578569817 9.0393500793477 17.988112316693 24.3750628770319 22.2826431986376 14.238797979879 14.9283596607816 18.8268721974071 12.9647758727937 14.8146572938752 15.9678742769182 15.7993123505769 22.5697142968187 23.4551336959519 15.0988487854556 6.72874023539058 7.44458865141566 10.500800538354 15.2999715234032 12.5069074124136 4.53362780797776 13.8700893191898 27.0599601278071 40.1690935250958 35.2876948560486 21.6104821563894 9.51213804800845 5.5072953613416 4.80013210154844 9.34772278817976 7.89029781804915 17.7621398385342 23.9124727210222 24.6611211771524 14.3900004632385 5.35824044126368 11.7303911485981 24.0408624101759 24.1320133113054 12.0130742266121 4.59129127013188 8.91579215838446
6.2602619238992 8.8791256699825 14.6256606646375 16.6517492524202 10.7836372788965 6.59530048317718 14.9080214935292 19.1583114970916 17.98600757853 7.37038263554829 8.72654288945154 17.209468015958 21.0119902541078 14.7198550130932 7.07886014830105 13.5339412263468 25.9890680949692 28.4477620127836 16.5135919766951 9.52417255315004 13.3566164534787 16.1442223543513 21.2069888059063 13.3402580403443 5.52079522647434 12.5776564777018 24.6284444505655 38.0989829992063 39.1272817421514 27.0601295561521 18.3918966592186 13.855672342418 9.08284218190996 6.08749916848617 11.8477231935889 18.9168197999109 30.1348185851506 28.3441385629388 15.5060361224246 5.10494730097992 8.95938882075702 20.9538833088013 28.4199455314777 19.293472323409 9.20071561170835 4.87847123387562
9.66490042079422 5.86633497016129 12.4622460255045 11.1195835700595 13.7349026749022 13.4600959726333 9.09632788208395 7.22531630686173 11.4801595156602 7.50030455064585 6.77653678041761 8.58079420287 16.2247060030465 7.17661806561904 4.35878236909597 14.20804806614 26.5632942676421 26.1619908483765 14.6418049628823 9.09529251855336 8.71014597318697 7.85011492855163 18.4679909309158 13.5699086030366 4.06729717163027 10.7232088151052 23.2254223128581 35.3367775008155 42.0752295950148 37.0970146429607 31.1489076156766 25.5052874660434 17.9329392267785 11.4944054114391 5.66479894146276 14.790496462427 27.9432217849514 32.6105587065395 20.236145736459 8.75486511813667 7.551972259554 19.0666126907723 30.6149642782548 23.0532274892772 11.1312346640297 4.21487852517155
14.7096458445337 14.9081145951207 8.37939748723752 5.4440494856247 9.13530811540753 6.34158511893884 7.06516388812143 4.43793149232031 6.72062952363151 4.83390415699552 7.69786674226871 12.3921612610987 18.2994609639146 10.6833773175443 9.64072214889111 19.2791467913142 24.8357797779705 18.3756930482998 10.747215940905 6.72792374315947 6.00498199872753 8.48007564827619 17.3769974455371 11.9667531505146 4.09497490674024 12.8037928427591 18.8278481217719 25.5359472795039 30.1425270330616 35.1479967454483 40.8931875551589 37.2501094852506 28.6407209164893 18.9534670178146 14.6619776214231 20.3898524893407 31.5619327018809 37.3632616920466 26.2180762135425 17.6136495285588 16.7492368779209 23.7069854124872 29.2391662260645 23.7053732371333 12.6013786418547 7.62479727500172
23.5753981210557 20.5877875815082 10.4992954225462 11.482019074073 14.6858310792336 10.5416550803209 14.3479907101975 9.11391281142388 9.47056342634338 9.99757278389751 7.38483299345982 9.54163399599366 16.9080122506621 21.5306277362543 20.3892719527939 20.8638997131433 13.8633230486473 10.5800418304613 5.23437772273212 10.5221326591465 7.7290129374944 4.37362823802567 10.6862211305562 14.0529633747329 5.79348181370703 8.09090705206279 8.16820119040958 13.8158374737664 16.9558943772823 23.9019294535607 33.840515705553 40.2483253196415 36.8956511602435 30.6688022575953 27.9997364790169 31.6622520411429 40.3187629391948 45.7341226108511 36.6713254647325 30.2419013065992 25.5594598171144 18.9348480517462 17.3655161889669 23.3550174606751 23.068157869445 16.952214635758
23.4698485567099 21.0644973922375 14.3900436937342 14.0487149455875 14.3985870185743 6.31784394285002 11.6452334986272 10.8575945531579 4.48765334647646 8.89374932924943 5.25978527438643 5.69953471356905 12.9483785373803 20.6787787070475 16.2441461045096 10.7551000521256 6.72614143685507 4.14924705921779 7.2019233553115 9.71003920961474 8.68080792004292 4.52855870341203 12.5026399036292 13.7244701799051 4.37811929987638 4.28955436356677 4.36341568509116 4.204361477652 6.418923576959 14.8764999653716 25.8016708173828 26.8563581718786 29.3185460494491 36.214332573481 40.0651609121277 43.9339659860966 51.465157937722 53.4831174932768 45.9832375896711 35.84208435322 22.4195598606364 10.1710570508152 6.76119989076053 17.1404739298492 27.1828725237103 23.910509574588
12.3084460479371 10.7948647412091 8.356276943986 5.39375208559143 6.83729380783778 6.340038399796 6.28414296889391 4.88892166593017 5.56301476736714 4.5320630453866 3.885920656851 11.0492266942296 8.42832899936053 11.3423112423414 11.3645214604743 5.289477371363 7.10018064941113 8.1882527501437 15.7181619252839 12.398024310537 7.23565910993076 7.95878923806297 7.11061893772213 12.5450280926522 5.41741782616606 10.2064356193046 10.7596659528518 6.96024823289071 5.32892952887795 12.8379669476863 17.9713802891345 13.6710702409253 17.67722319892 26.122291184919 31.5376991037476 37.816306844801 46.7941051729143 43.5409863038616 35.7953228558625 29.9180684097441 18.8088655472055 8.24918627708185 7.89444688401814 18.1297792522616 20.6456302137675 13.2789543219852
10.0752707343398 8.3985206209148 10.4287796260897 4.49690962619949 4.97018706763779 3.68582825000762 3.16160331958899 3.75217727460038 6.23338377486095 8.87695496136229 4.88883044000702 6.79877292743875 6.25959487918828 6.62845295003975 7.62890419052434 7.57494203004652 8.6727580609486 17.1753687969075 14.8687116623378 8.58672548240965 4.48980467577191 8.07676679374358 6.90018655704444 6.77713916153141 5.11366534651847 9.60417625448959 18.5613422259624 12.3453848321377 8.35142575402315 6.22057452717104 9.50877528666681 5.35544511270016 9.81597131540008 14.2284296770883 18.6949261713215 27.2214666376611 36.1229681668903 30.9784540221324 23.5712004610118 18.5845777849036 13.0878206821199 4.55831990782428 11.1105705247195 22.2364912100646 17.0365857730937 6.48347074878728
9.86518533179357 7.26365709220134 11.5579362343765 7.68138390264312 6.05566282206996 5.89530934200091 5.84682519121759 3.03021401223685 4.86152501370153 4.73358337097365 6.4548840422007 3.46027956722228 6.41158145938256 5.68516880556037 8.13975972900031 8.9400796062619 6.6717862569228 16.9282498371179 11.5957076734341 6.31976405995844 7.44314418597251 12.2917660343582 9.15854295262722 3.96597465686915 4.42271879814045 12.7828393163725 16.4167627422101 18.8860925202618 13.3759794331806 4.05460225201112 7.00203087043667 12.0961879507052 7.36043896964979 5.61407892432625 9.52206248381365 21.5422797622049 28.2772509396114 19.1356580595043 13.527595729917 7.07168580176415 8.14034696581067 5.05272857347175 15.4474677992147 19.5627637080893 11.9366305844697 11.9789260298473
5.47312809797652 5.30564897915764 7.01966803436862 6.70620595204093 13.1952019800574 9.34526336837231 5.54616431100489 4.00725748010891 3.62425779490271 2.94153899440706 3.55736720501877 3.40982883577779 7.37222992305233 4.31742167378193 5.28505244741715 5.99245069978537 6.96070113817567 14.3878160660491 9.33065565250306 7.7468719898254 5.20659519071035 6.75043736675197 8.37335535515141 6.45470102014516 9.17074083012716 11.7427521108993 6.07390400200967 13.9690601279749 10.6837025532602 6.72349411682063 8.21602507711691 16.2816688333678 14.5332147771988 10.4430034625771 13.1561031741666 21.8604825763855 21.9008275691212 12.3094947264109 5.42164707803571 7.31898452422871 4.58391615726797 5.58963919051227 16.1443289778881 17.331149432786 6.66793283243745 6.62228370320749
5.12367221023332 2.75974879676007 3.43612628003918 5.24664745736252 8.17598069309493 8.55534432640659 5.80262234559658 5.49969277145933 5.23120112151546 3.40650784500502 2.85354481740861 3.55391278641099 8.64973799987695 3.96500738441824 5.36941200807005 3.78048037942919 5.80401725179282 6.5599134298036 6.32646133557298 3.53467023932145 3.82771368475619 6.75510330618221 7.46391425820089 6.2668798586804 9.5888184698173 12.129542094553 9.70102270465244 12.6031034947047 10.3532207016146 6.98453181722509 6.18405746464907 8.98224921558447 11.3755877136003 5.98100078592292 15.699981959225 16.6351139664792 10.65665792763 12.6693318586937 8.04385961878501 13.8449852548403 9.5344262565128 4.91746292425482 14.1920732169269 21.0605211540175 14.1206962951298 10.1513587901502
4.08123307227396 3.42180876467152 2.79882440579606 2.9421069742445 3.12024997810945 3.79379723183155 6.53689328267059 5.06358691018145 6.71443491528125 4.85029483177995 5.43946071404806 9.37390890994569 9.26468971856781 4.13466874155769 7.71973203556706 6.69803810085663 7.33962968872231 6.56408145528222 10.3430966914165 7.79155842064876 4.20891053261198 9.70431829294682 8.76776394401454 13.1617858998612 8.70752156170911 5.6452294230739 6.19781680274049 6.71395356072098 10.8080632528732 5.77108233836032 9.12608335565858 5.16778268906095 6.95823722709817 7.65196356090041 16.5169057410828 13.8797308980339 6.06639979106056 13.9612397670678 19.2439076593579 15.9681694361817 10.3186894032017 4.03242528750165 7.78586242276581 18.7478170000358 23.9875503249484 22.6465123472994
6.96584306957863 5.29152035615029 4.6586004239813 4.96982227950633 4.76026880952414 5.42738069644596 5.8882168429343 5.26842118986108 3.92687461631872 5.02167224756689 4.53725951746276 5.40009160963196 7.63859076783848 4.93577693827789 12.3030382364479 12.5240992533684 5.43466822381348 5.91077936722674 8.42140544968186 8.30673927083397 3.85450846201608 7.70680806057212 4.65455514338864 12.6678781811353 8.62934858698276 9.1274620467305 5.86371497252084 6.44188211268299 12.0780604027866 12.8168579997987 14.0144357453708 5.44581830096102 9.67727119216427 8.01295374160473 8.2300272732164 13.2988705656542 14.4160602764369 20.0744733791337 17.7627285574087 8.32349496640685 5.07235468353717 9.94483811191003 6.21245474267952 12.9197645619385 22.5637170936649 31.2556446609926
9.64360928948397 8.29599308720941 6.93112330075473 3.33479555162374 4.30707188594276 4.26616010220566 6.23935785737117 2.54699034994561 3.37345038045862 3.40263334443532 3.63134095978624 3.15503991276732 7.83987363293808 5.6421248955822 9.6625747080483 8.99634652548625 11.539834430954 4.31811150407287 4.20929510461752 3.78417694299638 4.15560592637809 3.46525562791957 3.59918507468859 10.1947270748648 7.48746992751046 6.0294176869614 4.22990467854819 5.90304658504078 4.10981716695663 7.62598758618464 11.6857335886629 12.883514656119 8.94987608148006 3.9050837450525 7.1393494450319 4.41518569919229 8.53233153034709 13.3943435199901 11.2918291533454 4.23722462075125 9.2936801482857 12.8170721498529 5.877029156252 5.70898752471156 13.7925710094035 24.5991299690035
3.94097096834738 4.55414510014644 6.88116785047646 3.76296757124887 2.33443392118126 3.85613099687333 2.6200291870061 5.1171954302079 3.56012263977036 5.17405859203149 5.81699933107463 6.24954293337339 7.46099572688684 4.92316596278823 7.16291417427899 8.66618355487695 12.7084965239577 6.07720881910871 5.89181982247703 10.3000767007401 11.9829947163497 8.85383860144481 5.3504751578039 4.13539959705986 4.11506353035321 6.21091772997244 7.78302121944013 4.82237204985156 6.2332112917138 4.8214583719239 5.85511680039781 6.74571874190271 8.57210090654756 3.31856967674577 4.23244762781375 4.18301396629128 6.44281593820053 5.32210295027392 4.74592608913899 7.92323828889602 5.35497471496437 10.2826503605541 7.17412652911266 4.43526078771189 8.76392584578726 18.7700353390717
7.83883028543378 2.89242815289072 5.7796174900954 2.90405149434342 2.91887630484183 7.20115562181996 3.36038149990353 4.13491544598302 5.88833883321494 3.59823372105283 3.53684118053995 3.29264345644081 5.26442005425266 6.79129576177534 10.4684376571971 18.3208662692664 20.9819952651726 17.1147595697566 16.8972563142557 20.7128183741737 16.6998230838995 5.68532532354036 3.9993211000543 6.43855165360681 6.05110224451983 9.39745264254877 15.3257733781518 9.01637524132462 4.01470330618749 6.56106200636079 4.91267848322618 7.7695918568564 5.93157812021802 3.13405177691175 4.57566894151237 3.33654919721378 5.27377303744968 5.49753026505056 4.17784752563555 10.2039385785944 6.20818321475969 11.8336500210953 12.6157718296702 6.27829435947501 7.35109311130401 8.6888925803191
