IBR/IBR_outputs/all.combrep_1/EucDistWater_Total.PersistForestCover_Total.Spinifex_Total/EucDistWater_Total.PersistForestCover_Total.Spinifex_Total.asc
NCOLS 160 
NROWS 95 
XLLCORNER 210004.651214014 
YLLCORNER 7350008.22228844 
CELLSIZE 4999.99999999997 
NODATA_value -9999 
[rows 63 to 83 of 95, columns 92 to 137 of 160]
6.18496499670484 5.66330754245371 15.0615730635812 16.5455762029768 6.49489387263213 10.8883441466166 21.0928899930955 13.2305782295877 7.06093247966173 15.5033100810852 26.5706962676781 26.7583704443596 27.6084350500338 34.4366583427166 43.9435314925475 52.7394850565634 53.0281713410614 39.360160603031 26.1081383325861 15.3719843322637 11.8424892929076 14.6894420575415 5.66530130420563 6.24244333260926 10.6855681624051 12.49910426548 18.9200323735963 25.7476131643618 36.5149136545578 49.328034489979 50.7661228069881 42.9739120849055 37.7972636862818 33.3734827192216 29.9730428942309 27.8484124658583 23.7248115131593 26.0632376527508 34.2321671568467 45.1595778467664 44.244834820012 36.7393530856324 24.6768144773886 12.9608888311812 8.912348655811 17.152209003098
12.7898067417791 9.2460073583818 9.42365901100527 13.8657922370562 16.0297648940481 18.4318857376076 20.4912717515179 13.7181643862337 5.41597267411476 11.1115094647603 19.7626690839485 13.9556429643099 15.3873809575005 25.1243420454422 37.9188295306184 52.3437977393649 52.6509791393391 37.6260811102537 23.6805566881244 11.1693336820861 5.99813124137326 15.1567956574834 13.6566714794634 10.5927534091327 4.6316724665226 3.81189526189295 7.78725676902928 17.4760287409442 29.2125599498915 40.0764700885764 38.3921264128608 29.9854951972646 24.9882039991889 26.5553257352129 33.757543965503 39.3640518137924 37.9378528189902 39.6071585596269 45.913408725485 55.5880948635526 52.8748754701162 38.1798608180221 24.4580219421485 12.5548608441365 8.31612590259067 17.6699975947264
17.4628360468447 10.4979052369139 4.96243782508418 12.2177118428903 22.4987017270486 21.3838347727759 11.5651992610739 8.94914932542129 13.046573326707 16.7875972558909 15.208611673948 5.53812842166375 9.30438636548627 21.6891074720734 35.5125891812226 50.4995705378542 55.0822131166885 41.1776945128237 28.5348812804528 18.9442480245214 16.1236324076214 22.1680689087058 25.3352043369026 19.0271777349096 12.8505307751899 8.81220611486407 4.0414632803997 11.2740794705045 22.5872539439286 29.0888864191936 25.5422749845007 19.7937922929771 12.1779173374747 14.9641046503891 25.5231380804149 38.668227253213 50.270273982996 54.7049100841346 59.2114364366487 58.4037118179716 50.5139597857598 41.4972930680914 31.0549456144568 22.4159299290499 20.170434457284 25.7954181688535
7.8124853733986 10.1284325098595 14.6630384681879 20.2002506810237 17.1436150058999 11.696172973354 10.5305938326287 9.21097016274598 16.3767252213036 18.754353352596 12.8818070876564 5.5130353468075 10.5269829170716 22.8514344869665 36.6724790059496 51.6881442031144 60.5932450642031 49.2014702981205 38.4625607046974 31.3944672626338 29.5792215100286 33.626723699604 37.4398029928309 30.0203772038371 25.1511487785659 16.3281397875448 5.76260315519043 8.65611343605533 13.1944734969636 18.2282876187177 12.7401380249848 11.8634121001208 6.39612580926865 10.6842317622587 23.0678558282526 36.9392969376281 52.0060604077578 65.59632610606 59.8889471142481 47.5196947717993 37.7124589201621 31.9378950911997 31.274110169411 32.5691225683071 31.6155153617035 32.7456041405038
10.173966487137 12.9538512825615 23.2164656720238 25.4658912051986 13.6472717362291 5.03114445665119 5.24012782239506 9.217496847174 8.75145694861506 8.32786715237512 8.28064612198059 7.43343324752656 17.1226686884924 27.3535693311582 39.9052133393867 54.2937091712109 66.6331586628404 60.4566006324679 51.3298231184923 45.7136876885654 44.3192716047398 47.4160994974622 49.8802089701656 43.2241838133019 34.0191838050572 22.6607739949491 15.356329514405 8.21614147634612 6.01871097936487 12.8899481231582 5.26640406604182 7.12482594415047 14.8289660077358 18.7214276019522 28.0430969047715 40.5503504883084 54.910031651714 65.0683249350856 52.6998556324957 38.75680156543 26.8816803018266 18.7897089425605 18.4285676074368 25.6482935537628 23.8392922412177 21.1313073612177
18.3134316755811 18.2847435011612 18.1599949846462 23.6362269897627 20.2682041936908 10.8376490512056 5.28099915674431 5.34787196673557 9.90904253316156 5.44910002587585 8.98216181517193 10.2514328280538 13.6824224897926 24.4620626089692 37.6874975697939 50.263331083353 57.9829458248332 64.6692067402569 65.1384094852746 61.4749856912499 60.3043543813314 62.8749112096287 64.1808550881482 54.7314197406153 42.8498030602487 33.6274767622982 25.3798869828912 16.4997672905823 14.4255688950237 17.8781210684929 10.2379702759898 8.364049448285 15.9662983917139 24.06794908208 34.5714362446454 46.7840940248621 60.7765672323135 64.6713293397342 49.2882881540258 34.469656390762 20.8895985912033 9.17354087462589 8.46553973218869 18.8534080657252 13.8549993097598 8.86156768005503
21.3675640263164 10.7953009617515 7.39020717894228 17.807255248716 25.4330278186683 15.0764016916708 8.20967286790225 14.4354646804816 18.0920137354543 9.87868751792193 11.2237178593183 7.46584615224043 10.525033353552 21.2444283147421 31.2703554146884 37.5328068789476 43.7738596926868 52.3348869896355 60.9380761998592 66.691073997926 67.4908311146976 71.448109377383 74.9261016501974 65.4669562329331 54.7932823171056 45.6708064049211 35.7196746697495 28.8909447939389 27.4730065972552 23.0994419477055 11.5890047983561 5.66287031729867 6.97510053718961 17.4775343591827 30.0634847890086 44.1502782243272 59.5718009806779 65.3001228346432 50.3127435088705 35.769704535012 22.7789271745952 12.6581130661936 12.1113670323336 20.1550181576544 13.2257922729391 7.89305529046201
24.4025770006583 13.525170689863 10.8987187711777 19.6718851919673 29.619704869424 24.1022231548361 20.4393710177598 24.5363947421358 27.5893153359376 21.4956232740251 19.1455629398696 14.6967737893526 10.062084562551 13.1184444956072 19.628058828969 24.3245935663699 31.4919256344617 39.1596235352853 48.273644038519 51.1697570398821 52.3328460337164 57.5247625029466 66.1476492537013 73.7170992444029 68.3257195652225 57.4442566974294 48.4469687038479 43.1039198215566 40.0095057608541 30.0553990967527 20.8830811131085 11.2881018128265 6.24916585381317 15.8807475253081 28.9595496643591 43.3248285193926 56.9708680631197 60.7942520013944 54.8685466614098 42.2769567676113 31.375421988327 24.507785036926 24.1941368459657 28.5914956671258 22.6557204195797 19.7821766876925
32.4843360496771 24.7938763886006 23.3455777999352 28.5007965158632 28.1976751184171 21.6303625697639 21.7229803349236 28.7327686714506 34.5644599299879 24.0829159663292 13.0830110194098 7.0346103141146 7.31778731542444 8.69877853719515 7.81368255493834 12.8733665350864 20.0381213224579 27.750264469752 36.9090955272551 35.9101248779662 37.3696651979213 43.7151297147093 53.7148055946404 66.36200839748 76.2406198589316 70.0165971360772 63.1039187964957 58.5857013565764 51.0732536601114 40.6537835019758 29.884679176414 20.3727518183015 17.158181508219 22.71772530179 33.2569053714291 44.6517073660902 45.7566865743021 45.4952746490793 49.4590398449337 50.6836226887641 43.5570347107492 38.406868381362 38.1786315422926 40.6731052659586 35.5812475890285 33.6335495015517
44.3143541529013 38.4772354383547 37.3102172014782 33.3704349525721 20.919160629711 10.26456089322 10.6997928773413 21.6007144362359 32.0176266530034 22.6600699526317 10.6288791706277 6.40909074075068 14.7326090540138 12.945473932174 5.94486830425579 6.86804358106142 9.59629609108642 20.7020108945099 26.558020935071 21.8978587993597 24.0025320002143 32.3477600512564 44.1633779367787 58.1010829895474 65.7892343501177 62.6760655508074 62.6190469528305 64.6933014245607 56.1976555206583 44.5691710312923 33.7662358591016 23.8199757525182 18.6466587166855 20.9159112167565 29.3862999284981 36.0639849009947 31.2225734613398 30.8140267782118 36.1496752107616 45.6810816598297 54.1592670663893 53.675203412163 53.5071764618812 54.8382475077487 50.2451956348736 48.7225051301079
58.4440302421872 53.6159988936597 47.5984110023896 33.9928815739601 20.7062718240795 9.8608964727473 10.3007839923784 21.3812135603705 32.7912336689458 27.9001869472718 19.9265842077774 17.8545361281068 23.3364812871135 22.89879302449 16.7266124781891 11.0425644482333 10.9829090350772 19.7202717078839 16.5942450447193 9.59931837191268 13.4731033461254 24.9817092591735 37.8664310647712 50.2634296499421 50.9195229363273 46.6117051183272 46.689282209472 51.1234050455322 48.5776547011926 35.5357509131001 24.797870623335 15.5272392970817 6.98518908452811 11.0981216528263 22.8951052446735 26.3597347045195 18.2336420315041 17.5839149328018 25.2353803674696 36.9573480368654 50.7845574085863 64.4098895778045 70.0156248421175 70.6274106420784 66.2873250001472 63.0762940602782
74.3545243876377 66.9064649762707 52.9882622422565 39.4148080217902 28.1540774734977 21.0141832441217 21.2266757657905 28.0853436171785 27.1677893430086 21.6555579737373 22.0247396847237 25.6826605795977 33.1883198960088 34.7064123274866 28.8431151084365 22.5840684236457 22.1254908439287 18.8243736993781 8.06173967182858 4.42913165194161 10.0330920625571 19.5675434500219 29.8152057861296 41.14582972792 37.3586280884753 31.8640450699979 31.9629269964675 37.6318891183246 42.3827229538743 30.1890874195026 17.2000917717669 7.50266262538641 6.53931563180095 12.4520164636068 23.4295001013638 21.1111155227493 9.19236292053887 7.94418701908485 19.3478705944629 32.8287663364055 47.5313349228519 63.4457437076637 79.2874343562603 79.3625450215766 70.5219870186793 57.9956271887906
89.8284166422416 75.4502148655604 61.1652334834392 49.0503456883233 39.8067944716105 34.641742885977 34.4777667415785 30.3531715356109 18.5490358673813 9.50707232057319 9.83833585000502 17.8270341503965 30.1822442309069 42.6214591484317 41.4822393766866 35.8534299210944 27.6117899765003 14.889868930898 4.96146360447244 4.33587498727919 5.68816076807497 12.1841707257084 24.4619871823572 34.3233883162715 26.3513422709693 18.5839966952496 18.733456665576 26.6958263451153 37.3624302334867 30.9036261119404 18.3114907981573 9.71845402804985 13.5713700819093 22.4255948191793 30.1567304229302 23.4757503783719 13.471144462145 12.59114689198 21.8421756957481 34.4995856458647 48.8244675261339 64.5282974405861 74.2129161533163 65.6873386997227 58.0208962860916 48.3238111218469
100.997653937944 85.655541601538 72.4150582156278 61.6098241410808 53.7951854401724 49.4683549910479 42.1094221915084 28.238860026699 15.0983891406585 5.35721054603702 6.47644936756132 15.9440553169199 28.9790444988088 43.3062602829715 50.4878279790715 43.2489058370274 30.0223794668762 17.1065239812407 5.94517278311658 7.10843691191674 5.63856186300429 9.50183077786037 18.5295848163316 28.6797251723048 20.1358883672709 8.60174375368683 8.90914331626086 20.5763011948157 34.0959838398232 37.1780591945729 27.3026470014272 22.072854093727 24.2016307731447 30.0858854695322 32.9208608914015 31.062834713752 25.4296017893725 24.9276153236216 31.0351252016258 41.4451187371877 54.4532413641397 68.1852150048991 64.0838552811361 52.4420093080208 43.7151177861496 38.3152071470851
109.189125438591 96.508025004698 85.4765332134442 76.306301849207 69.3967613443613 60.0662049280892 45.4903703661264 32.037764861916 20.9257322585785 15.1101909133205 17.2748056465007 23.1712158204505 33.8632279844279 43.8582313833216 39.60163866694 35.4324341086873 31.7428949386871 20.6805680224687 10.9429666930308 10.656137511167 10.6700083798555 6.50367770886335 16.5514053839595 27.6621760885369 19.7015944651257 8.23042490284288 9.1136485523672 20.9189163605037 34.5114716329247 45.2268586005764 39.8580286738439 35.063764316162 28.9047873887834 21.4321183654083 20.1401263983665 26.5599476595392 35.0617361439394 38.9285851882022 43.586503862069 52.1454684623871 63.6816826975162 68.4915336807181 54.9529047125797 41.8424898701299 31.2708754283355 24.901271137082
96.6285633571034 86.2613987189643 78.6502470551646 74.1180435345762 72.3194209462905 65.8579176849584 52.7189182078483 40.9227767262222 32.2846012641241 28.5210940119873 30.5300260280223 35.0315015380214 42.3594889313455 37.700577944588 27.2996124162235 21.5557016103723 22.2748328381436 20.0792473878456 8.57850402500882 5.61354084974939 9.65385187753842 6.30494686907885 15.5398823304256 22.6684066323649 24.7425826314745 18.2675224663367 18.707403219333 26.8753221400647 38.620873572683 44.6013152035624 42.6124256454994 36.1496006209211 22.8291546671308 11.1938113513604 8.6716510288681 18.9348663289793 31.6816936132321 42.7054613883006 52.3185910135325 63.1429043466828 73.7564681780939 65.1531610549136 49.3974833919822 35.0048819445547 22.2387286863358 12.676903771239
82.2655907370488 70.9945735180932 62.5073520160412 57.3541836844288 56.0166012555121 58.6061748544368 60.1582847937565 53.0547816527279 46.0583345537033 43.2107441773407 44.9780579921161 48.9342599878721 45.4718434867984 31.6031832405654 18.7772755615482 9.44580626097191 10.3767702762311 18.9249929856122 16.7044124936363 13.6181985055737 6.77835303914105 9.13503396489748 7.74693674214382 13.0865274093711 21.3671576408665 24.2748461558971 29.7991396125703 37.3734444632802 38.9710097322681 31.6138404085904 28.3334200470861 30.1980378682492 23.2802500584091 12.0652670693401 9.71690345841612 16.9955530622119 23.2415951629451 32.5479730207981 44.9286517379099 59.268451255294 73.2400079327943 64.0235898258691 48.0260953706674 33.2137194349241 19.5331788579896 7.33921289652142
69.7463057043541 57.8900445852356 48.1631760315725 41.9880120492761 40.337131178839 43.5685637841568 51.0373424104799 60.0343824861175 61.1615035240251 58.8837794171461 60.0671020392828 59.5642994253281 45.6687104619454 31.2392774444765 18.2079090739432 8.23659104277436 8.56171609449842 19.2052746872199 27.7376413799161 21.1405626706339 12.9826564112687 10.625027403963 6.23876473627871 11.519052095263 9.73536718737751 14.9714597031335 26.7073248394049 38.4943999561541 30.940020449559 20.0793038935433 14.9237563849775 19.5717769324587 27.0935537398773 22.5315888534393 15.2279303021397 7.91759578873124 13.9533982075545 26.1927809892077 40.0942651419791 55.2795053146812 70.8416854186478 64.7086231921296 48.7830697423255 34.1190134583542 20.7950204378608 9.77620394800575
56.0431053961118 47.3806906518334 36.0596348660076 28.1627620837932 25.8934771469257 30.2565266098076 39.516841798524 51.7648719778807 59.7557256573363 55.6889086494774 54.7144133988317 56.7305973313376 49.844843341674 36.7827762993062 26.035156930739 19.872030738447 19.6900426637295 26.4602426192914 35.9687999303942 31.1023327023456 22.4899413789148 11.4098226897346 7.97761367719532 13.7408633038426 6.99335012176501 13.2234094475444 25.6780473772099 36.7920159344572 27.1149697520056 14.0971911770427 5.60961702917293 13.3677908750895 26.269145221654 28.6653563981461 16.4438619657114 8.61377938110574 14.3821962676193 26.4405647153742 40.2688672507266 55.4151649181623 71.4820526032495 68.3225364175723 53.026385787145 39.4198178438108 28.0796716883474 20.7853900686752
41.0639011318237 37.5986652773052 27.3905377539448 16.6469383561868 12.8217608446535 19.7612616191276 31.5551536978609 45.1315305858353 46.261007320331 40.3769339676107 39.163242654152 42.9115241226758 49.6527691091496 46.4720772900505 38.0200740558235 33.6043964707036 33.3043009241528 38.095635799811 46.3128417587309 41.4065047790353 29.7259246929268 21.1281888767429 19.3451892746338 22.2504193595018 18.5626683997628 21.917512554946 31.4374941263241 40.2514665423245 29.9602471848349 18.6347581558286 12.955876029039 18.0579441178407 29.1832786752432 34.5749301885562 25.4707888566945 20.9211187567197 24.0935155761741 33.1700209024993 45.4105045742441 59.6575820029704 72.4302214129813 69.1809757911923 57.8743605497613 44.6690139699759 33.7779059492248 26.6562280976275
27.4562206512999 24.7569393103039 23.2518400631415 11.82714422476 5.94881569975953 15.8051931592245 29.0057607397938 40.8278037798054 34.2243399361427 26.5669216460936 24.869471499317 29.9485794004839 39.7368830315026 51.0731670747639 52.0392943112082 48.6215897661663 48.2768042855504 52.0591415105035 58.2192151695181 50.7356367663677 40.6042104522296 34.2298070283409 32.334080639068 29.4252462699522 24.7379852825006 26.2751149102901 33.7803454545148 43.3656317580025 38.3026856646208 29.6346026255188 26.1295257140436 29.237374288264 37.6485161941558 44.4061037109508 38.1063412453898 34.9144276678735 37.0974067351445 44.0734367249387 54.542174337184 65.6496737713895 62.5729400661618 54.8539602008238 49.7137817486622 38.944235346847 25.971733811067 15.7286071816628
