0.124886 0.0138013 0.861313
0.14805 9.9991E-05 0.85185
0.315142 9.9991E-05 0.684758
0.0192271 0.0169201 0.963853
0.0383807 0.0307011 0.930918
9.999E-05 0.018923 0.980977
0.0309553 0.0251655 0.943879
0.0308865 9.9991E-05 0.969013
0.194791 0.103493 0.701716
0.257299 0.0502628 0.692438
0.237782 0.204626 0.557592
0.247986 0.077146 0.674868
0.107466 0.332421 0.560113
0.273513 0.115294 0.611193
0.249377 0.0402496 0.710373
0.159296 9.9991E-05 0.840604
0.282638 9.9991E-05 0.717262
0.123157 9.9991E-05 0.876743
0.635904 0.191212 0.172884
0.716387 0.00745896 0.276154
0.747612 9.9991E-05 0.252288
0.865005 0.0608169 0.074178
0.9998 9.999E-05 9.999E-05
0.909448 0.00992862 0.0806239
0.707118 0.000374148 0.292508
0.943492 9.9991E-05 0.056408
0.939614 0.0602863 9.9991E-05
0.934472 0.0654283 9.9991E-05
0.950907 0.00578367 0.0433096
0.889006 0.0600319 0.0509624
0.955096 0.0448041 9.9991E-05
0.907015 0.0376343 0.055351
0.936096 9.9991E-05 0.0638038
0.260659 0.0502585 0.689082
0.317705 9.9991E-05 0.682195
0.0952871 0.0591565 0.845556
0.084777 0.0249595 0.890263
0.213581 0.149386 0.637033
0.639265 0.360635 9.9991E-05
0.86446 0.025812 0.109728
0.205155 0.0668128 0.728032
0.146288 0.0217399 0.831972
0.354361 0.204909 0.44073
0.216202 0.353883 0.429915
0.0844139 0.276969 0.638618
0.632035 0.367865 9.9991E-05
0.292025 0.100332 0.607643
0.215646 0.194514 0.58984
0.376748 0.130426 0.492826
0.0796168 0.894636 0.0257474
0.0756187 0.902562 0.021819
0.00318381 0.894287 0.102529
9.9991E-05 0.825703 0.174197
0.0989157 0.900984 9.9991E-05
0.0964532 0.903447 9.9991E-05
9.9991E-05 0.773348 0.226553
0.0737571 0.926143 9.9991E-05
0.0874286 0.912471 9.9991E-05
9.9991E-05 0.911957 0.0879425
9.9991E-05 0.760054 0.239846
0.0563814 0.943519 9.9991E-05
0.0666133 0.80811 0.125277
0.0732656 0.557948 0.368786
0.84322 0.0146952 0.142085
0.887972 0.0176583 0.0943694
0.873383 9.9991E-05 0.126517
0.066098 0.79513 0.138772
0.0155493 0.703007 0.281444
0.105193 0.843733 0.0510744
0.118272 0.879977 0.00175071
9.9991E-05 0.918507 0.0813933
9.9991E-05 0.365864 0.634036
0.0537822 0.314624 0.631594
9.9991E-05 0.35825 0.64165
0.0806561 0.320692 0.598652
0.192902 0.283149 0.523949
0.0978912 0.38315 0.518959
0.164008 0.251415 0.584577
9.9991E-05 0.767092 0.232808
0.107791 0.617608 0.274601
0.130615 0.84033 0.0290552
0.138316 0.861307 0.000376997
9.9991E-05 0.800542 0.199358
0.827368 0.0571188 0.115514
0.172958 0.457023 0.370019
9.9991E-05 0.434661 0.565239
0.643764 0.356136 9.9991E-05
0.190956 9.9991E-05 0.808944
0.196372 9.9991E-05 0.803528
0.248686 0.0359337 0.71538
0.304282 0.140563 0.555155
0.0971361 0.02537 0.877494
0.00447463 0.444394 0.551132
0.652636 0.0727031 0.274661
0.0235484 0.463984 0.512468
0.371155 0.144057 0.484788
0.199326 9.9991E-05 0.800574
0.129311 0.0015416 0.869148
0.176101 9.9991E-05 0.823799
0.0294948 0.0735866 0.896919
0.0344279 0.062127 0.903445
0.106328 9.9991E-05 0.893572
0.112978 0.439751 0.447271
0.122178 0.38113 0.496692
0.109178 0.406272 0.48455
0.290939 0.100928 0.608133
0.191898 0.212572 0.595531
0.461552 0.0219785 0.51647
0.0537739 0.812572 0.133655
9.9991E-05 0.869717 0.130183
0.273203 0.356147 0.370651
0.207869 0.326577 0.465554
0.373895 0.269816 0.356289
0.789484 9.9991E-05 0.210416
0.100757 0.842598 0.0566456
0.0241241 0.801897 0.173979
9.9991E-05 0.654118 0.345782
0.53146 0.0490713 0.419469
0.317164 9.9991E-05 0.682736
0.0133272 0.0440753 0.942598
0.0929997 0.100542 0.806458
0.376989 9.9991E-05 0.622911
0.244667 9.9991E-05 0.755233
0.135727 0.0202661 0.844007
0.0678653 0.0355268 0.896608
0.439119 0.0107013 0.550179
0.124861 0.00715676 0.867983
0.237012 9.9991E-05 0.762888
0.114206 9.9991E-05 0.885694
0.302163 0.0933612 0.604476
0.099623 0.0553051 0.845072
0.225586 0.0356302 0.738784
0.10834 0.0339362 0.857724
0.889436 0.0078736 0.10269
0.934405 9.9991E-05 0.0654947
0.968222 9.9991E-05 0.0316783
0.812221 0.0613134 0.126466
0.885755 0.0590786 0.0551662
9.9991E-05 0.120447 0.879453
0.205295 9.9991E-05 0.794605
9.999E-05 0.9998 9.999E-05
0.113576 0.878668 0.00775601
0.0437371 0.928833 0.0274301
0.035451 0.756131 0.208418
9.9991E-05 0.956605 0.0432946
0.173986 0.825914 9.9991E-05
9.9991E-05 0.961494 0.0384057
0.0682002 0.9317 9.9991E-05
0.0529598 0.94694 9.9991E-05
0.116 0.8839 9.9991E-05
0.0125374 0.931927 0.0555353
0.0775793 0.818234 0.104186
0.0722402 0.839708 0.0880518
0.0631361 0.936764 9.9991E-05
0.0352921 0.947699 0.0170094
9.9991E-05 0.968896 0.0310043
0.0745992 0.921494 0.00390676
9.9991E-05 0.405626 0.594274
0.0324734 0.269058 0.698468
9.9991E-05 0.894575 0.105325
0.00446385 0.733263 0.262273
0.0394885 0.960412 9.9991E-05
9.9991E-05 0.375694 0.624206
0.0381889 0.0234151 0.938396
0.289686 9.9991E-05 0.710214
0.455773 0.0494012 0.494826
0.693719 0.0104628 0.295818
0.846757 9.9991E-05 0.153143
0.894774 0.0436903 0.0615353
0.776831 9.9991E-05 0.223069
0.885354 0.0289141 0.0857321
0.816892 0.0744947 0.108613
0.85507 0.0883856 0.0565446
0.169551 9.9991E-05 0.830349
0.130543 0.0754687 0.793988
9.9991E-05 0.0843692 0.915531
9.9991E-05 0.0333009 0.966599
9.999E-05 9.999E-05 0.9998
0.0568972 0.104518 0.838584
0.284926 0.00632395 0.70875
0.22983 0.0779299 0.69224
0.151108 0.0258452 0.823046
0.222555 0.0672548 0.71019
0.141631 0.0591233 0.799246
0.789497 0.128833 0.0816701
0.0385619 0.855048 0.10639
0.123848 0.876052 9.9991E-05
0.0278145 0.955911 0.0162744
0.0544779 0.79369 0.151833
0.0783052 0.858077 0.0636182
0.319387 0.160601 0.520012
0.313884 0.0100603 0.676055
0.227902 9.9991E-05 0.771998
0.356492 0.0198462 0.623662
