0.209432 9.9991E-05 0.790468
0.102146 9.9991E-05 0.897754
0.238559 0.0233113 0.73813
0.0756695 0.0247864 0.899544
0.0231488 0.0365163 0.940335
9.999E-05 0.0345486 0.965351
0.0537103 0.0283198 0.91797
0.0327471 9.9991E-05 0.967153
0.168991 0.0794547 0.751554
0.186133 0.099698 0.714169
0.14139 0.220369 0.638241
0.262157 0.0999459 0.637897
0.0257412 0.331607 0.642652
0.224977 0.0980174 0.677006
0.29705 0.0663322 0.636618
0.0669892 9.9991E-05 0.932911
0.317753 9.9991E-05 0.682147
0.0483778 9.9991E-05 0.951522
0.562605 0.212453 0.224942
0.713246 0.0269653 0.259789
0.755222 0.0104354 0.234343
0.910515 0.038537 0.0509482
0.968679 0.0312207 9.9991E-05
0.886885 0.00365385 0.109461
0.710747 0.00786391 0.281389
0.992145 9.9991E-05 0.00775476
0.935784 0.0641165 9.9991E-05
0.936981 0.0629192 9.9991E-05
0.9998 9.999E-05 9.999E-05
0.886826 0.113074 9.9991E-05
0.97505 0.0196115 0.0053384
0.955569 0.0410215 0.00340983
0.920847 0.00472728 0.0744256
0.246747 0.0501594 0.703093
0.246619 9.9991E-05 0.753281
0.169756 0.0916743 0.738569
0.124754 0.0350297 0.840216
0.242476 0.154556 0.602968
0.656369 0.343531 9.9991E-05
0.871866 0.0563681 0.0717662
0.195818 0.0967499 0.707432
0.147558 9.9991E-05 0.852342
0.29937 0.158424 0.542206
0.155572 0.308841 0.535588
0.129492 0.309191 0.561317
0.614042 0.385858 9.9991E-05
0.291563 0.0910935 0.617344
0.069289 0.228099 0.702612
0.384384 0.126166 0.48945
0.0621655 0.852212 0.0856223
0.0634162 0.934558 0.00202555
9.9991E-05 0.845448 0.154452
0.0294542 0.830675 0.139871
0.101022 0.898878 9.9991E-05
0.10475 0.89515 9.9991E-05
9.9991E-05 0.744706 0.255194
0.0281622 0.895769 0.0760684
0.0805707 0.919329 9.9991E-05
9.9991E-05 0.872239 0.127661
0.0287497 0.710131 0.26112
0.111947 0.887953 9.9991E-05
0.0963338 0.784468 0.119198
0.105733 0.552972 0.341295
0.880424 0.0606282 0.0589473
0.86906 0.0139804 0.116959
0.894233 9.9991E-05 0.105667
0.0675678 0.772805 0.159627
0.0559 0.714506 0.229594
0.0697797 0.804522 0.125698
0.106338 0.871503 0.0221593
0.0258068 0.912006 0.0621871
9.9991E-05 0.35512 0.64478
9.9991E-05 0.296358 0.703542
0.0323451 0.344294 0.623361
0.0679717 0.337788 0.59424
0.202096 0.264438 0.533466
0.033566 0.339187 0.627247
0.1605 0.296368 0.543132
9.9991E-05 0.768719 0.231181
0.0267959 0.605349 0.367855
0.121838 0.822571 0.0555913
0.124083 0.875817 9.9991E-05
9.9991E-05 0.804962 0.194938
0.720328 0.0749883 0.204684
0.0788569 0.480245 0.440898
9.9991E-05 0.40318 0.59672
0.613227 0.386673 9.9991E-05
0.151236 9.9991E-05 0.848664
0.228253 9.9991E-05 0.771647
0.230118 0.0576293 0.712252
0.277318 0.13723 0.585452
0.154977 0.0162714 0.828752
0.0419071 0.448 0.510093
0.615005 0.049377 0.335618
0.030445 0.418476 0.551079
0.347591 0.159339 0.493069
0.175138 9.9991E-05 0.824762
0.111788 0.0247681 0.863444
0.137896 9.9991E-05 0.862004
0.0142533 0.0918001 0.893947
0.113719 0.0291019 0.857179
0.1068 9.9991E-05 0.8931
0.0803284 0.469115 0.450557
0.152662 0.332452 0.514885
0.103778 0.461623 0.4346
0.196678 0.115422 0.6879
0.138437 0.22318 0.638383
0.493391 0.0456324 0.460976
0.00579967 0.817356 0.176844
0.0227666 0.856776 0.120457
0.209255 0.38624 0.404505
0.175383 0.350016 0.474602
0.363105 0.303543 0.333352
0.837848 0.0169596 0.145192
0.153286 0.81693 0.0297832
0.0645906 0.80533 0.130079
9.9991E-05 0.691885 0.308015
0.574564 0.0613342 0.364102
0.270656 0.0311303 0.698213
9.9991E-05 0.0421437 0.957756
0.0827457 0.0279902 0.889264
0.42518 9.9991E-05 0.57472
0.15159 0.0254712 0.822939
0.15731 0.0104343 0.832256
0.0279816 0.0188754 0.953143
0.393914 0.0112414 0.594845
0.129841 9.9991E-05 0.870059
0.262273 9.9991E-05 0.737627
0.217791 9.9991E-05 0.782109
0.23776 0.122848 0.639392
0.0929584 0.0359161 0.871125
0.24774 0.0153843 0.736875
0.127232 0.0316067 0.841162
0.973265 0.0118636 0.0148712
0.933355 9.9991E-05 0.0665447
0.9998 9.999E-05 9.999E-05
0.855287 0.0582606 0.0864519
0.850019 0.0486676 0.101314
9.9991E-05 0.10125 0.89865
0.209168 9.9991E-05 0.790732
9.999E-05 0.9998 9.999E-05
0.076571 0.867568 0.0558614
0.0479788 0.894469 0.0575523
0.0116231 0.806173 0.182204
9.9991E-05 0.956097 0.0438032
0.122101 0.877799 9.9991E-05
9.9991E-05 0.944715 0.0551847
0.0948523 0.905048 9.9991E-05
0.081517 0.918383 9.9991E-05
0.102297 0.897603 9.9991E-05
9.9991E-05 0.916051 0.0838493
0.0620254 0.853651 0.0843237
0.0597167 0.84346 0.0968237
0.0573343 0.942566 9.9991E-05
0.0201412 0.894149 0.08571
9.9991E-05 0.954041 0.0458594
0.0715633 0.928337 9.9991E-05
9.9991E-05 0.380784 0.619116
0.0581043 0.215631 0.726264
9.9991E-05 0.933404 0.0664962
9.9991E-05 0.733907 0.265993
0.0585901 0.94131 9.9991E-05
9.9991E-05 0.34659 0.65331
0.0515302 0.0090388 0.939431
0.255049 9.9991E-05 0.744851
0.409587 0.024157 0.566256
0.641717 9.9991E-05 0.358183
0.829111 0.0266631 0.144226
0.90408 0.0763119 0.019608
0.866055 9.9991E-05 0.133845
0.872852 0.00646045 0.120688
0.795375 0.109434 0.0951908
0.82488 0.107248 0.0678721
0.0831712 0.00513416 0.911695
0.102172 0.0561627 0.841665
9.9991E-05 0.0551996 0.9447
9.9991E-05 0.0491157 0.950784
9.9991E-05 0.0220959 0.977804
0.026372 0.0656265 0.908002
0.242706 0.00916763 0.748126
0.151585 0.0681309 0.780284
0.10704 0.0404076 0.852552
0.15947 0.0781389 0.762392
0.201134 0.0590975 0.739769
0.800295 0.138775 0.0609297
9.9991E-05 0.84617 0.15373
0.105321 0.894579 9.9991E-05
0.0315293 0.961464 0.00700693
9.9991E-05 0.808347 0.191553
0.096598 0.863649 0.0397529
0.292726 0.158542 0.548732
0.234097 0.0216848 0.744218
0.169471 9.9991E-05 0.830429
0.306867 0.0321716 0.660962
