0.745772 0.133039 0.0149198 0.0878216 0.0184476
0.740516 0.150563 9.9991E-05 0.0720445 0.0367766
0.673268 0.0809685 9.9991E-05 0.211126 0.0345371
0.774383 0.190058 0.0112425 0.0147246 0.00959243
0.921368 9.9982E-05 0.0714224 9.9982E-05 0.00700915
0.874068 0.0237224 0.10201 9.9982E-05 9.9982E-05
0.649017 0.26713 0.00659221 0.0771603 9.9991E-05
0.785075 0.17677 9.9982E-05 9.9982E-05 0.037955
0.64715 9.9991E-05 0.126975 0.220878 0.00489679
0.463327 0.278984 9.9991E-05 0.221942 0.0356469
0.330349 0.485031 0.0724759 0.0508607 0.0612827
0.450216 0.236895 0.0311584 0.246779 0.0349527
0.0409873 0.861158 0.0500747 0.0133467 0.0344331
0.416144 0.29334 0.0377255 0.25269 9.9991E-05
0.740201 9.9991E-05 0.0751229 0.146404 0.0381722
0.719453 0.114227 0.0371345 0.10972 0.0194655
0.635166 0.125995 9.9982E-05 0.238639 9.9982E-05
0.769809 0.0752226 0.000499474 0.131558 0.0229117
0.140634 0.110405 0.142916 0.530492 0.0755534
0.107951 0.235466 9.9982E-05 0.656383 9.9982E-05
0.251062 0.00138447 0.0167689 0.702406 0.0283783
0.0281073 0.129433 0.0159862 0.820305 0.00616902
9.999E-05 0.0518054 0.00857255 0.8858 0.0537216
0.244307 9.9991E-05 0.0353508 0.682817 0.0374244
0.164811 0.0879698 9.9982E-05 0.74702 9.9982E-05
0.0816696 0.0195919 9.9991E-05 0.877636 0.0210026
9.9982E-05 9.9982E-05 0.0685883 0.900895 0.0303169
9.9991E-05 0.03766 0.0769805 0.850444 0.0348159
0.0595762 9.9982E-05 0.0147012 0.925523 9.9982E-05
0.061301 9.9982E-05 0.0668288 0.87167 9.9982E-05
9.9982E-05 9.9982E-05 0.0420315 0.942235 0.0155339
0.052477 9.9991E-05 0.0540083 0.864495 0.0289197
0.00729432 0.0961743 9.9991E-05 0.837973 0.0584582
0.476873 0.284099 9.9991E-05 0.16911 0.0698182
0.664504 9.9991E-05 0.102271 0.223492 0.00963272
0.732457 0.0740724 0.0797686 0.113602 9.9991E-05
0.682148 0.18974 9.9991E-05 0.0835792 0.044433
0.474433 0.269345 0.0867342 0.156608 0.0128795
9.997E-05 9.997E-05 9.997E-05 9.997E-05 0.9996
9.9982E-05 0.186454 9.9982E-05 0.777431 0.0359146
0.801797 9.9991E-05 0.146541 0.0463636 0.00519825
0.56809 0.230761 9.9982E-05 0.200949 9.9982E-05
0.326478 0.204072 0.129075 0.318983 0.0213922
0.0657436 0.646883 0.102831 0.13894 0.0456017
9.9991E-05 0.94172 0.00549732 0.0284285 0.0242537
9.997E-05 9.997E-05 9.997E-05 9.997E-05 0.9996
0.458408 0.283561 0.0121134 0.167162 0.0787558
0.314601 0.476508 0.100108 0.108684 9.9991E-05
0.333202 0.15123 0.101588 0.376883 0.0370969
0.022248 0.13248 0.791192 0.0298274 0.0242527
9.9982E-05 0.215342 0.772434 9.9982E-05 0.0120243
0.197552 9.9973E-05 0.802148 9.9973E-05 9.9973E-05
0.0628966 0.174617 0.706879 9.9991E-05 0.0555076
0.00822682 9.9991E-05 0.839976 0.108159 0.0435376
0.0493693 9.9982E-05 0.875652 0.0747784 9.9982E-05
0.216097 0.0265799 0.757123 9.9982E-05 9.9982E-05
0.0074257 0.0884286 0.80489 0.0624219 0.0368338
9.9982E-05 9.9982E-05 0.843903 0.118744 0.0371526
0.0786977 0.0736137 0.789979 9.9991E-05 0.0576093
0.0615066 0.296528 0.605516 9.9991E-05 0.0363501
9.9982E-05 0.084612 0.82459 0.0905976 9.9982E-05
0.0572658 0.14453 0.715621 0.0824834 9.9991E-05
9.9991E-05 0.606816 0.327188 0.00474684 0.0611489
0.138783 9.9991E-05 0.0482334 0.791112 0.0217715
0.137625 9.9991E-05 0.0438222 0.803896 0.014557
0.195345 9.9991E-05 0.0138486 0.785419 0.0052874
0.0698492 0.190853 0.698276 0.0270557 0.0139661
9.9982E-05 0.388772 0.513112 9.9982E-05 0.0979152
0.109856 0.0771544 0.734747 0.0391235 0.0391193
9.9982E-05 0.286126 0.663797 9.9982E-05 0.0498766
0.102195 9.9991E-05 0.83705 0.0133921 0.0472621
0.224734 0.598118 0.150174 9.9991E-05 0.0268737
0.154221 0.752504 0.0878801 0.00217389 0.00322026
9.9982E-05 0.869366 0.0927932 0.0376405 9.9982E-05
9.9973E-05 0.975756 9.9973E-05 9.9973E-05 0.023944
9.9982E-05 0.899772 9.9982E-05 0.0800666 0.019961
9.9991E-05 0.941071 0.00585085 0.0277437 0.0252344
0.0475165 0.803107 9.9991E-05 0.130939 0.0183381
9.9973E-05 0.392524 0.607176 9.9973E-05 9.9973E-05
0.0663444 0.338464 0.416569 0.0421063 0.136516
0.0271148 0.163945 0.75409 0.033171 0.0216795
9.9991E-05 0.127033 0.733455 0.0901588 0.0492533
0.215158 9.9982E-05 0.738396 9.9982E-05 0.0462467
9.9991E-05 0.215542 0.0123334 0.734921 0.0371042
0.0885349 0.528714 0.297911 0.0847398 9.9991E-05
0.0358935 0.823344 0.140563 9.9982E-05 9.9982E-05
9.997E-05 9.997E-05 9.997E-05 9.997E-05 0.9996
0.707583 0.102824 9.9991E-05 0.187187 0.00230588
0.753012 0.0651014 9.9991E-05 0.133174 0.0486127
0.553325 0.241277 0.0217243 0.151916 0.0317575
0.381033 0.219975 0.0734676 0.289979 0.0355455
0.787808 0.0396104 0.0767781 0.0957038 9.9991E-05
9.9982E-05 0.854876 0.14365 0.00127365 9.9982E-05
0.195064 0.185231 0.0156377 0.542801 0.061266
0.148624 0.560663 0.190513 9.9991E-05 0.1001
0.245173 0.349635 0.0373733 0.324569 0.0432496
0.822126 9.9991E-05 0.00731912 0.153747 0.0167073
0.552583 0.396473 9.9982E-05 0.0507445 9.9982E-05
0.556141 0.342295 9.9982E-05 0.101364 9.9982E-05
0.569039 0.304994 0.0560413 0.0520612 0.0178638
0.496112 0.390105 9.9991E-05 0.088955 0.0247279
0.575009 0.331473 9.9991E-05 0.0882033 0.00521476
0.0282448 0.679849 0.202092 0.0762016 0.0136132
0.133904 0.532783 0.113247 0.12163 0.0984357
0.0313108 0.710053 0.194304 9.9991E-05 0.0642324
0.0966657 0.637932 9.9991E-05 0.250641 0.0146614
0.252503 0.462866 0.112017 0.172513 9.9991E-05
0.42152 0.0545017 0.0727361 0.451142 9.9991E-05
0.176936 9.9991E-05 0.793757 0.00829894 0.020908
9.9991E-05 0.192735 0.711795 0.0730992 0.0222713
0.0016899 0.688179 0.163552 0.145273 0.0013055
0.175548 0.432873 0.171923 0.181998 0.0376582
0.143622 0.385622 0.182652 0.232924 0.0551798
9.9973E-05 0.258531 9.9973E-05 0.741169 9.9973E-05
9.9991E-05 0.329322 0.592798 0.0354908 0.0422892
0.0492481 0.23906 0.680964 0.0306282 9.9991E-05
0.0968083 0.392217 0.510337 9.9991E-05 0.000537901
0.394503 0.0612024 0.0294498 0.447787 0.0670573
0.730229 9.9991E-05 0.0393108 0.214244 0.0161163
0.734293 0.161096 0.0145833 0.0329918 0.0570357
0.784589 0.0884604 0.108473 0.0183775 9.9991E-05
0.612733 0.00492766 0.013112 0.369127 9.9991E-05
0.7416 0.0482235 0.0256433 0.162851 0.0216822
0.763045 0.0715485 0.0166382 0.142648 0.00612099
0.907578 9.9973E-05 0.0921224 9.9973E-05 9.9973E-05
0.473454 0.159274 9.9982E-05 0.367072 9.9982E-05
0.679855 0.164548 9.9982E-05 0.155397 9.9982E-05
0.653359 0.160674 9.9991E-05 0.160977 0.0248904
0.730501 0.182633 9.9991E-05 0.0816181 0.00514737
0.577495 0.0256814 0.140247 0.256477 9.9991E-05
0.720005 0.181832 0.0458674 0.0223503 0.0299447
0.415551 0.321659 0.00677186 0.255918 9.9991E-05
0.820728 0.103049 9.9982E-05 0.0760227 9.9982E-05
9.9973E-05 0.178291 9.9973E-05 0.82141 9.9973E-05
0.0760969 0.0226056 9.9982E-05 0.901098 9.9982E-05
0.0540844 9.9982E-05 9.9982E-05 0.921809 0.0239071
0.131709 0.0293282 0.0602288 0.774586 0.00414731
0.0383144 0.115646 0.0548718 0.759639 0.031528
0.625965 0.293872 0.0799628 9.9982E-05 9.9982E-05
0.633988 0.175185 9.9991E-05 0.149487 0.0412412
9.9973E-05 0.0838383 0.915862 9.9973E-05 9.9973E-05
0.000991719 0.202228 0.766186 9.9991E-05 0.0304944
0.080395 9.9991E-05 0.885714 0.016756 0.0170353
9.9991E-05 0.339699 0.587166 0.0640535 0.00898127
0.0510852 0.0467949 0.895127 9.9991E-05 0.00689327
9.9991E-05 0.04713 0.815073 0.136508 0.00118933
0.00911719 0.113296 0.867458 9.9991E-05 0.0100284
0.0194366 0.0389284 0.856368 0.0851667 9.9991E-05
0.0443451 9.9982E-05 0.881341 0.0741138 9.9982E-05
9.9991E-05 0.0335274 0.882859 0.0584856 0.0250282
0.0248396 0.15359 0.765662 9.9991E-05 0.0558086
0.121851 9.9991E-05 0.784727 0.045103 0.0482187
0.148318 9.9991E-05 0.779455 0.0645833 0.00754277
0.00880594 9.9991E-05 0.885652 0.085935 0.019507
0.0242667 0.181967 0.793484 9.9991E-05 0.000182931
0.0998046 9.9982E-05 0.871638 9.9982E-05 0.0283571
0.0435736 0.0629495 0.850223 0.0112486 0.0320049
0.0787195 0.787596 0.124976 0.00860915 9.9991E-05
0.0716171 0.928083 9.9973E-05 9.9973E-05 9.9973E-05
0.017431 0.155001 0.827368 9.9982E-05 9.9982E-05
0.180946 0.116682 0.673716 9.9991E-05 0.0285559
9.9991E-05 0.140543 0.828354 0.0285555 0.00244695
0.172489 0.676062 0.15125 9.9982E-05 9.9982E-05
0.86869 0.110888 9.9982E-05 9.9982E-05 0.0202212
0.746005 9.9982E-05 9.9982E-05 0.229386 0.0244095
0.304486 0.186855 0.0168017 0.491757 9.9991E-05
0.212267 0.130213 9.9991E-05 0.655242 0.00217837
9.9982E-05 0.206626 9.9982E-05 0.785533 0.00764062
0.0910171 0.0308218 0.0415119 0.836549 9.9991E-05
0.163633 0.0589165 9.9991E-05 0.767939 0.00941192
0.0841854 0.052293 0.0430966 0.783584 0.0368412
0.051869 0.0994696 0.0958754 0.712269 0.0405166
0.136205 9.9991E-05 0.08724 0.739362 0.0370928
0.799012 0.034847 0.0402334 0.113616 0.0122915
0.753335 0.123244 0.0317229 0.0146098 0.0770882
0.673636 0.268124 9.9982E-05 9.9982E-05 0.0580404
0.627613 0.372087 9.99731E-05 9.99731E-05 9.99731E-05
0.676968 0.312194 9.9982E-05 9.9982E-05 0.0106383
0.501026 0.498674 9.9973E-05 9.9973E-05 9.9973E-05
0.490979 0.247819 9.9991E-05 0.254986 0.0061158
0.529465 0.236943 0.0348816 0.192478 0.00623215
0.594213 0.233907 9.9991E-05 0.0966493 0.075131
0.615209 0.168023 0.0510172 0.150592 0.0151585
0.640844 0.222305 9.9991E-05 0.0861233 0.0506276
0.0838926 0.048826 0.0571088 0.685876 0.124296
0.0298838 0.158267 0.740088 0.0323073 0.0394539
9.9991E-05 0.080346 0.820769 0.047081 0.0517039
9.9973E-05 0.179133 0.820567 9.9973E-05 9.9973E-05
0.0655512 0.175646 0.718856 0.0265507 0.0133957
0.112925 0.0092533 0.792589 0.060959 0.0242744
0.481341 0.0798416 0.150009 0.25392 0.0348892
0.572554 0.11898 9.9991E-05 0.263513 0.0448524
0.773167 0.00857598 0.0501511 0.119259 0.0488461
0.409749 0.293363 9.9991E-05 0.24633 0.0504577
