0.884049 0.000854858 0.115096
0.841733 0.00424274 0.154024
0.749741 0.0166145 0.233644
0.96363 0.0183644 0.0180061
0.910972 0.0188824 0.0701457
0.939315 0.0605851 9.9991E-05
0.906226 0.0232629 0.0705113
0.974688 9.9991E-05 0.025212
0.730997 0.0648576 0.204146
0.687968 0.0188925 0.293139
0.646512 0.220266 0.133222
0.655439 0.0559304 0.28863
0.59039 0.342048 0.0675619
0.59548 0.096429 0.308091
0.721113 0.0475375 0.231349
0.886806 9.9991E-05 0.113094
0.724892 9.9991E-05 0.275008
0.903521 9.9991E-05 0.0963787
0.163876 0.217833 0.618291
0.256984 9.9991E-05 0.742916
0.206758 9.9991E-05 0.793142
0.0568458 0.0783717 0.864782
9.999E-05 9.999E-05 0.9998
0.0952033 0.0167405 0.888056
0.263541 9.9991E-05 0.736359
0.0648613 9.9991E-05 0.935039
9.9991E-05 0.10967 0.89023
0.000931776 0.081111 0.917957
9.9991E-05 0.0207642 0.979136
0.00463545 0.0785148 0.91685
0.01488 0.0344634 0.950657
0.0162328 0.035164 0.948603
0.0483409 0.0298403 0.921819
0.723084 0.0285537 0.248362
0.725429 9.9991E-05 0.274471
0.80558 0.0638716 0.130549
0.875043 0.0357841 0.0891728
0.695558 0.14396 0.160482
9.9991E-05 0.379051 0.620849
0.0644406 0.0324983 0.903061
0.695837 0.0799009 0.224262
0.829162 9.9991E-05 0.170738
0.483573 0.20476 0.311668
0.519534 0.330183 0.150282
0.611265 0.30383 0.0849047
9.9991E-05 0.402501 0.597399
0.542953 0.138886 0.318162
0.60409 0.238218 0.157692
0.493588 0.162014 0.344398
0.0907117 0.873671 0.0356176
0.0783717 0.921528 9.9991E-05
0.118892 0.881008 9.9991E-05
0.119962 0.848516 0.0315219
9.9991E-05 0.894802 0.105098
9.9991E-05 0.917824 0.0820764
0.205799 0.794101 9.9991E-05
0.0574205 0.892661 0.0499187
9.9991E-05 0.924999 0.0749008
0.0745594 0.885847 0.0395939
0.247557 0.752343 9.9991E-05
9.9991E-05 0.868069 0.131831
0.0768352 0.816243 0.106922
0.40199 0.5565 0.0415108
0.104941 0.0722013 0.822858
0.120295 0.0543909 0.825314
0.0644529 9.9991E-05 0.935447
0.158013 0.787536 0.0544505
0.279593 0.719075 0.00133205
0.0648012 0.824147 0.111052
0.0890949 0.862619 0.0482861
0.0997809 0.886595 0.0136241
0.651465 0.348435 9.9991E-05
0.631923 0.312687 0.0553904
0.662282 0.330701 0.00701702
0.613337 0.350143 0.0365202
0.572308 0.237782 0.189909
0.546881 0.361361 0.0917585
0.564136 0.276801 0.159063
0.233809 0.766091 9.9991E-05
0.235802 0.666773 0.0974251
0.0766081 0.815035 0.108357
9.9991E-05 0.859707 0.140193
0.176871 0.823029 9.9991E-05
0.17899 0.0454252 0.775585
0.400835 0.469146 0.130018
0.590267 0.409633 9.9991E-05
9.9991E-05 0.420671 0.579229
0.778861 9.9991E-05 0.22104
0.832137 9.9991E-05 0.167763
0.727163 0.0187059 0.254131
0.536346 0.150316 0.313338
0.846365 0.0507168 0.102918
0.444527 0.476869 0.0786044
0.335803 0.0846253 0.579572
0.533045 0.450402 0.0165529
0.475077 0.179896 0.345027
0.774256 9.9991E-05 0.225644
0.904869 0.00919803 0.0859334
0.775676 0.00881131 0.215513
0.837308 0.0836919 0.0789996
0.894465 0.0208237 0.0847113
0.871659 9.9991E-05 0.128241
0.514552 0.426994 0.0584535
0.383662 0.427571 0.188767
0.455351 0.485051 0.0595981
0.593134 0.106538 0.300327
0.596923 0.220263 0.182814
0.473943 9.9991E-05 0.525957
0.146842 0.853058 9.9991E-05
0.0575663 0.871114 0.0713199
0.381163 0.375774 0.243062
0.511033 0.328281 0.160686
0.332459 0.331102 0.336439
0.140096 0.00315736 0.856747
0.0293525 0.842477 0.128171
0.137489 0.836558 0.025953
0.352047 0.644924 0.00302904
0.412524 0.0752252 0.512251
0.756496 0.0237249 0.21978
0.872369 0.0439517 0.0836796
0.759748 0.0916601 0.148592
0.586384 9.9991E-05 0.413516
0.794499 0.0195005 0.186
0.837368 9.9991E-05 0.162532
0.923273 0.0341157 0.0426109
0.644615 9.9991E-05 0.355285
0.807413 0.0168665 0.17572
0.744639 9.9991E-05 0.255261
0.839519 9.9991E-05 0.160381
0.611074 0.0817448 0.307181
0.813501 0.0378693 0.14863
0.612385 0.084869 0.302746
0.900125 9.9991E-05 0.0997752
0.0851002 0.0329214 0.881978
0.0244499 9.9991E-05 0.97545
9.999E-05 9.999E-05 0.9998
0.106108 0.0440215 0.849871
0.047854 0.0995772 0.852569
0.864608 0.135292 9.9991E-05
0.85175 0.00550315 0.142747
9.999E-05 0.9998 9.999E-05
0.0566327 0.905596 0.0377714
9.9991E-05 0.965594 0.0343059
0.135096 0.784206 0.0806982
0.0242986 0.973586 0.00211588
9.9991E-05 0.896721 0.103179
0.0459101 0.95399 9.9991E-05
9.9991E-05 0.960548 0.0393522
0.0452 0.917676 0.0371241
9.9991E-05 0.924463 0.0754368
0.0665413 0.904697 0.0287621
0.0654592 0.855293 0.0792476
0.0781931 0.85668 0.0651271
9.9991E-05 0.9371 0.0627997
0.0283238 0.934739 0.036937
0.0248177 0.975082 9.9991E-05
0.0284039 0.92532 0.0462763
0.557939 0.391468 0.0505935
0.703265 0.229488 0.0672472
0.0764648 0.923435 9.9991E-05
0.266442 0.716142 0.0174156
9.9991E-05 0.982659 0.0172414
0.625424 0.374476 9.9991E-05
0.968187 0.00188923 0.0299234
0.740503 9.9991E-05 0.259397
0.4803 0.0542776 0.465423
0.355341 9.9991E-05 0.644559
0.168635 0.0302732 0.801092
0.0851292 0.0792888 0.835582
0.239615 9.9991E-05 0.760285
0.111686 0.0501829 0.838131
0.0347669 0.147393 0.81784
0.0287153 0.0499954 0.921289
0.844627 9.9991E-05 0.155273
0.79848 0.0615148 0.140005
0.941762 0.0500842 0.00815414
0.9998 9.999E-05 9.999E-05
0.9998 9.999E-05 9.999E-05
0.927728 0.072172 9.9991E-05
0.754478 0.00186842 0.243653
0.602907 0.0943149 0.302778
0.847986 0.00214163 0.149873
0.754836 0.0759089 0.169255
0.747131 0.040281 0.212588
0.0748884 0.149933 0.775179
0.119316 0.84414 0.0365443
9.9991E-05 0.895692 0.104208
9.9991E-05 0.948032 0.0518676
0.118495 0.82958 0.051925
0.0763154 0.852146 0.0715387
0.532168 0.149559 0.318273
0.680081 0.0408864 0.279032
0.764228 0.01763 0.218142
0.647649 9.9991E-05 0.352251
