0.170533 9.9991E-05 0.652392 0.00526413 0.171711
0.119429 9.9991E-05 0.766116 0.034217 0.080138
0.144262 9.9991E-05 0.602809 0.026751 0.226078
0.166691 9.9982E-05 0.821629 0.0114797 9.9982E-05
9.9973E-05 0.0673915 0.932309 9.9973E-05 9.9973E-05
0.0261776 0.0825374 0.881275 9.9991E-05 0.00991037
0.175609 0.0176597 0.738833 9.9991E-05 0.0677978
0.215866 9.9991E-05 0.73801 0.0400237 0.00600071
9.999E-05 0.100614 0.694117 0.0285242 0.176645
0.262569 9.9991E-05 0.48241 0.0263131 0.228608
0.518622 0.0705326 0.281097 0.058056 0.0716929
0.276162 0.0202465 0.476063 0.0201938 0.207335
0.740551 0.0903442 0.0907433 0.0329258 0.0454361
0.25537 0.0692255 0.509965 9.9991E-05 0.16534
9.999E-05 0.112176 0.649044 0.0432876 0.195393
0.235102 9.9991E-05 0.607314 0.0235449 0.133939
0.0362366 0.0607938 0.669266 9.9991E-05 0.233604
9.999E-05 0.00471451 0.794837 0.0404442 0.159904
0.191452 0.108805 0.0779249 0.0594417 0.562376
0.162812 9.9982E-05 0.143252 9.9982E-05 0.693736
9.999E-05 0.0340618 0.259316 0.00787894 0.698644
0.116326 0.0439035 9.9991E-05 0.00212063 0.83755
0.057177 9.9982E-05 9.9982E-05 0.037862 0.904761
9.999E-05 0.0426739 0.140658 0.0383208 0.778247
0.236958 9.9982E-05 0.134066 9.9982E-05 0.628776
0.0500242 9.9991E-05 0.0352525 0.00853071 0.906093
9.9982E-05 0.0654345 9.9982E-05 0.061289 0.873077
9.9982E-05 0.0804046 9.9982E-05 0.0239992 0.895396
9.9982E-05 0.0313553 0.014567 9.9982E-05 0.953878
9.9982E-05 0.119249 0.033362 9.9982E-05 0.847189
0.0507896 0.0476365 9.9982E-05 9.9982E-05 0.901374
9.9991E-05 0.0828443 0.0646791 0.027073 0.825304
0.0747663 0.00562961 0.0342916 0.0593956 0.825917
0.274191 9.9991E-05 0.46766 0.083493 0.174556
9.9982E-05 0.0411421 0.689382 9.9982E-05 0.269276
9.9982E-05 0.117505 0.782267 9.9982E-05 0.100029
0.177365 0.0157525 0.714321 0.059012 0.0335499
0.295 0.0498798 0.492212 0.014725 0.148183
9.997E-05 9.997E-05 9.997E-05 0.9996 9.997E-05
0.198196 9.9982E-05 9.9982E-05 0.0464775 0.755127
9.9991E-05 0.108344 0.712055 0.00632655 0.173174
0.293794 9.9982E-05 0.61209 9.9982E-05 0.0939161
0.237455 0.120445 0.324208 0.00643347 0.311457
0.63268 0.111386 0.0953423 0.0600351 0.100556
0.957586 9.9991E-05 0.00686695 0.022814 0.0126334
9.997E-05 9.997E-05 9.997E-05 0.9996 9.997E-05
0.247054 0.0313868 0.382239 0.0887445 0.250575
0.409598 0.126884 0.332121 9.9991E-05 0.131297
0.18166 0.0739002 0.359993 0.0418392 0.342607
0.173023 0.73652 0.0347779 0.0240729 0.0316063
0.179023 0.782722 9.9982E-05 0.0380552 9.9982E-05
9.9982E-05 0.802422 0.176534 9.9982E-05 0.0208438
0.182834 0.687982 0.0557187 0.0733656 9.9991E-05
9.9991E-05 0.83796 0.0117161 0.0453668 0.104857
9.9982E-05 0.862262 0.0654177 9.9982E-05 0.0721202
0.0166604 0.728065 0.255075 9.9982E-05 9.9982E-05
0.182961 0.769103 9.9991E-05 0.00455386 0.0432827
0.037534 0.839892 9.9991E-05 0.00969811 0.112776
0.179808 0.741457 0.0416472 0.0327975 0.00429058
0.332553 0.555647 0.0966942 0.0150064 9.9991E-05
0.151291 0.796212 9.9982E-05 9.9982E-05 0.0522966
0.19907 0.676717 0.00652304 9.9991E-05 0.117591
0.55451 0.324433 0.0503654 0.0705914 9.9991E-05
9.9991E-05 0.0367522 0.204806 0.046477 0.711865
0.0973539 0.015385 0.0757127 0.0157647 0.795784
9.9982E-05 9.9982E-05 0.0938725 0.033439 0.872489
0.153888 0.678892 0.0796621 0.0130683 0.0744896
0.438124 0.494667 9.9982E-05 0.0670087 9.9982E-05
0.163795 0.741168 0.0312219 0.0216118 0.0422039
0.279742 0.662834 9.9991E-05 0.046288 0.0110358
9.9991E-05 0.845253 0.102893 0.0275886 0.024165
0.750456 0.0820548 0.167289 9.9982E-05 9.9982E-05
0.805438 0.0469259 0.122735 0.000255883 0.0246448
0.752218 0.148012 0.084521 9.9991E-05 0.0151486
0.969697 9.9973E-05 9.9973E-05 0.030003 9.9973E-05
0.839486 9.9982E-05 9.9982E-05 0.0316324 0.128682
0.964198 9.9973E-05 9.9973E-05 0.0355024 9.9973E-05
0.778287 0.0291931 0.104135 0.0296616 0.0587233
0.268116 0.619946 0.111738 9.9982E-05 9.9982E-05
0.290162 0.431694 0.137764 0.127063 0.0133172
0.171907 0.710119 9.9991E-05 0.0254573 0.0924168
0.0879557 0.765301 9.9991E-05 0.0450166 0.101626
9.9991E-05 0.754189 0.185874 0.0360725 0.023764
0.191082 0.0541796 9.9991E-05 0.0404408 0.714198
0.518455 0.298238 0.040528 9.9991E-05 0.142679
0.923456 0.0762443 9.9973E-05 9.9973E-05 9.9973E-05
9.997E-05 9.997E-05 9.997E-05 0.9996 9.997E-05
0.0822878 9.9982E-05 0.75175 9.9982E-05 0.165762
0.121684 9.9991E-05 0.714566 0.0271668 0.136483
0.182864 0.00892449 0.565571 0.0687999 0.173841
0.226678 0.0991508 0.392218 0.0447976 0.237156
9.9982E-05 0.0734794 0.875633 9.9982E-05 0.0506875
0.833477 0.132653 9.9991E-05 0.00172741 0.0320424
0.168067 0.0079576 0.134361 0.0411324 0.648482
0.706341 0.175637 0.037679 0.0802433 9.9991E-05
0.318173 0.0696655 0.292952 0.0396693 0.279541
0.105086 9.9991E-05 0.670578 0.0017357 0.222501
0.255797 9.9982E-05 0.639363 9.9982E-05 0.10464
0.301306 9.9982E-05 0.59306 9.9982E-05 0.105434
0.168525 0.0812529 0.662329 0.0278928 0.0600005
0.36634 9.9991E-05 0.546085 0.00862725 0.0788473
0.306442 9.9991E-05 0.641756 0.00731915 0.0443827
0.668862 0.216973 0.0560545 0.0146216 0.0434889
0.574955 0.196461 0.0776818 0.069127 0.0817758
0.617901 0.182916 0.095136 0.080039 0.0240079
0.58692 9.9991E-05 0.147254 0.0103386 0.255387
0.629432 0.0536322 0.149655 9.9991E-05 0.167181
0.0221518 0.066148 0.492947 9.9991E-05 0.418653
9.9982E-05 0.758692 0.227213 0.0138947 9.9982E-05
0.173354 0.730137 0.0153322 0.0196564 0.0615205
0.663317 0.156762 9.9982E-05 9.9982E-05 0.179721
0.374541 0.225942 0.24266 0.0241727 0.132683
0.550199 0.1086 0.0175997 0.0586892 0.264912
0.266341 9.9973E-05 9.9973E-05 9.9973E-05 0.733359
0.341526 0.583639 9.9991E-05 0.0370983 0.0376366
0.278373 0.674002 9.9982E-05 9.9982E-05 0.0474256
0.393058 0.469227 0.12331 0.0143053 9.9991E-05
0.0830294 0.0533488 0.320183 0.0443472 0.499091
0.043165 0.0432702 0.63241 9.9991E-05 0.281055
0.202056 9.9991E-05 0.764572 0.0114125 0.0218599
0.0731572 0.0725976 0.78604 9.9991E-05 0.0681051
0.0233455 9.9982E-05 0.597584 9.9982E-05 0.37887
0.0799969 0.0104528 0.735343 0.0296048 0.144603
0.113971 0.0202544 0.760342 9.9991E-05 0.105333
9.9982E-05 0.0701994 0.893022 0.0365783 9.9982E-05
0.0383251 0.0552886 0.541622 0.0104236 0.354341
0.0982354 9.9982E-05 0.786627 9.9982E-05 0.114938
0.150787 9.9991E-05 0.633808 0.0191865 0.196119
0.140603 9.9991E-05 0.779415 0.0155465 0.0643356
0.241194 0.0861999 0.439281 0.00593076 0.227395
0.0606754 0.0663192 0.781692 0.0565748 0.0347391
0.219918 0.0370915 0.472283 0.0213155 0.249392
0.109268 0.0104576 0.801633 9.9991E-05 0.0785416
0.162502 9.9973E-05 9.9973E-05 9.9973E-05 0.837199
0.117354 9.9973E-05 9.9973E-05 9.9973E-05 0.882346
9.9982E-05 9.9982E-05 0.0452963 0.0329901 0.921514
9.9991E-05 0.0721546 0.0916475 0.0202183 0.81588
0.159063 0.0274036 9.9991E-05 0.00167406 0.811759
0.239167 0.0607542 0.684928 0.0150514 9.9991E-05
0.131463 9.9991E-05 0.636263 0.0363076 0.195867
0.077537 0.922163 9.9973E-05 9.9973E-05 9.9973E-05
0.069274 0.822208 0.0419865 0.0153453 0.0511867
9.9982E-05 0.85843 0.120577 0.0207925 9.9982E-05
0.275202 0.637437 0.0504593 9.9991E-05 0.0368024
0.0803671 0.856722 0.0475118 0.0152995 9.9991E-05
0.0165868 0.844663 0.0184648 0.0127916 0.107494
0.12875 0.837431 0.031958 0.001761 9.9991E-05
0.128849 0.79937 9.9991E-05 0.0151755 0.0565057
0.131242 0.784499 0.0119656 9.9991E-05 0.0721935
0.0875652 0.840098 9.9991E-05 0.0127625 0.0594747
0.0885106 0.799629 0.0600856 0.0516748 9.9991E-05
0.131622 0.762602 0.0280305 0.0229247 0.0548203
9.9991E-05 0.804635 0.138382 0.000768657 0.0561143
9.9982E-05 0.884427 0.0266482 9.9982E-05 0.0887251
0.15568 0.817944 0.0191897 0.0070861 9.9991E-05
9.9982E-05 0.854118 0.134038 0.0116438 9.9982E-05
9.9991E-05 0.860045 0.03099 0.0129918 0.0958735
0.858688 0.0710177 0.0692181 0.000976391 9.9991E-05
0.898797 9.9973E-05 0.100903 9.9973E-05 9.9973E-05
0.0853467 0.840707 0.0737459 9.9982E-05 9.9982E-05
0.0351717 0.683733 0.26077 0.0202259 9.9991E-05
0.22102 0.77868 9.9973E-05 9.9973E-05 9.9973E-05
0.687733 0.0890099 0.221282 0.001876 9.9991E-05
0.0830534 9.9982E-05 0.907871 0.00887605 9.9982E-05
9.9991E-05 0.0355901 0.68477 0.0181341 0.261406
0.207773 0.0208173 0.298649 9.9991E-05 0.472661
0.149311 0.00168224 0.190516 9.9991E-05 0.658391
0.168081 0.0223374 9.9982E-05 9.9982E-05 0.809382
0.033562 0.0709854 0.00913489 9.9991E-05 0.886218
0.00889261 9.9991E-05 0.217548 0.0120274 0.761432
0.193356 9.9991E-05 0.00621431 0.0227986 0.777532
0.191669 0.0445704 9.9991E-05 0.0512184 0.712443
9.9991E-05 0.0905907 0.0597982 0.0437493 0.805762
0.0676513 0.0551506 0.736247 0.0200128 0.120938
0.120622 0.0267421 0.787257 0.049928 0.015451
0.170048 9.9982E-05 0.786774 0.0429783 9.9982E-05
0.201853 0.00790111 0.789073 0.00107269 9.9991E-05
0.146436 9.9982E-05 0.820614 0.0327507 9.9982E-05
0.312114 0.000284399 0.6316 9.9991E-05 0.0559011
0.207209 9.9991E-05 0.530943 0.0145303 0.247217
0.174254 0.0505585 0.594205 0.0206196 0.160363
0.247923 9.9991E-05 0.58715 0.0505651 0.114262
0.179567 0.0359635 0.617854 0.010719 0.155896
0.114389 0.0619753 0.65675 0.030743 0.136143
0.00598218 0.0781756 0.0754112 0.140461 0.69997
0.264984 0.718606 9.9982E-05 0.0162101 9.9982E-05
0.0589931 0.776254 0.0670578 0.0414546 0.0562399
0.13944 0.84836 9.9991E-05 0.00481158 0.00728769
0.180042 0.683524 0.0918368 0.018399 0.0261983
0.0405094 0.777098 0.101241 0.0195299 0.0616213
0.0991704 0.123213 0.47208 0.0320636 0.273473
0.123637 0.0263211 0.567939 0.0415948 0.240508
0.0450525 0.0023101 0.730147 0.0649867 0.157504
0.263522 9.9991E-05 0.437153 0.0479328 0.251293
