0.81969 9.9991E-05 0.0298052 0.150405
0.802917 9.9991E-05 0.0204981 0.176485
0.670091 9.9991E-05 0.0359013 0.293907
0.919402 9.9991E-05 0.0245375 0.0559604
0.898173 0.0100817 0.00148849 0.0902571
0.988012 0.00237024 0.00222188 0.00739635
0.829808 0.0596451 9.9991E-05 0.110447
0.938168 9.9991E-05 0.040587 0.0211451
0.719625 0.0864258 0.0237453 0.170204
0.646562 0.0638634 0.0501415 0.239433
0.625706 0.198161 0.0791936 0.0969394
0.587587 0.0478484 0.046646 0.317919
0.591095 0.3083 0.0543212 0.0462843
0.631521 0.119074 0.0215182 0.227887
0.629329 0.0229034 0.0587254 0.289042
0.801872 0.0282919 0.0141377 0.155698
0.684422 0.00544507 9.9991E-05 0.310033
0.801244 9.9991E-05 0.0248364 0.17382
0.152032 0.183695 0.0552814 0.608992
0.251465 0.00788559 9.9991E-05 0.740549
0.265123 9.9991E-05 0.0225603 0.712217
0.0656046 0.0753444 0.00904118 0.85001
9.9991E-05 0.00136117 0.0574328 0.941106
0.15855 0.0144851 0.0370449 0.78992
0.255555 0.0188518 9.9991E-05 0.725493
9.9982E-05 9.9982E-05 0.00527764 0.994522
9.9991E-05 0.0329461 0.022047 0.944907
9.9991E-05 0.0795323 0.0507181 0.86965
9.9991E-05 0.00740594 0.00137921 0.991115
0.0172927 0.112562 9.9991E-05 0.870046
9.9982E-05 0.0225099 9.9982E-05 0.97729
0.0995541 0.0461319 0.024622 0.829692
0.057179 9.9991E-05 0.066049 0.876672
0.708934 0.0342757 0.0568936 0.199897
0.618029 0.0212839 9.9991E-05 0.360587
0.81243 0.0475076 9.9991E-05 0.139962
0.861929 0.0194776 0.0393618 0.0792316
0.676415 0.155672 0.0111098 0.156803
9.998E-05 9.998E-05 0.9997 9.998E-05
0.0526137 0.064966 0.0345716 0.847849
0.690817 0.115468 9.9991E-05 0.193614
0.789857 9.9982E-05 9.9982E-05 0.209943
0.432429 0.184084 0.0200317 0.363456
0.427451 0.353595 0.0648499 0.154105
0.627654 0.320162 0.012023 0.0401612
9.998E-05 9.998E-05 0.9997 9.998E-05
0.614113 0.0613381 0.0862859 0.238263
0.597803 0.238843 9.9991E-05 0.163254
0.426656 0.156851 0.0336788 0.382814
0.0464185 0.861508 0.0200536 0.0720204
9.9991E-05 0.929431 0.0186921 0.0517772
0.105849 0.865888 9.9991E-05 0.0281629
0.152067 0.793797 0.0540368 9.9991E-05
9.9991E-05 0.863225 0.0637705 0.072905
9.9982E-05 0.918151 9.9982E-05 0.0816491
0.192381 0.807419 9.9982E-05 9.9982E-05
0.0252602 0.88091 0.0268899 0.0669396
9.9991E-05 0.9028 0.041987 0.0551135
0.115155 0.836893 0.0478519 9.9991E-05
0.238297 0.721533 0.0400706 9.9991E-05
9.9991E-05 0.901968 0.00234444 0.0955872
0.089777 0.779556 0.00868022 0.121987
0.34066 0.501712 0.100431 0.0571966
0.0943587 0.0679895 0.0407822 0.79687
0.0992615 0.0270383 0.0294314 0.844269
0.0998571 9.9991E-05 0.022987 0.877056
0.1586 0.79019 0.0300978 0.0211117
0.27107 0.64642 0.0824099 9.9991E-05
0.124573 0.830607 0.0205637 0.0242557
0.00807612 0.87192 0.058156 0.0618479
0.0322254 0.889586 0.0520688 0.0261199
0.6555 0.325514 0.0188862 9.9991E-05
0.612996 0.321999 0.0158863 0.0491187
0.566092 0.342227 9.9991E-05 0.0915818
0.512407 0.316104 0.0278469 0.143642
0.497607 0.270078 0.059701 0.172613
0.624747 0.317229 0.0412181 0.0168063
0.578068 0.267843 0.0433608 0.110728
0.200551 0.79925 9.9982E-05 9.9982E-05
0.270861 0.572255 0.139949 0.016936
0.0659637 0.848281 0.0238117 0.061944
9.9991E-05 0.811689 0.0555264 0.132685
0.159565 0.796129 0.0442057 9.9991E-05
0.106199 0.0645607 0.0178828 0.811357
0.34129 0.483338 9.9991E-05 0.175271
0.575873 0.423927 9.9982E-05 9.9982E-05
9.998E-05 9.998E-05 0.9997 9.998E-05
0.76249 9.9991E-05 0.0107368 0.226673
0.786382 9.9991E-05 0.0344095 0.179109
0.705533 0.023696 0.0545649 0.216206
0.522699 0.129945 0.0653986 0.281958
0.797738 0.0626452 9.9991E-05 0.139517
0.525797 0.413696 0.0119301 0.0485772
0.317904 0.0561079 0.0550116 0.570977
0.47819 0.422476 0.0897757 0.00955862
0.460909 0.173706 0.0337214 0.331663
0.763248 9.9991E-05 0.0153204 0.221331
0.904295 0.015421 9.9991E-05 0.0801843
0.78887 0.0205027 9.9991E-05 0.190527
0.824208 0.083571 0.0394265 0.0527944
0.890987 9.9991E-05 0.0390073 0.0699054
0.811738 9.9991E-05 0.0227182 0.165444
0.45636 0.430399 0.0329427 0.0802979
0.456331 0.38195 0.0759776 0.085742
0.446915 0.41882 0.103387 0.0308778
0.679066 0.118364 9.9991E-05 0.20247
0.527857 0.251012 9.9991E-05 0.221031
0.424812 0.0518827 9.9991E-05 0.523205
0.138568 0.837515 0.0238173 9.9991E-05
0.100818 0.839058 0.0600243 9.9991E-05
0.38826 0.387584 0.00960946 0.214547
0.477652 0.305758 0.0424995 0.17409
0.287294 0.296318 0.0788062 0.337582
0.164527 0.0337692 9.9991E-05 0.801604
0.0563736 0.779361 0.0469635 0.117302
0.142629 0.836244 9.9991E-05 0.0210269
0.376673 0.623127 9.9982E-05 9.9982E-05
0.377753 0.0576044 0.06304 0.501602
0.663612 0.028444 0.0181751 0.289769
0.86286 0.0447768 0.0249104 0.0674532
0.79662 0.0480161 9.9991E-05 0.155264
0.570135 9.9982E-05 9.9982E-05 0.429665
0.788556 9.9991E-05 0.00540873 0.205935
0.808947 0.00983983 9.9991E-05 0.181113
0.87954 0.0532384 0.0196251 0.0475965
0.586681 9.9991E-05 0.0113963 0.401822
0.854119 9.9991E-05 0.0116564 0.134124
0.753788 9.9991E-05 0.0335749 0.212537
0.808264 9.9991E-05 0.00756002 0.184076
0.542822 0.133622 0.00224281 0.321313
0.849681 0.0350991 0.056454 0.0587655
0.631065 0.055072 0.0162425 0.29762
0.872335 9.9982E-05 9.9982E-05 0.127465
0.0832819 0.0129759 0.00188052 0.901862
9.998E-05 9.998E-05 9.998E-05 0.9997
9.9982E-05 9.9982E-05 0.0534521 0.946348
0.104006 0.0736523 9.9991E-05 0.822242
0.0451347 0.0629867 0.000976865 0.890902
0.877961 0.121096 0.000843157 9.9991E-05
0.801503 9.9991E-05 0.0246226 0.173774
9.998E-05 0.9997 9.998E-05 9.998E-05
0.0588173 0.854297 0.0410328 0.0458533
0.0566876 0.923894 0.00609081 0.0133279
0.18906 0.760856 9.9991E-05 0.0499845
0.0445413 0.910588 0.0447711 9.9991E-05
9.9991E-05 0.847239 0.00791569 0.144745
0.0209972 0.955085 0.0238174 9.9991E-05
9.9982E-05 0.911285 9.9982E-05 0.0885147
0.0963186 0.881253 9.9991E-05 0.0223284
9.9991E-05 0.926191 0.0192956 0.0544133
0.11334 0.833673 0.0528874 9.9991E-05
0.0764899 0.829014 0.0588784 0.0356174
0.0779496 0.863692 0.00196353 0.0563952
9.9991E-05 0.941837 0.0177977 0.0402658
0.0404082 0.934769 0.0247233 9.9991E-05
0.0426315 0.911919 0.0453495 9.9991E-05
9.9991E-05 0.922739 0.0251564 0.0520046
0.547077 0.365714 0.00983847 0.0773703
0.745102 0.24903 0.0022363 0.00363122
0.0521549 0.947645 9.9982E-05 9.9982E-05
0.257603 0.724048 0.012769 0.0055801
9.9982E-05 0.95356 9.9982E-05 0.0462397
0.66411 0.331149 0.0046418 9.9991E-05
0.93757 0.0191017 0.00650588 0.0368228
0.674587 9.9991E-05 0.052535 0.272778
0.444339 0.0473166 9.9991E-05 0.508244
0.325305 9.9982E-05 9.9982E-05 0.674495
0.169508 0.0182751 9.9991E-05 0.812117
0.0252538 0.0731293 0.0016606 0.899956
0.179856 9.9991E-05 0.0112066 0.808838
0.1396 0.0355747 0.0113446 0.813481
0.0926705 0.09682 0.0488246 0.761685
0.032307 0.0641277 0.0694317 0.834134
0.82615 0.0304057 0.0194429 0.124001
0.820511 0.0592776 0.0502112 0.0700002
0.924238 0.0223965 0.0532654 9.9991E-05
0.962224 0.0352409 0.00243474 9.9991E-05
0.964904 0.00375602 0.0312398 9.9991E-05
0.902176 0.0950627 0.002661 9.9991E-05
0.7078 0.0158764 0.0289236 0.2474
0.675072 0.041743 0.0247332 0.258452
0.801513 0.00859186 0.0649659 0.12493
0.754965 0.0381504 0.0212611 0.185624
0.730858 0.0424521 0.0458912 0.180799
0.0739097 0.0864533 0.156535 0.683102
0.0969472 0.869155 0.0190219 0.0148756
9.9991E-05 0.854494 0.0510499 0.0943562
0.011599 0.946581 0.00638932 0.0354306
0.192115 0.794277 0.0135078 9.9991E-05
0.0369709 0.834647 0.0256775 0.102704
0.536776 0.143495 0.0202554 0.299473
0.660232 9.9991E-05 0.0274268 0.312241
0.752536 0.006824 0.0741806 0.166459
0.586841 0.0153682 0.0764108 0.32138
