0.10524 9.9991E-05 0.0108274 0.706151 0.177682
0.0652384 9.9991E-05 0.044344 0.75042 0.139898
0.163964 0.0288737 0.021847 0.725367 0.0599474
0.0517062 0.0116237 9.9991E-05 0.712274 0.224296
9.9973E-05 0.0897326 9.9973E-05 0.909967 9.9973E-05
9.99812E-05 0.056002 9.99812E-05 0.775519 0.168279
0.0562632 0.00603814 9.9991E-05 0.669223 0.268376
0.0125456 9.9991E-05 0.0376992 0.767454 0.182201
0.193495 0.0972952 0.011083 0.669291 0.028836
0.233339 9.9991E-05 0.0128269 0.538139 0.215595
0.0885739 0.0396753 0.0613287 0.313069 0.497353
0.214506 0.0306948 0.0112998 0.531852 0.211648
0.0792303 0.0551642 0.0205275 9.9991E-05 0.844978
0.258871 0.0577644 0.00253583 0.422411 0.258418
0.195524 0.0910891 0.0462434 0.667044 9.9991E-05
0.13029 9.9991E-05 0.0133198 0.628901 0.22739
0.251824 0.0111862 9.9991E-05 0.647348 0.0895416
0.115756 9.9991E-05 0.0106064 0.871107 0.00243011
0.570431 0.147286 0.0417923 0.10852 0.131972
0.698341 0.00205235 9.9991E-05 0.182356 0.117151
0.721819 9.9991E-05 0.00637937 0.206896 0.0648056
0.836339 0.0385075 0.0161773 9.9991E-05 0.108876
0.935498 9.9982E-05 0.0320001 9.9982E-05 0.0323018
0.790666 0.00891091 0.039544 0.160779 9.9991E-05
0.663337 9.9982E-05 9.9982E-05 0.165177 0.171286
0.919314 9.9982E-05 0.00272026 0.0777663 9.9982E-05
0.868015 0.0844642 0.0473209 9.9982E-05 9.9982E-05
0.875958 0.088486 0.0317254 0.00373109 9.9991E-05
0.938798 0.0109851 9.9982E-05 0.0500168 9.9982E-05
0.831677 0.101378 9.9982E-05 0.0667457 9.9982E-05
0.952054 0.0268559 0.00266348 0.0183268 9.9991E-05
0.86498 0.0682212 0.0357804 0.0309184 9.9991E-05
0.851698 9.9991E-05 0.0645223 0.0475356 0.0361444
0.175489 9.9991E-05 0.0637372 0.49691 0.263763
0.294534 0.0624404 9.9982E-05 0.642825 9.9982E-05
0.145133 0.126288 0.00107794 0.727402 9.9991E-05
0.0288973 9.9991E-05 0.0244123 0.665974 0.280616
0.194909 0.0838865 0.0114476 0.424029 0.285727
9.997E-05 9.997E-05 0.9996 9.997E-05 9.997E-05
0.72546 9.9982E-05 0.0210505 9.9982E-05 0.253289
0.146559 0.153436 9.9982E-05 0.699805 9.9982E-05
0.202483 9.9982E-05 9.9982E-05 0.631203 0.166114
0.31451 0.0504694 0.0177325 0.201827 0.415461
0.143344 0.116788 0.0645977 0.0474238 0.627846
0.0711715 9.9982E-05 0.0116996 9.9982E-05 0.916929
9.997E-05 9.997E-05 0.9996 9.997E-05 9.997E-05
0.224633 0.0115899 0.0692208 0.422429 0.272127
0.141939 0.0815897 9.9991E-05 0.236278 0.540093
0.332209 0.11671 0.0343334 0.393861 0.122886
0.0212051 0.703665 0.00928562 0.0144022 0.251442
0.0153418 0.801718 0.0362154 9.9991E-05 0.146625
0.00170493 0.826369 0.00460789 0.167218 9.9991E-05
0.0107574 0.695855 0.055476 0.040081 0.197831
0.102224 0.799416 0.0613925 0.0368674 9.9991E-05
0.107285 0.876234 9.9982E-05 0.0162814 9.9982E-05
9.9973E-05 0.766264 9.9973E-05 0.233436 9.9973E-05
0.0145491 0.782975 0.0285545 9.9991E-05 0.173821
0.0668384 0.849985 0.0414865 9.9991E-05 0.0415902
9.9991E-05 0.732378 0.0696827 0.0906638 0.107175
9.9991E-05 0.594591 0.0218054 0.0874173 0.296087
0.146005 0.824343 9.9982E-05 9.9982E-05 0.0294517
0.0569594 0.658481 0.0106378 0.0435632 0.230358
0.0113782 0.329279 0.051094 0.0551259 0.553123
0.780137 0.043847 0.0320184 0.143897 9.9991E-05
0.799072 0.015841 0.0350409 0.119805 0.0302407
0.838902 9.9982E-05 0.0153903 0.145507 9.9982E-05
0.0148926 0.711205 0.029307 0.0948473 0.149748
9.9991E-05 0.520046 0.0767666 0.0446017 0.358485
0.111935 0.753294 0.0110456 0.0233629 0.100362
0.0121544 0.730332 0.0587021 9.9991E-05 0.198712
9.9982E-05 0.824518 0.057329 0.117953 9.9982E-05
9.9991E-05 0.139872 0.00883344 0.168632 0.682563
0.0309251 0.0371438 9.9991E-05 0.0804677 0.851364
0.0087115 0.0725249 9.9991E-05 0.0406824 0.877981
9.9973E-05 9.9973E-05 0.00778252 9.9973E-05 0.991918
0.150896 9.9982E-05 0.0327763 9.9982E-05 0.816128
9.9973E-05 9.9973E-05 0.0108267 9.9973E-05 0.988873
0.134597 0.0334576 0.0156444 0.136856 0.679444
9.9982E-05 0.707819 9.9982E-05 0.191889 0.100092
9.9991E-05 0.425355 0.134662 0.124119 0.315764
0.0663923 0.731562 0.0217959 9.9991E-05 0.18015
0.0903488 0.745271 0.0450648 9.9991E-05 0.119215
9.9982E-05 0.746618 0.031845 0.221337 9.9982E-05
0.663542 0.0568436 0.0221498 0.166276 0.0911881
0.14892 0.311548 9.9991E-05 0.0667817 0.47265
9.9982E-05 0.135254 9.9982E-05 0.0493563 0.81519
9.997E-05 9.997E-05 0.9996 9.997E-05 9.997E-05
0.232936 9.9982E-05 9.9982E-05 0.576898 0.189967
0.223509 9.9991E-05 0.0281989 0.716111 0.032081
0.12538 9.9991E-05 0.0603547 0.520791 0.293375
0.267917 0.103148 0.0361809 0.40348 0.189274
0.130344 0.0643603 9.9991E-05 0.783229 0.0219671
0.00606892 0.137728 0.00121232 9.9991E-05 0.85489
0.553959 9.9991E-05 0.033172 0.151015 0.261754
9.9991E-05 0.176648 0.0956327 0.0969238 0.630696
0.244459 0.0373464 0.0461124 0.21354 0.458543
0.20223 0.00534993 0.0183737 0.773946 9.9991E-05
0.0974437 9.9982E-05 9.9982E-05 0.62752 0.274837
0.163365 9.9982E-05 9.9982E-05 0.528673 0.307762
0.0279599 0.00347824 0.0180279 0.632096 0.318437
0.0069271 9.9991E-05 0.0235849 0.577559 0.391829
0.126929 9.9991E-05 0.00245693 0.588768 0.281746
0.0200978 0.200295 0.0297526 0.0145079 0.735347
0.052479 0.163276 0.0820244 0.130387 0.571833
9.9991E-05 0.161876 0.0870666 0.0527239 0.698234
0.245871 9.9982E-05 9.9982E-05 0.174284 0.579645
0.16322 0.0809603 9.9991E-05 0.269823 0.485897
0.469603 0.0962093 0.0128324 0.421255 9.9991E-05
9.9982E-05 0.792325 0.019758 0.187717 9.9982E-05
0.0321293 0.759086 0.0192385 0.0526619 0.136884
0.16344 0.160838 0.0054239 0.0744861 0.595812
0.163256 0.144361 0.0146956 0.113717 0.56397
0.269886 0.0845552 0.0494977 0.0549884 0.541073
0.705042 9.9973E-05 9.9973E-05 9.9973E-05 0.294658
0.0357746 0.635856 0.045449 9.9991E-05 0.282821
0.023014 0.67041 9.9991E-05 0.0165114 0.289964
9.9982E-05 0.479518 9.9982E-05 0.0290272 0.491255
0.501034 0.0914398 0.0533713 0.318388 0.035767
0.225772 0.059789 0.00542103 0.708918 9.9991E-05
0.0210056 0.0491435 0.0353573 0.744126 0.150367
0.053006 0.146646 9.9982E-05 0.800148 9.9982E-05
0.420905 9.9982E-05 9.9982E-05 0.526957 0.0519372
0.183745 9.9991E-05 0.0099468 0.689122 0.117086
0.0902695 0.0636069 0.0245452 0.821478 9.9991E-05
0.0405052 0.0609204 0.0158059 0.875632 0.00713631
0.349347 0.0112792 9.9991E-05 0.510019 0.129254
0.110958 0.00865309 0.000807041 0.703639 0.175943
0.207221 9.9991E-05 0.0391968 0.608542 0.14494
0.113681 0.0016703 0.0123332 0.715603 0.156712
0.314848 0.0838199 9.9991E-05 0.421986 0.179246
0.0463296 0.0807299 0.0427967 0.770521 0.059623
0.232582 9.9991E-05 0.0187028 0.436812 0.311803
0.0810441 0.00788308 0.00198051 0.748903 0.16019
0.853657 9.9973E-05 9.9973E-05 9.9973E-05 0.146043
0.883511 9.9982E-05 9.9982E-05 0.108334 0.00795437
0.88955 9.9982E-05 0.0289417 0.0813083 9.9982E-05
0.786407 0.0590084 9.9991E-05 0.120695 0.033789
0.786215 0.0432957 0.015161 0.0608294 0.0944987
9.99927E-05 0.06519 0.00324811 0.699122 0.23234
0.152195 9.9991E-05 0.0133401 0.603687 0.230678
9.9973E-05 0.957633 9.9973E-05 9.9973E-05 0.0420674
0.0359503 0.790656 0.0392947 0.0499446 0.0841549
9.9982E-05 0.886494 0.0120365 0.10127 9.9982E-05
0.0558132 0.676307 9.9991E-05 0.0367559 0.231024
9.9991E-05 0.887851 0.0278771 0.0226361 0.0615357
0.145154 0.804026 0.0107065 0.0400144 9.9991E-05
9.9982E-05 0.885205 9.9982E-05 0.0904805 0.0241147
0.0906823 0.857226 0.000270262 9.9991E-05 0.0517214
0.0712108 0.849864 9.9991E-05 0.0369585 0.0418669
0.0732517 0.818236 0.00447299 9.9991E-05 0.103939
9.9982E-05 0.838442 0.0473649 0.113993 9.9982E-05
0.0726201 0.777936 0.0434186 0.101658 0.00436722
0.0321238 0.760454 0.0323513 0.125915 0.0491554
0.111417 0.878342 0.010041 9.9982E-05 9.9982E-05
0.0207394 0.864161 0.0267796 0.0799994 0.00832106
9.9982E-05 0.850089 0.027001 0.12271 9.9982E-05
0.0735459 0.869228 0.0265566 0.0193305 0.0113391
0.012562 0.0963356 9.9991E-05 0.0663882 0.824614
9.9982E-05 9.9982E-05 0.0194269 0.0427636 0.93761
9.9982E-05 0.872374 9.9982E-05 0.0532704 0.0741554
9.9991E-05 0.719602 0.0273905 0.206631 0.0462765
9.9973E-05 0.834473 9.9973E-05 9.9973E-05 0.165227
9.9982E-05 0.072993 9.9982E-05 0.0820834 0.844724
9.9982E-05 0.0407581 0.0132872 0.945755 9.9982E-05
0.221439 0.00419105 0.0195523 0.698323 0.0564945
0.491773 9.9982E-05 9.9982E-05 0.319453 0.188574
0.668693 9.9991E-05 0.00318069 0.1662 0.161827
0.817105 0.013105 9.9991E-05 0.0214337 0.148256
0.877047 0.0535904 9.9991E-05 0.0611536 0.00810903
0.744713 0.0164499 0.0154271 0.211307 0.0121029
0.802385 0.012006 0.0197815 0.111191 0.0546368
0.736757 0.0561909 0.0341745 9.9991E-05 0.172778
0.795732 0.0575503 0.0816594 0.0649585 9.9991E-05
0.129655 0.0486256 9.9991E-05 0.811491 0.0101281
0.0176882 0.0828775 0.066329 0.738423 0.0946824
9.9982E-05 9.9982E-05 0.0476169 0.706553 0.24563
9.9982E-05 9.9982E-05 0.00939584 0.77181 0.218594
9.9982E-05 9.9982E-05 0.00810098 0.725514 0.266185
9.9973E-05 9.9973E-05 9.9973E-05 0.582342 0.417359
0.216855 9.9982E-05 9.9982E-05 0.538636 0.244309
0.203802 0.0456603 0.00814334 0.493168 0.249226
0.110373 0.0275201 0.0509148 0.657392 0.153799
0.194524 0.0642339 0.0181954 0.550048 0.172998
0.139206 0.067272 0.0234214 0.649852 0.120249
0.613079 0.0601646 0.114425 0.11441 0.0979213
9.9982E-05 0.714182 0.0426771 9.9982E-05 0.242941
0.119281 0.793846 0.0366969 9.9991E-05 0.0500761
9.9982E-05 0.866304 9.9982E-05 0.0215901 0.111906
0.0473484 0.707624 0.0346131 0.0851672 0.125247
0.0712333 0.797508 0.0220242 0.109134 9.9991E-05
0.305197 0.0568494 0.0198308 0.401412 0.216711
0.292086 9.9991E-05 0.0223353 0.50617 0.179309
0.179974 0.026016 0.056817 0.737093 9.9991E-05
0.255509 9.9991E-05 0.0336934 0.553597 0.157101
