IBR/IBR_outputs/all.combrep_1/FireFreq_2000_2008_Total.PersistForestCover_Total.Silt_Total.WeatheringIndex_Total/FireFreq_2000_2008_Total.PersistForestCover_Total.Silt_Total.WeatheringIndex_Total.asc
NCOLS 160 
NROWS 95 
XLLCORNER 210004.651214014 
YLLCORNER 7350008.22228844 
CELLSIZE 4999.99999999997 
NODATA_value -9999 
[rows 21 to 41 of 95, columns 46 to 91 of 160]
-9999 -9999 -9999 -9999 -9999 8.80830034102849 8.0552540761693 7.42064069540807 -9999 -9999 -9999 6.40065697728974 12.5406248239533 9.77422457973473 10.1034587982536 12.2597292942282 10.8754330986315 -9999 -9999 -9999 -9999 -9999 -9999 -9999 -9999 -9999 -9999 -9999 11.9620480027825 7.15002831076222 7.50075328201556 6.28223018779406 6.14086190123045 5.20773541264982 5.72466576922668 5.75629637933875 5.93618593964916 6.58281763204896 7.01387804903474 6.39881010947668 5.57512324426493 5.38794543799093 5.94556915722492 6.77369694383229 6.2907509969464 5.11400005202327
-9999 -9999 -9999 -9999 6.99548662072528 6.09536933336565 6.6469459486277 7.3834849498308 9.89231540291771 -9999 16.4366880177817 10.1694907356488 8.60786045580157 8.57523128602534 7.91484497774577 11.3349958321841 11.1737938872811 10.3151528123431 -9999 -9999 -9999 -9999 -9999 7.76206936541675 12.5078640630866 13.1817351701999 11.1461308617273 9.8907165256198 8.47302300472334 7.67548217966922 7.170012085367 5.97800543168407 5.53055153730398 5.20448192017632 5.68666833242952 5.92723710645235 5.66705328019257 6.49091857940859 6.72437058306588 6.09109686420875 5.98927384991129 5.11164529234531 5.71151006092754 7.05840592155231 6.35169242767882 5.88847909931211
-9999 -9999 16.4807519222198 19.2236096377948 9.46774338087409 4.79814391799856 5.68260505973279 9.97382636667955 8.72939364882256 9.48977694360165 7.80168547383037 8.55763423130721 11.1095824482082 9.28406590254994 14.2393453328368 9.39228716423503 7.46414800407901 7.39528342546933 6.5753131826833 11.8000853009026 8.1915146034191 7.4577339104793 8.99385125681722 8.46013919506466 7.97132331670952 8.14193163864036 8.08668408017136 11.4091247539932 12.7456782003694 9.61579181759918 7.90133003006025 5.68637159696643 4.65299150794961 5.02428384530009 5.6789492086154 6.05220817296565 5.79227079048758 6.04254306535816 6.58934035358164 7.2079974850923 6.70905324871271 5.48532055556143 6.30516639891103 6.30417529023691 5.54285928845592 6.23894950303993
-9999 10.2059497163371 9.13046145520439 9.74365922759952 8.07357517377207 9.09570842857935 13.1243861966029 12.3125518686316 9.92529693737516 11.1605708695886 19.173371975347 14.8288954089889 10.8144903580191 13.9986393696249 11.4158173250443 16.0243449057369 11.073661338516 11.236515003642 6.99452511946105 6.73196307673418 7.04600986283311 7.34031522426255 8.69844441603583 9.34338283088938 8.04256910905842 9.87190599075884 12.7493772940304 14.22245547772 11.7206470458109 7.76637930191561 7.24628162429892 4.19098126301526 3.73438448675351 5.37803449230772 4.86249313090339 5.40881900898555 5.87304248324834 6.47558980843133 6.99132633615658 7.17623829386386 6.33253966740267 5.94322446214382 6.1093087242312 6.23298615512925 5.88401338322526 6.51369963639635
8.99156091730465 9.59797158408812 17.7510239548382 22.9041843861319 18.307608322577 18.8585307747835 10.6219154045738 13.1569780149494 11.4227579648728 13.1426000673315 11.7967440821301 9.54121559427353 12.9139411943036 10.4238324344526 11.1560705380086 8.70417040247142 10.1934896323486 18.5612253638906 19.3380655725955 9.53807887197325 13.0935482525418 13.9573513815983 23.8840676957419 29.5857006156473 11.9046366368502 7.7184036795162 7.08320292632086 8.0445506979481 13.104798443324 9.20839888480479 7.85501429095188 4.92630102008604 4.70754558527682 5.48647001696553 5.62418936698548 4.40636820102081 5.03228410476413 5.57693967023647 6.6622622994824 6.69082809862499 5.53817711703363 6.23650018035176 5.80717558770236 6.83005412676417 5.70627878393814 6.24159769811171
12.2124540431408 18.7498167757752 28.6677522219547 13.3778976886118 10.0285987798219 11.4394732913433 14.9190801611686 15.116760185154 11.7492354719324 10.3263425408062 9.31298811341274 9.62070728955012 8.48963807372792 8.47499225814818 11.2145896291429 10.8834540478393 14.9415184862755 25.286284409472 24.1507936167745 21.7325080429077 33.6613925556144 20.8644061332305 24.9673592561471 37.4132784426129 17.1211367289303 18.4723091260141 11.2769428520004 6.66723030933448 8.68534589274038 8.70216844136565 7.24685891975685 7.88564222137699 8.00035109190759 8.24157631163629 6.99587418528595 5.4923673234214 6.28086887113362 6.28298518984454 6.08381989814947 6.66264863653958 4.86199157999035 5.55845890949395 5.81889711986623 6.04489671021193 6.29652131301996 6.67308236800377
13.5430683415806 21.6342645319264 24.3783409774894 15.0645382598702 8.58854338939534 9.64414197474814 12.9355846217526 14.648800049529 13.8331714620172 12.7385808259044 10.8532909187726 10.5646580732031 10.3488737392238 11.241577476542 10.8388718211477 9.06985448075232 9.06366272892385 10.700447499266 10.3139962759429 20.3254744806723 33.8060644441657 18.8925570286304 12.9135192894568 13.1085510252195 11.4903494256379 18.1594936401893 13.0444056756486 8.7267360394827 7.86667467408345 9.50248964942826 7.5970905058027 7.56495379211383 6.90849976781725 8.38109522918694 6.00167718071224 6.01875732943724 6.11213079937955 6.60710298170216 5.81004815907369 6.4423434962312 5.06352372118383 4.84850944789187 5.31574713894555 5.64003198222807 5.98495242443688 6.60212973660685
10.0725560052877 10.8453879973707 15.4607561386738 11.7824204719047 8.7795786641852 8.42344926950294 10.8355073207447 15.1383262084191 18.3318187026977 10.452266831249 9.78291361847058 9.72556766629034 8.53526567740827 8.69445625955374 9.95724960019851 9.56176156773592 8.45511868959165 8.1967396500885 10.1289684939683 11.0369028453424 11.2974910676509 16.6064224732406 10.9758069982077 9.04130468528987 9.58440272751966 10.1570628602193 8.70712265723224 7.89992422416029 5.71490542546639 5.96896551650108 5.59767377091665 5.72518847499996 6.11850091614742 5.28627617620398 5.31471484473878 4.82532757320246 4.97671935965944 5.4139104619002 5.14951086751544 5.73964812251081 5.45514940923066 4.31243359656436 5.15736883423077 5.52545952883438 5.48205641412305 6.26753615227152
8.80608762088937 9.54062313861267 9.51614967288559 8.60842152491029 8.46073268946053 10.5777680505496 9.60414191347643 8.03037781613028 19.963477736154 11.558500940163 8.03845210832585 8.65633110969056 8.96842978262566 9.73626952103368 9.7225425570685 9.49136494331779 10.286975916447 10.7916121091779 10.1040405598552 12.0869588505192 12.9486552599879 11.5360247183716 11.7750391484507 9.84228992409372 9.41345962580095 9.07729504964734 6.47936742571572 5.79068377859261 5.15428259078725 7.8068627453596 5.05588244085158 6.0567202686542 5.15753461968569 5.21186940226726 6.38254440514297 7.22605174432492 6.05241842301896 4.67154530502006 4.21038055097602 4.49871312396152 5.97818396415407 4.04562900583549 4.30646943908178 4.78373752228969 5.07550756179708 5.40876946308179
8.11637319293299 8.34453895075519 8.70859685638321 10.6277749172289 8.83399299809185 8.97015497358455 10.6963825924543 8.64676826839158 15.4688189586999 15.1726831292947 9.83093177527335 9.51012551154632 8.78768602290295 10.9109808563234 12.6156542478738 11.1087889456047 12.2388789116184 9.75340933142599 10.6282073036591 11.9213873401374 19.0863133492408 15.7624185645862 13.9224614209661 8.5388629792925 8.79121204939313 6.30212249647656 6.31254806704094 11.3271838410858 7.37552934500474 8.24407481611819 4.87691476608174 5.59566308646767 6.24076694470588 10.6528235693059 8.17734974530174 9.78739369889811 7.06406352703675 4.24558624469449 4.16729312786371 4.19833260597919 5.1750120903992 5.68387002315312 4.98284277598811 4.59338099616329 4.53064436286897 5.7987804884123
7.4719704747186 7.64310781821263 7.5662349047912 8.35617187366981 8.615940237444 8.79504550968274 7.91786188235065 9.00147801356731 11.5869535676052 9.13531654815345 9.29782585137918 8.66943508694063 10.0305533929374 9.67874018353731 10.9932620667158 9.58923074022496 12.3387117778384 9.07473448118595 9.2601326147331 9.14374460644767 15.1653900428358 9.43293499298686 8.8045152479475 8.38032149992354 10.1697931914679 9.74040628352379 9.08359858438821 9.36299466780799 7.79538541131949 8.22743530506079 6.87432813156298 5.40815286818516 5.87531310429408 7.72194529296502 9.60452670096034 10.8029223475033 11.1232341427331 6.1514749875351 4.73653865372596 3.65038051223792 4.10627925648658 4.92903918855188 9.37470161144919 5.91058343098145 4.51609599658312 4.68985908691019
7.52118980376559 7.7676134098471 7.47843683831468 8.22326802573291 8.23829415383079 8.08871511624466 7.49314560928477 7.51065677469839 8.73257249203268 10.2954153594706 8.95360538571135 8.31807500316053 9.88894438113306 9.52171399417629 11.0986022035782 11.5613032270417 10.9501211343407 9.42551829571562 8.24063247080182 10.9157154139597 17.2860524095032 13.5251336606255 7.79313630022993 8.21644736148061 9.53057781345301 9.18683574966554 8.28783899159873 8.70220370668227 7.58352605555508 6.36158472581455 6.27390435219355 6.79825038542403 6.66221961533687 7.31724174387775 7.35446759020203 10.6420340172636 10.3069803326884 8.50146491472967 8.25370259641834 10.5114840670327 7.07185982404641 7.07166635334347 5.90301455361472 5.87248562338953 6.34466757716239 5.34440528014518
7.62814189312147 12.6266754145099 8.80771938641151 9.0816639156876 7.97174650319168 7.8432399693349 9.84951958144339 9.44621594426612 8.87989691074441 7.89893002700303 7.27286145471417 7.86678568490894 8.18103376320949 7.62369090625328 8.35611267110085 10.3641969574906 11.6591549790073 9.0027178445595 9.59459503362428 12.4009152915901 17.8425117730577 18.142047676647 10.9273517743196 7.71672323503841 7.87670047921244 8.10329361047843 9.24046434051652 9.70135534035275 6.99511220928229 6.10575281095822 5.73848525514401 6.84100557003148 6.81697818160184 10.674243594526 6.68311179103389 8.88108904726607 9.65096876776734 7.77427186220339 7.51134004842105 7.19561847300243 9.55246841872564 6.4977249433547 5.80209031318022 5.31803640109286 6.39216770550444 6.09872011656404
9.17105270021598 9.9573749284583 11.7606839125371 13.084019716097 11.2592094230278 15.9288626447438 19.2799845212479 10.8670933949359 7.94942670837099 7.76866931691691 7.04878602079451 7.10121662331619 7.49061421209619 7.43519026700277 8.58503678126898 8.67664751558532 9.40528881059778 10.5025733208074 11.9615470972511 26.779892793091 27.4179731835248 12.8176140155653 10.7139600124829 8.09958482837037 8.66011543963457 8.53943901797894 8.74057860124181 21.1651586283254 13.9110654898802 8.19285378139647 6.10512373969121 6.49568616587759 8.74997659597193 8.91736767676123 7.41254093193155 7.91506947727363 8.7611110858658 7.52918064804085 7.89105482808505 6.92870729859611 5.91153409135852 6.20283156189496 5.29706183298885 5.86527346349379 7.97830191123845 6.96233404806128
7.69672871743213 8.21410111065565 10.6266032202666 11.4604236706331 14.2186306174731 12.0637648297914 9.77207443332237 11.9428956217042 13.646156186256 11.4297642959045 11.8913655615649 9.06266016964623 9.73342678581532 7.3105519396243 10.2357529902988 9.12242914046705 7.81475446117967 15.1583991594646 32.1143245465998 29.2900346959531 31.1811736309486 10.0864001728764 9.54142228916612 13.1325419511474 11.2829294920512 9.40987221153213 9.1805889999915 13.2943142047222 31.1842563264569 14.4799290959491 6.90735242061086 8.36436977981177 7.21020390074304 6.84118118592976 7.86069350356324 8.58203721389159 7.79701907280353 7.29677388867703 6.28714087084345 6.36397543618321 6.04463239507336 5.70688324456298 5.46149928552162 7.04128572392008 10.5059894212115 7.61317105303875
7.42235252637743 7.44576114990132 7.81798689934898 9.27008512372256 11.9346838432376 15.0007466115756 14.1480057034376 14.7839568918965 14.4506753322625 15.6124822986462 17.2697818360982 11.769426443653 15.0867708408663 9.30068886840108 14.5715474269831 11.2919529669243 9.18728085465989 12.3811724220722 32.9345435206167 23.8049736338469 25.6221980624423 8.21816851504136 8.79907097692543 9.91925257297616 8.7267800845787 8.29397402860825 9.85515404175707 9.71642689573949 18.2989255824956 17.0953497721744 12.9950506680962 7.66771483695261 7.53705936288172 8.1158971513383 8.26887225116188 12.5610173708004 7.87126144489501 6.26049450112776 5.56445553117223 5.50643670737892 5.82423165085904 5.98447205182097 6.3374934948919 10.4790379547696 13.6593313143826 11.3805459007365
9.12324899384672 7.8929395033477 8.37739585576088 8.29109617055702 8.32994892611361 13.9631935339612 17.9395353110623 23.2490696923238 25.0966631250432 24.8752503754326 29.9125417816044 27.6098739590658 23.7361997135754 16.7211812539003 17.8108958516213 16.9724549604878 9.29255431024898 8.1124466552001 9.91677257089873 10.0062606598784 8.34134938823892 7.07024633864869 6.78680932304428 8.11807681925604 9.07285275042713 7.04063836695623 8.36512724049297 8.36772663276149 8.3134284132726 9.37469762669794 8.97661675208967 10.6376662320583 8.46573838608626 7.51852629773495 10.5117137924232 7.65300661521251 6.98750954365636 7.00572218629746 5.06253315283715 5.75937352197062 6.96736913876346 6.56835486026628 6.7149433906857 8.89990635009868 6.58464247256903 15.7774520314632
8.34697704228617 7.59649365349815 8.66781487409298 11.9606987834276 16.8038315248177 24.3198016497637 27.6377865930793 35.9630781029989 37.3563337274409 36.1676512699905 34.4010912864928 33.7670904707547 28.7191096941424 24.7727317278899 21.9522268327868 16.5787918861686 12.1638438315852 8.04294881536532 7.68649459532248 9.03329427588202 8.29851594827679 9.92072908499196 8.0215158767226 9.16803828741437 10.1068867112798 11.3039907186242 7.45737101588047 7.55191769007245 9.56462462064857 8.8628829452499 7.94902941095689 9.46364347624328 8.17810073075118 7.2879675068211 7.14773918668864 7.45841367481132 8.76083389425692 8.03966861799637 6.53191575088269 6.81651503289334 5.97566330635195 5.8568333120924 6.2471534830981 12.8940970531145 16.6146707050004 17.7535612910719
9.14634599701396 13.1889052436092 11.3802465832815 7.96606185472005 9.96355753371586 13.9787650238116 22.4685108277556 11.8775533180298 21.8861266157785 28.1303111411783 28.2176787377187 27.0172567293819 25.6948270624801 19.3047092163869 17.6388531437226 13.9201932675214 15.2843597353224 14.7933189639982 12.7370419424713 13.9134368756613 14.3009853687643 18.3604248245368 13.6684610979571 11.4684720640657 8.69326785786814 7.8918714926196 7.75049853930844 12.8532284213039 11.8356618902897 7.3734988186204 10.0972085478246 8.53161784658261 8.47354020963801 7.85899736933926 8.07069496762907 10.5342351161868 9.19703918461083 6.33022516102051 6.50922906895497 7.59481766904485 5.83278980590026 5.19516062006846 6.96917413251471 6.16773216036381 8.88739520544737 10.7690481264316
7.39337723863509 9.40425924997059 17.4198191334863 9.93723554655037 8.200999271628 10.7109873684896 8.76402202119648 14.0753874801466 17.5428233253913 11.0303189919391 9.24655010065265 9.8451957249189 11.0870999406872 9.85808143910003 9.83300113113977 8.93401547823815 10.1354362033285 11.4855419735101 12.1341123390562 9.5042847761855 8.74830077299364 11.4152153077074 12.1875057094989 12.3701161802007 9.40493334125355 12.0209416896711 8.52612646653781 13.3298384598891 13.905972744892 8.26866169919825 6.86099588188204 7.27848997762551 7.87863891839818 7.38391041051069 8.18260657484573 16.1745957861256 16.2373004558823 8.04578497914113 10.7231362153249 6.70467624367738 6.58298052871293 5.49012551671644 7.28589408998185 6.10841160022912 5.33603847134381 5.58871321700164
11.509532792993 9.57399834887801 11.34506408254 11.5991891786547 12.1181815505041 12.8575353439402 10.1840573489754 10.1604381555895 10.409795966998 10.6200530657916 11.1946718289096 11.5504976436443 10.3314962326782 7.70135632283915 8.19349583215241 8.71165962832145 8.90537196582468 9.22395257063379 8.48038707729113 8.57346998297846 9.48940603222069 9.23473359218719 8.83779104735863 11.4420254764002 13.7333092007347 12.5941895238405 9.48568404375364 10.8294907450864 9.31734600495849 12.2423696056127 7.02339972798154 7.51774244359225 7.78366138290236 7.51372281780033 9.54004588324294 11.248246602998 15.9162523898282 8.825384937892 13.2289479286638 12.2667959407355 6.31976728413279 5.6849784435754 7.60659123052477 5.93892013945226 6.14454631616405 5.2654757776685
