0,25.3440363477593,24.4976939781943,27.3455986112856,34.3378285177062,31.1794808538536,35.2794427484973,32.6468825693158,61.6976188203152,61.4036028015057,94.5789294253712,56.1683634744505,57.6816471652362,59.1440149225084,65.3428742541472,70.502162299412,54.0268378459672,59.2878881769129,57.5436419041817,55.0748442195785,47.3030583454148,47.8861026686438,47.5163194831369,66.3652363300857,107.705493526479,112.531120104103,65.5478100893374,66.0560601965717,60.248763071294,55.4090549147228,55.643048936663,58.6119506852847,85.6586539134436,46.1934976532667,74.7989699059527,71.3343515637225,54.8829833423709,87.2601616744556,92.1513201641117,91.2857195091845,82.9226847807949,83.4781524310878,83.2712805861784,83.5822476955788,89.6655206544549,90.0593104996416,97.7045661042334,89.5171849473905,96.661918023163,89.4206951840328,91.8657044866726,52.8908749351881,52.4123693299292,52.8014696574312,51.4672437787835,53.0803922271974,51.475051600565,51.8075862926047,46.8208455783027,45.261702794348,45.0830479471231,44.3396078141129,42.1735761351729,81.2480910497677,44.276006382779,61.8875229566617,104.082281354751,105.724882332111,101.621881378582,97.1649326776803,87.723773619102,86.6460975348756,89.8740191814973,88.99700590828,87.7158804665829,64.9693784215725,71.5501902961743,72.5510466438834,47.5286221716107,45.9642195960883,54.5465776916389
25.3440363477593,0,27.4763183028885,25.2251615554901,28.8301563837826,32.8137927955375,36.4647869924736,32.1954101735003,61.7965460694258,61.5075544842484,95.5902834584777,56.2954166310824,57.8010702400041,59.2602808417824,66.5832818558551,71.6792779419031,54.6103173898416,59.9095993048506,58.127586658648,55.7010814192591,48.7400955089005,49.3874710136373,49.0266255122183,67.1551474708523,108.862471616594,113.666733138638,66.1919283219316,66.7463670391829,61.5778974840016,55.5007236408041,55.7274968155245,58.725052268625,86.8092869101732,47.7444880084182,75.9505439288936,72.4887749719257,55.0262937117026,88.3019096370729,93.196447527983,92.3282601751808,83.9482602716769,84.5029768116171,84.2938237445919,84.6041672901201,90.6911891652567,91.0906781572786,98.7320762543232,90.5461497276191,97.6900738634353,90.448583500687,92.8997339408572,53.7845301939421,53.3303812253688,53.746836789823,52.2529397212564,54.2271996708895,52.6152289221613,52.90784472409,48.5158929255472,46.8740248280385,46.8161155617433,46.1055864383653,44.1008363943715,81.7489470258534,44.6347064966281,62.4066989304613,105.151154692433,106.798042176951,102.693224580922,98.2342372273594,88.7354808304613,87.6582232433122,90.8952990381791,90.0191740903251,88.7173853020545,65.8235463790395,72.4104442495643,73.5663905765736,48.6337191718357,47.9808510184155,54.5849733502622
24.4976939781943,27.4763183028885,0,32.8263065445862,36.4884763111391,23.4476602108585,30.184768820137,26.1077801420462,61.4394336788477,61.1341828715686,93.8970763982967,56.0082463249825,57.5152430203206,58.9382613075306,64.7605596072086,69.8496882898633,54.3970840387504,59.6426315143624,57.8990576786664,55.4416042294464,47.6595864143795,48.0745614361185,47.7765601906488,65.453649196545,107.179380620797,111.97823153652,64.6296693755813,65.1245886938766,59.8650658707225,54.7776919425386,54.9970111088415,58.1156180343056,85.1016202041952,46.2002973194718,74.1067929026989,70.6317777880647,54.7674627506676,86.6002356876697,91.4949364874427,90.6281589647489,82.2462818068682,82.8018517898043,82.5922092901979,82.9033893136119,88.9942174293034,89.3930748002557,97.0357108687633,88.8486256735481,95.9940174823451,88.7514814733817,91.2020785588772,53.2956094960754,52.8367325760103,53.1891800948368,51.8948938802207,53.3717425602458,51.8027593723754,52.1687300115201,44.3339328883225,45.6891749420125,45.4770179909874,44.8799305462027,42.6661593585044,81.5072313234096,42.075925870504,60.7877111270113,103.454521374839,105.101579649352,100.996576222071,96.5373987603014,87.0389785114558,85.9612052280155,89.1986779695197,88.3220721116974,87.022121883003,63.7685364873893,70.4087984455559,71.7766521526595,46.0270060281413,45.7360614435618,54.269158860585
27.3455986112856,25.2251615554901,32.8263065445862,0,25.7986906078548,36.333233480583,39.0108668304134,36.3703189314752,61.0563404318573,60.778437269241,95.2510743614778,55.4508729680527,56.9636655021214,58.4639865382323,66.1583935982719,71.3139614879084,53.2140746699911,58.5349287974946,56.7483323691487,54.3132021584542,47.4753505667444,48.2939083794178,47.8688037771817,67.0159260276197,108.386894019706,113.214619323449,66.0636234278299,66.6277360701539,60.981763326294,55.1448770865581,55.3875977245464,58.2285963749133,86.3610107807073,46.8272391951014,75.6190042589515,72.1660046402917,54.1343229556139,87.9434332222143,92.834875280879,91.967728124499,83.6041825265232,84.1588190292873,83.9520812853837,84.2622483763105,90.3427077942512,90.7377574361178,98.3814601726864,90.1952623061993,97.3386259123828,90.0982730294435,92.544529741193,52.3816907357041,51.9093285530121,52.3679076327769,50.8131290886681,52.9704816018986,51.321929485374,51.575607740004,49.4747499345992,45.5868520457651,45.5933981867619,44.7596168066258,42.8487510986641,80.4708570396945,45.625260766618,62.4461591463634,104.764573344149,106.407560665875,102.304494852182,97.847457169937,88.3988021097007,87.3216228611798,90.5503532704693,89.6738664950709,88.3885557588015,65.9222452883405,72.459754340983,73.3058668223703,48.9520074682314,47.3569555419397,53.8717355766953
34.3378285177062,28.8301563837826,36.4884763111391,25.7986906078548,0,38.8747463633047,41.0353855412441,38.0464892382803,61.5325941828692,61.260993338436,96.7425315418751,55.963997733111,57.4668483450954,58.9627294268714,67.8926669781344,72.9788623391865,54.3270838046915,59.6899799318688,57.8591838836028,55.4757928628359,49.5421802589278,50.3847902261758,49.984598242847,68.2659502336153,110.042042652364,114.845410343599,67.1580773087695,67.7720357456283,62.8234028841354,55.6192297241066,55.8546042797459,58.7224238519295,88.006763562113,48.9306914913529,77.2551928549744,73.8044797268838,54.6691262056821,89.4682759545831,94.3635027695695,93.4935669173254,85.1109561815412,85.664810262367,85.4554966048637,85.765021752922,91.849912950426,92.2512869735558,99.8907625406946,91.7061129288824,98.8486701500615,91.6079491723044,94.0610294734467,53.8623086036856,53.4234372694961,53.9033643372625,52.1752609458762,54.7111564691474,53.0636476192138,53.280747137948,51.5319991937329,47.8457945549053,47.9548420753737,47.1967950667757,45.4124062209232,81.4690518226657,46.5989390834799,63.420161223631,106.320089692696,107.967881626769,103.862770855205,99.4034398883776,89.8904504141485,88.8137065138529,92.0526797411205,91.1771539260783,89.8688995217361,67.2450938117133,73.7870445757087,74.7967655011221,50.5248977876231,49.8165714539277,54.2709089119347
31.1794808538536,32.8137927955375,23.4476602108585,36.333233480583,38.8747463633047,0,22.7797548060578,23.0998478525583,61.1613833027435,60.8450054901125,93.2005284588571,55.8200472820038,57.3218293079103,58.7080224496327,64.1744146432546,69.1896799932587,54.6805611822504,59.9133215533743,58.1698533601612,55.7226286904748,47.9640586716199,48.2416436715259,48.0070520246009,64.5166423875561,106.64244383576,111.414033643641,63.6850960177108,64.1659752029929,59.479664468227,54.1435539526311,54.3492320875003,57.6100570962205,84.5342525350835,46.2128895953562,73.4055242208517,69.9201470569068,54.6198439056273,85.9265072699459,90.8248488876691,89.9568116490334,81.5555942981481,82.1112440520699,81.8987612424264,82.2101360866811,88.3086308696461,88.7127212072823,96.3526249827542,88.1658789893526,95.3119044833459,88.0680487472627,90.5244114945901,53.6135533680154,53.1716059136998,53.4939853191633,52.2298052418853,53.5998206112439,52.0621527335418,52.4553342352978,41.7630019684791,46.0729184395626,45.8507506525951,45.3753966288341,43.1506958634519,81.6937799420864,39.6781326019877,59.6507457024456,102.813702688096,104.465337428411,100.358282282361,95.8968204335742,86.3394896310064,85.261630040776,88.5089258241082,87.6327531367096,86.3133650548142,62.5226006294126,69.2274497770777,70.9863545654246,44.4612404553477,45.6483488005373,53.9793148938586
35.2794427484973,36.4647869924736,30.184768820137,39.0108668304134,41.0353855412441,22.7797548060578,0,25.4608835400747,61.0537574799642,60.7263840133425,92.6809513190755,55.7953372126332,57.2927613969966,58.6443019760302,63.777086021186,68.7147941446734,55.0820242956757,60.3042561682855,58.5603124959898,56.1226023707749,48.4130484225933,48.5785478409179,48.3997122262014,63.7447532522019,106.286805440274,111.030586696202,62.9036866336753,63.370018334777,59.2847070102341,53.6953430484766,53.888396996375,57.2843626656457,84.1486769798232,46.4191227096693,72.8878711329663,69.3922591454977,54.6324018975804,85.430761993089,90.3328532267495,89.463461513434,81.0423573987905,81.5980595918942,81.3826609546559,81.6942081977998,87.8004826734779,88.2099913529376,95.8470344169451,87.660678625306,94.8073062437941,87.5621261587799,90.0244535857876,54.0504351550987,53.6233866915762,53.9208578937682,52.6787952236486,53.9657791513701,52.455313214753,52.8707376952488,39.5218925107324,46.6039369146704,46.3875636830547,46.0115533023832,43.7992499949294,82.0091765155048,37.2210381570124,58.6639531338708,102.351685017763,104.008028807278,99.8988672594156,95.4350592657035,85.8169827523639,84.7390505035041,87.9964694539146,87.1207598360829,85.7812496981366,61.4212610032554,68.1964568779566,70.3721940163193,43.0279509877988,45.8719085247755,53.8659760952978
32.6468825693158,32.1954101735003,26.1077801420462,36.3703189314752,38.0464892382803,23.0998478525583,25.4608835400747,0,61.2460189018428,60.9331081296557,94.1166548065447,55.9362808508974,57.4312596513858,58.8117173452248,65.3017100219642,70.2661779532526,55.1870338688286,60.4486392874735,58.6760298983306,56.2619030930759,49.1264784283829,49.4827097133145,49.2415219153986,65.2442975901277,107.678031671816,112.432699663666,64.266564607307,64.7946578025692,60.6606323016645,54.1842416360875,54.3806018140304,57.6876493866808,85.568356138389,47.5256327894874,74.4634250406174,70.9827905185526,54.7527392375515,86.8692217037395,91.7703465287552,90.8999374229422,82.4849119855268,83.0398034072306,82.8255003185762,83.1362256931949,89.2372421517872,89.6461683880537,97.2826723167841,89.0973165169432,96.2424402211633,88.9985255199396,91.4600792140423,54.3615266758398,53.9369762982214,54.2834157014866,52.8929239837136,54.5557576622413,53.0082149278905,53.3667315299052,44.2011209112033,47.3483691291688,47.2203234874822,46.7332669724102,44.6330736427483,82.1303707590977,39.7639128557779,60.0982179058712,103.778168643763,105.433339014296,101.324803210623,96.8616768864764,87.2564205289011,86.178988998445,89.4338342607556,88.5584750535991,87.2216181383926,63.3484510895175,70.0537495203301,71.9212822525566,45.6379739353315,47.4159145003005,54.0096941897203
61.6976188203152,61.7965460694258,61.4394336788477,61.0563404318573,61.5325941828692,61.1613833027435,61.0537574799642,61.2460189018428,0,25.0326812494794,104.384694435127,37.7863759072114,38.3978554456348,35.0374393869288,78.0403489739715,82.5551563584568,58.8070946667587,64.1634630951853,61.9966731952156,60.2675617053392,62.1511660733899,63.0055550113053,62.7899507955383,74.0295878062903,119.239413876269,123.819157103846,71.1027316098655,72.4324327160574,73.7201133042244,50.6269793794429,51.4267714157133,48.1197572640739,97.1550287647456,61.577564179245,86.6274056188742,83.2338007413055,39.6867643449785,97.4554202896581,102.386373341401,101.485867521847,92.9267275906619,93.4705381172469,93.2382512138593,93.5390849812027,99.6546204254103,100.118477758714,107.713734597885,99.5473991125513,106.677828903614,99.4367192376965,101.956846434324,62.2504782713729,62.2576524378313,62.690824150032,59.6863073144043,65.0202137329142,63.4542188428548,63.4589075191749,67.5249857504712,61.5341340534598,62.1126463943523,61.7945973915336,60.5350605648375,82.3097877314551,60.0947296375952,68.4219638412471,114.587977977725,116.281541448044,112.157228773884,107.676326930271,97.545106998617,96.4741841311474,99.8096193320189,98.9447681518165,97.4120766734318,75.7117538227877,81.908417983844,82.7783980913937,62.221122051585,64.5509387349854,38.6932909464286
61.4036028015057,61.5075544842484,61.1341828715686,60.778437269241,61.260993338436,60.8450054901125,60.7263840133425,60.9331081296557,25.0326812494794,0,103.913861258933,37.7847358544877,38.7386664397659,35.4624927080954,77.6371073650771,82.1342938469056,58.6097525023414,63.9586276665546,61.7977972455888,60.0633579693525,61.865378553546,62.70439614373,62.4941208624149,73.5032602009725,118.818490291196,123.390729483691,70.5315864088913,71.8793700591334,73.3481413422917,49.9836216927202,50.8072398862494,47.1976240598098,96.7304353826813,61.2594375066871,86.1994563387613,82.8066986387682,39.5031976448402,96.9948541548673,101.926943651031,101.025578518019,92.4607504300232,93.0043049233308,92.7712623685968,93.0718810133716,99.1886461836841,99.6544272957318,107.24837846922,99.0825381653831,106.212689567262,98.9714938204388,101.49369425994,62.0150159916663,62.0201735930602,62.4486488682754,59.4644605963822,64.7499101209319,63.187499497939,63.1984816564598,67.1711853577053,61.2451984010179,61.8182057018196,61.5059539849289,60.2403446074006,82.1075949829905,59.7254745268889,67.9002628146806,114.136634278851,115.831654601733,111.706721982775,107.225125238212,97.0744432316378,96.0036684648516,99.3421652896236,98.4776167142544,96.9379943255835,75.2507541936407,81.4393531955047,82.3120455563995,61.8191484037499,64.2263293784938,39.1852965666049
94.5789294253712,95.5902834584777,93.8970763982967,95.2510743614778,96.7425315418751,93.2005284588571,92.6809513190755,94.1166548065447,104.384694435127,103.913861258933,0,99.5128881459796,101.043182362376,102.141519889038,84.8001649618966,86.3473680619449,99.5794335999244,104.515652634883,102.966288174895,100.385693015855,90.5056618505501,89.0879191918285,89.8089181740578,85.8658850140479,104.215562400634,104.268717572016,90.1140064031691,89.597856312396,84.9721130886207,95.5849415276373,95.9439698752831,98.9018270466145,85.7078089055294,85.2144596305266,90.6335707424302,88.2370908585252,98.5250869997046,61.3499874971895,66.4712367524906,62.800132581989,57.781280222927,56.8813468234322,58.0607696932827,56.9178951519099,50.7663311847615,53.591042737099,55.6461437584991,52.6833600701647,53.0222434109504,50.8996337826573,55.8516062576216,97.2290256833885,96.8792819841962,96.6900914481448,96.5683078705284,94.7119871634567,93.7772505881664,94.747098674774,96.013326905899,90.0965670424045,90.2581514194846,90.9010696912015,89.222106099052,126.266155223715,91.6922741768698,95.6181259269731,77.3331814861069,80.4421520411489,75.8992039185946,70.9398458121446,53.787023864689,54.2418100886788,50.5130910090745,51.5731315718464,57.4109968661306,96.9583353999993,101.625084974624,82.5003025837485,86.2698498365258,90.1882648393358,97.811204910063
56.1683634744505,56.2954166310824,56.0082463249825,55.4508729680527,55.963997733111,55.8200472820038,55.7953372126332,55.9362808508974,37.7863759072114,37.7847358544877,99.5128881459796,0,19.9018224489475,28.4658664498652,72.8166514968967,77.4391131040041,51.3568964200369,56.6883067286544,54.4737271666654,52.8573424118404,56.0989066831505,57.0758512581833,56.8279661978409,69.5266298043429,114.075173614499,118.700282944221,66.8364208343244,68.0819039442191,68.2785140247979,47.6193800889863,48.3405944984291,45.9905972993982,92.0203585823652,55.7899928645084,81.5589823695953,78.1649591448723,24.9052689644547,92.5276237250396,97.4519183696424,96.5558315709535,88.0304851349474,88.5754248290969,88.347740739456,88.6494701920806,94.7562542256654,95.2092237615448,102.811530199248,94.6428101902622,101.774238578295,94.5340664864858,97.0424079350832,55.4792078309384,55.5541198937673,56.0016759191842,52.7496101429289,58.678621888853,57.0938622325864,57.0345996554185,62.3300430582842,55.5658333826049,56.21005107036,55.8672764968298,54.6778590485132,74.097049501616,55.1958427970559,64.1422900554951,109.604755525166,111.289820166156,107.169167509338,102.69236169502,92.6737626019855,91.6022052088246,94.9196867932735,94.0532848306386,92.5600776821807,71.0159401770271,77.2273543804772,77.9230323838347,57.2424812535313,58.9308527114753,37.4791264876074
57.6816471652362,57.8010702400041,57.5152430203206,56.9636655021214,57.4668483450954,57.3218293079103,57.2927613969966,57.4312596513858,38.3978554456348,38.7386664397659,101.043182362376,19.9018224489475,0,28.4121957897616,74.3569228022681,78.9745748182097,53.1101953176781,58.4552705686231,56.2426301293587,54.6111912942738,57.6863847441675,58.6552932339725,58.4085564901422,71.0379598384113,115.617542109776,120.240637449058,68.3409889334073,69.5877343001313,69.8312161030733,49.0166810813234,49.7349171850746,47.4185618314541,93.5606839862991,57.35930487121,83.0919042663884,79.6974449676014,28.6005357547209,94.0598177336222,98.9843868082742,98.0881785729959,89.5613938925165,90.1063234019626,89.878432638082,90.1801608734593,96.2874567422816,96.7408375119748,104.342912150571,96.1742398199705,103.305689004971,96.0654358259115,98.574227720277,57.1474104515772,57.212008166021,57.6615160056774,54.4343244170903,60.3023241331578,58.717717676073,58.6640900969729,63.8356074857027,57.1421199798141,57.7800610925969,57.4367992328087,56.2409274811588,76.0028519862298,56.6705707741996,65.6229747163013,111.139372805527,112.82478444594,108.703978017504,104.227000764094,94.2038961620484,93.1323421927344,96.4505648524109,95.5842050779881,94.0894814218707,72.5169839392125,78.7308996479324,79.4485082772418,58.7476952729159,60.4789603384801,38.291440120944
59.1440149225084,59.2602808417824,58.9382613075306,58.4639865382323,58.9627294268714,58.7080224496327,58.6443019760302,58.8117173452248,35.0374393869288,35.4624927080954,102.141519889038,28.4658664498652,28.4121957897616,0,75.6229604959821,80.1924285945522,55.2076855364249,60.5486415967558,58.3567977205918,56.6887326783541,59.305288185515,60.2239119043063,59.9917634116081,71.9764336494935,116.848867394674,121.451575919025,69.1677126259806,70.4564164893757,71.1903208389552,49.4426179030364,50.2033634468559,47.3873994014731,94.7799678938699,58.8705992131142,84.289166430718,80.8956865596752,32.8801918501543,95.1843460265584,100.111943050523,99.2136175821767,90.6715468998247,91.215898001912,90.9859448613943,91.2872019401449,97.3982067619707,97.856605970347,105.455369680971,97.2878721827408,104.418756534377,97.1781528251292,99.6923676192286,59.0177881787831,59.0619637006931,59.5020553888773,56.3651363553284,62.0173094968551,60.4417934995039,60.4125426677214,65.1430093572317,58.7343586801851,59.3481625550977,59.0178841479663,57.7960036150393,78.2878764421364,57.8779259880883,66.5048543700169,112.288863357448,113.978146415628,109.855680387389,105.376844701143,95.3022785187408,94.2310539568123,97.5574382295812,96.6918225816745,95.1789468248767,73.5761262751546,79.777710405966,80.5468388950611,59.9457786940333,61.9365162255617,38.8378732754329
65.3428742541472,66.5832818558551,64.7605596072086,66.1583935982719,67.8926669781344,64.1744146432546,63.777086021186,65.3017100219642,78.0403489739715,77.6371073650771,84.8001649618966,72.8166514968967,74.3569228022681,75.6229604959821,0,44.2855476464944,70.58210515376,75.431688848274,73.9849680414069,71.2762678740502,59.3628554990195,57.3977097325978,58.3424469438865,67.1333516136206,95.4743172900137,100.33335616417,70.2043049748015,69.7888855129051,47.4790303791865,70.3165329874634,70.6288599942994,73.5813586010582,71.1235493993317,52.8001577994692,53.6473575927941,50.9019555266904,71.6589959252835,76.303966073814,81.117894507783,80.400571752112,72.3833412540973,72.9991885596455,72.8340032197491,73.1996016472605,79.3623679970716,79.5847474063514,87.3859187829666,79.1055596829829,86.3429977836063,79.0564951937,81.323669577125,67.32475089805,66.923973056791,66.6219023500211,66.9824830949007,63.9286851622379,63.0864510587451,64.2210114481406,66.7323144782133,59.0129364471553,59.093242055313,59.9952900174931,58.2574897414613,97.6546390005677,63.7863928057554,71.5872264580377,92.7860948355295,94.3415774745012,90.2675768699192,85.8447430483044,77.8011759330402,76.6916727423016,79.6969112197535,78.7752521534269,78.1232064329179,71.1361848630824,76.4429312934848,62.4109253104924,57.2509474868372,58.490523576996,71.3371267063997
70.502162299412,71.6792779419031,69.8496882898633,71.3139614879084,72.9788623391865,69.1896799932587,68.7147941446734,70.2661779532526,82.5551563584568,82.1342938469056,86.3473680619449,77.4391131040041,78.9745748182097,80.1924285945522,44.2855476464944,0,75.9524010642935,80.8404839088895,79.352973080127,76.69178705902,65.4641151886698,63.7086047576244,64.5498842732496,69.1223019459022,99.6244101648064,104.00945756939,72.8783183766775,72.3236414730965,56.838962994461,74.4780499786702,74.7955442446313,77.8015248706362,74.817202954752,59.3554902317288,42.0587674667747,42.1001239855631,76.3332287469146,77.9597094838931,82.8385848826073,82.1435681946861,73.7540056676692,74.3989030042123,74.1728081213753,74.5686080043357,80.9720219627416,81.258881756077,89.0537393852301,80.7438020224027,88.0355774686331,80.6965874048452,83.0392631842475,73.0409975103164,72.6525737538404,72.4076024216879,72.5680677695212,70.0310859342695,69.1288313531645,70.1865141001448,71.6132028538394,65.0172343636032,65.0891811384461,65.8901389018444,64.1343530580316,102.903734266915,68.3391632622736,75.1132207601946,95.1173980581302,96.749681879966,92.638740961369,88.1749748678638,79.205780465642,78.0794404609744,81.2508801155676,80.321530145904,79.4234400338462,74.5578327010769,79.6236053407143,60.9765512957268,61.6251006652677,64.4422430474164,75.870693702976
54.0268378459672,54.6103173898416,54.3970840387504,53.2140746699911,54.3270838046915,54.6805611822504,55.0820242956757,55.1870338688286,58.8070946667587,58.6097525023414,99.5794335999244,51.3568964200369,53.1101953176781,55.2076855364249,70.58210515376,75.9524010642935,0,29.1806809255915,21.7507987907566,21.8539821095196,47.9524599553036,49.7975573077637,49.3978194524091,72.1646347730293,112.097781365024,117.044286679435,70.9716189955037,71.6984078098055,64.4298336329844,57.6992620538569,58.1240840029378,59.1196058888759,90.2765574412909,49.6159253509548,80.4145162921452,77.0302786989994,49.0694769489575,92.2139167029226,97.0917744138714,96.2249088617465,87.9363301721439,88.4882287786549,88.2930291950789,88.6001146600328,94.6421360676098,95.0201015448151,102.670107137175,94.4860243587217,101.622861589344,94.3902956127156,96.8173106948989,38.6246107824507,39.8169049925217,40.1922059382602,33.4537184393764,46.8317522682111,45.2007790424596,44.5223932985336,61.5090430711669,48.4873230527638,49.7291392618844,49.3919666515406,48.7993595131898,59.3685697802993,56.538345362251,68.3320868252448,108.900523516716,110.526335271193,106.431320753933,101.983187444417,92.7469230648033,91.6714891781832,94.8638103691406,93.9871317195269,92.7663666867087,72.6865186264798,78.9394363816116,78.1996355573258,57.3479410185199,54.597862032118,52.7435443391019
59.2878881769129,59.9095993048506,59.6426315143624,58.5349287974946,59.6899799318688,59.9133215533743,60.3042561682855,60.4486392874735,64.1634630951853,63.9586276665546,104.515652634883,56.6883067286544,58.4552705686231,60.5486415967558,75.431688848274,80.8404839088895,29.1806809255915,0,25.651378291655,20.5663016199009,52.5968100908635,54.4272813901699,54.0612065004428,77.2424317390762,116.921626671475,121.88689344483,76.1032012104998,76.8147275260029,69.1717499089212,63.0262132869071,63.4516654254988,64.4510753368545,95.1201249293151,54.2966746999154,85.3229351812134,81.9420429856047,54.3761061507608,97.1319365997678,102.007270781832,101.141605707272,92.8661548215761,93.4182111979996,93.2248683117165,93.5320308024803,99.5696352118553,99.9437477041583,107.595992435878,99.411380399109,106.548136127342,99.3162413179949,101.739045236026,41.6669050385453,43.4639649313976,43.2152889626367,37.1839691398254,50.5627772001685,49.0571467818542,48.3526530393215,66.6514839256404,53.3037859899681,54.5845950373901,54.3070591876988,53.7395386570587,58.067163187171,61.7682821457843,73.5152803934247,113.796341659121,115.418935068638,111.325342898913,106.87879529856,97.684317561381,96.6088047961925,99.7943364935111,98.9172290476656,97.7105652127098,77.7873416911429,84.0311234433585,83.1691844733026,62.4360567832596,59.522044146887,58.1561316569401
57.5436419041817,58.127586658648,57.8990576786664,56.7483323691487,57.8591838836028,58.1698533601612,58.5603124959898,58.6760298983306,61.9966731952156,61.7977972455888,102.966288174895,54.4737271666654,56.2426301293587,58.3567977205918,73.9849680414069,79.352973080127,21.7507987907566,25.651378291655,0,21.3786982479648,51.4129541561621,53.2331454379968,52.8479276175194,75.5463091730233,115.488322380404,120.434570090369,74.3423481420735,75.0737858655806,67.830350278839,61.0193782954618,61.4487644201144,62.3958081104289,93.6687211521709,53.0439067679856,83.8148252454731,80.4313686630611,52.1404798179398,95.6022413868253,100.480192285353,99.6131562467961,91.3241769052125,91.8759983172322,91.6807593951878,91.9877727858328,98.029667179664,98.4078469865996,106.05765567759,97.8736913913517,105.010410024506,97.7779028020229,100.205140667256,41.7502175932183,43.1328393218237,43.2790634138443,36.9107818955176,50.0657062059615,48.4810486961224,47.8100982233365,64.9684325344978,51.9791683082608,53.2197568859525,52.9012993361773,52.3029800698316,59.4948401175671,59.9801676541262,71.7143408318835,112.289346078435,113.915276568644,109.820219351616,105.372036822074,96.1339971897582,95.0586087037134,98.2511850816616,97.3745641972117,96.1530494968661,76.0904174473896,82.3402824761207,81.5922289151845,60.7756171177491,58.063454897779,55.9981869742181
55.0748442195785,55.7010814192591,55.4416042294464,54.3132021584542,55.4757928628359,55.7226286904748,56.1226023707749,56.2619030930759,60.2675617053392,60.0633579693525,100.385693015855,52.8573424118404,54.6111912942738,56.6887326783541,71.2762678740502,76.69178705902,21.8539821095196,20.5663016199009,21.3786982479648,0,48.3563586065902,50.2115604261333,49.8348206789472,73.1340181482624,112.775071970618,117.742765282545,72.011462738651,72.7168097611373,65.0059441146105,59.0051937699561,59.426467142595,60.4715570324385,90.9742965735141,50.0958746212426,81.1768818363075,77.7956383856135,50.5850885508128,92.9984543411813,97.8734056445517,97.0080432648708,88.7345040140364,89.2866524184519,89.0935634500686,89.4008036569185,95.4380145825629,95.8114737900704,103.464167204295,95.2793804581895,102.416239863619,95.1843671610739,97.6064680168325,37.4802019881367,39.1640851367935,39.1201762194142,32.5236955714833,46.4433424796281,44.8981845213964,44.175689602429,62.4776686304386,49.0555654964927,50.3432257802692,50.0549850036019,49.496793010781,57.3927439293158,57.6218792245416,69.4189382168353,109.659799453135,111.281904853891,107.188518996953,102.742202958197,93.5542857128655,92.4787204898331,95.6632176734503,94.7860051774483,93.5816994693033,73.6607745683877,79.9063299125147,79.0376705845778,58.2855634231772,55.3149240395421,54.2058939836082
47.3030583454148,48.7400955089005,47.6595864143795,47.4753505667444,49.5421802589278,47.9640586716199,48.4130484225933,49.1264784283829,62.1511660733899,61.865378553546,90.5056618505501,56.0989066831505,57.6863847441675,59.305288185515,59.3628554990195,65.4641151886698,47.9524599553036,52.5968100908635,51.4129541561621,48.3563586065902,0,26.9722317474167,22.5043555308432,65.4990563254343,101.25495256299,106.47582228915,65.5672819331758,65.8897461251197,51.683902487912,57.2139687820064,57.5352971857015,59.8297898528877,79.606331855149,32.0119250616069,70.259544975773,66.8902126990033,54.5439015885833,82.808049310389,87.6453102959364,86.8042142482694,78.7228035143318,79.2807566912431,79.114105290801,79.4258150460607,85.4109288022474,85.7234142348081,93.4150481457822,85.2175686102885,92.3591142081589,85.1331993362532,87.4892232614584,42.1676900200421,41.3387085618521,41.1798924645408,42.5812264787067,38.1914670419457,36.2288063810354,37.2163490256596,53.6056185693959,27.1148758391638,31.0790925935784,32.5246187002799,33.3425630026963,76.1014494302847,51.0199258648282,63.530280493618,99.155098153476,100.729372841873,96.6566080956109,92.2333737486583,83.6794803755133,82.60074131164,85.6834645230987,84.797837937175,83.815464668996,65.7049069981465,71.8878479267592,69.3671369351868,49.3478902385405,41.0410415476717,55.4303208345535
47.8861026686438,49.3874710136373,48.0745614361185,48.2939083794178,50.3847902261758,48.2416436715259,48.5785478409179,49.4827097133145,63.0055550113053,62.70439614373,89.0879191918285,57.0758512581833,58.6552932339725,60.2239119043063,57.3977097325978,63.7086047576244,49.7975573077637,54.4272813901699,53.2331454379968,50.2115604261333,26.9722317474167,0,20.2189742007493,64.7245551868686,99.3874797579797,104.677769777334,65.0671366996141,65.3103240888264,49.2405959787304,57.6529052603897,57.9679046277825,60.3834708412055,77.7790917200244,26.2428206150978,68.6020057949243,65.242278665348,55.5793813586539,81.307314857718,86.1341514364926,85.2993910730883,77.271449352474,77.8307515308349,77.6715507128994,77.9842402754661,83.9538730461185,84.249770759672,91.9517611387328,83.7511201633379,90.8935396355975,83.6695583743633,86.0075711821886,44.2434105449246,43.5869306428998,43.1840289165732,44.6788407694545,39.3575293082356,37.9946613906331,39.3388483602612,53.3211169013093,30.2893066259603,31.9727267891671,34.3405932629288,33.9952692475782,77.7448350320112,51.0318384697009,63.2671371481696,97.56685218066,99.1279742348519,95.0608984137391,90.6440310818284,82.2642195513369,81.1847704094446,84.239327735229,83.3515281383825,82.4297710563036,65.0231260809152,71.1599989982251,68.0483062056632,48.6144245294941,39.5415958199389,56.2729972369245
47.5163194831369,49.0266255122183,47.7765601906488,47.8688037771817,49.984598242847,48.0070520246009,48.3997122262014,49.2415219153986,62.7899507955383,62.4941208624149,89.8089181740578,56.8279661978409,58.4085564901422,59.9917634116081,58.3424469438865,64.5498842732496,49.3978194524091,54.0612065004428,52.8479276175194,49.8348206789472,22.5043555308432,20.2189742007493,0,65.1061735938453,100.365962304831,105.614240620411,65.3332658271239,65.6073116287247,50.4804864277251,57.5564750246001,57.8719891974534,60.2584507532244,78.7194269755791,28.9331979261795,69.3900705565578,66.0209607875535,55.3167043228125,82.0710125890625,86.9037155213188,86.0660572091018,78.0076233427433,78.5665248893928,78.4030023360092,78.7154844541342,84.6952618315469,85.0001398109157,92.6968720482994,84.4975131860889,91.6400541368699,84.414562115214,86.7623823667829,43.9417720186212,43.2259772303844,42.9552064604838,44.2828764059171,39.6303396687574,38.0451891089476,39.2096380371976,53.3111712781609,27.3410850263903,30.0246503414941,32.6736817889057,32.8700722289354,77.4020266929719,50.9857038211393,63.4100004354066,98.3816538215105,99.9502096998697,95.8798631745588,91.4593455162549,82.9825607355992,81.9033065973126,84.9736662843033,84.0868816179185,83.132206315447,65.3124211910335,71.4766038805782,68.6856031573128,48.8686274720576,39.7219794901144,56.0523094544525
66.3652363300857,67.1551474708523,65.453649196545,67.0159260276197,68.2659502336153,64.5166423875561,63.7447532522019,65.2442975901277,74.0295878062903,73.5032602009725,85.8658850140479,69.5266298043429,71.0379598384113,71.9764336494935,67.1333516136206,69.1223019459022,72.1646347730293,77.2424317390762,75.5463091730233,73.1340181482624,65.4990563254343,64.7245551868686,65.1061735938453,0,106.33861975527,110.02545618356,49.3260441764435,45.7138074415782,66.8998790857173,63.8935514442935,64.2495673394603,67.545181628342,83.6763803875891,61.4696275083648,72.0772289868349,68.7857345871629,68.7144715062294,79.8624220125929,84.9269979740415,83.9612664817192,74.6966889744929,75.2349070116624,74.8983688346666,75.1987510614303,81.5693617166407,82.2328749163284,89.7158998613112,81.5724319967522,88.7132244905839,81.4324915896098,84.1710169085439,71.0452401340409,70.7300807833607,70.7606757948354,69.9112752128608,69.9612944843235,68.7714304999303,69.4522958873735,67.0535313762971,64.6927939780267,64.7926929090682,65.1170846161023,63.3559241249594,98.4390748567028,61.3557769440422,60.0544836398325,98.1383045794314,99.9963067564095,95.7998972643433,91.2383964024558,78.933019259356,77.8618695352171,81.5663487303603,80.7214864821283,78.4344504771169,61.7084477716192,65.0130423094334,61.9082198162308,56.0808429522016,64.4858732441533,67.4873238990614
107.705493526479,108.862471616594,107.179380620797,108.386894019706,110.042042652364,106.64244383576,106.286805440274,107.678031671816,119.239413876269,118.818490291196,104.215562400634,114.075173614499,115.617542109776,116.848867394674,95.4743172900137,99.6244101648064,112.097781365024,116.921626671475,115.488322380404,112.775071970618,101.25495256299,99.3874797579797,100.365962304831,106.33861975527,0,63.3754510144084,109.697321869715,109.30775275674,91.6223555207347,111.358751353549,111.694923967724,114.564286954382,85.4653142148214,95.1604863558001,105.209411717103,102.779213404872,112.945986034695,93.4863186315117,97.4029390329165,96.2196516650833,93.3539895670553,93.6523607359313,94.2438128367264,94.2904060075793,97.3130762091788,96.467275323465,104.460964744632,96.5600262589717,103.038185525417,96.514880065375,97.5430612414121,108.776564712267,108.404945495617,108.033244175271,108.492711828216,105.09572364479,104.387155489013,105.594037677024,109.681557025308,101.208314287837,101.451323207695,102.317116428891,100.729037728004,139.10912565596,106.145069726654,112.660857255658,98.1645929609476,98.2337097443298,94.9671080201953,91.3977146764486,98.9151936267662,97.9745751735199,98.55318597806,97.6970775683668,100.922164953621,113.422659291481,118.523907347365,102.450774179253,100.769408199351,101.766170557072,112.600667696112
112.531120104103,113.666733138638,111.97823153652,113.214619323449,114.845410343599,111.414033643641,111.030586696202,112.432699663666,123.819157103846,123.390729483691,104.268717572016,118.700282944221,120.240637449058,121.451575919025,100.33335616417,104.00945756939,117.044286679435,121.88689344483,120.434570090369,117.742765282545,106.47582228915,104.677769777334,105.614240620411,110.02545618356,63.3754510144084,0,113.551492683456,113.133756870199,97.3642370326595,115.794384490062,116.133440730216,119.020236400828,89.9267037254213,100.497521785457,109.437629553489,107.043118598832,117.593025628625,93.4716898764793,97.2161459683219,95.7942995070512,94.0460002038184,94.251277914805,95.0018202953925,94.9591233274001,97.1536550973233,96.0872567075783,104.057015150112,96.3110125364748,102.520267695523,96.2444056236945,97.0075956944211,113.880834586477,113.511948150024,113.171450836018,113.534837678291,110.394667674589,109.646122732876,110.812988504208,114.403356225273,106.363330318804,106.58921481515,107.420076855604,105.813673497929,144.005126907392,110.754826478881,116.882952383925,94.3976717109897,93.9356035695651,91.0401002621104,87.8279311945357,99.4581791623427,98.567173912477,98.591969806889,97.7704482172166,101.792894149252,117.695240367464,122.727200519142,105.938581157257,105.338728366609,106.820344828376,117.188910207805
65.5478100893374,66.1919283219316,64.6296693755813,66.0636234278299,67.1580773087695,63.6850960177108,62.9036866336753,64.266564607307,71.1027316098655,70.5315864088913,90.1140064031691,66.8364208343244,68.3409889334073,69.1677126259806,70.2043049748015,72.8783183766775,70.9716189955037,76.1032012104998,74.3423481420735,72.011462738651,65.5672819331758,65.0671366996141,65.3332658271239,49.3260441764435,109.697321869715,113.551492683456,0,35.8881561367013,69.0054941282184,60.1302566417954,60.5124979827823,63.9022756573819,87.2182920182281,62.1186115996765,76.180240091584,72.8698193446937,66.1368174237711,84.085445634173,89.1259858511391,88.1538156850811,79.0343444999921,79.5611934530866,79.2510394740021,79.5389842373048,85.8084143534983,86.4493682499001,93.9318566781317,85.8020096352045,92.9193290892324,85.6605054191771,88.3725040196976,70.4251504202012,70.1400595661186,70.2447107368466,69.0904605456803,69.9063382623157,68.6438590714726,69.2182807162227,66.7062074088733,64.7179799597236,64.8598677059495,65.0567736701001,63.3343086079562,96.9953316708728,60.0580080409354,54.9693030534838,102.12523153798,103.957009800902,99.773223389406,95.2257212443369,83.2540846039809,82.1917711244294,85.8257528593926,84.9851085022534,82.802366564006,62.6542632783082,67.0260961990815,68.0833278421623,56.5137102419962,64.8631036912417,64.6442353951236
66.0560601965717,66.7463670391829,65.1245886938766,66.6277360701539,67.7720357456283,64.1659752029929,63.370018334777,64.7946578025692,72.4324327160574,71.8793700591334,89.597856312396,68.0819039442191,69.5877343001313,70.4564164893757,69.7888855129051,72.3236414730965,71.6984078098055,76.8147275260029,75.0737858655806,72.7168097611373,65.8897461251197,65.3103240888264,65.6073116287247,45.7138074415782,109.30775275674,113.133756870199,35.8881561367013,0,68.819270148442,61.7266377055441,62.0908409922983,65.4977598768278,86.782853252948,62.272003311012,75.5449352304307,72.2271502728098,67.3418268180608,83.5557314466946,88.5999581124765,87.6311292522911,78.487263963972,79.0173861685962,78.7023197740045,78.9937036320047,85.2853395419466,85.9281251023566,93.4132331715493,85.2791204314571,92.4026970853589,85.1386940138283,87.8532128841913,70.9713050705305,70.6753376960449,70.7596227426854,69.6975552232257,70.2849216022204,69.0413399875477,69.6464301109847,66.9785583292493,65.0413564927531,65.1647201690539,65.3967621087964,63.6556771638024,97.809738268205,60.593737185921,56.2579445901092,101.636197854216,103.471675158487,99.2859403558929,94.7362956536097,82.7201001356161,81.655385766972,85.3005462695238,84.4583042985575,82.2636833492109,61.8113546638449,65.7530945337165,67.0865294718402,56.4193259921428,65.0441327008136,65.9294125611758
60.248763071294,61.5778974840016,59.8650658707225,60.981763326294,62.8234028841354,59.479664468227,59.2847070102341,60.6606323016645,73.7201133042244,73.3481413422917,84.9721130886207,68.2785140247979,69.8312161030733,71.1903208389552,47.4790303791865,56.838962994461,64.4298336329844,69.1717499089212,67.830350278839,65.0059441146105,51.683902487912,49.2405959787304,50.4804864277251,66.8998790857173,91.6223555207347,97.3642370326595,69.0054941282184,68.819270148442,0,66.7209825740724,67.0332862426603,69.8254486773509,69.5079513749337,44.2274589260252,63.1602184744447,60.1367537414172,67.0157520234053,76.4136007590513,81.1459049795501,80.3776395071569,72.8331613190488,73.4067421767572,73.3162195240618,73.6393115384163,79.4762019163354,79.6208556018852,87.4200764756673,79.1871529247098,86.342476531006,79.1322534594229,81.3066234241839,60.3095782968749,59.8969129204755,59.4161898531665,60.3149660350031,55.8174857802155,55.1949708250431,56.5584449715824,62.6644417871695,51.7889772390183,52.0104375817155,53.1353176205162,51.5544340416444,91.751557614467,60.0502184786234,69.3346405439754,91.9300118540617,93.3774091554254,89.3579949241473,84.9949163306639,78.1675144527885,77.0811973713218,79.8791433413469,78.9705430690061,78.6068972501375,69.5759506984846,75.1966580735223,65.5988529438727,54.6221340690518,52.2719291271528,67.0087863409769
