IBR/IBR_outputs/all.combrep_1/FireFreq_2000_2008_Total.PersistForestCover_Total.Silt_Total.WeatheringIndex_Total/FireFreq_2000_2008_Total.PersistForestCover_Total.Silt_Total.WeatheringIndex_Total.asc
NCOLS 160 
NROWS 95 
XLLCORNER 210004.651214014 
YLLCORNER 7350008.22228844 
CELLSIZE 4999.99999999997 
NODATA_value -9999 
[rows 63 to 83 of 95, columns 46 to 91 of 160]
8.15181926159083 8.13605076916276 8.73579649368091 8.58414264711894 8.36257859503021 8.56829441590848 7.89537659353518 7.68556126869896 7.56539997124018 7.42354466761631 7.1479116814401 7.32062362628901 7.60836604235052 7.84521995148437 7.82168239445526 7.6298872111884 7.60399392100021 8.43712190650035 8.29661461406103 8.38644823011219 7.33129392888335 8.33934327537212 10.9144845578404 8.14707057275124 9.17993177719578 9.36333472881326 11.1633170561939 11.114927963919 7.32248899963795 9.24858128570891 10.0362742715931 8.75237434066603 9.1629951355827 6.95960800033761 6.92351896492502 6.4090939971597 6.61068820380858 6.99483201560202 6.35849002617843 7.3017679385137 7.0857076990642 6.99536279737897 8.02832394742828 7.38649760684569 7.42293141972873 7.18498359693371
7.6241265182152 7.56603388387702 7.46848449133332 7.89538227531242 7.8517343045709 7.70929341464162 7.73896900778912 7.72270376243283 9.97974252202992 7.99124635031232 8.6045722605935 7.91651139394585 7.00791149193886 8.10110319625292 7.43158307082683 7.55941131284076 7.40293412482278 7.65081787617895 7.24279529083238 7.27192585113364 7.49927797195048 8.56337437453454 10.0097352818469 9.27375225330483 9.39438967260915 10.8724950468919 9.67740452054711 12.6824248852428 9.81374241735591 8.36901617185929 8.93372918003773 9.60859642205234 8.70767763514979 9.64428035579474 9.10158760255196 7.80214583444244 8.16990525477771 7.19785083621626 6.86381185509877 6.69704137777178 8.00812251292521 7.91508203295252 7.77686700865837 7.25092866553811 7.81765796049176 6.67138566708908
8.09101720400685 8.08532318319807 8.00127456792797 7.66312312505184 7.85067646468016 7.38811414564348 7.34727228173155 7.52740299116865 7.95647398197283 7.96671992873447 7.88853438873619 7.74171738283612 7.40765633843554 7.75931944060031 7.53005255939239 7.84844211733349 7.93288572927582 9.58376239894728 7.51578695081504 8.31484871494392 8.59608737141419 8.39638105537937 8.29388969160141 8.09074412526042 7.66876193916182 8.04283763508884 7.50048411102524 8.69740395933552 10.1799396155275 9.73132087577486 8.33256636995869 7.45766517682255 9.0552459550356 8.55233749958247 8.98275679539987 8.28902764310548 8.05297808466186 7.59715836514358 7.75763537027589 7.3382228318054 7.02668992181376 7.83492046205029 7.88276538600057 8.51374899848687 7.66346929169393 7.0188333889553
7.69979207571992 8.99964156954982 8.03293222894839 7.7786755675321 7.83373906128204 7.67324833303913 8.00138165975703 8.21984364115841 8.05856580232276 13.8183643498312 22.7616697988908 7.37425662926781 7.62115464310127 7.76614472087324 8.1265174370105 9.14645562951057 9.44357968308926 9.32737737060768 9.92093949464007 8.34411894491304 7.96814718964485 7.73227189184246 7.46162257018547 7.50617098254084 7.448251598766 7.51772448444513 7.31650568001324 7.63448035406768 7.63004913774646 7.41650186023967 7.52004174065627 9.66486869161999 7.30138946633281 7.4701420370359 7.4975503786196 7.19164885312884 7.39018577753759 7.95182694011651 6.76116642002428 7.83787533526404 7.89860007917404 7.56250563362155 7.02212962592182 6.38256506264094 6.72496387488842 6.89908343430515
8.98830794354427 9.38856331361444 8.53516568221397 7.46454288678131 7.75177018306741 7.54935449764989 7.64076987837497 7.84759574063969 7.91935805620552 8.15158410869076 8.11404169302531 7.74635914625886 7.71639035760525 7.77596510331693 8.33249783505207 8.11554118518383 7.52802114320981 7.91213303269416 8.30249670941217 7.95909793321136 7.52365039568974 7.32934774220089 7.58356272316218 7.474396199208 7.65739122793951 8.01678542955516 8.11316161942121 7.35215329717044 7.68738672769311 7.68559345921474 6.78628242288913 7.23367507580975 8.23149486210711 5.89121438111426 5.89924769002738 6.64147269595053 6.99024231019867 7.29522860318829 6.8265625068411 7.23823566132541 7.69633268551228 6.90075865800561 6.40603068743935 6.51860412100352 6.51473434984574 6.65565270086577
9.0782944018313 9.21616560379135 8.87530829409397 7.84299966095579 8.01613383287781 7.92288278264863 8.11529034634758 7.81742575084418 7.84286492090628 7.84838592966557 8.42858047422761 7.87612118924113 7.58411988411184 8.15991800082732 8.0981203304286 7.56565101776629 7.55755603502069 7.24235381799693 6.40003566096465 6.35364312872557 7.60106804387076 8.61900120199545 7.90537094532359 7.63690408879728 7.518256340044 7.62531430058995 7.56969576473618 7.7945314075395 7.51728086416585 7.40799825479875 7.07558692840493 7.29368021217545 7.84532787596483 7.81711548938984 8.58117263757288 7.37467020191102 7.10502369896857 6.81606286735084 6.70659765296765 6.42696624578654 8.33105807014494 7.02673825090458 6.35671345666224 6.51063693993416 6.64222611891622 7.4359816095117
8.22721706136494 8.55881362700621 8.26384969892157 8.51205118579269 8.25372962054724 8.65373643311811 8.19403542012723 7.85425976971883 8.43348766982845 8.82312252760868 8.37732399404256 8.06202027198885 7.82754016991519 8.43082756687574 8.1927973694123 7.61936194955164 7.70991504087788 6.51879353646337 7.15350088328609 7.26489155060944 7.46164145603403 8.7691574553226 8.86236130247483 7.90165983203324 7.19603259396236 7.11191023352042 6.85125670307874 7.53041519519909 7.6315840054501 7.68248402788758 7.36085031656585 7.43747022357001 7.0256716930053 6.93088272963403 6.96157773775349 8.27919331670751 6.25475647534147 6.5705768748978 7.28313200825555 8.01774572810626 7.5777518561915 7.01043014635932 6.97207159902619 6.52163071699769 6.68331588075337 6.97575549202903
8.02765474473852 8.07701817714315 7.91439741844609 7.90690885117275 8.7295807507727 9.00394718759514 8.04022657190476 8.09674711293376 8.17670125678303 9.24310364219056 9.68715892868862 9.69352296939807 9.30790963296711 8.61471518309311 9.35029063480826 8.1094843486185 7.37142223553711 7.99666931790387 7.45795455337681 7.26312399742812 7.79392433819496 9.46187284977963 7.86741987239447 7.8558961786233 7.37366692673991 8.26197029892817 6.50931163921311 6.77535341929986 8.23736925851737 7.75393776277249 7.63094719108191 7.20790772361034 6.6673754698374 5.87711583621297 5.95038938021687 8.73437889730888 7.15317317981599 6.98359718833135 7.39820293151024 7.10595877830655 6.96629313660163 7.83813000172905 7.87065519927575 6.59565503825444 6.95427486100482 7.72114341848788
7.64286027462388 8.65555051591633 9.1003898921801 8.16874526365865 7.9674834865273 8.20668403671713 7.86613600981613 8.7412796669424 9.73702161282671 8.90590726720941 8.50122629455201 9.01659651631874 9.02666297716446 7.4899272327536 9.23437431813756 7.96563946057998 7.83472911202521 8.26823396247917 7.7010101767798 8.56087627995087 10.6570914038685 9.0319658972177 8.29969040828675 8.93661386977303 8.06885323285238 7.55963022714271 6.70704333829393 7.02846461371809 7.46114844892586 8.65757653145083 7.91568348227681 7.72233781428636 7.48812120101911 7.54476042541459 7.61617830304299 7.56254725700845 7.03112930086472 6.8641217274338 7.26754128412409 7.87601586030329 6.88776747932996 7.47622824176456 8.58262210697665 8.12198850568316 7.518986632356 8.70792462900942
7.42913222764676 7.90442341564173 8.10784441750754 8.04405156625352 8.03379945534034 8.28974913174186 8.93123142151642 8.6678568203745 8.51908448937947 8.01571105763235 8.11908347164774 7.89116298837972 8.50149009485082 7.79452292692866 9.09378972413996 8.03341462157258 7.83689260438635 7.594595571982 8.5202671336748 9.54978082476773 9.00400098278879 7.78744421514469 7.46804318493127 9.52459402845523 7.92463695296982 7.37283725690249 6.90289077267205 7.40671819351158 7.86957922385324 9.70734300153512 8.10552688135796 9.17720766744458 8.05053509611557 8.92993758688842 8.5667942355909 8.67318729366418 7.23152112465811 7.3723060259146 7.2761090029933 8.52783677376345 8.26109747229241 7.53201103797784 7.41386534978979 7.17642372818888 7.11056478080119 7.53666742248389
7.80543765748121 7.68332650545993 9.52193621831001 11.7030459283641 9.24761353940644 11.7768713888862 13.5720138732352 12.0821136340918 9.34666853568784 8.25150753089322 7.7070884935232 8.42222985366216 8.73916543190959 7.11872031307253 7.42276230088899 8.68013017055677 9.9331322461157 11.5060995973843 10.275406624692 8.4414140927475 9.18380284218821 10.3863910238691 9.23417402706151 8.45017578305658 7.95637919380705 8.81837197659702 11.3562572255686 12.7469649267004 10.3849206962749 10.0644879082744 8.30826433709019 7.95439817635393 8.00746032061076 9.21634217212471 7.51704485416977 7.74721671039726 7.5652665036255 7.51655823723863 7.44106764490948 7.32747094297138 7.16525628675995 7.68689469280421 6.60345818947293 6.48157411912099 7.34415721813341 7.84409671232431
7.69863264341317 7.91791624922156 8.0702532613165 7.80478876944732 7.63622909817662 7.88252683501118 8.78081098861006 10.6039355729298 10.0805361087123 14.4448274968374 8.4885016064436 7.96015915732394 7.66490016609304 8.55043986115071 8.63323635701315 8.67143990812243 12.0599481158006 14.3954841524002 12.506020921821 11.0488273087243 8.58834300532414 12.271878852037 10.941091824239 10.2043117560376 9.65919612717616 7.98886477105309 9.22686166808841 11.7286692206673 14.3647698955799 10.9104892128328 10.4280452461743 8.73998097707792 8.82232923275857 8.62005140910873 7.70851583078745 7.12343679999797 7.02386854024247 7.49834158486493 7.89328680987264 7.29361976921247 7.23531469833065 6.94925219774542 6.85283458745539 7.43713857595104 8.22954236003471 8.50827245221244
7.61726035255518 8.19063451815011 9.24607191915184 7.70388507940278 7.36223645299505 7.86924046815053 7.5515921273852 7.67915076945704 8.50567818010306 9.54604865669252 14.5404070968248 13.0598683208588 8.13692954320858 8.37473073895169 8.49244691506047 8.53707762968799 9.73055113219044 11.639011704769 10.2477872831893 12.1225231664679 8.5294009525304 9.98232291641685 10.0795319611832 9.15654936641976 9.50011728227867 10.2634878015135 9.83920649644097 9.97550314346963 10.329541353403 10.0313654976047 8.48854564499231 8.08733198127571 7.11394928631289 6.76089463699599 7.1386960365952 7.03507079150697 7.64662745836101 7.28800849882789 7.79606734544757 7.02178573130447 6.78836342152326 6.5947154983486 6.52306155573981 6.69775525130026 7.19883196008634 7.8215930457647
8.18675870993545 8.00769379816334 7.82779934250538 7.0850670859744 7.34649044324863 7.50396285603905 7.83083163056659 9.09740726411174 11.547642808127 11.6756225099024 10.8678122915902 14.2570733537065 8.65009673076908 7.87632961570425 7.84948251290332 8.16217301941968 9.17859520377942 9.08566918337793 9.47671731867841 9.90510545250841 9.54728009571732 10.8216185853387 10.2763866024689 9.15213875145046 10.250043303148 11.5000239972559 9.35490893292596 10.0552366640923 9.67604560595415 9.51961255653666 8.2981549113931 7.89638063199985 7.40554896731651 7.24705416798023 7.3106032287248 7.36643035096285 6.21232124779211 5.99026704764925 7.28240419933247 7.77627459688562 7.01195420241993 7.25683111422435 7.21651517941291 7.44729468755003 7.69181614708076 8.0152636090336
8.02952551896344 7.82216568813395 7.60196214854632 7.14957668295933 7.42753479157043 7.08038613513176 8.27681043123749 12.649217449126 11.1795222586175 13.929178917913 12.273807864683 12.3053081445195 15.2869489201081 8.75786233836636 7.61213171654584 7.79450241815054 7.56927178696923 7.91568341653344 8.38946037666566 8.1384616974183 8.06572669400003 8.69203360423311 9.54793832562273 8.80864386448368 9.40971701281454 8.91367949972185 8.58733778189255 8.45499741382575 8.53756641866261 7.42693911262486 7.8161001644862 7.74784043449645 8.05270377885485 7.21631680969545 6.48553327155304 7.00282385147679 7.85353426500179 7.90366660100745 7.13923219801466 7.99757559782673 7.36389454125541 7.9850553769692 7.19272563083157 6.72552906525219 7.826145268704 7.93200292781778
7.63524701498523 7.03031229549321 8.27218676927221 10.6932814347272 11.0502878160072 8.20745296767492 7.40567683031246 8.1686752686926 9.51651470844823 14.855630498952 8.42800156228147 8.81836373535254 9.84124309596396 8.91061064636272 7.92253764531331 7.89770408663626 7.67472762006733 7.72860902013647 7.53871006915582 7.3060996285638 7.23017491489896 6.91044135888028 7.49431093453038 7.61701642794116 8.12029967207867 8.13419340236403 8.56065432973106 7.90587186174566 7.81342208188493 7.43535945892501 7.5530752410986 7.35504218573342 6.76322755459263 6.33431584269501 7.40644822501977 8.1848073647373 7.47295893176858 8.19279627465573 6.97292748298729 7.21953098352496 5.91223235697406 6.74124580690274 7.21745997711404 7.40765289421318 7.40578059125306 7.4999022148958
7.91717010357834 7.84450731417916 7.62287451085915 11.4121269415915 19.3062000360164 11.3658928369556 8.13298462117482 8.40900376278883 8.28481819032548 11.7916195089052 12.8872713122691 8.20431763633193 7.40295324384299 7.86923228141788 7.7931752555502 7.38462956739987 7.63401920167551 7.69512283999384 10.177358816628 8.99189778265157 7.52068896132336 6.75133660687847 6.47810140857971 6.4817172630239 8.10346055408292 7.84061566867167 7.85846769302926 7.64290587982462 7.42730339063324 7.64235293836384 7.4258960098914 7.67617033080486 6.96447560541369 6.32428933186393 7.0878259441347 6.6334970572468 6.10614076938504 5.72807031844068 5.18758133988771 5.62869072735123 5.67741159860687 6.73277343876955 7.46915723008677 7.59274063063007 7.62167117238605 7.61786791541126
7.76886984487062 7.89604419961316 9.23847333014657 9.32234950144697 10.61177712598 18.7060191807005 16.1801553100057 11.2971951620823 11.2088741678401 12.477694604303 9.74803499822788 7.59378308289064 7.15104101913508 7.44549136873114 8.55342138106543 7.82286791993808 7.14773408902411 6.94558067585456 7.5338951756111 7.68060501767452 7.80494998993668 7.48859122833116 7.57018909282582 7.37849587561982 7.53168148288959 7.41736622442269 7.63319847287506 7.75042762744845 7.49540286339765 7.73013541814089 7.68319263924482 7.53645205412646 7.11953302089363 7.15657110511194 7.42424574689353 6.83578932447505 6.26386904510175 6.50660528253341 6.72130591671275 6.32099561412619 7.06855298280828 7.19997688155907 7.70038218975699 8.36541084607731 7.59200488261348 7.70560619205464
7.64980614309918 8.21263473646884 8.54284921989015 8.74218111961487 15.429427977717 20.5385045346163 20.7385958869635 18.6932851636095 13.9278335208429 9.72415476872609 8.82668607264127 7.22283475861526 7.03281593220659 7.28424512849219 8.42534436983484 10.4558121913982 9.0423579956141 7.82882503393384 7.71292428923384 7.41923346500258 10.0378757336388 9.27428092064522 7.69687533140018 7.10861369581215 6.88278086679728 6.66759789930238 6.49002190181291 7.25127866164752 7.17885589002894 7.18591012992279 7.43448388427297 7.32589562941736 7.45166943434175 7.69264303914137 7.36127676347501 7.61756091991701 7.31733898952647 7.53114904109239 8.16734010006689 7.65689387814632 7.55928427983412 7.52247118427232 7.21734600705457 7.54191608296707 8.12607637170115 7.36591161136688
8.18552856926039 8.19916134321607 8.45331879759645 7.93910816338135 8.44747327700245 18.8154902038605 17.0776623376138 17.3263281865919 19.6121853488479 18.7827376318975 13.0557504439147 8.86194937632905 8.24955272318699 7.32637041487773 7.55971970248275 7.4486946128333 8.20974685200268 12.2710629339781 9.98389090162399 10.0703786719654 10.8093132544943 15.4413776593752 7.74161938648902 6.94618833835464 6.68152293008809 6.50147751230485 6.5791281063192 6.81884331728405 7.48354644190088 6.62532926311356 6.42001286282381 7.00964077637023 7.57084576299934 7.87513912767491 7.35876276741297 7.40732991403017 7.54373019603712 9.48749623295524 7.33318181066038 7.33936035479296 8.56924009248907 7.51839853007364 7.38731247762369 7.24930773828301 7.74920792151243 7.43152409827574
8.52611088582909 8.28051279252329 8.0473371209177 8.14018919144453 8.20554688342438 8.00167923221183 9.48202735663668 21.6396315447699 17.714971221763 17.1145040377005 18.8506680972943 22.6831810913513 18.6517599317543 13.4470982051633 9.22122453259114 7.71449597167329 9.47056448097801 14.8794483424251 17.1588878467959 13.944712122792 10.7161303019131 10.1858133475497 7.42161047939992 6.892314142044 6.59583810619266 6.87152698355271 7.18705973911255 6.89494014788902 7.17696479534651 7.49989704938791 7.71590448815099 8.29896209234138 7.95264337311727 7.80426680773153 7.64823000293493 7.4204866537578 7.32304690893525 7.62410974666579 7.45698534052478 7.55920739045539 8.64653322049059 8.15121189905819 7.58311383107233 7.71920784335542 8.09793144776162 7.28977095041769
