IBR/IBR_outputs/all.combrep_1/FireFreq_2000_2008_Total.PersistForestCover_Total.Silt_Total.WeatheringIndex_Total/FireFreq_2000_2008_Total.PersistForestCover_Total.Silt_Total.WeatheringIndex_Total.asc
NCOLS 160 
NROWS 95 
XLLCORNER 210004.651214014 
YLLCORNER 7350008.22228844 
CELLSIZE 4999.99999999997 
NODATA_value -9999 
[rows 63 to 83 of 95, columns 0 to 45 of 160]
-9999 -9999 -9999 -9999 -9999 5.15483792882693 5.30393180913311 5.24800124688148 4.54154000178909 4.50932134473172 4.77415675723426 4.82379160551488 7.57088803981162 7.32968251966692 9.14998295337451 18.7217895838476 32.3417910655737 29.0440573462207 33.6957593762918 36.5296042030439 27.7848918335923 13.1340696823478 7.9784638285703 6.87413125667814 7.99523820426812 7.27690696296584 6.52080944272344 6.56506268472891 10.7093142424777 6.80027603540388 7.79447784749161 6.43611420975346 9.07912700659451 6.15792479781073 6.10374764968697 6.39165400298647 6.81489536946612 6.79739052330057 6.90359307209405 8.8211722293208 8.26767103463507 7.85206261088602 8.10462695887461 7.69627907303193 9.09356860742781 8.60081407533624
-9999 -9999 -9999 -9999 -9999 4.95494059856833 5.12862242605175 4.84884261348897 4.89042435685197 4.5722361138368 4.33929210029145 4.25291509534028 4.88978461623168 7.41372613061663 5.33443871263876 6.62702750011933 9.21289445796601 13.7963581150592 20.289234443497 18.6176474141711 10.0023210856992 8.02028980989015 9.64998346818648 8.23660815687133 7.46585975758009 6.62957537842465 6.45658180606869 6.80994328345224 7.17615191595722 6.53628004290156 6.77627076443817 5.95896749230466 5.15667154761674 5.81365201376767 6.46610294518866 9.62368597252584 7.50521248516338 6.81032716664213 6.9239097543666 8.36552545186137 8.1202568438066 8.36058485660434 8.92490962775297 7.99366941860335 8.65273837701519 8.23664233520359
-9999 -9999 -9999 -9999 -9999 4.73476497033369 4.55842398453832 4.91938028102366 5.34711364371886 4.71777543501166 4.3822030986312 4.3560777821811 4.48762902246213 4.95667367741359 5.09079302376376 5.5007529657481 5.17699536936475 5.38016117978052 5.41383353800493 5.31837165150912 6.63809581939932 6.19207497597242 9.87046066204356 8.71742455829606 5.81355322954497 6.40458910713589 8.20777716748477 8.79783373073613 7.31050156983332 8.33816036945231 7.58635197258013 6.46757942369908 7.2809197289048 7.36957784691593 7.07703975642898 7.51220759316879 6.92221811535398 7.25969285085186 6.83451379524811 8.05506954033362 7.66423407135108 8.987205507874 8.33164449770084 7.452968824317 8.06335543387108 7.87104675613057
-9999 -9999 -9999 -9999 -9999 4.34279164021974 4.31066441137843 4.85026891288529 4.66493645139234 4.95963037880656 4.56538410753612 4.67538983882922 4.68598697685385 4.69297271149734 5.02177565497356 5.5153394910491 5.35882285471303 5.41107221636977 5.49386935652025 5.07358769355129 4.96707899929967 5.99213768527156 6.21050413313155 6.00981961431817 5.45285148785209 7.3257658272641 6.20658841374332 7.4917930666641 7.39138994447381 7.05453532693466 9.4374918102683 7.70836925440302 6.55325602199512 6.05339411942341 6.41930215296551 9.10373962702311 6.91819965321284 7.22155421650964 7.96109327335416 7.1507767577206 7.06812172859944 7.6495612016413 9.92201972196501 10.0877960464992 9.90298356070582 7.93503354523864
-9999 -9999 -9999 -9999 -9999 4.92084801474606 4.54706283995076 5.13488666133173 4.82035147215015 4.66779965795318 5.3690667609217 5.4270866071762 4.98727433068513 5.04103492774906 5.02658042518256 5.16128008890455 5.2177187414572 5.56952698974094 5.07350486074876 4.76733030868873 5.4783033174805 6.48334717568914 6.1638405001418 6.35586071526167 5.08006038372973 5.64123186471706 5.88538512750493 6.017941045362 6.44145744330709 5.98878314892465 6.95374910906664 7.16586868990654 6.12421155655663 6.54813331026556 6.66547127469824 7.35759825080696 6.76634488591641 7.12113177430882 8.40065160885075 8.48002420155776 7.50548996262091 7.62124953651225 7.45238693056282 8.788403253061 9.81165419052904 10.0217253313447
-9999 -9999 -9999 -9999 -9999 5.16686994158767 4.76320735991655 5.06132602824927 5.17459772504221 4.97034965284357 5.45704044824857 5.14879056814237 4.56439588244721 4.76278599516425 5.02676039540951 5.13765379775388 5.16606946715672 5.48776467389105 5.38363012773571 5.72370124311436 5.91358034440178 6.95714809144263 6.92800961824948 6.55948596126396 5.49049939533827 5.59895405733465 7.20809029095381 6.19789417492324 7.1105455530349 5.70623056424222 6.02883745603465 6.6146598197173 7.27734123422575 8.94140581684859 6.17603271213003 7.02751220226841 9.01678673762472 8.44136048485062 17.1061186704143 7.75351778495784 7.93661942700491 7.53660470506087 7.26994262788941 8.66526505817584 8.20487110310864 8.22740044984679
-9999 -9999 -9999 -9999 -9999 5.05698121621767 4.97661334587537 4.97095521240843 5.35558996354444 5.41468847448308 5.13626208641626 5.04062802113678 4.84569201204894 4.57977929199775 4.92357333940384 5.1627646209408 5.19274088908254 5.17471743169208 5.45928921400668 6.20410705267795 6.87179595530515 7.51161806616306 7.01901592148689 6.13973738571999 5.65626732913591 5.60625461653439 6.56858356206046 6.28853795848088 7.85623570985994 6.33949644314982 6.55537863015229 6.82358722621943 7.42519716691105 6.74284903178654 7.67259553455904 7.73055816191307 7.70224656384067 10.0713966380181 10.5020492730599 8.5461206920991 7.6643355627602 7.4145188226181 7.12152210190778 7.36548858764998 7.5253303727512 8.39144768171038
-9999 -9999 -9999 -9999 -9999 5.19724078281464 5.03179673800323 5.1687076114684 5.36227857998424 5.32727163928517 5.06731548768859 5.08041809443539 4.98305461972447 4.76803458957595 4.55979263644845 5.14008444878393 5.30668479544997 5.85484105503524 6.20838255590378 5.82950017932441 6.78445506023054 7.14011181561911 7.37064995200616 6.27487125759865 6.30175876003496 6.75099635335129 7.30926734856839 6.18058981402931 7.93916111160455 6.29498402688473 7.53166879566714 8.26989446341559 7.76862347107631 7.1572349945401 6.95279771126316 7.69720867273407 8.1193137306745 8.0103762495604 11.5512564503665 8.79315735063556 7.72226102322763 7.7602468213209 7.34627550827929 7.11100491573952 7.36579243409333 8.79594137515961
-9999 -9999 -9999 -9999 -9999 4.99796161028811 5.21426491373462 5.17770136110498 5.19029014800413 5.30712398764459 5.11174383377254 5.02777580785279 4.96644332291505 4.60132991746615 4.39682482099283 5.1525220357688 5.79479700314705 6.18407544885385 6.58558795603332 6.72487465879749 7.62119249962177 7.41007106871037 7.07832725339459 7.37120452446438 6.1453946097228 6.56021334801755 6.60931777731154 5.92948826934269 6.31973642359601 6.75308579790903 8.99654803260193 9.00622941861359 5.99906819772743 7.31927419050433 8.69836445630284 7.70061684849188 7.48444730800907 7.962473615962 8.7087393330056 11.2188267489896 8.98064245978954 7.6459414442278 7.73652990756876 7.46518847497302 7.03952258793788 7.24163443721574
-9999 -9999 -9999 -9999 -9999 5.10093134582078 5.16538896137825 5.20698666626957 5.16836262955351 5.11218097738862 5.11552924976164 5.06882012630379 4.98702824866944 4.45175841372603 4.21232884200368 5.14405925701419 5.47348720231305 5.90872218462138 6.53423207369994 6.43718865181466 7.91847157819186 7.05657152458135 7.25435335353731 6.26976182040182 5.74249485403646 5.84791917211141 6.65185092006373 7.4997977715522 7.21144887151859 7.45745900530523 8.56343451548319 7.77681293179172 10.6493246283238 6.76914684095572 8.24035262127745 8.00271281507084 9.77469216287582 7.5049095767794 7.28600435348639 8.60602661806204 9.80472165887167 8.326426576743 7.78978557125462 7.76938576842121 7.20501895229464 7.03941767398371
-9999 -9999 -9999 -9999 -9999 4.70377716416998 5.14154755480447 5.19428633342226 5.16624493320914 5.05376358714196 4.97810313032878 5.0041963634987 5.01278936677557 4.62276011204571 4.66624316357536 5.05707199243097 5.38638068865798 6.24338995216322 6.83005776645024 6.20071864197888 6.36175162452922 6.64521863770592 8.56042646294825 6.74369235848662 6.93779378370519 6.37232204479792 7.05148984067644 7.08694405956608 7.16327143085415 7.78442230926671 8.73636115191896 8.45920540425686 7.26846005758344 6.11140473111179 8.30077745648249 7.96190573622427 8.02351261366977 7.67722109933804 6.87180591126356 7.74655294505611 7.39352640422785 8.64453020166062 7.66968481815463 7.15330576115539 7.32298506338992 7.83533823518745
-9999 -9999 -9999 -9999 -9999 5.17241738795022 5.1858912804346 5.19112787707243 5.18376681946843 4.73384831012447 5.34987640645609 5.02553957058212 4.99853554956524 5.28290853903397 4.9630835803988 4.92580797763115 5.09443873419524 5.81265120056838 5.59023946468169 5.75883614020932 6.1655823106693 6.16328847747466 6.57945152532475 8.54470274598949 7.47908667496305 8.02156094113222 10.7052167719798 9.40988613692081 7.86029532670569 10.8235550378359 8.75415564446841 9.1619881139307 8.30258462927707 7.40574108143977 6.76422657941292 7.63530205885291 7.74393158226525 7.52620580029785 7.30088756605635 9.24503083330689 7.97714397606432 7.64422833897966 8.35480742492915 7.5865875956738 7.14606393281049 7.40870368531025
-9999 -9999 -9999 -9999 -9999 5.32188144526608 5.19318961230876 5.10677374486807 5.25414994620416 5.40981148506726 5.35504889362672 5.03553560247702 4.91271567519017 4.90642842158414 4.8247465537297 4.68549040246524 4.81180822820371 4.90434076861103 5.51560833139004 5.43052859334957 5.23358591387304 5.96598768838351 6.5515685881757 7.23593365836969 7.26025586045084 11.5249411444471 13.1600064184721 15.9834214203702 10.4329716289321 12.0561092837658 8.72946717185215 9.80223214971951 8.14762971343817 8.40706774428278 8.44263150181085 7.97590608966439 7.62823722195701 7.79494300013502 7.76926621015573 7.86720655953351 8.01983497653974 7.65608073989947 7.78381387557 8.32157387481376 7.4559360507801 7.28471579770574
-9999 -9999 -9999 -9999 -9999 5.70668560862743 5.41582239556413 5.66334302252205 5.3520362476997 5.58342865816014 5.49856668537008 5.19835329056678 4.74688361703928 4.26492573767436 5.01256973172104 4.96943221259789 4.8176263347557 4.64978742583047 5.14584592792376 5.40979774476453 5.41355844560953 6.0619286449089 6.34937898708708 6.99705004898591 6.69855651218766 8.94700342682513 10.7460198723788 9.91734433961626 9.90498544613745 9.57372593686072 9.22462544835019 8.28014530325954 8.36414061184282 8.62797454666358 8.34963230293664 8.6487390814473 7.78544894611803 8.28643936036726 7.68467709792909 9.3575562811729 7.54274945280932 8.75250828107689 7.36980554373 7.88980206913917 9.61996250356847 8.28736525261883
-9999 -9999 -9999 -9999 -9999 5.32150867622043 5.36030854385628 5.7393200610071 5.44623512253019 5.38030109966919 5.57236415723111 4.69621334539909 4.2410379277197 4.53968970437846 4.84966504201876 5.10443713555826 4.99166637436366 4.56334897852833 5.08984304353294 5.59163937732473 5.46275416540404 5.19999493865598 5.84126225900295 6.58318486461955 7.41633191353428 7.58981409700652 7.52770538007014 7.34239444311323 7.6523869027722 8.64530258362911 17.9901525940134 7.47379496230096 8.3249778669129 8.39931567173294 7.95621328684956 8.28333532625583 7.63211934146523 8.5478512069621 7.76344672137958 8.42786273164841 9.02979962689894 7.3657073585616 7.61639134208842 7.88351277403113 9.24671034056413 8.74372234616318
-9999 -9999 -9999 -9999 -9999 5.08172352631736 5.18146764002618 5.2427925068143 4.93289669604202 5.31468911568022 5.38739136844422 5.17641580027555 4.91572277366325 4.92693702622682 5.18076207930414 4.71438729607736 4.52335432573685 5.20028522177671 5.37132591201193 5.6069216361419 5.04953021842228 5.80887974818508 6.14930661452978 6.39801490774387 7.46979679872987 7.55423387737681 7.46318857161089 9.91349210349882 7.28072153316009 8.31526521913604 16.1764967648798 20.5315793843325 8.25267504557221 9.14599465491505 8.326391960181 8.13528072922702 8.03542855810265 8.68619252710396 8.0973960162884 7.84688022730966 8.514134302962 8.37177560445147 8.17273868915164 8.10750082252633 8.15848042870445 8.69184672821103
-9999 -9999 -9999 -9999 -9999 4.60043646680662 6.03132723901607 5.30939514527188 5.2641947657505 5.12565947322163 5.28409110138906 5.61030791714815 5.54406818198282 5.09277519695493 5.13970490781893 5.06910763224142 4.65326589013676 5.31109248435774 5.92171970164385 6.06697109596005 5.95007657498576 6.35914093548814 6.27844944323683 6.14280789429947 6.80994653469078 7.43397036342698 7.91490340615424 7.51774503438423 8.06740123400865 8.16172056776233 14.9754610937026 20.5751382859496 7.54969911132909 8.2028196166431 7.89769326379657 8.25190048761866 8.47816754040099 8.14517116795448 8.24835050850497 8.16416700625516 8.19862012581746 8.27825304325637 8.02991134934511 7.65937798399738 7.85505700965004 8.34698756161186
-9999 -9999 -9999 -9999 -9999 -9999 5.3055281157838 5.71912033536736 5.48041049466482 5.27344427200781 5.43306008506138 5.26742373980652 5.3205610723577 4.76984669381637 4.83316135340725 5.01178323973689 5.05205809490583 5.27799746981576 5.9119789622787 6.57312851747786 5.90434308881825 5.56363757208465 5.80310236121163 6.25888257823952 6.90533573854831 6.5188291527354 6.32864226201218 6.85993035014133 7.79989028005472 8.5369653661771 7.99758233092482 7.97546745988682 8.21272924610039 8.97903750502546 8.05094680047866 8.00552768870049 8.26861391136781 8.82824745536432 9.13724594829474 8.30409008772913 9.08061949232005 9.43517455970161 9.99859067597384 7.3597156217157 7.48100382018935 7.7071806767264
-9999 -9999 -9999 -9999 -9999 -9999 -9999 5.77220103558543 5.99691369779536 5.67742710913141 6.32673949196895 5.60909349212091 5.34108047160576 5.74895439610884 6.09878862013533 8.42070236005471 6.76916733820855 6.13372552804617 5.69760364040925 5.88573130113662 6.94173954092202 5.9991948178675 5.527323084505 6.16999650730692 6.62355933740429 5.93639258360538 6.02423400740322 5.71489730378224 6.27058084884337 7.05439430896148 8.53411445475404 7.92094670345461 8.25899116794108 8.76224240282476 8.57914570046824 8.5494355605195 8.01530183176849 8.09291265317736 9.54200530155647 8.74025222673876 8.76571615880002 8.91104831025651 9.46844762364124 7.33007657554862 7.30844846241139 7.89578960540419
-9999 -9999 -9999 -9999 -9999 -9999 -9999 -9999 7.48953571006708 5.9138399561036 5.96779732978144 5.51659606988472 5.37806474964212 5.42031136299972 5.47662923561084 8.01214672228361 9.72992349692095 5.85028568701739 6.36550385181208 6.31083314022818 6.85570321880538 8.61342674167389 9.22247030747742 7.72019079613933 7.80474682518032 6.72343555481335 5.89842733123343 6.51476098126577 6.81056172032183 7.30842199658602 9.08095488505971 8.38637731870813 8.48593723644711 8.19082588305371 8.42972669889923 8.7553557538906 8.50085204274726 8.56801511233365 8.83429761389382 9.12676870233389 8.88492444062301 8.93245209807722 8.54337458397478 8.97413327916641 8.79013697522921 8.58595720853658
-9999 -9999 -9999 -9999 -9999 -9999 -9999 -9999 -9999 5.97218127274534 6.01881620953106 5.75151765733838 5.57101012601286 5.43094338647958 5.39521537338154 5.37939512785594 6.69075639413981 5.95769081238923 5.45855519585636 5.9930665822592 7.66427307469935 6.72077386722219 10.0570504062325 8.52930840679815 6.83563608155762 7.07575990516643 7.1096064668879 6.73648136373413 6.91017981791682 7.07883521308224 7.82944158690348 9.20752751054307 9.57769513621724 10.0191856560024 8.65926706162449 8.600922090563 9.37312647672728 8.93522552267891 8.99429244179249 8.95433531452672 8.73559128916647 8.51077643980556 8.66647510156526 8.52331402321572 8.97346839214443 9.11817448319446
