IBR/IBR_outputs/all.combrep_1/FireFreq_2000_2008_Total.PersistForestCover_Total.Silt_Total.WeatheringIndex_Total/FireFreq_2000_2008_Total.PersistForestCover_Total.Silt_Total.WeatheringIndex_Total.asc
NCOLS 160 
NROWS 95 
XLLCORNER 210004.651214014 
YLLCORNER 7350008.22228844 
CELLSIZE 4999.99999999997 
NODATA_value -9999 
[rows 42 to 62 of 95, columns 0 to 45 of 160]
-9999 -9999 -9999 -9999 -9999 -9999 -9999 -9999 -9999 -9999 -9999 -9999 -9999 -9999 -9999 -9999 -9999 -9999 -9999 -9999 -9999 15.1549359157627 4.91742515099124 8.87544844293822 11.3847993668302 5.2830757967676 5.16208475196153 4.43416167905352 4.92478561098996 4.58757769672421 4.6814291138656 7.85464267264481 11.5066328010477 13.9558303606524 10.2309315314397 7.87958572478841 7.50834361022807 7.88829408956646 7.42691383139893 8.54290275645791 7.37359701850719 8.30471173126863 7.4214439337601 8.51254646244996 8.28375300532639 10.5936021111166
-9999 -9999 -9999 -9999 -9999 -9999 -9999 -9999 -9999 -9999 -9999 -9999 -9999 -9999 -9999 -9999 -9999 -9999 5.53062281537211 4.90392878888881 6.8406779297695 5.64656154204735 5.09512282879843 6.58676508954479 10.3558954697425 8.90647643809747 5.39734034949867 4.26114772590443 5.17693332576063 5.75761868058204 5.4725347062193 7.1770862434493 10.4653414363518 8.6909676996448 7.5076572684421 8.46673321374575 9.54061780735623 8.58654052955198 8.65511882101261 7.63205023645679 7.94476524425786 8.59875237963146 7.17137485237312 7.80848850033863 8.66924915339794 10.6076228237261
-9999 -9999 -9999 -9999 -9999 -9999 -9999 -9999 -9999 -9999 -9999 -9999 -9999 -9999 -9999 17.8486028219818 11.8594143776368 5.76045276007331 4.89184448808832 5.46605244890676 4.84263960322967 5.04988112840845 5.69921092573334 9.98135825620129 9.3641970373208 9.02322313261346 5.8796294783966 5.0410472294381 5.49365031135659 8.40736506438371 6.90833393199319 7.50015448156654 12.6846930086923 7.35510629592913 6.31989632405885 7.30368286968799 11.3368191223645 13.0237374758803 8.33168128054699 7.74025349658034 8.9455667029495 9.24920500058704 7.0778606275765 8.53447038055067 10.9701096870012 9.84959440975733
-9999 -9999 -9999 -9999 -9999 -9999 -9999 -9999 -9999 -9999 -9999 -9999 -9999 5.06986607472693 6.04544541656893 7.64637859764294 5.27544441099517 5.29384428334691 5.06818373427539 5.0079792864903 5.03517170659098 4.9440034902189 6.43535720390676 8.33362929429126 14.926951527141 14.0680681484422 6.24467137331376 5.35322916930827 5.91937152157373 7.51543785467966 8.91015881209057 7.14786558026506 7.11867618722663 7.0048582613304 6.61299183558608 6.94559944853985 9.63778741993529 13.8257822231891 8.86615915227833 8.84723875886718 9.01430594629141 8.23289202449567 8.65317016802599 9.32891593023756 7.82501999337189 6.9534338541
-9999 -9999 -9999 -9999 -9999 -9999 -9999 -9999 -9999 -9999 -9999 -9999 5.10218548759051 5.13608535986339 4.94479050711443 5.25578806379584 5.51026805458647 5.07882087359843 4.98331283867307 4.94429284258937 4.70888248879166 5.02357932084958 5.71518946067893 7.76938542185197 13.0618878563469 13.3608239555481 7.07023143356323 5.29923494170257 7.54172194515661 9.15921833193472 9.43329082471852 9.37196845589821 7.26019180659501 6.80665736758293 7.56265155517927 7.35929205913891 8.69920867213156 12.5621280182003 9.74340663032095 7.61880227380303 7.66424494702449 7.95640008278201 8.98863038536746 8.02462946839877 7.06538918299227 7.00180066484052
-9999 -9999 -9999 -9999 -9999 -9999 -9999 -9999 -9999 -9999 5.51714685180174 5.27507164999562 5.41550608371465 5.25495866975921 5.43801405863098 5.80592481396109 9.22269985278027 6.32942296705715 5.00355742908439 4.98364461874062 5.01023836111037 5.17326048095106 4.95626107748248 5.25867384567114 7.84392687778345 13.1278662513563 7.1821998593865 6.96291018088912 5.81553116091177 8.97177121646054 9.18860632047021 10.071677109123 7.06098576450025 6.96359250531158 6.96268775083364 6.91836615447702 7.84157374390988 10.2754854430585 8.58289975877355 6.18422495571574 7.91404803950178 7.2365330638817 8.02897156081927 9.4236351508457 8.44532358328496 7.14681561944022
-9999 -9999 -9999 -9999 -9999 -9999 -9999 -9999 -9999 5.16132200077587 6.6806898909465 5.17550508082431 5.21475747621918 5.3592345722792 5.85510289046592 9.46931816400901 15.2325401374403 13.1166552606892 5.82175836588415 5.00285526057106 5.37013460084779 5.15600151816591 5.14989966915831 5.17769136162736 5.37685021152428 7.95637273547006 8.38255002894406 5.61681439916293 5.77147074750902 7.43320205098837 7.15946883520934 6.78625140619076 6.72226319046863 6.84430862167553 6.99626181865988 6.35947674559354 7.27664508838904 7.92326616292976 7.95871153600436 7.2564339986829 8.21127965771018 7.28557778282196 6.85625967917108 7.38042184491409 7.85517255492673 6.64598755252546
-9999 -9999 -9999 -9999 -9999 -9999 -9999 -9999 -9999 5.41031014069982 5.36621491953923 5.08607080814556 5.24192103085137 5.27559425531141 5.06474679343157 6.74437751758698 19.1919318252222 16.3094329868644 9.59775283349468 5.35648006123444 6.01208862062883 5.13273763373083 5.14124504612953 5.16524625935458 5.17811974232398 5.55457315023535 11.6544935247832 6.53960105916285 5.46050030841428 6.4680271132047 6.36320121142921 6.49894291345819 6.65882955707207 6.6913554118315 7.63292591648426 7.12730435496688 6.93241992920935 6.81097644773429 8.27581585289033 7.91117140586102 7.56949994605393 7.32024068278666 6.55008907061827 6.84238956526465 6.99702543682766 8.15599838207537
-9999 -9999 -9999 -9999 -9999 -9999 -9999 -9999 20.4771333731811 9.59910325702622 5.18345685438835 5.01714694345862 5.41259688777811 5.30700443481843 8.23968871882746 24.6540331111744 30.334259082821 18.7199773062224 13.1557594456627 6.80386379420864 6.21575782464759 4.95351601131899 5.07973874535404 5.1429954007132 5.14241378052438 5.44787772627983 6.63600177217628 9.16481544655923 5.96910645056178 6.01179677560572 6.94359836296124 7.85250938171589 7.42659566731867 7.04645895966175 6.95650628096504 6.93572567302238 7.23122141955014 7.20395907481399 7.90663943215461 7.94130148995212 8.03423244501075 7.23961519026061 6.84767548602069 6.69917819547822 6.69175528420671 6.73174112561973
-9999 -9999 -9999 -9999 -9999 -9999 -9999 -9999 19.6157449778801 6.02981715931026 5.08201991053151 5.12850782160542 5.18236558708253 5.6827950208324 12.1409793125815 30.2939210773724 29.6891624352401 16.3843872724511 15.2049203957363 10.6466572226367 8.29893728990463 5.18496916403851 4.70831815316844 4.51619315602211 4.82307635909134 5.9828821251261 6.51691193580738 6.98235392325454 7.22687846196295 7.33055993977919 6.61332126516172 6.27434164823545 6.58732456835433 6.25934545567753 6.60657910450942 7.47672177722921 8.50755369451955 7.70354083523596 7.7114339499916 7.77184363630959 8.27366486504571 7.15416310849491 7.19046620627349 6.81474157646929 6.59555826531867 6.59361265205641
-9999 -9999 -9999 -9999 -9999 -9999 -9999 21.8482328640771 7.98554768572333 5.08425193932657 5.04847465281124 5.17856903506768 6.34866951462307 10.1002522289462 6.83542386022039 15.0118688691116 27.5868218453492 18.5494176477356 13.1424406979967 11.5026833604743 6.08580847396445 4.89183340139543 4.60512302255246 4.91569859605287 5.84335295412533 7.02934351892826 6.17919182482466 5.88792135211677 6.72718719543578 8.15971060667347 7.223795120838 6.63173812004956 6.16072007619964 7.01936500216107 7.69990435059751 8.8339005682659 7.94709759787821 8.18070077983277 7.81740303976637 7.90533922699005 7.32729393724205 7.71204314094394 7.23535250798812 6.70819097480707 6.89665890764622 6.69040282654825
-9999 -9999 -9999 -9999 -9999 -9999 18.1244553304257 13.6441962269946 5.23590099055211 5.06335284548439 4.9179317145501 6.57616605104069 8.64282817430058 11.0111593886451 8.8595314223352 7.82459337413104 20.960842714455 23.0358564892275 14.2984535117897 12.6041299824837 5.87570932464511 4.40339357446232 4.5490967906652 5.4711801841556 5.873013675249 5.64287653600505 6.00947396798065 6.09849356726495 7.27136262208853 7.10113079803501 6.31628830064825 6.02909921504212 7.95613195665704 7.74521276952561 7.76233069926402 6.52849501640706 6.30437646820356 6.05925459204116 7.34352976111046 7.97613851096743 7.55489258673366 7.77867101183086 7.37887827604095 7.04663085339643 6.99165351005651 6.99396133802172
-9999 -9999 -9999 -9999 -9999 -9999 18.7781175855542 6.49416007232038 5.18170863780407 5.13278887747045 5.02624004733853 9.61745881160737 8.95366412015737 10.8756238471779 9.58424802431656 8.92049799007951 12.9499769486529 19.6545334036233 15.6612672679361 19.4855194632173 8.57546431107198 4.36944671287148 4.79408660725908 5.1573237269971 5.92764948607812 6.20100109280239 6.16601696558373 6.00174525876987 6.62325109322554 6.27064180081649 6.67189878723202 5.68932339108056 7.68075528715053 7.47120496712981 7.06861962842415 6.41064447972787 5.72116294818992 7.15252103036951 7.90523260332587 8.38613165757399 8.09457849619701 8.2476766870348 7.62174386693119 7.00197949219851 6.98373461424242 6.9794064680769
-9999 -9999 -9999 -9999 -9999 8.91040217557048 15.9073001843378 5.16906717090719 4.9765179224228 4.87174591211906 5.11427472695157 10.1805547025561 12.9260414147798 15.4284677621874 12.376742302175 8.32706515955211 15.1176132868112 16.7537706403579 17.4190860911516 20.0440156977737 7.93962654234802 4.77584604730914 4.88036526204724 5.88065106513149 5.38068338819356 5.54527150154334 5.49123975338415 5.63649368147389 5.36356904788652 5.79826408895096 6.95440834411446 5.89370009153068 7.27124779506459 6.73484935690663 6.87400730358206 7.02835045303726 7.79749982540404 8.67738732287448 8.54941655945131 8.7178377651361 7.39345278156434 7.85830371151214 7.96083527612035 7.44368291493063 7.16365269239798 6.87342600943067
-9999 -9999 -9999 -9999 -9999 19.5514966197877 12.6551568106315 5.19753037547743 4.74139283991463 4.51022738091679 5.54523920231597 7.55455754664335 12.3529563581358 15.0379139386255 13.8279935814545 13.6922711218943 14.9344632167991 28.7871449211686 23.4688065118556 21.3003032613643 8.64467780061653 4.75958792381277 4.94597017483249 5.15387035862197 5.08848586715704 5.1047630054088 5.5593626233711 5.34657436953886 5.47247270847548 5.79379250343879 6.44797919164318 6.65117695849879 7.1076363635877 9.19943749716712 7.33762828380319 7.56286827669023 7.59334116392295 8.44342527262535 9.08600019457604 8.98253774501726 7.61147884697682 8.10597210754449 7.56974940725026 8.03662136078242 9.48256429741073 7.26914326448005
-9999 -9999 -9999 -9999 -9999 16.7930481056983 5.41995137137418 5.07011847739749 4.40816004464137 4.25848569892282 5.0121623598053 8.92005223437718 12.0901935218803 15.8653507210119 15.8133336030994 19.6774396309543 24.8935275328011 28.9644059876538 25.7172446126189 22.2509289233871 9.59077983379202 4.95628007287842 4.80260984150807 4.79197531127386 5.6753275819575 5.34445277230479 5.33978980789634 5.58880315681435 5.71117396444203 5.7711485778391 7.33342396681955 6.49624470821991 6.64286017503813 7.9570009016008 7.94859495873755 7.73588025700213 8.28807590771652 8.027963573584 7.63257607040043 6.55608151844043 6.48108394335972 7.32197556530497 7.61917863554057 8.66891835271861 8.58302243908389 7.38189632021613
-9999 -9999 -9999 -9999 -9999 14.1933154554372 5.19476231454949 4.61121408813898 5.19890764750685 8.09349836107782 7.63907395188784 12.2337178344948 12.2427107854659 17.6533523029693 19.791888866038 20.0381211676415 22.8011355654003 30.7681948700977 31.8881598599845 35.137721300753 15.3178151231522 7.90195254522807 5.33517127830601 5.09338369703868 5.23280497153531 4.68899464934911 4.975651212366 5.51789574911244 5.69097276286434 6.33496128154955 7.31942028718128 6.68716509119845 7.0770996323494 7.62967824218747 7.26266549326889 6.90066917206989 7.37547701007258 8.24580121461759 8.04457701725618 6.48863227559395 6.52304612434105 6.53245314691747 8.24536418339945 9.1106825502973 9.28786075979673 7.47585284611197
-9999 -9999 -9999 -9999 -9999 8.07320410529714 5.22113137509948 4.37000365486807 9.55713297231203 12.1717071782559 10.6684278222169 11.2670004028901 12.6361713048687 13.2353427465905 15.0551707112746 17.1973272586999 19.7999577979693 28.547991928 32.838857033181 43.2276015805109 43.60670119061 8.50527280443126 5.19118268622917 5.54007063711756 5.529032121341 4.97635141202964 4.89030363537643 6.16924605015366 6.79569247371615 6.93381341295864 6.85348941261846 6.80718943046647 6.84657098032778 7.04284089925868 6.35404832168918 6.05643806621873 5.81772078068169 6.7503423804271 6.21363578098353 6.19446298712924 7.53033764603863 7.52759314018911 8.25584827376759 8.4052334454411 8.11163422971894 8.09073965323695
-9999 -9999 -9999 -9999 -9999 5.82318930245318 5.14203623556698 4.79147626497697 12.8820046337334 13.9386955497666 13.4767956436151 14.47949706326 14.5183029578082 12.8683960670804 19.7093280794918 20.1836996108304 23.0987241974184 26.5296868249119 27.8863180129896 29.383960633348 37.2861008064742 9.02029659249655 4.88726169229583 6.15744667719678 6.32978982597515 5.60663351505065 5.39381544651734 6.86059940196474 7.47501997216537 6.45443743639583 6.838297101336 7.68380039994888 7.76462154183453 6.37063480992042 6.47729219017474 5.46767659564281 6.26755901782503 6.09831153232944 7.27912611013726 7.95725486961756 9.04198441760436 9.65377007856965 8.07705338355074 7.74343327199973 7.85566916770851 7.82842272739064
-9999 -9999 -9999 -9999 -9999 5.25205161382482 5.07578655253879 5.9926015088879 11.364937963171 18.4542022093206 27.7201020857723 22.9294278571498 17.3781414811124 26.2813260819267 16.9593501223503 15.446462337727 22.92267570992 20.3053556653951 25.4771591008298 25.3898277204686 26.0229707722433 8.71091626681834 5.73743184999654 5.25318843872271 5.23731454508899 6.02843726449232 6.40084030178059 6.00808340349072 6.4845118940591 7.28071605008738 6.85309222282247 7.25996321986914 7.45085683845225 7.66578623760053 6.60426841838345 6.04059664942854 6.59217937948235 6.39804862418515 8.49432190030718 6.82137681521529 7.29207682112753 8.02507024139816 8.58415160367582 7.88695914743375 8.00007826865162 8.23995478521319
-9999 -9999 -9999 -9999 -9999 5.22172790356935 5.30168749108388 9.5867040351536 10.0213766965957 10.3582832722484 14.4002250353229 16.733680077784 19.5342315259814 19.0643528175891 26.1956259059177 15.9930773502118 23.9524307400635 35.6659660881527 39.8677624887625 33.093477312474 26.5529529146547 8.70802035147342 6.02680975719089 5.46832781487034 6.44168161133495 6.4952833425027 6.36003986650447 6.41180431230198 5.83210472353554 7.42132081438515 7.09668584301376 6.44564602953857 10.4149378382209 9.34411595896296 7.56111058686107 6.28998090610725 6.85110179322985 6.83535174582295 7.58060161104719 6.86107800134372 6.74917760174029 7.68890596237694 7.71735786749394 7.26139200254885 8.25439014677879 8.45617735843008
