0.51556 9.9991E-05 0.0680518 0.116036 0.0315495 0.268703
0.416952 9.9991E-05 0.00708325 0.0549639 0.016648 0.504252
0.546476 9.9991E-05 0.124827 0.235739 0.0108676 0.0819896
0.67353 9.9982E-05 0.179124 9.9982E-05 0.0091332 0.138012
0.734177 0.0704767 9.9973E-05 9.9973E-05 9.9973E-05 0.195047
0.582415 0.0423326 0.00431643 9.9982E-05 9.9982E-05 0.370736
0.558874 0.0371235 0.0545973 0.048638 9.9991E-05 0.300667
0.586785 9.9982E-05 0.034496 9.9982E-05 0.0505603 0.327959
0.0675459 0.079385 9.9982E-05 0.086781 9.9982E-05 0.766088
0.25335 9.9991E-05 0.227905 0.196666 0.0309912 0.290987
0.198323 0.050322 0.418958 0.0308544 0.0482218 0.253321
0.179301 0.029692 0.140318 0.183147 0.0269979 0.440544
9.9973E-05 9.9973E-05 0.76821 9.9973E-05 0.0333889 0.198101
9.9982E-05 0.0406314 0.146541 0.175916 9.9982E-05 0.636712
0.417325 0.0501488 9.9991E-05 0.181756 0.0400295 0.310641
0.24397 9.9991E-05 0.170378 0.0342358 0.0153189 0.535997
0.308277 9.9973E-05 9.9973E-05 0.257617 9.9973E-05 0.433806
0.377361 9.9982E-05 9.9982E-05 0.0696738 0.0213274 0.531438
9.999E-05 0.117505 0.142518 0.51622 0.0770891 0.146568
9.9973E-05 9.9973E-05 0.111811 0.61825 9.9973E-05 0.269639
0.152623 0.0342 9.9991E-05 0.738814 0.0270428 0.0472203
0.0518092 9.9982E-05 0.164945 0.772024 9.9982E-05 0.0110213
9.9973E-05 9.9973E-05 0.0509353 0.8844 0.0643643 9.9973E-05
9.9982E-05 0.00783734 9.9982E-05 0.742302 0.0372979 0.212363
0.203635 0.00372737 0.0832336 0.664416 9.9991E-05 0.0448877
0.101288 9.9973E-05 9.9973E-05 0.867201 0.0312109 9.9973E-05
0.057242 0.0639187 9.9982E-05 0.837397 0.0412422 9.9982E-05
9.999E-05 0.0983639 0.0288033 0.805585 0.0319425 0.0352057
0.0371273 0.0159008 9.9982E-05 0.894533 9.9982E-05 0.0522391
0.155691 0.0589287 9.9982E-05 0.783842 0.00133892 9.9982E-05
9.9973E-05 0.0249002 9.9973E-05 0.877104 9.9973E-05 0.0976958
0.0557136 0.0484484 9.9991E-05 0.812766 0.0373941 0.0455774
0.0944156 9.9982E-05 0.0513899 0.800633 0.0533617 9.9982E-05
0.335194 9.9991E-05 0.243367 0.100565 0.0644226 0.256352
0.382975 0.03042 0.000459621 0.20319 9.9991E-05 0.382856
0.872915 0.0308224 9.9973E-05 0.0959623 9.9973E-05 9.9973E-05
0.793599 0.00637814 0.0946577 0.0738004 0.0314653 9.9991E-05
0.402701 0.0297245 0.256798 0.124314 0.000478078 0.185984
9.996E-05 9.996E-05 9.996E-05 9.996E-05 0.9995 9.996E-05
9.9973E-05 9.9973E-05 0.195589 0.773028 0.0310834 9.9973E-05
0.59351 0.10127 9.9982E-05 0.204572 9.9982E-05 0.100449
0.394302 9.9982E-05 0.140703 0.113079 9.9982E-05 0.351716
0.0162823 0.139385 0.248795 0.270945 0.010436 0.314157
9.9991E-05 0.102937 0.5627 0.0728865 0.0398641 0.221512
0.15167 9.9982E-05 0.840435 0.00198879 0.00570665 9.9982E-05
9.996E-05 9.996E-05 9.996E-05 9.996E-05 0.9995 9.996E-05
0.261854 0.0469078 0.19524 0.127924 0.0733976 0.294676
0.128633 0.103652 0.281346 0.11732 9.9991E-05 0.36895
0.0915765 0.152793 0.0491252 0.327858 0.0234294 0.355218
9.9991E-05 0.710942 0.127534 0.00389477 0.0157112 0.141818
0.020382 0.756747 0.143235 0.0102813 0.041735 0.0276196
0.0850307 0.766919 9.9982E-05 9.9982E-05 0.00390258 0.143948
0.0831049 0.682198 0.194852 9.9982E-05 0.0396456 9.9982E-05
0.0236114 0.794735 9.9991E-05 0.0456575 0.0494699 0.0864263
9.9973E-05 0.80239 9.9973E-05 0.0274387 9.9973E-05 0.169871
9.9964E-05 0.672084 9.9964E-05 9.9964E-05 9.9964E-05 0.327516
9.9982E-05 0.740433 9.9982E-05 0.000876054 0.0138808 0.24461
9.9973E-05 0.855089 9.9973E-05 0.128059 0.0165513 9.9973E-05
0.054716 0.740213 0.0266529 9.9991E-05 0.0324038 0.145914
0.134275 0.583926 0.195634 9.9991E-05 0.0236663 0.0623993
9.9973E-05 0.805271 0.0838269 0.110602 9.9973E-05 9.9973E-05
9.9973E-05 0.652192 0.15956 9.9973E-05 9.9973E-05 0.187948
9.9982E-05 0.284655 0.634205 9.9982E-05 0.0494103 0.0315304
0.0552413 0.0325994 0.00640857 0.755249 0.0249487 0.125553
0.0311698 9.9991E-05 0.0740029 0.740538 0.0556577 0.0985319
0.201858 9.9973E-05 9.9973E-05 0.773196 0.0246458 9.9973E-05
0.0272938 0.681353 0.143292 0.00971264 0.0110982 0.12725
0.0328986 0.46538 0.420246 0.0181751 0.0632001 9.9991E-05
0.00314861 0.69244 0.185455 0.0489984 0.0088559 0.0611016
9.9973E-05 0.64311 0.304546 9.9973E-05 0.0520439 9.9973E-05
0.0333313 0.822143 9.9991E-05 0.0200672 0.0411725 0.0831856
9.9973E-05 0.0877793 0.541373 9.9973E-05 9.9973E-05 0.370547
9.9973E-05 0.00346107 0.641953 9.9973E-05 9.9973E-05 0.354286
0.10492 0.0730003 0.776309 0.0257307 9.9991E-05 0.0199398
9.9964E-05 9.9964E-05 0.969063 9.9964E-05 0.030537 9.9964E-05
0.0684215 9.9991E-05 0.775121 0.10083 0.0404786 0.0150489
9.9973E-05 9.9973E-05 0.917149 9.9973E-05 0.026097 0.0564539
0.137809 9.9991E-05 0.69968 0.0981562 0.0126481 0.0516072
0.0517801 0.605694 0.23244 9.9982E-05 9.9982E-05 0.109885
0.0897815 0.401881 0.412621 9.9982E-05 0.0955166 9.9982E-05
0.0873859 0.709247 0.17101 0.0321569 9.9982E-05 9.9982E-05
9.9991E-05 0.760392 0.0602659 0.0736738 0.0454839 0.0600841
9.9973E-05 0.708159 9.9973E-05 9.9973E-05 0.0144363 0.277105
9.9991E-05 0.0711047 0.0717941 0.550757 0.0178182 0.288426
0.0715883 0.227224 0.560396 0.120421 9.9991E-05 0.0202704
0.0630246 0.099239 0.837437 9.9973E-05 9.9973E-05 9.9973E-05
9.996E-05 9.996E-05 9.996E-05 9.996E-05 0.9995 9.996E-05
0.534524 9.9982E-05 0.121476 0.140679 9.9982E-05 0.203121
0.537655 9.9991E-05 0.0527317 0.117334 0.0382696 0.253909
0.18395 9.9991E-05 0.192254 0.138928 0.0326088 0.45216
9.9991E-05 0.0617049 0.196847 0.137906 0.0273669 0.576076
0.643144 0.0471686 9.9991E-05 0.0791342 0.00647098 0.223982
0.0233529 0.0985415 0.86913 0.00877545 9.9982E-05 9.9982E-05
0.129059 9.9991E-05 0.207863 0.529142 0.0259038 0.107933
0.114105 0.127443 0.679082 9.9982E-05 0.0791697 9.9982E-05
0.331349 0.0699933 0.265012 0.304443 0.025726 0.00347704
0.0789694 9.9973E-05 9.9973E-05 0.139487 9.9973E-05 0.781244
0.638823 9.9982E-05 0.224567 0.0607544 9.9982E-05 0.0756561
0.167155 9.9982E-05 0.181429 0.0572255 9.9982E-05 0.59399
0.0199173 0.0334938 0.119866 9.9991E-05 0.00306245 0.82356
0.700097 9.9982E-05 0.279913 0.00342371 0.0163661 9.9982E-05
9.9964E-05 9.9964E-05 0.0794082 9.9964E-05 9.9964E-05 0.920192
0.144597 0.192869 0.60838 0.0248887 0.0291661 9.9991E-05
0.0233605 0.134652 0.566096 0.0212433 0.0890872 0.165561
0.0904942 0.144304 0.671167 0.0158026 0.0781314 9.9991E-05
9.9982E-05 9.9982E-05 0.508817 0.211118 0.0131087 0.266756
9.9982E-05 0.074943 0.421794 0.11278 9.9982E-05 0.390283
0.368149 0.044166 9.9991E-05 0.336552 0.00370969 0.247323
0.161612 0.740329 9.9982E-05 9.9982E-05 0.0227347 0.0751245
9.9991E-05 0.65031 0.238109 0.0103186 0.0320157 0.0691465
0.171621 0.151215 0.56487 0.112094 9.9982E-05 9.9982E-05
0.0109541 0.158382 0.368885 0.122107 0.0218592 0.317812
0.126332 0.135164 0.389402 0.285429 0.063573 9.9991E-05
0.0186121 9.9973E-05 0.297905 0.683183 9.9973E-05 9.9973E-05
9.9982E-05 0.590041 0.335812 0.0373818 0.0365653 9.9982E-05
0.00878428 0.650255 0.218905 0.0130081 9.9991E-05 0.108948
0.118939 0.425756 0.441503 9.9982E-05 9.9982E-05 0.0136024
0.417156 9.9982E-05 0.116727 0.40755 0.0583664 9.9982E-05
0.392121 0.0193429 9.9982E-05 0.205329 9.9982E-05 0.383007
0.532566 0.0610065 0.0949892 9.9991E-05 0.0157853 0.295553
0.561188 0.076085 9.9982E-05 0.0472559 9.9982E-05 0.315271
0.309229 9.9982E-05 0.0544983 0.329021 9.9982E-05 0.307052
0.562938 9.9982E-05 0.0799804 0.138307 9.9982E-05 0.218575
0.576787 0.0241126 9.9982E-05 0.107195 9.9982E-05 0.291705
0.703919 0.0422285 9.9982E-05 0.022835 9.9982E-05 0.230817
0.410454 9.9982E-05 0.133908 0.372513 9.9982E-05 0.0829248
0.0626668 9.9973E-05 9.9973E-05 0.0423631 9.9973E-05 0.89467
0.00706498 9.9991E-05 0.0706518 0.0977935 0.0212139 0.803176
0.240097 9.9991E-05 0.0986155 0.109947 0.00488191 0.546358
0.317043 0.132263 0.0189854 0.183021 9.9991E-05 0.348589
0.13173 0.0557613 9.9982E-05 9.9982E-05 0.0469304 0.765378
9.9991E-05 0.00833431 0.210701 0.208894 0.00260029 0.569371
0.438006 9.9982E-05 0.0875137 0.0554438 9.9982E-05 0.418837
0.00382277 9.9973E-05 0.169737 0.82614 9.9973E-05 9.9973E-05
0.0850748 9.9973E-05 0.0473955 0.86723 9.9973E-05 9.9973E-05
9.9973E-05 9.9973E-05 9.9973E-05 0.80989 0.0398012 0.150009
9.9982E-05 0.0538786 0.102177 0.675903 9.9982E-05 0.167841
0.0865524 0.00755295 0.151836 0.753858 9.9982E-05 9.9982E-05
0.557542 0.0362637 0.258482 9.9991E-05 0.0202875 0.127325
0.729763 9.9982E-05 0.150945 0.0961651 0.0229268 9.9982E-05
9.9964E-05 0.897651 0.101949 9.9964E-05 9.9964E-05 9.9964E-05
0.0179863 0.762718 0.0273233 0.0425876 0.0510043 0.0983805
0.0566314 0.843726 9.9982E-05 0.0182884 9.9982E-05 0.0811542
0.0371374 0.593672 0.288479 0.0602247 9.9991E-05 0.0203868
0.0109723 0.833091 9.9982E-05 9.9982E-05 0.0146705 0.141066
9.9991E-05 0.77542 0.0238784 0.184601 0.00517393 0.0108264
0.068935 0.800898 0.116465 9.9982E-05 0.0135013 9.9982E-05
0.0766077 0.763903 0.0969733 0.0582285 0.00418739 9.9991E-05
9.9982E-05 0.792156 0.0975215 0.0587823 9.9982E-05 0.0513406
9.9991E-05 0.827127 0.0551972 0.100562 0.0103822 0.00663166
0.0767034 0.735626 0.160404 9.9982E-05 0.0270667 9.9982E-05
9.9991E-05 0.765733 0.048265 0.0539338 0.0376216 0.094347
0.000306798 0.753291 9.9991E-05 0.0412154 0.0165767 0.18851
0.0299704 0.867496 9.9991E-05 0.0671451 0.0104219 0.0248662
0.0611377 0.716544 0.203767 9.9982E-05 0.0183517 9.9982E-05
0.182072 0.793062 9.9973E-05 9.9973E-05 0.0245655 9.9973E-05
0.105196 0.821418 9.9982E-05 0.0704789 0.0027074 9.9982E-05
0.0606154 0.0605459 0.85886 9.9982E-05 9.9982E-05 0.0197789
0.0560192 9.9982E-05 0.879484 9.9982E-05 0.000156018 0.0641405
0.126392 0.820244 0.0530638 9.9973E-05 9.9973E-05 9.9973E-05
0.253384 0.667709 9.9982E-05 9.9982E-05 0.0434108 0.0352962
9.9982E-05 0.813105 0.16532 0.0197088 0.0016663 9.9982E-05
0.113674 0.0413333 0.75411 9.9982E-05 9.9982E-05 0.090683
0.815336 9.9982E-05 0.031276 9.9982E-05 0.00353198 0.149656
0.372448 9.9982E-05 9.9982E-05 0.149904 0.0399386 0.437509
0.277369 9.9982E-05 0.205874 0.460152 9.9982E-05 0.056405
0.0308743 0.00803458 0.0577403 0.556294 9.9991E-05 0.346957
0.123047 9.9982E-05 0.149793 0.719397 9.9982E-05 0.00756401
9.9982E-05 0.0863814 0.0185215 0.723997 9.9982E-05 0.1709
0.115346 9.9991E-05 0.0343541 0.675391 0.00311728 0.171692
9.9982E-05 9.9982E-05 0.0819094 0.6879 0.00431012 0.225681
9.9991E-05 0.0312306 0.192119 0.684753 0.0120048 0.0797927
0.174936 0.0784643 9.9982E-05 0.698464 0.0479363 9.9982E-05
0.533307 0.0116549 0.0729761 0.0710593 9.9991E-05 0.310903
0.757113 0.0819441 0.00997173 9.9991E-05 0.0533344 0.097537
0.730809 0.0347277 0.0626726 9.9991E-05 0.0458629 0.125828
0.895621 9.99641E-05 0.103979 9.99641E-05 9.99641E-05 9.99641E-05
0.728552 0.0200946 9.9982E-05 9.9982E-05 0.0300854 0.221068
0.484602 9.9973E-05 0.310586 9.9973E-05 9.9973E-05 0.204512
0.061362 9.9991E-05 0.121691 0.125 0.0171159 0.674731
9.9991E-05 0.0498698 0.0703577 0.0867575 0.00530203 0.787613
9.9973E-05 9.9973E-05 0.0488081 9.9973E-05 0.0205104 0.930382
0.14858 9.9991E-05 0.088566 0.0869565 0.0287279 0.647069
0.204864 0.0387391 9.9991E-05 0.00508457 0.0273217 0.723891
9.9982E-05 0.11163 9.9982E-05 0.524105 0.119611 0.244454
9.9991E-05 0.715925 0.116966 0.0239716 0.0100558 0.132981
0.0337409 0.782958 9.9991E-05 0.118287 0.0437415 0.021173
9.9982E-05 0.801388 0.032993 9.9982E-05 0.0103027 0.155116
0.0977678 0.673667 0.0903458 9.9991E-05 0.0185827 0.119537
0.161913 0.747885 9.9982E-05 0.0888528 0.00114935 9.9982E-05
0.182377 0.132434 0.105459 0.285229 9.9991E-05 0.294401
0.122032 0.0131259 9.9991E-05 0.23429 0.0309975 0.599454
9.9964E-05 9.9964E-05 9.9964E-05 9.9964E-05 0.0662097 0.93339
0.0671671 9.9991E-05 0.169908 0.221234 0.0348217 0.50677
