0.0578572 0.0068833 0.650329 0.202491 9.9991E-05 0.0688804 0.0134591
9.9964E-05 0.0326502 0.936866 0.0300844 9.9964E-05 9.9964E-05 9.9964E-05
0.11805 0.0125177 0.670506 0.138774 0.059952 9.9982E-05 9.9982E-05
9.9982E-05 0.0192535 0.558465 0.14256 0.00176391 0.277758 9.9982E-05
9.9982E-05 0.00175014 0.648017 9.9982E-05 0.00117693 0.295937 0.0529189
9.9973E-05 9.9973E-05 0.813009 0.0524123 9.9973E-05 0.0952087 0.0390703
0.0273036 9.9982E-05 0.375431 0.13474 9.9982E-05 0.398648 0.0636776
9.9973E-05 0.0202567 0.548042 0.0768307 9.9973E-05 0.354571 9.9973E-05
0.153689 0.0230327 0.539784 9.9991E-05 0.0492133 0.195374 0.0388061
0.146427 0.0247816 0.312906 0.155375 0.017616 0.34251 0.000383812
0.0532717 0.0390075 0.211037 0.422662 0.083152 0.190769 9.9991E-05
0.167956 0.0145452 0.119291 0.203175 9.9991E-05 0.453469 0.0414643
0.0301162 0.038203 9.9982E-05 0.719867 9.9982E-05 0.136515 0.0750981
0.206025 9.9982E-05 0.0303094 0.0489346 0.116129 0.598402 9.9982E-05
0.114288 0.049844 0.317275 9.9982E-05 9.9982E-05 0.442104 0.0762882
0.123981 9.9982E-05 0.362487 0.1722 9.9982E-05 0.329156 0.0119766
0.19824 9.9982E-05 0.157268 9.9982E-05 0.0369639 0.593109 0.0142187
0.0291516 0.0191995 0.783521 9.9973E-05 9.9973E-05 0.167828 9.9973E-05
0.455019 0.0595973 0.0605236 0.108531 0.0258455 0.109512 0.180972
0.602544 9.9991E-05 0.116766 0.215584 0.00260398 0.0434929 0.0189084
0.695781 9.9982E-05 0.0971491 0.0220689 0.0442091 0.140592 9.9982E-05
0.738324 0.0131352 0.0726378 0.160115 9.9982E-05 9.9982E-05 0.0155884
0.870048 0.0553028 0.000642004 0.0320228 9.9982E-05 9.9982E-05 0.0417846
0.662205 0.0391588 0.243486 9.9973E-05 9.9973E-05 9.9973E-05 0.0548501
0.622751 9.9982E-05 0.0645533 0.0868426 9.9982E-05 0.224911 0.000741481
0.853118 0.0185018 0.119262 9.9973E-05 9.9973E-05 9.9973E-05 0.00881856
0.853636 0.0457857 9.9973E-05 9.9973E-05 0.0924564 9.9973E-05 0.00782215
0.823832 0.0332209 9.9982E-05 0.00467364 9.9982E-05 0.0366514 0.101422
0.783694 9.9964E-05 0.171421 9.9964E-05 0.0444842 9.9964E-05 9.9964E-05
0.794317 9.9982E-05 0.04255 9.9982E-05 0.0301147 0.0256684 0.10715
0.870737 0.00185593 0.046821 9.9973E-05 9.9973E-05 9.9973E-05 0.0802858
0.762208 0.0388222 0.00968613 9.9982E-05 0.109397 0.079687 9.9982E-05
0.785281 0.0600511 9.9982E-05 0.00228607 9.9982E-05 0.088406 0.0637763
0.110566 0.0787982 0.390671 0.150691 9.9991E-05 0.255746 0.0134275
0.230365 0.00433196 0.338635 9.9982E-05 0.0632365 0.363231 9.9982E-05
0.110299 9.9982E-05 0.1685 9.9982E-05 0.0986745 0.597687 0.0246398
0.0672417 0.0324809 0.379338 0.0883806 9.9991E-05 0.416458 0.0160011
0.114649 0.00496478 0.252366 0.18215 0.110826 0.319208 0.0158368
9.995E-05 0.9994 9.995E-05 9.995E-05 9.995E-05 9.995E-05 9.995E-05
0.718189 0.0412034 9.9973E-05 0.182243 0.058064 9.9973E-05 9.9973E-05
0.072947 9.9982E-05 0.664048 9.9982E-05 0.0338 0.126147 0.102858
0.122102 9.9973E-05 0.584955 0.233714 9.9973E-05 0.0589295 9.9973E-05
0.251365 0.00535387 0.29015 0.212824 9.9991E-05 0.0653821 0.174825
0.108008 0.0468856 0.129373 0.60175 9.9982E-05 9.9982E-05 0.113784
0.0450517 0.0110149 9.9973E-05 0.920137 9.9973E-05 9.9973E-05 0.0234967
9.995E-05 0.9994 9.995E-05 9.995E-05 9.995E-05 9.995E-05 9.995E-05
0.201679 0.0495855 0.130359 0.156005 0.0874376 0.374833 9.9991E-05
0.13171 9.9973E-05 9.9973E-05 0.328027 9.9973E-05 0.412551 0.127413
0.279417 0.0313388 0.23149 0.194918 0.0684864 0.181995 0.0123542
9.9982E-05 0.0183471 9.9982E-05 0.086941 0.225919 0.078614 0.589979
0.0141109 0.0163944 9.9991E-05 0.140022 0.429909 0.0307558 0.368708
9.9973E-05 0.00117843 9.9973E-05 9.9973E-05 0.478156 0.1652 0.355165
9.9982E-05 0.0207898 9.9982E-05 0.13942 0.450238 0.102752 0.286601
0.0621234 0.0294295 9.9982E-05 9.9982E-05 0.689581 0.0383801 0.180286
0.0320953 9.9973E-05 9.9973E-05 9.9973E-05 0.532178 0.0994306 0.335996
9.9973E-05 9.9973E-05 0.0680487 9.9973E-05 0.688132 0.154656 0.0888639
9.9973E-05 0.00377758 9.9973E-05 9.9973E-05 0.248849 0.111958 0.635116
9.99549E-05 0.00719764 9.99549E-05 9.99549E-05 9.99549E-05 9.99549E-05 0.992303
9.9982E-05 0.0350486 0.0681725 0.144518 0.608011 9.9982E-05 0.14405
9.9991E-05 0.0169471 0.0839712 0.215566 0.354266 0.0217205 0.30743
9.995E-05 9.995E-05 9.995E-05 9.995E-05 9.995E-05 9.995E-05 0.9994
0.0044017 9.9982E-05 0.149814 0.143683 0.378812 9.9982E-05 0.323089
9.9982E-05 0.0439353 0.0527251 0.60212 0.153708 9.9982E-05 0.147311
0.705556 0.0275367 0.175363 9.9973E-05 0.0912445 9.9973E-05 9.9973E-05
0.687773 0.0144556 0.231893 0.0127414 0.0529378 9.9982E-05 9.9982E-05
0.812115 0.0186042 0.0673347 9.9982E-05 9.9982E-05 0.0571357 0.0446101
9.9991E-05 0.0154514 0.0624374 0.173223 0.547918 0.0521704 0.1487
9.9991E-05 0.0674486 0.0189955 0.407177 0.445426 0.00761335 0.0532393
0.0681907 9.9982E-05 0.0412672 0.117512 0.61636 9.9982E-05 0.15647
9.9973E-05 0.0446764 9.9973E-05 0.22449 0.485187 9.9973E-05 0.245347
0.0312948 0.0175272 0.0194108 9.9982E-05 0.931292 0.000275546 9.9982E-05
9.9991E-05 0.0091695 0.191736 0.614163 0.0649592 0.0494174 0.0704553
9.9982E-05 0.00373095 0.0772476 0.749319 9.9982E-05 0.0947312 0.0747712
9.9964E-05 9.9964E-05 9.9964E-05 0.714812 9.9964E-05 0.108142 0.176647
9.9955E-05 0.0405387 9.9955E-05 0.958962 9.9955E-05 9.9955E-05 9.9955E-05
0.0847671 0.034061 9.9982E-05 0.811549 0.0120142 0.057409 9.9982E-05
9.9973E-05 0.0377965 9.9973E-05 0.876631 9.9973E-05 0.0338103 0.0514624
0.0859959 0.0411788 0.0205138 0.658429 9.9991E-05 0.133549 0.0602337
9.9973E-05 9.9973E-05 9.9973E-05 0.12125 0.448603 0.209889 0.219959
0.000534574 0.115315 0.103597 0.337341 0.309954 9.9991E-05 0.133158
0.0471944 0.00200156 9.9982E-05 0.174768 0.352079 9.9982E-05 0.423758
0.0384859 0.0632222 9.9991E-05 0.0671143 0.323004 0.0140413 0.494033
9.9973E-05 0.0313884 9.9973E-05 9.9973E-05 0.688298 0.222654 0.0573596
0.611923 0.0491741 9.9982E-05 0.0833797 0.111979 0.143344 9.9982E-05
0.0891422 9.9991E-05 0.0211068 0.564007 0.150936 0.0465825 0.128126
9.9973E-05 9.9973E-05 9.9973E-05 0.904837 0.088426 0.003195 0.00324256
9.995E-05 0.9994 9.995E-05 9.995E-05 9.995E-05 9.995E-05 9.995E-05
0.0971231 9.9973E-05 0.584161 0.133688 9.9973E-05 0.184728 9.9973E-05
0.0598336 0.0332745 0.738296 0.117899 9.9991E-05 0.00879902 0.0417976
0.131034 0.0263394 0.375972 0.0236069 9.9991E-05 0.307867 0.135081
0.236955 0.0506821 0.101388 0.189982 0.0766995 0.320527 0.0237666
0.106241 9.9982E-05 0.362304 0.0112061 0.0877089 0.43234 9.9982E-05
9.9964E-05 9.9964E-05 9.9964E-05 0.774692 9.9964E-05 0.0300678 0.194841
0.462944 0.0529685 0.2081 0.174545 9.9982E-05 9.9982E-05 0.101243
9.9973E-05 0.0688497 0.113027 0.586762 0.231061 9.9973E-05 9.9973E-05
0.291128 0.00908633 0.0829831 0.243449 0.0350518 0.229299 0.109003
0.166776 0.00789672 0.654762 9.9982E-05 9.9982E-05 0.136916 0.0334482
0.0917464 9.9982E-05 0.192921 0.140166 0.0462994 0.528667 9.9982E-05
0.127701 9.9973E-05 0.452178 0.271194 9.9973E-05 0.148628 9.9973E-05
9.9973E-05 0.018028 9.9973E-05 9.9973E-05 0.0508303 0.849798 0.0810442
0.0544946 9.9973E-05 9.9973E-05 0.168914 9.9973E-05 0.755315 0.0209756
0.0927725 0.0141787 0.122824 0.113754 9.9982E-05 0.656271 9.9982E-05
0.0362243 0.0170826 0.00788786 0.604435 0.152399 0.0753258 0.106645
0.0860879 0.0761366 0.0564932 0.59283 0.188253 9.9982E-05 9.9982E-05
9.9982E-05 0.0768156 0.0710983 0.66813 0.0707283 9.9982E-05 0.113028
0.258546 9.9964E-05 9.9964E-05 0.470485 9.9964E-05 0.270569 9.9964E-05
0.109343 9.9982E-05 0.241059 0.573871 9.9982E-05 0.0110118 0.0645154
0.414805 9.9973E-05 0.243405 9.9973E-05 0.0683997 0.27309 9.9973E-05
0.0540674 0.00289604 0.0227839 9.9991E-05 0.671927 0.0933167 0.154909
0.0292804 0.0267064 9.9991E-05 0.120115 0.626139 0.0220943 0.175564
0.0328379 9.9982E-05 0.206559 0.562722 0.0425796 9.9982E-05 0.155101
0.104884 0.0122089 9.9982E-05 0.295224 9.9982E-05 0.32578 0.261704
0.156283 0.0470618 0.136225 0.465839 9.9982E-05 9.9982E-05 0.194391
0.697324 9.9964E-05 9.9964E-05 0.242326 9.9964E-05 0.0599504 9.9964E-05
0.0669291 0.0341531 9.9982E-05 0.201005 0.632779 9.9982E-05 0.0649329
9.9982E-05 9.9982E-05 0.00585929 0.282581 0.325103 0.00464997 0.381607
9.9982E-05 9.9982E-05 0.00359373 0.386971 0.30825 0.123376 0.17761
0.424326 0.0514664 0.386078 0.0234258 0.0734512 0.0411525 9.9991E-05
0.200321 0.00620557 0.590847 9.9982E-05 0.0833611 0.119066 9.9982E-05
0.0130596 0.0203877 0.621112 0.113184 0.0529999 0.179156 9.9991E-05
0.0334003 9.9982E-05 0.734089 9.9982E-05 0.114271 0.111674 0.0063658
0.251991 9.9982E-05 0.579053 0.0279931 9.9982E-05 0.102684 0.0380791
0.0869009 9.9991E-05 0.772616 0.0362446 0.0201268 0.0370051 0.0470062
9.99551E-05 9.99551E-05 0.993639 9.99551E-05 0.00586134 9.99551E-05 9.99551E-05
9.9982E-05 0.00699495 0.891343 9.9982E-05 0.0113122 0.0221131 0.0680367
0.327806 9.9982E-05 0.400908 0.103844 0.0676503 0.0995924 9.9982E-05
0.0862618 9.9973E-05 0.0731792 9.9973E-05 0.0637612 0.776498 9.9973E-05
0.134495 0.0193418 0.225545 0.0872259 9.9991E-05 0.486996 0.0462965
0.0942415 0.0340293 9.9964E-05 9.9964E-05 9.9964E-05 0.871329 9.9964E-05
0.241394 9.9991E-05 0.238472 0.206585 0.0648504 0.243517 0.00508145
9.9991E-05 0.0553375 0.366084 0.0646373 0.0602524 0.432835 0.0207537
0.27651 0.0260115 9.9982E-05 0.112981 9.9982E-05 0.504953 0.0793441
0.0225251 9.9982E-05 0.793159 0.0765961 0.053841 0.0536792 9.9982E-05
0.74145 0.00504304 9.9982E-05 0.133502 0.00886408 0.110941 9.9982E-05
0.856344 9.9964E-05 0.112141 0.0311143 9.9964E-05 9.9964E-05 9.9964E-05
0.769683 0.0498857 9.9964E-05 9.9964E-05 9.9964E-05 0.180032 9.9964E-05
0.728861 9.9991E-05 0.0445876 0.00429066 0.0384016 0.115055 0.0687032
0.710445 0.012675 0.119107 0.0543483 0.0246086 9.9991E-05 0.0787163
9.9982E-05 9.9982E-05 0.452685 0.152369 0.0177514 0.330654 0.0463406
0.134473 0.021371 0.392771 0.0393582 9.9991E-05 0.37366 0.0382666
9.9964E-05 9.9964E-05 9.9964E-05 0.0597702 0.255001 9.9964E-05 0.684829
0.0286922 0.0246802 9.9982E-05 9.9982E-05 0.776585 0.111915 0.0579281
9.9973E-05 0.0250034 0.075901 9.9973E-05 0.737442 9.9973E-05 0.161354
0.0379598 9.9982E-05 0.036969 0.264253 0.580591 9.9982E-05 0.0800272
9.9982E-05 0.0138852 0.113184 0.0170789 0.712977 9.9982E-05 0.142674
0.171872 9.9964E-05 9.9964E-05 9.9964E-05 0.697485 9.9964E-05 0.130244
9.9964E-05 9.9964E-05 0.0326209 0.0369128 0.930066 9.9964E-05 9.9964E-05
0.0768924 0.000615363 0.0027323 0.0347036 0.56799 9.9991E-05 0.316966
0.0134352 9.9973E-05 9.9973E-05 0.118344 0.608184 9.9973E-05 0.259736
0.0243428 0.00354357 0.0963339 0.00471514 0.447296 9.9991E-05 0.423669
9.9982E-05 0.0400179 9.9982E-05 0.0290601 0.787826 0.101177 0.0417187
0.0329511 0.0459732 9.9991E-05 0.0507976 0.696606 0.0864048 0.0871674
0.0378788 9.9982E-05 0.11489 0.0113233 0.723715 9.9982E-05 0.111993
0.0665271 0.0105725 9.9982E-05 9.9982E-05 0.577632 0.0171623 0.327906
9.9973E-05 0.0148932 9.9973E-05 0.193112 0.637523 9.9973E-05 0.154171
9.9955E-05 9.9955E-05 0.0438603 9.9955E-05 0.95564 9.9955E-05 9.9955E-05
0.048282 0.0231326 9.9982E-05 9.9982E-05 0.749192 0.0218557 0.157337
9.9964E-05 9.9964E-05 0.123819 0.71398 0.161801 9.9964E-05 9.9964E-05
0.00901897 9.9973E-05 0.0982887 0.818745 9.9973E-05 0.0736475 9.9973E-05
9.9973E-05 9.9973E-05 0.0407267 0.109735 0.73877 9.9973E-05 0.110469
9.9982E-05 0.0293126 0.128363 9.9982E-05 0.265615 0.146713 0.429797
9.995E-05 9.995E-05 9.995E-05 9.995E-05 9.995E-05 9.995E-05 0.9994
9.9973E-05 9.9973E-05 0.140689 0.610757 9.9973E-05 0.0222718 0.225983
9.9982E-05 0.0113488 0.858797 0.0155573 0.0504084 0.0636883 9.9982E-05
0.1788 0.0292527 0.674564 9.9982E-05 9.9982E-05 0.102758 0.0144259
0.344458 9.9973E-05 0.420212 0.161847 9.9973E-05 9.9973E-05 0.0731832
0.572702 9.9982E-05 0.246506 0.157122 9.9982E-05 0.020175 0.00329562
0.708542 0.00228666 9.9982E-05 0.143572 9.9982E-05 0.13197 0.0134289
0.753871 9.9973E-05 0.0818111 0.0363875 9.9973E-05 9.9973E-05 0.127631
0.705886 0.0170107 0.00818857 0.0835787 9.9991E-05 0.16732 0.0179165
0.689797 9.9982E-05 9.9982E-05 0.0918681 0.0645379 0.152602 0.000994694
0.62162 0.0349275 0.133913 0.0899219 0.0192014 9.9991E-05 0.100316
0.701505 0.025492 0.13526 9.9973E-05 0.137443 9.9973E-05 9.9973E-05
0.0369425 0.0103855 0.808098 0.0689668 0.0364233 0.0161985 0.0229855
0.00110368 0.0471632 0.496426 0.103016 0.0341821 0.309736 0.00837334
9.9964E-05 0.0366679 9.9964E-05 9.9964E-05 9.9964E-05 0.87229 0.0906419
9.9964E-05 9.9964E-05 9.9964E-05 0.0553756 0.0457318 0.898493 9.9964E-05
9.9964E-05 0.00845547 9.9964E-05 9.9964E-05 9.9964E-05 0.960765 0.0303801
9.9973E-05 9.9973E-05 0.0551292 0.225988 0.0258112 0.692772 9.9973E-05
0.141481 0.00374697 0.180668 0.0613505 9.9991E-05 0.538925 0.0737293
0.150842 9.9982E-05 0.102106 0.139722 9.9982E-05 0.526328 0.080802
0.0726548 0.0545845 0.21319 0.106723 0.054212 0.498536 9.9991E-05
0.154439 0.0195186 0.0212912 9.9991E-05 0.0518271 0.71756 0.0352642
0.157481 0.0400535 0.047988 9.9991E-05 0.0613016 0.69197 0.00110618
0.587761 0.140052 0.0463489 0.00199065 9.9991E-05 0.1034 0.120348
9.9973E-05 9.9973E-05 0.0706444 0.0928721 0.127173 9.9973E-05 0.70901
0.0623498 0.0332068 9.9991E-05 0.0840512 0.453493 0.0245556 0.342243
0.0597991 9.9973E-05 9.9973E-05 0.0455993 0.751927 9.9973E-05 0.142375
0.0364389 9.9991E-05 0.0425727 0.150125 0.739025 0.0315643 0.000174583
0.0395038 0.024341 0.0148749 0.03546 0.751481 0.0413771 0.0929618
0.227237 0.0267829 0.20452 0.0596284 0.0581478 0.31006 0.113624
0.20246 0.0200042 0.337016 0.105737 9.9991E-05 0.318806 0.0158768
0.13209 0.0642072 0.332139 9.9982E-05 9.9982E-05 0.430228 0.0411354
0.206678 0.0544881 0.390097 0.219124 9.9982E-05 0.129413 9.9982E-05
