0.00714101 0.114886 0.162919 0.0275013 0.687553
0.0319788 0.0750308 0.102893 9.9991E-05 0.789998
0.0316802 0.138464 0.147035 9.9991E-05 0.682721
0.00990023 0.25449 9.9982E-05 9.9982E-05 0.73541
0.0227103 9.9982E-05 9.9982E-05 0.0767901 0.9003
9.9982E-05 0.0533275 9.9982E-05 0.0752118 0.871261
9.9991E-05 0.22915 0.00127139 0.0395664 0.729913
0.0277366 0.140621 9.9982E-05 9.9982E-05 0.831442
0.021207 9.9991E-05 0.144299 0.13043 0.703964
0.027028 0.306599 0.169596 9.9991E-05 0.496677
0.0496761 0.527487 0.0845757 0.0456195 0.292642
0.0324928 0.250511 0.197547 9.9991E-05 0.519349
0.0268283 0.909155 0.0234348 0.0404817 9.9991E-05
9.999E-05 0.238299 0.167892 0.0740319 0.519677
0.022795 9.9991E-05 0.157675 0.102013 0.717416
0.0112097 0.175003 0.0971363 9.9991E-05 0.716551
9.999E-05 0.117209 0.170059 0.00124929 0.711383
0.0266898 0.0585777 0.0238049 9.9991E-05 0.890827
0.0647698 0.155813 0.538509 0.135737 0.105171
0.0024029 0.163131 0.698191 9.9991E-05 0.136175
0.0140151 0.0364448 0.744597 0.00106885 0.203875
0.0288791 0.0786669 0.840399 0.0519552 9.9991E-05
0.0437478 9.9973E-05 0.955952 9.9973E-05 9.9973E-05
0.0297869 9.9991E-05 0.846501 0.0529966 0.0706152
9.9982E-05 0.0500353 0.712291 9.9982E-05 0.237474
0.0170859 9.9982E-05 0.929129 9.9982E-05 0.0535848
0.0226826 9.9982E-05 0.867819 0.109298 9.9982E-05
0.0408771 9.9982E-05 0.867132 0.0917915 9.9982E-05
0.00896709 9.9991E-05 0.905159 0.0380106 0.0477637
0.00947825 9.9991E-05 0.852222 0.0909889 0.0472105
9.9982E-05 0.0167945 0.934042 0.048964 9.9982E-05
0.0252675 0.00846501 0.895914 0.0702537 9.9991E-05
0.0631629 0.0439011 0.846181 9.9991E-05 0.0466547
0.0575167 0.26233 0.155874 9.9991E-05 0.524178
9.9982E-05 9.9982E-05 0.20678 0.0596788 0.733342
9.9991E-05 0.0475659 0.122465 0.0774317 0.752437
0.0441284 0.20068 0.0594596 9.9991E-05 0.695632
0.0119234 0.254971 0.138762 0.0898797 0.504463
0.9996 9.997E-05 9.997E-05 9.997E-05 9.997E-05
0.0190785 0.208142 0.772579 9.9982E-05 9.9982E-05
0.00676862 9.9991E-05 0.148348 0.11227 0.732514
9.9982E-05 0.212599 0.150084 9.9982E-05 0.637117
0.016428 0.26776 0.291875 0.110059 0.313878
0.0532221 0.617142 0.145789 0.120936 0.0629109
9.9973E-05 0.926407 0.0732934 9.9973E-05 9.9973E-05
0.9996 9.997E-05 9.997E-05 9.997E-05 9.997E-05
0.080216 0.178357 0.186782 0.0332264 0.521419
9.9991E-05 0.564385 0.0998209 0.0701157 0.265578
0.0477549 0.226868 0.333307 0.0784255 0.313644
0.0459866 0.191084 9.9991E-05 0.75019 0.0126394
0.0268735 0.139082 0.00900195 0.824943 9.9991E-05
9.9982E-05 9.9982E-05 0.0516772 0.8308 0.117323
0.0604182 0.15911 0.0451395 0.713268 0.0220643
0.0302184 9.9991E-05 0.045687 0.852357 0.0716377
9.9982E-05 9.9982E-05 0.070877 0.862013 0.06691
9.9973E-05 9.9973E-05 9.9973E-05 0.753728 0.245972
9.9991E-05 0.0205125 0.0397197 0.884039 0.0556292
0.0508179 9.9982E-05 0.0788884 0.870094 9.9982E-05
0.0521898 0.128631 9.9991E-05 0.784683 0.0343964
0.0281003 0.246179 9.9991E-05 0.577613 0.148007
9.9973E-05 9.9973E-05 0.133184 0.866516 9.9973E-05
0.00311698 0.171244 0.0811623 0.694796 0.0496804
0.0851856 0.589552 0.00194793 0.323215 9.9991E-05
0.00757918 0.00459086 0.759133 0.0362754 0.192422
0.0269337 9.9991E-05 0.798727 0.0120083 0.162231
0.0215328 9.9982E-05 0.884259 9.9982E-05 0.0940086
0.0156984 0.20403 0.0314611 0.714697 0.0341135
0.0903515 0.414952 9.9982E-05 0.494497 9.9982E-05
0.0275053 0.0763405 0.0428875 0.773643 0.0796233
0.0630904 0.275279 9.9982E-05 0.661431 9.9982E-05
0.0443298 0.0715728 9.9991E-05 0.828696 0.0553019
0.0108488 0.67513 9.9991E-05 0.124019 0.189903
0.0229094 0.753018 0.0337741 0.0879944 0.102304
9.9982E-05 0.807884 9.9982E-05 0.13014 0.0617758
0.0264041 0.973296 9.9973E-05 9.9973E-05 9.9973E-05
0.0416123 0.919571 0.0386172 9.9982E-05 9.9982E-05
0.0335497 0.96615 9.9973E-05 9.9973E-05 9.9973E-05
0.0258938 0.834723 0.0511654 9.9991E-05 0.0881178
9.9982E-05 0.313242 9.9982E-05 0.64374 0.0428171
0.12838 0.305076 0.0137977 0.444407 0.108339
0.0247661 0.13105 0.0676419 0.776442 9.9991E-05
0.0588291 0.155663 0.0608103 0.724597 9.9991E-05
0.0327525 0.0526542 9.9991E-05 0.71064 0.203853
0.0473705 0.112942 0.690156 0.0380639 0.111467
0.000228838 0.516358 0.133545 0.28519 0.0646785
9.9982E-05 0.861282 9.9982E-05 0.104851 0.0336668
0.9996 9.997E-05 9.997E-05 9.997E-05 9.997E-05
0.000308897 0.22392 0.086226 9.9991E-05 0.689445
0.0330654 0.10545 0.156727 9.9991E-05 0.704658
0.03686 0.184203 0.133626 0.0222001 0.62311
0.0543127 0.321377 0.251727 0.0475922 0.324991
9.9982E-05 9.9982E-05 0.0223524 0.089239 0.888209
9.9982E-05 0.797796 0.00814447 0.19386 9.9982E-05
0.0469241 0.169171 0.612088 9.9991E-05 0.171717
0.0717367 0.645278 9.9991E-05 0.167832 0.115054
0.0351755 0.295125 0.329274 0.0600816 0.280343
0.0276928 9.9982E-05 0.140306 9.9982E-05 0.831801
9.9982E-05 0.259865 0.0979249 9.9982E-05 0.64201
9.9982E-05 0.255364 0.161424 9.9982E-05 0.583012
9.99924E-05 0.32795 0.0187093 0.0336786 0.619562
0.0118529 0.414848 0.0305738 9.9991E-05 0.542625
0.00590383 0.265753 0.0619445 9.9991E-05 0.666298
0.00332458 0.715644 0.0551411 0.216857 0.00903313
0.0741508 0.581871 0.168114 0.128622 0.0472426
0.0881697 0.689654 9.9991E-05 0.179259 0.042818
9.9982E-05 0.683708 0.184 9.9982E-05 0.132093
9.9991E-05 0.576254 0.0996241 0.0645055 0.259516
9.9991E-05 0.00227997 0.505453 0.063415 0.428752
0.034603 9.9982E-05 9.9982E-05 0.772331 0.192866
0.026525 0.151711 0.0686101 0.720912 0.0322422
9.9982E-05 0.70656 0.144768 0.148472 9.9982E-05
0.0380818 0.417822 0.106293 0.192372 0.245431
0.0623799 0.473392 0.286209 0.154743 0.0232757
9.9973E-05 0.281498 0.718202 9.9973E-05 9.9973E-05
0.0399258 0.327909 9.9982E-05 0.631966 9.9982E-05
9.9991E-05 0.243142 0.0467964 0.673195 0.0367657
9.9982E-05 0.371151 9.9982E-05 0.49878 0.129869
0.0470285 0.111805 0.462289 0.0227624 0.356114
0.00245157 9.9991E-05 0.272409 0.0432187 0.681821
0.0232524 0.0838778 0.0641117 0.0537769 0.774981
9.9982E-05 9.9982E-05 0.103251 0.113583 0.782966
9.9982E-05 9.9982E-05 0.431932 0.00698415 0.560884
0.0101635 9.9991E-05 0.220472 0.0665318 0.702733
0.00842997 0.0533522 0.119878 0.0348178 0.783522
0.0123829 9.9982E-05 9.9982E-05 0.0788326 0.908585
9.9991E-05 0.222913 0.361784 0.0169506 0.398253
9.9982E-05 0.181017 0.097296 9.9982E-05 0.721487
0.0472687 0.163787 0.200112 9.9991E-05 0.588733
0.00339822 0.238708 0.0294751 9.9991E-05 0.728319
0.000561691 0.142552 0.277091 0.0826218 0.497174
0.0403697 0.136719 0.0669204 0.0614146 0.694576
0.0144987 0.287178 0.260324 0.0162079 0.421791
0.00414997 0.082498 0.0551693 0.0210347 0.837148
9.9982E-05 0.0884785 0.89867 0.0126516 9.9982E-05
9.9982E-05 0.0189149 0.978271 9.9982E-05 0.00261421
0.0415421 9.9982E-05 0.896545 9.9982E-05 0.0617133
0.0133682 0.0151851 0.81628 0.0450864 0.11008
0.0263563 0.150255 0.823189 9.9982E-05 9.9982E-05
0.0304919 0.27514 0.00837603 0.0628307 0.623161
0.0347337 0.130805 0.17987 9.9991E-05 0.654491
0.00860171 0.0425875 9.9982E-05 0.948611 9.9982E-05
0.0179909 0.141646 0.0800159 0.757124 0.00322294
0.00759085 0.0205761 9.9991E-05 0.876653 0.0950805
9.9982E-05 0.30313 0.0829836 0.613687 9.9982E-05
0.0363516 0.0820953 9.9991E-05 0.836172 0.0452812
0.00351236 0.0811431 0.117334 0.79791 9.9991E-05
0.0223856 0.0741866 9.9991E-05 0.881392 0.0219361
9.9982E-05 0.0980897 0.0846167 0.817094 9.9982E-05
9.9991E-05 0.0335115 0.115955 0.838634 0.0117993
0.00604657 0.0657316 0.0893552 0.838767 9.9991E-05
0.0338557 0.174796 9.9982E-05 0.791148 9.9982E-05
0.0459527 0.0663957 0.0208218 0.767314 0.0995157
0.0150065 0.00846399 0.0769272 0.840601 0.0590012
0.0217203 0.0249866 0.0709066 0.882287 9.9991E-05
0.00851875 0.117904 9.9991E-05 0.807837 0.0656398
0.0251402 9.9982E-05 9.9982E-05 0.900608 0.0740521
0.00660027 9.9991E-05 0.109194 0.871563 0.0125431
0.0144042 0.78158 0.0408905 0.139481 0.0236443
9.9973E-05 0.937992 9.9973E-05 9.9973E-05 0.0617077
9.9973E-05 0.187772 9.9973E-05 0.811928 9.9973E-05
0.0151627 0.0420871 0.00197228 0.699684 0.241094
9.9982E-05 0.0824109 0.0344436 0.882946 9.9982E-05
9.9982E-05 0.642029 9.9982E-05 0.176048 0.181724
0.0203059 0.0673659 9.9991E-05 0.0129623 0.899266
0.0365634 9.9991E-05 0.200084 0.0074593 0.755794
9.9982E-05 0.265786 0.414396 9.9982E-05 0.319618
9.9982E-05 0.0708018 0.629263 9.9982E-05 0.299736
9.9973E-05 0.196836 0.802864 9.9973E-05 9.9973E-05
9.9991E-05 0.0979774 0.847461 0.0143705 0.040091
0.0274056 0.181798 0.723411 9.9991E-05 0.0672851
0.0294745 0.14279 0.738763 9.9991E-05 0.0888723
0.0293012 0.143171 0.771041 0.056387 9.9991E-05
0.0660587 9.9991E-05 0.821291 0.061056 0.051494
0.0209672 9.9991E-05 0.116717 0.0563564 0.805859
0.0579821 0.070241 0.00680215 0.0466548 0.81832
0.0356377 0.098417 9.9991E-05 0.0612057 0.80464
9.9982E-05 0.21548 9.9982E-05 0.00827292 0.776047
0.00991664 0.181434 9.9991E-05 0.0012752 0.807274
9.9982E-05 0.376621 9.9982E-05 0.0287174 0.594462
9.9982E-05 0.170638 0.222424 9.9982E-05 0.606738
0.0113915 0.240136 0.148919 0.0312215 0.568332
0.0532072 0.227484 0.0285127 0.0215125 0.669284
0.00207566 0.293661 0.171685 0.00968062 0.522898
0.0341449 0.111013 0.07207 0.0527194 0.730052
0.140417 0.0917623 0.630876 0.096085 0.0408598
0.0272866 0.21315 0.0217467 0.715996 0.0218209
0.0297083 0.0529423 0.0937728 0.823477 9.9991E-05
9.9973E-05 0.155684 9.9973E-05 0.844016 9.9973E-05
9.9991E-05 0.108688 0.0234189 0.712863 0.154931
0.0207288 9.9991E-05 0.0479937 0.822121 0.109056
0.025222 0.141107 0.353442 0.146204 0.334025
0.0264709 0.179971 0.278294 9.9991E-05 0.515164
0.0611676 9.9991E-05 0.109757 0.0329651 0.79601
0.0464836 0.246468 0.260912 9.9991E-05 0.446037
