0.728544 0.150289 0.117379 9.9973E-05 0.00348837 9.9973E-05 9.9973E-05
0.4325 0.116646 0.087159 9.9982E-05 0.0190477 0.344447 9.9982E-05
0.604935 9.9964E-05 0.107181 9.9964E-05 9.9964E-05 9.9964E-05 0.287484
0.732273 9.9982E-05 0.148678 9.9982E-05 0.0249286 0.0748603 0.0190607
0.808007 9.9982E-05 9.9982E-05 0.0399676 0.0159844 0.100607 0.0352335
0.779319 9.9973E-05 9.9973E-05 0.080726 9.9973E-05 0.129103 0.0105523
0.481119 0.000124208 0.0817135 0.0714007 9.9991E-05 0.274341 0.0912016
0.559983 9.9973E-05 0.125993 9.9973E-05 0.0668957 0.246828 9.9973E-05
0.149273 0.135598 9.9991E-05 0.0654129 0.0083905 0.63198 0.00924641
0.181117 0.0662721 0.167124 0.000920773 0.0243641 0.313691 0.246511
9.9982E-05 0.0845411 0.391083 0.045163 0.0327936 0.44622 9.9982E-05
0.146116 0.176517 0.0920168 0.0182586 0.0294557 0.472265 0.0653718
9.9982E-05 0.0504396 0.701853 0.0465822 0.0398134 0.161112 9.9982E-05
9.9973E-05 9.9973E-05 0.0382415 0.0298616 9.9973E-05 0.666495 0.265102
0.334115 9.9982E-05 9.9982E-05 0.0382323 0.0264259 0.324697 0.276331
0.188693 0.0853941 0.178856 9.9982E-05 0.00444768 0.54241 9.9982E-05
0.340506 0.219053 9.9964E-05 9.9964E-05 9.9964E-05 0.440042 9.9964E-05
0.534143 0.0656751 9.9973E-05 9.9973E-05 0.00460705 0.395275 9.9973E-05
0.00199774 0.293514 0.0233982 0.129961 0.0273183 0.15412 0.369691
9.9964E-05 0.193767 9.9964E-05 9.9964E-05 9.9964E-05 0.205853 0.599981
0.154966 0.587335 0.0474292 9.9982E-05 9.9982E-05 0.0941759 0.115894
0.0938458 0.754189 9.9973E-05 0.0272522 9.9973E-05 9.9973E-05 0.124413
9.9964E-05 0.971883 0.00394503 9.9964E-05 0.0237721 9.9964E-05 9.9964E-05
0.0261254 0.742666 9.9982E-05 9.9982E-05 0.0272573 0.150049 0.0537019
0.193944 0.562814 0.116361 9.9982E-05 9.9982E-05 0.00834536 0.118336
0.0828127 0.668181 9.9973E-05 9.9973E-05 0.000866212 9.9973E-05 0.24784
9.9973E-05 0.603205 9.9973E-05 0.027973 0.0201892 9.9973E-05 0.348333
9.9973E-05 0.874891 9.9973E-05 0.0340772 0.0234273 0.0673049 9.9973E-05
0.108421 0.556547 9.9964E-05 9.9964E-05 9.9964E-05 9.9964E-05 0.334633
0.068453 0.799306 9.9973E-05 0.0484485 9.9973E-05 9.9973E-05 0.0834922
9.9955E-05 0.906025 9.9955E-05 9.9955E-05 9.9955E-05 0.0934753 9.9955E-05
0.0358796 0.794911 0.0094505 0.00538021 0.00223551 0.0857629 0.0663803
9.9964E-05 0.918649 0.0363936 9.9964E-05 0.0445573 9.9964E-05 9.9964E-05
0.29012 9.9982E-05 0.142487 9.9982E-05 0.0474233 0.238507 0.281263
0.486933 0.151427 9.9982E-05 9.9982E-05 0.00551434 0.221079 0.134847
0.706093 9.9964E-05 9.9964E-05 0.0579821 9.9964E-05 9.9964E-05 0.235525
0.615914 9.9973E-05 0.149479 9.9973E-05 0.018774 9.9973E-05 0.215534
0.174007 0.110779 0.175713 0.0729344 9.9991E-05 0.427164 0.0393036
9.995E-05 9.995E-05 9.995E-05 9.995E-05 0.9994 9.995E-05 9.995E-05
9.9973E-05 0.267111 0.116682 9.9973E-05 0.0195515 9.9973E-05 0.596355
0.704571 0.176854 9.9973E-05 0.108304 9.9973E-05 9.9973E-05 0.00997164
0.481582 0.166405 0.11316 9.9973E-05 9.9973E-05 0.238553 9.9973E-05
0.0812567 0.309671 0.256439 0.095284 0.0194991 0.234462 0.00338883
9.9982E-05 0.182408 0.537377 0.107867 0.0473839 0.124764 9.9982E-05
0.0159835 9.9973E-05 0.912284 9.9973E-05 0.00210055 9.9973E-05 0.0693324
9.995E-05 9.995E-05 9.995E-05 9.995E-05 0.9994 9.995E-05 9.995E-05
0.298577 0.0813552 0.19727 9.9991E-05 0.0787655 0.16133 0.182602
0.0633153 0.0809867 0.381029 0.0911574 9.9991E-05 0.306352 0.0770594
0.218958 0.143968 0.0470544 0.0872754 0.0455999 0.192364 0.26478
0.016873 9.9991E-05 0.133065 0.687236 0.0306128 0.0427851 0.0893287
9.9982E-05 0.0657658 0.140163 0.731183 0.0200267 0.042661 9.9982E-05
0.0247923 9.9973E-05 9.9973E-05 0.760401 0.0187443 0.195763 9.9973E-05
9.9982E-05 9.9982E-05 0.113217 0.68461 0.0455482 0.11039 0.046034
9.9973E-05 9.9973E-05 9.9973E-05 0.744349 0.0410449 0.0697181 0.144588
0.0220764 0.0162951 9.9982E-05 0.76598 9.9982E-05 0.100879 0.0945696
9.9955E-05 9.9955E-05 9.9955E-05 0.684546 9.9955E-05 0.314955 9.9955E-05
9.9964E-05 0.0943815 9.9964E-05 0.70593 9.9964E-05 0.199289 9.9964E-05
9.9982E-05 0.151046 0.0200938 0.780366 0.0243958 9.9982E-05 0.0238989
0.028422 9.9982E-05 0.120356 0.731605 0.0365203 0.0828977 9.9982E-05
0.129981 9.9991E-05 0.222702 0.562955 0.0130058 0.0632301 0.00802554
9.9955E-05 0.237324 9.9955E-05 0.762176 9.9955E-05 9.9955E-05 9.9955E-05
0.078196 9.9982E-05 0.131112 0.648905 9.9982E-05 0.00392242 0.137664
0.0322639 0.0623179 0.493073 0.331328 0.0389853 0.0419321 9.9991E-05
0.0901542 0.620049 0.00120419 0.0533592 0.00869139 0.0405173 0.186025
0.105294 0.697998 0.00953243 9.9982E-05 0.0440493 9.9982E-05 0.142926
0.123754 0.615591 9.9973E-05 9.9973E-05 0.0018381 9.9973E-05 0.258518
0.0260483 0.0144258 0.00814087 0.722324 0.00747149 0.148356 0.0732332
0.0957633 9.9982E-05 0.340724 0.469125 0.0587944 9.9982E-05 0.0353931
9.9982E-05 0.143096 0.067825 0.69294 0.0170374 0.0789015 9.9982E-05
0.00508619 9.9982E-05 0.157845 0.677653 0.0451299 9.9982E-05 0.114086
0.0147593 9.9973E-05 9.9973E-05 0.756797 0.0349038 9.9973E-05 0.19324
0.0166445 9.9982E-05 0.555595 0.127213 0.00889008 0.291457 9.9982E-05
9.9973E-05 9.9973E-05 0.577126 0.0756704 9.9973E-05 0.290083 0.0568206
0.0356612 9.9982E-05 0.717949 0.0905086 9.9982E-05 0.11064 0.0450421
9.9964E-05 0.0211687 0.959443 9.9964E-05 0.0189888 9.9964E-05 9.9964E-05
9.9973E-05 0.0837877 0.875475 9.9973E-05 0.0179819 9.9973E-05 0.0224555
9.9973E-05 9.9973E-05 0.839673 9.9973E-05 0.0256093 0.0138886 0.120529
0.131334 0.039477 0.70797 0.014256 0.0240138 9.9991E-05 0.0828486
9.99641E-05 9.99641E-05 0.144675 0.621289 9.99641E-05 0.233636 9.99641E-05
0.119452 9.9982E-05 0.203902 0.382964 0.119495 9.9982E-05 0.173987
0.0605657 0.0619395 0.145968 0.694202 0.0371258 9.9982E-05 9.9982E-05
9.9973E-05 9.9973E-05 9.9973E-05 0.743759 0.0395877 0.123991 0.0923624
9.9964E-05 9.9964E-05 9.9964E-05 0.665748 0.0174519 0.3164 9.9964E-05
9.9982E-05 0.0825056 0.0538447 9.9982E-05 0.0071 0.0784499 0.7779
0.015251 0.194308 0.497432 0.258467 9.9982E-05 0.0343421 9.9982E-05
9.9973E-05 0.0154203 0.792616 0.107974 9.9973E-05 0.08369 9.9973E-05
9.995E-05 9.995E-05 9.995E-05 9.995E-05 0.9994 9.995E-05 9.995E-05
0.601945 0.225877 0.0611734 9.9982E-05 0.00142698 0.109378 9.9982E-05
0.725684 0.0159258 0.00390875 9.9982E-05 0.0253979 9.9982E-05 0.228883
0.0679314 0.005768 0.154175 9.9991E-05 0.0402743 0.560819 0.170932
9.9991E-05 0.184615 0.107352 0.0789624 0.0158945 0.564587 0.0484883
0.574671 9.9982E-05 0.090181 0.000855387 9.9982E-05 0.105443 0.22865
0.0287787 0.0671963 0.787212 0.116513 9.9973E-05 9.9973E-05 9.9973E-05
0.142055 0.0331027 0.0657054 9.9982E-05 0.0145003 9.9982E-05 0.744436
0.0943303 9.9982E-05 0.546059 0.190368 0.0684131 9.9982E-05 0.10063
0.171807 0.287083 0.314951 0.0213176 0.034061 0.127821 0.0429594
0.21672 0.210832 9.9973E-05 0.000669592 9.9973E-05 0.571479 9.9973E-05
0.571782 0.159665 0.204327 9.9973E-05 9.9973E-05 0.0639258 9.9973E-05
0.258564 9.9973E-05 0.200645 9.9973E-05 9.9973E-05 0.388536 0.151955
9.9973E-05 9.9973E-05 0.0804357 0.0109312 9.9973E-05 0.807949 0.100384
0.566303 0.074055 0.359242 9.9964E-05 9.9964E-05 9.9964E-05 9.9964E-05
0.000416494 9.9982E-05 0.104777 9.9982E-05 0.00647895 0.775054 0.113073
0.11268 9.9982E-05 0.500071 0.198933 0.021715 9.9982E-05 0.166401
0.124176 9.9982E-05 0.489291 0.14742 0.0482825 9.9982E-05 0.190631
0.0284862 0.0670918 0.652858 0.177833 0.0735313 9.9982E-05 9.9982E-05
9.9982E-05 0.132641 0.512878 9.9982E-05 0.00304051 0.248386 0.102855
0.0756759 0.155059 0.41006 0.113335 9.9982E-05 0.24567 9.9982E-05
0.167214 0.388295 0.0208966 0.0359517 9.9991E-05 0.32554 0.0620028
0.118781 0.0532766 9.9982E-05 0.731266 0.0181813 0.0782961 9.9982E-05
0.0732599 9.9982E-05 0.134366 0.69872 0.0268831 9.9982E-05 0.0665713
0.15311 9.9973E-05 0.37284 0.201988 9.9973E-05 9.9973E-05 0.271762
9.9991E-05 0.0466909 0.312715 0.130847 0.0290186 0.381321 0.0993071
0.169179 0.267234 0.391456 0.138985 0.03288 9.9991E-05 0.000165991
9.9964E-05 0.213059 0.207199 9.9964E-05 9.9964E-05 9.9964E-05 0.579342
9.9973E-05 0.105394 0.313244 0.560155 0.0209082 9.9973E-05 9.9973E-05
9.9982E-05 0.00435845 0.235136 0.641392 9.9982E-05 0.0593632 0.0595503
0.0663039 9.9982E-05 0.371652 0.433629 9.9982E-05 0.0543724 0.0738421
0.365229 0.0723371 9.9982E-05 0.0133356 0.0489875 9.9982E-05 0.499911
0.545633 0.24919 9.9982E-05 0.0237688 9.9982E-05 0.117913 0.0632945
0.461353 0.143069 0.161917 0.00572825 0.0265929 0.20124 9.9991E-05
0.638239 0.0049763 9.9982E-05 0.113357 9.9982E-05 0.145812 0.0974152
0.399944 0.0757278 9.9973E-05 9.9973E-05 9.9973E-05 0.129172 0.394857
0.617185 0.0339813 0.0901503 9.9982E-05 9.9982E-05 0.0722576 0.186226
0.815016 0.135941 0.0251003 0.0236428 9.9973E-05 9.9973E-05 9.9973E-05
0.743859 0.0729742 9.9982E-05 0.0600622 0.00261431 0.12029 9.9982E-05
0.318581 0.327175 0.0392303 0.0317327 9.9991E-05 0.194322 0.0888585
9.9964E-05 0.0696373 9.9964E-05 9.9964E-05 9.9964E-05 0.897387 0.0325763
0.0271623 0.105528 0.0912951 9.9982E-05 0.0283017 0.747513 9.9982E-05
0.110479 0.097409 0.0421548 9.9982E-05 0.00425474 0.745502 9.9982E-05
0.269262 9.9991E-05 0.039673 0.0737308 0.013753 0.225565 0.377917
9.9964E-05 9.9964E-05 9.9964E-05 0.036275 0.0229231 0.940402 9.9964E-05
9.9973E-05 0.0954042 0.190708 9.9973E-05 9.9973E-05 0.560562 0.153026
0.602338 0.116949 0.0976406 9.9982E-05 0.00157984 0.181293 9.9982E-05
9.9964E-05 0.583541 0.16405 9.9964E-05 9.9964E-05 9.9964E-05 0.252008
0.0913023 0.808985 9.9964E-05 9.9964E-05 9.9964E-05 9.9964E-05 0.0993133
9.9973E-05 0.704122 9.9973E-05 9.9973E-05 0.0238706 0.139871 0.131837
0.0752613 0.591044 9.9982E-05 0.053146 9.9982E-05 0.0868419 0.193507
0.0618178 0.53267 0.0250211 0.0196984 0.00259931 9.9991E-05 0.358093
0.538896 0.0183847 0.226505 0.0652954 0.0157563 0.135063 9.9991E-05
0.540533 0.0969709 0.24636 9.9991E-05 0.0283327 0.0117746 0.0759288
9.9964E-05 0.00920124 0.0879916 0.902407 9.9964E-05 9.9964E-05 9.9964E-05
9.9982E-05 0.0972348 0.0519396 0.748307 0.0221778 0.0801409 9.9982E-05
0.109958 9.9964E-05 9.9964E-05 0.791581 9.9964E-05 9.9964E-05 0.0980609
0.0108283 0.131618 0.28347 0.56504 0.0088438 9.9982E-05 9.9982E-05
9.9973E-05 9.9973E-05 9.9973E-05 0.761909 0.0191046 0.128506 0.0901812
9.9973E-05 0.209376 9.9973E-05 0.74204 0.00492482 0.043359 9.9973E-05
0.022402 9.9982E-05 0.0572994 0.811128 0.0114125 9.9982E-05 0.0975585
0.0207265 9.9964E-05 9.9964E-05 0.768719 9.9964E-05 9.9964E-05 0.210155
9.9964E-05 9.9964E-05 0.00648924 0.764937 9.9964E-05 9.9964E-05 0.228174
9.9955E-05 0.234009 9.9955E-05 0.765492 9.9955E-05 9.9955E-05 9.9955E-05
0.0736293 0.0697294 9.9982E-05 0.791774 0.0103132 0.0543537 9.9982E-05
0.0389917 0.0317988 0.0578702 0.695024 0.0424805 0.133734 9.9991E-05
0.0480616 9.9982E-05 9.9982E-05 0.711469 0.0143315 0.138564 0.0873738
9.9973E-05 9.9973E-05 9.9973E-05 0.816341 0.0020662 0.0480274 0.133266
0.0659293 0.0667832 0.11657 0.750418 9.9973E-05 9.9973E-05 9.9973E-05
0.101847 9.9973E-05 9.9973E-05 0.808988 0.0219873 9.9973E-05 0.0668773
0.0606097 0.0698747 0.00428232 0.774377 0.0152621 9.9991E-05 0.075494
0.0724455 0.0525715 0.712731 0.0841156 9.9982E-05 0.0779362 9.9982E-05
0.0607164 9.9973E-05 0.818668 9.9973E-05 9.9973E-05 0.0696274 0.0506883
0.107243 9.9964E-05 0.0497983 0.842559 9.9964E-05 9.9964E-05 9.9964E-05
0.182689 0.11152 9.9982E-05 0.632676 0.0161411 0.0567744 9.9982E-05
9.9964E-05 0.130277 0.0790108 0.790313 9.9964E-05 9.9964E-05 9.9964E-05
0.135279 9.9973E-05 0.584314 0.13634 9.9973E-05 0.143767 9.9973E-05
0.82068 9.9982E-05 0.0827193 9.9982E-05 0.0020823 0.0746974 0.0196206
0.62996 0.0535071 9.9982E-05 9.9982E-05 0.0345793 0.0890814 0.192672
0.358911 0.275824 0.133531 0.0127111 9.9982E-05 9.9982E-05 0.218823
0.0491611 0.535645 0.0861543 9.9982E-05 9.9982E-05 0.229903 0.0989373
9.9955E-05 0.042522 9.9955E-05 9.9955E-05 9.9955E-05 9.9955E-05 0.956978
0.0417896 0.282853 9.9964E-05 9.9964E-05 9.9964E-05 9.9964E-05 0.674958
9.995E-05 9.995E-05 9.995E-05 9.995E-05 9.995E-05 9.995E-05 0.9994
9.9982E-05 0.543702 0.0224387 9.9982E-05 0.00697917 0.108641 0.318039
9.9982E-05 0.313767 0.10834 0.0146108 0.0251782 9.9982E-05 0.537904
0.089536 0.48472 9.9982E-05 0.022604 0.0441865 9.9982E-05 0.358753
0.803794 0.0175839 0.048481 0.00829623 0.00961386 9.9991E-05 0.112131
0.631173 9.9982E-05 0.132343 0.0110094 0.040393 9.9982E-05 0.184882
0.55131 9.9982E-05 0.227356 0.00168366 0.0410758 0.178375 9.9982E-05
0.666571 9.99551E-05 0.33293 9.99551E-05 9.99551E-05 9.99551E-05 9.99551E-05
0.639432 9.9973E-05 0.207088 9.9973E-05 0.0185116 0.134668 9.9973E-05
0.504184 9.9964E-05 0.370947 9.9964E-05 9.9964E-05 0.12447 9.9964E-05
0.0376273 9.9973E-05 0.074279 9.9973E-05 9.9973E-05 0.559732 0.328062
9.9982E-05 0.0747672 0.0248014 0.0551914 9.9982E-05 0.761252 0.0837876
0.00074094 9.9982E-05 0.0258997 9.9982E-05 0.0498786 0.813336 0.109945
9.9982E-05 9.9982E-05 0.0890837 0.00791417 0.00558729 0.721822 0.175393
0.100988 9.9982E-05 9.9982E-05 0.00058133 0.028061 0.710459 0.15971
9.9973E-05 9.9973E-05 9.9973E-05 0.0246842 0.102759 0.0266977 0.845559
9.9991E-05 0.0425319 0.0922655 0.73579 0.0306328 0.060117 0.0385626
9.9991E-05 0.114235 0.0669622 0.740419 0.057044 0.00691371 0.0143259
9.9973E-05 9.9973E-05 0.0700139 0.749223 9.9973E-05 0.0499715 0.130492
0.15 0.0916017 0.0618473 0.675301 0.0210501 9.9982E-05 9.9982E-05
0.134368 9.9964E-05 9.9964E-05 0.732285 9.9964E-05 9.9964E-05 0.132947
0.0490399 0.302427 9.9982E-05 0.118647 0.0349317 0.494754 9.9982E-05
0.216539 0.147876 0.0895908 9.9991E-05 0.028276 0.383906 0.133712
0.0191424 9.9964E-05 9.9964E-05 9.9964E-05 0.0625359 0.917922 9.9964E-05
0.283822 0.220457 0.127552 9.9991E-05 0.0465689 0.217205 0.104296
