0.839971 0.022061 0.0769385 0.0118224 0.0492071
0.731078 9.9991E-05 0.124027 0.0356427 0.109152
0.72319 0.00869344 0.129277 0.0154542 0.123386
0.78719 9.9982E-05 0.19977 0.0128403 9.9982E-05
0.922115 0.0628944 9.9982E-05 0.0147909 9.9982E-05
0.797954 0.0627247 0.139121 9.9982E-05 9.9982E-05
0.718019 0.0361911 0.198264 9.9991E-05 0.0474267
0.789796 9.9991E-05 0.169372 0.0377406 0.00299143
0.666611 0.0993356 0.00337716 0.0073731 0.223303
0.542474 9.9991E-05 0.284428 0.0343588 0.138639
0.346094 0.0438786 0.509687 0.0497897 0.0505508
0.553273 0.0573832 0.173086 0.037817 0.17844
9.9991E-05 0.0317335 0.932764 0.0234197 0.0119828
0.471716 0.0798448 0.203068 0.0117236 0.233648
0.678274 0.0818298 9.9991E-05 0.0569528 0.182843
0.643856 9.9991E-05 0.197616 0.0323945 0.126034
0.693764 0.0490108 0.000516771 9.9991E-05 0.256609
0.868714 9.9991E-05 0.043989 0.0312889 0.0559082
0.0565454 0.100502 0.223057 0.0637391 0.556157
0.0435922 9.9982E-05 0.28399 9.9982E-05 0.672218
0.157067 0.0131742 0.0857433 0.0151957 0.72882
0.0616787 0.0409105 0.0711318 0.00591237 0.820367
9.999E-05 0.00319928 0.00250233 0.0612954 0.932903
0.0464415 0.00407721 0.0235303 0.0540672 0.871884
0.220191 9.9982E-05 0.0467539 9.9982E-05 0.732856
0.0168833 9.9982E-05 0.015637 9.9982E-05 0.96728
9.9982E-05 0.104838 9.9982E-05 0.0233073 0.871655
9.9982E-05 0.0838522 9.9982E-05 0.0484037 0.867544
0.0152691 0.0310978 9.9982E-05 9.9982E-05 0.953433
0.0593613 0.0989639 0.00987735 0.000816354 0.830981
9.9982E-05 0.0345828 9.9982E-05 0.021305 0.943912
0.0555987 0.0243119 9.9991E-05 0.0581613 0.861828
0.0953424 0.000458205 9.9991E-05 0.0611128 0.842987
0.463455 9.9991E-05 0.346171 0.054925 0.13535
0.714584 0.0683847 9.9991E-05 0.0161042 0.200827
0.712008 0.125819 0.0503984 9.9991E-05 0.111675
0.682111 0.0627763 0.187946 0.0322301 0.0349364
0.515628 0.111994 0.226121 0.00462661 0.14163
9.997E-05 9.997E-05 9.997E-05 0.9996 9.997E-05
9.9991E-05 0.00421473 0.168381 0.0106428 0.816661
0.727913 0.127275 9.9982E-05 9.9982E-05 0.144612
0.618411 9.9982E-05 0.239036 9.9982E-05 0.142352
0.283661 0.132741 0.24976 0.0155429 0.318295
0.134754 0.140658 0.58236 0.0408292 0.101398
9.9982E-05 9.9982E-05 0.978292 0.0212275 0.000280462
9.997E-05 9.997E-05 9.997E-05 0.9996 9.997E-05
0.385642 0.0116394 0.266972 0.104522 0.231224
0.314003 0.117425 0.45266 9.9991E-05 0.115811
0.360847 0.078281 0.151347 0.0464688 0.363056
0.0124966 0.748384 0.135428 0.0283023 0.0753887
9.9991E-05 0.821 0.136363 0.0331435 0.0093934
0.187477 0.808144 0.00044282 0.00383617 9.9991E-05
9.9982E-05 0.664947 0.244443 0.0904098 9.9982E-05
0.0152366 0.838758 9.9991E-05 0.0506136 0.0952923
0.0407544 0.86773 9.9991E-05 0.00255958 0.0888556
0.240812 0.733552 0.0254357 9.9982E-05 9.9982E-05
0.0596556 0.880113 9.9991E-05 0.0190926 0.0410386
9.9982E-05 0.892048 9.9982E-05 0.0228649 0.0848876
0.0334829 0.822784 0.102766 0.0408669 9.9991E-05
0.122327 0.624163 0.202654 0.0507565 9.9991E-05
9.9973E-05 0.842554 9.9973E-05 9.9973E-05 0.157146
9.9982E-05 0.674349 0.230235 9.9982E-05 0.0952153
9.9982E-05 0.356529 0.581161 0.0621095 9.9982E-05
0.125425 9.9991E-05 0.0419703 0.0414231 0.791081
0.102308 0.00352614 0.136338 0.0283656 0.729462
0.0976126 9.9973E-05 9.9973E-05 9.9973E-05 0.902087
0.0765094 0.694969 0.198694 0.0135195 0.016308
9.9991E-05 0.484253 0.428733 0.0852369 0.00167744
0.099506 0.763235 0.0590067 0.0336693 0.0445831
9.9991E-05 0.727409 0.199062 0.0501338 0.023296
0.100154 0.852285 9.9982E-05 0.0473611 9.9982E-05
0.284196 0.179302 0.528281 0.00812134 9.9991E-05
0.0886947 0.0689883 0.806406 0.0279912 0.00791945
0.0785458 0.126762 0.793459 9.9991E-05 0.0011325
9.9973E-05 9.9973E-05 0.957472 0.0422283 9.9973E-05
9.9982E-05 9.9982E-05 0.836356 0.0293748 0.13407
9.9973E-05 9.9973E-05 0.950817 0.0488828 9.9973E-05
0.103414 0.0575141 0.724425 0.029346 0.0853015
0.0850772 0.680267 0.234456 9.9982E-05 9.9982E-05
0.14595 0.45006 0.280119 0.100912 0.0229592
0.0160074 0.762672 0.139629 0.0165391 0.0651526
9.9991E-05 0.746669 0.1209 0.0538834 0.0784475
0.199445 0.765464 0.004062 0.0309295 9.9991E-05
0.0805477 0.00542471 0.20632 0.0250126 0.682696
0.0735323 0.317124 0.44667 9.9991E-05 0.162574
0.0139898 0.169422 0.816388 9.9982E-05 9.9982E-05
9.997E-05 9.997E-05 9.997E-05 0.9996 9.997E-05
0.63133 9.9991E-05 0.212266 0.00383079 0.152474
0.712792 9.9991E-05 0.102393 0.0391152 0.1456
0.589043 9.9991E-05 0.215691 0.0214562 0.173709
0.368705 0.055214 0.277182 0.068911 0.229988
0.78105 0.0877476 0.0396514 9.9991E-05 0.0914512
9.9982E-05 0.178982 0.799231 9.9982E-05 0.0215869
0.0700998 9.9991E-05 0.272414 0.0332016 0.624184
0.025916 0.181548 0.71323 0.0792059 9.9991E-05
0.199555 0.0540136 0.381388 0.0409753 0.324067
0.698834 0.0294 0.0198523 0.00411354 0.2478
0.698031 9.9982E-05 0.261458 9.9982E-05 0.0403111
0.583466 9.9982E-05 0.315212 9.9982E-05 0.101122
0.636205 0.0442529 0.312843 0.0065989 9.9991E-05
0.590165 9.9982E-05 0.395913 0.013722 9.9982E-05
0.687895 9.9991E-05 0.266846 0.00724448 0.0379141
0.0369114 0.21775 0.675248 0.0225279 0.0475624
0.0368631 0.106593 0.702999 0.0796859 0.0738596
0.020438 0.217981 0.670263 0.0630616 0.0282562
0.158042 9.9991E-05 0.586558 0.0197747 0.235525
0.245987 0.14763 0.44478 9.9991E-05 0.161503
0.452822 0.0753376 9.9982E-05 9.9982E-05 0.471641
0.184352 0.771727 9.9991E-05 0.0178534 0.025967
0.0101893 0.739029 0.193598 0.0299341 0.0272489
9.9982E-05 0.131087 0.733557 9.9982E-05 0.135156
0.159743 0.163308 0.521177 0.0396936 0.116078
9.9991E-05 0.12572 0.492158 0.0573126 0.324709
9.9973E-05 9.9973E-05 0.238402 9.9973E-05 0.761298
9.9991E-05 0.660873 0.211968 0.0364689 0.0905902
9.9982E-05 0.708755 0.208519 9.9982E-05 0.0825263
0.105582 0.493916 0.400302 9.9982E-05 9.9982E-05
0.247955 0.0443081 0.160821 0.0642568 0.482659
0.744082 0.0474825 9.9991E-05 0.0178281 0.190507
0.746819 0.0821048 0.0845905 0.032156 0.0543292
0.747915 0.111527 0.0320153 9.9991E-05 0.108443
0.497633 9.9982E-05 0.105229 9.9982E-05 0.396938
0.593868 9.9991E-05 0.194984 0.0170493 0.193998
0.824714 0.0591008 9.9982E-05 9.9982E-05 0.115985
0.874853 0.107542 9.9991E-05 0.00662572 0.0108794
0.494068 0.00427451 0.151242 9.9991E-05 0.350316
0.718413 0.0133366 0.0761284 0.0166585 0.175464
0.683843 9.9991E-05 0.0666987 0.0412415 0.208117
0.667636 9.9991E-05 0.151416 0.0396987 0.141149
0.54675 0.134375 0.0626425 9.9991E-05 0.256132
0.70948 0.0163293 0.212082 0.0620086 9.9991E-05
0.368744 9.9991E-05 0.360484 0.0240342 0.246638
0.81768 0.0527106 0.0458798 9.9991E-05 0.0836296
9.9973E-05 9.9973E-05 0.192522 9.9973E-05 0.807178
0.122131 9.9973E-05 9.9973E-05 9.9973E-05 0.877569
0.0255988 9.9982E-05 9.9982E-05 0.043032 0.931169
0.0546979 0.0360915 0.077813 9.9991E-05 0.831298
0.0562518 0.070235 0.0479616 0.0229154 0.802636
0.666342 0.0617386 0.249227 0.0225919 9.9991E-05
0.593317 9.9991E-05 0.231651 0.0148562 0.160076
0.00549048 0.927198 0.0671117 9.9982E-05 9.9982E-05
0.00870726 0.789628 0.123407 0.0204909 0.0577672
0.0784385 0.894603 9.9991E-05 0.0202816 0.00657733
0.118453 0.619628 0.217598 9.9991E-05 0.0442203
0.056697 0.865656 0.0243631 0.0531839 9.9991E-05
0.0158215 0.80147 0.0764301 0.00308703 0.103192
0.0574795 0.925867 9.9982E-05 0.0164539 9.9982E-05
9.9991E-05 0.863724 0.0157924 0.00176544 0.118619
9.9982E-05 0.831959 0.0913344 9.9982E-05 0.0765065
9.9991E-05 0.846889 0.0171314 0.0245566 0.111323
0.00278818 0.795725 0.154629 0.046758 9.9991E-05
0.109673 0.782384 9.9991E-05 0.0672241 0.040619
0.110822 0.792246 9.9991E-05 0.0363185 0.0605133
9.9991E-05 0.864308 0.0552374 0.0104628 0.0698921
0.00549381 0.817683 0.162094 0.0146292 9.9991E-05
0.0981297 0.87454 9.9982E-05 0.0271307 9.9982E-05
9.9982E-05 0.867343 9.9982E-05 0.0332556 0.0992017
0.0167181 0.0923758 0.832255 9.9991E-05 0.0585514
0.00355452 9.9982E-05 0.977598 9.9982E-05 0.0186475
0.019576 0.844996 0.135228 9.9982E-05 9.9982E-05
0.218469 0.717192 0.0145488 0.0149158 0.0348736
9.9991E-05 0.866618 0.10216 0.00703448 0.0240876
0.107427 0.0875931 0.80478 9.9982E-05 9.9982E-05
0.941244 9.9982E-05 0.035802 0.0227543 9.9982E-05
0.793221 9.9982E-05 9.9982E-05 0.0166963 0.189882
0.268343 0.00307515 0.290082 9.9991E-05 0.4384
0.2283 9.9991E-05 0.114186 0.00688149 0.650533
9.9973E-05 9.9973E-05 0.209838 9.9973E-05 0.789862
0.0267486 0.0473143 0.036981 9.9991E-05 0.888856
0.233794 9.9991E-05 0.0571528 0.0156691 0.693284
0.0749867 0.0140535 0.12647 0.0127917 0.771698
0.0317029 0.0768034 0.11784 0.00945843 0.764196
0.0929013 0.0601485 9.9991E-05 0.0468906 0.79996
0.759392 0.0309762 0.0841173 0.011384 0.114131
0.680441 0.0536974 0.108283 0.0575176 0.100062
0.741764 0.0383192 0.160563 0.0592536 9.9991E-05
0.710246 0.00554977 0.284004 9.9982E-05 9.9982E-05
0.777578 0.0252368 0.181867 0.0152186 9.9991E-05
0.594544 0.0307139 0.374542 9.9982E-05 9.9982E-05
0.566598 9.9991E-05 0.270317 0.00553353 0.157452
0.60216 0.0365871 0.170023 0.029912 0.161319
0.64275 9.9991E-05 0.219972 0.0719154 0.0652622
0.665304 0.0615579 0.127341 0.0234342 0.122363
0.640798 0.0580603 0.111649 0.0380971 0.151396
0.107463 0.0770984 0.02142 0.160507 0.633512
0.0714969 0.774588 0.0959537 0.0100985 0.0478632
9.9991E-05 0.806436 0.0171082 0.0581379 0.118218
9.9991E-05 0.836414 0.143874 0.0055236 0.0140884
0.144614 0.714871 0.132689 0.0077262 9.9991E-05
0.0960314 0.808974 0.029468 0.0133426 0.052184
0.432907 0.105055 0.161734 0.0178549 0.282449
0.534895 0.0178655 0.154322 0.0406567 0.252261
0.80614 0.0144268 9.9991E-05 0.0577564 0.121577
0.451241 9.9991E-05 0.231824 0.0522338 0.264602
