0.146318 0.00649147 0.00839073 0.8388
0.138395 0.0216496 9.9991E-05 0.839856
0.228483 0.0449223 9.9991E-05 0.726495
0.0971092 0.0107487 0.00739962 0.884742
0.108437 0.0141212 0.0406772 0.836764
0.0632608 9.9991E-05 0.045185 0.891454
0.137578 9.9991E-05 0.0045842 0.857737
0.0221129 0.0463725 9.9991E-05 0.931415
0.207477 9.9991E-05 0.0764427 0.715981
0.287676 0.0345537 0.0505291 0.627241
0.117132 0.0717577 0.218053 0.593057
0.24292 0.0177894 0.0733797 0.66591
0.0405472 0.0661484 0.293149 0.600156
0.252418 9.9991E-05 0.126359 0.621123
0.252723 0.0497614 0.0408498 0.656666
0.142989 0.0221296 9.9991E-05 0.834781
0.329856 9.9991E-05 0.00565956 0.664384
0.126759 0.0380568 9.9991E-05 0.835084
0.592353 0.0847955 0.185372 0.13748
0.757091 9.9991E-05 0.0193602 0.223448
0.758352 0.0198793 0.00756558 0.214204
0.893413 0.00050818 0.0680324 0.0380462
0.947856 0.0519442 9.9982E-05 9.9982E-05
0.89277 0.0419439 0.0277235 0.0375627
0.741452 9.9982E-05 9.9982E-05 0.258348
0.983024 0.00536609 9.9991E-05 0.0115097
0.862389 0.0323211 0.105189 9.9991E-05
0.929085 0.0237265 0.0470887 9.9991E-05
0.9997 9.998E-05 9.998E-05 9.998E-05
0.918662 9.9982E-05 0.0811381 9.9982E-05
0.946832 0.0188892 0.0301931 0.00408577
0.845474 0.0238524 0.0779423 0.0527317
0.899016 0.0729466 0.0214678 0.00657006
0.23371 0.0774746 0.0218563 0.666959
0.422289 0.0161701 0.0311878 0.530353
0.251717 9.9991E-05 0.059577 0.688606
0.159926 0.0339236 0.0103162 0.795834
0.203046 0.0361532 0.127307 0.633493
9.998E-05 0.9997 9.998E-05 9.998E-05
0.820625 0.0370134 0.099932 0.0424296
0.257253 0.0141169 0.106189 0.622441
0.22285 0.0101326 9.9991E-05 0.766917
0.332058 0.0397238 0.178838 0.44938
0.111062 0.0525608 0.320046 0.516331
0.0214685 0.0268107 0.285415 0.666306
9.998E-05 0.9997 9.998E-05 9.998E-05
0.249575 0.0761526 0.0846179 0.589654
0.157695 9.9991E-05 0.26215 0.580055
0.37202 0.0471486 0.129753 0.451078
0.0537542 0.0501484 0.819681 0.0764162
0.0151685 0.0497913 0.863396 0.0716439
0.0177965 9.9991E-05 0.881555 0.100549
9.9991E-05 0.0607357 0.799754 0.13941
0.10543 0.0626187 0.831851 9.9991E-05
0.0923934 9.9982E-05 0.907407 9.9982E-05
9.9982E-05 9.9982E-05 0.767636 0.232164
0.0834584 0.0106076 0.887767 0.0181674
0.0651539 0.0346782 0.900068 9.9991E-05
0.0154296 0.0537708 0.835349 0.0954509
9.9991E-05 0.0237383 0.6994 0.276762
0.106059 9.9982E-05 0.893741 9.9982E-05
0.1208 9.9991E-05 0.769741 0.109359
0.00889622 0.0858663 0.495872 0.409366
0.861108 0.0284103 0.0351345 0.0753475
0.805882 0.0199534 0.040707 0.133458
0.953168 0.0206442 9.9991E-05 0.0260879
0.0135907 0.0126722 0.785696 0.188041
9.9991E-05 0.103489 0.668473 0.227939
0.0769562 0.0363537 0.81919 0.0675
0.0829914 0.0467136 0.870195 9.9991E-05
0.0401798 0.0408916 0.885025 0.0339041
9.9991E-05 0.00056498 0.339315 0.66002
0.00748819 0.0219362 0.333205 0.637371
0.0220029 9.9991E-05 0.354261 0.623636
9.9991E-05 0.0587195 0.332043 0.609138
0.139963 0.05025 0.280763 0.529024
0.0395481 0.0520491 0.316279 0.592124
0.105707 0.0397718 0.276388 0.578134
9.9982E-05 9.9982E-05 0.777993 0.221807
0.0125353 0.144167 0.546685 0.296613
0.068398 0.0251095 0.843518 0.062974
0.115525 0.0493491 0.835026 9.9991E-05
0.0138745 0.0407814 0.772784 0.17256
0.794055 0.0366737 0.0538324 0.115439
0.170601 9.9991E-05 0.448442 0.380857
9.9982E-05 9.9982E-05 0.419435 0.580365
9.998E-05 0.9997 9.998E-05 9.998E-05
0.246067 9.9982E-05 9.9982E-05 0.753733
0.180066 0.0363853 9.9991E-05 0.783449
0.201678 0.0399091 0.0350669 0.723346
0.292028 0.0661706 0.136926 0.504875
0.121991 9.9991E-05 0.0493096 0.828599
0.0791917 0.00851771 0.427329 0.484961
0.62431 0.0499292 0.070063 0.255698
9.9991E-05 0.0941776 0.401866 0.503856
0.328141 0.0577454 0.136323 0.47779
0.256988 9.9982E-05 9.9982E-05 0.742812
0.13253 9.9982E-05 9.9982E-05 0.86727
0.122015 9.9991E-05 0.0353743 0.842511
0.109447 0.0370595 0.133065 0.720428
0.0604612 0.0271018 0.0374481 0.874989
0.0733712 0.0235556 9.9991E-05 0.902973
0.0189911 0.0617867 0.438325 0.480897
0.0876586 0.103054 0.325445 0.483842
9.9991E-05 0.101514 0.38193 0.516456
0.245363 0.0322347 0.128509 0.593892
0.188278 9.9991E-05 0.231881 0.57974
0.496439 0.00916216 0.067353 0.427046
9.9991E-05 0.0287292 0.776533 0.194638
0.0471067 0.0499857 0.823148 0.0797601
0.261305 9.9991E-05 0.398464 0.340131
0.101733 0.0550785 0.348116 0.495073
0.330553 0.052966 0.276516 0.339965
0.835506 9.9991E-05 0.0192818 0.145112
0.0911699 0.0565922 0.774837 0.0774008
0.0156302 9.9991E-05 0.813722 0.170548
9.9982E-05 9.9982E-05 0.607867 0.391933
0.479233 0.0749052 0.0285365 0.417326
0.283077 0.00369707 0.0296623 0.683564
0.0896003 0.0100595 0.0454906 0.85485
0.107056 9.9991E-05 0.0813101 0.811534
0.504528 9.9982E-05 9.9982E-05 0.495272
0.304721 0.0180346 0.00583709 0.671408
0.155129 9.9982E-05 9.9982E-05 0.844671
0.0112892 0.0299228 0.0358079 0.92298
0.399908 9.9991E-05 0.0229564 0.577036
0.177361 9.9991E-05 0.00469835 0.81784
0.226417 0.0417348 9.9991E-05 0.731748
0.208124 0.0336504 9.9991E-05 0.758126
0.309309 0.00271281 0.108138 0.57984
0.130141 0.0434493 0.0714229 0.754987
0.250705 0.0407913 0.0734734 0.63503
0.168499 9.9991E-05 0.022244 0.809157
0.955252 9.9991E-05 0.0328971 0.0117507
0.974772 9.9982E-05 9.9982E-05 0.025028
0.970472 0.029328 9.9982E-05 9.9982E-05
0.852455 0.0186758 0.0594617 0.0694077
0.859841 0.0121526 0.0818463 0.0461601
0.00402545 0.0114622 0.159272 0.825241
0.215226 0.0391969 9.9991E-05 0.745477
9.998E-05 9.998E-05 0.9997 9.998E-05
0.0623397 0.0287597 0.869008 0.0398923
9.9991E-05 0.0225632 0.873964 0.103373
0.00556924 0.00859084 0.77335 0.21249
9.9991E-05 0.0271444 0.891491 0.0812651
0.146103 0.0103181 0.843479 9.9991E-05
9.9991E-05 0.0409655 0.946925 0.0120098
0.0833662 0.0016902 0.914844 9.9991E-05
0.101205 9.9982E-05 0.898595 9.9982E-05
0.140457 9.9982E-05 0.859343 9.9982E-05
9.9991E-05 0.0463868 0.868656 0.0848576
0.0133769 0.0402689 0.813998 0.132356
0.0882311 0.0127671 0.852004 0.0469981
0.0697698 0.035561 0.894569 9.9991E-05
9.9991E-05 0.00994854 0.911981 0.077971
9.9991E-05 0.0420609 0.915179 0.0426599
0.0603816 0.0291938 0.910325 9.9991E-05
0.0563998 0.015639 0.382275 0.545686
0.0127767 0.00869134 0.236681 0.741851
9.9982E-05 9.9982E-05 0.923793 0.0760074
9.9991E-05 0.0188837 0.719157 0.26186
0.0562641 9.9982E-05 0.943536 9.9982E-05
9.9991E-05 0.0159418 0.324257 0.659701
0.0342991 0.0114816 0.0304071 0.923812
0.263715 0.0284367 9.9991E-05 0.707749
0.514098 9.9991E-05 0.043701 0.442101
0.67028 9.9982E-05 9.9982E-05 0.32952
0.895587 0.0231038 0.0224823 0.0588267
0.939316 9.9991E-05 0.0461925 0.0143914
0.815232 0.0215643 9.9991E-05 0.163104
0.817175 0.0304187 0.0270102 0.125396
0.821249 0.0275193 0.0907097 0.0605223
0.886404 0.0016334 0.111862 9.9991E-05
0.140789 0.0348497 9.9991E-05 0.824261
0.102832 0.0656777 0.0604436 0.771046
9.9991E-05 0.0458647 0.0282292 0.925806
9.9982E-05 9.9982E-05 0.0649112 0.934889
9.9991E-05 0.0370154 0.00212002 0.960765
0.0425604 0.0139235 0.0746705 0.868846
0.26051 0.0315671 0.0093058 0.698618
0.267518 0.0261405 0.0649877 0.641353
0.182624 0.0654255 0.0158893 0.736061
0.245378 0.0123591 0.0690745 0.673189
0.147741 0.0498456 0.0372998 0.765114
0.714934 0.136537 0.0972783 0.0512506
0.02176 0.0176159 0.843299 0.117325
0.0955264 0.0386822 0.865691 9.9991E-05
0.0407527 0.00471907 0.911291 0.0432372
9.9991E-05 0.00185878 0.823384 0.174657
0.0762515 0.0214213 0.838972 0.0633557
0.325462 0.0523233 0.120819 0.501396
0.358558 0.0432625 9.9991E-05 0.59808
0.16634 0.0695093 9.9991E-05 0.764051
0.331852 0.0477987 9.9991E-05 0.620249
