0.131112 0.0412404 9.9991E-05 0.00779657 0.748185 0.0715662
0.0706291 9.9991E-05 0.0173607 0.176521 0.647068 0.0883213
0.162993 9.9982E-05 0.00629633 9.9982E-05 0.672726 0.157784
0.0541937 9.9991E-05 0.0108205 0.0651974 0.693586 0.176102
9.9973E-05 0.0817894 9.9973E-05 0.0385463 0.879364 9.9973E-05
9.9982E-05 0.0547442 9.9982E-05 0.143514 0.760817 0.0407241
9.9982E-05 0.00624662 9.9982E-05 0.243867 0.543421 0.206265
9.9982E-05 9.9982E-05 0.0332322 0.184144 0.630726 0.151697
0.104707 0.0582472 0.0347879 0.515682 0.286475 9.9991E-05
0.170072 9.9991E-05 0.0172984 0.22584 0.302606 0.284083
9.999E-05 0.0508354 0.0444948 0.453714 0.0284202 0.422436
0.151555 0.0530111 0.0132381 0.432388 0.266792 0.0830157
9.9973E-05 9.9973E-05 0.0232097 0.231333 9.9973E-05 0.745157
0.100664 0.0369131 9.9973E-05 0.862123 9.9973E-05 9.9973E-05
0.0810944 0.0776887 0.0434765 0.363436 0.434204 9.9991E-05
0.0486683 9.9991E-05 0.00765465 0.490087 0.316824 0.136666
0.124655 0.0269278 9.9991E-05 0.494109 0.346671 0.00753806
0.0407338 9.9982E-05 0.0243841 0.397934 0.536748 9.9982E-05
0.468049 0.11997 0.0660191 0.266005 9.9991E-05 0.0798565
0.592903 9.9973E-05 9.9973E-05 0.30948 9.9973E-05 0.0973162
0.624042 0.00949549 0.0173543 0.218738 0.13027 9.9991E-05
0.763157 0.00901579 0.0206018 9.9991E-05 0.0862014 0.120924
0.854477 9.9982E-05 0.0442429 9.9982E-05 0.0229348 0.0781455
0.72355 0.0102351 0.0464386 0.0344925 0.185184 9.9991E-05
0.616552 9.9982E-05 9.9982E-05 0.222364 0.102836 0.0580473
0.840633 9.9964E-05 9.9964E-05 9.9964E-05 0.158967 9.9964E-05
0.92548 0.0157198 0.049366 9.9982E-05 9.9982E-05 0.00923456
0.757963 0.0518119 0.0143493 0.175676 9.9982E-05 9.9982E-05
0.803366 9.99667E-05 9.99667E-05 9.99667E-05 0.196234 9.99667E-05
0.778166 0.0435463 0.00107821 0.00585257 0.0860853 0.0852714
0.830195 0.0439737 0.0137823 0.0916392 9.9991E-05 0.0203095
0.763666 0.0271679 0.0456721 0.163294 9.9982E-05 9.9982E-05
0.768386 9.9982E-05 0.0658413 0.0827271 9.9982E-05 0.0828455
0.131785 9.9991E-05 0.0725103 0.261274 0.359518 0.174813
0.167535 0.0489577 0.00445169 0.110743 0.648973 0.0193399
0.101079 0.0919273 9.9991E-05 0.186679 0.601844 0.0183703
0.000320392 0.0424572 0.0378265 0.0284708 0.670811 0.220114
0.0582099 0.0715571 0.00757501 0.431092 0.23524 0.196326
9.996E-05 9.996E-05 0.9995 9.996E-05 9.996E-05 9.996E-05
0.764139 9.9982E-05 0.0144178 9.9982E-05 0.00624311 0.215
0.0920348 0.12792 0.00367244 9.9982E-05 0.776172 9.9982E-05
0.129741 9.9982E-05 9.9982E-05 0.271784 0.478871 0.119403
0.268583 0.0861595 9.9991E-05 0.0516573 0.265497 0.328004
0.0782391 0.100216 0.0420199 0.165829 9.9991E-05 0.613596
0.0776837 9.9982E-05 0.00205021 9.9982E-05 0.022622 0.897444
9.996E-05 9.996E-05 0.9995 9.996E-05 9.996E-05 9.996E-05
0.139889 0.0215029 0.0852988 0.289109 0.232226 0.231975
0.0812259 0.0726857 9.9991E-05 0.253014 0.1382 0.454773
0.276042 0.120084 0.0306974 0.248399 0.270817 0.0539604
0.0216519 0.699835 0.0290703 0.022188 0.0621853 0.165069
9.9982E-05 0.729984 0.0191414 0.0877683 9.9982E-05 0.162907
9.9973E-05 0.771852 9.9973E-05 0.0939438 0.133905 9.9973E-05
9.9982E-05 0.662133 0.0564399 0.101273 9.9982E-05 0.179954
0.0741164 0.777718 0.0663714 0.0815941 9.9982E-05 9.9982E-05
9.9964E-05 0.805866 9.9964E-05 0.193734 9.9964E-05 9.9964E-05
9.9964E-05 0.676193 9.9964E-05 0.323408 9.9964E-05 9.9964E-05
9.9982E-05 0.754683 0.026251 0.215016 9.9982E-05 0.00385016
0.111421 0.824106 0.0331464 9.9982E-05 9.9982E-05 0.0311269
9.9991E-05 0.763628 0.037662 0.0996859 0.0762965 0.0226278
9.9991E-05 0.622499 0.0271692 0.00623579 0.133334 0.210662
0.0761991 0.798005 9.9982E-05 0.036546 9.9982E-05 0.0890496
0.026091 0.672478 9.9991E-05 0.120998 0.0195896 0.160744
9.9982E-05 0.263557 0.0716056 0.0340014 9.9982E-05 0.630636
0.809035 0.0409908 0.017482 0.00385282 0.12854 9.9991E-05
0.726244 9.9982E-05 0.0349858 9.9982E-05 0.151204 0.0873666
0.802847 9.9982E-05 0.00993943 0.0231812 0.163832 9.9982E-05
9.9991E-05 0.69658 0.00928031 0.17122 0.0407584 0.0820613
9.9982E-05 0.457809 0.0700755 9.9982E-05 0.0324151 0.439501
0.0128626 0.695255 0.0119465 0.136767 0.0282513 0.114917
9.9973E-05 0.706075 0.0352068 9.9973E-05 9.9973E-05 0.258419
0.0345162 0.80707 0.0427185 9.9982E-05 0.115495 9.9982E-05
9.9991E-05 0.133583 0.0125994 0.168116 0.136328 0.549273
9.9973E-05 0.0578132 9.9973E-05 0.354653 9.9973E-05 0.587234
9.9973E-05 0.0803108 9.9973E-05 0.172644 9.9973E-05 0.746745
9.9964E-05 9.9964E-05 0.0214483 9.9964E-05 9.9964E-05 0.978152
0.0865437 9.9973E-05 0.0214607 9.9973E-05 9.9973E-05 0.891696
9.9973E-05 9.9973E-05 0.0206988 0.175937 9.9973E-05 0.803064
0.104134 0.0394958 0.0180674 0.106304 0.115312 0.616686
9.9964E-05 0.627097 9.9964E-05 0.372504 9.9964E-05 9.9964E-05
9.9982E-05 0.412493 0.105354 9.9982E-05 0.193226 0.288727
0.0451837 0.690666 0.0267757 9.9991E-05 0.0213479 0.215927
0.041917 0.764008 0.033524 0.160351 9.9982E-05 9.9982E-05
9.9973E-05 0.68428 0.0197209 0.295699 9.9973E-05 9.9973E-05
0.587341 0.023755 0.0276414 0.313019 9.9991E-05 0.0481442
0.0925035 0.273165 9.9991E-05 0.0788511 0.0413044 0.514076
9.9982E-05 0.0940529 9.9982E-05 0.0464106 0.0259805 0.833356
9.996E-05 9.996E-05 0.9995 9.996E-05 9.996E-05 9.996E-05
0.17064 9.9982E-05 9.9982E-05 0.092351 0.579407 0.157402
0.081085 9.9991E-05 0.0537299 0.135997 0.645788 0.0832998
0.138166 0.00761556 0.0600683 0.534328 0.159224 0.100598
0.21823 0.0765871 0.0477702 0.574449 9.9991E-05 0.0828641
0.00694073 0.052871 9.9991E-05 0.33204 0.594509 0.0135391
0.0427802 0.149673 9.9973E-05 9.9973E-05 9.9973E-05 0.807247
0.480165 0.0112688 0.0191361 0.0390101 0.252345 0.198075
9.9982E-05 0.132529 0.0723176 9.9982E-05 0.118313 0.67664
0.285925 0.0104007 0.00836038 0.121049 0.191039 0.383226
0.0821978 9.9982E-05 0.021326 0.366106 0.53017 9.9982E-05
0.0741828 9.9982E-05 9.9982E-05 0.129003 0.515126 0.281488
0.0911446 9.9982E-05 9.9982E-05 0.227188 0.472186 0.209281
9.9991E-05 0.0175398 0.0126856 0.853603 0.016096 0.0999758
0.0310587 9.9973E-05 9.9973E-05 9.9973E-05 0.530205 0.438437
9.9982E-05 9.9982E-05 0.00502224 0.831091 0.122918 0.0407683
9.9982E-05 0.226999 0.0135528 9.9982E-05 0.163288 0.59596
0.0723036 0.138363 0.0953885 0.09241 0.0456823 0.555852
9.9991E-05 0.176229 0.0865966 0.0912387 0.060727 0.585109
0.218678 9.9973E-05 9.9973E-05 0.230138 9.9973E-05 0.550885
0.0850008 0.0439468 9.9991E-05 0.236219 0.0771094 0.557624
0.337195 0.0760816 9.9982E-05 0.324688 0.261835 9.9982E-05
0.00289447 0.775508 0.00765744 9.9982E-05 0.21374 9.9982E-05
0.027045 0.665444 0.0203426 0.0173025 9.9991E-05 0.269766
0.0900308 0.130128 9.9982E-05 9.9982E-05 0.143115 0.636527
0.0294077 0.170967 0.0161163 0.321762 0.0645604 0.397187
0.187768 0.136803 0.0351357 9.9991E-05 0.17441 0.465784
0.727523 9.9973E-05 9.9973E-05 0.0247526 9.9973E-05 0.247424
0.0333771 0.574806 0.0329865 9.9982E-05 9.9982E-05 0.35863
9.9973E-05 0.645236 9.9973E-05 0.121461 9.9973E-05 0.233003
9.9982E-05 0.397969 9.9982E-05 0.0348303 0.0923932 0.474608
0.358915 0.0946614 0.0616675 0.0650436 0.4124 0.00731266
0.234782 0.0576589 9.9973E-05 9.9973E-05 0.707259 9.9973E-05
9.9991E-05 0.021725 0.0168804 0.106988 0.718362 0.135945
0.103682 0.0826771 9.9982E-05 9.9982E-05 0.792567 0.0208735
0.276189 9.9982E-05 9.9982E-05 0.238811 0.435914 0.0488868
0.139915 9.9991E-05 0.0249014 0.0978184 0.666398 0.0708675
0.103514 0.033771 9.9973E-05 9.9973E-05 0.862415 9.9973E-05
9.9982E-05 0.0543989 0.0266113 0.208346 0.710444 9.9982E-05
0.339745 0.019226 9.9991E-05 0.0511083 0.458422 0.131398
0.0406774 9.9973E-05 9.9973E-05 0.871085 0.0879375 9.9973E-05
0.0744764 9.9982E-05 0.0307791 0.874748 0.0197962 9.9982E-05
9.9982E-05 9.9982E-05 0.0105559 0.793386 0.171634 0.0242243
0.236094 0.0587248 0.00908163 0.254583 0.281648 0.159869
9.9982E-05 0.0439809 0.0215123 0.762594 0.171712 9.9982E-05
0.0969634 9.9991E-05 0.0106696 0.716051 0.0432426 0.132974
0.0468455 9.9982E-05 9.9982E-05 0.0626817 0.786226 0.104047
0.788726 0.0063919 9.9982E-05 0.0553614 9.9982E-05 0.149321
0.802006 9.9973E-05 9.9973E-05 9.9973E-05 0.118341 0.079353
0.771491 9.9973E-05 0.0147234 0.213485 9.9973E-05 9.9973E-05
0.739048 0.0310339 9.9982E-05 0.150096 9.9982E-05 0.079622
0.747418 9.9982E-05 0.0188443 9.9982E-05 0.101539 0.131999
9.9991E-05 0.0605207 0.00780822 0.154201 0.536859 0.24051
0.0842419 9.9982E-05 0.0140865 9.9982E-05 0.699949 0.201523
9.9973E-05 0.925371 9.9973E-05 9.9973E-05 0.0116725 0.0626564
0.00116674 0.771091 0.0457808 0.0515095 0.130352 9.9991E-05
0.00358019 0.850162 0.00586691 0.00504096 0.13525 9.9991E-05
0.0629646 0.601999 0.00276023 9.9991E-05 0.0477814 0.284395
9.9982E-05 0.834866 0.0181196 0.136054 0.0107608 9.9982E-05
0.159721 0.768929 0.00283152 0.0186984 0.0264853 0.0233345
9.9982E-05 0.819344 0.00295547 9.9982E-05 0.0714636 0.106037
0.0628831 0.804444 0.00240709 9.9991E-05 0.123222 0.00694436
0.0978942 0.825784 9.9973E-05 0.0760215 9.9973E-05 9.9973E-05
0.0882905 0.782018 0.0237576 9.9991E-05 0.0201252 0.0857084
9.9982E-05 0.773197 0.0339872 0.126529 9.9982E-05 0.0660872
9.9991E-05 0.725974 0.0433085 0.0686909 0.0642387 0.0976878
0.0678291 0.756688 0.0222415 0.00516651 0.147975 9.9991E-05
0.0597196 0.845073 0.0243919 9.9982E-05 0.070616 9.9982E-05
0.0198257 0.778678 0.00304134 9.9991E-05 0.0905658 0.107789
9.9973E-05 0.833883 0.0234558 9.9973E-05 0.142361 9.9973E-05
0.0750054 0.827377 0.0354669 9.9991E-05 0.0228461 0.0392045
0.0459048 0.0806275 0.00874853 0.023176 0.0482161 0.793327
9.9973E-05 9.9973E-05 9.9973E-05 0.130546 0.0071572 0.861997
9.9973E-05 0.77872 9.9973E-05 9.9973E-05 0.0326751 0.188305
9.9982E-05 0.687473 0.0371187 0.0163278 0.258881 9.9982E-05
0.0740948 0.772886 0.00925964 9.9982E-05 9.9982E-05 0.14356
9.9982E-05 0.106707 9.9982E-05 0.128716 0.156029 0.608348
9.9973E-05 9.9973E-05 0.027175 9.9973E-05 0.867391 0.105134
0.206765 9.9982E-05 0.0219577 0.0757297 0.695348 9.9982E-05
0.431003 9.9973E-05 9.9973E-05 9.9973E-05 0.332494 0.236203
0.57604 9.9982E-05 9.9982E-05 0.10717 0.167949 0.148641
0.707379 0.00307469 0.00174651 0.136594 9.9991E-05 0.151106
0.711329 0.0227882 9.9991E-05 0.242067 0.000516966 0.0231988
0.770877 9.9991E-05 0.000407239 0.159329 0.0670932 0.00219364
0.656734 9.9982E-05 0.0157748 0.296693 9.9982E-05 0.0305986
0.62998 0.0301601 0.0337015 0.092122 9.9991E-05 0.213937
0.679514 0.0756433 0.0629948 0.0207934 0.160954 9.9991E-05
0.0967962 9.9982E-05 0.00613162 9.9982E-05 0.768732 0.12814
0.0199754 0.031656 0.0687462 9.9991E-05 0.753601 0.125922
9.9982E-05 9.9982E-05 0.0387775 0.0981658 0.596244 0.266613
9.99641E-05 9.99641E-05 9.99641E-05 9.99641E-05 0.634317 0.365283
9.9982E-05 9.9982E-05 0.0148935 0.178941 0.614466 0.191499
9.9973E-05 9.9973E-05 9.9973E-05 0.107454 0.516811 0.375435
0.142993 9.9991E-05 0.00485525 0.631041 0.137878 0.0831333
0.125674 0.0344605 9.9991E-05 0.802202 0.00380739 0.0337556
0.00306051 0.0125121 0.0228874 0.87848 0.0800248 0.00303552
0.0892422 0.052942 0.000243854 0.740572 0.1169 9.9991E-05
0.0221999 0.0603033 0.0225513 0.861739 0.0331064 9.9991E-05
0.553868 0.0735837 0.111062 0.261287 9.9982E-05 9.9982E-05
0.0201123 0.728094 0.0189687 0.0786405 0.0212618 0.132923
0.0605647 0.750234 0.0392243 0.0634688 9.9991E-05 0.0864085
0.0291902 0.812998 9.9982E-05 0.0831215 9.9982E-05 0.0744908
9.9982E-05 0.685034 9.9982E-05 0.0142415 0.161539 0.138986
0.0732334 0.761875 0.0259497 0.000733691 0.138109 9.9991E-05
0.239421 0.120815 0.0125568 0.410121 0.136519 0.0805674
0.243189 0.0135719 0.0235108 0.357477 0.30496 0.0572915
0.026 9.9982E-05 0.0467854 0.761764 0.165251 9.9982E-05
0.197184 9.9991E-05 0.0656451 0.291386 0.280837 0.164848
