0.110888 0.80422 0.0457348 0.0113407 0.0277168 9.9991E-05
9.999E-05 0.751998 0.0619763 0.0184917 0.107827 0.0596067
9.999E-05 0.631746 0.19254 0.0333852 0.0857455 0.0564837
0.0764953 0.787616 0.01275 0.0175905 0.105448 9.9991E-05
0.090202 0.85008 9.9982E-05 0.0128635 9.9982E-05 0.0466543
0.165525 0.789696 9.9973E-05 9.9973E-05 0.0444797 9.9973E-05
0.111072 0.7145 0.0321585 9.9982E-05 0.14207 9.9982E-05
9.9973E-05 0.70253 9.9973E-05 0.0561116 0.241059 9.9973E-05
0.0462618 0.665728 0.176375 0.0215141 9.9991E-05 0.0900216
9.999E-05 0.469018 0.203547 0.0329713 0.267679 0.0266842
9.999E-05 0.351046 0.0702065 0.0283786 0.440061 0.110208
0.0859998 0.486535 0.219229 0.0110402 0.185526 0.0116703
0.0302476 0.0129563 0.0396119 0.0411598 0.838013 0.0380112
9.9982E-05 0.463089 0.198408 9.9982E-05 0.187539 0.150764
0.0897278 0.66151 0.14108 0.0562856 9.9991E-05 0.0512963
9.9973E-05 0.596293 0.125526 9.9973E-05 0.277881 9.9973E-05
0.135594 0.651815 0.196231 9.9982E-05 0.0161603 9.9982E-05
9.9982E-05 0.839225 0.0882493 0.0387518 9.9982E-05 0.0335735
0.125111 0.079461 0.519555 0.0698428 0.19719 0.00884037
9.9973E-05 0.129157 0.663669 9.9973E-05 0.206874 9.9973E-05
9.999E-05 0.280575 0.641472 0.00951325 0.0280058 0.0403345
0.0748863 9.9973E-05 0.835577 9.9973E-05 0.0892373 9.9973E-05
0.030437 9.9973E-05 0.910883 0.0583796 9.9973E-05 9.9973E-05
0.0358615 0.140213 0.767697 0.0280195 9.9991E-05 0.0281091
0.00665585 0.127928 0.717409 9.9991E-05 0.107907 0.0399997
0.00379026 0.101893 0.875336 0.0187806 9.9982E-05 9.9982E-05
0.00217157 9.9982E-05 0.861221 0.0436151 9.9982E-05 0.0927928
0.110449 9.9982E-05 0.840124 0.0256086 0.0236186 9.9982E-05
0.00223132 0.0207728 0.938091 0.000527339 9.9991E-05 0.0382777
0.104878 0.0817804 0.813041 9.9973E-05 9.9973E-05 9.9973E-05
0.0520587 0.0204094 0.890617 9.9991E-05 0.0152405 0.0215738
9.9982E-05 0.0939121 0.765852 0.0360648 9.9982E-05 0.103971
0.0142711 9.9982E-05 0.811608 0.0520309 0.12189 9.9982E-05
9.9982E-05 0.477058 0.166476 0.0780635 0.278202 9.9982E-05
0.00170379 0.625728 0.256723 9.9982E-05 9.9982E-05 0.115646
0.100587 0.673057 0.146589 9.9991E-05 0.0570377 0.0226288
0.0398654 0.677492 0.0155443 0.050414 0.216584 9.9991E-05
0.0925306 0.45536 0.156545 0.0235936 0.259631 0.0123398
9.996E-05 9.996E-05 9.996E-05 0.9995 9.996E-05 9.996E-05
9.9982E-05 9.9982E-05 0.74009 0.0240492 0.189926 0.0457346
0.163207 0.711807 0.0860969 9.9982E-05 9.9982E-05 0.0386888
0.00847804 0.687884 0.116009 9.9991E-05 0.186955 0.000573124
0.0910608 0.208349 0.241522 9.9991E-05 0.424457 0.0345105
0.121024 0.0835639 0.0874148 0.0550291 0.623085 0.0298841
0.0780416 0.0115736 0.000647155 0.00435046 0.905287 9.9991E-05
9.996E-05 9.996E-05 9.996E-05 0.9995 9.996E-05 9.996E-05
9.9991E-05 0.392522 0.182039 0.0534547 0.297254 0.0746307
0.140623 0.261635 0.118808 9.9991E-05 0.450054 0.0287801
9.9991E-05 0.364194 0.317998 0.0150874 0.104247 0.198374
0.70142 9.9982E-05 9.9982E-05 0.0114927 0.136676 0.15021
0.443179 9.9982E-05 9.9982E-05 0.0358299 0.0637356 0.457055
0.581447 0.0983734 9.9973E-05 9.9973E-05 9.9973E-05 0.31988
0.447541 0.0466758 0.00976852 0.0574454 0.0823708 0.356198
0.267692 0.0250783 0.0134772 0.0370218 9.9991E-05 0.65663
0.472998 0.0201349 0.0357575 9.9982E-05 9.9982E-05 0.47091
0.194326 0.143888 9.9982E-05 9.9982E-05 0.0782577 0.583328
0.798461 0.038581 0.0116318 0.00165466 9.9991E-05 0.149572
0.98366 9.9964E-05 9.9964E-05 0.0159403 9.9964E-05 9.9964E-05
0.344955 0.0654505 9.9991E-05 0.0379887 0.00690985 0.544597
0.53994 0.189779 9.9991E-05 0.00689101 0.0660122 0.197277
0.9995 9.996E-05 9.996E-05 9.996E-05 9.996E-05 9.996E-05
0.47819 0.0407078 0.0475909 0.0202052 0.119621 0.293685
0.200755 0.0201805 9.9991E-05 0.05552 0.48907 0.234375
9.9982E-05 0.066779 0.822745 0.0204251 9.9982E-05 0.0898505
9.9991E-05 0.0801838 0.778795 0.0170537 0.0872038 0.0366642
0.0458711 0.161591 0.792238 9.9973E-05 9.9973E-05 9.9973E-05
0.169816 0.0289201 0.0415185 0.021104 0.159934 0.578707
0.131869 0.0290292 9.9991E-05 0.0825045 0.255734 0.500764
0.0913129 9.9991E-05 0.0709162 0.0161144 0.136408 0.685149
0.201826 9.9982E-05 9.9982E-05 0.0369539 0.262788 0.498232
9.9982E-05 0.0181514 0.0202058 0.0512277 9.9982E-05 0.910215
0.0963143 0.215116 9.9982E-05 9.9982E-05 0.569628 0.118742
0.125853 0.082673 0.0452339 9.9991E-05 0.741144 0.00499532
0.159176 0.0338796 9.9982E-05 0.00491864 0.801825 9.9982E-05
0.0155287 9.9973E-05 9.9973E-05 0.0298151 0.954356 9.9973E-05
9.9982E-05 9.9982E-05 0.0824743 0.0188684 0.872614 0.025843
0.0396133 9.9973E-05 9.9973E-05 0.0137368 0.94635 9.9973E-05
9.9991E-05 0.0429205 0.126957 0.045869 0.728214 0.0559398
0.198376 0.0138583 9.9982E-05 9.9982E-05 0.288335 0.499231
0.150066 0.0345696 9.9991E-05 0.107636 0.325207 0.382421
0.505861 9.9991E-05 0.0290745 0.0270647 0.0990475 0.338852
0.533012 9.9982E-05 0.0949075 0.0420864 9.9982E-05 0.329794
0.0983918 0.16903 9.9982E-05 0.0323042 9.9982E-05 0.700074
9.9991E-05 0.079102 0.669937 0.0278377 0.161823 0.0611999
0.0868062 0.00783803 0.127343 9.9991E-05 0.539966 0.237946
9.9964E-05 9.9964E-05 9.9964E-05 9.9964E-05 0.829918 0.169683
9.996E-05 9.996E-05 9.996E-05 0.9995 9.996E-05 9.996E-05
0.056025 0.621719 0.200788 9.9982E-05 0.121268 9.9982E-05
0.0513466 0.747336 0.148147 0.0264154 0.0266551 9.9991E-05
0.0594886 0.523586 0.160112 0.034182 0.222531 9.9991E-05
9.9991E-05 0.285137 0.285582 0.0336786 0.265078 0.130425
9.9982E-05 0.734749 0.0660432 9.9982E-05 0.106104 0.0929031
0.229846 9.9973E-05 0.0344643 9.9973E-05 0.73539 9.9973E-05
0.0451584 0.109742 0.580339 0.0302671 0.226565 0.00792891
9.9973E-05 9.9973E-05 9.9973E-05 0.0828212 0.734886 0.181992
9.9991E-05 0.250834 0.277754 0.0306725 0.337993 0.102647
0.0223503 0.649953 0.183898 0.00123701 0.142462 9.9991E-05
9.9973E-05 0.637552 0.0928838 9.9973E-05 0.269264 9.9973E-05
9.9973E-05 0.507698 0.185308 9.9973E-05 0.306694 9.9973E-05
0.0084441 0.550512 0.0197473 0.0099029 0.349303 0.0620904
9.9991E-05 0.577457 0.0234828 0.00427029 0.390119 0.00457104
9.9982E-05 0.668558 0.0741673 0.00593577 0.251139 9.9982E-05
0.0863454 9.9991E-05 0.0676348 0.0244142 0.662801 0.158704
0.0323855 0.09302 0.0649885 0.068298 0.55691 0.184398
9.9973E-05 9.9973E-05 9.9973E-05 0.0718772 0.682776 0.245047
9.9991E-05 0.145039 0.232021 0.0105216 0.611506 0.000812812
0.00671385 0.27389 0.111494 9.9991E-05 0.480261 0.127542
9.9973E-05 0.415625 0.437881 9.9973E-05 9.9973E-05 0.146194
0.183692 0.151993 9.9982E-05 0.0184161 9.9982E-05 0.645698
0.119095 9.9991E-05 0.00267335 0.0263538 0.203665 0.648113
0.242012 0.0299013 0.173734 9.9991E-05 0.523666 0.0305857
0.297668 0.147714 0.112942 0.0091501 0.432425 9.9991E-05
0.268401 0.114428 0.222622 0.0436897 0.350759 9.9991E-05
0.000143845 9.9973E-05 0.707101 9.9973E-05 0.292455 9.9973E-05
9.9982E-05 9.9982E-05 0.0547558 0.0351832 0.224533 0.685328
0.382221 0.0268386 0.0100347 9.9991E-05 0.212096 0.36871
0.18291 0.08841 9.9982E-05 9.9982E-05 0.380111 0.348369
0.0392884 0.31477 0.497522 0.0504762 0.0556848 0.0422587
9.9973E-05 0.666099 0.237165 9.9973E-05 9.9973E-05 0.096436
9.9991E-05 0.701163 0.0042685 0.030462 0.18038 0.0836269
0.0614962 0.759038 0.0557511 9.9982E-05 9.9982E-05 0.123515
0.0370934 0.554361 0.370928 9.9991E-05 0.0146683 0.0228486
0.0264084 0.680294 0.197517 9.9991E-05 0.0459895 0.0496912
0.00828231 0.778928 0.144763 9.9991E-05 0.0148445 0.0530822
0.107343 0.875391 9.9982E-05 0.00667926 9.9982E-05 0.0103865
9.9982E-05 0.462568 0.384627 9.9982E-05 0.0297957 0.122809
9.9991E-05 0.685014 0.136753 0.000669247 0.0788869 0.0985776
0.0419207 0.627575 0.171235 0.0199129 0.139256 9.9991E-05
0.0674518 0.743229 0.0782824 0.00476444 0.106173 9.9991E-05
0.153564 0.457631 0.254973 9.9982E-05 0.133631 9.9982E-05
9.9991E-05 0.724822 0.0372243 0.0437629 0.102901 0.0911905
0.0394575 0.341556 0.29118 0.0146333 0.313074 9.9991E-05
0.0180052 0.741253 0.0926356 9.9991E-05 0.114393 0.0336139
0.00524844 9.9973E-05 0.812216 9.9973E-05 0.182235 9.9973E-05
9.9973E-05 0.121885 0.8584 9.9973E-05 0.0194147 9.9973E-05
9.9973E-05 0.0748971 0.886364 0.0384385 9.9973E-05 9.9973E-05
0.0520676 0.0851969 0.817413 0.0148158 9.9991E-05 0.0304067
0.0478559 0.049166 0.728446 0.0226728 0.121806 0.0300531
0.0283921 0.672656 9.9991E-05 0.0245079 0.182072 0.0922722
9.9991E-05 0.596787 0.131418 0.0368489 0.217396 0.0174493
0.701572 9.9964E-05 9.9964E-05 9.9964E-05 9.9964E-05 0.298028
9.9982E-05 9.9982E-05 0.0424383 0.0263342 0.0585753 0.872452
0.138222 0.0386192 0.00581069 0.00753346 9.9991E-05 0.809714
9.9973E-05 9.9973E-05 0.0136 9.9973E-05 0.28902 0.69708
0.194551 0.0222518 9.9982E-05 0.0335744 9.9982E-05 0.749423
0.126783 9.9982E-05 0.154148 9.9982E-05 0.00327051 0.715598
0.0243341 9.9982E-05 9.9982E-05 0.0155452 0.0795804 0.88034
0.62387 9.9982E-05 9.9982E-05 0.00140598 0.0187233 0.355801
0.222278 9.9982E-05 0.0790913 9.9982E-05 0.0106433 0.687787
0.252499 9.9982E-05 0.0640982 9.9982E-05 0.0313288 0.651874
9.9973E-05 9.9973E-05 9.9973E-05 0.0327001 0.124919 0.842081
0.0264218 9.9991E-05 0.0175265 0.0392738 0.151371 0.765307
0.21027 0.0742103 0.041372 0.018054 9.9991E-05 0.655993
0.226875 9.9982E-05 0.044753 0.00586705 9.9982E-05 0.722305
0.259737 9.9982E-05 0.00921693 9.9982E-05 0.096991 0.633856
9.9973E-05 0.0138381 9.9973E-05 0.0314938 9.9973E-05 0.954368
0.0429999 9.9991E-05 0.039522 0.0150843 0.0273492 0.874945
9.9982E-05 0.0249164 0.0590344 9.9982E-05 0.729852 0.185997
9.9973E-05 0.0493431 0.00519587 9.9973E-05 0.945161 9.9973E-05
0.153492 9.9973E-05 9.9973E-05 9.9973E-05 0.0896078 0.7566
0.368463 0.213147 9.9973E-05 9.9973E-05 9.9973E-05 0.41809
0.9995 9.996E-05 9.996E-05 9.996E-05 9.996E-05 9.996E-05
0.246436 0.163932 9.9973E-05 9.9973E-05 0.589332 9.9973E-05
9.9973E-05 0.837876 9.9973E-05 9.9973E-05 0.0693762 0.0924478
9.9982E-05 0.716016 0.210819 0.0403225 9.9982E-05 0.032642
0.128967 0.32233 0.396942 9.9982E-05 0.15156 9.9982E-05
9.9973E-05 0.174611 0.647584 9.9973E-05 0.177506 9.9973E-05
0.00197304 9.9982E-05 0.806494 0.00342511 0.187908 9.9982E-05
0.156255 0.0448142 0.787932 9.9982E-05 0.0107986 9.9982E-05
9.9991E-05 0.139279 0.771121 0.00670133 0.0698272 0.0129715
0.0683919 0.0810359 0.760565 0.0183972 0.0715102 9.9991E-05
0.0508731 9.9991E-05 0.700009 0.0419376 0.159328 0.0477526
0.0758481 0.0544164 0.779843 0.051948 9.9991E-05 0.0378449
0.00577403 0.714151 0.139872 0.00171817 0.0870223 0.0514626
0.159814 0.758373 9.9982E-05 0.051777 0.0298359 9.9982E-05
0.120297 0.710675 9.9982E-05 0.0241103 0.144718 9.9982E-05
9.99731E-05 0.666329 9.99731E-05 9.99731E-05 0.276812 0.0565592
0.0731239 0.740351 9.9982E-05 0.0279231 0.158402 9.9982E-05
9.9973E-05 0.56506 0.00160854 9.9973E-05 0.433031 9.9973E-05
0.03437 0.577081 0.174807 0.0242619 0.18938 9.9991E-05
0.198678 0.53484 0.129748 9.9982E-05 0.136534 9.9982E-05
9.9991E-05 0.632789 0.0379276 0.0432865 0.245408 0.0404887
0.0134672 0.541417 0.138104 0.00109265 0.253356 0.0525637
0.0104932 0.65037 0.0999457 0.0342653 0.143136 0.0617896
0.00710282 0.0975961 0.675114 0.120704 9.9991E-05 0.0993833
0.610917 0.00949194 9.9991E-05 0.0286323 0.158052 0.192807
0.323827 9.9991E-05 0.0553548 0.0489941 0.0421346 0.529589
9.9964E-05 9.9964E-05 9.9964E-05 9.9964E-05 0.101019 0.898581
0.169436 0.110236 9.9982E-05 9.9982E-05 0.0953224 0.624806
0.115947 0.0736869 0.042431 0.0144761 9.9991E-05 0.753359
0.0767513 0.328644 0.265511 0.0384635 0.19762 0.0930112
0.0727219 0.531786 0.243525 0.0270204 0.124846 9.9991E-05
0.0472751 0.694491 0.192462 0.0635763 9.9991E-05 0.00209539
9.9982E-05 0.430367 0.200736 0.0547843 0.313913 9.9982E-05
