IBR/IBR_outputs/all.combrep_1/FireFreq_2000_2008_Total.Spinifex_Total/FireFreq_2000_2008_Total.Spinifex_Total.asc
NCOLS 160 
NROWS 95 
XLLCORNER 210004.651214014 
YLLCORNER 7350008.22228844 
CELLSIZE 4999.99999999997 
NODATA_value -9999 
[rows 42 to 62 of 95, columns 0 to 45 of 160]
-9999 -9999 -9999 -9999 -9999 -9999 -9999 -9999 -9999 -9999 -9999 -9999 -9999 -9999 -9999 -9999 -9999 -9999 -9999 -9999 -9999 4.55921702780753 3.02727409352885 3.98556872990714 4.58041874704585 4.10132877605086 3.75294299936777 2.31799569809936 2.42207070719753 2.57559057584748 2.68820881631808 3.49674019874523 4.58228228221526 3.09872259120212 2.4280709502683 1.85354740067351 1.582688887987 1.72848670036933 1.58091717346055 1.76706004218851 1.91465217974641 2.07878939660311 1.69137267649423 2.15036156281451 2.14532803810437 2.1578055437564
-9999 -9999 -9999 -9999 -9999 -9999 -9999 -9999 -9999 -9999 -9999 -9999 -9999 -9999 -9999 -9999 -9999 -9999 4.49109496660698 4.65292222245784 4.66287747524135 4.66511824575331 4.08892553901865 4.16907697292232 3.65575664761584 2.36109304035492 2.55107294765062 2.19838926092765 2.5291282857922 2.44060048433775 2.15417332960996 3.22715584998489 4.32492813848266 2.68646624817618 2.01718777517362 2.52372214797674 2.02705741119925 1.89153986517962 1.77682580920468 1.97784624370126 2.09399646482178 2.16120767298519 1.87244226111936 2.02627214120114 2.04745809957483 2.01045414819992
-9999 -9999 -9999 -9999 -9999 -9999 -9999 -9999 -9999 -9999 -9999 -9999 -9999 -9999 -9999 4.42984288555134 4.64409872101149 4.45857515699915 4.63657508505465 4.66505213437055 4.66511824575331 4.55637253157418 2.62283321352922 2.76374850372668 2.81883858885375 2.51352619046587 2.21505844419826 1.97450585289264 1.83770396810856 3.30080099602423 2.20305184206784 2.76307187378008 4.49265970234301 2.30510952119682 2.04266510489387 2.98517397038355 3.27680612564522 4.37810088200053 2.26263165345763 2.03032652289154 1.80905838882308 2.08120842659988 1.75821080417234 2.1670394915639 2.46541029882815 2.70756848997682
-9999 -9999 -9999 -9999 -9999 -9999 -9999 -9999 -9999 -9999 -9999 -9999 -9999 3.42577284651589 3.99246729130871 4.25582949249543 4.13481872602036 4.56440778818971 4.45723724739347 4.65203897479796 4.63785243249085 3.68004826120579 2.39838356546368 2.83690980732718 2.66952856608142 2.38546936888006 2.09024659743068 1.99585722475292 1.98264168263721 2.06579265278117 2.2295299799442 2.1392931555466 2.06588885946247 2.02451004248805 2.01810367742998 1.89698046823004 3.0066303191622 2.92935496079407 2.2965930495833 3.16447937379909 2.46029170500598 3.15752813197804 1.97458275398446 2.05657742380549 1.94368965920731 2.0505880038184
-9999 -9999 -9999 -9999 -9999 -9999 -9999 -9999 -9999 -9999 -9999 -9999 3.72351816922667 4.20416143251608 4.61990642937044 4.59130172311614 4.53475169276868 2.29162520232796 2.24765999524986 2.89074536817005 2.54113143226368 2.6110243956489 4.52225469814803 4.63099588406204 3.03232893337629 2.45531730294133 2.8637451351887 2.62813147957386 2.43829484821396 1.8966667440446 2.18183028418781 1.84870622948214 1.68727322408861 1.85446811446461 2.06211774250053 1.89475588205085 3.2186710180402 3.82737579306867 3.73540499802938 2.64687235317014 2.41544225709304 2.64014669436562 2.37061813831859 2.04460899427713 1.89664994469361 2.00551384580576
-9999 -9999 -9999 -9999 -9999 -9999 -9999 -9999 -9999 -9999 4.37439128380942 4.54317411579719 4.42806758604385 4.66511824575331 4.62589103621218 4.52948894571086 4.65125450485123 2.82531186591294 2.08796722736026 2.02418559482291 2.10998583194824 2.39611463620062 4.11798082213848 4.66511824575331 4.25073977525825 2.64838077574596 3.58398898582763 4.24712243568845 2.79475412970898 1.88836947761104 1.92103177903842 1.88398272671439 1.69000951269794 1.83779721650635 1.85210270001019 1.74752645281884 2.01792926516081 4.04180753820798 3.93644942315012 2.02850366885704 2.30466781589202 2.22290268594324 2.47449429270909 2.91905995246062 2.41537106760566 2.21584575031302
-9999 -9999 -9999 -9999 -9999 -9999 -9999 -9999 -9999 2.97761115653976 4.66098355765181 4.66511824575331 4.66511824575331 4.66511824575331 4.6464145319835 4.60919830354474 4.66511824575331 4.28267382925374 2.14843228514977 1.94418420652567 1.908399380816 2.27538600529756 3.50976822034255 4.66511824575331 4.66511824575331 4.07137639874771 3.01739492428433 4.36765012261565 4.09645753072053 2.13593169170995 1.92603686226345 1.77252812927453 1.78396218115007 1.90572400502642 2.05664299986587 1.84264563237508 1.80438540427583 2.43584117511335 3.48685882004194 2.02593863743463 2.23436859713865 2.39327603281123 2.34784718651003 2.57648359106617 2.1707250229139 2.3855942376524
-9999 -9999 -9999 -9999 -9999 -9999 -9999 -9999 -9999 3.77751484172063 4.66511824575331 4.66511824575331 4.66511824575331 4.66511824575331 4.66511824575331 4.66511824575331 4.66511824575331 4.66511824575331 2.88280696106951 1.92424998663663 2.08221054322927 2.29257749999629 2.8472123106101 4.52475975096533 4.66511824575331 4.66508402540745 3.63249759121837 2.89464394375877 4.38250923210475 2.16727041217513 1.67029326332226 1.68009622336291 1.77460263037125 1.91157731829619 2.15108740216866 2.04000578891783 1.80722293620399 1.70513102885945 3.233801211283 2.4532779588703 2.73840936544426 2.74927018015009 2.01758074671803 2.32237027627549 2.05612762874755 2.53468240619074
-9999 -9999 -9999 -9999 -9999 -9999 -9999 -9999 4.66511824575331 4.63971355653879 4.66511824575331 4.66511824575331 4.66366579054691 4.66511824575331 4.66511824575331 4.66511824575331 4.66511824575331 4.66511824575331 4.39287201907069 2.69148793200036 2.58300606838996 3.08640685738482 3.0590628904311 3.95216833632405 4.65598342580818 4.65125450485123 4.40723027771509 2.33146429225833 1.88382607229657 2.28087436373112 1.9958703589495 1.89729873123455 1.8539603557802 1.90623705543677 2.04359777903621 2.36901294980445 1.89576410853482 1.85717116324974 1.89101924702213 2.50126124627912 2.19528792827426 2.30787856019327 2.28868677110423 1.99445492044116 1.97284235343131 2.22171867941049
-9999 -9999 -9999 -9999 -9999 -9999 -9999 -9999 4.66511824575331 4.66511824575331 4.6266818711323 4.21030374331113 3.32987462755167 4.30169957323119 4.66511824575331 4.66511824575331 4.66511824575331 4.66511824575331 4.66511824575331 4.66413825731071 3.90106971232681 2.74445335109031 2.58742361886898 2.54931129371823 4.51390921391478 4.52948894571086 4.48914056768966 3.80798529563386 1.84964614929269 1.85426725776454 1.81730739038344 1.98223768727143 1.76907432692984 1.81038673317823 1.89063890441276 2.59969450520747 1.90632608117925 1.9327623806304 2.10151134904775 2.63604768798282 2.30675479990928 2.0119916028652 2.44132184229071 2.34783602211871 2.06216924006132 2.07556276665665
-9999 -9999 -9999 -9999 -9999 -9999 -9999 4.66511824575331 4.66511824575331 4.0408182203271 3.903619552597 2.15087789972431 2.35885949168024 2.38884875874958 2.89293081294077 4.32535101257729 4.66511824575331 4.66511824575331 4.66511824575331 4.66511824575331 3.70399997473748 2.34700459607014 2.39233249944317 2.33023922251973 4.48724876070102 4.56541600926893 4.49758914273089 4.37493521146284 2.12263003432597 2.0221696965246 1.943891064401 2.07262696763093 2.41563180922619 2.09601699434391 1.80917554047358 1.77496456581476 2.39157641328553 1.84007862210608 2.2560428106849 2.50556679608984 2.32016839491699 2.15372801536689 2.02014676789365 2.18544057107926 2.08814244012542 1.86898455800846
-9999 -9999 -9999 -9999 -9999 -9999 4.66511824575331 4.64112968857632 4.66511824575331 3.64571122349425 2.71398923944827 2.20110606992096 2.49097978822089 2.41128264835923 2.31117141530819 3.41711613257223 4.66511824575331 4.66511824575331 4.66511824575331 4.66060384291136 3.44425728951296 1.79967892684781 2.33432512687293 2.48385166564117 4.20900880335171 4.52948894571086 4.52948894571086 3.47061113065705 2.11041834363303 2.00392302330402 1.92833569139332 1.88866611757392 2.08130294842313 2.27401868179008 1.92790226629483 1.92599558103603 2.05444025133554 2.0172855959554 1.97796787030258 2.39843583446323 1.94950318786293 2.45834968590642 2.31294616989141 2.29645656134221 2.07763329367767 1.91094611586338
-9999 -9999 -9999 -9999 -9999 -9999 4.66487757311215 4.38347640031559 4.63651034550877 4.12030967300387 2.02975006332374 2.09423759004842 2.63247241895797 3.34287244547719 3.34168316440842 3.93640739176619 4.64146089837705 4.66511824575331 4.66511824575331 4.66511824575331 2.76115075804106 1.77056997542322 2.53026856856212 3.1321498911733 4.41557369949005 4.56541600926893 4.55154348100618 3.70663648733214 1.8278281687938 2.04521677513287 2.18850245744266 1.88620876167585 1.82828728573414 1.64711887732715 1.89386041364075 2.06581397806063 2.06611336656837 1.98718554473815 2.53150860033698 2.3343136612547 2.56092340051818 1.97967331718164 1.89173247382615 1.77788391655174 1.8320192266134 1.84616378513035
-9999 -9999 -9999 -9999 -9999 4.5650432824348 4.62860149652821 4.34039116290619 3.65755540871888 2.72009869241994 1.94238483681511 2.0904033265489 3.80556929019011 4.66511824575331 4.66511824575331 4.62589103621218 4.57865924757036 4.66511824575331 4.66511824575331 4.66511824575331 3.61969411274399 2.46544432668739 2.37345440525087 4.03508545703136 4.56541600926893 4.62045543567099 4.57211447574218 3.29920954236945 1.81671011894382 2.15965487839315 2.41302825922812 2.03878329429767 1.88156697875456 2.21259327678301 2.01215499343192 2.15500016799489 2.07977516481199 2.62213872460692 2.58850803247806 2.35602076281089 2.0293474082624 2.09584623227619 1.99652073087251 2.24406698342357 1.92150044755136 1.70544102532392
-9999 -9999 -9999 -9999 -9999 4.66511824575331 4.61696807609762 4.37238378631554 3.13267668425156 2.00558341486031 2.00310380254631 2.11517710040298 2.59850002097971 4.41128463499852 4.66511824575331 4.6464145319835 4.54436194484554 4.66060384291136 4.66511824575331 4.66511824575331 4.63639093769506 4.51924677411521 4.59191054679648 4.56541600926893 4.51390921391478 4.51390921391478 4.57131845992273 2.52201692930687 2.14433818737331 2.1848891232532 2.23374048169655 2.57928940935344 2.62974654414099 2.74798130823568 1.89763212985833 1.94890604743251 2.30814384679828 2.68499267639102 2.41264917808655 2.68861601913581 2.38039022947398 2.54130071855936 1.89471797785212 1.59871682804471 1.60133536883538 1.88920358877211
-9999 -9999 -9999 -9999 -9999 4.66511824575331 4.24790983235903 4.23201816374291 1.96309986163689 1.96778422287014 2.08575418872244 2.06941066933875 2.38138619742469 3.55373131590254 4.66511824575331 4.66511824575331 4.6464145319835 4.66511824575331 4.66511824575331 4.66511824575331 4.65598342580818 4.57211447574218 4.53701174971037 4.57865924757036 4.53701174971037 4.52948894571086 3.36854695343117 2.02643682227851 1.92986875996372 2.15956480592837 2.03108705994399 2.12835773438211 2.40792377656285 2.41304755199925 1.90699542681767 1.98295695666254 2.04291456737154 2.29325131283652 2.10667147006884 1.95884234094488 2.00205175382047 2.09951188042428 1.83966616156406 1.95135563374626 1.91043033555999 2.01754555966252
-9999 -9999 -9999 -9999 -9999 4.66511824575331 4.44636463630995 2.05085056765723 1.96898892700573 2.09502165832118 1.96438025063249 2.23791518429004 2.43540782464591 3.55260795651455 4.66511824575331 4.66511824575331 4.66511824575331 4.66511824575331 4.66511824575331 4.66511824575331 4.66511824575331 4.64146089837705 3.97411061126005 3.02204532215415 2.03304087285262 2.31215733475433 1.77334490649146 1.79987577709629 1.92011648916426 2.09193596381399 2.07717291746252 2.20527221135501 2.28447145851195 2.15430890341552 1.94813526112855 2.05177663642276 1.95298751738705 1.98137327698729 1.84194883723528 2.09480767890719 2.22734580574568 1.97957207330908 2.02059037563572 1.66551558794011 1.81015558805144 2.19182438085545
-9999 -9999 -9999 -9999 -9999 4.66511824575331 4.21685170693296 1.82215697675457 2.24794802460471 2.90672572231118 3.94642034106225 4.44569099421136 4.48148049551033 4.64317309862919 4.66511824575331 4.59130172311614 4.59130172311614 4.60919830354474 4.66511824575331 4.66511824575331 4.66511824575331 4.49497738455984 2.32245169032522 1.98725526330356 1.78963253586533 1.69591964309039 2.47078329488332 1.97001438355211 1.89164005039353 2.04860847936287 2.02556986588989 2.1693499689271 2.34989935764174 2.06403580439818 1.77875169701735 1.97692953767228 2.02912058055012 2.05666587082077 1.98226751139417 1.68611675235186 2.01908660175209 2.81069556534492 2.07694529152666 1.99916053888995 1.96764970954288 1.82911995939846
-9999 -9999 -9999 -9999 -9999 4.65831830845212 3.80626432668237 1.84641787178623 3.82056531952571 4.6445501041846 4.66511824575331 4.66511824575331 4.66511824575331 4.66511824575331 4.66511824575331 4.6464145319835 4.63639093769506 4.64146089837705 4.66511824575331 4.66511824575331 4.66511824575331 3.96147145338858 2.35793657534198 2.08057204193473 2.05577657845302 3.29296496460778 2.04610835793164 2.1997487558468 2.08654983679107 2.27795142769411 2.19412342027125 2.42820610714584 2.25597020415433 2.01047331392461 1.80602787007 1.79132260903114 2.286842982572 2.0329943478989 1.89506717289515 2.57580305015266 2.91680199107718 2.57147293944033 2.48312361925634 2.34172473883607 1.9924035937986 1.76420204348856
-9999 -9999 -9999 -9999 -9999 3.93552174916353 2.18950161778046 2.47332102072473 3.58219400231093 4.11381308647117 4.62024851450437 4.66060384291136 4.66511824575331 4.66511824575331 4.66511824575331 4.65125450485123 4.66511824575331 4.66511824575331 4.66511824575331 4.66511824575331 4.66511824575331 4.65031801286525 2.65082167737485 2.17823140464045 2.72387626438371 2.83197838993301 2.00513392973945 2.4545878443396 2.11612524770659 2.34736925818553 2.47195431546513 2.15124944180035 1.72421445537286 1.80825968447097 1.72440601254084 1.93389886002846 2.69790945963244 2.72125790198094 2.58832200091047 3.32061401528967 3.05881916261484 2.65911076900613 2.49457022664832 2.68146153846887 1.98210043789325 1.93782416125303
-9999 -9999 -9999 -9999 -9999 3.69413606208943 2.32368880805138 2.84356020079108 3.15627884716212 3.24006589297172 3.63028094636007 4.36929528155703 4.64915456592017 4.66511824575331 4.66511824575331 4.66511824575331 4.66511824575331 4.66511824575331 4.66511824575331 4.66511824575331 4.66511824575331 4.65409421260882 3.83481499936633 2.34525276284349 3.78089642404156 3.29541363591277 3.79625263236211 2.98742759947431 1.79369226973998 2.27782125344614 2.39153318752455 1.99179479152562 1.83620951737345 1.71673457237132 1.6468277511553 2.23747324252081 2.7803837987269 2.89186718583295 2.67178716220816 2.64773453333158 2.63599624517455 2.68039877855944 2.56355368635185 2.61150661103284 2.35864021252764 2.06520668850874
