IBR/IBR_outputs/all.combrep_1/FireFreq_2000_2008_Total.Spinifex_Total/FireFreq_2000_2008_Total.Spinifex_Total.asc
NCOLS 160 
NROWS 95 
XLLCORNER 210004.651214014 
YLLCORNER 7350008.22228844 
CELLSIZE 4999.99999999997 
NODATA_value -9999 
[rows 63 to 83 of 95, columns 46 to 91 of 160]
2.33191741379772 1.91435396248822 1.92359647450015 2.54724964758393 2.70198016298558 3.30690245607534 2.44584681485814 2.77056413093577 2.0992299965395 2.26552966109221 2.19137329839258 2.52313040438999 2.56559746256734 2.66959372116497 3.25452758860473 2.88767865873197 4.02443014826086 4.5210655648035 4.30928010238679 3.51793653373058 2.61261269143706 2.96758612544476 2.3911314573594 1.69391990470879 2.06029721666126 2.40273814340665 2.71352250272362 3.30241290766489 1.92304066443683 2.06684672279252 2.66407865899763 2.82933527028335 3.47785922714476 2.36022194837433 2.43443070427891 1.64576579105066 1.5838549589103 1.94126355705532 1.60220265052509 2.24339890434567 2.08541661467451 2.75530065333002 3.69746756246582 3.27127901607913 3.4910999863257 2.29067206271446
2.45786904620297 2.29160014343858 2.0185275032166 1.85988576844083 2.21313029299089 2.36172410949679 2.34405619650856 2.23911796803157 1.73620948042195 2.45572939822021 2.92931561421195 4.1651331836589 3.51424383576378 3.25567267887191 3.18575122428919 3.586883310502 3.11492852350774 2.62671897250994 2.1896325122783 2.67290371245117 3.18587502818886 3.5591239660093 2.73620297328845 1.90407405694607 1.93185993563255 1.79633836882075 1.55143587092128 3.24035209414138 2.54714422414576 1.95277446124701 2.27254856365989 3.11147445835491 3.85309434780657 4.40553196070846 4.10815172539933 2.76754210982103 3.39126787471512 2.6732872140558 1.82163854489985 1.70092092335351 3.05846668046599 2.8971534872039 2.59334555807672 2.66832971232457 2.96689917066876 1.84862283291598
2.55665502545399 2.34336859593529 2.76308744673028 2.60580708901467 2.21776844491938 2.03151625843424 2.18118645498713 2.13584323949179 1.85277217321927 2.31599802276829 2.1876934066105 2.34917851433423 2.07159188403572 2.30764081722188 2.35958940123584 2.75831503314516 2.7514964523677 2.83987893789377 3.04717157860619 2.9511336062892 3.17674103245767 2.98813614421317 2.9048805352329 2.26633983518531 2.36652890231998 1.92549073052815 1.87948669263762 1.92969477379672 2.82003363352842 1.77990423369595 1.6780167678661 2.17012313579813 3.36958651807511 3.12684216314729 3.95277619593855 3.80449771841975 4.5365966766401 2.98093904026387 2.39079749365539 2.4160160201586 2.63832313380626 3.11814254728981 2.86147260779162 3.20643808542156 3.01549119332894 1.93757166895222
2.42715592207523 2.3555923693753 2.00347433663838 2.88985189729875 2.80940188080544 2.60549606623409 2.4435348341802 2.42522531080437 2.29958939492144 2.04562364802535 1.82748426201944 2.12380264193637 2.08592574435348 2.82075954569627 2.15966076875265 1.91766876471434 2.01284208453988 2.30529335215357 2.00260323717439 2.45879059111267 3.04043902005146 2.62809092789059 2.56691178077179 2.3505782511506 2.39405211882795 1.81159439425875 2.13844307504386 2.28344526444944 2.12172739701239 2.01404520704073 1.72402200382669 1.77445961407266 2.26463705084994 2.15232146676387 2.1702044387846 2.09168533313464 2.9307042527001 2.67690849051147 1.74404723103082 3.1466095650153 3.88780935986569 3.27719725707392 2.32673105389233 2.05760224023971 1.76219540977278 1.84011647601689
2.74494091374991 2.46763234090981 1.84626855427889 2.89332968882402 2.82189511873855 2.67175675524741 2.60004690665126 2.56913210937515 2.43953461467957 2.33360161971777 2.10296527951422 2.17217245544208 2.81658013877449 2.46077420740955 1.92842096191086 2.04943696268171 1.96375872577722 2.32259334021908 2.4041751527601 2.30192700363002 2.6225033681937 2.53328317666537 3.1873370569123 2.82844888447562 2.0018054950585 1.66616490821638 1.53098349584154 1.81117998727785 2.21846415813768 2.18432993398332 1.8408694034809 1.88661274022294 1.83456989943645 1.47228879995451 1.38939549962623 1.82505277770218 2.58202375308701 2.69564905571903 2.22275166271514 1.87605363157056 2.87638038196622 1.91941415627968 1.71717310571873 1.71199302869178 1.61560797898536 1.60881925232436
3.15495976024362 2.55798584280334 2.21712466846089 2.49035086927343 2.61821829287094 2.53334955152449 3.32056601425041 2.80656843649505 2.13624424697775 2.7192867482741 2.75513123688825 2.40557233694694 2.55087510338172 2.23488801547783 2.01475538230132 2.05903524019733 2.35380375286468 3.0290385249118 2.49285226486986 2.04728971176097 2.81429501153714 2.36409195186507 2.70990381627837 2.3600236803618 1.89590446861465 1.96703327929303 1.72788130149883 1.90621916689112 1.8878514429034 2.60555228850365 2.32806218302005 2.3012871871427 1.97374381168959 2.11637344521968 1.65440904266113 2.00335035664176 2.24063747121313 2.27602052163956 2.31343653940038 2.20250804573888 3.04283197410859 1.88756682484503 1.52287061605934 1.41876911135678 1.68614809175207 2.17616357555442
4.1142234317685 3.24541870592139 2.83263486054201 2.4140865559333 2.76749211506281 3.50298957624341 2.5226484368092 2.40117202340004 2.88890269640248 3.17429013388412 3.26222240606871 2.8331863060766 2.81569068315733 2.69058125919108 2.23319756625602 2.11348734038902 2.96795812799044 2.02589244705879 2.17705732328448 2.53555690285328 2.76071148896894 3.49490209582388 2.50634705032237 2.31662066120453 2.42591751258272 2.53594379166501 1.68365603709578 2.72348392229219 2.62635364978982 1.88409430651896 1.59466921038135 1.99655720840611 2.65656148915614 2.57445011408263 2.23905693671879 2.1944194903588 1.86457333492724 2.00209379000842 2.16857126512639 2.79716339113403 3.05952008321025 3.10758923377055 2.1383209289583 1.56538710827919 1.62556179376249 2.58189959605192
4.66511824575331 4.50424073521029 4.31405864334479 4.5149519903586 3.84036012035071 4.66511824575331 4.647725795948 3.43184147744653 2.29474001634313 3.02954261555826 3.7395131336472 3.5772700180258 3.62486065385302 3.40060426801602 2.98563468650391 2.51933179592195 2.64396520318233 2.08206735274577 2.36531569541816 2.3933794685252 2.57927490966568 3.15385653119921 2.54691019135345 3.36768024900978 2.33523602685209 2.86760229088788 1.76460433731728 1.88321739837743 2.33673708048942 1.81307616190805 1.92740519586023 2.03380984206085 2.05581737936658 2.32665795392347 2.19511049228831 2.05516946752196 2.0603160398155 1.94041249638005 2.0914799945661 2.12448906712573 2.0206675083004 3.37550745343815 3.36663635853989 2.43452103476534 2.77947107247266 3.36558783121302
4.66511824575331 4.66511824575331 4.66511824575331 4.66511824575331 4.66511824575331 4.66511824575331 4.66511824575331 4.66511824575331 4.2729986024735 3.52846339548431 2.60768642605848 2.83269144357476 2.92597615135174 3.76258775475809 4.03404125319969 3.09831553231458 2.87623232013444 2.71554999309333 2.40864680786364 3.04909928942008 3.51386085054577 2.78692790941822 2.53640263448429 3.35409237853159 2.86090194364518 3.22701703045388 2.66027756465051 1.83365207887443 1.70561570650067 2.44187615104188 2.30470500721646 1.93262923959565 1.87783200071629 2.01612783701383 1.75797241973115 1.93550525159362 2.14846891163414 2.00957160422919 2.19598162301909 2.41534247578698 2.12673898716959 2.32175941922535 2.83899187042876 2.04412788391904 2.43316657455066 3.07190756043229
4.66511824575331 4.66511824575331 4.66511824575331 4.66511824575331 4.66511824575331 4.66511824575331 4.66511824575331 4.66511824575331 4.66511824575331 4.62807792919713 4.31011217727157 4.30427393181724 3.36619737148895 3.75363687701173 3.54797249353086 2.90907482775229 2.74319695561589 2.60140708734337 2.97756603457928 3.21450532543026 2.57607014880561 1.90871759984205 1.84155839798241 2.41221565666403 1.96349631321657 2.22147528293359 1.99459553540278 1.6337359087386 1.93939414094714 2.10824457629248 2.29969376180002 2.04681998528707 1.80274415017381 1.79991989809766 1.86078445067079 1.85339621657818 1.85574612993506 2.79800848474099 3.1419817338281 3.59134716857908 3.65631140908999 3.17655454665187 2.82791009181441 2.30245013938958 2.42522723125251 3.04917329233928
4.66511824575331 4.66511824575331 4.66511824575331 4.66511824575331 4.66511824575331 4.66511824575331 4.66511824575331 4.66511824575331 4.66511824575331 4.66511824575331 4.66511824575331 4.62033374862445 4.56950562515846 4.66123286295806 4.47340460511202 3.71132763449808 2.91416549460904 2.78535602156 2.26586076296686 1.61932864198681 2.0127106075178 2.4517647723162 2.41235164301293 1.90823105134314 1.6960739371705 1.94486701275096 2.28554702912457 2.24133818077462 2.11253689083267 1.99314563935553 1.9430737448635 1.79930631462884 1.62748280352018 2.08673823511243 2.12408107610854 2.26016397257991 2.12222902869501 2.45819935019003 3.37696822348332 3.91194013983923 3.59752660501392 4.15819774945611 3.66524168613207 1.55298067458727 1.91871038735471 3.11835933405299
4.66511824575331 4.66511824575331 4.66511824575331 4.66511824575331 4.66511824575331 4.66511824575331 4.66511824575331 4.6464145319835 4.66511824575331 4.66511824575331 4.66511824575331 4.66060384291136 4.66511824575331 4.66511824575331 4.47333919033711 3.48688501358565 2.82732700020603 2.45524141465072 1.76635797932615 1.73448245959363 1.74994213869852 2.24114152222141 2.66156186358406 3.60240356848227 2.83990780737025 2.03159057670067 2.09063007190152 2.12574469631753 2.20732729472986 2.6232865026762 3.66781705222367 2.27572296224505 2.41332764252474 4.10546485292385 3.33754607068968 2.9009368599919 2.1050693689752 1.94445265475012 2.06241374926234 2.36567547740423 3.00220237532807 3.48248755889742 4.16116722406001 3.15772561862506 3.15281609986676 3.00554350209041
4.66511824575331 4.66511824575331 4.66511824575331 4.66511824575331 4.66511824575331 4.66511824575331 4.66511824575331 4.66511824575331 4.66511824575331 4.66511824575331 4.65125450485123 4.63120191434143 4.66511824575331 4.66511824575331 4.66511824575331 4.56723814676385 3.81392539153687 2.87353859681913 1.91543088718594 1.93961443326898 1.75956195588499 1.93727375676112 3.20366204715343 3.67565209776612 2.46916003930814 3.37481705154215 2.42731189128635 2.15870593470151 2.19433158810769 3.11722692761039 3.42345738602261 3.84778969885423 3.23265817939144 3.52201183911445 3.5309079710322 2.26111398637332 2.04067833054924 2.87485455990036 2.0572410114151 1.71193473831532 2.55622307261607 2.63486261508119 2.5858847157598 2.7745844253141 2.77476461365777 2.95781501179521
4.66511824575331 4.66511824575331 4.66511824575331 4.66511824575331 4.66511824575331 4.66511824575331 4.66511824575331 4.66511824575331 4.66511824575331 4.66511824575331 4.62045543567099 4.58505384182027 4.63120191434143 4.66511824575331 4.56223736171687 4.56003673715794 4.49464590771431 4.25060102159418 4.10816433156663 3.08252751512861 2.27089151557166 2.28805309157714 3.5100059558603 2.46125547374313 2.51840863502895 2.47147388666893 2.7708241604996 2.67539158780634 2.74379050502332 3.37708840556669 3.44328316483405 3.84382406861224 3.28056169159639 2.80174585456128 2.94414051420135 3.129175435126 4.31223726121577 4.58505384182027 3.99475093171032 1.99889009524379 1.77475467546336 2.24902555374009 2.89363504299433 4.34201784477985 3.75264486529495 3.41094120926452
4.66511824575331 4.66511824575331 4.66511824575331 4.66511824575331 4.66511824575331 4.66511824575331 4.66511824575331 4.66511824575331 4.66511824575331 4.66511824575331 4.66511824575331 4.56541600926893 4.51390921391478 4.62045543567099 4.61216044770435 4.1581095315058 4.29635233372848 4.66343882701181 4.64755243224746 3.5471279531742 3.24501942290019 2.60791500808825 2.84782881149083 3.00963467034058 2.36009145340657 2.83501381597015 3.49954795093228 4.08703147301976 4.18212132157604 3.02943950382546 2.95204659646729 2.66436817818447 2.73116426459835 3.80098405384763 4.35254684043374 3.78152146214503 3.5013609630774 3.02190503349896 4.28775694668211 4.41561810687656 2.99826510009699 3.44612559420408 2.63786530547467 2.59543294536524 3.93061249235824 3.09793865966377
4.66511824575331 4.66511824575331 4.66511824575331 4.66511824575331 4.66511824575331 4.66511824575331 4.66511824575331 4.66511824575331 4.66511824575331 4.66511824575331 4.66511824575331 4.65598342580818 4.64146089837705 4.63639093769506 4.66511824575331 4.66511824575331 4.66511824575331 4.66511824575331 4.66511824575331 4.66511824575331 4.66511824575331 4.65183358218655 3.99961061707033 2.83182331997379 2.15793467544729 3.02947528581039 2.36162978277005 2.52344875533186 2.56368017289773 2.65975922191166 2.46153916971595 4.35406833930023 4.66431397614677 4.63120191434143 3.79757144283637 4.51845820508869 4.19586861196896 3.87625062027684 3.17488982794277 4.54436194484554 4.51372610439784 4.51289164103892 3.56182871846455 2.83280339498841 3.02589615775538 2.63606288032446
4.66511824575331 4.66511824575331 4.66511824575331 4.66511824575331 4.66511824575331 4.66511824575331 4.66511824575331 4.01119038478024 4.65029988334738 4.66511824575331 4.66511824575331 4.66511824575331 4.66511824575331 4.66511824575331 4.66511824575331 4.66511824575331 4.66511824575331 4.66511824575331 4.66511824575331 4.66511824575331 4.66511824575331 4.66511824575331 4.66511824575331 4.42390184176684 3.25469527302642 2.71658507882241 2.37968327567249 2.82413150316633 2.37693473774694 3.38020094167943 2.65623746958019 2.46714527924734 3.97389460875844 4.50202689943408 4.02419061124203 3.34868197593548 3.10467719974508 4.30555185543131 4.52121940764954 4.54436194484554 4.47896930306867 4.28388080658372 3.64364758444722 2.18189185351432 2.84400817899817 3.14235137935
4.47475655599212 4.65388603806981 4.66511805954864 4.64506808043829 4.43825469508195 4.45845122658716 4.47177445091084 4.55041388074576 4.05284091301338 3.72422661214038 4.620878452481 4.66511824575331 4.66511824575331 4.66511824575331 4.66511824575331 4.66511824575331 4.66511824575331 4.66511824575331 4.66511824575331 4.66511824575331 4.66511824575331 4.66511824575331 4.66511824575331 4.66511824575331 4.62224700432811 3.93392993263821 3.98138156548987 3.76301154277545 2.83113290237524 3.06006659641917 3.05519426973009 2.90002010402246 2.84322045798296 3.52171123891439 3.9194861740793 4.18041377776886 4.13192095792353 4.54365637253448 4.5192080379251 4.29181504262089 4.00725185551221 3.21659511783454 3.23083327182706 3.06089165700988 2.1488826265093 3.17194339360687
4.65277981396208 4.61326581357964 4.62942258083064 4.3608894523924 4.65062749748957 4.65598342580818 4.61177033641094 4.49986299503716 4.5700589898923 4.19759287322914 3.78487658720719 4.63781224858317 4.66511824575331 4.66511824575331 4.66511824575331 4.66511824575331 4.66511824575331 4.66511824575331 4.66511824575331 4.66511824575331 4.66511824575331 4.66511824575331 4.66511824575331 4.66511824575331 4.66511824575331 4.66511824575331 4.54799215838437 2.80483800962302 4.06499585173567 4.66439440510992 4.47958550104576 4.1563780261874 3.47307882248914 3.04805436408341 3.25103670906643 3.03234141274325 3.3967180105546 1.98819149091558 3.22170702615628 2.53866240250768 2.73742805385747 2.26567764524267 1.58767961627791 2.27304392222003 3.05528251995815 2.21976251732864
4.58661107954298 4.6563036423067 4.52105445521373 4.61044653681903 4.58972984554554 4.66180666928829 4.60337070234375 4.64640995071722 4.5875057367268 4.62887392069799 4.33829556096985 4.62367738880782 4.66511824575331 4.66511824575331 4.66511824575331 4.66511824575331 4.66511824575331 4.66511824575331 4.66511824575331 4.66511824575331 4.66511824575331 4.66511824575331 4.66511824575331 4.66511824575331 4.66511824575331 4.66060384291136 4.66511824575331 3.85657385471648 2.72394930078649 3.74397479663236 4.40672673486541 4.29588167728872 4.42768703289463 3.07699220553169 2.68048726563204 2.04089331107765 1.75475178036441 1.57510496844541 1.94421911707669 1.90310723031443 2.30327315204247 1.76863503746426 1.84319418370056 1.67151270129421 2.24056309459937 2.24312194903795
4.58821437492516 4.66511824575331 4.66511824575331 4.58785927022485 4.47629586966512 4.53421101303847 4.1498806284293 4.64910568953865 4.66511824575331 4.66511824575331 4.66511824575331 4.66508554631086 4.66511824575331 4.66511824575331 4.66511824575331 4.66511824575331 4.66511824575331 4.66511824575331 4.66511824575331 4.66511824575331 4.66511824575331 4.66511824575331 4.66511824575331 4.66511824575331 4.66511824575331 4.66511824575331 4.66511824575331 4.66511824575331 4.39788432382569 3.20515012729742 2.40340569793956 2.4522313676201 3.2733134212158 3.52928033949142 2.64209364467389 2.74211105407779 1.72631612773545 2.77441583018589 1.7533986942842 2.57171324811286 2.68725211204275 2.20665481679215 3.98346447939428 2.31318450563355 2.01020741018949 2.12058549088991
