IBR/IBR_outputs/all.combrep_1/FireFreq_2000_2008_Total.Spinifex_Total/FireFreq_2000_2008_Total.Spinifex_Total.asc
NCOLS 160 
NROWS 95 
XLLCORNER 210004.651214014 
YLLCORNER 7350008.22228844 
CELLSIZE 4999.99999999997 
NODATA_value -9999 
[rows 21 to 41 of 95, columns 46 to 91 of 160]
-9999 -9999 -9999 -9999 -9999 4.33428077223619 3.05495184931603 3.24231213074303 -9999 -9999 -9999 4.16199651019274 4.571727543424 3.69031117510581 3.79566836845233 4.05925727806205 4.61329465698327 -9999 -9999 -9999 -9999 -9999 -9999 -9999 -9999 -9999 -9999 -9999 4.66511824575331 4.66511824575331 4.30853493079402 2.38574742854973 1.87623028603152 1.48964544641906 1.62869949510923 3.36416265442934 4.56314699178726 4.62589103621218 4.65125450485123 4.42417649444068 3.81919777022343 2.13754113964808 3.11806567430051 4.36877629190972 1.87990301281306 1.77009081510865
-9999 -9999 -9999 -9999 3.80233578861481 3.55112892870733 3.64745031923806 4.55905651175107 4.66511824575331 -9999 4.66511824575331 4.52278307609453 3.08981509687141 2.51563607828986 2.80263113182437 4.33917216876648 4.66466998729021 4.66511824575331 -9999 -9999 -9999 -9999 -9999 4.66511824575331 4.66511824575331 4.66511824575331 4.66511824575331 4.66511824575331 4.65598342580818 4.62045543567099 4.36022681288729 4.00510166838352 2.06281430867219 1.57711287121133 1.97505080270212 2.74488646669097 3.80160803479504 4.57170616004477 4.52948894571086 4.3820303074757 2.84611708777919 2.14380986538768 2.27133803711259 4.2904282732445 2.57490845604051 1.59999875411868
-9999 -9999 4.66511824575331 4.65464599561694 4.64790812916819 4.66511824575331 4.66511824575331 4.65744672421983 4.58557206944903 4.27730151077501 4.62718274354033 3.89419682703467 2.85379950648486 3.41277538732675 2.86154058148068 4.53731260691101 4.66309273053324 4.66463876356594 4.66511824575331 4.66511824575331 4.66511824575331 4.66511824575331 4.59320824677363 4.64131886273233 4.66511824575331 4.65598342580818 4.66060384291136 4.60337070234375 4.56541600926893 4.39848853817814 4.35431379331005 3.48933908149454 3.82036515482464 2.59632636049291 1.83487580292602 2.97234867939253 3.03609830895915 3.85958721152289 4.46258565435662 4.62045543567099 2.84458956757699 2.07697748964388 2.61697885988733 2.38113721438669 1.7168467870798 1.99450446644709
-9999 4.55323917435918 4.6640796332705 4.66511824575331 4.66511824575331 4.66511824575331 4.64171687653877 4.50540438719903 4.38511253495644 4.55769083002872 4.65798834306372 4.13445788002307 2.53724525408029 1.87725352544087 2.12347726791812 4.51605449034753 4.66511824575331 4.66060384291136 4.66060384291136 4.66511824575331 4.66511824575331 4.66511824575331 4.66511824575331 4.66511824575331 3.97258464781796 2.77790737663168 3.76228771184182 4.36945970189939 4.49758914273089 3.25444108697856 3.43819817955602 4.04523314296482 3.25713285162228 4.21104097806303 2.31635134789462 2.0778092445719 3.63693510256106 3.22222883487748 3.47548041306906 4.57515968908433 2.52415405055551 2.20354255741501 2.15808593126934 1.90550894741739 1.61356690514532 1.63936101318877
4.39730949963913 4.49730865044882 4.66511824575331 4.65637636706923 4.57223545926404 4.45286535200786 4.2463793474673 4.5584505620424 4.35687555408282 4.422772148319 3.94659376844567 3.17377753096878 1.83298241094598 1.86837559278656 2.02631386104168 3.25824747863796 4.59653038280229 4.66511824575331 4.66511824575331 4.66511824575331 4.66511824575331 4.66511824575331 4.66511824575331 4.66511824575331 3.98102648876833 2.53200690331197 1.56984351055338 1.66144681439475 3.04143270592128 2.33294853415319 2.06208763736991 3.12716932480494 3.1974168902982 4.24042415041841 3.36499599591561 1.796672967484 2.43984837717622 3.25426749110008 3.18002436108962 3.81870059202586 2.3483519339717 2.09168224983669 1.88580908612994 1.98999520067329 1.56116973168965 1.5590980520926
4.28369686922913 4.43244436208639 4.63358589383124 4.55031359378217 4.30272526357826 4.3214930037163 4.13980216335282 4.15497505915557 3.54139551115992 3.38700009532753 3.0476471886874 2.3155573263335 1.7418772088266 2.12988136279135 2.52143050626129 3.95473993713494 4.57865924757036 4.56528515280024 4.65125450485123 4.66511824575331 4.65598342580818 4.66060384291136 4.66511824575331 4.66511824575331 4.66060384291136 4.57211447574218 3.63815385798518 1.83835550920554 1.69967095219064 1.80005442841715 1.3351468370289 1.38616204924999 2.36294503391183 3.34003934181277 3.32244722332923 1.92264825687809 1.97533470635013 2.00859925276116 2.34359160354003 4.12451168001342 3.05154943028266 2.61428485700698 2.23809236425164 1.82166280959444 2.0348944718597 1.60215918685926
4.24160027538816 4.58777090596009 4.347577316419 4.6464145319835 4.55154348100618 4.64146089837705 4.63639093769506 4.43879364925755 4.3183606243425 4.03477782968761 3.76866004508022 3.23837586964565 1.85171614553125 2.21236351094765 3.26204270203459 2.88774309129431 3.5159506665253 3.00306587030055 2.59624682391427 4.33101903797989 4.66511824575331 3.35941699133822 3.26284344657418 4.27600512454347 4.66511824575331 4.49388903966899 3.28216558469206 1.86159073844276 1.62468706151035 2.35203194138252 1.31131815896446 1.59179351074813 1.62404039945559 3.52195822234289 2.80679596014738 1.69904917507286 1.80434090940887 1.83724991993788 1.53284958515996 3.21211400840458 2.77978721331061 2.37737000107862 2.22737866111712 2.05253452895839 2.10690579318926 2.07264988655026
2.51073381029899 2.97862099800007 3.78876328759378 4.52573453847218 4.54550479766233 4.61489219198591 4.59032546129428 4.53017097257413 4.63333646345194 3.35044910736996 2.91973095068743 2.2249561516172 2.1568626512896 2.32783107449261 2.82591822466695 2.59132794403778 2.30954471656637 2.54259451985043 3.03075535227893 2.50767644434836 4.24774150352712 2.2181142897037 1.7724065544989 2.75975658068493 4.01054770434065 2.09575841924081 1.55670267060641 1.54727541267535 1.43229496364526 1.79942561878355 1.78601591737199 1.56260720884577 1.55971691508197 1.61393119362871 2.84811403007448 1.52477973770473 1.99158902747576 1.9021336991264 1.53860975941004 2.16696663979839 2.36895747230103 1.88486587299411 1.57210453038469 1.7954924580509 1.92764842286039 2.09346918699614
2.18007335193022 2.12195140362901 2.65180899229181 2.48763958624254 2.79360686917937 4.47517340620548 3.71876653897937 2.79069456832615 4.65125450485123 3.60944648676137 1.9817190478492 1.96686170610583 2.21296577350192 2.35928579243053 3.46081175270535 2.24702815122913 2.44568677483405 3.33367421263281 3.06157886392783 3.61239428792559 4.54327700610737 3.20181324148406 2.48168505473492 3.05736538332071 4.11438768345991 2.07311739154832 1.66380770935012 1.83079023009969 1.61611815356476 1.42300264685169 1.90987202030453 1.80956364528304 3.10089378457291 3.10703997725323 2.48878994165518 1.9726019643159 1.69451595897217 1.6629938078948 1.77474955881039 1.70910715599431 2.83631402010233 2.26293091504578 2.26208423904699 2.39419253680737 1.78884859782698 2.19760238342406
2.09863165207747 2.0452887266981 2.42116661918248 3.6712548796332 3.35412229238593 3.4065444871333 3.16396709992513 2.90893582170936 4.61409021440358 4.43939445502934 2.65627159732794 2.07015663455421 2.29265169976913 2.06453193349365 2.49448968554348 3.90255746511397 4.11672676102198 2.43497913084225 2.65154122511082 4.00494866360205 4.56660410648262 4.60919830354474 3.16642070622454 2.16079013633213 2.9945005837761 1.99947372950076 2.32893319638917 2.70840909558829 1.68165032439022 2.14936145660723 4.19710451551773 4.27684722653607 4.3357834625717 4.45331507348335 4.45331507348335 4.5217332751507 4.27490420352393 2.11797917948111 2.04391744975765 2.13032988851494 2.23454805450234 2.68602557789844 1.68910076665352 1.83946697340966 2.0710574585705 2.33990444476992
2.0813398163453 2.4063236186404 2.75993643734011 2.22952310429351 2.29776569551453 3.73480559278045 2.20732106960891 2.64341735537809 4.46077124337104 3.76731551151442 2.34919808959945 1.99784234419287 2.46019165152637 2.76820716334092 2.58326806523064 2.13443468216411 2.8336590206175 3.14265297453721 3.09243905678171 3.20511177143826 4.31158686526643 3.70812159281975 2.63424272310641 2.12897266161844 3.21632328364076 2.64030545200694 3.4138997321388 4.50322672699253 4.27208782507781 4.46884812596207 4.45331507348335 4.3109991375373 4.43411565176883 4.43411565176883 4.45331507348335 4.48105998876581 3.28671461053303 1.84863447490842 1.91477132569597 1.93382767183484 2.02697175826129 2.27340447096241 1.97786543715964 1.73000036032326 1.72422510888875 1.89023642310328
1.87978859565393 1.68385796201497 1.77367791919389 2.40548200999795 2.2472241571926 2.68164767895074 1.82609489223 2.30363876138958 2.961284728395 2.30582225892088 2.31268070645461 2.0069554828242 2.45500391748167 2.57292389778795 2.11597879064473 2.6759582581053 2.73941711618748 2.74879857096665 2.13257913525168 3.6514962059649 4.44022217846712 4.30587914901781 2.67548525015206 1.66187620931882 2.26366843991052 2.13487687398491 1.94755953097984 4.20668958078546 4.59740624833161 4.40359244737409 4.40359244737409 4.46653834744833 4.06134610078044 3.73877515747109 3.00145319400772 2.87788647878062 2.43251851787201 1.69748088999055 1.58093993022876 1.82719585482887 1.87493423274304 2.46933120144957 2.4251559897448 1.89165738028161 2.03897169926341 1.88925399813962
1.50968311150096 1.42583051402124 1.69358253425647 1.67774765756878 2.04273245875303 2.0584371652507 1.83170838837885 1.87170288331461 2.43576461069155 2.15083173129505 2.25506364667617 2.03817934790135 2.05933201671603 2.02799997472043 2.03524855805521 2.70464270600419 3.32034202639 2.53133505918794 2.96438897415749 3.66925538565448 4.38041325387003 4.16981770694594 3.23447983745899 1.60731042997989 2.21406852342341 2.29961183661021 2.40567962548709 4.31411041195955 4.6464145319835 4.26214993452597 3.62992853604538 2.70262577899708 1.47499219815132 1.38566785937795 1.6344277656792 2.07260599659932 2.12440724110525 1.59395168014029 1.93042992157858 1.80166009011699 1.89733929676867 3.30056153699973 2.02117089544021 1.88195449853916 1.92271480307732 1.89575575458984
1.37358899853282 1.40900229957921 1.53409973253259 1.66032911074515 1.79703007159574 1.61952786883603 1.53177537524511 1.73028987667652 2.31025751380684 2.21110423127111 2.09377166629868 2.13200148077689 2.04497245717884 2.12670768118769 2.05808890558798 2.80661669084163 3.01851416545367 3.56225865474885 3.45616115214773 4.16292070471421 4.30531138270715 3.62914874119349 3.01612435013016 1.73577926176323 2.32311175997812 2.30218951583528 2.59407394115569 4.36507535828249 4.64571472630266 4.15980053701294 1.71336017727514 1.46373742533627 1.74146357661361 1.67968399093895 2.09930949581668 1.94311464711414 1.97123791033998 1.67185889795609 2.57837302488832 2.44156668141092 1.85186006348112 2.72893238915737 2.13325089271572 1.75227630704752 2.08296996297706 2.1191635950933
1.60509845720536 1.66374470714929 1.8148311816557 1.87112022580701 1.64112064099051 1.61822065165801 1.90102451250298 2.15493683254766 1.59863400306952 1.98071439409746 2.27007374727867 2.12047181706383 1.66565615372899 2.05412631752314 2.11513480664903 2.43570271123298 3.17257794664712 4.24164890430008 4.15594352490555 4.0422601218545 4.35516069664457 3.22251181163906 2.33784931195641 2.21199067158566 1.69490467344478 1.72523326429601 2.49327153485899 4.01331601453996 4.48491839603766 4.54668917013742 2.8762279755857 1.76254325234903 1.78336670633634 1.74123461655892 2.68382759410214 2.35167835874383 1.50313664654567 1.60889663585898 2.06035248205039 2.05575573843504 2.18912132486379 2.77092786595664 1.97611373150407 1.91864879845389 1.80935001806084 2.10954539640847
2.00433503224931 2.031977948591 1.88200980920088 1.74666891823623 1.77899507603192 1.53375527280262 1.58089013846822 1.84383701216992 1.72157262349199 2.08400329315867 1.97203149447244 2.0287460236346 1.79294687828854 2.24638468818392 1.61403737292336 2.17506589170264 2.16783201267046 3.12010964131026 3.7453530509595 4.11968199250943 3.64510288679081 2.45623390105598 2.31023211306484 2.32252543866108 1.90857376688177 2.18420515318893 2.02494389274239 2.7203715983821 3.47850252483707 3.98262962609579 3.79692332947081 2.22045251350871 2.11114702020518 1.46981042113425 1.66359864886147 1.44706137200001 1.67382612542587 1.94222706410185 1.8617811436897 1.78332567793061 2.03378891351038 2.27133667992522 1.84696700654148 1.8494159962763 1.59661566693085 1.92833667348099
2.34685106746523 2.1848911362032 2.26675076644406 2.08027756570947 2.09690086438599 1.85804207539693 1.87650534686149 1.95857884849228 2.02742105744333 2.0916001070477 2.40095688933994 2.0761825743798 1.83500446508829 1.92166156227355 1.74022951754425 1.65287645705348 1.69983268892727 1.67457906613441 2.41404705072439 2.99458901571685 2.78459256003402 2.41400140004524 2.38164795013447 2.17291037155539 2.11251402058003 2.59875097215979 2.51141083530471 2.23411971984567 2.63818840458538 2.34119821151359 2.17239148908396 3.03905498690533 1.75297830321675 1.38067120802352 1.36530318503568 1.62624003329714 2.00065627849284 1.73188002911351 1.34291982489149 1.77860867507912 1.91192845489429 2.81284244347305 2.120985022297 2.14526622051887 1.70271081689603 1.72852059485986
2.07216578899319 2.17981163873888 2.38424345329062 1.99317732590108 1.65395821109339 2.07247372438423 2.21205283112351 2.45645377581017 2.20003936665763 2.30795214721833 2.26389652700136 2.12735878876449 2.05663636617464 2.48686832425204 1.4269775033849 2.59104145347331 1.8303385008479 1.9168566418661 2.11604822277425 1.92992818835919 2.44882693123126 2.24066805341066 2.39380577784816 2.21929345172432 2.10158850627453 1.8517016253774 2.40441325180878 2.35022501313201 2.48621094054985 1.94351626561991 1.79078255960155 2.75765810333591 1.74366786500316 1.31217300786429 1.47075481564196 2.00768492559721 1.56234367033101 1.62795797562323 1.73896270373906 1.89355269460867 2.06553358070129 2.5074061561198 2.42607489414068 1.85077519102395 1.76880206417979 1.70527058325982
1.67071399981863 1.40905635467703 1.66462460859485 2.56051324956927 2.08092700546321 2.19058362358787 2.27682804684131 2.04113810480227 2.37341592679595 2.35084184675489 2.28497406364469 2.63218529773461 3.03341582176957 2.32276473177712 1.97881765633582 3.15006951386427 1.95270156340624 1.98852465476458 2.1590010239071 1.98813143481586 1.94499279707484 1.80710483167587 1.8508188776767 1.66734541960914 1.91632854906642 2.08475728580622 2.20920134234371 1.94499565421016 2.08363688038539 1.99182282452623 1.9884369297915 2.05405675818615 2.09741208146705 2.0897464307704 1.75472978214354 2.00002803428129 1.62587736645773 1.45001300899731 1.57938013941351 1.99763172411417 1.91790927826761 1.90991808804502 2.3732317894823 2.77465123598998 2.22608787654266 1.76742953384359
1.8648467897983 1.63216462514503 1.68963853973743 2.33184665289008 2.3839053883508 2.5948293005601 2.2167127010397 1.78326754037884 2.90758230631507 2.06599048246312 2.04907108276314 1.97703307755533 3.18418015210397 2.3123517130613 1.98958686279489 2.4511877832846 1.93779478993506 2.04667297479977 2.01116316090945 1.84496036584501 1.72370194812809 1.83722317899473 1.87466819026675 2.13314135673754 2.73312967577835 2.18326987382617 2.41040446606316 1.85046913994783 1.99239265508854 1.7711571343181 1.62291765439086 1.82628095712077 1.73895163268686 2.12120635315607 1.94749105243542 1.69457393613325 1.64119524528176 1.90689313696753 2.06575839979683 1.76754478813587 2.02249072289726 1.91240834823367 3.09506904189282 3.07625222160332 2.2953169911808 1.95740863166863
1.79646350523054 2.01427300216037 2.48754885357226 2.61535409307481 2.64814300348581 2.50207501703293 2.25258668861728 2.39364951263477 2.50885048478541 2.39267265051038 2.39039401013967 2.47553823545813 2.0857722103976 1.5585548410427 1.42714068342285 1.37554640349222 1.87675735946313 1.87779062748617 1.99483187491579 2.05607026156585 1.94402088941193 1.93646999469091 2.04181757998817 1.90850218549375 3.06822957215884 3.70444893214749 2.26673742656756 1.70561610682796 2.02801949742833 1.43034825276694 1.78657625859188 1.83138319308488 1.69473658936021 2.17763371882342 1.68674830308607 1.37022463534082 1.53753130592751 1.77229407258826 2.19955243939463 1.84566863148248 2.50469284399234 1.85189238116016 3.19379423042237 2.19262564947675 2.6923003504887 2.13783909161759
