IBR/IBR_outputs/all.combrep_1/FireFreq_2000_2008_Total.Spinifex_Total/FireFreq_2000_2008_Total.Spinifex_Total.asc
NCOLS 160 
NROWS 95 
XLLCORNER 210004.651214014 
YLLCORNER 7350008.22228844 
CELLSIZE 4999.99999999997 
NODATA_value -9999 
[rows 42 to 62 of 95, columns 46 to 91 of 160]
1.71388222542703 2.26136395601782 2.76384310478511 2.96251694208394 2.14180092634963 2.13768690678194 2.39703565869309 2.85209327164641 2.21418042328421 2.02905604303132 2.68307613564495 3.47916471345992 3.46650046923126 3.82766033999596 2.0803724125033 1.61374890552661 1.29776547574467 1.47109459359263 1.4565429529396 1.89384929804304 2.2292234162623 1.9320347909863 1.80729816675232 2.43046799142502 3.55340582209149 4.09274225822788 3.38234904242579 1.84504700484486 1.53693020147147 1.777850383453 1.89243479700507 1.70985363643642 1.92429755013937 1.84578911785408 1.42482110921297 1.22770839599153 1.31672755376499 2.04731708019529 1.82182703240796 1.95007532353823 2.21373111199183 2.06528360552208 2.80009685535023 2.32096720132239 2.04841663335185 3.31054900864705
1.60394467649696 1.83979559853104 2.33523796402596 2.83147608691956 3.13090293828909 2.57221155562078 2.05590392306105 2.00271466677784 2.08464557029281 2.50070804419635 4.09736137262278 4.42826187665185 3.70325040485674 2.54134346535566 3.10771262908818 3.69346866728978 3.32049769690723 1.57698249932376 1.61514136112601 1.71341305954051 1.73573806839158 2.04149751024898 1.85482028353104 1.77519371694393 2.33167606429018 3.4955224885121 4.35879936482132 3.02604594627448 1.87347146553306 1.52736105199612 1.59570212695542 1.83395433723152 2.12884780347973 1.69610599666694 1.57330763168937 1.33002072948145 1.35726775976278 2.04729303276962 1.92690652286706 2.3819244537869 1.81715107859902 1.96542915501093 2.3607448745834 2.33835655930928 2.30665682276185 2.58003675035128
2.28053063874066 2.23893085892748 2.78235101538071 2.34497869688863 2.15744352530926 2.10621629266326 1.95234677051952 2.18181352670365 2.81312896024506 3.98315295918439 3.27955991797251 2.53408953411676 2.13384544041812 1.5812224606773 4.16141892138751 4.34791641438161 3.58502865425847 3.67457954169464 2.00505972360865 1.94816906832317 1.88861750803455 2.11893152651679 1.75458312949801 1.56733756274117 1.56581719046504 1.45786162863494 2.89122144643264 3.25298547358905 1.70186581392868 1.67300215485292 1.45345111169996 1.77028690726229 2.03729732164047 1.60207426304034 1.55959383929655 1.463762245861 1.41653266426331 1.4217056230612 1.72005156321138 1.72766299012787 1.56174472505788 1.63611351899928 2.31422219743225 2.26677597050804 2.37080356467897 2.7608103210803
2.13111363874963 2.28533312490764 2.35034649829661 2.03817121036029 1.95800860585115 2.34777373391864 2.89947661004762 2.80429804515385 2.85298177415788 2.40678154208602 2.33970797600031 2.4740308610217 2.02181919087435 1.47666762436178 1.90599936923626 2.52716803606832 4.21481021689213 3.6795735031871 4.30564263309561 2.56049316907966 2.04440377390863 1.92097452710724 1.88944417745475 1.6351467088124 1.62746155603235 1.45521364225514 1.26343424760318 1.81669296236613 1.62453959708016 1.56687385472279 1.53160746301676 1.88200556726688 1.33505152172316 1.71651213820148 1.6629329023902 1.54217775251781 1.50984036457245 1.41021225818792 1.49375409098287 1.33205626578298 1.46741952518902 1.89861403793854 2.60094193677123 2.79951097305233 2.72699634110614 3.32885803695444
1.86980359713178 1.97610458351039 1.86383396678337 2.4292112378946 2.67299656519041 3.00925138778504 3.06044647145395 2.55317651388575 2.03254041410873 1.98942093330922 1.95800235766311 2.07923413838158 1.93648249491592 1.71875868009652 1.81731791369067 1.22505739930739 1.90485011983722 2.96298591034223 4.33511976031887 4.52845246847018 3.25010461333801 2.78260597210025 2.50353790897676 2.03135618628741 1.88295316354837 1.82983086625154 2.24465870196354 2.29486631325833 2.24239675670962 1.7641471191851 1.63288615497779 1.66357122241114 1.97544220227146 2.15365613812969 2.80434124883426 2.56870071494265 1.93598585087926 1.51596683980481 1.38694463482187 1.25040106386735 1.56907296857767 2.8230932995928 3.01549698574897 3.15899012799144 2.59888474936264 3.18032946820561
2.39735472581665 2.34721407164657 3.54219790968001 3.04241011324654 2.38552781657301 3.21922159911684 2.546975200203 1.81839089354356 2.55788224926099 1.80196415174108 1.74034743952012 1.56100540412707 1.68632868377115 1.63755632045701 1.32390273812373 1.62738646637902 1.31934592878798 1.48379558959746 1.72273517699062 2.08128813432052 1.75291434615008 1.5525317097321 1.58726435519484 2.3140195047089 2.14486632380637 1.85371067357824 4.10433549658368 4.53441195983222 4.65330578166337 3.88763748772061 2.44199126546835 1.99569534341227 1.82365266005898 2.00615855650787 3.44284808353135 4.07579087237806 2.87650596612928 1.95315641113776 1.64314436118241 1.79089508437092 2.10432732116087 2.21524390994056 2.74946260704789 2.42140556359235 1.93135447475052 2.22996065153804
2.65366762614636 3.71869445987715 3.70452014969888 2.84483720724457 1.79264909393991 2.00226144323106 2.35250083361201 2.0321406766779 1.54431160403734 1.90444503411172 2.19721341470635 1.89299799980338 1.63902982663754 1.48607099472731 1.5489315065468 1.79162054134551 1.50860668252902 1.18687779963307 1.43620953603947 1.58029827355062 1.7590116452478 1.45048464070492 1.42637823720866 1.77012922819509 1.89565958351234 2.41781195781543 3.46236379272473 4.30474721661162 4.31900867208781 4.64146089837705 4.61842180658304 4.56245844791051 3.21070968619033 2.65805969763134 3.25423199701826 4.57636609068581 2.98502041734499 2.04220919396719 2.0016266199722 2.4533320025756 2.03945364955364 1.76409922724671 2.70174719815147 2.75668513992929 2.13965402174209 2.34604211127516
2.3189062852404 2.39875704970673 2.41115488959213 1.82097152592006 2.02946967467328 1.93671934451651 2.2730688655782 1.63003229027099 1.43406658482259 1.60246446273043 1.52969279595923 1.50466014118727 1.59618895273645 1.79319431494804 1.82469364926873 1.67192183462916 1.68871477127772 1.75327728002067 1.75533062699087 1.93030472188712 1.90993299980173 1.78300542532297 1.49670172804454 1.58400524398137 1.59542494460007 1.66163869163617 1.68076914920619 1.78435149330854 1.94138501603894 2.96194204667695 4.03375596082394 4.5521363353442 3.22443619610929 2.65479512377259 4.29360505544835 4.65125450485123 3.94529926539157 3.71525453105929 3.16686219535174 2.14725149449266 2.55346980772342 2.2942128862439 2.27577188057918 1.8179867443392 1.56122460524355 2.66865768139679
2.23630899034728 2.28442253443883 2.21610320054828 2.38103070283313 2.22089057515033 1.62575051201941 2.07415146667569 2.8205434885686 1.81744951693995 1.64712233028768 1.78367908780291 1.61434267694077 1.44274838624583 1.34982699469261 1.59373436267162 1.48513118548313 1.50975344442083 1.45639321996992 1.43480816759489 1.86860524154744 2.04132743672514 1.95545740335227 1.68889016620058 1.65752379347392 1.81975343776056 1.33684721405284 1.33058806106674 2.64277881372464 2.51301261933467 1.8297113062881 2.04070649402105 3.66682881859281 4.36263887472596 2.40217056356126 2.59262708055122 4.49638856371365 3.67387113792112 2.63205990209456 2.49496670406521 2.0137234615814 3.28045996552895 3.56250493364519 3.90024845417841 3.01211939580445 1.54569591410419 2.36942949905824
2.02391632192084 2.06642542928222 2.07511966470087 2.20014702275767 2.01396851572455 1.77002869215258 2.0260447727225 2.01654281005911 2.20573805842896 2.01132719555508 2.25806489814867 1.5871955599043 1.57307729096979 1.47199737097286 1.46491973124056 1.45172488004127 1.52635393493328 1.53713411957312 1.47478580089632 1.89154532478722 2.18680261078152 1.89660787174647 1.74817007733082 1.70703760058156 1.88052218061626 1.53211670880173 1.65365035937093 1.84682551806634 1.65367493849953 1.59982384954521 2.18136109437294 2.50795025765867 4.50582593666743 4.09384990364912 2.24580008876332 2.24890064393312 1.6571456444707 1.73247015484375 1.68462059154203 1.78881174547511 2.43621264568589 2.74656886565491 2.53646652593359 3.22158148286599 2.91854046045322 2.5321810788102
2.18767709300695 2.4388132998799 3.06609178522351 2.12046972735453 2.01307321458874 2.05408599512153 1.90286777005957 2.35159516435212 2.43196584144174 2.42233145339927 2.36570596461969 2.31902149000707 1.91487772404317 1.61616298783453 1.58782794874815 1.51858241411281 1.5193705975129 1.57190886675541 1.81255444544874 1.77440748699917 1.86219182746041 2.14713166935937 1.72384684750862 1.59996029361842 1.79460272511764 1.91826142843215 1.43513081878351 1.59094683239722 1.43873691194438 1.46503066278818 2.13518080045497 2.1255753118625 3.61072830546892 4.62443248220599 2.49350252843699 1.89392346314791 2.57870357877173 2.22664500215636 1.7356697387651 2.15016930305888 2.56500712187768 2.40750997405729 2.05774191963379 2.34310603332624 2.11467751894276 2.3285896119695
2.08497006289828 2.21700886996018 2.04145956665709 1.96996897226679 1.95303711288034 1.77819983623611 1.9146355900057 2.11835962473603 2.46572155082631 2.25617176217625 2.42913465803284 1.95614567235112 1.64283524978187 1.793689870197 1.51370049252998 1.58450595751477 1.68131163666792 1.62723787405415 1.46755401558928 1.52268905302238 1.45250677866799 1.63700227317144 1.53983230274635 1.78847737753599 1.81624874120525 1.80034743206079 1.69832273889628 1.60275588143921 1.64838608288368 1.80088465333547 2.32012083373931 1.62097617723168 1.57675391266295 3.88321630921287 4.63203779663895 4.54166670024141 4.62982986674688 4.60892557879736 4.33781653604461 4.47801034146262 4.16212895289162 3.29033669362863 2.65805867705698 2.30673421089694 2.0001959177018 1.60711571160685
1.87826843824742 2.01058455310506 2.01208741502241 2.46525183758338 2.13223538110609 1.70642084632397 1.95008817695605 2.22942734473804 1.97186712590703 1.95963396242056 1.93805002113282 2.18259288473238 1.7268463304729 1.71807102150552 1.62012939959206 1.65065840918015 1.54463807763383 1.67669355606667 1.54648801525237 1.47080752729153 1.58920653461106 1.69545221702837 1.59927435180746 2.38180150335388 2.4414669912495 2.11726507882824 1.61195330152029 1.80784694979833 1.64933155245909 1.85824032982574 2.04535393088673 1.96494303427315 1.63231515462734 1.63289859306887 2.69938230897267 3.88748642739989 2.78158471680656 3.07012575905006 4.2910699298674 4.62045543567099 4.66511824575331 4.66511824575331 4.65933338641122 4.51625124533798 3.34570169075456 2.74160647906003
1.87549208514309 2.06547093572256 2.05457583030451 1.73017079653844 1.74899405370402 1.72171488397189 1.95573500637116 1.81096061330439 1.69506404151404 1.84200907416431 1.69516586872618 1.70977071283484 1.60362024331564 1.94576946730549 1.82486907034581 1.98780452016343 1.75023758100821 1.62797155005726 1.45088480808546 1.59757061189442 1.43184568551064 1.69214417961937 1.49644725433583 1.91132202574355 2.4067955487092 2.17160917800954 1.89509301103148 1.71975839874807 1.58961520314207 1.60904540809153 1.83380347546601 2.5649628334289 1.8919958742235 1.65475043649089 1.55424268947044 1.53599022520039 1.70786370216858 1.67345921839833 2.06731735228686 3.17860619858024 3.42183753313557 4.60792131896027 4.63639093769506 4.62589103621218 4.62045543567099 4.6464145319835
2.2129288270062 2.00734366158014 2.00370063633934 2.0244421753982 1.89261309829994 1.67130331150139 2.281506246141 2.09214849337771 1.72744768705666 1.76026334161231 2.09131881451519 2.01458835681242 1.993767026426 1.99619614935234 2.22244330578696 1.99943392135385 2.02999865839959 1.66088417327013 1.49473503971649 1.5599716808962 1.3842706093236 1.71042036191906 1.77002175635114 2.10592144532589 2.30684927058117 1.74072359589606 2.1593666598402 2.17185976797898 2.00478932726417 1.83028711915742 2.40921753259577 2.35690876839488 2.01210467450831 1.70902529117552 1.60311239243776 2.03350608909652 1.88339774742049 3.10773154338753 2.57732149535625 3.11271679836155 2.19577364588648 3.50443511634675 4.18798134286907 4.52948894571086 4.55856024918568 4.44382675794318
1.93499267954704 1.83094872978218 2.0724049057883 2.05344724456549 1.83191182551448 1.90159616977843 2.27161636469081 1.8066608096246 1.70286265185454 1.70190248241635 2.10603561143475 2.18906194892464 2.98334144952647 2.29850142820039 1.78865102429612 1.7989600244046 2.91902799119572 2.62956742837855 2.3261798462137 2.53924329562641 2.66481809738807 2.86847545193276 2.13798454984734 2.36879670543245 2.18117163203052 2.04504145188236 2.74824730822613 4.42402785099606 4.45169057348915 3.77299476669354 4.50189072071852 4.50923939879303 2.79243086682288 1.90060348929114 2.1081786357627 2.19733134945182 2.4163108100176 2.75105800493137 3.26054936877423 3.32858795058731 2.11630643857835 1.50929873103598 2.60765541289727 2.46566602217115 2.73851338611743 4.38624983642828
1.95168613193304 1.77415496202174 1.79319158036179 2.0038669326188 2.27994041414018 2.57916886521908 2.16800384678548 1.94344666350243 2.36069319906268 2.59072030447655 2.3022432320729 2.50008826704042 3.10118385712235 2.23468893213756 1.84156165177003 2.00245585911354 2.23866873720538 3.44412208069713 2.38024901800434 2.66333983607721 3.09420135892054 3.12550174425111 4.39172893609872 3.39421667296119 3.64440726845437 3.77025865952645 3.65686237239477 4.59153969955366 4.55143028082813 3.7136833618105 2.87790690691031 4.51969325437897 2.80009097525368 1.99109534903713 1.85338126263145 1.82068835543348 1.69873921492865 1.4824961983499 1.79999868125575 3.0409314490432 2.73192328476215 3.02946473677295 2.43888052576821 1.9136770446868 1.62123003416506 3.01810222410116
1.82494465277705 1.7518184755175 2.18473150463889 2.02375650769233 2.36895430730843 2.55721404881642 2.62917012855429 2.71518799740003 2.93988633840081 2.50945027869624 2.50550579890727 2.55044805880805 2.30840451964501 1.96178145705694 2.07123747869508 2.14810839603034 2.33304092622028 2.26025699519794 2.18318996540858 3.87296423938465 3.43335122354727 3.49969445001701 4.1739279585101 2.8072827953911 3.33160058049337 4.19938889646251 4.42763604496464 4.60337070234375 4.64435865720178 4.61238545523356 2.55446069384471 3.88401754755023 2.33468560293661 2.10049506300345 1.53048695263455 1.38012057914236 1.63829811713187 1.62005312403469 1.76875566772118 2.08173505969613 1.98735297862865 2.64253057375638 2.62733648360989 2.10080467248708 2.38752412054471 2.71293532886084
2.46913117948133 2.35967481938387 2.66413042587414 3.55640472009248 2.84404262626749 2.34550739572121 2.45211507488271 1.95674743183604 2.49582961753759 2.93126449949415 2.3244071842221 1.99011220970974 1.65628397765573 1.57343581935105 1.86602808622069 1.81452760026999 2.03095050886003 2.39354773709775 2.45582461407593 3.50704014837371 3.37211853543528 3.43398270959673 2.80110654192472 3.7661296880566 4.48057000186899 4.66511824575331 4.66511824575331 3.95716452384746 2.95057561563632 4.2118699722939 2.81608681974085 4.41912803982546 2.24631638568004 2.22576413270435 1.68003489242567 1.68395969812979 1.92405716383406 2.90031155198159 2.38928582448216 1.85674429065368 1.90941506451119 2.65893263275749 2.81521216143523 1.72411237523 2.39580517710256 2.92872270433164
2.14921737545482 2.46815468092396 2.5457415625491 2.84308770185065 3.36883184649027 2.6400835085396 2.80673100665223 3.02595279380212 2.55475359532735 2.59346798138549 2.91074546756229 2.18146872210634 1.80549718432734 2.03711773119942 1.93663663824671 1.92977545299281 1.99971419654395 3.81122913924645 2.51128451047353 1.99417982278197 2.11698017073216 3.24861690734115 2.67640250438528 3.07719100011416 3.59640996373943 4.62631100276411 4.63639093769506 4.24206599364149 3.11748831280782 4.2440319638262 3.05353708956763 3.93894415750168 3.65970847442533 2.36138047328489 2.53957722978571 1.8093196420211 1.8788075537105 2.58046016428268 4.3701246585178 3.67390848559546 1.74111449280009 2.10940579830524 2.87155313738482 2.18679730016241 1.94289622240376 3.44832814984278
2.16094168607242 2.66305853642727 2.61169321398073 2.55911184767461 2.83671334985364 2.27525400793546 2.04371762097414 2.7686812267251 2.7313858946195 2.55500940767532 2.06846984898426 2.09568426733462 1.76948041945759 1.97926137995334 2.29746736726594 2.12887641781923 2.72353149238956 3.44253852027475 3.51771451267402 2.83802273958219 2.67667824967161 2.84081427056957 2.4864767589354 2.00994167926026 2.52520554600609 4.34762817450206 4.42228602834661 3.25823610556717 2.04788305976467 1.85296029828737 2.34558376154618 2.94797937207514 3.06772200643215 1.72101906362146 2.08273987310082 1.62094485712286 1.51338347772916 1.72918502329251 2.08557865537481 2.42252958195602 1.51044237677068 1.92352469484835 3.24043231746721 3.48136969681983 3.76445865372638 3.57057493225074
