0.000154415 9.9982E-05 0.117537 0.821791 0.0603181 9.9982E-05
0.0526294 9.9991E-05 0.0399799 0.773096 0.103547 0.0306477
0.0210039 0.0139315 0.0774256 0.716315 0.167351 0.00397309
0.188772 9.9982E-05 0.039736 0.755806 9.9982E-05 0.0154854
9.9982E-05 0.00472635 0.0969766 0.871603 9.9982E-05 0.0264942
9.9964E-05 9.9964E-05 0.17279 0.82681 9.9964E-05 9.9964E-05
0.175078 9.9982E-05 0.106133 0.689063 0.0295261 9.9982E-05
0.155222 0.0403305 9.9991E-05 0.724376 0.0217003 0.0582707
0.0406665 0.0783348 0.0533108 0.596928 0.211241 0.0195187
0.248934 0.0207268 0.00989082 0.508936 0.163572 0.0479402
0.451178 0.160022 9.9991E-05 0.320405 0.035336 0.0329589
0.277946 0.0126872 0.027119 0.500925 0.141783 0.0395407
0.836305 0.0974124 9.9991E-05 0.00700405 0.0282705 0.0309083
0.151184 0.136977 9.9982E-05 0.472005 0.239634 9.9982E-05
9.9982E-05 9.9982E-05 0.132268 0.617342 0.188181 0.0620093
0.201223 0.0191419 9.9991E-05 0.57142 0.174258 0.0338575
0.0321101 9.9991E-05 0.0919313 0.653867 0.216273 0.00571851
9.9982E-05 9.9982E-05 0.0715729 0.875448 0.029642 0.0231368
0.129886 0.0598121 0.0998665 0.101198 0.550062 0.0591747
0.235419 9.9982E-05 0.0215789 0.0843139 0.658488 9.9982E-05
0.0634546 0.0342961 9.9991E-05 0.169423 0.719309 0.0134165
0.0729982 9.9982E-05 0.0835217 0.0808848 0.762395 9.9982E-05
0.0387136 9.9973E-05 9.9973E-05 9.9973E-05 0.909717 0.0512699
9.999E-05 0.027756 0.0168666 0.0789669 0.822944 0.0533668
0.164721 9.9973E-05 9.9973E-05 0.140657 0.694322 9.9973E-05
0.0253189 9.9991E-05 0.0169346 0.0595495 0.891607 0.00649016
9.9973E-05 0.13454 9.9973E-05 9.9973E-05 0.821271 0.0438894
9.9982E-05 0.0222936 0.0689567 9.9982E-05 0.874626 0.0339233
9.9973E-05 9.9973E-05 0.0477321 0.0320376 0.91993 9.9973E-05
0.0638851 0.0177438 0.0729177 0.0192102 0.825526 0.000717186
9.9973E-05 9.9973E-05 0.0730485 9.9973E-05 0.916229 0.0104228
9.9982E-05 0.109657 9.9982E-05 0.0551698 0.809274 0.0256995
0.0706546 0.0223494 9.9991E-05 0.0143947 0.820166 0.0723356
0.340583 9.9991E-05 0.000256221 0.437039 0.159076 0.0629464
0.0417127 0.0756763 0.0181663 0.632633 0.231712 9.9991E-05
0.0584197 0.0349458 0.103122 0.716718 0.0866948 9.9991E-05
0.150652 0.00239768 0.0736431 0.705543 0.0274498 0.0403145
0.257324 0.132246 9.9982E-05 0.419115 0.191116 9.9982E-05
9.996E-05 9.996E-05 9.996E-05 9.996E-05 9.996E-05 0.9995
0.1964 9.9982E-05 0.0206306 9.9982E-05 0.760814 0.021955
9.9982E-05 0.0249865 0.138724 0.717299 0.11879 9.9982E-05
0.163405 0.0445592 9.9982E-05 0.659513 0.132323 9.9982E-05
0.298286 0.0317757 0.135703 0.218169 0.312312 0.00375385
0.529889 0.196693 0.0354044 0.136546 0.0558678 0.0456005
0.871605 9.9973E-05 0.0989711 0.0291242 9.9973E-05 9.9973E-05
9.996E-05 9.996E-05 9.996E-05 9.996E-05 9.996E-05 0.9995
0.290494 0.0677058 9.9991E-05 0.322028 0.22548 0.0941923
0.542333 9.9982E-05 0.121433 0.256427 0.0796068 9.9982E-05
0.140477 0.116418 0.00870386 0.314734 0.366143 0.0535257
0.148653 0.219263 0.579653 9.9991E-05 0.0257772 0.0265548
0.119112 0.529547 0.327022 9.9982E-05 9.9982E-05 0.0241188
9.9973E-05 0.45936 0.37837 0.16197 9.9973E-05 9.9973E-05
0.184042 0.468797 0.27438 0.0155199 9.9991E-05 0.057161
9.9991E-05 0.656104 0.246583 0.0220179 0.033455 0.0417402
9.9982E-05 0.642356 0.275285 0.0369804 0.0451792 9.9982E-05
9.9973E-05 0.78996 0.01128 0.19846 9.9973E-05 9.9973E-05
0.0611756 0.488133 0.41349 9.9991E-05 0.0263676 0.0107341
9.996E-05 9.996E-05 0.9995 9.996E-05 9.996E-05 9.996E-05
0.0835264 0.67224 0.177417 0.0373058 9.9991E-05 0.0294114
0.163242 0.181647 0.517738 0.105922 9.9991E-05 0.0313508
9.996E-05 9.996E-05 0.9995 9.996E-05 9.996E-05 9.996E-05
0.0885314 0.367607 0.400826 0.0404949 0.10244 9.9991E-05
0.54161 0.110264 0.293402 9.9991E-05 0.00309534 0.0515289
0.089797 0.0328416 9.9991E-05 0.0923705 0.755412 0.0294788
0.00498508 0.076404 0.000371038 0.112524 0.781166 0.02455
9.9982E-05 9.9982E-05 0.0444799 0.096985 0.845655 0.0126805
0.104649 0.554393 0.231588 0.0558815 0.0410406 0.0124489
0.358074 0.405785 0.150074 9.9982E-05 9.9982E-05 0.0858663
0.0159459 0.856642 9.9982E-05 9.9982E-05 0.119094 0.00811836
0.175737 0.608401 0.179968 9.9982E-05 9.9982E-05 0.0356943
9.9982E-05 0.506917 0.413737 0.0383321 9.9982E-05 0.0408135
0.53253 0.155587 0.0899142 0.221151 9.9991E-05 0.000717336
0.781264 9.9982E-05 0.165113 0.0501519 9.9982E-05 0.00327158
0.787105 0.00452521 0.171477 0.0291411 9.9991E-05 0.00765123
0.90854 0.0744293 9.9973E-05 9.9973E-05 9.9973E-05 0.0167311
0.843971 0.0189594 9.9982E-05 9.9982E-05 0.110045 0.0268256
0.886288 9.9973E-05 0.0816801 9.9973E-05 9.9973E-05 0.031732
0.639723 0.114425 9.9991E-05 0.0675101 0.143963 0.03428
0.201827 0.535498 0.210043 0.0524321 9.9982E-05 9.9982E-05
0.309861 0.257398 0.20259 0.123997 9.9991E-05 0.106054
0.140624 0.412944 0.369313 9.9991E-05 0.0524025 0.0246175
0.0433264 0.404744 0.409547 9.9991E-05 0.0867375 0.0555456
0.124035 0.63835 0.136772 0.0660663 9.9991E-05 0.0346768
0.171665 0.0588609 9.9991E-05 0.0795592 0.654383 0.0354313
0.484659 0.2182 0.131333 0.00700548 0.158703 9.9991E-05
0.774925 0.224675 9.9964E-05 9.9964E-05 9.9964E-05 9.9964E-05
9.996E-05 9.996E-05 9.996E-05 9.996E-05 9.996E-05 0.9995
0.17525 9.9991E-05 0.0476459 0.628946 0.143571 0.00448751
9.9982E-05 9.9982E-05 0.0955527 0.715115 0.153392 0.0357396
0.216409 9.9991E-05 0.099761 0.460176 0.198697 0.0248571
0.203831 0.105931 9.9991E-05 0.360766 0.298094 0.031279
0.154263 0.0584531 0.0246608 0.667662 0.0948612 9.9991E-05
0.677304 9.9973E-05 0.315389 9.9973E-05 0.00700715 9.9973E-05
0.196968 0.0492523 9.9991E-05 0.132721 0.596532 0.0244267
0.65041 0.213455 0.0417038 0.0153451 9.9991E-05 0.0789868
0.344839 0.12018 9.9991E-05 0.201447 0.307598 0.0258363
0.0153518 0.026998 0.0483582 0.715422 0.182614 0.0112558
0.22585 0.0114932 0.00616247 0.682392 0.074002 9.9991E-05
0.396268 9.9973E-05 9.9973E-05 0.497244 0.106188 9.9973E-05
0.336394 9.9982E-05 0.0975138 0.555188 0.0107044 9.9982E-05
0.425755 9.9991E-05 0.0176336 0.530723 0.0157193 0.0100687
0.348706 9.9964E-05 9.9964E-05 0.650895 9.9964E-05 9.9964E-05
0.624573 0.108706 0.173777 0.00500906 0.0558295 0.0321052
0.613098 0.0755274 0.12707 0.0391726 0.0416883 0.103443
0.582594 0.216477 0.0610691 0.0186011 0.0504821 0.0707766
0.618789 9.9982E-05 9.9982E-05 0.112938 0.247168 0.0209042
0.454222 0.0789066 0.0822177 0.18826 0.196294 9.9991E-05
9.9973E-05 0.140547 9.9973E-05 0.384367 0.474786 9.9973E-05
9.9991E-05 0.67682 0.184656 0.0962695 0.0244985 0.0176564
0.0928734 0.557184 0.282181 9.9991E-05 0.0476961 0.0199655
0.53708 0.0358633 0.219127 0.0559685 0.151861 9.9991E-05
0.512031 0.0122447 0.22864 0.0926859 0.13205 0.0223487
0.427438 9.9982E-05 0.246906 9.9982E-05 0.293773 0.0316828
0.283456 9.9973E-05 0.0230383 9.9973E-05 0.693206 9.9973E-05
0.109015 0.759304 9.9982E-05 9.9982E-05 0.0981316 0.033349
0.227305 0.389633 0.355996 9.9982E-05 0.0268658 9.9982E-05
0.318176 0.427515 0.169078 0.0850304 9.9982E-05 9.9982E-05
0.0936856 0.0340048 0.0825436 0.292998 0.430317 0.0664511
9.9973E-05 0.0930843 9.9973E-05 0.695227 0.211389 9.9973E-05
0.113113 0.0983083 9.9991E-05 0.706096 0.0481089 0.0342739
9.9982E-05 0.0757497 0.110029 0.733356 0.080666 9.9982E-05
0.0461479 9.9982E-05 0.0313093 0.525826 0.396516 9.9982E-05
0.113854 0.0431572 0.0213332 0.618602 0.181937 0.0211168
0.0224722 0.10562 9.9982E-05 0.76626 0.105448 9.9982E-05
9.9982E-05 9.9982E-05 0.145597 0.82834 0.011083 0.014781
0.10348 0.102425 9.9982E-05 0.425487 0.368408 9.9982E-05
0.052565 0.076156 9.9991E-05 0.689527 0.172895 0.00875677
0.198674 9.9982E-05 9.9982E-05 0.573232 0.203733 0.0241612
0.156271 9.9991E-05 0.000120545 0.636784 0.165052 0.0416726
0.0363403 0.0295548 0.142576 0.541752 0.249677 9.9991E-05
0.253829 0.0309494 0.0194257 0.590134 0.0464086 0.0592532
0.323179 9.9991E-05 0.0530279 0.306653 0.290895 0.0261447
0.0592992 0.105231 9.9982E-05 0.764185 0.0710847 9.9982E-05
0.181735 9.9964E-05 9.9964E-05 9.9964E-05 0.817865 9.9964E-05
0.0140012 9.9973E-05 9.9973E-05 0.100086 0.885613 9.9973E-05
9.9973E-05 9.9973E-05 9.9973E-05 0.0276614 0.93732 0.0347185
0.0459486 0.0777557 0.00274374 0.0860498 0.779888 0.00761433
0.0065729 0.0897447 0.0304871 0.0793071 0.782006 0.0118821
0.222133 0.111786 9.9982E-05 0.64364 9.9982E-05 0.0222413
0.13395 0.0373941 0.0133651 0.58578 0.206149 0.0233616
9.9964E-05 0.233955 0.765645 9.9964E-05 9.9964E-05 9.9964E-05
0.0523942 0.91663 9.9982E-05 9.9982E-05 0.0155438 0.0152319
9.9982E-05 0.845697 0.110255 9.9982E-05 0.043074 0.000773699
0.200292 0.653939 0.0540174 9.9982E-05 0.0915516 9.9982E-05
9.9982E-05 0.53944 0.396193 0.0299719 9.9982E-05 0.0341943
9.9973E-05 0.590691 0.255998 9.9973E-05 0.153011 9.9973E-05
9.9982E-05 0.800249 0.164235 0.0170027 9.9982E-05 0.0183131
9.9982E-05 0.631422 0.316136 9.9982E-05 0.0513624 0.00087977
0.0354328 0.706348 0.199211 9.9982E-05 0.0588089 9.9982E-05
9.9982E-05 0.76164 0.15059 9.9982E-05 0.0749591 0.0126115
0.102281 0.736448 0.120296 9.9982E-05 9.9982E-05 0.040775
9.9991E-05 0.710374 0.136947 0.0281636 0.0882761 0.0361392
0.0043474 0.740016 0.123647 0.101107 0.0217713 0.00911133
9.9982E-05 0.659262 0.263434 9.9982E-05 0.0623924 0.0147118
0.0797966 0.680577 0.213732 9.9991E-05 0.0206786 0.00511635
9.9982E-05 0.614611 0.315444 0.0521071 9.9982E-05 0.017638
9.9982E-05 0.785575 0.138318 9.9982E-05 0.0702209 0.00568655
0.723883 0.214517 9.9982E-05 0.012488 0.0489118 9.9982E-05
0.938641 9.9991E-05 0.0117877 0.019603 0.0267553 0.00311256
0.081013 0.713723 0.204964 9.9973E-05 9.9973E-05 9.9973E-05
0.0705335 0.45094 0.290176 0.164678 9.9991E-05 0.0235729
9.996E-05 9.996E-05 0.9995 9.996E-05 9.996E-05 9.996E-05
0.654879 9.9982E-05 0.232482 0.105476 9.9982E-05 0.00696268
9.9973E-05 0.0890001 9.9973E-05 0.899951 9.9973E-05 0.0107488
9.9982E-05 0.034631 9.9982E-05 0.768648 0.172335 0.0241861
0.173251 9.9982E-05 0.135293 0.271548 0.419709 9.9982E-05
0.137788 0.0153452 9.9982E-05 0.236357 0.61031 9.9982E-05
0.163417 0.0481999 9.9982E-05 0.01941 0.768773 9.9982E-05
9.9973E-05 9.9973E-05 0.138672 0.0452249 0.815804 9.9973E-05
0.109243 9.9991E-05 0.0146352 0.164378 0.699847 0.0117969
0.119493 9.9991E-05 0.0272279 0.0620456 0.774253 0.0168805
0.106532 0.118571 0.00979747 0.0259094 0.705557 0.0336334
9.9991E-05 0.0727976 0.00315133 0.13221 0.769022 0.0227184
0.00158507 0.00243697 0.141438 0.778888 0.0755525 9.9991E-05
0.0615619 0.00710017 0.13594 0.678328 0.0705143 0.0465555
0.214005 9.9982E-05 0.0894752 0.654618 9.9982E-05 0.0417021
0.330809 0.0762254 9.9973E-05 0.592666 9.9973E-05 9.9973E-05
0.251729 9.9982E-05 0.0703008 0.656689 9.9982E-05 0.0210808
0.415504 0.0685265 9.9982E-05 0.500275 0.0154943 9.9982E-05
0.278563 9.9991E-05 0.0357297 0.509031 0.154994 0.0215826
0.175424 9.9991E-05 0.114086 0.524504 0.176793 0.0090931
0.194391 0.0656861 9.9991E-05 0.637745 0.0518784 0.0501994
0.197319 0.114415 9.9991E-05 0.457553 0.22374 0.00687212
0.104894 0.0632158 0.03268 0.643902 0.137249 0.0180595
0.0815752 0.0674578 0.0208977 0.0818672 0.580987 0.167215
0.113456 0.257026 0.580013 0.0341022 0.0153027 9.9991E-05
9.9982E-05 0.599793 0.269707 9.9982E-05 0.0846907 0.0456092
0.0735538 0.926046 9.9964E-05 9.9964E-05 9.9964E-05 9.9964E-05
0.082163 0.754961 0.0423959 0.115059 0.00532172 9.9991E-05
9.9991E-05 0.638041 0.236889 0.0634248 0.0502649 0.0112802
0.207772 0.127673 0.0296494 0.343777 0.263009 0.0281191
0.253533 9.9991E-05 0.00104179 0.398562 0.307835 0.0389288
9.9991E-05 0.0265937 0.0415212 0.670977 0.200082 0.0607262
0.235917 0.0137031 0.00807738 0.394942 0.285777 0.0615838
