9.9991E-05 0.756171 0.0101754 0.233553
9.999E-05 0.892756 0.0384278 0.0687161
0.00525302 0.733343 0.0295216 0.231882
0.0173668 0.862134 0.0205913 0.0999082
0.0307909 0.873539 0.0097917 0.0858785
0.0853535 0.906562 9.9991E-05 0.00798408
0.035336 0.884118 9.9991E-05 0.0804458
9.999E-05 0.920121 0.0454729 0.0343062
0.0567075 0.689831 0.0195249 0.233936
0.025631 0.709292 0.0245623 0.240515
0.203922 0.610024 0.0772055 0.108849
0.0373541 0.647091 0.049572 0.265983
0.299291 0.591597 0.054117 0.0549945
0.113783 0.586058 0.0214787 0.27868
0.049862 0.662497 0.0547034 0.232938
0.00583468 0.799155 0.0182473 0.176763
9.9991E-05 0.718689 0.00982181 0.271389
9.9991E-05 0.845078 0.0367164 0.118105
0.163118 0.183193 0.0717522 0.581937
0.0103245 0.219953 9.9991E-05 0.769623
0.00490947 0.160629 0.00822941 0.826232
0.0334435 0.0309511 0.012807 0.922798
9.9982E-05 9.9982E-05 0.053201 0.946599
9.9991E-05 0.0604143 0.0330552 0.90643
0.00118769 0.21923 9.9991E-05 0.779482
9.9991E-05 0.0534512 0.0166564 0.929792
0.0233953 9.9991E-05 0.029117 0.947388
0.0651413 9.9991E-05 0.0520689 0.88269
9.9982E-05 9.9982E-05 0.0172941 0.982506
0.0923701 9.9982E-05 9.9982E-05 0.90743
0.042995 9.9991E-05 0.00466601 0.952239
0.0200064 0.0264456 0.0418551 0.911693
9.9991E-05 0.0338545 0.0710868 0.894959
0.0377556 0.680694 0.0861578 0.195393
0.0427369 0.658371 9.9991E-05 0.298792
0.0544875 0.754376 9.9991E-05 0.191037
0.0633841 0.778057 0.0386505 0.119908
0.134546 0.65537 0.0162807 0.193804
9.998E-05 9.998E-05 0.9997 9.998E-05
0.0379972 0.0604297 0.0444524 0.857121
0.0897502 0.699787 9.9991E-05 0.210362
9.9991E-05 0.753834 0.0102214 0.235845
0.196452 0.433422 0.00472216 0.365404
0.320991 0.397454 0.073066 0.208489
0.299867 0.645031 0.0128908 0.0422108
9.998E-05 9.998E-05 0.9997 9.998E-05
0.0668489 0.59098 0.0830761 0.259095
0.197297 0.634765 9.9991E-05 0.167838
0.102984 0.418816 0.0597155 0.418484
0.832079 0.120007 0.0375837 0.0103304
0.888543 0.0592024 0.0234556 0.0287993
0.884907 0.0497637 0.0125349 0.0527941
0.822811 0.125014 0.0520749 9.9991E-05
0.868525 9.9991E-05 0.0578178 0.0735573
0.881728 0.0310639 9.9991E-05 0.0871082
0.728617 0.271183 9.9982E-05 9.9982E-05
0.871357 0.0274497 0.0251467 0.0760464
0.897051 9.9991E-05 0.0328354 0.0700138
0.847285 0.0999844 0.0526302 9.9991E-05
0.721833 0.229364 0.048703 9.9991E-05
0.893207 9.9982E-05 9.9982E-05 0.106593
0.785011 0.078455 9.9991E-05 0.136434
0.542273 0.390377 0.0672497 9.9991E-05
0.020771 0.104715 0.0430078 0.831506
0.00493215 9.9991E-05 0.0508065 0.944161
9.9982E-05 0.124673 9.9982E-05 0.875127
0.811271 0.156716 0.00830854 0.0237052
0.680623 0.236744 0.0825331 9.9991E-05
0.824159 0.021045 0.00277938 0.152017
0.830575 0.0630203 0.0686922 0.0377127
0.855897 0.107533 0.0364695 9.9991E-05
0.33393 0.645514 0.020456 9.9991E-05
0.298117 0.627247 0.0218363 0.0528005
0.370192 0.585829 9.9991E-05 0.0438787
0.322968 0.589876 0.031031 0.0561242
0.247166 0.518384 0.0679392 0.16651
0.34013 0.555765 0.0495686 0.0545369
0.266323 0.589176 0.0287577 0.115743
0.766787 0.233013 9.9982E-05 9.9982E-05
0.592706 0.278006 0.116723 0.0125656
0.823817 0.0572534 0.0309431 0.0879866
0.854755 9.9991E-05 0.0566508 0.0884947
0.762656 0.201129 0.0315715 0.00464396
0.0762825 0.102321 0.0437891 0.777607
0.451338 0.366512 9.9991E-05 0.18205
0.422776 0.577024 9.9984E-05 9.9984E-05
9.998E-05 9.998E-05 0.9997 9.998E-05
9.9991E-05 0.772784 0.0116506 0.215465
9.9991E-05 0.810771 0.0379585 0.15117
0.024189 0.670654 0.0588653 0.246292
0.160079 0.455544 0.0418035 0.342574
0.0606065 0.787404 9.9991E-05 0.15189
0.478324 0.480717 9.9991E-05 0.0408583
0.0314122 0.289147 0.0582256 0.621215
0.420496 0.505166 0.0742381 9.9991E-05
0.167992 0.45944 0.0525221 0.320047
9.9991E-05 0.772106 0.0012489 0.226545
0.0157403 0.884904 9.9991E-05 0.0992561
0.0132529 0.74535 9.9991E-05 0.241297
0.0891438 0.796846 0.0321587 0.081852
9.9991E-05 0.898009 0.014345 0.0875463
9.9991E-05 0.849036 0.0201849 0.130679
0.4212 0.444415 0.0277592 0.106626
0.319692 0.479015 0.061865 0.139428
0.398931 0.466094 0.109789 0.0251859
0.125925 0.590923 0.00719531 0.275956
0.287423 0.529311 9.9991E-05 0.183167
0.0532275 0.432836 9.9991E-05 0.513837
0.819242 0.168471 0.0121866 9.9991E-05
0.821689 0.116023 0.0187518 0.0435358
0.367767 0.451702 0.0104328 0.170098
0.343488 0.518801 0.0219319 0.115779
0.295152 0.317246 0.0647519 0.32285
0.0137862 0.146314 9.9991E-05 0.8398
0.753658 0.063397 0.0476266 0.135318
0.790026 0.180937 9.9991E-05 0.0289369
0.623386 0.354959 0.0215551 9.9991E-05
0.039251 0.399581 0.0685045 0.492664
0.0268639 0.606139 0.0168851 0.350112
0.0701585 0.867815 0.0290225 0.0330044
0.0631636 0.832142 9.9991E-05 0.104594
9.9982E-05 0.52769 9.9982E-05 0.47211
0.0119596 0.786716 0.0174989 0.183826
0.0121348 0.814003 0.00690746 0.166955
0.0447124 0.926249 0.0224597 0.0065786
0.0218146 0.553395 9.9991E-05 0.424691
0.0160637 0.793143 0.00890711 0.181886
9.9991E-05 0.787257 0.0528457 0.159798
9.9991E-05 0.839374 0.0260074 0.134518
0.136711 0.53032 0.0159157 0.317054
0.0855171 0.785065 0.0486723 0.0807453
0.0514075 0.629661 0.0152908 0.303641
0.0270571 0.827417 0.00920471 0.136322
0.0126024 0.0489465 9.9991E-05 0.938351
9.9982E-05 0.00620396 9.9982E-05 0.993596
9.9982E-05 9.9982E-05 0.0547645 0.945036
0.0231876 0.123698 0.0136434 0.83947
0.0517719 0.126326 0.0181579 0.803744
0.128562 0.870566 0.000772716 9.9991E-05
9.9991E-05 0.758604 0.0461607 0.195136
0.9997 9.998E-05 9.998E-05 9.998E-05
0.856599 0.0288382 0.061692 0.0528707
0.883837 0.0456321 0.0170315 0.053499
0.758467 0.170269 0.0168943 0.0543702
0.924832 0.0353325 0.0397353 9.9991E-05
0.841035 0.0064127 0.0131948 0.139357
0.915587 0.0353002 0.0490132 9.9991E-05
0.925129 9.9982E-05 9.9982E-05 0.074671
0.898778 9.9982E-05 9.9982E-05 0.101022
0.91212 9.9991E-05 0.0142842 0.0734957
0.860112 0.0858669 0.0539213 9.9991E-05
0.821801 0.0228065 0.0416768 0.113716
0.803983 0.0519368 0.0323994 0.111681
0.914083 9.9991E-05 0.0357773 0.05004
0.910679 0.0303401 0.0395531 0.0194274
0.936716 0.0260187 0.0371654 9.9991E-05
0.898065 9.9991E-05 0.0330635 0.0687713
0.383699 0.553649 9.9991E-05 0.0625522
0.23001 0.755186 0.0147031 9.9991E-05
0.918919 0.080881 9.9982E-05 9.9982E-05
0.763146 0.198316 0.0357263 0.00281131
0.917821 9.9991E-05 0.00559528 0.0764837
0.333495 0.666305 9.9982E-05 9.9982E-05
9.9991E-05 0.960172 0.00240607 0.0373222
9.9991E-05 0.760711 0.0108485 0.228341
0.0561509 0.474106 9.9991E-05 0.469643
9.9982E-05 0.252121 9.9982E-05 0.747679
0.0405049 0.110172 9.9991E-05 0.849223
0.059627 0.00113865 9.9991E-05 0.939134
9.9991E-05 0.170668 0.0293831 0.799849
0.0122724 0.134232 0.0153232 0.838173
0.0843391 0.123071 0.0386516 0.753938
0.0411744 9.9991E-05 0.0368645 0.921861
9.9991E-05 0.818104 0.00439047 0.177405
0.0530523 0.851033 0.0704581 0.0254568
0.0229061 0.913337 0.0636568 9.9991E-05
0.0265408 0.970898 0.00246134 9.9991E-05
9.9982E-05 0.96969 0.0301101 9.9982E-05
0.0968329 0.882719 9.9991E-05 0.0203482
9.9991E-05 0.696831 0.0232318 0.279838
0.0846865 0.613981 0.0141348 0.287198
0.0189918 0.754395 0.0686854 0.157927
0.0582693 0.684384 0.035806 0.22154
0.0442648 0.747592 0.0516102 0.156533
0.0841838 0.0372592 0.170317 0.70824
0.826467 0.0980653 0.0254398 0.0500278
0.860164 9.9991E-05 0.0370882 0.102647
0.922401 9.9991E-05 0.0230182 0.0544811
0.738877 0.222492 0.0385308 9.9991E-05
0.83296 0.0248895 0.0115124 0.130638
0.123844 0.507049 0.0496525 0.319455
9.9991E-05 0.518362 0.0639625 0.417576
9.9991E-05 0.73362 0.0718965 0.194384
9.9991E-05 0.618138 0.0444931 0.337269
