0.0847545 0.0145496 0.00530864 0.756015 0.139373
0.103741 9.9991E-05 0.0378592 0.748936 0.109364
0.156746 0.000276081 0.0313677 0.617381 0.194229
0.224737 9.9991E-05 0.00608987 0.760215 0.00885825
9.9982E-05 0.0862971 0.00280536 0.910698 9.9982E-05
0.100985 0.0725877 9.9991E-05 0.824347 0.00198008
0.185276 0.0110165 9.9991E-05 0.764728 0.0388792
0.202833 9.9982E-05 0.0360856 0.760882 9.9982E-05
0.0360594 0.0788351 0.00522798 0.69145 0.188427
0.281281 9.9991E-05 0.0215715 0.493681 0.203366
0.487311 0.0427708 0.053346 0.307283 0.10929
0.276459 9.9991E-05 0.0162549 0.45181 0.255376
0.887667 0.0100587 0.0479498 9.9991E-05 0.0542248
0.287676 0.0242322 9.9991E-05 0.499357 0.188635
9.999E-05 0.0758273 0.0490176 0.692984 0.182071
0.236307 9.9991E-05 0.020183 0.685161 0.0582496
9.999E-05 0.0339749 0.00373804 0.697084 0.265103
9.9982E-05 9.9982E-05 0.0369119 0.876288 0.0866003
0.161168 0.125833 0.0682973 0.0624975 0.582204
0.0711774 0.0468114 9.9991E-05 0.164167 0.717744
0.0115806 0.029202 0.00245601 0.245946 0.710815
0.101601 0.0264685 0.0107887 0.0256208 0.835521
0.0685345 9.9982E-05 0.0587313 9.9982E-05 0.872534
9.999E-05 0.0457377 0.0478713 0.0952417 0.811049
0.103883 9.9982E-05 9.9982E-05 0.190417 0.705501
9.9982E-05 9.9982E-05 0.0112002 0.0495711 0.939029
9.9982E-05 0.0774402 0.0243672 9.9982E-05 0.897993
0.0321855 0.0642108 0.0343573 9.9991E-05 0.869146
9.9982E-05 0.000653468 9.9982E-05 0.049976 0.949171
9.9982E-05 0.15435 9.9982E-05 0.00369782 0.841752
0.0195394 0.0462581 0.0231546 0.00575052 0.905297
9.9991E-05 0.0652395 0.0396216 0.0246024 0.870436
0.045581 9.9991E-05 0.0769641 0.0356152 0.84174
0.256723 9.9991E-05 0.0570694 0.509451 0.176657
9.9982E-05 0.0360725 9.9982E-05 0.679159 0.284569
0.0869957 0.0676694 9.9991E-05 0.716827 0.128408
0.295371 9.9991E-05 0.0202481 0.636711 0.0475699
0.314253 0.0645181 0.00986998 0.484393 0.126966
9.997E-05 9.997E-05 0.9996 9.997E-05 9.997E-05
0.222075 0.000705744 0.0198739 9.9991E-05 0.757245
9.9991E-05 0.148615 0.0188082 0.713017 0.119459
0.203014 9.9982E-05 9.9982E-05 0.633492 0.163294
0.271596 0.124661 0.00131236 0.28232 0.32011
0.718881 0.0710301 0.052089 0.0577911 0.100209
0.972665 9.9973E-05 9.9973E-05 9.9973E-05 0.0270349
9.997E-05 9.997E-05 0.9996 9.997E-05 9.997E-05
0.24611 0.00206991 0.0863009 0.462645 0.202873
0.560775 0.0486051 9.9991E-05 0.177019 0.213501
0.216704 0.0762377 0.036733 0.298075 0.37225
0.319163 0.656995 0.0236421 9.9982E-05 9.9982E-05
0.233039 0.741556 0.0252044 9.9982E-05 9.9982E-05
0.015483 0.774473 9.9991E-05 0.186278 0.023666
0.277088 0.672139 0.0505735 9.9982E-05 9.9982E-05
9.9982E-05 0.812242 0.0546027 9.9982E-05 0.132956
9.9982E-05 0.863854 9.9982E-05 0.0946972 0.0412485
9.9973E-05 0.739211 9.9973E-05 0.260489 9.9973E-05
0.126046 0.793429 0.0156085 0.0432697 0.0216463
9.9982E-05 0.841998 0.0249999 9.9982E-05 0.132802
0.176904 0.74403 0.0535332 0.0254326 9.9991E-05
0.184161 0.61567 0.0330592 0.16701 9.9991E-05
0.0611361 0.820021 0.00670547 9.9991E-05 0.112038
0.162419 0.668932 9.9991E-05 0.0643491 0.1042
0.573763 0.338199 0.0713295 0.00904713 0.00766107
9.9991E-05 0.0551245 0.016857 0.115563 0.812356
0.0991715 9.9991E-05 0.0429588 0.0885126 0.769257
9.9982E-05 9.9982E-05 0.0193671 0.115841 0.864592
0.211801 0.69768 0.0155037 0.0631712 0.0118449
0.437206 0.499316 0.063278 9.9982E-05 9.9982E-05
0.118797 0.726231 0.00204315 0.0976756 0.0552524
0.286845 0.679141 0.026776 9.9991E-05 0.00713763
9.9982E-05 0.836985 0.0401113 0.122704 9.9982E-05
0.693277 0.0913133 0.0166385 0.198671 9.9991E-05
0.81045 0.0457309 0.00820628 0.135513 9.9991E-05
0.898592 0.0558258 0.00621034 0.0392718 9.9991E-05
0.976132 0.00425467 0.019413 9.9982E-05 9.9982E-05
0.911477 9.9991E-05 0.0448841 0.0189524 0.0245867
0.974124 9.9973E-05 0.0255759 9.9973E-05 9.9973E-05
0.775154 0.0246774 0.0220591 0.0480597 0.13005
0.326603 0.614541 9.9982E-05 0.0586556 9.9982E-05
0.244653 0.458631 0.132026 0.143542 0.0211479
0.18903 0.710948 0.00705856 9.9991E-05 0.0928634
0.129798 0.743369 0.0459442 9.9991E-05 0.0807889
0.108303 0.709742 0.0218678 0.159988 9.9991E-05
0.205402 0.00721176 0.0304839 0.0601479 0.696755
0.424875 0.300739 9.9991E-05 0.115982 0.158305
0.896251 0.103449 9.9973E-05 9.9973E-05 9.9973E-05
9.997E-05 9.997E-05 0.9996 9.997E-05 9.997E-05
0.182983 9.9982E-05 9.9982E-05 0.653544 0.163272
0.124503 9.9991E-05 0.0128652 0.700338 0.162193
0.129123 0.0427041 0.062056 0.643459 0.122658
0.35115 0.0403849 0.0718326 0.337948 0.198685
9.9982E-05 0.103005 9.9982E-05 0.835464 0.0613307
0.797 0.159675 9.9982E-05 9.9982E-05 0.0431248
0.184944 0.0152824 0.0410079 0.119699 0.639066
0.706427 0.158374 0.0864128 0.0486866 9.9991E-05
0.385237 0.0312631 0.0313043 0.274222 0.277973
9.9982E-05 9.9982E-05 0.00196974 0.813219 0.184611
0.302967 9.9982E-05 9.9982E-05 0.661935 0.034898
0.306939 9.9982E-05 9.9982E-05 0.530394 0.162467
0.292379 0.010146 0.0163536 0.681021 9.9991E-05
0.363204 9.9982E-05 9.9982E-05 0.58108 0.0555162
0.251225 9.9991E-05 0.0113334 0.624777 0.112564
0.691505 0.186894 0.0201734 0.0587648 0.0426624
0.560069 0.186436 0.073387 0.114934 0.0651738
0.702823 0.156019 0.0768337 0.0395392 0.0247853
0.603185 9.9991E-05 0.0213997 0.181026 0.19429
0.471515 0.113138 9.9991E-05 0.241504 0.173743
0.0700857 0.0666414 0.00271847 0.445364 0.41519
9.9991E-05 0.791112 0.00934888 0.189022 0.0104169
0.252493 0.67896 0.0252364 0.00898548 0.0343253
0.672081 0.13426 0.00991556 0.0149837 0.16876
0.576537 0.12597 0.0350826 0.152649 0.109762
0.372671 0.162193 0.0692713 0.0677138 0.328151
0.271374 9.9973E-05 9.9973E-05 9.9973E-05 0.728326
0.239178 0.636808 0.0333417 9.9991E-05 0.0905717
0.306326 0.645086 9.9982E-05 0.0483878 9.9982E-05
0.422763 0.452595 9.9982E-05 0.124442 9.9982E-05
0.0796106 0.0353185 0.0702474 0.38356 0.431263
9.9991E-05 0.0915617 0.0040849 0.642522 0.261731
0.143705 0.0367997 0.00461475 0.772276 0.0426048
0.015888 0.0919522 9.9991E-05 0.800853 0.0912072
0.0663683 9.9982E-05 9.9982E-05 0.488886 0.444545
0.137876 9.9991E-05 0.00069636 0.668781 0.192547
0.0293899 0.0504611 9.9991E-05 0.788561 0.131488
9.9991E-05 0.0870507 0.0114442 0.875091 0.0263144
0.0818896 0.0551432 0.00370518 0.507708 0.351554
0.14321 9.9991E-05 0.0124002 0.789304 0.0549859
0.0750947 9.9991E-05 0.0343587 0.696715 0.193732
0.135811 9.9991E-05 0.0227979 0.732532 0.108759
0.260169 0.0652175 0.0108876 0.409563 0.254164
0.154857 0.0586098 0.0349178 0.751515 9.9991E-05
0.30011 9.9991E-05 0.0312458 0.463507 0.205037
0.0137936 0.0556891 9.9991E-05 0.885255 0.0451622
0.178334 9.9973E-05 9.9973E-05 9.9973E-05 0.821366
0.0412138 9.9973E-05 9.9973E-05 9.9973E-05 0.958486
9.9973E-05 9.9973E-05 0.0528266 9.9973E-05 0.946873
0.00183629 0.0756105 0.010683 0.16316 0.74871
0.151556 0.00762232 0.0279788 9.9991E-05 0.812743
0.275827 0.0583684 0.00926893 0.656435 9.9991E-05
0.131313 9.9991E-05 0.00465847 0.619632 0.244297
0.0841339 0.915566 9.9973E-05 9.9973E-05 9.9973E-05
0.0188128 0.820615 0.0376844 0.111447 0.0114408
9.9982E-05 0.890992 0.00505687 0.103751 9.9982E-05
0.301357 0.635588 0.00565227 0.0117912 0.0456117
9.9982E-05 0.850939 0.0331308 0.11573 9.9982E-05
0.0531687 0.788122 0.0141303 0.000999727 0.14358
0.0622471 0.871106 0.0129452 0.0536015 9.9991E-05
0.10029 0.820194 0.000680804 9.9991E-05 0.0787359
0.0729205 0.815083 9.9991E-05 0.0034469 0.10845
0.0705801 0.823428 9.9982E-05 9.9982E-05 0.105792
0.144649 0.791069 0.0201002 0.0440824 9.9991E-05
0.054889 0.750006 0.0495995 0.123856 0.0216496
0.0270442 0.800837 9.9991E-05 0.112637 0.0593822
9.9991E-05 0.844489 0.0220418 0.0541701 0.0791988
0.206216 0.790625 0.00295949 9.9982E-05 9.9982E-05
9.9982E-05 0.881383 0.0127591 0.105658 9.9982E-05
9.9991E-05 0.874309 0.00744319 0.00236835 0.11578
0.825678 0.0927935 9.9991E-05 0.032044 0.0493843
0.823095 9.9973E-05 9.9973E-05 0.176605 9.9973E-05
0.138707 0.834933 9.9982E-05 0.02616 9.9982E-05
9.9982E-05 0.679609 0.0295635 0.290628 9.9982E-05
0.120193 0.839804 9.99889E-05 9.99889E-05 0.0398032
0.649271 0.137614 9.9982E-05 0.212915 9.9982E-05
0.0325875 0.0520453 0.011011 0.891504 0.0128522
9.9991E-05 0.00974241 0.0324699 0.671565 0.286123
0.207852 0.003468 9.9991E-05 0.34071 0.44787
0.0861169 9.9982E-05 9.9982E-05 0.288226 0.625457
0.23243 9.9973E-05 9.9973E-05 9.9973E-05 0.76727
0.153687 0.0124202 0.000998677 9.9991E-05 0.832794
0.15302 9.9991E-05 0.0186242 0.0643106 0.763945
0.0157225 0.0186268 0.0334704 0.168011 0.764169
0.118055 0.0696223 0.0152046 0.0070237 0.790094
0.0596489 0.0430603 0.0408756 0.100783 0.755632
0.163453 9.9982E-05 9.9982E-05 0.720681 0.115666
0.138181 0.070678 0.0494647 0.646961 0.0947149
0.154398 0.0210623 0.0415582 0.782882 9.9991E-05
0.260625 0.00154301 9.9982E-05 0.737632 9.9982E-05
0.162357 9.9982E-05 0.0147251 0.822718 9.9982E-05
0.427475 9.9982E-05 0.00281455 0.56951 9.9982E-05
0.173996 9.9991E-05 0.0211441 0.562967 0.241793
0.150707 0.0678252 0.00874228 0.585765 0.18696
0.180353 0.023084 0.0365152 0.628399 0.131649
0.291947 9.9991E-05 0.0281096 0.518032 0.161811
0.159412 9.9991E-05 0.043354 0.662358 0.134775
0.0536247 0.119926 0.132733 0.0695558 0.624161
0.180809 0.718523 9.9991E-05 0.0985742 0.00199404
0.0669329 0.804897 0.0494801 9.9991E-05 0.0785897
0.140384 0.828135 0.0137361 9.9991E-05 0.017645
0.080875 0.720593 9.9991E-05 0.148935 0.0494975
0.00348325 0.791694 0.0229502 0.0624027 0.11947
0.0590892 0.1504 0.0283553 0.540383 0.221773
0.167634 0.00497392 0.0301224 0.509443 0.287826
9.9991E-05 0.0181548 0.0745844 0.782842 0.124319
0.189729 9.9991E-05 0.0704034 0.473404 0.266364
