0.069315 0.130075 0.67459 0.0110555 0.114864 9.9991E-05
0.0468184 0.192607 0.653462 0.0299412 0.0770715 9.9991E-05
0.119115 9.9982E-05 0.778984 0.0203025 0.0813993 9.9982E-05
9.9982E-05 0.210095 0.650243 0.00481971 0.134642 9.9982E-05
9.9982E-05 0.151109 0.798815 0.00382049 9.9982E-05 0.0460553
9.999E-05 0.112112 0.756402 0.000220348 0.120086 0.0110797
0.0917877 0.404299 0.380655 9.9991E-05 0.0841353 0.0390229
9.9982E-05 0.480742 0.472429 0.0197667 0.0268623 9.9982E-05
0.178634 0.536276 0.211065 0.00306973 9.9991E-05 0.0708549
0.119826 0.182887 0.421933 9.9982E-05 0.275155 9.9982E-05
0.0697856 0.543472 9.9991E-05 0.0377601 0.287261 0.0616213
0.215481 0.129094 0.369913 0.0319636 0.253448 9.9991E-05
0.0971228 0.101999 9.9991E-05 0.0151973 0.737235 0.0483453
0.235015 0.524582 0.0581823 9.9991E-05 0.120381 0.0617406
0.165205 0.223603 0.521996 0.0346733 9.9991E-05 0.054423
0.0965211 0.411075 0.379246 9.9982E-05 0.112958 9.9982E-05
0.28339 0.466803 0.234716 9.9982E-05 9.9982E-05 0.0148906
0.0328391 0.242264 0.705377 0.0193196 9.9982E-05 9.9982E-05
0.499997 0.0652789 0.0685526 0.0665931 0.184525 0.115053
0.690848 0.11324 0.064551 9.9982E-05 0.13116 9.9982E-05
0.697364 0.0782459 0.173489 0.0105752 9.9991E-05 0.0402259
0.809504 9.9991E-05 0.0415189 0.0113405 0.126805 0.0107319
0.873591 9.9982E-05 9.9982E-05 0.0514901 0.062838 0.0118813
0.749354 0.013771 0.137455 0.042206 0.0374862 0.019728
0.676294 0.181837 0.12896 9.9982E-05 0.0127085 9.9982E-05
0.859952 9.9982E-05 0.0696413 0.00939803 0.0608091 9.9982E-05
0.880115 0.019113 9.9982E-05 0.0233111 9.9982E-05 0.0772608
0.836823 0.0440968 9.9982E-05 0.0360489 9.9982E-05 0.0828314
0.839748 9.9982E-05 0.130288 0.00351943 9.9982E-05 0.0262441
0.811595 9.9973E-05 0.100642 9.9973E-05 9.9973E-05 0.0874636
0.860313 0.111253 9.9981E-05 9.9981E-05 9.9981E-05 0.0281348
0.822636 0.105981 9.9982E-05 0.0245818 9.9982E-05 0.0466015
0.801877 0.134063 9.9973E-05 0.0637601 9.9973E-05 9.9973E-05
0.202092 0.269151 0.317804 0.0494573 0.161395 9.9991E-05
0.241744 0.195355 0.535099 9.9982E-05 9.9982E-05 0.0276018
0.0931972 0.264186 0.571939 9.9982E-05 9.9982E-05 0.0704781
0.0201518 0.0555627 0.680296 0.0361972 0.207692 9.9991E-05
0.17154 0.222991 0.42174 0.00479381 0.0553226 0.123612
9.996E-05 9.996E-05 9.996E-05 0.9995 9.996E-05 9.996E-05
0.704724 0.00163142 9.9982E-05 0.0540435 0.239401 9.9982E-05
0.0950849 0.0696508 0.725353 0.00886922 9.9991E-05 0.100942
0.147601 0.0905872 0.61395 0.00107702 0.146685 9.9991E-05
0.245181 0.0904055 0.257214 0.0175628 0.291882 0.0977551
0.0859842 0.0928139 0.031504 0.0466731 0.686377 0.0566477
0.00846933 0.0888998 9.9973E-05 9.9973E-05 0.902331 9.9973E-05
9.996E-05 9.996E-05 9.996E-05 0.9995 9.996E-05 9.996E-05
0.181502 0.252891 0.342732 0.072222 0.108408 0.0422452
0.200199 0.372119 0.0547697 9.9991E-05 0.264392 0.10842
0.292862 0.107871 0.272807 0.0211258 0.238966 0.0663685
0.0281823 0.0166499 9.9991E-05 0.0349917 0.199603 0.720473
9.9982E-05 0.0786671 9.9982E-05 0.026161 0.145494 0.749478
9.9973E-05 0.142618 0.113324 9.9973E-05 9.9973E-05 0.743758
9.9982E-05 0.123675 9.9982E-05 0.0498479 0.172044 0.654232
0.0688044 0.0524853 0.0191335 0.0511602 9.9991E-05 0.808317
0.0634319 0.126493 9.9973E-05 9.9973E-05 9.9973E-05 0.809775
0.00865782 0.31791 9.9973E-05 9.9973E-05 9.9973E-05 0.673132
0.0214602 0.14498 9.9991E-05 0.01256 0.0570234 0.763876
0.135256 9.9982E-05 9.9982E-05 0.0328321 0.00691836 0.824794
9.9991E-05 0.0687746 0.0601919 0.0407474 0.0632439 0.766942
9.9982E-05 9.9982E-05 0.109067 0.0279186 0.326402 0.536413
0.127693 9.9982E-05 9.9982E-05 0.000183361 0.13211 0.739814
0.0819924 9.9982E-05 0.115012 9.9982E-05 0.173816 0.628979
9.9982E-05 0.0595412 9.9982E-05 0.0660521 0.620141 0.254066
0.738434 0.181303 9.9982E-05 0.0475983 9.9982E-05 0.0324641
0.69879 9.9982E-05 0.162779 0.0169192 0.121312 9.9982E-05
0.781893 0.00658747 0.183721 0.0275982 9.9982E-05 9.9982E-05
0.055486 0.131023 9.9991E-05 0.0286726 0.120736 0.663982
9.9982E-05 9.9982E-05 0.0247353 0.0623448 0.467539 0.445181
0.0639605 0.106468 0.0605647 0.00211224 0.0278285 0.739066
0.00759519 9.9982E-05 9.9982E-05 0.0449137 0.299191 0.6481
9.9982E-05 0.0233403 0.109014 0.0342542 9.9982E-05 0.833191
9.9982E-05 0.10609 0.180727 9.9982E-05 0.606494 0.106489
0.00749691 0.288423 9.9982E-05 9.9982E-05 0.687898 0.0159828
9.9982E-05 0.238037 0.0529099 9.9982E-05 0.650818 0.0580358
9.9973E-05 0.0493616 9.9973E-05 0.0143486 0.93599 9.9973E-05
0.0368368 0.0833929 9.9982E-05 0.0207626 0.858808 9.9982E-05
9.9973E-05 0.0196804 9.9973E-05 0.027399 0.952621 9.9973E-05
0.0865102 0.171286 0.037068 0.00423444 0.700801 9.9991E-05
9.9973E-05 0.23048 9.9973E-05 9.9973E-05 0.164737 0.604483
9.9991E-05 0.0358802 0.136764 0.12358 0.32915 0.374525
0.0538972 9.9982E-05 9.9982E-05 0.0204421 0.276121 0.64934
0.0856159 9.9982E-05 9.9982E-05 0.0514207 0.169777 0.692986
9.9973E-05 0.284218 9.9973E-05 0.0290224 9.9973E-05 0.686459
0.681687 0.0661922 9.9991E-05 0.0386729 0.181371 0.0319769
0.13828 0.134514 9.9982E-05 9.9982E-05 0.431102 0.295904
9.9982E-05 0.0241455 0.010923 9.9982E-05 0.883693 0.0810388
9.996E-05 9.996E-05 9.996E-05 0.9995 9.996E-05 9.996E-05
0.0903981 0.090423 0.629608 9.9982E-05 0.189371 9.9982E-05
0.119506 0.0474261 0.679664 0.0203037 0.133001 9.9991E-05
0.165436 0.482743 0.216926 0.0370373 0.0793475 0.0185098
0.286473 0.463053 9.9991E-05 0.0498801 0.1515 0.0489943
0.0166176 0.395037 0.535627 9.9982E-05 9.9982E-05 0.0525186
0.0250964 0.057223 9.9982E-05 9.9982E-05 0.799553 0.117928
0.517963 9.9991E-05 0.274479 0.0525397 0.128179 0.0267402
9.9982E-05 9.9982E-05 0.15792 0.0588674 0.670354 0.112658
0.263923 0.230737 0.141806 0.0238793 0.280639 0.0590167
0.138899 0.279972 0.577098 0.00383118 9.9982E-05 9.9982E-05
0.0596707 0.489411 0.272361 9.9982E-05 0.178358 9.9982E-05
0.174891 0.402073 0.261536 9.9982E-05 0.1613 9.9982E-05
0.0176562 0.852278 9.9982E-05 9.9982E-05 0.111806 0.0180604
0.0207731 0.727456 0.00926606 0.00187768 0.240527 9.9991E-05
0.140166 0.723551 0.0749602 9.9982E-05 0.0611223 9.9982E-05
9.9991E-05 0.054303 0.0719425 0.0403343 0.683298 0.150022
0.110249 0.158262 9.9991E-05 0.0942436 0.51314 0.124005
9.9991E-05 0.0952019 0.00381489 0.0631593 0.703937 0.133787
0.243858 0.318437 9.9973E-05 9.9973E-05 0.437404 9.9973E-05
0.204473 0.232936 0.130235 9.9991E-05 0.351123 0.081133
0.435291 0.273144 0.247065 9.9982E-05 9.9982E-05 0.0443004
9.9982E-05 0.223397 0.0303284 0.00876938 9.9982E-05 0.737305
0.0169856 9.9991E-05 0.024207 0.0404415 0.231124 0.687142
0.120117 9.9991E-05 0.105097 0.000143743 0.690059 0.0844833
0.0859129 0.295578 9.9991E-05 0.0156146 0.470332 0.132463
0.248029 9.9991E-05 0.122302 0.0544686 0.506982 0.0681188
0.703068 0.0114874 9.9973E-05 9.9973E-05 0.285145 9.9973E-05
0.103653 9.9982E-05 9.9982E-05 0.0187212 0.245505 0.631921
0.0139791 0.11985 0.00112903 9.9991E-05 0.248668 0.616274
9.9982E-05 0.105795 0.0393945 9.9982E-05 0.423072 0.431538
0.442005 9.9991E-05 0.355174 0.0456473 0.104108 0.0529657
0.166568 9.9991E-05 0.746854 0.00164551 0.0750493 0.00978365
9.9991E-05 0.199815 0.595896 0.0278935 0.143573 0.0327226
0.0497251 0.237422 0.641869 9.9982E-05 9.9982E-05 0.0707838
0.384569 0.111072 0.488908 9.9982E-05 0.0152507 9.9982E-05
0.148997 0.0955963 0.651336 0.00949779 0.0944729 9.9991E-05
0.048224 9.9973E-05 0.906877 9.9973E-05 9.9973E-05 0.0445991
9.9973E-05 0.0273679 0.920182 9.9973E-05 9.9973E-05 0.0521501
0.312774 0.0771619 0.476341 9.9982E-05 0.133524 9.9982E-05
0.206099 0.587233 0.161436 9.9982E-05 0.0450318 9.9982E-05
0.183281 0.747292 9.9982E-05 0.0598013 0.00942557 9.9982E-05
0.134054 0.577365 0.2243 0.0182437 0.0459373 9.9991E-05
0.256681 0.147347 0.338139 0.000911578 0.156431 0.10049
0.0737218 0.61147 0.210441 0.0418653 0.0461819 0.0163199
0.291079 0.487067 0.0463985 0.00426017 0.171096 9.9991E-05
0.016887 9.9982E-05 0.808018 9.9982E-05 0.168051 0.00684404
0.777441 0.114855 9.9973E-05 9.9973E-05 0.107404 9.9973E-05
0.830971 9.9973E-05 0.112409 9.9973E-05 0.0563202 9.9973E-05
0.827226 0.14064 0.00527704 0.0266568 9.9982E-05 9.9982E-05
0.774895 0.127171 0.0105337 0.00131541 0.0170562 0.0690293
0.710813 9.9973E-05 0.127072 9.9973E-05 0.161815 9.9973E-05
9.9982E-05 0.199694 0.591479 9.9982E-05 0.160357 0.0482698
0.105946 0.257327 0.532705 0.0109437 0.0929776 9.9991E-05
9.9964E-05 9.9964E-05 9.9964E-05 9.9964E-05 0.146494 0.853106
0.0806715 0.0755318 9.9991E-05 0.0354049 0.0653204 0.742971
9.9991E-05 0.0708851 0.065346 0.00237661 0.00830088 0.852991
9.9973E-05 9.9973E-05 0.112836 9.9973E-05 0.307604 0.57926
9.9982E-05 9.9982E-05 0.146087 0.0217978 0.0208569 0.811058
0.118997 0.024846 9.9982E-05 9.9982E-05 0.0816005 0.774356
9.9982E-05 9.9982E-05 0.103176 0.0102095 0.061844 0.82457
0.0367297 9.9982E-05 0.0951774 9.9982E-05 0.0755578 0.792335
0.0426654 9.9982E-05 0.0758015 9.9982E-05 0.0640608 0.817272
0.0750995 9.9982E-05 0.0369045 9.9982E-05 0.0911443 0.796652
9.9982E-05 0.113232 9.9982E-05 0.0432146 0.0967128 0.746641
0.041381 0.0865297 0.0514381 0.047853 0.0401947 0.732604
0.00701563 0.0435686 0.192322 0.00771048 9.9991E-05 0.749283
0.0788577 0.0497749 9.9982E-05 0.0183565 9.9982E-05 0.852811
0.000491102 9.9991E-05 0.0436122 0.000652016 0.178974 0.77617
9.9973E-05 9.9973E-05 0.104524 0.00973442 9.9973E-05 0.885442
0.0376722 0.108006 9.9982E-05 9.9982E-05 0.0432923 0.810829
0.0209339 0.0203854 0.129948 9.9991E-05 0.6909 0.137733
9.9973E-05 0.0901091 0.0735655 9.9973E-05 0.836025 9.9973E-05
9.9982E-05 0.0257074 0.0654654 9.9982E-05 0.143169 0.765458
0.00125519 0.169977 0.142092 0.0262996 9.9991E-05 0.660276
9.9973E-05 9.9973E-05 9.9973E-05 0.00647566 0.246029 0.747195
9.9982E-05 0.0526537 0.193157 9.9982E-05 0.658931 0.0950589
9.9982E-05 0.0561559 0.797701 0.00770899 0.138234 9.9982E-05
0.159108 0.116576 0.69825 0.0258658 9.9982E-05 9.9982E-05
0.366947 9.9982E-05 0.432119 9.9982E-05 0.181239 0.0194946
0.646005 0.105187 0.186216 9.9991E-05 0.0554939 0.00699859
0.800908 0.0629007 9.9991E-05 0.00196799 0.131013 0.00310968
0.821861 9.9973E-05 0.0551801 9.9973E-05 0.122659 9.9973E-05
0.716964 0.0831032 0.179309 0.00344933 0.0170749 9.9991E-05
0.754852 0.134119 9.9991E-05 0.00969385 0.0348082 0.0664267
0.681861 0.0851374 9.9991E-05 0.0272123 0.129596 0.0760933
0.751651 9.9982E-05 0.120108 0.0609473 9.9982E-05 0.0670942
0.0604014 9.9982E-05 0.857479 9.9982E-05 0.0634219 0.018498
9.9991E-05 0.0279428 0.806054 0.0452354 0.100745 0.0199232
9.9982E-05 0.890016 0.0451637 0.0311229 9.9982E-05 0.033497
9.996E-05 0.9995 9.996E-05 9.996E-05 9.996E-05 9.996E-05
9.9964E-05 0.979786 9.9964E-05 0.0198141 9.9964E-05 9.9964E-05
0.00400117 0.886669 9.9982E-05 9.9982E-05 0.0840514 0.0250784
0.201987 0.433447 0.237801 0.0105272 0.116138 9.9991E-05
0.193801 0.409873 0.140673 0.00878026 0.23035 0.0165221
0.106577 0.759692 0.0398099 0.0581606 0.0356603 9.9991E-05
0.193332 0.693248 9.9991E-05 0.00742902 0.084625 0.0212664
0.164905 0.789041 9.9982E-05 0.0218962 9.9982E-05 0.023958
0.645632 0.031523 0.0764375 0.116628 0.0870249 0.042754
0.0652716 0.0454347 0.0050276 0.00123597 0.162941 0.720089
0.10326 0.0826602 9.9991E-05 0.0342767 0.0497288 0.729974
0.0043565 0.0663918 9.9991E-05 0.0148706 0.105114 0.809167
0.0323722 0.0762038 0.0908404 0.00385541 0.129317 0.667412
0.0338591 9.9991E-05 0.183819 0.00140621 0.0212137 0.759603
0.277032 0.561941 9.9991E-05 0.0120383 0.0617869 0.0871017
0.244483 0.400272 0.235619 0.0342013 0.0853238 9.9991E-05
0.113221 0.722878 0.0839372 0.0797636 9.9982E-05 9.9982E-05
0.302212 0.26189 0.304713 0.0535455 0.0775395 9.9991E-05
