0.162764 0.162476 9.9973E-05 0.0323024 0.642158 9.9973E-05 9.9973E-05
0.0442757 0.165902 0.0844832 0.0100226 0.674843 9.9991E-05 0.0203736
0.179999 0.0319946 9.9982E-05 9.9982E-05 0.713413 0.0402881 0.034105
0.107537 0.0893037 0.0102911 0.0454334 0.747235 9.9982E-05 9.9982E-05
9.9973E-05 9.9973E-05 0.0057749 9.9973E-05 0.877794 0.112489 0.00364181
9.9964E-05 9.9964E-05 0.0810127 0.170693 0.747894 9.9964E-05 9.9964E-05
9.9973E-05 0.0702833 0.171257 0.0999836 0.658176 9.9973E-05 9.9973E-05
9.9973E-05 0.214984 0.107612 9.9973E-05 0.634639 9.9973E-05 0.0424653
0.0970466 9.9982E-05 0.605762 0.103338 0.190055 9.9982E-05 0.00359841
0.150134 0.18672 0.326767 9.9991E-05 0.274516 0.0255218 0.0362414
0.0701165 0.437464 0.355698 0.0313218 0.0121541 0.0527695 0.0404757
0.202285 0.171912 0.366033 0.0208582 0.179297 0.0353704 0.0242439
0.0434241 0.650317 0.120543 9.9982E-05 9.9982E-05 0.123509 0.062006
0.090701 9.9973E-05 0.788031 9.9973E-05 0.0213681 0.0996001 9.9973E-05
0.0923276 9.9982E-05 0.350339 0.105375 0.418354 9.9982E-05 0.0334043
0.00148399 0.147077 0.582155 9.9991E-05 0.261407 0.000870682 0.00690674
0.127252 9.9973E-05 0.489437 0.0537049 0.329306 9.9973E-05 9.9973E-05
0.00407541 9.9973E-05 0.404506 9.9973E-05 0.559381 9.9973E-05 0.0317372
0.490337 0.0471335 0.178357 0.0569882 0.0352928 0.133606 0.0582855
0.547303 0.0186146 0.366596 9.9982E-05 0.0196425 0.0476438 9.9982E-05
0.615298 9.9982E-05 0.158611 9.9982E-05 0.1337 0.0899638 0.00222677
0.772609 0.0591465 0.0639765 0.103968 9.9973E-05 9.9973E-05 9.9973E-05
0.86275 0.058894 9.9973E-05 9.9973E-05 9.9973E-05 0.0293232 0.0487327
0.720454 9.9982E-05 0.108254 0.0577385 0.0866485 9.9982E-05 0.0267042
0.594267 0.115719 0.177665 9.9973E-05 0.112048 9.9973E-05 9.9973E-05
0.860542 9.9973E-05 9.9973E-05 0.00264732 0.135597 9.9973E-05 0.000914012
0.862502 0.0222016 9.9973E-05 9.9973E-05 9.9973E-05 0.101228 0.0137688
0.789593 9.9973E-05 0.0691459 0.126836 9.9973E-05 9.9973E-05 0.014126
0.833684 9.9964E-05 9.9964E-05 9.9964E-05 0.105152 0.0607639 9.9964E-05
0.746974 9.9973E-05 9.9973E-05 0.112649 0.102679 0.0373983 9.9973E-05
0.8562 9.9964E-05 0.0616246 0.0817757 9.9964E-05 9.9964E-05 9.9964E-05
0.713383 9.9982E-05 0.066195 9.9982E-05 0.0732741 0.127529 0.0194189
0.756904 0.0714123 0.0863989 9.9982E-05 9.9982E-05 0.0177561 0.0673286
0.134185 0.249862 0.180961 9.9991E-05 0.351479 0.00653879 0.0768735
0.266887 9.9991E-05 0.128246 0.0379198 0.5384 0.0124439 0.016003
0.0213842 0.0417844 0.0953098 0.0612394 0.708072 0.0721101 9.9991E-05
0.00585196 0.2001 9.9991E-05 0.024284 0.747977 0.00197918 0.0197087
0.0924115 0.185415 0.314183 0.0869815 0.300873 0.0200363 9.9991E-05
9.995E-05 9.995E-05 9.995E-05 9.995E-05 9.995E-05 9.995E-05 0.9994
0.769931 0.123564 9.9982E-05 9.9982E-05 0.00184698 0.0974868 0.00697108
0.14833 9.9991E-05 0.0355341 0.163458 0.641861 0.0100344 0.000682773
0.0733468 0.155026 0.23635 9.9982E-05 0.52653 0.00854772 9.9982E-05
0.247181 0.213567 0.244221 0.137183 0.122972 0.0347758 9.9991E-05
0.0889363 0.5209 0.176569 0.100922 9.9991E-05 0.0804791 0.0320942
0.0515628 0.823137 9.9982E-05 0.0903867 0.0205557 9.9982E-05 0.0141576
9.995E-05 9.995E-05 9.995E-05 9.995E-05 9.995E-05 9.995E-05 0.9994
0.121764 0.237157 0.34441 0.0026799 0.156911 0.0501696 0.0869077
0.0959381 0.334918 0.291742 0.154499 0.122514 0.000288656 9.9991E-05
0.261444 0.123366 0.304599 0.0368208 0.18711 0.0651282 0.021531
9.9973E-05 0.0415401 0.092524 0.815566 9.9973E-05 9.9973E-05 0.0500702
0.0160995 0.0431276 0.0500275 0.55968 9.9991E-05 0.295199 0.0357668
9.9973E-05 9.9973E-05 0.0162219 0.586589 0.0961983 0.300691 9.9973E-05
0.0071638 0.158343 0.0143996 0.62537 9.9991E-05 0.150773 0.0438499
0.00829099 9.9982E-05 0.0569964 0.291449 9.9982E-05 0.596042 0.0470212
9.9964E-05 9.9964E-05 0.10199 0.503491 9.9964E-05 0.39412 9.9964E-05
9.9964E-05 9.9964E-05 0.272997 0.111252 9.9964E-05 0.615351 9.9964E-05
9.9973E-05 9.9973E-05 0.158039 0.805681 9.9973E-05 0.029437 0.00654226
0.0120227 9.9964E-05 9.9964E-05 0.948232 9.9964E-05 9.9964E-05 0.0393449
9.9982E-05 0.0216687 9.9982E-05 0.416816 0.0633404 0.437515 0.0604597
9.9991E-05 0.13474 0.0157506 0.697365 0.128207 0.000686325 0.023151
0.0259249 9.9955E-05 9.9955E-05 0.973575 9.9955E-05 9.9955E-05 9.9955E-05
0.0441159 0.140296 9.9982E-05 0.588645 0.0380117 0.188732 9.9982E-05
9.9982E-05 0.521955 0.008532 0.340744 9.9982E-05 0.0504574 0.0781112
0.696593 0.0166195 0.0849642 9.9991E-05 0.0629938 0.133514 0.00521463
0.669055 0.0341266 0.0144559 9.9991E-05 0.161543 0.087634 0.033086
0.786884 9.9973E-05 9.9973E-05 0.0093062 0.195578 9.9973E-05 0.00793187
9.9991E-05 0.0455866 0.163968 0.532483 0.0243899 0.218611 0.0148613
9.9982E-05 0.253259 9.9982E-05 0.355774 0.0456637 0.260346 0.0847568
0.0330999 0.116177 0.0225382 9.9973E-05 9.9973E-05 0.827885 9.9973E-05
0.00332587 0.179014 9.9982E-05 0.45227 9.9982E-05 0.326003 0.0391864
9.9973E-05 9.9973E-05 9.9973E-05 0.26037 0.0976715 0.610257 0.0314016
9.9991E-05 0.618136 0.149359 0.0424135 0.0527828 0.123825 0.0133842
9.9964E-05 0.599638 0.272737 0.127225 9.9964E-05 9.9964E-05 9.9964E-05
9.9964E-05 0.782574 0.0814792 0.135547 9.9964E-05 9.9964E-05 9.9964E-05
9.9964E-05 0.977687 9.9964E-05 9.9964E-05 9.9964E-05 0.00684915 0.0150638
0.0926976 0.799365 9.9973E-05 9.9973E-05 9.9973E-05 0.0808711 0.0267664
9.9973E-05 0.934227 0.0178567 0.0333152 9.9973E-05 9.9973E-05 0.0143014
0.0804693 0.528013 0.161981 0.15929 0.0513419 9.9991E-05 0.0188051
9.9973E-05 0.00442179 0.271109 0.604265 9.9973E-05 0.119904 9.9973E-05
0.065261 0.190847 9.9991E-05 0.202625 0.116263 0.320947 0.103957
0.0552394 0.0803613 9.9982E-05 0.557691 9.9982E-05 0.282052 0.0244562
0.0553176 9.9982E-05 0.0675642 0.674978 9.9982E-05 0.15144 0.0505003
9.9973E-05 9.9973E-05 0.228766 0.279976 9.9973E-05 0.462337 0.0286206
0.593905 0.0445352 0.279287 9.9982E-05 9.9982E-05 0.0757071 0.0063653
0.0251693 0.565184 9.9982E-05 0.141723 0.121325 0.146399 9.9982E-05
9.9964E-05 0.807835 9.9964E-05 0.0197195 9.9964E-05 0.172046 9.9964E-05
9.995E-05 9.995E-05 9.995E-05 9.995E-05 9.995E-05 9.995E-05 0.9994
0.151427 0.0838873 0.101185 0.0145371 0.634551 9.9991E-05 0.0143124
0.077781 0.0198251 0.186424 0.0109571 0.652751 9.9991E-05 0.0521619
0.0220834 0.120252 0.615078 0.0139771 0.176536 9.9991E-05 0.0519724
0.139205 0.0564354 0.650218 9.9982E-05 9.9982E-05 0.123063 0.0308784
0.0494012 0.136379 0.331567 0.0113101 0.432766 0.0384763 9.9991E-05
0.0209588 0.739311 9.9964E-05 0.23933 9.9964E-05 9.9964E-05 9.9964E-05
0.566714 0.116728 9.9982E-05 0.086841 0.199605 9.9982E-05 0.0299116
9.9973E-05 0.596292 9.9973E-05 9.9973E-05 0.121576 0.218307 0.0635244
0.27332 0.313351 0.0473888 9.9991E-05 0.223258 0.129386 0.0131977
0.136447 9.9973E-05 0.410142 9.9973E-05 0.433994 9.9973E-05 0.0191172
0.0179279 0.264949 0.190354 0.0293193 0.497249 9.9982E-05 9.9982E-05
0.119659 0.329367 0.242314 9.9973E-05 0.308361 9.9973E-05 9.9973E-05
9.9982E-05 0.0337016 0.862809 0.0348529 9.9982E-05 0.0671355 0.00130081
0.0295986 0.401859 9.9973E-05 9.9973E-05 0.564446 9.9973E-05 0.00379609
9.9964E-05 0.145252 0.853421 9.9964E-05 9.9964E-05 9.9964E-05 0.000927423
0.0173462 0.608778 9.9991E-05 0.179592 0.0897419 0.0640419 0.0403998
0.0942622 0.506661 0.0797113 0.105851 0.0233485 0.14198 0.0481852
0.0256354 0.613767 9.9991E-05 0.192856 0.0250642 0.0704986 0.0720788
0.18747 0.487976 0.324154 9.9964E-05 9.9964E-05 9.9964E-05 9.9964E-05
0.132927 0.472174 0.243268 0.0486518 0.0356445 0.0672356 9.9991E-05
0.307293 0.00327946 0.255409 9.9982E-05 0.263107 0.170711 9.9982E-05
9.9982E-05 9.9982E-05 0.0654228 0.325952 0.0938747 0.50293 0.0116207
9.9973E-05 0.172952 9.9973E-05 0.223601 9.9973E-05 0.576468 0.0266794
0.165123 0.467437 9.9982E-05 0.270557 0.0910368 9.9982E-05 0.00564693
0.0693075 0.344596 0.335808 0.228687 9.9982E-05 9.9982E-05 0.0214027
0.286968 0.349448 9.9982E-05 0.222013 0.105685 9.9982E-05 0.0356867
0.715053 0.260538 0.0240093 9.9964E-05 9.9964E-05 9.9964E-05 9.9964E-05
0.0341338 0.20393 9.9973E-05 9.9973E-05 9.9973E-05 0.741037 0.0205996
9.9973E-05 0.107234 0.178688 0.509829 9.9973E-05 0.20395 9.9973E-05
9.9982E-05 0.374705 0.00439125 0.142068 0.0601571 0.418478 9.9982E-05
0.446956 0.00680584 0.0475908 0.0776152 0.336914 0.0168349 0.0672826
0.23998 9.9991E-05 0.0833851 0.00143059 0.592913 0.0728756 0.00931589
9.9991E-05 0.120302 0.0968976 0.0579993 0.683284 0.0232106 0.0182073
0.0335504 0.031192 9.9982E-05 0.127981 0.798615 0.00846216 9.9982E-05
0.394928 0.0377002 0.118169 0.018585 0.430417 9.9982E-05 9.9982E-05
0.087577 0.119136 0.0581545 0.0486231 0.674129 9.9991E-05 0.0122798
0.0599549 0.0978123 9.9973E-05 9.9973E-05 0.757646 0.0842865 9.9973E-05
9.9973E-05 9.9973E-05 0.0651988 0.0773854 0.841577 9.9973E-05 0.0155386
0.24336 0.0798412 0.214829 9.9982E-05 0.414749 0.0470197 9.9982E-05
0.00174414 9.9973E-05 0.881 9.9973E-05 0.0964901 0.0204659 9.9973E-05
0.0627987 0.0825942 0.776995 0.00693659 0.0344965 9.9991E-05 0.036079
0.0198388 9.9964E-05 0.833034 9.9964E-05 0.146728 9.9964E-05 9.9964E-05
0.258719 0.0557612 0.213071 0.119071 0.353179 9.9982E-05 9.9982E-05
9.9973E-05 9.9973E-05 0.71747 0.0381025 0.212475 9.9973E-05 0.0316534
0.171582 0.0769383 0.686186 0.0534454 0.0111131 9.9991E-05 0.000635077
0.0367816 0.0658968 0.114488 9.9982E-05 0.658754 0.123879 9.9982E-05
0.762089 0.2066 0.0231474 0.00786434 9.9973E-05 9.9973E-05 9.9973E-05
0.880298 0.00822552 9.9973E-05 0.0160526 0.0951241 9.9973E-05 9.9973E-05
0.81114 9.9973E-05 0.118387 0.036056 9.9973E-05 9.9973E-05 0.0341171
0.676613 9.9982E-05 0.215203 0.0448761 0.0263964 0.0367113 9.9982E-05
0.729581 0.0493116 9.9991E-05 0.0578026 0.121671 0.016702 0.0248314
9.9982E-05 0.171712 0.196553 9.9982E-05 0.525368 0.0835541 0.0226129
0.142308 0.156448 9.9982E-05 9.9982E-05 0.671535 0.00730475 0.0222038
9.9973E-05 9.9973E-05 9.9973E-05 0.947201 0.00198748 0.0503386 0.000173275
9.9964E-05 9.9964E-05 0.0954987 9.9964E-05 9.9964E-05 0.894536 0.00956546
0.0153077 0.0357964 9.9973E-05 0.125011 9.9973E-05 0.823585 9.9973E-05
0.00747527 0.242313 9.9973E-05 9.9973E-05 0.0171159 0.732796 9.9973E-05
9.9973E-05 9.9973E-05 9.9973E-05 0.256436 0.0566004 0.669694 0.0169691
0.116765 9.9964E-05 9.9964E-05 0.29394 9.9964E-05 0.588896 9.9964E-05
9.9973E-05 0.00380784 9.9973E-05 0.199219 9.9973E-05 0.788205 0.00846805
0.111344 9.9973E-05 9.9973E-05 0.656062 0.0174286 0.214866 9.9973E-05
0.0637163 9.9973E-05 0.0388829 0.416211 9.9973E-05 0.480889 9.9973E-05
0.0300574 0.129714 9.9973E-05 0.193476 9.9973E-05 0.646453 9.9973E-05
9.9991E-05 0.0595297 0.0198604 0.189627 0.0112579 0.689187 0.0304374
0.0262515 9.9982E-05 0.107598 0.231147 9.9982E-05 0.605029 0.0297752
0.0164689 0.0209632 0.000275026 0.228867 0.0818627 0.626844 0.0247195
0.0119709 9.9982E-05 0.0469319 0.337804 9.9982E-05 0.591233 0.0118595
9.9982E-05 0.0707135 9.9982E-05 0.450867 0.0176202 0.444107 0.0164927
9.9973E-05 9.9973E-05 9.9973E-05 0.271714 0.0342224 0.686162 0.00760149
0.0583707 0.00207583 9.9973E-05 0.0951135 9.9973E-05 0.84414 9.9973E-05
9.9964E-05 0.62865 9.9964E-05 9.9964E-05 0.123429 0.247521 9.9964E-05
9.99604E-05 0.88128 9.99604E-05 9.99604E-05 0.118221 9.99604E-05 9.99604E-05
9.9973E-05 0.043896 9.9973E-05 0.41108 0.0575805 0.487144 9.9973E-05
9.9982E-05 0.0516468 9.9982E-05 0.435881 0.192597 0.315226 0.00444967
9.995E-05 9.995E-05 9.995E-05 0.9994 9.995E-05 9.995E-05 9.995E-05
9.9973E-05 0.635966 0.0814695 0.183304 0.0989607 9.9973E-05 9.9973E-05
9.9964E-05 0.00479924 9.9964E-05 9.9964E-05 0.887074 0.107727 9.9964E-05
0.209332 0.022437 0.077401 9.9991E-05 0.619748 0.0215872 0.0493948
0.384217 0.0574858 9.9973E-05 0.0877063 0.470291 9.9973E-05 9.9973E-05
0.573214 0.179071 0.0683351 9.9973E-05 0.17908 9.9973E-05 9.9973E-05
0.671072 0.198557 0.104037 0.0260336 9.9973E-05 9.9973E-05 9.9973E-05
0.745562 9.9964E-05 0.141462 0.112577 9.9964E-05 9.9964E-05 9.9964E-05
0.718388 0.0259251 0.185569 9.9991E-05 0.0272524 0.0240618 0.0187042
0.673851 0.062075 0.208472 0.0443163 9.9982E-05 9.9982E-05 0.0110858
0.690734 0.193729 0.0132838 0.000414252 9.9991E-05 0.0602782 0.041461
0.668654 9.9982E-05 0.0537785 9.9982E-05 0.0947684 0.137669 0.0449294
0.0801601 0.051483 9.9982E-05 0.0527824 0.79709 9.9982E-05 0.0182849
0.0261687 0.0174169 9.9982E-05 0.145609 0.755023 9.9982E-05 0.0555829
9.9982E-05 0.20368 0.0862666 0.094575 0.591227 9.9982E-05 0.0240508
9.9973E-05 0.296333 0.025371 9.9973E-05 0.603363 0.0746335 9.9973E-05
9.9973E-05 0.223509 0.0902907 0.0324136 0.653486 9.9973E-05 9.9973E-05
9.9973E-05 0.424484 0.0794664 9.9973E-05 0.469095 0.0266545 9.9973E-05
0.106377 0.14505 0.642521 9.9973E-05 0.105752 9.9973E-05 9.9973E-05
0.013678 9.9973E-05 0.891708 0.0803156 9.9973E-05 9.9973E-05 0.0139987
9.9973E-05 0.0310006 0.934873 9.9973E-05 9.9973E-05 0.0168921 0.0169347
0.0662904 0.0795304 0.71158 0.0492985 0.0931003 9.9982E-05 9.9982E-05
0.00514351 9.9982E-05 0.771169 9.9982E-05 0.134016 0.0622497 0.0272213
0.592955 9.9973E-05 0.15849 9.9973E-05 9.9973E-05 0.116443 0.131813
9.9982E-05 0.0648601 9.9982E-05 0.700341 0.0598555 0.129083 0.0456603
0.0927977 9.9982E-05 0.0233097 0.4309 9.9982E-05 0.417407 0.0353858
9.9964E-05 0.122793 0.0129706 9.9964E-05 9.9964E-05 0.863837 9.9964E-05
0.00835364 0.140136 0.0298898 0.198467 0.0367689 0.566934 0.0194503
0.0758965 9.9982E-05 9.9982E-05 0.217951 0.0595772 0.62683 0.0195462
0.189057 0.0564524 0.496985 0.0794358 0.117373 0.0438364 0.0168603
0.245225 0.0992583 0.392775 0.00786206 0.211062 0.00214624 0.0416722
0.0545397 9.9982E-05 0.770941 0.00321149 0.114362 9.9982E-05 0.0567463
0.206912 0.199899 0.310938 9.9982E-05 0.230388 9.9982E-05 0.0516632
