0.147964 0.740954 0.0616216 0.0493601 9.9991E-05
0.111425 0.735626 0.117251 9.9991E-05 0.0355977
0.204585 0.630096 0.111204 0.0154636 0.0386512
9.9982E-05 0.79374 0.195527 9.9982E-05 0.0105323
0.000762623 0.89829 9.9982E-05 0.100748 9.9982E-05
9.999E-05 0.829974 0.147642 0.0221122 0.000172527
0.0641879 0.694225 0.22623 0.0152567 9.9991E-05
9.999E-05 0.825412 0.153032 0.00210236 0.0193532
0.206109 0.671803 9.9991E-05 0.0952595 0.0267286
0.223609 0.486682 0.274698 9.9991E-05 0.0149107
0.0792613 0.371344 0.449657 0.0526762 0.0470617
0.251621 0.47755 0.205106 0.0573755 0.00834854
0.0295979 9.9991E-05 0.937889 0.00971181 0.0227014
0.212397 0.471262 0.271451 0.0418995 0.00298921
0.194877 0.702924 9.9991E-05 0.0876526 0.0144461
0.0656391 0.634578 0.297726 9.9991E-05 0.00195654
0.266653 0.667574 0.0305863 0.0350871 9.9991E-05
0.0747834 0.8905 9.9982E-05 9.9982E-05 0.0345168
0.553136 0.0790529 0.227163 0.0882196 0.0524287
0.686047 0.0385225 0.275231 9.9982E-05 9.9982E-05
0.689498 0.276704 9.9991E-05 0.0245994 0.00909883
0.84699 9.9991E-05 0.079669 0.053133 0.0201077
0.883953 9.9991E-05 0.0469284 0.0150411 0.0539779
0.778554 0.155413 9.9991E-05 0.021289 0.0446443
0.68142 0.189436 0.128944 9.9982E-05 9.9982E-05
0.946791 0.0367955 9.9982E-05 9.9982E-05 0.0162135
0.878059 9.9982E-05 9.9982E-05 0.102847 0.0188939
0.892833 9.9982E-05 9.9982E-05 0.0718909 0.0350765
0.891591 0.0580386 9.9982E-05 0.0501704 9.9982E-05
0.799869 0.0616355 9.9982E-05 0.138296 9.9982E-05
0.969102 9.9982E-05 9.9982E-05 0.0207017 0.0099965
0.806247 0.081421 9.9991E-05 0.0711876 0.0410441
0.844966 0.0523311 9.9991E-05 0.0410892 0.0615137
0.158845 0.469478 0.289201 9.9991E-05 0.0823755
0.270043 0.676718 0.0121961 0.0409427 9.9991E-05
0.135108 0.664752 0.129823 0.0702171 9.9991E-05
0.0448786 0.629581 0.28803 9.9991E-05 0.03741
0.153509 0.483577 0.258624 0.0873337 0.0169565
9.997E-05 9.997E-05 9.997E-05 9.997E-05 0.9996
0.771712 9.9982E-05 0.19973 9.9982E-05 0.0283577
0.195863 0.667114 9.9991E-05 0.134051 0.00287229
0.158845 0.557925 0.28303 9.9982E-05 9.9982E-05
0.342786 0.280336 0.230839 0.145104 0.000934315
0.0642558 0.165338 0.577759 0.142822 0.0498241
0.0143923 9.9991E-05 0.974951 0.0026916 0.00786475
9.997E-05 9.997E-05 9.997E-05 9.997E-05 0.9996
0.232212 0.362032 0.321175 9.9991E-05 0.0844807
0.117276 0.262872 0.56697 0.0527822 9.9991E-05
0.337844 0.348419 0.187417 0.0852176 0.0411022
9.9982E-05 9.9982E-05 0.217523 0.764851 0.0174267
9.9982E-05 9.9982E-05 0.171481 0.792262 0.0360574
0.0312545 0.130788 9.9982E-05 0.837758 9.9982E-05
9.9982E-05 9.9982E-05 0.264356 0.680471 0.0549734
0.0545264 0.0203203 9.9991E-05 0.866043 0.0590107
0.10543 0.043006 9.9982E-05 0.851364 9.9982E-05
9.9982E-05 0.248654 0.0277574 0.723388 9.9982E-05
0.0253318 0.0535609 0.102844 0.812947 0.00531579
0.0900229 9.9991E-05 0.0436489 0.837173 0.0290552
9.9991E-05 0.150793 0.012349 0.783884 0.0528742
9.9991E-05 0.0827332 0.228849 0.637816 0.0505026
0.105677 9.9982E-05 0.046163 0.84796 9.9982E-05
0.0599934 0.0480018 0.257124 0.634422 0.000459002
9.9991E-05 0.0517179 0.548641 0.328317 0.0712239
0.739973 0.150577 0.0191439 0.0696069 0.0206995
0.747128 0.194469 9.9991E-05 0.0350428 0.0232597
0.853707 0.145993 9.9973E-05 9.9973E-05 9.9973E-05
0.0420304 0.088167 0.126012 0.725696 0.0180939
9.9982E-05 9.9982E-05 0.421841 0.51013 0.0678294
0.0348017 0.0445646 0.189028 0.710573 0.0210328
0.0197444 9.9991E-05 0.246711 0.683793 0.0496518
9.9982E-05 0.115017 9.9982E-05 0.831573 0.0532107
9.9982E-05 0.257934 0.576652 0.165215 9.9982E-05
9.9991E-05 0.146257 0.79534 0.0429449 0.0153578
0.0141268 0.0902129 0.820579 0.0749816 9.9991E-05
9.9973E-05 9.9973E-05 0.986313 9.9973E-05 0.013387
0.0926405 9.9982E-05 0.873703 9.9982E-05 0.0334566
9.9973E-05 9.9973E-05 0.967924 9.9973E-05 0.0317764
0.0856578 0.0930503 0.753788 0.0283513 0.0391523
9.9982E-05 0.0869624 0.280372 0.632466 9.9982E-05
9.9991E-05 0.119461 0.312037 0.433612 0.134789
0.0778914 0.0137166 0.147874 0.755414 0.0051036
0.0766349 9.9991E-05 0.0930988 0.772319 0.0578478
9.9991E-05 0.177621 0.0551623 0.726994 0.0401221
0.650778 0.0289427 0.295815 9.9991E-05 0.0243638
0.131933 0.0502141 0.513251 0.304503 9.9991E-05
9.9973E-05 9.9973E-05 0.894641 0.105059 9.9973E-05
9.997E-05 9.997E-05 9.997E-05 9.997E-05 0.9996
0.182426 0.697946 0.112216 9.9991E-05 0.00731112
0.200901 0.716666 0.0441783 9.9991E-05 0.0381547
0.168696 0.581874 0.204853 9.9991E-05 0.0444769
0.283455 0.268724 0.338508 0.0628515 0.0464616
0.0537105 0.745247 0.191872 0.0090706 9.9991E-05
0.0103038 9.9982E-05 0.806801 0.182695 9.9982E-05
0.544092 0.0923315 0.315687 9.9991E-05 0.04779
9.9991E-05 0.102986 0.658332 0.151878 0.0867037
0.27617 0.224425 0.421489 0.0418911 0.0360253
0.167219 0.821538 9.9982E-05 9.9982E-05 0.0110428
0.0825292 0.668081 0.24919 9.9982E-05 9.9982E-05
0.175709 0.517049 0.307042 9.9982E-05 9.9982E-05
0.0143366 0.625807 0.334527 0.0181745 0.00715431
0.0645567 0.567136 0.34389 9.9991E-05 0.0243171
0.101447 0.5365 0.361853 9.9982E-05 9.9982E-05
9.9991E-05 0.0501968 0.6866 0.219617 0.0434863
0.010188 0.135813 0.593436 0.175678 0.0848853
0.0120236 0.0323225 0.71457 0.17146 0.0696246
0.273217 0.047244 0.679339 9.9982E-05 9.9982E-05
0.181892 0.225258 0.480796 0.111954 9.9991E-05
0.415306 0.441912 0.0515295 0.0911528 9.9991E-05
9.9982E-05 0.202943 9.9982E-05 0.779353 0.0175042
0.0344191 0.00301242 0.200107 0.738539 0.023923
0.186942 9.9991E-05 0.693525 0.115258 0.00417453
0.119733 0.12016 0.596908 0.134453 0.0287463
0.278645 9.9991E-05 0.518938 0.157199 0.0451177
0.683522 9.9973E-05 0.316179 9.9973E-05 9.9973E-05
0.0732175 9.9991E-05 0.258074 0.624781 0.0438275
0.0103201 9.9982E-05 0.32253 0.66695 9.9982E-05
9.9982E-05 0.0716045 0.450518 0.477678 9.9982E-05
0.48384 0.296291 0.117702 0.0386405 0.0635262
0.216275 0.690003 9.9982E-05 0.0935223 9.9982E-05
0.0372521 0.81653 0.0904913 0.0533133 0.00241331
0.0517813 0.790388 0.0153528 0.142378 9.9991E-05
0.362571 0.574187 0.0588083 0.00433332 9.9991E-05
0.163778 0.70408 0.114241 9.9991E-05 0.017801
0.157245 0.786984 9.9982E-05 0.0555706 9.9982E-05
0.0320812 0.881481 9.9991E-05 0.0805523 0.00578534
0.392147 0.434621 0.13543 0.0377011 9.9991E-05
0.130315 0.759336 0.110149 9.9982E-05 9.9982E-05
0.217973 0.567533 0.181984 9.9991E-05 0.03241
0.140672 0.680521 0.178607 9.9982E-05 9.9982E-05
0.282875 0.465292 0.172743 0.0752748 0.00381531
0.0209113 0.72047 0.172296 0.0477888 0.038534
0.234588 0.388004 0.375197 9.9991E-05 0.00211071
0.0594593 0.790611 0.147837 0.00199231 9.9991E-05
0.864011 9.9973E-05 0.135689 9.9973E-05 9.9973E-05
0.877735 0.0970588 0.0250062 9.9982E-05 9.9982E-05
0.913499 0.0521581 9.9982E-05 9.9982E-05 0.0341429
0.775783 0.114611 0.0168232 0.0926828 9.9991E-05
0.82521 0.0363379 0.0425368 0.0791903 0.016725
9.9991E-05 0.721039 0.236009 0.0361832 0.00666844
0.130316 0.701426 0.159682 9.9991E-05 0.00847612
9.9973E-05 9.9973E-05 0.0613231 0.938377 9.9973E-05
0.0635717 0.0261286 0.0816975 0.805664 0.0229377
0.0241299 0.0882284 9.9991E-05 0.851445 0.0360972
0.0761997 0.0442144 0.210592 0.668894 9.9991E-05
9.9991E-05 0.07154 0.0607525 0.82726 0.0403478
0.170057 9.9982E-05 0.0219972 0.807746 9.9982E-05
9.9982E-05 9.9982E-05 0.152419 0.816718 0.0306629
0.0558148 9.9991E-05 0.115333 0.827282 0.00147022
0.0979544 0.0408572 9.9982E-05 0.860988 9.9982E-05
0.0892871 9.9982E-05 0.0615925 0.84892 9.9982E-05
9.9991E-05 0.102037 0.0548951 0.806946 0.036022
0.0240897 0.140518 0.0261158 0.775133 0.0341431
9.9982E-05 0.172759 9.9982E-05 0.816531 0.0105102
0.108834 9.9991E-05 0.00890447 0.866099 0.0160628
9.9982E-05 9.9982E-05 0.17596 0.804367 0.0194727
9.9982E-05 0.0767615 9.9982E-05 0.89031 0.0327287
0.0255793 0.0954147 9.9991E-05 0.865893 0.013013
0.0862667 0.0331054 0.716696 0.163832 9.9991E-05
9.9973E-05 0.115879 0.883821 9.9973E-05 9.9973E-05
9.9982E-05 0.0822422 0.0664312 0.851127 9.9982E-05
9.9982E-05 0.275103 9.9982E-05 0.702927 0.0217707
9.9982E-05 9.9982E-05 0.143153 0.835847 0.0208
9.9982E-05 0.146276 0.76266 0.090865 9.9982E-05
9.9991E-05 0.925746 0.0250236 0.00759423 0.0415357
0.191463 0.786103 9.9991E-05 0.00617913 0.0161552
0.5038 0.292477 0.157313 0.0463091 9.9991E-05
0.632628 0.241922 0.119672 0.00567804 9.9991E-05
0.72395 9.9973E-05 0.275751 9.9973E-05 9.9973E-05
0.839369 0.0496576 0.0213626 0.084006 0.00560486
0.731427 0.0881217 0.16576 9.9991E-05 0.0145915
0.776796 9.9982E-05 0.204336 9.9982E-05 0.0186684
0.744441 9.9991E-05 0.157485 0.0662831 0.0316915
0.795232 0.064673 9.9991E-05 0.0847769 0.0552183
0.12097 0.773225 0.0766849 0.0193693 0.00975136
0.027564 0.835501 9.9991E-05 0.0816558 0.0551796
9.9991E-05 0.812428 0.0990013 0.0462092 0.0422618
9.9973E-05 0.700163 0.299537 9.9973E-05 9.9973E-05
9.9982E-05 0.817466 0.156165 0.0261694 9.9982E-05
0.0291732 0.616042 0.325115 0.0295698 9.9991E-05
0.222342 0.506724 0.265419 9.9991E-05 0.00541554
0.192596 0.530493 0.22488 0.0477384 0.00429299
0.0778824 0.606257 0.263881 9.9991E-05 0.0518791
0.162387 0.528171 0.248756 0.0476469 0.0130394
0.14475 0.585103 0.213482 0.0516695 0.00499607
0.643962 0.0167226 0.0927666 0.091657 0.154891
0.0177903 9.9991E-05 0.226361 0.740146 0.0156026
0.112123 0.00935146 0.0299145 0.814672 0.0339395
0.00683373 9.9982E-05 0.155045 0.837922 9.9982E-05
9.9991E-05 0.199371 0.0400187 0.75425 0.00626093
0.0684323 0.104634 9.9991E-05 0.812667 0.0141665
0.291074 0.350598 0.239988 0.0799901 0.0383504
0.286355 0.531805 0.155309 0.00565021 0.0208818
0.102208 0.814569 9.9991E-05 0.0179314 0.0651914
0.256829 0.408895 0.287308 9.9991E-05 0.0468672
