0.018502 0.126291 0.0477767 0.005962 0.719053 9.9991E-05 0.0823157
9.9982E-05 0.0868603 0.048941 0.0280562 0.646602 0.189341 9.9982E-05
9.9982E-05 0.0273459 0.103625 0.0230605 0.730015 9.9982E-05 0.115753
9.9982E-05 0.295689 0.109677 9.9982E-05 0.528319 0.0207805 0.0453343
0.031944 0.296668 9.99639E-05 9.99639E-05 0.670988 9.99639E-05 9.99639E-05
0.080747 0.15999 0.00599657 9.9982E-05 0.557342 0.195724 9.9982E-05
9.9982E-05 0.269041 0.0977457 9.9982E-05 0.235382 0.349333 0.0482991
9.9982E-05 0.242707 0.0599418 0.0387985 0.564919 0.0934329 9.9982E-05
0.086784 0.0206526 9.9991E-05 0.0110299 0.27815 0.583141 0.0201423
0.00551222 0.140113 0.17411 0.0277649 0.25145 0.239002 0.162049
0.0636143 0.05213 0.377034 0.0478186 9.9991E-05 0.436664 0.0226392
0.0555571 9.9991E-05 0.0529823 0.0232709 0.420165 0.326102 0.121822
0.0614784 0.0391209 0.653739 0.0441754 9.9991E-05 0.200756 0.000630686
0.0781888 0.0809689 0.0230297 9.9982E-05 9.9982E-05 0.764085 0.0535272
0.0410589 0.192784 9.9991E-05 0.0312103 0.289682 0.30337 0.141795
9.9982E-05 0.0794859 0.228344 9.9982E-05 0.246996 0.439504 0.005471
9.9973E-05 0.223639 9.9973E-05 9.9973E-05 0.224696 0.384606 0.166759
9.9964E-05 9.9964E-05 9.9964E-05 0.0282634 0.614519 0.356818 9.9964E-05
0.134956 9.9991E-05 0.0988139 0.0678245 0.0316464 0.222362 0.444298
9.9964E-05 9.9964E-05 0.0536298 9.9964E-05 9.9964E-05 0.407052 0.538919
9.999E-05 0.107869 0.0549399 0.00720143 0.15388 0.0653423 0.610668
0.00206691 9.9982E-05 0.168208 9.9982E-05 0.0636764 0.0287745 0.737075
9.9964E-05 9.9964E-05 0.0714924 0.0538677 9.9964E-05 9.9964E-05 0.87424
0.00282736 9.9991E-05 0.00596917 0.0236143 0.158911 0.147312 0.661266
9.9964E-05 0.319865 0.0903442 9.9964E-05 9.9964E-05 9.9964E-05 0.589391
9.9973E-05 0.0413819 9.9973E-05 0.00553457 0.135093 9.9973E-05 0.817691
0.0992538 0.0556034 0.00957418 0.029741 9.9982E-05 9.9982E-05 0.805628
0.0407724 9.9973E-05 9.9973E-05 0.0315101 9.9973E-05 0.147389 0.780029
0.013464 9.9964E-05 9.9964E-05 9.9964E-05 0.204712 9.9964E-05 0.781424
0.0602209 0.136166 0.000896757 9.9973E-05 9.9973E-05 9.9973E-05 0.802416
0.0459962 9.9982E-05 9.9982E-05 0.00832303 0.0930651 0.0272342 0.825182
0.0409079 9.9982E-05 9.9982E-05 0.0185824 0.0458909 0.176502 0.717917
0.00162202 0.135838 0.0358632 0.0520263 9.9991E-05 0.0227745 0.751776
9.999E-05 0.121666 0.228513 0.062823 0.252116 0.220753 0.114028
0.0152713 0.233178 9.9982E-05 9.9982E-05 0.374263 0.116125 0.260962
0.0342169 0.742999 9.9973E-05 9.9973E-05 0.0863912 9.9973E-05 0.136093
9.9982E-05 0.547836 0.149441 0.0248256 0.249913 9.9982E-05 0.0277848
0.08585 0.149898 0.161433 0.0100724 0.163406 0.396701 0.0326401
9.995E-05 9.995E-05 9.995E-05 0.9994 9.995E-05 9.995E-05 9.995E-05
0.0147083 9.9982E-05 0.261163 0.0212875 0.0341933 9.9982E-05 0.668448
0.132499 0.132936 9.9991E-05 0.00862984 0.567699 0.00316677 0.154969
9.9982E-05 9.9982E-05 0.170958 0.00185034 0.610297 0.196055 0.0206403
0.101769 0.0499736 0.167778 0.0186027 0.276888 0.197275 0.187713
0.0914323 9.9982E-05 0.57612 0.0196182 9.9982E-05 0.294378 0.0182521
9.9973E-05 0.137635 0.806732 0.00653543 9.9973E-05 9.9973E-05 0.0487978
9.995E-05 9.995E-05 9.995E-05 0.9994 9.995E-05 9.995E-05 9.995E-05
9.999E-05 0.190497 0.176305 0.0633198 0.108944 0.281443 0.179391
0.121297 0.257718 0.270391 9.9991E-05 0.0272172 0.267498 0.0557779
0.114314 0.0143318 0.0386902 0.034421 0.259174 0.281957 0.257112
0.67194 0.0334788 0.24105 0.0236493 9.9982E-05 0.0296815 9.9982E-05
0.682812 0.0865246 0.171572 0.028843 9.9982E-05 0.0300483 9.9982E-05
0.715648 0.0512935 9.9973E-05 9.9973E-05 0.0854285 0.147331 9.9973E-05
0.63748 0.125105 0.165969 0.0579837 9.9982E-05 0.0132624 9.9982E-05
0.72712 0.0700661 9.9973E-05 0.0363943 9.9973E-05 0.16612 9.9973E-05
0.787599 0.0114362 9.9973E-05 9.9973E-05 9.9973E-05 0.148868 0.0517969
0.635222 9.9955E-05 9.9955E-05 9.9955E-05 9.9955E-05 0.364279 9.9955E-05
0.727451 9.9973E-05 0.0460973 0.0122732 9.9973E-05 0.213878 9.9973E-05
0.807734 9.9973E-05 0.0316201 0.0321343 9.9973E-05 9.9973E-05 0.128212
0.745577 9.9982E-05 0.0363603 0.0480796 0.0722887 0.0974941 9.9982E-05
0.547625 0.00863347 0.275305 0.0233926 0.0706837 0.0742599 9.9991E-05
0.757524 9.9973E-05 0.100648 9.9973E-05 0.01874 9.9973E-05 0.122788
0.594163 9.9982E-05 0.198515 9.9982E-05 0.0854726 0.052598 0.0690512
0.220748 9.9973E-05 0.682943 0.0824699 0.0135395 9.9973E-05 9.9973E-05
0.0328943 0.0253103 9.9991E-05 0.0264078 0.140023 0.0883808 0.686884
9.9973E-05 9.9973E-05 0.069052 0.0164874 0.235098 9.9973E-05 0.679062
9.9973E-05 0.0941748 9.9973E-05 0.0148824 0.113859 9.9973E-05 0.776784
0.656552 0.0652044 0.0801746 0.00342847 9.9982E-05 0.194441 9.9982E-05
0.459585 0.118315 0.326223 0.0768772 0.0188 9.9982E-05 9.9982E-05
0.674613 9.9991E-05 0.112509 0.023419 0.0451139 0.0928319 0.0514133
0.631238 9.9982E-05 0.319697 0.0302718 9.9982E-05 0.00831162 0.0102817
0.781407 0.0834127 9.9991E-05 0.0328199 0.000269055 0.0903269 0.0116647
0.0900646 9.9973E-05 0.617941 9.9973E-05 0.202367 0.0893276 9.9973E-05
9.9955E-05 9.9955E-05 0.669827 9.9955E-05 9.9955E-05 0.329673 9.9955E-05
0.0657535 0.10559 0.648255 9.9973E-05 9.9973E-05 0.180102 9.9973E-05
9.9973E-05 0.0199922 0.950927 0.0220763 0.006705 9.9973E-05 9.9973E-05
9.9973E-05 0.0932188 0.804169 0.0166083 9.9973E-05 9.9973E-05 0.0857039
9.9964E-05 9.9964E-05 0.916704 0.0173268 9.9964E-05 0.0655694 9.9964E-05
0.046392 0.256533 0.577061 0.0159984 9.9991E-05 0.0407463 0.0631693
0.599225 0.123306 0.0868037 9.9973E-05 9.9973E-05 0.190366 9.9973E-05
0.42046 9.9982E-05 0.218236 0.130659 0.22531 9.9982E-05 0.00513502
0.706048 0.0493786 0.160944 0.00755486 0.0238246 9.9991E-05 0.05215
0.717532 9.9982E-05 0.022298 0.0393983 9.9982E-05 0.154248 0.0663231
0.641891 0.0519715 9.9973E-05 0.0202108 9.9973E-05 0.285627 9.9973E-05
0.030006 9.9982E-05 0.0789885 0.0221542 9.9982E-05 0.276952 0.591699
0.236267 0.0891039 0.517733 9.9982E-05 9.9982E-05 0.0686706 0.0880262
0.0913525 9.9964E-05 0.867912 9.9964E-05 0.0403355 9.9964E-05 9.9964E-05
9.995E-05 9.995E-05 9.995E-05 0.9994 9.995E-05 9.995E-05 9.995E-05
9.9991E-05 0.0938373 0.0507347 0.004215 0.504243 0.215676 0.131194
9.9991E-05 0.0524777 0.0857481 0.0190846 0.620656 0.139626 0.0823069
9.9991E-05 0.0926061 0.178645 0.024407 0.107734 0.52802 0.0684874
0.101738 9.9982E-05 9.9982E-05 0.0419454 0.000970354 0.722454 0.132692
0.0473397 0.349768 9.9982E-05 9.9982E-05 0.412496 0.14432 0.0458768
0.112036 0.012574 0.782803 0.00303143 0.00114728 0.0447873 0.0436206
9.9991E-05 0.201472 0.161196 0.0315046 0.0549273 0.0524637 0.498337
0.120815 9.9973E-05 0.695429 0.0800783 0.103377 9.9973E-05 9.9973E-05
0.0629027 0.239548 0.238116 0.0255998 0.0218771 0.144479 0.267477
9.99641E-05 9.99641E-05 9.99641E-05 9.99641E-05 0.63576 0.291507 0.0723333
9.9982E-05 0.552546 0.170163 9.9982E-05 0.139338 0.00911507 0.128638
9.9973E-05 9.9973E-05 0.224399 9.9973E-05 0.508711 0.251751 0.0148391
0.0531837 0.131796 0.0239603 0.00538252 9.9982E-05 0.785478 9.9982E-05
9.9964E-05 0.865608 0.104521 9.9964E-05 9.9964E-05 9.9964E-05 0.0294712
9.9964E-05 9.9964E-05 0.0241398 9.9964E-05 0.203602 0.771858 9.9964E-05
0.210137 0.112366 0.610424 0.0423534 0.00715783 9.9991E-05 0.0174617
0.149047 0.0229098 0.511375 0.0873653 0.0224267 0.148283 0.058593
0.158348 0.0470125 0.540256 0.103009 9.9991E-05 0.14636 0.004914
9.9982E-05 0.0227316 0.466614 0.00869548 9.9982E-05 0.346798 0.154961
0.0637066 9.9982E-05 0.405043 9.9982E-05 0.041663 0.380264 0.109124
0.0807682 0.249193 9.9982E-05 9.9982E-05 0.0851734 0.279075 0.30559
0.692488 0.26941 9.9973E-05 0.0231388 9.9973E-05 0.0146637 9.9973E-05
0.673069 0.000399784 0.15396 0.0445147 0.127856 9.9982E-05 9.9982E-05
0.180189 9.9973E-05 0.504801 9.9973E-05 0.182193 9.9973E-05 0.132517
0.126067 0.0939717 0.450119 0.0185557 9.9991E-05 0.278968 0.0322191
0.119656 9.9982E-05 0.379466 0.0524921 0.226941 9.9982E-05 0.221245
9.9964E-05 0.0932727 0.241294 9.9964E-05 9.9964E-05 9.9964E-05 0.665034
0.583413 0.0345361 0.293361 0.0565076 9.9982E-05 9.9982E-05 0.0319827
0.610824 9.9973E-05 0.256033 9.9973E-05 9.9973E-05 0.09536 0.0374831
0.457382 0.0914106 0.28218 9.9973E-05 0.168728 9.9973E-05 9.9973E-05
0.0416255 0.206583 0.0719917 0.0594601 0.240221 9.9991E-05 0.380019
0.0386087 9.9964E-05 9.9964E-05 9.9964E-05 0.831669 9.9964E-05 0.129323
9.9973E-05 0.216319 0.186026 9.9973E-05 0.529086 0.0682699 9.9973E-05
0.123541 0.111013 9.9973E-05 9.9973E-05 0.764924 0.000222617 9.9973E-05
9.9973E-05 0.074332 9.9973E-05 9.9973E-05 0.317634 0.243863 0.363871
9.9991E-05 0.19241 0.0220037 0.0171329 0.414324 0.220724 0.133305
9.9964E-05 9.9964E-05 0.0672696 9.9964E-05 0.927608 9.9964E-05 0.00472292
0.0327707 0.0543719 9.9982E-05 0.00721607 0.834954 0.0704878 9.9982E-05
0.00162644 0.160936 0.0889683 9.9991E-05 0.213512 0.252013 0.282844
9.9964E-05 9.9964E-05 9.9964E-05 9.9964E-05 0.161005 0.832576 0.00601935
9.9982E-05 0.0695348 9.9982E-05 0.0228575 0.059464 0.806899 0.0410449
9.9982E-05 0.196923 9.9982E-05 0.0103033 0.0423543 0.68998 0.0602401
0.0818635 0.0504354 0.173173 9.9991E-05 0.416322 0.104579 0.173527
0.00752615 9.9982E-05 0.0235079 0.0274685 0.227074 0.714223 9.9982E-05
9.9982E-05 0.00668453 0.188645 9.9982E-05 0.0319571 0.64802 0.124493
9.9964E-05 9.9964E-05 0.126095 9.9964E-05 0.873361 0.000143997 9.9964E-05
9.9964E-05 0.279099 0.0207005 9.9964E-05 9.9964E-05 9.9964E-05 0.699801
9.9955E-05 9.9955E-05 9.9955E-05 9.9955E-05 0.225633 9.9955E-05 0.773867
9.9973E-05 0.00422448 9.9973E-05 0.032241 9.9973E-05 0.23679 0.726445
0.0434675 9.9982E-05 0.0239417 9.9982E-05 0.0510319 0.222681 0.658678
0.0541087 9.9973E-05 0.0503046 9.9973E-05 0.178508 9.9973E-05 0.716779
0.0343765 0.251044 0.25107 0.00889961 0.351334 0.103175 9.9991E-05
9.9982E-05 0.752682 0.0574664 0.0147042 0.0711237 9.9982E-05 0.103824
0.887573 9.9964E-05 0.0702598 9.9964E-05 0.0417669 9.9964E-05 9.9964E-05
0.755525 9.9982E-05 9.9982E-05 0.0450959 0.00333132 0.152177 0.0436712
0.791191 0.0694344 9.9991E-05 0.0197408 0.0686381 0.034378 0.0165182
0.574171 9.9973E-05 0.222211 9.9973E-05 0.176293 9.9973E-05 0.0270252
0.79786 9.9973E-05 9.9973E-05 0.0137902 0.0955187 0.0925315 9.9973E-05
0.754184 9.9982E-05 0.0122058 0.0210389 9.9982E-05 0.0914754 0.120896
0.78176 9.9973E-05 0.0633969 0.0240804 0.130463 9.9973E-05 9.9973E-05
0.739117 0.0012321 0.163818 9.9982E-05 0.0381689 9.9982E-05 0.057464
0.819654 9.9982E-05 0.029621 9.9982E-05 0.00302698 0.084779 0.0627193
0.775025 9.9982E-05 0.0606807 0.00567412 0.114739 9.9982E-05 0.0436814
0.707693 0.19107 0.0684374 0.0274279 9.9982E-05 0.00517164 9.9982E-05
0.744184 0.0429777 0.000659934 0.0371004 0.0656186 0.0815519 0.0279077
0.716745 9.9991E-05 0.0450699 0.0219895 0.17386 0.0105811 0.0316546
0.783261 0.0809889 9.9982E-05 0.0358461 9.9982E-05 0.00407537 0.0956284
0.71531 0.0328507 0.215606 0.0154792 0.0161531 9.9991E-05 0.00450136
0.841524 0.0236866 9.9973E-05 0.0325674 0.101922 9.9973E-05 9.9973E-05
0.749919 0.197308 0.00539911 0.0234845 9.9982E-05 9.9982E-05 0.0236891
0.110612 0.0351182 0.725892 9.9982E-05 0.0818558 9.9982E-05 0.0463217
9.9964E-05 0.0490948 0.845653 9.9964E-05 0.104852 9.9964E-05 9.9964E-05
0.813933 0.121919 0.0399382 9.9973E-05 0.0239101 9.9973E-05 9.9973E-05
0.643916 0.129221 9.9991E-05 0.0299501 0.101877 0.0762424 0.0186942
0.767973 9.9964E-05 0.163868 9.9964E-05 9.9964E-05 9.9964E-05 0.0677593
0.0482465 0.067706 0.746646 9.9982E-05 0.0593625 0.0778389 9.9982E-05
0.000166413 9.9973E-05 0.0453542 0.0135568 0.940623 9.9973E-05 9.9973E-05
9.9982E-05 0.0941715 9.9982E-05 0.0277287 0.734421 0.0180366 0.125442
9.9973E-05 0.0621806 0.220076 9.9973E-05 0.344813 9.9973E-05 0.37263
9.9973E-05 9.9973E-05 0.0722995 9.9973E-05 0.205572 0.200158 0.521671
0.0192537 0.00140336 0.0772081 0.00900626 9.9991E-05 0.228042 0.664987
0.0366866 9.9982E-05 0.0509277 9.9982E-05 0.0552843 0.111792 0.74511
9.9991E-05 0.00817901 0.0162415 0.0192449 0.0322319 0.262201 0.661802
0.00234203 0.0625976 0.039937 0.0367677 9.9991E-05 0.168681 0.689575
0.0310951 0.0505074 0.136251 0.0464312 0.0748203 0.0578548 0.60304
0.0743331 9.9982E-05 9.9982E-05 0.0234661 0.108637 0.0867769 0.706587
0.00449294 0.0962811 0.0505611 0.0201446 0.807303 9.9991E-05 0.0211173
0.00342063 0.394299 0.169388 0.0534012 0.371993 9.9991E-05 0.00739894
0.0015325 0.961618 9.9964E-05 0.0364492 9.9964E-05 9.9964E-05 9.9964E-05
9.995E-05 0.9994 9.995E-05 9.995E-05 9.995E-05 9.995E-05 9.995E-05
9.99549E-05 0.988571 9.99549E-05 0.010929 9.99549E-05 9.99549E-05 9.99549E-05
0.0354893 0.752147 0.0498741 0.00730227 0.052927 0.10216 9.9991E-05
9.9991E-05 0.0547288 0.138205 0.00160259 0.113389 0.625965 0.0660095
9.9964E-05 9.9964E-05 0.157247 9.9964E-05 9.9964E-05 0.773694 0.0686591
9.9973E-05 9.9973E-05 0.0350959 0.0286304 0.0890237 0.84695 9.9973E-05
0.027104 0.3007 9.9973E-05 9.9973E-05 9.9973E-05 0.616838 0.0550577
9.9964E-05 0.155952 9.9964E-05 0.0212776 9.9964E-05 0.82237 9.9964E-05
0.0872295 9.9982E-05 0.00482061 0.109524 9.9982E-05 0.257002 0.541223
0.70828 9.9991E-05 0.0782063 0.0136097 0.0133531 0.18425 0.00220095
0.714057 0.0741636 0.084217 0.0445732 9.9991E-05 0.00384651 0.0790426
0.75486 9.9964E-05 0.119158 9.9964E-05 9.9964E-05 0.125582 9.9964E-05
0.675066 0.0158069 0.0511918 9.9982E-05 0.18823 0.0695062 9.9982E-05
0.727314 0.0413688 0.0272357 0.0168308 0.146431 9.9991E-05 0.0407191
0.090439 0.0936542 0.0787442 0.0327163 0.0826807 0.45824 0.163526
0.0587321 9.9982E-05 9.9982E-05 0.0144963 0.441037 0.316095 0.169439
9.9964E-05 9.9964E-05 9.9964E-05 0.0457615 0.170512 0.783327 9.9964E-05
9.9982E-05 9.9982E-05 0.163899 0.0334587 0.427874 0.177629 0.196939
