0.0201118 0.120893 0.858995
9.999E-05 0.118281 0.881619
9.999E-05 0.272713 0.727187
0.0329397 0.00921552 0.957845
0.0481339 0.132439 0.819427
0.0617136 9.9991E-05 0.938186
0.0649581 0.0982899 0.836752
9.999E-05 0.0369694 0.962931
0.066669 0.19976 0.733571
0.0609727 0.301288 0.637739
0.226103 0.100006 0.673891
0.0829528 0.327692 0.589355
0.307145 0.129504 0.563351
0.119443 0.183939 0.696618
0.0373332 0.350075 0.612592
9.9991E-05 0.102013 0.897887
0.0119701 0.25262 0.73541
9.9991E-05 0.136911 0.862989
0.222657 0.630299 0.147044
9.9991E-05 0.751203 0.248697
0.0063981 0.737267 0.256335
0.0476466 0.82352 0.128833
0.000624493 0.999276 9.9991E-05
0.0064875 0.909847 0.0836655
9.9991E-05 0.727162 0.272738
9.9991E-05 0.974022 0.0258776
0.0208697 0.97903 9.9991E-05
0.0799222 0.919978 9.9991E-05
9.999E-05 0.9998 9.999E-05
0.101902 0.867556 0.0305416
0.0210968 0.972887 0.00601653
0.025404 0.889949 0.0846471
0.0288279 0.925548 0.0456246
0.0806031 0.256053 0.663343
9.9991E-05 0.301422 0.698478
0.0570176 0.115195 0.827787
0.0265751 0.135265 0.83816
0.114542 0.148932 0.736526
0.354974 0.644926 9.9991E-05
0.0616231 0.835897 0.10248
0.0818833 0.128923 0.789193
9.9991E-05 0.203968 0.795932
0.212279 0.302908 0.484813
0.367286 0.101244 0.53147
0.267861 0.111897 0.620242
0.372715 0.627185 9.9991E-05
0.103838 0.241344 0.654818
0.233804 0.119609 0.646588
0.14226 0.381369 0.476371
0.880292 0.0685057 0.0512022
0.890291 0.0461775 0.0635316
0.857529 9.9991E-05 0.142371
0.842591 0.0585552 0.0988534
0.873183 0.126717 9.9991E-05
0.896312 0.0802886 0.0233994
0.74872 9.9991E-05 0.25118
0.863148 0.0463461 0.0905058
0.904279 0.0956213 9.9991E-05
0.894859 9.9991E-05 0.105041
0.748305 9.9991E-05 0.251595
0.911669 0.0882312 9.9991E-05
0.803571 0.126963 0.0694655
0.565409 0.0464688 0.388122
0.0265827 0.833341 0.140076
0.0473392 0.779071 0.17359
9.9991E-05 0.911559 0.0883414
0.773121 0.0757098 0.151169
0.687049 0.00853707 0.304414
0.800494 0.0468791 0.152627
0.856533 0.113496 0.0299715
0.917526 0.0480194 0.0344545
0.333845 9.9991E-05 0.666055
0.32077 0.0146335 0.664596
0.335741 0.0200318 0.644227
0.31379 9.9991E-05 0.68611
0.265805 0.155276 0.578919
0.36563 0.133623 0.500746
0.312921 0.0496808 0.637398
0.773773 9.9991E-05 0.226127
0.623723 0.13975 0.236527
0.880655 0.0726571 0.0466878
0.841718 0.158182 9.9991E-05
0.770673 9.9991E-05 0.229227
0.042758 0.731133 0.226109
0.491717 0.114318 0.393965
0.404714 9.9991E-05 0.595186
0.378299 0.621601 9.9991E-05
9.9991E-05 0.256073 0.743827
9.9991E-05 0.171581 0.828319
0.0256605 0.216442 0.757898
0.142056 0.319128 0.538816
0.0671401 0.0652713 0.867589
0.437469 9.9991E-05 0.562431
0.0763234 0.62076 0.302916
0.456066 0.071554 0.47238
0.17709 0.368696 0.454214
9.9991E-05 0.244499 0.755401
9.9991E-05 0.109576 0.890324
0.0158235 0.132775 0.851401
0.0850174 0.0221829 0.8928
0.0497828 0.0525712 0.897646
9.9991E-05 0.118779 0.881121
0.446284 0.112223 0.441493
0.340064 0.102303 0.557633
0.449078 0.0648868 0.486035
0.113254 0.253293 0.633453
0.25242 0.133244 0.614336
0.00547375 0.432684 0.561842
0.846084 0.0828761 0.0710396
0.835179 0.0587975 0.106023
0.362372 0.165677 0.471951
0.315412 0.172485 0.512102
0.312973 0.322489 0.364537
0.0487201 0.821707 0.129573
0.803142 0.105766 0.0910925
0.801332 9.9991E-05 0.198568
0.657011 9.9991E-05 0.342889
0.0643823 0.538049 0.397569
0.0248336 0.316334 0.658833
0.0501386 0.0673341 0.882527
0.0649624 0.105781 0.829256
9.9991E-05 0.377662 0.622238
9.9991E-05 0.220626 0.779275
0.0315355 0.105866 0.862599
0.0292608 0.0427782 0.927961
0.0145676 0.46519 0.520242
0.0222962 0.127653 0.850051
9.9991E-05 0.193558 0.806342
9.9991E-05 0.130494 0.869406
0.117193 0.292261 0.590545
0.0519587 0.0795475 0.868494
0.0629494 0.233386 0.703664
0.00779312 0.0973287 0.894878
0.0219433 0.905351 0.0727054
9.9991E-05 0.917481 0.0824188
9.999E-05 0.9998 9.999E-05
0.057681 0.873453 0.0688664
0.07852 0.819894 0.101586
0.134279 9.9991E-05 0.865621
9.9991E-05 0.211765 0.788135
0.9998 9.999E-05 9.999E-05
0.897701 0.0887347 0.0135641
0.934336 9.9991E-05 0.065564
0.753609 0.078516 0.167875
0.955336 9.9991E-05 0.0445641
0.874834 0.125066 9.9991E-05
0.971707 9.9991E-05 0.0281925
0.908678 0.0912217 9.9991E-05
0.915387 0.0845132 9.9991E-05
0.87044 0.12946 9.9991E-05
0.863131 0.00651946 0.13035
0.8536 0.0820837 0.0643166
0.819895 0.0641063 0.115998
0.926623 0.0732765 9.9991E-05
0.95256 0.031433 0.0160073
0.936202 9.9991E-05 0.0636985
0.918485 0.0690701 0.0124449
0.370979 9.9991E-05 0.628921
0.22599 9.9991E-05 0.77391
0.921908 9.9991E-05 0.0779919
0.738149 9.9991E-05 0.261751
0.945459 0.0544414 9.9991E-05
0.341437 9.9991E-05 0.658464
9.9991E-05 0.0308017 0.969098
9.9991E-05 0.288929 0.710971
0.0409106 0.478417 0.480673
9.9991E-05 0.664816 0.335084
0.0521605 0.800023 0.147817
0.0140621 0.887997 0.0979409
9.9991E-05 0.770922 0.228978
9.9991E-05 0.814286 0.185614
0.0613346 0.766819 0.171846
0.0841724 0.887968 0.0278592
0.0542721 0.142218 0.80351
0.103606 0.0958261 0.800568
0.0501327 9.9991E-05 0.949767
0.039104 9.9991E-05 0.960796
0.028861 9.9991E-05 0.971039
0.0935301 0.00846326 0.898007
0.00505143 0.271666 0.723283
0.110112 0.174805 0.715083
0.0299271 0.135619 0.834454
0.0609805 0.236754 0.702265
0.00856984 0.187825 0.803606
0.0951958 0.775296 0.129508
0.817591 0.0148944 0.167514
0.899368 0.100532 9.9991E-05
0.961309 0.0385906 9.9991E-05
0.760537 0.0184273 0.221036
0.861014 0.112837 0.0261494
0.138946 0.329084 0.53197
0.00215458 0.310404 0.687442
9.9991E-05 0.187862 0.812038
0.0192773 0.271849 0.708873
