0.0214745 0.108068 0.870357 9.9991E-05
0.0334936 0.171121 0.795285 9.9991E-05
0.0189898 0.277814 0.703096 9.9991E-05
0.0187924 0.063485 0.89953 0.0181926
9.999E-05 0.0459895 0.917748 0.0361626
0.00334102 0.0382812 0.862458 0.0959197
9.999E-05 0.0886473 0.863848 0.0474048
0.0528803 9.9982E-05 0.94692 9.9982E-05
0.0265051 0.191715 0.737963 0.0438167
0.0367697 0.208751 0.754379 9.9991E-05
0.0566143 0.0974196 0.6513 0.194666
0.0100423 0.262441 0.65503 0.0724864
0.0450773 0.111816 0.554955 0.288152
0.00202172 0.255802 0.605143 0.137033
0.0642681 0.198757 0.718341 0.0186339
0.0268084 0.152766 0.820325 9.9991E-05
9.9991E-05 0.26606 0.718185 0.0156547
0.0303782 0.0634432 0.906079 9.9991E-05
0.0678149 0.602009 0.176165 0.154011
9.9991E-05 0.812571 0.15759 0.0297398
0.0145717 0.826916 0.158413 9.9991E-05
9.9991E-05 0.867391 0.0868129 0.0456963
0.0522206 0.939994 9.9991E-05 0.00768532
0.0495207 0.891102 0.0543706 0.00500689
9.9991E-05 0.764008 0.207211 0.0286806
0.00130655 0.983623 0.0149702 9.9991E-05
0.0505223 0.89809 9.9991E-05 0.0512875
0.00719616 0.892494 9.9991E-05 0.10021
9.9982E-05 0.986593 9.9982E-05 0.0132073
9.9982E-05 0.92283 9.9982E-05 0.0769697
0.0195263 0.9436 9.9991E-05 0.0367735
0.0378736 0.924482 0.00329456 0.0343496
0.0644999 0.861833 0.0714801 0.00218719
0.0659429 0.147105 0.740661 0.0462916
9.9982E-05 0.350823 0.648977 9.9982E-05
0.0053221 0.133135 0.829805 0.0317375
0.0393969 0.0710379 0.866305 0.0232603
0.0328698 0.216066 0.639529 0.111536
0.9997 9.998E-05 9.998E-05 9.998E-05
0.0429705 0.887541 0.00106897 0.0684199
9.9991E-05 0.225499 0.677736 0.0966651
9.9982E-05 0.249477 0.750323 9.9982E-05
0.00755262 0.321892 0.476388 0.194167
0.0572095 0.156164 0.469638 0.316988
0.0311819 0.105295 0.570957 0.292566
0.9997 9.998E-05 9.998E-05 9.998E-05
0.0993197 0.229611 0.57335 0.0977199
9.9991E-05 0.158395 0.612284 0.229221
0.0446316 0.39842 0.428407 0.128542
0.0321317 0.0213812 0.102341 0.844146
0.0473147 9.9991E-05 0.0574666 0.895119
0.00264311 0.0421049 0.118935 0.836317
0.0621707 0.00976541 0.0866961 0.841368
0.0480169 0.0692354 9.9991E-05 0.882648
9.9982E-05 0.0896188 9.9982E-05 0.910181
0.0058634 9.9991E-05 0.199237 0.794799
0.0151929 0.101883 0.0165802 0.866344
0.0356834 0.0741765 9.9991E-05 0.89004
0.0307747 0.00914783 0.0979267 0.862151
0.0508546 9.9991E-05 0.211175 0.73787
0.010013 0.084288 9.9991E-05 0.905599
9.9991E-05 0.127035 0.0696122 0.803253
0.061617 0.0278928 0.34177 0.56872
0.0167398 0.822161 0.125409 0.0356894
0.0285451 0.870353 0.080639 0.0204634
0.0141958 0.920943 0.0647611 9.9991E-05
0.0170513 0.0114155 0.159998 0.811535
0.0955596 9.9991E-05 0.272349 0.631991
0.0201862 0.0395114 0.128831 0.811471
0.0661619 0.0606433 0.0297634 0.843431
0.0265209 0.0191237 0.0927599 0.861596
0.00811346 9.9991E-05 0.636272 0.355515
0.0044486 0.101182 0.574152 0.320217
9.9991E-05 0.0258798 0.607185 0.366835
0.036149 0.0611039 0.552322 0.350425
0.0551499 0.142416 0.532063 0.270371
0.0291477 0.0634354 0.551004 0.356413
0.0231576 0.0755309 0.614452 0.28686
9.9982E-05 9.9982E-05 0.204923 0.794877
0.093594 0.0115345 0.286989 0.607882
0.0291021 0.0908594 0.0473965 0.832642
0.0546989 0.0732118 9.9991E-05 0.871989
0.0341412 0.0255885 0.157001 0.78327
0.0117144 0.803108 0.107459 0.0777178
0.00372037 0.130581 0.385007 0.480691
9.9982E-05 9.9982E-05 0.563706 0.436094
0.9997 9.998E-05 9.998E-05 9.998E-05
0.00876172 0.197155 0.787624 0.00645995
0.0264559 0.160415 0.813029 9.9991E-05
0.0634816 0.22159 0.680989 0.0339387
0.0469527 0.3232 0.491286 0.138562
9.9991E-05 0.0888074 0.886814 0.0242788
9.9991E-05 0.0580419 0.460895 0.480963
0.0396041 0.650694 0.268785 0.040917
0.104861 0.00691078 0.472382 0.415847
0.0556835 0.350813 0.440139 0.153364
0.00621886 0.2047 0.788981 9.9991E-05
9.9991E-05 0.0814201 0.876629 0.0418509
9.9991E-05 0.202017 0.78865 0.009233
0.0210435 0.048634 0.860015 0.0703071
0.0230854 0.019701 0.901686 0.0555271
0.011138 0.128022 0.86074 9.9991E-05
0.0157852 0.0519329 0.497771 0.434511
0.0790907 0.0981959 0.470359 0.352354
0.0973542 0.0459767 0.444018 0.412651
0.0160898 0.300442 0.573495 0.109974
9.9991E-05 0.243225 0.493527 0.263148
9.9991E-05 0.509049 0.458926 0.0319253
0.00812357 9.9991E-05 0.153991 0.837785
0.022767 0.0633545 0.102359 0.811519
9.9991E-05 0.213532 0.402678 0.38369
0.0487781 0.174459 0.474782 0.30198
0.0635831 0.335675 0.304835 0.295907
9.9991E-05 0.913524 0.0615109 0.0248654
0.0273471 0.175043 9.9991E-05 0.79751
9.9991E-05 0.0544813 0.148425 0.796994
0.0051995 9.9991E-05 0.365194 0.629507
0.0592341 0.5108 0.38279 0.0471766
0.00904991 0.320613 0.649131 0.0212066
0.0296495 0.0304333 0.901795 0.0381226
9.9991E-05 0.118694 0.791275 0.089931
9.9982E-05 0.455514 0.544286 9.9982E-05
0.0180406 0.232311 0.749548 9.9991E-05
9.9982E-05 0.157159 0.842641 9.9982E-05
0.01055 0.0448079 0.865853 0.0787886
9.9991E-05 0.432122 0.544156 0.0236221
0.0155692 0.222022 0.762309 9.9991E-05
0.0450685 0.201751 0.753081 9.9991E-05
0.0231432 0.219751 0.757006 9.9991E-05
0.00233929 0.374962 0.523931 0.0987677
0.0522849 0.051108 0.85005 0.0465573
0.0185666 0.238764 0.697357 0.0453124
9.9991E-05 0.119758 0.8486 0.0315419
9.9982E-05 0.983559 9.9982E-05 0.0162412
9.9982E-05 0.942676 0.0571242 9.9982E-05
0.0502714 0.949529 9.9982E-05 9.9982E-05
0.0198533 0.8342 0.0779652 0.0679815
0.011632 0.919617 0.0109055 0.0578452
0.0177934 9.9991E-05 0.8251 0.157006
0.0181784 0.182794 0.798927 9.9991E-05
9.998E-05 9.998E-05 9.998E-05 0.9997
0.0290284 0.0544911 0.0417514 0.874729
0.00828336 0.051755 0.0281328 0.911829
0.00412846 0.0870483 0.147261 0.761563
0.048106 9.9991E-05 0.0478716 0.903922
0.0248805 0.0950341 9.9991E-05 0.879985
0.0319053 9.9991E-05 0.0429969 0.924998
9.9982E-05 0.0970495 9.9982E-05 0.902751
9.9982E-05 0.129142 9.9982E-05 0.870658
0.00422558 0.09729 9.9991E-05 0.898384
0.0526801 9.9991E-05 0.0846126 0.862607
0.0620613 0.0209951 0.0800731 0.83687
0.0218196 0.0900913 0.0572027 0.830886
0.0361556 0.0705591 9.9991E-05 0.893185
0.00996395 0.00819943 0.0537783 0.928058
0.0113199 9.9991E-05 0.0486847 0.939895
0.0208955 0.0578861 9.9991E-05 0.921118
9.9991E-05 0.0833983 0.504171 0.412331
9.9991E-05 0.144043 0.610782 0.245075
9.9982E-05 9.9982E-05 0.0660919 0.933708
0.0270179 0.00476914 0.19502 0.773193
0.00323129 0.0239277 9.9991E-05 0.972741
9.9982E-05 9.9982E-05 0.622565 0.377235
0.0136914 9.9991E-05 0.970251 0.0159574
0.0206036 0.2761 0.703196 9.9991E-05
9.9991E-05 0.569129 0.370255 0.0605168
0.00185908 0.721404 0.272742 0.00399468
9.9991E-05 0.896794 0.0858655 0.0172405
9.9991E-05 0.929611 0.0383985 0.03189
0.00751589 0.866718 0.125666 9.9991E-05
0.0405972 0.833404 0.0962766 0.0297225
0.0456205 0.85857 9.9991E-05 0.0957095
0.057481 0.876863 9.9991E-05 0.0655556
0.00699334 0.146056 0.838951 0.00799933
0.0411357 0.104301 0.817959 0.0366047
0.0518075 9.9991E-05 0.929183 0.0189098
9.9982E-05 9.9982E-05 0.998771 0.00102887
0.00265201 9.9991E-05 0.971967 0.0252806
9.9991E-05 0.0260919 0.872782 0.101026
0.0211871 0.25736 0.711235 0.0102178
0.0174203 0.282098 0.601467 0.0990148
0.0634577 0.0913002 0.799596 0.0456462
0.0373842 0.249404 0.697121 0.0160904
0.0181162 0.19074 0.758686 0.0324587
0.148639 0.708248 0.0972901 0.0458221
0.0268112 0.0591861 0.0711121 0.842891
0.0430817 0.127625 9.9991E-05 0.829193
0.00814827 0.0495395 9.9991E-05 0.942212
0.0183394 0.0206846 0.149406 0.81157
0.0247254 0.0797146 0.0741264 0.821434
0.0360917 0.25159 0.557308 0.15501
0.0368788 0.320759 0.642262 9.9991E-05
0.0776251 0.143454 0.778821 9.9991E-05
0.0536095 0.327006 0.615996 0.00338843
