0.0438505 0.0156381 0.115944 0.111973 0.700971 0.0116225
0.136677 9.9991E-05 0.0707011 0.0669289 0.691387 0.0342066
9.9982E-05 9.9982E-05 0.153201 0.0789821 0.744522 0.0230951
0.1036 9.9991E-05 0.0295147 0.215841 0.644597 0.00634752
0.145052 0.075164 9.9973E-05 9.9973E-05 0.779484 9.9973E-05
0.224183 0.0715077 9.9991E-05 0.0312994 0.664533 0.00837727
0.387045 9.9973E-05 9.9973E-05 0.142654 0.470002 9.9973E-05
0.0556515 9.9991E-05 0.0495169 0.165549 0.689717 0.0394659
0.727947 0.036648 0.0684128 9.9991E-05 0.164015 0.00287713
0.265914 0.00845124 0.2151 0.170219 0.322765 0.0175506
0.290992 0.0886986 0.0141225 0.357705 0.189633 0.0588486
0.506047 9.9991E-05 0.108887 0.182848 0.164548 0.0375697
0.178304 0.0514685 0.0280762 0.696988 9.9991E-05 0.0450629
0.647657 0.0940566 0.10566 0.0419225 0.110603 9.9991E-05
0.421674 0.0611578 0.085218 9.9991E-05 0.385776 0.0460744
0.534236 9.9982E-05 9.9982E-05 0.110537 0.348764 0.00626271
0.54854 9.9973E-05 0.114031 9.9973E-05 0.337129 9.9973E-05
0.450255 0.00428576 0.0373145 9.9991E-05 0.489471 0.0185738
0.212851 0.101704 0.461155 0.152435 9.9991E-05 0.0717559
0.285571 9.9982E-05 0.548617 0.154206 0.011406 9.9982E-05
0.103936 9.9991E-05 0.68118 0.0253742 0.170426 0.0189845
9.9991E-05 0.0280972 0.792455 0.101705 0.0545834 0.0230589
9.9982E-05 9.9982E-05 0.930966 0.00610933 0.00775518 0.0549691
0.164373 0.00561373 0.681124 9.9991E-05 0.111659 0.0371298
0.0992432 9.9982E-05 0.626201 0.0638914 0.210465 9.9982E-05
9.9973E-05 9.9973E-05 0.830052 9.9973E-05 0.165775 0.00387319
9.9973E-05 0.0641127 0.878798 9.9973E-05 9.9973E-05 0.0567898
0.0914178 0.0454107 0.830247 9.9982E-05 9.9982E-05 0.0327247
9.9973E-05 0.0121391 0.880633 9.9973E-05 0.106928 9.9973E-05
0.0373671 0.078901 0.806899 9.9982E-05 0.0766329 9.9982E-05
0.0572421 0.0385247 0.875191 9.9991E-05 0.013182 0.0157598
0.090961 0.0313712 0.832889 9.9982E-05 9.9982E-05 0.0445788
9.9982E-05 9.9982E-05 0.80682 0.00427822 0.123705 0.0649967
0.238177 9.9991E-05 0.0741921 0.253021 0.362796 0.0717145
0.234275 0.0114127 0.218697 9.9982E-05 0.535415 9.9982E-05
0.161096 0.0573345 0.110381 0.0685492 0.602539 9.9991E-05
0.00545862 0.000361586 0.0502638 0.196165 0.70811 0.0396411
0.291314 0.0866542 0.0585937 0.205032 0.352378 0.00602914
9.996E-05 9.996E-05 9.996E-05 9.996E-05 9.996E-05 0.9995
9.9982E-05 0.0153803 0.725969 0.216081 9.9982E-05 0.0423702
0.079855 0.113198 0.190662 9.9991E-05 0.611804 0.00438186
0.246004 9.9982E-05 0.0870739 0.159137 0.507585 9.9982E-05
0.213598 0.0901311 0.244959 0.276549 0.169742 0.00501995
0.0970475 0.118904 0.108987 0.574881 0.0616684 0.038512
9.9982E-05 9.9982E-05 0.0470165 0.905264 0.0424699 0.00504971
9.996E-05 9.996E-05 9.996E-05 9.996E-05 9.996E-05 0.9995
0.333505 9.9991E-05 0.149377 0.254481 0.20388 0.0586567
0.221106 0.0860396 0.103233 0.433939 0.155583 9.9991E-05
0.430602 0.101744 0.268304 0.0537771 0.124792 0.0207813
0.139665 0.739153 0.00407864 0.0871311 0.0073809 0.022592
0.0537729 0.745285 0.0456919 0.125715 9.9991E-05 0.0294355
0.0210462 0.782044 9.9973E-05 9.9973E-05 0.19661 9.9973E-05
0.106856 0.699662 0.0363107 0.0977206 9.9991E-05 0.0593508
0.0893388 0.783948 0.0642753 9.9982E-05 9.9982E-05 0.0622378
0.163664 0.80826 0.0277767 9.9973E-05 9.9973E-05 9.9973E-05
0.343579 0.656021 9.9964E-05 9.9964E-05 9.9964E-05 9.9964E-05
0.162439 0.730727 9.9982E-05 0.100009 9.9982E-05 0.00662444
9.9982E-05 0.807739 0.0926056 0.0765685 9.9982E-05 0.0228867
0.0886954 0.796893 9.9991E-05 0.0413576 0.0252933 0.047661
0.110819 0.59631 9.9991E-05 0.187336 0.0804687 0.0249666
9.9973E-05 0.793473 0.0978819 0.108345 9.9973E-05 9.9973E-05
0.126506 0.648575 0.0258903 0.198829 9.9982E-05 9.9982E-05
0.111411 0.291275 0.00692494 0.520918 9.9991E-05 0.0693716
0.0689442 0.0505547 0.738661 9.9991E-05 0.113508 0.0282321
9.9982E-05 9.9982E-05 0.756393 0.0372695 0.174693 0.0314441
0.0757088 9.9982E-05 0.733726 9.9982E-05 0.172567 0.0177979
0.212919 0.690653 9.9982E-05 0.0891956 9.9982E-05 0.00703272
9.9982E-05 0.501503 9.9982E-05 0.407359 0.0161876 0.0747504
0.0637383 0.743385 0.028242 0.0999563 0.0310618 0.0336167
9.9973E-05 0.679098 9.9973E-05 0.269468 9.9973E-05 0.0511339
0.000438946 0.855627 0.00760095 9.9991E-05 0.0943814 0.0418515
0.218303 0.13461 9.9991E-05 0.491411 0.14642 0.00915605
0.367443 0.0646311 9.9973E-05 0.567626 9.9973E-05 9.9973E-05
0.161125 0.0743872 9.9973E-05 0.764188 9.9973E-05 9.9973E-05
9.9964E-05 9.9964E-05 9.9964E-05 0.983708 9.9964E-05 0.0158918
0.038571 9.9982E-05 0.0848912 0.835267 9.9982E-05 0.0410712
0.057351 0.00310807 9.9982E-05 0.920083 9.9982E-05 0.0192579
0.0712989 0.0812848 0.0832481 0.621953 0.120643 0.0215714
0.239143 0.619737 9.9973E-05 0.140821 9.9973E-05 9.9973E-05
0.0100608 0.474839 0.00571765 0.311763 0.102224 0.0953958
9.9991E-05 0.716238 0.0394154 0.168944 0.0560493 0.0192532
0.0888545 0.748732 0.0572073 0.0681943 9.9991E-05 0.0369123
0.296667 0.666286 9.9973E-05 9.9973E-05 9.9973E-05 0.0367465
0.406501 0.0627871 0.518729 9.9982E-05 9.9982E-05 0.0117829
9.9982E-05 0.299349 0.106213 0.476203 0.118036 9.9982E-05
9.9973E-05 0.114379 9.9973E-05 0.852214 0.0331075 9.9973E-05
9.996E-05 9.996E-05 9.996E-05 9.996E-05 9.996E-05 0.9995
0.219762 9.9991E-05 0.135319 0.116456 0.525465 0.00289805
0.149723 9.9991E-05 0.0930784 0.0605459 0.673059 0.0234934
0.466997 0.00960978 0.0888149 0.123233 0.269551 0.0417943
0.609453 0.047113 0.156848 0.159583 9.9991E-05 0.0269019
0.430225 0.0458892 0.0566507 9.9982E-05 0.467035 9.9982E-05
9.9982E-05 0.117044 0.0132927 0.865741 0.00372147 9.9982E-05
0.234708 0.0132427 0.456399 0.131832 0.112602 0.0512166
0.0156581 0.161874 9.9991E-05 0.668137 0.0678622 0.0863693
0.0268608 9.9991E-05 0.296699 0.42418 0.202271 0.0498892
0.447217 9.9982E-05 0.0638271 9.9982E-05 0.482689 0.00606661
0.112829 9.9982E-05 0.050162 0.279459 0.55735 9.9982E-05
0.132667 9.9982E-05 0.20121 0.213665 0.452257 9.9982E-05
0.861732 0.038888 9.9982E-05 0.0587249 0.0404556 9.9982E-05
9.9973E-05 9.9973E-05 9.9973E-05 0.332442 0.660347 0.00691097
0.77925 9.9982E-05 0.0228884 0.118887 0.078774 9.9982E-05
9.9991E-05 0.188973 0.00149323 0.644623 0.143422 0.0213882
0.0767327 0.168411 0.0952163 0.560636 0.0217689 0.0772356
0.0838935 0.185197 0.00576268 0.562679 0.0861333 0.0763342
0.31661 9.9982E-05 0.138464 0.506411 0.0383142 9.9982E-05
0.362294 0.0874637 0.137069 0.38037 0.0327028 9.9991E-05
0.239457 0.0743805 0.405315 0.00263771 0.27811 9.9991E-05
0.0695628 0.74208 0.0019959 9.9991E-05 0.182158 0.00410392
0.0525899 0.694683 0.0323008 0.189401 0.0172783 0.0137466
9.9982E-05 0.19688 0.140258 0.522264 0.140398 9.9982E-05
0.421083 0.14545 0.058208 0.370946 9.9991E-05 0.00421324
9.9991E-05 0.163915 0.244697 0.360752 0.172717 0.0578191
9.9964E-05 9.9964E-05 0.713586 0.286015 9.9964E-05 9.9964E-05
9.9982E-05 0.597642 0.0626278 0.280762 9.9982E-05 0.0587686
0.0955154 0.676291 0.0133186 0.132242 0.0825335 9.9991E-05
0.0276178 0.50781 9.9982E-05 0.258792 0.20558 9.9982E-05
0.120804 0.0170198 0.403371 0.109198 0.291852 0.0577548
0.101191 0.0367286 0.204039 0.0313285 0.626613 9.9991E-05
0.0851119 0.0400532 9.9991E-05 0.103542 0.744386 0.0268074
0.00469414 0.0776292 0.0615113 0.02061 0.835455 9.9991E-05
0.423853 9.9973E-05 0.293885 9.9973E-05 0.281962 9.9973E-05
0.173502 9.9991E-05 0.142114 0.119099 0.551823 0.0133616
9.9973E-05 0.0480938 0.0515445 9.9973E-05 0.900062 9.9973E-05
0.0434436 0.0751722 0.00251268 9.9982E-05 0.878672 9.9982E-05
0.104943 0.0190616 0.382876 0.0655528 0.427467 9.9991E-05
0.909964 9.9982E-05 0.0526823 0.0138067 0.0233471 9.9982E-05
0.781967 9.9991E-05 0.0581873 0.053315 0.0806103 0.0258205
0.995472 9.9964E-05 9.9964E-05 9.9964E-05 9.9964E-05 0.00412827
0.227541 0.0842002 0.226558 0.0944414 0.367159 9.9991E-05
0.792445 0.0439356 9.9982E-05 9.9982E-05 0.148874 0.0145447
0.734708 9.9973E-05 0.144941 0.120051 9.9973E-05 9.9973E-05
0.215942 0.0372349 0.016914 0.117809 0.612001 9.9991E-05
0.0760506 9.9973E-05 0.773412 0.150238 9.9973E-05 9.9973E-05
9.9973E-05 9.9973E-05 0.851136 0.0580861 0.0904781 9.9973E-05
0.121502 9.9973E-05 0.863045 9.9973E-05 9.9973E-05 0.0151531
0.19733 0.0538311 0.748539 9.9973E-05 9.9973E-05 9.9973E-05
9.9991E-05 0.0117346 0.790951 0.0673201 0.116205 0.0136892
0.20122 0.105196 9.9991E-05 0.125641 0.560401 0.00744082
0.0486515 9.9991E-05 0.105389 0.153956 0.662354 0.0295493
9.9964E-05 0.945377 9.9964E-05 0.0542235 9.9964E-05 9.9964E-05
0.0338412 0.793426 0.0566428 0.0343923 0.0523874 0.0293103
0.0365063 0.849333 0.0100979 9.9991E-05 0.0809296 0.0230332
9.9991E-05 0.570643 0.0742976 0.312102 0.0365375 0.00631916
0.0191069 0.843166 9.9991E-05 0.0631194 0.0424679 0.0320403
0.0796539 0.768417 0.139669 9.9982E-05 9.9982E-05 0.0120605
9.9982E-05 0.852226 9.9982E-05 0.122312 0.00534592 0.0199159
9.9991E-05 0.785235 0.04189 0.128929 0.02813 0.0157162
9.9973E-05 0.836619 0.0875692 9.9973E-05 0.0755118 9.9973E-05
9.9982E-05 0.849135 0.0956992 9.9982E-05 0.0337102 0.0212552
0.0452659 0.786889 9.9991E-05 0.100707 0.0163832 0.0506552
0.155616 0.725258 0.0354988 0.0491456 9.9991E-05 0.0343816
0.0939993 0.765113 0.0199132 9.9991E-05 0.114753 0.00612092
0.0745749 0.843483 0.0572189 9.9982E-05 0.0245231 9.9982E-05
9.9982E-05 0.777868 9.9982E-05 0.139659 0.0640315 0.0182418
9.9973E-05 0.856389 9.9973E-05 9.9973E-05 0.113798 0.0295136
9.9982E-05 0.836404 0.048032 9.9982E-05 0.0857645 0.0295998
0.0527332 0.132357 0.0151424 0.67293 0.126738 9.9991E-05
0.0329371 9.9973E-05 9.9973E-05 0.929149 0.0376144 9.9973E-05
9.9973E-05 0.8503 9.9973E-05 0.0405656 0.108834 9.9973E-05
0.00512381 0.675607 0.022277 0.0146115 0.251776 0.0306038
9.9973E-05 0.814512 0.0357448 0.149443 9.9973E-05 9.9973E-05
0.0372134 0.0542147 9.9982E-05 0.821432 0.0869404 9.9982E-05
9.9982E-05 0.0155522 9.9982E-05 0.0163928 0.943864 0.0239915
0.192189 9.9982E-05 0.192405 9.9982E-05 0.584182 0.0310241
9.9982E-05 0.0231651 0.473574 0.139837 0.363224 9.9982E-05
0.122355 9.9982E-05 0.662932 0.0873365 0.127177 9.9982E-05
0.218888 9.9973E-05 0.691816 0.0889963 9.9973E-05 9.9973E-05
0.169049 0.00144241 0.820092 0.0092165 9.9982E-05 9.9982E-05
0.225426 9.9982E-05 0.696064 9.9982E-05 0.0748308 0.00347955
0.232872 9.9982E-05 0.66882 0.0965462 9.9982E-05 0.00156229
0.0738444 0.0485204 0.662583 0.169392 9.9991E-05 0.0455604
0.026536 0.0799319 0.718705 9.9991E-05 0.0935215 0.0812052
0.0470676 0.0214676 0.0987488 0.0870043 0.745612 9.9991E-05
0.0180599 0.0860122 0.0134893 0.0716137 0.762926 0.047899
0.13267 0.025403 9.9991E-05 0.222231 0.567269 0.0523256
9.99641E-05 9.99641E-05 9.99641E-05 0.331594 0.668006 9.99641E-05
0.0859962 9.9982E-05 9.9982E-05 0.18473 0.707258 0.0218153
0.124514 0.00474109 0.0194742 0.33612 0.515051 9.9991E-05
0.664529 9.9982E-05 0.0910784 0.10013 0.144062 9.9982E-05
0.953803 0.0185668 0.0227294 9.9982E-05 9.9982E-05 0.00470086
0.921211 9.9973E-05 9.9973E-05 0.0234907 9.9973E-05 0.0549988
0.626234 9.9982E-05 0.0910354 0.143037 0.139494 9.9982E-05
0.735348 0.0112637 9.9982E-05 9.9982E-05 0.219268 0.0339203
0.167867 0.083224 0.568064 0.0328533 0.000675786 0.147316
0.106094 0.674563 0.033963 0.159315 9.9991E-05 0.0259652
9.9991E-05 0.770688 0.0931789 0.0330093 0.0476715 0.0553522
0.0830809 0.813333 9.9982E-05 0.0855445 9.9982E-05 0.017842
0.0611595 0.704385 9.9991E-05 0.122024 0.0986421 0.0136895
9.9982E-05 0.800811 0.0425451 9.9982E-05 0.133013 0.0234306
0.510784 0.0989721 0.234997 0.0349919 0.0966288 0.0236259
0.325212 0.00316679 0.253426 0.0926404 0.301753 0.0238022
0.708266 9.9973E-05 9.9973E-05 9.9973E-05 0.219438 0.0719955
0.226673 9.9991E-05 0.234645 0.156196 0.323233 0.0591542
