0.0985293 0.00631034 0.0144769 0.880683
0.152703 9.9991E-05 0.0234638 0.823733
0.28677 9.9991E-05 0.0377807 0.675349
0.0547304 0.0156642 0.0422506 0.887355
0.0303769 0.0453046 0.00840629 0.915912
0.0246856 0.0298331 9.9991E-05 0.945381
0.0627475 0.019865 9.9991E-05 0.917288
0.00454106 9.9991E-05 0.0432057 0.952153
0.267858 0.0724207 0.021358 0.638363
0.277466 0.0264943 0.0315902 0.66445
0.114344 0.208365 0.0848517 0.592439
0.27221 0.0706642 0.0354677 0.621658
0.153658 0.325572 0.0595383 0.461231
0.272415 0.117004 9.9991E-05 0.610481
0.202501 0.0295436 0.0517515 0.716204
0.143771 9.9991E-05 0.0141067 0.842022
0.294266 9.9982E-05 9.9982E-05 0.705534
0.144567 9.9991E-05 0.0243306 0.831002
0.604835 0.196379 0.0580685 0.140717
0.806084 0.0239376 9.9991E-05 0.169878
0.761305 9.9991E-05 0.0271121 0.211483
0.852402 0.060996 0.0291784 0.0574232
0.949868 9.9982E-05 0.0499322 9.9982E-05
0.892754 9.9991E-05 0.0600913 0.0470549
0.749973 0.0103036 0.00370758 0.236016
0.934116 9.9991E-05 0.0144468 0.0513372
0.944031 0.0351157 0.0207535 9.9991E-05
0.934019 0.0394825 0.0263988 9.9991E-05
0.947211 0.0449055 9.9991E-05 0.00778322
0.871086 0.128714 9.9982E-05 9.9982E-05
0.971648 0.0207909 0.00746119 9.9991E-05
0.87458 0.0104211 0.0447178 0.0702814
0.883628 9.9991E-05 0.0623164 0.0539555
0.201539 0.0389375 0.0741119 0.685412
0.337983 9.9982E-05 9.9982E-05 0.661817
0.145632 0.0339277 9.9991E-05 0.820341
0.0786644 0.0153125 0.0311701 0.874853
0.245974 0.148417 0.00983617 0.595773
9.998E-05 9.998E-05 0.9997 9.998E-05
0.851371 0.0438024 0.0266883 0.0781388
0.258405 0.0670408 0.0201446 0.654409
0.241616 9.9982E-05 9.9982E-05 0.758184
0.382755 0.20271 0.00858495 0.40595
0.205122 0.316382 0.0791801 0.399317
0.125279 0.275585 0.0239816 0.575154
9.998E-05 9.998E-05 0.9997 9.998E-05
0.304395 0.0927302 0.0813191 0.521556
0.228812 0.228673 9.9991E-05 0.542415
0.383997 0.149178 0.0382852 0.42854
0.0613313 0.874368 0.0517049 0.0125962
9.9991E-05 0.906917 0.0411755 0.0518074
0.00458984 0.882337 9.9991E-05 0.112974
0.0157603 0.818408 0.0701237 0.0957075
0.0629583 0.887421 0.049521 9.9991E-05
0.0909101 0.904522 0.00446796 9.9991E-05
9.9991E-05 0.777753 0.000121412 0.222025
0.0930188 0.897993 0.00888832 9.9991E-05
0.0539235 0.90839 0.037587 9.9991E-05
9.9991E-05 0.881309 0.0601957 0.0583951
9.9991E-05 0.714862 0.057941 0.227097
0.0734009 0.926399 9.9982E-05 9.9982E-05
0.112833 0.824708 9.9991E-05 0.0623593
0.0519395 0.560628 0.0952316 0.292201
0.870813 0.0375586 0.0132146 0.0784141
0.885526 9.9991E-05 0.0341302 0.0802437
0.894773 9.9991E-05 0.0231337 0.0819935
0.0996986 0.783067 0.0188065 0.0984276
9.9991E-05 0.698522 0.0878267 0.213551
0.102216 0.857623 0.0321937 0.00796759
0.0539427 0.873964 0.0484414 0.023652
9.9991E-05 0.896192 0.0463822 0.0573255
9.9982E-05 0.375278 9.9982E-05 0.624522
0.0324607 0.316576 0.0176618 0.633302
0.00630957 0.356791 0.00502287 0.631876
0.0151853 0.320707 0.0650741 0.599033
0.209343 0.268026 0.0372676 0.485364
0.0157622 0.346842 0.0460421 0.591353
0.18523 0.248879 0.0428784 0.523013
9.9982E-05 0.766089 9.9982E-05 0.233711
0.0284704 0.571966 0.105224 0.294339
0.0902608 0.81685 0.0252348 0.0676545
0.107155 0.840539 0.0522057 9.9991E-05
9.9991E-05 0.778052 0.0450887 0.17676
0.816525 0.068746 0.0236245 0.0911043
0.130777 0.506871 9.9991E-05 0.362252
0.0320546 0.438418 9.9991E-05 0.529427
9.998E-05 9.998E-05 0.9997 9.998E-05
0.262396 9.9982E-05 9.9982E-05 0.737404
0.154741 9.9991E-05 0.0405762 0.804583
0.192446 0.0303068 0.0314679 0.745779
0.316241 0.162366 0.0523554 0.469038
0.0786262 0.0321403 0.00134978 0.887884
9.9982E-05 0.417413 9.9982E-05 0.582387
0.645582 0.0544865 0.043698 0.256233
9.9991E-05 0.396196 0.111438 0.492266
0.358354 0.158933 0.0234378 0.459276
0.250666 9.9982E-05 9.9982E-05 0.749135
0.176653 0.0288066 9.9991E-05 0.79444
0.208026 0.0247966 9.9991E-05 0.767078
9.9991E-05 0.0854755 0.0283727 0.886052
0.0565963 0.0537124 0.0190157 0.870676
0.130754 9.9991E-05 0.0141776 0.854968
0.0899676 0.43155 0.0324146 0.446068
0.044311 0.335915 0.0830224 0.536751
0.0597139 0.40292 0.102949 0.434417
0.254265 0.114806 0.0137731 0.617156
0.21204 0.258081 9.9991E-05 0.529779
0.477133 0.017721 9.9991E-05 0.505046
0.0557207 0.813662 0.0344783 0.0961387
0.0103434 0.876525 0.0191207 0.0940111
0.289502 0.349234 0.0086053 0.352659
0.188036 0.329878 0.0379015 0.444185
0.390796 0.290877 0.0459603 0.272366
0.845943 0.0208311 9.9991E-05 0.133126
0.0923775 0.834802 0.0421715 0.0306489
0.0439656 0.81065 9.9991E-05 0.145284
9.9982E-05 0.64386 9.9982E-05 0.35594
0.519976 0.0307888 0.0704148 0.37882
0.294232 0.00305989 9.9991E-05 0.702608
0.0185027 0.0126381 0.0269118 0.941947
0.0636982 0.0916328 9.9991E-05 0.844569
0.459511 9.9982E-05 9.9982E-05 0.540289
0.245128 9.9991E-05 0.0334212 0.72135
0.0972608 0.0259356 9.9991E-05 0.876704
0.0571118 0.01112 0.00323653 0.928532
0.488896 0.0322198 0.00125154 0.477633
0.192699 9.9982E-05 9.9982E-05 0.807101
0.235739 9.9991E-05 0.0353792 0.728782
0.109157 0.0154339 0.0223999 0.853009
0.332385 0.0959876 9.9991E-05 0.571527
0.0597876 0.0420105 0.0545152 0.843687
0.301026 0.0542225 0.0152326 0.629519
0.123228 0.0115792 9.9991E-05 0.865093
0.958047 0.0184213 9.9991E-05 0.0234315
0.95375 9.9982E-05 9.9982E-05 0.0460499
0.942817 9.9991E-05 0.0480411 0.00904178
0.870281 0.048486 9.9991E-05 0.0811334
0.863947 0.06105 0.0262706 0.0487321
0.00435373 0.134452 9.9991E-05 0.861094
0.197574 9.9991E-05 0.0413659 0.76096
9.998E-05 0.9997 9.998E-05 9.998E-05
0.0985169 0.869176 0.0297231 0.00258434
0.0338666 0.94496 0.00932844 0.0118446
0.0640451 0.766221 0.00180352 0.16793
9.9991E-05 0.957272 0.00717733 0.0354511
0.147046 0.83448 0.0183736 9.9991E-05
9.9991E-05 0.978922 0.0120447 0.00893292
0.0393073 0.940508 0.0200844 9.9991E-05
0.0419045 0.938419 9.9991E-05 0.019577
0.0529401 0.919704 0.0170527 0.0103033
9.9991E-05 0.894255 0.0294857 0.0761592
0.0272175 0.84986 0.0311219 0.0918006
0.0318654 0.845314 0.0101051 0.112716
0.0558343 0.933265 0.0108012 9.9991E-05
0.0240629 0.954311 0.021526 9.9991E-05
9.9991E-05 0.950129 0.0124232 0.0373473
0.0504194 0.923483 0.0259977 9.9991E-05
0.0453143 0.406255 9.9991E-05 0.54833
0.0301511 0.260214 0.0151044 0.694531
9.9982E-05 0.935785 9.9982E-05 0.0640149
0.00578421 0.726623 0.0130867 0.254506
0.0434218 0.956378 9.9982E-05 9.9982E-05
9.9991E-05 0.387608 0.00436354 0.607929
0.00101125 9.9991E-05 0.0149248 0.983964
0.281357 9.9991E-05 0.0345453 0.683997
0.545896 0.0390954 9.9991E-05 0.414908
0.741588 0.0143413 0.00682853 0.237242
0.853567 0.0207155 0.00383119 0.121886
0.926838 0.0659421 9.9991E-05 0.0071204
0.812069 9.9991E-05 0.0165845 0.171247
0.891991 0.0543608 0.040739 0.0129092
0.796918 0.0951997 0.0312448 0.076637
0.851328 0.114755 0.0338161 9.9991E-05
0.12685 9.9991E-05 0.0231981 0.849852
0.111034 0.0635408 0.0659204 0.759505
9.9991E-05 0.0788935 0.0473111 0.873695
9.9991E-05 0.0166102 0.0205294 0.96276
9.9991E-05 0.0149189 0.0139802 0.971001
0.0513429 0.152997 9.9991E-05 0.79556
0.252104 9.9991E-05 0.0209475 0.726848
0.217839 0.102727 0.031844 0.64759
0.167727 0.0120933 0.0564298 0.76375
0.264825 0.0600401 0.0199342 0.655201
0.16659 0.0317064 0.0577412 0.743962
0.714145 0.053661 0.132415 0.0997786
0.0334457 0.845417 0.0350348 0.0861029
0.0901653 0.869056 0.0398653 0.000913656
9.9991E-05 0.965758 0.0122725 0.0218699
0.0506101 0.811761 0.0264008 0.111228
0.080791 0.843248 0.0332863 0.0426748
0.32695 0.132294 0.0454786 0.495278
0.303701 0.00823728 0.0231888 0.664873
0.188004 9.9991E-05 0.0688634 0.743033
0.380527 0.010142 0.0517579 0.557573
