0.156539 0.106786 0.736475 9.9982E-05 9.9982E-05
0.127125 0.0995789 0.747864 0.0253325 9.9991E-05
0.113752 0.196401 0.66853 0.0212175 9.9991E-05
0.225171 0.0128924 0.748552 0.0132842 9.9991E-05
9.9973E-05 9.9973E-05 0.939977 9.9973E-05 0.0597227
0.144622 9.9982E-05 0.826669 9.9982E-05 0.0285086
0.20226 0.0833491 0.706804 9.9991E-05 0.00748693
0.192628 0.0249919 0.75811 0.0241701 9.9991E-05
0.0266141 0.176534 0.707981 0.0108479 0.0780231
0.353376 0.200335 0.421311 0.0248787 9.9991E-05
0.539874 0.0548257 0.335421 0.0388015 0.0310773
0.269048 0.235536 0.4544 0.0293894 0.0116259
0.832844 0.0768769 9.9991E-05 0.0503528 0.0398262
0.232993 0.268585 0.425627 9.9991E-05 0.0726949
9.999E-05 0.217136 0.679404 0.0236497 0.0797106
0.251374 0.127627 0.608236 0.0126638 9.9991E-05
0.145013 0.209395 0.645393 9.9982E-05 9.9982E-05
0.0536407 0.0243785 0.903941 0.0179402 9.9991E-05
0.157508 0.558823 0.102754 0.0671547 0.11376
0.196011 0.633078 0.170711 9.9982E-05 9.9982E-05
0.0552312 0.747808 0.170329 0.0265323 9.9991E-05
0.135395 0.797984 0.0298837 0.0213048 0.0154325
0.0563544 0.896852 9.9982E-05 0.046594 9.9982E-05
9.999E-05 0.797007 0.129556 0.0529029 0.0204341
0.0786775 0.683086 0.238037 9.9982E-05 9.9982E-05
0.0315144 0.930273 0.00486485 0.0332477 9.9991E-05
9.9982E-05 0.874172 9.9982E-05 0.0514571 0.0741709
0.0536926 0.852841 9.9991E-05 0.030045 0.0633213
9.9982E-05 0.886219 0.0799924 9.9982E-05 0.0335886
9.9991E-05 0.796471 0.0989749 0.0140044 0.0904501
0.043082 0.948664 9.9982E-05 9.9982E-05 0.00805368
0.0358715 0.8636 0.0342506 0.0211665 0.045111
0.0888157 0.822403 9.9991E-05 0.081777 0.00690419
0.178684 0.161325 0.570901 0.0696284 0.0194614
0.00119837 0.245728 0.698339 9.9991E-05 0.0546342
0.0425202 0.117523 0.746152 9.9991E-05 0.0937039
0.186108 0.0519125 0.707437 0.024189 0.0303538
0.329495 0.147451 0.471807 0.00166352 0.0495845
9.997E-05 9.997E-05 9.997E-05 0.9996 9.997E-05
0.183498 0.76918 9.9982E-05 0.0471218 9.9982E-05
9.9991E-05 0.135056 0.744151 0.000760371 0.119933
0.201498 0.192249 0.606053 9.9982E-05 9.9982E-05
0.340504 0.288583 0.237316 0.0293983 0.104198
0.681847 0.14627 0.0249428 0.060065 0.0868748
0.916924 0.0222596 0.0537937 0.00614964 0.000873536
9.997E-05 9.997E-05 9.997E-05 0.9996 9.997E-05
0.279984 0.161335 0.465643 0.0833074 0.00973102
0.544933 0.182816 0.238933 9.9991E-05 0.0332184
0.231029 0.341118 0.294078 0.0393863 0.0943884
0.158998 0.00840841 0.0399099 0.0308495 0.761834
0.154471 0.0253134 0.00237382 0.0391441 0.778698
9.9973E-05 9.9973E-05 0.208665 9.9973E-05 0.791035
0.224918 9.9991E-05 0.0248404 0.0663629 0.683779
9.9982E-05 0.127774 9.9982E-05 0.0403777 0.831648
9.9982E-05 0.11062 0.0176714 9.9982E-05 0.871509
0.000356103 9.9982E-05 0.235272 9.9982E-05 0.764172
0.0578567 0.0367313 0.0378068 0.00268429 0.864921
9.9982E-05 0.0995369 9.9982E-05 0.0161284 0.884135
0.0888549 9.9991E-05 0.0541972 0.0574581 0.79939
0.174716 9.9991E-05 0.147519 0.0343035 0.643362
0.00325494 0.123306 9.9982E-05 9.9982E-05 0.873239
0.157868 0.0932727 0.0374067 9.9991E-05 0.711353
0.588618 0.00861146 9.9991E-05 0.0683388 0.334332
0.051727 0.777433 0.0861176 0.0393612 0.0453607
0.0213759 0.788917 0.117296 0.0346048 0.0378068
9.9982E-05 0.832283 0.149883 0.0176343 9.9982E-05
0.233275 9.9991E-05 0.0666169 0.0106797 0.689328
0.37741 9.9982E-05 9.9982E-05 0.0784213 0.543969
0.0678714 0.0716665 0.0523208 0.0280153 0.780126
0.249391 0.0131521 9.9991E-05 0.0358741 0.701482
9.9991E-05 0.0142148 0.0852653 0.0540287 0.846391
0.656666 9.9991E-05 0.172605 0.00500033 0.165629
0.82095 0.0454835 0.0972368 9.9991E-05 0.0362299
0.906693 9.9991E-05 0.057495 0.000914581 0.034797
0.978547 9.9973E-05 9.9973E-05 0.0211533 9.9973E-05
0.897527 0.0686234 9.9982E-05 0.0336501 9.9982E-05
0.971939 9.9982E-05 9.9982E-05 0.0270201 0.000840547
0.73913 0.125231 0.0833189 0.0169641 0.0353563
0.277806 9.9982E-05 0.0310645 9.9982E-05 0.690929
0.319598 0.0211182 0.112098 0.112562 0.434624
0.130733 0.110629 9.9991E-05 0.0285857 0.729952
0.0637523 0.124851 9.9991E-05 0.0377926 0.773504
0.0313028 9.9991E-05 0.225285 0.0240675 0.719245
0.18118 0.656058 0.132869 0.0297942 9.9991E-05
0.552817 0.106456 0.0729381 9.9991E-05 0.267688
0.893036 9.9973E-05 9.9973E-05 9.9973E-05 0.106665
9.997E-05 9.997E-05 9.997E-05 0.9996 9.997E-05
0.158113 0.235182 0.596174 0.0104306 9.9991E-05
0.0798045 0.169045 0.701374 0.0496762 9.9991E-05
0.218566 0.173145 0.552423 0.0557668 9.9991E-05
0.261733 0.287531 0.323351 0.0568266 0.0705585
0.0252616 0.136721 0.753988 9.9991E-05 0.0839289
0.805659 0.0165792 9.9991E-05 0.00789315 0.169769
0.235323 0.557008 0.181836 0.0257331 9.9991E-05
0.579213 9.9991E-05 0.125489 0.0981906 0.197007
0.319604 0.354563 0.243745 0.0387461 0.0433416
9.9991E-05 0.163609 0.802372 0.0249325 0.0089866
0.281276 0.0190495 0.697301 0.00227342 9.9991E-05
0.2323 0.157853 0.609647 9.9982E-05 9.9982E-05
0.300474 0.0516937 0.586953 0.0177203 0.043159
0.313727 0.0247998 0.637805 0.0235682 9.9991E-05
0.327291 0.0376035 0.632052 0.00295282 9.9991E-05
0.62536 0.0208458 0.0798757 0.0210975 0.252821
0.603019 0.0310071 0.103066 0.0998197 0.163088
0.629798 0.0379302 0.0444741 0.0818346 0.205963
0.629339 0.194291 0.152813 0.0234566 9.9991E-05
0.598397 0.16902 0.156909 9.9991E-05 0.0755732
0.0650062 0.457538 0.404779 9.9991E-05 0.0725765
9.9991E-05 0.0252848 0.152528 0.0134491 0.808638
0.106932 0.0745213 0.0468486 0.0217666 0.749932
0.628728 0.147438 0.0405299 0.00607654 0.177227
0.525855 0.130082 0.152508 0.0361477 0.155406
0.458343 0.327813 0.0161328 0.0327183 0.164993
0.333612 0.666088 9.9973E-05 9.9973E-05 9.9973E-05
0.204582 0.060486 9.9991E-05 0.0583005 0.676531
0.258439 0.0365656 0.0154049 9.9991E-05 0.689491
0.415043 9.9982E-05 0.100397 9.9982E-05 0.484361
0.0927114 0.462685 0.350219 0.0801671 0.0142167
9.9991E-05 0.276514 0.650956 0.0102389 0.0621907
0.203886 0.0268637 0.704258 0.035488 0.0295051
9.9982E-05 0.101199 0.789268 9.9982E-05 0.109333
0.0125669 0.436432 0.53767 9.9991E-05 0.0132306
0.0222664 0.189326 0.748417 0.0164628 0.023528
9.9982E-05 0.160273 0.776142 9.9982E-05 0.0633847
9.9991E-05 0.00849689 0.917795 0.0111486 0.0624593
0.103049 0.400303 0.45789 9.9991E-05 0.0386573
0.19275 0.142078 0.664972 9.9982E-05 9.9982E-05
0.145789 0.234776 0.600518 0.0188164 9.9991E-05
0.178573 0.124089 0.674926 0.0223115 9.9991E-05
0.159233 0.247 0.470482 9.9991E-05 0.123185
0.150532 0.0990424 0.666846 0.0439803 0.0395992
0.304662 0.277012 0.4151 9.9991E-05 0.00312579
0.0148104 0.141054 0.805271 9.9991E-05 0.0387646
0.114478 0.84355 0.0417717 9.9982E-05 9.9982E-05
0.0719419 0.90077 0.0270879 9.9982E-05 9.9982E-05
9.9973E-05 0.963876 9.9973E-05 0.0358238 9.9973E-05
0.00687904 0.823821 0.0625339 0.0190533 0.0877125
0.177242 0.796262 0.00845392 0.0137917 0.00425015
0.280375 9.9991E-05 0.641307 0.0106079 0.0676104
0.109885 0.171365 0.707228 0.0114225 9.9991E-05
0.0959196 9.9982E-05 9.9982E-05 0.00182737 0.902053
0.0129138 0.117501 0.0114533 0.0392014 0.81893
9.9991E-05 0.0150618 0.0846746 0.0107479 0.889416
0.2623 0.0603424 0.0358821 9.9991E-05 0.641376
0.0015122 9.9991E-05 0.0686312 0.0233827 0.906374
0.0493032 0.0923218 0.0304339 0.00650656 0.821435
0.0611831 9.9991E-05 0.00813884 0.019405 0.911173
0.0181494 0.117326 0.00847786 0.0155459 0.840501
0.00911429 0.110508 0.0109642 9.9991E-05 0.869313
0.0333383 0.10673 9.9991E-05 0.0136953 0.846137
0.0896431 9.9991E-05 0.0737161 0.052981 0.78356
0.00713771 0.0604716 0.0905687 0.0397266 0.802095
0.0039276 0.104375 0.0615234 0.0125298 0.817644
9.9991E-05 0.0739895 0.0471155 0.000370952 0.878424
0.0893702 0.00982952 0.0388199 0.0209535 0.841027
9.9982E-05 9.9982E-05 0.096403 0.0253521 0.878045
9.9991E-05 0.0593546 0.0251947 0.0259906 0.88936
0.850724 0.00207704 0.032371 0.00553172 0.109297
0.968476 9.9973E-05 0.0312244 9.9973E-05 9.9973E-05
0.18217 9.9982E-05 0.00837549 9.9982E-05 0.809254
9.9982E-05 9.9982E-05 0.244847 0.0206271 0.734326
0.0593899 0.0620495 9.9991E-05 0.00560878 0.872852
0.646655 9.9982E-05 0.198819 9.9982E-05 0.154326
0.0550134 0.00718269 0.904279 0.0271187 0.00640578
9.9982E-05 0.213251 0.743211 0.0433379 9.9982E-05
0.203926 0.493051 0.302823 9.9982E-05 9.9982E-05
0.16527 0.617337 0.214684 0.00260869 9.9991E-05
0.199144 0.800556 9.9973E-05 9.9973E-05 9.9973E-05
0.085132 0.81335 0.0386146 0.0081068 0.0547969
0.104571 0.735397 0.142301 0.0176317 9.9991E-05
0.176682 0.762399 0.0269488 0.0331134 0.000856453
0.118694 0.770869 9.9991E-05 0.0415335 0.0688032
9.9991E-05 0.705419 0.169207 0.0547611 0.0705128
0.0631424 0.0827544 0.834526 0.00680675 0.0127709
0.13127 0.0438984 0.70334 0.0718675 0.0496239
0.152655 9.9991E-05 0.793829 0.0409461 0.0124705
0.20002 9.9982E-05 0.796713 0.00306682 9.9982E-05
0.134253 9.9982E-05 0.86221 9.9982E-05 0.00333738
0.317226 9.9982E-05 0.658807 9.9982E-05 0.0237663
0.213723 0.193612 0.580105 0.0124599 9.9991E-05
0.251069 0.214476 0.471066 9.9991E-05 0.0632888
0.265273 0.106104 0.572292 0.0562312 9.9991E-05
0.294099 0.16007 0.534075 9.9991E-05 0.0116566
0.16667 0.174421 0.604521 0.0252511 0.0291368
0.0310023 0.695306 0.0768831 0.11899 0.0778184
0.194349 0.0173559 9.9991E-05 0.0184291 0.769766
0.112018 0.0530108 9.9991E-05 0.0443275 0.790544
0.145582 0.0389068 9.9982E-05 9.9982E-05 0.815311
0.00349168 0.0410007 0.158451 0.0167819 0.780275
0.00307303 0.0993834 0.0776851 0.0246477 0.795211
0.0869308 0.279522 0.46486 0.0441976 0.12449
0.168526 0.286218 0.506819 0.0383379 9.9991E-05
9.9982E-05 0.130436 0.796475 0.0728891 9.9982E-05
0.193037 0.167257 0.582847 0.0567597 9.9991E-05
