IBR/IBR_outputs/all.combrep_1/FireFreq_2000_2008_Total.Silt_Total.Spinifex_Total.WeatheringIndex_Total/FireFreq_2000_2008_Total.Silt_Total.Spinifex_Total.WeatheringIndex_Total.asc
NCOLS 160 
NROWS 95 
XLLCORNER 210004.651214014 
YLLCORNER 7350008.22228844 
CELLSIZE 4999.99999999997 
NODATA_value -9999 
[rows 63 to 83 of 95, columns 46 to 91 of 160]
12.4580845770773 13.4542157511545 11.7167638290878 15.611997199945 14.0163726583161 20.7568337844457 12.8079516778695 14.6226414891849 12.9195934375721 13.7480682031529 13.0330864998295 15.2174684354441 13.1147858922052 11.3846950330229 17.814582258234 17.677641771281 27.2272147832969 33.9897926570332 34.6945032540728 26.6651214457622 16.6333768193765 17.3282615842029 14.0004410276892 11.0791012489372 15.4423443150334 18.249304258626 24.9349121177936 24.8856542633537 14.2510926488839 13.9074808693574 19.2632471802664 19.5736684157044 26.6256361933807 19.9157507820066 18.7261842102226 15.6732093615372 15.6635929115194 16.7656641287174 16.478306665156 17.5407652854224 16.3681518488757 21.80166993914 25.0494767683407 19.8969869482392 20.6122080166515 13.8698847476493
14.5448949368845 14.1277555384766 12.8134969192263 11.4570666747126 12.2925755669909 14.7276418869574 14.3230024290394 13.8949832083128 11.1695574589773 13.7126355341902 15.0548959217621 25.7090939596269 20.1229731406144 17.6802958755989 19.128605732876 20.3974566700421 16.4363569263945 15.2406550350016 14.5814977945382 15.4220531840213 19.8632450092017 18.4045678356472 13.8520958483454 10.7792148781569 15.2364640139069 19.0291211427219 21.3137086785663 28.2441078120552 15.6143613218684 11.761669778193 15.4446274140516 22.4437192485892 26.837589932598 35.3594285954801 33.8559715471356 21.4301372115157 27.1528963376312 22.8943917617349 17.7275956337837 16.0859045485835 21.6486610144632 19.1373876129445 17.028001006913 15.9909094564458 18.5325554064339 14.4173102655754
16.7421679665311 15.0174597801519 14.8034456755412 14.1347523578528 12.2616181406106 12.7904361292508 14.4317795575828 11.7592218472918 11.7517854577618 11.7947132958199 9.29968532170376 13.3416369426497 12.7790449437363 10.8126800195831 13.2977449869402 15.1453223602086 17.5220222291796 19.6765091587793 19.1860529217814 16.3065414806059 18.0382166046868 16.3867833828572 16.2111890337392 14.3919032811754 14.4646306291494 13.7267159353046 12.7861042438357 14.7921489644169 21.4592937913659 14.8610067743329 17.4784031088217 19.1583601700383 30.9983595139677 23.7521705295664 28.5706894019452 25.5362004683383 32.8169176004519 22.2386720284328 19.7037833267742 21.2275561392177 22.3691102495786 25.293204762905 20.0574316666474 24.2898983422686 22.6080935683452 14.2237294778846
11.134663277663 14.0791922577425 12.3002745382265 17.3228334115339 17.3484696303842 13.044876301802 13.812002601304 8.76137739942963 10.9308150692749 6.64434768470699 8.32386593888225 12.5550423674161 11.7086829075566 14.081448528553 12.9692569076043 15.5362968033285 16.3052415878603 15.1614941334069 16.9371710570756 15.6146071038541 13.4282675888028 14.1941531110142 15.4559400082626 14.4012809602518 13.076740738606 12.4089595590366 13.3290264279902 13.6701661586989 11.8246296008986 12.9270878410073 16.3647830926682 16.2342291086971 20.571843462073 22.9984327986153 20.4560512320665 14.3683199929713 21.5258484458734 18.1136927892746 14.7533845386602 21.0726684749514 30.0185938743709 26.4358351659382 19.8660499405965 17.3121318038542 16.9676323935388 15.8892713416472
13.753012061522 12.9770757216495 11.0419384892906 17.6056661924085 16.2160003998259 15.5873722365257 14.4946879791562 10.6691645391591 8.99798708673416 7.75308118416203 6.70729832477473 9.32945872921593 13.677300359217 14.5173940683238 12.8413697688794 13.050313140204 12.4374337419589 13.5891060800503 14.0330654661276 14.3425701057 14.9723531100597 15.0580558636637 17.865635798291 17.0461588334505 12.5402274635702 11.4016767399536 14.4456795806959 11.3185286238827 10.8951875101678 12.3755607697113 15.4751544754716 13.8884390231041 15.7337168542315 18.6417398988254 19.2942501158516 15.8477110341743 21.3133094447213 20.0998326814834 18.0939852757566 14.1287928206219 21.0605622039699 16.7970577303854 15.6361404714191 15.8684070802893 16.8518501692989 16.1957158221729
14.5187286963922 10.833812480525 11.1509917878405 15.5850712483484 14.7048204862516 14.2660480343208 20.7473207744723 12.863156860956 11.8137513545293 11.1508860078297 9.96249112254837 10.8780939585408 13.7539693208297 15.0034544860379 14.1685524330909 12.3914054260973 14.750582911092 16.6963060321663 14.1961185080878 14.6281852553304 14.4590645494893 13.3395801485436 14.9601819452657 13.4938801690195 12.7107942328762 12.8525420019532 12.4679562820572 7.29764877571839 9.89827855981099 15.8730089446318 16.1584144936662 19.896366039528 20.1294200170632 18.4041644223466 21.3099371562916 16.5119444287543 19.83931601426 20.4462942722031 18.3558823143141 18.7867900408709 22.1083077694896 16.3069953671165 15.0964103332588 15.5094538678949 17.0591741765798 19.4927533882425
21.2547813880625 14.1410518612613 12.1033981765395 11.0229835719934 14.8614926038536 19.2240262056713 12.2839201399326 14.6186741221352 16.2944363261263 16.6691926855452 16.4354900489749 10.4708694509794 13.474124382267 15.1929512699283 13.8886475151932 13.7197289785986 13.9730876082092 9.71519353984357 8.0299203487406 9.58651535992315 9.5226023477335 17.3490114545086 13.8211863088836 15.1903623197726 14.9210905619366 15.5537995213161 15.1976025112423 22.5427521445229 20.2501211114428 13.5198206931892 14.6618489105219 13.5991053565218 16.856252646157 16.379694636352 14.6763240248888 13.7634683525535 16.9301934248583 17.150823390612 17.4244860927414 20.4856370618853 21.5271590117461 23.3986581651503 17.5936281169413 16.0328862681326 16.2041127963454 23.5246643797042
27.1671336475401 25.3070399022008 22.8827731651768 24.8332935689364 18.9836849124672 27.8823208331504 27.4298985762207 19.0217331434757 13.1388555435374 13.8251333275969 21.0818399954998 19.8387955518183 19.2010469926477 14.8556462199337 13.9365193483656 14.700737613821 14.743604142452 6.61806528560821 8.10227735314323 8.22380862043953 9.47661272572275 14.3849290167639 14.8641785795039 21.8893851898563 14.3578277128249 17.206388222975 16.3168293722389 18.4141643841295 22.1433656457835 15.2294811253189 13.9874150538592 9.85057641569663 11.105536912712 15.9952260800243 13.1108010347187 12.5389191793191 15.5649746799069 15.0306342317442 14.9879987042105 16.0759574356933 17.6328291931273 24.7866965776445 24.7686258129219 19.6851241365531 20.6577577340258 21.6303388334557
26.4127551909456 26.8684180155978 26.6486316716771 26.3939864795585 25.9826099395481 27.0151551352559 26.6866020659298 28.3703868834095 25.9008348653461 16.934321267304 9.82726708314552 13.8298272002723 13.4148842155961 18.1400122970072 23.5935422230322 17.1102082210256 15.4585282367682 12.8439420455391 9.85889002971406 12.6157949653425 16.8460196765582 13.2533158746092 12.9361603809246 17.6730947591203 16.7446001767617 16.3901319505214 19.1551852469463 16.5191593508592 14.6435475696788 14.7033281642299 14.9872559340246 12.235533489067 11.3904287717273 12.6393000458413 11.9399372983298 15.4831897574733 18.243696430896 17.9546354995688 16.8292553484914 16.760269547635 16.5057929928055 17.6351391013921 17.5116649660634 14.9149452267255 17.4543066304207 20.2049411035178
26.1826272922303 26.7865684014459 27.0174635648827 26.8906071655663 26.9143512312221 26.9105644358953 26.741516550442 26.428364096665 26.3266921701251 28.8369801347736 22.9184060219588 22.4560557011784 15.2066377579242 16.6051601459506 19.7528880312666 16.7933889610849 14.5812716050562 14.215939155252 17.1626415268623 15.9303426471484 15.9786532371571 11.6869009839792 11.5949418803477 15.0506303680046 12.697304901794 15.2082234060158 16.7603631741262 13.9364724305398 13.6822563779492 15.2002616432767 13.8391386692008 12.5512782636988 12.4678406184289 14.8233776588427 14.239034698314 15.5270260309725 18.2171032204173 21.5008886227984 21.3170002535065 21.7617657722328 23.79162185943 23.9115523281483 21.4270382555638 19.0279750775929 21.5017357607468 24.2320580867001
26.6309494666086 26.5407128826464 27.0193030213008 26.9420847960682 26.9288388435929 26.8937852901718 26.854088067318 26.8701419583188 26.7478726367671 26.619726669909 26.619165956835 30.3343234066531 27.1747410728072 25.684438108784 23.4785089588853 17.4896866740835 12.4219742478209 13.6612580586943 12.1773785850063 13.0495910780018 13.1700097152111 13.4292625667279 11.4038040934453 12.8769395261545 11.4526958064992 13.1601765806935 17.3199537445308 20.5600776918694 14.8430519282259 15.4151860854298 13.3195590850676 12.6669109770943 12.3458057635265 15.6736114255624 13.4988869716296 14.2867020619708 13.3970234422253 15.0970274046984 19.9781063983851 25.2873583419513 25.5902942538697 37.0184119517513 32.3554536393137 15.7769113993439 15.478322412963 18.8156320145161
26.4826773944943 26.2913424044436 26.80010109814 26.6496580604618 26.4039149737443 26.6461914655115 26.8512189281654 27.8377306731729 26.8429605068357 26.8596499348207 26.8439972333133 27.2041470696543 26.567367970987 28.038247806002 25.7658236768875 15.8093053022129 18.0658988917016 21.922052982788 21.7475063794435 18.0610365524207 13.220820383015 20.4743548964868 15.219460219438 20.1922260724756 16.3723626392378 10.8821357406043 9.22715580137156 13.5490737233207 19.6230860054202 14.5200242553094 21.3366346384316 12.6281055027955 12.2464742565004 24.8008697840471 19.0951512557534 19.9167605459089 15.4761489072176 13.1095554624605 11.7589352829918 16.1856325218279 22.396006279519 25.4527250949501 34.4360830355194 21.9971007093873 22.0174408175981 22.4573508894764
26.413013094577 26.5918944063812 26.6569142269248 26.418510603687 26.0718295354743 26.6170291205361 26.2126374783954 26.163353461806 26.4995850737863 26.7740782247811 27.5920193658056 28.5885165958644 26.8526368090535 27.3033609072649 27.839549361546 26.828798209451 20.8483692801156 17.5051131419481 16.8497977361637 18.6184610846979 13.8467973728903 16.3913893947171 18.5751759261396 18.592393445372 11.1719688289432 18.2639664125368 11.6237879359232 10.7164350494802 11.0154263680782 14.8834177660149 15.8918199521339 19.7625945713069 17.8307883690212 20.2240120506372 21.8269147652335 14.2666891904516 13.5228736056628 16.7346476670058 11.2759493235445 15.0310868828968 19.2272683371243 20.6610308006944 21.1369192865239 21.1393050728407 17.7281782202746 21.5052854475022
26.7217039272171 26.3559743504261 26.4906084975925 25.6159034595536 25.981676311471 25.9715529323792 26.3398218122775 26.8348160109933 26.9760653317642 27.0818137959951 28.9631212661524 30.252151124462 28.460511185536 26.7744229315917 25.3066047332505 26.1162046248222 26.8375946318414 24.1514876999872 24.0560994899445 16.048386317655 13.1916802828746 13.5035173948535 19.2147304879906 10.5594139543197 12.873369071401 15.0370265245562 12.5623015948609 13.3361554925784 12.0478691951239 15.2789515980024 15.3283051554301 20.3811514017033 17.9172297934603 15.6845727444697 16.1867693755406 17.3919079403336 28.5112113724458 28.1356692782239 23.1232920105833 14.0382521771644 13.8567640257515 15.0511717278428 18.7551899590961 31.5058838152427 28.6351437443093 24.4244300465197
25.9040027100434 25.8327096757904 25.8582161725538 25.712345320069 25.551568915168 25.5198621365736 26.4125959474266 26.8539046743992 26.8995607866218 27.2621594345538 27.1275226924956 30.7446748929244 31.9056277013043 28.814912652386 25.3045972423371 20.9652810337861 22.1353507429466 26.9774636095872 27.5660105732044 15.8941053385071 13.4172736777468 10.5103355296362 13.3954673707851 12.7249966279396 10.5734394542917 12.1766865280172 15.786400740188 20.5857473310784 22.043205887915 17.0719337970926 14.17264177068 11.7200208400866 10.1354582414196 20.4964137811483 26.9624868175729 20.9352684791953 22.0465090600377 19.0384529778419 28.9990266194549 31.2444540495052 18.8879885721851 22.755200569096 17.1428731924173 18.8203293830871 28.6333785527075 19.3338727222962
26.3583389892716 25.517317893029 26.5850542713607 27.0521789777537 27.0671992962272 26.2761176699865 25.5966487033958 26.3330035576885 26.7464566359126 26.8986216948369 26.6599059072138 27.2970407687421 28.0775881765066 28.0893696480793 25.4923074884565 26.5583627048032 26.3480518113283 26.3958228275834 26.2328416608882 25.9089075310444 25.9111197597105 25.2678740880896 18.8304722380357 9.66776629139904 7.14432919779571 11.8509862330634 9.10270113268289 10.3306512347966 13.3766287737213 14.8523424946135 12.7222051413294 22.7793580124644 25.2049050566475 26.4357452582526 20.1247724200735 30.7649004481485 28.1834629891846 25.08900290206 17.6888328927422 31.5171422258836 30.4857678200875 31.7338692384291 22.4586701340293 18.1336509376487 18.5420914494422 16.1600109817879
26.9514153645403 26.6717483738813 26.0240094867055 27.7835946185424 27.1129389528544 27.8460360185463 26.861340599583 19.3413750013277 26.5233727476769 26.9224821582615 26.6904960915127 26.1954180442639 26.0959364253519 25.7184115880895 25.3977302734723 25.813902243657 25.5480735075461 26.1219104226212 26.5657058788372 26.5607777645764 26.1485561364979 25.0886711807733 24.7962849020549 21.9308597860983 13.5728597140788 9.68081077473281 9.41900700435783 12.7493294455415 13.5184457334856 20.3741153480111 15.8982012352969 10.5755083987759 18.8580376945466 22.6195969223901 17.9469977424988 11.8967221605293 9.64489559578468 20.2514678475251 29.2402578682601 29.1212110897124 29.7206481292329 28.9856286128135 22.9689127960939 14.0308776305483 17.6851877433408 20.0347879677744
24.3970959666918 26.7765189657007 27.2573129566417 26.9212098384473 24.3329719838744 24.5309216759462 24.9567634062826 25.8695917684295 20.2586081681506 17.0954347368901 26.3171361190148 26.1703381030121 25.7547206290467 26.1791528242098 26.4596012526088 26.0725464836633 25.7094998506844 25.4519805821625 25.7852966459574 25.3646707977076 25.1054560821659 25.5331535318256 26.3639340014843 26.1152063608162 25.8549893193047 18.1794430805832 19.308332365935 17.7766241462058 11.3068489051685 14.7760638809702 14.8774225529324 14.4817368224044 13.8631342317666 14.667939458379 18.9310973080166 20.4306441667173 23.9256138921599 30.0069134636258 30.3036768259632 27.7703409851295 25.8370758664162 19.29402599212 18.9939293962986 16.4448029144558 12.7068340486834 19.6353006891186
25.8954902333642 25.6209180996271 26.4963108945765 23.4484508256444 27.0686067587914 27.6361315303556 28.5369985230849 25.4617420871272 26.0925653374453 21.697995727989 17.3019583223187 25.0100465778547 25.48785130289 25.8811578655759 26.2609713980283 26.2792421466636 26.3275579072858 26.1421257926539 25.9002677316321 25.8581023926328 26.4567957585958 26.336306154974 26.1633627007365 25.7204242104876 25.3858948905092 25.0690722087354 23.2961400612249 8.93526196666543 18.5854533373549 25.8389659133501 23.9996140849546 23.345092547565 16.5822159823798 11.5626420997425 16.7357880459143 15.6009886682045 20.9772767964883 12.7470463933611 20.480478158818 15.9316506785963 16.3266679647336 14.0182147736662 10.8859427167962 14.9467498890425 15.9963259296273 13.5377034334998
25.3458053354831 25.4441443341759 24.1531027851485 25.9275690869103 25.9678519538918 27.1812923043146 29.5975064031913 27.9670705505114 26.3329836525411 27.024212688254 23.4196099290951 26.2456221742277 26.3895920052612 25.6430987952564 25.5491344673694 25.8700289463485 26.2632617788576 26.5489762910984 26.5084691510323 26.4077273395982 26.0734502740281 26.4658294446871 26.0609230998881 25.4508723342922 25.079971136067 25.1054085352379 24.8498416523048 16.540932532217 9.11098391512162 14.9199623301384 21.6273604781932 20.9515168069707 23.6136507478665 13.025143389035 14.6457703163234 11.4241419647537 11.2811671605636 10.3234967651904 12.3191509319906 12.4502780245942 12.7890724283472 11.4372667653178 10.6474797132446 10.6214958291347 12.9504762512519 13.761196936367
26.5541925239448 27.4178584880354 26.1288112024934 25.7495376803562 24.5830652166711 25.2097698414672 21.3828923526298 27.3418941381115 27.3015877196585 27.2112159588339 26.8689873451161 26.6868219513527 26.742232836322 26.6367666602364 26.1676890658799 25.5957074964945 26.1080180105477 26.5149271245422 26.5553970047456 26.6058631990657 26.4366085937552 26.1160244753152 25.7020092230019 25.3261139475198 24.9642192961874 25.3523788540699 25.6976391708677 25.2982238979465 22.6541602813086 12.1469979862243 7.72599835760385 8.40643657139767 13.3729397109812 17.7545528979004 12.8545257162863 14.9139899308379 11.7969199649969 15.1617761250183 11.7864647554308 15.6260112203742 13.0703934804187 10.7586848332096 26.1092513263247 11.3969418762693 11.3248971034189 12.3424856342553
