IBR/IBR_outputs/all.combrep_1/FireFreq_2000_2008_Total.Silt_Total.Spinifex_Total.WeatheringIndex_Total/FireFreq_2000_2008_Total.Silt_Total.Spinifex_Total.WeatheringIndex_Total.asc
NCOLS 160 
NROWS 95 
XLLCORNER 210004.651214014 
YLLCORNER 7350008.22228844 
CELLSIZE 4999.99999999997 
NODATA_value -9999 
[rows 0 to 20 of 95, columns 92 to 137 of 160]
-9999 -9999 -9999 -9999 -9999 -9999 -9999 -9999 -9999 -9999 -9999 -9999 -9999 -9999 -9999 -9999 -9999 -9999 -9999 -9999 -9999 -9999 -9999 -9999 -9999 -9999 -9999 -9999 -9999 -9999 -9999 -9999 -9999 -9999 -9999 -9999 -9999 -9999 -9999 -9999 -9999 -9999 -9999 -9999 -9999 -9999
-9999 -9999 -9999 -9999 -9999 -9999 -9999 -9999 -9999 -9999 -9999 -9999 -9999 -9999 -9999 -9999 -9999 -9999 -9999 -9999 -9999 -9999 -9999 -9999 -9999 -9999 -9999 -9999 -9999 -9999 -9999 -9999 -9999 -9999 -9999 -9999 -9999 -9999 -9999 -9999 -9999 -9999 -9999 -9999 -9999 -9999
-9999 -9999 -9999 -9999 -9999 -9999 -9999 -9999 -9999 -9999 -9999 -9999 -9999 -9999 -9999 -9999 -9999 -9999 -9999 -9999 -9999 -9999 -9999 -9999 -9999 -9999 -9999 -9999 -9999 -9999 -9999 -9999 -9999 -9999 -9999 -9999 -9999 -9999 -9999 -9999 -9999 -9999 -9999 -9999 -9999 -9999
-9999 -9999 -9999 -9999 -9999 -9999 -9999 -9999 -9999 -9999 -9999 -9999 -9999 -9999 -9999 -9999 -9999 -9999 -9999 -9999 -9999 -9999 -9999 -9999 -9999 -9999 -9999 -9999 -9999 -9999 -9999 -9999 -9999 -9999 -9999 -9999 -9999 -9999 -9999 -9999 -9999 -9999 -9999 -9999 -9999 -9999
-9999 -9999 -9999 -9999 -9999 -9999 -9999 -9999 -9999 -9999 -9999 -9999 -9999 -9999 -9999 -9999 -9999 -9999 -9999 -9999 -9999 -9999 -9999 -9999 -9999 -9999 -9999 -9999 -9999 -9999 -9999 -9999 -9999 -9999 -9999 -9999 -9999 -9999 -9999 -9999 -9999 -9999 -9999 -9999 -9999 -9999
-9999 -9999 -9999 -9999 -9999 -9999 -9999 -9999 -9999 -9999 -9999 -9999 -9999 -9999 -9999 -9999 -9999 -9999 -9999 -9999 -9999 -9999 -9999 -9999 -9999 -9999 -9999 -9999 -9999 -9999 -9999 -9999 -9999 -9999 -9999 -9999 -9999 -9999 -9999 -9999 -9999 -9999 -9999 -9999 -9999 -9999
-9999 -9999 -9999 -9999 -9999 -9999 -9999 -9999 -9999 23.7612674340752 23.5497505519698 23.4963702098947 23.6575582499247 -9999 -9999 -9999 -9999 -9999 -9999 -9999 -9999 -9999 -9999 -9999 -9999 -9999 25.3712540509337 28.7857792155529 33.2203697181952 29.9446467979382 33.7744826974576 27.8451984775204 27.2473873429514 28.361763702044 38.0969349401504 30.049624953687 32.827911723673 31.9965478336037 27.3150511573097 26.6870387371141 23.6830374188948 24.24317080629 24.6677966301714 27.1845478217002 31.0783094306428 29.8248990971209
-9999 -9999 -9999 -9999 -9999 -9999 -9999 -9999 -9999 24.0358716730496 27.5268164058778 23.8125357155078 26.1069059918564 26.5303712884423 24.8573908164233 23.4635968848781 23.5173003262716 -9999 -9999 -9999 -9999 -9999 23.3053886448582 24.7292055774939 25.0524829460648 25.1323824582331 27.7507522633409 29.985256627421 30.8347294742991 29.7097098355564 27.1012327880159 29.4884440487311 31.2263698060618 29.5898898245455 31.0025492289384 31.0625616550882 29.10084673116 24.5330668864369 14.1384766723787 10.1054459258121 9.91868634678223 6.63179821688694 5.86685102557247 10.5543621274167 12.0242829731827 10.3422171887531
-9999 -9999 -9999 -9999 -9999 -9999 -9999 23.0257977055529 23.861951820458 23.7775686164185 25.1549528165455 25.3553317961181 33.7484829158559 52.5133757791961 58.1314395050455 37.3385888411293 31.1620543433235 27.9385634744462 27.8685895041724 -9999 -9999 22.8268652700232 23.3182755011374 24.6568108758801 27.0833250194667 29.8773966287353 29.2031997499816 31.3989820938574 31.679326983347 31.6554983395573 31.2169158757419 30.9280772538483 30.0869666453446 31.6187328236507 32.3488729536627 24.8733411609393 13.8225093566808 12.6618490512999 11.1838900599942 12.0861930531865 12.0084048517294 8.70536366836454 6.41451887332462 4.47946239203519 5.30073591834653 5.46285736075097
-9999 -9999 -9999 -9999 -9999 -9999 -9999 23.2475595641704 27.2453539224516 61.0978575665874 33.5971096759441 31.1541877977376 48.3355677686334 37.1672988874784 35.0267066337856 34.8044170213794 33.4055077834828 31.5473080267278 27.9299543008297 18.508909372477 24.1079675991512 23.7294253984255 27.1871995334011 26.4481090438188 28.5000353298505 31.4633268315779 31.0745466615727 29.0393912662336 27.5564601561503 26.8501973436687 31.5558917427716 30.6016465205063 26.3454039238686 21.4732168837601 16.1689932028688 11.9474960209536 13.0986954276833 11.9247686155069 13.5653781063098 11.2506751149899 10.9565845980943 10.9288184329974 7.22062575200635 3.60594927253698 10.1211409494498 6.11052239332064
-9999 -9999 -9999 -9999 -9999 -9999 22.8946168591563 27.1100547752644 42.1608518269298 51.4527140079647 56.1259891250399 29.8190989286238 37.2440905718639 53.7786911731167 42.5770259760049 35.5136296754022 29.6591726908492 29.4336642070313 21.6167049512131 17.7579727659138 26.9382210643977 28.6727061759073 28.6583305470296 24.2987448871787 24.9071471687267 26.5043811775053 18.7234652711798 13.4017442831839 11.4571189429461 10.2582472595084 13.8358401470908 13.2304136166466 8.62124557650329 10.9427793829748 12.8550516238148 12.5167127426282 13.025188977415 15.6581843924506 12.9105941851805 11.8202223644668 10.9843998259613 9.11214718221547 9.72522789918636 6.17194384790037 11.1125773828124 9.13938829072315
-9999 -9999 -9999 -9999 -9999 23.7781424903362 24.6698168579439 37.7658316831707 51.9765101980316 36.1172264845399 34.9248803442866 31.5794353599778 49.3141470585036 61.8345094954969 44.2066858336464 31.4412164960666 28.9504238656312 28.3099803767286 16.437690085223 29.2398455878508 31.741987663849 31.5426393052013 27.8922208477322 17.3784933891974 13.862544730249 11.1675822765252 11.6091345600128 11.7490079434658 13.1893630164592 13.7033094836154 13.4872372393155 12.6021709254081 8.83187542797221 9.13437234019056 10.0821724140584 14.5754608640415 16.1297203050581 15.0674247249218 12.2530644442754 12.4157630958719 13.2762815781646 12.6988524041282 12.1588105520184 11.1621815296316 12.3532815438721 12.0379427898024
-9999 -9999 -9999 -9999 23.499314813091 24.6655040023071 23.0402914705548 24.0728496920855 32.9319613279028 43.8492704023344 31.5073155397072 25.0438457383489 69.3774256455204 69.200916063004 53.571311306707 37.276004055296 29.0086113040794 32.0764336903909 30.0944507244927 23.8697341897506 19.1655286891689 14.7138563905296 12.4638194609567 12.4228534785616 8.34353073779864 7.95610418376602 10.2384259594067 10.4045101916201 11.111007054036 13.4168861145577 14.6889116995093 12.1005737174416 12.0243060153386 7.95337652285413 8.79413156022065 9.59953262625369 12.5270624663213 9.49887050243847 10.7295999010808 9.71617683155456 12.6948935473475 11.2221659324219 11.3761042945745 11.3190917490514 12.6040395130176 14.0950466755198
-9999 -9999 25.601826514501 23.5639163583631 23.5095564245673 25.2157008414139 21.1778617754328 15.3851861922995 13.7416052430241 16.6668834291629 21.2460305196528 19.0880376872802 39.2670786502199 84.9477249300225 71.3118499633818 49.6362905262829 15.6951255001469 11.9343619801928 10.7505404131603 6.6053239232873 10.0398360029704 12.4349356007989 13.3451248683124 12.8748580094047 10.8894641596566 9.12411315351095 11.928222231422 13.4186019590868 13.5310832774837 12.8582700371465 13.6740163008047 12.753147046624 12.1617315865647 11.2662542387519 11.8562440989156 12.2756823584937 11.8025564302218 10.8269287337298 10.9611255960396 9.25256233802294 12.1185036526211 10.7296207128561 6.60812826755358 12.1874893267383 11.3093205499507 10.9001372989227
22.8211685810902 24.0622296702385 14.2988462849331 16.2774497867152 19.2311420492418 15.4980412808246 9.67196836937063 11.1256004037334 13.3618011517065 13.4937348121633 16.1997667912814 19.8113844642272 27.0160909627515 30.6061047877228 41.3430251093624 41.3044350390795 22.0913577540679 12.3140031798679 9.50958695820393 5.69120614111357 10.0813937272125 13.6529246948386 13.2325344504632 12.6224777478229 7.57827543045744 8.48197703288317 11.828369185211 12.4616952002806 14.7115334964784 12.7403373227414 11.3633549502674 13.6245923024633 12.8101122435508 13.2835560413663 12.0121387627325 12.4697309299314 11.0740530373576 11.4801068521809 11.6313013994792 12.4820232435779 9.32833154802838 7.15114321282437 9.72790084279209 13.1144587098936 13.1960494043331 10.3403193645207
14.0309014462963 11.8093233444883 12.2276362449214 15.576243196188 5.06882565118442 6.88620377056104 8.39248103760938 8.60853563431376 10.5061539916371 10.2908148656436 15.4196671528733 28.7649664026032 29.1968050787976 28.2534292162447 26.6943731718751 23.6041381390297 15.6999851221697 17.1310595909044 12.4768982928725 11.6450728221634 11.5718202110367 10.8934696453825 10.681398413885 10.2171342898117 8.5201456911063 8.98426315746432 11.2573045347191 13.8611540462134 13.8348025123962 12.121665965309 10.1207857130709 9.35928442745405 14.6487317500653 16.8732015896524 13.0910994157469 11.9922009845252 10.9809690954269 11.3465734495546 12.9347278789671 15.5721933931078 12.0100817715336 8.43554439863447 12.1629521212776 14.1174258688565 13.8348301041972 12.4380938388222
9.53178852332234 14.0949778825933 8.84217102322121 10.7198373575484 8.51395577961694 8.54136304276907 6.54371298961767 8.62156832836177 9.25277520803439 10.4727724133048 12.0648043324264 27.8591139036103 29.4905938688572 29.7174131174906 15.8568883754536 18.6503379688314 23.3706069878937 32.3053223875113 49.4387417030079 22.3378081574469 12.5251357271105 10.5467145407274 10.8877117071112 11.2195221728947 11.5395470998715 13.1129004638172 11.8420813553904 9.79886962261598 11.2820912358583 13.7743461245604 12.2358210011687 8.69573955192993 12.3970469460794 16.3980371637537 14.5613358570278 13.7887492994196 11.9185576255651 12.1992558202376 15.7825617850224 15.3696710986337 14.8809892048162 9.25788864273947 14.2957738184023 15.2423826687214 15.2347136079302 13.6301176579641
22.0959975167372 18.3283857719562 8.52285015309081 6.78032231354902 6.59161649847831 7.32877480872338 11.0120787896418 11.2220629249218 9.51897133422318 10.8404146207706 9.0029548199263 18.9167745301956 28.4795276711285 31.8450654657455 21.7582347070607 13.8955351592671 27.4375496767423 27.1912380544397 29.5480027487911 51.7061331508843 16.8622760980855 13.363340948803 12.2383914914378 13.4037534282051 12.8774250284351 12.6468878253511 10.2835976035566 9.90911659788647 14.116447910198 14.9283295845448 13.9720926278743 10.2452869208086 12.0995316721564 15.6106620702034 15.1341497202299 16.3821827976811 14.2360798543351 13.9082158070252 14.4860303231729 17.2586185269195 15.2385876588155 12.6167775263073 14.1004803888271 11.8979034726965 9.48530909846004 11.7792962046338
7.96737525639771 5.33568094307248 5.8386380797376 8.85267672450503 4.27622640586054 5.12188800048278 8.88194579790718 10.1700604527648 7.45475766187101 10.042508920896 10.5081444910768 18.7626803445795 28.785148365228 30.532878722949 24.9626071475953 12.7313773617737 10.6267744073795 20.2137989163391 29.9329131350827 27.1687380639047 35.339667031564 18.8189848422812 12.2080925133244 12.8770225395487 12.1501508544474 9.72406702092382 9.86359000965535 11.4063243873211 11.100711663259 10.6628759382743 13.8452230467622 9.83104694547579 12.2547579540785 15.3814818851326 15.5605486068059 16.37918903016 15.3056987211558 14.323905517592 16.2415710330508 16.8967465033918 11.3559164267912 11.3875439472486 12.5723629268957 8.13942156647094 6.01311845366094 8.47897098555295
9.42244299798009 4.8849479437927 6.53501255618422 9.16019652896424 8.62379922531237 9.37171858698632 7.84747565652249 9.86906073858794 11.4110189888966 11.7653657140074 12.6747134718998 26.1859142193015 27.0454563333466 30.0086113994998 21.7641402392412 10.8358893849876 11.4826587128747 26.644788511865 33.6966227445926 28.6079096606385 17.1094281238099 15.1607141471023 21.7022912245919 19.4759822815005 11.7180246708586 10.6447175316537 8.77275823398856 7.85989162468095 10.4267901654501 10.3308253333926 11.5054435053601 12.6283277241259 15.5716891837491 17.0082968367692 15.7093175733407 14.3021279701235 11.9635891049206 11.0387696793399 13.1693020527222 9.60463631666364 10.1165886061852 10.4664602244598 11.2303307069058 9.53215827241855 6.68169033563758 5.89193811817878
7.95382262023575 8.22282146536916 6.49822810783361 8.98435083227789 10.2759670030831 11.1997783486168 7.06248036964559 10.208686494157 10.524226553879 10.6373009995418 22.2889949399126 23.3358131529944 25.2816829293114 28.2910282438164 26.7307162554861 9.60019381988136 11.7950172652112 20.5874050161057 34.9128517911843 31.3147705222127 15.2836762566058 13.7701137658251 9.58211478200034 23.9528868218529 28.6297156648358 23.7972541831137 15.488882082202 8.7190267059077 9.07638686546373 11.3748355619421 10.6172602932605 10.1333619929179 15.2707901140336 17.8144035278673 17.8904036034763 24.5522688269291 14.4696655096021 12.329970101742 12.3807538484114 9.65468152847127 7.69533517483687 6.51688292740386 10.3883210809376 11.662647680344 6.05414111222521 3.9764007797757
