IBR/IBR_outputs/all.combrep_1/FireFreq_2000_2008_Total.Silt_Total.Spinifex_Total.WeatheringIndex_Total/FireFreq_2000_2008_Total.Silt_Total.Spinifex_Total.WeatheringIndex_Total.asc
NCOLS 160 
NROWS 95 
XLLCORNER 210004.651214014 
YLLCORNER 7350008.22228844 
CELLSIZE 4999.99999999997 
NODATA_value -9999 
[rows 21 to 41 of 95, columns 92 to 137 of 160]
12.1756982838556 9.96161892484227 8.15378461037951 10.3864648307175 9.25915017256233 9.99217270530354 10.8445263751717 5.90596230583787 10.2697490095115 13.4656546330299 9.28721389913426 8.84182612696271 14.7029749221351 28.7387104547338 26.8421621311127 11.0118200183988 13.0182014461174 17.0499494321047 28.1480179371339 29.7224580449339 23.5379466565904 11.903097934943 12.8341621664276 10.8825308743066 16.648260653078 28.9548584104065 28.489251103768 28.6519568292346 28.0817946503726 19.2777196168345 14.9246483882089 12.0397417274276 11.37937116388 16.6680216635327 15.6479721240161 12.9684053336723 11.286962580112 11.6291299450545 12.2422788718296 11.9515641617981 8.76780225310942 13.4053137018588 10.004058380422 10.2266130322504 8.98431125475498 10.6580539978833
9.02993849000545 9.03452692278525 10.4058377115287 8.29236531612364 9.03801503323812 7.30901984354811 9.32058274492459 7.67613106483115 8.7244795487984 9.53293658358328 12.8903041410292 12.4421523994202 7.9587464944727 22.9674378732192 19.9011136308161 12.1587826504605 12.8546603271456 12.7171471646948 13.00562774921 10.9306119790931 21.7428342025225 12.6234502405145 11.9867183811966 11.2797090318725 11.430010719679 9.46719730888809 11.8433603257699 12.0324485842422 14.043954798942 11.7473575222599 16.3463474888983 21.1729295940425 21.3390475965964 18.6761811636233 14.5034090071823 13.3250491926169 11.3187565714882 11.151055217797 13.3824699956404 15.903352661819 23.0710129294236 22.9133000124515 11.9465744931568 11.1766519673862 11.3447493874182 10.3341319187482
10.9960751913491 11.0673601504823 10.0542286704905 6.74284769547646 8.95345558760879 7.24824302520754 6.4721559588928 8.18123269752556 8.63159611574616 9.07198181894889 12.2760688185794 11.6190126028096 10.362007795064 26.7738301753791 17.4297709246419 11.6076341864681 13.4540178631477 13.4677985472788 14.2644967287958 12.1514235783421 13.2359089534458 26.5498454193919 13.0668883457279 11.7090100766488 12.0121277894656 11.6552739805369 11.5077580785367 13.1759251155217 13.2164264182619 10.0435148151987 10.4155874975196 11.3564508329934 11.628194278793 16.2007237915268 16.8879699511398 25.7210071739253 18.7112198806668 10.528719073555 18.2226265694575 25.8771822487425 18.7310807239195 28.8778857403788 31.3007881414966 30.3164971845561 15.4134920575332 11.0527445334746
8.85336788464656 8.47399008726048 11.7061167164272 4.55543237223227 4.89482805141899 7.53413157383239 6.89157560659128 5.60882322823819 9.57607612740641 8.63272248652719 9.32694792897062 11.1260957603286 11.4430196191663 11.780810648221 10.3339182821538 11.8167891458901 12.1496081783147 17.7237982586373 17.2751745186056 12.3563046930092 10.8223749335569 13.4620391943018 13.9096859613487 11.1257029287698 10.5055832397591 10.5777799858329 12.2498801325725 13.0672225048014 12.1356741462215 11.0213781274995 11.4321393110137 17.8781321505818 15.8413380068573 14.5769899646929 13.3669621308306 7.82587942234288 15.1503626088758 19.0492901501234 12.8020984432577 10.5147807949399 14.8522802698982 30.5596991269698 30.7735241348898 37.5857407990467 32.1246745140995 22.6422330393512
8.38163050778756 7.88184784934501 5.78827973046833 5.83451176410744 5.48045332033174 8.06277708974415 7.19593226977631 7.21700065644327 8.42807000307177 8.69169954039395 8.22027442345978 11.392316632875 11.9258343642109 10.3329331685978 11.5231821256018 12.4112421493751 10.9148177974565 10.8340000109686 14.3372260579123 16.1778102977275 13.6026221211862 11.4043987581018 11.3761294080007 10.3696858396479 10.8505516662949 10.4978102801945 12.0498676613489 10.6967625316782 9.16974663543299 8.94167971608081 10.3566547359166 13.7933766339285 12.5181167567686 15.0552865147854 13.6947176419768 8.80464336958912 7.92477046405219 8.19605728806128 8.4823000014175 8.14812606892511 7.42269709342853 15.3889655105441 30.9857902880241 33.8458877064354 33.8829938668092 38.522646108987
6.30839454723213 7.4075748668852 6.72918043950656 6.08066626869078 8.05627778165986 8.47632163710086 7.17973755082752 6.84303377482992 10.562774917583 11.6426146837507 12.243009978078 11.3095049485618 10.5980628118331 11.6427110128251 12.6620329330739 12.9957772688843 14.7583132772189 13.84328193432 16.8134143373148 18.4193965214159 16.4532009896075 12.3879286202755 13.9239184272603 11.9671413894124 8.64924805962141 8.20673230934571 12.0844837591893 11.9501987638019 8.12919540161428 10.3614271067192 12.3523631560913 14.3721887240658 8.76527860291112 15.9591497506102 14.9050076803675 10.5142321349875 8.70598874525571 8.22248631625442 7.88493328614734 7.37709055618778 9.09111957582917 11.0255305628389 25.8033155487222 32.2678422532218 27.0238818799757 29.6412544031253
9.36444847742023 9.73630884387598 9.76056644623366 7.16586240158644 8.88727341310274 6.41314136685032 9.08545982670712 5.8571473071456 8.13277733678231 9.61798426510702 8.32714131296284 9.3347863585606 11.7713078371189 11.9414585502652 16.9439203256454 13.7583199631571 13.3506408545966 12.2928506019168 15.8080959076331 16.005497657227 18.8812769057722 16.8292856659328 19.6738541943331 16.4493999665756 9.62930013429526 10.4586055698729 9.7176628435898 10.2757248215627 9.39735471241023 12.6899850631209 13.8672707867816 18.9414274047969 8.76935299477283 11.2137259058033 14.2792214621924 12.1111310072555 9.59818746195113 9.00531918651899 8.24539580608831 6.6804967761948 7.78287102002109 8.07384947168458 15.9335568737645 31.4928744893765 23.5446109843228 23.0187626998921
7.39054670234661 6.68251149855242 9.37751916486031 9.56659714554348 8.31518037780158 7.78189634732853 9.83965192018631 4.2397225711839 3.57313766061672 6.99641274023475 11.2253761002844 12.6886448648787 11.2829993872337 11.3876972773805 10.7016669216424 16.0738826416042 17.5552858060246 20.2164314834697 17.8837508669531 18.2651454299235 14.735875098822 18.3147698485625 14.9846298840548 13.1996816200817 12.5072048902427 16.8983962293321 17.8432307604771 22.2088863536707 19.1471152636942 15.0240482301709 11.2001610603584 16.4931398327377 18.2369243688435 10.4794988976354 9.7318552074925 13.7630456541209 11.7296703108332 9.0921775169437 8.71930059865534 8.76151030859426 9.69524110385443 9.33508108560929 14.7106027392202 32.1156135818455 14.8828343041569 12.8273022028479
8.27379370239744 6.38412313725137 12.0595795404323 10.3714161484979 8.71783956834263 9.55598797871218 17.6951318416468 4.39344931937236 10.18751286824 22.311711770915 17.6460818393677 13.8930751693815 13.1643458290882 15.9035706439631 13.5589150082055 15.6578754233583 17.0420531170739 15.403070202087 16.3441358189332 15.1372940511038 12.6193811480456 16.7937117684227 13.7169121222092 14.3858917421711 14.1517047201054 18.6545257704072 15.9972097383757 14.5578215030389 14.8883906187137 6.17715176850538 9.95200773935906 10.6438810882004 17.6165000975382 13.9833634996082 9.31046996670661 13.8619820655775 17.1904886852305 18.0231411131496 16.3846238006531 13.8244487791823 11.1842935481019 11.0135518157369 20.5727668426539 31.7629581158381 13.4047118450622 11.5349510209076
13.0636777447857 8.28422847938562 12.5680374258091 11.1031505595771 10.341245007354 17.0891809493869 16.1064027333532 7.61445889384956 12.9393022447364 14.3566913665006 19.3541600706686 25.8437547757959 13.0597487519185 17.3384219866499 14.4990356034628 13.3812693998784 15.118107105103 13.9401685612991 12.9369595523474 13.0722552344665 12.5240580210119 13.6547214423715 15.8428461058963 19.2467354824395 15.9114563818353 14.5110346949596 6.29488849719623 3.99979554796641 7.52546439867304 6.80416562890432 6.98171962102332 5.41754002562203 9.61782768075551 9.53700716293886 12.183469693942 10.2731229299314 20.060542731513 18.541257253562 17.0884662702258 14.7653974327312 12.6614718444364 14.5600949912096 14.3710407061662 22.2625818736417 18.5101853160318 11.1656386653497
11.1505051653141 8.31409205655598 9.11889553706358 12.2105507212569 19.541881251362 17.4276702533138 21.239288879336 14.5787446779326 16.7283499460078 20.3566687767915 16.6198838303596 18.1715561290641 13.2075417911856 9.94887407293777 16.026883219863 20.408474314904 19.1451229059624 18.7782560202981 14.2364807875469 13.2469815775737 14.6765272360216 13.6430851535193 13.8871276068375 19.7572295344685 13.5664535092584 9.8002184212758 6.95912395453333 7.20100284251543 6.03007063203575 7.87808708767984 7.02101825921723 7.91529487896268 9.64837826074717 8.50117569792067 11.0252880070272 11.3243182185564 11.4012489852517 18.5310400874221 18.1993224387754 15.1088441054023 14.5827987627275 20.7799176690645 15.6980240454948 14.9080449928657 23.7366841504843 13.5357489473599
12.409308286033 8.61617637050348 10.1280293877173 10.7357938135985 20.1132944313242 17.0295249253985 18.4789720921843 15.5196236227713 16.1558181497742 14.8853197360446 15.6186644911508 14.5588859045944 12.9030926478424 12.8327499042521 24.0810178628043 19.0241153507235 15.21816938864 19.9435050787061 16.2715495670357 15.3700495595979 15.6791707188962 15.2194883068379 13.3856147520376 22.6871219186452 11.3194862933265 9.89144341289616 4.09352024196422 4.08630186797606 6.07173460576657 6.87349129519402 6.2479779025057 7.17786372397568 7.13760856062706 9.42368120438714 10.8460944328127 10.7170938481655 13.6416130676542 15.6391256617921 19.234279216222 18.2582478206462 15.3087382850933 18.5735145037812 14.0988190735436 13.811240700378 15.2462823854355 16.7198547342627
17.450228276012 13.3126709880992 10.3001287999034 13.0857541524904 16.6766716130186 15.1182624238532 16.1631425825943 14.4779035743112 14.0506735599784 14.8764646236914 9.60473388663731 10.2642417746567 13.0378612604363 13.5389174847987 26.2125474477351 20.8597092775121 17.5182514592456 18.0398292340977 16.9054334326243 15.2909358805881 15.8385885006632 16.4843921093161 16.5112679435564 12.397215522049 8.35739780885216 7.41739887601947 6.95165250599745 6.79555819696035 6.41296417498224 8.59299087437518 5.14006249780581 4.51960774425781 10.6697048761544 8.16870692854113 10.4707881300584 12.4600999568718 14.9857898878725 16.2895510294169 17.2171856699416 21.6525289796863 14.9341654150719 20.3494171129223 12.7328664736246 14.9237389533134 11.6502924524754 14.5731735525361
15.4040746426688 10.516645826373 8.69395396367185 8.96719002829042 17.2793950671397 18.0383866796759 12.2006196074917 12.6896319844061 15.186526745648 17.0935527854581 9.94935434338277 8.03046706558223 14.7084666799127 15.9241580316165 19.023350133057 19.3156718574787 16.2460439060837 17.5402822310424 14.8010375830151 12.9936979845494 15.2798828755344 14.8243112057114 15.1141993566269 12.4484553540313 7.96571798892981 10.0979776448111 9.53502990283633 8.16213111887727 9.37145539132738 8.33731485603014 8.89376173658474 7.31868374526261 9.45006174662767 10.4687338731272 8.49948812384784 12.38195936636 16.9267593470866 18.7214617420337 16.9652446392594 13.4646409185591 16.0065291739312 20.1722028502293 13.950427173273 10.2251543507162 12.0054998455388 12.0107556122297
6.52156822669553 9.39600966545752 6.57334302762393 9.07915128964567 10.7288668508593 13.2605471296664 15.9436931042198 14.7719263728182 15.8698774244531 12.2655653243487 9.70073248997476 7.76714298181143 12.614210383515 16.4714947114591 15.4320874462237 18.2837308512789 13.1578901437016 12.2258448605745 12.6200934251566 12.6185119307045 11.8766890648805 14.1214089237536 15.4671071403262 14.216323891864 11.5922313428191 7.57928358363714 9.92126339245601 9.13034948159461 8.11140211292375 7.1080852586332 8.25429113356486 11.1927635999969 9.8867299545702 12.7883393450581 13.584319780379 14.3426072030373 13.7444336860612 16.8218149110634 19.8278611812446 15.0502630748381 17.4489089336398 17.023881694716 14.062074999586 12.3113821462855 15.4175001284056 16.0322656429782
5.48077823948191 8.73497667549837 9.64915732404533 6.60832476186759 9.87599914306542 12.7343667090117 13.099077961817 12.1749835093244 17.2531752853769 11.6383238281498 9.26839993156985 11.5685630974692 15.5029132559262 19.8770354250739 19.4962478559927 16.8898092310494 13.5085825899742 11.5501077428925 11.7337975577703 14.6653887373837 11.2804675090676 14.3506851386775 13.9356090354628 15.6198918418323 24.4562109810654 15.9593790260105 6.49593985924671 9.78548179349106 8.07866716096965 5.64184883527044 4.90725824046487 7.96432941567827 9.4642937572172 11.8311263902154 15.0501382292462 14.9827494699133 15.4513286161539 20.6411935169888 18.9388170027311 18.2678000984417 14.4573126033853 14.5833574027317 17.6867924661003 11.4013566887459 15.0295927491935 15.3175978312482
3.40296847793523 6.32778836918209 8.26505181556438 8.17373622664015 8.13007100913136 10.8303425994735 10.7328992086619 10.8397700473783 12.523809896261 11.322270015144 10.4428092899726 15.0506072450488 15.1490753202029 16.4502404042676 22.4668573116776 16.6376095921564 12.0427388472546 12.789092608607 13.2266168581595 13.6605939921141 15.0310347515959 16.8485001114929 16.0846733838376 17.6994338544309 18.1251441890276 15.2154998499546 16.1309059547553 10.3873020943418 11.327988286188 7.6885910799026 7.98876411220079 9.15529339342218 11.2794230685809 13.5996568246141 15.290700001343 13.9152794437393 17.2654750895101 17.6478662688567 10.7349195140612 17.6614884821544 14.3825094581781 11.2227589190543 13.1157757061315 16.2852813763215 18.8255935172516 16.7343882378695
5.00491954650059 7.02951122759911 7.21891210417852 8.16632298578666 8.44832048178021 10.344235625148 13.2904979877046 10.8556612836208 12.6166688036934 12.4573266792701 11.8493332544998 13.1000075859449 18.4527049991387 22.1536324119088 14.0056993768772 9.728925565546 10.9674172202484 12.4932035694307 11.5978446695809 12.9544757908718 13.7372950040593 15.1428622744729 17.5142130138437 12.3876020774502 11.9876245920146 11.3071544610998 9.55653385295871 12.7884069025492 12.5233408944926 9.91754059252118 9.25247398330085 7.47770427570395 9.67048530294045 14.7779410941399 13.7967778432037 10.7675079015481 15.2000433047161 15.0696024439978 11.8923593524414 16.9460923163148 16.5018412620783 10.8869943731798 10.4267403338849 12.5767716604278 13.6100428171891 13.4439004719961
9.24878202672264 8.9855538831116 8.57899997367667 8.37142532882881 9.23903315148416 11.102427694343 7.77908304227071 13.0641052303602 13.2435664858886 10.6620749074482 13.6201123002087 12.4904280003114 14.5741947547632 17.7159658432693 11.9696750006645 8.18445281023477 6.62999625961028 6.01422704752714 6.49560357313019 14.3539461734792 18.3755546369201 18.7316610881443 16.1474421693508 9.73901585077011 8.16127615243686 6.85724696746037 7.44240809420508 7.7122014118867 11.7927119777417 12.4454875072723 12.5719071810102 21.2526026597537 16.6565261084274 10.5334121787815 9.62860491044404 10.9833029506809 11.8854544613146 11.3731661675018 10.8076595718376 10.7658397874703 10.7429677704847 14.858173322929 12.8032118005001 12.2728069653382 8.55728495376025 11.582243823587
9.79266523187396 6.86719017087791 6.37575179192157 8.35793064219168 9.28556191349968 9.16654812008547 5.97924936034214 10.3643963242086 16.1387570576047 13.2697897855486 16.3586508293838 13.9704625998885 19.5979182866589 19.1650910146933 12.9930801872021 8.40620546722601 5.59362832711643 5.44762560141847 8.40354531600375 12.6853026889155 20.5139813845619 19.3304551608176 13.4936880512092 9.61918169990523 11.2552961798971 8.66966879104617 8.6508489399819 9.11859349558312 9.31452157610434 13.6938959332239 17.633826207634 14.4763725012439 11.1565834222696 14.4583508204801 15.8936972535652 14.0146308879285 11.8756409414324 10.7260785169993 11.6840925397218 9.93388887646543 7.84279149314955 8.50187955982945 11.4099435540551 12.4170984801805 9.32813539636306 8.85417239933463
11.6018098757241 11.3495748123871 8.84821887882714 7.36274638886856 4.90499677167351 4.26498450395645 6.45065672207388 8.62843493676619 10.3420459057499 16.7905137397944 13.8977077357999 16.8171420821507 15.4618877773748 19.1521662448723 14.1883458767924 8.42291362867305 7.47595634907242 7.79625838250155 9.46323619591317 8.18363317296771 14.0623991364231 21.5646110961319 18.3307137248111 9.31094361456267 10.6407666370682 8.25399405520514 9.67576268185134 10.279937068749 7.68830526618234 13.039206406319 16.1435917730964 14.9117657210398 15.3390738976219 15.011361040989 13.8733706639577 11.8646549492828 12.8044325648037 10.0485903951678 18.562802615859 12.8781978711185 8.30547997256583 6.44456348104177 6.81859090440304 9.26416557261649 8.55411608881689 8.87878610804304
