IBR/IBR_outputs/all.combrep_1/FireFreq_2000_2008_Total.Silt_Total.Spinifex_Total.WeatheringIndex_Total/FireFreq_2000_2008_Total.Silt_Total.Spinifex_Total.WeatheringIndex_Total.asc
NCOLS 160 
NROWS 95 
XLLCORNER 210004.651214014 
YLLCORNER 7350008.22228844 
CELLSIZE 4999.99999999997 
NODATA_value -9999 
[rows 42 to 62 of 95, columns 92 to 137 of 160]
9.48152518347614 10.3049704670932 9.2779782315272 7.07931348426269 7.29314041221915 4.95465590786894 5.89265648110358 7.19226239692899 6.62175722469544 15.0232022942424 12.880671601588 14.5057294343341 11.0752854527448 15.7413033065972 7.51056236019126 3.35606448506919 5.16763035753922 6.88287910585744 7.05774072731272 7.92898560758912 12.1421250797309 20.7222804979947 17.7882769252703 7.98116070548369 8.3916661890662 9.15270426380162 10.4305789054843 8.44316173801468 9.3787842676989 13.1852933776534 14.624120545316 19.7928356125267 12.6550031795125 14.7463117738377 12.317196922717 13.8581841704475 11.0117665870733 13.1137763254505 18.5438652331502 19.5792851428304 11.9947496150631 7.15301586460359 7.10169283406772 7.88056706260835 6.88665993458644 10.8478722458954
3.95399093830889 7.17126838459656 7.34530839758329 7.40827454636732 10.068379883629 6.93148985686718 8.29782857483805 8.43734851952919 8.2204033606173 8.06405693518362 12.0616113748223 10.7899845336151 4.90742482169359 3.58953562986131 5.52833232464156 7.1894071253566 4.2721079625679 5.90372860926199 5.70680767881784 8.06144700846194 16.0938590422322 20.1307541999714 23.776789360041 9.1614099520195 8.20074124268678 10.1632042485502 9.47049667865182 8.16121936409379 13.1407362615062 13.5096394218765 15.9396579547149 17.6347381823222 19.6257635143723 16.6383330130509 14.9604196231387 9.61651392331328 11.1355729586665 8.31344059814166 16.5276239053494 19.5399636735614 20.8242273726231 8.77374893672285 8.25805522992449 9.25390936257332 10.7124257213876 14.1952427485572
8.11221677569585 11.7276214207147 8.50124068059804 7.90442329978966 9.71788771674487 9.53360001017826 11.1872919856904 8.18285771833125 10.0129566126603 13.343158879847 13.1526203331474 19.847217418697 6.44521067085108 2.53440992470486 6.26783736389444 7.61102299056876 6.78485874381397 6.96404520119165 7.41724272017472 9.14033954190335 21.5021136557628 22.3170296792189 19.0954697538412 11.99675444036 9.99765202558983 9.47631479052759 6.74619593675555 11.5444870477722 12.9901883588272 12.6870813563758 17.6751920482119 15.0874940844939 14.1679723806354 13.9696068804495 17.5425573475829 21.5835797950811 18.3135185528227 9.550585682265 13.2652064675023 14.1400584699906 15.6907086344195 12.6408286926002 13.8136021449244 10.6695223493328 13.4937159832648 13.9918806075982
10.0132918655814 10.3290017481126 9.08326576914297 7.19581974249472 9.29396103708227 8.56551360980849 9.65761286560702 10.788957694122 8.72925974117779 10.6913413190818 9.90583664110028 19.6993640920039 8.13546974104726 4.7077310620705 3.86804569110464 7.64977577507962 6.25084395346871 10.7998286794939 8.85764628363713 9.74430331670357 19.3246177034463 21.8774478435004 13.2898752699577 9.77011110879191 8.06958736563516 7.35201301715803 7.80756388694808 9.73208386329001 10.6555670229022 11.7809614822 15.1783961216571 15.5942690107802 13.0326559473058 15.2329254209989 14.7955946806929 17.0066745349643 14.5467679302271 14.9689334246951 15.694956437682 10.8892043730866 16.5445958502861 15.0799891971236 15.1312423147379 15.5629395017455 15.824337249002 15.9143239234156
17.0199350128715 12.8453701865177 10.9751602082705 10.0452372260997 7.21240876027942 4.46345593646012 9.37946230825822 9.19725491649997 7.2829655832188 8.11244412354135 9.26807117470404 18.817702123689 10.4854756657683 8.11963519579736 6.2694605273119 6.35957716213891 9.65870853116305 12.7696303694253 11.6422384409114 15.4803108305135 15.6031004182118 20.4592073781721 11.519935586103 6.01936255824901 7.99660203459603 7.99446961385247 9.2078122165905 7.8075735687792 10.0454254777648 10.9674786856093 13.1189170718541 15.5331692409059 14.3604152324365 10.7900721967455 13.3204314591937 11.177483369283 11.6738881714741 12.9815934184131 11.8036641403618 11.1970926588766 9.87169766371109 12.7082911994722 17.2367260783855 18.8288732484416 17.7260219550155 14.4782743303344
12.9479189965047 22.0757006754869 11.8309170098054 11.7169228163966 6.89891066966336 5.44590020765073 9.22077292375414 8.64229782342873 5.3530972858182 6.03795611921481 6.75409209935509 19.9388730315116 12.9214760030748 10.7269926988313 7.17804174771072 3.42907243402605 8.13564452369523 11.3174561039482 12.2734111630012 12.2552065095578 17.6528693510235 17.6945468738883 13.4878310957412 8.5101318660725 7.96201425402579 8.97262767224771 10.6054132755153 7.13993068839467 11.2182143935185 11.2691049829954 10.3115960134348 15.5922407700393 13.4282978676377 13.5592741761316 15.0113879370979 12.9178501683767 12.1331372754463 10.7780081144411 12.1828045408166 12.6152474511563 11.5259880206315 13.5156940710328 11.1168013002688 16.3638972085362 17.5264039102041 14.7001517589409
14.7303132904933 17.560044204983 14.996479239818 13.5893195777758 7.98506401027507 7.2745618420506 7.00781393466375 5.57328347621 3.71575893295791 4.74534550060446 4.82199258744418 20.8638798288796 13.1287685571156 11.1330191343979 11.9796828308639 7.28066215435832 5.67760261173293 7.86893799975752 9.33100981367096 9.52710840439272 15.0235019803075 17.9897592389576 19.0284470406539 18.6292061240681 15.6497484774425 10.1123020766475 8.27053654628886 10.0835663930393 9.95534613450701 8.17042144279864 8.48923084964635 13.3132491866116 13.1427133756139 17.1714043591098 18.2711725581131 16.3695513627661 11.8538258889705 13.2349862062273 12.0435993986138 13.9008677397446 14.8027610932609 13.045210841796 15.0552650321889 14.4688895464818 14.1022408243572 17.0150886902637
15.4966955992875 19.5087627874449 19.4032181333962 11.8215586668822 8.0093320638334 8.6242606451231 6.72487195568798 5.26808305636309 2.98891379769526 3.6553174825473 7.16391810366485 25.9265330670117 13.1646790923004 7.52794536663079 13.0293697061442 9.91154036988357 8.9518801662378 7.79419377360655 9.33123224938698 8.86243942285894 12.4552074858253 17.4364091911605 16.8642141332039 18.7810237908198 10.8524046501156 10.2433702306056 9.64497419591446 13.6819531247841 9.3392862338634 10.388734050299 13.9926032955959 9.81944831686005 13.7418991238481 16.3445028617926 13.1797710781011 17.0251249845945 20.2282859852005 17.8461141016677 15.1147725554631 14.3975379975265 14.3598878827381 15.1704638103831 17.0643921718233 16.5069402906567 16.7145249256784 15.7423750964581
13.4364961758539 21.2491538211432 23.7269548181416 11.7357732779006 9.50742163042923 9.52264072781646 6.8615997721177 6.63803074958132 4.61918047785109 2.09910597701145 7.24758841454357 17.293944363667 9.7024720523401 6.83912145064926 7.32825884417878 10.5793326079497 9.71246606454096 8.04737233609129 8.78506635016557 8.7023283180486 9.06165937928362 16.5433722395572 19.0632924360684 17.0436587192017 12.0608839118625 21.7533359858353 25.3695799736033 24.3650834522239 11.827860092252 16.2342481867184 16.3416813503423 11.0563721567894 13.128851687952 17.9780562599856 15.7329245387643 12.9792226466493 12.2123849226209 13.4052269529912 17.3686212221875 18.6238225334649 17.9769745359532 17.5535328954784 16.6153390341832 15.7671090784957 15.3035545740307 15.9736138155565
17.757426831237 19.6571103340217 25.3429059863517 19.0224985979415 19.111873219088 15.0748642518768 10.1467978087038 8.01230131232022 6.92756510992221 2.94888886645738 10.105570046416 15.6982363754776 10.9168900199751 7.49153230315444 6.91828923034455 8.57035971861408 9.89211434271842 8.43803473179231 8.70326331746017 10.4877106833052 10.3736719673209 12.5967472988443 14.9655109242853 17.8056713051117 25.9935064255949 27.3723106091665 26.6510060872678 24.7890415141035 16.5827388428153 25.1319536666607 15.0962324656532 15.9401628517335 12.4913855977746 9.21388850790217 7.67314612114555 7.11452629707084 8.48098452498896 12.1520993411033 18.9194395181625 16.5986214491564 11.7567913873987 14.5917550755798 14.4124426542834 15.5527828407616 16.5167870373919 13.8553206856236
41.5840136770203 29.7033545272416 24.5706529124454 24.1289625142978 21.7789159980029 18.9621280751521 17.5838617691419 10.9715734255292 14.8391452187 12.8771582379921 8.40358108144681 12.7615378361306 9.35010155255306 8.95542887402636 8.62962744374568 8.41931186704745 7.53812733553974 7.72765850691108 9.29778585888899 8.95001921826971 8.57714293968271 9.3463361767861 13.0503342748085 24.2178879330414 25.8019391771656 21.3959839295345 20.5377836537701 33.2217965526487 23.3995985859918 22.1657435087393 8.39661871260077 7.74988691110281 7.71246646688865 7.03529117299704 7.18360259399138 8.39979599296944 5.55929282210147 9.96568850765275 10.3850272330414 8.00228379874257 9.6551965147327 13.1230188598727 15.1984021702012 14.2677826198643 15.3519895672168 19.918849056272
12.0612446049982 14.6626874298929 26.7107541060452 34.4238746828269 31.2510403452362 39.8631598424953 26.4644116971745 24.3829937298097 21.042218371782 16.9230301537052 10.0354072063863 12.193494528037 10.9492296993912 12.298195140371 10.7485989131311 6.27816980582191 6.68314486204635 8.19297232290702 7.01446191593839 8.07423079282076 9.6835600108078 8.98513575274131 17.3241782713296 26.877667395197 29.399766247432 22.4061021159445 26.3822241308837 37.0877350184054 18.7201858936329 16.7811775756166 5.68939077567753 7.29213751524242 7.62284018734399 5.40627492964273 6.90800750326724 10.7910617845242 11.4927281932946 12.7438383868447 15.0623647838517 12.2303535071508 12.4019718169384 15.2088953186792 20.0724146651955 17.8246909374297 24.853612357567 20.7487153496504
15.4461243477289 15.1615504914733 14.7624637481305 16.071606950539 18.1407351349015 21.1406632535328 22.3570368442774 28.3244504211615 36.0014171134262 29.9290436204138 21.6628944802843 18.0857395483641 14.5871751510772 14.2660432719478 22.2227681181008 17.1532413792998 10.4329005746555 9.22176595503589 10.9454313210401 10.6230021999019 8.34495749451334 9.83841409003025 27.4214850432154 22.3525058681655 24.0620657964871 19.969482753557 20.9687473106629 21.6189381084048 12.3815427915458 10.9479240427086 4.44667542325098 6.87697630662503 7.18552502702135 6.57811020299302 8.14385939325475 12.1495532290794 12.15312731249 11.388726913559 11.2824121794835 8.573175122994 8.9774741250888 11.5001814062212 14.6729892917659 22.7001638560402 16.5903076298219 14.082851589893
24.9044587036115 22.1473876047829 19.1311030629842 17.4940751245823 18.129010180669 18.4544251938463 17.3514783439628 18.2483858674692 18.8564298276289 18.0850634599435 18.1861546488938 19.6033240605517 19.681426029122 21.6188222832675 23.4273741648271 28.5441509458145 19.5035269632614 12.2716024404595 17.6647676716258 14.5161614624672 12.2591396644589 18.1051490856144 31.2118887607659 23.5232892657697 20.1903322636919 24.9368294779547 20.2712715578454 20.4786696190505 8.55297783014474 5.91662026875928 2.33830271484236 6.31479695025127 8.27015221757142 12.9363525540933 14.3619202720669 15.2716040563035 13.6535551804019 15.2396570795767 12.6071067060391 9.95110283624672 11.8443709337424 15.5382963283094 17.1563389898266 11.4699418334266 12.0941801552578 9.95763340230623
43.3235060709008 29.2150288141811 28.7085540940878 28.4075740772821 20.861505705701 19.7861479891221 15.3850050299336 17.7081271111363 18.070109630801 19.029093180843 14.3291175248964 16.5971918204637 15.561105745128 14.9956944443082 17.6905609647539 31.4300614531537 40.2875028474722 21.7846365538731 29.4325774181143 26.0005329568794 22.7776857795439 20.9074691762821 21.1860711374754 22.4770842340803 30.0575896673773 28.8059990378576 21.9665030921865 27.7932052566595 9.80572573137485 7.89819336698925 9.42065479225754 10.7358989328154 14.9706892397223 15.9836938291492 11.6665738767834 12.6532689412663 11.442931638192 14.4226458583317 24.0136158734155 22.0755568084614 22.0584220221974 18.2178382745138 17.0657275032563 12.4099229909397 12.6516614023495 10.8401173363754
38.6477481413295 40.5406709233946 32.5979536286299 29.7963669346888 29.5762846545823 30.1452806278345 27.4222689086357 28.4546418697595 27.727179009532 27.712949929242 20.6240276036458 18.6805058735772 19.6099049133946 14.9041789981505 16.1264736011808 19.4058492975401 23.1181902784221 27.6964627028032 31.0109916891114 29.8184937503446 22.4564169836594 20.3920503834405 25.5904704212729 25.8427616063061 32.8820781570834 36.4091943707668 19.124166997934 23.9464026586279 12.5917446569792 15.5994084833514 13.6264124697684 13.7341256453732 12.4039295350889 8.75800166665255 6.87308186476616 19.2827316902955 11.8021188012999 7.10595276244272 8.34959521981981 18.1111186472059 13.7961078872395 10.4464609157211 16.9361499641605 13.6982377198364 11.313978076044 11.2881812992722
26.8525323563195 29.6293073123919 32.0793099989348 36.1941969326748 27.7062655422989 21.4409255773684 30.7323339556161 17.70369215947 19.5255179339774 30.6659749858524 31.6117735686096 27.5765257526189 28.7068206203123 23.8649045416498 16.9912256405276 15.8482318226682 17.4845792732636 17.1888206997767 24.3966958192187 28.7538776040181 23.7997002472883 23.7642994210364 27.3515713183673 17.8132536304015 18.5329681443725 19.3987520582915 17.7804795597245 15.8841361503707 19.9505436608167 30.1205135501185 14.6866127228068 14.1609648355256 10.2296601254639 10.4409662517291 7.87797502925689 15.510560359588 16.4822488797047 15.8736873432436 10.3120985319415 12.8719949694009 11.4912609285438 12.1471817828097 13.3274612863301 11.4824230555927 8.87353819189795 11.7813442334982
13.9832342923832 13.2822541364928 13.535589051681 14.4837060538932 27.161998721941 19.7439459338761 26.8938722774582 21.9362957960987 26.3162519008895 46.6338845724765 58.9305935829267 40.8461708804598 32.1500869963475 29.8998000712783 29.1024660916073 23.3326696808364 22.4841219690268 19.6422034035203 17.7989872485386 21.0373623012832 18.7167528996376 16.0317828857533 16.7616691898657 17.1645085987242 14.7533988272128 16.8961935332817 20.2074130222929 16.0022505168133 18.0587463494159 30.9172487348243 22.5121548178548 10.1691714104067 5.8907785426209 10.3259000094048 22.8465904502483 15.7970562822651 10.3910402359987 9.77430995747647 12.2853864158993 10.6451965996483 11.6855257093575 11.4918294190843 17.3169895139685 12.003948098721 8.80871695573246 12.3718936286129
11.3113839492295 13.4748670776075 10.9194826974758 8.45645297071782 8.76536629000823 15.2459561217916 18.9559742385355 25.5233037172337 32.6342375959427 45.0685195245085 70.4686718320552 74.7341434773115 54.520129807797 59.5447236553779 37.7811597435612 29.3304451526652 27.7876684820699 29.6571035100594 30.0117209287033 29.8775259719719 31.8073240039256 27.380237755185 20.7836151668802 17.541298935714 14.1701657090556 14.4089565830613 14.6704991612975 20.566536331514 15.5775562155509 18.99407089608 30.8847198222982 27.16558748217 19.4546959377853 23.15859135152 18.1814841831875 13.350053675753 14.9708989479759 11.2382234175794 12.6717257699141 11.4745070279532 8.9471491913784 11.4845641427336 11.1278713294097 9.44553441839273 8.33651603920612 13.9152176148335
13.7903056392284 15.9383737261916 14.0188335421641 12.5199920045657 12.557909082642 10.3861608610817 8.99720519050115 21.9626135388842 25.8098051135958 29.6082047101029 42.6129780918083 42.551420450996 43.9053445106005 37.2799279071271 39.7658107682902 46.7500219100915 57.2795880320894 33.6570466046829 29.7159639862947 27.9319364863746 26.7076026238786 27.5200175241442 27.7031462281187 29.2603114089611 28.6569619758948 21.7998022833915 16.1726355116656 18.8044038468686 20.1854000918375 20.5095992928177 26.3910703602379 31.5920118409867 26.8540159632015 26.447791979214 17.5531933011187 13.9078086471962 17.9716453485074 19.0126964264431 10.9256659791703 10.0548283041017 11.7594475800025 9.76239396018534 9.51716225530404 10.9345159333937 10.0575285895234 8.53665927823635
17.3077708175865 14.9189244709244 15.8458066288122 15.0811308285839 13.598399993447 14.7929455436521 13.0692726949605 12.7688129533491 9.77003162830735 14.4484362909412 24.5565692964695 33.9172871125155 34.5751316518852 32.9425780298248 32.3840554742436 31.2375615058919 32.5110774268782 38.6332057399487 61.6214502082225 49.0305655104391 36.8040339597588 29.2865651736119 25.9961629709524 29.1969632138992 28.2728088708935 25.660057783711 22.7824802356036 21.3049209310813 21.029401519953 19.4158727132113 29.8890359091035 16.7592093034636 20.2438432457214 18.6206626644477 17.0168541560159 15.2945589036084 16.3425947545475 17.434512878697 12.0732960807683 10.9851390733013 13.7761901126385 12.3693488520249 10.0134792370581 9.67130449776947 10.1821020155885 9.7630687098097
