0,24.5494458223848,24.6509769664028,27.4901698755529,33.2369414992675,31.9210246225875,36.0493903576825,31.0673037504985,63.7537935504279,67.3321537479323,94.473767359741,60.3587889588803,60.86943459879,65.6462481587634,65.9788236847988,70.6713288159667,59.5003469647655,66.408964838958,63.2741687256054,59.0996408819021,41.3334354747217,45.2538151399999,43.0364508116428,75.3435895400875,119.901626458266,132.071433704744,69.0278179066854,68.2027167092689,63.2038737952045,59.2743053022035,56.3130037619876,60.8417734007052,88.7715852719945,48.0653738182739,76.4733753360926,72.7811676381582,62.2263481711324,80.8984796370866,84.8600196983213,85.7720436185789,81.6690697274415,82.4758319486803,82.1645855556535,82.3317415146634,88.5414627050972,89.5858022733495,99.91535923,89.0457423617954,97.5155589092745,88.9986847184661,90.2133914117189,45.2361587234446,43.4390743205323,45.6557828873023,47.742200864119,47.2395336924746,45.6764604697456,43.4833127760428,37.2896258958353,39.6873941577607,38.5480215183614,38.8509040917616,39.8347819885526,112.997568773865,44.7152574639723,56.5005585136993,99.5663549194019,101.268296862646,98.8005446423677,94.1403472034476,85.7133515275417,84.1465390746014,89.0435273623838,87.584007796907,84.7453093977248,59.2529216646448,67.293914361707,68.3679370595012,39.7651576289949,43.6990243124523,57.1479052646765
24.5494458223848,0,27.2140633591049,24.6418007662847,26.9496043659394,32.6762014345712,36.0752615454313,29.3714311287859,62.8743328897319,66.4568112128507,94.5535119758504,59.5138692132153,60.0166963284477,64.7860133448004,66.2838938709565,70.9159633981766,59.3297057570447,66.2578207521965,63.0933363298274,58.9609721090928,41.7824223848426,45.7531650623803,43.5406751143088,75.1790398139584,120.099851169332,132.251057748138,68.6965858909546,67.9220081048076,63.5827100145453,58.395503108795,55.4271886430864,59.9813208026678,88.9658096845247,48.6074500843646,76.6952343016648,73.0080566312564,61.4014011877535,81.0019873293709,84.9654868805258,85.8759807579746,81.7587249795164,82.5648101981632,82.251790403098,82.4184575021698,88.6318991423458,89.681110839749,100.0071684829,89.1389918507869,97.6077684174647,89.0910333056283,90.310927742537,45.3048151161965,43.5211988205186,45.7557351689776,47.7444910526205,47.4716958936818,45.8974245376406,43.6777618892184,37.8911975117907,40.2564996482813,39.206224116058,39.5205568136704,40.6264226337113,112.686566094947,44.0082972470466,56.0279683631826,99.6920062367257,101.396462525922,98.927633060255,94.265919737243,85.7922738176116,84.2257421411703,89.1298009348386,87.6710608010972,84.8168428415382,59.1104623496707,67.1737012256978,68.4468004940662,39.9214432501312,44.5828249875565,56.2135688407826
24.6509769664028,27.2140633591049,0,33.2829996464637,35.5674469577744,25.1086785831587,32.0784510410271,25.8985736518865,63.8067806120217,67.3730012400773,94.1688424193555,60.5187554482398,61.0219316531022,65.7540430119639,65.7410817064124,70.3808685673214,60.3649150191642,67.259330970837,64.1210672545019,59.9644858947068,42.1581821839896,45.8990831433347,43.7601303218279,74.8369743227709,119.717690932562,131.864884846636,68.5098350535357,67.6713804094332,63.1211764435398,58.980260545373,56.0047002134298,60.6723913104745,88.5602160371485,48.4556171667737,76.1539141237122,72.4533081634479,62.4339408213237,80.6088555383966,84.5723333149768,85.4841337503925,81.3665309864638,82.1734326399357,81.8601654818279,82.0275954133289,88.2437146284427,89.2919755822976,99.619347773795,88.750122473424,97.2201366237172,88.7025539384029,89.9215495145187,46.1470284930705,44.3607963223677,46.5536500234742,48.6659906054127,48.0476308648242,46.5153864824673,44.3528551228763,35.8430889635049,40.5334260330847,39.3361469701847,39.7669074044134,40.6807427337713,113.727508991927,43.2641008019607,55.8152891840024,99.3012899496709,101.005692443418,98.5368142013335,93.8750580229682,85.4056091516927,83.8386413736041,88.7423644880792,87.2831768430776,84.431841675773,58.5039715030844,66.5931525149658,67.984688819977,38.8471626510334,43.7086209800856,57.190944556714
27.4901698755529,24.6418007662847,33.2829996464637,0,25.3628129914231,36.9647930817643,39.5050756965051,34.1601484715629,63.6677485647035,67.2627424953224,95.6343597610328,60.1870131032869,60.6988546990623,65.5174781231268,67.2860413548496,71.9709707937931,59.2099351504241,66.1556270855779,62.9939283928388,58.8423263314321,41.753875188027,45.9099248291415,43.6224681652473,76.4675921730018,121.057407692167,133.231410831262,70.0130505018035,69.2453581558906,64.435156561151,59.5618849954195,56.6101543096179,61.0110120870509,89.9498120642232,49.0164131517569,77.7786178474289,74.0987744991744,62.0208095278174,82.0665541352704,86.0280775795187,86.9389030367311,82.8365214489464,83.6425314385265,83.3315487506438,83.4979995375242,89.705143870884,90.7502817807925,101.078673259098,90.2100118980635,98.6786881598148,90.1626058244001,91.3780560936336,45.1417321191907,43.3468333707364,45.6085390833643,47.5636131348055,47.4275343788646,45.8207696844913,43.5671087025017,39.8022841646705,40.2346526508753,39.2636791994523,39.4596655907105,40.6700843934857,112.718894612198,46.2177191920287,57.5200344284342,100.731726700862,102.433669427713,99.9659846517351,95.3058577118285,86.8758248360121,85.3094149547797,90.206586510912,88.7474713379465,85.9063612205866,60.6120335699045,68.6303930156806,69.6000474138603,41.5217221650493,45.4005232848398,57.0261716343168
33.2369414992675,26.9496043659394,35.5674469577744,25.3628129914231,0,38.0124670213728,40.013841418487,34.1884013887817,63.1443423797197,66.7438852049972,95.9960010819131,59.7005183453118,60.2037257072996,65.0143999943084,67.842065644016,72.470948253298,59.4910410189334,66.4545107251815,63.2616420751905,59.1564366585916,42.6240432533579,46.7781448223728,44.513033542271,76.6050344515825,121.534898726943,133.69018934947,70.0050896351252,69.2818148345252,65.0736285090565,59.053162581245,56.0961897722342,60.5111323687227,90.4198599994783,49.864514721594,78.2564184470171,74.5796951683998,61.5564396531907,82.4502355222747,86.4136613711437,87.3231687932488,83.206864152794,84.0123185412728,83.6995839736818,83.8656545407911,90.0767458292495,91.1265021432025,101.451655691669,90.5842633132103,99.0520836189517,90.5360301794204,91.7564125412901,45.6745332241434,43.8961211802973,46.1690450375956,48.0332095249915,48.0952022564901,46.4851846817434,44.2136224661439,40.4804389617172,41.2098432275609,40.2915012410636,40.5343267921168,41.8115986031011,112.836009848195,46.0441715882644,57.3989694628259,101.137276477435,102.841660610613,100.372920074932,95.711311101909,87.2364271118996,85.670237306215,90.5742346780528,89.1158217339542,86.2599951272917,60.7673894944259,68.8037807051642,69.9527339867158,41.9107087152349,46.4091899486726,56.4438998367242
31.9210246225875,32.6762014345712,25.1086785831587,36.9647930817643,38.0124670213728,0,25.314858470021,23.5092378817203,63.6765750478567,67.2307402202639,93.6722002333208,60.4869979451784,60.9838711008047,65.6741134607,65.3213816119318,69.9060780525382,60.9506712584447,67.8326424446707,64.6916733463159,60.550182925943,42.7231528708582,46.3128846195302,44.2434782290184,74.1309057248068,119.341944999756,131.46671233244,67.7923297479342,66.9391656357197,62.8547164785274,58.513651176758,55.5246466800743,60.326505420604,88.158295962313,48.6470935030889,75.6493479987844,71.9407200823051,62.4455449120363,80.1278110632876,84.0932324997921,85.0047643211679,80.8724973964836,81.6795143608171,81.3642251488036,81.5319076661694,87.7543679867857,88.8065886896279,99.1317314068919,88.2629299209347,96.7331051733355,88.2148375073693,89.4381594666825,46.7714121139562,44.9943281817412,47.1671445019918,49.3012236846862,48.5853989479431,47.0797427508838,44.9430732765178,34.1055625379715,41.1297865542936,39.896261119081,40.4343419461472,41.310883575716,114.197495792482,41.4435434209369,54.9203652444902,98.8447638579018,100.551631677282,98.0816280821879,93.4183130148693,84.9061918606648,83.3390797155778,88.2495717129144,86.7907297590413,83.9266278482979,57.5341214672558,65.6770678938625,67.4101037010985,37.6923236407905,43.6341432307609,57.0574471580099
36.0493903576825,36.0752615454313,32.0784510410271,39.5050756965051,40.013841418487,25.314858470021,0,25.779175577495,63.4641290401812,67.0064528859471,93.0775020778981,60.3636384241073,60.8553869608144,65.5069611886323,64.8111252731654,69.3392684955507,61.3577871513565,68.2286615425623,65.0859507365673,60.9566246959542,43.1140010563144,46.5769303234904,44.5680247245268,73.3219355773993,118.866227118974,130.969063350026,66.9738524464389,66.1039219723802,62.4937803941288,57.9801252276814,54.9789041959767,59.9073831867296,87.657874905735,48.7199807938685,75.052386951967,71.3361562787769,62.3610204596863,79.5486985273292,83.5160398769469,84.4272729293553,80.2805258124252,81.0876391626121,80.7703550022092,80.9382714197024,87.1669429417386,88.2230935157926,98.5460071600196,87.6776463089118,96.1479543283733,87.6290283204286,88.8566407868216,47.2077660977542,45.4382204950057,47.593973277918,49.7475420242181,48.9467176693385,47.4640338691724,45.3495163142505,32.2987426257495,41.5543916887517,40.2981481445795,40.9239339561152,41.7819218451335,114.507034175656,39.3213468085206,53.9162652523103,98.2897759682532,99.9990758748063,97.5279643404679,92.863113633189,84.3087853100097,82.7415381144943,87.6587278855468,86.2002362884765,83.3234552766888,56.4376684076147,64.6404634739278,66.7382903853735,36.3929818979155,43.5374659465952,56.8483001236357
31.0673037504985,29.3714311287859,25.8985736518865,34.1601484715629,34.1884013887817,23.5092378817203,25.779175577495,0,61.0517313125363,64.609494209963,92.0635115431496,57.89700316303,58.3865988187337,63.0688503646554,63.9512391427316,68.4807193454254,58.9406892611375,65.8397130103908,62.6734605132972,58.5674834584302,41.2510873877288,44.9284787316688,42.8420914938284,72.2884549674398,117.838051120876,129.947214423939,65.7633073562743,64.968581857008,61.5284122293307,55.8696477989396,52.8712165401556,57.7132766417288,86.656365070181,47.3669966954702,74.2053738543849,70.5046311008269,59.8745105530313,78.5422434563474,82.5094134336755,83.4192770844483,79.2743814106229,80.0806049645762,79.7637944995384,79.9308638242913,86.1560114760215,87.2127893568117,97.5345116493848,86.6672363534415,95.1361974857491,86.6182512779309,87.8463990427022,44.965688821655,43.1985486435162,45.3906619767152,47.436273386214,46.9403904162626,45.4185096815622,43.2528960645771,33.7261022466424,39.7450849561462,38.5961207514015,39.1034003681822,40.0905007491166,112.069691050305,38.7960733016718,52.7334547352236,97.2783267719027,98.987443668443,96.5164933627809,91.8518400328317,83.2972326497561,81.7304715045167,86.6473362743881,85.189292152678,82.3107018864935,55.7586994505327,63.91996249704,65.8185977989041,36.3465818509563,42.7794924338309,54.3798314797852
63.7537935504279,62.8743328897319,63.8067806120217,63.6677485647035,63.1443423797197,63.6765750478567,63.4641290401812,61.0517313125363,0,30.1392593641125,108.621557594642,41.8692699721732,41.3316132092102,40.5526144945496,82.9601117248436,87.0032617952629,71.1812750157008,78.0033907434144,74.4659441427326,71.140849071537,60.4662072258406,64.500128562315,62.4119723533274,87.0665233019626,135.526977475679,147.468897277803,78.2815130646435,78.4480110759827,80.9291750155012,57.7126442523596,55.4407579903692,52.7079148302641,104.362952870666,67.403974181009,92.5879108659611,88.9822920744052,47.3471213234282,95.3603306355246,99.3460566362805,100.236326186789,95.9588367235376,96.7551978877169,96.4229981939439,96.5821447538719,102.830370717395,103.937182546869,114.220246377109,103.371064282607,111.824903700485,103.311911077801,104.592867893118,60.7781212161327,59.2450061100504,61.5186842328316,62.5310750492053,64.3738208295462,62.7715751855607,60.3803697593886,59.3954561263297,59.6644129052751,58.9711050476417,59.5086016960103,61.0262284653443,119.964932697722,63.1271196507323,67.2248933027052,114.297380403922,116.030683506336,113.54962309193,108.870660650913,99.8569474172315,98.2948435081873,103.279249109416,101.830512996827,98.7942164923387,73.8464943667258,81.640191280025,82.8117088568828,57.9202022150673,65.0069521478747,42.3271706412034
67.3321537479323,66.4568112128507,67.3730012400773,67.2627424953224,66.7438852049972,67.2307402202639,67.0064528859471,64.609494209963,30.1392593641125,0,112.041761445505,45.9243782399837,45.7177581065226,44.954752714924,86.4441144479395,90.4709519292065,74.8781849843044,81.697248215263,78.1655312833002,74.8319363677092,64.0714994917277,68.0905314548607,66.0077548937419,90.4297909838314,138.988173753602,150.923467768666,81.5906030034175,81.7805067874414,84.4392790842709,60.9647606737503,58.7221966780907,55.6333947208863,107.821161435028,70.973183760344,96.0495769999739,92.445311221195,51.1870120082128,98.7885647445079,102.774953597522,103.664721293589,99.3824177853923,100.178550882525,99.8457604874254,100.004740347306,106.254208104685,107.362669554506,117.644548306781,106.795853979048,115.249341463818,106.736395898858,108.019109974783,64.4314125451241,62.8960961102831,65.1667507351615,66.1952052645695,67.9979180906577,66.3991679523161,64.0131905787619,62.9128647927291,63.2643080728709,62.564367127813,63.1071717641127,64.6175685724236,123.689565471526,66.6250163674643,70.6056766677311,117.733202481284,119.467365632787,116.985934706134,112.306451912698,103.276903390927,101.714899393851,106.701678014884,105.253207024915,102.211693530248,77.2807196496436,85.0670508607174,86.2354716233484,61.4048409216394,68.5564830054558,46.7071870652523
94.473767359741,94.5535119758504,94.1688424193555,95.6343597610328,95.9960010819131,93.6722002333208,93.0775020778981,92.0635115431496,108.621557594642,112.041761445505,0,105.845644635209,106.361131087146,110.79787322171,87.0188048292934,87.3372407099178,107.533798481518,114.247194249588,111.212098831563,107.000086705029,87.8449780429098,89.9254385445641,88.7358309920842,96.9338782388228,113.033705987009,120.405750421347,96.8146049536791,94.9991039884071,89.787592720022,102.264387361638,99.444795523831,103.672396339033,85.3655413861933,90.0997786999599,93.1330225507077,90.9087855464784,107.983941601954,52.292057907376,56.4033519906534,54.7592222188249,53.5316828841347,52.849587498896,53.8419145629129,52.5235761135392,47.3755826022653,51.0251023670034,55.6527213149035,49.9547563605924,51.8228243982763,48.3827213165374,52.2289738140575,92.629933974113,90.8991215955262,92.7791795354465,95.5400153574609,92.7310627906265,91.6804317782998,89.9701389496415,85.6695315112228,87.0770804311747,85.9671258577395,87.2373076080556,88.3314577577091,160.579861484859,93.2034684926153,95.3133764662538,71.3103744314523,73.9999592339426,71.2363527692986,66.1303178302303,48.3855312549681,48.3837335878667,46.9050131605126,47.3523565976166,50.3591514539536,96.3115284090373,102.078771612312,77.7029234081203,82.217661937575,89.073504117514,102.557235973266
60.3587889588803,59.5138692132153,60.5187554482398,60.1870131032869,59.7005183453118,60.4869979451784,60.3636384241073,57.89700316303,41.8692699721732,45.9243782399837,105.845644635209,0,19.9822111458537,34.253169247131,79.8679970499278,84.0079927474386,65.7117409415494,72.4737402972927,68.8668062805975,65.7254487541743,56.4642758317674,60.6238378299638,58.4989433512848,84.665677255537,132.514530797559,144.496111432247,76.1458629105607,76.2156943473342,77.655055679977,56.8810326180026,54.5174186648715,52.8802683528457,101.376224345466,63.7115961484208,89.6328716889934,86.0246605791373,30.1257049263912,92.5421146426836,96.524018396866,97.4165819590137,93.1671379821156,93.964420370389,93.6357775346198,93.7955118027686,100.035206434639,101.132947833802,111.422216807577,100.570730233859,109.025996543324,100.513148423611,101.78438870241,56.105060126022,54.6228346066377,56.9146747535723,57.7066459846167,60.0736571693892,58.4418455202071,55.9939793458344,56.3485932374841,55.7501523447217,55.1286218914191,55.634772060324,57.2282201745324,113.258365265452,60.4059853461821,65.0354075469002,111.434297571056,113.162672566307,110.683766600766,106.007819240845,97.0835156712899,95.5210588087608,100.491862933473,99.0418164446957,96.0343526696795,71.2748583857876,79.0711108225199,80.0599355374081,55.0648584206838,61.5717206809165,43.2759287742681
60.86943459879,60.0166963284477,61.0219316531022,60.6988546990623,60.2037257072996,60.9838711008047,60.8553869608144,58.3865988187337,41.3316132092102,45.7177581065226,106.361131087146,19.9822111458537,0,32.895908672207,80.3927891580405,84.5282227597121,66.4711124002431,73.247994677454,69.6473961963775,66.4813773333576,57.0489654952167,61.1993430120413,59.0763910893385,85.1604222351136,133.040703404303,145.020357981185,76.633258390046,76.7039356014189,78.1909565535032,57.240340948782,54.8738757655321,53.2637176537762,101.90043135951,64.2731040469479,90.1508053536129,86.542224862797,33.6720163840273,93.0591386247344,97.0412145971418,97.9337302599311,93.6829966031533,94.4802737563384,94.1514569409216,94.3111990915308,100.551404002933,101.649513436975,111.93856064727,101.087131145848,109.542388611287,101.029495708761,102.301135486731,56.7640678931734,55.274869279094,57.5662510170336,58.3823725923591,60.6931498074495,59.0635150888341,56.620992781487,56.8481898167563,56.3247411347806,55.6966772841508,56.2038847975301,57.7906561510155,114.220622653014,60.8723422100973,65.4944139363073,111.953446971808,113.682041284339,111.203036499481,106.526951833084,97.5987940188575,96.036332598809,101.007741679211,99.5577341525447,96.5490869100726,71.75595554665,79.5556303077714,80.5702762148573,55.5569593505525,62.1073864722189,43.0349409829361
65.6462481587634,64.7860133448004,65.7540430119639,65.5174781231268,65.0143999943084,65.6741134607,65.5069611886323,63.0688503646554,40.5526144945496,44.954752714924,110.79787322171,34.253169247131,32.895908672207,0,84.9884552739226,89.0783143655136,72.0110634862243,78.8024802541659,75.2297466234845,71.9981318017396,62.0426582951767,66.1398003796689,64.0333528651908,89.4269761703624,137.589942211069,149.550970738886,80.7662782207487,80.8892049541691,82.8679712420348,60.9482437386539,58.6328094116003,56.4462283992019,106.438839251277,69.1362047754881,94.6826871555418,91.0762023824705,43.0238162947948,97.5166720589684,101.500566183889,102.391890576011,98.1278643500724,98.9246374935254,98.5941540537704,98.7535542127182,104.997587996539,106.100085873074,116.386076404411,105.535828022308,113.990306054904,105.477413920185,106.753745240793,62.0131599839906,60.5059867832726,62.788783171162,63.6891793730941,65.7980102888658,64.180911534902,61.7610438474546,61.4608057469911,61.2858421748041,60.6290757945281,61.1509997924559,62.7072474705688,120.164222850298,65.3649671582764,69.7146041535825,116.432137751985,118.163081571474,115.683054900034,111.005538380655,102.034532094517,100.472275925065,105.450168378969,104.000820686602,100.97824993837,76.1435588559154,83.9353494057141,85.0030256119541,60.0797619526435,66.8715148035725,46.7351399316556
65.9788236847988,66.2838938709565,65.7410817064124,67.2860413548496,67.842065644016,65.3213816119318,64.8111252731654,63.9512391427316,82.9601117248436,86.4441144479395,87.0188048292934,79.8679970499278,80.3927891580405,84.9884552739226,0,47.916368865492,79.0603261743371,85.7489951228722,82.7767276794763,78.4625679723529,58.0895280733542,59.7762055729024,58.7585160713143,79.8719744419555,110.350193734093,122.576556467536,77.8132113291758,76.1200187656276,52.5292148418855,77.3140054774681,74.4272829409015,78.8573954673127,77.1871816721592,59.2548553840904,58.7901879689674,55.8967760052721,81.8572274117834,72.5005141077885,76.4149964498688,77.4316568934787,73.658912795807,74.51812792291,74.2431262767382,74.4545555667789,80.687484552857,81.5761341879633,92.0461085721789,81.0956298446196,89.6458839507812,81.0871769368893,82.1416860873622,63.6128650332969,61.8574787140704,63.6868069095293,66.6709843036437,63.2783003221491,62.2817758313665,60.6562244410591,56.8498938588643,57.308652552711,56.1111055732724,57.5470626880484,58.5681207309385,132.547639730042,65.8411838944508,70.9064460452978,90.8216271439986,92.4684788690496,90.0197815264257,85.3882100954986,78.2033443155039,76.6131253816108,81.3201470655426,79.8230515807639,77.4920840743068,70.8169761116183,77.3368242604444,61.5624211350028,53.8867001267499,58.5911254492603,76.7268679633946
70.6713288159667,70.9159633981766,70.3808685673214,71.9709707937931,72.470948253298,69.9060780525382,69.3392684955507,68.4807193454254,87.0032617952629,90.4709519292065,87.3372407099178,84.0079927474386,84.5282227597121,89.0783143655136,47.916368865492,0,84.0150562649004,90.7185688622053,87.7208189075415,83.4441825270468,63.4724223373774,65.3309970329379,64.2188505415556,81.2886054677969,113.208969342642,124.941854157314,80.0933737098376,78.2529504115684,62.0075641556373,81.1095719020402,78.2327257571613,82.6630673129523,79.5946239833701,65.0773206731912,46.0449505852406,46.335977039956,86.0427142445672,72.9081244824847,76.8681697479113,77.9198475333629,73.7892672198002,74.6794297228708,74.3484757340558,74.5921696999736,81.0618112793565,82.0114025579146,92.4720308035329,81.4976737788308,90.0912824923429,81.4896791825107,82.6153506000278,68.7800632055667,67.029879887794,68.8902477287761,71.7725938386206,68.6731796450776,67.6318640582948,65.956819071807,61.416908596911,62.6308650789112,61.4305716478177,62.8023143227896,63.8133491793671,137.358752803279,70.0531555573693,74.3329009852105,91.8663193191511,93.5668350524405,91.0919546889034,86.4245050836184,78.3955421782518,76.7879049468407,81.6390622584921,80.1354631985972,77.6086099213532,74.1446927544301,80.3643977135244,59.2685278334734,58.1008861349698,63.8666517186932,80.7998615803853
59.5003469647655,59.3297057570447,60.3649150191642,59.2099351504241,59.4910410189334,60.9506712584447,61.3577871513565,58.9406892611375,71.1812750157008,74.8781849843044,107.533798481518,65.7117409415494,66.4711124002431,72.0110634862243,79.0603261743371,84.0150562649004,0,38.2101409239374,27.5106135445773,27.3466951255144,47.5622274533037,52.8202731963229,50.4755209301239,89.527002475597,132.17169520894,144.498837585111,83.0569198503724,82.3996858222827,75.2013508539129,71.1990248729299,68.4126318748354,71.2477155535994,101.286619478677,57.6383822403761,89.9910414835031,86.3772877971604,66.5064636572815,93.8791757244426,97.8283539524946,98.738809109751,94.7301726446926,95.5342482853021,95.2364198829258,95.4001616935921,101.563129106184,102.584422764489,112.925092225277,102.055274140896,110.521095542541,102.010631855279,103.19981721153,36.8095041234172,36.3795569604475,38.7512440649797,35.557136295883,46.4211118987795,44.5079259058116,41.3379854833036,56.9701444162914,48.1430830730408,48.2973616042803,48.7191617107344,51.0784648405261,94.3572079085099,63.9284242072233,71.6879134019592,112.383573920584,114.069785708303,111.60941120296,106.959363065242,98.7956312663541,97.2307388183041,102.085432358024,100.624760829086,97.8605000075143,75.1072537683618,82.8665138553881,82.0582010442624,56.8721750048865,58.4660704654368,65.4094720504151
66.408964838958,66.2578207521965,67.259330970837,66.1556270855779,66.4545107251815,67.8326424446707,68.2286615425623,65.8397130103908,78.0033907434144,81.697248215263,114.247194249588,72.4737402972927,73.247994677454,78.8024802541659,85.7489951228722,90.7185688622053,38.2101409239374,0,32.5200741764712,27.1442549814595,54.1477518699099,59.3903471646511,57.0717489156488,96.3055970054814,138.840092585879,151.175594521231,89.8567363910994,89.1947524194027,81.8448656671804,78.0639393633439,75.2796094484069,78.0977098339842,107.965205112301,64.235431526765,96.7026578399522,93.090870006711,73.2258137163426,100.586443670043,104.534911552544,105.445518593554,101.442200837537,102.246276963813,101.949165493421,102.112856821913,108.273663902864,109.293460775473,119.635013759124,108.764986054953,117.230812803492,108.720555442279,109.908112087556,42.285121975,42.2249118196585,44.2371174859637,41.4641118438156,52.3996682790908,50.5255120909297,47.3313514180494,63.7861135788492,54.8282318653471,55.0027520907908,55.4575095873257,57.827429134884,92.1396087273138,70.7860653086957,78.5175142804245,119.081924838749,120.767224442895,118.307264397261,113.657790683908,105.509912232971,103.945045586863,108.797264903045,107.336442601556,104.576969416553,81.9113107871967,89.6639643575903,88.7916301798249,63.6723370586989,65.2080406332046,72.2849949866029
63.2741687256054,63.0933363298274,64.1210672545019,62.9939283928388,63.2616420751905,64.6916733463159,65.0859507365673,62.6734605132972,74.4659441427326,78.1655312833002,111.212098831563,68.8668062805975,69.6473961963775,75.2297466234845,82.7767276794763,87.7208189075415,27.5106135445773,32.5200741764712,0,26.0096027346402,51.4089460244411,56.637749488347,54.3067448990338,93.1659122250158,135.873724068725,148.197031477577,86.6652367254168,86.0193889809459,78.9348936595978,74.6898455299987,71.9103686074766,74.6737891250355,104.987021742513,61.4287133879088,93.6926910156739,90.0795720672422,69.5852135654646,97.5620387202486,101.511604056923,102.42178207775,98.4103215772692,99.2142765529864,98.9160964479184,99.0797532418887,105.243493253408,106.265735691225,116.605733549986,105.73618390943,114.201819100462,105.691369600486,106.881567223842,40.4856496049604,40.1750663690342,42.403090100747,39.4706109362334,50.1527921608187,48.2613003391891,45.0996524961124,60.6935462839446,51.9955249738965,52.1396854645202,52.5739430384511,54.920109469234,92.8238788057033,67.606029961086,75.3053228941868,116.070882602188,117.757593520237,115.297003443254,110.646652658079,102.473747092503,100.908904822482,105.76498514738,104.304461132704,101.537187624185,78.7692099143839,86.5277938157112,85.7363016669925,60.5697738408933,62.2426329770847,68.7667162129835
59.0996408819021,58.9609721090928,59.9644858947068,58.8423263314321,59.1564366585916,60.550182925943,60.9566246959542,58.5674834584302,71.140849071537,74.8319363677092,107.000086705029,65.7254487541743,66.4813773333576,71.9981318017396,78.4625679723529,83.4441825270468,27.3466951255144,27.1442549814595,26.0096027346402,0,46.7204278957333,51.9900752083784,49.661574139,89.1043597199439,131.564644472091,143.904868247245,82.6871715105722,82.0138297708273,74.5362188410051,71.0135068229137,68.2229555061376,71.1061594038338,100.692622641458,56.8656893096032,89.4332389739944,85.8211127268802,66.5441430303723,93.3342175172731,97.2822260678576,98.1931151071331,94.1931663124205,94.997356547227,94.7006718544191,94.8644368827831,101.024229447514,102.042932673539,112.385236653242,101.514927651596,109.980931104737,101.470687474269,102.657073115993,34.8126680491105,34.6857990269222,36.8273542297039,33.637244392331,45.0054941254836,43.1092402079674,39.8979786641578,56.5105702678929,47.4103162901807,47.5977864311425,48.0454360467277,50.4296974503615,90.7080534823977,63.5595067166494,71.3434754880847,111.824324255503,113.509032155438,111.04933034619,106.400218205912,98.2630956713925,96.6981850162205,101.548768029818,100.087786476045,97.3317907101546,74.6918680429091,82.4442484600226,81.5473705673021,56.418813605808,57.8716148257273,65.3605622462021
41.3334354747217,41.7824223848426,42.1581821839896,41.753875188027,42.6240432533579,42.7231528708582,43.1140010563144,41.2510873877288,60.4662072258406,64.0714994917277,87.8449780429098,56.4642758317674,57.0489654952167,62.0426582951767,58.0895280733542,63.4724223373774,47.5622274533037,54.1477518699099,51.4089460244411,46.7204278957333,0,22.5461028355032,17.2069969701591,71.4050974433776,111.578419135389,124.055766249382,65.8600652164188,64.9031479982321,53.3912129901169,57.3299258093624,54.4482937636282,58.3497763489931,80.7790144849021,31.7128488478329,69.629120037369,66.0128726064654,58.0266176858418,74.0290050339845,77.9634070490097,78.8825212735386,74.9825725275376,75.7899882220216,75.5060597453372,75.671847880622,81.800965032969,82.7874634552674,93.1517593500662,82.2733151396686,90.744325317289,82.2346424741114,83.3865284343509,30.0371464349478,28.0791222805818,29.9049479669044,33.6289218227257,29.2293825799379,27.6469830098834,25.9328968100269,37.5814879172758,19.446233945637,21.4444289395511,23.2299467064512,26.4407584659912,102.570297415153,46.3620056671307,54.7701389163249,92.3602168360086,94.027485982955,91.5753901824646,86.9369326183628,79.1171680654704,77.5510686356836,82.3531309213459,80.8875256192904,78.2341791840507,56.8402924719602,64.5138388303068,62.5246799613608,37.7345740609269,35.9408408088267,54.1705089538232
45.2538151399999,45.7531650623803,45.8990831433347,45.9099248291415,46.7781448223728,46.3128846195302,46.5769303234904,44.9284787316688,64.500128562315,68.0905314548607,89.9254385445641,60.6238378299638,61.1993430120413,66.1398003796689,59.7762055729024,65.3309970329379,52.8202731963229,59.3903471646511,56.637749488347,51.9900752083784,22.5461028355032,0,17.9517892482441,74.089311223119,113.297998964561,125.837626349632,68.7941183730553,67.7703488711228,54.6375428521099,61.0061662205254,58.1178886433276,62.1239205845937,82.5476031928805,29.4068096641655,71.5675009775763,67.9620142704532,62.2448685671021,76.0517553847029,79.9802786882454,80.9018368391525,77.0455432159134,77.8536467662125,77.5754689207089,77.7414687904221,83.8549537680054,84.8283231309515,95.2010074623381,84.3199479713045,92.7920544922641,84.2833494228293,85.4210675044183,35.4691007692212,33.585076904093,35.2856348883469,39.0731834832647,33.9364330502164,32.7253239958123,31.28764208308,40.5455481382381,25.1692138618909,25.5012208730006,28.1179147976997,30.5221454566137,107.594211857573,49.6648190925378,57.9170550128383,94.3121079320846,95.9718773030824,93.5231124125086,88.889300322673,81.2033580743742,79.6371256626802,84.4184417067579,82.951222242143,80.3398724875015,59.6880791936861,67.3047712265931,64.7327068275098,40.5053644746673,38.2017973207755,58.2000267680103
43.0364508116428,43.5406751143088,43.7601303218279,43.6224681652473,44.513033542271,44.2434782290184,44.5680247245268,42.8420914938284,62.4119723533274,66.0077548937419,88.7358309920842,58.4989433512848,59.0763910893385,64.0333528651908,58.7585160713143,64.2188505415556,50.4755209301239,57.0717489156488,54.3067448990338,49.661574139,17.2069969701591,17.9517892482441,0,72.5476835485653,112.340016972961,124.837941031724,67.1348066629379,66.1393111421805,53.9069054263144,59.0312488281897,56.1439799026142,60.1218699271537,81.546361885829,30.5170403560605,70.4074443969989,66.7912914324267,60.1035070318612,74.8956074971388,78.8278495972564,79.7483644471392,75.8642895605155,76.6722573464271,76.3903558564504,76.556498925108,82.6808591511907,83.6622061228318,94.0300545307912,83.1502666231553,91.6221356244873,83.1124966152546,84.2588715058242,33.1980459656737,31.2833094197325,33.0735013774238,36.7344941042208,32.1957090066203,30.8074230295742,29.202106822714,38.7325008377481,20.9368466590238,22.0045838360513,24.7850856548076,27.5627477696936,105.309515962465,47.7656403116291,56.1323336504966,93.201944729243,94.8664666608963,92.4155604522571,87.7787732246709,80.0094186164225,78.4431164213226,83.2374420780387,81.7710830968321,79.1342002195581,58.0178448121182,65.6678348098309,63.4415597660083,38.8233773911909,36.4908153147438,56.1068764115285
75.3435895400875,75.1790398139584,74.8369743227709,76.4675921730018,76.6050344515825,74.1309057248068,73.3219355773993,72.2884549674398,87.0665233019626,90.4297909838314,96.9338782388228,84.665677255537,85.1604222351136,89.4269761703624,79.8719744419555,81.2886054677969,89.527002475597,96.3055970054814,93.1659122250158,89.1043597199439,71.4050974433776,74.089311223119,72.5476835485653,0,128.976223498239,140.053405053979,63.6311816589438,57.8791998354739,81.3965056541974,79.6218959607734,76.8168069088381,81.2191173462368,97.3529059831686,75.0536023121151,85.8069941727866,82.4322185776157,86.9785396310431,84.5040420378005,88.5765629196629,89.4294425421014,84.4990983574843,85.2868852436604,84.8656827837323,85.0239798052956,91.5177854231525,92.8158469480281,102.979251839488,92.1651826779234,100.606977340603,92.0765651250443,93.5640221273639,75.4858915491024,73.7701102657656,75.7898058782199,78.1220666156989,76.5795959645411,75.3096233407972,73.3793585590008,66.1890377244231,70.3498249582758,69.2000607348802,70.2449444303058,71.2820250888556,142.01482893593,72.1164175829883,69.8418781503116,104.468067977259,106.309566017543,103.780688686217,99.034900652423,88.0656167960416,86.5022754979728,91.8010617543232,90.3743081911878,86.7093333066171,71.1259302980282,75.3077640591748,68.6701914210398,61.6780459192674,72.0556447176913,81.0754400435718
119.901626458266,120.099851169332,119.717690932562,121.057407692167,121.534898726943,119.341944999756,118.866227118974,117.838051120876,135.526977475679,138.988173753602,113.033705987009,132.514530797559,133.040703404303,137.589942211069,110.350193734093,113.208969342642,132.17169520894,138.840092585879,135.873724068725,131.564644472091,111.578419135389,113.297998964561,112.340016972961,128.976223498239,0,85.363230322204,127.749811380259,126.037962187181,109.863948236887,129.74124324202,126.891354927721,131.160671124533,95.8016594676988,113.07580984394,120.166134320886,117.850280231515,134.541017753556,95.9898736178417,99.2080693456035,99.6513746571729,101.288006861682,101.817527121395,102.305476952955,102.172556969485,105.153674031703,104.887394671235,115.69468494956,105.000522445926,112.984133532184,105.038416419347,104.770545186059,116.704740795563,114.968409679548,116.747657672053,119.798836988521,116.108401068236,115.226462138071,113.674059737381,111.41005683123,111.054627059557,110.008921541403,111.404792937608,112.570685510211,185.570613175174,119.619137793504,123.397466414024,102.591775497852,103.120058498451,101.284568664313,97.4451703355493,105.850847668338,104.442551971897,106.819382439948,105.35226081101,106.627261972981,124.111420381456,130.324940648006,110.006407310967,108.514937147276,113.557936299576,129.381559571879
132.071433704744,132.251057748138,131.864884846636,133.231410831262,133.69018934947,131.46671233244,130.969063350026,129.947214423939,147.468897277803,150.923467768666,120.405750421347,144.496111432247,145.020357981185,149.550970738886,122.576556467536,124.941854157314,144.498837585111,151.175594521231,148.197031477577,143.904868247245,124.055766249382,125.837626349632,124.837941031724,140.053405053979,85.363230322204,0,139.035718666024,137.298356246672,122.845390356775,141.585393637988,138.739809717906,143.006591579414,108.07215981964,125.678024586465,131.741533915089,129.472236455113,146.54134489097,103.247882747004,106.337618253685,106.529986615968,109.264028330113,109.70098301759,110.339967692535,110.116590151931,112.299526225155,111.80836388312,122.619736150961,112.048872669938,119.81727101322,112.075950202917,111.539920737013,129.131124413039,127.395330167215,129.193396614976,132.192121607917,128.663040685338,127.748897604185,126.167157853233,123.510235046766,123.483731966994,122.423573534099,123.798229849922,124.948496168886,197.837871928821,131.616445827189,135.12681580033,106.114119252215,106.216519732622,104.697835286303,101.214002078755,113.653892333429,112.295336611856,114.173561304613,112.731748686072,114.698014811935,135.863457124523,141.999728779886,120.782792904801,120.512631780824,125.873099004167,141.335406560413
69.0278179066854,68.6965858909546,68.5098350535357,70.0130505018035,70.0050896351252,67.7923297479342,66.9738524464389,65.7633073562743,78.2815130646435,81.5906030034175,96.8146049536791,76.1458629105607,76.633258390046,80.7662782207487,77.8132113291758,80.0933737098376,83.0569198503724,89.8567363910994,86.6652367254168,82.6871715105722,65.8600652164188,68.7941183730553,67.1348066629379,63.6311816589438,127.749811380259,139.035718666024,0,40.1921142973266,78.3005273140217,70.1757435984096,67.4323744462551,71.6911646247882,96.3011467391349,70.1188647103834,85.016686424131,81.5819434888902,78.5828079860641,84.3057664933123,88.357838425671,89.2040373355959,84.4387263609538,85.2171492741705,84.8227652844172,84.970126580357,91.362844736392,92.628982654276,102.801821930413,91.9946425480945,100.421334973314,91.9074354900432,93.3587405143711,69.4614786084505,67.7624930794038,69.8305084170944,71.9735581958004,70.9466817956094,69.610488205768,67.6008830564311,60.3937773652556,64.7848391053293,63.6808001243035,64.6245199025383,65.7053673046015,135.185610111034,65.2519737085795,59.813310770446,104.007681169551,105.825807430587,103.307965908474,98.5774038007032,88.006958730929,86.4512868652455,91.6750897569595,90.2498387588192,86.7021539269627,66.2154025780409,71.7386184965416,70.7142279827954,56.1841585351831,66.9031523845909,72.4374560714682
68.2027167092689,67.9220081048076,67.6713804094332,69.2453581558906,69.2818148345252,66.9391656357197,66.1039219723802,64.968581857008,78.4480110759827,81.7805067874414,94.9991039884071,76.2156943473342,76.7039356014189,80.8892049541691,76.1200187656276,78.2529504115684,82.3996858222827,89.1947524194027,86.0193889809459,82.0138297708273,64.9031479982321,67.7703488711228,66.1393111421805,57.8791998354739,126.037962187181,137.298356246672,40.1921142973266,0,76.8112230335883,70.5298332050704,67.7491054098701,72.1499483714195,94.5475240606061,68.9978359552142,83.0920494574904,79.6528903938303,78.6067723492089,82.4741778510306,86.5284685083307,87.3787622067797,82.5933246801826,83.3751689805953,82.976715808569,83.1275988690673,89.540243050273,90.8070860717471,100.982839064672,90.1717286157606,98.6038285496114,90.0855314523557,91.5381397294326,68.6622886377771,66.9569166862016,69.0124867458583,71.2114807336795,70.037612398135,68.7174611914082,66.7290152493031,59.321250299432,63.8212321533502,62.6973757444655,63.6682161020213,64.7286167027359,134.654544362133,64.4580618242527,59.5433475827989,102.209404346506,104.029679938494,101.510651858552,96.7784998411969,86.1775074145904,84.6194897012674,89.8514628010789,88.4246541257925,84.8710088902047,64.1929795446929,69.1690601994113,68.3417136198178,54.9096394165199,65.7685503536841,72.5252944204436
63.2038737952045,63.5827100145453,63.1211764435398,64.435156561151,65.0736285090565,62.8547164785274,62.4937803941288,61.5284122293307,80.9291750155012,84.4392790842709,89.787592720022,77.655055679977,78.1909565535032,82.8679712420348,52.5292148418855,62.0075641556373,75.2013508539129,81.8448656671804,78.9348936595978,74.5362188410051,53.3912129901169,54.6375428521099,53.9069054263144,81.3965056541974,109.863948236887,122.845390356775,78.3005273140217,76.8112230335883,0,75.7705463469724,72.878404350819,77.2375427810936,78.5905512742895,53.5220088523526,69.854698733031,66.6380207454326,79.5585099380824,75.2396493729753,79.1069457553609,80.0699115817067,76.6669652636057,77.4890306575416,77.2705586826222,77.4446068759407,83.4162217511088,84.2461447129,94.7169909441736,83.7994257999126,92.2943347106903,83.7877307288177,84.7719788675577,59.2489778679806,57.4906294149329,59.2225969292536,62.4786809138161,58.2512234974739,57.4121170139376,55.9394621415782,54.7601188157445,52.9118479315474,51.8136046333521,53.3873763573735,54.5242669851613,128.975653598133,64.0608643451337,70.1280264337129,92.8207763019018,94.4059732712036,91.9888667431333,87.3998743292404,81.1122864327346,79.5418813467563,84.102907171825,82.615341530225,80.4674415883994,70.4732826834856,77.3699873839897,66.5296651365444,52.5735461752631,55.1291266001179,74.670472468822
