0.0212036 0.785187 0.189035 0.00457403
9.999E-05 0.827206 0.117506 0.0551878
9.999E-05 0.707652 0.244662 0.0475855
0.00657852 0.965765 0.0218415 0.00581494
0.0108646 0.815602 0.172442 0.00109104
0.0423833 0.930559 9.9991E-05 0.0269578
0.0314994 0.916235 0.0521655 9.9991E-05
0.000940905 0.891799 0.0470176 0.0602429
0.0569164 0.67954 0.256319 0.00722403
0.023307 0.653148 0.290673 0.0328717
0.187276 0.62327 0.126072 0.0633816
0.0710001 0.551608 0.348384 0.0290081
0.329068 0.513624 0.111654 0.045654
0.110224 0.562917 0.326759 9.9991E-05
0.0308644 0.563342 0.36286 0.0429335
0.000161712 0.800704 0.182744 0.0163906
0.00056385 0.672992 0.318037 0.00840668
9.9991E-05 0.847369 0.11594 0.036591
0.187043 0.151657 0.589711 0.0715888
0.0410218 0.210475 0.748403 9.9991E-05
0.0123003 0.208128 0.764583 0.0149881
0.0601099 0.0599079 0.863979 0.0160035
0.039039 9.9991E-05 0.915801 0.0450601
9.9991E-05 0.107703 0.85402 0.0381768
0.0020863 0.220752 0.777061 9.9991E-05
9.9991E-05 0.0659702 0.926649 0.00728109
0.0506739 9.9991E-05 0.917828 0.031398
0.0540933 9.9991E-05 0.913509 0.0322977
9.998E-05 9.998E-05 0.9997 9.998E-05
0.068758 0.04129 0.889852 9.9991E-05
0.0384715 9.9991E-05 0.956491 0.00493714
0.0477232 9.9991E-05 0.920583 0.031594
0.0234662 0.0119755 0.890048 0.0745103
0.0188101 0.628375 0.286972 0.0658431
9.9982E-05 0.707696 0.292104 9.9982E-05
0.0819586 0.73881 0.179132 9.9991E-05
0.0242212 0.810026 0.129316 0.0364364
0.114001 0.712817 0.135565 0.0376183
9.998E-05 9.998E-05 9.998E-05 0.9997
0.0570844 0.0693203 0.836574 0.0370217
0.109117 0.670474 0.204708 0.0157013
9.9982E-05 0.761395 0.238405 9.9982E-05
0.215408 0.434884 0.349608 9.9991E-05
0.304652 0.44396 0.174358 0.0770302
0.301147 0.567495 0.0857007 0.0456574
9.998E-05 9.998E-05 9.998E-05 0.9997
0.0919082 0.59743 0.221088 0.0895733
0.21849 0.616696 0.164714 9.9991E-05
0.120771 0.412655 0.423505 0.0430687
0.82249 0.13785 9.9991E-05 0.0395603
0.874273 0.0769812 0.00986231 0.0388833
0.839654 0.111894 0.0312103 0.0172414
0.785597 0.161113 9.9991E-05 0.0531902
0.863449 9.9991E-05 0.0918621 0.0445891
0.912945 9.9982E-05 0.0868554 9.9982E-05
0.763615 0.236185 9.9982E-05 9.9982E-05
0.902208 0.0629819 0.0192224 0.0155873
0.883736 9.9991E-05 0.0817918 0.0343725
0.84176 0.117354 9.9991E-05 0.0407856
0.680737 0.272836 9.9991E-05 0.0463264
0.911662 9.9982E-05 0.0881376 9.9982E-05
0.789083 0.0256866 0.185131 9.9991E-05
0.518666 0.351743 0.0380306 0.0915601
0.0199158 0.125851 0.823235 0.0309989
0.0431114 0.149925 0.759888 0.0470765
9.9991E-05 0.0528103 0.913877 0.0332123
0.739713 0.190973 0.0632308 0.00608301
0.676563 0.234196 9.9991E-05 0.0891408
0.78735 0.142202 0.0388825 0.031565
0.831181 0.0839003 0.0366733 0.0482451
0.843721 0.0833136 9.9991E-05 0.0728657
0.377707 0.622093 9.9982E-05 9.9982E-05
0.3322 0.599603 0.0501716 0.0180249
0.34457 0.590315 0.0577035 0.00741176
0.325448 0.5442 0.0782253 0.0521263
0.266267 0.506669 0.188251 0.0388119
0.329474 0.552873 0.0609512 0.0567019
0.232096 0.589722 0.129767 0.0484148
0.771488 0.228312 9.9982E-05 9.9982E-05
0.546424 0.331737 9.9991E-05 0.121739
0.84712 0.0512177 0.0833971 0.0182649
0.833433 9.9991E-05 0.108948 0.0575189
0.758038 0.206555 9.9991E-05 0.0353066
0.0921069 0.121452 0.763322 0.0231189
0.476111 0.347373 0.176416 9.9991E-05
0.419693 0.580107 9.9982E-05 9.9982E-05
9.998E-05 9.998E-05 9.998E-05 0.9997
9.9991E-05 0.715355 0.277801 0.00674317
9.9991E-05 0.768369 0.204515 0.0270165
0.0538143 0.663084 0.233642 0.049459
0.13967 0.521622 0.293026 0.0456821
0.0303798 0.809116 0.160404 9.9991E-05
0.417897 0.525521 0.0504042 0.00617786
0.0635969 0.292549 0.620538 0.0233164
0.391847 0.487905 9.9991E-05 0.120148
0.140577 0.474224 0.358618 0.0265811
9.9991E-05 0.722297 0.272674 0.00492931
0.0176955 0.888415 0.0937899 9.9991E-05
0.00278792 0.758936 0.238176 9.9991E-05
0.102498 0.812922 0.065557 0.019023
0.028533 0.856441 0.0865257 0.0284998
9.9991E-05 0.833218 0.155663 0.0110191
0.449853 0.454343 0.0604586 0.035345
0.371603 0.406232 0.153377 0.0687876
0.365909 0.471123 0.069698 0.0932704
0.106912 0.617637 0.239013 0.0364385
0.23973 0.591378 0.168792 9.9991E-05
0.0190072 0.447602 0.53329 9.9991E-05
0.78172 0.179614 9.9991E-05 0.0385661
0.802026 0.0912371 0.0673638 0.0393734
0.360022 0.475291 0.164587 9.9991E-05
0.325172 0.436871 0.184028 0.0539285
0.277254 0.333234 0.324898 0.0646144
0.0223266 0.101723 0.87585 9.9991E-05
0.767942 0.0351277 0.151326 0.0456049
0.828518 0.14224 0.0291424 9.9991E-05
0.610112 0.389688 9.9982E-05 9.9982E-05
0.0479663 0.385492 0.508023 0.0585182
0.041161 0.564246 0.38832 0.00627354
0.0589633 0.858705 0.0548092 0.0275226
0.0657196 0.832939 0.0959816 0.00535993
9.9982E-05 0.511043 0.488757 9.9982E-05
9.9982E-05 0.785724 0.214076 9.9982E-05
9.9982E-05 0.851655 0.148145 9.9982E-05
0.0357387 0.939333 0.0200574 0.00487069
0.0276797 0.530866 0.441354 9.9991E-05
9.9982E-05 0.768805 0.230996 9.9982E-05
9.9991E-05 0.730914 0.229027 0.0399597
9.9991E-05 0.796912 0.193144 0.00984401
0.114229 0.536962 0.342665 0.00614388
0.0626135 0.84065 0.0618137 0.0349227
0.0430595 0.619395 0.324542 0.0130035
0.00556631 0.774881 0.213563 0.00598994
0.0371778 9.9991E-05 0.957142 0.00558011
9.9982E-05 0.0172949 0.982505 9.9982E-05
9.9982E-05 9.9982E-05 0.973811 0.025989
0.0498775 0.101482 0.847998 0.000642627
0.0508377 0.0589687 0.85321 0.0369838
0.0927008 0.847757 0.0412529 0.0182893
9.9991E-05 0.793973 0.168823 0.0371037
0.9997 9.998E-05 9.998E-05 9.998E-05
0.854014 0.0327896 0.0679468 0.0452501
0.911588 0.0714982 9.9991E-05 0.0168142
0.789979 0.0956074 0.114313 9.9991E-05
0.898544 0.0484506 9.9991E-05 0.0529051
0.848939 9.9991E-05 0.141134 0.00982712
0.939914 0.0186142 9.9991E-05 0.0413714
0.852372 9.9991E-05 0.132679 0.0148486
0.890209 9.9982E-05 0.109591 9.9982E-05
0.8918 0.00951013 0.0786698 0.0200199
0.879146 0.0748069 9.9991E-05 0.0459472
0.839142 0.0283838 0.0962823 0.0361923
0.827297 0.0908962 0.0587845 0.0230225
0.893442 9.9991E-05 0.0736216 0.0328359
0.900894 0.0908881 0.00583996 0.002378
0.920491 0.0533127 9.9991E-05 0.0260958
0.896615 9.9991E-05 0.0986333 0.00465157
0.389586 0.554132 0.0470934 0.00918856
0.242979 0.675645 0.0812759 9.9991E-05
0.951222 0.0485776 9.9982E-05 9.9982E-05
0.709474 0.273694 9.9991E-05 0.0167318
0.936469 9.9991E-05 0.0586754 0.00475577
0.377174 0.607646 0.0150806 9.9991E-05
9.9991E-05 0.915579 0.0603926 0.0239289
9.9991E-05 0.729314 0.239517 0.0310686
0.0363692 0.399129 0.564402 9.9991E-05
0.0203234 0.29406 0.683115 0.0025012
0.0253859 0.0490207 0.923216 0.00237779
0.059734 0.0438065 0.890952 0.00550723
9.9991E-05 0.151317 0.82882 0.0197633
0.00698468 0.131535 0.835814 0.0256658
0.0910378 0.0183993 0.845205 0.0453581
0.0514097 0.0343892 0.845159 0.0690423
0.0267785 0.781757 0.166124 0.0253402
0.0577975 0.766308 0.129929 0.0459648
0.0552655 0.909443 9.9991E-05 0.0351914
0.0217135 0.978087 9.9982E-05 9.9982E-05
9.9982E-05 0.980788 9.9982E-05 0.0190115
0.101482 0.886502 0.0119158 9.9991E-05
9.9991E-05 0.694126 0.283774 0.022
0.0918699 0.610104 0.288408 0.0096185
0.037763 0.778413 0.135714 0.0481099
0.0579676 0.62593 0.30162 0.014483
0.0388974 0.761767 0.164938 0.0343972
0.0900827 0.04229 0.71326 0.154368
0.814663 0.148459 0.0180827 0.0187954
0.853621 9.9991E-05 0.105677 0.0406018
0.931262 0.0333239 0.0233852 0.0120289
0.782187 0.195068 0.0053711 0.0173739
0.824141 0.0278847 0.119633 0.0283417
0.149096 0.528656 0.301065 0.0211822
9.9991E-05 0.645385 0.307809 0.046706
9.9991E-05 0.724932 0.200949 0.0740191
9.9991E-05 0.657029 0.279601 0.0632708
