0.00960439 0.0111777 0.705701 0.273517
9.999E-05 0.0372758 0.708058 0.254566
9.999E-05 0.0431843 0.588537 0.368179
0.0231698 9.9991E-05 0.863317 0.113413
9.999E-05 0.017293 0.806863 0.175744
0.0684398 9.9991E-05 0.802888 0.128572
0.0503225 9.9991E-05 0.717463 0.232114
9.999E-05 0.0503651 0.824975 0.12456
0.0691331 0.0247816 0.600676 0.305409
0.0260753 0.042604 0.59455 0.336771
0.160629 0.0727973 0.607052 0.159522
0.0635378 0.0225243 0.595633 0.318305
0.282158 0.0406824 0.510095 0.167064
0.0642075 0.0262695 0.596331 0.313192
0.0425617 0.0415423 0.54915 0.366746
0.0152157 0.022597 0.781942 0.180245
9.9982E-05 9.9982E-05 0.653216 0.346584
9.9991E-05 0.0291794 0.752928 0.217793
0.184735 0.0646717 0.124558 0.626035
0.015828 9.9991E-05 0.222669 0.761403
9.9991E-05 0.0179153 0.218397 0.763588
0.0545576 0.0149544 0.0393103 0.891178
9.9982E-05 0.0518197 9.9982E-05 0.94798
0.0317595 0.0488347 0.0769142 0.842492
9.9982E-05 9.9982E-05 0.202246 0.797554
9.9991E-05 0.00884404 0.00608532 0.984971
0.0699751 0.0423814 9.9991E-05 0.887543
0.0524845 0.0351621 9.9991E-05 0.912253
0.000925961 9.9982E-05 9.9982E-05 0.998874
0.11019 9.9982E-05 9.9982E-05 0.88961
0.0320594 0.0222113 9.9991E-05 0.945629
0.0404931 0.0406338 0.00314999 0.915723
9.9991E-05 0.0555876 0.0264601 0.917852
0.0234024 0.0705574 0.654078 0.251962
0.00164258 0.00040312 0.580026 0.417928
0.0672818 0.0123076 0.68545 0.23496
0.0176274 0.0295261 0.759527 0.19332
0.124914 0.000158284 0.62384 0.251088
9.998E-05 0.9997 9.998E-05 9.998E-05
0.101657 0.0359879 0.00133902 0.861016
0.0997509 9.9991E-05 0.553388 0.346761
9.9991E-05 0.0193896 0.702264 0.278247
0.183695 0.0212074 0.396596 0.398502
0.26311 0.0592441 0.53151 0.146135
0.241002 0.0233366 0.602728 0.132933
9.998E-05 0.9997 9.998E-05 9.998E-05
0.0661096 0.0609732 0.559167 0.31375
0.214675 9.9991E-05 0.546272 0.238953
0.127047 0.0284515 0.371429 0.473073
0.810236 0.014312 0.110575 0.0648771
0.857812 0.0330574 0.0801981 0.028932
0.833798 9.9991E-05 0.151048 0.0150535
0.780507 0.0499702 0.144973 0.0245495
0.840048 0.0713053 9.9991E-05 0.0885469
0.846309 9.9991E-05 0.0918068 0.0617843
0.701726 9.9982E-05 0.298074 9.9982E-05
0.814749 0.0342554 0.11903 0.031966
0.849091 0.0313551 9.9991E-05 0.119454
0.809752 0.0455539 0.144594 9.9991E-05
0.692921 0.0323634 0.274616 9.9991E-05
0.867527 9.9982E-05 9.9982E-05 0.132273
0.730438 0.0103947 0.217544 0.0416227
0.497705 0.0847893 0.335375 0.0821309
0.0410312 0.0146125 0.0874523 0.856904
0.0197509 0.0171034 0.0928388 0.870307
9.9991E-05 0.00158303 0.0596457 0.938671
0.71533 0.0189014 0.225243 0.0405256
0.63851 0.0589394 0.302451 9.9991E-05
0.786914 0.0186247 0.1148 0.0796617
0.813527 0.0769633 0.0661665 0.043343
0.829468 0.0593696 0.0514921 0.0596707
0.332015 0.010925 0.65696 9.9991E-05
0.29262 0.013118 0.595365 0.0988972
0.317151 0.0052325 0.645015 0.0326022
0.286121 0.0422845 0.548081 0.123513
0.241073 0.0402109 0.480037 0.238679
0.26171 0.0280901 0.573327 0.136873
0.234156 0.0193867 0.547161 0.199296
0.714146 9.9982E-05 0.285654 9.9982E-05
0.533819 0.105992 0.328622 0.031567
0.810552 0.0152445 0.0822538 0.0919496
0.824125 0.0435369 0.0600225 0.0723157
0.739377 0.0278135 0.232709 9.9991E-05
0.0628961 0.0231558 0.137542 0.776406
0.435716 9.9991E-05 0.36643 0.197754
0.384773 9.9991E-05 0.559945 0.0551815
9.998E-05 0.9997 9.998E-05 9.998E-05
9.9982E-05 9.9982E-05 0.676866 0.322934
9.9991E-05 0.0327506 0.703409 0.26374
9.9991E-05 0.0510222 0.665413 0.283465
0.13104 0.0382105 0.48076 0.34999
0.0196088 9.9991E-05 0.764426 0.215865
0.401815 0.00348117 0.489673 0.105031
0.0582518 0.0485266 0.222005 0.671217
0.353233 0.0954393 0.496964 0.0543636
0.152415 0.0449283 0.431112 0.371545
9.9982E-05 9.9982E-05 0.681668 0.318132
0.00224276 9.9991E-05 0.767896 0.229761
0.0294052 9.9991E-05 0.683674 0.286821
0.0550843 0.0396452 0.754774 0.150497
0.0295472 0.00196826 0.802802 0.165683
9.9991E-05 0.00405109 0.783015 0.212834
0.388998 0.0285611 0.478912 0.103528
0.330559 0.0792964 0.479007 0.111138
0.379772 0.0990043 0.426333 0.09489
0.113278 0.0140429 0.549194 0.323485
0.223177 9.9991E-05 0.574086 0.202637
0.0377696 9.9991E-05 0.411939 0.550192
0.773368 0.0325467 0.136116 0.0579694
0.748631 0.0194555 0.146342 0.0855714
0.339283 9.9991E-05 0.418036 0.242581
0.293886 0.0488878 0.43037 0.226856
0.287592 0.0381538 0.270473 0.403781
0.0431798 9.9991E-05 0.122909 0.833812
0.71321 0.0742304 0.132092 0.0804682
0.751176 9.9991E-05 0.170817 0.0779064
0.582436 9.9982E-05 0.417364 9.9982E-05
0.0332894 0.0646648 0.356946 0.5451
0.0198034 9.9991E-05 0.582806 0.39729
0.0211428 0.0495581 0.767297 0.162002
0.0902546 0.00246682 0.71112 0.196159
9.9982E-05 9.9982E-05 0.489349 0.510451
0.000220117 0.00370444 0.697393 0.298682
9.9982E-05 9.9982E-05 0.755032 0.244768
0.0376245 9.9991E-05 0.764938 0.197337
0.00864492 9.9991E-05 0.503591 0.487664
9.9991E-05 0.00714905 0.729861 0.26289
9.9991E-05 0.04237 0.640385 0.317145
9.9991E-05 0.00580409 0.776762 0.217334
0.0970181 0.0195092 0.547878 0.335595
0.0436283 0.0552056 0.756812 0.144354
0.0294417 0.00868701 0.651201 0.31067
9.9982E-05 9.9982E-05 0.764984 0.234816
0.0432448 9.9982E-05 9.9982E-05 0.956555
9.9982E-05 9.9982E-05 0.0525313 0.947269
9.9982E-05 0.0301785 9.9982E-05 0.969622
0.0931328 0.00636012 9.9991E-05 0.900407
0.0857235 0.0303966 0.00113417 0.882746
0.118992 0.015392 0.775721 0.089895
9.9991E-05 0.0292617 0.717171 0.253467
0.962852 9.9982E-05 0.0369478 9.9982E-05
0.829711 0.0376989 0.0754111 0.0571785
0.83915 0.00613853 0.154612 9.9991E-05
0.724445 9.9991E-05 0.182931 0.092524
0.859091 0.0251744 0.115634 9.9991E-05
0.825385 0.0124215 9.9991E-05 0.162093
0.913605 0.0356323 0.0506623 9.9991E-05
0.865954 0.0108643 0.0895555 0.0336265
0.845207 9.9991E-05 0.0459488 0.108744
0.873427 9.9991E-05 0.0391632 0.0873098
0.821019 0.0547711 0.12411 9.9991E-05
0.815491 0.0265447 0.0969275 0.0610365
0.76451 0.0260111 0.0852193 0.12426
0.869336 0.0329456 0.0182334 0.0794848
0.877798 0.00490592 0.117196 9.9991E-05
0.917083 0.0326656 0.0501515 9.9991E-05
0.839714 0.00662876 0.0551602 0.0984974
0.368278 0.00294067 0.502247 0.126534
0.233529 9.9991E-05 0.614472 0.151899
0.851478 9.9982E-05 0.148322 9.9982E-05
0.681933 0.0307373 0.231896 0.0554329
0.945042 9.9982E-05 9.9982E-05 0.0547579
0.326064 0.00597666 0.615504 0.0524551
9.99901E-05 0.00904451 0.826868 0.163988
9.9991E-05 0.0326549 0.638155 0.32909
0.033694 9.9991E-05 0.376201 0.590005
0.00229397 0.00726115 0.301857 0.688588
0.0584578 9.9991E-05 0.0117989 0.929643
0.0883398 9.9982E-05 9.9982E-05 0.91146
9.9991E-05 0.0322773 0.13394 0.833683
0.0314083 0.017797 0.0831915 0.867603
0.115698 0.0387553 0.0226396 0.822907
0.0893993 0.0616173 9.9991E-05 0.848883
0.0129243 0.023627 0.753971 0.209478
0.0664348 0.0502699 0.711646 0.171649
0.0257308 0.0483361 0.902101 0.0238316
0.0223728 9.9982E-05 0.977427 9.9982E-05
9.9991E-05 0.0192811 0.908099 0.0725201
0.0806589 9.9991E-05 0.811493 0.107748
0.0289868 0.0217879 0.645379 0.303846
0.0915398 0.011573 0.601241 0.295646
0.00241537 0.0625568 0.709725 0.225303
0.0530651 0.0210316 0.61898 0.306923
0.0440606 0.0468324 0.629239 0.279868
0.0720163 0.160969 0.0241492 0.742865
0.8207 0.0314023 0.0921804 0.0557174
0.825818 0.0338935 0.0372842 0.103004
0.875249 0.0267546 0.0691992 0.0287973
0.749441 0.0134801 0.236979 9.9991E-05
0.787892 0.0241208 0.121966 0.0660214
0.119298 0.0378521 0.43762 0.405231
0.0112959 0.0263756 0.494031 0.468298
9.9991E-05 0.0929703 0.663427 0.243503
0.000873249 0.0717205 0.547792 0.379614
