0.175509 0.00791235 0.816578
0.144667 9.9991E-05 0.855233
0.169941 9.9991E-05 0.829959
0.0307492 0.0308745 0.938376
0.0640029 0.0264033 0.909594
0.0215519 0.0176862 0.960762
0.120262 0.0487539 0.830984
9.999E-05 0.010042 0.989858
0.322122 0.0728969 0.604981
0.253348 0.0305039 0.716148
0.128605 0.208207 0.663189
0.305581 0.0918199 0.602599
0.129959 0.343468 0.526573
0.24842 0.0819715 0.669608
0.23135 0.073688 0.694962
0.132844 9.9991E-05 0.867056
0.319345 9.9991E-05 0.680555
0.135786 9.9991E-05 0.864114
0.649241 0.196976 0.153783
0.774874 0.0147514 0.210375
0.754938 0.00462623 0.240435
0.927095 0.0544977 0.0184075
0.9998 9.999E-05 9.999E-05
0.935759 9.9991E-05 0.0641412
0.78809 9.9991E-05 0.21181
0.9998 9.999E-05 9.999E-05
0.922552 0.0773481 9.9991E-05
0.961535 0.0383652 9.9991E-05
0.971004 0.000477187 0.0285186
0.940651 0.056782 0.00256745
0.950346 0.0495539 9.9991E-05
0.899624 0.0554099 0.0449665
0.924122 9.9991E-05 0.075778
0.2332 0.0842411 0.682559
0.284376 9.9991E-05 0.715524
0.0649241 0.072671 0.862405
0.0736846 0.0376051 0.88871
0.192953 0.0986924 0.708354
0.624882 0.375018 9.9991E-05
0.880002 0.0686927 0.0513058
0.223884 0.073301 0.702815
0.201356 9.9991E-05 0.798544
0.324233 0.205634 0.470133
0.236244 0.347696 0.41606
0.0694987 0.280007 0.650495
0.603103 0.381755 0.015142
0.333489 0.102539 0.563972
0.151862 0.217582 0.630556
0.410541 0.121326 0.468133
0.0581454 0.873578 0.0682768
0.00989669 0.940845 0.0492585
0.0311367 0.881394 0.0874697
0.0420018 0.828228 0.12977
0.111977 0.887923 9.9991E-05
0.0672405 0.93266 9.9991E-05
9.9991E-05 0.815947 0.183953
0.0757688 0.924131 9.9991E-05
0.0707246 0.929175 9.9991E-05
0.0413633 0.876864 0.0817727
0.0126398 0.762168 0.225192
0.0933027 0.906597 9.9991E-05
0.185822 0.781667 0.0325107
0.147337 0.564091 0.288572
0.852398 0.0287266 0.118875
0.831935 0.0508817 0.117183
0.911187 9.9991E-05 0.0887126
0.0290916 0.825692 0.145216
0.0605446 0.746633 0.192822
0.053453 0.850853 0.095694
0.0469145 0.859331 0.0937545
0.000376429 0.938709 0.0609142
9.9991E-05 0.353203 0.646697
0.0576678 0.301315 0.641017
0.0618474 0.359945 0.578207
0.0948419 0.348727 0.556431
0.228659 0.29922 0.472121
0.0703039 0.341889 0.587807
0.175993 0.299334 0.524673
9.9991E-05 0.787422 0.212478
0.0774198 0.615644 0.306936
0.0819794 0.860341 0.0576799
0.115941 0.883959 9.9991E-05
0.00391015 0.782842 0.213247
0.78241 0.0764339 0.141156
0.100924 0.451118 0.447958
9.9991E-05 0.39543 0.60447
0.604801 0.395099 9.9991E-05
0.217287 9.9991E-05 0.782613
0.189279 9.9991E-05 0.810621
0.232854 0.0217995 0.745346
0.316988 0.125534 0.557478
0.0628708 0.030671 0.906458
0.025032 0.433856 0.541112
0.645822 0.0778892 0.276289
0.0196296 0.44206 0.53831
0.323008 0.167199 0.509793
0.239479 9.9991E-05 0.760421
0.111258 9.9991E-05 0.888642
0.12756 0.0244728 0.847967
0.053096 0.0820622 0.864842
0.0492035 0.0384054 0.912391
0.0924902 9.9991E-05 0.90741
0.0587363 0.460864 0.480399
0.171301 0.354104 0.474595
0.108588 0.457802 0.43361
0.242142 0.138397 0.619461
0.14842 0.252442 0.599138
0.543437 0.0129487 0.443615
0.0513166 0.86885 0.0798335
0.0143319 0.876065 0.109603
0.210315 0.367182 0.422503
0.17026 0.306589 0.523151
0.359685 0.321768 0.318547
0.815715 9.9991E-05 0.184185
0.169821 0.787609 0.04257
0.0470223 0.816304 0.136673
9.9991E-05 0.647365 0.352535
0.53665 0.0413934 0.421956
0.191758 0.0296038 0.778638
0.0579068 0.0418486 0.900245
0.0703551 0.0617447 0.8679
0.392312 9.9991E-05 0.607588
0.26243 0.0245145 0.713056
0.15444 0.00459447 0.840965
9.9991E-05 0.0611654 0.938735
0.439008 0.036731 0.524261
0.0916733 9.9991E-05 0.908227
0.262585 9.9991E-05 0.737315
0.184162 9.9991E-05 0.815738
0.318906 0.128813 0.552281
0.115811 0.034128 0.850061
0.270737 0.0233189 0.705945
0.143967 0.0192901 0.836743
0.887197 9.9991E-05 0.112703
0.896751 9.9991E-05 0.103149
0.995391 9.9991E-05 0.00450863
0.880695 0.059133 0.0601719
0.847343 0.0826975 0.0699598
0.0198179 0.106837 0.873346
0.233648 9.9991E-05 0.766252
9.999E-05 0.9998 9.999E-05
0.0744509 0.884529 0.0410196
0.0195265 0.946806 0.0336674
9.9991E-05 0.785288 0.214612
9.9991E-05 0.93834 0.0615602
0.158358 0.841542 9.9991E-05
9.999E-05 0.9998 9.999E-05
0.0670194 0.932881 9.9991E-05
0.0854425 0.914457 9.9991E-05
0.0836545 0.916246 9.9991E-05
9.9991E-05 0.897977 0.101923
0.0976895 0.850769 0.0515413
0.0949873 0.858573 0.0464393
0.0725533 0.927347 9.9991E-05
9.9991E-05 0.955072 0.0448276
9.9991E-05 0.972919 0.026981
0.0633179 0.932009 0.00467344
0.0155852 0.363523 0.620892
0.0636601 0.224361 0.711979
9.9991E-05 0.907882 0.0920179
9.9991E-05 0.757063 0.242837
0.0417828 0.958117 9.9991E-05
0.0485113 0.346417 0.605072
9.9991E-05 0.00199399 0.997906
0.235772 9.9991E-05 0.764128
0.515194 0.0361968 0.44861
0.645678 9.9991E-05 0.354222
0.856469 0.0407184 0.102813
0.89278 0.0344638 0.0727559
0.755528 9.9991E-05 0.244372
0.894945 0.0181762 0.0868791
0.801668 0.135433 0.0628987
0.870974 0.109553 0.0194727
0.137051 0.0135404 0.849408
0.105222 0.0734933 0.821285
9.9991E-05 0.0514551 0.948445
9.9991E-05 0.0327341 0.967166
9.9991E-05 0.0166727 0.983227
9.9991E-05 0.0726643 0.927236
0.218039 0.0316777 0.750283
0.259139 0.0809996 0.659861
0.19524 0.0340254 0.770735
0.211179 0.0494259 0.739395
0.172372 0.0423777 0.78525
0.817187 0.134376 0.0484373
0.0365069 0.858939 0.104555
0.137336 0.862564 9.9991E-05
0.0163831 0.974137 0.00948015
0.0306774 0.820586 0.148737
0.14243 0.849635 0.00793472
0.292815 0.153234 0.553952
0.29194 0.0334373 0.674623
0.185482 9.9991E-05 0.814418
0.342916 0.0260645 0.631019
