0.0218156 0.833202 0.144882 9.9991E-05
0.0433295 0.827436 0.129134 9.9991E-05
0.0199426 0.68253 0.283853 0.0136747
0.00304509 0.930387 0.0139106 0.0526575
0.011574 0.858188 0.0998682 0.03037
9.9982E-05 0.962178 9.9982E-05 0.0376219
9.999E-05 0.842549 0.134994 0.022357
0.0490286 0.944615 0.00625634 9.9991E-05
0.0141729 0.669237 0.254365 0.0622249
0.0321761 0.674415 0.266594 0.0268144
0.0725933 0.598546 0.116059 0.212801
0.0405238 0.613644 0.290368 0.0554636
0.0372892 0.578997 0.102902 0.280812
9.999E-05 0.666636 0.21206 0.121203
0.038011 0.670108 0.245014 0.0468672
0.0239763 0.854128 0.113954 0.00794132
0.00123964 0.713316 0.285344 9.9991E-05
0.0394498 0.866863 0.0935871 9.9991E-05
0.0522412 0.17601 0.570087 0.201662
9.9991E-05 0.207067 0.755182 0.0376506
0.0377475 0.227907 0.734246 9.9991E-05
0.0165856 0.0508932 0.892367 0.0401543
0.0511946 9.9982E-05 0.948605 9.9982E-05
0.0457456 0.0625658 0.891589 9.9991E-05
9.9982E-05 0.297579 0.702221 9.9982E-05
0.00838199 9.9982E-05 0.991418 9.9982E-05
0.0442914 9.9991E-05 0.895015 0.0605936
0.0164126 9.9991E-05 0.927082 0.0564057
9.998E-05 9.998E-05 0.9997 9.998E-05
9.9991E-05 0.0331368 0.903458 0.0633055
0.0198293 0.033049 0.919086 0.0280356
0.0307552 0.0807672 0.888378 9.9991E-05
0.0699085 0.0238868 0.890737 0.0154676
0.0840477 0.696188 0.190667 0.029097
0.0229886 0.653767 0.323144 9.9991E-05
0.00217581 0.760331 0.192559 0.0449341
0.0410239 0.846054 0.0888098 0.024112
0.00509211 0.68062 0.187602 0.126686
0.9997 9.998E-05 9.998E-05 9.998E-05
0.0288098 0.0686831 0.869604 0.0329032
0.0230003 0.718831 0.164192 0.0939768
0.00141541 0.778499 0.219985 9.9991E-05
0.0160498 0.472016 0.315659 0.196275
0.0582475 0.443422 0.157143 0.341188
9.9991E-05 0.629783 0.0849074 0.28521
0.9997 9.998E-05 9.998E-05 9.998E-05
0.0803124 0.589924 0.272477 0.0572859
9.9991E-05 0.613242 0.199307 0.187352
0.0447974 0.405238 0.391502 0.158463
0.0420315 0.0634616 0.0472867 0.84722
0.0463602 0.0693061 9.9991E-05 0.884234
0.00489631 0.0994065 0.0369545 0.858743
0.0594629 0.125208 9.9991E-05 0.815229
0.0497499 9.9991E-05 0.0775935 0.872557
9.9991E-05 0.0861892 0.0413433 0.872368
9.9982E-05 0.218665 9.9982E-05 0.781135
0.0195823 0.0752707 9.9991E-05 0.905047
0.036854 9.9991E-05 0.0952603 0.867786
0.0501276 0.115472 9.9991E-05 0.834301
0.0219796 0.24563 9.9991E-05 0.73229
9.9982E-05 9.9982E-05 0.126347 0.873453
0.00576013 0.121986 0.0780032 0.794251
0.0603052 0.361613 0.0328325 0.54525
0.0171627 0.121781 0.824177 0.0368791
0.0284794 0.0618966 0.872266 0.0373577
0.0084524 0.105854 0.885593 9.9991E-05
0.0144197 0.160634 0.0258534 0.799093
0.0965698 0.215316 0.0108895 0.677225
0.0221235 0.153343 0.0368736 0.78766
0.0498218 0.00384997 0.0998645 0.846464
0.043726 0.0202728 0.0619008 0.8741
0.0153579 0.673611 9.9991E-05 0.310932
0.0162845 0.649081 0.0281698 0.306465
0.0126508 0.598753 0.034484 0.354112
0.0378757 0.618349 0.00698479 0.33679
0.0332516 0.507245 0.188769 0.270734
0.0314731 0.522391 0.097431 0.348705
0.0293637 0.573192 0.110833 0.286611
9.9982E-05 0.211453 9.9982E-05 0.788347
0.129185 0.308779 0.0406278 0.521408
0.0369814 0.0704271 0.0697408 0.822851
0.0668754 9.9991E-05 0.088676 0.844349
0.0411892 0.21121 9.9991E-05 0.7475
0.0215921 0.158153 0.738114 0.0821401
9.9991E-05 0.385906 0.110099 0.503895
9.9991E-05 0.55282 0.0227242 0.424356
0.9997 9.998E-05 9.998E-05 9.998E-05
0.000733227 0.779532 0.219635 9.9991E-05
0.0470737 0.797379 0.155447 9.9991E-05
0.0412688 0.718118 0.234197 0.00641591
0.0298368 0.57474 0.27839 0.117033
9.9991E-05 0.866268 0.111836 0.0217961
9.9991E-05 0.502283 0.0482533 0.449364
0.00379831 0.349059 0.568138 0.0790043
0.0867164 0.511203 9.9991E-05 0.40198
0.0426542 0.492341 0.313392 0.151613
0.00892092 0.784477 0.206502 9.9991E-05
9.9991E-05 0.830293 0.0988683 0.0707385
9.9982E-05 0.849739 0.150061 9.9982E-05
0.0275715 0.774417 0.131712 0.0662998
0.0153353 0.875969 0.0613103 0.0473857
0.0235208 0.864693 0.111687 9.9991E-05
0.0268876 0.426475 0.0839537 0.462684
0.0872193 0.478514 0.0706015 0.363666
0.0830902 0.452489 0.0339578 0.430463
0.0377523 0.626138 0.236895 0.0992148
9.9991E-05 0.550973 0.196044 0.252884
0.00625304 0.435863 0.528776 0.0291076
0.0057528 0.145975 9.9991E-05 0.848173
0.0230383 0.0743236 0.0425686 0.86007
0.00514012 0.318455 0.271733 0.404672
0.0438039 0.497793 0.174765 0.283638
0.0569684 0.308998 0.317664 0.316369
9.9991E-05 0.168351 0.782527 0.0490212
0.0664458 0.0949661 0.0750837 0.763504
9.9991E-05 0.194283 0.0326032 0.773014
9.9982E-05 0.378208 9.9982E-05 0.621592
0.0546232 0.394828 0.504375 0.0461744
0.00580855 0.668667 0.29874 0.0267842
0.0255672 0.8537 0.069642 0.051091
9.9991E-05 0.825747 0.0957202 0.0784326
9.9982E-05 0.565776 0.434024 9.9982E-05
0.011526 0.813909 0.174301 0.00026384
9.9982E-05 0.819192 0.180608 9.9982E-05
0.0237447 0.918833 0.0105844 0.0468383
9.9991E-05 0.569393 0.412262 0.0182445
9.9982E-05 0.799186 0.200614 9.9982E-05
0.0458269 0.71903 0.235043 9.9991E-05
0.00971768 0.893285 0.0968973 9.9991E-05
9.9991E-05 0.584089 0.298198 0.117614
0.0440163 0.827008 0.0862427 0.0427332
0.00987226 0.642279 0.28892 0.058928
0.00656885 0.825751 0.13352 0.0341602
9.9991E-05 0.0378754 0.940471 0.0215538
9.9982E-05 0.0947811 0.905019 9.9982E-05
0.0176986 9.9982E-05 0.982101 9.9982E-05
0.0160236 0.0807965 0.809805 0.0933745
0.0258608 0.0284696 0.881544 0.0641259
0.0211828 0.821546 0.0371128 0.120158
0.0384627 0.762292 0.199145 9.9991E-05
0.00441594 9.9982E-05 9.9982E-05 0.995384
0.0328812 0.0052866 0.11277 0.849062
9.9991E-05 0.0661119 0.0111666 0.922622
0.00176723 0.189137 0.0561986 0.752897
0.0584151 0.0217813 9.9991E-05 0.919704
9.9982E-05 9.9982E-05 0.159972 0.839828
0.0173459 0.0593674 9.9991E-05 0.923187
9.9982E-05 9.9982E-05 0.0824265 0.917374
9.9982E-05 9.9982E-05 0.111954 0.887846
0.0175051 9.9991E-05 0.0801292 0.902266
0.0287531 0.0645551 9.9991E-05 0.906592
0.0338301 0.113848 0.0586567 0.793665
0.0262744 0.122861 0.0529144 0.79795
0.0154498 9.9991E-05 0.0567156 0.927735
0.0310301 0.0229875 9.9991E-05 0.945882
0.0532223 0.0262896 9.9991E-05 0.920388
0.0373188 9.9991E-05 0.0445821 0.917999
9.9991E-05 0.62252 0.0164973 0.360882
9.9991E-05 0.729842 0.0417372 0.228321
9.9982E-05 0.070776 9.9982E-05 0.929024
0.047656 0.245962 9.9991E-05 0.706282
9.9982E-05 9.9982E-05 0.0506924 0.949108
9.9982E-05 0.662373 9.9982E-05 0.337427
9.9982E-05 0.922228 0.0775719 9.9982E-05
0.0498394 0.706682 0.243379 9.9991E-05
9.9991E-05 0.431831 0.506817 0.0612517
9.9982E-05 0.305182 0.694618 9.9982E-05
0.0132746 0.114615 0.847798 0.0243126
0.00121114 0.0477115 0.900181 0.0508962
0.00730091 0.214326 0.778273 9.9991E-05
0.0307683 0.10228 0.831328 0.035624
0.0408265 0.0810547 0.76499 0.113129
0.0538591 0.0851448 0.768333 0.092663
0.0181723 0.798912 0.168926 0.0139889
0.0640518 0.791476 0.0551935 0.0892791
0.0634338 0.906961 9.9991E-05 0.0295054
0.00885947 0.963238 9.9991E-05 0.0278027
0.0157289 0.954926 9.9991E-05 0.0292448
9.9991E-05 0.864992 0.0413373 0.0935702
0.020319 0.652231 0.299605 0.0278454
0.00233735 0.673637 0.222793 0.101233
0.0360939 0.759482 0.164404 0.0400202
0.009817 0.690306 0.234599 0.0652785
0.0484543 0.744527 0.179199 0.0278196
0.140622 0.0385593 0.736245 0.084574
0.0234197 0.119617 0.0178173 0.839146
0.0639613 0.0517754 0.0627862 0.821477
9.9991E-05 0.0293833 0.0212511 0.949266
0.0135467 0.195569 9.9991E-05 0.790784
0.0174689 0.0612647 0.0724367 0.84883
0.0305943 0.482052 0.338989 0.148365
0.0456364 0.658431 0.294702 0.00123004
0.0536846 0.706939 0.239276 9.9991E-05
0.026446 0.653544 0.30242 0.0175902
