0.0973817 0.182086 0.00804135 0.625935 0.0195072 0.0670481
0.211468 9.9982E-05 9.9982E-05 0.654672 0.00470296 0.128956
9.9982E-05 0.441861 9.9982E-05 0.504668 0.0158834 0.0373883
0.00200424 0.113657 0.00155442 0.674552 0.0212664 0.186965
0.0212607 0.120077 0.0490886 0.800951 0.00852328 9.9991E-05
9.9982E-05 0.2229 0.0524573 0.681957 9.9982E-05 0.0424853
9.9982E-05 0.239629 0.0199424 0.619155 9.9982E-05 0.121074
0.0863933 9.9982E-05 9.9982E-05 0.731992 0.0309596 0.150456
0.212863 0.0399196 0.0924362 0.586556 0.00745042 0.0607748
0.0419386 0.285207 9.9991E-05 0.44777 0.0171677 0.207817
0.0252963 0.158875 0.0729147 0.307661 0.0637159 0.371537
0.095157 0.270092 9.9991E-05 0.398891 0.017795 0.217965
9.999E-05 0.193931 0.0238907 0.017916 0.0355562 0.728606
0.145501 0.124276 0.0476134 0.451174 9.9991E-05 0.231335
0.0137123 0.263082 0.0921586 0.612074 0.0188729 9.9991E-05
0.154069 0.0235807 9.9982E-05 0.623349 9.9982E-05 0.198801
0.313587 9.9982E-05 0.0369618 0.602897 9.9982E-05 0.0463542
0.0987772 9.9973E-05 9.9973E-05 0.850039 0.0508837 9.9973E-05
0.17627 0.558158 0.107861 0.0456207 0.0564679 0.0556222
0.270979 0.624616 9.9973E-05 9.9973E-05 9.9973E-05 0.104105
0.658449 0.142987 9.9982E-05 0.179324 0.0190395 9.9982E-05
0.744954 0.114882 0.0276417 9.9991E-05 0.0108215 0.101601
0.965669 9.9964E-05 9.9964E-05 9.9964E-05 0.0339316 9.9964E-05
0.781088 0.0909154 9.9982E-05 0.0774747 0.0503216 9.9982E-05
0.548331 0.310909 9.9982E-05 0.124432 9.9982E-05 0.0161269
0.655107 0.344493 9.9964E-05 9.9964E-05 9.9964E-05 9.9964E-05
0.615365 0.360991 0.00769758 9.9982E-05 0.0157464 9.9982E-05
0.883824 9.9982E-05 0.057638 9.9982E-05 0.031137 0.0272007
0.498691 0.500909 9.9964E-05 9.9964E-05 9.9964E-05 9.9964E-05
0.597457 0.353438 0.0488053 9.9973E-05 9.9973E-05 9.9973E-05
0.95836 9.9964E-05 9.9964E-05 9.9964E-05 9.9964E-05 0.0412406
0.802083 0.118009 0.016491 0.050209 0.0131079 9.9991E-05
0.910531 9.9982E-05 9.9982E-05 0.046133 0.0403991 0.00273645
9.9982E-05 0.371599 9.9982E-05 0.370914 0.0651635 0.192123
0.112727 0.246117 0.023635 0.617321 9.9982E-05 9.9982E-05
9.9973E-05 0.438565 0.0723037 0.488831 9.9973E-05 9.9973E-05
9.9982E-05 0.422693 9.9982E-05 0.472394 0.0208221 0.0838913
0.0332461 0.292984 0.0580543 0.437422 0.00320514 0.175088
9.996E-05 9.996E-05 9.996E-05 9.996E-05 0.9995 9.996E-05
0.370464 0.482011 9.9982E-05 9.9982E-05 0.0266533 0.120672
0.0920233 0.119592 0.132151 0.64513 0.0110041 9.9991E-05
0.10642 0.164859 9.9982E-05 0.556498 9.9982E-05 0.172023
0.405685 9.9991E-05 0.0921074 0.244615 0.0188279 0.238665
0.145132 0.108121 0.130273 0.0963912 0.0487441 0.471339
9.9973E-05 0.143054 9.9973E-05 9.9973E-05 0.00476486 0.851881
9.996E-05 9.996E-05 9.996E-05 9.996E-05 0.9995 9.996E-05
0.150025 0.170274 0.0183729 0.371942 0.0862824 0.203103
0.068492 0.197251 0.0981347 0.248937 9.9991E-05 0.387085
0.250627 0.123496 0.0865902 0.361971 0.029632 0.147684
9.9982E-05 0.0814137 0.746986 9.9982E-05 0.0376111 0.13379
0.0664452 9.9982E-05 0.747954 9.9982E-05 0.0292381 0.156162
9.9973E-05 0.103335 0.778678 0.117687 9.9973E-05 9.9973E-05
9.9991E-05 0.0896339 0.668413 0.00810931 0.0398377 0.193906
9.9973E-05 0.184236 0.772798 9.9973E-05 0.0426661 9.9973E-05
0.043229 0.0585376 0.83616 0.061873 9.9982E-05 9.9982E-05
0.00371076 9.9982E-05 0.728497 0.248757 9.9982E-05 0.0188356
0.147982 9.9991E-05 0.768051 0.0272793 0.00130639 0.0552811
0.147035 9.9973E-05 0.830199 9.9973E-05 0.0224657 9.9973E-05
0.0215573 9.9991E-05 0.745264 0.0795616 0.0534289 0.100088
9.9991E-05 0.0688066 0.541 0.0415736 0.0229361 0.325584
0.189087 9.9964E-05 0.810513 9.9964E-05 9.9964E-05 9.9964E-05
9.9982E-05 0.228086 0.667854 0.00739939 9.9982E-05 0.0964602
0.0077087 0.0588233 0.277804 0.0265791 0.0890474 0.540038
0.683259 0.219634 0.0224876 0.0579309 0.0134232 0.00326462
0.681252 0.189781 0.0199465 0.0953386 0.0135818 9.9991E-05
0.557452 0.395046 9.9973E-05 0.0472021 9.9973E-05 9.9973E-05
9.9991E-05 0.157019 0.657829 0.0651649 0.0162514 0.103635
9.9982E-05 0.07626 0.475703 9.9982E-05 0.0682177 0.379619
0.109518 9.9991E-05 0.719731 0.0915181 0.00289228 0.0762406
9.9982E-05 0.10416 0.655143 9.9982E-05 0.0518878 0.188609
9.9982E-05 0.10658 0.77664 0.0653364 0.0512442 9.9982E-05
9.9982E-05 9.9982E-05 0.115765 0.200199 0.000604452 0.683232
0.000359278 0.0785685 0.044487 0.127456 0.0147763 0.734353
9.9973E-05 0.12889 0.0119755 9.9973E-05 9.9973E-05 0.858835
9.9964E-05 9.9964E-05 9.9964E-05 9.9964E-05 0.0108393 0.988761
0.117209 0.00501732 9.9991E-05 0.0329501 0.0343132 0.81041
9.9973E-05 0.129483 9.9973E-05 9.9973E-05 0.00973917 0.860478
0.138193 0.0490171 0.0512945 0.110606 0.0247841 0.626105
9.9973E-05 9.9973E-05 0.671216 0.165305 9.9973E-05 0.163179
9.9991E-05 0.117053 0.374557 0.0233763 0.120069 0.364844
9.9982E-05 0.109942 0.654698 9.9982E-05 0.0251064 0.210053
0.00998256 0.137625 0.721865 9.9991E-05 0.0451136 0.0853141
0.00730445 9.9991E-05 0.682695 0.172788 0.0352399 0.101872
0.0780644 0.900848 9.9982E-05 9.9982E-05 0.00635531 0.0145321
0.279251 9.9973E-05 0.301209 9.9973E-05 9.9973E-05 0.41924
0.0669251 9.9982E-05 0.140081 0.0152096 9.9982E-05 0.777584
9.996E-05 9.996E-05 9.996E-05 9.996E-05 0.9995 9.996E-05
0.112031 0.138748 9.9982E-05 0.646186 9.9982E-05 0.102835
0.159442 0.11147 9.9991E-05 0.645577 0.0330045 0.0504067
0.0746281 0.224955 9.9991E-05 0.482505 0.040985 0.176827
0.205214 0.132275 0.112269 0.313778 0.044447 0.192017
9.9973E-05 0.314896 0.0251081 0.659696 9.9973E-05 9.9973E-05
0.0991521 9.9973E-05 0.0815196 9.9973E-05 9.9973E-05 0.819028
9.9982E-05 0.853215 9.9982E-05 0.0461084 0.0500867 0.0503898
9.9991E-05 0.194053 0.172242 0.0119721 0.0727742 0.548858
0.293604 0.126895 0.0457708 0.223869 0.0417657 0.268096
0.25804 9.9973E-05 9.9973E-05 0.73668 0.00498065 9.9973E-05
0.180991 9.9973E-05 9.9973E-05 0.511478 9.9973E-05 0.307231
0.089725 0.158584 9.9982E-05 0.460227 9.9982E-05 0.291265
0.0474899 0.074109 9.9991E-05 0.578645 0.0102791 0.289377
0.00412537 0.170493 9.9991E-05 0.525474 0.00131229 0.298495
9.9973E-05 0.186469 9.9973E-05 0.611554 9.9973E-05 0.201677
9.9991E-05 0.258566 0.217981 0.0163672 0.0280099 0.478976
9.9991E-05 0.21641 0.0753156 0.00254103 0.0859071 0.619727
0.0815684 9.9991E-05 0.178651 0.0223641 0.0944249 0.622891
0.0596063 0.268095 9.9982E-05 0.124062 9.9982E-05 0.548036
0.222108 9.9982E-05 0.0871517 0.201945 9.9982E-05 0.488595
0.376288 0.141284 0.060186 0.422041 9.9982E-05 9.9982E-05
0.0548254 9.9982E-05 0.734034 0.193934 0.0170064 9.9982E-05
0.0797386 9.9991E-05 0.709304 0.0191997 0.0385762 0.153082
9.9973E-05 0.421585 0.13213 9.9973E-05 9.9973E-05 0.445984
9.9991E-05 0.306993 0.113625 0.0564784 0.0198026 0.503
0.198994 0.185908 0.1201 0.0323513 0.0536409 0.409005
0.235468 0.58222 9.9973E-05 9.9973E-05 9.9973E-05 0.182012
0.0971074 0.0344289 0.658898 9.9991E-05 0.038135 0.171331
0.0867002 9.9973E-05 0.627125 9.9973E-05 9.9973E-05 0.285875
9.9982E-05 0.0689204 0.461356 0.119295 9.9982E-05 0.350229
9.9982E-05 0.715934 0.0303576 0.208433 0.0450756 9.9982E-05
0.0706192 0.257994 0.044169 0.624821 0.0022973 9.9991E-05
0.145935 9.9991E-05 0.0703265 0.689397 0.0228215 0.0714208
0.109955 0.0400706 0.114192 0.695018 9.9991E-05 0.0406641
0.0488713 0.586204 9.9973E-05 0.364625 9.9973E-05 9.9973E-05
0.119404 0.210541 0.0134803 0.599099 9.9991E-05 0.0573752
0.223328 9.9973E-05 9.9973E-05 0.685392 9.9973E-05 0.0909792
0.10435 9.9982E-05 0.0560997 0.819367 0.0199826 9.9982E-05
0.305354 0.211578 0.0272889 0.42184 9.9991E-05 0.0338396
0.146784 0.0529293 9.9982E-05 0.651596 9.9982E-05 0.14849
0.296905 9.9982E-05 9.9982E-05 0.530317 0.0313581 0.14122
0.181725 9.9982E-05 9.9982E-05 0.632922 0.0263292 0.158825
9.9982E-05 0.502281 0.0964373 0.363763 9.9982E-05 0.0373189
0.118882 9.9991E-05 0.0441398 0.61969 0.0367293 0.180459
0.131453 0.209557 9.9982E-05 0.401972 9.9982E-05 0.256818
0.138637 0.0300569 0.00476592 0.679596 9.9991E-05 0.146844
0.52426 0.432888 9.9973E-05 9.9973E-05 9.9973E-05 0.0425517
0.740029 0.259571 9.9964E-05 9.9964E-05 9.9964E-05 9.9964E-05
0.723027 0.222969 9.9982E-05 0.0355923 0.0182117 9.9982E-05
0.569217 0.314013 0.0476009 0.0466432 0.0224259 9.9991E-05
0.614071 0.272621 0.0402717 0.0415195 0.019429 0.0120882
9.9991E-05 0.10255 0.0763174 0.585942 0.0180483 0.217042
9.9982E-05 0.404453 9.9982E-05 0.500775 0.0172982 0.0772738
9.9964E-05 9.9964E-05 0.895607 9.9964E-05 9.9964E-05 0.103993
0.0729146 0.0206608 0.784446 0.0546911 0.0268454 0.0404419
0.0556218 0.0531362 0.850714 0.0386023 0.0018261 9.9991E-05
0.104215 9.9982E-05 0.589625 0.00467003 9.9982E-05 0.30129
9.9982E-05 0.0211274 0.848074 0.0907979 0.0398009 9.9982E-05
0.186231 9.9982E-05 0.745589 9.9982E-05 0.0111224 0.0568574
9.9991E-05 0.138834 0.828362 0.000211771 0.0318575 0.000634022
9.9973E-05 0.208761 0.7775 9.9973E-05 0.0134392 9.9973E-05
9.9964E-05 0.23148 0.76812 9.9964E-05 9.9964E-05 9.9964E-05
0.149539 9.9973E-05 0.802091 9.9973E-05 9.9973E-05 0.0480701
0.0489307 9.9991E-05 0.760989 0.0489243 0.0419658 0.0990898
0.118953 9.9991E-05 0.736196 0.0701257 0.0232353 0.0513901
0.0141688 0.0794906 0.709629 0.0397888 0.0323083 0.124615
9.9973E-05 0.152928 0.823308 9.9973E-05 0.0234639 9.9973E-05
0.0752586 9.9982E-05 0.733995 9.9982E-05 0.0275413 0.163005
9.9973E-05 9.9973E-05 0.840101 0.124431 0.035168 9.9973E-05
0.118837 9.9982E-05 0.827779 0.0275519 0.0256317 9.9982E-05
0.0723393 9.9982E-05 0.0835693 0.0578756 9.9982E-05 0.786016
9.9973E-05 0.0282365 9.9973E-05 0.142717 9.9973E-05 0.828746
9.9973E-05 9.9973E-05 0.786699 0.0962588 9.9973E-05 0.116742
0.0403857 9.9991E-05 0.61897 0.223301 0.0204494 0.0967939
0.0833067 0.000147111 0.800012 9.9982E-05 9.9982E-05 0.116335
0.0103134 0.00910797 0.147127 0.175271 9.9991E-05 0.658081
0.0113423 0.0802974 0.0178913 0.803039 0.0172363 0.0701935
9.9973E-05 0.402019 9.9973E-05 0.561971 0.0357101 9.9973E-05
0.278468 0.359807 9.9982E-05 0.222047 9.9982E-05 0.139478
0.499898 0.203971 9.9982E-05 0.217404 9.9982E-05 0.0785266
0.0023744 0.997226 9.9964E-05 9.9964E-05 9.9964E-05 9.9964E-05
0.375011 0.62459 9.9964E-05 9.9964E-05 9.9964E-05 9.9964E-05
9.996E-05 0.9995 9.996E-05 9.996E-05 9.996E-05 9.996E-05
0.265937 0.723908 9.9982E-05 9.9982E-05 0.00384039 0.00611461
0.395204 0.513473 0.0339052 9.9991E-05 0.00650808 0.0508101
0.617833 0.255573 0.07266 0.0211938 0.0326395 9.9991E-05
0.0978235 0.105652 9.9991E-05 0.633535 0.00429141 0.158598
9.9991E-05 0.35315 0.0253339 0.518052 0.0628998 0.0404649
0.0170426 9.9991E-05 0.0517071 0.687325 0.034288 0.209537
9.9973E-05 9.9973E-05 9.9973E-05 0.699301 0.00497238 0.295427
0.0392405 9.9991E-05 0.034893 0.729388 0.0288729 0.167506
0.0922892 9.9982E-05 9.9982E-05 0.526761 0.0104695 0.370281
9.9973E-05 0.47276 9.9973E-05 0.457674 9.9973E-05 0.069266
0.127573 0.173802 0.0416527 0.45649 0.00674461 0.193737
0.028045 0.194426 9.9991E-05 0.528918 0.0275647 0.220946
9.9991E-05 0.44336 0.0734142 0.420513 0.00230561 0.0603074
0.0862115 0.262913 0.0447714 0.520553 0.0165493 0.0690021
0.201193 0.614079 0.0394084 9.9982E-05 0.14512 9.9982E-05
0.008382 0.0337985 0.744978 0.0402978 0.0175295 0.155014
0.181029 0.0213493 0.735288 9.9982E-05 0.0621335 9.9982E-05
9.9982E-05 0.0667619 0.790161 9.9982E-05 0.0157649 0.127112
0.103207 9.9991E-05 0.684764 0.0951619 0.0026086 0.114158
9.9982E-05 0.203953 0.73993 0.0451321 0.0107847 9.9982E-05
0.345441 0.00859909 0.0755469 0.383021 0.0395072 0.147885
0.126101 0.270871 9.9991E-05 0.450563 0.0307774 0.121587
0.12645 0.152915 0.0321873 0.633973 0.0543746 9.9991E-05
0.276349 0.0440175 9.9991E-05 0.475184 0.0394268 0.164923
