0.8019 0.0130638 0.00232449 0.182712
0.818407 0.0389606 9.9991E-05 0.142532
0.726961 0.0242326 9.9991E-05 0.248706
0.890988 0.0322156 0.0258496 0.0509464
0.916925 0.0350918 0.028435 0.0195482
0.964369 9.9982E-05 0.0354314 9.9982E-05
0.901006 9.9991E-05 0.0502723 0.0486219
0.925281 0.0466687 9.9991E-05 0.02795
0.648911 0.0320376 0.0456864 0.273365
0.66731 0.0537148 0.0391502 0.239825
0.639994 0.0841616 0.18585 0.0899938
0.674492 0.0494111 0.0376545 0.238442
0.567036 0.0587378 0.309706 0.0645209
0.621497 9.9991E-05 0.119541 0.258862
0.638893 0.0572867 0.0473872 0.256433
0.84151 0.0196732 9.9991E-05 0.138717
0.706221 0.00697737 0.0274071 0.259395
0.894753 0.0367646 9.9991E-05 0.0683821
0.144047 0.0531048 0.22323 0.579618
0.216336 0.00521921 0.0345471 0.743897
0.218838 0.00362111 9.9991E-05 0.777441
0.0109393 0.00741285 0.0617523 0.919896
9.9982E-05 0.0636466 9.9982E-05 0.936153
0.0514061 0.0352974 0.0118129 0.901484
0.281113 9.9982E-05 9.9982E-05 0.718687
9.9982E-05 0.00206816 9.9982E-05 0.997732
9.9991E-05 0.0186996 0.0567713 0.924429
9.9991E-05 0.0282752 0.0622508 0.909374
9.9991E-05 0.00224589 0.022208 0.975446
9.9982E-05 9.9982E-05 0.0649384 0.934862
9.9991E-05 0.0220457 0.00694287 0.970911
0.00892593 0.0465201 0.0400379 0.904516
0.00667838 0.058039 9.9991E-05 0.935183
0.682007 0.0861355 9.9991E-05 0.231757
0.679235 0.0012532 0.00319397 0.316317
0.763594 9.9991E-05 0.049056 0.18725
0.856664 0.0434437 0.0200706 0.0798214
0.677262 9.9991E-05 0.123706 0.198932
9.998E-05 0.9997 9.998E-05 9.998E-05
0.04727 0.0440872 0.0411537 0.867489
0.601254 0.0088437 0.0924711 0.297431
0.789767 9.9982E-05 9.9982E-05 0.210033
0.475641 0.0113819 0.159114 0.353864
0.526273 0.0646472 0.296041 0.113039
0.633007 0.00414333 0.301484 0.061365
9.998E-05 0.9997 9.998E-05 9.998E-05
0.648885 0.0743619 0.0580612 0.218692
0.567372 9.9991E-05 0.246123 0.186404
0.450245 0.0368653 0.144966 0.367923
0.0227407 0.0267661 0.883075 0.0674186
9.9991E-05 0.0192157 0.89279 0.0878948
0.135114 9.9991E-05 0.835475 0.0293108
0.196978 0.060621 0.742301 9.9991E-05
9.9991E-05 0.0512012 0.863969 0.0847299
0.0189396 9.9991E-05 0.901209 0.0797512
0.231454 9.9982E-05 0.768346 9.9982E-05
0.00639131 0.0216587 0.899094 0.0728561
9.9991E-05 0.0200851 0.920435 0.0593802
0.120435 0.0617176 0.817747 9.9991E-05
0.256519 0.0535255 0.689856 9.9991E-05
9.9982E-05 9.9982E-05 0.885237 0.114563
0.125078 9.9991E-05 0.788441 0.0863805
0.358828 0.0865912 0.528511 0.0260696
0.0975893 0.0219961 0.0435417 0.836873
0.120705 0.0376465 0.01342 0.828229
0.072035 0.0269316 9.9991E-05 0.900933
0.156282 0.0162528 0.794499 0.0329658
0.231866 0.0853654 0.682668 9.9991E-05
0.0990091 0.0318517 0.789046 0.0800928
9.9991E-05 0.0548814 0.834834 0.110185
0.0652517 0.0528206 0.881828 9.9991E-05
0.652601 0.0173044 0.329995 9.9991E-05
0.664098 0.0103186 0.278061 0.047522
0.619295 0.00748174 0.356966 0.0162575
0.620321 0.0369734 0.31438 0.0283252
0.50412 0.031712 0.268135 0.196034
0.57381 0.0587693 0.284715 0.0827057
0.552178 0.0451035 0.246677 0.156041
0.250446 9.9982E-05 0.749354 9.9982E-05
0.25115 0.113853 0.560711 0.0742859
0.0352914 0.0295161 0.827538 0.107655
9.9991E-05 0.0643966 0.848593 0.0869103
0.214132 0.044719 0.741049 9.9991E-05
0.141529 0.0251544 0.0694696 0.763847
0.42441 9.9991E-05 0.428588 0.146902
0.599238 9.9982E-05 0.400562 9.9982E-05
9.998E-05 0.9997 9.998E-05 9.998E-05
0.751632 9.9982E-05 9.9982E-05 0.248168
0.784751 0.0346763 9.9991E-05 0.180472
0.70542 0.0537622 0.0233184 0.2175
0.469806 0.0522695 0.138684 0.33924
0.842765 9.9991E-05 0.0438215 0.113314
0.560537 9.9982E-05 0.439263 9.9982E-05
0.217804 0.0490609 0.0580142 0.67512
0.491336 0.0930036 0.41556 9.9991E-05
0.439907 0.02959 0.168575 0.361929
0.690146 0.00836842 9.9991E-05 0.301386
0.860397 0.00105056 9.9991E-05 0.138452
0.729221 9.9982E-05 9.9982E-05 0.270579
0.743152 0.00421655 0.114544 0.138088
0.95263 0.0359375 0.0113323 9.9991E-05
0.858537 0.0191605 9.9991E-05 0.122202
0.493835 0.0583257 0.443061 0.00477854
0.491228 0.0619836 0.354315 0.0924739
0.42356 0.093016 0.439356 0.0440679
0.604155 0.0332462 0.100416 0.262182
0.588935 9.9991E-05 0.243486 0.167478
0.390776 9.9991E-05 0.0495945 0.55953
0.143902 0.0165588 0.810429 0.0291105
0.113337 0.0297882 0.831371 0.0255036
0.38111 0.00212291 0.403042 0.213725
0.488107 0.0533997 0.316359 0.142135
0.373937 0.080095 0.280404 0.265563
0.178845 9.9991E-05 0.031553 0.789502
0.0207793 0.0410089 0.777916 0.160296
0.202177 9.9991E-05 0.796779 0.000944122
0.344912 9.9982E-05 0.654888 9.9982E-05
0.413486 0.0679333 0.0378599 0.480721
0.669405 0.0187097 0.00851566 0.303369
0.838353 0.0207855 0.0461738 0.0946877
0.80073 9.9991E-05 0.0823296 0.11684
0.561869 9.9982E-05 9.9982E-05 0.437931
0.748922 0.0162983 9.9991E-05 0.23468
0.815268 9.9991E-05 0.00589032 0.178742
0.880532 0.0502275 0.0395091 0.0297315
0.497812 0.00121294 0.0117806 0.489194
0.863476 9.9982E-05 9.9982E-05 0.136324
0.697138 0.0525635 9.9991E-05 0.250198
0.886071 0.0364883 9.9991E-05 0.077341
0.55465 0.00167852 0.113051 0.33062
0.796566 0.047244 0.0649607 0.0912296
0.604707 0.0260782 0.0529664 0.316249
0.817255 0.0240066 9.9991E-05 0.158639
0.0253012 9.9991E-05 0.070108 0.904491
0.0293503 9.9982E-05 9.9982E-05 0.97045
9.9982E-05 0.0340518 9.9982E-05 0.965748
0.0517383 0.00123599 0.0523585 0.894667
9.9991E-05 0.00432414 0.0748544 0.920722
0.835301 0.0322921 0.117664 0.0147433
0.763709 0.0265463 9.9991E-05 0.209644
9.9982E-05 0.00461757 0.995182 9.9982E-05
9.9991E-05 0.0434267 0.867479 0.0889945
0.0871004 0.0122774 0.900522 9.9991E-05
0.105458 0.0160326 0.783927 0.094583
0.0603938 0.0135448 0.925961 9.9991E-05
9.9991E-05 0.00258134 0.836867 0.160452
0.014727 0.0287091 0.956464 9.9991E-05
9.9991E-05 0.00132512 0.893931 0.104644
9.9982E-05 9.9982E-05 0.903801 0.0959986
9.9991E-05 0.00455886 0.895174 0.100168
0.0936739 0.0507346 0.852592 0.00299906
0.0720702 0.0643789 0.811349 0.0522022
0.111884 9.9991E-05 0.801651 0.0863646
9.9991E-05 0.0147666 0.922788 0.0623458
0.0750371 0.0102452 0.914618 9.9991E-05
9.9982E-05 0.0415045 0.958296 9.9982E-05
0.00430338 0.035757 0.896253 0.0636865
0.606674 0.00375915 0.374168 0.0153992
0.708052 0.0013507 0.209552 0.0810459
0.0738934 9.9982E-05 0.925907 9.9982E-05
0.205973 0.00926938 0.735459 0.0492991
9.9982E-05 9.9982E-05 0.956251 0.0435495
0.652288 0.000768027 0.346844 9.9991E-05
0.971475 0.0219828 9.9991E-05 0.00644228
0.650186 0.0332014 9.9991E-05 0.316513
0.4016 9.9991E-05 0.0294578 0.568842
0.348671 9.9982E-05 9.9982E-05 0.651129
0.133185 0.00706722 0.0175335 0.842214
0.043274 9.9991E-05 0.0579137 0.898712
0.142696 0.0120954 9.9991E-05 0.845109
0.137301 0.0366481 0.0194802 0.80657
0.0162547 0.0484898 0.128569 0.806686
0.0140774 0.0591665 0.0526789 0.874077
0.774044 0.0145391 0.0160898 0.195327
0.787141 0.0595491 0.0633709 0.0899385
0.916113 0.0680376 0.0157498 9.9991E-05
0.964439 0.00987804 0.0255834 9.9991E-05
0.958288 0.0415121 9.9982E-05 9.9982E-05
0.884236 9.9991E-05 0.0932252 0.0224386
0.706612 0.00470916 0.0197981 0.268881
0.658856 0.0314993 0.0926394 0.217005
0.824691 0.0600243 0.0241834 0.0911009
0.696099 0.0179791 0.0872019 0.19872
0.729848 0.0345695 0.074675 0.160907
0.0512307 0.193638 0.0693411 0.685791
0.113426 0.0167957 0.836467 0.0333109
0.0130473 0.0565905 0.852444 0.077918
9.9991E-05 0.0123928 0.961796 0.0257116
0.216508 0.0166016 0.766279 0.000611201
0.0654737 0.0233041 0.848448 0.0627745
0.423407 0.0172745 0.158764 0.400554
0.569523 0.0409201 0.0189782 0.370578
0.681444 0.068243 9.9991E-05 0.250213
0.561534 0.0760485 0.0157451 0.346672
