9.9982E-05 0.224484 0.0285201 0.541945 0.0509167 0.153935 9.9982E-05
9.9973E-05 0.0878071 9.9973E-05 0.743983 9.9973E-05 0.155628 0.0122824
9.9982E-05 0.202543 0.125541 0.621769 0.0273627 9.9982E-05 0.0225837
9.999E-05 0.447062 0.00989643 0.437499 0.0626218 0.0316657 0.0111553
0.011794 0.302787 9.9973E-05 0.675623 9.9973E-05 0.00949533 9.9973E-05
0.0173515 0.450977 9.9973E-05 0.226606 9.9973E-05 0.304765 9.9973E-05
0.0304709 0.388442 0.0421837 0.162025 9.9982E-05 0.376679 9.9982E-05
9.9982E-05 0.319779 9.9982E-05 0.491201 0.0770387 0.0794213 0.0323593
0.0850478 9.9982E-05 0.0669585 0.235546 9.9982E-05 0.604484 0.0077639
9.999E-05 0.142326 0.149137 0.182892 0.18825 0.323925 0.0133703
0.0551702 0.20896 0.0160437 0.0388461 0.303658 0.326201 0.0511203
9.9982E-05 9.9982E-05 0.153133 0.21987 0.126782 0.460319 0.0396954
9.9973E-05 9.9973E-05 9.9973E-05 0.00364314 0.774775 0.182656 0.0386263
0.0737939 9.9982E-05 0.136791 0.0724829 0.0274399 0.689292 9.9982E-05
0.0338785 0.120175 0.0814833 0.301681 9.9991E-05 0.405037 0.057645
9.999E-05 0.112801 0.00639968 0.209263 0.146498 0.508014 0.0169236
0.0171395 0.137181 0.179269 0.333035 9.9982E-05 0.333176 9.9982E-05
9.9982E-05 0.14704 0.049317 0.244834 9.9982E-05 0.517858 0.0407514
0.0983876 9.9982E-05 0.416294 9.9982E-05 0.110349 0.301077 0.0736925
9.9973E-05 9.9973E-05 0.552453 0.0848185 0.119713 0.242717 9.9973E-05
0.00667588 0.059574 0.57414 0.24618 9.9991E-05 0.088461 0.024869
0.00233529 9.9982E-05 0.699961 0.185101 0.109194 9.9982E-05 0.00320889
9.9973E-05 9.9973E-05 0.84033 0.0194866 0.088658 9.9973E-05 0.0512259
0.0134518 0.0245476 0.66999 0.127979 9.9991E-05 0.138553 0.0253783
9.9973E-05 0.157733 0.575101 0.184325 0.0825415 9.9973E-05 9.9973E-05
9.9973E-05 9.9973E-05 0.734 0.241959 0.00999649 9.9973E-05 0.0137441
0.0328024 9.9982E-05 0.836513 0.0567553 0.0248761 9.9982E-05 0.0488534
0.0545565 9.9973E-05 0.783984 9.9973E-05 9.9973E-05 0.129991 0.0311688
0.0136858 9.9964E-05 0.73173 0.254184 9.9964E-05 9.9964E-05 9.9964E-05
0.0481669 0.150654 0.752997 0.0478819 9.9973E-05 9.9973E-05 9.9973E-05
0.0326329 9.9973E-05 0.808669 0.0579646 9.9973E-05 0.100434 9.9973E-05
0.0206156 0.0481449 0.754399 0.0131315 9.9991E-05 0.143545 0.0200641
9.9991E-05 0.00422889 0.693975 0.0329946 0.139234 0.0398654 0.0896024
9.999E-05 0.157288 0.0389852 0.276937 0.263914 0.183359 0.0794181
0.00914562 0.163872 0.247546 0.461715 9.9982E-05 0.117521 9.9982E-05
0.0334041 0.854183 0.112013 9.9964E-05 9.9964E-05 9.9964E-05 9.9964E-05
9.9982E-05 0.732933 0.080978 0.103813 0.0626225 9.9982E-05 0.0194531
0.0912243 0.292412 0.108048 0.0718339 0.0704489 0.3443 0.0217333
9.995E-05 9.995E-05 9.995E-05 9.995E-05 9.995E-05 9.995E-05 0.9994
0.0283888 0.126299 0.711089 9.9982E-05 0.0981538 9.9982E-05 0.0358694
0.103041 0.459218 0.0996916 0.258324 9.9982E-05 0.0795263 9.9982E-05
9.9973E-05 9.9973E-05 0.0610916 0.609846 0.118054 0.210708 9.9973E-05
0.0835198 0.021174 0.191905 0.179108 0.288741 0.232083 0.00346794
0.0706507 9.9991E-05 0.0161226 0.153657 0.535266 0.186048 0.0381564
9.9955E-05 0.198365 9.9955E-05 9.9955E-05 0.801135 9.9955E-05 9.9955E-05
9.995E-05 9.995E-05 9.995E-05 9.995E-05 9.995E-05 9.995E-05 0.9994
9.999E-05 0.152435 0.0913619 0.115323 0.198225 0.35462 0.0879354
0.0683547 0.256001 0.0924138 0.074792 0.366952 0.141387 9.9991E-05
0.0655736 9.9991E-05 0.268046 0.141793 0.154221 0.329443 0.0408227
0.69921 0.0434081 0.0145907 9.9991E-05 0.126168 0.107763 0.00876032
0.705308 9.9982E-05 0.0841227 9.9982E-05 0.153388 0.0321658 0.0248154
0.752934 0.0596221 9.9973E-05 0.0279229 9.9973E-05 0.159221 9.9973E-05
0.692067 0.145516 9.9982E-05 9.9982E-05 0.0722635 0.0641449 0.0258083
0.725625 0.0777571 0.0569915 9.9982E-05 9.9982E-05 0.100111 0.0393152
0.815275 9.9964E-05 0.0220324 9.9964E-05 9.9964E-05 0.162293 9.9964E-05
0.665074 9.9964E-05 9.9964E-05 0.100582 9.9964E-05 0.233943 9.9964E-05
0.732469 9.9973E-05 9.9973E-05 9.9973E-05 0.0926036 0.170997 0.00363048
0.811892 0.00687291 0.131858 9.9982E-05 0.0326711 9.9982E-05 0.0165063
0.775665 0.0811547 9.9982E-05 0.0457902 9.9982E-05 0.0508205 0.04637
0.569168 0.000716816 9.9991E-05 0.0493128 0.182496 0.17883 0.0193767
0.824721 9.9973E-05 0.101044 0.0572781 0.0166567 9.9973E-05 9.9973E-05
0.624374 9.9991E-05 0.0356615 0.0296085 0.196347 0.104669 0.00924063
0.288593 9.9982E-05 9.9982E-05 0.0502357 0.481225 0.11666 0.0630867
0.0427121 0.134703 0.702587 9.9982E-05 9.9982E-05 0.0838234 0.0359752
0.00122779 9.9973E-05 0.586416 0.396081 9.9973E-05 9.9973E-05 0.0159753
9.9973E-05 0.0872887 0.810702 0.0923917 9.9973E-05 9.9973E-05 0.00931807
0.654902 0.0393643 0.0148349 9.9991E-05 0.117083 0.151161 0.0225558
0.444537 9.9973E-05 9.9973E-05 0.1351 0.356296 9.9973E-05 0.0637671
0.691825 9.9973E-05 9.9973E-05 0.149763 0.137027 9.9973E-05 0.0210865
0.651764 9.9973E-05 9.9973E-05 9.9973E-05 0.24197 0.0578651 0.0481009
0.765596 0.154596 0.0185403 9.9973E-05 9.9973E-05 9.9973E-05 0.060968
0.0919572 9.9982E-05 9.9982E-05 0.268361 0.505713 0.133467 0.000302811
0.0132272 9.9964E-05 9.9964E-05 9.9964E-05 0.588991 0.397382 9.9964E-05
0.0536933 0.105627 0.00994336 9.9982E-05 0.687646 0.14289 9.9982E-05
9.9964E-05 0.0206872 9.9964E-05 9.9964E-05 0.957989 9.9964E-05 0.0209238
9.9973E-05 0.155916 0.0390364 9.9973E-05 0.788149 9.9973E-05 0.0165985
9.9964E-05 9.9964E-05 9.9964E-05 9.9964E-05 0.898386 0.0675045 0.0337097
9.9991E-05 0.137781 0.103034 0.015696 0.677632 0.0435479 0.0222092
0.595625 9.9964E-05 9.9964E-05 9.9964E-05 0.149253 0.254722 9.9964E-05
0.341406 0.0644623 0.0317806 0.0967654 0.340734 9.9991E-05 0.124751
0.627984 0.0563318 0.0505731 9.9982E-05 0.245347 9.9982E-05 0.019564
0.701273 9.9982E-05 0.0300776 9.9982E-05 0.0845708 0.141003 0.0428755
0.64928 0.0650418 9.9973E-05 9.9973E-05 9.9973E-05 0.265605 0.0197736
0.0125331 9.9982E-05 0.607297 9.9982E-05 0.0957079 0.258018 0.0262446
0.222787 0.0783117 0.0863284 0.0842318 0.52396 0.00428126 9.9991E-05
0.0422508 0.0654842 9.9973E-05 0.0998096 0.792156 9.9973E-05 9.9973E-05
9.995E-05 9.995E-05 9.995E-05 9.995E-05 9.995E-05 9.995E-05 0.9994
9.9982E-05 0.362299 0.135466 0.280129 0.0238631 0.198043 9.9982E-05
9.9991E-05 0.0584643 0.0783021 0.67765 0.0543835 0.100473 0.0306266
9.9991E-05 0.131427 0.0885664 0.192883 0.151977 0.40853 0.026516
0.0860412 0.0097552 0.16281 0.0887197 0.13493 0.485535 0.0322086
0.0265556 0.538835 0.0388273 0.134927 9.9982E-05 0.260655 9.9982E-05
0.0904958 0.107621 9.9964E-05 9.9964E-05 0.801484 9.9964E-05 9.9964E-05
9.9982E-05 0.227541 0.479483 9.9982E-05 0.192949 0.0505403 0.0492868
0.176885 9.9982E-05 9.9982E-05 0.174807 0.551409 0.00362947 0.0930703
0.0265071 0.275532 0.26561 0.101044 0.295478 0.000804765 0.0350243
9.9964E-05 9.9964E-05 0.0538851 0.353114 9.9964E-05 0.592601 9.9964E-05
9.9982E-05 0.517481 0.0922471 0.236683 0.140154 0.0132346 9.9982E-05
9.9982E-05 0.0505219 0.0882222 0.489593 0.25312 0.118343 9.9982E-05
0.0445653 0.127921 9.9982E-05 9.9982E-05 0.0585599 0.767546 0.00120833
9.9964E-05 0.798602 0.055383 9.9964E-05 0.145615 9.9964E-05 9.9964E-05
9.9964E-05 9.9964E-05 9.9964E-05 0.131022 0.0846708 0.783907 9.9964E-05
0.181717 0.1642 0.0446028 9.9982E-05 0.600934 9.9982E-05 0.00834699
0.107404 0.127848 0.0635808 0.00843891 0.553795 0.0890777 0.0498553
0.168707 0.0739055 9.9982E-05 9.9982E-05 0.564522 0.114741 0.0779246
9.9982E-05 0.130273 0.18866 0.0286034 0.474499 0.177765 9.9982E-05
0.0419385 9.9982E-05 0.0907562 0.101665 0.475992 0.289448 9.9982E-05
0.0332434 0.257033 0.370491 0.119858 9.9982E-05 0.219174 9.9982E-05
0.71654 0.189343 9.9973E-05 0.0722753 9.9973E-05 9.9973E-05 0.0215417
0.655434 0.0231899 0.0400114 0.0812306 0.174 9.9991E-05 0.0260344
0.115006 9.9973E-05 0.0957105 0.242279 0.546704 9.9973E-05 9.9973E-05
0.128773 9.9982E-05 0.0408147 9.9982E-05 0.400736 0.420632 0.00884427
0.0930782 9.9982E-05 0.170939 0.215157 0.46502 9.9982E-05 0.0556059
9.9964E-05 0.151627 0.630422 9.9964E-05 0.217551 9.9964E-05 9.9964E-05
0.575741 9.9973E-05 0.0525002 9.9973E-05 0.330137 9.9973E-05 0.0413218
0.592145 0.000969987 9.9982E-05 0.0257591 0.302466 0.0784604 9.9982E-05
0.387205 0.0784594 9.9973E-05 0.168013 0.366023 9.9973E-05 9.9973E-05
0.0264651 0.287569 0.383939 0.0721459 0.09193 0.0568702 0.0810817
0.0551889 0.0181704 0.132049 0.757467 9.9991E-05 0.0347406 0.00228391
0.0245146 0.220297 0.00289572 0.627573 0.0704012 0.046867 0.00745081
0.0706661 0.183958 9.9964E-05 0.744976 9.9964E-05 9.9964E-05 9.9964E-05
9.9973E-05 0.267954 0.315805 0.163295 9.9973E-05 0.252647 9.9973E-05
9.9991E-05 0.291893 0.164089 0.346768 0.064286 0.118366 0.0144986
9.9964E-05 9.9964E-05 0.0306997 0.964357 0.00454371 9.9964E-05 9.9964E-05
0.022347 9.9973E-05 9.9973E-05 0.940595 9.9973E-05 0.0339359 0.00282183
0.0137783 0.292399 0.32704 0.156034 0.040985 0.169663 9.9991E-05
9.9973E-05 0.0948044 0.0268212 0.0038977 9.9973E-05 0.874177 9.9973E-05
9.9982E-05 9.9982E-05 0.0858454 0.182398 0.0404721 0.670791 0.0202933
9.9973E-05 0.145001 9.9973E-05 9.9973E-05 0.000949548 0.829283 0.0244667
0.0785449 0.101081 0.205304 0.236133 0.0795314 0.294101 0.00530497
0.0223063 0.0471095 9.9982E-05 0.103742 9.9982E-05 0.801977 0.0246655
9.9982E-05 0.0560702 0.107626 0.0152933 0.187379 0.633431 9.9982E-05
9.9955E-05 9.9955E-05 9.9955E-05 0.954036 0.0454638 9.9955E-05 9.9955E-05
9.9955E-05 0.207694 0.791806 9.9955E-05 9.9955E-05 9.9955E-05 9.9955E-05
9.9964E-05 9.9964E-05 0.747426 0.231984 0.0201898 9.9964E-05 9.9964E-05
9.9973E-05 0.0524624 0.793664 9.9973E-05 9.9973E-05 0.1117 0.0418743
0.0763099 0.0797383 0.711204 9.9973E-05 9.9973E-05 0.132448 9.9973E-05
0.0176145 9.9982E-05 0.656198 0.238535 0.0708173 9.9982E-05 0.0166352
0.0339701 0.269577 9.9982E-05 0.444689 0.158608 0.0929556 9.9982E-05
9.9964E-05 0.852167 0.143594 9.9964E-05 0.00383908 9.9964E-05 9.9964E-05
0.880751 9.9964E-05 9.9964E-05 0.0422377 0.0766112 9.9964E-05 9.9964E-05
0.726902 9.9982E-05 0.00130357 0.118684 0.130717 9.9982E-05 0.0221939
0.808902 0.091117 0.0365665 9.9982E-05 9.9982E-05 0.0545274 0.0086871
0.568242 9.9973E-05 9.9973E-05 0.210683 0.216476 9.9973E-05 0.0042987
0.794839 9.9982E-05 9.9982E-05 0.0787707 0.00362558 0.104651 0.0179142
0.793612 9.99641E-05 0.164474 0.0415142 9.99641E-05 9.99641E-05 9.99641E-05
0.825644 0.0499581 9.9991E-05 0.069629 0.0377621 0.00300339 0.0139034
0.777306 0.0338233 0.0484271 0.0391443 0.0981572 9.9991E-05 0.00304237
0.771458 9.9973E-05 0.0435353 0.0942077 0.0904991 9.9973E-05 9.9973E-05
0.777523 9.9973E-05 0.028795 0.150514 0.0428686 9.9973E-05 9.9973E-05
0.781118 0.144989 9.9973E-05 9.9973E-05 0.0507345 9.9973E-05 0.0228593
0.74966 0.016536 0.0297467 0.06278 0.00845597 0.101769 0.0310527
0.732829 0.0763631 9.9982E-05 0.00353476 9.9982E-05 0.159641 0.0274325
0.821871 0.0712145 0.0657963 9.9982E-05 9.9982E-05 0.0158965 0.0250218
0.727207 0.0827713 9.9982E-05 0.0108332 0.163637 9.9982E-05 0.015351
0.831315 0.100204 9.9973E-05 0.0345369 9.9973E-05 9.9973E-05 0.0336444
0.795029 0.120518 0.0593024 9.9982E-05 0.0142046 9.9982E-05 0.0107462
0.080066 9.9964E-05 9.9964E-05 0.153608 0.765926 9.9964E-05 9.9964E-05
9.9964E-05 9.9964E-05 9.9964E-05 0.164006 0.729013 0.106582 9.9964E-05
0.771761 0.107785 9.9973E-05 0.0441935 0.0759601 9.9973E-05 9.9973E-05
0.617936 0.208761 9.9991E-05 0.114949 0.0286286 0.00615121 0.023474
0.815988 9.9964E-05 0.0709039 9.9964E-05 0.112708 9.9964E-05 9.9964E-05
0.11331 0.191068 9.9973E-05 9.9973E-05 0.631159 0.0641635 9.9973E-05
9.9964E-05 0.0276826 9.9964E-05 0.949593 9.9964E-05 9.9964E-05 0.0223244
9.9982E-05 0.0800779 0.128428 0.653564 9.9982E-05 0.114676 0.0230541
0.0226881 0.0550074 0.378745 0.406204 0.137155 9.9982E-05 9.9982E-05
9.9982E-05 9.9982E-05 0.492445 0.322488 0.10557 0.0770849 0.0022131
9.9973E-05 0.0519376 0.726234 9.9973E-05 0.104588 0.11694 9.9973E-05
0.0360371 9.9991E-05 0.739825 0.0100609 0.0442116 0.167656 0.00210926
9.9991E-05 0.0856534 0.681169 0.0341865 0.0236694 0.166688 0.00853406
9.9982E-05 0.0121323 0.661934 9.9982E-05 0.0300152 0.262526 0.0331932
0.0897525 0.0277855 0.668066 0.0281987 0.117171 0.0307322 0.0382937
0.028603 0.0523627 0.680469 0.190024 9.9982E-05 9.9982E-05 0.0483405
9.9991E-05 0.207757 0.0629235 0.610151 0.0827524 0.0179173 0.0183991
0.0300568 0.512991 0.0445742 0.357494 9.9982E-05 9.9982E-05 0.0546839
0.0211204 0.946559 9.9964E-05 9.9964E-05 9.9964E-05 9.9964E-05 0.0319212
9.995E-05 0.9994 9.995E-05 9.995E-05 9.995E-05 9.995E-05 9.995E-05
9.9955E-05 0.951093 9.9955E-05 9.9955E-05 9.9955E-05 0.0484076 9.9955E-05
9.9973E-05 0.717163 9.9973E-05 0.0469959 0.21246 0.0230811 9.9973E-05
9.9982E-05 0.0812228 0.0352531 0.072365 0.0786842 0.732275 9.9982E-05
0.0284539 9.9973E-05 0.0629171 9.9973E-05 0.0519511 0.856378 9.9973E-05
0.0134289 9.9964E-05 9.9964E-05 9.9964E-05 9.9964E-05 0.951803 0.0343684
0.0122238 0.22917 0.0694076 9.9973E-05 9.9973E-05 0.688898 9.9973E-05
0.0104526 0.188312 0.00208569 0.0718473 9.9991E-05 0.709478 0.017725
0.0764388 9.9991E-05 0.511389 0.0387402 0.00141361 0.232138 0.13978
0.675453 0.045265 0.00427452 0.0608502 0.202528 0.010371 0.00125799
0.749066 9.9982E-05 0.064231 0.0863037 0.0570875 9.9982E-05 0.0431118
0.795867 9.9973E-05 9.9973E-05 9.9973E-05 0.143613 0.0601081 0.000112039
0.650465 0.0653405 9.9991E-05 0.0465348 0.0978864 0.135099 0.00457459
0.704317 0.107209 0.0179061 0.112083 0.0308374 9.9991E-05 0.0275467
0.121082 0.13554 0.202227 0.0537343 0.0204214 0.448357 0.0186383
0.012238 0.10718 0.183027 0.263313 0.0474899 0.372635 0.0141161
9.9964E-05 9.9964E-05 9.9964E-05 0.229208 9.9964E-05 0.736042 0.0343495
9.9991E-05 0.0240586 0.185692 0.21395 0.132808 0.400019 0.0433721
