9.9991E-05 0.0993639 0.0229676 0.723138 0.154431
9.999E-05 0.109974 0.0110418 0.772449 0.106436
0.00303798 0.173968 0.027553 0.520071 0.275369
9.999E-05 0.210669 0.0172301 0.717657 0.0543437
0.0625439 9.9991E-05 0.00588296 0.907678 0.0237954
0.0656883 0.0465862 9.9991E-05 0.884765 0.00286067
0.039148 0.173378 9.9991E-05 0.70037 0.0870039
9.999E-05 0.138147 0.0376339 0.795178 0.0289406
0.0920198 0.00941105 9.9991E-05 0.673684 0.224785
0.012767 0.210689 0.0255113 0.520825 0.230208
0.0930566 0.504708 0.0444529 0.343742 0.0140409
9.999E-05 0.329713 0.0287467 0.39741 0.24403
0.0871466 0.824362 0.0555565 0.0328344 9.9991E-05
0.056289 0.265518 0.00535751 0.473369 0.199467
0.0811293 9.9991E-05 0.0443868 0.641294 0.23309
9.9982E-05 0.229741 9.9982E-05 0.624409 0.14565
0.0138644 0.034453 9.9991E-05 0.688429 0.263153
9.999E-05 0.0622811 0.0175569 0.811656 0.108406
0.133195 0.160679 0.0585644 0.0963038 0.551258
9.9982E-05 0.211441 9.9982E-05 0.0733625 0.714996
0.00216178 0.0575668 0.0213283 0.212112 0.706831
0.0062329 0.165013 0.0241836 9.9991E-05 0.80447
9.9982E-05 0.0955496 0.0565756 9.9982E-05 0.847675
0.0230599 9.9991E-05 0.032633 0.1945 0.749707
0.02749 0.0989349 9.9991E-05 0.141992 0.731483
9.9982E-05 9.9982E-05 0.0169483 0.0481312 0.934721
0.0688228 9.9982E-05 0.0328702 9.9982E-05 0.898107
0.087001 0.0015326 0.0443342 0.0150941 0.852038
0.0137962 9.9982E-05 9.9982E-05 0.0422857 0.943718
0.121324 9.9982E-05 9.9982E-05 0.0345417 0.843935
0.0382621 0.0105415 0.00931507 9.9991E-05 0.941781
0.051265 9.9991E-05 0.0468256 0.117614 0.784196
0.00377558 0.054831 0.0635018 0.0920993 0.785792
9.9991E-05 0.321726 0.057132 0.435675 0.185366
0.0678661 0.00350935 9.9991E-05 0.59532 0.333205
0.0407531 0.196801 9.9991E-05 0.625752 0.136594
0.00387798 0.293632 0.0299952 0.578099 0.0943958
0.103036 0.297301 0.00791491 0.472648 0.1191
9.997E-05 9.997E-05 0.9996 9.997E-05 9.997E-05
9.9982E-05 0.23657 0.0377068 9.9982E-05 0.725524
0.140929 9.9991E-05 0.00746964 0.646013 0.205488
9.9982E-05 0.209636 9.9982E-05 0.637319 0.152845
0.111314 0.302282 0.0262155 0.237579 0.32261
0.141772 0.642309 0.0460693 0.0785779 0.0912723
0.0387728 0.894654 0.0216737 9.9991E-05 0.0447994
9.997E-05 9.997E-05 0.9996 9.997E-05 9.997E-05
9.9991E-05 0.312682 0.0758086 0.354972 0.256438
0.118675 0.497394 9.9991E-05 0.221326 0.162505
0.0868814 0.236133 0.018525 0.284807 0.373653
0.752974 0.157175 0.0147999 0.0399355 0.0351157
0.810301 0.132636 0.0224721 9.9991E-05 0.0344912
0.776214 9.9973E-05 9.9973E-05 0.223486 9.9973E-05
0.72077 0.159164 0.0466706 0.0725584 0.000837309
0.816509 9.9991E-05 0.0567799 0.0272978 0.0993135
0.861585 0.00517098 9.9991E-05 0.0285034 0.104641
0.743931 9.9973E-05 9.9973E-05 0.255769 9.9973E-05
0.807599 0.0151656 0.0362037 0.0364785 0.104553
0.803735 9.9982E-05 0.0347529 9.9982E-05 0.161312
0.751629 0.0414384 0.0299794 0.176853 9.9991E-05
0.66389 0.15951 0.0261809 0.150319 9.9991E-05
0.773577 0.111189 9.9982E-05 9.9982E-05 0.115033
0.631799 0.159813 9.9991E-05 0.0669192 0.141369
0.328696 0.557548 0.0733962 0.0312621 0.00909779
0.0891476 9.9991E-05 0.0224056 0.103149 0.785197
0.0429287 0.00909115 0.0420444 0.106069 0.799867
9.9982E-05 9.9982E-05 0.0182642 0.14854 0.832996
0.670836 0.153253 0.0354922 0.140319 9.9991E-05
0.487638 0.427415 0.0599485 0.0248978 9.9991E-05
0.710659 0.19905 0.0449914 9.9991E-05 0.0451995
0.729852 0.170027 0.0479044 9.9991E-05 0.0521163
0.81502 0.0205159 0.0510629 0.0928684 0.020533
0.129833 0.687272 9.9982E-05 0.182695 9.9982E-05
0.0806173 0.79236 0.00990247 0.0682131 0.0489068
0.109578 0.819173 0.00348529 0.0311498 0.036614
0.00891785 0.951473 0.0199188 9.9991E-05 0.0195901
9.9982E-05 0.829468 0.0538742 9.9982E-05 0.116458
9.9973E-05 0.992256 0.00744418 9.9973E-05 9.9973E-05
0.060013 0.742969 0.0237155 0.0478663 0.125436
0.687479 0.200122 9.9982E-05 0.112199 9.9982E-05
0.461606 0.327319 0.102194 0.0997949 0.00908648
0.746185 0.11991 0.0123745 0.0435045 0.0780254
0.73116 0.0955213 0.0423361 9.9991E-05 0.130883
0.726901 9.9982E-05 0.0415666 0.231333 9.9982E-05
0.0272119 0.14828 0.0307987 0.0246102 0.769099
0.335128 0.480412 9.9991E-05 0.0506279 0.133732
0.173705 0.825995 9.9973E-05 9.9973E-05 9.9973E-05
9.997E-05 9.997E-05 0.9996 9.997E-05 9.997E-05
0.0027672 0.0942075 9.9991E-05 0.64949 0.253435
9.9991E-05 0.134203 0.0238021 0.641142 0.200753
9.9991E-05 0.299789 0.0512332 0.457978 0.190899
0.0466007 0.369976 0.0673477 0.216468 0.299608
0.0453261 0.141033 9.9991E-05 0.659156 0.154384
0.181766 0.81263 0.0054037 9.9982E-05 9.9982E-05
0.0410859 0.235746 0.0402621 0.098747 0.584159
0.184212 0.698434 0.107381 0.009873 9.9991E-05
0.0737753 0.417237 0.0236583 0.206943 0.278386
0.0012638 9.9991E-05 0.0199429 0.826676 0.152018
9.9982E-05 0.310369 9.9982E-05 0.589054 0.100377
9.9982E-05 0.353364 9.9982E-05 0.45449 0.191947
0.03382 0.283553 0.0190142 0.574114 0.089499
9.9982E-05 0.439904 0.024529 0.535367 9.9982E-05
9.9991E-05 0.319052 0.0109683 0.514502 0.155378
0.221284 0.639079 0.0322451 0.0634961 0.043895
0.20365 0.569693 0.0624708 0.15286 0.011326
0.208648 0.606179 0.0827694 0.102304 9.9991E-05
9.9982E-05 0.726389 9.9982E-05 0.0649837 0.208427
0.0837393 0.543134 9.9991E-05 0.155211 0.217816
0.0554655 0.0549903 9.9991E-05 0.40513 0.484314
0.760906 9.9982E-05 0.0338398 0.205054 9.9982E-05
0.697672 0.218617 0.0482734 0.0353369 9.9991E-05
0.232162 0.522778 9.9991E-05 0.0688633 0.176097
0.174971 0.468703 0.0372237 0.154093 0.165009
0.156498 0.461325 0.0617508 9.9991E-05 0.320326
9.9973E-05 0.295409 9.9973E-05 9.9973E-05 0.704291
0.627061 0.260208 0.0496348 9.9991E-05 0.062996
0.706052 0.208249 9.9991E-05 0.00849019 0.0771082
0.457486 0.434622 9.9982E-05 0.107692 9.9982E-05
0.0529994 0.140023 0.0519707 0.262049 0.492958
0.0527394 9.9991E-05 0.0163578 0.668911 0.261892
0.0754617 0.110211 0.0319003 0.728474 0.0539531
0.106278 9.9982E-05 9.9982E-05 0.770615 0.122907
9.9982E-05 0.0754766 9.9982E-05 0.502897 0.421427
9.9982E-05 0.171542 9.9982E-05 0.612356 0.215902
0.00091357 0.165972 9.9991E-05 0.689981 0.143033
0.0950064 0.0170695 0.0251192 0.8453 0.0175046
0.000807553 0.15002 9.9991E-05 0.469571 0.379502
9.9991E-05 0.104371 0.00634084 0.746404 0.142784
9.9991E-05 0.176842 0.0402308 0.589713 0.193115
9.9991E-05 0.200306 0.0261272 0.673389 0.100078
0.105158 0.0448051 0.00162537 0.523438 0.324973
0.0819411 0.0623767 0.0579315 0.756564 0.0411871
9.9991E-05 0.271248 0.00636043 0.412423 0.309868
0.0163096 0.0936438 9.9991E-05 0.735577 0.15437
9.9982E-05 0.19451 0.00257593 9.9982E-05 0.802715
9.9973E-05 0.0645248 9.9973E-05 9.9973E-05 0.935175
9.9982E-05 9.9982E-05 0.0572198 0.0657014 0.876879
0.0697827 0.0239037 9.9991E-05 0.0942248 0.811989
0.0415881 0.130881 0.00793039 9.9991E-05 0.819501
0.0861953 0.226477 9.9982E-05 0.687128 9.9982E-05
9.9991E-05 0.19989 0.0219086 0.615392 0.16271
0.906016 0.0936838 9.9973E-05 9.9973E-05 9.9973E-05
0.780798 0.0875157 0.0295414 0.0755946 0.0265502
0.844935 0.0242794 0.0146829 0.0712208 0.0448819
0.590777 0.318695 9.9991E-05 0.0328497 0.0575783
0.853261 9.9982E-05 0.0239313 0.122608 9.9982E-05
0.760895 0.0828512 0.0218128 0.00319352 0.131247
0.851772 0.0335009 0.0189054 0.0957215 9.9991E-05
0.833459 0.0418788 9.9991E-05 0.00902413 0.115538
0.811011 0.0927778 9.9991E-05 0.021387 0.0747238
0.823078 0.0933567 0.0144363 9.9991E-05 0.0690294
0.805116 0.0432788 0.0400132 0.111492 9.9991E-05
0.745683 0.0267056 0.0677789 0.151713 0.0081193
0.796657 9.9991E-05 0.0371549 0.129422 0.036666
0.862864 9.9991E-05 0.0168413 0.0455241 0.0746702
0.815092 0.14343 0.0103664 0.0310122 9.9991E-05
0.83543 9.9982E-05 0.0299594 0.134411 9.9982E-05
0.844951 0.0481665 0.0234859 9.9991E-05 0.0832967
0.144802 0.763705 0.000748805 0.079149 0.0115957
9.9973E-05 0.910004 9.9973E-05 0.0896962 9.9973E-05
0.825359 0.0943826 9.9982E-05 0.080058 9.9982E-05
0.704389 9.9982E-05 0.0103313 0.28508 9.9982E-05
0.811531 0.161349 9.9982E-05 9.9982E-05 0.0269201
0.101163 0.771014 9.9982E-05 0.127624 9.9982E-05
0.0425415 0.138114 0.00424648 0.787385 0.0277136
9.9991E-05 0.0500802 0.0156595 0.634677 0.299483
0.0117654 0.219179 9.9991E-05 0.274944 0.494012
9.9982E-05 0.131888 9.9982E-05 0.214732 0.653181
9.9982E-05 0.221791 9.9982E-05 0.0174209 0.760588
0.0414351 0.070868 0.00367226 9.9991E-05 0.883925
9.9982E-05 0.130872 9.9982E-05 0.0664928 0.802435
0.0264457 0.11159 0.0120467 0.0583249 0.791593
0.0672398 0.198003 0.0340066 9.9991E-05 0.700651
0.0683877 9.9991E-05 0.0617467 0.13985 0.729916
0.0528667 0.156354 0.0159306 0.657494 0.117354
0.0728311 0.0709754 0.0421468 0.683447 0.1306
0.0292741 0.225024 0.0399993 0.705602 9.9991E-05
9.99731E-05 0.374235 9.99731E-05 0.625465 9.99731E-05
9.9982E-05 0.27998 0.0276395 0.692181 9.9982E-05
9.9982E-05 0.471154 9.9982E-05 0.506202 0.0224446
9.9991E-05 0.268695 0.0253467 0.518828 0.18703
0.0286474 0.254098 0.0275257 0.497797 0.191932
9.9991E-05 0.163166 0.0659446 0.646536 0.124253
0.0146538 0.265848 0.0256339 0.508419 0.185445
0.0488768 0.174408 0.037438 0.597868 0.141409
0.111232 0.0596516 0.136428 9.9991E-05 0.692588
0.744671 0.103591 0.022636 0.0258538 0.103248
0.781726 0.0585217 0.0522269 9.9991E-05 0.107426
0.813094 0.143916 0.0138077 9.9991E-05 0.0290817
0.73104 0.0345418 0.00548982 0.228828 9.9991E-05
0.767489 9.9991E-05 0.0443935 0.122699 0.0653187
0.149409 0.142966 0.0296526 0.381002 0.296971
9.9991E-05 0.183732 0.0198669 0.45525 0.341051
0.0314192 9.9991E-05 0.0781101 0.76028 0.130091
9.9991E-05 0.246557 0.0762578 0.413978 0.263107
