0.767357 0.106721 0.0251351 0.0520825 0.0487041
0.722672 0.0888237 0.0397503 9.9991E-05 0.148654
0.614313 0.216218 0.024133 9.9991E-05 0.145236
0.804311 0.0616877 9.9991E-05 0.0342201 0.099681
0.920857 9.9973E-05 9.9973E-05 0.0788427 9.9973E-05
0.770399 0.012726 0.0134385 0.0785688 0.124868
0.734711 0.0174553 9.9991E-05 0.048821 0.198913
0.809617 0.00475816 0.0448903 9.9991E-05 0.140635
0.667978 0.18074 0.00601304 0.131751 0.0135185
0.519129 0.16997 0.0155205 9.9991E-05 0.295281
0.385042 0.0795741 0.0226907 0.108557 0.404137
0.575558 0.193878 0.0221178 0.0450697 0.163377
9.9991E-05 0.0395783 0.0473912 0.0355633 0.877367
0.579681 0.183738 9.9991E-05 0.080248 0.156233
0.714485 0.153721 0.0444317 0.0872619 9.9991E-05
0.724524 0.0569218 0.0269515 9.9991E-05 0.191502
0.650684 0.293493 9.9991E-05 0.00981273 0.0459101
0.86702 0.0853808 0.0373764 9.9991E-05 0.0101229
0.125593 0.496789 0.0784227 0.143285 0.15591
0.114425 0.689113 9.9982E-05 9.9982E-05 0.196262
0.221064 0.71409 0.0205128 9.9991E-05 0.0442333
0.0585636 0.81032 0.0141028 0.000642485 0.116371
9.9982E-05 0.899979 0.0518905 9.9982E-05 0.0479301
0.138323 0.742773 0.0641553 0.054649 9.9991E-05
0.198413 0.656701 9.9982E-05 9.9982E-05 0.144686
0.0724478 0.923965 0.00338731 9.9982E-05 9.9982E-05
9.9982E-05 0.889893 0.0393677 0.0705397 9.9982E-05
9.9982E-05 0.873899 0.0355107 0.0903899 9.9982E-05
0.0719411 0.900915 9.9982E-05 0.0269444 9.9982E-05
0.0681234 0.836077 9.9982E-05 0.0955996 9.9982E-05
0.00232888 0.897419 0.0145551 0.0855969 9.9991E-05
0.0404511 0.868321 0.0474168 0.043711 9.9991E-05
0.0690544 0.818155 0.0598912 9.9991E-05 0.0527994
0.468079 0.160258 0.0608915 9.9991E-05 0.310671
0.705148 0.236943 9.9982E-05 0.0577095 9.9982E-05
0.734137 0.124608 9.9991E-05 0.0966653 0.04449
0.718911 0.048573 0.0491066 0.00996 0.173449
0.595374 0.134473 0.00188652 0.0805481 0.187718
9.997E-05 9.997E-05 0.9996 9.997E-05 9.997E-05
9.9991E-05 0.808728 0.0499554 0.00379551 0.137421
0.735958 0.116739 9.9982E-05 0.147103 9.9982E-05
0.594262 0.157559 0.00915154 9.9991E-05 0.238928
0.262828 0.326545 0.00915772 0.137353 0.264115
0.135936 0.124134 0.0379202 0.154295 0.547715
9.9973E-05 9.9973E-05 0.0117259 9.9973E-05 0.987974
9.997E-05 9.997E-05 0.9996 9.997E-05 9.997E-05
0.366282 0.161234 0.082219 0.000217225 0.390047
0.23166 0.0900811 9.9991E-05 0.0693616 0.608798
0.329769 0.35307 0.0516184 0.0761443 0.189398
0.0249184 0.0170118 0.0280934 0.719001 0.210975
0.0393337 0.0100464 0.0297417 0.775973 0.144905
0.10955 0.064195 9.9982E-05 0.826055 9.9982E-05
9.9991E-05 0.038199 0.0697333 0.710254 0.181714
9.9982E-05 0.107554 0.0488954 0.843351 9.9982E-05
0.07343 0.0745597 9.9982E-05 0.85181 9.9982E-05
0.261051 9.9973E-05 9.9973E-05 0.738649 9.9973E-05
0.0405464 0.0237657 0.0110343 0.82681 0.0978438
9.9982E-05 0.130677 0.0179937 0.85113 9.9982E-05
0.0911105 0.00193031 0.0356364 0.800054 0.0712689
0.0971979 9.9991E-05 0.0200671 0.629133 0.253502
9.9982E-05 0.0809742 9.9982E-05 0.807445 0.111381
0.075917 0.0567351 9.9991E-05 0.723725 0.143523
0.0181628 9.9991E-05 0.0815677 0.291916 0.608254
0.0665067 0.760884 0.0364026 0.0491763 0.08703
0.143452 0.767368 0.033391 0.0312621 0.0245268
0.179197 0.807156 0.0134471 9.9982E-05 9.9982E-05
0.124627 0.0234287 9.9991E-05 0.701573 0.150272
9.9982E-05 9.9982E-05 0.0897209 0.460028 0.450051
0.0720013 0.0534105 0.0127025 0.754705 0.107181
9.9991E-05 0.0127006 0.0545969 0.709723 0.222879
0.0688669 9.9991E-05 0.0596288 0.845458 0.0259463
0.240551 9.9991E-05 0.00487561 0.143727 0.610746
0.0705931 0.0340242 0.0136566 0.0559468 0.825779
0.150748 9.9982E-05 9.9982E-05 0.129983 0.719069
9.9973E-05 9.9973E-05 0.0312288 9.9973E-05 0.968471
9.9982E-05 0.0889993 0.0524677 9.9982E-05 0.858333
9.9982E-05 0.0198675 0.0361626 9.9982E-05 0.94377
0.106799 0.0722047 0.0467332 0.036513 0.73775
0.0787695 9.9982E-05 9.9982E-05 0.676019 0.245012
0.0565091 9.9991E-05 0.104756 0.44234 0.396295
9.9991E-05 0.119816 0.0148026 0.728828 0.136454
9.9991E-05 0.051884 0.047826 0.73793 0.16226
0.181747 9.9991E-05 0.0286554 0.727502 0.0619955
0.0244545 0.709479 0.0181111 0.035836 0.21212
0.0981363 0.166802 9.9991E-05 0.265385 0.469576
9.9973E-05 9.9973E-05 9.9973E-05 0.104556 0.895144
9.997E-05 9.997E-05 0.9996 9.997E-05 9.997E-05
0.674696 0.19265 9.9982E-05 9.9982E-05 0.132454
0.739248 0.146716 0.0215066 9.9991E-05 0.0924291
0.615894 0.134874 0.0487837 0.00706772 0.193381
0.344967 0.22023 0.0558811 0.0560241 0.322898
0.828579 0.0200029 9.9991E-05 0.0319543 0.119363
0.0173433 9.9982E-05 9.9982E-05 0.187388 0.795069
0.091261 0.566171 0.0481172 0.027183 0.267268
9.9982E-05 9.9982E-05 0.0870979 0.149264 0.763438
0.2449 0.285666 0.0144071 0.0503172 0.40471
0.764805 0.226804 9.9982E-05 0.00819074 9.9982E-05
0.659587 0.110345 9.9982E-05 9.9982E-05 0.229868
0.530487 0.182187 9.9982E-05 9.9982E-05 0.287126
0.641626 0.0261833 0.0298301 0.0220749 0.280286
0.546763 0.0371981 0.00514408 9.9991E-05 0.410794
0.704589 0.0640963 0.0160174 9.9991E-05 0.215197
0.0253452 0.0323174 0.0358164 0.189997 0.716524
0.0499809 0.0824342 0.0777241 0.168948 0.620913
0.110744 9.9991E-05 0.082924 0.200781 0.605451
0.13684 0.166175 0.00862474 9.9991E-05 0.68826
0.162422 0.212939 9.9991E-05 0.071635 0.552904
0.521328 0.392168 9.9991E-05 0.0847482 0.00165574
0.200739 9.9982E-05 0.0255138 0.773547 9.9982E-05
0.0385017 0.0399368 0.00310231 0.725907 0.192552
9.9982E-05 0.107988 9.9982E-05 0.141194 0.750618
0.178967 0.0787662 0.0315255 0.148462 0.562279
0.00954744 0.181776 0.0735028 0.10357 0.631603
9.9973E-05 0.678204 9.9973E-05 9.9973E-05 0.321497
9.9991E-05 0.0280473 0.0409481 0.666612 0.264292
9.9982E-05 0.0153625 9.9982E-05 0.641009 0.343429
0.114149 9.9982E-05 9.9982E-05 0.470599 0.415051
0.35021 0.444639 0.0786527 0.0128222 0.113677
0.729869 0.185786 0.00471465 0.0795304 9.9991E-05
0.811357 9.9991E-05 0.0146543 0.0578785 0.116011
0.77171 0.0826528 9.9982E-05 0.145438 9.9982E-05
0.523612 0.425262 9.9991E-05 0.00229341 0.0487325
0.704009 0.170497 0.02035 0.00318193 0.101962
0.85824 0.104025 9.9982E-05 0.0375346 9.9982E-05
0.918618 0.00050905 0.0110151 0.069758 9.9991E-05
0.454022 0.457096 9.9991E-05 0.0156936 0.0730888
0.776635 0.133982 9.9991E-05 0.0348352 0.0544472
0.668818 0.154446 0.0488433 9.9991E-05 0.127793
0.638894 0.0968323 0.0318263 9.9991E-05 0.232348
0.504587 0.265573 0.000492096 0.0851338 0.144215
0.763863 0.0074203 0.0371781 0.0654292 0.12611
0.480036 0.181749 0.00286904 9.9991E-05 0.335246
0.817115 0.00191256 9.9991E-05 0.0544551 0.126417
9.9973E-05 0.791798 9.9973E-05 9.9973E-05 0.207902
0.037352 0.957665 9.9982E-05 9.9982E-05 0.0047835
0.108498 0.842921 0.0483812 9.9982E-05 9.9982E-05
0.0887089 0.746524 0.0184513 0.0768184 0.0694969
0.0123752 0.813769 0.0126845 0.0292527 0.131918
0.6462 9.9991E-05 0.00651965 0.045497 0.301683
0.625321 0.171525 0.0187092 9.9991E-05 0.184345
9.9973E-05 9.9973E-05 9.9973E-05 0.899166 0.100534
0.0579215 0.0597523 0.0325663 0.84966 9.9991E-05
0.122935 9.9982E-05 0.0127784 0.864086 9.9982E-05
0.110548 0.0426459 0.00392776 0.647992 0.194886
0.100928 9.9982E-05 9.9982E-05 0.895804 0.00306802
0.000111801 0.144485 0.0234084 0.831895 9.9991E-05
0.016559 9.9991E-05 0.0172443 0.918704 0.0473923
9.9991E-05 0.0906638 0.00421238 0.817752 0.0872719
9.9982E-05 0.0842602 9.9982E-05 0.824232 0.0913083
0.0176684 0.112018 0.0113218 0.853642 0.00534997
0.0978457 9.9991E-05 0.0247105 0.796478 0.0808655
0.115213 0.000899547 0.0476452 0.764527 0.0717151
0.0891886 0.104155 0.012486 0.78229 0.0118811
9.9982E-05 0.0936227 0.0141714 0.892006 9.9982E-05
0.0482619 0.0461613 0.00181855 0.825582 0.0781759
0.100583 9.9982E-05 0.0343739 0.864843 9.9982E-05
0.0665968 0.0307279 0.0111378 0.891437 9.9991E-05
0.0287983 0.0452759 9.9991E-05 0.114507 0.811319
0.0941294 9.9973E-05 9.9973E-05 9.9973E-05 0.905571
0.0122209 9.9982E-05 9.9982E-05 0.829835 0.157744
0.217235 9.9991E-05 0.0275773 0.684972 0.0701156
9.9973E-05 9.9973E-05 9.9973E-05 0.770581 0.229119
0.181052 9.9982E-05 9.9982E-05 0.110059 0.708689
0.932348 9.9991E-05 0.00723169 0.018828 0.0414927
0.770014 0.18706 0.0427267 9.9982E-05 9.9982E-05
0.275342 0.471953 9.9982E-05 9.9982E-05 0.252504
0.238633 0.619726 9.9982E-05 9.9982E-05 0.141441
9.9973E-05 0.764828 9.9973E-05 9.9973E-05 0.234872
0.02173 0.843527 9.9991E-05 0.0288805 0.105763
0.141616 0.722051 0.0308995 9.9991E-05 0.105334
0.0638623 0.768336 0.0258106 0.0145751 0.127416
9.9991E-05 0.751409 0.034788 0.0271999 0.186503
0.0677845 0.785597 0.0689638 0.0775549 9.9991E-05
0.81142 0.0473984 0.0182263 0.0616442 0.0613108
0.739753 0.0618933 0.0567845 0.043314 0.0982556
0.685897 9.9991E-05 0.0395857 0.0340084 0.240409
0.687205 9.9982E-05 9.9982E-05 0.000759271 0.311836
0.749737 9.9973E-05 9.9973E-05 9.9973E-05 0.249963
0.550753 9.9973E-05 9.9973E-05 9.9973E-05 0.448947
0.594929 0.196463 0.00726714 9.9991E-05 0.201241
0.583968 0.144927 0.00958433 0.0197912 0.24173
0.702177 0.065809 0.0389532 0.0320912 0.16097
0.632737 0.134783 0.0147025 0.069912 0.147866
0.676574 0.128488 0.0409441 0.072462 0.0815315
0.0381266 0.65354 0.149898 0.0449627 0.113473
9.9991E-05 0.0172664 0.0282959 0.723604 0.230734
0.013266 0.1178 0.0304275 0.788517 0.0499894
9.9991E-05 0.0293632 0.0074204 0.8838 0.079316
0.178282 9.9991E-05 0.00232292 0.74324 0.0760556
0.0797435 0.105968 0.0274624 0.786726 9.9991E-05
0.440232 0.273491 0.0357742 0.114595 0.135908
0.478899 0.30378 0.0414402 0.0125748 0.163306
0.742366 0.154531 0.0779198 0.0250824 9.9991E-05
0.470199 0.184052 0.0618436 9.9991E-05 0.283805
