0.791058 0.183041 0.0053201 0.0205815
0.782338 0.186519 0.0310426 9.9991E-05
0.703613 0.25362 0.0426671 9.9991E-05
0.892205 0.0621537 0.0194307 0.0262101
0.915179 0.0630513 0.0150105 0.00675902
0.908414 0.0368738 9.9991E-05 0.0546126
0.826432 0.110543 9.9991E-05 0.0629247
0.950513 9.9982E-05 0.0492873 9.9982E-05
0.672014 0.22079 0.0295772 0.0776188
0.700397 0.230702 0.0373102 0.031591
0.630385 0.0842109 0.0571887 0.228215
0.618353 0.290756 0.0182688 0.0726222
0.577564 0.0705263 0.0515892 0.30032
0.670967 0.228401 9.9991E-05 0.100532
0.647539 0.239387 0.0690682 0.0440057
0.836731 0.135928 0.027241 9.9991E-05
0.704796 0.29014 0.00496444 9.9991E-05
0.847103 0.118106 0.0346908 9.9991E-05
0.169006 0.574006 0.0672961 0.189691
0.138692 0.797126 9.9991E-05 0.064082
0.215539 0.755583 0.0211747 0.0077029
9.9991E-05 0.942663 0.0172354 0.0400012
9.9991E-05 0.950636 0.0375867 0.0116773
0.0606748 0.880491 0.058734 9.9991E-05
0.229852 0.763847 9.9991E-05 0.00620173
0.0547191 0.937636 0.00754524 9.9991E-05
9.9991E-05 0.884844 0.0326852 0.0823711
9.9991E-05 0.911762 0.039621 0.048517
9.998E-05 0.9997 9.998E-05 9.998E-05
9.9982E-05 0.943145 9.9982E-05 0.0566548
9.9991E-05 0.973706 0.0154846 0.0107098
0.0455222 0.885181 0.0336305 0.0356662
0.0578034 0.874309 0.0677877 9.9991E-05
0.676885 0.224327 0.080494 0.0182935
0.645338 0.34587 9.9991E-05 0.00869158
0.734547 0.204543 9.9991E-05 0.0608103
0.882593 0.0574819 0.0278332 0.032092
0.702457 0.167794 0.0178121 0.111937
9.998E-05 9.998E-05 0.9997 9.998E-05
0.0235222 0.878788 0.0238054 0.0738846
0.724621 0.183393 0.00858923 0.0833963
0.808219 0.191581 9.9982E-05 9.9982E-05
0.393155 0.360761 0.00547447 0.240609
0.430105 0.168494 0.0750646 0.326336
0.622615 0.0492626 0.0398086 0.288314
9.998E-05 9.998E-05 0.9997 9.998E-05
0.566633 0.30142 0.0931694 0.0387776
0.625521 0.152905 9.9991E-05 0.221475
0.424466 0.412801 0.0282957 0.134437
0.0918568 0.0123367 0.0385907 0.857216
0.0487736 0.0128614 0.032514 0.905851
0.0620167 0.0692652 0.00995646 0.858762
0.0871092 0.0423262 0.0361737 0.834391
9.9991E-05 0.0692992 0.0517258 0.878875
9.9982E-05 0.109435 9.9982E-05 0.890365
0.222721 0.0073256 9.9991E-05 0.769854
9.9991E-05 0.0689921 0.0312535 0.899654
9.9991E-05 0.102287 0.0236381 0.873975
0.0917121 0.0207733 0.0277492 0.859765
0.26302 9.9991E-05 0.027289 0.709591
9.9991E-05 0.0754468 0.00526457 0.919189
0.0735915 0.123147 9.9991E-05 0.803162
0.342777 0.0550501 0.100262 0.501911
0.156753 0.783087 0.0334251 0.0267349
0.0864773 0.853109 0.0238277 0.036586
0.070314 0.916428 0.0131581 9.9991E-05
0.0990402 0.0838031 0.0392372 0.777919
0.205884 0.00594777 0.0885328 0.699636
0.0907475 0.051701 0.0299371 0.827614
0.0455871 0.0406308 0.0537614 0.860021
0.0537566 9.9991E-05 0.0601588 0.885985
0.621901 9.9982E-05 9.9982E-05 0.377899
0.587815 0.059629 0.0514871 0.301068
0.501421 0.0852725 0.011539 0.401767
0.564584 0.0410043 0.0674037 0.327008
0.571824 0.114173 0.0408983 0.273105
0.533203 0.0866157 0.0413414 0.33884
0.567938 0.153856 0.0240988 0.254107
0.244273 9.9982E-05 9.9982E-05 0.755527
0.284094 0.0212285 0.10136 0.593318
0.00719037 0.0994777 0.0252676 0.868064
9.9991E-05 0.0906875 0.0600614 0.849151
0.154368 9.9991E-05 0.0355102 0.810022
0.152284 0.761314 0.0167967 0.069605
0.314597 0.202372 9.9991E-05 0.482931
0.576637 0.014081 9.9991E-05 0.409182
9.998E-05 9.998E-05 0.9997 9.998E-05
0.777427 0.222373 9.99905E-05 9.99905E-05
0.751557 0.214314 0.0340297 9.9991E-05
0.695822 0.184428 0.0396676 0.0800827
0.512985 0.307155 0.0489958 0.130865
0.900327 0.090177 9.9991E-05 0.00939647
0.452868 0.0817455 0.0187167 0.44667
0.231521 0.676019 0.0259195 0.0665406
0.517213 9.9991E-05 0.0992723 0.383415
0.446575 0.34707 0.0280736 0.178281
0.723784 0.276016 9.9982E-05 9.9982E-05
0.899226 0.0791955 0.00716245 0.0144161
0.772401 0.19154 9.9991E-05 0.0359589
0.832351 0.0612811 0.0320526 0.0743148
0.88427 0.0642303 0.0302892 0.0212104
0.860479 0.128441 0.0109801 9.9991E-05
0.475365 0.0395141 0.0460367 0.439085
0.458127 0.101977 0.110487 0.329408
0.488531 0.00318903 0.108948 0.399332
0.59053 0.305232 0.00229773 0.101941
0.557629 0.226398 9.9991E-05 0.215874
0.486689 0.473943 9.9991E-05 0.0392687
0.122189 9.9991E-05 0.0360778 0.841634
0.0364343 0.0943824 0.0350562 0.834127
0.389979 0.235769 0.00211815 0.372134
0.428399 0.200022 0.0618824 0.309697
0.307649 0.328251 0.0662892 0.29781
0.169356 0.821542 9.9991E-05 0.00900204
0.0430606 0.0707735 0.0783287 0.807837
0.117703 0.0630372 9.9991E-05 0.81916
0.31573 0.0133874 9.9991E-05 0.670782
0.354185 0.537261 0.0595695 0.0489842
0.621707 0.332489 0.00393122 0.0418731
0.842749 0.0356196 0.0399821 0.0816496
0.755498 0.152128 9.9991E-05 0.0922745
0.514911 0.484889 9.9982E-05 9.9982E-05
0.737108 0.234522 0.02827 9.9991E-05
0.83538 0.16442 9.9982E-05 9.9982E-05
0.841145 0.0849108 0.0303691 0.0435755
0.549042 0.437961 9.9991E-05 0.0128969
0.81123 0.18857 9.9982E-05 9.9982E-05
0.73206 0.236448 0.0313924 9.9991E-05
0.803049 0.178613 0.0182376 9.9991E-05
0.547849 0.314199 0.00986111 0.128091
0.801173 0.106521 0.0496139 0.0426916
0.681418 0.243949 0.0350537 0.0395793
0.847065 0.152736 9.9982E-05 9.9982E-05
0.103488 0.859363 9.9991E-05 0.0370492
0.0119508 0.987849 9.9982E-05 9.9982E-05
9.9982E-05 0.964969 0.0348307 9.9982E-05
0.0856607 0.843245 0.00156519 0.069529
0.0930245 0.836658 0.0173136 0.0530042
0.835033 0.0136191 0.0414975 0.10985
0.777698 0.205826 0.00503636 0.0114396
9.998E-05 9.998E-05 9.998E-05 0.9997
0.0519633 0.0500155 0.0447493 0.853272
0.0286079 9.9991E-05 0.0153411 0.955951
0.143308 0.0947541 9.9991E-05 0.761838
0.0310584 9.9991E-05 0.0468543 0.921987
9.9991E-05 0.108385 0.0134419 0.878073
9.9982E-05 9.9982E-05 0.0258162 0.973984
9.9991E-05 0.0744245 0.00587862 0.919597
9.9991E-05 0.0495935 0.0137136 0.936593
0.000573695 0.0859692 0.0128774 0.90058
0.0442367 9.9991E-05 0.0501084 0.905555
0.0864964 0.0556006 0.0387838 0.819119
0.0703097 0.0548895 0.0137522 0.861049
9.9991E-05 0.0632792 0.00663226 0.929989
0.0179417 0.0310608 0.0269488 0.924049
0.00854225 9.9991E-05 0.0234948 0.967863
9.9991E-05 0.0981722 0.0206285 0.881099
0.474126 0.0975524 0.00452879 0.423793
0.653696 0.113622 0.0148091 0.217873
0.080725 9.9982E-05 9.9982E-05 0.919075
0.252116 9.9991E-05 0.0112064 0.736578
9.9991E-05 0.0578955 0.00768681 0.934318
0.569209 9.9982E-05 9.9982E-05 0.430591
0.972872 9.9982E-05 0.0269278 9.9982E-05
0.671927 0.293608 0.0343656 9.9991E-05
0.405361 0.526173 9.9991E-05 0.0683661
0.271577 0.728223 9.9982E-05 9.9982E-05
0.036612 0.911987 0.00370744 0.0476931
0.034579 0.924232 0.00132439 0.0398641
0.110942 0.881784 0.00717364 9.9991E-05
0.0902887 0.850162 0.0169694 0.0425799
9.9991E-05 0.810591 0.0329671 0.156342
0.0222329 0.850554 0.0504883 0.0767251
0.76666 0.205796 0.0185668 0.00897634
0.810408 0.0631527 0.0654756 0.0609636
0.901889 9.9991E-05 0.0573122 0.0406983
0.981463 9.9982E-05 9.9982E-05 0.0183372
0.984512 9.9991E-05 0.0089244 0.00646339
0.891079 0.00115462 0.00525674 0.102509
0.728859 0.212894 0.0327924 0.0254548
0.606155 0.321177 9.9991E-05 0.0725683
0.777486 0.101983 0.0652246 0.0553068
0.671602 0.227048 0.0267967 0.0745533
0.78707 0.130011 0.0452492 0.0376698
0.0788109 0.670119 0.13444 0.11663
0.0680707 0.0356585 0.029612 0.866659
9.9991E-05 0.0682202 0.0419202 0.88976
0.00547572 0.0630253 0.00418089 0.927318
0.155437 0.0433684 0.0197528 0.781442
0.0117182 0.0930209 0.0254465 0.869814
0.496368 0.307035 0.0224844 0.174113
0.640686 0.312623 0.0317243 0.0149666
0.711359 0.209486 0.0790551 9.9991E-05
0.618962 0.314445 0.0664923 9.9991E-05
