9.9991E-05 0.0995911 0.09683 0.780133 0.0233461
9.999E-05 0.0761853 0.0928021 0.787433 0.0434797
0.00734061 0.154633 0.176862 0.639943 0.0212208
0.00701816 0.181141 0.0354288 0.768203 0.00820889
0.0836123 9.9982E-05 9.9982E-05 0.912727 0.00346031
0.057653 0.0671987 0.0354924 0.839556 9.9991E-05
0.0214951 0.154753 0.0469664 0.776686 9.9991E-05
9.9982E-05 0.243074 9.9982E-05 0.71439 0.0423363
0.106684 9.9991E-05 0.160041 0.698092 0.0350835
9.999E-05 0.311718 0.232642 0.416397 0.0391433
0.0653443 0.497757 0.0540611 0.333584 0.0492543
0.0269029 0.261294 0.217562 0.484196 0.0100455
0.0363205 0.845266 0.0694524 9.9991E-05 0.0488615
0.059201 0.252904 0.198661 0.489134 9.9991E-05
0.111715 9.9991E-05 0.167722 0.68526 0.0352021
9.999E-05 0.224188 0.099336 0.673848 0.00252766
0.00537761 0.0179659 0.218269 0.738519 0.0198676
9.999E-05 0.0124443 0.10886 0.847458 0.0311385
0.137212 0.170017 0.539428 0.106007 0.047336
9.9982E-05 0.175488 0.640382 0.18393 9.9982E-05
0.00956786 9.9991E-05 0.726924 0.254725 0.00868297
9.9982E-05 0.169712 0.825438 9.9982E-05 0.00465085
9.9982E-05 0.110815 0.84512 9.9982E-05 0.0438651
0.0513542 9.9991E-05 0.739397 0.165226 0.0439226
9.9982E-05 0.0585061 0.658653 0.282641 9.9982E-05
9.9991E-05 0.0161519 0.914367 0.0524908 0.0168907
0.047956 9.9982E-05 0.916706 9.9982E-05 0.0351378
0.0853365 9.9982E-05 0.874308 9.9982E-05 0.0401553
0.0299527 9.9982E-05 0.891964 0.0778835 9.9982E-05
0.114467 9.9982E-05 0.789923 0.0954097 9.9982E-05
0.0437779 0.0318678 0.896196 9.9991E-05 0.0280586
0.035017 9.9991E-05 0.796145 0.141379 0.0273594
0.0202952 0.0939894 0.807277 0.0473483 0.0310906
9.9991E-05 0.259081 0.146146 0.513951 0.0807215
0.0978527 9.9991E-05 0.212228 0.689449 0.00037031
0.053181 0.106439 0.13221 0.70807 9.9991E-05
9.9991E-05 0.223423 0.0305525 0.716243 0.0296816
0.0831143 0.23768 0.13579 0.528179 0.0152374
9.997E-05 9.997E-05 9.997E-05 9.997E-05 0.9996
9.9982E-05 0.204031 0.77956 9.9982E-05 0.0162094
0.127372 9.9982E-05 0.186579 0.68585 9.9982E-05
9.9982E-05 0.199055 0.133945 0.6668 9.9982E-05
0.102414 0.256886 0.294323 0.326754 0.0196233
0.0754893 0.68379 0.100083 0.0880365 0.0526013
0.0158084 0.918919 0.059455 0.00503372 0.000783457
9.997E-05 9.997E-05 9.997E-05 9.997E-05 0.9996
0.0618064 0.234126 0.187767 0.435133 0.0811679
0.0556014 0.521363 0.149596 0.27334 9.9991E-05
0.105208 0.175838 0.337459 0.362767 0.0187272
0.762629 0.168448 0.0490225 9.9991E-05 0.0198009
0.774388 0.153432 0.00833347 0.0467344 0.0171121
0.830567 9.9982E-05 0.0423677 0.126865 9.9982E-05
0.722472 0.190933 9.9991E-05 0.0448016 0.0416938
0.878088 0.0115376 0.0543318 0.0123448 0.0436974
0.88279 9.9982E-05 0.0636064 0.0534034 9.9982E-05
0.794839 9.9973E-05 9.9973E-05 0.204861 9.9973E-05
0.788993 0.168175 0.0106301 0.0181384 0.0140634
0.854126 9.9982E-05 0.0736716 9.9982E-05 0.0720029
0.782436 0.0739711 9.9991E-05 0.103982 0.039511
0.65311 0.147748 9.9991E-05 0.168522 0.0305203
0.79538 0.0979497 0.10647 9.9982E-05 9.9982E-05
0.723706 0.159507 0.0627034 0.0446914 0.00939238
0.314508 0.581615 0.0614101 9.9991E-05 0.042367
0.0725903 9.9991E-05 0.73251 0.145904 0.048896
0.0254054 0.0559957 0.770448 0.136249 0.0119017
9.9982E-05 9.9982E-05 0.828516 0.16315 0.00813435
0.702716 0.171721 9.9991E-05 0.11173 0.0137333
0.494857 0.434838 0.00796002 9.9991E-05 0.0622449
0.715675 0.216747 9.9991E-05 0.0383358 0.0291415
0.718779 0.202367 0.025585 9.9991E-05 0.053169
0.847606 9.9991E-05 0.027997 0.0698828 0.0544143
0.12957 0.607272 9.9991E-05 0.254321 0.0087374
0.0397392 0.803987 0.0424917 0.0891736 0.0246086
0.0839691 0.851462 0.0314161 0.024904 0.00824832
9.9973E-05 0.978345 9.9973E-05 9.9973E-05 0.0213549
9.9982E-05 0.896571 0.081717 9.9982E-05 0.0215117
9.9973E-05 0.97537 9.9973E-05 9.9973E-05 0.0243297
0.0290984 0.793716 0.121373 0.0298489 0.0259633
0.663889 0.278276 9.9982E-05 0.0576354 9.9982E-05
0.42874 0.313638 9.9991E-05 0.116525 0.140998
0.750893 0.173676 0.0657171 9.9991E-05 0.00961344
0.777738 0.0858525 0.0884148 9.9991E-05 0.0478948
0.743883 9.9982E-05 9.9982E-05 0.211145 0.0447723
0.0296131 0.161557 0.721265 0.079537 0.00802812
0.318275 0.485677 0.143711 0.052237 9.9991E-05
0.101312 0.888266 9.9982E-05 0.0102213 9.9982E-05
9.997E-05 9.997E-05 9.997E-05 9.997E-05 0.9996
9.9982E-05 0.154662 0.228081 0.617058 9.9982E-05
9.9991E-05 0.0625132 0.108273 0.796098 0.0330156
9.9991E-05 0.159535 0.208831 0.570753 0.0607809
0.065548 0.239268 0.278204 0.36994 0.0470399
0.0788312 0.0451073 0.141037 0.734925 9.9991E-05
0.142708 0.856992 9.9973E-05 9.9973E-05 9.9973E-05
0.0281594 0.147909 0.621619 0.160073 0.0422399
0.132424 0.736243 9.9991E-05 0.0470001 0.0842335
0.0487274 0.363142 0.275947 0.275942 0.0362416
9.9982E-05 0.106374 0.222042 0.671383 9.9982E-05
9.9982E-05 0.303596 0.0867689 0.609435 9.9982E-05
9.9982E-05 0.345895 0.162648 0.491257 9.9982E-05
0.0652497 0.298987 0.0764911 0.543287 0.0159855
9.9991E-05 0.405575 0.0502418 0.538676 0.00540741
9.9982E-05 0.357614 0.0796375 0.562549 9.9982E-05
0.164749 0.685836 0.0560284 0.051736 0.04165
0.163689 0.447879 0.124867 0.183338 0.0802272
0.140218 0.717359 9.9991E-05 0.053929 0.0883946
9.9991E-05 0.675296 0.199362 0.113771 0.0114708
0.0820848 0.552802 0.128011 0.237002 9.9991E-05
0.0679217 9.9982E-05 0.4223 0.509578 9.9982E-05
0.772194 0.0012486 9.9991E-05 0.197886 0.0285719
0.707837 0.206955 0.0352604 0.0133722 0.0365753
0.185088 0.593346 0.180996 0.0404692 9.9991E-05
0.14268 0.523612 0.161685 0.134417 0.0376047
0.108105 0.494544 0.307803 0.023581 0.0659671
9.9973E-05 0.270987 0.728713 9.9973E-05 9.9973E-05
0.649387 0.290881 0.0223932 9.9991E-05 0.0372395
0.657925 0.253142 0.0554384 0.0333941 9.9991E-05
0.458974 0.432167 9.9982E-05 0.10866 9.9982E-05
0.0255894 0.0604997 0.498283 0.354295 0.0613327
0.051863 9.9991E-05 0.251181 0.688626 0.00823002
0.0423388 0.153374 9.9991E-05 0.785087 0.0191005
0.12398 0.045261 0.0995006 0.731158 9.9991E-05
9.9991E-05 0.0531984 0.411643 0.534482 0.000576481
9.9991E-05 0.0661274 0.192562 0.728525 0.0126854
0.00414201 0.121868 0.0813498 0.79254 9.9991E-05
0.0923983 9.9982E-05 9.9982E-05 0.895011 0.0123909
9.9982E-05 0.185357 0.341392 0.473052 9.9982E-05
0.00164072 0.0742973 0.159215 0.760723 0.0041235
9.9991E-05 0.0685398 0.143278 0.741285 0.0467971
9.9991E-05 0.145652 0.123208 0.713163 0.0178764
0.092858 0.120558 0.2987 0.487783 9.9991E-05
0.0609078 0.122288 9.9991E-05 0.766102 0.0506028
0.0201516 0.295722 0.264067 0.416624 0.00343482
0.0501449 0.0736626 0.0338574 0.842235 9.9991E-05
9.9973E-05 0.165568 0.834132 9.9973E-05 9.9973E-05
9.9973E-05 0.11823 0.88147 9.9973E-05 9.9973E-05
9.9982E-05 9.9982E-05 0.917404 0.0545807 0.0278157
0.0754865 9.9991E-05 0.822836 0.0890865 0.0124909
0.0275795 0.180314 0.768763 9.9991E-05 0.0232426
0.0537504 0.209781 9.9991E-05 0.722131 0.0142379
9.9991E-05 0.182643 0.110405 0.680069 0.0267835
0.942119 0.0575806 9.9973E-05 9.9973E-05 9.9973E-05
0.843783 9.9991E-05 0.0788254 0.0261347 0.051157
0.878193 9.9991E-05 0.0143117 0.101998 0.00539731
0.627291 0.271263 0.0716305 0.0297162 9.9991E-05
0.861817 0.0179963 9.9991E-05 0.0799102 0.0401769
0.801937 0.104925 0.0879128 0.000491159 0.00473465
0.878394 0.0429805 9.9991E-05 0.0476192 0.0309067
0.815079 0.0889752 0.0912228 9.9991E-05 0.00462261
0.845412 0.0452303 0.0855524 0.023705 9.9991E-05
0.81366 0.141601 0.0385609 9.9991E-05 0.00607802
0.764596 0.144399 9.9991E-05 0.0457308 0.0451744
0.745944 0.101854 0.0638223 0.0404838 0.0478961
0.768709 0.0640307 0.0504151 0.106887 0.0099582
0.878876 0.00173024 0.0740274 0.027954 0.0174126
0.820517 0.143015 9.9991E-05 0.0283674 0.00800062
0.874364 9.9982E-05 9.9982E-05 0.0979878 0.0274481
0.854707 0.023162 0.0779318 0.0378933 0.00630603
0.147069 0.740106 0.0640606 0.0465479 0.0022167
9.9982E-05 0.901741 0.0494017 0.0486576 9.9982E-05
0.823393 0.146077 9.9982E-05 0.0303297 9.9982E-05
0.700511 0.0431245 9.9991E-05 0.215215 0.0410494
0.826163 0.146763 0.0268743 9.9982E-05 9.9982E-05
0.142379 0.692788 9.9982E-05 0.164633 9.9982E-05
0.00529679 0.0967775 9.9991E-05 0.880341 0.0174846
9.9982E-05 9.9982E-05 0.217705 0.754804 0.0272913
0.0264804 0.192398 0.46318 0.317842 9.9991E-05
9.9991E-05 0.236987 0.563709 0.191931 0.00727292
9.9991E-05 0.143435 0.827302 0.0250599 0.00410289
0.0335397 0.0398657 0.890605 0.0296974 0.0062926
9.9991E-05 0.0135476 0.82174 0.151628 0.0129843
9.9991E-05 0.137903 0.781603 0.057202 0.0231922
0.040433 0.198303 0.72932 0.00198498 0.0299597
0.0782566 9.9991E-05 0.743419 0.117861 0.0603632
0.0417892 0.0885746 0.132544 0.736992 9.9991E-05
0.0945011 0.00172748 0.0703192 0.78585 0.0476021
0.0313749 0.222643 9.9991E-05 0.701577 0.0443052
9.9973E-05 0.354162 9.9973E-05 0.645538 9.9973E-05
9.9982E-05 0.303701 9.9982E-05 0.691796 0.00430225
9.9973E-05 0.448357 9.9973E-05 0.551343 9.9973E-05
9.9991E-05 0.217247 0.217514 0.563768 0.00137083
0.0559765 0.154637 0.198031 0.570386 0.0209702
9.9991E-05 0.242383 0.0230107 0.683866 0.0506405
0.0206043 0.194324 0.151647 0.622624 0.0108003
0.0250768 0.154924 0.10644 0.687413 0.0261466
0.103957 0.0168616 0.635141 0.100798 0.143242
0.708438 0.246025 9.9991E-05 0.0182451 0.0271918
0.773235 0.118264 0.0574759 9.9991E-05 0.0509245
0.88286 0.065689 0.0315427 0.00660338 0.0133044
0.70935 0.138312 0.000179426 0.151521 0.000638107
0.784463 0.0321394 0.08814 0.0649976 0.0302598
0.144008 0.105046 0.275505 0.454279 0.0211626
0.00759173 0.148247 0.290854 0.532454 0.0208534
0.0098824 9.9991E-05 0.141966 0.779578 0.0684731
9.9991E-05 0.212436 0.261857 0.471657 0.0539506
