0.0280765 0.0247642 0.818291 0.128868
0.0239595 9.9991E-05 0.871154 0.104787
0.0205243 9.9991E-05 0.68948 0.289896
0.0274799 0.0155878 0.877139 0.0797936
0.00561079 0.0450004 0.874867 0.0745217
0.0136284 0.0765387 0.909733 9.9991E-05
9.999E-05 0.0408124 0.871699 0.0873885
0.0552158 9.9991E-05 0.868811 0.0758733
0.00192162 0.0610781 0.676908 0.260093
0.0275783 0.0199008 0.680878 0.271643
0.0784698 0.189948 0.645079 0.086503
0.0246646 0.0892262 0.598389 0.28772
0.0655419 0.315654 0.522242 0.0965624
0.00371239 0.134843 0.646985 0.214459
0.0538672 0.0520566 0.67239 0.221686
0.020587 9.9991E-05 0.850228 0.129085
9.9991E-05 0.0140194 0.748077 0.237803
0.0377216 9.9991E-05 0.821275 0.140903
0.0742301 0.150402 0.218791 0.556576
9.9991E-05 0.0264006 0.261341 0.712159
0.012648 9.9991E-05 0.265692 0.72156
0.00294827 0.0601924 0.020677 0.916182
0.0604756 9.9982E-05 9.9982E-05 0.939324
0.0575955 9.9991E-05 0.117333 0.824971
9.9982E-05 9.9982E-05 0.300709 0.699091
0.00831888 9.9991E-05 0.0236891 0.967892
0.0331813 0.0812041 9.9991E-05 0.885515
0.0325425 0.0876305 9.9991E-05 0.879727
9.998E-05 9.998E-05 9.998E-05 0.9997
0.00131249 0.0665476 0.016481 0.915659
0.00242878 0.0488276 9.9991E-05 0.948644
0.0520263 0.0232385 9.9991E-05 0.924635
0.0811021 9.9982E-05 9.9982E-05 0.918698
0.0865618 9.9991E-05 0.755391 0.157947
9.9991E-05 0.0100194 0.666468 0.323413
9.9991E-05 0.0516598 0.797039 0.151201
0.0527853 9.9991E-05 0.872212 0.0749028
0.022651 0.150868 0.656319 0.170162
0.9997 9.998E-05 9.998E-05 9.998E-05
0.0276302 0.0807399 0.0958571 0.795773
0.0190429 0.0914697 0.710506 0.178981
0.00146131 9.9991E-05 0.798058 0.20038
0.0133852 0.155396 0.528368 0.302851
0.0662732 0.314783 0.508265 0.110679
0.0451494 0.263855 0.665579 0.0254169
0.9997 9.998E-05 9.998E-05 9.998E-05
0.0847464 0.060382 0.61706 0.237812
9.9991E-05 0.226593 0.62426 0.149047
0.035887 0.153402 0.440521 0.370189
0.0287846 0.850005 0.0537285 0.0674824
0.0306856 0.910119 9.9991E-05 0.0590957
9.9982E-05 0.845966 0.153834 9.9982E-05
0.0689868 0.813825 0.0576907 0.0594977
0.0566393 0.862781 9.9991E-05 0.08048
9.9982E-05 0.882917 9.9982E-05 0.116883
9.9991E-05 0.768233 0.218019 0.0136486
0.0100849 0.891064 0.0790322 0.019819
0.0344527 0.880032 9.9991E-05 0.0854151
0.0530907 0.867137 0.0796725 9.9991E-05
0.0577838 0.709922 0.232194 9.9991E-05
9.9982E-05 0.902151 9.9982E-05 0.0976492
0.00643759 0.811913 0.152731 0.0289179
0.0881727 0.520847 0.366247 0.0247331
0.0336222 0.0455153 0.0997087 0.821154
0.0365878 9.9991E-05 0.115405 0.847907
0.035545 9.9991E-05 0.0970014 0.867354
0.00826868 0.81411 0.163755 0.0138662
0.0954771 0.679783 0.181352 0.043388
0.0205095 0.833883 0.0841833 0.0614238
0.0521925 0.844891 0.0829069 0.0200097
0.0468599 0.882059 0.0303224 0.0407588
0.011314 0.343741 0.644845 9.9991E-05
0.00416964 0.306767 0.634742 0.0543212
9.9991E-05 0.368916 0.546059 0.084925
0.0343944 0.307394 0.625618 0.0325934
0.060195 0.242064 0.568127 0.129614
0.0837709 0.314138 0.597164 0.00492751
0.0412228 0.263399 0.542789 0.152589
9.9982E-05 0.792413 0.207387 9.9982E-05
0.134353 0.587126 0.256605 0.0219158
0.0279623 0.842211 0.0235488 0.106278
0.068667 0.810017 9.9991E-05 0.121216
0.0478846 0.774714 0.177301 9.9991E-05
0.0220813 0.0771374 0.147806 0.752976
9.9991E-05 0.474326 0.452206 0.0733679
9.9982E-05 0.421191 0.578609 9.9982E-05
0.9997 9.998E-05 9.998E-05 9.998E-05
0.0123857 9.9991E-05 0.761934 0.225581
0.0226614 9.9991E-05 0.828205 0.149034
0.0610106 0.0135176 0.747199 0.178273
0.0284905 0.13092 0.532444 0.308146
0.00612734 0.00984953 0.824011 0.160012
0.00713186 0.440867 0.543141 0.00885992
0.0412931 0.0383475 0.246322 0.674037
0.115788 0.393162 0.49095 9.9991E-05
0.0537585 0.110734 0.50159 0.333918
0.00934962 9.9991E-05 0.767539 0.223011
9.9991E-05 0.0352695 0.852354 0.112277
9.9982E-05 9.9982E-05 0.780411 0.219389
0.00160423 0.0809304 0.831977 0.0854888
0.0326547 0.021607 0.85736 0.0883787
9.9982E-05 9.9982E-05 0.869253 0.130547
0.0365871 0.436654 0.487718 0.0390405
0.0954986 0.332912 0.455735 0.115855
0.100161 0.380765 0.500899 0.0181753
0.0117248 0.0906473 0.637936 0.259692
9.9991E-05 0.239272 0.581901 0.178727
9.9991E-05 0.0887335 0.428164 0.483003
0.0193139 0.805365 0.140287 0.0350343
0.0197559 0.808882 0.140079 0.031283
0.0218449 0.370998 0.387207 0.21995
0.0404489 0.326711 0.472583 0.160257
0.0913538 0.311608 0.278701 0.318337
9.9991E-05 0.0223156 0.14229 0.835294
0.0521615 0.815795 0.0389963 0.0930471
9.9991E-05 0.788483 0.187444 0.023973
9.9982E-05 0.63678 0.36302 9.9982E-05
0.0558213 0.0527013 0.427043 0.464435
0.00674837 0.0193579 0.69772 0.276174
0.00715647 0.0565199 0.868749 0.0675746
9.9991E-05 0.0724374 0.808254 0.119209
9.9982E-05 9.9982E-05 0.532919 0.466881
0.0167527 9.9991E-05 0.749956 0.233191
0.00248142 0.0221686 0.806369 0.168981
0.0151136 0.0334499 0.838973 0.112463
9.9991E-05 0.0166805 0.539506 0.443714
0.00652994 9.9991E-05 0.828152 0.165218
0.0399773 9.9991E-05 0.762984 0.196939
0.0303209 9.9991E-05 0.873225 0.0963542
0.00431666 0.10162 0.565276 0.328787
0.0599211 0.0392987 0.870416 0.0303638
9.9991E-05 0.0644838 0.627819 0.307597
9.9991E-05 0.0536686 0.785997 0.160235
0.00262056 0.0259795 0.0507605 0.920639
9.9982E-05 9.9982E-05 0.0522921 0.947508
0.0287036 9.9982E-05 9.9982E-05 0.971096
9.9991E-05 0.0832236 0.0580805 0.858596
0.0367975 0.051717 0.0320079 0.879478
0.0144316 0.126552 0.84738 0.0116362
0.0294747 9.9991E-05 0.838725 0.1317
9.998E-05 0.9997 9.998E-05 9.998E-05
0.0204376 0.890262 9.9991E-05 0.0892005
0.0175417 0.943093 0.0392654 9.9991E-05
0.000741331 0.767854 0.172562 0.0588433
0.0474253 0.923062 0.0294123 9.9991E-05
0.0049908 0.846604 9.9991E-05 0.148305
0.0226882 0.971491 0.00572091 9.9991E-05
0.00436453 0.925021 9.9991E-05 0.0705143
9.9982E-05 0.910954 9.9982E-05 0.0888463
0.00119782 0.909935 9.9991E-05 0.0887667
0.0592592 0.880437 0.0602035 9.9991E-05
0.0539095 0.84369 0.0562132 0.0461872
0.0220976 0.828895 0.103495 0.0455126
0.0176469 0.902953 0.00730267 0.072097
0.0159455 0.92181 0.0333295 0.028915
0.0361601 0.944565 0.0191746 9.9991E-05
0.0308344 0.910684 0.0371056 0.0213758
0.000742841 0.394355 0.576387 0.0285156
0.0111211 0.23043 0.697244 0.061205
9.9982E-05 0.959522 0.0402785 9.9982E-05
0.0347682 0.718288 0.246844 9.9991E-05
0.00770097 0.954221 9.9991E-05 0.037978
9.9982E-05 0.314826 0.684974 9.9982E-05
0.0355807 9.9991E-05 0.903657 0.0606625
0.0441132 9.9991E-05 0.703876 0.251911
9.9991E-05 0.0293321 0.414178 0.55639
9.9982E-05 9.9982E-05 0.290194 0.709606
0.00887961 9.99909E-05 0.114284 0.876737
9.9991E-05 0.0134676 0.0637159 0.922717
0.0215887 9.9991E-05 0.145719 0.832592
0.0230766 9.9991E-05 0.143086 0.833737
0.0474555 0.136112 0.0612297 0.755203
0.0582784 0.109026 9.9991E-05 0.832595
9.9991E-05 0.0232093 0.7935 0.183191
0.0489574 0.0647962 0.792029 0.0942171
0.0536775 0.0734261 0.872796 9.9991E-05
9.9982E-05 0.0314899 0.96831 9.9982E-05
0.0299167 9.9982E-05 0.969883 9.9982E-05
0.0110503 0.0878441 0.872855 0.0282502
0.00307036 0.00842656 0.798783 0.18972
0.0199712 0.0896777 0.650814 0.239537
0.0579528 0.052836 0.794656 0.094555
0.00485624 0.0612462 0.772935 0.160963
0.0486863 0.0471544 0.82292 0.0812399
0.164707 0.0852523 0.0841874 0.665853
0.0128599 0.82516 0.0979478 0.0640322
0.0523806 0.851665 9.9991E-05 0.095854
0.0178237 0.937622 0.00997395 0.03458
0.00996092 0.816696 0.13373 0.0396133
0.051532 0.854692 0.0231182 0.070658
0.0171383 0.159026 0.527203 0.296633
0.0380055 0.00671087 0.614495 0.340789
0.0844871 9.9991E-05 0.746047 0.169366
0.0555163 9.9991E-05 0.633668 0.310716
