9.9982E-05 0.230337 9.9982E-05 0.642131 0.127332
0.0313467 0.0834302 0.0179627 0.77892 0.0883402
0.0283338 0.150071 0.00125675 0.640501 0.179837
0.0320008 0.226088 0.00505979 0.680106 0.0567453
0.0114194 9.9982E-05 0.0641672 0.924213 9.9982E-05
0.00734297 0.0310506 0.0711348 0.890372 9.9991E-05
9.9991E-05 0.15319 0.0428485 0.748013 0.055848
0.0478823 0.138107 0.00545192 0.794384 0.0141751
0.0160553 0.0482964 0.124734 0.680212 0.130703
0.0343332 0.27027 9.9991E-05 0.513854 0.181442
0.0502712 0.485602 0.0552598 0.341732 0.0671355
0.0149674 0.250295 0.0355754 0.490992 0.20817
0.0530176 0.772888 0.0480482 0.041873 0.0841735
9.999E-05 0.291921 0.0599698 0.403453 0.244556
0.0406656 9.9991E-05 0.0856401 0.672821 0.200774
0.0179288 0.222886 9.9991E-05 0.663791 0.0952939
9.999E-05 0.0538514 0.0250492 0.655084 0.265915
0.0521603 9.9982E-05 9.9982E-05 0.833006 0.114634
0.0733883 0.131645 0.163044 0.1018 0.530123
0.00158369 0.185516 9.9991E-05 0.0879494 0.724851
0.0173489 0.0337597 9.9991E-05 0.192427 0.756364
9.9982E-05 0.18015 0.00472358 9.9982E-05 0.814926
0.0574347 0.020896 9.9982E-05 9.9982E-05 0.921469
0.0510341 9.9991E-05 0.0451174 0.0707161 0.833032
9.9991E-05 0.0807622 0.017944 0.159173 0.742021
0.0142594 0.00607092 9.9991E-05 0.0409333 0.938636
0.0234438 9.9982E-05 0.0844814 9.9982E-05 0.891875
0.0380359 0.00313198 0.0768974 9.9991E-05 0.881835
9.9973E-05 9.9973E-05 0.0266333 9.9973E-05 0.973067
9.9982E-05 9.9982E-05 0.121015 0.0225197 0.856265
9.9982E-05 9.9982E-05 0.0619612 0.0111598 0.926679
0.0309862 9.9991E-05 0.058133 0.0446176 0.866163
0.0429693 9.9991E-05 0.0218148 0.0746982 0.860418
0.0709563 0.268731 9.9991E-05 0.511817 0.148396
0.0084475 0.0154847 0.0508679 0.592762 0.332438
9.9991E-05 0.107867 0.0590202 0.71918 0.113832
0.0233589 0.212258 0.00922226 0.729547 0.0256137
0.0176548 0.194651 0.122125 0.508532 0.157038
0.9996 9.997E-05 9.997E-05 9.997E-05 9.997E-05
0.0346806 0.150856 0.00378534 9.9991E-05 0.810578
9.9982E-05 9.9982E-05 0.119931 0.702277 0.177592
9.9982E-05 0.177266 9.9982E-05 0.675148 0.147386
0.0112928 0.291212 0.122134 0.251451 0.32391
0.0545314 0.682591 0.10198 0.0932035 0.0676941
0.00160988 0.99809 9.9973E-05 9.9973E-05 9.9973E-05
0.9996 9.997E-05 9.997E-05 9.997E-05 9.997E-05
0.0847298 0.271233 0.0139698 0.409764 0.220303
9.9991E-05 0.350403 0.136243 0.322483 0.190771
0.0252149 0.250343 0.056435 0.32306 0.344947
0.0191232 0.165267 0.758294 0.0124874 0.0448285
0.0261093 0.122287 0.812144 0.0294916 0.00996771
9.9982E-05 9.9982E-05 0.795608 0.155906 0.048286
0.053869 0.140945 0.712257 0.0928288 9.9991E-05
0.0432587 9.9982E-05 0.845663 9.9982E-05 0.110878
9.9982E-05 9.9982E-05 0.86321 0.0743745 0.0622152
9.9973E-05 9.9973E-05 0.771533 0.228167 9.9973E-05
0.0115113 0.081876 0.803825 0.0719601 0.0308276
0.0199519 9.9982E-05 0.865133 9.9982E-05 0.114716
0.0592827 0.0305297 0.773862 0.136225 9.9991E-05
0.0315755 0.167974 0.643021 0.15733 9.9991E-05
9.9982E-05 0.0285235 0.820578 9.9982E-05 0.150698
0.0166234 0.185879 0.70375 0.0287313 0.0650167
0.0621136 0.547117 0.339675 0.050994 9.9991E-05
0.0315644 0.0233864 0.0489936 0.0992597 0.796796
0.038175 0.0666195 0.0251308 0.114499 0.755576
0.00859588 9.9982E-05 9.9982E-05 0.11355 0.877654
0.00631058 0.215075 0.708907 0.023152 0.0465552
0.0723807 0.448787 0.478632 9.9982E-05 9.9982E-05
0.0272638 0.0771329 0.731123 0.114008 0.0504719
0.041276 0.272798 0.683883 9.9991E-05 0.00194296
0.0568434 0.0196613 0.828004 0.0953917 9.9991E-05
0.00237722 0.745281 0.125715 0.126527 9.9991E-05
0.008697 0.901254 0.0406014 0.0493472 9.9991E-05
0.00574405 0.858641 0.0968044 0.0131244 0.025686
9.997E-05 0.9996 9.997E-05 9.997E-05 9.997E-05
0.0450209 0.853893 9.9982E-05 9.9982E-05 0.100886
0.0122491 0.95842 0.0291309 9.9982E-05 9.9982E-05
0.0269632 0.733816 0.0620529 0.085183 0.0919845
9.9982E-05 0.18645 0.678649 0.134701 9.9982E-05
0.102523 0.439085 0.386382 0.0719102 9.9991E-05
0.0244536 0.175965 0.721607 9.9991E-05 0.0778744
0.0620236 0.0804451 0.775192 9.9991E-05 0.0822392
0.034872 0.0664799 0.73044 0.168108 9.9991E-05
0.0306124 0.237917 0.00522426 0.022457 0.703789
9.9991E-05 0.524899 0.314274 0.0291954 0.131531
9.9973E-05 0.910632 0.0890677 9.9973E-05 9.9973E-05
0.9996 9.997E-05 9.997E-05 9.997E-05 9.997E-05
9.9982E-05 0.139608 9.9982E-05 0.646728 0.213463
0.0337964 0.0763748 9.9991E-05 0.673276 0.216453
0.0314382 0.233457 0.0143344 0.557567 0.163203
0.0366222 0.288926 0.0780106 0.330851 0.265591
9.9991E-05 0.0643371 0.0603545 0.786446 0.0887621
9.9982E-05 0.733826 0.221426 9.9982E-05 0.0445479
0.0393211 0.192072 9.9991E-05 0.151195 0.617312
0.0764121 0.653233 0.198179 0.0720763 9.9991E-05
0.0225512 0.327998 0.0508266 0.308152 0.290471
0.00306438 9.9991E-05 0.036171 0.828285 0.132379
9.9982E-05 0.242797 9.9982E-05 0.690266 0.0667369
9.9982E-05 0.278637 9.9982E-05 0.581326 0.139837
0.00734031 0.342555 0.0319661 0.563927 0.0542115
0.00286685 0.431827 9.9982E-05 0.565107 9.9982E-05
9.9982E-05 0.333075 9.9982E-05 0.627128 0.0395971
0.0124091 0.600401 0.245599 0.141491 9.9991E-05
0.0672311 0.692571 0.09283 0.045897 0.101471
0.0811412 0.688439 0.186402 0.0232528 0.0207656
9.9982E-05 0.619566 9.9982E-05 0.139688 0.240547
9.9991E-05 0.434928 0.151602 0.242191 0.171179
0.0111264 9.9991E-05 0.0687445 0.444381 0.475648
0.0148282 9.9991E-05 0.807642 0.175298 0.00213118
0.0190689 0.138311 0.752017 0.0689339 0.0216692
9.9982E-05 0.67531 0.147321 9.9982E-05 0.17717
0.0147502 0.587385 0.147195 0.168893 0.0817758
0.0383887 0.571366 0.118166 9.9991E-05 0.27198
9.9973E-05 0.305553 9.9973E-05 9.9973E-05 0.694147
0.0388217 0.26535 0.644811 9.9991E-05 0.0509174
9.9982E-05 0.267616 0.66822 0.0639645 9.9982E-05
9.9982E-05 0.364612 0.495618 0.13957 9.9982E-05
0.0557547 0.133159 0.04649 0.222978 0.541618
0.0116363 9.9991E-05 0.043952 0.65778 0.286532
0.0141712 0.199226 0.0210133 0.710206 0.0553838
9.9982E-05 9.9982E-05 0.128738 0.838191 0.0328712
9.9982E-05 0.026085 9.9982E-05 0.548298 0.425417
0.0109211 0.0932378 0.0107055 0.70849 0.176645
9.9991E-05 0.0220839 0.0351669 0.845751 0.0968985
0.0251083 9.9991E-05 0.0746633 0.887344 0.0127848
9.9991E-05 0.150965 0.0357602 0.431589 0.381586
9.9982E-05 0.0989676 9.9982E-05 0.820392 0.08044
0.0291519 0.127034 9.9991E-05 0.656261 0.187453
0.0218215 0.169534 9.9991E-05 0.702851 0.105693
0.00146823 0.219438 0.0857814 0.429901 0.263411
0.0294226 0.0518367 0.0642282 0.813223 0.0412892
0.00363218 0.300915 0.0109433 0.438987 0.245523
9.9991E-05 0.0434128 0.00857437 0.838417 0.109496
9.9973E-05 0.0977689 9.9973E-05 9.9973E-05 0.901931
9.9973E-05 9.9973E-05 9.9973E-05 0.0220577 0.977642
0.0423342 9.9973E-05 9.9973E-05 9.9973E-05 0.957366
0.00267859 0.0137633 0.0740043 0.059917 0.849637
0.0191816 9.9991E-05 0.0521356 0.0947657 0.833817
0.00910549 0.30976 0.0479218 0.633113 9.9991E-05
0.019442 0.160417 9.9991E-05 0.614119 0.205922
9.9973E-05 0.0646178 0.935082 9.9973E-05 9.9973E-05
0.0461973 0.0935415 0.77577 0.0186466 0.0658446
0.0117176 9.9982E-05 0.864381 0.123702 9.9982E-05
9.9991E-05 0.330048 0.594623 0.0341075 0.0411217
0.0349253 0.110006 0.854869 9.9982E-05 9.9982E-05
0.0149148 0.0371156 0.806254 9.9991E-05 0.141615
0.0378375 9.9982E-05 0.878448 0.0835145 9.9982E-05
9.9982E-05 0.100048 0.81723 9.9982E-05 0.0825218
9.9991E-05 0.0190023 0.86522 0.00335452 0.112323
9.9982E-05 0.0446537 0.809692 9.9982E-05 0.145454
0.0437748 0.193308 0.754609 0.00820757 9.9991E-05
0.0543071 0.0958318 0.761271 0.0630781 0.0255121
0.00356005 9.9991E-05 0.824134 0.111475 0.060731
0.0115385 9.9991E-05 0.864706 0.0191298 0.104526
0.0171392 0.163964 0.795035 0.0237621 9.9991E-05
0.0418309 9.9982E-05 0.87063 0.087339 9.9982E-05
0.0297154 0.0135877 0.861658 0.0344388 0.0606
9.9991E-05 0.803 0.133816 0.0595619 0.00352238
9.9973E-05 0.885468 9.9973E-05 0.114232 9.9973E-05
9.9982E-05 0.0516241 0.854628 0.093548 9.9982E-05
9.9982E-05 9.9982E-05 0.718041 0.257394 0.0243652
9.9982E-05 0.097635 0.866344 9.9982E-05 0.0358209
0.000144549 0.721364 0.105117 0.173274 9.9991E-05
0.0130538 0.0908143 0.00415009 0.891882 9.9991E-05
0.0151592 0.0876952 0.00280136 0.672532 0.221812
9.9982E-05 0.198271 9.9982E-05 0.293756 0.507774
9.9982E-05 0.123148 9.9982E-05 0.268784 0.607867
0.0206968 0.209195 9.9982E-05 9.9982E-05 0.769908
0.0115989 0.0320639 0.0416561 0.0714417 0.843239
0.00816546 0.0665691 9.9991E-05 0.189065 0.736101
0.023307 0.0992446 0.0285126 0.137039 0.711896
0.0336389 0.188709 0.0330461 0.0176739 0.726932
0.0546627 0.0618312 0.0738565 0.0757777 0.733872
9.9991E-05 0.0611492 0.0322886 0.779419 0.127043
0.065015 0.0644347 0.0899789 0.687269 0.0933021
0.0546806 0.153317 9.9982E-05 0.791803 9.9982E-05
9.9982E-05 0.260137 0.0151575 0.724506 9.9982E-05
0.00627893 0.201086 9.9982E-05 0.792435 9.9982E-05
9.9991E-05 0.357993 0.038536 0.580807 0.0225634
0.00676313 0.245364 9.9991E-05 0.557956 0.189818
0.0113029 0.263931 0.0524011 0.521831 0.150534
0.0523488 0.25618 9.9991E-05 0.635029 0.0563428
0.0187388 0.0737887 0.064368 0.669782 0.173322
0.0377566 0.0157503 0.0961706 0.708577 0.141745
0.161253 0.0218675 0.0862591 0.0863279 0.644292
0.00799905 0.158597 0.740593 0.0137997 0.0790107
0.0412996 0.048554 0.787854 0.0487426 0.07355
0.0145264 0.113643 0.847687 9.9991E-05 0.0240436
0.00931705 0.181741 0.687701 0.0849177 0.0363235
0.0235507 0.042948 0.771986 0.114757 0.0467575
0.0139029 0.194226 0.129761 0.369668 0.292442
0.0255148 0.170061 0.00843024 0.539708 0.256286
0.0589023 9.9991E-05 0.0273147 0.851257 0.0624255
0.0605283 0.17583 9.9991E-05 0.524968 0.238573
