0.787145 0.00898713 0.203868
0.864325 9.9991E-05 0.135575
0.733863 9.9991E-05 0.266037
0.897598 0.0127824 0.0896196
0.910938 0.0249744 0.0640881
0.950327 0.049573 9.9991E-05
0.894798 0.0399622 0.0652403
0.951239 0.00222831 0.046533
0.666614 0.0909685 0.242417
0.713425 0.0785044 0.208071
0.558355 0.230964 0.210681
0.693784 0.103685 0.202531
0.5936 0.342722 0.0636777
0.722048 0.11077 0.167182
0.653951 0.0652335 0.280816
0.85865 0.00391036 0.13744
0.746426 0.000923208 0.252651
0.886968 9.9991E-05 0.112932
0.152246 0.217878 0.629876
0.238132 0.00886615 0.753002
0.253321 0.0102297 0.736449
0.0448502 0.0334884 0.921661
9.9991E-05 0.0210903 0.97881
0.0936751 0.024668 0.881657
0.300597 9.9991E-05 0.699303
0.0841311 9.9991E-05 0.915769
9.9991E-05 0.059985 0.939915
9.9991E-05 0.0598963 0.940004
0.0412609 0.0174378 0.941301
0.0832411 0.0354436 0.881315
9.9991E-05 0.0312745 0.968625
9.9991E-05 0.0479943 0.951906
0.0816693 9.9991E-05 0.918231
0.66226 0.0632703 0.27447
0.7094 9.9991E-05 0.2905
0.826174 0.0451425 0.128683
0.849768 0.0643649 0.0858674
0.705605 0.110341 0.184053
9.9991E-05 0.331741 0.668159
0.0361172 0.0752694 0.888613
0.637658 0.125732 0.23661
0.793219 9.9991E-05 0.206681
0.45983 0.199901 0.340269
0.511438 0.310873 0.177689
0.555972 0.303506 0.140522
9.9991E-05 0.383694 0.616206
0.612164 0.100778 0.287058
0.638924 0.221979 0.139097
0.455742 0.131131 0.413128
0.0465081 0.878632 0.07486
0.0684366 0.890286 0.0412773
0.173352 0.826548 9.9991E-05
0.104154 0.821826 0.0740197
0.0136687 0.898327 0.0880045
9.9991E-05 0.918881 0.0810186
0.221242 0.778658 9.9991E-05
0.0681013 0.87839 0.0535087
9.9991E-05 0.959479 0.0404207
0.131787 0.868113 9.9991E-05
0.251944 0.74716 0.000895281
9.9991E-05 0.933586 0.0663144
0.121771 0.77417 0.104059
0.359323 0.550521 0.0901562
0.139069 0.0251043 0.835827
0.129086 0.00414315 0.866771
0.0760329 9.9991E-05 0.923867
0.170148 0.803235 0.0266171
0.214625 0.722866 0.0625098
0.114542 0.833205 0.0522533
0.0249844 0.867303 0.107713
0.0216893 0.932919 0.0453921
0.66258 0.33732 9.9991E-05
0.593681 0.329802 0.0765165
0.528231 0.380139 0.0916299
0.586575 0.33642 0.0770055
0.497114 0.293514 0.209372
0.565685 0.358019 0.0762969
0.581727 0.270974 0.147298
0.258191 0.741709 9.9991E-05
0.293712 0.654699 0.0515885
0.0898264 0.841414 0.0687592
9.9991E-05 0.855534 0.144366
0.203662 0.796238 9.9991E-05
0.0991849 0.0666964 0.834119
0.382297 0.479184 0.138519
0.593551 0.406349 9.9991E-05
9.9991E-05 0.390286 0.609614
0.751574 9.9991E-05 0.248326
0.766529 9.9991E-05 0.233371
0.742278 0.0497985 0.207924
0.526441 0.164903 0.308657
0.808759 0.0383404 0.152901
0.542762 0.426299 0.0309393
0.273558 0.0812086 0.645233
0.486499 0.432978 0.0805226
0.444027 0.161394 0.394578
0.808195 9.9991E-05 0.191705
0.8533 0.0164748 0.130226
0.836048 0.0223514 0.141601
0.757593 0.119017 0.12339
0.93091 0.015262 0.053828
0.897876 9.9991E-05 0.102024
0.377004 0.478465 0.14453
0.468791 0.400683 0.130525
0.45853 0.407227 0.134243
0.505733 0.128747 0.36552
0.565985 0.260554 0.173461
0.473603 0.0294286 0.496969
0.184816 0.815084 9.9991E-05
0.0489794 0.871458 0.0795623
0.318767 0.404709 0.276524
0.477882 0.341417 0.180701
0.31506 0.321615 0.363325
0.155168 0.00598594 0.838846
0.0375778 0.830883 0.131539
0.14871 0.83593 0.0153591
0.387572 0.612328 9.9991E-05
0.306981 0.100766 0.592253
0.624696 0.00776808 0.367536
0.893321 0.057073 0.0496056
0.859235 0.0642277 0.0765376
0.635606 9.9991E-05 0.364294
0.764344 9.9991E-05 0.235556
0.821959 0.0253624 0.152678
0.920161 0.0157639 0.0640748
0.617812 9.9991E-05 0.382088
0.871074 9.9991E-05 0.128826
0.784727 9.9991E-05 0.215173
0.893395 9.9991E-05 0.106505
0.563473 0.102323 0.334203
0.847579 0.0663056 0.0861154
0.62065 0.0762634 0.303087
0.836465 0.0014682 0.162067
0.102068 9.9991E-05 0.897832
0.0448995 9.9991E-05 0.955001
0.0108083 9.9991E-05 0.989092
0.06069 0.0747796 0.86453
9.9991E-05 0.0296065 0.970293
0.905376 0.0945244 9.9991E-05
0.797047 9.9991E-05 0.202853
9.999E-05 0.9998 9.999E-05
9.9991E-05 0.864755 0.135145
0.0189738 0.942451 0.0385755
0.12069 0.765967 0.113344
0.0816424 0.918258 9.9991E-05
9.9991E-05 0.867393 0.132507
0.0305808 0.969319 9.9991E-05
9.9991E-05 0.908886 0.0910136
9.9991E-05 0.892091 0.107809
9.9991E-05 0.913079 0.0868214
0.0672684 0.910978 0.0217541
0.0958239 0.823751 0.0804255
0.140864 0.807731 0.0514045
9.9991E-05 0.914606 0.0852943
0.0763157 0.923584 9.9991E-05
0.0358411 0.964059 9.9991E-05
9.9991E-05 0.912384 0.0875158
0.557178 0.373036 0.0697861
0.663471 0.228675 0.107854
0.0730157 0.926884 9.9991E-05
0.203066 0.761668 0.0352656
9.9991E-05 0.961928 0.0379715
0.619502 0.373206 0.00729249
0.981887 9.9991E-05 0.0180129
0.702285 9.9991E-05 0.297615
0.437876 0.0369568 0.525167
0.349113 9.9991E-05 0.650787
0.0770643 0.0378773 0.885058
0.0783537 0.0363425 0.885304
0.120187 9.9991E-05 0.879713
0.160777 0.0273061 0.811917
0.046729 0.117713 0.835558
0.0345762 0.0950057 0.870418
0.761223 0.00248147 0.236296
0.835851 0.0628875 0.101262
0.946417 0.0534829 9.9991E-05
0.978896 0.0210036 9.9991E-05
0.993836 0.00606405 9.9991E-05
0.924164 0.0718881 0.00394806
0.770556 0.00485819 0.224586
0.729771 0.101115 0.169114
0.798902 0.0413136 0.159785
0.767776 0.0696089 0.162615
0.830719 0.0175665 0.151714
0.0401991 0.163514 0.796286
0.093971 0.857037 0.0489921
9.9991E-05 0.887692 0.112208
9.9991E-05 0.923565 0.0763354
0.207679 0.792221 9.9991E-05
9.9991E-05 0.837177 0.162723
0.521813 0.136655 0.341532
0.666982 0.0144109 0.318607
0.824363 9.9991E-05 0.175537
0.601195 0.0318559 0.366949
