0.119423 9.9982E-05 9.9982E-05 0.715783 0.121314 0.0432803
0.109887 0.0920369 0.0167047 0.733378 0.0478935 9.9991E-05
0.206928 9.9991E-05 0.0103003 0.650675 0.028023 0.103973
0.0367473 9.9991E-05 0.015238 0.72082 0.168703 0.0583918
9.9973E-05 9.9973E-05 0.00380157 0.860909 9.9973E-05 0.134989
0.0019795 0.175555 9.9973E-05 0.822165 9.9973E-05 9.9973E-05
9.9973E-05 0.0957913 9.9973E-05 0.68927 0.214639 9.9973E-05
9.9973E-05 9.9973E-05 0.0297532 0.736031 0.233916 9.9973E-05
0.252241 0.118359 9.9982E-05 0.587046 9.9982E-05 0.0421535
0.204313 9.9991E-05 0.0167749 0.441778 0.276471 0.0605639
0.0725303 0.086872 0.046634 0.328064 0.446258 0.0196417
0.243215 9.9991E-05 0.0304126 0.457559 0.230967 0.0377469
0.0660341 9.9991E-05 0.0383632 0.0744915 0.717969 0.103043
0.262124 9.9982E-05 9.9982E-05 0.38629 0.217161 0.134224
0.161688 0.120811 0.0636503 0.653651 9.9982E-05 9.9982E-05
0.141373 9.9982E-05 0.00586825 0.548527 0.304032 9.9982E-05
0.220438 0.0669805 9.9991E-05 0.560538 0.140894 0.0110497
0.0505075 0.0652662 0.0398924 0.824838 0.0193962 9.9991E-05
0.583722 0.0801248 0.0574946 0.0466971 0.137832 0.0941298
0.701224 9.9973E-05 9.9973E-05 0.0395578 0.258918 9.9973E-05
0.712172 9.9982E-05 0.00473063 0.226894 9.9982E-05 0.0560036
0.828483 0.0198679 0.00668921 9.9991E-05 0.0784673 0.0663929
0.827187 0.0636132 0.0487518 9.9991E-05 0.0506851 0.00966297
0.772314 0.0598325 0.035349 0.132304 9.9982E-05 9.9982E-05
0.667055 9.9982E-05 9.9982E-05 0.25218 0.0665888 0.0139761
0.877085 0.0489185 0.0135659 0.0602309 9.9982E-05 9.9982E-05
0.849008 0.0185881 0.0297132 9.9982E-05 9.9982E-05 0.102491
0.833461 0.139483 0.0267554 9.9973E-05 9.9973E-05 9.9973E-05
0.936756 0.00789312 9.9982E-05 0.0304547 9.9982E-05 0.0246966
0.819484 0.134377 9.9973E-05 0.0458389 9.9973E-05 9.9973E-05
0.858582 0.0641137 0.00565835 9.9982E-05 0.0714462 9.9982E-05
0.814741 9.9982E-05 0.0373528 0.0220719 9.9982E-05 0.125635
0.742494 0.0735955 0.061908 0.0409701 0.0809322 9.9991E-05
0.130339 0.0562026 0.0717851 0.489875 0.250715 0.00108322
0.295632 0.0055982 9.9982E-05 0.611378 9.9982E-05 0.0871918
0.135937 9.9982E-05 9.9982E-05 0.678943 0.0973299 0.0875904
0.00690279 0.0532098 0.02911 0.698229 0.212449 9.9991E-05
0.070054 0.203999 9.9982E-05 0.573809 0.151938 9.9982E-05
9.996E-05 9.996E-05 0.9995 9.996E-05 9.996E-05 9.996E-05
0.794883 9.9982E-05 0.0405188 9.9982E-05 0.116612 0.0477862
0.130154 0.181471 9.9973E-05 0.688075 9.9973E-05 9.9973E-05
0.17303 9.9991E-05 0.000778649 0.654836 0.153221 0.0180347
0.284366 0.164257 0.0170936 0.298164 0.213472 0.0226486
0.116919 0.12238 0.0489921 0.0813591 0.625652 0.00469789
0.0299688 0.0923904 9.9973E-05 9.9973E-05 0.877341 9.9973E-05
9.996E-05 9.996E-05 0.9995 9.996E-05 9.996E-05 9.996E-05
0.223621 9.9991E-05 0.057677 0.346686 0.344439 0.0274763
0.0999251 0.215847 9.9982E-05 0.293997 0.390031 9.9982E-05
0.337767 9.9991E-05 0.0441158 0.338749 0.15102 0.128248
9.9991E-05 0.816578 0.0294864 0.0406965 0.0620651 0.0510741
9.9991E-05 0.584566 0.025948 0.00121534 0.0431461 0.345025
0.00487637 0.494903 9.9982E-05 0.109218 9.9982E-05 0.390803
9.9991E-05 0.438481 0.046245 0.026152 0.124564 0.364458
0.0519005 0.243096 0.0479338 9.9982E-05 9.9982E-05 0.65687
0.0533788 0.472455 9.9982E-05 0.00180242 9.9982E-05 0.472164
9.9982E-05 0.144663 9.9982E-05 0.193535 0.00376296 0.657839
9.9982E-05 0.914898 0.0241429 0.0294301 9.9982E-05 0.0313289
9.9964E-05 0.975934 0.0236664 9.9964E-05 9.9964E-05 9.9964E-05
9.9991E-05 0.165223 0.0250022 0.0510162 0.0576943 0.700964
9.9991E-05 0.410543 0.0331336 0.091621 0.152896 0.311706
9.996E-05 0.9995 9.996E-05 9.996E-05 9.996E-05 9.996E-05
0.123639 0.39034 9.9991E-05 0.013148 0.0459532 0.42682
9.9991E-05 0.247031 0.0743735 0.0255638 0.483998 0.168933
0.730674 9.9991E-05 0.0368641 0.106793 0.00541166 0.120157
0.737994 0.011644 0.0307106 0.150819 0.0324969 0.0363354
0.882805 9.9973E-05 0.0247006 0.0921942 9.9973E-05 9.9973E-05
9.9991E-05 0.492791 0.0202729 0.123661 0.0240697 0.339105
9.9982E-05 0.0875675 0.0596341 9.9982E-05 0.396083 0.456515
0.0633956 0.0784246 9.9982E-05 9.9982E-05 0.124009 0.73397
0.0160738 0.396622 0.0271214 9.9991E-05 0.155296 0.404787
9.9982E-05 0.010366 0.0296878 0.0559515 9.9982E-05 0.903795
9.9982E-05 0.109981 9.9982E-05 0.183693 0.633414 0.0727117
0.00217865 0.209241 0.0121975 0.141456 0.634827 9.9991E-05
9.9982E-05 0.0987539 9.9982E-05 0.0651676 0.809138 0.0267405
9.9964E-05 9.9964E-05 0.0142596 9.9964E-05 0.985341 9.9964E-05
0.144725 9.9982E-05 0.0203572 9.9982E-05 0.788097 0.0466209
9.9964E-05 9.9964E-05 0.0229577 9.9964E-05 0.976642 9.9964E-05
0.122183 0.158079 0.00189343 0.0732204 0.644523 9.9991E-05
9.9982E-05 0.513956 9.9982E-05 0.0654091 0.20033 0.220105
0.0479216 0.0498917 0.118369 0.0491394 0.31131 0.423369
0.0553156 0.435391 9.9982E-05 9.9982E-05 0.109682 0.399411
0.0778924 0.455118 0.0438678 9.9982E-05 9.9982E-05 0.422922
9.9982E-05 0.210573 0.0207157 0.172409 9.9982E-05 0.596102
0.684707 9.9991E-05 0.0159513 0.0689828 0.152953 0.0773053
0.108052 0.227516 9.9991E-05 0.0898774 0.465527 0.108928
9.9973E-05 0.0229847 9.9973E-05 9.9973E-05 0.886333 0.0903821
9.996E-05 9.996E-05 0.9995 9.996E-05 9.996E-05 9.996E-05
0.17989 0.0136454 9.9991E-05 0.642772 0.126673 0.0369199
0.143192 0.0697098 0.0278703 0.714409 0.0447194 9.9991E-05
0.18773 0.0880997 0.0322806 0.443762 0.248028 9.9991E-05
0.227104 0.0423029 0.0582918 0.296372 0.279206 0.0967238
0.0704031 9.9982E-05 9.9982E-05 0.731028 0.080208 0.118161
0.00839301 0.195755 9.9973E-05 9.9973E-05 0.795552 9.9973E-05
0.559214 0.00368434 0.047293 0.158965 0.186054 0.0447893
9.9982E-05 9.9982E-05 0.0841784 0.0719544 0.6291 0.214568
0.331921 9.9991E-05 0.0248898 0.132797 0.414233 0.096059
0.205087 0.0686368 0.014578 0.711498 9.9982E-05 9.9982E-05
0.113074 0.0424068 9.9982E-05 0.578122 0.266197 9.9982E-05
0.213248 9.9973E-05 9.9973E-05 0.524077 0.262375 9.9973E-05
0.00136966 0.133678 0.00119805 0.660496 0.203158 9.9991E-05
0.0515396 9.9982E-05 0.0139588 0.502486 0.431816 9.9982E-05
0.13059 9.9982E-05 0.00113376 0.59758 0.270497 9.9982E-05
0.00597728 0.168103 0.0403327 0.0644325 0.606918 0.114237
0.0418109 9.9991E-05 0.0977016 0.0838379 0.628668 0.147882
0.0233435 0.198609 0.0729337 0.0536751 0.580359 0.0710794
0.231791 9.9982E-05 0.00557415 0.160611 0.601824 9.9982E-05
0.112109 0.113824 9.9991E-05 0.260835 0.472299 0.0408327
0.453961 9.9982E-05 9.9982E-05 0.369079 0.0731586 0.103601
9.9982E-05 0.223145 0.00983444 0.118941 9.9982E-05 0.647879
0.00773903 0.130403 0.0127981 9.9991E-05 0.135732 0.713228
0.0873024 0.271348 9.9982E-05 0.142525 0.498624 9.9982E-05
0.143626 0.206593 0.0257747 0.109836 0.514071 9.9991E-05
0.290314 0.231314 0.0523297 0.0265788 0.399363 9.9991E-05
0.692282 9.9964E-05 9.9964E-05 9.9964E-05 0.307318 9.9964E-05
9.9973E-05 9.9973E-05 0.0256471 9.9973E-05 0.265787 0.708266
9.9982E-05 0.481663 9.9982E-05 0.00571668 0.229842 0.282579
9.9982E-05 0.196221 9.9982E-05 0.112624 0.31058 0.380374
0.508495 9.9991E-05 0.0430865 0.236702 0.138388 0.0732279
0.216275 9.9982E-05 0.00860613 0.647127 9.9982E-05 0.127793
0.00549198 0.0760097 9.9991E-05 0.70426 0.175506 0.0386315
0.0673486 0.0607603 9.9982E-05 0.771891 9.9982E-05 0.0997999
0.42568 0.0233519 9.9982E-05 0.520723 9.9982E-05 0.0300444
0.155213 0.00857854 0.00483084 0.695242 0.0877027 0.048433
0.0883216 9.9973E-05 9.9973E-05 0.78122 9.9973E-05 0.130159
9.9973E-05 0.126505 0.0224443 0.850751 9.9973E-05 9.9973E-05
0.348358 9.9982E-05 9.9982E-05 0.398323 0.191996 0.061123
0.14215 9.9991E-05 0.0118407 0.634163 0.120336 0.0914107
0.200814 9.9982E-05 0.0373368 0.594522 0.167127 9.9982E-05
0.138517 0.0394819 0.024395 0.558669 0.238837 9.9991E-05
0.199464 0.242151 0.0173956 0.486759 0.0541302 9.9991E-05
0.0474037 0.0803397 0.0353569 0.691586 0.103007 0.0423074
0.225274 0.018146 0.00452781 0.411833 0.325062 0.0151572
0.0696899 0.0605726 9.9991E-05 0.752884 0.0434172 0.0733367
0.837039 0.0674823 9.9973E-05 9.9973E-05 0.0951787 9.9973E-05
0.907167 0.0186058 9.9982E-05 0.0421242 0.031903 9.9982E-05
0.931956 9.9982E-05 0.0527356 0.00761842 9.9982E-05 0.00749004
0.78251 0.0690472 0.00731108 0.0450405 0.058569 0.0375218
0.82168 0.0839095 0.0238881 0.0694615 0.00096035 9.9991E-05
9.9991E-05 0.0799108 0.00391105 0.675446 0.170191 0.0704409
0.140702 0.0545823 0.0226173 0.61113 0.170868 9.9991E-05
9.9964E-05 0.771876 9.9964E-05 9.9964E-05 9.9964E-05 0.227724
0.0244641 9.9991E-05 0.029704 0.00140305 0.0603832 0.883946
0.0597325 0.0810805 9.9982E-05 9.9982E-05 0.00540404 0.853583
0.0261757 9.9973E-05 9.9973E-05 9.9973E-05 0.254961 0.718564
9.9982E-05 0.106691 0.00781101 9.9982E-05 0.0572552 0.828042
0.108357 0.220536 0.0059822 9.9982E-05 9.9982E-05 0.664925
9.9973E-05 9.9973E-05 0.00864554 9.9973E-05 0.0306742 0.96038
0.0637097 0.554108 9.9973E-05 9.9973E-05 9.9973E-05 0.381883
0.0592826 0.364578 9.9982E-05 9.9982E-05 0.00238184 0.573557
0.0747068 0.35122 9.9973E-05 9.9973E-05 9.9973E-05 0.573773
9.9982E-05 0.110588 0.0320784 9.9982E-05 0.0825842 0.77455
0.0378462 0.0774449 0.0311204 0.00106947 0.124647 0.727872
0.0636176 0.177528 0.00700731 0.0711494 9.9991E-05 0.680598
0.0558795 0.286108 0.012455 9.9982E-05 9.9982E-05 0.645358
9.9991E-05 0.369949 0.0176197 0.00860092 0.102353 0.501377
9.9973E-05 9.9973E-05 0.00728064 0.0205901 9.9973E-05 0.971829
0.0412992 0.142793 0.000437235 9.9982E-05 9.9982E-05 0.815271
0.0472351 9.9982E-05 9.9982E-05 0.0494648 0.705132 0.197968
0.0406187 9.9964E-05 9.9964E-05 9.9964E-05 0.958981 9.9964E-05
9.9973E-05 0.35112 9.9973E-05 0.0367802 9.9973E-05 0.6118
9.9982E-05 0.472025 0.0188429 0.198826 9.9982E-05 0.310106
9.996E-05 0.9995 9.996E-05 9.996E-05 9.996E-05 9.996E-05
9.9973E-05 0.191053 9.9973E-05 0.198871 0.609777 9.9973E-05
0.000958676 9.9991E-05 0.00467863 0.844426 0.0729849 0.0768523
0.246271 9.9982E-05 0.026493 0.674234 9.9982E-05 0.0528017
0.441562 0.093239 9.9982E-05 0.378017 0.0869818 9.9982E-05
0.549007 0.0122083 9.9991E-05 0.324819 0.0872598 0.0266064
0.772169 0.0369883 9.9982E-05 0.00596769 0.184675 9.9982E-05
0.781664 0.150372 9.9982E-05 0.0527586 0.0150053 9.9982E-05
0.715059 0.0145232 0.0210835 0.137595 0.0837817 0.0279569
0.706289 0.0475198 0.0128303 0.127429 0.105832 9.9991E-05
0.732827 0.0720056 0.0420923 9.9991E-05 0.114218 0.0387576
0.791326 9.9982E-05 0.0456762 0.0469818 9.9982E-05 0.115816
0.111689 0.057902 9.9991E-05 0.767084 0.0219949 0.0412302
0.0184947 0.205347 0.0429888 0.713435 0.0196349 9.9991E-05
9.9982E-05 0.130777 0.0527366 0.69284 0.123446 9.9982E-05
9.9973E-05 9.9973E-05 9.9973E-05 0.617899 0.351497 0.0303048
9.9973E-05 9.9973E-05 0.0181115 0.718081 0.263507 9.9973E-05
9.9973E-05 9.9973E-05 9.9973E-05 0.6066 0.325483 0.0676168
0.181883 0.0527561 0.00170386 0.536416 0.227141 9.9991E-05
0.199324 0.114513 0.0258297 0.470728 0.189505 9.9991E-05
0.0658231 9.9991E-05 0.045968 0.640961 0.191746 0.0554027
0.153352 0.0394139 0.0118108 0.594704 0.136683 0.0640362
0.129917 0.0714222 0.0487545 0.642754 0.0775597 0.0295924
0.597444 9.9982E-05 0.162365 0.0834087 9.9982E-05 0.156582
9.9991E-05 0.822104 0.00308902 0.0885953 0.0207324 0.065379
0.0897384 0.380932 0.0222081 9.9982E-05 9.9982E-05 0.506922
0.00113509 0.0992212 9.9982E-05 9.9982E-05 0.0566679 0.842776
0.0160734 0.0315952 0.00343833 0.0442841 0.180534 0.724075
0.122677 0.0793254 0.00839044 9.9991E-05 0.00996343 0.779543
0.241213 0.176907 0.0236842 0.397518 0.156165 0.00451192
0.283784 0.0283154 0.033923 0.58698 0.0253963 0.0416015
0.0802418 0.0999148 0.0679958 0.751648 9.9982E-05 9.9982E-05
0.236097 9.9991E-05 0.0402651 0.454396 0.227258 0.0418837
