0.00828094 0.119359 0.87236
9.999E-05 0.0944476 0.905452
0.016662 0.262442 0.720896
0.0360592 0.0704838 0.893457
0.0229265 0.0840404 0.893033
0.0690274 9.9991E-05 0.930873
0.0444195 0.0920295 0.863551
9.999E-05 0.0986687 0.901231
0.0598083 0.223355 0.716837
0.0310237 0.213982 0.754995
0.263238 0.104295 0.632467
0.0948571 0.292662 0.612481
0.309515 0.0913694 0.599115
0.118329 0.219469 0.662203
0.0605129 0.31496 0.624527
9.9991E-05 0.142781 0.857119
9.9991E-05 0.286413 0.713487
9.9991E-05 0.155444 0.844456
0.204441 0.580736 0.214824
9.9991E-05 0.740173 0.259727
9.9991E-05 0.808589 0.191311
0.0483945 0.840293 0.111312
0.0109412 0.960998 0.0280605
0.0137751 0.86383 0.122395
9.9991E-05 0.746251 0.253649
9.9991E-05 0.966613 0.0332872
0.0213824 0.978518 9.9991E-05
0.0472772 0.952623 9.9991E-05
9.999E-05 0.9998 9.999E-05
0.0993262 0.895178 0.00549598
0.0151155 0.984784 9.9991E-05
0.0253269 0.922392 0.0522811
0.0144722 0.930801 0.0547267
0.04238 0.265941 0.691679
9.9991E-05 0.344507 0.655393
0.0552207 0.129421 0.815359
0.0402446 0.0882162 0.871539
0.143964 0.185985 0.670051
0.336982 0.662918 9.9991E-05
0.0640041 0.879664 0.0563322
0.0827523 0.196353 0.720895
9.9991E-05 0.189593 0.810307
0.169126 0.319557 0.511318
0.316462 0.0927055 0.590833
0.267052 0.0829455 0.650003
0.345743 0.654157 9.9991E-05
0.0908221 0.255376 0.653802
0.264387 0.149462 0.586151
0.12034 0.417445 0.462215
0.879521 0.0565091 0.06397
0.890638 0.0225659 0.0867962
0.875229 0.00916592 0.115605
0.864364 0.0169388 0.118697
0.900193 0.0997068 9.9991E-05
0.892195 0.107705 9.9991E-05
0.788801 9.9991E-05 0.211099
0.931918 0.022544 0.0455381
0.923126 0.0767741 9.9991E-05
0.898766 0.00998355 0.0912503
0.747421 9.9991E-05 0.252479
0.896011 0.103889 9.9991E-05
0.801902 0.0645434 0.133555
0.543758 0.069999 0.386243
0.0408605 0.770233 0.188907
0.026909 0.843703 0.129388
9.9991E-05 0.902541 0.0973592
0.780689 0.0126981 0.206613
0.716651 0.0316718 0.251677
0.84274 0.0604546 0.0968054
0.863063 0.0675197 0.0694174
0.905175 0.0527282 0.0420967
0.337973 9.9991E-05 0.661927
0.339167 0.0115941 0.649239
0.364978 0.0113165 0.623705
0.322778 0.0232518 0.65397
0.243422 0.127879 0.628699
0.32699 0.00290704 0.670103
0.286329 0.147009 0.566662
0.778564 9.9991E-05 0.221336
0.594122 0.13862 0.267258
0.866439 0.0765986 0.0569621
0.826539 0.173361 9.9991E-05
0.785963 9.9991E-05 0.213937
0.0615727 0.771645 0.166782
0.462448 0.078429 0.459123
0.386792 9.9991E-05 0.613108
0.387008 0.612892 9.9991E-05
9.9991E-05 0.188563 0.811337
9.9991E-05 0.260228 0.739672
0.0408271 0.219771 0.739402
0.130064 0.286011 0.583925
0.03906 0.113484 0.847456
0.439913 0.0211519 0.538936
0.0613689 0.627588 0.311043
0.463637 0.0414652 0.494897
0.147786 0.331933 0.520281
9.9991E-05 0.197041 0.802859
0.0232218 0.141532 0.835247
0.0181766 0.187649 0.794174
0.10493 0.0246502 0.87042
0.000349661 0.0533616 0.946289
9.9991E-05 0.108032 0.891868
0.438388 0.108711 0.452901
0.366152 0.114312 0.519536
0.467658 0.0904942 0.441847
0.120135 0.214764 0.665101
0.221374 0.102844 0.675782
0.0420723 0.518635 0.439293
0.799549 0.0486873 0.151764
0.857565 0.0434446 0.0989904
0.361164 0.228361 0.410475
0.342414 0.16579 0.491796
0.306406 0.290471 0.403123
0.0383517 0.757047 0.204601
0.784574 0.143967 0.0714589
0.802128 0.0183927 0.179479
0.649844 9.9991E-05 0.350056
0.0664562 0.565908 0.367636
0.0398674 0.291298 0.668834
0.0566198 0.109338 0.834042
0.0978336 0.139103 0.763064
9.9991E-05 0.413688 0.586212
9.9991E-05 0.202164 0.797736
0.0263131 0.172038 0.801649
0.0553974 0.0761712 0.868431
0.0272034 0.439119 0.533678
9.9991E-05 0.202861 0.797039
9.9991E-05 0.192207 0.807693
9.9991E-05 0.197802 0.802098
0.104019 0.280324 0.615658
0.0598925 0.0966139 0.843494
0.05591 0.279495 0.664595
0.0187395 0.137784 0.843477
9.9991E-05 0.915063 0.0848369
9.9991E-05 0.915656 0.0842436
9.999E-05 0.9998 9.999E-05
0.0731431 0.766794 0.160063
0.0535951 0.911433 0.0349723
0.138983 9.9991E-05 0.860917
0.00646535 0.196149 0.797385
0.9998 9.999E-05 9.999E-05
0.851825 0.0527464 0.0954283
0.934128 0.0657723 9.9991E-05
0.746076 0.124557 0.129367
0.936179 9.9991E-05 0.0637207
0.83836 0.16154 9.9991E-05
0.958048 0.0224859 0.0194663
0.888504 0.111396 9.9991E-05
0.898613 0.0856647 0.0157227
0.91129 0.0886102 9.9991E-05
0.903462 9.9991E-05 0.0964379
0.835684 0.0262077 0.138108
0.843421 0.0676602 0.0889185
0.906004 0.0938956 9.9991E-05
0.947596 0.0246707 0.0277334
0.990237 9.9991E-05 0.00966275
0.918419 0.0814807 9.9991E-05
0.393867 0.0689516 0.537181
0.217363 0.0379793 0.744658
0.92444 9.9991E-05 0.0754604
0.730766 9.9991E-05 0.269134
0.963144 0.0367561 9.9991E-05
0.366943 9.9991E-05 0.632957
9.9991E-05 0.112607 0.887293
9.9991E-05 0.248272 0.751628
0.00282381 0.474129 0.523047
0.00139706 0.702954 0.295649
0.0151713 0.863467 0.121362
0.0269839 0.941815 0.0312007
9.9991E-05 0.793552 0.206348
0.0285381 0.827493 0.143969
0.082166 0.762209 0.155625
0.060165 0.837895 0.10194
0.0366914 0.105581 0.857727
0.0734151 0.146489 0.780096
0.0757615 9.9991E-05 0.924138
0.0243371 9.9991E-05 0.975563
9.999E-05 9.999E-05 0.9998
0.0798647 9.9991E-05 0.920035
0.0117434 0.247716 0.74054
0.116214 0.197435 0.686351
0.0506013 0.144322 0.805076
0.0798358 0.161288 0.758876
0.0214986 0.174236 0.804265
0.112648 0.853205 0.0341473
0.836508 0.0318297 0.131662
0.894118 0.105782 9.9991E-05
0.958037 0.0386159 0.00334725
0.811994 0.0753953 0.112611
0.873017 0.126883 9.9991E-05
0.166917 0.331611 0.501472
0.00437079 0.304932 0.690697
0.0527994 0.184082 0.763118
0.0276545 0.295082 0.677263
