0.679263 0.0125307 0.19719 0.0891628 0.0218541
0.867423 0.00707792 0.0366671 0.0740965 0.0147359
0.651382 9.9982E-05 0.206248 0.14217 9.9982E-05
0.754143 0.0271257 0.0786931 0.119592 0.0204468
0.932308 0.0501226 9.9982E-05 9.9982E-05 0.017369
0.833731 0.0588237 0.035457 0.0598726 0.0121154
0.733373 9.9982E-05 0.0408166 0.225611 9.9982E-05
0.796791 9.9982E-05 9.9982E-05 0.162278 0.040731
0.726849 0.0952801 0.151449 9.9991E-05 0.0263215
0.496063 9.9991E-05 0.220076 0.272218 0.0115424
0.392522 0.0468795 0.0401406 0.477345 0.0431124
0.556966 0.0725504 0.266315 0.0909394 0.0132291
0.0148497 0.0520164 0.0657833 0.815757 0.0515933
0.554081 0.0900747 0.209577 0.146166 9.9991E-05
0.716855 0.103685 0.147725 9.9991E-05 0.0316354
0.726117 9.9982E-05 0.102003 0.17168 9.9982E-05
0.703684 0.0418723 0.253533 0.000810166 9.9991E-05
0.88793 9.9982E-05 0.0756526 9.9982E-05 0.0362179
0.0517467 0.135615 0.617782 0.1294 0.0654557
0.0821898 9.9982E-05 0.712995 0.204615 9.9982E-05
0.206613 0.00479853 0.705523 0.0528247 0.0302408
0.0356713 0.0415164 0.858819 0.0638934 9.9991E-05
9.9973E-05 9.9973E-05 0.951378 9.9973E-05 0.0483222
0.134059 0.0419395 0.788903 9.9991E-05 0.0349991
0.186977 9.9982E-05 0.732119 0.0807039 9.9982E-05
0.00402053 9.9991E-05 0.968313 0.006063 0.0215033
9.9982E-05 0.0702705 0.899057 9.9982E-05 0.0304728
0.0037454 0.0619209 0.898113 9.9991E-05 0.0361211
0.0256248 0.0296715 0.944504 9.9982E-05 9.9982E-05
0.0351226 0.0633671 0.818043 0.083367 9.9991E-05
9.9982E-05 0.0420261 0.902877 0.0548971 9.9982E-05
0.0911354 0.0582806 0.826101 9.9991E-05 0.0243827
0.0196177 0.00792592 0.82516 0.0995362 0.0477598
0.512524 9.9991E-05 0.169302 0.257934 0.0601399
0.685281 0.0622114 0.250401 0.00200692 9.9991E-05
0.637016 0.0664971 0.161351 0.135036 9.9991E-05
0.62645 9.9991E-05 0.0807987 0.265748 0.0269036
0.500955 0.0578764 0.152578 0.270005 0.0185851
9.997E-05 9.997E-05 9.997E-05 9.997E-05 0.9996
9.9991E-05 0.0182411 0.802859 0.137305 0.0414947
0.647467 0.143756 0.208577 9.9982E-05 9.9982E-05
0.65778 0.00452738 0.184098 0.152059 0.00153619
0.225761 0.0895959 0.31418 0.358073 0.0123896
0.0996568 0.0890335 0.122185 0.62721 0.0619143
9.9982E-05 9.9982E-05 0.0322695 0.952491 0.0150396
9.997E-05 9.997E-05 9.997E-05 9.997E-05 0.9996
0.379914 9.9991E-05 0.24245 0.305527 0.0720089
0.267575 0.0405827 0.106621 0.585121 9.9991E-05
0.380235 0.0822697 0.350354 0.142479 0.0446616
0.0410179 0.700726 0.0544406 0.17671 0.0271053
0.0244666 0.762619 9.9991E-05 0.185508 0.0273066
0.194848 0.804852 9.9973E-05 9.9973E-05 9.9973E-05
0.0885628 0.720116 9.9991E-05 0.120022 0.0711985
0.00806219 0.83838 0.110664 9.9991E-05 0.0427937
0.0413418 0.846932 0.111526 9.9982E-05 9.9982E-05
0.273583 0.726117 9.9973E-05 9.9973E-05 9.9973E-05
0.0562205 0.815354 0.0483883 0.050736 0.0293016
9.9991E-05 0.839268 0.130781 0.0240843 0.00576677
0.144496 0.809383 9.9991E-05 0.00944781 0.0365731
0.123959 0.595473 9.9991E-05 0.239146 0.0413221
9.9982E-05 0.772204 0.0830775 0.144519 9.9982E-05
0.107917 0.688398 0.0892701 0.108292 0.0061223
0.0243046 0.329044 9.9991E-05 0.584942 0.06161
0.203921 0.0279762 0.744265 9.9991E-05 0.0237383
0.0874292 0.0151216 0.805001 0.0497449 0.042703
0.157472 9.9982E-05 0.829885 9.9982E-05 0.0124428
0.10486 0.71087 0.0532271 0.130944 9.9991E-05
9.9982E-05 0.469475 9.9982E-05 0.447682 0.0826426
0.0297656 0.715974 0.0498253 0.192143 0.0122918
9.9982E-05 0.674188 9.9982E-05 0.283155 0.0424577
0.0714448 0.79434 9.9991E-05 0.0741867 0.0599283
0.273731 0.136043 9.9991E-05 0.574927 0.0151991
0.142071 0.0529391 0.0115165 0.787689 0.00578433
0.0399376 0.0545682 0.00607962 0.88109 0.0183247
9.9973E-05 9.9973E-05 9.9973E-05 0.969641 0.0300589
0.0480722 9.9991E-05 0.098413 0.822951 0.0304642
9.9991E-05 0.0381342 0.00199061 0.916738 0.0430368
0.083542 9.9991E-05 0.044277 0.835164 0.0369166
9.9973E-05 0.611887 9.9973E-05 0.387813 9.9973E-05
9.9991E-05 0.467451 0.0634958 0.356735 0.112218
9.9991E-05 0.701048 0.0634105 0.211395 0.0240463
9.9991E-05 0.757394 0.0920745 0.108657 0.0417753
0.228242 0.751378 9.9982E-05 9.9982E-05 0.0201802
0.00316234 9.9991E-05 0.715945 0.266641 0.0141524
0.0551172 0.232753 0.124645 0.587385 9.9991E-05
9.9973E-05 0.122132 9.9973E-05 0.877568 9.9973E-05
9.997E-05 9.997E-05 9.997E-05 9.997E-05 0.9996
0.687328 9.9982E-05 0.214731 0.0977417 9.9982E-05
0.716508 9.9991E-05 0.170463 0.0690658 0.0438628
0.617331 9.9991E-05 0.169049 0.163245 0.0502756
0.385309 0.0789646 0.266233 0.236718 0.032775
0.804159 0.0877207 0.070612 0.0374081 9.9991E-05
9.9982E-05 0.139308 0.00309361 0.857399 9.9982E-05
0.152247 9.9991E-05 0.610091 0.198021 0.0395409
0.0958385 0.167767 9.9991E-05 0.630038 0.106257
0.212273 0.0569689 0.301961 0.391941 0.0368562
0.795715 9.9982E-05 0.202517 9.9982E-05 0.00156733
0.610147 9.9982E-05 0.0351039 0.354549 9.9982E-05
0.603562 9.9982E-05 0.0987317 0.297506 9.9982E-05
0.62038 0.0318858 0.0211988 0.313758 0.0127776
0.494863 9.9991E-05 0.0611939 0.420053 0.02379
0.717081 9.9991E-05 0.037667 0.244552 0.000599382
0.0517591 0.183788 0.0879537 0.671606 0.00489284
0.117538 0.0998362 0.0580286 0.632646 0.0919512
0.105167 0.191986 9.9991E-05 0.622196 0.0805505
0.117195 9.9982E-05 0.23702 0.645585 9.9982E-05
0.224974 0.12753 0.161644 0.485753 9.9991E-05
0.509883 0.0626853 0.393937 0.0333948 9.9991E-05
0.213695 0.775727 9.9982E-05 9.9982E-05 0.0103778
0.0234594 0.695451 0.0299794 0.224539 0.0265706
0.00326127 0.163423 0.226421 0.585085 0.0218101
0.219432 0.193415 0.0669052 0.475892 0.0443559
0.0661614 0.112172 0.314877 0.432557 0.0742331
9.9973E-05 9.9973E-05 0.727907 0.271793 9.9973E-05
9.9991E-05 0.627432 0.0580004 0.263839 0.0506289
9.9982E-05 0.642668 0.0231902 0.333942 9.9982E-05
0.0629274 0.444576 9.9982E-05 0.492296 9.9982E-05
0.276503 0.0334867 0.555879 0.0819718 0.05216
0.69625 0.0421064 0.261443 9.9982E-05 9.9982E-05
0.718201 9.9982E-05 9.9982E-05 0.244773 0.0368266
0.765884 0.112505 0.0840272 0.0374836 9.9991E-05
0.590165 0.00160557 0.395132 0.0129978 9.9991E-05
0.68567 9.9991E-05 0.204899 0.0943217 0.0150094
0.824265 0.053655 0.113446 0.0012383 0.00739559
0.926449 0.0692205 9.9982E-05 9.9982E-05 0.00413037
0.505356 0.000569752 0.379897 0.114078 9.9991E-05
0.762446 0.00841363 0.163548 0.0654924 9.9991E-05
0.714576 9.9991E-05 0.144176 0.0903279 0.0508195
0.723242 9.9991E-05 0.129611 0.138557 0.00849014
0.534601 0.105482 0.287578 0.0722387 9.9991E-05
0.816221 0.0684078 0.0433379 0.0479039 0.0241292
0.415788 9.9991E-05 0.200643 0.382572 0.000897465
0.75498 0.0260391 0.149054 0.0698267 9.9991E-05
9.9973E-05 9.9973E-05 0.831308 0.168392 9.9973E-05
0.00808491 9.9982E-05 0.967968 0.0237476 9.9982E-05
0.0877447 9.9982E-05 0.874164 9.9982E-05 0.0378916
0.144187 0.0696104 0.755882 0.0124478 0.0178725
0.0189106 0.0462629 0.841612 0.0850417 0.00817283
0.679652 0.0629411 9.9991E-05 0.246036 0.0112705
0.643942 9.9991E-05 0.158086 0.149141 0.0487309
9.9973E-05 0.883409 9.9973E-05 0.116292 9.9973E-05
0.0121661 0.78521 0.0618771 0.0993574 0.0413899
0.0627112 0.891893 0.0420402 9.9991E-05 0.00325572
0.0452565 0.594059 0.0884314 0.272153 9.9991E-05
0.0582523 0.860748 9.9991E-05 0.0502239 0.0306758
0.0163794 0.762874 0.0867662 0.118049 0.0159318
0.0835398 0.884577 9.9982E-05 0.0316829 9.9982E-05
9.9982E-05 0.840766 0.108342 0.0506915 9.9982E-05
9.9982E-05 0.807735 0.0633508 0.128714 9.9982E-05
0.0411516 0.852851 0.103134 9.9991E-05 0.00276344
0.0482239 0.807201 9.9991E-05 0.11365 0.0308251
0.0750437 0.762538 0.0506056 0.0873839 0.0244288
0.123793 0.795611 0.0803956 9.9982E-05 9.9982E-05
0.04644 0.881983 0.0667564 9.9991E-05 0.00472022
0.0238264 0.797603 0.0144652 0.147559 0.0165462
0.11443 0.878176 9.9982E-05 9.9982E-05 0.00719453
0.0673655 0.847369 0.0619499 9.9991E-05 0.0232151
0.0872948 0.154726 0.0104449 0.747435 9.9991E-05
0.156593 9.9973E-05 9.9973E-05 0.843107 9.9973E-05
0.00258932 0.823837 9.9982E-05 0.173374 9.9982E-05
0.198969 0.660016 9.9991E-05 0.112322 0.0285937
9.9973E-05 0.810931 9.9973E-05 0.188769 9.9973E-05
0.172762 0.15084 9.9982E-05 0.676197 9.9982E-05
0.871051 0.0324036 9.9991E-05 0.0786101 0.0178355
0.816373 9.9982E-05 0.168824 9.9982E-05 0.014603
0.328152 0.00243991 0.495699 0.173609 9.9991E-05
0.340744 0.00536013 0.586461 0.0673344 9.9991E-05
9.9973E-05 9.9973E-05 0.808186 0.191514 9.9973E-05
0.0332961 0.0364456 0.880458 0.0464972 0.00330259
0.15831 9.9982E-05 0.786119 0.0553717 9.9982E-05
0.00661419 9.9991E-05 0.870597 0.107533 0.0151565
9.9991E-05 0.0873694 0.819853 0.067231 0.0254462
0.0551764 0.0946413 0.800312 9.9991E-05 0.0497702
0.777629 9.99963E-05 0.0763091 0.134098 0.0118632
0.739334 0.0365513 0.0743804 0.0935804 0.056154
0.764169 0.0312007 9.9991E-05 0.153993 0.0505374
0.635355 9.9973E-05 9.9973E-05 0.364345 9.9973E-05
0.739957 0.00107319 9.9991E-05 0.231834 0.0270355
0.608602 9.9973E-05 9.9973E-05 0.391098 9.9973E-05
0.575085 9.9991E-05 0.177979 0.2447 0.00213608
0.545738 0.0844876 0.243046 0.120985 0.00574255
0.712502 0.00674983 0.0743987 0.138672 0.0676775
0.624155 0.0505488 0.201484 0.123712 9.9991E-05
0.634856 0.0572069 0.113366 0.140154 0.0544178
0.0455467 0.0996865 0.702349 0.00992608 0.142492
9.9982E-05 0.701797 9.9982E-05 0.292189 0.00581374
9.9991E-05 0.773481 0.109603 0.0612584 0.0555577
0.027426 0.854269 0.0109044 0.107301 9.9991E-05
0.196779 0.742471 0.00937206 0.0216187 0.0297594
0.0722523 0.765955 0.0561431 0.0795838 0.0260658
0.399572 0.12317 0.304285 0.137956 0.0350166
0.506357 9.9991E-05 0.307088 0.154445 0.0320101
0.834036 0.0133531 0.0962695 9.9991E-05 0.0562413
0.470805 9.9991E-05 0.264534 0.224381 0.04018
