9.9991E-05 0.117758 0.0247218 0.722019 0.0420465 0.0817689 0.0115856
0.143556 0.0204149 0.0203495 0.682101 0.0301409 0.103338 9.9991E-05
9.9973E-05 9.9973E-05 0.0252287 0.798169 0.108519 0.0677833 9.9973E-05
9.9973E-05 0.12965 0.00987594 0.664772 9.9973E-05 0.195402 9.9973E-05
0.171326 0.140745 9.9973E-05 0.640024 9.9973E-05 9.9973E-05 0.047605
0.233077 0.075978 9.9982E-05 0.561665 9.9982E-05 0.118854 0.0102258
0.32121 0.248118 9.9991E-05 0.324602 0.021236 0.0606917 0.0240421
0.145565 0.320747 0.0388411 0.454303 9.9982E-05 0.0403435 9.9982E-05
0.631372 9.9982E-05 0.0196048 0.225034 0.0674237 9.9982E-05 0.0563663
0.439814 0.0900857 0.0217083 0.196778 0.130215 0.101256 0.0201421
0.291165 0.18442 0.0361911 0.0354294 0.0581283 0.319319 0.0753477
0.488379 0.00684721 0.0281789 0.27508 0.135531 0.0176256 0.0483574
0.00261792 0.0725298 0.0532984 0.00628543 0.0454515 0.807665 0.0121518
0.749842 0.0107679 9.9973E-05 9.9973E-05 0.154321 9.9973E-05 0.0847689
0.506408 0.0716861 0.0306953 0.289178 0.0559274 9.9991E-05 0.0460051
0.712967 0.137085 9.9973E-05 0.081212 9.9973E-05 0.0684357 9.9973E-05
0.613111 0.144016 9.9973E-05 0.1365 0.106074 9.9973E-05 9.9973E-05
0.468648 9.9964E-05 0.0368197 0.494132 9.9964E-05 9.9964E-05 9.9964E-05
0.20774 9.9991E-05 0.0585296 0.00741928 0.425911 0.198945 0.101355
0.335095 9.9964E-05 9.9964E-05 9.9964E-05 0.581053 0.0834529 9.9964E-05
0.121108 0.0623166 0.00423543 0.167922 0.644217 9.9991E-05 0.000101399
0.0100082 9.9982E-05 9.9982E-05 0.0835709 0.773413 0.1247 0.00810805
9.9964E-05 0.0888906 0.0570524 9.9964E-05 0.853657 9.9964E-05 9.9964E-05
0.0827102 9.9973E-05 0.0454848 0.168099 0.703406 9.9973E-05 9.9973E-05
0.0202738 0.286405 9.9982E-05 0.0577381 0.63294 0.00244269 9.9982E-05
9.9973E-05 9.9973E-05 0.0109079 0.160333 0.807527 0.0209319 9.9973E-05
9.9982E-05 0.0812739 0.0315968 9.9982E-05 0.805993 0.0191416 0.0617951
0.107914 0.000644761 0.0375511 9.9991E-05 0.788768 0.0359089 0.0291128
9.9955E-05 9.9955E-05 9.9955E-05 0.261224 0.738276 9.9955E-05 9.9955E-05
9.9982E-05 0.140396 0.00522925 0.0228512 0.773021 9.9982E-05 0.0583027
0.0375797 9.9991E-05 0.000976892 0.0480817 0.844892 0.0446739 0.0236962
0.0392939 0.0852785 0.0256587 0.0208869 0.785131 9.9991E-05 0.0436512
0.0749196 0.102562 0.0550703 9.9973E-05 0.767148 9.9973E-05 9.9973E-05
0.289137 0.0640471 0.0584708 0.292266 0.12037 0.175609 9.9991E-05
0.186741 0.0730101 9.9982E-05 0.512193 0.207349 9.9982E-05 0.0205066
0.03067 0.563131 9.9982E-05 0.224792 0.151387 9.9982E-05 0.0298198
9.999E-05 0.438911 0.0263313 0.340205 0.0480042 0.142276 0.00417287
0.315638 0.241737 0.00106488 0.113548 0.150503 0.11511 0.062399
9.995E-05 9.995E-05 0.9994 9.995E-05 9.995E-05 9.995E-05 9.995E-05
0.071972 0.0717445 0.0415869 0.0199521 0.591721 0.196164 0.0068596
9.9982E-05 0.159616 0.0013159 0.645897 0.103704 9.9982E-05 0.0892669
0.301412 0.0161506 9.99849E-05 0.419821 0.0953918 0.167025 9.99849E-05
0.197982 0.0617118 0.00285229 0.143167 0.27539 0.268238 0.0506592
0.18061 9.9991E-05 0.0432782 0.0415601 0.0873164 0.540742 0.106394
9.9973E-05 0.111223 9.9973E-05 0.0393399 0.0054253 0.843711 9.9973E-05
9.995E-05 9.995E-05 0.9994 9.995E-05 9.995E-05 9.995E-05 9.995E-05
0.381842 0.164531 0.0771099 0.0401383 0.160459 0.164232 0.0116883
0.198503 0.336485 9.9982E-05 9.9982E-05 0.114412 0.294756 0.0556439
0.389211 9.9991E-05 0.0330579 0.151979 0.278187 0.0558762 0.091589
0.0765167 9.9982E-05 0.0410847 9.9982E-05 0.0166695 0.178213 0.687316
9.9982E-05 0.0365654 0.0460788 9.9982E-05 0.0106418 0.153834 0.75268
0.0558516 0.125813 9.9982E-05 0.0435624 0.0306171 9.9982E-05 0.743956
0.149422 9.9973E-05 0.0560463 9.9973E-05 9.9973E-05 0.124841 0.669391
0.00824734 0.0859073 0.0569896 9.9982E-05 0.063921 9.9982E-05 0.784735
0.209695 9.9955E-05 9.9955E-05 9.9955E-05 9.9955E-05 9.9955E-05 0.789805
0.35805 9.9955E-05 9.9955E-05 9.9955E-05 9.9955E-05 9.9955E-05 0.64145
0.202782 9.9973E-05 0.0149231 9.9973E-05 9.9973E-05 0.0496064 0.732388
9.9973E-05 9.9973E-05 0.0344341 9.9973E-05 0.126193 0.0783652 0.760708
0.166481 9.9982E-05 0.0562016 0.0521793 9.9982E-05 0.0290282 0.69591
0.109806 9.9982E-05 0.0313172 0.0653922 9.9982E-05 0.250822 0.542463
9.9964E-05 9.9964E-05 9.9964E-05 9.9964E-05 0.0631718 0.188754 0.747674
0.0349169 9.9982E-05 9.9982E-05 0.174328 0.0218957 0.170342 0.598317
0.0414225 9.9982E-05 0.0567309 0.0455632 9.9982E-05 0.568222 0.287861
0.125405 0.0710016 0.0221191 0.103812 0.649435 9.9991E-05 0.0281279
9.9982E-05 9.9982E-05 0.0170462 0.247069 0.6357 0.0940086 0.00597576
0.0405555 0.0247378 9.9973E-05 0.164959 0.769448 9.9973E-05 9.9973E-05
0.127188 0.0722086 0.0173146 9.9991E-05 0.0353512 0.0897798 0.658057
9.9973E-05 9.9973E-05 0.064562 0.122197 9.9973E-05 0.352365 0.460576
0.0291019 0.0570065 9.9991E-05 0.00436944 0.0796572 0.151641 0.678124
9.9964E-05 9.9964E-05 0.0575865 9.9964E-05 9.9964E-05 0.337619 0.604395
0.0261131 0.0892933 0.0357895 0.063875 0.0144896 0.00243952 0.768
0.168574 9.9973E-05 9.9973E-05 0.184401 9.9973E-05 0.514834 0.131891
0.320979 9.9964E-05 9.9964E-05 9.9964E-05 9.9964E-05 0.63951 0.0391106
0.0716323 0.16247 9.9982E-05 9.9982E-05 0.026369 0.626146 0.113183
9.9964E-05 0.0176914 0.0169526 9.9964E-05 9.9964E-05 0.964956 9.9964E-05
9.9973E-05 0.142373 0.0375556 9.9973E-05 0.0638845 0.755887 9.9973E-05
0.0389206 9.9964E-05 0.00753286 9.9964E-05 9.9964E-05 0.953147 9.9964E-05
0.0688975 0.103141 9.9991E-05 0.0966679 0.0714474 0.621754 0.0379921
0.180628 9.9964E-05 9.9964E-05 9.9964E-05 9.9964E-05 0.193734 0.625238
9.9973E-05 9.9973E-05 0.116688 0.183499 9.9973E-05 0.304363 0.39515
9.9982E-05 9.9982E-05 0.0183145 0.0847451 0.0440558 0.165805 0.68688
0.058135 9.9982E-05 0.0455961 9.9982E-05 0.0276937 0.175512 0.692863
0.236868 0.0758153 0.0287598 9.9973E-05 9.9973E-05 9.9973E-05 0.658257
0.295264 9.9991E-05 0.027222 0.0325496 0.573036 0.0412896 0.0305392
0.0291914 0.114923 9.9991E-05 0.0582302 0.100855 0.418194 0.278507
9.9964E-05 9.9964E-05 9.9964E-05 0.0189517 9.9964E-05 0.876121 0.104528
9.995E-05 9.995E-05 0.9994 9.995E-05 9.995E-05 9.995E-05 9.995E-05
0.121982 0.0740469 9.9982E-05 0.527984 0.092715 0.183073 9.9982E-05
0.114161 9.9973E-05 0.0213829 0.689691 9.9973E-05 0.174465 9.9973E-05
0.567892 0.14532 0.0194944 0.0525172 0.099367 0.093957 0.0214519
0.614619 0.0215804 0.0500967 9.9991E-05 0.1741 0.072191 0.0673129
0.270698 0.302332 9.9982E-05 0.329993 0.0438117 9.9982E-05 0.0529652
9.9973E-05 0.0488572 9.9973E-05 9.9973E-05 0.013351 0.845326 0.0921655
0.0453073 9.9991E-05 0.0353358 0.204902 0.547479 0.159877 0.00699998
9.9973E-05 9.9973E-05 0.0757168 0.131567 9.9973E-05 0.660587 0.13183
0.123581 0.312161 0.0142854 9.9991E-05 0.271165 0.230169 0.0485379
0.622042 9.9964E-05 9.9964E-05 0.343294 0.0342649 9.9964E-05 9.9964E-05
0.179843 0.401056 9.9982E-05 0.231991 0.0500202 0.13689 9.9982E-05
0.349074 9.9973E-05 9.9973E-05 0.34059 0.0391341 0.270901 9.9973E-05
0.743701 0.194262 0.00383343 9.9982E-05 9.9982E-05 0.00029011 0.0577141
9.9964E-05 0.874536 9.9964E-05 9.9964E-05 0.0220476 0.103017 9.9964E-05
0.922915 9.9964E-05 9.9964E-05 0.0410074 9.9964E-05 0.0356772 9.9964E-05
9.9982E-05 0.102265 0.0198516 0.0254658 9.9982E-05 0.669598 0.18262
9.9991E-05 0.000744586 0.0627287 0.132428 0.0611597 0.634758 0.108081
0.000783019 0.0648998 0.0710685 0.066032 9.9991E-05 0.613543 0.183573
0.212188 0.0565901 0.00120833 9.9982E-05 0.189854 0.53996 9.9982E-05
0.385477 0.0248212 9.9991E-05 0.0163223 0.0998313 0.361015 0.112433
0.272881 0.278843 9.9982E-05 0.0306197 0.36731 9.9982E-05 0.0501456
0.00715546 0.197438 0.0135988 0.0692694 9.9982E-05 9.9982E-05 0.712338
0.0553124 9.9982E-05 0.013099 0.0603171 9.9982E-05 0.17173 0.699341
9.9982E-05 9.9982E-05 0.00439786 0.192743 0.0673426 0.593251 0.142065
0.380654 9.9982E-05 0.0361457 9.9982E-05 0.0547868 0.362112 0.166102
9.9991E-05 0.00128502 0.053328 0.24576 0.161786 0.429439 0.108302
0.0825287 0.0209306 9.9973E-05 9.9973E-05 0.696268 0.199972 9.9973E-05
9.9982E-05 0.0533937 0.0354312 9.9982E-05 0.0525075 0.24429 0.614178
0.229902 9.9964E-05 9.9964E-05 9.9964E-05 9.9964E-05 0.137756 0.631942
0.0966817 0.157007 9.99782E-05 9.99782E-05 9.99782E-05 0.269815 0.476196
0.0742834 0.122722 0.0500773 0.272796 0.406098 0.0512649 0.022759
9.9964E-05 9.9964E-05 9.9964E-05 0.795067 0.159578 9.9964E-05 0.044955
0.0402776 0.24809 0.00270712 0.57187 0.0278358 0.0990698 0.01015
9.9982E-05 0.104556 9.9982E-05 0.737657 0.0206921 0.0572293 0.0796665
0.235147 0.0385902 9.9982E-05 0.420708 0.257408 0.0479457 9.9982E-05
0.209304 0.09098 9.9982E-05 0.444757 0.0710007 0.183759 9.9982E-05
9.9973E-05 9.9973E-05 9.9973E-05 0.92496 0.0337192 0.0341121 0.00690882
0.0714876 9.9973E-05 0.00696791 0.896514 9.9973E-05 9.9973E-05 0.0247306
0.229878 0.0688576 9.9982E-05 0.298427 0.295959 0.106678 9.9982E-05
0.866584 9.9964E-05 9.9964E-05 0.0516332 0.0813827 9.9964E-05 9.9964E-05
0.771405 0.0691179 0.0199535 0.0634326 0.0752977 0.00069334 9.9991E-05
0.826523 0.146641 0.00431352 9.9973E-05 0.0222222 9.9973E-05 9.9973E-05
0.332458 9.9991E-05 0.0170484 0.377804 0.1472 0.0475284 0.0778612
0.77447 0.0230063 0.0341763 0.10221 9.9991E-05 0.043224 0.0228132
0.616379 0.0333239 9.9982E-05 9.9982E-05 0.14196 0.177904 0.0302342
0.162633 9.9964E-05 9.9964E-05 0.754457 9.9964E-05 0.0825099 9.9964E-05
9.9964E-05 0.21191 9.9964E-05 9.9964E-05 0.740604 0.0470854 9.9964E-05
9.9973E-05 0.0113495 9.9973E-05 0.194476 0.774234 0.0196405 9.9973E-05
0.0956191 0.0201522 0.0250697 9.9973E-05 0.858859 9.9973E-05 9.9973E-05
0.16806 9.9982E-05 0.00354801 0.0337184 0.73619 9.9982E-05 0.0582829
9.9973E-05 9.9973E-05 9.9973E-05 0.235146 0.673156 0.0683364 0.0230621
0.121602 0.291274 0.0134045 0.390672 9.9991E-05 0.0959973 0.0869507
9.9973E-05 0.691482 0.0121272 0.158326 0.137764 9.9973E-05 9.9973E-05
9.9955E-05 9.9955E-05 9.9955E-05 9.9955E-05 9.9955E-05 0.135554 0.863947
0.0958444 0.0345902 0.0337771 0.0138197 0.0571415 9.9991E-05 0.764727
0.0533018 0.102363 0.030282 9.9982E-05 0.0127221 9.9982E-05 0.801131
9.9982E-05 0.0763396 9.9982E-05 0.0977525 0.00244612 0.235421 0.587841
0.0412592 9.9982E-05 0.0426153 0.0539873 9.9982E-05 0.0747045 0.787234
0.0171464 9.9982E-05 0.0123691 9.9982E-05 0.13481 0.0743574 0.761117
9.9964E-05 9.9964E-05 9.9964E-05 0.138195 9.9964E-05 0.0682273 0.793178
9.9973E-05 9.9973E-05 9.9973E-05 0.065077 0.0760898 0.116573 0.741961
0.0847811 9.9982E-05 9.9982E-05 0.0748931 0.00428797 0.0455246 0.790313
9.9982E-05 0.0253477 0.0114174 0.0538083 0.105124 9.9982E-05 0.804102
9.9973E-05 0.179641 0.0308538 9.9973E-05 9.9973E-05 0.0488528 0.740353
0.085904 0.09631 0.0171371 0.0226266 0.039929 9.9991E-05 0.737993
0.00796075 0.0204899 0.0287777 0.146514 0.0434628 9.9991E-05 0.752694
0.0434625 0.0697677 0.02481 9.9982E-05 0.0567751 9.9982E-05 0.804985
9.9982E-05 0.101646 0.0111477 0.0704126 9.9982E-05 0.100647 0.715947
9.9964E-05 0.056773 9.9964E-05 0.117987 9.9964E-05 9.9964E-05 0.824841
9.9973E-05 0.137371 0.0161298 9.9973E-05 0.0569061 9.9973E-05 0.789293
0.013569 9.9982E-05 9.9982E-05 0.147943 0.00310427 0.737321 0.0978624
0.172042 0.0149319 9.9964E-05 9.9964E-05 9.9964E-05 0.812627 9.9964E-05
9.9973E-05 0.115644 9.9973E-05 0.0702489 9.9973E-05 0.0413748 0.772432
0.0236225 0.177542 0.0337179 0.117605 0.0206271 0.00771424 0.619171
9.9973E-05 9.9973E-05 0.00451198 9.9973E-05 0.0227871 0.242018 0.730383
0.155519 0.0391638 9.9973E-05 9.9973E-05 9.9973E-05 0.68989 0.115127
9.9982E-05 0.030196 0.00395389 0.938567 9.9982E-05 0.014392 0.0126911
0.0213168 0.0453746 0.0186716 0.740197 0.17424 9.9982E-05 9.9982E-05
9.9973E-05 0.008506 9.9973E-05 0.429695 0.362697 0.198802 9.9973E-05
0.24334 9.9973E-05 9.9973E-05 0.218079 0.482532 0.055749 9.9973E-05
0.0951014 0.0336478 9.9973E-05 9.9973E-05 0.71195 0.159001 9.9973E-05
0.204083 9.9973E-05 0.000644593 9.9973E-05 0.733798 9.9973E-05 0.061174
0.190596 9.9982E-05 0.0150399 0.134462 0.628137 0.0315647 9.9982E-05
0.248599 0.0526774 0.0272015 9.9991E-05 0.637634 0.0184369 0.015351
0.059858 0.117021 0.0271448 9.9991E-05 0.624665 0.140957 0.0302545
0.0698532 9.9982E-05 0.0531682 0.149564 0.674487 9.9982E-05 0.0527275
9.9982E-05 0.022102 0.000447823 0.869903 0.0190538 0.0882933 9.9982E-05
9.9982E-05 0.248308 0.045306 0.618097 9.9982E-05 0.057772 0.0303177
0.0426746 0.878694 0.0328276 0.0455036 9.9973E-05 9.9973E-05 9.9973E-05
9.995E-05 0.9994 9.995E-05 9.995E-05 9.995E-05 9.995E-05 9.995E-05
9.995E-05 0.9994 9.995E-05 9.995E-05 9.995E-05 9.995E-05 9.995E-05
0.125875 0.725158 9.9964E-05 9.9964E-05 9.9964E-05 0.148567 9.9964E-05
0.64862 0.140091 0.00832042 0.0676223 0.110311 0.024202 0.000832895
0.849594 9.9973E-05 9.9973E-05 0.0015817 0.0845501 9.9973E-05 0.0639739
0.910172 9.9964E-05 0.0472031 9.9964E-05 9.9964E-05 0.0422248 9.9964E-05
0.569629 0.239416 9.9982E-05 9.9982E-05 0.138238 0.0523892 0.000128769
0.671812 0.258232 0.0223461 9.9982E-05 0.0173258 9.9982E-05 0.0300835
0.276352 9.9982E-05 0.137236 9.9982E-05 0.492473 0.000966358 0.092773
0.10207 9.9982E-05 0.0260827 0.00435156 9.9982E-05 0.218977 0.648319
9.9982E-05 0.120849 0.0322744 9.9982E-05 0.0852376 0.0172345 0.744205
0.0868008 9.9964E-05 9.9964E-05 9.9964E-05 9.9964E-05 0.147042 0.765757
0.119852 0.0384565 0.0299944 0.0967481 0.00647956 0.0235677 0.684902
9.9982E-05 0.0290042 0.0199536 0.135196 0.0820337 9.9982E-05 0.733613
0.383538 0.142909 0.0105285 9.9991E-05 0.262312 0.117714 0.0828988
0.353608 9.9991E-05 0.0332105 0.320655 0.192256 0.0842521 0.015919
0.736116 0.0491054 0.0550412 0.159438 9.9973E-05 9.9973E-05 9.9973E-05
0.31008 0.0672785 0.0605835 0.153384 0.183017 0.225557 9.9991E-05
