9.9991E-05 0.121696 0.218798 0.659406
0.00658008 0.11235 0.111931 0.769139
0.0157047 0.249962 0.125834 0.6085
0.021779 9.9991E-05 0.22091 0.757211
0.077186 9.9982E-05 9.9982E-05 0.922614
0.0368488 9.9991E-05 0.198382 0.764669
0.012211 0.0312422 0.258965 0.697582
9.9982E-05 9.9982E-05 0.196653 0.803147
0.106056 0.153012 0.0780096 0.662923
9.999E-05 0.253124 0.320373 0.426403
0.0911031 0.0974345 0.487753 0.323709
9.999E-05 0.250034 0.288646 0.46122
9.9982E-05 0.0863899 0.91341 9.9982E-05
0.0471755 0.163857 0.275838 0.513129
0.120264 0.193675 9.9991E-05 0.685961
9.9991E-05 0.0347214 0.261836 0.703342
0.0202532 0.223347 0.0337406 0.722659
0.0226465 0.0477061 9.9991E-05 0.929547
0.134643 0.553915 0.223076 0.0883663
9.9991E-05 0.722357 0.153376 0.124167
0.0403462 0.668721 0.00295042 0.287983
0.0469362 0.852223 0.100741 9.9991E-05
0.00711703 0.927106 0.0656769 9.9991E-05
0.0352195 0.800037 9.9991E-05 0.164643
9.9991E-05 0.628039 0.119535 0.252326
9.9982E-05 0.930244 9.9982E-05 0.0695556
0.0645001 0.884638 0.0507617 9.9991E-05
0.0596482 0.89208 0.0393277 0.00894405
9.9982E-05 0.847047 9.9982E-05 0.152753
0.0948321 0.823196 0.0397525 0.0422193
0.0656654 0.918038 9.9991E-05 0.0161969
0.0387666 0.823692 9.9991E-05 0.137441
9.9991E-05 0.826712 0.025918 0.14727
0.00332618 0.152283 0.314386 0.530005
0.0523674 0.205347 9.9991E-05 0.742185
0.0965458 0.128465 0.112051 0.662939
9.9991E-05 0.0764036 0.32607 0.597426
0.0694963 0.170228 0.220855 0.539421
0.35043 0.64937 9.9982E-05 9.9982E-05
0.0194041 0.779015 0.201481 9.9991E-05
0.146676 0.095934 9.9991E-05 0.75729
9.9991E-05 0.147241 0.177262 0.675397
0.138775 0.287939 0.223616 0.34967
0.134036 0.218455 0.571866 0.0756433
9.9982E-05 0.0148152 0.984985 9.9982E-05
0.342135 0.657665 9.9982E-05 9.9982E-05
0.0462965 0.276822 0.230963 0.445918
0.0593848 0.100368 0.548171 0.292076
0.107321 0.346195 0.128365 0.418119
0.824503 9.9991E-05 0.111184 0.0642125
0.784641 0.00736558 0.207894 9.9991E-05
0.819514 9.9982E-05 9.9982E-05 0.180286
0.771228 0.00424272 0.145024 0.0795049
0.868257 0.04291 9.9991E-05 0.0887328
0.840647 9.9982E-05 9.9982E-05 0.159153
0.752255 9.9982E-05 9.9982E-05 0.247545
0.784582 0.0869661 0.0522097 0.0762426
0.855827 0.143973 9.9982E-05 9.9982E-05
0.844141 0.00327306 9.9991E-05 0.152486
0.62291 9.9991E-05 0.264631 0.112359
0.828907 0.120797 0.0501952 9.9991E-05
0.714429 0.104864 0.0923421 0.0883646
0.365186 0.0632173 0.53151 0.0400866
0.0339277 0.826108 0.00756129 0.132403
0.0308133 0.802379 9.9991E-05 0.166708
9.9982E-05 0.891867 9.9982E-05 0.107933
0.686985 0.0401294 0.192963 0.0799223
0.529466 0.0170039 0.45343 9.9991E-05
0.773104 9.9991E-05 0.0723146 0.154482
0.671628 9.9982E-05 0.328172 9.9982E-05
0.853246 0.0378634 9.9991E-05 0.10879
0.140393 9.9991E-05 0.670391 0.189117
0.0657214 9.9991E-05 0.818791 0.115387
0.0336411 0.0165104 0.942524 0.00732404
9.998E-05 9.998E-05 0.9997 9.998E-05
0.0421577 0.125129 0.832614 9.9991E-05
0.0116014 0.0478499 0.940449 9.9991E-05
0.042292 0.123755 0.762609 0.0713441
0.655778 9.9991E-05 0.242199 0.101923
0.43729 0.109175 0.382508 0.0710266
0.690854 0.0454652 0.263581 9.9991E-05
0.789848 0.127219 0.0828329 9.9991E-05
0.751285 9.9991E-05 0.081589 0.167026
9.9991E-05 0.706976 0.226818 0.0661058
0.315841 0.174118 0.46329 0.0467506
0.167462 9.9991E-05 0.799987 0.0324513
0.37585 0.62395 9.9982E-05 9.9982E-05
9.9991E-05 0.109486 0.198888 0.691526
9.9991E-05 0.122005 0.097728 0.780167
0.0246434 0.213644 0.22984 0.531872
0.0996866 0.287585 0.261556 0.351173
0.0875193 0.0287196 0.0949681 0.788793
0.166382 9.9982E-05 0.833418 9.9982E-05
9.9991E-05 0.563566 0.279557 0.156777
0.227685 0.0139723 0.716665 0.0416779
0.0580704 0.327529 0.358424 0.255977
9.9982E-05 0.189658 9.9982E-05 0.810142
9.9991E-05 0.0690314 0.313512 0.617356
9.9991E-05 0.143668 0.325017 0.531215
9.9991E-05 0.0515102 0.412789 0.5356
9.9991E-05 0.0382558 0.474162 0.487483
9.9991E-05 0.0387761 0.327692 0.633432
0.283292 0.0472958 0.575018 0.0943942
0.120603 0.177706 0.677567 0.0241246
0.210181 0.0497001 0.740019 9.9991E-05
9.9991E-05 0.152226 0.648443 0.199231
0.0808087 0.154857 0.486861 0.277473
0.0657022 0.401758 0.0351169 0.497423
0.794394 0.00862377 9.9991E-05 0.196882
0.79332 0.10908 0.0974999 9.9991E-05
0.162902 0.187714 0.643722 0.00566248
0.126226 0.119548 0.605617 0.148609
0.160698 0.303504 0.497587 0.0382113
9.9982E-05 0.687638 0.312162 9.9982E-05
0.674683 0.100063 0.225153 9.9991E-05
0.649814 9.9991E-05 0.311359 0.0387265
0.477579 9.9991E-05 0.411565 0.110756
0.0549688 0.490121 0.114519 0.340391
0.0529375 0.175172 9.9991E-05 0.771791
0.0900454 0.023733 0.100584 0.785638
0.119585 0.0714313 0.0454007 0.763583
9.9991E-05 0.33086 0.0823344 0.586706
9.9991E-05 0.170077 0.103036 0.726787
0.0185466 0.0813091 0.0720751 0.828069
0.103388 9.9982E-05 9.9982E-05 0.896412
0.035638 0.344465 0.1189 0.500998
0.0094922 0.148938 0.139992 0.701578
0.00443873 0.221764 0.112444 0.661353
9.9991E-05 0.0326136 0.190693 0.776593
0.124994 0.281911 0.0875441 0.505551
0.0618195 0.0299148 0.191587 0.716678
9.9991E-05 0.234973 0.368358 0.396569
0.026686 0.0482252 0.0738533 0.851235
9.9982E-05 0.841271 0.158529 9.9982E-05
9.9991E-05 0.876194 0.0329009 0.0908053
9.9982E-05 0.90466 9.9982E-05 0.0951398
0.0782186 0.79235 0.0618044 0.0676269
0.0676683 0.798239 9.9991E-05 0.133993
0.0514468 9.9991E-05 0.329636 0.618817
9.9991E-05 0.201375 0.207184 0.591341
0.935783 9.9982E-05 0.0640166 9.9982E-05
0.795026 0.117003 0.0689179 0.0190529
0.863452 0.00828232 9.9991E-05 0.128165
0.650652 0.0305919 0.298634 0.0201222
0.895173 9.9982E-05 9.9982E-05 0.104627
0.816839 0.121243 0.0618176 9.9991E-05
0.889317 9.9991E-05 0.0440351 0.0665475
0.829946 0.076212 0.0937422 9.9991E-05
0.80508 0.096306 0.090737 0.0078765
0.836914 0.0954684 0.0675181 9.9991E-05
0.791987 0.0315801 0.126061 0.0503712
0.82553 0.0967481 0.00455105 0.0731713
0.75708 0.0569318 0.0919828 0.0940055
0.873356 0.126444 9.9982E-05 9.9982E-05
0.789063 0.0377929 0.172903 0.000240666
0.910963 9.9982E-05 9.9982E-05 0.0888375
0.891667 0.0640076 0.0287772 0.0155485
0.114981 0.0110205 0.817614 0.0563843
9.9982E-05 9.9982E-05 0.827282 0.172518
0.838392 9.9991E-05 0.0846805 0.0768278
0.672407 9.9991E-05 0.0531609 0.274332
0.84137 0.0360224 0.122507 9.9991E-05
0.119587 9.9991E-05 0.729321 0.150992
0.0340884 0.000224273 0.0485389 0.917148
9.9991E-05 0.241321 0.0385726 0.720006
0.00183412 0.458537 0.167704 0.371925
9.9991E-05 0.564495 0.117205 0.318199
9.9982E-05 0.834541 0.165259 9.9982E-05
0.0597116 0.855887 0.0337941 0.050607
9.9991E-05 0.838927 0.0188102 0.142163
9.9991E-05 0.824158 0.102897 0.0728452
0.0723724 0.819138 0.108389 9.9991E-05
0.0984277 0.797724 9.9991E-05 0.103749
9.9991E-05 0.0739969 0.179965 0.745938
0.0796719 0.0819531 0.124594 0.713781
0.0726688 9.9991E-05 0.261073 0.666158
9.9982E-05 9.9982E-05 0.373093 0.626707
9.9982E-05 9.9982E-05 0.310052 0.689748
9.9982E-05 9.9982E-05 0.428093 0.571707
9.9991E-05 0.168672 0.236327 0.594902
0.0798672 0.144122 0.231331 0.544681
0.00653684 0.152465 0.253863 0.587135
0.0384941 0.250057 0.214373 0.497076
0.0360376 0.166784 0.0593088 0.73787
0.104926 0.745648 0.0719678 0.0774578
0.783519 0.0306149 0.109731 0.0761357
0.768691 0.120525 0.110684 9.9991E-05
0.856912 9.9982E-05 0.142888 9.9982E-05
0.727203 9.9991E-05 0.144253 0.128444
0.804042 0.0969905 9.9991E-05 0.0988671
0.123093 0.302647 0.250597 0.323664
9.9991E-05 0.267278 0.190932 0.54169
0.0503444 0.210121 9.9991E-05 0.739435
9.9991E-05 0.268925 0.218744 0.51223
