IBR/IBR_outputs/all.combrep_1/EucDistWater_Total.FireFreq_2000_2008_Total.PersistForestCover_Total.Spinifex_Total/EucDistWater_Total.FireFreq_2000_2008_Total.PersistForestCover_Total.Spinifex_Total.asc
NCOLS 160 
NROWS 95 
XLLCORNER 210004.651214014 
YLLCORNER 7350008.22228844 
CELLSIZE 4999.99999999997 
NODATA_value -9999 
[rows 21 to 41 of 95, columns 92 to 137 of 160]
24.4877225368735 13.9794575414523 10.7444153531295 9.67031127996005 23.301305592605 37.1005596522913 47.0746147154929 38.0659614746696 24.5745451581312 10.9324076325874 12.390557316896 24.132223990793 18.3901140355391 7.21432044264349 5.73479955166949 14.1637283978962 25.8722579827138 18.3932776946946 11.2389756836119 3.99207430170175 2.86295502831999 11.4999543697795 21.4140921707365 15.3991882717946 8.19117881193418 7.44435015826711 6.67556461789374 5.78713404467403 5.91701194695607 6.68289515478877 5.61965372672359 13.0265065651158 12.7703003900272 4.64780845650419 8.15086678149703 4.13973335781135 9.64149247368827 21.1582081530821 28.5187090210612 25.3248793932139 27.5389071754278 35.2287697647174 38.8356354317165 42.8717418936616 49.2854958385461 56.6875679863262
20.2413848582171 9.71227882264008 7.30706340702893 9.76976161688874 22.0977589733873 35.4625318680571 46.9670851541765 42.1856031912523 31.4081639989465 23.3646790276714 23.9999135557031 21.4294993984229 9.05690211420963 7.19515713255826 6.56820989136794 15.8173976205779 29.9049603556628 30.7794250439337 21.4949093915818 8.48699908675105 3.08416902133921 7.25620940951795 18.9668463624333 26.0315793858855 22.1216697052719 19.7066592882885 19.0715381237006 19.4273231586235 16.0435802451898 13.0403540818982 9.59031909462488 5.50014397246426 7.23207800085282 5.89125744827251 5.72540572079639 9.81185898296628 8.9416600758736 13.7607247536833 16.0807812510666 11.1151654818882 15.8008431657712 22.4113071455913 25.4168948721886 31.3021856864806 39.7736571477981 47.9927057891241
13.7376957291641 16.346828451888 11.198700315883 9.86605080216093 21.339052573319 35.0563668999263 47.500920449753 49.3600611375284 40.9890045286823 34.1035893392475 29.8110417200332 23.2286961802826 13.7778246411731 14.7123829064059 7.08292872343924 16.5137078645804 30.9090954805279 36.4867507073404 28.6066980199904 18.2113054905938 5.80943253229598 3.66161434684171 10.2649114211505 20.9169167897828 25.2227026861524 13.3888797282409 12.5031884458527 19.2520632610285 22.5173403577244 24.0993550655963 20.9256288753522 9.85762619212866 7.46457801520634 6.41852981430024 6.25659992641275 5.94599388338425 5.71305018365913 5.3467328948197 5.34882016950676 4.28779061304227 7.08262408891299 8.66919872354633 11.1243871654971 20.0542401031052 30.6704004026823 36.7178013995216
5.01301035967287 7.17214593355731 15.0163012049116 23.1023554893622 29.5210437838509 39.6503433102956 49.3066058014327 49.8827748100982 38.58856478227 27.2597920941806 17.5785669981503 17.0670867141162 12.3513390202223 11.8270634987532 5.15747037844055 16.284863223087 29.3418948666824 26.6051705921896 22.8824621329013 21.1107247563037 8.43955258709975 5.18019375355304 5.13756442033965 11.4562991639261 19.5872236519843 13.7345760539199 10.8267724557933 6.68520274186716 9.77616463306559 16.7229455016813 23.1323580923319 9.64339213088651 5.67158872887609 10.0715720207493 8.57521248131596 9.68317132277243 18.1625701964736 16.7332805376213 13.5906840154244 7.17382798201694 5.90229394800724 4.78196968303843 6.74898135840164 10.7429943613306 18.7854583436765 24.1689345625078
15.9311600896163 12.1795375655152 16.1887591867515 19.4526785569187 25.4197340679846 35.807424875958 40.4763796778507 43.2434997859182 35.0919980228846 21.1678866180051 7.38726240051975 9.90165610403363 6.3385078372382 7.99240543693979 5.06652852457163 15.2085861595522 26.2774169195013 16.0611389508037 8.95627001354694 15.5910843239901 5.84886052134456 7.64008939136127 8.86472838329733 6.32237521230959 7.50829203978904 17.6681211333721 19.8804950532949 12.6981570293645 4.80891672878081 13.7099607424815 21.0481479194194 11.0062104495684 5.46442467489875 12.4290444265967 5.56371761033306 8.8450319376158 20.9359219653125 16.9099062793543 14.6925165861432 20.0324401311931 16.5086998320273 8.37025901912451 6.02369855428729 6.00555018206144 7.95612051898303 11.0396722676044
23.4814673599959 25.7161463979816 16.9083278763235 6.96572261076111 16.843715220929 24.7031762170573 27.1888571414122 31.2146711294706 32.0765993936497 25.0449202910099 16.2971720505673 14.7884330709137 6.13114860188901 7.87842206423017 6.20657156904237 15.2929186369197 26.2231084342922 15.5554198786297 5.09881189658609 10.7391621976835 6.19775516701091 15.41144260077 14.1356933745827 4.53321208574985 7.05163424922307 15.9418675570326 26.8866353881544 17.6482517750819 8.60562572114637 6.99596620901733 13.7186425301357 8.83133306760969 5.13592990059604 6.06472617786932 6.88940643783187 6.2442901610296 15.3322269589026 12.2909566776869 9.63489972717769 22.7363156483634 27.6524972826385 16.7338894469826 5.94677110208481 5.13310261934232 10.2448429028518 5.9600817587696
17.2283690101877 27.7808009705355 20.75130486435 8.55408329179773 9.27954478821298 9.95508193103745 13.5114521365936 16.9535900872914 21.1215693184498 22.1689073964273 21.7020482237314 22.8759979998443 18.1590199657605 13.9062593144066 6.02873359022391 14.4477099999141 20.0106081646724 15.2621776281493 10.8610862355047 13.6776423063791 4.99524696968343 7.21333437560553 9.15008499174635 7.16823684900989 4.96877123783593 15.7027404241803 27.4491332503931 27.7550673727258 22.5621803448987 16.6238069878237 9.23356526655243 8.49484312927402 4.77749844625245 4.94254311126342 8.59676936389482 5.64715243008029 6.87729873245505 12.2566918344244 6.17068680313765 17.7978512483833 29.8493271112987 21.5639295403658 7.10470470635416 5.31777416175514 10.7247642135088 13.3988665862966
8.32102966760287 19.4520681056753 23.5567289960637 15.9125947143187 6.92141163628246 5.98240518883517 5.53410089596479 7.32009841339207 11.1887022740634 9.49543562208683 11.3582719551795 24.8608136919319 26.811939085153 13.2114987709963 4.62326513935345 6.41521880868378 7.53979291025225 6.9532431820716 8.68810739365607 9.44812809396115 4.34553718415347 5.01289905306453 7.57310868199289 6.4240885460579 5.60767497391634 7.28535098873709 20.3037943674566 33.5461436981442 33.1282707778769 26.3766226970873 18.6907021710974 15.6821076138891 5.75312750112511 4.93764658733676 5.83556014930647 6.2751177476428 13.3963477900027 18.5372081984059 13.293134897828 20.7093012576344 27.1347683744041 18.5009298822559 7.33127273039193 8.17926199463783 13.9718980530673 20.9302202777628
3.92914420263954 7.29717241049908 12.0867170389571 16.2374858297842 8.12199632960931 11.1626540922785 9.36730303524018 7.77471184854077 7.04961057197132 7.45088074144308 12.3588742545086 16.6971130783835 23.8062805339869 13.2169696592595 5.33162123826471 8.35720159686456 5.51228585244172 7.11862764762046 8.29732185479535 5.86082425494651 6.69625975542492 4.07954069673276 7.86943066776137 6.10996302840327 8.21885557147394 6.1242333362424 17.2836080249063 27.9636957486299 26.4279039466372 17.8751641820137 14.8458730622299 14.0967556860733 9.69188653116256 11.7948484584698 5.13353948734224 4.63420329999181 10.8884464593933 19.8850890181168 21.5533009728985 23.0489801562124 14.8822992740721 10.3227070863561 6.31351240387463 10.1002873403665 15.8212210747731 22.3930046397223
14.5824542460557 6.17412567322472 5.4063371252515 6.38471039897498 16.0927655379374 20.2552191763485 21.3055943003996 15.9886178695863 18.8882498766046 17.5398888159539 8.79927536360616 8.37292878932912 16.3506729392691 9.47992727579011 12.1717179194622 19.1524573563339 10.1269279190267 5.57303056706127 4.36170139783379 11.1472823169791 7.45234943412941 4.90098337825648 5.97323894674346 5.96028430761434 14.3540532681647 7.76429548621238 11.5921779742268 15.5495961199082 18.9933254334022 8.00426716657675 5.31609713728237 8.09822938608536 6.40892810264001 7.97381183080618 5.06865488471902 6.16028187080502 4.36436403607941 8.43573867454007 9.45395836875536 12.6210430265042 6.67694605770579 5.35891061372945 11.1947629684613 11.9804170566145 10.8481997999211 22.5311935468978
24.7296614131294 12.6454978548381 8.09116040282676 12.3274113333548 14.0132910501526 11.0749292995208 21.4935116309547 24.5846982670241 22.1741904539061 14.1836772173417 4.90862748927288 12.094699548672 7.25521451787565 4.25325051167103 9.6190399499841 15.7261223549918 10.4147065086258 5.54240818703797 4.25176904745806 4.37279352856704 7.34759681329513 5.21262442516142 5.44678419643296 6.45876944732302 15.9871031410459 7.43133312722561 7.71374852315023 7.34071420515931 9.23366135262172 11.0365941626671 7.34205655607234 7.12634933240945 7.10752554848297 9.92930605448753 5.39533195427376 10.1189354570096 8.55250638856444 4.96542967880449 7.85694733419079 5.32234999590255 4.70188979626269 8.02394502133168 19.6440256933178 16.1853094399116 15.3145855298726 22.3769344744926
17.6363998933991 17.6764418495766 10.9953876320021 6.91615260702159 12.729056462868 9.28421277624472 8.84825590720224 14.5060168080417 9.96295380268042 8.15006988488416 5.87394357559223 8.32555554708436 8.96795961159489 5.04956350798395 5.18465753828799 5.97931575526885 11.5656452623517 6.24840609720414 6.86944026779824 4.99715931190008 7.29057795654215 3.97804952790318 6.18161316439513 8.72410795511067 15.2955122670392 5.80499473561167 6.46624417046712 6.02155045588326 4.74967716000466 5.15473495629822 4.61625427534287 8.06532760018033 10.1255222158228 9.69097926067375 6.12525111194886 13.6217659315964 10.9808903747582 7.68873799081849 16.7041832218437 9.41738140251724 6.25664258414872 11.3952196456423 25.0448250365631 28.1841375916975 27.9771666701862 21.1394572790572
6.97559119465299 14.8133333081768 17.7496822517968 6.51644803568048 9.41972501371193 7.93832756946328 7.97783664312899 11.53158389709 5.61235201778223 5.94840089210043 4.50812999339399 8.38511585446496 9.15650366735523 6.38507387937691 7.54931333072836 7.89192393617823 9.66858951036967 10.6630512628724 6.04916656831347 5.72710995807455 8.43405412442069 5.82057997720624 4.30689384416964 10.5307690592467 7.7683821214566 5.18521421109412 6.69478828209763 7.60812108033672 7.66011126025875 9.28537293504484 9.96629769285115 7.20515235905299 5.53067279214207 7.33479362637683 12.0336851629268 15.7003192695683 18.4110940028123 16.5217912130762 9.69420289893057 6.9498983384244 8.63202756490844 9.00457670108853 19.6370290398352 21.671882947281 26.4671647611902 19.5175162567497
16.834129765224 15.3211261365741 16.9115022426571 8.76412588020391 4.95610285281565 10.0261701752644 6.25143251310771 11.4341674270133 10.4571247595848 8.31728496060323 11.9339249839424 7.23910673318498 6.97320401238681 6.27074895898726 5.22828257702299 10.010512184608 9.46780744405923 6.65343374738926 4.94400660109935 11.8381676387287 11.4000508241151 4.73965088276359 5.75527871172848 16.7565670530616 14.6157858749812 14.1172471305596 12.6740286114898 15.3998728448883 7.02438600792977 8.72233705645623 14.7480671233502 8.14234596508131 9.46297564357891 6.75437879736506 10.9589042978268 7.65509361335057 15.5827978321051 17.2282797094915 5.66985385565533 7.18051824198881 16.0475070566794 14.8494896016847 13.9397884664345 7.97336411501282 14.4783070689387 22.4085322023235
18.4538392485354 8.78514883553188 9.34873075508702 9.31871286714598 4.26547857754091 10.9470967946916 7.94214710019945 13.9375414783398 7.85080240285324 8.717255692122 13.3263798587084 8.60587173475466 4.67234596754681 6.92037060719099 7.33386155596863 13.9113439470074 14.7019816649043 11.3519221566586 11.5956782763259 10.5439613206502 6.05625988100605 4.64787932482364 6.94427555661608 16.9938655743435 10.8253324310722 9.17325812326646 6.55828420977911 9.58103117698309 9.129622501508 6.8543370748043 8.58845189688963 11.0921069101694 19.6790997705993 15.2725416346507 16.7994955856787 13.1642690554634 6.59560167991773 10.2615805494948 5.22670065646366 12.3855633307324 13.0468494695243 21.6396169110825 15.7297544211907 6.18697495039731 11.5515831945739 13.6860291537577
21.1801908240884 13.1017471445877 9.45852604010371 13.9497134621637 6.56343184696214 6.02065318101866 7.89069812075368 12.0359914341172 10.8725761585516 8.34149635358382 8.70459986823615 7.17016229141295 7.95707260113672 8.27925317152544 5.92773048277647 7.47366336348502 9.99354496883201 4.34371754731591 7.43520416249359 4.67339190302867 8.56904555323961 4.80983108307667 4.31817755094874 8.67145174922953 14.7122964680187 13.7724437058747 6.70131926551285 8.00480033580807 10.4941757563005 4.41400976266677 8.74524392176886 17.7943669944468 20.3400362852239 18.7002988445741 9.59135605239111 7.8374366631131 8.85138764345331 4.68830183090137 7.74122578301522 14.2021450558802 9.57088893233487 20.563804636126 17.2926801020303 7.86901627180318 12.69473201818 4.61852319962845
30.68187169306 24.3327001635788 21.1803375851721 12.9216348953893 8.7397824499011 7.78045819752825 6.24096244926708 7.64563421154955 17.943910876658 13.8542513546365 13.3484461772932 15.4655011336163 10.3580385106089 7.64391425625559 6.43868163763261 4.4149501694177 5.73183296901666 6.01002216855076 7.76758641975201 10.2695053221764 4.86318982465438 7.71308903649778 7.05499523727487 7.36462727862369 9.38963193332396 16.5341422020935 15.592722316813 12.1012459055383 10.6934467678099 9.50314159604826 17.7487820448144 21.7305592164343 9.05847323803037 11.5311158201911 5.65934409232354 3.74052502206934 4.94827223322661 5.63186081334217 5.51195837063084 16.5759540282692 14.9251190320421 12.3845472886127 14.059463499167 10.0216805562576 9.37552932148449 8.24063337925497
41.0999875505931 35.8406705223019 28.0851379312389 16.7878646140479 14.5724482797219 16.9713825311387 8.08428027301589 8.0350350728228 20.1310806972331 24.0188631211195 13.4968293950578 6.36028483882215 4.04765799177914 8.10003806235127 9.51610201180003 6.38990848620276 6.71565004437158 5.95912501146644 8.18790421174979 12.6345790602703 5.68087166232103 9.36958203362008 5.67360321270281 10.9036273338109 7.28771458500079 8.24613720187708 20.2989854664306 15.1855087546078 7.57999216361793 12.5072717364922 14.4521225869062 23.244574703215 16.5281763718787 14.608935247093 5.45216570434729 6.09723264936435 12.2146944806087 10.2991593471228 10.5242570716052 18.8484762427082 11.1898410513931 4.37210264229896 6.03308571930444 6.7948566172836 5.81055667624067 7.69842165565344
39.408285005724 31.6579700544852 21.4124468697579 18.8635627721904 24.9006260007012 20.9014809183395 8.5384973251944 11.9147935252558 12.0532291635344 20.9471588745297 15.1254135530034 7.90461419383122 6.86447478396349 7.87138407936974 8.53474143867852 7.28971830604023 14.687016068992 11.8672403778629 7.15373921416426 13.7123473719323 10.6457263931084 5.849204318973 5.25243410235485 5.11421615688319 10.3910269831891 13.6440219269985 22.161921785781 13.5239832123234 8.88749477053032 9.68711591721017 11.7789747118398 17.8586649262102 17.151836833466 9.49019937209444 6.5127064937934 6.50473254233746 7.41921854239184 7.81517688278647 9.40785708773694 9.57895791509405 18.9794155312584 17.1980645946031 14.0113027318581 8.46340662930687 9.74130288632936 10.0396048190208
31.3618202510301 27.2320195062685 12.5755528679959 7.85266911849856 21.7308906407402 27.6541875626289 21.5393439805753 14.7113966286232 6.87879001767016 14.4698128354967 12.0485612834559 7.38917046924804 7.13424875145132 11.6954220538914 10.8043110112026 9.30210939532073 8.77507428009415 17.5211905497412 11.1079099629446 13.8928844345641 20.3401848549456 15.4896123686854 6.20377158522014 8.3047444876932 5.30905328213171 12.8845351221672 22.0609543717985 17.0880336621282 10.2103015047171 4.52147242667978 8.40076451179292 5.60238635900813 5.88539815558618 5.13600256675654 7.34638371845752 5.25111458336396 7.69837656311628 10.2758641174779 4.87425576058401 8.61594729316981 17.6837475375848 20.2143321742282 13.2806715896776 8.71593672906368 7.846768292402 12.0835685622245
19.8714813104491 26.5674380771497 14.7812792674716 8.96664291955112 21.146489606576 32.0401746842662 31.6390879962996 21.418820473326 10.1780806116634 6.78862655923699 3.72896473368441 6.26677888689285 5.40443212368937 6.34714954673126 6.38649516038134 4.44646373814828 3.71485480998395 10.2453639088374 15.2620279158875 10.408609779533 14.5770738066499 8.48087189691401 10.2220828747973 15.8549253735576 12.1408178341371 5.08837652627602 10.2997142939595 12.4669866955564 15.3454045092691 14.6590394998749 11.2864243731492 5.55266240594489 10.8216244084645 11.6252213672451 5.30272007420999 4.5487118807435 13.8366608904725 10.1540640058441 4.50911712974785 7.11930490640513 16.1865849550277 13.4672817880264 4.34172297955843 6.15330443503762 11.2490841339216 14.0154724277031
