0,9.06832905188762,10.9873101648261,11.0916865975553,12.8348280555697,14.3940990423677,17.910223741288,14.8533514922067,33.0865703948543,33.8026407230334,68.7592384896616,40.2272676428571,36.9240641163851,36.1929128954063,35.8266671634513,40.4978493828555,40.4053876735414,34.0758941255503,36.355446460796,40.6056072598931,32.9482957992989,30.5857934037595,31.3566541372086,40.2863386839093,57.0947652127719,66.3596182774543,47.4426843592779,50.2673748346644,40.4380732264063,31.1957457801352,29.3027309645203,34.6476995264934,43.1843311439811,48.5667003309823,39.7731083913504,36.2813099759271,51.2902311097037,52.6701074838204,51.2280849107517,53.7908970251433,55.3844137019409,58.8283941188282,54.895427411991,55.0969120151316,59.0491578341075,55.6495573622469,60.0612787114824,58.8258493020397,62.1050563178601,55.7261094871023,55.7906403580904,40.290765655121,43.4092603456512,37.9886764838468,42.8194845727943,35.8452351881027,38.4085434855612,36.4529614791221,24.7436103250414,36.7014370176026,30.9778755343841,31.9491971882883,25.805800115229,38.8383149401256,23.8567844279881,37.5553168648309,55.6244220566276,58.2445381418398,56.2986381073339,55.2462784471506,57.3494565516903,54.0459582282526,61.2183588152457,64.0493088580475,77.2029227516059,29.4015567026526,31.9092476104654,67.0110363444467,30.9025962149883,27.139549177227,34.0184349631145
9.06832905188762,0,11.7598562772512,9.33217205398681,9.59982294066501,14.3882059724887,17.6659789228945,13.9438073325086,31.8972610239233,32.6148985870088,68.3464477412278,39.0466449086191,35.740738565751,35.0074229975372,35.4940981994263,40.1501676580978,39.4940619052394,33.2090747580671,35.4547153995954,39.7356405497396,32.7199721817073,30.4289554861351,31.204554362183,39.7033022461614,56.7282015803288,65.9872411029592,46.7430409204221,49.6113928085015,40.1283085633902,30.0526693724651,28.1587474227228,33.4896082916899,42.8186862518939,48.4259462294436,39.4189173045946,35.9295812802214,50.1193143213432,52.2763560766585,50.8355356004762,53.3969747888905,54.9794402743833,58.4230143389163,54.4891274182419,54.6901046435717,58.645650364446,55.2486597486567,59.6589963103009,58.4240162458101,61.7033413890331,55.3237539500787,55.3905418725724,39.6515930953688,42.796028453881,37.3848156718722,42.0717141551467,35.373183083647,37.9447092649692,35.9740518704337,24.8321643408883,36.6188771979978,30.9820999677313,31.9502090561966,25.9136355336819,37.9358961974193,22.9600388413669,36.7451767504021,55.2369207997185,57.858085914618,55.9116803475451,54.8588089590392,56.9382945663401,53.6351118346604,60.8121280505216,63.6432580262276,76.783251100815,28.82883326571,31.3550882325394,66.6037425187328,30.5214870193422,27.3384830420277,32.8092410953146
10.9873101648261,11.7598562772512,0,15.0021563579795,15.3432797910556,12.1085384964601,16.9148226935893,13.3356274774408,34.3416979023388,35.053952044594,69.7740040122114,41.5188009393142,38.2118410920948,37.4643174984842,36.8339537096279,41.4941213344223,41.8881431380395,35.5500179171086,37.8326248138709,42.0829266010294,34.4210049375404,31.9956408867794,32.7850132234686,41.2185477780426,58.1419668295064,67.399902468073,48.3876877972929,51.2037068207029,41.494902347301,32.2989013514731,30.4005682199913,35.8037586566607,44.2193897028909,49.8680279342316,40.7588899605735,37.2625940757112,52.6029805090283,53.6923550430067,52.2510494451326,54.8134845191476,56.4003178626411,59.8443998190743,55.9106917530753,56.1122572803049,60.0675449770064,56.6691738306092,61.0804126572634,59.8449845023463,63.1245645201366,56.7450765504091,56.8106683099417,41.7677360497529,44.8927809558213,39.4588126827019,44.311212052743,37.2824474874576,39.861110616298,37.9179936170361,25.0093899222567,38.2031096436558,32.4492422921365,33.5038540185878,27.3088653748396,40.3052382105164,24.4101890750544,38.4549434829475,56.6517212613556,59.2725303602087,57.3262510928536,56.2735086259073,58.3636616929422,55.0602056195411,62.2353702546277,65.0662489610161,78.2134432766021,30.2579340910375,32.773539620429,67.9868792510909,31.6187761348182,28.255580552235,35.2709424592193
11.0916865975553,9.33217205398681,15.0021563579795,0,9.36315797276464,16.9066680759969,19.803515893206,16.5797203171133,32.7653910516754,33.4868074569501,69.4317340398662,39.8767889081496,36.5748838925802,35.8585593684985,36.5868751792748,41.2512380743454,40.125681511578,33.8537601923905,36.093575878693,40.3764262161811,33.4305667253078,31.2076574620909,31.9680046796481,40.8535321852006,57.7872895980022,67.0519749234044,47.8846109777524,50.7591798668245,41.1818913296491,31.0707739266805,29.1823521881663,34.4557966088809,43.887887754676,49.2977185418399,40.5281529959717,37.0424229998492,50.9271184201111,53.3556919341573,51.9142972489876,54.4760320373424,56.0638494592676,59.507338641793,55.5740468313565,55.7749553688864,59.7280540084741,56.3300820627824,60.7408012356102,59.5058233172707,62.7848458334756,56.4056940949137,56.4716351794004,40.3097922092419,43.4498253265609,38.0529419964457,42.7050730039879,36.0843984693994,38.6427074746693,36.6588611250644,26.3859116456456,37.3297668210014,31.7390759797681,32.632958017563,26.6701994158845,38.5865782996076,24.4109554062614,37.9260762077343,56.3121815017563,58.9327884780698,56.9866892285894,55.9341269881151,58.0240434433873,54.7208282008768,61.8956311976008,64.7268201294335,77.8719352419504,30.0359072530732,32.556043296633,67.7200582880204,31.8196277990127,28.4076852580585,33.6819192516961
12.8348280555697,9.59982294066501,15.3432797910556,9.36315797276464,0,16.6957374113902,19.3498665808219,16.0045177195801,31.3307208797326,32.0537644397145,68.6500782104573,38.448764885015,35.1444501749662,34.4267715223213,35.8671078237448,40.5192978225861,38.9446135501343,32.711357995149,34.9212526007781,39.2316679399479,32.8465830351438,30.6658839506259,31.4336370598464,39.9356806883321,57.044115640025,66.3037586377558,46.8734429505078,49.7832270178349,40.482972456214,29.6882788607171,27.799851139088,33.0547030775735,43.1445273982579,48.7518638591236,39.7906642257004,36.3066048117759,49.5074543434541,52.5894902046644,51.1490850144435,53.7097162621694,55.2884340540819,58.7316080451593,54.7975487611471,54.9980610641123,58.9539350996532,55.5580932443891,59.967691959978,58.7330687132943,62.0122059752079,55.6325175111427,55.7003006155088,39.3709951599775,42.5356137210403,37.1441926779457,41.6723046597619,35.2860595195974,37.8545036983975,35.8599836149658,25.9642723750725,36.8690888955932,31.334394980119,32.2504200604931,26.3474677313182,37.4117984470812,23.3175238662314,36.8331774131946,55.5512137465958,58.1726902917124,56.2261688724116,55.1731793955151,57.2436462140907,53.9406828366539,61.1192843713801,63.9506115463863,77.0846137097239,29.1298958530665,31.6638541041394,66.9410074584951,31.0608253367321,28.076195486192,32.2287152784706
14.3940990423677,14.3882059724887,12.1085384964601,16.9066680759969,16.6957374113902,0,12.6900751007884,11.541987305278,34.2249703062131,34.9328473237894,69.40380502379,41.4426910728383,38.1316043593978,37.3657536146241,36.4623630094794,41.107790042975,42.0227595449077,35.6773408493645,37.9619647930514,42.2133608714254,34.5789970169526,32.098574015582,32.9077314505209,40.7354623191825,57.8131864948807,67.0626343470309,47.9143755670809,50.721641323769,41.1836897840841,32.0066843863723,30.1021745908013,35.5733327772241,43.8767144792394,49.8564367603517,40.3593859875255,36.8579642469364,52.5503664038864,53.332387967042,51.8920164040916,54.453902631287,56.0320379808735,59.4762093144358,55.5415584271662,55.7431816770115,59.7022993188612,56.3055702518569,60.7161373492536,59.4807445270025,62.760771839729,56.3805995410996,56.4476087433672,41.9055428246977,45.0381179575459,39.5910130718109,44.4599042841081,37.3860088769565,39.9811064899036,38.050091433846,23.6907507561872,38.4065326278764,32.6368668429085,33.7697562415026,27.5451850416043,40.4240303681203,23.3768146934703,37.9164759176433,56.2981483877986,58.9198485815708,56.973087417074,55.919858342236,57.99291928069,54.6895361146885,61.8683017438379,64.6991096545922,77.8377245189648,29.6762304518204,32.2037787893971,67.570508352211,30.8649480666179,28.1148489426949,35.1523339759353
17.910223741288,17.6659789228945,16.9148226935893,19.803515893206,19.3498665808219,12.6900751007884,0,14.0729986467991,35.6787853611764,36.3823613060777,70.5617697927247,42.9336027454238,39.6189284206798,38.8361548474234,37.6184656781436,42.2484696964121,43.6896375351971,37.3363273838621,39.6239528378285,43.8751228941144,36.2514748854142,33.7244594184636,34.5517805205359,41.778958271583,59.0122293216859,68.253218137764,48.9746289278518,51.7698691267092,42.4014516520279,33.2887810488703,31.3785750573949,36.916038902407,45.0618517253929,51.3759187335888,41.4863668785788,37.9796164881615,54.0622790083052,54.5003752408699,53.0609315786171,55.6222862277651,57.1917742982931,60.6360471963083,56.7004514178225,56.9021464165279,60.8651098718312,57.4699996778663,61.8799118981302,60.6445447320971,63.9250266671957,57.544169493769,57.6125760020034,43.565438641955,46.7037971964712,41.2448101021194,46.1328186938254,39.009879251357,41.6198664954984,39.7001633658583,23.7880207824208,40.123258494204,34.3456347478499,35.5433855727274,29.3026390072845,42.0769945126492,23.793999721382,38.9113772983751,57.4725136265802,60.0950979688438,58.1478578368849,57.0941450762952,59.1502825591851,55.846966032538,63.0293110269803,65.860041817092,78.9901929246245,30.6074655051064,33.1480865404148,68.6802255082175,31.5878336505269,29.555392376444,36.6069286792837
14.8533514922067,13.9438073325086,13.3356274774408,16.5797203171133,16.0045177195801,11.541987305278,14.0729986467991,0,33.7493829662634,34.4578075395203,69.7017989770416,40.9844917158643,37.6699724229166,36.8979284878593,36.8483323174479,41.4791977307318,41.8517129742285,35.5439576095288,37.7992020772356,42.0777283693359,34.9954758990905,32.5862878663768,33.3960140794869,40.8568333800698,58.1570530003032,67.4010922829265,47.9066582113544,50.7622443439156,41.586314857369,31.5346245360997,29.6269579214654,35.1030941634613,44.223104239476,50.3795407794294,40.7253755102658,37.2273546580856,52.1064359992639,53.6500316056963,52.2108684909235,54.7713164413558,56.3383535053243,59.7820709209658,55.8465201955096,56.0475827431531,60.0098773554128,56.6158151925889,61.0249450657955,59.7900388963737,63.0701454739277,56.6893498163843,56.7586656874557,41.972431354909,45.1271921364699,39.6887430341144,44.4329997715358,37.6007551386714,40.2010597914815,38.2557211258299,24.9507691404675,38.9378912752959,33.2447143550095,34.3560124703421,28.2258993737095,40.2574923468899,23.0021715718925,37.776262866618,56.6219036970387,59.2446501064987,57.2973905862212,56.2436569214504,58.2927503806827,54.98970362977,62.1731090685043,65.004121252269,78.1288157815161,29.8137360802891,32.362279877482,67.8799090382608,31.2690199677861,29.0048932968777,34.6569002381815
33.0865703948543,31.8972610239233,34.3416979023388,32.7653910516754,31.3307208797326,34.2249703062131,35.6787853611764,33.7493829662634,0,8.92411608413695,78.5665542794765,23.8158713615487,19.8854237458593,15.8172692530967,46.5598933768021,51.1026360392381,44.3277957797791,38.2736885575471,40.2086708867147,44.8763516399764,44.8432791660916,42.9075951332182,43.7627793328677,48.517600544589,67.4076158574728,76.6123119982321,54.1038185977236,57.5745304544695,51.3282649077736,29.7638157127377,28.3766707344861,28.2822786403608,53.5191141483728,60.8986982815014,50.3381078903019,46.8856824511402,38.0502156946623,62.6950898101093,61.2661585974319,63.813009133026,65.2866428536164,68.7252786994967,64.7828839059341,64.9778071235078,68.9629955198365,65.5927096812516,69.9884439699361,68.7586013546275,72.0383335000058,65.6527911431071,65.7426805475961,47.7092801057145,51.2305993212683,45.7762087845111,49.1113748031315,45.0665226374171,47.7902102572741,45.7221629551232,40.3071759062404,49.9444912765726,44.7546244022341,46.0101505621289,40.3716036276008,42.1379167474224,35.2047599791637,44.2373152084957,65.7153644599712,68.3469448287836,66.3955855805394,65.3377014503995,67.1790107793855,63.8793682741611,71.1018553484394,73.935260148532,86.9363290587594,38.6397595325401,41.2297355107858,77.0269616951522,42.4078619302279,41.8008398293465,21.4348043382703
33.8026407230334,32.6148985870088,35.053952044594,33.4868074569501,32.0537644397145,34.9328473237894,36.3823613060777,34.4578075395203,8.92411608413695,0,79.2285881858383,24.8829994425789,21.0514160508112,16.9040297103979,47.2353053089167,51.7751183028834,45.1438098488074,39.0846551525203,41.0243484487723,45.68721306133,45.5789235651453,43.6357604775233,44.4920603296272,49.1472614658831,68.082717383781,77.285392898648,54.707195223653,58.1888623423587,52.0119371942815,30.2748408736319,28.9026006954253,28.6316262139202,54.1926461962675,61.616082493139,51.0089108828328,47.5565904032358,39.0328668862259,63.3618134372764,61.9331976589958,64.4797288406776,65.9504630918983,69.3890193412902,65.4463706866694,65.641190539432,69.6273252936426,66.2576992030511,70.6530976087667,69.4233511309723,72.7031399041188,66.3174152426253,66.4078750502322,48.4868672219697,52.0046429883293,46.5493387492697,49.9020528349991,45.8216635741511,48.5454911367141,46.4798229740048,41.0022005390737,50.6732000708969,45.4793102054639,46.7368524522874,41.0944261990676,42.9549738733942,35.8842760474128,44.8530768760902,66.3838844203675,69.0157533856726,67.0642494665488,66.0062191441363,67.8413652892887,64.5417951023317,71.7654893083124,74.598927841119,87.596568081414,39.2866195561843,41.877445421245,77.6884599927349,43.0775189949726,42.507636131735,22.4708251651803
68.7592384896616,68.3464477412278,69.7740040122114,69.4317340398662,68.6500782104573,69.40380502379,70.5617697927247,69.7017989770416,78.5665542794765,79.2285881858383,0,85.9468394458417,82.6356661951792,81.7780245154327,56.9400780379556,60.7920583448183,85.628125666125,78.8464971709724,81.4314566607137,85.4419227239753,75.4463839330989,72.1093392583284,73.4441345908361,67.0979440347797,62.5771042289291,68.9148139165103,78.0208223535203,79.7474565020348,62.83102334462,75.17526020494,73.3225652365277,78.8952776633422,50.5791614120623,87.2049632732377,60.9786568052338,58.6271915338235,97.1105355321927,46.3712566274046,45.2232832579644,45.8380826709945,47.4653281263612,49.8530101934639,46.7211390448889,45.7718359362758,41.1122038273545,39.9066013025477,41.0803014599629,42.669508727148,42.3481506222184,38.311783670386,40.4855504079984,83.415974022391,86.5480006658171,80.7081677087,86.9678321455659,76.7318280172741,79.8519600833206,78.3748495340297,72.4244849076428,80.8349683760286,75.4193319508481,77.5730680923516,71.6701361140551,83.8254093878342,70.7566067080995,76.1106541627733,48.523582386339,51.9604064726319,49.6986723769258,48.340272776634,43.7263272403291,41.0828782201369,42.6282500839819,47.2690098721211,64.8975731945943,64.2346719725189,65.8952451062494,84.7472286342825,69.9004305279809,70.4648074749851,79.7091865191064
40.2272676428571,39.0466449086191,41.5188009393142,39.8767889081496,38.448764885015,41.4426910728383,42.9336027454238,40.9844917158643,23.8158713615487,24.8829994425789,85.9468394458417,0,13.2116204696571,20.648425624375,53.850984688991,58.420943217643,49.7475939579709,43.6913191475348,45.5878260931761,50.3227678555044,51.5165202887456,49.6745686956197,50.5218036188985,56.1928998446763,74.6739519747037,83.8975894703895,61.9685107536661,65.3635584924187,58.5314447902902,38.5417973737512,37.0744082167379,37.8649726261146,60.8048848773476,67.7828747000432,57.6747181392096,54.2242492104673,32.8983770246236,70.0373535007498,68.6057179439966,71.1550673643015,72.6536269755308,76.0927515064744,72.1526468979919,72.3482395730286,76.3246982785119,72.9489415584836,77.3473621356977,76.1168451296544,79.3959230380569,73.0120314932169,73.0971922978232,53.7121485546951,57.3007474724889,51.8420273905956,54.9355188362005,51.3974160947562,54.1309872192372,52.0342649315796,47.5842415270484,56.7467170702482,51.61636197419,52.8661977618284,47.2805296703339,47.3132334686098,42.7005064145196,52.1139141308722,73.0415614493561,75.6706418556158,73.7205577887367,72.6639619477042,74.5574419504666,71.2572637573988,78.4693828795483,81.3026007488814,94.3321326109735,46.2455240167883,48.8213678432181,84.436788511905,49.8550652008269,48.8795225740941,31.3216577723956
36.9240641163851,35.740738565751,38.2118410920948,36.5748838925802,35.1444501749662,38.1316043593978,39.6189284206798,37.6699724229166,19.8854237458593,21.0514160508112,82.6356661951792,13.2116204696571,0,16.4845841376098,50.5478775565489,55.1147557216191,46.6970405573747,40.6495895762891,42.5477590457994,47.2741054768878,48.2865658847958,46.4324316870007,47.2803170873775,52.8488238325289,71.3753868618047,80.5968433920441,58.6061945171534,62.0083189332126,55.2390242952003,35.0872324259467,33.6254587198986,34.3558597474588,57.5037943257049,64.5264991393802,54.3662947297833,50.9154281570448,32.4863106916358,66.7302052811892,65.2988656934426,67.8479567258842,69.3437844704963,72.7828675861329,68.8425053494695,69.0380382449403,73.0154905493916,69.6403210475787,74.0384596858664,72.8080071351689,76.0871672047644,69.7030894725536,69.7887577334362,50.5800139112854,54.1579264006205,48.7012852091102,51.8269915483406,48.2191227154643,50.9505151889773,48.8574211407254,44.2712836924315,53.4972581641856,48.3586487141,49.607915680276,44.0152212935129,44.322338393755,39.3598149447395,48.7448279853464,69.7362147931257,72.3655706644255,70.4153446752065,69.3586054763264,71.2464164289821,67.9462916478118,75.1595464196952,77.9927784024951,91.0192537722521,42.904591037938,45.4823049136292,81.1208582063959,46.528159338855,45.5943066387079,27.6123594251537
36.1929128954063,35.0074229975372,37.4643174984842,35.8585593684985,34.4267715223213,37.3657536146241,38.8361548474234,36.8979284878593,15.8172692530967,16.9040297103979,81.7780245154327,20.648425624375,16.4845841376098,0,49.7324224913416,54.2871849862994,46.6725898900921,40.6173467166441,42.5354615278721,47.232782768267,47.7423448963188,45.8481945125639,46.6998539336534,51.8594411644594,70.5689421798296,79.7819895640379,57.5286903938137,60.966304312509,54.4618821886371,33.606042430583,32.1834319867763,32.4794834273027,56.6890593639251,63.891214979698,53.5307702546238,50.0792421871132,36.7714725733721,65.8898652950122,64.4597443970207,67.0076909215834,68.4922911205424,71.9311391548698,67.9897535578832,68.1849681483708,72.1663071988447,68.7936173167422,73.1905305648732,71.9603934237877,75.2398353565754,68.8550204562422,68.9428320162496,50.3116902238717,53.8627536347196,48.4064780713356,51.634695566594,47.8140926649369,50.5421404000084,48.4613934008046,43.4743786408436,52.9006696325265,47.7371848733744,48.9901517982819,43.3750688193039,44.3739043328503,38.4699460864958,47.6704392462625,68.903063454227,71.5335438495873,69.5827459513467,68.5254289404054,70.3896786972633,67.0898017757626,74.3077273996546,77.1410514589139,90.154628584935,41.952328570606,44.5359252346527,80.251804391941,45.6504191776861,44.879656853416,25.8288560272103
35.8266671634513,35.4940981994263,36.8339537096279,36.5868751792748,35.8671078237448,36.4623630094794,37.6184656781436,36.8483323174479,46.5598933768021,47.2353053089167,56.9400780379556,53.850984688991,50.5478775565489,49.7324224913416,0,22.2456542892457,53.0482276920387,46.2486136084623,48.851076911951,52.8424628967511,42.2641061301,38.7700509274039,40.1234511625992,39.0872486186834,43.9474798072838,53.1308549215246,49.6225225519891,51.3660425522057,26.6821986186975,43.4795713926421,41.6099711503687,47.1935564642811,28.7556981160289,53.5215474255776,24.3479751479553,21.4436200958325,64.9641474676094,39.859819350974,38.3654487362013,41.011699345365,43.088831997588,46.5643679613734,42.665967930325,42.9046746360719,46.7549074465331,43.2288730578289,47.7156010167379,46.4487028429333,49.7372075463822,43.3778041807884,43.3328953777043,50.6668717554733,53.772502611731,47.9432688939495,54.2761108233535,43.9177313286378,46.9990713719506,45.517874170678,39.2032646558211,47.5189954166121,42.0225608531167,44.2562770643846,38.2857911405493,51.2591258433472,38.1441918685991,44.6298815411399,42.6436646978521,45.2280963654737,43.2957099548266,42.257216489775,45.405236207172,42.0827556429548,49.0519797392053,51.8680510810115,65.6903320132985,31.9310655571221,33.6170634441632,55.855407487239,36.5324914756424,36.5310401392275,47.6760950372851
40.4978493828555,40.1501676580978,41.4941213344223,41.2512380743454,40.5192978225861,41.107790042975,42.2484696964121,41.4791977307318,51.1026360392381,51.7751183028834,60.7920583448183,58.420943217643,55.1147557216191,54.2871849862994,22.2456542892457,0,57.8305969886184,51.0543765034257,53.6389928135498,57.646297315991,47.2732903799718,43.8242430826301,45.1537567559997,42.7756775897782,48.6609864344275,57.6789255889866,53.537915405904,55.2184307873795,33.6238063084337,47.9247254437751,46.0549922814861,51.6618146948778,33.3668420408938,58.7067056120914,22.7580803531071,21.3274648296644,69.5508521312626,43.8729345371907,42.4036913249282,45.0456624531832,46.8873565529677,50.3760940651711,46.4462216752758,46.6985911469598,50.6805283793937,47.1878561171844,51.6661607076352,50.3934084624559,53.70068102199,47.3201861511635,47.3040530139982,55.5859592675402,58.697014061263,52.8842289782869,59.1368754148811,48.9539408037901,52.0155296951243,50.5132851632707,43.8276765309178,52.4744787735896,46.9667067649805,49.1619177895211,43.1812505228073,56.0446823764115,42.6549991026067,48.8611923790908,46.8351521654338,49.4401010109283,47.4964855047318,46.4465591942356,49.1999924601425,45.8750574382111,52.9376697533784,55.7468934715702,69.3983952069582,36.0284233630586,37.67193876443,57.7429870134117,40.9162103469935,41.4409581633829,52.2180677174854
40.4053876735414,39.4940619052394,41.8881431380395,40.125681511578,38.9446135501343,42.0227595449077,43.6896375351971,41.8517129742285,44.3277957797791,45.1438098488074,85.628125666125,49.7475939579709,46.6970405573747,46.6725898900921,53.0482276920387,57.8305969886184,0,21.9584365373177,19.5171170311422,24.9000325547593,45.5717115632963,44.6476646892172,45.4712321465149,58.1161122465021,73.4820569419421,82.8601240915419,65.0406069999151,67.9953115980371,56.956826235695,46.69085514538,44.9367408753513,48.8590316167392,59.8032183410591,63.770992304199,57.2451871321118,53.8290259853263,59.6079212025278,69.4468338650066,67.9948554413156,70.561408140877,72.2478513773767,75.6893928668599,71.7672355134257,71.9664580285763,75.8732789666006,72.4575692345657,76.8749381631583,75.6403257854296,78.9133756415988,72.5424824827908,72.5931202342766,39.3403107617882,43.8520496380488,38.3022636155409,37.820030160722,41.0555279260482,43.9942655548589,41.6078876068186,48.0066693146004,52.4639543711976,47.9819386145411,49.374143507472,44.3108977406981,29.0175914936345,44.9575573164212,55.6802124889981,72.3255170946071,74.9355729252425,72.9953458633474,71.948705441867,74.2304895010983,70.9268224085736,78.060868905825,80.8933403524262,94.1308278185311,48.0695143418404,50.5153410272826,84.4961796831637,50.9155326273036,47.2265908796101,45.9642071040708
34.0758941255503,33.2090747580671,35.5500179171086,33.8537601923905,32.711357995149,35.6773408493645,37.3363273838621,35.5439576095288,38.2736885575471,39.0846551525203,78.8464971709724,43.6913191475348,40.6495895762891,40.6173467166441,46.2486136084623,51.0543765034257,21.9584365373177,0,13.7824751509999,16.0736820459289,38.2919594951957,37.4559237494093,38.2969126127173,51.5760974721714,66.6010241184523,75.9983792874288,58.5820451301472,61.5083211355766,50.0553568500706,40.5357887730392,38.7792215839608,42.7373870732024,52.9515769005812,56.667518668916,50.4900060657299,47.0809840473366,53.5330728591955,62.6377593251174,61.183543080638,63.7517068821448,65.45887774425,68.900467829169,64.9804064541858,65.1797859882086,69.0782639684909,65.6583657077698,70.0776011787439,68.8427080092431,72.1149015825851,65.745540458922,65.7925605671006,30.5827789935043,35.5160798978248,29.4423303690297,30.2063266344383,32.6725397887429,35.7650937641826,33.4012678101462,41.5560753513666,45.4861421525858,41.0873124638499,42.5524708703276,37.5395489250555,18.1443465397808,38.6526585802153,49.3128753141267,65.5017748480814,68.1096917059465,66.1706008118239,65.1251072490775,67.4489281755794,64.1449697243912,71.2704175344347,74.10292032375,87.362213071825,41.5738159304205,44.0042209097647,77.7816313568737,44.4118825219001,40.525633410047,39.9352075077897
36.355446460796,35.4547153995954,37.8326248138709,36.093575878693,34.9212526007781,37.9619647930514,39.6239528378285,37.7992020772356,40.2086708867147,41.0243484487723,81.4314566607137,45.5878260931761,42.5477590457994,42.5354615278721,48.851076911951,53.6389928135498,19.5171170311422,13.7824751509999,0,18.7552957168056,41.284398607059,40.374657258455,41.2057112517083,53.9765764348785,69.2610347476365,78.6440070673248,60.9162470939792,63.8660194808891,52.7335605986831,42.6149418282078,40.8621447203987,44.7730807953399,55.5902205522361,59.5121600320937,53.0589527389979,49.6448573182266,55.4103551585916,65.2438022233203,63.7912843140514,66.3581958722613,68.0496417276666,71.4911724682014,67.5695328089829,67.7687681542498,71.6735074171739,68.2568092309595,72.6746055622444,71.4399431171214,74.7127664080375,68.3422532950697,68.3920374926104,34.6701380564982,39.343768737186,33.5502537133715,33.8131036550124,36.4112025962458,39.4130156024,37.0463369347493,43.9136754180013,48.2589260984361,43.7955233460535,45.2124886381828,40.1579759083875,22.3279801496346,40.8890379441194,51.5795841380941,68.1188566349645,70.7283914270018,68.7884440784158,67.7420859259809,70.0339365529737,66.7302087174669,73.8621814609955,76.6946721683711,89.9373050264349,43.9451801247047,46.3873627599382,80.3182136481293,46.7970121435697,43.0769717521608,41.8740537791118
40.6056072598931,39.7356405497396,42.0829266010294,40.3764262161811,39.2316679399479,42.2133608714254,43.8751228941144,42.0777283693359,44.8763516399764,45.68721306133,85.4419227239753,50.3227678555044,47.2741054768878,47.232782768267,52.8424628967511,57.646297315991,24.9000325547593,16.0736820459289,18.7552957168056,0,44.8964213677812,44.062323414481,44.8985497715587,58.151487415937,73.2054506959975,82.600912132346,65.1537885204065,68.0810717278977,56.6592237044926,47.0996600518459,45.3419667857649,49.3111196471883,59.5526641365534,63.2750695497948,57.0798741696972,53.6699577647865,60.1901108917281,69.2353767509098,67.7813557693982,70.3494027538479,72.0547606182325,75.4963644045044,71.5761102955027,71.7754961055026,75.6747582476927,72.2552084672992,76.6742991266095,75.4394163461331,78.7117007879064,72.342197370185,72.3895183203626,37.2307243671119,42.0723652731873,36.210799250406,36.0724201075233,39.459476610353,42.5058069147208,40.1184070869401,48.1052166990806,52.0612117418877,47.6582059433133,49.1116807899077,44.0984255267831,26.6155756021405,45.1982073699288,55.8757108148611,72.1007477194021,74.7088557475985,72.7696609030206,71.7240624772693,74.0442683280584,70.7403277335219,77.8665264209368,80.6990171310541,93.9564963332168,48.142106778245,50.5737500181196,84.369222914157,50.975034168362,47.0912102575041,46.5191606962993
32.9482957992989,32.7199721817073,34.4210049375404,33.4305667253078,32.8465830351438,34.5789970169526,36.2514748854142,34.9954758990905,44.8432791660916,45.5789235651453,75.4463839330989,51.5165202887456,48.2865658847958,47.7423448963188,42.2641061301,47.2732903799718,45.5717115632963,38.2919594951957,41.284398607059,44.8964213677812,0,21.2768585347059,19.5537482165567,50.0936950645319,62.5623678394494,72.061840684086,58.0573263045981,60.6300337306629,45.4329834770156,43.9171334156629,42.0734429161888,47.0488171282923,48.9992494147416,45.8744689175229,46.8407369179407,43.4482985823656,62.2422345451272,59.0195551907689,57.5497495329076,60.1323836404746,61.9834621763791,65.4277606628332,61.5210372890961,61.7241437200929,65.571909414055,62.1206001388355,66.5552390262532,65.3165028435441,68.5849108611397,62.2250439555492,62.2449153478261,39.6049448772796,42.1063914464128,36.524063688511,44.5828296470066,31.6550757353141,33.5764800747613,31.8544353432471,39.3721032675891,31.5054528199064,29.6722478658481,32.6201317893969,28.7948819550334,43.7928149769214,38.8212899703446,49.5556838285596,61.7923428971922,64.3861078361616,62.4541848462514,61.4159383092707,64.0389141971326,60.7319384735168,67.7975271162044,70.6290162504964,84.052082174982,40.2074056126913,42.4876326923847,74.6140363088946,42.4731239318882,34.4226289472503,46.0268916608786
30.5857934037595,30.4289554861351,31.9956408867794,31.2076574620909,30.6658839506259,32.098574015582,33.7244594184636,32.5862878663768,42.9075951332182,43.6357604775233,72.1093392583284,49.6745686956197,46.4324316870007,45.8481945125639,38.7700509274039,43.8242430826301,44.6476646892172,37.4559237494093,40.374657258455,44.062323414481,21.2768585347059,0,13.1058101193817,47.0936126339206,59.1407216537501,68.6498084084892,55.2238261800591,57.7370930805474,41.8139208152693,41.6919540856146,39.8416089802177,44.9087937164762,45.5699166188533,38.3188048925481,43.4150014871723,40.0224721366838,60.4617119116738,55.6466509464291,54.1745217269142,56.7597514003985,58.6322458058864,62.0772402614955,58.1723609267988,58.3763457167851,62.2174686780337,58.7612068743666,63.198444094119,61.9588930963977,65.2270238240687,58.8684108853352,58.8839994338287,39.4507467428747,42.1533142009507,36.411531948817,44.1559977680015,31.3947422186315,33.7694319011139,32.2823313002017,36.5741720063663,29.9808213370146,25.9936551808577,30.3562537443081,25.5968314472065,42.8619435231046,36.3189258761341,46.8920924716866,58.4075414586069,60.9993439518302,59.0683567187113,58.0310590404088,60.699150346554,57.3916065788773,64.4482724994307,67.2794584075699,80.7284212378088,37.2620099330362,39.5096047490511,71.2925086358321,39.4954994691344,30.670785621302,44.0680982438037
31.3566541372086,31.204554362183,32.7850132234686,31.9680046796481,31.4336370598464,32.9077314505209,34.5517805205359,33.3960140794869,43.7627793328677,44.4920603296272,73.4441345908361,50.5218036188985,47.2803170873775,46.6998539336534,40.1234511625992,45.1537567559997,45.4712321465149,38.2969126127173,41.2057112517083,44.8985497715587,19.5537482165567,13.1058101193817,0,48.223323602366,60.5554860536314,70.0495180224036,56.2970565814882,58.8288248585602,43.2792452125545,42.5840708165885,40.7339124946934,45.7910620450431,46.9635843162341,41.2260955200006,44.7243191870148,41.3248093147565,61.3046795840785,57.0040888670929,55.5338074111412,58.1176916978762,59.9730603118297,63.4180184037059,59.5114011423499,59.7152613611389,63.5632787982397,60.1104692966376,64.5461651783188,63.3068487126166,66.5756791311308,60.2158086512208,60.2343790763113,40.3020637044299,42.9679282590666,37.2881896440061,44.9748239600682,32.4539627263486,34.7185711651258,33.1433201784713,37.4572471295663,29.37132706571,26.061437403907,30.5507517676635,26.0405070299994,43.7000467279447,37.2063776969108,47.886116313481,59.7769172604331,62.3704571132625,60.4385528931161,59.4003289797564,62.0338634463882,58.7265572929906,65.7903219701779,68.6214807799878,82.0524545705372,38.3362856981151,40.5970889702651,72.5667176894535,40.5288058244762,31.6206521020632,44.9216831276626
40.2863386839093,39.7033022461614,41.2185477780426,40.8535321852006,39.9356806883321,40.7354623191825,41.778958271583,40.8568333800698,48.517600544589,49.1472614658831,67.0979440347797,56.1928998446763,52.8488238325289,51.8594411644594,39.0872486186834,42.7756775897782,58.1161122465021,51.5760974721714,53.9765764348785,58.151487415937,50.0936950645319,47.0936126339206,48.223323602366,0,59.1341162177851,67.8505734576659,35.7379333278882,33.8708698125892,45.661043476694,44.0118108290416,42.1569650906777,48.0157245255613,44.9505566977919,63.1132275879312,41.5808332179568,38.2709726701813,67.5367670967944,52.3426197789916,50.9951874210527,53.4665286038166,54.1823635472363,57.608691310709,53.5939665692717,53.7716536045746,58.0322921524217,54.8242051541868,59.1415198997351,57.9301016631682,61.2313514217064,54.7953551032509,55.0253796979479,57.309365283628,60.4900660053209,54.8291703105786,60.2606523648024,51.8497561126108,54.7376470078484,53.0366573913526,43.8596244869476,54.9342176698685,49.3977234391628,51.2218547941382,45.2249240340275,56.3449627394742,40.7771919308924,42.1140531671642,55.829927532951,58.5332540473092,56.5458748698829,55.4515334692293,55.7427265484374,52.4573858059711,59.9975188150564,62.8345990867405,74.9787133424669,30.5801817580995,31.8779944134392,64.4561644373013,40.1500082975157,44.1720467870339,49.657156808604
57.0947652127719,56.7282015803288,58.1419668295064,57.7872895980022,57.044115640025,57.8131864948807,59.0122293216859,58.1570530003032,67.4076158574728,68.082717383781,62.5771042289291,74.6739519747037,71.3753868618047,70.5689421798296,43.9474798072838,48.6609864344275,73.4820569419421,66.6010241184523,69.2610347476365,73.2054506959975,62.5623678394494,59.1407216537501,60.5554860536314,59.1341162177851,0,33.7823734622016,69.683900071864,71.4786357737876,48.0859657148051,64.3997292275284,62.5411939230254,68.0570383706868,34.8124873648774,73.9789833149823,49.4108744746212,46.9992704351023,85.7679767796808,43.6143106628206,41.8034406761197,44.339725013473,49.4067834352927,52.7238976380989,49.1984476628073,49.2793143193805,51.3162413773457,47.3272520086695,51.8819442277636,50.7515897236459,53.682150336525,47.6955423346406,47.2539652972202,70.7083365336023,73.8277925419664,67.9059057019678,74.504311605533,63.5081678149479,66.7444685839343,65.3669481917757,60.8600215244969,68.2328070823328,62.8973802836322,65.1612514011573,59.3214138186082,71.6631870880679,59.5483803754797,65.8628391177779,42.2438657555741,44.2471159901362,42.7012090011779,42.0446366215584,51.8192351382725,48.5213576086885,54.1895741875478,57.1085682698784,73.3205513438714,53.8669749001598,55.5930850274971,76.0897220692882,58.7753627793252,58.2527309673689,68.5473160022185
66.3596182774543,65.9872411029592,67.399902468073,67.0519749234044,66.3037586377558,67.0626343470309,68.253218137764,67.4010922829265,76.6123119982321,77.285392898648,68.9148139165103,83.8975894703895,80.5968433920441,79.7819895640379,53.1308549215246,57.6789255889866,82.8601240915419,75.9983792874288,78.6440070673248,82.600912132346,72.061840684086,68.6498084084892,70.0495180224036,67.8505734576659,33.7823734622016,0,78.4768032412517,80.253334217421,57.7173984608852,73.5408737834905,71.6826823735555,77.2109540127478,43.3295608128217,83.5231886632143,58.377432408343,56.0021388910857,95.0033823411344,49.9395890637946,48.0745522725926,50.4876698719015,56.1344294467154,59.4019801118551,55.9534763263936,55.9844218545468,57.5162672012938,53.4416980445921,57.9620684831472,56.9118277216467,59.6851632267435,53.8401175236854,53.3274422755897,80.1922456337013,83.3130207603779,77.4082342954062,83.9414727183073,73.0934697960563,76.3044173030449,74.9065773592902,70.0916777358085,77.6697088936334,72.3146291489076,74.5599210609879,68.7044708579268,81.0451472362016,68.734369594077,74.9028809546156,46.6001173003828,48.2747327589,46.9804936909379,46.5647488046634,58.4567832927568,55.1714078706707,60.5198012078173,63.4803938571953,80.1653227690668,62.8894189761555,64.6021282702351,84.6790029151263,67.9094591774583,67.5852203057765,77.7513392529698
47.4426843592779,46.7430409204221,48.3876877972929,47.8846109777524,46.8734429505078,47.9143755670809,48.9746289278518,47.9066582113544,54.1038185977236,54.707195223653,78.0208223535203,61.9685107536661,58.6061945171534,57.5286903938137,49.6225225519891,53.537915405904,65.0406069999151,58.5820451301472,60.9162470939792,65.1537885204065,58.0573263045981,55.2238261800591,56.2970565814882,35.7379333278882,69.683900071864,78.4768032412517,0,31.7180029241445,55.7836266326246,48.8845860054357,47.0567054425388,52.9743650564895,55.585363100477,71.6050672907816,52.4853793789907,49.1500608611481,73.4218871029235,63.2003918222642,61.8419344479823,64.3157775841479,65.1394763999992,68.5598978290062,64.5603039035466,64.7317370712189,68.9290663777294,65.7064394743962,70.0268183762585,68.8186997549136,72.1107062086478,65.6846933272621,65.9022297423633,64.7704682777261,67.9850449100072,62.3677569210426,67.5065321313651,59.7136448260969,62.5589314991573,60.7965888534133,51.5042590459917,62.8557449950571,57.3460329370355,59.0511346892406,53.0851586450663,63.2618537794854,47.5834977080033,46.7089606336232,66.6115211289896,69.3061263693752,67.3235310226229,66.2340564073607,66.701518000007,63.4178906482342,70.9121881974742,73.7530451715703,85.9813420993509,39.6622238420607,41.57897498577,76.5514912012667,48.6679815962549,52.425193694823,55.2840082465388
50.2673748346644,49.6113928085015,51.2037068207029,50.7591798668245,49.7832270178349,50.721641323769,51.7698691267092,50.7622443439156,57.5745304544695,58.1888623423587,79.7474565020348,65.3635584924187,62.0083189332126,60.966304312509,51.3660425522057,55.2184307873795,67.9953115980371,61.5083211355766,63.8660194808891,68.0810717278977,60.6300337306629,57.7370930805474,58.8288248585602,33.8708698125892,71.4786357737876,80.253334217421,31.7180029241445,0,57.6616459021306,52.6342593819555,50.7924780324567,56.702633959365,57.3499472885706,73.9946892845156,54.1199154259903,50.7830628966714,76.773595253951,64.9270294116815,63.57068596291,66.0452296422857,66.8475628363215,70.2702088199118,66.2669731754419,66.4408392114219,70.6540338477839,67.433128153273,71.7540186197603,70.5444191767167,73.8391350925144,67.4107325633512,67.6297312040147,67.5326153192053,70.7342063314462,65.1026573899194,70.3449445830324,62.334898255669,65.1931850729526,63.451532786769,54.1190723598697,65.4345899095205,59.9118641578246,61.6573204977476,55.6769275443449,66.2209208846761,50.4886849292711,50.2413901278472,68.355158238417,71.0513697952894,69.0678137944166,67.9773599634177,68.4155409389154,65.1310668589376,72.6345270813303,75.4740455734952,87.6908688139205,41.3603698590426,43.0507066268998,77.914969458856,50.8775063825138,54.8673607560352,58.7349828634825
40.4380732264063,40.1283085633902,41.494902347301,41.1818913296491,40.482972456214,41.1836897840841,42.4014516520279,41.586314857369,51.3282649077736,52.0119371942815,62.83102334462,58.5314447902902,55.2390242952003,54.4618821886371,26.6821986186975,33.6238063084337,56.956826235695,50.0553568500706,52.7335605986831,56.6592237044926,45.4329834770156,41.8139208152693,43.2792452125545,45.661043476694,48.0859657148051,57.7173984608852,55.7836266326246,57.6616459021306,0,48.5496547032673,46.6841702624138,52.1802126706134,33.8803263283447,56.1249341338499,34.4435209752443,31.4569198098353,69.5888170859276,45.537878395789,44.0075034862078,46.6532534158301,49.0653979368377,52.5212746170038,48.6670747630927,48.8856066505148,52.542048511533,48.9684203001361,53.4651334198164,52.208975474823,55.4667382242255,49.1405800037952,49.0546752804541,54.0140548939308,57.1086269679476,51.1941752187018,57.8710661858451,46.7365508685475,49.934627260366,48.5581405618352,44.1364685053454,51.0473351317421,45.6651915469344,48.0292142143334,42.1562740274403,55.1457608970203,43.2342347244965,50.3531656498594,48.0129448262567,50.5602149005719,48.6497275580532,47.6333425894072,51.3817938136834,48.0629505219881,54.8970287104476,57.7237245424389,71.7878750180693,38.1967237796995,39.9836103830103,64.0226638025088,42.3339590134185,40.7667852391053,52.4561946204124
