IBR/IBR_outputs/all.combrep_1/EucDistWater_Total.FireFreq_2000_2008_Total.PersistForestCover_Total.Spinifex_Total/EucDistWater_Total.FireFreq_2000_2008_Total.PersistForestCover_Total.Spinifex_Total.asc
NCOLS 160 
NROWS 95 
XLLCORNER 210004.651214014 
YLLCORNER 7350008.22228844 
CELLSIZE 4999.99999999997 
NODATA_value -9999 
[rows 42 to 62 of 95, columns 92 to 137 of 160]
14.5599202284346 25.1072773318476 15.267359480821 10.7925567225693 18.7237802414815 21.3201644650278 24.3889885538954 15.7747500770474 17.3562549932915 14.2222155247544 5.61831883665637 11.966542337637 12.9055975814496 8.34499760479577 4.43684211247916 9.17785051520293 4.41290520611056 6.7475544968449 11.346323755876 7.14608464434867 11.0646943502778 10.6458959462016 5.65567965309013 12.5219611915077 20.0484347103704 11.5791086674135 4.74011453260504 4.48155911519057 5.8073403980403 13.5359022859095 12.3404980562989 13.910520014338 16.9064560761799 13.9304844684857 8.14577986519334 7.32928628345311 5.59465762062718 4.0007920590048 10.7775614934222 21.1555654109362 23.0722295181624 12.5305295660363 5.48168096916794 11.6126636131732 7.20736006764628 5.66014771093537
10.7031446552376 23.2842987404864 15.5236972513365 11.2670569459417 8.72879474904645 10.3233821389433 16.8571756431541 8.42656793877185 13.5699343224871 23.3235642836728 19.6725285103727 21.1129389134799 13.9801430335687 5.52249411435769 6.61830727677664 17.5861862930196 10.3167739512856 6.88751149555427 11.7528394926446 18.4138255931573 20.8909920685705 19.8572397647279 8.79270879691912 7.74308714542971 15.861883552431 14.8024828694807 12.6091429049645 4.38830935286642 8.33233887946239 4.69092490229552 7.27523345375811 14.3629077763902 9.78308738731173 8.32780116063927 16.9075758769484 12.5978018086377 8.12128527434764 4.06914956881116 15.9472219311228 26.5344668763867 24.5941059363181 10.4002948121291 4.05182921850637 6.76798511237904 4.78586756006295 5.86712820935048
7.82351845514803 20.309430130251 13.45553278481 7.12035703031213 14.0690958302731 15.0689349716129 7.67536771025416 13.5007138116085 22.6837878956691 32.0216756657723 33.5516166417056 32.423248007085 23.8717192657377 13.4902299116418 5.0212094234993 15.500159613348 13.6185449928032 6.53457562143065 15.860161714265 28.6909870539488 25.7969505609243 12.4259190241127 9.44950489617208 10.2302351724075 11.3953157598092 5.35158553898077 6.94825654129797 5.55739656144945 7.18360871644046 10.1536922805427 13.4210838024407 10.408923993307 4.8715553843768 7.30065973071927 11.7311197517731 6.17029145513905 4.709596757345 3.047789224557 10.3574714400798 14.4599125859576 21.5388445430602 10.2477186016646 6.61570710452 16.6968134904242 14.5557013937473 8.85134628920113
8.88550069625773 20.4449731237453 16.9508950121644 14.3179698474926 21.078281763746 18.8272672153385 15.2325417830451 19.874889878858 22.3236344853109 26.5645825585695 29.7392854727486 35.1810578160644 27.096765570037 12.4792358779828 7.08514389364948 7.98170577424558 10.3908856548585 8.23083656285239 20.0008979975272 30.0797840066396 24.755676318795 15.9492494689647 12.8683048809331 9.8294044039591 4.47193225551027 7.69107189991034 5.82725041051373 5.23985580485824 8.05605699612857 11.4025539289757 8.07611823424494 10.7979185252941 5.60738680234341 6.50201684946146 5.83148094474331 5.47054612454123 11.6728214756777 10.7316859003021 9.58720711523049 11.7844031751509 21.0489198593783 11.0351153489136 11.4388212014595 13.1600603510597 11.1398320017392 4.32512265796577
8.91860194184295 14.1188840563663 8.70765165646947 20.4251928054149 21.2516028459223 9.04687433854243 11.5760174660921 16.756721094679 8.44481477877646 12.9709059041691 16.5216064072824 24.5861181413805 25.2228998021407 20.4411420563462 17.3198228335749 8.16889287113968 7.87576913546453 14.122664434058 19.4833547615478 21.075585757744 13.1674636360929 14.4198144699026 6.99009640289533 7.36680532472577 5.80730470004217 6.00930355286699 6.81865067649009 6.2933627415178 7.01248453619897 13.2147213576913 10.7313485781249 6.59053690245614 11.8036983466645 14.0540710013917 5.21279573649214 12.6409173613866 22.4691651816047 23.8358345319322 21.6680051970354 18.7520916239779 22.2355573572713 23.4471597556532 21.7086273099605 11.8670459387247 8.3000257656177 5.48200386310129
7.20872468309079 14.7734841598981 12.0360911499706 21.1538306113624 14.4755767555219 6.58714062047132 9.81727041081119 10.136798620603 6.96916801391694 5.02098618346908 11.9070963158264 11.7690057878829 14.6202615788259 26.3274431072256 22.6688945790078 9.23880166914029 6.24626263165856 16.0677187142496 10.2109374361524 11.7126765716859 10.2765214563995 10.4355260553705 9.82883821165496 5.42964415879409 4.79323552794846 6.49301408009944 4.31921943884224 12.369252058493 10.4751775211406 4.94305337662124 4.64179157814696 7.61634160122497 13.7375445931508 15.2981615133347 11.8048357925475 20.0594976903412 31.5144194799867 33.7174635579319 21.9042105051038 8.43127517807756 13.4637413095325 26.9371129048636 22.8556113052908 14.4049643136179 16.4576282634932 17.6750813568486
13.2126542765184 9.51069495153309 17.0335357225139 22.049879011537 15.8177417759252 12.0057226990535 14.9322417859063 15.4551128429977 11.3253515855229 8.66027233271127 13.7145942153552 8.69228578312057 12.1431317284609 22.5101917797801 16.4303469069944 5.3987468843445 8.12854396697497 9.87962144434147 15.0735922255405 16.9819702077987 15.4160420005161 8.20310147311902 11.193340680795 5.17212349722232 7.26520882928125 2.95750859340228 4.36069964399583 12.3416712749622 7.21052680879825 7.71289608249475 10.2352260335407 7.1561010504154 14.6329703426344 8.99076875810104 12.1620192351739 24.1299758802506 25.9607231164132 29.0449386269138 22.4135557493041 11.1447603312724 16.0657701651844 27.4835688837027 19.1723286356155 6.95162450756787 15.3358268806931 27.1248946693981
15.7928543662758 5.14803357467924 7.09922041517816 10.4051629082274 14.3327887431072 19.2925454209963 9.32774360785961 12.7655437939103 20.6465622407551 20.5468497497384 13.7574259937248 9.5184663772642 6.85664333659396 16.7745072542188 9.74817355972816 8.07258094985437 15.1462826664589 8.14223726847991 15.7443213115326 23.5330168468745 20.2716595951319 7.91182928216808 7.63058612681831 6.61597991865067 8.76172023742592 3.419843820547 5.48871801877544 6.55610188034411 8.69861830690255 8.81774060444979 4.95835497828631 6.20106318694237 15.7225707996857 19.4340126778251 20.0476290301568 16.5494587750853 11.261784638469 15.5080655965769 22.2768990185132 24.8604034481667 27.3739439469437 32.9212155686642 23.3134808229468 13.0436274955185 12.8981220396473 19.9561600642294
13.1715995048362 5.43323930227833 9.16488542315592 8.03244887536963 7.87387310898848 9.42237780396552 6.0948136109749 10.4253259567195 21.1585319050567 21.9887553584084 11.0014194031504 13.471806460684 18.4082037046134 16.9837167633951 5.54230273958798 14.1684041430875 18.7370673292574 9.65948970931352 6.95450903275034 17.0361914754743 23.5376852897064 16.0021038663396 14.8888105561741 5.78235402774025 8.806639040368 4.8077848935292 9.9871690408656 8.44943824959581 8.04704501372259 4.36322202175973 8.0872478380041 16.7260210162324 17.9283623295509 21.8101395678746 17.9465664032047 6.25556841930268 3.50684314645545 3.80792330302213 15.3773568612282 22.789758515523 26.1926592832071 32.3621194578986 22.3125603143122 9.99472370340925 8.90714245459471 13.1208933204954
6.79712747183988 5.31340932355914 10.1900501506295 4.57802716711677 4.79609283762116 6.87398475904117 10.3194919116988 7.84840726129987 11.886922670537 10.1176901488535 8.74214136392957 14.9093285105458 21.4014448628645 12.5676881427645 5.84791980554238 17.5906567025217 13.5410625938881 8.31004092145771 11.8279113934354 20.2001447017288 30.922940839072 28.6838893347004 18.0510138252935 5.91621904617435 6.46704981651855 9.31571296316678 6.23292229810098 5.60248051746949 4.84051166970403 7.02361658984721 6.95427494555769 14.3732321285392 6.09528716042043 10.7507324004933 13.6461997768344 5.03045842951276 6.55051759034989 5.76994379488002 10.6658940267028 9.03648251869483 15.1910098673279 26.180134653553 24.5296891824491 19.8291400842537 10.9187422666005 6.89488795956161
8.20690042090922 4.9384249152679 8.78946859030407 7.8554850828876 5.6202183352778 5.95459852767664 10.737394114233 8.36191706206998 4.53364784348846 6.75903119225657 6.88738451467638 11.1378719853603 8.02226095581248 4.50274535584291 9.49524627021162 11.605960564251 11.1515125585213 9.44250879649695 5.86240428218042 16.6802209002296 29.0118802023513 26.7004570278466 17.0080335856827 8.03005429976093 5.85215914829345 9.09953528883923 6.77138047662504 5.74164126418048 5.69563790762583 9.93962927863791 4.24799016984404 12.4375689636839 5.14313573752131 6.92364108309618 16.6572319018498 13.6899573896934 9.80410441469961 11.2319062331012 7.56014316163929 9.57658540854169 16.5063312003257 16.0217561042641 13.6398446966768 21.1271658410679 14.324857990836 12.432810792305
18.1362561812406 13.8651019550668 13.9621858686894 17.2885136765064 8.92274282512974 8.6493690702253 6.43503514745394 8.51371969497225 6.80275381686785 5.31605671889712 9.46601046784811 13.2994319866925 9.13869228925335 10.1735999161465 11.8141455811259 12.885604394756 11.3776581348184 9.64332013747209 5.80577684873969 9.25482747663856 18.8675394840725 18.2965182331829 8.09188923409869 13.0407173210156 14.6831961229019 13.0159543537071 13.3347722986031 6.77430111102668 4.16683245592688 10.024082554477 5.90619445360049 11.8230284867378 6.68469938304292 7.47525866593409 16.5811700570599 8.04532858310216 5.84376995304764 10.4781281247901 8.42892577378666 20.5595835264217 25.8285669941791 14.6831336378179 11.839734780469 22.7727926536182 24.6401118473896 21.9322942431946
30.26835815522 29.2444975675789 28.1500810937634 28.3799876115966 22.4437427816246 19.7189559988138 14.6784185701834 10.6677335915123 17.9294682253292 10.9839634487248 8.53011869069455 9.6635956652586 18.9286099693594 12.9036935851048 5.29758764004145 17.9058421512076 17.0508156081196 11.4361864335915 10.6469404015642 6.22017974077172 9.44781849732374 9.79261524873714 16.1517762139309 20.7679378622413 27.7473592669007 21.1684718030357 12.4495038873246 11.2653538988115 12.7690191083041 13.2490136660255 8.33686632241499 15.4045031467024 18.4552306905774 18.714484322307 23.818528448383 10.859620388097 13.6689386576156 13.9900604714739 15.1809392723705 26.1554695955393 33.3967781864352 27.6381642323305 23.9588539019146 20.507482543339 13.6985374957386 15.096818164015
25.279699694274 26.7242083845027 34.9065247291461 35.771480536662 35.3798425359093 34.1036510555962 28.3494550203064 25.7184095055573 27.0940709900302 14.5972552104905 7.27352273150264 12.1562713464612 22.5631533536676 17.4639809186101 7.21134788863256 13.0484162800497 21.6618063427111 11.7970179538513 5.93293078041521 8.5754506192926 11.7238387585337 8.66545550480003 17.4195667467225 21.7012105668452 29.4039150758225 20.5374823901338 9.46114671849831 12.0223341081367 9.7237892765027 7.67829421457208 14.6952045960837 24.1857541481709 32.1421778870138 32.9632180358169 32.1748201450815 24.9138583052072 21.88281428567 8.76322356729805 12.9405466626721 26.7564259241165 39.5164139604386 34.6144513634381 22.1635599652644 10.059135287103 8.82642059512546 17.4084127396396
8.68650293444298 19.2135050351934 27.3392496468422 25.3487581121339 32.0975183573999 41.8298407320345 42.1834236260343 41.0084670022642 35.2004489657662 23.878362344408 19.6893798848358 25.8628936947314 31.9323189276457 25.5436190797609 14.6383664595258 15.9762640920206 12.6589640576532 8.4527530181057 9.72108467217004 15.5321572461754 14.8118512485114 5.50252344733216 7.9111535393371 13.0590317165645 27.1311689811451 28.093706017044 23.2911685117671 15.7668761429165 10.2909119292134 10.9901475332438 11.013691832448 26.912917107193 37.5281668414073 36.3742483702912 26.2811787868959 21.6751654255174 26.7081935346502 20.3181465201677 22.3663188024505 32.9003635717603 43.353695806569 36.8393781579478 24.8936135610904 13.9270438217379 10.8836309471409 14.3434231961009
15.5732247512493 16.9873433130201 15.2979115275309 10.5282902729049 21.4784443142905 33.0841850672039 43.8703473274703 52.0266548098395 47.856323276333 41.1083422007153 37.5547341620864 40.2460436707298 42.2778737739737 33.5749129436713 28.3786928145759 23.2518725873275 11.2235726028 9.978220834923 20.4676250095736 27.3683506156556 19.8285601685966 14.5608006799869 16.5675995662865 19.1564397412169 28.2855062097363 22.0613067671748 16.240308099228 20.3906101528026 23.24096923315 24.952580440395 24.4466412694569 31.0130032902413 41.9896191024846 32.9556547099032 16.6834421580614 7.79825139187042 17.412300255114 22.7515811088845 25.4719054913839 35.6082054715726 43.6141090425223 37.4945970607868 34.1455513804779 24.3645090522657 12.5972928593519 9.36176495039332
24.6252815029099 11.6541937306665 11.3009001942047 12.8935577465129 15.0159271783904 21.008474709671 34.032315550955 46.0499174227251 53.8559586939742 51.3606197539355 50.3467674608399 47.0757111578274 36.4028552134877 26.9572018310596 24.9759373712015 28.4186926065706 25.1179058196602 24.2986526110055 30.6468859756432 37.0319323453471 31.2660250948102 28.640136466306 30.7431712769894 32.4606274710657 31.0587272686955 17.3220243523161 7.354390840923 9.67060622456487 24.1351878570143 39.1908723531714 39.7517420468602 44.437663053137 47.7799164847667 34.3833119820204 19.0322768670132 14.7340923460461 20.3944059218921 10.5279025553598 17.9293071181711 31.9381056555496 35.0033525158421 27.9187739679354 23.8853200793021 27.4289938674367 20.5555609825894 8.70134279169788
22.4453729003063 16.6272372719714 20.1396032327704 22.6156820479822 9.16404989866492 17.951271507286 32.7352493181912 44.7488015047575 55.9201290774135 58.2280206464951 53.1306162075375 41.6342467654558 28.6354325787365 15.0100037599187 11.2628314198968 23.5311818915394 35.0928676991397 38.3581461155951 42.0408986635916 46.9769030650465 44.2117079609143 42.6499257125439 44.4834716408249 43.8357254970244 35.8014227978765 25.3874241966984 17.7918323284343 11.5802521377442 22.0465483540316 36.1223291521743 49.558454698128 54.1639604186696 40.3416491235342 27.5593945079445 15.093305984592 10.2453947435897 20.4361512157888 14.663746731956 21.2075681352534 33.4104237325966 29.3608351838892 16.4902487599177 10.9908180202982 22.414361773245 16.2896206857107 6.45746642896378
12.7278189467345 7.14910199190037 17.7822824149956 26.0580464753004 22.2827827761054 26.8555672848724 36.9380849612697 46.8219498617487 50.1763776533992 52.311655653817 52.5639382555961 41.9309144527322 29.0256610043388 16.1071691263088 12.9568567882025 24.9090478766877 38.6400588100011 48.5424774789967 53.5691807270004 54.7872428538953 53.0922241023508 47.0059679402579 42.255865778735 42.148038366311 42.4550227272638 37.8155227128568 29.3448666638846 26.4455327189502 31.344313914433 40.8333650261455 51.5388761872019 51.3931209721637 37.9096316256491 24.2494178680311 11.3287964277512 12.9011634321132 21.1609377944632 25.1300707000318 31.7179341888711 34.2743787597139 21.2162355548833 8.25410992389602 12.0711723077628 24.9422480863986 23.9268541746115 18.2070566113309
13.4281916209208 15.1840524289067 23.4838224363469 31.5392166632364 29.1517865126826 31.2300479368096 38.8897936397922 39.6136923678678 37.6320615794974 40.7904822383905 47.4078956715976 46.3374907681797 36.3754483181249 28.3740278644894 26.9686630859303 33.0473529586505 42.9395653877027 52.3112962168139 50.7883780195619 46.3214444146367 43.438804473639 36.6644629596092 29.1913855453221 29.7337687779054 36.5159158301902 43.1499055221439 42.0138376998681 40.2685524438722 43.179595485167 49.6768697006342 56.8928556254295 52.6456354952614 37.8451873300065 23.2638694580908 9.48230908423551 12.2934980119012 9.55275585877787 17.7716254720654 30.5274289373462 37.1759144652216 26.0407161325763 18.0503270198909 21.3505033653705 31.6700593547773 34.169660169814 32.2178443725496
6.712468712287 12.8223136513845 26.4302497533699 25.1196685533245 16.0009671810362 19.5844861681533 30.2573220507568 26.8874102123664 23.322727482515 29.0420315228724 39.1764588309271 47.5001299032838 46.5479737787307 44.689468158317 41.2667939207374 45.2134512241143 51.1903507938212 48.9681365869133 39.6438949071934 32.2702816407375 30.5118950429126 26.2912375551485 15.6947598580086 15.0924251112854 25.8451852719468 30.0096528633383 37.5269426374056 42.4777727174807 48.6629456801587 56.1897028058619 61.2949057799374 55.3114412652285 40.9186459241671 30.1172896906592 22.0789638443383 20.7491878317347 15.3934926216519 21.9950407626341 31.8175339406507 41.8369441521569 36.1569702222068 32.6478828304011 31.8329134377079 28.5804794115034 27.0811524424691 28.9185197943232
