IBR/IBR_outputs/all.combrep_1/EucDistWater_Total.FireFreq_2000_2008_Total.PersistForestCover_Total.Spinifex_Total/EucDistWater_Total.FireFreq_2000_2008_Total.PersistForestCover_Total.Spinifex_Total.asc
NCOLS 160 
NROWS 95 
XLLCORNER 210004.651214014 
YLLCORNER 7350008.22228844 
CELLSIZE 4999.99999999997 
NODATA_value -9999 
[rows 63 to 83 of 95, columns 46 to 91 of 160]
14.0017681598408 14.862445500258 6.11650023216423 5.72491015698786 9.01926155186313 17.9583995670675 27.5764277878013 19.3276310452731 12.9973978038401 18.1590078467522 23.8820205845819 30.7167120842313 40.1389236401989 47.1077216888931 49.7617827035341 52.1813971734847 57.1591657492868 58.5694649664482 57.6490954788523 56.7634242468394 47.2732768264388 36.4823723547344 25.8898621023976 20.0987717480065 24.1208845089954 20.7257537706891 20.8908924758007 26.7424849438808 32.1663560596746 24.4566596942099 21.160719441114 16.3665135710231 13.6531103219739 23.9474319701514 36.7172371798553 47.6232728384359 48.4697354444866 47.2190872174295 47.3773731511785 43.4826680168334 39.5630081535899 35.3542007647058 22.7529938571564 7.99084454306811 6.46620235537087 7.80087141968548
15.4360212610709 20.44396799886 12.5286341235881 5.2715838812873 8.73844342927389 15.4546887318995 23.3801297232083 13.2798567406111 5.40794876378375 9.55188010929977 10.6371142416999 20.7848660842667 30.9282823665574 42.2877865326345 53.2983815375182 61.4408450705953 66.156874197136 66.1080084081876 61.7332301174864 57.2657678949354 51.6389477869676 44.8907964397628 37.691968984158 34.0665800749642 25.5349150850548 11.647899759836 6.34881749037517 19.8081399302116 28.4410055475529 15.8321045469892 8.56528517033766 11.6190119855286 8.27984676628155 21.2832562866702 35.1195769099476 47.3072501434684 50.1740074426775 48.7543161067776 50.3952165200297 52.1038725636084 48.4271290743362 36.793212428653 23.3959559065612 11.5296079956741 12.3804644395372 11.2870667176373
23.1773080584425 23.4589379852087 20.230255534522 13.8815408173187 8.0799589546257 8.41074166562227 19.5706423848102 11.3341242457001 5.64267704793618 9.33490785175881 5.95641411353696 11.2404456276753 25.2279984001578 38.9106024173313 51.1715876098299 60.4236787010049 64.6867615234775 61.8413415235005 53.3575628144755 48.1430454056227 44.6740272866899 44.1426492614184 45.8025288160376 41.0325212714117 29.1180190149379 17.7737358717963 9.12522893089969 14.8626577766947 22.8171842908973 14.8840343597188 14.2435772823166 21.290847945103 21.2227024965799 28.2044550467798 38.9304278118774 43.5703388730995 38.4658733946017 36.0876316119541 39.2079935177141 46.264067253791 50.308773230591 41.9728194739404 31.9411846294903 25.6075781418764 25.8054367659732 23.9328422388844
12.0358523631864 9.7009799999641 11.7802039588456 9.17546136413245 18.0722841026837 17.6163594239069 21.5377326958022 9.95959564760014 9.68738026358663 4.52084122828834 4.35479603413555 14.9130544116917 28.1109802823989 40.6915977810208 48.6490730426491 50.9132854528344 54.8543508058848 55.1687329869396 45.2291738360439 36.2654327802189 30.258412652178 31.238447082862 38.2018814920557 44.3424077961078 36.3819076849373 23.532658149474 12.151881800141 16.0123369966919 19.2991125833575 7.92290325727472 15.8302367890217 28.6886431570845 32.6164240186929 34.4466187899 37.3887254891734 32.0225286657177 25.9813221672739 21.821307312462 27.3816133440505 36.9366561765344 43.3217318076229 47.5013574392167 41.7077638241994 33.8701761812488 27.57193969148 21.8060954210289
7.61631950869282 6.24696929881679 12.9735333045221 15.6447124688959 12.032992217856 10.7972106037732 19.7173219047273 18.1469769748064 19.5915855374393 13.1989341771274 12.7246098172432 20.1738143365913 32.8122425638853 39.6413398033651 37.1220047818946 38.7558678040195 44.5529500423611 48.2365899085806 39.3788212998577 26.1512378223428 16.0515029603094 18.2124039884969 29.7902168213026 41.9560205460482 42.1041877078249 32.3356461971536 26.1887535556504 27.9609247441337 26.5391474483122 16.000474754167 12.2994075974626 22.3315743981708 23.7626791286977 22.5389473629854 27.0675663934773 18.7417531529497 14.3246768844176 8.29137942656962 18.0968300330531 24.7479420619435 32.9176448663732 43.1859215589567 40.5336568499309 27.5940485012801 14.9542295523259 12.8505292219595
15.474265316502 8.27575317798174 8.61857365318299 21.0229131498322 14.8009129792777 7.39561189064587 7.97756162182824 9.26150653293553 22.0516392095393 26.189573179776 25.83678985673 30.642216396269 36.5845579633028 29.6164329808381 23.3155760936481 26.0234250159838 33.1930878033776 37.3085447327159 32.4786019457627 22.9739672649677 9.62028641881589 13.0399651172857 27.2405200680365 40.5450394185679 48.3823378831361 43.6381095625926 39.5965849192385 37.0316588968736 29.2395175109434 16.3956452307846 9.64006567120255 19.7756648269324 12.7797408684234 10.068188888025 20.6703590457829 10.4332183181441 8.18897298027906 10.9743955899065 7.42080723657055 12.3814616208997 25.9121326260809 39.1014935256749 40.010821881714 26.9077131576137 13.6169792283299 11.8343480294907
6.52394321967567 9.4915247626375 17.0915437554464 26.3569569391434 19.3711896002017 8.14609800983402 8.00403708669013 14.1954576906103 23.7610286333041 19.638736210392 18.0508523725503 26.697139510706 31.8350917401391 21.2136215447814 9.41463107947947 14.3432904730321 20.4628572379993 25.0170880024398 19.1086417167357 21.0862908893206 15.1128660360418 18.1289559398246 27.974924620521 36.4217447420127 46.215381628612 47.7833980457434 40.6176227186083 30.2618149749477 20.9075004568632 19.1955487732536 22.6369619601264 26.378760787749 17.6457895498318 15.2841811657715 17.5528290842464 8.34108714291511 12.3767052495529 7.19548690805821 11.1659031366596 14.8622278473786 27.0281041003626 39.9188795183125 44.1047274215623 33.9688950697931 25.8594089092453 25.183647071567
9.48369598889625 7.37757935420993 13.9925668054215 19.212855324861 21.0390343353812 14.3689823560564 6.29811490520007 18.4188971361683 24.3151198196802 11.5155160782382 6.9040198581445 19.3708916317338 24.3023086328861 12.8578003783171 9.77773212549624 6.57033099781985 11.2731939115746 18.7594158255164 7.69337327071577 13.8581489503082 9.79301339048769 12.2220444198751 16.300411844499 28.3992251685373 40.6777320297113 39.2004284432553 30.0522812042091 23.0393709731448 10.9243027017418 10.7254509435741 24.6862513016884 34.6951899074979 30.1544689946007 27.3363406554792 15.0973610319852 5.11591364157923 16.2854029004614 17.8860592753631 20.8458407105895 26.0652134242993 34.6816502070644 45.028543994236 50.8678386790365 44.284632857298 39.2893962200395 38.0239880824185
12.2987195745572 6.54990351061269 7.64129078162602 8.70245776781754 9.78170580654525 10.8241430294984 13.2902940181729 15.9126166851163 16.8097101414565 11.8618027213616 13.8317304085856 22.6019316985845 23.6577863470125 11.4289632037187 11.3323507308946 15.7673369135008 19.019258463765 22.0255409619894 9.26071221789991 10.4414055818107 15.8074852435963 10.9041439839658 13.1587097121524 26.8526177725732 38.802610554556 32.8467623237236 19.6116096191056 11.7748845419173 14.0866952317681 13.7048574203626 23.1865312623232 35.3536824452635 40.4063519516258 30.3758769004598 15.9573420571918 5.30207027510022 16.9333842985541 18.4813463769447 11.7202784471375 21.2938140295264 33.3190191083837 43.0421892482194 52.3194213308998 54.4213164900365 51.4605364121718 47.0922271752445
7.76125818174805 13.8937290340033 17.9934712510076 16.3380156356109 13.2607804471271 13.4729197654728 15.61762174507 7.13304713802454 7.98408972725639 5.84434794587087 11.3572421714453 19.0523607520424 28.8956341279446 25.0995478448967 20.1036901891095 12.1269298969252 15.4592518945584 24.594126307713 21.9139845603189 14.6603391145935 13.097123030218 21.7125374146466 24.2576638139856 32.2783473894346 34.6741437816569 27.51099574382 18.2321358181759 9.65336265768364 13.3542703859215 6.63126972548706 16.4016928973818 30.2414352995874 38.834124606818 29.1492647653633 15.4323984260783 5.11179123289389 14.7318913968038 17.4889467380187 9.69470155422517 14.9249369041613 23.9464154584656 35.955684571243 47.8568653768832 58.3972571216619 61.471496379406 54.932595817543
16.7111409719659 23.8444192482108 30.5196262723852 30.5776879803069 27.7737078210461 26.9594405207742 23.0177972438924 16.3704286519348 12.759527371659 8.77139447799558 8.21682183095406 15.7508702503433 19.349862311691 23.6935827389277 17.7742553710083 6.54935935169008 14.0413164404486 28.4916824597453 32.7792484250318 25.4714269593796 25.250914627736 27.7221861763534 22.8154946988352 24.7663623359995 25.8225325230296 14.8107628264964 13.7340860759382 8.65296577381727 14.7138903801112 12.5956599645005 16.1411009070946 27.6826582898472 32.6735831696904 21.612558402581 10.9231248622635 8.68859070049632 20.8983644140893 26.6681393490814 16.0533502967573 7.71256521234828 19.4301444643554 33.606997397507 46.4164054187392 57.6514454722971 66.3883237711632 63.3209975649929
11.908899825942 17.5521100786086 26.1401133837057 35.8120684396245 36.1670388031074 34.4929314338766 32.3514074977785 30.4987002781778 26.2725824506758 19.7446829817888 21.2077317754892 18.3089951923206 7.4875712185878 16.7404002868663 22.5980962912387 17.144001730873 23.1180984178172 28.2826037137866 28.4700355665817 29.7332270370962 30.8927764554809 22.5281131187112 9.73707333287828 14.3537945876565 22.7477369284419 11.1942435401396 7.969981735935 7.00468656052116 8.24644227831465 11.8677434011019 9.2519536366265 21.7830829491432 28.8733864022144 16.9012535080669 6.71084506792837 17.5078019484434 28.7579188861097 33.8127299109195 24.2035940154455 20.0711043582887 26.3148448374002 37.4006196565098 48.8543887355004 59.5205481249017 69.2212376795501 71.5800065795801
7.84033235601583 8.41724465054278 20.4752358708217 24.3485589792077 24.2416560185495 22.4213521486319 22.7794731201046 31.6179328329525 33.5006655594781 23.1933206255389 18.4613750555529 21.0221877920382 16.8528033583758 22.7501250952527 32.0948330233415 31.8188212830554 29.8692982340077 18.9384825735164 13.4320723217249 16.2447800910953 18.0296013214851 16.0162226978543 12.3983760029396 17.760668953425 27.7165375540764 22.6912130869844 19.9553692750354 14.5865357001087 7.26567330122968 10.5473169551653 13.2203648294403 24.9476042365151 23.0205869364885 9.21225307761759 6.82281432173227 20.852507700135 34.6260107707714 42.2085456676962 36.5171118928566 34.1202321386082 37.759132406673 45.2429519563957 54.2439761443143 63.4306268657783 72.1866779083316 78.3956674579683
10.9559923742613 8.36666080511229 11.4605190233373 8.83872190664216 9.38781995740007 8.87762184299607 11.6227417987673 25.9896235837191 30.465998994739 16.7251280870471 7.37412682036647 19.0221184474994 29.9128323354256 34.3332496405556 42.0454074939636 41.7257490056304 29.9175230509716 15.5622667986668 6.82754046887544 9.23815813446856 7.14938160719749 8.84648715707788 12.7193503961091 25.5254106433995 31.0202042689552 29.8399428899194 31.3085000881321 25.2658500195708 20.765342779271 13.8239282501373 16.0201006654058 28.2357302102713 21.8986747743572 7.91422604493691 11.589683658496 23.4447785421066 34.2759663600332 41.1523866793518 46.0026663911142 47.1062634019868 49.3170107855576 54.5443370215534 61.4428609324641 69.0026195781541 76.4678813032734 83.2183688392488
5.69764516352767 4.4601310739921 5.45120824536307 8.11156554195749 7.71219639983368 3.63518061090678 9.67147098630228 23.6721016796382 33.3080935549134 23.0932882073735 18.2664469095624 24.9875504069924 34.2261315403823 36.9091793555883 41.8454022816424 44.3899182624118 35.1604331199525 25.5583102175778 21.2182306912863 20.6404090589814 17.8142724559741 19.8620408950395 15.96546718294 17.7142087186988 17.9012076904524 17.3837836603558 26.7952751149787 34.9980488189842 32.3694162675747 26.356281433638 28.0406504071223 33.5236359771111 23.5546149150829 8.90699983172776 6.53766887791867 15.2528741675304 22.6275444340677 30.5602790475238 41.554997796734 52.2620227054521 59.4924322351097 64.0938316574138 69.1796903491741 75.1385010937732 81.4886308324337 86.634095528779
7.38935930428336 6.04852807946822 13.6817102423193 21.1335256612608 18.6480320950327 8.25758753582163 6.74297925306386 17.8217943710495 29.1501750431823 32.842092523857 32.1307478433114 31.7915955921795 25.1609180437763 23.2324148691785 31.9039697913018 41.1763999812815 44.1631077791745 38.528342646348 35.7351462485 34.6803048282581 32.1616392427996 25.1964305764834 11.2131640254032 10.3420776104494 7.18763781089679 8.54947469727741 21.1643359894305 25.2790466485319 29.4605278745504 36.3871540963814 40.6085973885292 37.1640819689856 23.9048164707347 9.58060435974129 8.86767535567176 10.7857503190047 10.2201336699105 23.7776679898391 37.130848682468 49.2915498247897 60.1232330088656 69.4761614386258 76.3904325587137 81.6502963576867 85.7027188461056 84.0061696781254
17.000348424913 13.4521440734052 11.2624912466223 17.9314249765173 26.2047577646476 17.4541964244489 6.24830657560828 8.34604711448963 17.900492959803 24.2883579272703 27.526444887086 22.6428038736415 12.6950609860363 10.9910337518829 24.2419892486607 36.8186228844783 49.3421015920345 50.6935437497348 48.5847787711959 47.250173980706 41.9634855870739 31.1098142540539 22.0162713756803 20.8936496176415 17.6974492735156 19.2881829013763 18.6266146875082 10.6582296132472 19.2873699899609 32.7716706156553 40.8738235300049 33.1588820236938 21.5574938705075 12.0892071147026 7.92976767941623 7.3259285598409 7.67688273979554 20.1243196164803 34.1926792036011 46.9594507308705 58.3728438858573 68.5520455797641 77.5997074590621 83.5649133029165 81.2825665657579 77.7440770185477
15.7484507166956 12.2972286851325 4.64502746904688 15.297187601815 25.3409010589898 19.5751060281668 7.52468668273763 7.57304717918994 6.22424947671557 10.3281982819375 16.1026379702616 8.14462096362009 10.0041222135269 13.3221388435198 24.5238361294692 35.8312047584364 44.6466646421894 52.2706059766949 57.7345264879698 58.0507290728151 51.0457100719944 41.8088575144167 35.6601811177094 34.6251882537447 32.0168211670793 26.0518687551186 13.7860617205697 8.6108790116809 17.8244609406455 26.0410805877809 30.2489996078417 24.4569928018139 13.6051061084233 6.13772048853669 9.61098539997884 16.1285490709137 15.6317159286926 23.9596511735819 36.3455288920172 48.0674793213486 58.5651223447615 67.8318977090966 76.1507723133445 78.4046387074911 73.4763689023002 69.569530306145
17.1960311756066 7.36963967433682 5.43707701366277 6.91243695265151 14.82717435744 22.2180708210266 13.2977746652594 13.8947172635694 11.2695922796947 4.61053470470986 5.4596679331396 4.10099913802416 10.9063207448226 22.1096624894879 22.968226306135 26.1226474343045 34.5842477072447 44.2305220190355 50.5225295319464 52.5382436976322 54.6170505527385 51.9607804786109 48.5519922190429 46.9743326140045 39.2122671893166 26.1393368318138 13.0501515729028 12.1124768548223 10.2845392463414 15.0630460846945 21.1691662749124 11.2714110204503 12.7171387400342 12.4727601140405 22.1597298681427 27.843329243641 27.6546529095059 28.7469042792866 35.2919242367675 44.1148582329962 53.8844572257079 63.3666064056616 70.7812717563956 71.4420967830614 65.522413632003 60.0729166518186
8.12911480306011 4.6896853587268 8.87849483575874 6.29904754303946 8.07962030999813 17.2576596078587 10.7612343716466 12.3416778551883 11.4225378056054 4.49038628489712 8.01472915537147 10.6817156590013 13.3297128365548 11.7559078316429 10.2181333258471 13.8637903394542 24.8638287120558 34.1583645600023 37.392325040999 40.8972854665418 47.4901111009488 53.2820229550924 54.2555324612743 53.4955675312372 43.9445717466681 33.4923724699345 25.8783841078544 21.8808064350373 12.5878129772804 16.9231622167783 21.5534909166076 11.7882436908905 17.0632092211826 25.8340202706219 32.4967712640241 30.8061638525076 19.5048007320463 15.827804877621 25.0650548887667 37.3406650914349 49.0253316553566 57.2145514901976 62.1389886081862 63.8679799351516 57.3574208015375 50.1832492338935
9.34293269847789 7.94459096010804 8.62343172580596 14.9485477265167 12.8615493914208 7.50693553981483 10.3071151946809 18.6054107960096 8.58456609652347 8.96282612157592 5.95201493234686 14.0087286032159 18.6710177429589 10.1348055447883 9.68809534951163 8.37249664085994 14.0001493045389 22.9405579195836 23.3318774387668 28.87660368543 38.3059543644273 41.9165370405216 43.7895889638361 49.1624198972004 50.525056026331 43.9428629162258 39.170406073169 33.0631551520171 27.1839563346249 28.7794047693613 30.9342452779495 25.7923405520329 28.4401140590061 36.8486506761032 40.126421603857 28.6592189523948 14.1033902732531 8.45452545822492 21.3434865605295 34.1333020734298 41.2969069629485 47.6314875618735 51.931751078004 56.1130783789263 50.0569851878825 40.4579797789242
