IBR/IBR_outputs/all.combrep_1/EucDistWater_Total.FireFreq_2000_2008_Total.PersistForestCover_Total.Spinifex_Total/EucDistWater_Total.FireFreq_2000_2008_Total.PersistForestCover_Total.Spinifex_Total.asc
NCOLS 160 
NROWS 95 
XLLCORNER 210004.651214014 
YLLCORNER 7350008.22228844 
CELLSIZE 4999.99999999997 
NODATA_value -9999 
[rows 42 to 62 of 95, columns 0 to 45 of 160]
-9999 -9999 -9999 -9999 -9999 -9999 -9999 -9999 -9999 -9999 -9999 -9999 -9999 -9999 -9999 -9999 -9999 -9999 -9999 -9999 -9999 19.5178554052682 10.053210780298 24.510448297111 16.8480933083501 8.58915749221585 17.7274061175283 12.1117634246184 17.1196618476984 30.1633831454668 42.9809487224963 49.4784867708703 40.6711015266084 29.3096029068049 17.7298148102444 13.1046655344579 22.5040898836252 24.6804304693039 20.7480505198184 25.6857698012571 29.8013944594282 29.1167177635935 20.9841384871346 17.1762426780907 18.1928945871473 7.11364546755448
-9999 -9999 -9999 -9999 -9999 -9999 -9999 -9999 -9999 -9999 -9999 -9999 -9999 -9999 -9999 -9999 -9999 -9999 6.77875430665209 6.57500141315132 18.9861061198182 10.5251448078012 14.9787417204304 24.7311773695378 19.3796115363966 17.7300786157339 24.6660267689859 26.5595642579325 28.8871605499099 37.3117314149632 45.0554568073055 46.3787049977824 42.8061159790064 28.9046538811467 15.1514110529719 11.3499991241108 16.2971867918114 15.8747432119111 8.07032353748651 17.7522026862972 29.2596262268871 30.105885407758 26.9401173886535 21.0850503186607 18.1060148210694 13.5159862706631
-9999 -9999 -9999 -9999 -9999 -9999 -9999 -9999 -9999 -9999 -9999 -9999 -9999 -9999 -9999 22.3435729773715 14.6532716051407 5.56445881524598 11.1077089175352 5.88976877343601 15.5028194055182 23.291903284844 27.5549826497631 34.8541020259507 27.5703123131677 28.3490850130323 32.8132737052713 37.0145794399168 37.581775378786 41.287937002268 36.5671810638547 33.3483056510583 35.9633864384941 34.5239338919649 26.1378171269488 18.033927992703 11.4956720017031 11.7588369540782 11.6607210085304 19.3070119631697 17.8995571306125 15.2425309521157 15.6660201358351 9.58800853485695 12.7942860096669 8.73797989639068
-9999 -9999 -9999 -9999 -9999 -9999 -9999 -9999 -9999 -9999 -9999 -9999 -9999 18.8238757781507 9.23595703637669 8.60620032820342 10.009754796057 9.47968597180279 18.125657076079 18.455658027627 24.1518727643557 33.8258497406146 40.6179604951887 42.6307779428067 38.7851646070223 36.7088265715767 34.9130427291957 27.9683349058892 26.8334779968637 30.0727002667728 24.4348061143352 18.7868477767634 24.0671550955033 34.8678209655546 35.9818245592004 24.1710870087075 11.7116526593138 9.49861623480058 9.94987962812296 11.3508104646847 7.33662740701741 6.63615456627144 6.96007874394826 12.4844519735104 16.7075693307447 14.8275355839458
-9999 -9999 -9999 -9999 -9999 -9999 -9999 -9999 -9999 -9999 -9999 -9999 37.4756895174941 27.9783791530054 16.0463731137895 5.6214948224608 11.707671553908 20.3016831168908 21.6338374753267 13.7614549133424 19.7747417028973 32.3158778941537 44.2841033268706 41.0275587055629 31.2095354278476 24.8855499751974 24.3260182198828 15.7900032982004 13.148133037777 18.8388349097423 11.7911682345581 6.84315422519353 16.2654687286452 30.4460741058748 37.0997022642282 30.885410279468 21.8771303722568 13.8931099624683 5.94168452423343 5.05078828044352 8.97936039938962 10.0335205716971 14.0580479606603 19.8572979824048 28.22277734206 28.3854232982326
-9999 -9999 -9999 -9999 -9999 -9999 -9999 -9999 -9999 -9999 9.09881853823888 19.5605900985372 31.3156230432033 29.951389367634 23.2833857071372 11.3116808200426 7.17666280042052 20.2429664849677 19.6966796143327 8.46102534500334 16.4932722849799 30.6432080490893 42.6930411444255 36.373748414066 22.7074601675263 13.2048916249678 13.2614173429474 14.2974910301766 12.1069194026401 16.0501042822148 5.08070733700684 6.00225795977902 14.8669559297039 28.2526789810397 25.8307394565714 21.6733654654896 24.2139611905499 17.0670531100712 6.93489827631887 6.4312139246793 15.7132187061044 9.43449215975549 18.0283303034815 30.387432846495 31.6036863070025 24.6011327813427
-9999 -9999 -9999 -9999 -9999 -9999 -9999 -9999 -9999 8.29712778879332 7.66630995656855 18.693885204173 21.0443309338155 16.1387884755971 19.8526422489789 13.4850732471568 6.56709354158508 13.5175313076263 14.2557567961888 17.7356174904446 26.4788879737063 35.8996566968377 44.9807563065555 37.0023865791408 24.1692001409654 11.5176082461619 7.70589413551338 18.8546546858589 24.872791595381 20.5230727980456 11.4730252368024 17.7627416007324 24.7903813134376 29.024876511251 16.803770507779 8.17947746393858 16.518422575516 7.63333936397162 9.39707218981359 12.2362393588349 22.2091867829646 23.548216097131 25.3151405590964 23.7869244699749 17.716973277744 10.2621796688582
-9999 -9999 -9999 -9999 -9999 -9999 -9999 -9999 -9999 6.2488701248272 10.2504433915604 22.3678553842382 14.6832886135153 5.73939979323661 15.2610270381076 21.5311965333312 10.6069429188775 10.094069217948 6.64181312564899 15.7194359393883 30.368338785106 42.3161592432561 44.7329143640636 33.8287222182785 23.4990612226437 17.4478135439173 13.7433252830707 12.2622416379907 22.3443577082832 24.6597945176989 17.9529312359347 22.2423559216878 32.4280751089248 31.1295389199924 18.0935480870554 6.96733343127613 16.6647087637541 9.77393282392503 8.63219358551192 22.3374677852574 30.1243667932316 24.4073588349557 15.7034963259853 13.108351881886 8.42463734759223 11.4757459226687
-9999 -9999 -9999 -9999 -9999 -9999 -9999 -9999 36.9366984680638 14.2354066079585 15.6312444406419 27.1612059752912 21.9512559515202 17.3272408777393 22.3408291588936 22.2327224589335 10.1262909715613 7.90237069088353 16.8187103923728 23.4182169627453 35.5068781807399 45.3124703433416 42.2462574471147 29.0087039485428 14.6499522705544 7.8715206549044 11.936861360679 7.03367907677933 11.1061783085183 17.9885610715995 8.70395769372567 16.0656737097465 28.0333380312867 31.3219361522109 22.9266043488734 16.9489923655879 19.8699588800619 9.99701332994028 6.25138458715985 16.2014745455192 23.6622197503944 16.9129956161786 7.93895223894751 11.8041546074507 7.89915779095328 18.3908802719396
-9999 -9999 -9999 -9999 -9999 -9999 -9999 -9999 50.5362687408663 22.0180031899692 25.8202073457124 30.0624637226222 18.481326862177 11.7054247887255 18.9319621417232 11.4848506984548 10.7856635063294 6.65435408971685 16.2791072970548 31.4723533707579 42.9700770001252 50.312912740065 43.7494255795454 31.5061275456059 19.2349253035384 9.57762468164246 16.5296682736525 11.1977053508349 5.99983739315916 16.670248013978 16.757998070633 17.3631281812861 16.6039757564289 23.8538367777924 31.3646867704731 31.9285877007841 24.2233190320932 9.65103913637166 7.00960280864764 7.191651439552 15.8135674059316 7.53325720559175 13.0951399783645 12.2086198822533 6.2948292890198 16.7937555075456
-9999 -9999 -9999 -9999 -9999 -9999 -9999 72.0723501166474 42.5286976230622 34.9696015792307 37.2899115018098 31.0933245999366 17.5670984300553 10.2128789350414 18.5593430360981 12.3007379184283 13.0252045796217 6.44500339270215 16.0734134841686 30.3635927327282 41.9736662500264 49.9648993224678 48.9457365134504 38.9701051706253 29.4958166261619 24.6589259146721 26.7781215332732 22.6425323519235 17.7886326284129 24.8018067045681 26.9774665546034 13.997270331419 6.59289890933172 18.8089430146364 32.9558655106813 39.2504018497186 31.241714363274 21.4544489054173 19.8979615892932 14.5747934494876 20.7635193043821 16.0156218752851 12.5062920830413 7.69322467347307 6.7183260658287 9.74786352145879
-9999 -9999 -9999 -9999 -9999 -9999 80.3876892410037 68.8593404746883 49.7580131155751 47.8648716646745 46.6858273164415 37.218080597688 28.0662545624393 24.2690330759524 25.4729960402429 23.1553227665068 19.5218751041795 8.29259846862209 10.9230958796216 22.8166996525091 33.1330154072136 43.0423015257183 51.4455011395318 46.1479460083385 39.7067225961185 36.9205253265133 38.8390235983974 35.4281143369742 32.4231432345201 33.6644832351167 28.2509882619581 20.2417544019067 17.6960064600038 23.1086686583745 32.5955877774919 35.2686889158824 34.7534498109368 34.54196178863 32.2496288562242 29.6708243170052 27.4629345205518 14.3260424708514 7.25413554481501 10.3531191176912 6.72286810853692 8.91756899123174
-9999 -9999 -9999 -9999 -9999 -9999 90.8678749483898 66.3857574964803 60.6947272939609 59.2814529157728 54.4118360323708 45.9109683168107 36.5443437887852 25.3407813446969 15.2886681959271 12.9616960690704 20.6810454474354 13.3090498969938 6.84164034594749 11.8576531799561 24.5910730370725 36.7668133817696 46.7180861847871 40.4186846905987 32.9792774288725 30.9038501528571 35.0982297522553 41.2613054459515 39.0871568154244 28.0470485027105 17.3881795725143 16.7726360250239 11.7795200877138 12.1730306392698 23.4972036027859 21.3563011898099 23.0700897371483 29.3496573375058 38.3584203683492 41.5832943670542 30.9893211586865 16.6789705077482 5.68474960632972 4.98909858626382 6.88242435393687 4.05800551955426
-9999 -9999 -9999 -9999 -9999 87.5139670649487 95.2187398067981 73.3554156635886 70.5430570957412 67.9064448672723 59.5400979656049 48.5700836589389 36.2275475922851 22.4101853846389 9.22742659545409 9.36835235021413 21.6206528672934 21.5216619956091 11.0437830839811 7.93888397225862 19.7293992399996 32.959499727402 41.83806994548 32.9711135574721 20.8994326391035 15.0715774884719 23.2211025493237 35.4644359880897 37.7586638373064 24.4982401838671 10.8764784813802 11.6371587551361 11.0790036921823 11.511973301397 16.3491589052552 7.68887447168089 10.0226952357355 20.7316732799736 33.9939290148109 42.9664044126345 34.2242568292239 21.0829186248966 10.4952695946631 5.15198832352779 6.01694147055326 7.7952824435194
-9999 -9999 -9999 -9999 -9999 100.260250794923 93.5418975949119 81.1093712620498 78.1218686855242 70.7838340928612 61.3075834557112 50.9547503525524 40.1949918764106 29.3600929998481 21.9075688071992 23.1475505236608 29.9693908439573 29.8835012115198 16.8985038710323 7.90678065019317 13.6549147537724 26.8863257534925 37.6447078442715 31.2857462375808 17.3806114658797 8.93090331481476 20.3240909151579 33.7910116072808 40.1647997357376 30.5341436732046 22.0091108181325 21.2632344120786 13.6688122809018 13.2951659893007 16.3603782932563 10.7339390680784 11.349417312616 20.1605932182979 33.4674559157022 39.0630421502576 29.4616670009997 24.1587732899529 20.5182120198892 11.2942152552873 9.24502001166251 19.3557660253576
-9999 -9999 -9999 -9999 -9999 89.9782295969346 75.5952571359676 80.7183442560136 77.8046277238672 69.0375144990467 59.3815090839055 48.8599592394804 37.902489645176 27.8142106841995 22.8803307017676 26.891685391434 36.0957654410466 35.0371016208693 23.0292765679777 11.4046517905836 10.0173709931135 21.5508662935998 31.9818975989923 34.7236409483652 26.764893691791 22.4895804196189 27.3540602672503 33.949844433967 34.036983337546 35.8619752261277 32.6831771815465 26.3404614610705 18.6573487931934 10.8923062215937 18.4664434745246 25.2459170986196 25.4850026634793 29.9800753765652 36.2325656103254 28.0088789879876 17.7182478689124 10.7867688178011 19.9773713319962 24.5536261755073 22.917143006334 29.2783223849045
-9999 -9999 -9999 -9999 -9999 76.8961304552239 68.2717595691393 75.1354110706656 76.0747200908482 67.5926760160042 57.1727576613721 45.8401608318867 32.9397914131073 19.0988611232544 8.70439215578889 17.8917840410306 31.9044385091249 39.8788067499037 31.1532424892705 20.1560286387071 13.7624521436148 14.1538755418244 22.7399953124967 35.110594377572 37.7179443168649 35.3943533676805 32.4688312315477 23.6395895583642 19.7669640177146 24.9633136464578 26.2597162532853 15.922254623025 10.117727621925 7.46980062415999 17.8084752903395 31.8760975352138 39.1357930288222 41.3924272581648 36.5846974251418 22.8018830924729 8.79085791405401 8.77771820727459 20.0978183106486 32.7831520030779 36.6340033544623 33.3408959083212
-9999 -9999 -9999 -9999 -9999 58.5900938441266 61.9168438789591 70.1251329403877 71.3239619260977 64.3992720207751 56.7756455311735 46.6153861702163 34.3588203970625 21.6096373821413 13.4914016979712 20.516756953875 30.2378589365168 33.0300255410959 36.0809721749595 28.6766871452695 14.1734811012488 7.94684336914731 19.1499434310711 33.5273296955743 45.1314360290962 41.990622449677 29.45545097863 15.5700633795855 7.77086746837396 11.2833546846423 17.3099504144961 16.1056187540541 8.77886175242473 11.6058902176502 23.3706864270159 34.510277543435 38.097604704784 38.6652146613688 34.5207496434857 26.9983331545945 18.0762502287467 20.2601821323718 29.6964083406287 37.7406896714934 40.3370447991939 34.3660725590687
-9999 -9999 -9999 -9999 -9999 47.1809407170607 56.8614692397801 66.2526032551399 71.5046081178765 58.0431445228428 50.0909603448967 42.9187466932698 38.8203237264864 32.1486646155626 29.0671011023017 28.3701624292554 20.1415944828532 19.6143313327773 29.2126670789695 32.2089134040138 20.7047683721877 18.1272410689795 23.5846190515472 35.9580593100678 47.0017040240323 45.1700600272188 32.330628390553 21.3442952058749 15.8005088085732 10.3517797211323 17.1478827430402 26.6688143565211 15.3851260486496 8.25912072588898 18.4035350810663 24.061141572373 25.0595739401961 26.4487172113541 21.5509968089237 26.4601512404904 26.3282460618165 30.5898540320953 32.9951001369108 29.7472371263222 27.2175541430686 26.0577803417609
-9999 -9999 -9999 -9999 -9999 42.2703690602377 53.9160562798084 64.0708243633191 64.6521371397471 59.0398870318527 41.7811744210497 30.967789207723 26.3966566589533 29.3062652116516 35.7486235576522 25.8037518295227 11.3318884613181 10.9014625750997 25.0596926129469 36.4235209112876 31.7501246843599 28.1703911771114 26.5914529539882 32.6866490746936 42.0305485494776 45.2250673367359 33.9564685019711 23.5882648376242 19.0482571687554 22.2926886909601 23.1041733115817 28.4987112261509 18.8662821690287 6.28482637327267 9.77281065953511 9.90665871937944 10.9253004604674 15.7641259401656 9.73522652551977 13.6104168822082 13.9233399925451 18.3326805427629 20.4573598697863 16.4061124623488 12.3148287809367 10.7605464936011
-9999 -9999 -9999 -9999 -9999 41.8770747139659 51.1346428661842 59.1081001705829 58.3092552318351 50.721087557202 38.6693555384679 23.0225889215286 11.348129069608 18.065714553282 31.0220646288105 29.9771445948036 20.2737011866793 19.9955836111627 29.5345402486468 39.0250430482627 30.4826569330576 19.0850745213171 12.9819548513735 22.4671865927691 33.1179485127931 36.3611437503314 30.1564999922005 15.6970563404124 7.46812167144151 18.4635735397144 11.9183108738492 16.1924024970706 22.9308564260662 13.688008942043 10.9108714806517 6.40658354174618 6.49757007734977 6.88291342309635 8.12059632723465 6.43724544515697 6.10910541658453 6.62147222015485 8.45509955312789 5.99591136422732 6.3166366352661 8.62061212379772
