IBR/IBR_outputs/all.combrep_1/FireFreq_2000_2008_Total.Silt_Total/FireFreq_2000_2008_Total.Silt_Total.asc
NCOLS 160 
NROWS 95 
XLLCORNER 210004.651214014 
YLLCORNER 7350008.22228844 
CELLSIZE 4999.99999999997 
NODATA_value -9999 
[rows 63 to 83 of 95, columns 0 to 45 of 160]
-9999 -9999 -9999 -9999 -9999 30.8543062802788 30.9658839946203 30.7623919509597 27.3498760659612 25.6496338615097 26.5188641124137 26.9662720547293 32.8916350870356 31.4298189244287 39.180099729353 106.695401763784 302.219113796134 244.556392054343 328.990798351204 386.123454676374 225.193183314908 60.2049633840858 32.9824100455154 30.1018661935944 35.7739347432874 33.9013174500718 31.4075182844115 31.5712492398756 29.8042560502076 31.480380704984 33.9154996367308 30.7784393887667 30.813532349842 25.471647953024 27.0350033779938 31.7961229748755 32.9042180108454 32.9985724655804 30.0795999291161 37.6397825904953 35.2210718044811 34.0800345738194 33.4498247288145 34.2512355126636 35.7727439145546 35.643282563838
-9999 -9999 -9999 -9999 -9999 29.5822439685733 30.8326983125438 28.1578878268763 28.5686885398021 25.701478196912 25.5138243373772 25.4588937705646 29.1136027983682 30.8093328633676 30.9194864098817 32.4219921355896 39.2821862428752 57.9961994579032 121.732066548136 106.241879152648 42.2944733425832 35.8624426681094 38.7974498654768 30.4766518817921 32.0486374410125 30.0919427673008 28.4400101463505 29.8788105046974 31.0655507709432 30.9583465903324 33.1396434827234 31.254652108977 28.181569041796 31.3003922188792 31.8831990212044 32.6783706654728 32.6776706878564 33.1927182192506 32.0901762469991 34.4505614607149 34.9230267736256 36.0723645885212 38.654038669838 34.425959477537 35.554959408668 34.2867036861748
-9999 -9999 -9999 -9999 -9999 28.8332015098726 27.7630144065535 29.500334905908 30.2028645145061 26.8709904920687 25.5425982575561 25.5229735821173 27.1059399327414 30.5532573813432 30.799645013834 30.9637745807346 30.8213790412156 30.9806454318512 31.054663900228 30.9301131696373 31.3389231662699 31.7724914332381 27.0010978848552 25.7960828438156 26.3229091334509 24.8902374177828 26.009986480145 28.723377084511 28.6612131605648 31.6750129715002 32.342810088125 32.1410605139599 33.3121433444462 33.3682928116281 31.5768756603354 32.7640486091347 32.8845641959379 33.4144629960249 32.7434075609474 34.921891657764 32.5845970091523 38.4948152346975 35.1755468592289 31.3873656106963 33.1945893400546 33.5113146192579
-9999 -9999 -9999 -9999 -9999 26.6092821622386 25.9447743449202 27.1959802079645 26.0025021471454 29.3494102145234 26.1192190635741 26.4147874715236 27.0344431042367 28.8000158347555 30.7565582441795 31.1618047586156 31.0073190228417 31.0085106266839 30.975996767737 29.7906232250688 28.8172726086444 31.4149813927945 27.5787275131751 26.2311904522972 26.6696036104553 25.815126541014 26.5780653368214 29.4419364574323 30.3446569773222 32.1053703127814 32.1830114703824 32.3651704590661 31.7407140015715 30.2049727105149 29.9328371008759 33.2475903056199 33.3273040117282 33.783859451149 34.2169754492484 31.6015093974931 31.6088030507655 33.064242766438 42.418024467856 42.4369283689963 37.5073197149769 34.5512735004796
-9999 -9999 -9999 -9999 -9999 27.7160582441248 25.6834700925912 28.7895325561607 27.944522639415 26.8297632008517 30.8603057378804 31.066399110293 29.3521377940622 30.5982511733168 30.7603492965631 30.8540329043986 30.8951158600382 30.8369510449262 27.6166136178072 26.1003511072519 28.3836961830638 31.3254961087238 29.4618658537028 30.7625640387715 27.414370641375 27.826838738566 28.2415310573467 27.7119912055491 27.1424223845295 29.5540290568018 32.1738106020532 31.9171946336642 28.0841507683397 29.2540446853701 28.9101685648005 33.8878016567216 33.0347713540649 33.5330690855697 35.4759782485436 34.8909604295716 34.4899953127028 33.9925930264592 34.5841982131852 37.5839465598652 41.84239897366 43.4202096070268
-9999 -9999 -9999 -9999 -9999 29.7460836048624 27.7077086632276 30.4581553823772 30.7030131411943 28.634301245199 31.101645223171 30.5120353801854 26.9446521579224 28.8357688509213 30.7594136272355 30.8341851461018 30.5300766005551 30.9786104081788 28.1158421136036 29.1043507805971 30.1578673524974 33.1274680004089 32.8229976687213 29.4229257666468 28.8440751572565 29.5077252525054 30.8492686096731 28.4213033431871 28.677362058073 27.6276337776032 29.3338256870686 32.1944634740078 33.8634541153421 33.2193385000311 29.0467989254546 31.2977090673474 35.0840042530368 34.8302799948188 36.1469272191761 35.1642205113366 34.8200038621992 34.3798682545103 34.0810262422363 38.3525367213468 35.5144513515213 35.5564671258215
-9999 -9999 -9999 -9999 -9999 30.7845923949094 30.732898550709 30.7354059971031 31.0115445950377 31.0678012029824 30.8350730560226 30.7667184787182 29.620199831265 27.9641527795332 30.0206706098554 30.8517662308469 30.8779537587244 30.8658522978865 31.0254180672999 31.6815299873665 33.205241611282 34.4932295463252 31.5504158542913 28.4292594650719 28.0426821735978 28.4009156890199 32.2352932342994 31.1828959737211 29.1950721039337 29.5142658069013 29.8647518924256 32.1972634061819 33.3492472629704 32.6942181298589 32.8782168965804 34.8963084555338 34.9654144913828 35.2363783630398 35.5165692291832 35.5326858624157 35.0491893477331 34.5378172618722 33.8726558005096 33.4840443967989 34.8947382278053 36.1636222414532
-9999 -9999 -9999 -9999 -9999 30.881645831941 30.7736290679912 30.8667584031301 31.0223052913622 30.9837391613894 30.7895465112198 30.7988291934353 30.5659164112835 29.2139992486005 27.3555069614604 30.5074545526525 30.9815438362969 31.4979116636268 32.0939970325146 31.4711107697314 33.0298805293393 33.942064863859 32.9950858666031 28.5002709838111 29.611221182804 29.3894623257789 28.8317030695853 31.3976871934715 28.3368347892154 28.2878583300439 31.7107233146394 31.5302233735664 32.5742327164892 32.0147477025811 32.7770318609781 33.7619403315272 34.1296726554922 35.1356125867301 32.2939068379877 32.6662003403964 35.1414676181135 35.0379624045752 34.3886838245754 33.6812264597946 34.2766818803752 38.7872979575067
-9999 -9999 -9999 -9999 -9999 30.7621457043192 30.9080014333328 30.8781127237276 30.8840779339385 30.9702684678453 30.8208002520491 30.7672934222788 30.560312810997 28.1748348649875 26.2048443680925 29.8443697105618 31.4019815080038 32.050292592039 32.2485581755449 32.1211585881048 33.8039337298391 34.385982183084 33.7759393515498 32.7777549194695 29.6162702079763 30.7583669337066 29.9001625869212 29.9965195012768 29.2465544004026 31.0177248857079 36.3845190786806 31.6529811057817 28.7864670253248 33.1459001513369 34.224691584205 34.2763294868693 34.063344143509 33.7342256765033 32.096988238869 32.2819207068512 34.7121098668129 35.0028894521137 35.1853284789861 34.3500570530106 33.6803542586949 33.9731591650642
-9999 -9999 -9999 -9999 -9999 30.832343045299 30.8749199917236 30.8989469901904 30.8689575314879 30.8269943419614 30.8286536405163 30.7933199028705 30.7417049220537 27.0840685190556 25.430155722796 30.1754196480291 30.8029061962584 31.0196082037956 31.8767048034333 30.7067632622316 29.791981273561 33.1291306657413 32.9623978935042 30.6126212808689 28.2852467670874 31.2325087428346 29.6852929702172 30.9466908834678 30.998227953482 29.8202216082076 36.0756983115257 33.6394717279999 30.7488451071687 32.8484669063716 35.9701236362822 33.8067883086033 38.298915469593 32.9185535013493 32.9077715007235 34.7074994845366 33.5850688490688 35.62939477765 35.1753417243184 34.5193663769061 33.9025702459161 33.6719803159947
-9999 -9999 -9999 -9999 -9999 27.8741302106252 30.5269192956924 30.8924349398433 30.8696283379428 30.7941592156948 30.7477761977874 30.7592614048857 30.762058815215 28.1950000831971 28.2163356886451 30.2787800535298 30.9135629611216 30.756264743064 32.1798475658313 31.3260507763112 31.0652463625947 32.1848328788527 33.405129165178 30.9985008710124 29.3531740392624 29.6593687463984 30.0101985379687 32.1658720642975 33.299367962739 35.0503475787681 37.2291106603114 36.7852149113485 33.8833675848414 31.5181436970727 36.4735320147788 32.4826375025803 33.9440793473253 33.3582559404644 32.7565181026467 33.679356146552 32.1101855057467 37.4844077420763 34.6917019989057 33.907958720851 34.2909025305727 35.4063798149075
-9999 -9999 -9999 -9999 -9999 30.8795203896393 30.878812023623 30.8851861129111 30.8878273519271 28.6562018305686 30.7003063187849 30.7731225720948 30.7550487107787 30.8519518884194 30.2241711174413 29.66445982036 30.3004355598635 30.5039116909255 29.2140272707264 29.1359641077484 31.2945531506268 31.4074220443835 29.7875435697984 30.3974066760965 29.7767476630542 30.9027519895008 31.6771341401984 33.5975493917828 34.2157757277103 33.9462836057564 37.5132439102207 36.0708206478244 36.676414326658 34.0702100228676 30.9824993892131 32.5168038007714 32.1548798798164 31.8827119790842 33.065442054522 38.9527864724389 35.4312618377628 33.2995039985376 37.0066685326878 34.6368051044496 33.9122043763009 34.3314912127659
-9999 -9999 -9999 -9999 -9999 30.1843447251597 30.3956114388961 29.9903282805392 30.9465592059806 31.0769349541208 31.0130365820062 30.779402486502 30.3685719795927 29.4909869558274 29.0777138780774 28.6099012733249 28.5043278305963 28.1970852400813 29.0923682709143 26.6306751349374 26.3952362363133 30.5215267123898 29.8148356796213 31.1969519892068 32.5534021994589 32.36860260498 34.152220491081 34.0277906482357 34.4155222639616 34.4509462662005 35.4525072865782 36.2633550911174 33.0607697160584 37.0427430231093 37.3227368438704 35.2479060596743 32.4412135738387 30.8242503336461 32.638532359009 33.138445040567 36.2895390938856 33.6740128277495 34.5405260239316 36.1051398113726 34.1595655591028 33.9387279128605
-9999 -9999 -9999 -9999 -9999 31.3892142628908 29.8034256675822 31.3463387590275 31.0302387858861 31.0396781394651 31.0214655034116 30.7377442532106 29.4001487455242 25.4718711678768 28.9377006166564 29.7254797756514 28.9003207001665 26.809943190533 29.8205347545344 29.7811175531999 29.6768043914209 31.4922248659148 31.7799408893818 32.4877569496827 32.8142280388618 34.1613164223482 33.9658729396044 34.1167599888353 34.667716800551 33.7370317266066 33.340676314631 35.8468964084346 34.7116633769194 38.2190320067699 36.8668997981814 37.1717070037302 33.5201242276875 34.87271772771 33.458993348193 38.8697538078299 34.0835662594286 38.4331028856851 33.185217164741 35.4165246740419 41.0979457916789 34.4912937127683
-9999 -9999 -9999 -9999 -9999 30.9367121082722 31.0317029958334 31.1281256474068 31.035435073613 31.0433590085301 29.9349781349675 27.2127117872853 26.1280337414836 27.5584816934273 28.5470254454517 30.1695367590614 30.5897146262248 26.3300826840714 28.1624753327938 29.5104680118459 28.7072246541447 29.1434089896297 28.8547119005491 30.9128023720877 34.2395650799364 34.5597478449496 33.8767134656125 33.6252612987739 34.5211029145134 33.8571612778781 32.4635125454392 32.1982750605901 35.8182002722837 35.8405174327173 34.4099721018036 35.6748052542177 32.1904582025147 34.4549749296715 32.1002879968266 36.6621525886675 36.275533746397 32.3740013598759 33.9646929753335 35.706919211076 40.4705910279962 38.3001608038389
-9999 -9999 -9999 -9999 -9999 29.9726854859981 30.8805898810428 30.4392612014158 28.0511175581299 30.8274645398791 30.897588849911 30.2191926070212 29.1505777304199 30.3802490603705 30.879939754303 28.0233251712674 27.350453383128 30.2470262529385 30.7009900314456 30.4668211796903 27.8313305651176 28.8374020022846 27.4815892015738 26.7736924716205 34.0383427410296 34.4045938981144 34.5540319965154 34.6268420658528 33.95113419496 34.0433145566492 31.9094766009027 31.6516819582454 35.317122325877 38.8480965899225 35.2622829808878 33.2800755884599 33.0247051228022 34.2284188415189 33.9671497868187 33.9456879270313 35.9177527442367 36.4046730038868 36.3937330216533 36.2422292240051 36.6718729438227 38.4170405810946
-9999 -9999 -9999 -9999 -9999 27.0387667865387 30.8291995474872 30.9851488935344 30.9420326721884 30.1762776946468 30.9598410724806 31.204661377823 31.2110820706628 30.8212049239925 30.8485945492822 30.6379163305517 27.8361804945735 30.7827593671746 30.4587368765151 29.4431489832918 29.6764929398974 30.5841647357519 31.9567536384335 30.1123342079835 32.871999873648 32.9335612423913 33.3665659240908 33.5851614657365 34.0540554792149 35.5495679090436 32.0476797043532 31.8403153832215 33.931567107165 36.2119906794776 33.1901751180697 34.6511365572851 36.4289463981167 34.5699001098772 32.9007692361143 33.9923310190113 36.0602403513283 33.8876847080565 36.0319397974533 35.0738759628157 35.7566407644632 36.8499633082418
-9999 -9999 -9999 -9999 -9999 -9999 29.434059436619 31.4036519078009 31.1386740984898 30.4664708160588 30.4870887353402 30.9356455013426 30.9840319171545 27.8544892323129 27.8518803066987 29.3444973813531 29.5965541846735 27.8874713866604 31.1426808919548 29.5423933729406 28.3834387051435 28.406797199344 30.7585910353346 31.1507782053663 30.944558574593 31.4620174516733 31.3824942275512 31.4707141412715 33.1278049579048 36.5799388972305 34.5349782732847 32.9675173476708 36.6312712669733 37.6013767729194 34.4939687328945 33.0454506198001 34.6598004437164 34.8475460668247 33.9894155666378 34.6206045443587 37.2250093352521 39.8535542217871 39.2444538557255 34.3105004065246 34.6383781647953 35.1279976203824
-9999 -9999 -9999 -9999 -9999 -9999 -9999 31.4688620087108 31.4320930689346 30.6833345876825 31.0861394851796 31.0663580643902 31.0123429042208 30.8274498104729 30.8625292613507 29.0171806740383 29.5159589457151 31.1738009889388 30.5962651581128 30.9991400036663 28.5971648507388 27.5601580159996 27.5355666556739 29.6007028750689 32.3961105906823 31.3936336485131 30.0290317447577 28.704060907584 31.4565245815592 33.3986821731325 37.4432881350974 35.9675401414732 36.9706897076303 37.9289167064039 37.1072233456164 37.0860117783532 33.5534451347427 33.7075385837645 37.5116518474575 36.3872384240959 36.6997618155023 37.9647131498386 40.7947118360019 34.0590256096348 33.5461541349407 34.4737452639145
-9999 -9999 -9999 -9999 -9999 -9999 -9999 -9999 32.2517535216342 31.5570456279187 31.631199998699 31.1732229492441 31.0379846996571 31.0872947983186 31.1444328059171 30.9581912043991 30.5375442363031 31.013772487908 30.0891604999396 31.0179220591033 30.1989907916052 32.4474180319531 32.7043608186796 30.2447655561835 33.9570172918802 32.1693428046872 30.052423228301 29.9391755107244 31.4958455942832 33.2969496157612 37.4927098271223 37.2372539942944 37.0696730699381 36.7768990167009 37.521543847948 38.6035432016921 37.1817643008197 36.3800925586073 38.4487855102337 38.4393340307828 38.5999769318357 37.6250373627567 37.5326023124498 37.9734817654562 35.7570785780232 35.8788148023302
-9999 -9999 -9999 -9999 -9999 -9999 -9999 -9999 -9999 31.7240972792371 31.6983722176407 31.3554396977012 31.2227007124581 31.029239404988 31.0651966014358 30.9801496888461 31.1373615732914 31.1345443439762 31.122235923435 31.3181932843409 31.3095601753481 32.3057934157181 35.4148590124438 33.6019155528415 32.1681807836291 33.0022384026873 32.9341758918411 32.602633733598 32.4519121157081 33.0083575741572 35.2716518073853 39.9301068290108 41.516062218793 41.6075379061108 38.2733972286319 37.7959569810305 37.9815875408121 37.2897011952876 38.5780129831194 39.3648336550879 38.3394531442054 37.5503996038352 36.7952790878761 36.7879831000825 39.4371523768144 38.6623326990003
