IBR/IBR_outputs/all.combrep_1/FireFreq_2000_2008_Total.Silt_Total/FireFreq_2000_2008_Total.Silt_Total.asc
NCOLS 160 
NROWS 95 
XLLCORNER 210004.651214014 
YLLCORNER 7350008.22228844 
CELLSIZE 4999.99999999997 
NODATA_value -9999 
[rows 42 to 62 of 95, columns 0 to 45 of 160]
-9999 -9999 -9999 -9999 -9999 -9999 -9999 -9999 -9999 -9999 -9999 -9999 -9999 -9999 -9999 -9999 -9999 -9999 -9999 -9999 -9999 30.9165168079164 30.7197208820035 30.853428236715 31.338239589173 30.9631364490195 30.8779651047941 26.041267932826 27.6807220471965 23.992534285435 24.9773445897004 30.461890085565 47.384664858898 66.4497016083317 41.893035809897 33.4447471622886 32.1047638119355 32.9922146424239 31.7204435004506 36.1414835086308 32.3389305700115 35.0477535320731 32.0944195420791 35.8593956042864 33.8625621389805 44.9834637890688
-9999 -9999 -9999 -9999 -9999 -9999 -9999 -9999 -9999 -9999 -9999 -9999 -9999 -9999 -9999 -9999 -9999 -9999 30.74428522727 30.7125058772757 30.7783256977187 30.7873915583809 30.8189816315677 31.8386150167036 34.4511805194939 31.3413676492468 30.2471804821533 24.8062275582336 25.2452623289033 24.639673535197 24.7711269151733 30.7516200374459 40.8590478259808 37.9249356575115 32.9055814666579 33.1158566300243 30.0498172620249 35.537141203351 36.8536880640417 32.9932735003143 33.4261047141936 36.6466894925082 31.0886042374796 33.774810595849 35.2520551273923 45.419095239186
-9999 -9999 -9999 -9999 -9999 -9999 -9999 -9999 -9999 -9999 -9999 -9999 -9999 -9999 -9999 30.9656749590195 30.8207351039939 30.8969288741951 30.7059380613727 30.8487439917762 30.6827364133732 30.7936111760925 30.9656034142915 38.2262775592862 39.0689040379809 34.7028346432291 28.536887616686 26.0535388575786 25.7927874679804 34.0472696850098 31.0645916771225 32.0786116901278 57.694321142494 33.6530354940775 29.2155976571846 31.2103548302191 33.4423872475356 53.9055271811681 34.9300445265632 32.8383848717143 36.9915751894691 38.9015553774521 30.664290267166 32.4331097432596 33.3642710909683 33.3261853428132
-9999 -9999 -9999 -9999 -9999 -9999 -9999 -9999 -9999 -9999 -9999 -9999 -9999 30.806771943824 30.8951152565592 30.9550204848592 30.8420139408362 30.9167013622195 30.8066630417849 30.7705492466252 30.7857259580136 30.7282059629387 31.3676381499602 37.0962596976323 67.87898872915 60.1487449476013 28.1260633655632 27.0785663578244 29.2263406778285 33.0534340395014 39.1531516354264 33.1223030306632 30.7986032257838 31.9553691193056 29.2840985685265 29.3431852989154 38.5200631894398 45.6160229331557 37.3375097716305 38.4052325389489 35.3384282602024 30.6782838824563 31.9660396052489 31.9035228535694 30.5355421424004 29.3260618490468
-9999 -9999 -9999 -9999 -9999 -9999 -9999 -9999 -9999 -9999 -9999 -9999 30.8294324105988 30.8481021465764 29.1136448556139 28.4186010888502 31.0332137476793 30.8017578204882 30.7456674730325 30.7255469520193 28.975380267544 29.527604755422 30.7007596684654 35.3882222744426 57.581235001709 57.7213142285647 30.0350439294167 24.1901956874805 33.9691778258261 38.7766975407756 41.1603542546827 40.6910978817396 31.6169409527659 31.083722817404 31.7647582258407 30.174802987435 35.5091649519097 45.9557222563406 37.6099075056142 32.3289783417801 32.1120211178085 34.1402519959398 36.9605009460671 33.1452753912041 30.7734856070654 30.8547787931504
-9999 -9999 -9999 -9999 -9999 -9999 -9999 -9999 -9999 -9999 30.9309550284835 30.9627071223582 31.0798030264098 30.9297897356031 29.8074209633686 26.6416888154366 38.0876502594162 32.2918580983718 30.7579539015596 30.0719738643575 29.2261213150836 30.7130102353499 29.5364044490491 30.9404424822761 35.6018226038547 49.5672393395531 30.7059897264244 28.8966670411231 23.7650047282426 38.447261571748 40.0408931449042 43.1942444910955 31.1909475711957 30.8825859995885 31.3401768944554 29.93714125473 32.0318640237283 40.5253160257125 36.6801086848723 28.721293494203 33.1276417966787 30.8772285926358 34.1518397876151 37.75671865834 29.2062287506884 31.8694253454521
-9999 -9999 -9999 -9999 -9999 -9999 -9999 -9999 -9999 30.8735567493734 30.9159207868754 30.8828621129034 30.9001246037555 31.0175752654109 30.9719826134457 39.6168065502763 68.1855612829342 60.5938987066027 31.3616159332864 29.9332048271747 28.3454753005348 30.8623689190722 30.8632456168424 30.8854202456251 31.0493771464637 35.7474178554288 33.2173833696785 25.6463494258484 23.6126397236285 33.1312069268759 33.6408578062743 31.4604200098124 30.4501252370806 30.6060113564377 32.7509798227216 29.2963968794127 32.048540757715 33.9822122742977 33.6069369958493 32.975745906122 34.2355305510541 30.7856776862974 29.7377866742451 31.7307032543176 32.7614469965399 28.8556075070383
-9999 -9999 -9999 -9999 -9999 -9999 -9999 -9999 -9999 30.8559841615674 30.9201357155975 30.8118474488853 30.9188231389604 30.9438305224669 30.7934917979769 33.0529734075666 108.07909613883 84.7292083179842 41.8081887176367 30.0513327046386 30.7389299308788 30.8472140696817 30.8590847754987 30.8780464986699 30.885408204539 31.2246991987714 43.1686974484104 28.1483017886984 25.7318082191999 29.3950602977826 29.931299315321 29.9261138216898 29.3795139435283 30.0797960756827 31.9354250488994 32.4515421070057 31.0755849714583 30.0394630512664 34.4073262491247 32.9467843848753 31.6350038060573 31.6876863839176 29.2806044095659 30.0093521909156 29.8646468549201 33.5596087273919
-9999 -9999 -9999 -9999 -9999 -9999 -9999 -9999 30.9854108731433 30.9512090906429 30.882960740208 30.765049031788 31.0664486074781 30.9707571956289 36.8876140141133 178.912889850303 261.586440921792 102.562686286299 60.8024326563412 32.8830150705799 30.9562346413042 30.7391801695619 30.816986404736 30.8621504869835 30.5352454903101 30.6517879020143 29.6019887948047 36.2807899095678 27.4655816304603 26.8556457108872 28.4363165337407 31.1004557068769 32.0808984096967 33.1162435078868 30.4183957766057 29.3114672253173 32.777090488225 29.6739275298167 33.2692490001536 34.1072415127744 34.6149061038662 30.9619033526695 29.864009980388 29.1909283658693 29.1535116473788 29.2758626866572
-9999 -9999 -9999 -9999 -9999 -9999 -9999 -9999 30.9672204907317 30.9102243188081 30.8094505418723 30.8375659297457 30.8771893204056 31.3547447336961 54.5033533915761 266.88405562395 256.426901606812 74.3038128107223 75.0778311135012 43.371260844533 34.9494563351491 30.8933193223419 28.2645066470479 26.5231713200865 25.9852580758955 28.1807652336281 28.5692058212879 29.2089079561143 30.0910531232354 33.7083632278598 29.2762941528545 28.7504218917623 29.1668045345944 28.8938066145955 30.4376356706722 29.2178818324698 32.9141095123235 32.4073860062051 32.2615077802397 34.2675513239653 35.1437951106344 30.7307842419481 32.5922521853738 30.0927053534321 28.5941980598401 29.2321641572706
-9999 -9999 -9999 -9999 -9999 -9999 -9999 30.9757897982049 30.9321164341323 30.8113138645987 30.7856474574651 30.8732445247977 32.313144309812 43.9711219048467 33.2372790010634 74.1145443816395 222.206751067166 98.3416018995752 60.7687629119654 48.3980682061679 31.1324360832061 29.31250149679 27.2007912829198 28.42063703156 28.0094290329965 30.196068552427 27.9220267484784 25.8493487995322 29.2715759537415 34.3438919071019 34.0091691482897 31.0691237902659 28.3319654017409 31.381671654429 32.2471338332267 36.4618659107518 29.5847897158119 33.5377269864815 32.5106598986503 34.5530281351881 32.2528032604619 32.8417453544122 30.7714213565128 29.522968567875 31.0295962661105 29.7836875400097
-9999 -9999 -9999 -9999 -9999 -9999 30.9449437634576 30.9293756976709 30.9251123290663 30.7962350998151 30.7103029343946 32.7219029309852 38.2174055632319 48.3194396816009 38.9680743357158 35.654903466454 131.014084040893 147.743477078043 65.3414538076368 53.2195594530903 28.0328263430145 26.4329142323111 26.9489608448831 30.6635724973408 29.7179369756089 27.1915556671615 27.6897150569162 29.1877849491605 32.3339288112348 30.8915203641426 31.5911554830086 28.5670851115757 29.217937920625 28.8233897038612 31.5673487974901 29.1713309999477 28.9583743913241 25.7502506273946 31.3152961634583 33.4275111123919 32.5985884172296 32.6111285586828 30.6527469913553 29.8719535108451 30.708999801309 30.4357565689108
-9999 -9999 -9999 -9999 -9999 -9999 30.9436636549602 30.8663760236966 30.88503198697 30.8424224604466 30.7709559959313 41.8966696844613 39.324081252626 47.3147893584435 41.7607090008961 39.1881776695312 58.1222467816942 116.465699033464 67.0073121245158 113.201404002539 36.2487351065819 25.7752793010966 29.0265286846546 27.9196781001307 28.7709110617146 28.1130094810132 27.7005246815492 28.9997421776316 29.9782308307087 28.9377720966137 31.4862501292113 27.2234078609675 31.4659571863056 31.0535996580685 32.4937830244802 29.5909591143477 28.5582576940375 32.4544957158776 34.4381093021356 34.6225340723927 35.4691998280777 35.2484253240204 32.1997852833177 31.0260252144556 30.364039770586 30.0631415310467
-9999 -9999 -9999 -9999 -9999 30.8107414863834 30.9186737077984 30.7831121447293 30.4116517360395 30.1756598249193 30.1647194145044 44.3381466965475 59.3417273814755 77.4112034829649 55.9350690164927 36.3941030226198 73.3291222506894 88.0383817760397 91.5325519764705 105.238131838278 34.03146025134 26.5486797621787 27.054480262771 29.6441667466513 27.9358935385549 29.6905720790139 28.2092743803653 29.403176450748 27.4450116114189 28.8211637165148 32.9709469018876 27.8779966516101 30.7354694916387 29.49250868319 32.1204918654436 32.3908341252893 30.8047810228258 35.8267597742915 35.2227264404178 36.4492700314942 32.3936323738961 33.1072588029277 33.3472972790646 31.7837893539597 32.0015048908223 30.1114334513921
-9999 -9999 -9999 -9999 -9999 30.8999864791047 30.8970484498471 30.8987920972161 29.2118496663231 27.9384124889193 30.4225132847239 34.9346541543979 54.8121306020892 73.8067615714535 65.4078234133161 64.5021722763252 72.7304079346284 241.794337310878 157.553626260084 112.888960095619 37.6954892101135 25.8022605497349 28.6301962675061 27.4914295790219 25.8126327976068 25.7454376984832 27.7973257880936 27.2091115102368 30.1885139566514 30.596056849001 32.5051643619587 32.4957446923522 32.3267258162299 38.1940241856191 31.8916482248564 32.1567226029464 31.5280484824634 36.8631665590634 38.6521497375312 35.4235682348249 32.6265315671138 35.0990539998055 31.7370015419936 32.3933939164831 31.0049841611042 31.2501461711172
-9999 -9999 -9999 -9999 -9999 30.9165456753516 30.8603604802594 30.804797024227 27.2754028728635 26.5682885729091 28.4953440452411 39.2000851433809 54.2404106351467 81.0380523509745 79.4687873847061 117.525147779936 183.107357110821 243.398203958535 191.122323628496 138.260640737556 35.7455009355296 27.3992574284755 26.4410021788798 27.7002351616855 26.591069277922 26.154621110794 26.1369401689285 28.3397614506073 28.6455021414059 30.5618603287505 34.297096552524 32.5721534938215 32.8353040110006 34.5648974220329 33.5080779717547 33.8717337491913 35.280019831782 36.0041177771665 34.7863536303913 29.2579975581306 29.2419517186111 32.9445568403471 33.0606993204913 35.8477987155484 35.4451314539582 30.8225651016826
-9999 -9999 -9999 -9999 -9999 30.948228843396 30.8959395386245 28.5766787858533 27.0174061619556 34.3116797311735 33.1795145500438 54.6308319695193 55.1317768413547 96.8952731195042 118.694920137939 121.404453244965 154.27262127636 275.219129190464 294.036412650762 357.631556350282 73.8026022900435 31.8611215712601 29.1845171484201 26.643813985384 26.2091136894168 25.7059101780219 26.0996991117524 28.8344389359868 29.8342886712062 31.3425953346931 33.6600384482259 32.3959131549377 33.4423738276172 32.4402179708378 32.5194505393253 30.8441069802722 33.8246806530392 36.7035414320256 34.2696623353498 30.4662197956807 30.2556173384948 29.8282965742942 35.8661061233492 38.3134487023581 39.6206507979381 31.8310504739402
-9999 -9999 -9999 -9999 -9999 30.9298154200457 30.9138327547399 26.4117729214875 39.6311567086606 54.5596691866404 46.2760258256019 49.6314708747743 57.4726766217842 61.3370075561254 74.4454303358928 93.8192728207463 120.654482302117 240.824082148582 312.886359357444 539.76492989216 549.026952570736 33.1105939398318 27.466846198942 27.3702765236533 28.2368071569888 27.2593296141452 26.4370163736516 29.130341734295 31.0500897082196 31.117755424241 30.4868115282896 32.3976068797566 33.0881493385496 31.3621697403318 28.7059846007552 28.24193238173 28.1449342529985 31.2952498055477 28.3046580664688 29.5240736951076 33.7223253457283 33.0843763274447 35.163228487132 35.4585745324371 34.6561809835411 33.7990039322746
-9999 -9999 -9999 -9999 -9999 31.0233726277076 30.8540947520322 29.2370132116019 40.8023802105044 62.4066141527936 58.9515502249319 68.5880254284019 64.5667301908945 58.1047778979767 112.762169800829 116.136216766344 154.820587234999 204.204673762748 225.977007642129 251.384249400189 402.060657891234 34.2316865378367 27.3052491565728 29.9234248112717 30.9785156174811 29.4290844851102 26.757813464469 29.7649689467178 33.2521967864614 29.5283726839609 29.9334824352211 30.7231613607354 32.647185496027 30.1036004962955 27.0148820352457 25.3003822320033 28.2035431657139 26.183857704581 30.4718698076706 34.4029477413881 39.421767086484 36.7454255216093 33.9811876260667 33.2873309968827 33.2022211912487 32.5322919396415
-9999 -9999 -9999 -9999 -9999 30.9369230785538 30.7975504175041 31.6539656114448 39.9333143708839 63.2863682016413 211.846770709757 155.128963683189 91.9021430377007 200.242525422338 86.2832363722382 76.0968909929466 153.255067374113 121.429702066575 188.663774709142 189.388395678322 198.36525216869 34.804736808459 28.5625955681561 26.9190417277928 28.4107883228607 31.167891579166 28.6805286115366 27.8908081195555 29.7762468797903 32.5649861598798 32.2356348796461 30.2912804309158 30.2757394371247 31.3312180644028 27.2003426334532 29.0508363061665 32.0973653574448 30.2599302148935 33.9425447596992 32.7981228928036 32.9191435010935 34.3952307416499 35.882309778285 33.8045637923823 32.3738354847953 33.9963415327854
-9999 -9999 -9999 -9999 -9999 30.9100516263616 30.9642403590287 41.7427775137001 42.4020694158912 33.8203443780371 52.4977329313375 78.6499948453357 114.946937255083 109.993981497034 199.88740543415 82.0838331081247 169.346246608686 368.396634753508 459.553290347449 317.614690761682 206.218787340064 35.6919931047357 30.3306538777613 27.6169083628649 30.8752762429784 32.3901571881458 30.7744520111923 30.0494748606596 29.7190512968668 33.0728370472721 32.4437534230697 30.6429093929201 31.8975862481172 28.6424898576599 27.8664492039 30.9521240887698 32.8587729711234 32.9444288481195 31.8427739456401 31.263453480815 31.5985047322794 32.3954654683349 33.2392089213006 31.5405156597496 34.6407877548281 34.7217369156608
