0,21.6467874026052,21.82320465992,23.8676460799571,29.3955203803175,27.8671847773345,31.3907085245119,28.1211786574491,55.6675955821354,56.0309100483968,87.060177664356,52.6426726651997,53.3321106513431,52.4822365754086,57.3492183265104,61.8112578381061,50.3981334191624,55.0728936145071,53.2149851187598,50.8984706485897,43.2234788198575,42.9474937930371,42.3756595571949,59.1119478475964,99.2746618209765,104.049157573295,57.6709246408175,58.019305773545,52.3412976338398,48.6815214990627,49.0547171104334,53.1816122472194,78.7938415941758,42.4338954034198,67.4682552833171,63.3831108745146,51.2223313960212,79.7343666313964,82.9607345247357,81.0811334259146,75.7678639253338,76.2033334085955,76.1551338043314,76.3240026011794,82.0243202493286,81.7717746162423,87.1781866065842,81.4667038888413,86.7757030485192,81.75645009936,82.9414981456493,48.7156978697582,47.7986447272749,48.7936374992884,47.0858252226942,49.3562460927965,47.3668583170282,47.7146653197766,35.2590750611277,39.7489033649833,39.7065796109039,38.2905612091033,37.062786586698,79.1798919355223,39.0704782321726,53.6489840486402,96.0659422960063,97.8367277856991,93.410489690141,88.8020768106715,79.6919814680352,78.6380819439486,81.9341114981697,81.2055455803543,79.6276621676849,56.9239734926476,65.7857287397018,64.3433102063536,43.2079383413313,41.0441267941115,49.6843409816965
21.6467874026052,0,23.6561172760667,21.3782018403967,23.8817610223107,28.3253729859369,31.3891928045503,26.6056599046283,54.82470128794,55.1919572994291,87.0649112236722,51.8271633239667,52.5096873606625,51.6558564914026,57.5845980004659,61.9906835503353,50.0495323657221,54.7614684690613,52.8672595614018,50.5913207392017,43.6586965379293,43.4263250308906,42.867952191542,58.8997071985649,99.4228066439163,104.176662322647,57.3221431020832,57.7130629241139,52.6556783648991,47.8345610606792,48.2013257897344,52.3523450789677,78.9358171178156,42.9490345560433,67.6252954796309,63.5424836882624,50.4235493440366,79.7672320923001,82.9965701567702,81.1147314129566,75.7849170227941,76.2197846392733,76.169262227408,76.3376194356935,82.0423806752164,81.7953612618884,87.1983241523156,81.4879489784943,86.7966441809367,81.7767190361501,82.9675564416664,48.6566601547875,47.7620822273541,48.7799580422226,46.9282235482404,49.5205156576949,47.52567186588,47.8376844319881,35.8237506392479,40.3446070280747,40.3954769986834,39.0172429430019,37.915006297286,78.7491986461717,38.3964461861621,53.1666664855211,96.1259319524361,97.9006754323962,93.472842475768,88.8625352025531,79.6960352513034,78.6423974113191,81.9478635927535,81.2200785040551,79.6217362806342,56.7481802281046,65.6258956419041,64.3492816465436,43.3106560956831,41.9402724896469,48.7879544536736
21.82320465992,23.6561172760667,0,28.7904452215019,31.3816986507383,21.452749643225,27.4092222284948,23.0497932568079,55.6009890044183,55.954719816637,86.6426036484241,52.6606279053483,53.3438869749673,52.4605279886641,57.0185378834982,61.425921051319,50.9071469511827,55.5704550780509,53.7121263717331,51.4056428744213,43.723789361092,43.3000097916712,42.7925215225425,58.5086336806834,98.9933795517997,103.744850992216,57.0564013787395,57.3961003704871,52.1711634628263,48.2741287004371,48.6345008585009,52.8995728402793,78.484226450634,42.6194595567739,67.0522104682465,62.9591911801419,51.2820413536046,79.3345953775831,82.5636983443231,80.6833751167196,75.353963089544,75.7896181394296,75.7389779254953,75.9080955020904,81.6154367703612,81.3672310532555,86.7716133193029,81.0601651780822,86.3700681358623,81.3494030934928,82.5390934760511,49.2570281326324,48.3585646759373,49.319786653744,47.6468648540344,49.7937294505711,47.8383357270975,48.2169700192796,33.5945078118462,40.3282881371409,40.2638814816849,38.9799345446023,37.7165951842292,79.5919181108129,37.5077939814256,52.8841933082181,95.6945075866744,97.468943700962,93.0411331069993,88.4308760565051,79.2712072233282,78.2171335176337,81.5217310116038,80.7934622791078,79.1991858113445,56.0919357138255,65.0047770871758,63.8532404501726,42.1567169699988,40.9650374013587,49.6006826241879
23.8676460799571,21.3782018403967,28.7904452215019,0,22.0530722636392,31.9355614709169,34.2081333189873,30.7460230553765,55.0831423064783,55.4600586022718,87.626344704778,51.9917822291077,52.6817080793778,51.8641601735753,58.0557124143071,62.5128343118236,49.6692105952181,54.3967690180117,52.5009800210689,50.2156034998669,43.3630426525931,43.2788277554691,42.6625736756637,59.6402412242965,99.8531580301068,104.628978300453,58.0845158767717,58.4793120400094,52.9799636197366,48.4543872390865,48.835741331627,52.8373120709529,79.3923033863506,42.9622519116059,68.1756324469194,64.0995259689908,50.5417298736905,80.3109637688352,83.5376706722217,81.6566176330565,76.3422666036257,76.7770083757068,76.7288106245286,76.8969801538365,82.5951946470986,82.3439459921511,87.7489431486189,82.0384650294188,87.3463740895639,82.3277518249564,83.5140731083777,48.2563141342591,47.3430572348529,48.3992161425503,46.4992502830325,49.245655514805,47.2162755804046,47.4933386344062,37.2569551444705,40.0080076369708,40.1025205833744,38.6114184846324,37.5781799674304,78.4781615416201,40.0286341862562,54.0797996594357,96.6426133151019,98.4138417084569,93.9875164061423,89.3789785412612,80.2603597860603,79.2068591913922,82.504075842308,81.7759746751514,80.1935742709072,57.6807478189518,66.5135992779117,64.9742390992293,44.3836910195389,42.2424681074863,49.0725960421888
29.3955203803175,23.8817610223107,31.3816986507383,22.0530722636392,0,33.5286427559215,35.3706748525311,31.4961354239628,55.1217779470787,55.5035284377149,88.5242338597192,52.0604219862606,52.742278798005,51.9208899793006,59.1726815718923,63.5741180998594,50.2864344016329,55.0523067030267,53.1172494895406,50.8773172627815,44.7866322573313,44.7088083389822,44.1188956878729,60.3256385199772,100.89677079691,105.651262909095,58.6395134472405,59.075476727978,54.1852984086675,48.5063699670385,48.8824213461888,52.8981980297414,80.4271884551253,44.3924816589419,69.2139470653472,65.1393290277652,50.629406776185,81.2366256305758,84.4663360419733,82.5831384540415,77.251985022706,77.6861799056991,77.6356115943429,77.8033231366563,83.5062706801227,83.2605491750589,88.6621534660912,82.9527131397651,88.260414043317,83.2410452890338,84.4331651759501,49.1890436421463,48.3043576691135,49.3760880786854,47.3322194563797,50.3880463924111,48.3604391474722,48.607665069526,38.5724457339487,41.5983205333644,41.7662299538087,40.3460990313465,39.4022932547152,78.9937690683463,40.434688786324,54.5193660618014,97.5960274727061,99.3712639972456,94.9433140644592,90.3328488216449,81.1573586877183,80.1040898582003,83.4108336363995,82.6834874165672,81.08061150217,58.4054216123529,67.2510238830587,65.8683574559007,45.3520829625655,43.9248108493003,49.0495318024623
27.8671847773345,28.3253729859369,21.452749643225,31.9355614709169,33.5286427559215,0,21.0207871061442,20.6698827694327,55.4316062441744,55.7757172135199,86.1035723099556,52.568423859223,53.2466214265279,52.3318885411004,56.5707350052814,60.9223270192951,51.2400572159413,55.8929068448878,54.0348490279906,51.7362604304176,44.0550532800721,43.5066578787515,43.0563391187277,57.7804889638551,98.5896197507125,103.318334966248,56.319281114615,56.6486345715696,51.8819767740601,47.776565935591,48.1250198418188,52.5223623665006,78.0530913366104,42.6812614864967,66.5174811979646,62.416665402806,51.2275938328097,78.8133558101447,82.0451813599975,80.1641212042559,74.8186449651494,75.2544783061902,75.2014080343753,75.370767683836,81.0850791124352,80.8411986347273,86.2435509894183,80.5321460186869,85.8429376207694,80.8208746298382,82.0151904259363,49.6136010411124,48.73059916821,49.6631672335781,48.0209818492399,50.0604458891628,48.1347132723212,48.5397254086649,31.7084409824635,40.7388794772445,40.6666040342717,39.4941528931722,38.2197516113945,79.8422942093695,35.6751301568883,51.9897909930505,95.2014026259907,96.9794674180143,92.5500956519865,87.9380071495357,78.7290024232454,77.6747573579968,80.9878890695805,80.2599193804095,78.649296202687,55.1155673624364,64.0846239806748,63.2414278878075,40.9395981941681,40.8622196679888,49.4219044995119
31.3907085245119,31.3891928045503,27.4092222284948,34.2081333189873,35.3706748525311,21.0207871061442,0,22.6289303465866,55.2902745721752,55.6248359257806,85.577852492533,52.4970420162909,53.1711840511586,52.2272447742305,56.1415563364631,60.4364236885164,51.5346471209106,56.1778205238603,54.320682835647,52.0281019934731,44.3476814905769,43.6954877588969,43.2948297689184,57.0618668384962,98.1978711397078,102.904169568276,55.5933148787415,55.9107629499724,51.6079946101749,47.322041173945,47.6596509929247,52.1820219936758,77.6351468180987,42.7467457802482,66.0001881077672,61.8917829845786,51.1901551706146,78.3054464170374,81.539977114591,79.658156074142,74.2967297555819,74.7327280952452,74.6772448526429,74.8468339248627,80.5680273316191,80.3284552813782,85.7287724951612,80.0174267084512,85.329081179076,80.3056429526722,81.5045640869129,49.9237673164696,49.0535028105616,49.9616459876274,48.3472385037789,50.2918693022291,48.3918970495073,48.8196126984301,29.8728447556975,41.1053968993106,41.0337504809237,39.9521961634177,38.6806778712322,80.0669535580065,33.6666614779408,51.0982998177666,94.7213478858874,96.5030126524363,92.0720947297343,87.4581916529423,78.2001605329046,77.145750313097,80.4673684377245,79.7397023006574,78.1127888186859,54.1278509099653,63.159107804804,62.6433292289746,39.6952696721758,40.8523468852585,49.2779977138192
28.1211786574491,26.6056599046283,23.0497932568079,30.7460230553765,31.4961354239628,20.6698827694327,22.6289303465866,0,54.272325169035,54.6197761918302,85.8072021559707,51.4368840716351,52.1087308744863,51.1893163951894,56.504903149918,60.8096157438445,50.5128063406226,55.1972239190977,53.3085139119081,51.043981620715,43.9839754559805,43.5102130912148,43.0532389844477,57.2880019292976,98.4160658936439,103.127925287024,55.6790511381689,56.0559173336631,51.859892423369,46.594160164659,46.9343283642751,51.3684181536596,77.8796850920906,42.7610306486153,66.3882824491721,62.2921912901971,50.1120754494717,78.5432539979335,81.777644390306,79.8943242277174,74.5347801883512,74.969913120282,74.9149094782964,75.08365175193,80.8010878781887,80.562162153423,85.9612568248423,80.2510481894045,85.5612891156763,80.5388386834838,81.7383217416642,49.1306462240254,48.2638782229442,49.2209639519833,47.4521337371948,49.7850373590136,47.8475938109178,48.2166005836236,32.7225665492523,40.7711245113156,40.7771569647808,39.5921709943022,38.4226571895141,79.045758413728,34.5472602323379,51.2064545875815,94.9538988753496,96.735379604165,92.3046561425763,87.6909563323846,78.4326673961586,77.3787488802436,80.7000625188396,79.9728697502242,78.3439766248844,54.7047127692164,63.6836206569307,62.9643147459337,40.9420722492799,41.375534498611,48.2121587937698
55.6675955821354,54.82470128794,55.6009890044183,55.0831423064783,55.1217779470787,55.4316062441744,55.2902745721752,54.272325169035,0,22.4577110500907,97.8107531164764,35.6636747031308,35.4795806455033,30.1526184623741,70.7329260128665,74.6800601527155,56.4222479213311,61.2577328944705,58.9838273355867,57.342772414727,58.3183717578133,58.2512686317132,57.8278872672011,67.963420882096,111.552752347423,116.114264507555,64.7052721370242,65.7703167613449,66.3331051462301,46.4187367171455,47.3446640910144,45.0085018868202,91.0438668142506,57.9837455904395,80.1618268760947,76.130932860692,37.5189597438386,90.8104011562877,94.0682205836779,92.1608246485476,86.6757078097632,87.102297959264,87.0307632655763,87.1917267639081,92.9288001419986,92.7374036647603,98.1033545373512,92.4069478193937,97.7087372956191,92.6850232103922,93.9338261492231,58.9106258782781,58.4184120583186,59.4541869309187,56.2320670900775,61.8302300423005,59.8642985654063,59.9103886137174,54.7215171312759,56.1182358154641,56.6636655320143,55.6290610179976,55.0973401538644,81.8013543428302,54.5323873099314,61.6005850563252,107.420699578642,109.233725046607,104.790737843581,100.162376626604,90.4449315313312,89.3953346489944,92.791324752263,92.0724965793962,90.2703168514983,68.4017376323893,76.9510694727571,75.4220752518341,58.2704416367123,59.261618090178,35.9031272306772
56.0309100483968,55.1919572994291,55.954719816637,55.4600586022718,55.5035284377149,55.7757172135199,55.6248359257806,54.6197761918302,22.4577110500907,0,98.0301416535526,36.3008410514534,36.4145980858018,31.1353073942998,71.0103388320388,74.9438579572286,56.8814700160419,61.7100160845839,59.4418894015914,57.7953678687505,58.6929907419546,58.613316366221,58.1940684270978,68.1362099841804,111.814803161696,116.369980971226,64.840634382885,65.921060278381,66.6354901034534,46.4746397729125,47.4218053921767,44.8022215577997,91.3025165908986,58.3313568605181,80.4201930501487,76.3898308711213,37.9975492572492,91.0379619884129,94.2966459737658,92.3886187295387,86.8986939659311,87.3251107987411,87.2529082787327,87.4137228128327,93.152083440668,92.9622972670719,98.3272450625975,92.6311585257116,97.9328633882923,92.9089503710366,94.1594412418057,59.3326098549053,58.8383949898115,59.8700943077481,56.6668048104797,62.2204724544353,60.257780633467,60.3096382825485,55.0340362818272,56.4896696036727,57.0306657098037,56.0005961044653,55.4638090333217,82.258366789907,54.8288144432675,61.779957171552,107.656275141966,109.470466149711,105.027006214695,100.398084582744,90.6641476500019,89.6146306063584,93.0133531440375,92.2947526946526,90.4866475723029,68.6299507469086,77.1722975347849,75.6441470828985,58.5477813044472,59.5985721242786,36.9593255446254
87.060177664356,87.0649112236722,86.6426036484241,87.626344704778,88.5242338597192,86.1035723099556,85.577852492533,85.8072021559707,97.8107531164764,98.0301416535526,0,95.3432777361219,96.0381359559984,94.8881793406672,78.8203227797067,80.2222631041954,94.9367296423374,99.3204584323312,97.6443668300147,95.2110875295051,85.6091545569832,83.6407118692442,84.0062684717598,79.9174517390013,98.7230299249561,99.0334566608348,83.2397981113718,82.6407627120707,78.3759217742404,88.4741153649979,88.96069127786,93.1126715043654,81.6386711886075,81.2866163174165,85.9204879889506,82.718144278359,94.19709703615,57.9313440699749,61.3196675749594,56.7721346532648,54.9607410094672,54.0234582656342,55.3358492839344,54.1344780557863,48.213379096077,50.2227761486559,50.4029231909567,49.5937385873111,48.6205401545954,48.2696751489906,51.7744875869398,92.1034357573808,91.3153628243355,91.7762574501331,91.1719275789115,90.2783284973556,88.9177161634156,89.8496457733286,81.9980435963654,83.6921741040185,83.9552297146279,83.7312054107533,82.8966949217366,123.293116244265,84.9198933863391,88.3994551630265,73.2622303285391,76.3148709697581,71.562411325238,66.5444761766176,50.8398670229783,51.2206818277675,47.7275026974793,48.820687506527,54.3601150054636,90.2217013147433,97.0722364840706,76.0784769589036,82.6484420088575,84.220220528679,92.289537084568
52.6426726651997,51.8271633239667,52.6606279053483,51.9917822291077,52.0604219862606,52.568423859223,52.4970420162909,51.4368840716351,35.6636747031308,36.3008410514534,95.3432777361219,0,19.4457978109595,25.6628357500119,67.9510371138853,71.9854435664125,51.5903571515215,56.4143290230165,54.0898555887079,52.5561972105842,54.8112199290421,54.8496174726034,54.4007933726193,65.8158041530066,108.823224793976,113.424912856027,62.7587766836349,63.7512626792171,63.3680564809006,45.5744537070596,46.4256515594583,45.0353116789449,88.3430865346299,54.7104556808816,77.5057028689197,73.4752114578953,24.9319165669427,88.2964712953797,91.5489905655558,89.644893117869,84.1896796346184,84.6170009358676,84.5497127138284,84.7112635474121,90.4391014353908,90.2381746826814,95.6097562727342,89.9118305237272,95.2136072489812,90.1914679899935,91.4302392916739,54.7278012331557,54.2972999557386,55.3470715638826,51.8895502194324,58.0448394103156,56.0600023320208,56.045395152737,51.9747627848157,52.6914575936055,53.2919077192897,52.2379368857297,51.7659867491384,76.2196936959643,52.0584653117359,59.6337014550481,104.856312394612,106.662211870808,102.222156155485,97.5972611795293,87.9797340336161,86.9298432002113,90.3091056332437,89.5890737512785,87.8221758541239,66.0947996557254,74.653325636071,72.9740622038563,55.7072082973785,56.1793336063541,36.843461462168
53.3321106513431,52.5096873606625,53.3438869749673,52.6817080793778,52.742278798005,53.2466214265279,53.1711840511586,52.1087308744863,35.4795806455033,36.4145980858018,96.0381359559984,19.4457978109595,0,24.9002884988521,68.6589759201421,72.6883551667682,52.5123908633541,57.3468385580682,55.0253601264213,53.4772013200489,55.569635861711,55.5999007636621,55.1522141911864,66.4906650322737,109.532346750672,114.131728821195,63.4256422022906,64.4200396380691,64.0887021280042,46.1482249113782,46.9981313497469,45.6233744032465,89.0498972688938,55.4500802909276,78.2060727647012,74.1752200494256,27.9028091577354,88.9935139863295,92.2463203981553,90.3420967546847,84.8852244155136,85.312536319318,85.2450043614293,85.4065530460311,91.1350134720489,90.9345719629403,96.3058957347165,90.6080118310687,95.9098377098082,90.8875807232065,92.1268667717107,55.5657593475156,55.1257114122144,56.1767922783928,52.7447348865517,58.838996086089,56.854759239479,56.8460280636807,52.6562223487404,53.4388179794036,54.033510983252,52.9793107026629,52.5013628334573,77.2927260390121,52.7105915951671,60.2813242151349,105.556211786547,107.362495859902,102.922278098158,98.2971923473404,88.6743583320608,87.6244657140053,91.0046318872988,90.2846477188056,88.5159341565549,66.7623537845164,75.3233250647081,73.6646359104554,56.3833243181289,56.8958649036021,36.8915152815863
52.4822365754086,51.6558564914026,52.4605279886641,51.8641601735753,51.9208899793006,52.3318885411004,52.2272447742305,51.1893163951894,30.1526184623741,31.1353073942998,94.8881793406672,25.6628357500119,24.9002884988521,0,67.6551699577088,71.6465096879827,52.2593962197707,57.0866240576623,54.7863954204526,53.2031584676416,54.8662591055672,54.8543034511487,54.4179525965946,65.2048219228023,108.498427676919,113.08022948735,62.0462744420313,63.0763258957227,63.1610935463907,44.4035191338397,45.2924260576969,43.4368148404347,88.0045476223423,54.6540896075327,77.1480314875994,73.1176052266741,29.9542201632941,87.8647483176465,91.1199033035373,89.2141230604595,83.7440714565929,84.171004275689,84.1016160432884,84.2628502696154,89.9951794511868,89.7990177739715,95.1677602313029,89.4706232519023,94.7723663874351,89.7494706610588,90.9932544719194,55.0966706845868,54.6380363772863,55.6805498250557,52.333057474617,58.2279409256361,56.2523970025438,56.266389433594,51.6776133689534,52.7099966621419,53.284858296551,52.2407445382684,51.7409603930201,77.2228234803414,51.6390021952193,58.9529810031519,104.449584954923,106.259029932144,101.817518707014,97.1909020699556,87.5235956343062,86.4738658141507,89.8614480311916,89.1420292415886,87.3575084624858,65.5768966428034,74.1282588973118,72.5120269815812,55.3184049923927,56.0359043812297,35.1864343420953
57.3492183265104,57.5845980004659,57.0185378834982,58.0557124143071,59.1726815718923,56.5707350052814,56.1415563364631,56.504903149918,70.7329260128665,71.0103388320388,78.8203227797067,67.9510371138853,68.6589759201421,67.6551699577088,0,37.8363866946176,65.3537382065795,69.6470190100079,68.0697874124718,65.5180225485178,54.0924472433771,51.6468848600844,52.2119601327873,60.5207550250309,88.6293931759242,93.4606955798602,62.530198668002,62.0738455859993,40.7786408642412,62.4348904102251,62.8752506681479,67.0192289422822,65.9942648173305,48.6382011993842,47.9693783758819,44.5766314108657,66.6404260677471,70.4315534721736,73.5904106266326,71.8452396990799,66.8677892675656,67.3553531339728,67.3510658703675,67.5674816770051,73.3113187571697,72.8969500097799,78.4406149152335,72.6520322467629,78.0314067961299,72.9842446324509,74.0053409278845,61.6911498966764,60.8629912084261,61.2168276701555,61.0531973312093,59.0651744915205,57.7971025759604,58.884030905932,52.0624684533391,52.2694038269864,52.4855049184489,52.490480180337,51.6248180157377,94.0542670540475,56.4721492789278,63.3746597107599,86.4116193236507,88.1032734209137,83.7015356063252,79.1241844462343,71.3532688282444,70.2749730161712,73.3417660661349,72.574331179317,71.6025281967208,63.7110627955139,71.2262509691136,56.0716192529323,53.1633021119652,52.2949883181249,65.1075793074622
61.8112578381061,61.9906835503353,61.425921051319,62.5128343118236,63.5741180998594,60.9223270192951,60.4364236885164,60.8096157438445,74.6800601527155,74.9438579572286,80.2222631041954,71.9854435664125,72.6883551667682,71.6465096879827,37.8363866946176,0,70.0428404584004,74.3732042793239,72.7592089802394,70.2486507063698,59.3842305557632,57.1100511870024,57.586236737468,62.319883558502,92.3563166996858,96.7794034468924,64.9156961039266,64.3409419654572,49.0086906193017,66.0764778318168,66.5214829020987,70.7134039435322,69.2982716325565,54.3017988916845,37.2513253165174,36.1622380571866,70.7202867523258,71.9102264160777,75.1202773055526,73.4018871501586,68.0970515525599,68.6122974844913,68.5533837307488,68.7979501869773,74.762128021937,74.4036726793453,79.945365942221,74.127411749156,79.5591119446332,74.462341188988,75.5467649635987,66.6766041585428,65.8553836607438,66.2615543092917,65.9249786872508,64.3860053599085,63.0601769768701,64.0782335052272,56.3553535574868,57.4542693708822,57.6524253636686,57.5728612744015,56.6823717040353,98.6444661277313,60.4503076616264,66.5512812656543,88.5009648551104,90.2574262228198,85.8255590374009,81.2131499590273,72.6207864122287,71.5266290470893,74.7436350680619,73.96862955994,72.7800895002171,66.790011704695,74.0787955020951,55.0668224177012,57.0463474571562,57.3685383158331,69.0661594982116
50.3981334191624,50.0495323657221,50.9071469511827,49.6692105952181,50.2864344016329,51.2400572159413,51.5346471209106,50.5128063406226,56.4222479213311,56.8814700160419,94.9367296423374,51.5903571515215,52.5123908633541,52.2593962197707,65.3537382065795,70.0428404584004,0,28.3947115085957,21.1110184437221,21.4010396412415,46.5987307609815,47.4440440424056,46.8813263889728,67.81100475491,106.441267748395,111.35062498399,66.1097229982039,66.6298209342586,59.2953142488758,54.5203907218362,55.0705793219524,57.2615093985605,86.2095563016668,48.3924184681457,75.8633868578419,71.8481725261696,49.1616867346757,87.5519455314673,90.7646437462639,88.8834993383741,83.6541959606719,84.0860036096695,84.0510308893326,84.2160148252083,89.8704641600252,89.5989524525796,95.0112758649841,89.3032822494315,94.6033462754497,89.5941233115756,90.7584605932288,37.7415563354781,38.443671019868,39.3906418198801,32.4355849329362,46.032494902493,43.9906599292662,43.3470530097583,50.7548535871704,45.589523446045,46.7392352349434,45.7172355161241,45.7982672132673,60.548489863384,53.0037195872512,63.0427240952129,103.728058931442,105.480403822924,101.062519888624,96.4638087554885,87.5938176769409,86.5422845637172,89.7960257294345,89.0675253380784,87.5623914573101,67.3043383564696,75.8626025479955,72.8114410546295,55.3953858043463,51.987810822762,51.4436343942785
55.0728936145071,54.7614684690613,55.5704550780509,54.3967690180117,55.0523067030267,55.8929068448878,56.1778205238603,55.1972239190977,61.2577328944705,61.7100160845839,99.3204584323312,56.4143290230165,57.3468385580682,57.0866240576623,69.6470190100079,74.3732042793239,28.3947115085957,0,24.3353521731799,19.5596460446911,50.6728176882926,51.5065664542432,50.9767870025552,72.3364381603459,110.706522226206,115.635441537238,70.6884362375883,71.1933230824258,63.4826708417824,59.2925397517286,59.8420864937559,62.0512213435638,90.4970822876581,52.5105441180578,80.2132117293842,76.2013508468027,53.9692327619211,91.91808985557,95.1284347099011,93.2482469143854,88.0325618642286,88.464417002396,88.4314413065907,88.5964167628818,94.2456646997834,93.9702005807709,99.3845938289574,93.6762966269757,98.9759086345806,93.9676845724242,95.127823947813,40.2830228215572,41.567072404174,41.9138777031979,35.5996876069582,49.2209070672191,47.3038540339045,46.6385861994155,55.3126972211202,49.836876074271,51.0256351970746,50.0591421803143,50.1668219053595,58.712299611376,57.6606429057949,67.6732856653708,108.070492386338,109.819665001076,105.403125702881,100.805995192578,91.9795230736013,90.9280146672798,94.1743724308047,93.4454958214993,91.9551139283964,71.8563255231588,80.4033429414489,77.2296306599639,59.9269595757374,56.3583598416119,56.3221303474429
53.2149851187598,52.8672595614018,53.7121263717331,52.5009800210689,53.1172494895406,54.0348490279906,54.320682835647,53.3085139119081,58.9838273355867,59.4418894015914,97.6443668300147,54.0898555887079,55.0253601264213,54.7863954204526,68.0697874124718,72.7592089802394,21.1110184437221,24.3353521731799,0,20.2416153352242,49.3518440643873,50.1759492708817,49.6265168158992,70.5214810026339,109.145530033274,114.055741099932,68.8144665543825,69.3374033165668,62.0040400876153,57.1927182261407,57.7465503563931,59.8969805373889,88.9164342417702,51.1205103972068,78.5806079156631,74.566110330802,51.6198834017485,90.2597834949838,93.4724246339339,91.5911976772742,86.3622944143167,86.7940460799992,86.7591443168066,86.9240726399394,92.5781694100083,92.3066191779289,97.7189041346268,92.0109796829988,97.3109405583836,92.3018037657763,93.4660917964669,40.1683564845604,41.0552784783119,41.7807846003509,35.1700927669949,48.5627836360532,46.5677082595481,45.9323877187097,53.5230449816235,48.3754282520613,49.5260801839221,48.5209535030941,48.5988707670583,59.9390473350351,55.7622220501681,65.7589790346433,106.435045306218,108.187310700027,103.769468794085,99.1708051398518,90.3017004102724,89.2501996749469,92.5037713758562,91.7752944267209,90.2703290533444,70.033015375585,78.5884320850322,75.5250471646145,58.1419053292066,54.754558439275,54.0604524417895
50.8984706485897,50.5913207392017,51.4056428744213,50.2156034998669,50.8773172627815,51.7362604304176,52.0281019934731,51.043981620715,57.342772414727,57.7953678687505,95.2110875295051,52.5561972105842,53.4772013200489,53.2031584676416,65.5180225485178,70.2486507063698,21.4010396412415,19.5596460446911,20.2416153352242,0,46.4748168372597,47.3297890359979,46.7908711501869,68.2424137683257,106.585368410596,111.515946062482,66.6066352610665,67.1069016618114,59.3471732677632,55.2659337381412,55.81199049873,58.0613714720095,86.3762225925229,48.3460502599765,76.0903296976199,72.0782110225768,50.1479096660782,87.80629503943,91.0163960305354,89.1364090002763,83.9220682080491,84.3539830769113,84.3211927967224,84.4862205078665,90.1351465777589,89.859217938993,95.2739107099238,89.5655086221014,94.8651622612062,89.8569822500058,91.0166362551615,36.1248456401558,37.3076207373884,37.8413823476329,31.013112430887,45.1328738908749,43.1774108752153,42.4938161008612,51.168381379232,45.6316111282667,46.8253886000299,45.8500664540822,45.9648899548962,58.0009223055618,53.53856770297,63.5873474088622,103.95650718545,105.705353699113,101.288944597382,96.6919689942837,87.8701676681422,86.818631376117,90.0642147416644,89.3352679158407,87.8465963950942,67.7485482646535,76.2967971559528,73.1189404596258,55.7996779355292,52.190213717589,52.3604126450459
43.2234788198575,43.6586965379293,43.723789361092,43.3630426525931,44.7866322573313,44.0550532800721,44.3476814905769,43.9839754559805,58.3183717578133,58.6929907419546,85.6091545569832,54.8112199290421,55.569635861711,54.8662591055672,54.0924472433771,59.3842305557632,46.5987307609815,50.6728176882926,49.3518440643873,46.4748168372597,0,25.2304325712439,20.9436610875516,60.5884526509019,95.5216872510686,100.674219438556,59.9579744574247,60.1356663243296,46.719150621458,52.6089457057467,53.059072416366,56.5619038952208,75.4546533802401,31.0187593680136,65.4795535530848,61.481745734425,53.1241070302931,77.947292483403,81.1274963356664,79.2655851996768,74.2205982471931,74.6561803668927,74.6476626780732,74.8155296413415,80.4104119727522,80.0812521963122,85.5269843233452,79.8106020624897,85.1095030355775,80.1106458139168,81.2142194326484,40.5784771361683,39.3509111982593,39.8470071960596,40.6499118293366,37.3865160316729,35.0717767062333,36.0583710327748,42.2083442487704,24.929163023101,28.5214585873787,29.1819719984955,30.5534076787665,76.269206515628,46.7915797213989,57.4630281184421,93.8128635342674,95.5217617050291,91.1217921333804,86.544262422122,78.2830627628083,77.2301878594484,80.381336968706,79.6458768675899,78.3549664089067,59.9278602343572,68.3779663782472,63.7245164157796,47.0236223784653,38.9089114294363,52.7117637850236
42.9474937930371,43.4263250308906,43.3000097916712,43.2788277554691,44.7088083389822,43.5066578787515,43.6954877588969,43.5102130912148,58.2512686317132,58.613316366221,83.6407118692442,54.8496174726034,55.5999007636621,54.8543034511487,51.6468848600844,57.1100511870024,47.4440440424056,51.5065664542432,50.1759492708817,47.3297890359979,25.2304325712439,0,18.1456328925989,59.1678354137977,93.1557747983397,98.3687137355279,58.7599645761669,58.874487707115,43.8585829599535,52.1627279504156,52.6068049618041,56.225124399878,73.1270047367912,24.8949439146542,63.2860015863607,59.2979678799421,53.2170221954422,75.9112271283018,79.083234171396,77.2258703085066,72.2276532387471,72.6639780214641,72.6622482491483,72.8306319891096,78.4096389803857,78.0661657724615,83.5200001717444,77.8017721223231,83.1000622667937,78.1040276848751,79.1924889977437,41.6332188142869,40.571903912965,40.8328021962521,41.7278854957993,37.5933845779651,35.8334495879579,37.1457573914488,41.1233034818051,27.0419959800232,28.713460710445,30.1488892240244,30.5721448450508,76.9326216213973,46.0103459617103,56.4810834410442,91.6980420975185,93.3960446559441,89.0005805635438,84.4283776511749,76.3196643429525,75.2665814033257,78.3918617553138,77.6547680057611,76.4172438434664,58.6256779275369,67.0234427732606,61.8508843001637,45.6754872324907,36.913658049898,52.6304027613987
42.3756595571949,42.867952191542,42.7925215225425,42.6625736756637,44.1188956878729,43.0563391187277,43.2948297689184,43.0532389844477,57.8278872672011,58.1940684270978,84.0062684717598,54.4007933726193,55.1522141911864,54.4179525965946,52.2119601327873,57.586236737468,46.8813263889728,50.9767870025552,49.6265168158992,46.7908711501869,20.9436610875516,18.1456328925989,0,59.2336525611498,93.7611381440135,98.9353313445689,58.7299110139231,58.8692441138493,44.6889494188717,51.8416263953662,52.2861317189773,55.8784718810741,73.6933594245679,27.1603480380059,63.716215002759,59.7192253062346,52.7556245193599,76.312895057293,79.4897401691815,77.6303689183374,72.6041391285931,73.0403716688743,73.0345157788441,73.2029264996955,78.7926562380247,78.4572917753431,83.9068788092767,78.1892747294954,83.4884891819877,78.4904078672925,79.5874802851597,41.1753893384254,40.0567200696124,40.4446655152608,41.1770066850742,37.6787307397511,35.7153631071595,36.8601891474525,40.8783447201601,24.1207957812182,26.6313680693257,28.3348834547182,29.2085480188959,76.4176415656246,45.7187625939766,56.3350676524563,92.1481155417065,93.8525944581001,89.4543952055973,84.878973035853,76.6810975167838,75.6279529538056,78.768423128406,78.032098501105,76.7642449400912,58.589730539104,67.0175734715678,62.1359866113503,45.6017965744402,36.7948732254172,52.2033131594216
59.1119478475964,58.8997071985649,58.5086336806834,59.6402412242965,60.3256385199772,57.7804889638551,57.0618668384962,57.2880019292976,67.963420882096,68.1362099841804,79.9174517390013,65.8158041530066,66.4906650322737,65.2048219228023,60.5207550250309,62.319883558502,67.81100475491,72.3364381603459,70.5214810026339,68.2424137683257,60.5884526509019,59.1678354137977,59.2336525611498,0,99.1319238721226,102.84586453072,44.0664529354867,40.682720936805,59.6198487806957,57.4122712842423,57.9001394677254,62.3487555570442,78.0761505628766,57.3346998116433,66.8820047873305,62.9408988705525,64.834706734859,73.7724030332345,77.1458024689815,75.1850343852597,69.0247673950599,69.4493079269791,69.2750726763641,69.437616564671,75.4397825913613,75.4406198286378,80.7068358473293,75.0241279309448,80.3491658677012,75.2758682061505,76.7286208617303,66.0883554501389,65.3191477506619,65.9879789453765,64.7257592496095,65.558015195044,63.9489889300748,64.6136356185757,53.6544798178676,58.2540324184637,58.439121310121,57.9352636831791,57.0090619205237,95.8073014129592,55.1502324925019,54.309677510611,91.5032734888499,93.4665866719543,88.9607975075359,84.2582784336777,72.4351414714762,71.381615323117,75.1486768558078,74.4472216721401,71.9072226894511,56.4139984566012,61.93351460049,55.4601268797228,53.23248546456,58.3945402700756,62.4611648991372
99.2746618209765,99.4228066439163,98.9933795517997,99.8531580301068,100.89677079691,98.5896197507125,98.1978711397078,98.4160658936439,111.552752347423,111.814803161696,98.7230299249561,108.823224793976,109.532346750672,108.498427676919,88.6293931759242,92.3563166996858,106.441267748395,110.706522226206,109.145530033274,106.585368410596,95.5216872510686,93.1557747983397,93.7611381440135,99.1319238721226,0,58.1063153743711,101.526388860355,101.065469248971,84.4909158827478,103.098439962968,103.562585677758,107.624680619737,80.1495489259798,90.5116786771375,99.1747919895516,95.9546984821371,107.539832381432,88.3909565253731,90.7630139073221,88.477066427928,88.5294934467678,88.680654036989,89.4349093549466,89.3207519847313,91.8749002327861,90.4274062550174,96.1051043683948,90.7364121632723,95.3055650995491,91.057711778672,90.9214330903552,102.6925326424,101.895939676103,102.173493826965,102.12157088481,99.7597001393526,98.6330820771527,99.7960128018448,94.5743980964619,94.0042340294155,94.3631566122351,94.3449261849079,93.6123196782682,135.089649397045,98.3185273129578,104.045891323369,92.8028866292022,93.1388555777121,89.4595160855025,85.6751329544173,93.0717493777169,92.1766366963451,92.7923595284614,92.0996671938607,94.9652262453875,105.389143090751,112.698149534907,95.0825334583111,95.9652893599146,95.1083174734252,105.984370947725
104.049157573295,104.176662322647,103.744850992216,104.628978300453,105.651262909095,103.318334966248,102.904169568276,103.127925287024,116.114264507555,116.369980971226,99.0334566608348,113.424912856027,114.131728821195,113.08022948735,93.4606955798602,96.7794034468924,111.35062498399,115.635441537238,114.055741099932,111.515946062482,100.674219438556,98.3687137355279,98.9353313445689,102.84586453072,58.1063153743711,0,105.405542233596,104.916671814168,90.1066596207396,107.523613803743,107.99057281118,112.069873144637,84.649370924469,95.7601682571089,103.465984226679,100.273298177406,112.162552786993,88.6444819355306,90.8703970264437,88.3568367644443,89.4611414722815,89.5220568087179,90.4311610972128,90.2312136476685,91.9952168268501,90.3422180465186,95.9902418124582,90.7723809815088,95.0824032965211,91.0718137660808,90.6988472350489,107.74950171658,106.953397748516,107.262117167786,107.119516477705,105.000724049916,103.833053117014,104.95729999739,99.2760826831586,99.085723536466,99.4258799156175,99.3756728168676,98.6236139124079,139.954070859652,102.905252264025,108.302123472947,89.6093164112881,89.4884137892932,86.1401217328863,82.6782323569708,93.8672810116136,93.0209522269367,93.0997605701988,92.4398256494352,96.0754259715354,109.687611348471,116.924725781199,98.5809221835542,100.539271734622,100.072603067353,110.551677196337
57.6709246408175,57.3221431020832,57.0564013787395,58.0845158767717,58.6395134472405,56.319281114615,55.5933148787415,55.6790511381689,64.7052721370242,64.840634382885,83.2397981113718,62.7587766836349,63.4256422022906,62.0462744420313,62.530198668002,64.9156961039266,66.1097229982039,70.6884362375883,68.8144665543825,66.6066352610665,59.9579744574247,58.7599645761669,58.7299110139231,44.0664529354867,101.526388860355,105.405542233596,0,31.1048178591572,60.7952042813611,53.4153445446818,53.9332898351058,58.4359760787666,80.6422808241419,57.1802994705633,69.7656008026006,65.8074270213092,61.8817279620621,77.0590597059457,80.4105353981528,78.4429620568531,72.4277062802789,72.8413027495733,72.6934812479441,72.844238982191,78.7469235635502,78.723573721783,83.9904221464569,78.320602268768,83.6228372583225,78.5711739825951,79.9967837463194,64.8824998177469,64.1351444343917,64.87051421275,63.344935338857,64.8380889154949,63.160977403418,63.7314901213216,52.644964926102,57.5677178827637,57.7761453671174,57.1664513766821,56.2628346787211,93.8936144630584,53.2451468907055,49.4488996392013,94.5491576938848,96.4866887969009,91.9927335155606,87.3040176703996,75.8282596776462,74.7831324840236,78.4773935299666,77.7795742662075,75.3492024614093,56.3590099193855,62.9337480867486,60.52759388594,52.6713107412184,57.9948970176208,59.2725192847562
58.019305773545,57.7130629241139,57.3961003704871,58.4793120400094,59.075476727978,56.6486345715696,55.9107629499724,56.0559173336631,65.7703167613449,65.921060278381,82.6407627120707,63.7512626792171,64.4200396380691,63.0763258957227,62.0738455859993,64.3409419654572,66.6298209342586,71.1933230824258,69.3374033165668,67.1069016618114,60.1356663243296,58.874487707115,58.8692441138493,40.682720936805,101.065469248971,104.916671814168,31.1048178591572,0,60.5320803891029,54.7206512578515,55.2193276382537,59.7509661081866,80.1395644304768,57.2213696006479,69.1243887082893,65.1612146897781,62.836249884996,76.4513666482319,79.8062955478117,77.8418036297357,71.8018646819109,72.2184647326446,72.0657576936457,72.2196569184848,78.1434777717921,78.1225698975231,83.391372801714,77.7177761135447,83.0256838618842,77.9692258477353,79.3978309350993,65.2474596360203,64.4918389283844,65.2093022669403,63.7624824909662,65.0611023819891,63.4013349984188,63.9985374934141,52.7914187964298,57.7501374993841,57.9464218565357,57.3651971970679,56.4487244679012,94.4883221164664,53.6341170206928,50.4014883682426,93.9831924939232,95.9245491451176,91.4286955237074,86.7377888101104,75.212767829318,74.1654823265021,77.8713939326158,77.1722280638871,74.7281571405848,55.6059755450307,61.7458211012196,59.5068849888222,52.5789426996004,58.0553203344197,60.2991774027762
52.3412976338398,52.6556783648991,52.1711634628263,52.9799636197366,54.1852984086675,51.8819767740601,51.6079946101749,51.859892423369,66.3331051462301,66.6354901034534,78.3759217742404,63.3680564809006,64.0887021280042,63.1610935463907,40.7786408642412,49.0086906193017,59.2953142488758,63.4826708417824,62.0040400876153,59.3471732677632,46.719150621458,43.8585829599535,44.6889494188717,59.6198487806957,84.4909158827478,90.1066596207396,60.7952042813611,60.5320803891029,0,58.6804223911865,59.1205615719118,63.1171491727829,63.9635647306077,40.4932365489749,56.4606873859659,52.7701674929534,61.961816329533,69.9618371080118,73.0548537941385,71.2517451716085,66.7014373384296,67.1476668293353,67.2120285002328,67.387631493287,72.8243239046137,72.3413454434348,77.8777074663746,72.1371153877365,77.4355979936519,72.4622865425511,73.4040683650645,54.861302844738,54.0324550375429,54.2177201990273,54.5380560910375,51.2483873314384,50.1914263529892,51.4891764455399,47.8180943168764,45.356631708844,45.7102725907082,45.9164190441976,45.2012626827618,88.2078878877507,52.5378084270454,60.6212739757562,85.0418694599397,86.6398301633564,82.2841203093692,77.7594951208611,71.0972314413906,70.041308702221,72.9161926631912,72.1618540834587,71.4490114554636,61.5038631818708,69.3394868835734,58.1192012660701,49.9633618854723,46.4280828797405,60.7087600360356
