IBR/IBR_outputs/all.combrep_1/FireFreq_2000_2008_Total.Silt_Total/FireFreq_2000_2008_Total.Silt_Total.asc
NCOLS 160 
NROWS 95 
XLLCORNER 210004.651214014 
YLLCORNER 7350008.22228844 
CELLSIZE 4999.99999999997 
NODATA_value -9999 
[rows 21 to 41 of 95, columns 46 to 91 of 160]
-9999 -9999 -9999 -9999 -9999 33.9127202879988 35.3350294894897 32.5013203537879 -9999 -9999 -9999 32.4353247023871 34.2323496084969 33.154007114987 34.7689020663342 34.2706680752136 35.1732559839942 -9999 -9999 -9999 -9999 -9999 -9999 -9999 -9999 -9999 -9999 -9999 31.1518673158191 32.8395094815907 34.0802004138387 29.3073678742149 29.0984208294276 22.8081163860982 26.2443651213815 26.4518670755995 27.6319686089666 30.2258598004357 31.5918722443223 24.9191645934528 21.67173010765 22.1048115675183 24.2020649685567 28.860323723858 27.7599302750351 24.0604612666362
-9999 -9999 -9999 -9999 30.8500553101869 31.1459293826021 32.8761307151255 31.7796427735311 31.3461148289538 -9999 31.2306357303225 33.1878662067589 33.3587268240662 34.4875276211834 33.5058709237892 31.5549781620934 31.4481403415921 31.2734470360305 -9999 -9999 -9999 -9999 -9999 31.2262796617282 31.3246209931383 31.1615592945047 31.2059553965953 31.8845940279392 31.6512640186086 33.8645739990954 30.9652566648787 28.8313182066845 26.1349934970847 23.0222610708469 26.2052335924744 27.8221009448312 24.6447819301179 28.5869193842785 27.944868907751 23.495027493369 23.7164814839241 19.9798894983721 23.409925480151 26.1498261034342 26.9736180285259 26.7087263121768
-9999 -9999 31.2613948969277 31.2917020385554 30.7537000954333 30.6623144218577 31.3805868616288 43.4810930813316 36.7004945489081 40.7256995601027 31.7790964189624 37.2493502443927 47.9314475266718 38.0545893837942 68.5612891841913 39.9163097955441 33.5701162023649 31.8124784930195 31.2752429055784 31.1657259911601 31.2062036119498 31.34752565618 32.3560434315092 31.6330955993512 34.2575075016877 32.7777085367979 35.9174820060824 49.9350089401069 58.0349165935729 39.5176698466382 32.5889066476523 28.7566136828703 23.9047570366003 25.2445465337175 26.8282820778989 28.488895466411 25.2284207274025 26.0500264659864 26.1056066090955 30.6927586928717 28.9169383821966 21.2393051291247 26.2159707600455 25.9322069302601 20.8560932430284 27.3217838424553
-9999 31.8784336939161 33.2178672765607 41.8587108026539 36.3729352449827 39.8861479652934 60.7338893320058 54.7849617820935 43.2512716585948 49.1370211390727 110.672153645018 72.7931054285942 46.6822739152493 67.2640325398286 50.11581814182 80.2806388017302 48.6129128824909 49.4283583078207 33.4618734933778 31.3307188231374 32.1214609711683 33.8797241928136 38.3535805329565 40.7514278246748 35.1214056115578 40.5867389360382 57.9881215464765 68.7711114553653 51.3868743035593 30.7796740788111 29.2365644419811 20.8177836311045 20.8973442613693 27.7035836418907 28.127763525991 28.6118314654203 26.0183634342109 27.7513055265218 29.4623135409806 31.2346198913279 27.7587072322003 25.2867276700346 25.8711827890944 25.1392485052066 23.246647355278 26.9073079294751
32.262026541563 37.6671282292998 97.8848332910034 151.096103098451 103.244530808053 109.48272515246 45.9359526228761 60.8847703991126 50.4642379317728 60.8132116689155 52.482816939642 40.6402379469318 59.2958235013655 44.0513228602864 48.9544885016218 35.8641150761 43.6792320862462 105.792666681702 113.79799809252 41.5485441597297 60.3587860678346 66.2328078500468 168.33570171429 254.817234075526 52.5870727831483 29.5133315277831 25.1622286493087 29.7094809540638 60.4559991887359 36.9774722769287 30.6634915737892 22.1041787950982 23.8606541497325 25.5193569062977 28.691699805171 25.5356516256122 24.8570983052221 22.7249730961274 27.6883224219709 30.1892994392474 29.3185747165586 29.1209830638505 24.6607690717993 28.5713418783284 22.8007710859979 26.1030047662186
54.9471652205806 105.046142471647 239.543415593272 59.8985074326485 39.0591577119734 49.4201290539686 73.5423917551109 75.052670943734 52.3692017728243 45.0801441763421 39.2270059533879 40.6215372559681 35.5190813653377 36.5507348707961 49.0841808478942 47.3859798004904 73.8902558545969 192.089216355079 172.513098280336 140.861876334122 329.013540736395 120.848738400471 183.265550050229 405.229955588151 92.0532093455931 106.811824315364 47.8855337451918 25.7546694478783 35.3193309736977 35.2570368925956 26.7432444708785 30.141552430765 35.0816346918413 35.2281638242058 30.5039894110627 26.8746906860317 28.9088123964293 28.2337877204439 27.7522241372727 30.5842826304714 28.1576816002417 27.1999622010812 24.7272094592396 22.470834070544 26.9515499595162 26.3168269358296
63.0133782499651 139.841161569497 175.107337629202 74.6392517197823 35.7054647997292 41.5444528074757 59.3504536256888 71.1638317020036 65.5225960678505 58.1688814810364 46.9569461446538 45.1714871833569 44.1579291246395 48.5651815607749 45.9327108126526 37.7206957261486 38.4859884858016 45.8406513578718 43.9185466038421 124.559997800562 331.091452748807 108.429275259045 59.1901894627153 60.4119440130498 50.773885367033 102.142094641961 59.9695967409117 34.9771981142632 31.5576578334465 39.4868661246475 28.9626888610946 29.6536154284215 29.3556866116317 35.6993141842032 28.1646713567212 28.3796903839851 28.5668201255627 29.9547756663858 26.3346477581909 28.509333336845 29.057570819644 25.5567066112492 24.0787551084669 23.7051750592698 22.950239488032 28.0260514450214
43.7879647792735 47.438168107535 77.7058796016868 52.1832322297878 36.8106368030565 36.1100826432722 46.8773244736726 75.9970234681174 103.963099597699 44.8574438220918 41.2922178589677 41.5303211235783 36.5946275407663 35.8415588794842 41.4871613998692 41.1379468522523 35.3615383862165 33.7229586053048 43.0230721285589 48.2449051804614 47.0308099375915 86.1354728423105 47.4244838560596 38.1934800998894 40.6320378459967 42.4786310470757 34.6435425418405 31.9060097150691 22.4861370316416 27.0969465459533 25.762809412445 24.6408186098025 26.7547548039431 24.0761046276443 26.1274594829825 22.722264416149 24.7103531474345 26.1800184611997 23.8927775763678 25.6925703181412 25.4742639703922 23.1936456846301 22.6011263298855 25.6078244646573 24.471502589705 25.618813110577
38.4877842916332 41.603858108033 41.2465183381433 35.0250702051853 31.2353387381091 44.7447586334443 39.8450875680783 31.2281372487049 117.960259421458 50.2266711492946 33.703201037022 36.7275904848339 37.8728918178922 40.7480281855671 38.2411454876787 39.9382760381898 42.875368885223 45.9147012840384 42.7250219965168 52.7388473235279 57.1103671160341 48.510800408651 52.0423459685678 41.8127209911627 39.3477157724883 38.2004371966203 26.9879065558841 26.3660048124959 22.8722336277989 30.9368304606245 25.86399074377 27.2481020661414 22.6024311565371 25.5982806211078 27.6397879385313 31.3448354602385 27.4574227450402 24.2960221976042 22.1283658865979 20.9909634313641 28.6755778259765 23.675023155523 21.4832262257007 21.2327579122265 22.65346154304 23.6571509151559
36.2266350748273 37.2018847125746 37.9474081021823 45.690176277509 37.3306540850136 36.9798188758637 45.4139492596564 31.8665911495388 77.407881227732 73.9379856504859 42.4230662682622 40.0356964512709 36.1021223086034 46.7566517979249 48.2651268807593 47.4107407088805 54.7092432092129 40.7167386031299 45.436663561632 52.625869450202 112.732969747935 80.6345100022661 66.3891922458222 35.3601251846483 33.593055656112 27.4876552258573 26.939348023362 48.9898384199524 30.1195418094771 32.867755891792 24.9931635354732 25.2610369786828 25.1131842835268 44.9113386844926 33.2540940257741 40.9891112897643 29.1816606820854 22.9058235876303 24.7263138549453 23.5665847479989 25.2147992322503 28.5370674809053 23.1571263607455 21.616385100091 21.5289366546858 26.9898435071085
32.5029267222952 34.4643311886942 31.7482007697912 34.674942536513 36.4944057182899 35.9585708922651 32.486757107015 35.529155509197 50.2870501436526 39.0759057553966 40.4754323396016 36.2734623886475 43.0871097656738 41.7034538900201 45.3847226563463 38.7796429937048 55.2486755689629 39.2112120621561 39.2774000467515 37.9391253155162 75.6747965650768 39.2373567865959 36.1648771939431 35.0689077776052 40.6797161502306 35.9098299867809 31.3077791988335 36.1646889818698 31.9071242578869 33.5855906971487 28.6981747846958 22.3450833284291 24.7775441727357 31.1240570550129 39.495174674232 46.1264129897594 47.3531194661483 27.1337991785467 25.0204635086386 20.8444155892668 22.5010837721251 24.843313681242 39.383624766419 25.8978328482928 23.1521624992825 23.1487594446596
30.9075562476891 33.5060055646492 30.9288802135525 35.0029702454907 32.7349033962197 30.4066470263063 31.5154654946357 33.1882812810143 36.6373533955963 43.0062515275739 37.9199976882715 36.3900953539776 42.7025703374034 40.5799411215585 47.5922559748855 50.0352312192309 46.3121587546542 40.3734842174947 34.6265753517666 46.6527412698897 92.0483565298764 63.7619097543501 31.0329246201864 32.9877270804228 38.2992258509823 38.5312234937272 33.6022460516292 29.6445915045033 30.7030224631339 24.8321755290439 23.588444833178 25.4407953662235 25.98582417569 24.5083849861486 30.7760954729221 45.3655314273414 40.8774479831005 34.2996088859342 33.0221385986362 43.5253941288835 29.2754920325068 30.9480718235652 28.9234031507809 25.354596993873 29.3506789877072 23.8032583531004
30.5372196086678 57.2665563200262 35.7570366617985 38.3561715646817 35.1179934009872 33.5004425246078 41.116327110353 39.034491818997 36.9637524713515 33.1197426032749 32.2741218415021 34.0370527394025 35.5204678533382 31.4710999573566 34.7495522463142 43.6596569598598 51.1419210714817 37.4607536689122 40.8783595721038 50.1627211813347 83.9938591815259 106.458484111115 46.0306829104127 29.991573878772 31.9611667544809 33.261149273391 38.050175643267 37.9157644357632 30.9564918408116 26.7731377692565 19.6322413039094 27.3482769649701 21.6424098092716 23.0248856357875 27.9618021646705 36.5605198300628 37.7874530069191 32.3092854814418 31.0259221828385 27.6510306446192 38.6223914786378 29.673211518943 25.6207704316444 23.1362775690898 27.5345535739027 26.8917771720603
35.0233029374535 40.0799411427646 49.9983340751671 59.7067680516219 48.5679234938417 82.3465541578461 117.238560190622 46.0124687130834 32.0925944978517 32.7654932178462 28.9411032227884 30.6362357342383 32.7971230720663 31.2319184521207 33.5468997083549 36.1187805978079 38.8424343567927 43.511903688085 51.871526246615 202.389265605839 218.162351901172 57.8850902521757 44.2407961731711 30.0149290890945 31.3551494334447 34.6770877517006 35.3806662107392 132.303644484324 64.5117604148519 32.7762146485993 23.1762834766421 22.1071665969193 25.9752520710158 25.8404521586375 30.811860859645 32.1367523563478 33.4105217902666 31.0630745843656 32.1561123746988 28.4579557632087 26.0783409508913 28.2585330762947 24.4172955018462 24.020104741496 28.9560422742942 30.7992970419372
31.8492439742754 33.4534793188526 44.392461458911 47.8045945684971 58.2540776838006 47.8237901500419 35.0459325334051 52.8715118804593 64.7342108483157 49.5118017851505 52.2230579562707 37.8208690712608 37.6180920561796 29.6798050304928 42.7489609028444 37.0001652879563 32.6120597236283 75.6923039858438 299.428193154423 254.517398990326 286.725573556206 40.7939240488713 39.6234400192612 58.4171786146346 48.3396326012763 38.1710697018889 35.5405786162462 61.309563044449 288.705906981317 59.3456104193073 30.2167308122726 25.4932424376702 27.8641960047602 28.1771847506408 30.8936805287022 34.7586273673856 29.3360256208098 27.0596614016129 27.5924082445391 28.2697678847859 28.5636151041351 28.5719589577341 26.0516796800505 27.5923997521251 27.0679717807422 30.2404033242871
32.4377647287399 33.0600899338418 32.0263435126712 35.1640979243782 45.9900500260139 74.963792291411 65.9971336585331 69.538955635397 63.6738791854502 77.9719270050582 95.8163483466188 50.6700947286809 75.6871997169096 37.6919181848418 72.2146679938957 47.8550756561881 35.7433075731133 55.2835008870213 322.57380480504 169.013708844321 205.22079909576 31.3762588332774 34.665546169786 41.1229429338725 34.5156804428911 33.1308283860325 40.6768894267991 39.9710300697261 105.344440261764 93.0698787576088 50.8657042677816 31.083013788902 31.8530617441735 31.7545949987647 31.6564243860513 57.0600926461989 32.8192753142389 27.4685412316653 26.5592786998874 25.6158177616804 26.0554191402313 28.3302708900736 29.2462062392302 29.1977678674515 27.8542044280639 29.7583622975086
36.6014169969961 32.8927295154424 36.5070135728604 34.2208574653567 34.0623731072883 65.5406965010713 102.086587674524 165.192497398291 194.556002817178 187.694132771046 273.054282244659 230.3178436863 172.306419159314 89.8904337310405 103.47764155156 94.8930466732348 36.6069563644799 29.168461354916 39.9136773277711 41.0277472271123 34.2382927392205 30.1253872925733 29.5341255970456 33.6614608087661 36.788062430501 29.2390474124815 33.9200273376409 35.2113936497849 32.6195234933533 36.4307421207269 33.9723915878435 36.9030385176156 33.3212463451166 28.6372023680289 43.2458652278454 29.5981199636686 29.9348967876669 29.2992460717807 21.2566119552157 25.5122856911652 26.4081553152764 30.2494185626858 29.5170661393156 30.4039669371492 27.2428475257617 29.9424086477039
35.2761203289279 32.709576915966 34.5431714148173 51.7423964099614 89.644141866105 174.366613108544 228.394191437915 381.968361390298 412.804298065448 381.710001087872 353.715672780749 334.801631194307 248.612960110204 191.691113255146 155.292746312671 91.307966258837 54.1396565169028 32.0358110488245 30.4974187170405 35.3648222130542 32.5713900087419 40.8670068863445 32.4542986097878 36.3991793327943 40.9410345196054 47.6184566330018 29.0830080000338 31.6893559100821 38.3115056933328 35.7843711438834 30.6512564482996 36.9540132093 31.8054877921735 27.573000298469 28.8303754450577 31.005562730272 35.0842560121528 32.8735331609796 27.31614053621 25.5006664546113 25.6931560217212 28.9052170128539 28.5237742306563 30.8168068531201 28.6023156685633 29.4681737983074
37.7147669782468 59.6667625091193 48.9084814459032 33.800005107011 41.7426247482522 66.500265131462 149.965483035788 51.4268334744267 143.725741163416 230.527214830901 233.740113468412 216.070416974753 197.618652647682 121.291120382514 102.763039535443 66.6408873045506 79.3633211582989 73.6302131645026 57.5727486004148 67.1541209791931 70.2904380477346 107.500415186306 65.4923550737122 49.4396311516962 32.4669736836141 27.6148077562346 30.8008339804843 58.6195462478283 51.7905705644827 29.9636915755647 41.0838119591702 33.6346956360934 32.6249801012794 32.9363373419972 32.8135618832429 43.6836859528199 36.9921622193354 26.63488341603 27.8163459915734 26.0676819663615 24.7071767868818 25.8397283392931 28.9274922153628 30.69326496293 29.0487660350449 27.0782214817699
31.7680118821921 38.3553263888387 96.5870674433707 42.0949331841052 35.2075774078979 46.2836750932607 38.4433382360568 67.3779902686997 90.3020848798393 47.6159267527942 38.3066968947348 39.826717234366 47.4011777597451 40.9509433491957 40.8172807914252 37.3102355497059 42.7543954490563 50.6482289721359 52.4254040383527 38.4095053483347 34.3955956452009 48.594903284446 53.7500010161886 52.725687413013 39.032163635818 52.6545067745619 34.6561856208571 62.5706595366736 66.4187779367559 31.578219797303 25.7907024503862 30.4244384886897 32.7111278484907 31.2008165685619 33.5834066153884 85.3166098690425 85.8967411739889 30.9791909801277 29.012693026549 28.1288161652107 26.9123109285391 25.2795375530899 31.0895663229213 30.644928457112 27.5103562754026 27.9261652402455
50.3824314176242 39.2995674463887 48.8595024101925 50.9999279137447 54.028941886353 58.8526349531805 41.9765632547889 41.5965444853232 45.0966995937275 41.7605077816527 41.8142716330319 36.1407400314794 29.7973737012944 30.3253006619229 33.5222223931155 35.2093931471691 36.821933165881 38.5462453372423 34.4148727309667 34.2780847280512 38.4595174320977 36.7364174454729 33.2414067413631 48.8138344932821 65.2347154781349 57.0296753029038 38.5857853142435 45.5415948784047 37.8667856400789 54.8669285606759 27.4634596871382 30.7394703182522 31.1979989148518 30.8325088416754 38.3256850035531 48.1932582193437 84.0154623364058 27.1575962533672 32.1890880240964 28.4193013479745 26.3074105070315 26.3246725498466 29.4174412335081 28.1303939811074 28.4371699228206 27.1206063956702
