IBR/IBR_outputs/all.combrep_1/FireFreq_2000_2008_Total.Silt_Total/FireFreq_2000_2008_Total.Silt_Total.asc
NCOLS 160 
NROWS 95 
XLLCORNER 210004.651214014 
YLLCORNER 7350008.22228844 
CELLSIZE 4999.99999999997 
NODATA_value -9999 
[rows 63 to 83 of 95, columns 92 to 137 of 160]
29.1227525344927 25.2234213477868 25.6995863736742 25.6558932875456 29.5113168258622 29.9487329904144 30.3009117282769 28.3748771848194 26.4452283490749 25.2897582194028 24.3916748962698 43.7186191541378 54.2750343116774 46.0873030077368 46.1767871781006 45.1308284400953 42.8662695718008 38.6934798121444 88.4090413043107 91.9407372538133 56.9641974165117 53.0737626156934 45.01617418235 35.5094949325099 38.6323329240981 39.3603280903492 31.8847416446755 27.3275714252408 25.0480218561714 25.4596435150435 29.4690417862245 42.1588939694592 43.0726554901005 49.5421490484141 44.556197845331 33.5036341152115 32.6932594320764 36.2281070104571 35.9729696181132 36.2461805550996 31.1121685038319 32.4195899804676 37.2561947798742 33.3768899776982 28.5457671333599 31.2247683708108
24.5621217170221 24.8208987283818 37.0028345013122 31.2850353768105 31.5954502295596 29.0813547259631 30.5541520843416 30.541184518525 29.4062689255009 24.3894440678486 23.9575954501644 26.7684437323897 37.5898916814626 38.0520420315761 36.6284851933599 37.9999515317167 40.6017678285342 41.4306980919906 39.1603300798316 44.9498227612976 39.2629319176805 40.6723502969773 39.3043909264938 45.6708788136269 36.3492852215308 35.8059092278317 36.2193928639865 31.7035312831895 29.1879119122978 23.8049318621346 28.6319158714599 38.8008171451189 43.3879769518809 43.6943251623664 37.7512554394971 37.1050414700141 39.9298074888081 39.8691038656609 37.3863110287064 32.8599061684264 35.2970134651504 33.6188969906426 33.4674197032763 34.0021424692607 30.8673330076957 33.1177958776893
25.9589233781751 30.0763609859752 39.1241645122175 45.1674111731823 34.005452279719 31.0879094121252 27.8389188168359 27.6531214576434 28.8927973973942 25.9837131778661 28.1273672955622 28.93188371203 29.4299512188789 33.1504397904486 32.8613276541499 31.2044986102668 29.8089839666408 38.3726208776409 39.9320336286834 37.537808660476 35.9634888342576 42.6594059067528 74.2758015992384 37.768268050597 37.1186234819853 37.7335276123401 36.2526239103458 38.3996848058312 38.9755925119156 30.1400227917129 29.9260980996202 31.7195005126097 37.3659047060806 37.9816113012386 37.0601436669983 37.1147936464067 39.9988010090746 29.2987290126681 25.9032736216634 35.4101228187545 35.3455877060082 36.7354562388362 36.9456583477135 35.1491611411107 31.2852706202698 30.0541913877687
29.0485579999576 25.3217275330908 31.5121549490913 28.8053954990037 29.3409220691809 28.393815838711 23.3059015322287 22.8602903436505 24.2525682623746 23.6649889497273 24.0146717613198 28.4019940922561 30.5708859076816 29.359350855037 29.205132235116 28.5476598922669 26.7009695935946 31.9649469068624 37.7770168231393 40.215220871859 52.1635690933778 104.284531222078 152.066145618482 47.2347312326934 40.1453169997842 34.3814303057168 35.3407807169463 37.7377926940357 65.1156559165056 68.5478762331078 33.865079727242 30.6216193081876 30.5540153220022 31.5814423245388 30.5320236374645 31.610891907577 30.9337011110544 28.0409327109377 27.7649516658376 28.1639900422079 29.0710992330158 30.2754313269873 36.0497774240194 33.9117120254283 30.1213698853522 32.351937216743
27.1386471113816 28.9283619288087 29.9476923529413 31.2423000588856 32.5815447406669 27.4567279029897 25.6786630969762 26.2149895663025 28.5841327083957 26.663539964221 23.3070122546189 29.7211736524568 29.5897199452926 31.1567571767546 27.5387688507462 25.7551318733633 21.2180599770617 26.3752871597181 33.2935064791567 37.1620715045623 42.5802962541868 38.3288887937931 31.4220642086807 30.7753255941237 31.0413345141453 29.8809849421433 30.1647672546266 32.9514283065717 46.7444173821312 131.265966888567 92.4552941334247 41.7557945501093 29.8202499879881 24.3942903405198 26.326437877032 30.2791931291668 30.655923231365 30.8314076294159 30.7165135117967 27.4876429256589 26.0325502549505 27.5346181789995 31.9739004074599 35.9300857116402 34.1614091596833 33.8671304451275
30.8851440748028 28.9506984280063 32.6812716796165 33.789560457946 33.1594745676176 31.8585262900882 32.0099328976098 29.5950718851189 29.9226792735783 29.8984261522927 29.5338139689413 33.5452631543707 34.8002404081081 33.5002483124912 29.1614211497329 22.8363827746743 23.3290083384888 26.0892927946449 30.4587981278564 33.8829153659903 33.059464176248 31.7628732200564 32.0083545858058 31.3084095915384 30.7078971269795 28.8225366574405 29.1874790607518 29.2614269039703 27.4704998041101 32.0664759993073 51.4849432337206 34.3362920735101 29.9968844019175 27.6739008216719 25.5740372224666 26.5063227655636 26.0357910316685 27.8634812563047 27.1520675258151 27.2090973840385 29.0237552554459 26.9496984678828 28.6970561445063 35.9886834906137 36.1711640229788 35.585733427354
29.7539974613308 34.8309431267751 32.541931258774 29.0203754851557 31.1839180369499 31.2847167270112 31.3448268572063 24.5535746773035 28.4705019698508 31.1007672004077 30.8839535516571 29.3671389578573 32.1468969409394 31.2312044485763 30.8514101606732 25.3119503414073 29.4279288677408 26.5055403866453 28.3514726463142 32.8192699156847 30.9600114854397 31.3828677493697 29.533327580866 30.158319162234 30.6521835575596 30.6834421452579 30.426277866317 29.3058013769887 27.3256534216345 29.9825700654657 36.7785606412532 36.9247841435426 25.4595914322971 26.8335378845855 28.7510199454431 24.8046260794501 22.6757915139569 25.50660649813 30.9492322516696 30.309452695667 27.124246166428 27.6973621045287 33.4301945505681 36.7775390708769 34.3904606012212 33.6716617643457
33.0313468875235 33.6133646580875 31.8057986359927 29.8373193936087 29.8410101984788 28.2686089987685 28.3273483164821 29.7551467322183 31.1653941851565 31.1049641152262 31.3341384453951 29.1319280872626 33.0684794848956 33.9526918968111 33.9876937196987 30.9476773178967 28.6220357113173 25.9760168846104 23.8120447379812 27.2144055373683 30.9162200063106 31.0182299052522 29.9780459811267 30.3982497854292 30.4031930635925 26.6250087916755 28.511469904152 30.916238823592 27.3453154810461 28.4036682590635 31.3888264165855 45.2774919548298 33.0266860660548 24.7474885073155 27.4663995853835 26.0432441194105 25.1233454643822 31.3072108053006 30.353008056021 30.5601828744262 29.8521950161456 35.0455305074292 36.4029861115457 34.7447817686921 33.804034461552 32.9741305600798
32.4745457720142 34.3473186256028 31.8325591660599 30.6239989282209 27.8648343811341 28.828100467431 28.5022659290741 28.9525051776341 31.0705166184172 30.7318475214358 30.7040094224811 31.8311990067407 33.2861016098518 32.226549338218 31.1234257067341 28.0502067443425 25.3428001593059 30.4683591086989 27.5531615056947 25.783390405846 31.3052783356559 31.0282036007762 26.6701358626452 27.5869698856366 31.2603022271787 27.9020803118881 26.2623743593972 25.8785354979825 26.3076270319357 26.3473906642469 30.5583336559812 36.3181639397453 46.0522069733966 29.7325916513351 32.1275568504874 29.2713100854241 26.4846033748624 27.4522004859026 28.5297550003918 32.4313001080207 32.2264583806519 36.746772635853 34.8880729665505 32.254508506062 31.5859403892735 31.6714149072556
29.5798126617364 30.2472862933342 31.2914417614436 30.8743587778851 34.4292052300337 33.0617489979687 31.5966472918115 31.3875302058014 31.4317079052352 32.0092584117604 28.6174460751198 30.8513929133679 33.0430540882924 30.3915280891223 29.2560128337135 25.0703630209869 24.2974794277359 26.7257255626093 28.5362042622316 27.6784836268571 30.4022277324269 29.8651159109693 27.5766573492115 27.178553733587 29.7900006632933 27.1058298456118 26.7251228347849 26.0071170328185 27.4394786409081 26.4971163080493 29.9301367198901 36.5540545493733 42.9444682543124 32.7523577161145 34.4732990649346 28.6002619784134 26.4720982012199 29.207065068936 32.1206890107189 32.9216043619863 31.3228992528077 33.0425069656095 33.2862567088931 32.109649185492 32.0384624029759 31.5531379211659
31.5586685975124 30.6184927138606 31.1353882092479 26.6867335231905 32.1285680805302 33.6231992469077 32.1404044816911 31.4631300080382 32.026913110509 32.1212056744846 29.6883401832015 32.5483235547818 31.0998532230121 30.9442598276056 28.3345610321573 24.6837133622208 27.2339671774862 30.6545626737858 29.4521329691527 25.0428625760012 27.7856259582622 26.3327303795493 26.4995107770503 29.1225967745522 29.4344711470808 27.4231965476021 26.7883043505674 28.2685979500907 30.6561830950306 28.0855780819013 30.0465347408595 38.856608317405 38.997054061214 31.8862791203636 34.1742258608351 53.9617040729933 50.6124521350558 54.9114675279912 32.3187633312477 32.7333907086048 35.6289301383173 37.685953247368 32.592378362489 31.2001338166895 30.2668743031807 28.0304386064343
29.2276772628739 27.5280665025179 31.8817466280738 31.2852014430742 32.6754604960154 32.850137513777 30.7270004372915 32.3618721138575 32.8569064075868 34.8080759524878 34.7790175728566 29.4038542900134 28.6173220675891 28.6078381843974 23.5814020971551 26.9841457473972 27.4770538424678 28.0418817415273 28.1204189777789 29.4753255962705 30.4811817753343 31.4610436252016 25.7740601282599 26.5310264815042 27.1366512749111 25.557365453594 24.6747356247002 25.8818234153095 27.7536930280598 29.1711468009367 30.4720185899488 38.0966122229445 30.4326676640778 27.6577756339233 28.7811588991244 30.9266896018816 32.3554452928367 33.1653056496553 32.4384566527228 33.3283142638968 33.768053257546 32.7487075431844 31.9370772579609 32.5092271896785 32.618753505506 28.5300789435719
29.9368715510465 28.5812310751897 31.5503195678772 32.3526205489731 31.790645167627 29.9601211803609 30.4861139548683 30.1719637872526 30.6101306681649 31.3773714941589 30.8559962959443 29.4384946469245 25.951880282148 26.117653443354 25.9871433133295 25.9853495002575 27.1863784308249 26.3497661223159 23.1752164011567 24.4802417582498 27.0191906252532 30.5062620375955 26.4889970362643 25.7488331194537 27.948105850431 24.1873194477036 21.166558786716 26.6377388412166 27.3792845936046 26.693741995466 35.7441404933569 26.8254766128446 26.2840569377548 27.0914423805502 30.0770710393706 29.7153128362821 28.1900752106401 32.5981968208348 32.4920458727855 33.031768655002 33.2742208406054 32.8122902421876 33.1863901640003 36.4435985429827 37.577158442468 34.9688547744318
33.0223491606543 34.8521835928167 33.6395642611692 31.3739872760747 27.9554861823172 27.6196811999097 26.2690353234086 25.9011583731688 27.4835910277363 29.9056628724324 31.9001360797212 31.3144379464012 29.2778998848082 30.1606551212404 31.7938297112884 32.2540636477691 32.6596616972346 28.6877127369081 22.9983302383955 23.5962815134836 22.9971627791057 23.9268990831064 25.2572283695208 26.38754418455 24.3265869541954 14.0242868770542 22.0765937476754 25.4856048578967 24.7528341916063 28.5666620571978 28.8430231729747 26.1573615106234 29.303417606591 29.1334112810557 30.6345646024928 29.8851656259282 26.1117393663009 31.4520150775499 32.3894879281654 32.5783867010089 32.4892455181471 31.6256984644975 34.1432850255779 34.1422602899911 34.9120320685472 32.6968253791693
35.5169248630473 32.8984487043344 32.0697937765374 30.8943079173102 30.1213120756994 29.8060684674684 28.140751723842 26.4764855782328 26.3653375331933 27.2360161023909 25.1657620424065 25.4347473131561 24.744191841003 28.573056975044 31.8769133128152 32.0177405858622 31.7215575015898 31.3374405822223 27.014718724263 26.6130487925041 26.4321347219021 26.7718694718748 26.9525584634899 28.406106145626 25.8539085078025 21.8684269398833 23.6416062100983 27.0960878981577 23.3789708231552 27.2429217797819 27.7316958947442 25.0981308741469 22.1109357613969 27.4373865046914 23.5429811637933 25.8217603324954 26.1859926359866 29.2429961018151 31.9065199496992 32.8844019834203 32.5384250913019 32.375688155013 32.9726008869642 31.66063833186 31.9966989254314 33.1330083721786
31.0871842795181 32.5653875365532 32.1376432912445 29.6246013947999 29.364521001067 29.7168473883204 30.7052392902343 28.6797904468363 26.4843940442167 28.4110292306482 25.8924743050023 24.1051358805944 25.4042080366902 26.2549108047485 24.9700966620631 24.9238959486826 29.8691551306214 29.3610547034904 25.7793854230759 29.5465591043251 25.2656945069719 26.5350775678173 24.7901385421312 22.2286664339845 23.7927139491057 27.2307411598435 29.1235265406495 28.2974878031958 24.981829610553 25.4478003792354 27.1928470435768 21.2541916315445 21.8311524213729 27.4620944804218 21.2978575539637 27.2816228580889 25.3660979192317 26.4017743637624 30.787272298294 32.2675365392629 30.8473109887993 32.0188660843676 31.9841782075665 32.3472948617375 29.01526152587 27.8765396671379
30.7479066959207 33.8895400303179 32.0499748337356 33.9392185765969 31.7662355301132 28.2959658435879 27.5596909313135 28.7499686768317 26.2667803198154 29.5208499477487 30.1314036102822 27.5457459841056 31.4243579762587 30.8329578530939 30.1617074752634 30.6462622844247 29.8303733353474 29.3829570597867 29.7526269280593 29.7842891710667 28.1265283102838 28.5527892849242 30.3898523679597 27.9378581472317 26.4627994449687 27.3068060532253 28.9109865370133 27.7839677776022 29.0930154967312 26.457631196843 24.6066481396982 22.7011472314087 22.1345839074216 27.7674857663227 21.4659626853593 26.5696575787343 21.9181143116013 21.325141860239 30.3255738295788 30.2881053951787 31.8364843823605 32.3126183943926 31.6997275927969 32.9591524630144 30.8256764925909 28.1397324885776
32.0868368634299 30.6190147139652 29.7241923416677 29.5071625455779 30.606742158225 30.9267043986917 31.0513094037571 30.1014699995372 30.4290882934798 28.589879149608 27.0824745323347 28.3932725733347 27.8553198443009 29.940460400194 29.3665923740536 29.284561807912 30.6977320076262 30.7211340864543 30.3361515527783 31.0515442525325 28.3304999916706 26.7666830827302 30.6589842924014 31.6202591222348 30.3085829819306 29.1488117212091 30.534182239679 28.5483814082645 29.8942344978816 26.7534013971448 26.060827987217 23.0032554708079 24.8293433921829 24.951447589156 23.0377131799737 25.1819586940329 1 25.0228696063169 31.2300672270243 32.854859142287 32.0867602285892 32.0052543951928 31.9482280672085 32.1674202119775 27.717987453894 29.4553719815391
31.629300479556 31.9096076009635 32.197479256195 31.1946633513186 30.2866756345611 29.9722629563689 30.8340534014541 32.1840818180355 30.5280004311145 29.9361696445268 28.3527224735432 27.8832744688201 29.6440361536754 29.5464319954326 29.9041034028267 29.0711981668352 29.8551542245328 30.1541486437487 30.7998783773073 27.2513963301846 29.6169202704152 31.4983175593362 39.1753880479581 33.5564696676619 28.609318089101 29.3281320669303 30.7136684079928 33.0086723304093 32.9256195256685 30.3607040378789 30.06945407505 25.9262523064012 24.7849340047005 26.254041795814 25.720732288889 26.3734431353216 7.4058685382074 19.2637690115486 29.9246479021329 32.129503991209 34.1440890551563 31.7760123711832 32.185944263012 33.7649829831661 31.313146666363 29.0015228872615
31.3390297283803 31.5664804367252 31.263678662767 31.520679461663 30.9749710663108 30.4864877978869 29.7726041204514 30.6333156437511 32.4299982279172 31.310991931218 29.7636812999635 28.1190053207169 27.7218615911654 28.384819096284 29.2846047208165 31.0386566362083 32.2206314641056 31.6474370059084 29.766777400116 33.8485172705375 33.3532975384098 35.1040327735224 42.5902662899489 30.5977206375388 29.3725107810919 26.3435398681389 25.9739137718777 27.5489766999568 28.069785099152 33.6626798516687 31.4653857299087 29.2854957867864 31.7115927312954 28.7683645040949 25.4249447366661 24.2530531126248 17.1473177162123 31.9656830066889 34.142068748364 32.7943196718119 29.9575709231844 32.6304432501142 33.0898413830187 33.7636267346273 33.6265391526096 28.3899449257281
31.9527886573181 32.9127113078742 30.4022902067514 34.2580618814319 32.9039135363488 30.1609991311739 30.0511735722607 30.8435258192869 31.7640492991279 29.5499817814784 30.0854123152608 29.6616586261544 28.6331106085867 27.5236553265436 28.8418317553728 35.8838023081065 37.2235209299678 41.2422048212424 32.850716398363 34.5062394183739 33.6321159351166 32.9583952288922 27.9244753117892 28.6928909535842 30.4589366019123 25.3602655516371 24.3771540834252 27.7152735561766 26.7172572151791 28.3101671681429 27.964641966047 28.669107772115 30.2411003381725 26.0833581134734 26.1916181262035 24.761375620745 22.8313895849024 23.0933491803139 27.0088147310233 27.2733593136074 27.5413929609569 31.2674095227588 32.5286880247453 31.2587921913356 30.7346262561823 29.2780670761829
