IBR/IBR_outputs/all.combrep_1/Spinifex_Total.WeatheringIndex_Total/Spinifex_Total.WeatheringIndex_Total.asc
NCOLS 160 
NROWS 95 
XLLCORNER 210004.651214014 
YLLCORNER 7350008.22228844 
CELLSIZE 4999.99999999997 
NODATA_value -9999 
[rows 63 to 83 of 95, columns 0 to 45 of 160]
-9999 14.5885521840117 14.9222374030696 15.1193291325341 15.0028909631404 7.6678847545596 6.59065466774921 6.77805826605365 6.82617093775263 6.53812501621503 8.32484075898866 7.08517807731717 8.90016187054344 13.5094100749643 14.2880406874326 14.5112900319022 14.5452886430861 14.5722343791871 14.465303768968 14.4838810645043 14.4418941450714 14.5705499343314 14.8371586040831 14.7781067626792 14.7458147333244 14.6099846740638 14.5685780745982 12.5613889696026 8.73783558163539 6.90404688092916 7.57753804825766 5.92177117257186 3.54210155472445 5.01496160906813 3.6306243094091 6.77692387140412 8.79502062377578 7.880856086972 5.55712115229181 6.31636888413633 6.58329945975828 5.7438377865371 7.84036608482647 8.01891771086644 8.03196899261235 5.96499780285446
-9999 7.71128489991105 11.5374843670906 13.7407571675479 13.3215240997905 9.87846001908326 7.73829152842185 8.17853601266643 7.26740410837851 7.08757442974161 5.95827669080929 6.31850318406312 6.71000861111191 10.5752334613465 14.286252417605 14.4682891025605 9.89869477604437 9.81458292053918 10.4179228741642 11.0611414885935 8.17567190178596 9.36324331852822 12.4511629488456 13.4952759284314 13.032598672339 10.7127419568689 6.28861650558444 6.88061315231016 6.60037791383945 7.09140190834745 7.08762461291696 6.42645861716248 5.83636337613554 7.00870057778808 7.85052821768781 10.7498966753902 10.7973159598767 7.88988177799979 5.83805711170899 7.25339790900582 7.95000487698897 8.13416348915394 7.63471608828391 7.22069434754477 7.81798667717097 6.66667029369408
-9999 8.51818482126232 12.0215895936445 9.46833834147075 7.39244314649851 9.16098105549729 8.78286078426088 8.23054625087086 7.96077817476702 6.48775904592196 6.3898472414251 6.45535112521445 6.41817883471794 6.76790203238953 13.4897076924838 12.944018464674 5.67961225550637 5.20221096041736 5.44824031084935 8.03336243400568 6.35419951858096 5.30931289184467 8.82083493945136 11.5007373522989 6.6994507833035 4.85492101385092 3.52308960213646 2.95009139878619 3.81092384428776 7.14188286215815 7.57615769033338 6.34115156020379 7.04677616965748 7.66949036752575 6.63721056329647 4.06204005991926 7.03209193163869 14.3298446352058 8.81387811156998 7.28684364271043 8.75614440571677 7.73812460245285 6.85004360032935 9.66386197870375 7.82122580040211 7.35523087365598
-9999 12.4407429581321 13.507560540556 6.15801075896555 8.01759406057304 7.59055452709837 8.82983656241274 6.44954725841512 6.99422573474869 9.22465352677782 8.01180157687682 6.5049589833971 5.95427691271767 5.12527184445768 8.81797098204338 12.2733460528634 6.37605494838587 6.12823221491287 5.98498418005971 7.04150530915044 6.32503505410639 6.46929555786059 7.45187305004803 7.32944533467291 6.29767856929693 7.13531401876198 4.63961696056249 4.64250702813323 3.85814188757328 6.10162235211725 7.49597757605868 7.53163841845978 6.42800063054381 7.01874775419452 5.14027493138671 3.19765414028293 5.40642391649079 8.68248466987866 7.43575034262136 6.99615545260406 7.66036365092505 7.13117409579213 7.42227324597744 7.64417977265543 7.79871615562566 5.90370995314434
-9999 14.5091388915777 14.5499408281178 13.8337178398659 7.66956788196179 7.73397282615972 8.65351899964542 8.34868664769514 8.24101934863813 9.52141022973874 6.45090935236977 6.54396829554052 5.78831103210423 5.06946585249262 6.74446769255213 6.69642235327326 6.59439474492689 6.51257279535486 6.39000859015537 6.27780405304252 5.81463562078414 9.78997503560277 6.25540852204954 6.38876814208536 5.43557959133948 6.64817642413061 6.65041355356851 5.55618012710966 4.05338329842108 5.14009665101569 6.95581298138711 6.51131038367294 5.79414825958492 5.47774434318434 4.57487112425572 4.91417987505328 6.00632307530724 7.26062499414769 5.07988716437837 7.20302159992669 8.27302169701146 8.04981491698888 7.09891800058622 7.84481115074893 7.56849548956571 7.71722216925893
-9999 14.4669298312795 14.8530305194668 13.6670231398287 7.04229818873517 8.40388606980264 7.45247680928141 8.06777082750899 9.37157041559726 8.60321630291848 7.50272887000341 8.22405939867439 5.87750796231443 5.88981943846118 5.8384128098116 6.58579273689101 7.3228029558465 7.06002274553639 7.85836577871295 6.9447672745375 6.97084285410596 6.49834552098313 6.36030861783959 7.00789435075364 5.19064338927619 5.81667907281981 7.19873500822775 6.15736561211583 3.60564902811448 5.75007270878808 6.2691091064046 6.04844768999882 4.214755186705 3.41700237635059 5.2963960647915 4.84706355773449 4.25203093641702 4.93294120373513 2.54441866598976 6.20049860621069 10.5542075412566 11.6335887029568 12.4756796683788 12.0933035331299 11.9018386702048 10.5841159681987
-9999 14.5977012796907 13.315612128569 10.8627785537133 7.99941050439676 8.33836288225112 8.9945517258407 6.35839376599033 7.59138527955638 7.4039400082987 6.49032951204888 8.61619807676276 7.06435046691543 6.03176019068521 5.70551431959969 5.13386723246538 7.19623082153125 7.40983572062317 6.44898453287094 7.58053878029174 6.85778386042249 6.40604423124655 6.27002684730378 11.9797521169339 7.54506946829874 7.06392059740751 6.15525678486921 6.16853424522114 3.67661723271493 4.78397753654255 5.66053407931634 6.0507159933534 6.29437352329888 4.46424355393225 3.88561628725047 5.07022033100925 5.88680396055544 3.93608234638475 3.59136940202218 5.23228644553103 9.10802771328605 13.7106968723666 14.7255658206079 14.5684581517691 15.1714573356242 14.0841470397178
-9999 14.1269956666833 13.9013615109964 9.41759592595812 8.54788238525438 7.65961381314693 8.45685136637938 8.19904796425732 6.35960492835815 5.53787783381361 6.87573735768218 9.72835823088451 9.75898928873916 6.52588087773644 5.60242096396968 5.05381290061692 6.35934314028388 7.09977647876349 7.53332181996623 8.18859269538105 7.43339548525916 6.20145921671873 7.34614442520026 6.45038495469072 5.92428874066042 8.32132611483425 10.5759279498647 6.28260806025445 4.0838449775191 5.12256416648733 9.25733451541019 6.35591656504467 6.93126533212199 6.19587643875986 6.11337823503287 7.3373978935961 7.62946488829956 5.96022353848894 3.46053690266706 7.36750776046136 13.3038071917493 10.6368992821482 14.5694973894915 14.620872655222 14.6268585696689 14.8686871456357
-9999 -9999 12.1379695280585 7.47433703483846 7.87256233562514 6.39664279248876 6.19268935484523 5.96234462114191 6.04536490167844 8.5417914702525 7.51411395978351 6.41863406281086 6.51928465944521 5.85467979046761 5.42135156724255 5.74580292869563 9.53154082638019 8.30633046701957 9.61080808822251 11.5959540555807 8.89200825557018 5.72949594401114 5.41636795924178 6.51918391385824 7.76360261477552 14.040765511121 14.0684285446689 8.18531987138208 6.73532391429056 6.44816035946546 13.2776629210538 6.07142399482519 4.77801113480112 7.59915008613566 7.44788566767821 7.70948462166313 8.8469168202983 5.47198928188473 4.70675543941419 4.49095231397415 6.83796985630198 11.6015198686445 13.9746596569049 14.6118543037818 14.666644623725 14.5718103786898
-9999 -9999 6.65621973816143 6.83030071071508 6.97068984258477 6.45018444477427 6.31582284696381 5.91565453435322 6.20557014711201 9.42450216997617 6.75121760098373 6.07789677949989 6.28131904798715 5.61190183976882 5.33608973645338 5.03960879869612 9.86137589627325 8.36276422074257 9.63613831367387 14.8522267647125 10.7147087966885 5.91444539120541 4.56729757550821 6.99412487724878 12.509436911656 14.3136553472189 14.1982865983946 11.9596216313409 11.451516736043 9.39607080179965 13.9399242163976 8.60394222842357 3.72010981678275 10.1242604634162 6.90682467031183 6.74451237267436 14.4652675778801 13.1666677110407 11.3505818433117 7.9507182530719 6.0662553851914 8.88871125429077 13.7890304650029 14.2608163257247 14.6847823573201 14.5996551452151
-9999 -9999 7.02911392660797 7.9270771893776 8.65937622423542 7.7485314408456 5.90098068431034 5.87296453720232 6.0409907109341 12.6111631068914 7.47918877855498 6.83023523025318 6.28632644415803 6.0290723826235 5.40128572371715 5.128096009362 7.01712058381911 14.436889104932 14.5674029762188 14.1058262608093 10.5715424095041 8.51236508080722 6.42484895968014 11.6600943079595 13.5202816326288 13.3961416532963 13.0564316323857 13.7601396953331 13.5813004443002 13.087601962192 11.645484716568 11.1265817467585 7.89951206455033 9.24347951331051 12.9616157455028 6.83278898392052 6.6319170635617 12.9949305763348 14.5648570733471 7.88858127642758 8.11600778808143 13.3853141535929 14.6165323413994 14.4561116935723 14.3657356948963 13.9085567813601
-9999 -9999 -9999 9.58975641836212 10.0425530994445 6.73726992598818 7.80559066394063 7.77129582396721 9.96432605080961 8.54351248333386 12.5040255376449 6.76918332307023 6.14384163068134 6.7108551284127 5.618275394996 6.38528123856374 5.30486202069523 10.3055246911036 14.3208873890758 14.1537207888907 14.0412121677447 14.3315446094034 13.6490899549326 12.622282572394 13.0250514679967 12.7981486154754 12.248840867215 12.5095258403078 13.4651789559695 11.9180378153227 11.6176814222169 12.6327953715928 8.88371054043904 11.9148581365973 15.4176681764638 8.37040684022482 6.42405313591771 8.41528553241667 14.5417452724764 13.433018226594 10.5582530784242 7.55177970307207 14.1606908079179 14.5110900331908 14.5826756778203 14.3616543288113
-9999 -9999 -9999 13.654469150009 13.9894256363492 14.10847218046 12.8952863746407 13.7077644535551 15.0843294113652 13.9007526507177 14.5001705118918 9.09885288218543 6.13117638922042 6.11161767844093 5.60509764919107 5.92307371195589 6.04390209688182 6.24599379547275 12.1637298875449 13.064612338222 13.3725437180477 14.5024304888738 14.4511861398391 14.0871210366411 13.1508918124789 12.1532060784665 12.0182031693874 11.7974480214929 12.405345411987 12.4138900604837 12.903821785771 12.9972185319134 10.0642052600762 12.3015877716458 13.4919923586624 8.2303569420559 5.79517391073342 6.66509594438527 11.5663661332014 15.4089208361423 14.1138230789153 8.10037168764369 8.19749533290592 13.3875466322874 14.5944622122933 14.2748959813458
-9999 -9999 -9999 14.5141181770248 14.5058547447282 14.6809926531687 15.1040452197892 14.8560046963842 15.0848742546603 14.6186861089461 14.5593991219397 10.9616055879939 6.18785185776494 6.15103119683197 5.794213803438 13.5663621541875 9.1251909146729 4.97905827487573 6.72427429811159 12.321368340878 14.2895085471578 14.737964775046 14.6230771974841 14.6527869464561 14.0215499925353 12.6754212761861 12.289605721097 12.4404508793592 12.5490911651537 12.6021690724388 12.3512549640706 10.8887363733312 10.1673106352957 9.65835433767584 11.677646690647 8.88973718368695 6.061114510562 8.10621390938124 8.02390501192775 14.2909680255519 15.1144366924575 16.1554918320906 10.7143576999097 12.1687688019644 14.7523235912081 14.3347746805565
-9999 -9999 -9999 -9999 14.6561360694629 14.7384417572581 14.8177094877489 14.7206245068217 14.5485805462867 14.6489010534811 14.763932956365 12.7017054362251 7.25183286312924 6.71733351965468 5.73718749816951 14.6220783150649 9.05864629543961 6.8282401800585 8.28211389464349 8.75427510569269 12.5256942692243 14.031905833944 13.2678749171304 13.2819887511408 14.6780941370925 13.7003059358801 13.3609915351016 13.4505622820577 14.138493802056 12.979746281774 11.6450589213015 10.0374589184555 12.2092647043538 9.31003177445446 7.73845349289836 7.35372654956009 5.53587475611541 6.59698372525071 11.5030987627448 11.033734235076 15.3813184751795 12.6593041593943 12.4169694633568 13.1368576427473 15.0177313532978 14.4938032479618
-9999 -9999 -9999 -9999 14.7483628097615 13.2078953880407 12.5644364443973 13.9328215737255 14.6795166492534 14.6802123127246 14.7630313840948 14.6970890924818 14.0705963211016 6.9580445910363 8.2257048575453 10.9375790111899 8.78367128438169 8.35833278590352 14.1189108087289 13.7315141040818 9.31874035226067 12.4774372248468 13.0712448293622 12.9206546641475 14.6530660161141 14.6379936742453 14.1204263023556 12.4975084940002 14.1323000350724 13.1486804831202 11.7275789131866 9.24984753072032 11.2040726926835 11.3344154296082 6.95163535731497 4.4305685176989 6.01876166300917 7.35647661492518 11.9933194058378 11.6153837081775 12.8054271991811 14.9941320398411 13.2495863122794 12.6383800216115 14.8108378227761 14.8182180307549
-9999 -9999 -9999 -9999 -9999 6.66061037119615 8.7964335656088 9.47290310048018 12.6118615512374 14.6629139698752 14.049923257638 12.3402994565328 14.7722581869872 8.01273509483888 7.46670414365647 6.72243675575131 7.67755074814724 11.439020011528 13.2706088047186 13.3584327370289 13.6138832306596 13.0933021006965 13.7640930502847 13.6964940428426 14.3848387346947 14.6002800738643 14.5541640810246 13.7023887527999 13.459932026651 14.2347387591407 11.8019134227214 11.5091215485382 13.640824214974 12.0666198200825 5.32389647944732 4.67386613872523 7.38858940293385 8.17039816823438 12.6619392739145 14.5982768995714 11.6216070583685 14.13164575572 13.8028404150018 14.8300007545685 13.8356735173166 14.9692188441772
-9999 -9999 -9999 -9999 -9999 -9999 14.6705728727521 14.4353918893877 12.1290779098556 13.090033751171 9.34187735070164 9.07925531634356 12.7508700658163 10.044243556794 7.93166990231799 5.84482303104866 5.74843314543278 8.6262933307031 13.3314114320815 13.019630419917 13.5339268380728 13.7547094978828 14.155147522397 14.3682994755904 14.345598060033 14.3312986860433 14.4428442126437 14.5509120829414 14.0373849372368 14.8417923367698 13.1805710458809 12.8190739072846 14.8467307537092 14.8689819528369 8.41937443929703 6.22846055284123 6.70898156594617 10.2957557221375 14.6428096168102 14.8614237486963 14.139495017659 13.7792749187661 13.4446811884737 15.0838358450662 12.6393277717598 13.5805826507121
-9999 -9999 -9999 -9999 -9999 -9999 -9999 14.6797884517395 10.2938803850224 8.61164028183373 13.2309907664092 14.6718061100313 14.7548077584436 14.4436459241642 11.8158650299084 7.56033525765559 9.12605062679315 11.6288250833851 14.0304810844259 13.5624610169352 12.8586033883597 13.2169419921646 13.290747414921 13.7482848125692 13.953384706912 14.3889596336276 13.8383075883871 13.2907322136897 13.3213089093986 13.7900345280294 15.0009835692159 14.8700417554928 14.7001121868471 14.6356359342555 13.144814948434 6.82596711898211 6.86895688501326 11.4544379217023 14.9737357426222 14.9865140956469 13.810721304141 14.0953800877393 14.9532262937815 14.2953083883025 13.7113484613878 13.7756866161218
-9999 -9999 -9999 -9999 -9999 -9999 -9999 -9999 7.20335376352146 9.74049734671449 14.6496693961571 14.5968367890754 14.5845919422466 14.8077957345946 14.8658942776447 12.884504132736 12.6186383941423 7.68082999381051 13.7415385794365 14.138516901203 12.9837218263024 12.5987427651622 12.499469236763 12.8926640886925 14.2789114274524 13.6786739148698 14.0896871503374 13.3654426775698 13.8737544663831 14.2474822430701 14.9733897654914 15.3520678133092 15.0092553965269 14.8614534546854 14.6984311326869 10.9412453026909 11.4901093793091 11.0001015668104 14.9438714486175 15.0525621907854 14.6135350341268 14.4183755303294 13.7878931041863 14.5614148283261 14.9608953714453 13.7772216117362
-9999 -9999 -9999 -9999 -9999 -9999 -9999 -9999 -9999 13.9403858555469 14.6702685191556 14.5168343413261 14.4858216928683 14.7003924634453 14.8613282442889 14.618294020006 13.7938082829267 6.45239467178012 5.81124745767876 9.44376212280482 14.1019133846443 13.3862839203184 12.5161446676391 12.8017845423094 14.2774692431433 13.5057262579036 14.4336408972198 14.3958794582267 14.0677429474328 13.4131358547807 14.4920740917503 15.0398247735486 15.1098938617952 14.7300463734374 14.6151523308438 14.4665665320955 14.9642640727043 14.1784561491763 14.7680672653099 14.9459112695781 14.8978035227962 14.4349897798052 14.0986892373711 13.9245270067522 14.9713491299185 14.3723211369636
