IBR/IBR_outputs/all.combrep_1/Spinifex_Total.WeatheringIndex_Total/Spinifex_Total.WeatheringIndex_Total.asc
NCOLS 160 
NROWS 95 
XLLCORNER 210004.651214014 
YLLCORNER 7350008.22228844 
CELLSIZE 4999.99999999997 
NODATA_value -9999 
[rows 21 to 41 of 95, columns 46 to 91 of 160]
-9999 -9999 -9999 -9999 -9999 13.6149896932259 9.99756128904106 9.60147560426383 -9999 -9999 -9999 13.6642329347447 14.9385489415707 11.688905144118 12.0688080200623 12.8160487280217 14.6499117197869 -9999 -9999 -9999 -9999 -9999 -9999 -9999 -9999 -9999 -9999 -9999 15.1452710950555 14.7573618184709 12.9134000289946 5.97807013261128 3.98680278100255 3.40695347879651 3.47144430253747 9.21777444347969 13.0032332990995 13.0298250251843 13.0147121379548 12.9704806426941 11.3949778720942 5.74633197965371 8.74450617630144 12.3765562320348 4.3197243814598 5.05906844149666
-9999 -9999 -9999 -9999 10.287041689311 10.1887189004816 11.5558414399488 14.4810519652509 14.9179518466469 -9999 15.457651557103 15.0230286617532 10.6303113062566 8.64917015402099 8.99137653168799 13.7179267846056 14.678876578731 14.7712756006213 -9999 -9999 -9999 -9999 -9999 14.7198189466997 14.740568138447 14.9139600633859 15.1512472826271 14.8680873666514 14.8393358937139 14.6838431007797 13.813888905837 11.8906729874729 4.99623191835091 3.65882550948336 4.64565465599716 7.04225846268383 10.8512065374477 13.0215574530751 13.0189884479497 13.0016162845022 7.97638290082853 6.0621056483556 6.01136200759512 12.3960179936728 6.78370614133633 4.81358107449524
-9999 -9999 14.6929257749923 14.750536370084 15.0107513619347 15.1786924062469 15.5473103426971 15.1531069521045 14.7573552180939 13.9368273736184 14.8613521182264 12.820661429887 9.9350801201095 11.9630068262524 9.13971756940109 14.3840437805866 14.7220052606041 14.7689098814388 14.6325599245579 14.6569494803776 14.6171775110406 14.6114177323677 14.3857631161034 14.543739161888 14.5778855535136 14.6736212847588 14.6196252818189 14.4981988274432 14.5593883098045 14.3576813616116 14.1588726164262 10.7279827025142 11.9759926418559 7.11967901762492 4.11080222992415 7.72083522193549 8.28426109210638 10.9509955145781 12.9810228085227 13.0140088467525 7.63314134556403 5.80960574151863 6.87562330689402 6.27568217246326 4.68358828551789 4.97240325203762
-9999 14.3116128563886 14.6874680786234 14.6631928521241 14.5407815594058 14.9181659862382 15.3769374195488 14.4213365900272 14.0481296068606 14.5022123179215 14.5580998215829 13.1829715109929 8.76725231185095 6.3663805091356 6.73479598317318 14.2210260807428 14.5439505219153 14.5706324108201 14.7004601045834 14.7636850590323 14.6113774630646 14.5392586143059 14.4009944028166 14.4673344995828 12.1061186259626 8.70009815050816 11.8140633135503 13.9472092042549 14.5930468961513 10.4158581966896 11.3069863672322 13.3993432395842 10.8358913161293 13.255278393773 6.62069434515255 4.97867349386731 10.2007976122984 8.76342086400915 9.45608999725967 12.8523985696525 6.65131432701317 5.79447782757118 5.76933623856606 4.75209899073998 4.09496810150871 3.74173789135792
13.8216348699543 14.1564020020984 14.6262066399426 14.4478480383652 14.2281006607382 14.2670734738193 13.7067486891678 14.5073433320668 13.5979720709911 14.1972549019563 12.8655789893295 10.7961084168371 6.12173815917483 6.49393463254713 6.62596829234449 10.7845245378041 15.0379017835426 14.5478135128417 14.5290759994334 14.5363972584169 14.5082601878919 14.5189660211805 14.5399991739535 14.648315733846 12.1215087363412 7.71026871933385 3.96306810725562 4.5854453410801 9.60369780241373 7.76683442386663 7.08548421198498 10.1563796933095 10.2893764014836 13.7343824537865 10.506152845443 5.20256492513628 6.89989615686704 9.44425161074173 8.65924083333343 10.5731846768221 6.53015808326204 5.10176371774898 4.93070057180821 4.71461299407399 4.13780114368674 3.73026934911854
13.4372602442674 14.0017337050675 14.5081504227075 14.1797036556133 13.5900980745169 13.6477597845143 13.2102659261641 13.3810686861635 11.7030275496182 11.2414433257487 9.86037629115144 7.02016167530969 4.53149988030619 6.24712841228137 7.67342982129212 12.3665858727787 14.2514662438539 14.6534684113147 14.5431172692651 14.4754498213386 14.458534370426 14.4887157155539 14.5884563775063 14.760073826905 14.6157174585548 14.755476490475 11.1725918058972 4.8925129006653 4.72215320560969 5.19081748719604 4.27321771952694 4.6431105263163 6.92528436023292 10.4200600467446 10.5335397329044 5.94555368978421 6.08437097466252 6.15974402723984 6.48957329244932 11.7465233841279 9.32486914799263 7.63394573474934 5.87868759505108 4.77711343081688 5.00725916891574 3.47291602006041
13.5468488173727 14.4444101328586 13.5945555356477 14.5724764018797 14.1729470177184 14.305856916926 14.6234261827841 14.1236791050141 13.9896701758256 13.3523425732403 12.107718928024 10.701785679593 5.74953862927223 6.63857839510229 10.0349104487122 9.02964221644354 10.6940764524769 9.15932515355645 7.55311694730469 13.4729120664994 14.4445059980636 10.2519877263103 9.92116568426174 13.1651061884117 14.451450862957 14.1864723069355 10.0119711442162 5.70275403259493 5.22679514474154 7.66530221127452 4.34024160962004 5.35948781676312 4.9319903987729 10.9256022652692 8.90450356167141 5.26841046599027 5.61554480036016 5.53201891160587 4.70281640066632 9.00410630098892 8.28125383785073 7.43717137983234 6.48889511968434 5.73593128891419 5.59719331151068 4.79960438416966
7.38104631201105 8.977815100305 11.655979823731 13.8535539218848 13.5754384765046 13.8467401616707 14.2046657401737 14.6366170539731 14.9913942425162 11.34035110617 9.91859766311232 7.67475820575082 7.25423911159228 7.53113117981099 8.57569774493571 7.84284591998988 6.53243123208997 7.41664036024967 9.18670005897731 7.38897741471537 13.2254343758119 6.45734724185003 4.97541529006901 8.05646617777136 12.2813052530802 6.13217767227756 4.21265547854524 4.82599569133443 5.70699880821009 6.14307195646343 5.8870376001192 5.11817974889888 3.69287766461338 3.83226743451357 8.68921872585797 5.28754026815331 6.69103524488319 5.99436687464269 4.95184699657292 5.98917038517327 6.51156942060579 6.11472174909351 5.23180257456401 5.08868457896668 5.13848151498297 5.05259616634306
5.80058919001784 6.37329529950289 8.00121331967263 6.36224759287032 7.35119689031103 13.6977606858763 10.6159768495937 6.89328240886686 14.6187434009738 12.1635288652548 6.40082880141675 6.2949454820495 7.24864581118163 7.40301067585006 11.1404241649658 7.42057077069786 8.53232067849332 11.0748818393156 9.98133739528253 11.519924824149 14.3289805924805 9.90191040996871 7.87813244640143 9.56805960807358 12.6432407582791 6.56294282380007 4.57631185912503 6.4699482805551 5.8043349069404 4.60808807307005 6.54325738956618 5.73926386685653 10.3301957211739 9.68771634483058 7.91017598372875 6.36127565748162 5.8672166186201 5.48755234877835 6.03513012646039 5.75599215045062 7.69438896079102 7.08016836610994 7.61211191425971 8.17413140817611 5.86908237782786 6.55059282073153
5.48201765862732 5.86322185406047 7.13007258659419 11.0349007615665 9.58236435571576 10.2055702320984 9.68154621732216 7.56040002508044 14.3158137160921 13.9862542830993 8.2869915951024 6.99031155261378 7.64833454981695 6.78348166318902 7.65365268985871 12.9286014737326 13.6858998379441 7.41096933866696 8.17275240268646 12.2693552261139 14.4123713774768 14.5172481015328 10.1032023060224 7.06578248919185 9.69009710130832 6.52068829365476 7.37771815236666 8.92496301257742 5.47375766953573 6.52254013461087 13.8900417249699 13.6102341444271 14.1975111290543 14.4884502297472 14.5520099299675 14.8073043572245 14.627835637255 7.27315264686524 6.61826419472208 6.90411432781003 6.47890180360282 7.26218384909901 5.43695128695398 6.09730182406891 6.90901966948368 7.0954333154843
5.52128383111217 6.80407159758074 8.0757743600924 6.3309482057837 5.96920524486561 11.2138089923502 5.99808876956786 6.47571261551457 14.1632277681314 11.8027627992917 7.1142731245883 6.16248685878483 7.88228284820651 8.20465379725586 7.96700205229658 6.33041179778273 8.65441526945033 9.52626165424631 9.15990317807591 9.0090769409712 13.4123934963413 11.9139581107512 8.38621669264342 6.92584595436954 10.0747473828378 8.36665999501746 10.8880767232397 14.1206825935999 13.5408253441477 14.2873481548691 14.1042407132434 13.6885657594261 13.1827370470225 14.0932897212986 14.64434020088 14.5847145085065 10.8569911718652 6.07041650210122 6.14909819508994 6.59687986397557 6.54957031905015 6.17282437278801 5.93663492243736 5.15864293175621 5.35825642677731 5.98285297384721
4.5641726319321 4.75854498919949 4.53462649933834 6.03617491505888 5.20921119009321 6.78260507367435 5.18848715667173 6.43621627792677 9.69979497116611 6.80844144340633 7.04585247782152 5.46580222733923 7.4993354849897 7.17095582335904 6.24919014382387 8.49620661133493 8.63374985740661 8.27427030223917 6.70880599548218 10.8987779478795 14.3348192832702 14.0937080329969 8.14092356789036 4.24947334430502 6.82889811711861 6.3529469588658 6.07519035966744 13.307598330022 14.2164278055397 13.0781465178164 12.8001368249068 12.6872692142333 11.1756865252451 10.1005875521242 9.10719737992231 9.37483399850046 8.04234278310356 5.17021311662804 4.98788042484902 6.59680079909337 6.03113463682817 7.49718987209562 6.00018675928216 4.25849248953492 4.45083682436025 4.72726830748501
4.01869693511135 4.55198015825068 3.96701702316109 4.56427302843948 5.48292040595566 5.80323470299292 5.1890664536679 5.72053719006823 7.06385019645967 5.95735615519403 6.29411176817031 4.52683606774235 5.93236434200632 5.76076991608829 6.15013205845157 8.88391948742033 11.3037135162612 7.67979507939053 8.65153991578391 11.128912722876 14.2082365699834 13.8910574548147 10.4352621336954 3.97114553805969 6.59246947583871 6.94814849788006 7.409000669279 13.6519182047283 14.4777792913348 12.2850576744485 10.7031694293414 6.76974532073314 3.01582107784447 2.02288264504533 3.84230229996672 6.20978459466366 6.7352707952581 4.26634371191557 6.16394719770241 6.58810330499338 6.44065714822577 9.49623922165002 4.59822810225336 4.53705762965115 4.06742069155962 5.11903827265248
3.54933575029574 4.05047799160692 3.66948154855853 4.45419999561855 4.59517835408526 4.43413988736627 4.54774829242896 5.07493079267326 6.19892446650768 6.39519572841534 5.10755592712573 5.42956465999446 5.97958993183162 6.61461709959893 6.51309038947039 8.77996144737477 10.2645309548084 10.8583669643628 11.5130703838988 13.6535128207011 13.7322258665204 11.2494567360836 8.58090626093562 5.22918641872967 7.70245227965303 7.15958501541564 7.81664165982231 13.6052199689739 14.5405331828006 12.7358165550685 3.89742396508258 2.88181889812066 3.09920652479425 2.95218101506685 6.31963570901249 6.23709634236975 6.34328351644546 4.98041483413305 8.86772824543168 8.26512231964212 4.65006915918748 6.79550042683119 5.29017733315061 3.96510433070145 4.19714959108091 4.91848874404145
4.12151846959014 3.98831486763702 4.89424069271443 4.64093101941565 3.19465668414003 3.55696338308094 4.19281005087282 6.41208109990436 5.15037207049022 6.01322471989357 6.90989224158576 5.80311625100216 4.69924013860141 5.8713666429284 5.64068009872689 6.18586404180359 9.07896362001857 13.2735374878223 13.368404847867 13.2263042955325 13.7692976672976 9.78751035577266 6.71713154339889 7.22167401406631 5.98769659462561 5.84495837088129 7.46681135172497 12.1492877431441 14.3341928073513 14.484521231744 8.04612113622659 3.37955807586728 3.91102197767894 5.35156120803636 8.86380831150662 7.47583297862414 4.89609616623732 5.92848783429806 5.97221409729602 5.08483035704297 5.87609178663058 7.19495371544882 4.69665562490945 3.94156793948774 3.12978145345853 4.59811708622039
5.77025144487126 5.93256663143258 4.59273459918352 3.91731446999147 3.76287417236831 4.39870940401956 4.09665575158563 4.53431519794999 3.99226387848814 5.54203092503458 5.8815709118435 6.04237061486178 5.29868986716604 5.89028608647691 5.09920785673184 6.10508403991557 5.49519123443593 9.48817861780825 11.9086957683522 13.2655785852084 12.2775966083159 7.333727993725 6.89367482392819 6.7192866068109 6.09990705304749 6.91445913725466 5.95468085541212 8.21468479602929 11.0595310435849 12.6579401636537 11.9650436685218 7.00905938011855 6.01248060412992 5.23713447867573 4.62060818730019 5.18963300239005 5.11122974054551 5.75778807262645 5.47960816338888 5.13057175301821 4.82060735352673 5.37883414320374 3.85297374608647 3.09819695548475 2.11068300582457 3.21452733444169
7.00717173974159 6.64710241204795 6.88256052079491 5.96253661897199 6.13370320527698 5.48283358406681 5.6048772359301 5.95781087847289 6.59126543452314 6.16451416403288 7.69879302570068 6.24322921128242 5.7149870775953 6.08708439774266 6.43882609563864 6.2844285562265 5.23462527200114 4.0296787338293 7.04522831561157 8.78133120008076 7.99829120572059 6.97482468702499 7.12313876146394 6.69664324474792 6.86973799228935 7.86195282184126 7.44671929260454 6.69829137682647 8.31076476097138 7.50635265952114 7.29309048427273 9.28400497860828 4.32138696359262 5.60349210924584 5.52600036399916 5.65592577406029 6.04306597889647 5.37021391299903 4.53136762937924 4.11102684052168 4.1482329816159 6.9575057107824 4.62825190728755 4.22255902243124 3.80045579083918 2.19549928324166
5.20070518619395 6.25984619377151 6.47761581038425 5.17651983333034 4.31260998603191 6.18739733516841 7.35127963862367 7.88839152027138 7.1340507498385 7.77694257925747 8.11818350002383 7.10472754617537 7.50112675484534 9.21241050422251 5.95275309848551 9.7950881540656 6.2809856198265 4.97930384438533 5.57180523279099 5.90764668100053 6.7814554509 7.25392459043992 7.1059398701391 6.85751857528377 6.58370430584161 5.8375896652706 7.30358071766401 6.81477016302494 7.43814645791573 5.94310195451273 5.2708617387889 8.84603509563685 5.5439248010931 5.26691853314599 5.13604294880403 6.16294579092377 3.85223090575139 3.9724858946382 3.98047113365788 4.08364548603841 4.92638968495087 6.443419639263 6.29379527120218 2.71711647717554 2.42542982387287 2.07289612546428
4.31317316804695 3.35779118119332 4.47414232150811 7.1479711517144 5.7914329104505 6.71417126437335 6.6826827548791 5.34577842921905 7.1181406746684 7.13415279776611 7.526759851747 9.12911177738204 10.4586794793832 8.81170840635527 7.71515402994443 11.0620064027206 7.76338847054735 6.79648822409197 6.88034864705501 6.87426526491453 6.43069876163574 6.51596284178301 6.63322866641286 5.99132765697556 6.14610149948606 6.17063398085741 6.75934267807147 5.9245665682169 5.98119561282301 5.58766958284505 5.73691598261843 5.6177230502849 6.1226136688973 6.26097744923594 5.15736167221809 6.09506707077718 4.91568800489136 4.06674246436715 3.45501727300031 4.22331174059403 4.45165733235419 4.93860472798293 7.54633330501949 6.99161458688552 4.48845069083471 2.9612781871919
5.3730066392593 4.61901854921623 4.87569728590786 6.52905115223583 7.2657534750508 8.28541996922274 6.50644881666409 5.25027786767183 9.29413623918241 6.69097852164785 6.27766303868265 6.2859736156575 10.0092758749504 7.52893467352093 6.79799010862717 8.95623587351232 7.16354100166347 6.91907087258649 6.73566684815443 7.0050193308586 6.93252183697193 6.42211536774096 6.49408391292344 6.62793939831718 8.02072801462979 6.7002366723338 7.3747510291228 6.3829227292072 6.22615478311892 5.72470907727371 5.29778643311258 5.24099907229503 5.31945772788959 6.33544713327187 5.79809517069734 5.60804550025523 5.48191964780443 4.81573420519454 3.8214729920574 3.90143058498532 4.55394754900995 4.82755877293443 9.75052713505817 9.1875189452238 6.22960324020919 4.9467638926854
5.71379545648786 6.74922811543938 8.31502812308841 8.65670171565651 8.69102642365034 8.05254631341036 7.02869545244851 7.52028717280188 7.86913693166942 7.81487486276484 7.24193909473853 8.14540258436344 7.19591140716453 5.43107138755427 5.45025874946571 5.20627205220018 7.25405997209726 7.0007238427165 6.85234100491289 7.22967961151317 6.348337665418 5.87294109326161 5.65729296294585 5.91617802255759 10.2412578401193 12.0097401429677 6.63951252470471 5.69958280601692 6.71586415783777 5.4172670962372 5.52904080748554 5.54882153151232 5.83614940941094 6.66257892031673 5.30113332659949 4.92622988399665 5.52935583352699 3.62668243309877 3.82215202282015 2.99304241062873 6.43458673515947 4.98169381985662 10.3417103016395 6.44914895258107 7.71943473484166 6.14423759223931
