0,20.4052971123463,20.3870691224575,22.2311008755056,25.8650910367952,26.2237996407008,29.1387853325924,24.435513437171,53.4978772026174,56.8613985072518,79.7715934475843,52.8847211266968,51.2719437219508,51.9086236713416,44.5551244261913,44.9553771730973,48.8003142169615,52.5030871283058,51.0659005318979,46.6831371149181,32.5047427681359,34.538218320736,32.2526647539225,59.0101057667117,88.9219046075313,101.020754402913,52.4416313891648,52.2197560932831,46.4088838793378,46.0117441839784,44.0794432940033,49.7641730814752,57.2466791147206,37.732268883047,47.3737754114934,45.9735430333678,53.9739401020744,64.9487983700659,64.8632234002784,66.5093909797922,64.4518684275163,64.7419268135612,65.2862153535513,64.6604400382646,70.7870742933934,71.1743275677593,78.8125252708689,70.081172113959,77.9351464453082,71.1483311375478,71.4723791696416,38.4180610907131,36.4904396728658,38.2959425369364,38.1378422699868,39.2372193286973,36.4392622363528,36.2288314962698,25.9557627155328,29.3854736371785,29.3813726017819,28.9132761253065,29.7609216425595,86.5379122196814,36.0405670789132,42.638894459665,76.2416098292966,77.1426778091573,74.8453443311876,70.0302766542002,66.8005895545083,65.1384036909425,71.8930442108682,70.0711894522079,65.6886586712664,40.8056056007115,42.8491569541274,48.6927903937167,35.4742039755971,35.74331399735,45.8190574793455
20.4052971123463,0,21.8708896083468,19.526908115615,20.5649383307543,26.1047414475122,28.400372948025,22.296984514251,52.1481248818675,55.5151676685887,79.273007774769,51.5569140535247,49.9384399439958,50.5711962432767,44.1886089029675,44.5540231823211,47.9841947763674,51.7013378201141,50.2404646701223,45.8937256567354,32.2437608024465,34.3085721509109,32.02988897244,58.3082002938416,88.496616329186,100.58478100387,51.5880575658829,51.4128442673402,46.0939430015609,44.6961696079081,42.7607743376375,48.4475920646785,56.8176414643661,37.5401608344642,46.9597158188283,45.562775061513,52.6621987584573,64.4711979867519,64.3876379480981,66.0320816688412,63.96124605633,64.2508519480456,64.7935285308202,64.167401263114,70.2973908695758,70.6886197432032,78.3241312757531,69.5937715360819,77.4471751490532,70.6601894710237,70.9885684281107,37.8082314272131,35.8964678699447,37.7153695805045,37.4640804874249,38.7842550922718,35.977967916416,35.7406138700056,25.8142435039284,29.2171930598042,29.2711982960826,28.818525313723,29.7579753734148,85.6170878270724,34.8179741281827,41.655910788763,75.7769498290571,76.6796744913384,74.381583233688,69.5656789642269,66.3011427830795,64.6389418411121,71.4001071125463,69.5788728086787,65.1832900158115,40.0919036185091,42.1546157292687,48.1900414624678,35.0208379776117,35.8371688942176,44.431582077709
20.3870691224575,21.8708896083468,0,26.1415941934193,27.0727067911824,20.4503048362801,25.7338917576264,20.1051351224356,53.1373871257179,56.4919016869573,79.0879115737431,52.605129193527,50.985854767805,51.58975604253,43.9049022120255,44.2734190650705,49.0225575337735,52.7138346266368,51.2746469041809,46.9049661274774,32.6689758401023,34.5862041154991,32.3552853682968,58.1791054051591,88.3123375494994,100.39718824475,51.5989242021395,51.3702410340934,45.8619417343283,45.3479658881045,43.4052706516073,49.2098176212398,56.6166956009881,37.5878730345705,46.6753821634885,45.2696022222931,53.7358455821809,64.2789999710754,64.1953253350698,65.8406335855347,63.7703326158703,64.0605361717917,64.6031032020532,63.9775423154413,70.1092205138885,70.4995650488527,78.1360903281661,69.4050004962746,77.2592042973311,70.47172592333,70.7992199408832,38.6655950080388,36.7472189147162,38.5323964077392,38.4000071966886,39.3948571988772,36.620360883802,36.4357077964961,24.5613234524949,29.5857485282704,29.5565996695616,29.1679590073497,29.9778129771452,86.674658266837,34.5224560581478,41.6975983768658,75.5857557870856,76.4883950047996,74.1902769389241,69.3743572309332,66.1145534010708,64.4521202022305,71.2126203540038,69.3910327634432,64.9981551697208,39.820404378462,41.8908232038915,47.9554961414276,34.3385273858262,35.2859443128944,45.4530121827171
22.2311008755056,19.526908115615,26.1415941934193,0,18.9649588683774,28.9333832518954,30.5480206940821,25.4983027530118,52.2081573190839,55.5851692905981,79.6312509425409,51.5211583028117,49.9107240157075,50.5817387440635,44.5062611501762,44.9043372812717,47.3577481101037,51.0904143840744,49.6304500696802,45.2696810399325,31.7455192816634,33.9342491499924,31.6028003360612,58.8244259206405,88.7769194742115,100.879613721814,52.1295266533463,51.9564749638899,46.3082121773078,45.1003807442285,43.1775247662017,48.7260705656261,57.1184770692341,37.3637056824604,47.3266832660902,45.9348715964738,52.5771364719222,64.814360260373,64.7287963275073,66.3742017508925,64.3168218824966,64.6063174717906,65.1507932046923,64.5244809355085,70.6492942442114,71.0372139930485,78.6745535197691,69.94386578566,77.7970846623979,71.0107607874392,71.3354579289059,37.1646079146886,35.2433542963553,37.0870404494778,36.7978986593014,38.2557391317961,35.4234826817471,35.1548158604066,26.7190409409594,28.7069219009285,28.802909223672,28.2772684513956,29.2843837195984,85.0913105595462,36.0556845086528,42.3091622199606,76.1055247335913,77.0065915223998,74.7093236637804,69.8943143905726,66.6617496650218,64.9997915971732,71.7547579722498,69.9332179858627,65.5486895777539,40.7527848781197,42.7888592548951,48.6004805233247,35.7795331188692,36.0140346891484,44.5029455340139
25.8650910367952,20.5649383307543,27.0727067911824,18.9649588683774,0,28.910091216308,30.1323129212193,24.6740360006166,51.1269876931555,54.5074939473363,79.239859256327,50.4605996411142,48.844574929717,49.512023085558,44.2135594605168,44.5831737456558,46.810707099145,50.5544271094121,49.0727002957705,44.7467173420936,31.6588195520828,33.846431196669,31.5311896430203,58.2712189348013,88.4480964990433,100.541258699384,51.4608303640388,51.3235405511309,46.065402401792,44.0618014127347,42.1373746871974,47.6789557288389,56.7842345930753,37.2672718708617,46.9945975544995,45.6045004635913,51.5323127117839,64.4399862351611,64.3561209068052,66.0001631270545,63.9315396694825,64.2207190388392,64.7638150767743,64.1372679783988,70.265119297371,70.6563157444759,78.2914884903839,69.5615618130466,77.4143867292795,70.6278622046434,70.9561379512685,36.8061342401333,34.9012443474683,36.7515722940608,36.3864859649567,38.0129166829498,35.1785377090096,34.8926957072744,26.5186242815758,28.6975191518838,28.8274293103054,28.3333236769286,29.3896392663188,84.4366394694087,35.2319495486507,41.5475127013044,75.7422765368818,76.644743244974,74.346826854954,69.5311034351281,66.2694649478221,64.6074687341533,71.3678969928438,69.5468442896838,65.1515444033483,40.1905463502197,42.2404193085777,48.2007281331266,35.393090498614,36.0408423430529,43.3856475081669
26.2237996407008,26.1047414475122,20.4503048362801,28.9333832518954,28.910091216308,0,20.6927315098389,18.4731662993082,53.227889250367,56.5736362028523,78.8545108073688,52.7689028217878,51.1441272026721,51.7178530298105,43.7093608851703,44.0455882347378,49.61634018762,53.2978088079658,51.85717335399,47.4981486691285,33.223682953676,35.0421106201565,32.8599586149739,57.7958284663069,88.1515852982292,100.222836797339,51.2045253895206,50.9681284255221,45.7670266614165,45.148894665601,43.1964999883647,49.1152932301778,56.4366593546725,37.8760947855803,46.4310951153063,45.0201100370581,53.9367553903605,64.0594367940055,63.9776342477373,65.6220723503211,63.5391842215929,63.8295152540413,64.3703897007662,63.7450256655802,69.8816263677766,70.275033791001,77.9098885109016,69.1790761042291,77.0334853204828,70.2453672646684,70.5762729482609,39.2794622342497,37.3687773334515,39.1370216708351,39.0261070754625,39.9332662083404,37.1790431889161,37.0160348550618,23.5673537170357,30.1801949159412,30.1373583234135,29.8166876046562,30.6095943707504,87.1970456600771,33.3444622509349,41.2012474485003,75.3798625140573,76.2840468796002,73.9851596771185,69.168404159076,65.8788671014012,64.2161954849268,70.9824808285783,69.1611646207605,64.7580336115957,39.2717857807572,41.3716292955888,47.6697077898509,33.6289386977261,35.3482667252093,45.542318760063
29.1387853325924,28.400372948025,25.7338917576264,30.5480206940821,30.1323129212193,20.6927315098389,0,19.9849632832786,52.9251979876956,56.2623791455618,78.1869003797218,52.530781118496,50.9016742277948,51.4481244353343,43.0771890828918,43.3824724841467,49.7212808811489,53.3936227186709,51.9531330302131,47.6010470831283,33.2734156114542,35.0060459979998,32.8666405234234,56.9861941515257,87.5513027417993,99.6099196203418,50.3924682011294,50.1448770047686,45.2297181118198,44.5725681850852,42.6115591138192,48.6368034599603,55.818435096718,37.6926932079266,45.7522005593563,44.3362140661391,53.7308018759942,63.4045227885324,63.3244581799025,64.9681049215642,62.8735208671072,63.1639846984754,63.7032804569997,63.0781134660809,69.2193364930315,69.6155703518746,77.2488964463708,68.5183242113552,76.3729438128744,69.5842190426072,69.9182752931167,39.3900204003099,37.4850014286048,39.2382772397541,39.1502814665024,39.9717282951943,37.2355479669487,37.0922971277979,22.130184065626,30.2647934945115,30.2121161002896,29.9482709710346,30.7311427632711,87.247302415846,31.6457746965895,40.2910831949978,74.7376617418453,75.6432781142444,73.3436771167138,68.5261460351197,65.2090869775077,63.546186939854,70.3178406134318,68.4967677998811,64.0841599684789,38.2847768763695,40.4160102933479,46.9512229155902,32.4574965229062,34.994549617415,45.2438721718909
24.435513437171,22.296984514251,20.1051351224356,25.4983027530118,24.6740360006166,18.4731662993082,19.9849632832786,0,49.9916941474034,53.3407800252605,76.5260706686274,49.5523332090415,47.9225031050499,48.4929037815587,41.5204019339112,41.8268072088282,46.8234142144687,50.5177739897302,49.0570825929311,44.7279589889128,30.9089048666647,32.788326907494,30.5940372456781,55.2764679943026,85.8845855165218,97.9477858798532,48.5168257336527,48.3339590924757,43.6047204362273,41.9398924419325,39.9831491696467,45.9116364790222,54.1712318881662,35.7146520569193,44.2028329072185,42.7973062344306,50.7340428093328,61.7506688435206,61.6705944571059,63.3133362526247,61.2190910176134,61.5088717253529,62.048419923234,61.4225991985139,67.5615472792621,67.9585510839711,75.5908582319938,66.8610883807201,74.7147910200282,67.9266688093552,68.2614700669633,36.6616564459965,34.762751829338,36.54631597011,36.3512837652045,37.4686366682941,34.7014006900158,34.5096803017766,22.0622749304656,27.9235408279005,27.9319056478754,27.5943510239742,28.4656913479723,84.3190474437475,30.0909118858412,38.3742894929495,73.0816976755861,73.9873002040555,71.6877830428996,66.8703280235643,63.5501211949747,61.8875022124477,68.6594696690016,66.8387754994443,62.4238893681021,36.773111406401,38.8894117066503,45.35175557284,31.5124049437448,33.5469739110786,42.2705945632288
53.4978772026174,52.1481248818675,53.1373871257179,52.2081573190839,51.1269876931555,53.227889250367,52.9251979876956,49.9916941474034,0,27.251859501846,94.8023842664866,38.9813065809401,36.4615348608489,32.3638108268375,61.0201606514478,61.102397226062,60.3502680434783,63.9427057462398,62.1924411607102,58.5241145667433,50.2676440363683,52.376549311754,50.1888327138376,72.1870741905241,104.743282177535,116.730043179413,63.6451844530798,64.1718084390016,63.3201204564367,48.0708276184566,46.6654289079576,45.8946113547674,73.0377001289296,55.6982794665426,63.4154737858524,62.0621426851381,43.7797501863839,80.2170050428392,80.1529962025635,81.779272370547,79.5801373677995,79.8641224646196,80.391769076826,79.7610144726204,85.9190962683699,86.3503435714793,93.9578906431197,85.238660180225,93.0848333059723,86.2973040038334,86.6691170658847,53.1439295653907,51.5010645710902,53.3095727800183,52.1899638367886,55.4108766102201,52.5904580900258,52.1864979322078,45.7905232167558,47.7750969819518,48.0508296311275,47.7568860209258,48.9862888349625,94.6813727457006,53.4985388051501,54.1526541811808,91.6460596665905,92.5650269340924,90.2595935907354,85.4355707564047,81.8262325431602,80.1644846268901,86.9891676116219,85.1746816860844,80.6488776198466,55.3751793250454,57.3689589660369,63.8467681028246,52.8594408470455,55.2572951207752,35.8863158300341
56.8613985072518,55.5151676685887,56.4919016869573,55.5851692905981,54.5074939473363,56.5736362028523,56.2623791455618,53.3407800252605,27.251859501846,0,98.0710829407337,42.6481962993959,40.3752447443568,36.2422104274664,64.3185029648971,64.3929637154782,63.8000604837749,67.3902393465846,65.6440566686378,61.9695274868112,53.6483828211107,55.7484118748437,53.5639782540177,75.414310550886,108.033237139735,120.016719560704,66.8320285689294,67.3748252042222,66.6339148510841,51.1738769954974,49.7880874638864,48.7286050650356,76.3254095101944,59.0552630156215,66.7031273879208,65.3503525944302,47.283903845006,83.4915105698503,83.428067735649,85.0538788280148,82.8510147244749,83.1348815946526,83.6620785315601,83.0312322461662,89.1902708373411,89.622625640132,97.2294297894802,88.5104694053687,96.3564926334292,89.5689087239742,89.9419297547923,56.5618142890894,54.9167327679095,56.7233816794445,55.6166206152871,58.8056556715454,55.9875686600589,55.5878137864302,49.1082795610502,51.1532232132521,51.4256638622291,51.1346038471779,52.359722354033,98.1467061189856,56.8018059109659,57.3689792603647,94.9242791123808,95.8437184195336,93.5380662368491,88.7138026389156,85.094691958495,83.4329396421062,90.259435884736,88.4451208715864,83.915703733938,58.6348104893512,60.6268188834924,67.1155916415056,56.1554911452447,58.5983509210374,39.8537628171608
79.7715934475843,79.273007774769,79.0879115737431,79.6312509425409,79.239859256327,78.8545108073688,78.1869003797218,76.5260706686274,94.8023842664866,98.0710829407337,0,94.6158701969896,92.9941603715184,93.4160052617694,66.5521786237509,64.7667414888693,91.8008400290554,95.3573635526824,94.0081936229276,89.5661366003649,73.7708492047474,74.5127836796106,72.9771933410023,83.2723736152156,92.7395189460641,101.527360652874,81.2132080392862,80.086851106995,72.1152473135531,85.4989018670637,83.6078734807767,89.4571119291173,63.3750294839272,75.6432414829205,67.3622803690315,66.9342730048009,95.9119370954069,53.3412537096387,53.5776559275321,53.1108747873279,52.5425754830798,51.5301494522441,53.2028800464551,51.2782712015216,46.9336857653626,49.9901270109111,52.3117667677049,48.3129406170525,50.3021178289506,47.8979297286871,50.9693777091626,80.7156469196282,78.8290893962272,80.3534470724889,80.8437852214752,79.8126819452405,77.4269658931203,77.6398535137903,68.0784749110631,71.4613292779949,71.5309959941965,71.7376672124348,72.7134230469353,129.375598117139,79.0563615962389,78.7046081739322,65.1751582380005,67.005662478642,64.3988437180569,59.2368968174327,46.8079754912419,46.4692606618084,46.9468318226992,47.081236099199,48.4256182326367,74.767073283421,75.5674339521429,64.7021068244443,74.0675304526779,76.1510594638609,87.3972000577931
52.8847211266968,51.5569140535247,52.605129193527,51.5211583028117,50.4605996411142,52.7689028217878,52.530781118496,49.5523332090415,38.9813065809401,42.6481962993959,94.6158701969896,0,19.8278298905498,28.7195879556381,60.664479603217,60.8007327768502,58.07686369169,61.6076897654234,59.804099689444,56.2927833026452,49.2236419003933,51.4126922092229,49.20187026711,72.2979755767786,104.415714729451,116.425340769847,63.9851183235397,64.4304569382612,62.8434106499809,49.5255304949133,48.0438752658143,48.2577152409794,72.7303253220886,54.8752756486762,63.1360413800724,61.7819021780293,30.9719963764813,79.9947846565172,79.9270439714631,81.5560698977166,79.3816533799884,79.6661697356117,80.1968838329862,79.5664934305782,85.7174118937883,86.1416451891364,93.7537116163186,85.032997622082,92.8798205412271,86.0928732237194,86.457002072061,51.5317891110218,49.945057895219,51.7581024794403,50.4432515105062,54.1282172242109,51.2877222005155,50.8331993346484,45.4484081592204,46.7876571819051,47.1031161293891,46.7934921365245,48.0719234981336,91.4927859577212,53.3915230092119,54.5072670165257,91.3987104116129,92.3145758643647,90.010605162673,85.1881867397528,81.642034944406,79.9804260994065,86.7932423214635,84.9777717687171,80.4749972279058,55.4078450141267,57.3949658756527,63.6850645751458,52.6660508628095,54.6443523069649,38.8363243293333
51.2719437219508,49.9384399439958,50.985854767805,49.9107240157075,48.844574929717,51.1441272026721,50.9016742277948,47.9225031050499,36.4615348608489,40.3752447443568,92.9941603715184,19.8278298905498,0,25.506043299345,59.05203229547,59.1844864966803,56.6809127368989,60.2259557900023,58.4277973946882,54.8937754905535,47.6681581788666,49.8502674140367,47.6409281544966,70.654859638334,102.803560143737,114.81155178137,62.3296931405683,62.7785641511029,61.2405370823833,47.7708170937993,46.2901124445625,46.4989229721555,71.1163893931814,53.3000681003787,61.5180861502334,60.1637798568379,32.2100442172318,78.3752791155783,78.3077891033251,79.9366543208873,77.760567852128,78.0450672162722,78.5755676777129,77.9451708766254,84.0966345349737,84.5213173001773,92.1331086470732,83.4124719658669,91.2592766858376,84.4722735944002,84.8368975245098,50.0455054582506,48.4506470391992,50.2645045859732,48.9733321795089,52.6028506614372,49.7640067116002,49.3149420470188,43.8233294881701,45.2246162298701,45.5358775400607,45.2267530356057,46.5001991852344,90.2541700182314,51.7406828769957,52.836982691633,89.7809422401949,90.697015394853,88.3929448540098,83.5704172808579,80.0201145014951,78.3584881076091,85.1720944117671,83.3566793237019,78.8524180783905,53.7602477049202,55.7491132049983,62.0597951438745,51.0315412104276,53.046246478277,36.6382989986068
51.9086236713416,50.5711962432767,51.58975604253,50.5817387440635,49.512023085558,51.7178530298105,51.4481244353343,48.4929037815587,32.3638108268375,36.2422104274664,93.4160052617694,28.7195879556381,25.506043299345,0,59.5525076355684,59.6614345127821,57.9045866912096,61.4647798644217,59.6873749318165,56.0997603980861,48.4532833427715,50.6028867435477,48.4035594727778,70.9486312620303,103.28778376043,115.285819196522,62.5170560970661,63.0054477416602,61.7919306076304,47.5653615639901,46.1226601127676,45.8328545082412,71.5924220301899,53.9962156334114,61.9856188613237,60.6320727567567,36.6820209448714,78.8133129668743,78.7474765238463,80.3750783260198,78.1880581040868,78.4722867111546,79.0014426922543,78.3708502721707,84.5253659650378,84.9531976609813,92.5629324830908,83.8429955127929,91.6894640544226,84.9022347287098,85.2703034511411,51.0380000846146,49.4240420930961,51.2347405597403,50.0150279282599,53.473702060401,50.6431133851135,50.2133218769251,44.3371075990125,45.9900292235066,46.2861553547794,45.9843949740886,47.2389645352668,91.7617315585186,52.1695867875292,53.0487898640651,90.2300198360694,91.147468970753,88.8427530931775,84.0195169702091,80.4410386737621,78.7793663904808,85.5982431879039,83.7832846738959,79.268706617761,54.1079981822575,56.0971964358417,62.4743150954522,51.4807369279386,53.6637540398228,36.3823111600729
44.5551244261913,44.1886089029675,43.9049022120255,44.5062611501762,44.2135594605168,43.7093608851703,43.0771890828918,41.5204019339112,61.0201606514478,64.3185029648971,66.5521786237509,60.664479603217,59.05203229547,59.5525076355684,0,23.9659004453702,56.6361867933617,60.1837963304404,58.8644138324341,54.3698362269379,37.9022052729622,38.465582579057,37.0082051061732,54.5947656137468,74.4288133287189,86.5102501243763,51.4838485494342,50.4641127984053,32.2913358633431,52.2365809537788,50.3247355039674,56.1929510636891,41.5713722303033,39.2038606558534,29.1211117164827,28.336570022072,61.8701869314824,50.987952973036,50.8509906193452,52.5729912946274,50.8555691569209,51.1768130305147,51.7590453390723,51.160197210638,57.2589529947575,57.5226197723592,65.2587123881358,56.4788510953089,64.3740825016706,57.5740156467187,57.7663805838412,45.2733252633866,43.3675417347846,44.8721264322314,45.4830958469152,44.146592910799,41.7774632635312,42.0332790275216,32.6191273739512,35.5966870973886,35.6355424042864,35.9163925975805,36.8638957457262,94.407566674609,44.4706597347369,45.8764810331767,62.0495222689994,62.9134082373548,60.6293746394056,55.8299351605873,53.5620961300041,51.8939763812773,58.4649723031235,56.6169574410509,52.6454763929658,41.3662772811778,42.4406582355612,36.1269304150769,38.9810033837747,39.8695306623103,53.5533854608547
44.9553771730973,44.5540231823211,44.2734190650705,44.9043372812717,44.5831737456558,44.0455882347378,43.3824724841467,41.8268072088282,61.102397226062,64.3929637154782,64.7667414888693,60.8007327768502,59.1844864966803,59.6614345127821,23.9659004453702,0,57.1993216157994,60.7545451509907,59.4213272015677,54.94832022809,38.7250826566898,39.3787392848596,37.8688177105229,53.1637572360717,74.0062458795375,85.8181086161084,50.5451213322381,49.4267395499202,35.4896176127814,52.1403592477848,50.2299079425479,56.1268723173742,40.8768820993287,40.2740921950646,20.7008340924461,21.6283006344622,62.0353568633438,49.3413378918786,49.2438553664282,50.9658635679636,48.9779887078614,49.317444037877,49.8586746642824,49.278815404954,55.5287067647187,55.8388949284318,63.5619246889853,54.7711688323612,62.6893943966599,55.8639974045376,56.1105551481215,45.9613809719356,44.0601054462671,45.5828329242555,46.127911702826,44.9818888154635,42.5857427795617,42.8093098606776,32.9440393943651,36.3708814019834,36.4025809833229,36.648263709021,37.5837834506709,94.9007707364768,44.5889595915535,45.5347114000984,60.7165300212387,61.6103817847005,59.3105540283137,54.4940036930716,51.6919444159445,50.0129915704581,56.69496520657,54.8445207589795,50.7145050694229,40.8852365850159,41.833782918409,32.6290054257223,39.0769235942601,40.587690593307,53.644499143554
48.8003142169615,47.9841947763674,49.0225575337735,47.3577481101037,46.810707099145,49.61634018762,49.7212808811489,46.8234142144687,60.3502680434783,63.8000604837749,91.8008400290554,58.07686369169,56.6809127368989,57.9045866912096,56.6361867933617,57.1993216157994,0,31.9366515289219,24.3525132786258,23.3578837623957,39.3558004190279,42.2112699749319,39.8869512111082,71.8136003993692,100.471612135671,112.668970639641,65.1145171774685,65.0057801634354,57.786710642404,56.8232289337172,55.0169485568195,59.2491844581231,68.9721496234207,46.9591445555633,59.7178498481455,58.3691329792131,58.1695005153166,76.9048233097834,76.8074025921455,78.4571329003762,76.4796679315419,76.7675352491089,77.3229620298348,76.6946312758252,82.7856796550198,83.155136575434,90.8018259736318,82.0703471290897,89.9211592052809,83.1396124950421,83.4436049238483,33.2481773039278,32.7531058448087,34.445973270331,29.7612529015692,40.6554773603985,37.6528658251796,36.575051913428,42.3148907765848,37.8063913634499,38.5540206551045,38.2522624590445,40.0221158707802,72.3170379989403,52.3493776953682,55.9208553460813,88.1062771058489,88.9974649972452,86.7052302418943,81.895664759223,78.8478304916495,77.1876896160553,83.9065514467963,82.0837389513847,77.7611604426262,54.6215582703777,56.5198534224285,61.1452351275936,50.4381596893762,49.0403124257459,53.3087559004053
52.5030871283058,51.7013378201141,52.7138346266368,51.0904143840744,50.5544271094121,53.2978088079658,53.3936227186709,50.5177739897302,63.9427057462398,67.3902393465846,95.3573635526824,61.6076897654234,60.2259557900023,61.4647798644217,60.1837963304404,60.7545451509907,31.9366515289219,0,26.9125376783968,21.4549663460361,42.8286767369294,45.6728918686087,43.3676027374349,75.4127065328166,104.004116128573,116.206016817529,68.7277783657014,68.6158029248794,61.3078495746265,60.4708675509403,58.6662742637173,62.8803908165915,72.5115017970265,50.4438695026035,63.2772089331186,61.9298420865931,61.6527436576052,80.4567229573826,80.358696096308,82.0087199427111,80.0353142484048,80.3231543510415,80.8791192845231,80.2507392815401,86.3402498426117,86.7086981105378,94.3559501957793,85.6243646819056,93.4751290808567,86.6937773027856,86.996648250002,35.769110386366,35.6490022285857,36.9862938259152,32.6387078063485,43.6752771332225,40.7136228831687,39.6136050622529,45.9445849854096,41.3541275747491,42.1150261374014,41.8365084101633,43.614734632845,68.7228818052752,56.0079225861767,59.5548594071996,91.6537416119245,92.5444228800437,90.2524404445383,85.4431489029961,82.4050384606661,80.7449666320066,87.461958227767,85.6390491075665,81.319823342598,58.2397612261368,60.1340417360382,64.7152975404674,54.0600252958208,52.627780204239,56.9494547252866
51.0659005318979,50.2404646701223,51.2746469041809,49.6304500696802,49.0727002957705,51.85717335399,51.9531330302131,49.0570825929311,62.1924411607102,65.6440566686378,94.0081936229276,59.804099689444,58.4277973946882,59.6873749318165,58.8644138324341,59.4213272015677,24.3525132786258,26.9125376783968,0,21.5798035455639,41.6868938419385,44.5227842021497,42.2076196990284,73.9874198423065,102.693974749921,114.888987359165,67.2616971841149,67.1623543571341,60.0276926868882,58.8623945601221,57.061584262941,61.2272020867335,71.1928435160354,49.2494925758739,61.9374188188605,60.588948532115,59.8192391219307,79.1161572201515,79.0191385778753,80.668554575129,78.6884303146635,78.9762275392588,79.5313278375843,78.9029456755079,84.9947244858691,85.3649518163076,93.0111349591261,84.2798311206841,92.1305558458377,85.3489578074108,85.6537923671559,35.4312943624728,35.057366739143,36.6101363254683,32.1521943476259,42.9066181813689,39.924304926083,38.8544199188964,44.5457331056541,40.1419122330734,40.8837618410008,40.5892411525562,42.3502981016789,70.2513309509216,54.543150231077,58.0652768598965,90.3202731627868,91.2117942679228,88.9194041013422,84.1096677601073,81.0549675434194,79.394816692126,86.114964612071,84.2922652702519,79.9671599856233,56.8042430841808,58.7034827582253,63.3507791237584,52.6494014333258,51.3124644920736,55.2134523910413
46.6831371149181,45.8937256567354,46.9049661274774,45.2696810399325,44.7467173420936,47.4981486691285,47.6010470831283,44.7279589889128,58.5241145667433,61.9695274868112,89.5661366003649,56.2927833026452,54.8937754905535,56.0997603980861,54.3698362269379,54.94832022809,23.3578837623957,21.4549663460361,21.5798035455639,0,36.8938633272151,39.7565734261428,37.4455239533607,69.6633985354825,98.1931988132592,110.398326925033,63.0079413422036,62.8859188163388,55.4759360921095,54.8657936220627,53.0560538644297,57.3333691132635,66.7035666452646,44.5542275087308,57.474233943946,56.1268793088586,56.4068807425977,74.6606073237998,74.5620600039918,76.2124562293183,74.242502498717,74.5304078881302,75.0868042626189,74.4584665280507,80.5469479308799,80.9144282130972,88.5622972158116,79.8305152600157,87.6813583891721,80.9000955564431,81.201904781627,29.7534414623975,29.5825982606384,31.0294198600633,26.3241005779571,37.7384079993973,34.7588449497391,33.6418206679923,40.1442126912784,35.4304821537412,36.2001833181498,35.9191290742203,37.7081740759988,67.6643670306707,50.2505488235064,53.8418706526428,85.8540995980738,86.7443487682185,84.4525709190742,79.6435036414324,76.6141604566554,74.9541118963005,81.6694518143208,79.8464103909392,75.5303680490409,52.4853342678125,54.3778738925113,58.9284966414145,48.2777076827617,46.7771762774816,51.476752543252
32.5047427681359,32.2437608024465,32.6689758401023,31.7455192816634,31.6588195520828,33.223682953676,33.2734156114542,30.9089048666647,50.2676440363683,53.6483828211107,73.7708492047474,49.2236419003933,47.6681581788666,48.4532833427715,37.9022052729622,38.7250826566898,39.3558004190279,42.8286767369294,41.6868938419385,36.8938633272151,0,16.046622652529,11.7246767111094,55.0957888008278,81.8557559911649,94.1486639112181,49.2057446545412,48.8409311946576,38.4265637774397,43.7802035358781,41.8951891065243,47.139525297938,50.4402669774941,24.0034317045885,41.3527565667721,40.0088825945513,50.0586070228178,58.7298964622074,58.6168613657236,60.2776053429467,58.4038692118893,58.6935256977921,59.2620022178432,58.6347676514258,64.6942938586176,65.0349130150875,72.6998504203387,63.9626790735864,71.8156280239627,65.0368953637388,65.3092359017716,26.3178997090825,24.2071820973607,25.7223452853371,27.0156241839322,24.6113616676717,21.7659422977293,22.025455264693,24.7958625088383,13.1794588959948,15.1192518932306,15.9110214802835,18.3610577362334,78.1480559958332,36.3537619898837,40.4379064405736,69.8255561653361,70.703843791393,68.4177170775984,63.6148493974013,60.828928773065,59.1695775622154,65.8388812763201,64.0122023251664,59.7846898968706,38.0110619857411,39.8189093195783,43.2825367296291,33.211013296401,29.2250080050519,42.7947189408327
34.538218320736,34.3085721509109,34.5862041154991,33.9342491499924,33.846431196669,35.0421106201565,35.0060459979998,32.788326907494,52.376549311754,55.7484118748437,74.5127836796106,51.4126922092229,49.8502674140367,50.6028867435477,38.465582579057,39.3787392848596,42.2112699749319,45.6728918686087,44.5227842021497,39.7565734261428,16.046622652529,0,11.8491143103512,56.2509998271098,82.4010963104184,94.727851974874,50.5421760724914,50.1280453384338,38.7207014925225,45.6192515238787,43.7288562783142,49.058937953868,51.0226705978566,21.6443846213184,42.0473028914034,40.7115009452571,52.2907171679482,59.4276423845375,59.3094237752877,60.9733253307028,59.1341856145363,59.424055235214,59.9970043714494,59.3697684774087,65.4175688930588,65.7490544200434,73.4194764856055,64.6808629390234,72.5340120919677,65.7565462574518,66.0188066340212,29.2741834252028,27.2271223225919,28.641287011732,29.9894271582728,27.0268275613046,24.4378712560787,24.8946442049312,26.1824012559356,16.5320988986462,17.5680891420702,18.7900075571759,20.7727458561398,80.8715179325175,37.9732435931678,41.9419830102273,70.487115194973,71.3611263965276,69.0770646152321,64.2764533800236,61.575590798417,59.9166597979772,66.5696965131759,64.7419466332336,60.5447031245468,39.309340885677,41.0796714015525,44.1158243861164,34.5145330468545,30.223625469089,44.8995165372655
32.2526647539225,32.02988897244,32.3552853682968,31.6028003360612,31.5311896430203,32.8599586149739,32.8666405234234,30.5940372456781,50.1888327138376,53.5639782540177,72.9771933410023,49.20187026711,47.6409281544966,48.4035594727778,37.0082051061732,37.8688177105229,39.8869512111082,43.3676027374349,42.2076196990284,37.4455239533607,11.7246767111094,11.8491143103512,0,54.4656550311723,80.9978304646552,93.3005591127951,48.6665689595059,48.2752161602271,37.4422716375134,43.5198942814259,41.6307234333654,46.9353032698878,49.587510486889,21.7982557972063,40.5114708509068,39.168219031612,50.0681662762327,57.9192621124569,57.8044574331376,59.4665376413719,57.6045594951662,57.8944712819214,58.4644190320607,57.837356523873,63.8934644823541,64.2307568677524,71.8978410699805,63.1599620067161,71.0132256413711,64.2347638132047,64.5034614897791,27.0281393059151,24.9562851856351,26.4420142726518,27.6797117565062,25.2022044564066,22.4929169251428,22.8218148108394,24.1856721740855,12.8219719343334,14.2509854186168,15.6260598438023,17.8449443956376,78.5764308068544,35.9123032184808,39.9693479250759,69.0032257375339,69.8800692169647,67.5946151356539,62.7924879587629,60.0364222622387,58.3771440239899,65.0407846183104,63.2136399300103,58.9971115793011,37.4236377945874,39.2159392145531,42.5084250429413,32.5874064069963,28.2744221972894,42.7088105089294
59.0101057667117,58.3082002938416,58.1791054051591,58.8244259206405,58.2712189348013,57.7958284663069,56.9861941515257,55.2764679943026,72.1870741905241,75.414310550886,83.2723736152156,72.2979755767786,70.654859638334,70.9486312620303,54.5947656137468,53.1637572360717,71.8136003993692,75.4127065328166,73.9874198423065,69.6633985354825,55.0957888008278,56.2509998271098,54.4656550311723,0,96.5088620490072,107.966582849414,49.633267161603,45.4314099637075,59.4138456821893,61.8396190851463,59.9498304667464,66.0260699356234,64.4299827388535,57.976835239644,54.8879974509932,53.6909819476824,73.7522814033044,69.4905096210063,69.5177136781887,71.0824116963926,68.269723743466,68.5469462115852,68.9944140979178,68.3613053179914,74.7233777297697,75.3184057085436,82.8261867029672,74.1346077523005,81.9747470241947,75.1664002990881,75.7184793635671,61.4133256689536,59.5479320900175,61.177808386934,61.302193722924,61.3465284149923,58.7906175294741,58.8192935541387,47.1652845942403,52.5251681991317,52.554295312786,52.5970229448414,53.5163417771945,109.007602550661,56.798411324264,53.0314046050376,81.5338129544841,82.5262852750276,80.1860868949453,75.3238809866375,70.2077604079477,68.5382003297714,75.6580818570314,73.8632517554957,68.7831713604726,49.2753762003292,49.3135206125702,50.8225732315992,52.2607868809025,56.9872809439448,64.822143614159
88.9219046075313,88.496616329186,88.3123375494994,88.7769194742115,88.4480964990433,88.1515852982292,87.5513027417993,85.8845855165218,104.743282177535,108.033237139735,92.7395189460641,104.415714729451,102.803560143737,103.28778376043,74.4288133287189,74.0062458795375,100.471612135671,104.004116128573,102.693974749921,98.1931988132592,81.8557559911649,82.4010963104184,80.9978304646552,96.5088620490072,0,70.6227746283482,93.8048693952326,92.7632633492217,78.0303762683746,95.882291874602,93.9830833198279,99.792053777387,65.1099057690189,83.3114542098002,77.2493906039374,76.7861271083235,105.635812467465,74.6747768101061,73.8999954756033,75.5003369337928,78.1003321872857,78.1773196326107,79.3629496854575,78.51656393581,82.2684361366791,81.685516589799,89.6687440899936,81.0731477431499,88.5584860703562,82.2157896888752,81.4228491671372,89.0376664503783,87.1445577976756,88.6064869024329,89.2928573651463,87.6653369065692,85.3878250492872,85.7065757094765,77.4099511945212,79.7193398061797,79.8300219478494,80.1122357917446,81.1380187199019,138.228885662402,88.8111932801215,89.5341975025734,78.8998197959781,78.9962959178859,77.1993930749765,72.8933565826751,81.0050988942225,79.4850832557423,84.1964437124325,82.3674689712503,81.1861834369851,85.4825629001379,86.4705387091547,77.6671292753106,83.7667342424695,84.7589782464593,97.3086165434369
101.020754402913,100.58478100387,100.39718824475,100.879613721814,100.541258699384,100.222836797339,99.6099196203418,97.9477858798532,116.730043179413,120.016719560704,101.527360652874,116.425340769847,114.81155178137,115.285819196522,86.5102501243763,85.8181086161084,112.668970639641,116.206016817529,114.888987359165,110.398326925033,94.1486639112181,94.727851974874,93.3005591127951,107.966582849414,70.6227746283482,0,105.386099846082,104.324154222592,90.6075512828628,107.796370521152,105.898001612386,111.716670239552,76.8616768782486,95.6704444011873,88.9813891196546,88.5470826053685,117.657769392172,83.2701512600318,82.3668553529968,83.8303442031978,87.3609264566991,87.3635005389292,88.6775802799376,87.759933611874,90.8766139854903,90.1162321618856,98.0941385509948,89.6049854102795,96.9080807517103,90.7396037661006,89.7303964994463,101.296200365878,99.4038037381157,100.877620513656,101.52848794622,100.010883821304,97.7122228258882,98.0111169299885,89.4641119073559,91.9778331216813,92.0794207239253,92.34873422864,93.3636785619108,150.395885181687,100.806540827359,101.367242413237,84.7660629692976,84.4718366234972,82.9949536255265,78.9841540208393,90.1613564769023,88.6824345878218,92.9624554439226,91.1552725549586,90.5570822696956,97.3099291226434,98.2653300480011,88.9596661190238,95.755659448361,96.9355171603347,109.299095277122
52.4416313891648,51.5880575658829,51.5989242021395,52.1295266533463,51.4608303640388,51.2045253895206,50.3924682011294,48.5168257336527,63.6451844530798,66.8320285689294,81.2132080392862,63.9851183235397,62.3296931405683,62.5170560970661,51.4838485494342,50.5451213322381,65.1145171774685,68.7277783657014,67.2616971841149,63.0079413422036,49.2057446545412,50.5421760724914,48.6665689595059,49.633267161603,93.8048693952326,105.386099846082,0,29.5114745246962,55.5744189525875,52.5349040004344,50.6756384924076,56.7591631436614,61.8555348755854,52.5676690328095,52.4882793971774,51.247917427295,65.5608793478497,67.3481033582492,67.3558858441814,68.924265771568,66.24939932973,66.5197653211371,66.9889488960874,66.3480650110433,72.6348603466804,73.2048271245175,80.7207081144925,72.0336294459355,79.8632154844546,73.0671115530915,73.5904069834995,55.0914888439321,53.2464359900083,54.9141153459585,54.8640741922795,55.3830304951015,52.7726162653579,52.7281260083743,41.0664169173765,46.5918731649178,46.6397604454976,46.6098172502859,47.5501641618987,102.050198652845,49.7483017535641,43.1115130595994,79.2471526834854,80.2253328634626,77.8924601176161,73.0382271039314,68.1979018442683,66.534412724593,73.5911682339834,71.7972658806137,66.8136280407102,43.9570443796531,44.830480192019,50.1204533811994,46.2812714873546,51.3762057385207,56.3658980972771
52.2197560932831,51.4128442673402,51.3702410340934,51.9564749638899,51.3235405511309,50.9681284255221,50.1448770047686,48.3339590924757,64.1718084390016,67.3748252042222,80.086851106995,64.4304569382612,62.7785641511029,63.0054477416602,50.4641127984053,49.4267395499202,65.0057801634354,68.6158029248794,67.1623543571341,62.8859188163388,48.8409311946576,50.1280453384338,48.2752161602271,45.4314099637075,92.7632633492217,104.324154222592,29.5114745246962,0,54.716467928008,53.3053586676396,51.427822310673,57.5600793298757,60.7823862398329,52.0708870529068,51.3205154756112,50.0810022450028,65.9628278685036,66.2191739896944,66.2296863099413,67.7991263726291,65.1038093148067,65.3764852866064,65.8419018417517,65.2034452695445,71.505908802203,72.0778087415014,79.5946794419407,70.905286068898,78.7382740513094,71.9391833087735,72.4649717226187,54.8644521920059,53.0122461686188,54.6700423752752,54.6717900409679,55.0535026780124,52.4569425285822,52.4326899338013,40.6446978678002,46.2318623887724,46.2709599764687,46.2603935623731,47.190043052432,102.028853690336,49.5868996087868,43.5965425083573,78.1410007766329,79.1210074051023,76.7870887251932,71.9317324417492,67.0597979080963,65.3947584829875,72.4603525484955,70.66549701613,65.6719183534041,42.8228697629523,43.3882210510497,48.6469804167715,45.7505719565375,50.8889062649657,56.8502304471113
46.4088838793378,46.0939430015609,45.8619417343283,46.3082121773078,46.065402401792,45.7670266614165,45.2297181118198,43.6047204362273,63.3201204564367,66.6339148510841,72.1152473135531,62.8434106499809,61.2405370823833,61.7919306076304,32.2913358633431,35.4896176127814,57.786710642404,61.3078495746265,60.0276926868882,55.4759360921095,38.4265637774397,38.7207014925225,37.4422716375134,59.4138456821893,78.0303762683746,90.6075512828628,55.5744189525875,54.716467928008,0,54.9372516165642,53.0271732273224,58.8027722509904,46.4406105351891,39.0599338896948,39.0545090339877,37.9883860348527,63.9838743116802,56.4633769069966,56.2842823543854,57.9939908047687,56.5622823200138,56.8589771185129,57.4843434405378,56.8609006107958,62.7835974264291,63.0031395494608,70.7447242777088,61.983620275876,69.8457082676696,63.0786359940296,63.2181738069808,46.0750190405756,44.163197948396,45.60260680975,46.4155184616065,44.4633188950476,42.2004187436708,42.5670599874059,34.9179592680891,36.3410328965543,36.4389870448389,36.816275039391,37.8411889380581,95.7266693832289,46.9930084234646,49.1298381171967,67.1340643498978,67.960877789231,65.698220461924,60.9213932666739,59.2252036701494,57.5699753240103,64.0278516839225,62.1852283231864,58.3612113229097,45.0389328988666,46.3183231479369,43.1188005539624,41.7952988956476,41.241190765489,55.8458897149327
