IBR/IBR_outputs/all.combrep_1/Spinifex_Total.WeatheringIndex_Total/Spinifex_Total.WeatheringIndex_Total.asc
NCOLS 160 
NROWS 95 
XLLCORNER 210004.651214014 
YLLCORNER 7350008.22228844 
CELLSIZE 4999.99999999997 
NODATA_value -9999 
[rows 63 to 83 of 95, columns 46 to 91 of 160]
6.04285405330859 5.06661340484598 4.21772803369189 7.09921723298417 8.21334968889371 11.0501669410865 6.39201667808975 8.76028988257827 5.62031606763505 6.75937419033746 6.99976843787901 7.8464272045532 7.2353183583512 7.41671161976785 10.4663021857407 9.74035606336154 14.4255172529003 16.3159328759835 15.7938080480501 12.6812836586985 8.36218435438252 10.6579354323938 7.87191051073381 4.86604594581504 6.83778371304336 9.17318822932805 9.94780269903016 11.4432542350543 5.59232749074586 7.13767868972403 9.13775930189513 10.3147705970436 12.8563644445339 8.3330115137644 8.0039371080065 5.01167907769334 4.49017520381215 5.32624517515495 5.49698084059729 7.96980448630518 6.83222544824509 9.62512463595937 12.6715450713403 10.9928964074754 12.0912945671306 8.40699531702984
7.47789807601088 6.9236411511202 5.50764681251981 4.54289061739683 5.72139016447596 6.60614385974954 6.43227768512128 5.94772475602994 3.22265641691336 8.31167965931293 9.57427030407525 14.1240646805736 11.5284983503548 10.5949539004672 10.7856769106433 12.6157675490867 11.1255194912718 9.86718209834271 7.01152121227503 8.44937898596012 11.3657612121949 12.6406511573486 9.0599752966635 5.2937309847098 6.44106652383446 6.3647742959489 6.16285229245718 11.0509226837673 7.85855405740322 6.05997497491909 7.07854323251622 10.634230826593 13.9079404727522 15.6144527450873 14.3623259954974 9.67999418736963 12.695500914092 10.2811607101289 6.9917715911756 5.92114671211205 11.1058593277594 10.1322502853574 9.2887613207272 9.48144190223652 10.7568954188184 6.14066949291739
8.23448249503739 7.32281792775744 8.67961071786782 8.6274987458762 5.78761142468839 5.63664522358938 6.15392154940131 5.82892064769715 4.37465305550302 7.22759364763225 6.4393823606265 7.12715122706375 5.88054746866162 7.04042526430326 7.36857931016389 9.31816137062675 9.88825083288112 10.2577791969753 11.25047656141 10.4975512432174 11.2722165670752 10.3324859886319 10.2280548691748 7.26371215872081 8.11787594101691 6.38877585467611 5.43628505455066 5.64570509583108 8.87798008133768 5.72132102005712 5.51082530313016 6.68749471585136 11.9849912429486 11.1937471364249 13.5833708934829 12.8560886967373 15.5533583730224 10.8186452681438 9.09071849349702 9.74414619569672 10.7336388530618 11.9304074712512 10.0721051509156 11.2134673341437 11.6017054262988 6.17461167302149
6.38664444236266 7.51779351957386 6.24462081371239 9.32204409116562 9.29048922526486 8.01252784480346 6.29721746284462 5.88300144826742 6.05714461623419 3.38980951634793 2.31532936169739 6.94030400382182 5.36372489763356 8.37174576650061 6.60868425939427 6.22828638712703 6.59427442648239 7.33558175488915 6.65644065264459 8.22128849190709 9.40477523060848 8.73600271081487 8.58877701133082 8.10275575170505 8.04840453031873 5.96996038476082 6.61375745219638 7.06809543258358 5.71587187400735 5.44064027709305 4.95912509666772 4.12299741722134 7.16900011873498 7.66694624915439 8.11532039608356 7.13463673579281 10.9537250262521 9.52903503845088 7.01920759871136 12.0593152447033 14.6541828762407 12.8016293974065 9.08993996568026 6.8557299378628 6.85033124735616 6.6083964168379
9.01910553118104 8.06598391180646 5.64216010939653 9.42212696316712 8.04231626018936 8.50118642221362 7.37861351915658 7.38445905704608 7.45486995500461 5.81492261210178 5.02582723658532 6.76076740537194 8.35737975778193 7.8246416003751 5.16587506051083 4.89944768872316 5.33065262056341 6.94025005845721 7.78121947176411 7.52492885251554 8.36507749576123 8.71728986398918 11.2742636718722 10.7048662663928 8.0356690966011 6.8506087518876 5.97816003601523 4.81000336511683 6.96765213012482 6.32895506357013 5.5458961862872 4.89821848418246 4.43211783705903 5.23386531770146 5.00827179879659 5.86387353553137 9.78849459882317 10.3531159702735 8.91266557582392 7.82826831626928 10.6936448574067 7.8720926369007 5.78149703775623 4.9885769053612 5.90862620892058 5.49584620044135
9.86754945167587 8.33986451794705 7.22299563174008 7.52760666026791 6.84566832159206 6.80937321676111 10.0876123479894 8.22954378416055 5.24099201870617 7.76399912649982 6.97027014101527 7.39007036876411 7.73035090433827 7.4425508902429 6.18798404416256 5.71794424130628 7.43283695098611 9.62675136514776 8.10261547300567 6.28527082250274 9.04312557984668 8.00246918551413 9.60839681180715 7.56166745455231 6.12524319804698 6.02710435899867 5.50596075233371 4.84201582899228 6.51909689536891 8.6542848191696 8.84576565719215 8.92034755739225 7.61408367118963 7.74826666644637 6.5620323845668 6.69681853139899 8.49042633931688 9.09080847323814 8.37934623605662 8.47328551892041 11.2858369957401 7.03349656940324 5.02474804979732 4.63825524622778 6.1308996698133 8.57492523404003
12.9778462400388 10.1470929815984 9.94856505520994 7.23034956025874 8.14666604134826 11.1148743607056 7.69676053553732 6.71937868710973 7.99332704672196 9.12171499107676 9.80022199649653 7.78565389028509 8.09807342960456 8.65873639564315 7.10747387934786 6.49725145480446 8.80967981305485 4.83403574772384 6.11869641642072 7.3612491675412 7.80640679432637 11.801303245825 8.91432321774763 7.90880821147652 6.74192473514234 8.15156995244753 5.85318504322265 10.5919832659611 10.4542687733837 6.67505941825348 5.37559516035271 5.66096567911616 9.02744874648044 8.97465584935902 6.02265791774504 5.2824345608369 5.94877201196707 7.14669840506067 7.63154552973261 10.5101042669967 10.8393578486347 10.3928391825919 6.02604022067006 5.16744057962168 4.56774260826439 10.7348023146554
14.8870013205072 14.432760704937 14.0946078510041 14.8907035855031 12.4231517256183 14.8105549442369 14.7566923588727 10.8704512086023 6.70057137485336 8.68789880938886 11.7177734355003 11.6469194777034 10.8731558270083 9.45473112422832 8.83564346079 7.61989895589024 7.87234802346121 4.59737454732949 6.55899267923126 6.64195636865551 8.0059243241801 10.3765846357985 8.74786082766408 12.2611034381967 7.42069920443858 7.46196852253642 6.38340401333857 7.2211132713018 9.37891309695593 6.36986020621816 5.58927602827552 5.00667581716804 5.2827801418126 8.594073101392 5.99183612321813 4.54799368206791 5.60142082631168 5.62312947692514 7.03785754482809 8.25016407653998 7.54850378820644 12.6308138281375 12.4148423730634 8.25472802268532 9.64247924889091 11.278457081277
14.5578270683848 14.1177650551609 14.2057300671298 14.6544821649327 14.7617746545431 14.9511748288977 14.9852190395242 14.9388762582907 13.4004431370567 10.4605435709132 6.89093348655252 7.47988733730686 8.35331707141643 11.4097990840353 12.1599893633626 8.76297191477451 8.67686530965322 8.25212154142905 6.66263527966781 9.16467021948673 11.3652093648331 8.88412228091043 8.36850529062816 11.6003073003457 9.45511750509487 9.46647062131023 8.9731077842961 6.17363051185505 5.48015128908789 7.75276467974809 6.73487285610523 4.70420672426261 4.85936901431555 5.95543824449256 6.07267159540965 6.89307392083815 8.10576965339463 7.08546944071004 6.82684195159234 7.71836065097839 6.96541259196741 7.77568751333186 9.91423210278814 7.19512782581816 8.78672723366049 11.1750795805758
14.5358988686207 13.9171640031516 13.7399978758385 13.8944894184251 13.7664088346695 13.5277901431621 13.6370643625508 14.4888333770716 14.8382402435701 14.5577008988308 13.4456071264927 13.1982914291295 10.5243395781249 11.3774890834713 10.8482416315212 8.51998716913304 8.01110025278026 7.51125486886126 9.39947969856402 10.4395672605927 8.50197321615207 5.3382215159365 4.61242478228035 7.6347329934606 6.24537135308524 6.98898511431419 6.5471859593041 4.80307701317745 5.79279343133723 7.00656750166761 5.73581729102041 4.45294345025698 4.42542020301314 5.70443418729285 5.69290415666196 6.50944306186363 6.95223022639259 9.8532460508505 11.0062944955632 12.4788803977592 12.9991483044731 11.1489248159116 9.42481356666981 7.66524416494762 9.65575168611406 11.4974922230501
13.9244528791639 14.2579344245033 12.7133514797388 12.2671172443023 12.7877596349006 12.2430531932499 12.0359947247204 12.2008845974128 12.7614532626636 13.635314888204 14.5138178740423 14.5397479971382 14.2834394573956 14.9462203052705 14.4947439184053 11.6100310218049 8.87378474044829 8.70238798938066 6.61201073579952 4.88276756890941 5.88824888654816 7.71703611104193 7.16477812384656 5.52000545731317 4.1536219763409 6.00311873696192 7.54933143898808 7.44901027929162 6.67027275559348 6.18442516967187 5.65948829387612 4.93581475389072 4.44349776351139 6.64520228762147 6.67173404931443 7.28231350062776 6.58810406323773 7.26650047429788 10.7848252384381 13.8127730037358 13.3281184572976 15.7382324724504 13.947383320031 4.41063350592017 4.97548443619572 8.90627749752006
13.9766568598458 14.4130223417976 13.677070499932 13.9711639858994 14.0307969453597 13.7290659873015 12.9678869345451 12.4089835958129 12.5341661907185 11.9580880661408 13.1412973128429 14.013015255015 14.6761789643834 14.8313491307258 14.4224747946227 9.69003323718976 8.91640937346366 7.88842079628165 5.76587588941786 5.34180497014294 4.62238727729192 7.19372605478601 8.04260714538807 11.4067272655407 8.98424948849886 5.28739776506886 5.84027042455228 6.47573500353638 7.03616377858856 8.08414903252696 11.9960966477535 6.90135214438398 7.57088104146335 13.96652549002 11.2726933643467 9.69573491896564 6.62917163815158 6.00392146469308 7.48035783411076 8.12204743702341 10.7817667140299 11.5457670971944 14.4147918607716 10.510685756663 9.92439894861054 10.264760337202
14.160143901936 13.2536827259904 12.7299880068802 13.8215387456043 14.4770637192593 13.717502528776 14.2039107699533 14.0751616163484 13.0358395113005 12.6602618390743 11.9494132077 12.0791222968948 13.6097293987028 15.6259819446041 15.3468240259853 14.7042833037783 12.1117490508924 9.12272022124969 5.94902748475061 5.94718418878241 4.98970003931739 5.80616114957055 9.79377762888545 10.8864066597123 7.06565119389991 10.5213947867046 7.13497492644284 6.44242358539549 6.62107672777946 10.233966921891 11.4777421786819 13.2293929498558 11.345482130477 12.3156747843774 11.8182513724588 7.03667585189992 7.61468796611306 10.1782289087034 6.68322492778628 5.77870419812728 8.50405859137973 9.54273930838397 9.10571843124707 10.2693157109154 9.52234260833582 9.89935387897024
13.3359130670937 13.4362666934438 13.6371684279549 14.2697095731924 14.1281665192916 13.9974965246491 13.9125056386626 12.9755964627486 12.2928396916545 12.2834971856439 12.3368019208466 11.9369173935079 12.955393589877 14.4644419000871 15.3103005565564 14.7991664971531 14.4389359351824 13.3278534757583 13.5275949895044 9.99088239990336 7.3342870041782 7.26128093671578 10.8748906467384 7.30336656546659 8.01165052564692 7.76588462090193 8.38326430715075 8.65164711868614 8.99756538338583 11.0963274357734 11.3734676501262 12.6210674033962 10.2923687763226 8.48216665610169 9.42477282625592 11.0752160675912 15.4407934343932 16.0362009491884 13.3929814445736 5.23854193696539 5.63959249489696 6.30391054008279 9.12926610715245 15.7446035107154 13.6604219191514 11.9285353594695
14.2065533913365 14.4379053523742 14.1624203286925 14.2644373964939 14.5185488692896 14.3496497053372 13.3251461908098 12.1396056718381 12.4657304028658 12.0258132106646 12.223163383535 12.1168400512529 11.8213905345301 12.8252481508437 14.6052999658884 12.7757976943398 14.1060183363221 15.4762917339093 15.4321368789012 11.525081406083 9.98970214465927 7.88572474426961 9.31190982405979 9.41853951395319 7.40059878939918 8.80428808278199 11.04099610178 13.4976519044582 14.0004465371468 8.76045928767961 9.68676310214085 8.44270129136852 8.91748399599319 12.9246741675796 15.2834539165939 13.016260179242 11.9582511111794 9.96131428852289 14.2933286742728 14.6229311328225 10.4372850786578 11.8847391934664 8.5409163778896 7.9326695463637 14.2532798995689 10.7210870125983
13.9189720208356 14.1919259578581 13.2385791044776 12.4330268541206 12.3701801860373 13.87672488602 14.339559282235 13.2499204789034 12.7051737249965 11.9319646552406 13.2633183867741 13.098259318588 12.5637524509095 12.7897561551748 14.5504482471462 14.2750755807557 14.4956110565923 14.2617070702387 14.4243981500142 14.8433281964216 15.3069608630018 16.0418303055961 13.3964223974516 8.72338133738543 6.78049269900417 9.76573267005631 7.62000206672645 8.30622339964257 8.26704523308442 7.71060520814574 8.87623057230685 15.3683190768328 15.8925867382653 15.9630965191033 12.6780234911654 15.1739821411946 14.2403563830886 13.2204164745031 10.5653203493987 15.3645367450448 15.9408199523213 15.8045078211213 12.5388918025361 9.36105893868166 10.3654789161335 8.28760782040785
14.4633260988948 13.8780252518158 13.9323504941602 12.3822556602021 11.6544336791953 12.3969888166159 14.0079724557009 11.3615723932954 13.2489723047304 12.2723031291332 12.0946988997232 13.6009727658486 14.2391842958948 14.6064364831915 14.539691937691 14.7408170164258 14.4388242947344 13.900187700943 12.4899284675677 12.797639597747 14.1405304111577 15.0541940404257 15.0602176124964 14.6202607314976 10.4208950472336 8.26162845020847 6.15874144590632 8.64402694716752 7.64087586957818 9.50593508523705 8.73710271550209 8.03053730195339 13.8468275219712 15.3755115504463 13.5810795927036 11.1831034191124 10.4378112066687 14.411126312138 15.6546852426244 15.7605108846441 15.9224511545804 15.2765957712874 12.9891196312208 7.37330732264695 9.79063175014712 10.5605050471109
13.6873701154318 14.415998928741 12.9323785130019 12.7501789592118 11.7282798903987 11.025424768575 11.249740944538 12.0896956232569 10.4491536368697 9.12668459196127 12.4764999718619 13.7005485519729 14.5404641030627 14.326869506965 12.9591213059948 13.2884983499741 14.264169841512 14.6082927261745 13.9382080476193 14.1505506655899 14.3930952182994 14.4459890162695 14.2697065110272 14.6595821680165 15.4231496553931 13.1296954322097 13.1315841135451 12.59964345505 8.42822897228575 8.39283522421247 8.57837229046688 8.58816917354016 9.19629380528684 11.3549274794358 13.2927672727957 13.7183371166184 13.1825405527893 14.4697175796701 15.0512808578417 14.6417539901217 14.4317186013748 11.8599242242769 10.9477948749346 10.9494252213493 6.60739013049283 9.61236821947758
13.8531227221004 13.4956913831663 14.1339415576303 12.0694571038086 11.8517040948218 11.6029032678991 11.5143638794282 11.1671330735076 11.7184615625547 11.3905029542474 10.383216373302 14.4259011444827 14.7167595450871 14.1107406949843 12.9601533607681 12.3879928828834 12.7287484507193 13.4940664180123 14.0757915562168 13.8022545742938 12.4904094983252 12.700340255823 13.7715176468721 15.056344150884 15.2411977515182 15.1457711858262 14.9830404870782 8.47133249493335 13.4882662072757 16.1744328869452 15.5673744307048 13.9186258617855 10.7510090261491 9.47383595492929 10.701366573751 10.1798539051922 10.198582591608 5.34383762180238 9.7324861221419 9.23945465627331 10.3214369039358 7.78806222428533 4.9264389904451 8.09622452809981 10.5705148943691 7.40291818090614
13.3905799954946 13.0709964326927 12.376931379232 13.6939433462716 13.2359186476496 11.6727286082554 11.7481932393986 11.7537043226773 11.3936297048602 11.5988122635614 11.0648737302137 12.7668734314616 13.3383888502764 14.1495051567264 14.5382042016449 13.9539598459307 13.083154587205 12.153429921915 12.5090535724965 12.4771146839511 12.3188490508806 11.861951831869 13.3645622565011 14.5854936910976 14.855466956778 14.8732077331526 15.6677902739619 13.0284275017719 7.95587201798619 11.7225074393169 13.8707890219204 13.7183338966956 15.1047826545971 8.75896519462029 7.98986321552446 6.77297042558008 4.09371840027908 2.71768833739605 5.29101598839197 6.33233369735497 7.67189047483397 5.8909813986331 6.14718707875128 4.91472065263492 5.77942180413782 7.71588744458362
13.7336697505084 14.3499765414796 13.4624239268363 13.1197485235168 12.7974666161517 13.4268130258943 11.1055693299353 11.5054498809705 11.7560311764705 11.7853441482229 11.6737455914119 11.4925904675716 11.6764591458308 12.0350166723151 12.6836627458139 14.0782413057707 12.5687793320029 11.9059004558247 11.7535730213194 11.9875409456904 12.3603641536703 12.4179800991006 13.4707378957407 14.2571410279432 15.0782448800131 14.7501893016323 14.4730287705563 15.0494638194308 14.2930801888653 9.39141128879647 6.52527341870087 6.10598918809136 9.66930080661264 11.1757964770523 7.80627754029974 8.80108105624587 5.83808509444362 9.21441833381228 5.28194410859848 8.27074253085875 8.92330106444775 7.66997372777466 14.2394657889804 8.54264696933065 7.22157397293896 6.36305172547372
