IBR/IBR_outputs/all.combrep_1/Spinifex_Total.WeatheringIndex_Total/Spinifex_Total.WeatheringIndex_Total.asc
NCOLS 160 
NROWS 95 
XLLCORNER 210004.651214014 
YLLCORNER 7350008.22228844 
CELLSIZE 4999.99999999997 
NODATA_value -9999 
[rows 0 to 20 of 95, columns 92 to 137 of 160]
-9999 -9999 -9999 -9999 -9999 -9999 -9999 -9999 -9999 -9999 -9999 -9999 -9999 -9999 -9999 -9999 -9999 -9999 -9999 -9999 -9999 -9999 -9999 -9999 -9999 -9999 -9999 -9999 -9999 -9999 -9999 -9999 -9999 -9999 -9999 -9999 -9999 -9999 -9999 -9999 -9999 -9999 -9999 -9999 -9999 -9999
-9999 -9999 -9999 -9999 -9999 -9999 -9999 -9999 -9999 -9999 -9999 -9999 -9999 -9999 -9999 -9999 -9999 -9999 -9999 -9999 -9999 -9999 -9999 -9999 -9999 -9999 -9999 -9999 -9999 -9999 -9999 -9999 -9999 -9999 -9999 -9999 -9999 -9999 -9999 -9999 -9999 -9999 -9999 -9999 -9999 -9999
-9999 -9999 -9999 -9999 -9999 -9999 -9999 -9999 -9999 -9999 -9999 -9999 -9999 -9999 -9999 -9999 -9999 -9999 -9999 -9999 -9999 -9999 -9999 -9999 -9999 -9999 -9999 -9999 -9999 -9999 -9999 -9999 -9999 -9999 -9999 -9999 -9999 -9999 -9999 -9999 -9999 -9999 -9999 -9999 -9999 -9999
-9999 -9999 -9999 -9999 -9999 -9999 -9999 -9999 -9999 -9999 -9999 -9999 -9999 -9999 -9999 -9999 -9999 -9999 -9999 -9999 -9999 -9999 -9999 -9999 -9999 -9999 -9999 -9999 -9999 -9999 -9999 -9999 -9999 -9999 -9999 -9999 -9999 -9999 -9999 -9999 -9999 -9999 -9999 -9999 -9999 -9999
-9999 -9999 -9999 -9999 -9999 -9999 -9999 -9999 -9999 -9999 -9999 -9999 -9999 -9999 -9999 -9999 -9999 -9999 -9999 -9999 -9999 -9999 -9999 -9999 -9999 -9999 -9999 -9999 -9999 -9999 -9999 -9999 -9999 -9999 -9999 -9999 -9999 -9999 -9999 -9999 -9999 -9999 -9999 -9999 -9999 -9999
-9999 -9999 -9999 -9999 -9999 -9999 -9999 -9999 -9999 -9999 -9999 -9999 -9999 -9999 -9999 -9999 -9999 -9999 -9999 -9999 -9999 -9999 -9999 -9999 -9999 -9999 -9999 -9999 -9999 -9999 -9999 -9999 -9999 -9999 -9999 -9999 -9999 -9999 -9999 -9999 -9999 -9999 -9999 -9999 -9999 -9999
-9999 -9999 -9999 -9999 -9999 -9999 -9999 -9999 -9999 15.2296563304614 15.0634238335271 15.4374177575688 15.1679806420242 -9999 -9999 -9999 -9999 -9999 -9999 -9999 -9999 -9999 -9999 -9999 -9999 -9999 15.6002141274357 15.5955751323837 15.5989975511504 15.6066057295854 15.6026193103636 15.6098153731848 15.6087745420879 15.5909483212299 15.5527335794359 15.6414359504743 15.8377744477758 15.7344459492679 15.6373351371129 15.2479677908911 14.2147995893815 14.3324874885825 14.6944250091428 14.7830322125443 15.1020590841016 15.3075512227519
-9999 -9999 -9999 -9999 -9999 -9999 -9999 -9999 -9999 15.0752097248866 14.6344653128878 15.3941376874712 14.9776668674852 14.8886293079565 14.7647070737277 15.0026308419395 14.9489424265066 15.1486726557583 -9999 -9999 -9999 -9999 15.4501967733114 15.6888381126838 15.8969996780462 15.6580799305569 15.6361621680178 15.6986223535267 15.8481045824327 15.7562257316825 15.5881417619506 15.6457606497151 15.8213874416758 15.7344360605571 15.7776953533753 15.7508542244218 15.5325761827759 13.3212512118086 9.63379575811328 8.12015806497558 7.13149364044909 7.10647243945315 8.34771008656704 8.50040549610875 7.33953834297625 7.42957041305846
-9999 -9999 -9999 -9999 -9999 -9999 -9999 15.5283344407346 15.3468203139302 14.7539514808443 14.7366384008632 14.8096656074336 14.7366346413443 14.8351475539234 14.7516714746812 14.6901465995308 14.6365926433207 14.7604221682202 15.1127352776625 -9999 -9999 15.5708114348375 15.5250415261339 15.5846381498157 15.8619198832021 16.1212718861673 16.0865654495777 15.9015179261014 15.9412373799888 15.6079354406385 15.6537784149639 15.6667643816832 15.7215203152051 15.7345867434964 15.760040605308 14.2467566331731 10.0037582023853 7.0814337308527 6.79309913686644 6.53326373951869 6.80888799517965 6.79729931342434 7.49851197038386 8.11585420131445 6.73178012276819 7.04887423155514
-9999 -9999 -9999 -9999 -9999 -9999 -9999 15.1531487309743 14.8652420687535 14.8251404549234 14.545974872178 14.7839738167009 14.7814885177006 14.5738781929947 14.4849265741337 14.4666227521238 14.4876980559653 15.2381400005101 15.7762051520265 13.7982231960081 15.4340789984241 15.566408742594 15.5914267537369 15.5833226331662 15.6995809258468 15.7705998701968 15.8077361445064 15.7517674059392 15.2774339412848 14.3774707878612 15.6384930977401 15.7239752960672 15.2169237631002 12.9025821700352 11.1005397778414 9.79665399301922 9.94943333667674 7.30980463306838 8.12366162195204 7.10604807671338 7.16475120851545 7.13118824912751 7.86051298447907 7.53392831188336 6.99089208831539 7.00230521718926
-9999 -9999 -9999 -9999 -9999 -9999 15.2632608518498 14.8444323475191 14.7980895598722 14.7545676749006 14.7800592228075 14.7084120965043 14.7200044173427 14.5818777336879 14.5595905227551 14.5970586587902 15.7232367130825 15.8986216771403 13.6430843990659 13.3405777637079 15.7459155489185 15.7087407546181 15.6239795171368 15.5777339178838 15.5483761938563 15.4392782709844 12.6335067162261 9.87695985460293 8.05392134434578 7.51846762325983 8.29173015889667 8.39769650839215 7.72212429925419 7.65515940360354 9.22364461971502 9.76989291610855 9.70518789998418 9.19304325399145 8.36574637917774 8.81927862266544 7.6957355369218 7.3170458032469 7.8264933553638 7.74655017529971 7.70667359279338 7.60372203383753
-9999 -9999 -9999 -9999 -9999 15.0362275258384 14.8103874512291 14.6690819361853 14.5916030525693 14.6803944490803 14.5832595860198 14.6646551182721 14.5837866848448 14.5471169506464 14.5703596868011 15.0833944818805 16.2715176027532 14.9326455336183 11.3794334478682 15.9691348846579 15.7992516310965 15.8190839437099 14.708555638119 12.4220353482322 10.5655004133486 8.78911066282442 8.1388223838443 8.07577213394286 7.82029052124121 7.78052177330723 7.59345834574254 7.47232331038833 7.58731633141135 7.68756440760151 8.24880138585801 9.19992982122306 9.81769287242796 8.95573210404996 7.76754453634913 7.63349101990352 9.45403249581132 8.25281210060668 8.01143299718986 8.25309465855744 8.23753358180084 8.04918084260545
-9999 -9999 -9999 -9999 15.4058551670391 14.9624635565972 15.2277953300211 14.5878441965069 14.0823281755126 14.2783484831997 13.9017256255578 14.4521480888163 14.6160827945167 14.5197699434626 14.4389953704125 14.7494424136846 15.8496727036761 16.4537788274947 16.1764723634637 14.5164489975179 12.2346699319657 9.15223541362124 8.0171212261977 8.11646378738027 7.82455637116762 7.7941616641642 7.64854022393522 7.66349663959783 7.85416751426588 7.94550819632558 8.08954334901854 8.08401265473494 7.30890036616918 6.65979933755681 6.85660084886853 7.24529321467169 8.16738561051211 7.94735220083593 7.55837297714406 7.64404563523379 8.12662537160818 8.48214146233301 8.96572413686107 8.35976872539341 8.10565542063098 7.51681151171972
-9999 -9999 13.7672189261787 14.7773370471045 15.2743570521326 15.1404063472595 14.6489213932517 7.46060355140387 4.29695121975729 9.46022244370567 11.1312328789201 11.0892560377334 14.496964274162 14.8254488820761 14.5388698282894 14.5110291828117 9.26057803094493 9.6204400238036 9.13781093888065 8.11739812331888 7.79418193351374 8.50806412929625 8.37079492933791 8.44458986051159 8.45691892189301 7.78697892671138 7.31351988169702 7.31947273761466 7.68662512506185 7.89064384465439 7.78305168245527 7.72656706774603 7.19210604175709 7.03054957821578 6.64384759379178 6.97483350153353 7.03476891351432 7.14847767829693 8.04492716474492 7.44303333689358 8.20035588243696 7.80975521187937 8.65740773742318 8.40756092932962 8.17690694442867 7.93478331891924
14.307525668078 14.2153614109263 9.42359801556755 10.6418483699226 11.7857771250825 10.3842388628432 6.10831314675366 5.02795870498172 3.86773714964541 6.69972138391177 8.50604925659738 11.6453713715281 14.1071458906939 14.4294863271391 14.4733838387794 13.9790677951431 8.72343018436577 6.96382675116061 7.17444741488799 7.21553374305006 7.38122688299939 8.2488859819631 8.13453300486771 8.84920796640953 7.87574316678607 7.46199771344183 7.95537413612239 7.68673242571362 7.8720930070158 7.79805861274468 8.22343126841642 7.74193842063236 8.35894847585636 7.59247043731715 6.83688344356047 8.03153500706683 7.29736563711487 7.4677819698766 7.85309882711359 7.61138293984055 7.47985094596889 8.08925944667151 8.0168350988781 8.58379637485651 8.9801796092515 8.56428031771165
11.0656159032634 9.35141019385068 3.62499097123398 6.69560563609544 3.99345890783778 5.47786291026645 4.67237865076898 4.94447270224502 4.34975531634036 4.89243484005258 9.71772036044019 13.1234022812511 13.1786233658795 13.3028220534219 13.5535378897182 12.7451608441837 6.53819877001992 7.36148392888302 8.37562551229007 6.13864649692183 5.72188513861205 5.92485750589339 7.10321471208153 7.60807601308093 7.69966819622749 7.2120296264379 7.3718465980186 8.16425313816916 7.77196134270695 6.70805244340503 7.65209209998489 7.39712751710733 9.32252378174781 7.84467232528079 7.0969735746216 8.18088045627944 7.16651800181454 7.6250771171717 8.07040052158088 8.0259531452422 8.47111846054333 8.54247750583684 8.52067334850936 8.62053504139431 8.57518818453856 8.76247775313447
6.91294473799782 9.60164741684893 4.43831700172168 4.28499877585174 4.70533459763002 4.43557838008206 4.02760871599255 5.31356857741143 4.74863588574463 4.54086620500125 6.16699912839214 12.9288902148989 13.0457580568322 13.0492503969485 7.28258188197462 9.67962786110542 12.9917657940122 14.5840332422087 14.7278948418647 9.57364645837926 3.79158494079596 3.49275195791044 3.90462799266309 3.92458784070781 5.40629197425478 6.66896203337971 6.54348939601876 7.16472314898804 7.65417735797457 8.26618254177035 7.79577161063589 7.7083907384143 7.54871173322895 7.57554003417492 7.94722567090748 7.45387880322325 6.85418920970839 7.19134544857758 7.95361675104644 8.16483252261199 8.73005319303167 9.07491984183655 8.54418565582239 8.84996714113921 9.22136302055939 9.16928520893999
11.4317581662811 10.7210526908731 4.51420457607693 4.41521948727795 5.21296756853088 4.03041846026201 4.75651004600535 5.00069312139156 4.86701762667389 4.54579197350982 4.97762945324167 10.4102443286052 13.0205524034184 13.000168249888 9.35779416846778 6.26950918611925 12.6734583826685 14.4339725932703 14.703573897573 14.5388736529456 7.48660202849268 4.80540051362021 4.98351415347372 5.27879358234316 6.51417423345584 5.58282367247126 5.16616383027679 5.41270262938027 7.0996549414114 8.82100895081409 8.60303831848586 8.44026712672825 7.98324026971205 7.52983460023391 7.86013361790069 7.8541804174986 7.65685243156566 8.23231973110106 8.61759155710276 10.1958528370733 9.68824037798034 8.67922808166499 8.54874321061215 7.6006282663921 7.57346613513429 8.25770923718371
4.68522383323469 5.33546876739699 4.48042127168699 3.73983446467542 4.21016872545698 4.65185987463451 3.85929524759838 4.81980527647406 4.36556485972938 4.27403649631834 5.29640727557101 10.1469848657214 13.0824470918035 13.0566910277477 11.3517429724384 4.22434806756563 4.72506763835365 10.6893193904096 14.2814913100237 14.5150422518832 14.137874066291 8.32674684075345 5.2861320707341 5.91176218005282 6.21785062634373 4.18679033048658 5.12983221025048 5.56150437084021 6.03582042878643 5.52024724227525 8.48586892784954 7.68120590313119 7.77327216023235 7.24732352234541 8.23109710047878 9.05842906912007 8.65054591120587 9.33775483157645 9.46345538468601 11.0683416012386 8.96727800427309 7.52339491200808 7.85484138034765 7.29282391205256 6.69795080280731 6.83006179354169
3.49567799681842 3.87106841975681 3.4150277882561 3.62145580382873 3.29170587141521 5.26559423441499 3.39477573551202 5.23444934831109 3.53790217793177 4.27870740135447 5.49936054191884 12.2358685872052 13.1036763987953 13.0618333149931 11.3620425737093 3.97921932460572 4.3636629849958 12.5291570715963 14.1204466752292 13.8686556401688 10.7692482506332 9.47538214864631 12.1383413747575 11.2550362299062 6.64197874895474 6.58017778194077 6.12439780644479 5.96759791134316 6.29336714781701 6.0557380444472 5.67221394977813 6.96824918822699 6.35503312946456 6.74273181519003 7.67173995915357 7.76905921236431 7.82025329185399 7.72067560384674 8.11893052560447 8.26663844380131 7.89593676439656 7.61621412016848 7.37205617992031 7.31370515514239 7.03995393245692 6.64734413227783
3.79240329174332 4.11509609138542 3.88031416496504 3.8530845319385 3.39345886118894 3.51980599598523 3.85028800996679 5.51901409188812 4.23102480787033 4.41635743702933 10.3344510603786 10.7449147735905 13.0912417464296 13.1034081030847 12.7424620433418 4.68668623922751 4.52916506644624 10.2772689808441 14.2908191968771 13.4149104979974 10.2186333637739 5.83428554273611 6.01420456440979 12.2229827211232 14.1901746421597 12.8744492832199 10.1391893984771 7.97304837208463 7.31731125608231 7.65908168340798 6.31326084454879 6.2003938817817 6.09372233697823 7.18888350522216 7.1324832546063 10.499309250324 8.72644437164318 8.14843925837509 6.44557656641191 6.30808191432223 7.02842321089813 7.69575477769722 7.16190325157269 6.96871056504949 6.69563146260579 7.48534228263067
