0.0885918 0.738438 0.138593 0.0162964 0.0180815
0.100491 0.810822 0.0395992 0.000655973 0.0484319
0.117172 0.632623 0.191588 9.9991E-05 0.0585173
0.154702 0.794795 0.0174645 0.0128104 0.0202275
9.9982E-05 0.911016 9.9982E-05 0.0775457 0.0112386
9.9982E-05 0.897379 9.9982E-05 0.100885 0.00153542
0.156606 0.771171 0.0577234 0.0143999 9.9991E-05
0.0609011 0.901819 9.9982E-05 9.9982E-05 0.0370798
0.0299771 0.633434 0.202915 0.112237 0.0214369
0.235537 0.522005 0.19334 9.9991E-05 0.0490179
0.424812 0.376417 0.100977 0.0509271 0.0468672
0.228761 0.43729 0.272402 0.0307928 0.0307536
0.835162 0.0523621 0.0369299 0.0438668 0.031679
0.170984 0.534887 0.229209 0.0648202 9.9991E-05
9.999E-05 0.650385 0.20817 0.0706975 0.0706477
0.203305 0.666447 0.120774 9.9991E-05 0.00937433
0.0745066 0.639056 0.279472 0.00686526 9.9991E-05
9.9982E-05 0.85767 0.104864 9.9982E-05 0.0372662
0.204431 0.0412762 0.603755 0.0927814 0.057756
0.14211 0.148772 0.708918 9.9982E-05 9.9982E-05
0.0338011 0.224787 0.717086 9.9991E-05 0.0242262
0.132552 9.9982E-05 0.84472 9.9982E-05 0.0225278
0.0577003 9.9982E-05 0.891605 9.9982E-05 0.0504951
0.037303 0.0567746 0.86133 9.9991E-05 0.0444923
0.129914 0.150674 0.719213 9.9982E-05 9.9982E-05
9.9982E-05 0.0614521 0.930456 9.9982E-05 0.0078924
9.9982E-05 9.9982E-05 0.8941 0.0656556 0.0400448
0.0352146 9.9991E-05 0.853287 0.0617208 0.0496779
9.9973E-05 9.9973E-05 0.990786 0.00891399 9.9973E-05
0.000701307 0.0605879 0.84985 0.0887604 9.9991E-05
9.9982E-05 9.9982E-05 0.941237 0.0390258 0.0195369
0.0311472 0.0374535 0.853892 0.0362224 0.0412852
0.0716384 0.0163961 0.828435 0.00592581 0.0776043
0.247049 0.553325 0.11987 9.9991E-05 0.0796561
9.9982E-05 0.688943 0.259629 0.0512279 9.9982E-05
0.01399 0.740904 0.151843 0.0931624 9.9991E-05
0.235208 0.648095 0.0898637 9.9991E-05 0.0267331
0.138206 0.559001 0.177445 0.12269 0.00265772
9.997E-05 9.997E-05 9.997E-05 9.997E-05 0.9996
0.163375 9.9982E-05 0.810465 9.9982E-05 0.0259607
9.9991E-05 0.73557 0.125861 0.135671 0.0027973
0.17577 0.640907 0.183122 9.9982E-05 9.9982E-05
0.188107 0.392732 0.296748 0.110701 0.0117128
0.648101 0.0708258 0.134575 0.104884 0.0416151
0.960366 9.9982E-05 0.0202994 9.9982E-05 0.0191349
9.997E-05 9.997E-05 9.997E-05 9.997E-05 0.9996
0.166457 0.457191 0.282096 0.0112162 0.0830395
0.421317 0.3328 0.131427 0.114356 9.9991E-05
0.168671 0.31872 0.355402 0.119931 0.0372759
0.182235 0.0432699 0.0235882 0.718313 0.0325943
0.219774 9.9982E-05 9.9982E-05 0.768732 0.011294
9.9973E-05 0.201763 9.9973E-05 0.797937 9.9973E-05
0.205735 0.0389958 9.99999E-05 0.700536 0.0546334
9.9991E-05 0.0124007 0.101611 0.839628 0.0462603
9.9982E-05 0.0544554 0.0798964 0.865448 9.9982E-05
9.9973E-05 0.247206 9.9973E-05 0.752494 9.9973E-05
0.139639 9.9991E-05 0.074527 0.750642 0.0350922
0.0373045 9.9991E-05 0.083973 0.834183 0.0444395
9.9982E-05 0.132965 9.9982E-05 0.813497 0.0533387
0.193935 0.164163 9.9991E-05 0.622957 0.0188446
0.158709 9.9991E-05 0.0411303 0.788503 0.011558
0.215208 9.9991E-05 0.0801468 0.699474 0.00507106
0.551751 0.0639367 9.9991E-05 0.310565 0.0736479
9.9991E-05 0.127774 0.804599 0.04315 0.0243771
9.9991E-05 0.127474 0.812803 0.0247432 0.0348798
9.9982E-05 0.177318 0.799687 9.9982E-05 0.0227959
0.274331 0.0607563 9.9991E-05 0.646772 0.0180408
0.461012 9.9982E-05 9.9982E-05 0.45684 0.0819477
0.0778093 0.088285 0.0875792 0.717541 0.0287853
0.342559 9.9982E-05 9.9982E-05 0.60725 0.0499907
0.00271736 0.098294 0.0212093 0.838531 0.0392481
0.720096 0.188919 9.9991E-05 0.0725778 0.0183071
0.816897 0.129393 0.00409831 0.0405379 0.00907432
0.970482 0.00502262 0.00283462 0.0208599 0.000800709
0.984452 9.9973E-05 9.9973E-05 9.9973E-05 0.0152485
0.8299 9.9982E-05 0.145569 9.9982E-05 0.0243313
0.969024 9.9982E-05 0.00370968 9.9982E-05 0.027066
0.742187 0.113141 0.115126 0.0127551 0.0167918
0.382139 0.0638048 9.9982E-05 0.553857 9.9982E-05
0.427795 0.0804296 9.9991E-05 0.392166 0.0995091
0.188389 0.0118836 0.0699515 0.719309 0.0104666
0.229825 9.9991E-05 0.0886911 0.638038 0.0433461
0.069856 0.176386 9.9991E-05 0.700143 0.0535156
0.189209 0.0355308 0.745181 9.9991E-05 0.0299796
0.486006 0.060419 0.159156 0.29432 9.9991E-05
0.906002 0.0402715 9.9982E-05 0.0535265 9.9982E-05
9.997E-05 9.997E-05 9.997E-05 9.997E-05 0.9996
0.0994522 0.684838 0.215509 9.9982E-05 9.9982E-05
0.0949906 0.764634 0.0998773 9.9991E-05 0.0403981
0.276703 0.450275 0.239727 9.9991E-05 0.033196
0.205281 0.377071 0.30216 0.0780771 0.0374119
0.0283739 0.811573 0.0836966 0.0762565 9.9991E-05
0.77114 0.0194986 0.0520728 0.157189 9.9991E-05
0.166067 0.157712 0.609151 0.0308332 0.0362369
0.685227 0.0665069 9.9991E-05 0.160403 0.0877626
0.341524 0.294059 0.285897 0.0576986 0.0208214
9.9991E-05 0.752006 0.230023 0.000511612 0.0173593
0.210964 0.731574 0.0572612 9.9982E-05 9.9982E-05
0.210203 0.611381 0.178216 9.9982E-05 9.9982E-05
0.35186 0.599779 0.0296419 9.9991E-05 0.018619
0.29566 0.685056 0.0190845 9.9982E-05 9.9982E-05
0.280932 0.668677 0.0476579 9.9991E-05 0.00263304
0.732883 0.0533903 0.0308138 0.166289 0.0166236
0.666658 0.126523 0.0272096 0.0932925 0.0863163
0.650297 0.0555924 0.0122686 0.205175 0.0766665
0.580758 0.194764 0.224278 9.9982E-05 9.9982E-05
0.477549 0.243036 0.18055 0.0987656 9.9991E-05
0.00455539 0.388265 0.509932 0.0971471 9.9991E-05
9.9982E-05 0.196702 9.9982E-05 0.779365 0.0237322
0.177988 0.0717352 0.00595489 0.708766 0.0355556
0.65526 0.0967086 0.109581 0.133549 0.00490059
0.548925 0.136738 0.161416 0.124042 0.0288806
0.525263 0.0651754 0.190991 0.129623 0.0889474
0.29643 9.9973E-05 0.703271 9.9973E-05 9.9973E-05
0.228609 9.9991E-05 0.0868698 0.632957 0.0514635
0.338077 0.0271312 0.00273434 0.631957 9.9991E-05
0.438275 0.12613 9.9982E-05 0.435394 9.9982E-05
0.0697337 0.336588 0.506344 0.0300363 0.0572981
9.9991E-05 0.691863 0.229685 0.0694167 0.00893569
0.106018 0.798089 9.9991E-05 0.0731591 0.0226332
0.00991617 0.848821 0.0146777 0.126485 9.9991E-05
0.0177434 0.508682 0.449075 0.0244005 9.9991E-05
0.00119274 0.746137 0.174557 0.0527893 0.0253244
9.9982E-05 0.902506 0.061786 0.0355084 9.9982E-05
9.9982E-05 0.90633 9.9982E-05 0.0836176 0.00985232
0.13075 0.465683 0.403368 9.9982E-05 9.9982E-05
0.110555 0.735494 0.146231 0.00761926 9.9991E-05
0.137189 0.641514 0.188026 9.9991E-05 0.0331713
0.144362 0.689136 0.162191 9.9991E-05 0.00421147
0.156671 0.517936 0.225026 0.0986931 0.00167351
0.0729834 0.738999 0.0696982 0.0843468 0.0339726
0.312432 0.469757 0.198066 9.9991E-05 0.0196452
0.0504249 0.837073 0.0463198 0.0660826 9.9991E-05
0.134545 9.9982E-05 0.852439 0.0128161 9.9982E-05
0.00406372 0.0816141 0.914122 9.9982E-05 9.9982E-05
9.9973E-05 9.9973E-05 0.965536 9.9973E-05 0.0341636
0.0349824 0.123982 0.767343 0.0735919 9.9991E-05
0.0871299 0.0770134 0.792915 0.0356685 0.0072732
0.216986 0.691848 9.9991E-05 0.0870533 0.00401282
0.115249 0.706092 0.156344 9.9991E-05 0.022215
0.104919 9.9973E-05 9.9973E-05 0.894781 9.9973E-05
0.0591238 0.102557 0.0298229 0.776647 0.0318491
9.9991E-05 0.0635717 0.0681855 0.861758 0.00638447
0.290632 0.0512378 0.0327856 0.60865 0.0166943
9.9982E-05 0.111058 9.9982E-05 0.875259 0.0134837
0.0533791 9.9991E-05 0.131679 0.809193 0.00564921
9.9982E-05 0.0914425 9.9982E-05 0.873816 0.0345418
0.145424 9.9982E-05 0.0421544 0.812221 9.9982E-05
0.0324736 0.0515017 0.0846122 0.831313 9.9991E-05
0.06011 0.00165981 0.0992618 0.821771 0.017197
0.0698046 0.0508961 0.0138623 0.808472 0.0569655
0.0431294 0.125505 0.0631381 0.734925 0.0333025
9.9991E-05 0.178583 0.0129849 0.794732 0.0136001
9.9991E-05 0.0553463 0.0435031 0.880665 0.0203858
0.130122 0.0325739 0.0121005 0.790435 0.0347688
9.9982E-05 0.121761 9.9982E-05 0.86285 0.0151884
9.9991E-05 0.0811356 0.0797237 0.832184 0.00685642
0.73106 0.0776873 0.0578867 0.133266 9.9991E-05
0.773216 0.202366 0.024218 9.9982E-05 9.9982E-05
0.194014 0.0196949 9.9982E-05 0.786091 9.9982E-05
0.0081551 0.262788 9.9991E-05 0.706025 0.0229324
0.218392 9.9973E-05 9.9973E-05 0.781308 9.9973E-05
0.683959 0.190458 9.9982E-05 0.125383 9.9982E-05
9.9991E-05 0.897645 0.0364376 0.0371444 0.0286726
9.9991E-05 0.704786 0.193664 0.0564839 0.0449669
0.258945 0.308592 0.432263 9.9982E-05 9.9982E-05
0.0825645 0.309969 0.590517 0.0168496 9.9991E-05
0.167623 0.0850187 0.735006 9.9991E-05 0.0122518
0.0770821 0.0109985 0.864659 0.0471601 9.9991E-05
0.0677206 0.145579 0.780704 9.9991E-05 0.0058971
0.104973 0.0805128 0.787857 0.0132075 0.0134502
0.204864 9.9991E-05 0.737895 0.0303845 0.0267566
9.9991E-05 0.0452598 0.81834 0.0671696 0.0691306
0.0186265 0.848689 0.077936 0.0340255 0.0207228
0.0809578 0.723988 0.0296006 0.0997913 0.0656623
0.164119 0.756575 9.9991E-05 0.024939 0.0542671
0.219608 0.763238 9.9982E-05 9.9982E-05 0.0169537
0.18929 0.773406 9.9982E-05 9.9982E-05 0.0371036
0.352693 0.647007 9.9973E-05 9.9973E-05 9.9973E-05
0.214605 0.549475 0.22667 9.9991E-05 0.00914981
0.255352 0.496339 0.2081 0.029031 0.0111781
0.147005 0.653665 0.139724 0.00482041 0.0547861
0.161815 0.582268 0.190709 0.0551299 0.0100778
9.9991E-05 0.718424 0.14857 0.0933642 0.0395427
0.0794916 0.0115633 0.721848 0.0601392 0.126958
0.234582 9.9991E-05 0.0566109 0.702844 0.00586305
0.0931059 9.9991E-05 0.112459 0.745037 0.0492985
0.148214 9.9982E-05 0.0526917 0.798894 9.9982E-05
9.9991E-05 0.242627 0.0108434 0.741627 0.00480315
9.9991E-05 0.0292096 0.104611 0.822765 0.0433141
0.26096 0.348312 0.304668 0.0396768 0.0463827
0.123919 0.54698 0.297216 9.9991E-05 0.0317847
9.9991E-05 0.759818 0.164442 0.0181623 0.0574785
0.172849 0.480635 0.294843 9.9991E-05 0.0515719
