9.9991E-05 0.752525 0.0966042 0.0119768 0.00174224 0.137052
9.999E-05 0.755407 0.0945175 0.0551282 0.0417367 0.0531105
9.9982E-05 0.499039 0.212392 0.252473 0.0358965 9.9982E-05
0.0278542 0.706655 0.0235701 0.219843 0.0219772 9.9991E-05
0.0216149 0.893482 9.9982E-05 9.9982E-05 0.00622997 0.0784731
9.9982E-05 0.777133 0.00352944 0.0644099 9.9982E-05 0.154728
9.9982E-05 0.68244 0.0449636 0.135308 9.9982E-05 0.137088
0.00584032 0.737719 0.0148721 0.18257 0.058898 9.9991E-05
0.0861097 0.713685 0.131049 0.000200411 0.0119616 0.0569937
0.0195902 0.451074 0.17728 0.324408 0.0275477 9.9991E-05
0.141699 0.312103 0.052376 0.447797 0.045925 9.9991E-05
0.07239 0.398961 0.288211 0.207235 0.0331028 9.9991E-05
0.063242 9.9991E-05 0.0690913 0.802032 0.064772 0.000762223
0.12399 0.466858 0.145057 0.263895 9.9982E-05 9.9982E-05
0.096858 0.687693 0.161574 9.9991E-05 0.0370805 0.0166945
0.00391234 0.685151 0.0502631 0.229546 0.0132705 0.0178577
9.9973E-05 0.737993 0.149948 9.9973E-05 9.9973E-05 0.111759
0.0470078 0.844856 0.079464 9.9982E-05 0.0284721 9.9982E-05
0.102253 0.0884378 0.519909 0.160219 0.0595978 0.0695829
9.9982E-05 0.0973342 0.657154 0.185156 9.9982E-05 0.0601551
0.0619089 0.332171 0.589134 9.9982E-05 0.0165858 9.9982E-05
9.9991E-05 0.0331159 0.800637 0.104561 0.0083927 0.053193
9.9982E-05 9.9982E-05 0.85731 0.0466034 0.0562958 0.0395909
9.9982E-05 0.148168 0.737387 9.9982E-05 0.0319721 0.0822735
0.0488944 0.269826 0.609404 0.0716756 9.9982E-05 9.9982E-05
9.9973E-05 0.0750346 0.867618 9.9973E-05 9.9973E-05 0.0570471
0.105173 9.9982E-05 0.860642 9.9982E-05 0.0316788 0.00230633
0.0540908 9.9982E-05 0.841626 9.9982E-05 0.0257418 0.0783412
0.0846644 0.00246491 0.912571 9.9973E-05 9.9973E-05 9.9973E-05
0.0166795 0.0885561 0.777006 9.9982E-05 9.9982E-05 0.117558
9.9973E-05 0.00273974 0.883009 9.9973E-05 9.9973E-05 0.113952
0.103971 0.0624962 0.808037 9.9982E-05 0.0252951 9.9982E-05
9.999E-05 0.0590504 0.755953 0.0620795 0.0881489 0.0346681
9.9982E-05 0.500144 0.132534 0.296197 0.0709257 9.9982E-05
0.075211 0.642214 0.255189 9.9991E-05 0.00572349 0.0215625
0.0767935 0.714737 0.121615 0.0134593 9.9991E-05 0.0732951
9.9991E-05 0.640911 0.0238454 0.278898 0.0353996 0.0208468
0.0892631 0.400242 0.147943 0.327862 0.0166493 0.0180407
9.996E-05 9.996E-05 9.996E-05 9.996E-05 0.9995 9.996E-05
0.0201772 9.9982E-05 0.756139 0.190011 0.0334727 9.9982E-05
0.0437499 0.649312 0.184696 9.9982E-05 9.9982E-05 0.122043
9.9991E-05 0.663838 0.124499 0.195273 0.00883832 0.00745205
9.9991E-05 0.300732 0.194725 0.263331 0.0237811 0.21733
0.0531641 0.0994046 0.0479385 0.615982 0.0500217 0.133489
9.9982E-05 9.9982E-05 0.00376038 0.903111 0.00255375 0.0903747
9.996E-05 9.996E-05 9.996E-05 9.996E-05 0.9995 9.996E-05
0.0425931 0.382563 0.208128 0.289179 0.0774365 9.9991E-05
0.0419754 0.225819 0.125936 0.508232 9.9991E-05 0.0979375
0.120008 0.264913 0.453473 0.135405 0.0261003 9.9991E-05
0.150172 0.08624 9.9991E-05 0.0444857 0.0219296 0.697073
0.611212 9.9991E-05 0.0226238 0.0522482 0.0343265 0.279489
0.487759 0.117416 9.9973E-05 9.9973E-05 9.9973E-05 0.394525
0.510074 0.0301208 9.9991E-05 0.174194 0.0409567 0.244554
0.735393 0.0339665 0.0329009 9.9991E-05 0.0486946 0.148945
0.724702 9.9973E-05 0.0745299 9.9973E-05 9.9973E-05 0.200468
0.716609 0.17174 9.9982E-05 0.0611713 9.9982E-05 0.0502802
0.372698 0.0516686 0.00178283 9.9991E-05 0.0162438 0.557506
9.99639E-05 9.99639E-05 9.99639E-05 9.99639E-05 0.00549145 0.994109
0.628413 0.090652 9.9982E-05 9.9982E-05 0.0317067 0.249028
0.180107 0.0842257 9.9991E-05 0.202911 0.0401337 0.492523
9.996E-05 9.996E-05 9.996E-05 9.996E-05 9.996E-05 0.9995
0.399622 0.0673089 0.0528272 0.0748047 9.9991E-05 0.405337
0.212637 9.9982E-05 9.9982E-05 0.563403 0.0630809 0.160679
0.102688 0.0552821 0.793079 0.0282687 0.0205827 9.9991E-05
9.9991E-05 0.160432 0.718096 0.0170192 0.0385767 0.065776
9.9982E-05 0.150952 0.806908 9.9982E-05 0.0268627 0.0150765
0.642211 0.0100975 0.0559471 0.166196 0.0175828 0.107966
0.389109 9.9982E-05 9.9982E-05 0.357886 0.0648239 0.187981
0.753131 0.0409142 0.0636805 0.0844117 0.00793467 0.0499279
0.616697 9.9982E-05 9.9982E-05 0.207465 0.0409855 0.134653
0.742767 0.0456719 0.000808202 9.9991E-05 0.0688977 0.141755
0.0258314 0.216132 9.9991E-05 0.589284 0.00518038 0.163472
9.9973E-05 0.147921 9.9973E-05 0.720792 9.9973E-05 0.130987
9.9982E-05 0.136741 9.9982E-05 0.630678 0.0134726 0.218908
9.9964E-05 9.9964E-05 9.9964E-05 0.973312 0.0262885 9.9964E-05
0.0406586 9.9991E-05 0.0978412 0.808162 0.0335421 0.0196956
9.9982E-05 9.9982E-05 0.00224632 0.862777 0.0393237 0.0954533
0.0469271 0.0696932 0.0698152 0.757836 0.0184689 0.03726
0.642714 0.0659419 9.9982E-05 0.1906 9.9982E-05 0.100544
0.275668 0.170949 9.9991E-05 0.240861 0.138164 0.174257
0.492825 9.9991E-05 0.033757 0.15494 0.0177024 0.300676
0.460212 9.9982E-05 0.0879712 9.9982E-05 0.0595831 0.392034
0.678416 0.109742 9.9991E-05 0.0674481 0.051695 0.0925998
0.0699577 0.0250278 0.669934 0.2187 0.0162802 9.9991E-05
0.22986 0.0677004 0.113697 0.50411 9.9991E-05 0.0845323
0.162747 0.0077822 9.9982E-05 0.801741 9.9982E-05 0.0275294
9.996E-05 9.996E-05 9.996E-05 9.996E-05 0.9995 9.996E-05
9.9982E-05 0.671601 0.171235 0.113365 9.9982E-05 0.0435991
9.9991E-05 0.725266 0.110465 0.0810599 0.00979297 0.0733162
9.9991E-05 0.551956 0.109439 0.215805 0.0391988 0.083501
0.0744636 0.268149 0.292023 0.319717 0.0455478 9.9991E-05
0.0445486 0.685239 0.0742269 0.178553 9.9991E-05 0.0173321
9.9973E-05 9.9973E-05 0.0216744 0.707793 9.9973E-05 0.270233
9.9991E-05 0.142645 0.547204 0.247477 0.0457034 0.0168696
0.216021 9.9973E-05 9.9973E-05 0.705453 0.078226 9.9973E-05
0.114612 0.297681 0.271231 0.251501 0.0207241 0.0442511
9.9973E-05 0.774671 0.152272 9.9973E-05 9.9973E-05 0.0727574
0.0417545 0.616826 0.0729084 0.268311 9.9982E-05 9.9982E-05
9.9973E-05 0.532451 0.100552 0.366697 9.9973E-05 9.9973E-05
0.0644703 0.633793 0.00372631 0.243198 0.00375652 0.0510563
9.9973E-05 0.537274 9.9973E-05 0.432451 0.0299758 9.9973E-05
9.9982E-05 0.61281 0.0817099 0.281541 0.0237387 9.9982E-05
0.166944 9.9991E-05 0.0489457 0.645741 0.0310981 0.107171
9.9991E-05 0.0727902 0.0682704 0.617618 0.0523805 0.18884
0.116806 0.0254579 9.9991E-05 0.70149 0.0767787 0.0793666
9.9982E-05 0.128524 0.231783 0.639046 0.000446245 9.9982E-05
0.0319028 0.261569 0.117462 0.471788 9.9991E-05 0.117178
0.130399 0.4823 0.387 9.9973E-05 9.9973E-05 9.9973E-05
0.657588 0.135715 0.0017503 9.9991E-05 0.0107397 0.194107
0.659349 9.9991E-05 0.0196049 0.184523 0.0466569 0.0897659
9.9973E-05 9.9973E-05 0.14316 0.679976 9.9973E-05 0.176565
9.9991E-05 0.168553 0.121909 0.456348 0.0216654 0.231425
9.9991E-05 0.0541559 0.261635 0.391489 0.0560814 0.236539
9.9964E-05 9.9964E-05 0.683733 0.315867 9.9964E-05 9.9964E-05
0.649965 9.9982E-05 0.050225 0.249369 0.0502406 9.9982E-05
0.556565 0.0479512 0.0097012 0.17391 9.9991E-05 0.211773
0.319162 0.0503388 9.9982E-05 0.463584 9.9982E-05 0.166714
0.0262589 0.273891 0.492309 0.152117 0.0553241 9.9991E-05
0.0265686 0.609583 0.276688 9.9991E-05 0.00853572 0.0785244
0.105802 0.740226 9.9982E-05 0.135725 0.0180468 9.9982E-05
0.079049 0.689309 0.102768 0.0426143 9.9991E-05 0.0861598
0.00253139 0.528578 0.365168 0.0688281 9.9991E-05 0.0347941
0.00987981 0.689307 0.159689 0.0873766 0.0158519 0.0378961
0.0974917 0.779929 0.070341 0.0520384 9.9982E-05 9.9982E-05
9.9973E-05 0.862329 9.9973E-05 9.9973E-05 0.011715 0.125657
0.0706551 0.435384 0.352927 0.140834 9.9982E-05 9.9982E-05
0.104685 0.742679 0.152336 9.9973E-05 9.9973E-05 9.9973E-05
9.9991E-05 0.669936 0.152405 0.0866286 0.0339894 0.0569412
9.9991E-05 0.71259 0.106765 0.122703 0.020188 0.0376539
0.0937875 0.49943 0.234603 0.0832689 0.0141024 0.0748085
0.058859 0.77619 0.0293415 0.00689542 0.056276 0.0724385
0.0341178 0.470431 0.249831 0.229664 0.015857 9.9991E-05
0.00751986 0.788665 0.0590282 0.0493094 9.9991E-05 0.0953773
9.9964E-05 9.9964E-05 0.857996 0.141604 9.9964E-05 9.9964E-05
9.9973E-05 0.0409732 0.913062 0.0456644 9.9973E-05 9.9973E-05
9.9982E-05 0.0227402 0.914632 9.9982E-05 0.0363547 0.0260736
0.105613 0.0803509 0.737747 0.0721458 9.9991E-05 0.00404322
0.0579868 9.9991E-05 0.815071 0.0962657 0.00473909 0.0258379
0.110774 0.653774 9.9991E-05 0.204283 0.00792082 0.0231477
9.9982E-05 0.544598 0.17604 0.25144 0.0277231 9.9982E-05
0.335932 9.9964E-05 9.9964E-05 9.9964E-05 9.9964E-05 0.663669
0.858606 9.9991E-05 0.0625367 0.0529802 0.025178 0.000599403
0.771658 0.0335281 9.9982E-05 9.9982E-05 0.0226211 0.171993
0.539238 9.9982E-05 0.0318673 0.286139 9.9982E-05 0.142555
0.640934 9.9982E-05 9.9982E-05 0.0116089 0.0516754 0.295582
0.731192 9.9982E-05 0.0899508 9.9982E-05 0.00823171 0.170425
0.869403 9.9982E-05 9.9982E-05 0.0134414 0.0238606 0.0930954
0.535374 9.9982E-05 0.0467376 0.0330358 9.9982E-05 0.384653
0.71352 9.9982E-05 0.0678418 0.0577741 9.9982E-05 0.160664
0.622137 9.9991E-05 0.0773964 0.0426318 0.015893 0.241842
0.85818 9.9973E-05 9.9973E-05 0.0979878 0.0435318 9.9973E-05
0.773973 9.9991E-05 0.0315955 0.0763957 0.0427647 0.0751707
0.658703 0.123249 9.9982E-05 9.9982E-05 0.0150071 0.202841
0.812206 9.9982E-05 0.0475263 9.9982E-05 0.00847894 0.131589
0.668161 9.9991E-05 0.0334935 0.0450035 0.00222213 0.25102
0.868076 0.0421656 9.9982E-05 9.9982E-05 0.0269294 0.0626295
0.873999 9.9982E-05 0.0518697 9.9982E-05 0.0167599 0.0571715
0.148002 0.019551 9.9973E-05 0.832147 9.9973E-05 9.9973E-05
0.0104937 0.0436091 9.9973E-05 0.945597 9.9973E-05 9.9973E-05
0.789213 0.0361138 9.9982E-05 0.024803 9.9982E-05 0.14967
0.492958 0.235135 9.9982E-05 9.9982E-05 0.0225023 0.249204
9.996E-05 9.996E-05 9.996E-05 9.996E-05 9.996E-05 0.9995
9.9973E-05 0.146786 9.9973E-05 0.655824 9.9973E-05 0.197091
0.0344584 0.789608 0.0356724 0.106671 0.0334912 9.9991E-05
9.9991E-05 0.641733 0.219113 0.0999206 0.030176 0.00895681
9.9982E-05 0.30604 0.37495 0.231042 9.9982E-05 0.0877684
9.9991E-05 0.276522 0.57743 0.115247 0.0110238 0.0196766
0.0222014 9.9982E-05 0.73168 0.242957 0.00296146 9.9982E-05
9.9982E-05 0.0772872 0.800086 0.00880988 9.9982E-05 0.113617
9.9973E-05 0.0782651 0.716733 0.204703 9.9973E-05 9.9973E-05
9.9991E-05 0.104789 0.718107 0.125451 0.0108736 0.0406799
9.9982E-05 9.9982E-05 0.703287 0.190803 0.0386915 0.067019
0.102536 0.128638 0.71997 9.9982E-05 0.0486555 9.9982E-05
0.0360555 0.734242 0.0657543 0.129126 0.00777788 0.0270441
0.0217776 0.705099 0.00119724 0.144644 0.0493045 0.0779773
9.9982E-05 0.67446 9.9982E-05 0.200219 0.0406718 0.08445
0.0904327 0.615934 9.9973E-05 0.293333 9.9973E-05 9.9973E-05
9.9982E-05 0.737556 9.9982E-05 0.173833 0.0308975 0.057513
0.0572628 0.501135 9.9982E-05 0.434471 0.00693159 9.9982E-05
9.99893E-05 0.513567 0.186215 0.190057 9.99893E-05 0.109961
9.9991E-05 0.52805 0.21047 0.094631 0.0104356 0.156314
0.06466 0.558985 0.141838 0.201597 0.0328196 9.9991E-05
0.110914 0.577656 0.144027 0.13541 0.00915929 0.0228345
0.0872711 0.680702 0.144586 0.0432436 0.0178299 0.0263671
0.0240161 0.0262307 0.676938 0.0833306 0.161454 0.02803
0.315079 0.0331153 0.00820451 0.0859174 0.0294546 0.52823
0.641615 9.9991E-05 0.102496 0.025052 0.0267137 0.204023
0.903739 9.9973E-05 0.0269098 0.0690517 9.9973E-05 9.9973E-05
0.692248 0.131553 0.000589982 0.0907206 0.00940424 0.0754837
0.705901 0.0931908 0.0277114 9.9991E-05 0.0337271 0.13937
0.111647 0.478015 0.251837 0.0488867 0.0236802 0.0859343
0.00919263 0.51051 0.299373 0.121942 0.0378352 0.0211464
9.9982E-05 0.724318 0.104198 9.9982E-05 0.0582489 0.113035
0.0220652 0.461459 0.200454 0.264287 0.0516349 9.9991E-05
