9.9982E-05 0.0881424 0.00714643 9.9982E-05 0.109856 0.673076 0.121579
9.9982E-05 0.0512014 0.0373843 0.202391 0.0605321 0.648291 9.9982E-05
0.00939222 9.9982E-05 0.00871788 9.9982E-05 0.165045 0.712937 0.103708
0.0268563 9.9982E-05 9.9982E-05 0.135316 0.0172722 0.678481 0.141875
0.0527731 0.0463799 0.00313042 0.092748 9.9982E-05 0.804769 9.9982E-05
9.9973E-05 0.129404 9.9973E-05 0.144834 9.9973E-05 0.714674 0.0107877
9.9982E-05 0.0909347 9.9982E-05 0.201049 0.0234511 0.550495 0.133871
9.9973E-05 9.9973E-05 0.032391 0.142017 9.9973E-05 0.684105 0.141187
0.068713 9.9982E-05 0.0225718 0.729047 0.0266564 0.152812 9.9982E-05
9.999E-05 0.0446796 0.0337826 0.410498 0.178352 0.176281 0.156306
0.0999576 9.9991E-05 0.0513893 0.27773 0.0789956 0.0710404 0.420787
0.0443024 9.9991E-05 0.00626953 0.508475 0.189591 0.0255416 0.22572
0.00902108 0.0790689 0.0334033 0.23097 0.0184075 9.9991E-05 0.629029
0.111424 9.9973E-05 9.9973E-05 0.678767 0.0895312 9.9973E-05 0.119979
0.0432966 0.0832304 0.0272093 0.373606 0.0738983 0.398659 9.9991E-05
9.999E-05 0.00708613 0.00551504 0.467041 0.0503024 0.241926 0.228029
0.0534616 9.9973E-05 9.9973E-05 0.60859 0.131555 0.206093 9.9973E-05
9.9973E-05 0.0056924 9.9973E-05 0.426648 0.0285338 0.538826 9.9973E-05
9.999E-05 0.165656 0.0632995 0.206429 0.434167 0.0309659 0.0993821
9.9973E-05 0.026969 9.9973E-05 0.241924 0.609795 9.9973E-05 0.121012
0.0356558 9.9991E-05 0.0214876 0.104656 0.673134 0.12695 0.0380165
0.0257739 0.041379 9.9982E-05 9.9982E-05 0.782973 0.0561627 0.0935113
9.9973E-05 0.0875207 0.0414757 9.9973E-05 0.865002 0.00570128 9.9973E-05
0.0205928 0.0178342 0.0338249 0.188258 0.691383 0.0480074 9.9991E-05
9.9973E-05 9.9973E-05 9.9973E-05 0.0329776 0.659887 0.182058 0.124778
9.9973E-05 0.0443469 0.00445793 9.9973E-05 0.843539 0.107356 9.9973E-05
0.0833865 0.00839855 0.0262213 9.9973E-05 0.881694 9.9973E-05 9.9973E-05
0.00998306 0.085578 9.9973E-05 0.0797191 0.82442 9.9973E-05 9.9973E-05
0.0136456 0.0500452 9.9973E-05 9.9973E-05 0.852689 0.0833208 9.9973E-05
9.9973E-05 0.107722 0.00301654 9.9973E-05 0.783913 0.105049 9.9973E-05
9.9973E-05 0.085261 0.0235773 0.0281394 0.862722 9.9973E-05 9.9973E-05
0.0641531 9.9982E-05 0.0209463 0.162325 0.731096 9.9982E-05 0.0212793
9.9982E-05 0.0887423 0.0550329 0.0875753 0.745057 9.9982E-05 0.0233929
9.9982E-05 9.9982E-05 0.0606267 0.169895 0.168661 0.352672 0.247945
0.0472568 9.9973E-05 9.9973E-05 0.17691 0.245696 0.529838 9.9973E-05
0.153478 9.9982E-05 9.9982E-05 0.0479088 0.145824 0.63939 0.0131997
0.00565003 9.9982E-05 0.0187778 9.9982E-05 0.0357709 0.693077 0.246524
0.0484041 0.0399478 0.00344184 0.370229 0.098846 0.260671 0.178461
9.995E-05 9.995E-05 0.9994 9.995E-05 9.995E-05 9.995E-05 9.995E-05
9.9973E-05 0.015197 0.00117845 9.9973E-05 0.729246 9.9973E-05 0.254079
9.9973E-05 0.204309 9.9973E-05 0.0552608 0.110905 0.629225 9.9973E-05
9.9973E-05 9.9973E-05 9.9973E-05 0.305091 0.0823533 0.464622 0.147634
9.999E-05 0.172931 0.0108955 0.184721 0.212793 0.156858 0.261702
0.0759106 0.0729053 0.0544904 0.127671 0.0937693 0.0477548 0.527499
0.00445954 0.03084 0.0139615 9.9991E-05 0.0715454 0.0523375 0.826756
9.995E-05 9.995E-05 0.9994 9.995E-05 9.995E-05 9.995E-05 9.995E-05
0.0498079 9.9991E-05 0.0850265 0.366702 0.173716 0.129861 0.194786
9.9982E-05 0.181174 9.9982E-05 0.294264 0.110079 0.109945 0.304338
0.126588 9.9991E-05 0.0353274 0.307884 0.271422 0.163499 0.0951796
0.323943 0.456878 0.0236571 0.0801174 9.9982E-05 9.9982E-05 0.115205
0.48245 0.287733 0.0308354 0.0938649 9.9982E-05 9.9982E-05 0.104917
0.529197 0.341024 9.9982E-05 0.0548505 0.000860444 0.0738684 9.9982E-05
0.645329 0.115502 0.0459793 0.0465515 0.0278042 9.9991E-05 0.118734
0.654209 0.167874 0.0727833 9.9982E-05 0.0931035 0.0118304 9.9982E-05
0.556347 0.301442 9.9964E-05 0.14181 9.9964E-05 9.9964E-05 9.9964E-05
0.616496 0.0656575 9.9964E-05 0.317447 9.9964E-05 9.9964E-05 9.9964E-05
0.329753 0.467687 0.00956954 0.192691 9.9973E-05 9.9973E-05 9.9973E-05
9.99549E-05 0.992486 0.00701443 9.99549E-05 9.99549E-05 9.99549E-05 9.99549E-05
0.671159 0.142013 0.0512707 0.0479115 9.9982E-05 9.9982E-05 0.0874452
0.377884 0.255924 0.0209494 9.9982E-05 9.9982E-05 0.131043 0.214
9.995E-05 0.9994 9.995E-05 9.995E-05 9.995E-05 9.995E-05 9.995E-05
0.425391 0.23984 9.9982E-05 9.9982E-05 0.0683812 0.0599182 0.20627
0.136449 0.214815 0.085252 0.0925924 9.9982E-05 9.9982E-05 0.470691
0.0833591 9.9991E-05 0.00264069 0.0967072 0.730271 0.0851176 0.00180483
0.0297957 0.00148201 0.0236286 0.0100598 0.758757 0.160307 0.0159698
9.9973E-05 0.0121361 0.0104778 9.9973E-05 0.810161 0.166925 9.9973E-05
0.540657 0.146311 0.0348857 0.0970813 9.9991E-05 0.0285577 0.152408
0.480478 0.0259338 0.0710401 9.9982E-05 9.9982E-05 0.0250863 0.397262
0.629353 0.133117 0.0383523 0.0897717 0.0390299 9.9991E-05 0.0702765
0.51146 0.149153 0.041914 9.9973E-05 9.9973E-05 9.9973E-05 0.297174
0.785788 0.0832835 0.0304368 0.0371497 9.9982E-05 0.0631424 9.9982E-05
0.0323405 0.104132 0.00254711 0.218441 9.9991E-05 0.0695299 0.572909
9.9964E-05 0.114352 9.9964E-05 0.351135 9.9964E-05 9.9964E-05 0.534113
9.9982E-05 0.0934447 9.9982E-05 0.0990191 0.0141381 0.0296541 0.763544
9.9955E-05 9.9955E-05 0.0352864 9.9955E-05 9.9955E-05 9.9955E-05 0.964214
9.9973E-05 9.9973E-05 0.0254381 0.0440138 0.073369 9.9973E-05 0.856879
9.9982E-05 0.0699171 0.0255829 0.0335932 0.00675127 9.9982E-05 0.863956
0.0173929 9.9991E-05 0.0128355 0.0476468 0.0748113 0.161152 0.686062
0.550724 0.067148 9.9973E-05 0.18882 9.9973E-05 9.9973E-05 0.193009
0.366224 0.071567 0.12323 9.99822E-05 9.99822E-05 0.117359 0.321421
0.520578 0.268526 0.0110063 9.9991E-05 0.0630218 0.0301744 0.106593
0.543733 0.264505 0.0501079 0.0083379 0.0844527 9.9991E-05 0.0487631
0.706678 9.9964E-05 0.0304321 0.26249 9.9964E-05 9.9964E-05 9.9964E-05
0.0804401 9.9982E-05 0.0115241 0.221573 0.602542 9.9982E-05 0.0837211
0.170763 0.121531 9.9982E-05 9.9982E-05 0.147695 0.0010962 0.558714
0.0516787 0.053904 9.9973E-05 0.0185872 9.9973E-05 9.9973E-05 0.87553
9.995E-05 9.995E-05 0.9994 9.995E-05 9.995E-05 9.995E-05 9.995E-05
9.9991E-05 0.0749827 0.00270417 0.232288 0.12702 0.514084 0.0488221
9.9991E-05 0.0645551 0.0245032 0.180498 0.0977491 0.592249 0.0403459
9.9991E-05 0.129265 0.0206609 0.448626 0.0865848 0.209066 0.105698
0.0391886 0.0429432 0.0302341 0.58782 0.166584 9.9991E-05 0.133131
0.0361817 0.0215834 9.9991E-05 0.322716 0.0180446 0.530374 0.0710006
9.9973E-05 0.230393 9.9973E-05 0.0268502 0.0429789 9.9973E-05 0.699478
9.9991E-05 0.0534167 0.0387656 0.1377 0.473496 0.125315 0.171206
0.148123 9.9982E-05 0.0889055 0.00890991 9.9982E-05 0.100413 0.653449
0.0132695 0.0573058 0.0247205 0.00379462 0.268718 0.281507 0.350684
9.9982E-05 0.0380738 0.0193827 0.566837 0.0650638 0.310443 9.9982E-05
9.9973E-05 9.9973E-05 9.9973E-05 0.170523 0.00665289 0.574392 0.248132
9.9973E-05 9.9973E-05 9.9973E-05 0.168009 0.108641 0.417673 0.305377
0.00420081 0.0584399 9.9973E-05 0.846967 9.9973E-05 9.9973E-05 0.0900926
9.9955E-05 9.9955E-05 9.9955E-05 9.9955E-05 9.9955E-05 0.644237 0.355263
9.9982E-05 9.9982E-05 0.0022674 0.79105 0.0516519 0.0370102 0.11782
0.120497 0.0921832 0.0273868 9.9982E-05 9.9982E-05 0.0987003 0.661033
0.153448 9.9991E-05 0.0682866 0.0620283 0.124364 0.075183 0.516589
0.120615 0.0692345 0.0847943 0.0851168 0.0113683 0.0246367 0.604234
9.9982E-05 9.9982E-05 0.0135054 0.211076 0.201487 0.0350193 0.538712
0.0424489 0.0941198 9.9991E-05 0.279276 0.118851 0.0617006 0.403504
0.07466 0.0336781 9.9982E-05 0.295559 0.394374 0.201529 9.9982E-05
0.667188 0.120903 0.01494 9.9982E-05 0.0126557 0.184113 9.9982E-05
0.609348 0.141793 0.025306 9.9982E-05 0.0202854 9.9982E-05 0.203068
0.0408358 0.190157 9.9982E-05 9.9982E-05 0.103185 0.146232 0.51939
9.9982E-05 0.222982 0.0125854 0.366494 0.0537573 9.9982E-05 0.34398
9.9982E-05 0.247406 0.0244467 9.9982E-05 0.170586 0.262426 0.294935
9.9964E-05 9.9964E-05 9.9964E-05 0.0296157 0.71334 9.9964E-05 0.256644
0.541353 0.0990098 0.0177482 9.9982E-05 0.0555126 9.9982E-05 0.286177
0.433365 0.267267 9.9982E-05 0.114239 0.014455 9.9982E-05 0.170473
0.395475 0.157981 0.00606689 0.0461291 9.9991E-05 0.0959634 0.298285
0.0706473 9.9991E-05 0.0734389 0.0439071 0.445846 0.285304 0.0807572
0.0194834 0.0525554 0.00662655 0.184751 0.210948 0.525536 9.9991E-05
0.047108 0.00415581 0.0185282 0.120385 0.0254171 0.646824 0.137582
0.0758954 0.0890268 9.9982E-05 0.0481831 0.0652797 0.721415 9.9982E-05
9.9982E-05 0.0123211 9.9982E-05 0.326058 0.31099 0.349103 0.0013274
0.00910057 0.0534443 9.9991E-05 0.171067 0.110079 0.546271 0.109938
0.0559712 9.9964E-05 9.9964E-05 9.9964E-05 0.067434 0.876195 9.9964E-05
0.014701 0.0994078 9.9973E-05 0.0997551 9.9973E-05 0.785836 9.9973E-05
0.0341024 9.9982E-05 9.9982E-05 0.112725 0.314311 0.371207 0.167454
0.0364827 9.9955E-05 9.9955E-05 0.963018 9.9955E-05 9.9955E-05 9.9955E-05
9.9991E-05 0.0213345 0.0224398 0.817041 0.0922049 0.0342962 0.0125832
9.9955E-05 9.9955E-05 9.9955E-05 0.985989 9.9955E-05 9.9955E-05 0.0135116
0.109464 0.0421584 9.9991E-05 0.275825 0.184068 0.296377 0.0920082
0.00850869 0.0520282 0.0199484 0.835508 9.9982E-05 0.0838072 9.9982E-05
9.9973E-05 0.0539711 9.9973E-05 0.717466 0.117114 9.9973E-05 0.111149
0.0084479 0.0228867 9.9991E-05 0.157251 0.103313 0.624763 0.0832389
9.9982E-05 0.0289837 0.00476763 9.9982E-05 0.818447 0.0503473 0.0972542
0.00366809 9.9973E-05 9.9973E-05 9.9973E-05 0.797993 0.168031 0.0300083
9.9964E-05 9.9964E-05 0.029455 0.148669 0.821476 9.9964E-05 9.9964E-05
0.0633862 0.0434605 0.00853753 0.154451 0.685437 0.0446281 9.9991E-05
9.9982E-05 0.131232 0.0229014 9.9982E-05 0.732509 0.0440436 0.0691143
0.0964646 0.03431 0.0102909 0.216519 9.9991E-05 0.520673 0.121642
9.9982E-05 0.0100759 0.024801 9.9982E-05 0.123895 0.682979 0.158049
0.387227 0.612273 9.9955E-05 9.9955E-05 9.9955E-05 9.9955E-05 9.9955E-05
0.805729 9.9982E-05 0.0273424 0.0828608 0.0558418 9.9982E-05 0.0280258
0.831272 0.102203 0.00216266 0.0473113 0.0168512 9.9982E-05 9.9982E-05
0.640472 9.9964E-05 9.9964E-05 9.9964E-05 0.0615403 9.9964E-05 0.297587
0.741169 0.160119 0.0235505 0.0748619 9.9973E-05 9.9973E-05 9.9973E-05
0.598395 0.238244 0.0117035 0.0278137 0.123644 9.9982E-05 9.9982E-05
0.892916 9.9964E-05 9.9964E-05 9.9964E-05 9.9964E-05 0.0517979 0.0548864
0.631602 0.204021 9.9973E-05 9.9973E-05 0.0494368 9.9973E-05 0.11464
0.678121 0.167252 9.9982E-05 9.9982E-05 0.0563035 0.0347318 0.0633915
0.578425 0.292672 9.9973E-05 9.9973E-05 0.0579984 9.9973E-05 0.070604
0.823177 0.00198291 0.0206277 0.0214126 9.9982E-05 9.9982E-05 0.1326
0.712404 0.0870366 0.0376189 0.105167 0.0332313 9.9991E-05 0.0244425
0.677885 0.146899 0.0136713 0.0913113 0.05717 9.99959E-05 0.012964
0.67886 0.217161 9.9982E-05 0.0554565 0.0331988 0.015124 9.9982E-05
0.643912 0.164429 9.9973E-05 9.9973E-05 0.000788557 9.9973E-05 0.190571
0.88994 9.9964E-05 0.0110795 9.9964E-05 9.9964E-05 0.0985802 9.9964E-05
0.750171 0.1362 9.9982E-05 9.9982E-05 0.0673306 0.01508 0.0310184
0.13843 9.9973E-05 9.9973E-05 9.9973E-05 0.0519315 0.0384624 0.770876
9.9973E-05 9.9973E-05 9.9973E-05 0.0631049 0.0428169 0.0383754 0.855403
0.748645 0.0930234 9.9973E-05 9.9973E-05 9.9973E-05 0.0685812 0.0894509
0.417599 0.321018 0.0148749 0.058686 9.9991E-05 0.174873 0.0128493
9.995E-05 0.9994 9.995E-05 9.995E-05 9.995E-05 9.995E-05 9.995E-05
9.9973E-05 0.201433 9.9973E-05 0.140172 9.9973E-05 0.0129584 0.645137
0.0718166 9.9973E-05 9.9973E-05 9.9973E-05 0.0186547 0.859128 0.0501007
0.0242336 0.000507624 0.0329718 0.0461606 0.221498 0.674529 9.9991E-05
9.9973E-05 0.0751749 9.9973E-05 9.9973E-05 0.414489 0.320813 0.189223
9.9973E-05 9.9973E-05 9.9973E-05 0.101591 0.616233 0.168736 0.11314
9.9973E-05 0.00422313 9.9973E-05 0.12812 0.706929 9.9973E-05 0.160428
0.0809299 9.9982E-05 0.00463291 0.0910569 0.807087 0.0160929 9.9982E-05
9.9982E-05 9.9982E-05 0.0131073 0.214153 0.720561 0.008814 0.0431643
0.0273491 0.00515437 0.0112495 0.164774 0.692236 9.9991E-05 0.0991376
0.0151234 0.0682242 0.0129101 0.0423094 0.716222 9.9991E-05 0.145111
0.125381 9.9982E-05 0.0656276 0.010544 0.706884 0.0913641 9.9982E-05
9.9973E-05 0.0486362 9.9973E-05 9.9973E-05 0.105532 0.7222 0.123331
0.0187532 0.00447742 0.04809 9.9991E-05 0.0524478 0.715544 0.160587
9.9982E-05 0.114249 0.0358992 0.0143413 9.9982E-05 0.714309 0.121002
0.0664623 9.9964E-05 9.9964E-05 9.9964E-05 9.9964E-05 0.734425 0.198712
9.9982E-05 0.0530037 0.0177774 0.049613 9.9982E-05 0.7934 0.0860058
0.00768913 9.9982E-05 0.00812029 0.126918 9.9982E-05 0.52678 0.330292
9.9991E-05 0.07064 0.0155873 0.624617 0.0982691 0.137779 0.0530072
9.9973E-05 0.139069 9.9973E-05 0.823345 0.0291841 9.9973E-05 0.00810197
0.0347733 9.9973E-05 0.01807 0.916564 9.9973E-05 9.9973E-05 0.0302932
0.0581723 9.9982E-05 9.9982E-05 0.671215 0.0569567 0.11995 0.0935061
0.0643152 9.9982E-05 0.0248647 0.774878 0.029834 0.105908 9.9982E-05
0.0933821 9.9973E-05 0.127594 0.164561 0.614163 9.9973E-05 9.9973E-05
0.179163 0.66389 0.0268152 0.0226778 9.9991E-05 0.0187097 0.0886443
0.553169 0.27069 0.0704565 9.9982E-05 0.0702417 0.0352421 9.9982E-05
0.842379 9.9964E-05 9.9964E-05 0.0153841 9.9964E-05 9.9964E-05 0.141837
0.670977 0.0360608 0.00745691 0.033597 0.0424669 0.115197 0.0942444
0.774762 0.0451088 0.0141586 9.9982E-05 0.0953361 0.0704342 9.9982E-05
0.00767928 0.149418 0.0316931 0.323541 0.247975 0.154537 0.0851563
9.9982E-05 0.0460511 0.0212503 0.387098 0.200596 0.344805 9.9982E-05
9.9982E-05 0.0356859 0.051901 0.723217 0.0330963 0.155899 9.9982E-05
9.9991E-05 0.0150218 0.0532847 0.325791 0.227747 0.267519 0.110537
