9.9991E-05 0.814032 0.185868
9.999E-05 0.864721 0.13518
0.0239483 0.698526 0.277526
0.0209893 0.895036 0.083975
0.0186222 0.90855 0.0728274
0.0531977 0.946702 9.9991E-05
0.0473796 0.864477 0.0881432
9.999E-05 0.977206 0.0226936
0.0434469 0.699448 0.257106
0.0465939 0.696009 0.257397
0.19261 0.633759 0.17363
0.0590707 0.583848 0.357082
0.294172 0.592693 0.113135
0.0833496 0.671733 0.244917
0.0729207 0.691896 0.235183
9.9991E-05 0.841157 0.158743
0.00172969 0.749564 0.248707
9.9991E-05 0.890436 0.109464
0.169655 0.222335 0.60801
9.9991E-05 0.223791 0.776109
9.9991E-05 0.270992 0.728908
0.0579938 0.0578365 0.88417
0.00822899 9.9991E-05 0.991671
0.00293786 0.0926714 0.904391
9.9991E-05 0.314753 0.685147
9.9991E-05 0.0666705 0.933229
0.050368 9.9991E-05 0.949532
0.081997 9.9991E-05 0.917903
0.0029306 9.9991E-05 0.996969
0.0761905 0.065225 0.858584
0.000282383 0.0122008 0.987517
0.0349585 0.0296865 0.935355
0.016167 0.0508818 0.932951
0.0166094 0.736689 0.246702
0.00927389 0.712672 0.278054
0.0655982 0.785082 0.14932
0.0354235 0.853332 0.111244
0.114721 0.74597 0.139309
0.37517 9.9991E-05 0.62473
0.0231668 0.0509287 0.925904
0.0714021 0.662661 0.265937
0.0353868 0.766394 0.198219
0.167657 0.568583 0.26376
0.322507 0.562444 0.115048
0.30366 0.62971 0.0666302
0.381394 9.9991E-05 0.618506
0.126086 0.587937 0.285977
0.227423 0.68222 0.0903563
0.140125 0.469865 0.39001
0.855113 0.11221 0.0326762
0.908456 0.0660359 0.0255079
0.861109 0.138791 9.9991E-05
0.840573 0.101146 0.0582809
0.910763 9.9991E-05 0.0891374
0.905095 0.0026994 0.0922057
0.793119 0.206781 9.9991E-05
0.886584 0.0316436 0.0817721
0.915404 9.9991E-05 0.0844962
0.887481 0.112419 9.9991E-05
0.739226 0.260674 9.9991E-05
0.905565 9.9991E-05 0.0943349
0.814208 0.131676 0.0541161
0.55055 0.335741 0.113709
0.0664287 0.132163 0.801409
0.0197814 0.128131 0.852087
9.9991E-05 0.107835 0.892065
0.803062 0.123958 0.0729793
0.722547 0.248369 0.0290842
0.836119 0.140691 0.0231903
0.874273 0.0785017 0.0472254
0.926342 0.0218682 0.0517896
0.318236 0.681664 9.9991E-05
0.308059 0.590797 0.101144
0.349782 0.566144 0.0840737
0.32462 0.594575 0.0808047
0.269867 0.586611 0.143522
0.355875 0.540655 0.10347
0.255815 0.620264 0.123921
0.732446 0.267454 9.9991E-05
0.592784 0.259623 0.147594
0.83923 9.9991E-05 0.16067
0.863129 9.9991E-05 0.136771
0.786363 0.213537 9.9991E-05
0.0576216 0.148904 0.793474
0.505519 0.349611 0.144871
0.413118 0.586782 9.9991E-05
0.368162 9.9991E-05 0.631738
9.9991E-05 0.806478 0.193422
9.9991E-05 0.797011 0.202889
0.0394768 0.701406 0.259117
0.138231 0.498275 0.363494
0.0406699 0.878397 0.0809327
0.429009 0.520458 0.0505339
0.0672763 0.259241 0.673482
0.452719 0.512495 0.0347862
0.142394 0.476844 0.380762
9.9991E-05 0.76542 0.23448
9.9991E-05 0.940715 0.0591849
9.9991E-05 0.773664 0.226236
0.0530863 0.86829 0.0786236
0.0239834 0.918447 0.05757
9.9991E-05 0.839942 0.159958
0.468845 0.478592 0.0525625
0.367321 0.442395 0.190283
0.421127 0.50581 0.0730628
0.106622 0.693461 0.199918
0.229682 0.632718 0.137599
0.0288359 0.521692 0.449472
0.846368 0.101217 0.0524148
0.834817 0.135358 0.0298248
0.371182 0.433504 0.195314
0.321672 0.496778 0.18155
0.293546 0.330513 0.375941
0.0310766 0.175459 0.793464
0.795878 0.0977029 0.106419
0.791669 0.208231 9.9991E-05
0.647946 0.351954 9.9991E-05
0.053605 0.454721 0.491674
9.9991E-05 0.657332 0.342568
0.0532701 0.929167 0.0175631
0.0969965 0.854751 0.0482529
9.9991E-05 0.577879 0.422021
0.0290515 0.782254 0.188695
9.9991E-05 0.887186 0.112714
9.9991E-05 0.922396 0.077504
0.0103073 0.567245 0.422448
9.9991E-05 0.856959 0.142941
9.9991E-05 0.755659 0.244241
9.9991E-05 0.938869 0.0610312
0.110214 0.570006 0.31978
0.0313207 0.860676 0.108004
0.0638457 0.700571 0.235583
0.0239942 0.859413 0.116593
0.0138646 0.072167 0.913968
9.9991E-05 0.0260565 0.973844
9.9991E-05 0.0292115 0.970688
0.113813 0.0452844 0.840903
0.0529459 0.0309093 0.916145
0.101193 0.890056 0.0087513
9.9991E-05 0.812915 0.186985
0.9998 9.999E-05 9.999E-05
0.918903 0.0636728 0.0174246
0.933434 0.0621732 0.00439323
0.779956 0.192506 0.0275389
0.959087 0.0408127 9.9991E-05
0.856385 9.9991E-05 0.143515
0.954192 0.0457076 9.9991E-05
0.894599 9.9991E-05 0.105301
0.885647 9.9991E-05 0.114253
0.921621 9.9991E-05 0.0782791
0.90345 0.09645 9.9991E-05
0.861272 0.0750485 0.0636796
0.831513 0.104655 0.0638316
0.935103 9.9991E-05 0.0647974
0.942042 0.0538097 0.00414797
0.951666 0.0482339 9.9991E-05
0.927108 9.9991E-05 0.0727922
0.374933 0.472005 0.153062
0.231727 0.631875 0.136397
0.923254 0.0766455 9.9991E-05
0.74137 0.25853 9.9991E-05
0.975443 9.9991E-05 0.024457
0.37329 0.62661 9.9991E-05
0.0045062 0.983803 0.0116909
9.9991E-05 0.735308 0.264592
0.0308194 0.456994 0.512186
9.9991E-05 0.334666 0.665234
0.0385711 0.0875319 0.873897
0.0397941 0.0758425 0.884363
9.9991E-05 0.178759 0.821141
0.0275837 0.18251 0.789906
0.128871 0.0289243 0.842204
0.0744937 0.0735709 0.851935
0.0411937 0.881138 0.0776682
0.0607438 0.791332 0.147924
0.0597756 0.940124 9.9991E-05
0.0256481 0.974252 9.9991E-05
9.999E-05 0.9998 9.999E-05
0.0555198 0.94438 9.9991E-05
0.010741 0.744452 0.244807
0.0926648 0.675068 0.232267
0.026034 0.768832 0.205134
0.0455381 0.724236 0.230226
0.078978 0.750623 0.170399
0.10503 0.0538514 0.841119
0.878299 0.0659959 0.0557052
0.88367 0.0150406 0.10129
0.964181 9.9991E-05 0.0357186
0.776171 0.206231 0.0175981
0.868514 0.0083479 0.123139
0.150488 0.528637 0.320875
0.0356752 0.599463 0.364862
0.0174008 0.726511 0.256088
0.0320596 0.680413 0.287527
