0.0814582 9.9991E-05 0.652832 0.154453 0.0914149 0.0197421
0.317732 9.9991E-05 0.517865 0.0367355 0.106197 0.0213698
9.9982E-05 9.9982E-05 0.703244 0.194921 0.082849 0.0187862
0.0940244 0.0133443 0.733334 0.00773104 0.135146 0.0164202
0.128644 0.0226446 0.848412 9.9973E-05 9.9973E-05 9.9973E-05
0.207407 0.0384621 0.68772 9.9982E-05 0.0662114 9.9982E-05
0.18876 9.9982E-05 0.585598 0.0147149 0.210728 9.9982E-05
0.15716 9.9982E-05 0.661658 9.9982E-05 0.126456 0.0545256
0.755697 0.0455766 0.117689 0.0808372 9.9982E-05 9.9982E-05
0.370244 9.9991E-05 0.140699 0.202506 0.263652 0.022799
0.500371 0.0326623 9.9982E-05 9.9982E-05 0.408155 0.0586117
0.302506 9.9991E-05 0.308881 0.188067 0.170571 0.0298757
0.0915238 0.0244867 9.9991E-05 0.00158625 0.847043 0.0352607
0.680442 9.9973E-05 9.9973E-05 0.118243 0.201015 9.9973E-05
0.432537 0.0528192 0.355783 0.109788 9.9991E-05 0.048973
0.625699 9.9991E-05 0.176006 0.0237772 0.166633 0.00778433
0.694045 9.9973E-05 0.220943 0.0847122 9.9973E-05 9.9973E-05
0.522047 9.9973E-05 0.468405 9.9973E-05 9.9973E-05 0.00924839
0.141436 0.105632 9.9991E-05 0.475311 0.224146 0.0533749
0.316728 9.9973E-05 9.9973E-05 0.56015 0.122822 9.9973E-05
0.19549 9.9991E-05 0.112907 0.668825 0.0154709 0.00720691
0.0145385 0.0281701 0.0690915 0.812952 0.0420591 0.0331891
9.9973E-05 9.9973E-05 9.9973E-05 0.858269 0.094333 0.0470981
0.125662 0.0145036 0.0425096 0.791484 9.9991E-05 0.0257412
0.104799 9.9982E-05 0.139223 0.655533 0.100245 9.9982E-05
9.9973E-05 9.9973E-05 0.116559 0.8649 9.9973E-05 0.0182413
9.999E-05 0.0450661 0.0540189 0.854333 0.0138389 0.0326429
0.066845 0.0610049 9.9991E-05 0.803136 0.0358813 0.033033
9.9982E-05 0.0151486 0.0837539 0.899899 9.9982E-05 0.000998774
9.9982E-05 0.0644618 0.0813871 0.824411 0.0295399 9.9982E-05
0.121435 0.0293073 9.9973E-05 0.848958 9.9973E-05 9.9973E-05
0.166805 0.0458085 9.9982E-05 0.743322 9.9982E-05 0.0438643
0.117443 9.9991E-05 0.014113 0.76009 0.048089 0.0601647
0.226368 9.9991E-05 0.313496 0.138383 0.258309 0.0633436
0.339676 0.0129858 0.45918 0.187958 9.9982E-05 9.9982E-05
9.9973E-05 0.0694456 0.82447 0.105784 9.9973E-05 9.9973E-05
9.9982E-05 9.9982E-05 0.699792 0.0843792 0.19255 0.0230783
0.299741 0.0227919 0.24095 0.101283 0.335135 9.9991E-05
9.996E-05 9.996E-05 9.996E-05 9.996E-05 9.996E-05 0.9995
0.0146499 9.9991E-05 0.00572988 0.77453 0.170836 0.0341534
0.0315603 0.0886264 0.720273 0.159341 9.9982E-05 9.9982E-05
0.345033 9.9982E-05 0.358765 0.101396 0.194606 9.9982E-05
0.292335 0.106651 0.168724 0.244284 0.187907 9.9991E-05
0.151436 0.0949457 0.00114053 0.117275 0.591658 0.0435449
9.9964E-05 9.9964E-05 0.0807564 9.9964E-05 0.918844 9.9964E-05
9.996E-05 9.996E-05 9.996E-05 9.996E-05 9.996E-05 0.9995
0.326067 0.00476635 0.265509 0.0992207 0.212751 0.0916856
0.292084 0.0846369 0.0998627 0.0543462 0.46897 9.9991E-05
0.111049 0.0704007 0.261866 0.309027 0.220657 0.0270002
0.0928409 0.71187 9.9982E-05 9.9982E-05 0.181773 0.0133166
0.0948506 0.740075 9.9982E-05 9.9982E-05 0.136306 0.0285676
0.0525889 0.774507 0.172604 9.9973E-05 9.9973E-05 9.9973E-05
0.109648 0.676473 9.9982E-05 9.9982E-05 0.182253 0.0314265
0.0154292 0.811148 9.9982E-05 0.113914 9.9982E-05 0.0593086
0.0814625 0.85263 0.0170024 0.0487048 9.9982E-05 9.9982E-05
0.339567 0.660033 9.9964E-05 9.9964E-05 9.9964E-05 9.9964E-05
0.202484 0.76592 9.9982E-05 9.9982E-05 0.0168727 0.0145233
9.9973E-05 0.846505 9.9973E-05 0.12222 9.9973E-05 0.0309759
0.163821 0.764671 9.9982E-05 9.9982E-05 0.0216204 0.0496875
0.0694713 0.594373 0.105603 9.9991E-05 0.215176 0.015276
9.9982E-05 0.829317 0.0478004 0.119067 0.00361574 9.9982E-05
0.0511702 0.677198 0.0188685 0.066091 0.184455 0.00221753
0.0903734 0.314019 9.9982E-05 9.9982E-05 0.53463 0.0607782
0.0906791 0.0238948 0.141387 0.724926 9.9991E-05 0.0190131
0.0911095 0.0156025 0.0739675 0.775878 0.0347478 0.00869515
9.9973E-05 9.9973E-05 0.158724 0.819823 9.9973E-05 0.0211533
0.059453 0.666551 0.000570341 0.0501228 0.211931 0.0113722
9.9982E-05 0.473586 0.073999 9.9982E-05 0.383796 0.0684185
0.0985072 0.689069 9.9991E-05 0.0428007 0.133926 0.0355964
9.9982E-05 0.62206 9.9982E-05 0.00590909 0.337654 0.0341775
0.0133238 0.83478 0.105353 9.9982E-05 9.9982E-05 0.0463432
0.188553 0.0940226 0.0338993 9.9991E-05 0.659559 0.0238667
0.327872 0.0765201 9.9982E-05 9.9982E-05 0.585027 0.0103811
0.132343 0.074769 0.0332436 0.000247939 0.753845 0.00555142
9.9964E-05 9.9964E-05 9.9964E-05 9.9964E-05 0.966221 0.0333794
0.0229729 9.9982E-05 9.9982E-05 0.0956998 0.873056 0.0080715
0.108757 0.019437 9.9982E-05 9.9982E-05 0.852222 0.0193839
0.0639196 9.9991E-05 0.10574 0.0398927 0.785287 0.00506061
0.146751 0.578733 9.9973E-05 9.9973E-05 0.274216 9.9973E-05
9.9991E-05 0.424826 0.122625 0.054509 0.308136 0.0898042
9.9991E-05 0.68874 0.0338918 0.0786505 0.19466 0.00395743
9.9982E-05 0.733421 9.9982E-05 0.138384 0.105085 0.0229097
0.189778 0.714101 0.0416654 9.9982E-05 9.9982E-05 0.0542564
0.078124 0.0200006 9.9991E-05 0.644852 0.219491 0.0374326
9.9982E-05 0.270594 0.148217 0.115875 0.465115 9.9982E-05
9.9973E-05 0.111709 0.0194613 9.9973E-05 0.86853 9.9973E-05
9.996E-05 9.996E-05 9.996E-05 9.996E-05 9.996E-05 0.9995
0.141087 9.9982E-05 0.555691 0.183267 0.119755 9.9982E-05
0.270436 9.9991E-05 0.540879 0.124079 0.0336059 0.0308998
0.699191 0.0139013 0.0653874 0.137474 0.0720751 0.0119714
0.561538 0.0728054 9.9991E-05 0.167272 0.165641 0.0326445
0.307586 0.0565872 0.592861 0.042766 9.9982E-05 9.9982E-05
0.0396726 0.181499 0.0489308 0.0263127 0.695297 0.00828775
0.110412 0.00742743 0.177249 0.520667 0.149152 0.035092
9.9982E-05 0.128192 0.113504 9.9982E-05 0.66648 0.0916233
0.151658 0.0240779 0.215036 0.278658 0.30095 0.0296202
0.736018 9.9973E-05 0.157214 0.106468 9.9973E-05 9.9973E-05
0.175633 9.9982E-05 0.55146 0.0165533 0.256154 9.9982E-05
0.538087 9.9982E-05 0.183209 0.06652 0.211984 9.9982E-05
0.89297 0.0746393 0.00626064 9.9991E-05 0.010594 0.0154359
9.99738E-05 9.99738E-05 0.625515 9.99738E-05 0.368616 0.00556845
0.864016 9.9973E-05 9.9973E-05 9.9973E-05 0.134986 0.000697574
9.9982E-05 0.167822 0.174294 9.9982E-05 0.608869 0.0488156
9.9991E-05 0.132851 0.160345 0.0773302 0.577498 0.0518751
9.9991E-05 0.167037 0.0704946 0.00837254 0.666638 0.087358
0.311078 9.9982E-05 0.0211252 0.157151 0.510446 9.9982E-05
0.435651 0.0953609 9.9982E-05 0.107404 0.361384 9.9982E-05
0.330273 0.0270519 0.26805 0.374425 9.9982E-05 9.9982E-05
0.0291428 0.727968 0.210912 9.9982E-05 9.9982E-05 0.0317766
9.9991E-05 0.709436 0.0462989 0.0576558 0.16334 0.0231694
9.9982E-05 0.122758 0.109575 0.116978 0.650489 9.9982E-05
0.231363 0.13025 0.00382753 0.0555883 0.553626 0.0253451
9.9991E-05 0.118718 0.130648 0.21594 0.471252 0.0633422
9.9973E-05 9.9973E-05 0.00123139 0.713578 0.284891 9.9973E-05
9.9982E-05 0.592625 9.9982E-05 0.0444381 0.308408 0.0543296
0.0288162 0.625926 9.9982E-05 0.048902 0.296156 9.9982E-05
0.0444889 0.429739 0.0936476 9.9982E-05 0.431924 9.9982E-05
9.9991E-05 0.0225626 0.401185 0.429472 0.0815176 0.0651623
0.199546 0.0297758 0.588845 0.181633 9.9982E-05 9.9982E-05
0.173241 9.9991E-05 0.621767 0.0275162 0.164354 0.0130215
0.069471 0.0707153 0.78088 0.0787333 9.9982E-05 9.9982E-05
0.223083 9.9982E-05 0.367414 0.387632 0.0216709 9.9982E-05
0.256465 9.9991E-05 0.531286 0.127553 0.0762372 0.00835826
0.0992286 0.00265377 0.761218 0.119041 0.0177579 9.9991E-05
0.212397 0.051793 0.732253 9.9982E-05 9.9982E-05 0.0033567
0.154203 0.00309302 0.406276 0.345164 0.0911642 9.9991E-05
0.83961 0.0202554 0.121628 0.018307 9.9982E-05 9.9982E-05
0.94486 9.9964E-05 9.9964E-05 9.9964E-05 9.9964E-05 0.0547399
0.767185 9.9982E-05 0.0967753 9.9982E-05 0.110613 0.0252268
0.189903 0.0937848 0.362471 0.219911 0.133831 9.9991E-05
0.85409 0.0332895 0.0689679 9.9991E-05 0.0285853 0.0149669
0.60958 9.9973E-05 9.9973E-05 0.171744 0.218376 9.9973E-05
0.217897 9.9982E-05 0.687756 0.0617216 0.0324249 9.9982E-05
0.03108 9.9973E-05 9.9973E-05 0.779949 0.188671 9.9973E-05
9.9964E-05 9.9964E-05 0.14138 0.85822 9.9964E-05 9.9964E-05
0.154746 9.9973E-05 9.9973E-05 0.835153 9.9973E-05 0.00980107
0.161241 0.0661956 9.9982E-05 0.734746 0.0376182 9.9982E-05
9.9991E-05 0.0303199 0.0834812 0.829813 0.0492853 0.00700075
0.252338 0.0186534 0.450711 9.9982E-05 0.278098 9.9982E-05
9.9982E-05 9.9982E-05 0.655619 0.113089 0.208446 0.0226468
9.9964E-05 0.928762 9.9964E-05 9.9964E-05 0.0708386 9.9964E-05
0.0887963 0.776988 9.9991E-05 0.052584 0.0432517 0.0382804
0.0201782 0.818999 0.12001 0.0356674 9.9991E-05 0.00504491
9.9982E-05 0.62104 0.110766 0.0267444 0.241249 9.9982E-05
0.0359996 0.88378 0.0680931 9.9982E-05 9.9982E-05 0.0119269
0.0718381 0.765094 9.9982E-05 0.117401 0.0454674 9.9982E-05
9.9982E-05 0.835683 0.0177377 9.9982E-05 0.103634 0.0427455
9.9982E-05 0.748825 0.0415322 0.0373813 0.172062 9.9982E-05
9.9982E-05 0.797168 0.0445864 0.0900786 0.0679676 9.9982E-05
9.9991E-05 0.802261 0.0169393 0.126934 0.0413675 0.0123981
9.9982E-05 0.756391 0.0553246 9.9982E-05 0.155466 0.0326181
0.0794679 0.732321 0.0381655 0.0820016 0.0486821 0.0193616
0.00223711 0.786624 0.17808 0.0111661 0.00975593 0.0121373
0.0352655 0.829653 0.0578057 0.0513675 0.00181936 0.0240889
9.9982E-05 0.770028 0.0686688 9.9982E-05 0.147535 0.0135681
9.9973E-05 0.80588 0.172999 9.9973E-05 9.9973E-05 0.0208207
9.9982E-05 0.848853 0.0682625 0.0677587 9.9982E-05 0.014926
0.00231139 0.13024 0.15321 0.0511154 0.663024 9.9991E-05
0.0926591 9.9973E-05 0.0838645 9.9973E-05 0.823177 9.9973E-05
9.9973E-05 0.804684 0.0960608 9.9973E-05 0.0989549 9.9973E-05
0.0268313 0.662252 0.27934 9.9991E-05 0.0151592 0.0163175
9.9982E-05 0.816288 9.9982E-05 0.0317049 0.141615 0.0101929
0.230936 0.0977309 0.0166593 9.9982E-05 0.654474 9.9982E-05
9.9982E-05 9.9982E-05 0.904296 0.0339919 0.0578276 0.00368421
0.136742 9.9982E-05 0.606444 0.217169 9.9982E-05 0.039445
9.9973E-05 9.9973E-05 0.337234 0.444073 0.218393 9.9973E-05
0.277659 9.9982E-05 0.0816238 0.567219 0.0732977 9.9982E-05
0.07625 9.9973E-05 9.9973E-05 0.727869 0.195581 9.9973E-05
0.0637764 0.0168546 9.9982E-05 0.83021 0.0889594 9.9982E-05
0.0897657 0.0045169 0.21871 0.672804 9.9991E-05 0.0141036
0.126346 0.000964362 0.034428 0.727239 0.0864938 0.0245286
0.165852 0.0308142 9.9991E-05 0.667676 0.104513 0.0310448
0.0656321 0.043806 0.0920125 0.750794 9.9991E-05 0.0476551
9.9991E-05 0.00751748 0.813237 0.12941 0.0396916 0.0100447
9.9991E-05 0.0175432 0.801036 0.0131423 0.10214 0.0660383
0.0976137 9.9982E-05 0.73078 9.9982E-05 0.120508 0.0508978
9.9973E-05 9.9973E-05 0.813735 9.9973E-05 0.17819 0.00777453
0.131866 9.9982E-05 0.717319 9.9982E-05 0.144275 0.00634085
0.0100589 0.004827 0.704339 9.9982E-05 0.280576 9.9982E-05
0.571952 9.9991E-05 0.125529 0.120477 0.174369 0.00757211
0.791279 0.0552365 9.9982E-05 0.101866 0.0514183 9.9982E-05
0.851608 9.9973E-05 9.9973E-05 9.9973E-05 0.116067 0.0320248
0.689789 0.0266994 0.041239 0.103859 0.138314 9.9991E-05
0.762653 0.0299731 0.172099 9.9991E-05 0.0243844 0.0107902
0.249985 0.0633716 9.9982E-05 0.566301 9.9982E-05 0.120142
0.0245457 0.739179 0.0266316 0.0239172 0.155064 0.0306625
9.9991E-05 0.727979 0.0197186 0.118246 0.101378 0.0325786
0.0337278 0.793342 9.9991E-05 0.0131319 0.157313 0.00238537
0.103686 0.677382 0.100063 0.00595354 0.0931187 0.0197961
9.9991E-05 0.741587 0.15145 0.0625409 0.0106385 0.0336845
0.477665 0.154098 0.181578 0.147154 0.0207123 0.0187927
0.454929 9.9991E-05 0.178362 0.253772 0.0845931 0.0282434
0.827634 9.9982E-05 0.0857779 0.044309 9.9982E-05 0.0420794
0.378399 9.9991E-05 0.233213 0.177471 0.169965 0.0408518
