0.18338 0.0207295 9.9991E-05 0.0700544 0.687665 0.0380702
0.155088 0.01901 0.0426971 0.073423 0.709682 9.9991E-05
0.15056 0.0171196 0.154792 0.131653 0.545775 9.9991E-05
0.0215866 0.0152804 0.0526327 0.161599 0.748801 9.9991E-05
0.0179979 0.0137735 0.0310707 9.9991E-05 0.848868 0.0881898
9.9973E-05 9.9973E-05 0.137576 9.9973E-05 0.746785 0.11534
0.0320672 9.9991E-05 0.137976 0.142851 0.676117 0.0108893
0.0612738 0.0342373 9.9982E-05 0.192418 0.711871 9.9982E-05
0.132598 0.0154657 0.172893 9.9991E-05 0.584898 0.094045
9.9982E-05 0.0162791 0.400936 0.169981 0.412604 9.9982E-05
0.0593877 0.0466399 0.0915863 0.481934 0.278697 0.0417555
0.0606107 0.0150436 0.380783 0.11024 0.399268 0.0340551
9.9982E-05 0.0274624 0.235877 0.681501 9.9982E-05 0.0549598
9.9982E-05 9.9982E-05 0.568488 0.0272647 0.343042 0.0610056
0.0489753 0.0262816 0.31678 9.9991E-05 0.533152 0.0747115
0.0345655 0.00783414 0.326215 0.0912842 0.540001 9.9991E-05
0.288166 0.00283618 0.0107785 0.0814064 0.606437 0.0103764
9.9973E-05 0.0257688 0.214015 9.9973E-05 0.759917 9.9973E-05
0.31335 0.0524076 0.401283 0.0561635 0.0150892 0.161707
0.241946 9.9973E-05 0.720525 9.9973E-05 9.9973E-05 0.0372288
0.755962 0.0132789 9.9982E-05 0.0265484 0.20401 9.9982E-05
0.684445 9.9982E-05 0.217414 0.0687008 9.9982E-05 0.0292394
0.907163 0.0472945 9.9973E-05 0.045243 9.9973E-05 9.9973E-05
0.733433 0.0489811 0.0388532 9.9991E-05 0.153381 0.0252524
0.662396 9.9982E-05 0.0403222 0.0920177 0.205064 9.9982E-05
0.826397 9.9982E-05 0.0697842 0.0293063 0.0743127 9.9982E-05
0.765126 0.0375739 0.143579 9.9982E-05 9.9982E-05 0.0535219
0.85244 0.0249723 0.0823938 0.0002348 9.9991E-05 0.0398595
0.775091 9.9964E-05 0.22451 9.9964E-05 9.9964E-05 9.9964E-05
0.821128 9.9991E-05 0.0433794 0.00811218 0.0423272 0.0849532
0.888092 0.0114926 9.9982E-05 9.9982E-05 0.041612 0.0586031
0.876799 0.0422974 9.9991E-05 0.00617207 0.0328674 0.0417639
0.839547 0.047469 9.9982E-05 0.0631691 0.049615 9.9982E-05
0.023285 0.079094 0.414281 0.186958 0.296282 9.9991E-05
0.0812444 9.9982E-05 0.391572 9.9982E-05 0.488007 0.0389765
0.0273471 9.9982E-05 0.244774 9.9982E-05 0.616576 0.111103
9.9982E-05 0.051977 0.106523 0.195723 0.645577 9.9982E-05
0.130661 0.00810341 0.0747631 0.203926 0.475199 0.107347
9.996E-05 0.9995 9.996E-05 9.996E-05 9.996E-05 9.996E-05
0.467781 0.0211753 0.465099 0.0434409 9.9991E-05 0.00240421
0.208629 9.9973E-05 9.9973E-05 9.9973E-05 0.66258 0.128491
0.15072 0.0192492 0.16812 0.140919 0.520892 9.9991E-05
0.302198 9.9991E-05 0.105389 0.225481 0.239185 0.127647
0.0360646 0.0422853 0.21444 0.508344 0.0611865 0.137679
0.0630396 9.9973E-05 0.0121706 0.92449 9.9973E-05 9.9973E-05
9.996E-05 0.9995 9.996E-05 9.996E-05 9.996E-05 9.996E-05
0.0607832 0.0652132 0.39324 0.243981 0.228106 0.00867626
0.0977717 9.9991E-05 0.284508 0.320627 0.167739 0.129254
0.136207 0.0200773 0.409576 0.0648014 0.258896 0.110442
9.9982E-05 0.0174604 0.21652 0.0450283 9.9982E-05 0.720791
0.0666494 0.0265403 9.9982E-05 0.177147 9.9982E-05 0.729463
0.00719916 9.9982E-05 0.0607129 9.9982E-05 0.131256 0.800632
0.0287446 0.0397149 9.9991E-05 0.173145 0.0487683 0.709527
9.9973E-05 0.0411156 0.168853 9.9973E-05 9.9973E-05 0.789732
0.0128731 9.9982E-05 0.0921386 9.9982E-05 0.0735939 0.821194
9.9973E-05 9.9973E-05 0.198047 9.9973E-05 0.0972372 0.704416
0.0918076 0.00890913 9.9991E-05 0.0386847 0.0510865 0.809412
0.110741 0.0301153 9.9982E-05 0.0128575 9.9982E-05 0.846086
9.9991E-05 0.0369271 0.0153529 0.132162 0.0653306 0.750127
0.0124491 0.0395427 9.9991E-05 0.255157 0.102049 0.590702
0.170157 9.9973E-05 9.9973E-05 0.0295867 9.9973E-05 0.799957
9.9982E-05 9.9982E-05 0.137971 0.185956 0.00884637 0.667027
9.9982E-05 0.0649609 0.119386 0.571297 9.9982E-05 0.244156
0.539338 0.0215803 0.311768 9.9991E-05 0.0934335 0.0337803
0.766902 0.0312323 0.0510057 0.0180144 0.113293 0.0195528
0.676918 0.0211294 0.200493 9.9982E-05 0.10126 9.9982E-05
0.0237928 0.0137371 0.0100282 0.152952 0.13988 0.65961
0.0104547 0.070972 0.0423005 0.421925 9.9991E-05 0.454247
0.0637903 0.0271142 9.9991E-05 0.0772184 0.111604 0.720173
0.0412393 0.0527393 9.9982E-05 0.256185 9.9982E-05 0.649636
9.9982E-05 0.0425841 0.101471 9.9982E-05 0.0246227 0.831122
9.9982E-05 0.00471972 9.9982E-05 0.601281 0.273885 0.119914
9.9982E-05 9.9982E-05 0.24411 0.66142 0.0304448 0.0638252
0.0457861 0.0028065 9.9991E-05 0.81253 0.0613833 0.0773942
9.9964E-05 0.02607 9.9964E-05 0.97353 9.9964E-05 9.9964E-05
0.0647094 0.0277523 0.0709736 0.836365 9.9982E-05 9.9982E-05
9.9973E-05 0.0318138 0.321459 0.646427 9.9973E-05 9.9973E-05
0.0654532 0.0210776 0.0729074 0.768562 0.0426204 0.0293789
9.9973E-05 9.9973E-05 9.9973E-05 0.361175 0.0317448 0.60678
9.9991E-05 0.094838 0.102583 0.304267 0.0575501 0.440662
0.0807944 0.024263 0.0471929 0.140366 9.9991E-05 0.707283
9.9982E-05 0.0380305 0.19696 0.0411261 9.9982E-05 0.723683
9.9991E-05 0.0428638 0.138151 0.0358446 0.0895913 0.69345
0.110686 0.00411695 0.884897 9.9973E-05 9.9973E-05 9.9973E-05
0.187388 9.9982E-05 9.9982E-05 0.47232 0.0767695 0.263322
9.9982E-05 9.9982E-05 0.0390381 0.861503 0.00156917 0.0976901
9.996E-05 0.9995 9.996E-05 9.996E-05 9.996E-05 9.996E-05
0.194045 9.9982E-05 0.00787228 0.173383 0.6245 9.9982E-05
0.0733779 0.0235538 0.215738 0.00889808 0.678332 9.9991E-05
0.0449113 0.0137649 0.3849 0.163351 0.379857 0.0132168
0.00152606 0.0434878 0.559336 0.132119 0.202864 0.060668
9.9982E-05 9.9982E-05 0.344879 0.0143503 0.613923 0.026648
0.0136542 0.00640508 9.9982E-05 0.86452 9.9982E-05 0.115221
0.183392 0.0554909 0.648177 0.11274 9.9982E-05 9.9982E-05
9.9991E-05 0.0625329 0.147116 0.619575 0.0104864 0.16019
0.254351 0.0322429 0.102843 0.342201 0.218228 0.0501347
0.092209 0.00754219 0.233741 9.9982E-05 0.666308 9.9982E-05
0.150091 9.9973E-05 9.9973E-05 0.258779 0.590831 9.9973E-05
0.0739188 9.9982E-05 0.309881 0.152114 0.463886 9.9982E-05
9.9973E-05 9.9973E-05 0.447342 0.231053 0.321305 9.9973E-05
0.109165 9.9973E-05 9.9973E-05 0.427768 0.462767 9.9973E-05
9.9973E-05 9.9973E-05 0.570729 0.0781487 0.350822 9.9973E-05
9.9982E-05 0.0268004 0.169856 0.621979 9.9982E-05 0.181165
9.9991E-05 0.070041 0.278719 0.505639 0.00738192 0.13812
0.0166695 0.0827072 0.0605613 0.627062 0.0421829 0.170818
0.0198045 9.9982E-05 0.478981 0.459643 0.0413716 9.9982E-05
0.147625 9.9991E-05 0.141455 0.433411 0.205361 0.0720478
0.371141 0.00990157 0.113216 9.9991E-05 0.428167 0.0774745
0.058224 0.0191312 9.9982E-05 9.9982E-05 0.167066 0.755379
0.00376981 0.0301046 0.110574 0.117227 0.00695754 0.731367
0.0190871 9.9982E-05 0.318127 0.492828 9.9982E-05 0.169758
0.030064 0.0263488 0.351767 0.36521 0.066187 0.160423
0.283679 0.0408247 0.024911 0.435056 0.0906128 0.124917
0.334047 9.9973E-05 0.539811 0.125842 9.9973E-05 9.9973E-05
0.116851 0.0574038 9.9982E-05 0.205842 9.9982E-05 0.619703
0.0864725 9.9982E-05 0.0105747 0.244825 9.9982E-05 0.657927
9.9982E-05 9.9982E-05 0.0437888 0.384822 0.0712031 0.499986
0.282996 0.0450854 0.323967 0.0417575 0.263185 0.0430095
0.154906 0.00111569 0.19312 9.9991E-05 0.587386 0.0633736
0.120607 0.0161586 9.9991E-05 0.076633 0.751811 0.0346901
0.0400231 9.9982E-05 0.183759 9.9982E-05 0.655071 0.120947
0.185423 9.9982E-05 0.417149 0.00301994 0.394208 9.9982E-05
0.0928229 0.013744 0.194581 9.9991E-05 0.673122 0.0256298
0.234371 9.9982E-05 9.9982E-05 0.0301732 0.720601 0.0146545
0.0775479 0.00665619 9.9982E-05 9.9982E-05 0.85724 0.0583555
0.293108 9.9991E-05 0.128434 0.0242523 0.502062 0.0520436
9.9964E-05 9.9964E-05 0.566994 9.9964E-05 0.432607 9.9964E-05
9.9973E-05 0.0311952 0.448253 9.9973E-05 0.520252 9.9973E-05
0.0307575 0.0382141 0.326444 0.0588767 0.545608 9.9991E-05
0.105096 9.9982E-05 0.413403 9.9982E-05 0.340409 0.140891
9.9982E-05 0.0335818 0.427144 9.9982E-05 0.509814 0.029261
0.0270759 0.0135717 0.5076 0.241877 0.209775 9.9991E-05
0.0661146 9.9991E-05 0.132026 0.0634131 0.71152 0.026826
0.685118 9.9973E-05 0.254189 0.0603925 9.9973E-05 9.9973E-05
0.92042 9.9973E-05 0.00701556 9.9973E-05 0.0722649 9.9973E-05
0.697381 0.0279079 0.274411 9.9973E-05 9.9973E-05 9.9973E-05
0.492207 0.0138714 0.466466 0.013314 9.9991E-05 0.0140425
0.684396 0.0115317 0.179059 0.115086 9.9991E-05 0.00982737
9.9982E-05 0.0258752 9.9982E-05 0.235599 0.680937 0.0573892
0.17111 0.0228374 9.9982E-05 0.153641 0.652212 9.9982E-05
0.00275328 9.9973E-05 9.9973E-05 0.0683696 9.9973E-05 0.928577
9.9982E-05 0.0337457 0.122018 9.9982E-05 0.0706801 0.773356
9.9982E-05 0.0101193 0.0443099 9.9982E-05 0.0842294 0.861141
0.12592 9.9982E-05 9.9982E-05 0.298618 0.0163547 0.558907
0.00512796 0.0175686 0.0585052 0.0340135 0.0636587 0.821126
0.141369 0.0106817 0.0491259 0.0243748 9.9991E-05 0.774348
9.9973E-05 0.00588034 0.104009 9.9973E-05 9.9973E-05 0.889811
0.0358799 9.9982E-05 0.034502 0.105691 9.9982E-05 0.823728
9.9973E-05 9.9973E-05 0.189631 0.0184384 9.9973E-05 0.791631
0.0249909 0.00908728 0.0568972 0.0364739 0.0624386 0.810112
0.012694 0.0342768 9.9991E-05 0.100933 0.055024 0.796972
0.0420441 0.0220061 0.0293969 0.0157934 0.123505 0.767254
0.0644985 0.00727613 0.0539244 0.0833895 0.0714414 0.71947
9.9973E-05 0.00150028 0.153888 9.9973E-05 9.9973E-05 0.844312
0.0609817 0.016019 9.9991E-05 0.154241 0.0390027 0.729656
9.9973E-05 0.0152156 9.9973E-05 9.9973E-05 0.0915851 0.892899
0.0110733 0.00623466 0.122494 9.9991E-05 0.0423236 0.817774
0.0734884 0.00225083 9.9991E-05 0.755596 0.0373963 0.131169
9.9973E-05 9.9973E-05 0.111882 0.826505 0.0613125 9.9973E-05
9.9973E-05 9.9973E-05 9.9973E-05 0.163081 0.0513402 0.785279
0.035363 0.0254454 9.9991E-05 0.0290198 0.243902 0.666169
0.0696532 9.9973E-05 9.9973E-05 0.103118 9.9973E-05 0.826929
0.0121258 9.9991E-05 0.0978954 0.691847 0.107124 0.0909081
0.0474011 0.0208224 9.9982E-05 0.0474695 0.884107 9.9982E-05
0.0434752 0.0276699 0.32125 9.9982E-05 0.607405 9.9982E-05
0.385432 9.9982E-05 0.174204 0.186183 0.253982 9.9982E-05
0.528623 9.9982E-05 0.18949 0.105587 0.176101 9.9982E-05
0.282424 9.9964E-05 0.717176 9.9964E-05 9.9964E-05 9.9964E-05
0.510113 9.9973E-05 0.470847 9.9973E-05 9.9973E-05 0.0187401
0.0507712 9.9964E-05 0.948829 9.9964E-05 9.9964E-05 9.9964E-05
0.418686 0.0273623 0.506107 0.0137652 0.0225149 0.0115647
0.374398 0.0252302 0.558005 9.9982E-05 9.9982E-05 0.0421673
0.667372 0.050598 0.0690091 9.9991E-05 0.128821 0.0840998
0.082963 0.004701 0.170351 0.0627094 0.637146 0.0421305
0.0381544 0.0642199 0.138354 0.135893 0.61773 0.0056494
9.9973E-05 0.0390537 9.9973E-05 0.282487 0.67816 9.9973E-05
9.99641E-05 9.99641E-05 9.99641E-05 0.342606 0.656994 9.99641E-05
9.9973E-05 0.0266387 9.9973E-05 0.261553 0.711508 9.9973E-05
9.9982E-05 0.00101893 0.0176886 0.434557 0.546535 9.9982E-05
0.0204749 9.9982E-05 0.517343 0.0555718 0.406411 9.9982E-05
9.9991E-05 0.00474734 0.549898 0.0389496 0.356932 0.0493733
9.9991E-05 0.0276518 0.523415 0.0483262 0.395432 0.00507451
9.9991E-05 0.00542241 0.56089 0.047831 0.356003 0.029754
9.9982E-05 0.00278893 0.48403 9.9982E-05 0.446829 0.066152
0.143848 0.111057 0.736228 9.9982E-05 9.9982E-05 0.00866677
9.9973E-05 9.9973E-05 0.116863 0.140111 9.9973E-05 0.742727
0.109083 0.0507859 9.9982E-05 0.0499454 9.9982E-05 0.789986
9.9973E-05 9.9973E-05 0.137315 0.0634043 9.9973E-05 0.798981
0.0891746 9.9982E-05 9.9982E-05 0.03774 0.179038 0.693848
0.0494851 0.0370386 0.0607557 0.0160118 0.0283086 0.8084
0.356928 0.0215599 0.00903593 0.136284 0.356784 0.119408
0.100644 0.0313813 0.495278 9.9982E-05 0.372497 9.9982E-05
9.9982E-05 0.0347042 0.486322 9.9982E-05 0.475126 0.00364808
0.0712043 0.0357274 0.331184 0.19172 0.370064 9.9991E-05
