9.9991E-05 0.838121 0.161779
9.999E-05 0.851276 0.148624
0.00474401 0.746907 0.248349
9.999E-05 0.88707 0.11283
0.0167883 0.896111 0.0871012
0.0581851 0.896019 0.0457962
0.0250835 0.839068 0.135849
0.00156864 0.938794 0.0596374
0.0844539 0.720567 0.194979
0.0329842 0.678966 0.288049
0.239629 0.627539 0.132833
0.086432 0.633603 0.279965
0.324073 0.566626 0.1093
0.0994144 0.658419 0.242166
0.0627409 0.662481 0.274778
0.0373241 0.798922 0.163754
0.0195443 0.723784 0.256671
9.9991E-05 0.83311 0.16679
0.197128 0.152836 0.650036
0.0423779 0.213673 0.743949
9.9991E-05 0.190225 0.809675
0.0188558 0.0652587 0.915886
0.000426325 9.9991E-05 0.999474
9.9991E-05 0.128779 0.871121
9.9991E-05 0.238342 0.761558
9.9991E-05 0.0426326 0.957267
0.0574694 9.9991E-05 0.942431
0.056931 0.00588092 0.937188
0.00393264 0.00125704 0.99481
0.0876081 9.9991E-05 0.912292
0.0131115 0.055795 0.931094
0.0335059 0.0716089 0.894885
0.00497643 0.0445673 0.950456
0.0558095 0.664915 0.279275
9.9991E-05 0.699865 0.300035
0.0908463 0.820113 0.0890412
0.014421 0.934161 0.0514183
0.135053 0.739612 0.125335
0.370184 9.9991E-05 0.629716
0.0690171 0.00468776 0.926295
0.0991806 0.668443 0.232376
0.0225323 0.805196 0.172271
0.187413 0.411582 0.401005
0.355073 0.459028 0.185898
0.308062 0.616598 0.0753402
0.386387 9.9991E-05 0.613513
0.0931256 0.57002 0.336854
0.208602 0.622741 0.168656
0.123374 0.483947 0.392679
0.862683 0.0135358 0.123781
0.913528 0.0670221 0.0194504
0.833454 0.166261 0.000284391
0.86832 0.13158 9.9991E-05
0.888741 9.9991E-05 0.111159
0.91006 9.9991E-05 0.0898397
0.806832 0.193068 9.9991E-05
0.9285 0.0332024 0.0382973
0.936794 9.9991E-05 0.0631063
0.867318 0.132582 9.9991E-05
0.774387 0.222745 0.00286816
0.909686 9.9991E-05 0.0902139
0.78695 0.111199 0.101852
0.56258 0.35774 0.0796807
0.0312003 0.0951224 0.873677
0.0294965 0.123182 0.847322
9.9991E-05 0.0987228 0.901177
0.781408 0.214458 0.00413452
0.728897 0.231853 0.03925
0.807545 0.12451 0.0679448
0.879195 0.0588423 0.061963
0.893364 0.0584452 0.048191
0.349141 0.650759 9.9991E-05
0.335166 0.632545 0.0322893
0.37312 0.609864 0.0170151
0.348334 0.614279 0.0373876
0.280687 0.466134 0.253179
0.363768 0.520706 0.115526
0.276732 0.554939 0.168329
0.765769 0.234131 9.9991E-05
0.634499 0.266901 0.0985995
0.876219 0.0575394 0.0662415
0.882193 9.9991E-05 0.117707
0.80435 0.19555 9.9991E-05
0.0820409 0.157238 0.760721
0.48231 0.408485 0.109205
0.422225 0.577675 9.9991E-05
0.390142 9.9991E-05 0.609758
0.0353976 0.789901 0.174702
9.9991E-05 0.758878 0.241022
0.050326 0.643351 0.306323
0.193586 0.526393 0.280021
0.03883 0.868078 0.0930924
0.428303 0.514421 0.0572756
0.0781812 0.274457 0.647362
0.460838 0.508621 0.0305412
0.159842 0.460501 0.379656
9.9991E-05 0.742083 0.257817
0.0108578 0.889397 0.0997452
0.00929699 0.834144 0.156559
0.0995421 0.878662 0.021796
0.0366462 0.873 0.0903542
9.9991E-05 0.863615 0.136285
0.462991 0.436877 0.100131
0.425888 0.407746 0.166365
0.443897 0.428131 0.127972
0.160188 0.517722 0.32209
0.246044 0.622751 0.131205
0.0349163 0.434398 0.530686
0.841782 0.128291 0.0299271
0.848973 0.141177 0.00984969
0.419658 0.372328 0.208014
0.324603 0.47253 0.202867
0.325689 0.313529 0.360782
0.0218596 0.153762 0.824379
0.835294 0.0456632 0.119043
0.826079 0.153443 0.020478
0.647614 0.352286 9.9991E-05
0.0496715 0.35553 0.594799
0.0311758 0.681094 0.287731
0.0627476 0.873419 0.0638329
0.0537352 0.827009 0.119256
9.9991E-05 0.617685 0.382215
9.9991E-05 0.804356 0.195544
9.9991E-05 0.817958 0.181942
0.0671016 0.884461 0.0484372
0.0327426 0.57381 0.393447
9.9991E-05 0.870086 0.129814
9.9991E-05 0.730391 0.269509
0.0134153 0.902109 0.0844755
0.110451 0.606524 0.283025
0.0610856 0.880466 0.058448
0.0582448 0.654528 0.287227
0.033605 0.898581 0.0678141
0.00579715 0.091607 0.902596
9.9991E-05 0.0847045 0.915196
9.999E-05 9.999E-05 0.9998
0.0439915 0.104316 0.851692
0.0453989 0.103608 0.850993
0.121109 0.878791 9.9991E-05
9.9991E-05 0.799747 0.200153
0.9998 9.999E-05 9.999E-05
0.895591 0.0345834 0.0698258
0.939353 0.0175081 0.0431391
0.818237 0.106878 0.0748854
0.967229 0.0326708 9.9991E-05
0.908376 9.9991E-05 0.0915241
0.964499 0.0354013 9.9991E-05
0.899737 9.9991E-05 0.100163
0.909444 0.00865341 0.0819028
0.927349 9.9991E-05 0.0725513
0.900306 0.0995945 9.9991E-05
0.852703 0.100774 0.0465233
0.843625 0.0929267 0.0634481
0.916958 9.9991E-05 0.0829421
0.941837 0.0467578 0.0114055
0.9386 0.0612998 9.9991E-05
0.945158 0.0168053 0.0380368
0.394103 0.580462 0.0254345
0.233946 0.735162 0.030892
0.927927 0.0719733 9.9991E-05
0.75018 0.195791 0.0540296
0.989151 9.9991E-05 0.0107492
0.370897 0.629003 9.9991E-05
9.9991E-05 0.991776 0.0081242
9.9991E-05 0.733234 0.266666
0.0458711 0.475408 0.478721
9.9991E-05 0.362727 0.637173
0.0150537 0.157386 0.82756
0.0329035 0.035722 0.931375
9.9991E-05 0.182995 0.816905
9.9991E-05 0.178385 0.821515
0.11528 0.0506843 0.834035
0.0868065 9.9991E-05 0.913094
9.9991E-05 0.929091 0.0708094
0.0656158 0.801566 0.132818
0.0296053 0.970295 9.9991E-05
0.0264069 0.973493 9.9991E-05
9.9991E-05 0.977631 0.0222688
0.0643309 0.935569 9.9991E-05
0.0297968 0.718512 0.251691
0.0768385 0.681303 0.241859
0.0359106 0.840527 0.123562
0.0772489 0.743911 0.17884
0.0682784 0.783506 0.148216
0.142084 0.0255874 0.832329
0.832352 0.146197 0.0214516
0.881316 9.9991E-05 0.118584
0.943763 0.0128189 0.0434178
0.758691 0.241209 9.9991E-05
0.862699 0.106501 0.0308003
0.151175 0.486544 0.362281
0.00463984 0.704923 0.290437
9.9991E-05 0.773468 0.226432
0.0412005 0.552101 0.406698
