9.9991E-05 0.881453 0.0128293 0.0315856 0.00171223 0.0723199
0.190229 0.689502 0.0234003 0.00725656 0.00797022 0.0816424
9.9982E-05 0.793011 0.0824797 9.9982E-05 0.0224763 0.101833
0.304877 0.602454 9.9991E-05 0.0189814 0.00231698 0.0712712
0.153159 0.778543 9.9973E-05 0.0679977 9.9973E-05 9.9973E-05
0.147036 0.765494 9.9982E-05 0.0237752 9.9982E-05 0.0634945
0.472184 0.460923 9.9982E-05 0.0498241 9.9982E-05 0.0168687
0.387608 0.453157 9.9982E-05 9.9982E-05 0.0208269 0.138208
0.499154 0.301743 0.121712 0.0643603 0.0129306 9.9991E-05
0.336799 0.26044 0.172151 0.00277042 0.0311636 0.196676
0.413496 0.0669548 0.0526693 0.05107 0.0428879 0.372922
0.170725 0.417385 0.170701 0.0135346 0.0262319 0.201423
0.0149224 0.104969 0.00689907 0.0350904 0.0428992 0.79522
0.608383 0.00873923 0.205656 0.065145 9.9991E-05 0.111977
0.394961 0.377629 0.119823 0.0841457 0.0233415 9.9991E-05
0.530109 0.202363 0.0641404 9.9991E-05 0.0111966 0.192091
0.633118 0.19922 0.167363 9.9973E-05 9.9973E-05 9.9973E-05
0.226169 0.727196 0.0196323 9.9982E-05 0.0268029 9.9982E-05
0.0751316 0.146439 0.454251 0.156325 0.041868 0.125984
0.0871379 0.0969133 0.63183 9.9982E-05 9.9982E-05 0.183919
0.0518293 0.248732 0.617662 9.9991E-05 0.00596575 0.075711
9.9991E-05 0.0691249 0.757034 0.0172694 0.0107173 0.145754
0.037697 0.0140144 0.875644 0.00466147 0.0394156 0.0285672
0.0086696 0.229527 0.710938 0.0186552 0.0321096 9.9991E-05
0.250513 0.0849924 0.642544 0.00250221 9.9991E-05 0.0193487
9.9973E-05 0.195541 0.793452 9.9973E-05 0.0107077 9.9973E-05
9.999E-05 0.016554 0.852486 0.0663806 0.0452538 0.0192251
0.0519139 9.9991E-05 0.820465 0.0678078 0.0431368 0.0165767
9.9973E-05 0.167654 0.819332 0.0127136 9.9973E-05 9.9973E-05
0.123002 9.9973E-05 0.792521 0.0841769 9.9973E-05 9.9973E-05
0.132168 9.9973E-05 0.833119 0.0344133 9.9973E-05 9.9973E-05
0.173587 9.9982E-05 0.76188 0.0345138 0.0298194 9.9982E-05
0.21255 9.9982E-05 0.705482 0.0227147 0.0590534 9.9982E-05
0.191706 0.397277 0.117767 9.9991E-05 0.0453953 0.247755
0.358789 0.380063 0.253166 0.00349482 0.00438802 9.9991E-05
0.466842 0.367062 0.105281 0.0606154 9.9982E-05 9.9982E-05
0.255173 0.566944 0.00909897 9.9991E-05 0.0338637 0.13482
0.385037 0.287828 0.0753632 0.0843967 0.0171772 0.150197
9.996E-05 9.996E-05 9.996E-05 9.996E-05 0.9995 9.996E-05
9.9982E-05 0.0852419 0.699071 9.9982E-05 0.0248037 0.190683
9.9973E-05 0.853502 0.037501 0.108697 9.9973E-05 9.9973E-05
0.122145 0.629985 0.0785474 9.9982E-05 9.9982E-05 0.169122
0.135909 0.222973 0.248354 0.146543 0.00418012 0.242041
0.0651568 0.130771 0.0886612 0.147738 0.0355774 0.532096
0.0650694 9.9973E-05 0.0151606 9.9973E-05 9.9973E-05 0.91947
9.996E-05 9.996E-05 9.996E-05 9.996E-05 0.9995 9.996E-05
0.281132 0.233572 0.200176 0.00286454 0.0864487 0.195807
0.410022 0.082565 0.0772196 0.112797 9.9991E-05 0.317296
0.108473 0.275888 0.335366 0.100106 0.0321658 0.148001
0.0256051 0.0758871 0.0348101 0.734811 0.018319 0.110567
0.084067 9.9991E-05 0.0228759 0.755842 0.0206106 0.116505
0.165181 0.0358171 0.0309881 0.753558 0.0143562 9.9991E-05
0.102784 9.9982E-05 9.9982E-05 0.66459 0.0258288 0.206598
0.120408 9.9982E-05 0.0347785 0.799091 0.0455225 9.9982E-05
0.172528 9.9973E-05 0.0238784 0.803293 9.9973E-05 9.9973E-05
0.308961 9.9964E-05 9.9964E-05 0.690639 9.9964E-05 9.9964E-05
0.166885 9.9991E-05 0.0076192 0.797966 0.0164918 0.0109384
9.9982E-05 9.9982E-05 0.0992629 0.838757 0.0437032 0.0180775
0.119429 9.9982E-05 9.9982E-05 0.748643 0.0563569 0.0753713
0.13294 0.0542224 9.9991E-05 0.580291 0.0339719 0.198475
9.9973E-05 9.9973E-05 0.0772158 0.813013 9.9973E-05 0.109472
9.9982E-05 0.121836 0.0343572 0.686852 9.9982E-05 0.156755
0.10799 9.9991E-05 0.00183998 0.291841 0.0474342 0.550794
0.168007 0.0533243 0.735389 0.011543 0.0316367 9.9991E-05
9.9991E-05 0.227694 0.654841 0.00816565 0.024924 0.0842757
0.0520913 0.148699 0.776429 9.9982E-05 0.0225805 9.9982E-05
0.170047 0.0185897 0.0206952 0.684226 0.00376429 0.102677
9.9982E-05 0.0952936 9.9982E-05 0.503886 0.0693138 0.331307
9.9991E-05 0.141104 0.00555341 0.719722 0.0111729 0.122348
9.9982E-05 0.0140436 9.9982E-05 0.654142 0.0400676 0.291547
0.0548058 0.0986273 9.9982E-05 0.782467 0.0638995 9.9982E-05
0.0459615 0.237393 9.9991E-05 0.13141 0.0156379 0.569498
0.211345 9.9982E-05 0.0161572 0.0571302 9.9982E-05 0.715167
0.148524 9.9973E-05 9.9973E-05 0.0564425 9.9973E-05 0.794734
9.9964E-05 9.9964E-05 9.9964E-05 9.9964E-05 0.0182588 0.981341
9.9973E-05 9.9973E-05 0.0693054 9.9973E-05 0.0362284 0.894166
0.00914841 9.9973E-05 9.9973E-05 9.9973E-05 0.0324008 0.958151
0.203647 0.0146093 0.109919 0.0425803 0.0246838 0.604561
0.284704 9.9973E-05 9.9973E-05 0.610208 9.9973E-05 0.104788
0.0354427 0.0728881 9.9991E-05 0.403957 0.134901 0.352711
9.9991E-05 0.0673485 0.0684627 0.704911 0.0193154 0.139863
9.9982E-05 9.9982E-05 0.105533 0.707715 0.0449417 0.14161
0.309826 9.9973E-05 9.9973E-05 0.673294 0.0165797 9.9973E-05
9.9991E-05 0.16196 0.61939 0.0535986 0.0193021 0.145649
0.0211585 0.0618316 0.0983344 0.292108 9.9991E-05 0.526468
9.9973E-05 0.0150673 9.9973E-05 0.0862467 9.9973E-05 0.898386
9.996E-05 9.996E-05 9.996E-05 9.996E-05 0.9995 9.996E-05
0.204594 0.533222 0.0875444 9.9982E-05 9.9982E-05 0.174439
0.0463877 0.71469 0.0799204 9.9991E-05 0.0404849 0.118417
0.474354 0.177955 0.12563 0.00896055 0.0369778 0.176123
0.549317 9.9991E-05 0.212243 0.092967 0.0303097 0.115064
0.435815 0.448255 0.0412518 0.0643937 9.9991E-05 0.0101841
0.00440444 9.9973E-05 9.9973E-05 0.130589 9.9973E-05 0.864706
0.00853769 0.24019 0.529678 0.0193849 0.0403617 0.161848
9.9982E-05 0.150649 9.9982E-05 0.136032 0.0590272 0.654092
0.275755 0.0285162 0.273158 0.0461044 0.0373827 0.339083
0.111991 0.765618 0.101749 9.9982E-05 0.0204424 9.9982E-05
0.478289 0.281903 0.0550358 9.9982E-05 9.9982E-05 0.184572
0.155394 0.425796 0.0911367 9.9982E-05 9.9982E-05 0.327473
0.884909 9.9982E-05 9.9982E-05 0.0210885 0.0185008 0.0753019
0.760648 0.0112818 0.0744216 9.9991E-05 0.0110716 0.142477
0.49262 0.295291 0.0313457 9.9991E-05 0.00305578 0.177588
0.00760018 0.152612 0.0106295 0.225208 0.0281263 0.575824
0.018601 0.0654856 0.0859579 0.126666 0.0831039 0.620186
0.0712321 0.0155471 0.000609295 0.180557 0.0752105 0.656844
0.293669 9.9982E-05 0.170122 9.9982E-05 0.00666663 0.529342
0.0952238 0.230867 0.173464 0.0945485 9.9991E-05 0.405797
0.427009 0.151581 0.39229 0.0289194 9.9982E-05 9.9982E-05
0.173164 0.0285677 0.0547915 0.705223 0.0381546 9.9991E-05
9.9991E-05 0.0285907 0.0206586 0.72567 0.0248122 0.200169
9.9982E-05 0.180294 0.063273 0.121899 9.9982E-05 0.634334
0.317495 0.00225272 0.111789 0.137745 0.0299187 0.400799
9.9991E-05 0.216257 0.215224 0.110416 0.0446212 0.413381
0.13261 9.9973E-05 0.644862 9.9973E-05 9.9973E-05 0.222229
9.9982E-05 9.9982E-05 0.034442 0.623216 0.0436716 0.29847
0.0604466 0.0190484 0.0394495 0.667619 9.9991E-05 0.213336
0.0204673 0.134321 9.9982E-05 0.439931 9.9982E-05 0.405081
9.9991E-05 0.418773 0.41083 0.0105249 0.0660517 0.0937202
9.9973E-05 0.821201 0.118057 0.0604419 9.9973E-05 9.9973E-05
0.286057 0.508856 9.9991E-05 0.0416112 0.0322893 0.131086
0.206408 0.662758 0.0291396 0.101494 9.9982E-05 9.9982E-05
0.111543 0.54259 0.339007 9.9982E-05 9.9982E-05 0.00666018
0.213887 0.57238 0.141451 9.9982E-05 9.9982E-05 0.0720828
9.9973E-05 0.92958 9.9973E-05 0.0531408 9.9973E-05 0.0169793
0.183738 0.745881 9.9973E-05 0.0700813 9.9973E-05 9.9973E-05
0.271856 0.336731 0.297737 9.9982E-05 9.9982E-05 0.0934759
0.79854 0.118528 0.082632 9.9973E-05 9.9973E-05 9.9973E-05
0.766285 9.9982E-05 0.179005 9.9982E-05 0.0127358 0.0417736
0.816027 0.0413335 0.112896 9.9982E-05 9.9982E-05 0.0295437
0.105731 0.479003 0.178979 0.0629456 9.9991E-05 0.173242
0.699152 0.143442 0.0694164 0.0391761 0.0302904 0.0185233
0.519059 0.000725479 0.220433 9.9991E-05 0.0120898 0.247592
0.00239273 0.872825 9.9982E-05 9.9982E-05 0.0105822 0.114
0.121254 9.9973E-05 0.794515 9.9973E-05 9.9973E-05 0.0839315
9.9973E-05 0.142834 0.831418 9.9973E-05 9.9973E-05 0.0254489
0.18833 9.9973E-05 0.797181 9.9973E-05 0.014189 9.9973E-05
0.162129 0.0311883 0.754105 0.0464515 0.006026 9.9991E-05
9.9991E-05 0.132077 0.708149 0.0451264 0.00279654 0.111752
0.328008 0.413379 9.9991E-05 0.034901 0.0150925 0.208519
0.420088 0.328779 0.136517 9.9991E-05 0.0229531 0.0915625
9.9973E-05 0.0270227 9.9973E-05 0.890815 9.9973E-05 0.0818625
0.137268 9.9991E-05 0.0361702 0.756957 0.0288083 0.0406966
0.052308 0.0774456 9.9982E-05 0.859777 0.0102694 9.9982E-05
0.0660427 0.0567464 0.0161818 0.628682 9.9991E-05 0.232247
9.9982E-05 0.106185 9.9982E-05 0.827454 0.033283 0.0328781
9.9973E-05 9.9973E-05 0.155898 0.714896 9.9973E-05 0.128906
9.9982E-05 0.0832719 9.9982E-05 0.793445 0.0186392 0.104444
9.9982E-05 0.0612739 0.0888625 0.835761 9.9982E-05 0.0139031
0.0236584 0.0622432 0.07572 0.820314 9.9991E-05 0.0179643
9.9982E-05 0.109664 0.0540683 0.813797 9.9982E-05 0.0222705
0.135547 9.9982E-05 9.9982E-05 0.767712 0.0387403 0.0578011
0.0796626 9.9991E-05 0.0681509 0.729017 0.0476869 0.075383
9.9982E-05 0.234689 0.00251935 0.745715 0.0168764 9.9982E-05
0.113373 9.9982E-05 0.0436912 0.829086 0.013649 9.9982E-05
9.9982E-05 0.119164 9.9982E-05 0.790576 0.00494862 0.0851116
0.0251645 0.0845947 9.9982E-05 0.858374 0.0316669 9.9982E-05
0.0807461 9.9991E-05 0.0731115 0.819122 0.00905349 0.0178669
9.9982E-05 0.105215 0.000558666 0.144677 9.9982E-05 0.749349
0.00888253 0.0963695 0.00571113 9.9982E-05 9.9982E-05 0.888837
0.084094 0.029655 9.9982E-05 0.798083 9.9982E-05 0.0879681
0.20113 0.115647 9.9982E-05 0.652852 0.030172 9.9982E-05
9.9973E-05 9.9973E-05 0.0224041 0.829827 9.9973E-05 0.147469
0.0772324 0.0935418 9.9982E-05 0.146637 9.9982E-05 0.682389
9.9973E-05 0.888277 9.9973E-05 9.9973E-05 0.0162314 0.0951915
9.9973E-05 0.814756 0.148379 9.9973E-05 0.0365655 9.9973E-05
9.9982E-05 0.423943 0.364963 0.0101186 9.9982E-05 0.200775
0.0987367 0.277743 0.535851 0.0232395 0.00177898 0.0626508
9.9973E-05 0.0957558 0.730317 9.9973E-05 9.9973E-05 0.173627
9.9973E-05 0.119169 0.758778 9.9973E-05 9.9973E-05 0.121753
9.9982E-05 0.24314 0.673719 9.9982E-05 0.0132556 0.0696855
0.0966514 0.0372806 0.724497 9.9991E-05 0.0277023 0.113769
0.0780805 0.0349513 0.694417 0.0850584 0.0135761 0.0939172
9.9982E-05 0.217764 0.666818 0.0544793 0.060739 9.9982E-05
9.9982E-05 0.880715 0.0126322 9.9982E-05 0.013222 0.0932306
0.129326 0.683439 9.9991E-05 0.0718692 0.0579516 0.0573144
0.855034 0.0641216 9.9991E-05 0.0401417 0.0299707 0.0106319
0.954302 9.99641E-05 9.99641E-05 9.99641E-05 9.99641E-05 0.0452978
0.98039 9.99662E-05 9.99662E-05 9.99662E-05 0.0192102 9.99662E-05
0.603683 0.166458 9.9982E-05 0.0344064 9.9982E-05 0.195253
0.461792 0.258211 0.183121 9.9991E-05 0.00928673 0.0874885
0.575624 0.0416306 0.150155 0.038161 0.0136931 0.180736
0.695135 0.140806 0.0298684 9.9991E-05 0.0552183 0.0788725
0.806889 9.9991E-05 0.110545 0.0682091 0.0112338 0.00302345
0.85021 9.9991E-05 0.113573 0.00664226 0.0250482 0.00442682
0.0433215 0.0225901 0.616949 0.0587381 0.182262 0.0761394
9.9991E-05 0.0189698 0.0333996 0.697681 0.0205493 0.2293
0.106704 9.9991E-05 0.0409302 0.746957 0.0321391 0.07317
0.0679342 9.9982E-05 0.0373477 0.829825 9.9982E-05 0.0646931
0.140609 0.147934 9.9982E-05 0.701166 9.9982E-05 0.0100907
9.99907E-05 0.149185 0.0459954 0.792277 0.0123422 9.99907E-05
0.551949 9.9991E-05 0.268706 0.0767807 0.0189658 0.0834991
0.332107 0.37078 0.221556 0.00316693 0.0313023 0.0410877
0.568459 0.286521 0.0897543 9.9982E-05 0.0550656 9.9982E-05
0.201033 0.426494 0.143734 9.9991E-05 0.042378 0.186262
