0.172172 9.9991E-05 0.827728
0.143857 9.9991E-05 0.856043
0.196357 0.0201756 0.783467
0.0163663 0.000231339 0.983402
0.120671 0.0093655 0.869963
0.0489577 0.0684335 0.882609
9.999E-05 0.0294509 0.970449
0.0298218 0.0297331 0.940445
0.255406 0.0385611 0.706033
0.264028 0.030188 0.705784
0.179928 0.188654 0.631418
0.273364 0.0714286 0.655208
0.119965 0.331709 0.548326
0.271267 0.138447 0.590286
0.280904 0.0713632 0.647732
0.0640495 0.0254761 0.910474
0.250751 9.9991E-05 0.749149
0.0991212 9.9991E-05 0.900779
0.634872 0.206167 0.158961
0.757098 0.00592906 0.236973
0.798709 0.0211308 0.18016
0.890871 0.0571131 0.0520164
0.956729 0.0431709 9.9991E-05
0.888405 0.0100708 0.101524
0.779673 9.9991E-05 0.220227
0.956279 9.9991E-05 0.0436214
0.931039 0.068861 9.9991E-05
0.934498 0.065402 9.9991E-05
0.9998 9.999E-05 9.999E-05
0.895686 0.0660669 0.0382474
0.952797 0.0471026 9.9991E-05
0.919815 0.0649121 0.015273
0.951553 0.0331596 0.0152872
0.293712 0.0367029 0.669585
0.257587 9.9991E-05 0.742313
0.158817 0.074207 0.766976
0.113331 0.0222014 0.864467
0.151725 0.114123 0.734153
0.64712 0.35278 9.9991E-05
0.887294 0.0532418 0.0594644
0.203317 0.104687 0.691996
0.168251 9.9991E-05 0.831649
0.320073 0.205504 0.474423
0.182823 0.351006 0.466171
0.134186 0.32467 0.541144
0.597527 0.402373 9.9991E-05
0.294139 0.0935769 0.612284
0.204302 0.200103 0.595595
0.403027 0.138898 0.458075
0.00180947 0.856106 0.142085
0.0023299 0.886434 0.111236
0.0413062 0.863517 0.0951763
0.0169998 0.811757 0.171243
0.0818427 0.918057 9.9991E-05
0.0723102 0.895161 0.032529
9.9991E-05 0.779878 0.220022
0.0510232 0.909642 0.0393345
0.10169 0.89821 9.9991E-05
0.0193028 0.873567 0.10713
0.000202764 0.74175 0.258048
0.0871883 0.912712 9.9991E-05
0.136337 0.744427 0.119236
0.0733857 0.513472 0.413143
0.786291 0.0275727 0.186136
0.768943 0.042444 0.188613
0.937712 9.9991E-05 0.0621877
0.0512845 0.773709 0.175007
0.05338 0.715486 0.231134
0.0245148 0.834147 0.141338
0.0862661 0.865829 0.0479053
0.00755335 0.912741 0.0797061
9.9991E-05 0.330011 0.669889
0.0077665 0.347569 0.644664
0.0385134 0.344817 0.61667
0.0776348 0.338234 0.584131
0.170469 0.308253 0.521277
0.140095 0.359109 0.500796
0.161172 0.248194 0.590635
9.9991E-05 0.781683 0.218217
0.114289 0.61879 0.266921
0.0788141 0.855365 0.0658206
0.157199 0.842701 9.9991E-05
9.9991E-05 0.788534 0.211366
0.766317 0.073422 0.160262
0.141451 0.488219 0.370331
9.9991E-05 0.41205 0.58785
0.630045 0.369855 9.9991E-05
0.251363 9.9991E-05 0.748537
0.237033 9.9991E-05 0.762867
0.255834 0.035484 0.708683
0.305682 0.164357 0.529961
0.0763635 0.0259949 0.897642
0.0848683 0.408901 0.506231
0.652755 0.0913346 0.255911
0.0318279 0.44934 0.518832
0.345653 0.161449 0.492897
0.22781 9.9991E-05 0.77209
0.105629 0.00222281 0.892148
0.253118 0.0150073 0.731875
0.0432795 0.109093 0.847627
0.0653813 0.0506311 0.883988
0.120674 9.9991E-05 0.879226
0.04387 0.44934 0.50679
0.152444 0.408621 0.438935
0.0715631 0.444541 0.483896
0.261959 0.138339 0.599702
0.145381 0.22398 0.630639
0.487423 0.0326973 0.47988
9.9991E-05 0.818565 0.181335
9.9991E-05 0.829575 0.170325
0.226795 0.330452 0.442752
0.214187 0.341591 0.444222
0.317684 0.280392 0.401924
0.815873 0.0113627 0.172764
0.116638 0.799203 0.0841594
0.0380302 0.814415 0.147554
9.9991E-05 0.633682 0.366218
0.575704 0.0520856 0.37221
0.333879 0.0445976 0.621523
0.0669021 0.0525789 0.880519
0.0358814 0.0801742 0.883944
0.452404 9.9991E-05 0.547496
0.211409 9.9991E-05 0.788491
0.0793125 9.9991E-05 0.920587
9.9991E-05 0.0237528 0.976147
0.365876 0.00937346 0.624751
0.125357 9.9991E-05 0.874543
0.264354 9.9991E-05 0.735546
0.189624 9.9991E-05 0.810276
0.318577 0.129012 0.552412
0.0704273 0.0810932 0.84848
0.246792 0.0617903 0.691418
0.112586 9.9991E-05 0.887314
0.941455 0.0432003 0.0153447
0.899833 9.9991E-05 0.100067
0.9998 9.999E-05 9.999E-05
0.783998 0.0758081 0.140194
0.8616 0.0396091 0.0987905
0.00115897 0.128113 0.870728
0.250672 9.9991E-05 0.749228
9.999E-05 0.9998 9.999E-05
0.105369 0.882459 0.0121724
0.0360163 0.950876 0.0131077
0.0778199 0.781797 0.140383
9.9991E-05 0.949076 0.0508236
0.125641 0.874259 9.9991E-05
9.9991E-05 0.97121 0.02869
0.120458 0.879442 9.9991E-05
0.087678 0.888602 0.02372
0.0749745 0.889442 0.0355833
9.9991E-05 0.901945 0.097955
0.0449871 0.832446 0.122567
0.0831679 0.859732 0.0571
0.0850049 0.914895 9.9991E-05
0.0271519 0.929374 0.0434745
9.9991E-05 0.941077 0.0588233
0.0925465 0.907353 9.9991E-05
0.0443469 0.403914 0.551739
0.0763225 0.212946 0.710731
9.9991E-05 0.946025 0.0538754
9.9991E-05 0.762802 0.237098
0.0536281 0.946272 9.9991E-05
9.9991E-05 0.341263 0.658637
0.0144118 0.00457783 0.98101
0.26711 9.9991E-05 0.73279
0.496994 0.0237438 0.479262
0.742921 9.9991E-05 0.256979
0.880903 0.057399 0.061698
0.886958 0.0847169 0.0283255
0.822306 0.0258481 0.151846
0.838335 0.0157112 0.145954
0.834133 0.108251 0.0576165
0.858416 0.072217 0.0693669
0.135123 0.0366121 0.828265
0.103423 0.0711131 0.825464
9.9991E-05 0.0418512 0.958049
9.9991E-05 0.0468871 0.953013
9.999E-05 9.999E-05 0.9998
0.0218064 0.0900523 0.888141
0.230865 0.00442668 0.764709
0.21186 0.111141 0.676999
0.116561 0.0448762 0.838563
0.248528 0.0840941 0.667378
0.135386 0.0419644 0.822649
0.852596 0.138365 0.00903884
0.049575 0.869575 0.08085
0.12367 0.87623 9.9991E-05
0.0395997 0.9603 9.9991E-05
0.014625 0.811481 0.173894
0.119642 0.851924 0.0284341
0.283214 0.162765 0.55402
0.326759 0.00551386 0.667727
0.227377 0.0176798 0.754943
0.2906 0.0330116 0.676389
