0.00199499 0.0901989 0.783263 0.0928093 0.026033 9.9991E-05 0.0056008
0.0212965 0.0200184 0.625813 9.9982E-05 0.102892 0.22978 9.9982E-05
0.0448677 0.0517828 0.833062 9.9973E-05 0.0699877 9.9973E-05 9.9973E-05
0.00635563 0.00901744 0.62845 0.149798 0.158572 0.0477075 9.9991E-05
0.0109813 9.9982E-05 0.666227 0.182503 9.9982E-05 0.106475 0.0336136
9.9973E-05 9.9973E-05 0.5147 0.15098 9.9973E-05 0.294931 0.0390897
9.999E-05 0.0320092 0.281624 0.192604 0.120751 0.352159 0.0207525
0.021201 9.9982E-05 0.541662 0.248815 0.140779 0.0473437 9.9982E-05
9.9973E-05 0.12094 0.188982 9.9973E-05 9.9973E-05 0.620349 0.0694284
0.0359023 0.111297 0.282986 0.0681144 0.209513 0.292088 9.9991E-05
0.0507591 9.9991E-05 0.0805438 0.110839 0.396666 0.343915 0.0171784
0.017697 0.173426 0.244129 0.0368914 0.212296 0.312815 0.00274484
0.0515491 0.0375472 9.9982E-05 9.9982E-05 0.886454 0.0164749 0.00777508
9.999E-05 0.0836519 0.0390718 0.00313025 0.13589 0.683545 0.0546111
0.016714 0.111964 0.211148 0.195751 9.9991E-05 0.424032 0.0402912
9.9982E-05 0.0242502 0.061195 0.0760068 0.13172 0.706628 9.9982E-05
9.9973E-05 0.168856 0.410584 0.0844613 9.9973E-05 0.335799 9.9973E-05
0.0153164 9.9964E-05 0.541116 9.9964E-05 9.9964E-05 0.443168 9.9964E-05
0.0499554 0.435342 9.9982E-05 9.9982E-05 0.0952763 0.302033 0.117194
9.9964E-05 0.527555 9.9964E-05 9.9964E-05 0.0466773 0.425368 9.9964E-05
9.999E-05 0.627439 0.247418 0.0231086 0.034638 0.0411851 0.0261112
0.0101943 0.824819 0.109255 9.9982E-05 0.0262003 9.9982E-05 0.0293317
0.038079 0.86792 0.00635482 0.0369807 0.038625 9.9991E-05 0.0119407
0.0230247 0.721013 0.109906 9.9973E-05 9.9973E-05 0.145756 9.9973E-05
9.9964E-05 0.681524 9.9964E-05 0.261821 0.0562553 9.9964E-05 9.9964E-05
0.00174948 0.80228 0.195571 9.9964E-05 9.9964E-05 9.9964E-05 9.9964E-05
0.0271306 0.831331 0.0808754 9.9982E-05 0.0016069 9.9982E-05 0.0588562
0.00245187 0.786817 9.9982E-05 9.9982E-05 0.00773645 0.160641 0.0421534
9.9964E-05 0.754936 0.227555 9.9964E-05 9.9964E-05 9.9964E-05 0.0171097
9.9964E-05 0.788309 9.9964E-05 0.153365 9.9964E-05 9.9964E-05 0.0579269
0.0102018 0.851074 0.00168241 9.9982E-05 9.9982E-05 0.0722051 0.0646364
0.0379557 0.729622 9.9982E-05 0.0268059 9.9982E-05 0.181048 0.0243686
0.0464994 0.732281 9.9982E-05 0.0910409 0.0370795 0.0928995 9.9982E-05
0.0629429 0.0420103 0.241058 0.094495 0.232868 0.326526 9.9991E-05
9.9982E-05 0.139734 0.439002 0.194201 9.9982E-05 0.211589 0.0152743
9.9982E-05 0.122986 0.111621 0.685177 9.9982E-05 0.0202363 0.0597797
0.0359928 0.0449795 0.28863 0.517993 0.112205 9.9982E-05 9.9982E-05
0.00426557 0.0714797 0.239426 0.154837 0.196861 0.274882 0.0582485
0.9994 9.995E-05 9.995E-05 9.995E-05 9.995E-05 9.995E-05 9.995E-05
0.0182735 0.711723 9.9973E-05 0.0587818 0.210922 9.9973E-05 9.9973E-05
9.9982E-05 0.0935192 0.502567 0.0974349 9.9982E-05 0.201306 0.104974
0.00654197 0.0496967 0.495219 9.9982E-05 0.158374 0.289968 9.9982E-05
0.0017239 0.196762 0.132467 0.00582745 0.22625 0.308183 0.128787
0.0649691 0.0709989 0.117359 9.9991E-05 0.518732 0.105632 0.122209
0.00347652 0.0171029 0.0404661 0.0676999 0.871055 9.9982E-05 9.9982E-05
0.9994 9.995E-05 9.995E-05 9.995E-05 9.995E-05 9.995E-05 9.995E-05
0.0584 0.140474 0.0966274 0.152098 0.176487 0.350559 0.0253559
9.999E-05 0.103933 0.000968018 0.289547 0.445316 0.0976621 0.0624743
0.0212921 0.292795 0.17164 9.9991E-05 0.117176 0.328614 0.0683821
0.00566752 9.9982E-05 9.9982E-05 0.0476203 0.0088841 0.219742 0.717886
0.00547005 0.0118358 9.9991E-05 0.00719726 0.131457 0.0690578 0.774882
9.9973E-05 9.9973E-05 0.156097 0.0232954 9.9973E-05 0.0539989 0.766309
0.0352393 0.0113924 9.9991E-05 0.126597 0.149991 0.0178447 0.658836
0.0259711 0.0831029 9.9982E-05 0.0594189 9.9982E-05 0.0758158 0.755491
9.9973E-05 0.108366 9.9973E-05 0.00207047 9.9973E-05 0.101105 0.788159
9.9955E-05 9.9955E-05 9.9955E-05 9.9955E-05 9.9955E-05 0.30862 0.69088
0.0234069 9.9973E-05 9.9973E-05 9.9973E-05 0.139273 0.104372 0.732648
0.0278843 0.112328 9.9982E-05 0.016802 0.0328656 9.9982E-05 0.809921
0.0340551 9.9982E-05 0.0394351 9.9982E-05 0.0491937 0.118974 0.758143
0.0427419 9.9991E-05 0.0854818 0.0153708 0.251768 0.0294469 0.575091
9.9973E-05 0.071073 0.00477325 9.9973E-05 0.189412 9.9973E-05 0.734442
0.0172303 0.0429899 0.185123 9.9982E-05 0.0980709 9.9982E-05 0.656386
0.0668542 0.00496927 9.9982E-05 9.9982E-05 0.531539 0.0878072 0.308631
0.0176366 0.666689 0.0698408 0.0782583 9.9991E-05 0.137046 0.0304292
0.0203385 0.644534 0.332641 9.9973E-05 9.9973E-05 9.9973E-05 0.00218719
0.0179268 0.780228 0.0639841 0.137561 9.9973E-05 9.9973E-05 9.9973E-05
0.0324392 9.9991E-05 0.01804 0.071277 0.105879 0.097722 0.674543
0.0735128 9.9982E-05 0.081746 0.0200016 0.342207 9.9982E-05 0.482332
0.0416968 0.0774854 0.0380424 9.9991E-05 0.105088 0.0173431 0.720245
0.0637551 0.00987149 9.9973E-05 9.9973E-05 0.283015 9.9973E-05 0.643058
0.0474624 9.9973E-05 0.0924327 0.0566333 9.9973E-05 9.9973E-05 0.803172
0.00753858 9.9973E-05 0.218447 9.9973E-05 0.718622 9.9973E-05 0.0550925
9.9964E-05 9.9964E-05 9.9964E-05 9.9964E-05 0.668874 0.27967 0.0510567
9.9973E-05 0.00760305 9.9973E-05 0.145112 0.784267 9.9973E-05 0.0627177
0.0438702 9.9955E-05 9.9955E-05 9.9955E-05 0.95563 9.9955E-05 9.9955E-05
0.0246058 0.0848843 9.9973E-05 0.00777914 0.882431 9.9973E-05 9.9973E-05
0.0175757 9.9973E-05 9.9973E-05 0.00542985 0.882567 0.0941277 9.9973E-05
0.0209065 0.0939356 0.012452 0.121728 0.750273 9.9991E-05 0.000604987
9.9973E-05 9.9973E-05 9.9973E-05 0.0388342 0.241233 0.0887139 0.630919
0.124506 9.9991E-05 0.105496 0.0368815 0.248399 0.0305821 0.454036
0.019637 0.0437641 0.053571 0.0302927 0.163918 9.9991E-05 0.688717
0.0500772 0.0975382 9.9982E-05 9.9982E-05 0.018421 0.0999381 0.733826
0.0198441 9.9973E-05 9.9973E-05 0.0416183 9.9973E-05 0.273603 0.664634
0.0346563 0.581627 9.9982E-05 9.9982E-05 0.0946836 0.279569 0.00926369
9.9982E-05 0.105045 9.9982E-05 0.139831 0.487262 0.0361475 0.231515
0.00238595 9.9991E-05 0.00590113 0.00371966 0.883759 0.0115644 0.0925693
0.9994 9.995E-05 9.995E-05 9.995E-05 9.995E-05 9.995E-05 9.995E-05
9.9982E-05 0.10064 0.572593 0.051089 0.153707 0.121771 9.9982E-05
0.0392295 0.0432388 0.795751 9.9982E-05 0.0135917 0.107989 9.9982E-05
0.0287124 0.0877815 0.0818171 0.0969554 0.157047 0.547587 9.9991E-05
0.0165882 0.165971 0.0370071 0.0142427 0.218062 0.50467 0.0434583
9.9973E-05 9.9973E-05 0.184094 0.468417 9.9973E-05 0.302463 0.0447255
9.9982E-05 0.0362336 9.9982E-05 0.121656 0.673409 0.00989041 0.158612
0.0405462 0.480676 0.14544 0.176506 0.137701 0.0190304 9.9991E-05
0.0798235 9.9973E-05 0.110813 9.9973E-05 0.663262 9.9973E-05 0.145802
0.0331001 0.215487 9.9991E-05 0.273361 0.311542 0.119712 0.0466975
9.9964E-05 0.043989 0.387713 9.9964E-05 9.9964E-05 0.567898 9.9964E-05
9.9982E-05 0.0228923 0.294244 0.302305 0.211172 0.169186 9.9982E-05
9.9982E-05 0.0371791 0.377285 0.00427951 0.303146 0.27791 9.9982E-05
0.00350984 9.9982E-05 9.9982E-05 0.0851312 0.0987443 0.802127 0.0102875
9.9955E-05 9.9955E-05 9.9955E-05 0.852946 0.146554 9.9955E-05 9.9955E-05
9.9964E-05 9.9964E-05 0.053979 9.9964E-05 0.134693 0.810928 9.9964E-05
0.000649128 0.00114248 0.0047527 0.127421 0.621968 0.0306631 0.213403
0.0434264 9.9982E-05 0.20434 9.9982E-05 0.586414 0.0280286 0.137592
0.0936666 0.00956171 0.0276599 0.0226837 0.661775 0.0160378 0.168615
0.00225456 0.156528 9.9982E-05 0.0424048 0.592248 0.206365 9.9982E-05
9.9991E-05 0.0458458 0.172375 0.00417326 0.485215 0.218029 0.0742621
9.9982E-05 0.393133 0.143179 0.248277 9.9982E-05 0.202028 0.0131839
0.00907707 9.9982E-05 0.114692 0.112332 9.9982E-05 0.0416797 0.722019
0.00425018 9.9982E-05 0.114009 0.0134959 0.149221 9.9982E-05 0.718823
9.9973E-05 0.064587 0.224122 9.9973E-05 0.575879 9.9973E-05 0.135112
0.0339785 0.0649171 9.9991E-05 0.126366 0.393224 0.227284 0.15413
0.038693 0.165413 0.230326 0.000775327 0.454742 9.9991E-05 0.109951
9.9964E-05 0.637804 9.9964E-05 0.116507 0.245289 9.9964E-05 9.9964E-05
0.0514857 0.0619176 9.9973E-05 9.9973E-05 0.311447 9.9973E-05 0.57485
9.9991E-05 0.00270554 0.0544845 0.0406853 0.197772 0.0569151 0.647337
9.9982E-05 9.9982E-05 0.0388583 0.139146 0.359858 0.00298123 0.458956
0.0402161 0.438903 0.266867 0.194677 0.0362667 0.0116176 0.0114527
9.9973E-05 0.134666 0.823516 9.9973E-05 9.9973E-05 0.023259 0.0182594
0.0103519 0.000895907 0.579568 0.249153 0.151525 9.9991E-05 0.00840641
9.9964E-05 9.9964E-05 0.896783 0.0434415 9.9964E-05 9.9964E-05 0.0593752
9.9973E-05 0.220767 0.344581 0.123761 9.9973E-05 0.310591 9.9973E-05
0.00626402 0.103515 0.502212 0.174852 0.0620463 0.142293 0.00881796
9.9973E-05 0.060257 0.858294 0.0213296 0.0598197 9.9973E-05 9.9973E-05
9.9964E-05 9.9964E-05 0.859886 9.9964E-05 9.9964E-05 0.106125 0.0335892
9.9982E-05 0.348333 0.205403 0.121594 0.177565 0.146904 9.9982E-05
9.9982E-05 0.0179975 0.029904 0.0368761 0.0444262 0.870596 9.9982E-05
0.00208664 0.0460406 9.9982E-05 0.0131367 0.0476211 0.890915 9.9982E-05
9.9982E-05 0.08032 0.0165187 0.127994 0.033116 0.741851 9.9982E-05
9.9991E-05 0.178448 0.357141 0.0424422 0.109296 0.22951 0.0830636
0.0272035 9.9973E-05 0.0384751 9.9973E-05 9.9973E-05 0.932458 0.00156346
0.000506126 0.165046 9.9973E-05 9.9973E-05 0.150867 0.683281 9.9973E-05
0.00152094 0.012796 0.755383 9.9991E-05 0.1241 0.0984844 0.00761517
9.9964E-05 0.729339 9.9964E-05 0.231577 0.0386844 9.9964E-05 9.9964E-05
9.9955E-05 0.729905 0.269595 9.9955E-05 9.9955E-05 9.9955E-05 9.9955E-05
0.0071143 0.778426 9.9973E-05 0.0458946 9.9973E-05 0.168265 9.9973E-05
0.00954284 0.700505 0.0980523 0.000769125 9.9991E-05 0.127216 0.0638144
0.00564945 0.703969 0.176151 9.9982E-05 0.089221 9.9982E-05 0.0248099
0.0145875 9.9991E-05 0.418838 0.234366 0.134552 0.13248 0.0650774
0.00554091 0.157545 0.0402504 0.796364 9.9973E-05 9.9973E-05 9.9973E-05
9.9955E-05 9.9955E-05 0.0755805 9.9955E-05 9.9955E-05 9.9955E-05 0.92392
0.0407109 0.0207687 9.9973E-05 9.9973E-05 9.9973E-05 0.213374 0.724847
9.9964E-05 9.9964E-05 9.9964E-05 0.101767 9.9964E-05 0.0998246 0.798008
9.9973E-05 0.0450151 0.0892827 9.9973E-05 0.257964 9.9973E-05 0.607438
0.0449617 9.9964E-05 0.133512 9.9964E-05 9.9964E-05 9.9964E-05 0.821126
0.00430338 0.141585 9.9973E-05 9.9973E-05 9.9973E-05 0.0695241 0.784288
0.0273959 9.9973E-05 0.0355437 9.9973E-05 0.117065 9.9973E-05 0.819695
9.9973E-05 0.0805861 0.114491 9.9973E-05 0.00865715 9.9973E-05 0.795966
9.9973E-05 0.101888 0.0797618 9.9973E-05 0.0101098 9.9973E-05 0.80794
0.00591931 0.0799383 0.0212894 0.0753366 0.0391113 9.9991E-05 0.778305
0.041381 9.9964E-05 9.9964E-05 0.214481 9.9964E-05 9.9964E-05 0.743738
0.0297394 0.0813794 0.0394695 0.0319547 0.033193 0.071411 0.712853
0.0125691 0.0244436 0.186816 9.9982E-05 9.9982E-05 0.0264298 0.749542
0.00330991 0.0233512 9.9982E-05 0.0523103 9.9982E-05 0.116726 0.804102
0.0119516 0.00327218 0.00774204 0.10113 0.0944173 9.9991E-05 0.781387
0.0377712 9.9973E-05 0.101068 0.0566787 9.9973E-05 9.9973E-05 0.804182
0.013341 0.00871011 9.9973E-05 0.191454 9.9973E-05 9.9973E-05 0.786195
9.9964E-05 9.9964E-05 0.153276 9.9964E-05 0.789869 9.9964E-05 0.0564555
9.9982E-05 0.00462212 0.0563744 0.0040729 0.854959 0.0797713 9.9982E-05
9.9973E-05 9.9973E-05 0.0509972 0.102594 0.0712687 9.9973E-05 0.77484
0.0101891 9.9982E-05 0.152162 0.173547 0.0400115 9.9982E-05 0.623891
9.9955E-05 9.9955E-05 9.9955E-05 9.9955E-05 0.252822 9.9955E-05 0.746678
9.9973E-05 9.9973E-05 0.000407398 9.9973E-05 0.59672 0.272923 0.12965
0.0298854 9.9973E-05 0.946689 9.9973E-05 0.0178079 0.00531796 9.9973E-05
0.0183098 0.0752129 0.579802 0.146017 9.9982E-05 0.180459 9.9982E-05
9.9964E-05 0.374777 0.369074 9.9964E-05 0.25575 9.9964E-05 9.9964E-05
0.00753094 0.497565 0.207727 9.9982E-05 0.169352 0.117625 9.9982E-05
0.00152043 0.710251 9.9982E-05 0.0598669 0.179744 0.0484177 9.9982E-05
9.9991E-05 0.749865 0.0629166 0.0262836 0.101825 0.028084 0.030926
9.9973E-05 0.679455 0.155096 9.9973E-05 0.0735293 0.0916194 9.9973E-05
0.0186616 0.708191 9.9991E-05 0.0422059 0.0688505 0.152557 0.00943335
0.0256945 0.634007 9.9991E-05 0.0498094 0.110801 0.104386 0.0752013
0.0402627 0.697101 0.193834 9.9973E-05 9.9973E-05 9.9973E-05 0.0685021
0.0103567 0.0338903 0.790339 0.0465429 9.9991E-05 0.0853252 0.0334464
0.0669815 0.0419726 0.425658 0.396664 0.0191491 0.0161981 0.0333771
0.0270914 9.99549E-05 9.99549E-05 0.972409 9.99549E-05 9.99549E-05 9.99549E-05
9.995E-05 9.995E-05 9.995E-05 0.9994 9.995E-05 9.995E-05 9.995E-05
0.000247583 9.99549E-05 9.99549E-05 0.999253 9.99549E-05 9.99549E-05 9.99549E-05
9.9964E-05 9.9964E-05 9.9964E-05 0.800893 0.14886 0.0498472 9.9964E-05
0.00370524 0.0667867 0.137052 0.109244 0.160791 0.522322 9.9991E-05
9.9973E-05 0.0711721 9.9973E-05 9.9973E-05 0.115756 0.811032 0.00174012
0.0332708 9.9964E-05 9.9964E-05 9.9964E-05 0.0361777 0.930152 9.9964E-05
0.0272253 0.0936623 9.9991E-05 0.348829 0.0728413 0.430818 0.0265243
0.00579692 9.9973E-05 9.9973E-05 0.176802 9.9973E-05 0.809081 0.00802015
0.110491 0.620443 9.9982E-05 9.9982E-05 0.0126436 0.20784 0.0483818
0.0398796 0.0269607 0.0391794 9.9991E-05 0.180751 0.0151154 0.698014
0.0398373 0.150467 9.9982E-05 0.0211114 0.0345159 9.9982E-05 0.753869
9.9964E-05 9.9964E-05 9.9964E-05 9.9964E-05 0.0278693 0.146371 0.82536
0.0133693 9.9991E-05 0.0237795 0.0750553 0.0643907 0.138075 0.68523
0.0163357 0.0559941 0.176498 0.0280145 9.9982E-05 9.9982E-05 0.722958
0.0215736 0.20881 9.9991E-05 0.134132 0.0397487 0.489563 0.106074
0.0200865 0.099041 0.270279 0.0210264 0.0737656 0.510548 0.00525314
0.0621554 9.9973E-05 0.0978858 0.0577865 9.9973E-05 0.781872 9.9973E-05
0.0109006 0.182763 0.29476 9.9982E-05 0.185411 0.325965 9.9982E-05
