0.782875 0.217025 9.9991E-05
0.888684 0.106385 0.00493124
0.692747 0.293882 0.0133713
0.889873 0.0906841 0.0194424
0.951537 0.0188425 0.0296202
0.958997 0.00811967 0.0328838
0.935227 0.0277106 0.0370625
0.957637 0.042263 9.9991E-05
0.749059 0.181036 0.0699052
0.69222 0.255455 0.0523249
0.694949 0.0953625 0.209688
0.649263 0.283132 0.0676052
0.583524 0.092917 0.323559
0.692692 0.20274 0.104568
0.682139 0.251607 0.0662536
0.818649 0.181251 9.9991E-05
0.727816 0.272084 9.9991E-05
0.89067 0.109231 9.9991E-05
0.184067 0.617818 0.198114
0.234191 0.747607 0.018202
0.267731 0.693611 0.0386573
9.9991E-05 0.930064 0.0698359
9.9991E-05 0.996595 0.00330481
0.123808 0.874218 0.00197381
0.257219 0.742681 9.9991E-05
0.00710598 0.992794 9.9991E-05
9.9991E-05 0.912581 0.087319
9.9991E-05 0.931059 0.0688415
9.9991E-05 0.976746 0.023154
0.0628755 0.867337 0.0697872
9.9991E-05 0.95747 0.04243
0.0446761 0.944337 0.0109869
0.0989222 0.900978 9.9991E-05
0.66342 0.290428 0.046152
0.699811 0.300089 9.9991E-05
0.872518 0.084153 0.0433287
0.914501 0.0486447 0.0368543
0.698839 0.174941 0.126219
9.9991E-05 0.611232 0.388668
0.107788 0.834138 0.0580739
0.646654 0.235349 0.117997
0.831668 0.168232 9.9991E-05
0.454904 0.355065 0.190031
0.447773 0.197342 0.354886
0.611699 0.0968419 0.291459
0.000220256 0.60795 0.39183
0.59289 0.271926 0.135184
0.652682 0.130577 0.216741
0.421194 0.462535 0.116271
0.0779179 0.0528117 0.86927
0.00610864 0.10358 0.890312
0.104282 0.0215535 0.874164
0.135713 0.0350171 0.82927
9.9991E-05 0.0897964 0.910104
0.0294044 0.0617515 0.908844
0.231511 9.9991E-05 0.768389
0.0415707 0.0348691 0.92356
9.9991E-05 0.0773466 0.922553
0.110851 9.9991E-05 0.889049
0.279232 9.9991E-05 0.720668
9.9991E-05 0.094882 0.905018
0.0477546 0.13913 0.813115
0.398928 0.0271779 0.573894
0.0599994 0.877889 0.0621113
0.0593195 0.901098 0.0395823
0.0786814 0.921219 9.9991E-05
0.142166 0.030554 0.82728
0.223326 0.0652836 0.711391
0.100135 0.0714068 0.828458
0.0361055 0.0932813 0.870613
0.0682562 0.0070967 0.924647
0.658837 9.9991E-05 0.341063
0.634561 0.038049 0.32739
0.609657 0.038416 0.351927
0.532552 0.148457 0.318991
0.486066 0.220085 0.293849
0.611801 0.050383 0.337817
0.599054 0.150553 0.250394
0.223584 9.9991E-05 0.776316
0.350271 0.0806126 0.569116
0.0483884 0.100841 0.850771
9.9991E-05 0.13348 0.86642
0.183869 0.00357915 0.812552
0.0781719 0.84851 0.0733184
0.445025 0.100345 0.45463
0.60014 9.9991E-05 0.39976
9.9991E-05 0.595244 0.404656
0.810189 0.189711 9.9991E-05
0.78338 0.21652 9.9991E-05
0.742293 0.214214 0.0434933
0.518526 0.348264 0.133211
0.834352 0.128393 0.0372552
0.505194 0.0672837 0.427522
0.341684 0.58118 0.0771356
0.553282 0.00308928 0.443628
0.566757 0.289094 0.144149
0.753289 0.246611 9.9991E-05
0.910368 0.0761289 0.0135033
0.833996 0.165904 9.9991E-05
0.83033 0.0848235 0.0848466
0.868127 0.0979759 0.0338968
0.871157 0.128743 9.9991E-05
0.536604 0.0190144 0.444382
0.502738 0.138116 0.359146
0.442514 0.0789314 0.478554
0.569322 0.280096 0.150582
0.614158 0.153415 0.232427
0.504867 0.456291 0.0388421
0.171595 9.9991E-05 0.828305
0.0650221 0.0629208 0.872057
0.376165 0.237488 0.386347
0.529766 0.148854 0.32138
0.347662 0.349003 0.303335
0.125354 0.855723 0.018923
0.0113473 0.184838 0.803814
0.167203 0.0154881 0.817309
0.349058 9.9991E-05 0.650842
0.408778 0.541987 0.0492349
0.599351 0.377887 0.022762
0.90326 0.0474669 0.0492728
0.813667 0.120388 0.0659448
0.546421 0.453479 9.9991E-05
0.86654 0.13336 9.9991E-05
0.860287 0.131455 0.00825808
0.951139 0.0248127 0.0240484
0.645427 0.336516 0.0180574
0.880162 0.119738 9.9991E-05
0.801367 0.198533 9.9991E-05
0.903216 0.0966841 9.9991E-05
0.580166 0.335835 0.0839989
0.880621 0.0643292 0.0550494
0.672039 0.27552 0.0524403
0.841629 0.158271 9.9991E-05
0.0594607 0.940439 9.9991E-05
9.999E-05 0.9998 9.999E-05
0.00851117 0.991389 9.9991E-05
0.0489403 0.845774 0.105286
0.114539 0.839364 0.0460971
0.826873 0.0307471 0.14238
0.857159 0.142741 9.9991E-05
9.999E-05 9.999E-05 0.9998
0.00543018 0.113619 0.880951
0.0775097 9.9991E-05 0.92239
0.17947 0.0592165 0.761313
0.0336044 9.9991E-05 0.966296
0.000225437 0.144791 0.854983
0.00738022 9.9991E-05 0.99252
9.9991E-05 0.101888 0.898012
0.00668141 0.0905556 0.902763
9.9991E-05 0.12551 0.87439
0.093096 9.9991E-05 0.906804
0.071435 0.0855088 0.843056
0.148994 0.026529 0.824477
0.0153846 0.0585248 0.926091
0.0582484 9.9991E-05 0.941652
0.0359159 9.9991E-05 0.963984
0.0241962 0.0799845 0.895819
0.589632 0.00367039 0.406697
0.719906 0.0370105 0.243084
0.0501168 9.9991E-05 0.949783
0.287496 9.9991E-05 0.712404
9.9991E-05 0.0382475 0.961652
0.619945 9.9991E-05 0.379955
0.997386 0.00251373 9.9991E-05
0.69668 0.30322 9.9991E-05
0.504687 0.461147 0.0341652
0.385429 0.614471 9.9991E-05
0.118843 0.838971 0.0421861
0.023986 0.93265 0.0433638
0.159606 0.840294 9.9991E-05
0.135876 0.822477 0.0416472
0.0576202 0.871405 0.0709751
0.072905 0.848579 0.0785156
0.885081 0.114819 9.9991E-05
0.806038 0.118402 0.0755592
0.956211 9.9991E-05 0.0436894
0.969867 9.9991E-05 0.030033
0.986807 9.9991E-05 0.0130929
0.911343 9.9991E-05 0.0885569
0.765729 0.224493 0.00977808
0.646132 0.274203 0.0796656
0.800852 0.149264 0.0498846
0.686206 0.229244 0.0845496
0.824146 0.137804 0.0380507
0.0426881 0.839849 0.117463
0.0671809 0.0511718 0.881647
9.9991E-05 0.119052 0.880848
0.00758877 0.0714388 0.920972
0.17634 0.00147784 0.822182
0.0826744 0.0776723 0.839653
0.480249 0.360078 0.159673
0.695941 0.302624 0.0014359
0.755749 0.243873 0.000378799
0.683955 0.284347 0.0316982
