IBR/IBR_outputs/all.combrep_1/EucDistWater_Total.Spinifex_Total.WeatheringIndex_Total/EucDistWater_Total.Spinifex_Total.WeatheringIndex_Total.asc
NCOLS 160 
NROWS 95 
XLLCORNER 210004.651214014 
YLLCORNER 7350008.22228844 
CELLSIZE 4999.99999999997 
NODATA_value -9999 
[rows 63 to 83 of 95, columns 92 to 137 of 160]
2.98274646058256 2.95061121010204 5.79866274395705 6.32694413081331 2.47501322470298 3.9966765359196 7.93738563741023 5.4508770867887 3.34618846740871 6.83667110934988 10.4754284347041 9.9619524502191 10.1605899157488 12.4998837518487 15.7278517659433 18.713732349099 18.8151496369754 14.1855520882875 9.68625688012135 5.96288051310547 4.76058638189891 5.73774769881325 2.55649713776729 2.81015441443213 4.36148680736996 4.99925120204154 7.18619379232166 9.73523252575867 13.414888216269 17.8597226073569 18.6631013553959 15.7970088580077 13.8094085487409 12.4739545028391 11.5027970133934 11.6463053278867 10.3819544781264 10.8328099209905 13.7624969731449 17.1027712829307 16.0612432915242 13.8241572148243 9.45955108804945 5.55951374997239 4.49307349756429 7.03605199010927
4.9543512350519 4.42050008466555 4.70792018922232 6.08566009587149 6.73649365639309 6.99506688181735 7.32765851460239 5.02416797738928 2.10554337902405 4.39385420521814 7.91341599182127 6.01083546567274 5.95795372993802 9.32654518322358 13.6946084402155 18.5889394679877 18.6905348922995 13.585144944213 8.81427801470606 4.54552652621368 2.92326861298891 6.09913694656349 5.51157982703017 4.35988982253723 2.25641423502123 1.99190430163296 3.33889375836104 6.89156497119147 11.3357692393209 14.7615828967366 14.0333403776894 11.0890758914429 9.52566614916919 10.2282837110388 12.9400446071709 15.3495323733297 14.6973522702037 15.1608126761381 16.7101759023125 20.4572349810738 19.3899051233425 13.8147546770721 9.14230005794145 5.39574593537242 3.8396102651239 6.81260830992269
6.72762060198726 5.045763292353 2.98957324603796 5.64752370642101 9.07231106361825 8.73139851155734 5.15263451540099 3.82198165018082 5.1494589808112 6.0515441307922 5.54926847380526 2.61341149699441 4.10690010965552 8.13665984977907 12.914813897044 18.0623969977131 19.6259190854193 14.8281156003673 10.471869927746 7.1726751249983 6.30312726388569 8.38520633975646 9.39021266295045 7.23049004443582 5.14699497946802 3.82652815179648 2.08470552794555 4.53529077948734 8.45676004502477 10.8917771467174 9.81719597953016 7.57917232400977 4.94955161060316 5.98599002568043 9.77202087837406 14.2812095588105 18.1318312831269 19.1393195870448 20.5130366072154 21.1067990654726 18.4564389470561 14.9512944605045 11.4334581726591 8.92986627501156 7.961735998463 10.0464264938059
3.80064601162728 4.90901415947761 6.60138099885898 8.95924203196205 7.73345962450587 5.92443260130024 5.24726127597217 4.43614526411056 7.29360501112628 7.53952381033338 5.3098896962564 2.33278336794082 4.20734224113541 8.79092987807235 13.3361433087066 18.5356197205148 21.5438395517931 17.5627869562439 13.8621064259303 11.4411229115934 10.8256247590729 12.2044199806907 13.5252531511486 10.9835859824031 9.31531062012858 6.25807715596213 2.66064871171417 3.63441882976284 5.17723580835749 6.94252568864166 5.11865704075908 5.04254454562184 3.07145362054989 4.447190884985 8.772649677778 13.4237952098073 18.4660909097196 22.9858302686011 20.9438847287364 16.7763382314688 13.2058151572557 11.1181955092969 11.5003860050733 12.5486259579218 12.3849965527121 12.3851751813531
4.42859971696399 5.85691963166961 9.032139108243 10.734359901993 6.55788181468879 3.43027278201943 3.39104599067937 4.13039684941656 4.21515672188029 3.71344009615078 3.71383329449924 3.40838900420951 6.27142755093718 10.2568996973472 14.5288681827584 19.4086413767124 23.596847675985 21.3709255923925 18.2411771398669 16.3224207085339 15.849281527921 16.9325540962349 17.7116574530656 15.4090797234971 12.2379556836126 8.31330653943644 5.80358687298408 3.43382576695351 2.71633302866765 5.10853485562918 2.43052851188944 3.09487964983502 5.77100815448308 7.06895820929879 10.2547465728283 14.5249451373031 19.423670091284 22.8691073452973 18.8330232679338 13.7801679794656 9.53616479246527 6.57018096922859 6.83262461490462 9.76897547982468 9.67792876205619 8.66876410812689
7.89954864427397 7.66222602269991 7.9649590374989 9.94699028014182 8.75970124502848 5.35388253927633 3.22185626303078 3.10496932739382 4.30739124433034 2.77123047686985 3.76721321008138 4.54459208051146 5.4996832097582 9.36292546318269 13.6114784547262 18.075962319986 20.5849632771501 22.7757138825078 22.9147926501584 21.6947469555666 21.3618900947802 22.2265446143454 22.5442546150508 19.3324938001348 15.3229956078705 12.1175457503468 9.28110553080651 6.17489997513143 5.48034723016204 6.78745094889582 4.23265589692674 3.50863274077763 6.09989489638897 8.88911637474881 12.5042499953135 16.6922355330898 21.4177119860881 22.6651715278128 17.553985797989 12.2648251601984 7.414211549114 3.2598092911657 3.12783931560061 7.09588894469867 5.47128376870269 4.07612352459394
8.52494032446991 5.22038422492339 4.23297780392316 7.38897900816523 9.89127070543043 6.05894838759711 3.82560825994679 5.67152290762838 6.91047141018374 4.33637661996119 4.68505138120442 3.4926571739894 4.5754341915874 8.22711916033357 11.6623142568907 13.4765097096924 15.7369543454578 18.6437915989888 21.5072398806408 23.4176943498043 23.7229198834692 25.0947274617465 26.1814127086068 23.0151660436295 19.406123991071 16.2916291581944 12.8872091182489 10.5441001753567 10.0185559034726 8.51369236696439 4.6650856446363 2.60398550747471 3.01091829117982 6.62570694284398 10.9666517488369 15.783242887738 20.9849225194315 22.9780969617602 17.9690790379286 12.6408334685946 8.11578207264138 4.91258813525154 4.61133718910304 7.43404415217147 5.22079274687327 3.48517926382424
9.38722479638312 5.56229697382944 4.68819663555567 7.21685290886816 11.2743198709758 8.94867413927347 7.59437803702903 8.81260415832103 10.1308257551007 8.16083366529882 7.22954092059862 5.75734008908704 4.32385479347564 5.34710013338817 7.79663717554273 9.11694117063919 11.5004730777104 14.1935931405879 17.1940211918986 18.1785326707723 18.5747137599791 20.4078308499939 23.2617023173663 25.8225798522875 23.9605698263257 20.2761042480403 17.2214327174541 15.3849069833956 14.3197647776401 10.9175167628793 7.80739385084897 4.60392297294971 2.81108799785135 6.12751868471176 10.5786846150398 15.5032053693804 20.1332450695411 21.5929590187692 19.3783024581032 15.0495375336136 11.5557162192317 9.031633827003 9.02530642062983 10.6099353726599 8.74112058599882 8.40368126993614
12.5701046824023 9.88634586940444 9.42503452517292 10.5063803443998 10.165167017417 7.85723992051533 8.30215667490653 10.6525906241957 13.1824751457614 9.03939052611674 5.06018460233998 2.94997424828945 3.11223301045194 3.73646228201161 3.60304123860427 4.95185054269488 7.31679289129057 10.263979600705 13.4703524829506 13.0109404243185 13.4807507872279 15.7047538214915 19.0264033438812 23.2923487933071 26.6479593424054 24.5313904407354 22.1948837923289 20.610001926412 18.0560886025507 14.5370376603563 10.8670624912282 7.71273260890923 6.63407861591777 8.53312472178319 12.1121906131593 15.9454284114957 16.3241212203618 16.2722608188533 17.8914628446309 18.1581273085478 15.6502501520489 13.8447553771788 13.9949767657874 15.6937689013295 14.066101913816 13.5087349870236
16.0258963564959 14.5121151954446 14.1046700400281 12.8975849070496 8.47369838300641 4.51944014628996 4.84470688567414 8.55848122749097 12.7011861229195 8.90184723135109 4.52836972774163 3.24462199653729 5.74985844401774 5.95394412740878 3.49951716004137 2.93750389437202 3.858573655944 7.64577480601293 10.0472640526558 8.36464869208754 8.91592686832573 11.8224635133804 15.8167476988414 20.5130372632201 23.1026397731319 22.0865345900664 22.0260475867608 22.6676228085603 19.8019533577484 15.8566420980632 12.147241651663 8.9645093076779 7.15377880792169 7.89173041806757 10.8513574615188 13.04413622937 11.3515389103662 11.3342836486518 13.7816347460537 17.2429765837897 19.8445310095967 18.883670940208 19.3146893149025 20.5516659681035 18.8022080965096 18.6387394581203
20.8761146701879 19.2882970254834 17.5446377807656 13.0733682928241 8.34643812526939 4.1974387751983 4.88066979636287 8.30851962560967 12.1496882729751 11.0745929500727 8.08317835729862 7.43096784744904 9.54206279241882 9.00458039588266 6.46135486788302 4.92130807623753 4.61236092573393 7.16498800987655 6.12748669174779 3.9742325968185 5.39267560262904 9.3370688512344 13.722288645614 17.9222418890404 18.0858159486711 16.6556152062378 16.6666519535302 18.1249163844148 17.2322323506084 12.8133424929547 9.21337264133617 6.12218927950539 3.15569950624185 4.51222694308553 8.57482013879448 9.80264568462628 6.94651158299668 6.83140727059088 10.5433061946161 14.5939525690408 18.1901770945835 22.6438611857894 24.8360531214986 25.314925736596 24.3054942107252 23.2280724946216
26.4366536563277 24.005470630999 19.2664494978487 14.7051168268117 10.2396598359664 8.35269998137226 8.77845837796653 10.5118988431653 10.0604230127233 8.48613063341698 8.63091808193094 9.67511220825476 12.079389590247 12.8056295506178 11.5994715077782 9.11826013500153 8.46703455355215 7.1543650411679 3.22434611803001 1.8964511519225 3.86949498061536 7.35947424536118 11.0396003781611 14.8404482515719 13.5114972039673 11.6625541104787 11.6862455142652 13.5112012784259 15.1482538196312 10.9921159438901 6.64124807475186 3.32878184042169 2.8743527368434 4.8735866502011 8.70430905821359 7.92338813154605 3.83713688583579 3.49329291423655 8.0152446172215 12.339092977626 16.9785160740138 22.6946809267339 28.4177288481075 28.427479361817 25.2133897907639 20.697427095984
31.5754613571503 26.6054302423596 21.835479403566 17.6739101067685 14.7525073502774 13.2357929206616 13.1995589268662 11.9209999608639 7.88133055658075 4.39232788296324 4.14352114126321 7.15980543602134 12.1582105205384 16.2335372950065 15.9115143667729 14.1814244160532 11.019310921085 6.15369867534338 2.31812870313142 2.21329773440696 2.91729150824166 4.98396326890236 9.3008061103428 12.5277894243254 9.78314037663092 7.1119396078219 7.10905937765962 9.80501838692363 13.4526469768099 11.2801381601451 7.05648421693775 3.84878084706379 5.27072989255589 8.32683070015131 11.0122325206771 8.72164749951895 5.31049322552894 5.34058393806335 8.5297422106507 12.6820929102431 18.1386020031582 23.0859684015768 26.393629233671 23.1716872419728 20.6653097257532 17.5082515095894
34.9234863299185 30.2920556692247 25.8268570321433 21.7837402960711 19.2863208749547 17.9667088208745 15.4407895570735 10.736333704563 6.33428356051797 2.93674811456731 3.26570962780498 6.83232757182956 11.6101040778648 16.5083340581846 18.8773379202169 16.2089081737665 12.0612354591612 7.73618902648444 3.53580786511432 3.9049248913396 2.84805947079539 3.87950197786933 7.11073522720405 10.7240218052172 7.80130327547443 3.64807700605577 3.70700963769872 7.71393924088699 12.3648794839424 13.5355990686154 10.0418076366163 7.91182912836577 8.70526809211652 10.9395976272061 11.9619695995918 11.3283526959855 9.4277561292288 9.48164330699153 11.8305397451468 14.9916011569112 20.2195399915933 24.4967052684337 22.6393751286259 18.67436449275 15.761915712433 14.5924446086091
38.0484552849185 33.801729909391 30.0681074394942 26.8521945221937 24.6511493227218 21.7707434178744 17.3092018067707 12.5146419289994 8.36075517728974 6.43374179172208 7.1855521607421 9.48816006820552 12.9511972248809 16.0996474410334 14.5452549240653 13.2379846038439 12.7971576004333 9.06880676162996 5.62613471605694 5.43036618251126 4.53693190830308 2.81366854939111 6.42997428189479 10.2378739843709 7.60695579951544 3.52372980903789 3.77418194007554 7.85873251126007 12.5901271902881 16.2711509018317 14.0735180215312 12.3377551644227 10.212711252894 7.82452422899881 7.57446494551738 9.79637565507945 12.7141775127769 14.6032850258611 16.1853933587614 18.9635402527024 22.9849326566193 24.7130694472169 19.9780615006644 15.1997371177397 11.5278328903106 9.86376524059402
33.0344698022233 29.7792370359671 27.4249544220726 25.9562382721309 25.4748010986073 23.0622842005044 18.7851862220357 15.0673679161788 12.5481337136813 11.3734082701962 12.0556345335271 13.5858678074667 15.9177407165496 14.2436786381311 10.7323111671465 8.84432351805971 9.40712706070437 8.12630534572187 3.92822419322583 2.90015688511297 4.11210942000947 2.94839129425466 6.11861339226838 8.71215768786477 9.32082410630485 6.99674058539296 7.26957761369 10.0025567333729 14.0110412190996 15.9526352454239 15.0730464827599 12.7006747231633 8.14870569527944 4.23825140013857 3.61238352135509 7.15754321302185 11.5315717619637 15.5231337806698 19.562319474239 23.3685638148503 26.4447553343935 23.5700724013736 18.9129914338727 13.2124720818389 8.8368288548959 5.44840024559042
28.2851459066888 25.1719199092229 22.1172287046241 20.8777125947647 19.9758371099123 21.3680959950195 22.3357534421944 19.4076412125037 17.2807701744512 16.3402395882471 16.1938786662736 17.6853533631185 16.3694414625206 11.3123749578404 6.87841769722935 4.48640745972186 4.99454255829937 7.48269195138695 6.47069850656641 5.26636719574234 3.08404062648043 3.89105578636436 3.22778196238846 5.10810362138799 8.14068569795535 9.04672641783209 11.1831115369806 13.6701830914289 14.27765084526 11.6281106765695 10.2367040198971 10.6901945509559 8.35049186570276 4.58644623338227 3.93029829960302 6.49748919483146 8.64882432432025 11.856203873308 16.7546790756289 21.5980836982394 26.5654623625332 23.3298532206305 18.4086204071092 12.7085281973231 8.07550083115162 3.90440778025728
24.6487412558845 21.171140568164 18.0946988872276 15.8213562060663 15.4323519937618 16.7573307307867 19.269168878946 21.9777471913175 22.7077998321574 21.7609042008079 21.8765326585614 21.801652785933 17.2192685432058 12.2420466083034 7.63308133756836 4.20704925093312 4.18452158652306 7.38015522413373 10.2785445834419 8.256200174619 5.15364031449424 4.31790915927883 2.71939200119794 4.63497278813528 4.01791315636669 5.6464363440844 9.65567263521404 13.9884048233911 11.6804938187223 7.95031070019083 5.753707521938 7.11037054892465 9.68261581744242 8.28112067881333 5.85666273435683 3.34124356909543 5.43441265787316 9.64609995439712 14.6965212864434 20.1416995759352 26.0625548625974 23.6839015258349 18.440898171727 13.7292383797978 8.70581176236028 4.90809316641653
20.0840600606373 17.3631041190639 13.204382848354 10.485267969342 9.87446551385802 11.5993010233878 15.3242099205646 19.5353609745114 22.3938048510533 20.8705320979409 20.4666147689559 21.3188524745763 19.1038188161945 14.1535512073876 10.4294383433598 8.11882988620069 7.82336517804974 10.0467131689541 13.1333092317523 11.4880233322315 8.53724716361558 4.81083580756938 3.48034118245114 5.47321476128748 3.09288065708481 5.30917251668663 9.61264311244324 13.3436274900184 10.2607587184273 5.97765521854163 2.83880132355745 4.98057288315972 9.45066727538676 10.3351950396958 6.27949668532395 3.57846895706858 5.61073504565389 9.91454933947947 15.1621218586013 20.527646816883 26.0417391769575 24.8850032428888 19.7211855313244 14.547880585649 11.3327132004633 8.90572440543538
15.1769375424624 14.2076327324545 10.0384623577447 6.50939702581159 5.32945897906538 7.4739476620458 11.7160777912358 16.6749890177599 17.8726891893245 15.6550827414801 14.9945498526344 16.3468844078565 18.9004532731871 17.4135364909982 14.2286348949431 12.8612316095025 12.7951591302337 14.3191448214094 17.0218482817989 15.0139070040215 10.8731133520443 8.00390172090628 7.39804065877625 8.40084726723188 7.01565695684749 7.85034260713797 11.1402783150078 14.3110849514183 11.2271184475246 7.24579370854458 5.51761322483811 7.29850942296595 11.3389004337422 12.7749860699549 9.48175461164683 7.85293881355414 9.02709566044476 12.5161760193802 16.7845800729993 22.1777497057598 26.4399322767745 25.4390463588238 21.4160372521016 16.2422425599553 12.7316540837086 10.6134396828902
10.2683272045518 9.5894552729832 9.0588836521801 4.93255280477421 2.97527467561039 6.08753625889808 11.038422178755 14.8384953938188 12.8781388184787 10.2291303237508 9.68392476296637 11.6422288636977 15.2936555498532 18.7376830117681 19.0082677608028 17.6137021255354 17.7780219581938 18.8928383360944 20.9086302421147 18.3555597293763 14.8961718108338 12.8279868419338 12.0295889637025 10.8121007467233 8.9100250451631 9.25939295890729 11.8188428235664 15.1710737065156 13.6413458770294 10.7486947808139 9.65550098246392 10.7894738498086 13.707074949533 15.8219785850017 13.8092112197607 12.8094862372928 13.4464677268661 15.9913169239418 20.0571225174772 23.8810228101895 22.9320327074502 20.2887677303529 18.5888249228044 14.5959250747318 9.96719941720631 6.51384812643325
