0,8.97794674166994,10.8767187142699,11.2048872198572,12.5941820932598,14.3864567510673,17.5689016717045,14.4780285262726,32.8794710975418,33.6799279859535,69.8159393828573,41.6994825950359,37.5889566003885,35.9770248819687,35.2686197416682,39.2359361025277,38.5151647414675,33.7496364849639,35.813527849553,38.8808470055431,31.5886016558104,29.4669402167178,29.9870680146314,40.7741431354136,55.6794833418072,63.789406481276,47.0284926902586,48.9242884342177,38.4242450481978,31.4850912323264,29.518173290249,34.1080992386997,42.3331394871403,46.8662420592393,39.1045352549621,35.8732497629136,53.4834539568751,51.980168894424,50.1806486375221,51.776215575013,55.3309169997498,58.2375365982815,54.5991609354904,54.7974262175403,58.7317333901519,55.5436685315926,58.7013039897416,58.3017715810706,60.9040872816042,55.7349829852571,55.721948426211,37.890507569005,40.7561972019305,35.8567813024338,40.2205451262356,33.8262062409036,36.1757583149362,34.4683169450005,23.2227875000559,34.6532897191159,29.4072238059615,30.1658454842796,24.8210982785398,38.7121983610413,23.555304879592,35.9462345268633,54.9967221954077,57.2348714800149,55.4996983166625,54.3577572514473,57.9651028531328,54.6560040205355,61.4385087037743,63.5917765860113,76.5096737566501,29.1338534965666,31.7326151910012,65.0648098585448,29.8877316518988,26.2441674725614,33.409668268428
8.97794674166994,0,11.4555041772046,9.25994413522743,9.14662624652215,14.1514600284436,17.0778299504528,13.3106732785632,31.4874720199102,32.2893054200204,69.1847062456823,40.3176234856268,36.2039164991833,34.5894214282593,34.718820764332,38.670459590819,37.413780711705,32.6981134853548,34.7237859140691,37.8258590158123,31.1427109779309,29.0834925045118,29.6095095690147,39.975506294182,55.0948706568938,63.1990774356726,46.1101577089291,48.0507574095424,37.8948684336585,30.1343564563637,28.166345656635,32.7435393686143,41.7499759698407,46.4978741475746,38.5320134327537,35.3029808315527,52.1128891446371,51.3682561709345,49.5697999680379,51.1639790076597,54.7076869074478,57.6139146993093,53.9745800355199,54.1723650424828,58.1099619739249,54.9246001222979,58.0808160695429,57.6817258651068,60.2841839423767,55.1143742592815,55.1037130205923,37.0620823567808,39.9497951830772,35.0609159911097,39.2864834064218,33.1442436290765,35.5028401146074,33.7826247949422,23.0685271146482,34.3450049930948,29.17935098895,29.9383614796601,24.6917686484423,37.6221969530721,22.4398934360066,34.9152315877851,54.3911200807053,56.6303306029846,54.8946616234593,53.7522205759183,57.3352421921801,54.0263995318354,60.8139657681662,62.9674531263872,75.8715775835069,28.3381194880191,30.955563841306,64.440557663451,29.2837972907852,26.2033643305167,31.9978621713336
10.8767187142699,11.4555041772046,0,14.8915680306741,14.8750322688011,12.0731057223336,16.5363614718333,12.955683512883,33.9643906933597,34.7609129113622,70.6823165960946,42.8217730047244,38.7071454333413,37.0787820645005,36.1286750965562,40.0838213879503,39.8269257363931,35.0524077907723,37.1199017163439,40.1868486479076,32.8977635339439,30.7167255815419,31.2549689392514,41.548968674816,56.5828627688795,64.685086589875,47.8139478782938,49.7017051697769,39.3328650432623,32.4177886098544,30.4453518993494,35.094173994053,43.2227833910211,48.0119307945065,39.9416477524082,36.7058982448332,54.6281627738074,52.855247204808,51.0564428359846,52.6515777860446,56.198786627254,59.105506164878,55.466292655767,55.6646317909139,59.6023670309991,56.4157410622319,59.5728198467232,59.1732771160818,61.7760278241051,56.6062795412899,56.5945067149156,39.19538780366,42.0678143951995,37.1553160970248,41.5394786022871,35.0960187451267,37.4604350570406,35.7645579171478,23.3762323956292,35.9932723795088,30.7197726187166,31.5585852853722,26.1670339787218,40.0075203343548,23.9657941027769,36.6858153985924,55.8775996127928,58.1165404250307,56.3809396099337,55.2385680771472,58.8307936397041,55.521709165532,62.3075594050489,64.4607745601302,77.3712630146114,29.834247898493,32.4419837260713,65.8902139414661,30.4558904001077,27.2040843185113,34.4914246387241
11.2048872198572,9.25994413522743,14.8915680306741,0,9.28792050004421,16.8892479472162,19.4521736269295,16.1696760730809,32.6811561009062,33.4869295388404,70.5584275180929,41.4714492745741,37.3622584520189,35.7651515998112,36.0969314991566,40.0584620703388,38.3607441306254,33.6577215369717,35.6776052233151,38.7815554839503,32.1430397733229,30.14656389009,30.657446741699,41.4281586897558,56.4365015813974,64.5473315550708,47.5595090806878,49.5045154979258,39.2329535410713,31.4798388303351,29.5176635645204,34.0360849969513,43.1033117065821,47.6512361655873,39.928818851788,36.7033899602483,53.242436761571,52.7342855943787,50.9352085074341,52.52977727755,56.0799783088427,58.9861318991519,55.3475165415169,55.5452512383843,59.479916980136,56.2932939699751,59.4500059746441,59.0509147056918,61.653006139518,56.4837500310819,56.471982848034,38.0300972141063,40.9123554606814,36.0374061711367,40.2330982718765,34.155910226525,36.5014062707178,34.7692212313959,24.8847875980504,35.3387430968312,30.2137586627071,30.9010276395754,25.720403742711,38.5890361808776,24.1962360952245,36.4085942852849,55.7521548424489,57.9906788326541,56.2553795776266,55.1133106543283,58.7095011962816,55.4006404137594,62.1853036874538,64.3388298778794,77.2494418258443,29.8475874139122,32.4574290455729,65.8475977466898,30.8744988363274,27.5467346984043,33.1971663049995
12.5941820932598,9.14662624652215,14.8750322688011,9.28792050004421,0,16.3275614569782,18.65552142989,15.2350455531248,30.9993427325742,31.8064930717084,69.4971779724309,39.7979502778571,35.6859105841788,34.086895741149,35.0964733019311,39.0454472880526,36.9418969163302,32.2809878267302,34.2680844746528,37.4023328242918,31.2842583454275,29.3208289034868,29.8402743997944,40.2346080055329,55.4140037358594,63.5197899359292,46.2729423765008,48.2529728813938,38.2519829110102,29.8426887890057,27.8803091941437,32.3824082794639,42.0806035745903,46.8184224795491,38.9097652502075,35.6856942178115,51.5788628696121,51.6885078874276,49.8903014694138,51.4837758329666,55.0249761995383,57.9308376488398,54.2914233695713,54.4887960248791,58.426247501882,55.2418066988066,58.3973886083119,57.9986347378752,60.6008699170036,55.4310227421123,55.4211714715779,36.8480843020756,39.751121792481,34.8822628551994,38.9621832163758,33.0930137127177,35.4493899731369,33.7089102469734,24.1421416404227,34.5946640430839,29.5191657062535,30.2319360483096,25.1028058779905,37.1780074916134,22.8228800003012,35.039916009126,54.7116786313179,56.9510794167393,55.215365317606,54.0728781738403,57.649252671246,54.3405894776091,61.1293882039158,63.2830784496723,76.1825695384233,28.6583864334926,31.2818860420618,64.7889657542395,29.8258001085912,26.9083497815854,31.4972122132839
14.3864567510673,14.1514600284436,12.0731057223336,16.8892479472162,16.3275614569782,0,12.5795910469408,11.4185695259521,33.9716895249173,34.7636482425164,70.4417057816649,42.8707792535577,38.7516919752993,37.1048852385458,35.8864137721273,39.8256910971745,40.0797079034244,35.2965380823141,37.3673404702246,40.4342140154931,33.1658224292594,30.9306037577952,31.4882464757979,41.1883788356478,56.3880766720709,64.481022666019,47.4634629878776,49.3420759976184,39.1492895683855,32.2474707012195,30.2686275009397,34.9868170902247,43.0122583802861,48.1154336108555,39.6700802818938,36.4291688102608,54.7018732614667,52.6259117626854,50.8280073098567,52.4225570998814,55.960351677651,58.8671684475608,55.2269155824605,55.4253167263426,59.3672676039218,56.1824798103031,59.3388272586928,58.9392962016995,61.542566079809,56.3720225196747,56.3618617208904,39.4441731543174,42.3237670468847,37.3981226128851,41.8009873992621,35.3111708048071,37.6914318748289,36.0071702238363,22.2126165609699,36.3047883019292,31.0154398321912,31.930548153529,26.5101864708345,40.2435918516296,23.0792225906404,36.2722340695785,55.6554082052631,57.895334388213,56.1592060322171,55.0163033673609,58.5894408631715,55.2803863410687,62.0704485368815,64.2236129162179,77.1246391107858,29.3756721026686,31.996355387448,65.6008589073868,29.8293082553401,27.1675452308187,34.4966487858276
17.5689016717045,17.0778299504528,16.5363614718333,19.4521736269295,18.65552142989,12.5795910469408,0,13.6308561856922,35.1165625743435,35.9040710001711,71.2958527161475,44.0535425793838,39.9306158500251,38.2668530121603,36.7384922713333,40.6612702893,41.4299332534814,36.6372385029664,38.7125168850929,41.7778267328735,34.5122275185299,32.2309081572184,32.8062295367024,41.9213589009984,57.2874120259999,65.3711693134312,48.2141191126399,50.0800668957904,40.0609166388616,33.2193598013472,31.2346490993184,36.0201949915641,43.8959527157276,49.3139414081119,40.4917720305606,37.2455348232699,55.9065438520221,53.4910505781386,51.6940350630256,53.2880209253766,56.8165093879213,59.7234347269266,56.0821472740408,56.2806235401852,60.2267817631728,57.0437963647325,60.1994346283165,59.7999051640849,62.4036982845368,57.2323644331197,57.2237842205831,40.7797909164402,43.6648984011144,38.7272595415909,43.151639370579,36.6114826215108,39.0059817416826,37.332538694798,22.0356505017965,37.692536684132,32.3944118777881,33.3726452612961,27.9356337959491,41.5790002189223,23.213861403552,36.9604831088837,56.5276307539181,58.7685290660614,57.0318793018121,55.8884516236666,59.4427942782572,56.1337634290431,62.9279859560174,65.0810931231587,77.9728322608032,29.9974891876334,32.6323660245648,66.4043861823696,30.2475457070798,28.2751688797968,35.6421502565437
14.4780285262726,13.3106732785632,12.955683512883,16.1696760730809,15.2350455531248,11.4185695259521,13.6308561856922,0,33.1414908293437,33.9338692310977,70.3828331787971,42.0587919620225,37.9358279041164,36.2827752750053,35.9179820963607,39.8423920324038,39.5617506609148,34.8215673078582,36.8588910382447,39.9565864508342,33.2141522809318,31.0447006183657,31.6032886081744,40.9571865613214,56.3746535449773,64.4625063604343,47.0978009107569,49.026879077208,39.1940439689767,31.4194473331976,29.437283652334,34.1607067791577,43.0024865566702,48.2673890051573,39.6810177533628,36.4434295435183,53.9054794485801,52.5868953764623,50.7900470464995,52.3831402223701,55.9100378541353,58.816408044801,55.1752338024306,55.3730952480427,59.3181200577075,56.1360754280731,59.2909510450494,58.8919073502864,61.4952653416391,56.3240480344337,56.3162960590199,39.1664898915003,42.0646356180027,37.1492681580053,41.4310232157491,35.1650072905286,37.5507340122064,35.8537315105057,23.0980874051387,36.4606073613501,31.2435393572627,32.1375669025575,26.806103845567,39.7327958718048,22.3598472891109,35.7719423303119,55.6224148817775,57.8633829929753,56.1267767339696,54.9833920515563,58.5321837071936,55.2234084057587,62.0185051672074,64.1719189810764,77.0589780877025,29.1551496180197,31.7967544428474,65.5565378729035,29.8816146757681,27.6843120536552,33.6465738893361
32.8794710975418,31.4874720199102,33.9643906933597,32.6811561009062,30.9993427325742,33.9716895249173,35.1165625743435,33.1414908293437,0,8.79922645767028,79.7663018264613,25.6523459231586,20.873085366231,15.8361119035082,46.1242401096598,49.967105074938,42.853082933978,38.4280421286364,40.1049731972794,43.6292075264834,43.4664257168149,41.7106741274549,42.3199892233241,49.2858904059438,66.1106386108044,74.165768001554,53.9617145077086,56.5104453445792,49.3988710844918,30.4397574169578,28.9918508942244,28.1029346232865,52.7951176469543,59.135190357198,49.7945857846529,46.599644545785,40.8143000291181,62.1409477882414,60.3523870943757,61.9325085465501,65.37447436346,68.2760879892305,64.6284347835053,64.8206811536482,68.785496698693,65.626303462678,68.7682757354032,68.3740897561357,70.9770290306722,65.8010548130778,65.8133749286258,45.6717272401161,48.8773687058417,43.9733928828978,46.915164018172,43.1594815899171,45.6695091998831,43.8712213403562,38.6270192522071,47.7881857703015,43.0354790467778,44.0702953024298,39.1891084641771,42.4313596625017,35.0504322967758,42.8924690757325,65.2199056847163,67.4690053385549,65.7288061564159,64.5817994277297,67.9343176801177,64.628314045669,71.4629512001451,73.6190318395792,86.3904657740267,38.5532928277208,41.222321396299,75.2481119364785,41.4975457885203,40.7500781348834,21.3528930538573
33.6799279859535,32.2893054200204,34.7609129113622,33.4869295388404,31.8064930717084,34.7636482425164,35.9040710001711,33.9338692310977,8.79922645767028,0,80.5172980935796,26.8397553521803,22.1674405605618,17.0496697205021,46.8885466019849,50.7282155023137,43.7562020205905,39.3249548707739,41.0074982879461,44.5260689510305,44.2888856881347,42.5260905024114,43.1363711645678,50.0037234275102,66.8758068306883,74.9287243826766,54.6517830751303,57.2120964915674,50.1715032420005,31.032188204689,29.6001249721962,28.5257884915456,53.5583511809259,59.9403266332136,50.5537939799688,47.3588537096678,41.9077335867673,62.8969191862905,61.108655634963,62.6884454141283,66.1273403555093,69.0288798830132,65.380943257301,65.5730936138418,69.5389415782696,66.3804669660635,69.5220824225484,69.1279887690679,71.7310033105245,66.5548133627345,66.5677642869805,46.5343140434284,49.7368768817437,44.8316612746337,47.7911887320377,44.0015528996283,46.511572876317,44.7154268920848,39.4065650111516,48.6036193829751,43.846891242934,44.8835285782894,39.9984681048993,43.3352474453076,35.8131153863143,43.5936243662514,65.9778497369864,68.2272619850946,66.4869086536536,65.3397467379689,68.6855553056315,65.379609096128,72.215648541759,74.3717715561334,87.1395517906282,39.2862701744849,41.9561694503539,75.9981569526735,42.2529391876296,41.5429359234257,22.4595967824925
69.8159393828573,69.1847062456823,70.6823165960946,70.5584275180929,69.4971779724309,70.4417057816649,71.2958527161475,70.3828331787971,79.7663018264613,80.5172980935796,0,88.795413957201,84.6807748985276,82.9575120734385,59.0407310073531,62.1669345368201,84.8357489831137,79.5489467688904,81.9750788193368,84.7514049627069,75.4500031709984,72.4278697165594,73.4838928177002,69.9895682125821,64.2382420961943,69.281301109773,79.9200181615309,80.758143574362,63.3418641225001,77.0183355661371,75.0942098625165,79.8765958077622,52.8026822531671,87.2288065574815,62.804016349688,60.633749823661,100.660684327461,48.0410531241467,46.5160029766541,46.2059460299037,49.7035074544304,51.6153822276565,48.7230469045885,47.8561071326425,43.3018411168333,42.4217067478537,42.344669995649,44.7190360947735,43.9772262356057,40.8530156593039,43.0637576484964,82.0145479621448,84.9319997013,79.5961735554454,85.3636108003251,75.9657379666547,78.8503567329992,77.5800750798214,72.168326067585,80.0950488764026,75.1514586824281,77.020416191078,71.9072884539639,84.764048127392,71.8893539468832,76.5834644621466,50.4776456301688,53.5450292810405,51.5093120294798,50.0803447587625,46.4463320581451,43.8562616932294,45.2621130324943,49.2031220573716,66.3838457286669,66.274989339444,67.9914591345726,85.3480707902694,70.9827619494838,71.0123609536447,80.4964393286477
41.6994825950359,40.3176234856268,42.8217730047244,41.4714492745741,39.7979502778571,42.8707792535577,44.0535425793838,42.0587919620225,25.6523459231586,26.8397553521803,88.795413957201,0,15.4333320083221,22.2752136202755,55.0631226990975,58.9361189250857,49.9923531724684,45.576545020153,47.2076789723244,50.807228187609,51.8132363190537,50.1428468589463,50.7461228952068,58.6243921291594,75.0133754695319,83.0896009139359,63.5034199928313,65.9708739256892,58.2488771201304,40.9249081369296,39.391437114666,39.4306932229075,61.7213376755061,67.677847657686,58.7839114270169,55.5916962281407,37.0330961255488,71.1287229644762,69.3375565097173,70.9203306169003,74.3892948566169,77.291364563086,73.6463054042671,73.839181396492,77.7942836677691,74.6289919753789,77.7738817005467,77.3790490069321,79.9811502814294,74.8071554482417,74.8141233116867,53.3993551557331,56.66216310058,51.7596153750994,54.4655943942962,51.1752608539954,53.696522876684,51.8736460168768,47.5826305440053,56.2591839117102,51.5637659798649,52.5942803495415,47.7641074442761,49.3134749399323,44.2312412692885,52.4518545743622,74.1896458945264,76.4359763449422,74.6971691104113,73.5515636165582,76.9622047807131,73.6557843836918,80.4781425085391,82.6339599770685,95.4364738213779,47.8343679173803,50.4886635221596,84.3114606310337,50.6189455570113,49.4987427224008,32.862775418948
37.5889566003885,36.2039164991833,38.7071454333413,37.3622584520189,35.6859105841788,38.7516919752993,39.9306158500251,37.9358279041164,20.873085366231,22.1674405605618,84.6807748985276,15.4333320083221,0,17.2628680288609,50.9571628098443,54.8264806300905,46.1460464543321,41.7391900140121,43.3724357215694,46.9618351002648,47.7820555000007,46.0998892032635,46.703560311794,54.4723710109893,70.9138666671336,78.9874657993102,59.330443783195,61.8060257152999,54.1545542520472,36.6507567925269,35.1235383726839,35.0974192259505,57.6185549549115,63.6205776535547,54.6716273647671,51.4788905790209,36.1940751105301,67.0188149087596,65.227956916343,66.8104353980627,70.2761991282757,73.1782285650289,69.5328547615615,69.7256712434008,73.6819698419999,70.5173856851697,73.6619450617941,73.2671773490019,75.8693905070551,70.6951550844538,70.7027438385752,49.4653228011296,52.7182258696585,47.8170619705029,50.5564854742208,47.1979645397221,49.7166399577099,47.8970081520618,43.462188961455,52.2077786746475,47.5038545875064,48.5335247332577,43.6961185596173,45.537717924812,40.0804819890842,48.2708141301236,70.0819270526004,72.3285876089392,70.5896125184986,69.4438380606096,72.847648248128,69.5412710901339,76.3650812282241,78.5209221995791,91.3198254921286,43.6842863014597,46.3407069983871,80.190975726718,46.4840148944846,45.4090128618995,28.3218199205657
35.9770248819687,34.5894214282593,37.0787820645005,35.7651515998112,34.086895741149,37.1048852385458,38.2668530121603,36.2827752750053,15.8361119035082,17.0496697205021,82.9575120734385,22.2752136202755,17.2628680288609,0,49.2755213453045,53.1318151980601,45.2036344427855,40.7824312528706,42.4392184899204,45.9967826781553,46.3535409535333,44.6358593343968,45.2424595674634,52.6151050097114,69.2456757753944,77.3101918609512,57.3810785517789,59.893809938573,52.5105111884468,34.2923201559839,32.8061033160312,32.331688710747,55.9406335604703,62.1096863101542,52.9683633922936,49.7746549878789,39.4967995637773,65.3138072703399,63.5240884810521,65.1053866816336,68.5593524109137,71.4611669705942,67.8146677140826,68.0071919665364,71.9676844366665,68.8057826920762,71.9490496702343,71.5545777345645,74.1571429902504,68.9820492431417,68.9919922715825,48.2834566390845,51.5144891819908,46.6111947280555,49.4480687273622,45.8994297456009,48.4144195913626,46.6051687248275,41.785873693118,50.7305163270183,46.0033395571423,47.0361426985447,42.1777205015038,44.6666308106414,38.3106526499659,46.3219997343951,68.38474423366,70.6326130692775,68.893032756966,67.7466490298181,71.1249919852521,67.8188039477859,74.6479838683744,76.8039485507897,89.5891871017753,41.8578787758376,44.5202326832469,78.4547936660578,44.7307651724906,43.8163587159188,25.7026807497167
35.2686197416682,34.718820764332,36.1286750965562,36.0969314991566,35.0964733019311,35.8864137721273,36.7384922713333,35.9179820963607,46.1242401096598,46.8885466019849,59.0407310073531,55.0631226990975,50.9571628098443,49.2755213453045,0,21.8688564376223,50.6366981608194,45.3320734495333,47.7755569503305,50.5327072824479,40.6618309760911,37.4889038711487,38.5617108306581,40.2733204690172,43.6852059439155,51.6882831225518,49.8455515170312,50.6863454690522,25.4003977997649,43.6863661087367,41.7446468483987,46.5376510038458,28.9609489510043,51.9499157532229,24.4949022070342,21.8113092355967,66.8762367540843,40.2282467224327,38.3849149879531,40.0641624232249,44.0739690644246,47.0115223300832,43.4071616917843,43.6409941504924,47.4874668197004,44.1729998200415,47.4064101767113,46.9747417613656,49.5875561531914,44.4384279860027,44.3143211452646,47.6595569101841,50.5519445776257,45.2287970437028,51.0592106566971,41.5615833173948,44.4042087238496,43.1277744301836,37.3351749729471,45.1722040069342,40.1482720321546,42.0935784435858,36.9135232756407,50.578922680487,37.6635931086717,43.4726738916574,43.097357902681,45.3019835386838,43.5781081786474,42.4477270204705,47.075582169191,43.750271965948,50.3190616446003,52.455283046527,66.0227435553698,32.4174394364473,34.18547525287,54.758905821078,36.0548931471775,35.4682297184701,46.8299216941032
39.2359361025277,38.670459590819,40.0838213879503,40.0584620703388,39.0454472880526,39.8256910971745,40.6612702893,39.8423920324038,49.967105074938,50.7282155023137,62.1669345368201,58.9361189250857,54.8264806300905,53.1318151980601,21.8688564376223,0,54.7400731338071,49.4640086284939,51.8856721647517,54.662277123737,44.9830593692994,41.8538016626334,42.9022898355635,43.2086626255383,47.7395360671081,55.5677036255435,53.0301454415983,53.8014477190641,31.7389822516601,47.4236629689097,45.4816673798973,50.3006370828259,32.9046337474083,56.441570270243,22.0623060733234,20.7694653719825,70.7683551883964,43.5303304671963,41.7104034462511,43.3852345260052,47.1485939923266,50.0993043475036,46.4621178678155,46.7092567014158,50.6956519088407,47.4173880637954,50.6420119886788,50.2035182398694,52.8366134248289,47.6644411753527,47.5720989995305,51.9094384257805,54.8047722746653,49.5002726719073,55.2486640118548,45.9203016658378,48.7427293389064,47.4460316029294,41.2519957937612,49.436125774044,44.3993195261541,46.3063418537318,41.1148623107708,54.6875409063314,41.463539542743,46.9880483207045,46.5920579505732,48.8187730317781,47.0829005053218,45.9403247540947,50.1409195914161,46.8119548059354,53.484550569944,55.6142823041853,68.9964533060967,35.7840360875874,37.5014827521608,55.8003210761947,39.7236633831266,39.6761316960046,50.6712244807204
38.5151647414675,37.413780711705,39.8269257363931,38.3607441306254,36.9418969163302,40.0797079034244,41.4299332534814,39.5617506609148,42.853082933978,43.7562020205905,84.8357489831137,49.9923531724684,46.1460464543321,45.2036344427855,50.6366981608194,54.7400731338071,0,21.6273775245014,18.8532369697215,23.3545772455086,42.6560978226462,41.7808016815764,42.3835892256098,56.9848048543875,70.1009816215675,78.3462322791962,63.0592634182602,65.0691188820845,53.0598131664503,45.6069851702556,43.780441330071,46.9665733711384,57.0323043960381,60.2332881729889,54.7597353136825,51.6069796183754,60.5641211501659,66.8787794631417,65.0683386345246,66.6689601080073,70.3380313476726,73.2421663241307,69.6170072212878,69.8131092793369,73.6919456189254,70.4829140443134,73.6479502321572,73.2494407207019,75.8441274553084,70.6853782166798,70.653964950661,36.6426114658031,40.6872615325375,35.7558111522357,35.1001278212794,37.8659695513278,40.6036480011461,38.5470876024959,44.5912667382396,48.6623023503545,44.5699244165844,45.7552105114221,41.4095303006438,29.0002785405,43.0555629682154,52.550450724083,69.8009554585249,72.0265589512322,70.29836008198,69.163432126334,72.9993891218492,69.6904633647199,76.4221610496708,78.5767593581304,91.6025846540501,46.1901102663711,48.7090129660548,80.7725448725594,48.2259725625588,44.4389631211265,44.0550072987175
33.7496364849639,32.6981134853548,35.0524077907723,33.6577215369717,32.2809878267302,35.2965380823141,36.6372385029664,34.8215673078582,38.4280421286364,39.3249548707739,79.5489467688904,45.576545020153,41.7391900140121,40.7824312528706,45.3320734495333,49.4640086284939,21.6273775245014,0,14.684437502016,15.6145799251595,36.8839055810251,36.0847629155346,36.71033221722,51.9824803523086,64.6911426207533,72.9601859561773,58.1530256695409,60.1293608424592,47.6430676898859,41.0463267102164,39.2162372783885,42.4503107734826,51.6605995778009,54.6194130016982,49.5083132387024,46.364003977048,56.1364131439061,61.5585700002324,59.7457214507947,61.3482377389977,65.0423717336776,67.9465239392746,64.3239785245418,64.520220704567,68.3887204229262,65.1744761365564,68.3417639969206,67.9430005340459,70.5365340212438,65.3798033473655,65.3438173013487,29.4802208041952,33.9076774494921,28.4912121401343,29.0019884529862,30.9801052712811,33.8803867500793,31.8575544049639,39.6888804826856,43.2001744857785,39.1921442148427,40.4567387137006,36.1618608833019,19.6649648274497,38.3140027955378,47.7487151251691,64.4623607804252,66.6853200452919,64.9585115532227,63.8249825483493,67.7132669183586,64.4041331845373,71.1245410540278,73.2791204911153,86.3316190090552,41.2439487745425,43.7446607033826,75.5673490389756,43.2692381543136,39.2648982538181,39.6526157173975
35.813527849553,34.7237859140691,37.1199017163439,35.6776052233151,34.2680844746528,37.3673404702246,38.7125168850929,36.8588910382447,40.1049731972794,41.0074982879461,81.9750788193368,47.2076789723244,43.3724357215694,42.4392184899204,47.7755569503305,51.8856721647517,18.8532369697215,14.684437502016,0,18.3203133605802,39.7096471874839,38.8453637687591,39.4567587519794,54.19138604096,67.2103598445792,75.4615810790168,60.2844048551913,62.2881496561368,50.1704404358915,42.8908849163891,41.0653484176383,44.2438293052124,54.1518200302216,57.3102051187677,51.9114839273315,48.761065258358,57.7432228222829,64.0103406269127,62.199321549107,63.8003677814426,67.4754635771997,70.3795812411686,66.7550610518709,66.9511733710285,70.8274552549739,67.617194102893,70.7827473761305,70.384195277443,72.9785846085703,67.8203305058793,67.7878387328857,33.3603634257213,37.5434076666982,32.3981129836976,32.4052012472996,34.5782209072081,37.3783338800616,35.3437593247941,41.8442782226011,45.7974969030629,41.7236756259084,42.9342841653037,38.5975472748795,23.7398736582689,40.3371103180714,49.8020261848404,66.9280030918957,69.1529660082303,67.4251073373044,66.2905216234414,70.1389771539938,66.8300107312325,73.5590004019164,75.7136060442882,88.7457277899728,43.4140914082207,45.9286988981799,77.9339519618044,45.4546281482951,41.6312074318683,41.3343527564204
38.8808470055431,37.8258590158123,40.1868486479076,38.7815554839503,37.4023328242918,40.4342140154931,41.7778267328735,39.9565864508342,43.6292075264834,44.5260689510305,84.7514049627069,50.807228187609,46.9618351002648,45.9967826781553,50.5327072824479,54.662277123737,23.3545772455086,15.6145799251595,18.3203133605802,0,42.0913351076099,41.295769446535,41.9160395875809,57.1610183375658,69.9047932049166,78.1715124369861,63.3269261939161,65.3045904890171,52.8545749491883,46.2096595217612,44.3784565179754,47.6230904846615,56.8700132204676,59.8328138670384,54.7042357612236,51.558919198789,61.3944839549065,66.7637446495779,64.9511078895389,66.5534841338131,70.2454090257352,73.1495784193162,69.5267934019715,69.7230436413029,73.5925153220405,70.3787101085273,73.5458205966953,73.1470633746709,75.7407162171589,70.5837988797066,70.5481978959988,34.7021825736794,39.053068973114,33.8278033234631,33.5056596787644,36.3594056981997,39.2134706149756,37.1654875255138,44.8406563783966,48.378746367265,44.3666660526255,45.6193558347611,41.3241143553939,26.8354186832104,43.4609778786769,52.9126987982663,69.6692399019896,71.8924368399013,70.1655003735178,69.031842658,72.915582799596,69.6064592896438,76.3278572145631,78.4824279677448,91.5326758959347,46.4145246779998,48.9167200071969,80.7605150084376,48.4348202441985,44.434256788651,44.8343067115456
31.5886016558104,31.1427109779309,32.8977635339439,32.1430397733229,31.2842583454275,33.1658224292594,34.5122275185299,33.2141522809318,43.4664257168149,44.2888856881347,75.4500031709984,51.8132363190537,47.7820555000007,46.3535409535333,40.6618309760911,44.9830593692994,42.6560978226462,36.8839055810251,39.7096471874839,42.0913351076099,0,19.9563421004597,18.1358684239043,49.5530203537979,60.0355574617594,68.3891802894527,56.6196211175523,58.2635510643235,42.4646541937409,43.0638814529338,41.1480986609658,45.3574066149181,47.0643088264258,43.5950735307672,45.1424408610348,42.0092806353447,63.244823638461,57.2636624757013,55.4387630813747,57.0543219238938,60.8734166365147,63.7800678178437,60.1693955899378,60.3689619114314,64.1938023564145,60.9509714178131,64.1322211343287,63.7300788178137,66.3202090763073,61.1723565753321,61.1112786517247,36.4400619860708,38.7857652159535,33.7220742450983,41.0389186615977,29.4028871793796,31.1342504783614,29.6176869137188,36.5295819159698,29.0352298001402,27.3928576341751,30.035784777438,26.8302368729398,42.6028069904962,37.3081791277067,46.9035488921286,60.0877708115453,62.2983105889425,60.5776079234611,59.4502325222619,63.6072291487215,60.2960281521132,66.9595004115608,69.1126527759953,82.3110963728576,38.9425443076507,41.3061717355698,71.6334918018232,40.4025789190702,32.5092432985669,44.2409346767729
29.4669402167178,29.0834925045118,30.7167255815419,30.14656389009,29.3208289034868,30.9306037577952,32.2309081572184,31.0447006183657,41.7106741274549,42.5260905024114,72.4278697165594,50.1428468589463,46.0998892032635,44.6358593343968,37.4889038711487,41.8538016626334,41.7808016815764,36.0847629155346,38.8453637687591,41.295769446535,19.9563421004597,0,12.2769472609195,46.8343580993385,56.9382035689641,65.2995439970081,54.0567236613428,55.6451395686899,39.1824848889872,41.0447488168006,39.1226863784336,43.4166988511645,43.9560193955682,36.6018748647508,42.0353533176227,38.9021835674515,61.6318550650346,54.2083921149511,52.381643646507,53.9996194690886,57.8378653488553,60.745153884206,57.1361887422631,57.3365390284895,61.155533488821,57.9080578145149,61.0917418262856,60.688847499398,63.2787261974895,58.1320887751124,58.0669322352795,36.2234593198347,38.7532890238759,33.5320074696874,40.5975336448019,29.0532358240649,31.2028567575139,29.9070023007924,33.9967056437341,27.7412155057887,24.1309634044632,28.0623001633551,24.0139620030615,41.7182690191027,35.0388801200037,44.4968141216755,57.0219397963221,59.2307142823025,57.5108171502034,56.384256032736,60.5829357838965,57.2713135671213,63.9259991496598,66.0787917925113,79.3009587692802,36.2830517722642,38.6159584750243,68.621093234961,37.7121034056566,29.1267732001496,42.4647491769335
29.9870680146314,29.6095095690147,31.2549689392514,30.657446741699,29.8402743997944,31.4882464757979,32.8062295367024,31.6032886081744,42.3199892233241,43.1363711645678,73.4838928177002,50.7461228952068,46.703560311794,45.2424595674634,38.5617108306581,42.9022898355635,42.3835892256098,36.71033221722,39.4567587519794,41.9160395875809,18.1358684239043,12.2769472609195,0,47.6915253480101,58.0749361761833,66.4212116604159,54.8600845812242,56.4659705248299,40.3584214411845,41.6848653361017,39.7628801237462,44.0485686576414,45.0708152978898,39.1495558535211,43.0643003063962,39.9243564060523,62.2321106332932,55.2870297122776,53.4619079933634,55.0785781591242,58.8998791030972,61.8071546813267,58.1964182026469,58.3966734866763,62.2226405543332,58.9786854881394,62.1608411682091,61.758127068132,64.3487702527948,59.2007810812493,59.1387131787077,36.8708284310748,39.3638468378054,34.2043846406323,41.2083843169291,29.8907802545852,31.9379563493658,30.5594964763062,34.6232261475664,26.9449204200383,23.9565735272302,28.0159030324643,24.1963547792019,42.3381053082446,35.6713671705896,45.2252168841374,58.112776730738,60.3233050370139,58.6024936528631,57.4750119238378,61.6384945281094,58.3270116417831,64.9893237368086,67.1421307765142,80.3462667547156,37.0838665657365,39.429796510064,69.6168019395671,38.4740696884856,29.8070454480655,43.072084833783
40.7741431354136,39.975506294182,41.548968674816,41.4281586897558,40.2346080055329,41.1883788356478,41.9213589009984,40.9571865613214,49.2858904059438,50.0037234275102,69.9895682125821,58.6243921291594,54.4723710109893,52.6151050097114,40.2733204690172,43.2086626255383,56.9848048543875,51.9824803523086,54.19138604096,57.1610183375658,49.5530203537979,46.8343580993385,47.6915253480101,0,59.6806313108738,67.2229441991216,37.3994509534785,34.5655971336391,45.3057915232,45.3992676886527,43.4704220245171,48.5585924475103,46.0152208679543,62.4643098425972,42.5479016817985,39.4642794819527,70.6848990817174,53.5175168978513,51.803003892947,53.3064953110578,55.9747084501224,58.8649753435779,55.140715814149,55.317103018712,59.5683115477368,56.5803508944768,59.6411747604966,59.264123732796,61.8918207462764,56.659462517105,56.8220271617584,55.6099118569149,58.5474151665777,53.4076903079639,58.3610325109169,50.651565171891,53.3055803400715,51.8282877962416,42.9852582159546,53.6339628817055,48.5574694644775,50.1139839428668,44.8966673214982,56.9651358592653,41.3250214513684,42.117456446703,57.0884686000299,59.4125982618565,57.6353960079321,56.4510696903525,58.1724489513125,54.8766295806589,62.0652404397492,64.2272233496448,76.1126778153315,31.8741607094283,33.1117219666283,64.3437878483925,40.5169029387312,44.0669849890539,50.0030620829349
55.6794833418072,55.0948706568938,56.5828627688795,56.4365015813974,55.4140037358594,56.3880766720709,57.2874120259999,56.3746535449773,66.1106386108044,66.8758068306883,64.2382420961943,75.0133754695319,70.9138666671336,69.2456757753944,43.6852059439155,47.7395360671081,70.1009816215675,64.6911426207533,67.2103598445792,69.9047932049166,60.0355574617594,56.9382035689641,58.0749361761833,59.6806313108738,0,32.2788933385509,69.2131400278624,70.1222624704803,46.215463814225,63.7793072846859,61.8494024195045,66.5653910496801,34.7374292062699,71.5127013484113,48.9549754183516,46.7179870057491,86.7989416681073,43.5228423693065,41.3974024483472,42.9562592866848,49.9563691589215,52.7374759258526,49.507259194175,49.5889443563765,51.5819403311802,47.7972036334516,51.0843549420407,50.8099681669374,53.0449981489766,48.2877373624673,47.7541899479226,66.6722203674133,69.5891750980897,64.1595151261656,70.276339944629,60.1430972851629,63.148601560205,61.9746857286858,58.1534907413778,64.979878756765,60.1243886393833,62.1014026072216,57.0577726250131,70.0032772062369,58.2326588905699,63.9047566463049,42.1741097206737,43.8092512282867,42.4675229338479,41.7136636896794,53.0884600703227,49.803456192942,54.9962873506604,57.2299034999656,73.2352202959895,53.5254815914449,55.3300667860548,74.4607867692523,57.4424667519883,56.3413663705365,66.8412242355462
63.789406481276,63.1990774356726,64.685086589875,64.5473315550708,63.5197899359292,64.481022666019,65.3711693134312,64.4625063604343,74.165768001554,74.9287243826766,69.281301109773,83.0896009139359,78.9874657993102,77.3101918609512,51.6882831225518,55.5677036255435,78.3462322791962,72.9601859561773,75.4615810790168,78.1715124369861,68.3891802894527,65.2995439970081,66.4212116604159,67.2229441991216,32.2788933385509,0,76.8369389031913,77.7268060663206,54.6538209038217,71.7651707029094,69.8355466604592,74.5657216241206,42.0524291313357,79.9023461073657,56.7291093500934,54.5286106992594,94.8886955588998,48.5275911180207,46.3509396252855,47.7873807718971,55.3952484969848,58.1265387094324,54.9763825951203,55.0091367396125,56.4757045597711,52.6031257798351,55.8497256416692,55.6637307431992,57.7340101551247,53.1244202657466,52.5168140257968,75.0317850565858,77.9476604188923,72.5373772140543,78.5872323373931,68.5964177209312,71.5757180536505,70.3822644957044,66.2262560285869,73.268041975575,68.3915120569432,70.3504965920073,65.2901372734988,78.2543739253721,66.2602394865111,71.78473447626,45.2390842912281,46.5675076554429,45.466596539422,44.9420061377148,58.4420268999792,55.1732002199225,60.0245282436589,62.2991690411326,78.8052206127952,61.3809873873554,63.1688588589948,81.8545283609949,65.4141080736551,64.5149857361699,74.8950840317294
47.0284926902586,46.1101577089291,47.8139478782938,47.5595090806878,46.2729423765008,47.4634629878776,48.2141191126399,47.0978009107569,53.9617145077086,54.6517830751303,79.9200181615309,63.5034199928313,59.330443783195,57.3810785517789,49.8455515170312,53.0301454415983,63.0592634182602,58.1530256695409,60.2844048551913,63.3269261939161,56.6196211175523,54.0567236613428,54.8600845812242,37.3994509534785,69.2131400278624,76.8369389031913,0,30.8761694203558,54.4587798215315,49.332798203177,47.4346954530395,52.5772436524129,55.6478221441827,70.0254257457118,52.5323601022106,49.432223238444,75.6843439242314,63.3790282887133,61.6544758184119,63.1603899110306,65.9389373345268,68.8233870990592,65.1145933842617,65.2849357073338,69.4702053357576,66.4669162773947,69.5307896590351,69.1574600916887,71.7754290316648,66.5536602614429,66.7028248065722,62.2360612549456,65.198567758058,60.1071254643464,64.7727896046375,57.6366811237403,60.2502471229618,58.7171736113116,49.7279990776714,60.6561804314596,55.6041789470838,57.0467873150404,51.8583553391062,63.0369850107285,47.2239073686955,45.7726371694176,66.8691278943391,69.184028579365,67.4118750742453,66.2326740373487,68.1401660906436,64.8466846594119,71.9857454611177,74.1513195583981,86.1251176566197,40.0523068397434,41.9599085893179,75.4814370756855,48.0778772148945,51.4123537163145,54.7174825154716
48.9242884342177,48.0507574095424,49.7017051697769,49.5045154979258,48.2529728813938,49.3420759976184,50.0800668957904,49.026879077208,56.5104453445792,57.2120964915674,80.758143574362,65.9708739256892,61.8060257152999,59.893809938573,50.6863454690522,53.8014477190641,65.0691188820845,60.1293608424592,62.2881496561368,65.3045904890171,58.2635510643235,55.6451395686899,56.4659705248299,34.5655971336391,70.1222624704803,77.7268060663206,30.8761694203558,0,55.4354299756121,52.1720790831152,50.2581211174939,55.3965608004908,56.5219695988053,71.4980606326668,53.2523457465892,50.1484279553467,78.1041504441233,64.2161643285133,62.493488172504,64.0002813975236,66.7574501568172,69.6441462386386,65.9316961026082,66.1044540904445,70.3062821952274,67.3046160714505,70.3691869533453,69.9941929564784,72.6150132315782,67.3907769858113,67.5413483102387,64.0483604095653,67.0009873629153,61.893723113006,66.6609188163451,59.3236917214416,61.9493894623113,60.4350096846754,51.4129787473382,62.3068098427588,57.2425208508272,58.7236033471977,53.5214298826349,65.0496088222691,49.2008978457737,48.3953652780959,67.7241817055252,70.0407392730206,68.2675762005827,67.0873470071967,68.9652359056391,65.6707421151251,72.8192626629918,74.9834760517487,86.9458687893647,40.8172581416817,42.4711428229191,75.9375753414966,49.3774539591872,52.9283357815033,57.2470088064553
38.4242450481978,37.8948684336585,39.3328650432623,39.2329535410713,38.2519829110102,39.1492895683855,40.0609166388616,39.1940439689767,49.3988710844918,50.1715032420005,63.3418641225001,58.2488771201304,54.1545542520472,52.5105111884468,25.4003977997649,31.7389822516601,53.0598131664503,47.6430676898859,50.1704404358915,52.8545749491883,42.4646541937409,39.1824848889872,40.3584214411845,45.3057915232,46.215463814225,54.6538209038217,54.4587798215315,55.4354299756121,0,47.2591048836868,45.3217933679895,50.0267434483503,32.4434412235531,53.266594178699,33.1156951189134,30.3668741399931,70.0037759269047,44.3024288967929,42.4264639518709,44.1051636275495,48.4560054560639,51.3744888813883,47.8149190793416,48.0296558738605,51.6761667030111,48.3115995952939,51.5549234847335,51.1353299496931,53.7158755381129,48.6019534242145,48.4339497113198,49.5384701714892,52.4310557444691,47.0220172785191,53.1695640638463,42.9997123821622,45.9493149458234,44.7635708529184,40.7993266914307,47.3125702738943,42.39774565185,44.4596500235359,39.3724418552482,52.9735291830722,41.2685765483505,47.6541644093187,46.8511153845605,49.0178060131581,47.3161413893213,46.2081547877342,51.4649372443185,48.1448050005209,54.5678931457731,56.7139712808961,70.5366533915232,37.1133080956784,38.9850710557965,61.4057960958455,40.308281062451,38.2959126239311,50.1176976324853
