IBR/IBR_outputs/all.combrep_1/EucDistWater_Total.Spinifex_Total.WeatheringIndex_Total/EucDistWater_Total.Spinifex_Total.WeatheringIndex_Total.asc
NCOLS 160 
NROWS 95 
XLLCORNER 210004.651214014 
YLLCORNER 7350008.22228844 
CELLSIZE 4999.99999999997 
NODATA_value -9999 
[rows 0 to 20 of 95, columns 92 to 137 of 160]
-9999 -9999 -9999 -9999 -9999 -9999 -9999 -9999 -9999 -9999 -9999 -9999 -9999 -9999 -9999 -9999 -9999 -9999 -9999 -9999 -9999 -9999 -9999 -9999 -9999 -9999 -9999 -9999 -9999 -9999 -9999 -9999 -9999 -9999 -9999 -9999 -9999 -9999 -9999 -9999 -9999 -9999 -9999 -9999 -9999 -9999
-9999 -9999 -9999 -9999 -9999 -9999 -9999 -9999 -9999 -9999 -9999 -9999 -9999 -9999 -9999 -9999 -9999 -9999 -9999 -9999 -9999 -9999 -9999 -9999 -9999 -9999 -9999 -9999 -9999 -9999 -9999 -9999 -9999 -9999 -9999 -9999 -9999 -9999 -9999 -9999 -9999 -9999 -9999 -9999 -9999 -9999
-9999 -9999 -9999 -9999 -9999 -9999 -9999 -9999 -9999 -9999 -9999 -9999 -9999 -9999 -9999 -9999 -9999 -9999 -9999 -9999 -9999 -9999 -9999 -9999 -9999 -9999 -9999 -9999 -9999 -9999 -9999 -9999 -9999 -9999 -9999 -9999 -9999 -9999 -9999 -9999 -9999 -9999 -9999 -9999 -9999 -9999
-9999 -9999 -9999 -9999 -9999 -9999 -9999 -9999 -9999 -9999 -9999 -9999 -9999 -9999 -9999 -9999 -9999 -9999 -9999 -9999 -9999 -9999 -9999 -9999 -9999 -9999 -9999 -9999 -9999 -9999 -9999 -9999 -9999 -9999 -9999 -9999 -9999 -9999 -9999 -9999 -9999 -9999 -9999 -9999 -9999 -9999
-9999 -9999 -9999 -9999 -9999 -9999 -9999 -9999 -9999 -9999 -9999 -9999 -9999 -9999 -9999 -9999 -9999 -9999 -9999 -9999 -9999 -9999 -9999 -9999 -9999 -9999 -9999 -9999 -9999 -9999 -9999 -9999 -9999 -9999 -9999 -9999 -9999 -9999 -9999 -9999 -9999 -9999 -9999 -9999 -9999 -9999
-9999 -9999 -9999 -9999 -9999 -9999 -9999 -9999 -9999 -9999 -9999 -9999 -9999 -9999 -9999 -9999 -9999 -9999 -9999 -9999 -9999 -9999 -9999 -9999 -9999 -9999 -9999 -9999 -9999 -9999 -9999 -9999 -9999 -9999 -9999 -9999 -9999 -9999 -9999 -9999 -9999 -9999 -9999 -9999 -9999 -9999
-9999 -9999 -9999 -9999 -9999 -9999 -9999 -9999 -9999 1.31689803985265 1.69597951639637 1.87844376700233 2.73175061808888 -9999 -9999 -9999 -9999 -9999 -9999 -9999 -9999 -9999 -9999 -9999 -9999 -9999 10.4252723835317 7.505417195373 3.59113606277312 2.21067284729859 3.27785027020116 7.26226538289433 11.9173376646247 14.4879761863813 10.8009952346209 7.91279531673959 7.57117539898246 9.5443628154861 13.4407022061115 18.1400994758285 23.3400625409942 27.2717682450753 25.2341974292593 23.4268734671339 22.8722115947912 23.5288208661594
-9999 -9999 -9999 -9999 -9999 -9999 -9999 -9999 -9999 1.38186148275406 1.62162847046517 1.2727285097814 1.91869701726529 2.35839203681442 2.26692523824136 1.56077781734763 3.73697918964821 2.61889169961369 -9999 -9999 -9999 -9999 3.15512272306319 3.33347350500224 3.50144459516582 6.48034039630018 10.5007238897064 9.2885708560167 6.49647755607094 5.63518106248061 6.05759516399044 8.82029844374754 13.0504212526727 13.6601616043663 9.13961534231343 5.18445526255845 4.37432121093627 7.82212054509291 12.3141992482573 17.2683361696192 22.608008958181 28.1068087563693 29.0707089701633 27.464440562704 26.9262860557745 27.5255250718468
-9999 -9999 -9999 -9999 -9999 -9999 -9999 1.37715908710188 1.60755590840372 2.24282264528261 3.42263435015952 1.73432364843323 1.80192506527684 4.82673044679881 4.71924776148419 3.39025147576316 4.91696534094487 2.84238233468703 2.1107258235798 -9999 -9999 3.62267157119696 2.0543173974796 2.59805915585775 5.03302614902914 8.61925897574764 12.5934177847886 12.928555495762 10.934672709164 10.1724501408021 10.353631034158 11.5311399183722 13.9036595605597 13.574077161277 9.09207548401055 5.07840732370622 4.28766826406843 7.83350693635098 12.3363076664029 17.3046536042591 22.6128690770447 28.3430529794273 33.5382137557735 33.582597715021 33.1644661764149 33.7984552152019
-9999 -9999 -9999 -9999 -9999 -9999 -9999 2.59676234718601 3.07525290593794 4.65889740948191 3.6608154196016 1.83881096892505 1.80797134143946 3.65386754156217 7.14635223406787 7.61786157223914 8.01246446995402 6.03907791864947 4.13735926763869 2.14397001231314 3.55450406378462 5.83448036066051 5.01882552631003 3.77461082600718 3.84186055449396 7.99807499770761 12.718902428748 16.4267536378659 14.9829346687987 12.1757308791755 9.40173953864671 8.43454948470183 10.1824894066061 13.1701824501793 11.4559571817927 8.72630746888982 8.28474731128638 10.5339316918251 14.2197252072826 18.8107345960071 23.914431947803 29.498338463042 35.5299945573392 39.7430648564486 39.7284257470974 40.3088754584417
-9999 -9999 -9999 -9999 -9999 -9999 4.32644287368609 4.91285140906334 4.59998801231268 4.55473671938 3.32819015352665 1.85909693457407 1.72894735995151 3.72429467837878 7.90111993070648 11.6907392195997 11.6009315777344 7.91722786377098 3.74351957769551 2.66839520819362 4.19460799711608 7.56272299822541 8.99749699697676 6.49025418343996 6.38861051734678 9.72911136745254 13.7733997910593 17.7765735173346 14.6795463863026 10.0491279716126 5.95920659998547 4.24789694951177 7.16817366506748 11.5862496478645 14.6733868544299 13.2569724677663 12.977307613717 14.557477057104 17.541405611601 21.5822844256947 26.3614360734002 31.6323357803683 37.5292207363542 43.8243921253039 46.7481647215921 47.2688629888339
-9999 -9999 -9999 -9999 -9999 2.38605799585412 2.08916769851522 2.22686338259459 1.93010055804035 2.71626385752701 3.30574934434025 2.00322626841519 2.88199806592688 6.18257851638855 9.42700047346256 13.1796574625073 12.3047717064871 7.55323761051539 3.83889311748024 4.84219736532905 7.87959711091566 10.3901925754351 12.5412473366875 10.8675043532181 10.8405672641893 13.063529568441 16.438015764127 18.9594819962728 14.6513141168344 10.0530431804565 5.96211070863723 3.93987550780307 6.96274794857199 11.1933639232624 15.3088803292129 16.5553234884642 15.8919757954283 16.7118597691788 18.9642452296245 22.2997830378258 26.5681923694973 31.4666177675767 36.9403903084852 43.086945992934 49.6335773173178 54.3204574268601
-9999 -9999 -9999 -9999 1.86166584332346 1.63670355900827 2.54959659079367 1.70779606450075 1.21705929356899 1.46102968740473 1.98410682880367 1.72952575555577 3.18160579733419 5.82576098187795 7.23648738420844 10.7172461976845 13.0368111950476 10.322092256344 7.97960094745654 8.36071859216947 11.0949639012021 14.3118495179742 16.6649879373211 15.7958982734144 15.8321651062081 17.7604439830949 20.5063468770117 21.1123571719875 16.3311725165666 12.0472051475818 9.11724202641987 7.38799520152754 7.27091723405979 8.86865903372093 12.2582579155277 12.7278930780894 11.4845753767448 12.4137190649498 14.9748230772576 18.6995225658419 23.2637491181937 28.4997121041418 34.2086305060893 40.5171706222033 47.3650320862839 54.8547840868851
-9999 -9999 1.53473040005626 1.47039268951543 1.50532918838857 2.61129895590414 3.37693337498408 1.1873948196677 2.2800739104459 2.26540536429692 2.5911871464818 1.71222856561357 2.51678459983798 2.69314391368214 4.46224636777761 8.18862753796934 10.0852635136997 8.91319746464786 8.64125485470349 10.2249930534405 13.4530673382488 16.8699201051896 16.9637758822332 16.4464630912279 17.4535235843252 19.8056642865058 23.024309309289 22.2686636583886 19.0653370184588 15.0871266787676 11.058276157971 6.39929110070655 3.66093368525813 5.97812804568512 10.2857261782305 9.02876130108178 7.06757881836983 8.33524599153913 11.7720622586211 16.1463922031936 21.0487727451898 26.6602181248626 32.445606639507 38.7674540837289 45.6463731377581 53.364589428209
1.52832788393812 1.46176615441225 1.34243435217247 1.66903670300565 1.26544817291195 1.8647262331011 3.395915215372 3.43881568648638 5.98096580124265 5.66771389242409 4.21458792841766 2.44794716231159 1.50133354689218 1.52454120084543 2.78365523001652 4.63203285006514 5.85548374687451 5.41974115339343 4.20202969593007 7.20418064993464 11.6301482465775 14.1411049843788 12.0778055310462 11.5055744915418 12.8805462395426 16.2235636590386 19.251082314109 17.5218296601275 16.515058066573 15.2947146043309 11.26395651315 6.73148053472201 3.71861954953375 5.9425276536032 9.62378990177681 6.55765706600422 3.40195871534881 5.83034302508587 10.0599568244001 14.9634591237585 20.136346735985 25.8057620889956 31.7629826022918 38.1234187261021 44.9367222045494 52.4235571682121
1.89702854536109 1.8383653544355 3.64627670878285 4.4222003061183 3.2767466201024 3.77112076418217 5.80188778997524 5.51280184446471 7.56546443049807 9.03688628570533 6.16223804990033 2.50030737467284 2.74804537151306 2.52901323131533 1.46246319275448 1.6902043341033 3.27686412155154 4.39776863798151 3.88045085648722 7.04180350178461 11.1138974751488 10.6529862405788 7.61137460184206 6.83374855995573 9.06783060951319 12.8411789933722 15.5329356568278 13.4288077310296 11.7830065537982 12.2141683644516 12.551440003537 8.55168964516243 5.69235842433544 5.90602076355371 8.85665908309597 7.50036321706797 5.30820375506307 6.9363546994015 10.8817089304314 15.5576954370927 20.6114246919476 26.0795129377007 32.007707249878 38.4689462813369 45.2914254858579 52.3601610001566
3.01012243810983 2.87405162365077 2.78683637055457 5.23095247012985 5.53724521753808 6.94873142151437 4.8071819661186 2.30043774708471 5.22731681310609 8.52818057317646 5.27814251691335 1.81738649795229 3.08669119696253 2.88685943450392 3.00990631072632 2.22603178660003 1.3341914738518 2.80593064877393 4.71420814345161 7.27072535020761 8.901927019074 7.99158514908281 4.18321823518527 2.42891596512179 6.30601313975033 11.3600271249608 12.6246829499173 9.07472387739483 7.06333201925404 8.22893585010868 10.7962950866479 8.40220748090096 4.73067061694676 4.34753422441506 8.41228709307431 10.8827080667112 9.73805340368806 10.7586144638329 13.6026309727625 17.8575051452698 22.4965648628648 27.5757944686544 33.6558018836094 39.744240873008 44.9210571617561 47.8653654861715
2.28194273700529 2.61621609488693 4.65222752703347 2.73630704301398 3.44522452222664 7.31324829403952 5.28851137155948 2.2524266528608 4.77906060823443 8.73988874049535 7.02501965586547 3.95907601433295 2.33084084707612 3.39471602655407 3.47681092997003 4.98488209203939 2.4793431993395 1.43709931634309 1.94826699917797 4.13254766497726 4.68477684285433 5.29320201679462 5.24139697762273 4.50778092415563 7.72695579318263 11.5889330816892 10.8205553582844 6.29397044736274 3.09026706320153 5.15933725975593 6.73636340821165 7.69027586234772 7.67152718988236 7.52378257396877 9.94249406794359 10.749848933464 10.9856532950873 13.0146375544257 16.4885292307057 20.631648152012 25.013038094011 29.6165555363289 33.3598483851287 36.9938409418282 39.1718275212955 41.6327968937416
2.49548291418872 4.83744779684144 6.27994031113799 4.95632936106497 5.39375435771419 8.66013111511439 7.77523425738535 5.98715974929212 7.3629215001451 10.5118077725523 9.79432054945498 5.72665148424387 2.08814731875636 2.11763694120935 2.10829174225418 5.81347661012829 5.41081595752456 2.4096890893953 1.70257055016927 1.53711953646912 2.23590518313849 2.16314987146798 3.56634051375289 6.53897658755092 9.07013856549426 10.9791458027434 11.0210631773188 7.59370161717736 4.96179813592029 4.00136254023434 2.78256869762253 4.48787133598803 5.93715661118669 6.21149128267748 7.9131444342971 5.94066946086174 6.73860260445346 10.3323458555395 14.5369477322779 19.2914369666753 23.5039542751554 25.7198312852077 28.4956282588185 31.2144960309981 32.9457169079792 35.8955552714571
4.67135426295728 2.74984233730065 4.14186159728363 7.43238092029108 8.99731062470008 11.8084862294822 11.8109180855768 10.6406450567181 9.83226159295256 8.36707891551155 8.50494084025852 7.58542350059004 3.63335803911879 1.92529663028286 1.6485805499074 4.62636821564808 7.0780096448988 4.63331030315593 2.5839684359412 1.41126566435053 1.33278539144933 1.64992354995825 1.72471921434585 3.33844259417553 5.24138464130851 6.85721766402006 8.23386542758398 8.29883680781156 8.10233254513056 6.16719095378652 3.7778408252999 2.52705937913156 3.15896511328459 2.84543491868232 4.00457577592051 3.1296996104983 4.78769366034469 8.50492630250154 12.2733625675507 16.4940041609732 18.6959671935836 20.5659409824061 23.3714976834947 25.187404633158 27.1670646509412 30.2592954926423
6.95943536108846 3.92246487275104 3.95122898282641 4.42462901772147 7.5217089048291 11.8396033329102 15.1066163881766 12.120075389938 7.59959276215734 4.23625099470649 4.56035662766441 7.53517040722837 5.17612287184055 1.69885526750703 1.88913104134165 4.15640939840277 7.06185036049559 3.91158550654255 1.86836411372751 2.03689170921424 1.03210074857402 3.19661183254872 3.50237544043722 1.57068536305079 1.81619739803732 2.82137673172945 3.85675890017271 4.13209908111504 5.05000673667285 5.82874313135069 5.16723743131586 4.70783077218119 2.51777006898595 2.71139931921385 3.44348877618064 2.51094100421533 2.84416224715307 6.13390864971839 10.3627537105143 12.7583763961825 13.4826682386978 15.7048365510969 18.008735625095 19.3964749912869 21.740941845078 25.0043020324081
