IBR/IBR_outputs/all.combrep_1/EucDistWater_Total.Spinifex_Total.WeatheringIndex_Total/EucDistWater_Total.Spinifex_Total.WeatheringIndex_Total.asc
NCOLS 160 
NROWS 95 
XLLCORNER 210004.651214014 
YLLCORNER 7350008.22228844 
CELLSIZE 4999.99999999997 
NODATA_value -9999 
[rows 42 to 62 of 95, columns 0 to 45 of 160]
-9999 -9999 -9999 -9999 -9999 -9999 -9999 -9999 -9999 -9999 -9999 -9999 -9999 -9999 -9999 -9999 -9999 -9999 -9999 -9999 -9999 1.63078513662995 3.55479751421779 5.63366364079138 2.56065287942218 2.93834182857444 6.02542518508662 4.51112101483293 5.83103520329471 9.68450826054919 14.0971404502932 15.9698025337065 12.5455420834573 9.36196664538658 5.25890836312601 4.1123805912146 7.79495984453162 8.36148956276275 7.081158524723 8.55728597190322 10.1972408554718 9.59548704830754 7.22158920388114 5.28364949851796 5.50763402736928 2.54540383719845
-9999 -9999 -9999 -9999 -9999 -9999 -9999 -9999 -9999 -9999 -9999 -9999 -9999 -9999 -9999 -9999 -9999 -9999 2.39719514013184 2.62457390450382 5.10515750778853 3.35033543790238 4.62240582613441 7.20506243659476 4.45307713761365 3.89606103076733 8.03253909912339 8.89515347124989 9.52441912707299 12.4430586950772 15.3952838861654 15.3993460216109 13.2469951176164 9.58346784301238 5.19998438451876 3.32769011616994 4.09177212868797 5.3604847681666 3.16954819258558 6.16943903421363 9.68183060970252 9.82546926655049 9.02269420369506 6.59707783979251 5.43847741092596 4.27636671587699
-9999 -9999 -9999 -9999 -9999 -9999 -9999 -9999 -9999 -9999 -9999 -9999 -9999 -9999 -9999 1.12842333782549 1.63884272622642 2.04046457770009 3.76219995465305 2.35013457562504 5.00921251457211 7.1033492309556 8.1808825642685 10.0959747920578 8.10662085886337 7.8704492371901 11.1393258811731 12.6835048124379 12.9273649682657 13.7304647656226 12.5415756850642 11.0392526783673 11.2229202308895 11.8154354936439 9.24365144989401 5.9642824885385 2.49272625462316 3.34917685660667 4.14257153364824 6.10361511277954 5.96024057089742 5.06399944607891 5.0282644879682 2.82915899458802 2.50796733240426 1.93865577329277
-9999 -9999 -9999 -9999 -9999 -9999 -9999 -9999 -9999 -9999 -9999 -9999 -9999 5.79687870299997 2.73673654015763 1.91346237324953 3.16646155441137 3.1428570763069 5.60459720787267 5.77800791631456 7.40579188119758 10.5084007381852 12.5313158049096 13.7515517410965 11.8167780889338 10.9283039026143 11.7303145225901 9.57934290203862 9.22141715534192 10.1094980838376 8.24363924747472 7.08334124819737 8.34753145052816 11.6238336244246 12.2668092058485 8.15890722052456 3.81492587614914 1.86985075240768 3.3182998953265 4.08524102280335 2.4303558932215 2.42221404598556 2.25709848942539 3.05852654368333 4.68870024702712 4.51544937879826
-9999 -9999 -9999 -9999 -9999 -9999 -9999 -9999 -9999 -9999 -9999 -9999 11.8931114839664 8.51762282343253 4.85112229058095 2.09040489415394 3.61894556311315 6.13228369352637 6.55193941793297 4.29148480205267 6.0214948763361 9.92355632521954 14.3217818797294 13.0602021176362 9.33213939174829 7.15463603609353 8.09818783343367 5.74514363570466 4.91269650178681 6.29799686225642 4.55764368025496 3.81329506088996 6.31102162585869 9.65892788386014 11.9110274328038 9.69035700704365 7.29533896098539 3.81827736846514 1.86676160772394 2.01157053279035 3.00038016229943 3.41474776175638 4.79149774550671 6.17930376107555 8.84653701986027 8.74481340789491
-9999 -9999 -9999 -9999 -9999 -9999 -9999 -9999 -9999 -9999 3.21480432408894 6.04184524021807 9.61119562329233 9.08774018320232 6.97769736566764 3.25128049476303 2.31560672858625 6.15887449531029 5.99289943979187 2.92477804338697 5.18585701631659 9.44977266698796 13.8359314710132 11.3715402301187 6.80190961788139 3.30218770852103 5.00324129417814 5.17192504715825 4.53554700431952 5.58710358697856 2.97596737118564 3.19550394921443 5.49785904203616 8.90774960487004 8.29371407418251 6.87288282987726 7.55047642763951 4.88049090284743 2.43440174756575 2.40762585273622 4.84083261525108 3.06485646575445 5.62041947960144 9.60028797383258 9.09624245326904 7.9284034405938
-9999 -9999 -9999 -9999 -9999 -9999 -9999 -9999 -9999 3.01531903874964 2.22586618987474 5.77533356806809 6.30336068511087 4.87135588711302 5.948563419657 4.07959427774839 1.9612453519635 4.22309318780572 4.39081207191322 5.39400773342667 7.91640418992467 11.2867426437013 14.812022246888 11.7433200031794 7.3639372714558 3.64021966409119 3.01928107907451 6.83626593463097 8.10079019540109 7.43084570083309 5.14010224690664 6.36702254998349 7.89117538499648 9.12368356745133 5.55259377225859 3.12088819677711 5.32440225832814 2.68502423014209 3.06614344324137 3.9162827221429 6.65434276599531 6.92529728198455 7.74313667471561 7.12930829929691 5.96323514576051 3.66983595128492
-9999 -9999 -9999 -9999 -9999 -9999 -9999 -9999 -9999 2.3064517536355 3.31729403204321 6.73716192768667 4.46833167259999 2.11500027437445 4.64066809682375 6.47555708384863 3.21924887159048 3.24220252327811 2.40293551874008 4.73010589415647 9.14509104585513 13.7287870602449 14.8002275667488 10.6967090380542 7.21936653185462 5.34982405791186 3.60606411074089 5.09359638014271 7.69810665812898 8.5528130188281 6.98305337241665 7.6161580446443 10.1838165305063 9.9353744776083 5.21325913108163 2.53877361231008 5.14749773738529 3.27180699551798 2.88280079692673 7.11386369631578 9.37805258254083 7.3174363950116 5.42385484978717 4.24923107513492 3.11975449878317 3.7839155056774
-9999 -9999 -9999 -9999 -9999 -9999 -9999 -9999 3.88442840589741 2.59974288808083 4.80656669363162 8.19671540360656 6.55681124088834 5.19970614492186 6.68725354994333 6.67259971896 3.08974515395451 2.45014558694596 5.08749997984133 6.97211876717988 10.6415412979031 15.0835531302816 13.8377212234579 9.10983603850183 4.78527700682507 2.89949950862897 3.78322340676009 2.78857586589763 5.03302876448188 6.46052829976134 3.10588088173654 4.69443134679921 8.50733174771422 9.89999690703894 6.67774389407327 4.78627421768801 6.05280643140409 3.22977432099308 2.49916694171943 5.45453785806421 7.29142933232187 4.98274230592744 2.83079021346124 4.04157250570958 3.22394032360207 5.83274308989082
-9999 -9999 -9999 -9999 -9999 -9999 -9999 -9999 8.12951254270871 6.26804763740438 7.80549245206514 9.15085869535389 5.58692815942231 3.68290252072325 5.69028493937442 3.62944112117339 3.41379860221471 1.79112189769311 4.89831483631368 9.22995684598532 13.4546853727752 17.2715728424377 14.6234921599083 9.91511294338336 6.18885812013981 3.9350334727343 5.59054455502997 3.65361391129072 2.7713835516281 6.06678412675521 5.41562458223276 5.32954042170654 5.12389224691659 7.31884102547063 9.73438026372772 9.11392443488824 6.91649362040117 3.14630000323507 2.66388743198615 2.80248230650936 5.24908237064465 2.76266977134434 4.38557475667376 4.08711087903722 2.84864623598014 5.5699101352033
-9999 -9999 -9999 -9999 -9999 -9999 -9999 14.5867846144966 12.0210631812467 10.8794533836369 11.6935096031136 9.56332850246591 5.3553036703832 3.35271804154652 5.62984479076937 3.85057140887035 4.02691026212399 1.99788562876793 4.93195049754782 8.99408678885352 13.076264714532 16.9567333125974 16.500984022389 12.5279143755504 9.45698774469843 7.62292355402973 8.63684610422618 7.27509060576341 5.86661814339778 7.40353664838805 8.3306406361348 4.40915718329555 2.32819119502515 5.64952172792858 10.0489963800662 12.2942914208339 8.96573372143453 6.35017943272428 6.30198452833094 4.88800775872645 6.42874922409902 4.77478577069798 3.76768644398956 3.03546630309953 2.80073432430559 3.96125880301036
-9999 -9999 -9999 -9999 -9999 -9999 21.3627461221776 19.1889997913537 16.7497887384238 15.9020320808694 15.4195629745567 11.7299152151244 8.54744126644554 7.35053092600729 7.71586792801476 6.95766026717853 5.81730034742661 2.45617307995425 3.29347286573273 6.49259434812119 9.95283959012475 13.9956129427358 17.5275482602881 15.2394006516146 12.542260821411 11.5214198589787 12.1651063833039 11.0149835664872 10.0327407386728 10.1012469745316 8.79728806027233 6.16745645962661 4.6640207686441 6.30647091193495 9.61035381120674 11.006780648779 10.8118346465875 10.7459436831927 10.1764531170671 9.304899494287 8.48689914808599 4.93898379585457 2.48325007105168 3.55958434318097 2.66019804656876 3.28816645192779
-9999 -9999 -9999 -9999 -9999 -9999 26.5004750066727 24.0133272031411 22.0544982305453 21.2441773726117 18.9325196608493 15.1426350747115 11.4684219455732 7.64411960718049 4.688297617952 4.0244930173958 6.1069059287955 4.07450854751384 1.77151919297367 3.6176466160205 7.44159998108679 11.8489049955448 15.6080389667863 12.9789432179594 10.0856396377301 9.03546370469908 10.4571633991306 13.1712309354012 12.3890132382189 8.41620235574596 5.1961234333344 5.13607559283654 3.49353583890843 3.66914536181576 7.15000847025252 6.26484992892234 6.81485184900155 8.86327124319446 12.0178085953751 13.142695806368 9.68168832833428 5.3023523426865 2.43657699241838 2.38844704567982 2.76217734940335 2.07599856230945
-9999 -9999 -9999 -9999 -9999 35.2887309975963 32.4560082846187 29.4724194951019 27.7477724611756 26.1187787341436 21.4941580645989 16.2884574251303 11.3196586861095 6.7201440306563 3.06611907507716 3.07868926757887 6.32873576897805 6.41247905848362 3.3339852721204 2.03705156531289 5.97140629300168 11.0275372462638 14.4302864307041 10.5791010603386 6.43759291679933 4.57725163688548 6.84923371999093 11.0508896276468 12.0159220582885 7.45526814763856 3.81226514581913 3.65576268667293 3.39431820286865 3.62087629898839 4.86818813237342 2.48575538269731 2.82738104297089 5.88568132655251 10.1963095904959 13.7678181357555 11.0959562677714 6.56728842781637 3.63322720049908 1.82394179293744 2.57577378173377 3.17059842229563
-9999 -9999 -9999 -9999 -9999 31.7841037055048 35.2583502206165 35.2659646185333 32.9306495309034 27.9850581126954 22.4205804479975 17.3444714741927 12.752399852146 8.89857337829878 6.61459915302375 7.00138410782425 9.06309937490928 9.09967110491039 4.92320388105507 1.83253783242 4.24060195158709 7.98838186644688 11.9399124002428 9.45364072160454 5.07962605307242 2.6986509027465 5.71459340019996 10.3539157371284 12.9069582557755 9.44042332157917 6.75279695738901 6.52623682680223 4.1236716747796 3.75871161783227 4.90407107917366 3.41887045630111 3.39053195686831 5.94989880870881 10.124769060677 11.7560099484638 9.20743244546837 7.71672289737252 6.28767305671175 3.37626757737611 2.6658590524497 5.81970976836348
-9999 -9999 -9999 -9999 -9999 27.9121612216223 30.8387062344764 34.9074297462728 32.8073438028818 26.8945482259287 21.410952981796 16.4090428766176 12.0001767719001 8.42596109087622 6.82611051006634 8.1430065852177 11.2555948596665 10.8677803009652 6.84490317736364 3.29034762963347 2.54723818267433 6.28613185399912 9.62522959286548 10.6277139549191 7.4959368861183 6.24588042554074 7.91306009230281 10.3607250505756 10.5334499987804 11.2791553864036 10.0244681311491 8.01024464437019 5.63454404152401 3.32542857064601 5.54451528648394 7.57306029424856 7.51880276199322 9.08413042965461 11.3441620597405 8.60444498935679 5.48337174363712 3.78982902970962 6.28960048480864 7.45608176104234 6.83153925292881 8.74299010903922
-9999 -9999 -9999 -9999 19.2996608728509 22.787188767837 26.3624303550748 30.8771547833786 31.5468109191442 25.9027063103937 20.2673171914629 15.0302724664158 10.209875295666 5.73103092005379 2.89269476739135 5.3925186645532 9.78685641429579 12.6614295334755 9.49640917707883 6.04348287991375 4.06318710636334 3.64113682590852 6.60469580051833 10.8132731828874 11.6727819055898 10.8734198981049 9.80984624498826 7.01097140044094 6.33722764683369 7.75380370714934 8.13386127987352 4.8380001394956 3.23235262418387 2.29809124229227 5.33997655329069 9.83642085585711 12.4069855788656 13.2972933408432 11.5233554761449 6.95373659812507 3.06828487725057 3.09124031162683 6.27106211748013 10.1868063268589 11.7258708417052 10.4022145933233
-9999 -9999 -9999 -9999 16.2404228321597 18.6701378110397 22.6910761120999 27.5759116609985 28.2142125308725 24.0402779707235 19.9122940482946 15.3255450487966 10.6017025008196 6.48637203532376 4.16331233185339 6.18513884293981 9.24748349730086 10.2182454692656 11.2462233126132 8.66304514219499 4.29502996750554 2.00067496921055 5.62506783619401 10.7767045530387 14.9623087510684 13.5656253487598 8.8705539680996 4.56790683526355 2.91937546236265 3.85050874393076 5.53946820423641 4.93889611693559 2.88248020823618 3.58003381675513 6.86065300132578 10.6035003848029 12.0080168525134 12.0900329884357 10.8362728555689 8.22186722326747 5.54248190766952 6.48149464314909 9.0055196755206 11.9623450283728 13.0369984546171 10.8567601119899
-9999 -9999 -9999 -9999 12.2207217269727 15.3738921301377 20.0888514962449 25.1981730617895 24.690499248595 20.1479857798199 16.399541304354 13.7173660735757 11.7947676060099 9.78945700246573 8.5717299591543 8.26530166725006 5.94954541474411 5.83849711091484 8.86807609720863 9.8698926444118 6.15392755505937 4.60974917565054 7.06093591561546 11.7584126400707 15.4454542336069 14.3571602811332 9.75604515185478 6.20876222813908 4.85142007822021 3.52864819420668 5.42322076218217 7.41659599666585 4.19108955941214 2.49676987421927 5.22207886372045 7.10531596894786 7.30494342519556 7.80601349056312 6.48498743867579 7.92942402611335 8.00790155223973 8.85114462887734 10.4025922273412 9.13092062306513 8.21128955777491 7.80425544965878
-9999 3.54766901556771 2.76002610731789 -9999 9.48148510822493 13.6296247867918 18.6447361884859 23.7930834933255 22.0818109126852 17.2135908297656 12.7780556588395 9.39819402058235 7.86851862278858 8.81006722985416 10.8398221543999 7.73392854257574 3.54732020818901 3.4166348977485 7.50815381687714 11.4071147811913 9.67619551888065 7.93656322659095 7.92425531397903 10.0856901036436 13.3328006598698 14.5208734508729 10.2653596685406 6.99895843071896 5.65559850728719 6.73203658046695 7.08023278919197 7.65363612916508 5.31781586346279 1.92437440131847 2.85669997668024 2.98698419911205 3.39942228078463 4.63850959160958 2.66768628971005 4.13476861058614 4.03146056740129 5.23890773475745 6.09139283959272 5.29572388295653 3.62683980833467 3.27810729726403
-9999 2.86726059011583 3.93797833783306 6.80981359439591 9.50112957157788 13.4539460228559 17.339371772608 21.1623743652786 20.6277665778274 15.4441709864549 10.6075113348834 6.26081522251865 3.47202687707322 5.31434712608219 9.38773133227358 9.13161364794252 6.10042381511444 6.00410661662554 8.95984452039023 12.3050526690661 9.24026475803787 5.36857489595953 4.05936758127088 7.05830677182882 10.0916053957564 11.1590839561637 8.96447195895768 4.45183419927026 2.35981177265234 5.44184031337008 3.64996173853826 4.48073005241559 6.46047156409893 3.81451146292072 3.11636982062728 2.0550010841636 2.30701599621931 2.38140531074871 2.35025997307311 2.31322266848525 2.30010927317583 2.00060958349693 2.61762989852017 2.06711330634038 2.18164669167578 2.65724263570648
