IBR/IBR_outputs/all.combrep_1/EucDistWater_Total.Spinifex_Total.WeatheringIndex_Total/EucDistWater_Total.Spinifex_Total.WeatheringIndex_Total.asc
NCOLS 160 
NROWS 95 
XLLCORNER 210004.651214014 
YLLCORNER 7350008.22228844 
CELLSIZE 4999.99999999997 
NODATA_value -9999 
[rows 42 to 62 of 95, columns 46 to 91 of 160]
3.61789568151686 2.51477853527007 3.35140733856409 2.67033047563132 2.52141712964247 3.14771535893995 2.11344130006428 2.27899264661778 3.79477924316023 4.72442406694509 4.24895090032713 4.73859571946829 3.68201868118571 2.23003801158661 2.81875824641792 7.01956100326603 11.5901862330539 11.4490091792244 10.4213393851995 10.3860124601201 7.32457415330812 4.31181787769066 3.21390782148563 1.87738562460714 2.48524353108177 2.24693491777731 4.97950580777012 3.47069525311753 2.3069782720416 3.45425236869707 2.37083524986732 4.68279215210296 3.25382233639688 1.82560771425536 2.34467097828796 3.85564253710666 2.71130087154634 1.45694371931067 2.07519095879029 2.72494642939806 2.20735233243787 5.7580524481856 7.98309206737294 5.27924212661179 3.05755553105308 1.9094589769762
5.33056961853478 5.08280393333933 3.97794405316835 2.40784233100133 4.38153407421538 3.12007154724834 4.27126079664309 5.02682069744497 6.92630812906711 9.28202975448234 8.74089126876973 8.88483009695855 6.9033191573669 4.97169598757217 3.33800384112653 6.56518141960849 8.7448289991428 9.98322841847919 8.05561196142501 7.43093008178741 9.29917505588888 8.40775432185441 4.86951905257164 3.29649335226972 4.85295309574255 4.63152126126569 5.96821957927127 3.68593721013917 3.19249628088259 2.95333806400763 2.80650095792553 3.25602155619919 1.83817307523463 1.35494020645918 2.01474303072926 4.72765316071654 3.84425086723061 1.64371690119781 2.48315995697285 1.30575271385222 4.54237608062764 6.48957670146865 7.32044490407435 6.3014983726533 3.2019640345909 2.28813763081931
2.32137935780695 2.37841641345608 2.19775242049138 2.03517214375949 4.6236745271298 6.60866091882689 7.41359030187594 8.6537916723729 10.7019851979243 9.85484575617192 8.03159939486737 8.97796613893653 10.5079727954502 8.86991468494488 7.43802602281217 5.86200137402609 4.11300704745738 5.83621603547988 3.80718460253836 4.48361070749099 8.20116282745991 8.74869722436233 5.00469035458401 2.53976163188981 2.35604256461412 3.10800979669704 4.95562032106429 3.25655962271083 5.23845549062921 4.35353164644488 2.72771555644012 2.96782458122528 1.93924005311889 2.15071268407147 3.06519452986304 4.34785792514362 2.9879556169426 2.30802501270204 2.01934964060744 2.07437660730145 5.44873367106731 4.01691799089495 3.52977865028161 6.80138878179082 5.84735252595103 2.43922733421818
3.56253602839203 3.46577330220873 2.21996144119634 1.95775198076842 3.95147876819154 5.27905195216073 5.24699282313993 6.16499570267895 9.23778104432716 7.77511669454275 3.62332758591622 4.64670070519176 9.23431057369568 12.4368636470026 9.87040209763045 5.51116646763361 2.99007243701059 3.16788940811807 4.15551712333161 4.84291893856193 5.83429028018102 6.25107793012186 6.9817856331827 6.09564641574678 4.58501193719265 4.20830986227702 5.24342617564138 2.52188490687226 4.07542378411245 6.71688865826575 5.25849143006415 1.85206411416341 2.33998893453162 1.86141129772141 2.37316838037931 2.25548259453347 2.68084166483506 3.91312858199811 2.20836428968973 4.41614226816854 3.36724505561316 3.07746811650437 3.34103623540936 5.47864112404159 5.23590339972115 2.14164782991072
7.99067739373343 7.26009896842598 4.93325203965399 2.65247862965384 1.94997116260374 2.37055237640081 3.01702584866037 4.45117405842162 6.22561599841625 5.93994390025517 4.18821078093889 5.08635067626773 8.83477030040136 11.5275943227987 10.654299132223 8.64317076684879 6.21609180263057 5.36468408808866 6.5242586372105 3.79947100307378 2.56120837810465 2.55366357956289 2.95566250121953 5.2771037735849 7.47695811929572 8.62239730306928 7.5227407687176 3.78125227306068 2.46856972919738 5.30165618029518 3.85857874866831 2.28253424240277 2.23599785177855 1.85050494240174 1.93317208747415 1.99999932887664 2.77602387308598 4.82649197690421 3.06951549019022 3.52220038616998 1.84786288844967 2.59920200909297 3.70732959792455 2.06382047440636 2.24606592917041 2.14098801270909
7.53078742491257 5.44394320212002 5.10058198335898 6.56608398328356 5.83862439268129 3.9875227863054 4.47444665283445 4.90842791092472 2.71794290782378 3.95460727511496 5.95665781789833 5.84475163749757 7.96760883339511 8.49067248075488 5.85482189241963 6.14066308249489 9.07388569458416 10.1807685194961 8.21868758579068 4.97811490852852 4.87831061989731 5.16604575788384 3.46259184196651 2.28061472458122 4.33567345003782 6.12672182053907 6.18183236984622 4.38523880685288 2.83150444336648 3.73331066899366 4.88369152710918 4.84863071971213 5.27284357110419 2.4752599930286 3.38212378816038 4.87842345137641 3.94813224623089 3.02239423746496 2.71028253286266 1.39138619361793 2.97878098905037 4.49957805632097 3.41557679619106 1.86384753480862 2.13882618225176 3.23869936514235
5.24176022688707 2.77896077986026 2.81962415249288 6.45129877736839 9.48458689523364 6.75350280314333 2.61843215368113 3.69506956407325 3.27698502749477 2.2248955261761 4.08722326366305 3.07767526539378 6.39743861664316 6.44364973192075 2.93382905904058 3.73368215031009 8.24509089434784 12.3901083066177 10.3193845589831 8.23772732358086 8.86816253285343 9.44658093205573 6.83895580373516 4.23332295467631 3.22327363393924 2.35627733509027 3.5283654736961 4.37003681950875 2.26376177367081 3.44815571637111 6.79199014207965 9.07799774068987 7.41755523828092 3.69645882047226 2.44453469393617 4.63421920747735 3.72012428752161 3.04730014146949 2.26899090706516 1.63533984788265 3.20091690231501 2.6893614311647 2.36279464829034 1.94081415126058 2.8422590267412 3.26484940403787
5.87983460906792 5.25170662583724 2.93395505551773 5.10413322046424 9.33924727324378 6.77231100877367 2.48169038141554 3.10054058232153 3.66365507443331 3.41689964694055 4.34876511202795 4.56612931704594 6.45992640688199 3.98219664061556 3.68517515756494 6.21450327409137 9.09938927627092 13.3694328867464 13.6538244613627 11.8034955523697 11.7469630755946 12.2928355238858 10.0945171277745 8.36719801618538 6.72685323419841 5.79766775777841 5.84299000702293 6.90321291264549 5.98515887403114 7.30590189881554 9.67520836084525 11.8257431268176 8.35210047118855 4.73175323865993 3.08635977445701 1.94248062345828 2.51476040927278 4.3371891526847 4.39848020394537 2.46662192512182 4.53329002991372 4.27727914089004 2.21033881145418 1.85816604536858 2.19657970764791 2.50420694597199
8.38219721966329 7.26991952598766 4.94327422848527 5.51181155279196 8.419583595575 7.35372171453719 3.7942766345243 2.00453150144976 2.76129864481186 3.76133446534153 1.71895274305523 2.96938893071194 5.54821037048577 4.00792523587187 3.83205338810727 6.96191019081975 9.61306570733274 13.3780301074573 11.7912366653283 8.64380508069706 8.29204461120009 10.3697085609645 12.8886371368426 12.1249936909125 10.2989350170528 9.76061281504363 9.73324152997334 9.79763151455694 9.34915816813554 10.7969433779683 13.0652931907712 11.432674569203 7.64032347715646 5.46602131317305 3.01810022641066 3.91193600144365 5.91505808077358 7.90105844232989 6.57193768350187 3.11455760744349 4.74867858437508 6.607737605502 3.73817976851263 2.94757570133424 2.31295467821556 2.1436368878609
6.18781277113037 5.85709857277624 3.997157488836 2.85946447684433 5.46568332236272 4.46595528736327 3.19783065279827 3.33046265956655 2.4672041764595 3.24092553627966 2.06865449709993 3.1439447050636 3.92269869170173 2.90057237765141 3.22597294227648 3.67188356953714 8.70824972031937 12.1254480568482 9.00736653303299 4.77783149473305 4.08340518353264 7.3074942613813 11.6289275385319 11.767054480704 8.17108733940316 6.99153212437478 8.00209770431453 7.55167722000043 6.71403497826997 9.29443415054921 12.6224588697434 10.1880489584112 6.14981676125578 2.61480512400452 4.89860771423171 7.28482225496063 9.75295670328631 10.838538924272 8.86097931558349 6.72020717628415 7.68785764539306 7.36169822025588 4.28836786914806 3.55037768590592 2.91059072863369 2.92355834319415
3.47683250854753 2.86916714620484 3.58146665973952 3.14695511364709 3.6668678035309 3.62890652880173 5.00990360826523 5.6322587998422 2.71327998556795 2.82188380139897 3.21891927148807 2.92741037089682 3.46572212152665 3.25633354307333 4.39116541654608 5.31008797836222 7.04930644352797 8.60044299635933 8.37772803542853 4.26817027003859 3.22512086765933 6.87000932001377 11.6355588315683 9.98404591854321 6.0170167631241 3.38519192172478 5.51453504914213 4.37841273203933 3.61134180650057 6.9857170733019 11.4745272520691 11.2082449539398 8.01371731482876 5.2894367999339 7.16866657763182 9.99207537035721 9.03952067061818 8.46946550159834 10.1183873728545 11.4763877365987 10.708096837261 6.4019610972285 2.5800809218591 2.46093565406391 3.19358078892216 2.28577320872829
3.68031372454684 3.58495371471338 5.82504952940686 4.10320853093704 2.55704339332784 2.91402581222208 3.34764960675913 3.21352459661709 2.30993193823085 3.41584383725916 2.00194252026321 4.43671003097327 5.27466769668662 6.09644731343862 8.13995448390627 5.57153377601056 3.04502243536649 5.82529255868184 8.98239134681388 7.5010764151 6.8747577790249 9.21978510978438 12.8651118429724 10.2335677012044 6.28099954655997 4.15553118168714 3.40670960022407 4.08681461279626 5.23644932657033 7.66471796843512 11.98032412012 13.4600033782019 11.1863217961404 9.86545809167739 10.6998722202604 9.23921450643099 5.16326625743727 3.73679668068166 6.86037888245521 11.1292192287697 11.9400083779483 8.20290889666253 5.52147827521145 5.68536626583274 6.02752300528259 5.09368675227434
4.0984646442256 2.64300303843402 4.96633409888257 6.912602960134 4.81908216294074 4.08946396524292 4.26905516417226 2.25695717530776 3.06213512828047 3.887832714671 4.04243652756577 3.95978856310175 7.57101059408907 10.198378092587 10.3010526329745 6.46235846244812 4.90393389988659 7.0027489154203 11.1432347255828 11.961754221233 11.4175456857286 13.0952157616645 15.4012580191147 12.3286301429737 9.24264894132532 5.93345655203683 3.74778905439737 4.53707223963065 4.68763814794838 7.58276395949915 11.7649544959723 15.8272479182574 15.9730678805634 15.0059760543842 13.8040343705502 9.16868750234976 5.22731331226313 3.48445083353938 6.60145366734409 10.9658963249822 10.861410750409 6.50105383663696 3.31041927567644 5.32579414510354 9.2550839678305 9.92271821453602
5.02651393722456 5.66622827841091 7.32817443867048 8.98504328682445 5.15518509931638 2.87600684163634 4.65680548186798 2.40685487898575 3.52486055310255 6.3196775726025 4.42032301176621 5.12362846694937 8.29518603916208 8.62338890329958 6.62000299419355 6.41269550543335 7.50019728816346 9.91327348906332 13.167905922509 14.8885656664854 13.6381292163143 13.8236649187396 14.0727973144723 14.0252030991582 12.1721361343861 9.21653061962341 7.44509194154675 3.92995739679238 2.6587531903696 6.47983767391868 11.2816210228135 16.1583362553326 19.9559174080418 19.8353869722712 15.7774452472406 11.3761707637064 8.60276530965801 7.65641227152038 8.75640136801057 9.8863645116502 10.1442879248344 6.74034897993848 3.93179906453119 5.51137679334771 8.698877031363 7.05745459000974
8.16174558553985 9.28046633435981 10.7741137684859 11.07639524877 7.78501940685876 6.52180066732756 6.19593087803388 3.24683761124854 2.93360546727515 4.9068629201603 4.1840338759721 4.90965183291042 6.52949252056849 6.53897628117716 3.00586208322305 2.67007432896689 4.81703987803071 9.42808924623958 12.3552267544784 10.4342550365697 9.005314664471 8.93109878293176 8.98159328248924 9.55252057284264 11.0210434203517 12.7705191718359 10.5438549956712 7.02221978948938 6.18955909032711 8.63533969877324 12.7505723276002 17.4167054585402 21.7540532491014 19.0537124623242 14.5449962473264 11.0213001868529 9.02636175701478 8.56452164570634 6.13986652742204 5.54910094391439 8.02713097309677 9.39275052376003 8.01662347431874 8.91599529092067 8.34566999331632 4.19305147995709
8.44096250040555 6.6519366240669 8.26136442125362 11.2303912660039 10.2455215807786 8.82250345615358 8.08899916538617 6.33538871150423 4.36520895618989 6.20563844873054 7.99472699204543 5.85012769158124 3.28134516878922 5.64172444958904 5.37128665847647 4.22492339616159 5.83646525892846 9.05477241349447 9.55429654441951 6.47705585022048 4.3918850282109 4.45595747410145 4.33523382722196 4.99396029010472 7.63180173772854 10.2748689107187 12.2929824853915 11.243840912855 11.1720572995171 13.0369379071691 16.0600016100188 20.2235024623495 22.0426927750701 16.8707229817416 12.1564660501621 7.75450932159398 4.8941059161451 5.27653030881893 3.70873471393444 1.98419749110795 6.16586269546023 10.8097043678034 12.3456633678743 12.3826677218689 9.42605011808391 5.68568357426681
6.12081961431339 2.85697448293072 5.22380951427928 9.43924147956579 7.49249306207995 4.86844878255564 4.94899848651991 5.51150186245604 6.36912238568095 7.00621415032829 7.1054340887403 4.90031219782719 2.46550902352381 5.73505127885416 7.76921744679643 7.96176068230052 8.83028478849206 7.38051182907817 5.96783515423928 5.86105747114392 2.89391883971054 3.04907954912947 2.3229304497671 2.91161229426593 4.80940579725367 6.50201574076324 9.05944963027313 8.23075568578934 9.41161501132242 12.6090043425075 17.0830861179241 21.7509552314987 22.8042371235107 16.305360400395 11.1823058347646 6.70774620194861 2.79324366988207 3.73501799722774 3.86866849774131 1.48738996634639 4.86024162481861 7.57278813247099 8.86068575792095 9.6461183098616 8.81527034183017 8.62980823238589
6.85258781756011 4.14084314850956 5.69656958575799 6.89648957733968 4.7566327348796 1.84690656837057 1.78962108594561 2.21727160220671 2.81037279089875 3.3659346074031 3.32249203821409 3.17496407900224 4.0305526540026 5.26271142978315 4.24929535892885 7.24303415648318 9.17915809591048 5.11189295838724 3.15373472943259 6.88906446179985 6.86363886811305 6.45250632428336 5.64852315382305 5.70547273983954 3.17041435594333 4.74517821352049 6.47394454866033 4.45970534414301 6.63180115220444 10.6334590151555 15.1844442786113 20.2374467581166 21.9253033718442 17.4070084681225 12.7104396887908 8.41544427567101 5.23584112546377 4.81402197190375 2.64322611410563 2.36550134080792 4.129230997028 3.49538033328271 4.45098189675019 5.39130759962594 3.64646671106202 6.05008250570613
7.55693474262411 7.19614634899737 7.50233803972874 4.1458614609341 2.07110056580524 2.06549503673237 3.28885006180066 3.19769640253646 1.90236832896201 1.96014316343203 2.40403965224438 3.5408767033543 6.01100513206758 5.18500032646958 3.27028067543776 6.40469875817453 9.69733443018151 7.1395123851063 5.94280820213112 8.59732497079684 10.9913707621388 10.9166030857134 9.34019277142135 6.75703891225755 3.31408628583441 4.24978503340924 6.45497223312379 4.1210671861716 6.27175375447271 10.6562946437322 15.1362708143067 18.4849945813727 18.4039736524939 17.3786967917712 13.0819545065133 8.81661034954665 5.19142207535028 3.26503681880215 3.39479185896667 3.25978725279899 3.062082720293 2.10032189470726 2.84557407409074 4.89619361377291 2.59282961502183 2.44418159832662
3.54184857884199 4.15245535375139 5.06922251569988 3.52698135352025 1.789224392795 4.38842145347573 6.34777430607677 7.10345485743017 4.32276000458419 4.48886018909256 6.46692038793164 7.82118308281851 9.25903611343469 8.26790355156497 7.34092839785634 8.94397525854096 12.3412687472382 11.3335578722306 9.94310554560899 11.1887407254535 13.2729924305677 10.44645193597 7.03956657354115 5.45571823253924 6.19916695506618 7.12229430665124 9.34289843776209 8.1272136628077 9.01216745363729 13.0654962761485 15.1805903422012 14.0378210482536 13.6727648664929 14.5633631102356 13.9990637368291 10.6400373596979 7.36326739153175 6.70173258264926 7.23687612491654 6.95914905253467 4.22766680163514 4.35205598338237 5.76375208836125 4.91074489268275 4.24237142697793 1.57986573282287
2.23401520720792 2.10426156845063 1.93489186446541 2.55980787499308 1.31308788235631 3.7848756830671 8.38550625907302 7.46823558242439 3.45743951254897 3.51189455303309 7.49624756136912 11.394667448519 13.7252242163517 12.6987619026848 12.0818637995116 13.2663938602674 15.9737859190669 15.6585642748349 14.9701955789725 16.1788023316347 14.2086774443222 9.87387229946063 5.3223773051528 2.71689273618334 5.98885257111991 10.2800482914579 10.7317844972063 11.1114418957848 12.0037826431542 11.6589878571004 11.0210814741435 9.40111896793308 8.78096102940576 10.4449495361284 13.5887274992561 13.9345039284821 11.3190266729771 10.2921582644164 11.4494788509469 10.6939016050307 8.19570717886296 8.03832089779311 6.70339282840148 2.89507394862417 2.17099302973578 1.92454670977905
