0.100396 0.0134255 9.9991E-05 0.787972 0.00326772 0.0948387
0.0803391 9.9991E-05 0.160751 0.671555 0.0279048 0.0593506
0.104716 9.9982E-05 9.9982E-05 0.759042 0.00553061 0.130511
0.196242 9.9973E-05 0.11683 0.686628 9.9973E-05 9.9973E-05
9.9973E-05 0.0565943 0.0631369 0.879969 9.9973E-05 9.9973E-05
0.137088 9.9973E-05 0.235272 0.627339 9.9973E-05 9.9973E-05
0.171427 9.9973E-05 0.397128 0.431145 9.9973E-05 9.9973E-05
0.157676 9.9982E-05 0.321212 0.503946 0.016966 9.9982E-05
9.999E-05 0.0664122 0.617782 0.144755 0.019499 0.151452
0.163114 0.00328115 0.292087 0.318483 0.0501102 0.172924
0.401314 0.0758643 0.325744 0.112371 0.0566996 0.0280067
0.137954 0.0165722 0.414913 0.196724 0.0265736 0.207263
0.718164 0.0309203 0.193643 9.9991E-05 0.0320107 0.0251616
0.0669964 0.0950031 0.668698 0.02148 9.9991E-05 0.147722
9.9991E-05 0.0437402 0.343273 0.405583 0.0400405 0.167263
0.125748 9.9991E-05 0.623208 0.165387 0.00521465 0.0803428
9.9982E-05 0.0328483 0.655158 0.151329 9.9982E-05 0.160465
9.9973E-05 9.9973E-05 0.376682 0.597865 0.0251534 9.9973E-05
0.199819 0.088311 0.0318082 0.0644189 0.0585357 0.557108
0.0628714 9.9973E-05 0.259986 9.9973E-05 9.9973E-05 0.676842
0.0411787 9.9991E-05 0.111958 0.158246 0.0156009 0.672917
0.119745 0.0264136 9.9991E-05 0.0585763 0.0134722 0.781693
0.0482756 0.00670398 0.00280834 9.9991E-05 0.0521751 0.889937
9.999E-05 0.00884141 0.0384657 0.151481 0.0599138 0.741198
0.10711 9.9982E-05 0.122992 0.18367 9.9982E-05 0.586027
9.9973E-05 9.9973E-05 9.9973E-05 0.120855 0.00585602 0.872989
0.0325257 0.0710287 9.9991E-05 0.000279395 0.0318683 0.864198
9.9982E-05 0.0236267 0.139812 9.9982E-05 0.0356662 0.800695
9.9973E-05 0.015021 9.9973E-05 0.156358 9.9973E-05 0.828321
0.0978571 0.0605705 9.9982E-05 0.0835473 9.9982E-05 0.757825
9.9982E-05 0.0251102 0.121227 9.9982E-05 0.00896597 0.844497
9.999E-05 0.0198739 0.148388 0.0204631 0.0197528 0.791422
9.9973E-05 9.9973E-05 0.133419 9.9973E-05 0.0757485 0.790533
0.218152 9.9991E-05 0.277197 0.309641 0.0811983 0.113712
9.9973E-05 9.9973E-05 0.254921 0.565212 9.9973E-05 0.179567
9.9982E-05 0.0874977 0.214433 0.581049 9.9982E-05 0.116821
0.211207 9.9991E-05 0.0119835 0.693173 0.0308321 0.0527039
0.174932 0.083555 0.262734 0.307538 9.9991E-05 0.17114
9.996E-05 9.996E-05 9.996E-05 9.996E-05 0.9995 9.996E-05
0.221761 9.9982E-05 9.9982E-05 0.0443571 0.0239359 0.709746
9.9982E-05 0.13836 0.0490375 0.696206 9.9982E-05 0.116197
0.114319 9.9991E-05 0.312626 0.469635 0.00097394 0.102346
0.304487 0.0671752 0.236075 0.0959435 0.0120003 0.284319
0.575598 0.11411 0.148891 0.033538 0.0413482 0.0865149
0.917086 9.9982E-05 9.9982E-05 0.0448095 0.0163277 0.0215769
9.996E-05 9.996E-05 9.996E-05 9.996E-05 0.9995 9.996E-05
0.248381 9.9991E-05 0.31115 0.187833 0.0574158 0.19512
0.350732 0.0775918 0.360266 0.0546345 9.9991E-05 0.156675
0.0658793 0.0841828 0.29175 0.141748 0.0325202 0.383919
0.201001 0.724166 0.0243213 0.0218639 0.0285474 9.9991E-05
0.149448 0.770832 0.053913 9.9982E-05 0.0256065 9.9982E-05
0.0443831 0.796022 9.9982E-05 0.147521 9.9982E-05 0.0118742
0.264346 0.681126 9.9982E-05 9.9982E-05 0.0503434 0.00398463
9.9982E-05 0.823027 0.102818 9.9982E-05 0.0530483 0.0209067
9.9973E-05 0.78845 0.168724 9.9973E-05 9.9973E-05 0.0425259
9.9964E-05 0.676925 0.322675 9.9964E-05 9.9964E-05 9.9964E-05
0.0116423 0.7576 0.207442 9.9982E-05 0.0231162 9.9982E-05
0.0706679 0.81318 9.9982E-05 9.9982E-05 0.0229779 0.0929743
0.148733 0.711691 0.0118617 0.0682768 0.0593382 9.9991E-05
0.297082 0.524276 9.9982E-05 0.149985 0.028457 9.9982E-05
0.0753213 0.770563 9.9973E-05 9.9973E-05 9.9973E-05 0.153816
0.262993 0.633909 9.9991E-05 0.0689223 0.00203552 0.03204
0.600352 0.266468 9.9991E-05 0.0354376 0.0690922 0.0285499
0.0559105 0.0242057 0.0647238 0.100213 0.0277343 0.727212
0.0324518 0.00969022 9.9991E-05 0.198788 0.0328603 0.726109
9.9973E-05 9.9973E-05 9.9973E-05 0.192484 0.00844189 0.798774
0.0753582 0.716024 0.134484 0.0659126 0.00812183 9.9991E-05
0.311948 0.521473 9.9982E-05 0.104553 0.0618259 9.9982E-05
0.0415136 0.72633 0.0787201 0.0744338 0.0180138 0.0609885
0.165107 0.684513 0.0671037 9.9991E-05 0.0534796 0.0296966
9.9973E-05 0.782829 9.9973E-05 0.166498 0.0503733 9.9973E-05
0.539822 0.145119 0.209402 0.100157 0.00540006 9.9991E-05
0.703945 0.0220696 0.261368 9.9982E-05 9.9982E-05 0.0124177
0.679318 0.114118 0.177804 9.9982E-05 9.9982E-05 0.02856
0.952846 9.9982E-05 0.0100828 9.9982E-05 0.0111985 0.0256723
0.860549 9.9982E-05 0.0163888 9.9982E-05 0.0285623 0.0943002
0.9438 9.9973E-05 0.030549 9.9973E-05 0.025351 9.9973E-05
0.614999 0.0406867 0.0805189 0.137052 0.0162895 0.110454
0.0215432 0.679679 0.298477 9.9973E-05 9.9973E-05 9.9973E-05
0.444468 0.310299 9.9982E-05 0.104657 0.140376 9.9982E-05
0.225683 0.678846 9.9991E-05 0.0121218 0.0254551 0.0577937
0.0912756 0.732426 0.0314512 9.9991E-05 0.0497915 0.0949555
9.9973E-05 0.655115 0.313588 9.9973E-05 0.0309968 9.9973E-05
0.0935233 0.0251758 0.152227 9.9991E-05 0.0285516 0.700422
0.492062 0.277011 0.154277 9.9982E-05 9.9982E-05 0.0764496
0.786549 0.071068 0.142083 9.9973E-05 9.9973E-05 9.9973E-05
9.996E-05 9.996E-05 9.996E-05 9.996E-05 0.9995 9.996E-05
0.162128 9.9982E-05 0.118193 0.539078 9.9982E-05 0.180401
0.0741473 9.9991E-05 0.0587002 0.733338 0.0375434 0.0961711
0.178798 9.9991E-05 0.552783 0.110097 0.0489083 0.109314
0.0240358 0.11354 0.55856 9.9991E-05 0.0468751 0.256889
0.0243445 0.0676803 0.335747 0.504424 9.9991E-05 0.0677041
0.825413 0.113275 0.0610126 9.9973E-05 9.9973E-05 9.9973E-05
0.196761 9.9982E-05 9.9982E-05 0.259491 0.0454877 0.498061
0.602283 0.156882 9.9982E-05 0.177855 0.0627805 9.9982E-05
0.480381 0.017777 0.156169 0.0710618 0.0192891 0.255322
9.9973E-05 9.9973E-05 0.378475 0.467559 9.9973E-05 0.153666
0.255613 9.9982E-05 0.272459 0.39297 9.9982E-05 0.0787588
0.188941 9.9982E-05 0.391766 0.280951 9.9982E-05 0.138142
0.000629874 0.0386502 0.953127 9.9982E-05 0.00739252 9.9982E-05
0.393699 9.9973E-05 0.25354 0.352461 9.9973E-05 9.9973E-05
0.00918728 9.9982E-05 0.928488 9.9982E-05 0.0111509 0.0509734
0.609921 0.217193 9.9991E-05 0.118675 0.00759656 0.0465141
0.567795 0.128946 0.0735299 0.0398906 0.0928418 0.0969968
0.689728 0.138354 0.0153485 0.0593464 0.0971229 9.9991E-05
0.567322 9.9973E-05 0.223882 9.9973E-05 9.9973E-05 0.208496
0.462451 0.0880849 0.324707 9.9982E-05 9.9982E-05 0.124557
9.9982E-05 0.0533083 0.336417 0.196361 9.9982E-05 0.413714
9.9991E-05 0.77045 0.117626 0.0911397 0.0161883 0.00449547
0.157533 0.706831 0.037148 0.0394188 0.0232383 0.0358311
0.623878 0.12555 9.9982E-05 0.155518 9.9982E-05 0.0948541
0.473025 0.1649 0.280019 9.9991E-05 0.00904204 0.0729128
0.558557 0.0944462 9.9991E-05 0.125436 0.0394368 0.182024
0.246491 9.9973E-05 0.00281107 9.9973E-05 9.9973E-05 0.750398
0.214962 0.643102 9.9982E-05 9.9982E-05 0.0541954 0.0875411
0.235661 0.63824 0.0832813 9.9982E-05 9.9982E-05 0.0426172
0.446793 0.444403 0.0624878 0.046116 9.9982E-05 9.9982E-05
9.9982E-05 0.0736113 9.9982E-05 0.43001 0.0365407 0.459638
9.9973E-05 0.019513 9.9973E-05 0.778659 9.9973E-05 0.201528
0.141103 0.0388574 0.215123 0.585985 0.0188319 9.9991E-05
0.0494547 0.0984465 0.0963056 0.746633 0.00906071 9.9991E-05
0.0298151 9.9982E-05 0.0864396 0.531261 9.9982E-05 0.352284
0.113493 0.00139011 0.131845 0.595043 0.0222621 0.135967
0.0305779 0.0487952 0.0199892 0.865507 9.9991E-05 0.0350306
9.9982E-05 0.069826 0.0851653 0.835804 0.00900506 9.9982E-05
0.163491 9.9982E-05 0.155285 0.338375 9.9982E-05 0.342649
9.9973E-05 9.9973E-05 0.850632 0.120314 9.9973E-05 0.0287541
9.9973E-05 9.9973E-05 0.829209 9.9973E-05 0.0325147 0.137976
0.000159486 9.9991E-05 0.896481 0.0477195 0.0293857 0.0261548
0.129633 0.0667941 0.224199 0.343109 9.9991E-05 0.236165
0.0175093 0.00219193 0.703657 0.198632 0.0779099 9.9991E-05
0.133562 9.9982E-05 0.64268 9.9982E-05 0.00254906 0.221009
0.112458 9.9973E-05 0.124467 0.762775 9.9973E-05 9.9973E-05
0.100421 9.9973E-05 0.0940381 9.9973E-05 9.9973E-05 0.805241
9.9964E-05 9.9964E-05 9.9964E-05 0.18387 9.9964E-05 0.81573
9.9973E-05 9.9973E-05 0.115648 9.9973E-05 0.0325628 0.851489
0.0812943 0.00596154 0.074676 0.0611265 0.00669148 0.77025
0.0284256 0.0361978 9.9991E-05 0.115906 0.027615 0.791755
0.173404 0.064584 0.0882956 0.655625 0.0179912 9.9991E-05
0.225839 9.9991E-05 0.0734469 0.570904 0.0348107 0.0948989
0.0520317 0.92251 9.9973E-05 0.0251588 9.9973E-05 9.9973E-05
9.9991E-05 0.759854 0.158081 0.0181142 0.0466321 0.0172188
9.9982E-05 0.864236 0.103859 0.0148238 9.9982E-05 0.0168807
0.246598 0.61318 0.0335928 0.0754071 9.9991E-05 0.0311222
0.0880165 0.823224 9.9982E-05 0.0592512 0.0293085 9.9982E-05
0.00801885 0.787416 0.0409673 9.9991E-05 0.00586296 0.157634
0.0483317 0.833349 9.9982E-05 0.0986151 0.019504 9.9982E-05
0.0353028 0.776746 9.9982E-05 0.0874783 9.9982E-05 0.100273
9.9973E-05 0.79716 9.9973E-05 0.0992617 9.9973E-05 0.103279
0.0176448 0.832264 9.9982E-05 0.0653981 9.9982E-05 0.0844935
0.0736514 0.777554 0.0940806 0.0174514 0.0371629 9.9991E-05
0.0221304 0.723693 0.0428436 0.13221 0.0220747 0.0570485
9.9982E-05 0.76283 0.00655356 0.192381 9.9982E-05 0.0380351
9.9991E-05 0.853813 0.023955 0.0616486 0.00903494 0.0514483
0.12045 0.752126 9.9982E-05 0.0962025 0.0310221 9.9982E-05
9.9973E-05 0.83785 9.9973E-05 0.147582 0.0142677 9.9973E-05
9.9991E-05 0.811569 0.12373 0.0126954 0.0119434 0.039962
0.763069 0.0929272 9.9973E-05 0.143704 9.9973E-05 9.9973E-05
0.83647 9.9973E-05 0.0917883 0.0714423 9.9973E-05 9.9973E-05
0.0529591 0.843888 0.0277469 0.0752057 9.9982E-05 9.9982E-05
9.9982E-05 0.707476 0.121438 0.135042 0.0358441 9.9982E-05
0.196286 0.772463 9.9982E-05 9.9982E-05 0.0189595 0.0120915
0.79456 0.0359644 0.128659 0.0406166 9.9982E-05 9.9982E-05
0.0782243 0.012162 9.9982E-05 0.891799 0.0176152 9.9982E-05
9.9982E-05 9.9982E-05 0.130725 0.726782 0.0208263 0.121466
0.183821 9.9973E-05 9.9973E-05 0.417778 9.9973E-05 0.398101
0.104098 9.9982E-05 0.111143 0.208374 9.9982E-05 0.576186
0.154321 9.9982E-05 0.0482756 0.0247169 9.9982E-05 0.772486
0.0497598 0.0221052 0.0432545 0.0693727 0.00762653 0.807881
0.0535176 9.9991E-05 0.0651052 0.142891 0.0102542 0.728132
0.17088 9.9982E-05 0.136562 9.9982E-05 0.00198767 0.69037
0.197206 0.0355817 0.0597336 9.9991E-05 0.0221163 0.685262
9.9982E-05 0.0408871 9.9982E-05 0.212905 0.0537097 0.692298
0.0478269 9.9982E-05 9.9982E-05 0.862354 0.0137711 0.0758481
0.130574 0.0341916 0.0208538 0.727735 0.0567653 0.0298795
0.0384981 0.0379106 0.542332 0.337226 0.0439334 9.9991E-05
0.16089 9.9973E-05 0.580125 0.258685 9.9973E-05 9.9973E-05
0.0455519 9.9982E-05 0.669158 0.273104 0.0119869 9.9982E-05
0.241373 0.00999122 0.554459 0.193976 9.9982E-05 9.9982E-05
0.0620075 9.9991E-05 0.50132 0.227663 0.0123429 0.196567
0.0825162 0.0333527 0.7087 9.9991E-05 0.014739 0.160592
0.0061486 0.0102411 0.853041 9.9991E-05 0.0304541 0.100015
0.0628451 0.0161883 0.685733 0.0995599 9.9991E-05 0.135574
9.9982E-05 0.0299802 0.861158 9.9982E-05 0.0269414 0.0817204
9.9991E-05 0.115582 0.118159 0.0168783 0.13229 0.616991
0.195277 0.719978 0.0663104 9.9991E-05 0.0141699 0.00416484
0.0247493 0.743877 0.068148 9.9991E-05 0.0393494 0.123776
0.0795205 0.812901 0.0952609 9.9991E-05 0.00751815 0.00469967
0.0737383 0.694661 0.117203 0.0714308 0.0196871 0.0232799
9.9982E-05 0.761016 9.9982E-05 0.140566 0.0244193 0.0737991
9.9982E-05 0.129576 0.56775 9.9982E-05 0.0185146 0.28396
0.0334305 0.00381082 0.389042 0.279973 0.0179753 0.275769
9.9982E-05 9.9982E-05 0.784208 0.127772 0.0373103 0.0505095
0.120421 9.9991E-05 0.348185 0.246989 0.0546436 0.229661
