0.16561 0.0156619 0.126933 0.691695 9.9991E-05
0.0825202 0.0232093 0.167869 0.726301 9.9991E-05
0.106776 0.0264898 0.227851 0.630584 0.00829879
0.207886 0.0356469 0.0154824 0.733831 0.007154
9.9982E-05 0.00904987 9.9982E-05 0.92247 0.0682799
0.091686 9.9982E-05 9.9982E-05 0.834042 0.0740722
0.203286 9.9991E-05 0.0255041 0.747364 0.0237454
0.208989 0.0426512 9.9982E-05 0.74816 9.9982E-05
0.0125655 0.00651363 0.238113 0.639776 0.103032
0.29707 0.0290546 0.241055 0.432719 9.9991E-05
0.495141 0.0594294 0.100512 0.287259 0.0576583
0.127368 0.00542845 0.248801 0.532499 0.0859042
0.797658 0.0340366 0.0744242 9.9991E-05 0.0937814
0.165418 0.00126788 0.289637 0.466857 0.0768204
9.999E-05 0.0333487 0.204549 0.67674 0.0852615
0.206061 0.0173913 0.127288 0.649159 9.9991E-05
0.0305898 9.9991E-05 0.221023 0.696456 0.0518314
9.999E-05 0.0278126 0.130678 0.828088 0.0133214
0.171015 0.0680851 0.524988 0.117961 0.11795
0.156524 0.00131191 0.748612 0.0934517 9.9991E-05
9.999E-05 0.00966616 0.721599 0.249859 0.0187754
0.0996981 0.0085865 0.847542 9.9991E-05 0.0440731
0.00545702 0.0647949 0.921631 9.9991E-05 0.0080169
9.999E-05 0.0422923 0.818249 0.114541 0.0248176
0.125952 9.9982E-05 0.691671 0.182177 9.9982E-05
9.9982E-05 0.019498 0.922891 0.0574107 9.9982E-05
0.0326274 0.0451634 0.864177 9.9991E-05 0.0579325
9.9982E-05 0.0317403 0.906541 9.9982E-05 0.0615185
9.9982E-05 9.9982E-05 0.893429 0.0546128 0.0517582
9.9991E-05 0.00651139 0.844946 0.0255132 0.122929
9.9973E-05 9.9973E-05 0.939029 9.9973E-05 0.060671
9.9991E-05 0.0473105 0.856808 0.0575103 0.0382716
0.0704853 0.0729983 0.829689 0.0267275 9.9991E-05
0.252439 0.085746 0.144727 0.516988 9.9991E-05
9.9982E-05 9.9982E-05 0.276034 0.659221 0.0645457
0.0289083 0.0151296 0.0979408 0.758465 0.0995559
0.24354 0.035443 9.9982E-05 0.720817 9.9982E-05
0.264867 0.0286745 0.0985726 0.531488 0.0763975
9.997E-05 0.9996 9.997E-05 9.997E-05 9.997E-05
0.24696 0.0177225 0.735118 9.9982E-05 9.9982E-05
9.9991E-05 0.00354048 0.179632 0.676016 0.140712
0.148775 9.9982E-05 0.155729 0.695296 9.9982E-05
0.21547 0.0235546 0.303783 0.314954 0.142238
0.697862 0.0632163 0.116626 0.0615737 0.060722
0.948187 0.00553079 0.0460822 9.9982E-05 9.9982E-05
9.997E-05 0.9996 9.997E-05 9.997E-05 9.997E-05
0.288246 0.0809747 0.22008 0.381953 0.0287465
0.521921 9.9991E-05 0.102028 0.295633 0.0803172
0.164519 0.0416755 0.305316 0.38105 0.107438
0.128966 0.0296365 0.0616535 0.0127788 0.766965
0.14831 0.0164278 0.024387 0.00674552 0.80413
9.9973E-05 9.9973E-05 9.9973E-05 0.185851 0.813849
0.196293 0.0581172 0.00670924 0.0356058 0.703275
9.9991E-05 0.0683295 0.0811432 0.0231513 0.827276
9.9982E-05 9.9982E-05 0.0750363 0.046283 0.878481
9.9973E-05 9.9973E-05 9.9973E-05 0.247881 0.751819
0.193728 0.0378248 0.00706301 9.9991E-05 0.761284
9.9982E-05 0.0478273 0.108024 9.9982E-05 0.843948
0.116599 0.0363302 9.9991E-05 0.0496528 0.797318
0.250966 0.0192109 9.9991E-05 0.117246 0.612477
0.14086 9.9982E-05 0.0381915 9.9982E-05 0.820749
0.189578 0.00522534 0.0946097 0.0488452 0.661741
0.584557 0.0433825 0.025801 0.0114076 0.334852
0.0355149 0.032804 0.834596 0.0646371 0.0324475
0.0171406 0.0265156 0.796383 0.122293 0.0376675
9.9982E-05 0.0225953 0.896507 0.0806978 9.9982E-05
0.108878 0.0121601 0.0913979 0.0719617 0.715603
0.395925 0.0768249 9.9991E-05 0.0189795 0.50817
0.157839 0.0299432 0.0724968 0.0259796 0.713742
0.282114 0.050451 0.00161216 9.9991E-05 0.665723
9.9991E-05 0.0572352 0.0130151 0.0885631 0.841087
0.660342 0.031101 9.9991E-05 0.193495 0.114962
0.683239 0.0120204 0.0446341 0.191704 0.0684022
0.768353 9.9982E-05 9.9982E-05 0.130255 0.101191
0.968408 0.0312925 9.9973E-05 9.9973E-05 9.9973E-05
0.878549 0.0337785 0.0874726 9.9982E-05 9.9982E-05
0.976584 0.0231157 9.9973E-05 9.9973E-05 9.9973E-05
0.747578 0.0345552 0.0574486 0.158745 0.00167359
0.331989 9.9982E-05 9.9982E-05 0.00346249 0.664349
0.236877 0.138499 0.0424262 0.14622 0.435978
0.169803 0.0295611 0.0466686 0.00012127 0.753846
0.0159885 0.0636482 0.125341 9.9991E-05 0.794923
0.0768523 0.018489 9.9991E-05 0.153171 0.751388
0.134421 0.0394223 0.744695 0.031659 0.0498024
0.464928 9.9991E-05 0.171002 0.0719966 0.291973
0.883323 9.9973E-05 9.9973E-05 9.9973E-05 0.116377
9.997E-05 0.9996 9.997E-05 9.997E-05 9.997E-05
0.11873 9.9982E-05 0.192678 0.688392 9.9982E-05
0.144873 0.0228985 0.112928 0.719201 9.9991E-05
0.270373 0.0376714 0.206278 0.485577 9.9991E-05
0.286355 0.0408028 0.274547 0.342927 0.0553687
9.9982E-05 9.9982E-05 0.0914389 0.82734 0.0810216
0.847559 9.9973E-05 9.9973E-05 9.9973E-05 0.152141
0.209615 0.0477375 0.582257 0.16029 9.9991E-05
0.733364 0.06188 9.9991E-05 0.0343901 0.170266
0.358372 0.0131595 0.29515 0.267789 0.0655289
9.9991E-05 0.010886 0.228629 0.713371 0.0470132
0.264345 9.9982E-05 0.0939263 0.641528 9.9982E-05
0.34387 9.9982E-05 0.194594 0.461336 9.9982E-05
0.276919 0.0105194 0.0424802 0.641953 0.0281281
0.343837 0.00300154 0.0344816 0.61858 9.9991E-05
0.297448 0.00813395 0.0766271 0.617691 9.9991E-05
0.658049 0.015573 0.0768414 0.0416729 0.207864
0.558048 0.0673606 0.0973241 0.0791592 0.198108
0.668686 0.0588077 9.9991E-05 0.0923867 0.18002
0.629858 9.9982E-05 0.282694 0.0872486 9.9982E-05
0.473318 9.9991E-05 0.175046 0.265225 0.0863112
9.9982E-05 9.9982E-05 0.427544 0.467626 0.104629
9.9991E-05 0.0117549 0.0398151 0.175328 0.773002
0.208369 0.0165031 0.0451938 0.0209048 0.709029
0.660436 9.9991E-05 0.192462 0.00956896 0.137433
0.400609 0.0288802 0.107415 0.255243 0.207853
0.496283 0.0569999 0.26869 0.0318089 0.146218
0.272644 9.9973E-05 0.727056 9.9973E-05 9.9973E-05
0.322485 0.0516611 0.029971 9.9991E-05 0.595783
0.248849 9.9991E-05 0.0342103 0.0402766 0.676565
0.361458 9.9982E-05 9.9982E-05 0.135805 0.502537
0.0376246 0.0594159 0.471265 0.374829 0.056866
0.0271899 0.00305759 0.260013 0.665466 0.0442735
0.074258 0.0187223 0.0100061 0.824067 0.0729467
0.0828567 9.9991E-05 0.0735607 0.745905 0.0975773
0.0123594 9.9991E-05 0.385431 0.590511 0.0115992
0.12752 0.0373211 0.156457 0.678603 9.9991E-05
0.0406575 9.9991E-05 0.147377 0.738694 0.0731717
9.9982E-05 9.9982E-05 0.000873495 0.91704 0.0818869
0.101196 9.9991E-05 0.40787 0.478879 0.0119553
0.0817333 0.00984924 0.175475 0.710917 0.0220256
0.144261 0.0596509 0.135235 0.660753 9.9991E-05
0.200039 0.00502729 0.0867978 0.708036 9.9991E-05
0.185142 9.9991E-05 0.288134 0.450162 0.0764623
0.150383 0.0247598 0.0304346 0.74899 0.0454323
0.264764 0.0135332 0.288124 0.433479 9.9991E-05
0.121839 9.9991E-05 0.0571922 0.796164 0.024704
0.142921 9.9973E-05 0.856779 9.9973E-05 9.9973E-05
0.08646 9.9973E-05 0.91324 9.9973E-05 9.9973E-05
9.9982E-05 0.0272463 0.922208 0.0503456 9.9982E-05
0.0656062 0.00610756 0.814105 0.0564802 0.0577013
0.0833653 0.0197026 0.871359 0.00128596 0.0242874
0.244484 9.9982E-05 9.9982E-05 0.65825 0.0970657
0.159313 0.0141392 0.156036 0.670412 9.9991E-05
0.0776583 9.9973E-05 9.9973E-05 9.9973E-05 0.922042
0.0129187 0.0364139 0.0621247 0.0854138 0.803129
0.0247204 0.0141552 0.0478089 0.0609266 0.852389
0.264029 9.9991E-05 0.0236176 0.0776964 0.634556
9.9982E-05 0.0565413 9.9982E-05 0.0937397 0.849519
9.9982E-05 0.00560188 0.193115 9.9982E-05 0.801084
0.0982071 0.00170681 9.9991E-05 0.0299506 0.870035
0.0608525 9.9982E-05 0.112279 9.9982E-05 0.826668
0.0546959 9.9982E-05 0.0927915 9.9982E-05 0.852313
0.0618508 0.0169293 0.0991121 9.9991E-05 0.822008
0.134994 0.0452622 9.9991E-05 0.0533423 0.766301
0.0679846 0.0395095 0.0408418 0.0557868 0.795877
0.0618479 0.0325249 0.0381819 0.0755207 0.791925
9.9991E-05 0.00776324 0.0761392 0.0623773 0.85362
0.0350225 0.0364475 9.9991E-05 0.0614081 0.867022
9.9982E-05 0.0187986 9.9982E-05 0.0917588 0.889243
0.0161576 0.0189965 0.1146 0.00203612 0.84821
0.790323 9.9991E-05 0.0658437 0.0295569 0.114176
0.929853 9.9973E-05 9.9973E-05 0.0698472 9.9973E-05
0.120213 9.9982E-05 9.9982E-05 0.0194052 0.860182
0.0723056 0.0227807 9.9991E-05 0.239657 0.665157
0.159652 0.0239772 0.00221866 9.9991E-05 0.814052
0.737676 0.0157193 9.9991E-05 0.135308 0.111196
0.02737 0.0303355 0.00689326 0.914032 0.0213691
9.9991E-05 0.0303101 0.194356 0.767597 0.00763642
0.172672 9.9991E-05 0.540821 0.254373 0.0320342
0.112253 0.00807167 0.665974 0.213601 9.9991E-05
0.119367 0.00250126 0.75754 0.0828945 0.0376973
0.0444181 0.00503265 0.903845 0.0138161 0.0328886
0.0653164 0.0258546 0.740214 0.168515 9.9991E-05
0.0989079 0.0336145 0.75222 0.115158 9.9991E-05
0.179594 0.0155791 0.750133 9.9991E-05 0.0545942
9.9991E-05 0.0730584 0.764102 0.0823549 0.0803846
0.0739611 0.00445365 0.136894 0.784591 9.9991E-05
0.0423077 0.0639287 0.0654575 0.749836 0.0784703
0.221733 0.0501573 9.9982E-05 0.72791 9.9982E-05
0.273388 9.99731E-05 9.99731E-05 0.726312 9.99731E-05
0.162194 0.00779487 9.9982E-05 0.829811 9.9982E-05
0.37578 9.9991E-05 0.00828915 0.603476 0.0123546
0.224364 9.9982E-05 0.220981 0.554455 9.9982E-05
0.141202 0.0227859 0.21736 0.541405 0.0772473
0.186232 0.0385814 0.0677724 0.690786 0.0166279
0.138668 0.025155 0.185447 0.614784 0.0359463
0.0472635 0.0206954 0.0756643 0.767718 0.0886585
0.0161104 0.135477 0.605955 0.148855 0.0936028
0.210079 0.0128329 0.0243916 0.00411863 0.748578
0.0520152 0.0333084 0.109499 9.9991E-05 0.805077
0.190838 9.9973E-05 9.9973E-05 9.9973E-05 0.808862
0.178414 0.017714 0.061902 0.0532052 0.688765
9.9991E-05 0.0247028 0.0189317 0.131011 0.825255
0.111721 0.0294431 0.297422 0.434978 0.126437
0.0951754 0.0337646 0.29969 0.547373 0.0239972
9.9991E-05 0.053442 0.16967 0.760903 0.0158846
0.252976 0.0767016 0.252815 0.417407 9.9991E-05
