0.151463 0.847861 0.00067681
0.160474 0.839426 9.9991E-05
0.226953 0.754834 0.0182128
0.112615 0.856762 0.0306232
0.00978712 0.964393 0.0258195
9.999E-05 0.967384 0.0325158
0.0938379 0.887995 0.0181667
0.058592 0.937014 0.00439409
0.206477 0.736993 0.0565301
0.275894 0.685679 0.0384272
0.158624 0.636738 0.204638
0.262493 0.672435 0.065072
0.127571 0.572739 0.29969
0.327575 0.578075 0.0943492
0.276188 0.660214 0.0635981
0.131763 0.85969 0.00854753
0.228802 0.771098 9.9991E-05
0.146983 0.852917 9.9991E-05
0.615513 0.163066 0.221421
0.815595 0.172796 0.0116083
0.80106 0.19884 9.9991E-05
0.872003 0.088859 0.0391384
0.999098 9.9991E-05 0.000802344
0.921254 0.0329096 0.0458364
0.745891 0.254009 9.9991E-05
0.9998 9.999E-05 9.999E-05
0.941354 9.9991E-05 0.0585464
0.909501 9.9991E-05 0.0903985
0.9998 9.999E-05 9.999E-05
0.908663 0.0100044 0.0813327
0.947994 9.99913E-05 0.0519057
0.917829 0.0201881 0.0619831
0.985097 9.9991E-05 0.0148035
0.291437 0.676925 0.0316385
0.331926 0.643451 0.0246227
0.118375 0.8471 0.0345259
0.0795125 0.869403 0.051084
0.1956 0.654705 0.149696
0.637322 9.9991E-05 0.362578
0.899366 0.0212776 0.079356
0.190506 0.709239 0.100255
0.211412 0.788488 9.9991E-05
0.411097 0.42622 0.162683
0.203767 0.457608 0.338625
0.0509505 0.637946 0.311103
0.603728 0.0316393 0.364633
0.309604 0.578697 0.111699
0.10415 0.669549 0.226302
0.420183 0.423907 0.15591
0.0285163 0.0878659 0.883618
0.0300042 0.0615117 0.908484
9.9991E-05 0.168768 0.831132
9.9991E-05 0.157625 0.842275
0.102694 9.9991E-05 0.897206
0.080611 9.9991E-05 0.919289
9.9991E-05 0.193409 0.806491
0.0195042 0.0954728 0.885023
0.0840514 9.9991E-05 0.915849
9.9991E-05 0.127792 0.872108
9.9991E-05 0.208624 0.791276
0.124412 9.9991E-05 0.875488
0.0845324 0.111407 0.804061
0.056655 0.387361 0.555984
0.865685 0.106004 0.0283114
0.860166 0.0907341 0.0490998
0.950853 0.0490467 9.9991E-05
0.0809786 0.104713 0.814309
9.9991E-05 0.30411 0.69579
0.106219 0.101418 0.792363
0.0748543 0.0550599 0.870086
9.9991E-05 0.101449 0.898451
9.9991E-05 0.665625 0.334275
0.0497862 0.636191 0.314023
0.0229643 0.601834 0.375201
0.0191951 0.633703 0.347102
0.191791 0.508647 0.299562
0.106893 0.541787 0.35132
0.1531 0.570719 0.276181
9.9991E-05 0.247186 0.752714
0.0410913 0.341216 0.617692
0.0902861 0.08762 0.822094
0.130937 9.9991E-05 0.868963
9.9991E-05 0.222516 0.777384
0.809492 0.0901751 0.100333
0.160391 0.352234 0.487375
9.9991E-05 0.592328 0.407572
0.570943 0.0338075 0.39525
0.235164 0.764736 9.9991E-05
0.224594 0.775306 9.9991E-05
0.246376 0.714747 0.0388778
0.344541 0.513256 0.142203
0.0662501 0.915971 0.0177791
0.0300371 0.483529 0.486434
0.701116 0.2447 0.0541837
0.0417588 0.524462 0.433779
0.305965 0.53873 0.155305
0.250282 0.749618 9.9991E-05
0.0775114 0.908677 0.0138115
0.216526 0.770794 0.0126807
0.0288406 0.874888 0.0962713
0.0276883 0.972212 9.9991E-05
0.144544 0.855356 9.9991E-05
0.0945463 0.430277 0.475177
0.168963 0.433158 0.397879
0.149015 0.422109 0.428876
0.250389 0.631157 0.118454
0.158665 0.58483 0.256505
0.49269 0.481628 0.0256823
0.022275 0.11192 0.865805
0.0769675 0.0917425 0.83129
0.202553 0.431427 0.36602
0.159778 0.544855 0.295366
0.31205 0.380388 0.307562
0.850277 0.116496 0.0332265
0.134309 0.0512653 0.814426
0.0164458 0.213149 0.770405
9.9991E-05 0.371502 0.628398
0.626325 0.331741 0.0419339
0.281915 0.704258 0.0138276
0.0598249 0.887691 0.0524844
0.0900784 0.832383 0.0775384
0.399152 0.600748 9.9991E-05
0.19887 0.80103 9.9991E-05
0.138246 0.845448 0.0163067
9.9991E-05 0.959515 0.0403849
0.403419 0.560552 0.0360282
0.205183 0.794717 9.9991E-05
0.178345 0.821555 9.9991E-05
0.124677 0.875223 9.9991E-05
0.320018 0.587988 0.091994
0.104546 0.873192 0.0222611
0.285878 0.627245 0.0868773
0.119862 0.880038 9.9991E-05
0.943581 0.0533993 0.00301941
0.987443 0.0124565 9.9991E-05
0.9998 9.999E-05 9.999E-05
0.906402 0.0371084 0.0564893
0.905827 0.0473372 0.0468362
0.0103991 0.882167 0.107434
0.219801 0.780099 9.9991E-05
9.999E-05 9.999E-05 0.9998
0.127096 9.9991E-05 0.872804
0.0529979 0.0322317 0.91477
9.9991E-05 0.217259 0.782641
9.9991E-05 0.0702275 0.929673
0.136028 9.9991E-05 0.863872
9.9991E-05 0.0488509 0.951049
0.0965981 9.9991E-05 0.903302
0.0884687 9.9991E-05 0.911431
0.106517 9.9991E-05 0.893383
0.0283157 0.079686 0.891998
0.0508826 0.0907392 0.858378
0.0357079 0.100092 0.8642
0.0800447 9.9991E-05 0.919855
0.0102587 0.0558538 0.933887
9.9991E-05 0.0739535 0.925947
0.0589992 0.00227388 0.938727
9.9991E-05 0.606784 0.393116
0.0473884 0.701103 0.251509
9.9991E-05 0.0775803 0.92232
0.0703989 0.185978 0.743623
0.00854344 9.9991E-05 0.991357
9.9991E-05 0.637859 0.362041
0.0393372 0.960563 9.9991E-05
0.264764 0.735136 9.9991E-05
0.462915 0.517519 0.0195653
0.688791 0.311109 9.9991E-05
0.881131 0.0710392 0.0478298
0.960141 0.0371381 0.00272089
0.850843 0.149057 9.9991E-05
0.782873 0.172929 0.0441987
0.798769 0.127414 0.0738176
0.899414 9.9991E-05 0.100486
0.140945 0.84808 0.0109746
0.139283 0.755258 0.105459
9.9991E-05 0.977124 0.0227761
9.9991E-05 0.951354 0.0485458
9.9991E-05 0.976871 0.0230294
9.9991E-05 0.915023 0.0848773
0.244002 0.730608 0.0253899
0.243867 0.654133 0.102
0.149867 0.82735 0.0227834
0.229924 0.741183 0.0288932
0.157413 0.763934 0.0786539
0.83594 9.9991E-05 0.16396
0.068761 0.0688669 0.862372
0.125888 9.9991E-05 0.874012
0.0468286 9.9991E-05 0.953071
0.00600841 0.213268 0.780724
0.146804 0.00471709 0.848479
0.280181 0.585993 0.133825
0.328386 0.654648 0.0169666
0.193927 0.805973 9.9991E-05
0.344744 0.648718 0.00653794
