0.698249 0.033498 0.109727 0.143693 0.0148329
0.791887 0.000200222 0.057587 0.123249 0.027076
0.649298 0.00950235 0.0680021 0.248508 0.0246899
0.754021 0.0504071 0.1717 0.0207724 0.00309929
0.927452 0.0722481 9.9973E-05 9.9973E-05 9.9973E-05
0.837459 0.063203 0.0991377 9.9982E-05 9.9982E-05
0.700303 0.039697 0.219508 0.0403926 9.9991E-05
0.777381 9.9982E-05 0.208002 9.9982E-05 0.0144176
0.629412 0.0782894 0.0271941 0.223458 0.0416462
0.469085 0.0319282 0.231195 0.249292 0.0185008
0.32194 0.0652468 0.531059 0.0156867 0.0660677
0.477934 0.0231594 0.239776 0.219944 0.0391862
9.9991E-05 0.0570067 0.834597 0.0484729 0.0598237
0.367691 0.0468218 0.325024 0.260363 9.9991E-05
0.691827 0.0761493 9.9991E-05 0.173499 0.0584248
0.608905 9.9991E-05 0.242421 0.1237 0.0248734
0.71134 0.0259719 0.07286 0.189728 9.9991E-05
0.86263 9.9991E-05 0.013731 0.078022 0.045517
0.0544699 0.143791 0.15374 0.595525 0.0524732
0.152249 9.9982E-05 0.140019 0.707532 9.9982E-05
0.187219 9.9991E-05 0.0549965 0.719414 0.0382706
9.9982E-05 9.9982E-05 0.144142 0.836977 0.0186817
9.9982E-05 9.9982E-05 0.0906262 0.879076 0.0300979
0.0964818 9.9991E-05 0.0431161 0.80887 0.0514319
0.186626 9.9982E-05 0.0716816 0.741492 9.9982E-05
0.0508703 9.9982E-05 9.9982E-05 0.924161 0.0247688
9.9991E-05 0.0626635 0.00362841 0.891989 0.0416194
9.9991E-05 0.0493879 0.0618058 0.858102 0.0306045
0.0673166 0.0356169 9.9982E-05 0.896867 9.9982E-05
0.0413476 0.0809087 9.9991E-05 0.877308 0.000335661
9.9991E-05 0.00205775 0.0869005 0.908903 0.00203896
0.0726815 0.0438152 0.0564277 0.801046 0.0260293
0.0143186 0.0248593 0.071896 0.84107 0.0478563
0.512122 9.9991E-05 0.262303 0.144066 0.0814079
0.723339 0.0412488 9.9982E-05 0.235212 9.9982E-05
0.733 0.109167 9.9982E-05 0.157633 9.9982E-05
0.752921 0.03706 0.120101 0.05396 0.0359583
0.495599 0.0450863 0.322239 0.123703 0.0133727
9.997E-05 9.997E-05 9.997E-05 9.997E-05 0.9996
9.9991E-05 0.0115834 0.200031 0.769162 0.0191243
0.69698 0.130345 9.9982E-05 0.172475 9.9982E-05
0.61846 9.9982E-05 0.195794 0.185546 9.9982E-05
0.293638 0.113813 0.264446 0.306403 0.0217001
0.0825528 0.0667725 0.757695 0.0523476 0.0406318
0.0350756 9.9991E-05 0.907282 0.0259991 0.0315436
9.997E-05 9.997E-05 9.997E-05 9.997E-05 0.9996
0.380694 9.9991E-05 0.333453 0.204674 0.0810793
0.288324 0.0930353 0.469605 0.148936 9.9991E-05
0.346988 0.0778323 0.184518 0.342173 0.0484889
0.0461617 0.795132 0.124239 9.9991E-05 0.0343673
9.9991E-05 0.784948 0.139907 0.0391855 0.0358591
0.163542 0.836158 9.9973E-05 9.9973E-05 9.9973E-05
0.038637 0.664886 0.219516 0.0287983 0.0481621
0.0642459 0.817433 9.9991E-05 0.0649857 0.0532352
0.0528262 0.865912 9.9982E-05 0.0810616 9.9982E-05
0.261023 0.738677 9.9973E-05 9.9973E-05 9.9973E-05
9.9991E-05 0.785231 0.150184 0.0600919 0.00439273
9.9982E-05 0.868892 9.9982E-05 0.0935791 0.0373288
0.0841613 0.767325 0.109709 9.9991E-05 0.0387047
0.108371 0.625971 0.240875 9.9991E-05 0.0246834
9.9982E-05 0.860901 0.0321441 0.106755 9.9982E-05
0.00736069 0.663434 0.222975 0.105371 0.000858937
0.0393518 0.32886 0.558021 0.00693254 0.066834
0.112416 0.0221127 0.0426282 0.79946 0.0233826
0.151671 0.040809 9.9991E-05 0.771036 0.0363836
0.142878 9.9982E-05 9.9982E-05 0.844825 0.0120973
0.0610179 0.69561 0.169417 0.0533255 0.0206303
9.9982E-05 0.497968 0.439066 9.9982E-05 0.0627663
0.0517232 0.714104 0.154153 0.0528124 0.0272068
9.9991E-05 0.704532 0.264366 0.00400482 0.0269978
0.13528 0.816694 9.9982E-05 9.9982E-05 0.047826
0.180935 0.154749 0.658899 9.9991E-05 0.00531729
0.0854287 0.0559985 0.842094 0.00282171 0.0136575
9.9982E-05 0.0891624 0.908194 9.9982E-05 0.00244344
9.9973E-05 9.9973E-05 0.974487 9.9973E-05 0.0252135
9.9991E-05 0.00724784 0.8519 0.114683 0.0260691
9.9991E-05 0.0501351 0.893706 0.0350711 0.0209881
0.0398236 0.0166242 0.797509 0.113347 0.0326966
0.0266699 0.596985 0.376145 9.9982E-05 9.9982E-05
0.0444616 0.391368 0.425312 9.9991E-05 0.138759
9.9991E-05 0.733363 0.143067 0.112858 0.0106119
9.9991E-05 0.762839 0.088331 0.111108 0.0376224
0.202383 0.708889 0.0494392 9.9991E-05 0.0391891
0.14829 0.0580995 0.0972066 0.659993 0.0364115
0.105408 0.285964 0.505413 0.103115 9.9991E-05
0.0172417 0.106497 0.876062 9.9982E-05 9.9982E-05
9.997E-05 9.997E-05 9.997E-05 9.997E-05 0.9996
0.632627 9.9982E-05 0.172141 0.195033 9.9982E-05
0.669094 9.9991E-05 0.162247 0.131921 0.0366381
0.545906 9.9991E-05 0.266982 0.123266 0.0637451
0.356734 0.0529559 0.290269 0.248613 0.0514282
0.806262 0.0777787 0.0301305 0.0857284 9.9991E-05
9.9973E-05 0.127454 0.872246 9.9973E-05 9.9973E-05
0.206228 9.9991E-05 0.142917 0.594458 0.0562972
0.211115 0.227928 0.464919 9.9991E-05 0.0959376
0.270307 0.0392587 0.384712 0.279138 0.0265843
0.71575 9.99731E-05 9.99731E-05 0.283951 9.99731E-05
0.596802 9.9982E-05 0.314299 0.0886989 9.9982E-05
0.561495 9.9982E-05 0.272099 0.166206 9.9982E-05
0.520005 0.0171383 0.391366 0.0419341 0.0295566
0.564901 9.9982E-05 0.397967 0.0369323 9.9982E-05
0.67753 9.9982E-05 0.293134 0.0291365 9.9982E-05
0.100993 0.225899 0.601832 0.0546523 0.0166235
0.0370744 0.152068 0.644502 0.105959 0.0603972
0.0162876 0.210906 0.682654 9.9991E-05 0.0900525
0.217489 9.9991E-05 0.622654 0.138618 0.0211388
0.231715 0.115955 0.490265 0.161964 9.9991E-05
0.502718 0.0537456 0.00262599 0.44081 9.9991E-05
0.184298 0.798575 9.9982E-05 9.9982E-05 0.0169272
9.9991E-05 0.73176 0.195187 0.0579383 0.015015
0.0449352 0.202345 0.577395 0.175225 9.9991E-05
0.175906 0.164552 0.541986 0.0900243 0.0275328
0.0615977 0.136604 0.544592 0.21133 0.0458764
9.9973E-05 9.9973E-05 0.253237 0.746463 9.9973E-05
9.9991E-05 0.621578 0.297018 0.0304242 0.0508801
0.0154328 0.659174 0.325193 9.9982E-05 9.9982E-05
0.142397 0.497528 0.359876 9.9982E-05 9.9982E-05
0.37194 0.0980178 9.9991E-05 0.475846 0.054096
0.692448 0.0719212 9.9991E-05 0.224072 0.011459
0.751207 0.0382614 0.166827 9.9991E-05 0.0436039
0.726957 0.118953 0.0999926 0.053997 9.9991E-05
0.551565 9.9973E-05 9.9973E-05 0.448135 9.9973E-05
0.663474 0.0165553 0.0887296 0.211082 0.0201594
0.800338 0.0636576 0.0183101 0.117595 9.9991E-05
0.924088 0.0625567 9.9982E-05 9.9982E-05 0.0131549
0.510753 0.0463949 0.0996534 0.343098 9.9991E-05
0.633252 9.9982E-05 0.251582 0.114966 9.9982E-05
0.631163 9.9991E-05 0.25511 0.0792616 0.0343657
0.707895 9.9991E-05 0.218978 0.0560618 0.0169645
0.527007 0.101183 0.0797484 0.291961 9.9991E-05
0.724281 0.0421607 0.172793 0.0279097 0.032855
0.422597 9.9991E-05 0.328676 0.220669 0.0279574
0.807 0.0824314 0.0325123 0.0779562 9.9991E-05
9.9973E-05 9.9973E-05 0.119232 0.880468 9.9973E-05
0.0642204 9.9982E-05 0.0270056 0.908574 9.9982E-05
0.0865724 9.9982E-05 9.9982E-05 0.871564 0.0416635
0.150119 0.0585156 0.0412014 0.73446 0.0157045
0.0561174 0.0462613 0.111295 0.76855 0.0177762
0.639006 0.0857097 0.270432 9.9991E-05 0.0047523
0.644637 9.9991E-05 0.167486 0.153359 0.0344171
9.9973E-05 0.935693 0.0640072 9.9973E-05 9.9973E-05
0.0882476 0.825276 9.9991E-05 0.0461132 0.0402631
0.0967478 0.876304 9.9982E-05 9.9982E-05 0.0267485
0.0173607 0.617432 0.312384 0.0471233 0.00569965
0.0383 0.869607 0.0553558 9.9991E-05 0.0366371
0.0667966 0.822846 9.9991E-05 0.105498 0.00476004
0.052459 0.876252 0.0329031 9.9991E-05 0.0382855
9.9982E-05 0.857347 0.0770331 0.0654198 9.9982E-05
0.0124458 0.872907 0.0314783 0.0830693 9.9991E-05
0.00643112 0.814233 0.0439384 0.120723 0.0146744
0.0247956 0.773818 0.154016 9.9991E-05 0.0472712
0.0397869 0.773612 0.0499005 0.107303 0.0293977
0.157369 0.783828 9.9991E-05 0.057099 0.00160397
0.0404225 0.894984 9.9991E-05 0.0571688 0.00732509
9.9991E-05 0.814723 0.144463 0.000615668 0.0400987
0.0836103 0.880205 9.9982E-05 9.9982E-05 0.0359846
0.0812811 0.861456 0.0106424 0.0437828 0.00283802
9.9982E-05 0.0899433 0.902472 0.00738483 9.9982E-05
0.0383575 9.9973E-05 0.961343 9.9973E-05 9.9973E-05
0.0183254 0.820892 0.160583 9.9982E-05 9.9982E-05
0.243875 0.686368 0.0245746 0.0308367 0.014346
9.9991E-05 0.808327 0.183333 0.00343014 0.00481014
0.0822356 0.117813 0.799751 9.9982E-05 9.9982E-05
0.939099 0.0404452 9.9982E-05 9.9982E-05 0.0202557
0.714397 0.0128753 9.9991E-05 0.223202 0.0494263
0.315579 0.0156688 0.198002 0.47065 9.9991E-05
0.222577 9.9982E-05 0.154404 0.62282 9.9982E-05
9.9973E-05 9.9973E-05 0.209894 0.789806 9.9973E-05
0.0420674 0.0597674 0.0298126 0.868253 9.9991E-05
0.109232 9.9991E-05 0.0840795 0.797412 0.00917719
0.0647171 9.9991E-05 0.120436 0.789367 0.0253803
9.9991E-05 0.0760457 0.0981177 0.791329 0.034408
0.0962464 0.105242 9.9991E-05 0.76181 0.0366008
0.82202 0.0360226 0.046244 0.0926176 0.0030957
0.756987 0.0774797 0.0530353 0.0531355 0.0593625
0.704351 9.9982E-05 0.245908 9.9982E-05 0.0495411
0.671779 9.9973E-05 0.327921 9.9973E-05 9.9973E-05
0.703382 9.9982E-05 0.278393 9.9982E-05 0.0180249
0.567947 9.9982E-05 0.429 0.00285356 9.9982E-05
0.608559 9.9982E-05 0.189234 0.202008 9.9982E-05
0.479482 0.0349346 0.280832 0.204651 9.9991E-05
0.614538 9.9991E-05 0.279013 0.062004 0.0443456
0.603205 0.0672673 0.139498 0.173558 0.0164714
0.64833 9.9991E-05 0.241551 0.0853163 0.0247027
0.0996035 0.0980666 9.9991E-05 0.674921 0.127309
0.0309194 0.761017 0.175915 0.0266141 0.0055347
9.9991E-05 0.812594 0.000124422 0.156499 0.030683
9.9973E-05 0.897241 0.102459 9.9973E-05 9.9973E-05
0.0857813 0.744737 0.12879 0.0270651 0.0136257
0.112262 0.803537 9.9991E-05 0.0696338 0.0144669
0.457196 0.125691 0.120277 0.262144 0.0346928
0.468417 9.9991E-05 0.171513 0.335464 0.0245052
0.773916 9.9991E-05 0.0415075 0.106443 0.0780336
0.47121 0.0219552 0.179029 0.277292 0.0505135
