0.0144681 0.165739 0.819693 9.9991E-05
0.0432152 0.130016 0.826669 9.9991E-05
0.0268538 0.246481 0.726565 9.9991E-05
0.0113269 0.0582908 0.930282 9.9991E-05
0.0137059 0.062804 0.906331 0.0171593
0.0109251 9.9991E-05 0.907509 0.0814663
9.999E-05 0.110025 0.847062 0.0428133
0.0656125 0.0441019 0.890186 9.9991E-05
0.0195708 0.224918 0.677932 0.0775798
0.0286938 0.318172 0.608512 0.0446221
0.0628416 0.0969149 0.64161 0.198633
0.0493941 0.312368 0.587672 0.050566
0.0555295 0.120581 0.50465 0.319239
9.999E-05 0.324688 0.525588 0.149623
0.0456667 0.251303 0.652674 0.0503556
0.0288976 0.151723 0.81928 9.9991E-05
0.00674815 0.306672 0.68648 9.9991E-05
0.026931 0.116746 0.856223 9.9991E-05
0.0578324 0.60071 0.187978 0.15348
9.9991E-05 0.7817 0.183488 0.0347115
9.9982E-05 0.823137 0.176663 9.9982E-05
0.00723464 0.876118 0.0570731 0.0595739
0.0579421 0.941858 9.9982E-05 9.9982E-05
0.0437139 0.856912 0.0992743 9.9991E-05
9.9982E-05 0.729073 0.270728 9.9982E-05
0.00825328 0.927239 0.0644082 9.9991E-05
0.0375408 0.91357 9.9991E-05 0.0487893
0.0297607 0.918979 9.9991E-05 0.0511607
9.998E-05 0.9997 9.998E-05 9.998E-05
0.00390892 0.903022 9.9991E-05 0.0929693
9.9982E-05 0.946654 9.9982E-05 0.0531457
0.0263999 0.919839 0.00288341 0.0508777
0.0553697 0.888967 0.0555637 9.9991E-05
0.0814156 0.240567 0.632582 0.0454355
0.00285323 0.31844 0.655246 0.0234603
9.9991E-05 0.221589 0.705461 0.0728499
0.0396004 0.0878207 0.872479 9.9991E-05
0.00625427 0.219282 0.623685 0.150779
0.9997 9.998E-05 9.998E-05 9.998E-05
0.0472305 0.833866 0.0841135 0.0347896
0.00953068 0.258564 0.65265 0.0792557
0.00131064 0.224031 0.774558 9.9991E-05
0.0106158 0.321351 0.448737 0.219296
0.0756261 0.136402 0.51637 0.271602
0.0393827 0.0844297 0.587811 0.288376
0.9997 9.998E-05 9.998E-05 9.998E-05
0.0798277 0.230294 0.600209 0.0896697
9.9991E-05 0.192297 0.559015 0.248588
0.0206531 0.395124 0.483704 0.100518
0.0219445 9.9991E-05 0.109281 0.868674
0.0368747 0.0318424 0.0495745 0.881708
0.00521696 0.0275631 0.0870429 0.880177
0.0713783 9.9991E-05 0.115232 0.81329
0.0406534 0.0640287 9.9991E-05 0.895218
9.9982E-05 0.0527296 9.9982E-05 0.94707
9.9982E-05 9.9982E-05 0.223267 0.776533
0.0148206 0.0296132 0.0879625 0.867604
0.0246666 0.0585992 9.9991E-05 0.916634
0.0496433 9.9991E-05 0.0616229 0.888634
0.0388289 9.9991E-05 0.187376 0.773695
9.9982E-05 0.0892361 9.9982E-05 0.910564
0.00408466 0.0192847 0.168972 0.807659
0.072397 0.0353127 0.336882 0.555408
0.0128641 0.826796 0.105879 0.0544606
0.0457989 0.782045 0.165321 0.00683503
0.0184552 0.875263 0.106182 9.9991E-05
0.00562578 0.0650444 0.144504 0.784825
0.0737543 9.9991E-05 0.244897 0.681248
0.0150829 0.0470648 0.0976711 0.840181
0.0665952 0.0760823 0.0379405 0.819382
0.0456763 0.0245236 0.0756509 0.854149
0.0187751 9.9991E-05 0.640752 0.340373
0.0322197 0.0143411 0.654588 0.298852
9.9991E-05 0.060146 0.580839 0.358915
0.0499219 0.0279906 0.619031 0.303056
0.04352 0.185785 0.516944 0.25375
0.0459552 0.0426986 0.612111 0.299235
0.0186211 0.107648 0.587823 0.285908
9.9982E-05 9.9982E-05 0.221059 0.778742
0.148518 9.9991E-05 0.295792 0.55559
0.0142959 0.119926 0.0296669 0.836111
0.0609456 0.140323 9.9991E-05 0.798631
0.0381068 9.9991E-05 0.154695 0.807098
0.0299809 0.78068 0.122766 0.0665732
9.9991E-05 0.153841 0.390648 0.455412
9.9982E-05 9.9982E-05 0.584141 0.415659
0.9997 9.998E-05 9.998E-05 9.998E-05
0.0204089 0.211557 0.767934 9.9991E-05
0.0419602 0.199902 0.758037 9.9991E-05
0.0544795 0.290177 0.614982 0.0403618
0.0326005 0.298969 0.523032 0.145398
9.9991E-05 0.115259 0.84456 0.0400816
9.9982E-05 9.9982E-05 0.528268 0.471532
0.0504695 0.621462 0.276266 0.0518025
0.106276 9.9991E-05 0.507546 0.386078
0.0306053 0.358076 0.436256 0.175063
9.9982E-05 0.212813 0.786987 9.9982E-05
9.9991E-05 0.150032 0.804943 0.0449241
9.9991E-05 0.2335 0.725846 0.040554
0.0363359 0.0360311 0.814647 0.112986
0.0162132 0.0933405 0.88527 0.00517641
0.0302199 0.122508 0.847172 9.9991E-05
0.0304972 0.0748069 0.443205 0.45149
0.095535 0.045297 0.554785 0.304383
0.0682519 0.0252291 0.487093 0.419426
0.0125439 0.291891 0.555859 0.139706
9.9991E-05 0.169149 0.555837 0.274914
0.013092 0.533624 0.412605 0.040679
0.0226338 9.9991E-05 0.146289 0.830977
0.0411091 0.0220069 0.110414 0.82647
0.0119281 0.196388 0.401382 0.390302
0.0557744 0.0997196 0.559052 0.285454
0.0670563 0.288851 0.360507 0.283586
9.9991E-05 0.774657 0.167992 0.0572507
0.0619434 0.171644 9.9991E-05 0.766313
9.9991E-05 0.0147402 0.186169 0.798991
9.9982E-05 9.9982E-05 0.383496 0.616304
0.0587289 0.575396 0.318843 0.0470318
0.0185348 0.333402 0.635437 0.0126255
0.0376151 0.0257881 0.875196 0.0614006
9.9991E-05 0.0912669 0.789431 0.119202
9.9982E-05 0.476467 0.523333 9.9982E-05
0.0279956 0.226478 0.741888 0.0036388
9.9991E-05 0.191528 0.798756 0.00961619
0.00052716 0.128479 0.790318 0.0806762
9.9991E-05 0.449603 0.507776 0.0425203
9.9982E-05 0.214289 0.785511 9.9982E-05
0.0321237 0.239716 0.72806 9.9991E-05
0.0336904 0.19239 0.77382 9.9991E-05
9.9991E-05 0.313981 0.588591 0.0973285
0.0385631 0.0658405 0.858011 0.0375854
0.0294011 0.301826 0.606414 0.0623594
0.00450446 0.132251 0.834403 0.028842
9.9991E-05 0.895961 0.0843352 0.0196036
9.9982E-05 0.96543 0.0343699 9.9982E-05
0.028517 0.971283 9.9982E-05 9.9982E-05
0.00439401 0.801918 0.120615 0.0730728
0.00442691 0.906097 0.0455695 0.0439069
0.024338 0.0122252 0.824292 0.139145
0.0327762 0.195674 0.77145 9.9991E-05
9.998E-05 9.998E-05 9.998E-05 0.9997
0.0221233 0.0280918 0.0438173 0.905968
0.00583385 0.0385365 0.0288697 0.92676
0.013176 0.0613494 0.166109 0.759366
0.0341824 9.9991E-05 0.0330829 0.932635
0.0179297 0.132756 9.9991E-05 0.849214
0.0222301 9.9982E-05 9.9982E-05 0.97757
9.9982E-05 0.0515541 9.9982E-05 0.948246
9.9982E-05 0.0840581 9.9982E-05 0.915742
9.9982E-05 0.0891798 9.9982E-05 0.91062
0.0461383 9.9991E-05 0.0329422 0.920819
0.0327546 0.0694399 0.0309884 0.866817
0.0105043 0.0972127 0.0517466 0.840536
0.0164153 0.0669361 9.9991E-05 0.916549
0.0362243 0.0119553 0.0380428 0.913778
0.0352734 9.9991E-05 0.0212639 0.943363
9.9982E-05 0.0603144 9.9982E-05 0.939486
0.00803001 0.0701953 0.521613 0.400162
0.0132589 0.083838 0.708518 0.194385
9.9982E-05 9.9982E-05 0.0538685 0.945932
0.0322627 9.9991E-05 0.224303 0.743334
9.9982E-05 0.0403478 9.9982E-05 0.959452
9.9982E-05 9.9982E-05 0.625709 0.374091
0.0251393 0.0298111 0.94495 9.9991E-05
0.0373461 0.309467 0.653087 9.9991E-05
9.9991E-05 0.534863 0.421157 0.0438805
9.9991E-05 0.70141 0.278008 0.0204822
0.00143434 0.842836 0.121017 0.0347121
9.9991E-05 0.889034 0.0416415 0.0692243
0.0154372 0.785137 0.199326 9.9991E-05
0.0258888 0.795643 0.152685 0.0257838
0.0299562 0.808933 0.0724889 0.0886223
0.0630067 0.879589 9.9991E-05 0.057304
0.00807824 0.186485 0.79525 0.0101871
0.0578971 0.101163 0.784315 0.0566252
0.0535063 9.9982E-05 0.946294 9.9982E-05
0.00202106 9.9982E-05 0.997779 9.9982E-05
0.0235598 9.9982E-05 0.97624 9.9982E-05
0.0132915 9.9991E-05 0.913857 0.0727511
0.0388248 0.269012 0.692064 9.9991E-05
9.9991E-05 0.278763 0.625337 0.0957996
0.0711087 0.137602 0.772782 0.0185068
9.9991E-05 0.192105 0.74315 0.0646453
0.0370553 0.173221 0.739704 0.0500199
0.148595 0.704229 0.0753463 0.0718296
0.006363 0.0854461 0.0380269 0.870164
0.0620897 0.0770309 0.000527754 0.860352
9.9982E-05 0.0596271 9.9982E-05 0.940173
0.0263764 0.00849274 0.174818 0.790313
9.9982E-05 0.111568 9.9982E-05 0.888232
0.0276915 0.292507 0.530679 0.149123
0.0412822 0.372697 0.559406 0.026615
0.0713521 0.176077 0.752471 9.9991E-05
0.0646173 0.316733 0.608657 0.00999305
