0.229772 9.9982E-05 0.589179 9.9982E-05 0.0486272 0.0114188 0.120803
0.0618284 9.9982E-05 0.580051 0.241035 0.0750234 0.0418622 9.9982E-05
0.322292 9.9973E-05 0.632223 9.9973E-05 9.9973E-05 0.0124825 0.0327026
0.0620115 9.9973E-05 0.653796 0.0432915 9.9973E-05 9.9973E-05 0.240602
0.0513256 0.0525533 0.872015 0.0207324 9.9982E-05 0.00317333 9.9982E-05
0.123381 0.00878528 0.60617 0.164102 9.9982E-05 9.9982E-05 0.0973614
0.0329195 0.0127892 0.553153 0.170271 0.0279976 9.9991E-05 0.202769
9.9982E-05 9.9982E-05 0.574991 0.25926 0.0509834 0.0379515 0.0766144
0.197812 0.0620305 0.0862595 0.6244 0.0212262 0.00817156 9.9991E-05
0.28833 9.9991E-05 0.213136 0.2693 0.0242523 0.0148264 0.190055
0.0452285 0.0597547 0.037293 0.379264 0.0607166 0.0363395 0.381404
0.308876 0.0242169 0.227332 0.322256 9.9991E-05 0.0249615 0.0922577
9.9982E-05 0.00965281 9.9982E-05 0.182625 0.0403716 0.0323181 0.734833
0.260299 0.07851 9.9982E-05 0.590281 0.0260085 9.9982E-05 0.0447016
0.167836 0.0403341 0.22166 0.448678 0.0880983 0.0332931 9.9991E-05
9.9973E-05 9.9973E-05 0.1334 0.628483 0.133859 9.9973E-05 0.103958
9.9973E-05 9.9973E-05 0.253532 0.50295 0.216669 9.9973E-05 0.0265498
9.9973E-05 9.9973E-05 0.453806 0.430631 0.0822707 0.0329927 9.9973E-05
0.327606 0.0981257 0.000885873 0.0619461 0.300557 0.0621308 0.148748
0.410891 9.9973E-05 9.9973E-05 0.171807 0.314513 9.9973E-05 0.10249
0.118654 0.00458093 0.129953 0.11556 0.58882 0.00397687 0.0384558
0.199097 0.0515809 0.0691719 0.00114443 0.678725 0.000181133 9.9991E-05
9.9964E-05 9.9964E-05 9.9964E-05 9.9964E-05 0.931562 0.0599444 0.00809415
0.059568 9.9982E-05 0.0296674 0.120204 0.743256 0.047105 9.9982E-05
0.130743 9.9973E-05 0.123856 0.119324 0.625778 9.9973E-05 9.9973E-05
0.14377 9.9982E-05 0.057965 9.9982E-05 0.784647 0.00953902 0.00387813
0.611263 0.0419997 9.9973E-05 9.9973E-05 0.338643 0.00779448 9.9973E-05
9.9982E-05 0.0501286 9.9982E-05 0.0903877 0.822931 0.0298819 0.00647065
0.40872 9.9955E-05 9.9955E-05 9.9955E-05 0.59078 9.9955E-05 9.9955E-05
0.0586466 0.0720248 0.0727256 9.9973E-05 0.796303 9.9973E-05 9.9973E-05
0.23825 0.0364298 9.9991E-05 0.0186975 0.699807 0.00461655 0.00209877
9.9973E-05 0.0164671 9.9973E-05 0.172803 0.779471 0.0309592 9.9973E-05
9.9982E-05 9.9982E-05 0.0174419 0.0626598 0.832813 0.0593684 0.0275166
0.2826 9.9982E-05 0.275617 0.184219 9.9982E-05 0.0732648 0.184099
0.220536 0.00455889 0.463395 0.21881 0.0924999 9.9982E-05 9.9982E-05
0.222219 0.0857336 0.691647 9.9964E-05 9.9964E-05 9.9964E-05 9.9964E-05
0.138864 9.9973E-05 0.687003 9.9973E-05 9.9973E-05 0.0149409 0.158893
9.999E-05 0.0703876 0.396142 0.188041 0.184211 0.0139596 0.147159
9.995E-05 9.995E-05 9.995E-05 9.995E-05 9.995E-05 0.9994 9.995E-05
0.241469 9.9964E-05 9.9964E-05 9.9964E-05 0.542081 9.9964E-05 0.21605
0.158771 0.0800792 0.68504 9.9973E-05 0.0758104 9.9973E-05 9.9973E-05
0.207941 9.9982E-05 0.430884 0.209532 0.0538685 9.9982E-05 0.0975748
9.999E-05 0.0453731 0.0752303 0.201648 0.291338 0.00847089 0.37784
0.136609 0.112839 0.00236587 0.0953573 0.0667483 0.0280328 0.558047
0.126806 9.9964E-05 0.034466 9.9964E-05 9.9964E-05 9.9964E-05 0.838328
9.995E-05 9.995E-05 9.995E-05 9.995E-05 9.995E-05 0.9994 9.995E-05
0.338189 0.0135221 0.154877 0.221876 9.9991E-05 0.0602392 0.211196
9.9982E-05 0.0939716 0.131226 0.310867 0.147806 9.9982E-05 0.315929
0.194031 0.0804119 0.118736 0.266354 0.177078 0.0408209 0.122569
0.00906464 0.722433 9.9982E-05 0.0854367 9.9982E-05 0.0170774 0.165788
9.9982E-05 0.763641 9.9982E-05 0.0607292 0.0435885 0.0167277 0.115114
9.9973E-05 0.781002 0.106793 0.0963317 0.0155738 9.9973E-05 9.9973E-05
0.0842393 0.680229 9.9982E-05 0.100828 9.9982E-05 0.0370291 0.0974755
0.105869 0.775816 9.9982E-05 0.0503819 0.0250238 0.0427091 9.9982E-05
0.0735763 0.799979 0.00965568 0.080249 0.0363397 9.9982E-05 9.9982E-05
9.9955E-05 0.671339 9.9955E-05 0.328161 9.9955E-05 9.9955E-05 9.9955E-05
9.9964E-05 0.735911 9.9964E-05 0.254349 9.9964E-05 0.00934032 9.9964E-05
9.9973E-05 0.765544 9.9973E-05 9.9973E-05 0.183143 0.0364989 0.0145142
9.9991E-05 0.709742 0.0537944 0.0879124 0.0248487 0.0401209 0.0834817
0.0486907 0.538841 0.0292773 0.0167182 9.9991E-05 0.023677 0.342696
9.9964E-05 0.778942 9.9964E-05 9.9964E-05 0.139475 9.9964E-05 0.0811824
0.216132 0.644541 0.0322253 9.9973E-05 9.9973E-05 9.9973E-05 0.106802
0.0512461 0.283699 0.00129912 0.021178 9.9991E-05 0.0637097 0.578768
0.0298212 0.0347465 0.0237886 0.186132 0.699257 0.0261548 9.9991E-05
0.303107 9.9982E-05 0.0511477 0.0506944 0.559941 0.0349101 9.9982E-05
0.10394 9.9982E-05 0.119208 0.0255688 0.742561 0.00852206 9.9982E-05
0.0340319 0.630562 0.047897 0.137082 9.9991E-05 0.0105451 0.139782
0.126164 0.384727 9.9973E-05 9.9973E-05 9.9973E-05 0.0615324 0.427277
0.105054 0.734159 0.0808666 9.9991E-05 0.0260205 0.0023303 0.0514692
9.9973E-05 0.609369 9.9973E-05 9.9973E-05 0.0352771 0.0345663 0.320488
9.9982E-05 0.807827 0.0147032 0.117302 0.0170335 0.0429341 9.9982E-05
9.9973E-05 0.129134 0.062908 0.245846 9.9973E-05 9.9973E-05 0.561812
0.0311826 0.0533157 9.9982E-05 0.272433 9.9982E-05 0.00208737 0.640781
0.132769 0.0625064 9.9973E-05 0.0475683 9.9973E-05 9.9973E-05 0.756857
9.9973E-05 9.9973E-05 0.0178963 9.9973E-05 0.0379347 0.0113115 0.932558
9.9973E-05 9.9973E-05 9.9973E-05 0.0113294 0.167082 0.0207681 0.800521
0.118846 9.9964E-05 9.9964E-05 9.9964E-05 9.9964E-05 0.0207148 0.86004
9.9982E-05 9.9982E-05 0.0331206 0.0640726 0.132482 0.01872 0.751405
9.9964E-05 0.616121 9.9964E-05 0.269813 9.9964E-05 9.9964E-05 0.113665
0.151442 0.373293 0.0683792 9.9982E-05 9.9982E-05 0.0993911 0.307295
0.117112 0.656154 0.0101022 9.9982E-05 9.9982E-05 0.0158108 0.200621
0.175384 0.697764 9.9982E-05 0.0343599 9.9982E-05 0.0501482 0.042144
9.9964E-05 0.686789 9.9964E-05 0.298648 9.9964E-05 0.0141629 9.9964E-05
0.744893 9.9982E-05 9.9982E-05 0.0781978 0.103066 0.0254661 0.0481769
9.9982E-05 0.241603 0.0297836 0.061742 0.179016 9.9982E-05 0.487656
9.9982E-05 0.116143 0.0443692 0.0390485 0.0867233 9.9982E-05 0.713516
9.995E-05 9.995E-05 9.995E-05 9.995E-05 9.995E-05 0.9994 9.995E-05
0.0811129 9.9982E-05 0.613968 0.0248423 0.130845 9.9982E-05 0.149031
0.26507 9.9982E-05 0.504817 0.175197 9.9982E-05 0.0282571 0.0264593
0.0635829 9.9991E-05 0.142483 0.501506 0.146686 0.0454622 0.10018
0.0949483 0.0660776 9.9991E-05 0.55327 0.154606 0.0255247 0.105473
0.173032 0.00583871 0.533155 0.267562 9.9982E-05 9.9982E-05 0.0202123
9.9964E-05 0.092136 9.9964E-05 9.9964E-05 0.0592182 9.9964E-05 0.848246
0.615284 9.9991E-05 0.0431603 0.0677765 0.102039 0.0299582 0.141682
0.0201764 0.154795 0.12361 9.9982E-05 9.9982E-05 0.0645321 0.636687
9.9982E-05 0.023071 0.248481 9.9982E-05 0.308138 0.0261991 0.393911
9.9964E-05 9.9964E-05 0.148725 0.685949 0.164926 9.9964E-05 9.9964E-05
9.9973E-05 9.9973E-05 0.521771 0.12578 0.15308 9.9973E-05 0.199068
0.130834 0.0433029 0.218866 0.473061 0.115448 9.9991E-05 0.0183873
0.0151431 0.0272049 9.9982E-05 0.861823 9.9982E-05 0.000265899 0.0953627
9.9964E-05 9.9964E-05 0.595023 9.9964E-05 0.0375559 9.9964E-05 0.367021
0.10444 9.9955E-05 9.9955E-05 0.895061 9.9955E-05 9.9955E-05 9.9955E-05
0.0606639 0.206463 0.087745 0.014796 0.0328199 0.00771787 0.589794
0.329427 0.0331181 9.9973E-05 9.9973E-05 9.9973E-05 0.0574045 0.579751
9.9982E-05 0.128157 9.9982E-05 0.113037 0.0277047 0.0748622 0.656038
0.0913591 9.9973E-05 9.9973E-05 0.254547 0.137976 9.9973E-05 0.515818
9.9982E-05 0.0521839 0.0291164 0.308568 0.144363 9.9982E-05 0.465569
9.9982E-05 0.0390759 0.310758 0.189622 0.456075 0.00426929 9.9982E-05
0.00568086 0.725224 0.187738 0.0214122 0.0455858 0.0142591 9.9991E-05
0.0666274 0.665683 9.9982E-05 0.0256466 9.9982E-05 0.0294047 0.212439
0.291016 0.105869 0.0718221 9.9973E-05 9.9973E-05 9.9973E-05 0.530993
0.17069 0.155348 9.9982E-05 0.263867 9.9982E-05 0.019762 0.390133
9.9982E-05 0.0776699 0.0755903 9.9982E-05 0.326184 0.0276197 0.492736
0.379526 9.9964E-05 9.9964E-05 9.9964E-05 0.43454 9.9964E-05 0.185534
0.0105488 0.52906 9.9982E-05 9.9982E-05 0.0571954 0.0202809 0.382715
9.9973E-05 0.641494 9.9973E-05 0.183295 0.0302039 9.9973E-05 0.144708
0.0406791 0.48982 0.175687 9.9973E-05 9.9973E-05 9.9973E-05 0.293513
0.66161 9.9973E-05 0.223822 9.9973E-05 9.9973E-05 0.0384832 0.0757852
0.442113 9.9955E-05 0.557387 9.9955E-05 9.9955E-05 9.9955E-05 9.9955E-05
9.9991E-05 0.0409216 0.648745 0.0903544 0.122525 0.0155897 0.0817647
0.0587022 0.090657 0.723903 0.126438 9.9973E-05 9.9973E-05 9.9973E-05
0.598826 9.9964E-05 0.281626 0.119148 9.9964E-05 9.9964E-05 9.9964E-05
0.121111 9.9991E-05 0.532046 0.226614 0.0969745 0.00781169 0.0153431
9.9973E-05 0.0153362 0.784415 9.9973E-05 0.193558 9.9973E-05 0.00639041
9.9982E-05 0.0667911 0.712087 0.1617 0.0550591 0.00416274 9.9982E-05
9.9982E-05 0.0175052 0.279752 0.253435 0.40447 9.9982E-05 0.0446374
0.0102868 9.9982E-05 0.0953438 0.723783 0.133881 9.9982E-05 0.0365054
0.0192673 9.9982E-05 9.9982E-05 0.79128 0.134018 0.0224539 0.0327803
9.9973E-05 9.9973E-05 0.103016 0.765095 0.0874744 9.9973E-05 0.0441149
0.319435 0.0453102 0.169568 0.412526 9.9982E-05 9.9982E-05 0.0529598
9.9991E-05 0.0211597 0.0866018 0.83013 0.0179667 0.0288716 0.0151704
0.143606 9.9982E-05 9.9982E-05 0.587992 0.0431483 0.00690795 0.218146
0.220577 9.9973E-05 0.680704 0.0744561 9.9973E-05 9.9973E-05 0.0239628
0.016444 9.9973E-05 9.9973E-05 0.0601847 0.862144 9.9973E-05 0.0609278
0.307705 9.9973E-05 0.0288671 9.9973E-05 0.62755 9.9973E-05 0.0355775
9.9964E-05 9.9964E-05 9.9964E-05 0.11786 0.859553 0.022187 9.9964E-05
0.100011 0.0304389 0.0521884 0.0918044 0.678188 0.0056639 0.0417058
0.225378 0.00817788 0.0681546 9.9982E-05 0.631982 9.9982E-05 0.0661079
9.9982E-05 0.0652027 0.570815 0.109607 9.9982E-05 0.0122613 0.241915
9.9973E-05 9.9973E-05 0.654539 9.9973E-05 0.165757 0.0191668 0.160238
9.9964E-05 0.893122 9.9964E-05 9.9964E-05 9.9964E-05 0.00345001 0.103028
9.9973E-05 0.770633 9.9973E-05 0.144855 0.0508038 0.0334082 9.9973E-05
0.0371511 0.828826 0.116094 9.9973E-05 9.9973E-05 0.0176286 9.9973E-05
9.9973E-05 0.538553 0.0914072 9.9973E-05 0.0663482 9.9973E-05 0.303392
0.0751513 0.813201 0.0769748 0.0081253 9.9982E-05 0.0263472 9.9982E-05
9.99641E-05 0.768266 9.99641E-05 0.0248835 0.206451 9.99641E-05 9.99641E-05
9.9973E-05 0.838371 0.0494948 9.9973E-05 9.9973E-05 0.0434382 0.0683965
0.196591 0.781647 0.0213618 9.9964E-05 9.9964E-05 9.9964E-05 9.9964E-05
0.264033 0.735467 9.9955E-05 9.9955E-05 9.9955E-05 9.9955E-05 9.9955E-05
9.9973E-05 0.841555 0.0340892 9.9973E-05 0.12005 0.00400625 9.9973E-05
9.9991E-05 0.713289 0.11187 0.0265141 0.0270066 0.0590488 0.0621725
0.0572018 0.708172 0.00494974 0.111021 0.0351755 0.0271167 0.0563633
0.176503 0.737722 0.068188 9.9982E-05 9.9982E-05 0.00956897 0.00781867
0.0258749 0.8439 0.0658695 0.0126562 0.0296292 0.0118133 0.010257
9.9973E-05 0.760029 0.130424 9.9973E-05 9.9973E-05 0.0258177 0.0834301
9.9964E-05 0.83134 0.156962 9.9964E-05 9.9964E-05 0.0112982 9.9964E-05
0.104107 0.804168 0.0780768 9.9982E-05 0.0125235 0.000924702 9.9982E-05
9.9982E-05 0.110718 0.150246 0.0259826 0.0525495 9.9982E-05 0.660305
0.0366962 9.9973E-05 0.0283098 0.138889 9.9973E-05 9.9973E-05 0.795805
9.9964E-05 0.814466 0.115936 9.9964E-05 9.9964E-05 9.9964E-05 0.0691983
9.9973E-05 0.644816 0.274544 9.9973E-05 0.0560501 0.0242905 9.9973E-05
9.9973E-05 0.761462 9.9973E-05 9.9973E-05 0.0489621 0.0100663 0.179209
0.0226805 0.134212 0.0997877 0.138584 9.9982E-05 9.9982E-05 0.604537
0.0753146 9.9973E-05 0.794111 9.9973E-05 9.9973E-05 0.0205124 0.109762
0.443196 9.9973E-05 0.449836 0.0808084 9.9973E-05 0.0258599 9.9973E-05
0.162685 0.00192738 0.301729 9.9982E-05 0.384028 9.9982E-05 0.149431
0.277098 9.9973E-05 0.190207 0.109071 0.423325 9.9973E-05 9.9973E-05
0.9994 9.995E-05 9.995E-05 9.995E-05 9.995E-05 9.995E-05 9.995E-05
0.651809 9.9964E-05 9.9964E-05 0.0373473 0.310444 9.9964E-05 9.9964E-05
0.9994 9.995E-05 9.995E-05 9.995E-05 9.995E-05 9.995E-05 9.995E-05
0.548684 0.0169013 9.9982E-05 0.123824 0.302471 0.00791972 9.9982E-05
0.538399 0.0662274 9.9991E-05 0.00845192 0.345466 0.0235749 0.017781
0.210531 0.0339115 0.0747925 9.9982E-05 0.619209 0.0613564 9.9982E-05
0.194345 9.9973E-05 0.715631 9.9973E-05 9.9973E-05 0.00289522 0.0868289
0.235118 0.030979 0.623238 9.9982E-05 9.9982E-05 0.0474897 0.0629751
9.9982E-05 9.9982E-05 0.637606 0.0968114 0.0454818 0.0261731 0.193728
9.99641E-05 9.99641E-05 0.6885 9.99641E-05 9.99641E-05 0.00265885 0.308442
9.9982E-05 9.9982E-05 0.723303 0.080656 0.00198333 0.0352717 0.158586
9.9973E-05 9.9973E-05 0.486224 0.0630157 0.0807733 9.9973E-05 0.369687
0.309689 9.9982E-05 0.0493288 0.542592 9.9982E-05 0.00244056 0.0957492
0.136244 0.0454927 9.9982E-05 0.723177 9.9982E-05 0.00341321 0.0914729
0.121864 9.9973E-05 9.9973E-05 0.812808 9.9973E-05 0.0391001 0.025928
0.248205 0.00516581 0.10011 0.595382 9.9982E-05 9.9982E-05 0.0509372
0.175848 0.0323636 0.0851774 0.698853 9.9982E-05 0.00755795 9.9982E-05
0.847843 0.0408288 9.9973E-05 9.9973E-05 0.00255083 0.108477 9.9973E-05
9.9991E-05 0.690505 0.0620478 0.0531996 0.0353492 0.0361708 0.122627
9.9973E-05 0.721416 9.9973E-05 9.9973E-05 0.164232 0.0388078 0.0752438
0.118757 0.778087 9.9982E-05 0.0302478 9.9982E-05 0.00504554 0.0676618
9.9991E-05 0.659727 0.176653 0.0262463 0.0381887 0.0302726 0.0688129
0.0974883 0.721826 0.146081 9.9982E-05 0.00575426 0.028651 9.9982E-05
9.9991E-05 0.0818462 0.107689 0.407872 0.280406 0.049456 0.0726304
0.225603 9.9973E-05 0.194593 0.473962 0.105543 9.9973E-05 9.9973E-05
0.14646 9.9973E-05 0.0706321 0.727142 9.9973E-05 0.0554661 9.9973E-05
0.0321536 9.9991E-05 0.204609 0.37055 0.18855 0.0466637 0.157374
