0.018549 0.758617 0.0694905 9.9982E-05 0.136639 0.0165049 9.9982E-05
0.0301626 0.538502 0.0989127 9.9991E-05 0.0042738 0.0187422 0.309306
9.9973E-05 0.761533 0.160899 9.9973E-05 0.067547 0.00972082 9.9973E-05
9.999E-05 0.708334 0.0483578 0.0368274 0.145185 0.000565935 0.0606292
0.000165018 0.826904 9.9982E-05 0.0762224 9.9982E-05 0.011938 0.0845704
0.0848827 0.80799 9.9982E-05 9.9982E-05 0.0160451 0.0011084 0.0897736
0.0643898 0.542509 0.00478363 9.9982E-05 0.0865267 9.9982E-05 0.301591
9.9973E-05 0.596784 9.9973E-05 9.9973E-05 0.0965609 0.0433089 0.263046
0.0600806 0.101612 0.110806 0.0286244 9.9991E-05 0.00634766 0.692429
9.999E-05 0.209893 0.163359 0.0117245 0.189483 0.0154023 0.410037
0.000996391 0.0786443 0.0245772 0.0692434 0.427772 0.0586808 0.340086
0.0198613 0.239362 0.193358 0.0592516 0.094232 0.000847825 0.393088
0.0274966 9.9982E-05 9.9982E-05 0.0560788 0.785882 0.0214027 0.10894
9.9973E-05 9.9973E-05 0.0795902 0.113246 0.0173232 9.9973E-05 0.789541
0.0995487 0.431388 0.160702 9.9982E-05 9.9982E-05 0.0306944 0.277467
9.9982E-05 0.116414 0.0599562 9.9982E-05 0.172473 0.00158477 0.649372
0.0574024 0.268592 0.118166 9.9973E-05 9.9973E-05 9.9973E-05 0.55554
0.00764909 0.512247 0.0146431 9.9982E-05 9.9982E-05 0.0214888 0.443772
0.0780341 0.08959 0.48954 0.0525552 0.179529 0.0524092 0.0583427
9.9973E-05 9.9973E-05 0.586285 0.0453609 0.118905 9.9973E-05 0.24915
9.9973E-05 0.141024 0.633412 0.0528177 9.9973E-05 9.9973E-05 0.172447
0.129133 0.0308377 0.767941 9.9982E-05 0.019568 9.9982E-05 0.0523204
0.0584241 9.9982E-05 0.857278 9.9982E-05 0.0279288 0.0390177 0.0171518
0.0697018 0.0167925 0.72898 9.9982E-05 9.9982E-05 0.0360988 0.148227
0.00971106 0.187357 0.628887 9.9982E-05 0.0513026 9.9982E-05 0.122542
0.0100069 0.0925523 0.893845 9.9973E-05 9.9973E-05 0.00329566 9.9973E-05
9.9973E-05 9.9973E-05 0.8251 0.0846869 0.0691597 0.0207534 9.9973E-05
0.113637 9.9973E-05 0.735142 9.9973E-05 9.9973E-05 0.0397335 0.111188
9.9964E-05 0.079033 0.848421 0.0721458 9.9964E-05 9.9964E-05 9.9964E-05
0.128998 0.0986994 0.771903 9.9964E-05 9.9964E-05 9.9964E-05 9.9964E-05
0.0603641 9.9973E-05 0.82499 9.9973E-05 9.9973E-05 0.00113412 0.113212
9.9973E-05 9.9973E-05 0.726934 0.0940679 9.9973E-05 0.0262498 0.152448
0.0990091 9.9973E-05 0.644988 9.9973E-05 9.9973E-05 0.0420894 0.213613
9.9982E-05 0.338367 0.101178 9.9982E-05 0.264836 0.0667045 0.228715
9.9973E-05 0.411918 0.279213 0.044641 9.9973E-05 9.9973E-05 0.263928
9.9973E-05 0.74555 0.113363 0.117424 0.0233629 9.9973E-05 9.9973E-05
0.0341102 0.729077 0.0258246 9.9982E-05 0.183246 0.0275423 9.9982E-05
0.0734723 0.26118 0.100322 0.00410408 0.193079 0.0190343 0.348808
9.995E-05 9.995E-05 9.995E-05 9.995E-05 9.995E-05 0.9994 9.995E-05
9.9982E-05 0.0108591 0.698518 0.0129747 0.266551 0.0108971 9.9982E-05
0.0600012 0.700061 0.161696 0.0779416 9.9973E-05 9.9973E-05 9.9973E-05
9.9982E-05 0.428536 0.135154 0.018024 0.101849 9.9982E-05 0.316237
0.160093 0.177633 0.232052 9.9991E-05 0.229951 0.0126559 0.187515
0.117594 9.9991E-05 0.0473407 0.010714 0.557984 0.0430996 0.223168
0.0982684 0.0719636 9.9973E-05 9.9973E-05 0.809267 0.0202007 9.9973E-05
9.995E-05 9.995E-05 9.995E-05 9.995E-05 9.995E-05 0.9994 9.995E-05
9.999E-05 0.23201 0.168878 0.0862127 0.192463 0.0716421 0.248694
0.141602 0.245942 0.0870001 9.9982E-05 0.388129 9.9982E-05 0.137126
9.9991E-05 0.0883652 0.267508 0.121125 0.112408 0.036261 0.374232
0.747541 9.9973E-05 9.9973E-05 0.0988294 9.9973E-05 0.0143459 0.138984
0.440258 9.9982E-05 9.9982E-05 0.409957 0.0141561 0.0262245 0.109205
0.486734 0.0848209 9.9982E-05 0.358627 9.9982E-05 0.00678872 0.0628295
0.406919 0.0298562 0.00187807 0.370496 0.119346 0.0714042 9.9991E-05
0.199063 0.00375464 0.0616341 0.668351 9.9991E-05 0.044365 0.0227324
0.261337 9.9973E-05 0.0362973 0.614153 9.9973E-05 9.9973E-05 0.0879123
0.0711636 9.9964E-05 9.9964E-05 0.661573 9.9964E-05 9.9964E-05 0.266863
0.714917 9.9973E-05 9.9973E-05 0.131509 9.9973E-05 0.0157935 0.13748
0.985885 9.9955E-05 9.9955E-05 9.9955E-05 9.9955E-05 0.0136154 9.9955E-05
0.259902 9.9982E-05 9.9982E-05 0.568557 0.0360005 0.0364413 0.0988987
0.379304 0.114618 9.9982E-05 0.290386 0.189111 0.0263811 9.9982E-05
0.9994 9.995E-05 9.995E-05 9.995E-05 9.995E-05 9.995E-05 9.995E-05
0.339737 0.06036 0.0685996 0.372869 0.158235 9.9982E-05 9.9982E-05
0.241926 9.9991E-05 0.023024 0.166303 0.474165 0.0713842 0.0230981
9.9982E-05 0.109113 0.708505 0.0856431 9.9982E-05 0.0307613 0.0657778
0.0553957 0.225258 0.688123 9.9973E-05 9.9973E-05 0.0309231 9.9973E-05
9.9973E-05 0.159141 0.803162 9.9973E-05 9.9973E-05 0.0165574 0.0208401
0.261299 0.0684664 0.0190099 0.514854 0.0894178 9.9991E-05 0.0468529
0.121269 0.0486564 9.9982E-05 0.411549 0.370727 0.0475995 9.9982E-05
0.0139005 9.9991E-05 0.0301883 0.717598 0.182315 0.021563 0.034335
0.257545 9.9973E-05 9.9973E-05 0.465889 0.231642 0.0446241 9.9973E-05
9.9973E-05 0.0424105 0.0176666 0.87904 9.9973E-05 0.0605831 9.9973E-05
0.125851 0.0184056 9.9991E-05 0.00150765 0.571351 0.013242 0.269543
0.135654 9.9964E-05 9.9964E-05 9.9964E-05 0.449252 9.9964E-05 0.414694
0.148591 9.9964E-05 9.9964E-05 9.9964E-05 0.723226 9.9964E-05 0.127783
0.0188051 9.9964E-05 9.9964E-05 9.9964E-05 0.953495 0.0272998 9.9964E-05
9.9982E-05 0.023054 0.0812157 0.00664809 0.853402 0.0354807 9.9982E-05
0.0685995 9.9973E-05 9.9973E-05 9.9973E-05 0.87073 0.0129487 0.0474218
0.0890575 0.0335849 0.0459086 9.9991E-05 0.625212 0.0255822 0.180555
0.349523 9.9973E-05 9.9973E-05 0.380665 0.168778 9.9973E-05 0.100734
0.141652 0.0692458 0.00402433 0.347412 0.245825 0.114165 0.0776747
0.509673 0.0444068 0.0492527 0.341473 0.0242668 0.0308278 9.9991E-05
0.490372 9.9982E-05 0.0429537 0.361695 9.9982E-05 0.0452536 0.059525
0.172469 9.9973E-05 9.9973E-05 0.592318 9.9973E-05 0.0127896 0.222123
9.9982E-05 9.9982E-05 0.641874 0.0614872 0.229397 0.0190187 0.0480228
0.176396 0.0736023 0.112256 0.090565 0.508943 9.9991E-05 0.0381383
9.9955E-05 9.9955E-05 9.9955E-05 0.113672 0.885828 9.9955E-05 9.9955E-05
9.995E-05 9.995E-05 9.995E-05 9.995E-05 9.995E-05 0.9994 9.995E-05
0.0363008 0.644564 0.114481 9.9982E-05 0.0739953 9.9982E-05 0.130458
0.0851672 0.535354 0.0301399 9.9982E-05 9.9982E-05 0.0328847 0.316255
0.0926518 0.125084 0.0758008 9.9991E-05 0.0662192 0.034933 0.605212
9.9982E-05 9.9982E-05 0.114408 0.0988843 0.116394 0.0408061 0.629308
9.9973E-05 0.541861 0.0914003 0.0703852 9.9973E-05 9.9973E-05 0.296054
0.240207 9.9955E-05 9.9955E-05 9.9955E-05 0.759293 9.9955E-05 9.9955E-05
0.084292 0.204964 0.517032 9.9991E-05 0.142508 0.0364773 0.0146271
9.9973E-05 9.9973E-05 9.9973E-05 0.212259 0.701104 0.0463075 0.0400299
9.9991E-05 0.215764 0.275229 0.112162 0.324194 0.00985105 0.0626992
0.0196157 0.237432 0.0859123 9.9973E-05 9.9973E-05 9.9973E-05 0.65674
9.9973E-05 0.518647 0.06548 9.9973E-05 0.285065 9.9973E-05 0.130508
9.9973E-05 0.222597 0.128358 9.9973E-05 0.274112 9.9973E-05 0.374633
0.0779265 9.9964E-05 9.9964E-05 9.9964E-05 0.0937691 9.9964E-05 0.827905
9.9964E-05 0.664664 9.9964E-05 9.9964E-05 0.333665 0.00127184 9.9964E-05
9.9964E-05 9.9964E-05 9.9964E-05 9.9964E-05 0.143943 0.00713799 0.848519
0.17173 0.086676 0.054592 0.0699459 0.595442 0.0215139 9.9991E-05
0.077786 0.0802296 0.0983477 0.0976965 0.551402 0.0944382 9.9991E-05
0.0331482 0.0243747 9.9991E-05 0.217483 0.59746 0.0484926 0.0789411
9.9973E-05 9.9973E-05 0.204697 9.9973E-05 0.558779 0.000588831 0.235636
0.123004 0.0158717 0.112519 0.0113742 0.372026 9.9991E-05 0.365105
9.9982E-05 0.125417 0.374514 0.10445 0.00350768 9.9982E-05 0.391911
0.269863 0.18284 9.9973E-05 0.536166 9.9973E-05 0.0108316 9.9973E-05
0.0949154 9.9991E-05 0.0560926 0.665032 0.149676 0.0147824 0.0194014
0.215894 0.160062 0.143996 0.00283991 0.477007 9.9982E-05 9.9982E-05
0.261245 0.0365376 0.0465127 9.9982E-05 0.299254 9.9982E-05 0.35625
0.280218 0.191371 0.209889 9.9982E-05 0.2846 0.0337225 9.9982E-05
9.9955E-05 9.9955E-05 0.694674 9.9955E-05 0.304826 9.9955E-05 9.9955E-05
9.99639E-05 9.99639E-05 9.99639E-05 0.625403 0.337899 0.0362976 9.99639E-05
0.501579 9.9973E-05 9.9973E-05 0.275737 0.121983 9.9973E-05 0.100401
0.229405 0.115909 9.9973E-05 0.343479 0.310907 9.9973E-05 9.9973E-05
9.9982E-05 0.371585 0.41645 0.0783746 0.0700287 0.0633624 9.9982E-05
0.00638133 0.571983 0.223962 0.0505779 9.9982E-05 9.9982E-05 0.146896
9.9991E-05 0.618334 0.0142091 0.0650193 0.0249228 0.0211088 0.256306
0.0894815 0.692279 0.0997696 0.0528687 9.9982E-05 9.9982E-05 0.0654012
0.0150933 0.385397 0.343545 9.9973E-05 9.9973E-05 9.9973E-05 0.255665
0.00971745 0.586607 0.141222 9.9991E-05 0.0951897 0.0239291 0.143235
9.9973E-05 0.629888 0.157415 0.0829013 9.9973E-05 9.9973E-05 0.129497
0.104586 0.559381 9.9964E-05 9.9964E-05 9.9964E-05 9.9964E-05 0.335632
9.9982E-05 0.366893 0.304454 0.037886 0.0679864 9.9982E-05 0.222581
9.9955E-05 9.9955E-05 9.9955E-05 0.00286497 9.9955E-05 9.9955E-05 0.996635
9.9964E-05 9.9964E-05 0.0816803 9.9964E-05 9.9964E-05 0.0320659 0.885854
0.0427516 0.0458694 0.00945532 9.9982E-05 0.00455245 9.9982E-05 0.897171
0.0396899 0.277959 0.224763 0.0565386 0.108495 9.9991E-05 0.292455
9.9982E-05 0.117742 9.9982E-05 0.0372972 0.0379479 0.0228578 0.783955
0.0511927 0.00316123 0.210822 9.9991E-05 0.0843054 0.0169113 0.633507
9.9991E-05 0.634701 0.0074786 0.0525254 0.0309763 0.00179625 0.272423
0.0246281 9.9964E-05 0.811749 9.9964E-05 0.163223 9.9964E-05 9.9964E-05
9.9964E-05 0.108433 0.810815 9.9964E-05 0.0803513 9.9964E-05 9.9964E-05
9.9964E-05 9.9964E-05 0.797804 9.9964E-05 9.9964E-05 0.0128841 0.188912
0.112783 0.0357282 0.698704 9.9982E-05 9.9982E-05 0.0294098 0.123176
0.0501808 0.07836 0.749124 0.0185057 0.0781531 0.0255768 9.9991E-05
0.0736079 0.510124 9.9982E-05 0.0548019 0.143255 9.9982E-05 0.218011
9.9964E-05 0.749036 0.135502 9.9964E-05 0.115062 9.9964E-05 9.9964E-05
0.707988 9.9955E-05 9.9955E-05 0.291512 9.9955E-05 9.9955E-05 9.9955E-05
0.037222 9.9982E-05 0.0391548 0.815192 9.9982E-05 0.0205908 0.0876403
0.0412283 0.0640657 0.0209275 0.858364 9.9991E-05 0.0113265 0.00398788
9.9982E-05 0.0319572 0.0185629 0.667863 0.2775 9.9982E-05 0.00391726
0.0675186 9.9982E-05 9.9982E-05 0.803428 0.0563866 0.0232678 0.0491996
0.190981 9.9982E-05 0.0941006 0.649829 9.9982E-05 0.00752161 0.0573677
0.0798446 9.9973E-05 9.9973E-05 0.830265 0.079996 0.00959481 9.9973E-05
0.467102 0.018328 0.0814249 0.432845 9.9973E-05 9.9973E-05 9.9973E-05
0.27823 9.9973E-05 0.0795069 0.62108 0.0208836 9.9973E-05 9.9973E-05
0.312202 0.00233595 0.0680924 0.579159 0.0350289 0.00308158 9.9991E-05
0.0788179 0.0100477 9.9991E-05 0.783629 0.0875609 0.0240048 0.0158399
0.114532 9.9991E-05 0.0140032 0.708392 0.0413791 0.0304451 0.0911485
0.171381 0.0474781 0.0441416 0.672651 9.9991E-05 0.0176384 0.0466092
0.268361 9.9982E-05 0.0628199 0.629466 9.9982E-05 0.00150956 0.0376436
0.22198 0.0827848 9.9982E-05 0.651584 0.0425511 0.000900307 9.9982E-05
9.9964E-05 0.0383963 9.9964E-05 0.953863 9.9964E-05 0.00734081 9.9964E-05
0.108334 0.00526101 0.0865638 0.794031 0.00532769 0.000381778 9.9991E-05
9.9982E-05 0.0854275 0.065267 0.162976 0.679881 9.9982E-05 0.00624813
9.9973E-05 0.0210038 9.9973E-05 0.00716959 0.868015 9.9973E-05 0.103512
0.241926 0.0519031 9.9973E-05 0.65099 0.054881 9.9973E-05 9.9973E-05
0.393474 0.211897 9.9991E-05 0.349278 0.0329502 0.0104864 0.00181432
0.9994 9.995E-05 9.995E-05 9.995E-05 9.995E-05 9.995E-05 9.995E-05
0.218191 0.0952472 9.9973E-05 9.9973E-05 0.529033 9.9973E-05 0.157229
9.9982E-05 0.893036 9.9982E-05 0.03435 0.0289607 0.0121603 0.0312931
9.9982E-05 0.614326 0.224585 0.0359381 9.9982E-05 0.0258909 0.09906
0.105893 0.321103 0.386601 9.9982E-05 0.0944843 9.9982E-05 0.0917178
0.0160694 0.0525364 0.521355 9.9991E-05 0.089401 0.00597695 0.314561
9.9973E-05 0.104232 0.703761 0.0562458 0.135462 9.9973E-05 9.9973E-05
0.115743 9.9982E-05 0.800651 9.9982E-05 0.0258177 0.00363336 0.0539545
0.0417988 0.101668 0.703206 9.9991E-05 0.0489693 0.0111518 0.0931068
0.0056746 0.0201769 0.686967 9.9991E-05 0.155001 0.0246396 0.107442
0.0289518 9.9991E-05 0.688564 0.0617955 0.126943 0.03602 0.0576267
9.9991E-05 0.0477611 0.722346 0.102088 0.00780003 0.0690413 0.0508631
9.9982E-05 0.700836 0.144747 9.9982E-05 0.122505 0.00818926 0.0235217
0.10664 0.798841 0.0194722 9.9982E-05 0.017902 0.0569451 9.9982E-05
0.104309 0.75806 9.9982E-05 9.9982E-05 0.0622937 0.0335582 0.041579
9.99641E-05 0.683853 9.99641E-05 0.0343694 0.281378 9.99641E-05 9.99641E-05
0.0365418 0.771885 9.9982E-05 9.9982E-05 0.0651253 0.0194225 0.106826
9.9973E-05 0.527776 9.9973E-05 0.024411 0.306134 9.9973E-05 0.141379
0.0547439 0.146726 0.179674 9.9982E-05 0.103941 9.9982E-05 0.514715
0.0785207 9.9982E-05 0.0372399 0.0407753 9.9982E-05 0.0121697 0.831094
9.9982E-05 0.113584 9.9982E-05 0.0537047 0.0312206 0.0342064 0.767085
0.0290805 0.142421 0.0932027 0.0261501 0.0964512 0.0234897 0.589205
0.0451217 0.240357 0.00246304 0.0355347 0.0323262 0.00302076 0.641177
0.0301847 9.9982E-05 0.596831 0.106876 9.9982E-05 0.128989 0.136918
0.651449 0.0107952 9.9991E-05 0.188064 0.0955583 0.0160143 0.0380189
0.265583 9.9973E-05 0.0872324 0.616951 9.9973E-05 0.029934 9.9973E-05
0.026305 9.9964E-05 9.9964E-05 0.822579 0.150716 9.9964E-05 9.9964E-05
9.9982E-05 0.00619906 0.0558028 0.768541 0.112008 9.9982E-05 0.0572493
0.1194 0.117351 0.0403917 0.705629 9.9982E-05 0.0170272 9.9982E-05
0.103221 0.17644 0.249605 0.0402484 0.0866093 0.0126754 0.3312
0.0630091 0.314887 0.22796 9.9991E-05 0.00391436 0.0179571 0.372173
9.9982E-05 0.191403 0.0460633 0.00542056 9.9982E-05 0.0403474 0.716566
9.9982E-05 0.174 0.239544 9.9982E-05 0.263933 0.0528828 0.26944
