0.0258396 0.0960809 0.85551 0.0225694
0.000647072 0.087236 0.88191 0.0302065
9.999E-05 0.201327 0.745254 0.0533188
0.0181228 0.0520445 0.901769 0.0280636
0.0267252 0.032571 0.907573 0.0331312
0.0328893 0.0455429 0.915632 0.00593544
0.0429712 0.140318 0.816611 9.9991E-05
9.999E-05 0.0310418 0.899571 0.0692875
0.0978424 0.230549 0.659333 0.0122761
0.0691114 0.32043 0.59228 0.0181792
0.213525 0.0828837 0.660368 0.0432228
0.0897623 0.250635 0.612255 0.0473476
0.270065 0.158793 0.508321 0.0628208
0.125497 0.304988 0.569415 9.9991E-05
0.0285051 0.211399 0.704998 0.0550979
9.9991E-05 0.114754 0.867287 0.0178592
9.9982E-05 0.270194 0.729606 9.9982E-05
9.9991E-05 0.141043 0.832865 0.025992
0.138016 0.622736 0.174642 0.0646063
0.0432327 0.757463 0.199205 9.9991E-05
9.9991E-05 0.750129 0.240761 0.0090101
0.0263734 0.958776 0.00314057 0.0117105
9.9982E-05 0.962153 9.9982E-05 0.0376473
0.00358347 0.882818 0.0838887 0.0297098
0.00464402 0.736553 0.258703 9.9991E-05
9.9991E-05 0.958022 0.0169418 0.0249359
0.0600819 0.912107 9.9991E-05 0.0277113
0.0337179 0.929438 9.9991E-05 0.0367442
0.00982208 0.989978 9.9982E-05 9.9982E-05
0.110419 0.871176 0.0183056 9.9991E-05
0.0164128 0.977126 9.9991E-05 0.00636146
0.0330575 0.895694 0.0266411 0.0446079
9.9991E-05 0.886037 0.0428015 0.0710612
0.000799356 0.23057 0.677296 0.091335
0.0236279 0.300885 0.675387 9.9991E-05
0.0527311 0.205886 0.736328 0.00505574
0.0307471 0.0726488 0.845598 0.0510058
0.125921 0.189546 0.671437 0.0130967
9.998E-05 9.998E-05 9.998E-05 0.9997
0.0464538 0.869138 0.0556202 0.0287882
0.0873629 0.165076 0.738511 0.00904964
9.9982E-05 0.187086 0.812714 9.9982E-05
0.2151 0.329223 0.442985 0.0126914
0.320911 0.192583 0.422139 0.064367
0.284632 0.0785332 0.614538 0.0222969
9.998E-05 9.998E-05 9.998E-05 0.9997
0.0802918 0.265014 0.58484 0.0698542
0.226878 0.215884 0.557138 9.9991E-05
0.141463 0.425609 0.407827 0.0251013
0.887532 0.00620719 0.0610767 0.0451838
0.917627 9.9991E-05 0.0433669 0.0389066
0.875966 0.0177446 0.0951341 0.0111555
0.828853 9.9991E-05 0.102961 0.0680853
0.861269 0.0707089 9.9991E-05 0.0679217
0.903726 0.0960745 9.9982E-05 9.9982E-05
0.775302 0.000828674 0.223769 9.9991E-05
0.890194 0.00823965 0.0817227 0.0198441
0.905058 0.0571092 9.9991E-05 0.0377331
0.848491 0.00019107 0.106453 0.0448651
0.761953 9.9991E-05 0.184745 0.0532013
0.901157 0.0819853 9.9991E-05 0.0167579
0.797767 0.0495988 0.152534 9.9991E-05
0.548772 0.0789396 0.29 0.0822893
0.0353636 0.781883 0.149714 0.0330396
0.0160846 0.80578 0.154021 0.0241141
9.9991E-05 0.923523 0.0624148 0.0139623
0.813092 0.0560152 0.103729 0.0271637
0.70233 9.9991E-05 0.20112 0.0964506
0.843584 0.0587096 0.0791829 0.0185234
0.843563 0.0595326 0.0540702 0.0428347
0.8877 9.9991E-05 0.0577947 0.0544057
0.371533 9.9991E-05 0.621958 0.00640845
0.326124 0.0778526 0.595923 9.9991E-05
0.343068 0.0677972 0.585972 0.00316232
0.334238 0.0707125 0.565581 0.0294689
0.253958 0.189637 0.513043 0.0433612
0.350067 0.0912098 0.518296 0.0404273
0.260674 0.149106 0.565269 0.0249512
0.76036 9.9982E-05 0.23944 9.9982E-05
0.581031 0.0218091 0.246713 0.150447
0.819445 0.131835 0.0137138 0.0350069
0.820803 0.107458 9.9991E-05 0.071639
0.787586 9.9991E-05 0.160457 0.0518564
0.112727 0.775852 0.0761835 0.0352374
0.474956 0.110071 0.400055 0.014919
0.409682 9.9982E-05 0.590118 9.9982E-05
9.998E-05 9.998E-05 9.998E-05 0.9997
9.9982E-05 0.215334 0.784466 9.9982E-05
9.9991E-05 0.193369 0.784442 0.0220892
0.0198201 0.21809 0.713691 0.0483989
0.122646 0.272588 0.552159 0.0526068
0.0183831 0.174835 0.806682 9.9991E-05
0.433307 0.0347255 0.510834 0.0211333
0.0519999 0.60202 0.282434 0.0635463
0.437505 0.00145184 0.454813 0.10623
0.145988 0.368326 0.432782 0.052904
9.9982E-05 0.257347 0.742453 9.9982E-05
9.9991E-05 0.114871 0.88088 0.00414853
9.9982E-05 0.250119 0.749682 9.9982E-05
0.105243 0.0711535 0.780095 0.0435088
0.0522806 0.0958679 0.818786 0.033066
9.9991E-05 0.112096 0.868531 0.0192731
0.420214 0.145443 0.39004 0.044304
0.355974 0.0918593 0.441248 0.110918
0.401011 0.0690849 0.421543 0.108361
0.121516 0.325444 0.531633 0.021407
0.262769 0.227099 0.510032 9.9991E-05
0.04312 0.566722 0.390058 9.9991E-05
0.850295 0.0292321 0.0835797 0.036893
0.83213 0.0691865 0.0614734 0.0372098
0.379751 0.237684 0.382465 9.9991E-05
0.335587 0.16908 0.457887 0.0374456
0.317823 0.281104 0.357944 0.0431295
0.0271158 0.826307 0.146477 9.9991E-05
0.786388 0.149506 0.00893999 0.0551661
0.797111 0.00228795 0.200501 9.9991E-05
0.636202 9.9982E-05 0.363598 9.9982E-05
0.04563 0.515502 0.376736 0.0621319
0.0153706 0.2697 0.704894 0.0100359
0.0394815 0.0466078 0.889321 0.0245899
0.0966978 0.135438 0.767764 9.9991E-05
9.9982E-05 0.442849 0.556951 9.9982E-05
0.0138921 0.261616 0.70025 0.0242415
0.0135147 0.178127 0.808258 9.9991E-05
0.0528588 0.034241 0.901951 0.0109496
0.0392892 0.420967 0.539643 9.9991E-05
9.9991E-05 0.170435 0.82873 0.000735671
9.9991E-05 0.244571 0.72813 0.0271984
9.9991E-05 0.10407 0.887127 0.0087031
0.108494 0.307377 0.571824 0.0123046
0.0406661 0.0957424 0.804641 0.0589505
0.0808939 0.304477 0.603806 0.010823
0.0257605 0.120654 0.853485 9.9991E-05
0.024265 0.907415 0.0682198 9.99925E-05
9.9982E-05 0.996569 0.00323085 9.9982E-05
9.9982E-05 0.97035 9.9982E-05 0.02945
0.0720295 0.924441 0.00100473 0.0025246
0.028633 0.90456 0.0504321 0.0163752
0.11464 0.00997623 0.861714 0.0136704
9.9991E-05 0.137499 0.813352 0.0490488
0.9997 9.998E-05 9.998E-05 9.998E-05
0.846396 0.100069 9.9991E-05 0.0534345
0.974279 0.0134365 9.9991E-05 0.0121849
0.7755 0.107158 0.107606 0.00973643
0.916816 9.9991E-05 0.0334137 0.0496701
0.881005 0.0901469 9.9991E-05 0.028748
0.973522 9.9991E-05 0.021379 0.00499879
0.910158 0.0613059 0.0250745 0.00346202
0.908325 0.0914751 9.9982E-05 9.9982E-05
0.923614 0.0761861 9.9982E-05 9.9982E-05
0.884777 9.9991E-05 0.0516299 0.0634928
0.814184 0.0381357 0.0900792 0.0576009
0.841096 0.0527202 0.102108 0.00407576
0.922522 0.0730027 9.9991E-05 0.00437515
0.88722 9.9991E-05 0.0895515 0.0231289
0.934995 9.9991E-05 0.0289438 0.0359617
0.928012 0.0662069 9.9991E-05 0.00568066
0.401329 0.106392 0.482104 0.0101745
0.219731 0.156457 0.623712 9.9991E-05
0.947325 9.9982E-05 0.0524747 9.9982E-05
0.742997 9.9991E-05 0.231316 0.0255868
0.988126 9.9982E-05 9.9982E-05 0.011674
0.382606 0.0121558 0.599859 0.005379
9.9991E-05 0.0442688 0.939348 0.016283
9.9991E-05 0.260613 0.726605 0.0126822
0.0726124 0.481339 0.445948 9.9991E-05
0.0069801 0.690959 0.300453 0.00160781
0.0431844 0.923737 0.021282 0.0117963
0.0609323 0.909643 0.0166318 0.0127932
9.9991E-05 0.84785 0.135992 0.0160581
0.0454144 0.842427 0.0876199 0.024539
0.120934 0.797616 0.0490949 0.0323558
0.041799 0.830736 0.0595299 0.0679347
9.9991E-05 0.142742 0.844175 0.0129828
0.0739927 0.0573115 0.812695 0.0560011
0.042344 9.9991E-05 0.877889 0.0796672
9.9982E-05 9.9982E-05 0.988661 0.0111388
9.9982E-05 9.9982E-05 0.968457 0.0313431
0.0872518 0.0181735 0.878211 0.0163637
0.0249162 0.260842 0.696473 0.0177682
0.0718701 0.232479 0.677663 0.0179886
9.9991E-05 0.160822 0.783407 0.0556707
0.0714634 0.261853 0.648433 0.0182509
0.0468084 0.167359 0.745724 0.0401081
0.0809677 0.739428 0.0322071 0.147397
0.826471 0.0227069 0.123556 0.0272667
0.886329 0.0699681 9.9991E-05 0.0436033
0.945043 0.0169238 0.0302286 0.00780493
0.782375 0.0782444 0.102793 0.0365881
0.849575 0.0920601 0.000531074 0.0578342
0.128658 0.351086 0.475182 0.0450743
0.0137961 0.360776 0.583245 0.0421824
9.9991E-05 0.203453 0.740403 0.0560439
9.9991E-05 0.363732 0.568159 0.068009
