0.0048911 0.706541 0.118167 0.0898967 0.0565921 9.9991E-05 0.0238121
0.0315616 0.63155 9.9973E-05 0.292657 0.0439311 9.9973E-05 9.9973E-05
0.0302788 0.674571 0.191104 9.9982E-05 9.9982E-05 0.0480079 0.0558388
0.0164137 0.691672 0.0508572 0.0586734 9.9991E-05 0.0216872 0.160596
0.0272581 0.839928 9.9982E-05 0.0633392 0.0465001 0.0227746 9.9982E-05
9.9973E-05 0.651959 9.9973E-05 0.221557 0.101819 9.9973E-05 0.0243661
9.9982E-05 0.54704 0.0362841 0.229797 0.0786132 9.9982E-05 0.108066
0.0420689 0.616482 9.9973E-05 0.210846 9.9973E-05 9.9973E-05 0.130303
9.9982E-05 0.14192 0.0787718 0.683036 0.0532235 0.0428483 9.9982E-05
0.0388604 0.29552 0.144092 0.362002 0.0620563 9.9991E-05 0.09737
0.0496764 0.109439 0.0562851 0.28873 9.9991E-05 0.114661 0.381108
0.0181435 0.147943 0.159805 0.591646 0.0456335 0.0367295 9.9991E-05
0.0422758 0.0286089 0.00905176 0.138659 0.0442265 9.9991E-05 0.737078
9.9982E-05 0.0365204 0.131563 0.651998 9.9982E-05 0.118666 0.0610529
0.0523141 0.287824 0.0845818 0.507845 0.067235 9.9982E-05 9.9982E-05
0.000609291 0.213758 0.0313996 0.646545 9.9991E-05 0.00615217 0.101436
9.9973E-05 0.366843 0.179499 0.437316 9.9973E-05 0.0160426 9.9973E-05
0.0186483 0.512922 9.9964E-05 0.468029 9.9964E-05 9.9964E-05 9.9964E-05
0.0474883 0.0445564 0.440305 0.170757 0.185236 0.0183262 0.093331
9.9973E-05 9.9973E-05 0.516824 0.327065 0.0610747 9.9973E-05 0.0947366
0.00970101 0.188329 0.655872 0.0605213 9.9991E-05 0.0644482 0.0210284
9.9982E-05 0.0401569 0.786231 9.9982E-05 0.0288697 0.0836606 0.0608818
0.0537881 0.0222745 0.796049 0.00989605 0.0904988 9.9991E-05 0.0273939
0.0348784 0.00945003 0.731022 0.156981 0.0674681 9.9982E-05 9.9982E-05
9.9982E-05 0.166282 0.699375 0.0320505 9.9982E-05 0.0215951 0.0804977
9.9964E-05 0.129212 0.841122 9.9964E-05 0.0292667 9.9964E-05 9.9964E-05
0.0426158 9.9973E-05 0.860238 9.9973E-05 0.0174589 0.0793875 9.9973E-05
0.0242046 9.9973E-05 0.723392 0.124242 0.127862 9.9973E-05 9.9973E-05
9.9964E-05 0.0953133 0.853973 9.9964E-05 9.9964E-05 0.0503137 9.9964E-05
9.9973E-05 0.101144 0.759852 9.9973E-05 0.0442223 0.0944824 9.9973E-05
0.00512734 9.9982E-05 0.848502 0.0455469 0.100075 9.9982E-05 0.000548631
0.0176535 9.9973E-05 0.769958 0.106552 9.9973E-05 0.105536 9.9973E-05
0.0488567 0.0180686 0.719382 0.095171 0.0823868 9.9991E-05 0.0360348
0.0685423 0.3069 0.15942 0.254057 9.9991E-05 0.00904593 0.201935
9.9973E-05 0.607064 0.154346 0.194065 9.9973E-05 0.0442246 9.9973E-05
9.9973E-05 0.7448 0.128195 9.9973E-05 9.9973E-05 0.0899067 0.0367981
0.0256109 0.705807 0.111338 9.9982E-05 9.9982E-05 0.0182203 0.138824
0.00619773 0.307062 0.145742 0.181061 0.0286043 0.0470708 0.284261
0.9994 9.995E-05 9.995E-05 9.995E-05 9.995E-05 9.995E-05 9.995E-05
0.0261487 9.9982E-05 0.710328 0.019003 9.9982E-05 0.0339756 0.210345
9.9973E-05 0.597369 0.123102 0.125019 0.15421 9.9973E-05 9.9973E-05
9.9973E-05 0.413103 0.0693784 0.41483 9.9973E-05 9.9973E-05 0.102388
9.9982E-05 0.146288 0.221858 0.359372 0.168313 9.9982E-05 0.103969
0.0648639 0.0515426 0.112835 0.138094 0.108966 0.0219095 0.501788
0.0165903 9.9973E-05 0.0640535 9.9973E-05 0.0313171 9.9973E-05 0.887739
0.9994 9.995E-05 9.995E-05 9.995E-05 9.995E-05 9.995E-05 9.995E-05
0.0838472 0.220445 0.191432 0.240375 0.0147005 9.9991E-05 0.2491
9.9982E-05 0.287164 0.0766799 0.13666 0.144521 9.9982E-05 0.354776
0.0280124 0.182562 0.2802 0.292077 9.9991E-05 0.143116 0.0739331
0.0246913 9.9982E-05 9.9982E-05 0.12131 0.490941 0.254232 0.108625
0.0393315 9.9991E-05 0.00459444 0.0560416 0.273515 0.558686 0.0677316
9.9973E-05 0.0509863 9.9973E-05 0.110711 0.4639 0.374103 9.9973E-05
0.051789 9.9982E-05 9.9982E-05 0.130922 0.075896 0.62451 0.116683
0.0521349 9.9982E-05 0.0765152 0.0384087 0.108809 0.723932 9.9982E-05
9.9973E-05 9.9973E-05 0.0794627 0.0535287 0.340919 0.52579 9.9973E-05
9.9964E-05 9.9964E-05 9.9964E-05 0.28724 0.121413 0.590947 9.9964E-05
9.9964E-05 9.9964E-05 9.9964E-05 0.123703 0.745357 0.13054 9.9964E-05
9.995E-05 9.995E-05 9.995E-05 9.995E-05 0.9994 9.995E-05 9.995E-05
0.0280061 9.9982E-05 9.9982E-05 0.129403 0.0422668 0.756428 0.0436967
0.0416482 0.0307409 9.9991E-05 0.0168374 0.258693 0.35186 0.300121
9.995E-05 9.995E-05 9.995E-05 9.995E-05 0.9994 9.995E-05 9.995E-05
9.9982E-05 9.9982E-05 0.0636635 0.0834575 0.176696 0.52076 0.155223
0.0766962 9.9982E-05 9.9982E-05 0.0650797 0.15575 0.172775 0.529499
0.0184874 0.105663 0.723316 0.0430175 9.9991E-05 0.0857651 0.0236515
0.0271088 0.173955 0.686277 0.0474321 0.0650278 9.9982E-05 9.9982E-05
0.0101254 0.106461 0.813759 0.0423513 0.0216818 0.00552232 9.9991E-05
0.00782769 0.0329864 0.079359 0.0874939 0.245712 0.490657 0.0559635
0.0605438 9.9982E-05 9.9982E-05 0.0710986 0.0661757 0.446283 0.355699
0.0164874 0.08626 0.0563592 9.9991E-05 0.23721 0.546553 0.0570307
0.0380369 9.9982E-05 0.0386505 9.9982E-05 0.282672 0.421858 0.218582
0.0423116 0.00493835 0.0524357 9.9973E-05 9.9973E-05 0.900014 9.9973E-05
9.9982E-05 0.062943 9.9982E-05 0.232598 0.15356 0.0474968 0.503203
9.9964E-05 9.9964E-05 9.9964E-05 0.311703 0.0557636 9.9964E-05 0.632133
9.9973E-05 9.9973E-05 9.9973E-05 0.148019 0.140472 0.002235 0.708975
0.0381788 9.9964E-05 9.9964E-05 9.9964E-05 0.0272693 9.9964E-05 0.934152
0.0403627 9.9973E-05 0.117173 9.9973E-05 9.9973E-05 0.0194632 0.822701
0.0325597 9.9964E-05 9.9964E-05 9.9964E-05 0.0329194 9.9964E-05 0.934121
0.0431768 0.140163 0.0906422 9.9982E-05 0.0330773 9.9982E-05 0.69274
9.9973E-05 9.9973E-05 9.9973E-05 0.220175 0.213931 0.48043 0.0851641
0.108702 0.0122506 0.039373 0.191263 0.153065 0.317817 0.17753
0.0173634 0.0468772 0.0533359 9.9991E-05 0.295924 0.462185 0.124214
0.0618473 9.9991E-05 0.0630604 0.00368953 0.334704 0.44999 0.0866094
0.0261945 9.9964E-05 9.9964E-05 0.22368 9.9964E-05 0.749726 9.9964E-05
0.0301658 9.9982E-05 0.615022 0.192837 9.9982E-05 0.084721 0.0770547
9.9991E-05 0.111995 0.0621011 0.0226163 0.143023 0.161684 0.49848
9.9973E-05 0.106207 9.9973E-05 9.9973E-05 0.0816786 0.108778 0.703036
0.9994 9.995E-05 9.995E-05 9.995E-05 9.995E-05 9.995E-05 9.995E-05
9.9982E-05 0.571375 0.124797 0.160207 0.0586621 9.9982E-05 0.0847593
0.0488043 0.570487 0.136536 0.220929 0.0230442 9.9982E-05 9.9982E-05
0.00852379 0.0817138 0.142682 0.566903 0.0978889 9.9991E-05 0.102188
0.0109391 9.9991E-05 0.10568 0.679011 0.0915736 0.0164603 0.0962359
9.9982E-05 0.469205 0.0415877 0.399933 9.9982E-05 0.0762771 0.0127969
9.9973E-05 0.0162988 0.0466231 9.9973E-05 0.205402 9.9973E-05 0.731376
0.0322691 0.186512 0.515498 0.0155245 0.037135 9.9991E-05 0.212961
0.100587 0.0622633 9.9973E-05 9.9973E-05 9.9973E-05 0.209218 0.627632
0.0505949 0.238328 0.268188 0.0355671 0.0815914 0.0139047 0.311826
9.9973E-05 0.318926 0.0658381 0.609691 0.00524403 9.9973E-05 9.9973E-05
9.9973E-05 0.58043 0.0813149 0.068289 9.9973E-05 9.9973E-05 0.269666
9.9973E-05 0.328111 0.143613 0.325246 9.9973E-05 9.9973E-05 0.202731
0.00549039 9.9964E-05 9.9964E-05 0.924503 0.0696069 9.9964E-05 9.9964E-05
9.9964E-05 0.665487 0.0651708 9.9964E-05 9.9964E-05 9.9964E-05 0.268942
0.00433185 0.00260431 0.0608329 0.870789 9.9982E-05 9.9982E-05 0.0612419
0.0262567 0.155033 0.0131551 9.9991E-05 0.17246 0.0710461 0.561949
0.107448 9.9982E-05 0.0270584 0.24683 9.9982E-05 0.200082 0.418382
0.0806332 0.0902369 9.9991E-05 0.0362319 0.114724 0.102386 0.575688
0.00544546 0.00721263 0.185897 0.18905 9.9982E-05 9.9982E-05 0.612195
9.9991E-05 0.0359326 0.0707427 0.315703 0.0839804 0.0101751 0.483366
9.9982E-05 0.20849 0.45209 0.242934 9.9982E-05 0.0933186 0.00296802
9.9964E-05 0.191859 9.9964E-05 9.9964E-05 0.17133 0.636411 9.9964E-05
0.0218749 9.9991E-05 0.00565037 0.0272683 0.124367 0.640368 0.180372
0.000197912 0.192451 0.113044 9.9982E-05 0.243196 9.9982E-05 0.450912
0.0269866 0.0448051 0.0601793 0.276661 0.207911 0.000630191 0.382827
0.0759859 0.224129 0.202409 9.9982E-05 0.254462 9.9982E-05 0.242814
9.9955E-05 9.9955E-05 0.654129 9.9955E-05 9.9955E-05 9.9955E-05 0.345371
0.0186783 9.9982E-05 0.0914846 9.9982E-05 0.0537046 0.583164 0.252769
9.9991E-05 0.0371494 0.00281326 0.0953296 0.363981 0.400178 0.100448
9.9973E-05 0.116941 9.9973E-05 9.9973E-05 0.123777 0.395962 0.36302
0.0562622 0.329533 0.440747 0.0686649 0.0198189 0.0476832 0.0372904
0.023447 0.529641 0.201573 0.161774 0.071218 0.0122469 9.9991E-05
0.0404283 0.692566 9.9982E-05 0.106243 9.9982E-05 0.0690478 0.0915148
9.9973E-05 0.785385 0.0525103 0.0768797 0.0849252 9.9973E-05 9.9973E-05
9.9973E-05 0.380414 0.33966 0.276579 9.9973E-05 0.00304714 9.9973E-05
0.0188892 0.520289 0.113533 0.229774 9.9991E-05 0.0490132 0.0684027
9.9964E-05 0.829172 0.128183 9.9964E-05 9.9964E-05 0.0422453 9.9964E-05
0.0209792 0.720693 9.9973E-05 0.19374 0.0642883 9.9973E-05 9.9973E-05
9.9982E-05 0.389894 0.322776 0.119742 9.9982E-05 0.0447147 0.122674
9.9982E-05 0.121186 0.00483037 0.843322 9.9982E-05 0.00284385 0.0276176
0.0205104 0.0481801 0.0790439 0.851966 9.9973E-05 9.9973E-05 9.9973E-05
0.00392095 0.191847 0.0646096 0.646142 9.9982E-05 9.9982E-05 0.0932803
9.9982E-05 0.299752 0.194295 0.246993 9.9982E-05 0.107492 0.151268
0.0310961 0.0620843 9.9982E-05 0.866256 9.9982E-05 0.0233469 0.017017
9.9973E-05 9.9973E-05 0.142895 0.733628 0.0181816 9.9973E-05 0.104995
0.00619006 0.702453 0.0432932 0.152773 0.0768364 9.9991E-05 0.018354
9.9973E-05 9.9973E-05 0.814133 0.000963453 9.9973E-05 0.006236 0.178367
9.9973E-05 0.168817 0.803406 9.9973E-05 0.00510799 9.9973E-05 0.0223693
0.0362213 9.9964E-05 0.764654 0.198724 9.9964E-05 9.9964E-05 9.9964E-05
0.0114278 0.053794 0.740585 0.0597903 0.0465555 0.0311272 0.0567202
0.00934235 0.0712699 0.769647 9.9982E-05 0.0898155 9.9982E-05 0.0597258
0.0213964 0.51695 9.9982E-05 0.141488 9.9982E-05 0.0322434 0.287722
0.0171591 0.681328 0.14324 9.9973E-05 9.9973E-05 9.9973E-05 0.157972
9.9964E-05 9.9964E-05 9.9964E-05 9.9964E-05 0.548743 0.418159 0.0326981
0.00723966 9.9982E-05 0.0589778 0.0880833 0.183248 0.662251 9.9982E-05
0.00704452 9.9982E-05 0.0581694 0.0531717 0.188207 0.693207 9.9982E-05
9.9973E-05 9.9973E-05 0.0360849 9.9973E-05 0.114079 0.547636 0.3019
0.0201054 9.9973E-05 9.9973E-05 0.0465317 0.142591 0.790472 9.9973E-05
9.9973E-05 9.9973E-05 0.104264 0.0186503 0.309092 0.567694 9.9973E-05
0.00578172 9.9964E-05 9.9964E-05 9.9964E-05 9.9964E-05 0.91692 0.0768989
0.00775932 9.9982E-05 0.10103 9.9982E-05 0.328781 0.545739 0.0164909
9.9973E-05 9.9973E-05 0.0758272 9.9973E-05 0.241623 0.664006 0.0182439
9.9973E-05 0.0339754 0.040283 9.9973E-05 0.484672 0.440769 9.9973E-05
0.0209156 9.9973E-05 9.9973E-05 9.9973E-05 0.00593141 0.821387 0.151466
0.0240668 9.9991E-05 0.050217 0.0931901 0.0987191 0.682439 0.0512675
0.0174684 0.0725241 0.0415185 0.0510829 0.22614 0.591166 9.9991E-05
0.0106583 0.00576314 0.0572741 0.006682 0.288341 0.631182 9.9991E-05
0.00686879 0.0802097 9.9982E-05 9.9982E-05 0.243987 0.598913 0.0698213
9.9955E-05 0.0303682 9.9955E-05 9.9955E-05 9.9955E-05 0.969132 9.9955E-05
0.016346 0.0139648 0.0389785 9.9991E-05 0.172692 0.748666 0.00925276
9.9973E-05 0.0262997 0.0303737 9.9973E-05 9.9973E-05 0.104735 0.838292
9.9964E-05 9.9964E-05 0.00812591 0.120787 9.9964E-05 9.9964E-05 0.870687
9.9973E-05 0.08826 9.9973E-05 9.9973E-05 0.195554 0.675909 0.0399772
9.9973E-05 0.185133 9.9973E-05 9.9973E-05 0.568227 0.172203 0.0741382
9.995E-05 9.995E-05 9.995E-05 9.995E-05 0.9994 9.995E-05 9.995E-05
9.9973E-05 0.0922219 9.9973E-05 0.128463 0.204021 9.9973E-05 0.574995
0.0260094 0.902054 9.9982E-05 0.0180186 9.9982E-05 0.0263986 0.0273192
0.0201096 0.508192 0.181227 0.270655 0.0196163 9.9982E-05 9.9982E-05
9.9973E-05 0.415752 0.349979 9.9973E-05 0.0904239 9.9973E-05 0.143546
9.9982E-05 0.164415 0.614573 0.0641702 0.0429592 9.9982E-05 0.113683
0.00588702 9.9982E-05 0.752903 0.0867733 9.9982E-05 0.0257897 0.128447
9.9973E-05 9.9973E-05 0.762088 0.125283 0.105645 9.9973E-05 0.00668429
0.0124153 0.065984 0.718823 0.131391 0.00635911 9.9991E-05 0.0649279
0.00936805 9.9982E-05 0.754067 0.15392 9.9982E-05 0.0601172 0.0223284
0.0176664 9.9991E-05 0.652736 0.150116 0.00258796 0.0608747 0.115919
0.0291559 0.120323 0.672096 0.0229407 9.9982E-05 0.155285 9.9982E-05
9.9982E-05 0.75681 0.0211795 0.0879767 9.9982E-05 0.0107358 0.123098
0.0507197 0.770424 0.0208257 9.9982E-05 0.0421714 9.9982E-05 0.115659
0.0308079 0.769228 9.9973E-05 9.9973E-05 0.0409405 9.9973E-05 0.158724
0.000752145 0.711211 9.9973E-05 9.9973E-05 9.9973E-05 0.0870502 0.200687
0.0220599 0.745719 9.9982E-05 0.10509 0.0325431 9.9982E-05 0.0943884
9.9973E-05 0.558652 0.0126044 9.9973E-05 0.0312016 9.9973E-05 0.397242
0.0255918 0.12626 0.0982376 0.698252 0.0447267 9.9991E-05 0.00683175
9.9973E-05 9.9973E-05 9.9973E-05 0.923832 0.0565585 0.0163234 0.00298668
0.0301613 9.9964E-05 9.9964E-05 0.96008 9.9964E-05 0.00935872 9.9964E-05
9.9982E-05 0.172968 0.0764047 0.575848 9.9982E-05 0.0201324 0.154447
0.0189544 0.107974 0.0533224 0.737772 0.00637813 0.0754995 9.9991E-05
0.130148 9.9982E-05 0.563008 0.198051 0.0212092 0.087384 9.9982E-05
0.00980909 0.0225047 9.9982E-05 9.9982E-05 0.704814 0.105082 0.157591
0.042532 9.9982E-05 0.0603173 9.9982E-05 0.279013 0.547444 0.0704932
9.9973E-05 9.9973E-05 9.9973E-05 0.0152395 0.115124 0.755589 0.113748
9.9982E-05 0.0892049 9.9982E-05 0.0657176 0.0858423 0.650718 0.108317
0.0205688 0.0605436 0.0970177 9.9982E-05 0.043299 0.778371 9.9982E-05
0.0240613 0.0880266 0.128036 0.619374 0.133062 0.00733997 9.9991E-05
0.0298374 0.342933 0.223118 0.349467 0.0360832 0.0064553 0.0121058
0.0412286 0.07629 9.9973E-05 0.859878 0.0223037 9.9973E-05 9.9973E-05
0.0622461 0.264321 0.182271 0.310026 0.0209312 9.9991E-05 0.160105
