0.809388 0.0135481 0.177064
0.81655 9.9991E-05 0.18335
0.675635 0.00863387 0.315731
0.947885 0.0262776 0.0258371
0.94569 0.0179538 0.0363561
0.912561 0.0392482 0.0481913
0.887498 0.0211426 0.0913593
0.927627 9.9991E-05 0.0722734
0.672198 0.0762884 0.251514
0.680448 0.0619232 0.257629
0.656166 0.178522 0.165312
0.647054 0.0870956 0.265851
0.554398 0.335885 0.109717
0.688388 0.0863195 0.225293
0.68726 0.0700803 0.242659
0.783566 0.0125452 0.203888
0.709873 9.9991E-05 0.290027
0.86041 9.9991E-05 0.13949
0.184759 0.237334 0.577907
0.209894 9.9991E-05 0.790006
0.266271 0.0410627 0.692666
0.0494125 0.0542906 0.896297
9.999E-05 9.999E-05 0.9998
0.0815983 0.0274584 0.890943
0.284162 9.9991E-05 0.715738
9.999E-05 9.999E-05 0.9998
9.9991E-05 0.0604332 0.939467
9.9991E-05 0.0994062 0.900494
9.999E-05 9.999E-05 0.9998
0.0939685 0.0712531 0.834778
9.9991E-05 0.0451184 0.954782
0.0231844 0.0271933 0.949622
0.100001 9.9991E-05 0.899899
0.675329 0.0619749 0.262696
0.700376 9.9991E-05 0.299524
0.87294 0.031928 0.0951323
0.893364 0.0448634 0.0617722
0.683414 0.116412 0.200174
9.9991E-05 0.414334 0.585566
0.0946869 0.0680371 0.837276
0.716663 0.0778498 0.205487
0.789718 9.9991E-05 0.210182
0.506932 0.177042 0.316026
0.502321 0.362075 0.135604
0.61951 0.301766 0.0787249
0.0245358 0.413415 0.562049
0.618436 0.0959168 0.285647
0.638207 0.211145 0.150648
0.412086 0.148202 0.439712
0.0983917 0.860672 0.0409363
0.0924783 0.861498 0.0460239
0.157051 0.842849 9.9991E-05
0.194792 0.805108 9.9991E-05
9.9991E-05 0.895541 0.104359
0.0416623 0.898364 0.0599738
0.227757 0.772143 9.9991E-05
0.0642173 0.896657 0.0391259
9.9991E-05 0.920335 0.0795645
0.101924 0.897976 9.9991E-05
0.242648 0.757252 9.9991E-05
9.9991E-05 0.853107 0.146793
0.0882479 0.797915 0.113837
0.383709 0.561027 0.0552638
0.142526 0.0505213 0.806953
0.159002 0.00937811 0.83162
0.0999474 9.9991E-05 0.899953
0.150014 0.788863 0.0611233
0.212214 0.734499 0.0532865
0.126465 0.837199 0.0363355
0.0788313 0.864471 0.0566974
0.0287631 0.907784 0.0634532
0.666347 0.333553 9.9991E-05
0.582463 0.289139 0.128398
0.668727 0.310027 0.0212469
0.576949 0.340058 0.0829933
0.463353 0.274235 0.262412
0.567536 0.324917 0.107548
0.568027 0.290862 0.141111
0.277679 0.722221 9.9991E-05
0.268548 0.631853 0.0995993
0.0604947 0.847611 0.0918939
9.9991E-05 0.868252 0.131648
0.194672 0.805228 9.9991E-05
0.115666 0.055351 0.828983
0.382951 0.466763 0.150286
0.577517 0.422383 9.9991E-05
0.0174776 0.436374 0.546148
0.773984 9.9991E-05 0.225916
0.748794 9.9991E-05 0.251106
0.650891 0.0392404 0.309869
0.511556 0.165067 0.323377
0.877767 0.00875831 0.113475
0.490056 0.438416 0.0715283
0.311741 0.0498548 0.638405
0.509558 0.451078 0.0393643
0.466086 0.1515 0.382414
0.771992 9.9991E-05 0.227908
0.890037 0.0051356 0.104827
0.743147 9.9991E-05 0.256753
0.815256 0.0956287 0.0891151
0.912388 0.00874878 0.0788632
0.832116 9.9991E-05 0.167784
0.425377 0.454736 0.119887
0.467237 0.383891 0.148872
0.504256 0.450905 0.0448389
0.576071 0.130883 0.293046
0.550874 0.229029 0.220097
0.470503 0.0493496 0.480147
0.180743 0.819157 9.9991E-05
0.16139 0.83851 9.9991E-05
0.371861 0.395184 0.232955
0.486925 0.322028 0.191048
0.269979 0.356188 0.373833
0.118706 0.0339382 0.847356
0.0304396 0.824829 0.144731
0.151485 0.795993 0.0525223
0.425363 0.574537 9.9991E-05
0.348762 0.0761598 0.575079
0.665389 0.0171618 0.317449
0.903726 0.0841228 0.0121511
0.726986 0.0806287 0.192386
0.584712 9.9991E-05 0.415188
0.739618 9.9991E-05 0.260282
0.766813 0.00285612 0.230331
0.943643 0.028787 0.0275704
0.552746 0.0410772 0.406176
0.887585 9.9991E-05 0.112315
0.771661 9.9991E-05 0.228239
0.867404 9.9991E-05 0.132496
0.564447 0.104623 0.33093
0.883668 0.0467049 0.0696272
0.589709 0.0810549 0.329236
0.882862 9.9991E-05 0.117038
0.0664508 0.0505878 0.882961
0.017359 9.9991E-05 0.982541
9.999E-05 9.999E-05 0.9998
0.0683714 0.0755253 0.856103
0.0558989 0.0521079 0.891993
0.894803 0.105097 9.9991E-05
0.858561 9.9991E-05 0.141339
9.999E-05 0.9998 9.999E-05
0.00659051 0.899395 0.0940145
0.0890311 0.908272 0.00269679
0.236858 0.750698 0.0124438
0.0817048 0.918195 9.9991E-05
9.9991E-05 0.886134 0.113766
0.0625331 0.937367 9.9991E-05
9.9991E-05 0.918566 0.0813341
9.9991E-05 0.920176 0.0797235
9.9991E-05 0.929436 0.0704645
0.105124 0.894776 9.9991E-05
0.0722922 0.85403 0.0736778
0.0309496 0.86346 0.105591
9.9991E-05 0.925307 0.0745928
0.0568283 0.941607 0.0015647
0.022079 0.977821 9.9991E-05
0.0108201 0.918015 0.0711648
0.577607 0.392721 0.0296722
0.665187 0.259677 0.0751356
0.0794831 0.920417 9.9991E-05
0.229134 0.750666 0.0202002
9.9991E-05 0.949168 0.0507316
0.671216 0.328684 9.9991E-05
0.957047 9.9991E-05 0.0428531
0.699483 9.9991E-05 0.300417
0.442713 0.0398488 0.517438
0.379814 9.9991E-05 0.620086
0.119062 0.0452644 0.835674
0.0428123 0.0603347 0.896853
0.134569 9.9991E-05 0.865331
0.145209 0.0381059 0.816685
0.0450808 0.133464 0.821455
0.015385 0.0915417 0.893073
0.832485 0.00125568 0.166259
0.813745 0.0847345 0.101521
0.941637 0.0566314 0.00173157
0.968787 0.0311135 9.9991E-05
0.986354 0.0135456 9.9991E-05
0.869393 0.0975163 0.0330911
0.658972 0.0293801 0.311648
0.693423 0.0685797 0.237997
0.80538 0.0178069 0.176813
0.728573 0.0536816 0.217746
0.762232 0.0682217 0.169547
0.0229868 0.16784 0.809173
0.118353 0.854834 0.026813
9.9991E-05 0.865066 0.134834
9.9991E-05 0.927855 0.0720447
0.209551 0.790349 9.9991E-05
0.0293497 0.871093 0.0995571
0.533285 0.14319 0.323525
0.64044 9.9991E-05 0.35946
0.763977 0.0101223 0.225901
0.561809 0.0333598 0.404831
