9.9982E-05 0.0191594 9.9982E-05 0.0989936 0.73175 0.0948402 0.0550572
9.999E-05 0.0263701 0.397509 0.0153357 0.465614 0.0813357 0.0137352
0.0118921 0.020589 9.9982E-05 0.132816 0.677351 0.157152 9.9982E-05
0.0270808 0.0121744 0.0398393 0.138525 0.725571 0.0567087 9.9991E-05
0.0577104 0.0101441 0.177691 9.9982E-05 0.752217 9.9982E-05 0.00203797
9.9973E-05 9.9973E-05 0.190421 0.000814257 0.682309 9.9973E-05 0.126156
9.9982E-05 9.9982E-05 0.338717 0.0817728 0.462353 0.00430016 0.112657
9.9973E-05 0.0333918 0.308653 0.136983 0.520672 9.9973E-05 9.9973E-05
0.0344742 0.0104466 0.647909 9.9991E-05 0.165968 0.0759565 0.0651462
0.0239435 0.0310915 0.353171 0.166886 0.226403 0.198405 9.9991E-05
0.118551 0.0429924 0.296821 0.328395 0.185531 0.0276088 9.9991E-05
9.999E-05 0.0224706 0.415527 0.119258 0.224029 0.127179 0.0914372
0.0330366 0.0325412 0.266132 0.610796 9.9991E-05 0.00416857 0.0532264
0.151952 9.9982E-05 0.646559 0.0495507 0.0570496 0.0946882 9.9982E-05
9.9982E-05 0.043893 0.442553 9.9982E-05 0.291695 0.127524 0.0941343
9.9973E-05 9.9973E-05 0.539795 0.217389 0.200519 0.0419968 9.9973E-05
9.9973E-05 9.9973E-05 0.628091 9.9973E-05 0.218952 0.129018 0.0236389
9.9973E-05 0.0256936 0.475932 9.9973E-05 0.453496 0.0445784 9.9973E-05
0.0270749 0.0479704 0.18993 0.12986 0.000756198 0.464763 0.139645
9.9973E-05 9.9973E-05 0.223749 0.156681 9.9973E-05 0.612904 0.0063659
0.0516013 0.019578 0.181932 0.0014841 0.125683 0.619622 9.9991E-05
0.0435247 0.0136693 9.9982E-05 0.123914 0.025485 0.793207 9.9982E-05
0.00678565 0.0603979 9.9982E-05 0.021504 9.9982E-05 0.892052 0.0190608
0.00541557 0.0254957 0.159258 9.9991E-05 0.10318 0.686425 0.0201257
9.9982E-05 9.9982E-05 0.0568231 0.120631 0.174055 0.639416 0.00887606
9.9973E-05 0.0222862 9.9973E-05 9.9973E-05 0.117546 0.845026 0.014841
0.10131 0.0372573 0.00391033 0.0321859 9.9982E-05 0.825136 9.9982E-05
9.9973E-05 0.0263399 0.120028 9.9973E-05 9.9973E-05 0.762124 0.0912078
0.0364508 9.9964E-05 9.9964E-05 9.9964E-05 0.0753115 0.887838 9.9964E-05
9.9964E-05 9.9964E-05 9.9964E-05 9.9964E-05 0.149641 0.743557 0.106403
0.0128256 9.9973E-05 0.0936982 9.9973E-05 9.9973E-05 0.835039 0.0581374
0.0907857 0.0214592 0.115781 9.9982E-05 0.0320368 0.739737 9.9982E-05
9.9982E-05 0.0527006 0.217416 0.00414956 9.9982E-05 0.682524 0.0430095
9.9982E-05 0.0830582 0.253444 0.223501 0.285925 0.153872 9.9982E-05
0.00657626 9.9982E-05 0.329566 9.9982E-05 0.469794 0.155151 0.0387128
0.0431249 9.9982E-05 9.9982E-05 0.081414 0.766211 0.102102 0.00694834
9.9982E-05 0.0427912 9.9982E-05 0.142583 0.775636 0.0279519 0.010838
0.00623781 0.0228597 0.348353 0.190624 0.275517 0.103465 0.0529433
9.995E-05 0.9994 9.995E-05 9.995E-05 9.995E-05 9.995E-05 9.995E-05
0.0308685 0.0304259 9.9973E-05 0.219533 9.9973E-05 0.718872 9.9973E-05
9.9973E-05 9.9973E-05 0.067712 9.9973E-05 0.628246 0.132771 0.170971
9.9973E-05 9.9973E-05 0.40081 0.120232 0.397632 0.0810255 9.9973E-05
9.999E-05 0.000290835 0.314104 0.249644 0.0805967 0.203955 0.15131
0.123996 0.0544272 0.191532 0.564436 9.9991E-05 0.0588547 0.00665409
9.9982E-05 0.00354847 9.9982E-05 0.785616 0.0827181 0.0421561 0.0857617
9.995E-05 0.9994 9.995E-05 9.995E-05 9.995E-05 9.995E-05 9.995E-05
0.020972 0.0591894 0.271281 0.226105 0.221783 0.166204 0.0344666
9.9982E-05 9.9982E-05 0.445859 0.170586 0.155191 0.0348476 0.193316
0.174677 0.0126511 0.335671 0.0695215 0.16386 0.24352 9.9991E-05
0.092683 0.0120127 0.0458796 0.0908084 9.9982E-05 9.9982E-05 0.758416
0.453549 0.0276128 0.0967471 0.0251951 9.9982E-05 9.9982E-05 0.396696
0.358826 9.9973E-05 0.0308309 9.9973E-05 0.108131 9.9973E-05 0.501912
0.420973 0.0493954 9.9991E-05 0.145684 0.0287152 0.0197816 0.335351
0.686052 0.0648974 0.0543023 9.9982E-05 9.9982E-05 0.0135493 0.180999
0.592968 9.9973E-05 0.0672983 9.9973E-05 9.9973E-05 0.00968173 0.329752
0.590261 9.9964E-05 0.301339 9.9964E-05 9.9964E-05 9.9964E-05 0.108
0.236201 9.9964E-05 0.172091 9.9964E-05 9.9964E-05 9.9964E-05 0.591308
9.9955E-05 0.00869925 9.9955E-05 9.9955E-05 9.9955E-05 9.9955E-05 0.990801
0.662657 0.0374708 0.0852287 0.0718059 9.9982E-05 9.9982E-05 0.142637
0.248277 0.0161128 0.0538752 0.131345 0.106346 9.9991E-05 0.443945
9.995E-05 9.995E-05 9.995E-05 9.995E-05 9.995E-05 9.995E-05 0.9994
0.4498 9.9982E-05 9.9982E-05 0.25451 0.0833899 0.0148755 0.197225
0.196219 0.0370212 0.0928762 0.451045 0.00865891 9.9991E-05 0.21408
0.053174 0.0276909 0.00998007 9.9982E-05 0.140474 0.768481 9.9982E-05
0.0491464 0.0117741 0.00619048 0.0931435 0.170661 0.668985 9.9991E-05
9.9973E-05 0.0135912 9.9973E-05 9.9973E-05 0.183119 0.782164 0.0208259
0.614007 0.0171774 0.0609444 0.129471 0.0453627 0.0381034 0.0949345
0.445435 0.0800759 9.9982E-05 0.248324 0.10757 9.9982E-05 0.118396
0.653309 0.00631244 0.100451 0.0910043 0.0144862 9.9991E-05 0.134337
0.573698 0.0393087 9.9982E-05 0.226126 9.9982E-05 0.017688 0.142979
0.802432 0.0538351 9.9982E-05 9.9982E-05 0.0894652 0.00221709 0.0518507
0.0956364 0.00487338 0.261543 0.478245 0.023995 9.9991E-05 0.135607
0.0522563 9.9973E-05 0.288178 0.570624 9.9973E-05 9.9973E-05 0.0886416
9.9973E-05 9.9973E-05 0.0907699 0.78795 0.00128525 9.9973E-05 0.119695
9.9955E-05 0.0182378 9.9955E-05 0.981262 9.9955E-05 9.9955E-05 9.9955E-05
0.013125 0.0199535 9.9973E-05 0.85322 9.9973E-05 0.113401 9.9973E-05
9.9964E-05 9.9964E-05 0.00275012 0.946243 9.9964E-05 9.9964E-05 0.0506068
0.0991419 0.0131955 0.0129154 0.610141 0.130258 0.134248 9.9991E-05
0.560513 9.9973E-05 0.191058 0.141374 9.9973E-05 9.9973E-05 0.106755
0.253909 0.113892 9.9991E-05 0.216737 0.17447 0.00323081 0.237661
0.396141 0.0019735 9.9991E-05 0.125722 0.0573293 0.0425849 0.376149
0.474264 0.0536446 0.0193652 0.0586921 9.9991E-05 0.0762685 0.317665
0.685423 0.0135471 0.27188 9.9973E-05 9.9973E-05 9.9973E-05 0.0288505
0.0625484 0.0363427 0.15332 0.125688 9.9982E-05 0.621901 9.9982E-05
0.181047 9.9991E-05 0.0748446 0.391466 0.0600461 0.123086 0.16941
0.14245 9.9982E-05 0.0471481 0.74842 0.0361193 9.9982E-05 0.0256625
9.995E-05 0.9994 9.995E-05 9.995E-05 9.995E-05 9.995E-05 9.995E-05
9.9982E-05 9.9982E-05 0.10715 0.108952 0.579249 0.195285 0.0091639
9.9982E-05 0.0312754 0.326978 9.9982E-05 0.550709 0.0853332 0.00550473
9.9991E-05 0.0419152 0.534432 0.105982 0.222338 0.0375384 0.0576946
0.134555 0.0321875 0.607125 0.0715831 9.9991E-05 0.152017 0.00243278
0.0306712 9.9982E-05 0.230631 0.102888 0.573885 0.0617255 9.9982E-05
9.9973E-05 9.9973E-05 9.9973E-05 0.672384 0.0121258 0.00905626 0.306134
9.9982E-05 0.0279966 9.9982E-05 0.237374 0.190625 0.502851 0.0409538
0.207396 0.0631868 9.9973E-05 0.687029 0.0420882 9.9973E-05 9.9973E-05
0.0784064 0.0374755 0.0136966 0.298843 0.296808 0.27467 9.9991E-05
9.9982E-05 0.00359156 0.772168 9.9982E-05 0.101338 0.110826 0.0118774
9.9964E-05 9.9964E-05 0.158302 0.258545 0.582753 9.9964E-05 9.9964E-05
9.9973E-05 9.9973E-05 0.433238 0.151678 0.265915 0.148869 9.9973E-05
0.0336436 0.00302529 0.816893 0.123506 9.9982E-05 9.9982E-05 0.022733
9.9964E-05 0.00932641 9.9964E-05 0.29586 0.694414 9.9964E-05 9.9964E-05
9.9964E-05 9.9964E-05 0.949826 0.0489352 9.9964E-05 0.000838917 9.9964E-05
0.134401 0.0124596 9.9991E-05 0.62046 0.0358773 0.0724246 0.124277
0.164275 0.0813433 0.0314976 0.517702 0.0770457 0.0833527 0.044784
0.247516 0.0642438 0.0886696 0.599271 9.9973E-05 9.9973E-05 9.9973E-05
9.9982E-05 9.9982E-05 0.324123 0.422326 0.0412672 0.193643 0.0184408
0.031211 9.9982E-05 0.541403 0.274331 9.9982E-05 0.0574996 0.0953557
0.101781 9.9973E-05 0.352339 9.9973E-05 0.205251 0.340329 9.9973E-05
0.575325 0.0010863 0.0657157 9.9982E-05 0.117688 9.9982E-05 0.239986
0.607636 0.0331966 0.0448967 0.110677 9.9991E-05 0.0472353 0.156259
0.00743981 9.9982E-05 9.9982E-05 0.480967 0.130158 0.150563 0.230673
9.9982E-05 0.0221443 0.346752 0.339662 9.9982E-05 0.0331237 0.258117
9.9982E-05 0.0508321 9.9982E-05 0.200345 0.276551 0.171684 0.300387
9.9955E-05 9.9955E-05 9.9955E-05 0.292397 9.9955E-05 0.707103 9.9955E-05
0.646474 0.0304586 9.9973E-05 0.314247 9.9973E-05 0.00852044 9.9973E-05
0.400921 9.9982E-05 0.183166 0.0607519 9.9982E-05 0.000381304 0.35458
0.34055 9.9982E-05 0.0395354 0.337871 0.0813096 9.9982E-05 0.200534
0.019218 0.0501261 0.0238185 0.116045 0.298468 0.462186 0.030138
0.0728563 9.9973E-05 0.169778 9.9973E-05 0.542899 0.214167 9.9973E-05
0.101696 0.0183483 0.265151 0.0294195 0.570687 0.0145981 9.9991E-05
0.0949736 9.9982E-05 0.194286 9.9982E-05 0.672866 0.000400302 0.0372751
9.9973E-05 9.9973E-05 0.281883 0.0530541 0.341146 0.323616 9.9973E-05
0.0174468 0.00211544 0.219699 0.0429039 0.573296 0.144439 9.9991E-05
0.036402 9.9973E-05 0.15839 9.9973E-05 0.69365 0.111259 9.9973E-05
0.0345431 0.0076526 0.274524 9.9982E-05 0.66373 9.9982E-05 0.0193506
0.0390914 9.9982E-05 0.164303 0.117634 0.368845 0.309926 9.9982E-05
0.0437547 9.9973E-05 0.905225 9.9973E-05 0.0202704 0.0304499 9.9973E-05
9.9973E-05 0.0250738 0.916422 9.9973E-05 9.9973E-05 0.0447675 0.0134364
9.9982E-05 0.0124124 0.792764 0.0799273 0.0848288 9.9982E-05 0.029868
0.0234761 9.9991E-05 0.432964 0.114837 0.131262 0.203781 0.0935799
0.059041 0.0334089 0.779508 0.0415834 0.0862588 9.9982E-05 9.9982E-05
0.0940884 0.00472874 0.5516 0.114023 0.00169785 0.233763 9.9991E-05
0.0346122 9.9991E-05 0.438443 0.0483677 0.442522 0.034784 0.00117094
9.9964E-05 9.9964E-05 0.0204696 0.15349 9.9964E-05 0.825641 9.9964E-05
9.9964E-05 9.9964E-05 9.9964E-05 0.0421704 0.137487 0.819943 9.9964E-05
9.9973E-05 0.0386819 0.0208569 9.9973E-05 0.0745247 0.865637 9.9973E-05
0.0700576 0.0216628 0.0860436 9.9991E-05 0.0257518 0.778002 0.0183822
0.0269808 0.0134259 0.0441857 0.0514754 0.0328908 0.765551 0.06549
0.111872 0.00754573 0.186283 0.116771 0.577328 9.9982E-05 9.9982E-05
0.0147455 0.0274281 9.9982E-05 0.169322 0.694688 0.093617 9.9982E-05
0.303039 9.99549E-05 9.99549E-05 9.99549E-05 9.99549E-05 9.99549E-05 0.696461
0.828918 0.0280556 0.0417698 0.0254647 9.9982E-05 0.0755918 9.9982E-05
0.809214 0.00203414 9.9991E-05 0.00219057 0.0297488 0.0512538 0.105459
0.662045 9.9964E-05 9.9964E-05 0.283752 0.0538031 9.9964E-05 9.9964E-05
0.74677 0.0340641 0.0375131 0.000189346 0.0365283 9.9991E-05 0.144835
0.600479 9.9982E-05 0.018247 0.0132509 9.9982E-05 0.148176 0.219647
0.864524 0.0120112 9.9973E-05 0.109588 9.9973E-05 9.9973E-05 0.0135766
0.43182 9.9982E-05 9.9982E-05 0.0148853 0.0671485 0.00193598 0.48401
0.713251 9.9982E-05 0.0343708 0.00542599 9.9982E-05 0.0532769 0.193476
0.587706 9.9973E-05 9.9973E-05 0.0324698 9.9973E-05 0.0607611 0.318764
0.833224 0.0296699 9.9973E-05 0.084475 0.052331 9.9973E-05 9.9973E-05
0.661869 0.0510008 0.1062 0.0497779 9.9991E-05 0.0146865 0.116365
0.675092 0.0194329 0.0221649 9.9991E-05 0.0769539 0.0201552 0.186101
0.639472 9.9973E-05 9.9973E-05 9.9973E-05 0.00548263 0.106097 0.248649
0.614747 0.0027842 9.9982E-05 0.0990368 0.0455836 9.9982E-05 0.237648
0.898414 0.0253445 9.9964E-05 9.9964E-05 0.0758414 9.9964E-05 9.9964E-05
0.790344 0.00725554 9.9991E-05 0.0400202 0.0184663 0.0576339 0.0861803
0.147027 9.9982E-05 0.0641254 0.732383 0.0109608 0.0453038 9.9982E-05
9.9955E-05 9.9955E-05 0.0719046 0.927596 9.9955E-05 9.9955E-05 9.9955E-05
0.787189 9.9973E-05 9.9973E-05 0.0558561 0.0757139 9.9973E-05 0.0809407
0.34807 0.0138772 0.00642854 9.9982E-05 0.249196 9.9982E-05 0.382228
9.995E-05 9.995E-05 9.995E-05 9.995E-05 9.995E-05 9.995E-05 0.9994
9.9973E-05 9.9973E-05 0.11935 0.55853 0.0983192 9.9973E-05 0.223501
0.0202023 0.0141848 9.9973E-05 0.122087 0.843226 9.9973E-05 9.9973E-05
0.0266957 0.0437043 0.199228 9.9982E-05 0.593078 0.137095 9.9982E-05
9.9982E-05 9.9982E-05 0.0203061 0.199825 0.293701 0.407503 0.078465
9.9973E-05 9.9973E-05 0.357369 0.114464 9.9973E-05 0.515967 0.0119001
0.00855012 9.9973E-05 0.0506806 0.180476 9.9973E-05 0.759994 9.9973E-05
9.9973E-05 9.9973E-05 0.0952811 0.0044988 9.9973E-05 0.765152 0.134768
9.9982E-05 0.00575536 0.164973 0.0517605 0.0809014 0.696409 9.9982E-05
9.9982E-05 0.00949627 0.296815 0.0292818 9.9982E-05 0.623511 0.0406964
0.0735833 0.0421452 0.080454 0.101704 9.9991E-05 0.668106 0.0339073
0.0681271 0.0443179 0.095876 9.9991E-05 0.0687126 0.716478 0.0063886
0.0295372 0.0106484 9.9982E-05 0.118691 0.754547 0.0863767 9.9982E-05
9.9982E-05 0.0604471 0.027743 0.0628335 0.748129 9.9982E-05 0.100648
9.9982E-05 0.0199048 0.110525 0.0922178 0.697188 9.9982E-05 0.0799642
0.0071665 9.99641E-05 9.99641E-05 0.282054 0.71038 9.99641E-05 9.99641E-05
9.9982E-05 0.0283183 0.105413 0.0537653 0.757678 9.9982E-05 0.0546262
0.0285637 9.9973E-05 0.20611 0.259259 0.505767 9.9973E-05 9.9973E-05
9.9991E-05 0.00600067 0.583521 0.0915417 0.160497 0.108737 0.0496023
9.9982E-05 0.0129444 0.784536 0.0108914 9.9982E-05 0.0406479 0.15078
0.0129725 0.0536705 0.932957 9.9964E-05 9.9964E-05 9.9964E-05 9.9964E-05
0.0839879 0.00438728 0.699042 0.0227102 0.123414 0.0663584 9.9991E-05
0.0580727 0.0240392 0.777133 9.9982E-05 0.139407 0.00114789 9.9982E-05
0.106128 0.0996331 0.211785 9.9973E-05 9.9973E-05 0.582154 9.9973E-05
0.234761 0.0174904 0.104502 0.0548702 9.9982E-05 9.9982E-05 0.588177
0.651638 0.0398706 9.9982E-05 0.0159861 9.9982E-05 0.115671 0.176635
0.87085 9.9982E-05 0.0143903 0.0537257 9.9982E-05 0.0210462 0.0397876
0.669382 9.9991E-05 0.0335459 0.156307 0.0588064 0.0303239 0.0515346
0.722907 0.00173981 9.9982E-05 9.9982E-05 0.108259 0.0761915 0.0907023
0.0700621 0.0266703 0.341168 0.0731884 0.128337 0.256964 0.10361
0.0251757 0.0244858 0.613702 0.00670589 0.138262 0.182526 0.00914263
9.9982E-05 0.0469651 0.777079 9.9982E-05 0.132575 0.00873858 0.0344428
9.9991E-05 0.0558734 0.436439 0.196614 0.150673 0.15185 0.00845089
