0.0138527 0.817552 0.168596
9.999E-05 0.870763 0.129137
9.999E-05 0.754403 0.245497
0.0192309 0.918937 0.0618317
0.0255433 0.950401 0.0240553
0.0434386 0.954159 0.0024024
0.0481654 0.87341 0.078425
9.999E-05 0.9998 9.999E-05
0.0849074 0.681082 0.234011
0.0286311 0.689402 0.281967
0.196995 0.616233 0.186771
0.101279 0.581815 0.316906
0.300543 0.551362 0.148095
0.0971942 0.638739 0.264066
0.0568123 0.69783 0.245357
0.00357075 0.855656 0.140773
9.9991E-05 0.696842 0.303058
9.9991E-05 0.845017 0.154883
0.197179 0.173054 0.629766
0.0353951 0.207272 0.757333
9.9991E-05 0.266857 0.733043
0.0518251 0.0452135 0.902961
0.00962027 9.9991E-05 0.99028
0.0166072 0.150143 0.833249
9.9991E-05 0.244085 0.755815
9.9991E-05 0.0277534 0.972147
0.0464144 9.9991E-05 0.953486
0.0580429 9.9991E-05 0.941857
9.999E-05 9.999E-05 0.9998
0.0736942 0.0182489 0.908057
0.0152744 0.00281303 0.981913
0.0176181 0.072413 0.909969
0.0100555 0.113611 0.876333
0.0256891 0.727085 0.247226
0.0468242 0.600701 0.352475
0.0725375 0.842715 0.0847475
0.0468763 0.804023 0.1491
0.140273 0.648645 0.211083
0.337971 9.9991E-05 0.661929
0.0667062 0.110682 0.822611
0.11892 0.720682 0.160398
9.9991E-05 0.819431 0.180469
0.211419 0.479796 0.308785
0.336317 0.476649 0.187033
0.320306 0.60057 0.0791241
0.369303 9.9991E-05 0.630597
0.105225 0.589639 0.305137
0.190376 0.635049 0.174575
0.127156 0.472339 0.400505
0.865979 0.129584 0.00443725
0.907266 0.0524105 0.0403234
0.844723 0.155177 9.9991E-05
0.829488 0.113484 0.0570276
0.906788 9.9991E-05 0.0931118
0.933928 9.9991E-05 0.0659722
0.79252 0.20738 9.9991E-05
0.913431 0.0607381 0.0258312
0.927931 9.9991E-05 0.0719687
0.900293 0.0996065 9.9991E-05
0.758779 0.241121 9.9991E-05
0.926967 9.9991E-05 0.0729327
0.834057 0.104808 0.061135
0.548119 0.366367 0.0855134
0.0431011 0.143837 0.813062
0.040583 0.0878186 0.871598
9.9991E-05 0.0870677 0.912832
0.804151 0.157282 0.0385665
0.709862 0.273044 0.0170943
0.807957 0.091875 0.100168
0.862061 0.0473547 0.0905839
0.885973 0.0419061 0.0721208
0.371023 0.628877 9.9991E-05
0.316787 0.614203 0.0690097
0.387182 0.607141 0.00567676
0.298764 0.693286 0.00794951
0.306717 0.496367 0.196916
0.34795 0.575418 0.0766329
0.278487 0.590002 0.131511
0.778981 0.220919 9.9991E-05
0.636116 0.206191 0.157693
0.846271 0.0619904 0.0917386
0.852391 9.9991E-05 0.147509
0.839339 0.160561 9.9991E-05
0.0951501 0.100923 0.803927
0.458158 0.399384 0.142458
0.398035 0.601865 9.9991E-05
0.396813 9.9991E-05 0.603087
9.9991E-05 0.76365 0.23625
9.9991E-05 0.787279 0.212621
0.0608771 0.724774 0.214349
0.132674 0.498687 0.368638
0.0715978 0.883367 0.0450351
0.466995 0.448184 0.0848207
0.0674752 0.269739 0.662786
0.442998 0.503316 0.0536855
0.156528 0.474483 0.368988
9.9991E-05 0.8023 0.1976
0.0256828 0.914025 0.0602917
9.9991E-05 0.861893 0.138007
0.120973 0.834683 0.0443446
0.0351476 0.886429 0.0784233
9.9991E-05 0.839362 0.160538
0.448497 0.471035 0.0804683
0.392944 0.409569 0.197487
0.451412 0.491932 0.056656
0.11047 0.615017 0.274513
0.207568 0.604843 0.18759
0.0445548 0.497332 0.458113
0.827406 0.172494 9.9991E-05
0.84851 0.101342 0.0501481
0.350149 0.42633 0.223521
0.320543 0.582581 0.0968763
0.320299 0.313413 0.366288
0.0313336 0.164054 0.804612
0.800542 0.0778818 0.121576
0.804777 0.149498 0.0457252
0.629073 0.370827 9.9991E-05
0.0452671 0.370649 0.584084
0.0180531 0.633675 0.348272
0.0501109 0.91027 0.0396191
0.0885832 0.82509 0.0863271
9.9991E-05 0.567591 0.432309
0.00328547 0.797702 0.199012
9.9991E-05 0.908836 0.0910636
0.0482339 0.951046 0.000720287
0.0135546 0.487746 0.4987
9.9991E-05 0.850801 0.149099
9.9991E-05 0.733299 0.266601
9.9991E-05 0.854405 0.145495
0.137095 0.593468 0.269437
0.0607719 0.797973 0.141256
0.0760256 0.69012 0.233854
0.0028192 0.899315 0.0978661
0.0231387 0.130634 0.846228
9.9991E-05 0.0730175 0.926883
9.9991E-05 0.016516 0.983384
0.0298967 0.158386 0.811717
0.0902799 0.0134655 0.896255
0.117075 0.882825 9.9991E-05
0.0361878 0.763349 0.200463
0.9998 9.999E-05 9.999E-05
0.859649 0.0939655 0.046386
0.924107 0.0293384 0.0465545
0.766514 0.182917 0.0505691
0.904397 0.095503 9.9991E-05
0.86574 9.9991E-05 0.13416
0.967893 0.0320071 9.9991E-05
0.916279 9.9991E-05 0.0836213
0.914675 9.9991E-05 0.0852251
0.904854 0.028657 0.0664889
0.889788 0.110112 9.9991E-05
0.863531 0.0156824 0.120787
0.874398 0.0812769 0.0443255
0.922082 9.9991E-05 0.0778177
0.896916 0.0434323 0.0596516
0.969472 0.0304282 9.9991E-05
0.913585 9.9991E-05 0.0863153
0.412898 0.521434 0.0656676
0.248412 0.736162 0.0154253
0.947853 0.0520468 9.9991E-05
0.737367 0.214598 0.0480355
0.990195 9.9991E-05 0.00970462
0.363531 0.636369 9.9991E-05
0.00481641 0.91568 0.0795032
9.9991E-05 0.693775 0.306125
0.0625803 0.50953 0.427889
0.00509593 0.385131 0.609773
0.0145211 0.111648 0.873831
0.0550529 0.060347 0.8846
9.9991E-05 0.099329 0.900571
0.00494971 0.15702 0.838031
0.15404 0.0614328 0.784527
0.0813201 0.0555583 0.863122
0.00282942 0.833392 0.163779
0.0879159 0.835303 0.0767812
0.0757753 0.924125 9.9991E-05
0.0369313 0.962969 9.9991E-05
9.999E-05 0.9998 9.999E-05
0.0350314 0.920107 0.0448614
0.00461695 0.697021 0.298362
0.107412 0.674111 0.218477
0.0293682 0.785705 0.184927
0.0553046 0.742668 0.202027
0.0434865 0.754058 0.202456
0.160681 9.9991E-05 0.839219
0.837987 0.142845 0.0191682
0.844526 9.9991E-05 0.155374
0.915123 9.9991E-05 0.0847769
0.781372 0.211429 0.0071989
0.869273 0.0253014 0.105425
0.150664 0.499236 0.3501
0.0194387 0.678366 0.302195
9.9991E-05 0.759808 0.240092
0.0300266 0.622682 0.347291
