IBR/IBR_outputs/all.combrep_1/EucDistWater_Total.FireFreq_2000_2008_Total.PersistForestCover_Total.WeatheringIndex_Total/EucDistWater_Total.FireFreq_2000_2008_Total.PersistForestCover_Total.WeatheringIndex_Total.asc
NCOLS 160 
NROWS 95 
XLLCORNER 210004.651214014 
YLLCORNER 7350008.22228844 
CELLSIZE 4999.99999999997 
NODATA_value -9999 
[rows 63 to 83 of 95, columns 0 to 45 of 160]
-9999 -9999 -9999 -9999 -9999 10.6411857274556 11.9448914428533 12.7767821622318 10.9025455408242 9.41178583130284 7.44727643071331 5.04372496671396 5.46463411489361 7.40697230594237 9.93106219670171 11.0888095247489 10.5278825307237 10.5447550628222 11.4099480995578 11.8145591983572 9.79436379518789 7.21623906489072 5.53551407297259 5.0499632880417 8.24042886110104 8.7132748736848 7.56801721562919 5.57069358721761 3.38703209408389 7.55583236879727 6.14400423241972 4.36939016453817 5.97449926917896 5.23916983097503 4.20073768326395 4.84840678025443 5.89848156808734 6.45724896360753 4.35823539706934 4.98047489880064 5.20337611771803 4.027930218035 3.43095462076369 5.237796835194 4.65469416921473 3.14036843969978
-9999 -9999 -9999 -9999 -9999 6.32960036872979 10.8398453857309 9.68561049586596 11.0457028315908 9.91302724635739 8.32231971901903 6.73968194157426 6.26890116326407 9.40851758068487 9.70636942644868 9.6367335167101 10.6601118241397 11.840388830811 12.8410003654567 12.4729440225671 10.5809837573094 8.31581933506066 4.93110822358871 3.93487868856524 3.04619954169844 3.60395703919614 4.55361433719412 2.55067306361744 2.47009474335604 4.66004265145238 7.31195034461278 6.26789691777902 4.51069183810756 6.62874656965097 5.50262577249732 5.04110155763419 4.77080385322076 5.090405724097 4.21605190524054 6.51432933333381 7.60854206397425 6.98543974945475 6.60705013942388 6.08644138779508 5.32160290518735 3.10667009412784
-9999 -9999 -9999 -9999 -9999 5.16575331189719 7.47176241154277 10.0958040347408 12.0095074110725 10.7851481381022 9.61262640711169 8.6376374024678 8.05949180113746 9.24906571025063 7.63186146064477 6.95460554266013 8.80447767224144 10.982200938267 12.7274812676334 13.3943813163692 12.0815388639915 10.765903471454 6.73537268522601 4.64203902181298 3.51671815424982 3.7096135226953 5.26222731016925 4.341455697886 3.40682004226289 3.76444039148413 4.43620024445173 4.65828782983819 5.23088258456237 5.10065723848208 3.25538431862265 5.82753638087853 5.29479929238043 4.74770407479869 4.46579504458697 5.55829569456654 7.10895767470536 7.63079805263012 5.68854998497816 5.19393876692922 3.42386802770219 4.35244049898067
-9999 -9999 -9999 -9999 -9999 5.96175834013734 7.99970254693743 9.75502612120091 11.1568896033859 12.2403562109598 10.878520328478 9.79459680388119 8.15729192989091 6.30151678583337 6.40500095926375 5.23778719462014 8.05692160859572 10.6739774696301 11.9456408893619 11.6868977506144 10.4521824672008 10.8781393723157 6.40405842380305 3.88692131961386 3.39015805086518 5.23653237106444 6.40976165924492 6.53505392869277 4.7874047037931 4.72908497555856 4.82272869212152 4.82259692058594 3.40546473302854 4.2717225058464 5.2008816469275 7.71450219747802 7.24070430597763 6.28954948567795 4.74996962105256 3.18581294502379 5.58889430247385 6.14081618976899 5.0883189367451 4.3046444721098 2.64502618602989 4.00499537288039
-9999 -9999 -9999 -9999 -9999 7.865849805021 9.07440804441997 10.6648538224231 11.7234019072894 12.2761471688907 13.8461573516657 12.9523718010692 8.45500562657622 8.03710018172547 5.69658945560528 5.58099966451457 8.14160848332995 9.24278377896551 9.05170325491896 10.5191268138354 10.3225687966711 10.1804131812345 6.38088170702428 4.53958012362618 3.07790162274371 3.89618002322209 5.25825165262694 6.89952634289714 5.6963306679387 4.1198474795571 5.4369235990133 3.68605651209192 2.98500166432311 2.75352225544011 5.29730584812854 10.2312811229308 9.79492937673854 8.49047048330681 6.1838676361521 5.04305334286523 6.51097415133928 6.96974502366535 6.79253066281982 3.64727836341192 2.36606933697565 5.16980873748973
-9999 -9999 -9999 -9999 -9999 10.3062274965305 10.4597536086183 13.3792643336701 14.765049434199 12.755276270543 14.6153140460694 12.1346870464941 8.35851427927022 6.58805672456674 6.97295236460022 4.95469390040404 5.53917166309864 8.73953663519453 8.55090710801634 10.402821711812 11.2532849081781 10.9106668247396 8.70817851814031 6.04778127358263 4.67872768440359 2.81233089898432 5.16203987153051 5.96475839552576 4.94988033447002 3.19597157237628 3.57952530368216 5.12435183579643 5.97435451108017 4.78872336445526 5.86950175338451 7.97332903826781 11.1401723771024 9.97881567301503 8.10698810202798 6.28927267037674 4.68957013262003 5.77790810779027 7.4569917162946 7.89610615373368 4.52239924692781 4.32797842927563
-9999 -9999 -9999 -9999 -9999 14.1951758924192 14.6614701286613 15.3506315673552 16.0015257724139 15.9773798557315 14.9936213738177 13.7778543068959 10.081210241812 7.67561667647542 6.97974800220833 6.57199206513534 6.22155722850769 8.69347898388546 10.9236607640338 12.9996281034471 14.2360589965953 12.7432264408265 7.80533590230059 5.62878671651986 4.13350422409542 4.03753377733986 6.73271275425425 4.78737350981111 3.17912363965485 2.9295845941734 3.11366679133623 4.90729808063595 5.32750364096121 7.58938694730408 8.56271088644099 9.47449006627039 10.8977745839141 10.8840459763477 9.53302388183366 7.34608630618539 5.51869838995483 6.23622833424195 5.90566240019761 6.43481975425134 7.27521993205432 5.36671583555101
-9999 -9999 -9999 -9999 -9999 15.3868319462023 15.753831381504 16.1921583492961 16.5936824898842 16.3111551682095 15.4810881729087 14.4132446023046 12.3817341893407 8.5867457302445 5.75008917809572 4.87836941880852 5.76109737378039 8.70717930474161 11.0465693213107 13.1173595903362 14.1163198584133 12.6339703546149 7.57169111069087 4.66580422630804 2.47958072937853 3.45633552828524 3.15546462922995 4.89360941035672 3.25712372769193 5.13776617132047 4.03149570199679 4.10948429361506 4.6792002564139 4.55375418480992 5.60231673794317 7.78240192808775 8.83235231480203 9.17868229876313 7.07392614449291 6.16747089683634 8.21598449809482 7.3308865397388 5.33663789844694 6.28113975707915 8.0530767996847 7.44673474572103
-9999 -9999 -9999 -9999 -9999 16.3082025583111 16.1996176416558 16.1889161019983 16.2597036556545 16.3200775177824 15.6969318252233 14.5830243598609 12.5194732255201 8.30163630165464 5.77828125265686 3.69077984380567 5.57028150180025 8.52338158827651 9.49075462031266 11.0921098081804 13.15828940923 12.2961507416182 10.7502837394579 6.82899389531158 4.95262231024961 5.75305008948208 5.68430154204919 6.11798092214966 5.69329274832812 6.90663208560746 5.61963204317581 2.88289657080648 2.20627254593283 5.3266238346132 4.49080616425606 5.33440940807373 6.07200166555728 4.98698146717915 5.83891120802172 6.62698074173194 7.78384808778026 8.41728240904096 6.10768381357215 5.34857531037985 7.98628361800297 8.47083757674019
-9999 -9999 -9999 -9999 -9999 15.8310202415382 15.3497274786262 15.1460276756082 15.2999465973885 15.6287532533109 15.7464094565468 14.7783700198356 13.4081298062699 8.57674872435107 6.39440231458134 5.10043787585416 3.83190223493917 5.99548245386901 7.90381391626264 7.44241494142203 7.80172893304055 10.4592308976149 6.90386252751776 5.44642692851591 5.7887712602521 9.3380636511191 7.59941107480152 5.95611833800234 4.5426248881285 4.85727304949137 6.43038577981188 4.97893953203977 5.19741549129624 7.70358248309477 5.48678465312684 3.79190003895635 4.18494222009445 5.63564856795808 4.01357182359733 5.63051628616493 6.02588325746355 8.65949279750411 6.95093153119612 4.95685269573807 6.82968815222988 7.20460165112146
-9999 -9999 -9999 -9999 -9999 11.6236876109426 12.8933880503611 13.8615224669519 14.0985160352549 14.6749747405428 15.2844254753101 15.1201099253096 13.896077046556 9.34782350279231 7.33504575634949 6.48697864982968 5.42612178930376 4.12558859427488 6.74080846449499 5.93450181485342 6.47720332262372 8.15221988094735 5.51163483432176 2.43993746740496 4.04550350390488 6.76837046307948 7.34286764911611 5.44420232586748 4.8879474837834 6.6344728256092 7.27038966310466 5.30592644442067 7.17150204628232 5.07680493784624 5.30658990030262 3.94468904925836 2.35239134639615 2.78389965778821 5.02665995255977 3.58571801058577 3.97945193600516 5.15061822913784 6.90306024941735 4.86012892489451 6.77292430812759 7.94263187888848
-9999 -9999 -9999 -9999 -9999 13.1205248603967 12.2391969527328 12.0857188071675 12.6670737344086 10.6204979872898 13.1860420288927 15.0385067755488 14.3675190027266 13.0531551374918 9.96021090014934 7.17587349889336 5.88626065647248 3.7572850158535 2.3904115285687 2.60945164883166 7.40906497598307 7.82238779962744 5.1798936474928 3.44379753616898 4.72589731603346 6.97489503883283 7.68263804567738 8.1484768918673 7.33673610577453 7.49289376912062 7.68809055669648 4.28474816347147 5.68001627566593 5.67529051068567 5.02276959480348 3.46232003005553 1.9709254902192 2.22202168246878 3.00152065602469 5.40071864469712 4.57395760259576 2.88200002667681 5.21607508846792 4.85310237551056 6.22957493102718 7.16111802046149
-9999 -9999 -9999 -9999 -9999 9.42215626508141 8.74681617432011 7.82624117155281 10.9211656757266 11.9734354256273 13.2017623455485 14.2843394177346 13.1642136553062 11.3300768645252 9.88017849245873 8.09978208912078 5.96472211291314 3.29122253130657 1.92814178947177 3.15516177942758 3.57182574445696 4.99603179204973 5.35306690796461 6.32111275616546 8.86689546824735 8.46746203318725 11.4509716163516 9.78527137375585 8.2405360401605 7.44500368542245 7.2285774650432 3.60238407483771 5.26153343342586 8.40997980320248 6.89490399639791 4.58268830422409 2.49990171619245 2.31767244239926 2.0020286071442 3.98814806819212 7.71061640905945 3.94829501256569 4.99333099644308 6.00896066215677 4.94533372156075 4.7364070312613
-9999 -9999 -9999 -9999 -9999 10.179119040733 5.62530370271661 7.25782384062795 8.79364303320004 10.5784182919949 12.3984548103094 12.4748980128723 10.376402259533 9.91579241576764 10.4102757235446 9.99003788618376 7.73697039999582 4.95409279170155 3.19972019816149 2.33891814971733 2.71230073796982 5.61712159669573 6.16244269125424 8.24606859511348 10.954003773862 12.2030981120496 11.4635908094569 9.37252915648545 6.75754386803637 4.9490668815827 6.85586931200785 4.96901495199624 5.27623290296151 6.28633626998883 6.08701914945652 2.95751210660608 1.9847087968959 2.32923323107446 3.13841437879415 6.62878925269985 5.91856791216422 6.05635850622717 3.59021860155989 4.20222979813289 5.6801070070337 4.96288128261553
-9999 -9999 -9999 -9999 -9999 9.82496899275928 7.1935591037859 5.31873071476622 7.30453401882923 10.0225414444423 9.47502437209852 8.00078088835495 7.70271900313468 8.29050394692524 8.6842696196381 10.4275060463819 11.0133070026344 6.39926409035823 3.95104304774567 2.26339500590102 3.71848499195072 4.10958067267617 3.82968408403574 6.38154535413548 11.0861634579451 11.6403433687963 11.3373859669379 9.33630561276281 7.19583799073971 6.03991723052429 6.51361834709999 2.61439899708717 4.45864418049289 3.61878548514111 3.77089200197839 3.93493650947605 2.77882520522814 1.47741524242091 1.65744226154634 5.47997481038912 8.1192966934126 4.2310994466371 4.3951062010623 4.83859537920311 7.36708502431223 6.24626367409071
-9999 -9999 -9999 -9999 -9999 8.15290440971672 8.5087393141645 6.05729000321791 5.61947069617702 10.0329379878043 10.1427763003839 7.14373778205174 5.64258813883714 8.05743737372675 9.26600512004685 7.44119215532572 8.80726213557899 9.02084996228689 7.23691881124697 3.76591915691337 2.59392048743973 4.13802102577702 5.18663197106344 5.4316988869476 9.20867716342548 9.9905460822149 10.1754089508012 8.40347638938045 6.3749477310407 5.64536386024607 7.30088989745687 5.20977096319896 3.36395378548164 6.90453952674096 4.11298865983936 2.29239722104416 2.39367883976816 1.43851528598413 1.82731288758557 4.27788265119532 9.46700873225614 9.04717281948938 6.42544380399062 5.48008363866263 7.51492492386736 8.0206211078881
-9999 -9999 -9999 -9999 -9999 5.73484815112947 6.30505486292974 6.41069366927491 8.81375080232378 8.77938472620335 9.56457646850147 7.24921288749865 5.73458073117416 6.89842812559338 6.5432967369085 8.28015636756735 8.30133879343997 10.8884099179647 7.78686476735108 4.8885797051728 2.86561397822787 2.79090829102164 6.02609251976068 3.41844317223478 6.21298953101197 7.53893439843136 8.09609467441435 6.6191561194036 6.17423655414655 6.2789696230426 7.82931533411797 6.44724243255683 4.70431401902633 4.53063709504812 3.31771804183234 2.2902218299673 4.30458885502744 2.60591267949678 1.5147982603203 4.00266044665729 5.56666510596958 7.5584468571611 8.52948453095327 8.25677042398804 7.25008078316745 7.20246602631134
-9999 -9999 -9999 -9999 -9999 -9999 3.32555429617034 6.74205852403501 8.39377646760851 6.99653585650993 5.93156332900147 5.68645506781784 5.09970694145328 2.84634968920367 3.40202257638207 6.26366822084465 8.63126645012067 9.23532874664517 11.1665224956664 6.43700272107279 4.43613429661857 2.58675460833611 3.98809373970534 5.53035046131256 2.90595842174846 4.69521445984693 6.64491005419541 5.12937112626335 4.92509367016816 6.14065030991974 7.52317011647786 6.72908677251791 5.4553543302732 4.38135619950608 2.38211314763209 1.93639729040646 3.59295350673829 1.93781574397623 2.78340257152324 4.55342395766032 3.40816205279922 5.83202296852771 8.76988619638583 9.7114253235181 6.55067492602826 5.23678541564675
-9999 -9999 -9999 -9999 -9999 -9999 -9999 7.70931355004677 5.49896039199774 4.54590865829189 4.87794202125589 5.1342227950633 5.27505958673184 4.37217578227394 7.11226738025639 7.0928010770225 8.27406461582477 11.3238949558152 10.0595229785398 9.99927170551507 6.31521260582744 5.03294174313217 4.77449732687535 5.00445177506582 5.2812399778282 5.32585451560735 4.53701944554963 3.48089348919955 4.87471866510981 4.99036062048409 6.61524370216655 8.21810907631884 5.91234553689934 5.25206631113909 6.78104182306203 3.55173626453622 4.28497021804263 2.89194160160344 4.32266413622041 5.1091872778962 3.76430783969967 5.9217845988855 8.44608183787371 7.98914811243744 6.71530628414428 6.957361048773
-9999 -9999 -9999 -9999 -9999 -9999 -9999 -9999 5.22943089264878 6.41103217233587 7.13415687282229 6.74186869307032 5.50175946216804 6.18330424088602 8.16280048109466 8.88891495979348 6.67795999370752 8.62656366236839 8.2971963142569 11.4658029865748 8.47717464384661 8.96166698508804 8.38101096589426 6.30111676338888 7.38577472315275 5.12544978185784 2.12327631505094 2.66227946842395 2.29729277541127 6.04294525636508 7.008543288017 7.55036718370564 5.66024559559919 5.72650059015228 6.99399323663781 5.89182555123692 5.62871700770089 4.27919569554129 5.97302150931818 5.89596949901125 8.26532035221867 8.29807456743713 7.35588875793902 5.43861055030188 5.58662549647354 5.59077249544321
-9999 -9999 -9999 -9999 -9999 -9999 -9999 -9999 -9999 8.74970809765615 9.57897077836889 8.46103346060023 6.62590918221243 5.6932940234607 8.12894421681109 8.25634421465542 5.88382563948564 7.12723426788652 9.64568040802406 11.6173372897386 12.8201198391625 12.5021944998005 11.8729161507714 10.5619298201182 9.22450808571733 6.56702503868515 5.42807424353349 4.18280088094775 3.79036706310319 6.05594717195481 8.92792577004041 7.31417338441728 6.99196409728189 5.36947535930848 7.26508686778001 5.85218216837339 7.26825491554622 5.255382325756 4.69325065405779 6.323235510344 8.05097126117506 8.18465741979237 4.65493864665047 3.52298001148429 5.87127240543043 5.07277436092558
