IBR/IBR_outputs/all.combrep_1/EucDistWater_Total.FireFreq_2000_2008_Total.PersistForestCover_Total.WeatheringIndex_Total/EucDistWater_Total.FireFreq_2000_2008_Total.PersistForestCover_Total.WeatheringIndex_Total.asc
NCOLS 160 
NROWS 95 
XLLCORNER 210004.651214014 
YLLCORNER 7350008.22228844 
CELLSIZE 4999.99999999997 
NODATA_value -9999 
[rows 42 to 62 of 95, columns 0 to 45 of 160]
-9999 -9999 -9999 -9999 -9999 -9999 -9999 -9999 -9999 -9999 -9999 -9999 -9999 -9999 -9999 -9999 -9999 -9999 -9999 -9999 -9999 4.79644774866807 6.48160650860374 7.92530522675375 5.55946074121127 5.89265878538049 8.46935925111389 4.21842294343791 5.21444880218468 7.3400909283408 9.11739838425418 9.70166677020935 8.45620837630649 8.86818761424518 4.95500776956709 3.74006901596604 6.57992788979584 6.85992044894154 6.03687541567636 6.95485241907119 8.04711933114413 7.47900175956054 6.18447097346098 4.49569087842695 4.58744092972663 2.4397799384212
-9999 -9999 -9999 -9999 -9999 -9999 -9999 -9999 -9999 -9999 -9999 -9999 -9999 -9999 -9999 -9999 -9999 -9999 5.50346859004066 5.71342679334764 7.63488289154678 6.30379623965073 7.17474448506316 8.87632143353778 7.045977406592 6.61362977906309 7.95186807469809 7.14624521450438 7.42295066077091 8.85463990973963 9.9445320549762 9.59359301799825 8.61971443792151 8.4058525310541 4.78919773864874 3.18217691265371 3.76386498270007 4.76089096007984 3.12802731564622 5.47599997362184 7.53060611733912 7.61574726720354 7.22562822218549 5.50214167947056 4.56239291574627 3.80701930516707
-9999 -9999 -9999 -9999 -9999 -9999 -9999 -9999 -9999 -9999 -9999 -9999 -9999 -9999 -9999 4.28329000812881 4.77788053704959 5.17282519928069 6.62540955548175 5.49140836287219 7.58018397918764 8.85708218187716 9.42737663965433 10.4428549141 9.36105893950689 8.16850865257844 8.49743194024899 9.16191603709278 9.27610394007706 9.30213922157069 9.1852429300623 8.22392500558722 7.94828290014269 9.53318345824413 7.62734089832426 5.22403819754278 2.52887471083617 3.25034866045603 3.83592536713385 5.13606183308283 5.15862803801594 4.51179088818277 4.3699166036929 2.77370069489189 2.58724172788232 2.09521015305585
-9999 -9999 -9999 -9999 -9999 -9999 -9999 -9999 -9999 -9999 -9999 -9999 -9999 8.02979625454097 5.72394803189622 5.01021321511378 6.04026934805414 6.0625712387154 7.91526033165664 8.07690631338261 9.06386126201108 10.6556907935734 11.5253291404122 11.4000232592715 11.2077966083122 8.75886006248674 8.69511468519931 7.66400963366513 7.55885509578532 8.02453353677416 9.36327193591038 7.04239680567608 6.96436419743728 8.77190705586795 8.95441671798807 6.75732912359771 3.56173296844184 1.86187313825296 3.0643711439937 4.53471372902463 2.36836849198468 2.42350433710104 2.30468093100665 2.95576475742901 4.00388347279972 3.84698387863904
-9999 -9999 -9999 -9999 -9999 -9999 -9999 -9999 -9999 -9999 -9999 -9999 11.3497750913544 9.62804685174898 4.62598636946929 2.15046452748168 6.40053397354639 8.1671891938193 8.44657818438322 6.92259331050222 5.45593326785283 7.88533376632564 10.414281376784 11.1122180231904 9.42666601755799 7.71415159742796 6.67093345919298 5.21876459095287 5.30179551612616 5.50206829439992 6.8651210316987 5.22515887204153 5.77902549414795 7.32711741985174 8.36515691333225 7.3271721473438 6.17780054594267 3.81306934081929 2.41504772317639 2.18437645643099 2.7738010510928 3.24785124317465 4.64332581622545 5.43247633499159 6.76076302165612 6.61700279753231
-9999 -9999 -9999 -9999 -9999 -9999 -9999 -9999 -9999 -9999 6.22972525138612 8.21945060755783 10.1981826099483 9.88108365819939 6.11913408462936 2.95191191865602 3.88478701886842 8.22596580563768 8.09342869990396 4.06737498262197 4.92350541712329 9.52465479742104 9.67170112586112 11.0348027812451 7.99370283241074 5.07657034526181 4.65837896290734 4.77045074380718 4.28281175191045 5.22909602280155 4.73706396531209 3.47657048278648 5.04846830011775 6.88503664693689 6.65749278358022 5.64369705585551 6.09801109032102 4.96399156000606 2.4240927671043 2.28032572063536 4.14197204474668 2.7599883414733 4.78660924002686 7.84283304709225 7.04247884591816 6.59652927146745
-9999 -9999 -9999 -9999 -9999 -9999 -9999 -9999 -9999 6.01126139909449 5.34848651661026 8.03528265724157 8.28288636954757 7.31461118227318 6.25505682729204 3.89539639024926 5.05106279780793 6.88493066672557 6.99319539915736 5.95064321555309 6.37768846705725 11.0075560303251 12.5149172453038 11.3153695462182 9.00868559604249 5.83789280014353 3.04561257806915 6.04727620348463 6.64080776894542 6.8842565546015 6.64549260873018 5.84323038997386 6.34376749873845 6.94245544539932 5.57503745623848 2.98612734031517 4.66237211420467 2.55199735404905 2.79881131573021 3.85569999857332 5.2971422055555 5.36818627425454 6.03287157081986 5.60323106401685 5.22068969801659 3.45505668804746
-9999 -9999 -9999 -9999 -9999 -9999 -9999 -9999 -9999 5.3917686663733 6.2041397347437 8.57883053735334 7.02754103320483 5.16064158696298 7.1587110883199 8.40905972741703 6.09253186017598 6.10035496223493 5.42059808550118 5.46717211160347 8.51183944093171 12.0498156083291 12.5673420533994 10.8982935999701 8.96138586319322 7.70873734964269 3.64421944112054 4.83730323894301 6.52417493411653 7.11048220995012 6.36433904292811 6.45909142039012 7.38160132188226 7.42946448430653 4.73620504627043 2.87335797527463 4.42006679031094 2.97632379694491 2.63946402099464 5.83841589714595 6.9897540990728 5.72459200905906 4.84584556469099 3.78340881998054 2.93361355438869 3.42615556783019
-9999 -9999 -9999 -9999 -9999 -9999 -9999 -9999 6.68703916604441 5.64098304513869 7.31183409942935 9.41422572038794 8.43124795109971 7.5388478660508 8.52086730865231 8.5234786460308 5.97301054632123 5.44266759118029 7.47823812354903 8.68597413806891 10.7677883000125 12.7177377532964 12.2420033713005 10.1223113981192 6.34301594972314 4.44738712735681 3.38393827190664 2.72357024037975 4.86072420348498 5.72348413439233 2.99343204908867 4.05218097098406 6.43899543036524 8.42886704633361 5.45603323371968 4.10214268927309 5.26792998671156 2.92441728197873 2.39866495327038 4.88191606124702 5.90382199096747 4.13395129552399 2.640825706408 3.67702675943257 3.12327448509484 4.94460695376074
-9999 -9999 -9999 -9999 -9999 -9999 -9999 -9999 9.42816283651651 8.30986820856378 9.21722788248547 9.92910113613478 7.82313202416721 6.45032765968357 7.88839269056184 6.41364064133796 6.23076865786362 4.87931858622798 7.3448791518735 9.96613797441968 11.9639752616796 13.4805653893052 9.70219842722827 7.34197270056536 5.27622901769829 3.81863458906814 4.9488545728923 3.28959458058513 2.76493684124313 6.34870356944493 4.68070265692307 4.49397860673066 4.34084117582837 5.80051789723801 7.17624848151643 6.64778224757192 5.41312213301308 2.85354542083343 2.60454874901902 3.08231475557764 4.6727902836578 2.59403963742756 4.19768647592517 3.70582487954377 2.81576802643866 4.8690640532586
-9999 -9999 -9999 -9999 -9999 -9999 -9999 12.4090787339381 11.3859583533285 10.8110319943889 11.1583766708121 10.1389154126317 7.66539444620061 6.20308906047589 7.85699839839068 6.58295606588022 6.70819649917319 5.06610099376607 7.40163177335647 9.85767013774473 11.7417143983733 10.6291033701458 9.94661228423607 8.66798428833572 7.33242257405051 6.26569259839639 6.84613951874833 5.99095248956788 5.07403119774331 6.62185234591694 8.96533516314189 4.04597249413171 2.17517830244262 4.72201987480074 7.07175731266729 8.06548399326755 6.57167299964144 5.05535797603205 5.41302444114219 4.56410303865871 5.40385162437829 4.0666472540429 3.24587337136498 2.91504562236863 2.78027732303341 3.8105110878653
-9999 -9999 -9999 -9999 -9999 -9999 14.6678834482627 13.9634366564632 13.1152885412162 12.7930608988175 12.6117380588022 11.1710012619889 9.61120728821625 8.93493517488499 9.13719164343397 8.68890812436574 7.96571829040976 5.45687377283229 6.16149872641403 7.80524728322013 7.23609167531577 8.94804981071166 10.1709903522445 11.1013010007149 8.69026824899172 7.99480155122568 8.26083165100559 7.72564409644114 7.40046015618525 7.48255040448521 7.79788145350997 5.0606218490231 3.83075308027554 4.92372319791182 6.8387355841693 7.68811864179951 7.56966158517346 7.61192021471118 7.43052851191313 7.1268724896459 6.51246529682975 4.45389723260987 2.29641247439113 3.31149364639211 2.56634402283357 3.09588152823625
-9999 -9999 -9999 -9999 -9999 -9999 15.6764588857541 15.1223173155126 14.6045792520775 14.3245127265993 13.706181417058 12.5182897042599 11.0641012765492 9.1265512641634 7.20405850618457 6.70957098654334 6.10709911549077 6.7447806264006 4.87773658600723 6.39477243912284 5.94321516634643 8.25684625089764 10.1719729206459 8.68073836348715 7.40684648692973 6.77143086517704 7.45384631522053 8.63980004621846 8.25811998638157 6.49517392612514 5.54334835855686 4.33354583033099 2.9992664849943 3.14462183888266 6.03149965579709 5.07579820996393 5.39060207989862 6.81555528097132 8.72689003017616 8.7797815952566 7.77730054750292 4.63536301424451 2.37089145988524 2.40219097673031 2.67483071753241 2.07926551629498
-9999 -9999 -9999 -9999 -9999 16.9089290682595 16.5464519149678 16.0716341625017 14.6322246502843 13.8931685930443 12.5731288726447 12.92196365056 11.0006728725327 8.54899961719424 5.98258182445571 3.40025806203291 5.2171448983453 8.35278996236922 6.1693341732961 5.09861581175284 5.31018660509894 8.29617544137753 9.88635484325422 7.98988465191675 5.38247967344059 4.4289695958023 5.47554372113438 7.94701271053352 8.19384613479955 5.91549614888262 6.13354075250567 3.27014650766166 2.95671989456552 3.24068833671633 5.86875742602196 3.99829667950155 2.55539273411755 6.51621987478831 7.74020159385298 8.88208995385694 8.10185594917511 5.39691025342924 3.33992070768504 1.68527115867976 2.60805778031114 3.06051208858207
-9999 -9999 -9999 -9999 -9999 16.5427037696114 16.8982726409596 16.8494302135365 13.856010349133 12.6868991907689 12.5313655794044 13.2619003039542 9.03949022613425 9.81191737465165 8.5129242527026 6.96131778578711 6.77706771259644 9.31599948526551 7.3686692584585 4.92554763994233 4.62021396287644 6.16836739255395 8.44358055178416 6.9796857917521 4.31551146789289 2.4707005376294 4.69210907137913 7.3525464085375 9.45664358385813 7.85822142880504 8.62712785791583 7.01804686164821 4.34317085880484 4.89043623272487 4.18155749110596 3.10177518175215 3.09449169948198 8.03552656139236 8.84806133455651 8.56667992189776 7.04422007914305 6.39544189154142 5.13349602598673 2.88520360093564 2.22810530520221 4.76625503205818
-9999 -9999 -9999 -9999 -9999 15.8815654198304 16.2713061253606 16.7450386799917 13.3071587982215 12.3773543339014 11.3938516020684 12.9543228703265 11.31360531211 8.9448214129083 8.63586631009809 9.40722752879583 9.17182640689115 10.8172206931698 8.65279461956885 6.15358610655502 4.47009664167525 5.17585725835192 6.91150160862533 7.48943584871822 5.72660282584458 4.98241449889095 5.83530043059857 7.39932528042257 7.47083646986616 8.73314099871354 10.2966392062607 9.31095071098461 7.83440325162169 3.30670234960145 4.58067045420527 6.0165932496202 5.89320360030014 9.84833117094804 9.49567826316098 6.50739028471465 4.65468570854253 3.74619390420141 5.29247645372723 5.89098314696221 5.39562769283263 6.36741066666184
-9999 -9999 -9999 -9999 -9999 14.83183503425 15.5208473251417 13.2770297587164 13.0743465628034 12.1941784471358 10.9518867543349 12.4579236095147 10.4851898586258 7.90096590597661 5.82442646962892 7.68934214649045 10.2705891856418 11.5829930902034 10.1261752479974 8.11773221653993 6.73081614320259 4.32817064152214 5.56088293897243 7.49940493196703 7.83215657041365 7.4923818505174 6.95914672490223 5.80160219070982 5.71297124974053 6.84189564224497 7.21223985427696 5.8145405682871 6.08853389459905 2.40808912334864 4.61693599174697 7.15012611103169 9.6524153027692 10.7156971678073 7.95015984814305 5.67445625764302 2.91773184960769 2.89878552449809 5.50582215068598 7.40918581497543 8.33842103676819 7.44120890546568
-9999 -9999 -9999 -9999 -9999 13.7575722652765 14.7258939020877 12.464704244663 12.563736645853 12.6708575013492 13.970228695492 12.5682787274606 10.6370905361504 8.4076503303142 6.81519868338566 5.21552437398281 6.99547891986082 7.65265240140962 10.9622987305419 9.6521477626305 6.8829664796217 2.97042103692532 4.60230316755836 7.84583748708345 9.44342153452715 8.82141874464111 6.6141715383825 4.16210022004142 2.85751281117789 3.5722013818853 4.77837733184149 5.10159050197977 5.79374258779246 3.24405915230638 5.30944245331026 7.40069751578378 8.09399951428437 8.61815890048996 7.64720559122015 6.31094036205163 5.01815594565406 5.62274372844965 6.86393148343545 8.15465945456172 8.7083856656237 7.70550103354274
-9999 -9999 -9999 -9999 -9999 12.7208382826259 14.0900108917745 12.574912215361 15.0980789302932 14.0509705655739 12.958455969095 12.014893736529 11.2455979034358 10.2701300780604 9.63335412628657 7.68714667758014 5.83414718952409 5.95873388506521 9.8111399583618 10.2958917280126 8.15635688597705 7.11913880495865 5.64246248042805 8.71848766080386 9.93939817534193 9.61669607427143 6.98215885559622 5.10404536518217 4.461307977425 3.33209657489463 4.71790648715219 6.04023861343097 5.72573611481882 2.63237773029781 4.14523778043039 5.45296503020812 5.70215390475677 6.02043902169289 5.18397918458229 6.71967166752963 9.3628035434473 6.72802954422062 7.59289318864134 6.81258408039858 6.2049441246086 5.91899668013283
-9999 -9999 -9999 -9999 -9999 11.9978142735395 13.589582618248 14.8598320556485 14.5039034502591 10.9946737063247 9.53165718679214 9.45175995929189 9.27132293280359 9.74280299676768 10.7743218107131 7.72797172760172 6.37397678855795 6.27748980582366 9.0537623239213 11.0650179716405 10.1703520928275 9.3122951709634 6.16858167733462 7.28988304730431 8.69076697965684 11.0770921390048 7.09390323626016 5.51610005548061 4.69030249196981 6.64261327677441 7.46441063452255 6.70274707269795 4.4413566887882 3.00618318475472 2.42240523667325 2.7085239286523 5.13936056263009 4.18618521031414 3.55262609297337 6.80070149149279 6.71818308861775 7.58710570077061 5.0403113519394 4.65312191868873 3.15666374254897 2.85981154151145
-9999 -9999 -9999 -9999 -9999 11.90583658426 13.1952031902821 14.2616982852699 11.4364200650472 9.43010553400122 7.92777595298803 7.13219873156373 6.24579511610306 7.57901258714688 10.0215678257388 9.93042339686077 8.16844635454996 8.09698309144112 9.82148409819988 11.4053649359571 9.94178645016732 7.70533663276944 4.21543412400402 5.77461287688313 7.45678508806114 10.7417875185017 6.99140605832803 4.03121006657859 2.54701761061904 7.81030456304989 5.89445594712451 5.04663403746795 5.57647179157718 3.10080019387986 2.60870695579894 2.96620626504623 5.34893427446351 5.3920105049477 2.53733761801156 2.51075251555392 2.67164424841393 3.28577910528953 3.32127956310708 2.28853121610355 2.45064891476406 2.46297866802274
