0,8.69011584979346,10.2773415432657,10.7148842075092,11.9207594113715,13.5280198017226,16.2711008130217,13.4513368225014,30.9684340845722,32.4637451820183,67.1149850493777,38.5659263293381,34.8421810812487,33.4391270714128,32.2772807335537,35.5271062328282,35.4173893878368,34.4871774504134,34.4522110886037,36.3347887285463,28.3936354078034,26.4151346916448,26.8383886158806,37.1374959295024,60.2328967859299,75.1201028066566,41.739266723109,42.9620282629291,34.1401037281779,29.1512947055973,27.3135798378471,31.3286131456119,39.2926391784626,38.4105561670289,35.9911425265922,32.9615616460994,47.2096605560183,53.5119609879458,49.7900731968649,49.6670339246527,51.51202075672,53.6639468756305,51.2848038549379,51.0357255658921,55.7702435028866,52.9268818726961,56.627824169805,54.9260957711946,58.3764930769869,53.1997201289921,53.2580327713036,35.5287278817747,38.9041872008233,33.6366861045896,35.6566572972813,31.7921235354877,33.1924545860309,32.3951743559983,20.5597982272247,29.5407663273544,26.0035250913102,26.2535256159128,22.4285390106409,50.1930974470594,21.7002539662551,32.4251712297505,60.0820571536293,63.1551478311094,56.958008345862,53.9136754279514,54.2014331607542,51.1698511986459,57.7238619182561,58.7743046150842,65.5482167609711,26.8832908262826,29.3285290397174,52.4514823212567,27.9273035948738,23.9589903132439,30.4818077841634
8.69011584979346,0,10.7562176322617,8.80678830784372,8.58750537308323,13.2137116133152,15.7036751456669,12.2326690984789,29.5833762436957,31.0802250396158,66.4591153171068,37.1888184651767,33.462259393709,32.0576188937522,31.6992627708068,34.9318947646216,34.3056813789731,33.415783734823,33.3476514723064,35.2636987968166,27.9162536359695,25.9898919323797,26.4183778780412,36.3137475395512,59.6250225754815,74.5059185703405,40.8008885660506,42.0647397492447,33.5884355903197,27.8090436774744,25.9702508290914,29.9732795293132,38.6848552731694,38.002222719354,35.3879575846555,32.3601557768657,45.8423537814797,52.8733104792387,49.1529730593922,49.028459390823,50.8625485340956,53.0142029257396,50.6339790125939,50.3845732967724,55.1225115380418,52.2817375289514,55.9812637101029,54.2799837357302,57.7304160701528,52.5530738022575,52.6137688833918,34.6897409854865,38.0872790551612,32.8351788960723,34.711792669315,31.1185112070744,32.5201133373195,31.7044477433703,20.3156024972397,29.1811260879694,25.7130781041513,25.9666630048762,22.2282217636668,49.0693881917614,20.5730558361121,31.3800467068347,59.4508682089272,62.5251206480145,56.3273982350395,53.2825670472535,53.546085305656,50.5146101765532,57.0736643188745,58.1243041565387,64.8857219141645,26.0602574585307,28.5230853020372,51.7925200364383,27.2868258692527,23.8342909107175,29.0782450909317
10.2773415432657,10.7562176322617,0,13.9404511901147,13.8100393575761,11.2069028017513,15.153908761762,11.8774942574307,31.7791728759972,33.2707692770721,67.7194289218231,39.4129810687459,35.6852149714676,34.2660407252582,32.8836073485543,36.1207181773251,36.4596013140875,35.5234109177076,35.4901582096138,37.3736560418749,29.4199026897177,27.3847885052395,27.8261320935698,37.6608905873128,60.8692165778964,75.7500270562894,42.2707287152018,43.4866689048884,34.7954289964237,29.8151156800668,27.9720015090614,32.0441568964288,39.9197729615803,39.2855960121213,36.574524104629,33.5412160591957,48.0793321374609,54.1236336548711,50.4026555311704,50.2790739520189,52.1175866569174,54.2696018521739,51.8897042312256,51.6407002740643,56.378038057823,53.5359286222314,57.2363265825093,55.5346405247472,58.9853011932588,53.8080679546922,53.8675386401303,36.5670699308709,39.9489555924403,34.6682563406416,36.7084434873048,32.7893320682852,34.2038834458143,33.4193059008588,20.530563739249,30.5957045004245,27.0356144403639,27.357056809888,23.4937740503537,51.2153338756488,21.8775070559393,32.9126523994248,60.6989535249582,63.7727606118001,57.5752212772672,54.5305525360173,54.8051278771159,51.773508865325,58.3304017322388,59.380824896623,66.1486222535889,27.3347403365485,29.7891736566594,53.0207866068311,28.2525630771144,24.6672943255961,31.289220881182
10.7148842075092,8.80678830784372,13.9404511901147,0,8.72642037622744,15.7382524605012,17.8910637957339,14.8759262957983,30.6855066166757,32.1861019729216,67.7331982439469,38.2517667661066,34.5296975654083,33.1422795622973,32.9705097194869,36.2136059345094,35.1544741837862,34.2737067652775,34.2019029296318,36.1185202789432,28.8321107616771,26.9642761523462,27.3777186469325,37.6585444855765,60.8713683854155,75.7577709821485,42.1443933845497,43.4118067053027,34.819152832149,29.0596547400734,27.2266603373712,31.171742207871,39.9389853865381,39.059330299127,36.67806540606,33.6532415421868,46.8805568279174,54.140963793458,50.4198340363429,50.295806449112,52.1355294213226,54.2871177857923,51.9075449206373,51.658086952184,56.3936078068457,53.5517306383142,57.2517441691077,55.5504172063469,59.0006311148414,53.8236841934233,53.8833593335091,35.5574483491164,38.9498212253568,33.7123262536168,35.5582850993298,32.0380734276167,33.4265582887079,32.5972616229368,21.982824393018,30.0907100399892,26.6570279209102,26.8485137477548,23.1652104541138,49.9414206184734,22.2121426915902,32.7662457882478,60.7140001600996,63.787628433844,57.5902530658633,54.5457134866028,54.8207689463972,51.7893212206603,58.3458625119599,59.3965129657663,66.1633111148683,27.4603590527059,29.9153457940313,53.0951701139216,28.7642289544963,25.0609863313152,30.1861604041795
11.9207594113715,8.58750537308323,13.8100393575761,8.72642037622744,0,15.1019341487045,17.041685299607,13.8824636958772,29.0680848519058,30.5701138644782,66.6928418935755,36.6411348646252,32.9165280189841,31.5278555894822,31.9873587059632,35.2168719424124,33.7836995893863,32.9361894257893,32.8364952460307,34.7817182061436,27.9845646025894,26.1418242937711,26.5631236203047,36.4884080008263,59.8697457360559,74.7508220468327,40.8875175443751,42.1861916058267,33.8601487250216,27.4851377729804,25.6518814307086,29.5824102994221,38.9364186296279,38.2320852446832,35.6746509824466,32.6508029371418,45.2787029971293,53.1140833378352,49.3941895317234,49.2690162704257,51.1000469753778,53.2514405020073,50.8709962748961,50.621300510599,55.3596172718863,52.5197797548468,56.218689438041,54.5177006124828,57.9679638387317,52.7905518489296,52.8521053854048,34.4168302898409,37.8295125517885,32.6016950044673,34.3313770180792,31.0269404160681,32.419564999643,31.5779468220887,21.2011649334313,29.3389644016637,25.9467534840477,26.1626585984618,22.5240976173734,48.5577361535938,20.8710713877247,31.4330310246583,59.6931534734499,62.7677128019901,56.569866154568,53.5249243857912,53.7807411393267,50.7493702204462,57.309923176715,58.3607191985177,65.1176676717574,26.2921701547114,28.7597643870618,52.0498537972748,27.7248560706377,24.3926932048659,28.552068634888
13.5280198017226,13.2137116133152,11.2069028017513,15.7382524605012,15.1019341487045,0,11.5704995345031,10.5089134210216,31.7682415029864,33.255605143432,67.4700573417556,39.4414142911421,35.70943960043,34.2726419783805,32.6405529458997,35.8617341320995,36.6888409487257,35.7466326766068,35.7151677985766,37.5994765497911,29.6419740579278,27.5544693434991,28.0147415912552,37.3091162721028,60.6582642073148,75.5315273765368,41.9276026663536,43.1353573522952,34.6101327150966,29.6365668171791,27.7873732367266,31.9251572083361,39.6984766150563,39.3572739850982,36.3031125264576,33.2655455831916,48.1319047553873,53.883244090999,50.1633746879602,50.0391108619359,51.8697345885428,54.0218435008443,51.6410322221955,51.3921031072129,56.1328315176319,53.2922640151626,56.9919813798091,55.2903602037003,58.7413270770101,53.5635406607516,53.6244369378286,36.7922405095872,40.1804990279542,34.8868262770456,36.9466406847083,32.9740159562201,34.403171754242,33.6311804389964,19.4695772918875,30.8551351067618,27.2813902556574,27.6701607488456,23.7835429263497,51.4246325502381,21.0430927417488,32.512128509201,60.4648641620867,63.5395397151784,57.341518632998,54.2964448323024,54.5549002874477,51.5232416104085,58.0836544912911,59.1340616373367,65.8943284471413,26.8899824168262,29.3570277492856,52.7299079430513,27.6477766996629,24.612246516983,31.276338192775
16.2711008130217,15.7036751456669,15.153908761762,17.8910637957339,17.041685299607,11.5704995345031,0,12.376073891152,32.6368008753311,34.1200330488011,68.0596235360377,40.345549189771,36.6099863066942,35.1570336415327,33.2357984496704,36.4406380353751,37.7567624122894,36.8076499442383,36.7791905988986,38.6626838850096,30.6842543544289,28.5515862816153,29.0290412309631,37.7966525811065,61.2853457637247,76.1511973375572,42.4310033716509,43.6273492114612,35.2634256101519,30.3426810510644,28.4879737025198,32.6889751808259,40.3153387506888,40.2646236619632,36.8692877535592,33.8273338540379,49.0573399063821,54.4814599689466,50.7626747806576,50.6377566236242,52.4606588214385,54.6128709178992,52.2311593626176,51.9823159888547,56.7264003343015,53.8873281514973,57.5863932395164,55.8848253548842,59.3361026331276,54.1577697215392,54.2200487449532,37.8448678775982,41.2377874054659,35.9322100340773,38.0147765337216,33.9844613982284,35.4268347516709,34.6666671533625,19.1575245162933,31.9322959841947,28.3504828288473,28.7951393846843,24.8949097722121,52.4760791162873,20.9851153786149,32.959206351448,61.0692628973178,64.1447864851874,57.9462939383363,54.9008238016632,55.1435739487692,52.111871347871,58.6757256529487,59.7261105447313,66.4790642959171,27.2723265491762,29.7531522092095,53.2765969246685,27.8370453401674,25.4360898948357,32.1455754466185
13.4513368225014,12.2326690984789,11.8774942574307,14.8759262957983,13.8824636958772,10.5089134210216,12.376073891152,0,30.8304898248462,32.3185597627459,67.2615311245386,38.5182960707176,34.7829829421514,33.3414742595004,32.5158533369758,35.7213396433631,36.0338651179034,35.1257412789174,35.0658006201498,36.9791510983533,29.5258393340969,27.4952075729091,27.955278926731,36.9328883218525,60.4951631564047,75.3628910031204,41.4252426469185,42.678420441184,34.5027235994747,28.7071115907074,26.8548491744745,30.9967272852695,39.5372854976575,39.3369453347875,36.156370880609,33.1215990598374,47.2220924646419,53.6918557824668,49.9734772438973,49.8477303365431,51.6678898683181,53.8196871996664,51.4378605995562,51.1885627402446,55.9324171576556,53.0943917604167,56.7926896297077,55.0915440531579,58.5424958694411,53.3641872410887,53.4274230002614,36.3726413417156,39.7790112707544,34.4998802474487,36.4359234587745,32.7011013908517,34.1287075501857,33.3390137122566,20.0930228294417,30.8267953472716,27.3143398004444,27.6845901044969,23.8752800607543,50.756090519147,20.2162474235512,31.8864352191115,60.2804809304698,63.35626680537,57.1576966868316,54.1121524017186,54.3470864260758,51.3155504661395,57.8808301824882,58.9314540466642,65.6794573887447,26.5235079318938,29.0095179495014,52.5253449606658,27.5399373485124,24.9084829500826,30.3203803298623
30.9684340845722,29.5833762436957,31.7791728759972,30.6855066166757,29.0680848519058,31.7682415029864,32.6368008753311,30.8304898248462,0,9.70550453188216,76.8093888482107,24.5037646416681,20.1058835364132,15.4148315407301,42.80396535205,45.9150831954902,39.9241362904131,39.2689045289668,38.8867021776887,41.2165757047433,39.8852881486313,38.1915986942447,38.6873617040706,45.3585558483404,70.4134345415143,85.2398842350103,48.4928391522794,50.3027559837062,44.8484914096381,28.6977894375055,27.3365830045734,26.3339275415397,49.4841622081792,50.2404909103622,46.3269674142948,43.3266031474411,36.3882756557455,63.3891059628881,59.6828677130814,59.5440812117375,61.2795344997845,63.427954306106,61.0383526270345,60.7851389976019,65.551483432361,62.7350715992605,66.4208317331783,64.7243124229157,68.1743221048792,62.9921811127328,63.0752932950133,43.4154957776405,47.1191182180667,41.9013271931234,42.4675539055274,41.3484583621277,42.812456000687,41.8725404786123,34.9766020514615,42.0210593285092,38.8888213141766,39.3579650740805,35.9392613105808,53.6291755365763,32.7333058640729,39.1834438791383,70.032933280448,73.1178105543207,66.9148301210166,63.8654973341995,63.9048414074618,60.8746813065667,67.4796222038888,68.5324965368177,75.17696664575,35.9636771477501,38.4680188291544,62.2495839749283,39.0907836832519,37.6197453215275,20.0640944095505
32.4637451820183,31.0802250396158,33.2707692770721,32.1861019729216,30.5701138644782,33.255605143432,34.1200330488011,32.3185597627459,9.70550453188216,0,78.2556961797818,26.3231928821764,22.0382455468392,17.2773361666437,44.2632189131198,47.3712245557493,41.5075417693081,40.8474637668497,40.4698626981209,42.7947166136765,41.3961868500612,39.6963419550882,40.1931764857721,46.7758154893852,71.8713749640116,86.6960680814889,49.8855335992708,51.7054748851535,46.3155231093909,30.0090823176404,28.6621164248651,27.4927478006919,50.9410639450039,51.7362223385418,47.7814351169378,44.7811736035327,38.1074727603245,64.8392333549814,61.1333508675,60.994245364115,62.7272014541407,64.8755705017944,62.4857178555912,62.2324411386501,66.9996019872227,64.1837719466315,67.8692202996449,66.1727936727593,69.6228229710124,64.4405450719202,64.5241932349824,44.9617427903778,48.6625132546719,43.4429941594877,44.026424640731,42.8734706482062,44.3383208106851,43.4010575839273,36.4519261081337,43.5271073493445,40.3916530253504,40.8627775304739,37.4408032821017,55.2162084728016,34.1947914136742,40.5876511129994,71.4848465588862,74.5699976854837,68.36687622368,65.3174235467398,65.3512351503116,62.3210961099136,68.9271838393651,69.9800979364464,76.6217709797208,37.3960958500458,39.9009745806344,63.6947282674821,40.5446151394188,39.1064087969316,21.8492540223388
67.1149850493777,66.4591153171068,67.7194289218231,67.7331982439469,66.6928418935755,67.4700573417556,68.0596235360377,67.2615311245386,76.8093888482107,78.2556961797818,0,84.6432726689884,80.9096494087148,79.3822957193153,57.0546478189728,59.4243563515226,81.2435533651642,79.9660145390161,80.1840670626381,81.841088897143,71.4905807453229,68.5824495145776,69.5142612332108,66.8571585587258,70.3678272501905,82.3874389890487,74.9713596939974,75.2196094858407,60.418141146046,73.6471542956061,71.8460156809255,76.0589521155724,51.4163136611339,78.3496534812128,60.6199482533197,58.5242750460667,93.3991457305833,50.4911200141536,47.1398231966585,45.0585880234704,47.3932302515069,48.4870336759336,46.9570932067784,45.5898537519843,41.2048046315684,40.7066009304415,40.795113278916,42.2492913855412,41.8196329157787,39.1556829420075,41.5205654822121,79.4281431858307,82.8264315785174,77.1536296452542,80.4732434801886,73.6371252828589,75.5203969382252,75.1728830408024,67.9654367959976,73.9335029651599,70.6208122912952,71.8556316118214,68.2266151730445,95.9146418625167,68.7213122011218,72.5372177796818,56.9835066571738,60.9578056404907,54.4245369622797,51.0972294377192,43.8610132139759,41.6471597890149,42.4611892433147,45.3619188813229,57.1067354694412,63.8544798696474,65.4674863631092,74.0136108098443,68.7534286767965,67.6630541437741,76.4936254071002
38.5659263293381,37.1888184651767,39.4129810687459,38.2517667661066,36.6411348646252,39.4414142911421,40.345549189771,38.5182960707176,24.5037646416681,26.3231928821764,84.6432726689884,0,14.8482828430585,21.0571161452224,50.5468829638043,53.686462538737,45.9879647728231,45.3420230786237,44.914088276762,47.321639184788,47.1029686932816,45.4833958740805,45.9711869563075,53.4511631858999,78.1480921243959,92.9904777531316,56.7612703477089,58.5028458871086,52.5113631820478,37.7874112755966,36.3504036977651,36.1692503230908,57.2314943678481,57.6311336406145,54.1155744991471,51.1164374767824,33.0119745068308,71.1923542405732,67.4831197275201,67.3468558806866,69.1033986937994,71.252114066669,68.8646954607685,68.6118709619111,73.3708923139025,70.5497227037931,74.237955451725,72.5407737572191,75.9904885995103,70.8095678713536,70.8882942802175,50.0727712724857,53.8325072486168,48.6254509015941,48.9435896275742,48.31877636461,49.7795624186167,48.8061387618818,42.7076375763691,49.3302880735983,46.2445814709456,46.7045147026147,43.3298799790139,59.3332788162411,40.6580984717162,47.4631574044981,77.8207488816654,80.903310703856,74.7015412016223,71.6532353964513,71.7385947619165,68.7083129187863,75.3036197617325,76.3562330792196,83.023645581529,43.9976251481444,46.4903559734565,70.1121557663476,46.9734077294136,45.1697480237646,30.1966128197847
34.8421810812487,33.462259393709,35.6852149714676,34.5296975654083,32.9165280189841,35.70943960043,36.6099863066942,34.7829829421514,20.1058835364132,22.0382455468392,80.9096494087148,14.8482828430585,0,16.3987930181412,46.8220955805461,49.9583412626294,42.5074830054684,41.8676322582919,41.4435819870702,43.8395496812737,43.4432414638799,41.8136683137287,42.3021675883787,49.6878550940921,74.4257247072694,89.2662316898075,52.9806430910019,54.7287029998958,48.7966254239584,33.9191837571312,32.4873609629087,32.2520001432765,53.5074009492691,53.9486768244872,50.3853025584901,47.3858730895428,32.1777684872214,67.4620643072406,63.7531665153214,63.6166310226499,65.3707999392513,67.5194915084471,65.1318227190405,64.8789646202201,69.6388405751044,66.8181955227428,70.5061613144135,68.8090456377416,72.258802859388,67.0777401969959,67.1569503459871,46.5002666538176,50.2503189669987,45.0429687689081,45.3976383329316,44.6989510091638,46.1595440073641,45.1907676762331,38.9737489865388,45.6556769968304,42.5631595041446,43.0231877443582,39.6423581978615,55.9425547474147,36.8981432656254,43.6753485549928,74.0922224237902,77.1750452997793,70.9731379001532,67.9247153284458,68.0049442117013,64.9746721297141,71.5710596043604,72.6236970202704,79.2885756562294,40.2363685752319,42.7308165996276,66.3739885115041,43.2260892254377,41.4624080366948,26.0589463386532
33.4391270714128,32.0576188937522,34.2660407252582,33.1422795622973,31.5278555894822,34.2726419783805,35.1570336415327,33.3414742595004,15.4148315407301,17.2773361666437,79.3822957193153,21.0571161452224,16.3987930181412,0,45.3375435260521,48.4611458503497,41.7177866499856,41.0663706350857,40.6641960608931,43.0282030336808,42.1876164569677,40.5266482942464,41.0189021934671,48.0449757776654,72.9430429613304,87.7764657230002,51.2554733606954,53.0358863803941,47.3468334217442,31.8372595996171,30.4428807799881,29.7992991516618,52.0193751435823,52.6191352200665,48.8806233338764,45.8808387401103,34.948352348239,65.9486864260511,62.2411412559323,62.1034513534635,63.8481051308659,65.9966507562464,63.6080030113995,63.3549557593312,68.1180952479774,65.2996115076781,68.9864465371341,67.2896410975229,70.7395191208064,65.5579119674602,65.6391141806575,45.4705367704282,49.1989030381799,43.9858530698064,44.442671866172,43.541583153151,45.0041677873531,44.0494695887969,37.5064451430128,44.3638486570807,41.2521859186645,41.7172638118818,38.3180611905932,55.2628241603726,35.3499315682433,41.9550171138168,72.5857739695675,75.6696412208344,69.4671893989155,66.418304876217,66.4777059598376,63.4474941047479,70.0482331317563,71.1009953817541,77.7554585775904,38.6263635349817,41.1254085983713,64.8354668665912,41.6872590226638,40.0690109973141,23.7439017525194
32.2772807335537,31.6992627708068,32.8836073485543,32.9705097194869,31.9873587059632,32.6405529458997,33.2357984496704,32.5158533369758,42.80396535205,44.2632189131198,57.0546478189728,50.5468829638043,46.8220955805461,45.3375435260521,0,19.7282450122128,46.6048920929283,45.2981564170478,45.543267504535,47.170561387169,36.2468845233663,33.2084493782254,34.1660118572175,36.5633217340133,48.803453183806,63.6642840464045,44.2213108027425,44.5175824874977,22.6303653401293,39.9555703180446,38.1396118435116,42.351066074041,26.8734694333069,42.6780157325352,22.6876166253085,20.1570219016038,59.2469466276788,42.6329766788427,38.848375040811,38.8029009922419,41.0915332737445,43.2648478345125,40.9267520824287,40.7017032827813,45.3277924345394,42.3688300111537,46.1393521697153,44.4098314310821,47.8698550930704,42.7100230791125,42.6621819909263,44.5524764400506,47.9290172753585,42.2476001122279,45.6841988460269,38.6287712056103,40.500954435844,40.1673068604326,32.911992313261,38.629891615819,35.2670461074039,36.5790067896135,32.9079227888646,61.3090558183045,34.2260634985245,39.1433530237068,48.9709306026719,52.0039572249354,45.823524036088,42.7940831436298,44.0862225217067,41.0470043795479,47.3890595834378,48.4263187793185,55.7657941740124,29.8707175019622,31.5522116733032,43.3472220380326,33.7423205663887,31.9263650752676,42.4667923449074
35.5271062328282,34.9318947646216,36.1207181773251,36.2136059345094,35.2168719424124,35.8617341320995,36.4406380353751,35.7213396433631,45.9150831954902,47.3712245557493,59.4243563515226,53.686462538737,49.9583412626294,48.4611458503497,19.7282450122128,0,49.967441643568,48.6835562265079,48.9098099722268,50.5559842636402,39.8570923995524,36.8669674367468,37.7983081562476,38.7915773763102,52.0740340374969,66.7647151836246,46.6941256612517,46.925224267253,28.028330371663,42.9649026689612,41.148901131072,45.3842784242237,30.0481419774856,46.4551755875513,19.9589059870302,18.7122549227208,62.4050798896209,45.1573002067187,41.4041247619726,41.3491041625375,43.4124584047909,45.5976277312717,43.2292561316049,43.0162213840574,47.7648224505891,44.8395342184622,48.6004473946582,46.8657690553335,50.3416363449475,45.1629241362339,45.1464496612732,48.0685620644807,51.4493738585172,45.7892379264521,49.1361004402908,42.2762525638958,44.1250190715817,43.7662162476948,36.1143393173665,42.1831218609995,38.8080611564793,40.0812249011715,36.3983956690334,64.6622158120963,37.309735813056,41.9442792075744,51.6833684158356,54.7385889014522,48.5454990922909,45.5053644246853,46.3979358129134,43.3541888079402,49.7901693959207,50.8224839795255,57.9984483645694,32.5334701522971,34.1645637027226,43.9400059684548,36.7134016294073,35.4209180911282,45.5774873751311
35.4173893878368,34.3056813789731,36.4596013140875,35.1544741837862,33.7836995893863,36.6888409487257,37.7567624122894,36.0338651179034,39.9241362904131,41.5075417693081,81.2435533651642,45.9879647728231,42.5074830054684,41.7177866499856,46.6048920929283,49.967441643568,0,20.8397962892471,16.8105630554746,20.1930202266769,38.7494204796654,37.8438330839655,38.3094863806004,52.0062249456297,73.9905097159548,88.9617126821433,56.3919949862128,57.7333313287735,47.8684271070247,41.9160603700125,40.2090715715895,42.9100664838368,53.2001130255243,50.8720059704671,50.5446650291153,47.5696876597133,53.4793205508144,67.5724559952072,63.8406925192809,63.7222743525109,65.6377126160327,67.7877745426784,65.4172088064917,65.1663693292348,69.8674177226074,67.0114140737453,70.7172242100678,69.015844509282,72.462481999703,67.2911841857022,67.3377814726399,34.162803949982,38.8360961665047,33.632867952658,30.3304642371403,36.5034606886031,38.0269728019063,36.6952551394757,39.8115153240561,42.24680233951,39.6787326405488,40.2311366251376,37.2981548460754,40.4108052163869,39.3897837798552,47.5171122922085,74.0819441200629,77.1469918429609,70.954516803647,67.9140749347812,68.3417170776467,65.3108786335988,71.833972338021,72.8851057650327,79.7208230170069,42.4777869238807,44.8573614885075,67.0469676113821,44.7060869468319,40.3884999667341,40.0512224454866
34.4871774504134,33.415783734823,35.5234109177076,34.2737067652775,32.9361894257893,35.7466326766068,36.8076499442383,35.1257412789174,39.2689045289668,40.8474637668497,79.9660145390161,45.3420230786237,41.8676322582919,41.0663706350857,45.2981564170478,48.6835562265079,20.8397962892471,0,14.8944177624973,14.307276279138,37.0463288046451,36.2006223344192,36.6824538028676,50.9207427315026,72.6342907524186,87.620110102967,55.3777088119053,56.6950158125999,46.4762936108007,41.1521676484643,39.442268816999,42.1814935036543,51.8622503937862,49.3080124219813,49.2782040625855,46.3080702543888,52.8237409927141,66.274388382204,62.5403560333741,62.4235493430838,64.3550361059577,66.5050918640332,64.136292014008,63.8855004790009,68.5802440834476,65.720884071314,69.4283002051677,67.7266245534724,71.172812267141,66.0025566530502,66.0460550259151,30.9610549131532,36.0744235309184,30.4396503651588,27.7435957536911,33.9282347580735,35.5523301159882,34.2120390335877,38.7790066677384,40.7766277799831,38.2723734891806,38.8826417125954,35.9905029945837,34.5313547991854,38.4813130040076,46.5751916797347,72.7714037251106,75.8346651969328,69.6431613921405,66.603537976134,67.0650706606295,64.0342332665769,70.5500962950786,71.6011582070578,78.4531350288899,41.4291952082203,43.7956848487411,65.8212241891393,43.6459875805865,39.1450825922846,39.4128613843127
34.4522110886037,33.3476514723064,35.4901582096138,34.2019029296318,32.8364952460307,35.7151677985766,36.7791905988986,35.0658006201498,38.8867021776887,40.4698626981209,80.1840670626381,44.914088276762,41.4435819870702,40.6641960608931,45.543267504535,48.9098099722268,16.8105630554746,14.8944177624973,0,16.2466458396866,37.6347500859098,36.7344682931565,37.2060339066266,50.9795999139149,72.916872853858,87.8908464565548,55.3739218438386,56.7127170745884,46.7902212171434,40.920813348439,39.2151363542823,41.90414490225,52.1303846019033,49.7724741727892,49.4903457917174,46.5164886844053,52.3684910795877,66.5095379878851,62.7773749587266,62.6592195700748,64.5774887588195,66.7275337842618,64.3572865228976,64.106438560516,68.806324965467,65.9497471529566,69.6558217886763,67.9544041311857,71.4009467704492,66.2298406877983,66.275907477089,32.7028099088432,37.5203592955196,32.1417303768343,29.2314268476463,35.1544385059322,36.7149949068971,35.3906469947436,38.8154152362524,41.1838033749622,38.6265242074528,39.1956754109942,36.2675850420275,36.760806719113,38.4075438605839,46.5135132440399,73.016771730801,76.0815019968195,69.8892022409801,66.8489077045328,67.2824546978787,64.2516227419212,70.7734481385406,71.8245775778353,78.6630804709078,41.4616689360315,43.8389062230457,65.9985431651745,43.6949553454352,39.3574771896252,39.0391992609069
36.3347887285463,35.2636987968166,37.3736560418749,36.1185202789432,34.7817182061436,37.5994765497911,38.6626838850096,36.9791510983533,41.2165757047433,42.7947166136765,81.841088897143,47.321639184788,43.8395496812737,43.0282030336808,47.170561387169,50.5559842636402,20.1930202266769,14.307276279138,16.2466458396866,0,38.8983281284064,38.059508463317,38.5382142951314,52.796515086574,74.5097339973542,89.4953567075004,57.2568610600927,58.5727379013496,48.3501139912495,43.0491591905345,41.3377562481448,44.0924521611882,53.7370574262809,51.1721930487145,51.1504062398041,48.1800314335728,54.8332555555581,68.1493255825783,64.4152960530847,64.2985060677574,66.2299687773982,68.3800385647808,66.0112299130726,65.7604533205891,70.4552505311909,67.5958797146727,71.3033101006067,69.6016222529202,73.0478244151074,67.8775602197909,67.9210489507663,32.8239770088922,37.8712264918055,32.3769422777701,29.1403318839506,35.862224240114,37.4615519022247,36.1068390267609,40.6367867858759,42.6212954622949,40.1184184528169,40.7230272649865,37.8336381528203,38.6556118066217,40.346375835173,48.4529699794842,74.6464084609266,77.7096748357202,71.518165962375,68.4785386172086,68.9400849103337,65.9092419425297,72.4251094163081,73.4761637952221,80.3281894659416,43.3015943531687,45.6680980602144,67.694537820627,45.5123976954981,40.9997407870249,41.3414205711841
28.3936354078034,27.9162536359695,29.4199026897177,28.8321107616771,27.9845646025894,29.6419740579278,30.6842543544289,29.5258393340969,39.8852881486313,41.3961868500612,71.4905807453229,47.1029686932816,43.4432414638799,42.1876164569677,36.2468845233663,39.8570923995524,38.7494204796654,37.0463288046451,37.6347500859098,38.8983281284064,0,17.3365061615564,15.6736138791809,44.2661777340502,63.5239150930298,78.6119776517044,49.63294426419,50.6282639158055,36.7728607342344,38.8624991128336,37.0692232386977,40.7610489279301,42.830586793918,34.6600731718704,40.591428769638,37.6401932173374,55.4533485414398,57.6062845307563,53.8528480222146,53.7518692244817,55.8202739854324,57.9717498427919,55.6173980132728,55.3685862356431,60.014152653887,57.1245223046445,60.847385231283,59.1418501351516,62.5856691182658,57.4235436349735,57.4391297380844,33.6391760836889,36.5642880740486,30.9924374749951,35.9088917699724,26.7267214431394,27.755907124223,27.2678236421677,31.6150232340078,23.7927845818353,23.315784051026,25.2350511373362,23.2873001248456,53.704224352641,33.3088150616843,41.5410053696926,64.0027794706921,67.0511604054709,60.8674634986008,57.834461776083,58.5912606138574,55.5598622518191,62.0133321111751,63.0629897700831,70.0614316537804,34.9547637918642,37.1807368666853,57.6343818436088,36.6714007265003,28.577934011626,39.6009653507102
26.4151346916448,25.9898919323797,27.3847885052395,26.9642761523462,26.1418242937711,27.5544693434991,28.5515862816153,27.4952075729091,38.1915986942447,39.6963419550882,68.5824495145776,45.4833958740805,41.8136683137287,40.5266482942464,33.2084493782254,36.8669674367468,37.8438330839655,36.2006223344192,36.7344682931565,38.059508463317,17.3365061615564,0,10.6899785585493,41.6888116877601,60.5167152621703,75.6186508674653,47.2051363634678,48.1499942113231,33.5998556390307,36.9337877218855,35.1350177941077,38.9025944739518,39.8258730494267,28.4509651328927,37.6285138214387,34.6801422496647,53.8850173752824,54.6650421180624,50.9083917975469,50.8102045699726,52.9012915256846,55.0531047174059,52.7011126329702,52.4527356497472,57.0904716318198,54.1957217261172,57.9212647202708,56.2149938242229,59.6585315836743,54.4976906342417,54.5085587169524,33.2710904437304,36.352352447515,30.6476035340973,35.3693583545488,26.1412759253034,27.5331106172851,27.2564312101205,29.2532663309422,22.6732118947428,20.547207708823,23.4999019502767,20.8489055930288,52.7476515747646,31.1675117992702,39.2666999090508,61.045559160718,64.0915439176296,57.9090715919424,54.877114431583,55.6830316749131,52.6515052039332,59.0945835258113,60.1439553201354,67.1672090433399,32.4491939493936,34.6452437269382,54.7717815121039,34.1566555741778,25.4995773263842,37.891177911337
26.8383886158806,26.4183778780412,27.8261320935698,27.3777186469325,26.5631236203047,28.0147415912552,29.0290412309631,27.955278926731,38.6873617040706,40.1931764857721,69.5142612332108,45.9711869563075,42.3021675883787,41.0189021934671,34.1660118572175,37.7983081562476,38.3094863806004,36.6824538028676,37.2060339066266,38.5382142951314,15.6736138791809,10.6899785585493,0,42.4311076172761,61.5249353578262,76.6127870041953,47.8936663495886,48.8552655622626,34.6654211542271,37.4648240334636,35.6662877749598,39.4241449543957,40.8170680848428,30.6745599932096,38.540092370257,35.5855909790602,54.3681975565864,55.6166766747271,51.862259360584,51.7625185584387,53.8377913085963,55.9896444069592,53.6358938466897,53.3875066579972,58.0315602572919,55.1400763405063,58.8640759447636,57.1580688022289,60.6020777432245,55.4401978272968,55.4540820645954,33.7963864602173,36.8443356509573,31.2023541653464,35.8485512098711,26.8969021359995,28.1883861037641,27.8240457846265,29.7817032976742,21.9121526953655,20.3220245905036,23.3914541456171,20.9471885689451,53.225773403346,31.6962516991354,39.8836905001115,62.0094807234279,65.0572106319923,58.8737891805256,55.841031786687,56.6138085447643,53.58226619833,60.0324544314986,61.0818780477515,68.0892854591401,33.136146284795,35.3450802200319,55.6449613586821,34.8034396355873,26.0804449155227,38.385725290085
37.1374959295024,36.3137475395512,37.6608905873128,37.6585444855765,36.4884080008263,37.3091162721028,37.7966525811065,36.9328883218525,45.3585558483404,46.7758154893852,66.8571585587258,53.4511631858999,49.6878550940921,48.0449757776654,36.5633217340133,38.7915773763102,52.0062249456297,50.9207427315026,50.9795999139149,52.796515086574,44.2661777340502,41.6888116877601,42.4311076172761,0,63.2918494746381,77.6916556427199,33.4053385438652,30.60209374211,40.3177958837722,41.2265815270766,39.4255831956722,43.8777739244098,42.1659033373129,52.1889719238456,38.7644255682237,35.8780927442999,62.3740876534988,54.3288946302256,50.7135502951403,50.4995229982518,51.5887438203731,53.7309553907695,51.2718514590402,51.0100458426787,56.0136524425285,53.3382836166819,56.9527778913075,55.2733556548618,58.7355395975404,53.5146972661075,53.7278227785785,51.487261313116,54.9194557450026,49.4286263945819,51.9918513384616,46.8095835795315,48.4829597659858,47.9219441579294,37.9256431433483,46.2606925219525,42.8560418126251,43.8062445746622,40.0989839560332,66.5927911238933,37.408911800428,37.7814791379406,61.4326164918559,64.5851973912447,58.3471531578348,55.2679760918159,53.930612958132,50.9020286781466,57.8046096063098,58.8630587881665,64.8132459175246,29.2652297115992,30.4478314997393,51.104989706348,37.651897229404,39.6652533296813,45.0449875428864
60.2328967859299,59.6250225754815,60.8692165778964,60.8713683854155,59.8697457360559,60.6582642073148,61.2853457637247,60.4951631564047,70.4134345415143,71.8713749640116,70.3678272501905,78.1480921243959,74.4257247072694,72.9430429613304,48.803453183806,52.0740340374969,73.9905097159548,72.6342907524186,72.916872853858,74.5097339973542,63.5239150930298,60.5167152621703,61.5249353578262,63.2918494746381,0,48.6671444011227,71.0257043074284,71.3446492903038,50.5674204371133,67.5871998286908,65.7803435861855,69.9448174179724,39.9452409247399,70.0725965564809,53.8318992739282,51.6889912088875,86.8397786259624,54.0644908209865,49.8653662333506,49.8033908717851,55.0619257054107,57.0815222294142,55.1170580613699,54.7422934814903,57.6593517062048,54.2300832466118,58.0931194965922,56.4831354365093,59.6449691709204,54.8114518167192,54.3253500228475,71.6542998353682,75.0446336933873,69.2899694739025,72.9202711555419,65.3910626678261,67.3774872778725,67.1246797222316,61.1646876824199,66.1961828667913,62.9451141966497,64.279063996978,60.7015418725481,88.6918364046935,62.2555971585136,66.9348051521945,56.3368532921601,58.7813111985426,53.0222469749485,50.3250339467416,58.1850616644937,55.2014158694399,60.2372400952128,61.3503153617703,70.9542056154875,58.1689736002711,59.862964227416,70.0173040139738,62.3398674090346,60.2467793885876,70.0931440583534
75.1201028066566,74.5059185703405,75.7500270562894,75.7577709821485,74.7508220468327,75.5315273765368,76.1511973375572,75.3628910031204,85.2398842350103,86.6960680814889,82.3874389890487,92.9904777531316,89.2662316898075,87.7764657230002,63.6642840464045,66.7647151836246,88.9617126821433,87.620110102967,87.8908464565548,89.4953567075004,78.6119776517044,75.6186508674653,76.6127870041953,77.6916556427199,48.6671444011227,0,85.4995846653812,85.801587941644,65.8310712729385,82.3596612581493,80.5532216346718,84.7278706276592,54.2538389580298,85.2029233009109,68.4679537872189,66.3541532018976,101.692614554925,65.9752093733339,61.6918502022766,61.5348592929615,67.4567691069676,69.4248214004498,67.5455686776903,67.1206951350961,69.5306727185216,66.0041098073709,69.8418105723264,68.3086473065713,71.3285064310087,66.6262303350619,66.0494717762812,86.7202424846167,90.1111874980481,84.3727305441109,87.9454046504606,80.5466485788801,82.5116007392274,82.2402440261268,76.025774774203,81.2354973715419,77.9698762776935,79.2872823991896,75.6976103711759,103.658420300256,77.072844854805,81.6243379966638,66.254805825845,68.3250128219202,62.8902383195553,60.4318516189896,70.4976703359943,67.5335387776406,72.2336941070346,73.3815670995371,83.478361427712,72.8438148466341,74.5230165085939,84.2904211699396,77.1224074958385,75.2036716419481,84.9194757407872
41.739266723109,40.8008885660506,42.2707287152018,42.1443933845497,40.8875175443751,41.9276026663536,42.4310033716509,41.4252426469185,48.4928391522794,49.8855335992708,74.9713596939974,56.7612703477089,52.9806430910019,51.2554733606954,44.2213108027425,46.6941256612517,56.3919949862128,55.3777088119053,55.3739218438386,57.2568610600927,49.63294426419,47.2051363634678,47.8936663495886,33.4053385438652,71.0257043074284,85.4995846653812,0,26.3378135275605,47.561656491022,43.7111670307957,41.9374814100049,46.4323844280065,49.9643155754791,58.0016549986346,46.8134123833498,43.9053736155853,65.7923003807286,62.3786275804105,58.7494596247472,58.5405995067232,59.7331949909302,61.8704039650234,59.425874479411,59.158846580798,64.1036653588697,61.4133843891662,65.0316181791798,63.3551059855089,66.8094423893773,61.597579016599,61.7968632911578,56.4012137152699,59.8603872568994,54.4219014964611,56.6987037227,52.1135177423388,53.739737161581,53.1140881073405,42.967516242301,51.5808312679075,48.1969889718376,49.0425873390145,45.3589967776698,70.9203345608106,41.6863196611259,39.9365287769036,69.403293840546,72.5465727955694,66.3137890742017,63.2390636314391,62.0810291274454,59.0551442630377,65.9109401091004,66.9722146650726,73.0052550689597,35.5189746143215,37.3260715171098,60.2992937512623,43.3392157223384,45.2622938522311,48.2177724272459
42.9620282629291,42.0647397492447,43.4866689048884,43.4118067053027,42.1861916058267,43.1353573522952,43.6273492114612,42.678420441184,50.3027559837062,51.7054748851535,75.2196094858407,58.5028458871086,54.7287029998958,53.0358863803941,44.5175824874977,46.925224267253,57.7333313287735,56.6950158125999,56.7127170745884,58.5727379013496,50.6282639158055,48.1499942113231,48.8552655622626,30.60209374211,71.3446492903038,85.801587941644,26.3378135275605,0,47.9840529086099,45.7656206493303,43.9777589940639,48.4747251099461,50.2614677786316,58.8497079568605,47.0005795243997,44.0916355191621,67.4922519693529,62.6302056275963,59.0037124976526,58.7946968866514,59.9667036874289,62.105641241344,59.6578039868013,59.3926176279116,64.3516750118363,61.6634426542284,65.2818653913257,63.6040805961068,67.060711099315,61.8467073837444,62.04791124448,57.5598633984983,61.0089475525709,55.5536721953311,57.9280305572675,53.1411226777357,54.7816402591856,54.1770325441598,44.0064430847095,52.5846146880981,49.1907593273168,50.0701250474429,46.3754577262597,72.2839934822405,42.9765664887039,41.7970862804827,69.6716331748229,72.8166310488785,66.5828008943215,63.5071959994991,62.3181510954357,59.2913758801965,66.1563746057088,67.2166361074119,73.2366332981135,35.7774520423359,37.3609731611295,60.2312981397978,44.0775980519326,46.154835335188,50.009079964177
34.1401037281779,33.5884355903197,34.7954289964237,34.819152832149,33.8601487250216,34.6101327150966,35.2634256101519,34.5027235994747,44.8484914096381,46.3155231093909,60.418141146046,52.5113631820478,48.7966254239584,47.3468334217442,22.6303653401293,28.028330371663,47.8684271070247,46.4762936108007,46.7902212171434,48.3501139912495,36.7728607342344,33.5998556390307,34.6654211542271,40.3177958837722,50.5674204371133,65.8310712729385,47.561656491022,47.9840529086099,0,42.2769520461607,40.4644007016263,44.5968191559634,29.4534549101081,42.7232456100329,29.8483002027598,27.2334350170804,61.1577916266152,45.818381468725,41.9929587774704,41.9539472454399,44.5327184285375,46.6892027308603,44.3897639786953,44.1478105421513,48.6099856244506,45.6086628831454,49.3891625486154,47.6686682721319,51.10497048837,45.9718291473647,45.8844499311156,45.2652452282172,48.6361333427138,42.8629679544466,46.634839196835,38.8246652642202,40.8107436711165,40.5839107927555,35.061767389353,39.4700532701038,36.2039916528281,37.6356990202935,34.0511681952906,62.5962384009616,36.5345882141299,42.0212181678041,51.8734990251105,54.872126210969,48.7128861362582,45.7009989665227,47.5290169857096,44.4959727157258,50.7172305976582,51.7618030852762,59.3044784783386,33.2200256123533,35.0046014024951,48.596531605501,36.6060400450342,33.4040980468237,44.5198752986623
