IBR/IBR_outputs/all.combrep_1/EucDistWater_Total.FireFreq_2000_2008_Total.PersistForestCover_Total.WeatheringIndex_Total/EucDistWater_Total.FireFreq_2000_2008_Total.PersistForestCover_Total.WeatheringIndex_Total.asc
NCOLS 160 
NROWS 95 
XLLCORNER 210004.651214014 
YLLCORNER 7350008.22228844 
CELLSIZE 4999.99999999997 
NODATA_value -9999 
[rows 63 to 83 of 95, columns 92 to 137 of 160]
2.81172934451179 2.83804570939367 4.74867889466415 5.09962935343566 2.1061397775081 3.28364392588466 6.10907943354179 4.68044640255248 3.12775669421967 5.90600675767448 7.88784503546997 8.35506105373444 10.4390240727821 11.4971763818111 12.704040422543 13.6321392131192 12.1887895691957 9.30865063102262 10.2357985609898 8.07812419049044 7.26905242872158 7.93645433286712 5.53766248324341 5.77167033319513 6.98145423140354 7.44395557010118 6.05519184955021 7.20467878488708 8.85642374912789 10.4820828570719 11.0742465125838 13.0815927656708 12.1621701019671 11.7596102639316 11.470202076796 9.17163238358654 8.84018357693155 11.5755713115203 11.5313679687858 11.5399372650637 9.87346756265284 9.3251753761822 10.3098841566723 6.24701961373067 4.27276660263638 6.24318670238591
4.14189146063197 4.09524205081412 4.40012875409257 5.31992341692907 5.70081537035592 5.52545265745216 5.45921377781644 4.04246622119024 1.80317187224807 3.75556756235729 6.36066186530202 5.23948743935004 6.01198086329835 9.43909962508363 9.71392550397488 12.1301714233347 11.83548718842 11.3315901523032 8.27731046880321 4.68413641184295 2.85486564306245 5.31961620367322 4.72341889049389 5.91443533984753 5.30812241922735 5.08786916380698 5.59728639638536 5.74657914226266 8.2885654041855 9.4824733817269 9.10045444211315 9.88761778841488 10.3160695058961 10.7869113033972 12.2078529956466 11.7282169026333 11.6809513867809 13.2560618974249 12.2317357789217 11.7875833109265 11.396862419886 9.19563829058474 7.11138256374343 6.83593919160475 3.71683082314638 6.38408851188767
5.40463187419803 4.63941423529601 2.96579942166928 5.19113366035839 7.1550856487369 6.98496118387737 4.6061757280171 3.42283896400736 4.343600586381 4.67682574843667 4.38749415036804 2.44577327520372 3.77658791071975 8.79281754583871 11.1123517333595 10.6262943471418 10.8375057471303 10.3677492898402 10.5813083942201 8.81834761230154 5.25432531134723 6.40314065893666 6.88030268174721 6.01210469702943 6.08513674295628 6.6359948392888 5.17217384896336 7.09124455384419 8.97660343599424 7.91615486804772 7.36693314193101 5.9818066977025 5.64660994485333 8.18993741293466 9.40423027095539 9.56706478653031 10.7845591438182 10.7184582087951 10.5414432433677 13.254838724917 11.0991601220987 11.0083832034421 11.109099880908 8.71062458395845 6.54780552774308 7.65560145897148
3.56713724901819 4.534597749888 5.78379375825938 7.45250831908835 6.63328632412891 5.45298850148088 4.86054505796938 4.11810870907907 6.27240380142021 6.12294610916481 4.5706116332941 2.08883887894859 3.64999388721787 7.00272000093321 8.8885510377459 10.6830840951625 11.3814146565829 10.5529126130858 12.0253735184573 11.0202489237015 8.95240174290832 8.19745951143431 8.74477446230632 7.7013305045959 6.99795873059166 7.16224180969704 5.65449374450239 6.42221329980012 7.53183592452857 8.69133791551811 5.75127724489558 4.5198174349166 2.94868464758261 4.50757759107195 6.80797255133033 9.35237843970791 11.5070548188592 11.50887919653 10.8767172704235 9.79406274003752 8.42995567680851 7.56015712858227 11.1328398660646 9.9942253129251 8.98113635032182 8.89520281992333
3.96584223355568 5.20301514828406 6.95378822455263 8.41431339849711 5.91927833206919 3.45417585096302 3.39090683080908 3.75716129165698 3.92729590372707 3.38800527287081 3.39521871928766 3.15896511916505 4.89902881541284 7.48947496138094 9.32518626098385 10.8236848677014 11.8545390731288 11.2212456247185 13.4970327691821 12.8863137576896 12.7344542140352 12.522939991169 12.7083070905459 12.5243603119177 11.2813200086456 6.92679263593696 5.81723132849997 6.24211116200245 5.68742158762152 7.50554740164038 5.4381822629791 5.99338484336963 5.25511572833829 5.5596119954088 7.29638178703063 11.154052703473 13.8068316625384 14.6725927533965 11.2171303116343 8.70922138988485 6.66243827880025 4.93355273966159 5.71644645155854 9.85583767078088 10.1512585996397 8.3519275148155
6.61944952873955 6.35727605015829 6.72496963208762 7.9613570347842 7.28549664966752 4.98921322310003 3.27287219491169 3.06546004076039 3.87111337801068 2.65878123053731 3.35365658156972 4.18676643358387 5.26037223480684 7.54981640957446 8.78229153569765 10.4552116837071 11.0514069920968 11.5357046369892 12.6490097170986 13.3522803708556 11.8358765146237 11.6513968865267 14.5639561262882 13.7441353194484 11.9322157160887 8.45598729343437 7.32830260276005 5.5192133258878 4.5687905442657 7.09746585177268 6.89932359660492 6.30843758575198 6.32770318536516 6.70651760214335 8.29888912704449 9.8857645774177 11.1775393086544 11.5417552905983 10.1429284195828 8.02209320774092 5.94604085361634 2.66749465797812 2.69331851729865 8.7419384334013 7.77089508708084 6.93186712045726
6.74951178592635 4.87182409253704 4.11789707609072 6.13158752550837 7.468499377934 5.09805022785207 3.57414654283474 4.71859089863948 5.49816198836565 3.92348964554347 4.1188635935112 3.25126330330492 4.14749212489204 6.55954270025637 8.15847456645297 8.63499622779593 9.62340282755667 10.5340572435047 11.4171482903032 14.1991467799858 12.4360811093649 14.6122638410587 12.9038547180064 13.2400112713021 13.8197578022805 12.8678507671868 10.5290520216621 7.88454018524839 7.16889431910554 6.93574806255896 7.194902484577 3.33057041465063 2.74020727208229 5.33323132636797 8.00778546365745 9.53433050871569 11.013325555007 11.5612628804558 10.4479806188756 9.47687244023434 5.94920858862235 4.14815270376284 5.22591617396068 8.86363454047899 5.52428299177134 4.88480542165883
7.12207781459423 4.79335702913064 4.16500263937063 5.51777768418139 8.10186953934458 6.63382885875525 5.81701791265789 6.34627677839682 7.25375224069786 6.31264914363671 5.69844492765103 4.77920498731475 3.88972835907791 4.7875883139758 6.51427236244221 6.8286478736107 7.89341771657919 9.0568951832743 9.99283642015226 10.3398960400461 12.4971087934872 14.1552869000043 12.9911298192082 14.2466747085869 13.8205042473616 10.8818828867517 10.0822562636447 10.47601270923 8.99455893924465 7.63884122957999 7.36585391064505 7.1758306107414 3.50039265711184 4.99567429323506 7.53237843785304 9.46078004705307 10.8362489059961 11.6221910442037 10.6092559487616 9.50396217923812 8.12946887781843 7.76312964849384 9.89214396071307 10.7435230972494 9.3133968349077 9.02284470612422
8.92692666072885 7.65980216514275 7.38374997545915 7.45452233435855 7.09634587004125 5.85853728474695 6.4042561465299 7.57671355317747 9.12119081099983 6.76860878231091 4.23964850903002 2.68553631895653 3.01216925691802 3.45042523372818 3.36369031856144 4.12603885599816 5.55186227786869 7.35778035089573 8.81749481745333 8.53838474460883 11.8704747027682 12.7436440093471 10.5659400933652 11.6590888265142 14.3803008181804 11.9002667781567 11.3379376147666 10.8878008271452 10.186438025136 9.04910789039087 8.43888495308321 7.6916870443497 5.52790212400188 6.48217731391435 10.747398628086 10.1760430974081 9.73884491173148 9.77775584326817 10.5735482943128 11.5516585593624 10.6706457585303 9.24040178914994 11.1992349776675 13.5787990795404 13.0280551217864 11.0706604857108
9.77796801938759 9.62826405546989 9.46686277235463 9.07115882707183 6.89528093995071 4.10163400017543 4.40567132958892 6.75539693866383 9.19780962944278 6.9554808679784 4.02115220907878 3.15520707986112 4.89818788930607 5.33109065550659 3.45200973398219 2.64789297164506 3.35406369561024 5.81698444245084 7.38497796450044 6.45194288310107 8.00311499480738 8.54410592794968 9.65211757352064 10.9664339768506 11.8543234127923 11.3499343097729 11.2933279403135 11.3889062185836 10.7571299172237 9.51523411734123 8.66232816721586 8.43152660339993 8.26635134086526 8.18412133768402 10.8317917073437 8.69810414009785 7.80538380108931 7.92614816772497 10.3038296306195 13.996789549386 11.5084436941728 10.3740978642333 11.1568030878029 15.1510936790463 14.4935653557553 12.029272476436
11.2589059650683 10.8765897872377 10.6298345692342 9.11636127828289 6.71621836899733 3.95002165226059 4.52888992288298 6.5088222849533 8.39785415578192 8.38721087462808 6.54392749638913 6.23235075528708 7.52811047561247 7.00152659271485 5.23290135319451 4.4160625157367 4.05552088925396 5.44859594145295 4.83225586552563 3.50087891735203 4.58767012876018 6.91635292862845 8.87881019502947 10.5862532322764 10.4690551380518 9.86179030165046 9.85096999496389 10.4514946602632 13.1257038619638 8.60184403778701 7.53550928024767 7.64874196676724 6.09089310348542 4.65350589988487 9.64661910969526 8.83900390615079 5.64997298771824 5.90661139322698 11.4224383703314 13.2790484651655 10.9230236473908 14.0219906737361 12.5421442982762 12.983252137743 13.1117464864829 12.6094044744274
12.674345260746 12.2537192157594 11.0502786682815 9.6003213376327 7.22309943494453 6.63341537897625 7.07659500229513 7.60779098126343 7.31985596938172 7.13308446382657 6.94704965236661 7.14632756624907 8.14066199965543 8.61693393449479 8.65160570309536 7.18423894979195 6.51287299317257 5.63842874784995 2.81292627223869 1.69110911684258 3.29771298447225 5.77432909053085 7.78445503396945 9.29865050256034 8.75390346145328 7.98799123493812 7.99016296732728 8.6761669693662 9.41402232190003 8.21108604585314 5.96022626152832 6.22679441244664 4.00901610749576 4.21824347359127 6.89191984769849 7.78022819750897 5.98358917887915 6.3590549626432 9.74157051123212 11.739339630117 11.0875266085038 15.0081946478139 15.4564324151865 16.5247300815169 12.9909528189684 11.2246003840304
13.4832862923488 12.5038130309471 11.5325532392612 10.3437532981795 9.54942372678741 9.14260741787975 9.14466317680632 8.68579015868288 6.57422078575967 4.06610887812087 3.68946820715534 5.86358215789794 8.97604848823871 10.4932643814681 10.4284245895397 9.90524234983473 8.27546654387415 5.22191010317236 2.15353871913395 2.10944283595396 2.796269266013 4.33082978624565 6.99586309828432 8.39647909748677 7.15784820352032 5.63842763040859 5.60045136539515 7.09522493061797 8.74997121722256 7.80401991868384 5.95458219701434 3.35815558569417 4.42817314187391 6.33901095650706 9.35005256235253 7.632288163839 4.63266352624726 7.84192845835218 9.83559518928801 11.7062216619057 14.1429405967016 15.1226790670839 15.8567724617044 14.8386547978725 14.3226279904075 12.9538803762576
13.5359321803778 13.4453974517406 12.6122669475944 11.3309995490324 10.8180024307337 10.569465704878 9.71860023595628 7.80132346538913 5.40117311363518 2.88061309935629 3.18634311419081 5.91971736228927 8.64551729265662 10.6417869903956 11.3351426117348 10.3101517993114 8.99774293509672 6.66190053236028 3.48357150502778 3.77382113696014 2.71772174543461 3.39823015509248 5.64880641927049 7.67687743013561 6.14875941694246 3.26192030783644 3.28471198131449 5.95288373071069 8.24613862622748 8.83343513352214 7.21100813822585 5.84044257792508 7.03327083985695 8.1727706083258 11.2523673591009 9.17837168298785 6.93158711206463 9.18974562890686 10.5113289745054 12.5504285215279 13.8106912589811 12.9097797285484 14.7273316257296 13.6829337531752 12.8184887563944 12.3494927674324
14.347329452095 13.8027607524335 13.2227017541235 12.5248268132941 12.2138888108823 11.8230022581335 10.9462047530294 8.95364642371189 6.64775918519201 5.51318072958423 5.99475641825246 7.48434032606235 9.00848326000579 10.0018990544662 9.36225779386485 8.94374519399945 9.39232114121482 7.6017916607899 5.22639201980573 5.04794980107515 4.01623344184964 2.54911799883378 5.22922464300784 7.34277353467307 6.00643177629232 3.16760134299281 3.33500374939391 6.06986620560906 8.40411039398708 9.81336419738351 8.82109907189823 7.91737766591132 6.94901564236249 5.97885635094141 5.86608851262406 7.09705370762 8.43343164375853 9.7050052105167 10.4432369721975 12.0721369527622 15.275301195621 15.7555887690984 14.4698000522297 12.0924778897755 10.0861019647349 10.7353379481521
12.7823333597831 12.5762922954926 12.390723456859 12.170521630452 12.2067434054176 11.4553023462856 10.5518546376105 9.61033157244259 8.93170657957513 8.47400012993262 8.78360191274868 9.44192447406338 10.2060996764923 9.51944497462472 8.01641420795639 7.07749554237934 7.58117564644476 6.55348193858101 3.61046000790643 2.79005323285546 3.66435065061454 2.74936093516213 5.05194658874564 6.68536261429156 6.93877466532481 5.58601863290102 5.82846029415563 7.27390258380394 8.98676748753713 9.61253823161027 9.19314438681248 8.04358235443258 5.91938939577995 3.64957838406787 3.20526673114429 5.70899349182575 7.88939256205262 9.65997315889305 11.9018519352426 13.4287256584711 13.280108276788 15.4904560771721 14.841539035876 11.1268781674884 7.32928748144624 4.91509549220615
12.1415178939352 12.3094099527152 11.4344696440079 11.625254360429 10.9525926128379 11.7850297546615 12.4117079485328 11.190272045705 10.7506246714864 10.4576820941919 9.78247074717916 10.3924650241107 9.87220529880221 7.63657374168855 5.3039861123958 4.17085283957823 4.61221731497437 6.02618687986572 5.25301646932227 4.38140279119302 2.85109103043383 3.48183032984131 2.89029548943516 4.28138218295061 6.30232294370558 6.76236924119211 7.97388184921572 8.95918964896301 9.23945333744931 8.02675426219375 7.16024696722886 7.20374101218384 6.06763247593564 3.92759401280465 3.42447054491432 5.26720295816658 6.46966230107343 8.03835645952152 10.5785780917185 11.9004784064323 13.4440328056316 14.0884794543412 13.1800257767383 12.0756062586678 7.98473240054529 3.96166609051898
12.0949226700877 11.7944171328702 11.1077347370677 10.2097911748659 10.2367140901812 10.9666109556662 11.7186423061574 12.0734255969396 12.624422139866 12.1606187311229 11.9292489947747 12.0048570449464 10.796699663709 8.85299475756412 6.35481754931469 3.996105343378 3.94104294554812 5.84810746263778 7.37097001000954 6.4809770499173 4.36157239545826 3.75252569591611 2.47951973607016 4.0028417081029 3.62599252893217 4.61210914839946 6.86955213847018 9.01227004325474 8.28096400251979 6.34007610667516 4.74258709606511 5.39881265772693 6.78388227406994 6.18613524107009 4.7887286028835 3.00321952729867 4.51712284034474 6.98705605766097 9.57411957707739 11.7007588831286 14.7427233718162 13.9586969112981 13.0161578481674 12.9960694379494 7.14415171893674 4.98052449509934
11.0862877361935 10.4946181043336 8.74412868099443 7.53599000039384 7.35230994466653 8.36092101429357 10.4463401403512 12.6157820586987 12.9146964793467 12.2175041701757 11.9373651563502 12.2994584997785 11.8846248933539 9.67675963540736 7.96570522636832 6.59117534307177 6.29015096191054 7.42730091057284 8.6909401299326 7.97761930244732 6.52137015449397 4.24353352537585 3.29515804918357 4.68472235261167 2.91464622139215 4.53863204179203 7.084678877688 8.71004838013102 7.52623162669016 5.21647304730744 2.82568634125344 4.0775145953696 6.70934474087681 7.20273224381683 5.07932730595916 3.20490502381212 4.65232802946648 7.24838321541486 9.97592613599842 11.9497747997116 15.2429142008636 13.945706683361 14.7411739566142 12.5984841307123 9.65085876369891 7.55556295739883
9.71794903730764 9.52625312779061 7.17822264827302 5.33430388377061 4.6382131257423 5.84585073823683 8.15474268536438 10.3641639251869 13.4489650700749 11.0281455853653 10.0718110199946 10.5599975479145 11.5920194323994 10.8056038438086 9.43861429851284 8.98460705970708 9.02859358211004 9.55245284134538 10.4147201638979 9.43594101879778 8.32650316807352 8.75867655832846 6.2240720028074 6.79514552399485 6.00900681192591 5.80552445244085 7.45502783505864 8.94177170819121 7.99209357786559 5.93518411932986 4.8696474512122 6.11838517744668 8.681831769073 8.78767812773431 6.97366936744967 6.03513366896933 6.73255024415105 8.8513052155893 11.2812808464938 13.5142002609809 13.5524265783775 15.7584147966085 15.243717302648 13.1203117009991 11.9609607672346 8.08518959941633
7.46877451765025 7.43483826991627 6.99693112968872 5.04538501860516 3.09493156230587 4.97866577297132 7.9940422279354 9.38548272128806 8.97319242890592 7.61286574217974 7.36805452598128 8.46836859491059 10.2022802002252 11.0024912764604 11.0884255573574 11.3187315952562 11.0205150527114 11.3772453236576 11.3810058451388 10.6639047667453 9.52010752041057 8.81048147948085 8.34985051822738 7.8501721676859 8.51582992141232 6.45264367055912 7.61480212604597 9.11608871030557 8.65904917874049 7.58844477915899 7.14626985399284 7.78364092028872 9.63808526476117 9.5164292838783 8.91823354347232 8.57065477195209 8.72936658089461 9.80646767669674 11.5190775732225 12.5551918684459 12.4438912637648 12.0693991127452 12.9263957331287 12.1887059306581 8.55734113364569 5.60943514580634
