IBR/IBR_outputs/all.combrep_1/EucDistWater_Total.FireFreq_2000_2008_Total.PersistForestCover_Total.WeatheringIndex_Total/EucDistWater_Total.FireFreq_2000_2008_Total.PersistForestCover_Total.WeatheringIndex_Total.asc
NCOLS 160 
NROWS 95 
XLLCORNER 210004.651214014 
YLLCORNER 7350008.22228844 
CELLSIZE 4999.99999999997 
NODATA_value -9999 
[rows 42 to 62 of 95, columns 92 to 137 of 160]
3.51005662475027 5.83237479393458 4.06682461950875 3.10360815543699 4.18710059768088 4.85716820399438 5.29812706692414 3.46997577784364 3.87606106469108 3.67247380851869 1.59911525067897 3.08022815627187 3.41804972187557 2.361823554359 1.41065026603776 2.91300431657552 1.38815296501995 1.51124534387615 2.46268752253281 1.56417341586303 2.51884362343898 3.04047856477796 1.61791530412138 3.1365761379759 4.40847145605084 2.7493764578506 1.13185964389554 1.24665197317214 1.77664909293035 3.63494779758423 3.23478492684751 3.83074694559685 4.3145722778829 3.74637934000294 2.37200333459367 2.67128780119939 2.25641417866616 1.99881079397291 3.22631330611751 5.31972079589657 5.31840455789461 2.79407910632194 1.35663117026152 2.61174802576272 1.76797002509504 1.71051537811876
4.89086655762712 5.68350380134607 4.05056762619797 3.78268200739811 2.22464878570152 2.62070109817893 3.9710450419492 2.09067367968366 3.05127333254792 5.14328001588395 4.64458181082566 5.11084920767705 4.13863968773191 4.53264133357936 1.81740838297962 3.72923373196432 2.55614599500683 1.62933875450253 2.6041183006369 3.86743813506013 4.90782904269632 5.01773344585718 2.29353752386318 1.93142112152326 3.60394932019703 3.32600888879733 2.8289537711295 1.2852611809301 2.49657676262988 1.84800791795517 2.54031436989897 4.03675262978959 3.07420712925625 2.86028598603207 4.50497353668672 3.55777536272034 2.28651851492155 1.26701257734802 4.14400671069884 6.29351360012689 6.04135251665932 2.50839619183553 1.09868756504744 1.73459852926696 1.18576089304436 1.82266510688695
2.88525114114315 5.08626652668215 4.30293480072564 2.76411027856884 3.98982783420193 3.60842738768825 1.91151564192882 3.12467023180889 4.80677219392975 6.71710029071945 7.00381399115295 7.10850484985534 5.04716678260758 4.62118282356766 1.87446237477334 3.42783847661382 2.9291096034277 1.43957720446832 3.39707106547267 5.92892090030826 6.26730822156353 3.36537029984825 2.48398285848927 2.39839799098648 2.62578571838831 1.34576529176824 1.68431272604475 1.67790732475769 2.13062105943261 2.86820185912033 3.81932850190506 3.12665784036413 1.92331109878125 2.28135031047673 3.32230082688714 2.15784811414552 1.86690475638483 1.12710863983888 2.86501062004956 3.8738057739419 5.32635123538583 2.69973314517286 1.92497063196167 3.66700398790464 3.35892688355428 2.37345989212087
2.98404030177509 6.20660427748113 4.48336328518655 4.02331963700279 4.9624075127324 4.32021280276556 3.38514887376282 4.35924910663887 4.71007504229782 5.39118187680851 6.0376051818164 7.64129928411853 5.82327741117331 4.20117757023885 3.14623196921195 1.98509948517189 2.99253580514112 1.90235386489208 4.24923980755286 6.47997082115505 5.93934730446446 4.2436849297128 3.15413371551728 2.32582477730151 1.0809721638355 1.71731751390866 1.72137473023577 1.58315540536384 1.88957389074418 2.73493377654539 2.539014907388 3.04910776865934 1.92685086624582 1.96171815530191 2.06005580114954 1.9515758783685 2.96786011263689 2.93465587798681 2.68351165166765 3.14078942842103 4.88589719622629 3.18691532169571 3.20739298174856 3.37541178582031 2.8459453334345 1.5776111106685
2.74330086631 4.54962180177879 2.81608818010372 5.07971129341943 5.12485658487781 2.56077767795798 2.64309644302246 3.65927536278053 1.95759145721326 2.75892090963199 3.54507464582308 5.69882044962739 5.35362353651938 4.40625225288133 3.95284897804815 2.16197202863582 1.88932910197762 3.19025448911035 4.11626754018393 4.87276253639368 3.64746126755026 3.98687369278336 1.8280525778753 1.93437845271138 1.26204077835923 1.4903534552215 1.96925456732316 1.73553492299639 1.62982150627695 2.83773055901727 2.66945343049622 2.16198408812828 3.27149299816439 3.75130044904257 1.92298219967298 3.44594006443057 5.41702154024983 5.62288573386215 5.61174416350364 4.86275672077803 5.59660868791818 5.58878375597902 5.1770797771584 3.25476638784597 2.57215231892708 1.8607264306252
2.59343382269941 3.92470463897228 3.42060372156107 5.44297723254584 3.52871100966164 2.56192076299276 2.35274584138577 2.25005539514338 1.602125651891 1.20037799956597 2.60068104588144 3.19651769428304 3.31390139407784 5.40928081590357 4.80675563546098 5.3218213621109 1.62928108056133 3.58796062839482 2.2856393926629 2.78670145786114 3.08105496665047 3.03428424411069 2.70367926414114 1.48817106686247 1.33677133232738 1.87845731818394 1.52387091700152 2.83514784018457 2.57726062784835 1.11268218760902 1.15984321233396 2.33422366546146 3.7012008287317 3.92865447624578 3.29869811321968 4.92615668753075 6.99113129601315 7.46150128097819 5.33879453308848 2.69842377506244 3.84389243271701 6.25046155541566 5.50289331546769 3.88687186296747 4.25175745660469 4.39534225006892
3.52167765746858 2.84447985511471 4.41429178713656 5.2762244585377 3.62648836085542 5.44890890353846 3.29303609815471 3.41059578324697 3.0780514669685 2.1699208398774 3.13835364846262 2.74675955579187 2.98656834127264 4.77543682116577 3.65812856257074 1.95282849209984 2.35237603511546 2.32281904424012 3.3426238454473 3.67791620260789 4.08511724228947 2.72478066384109 3.36995104284355 2.17103720449299 2.39700168960948 1.18856860736945 1.17096051754767 3.01977587362921 1.88096586247895 2.14066890511961 2.71311972913254 2.30846966468822 3.87989421692259 2.58500881746811 3.57955670057511 5.71380552718994 6.42804181929623 6.66598962020211 5.34486790313864 3.08546676709172 4.23928839411319 6.2810870095725 4.76009111760407 2.24573776235671 3.80430371983837 6.14497923834386
3.6651401667214 1.92626294254523 2.35639916463557 2.61064079160437 3.2090251195859 5.82403836889096 2.17067232286925 3.02152290885752 5.39254951525083 4.91609979250687 3.01331441094905 3.10218558648474 1.9495351581123 3.78301288534761 2.41948566564131 2.02302998948539 3.41013151405979 1.9580118048952 3.45224565479054 4.98238395554564 4.87545556300816 2.70080309976556 2.42764914266125 2.20926550606511 2.49739712550757 1.008943128091 1.47281887929709 1.94046418352821 2.56508589944562 2.52484072142227 2.05436320354281 3.29617859179216 4.12856599537931 4.82161040616575 4.96593206880039 4.49826754155375 3.22442835653149 4.07648805373237 5.36248688926066 5.91589626880012 6.33797209326954 7.2598814089979 5.58373834629136 3.35190247601308 3.34840892849005 4.65114681076312
3.14958931875357 1.78886576444631 2.8114684312725 2.00294147052918 1.85055724444639 2.69238317759062 1.5197270565007 2.46493971787453 4.76884893391705 6.2706360871315 2.51090217564813 3.68053310314374 4.19018837626705 3.69161536030583 1.73490963638585 3.18437502827594 4.11111445603285 2.32110783569815 1.67333331089428 3.6986656125155 5.06768985905368 4.21582179767571 4.20148969700171 1.93213339127475 2.50504744200322 1.63544515908366 2.98624863010453 2.70755418553882 2.50668792592617 1.43635570669615 4.03826544668258 5.8742502638084 4.5552381784518 5.27383441512933 4.4117028093754 1.95950697499588 1.23723846491083 1.24007922090151 4.06113672283679 5.50594739998792 6.17882410552144 7.31966873489533 5.47092764574722 2.65668927398373 2.41522893884773 2.96202921885502
1.96216942078575 1.62693784170517 3.02469542809158 1.65439207780539 1.66479112390148 1.84603866643235 2.43367468353289 1.90923841137167 2.71203171446069 4.37425365460594 2.27400094728423 3.97243491126208 4.98916841203223 2.78976892636702 1.62157686956184 3.95257260576622 3.10559962055791 1.91924070135219 2.72097038376437 4.33091827497567 6.1802059732518 5.84638207555784 4.26014328451133 2.06294535602399 2.1438329581552 2.93046218980082 2.1812774530935 1.72313273115608 1.51460810196343 2.12180110284724 2.02408675455592 3.57256228600294 1.73837268964195 2.50682605680709 2.99278450096413 1.24113104410455 1.71912725579657 1.76617454483455 3.00681710627974 2.46610573437267 3.59880732360323 6.01181350642377 5.67914915110208 4.79927225868673 2.67455223420965 1.88722816613144
2.68679642934578 1.99442484325474 2.79395941165671 2.41505097279085 1.93806389729181 1.83257171819111 2.70556556614471 2.30349782588659 1.46331669048291 2.03825359612146 2.01320344121472 3.18973894875329 2.42346089518554 1.50453395830358 2.46716039703737 2.70300967724242 2.58359170585402 2.27597185556007 1.50634687944602 3.6950280834361 5.91374068472603 5.43141342287368 3.8855843895523 2.4488345220568 2.27220654261797 3.27210317352078 2.4403149262646 2.07490119669756 1.99689337610248 2.72102054967319 1.04993961667063 2.65347171217746 1.1330003349246 1.52089776621106 3.55217404681345 3.01557757051912 2.41778997482447 2.90285772323156 1.89166773677166 2.17635624193678 4.08526796645693 4.53531458151944 3.54844405714653 5.03807035729486 3.54782626028654 3.38258300210317
4.20703149006829 3.46239306127883 3.80432185730208 4.56428493764127 3.04569143864558 2.91803738005405 2.18812599789256 2.74016598249529 2.22584737745583 1.76598836682559 2.38928658638854 3.37734575617859 2.37358730389549 2.57526536223055 2.73896467078035 2.88807664494608 2.58330428604084 2.27358617259662 1.71893896717456 2.18173611510226 4.10614533311976 3.98209224995768 2.27638979908615 3.73736664925772 4.22517251271588 4.42121001618879 4.09430737768455 2.38780561971686 1.54762768938746 2.37587647389946 1.3963013930334 2.52532696935227 1.46012302848586 1.86680347541029 3.8525743793635 2.08009835948358 2.21061972929087 3.18173503839097 2.74164936429836 5.18956000166117 6.37323830639375 4.47151130699112 4.48959819765162 5.57340523642405 6.07364613702453 6.08997496296694
7.03850122078267 6.51848563119597 6.20437113182584 6.11630105057615 5.12046963981277 4.7533398266858 3.81896522600397 3.18619275786267 4.85378405952174 3.24463261710625 2.53707189985042 2.65293620280566 4.5733457706874 3.28419445152956 2.00930140266886 4.3242212547945 3.74858227006118 2.67404163195498 2.68529849220481 1.7299104108617 2.38670792633997 2.45848788113778 4.30728738018176 5.65156113685202 7.00926916025077 5.91226473123413 3.63186205048282 2.82154217177856 2.9059878763628 2.91404436204803 2.18676392954828 3.25025350207911 3.97261120963096 5.16704939757921 6.61829952568797 3.46128654743079 3.9445522712408 3.41889266640842 4.08487087885636 6.52291852755701 7.54095473724221 9.13285103918189 8.77270127945622 5.74650757684586 4.50879853548906 5.09709707176893
7.4578680517268 6.46340103754374 8.0653760045697 8.20970015643978 7.53293112979855 7.40907228311575 6.34061709312555 5.82566021714555 5.9046140010502 4.17987005110704 2.42491577984045 3.36603740400785 5.33583496817508 4.35776740897266 2.41182992058499 3.66494552213812 5.19553473866979 3.03773665752439 2.12959213185112 2.59432406560624 3.0171390355619 2.66649662441568 4.85151477249868 5.68670189488135 7.2189382253245 5.38055254338329 2.8321571900498 3.25291998555101 2.30105828939116 1.73922409945523 5.19464909032203 4.99555842533416 7.60678056355998 8.27540179854751 8.68003503237445 6.90332098536832 7.26182812569201 3.82798788992871 3.4529905172407 6.40253478802443 8.80684508394185 8.49668381468103 5.93358317532574 3.22869775239197 3.37774580280066 5.22294219408457
2.38039319391614 6.23874400828429 6.99857683915803 6.41141308746325 7.27045839643853 8.8322352150363 9.36026369004171 9.10322201628634 8.07142216101419 5.8312904022011 4.90372306746066 5.89163709234044 7.001593301872 5.7719384518239 3.63637919303306 4.17925715107427 3.67730496403512 2.61474894885294 2.9027384381274 4.16621283460001 4.17303580662238 2.02809631139783 2.5722680619052 3.74784816918112 6.53008831587199 6.61250490034506 5.66376338291794 4.73896419767024 2.72495645385204 2.56399723927647 2.55160015646483 5.70716860018091 9.14663854604239 8.36211149305108 6.37142497654178 5.62259444895665 5.97095198822089 6.30205403822569 7.11761315624537 7.54731169542068 10.8315579618716 8.41391576120157 6.80120011543586 4.67288359621341 3.63302465322221 4.23329447079918
3.85358204852627 4.17493751232599 6.95543021374094 6.1276683875734 8.30111541790373 10.2542527743416 11.7991753982016 12.8507789737459 12.0258442410193 11.0744948978835 8.80306128524864 9.16608183367156 9.19060336347027 8.11045074450531 6.27192116718386 5.11894239012268 3.11600575465031 3.11902215999821 5.14252485264185 6.38968295676559 5.0015703685992 3.91125757385019 4.43100625368911 5.00697042186618 6.53240676557092 5.4760916599724 4.53624993022825 5.52048019381883 5.79929029387203 6.48244611785044 7.11394579649912 8.86309666043615 9.02223789962757 6.98527053072666 4.39288464098364 2.7695537821704 4.73706007562401 8.14631160546114 8.5191511597124 9.26064641257314 10.1384594329422 8.93685999575361 7.53137585203875 6.13796444952032 4.0688518533874 3.6141929182599
5.95225826188601 3.76728831085964 4.7480893697514 4.36337667941016 6.79451395844242 6.26122765909674 10.5954262015748 11.1344321426573 11.183334898739 12.909342660376 12.724095421125 12.3601253824527 9.85857281555308 6.68297812187147 6.37689318945371 6.79049290142848 5.85351610562071 5.68916100100986 6.822432315994 7.90243978565605 7.01672589162896 6.51775850863703 6.89308708274439 7.03545396173717 6.93477261725268 4.49484131587851 2.83200830055782 3.29525066086032 6.33089576489787 8.91860842925638 9.85358402741971 12.1373080737748 8.85119164467119 6.89575861634977 4.72650966287731 4.96544037443739 6.64715964763202 3.98125820138411 5.33673170284913 8.04872160212651 8.73028357200734 7.45413292295012 6.78091583350956 6.90050428186485 6.48573833020369 4.17517125185696
5.71905048911663 4.66843501860907 5.41078576437199 5.91224771525783 3.33039726964099 5.00213865512185 10.3268787214273 10.6460465324134 12.8696900296273 14.1293517406798 13.4920342916089 11.9585067994377 9.7034784760011 4.4305641374061 3.49983950822757 6.16720909360814 8.2304758071987 8.80398047807926 9.10505685326667 9.72466922402578 9.29316713066642 8.99954217360354 9.34914706802963 9.25710608399553 7.64769905987571 5.8238322196251 4.30942165796601 3.49182250693161 6.05562982503209 9.22402168674909 10.8887838173674 11.2507247600686 8.73752604672728 6.73203065125068 5.74582857960125 4.58810824723548 8.18908704754041 7.10452870195172 6.68772904073925 9.06665925759875 8.41576633399276 5.40773442438946 3.95182018137878 6.53733366001488 5.48002082967397 2.91682191832268
3.14082201283428 2.60934619015549 5.1559380838019 6.58286489720571 6.55494223993914 7.24880664619358 11.026294048791 11.2537199753237 12.5271965646291 13.3907011333372 13.4418300258966 12.0128319155004 9.81791849048598 7.46586335926423 6.75821145081107 6.88671442324512 9.01328658313761 9.94497611669469 10.4329626523858 10.6256698889175 10.2164302761556 10.3849370383342 9.47448639225818 9.71561439240276 9.45672239800495 8.49111917786578 7.10860144058011 6.15260650246654 7.20463728252268 9.40051557509493 11.3498751982666 11.5525293858263 8.82217889115271 8.76867974800959 5.51042962518793 7.23560922709548 7.70760641092666 8.73841881098152 9.3758315289326 9.3151101031153 6.98186721246456 2.75746339946192 4.10792444586378 7.0836407835949 6.781729980555 5.17105770219556
3.57228937367341 3.67377517209254 5.25179275774203 7.00688651087837 7.19425961242701 7.71097197286902 9.25292672337197 9.30693417362338 9.56130362709975 9.99725460750363 12.7775324536383 12.6262409238032 11.0497901408864 9.66764250936345 9.42077321409474 10.5124657619065 12.1963859945725 13.5195204301727 13.0570216290141 12.4569826257907 10.9565682545762 10.9480834404413 9.78067203343478 6.82396688848301 7.98259207955153 9.7117148461247 9.27051378897601 8.5150625009732 8.91533597849809 10.4427890699892 12.07594335106 10.960862451035 12.4564825079647 9.04664177539493 5.44996267518209 6.77532888127992 4.50933111243954 5.52254127764061 10.345232931867 11.4006421797522 6.3922803974575 5.51732820300383 6.0260111338158 7.34887286383281 8.43944835470189 8.31246702809987
2.35768500251136 3.28929952788182 5.75831422480907 5.43355749400041 3.77831194864805 4.9497385749571 7.2026646518139 6.93440561220543 6.63521732788987 9.13730978772189 9.99771495171445 12.3052456981174 12.0300715820753 11.7054592483251 11.6336700525099 10.4460971870459 10.3729247026836 12.3625486513008 11.5119515366566 10.4310410746756 9.8571504539048 9.02412522637407 7.16163212508472 7.21343675693559 9.11550459709215 9.87299556329276 9.38801654030287 9.09461621593179 9.77839662652196 11.3065908788232 12.5155116711543 13.3525138594626 12.9798630227287 11.098600118918 9.06140603357743 6.43501134499412 5.93999934472584 8.39267271996778 11.2381081557622 11.0604156694805 8.07429035201822 8.27531682700639 10.7541681504461 7.20632301768521 8.03188217860931 9.09026761072578
