0.71277 0.0688594 0.00970958 0.0560071 0.137644 9.9991E-05 0.0149095
0.588248 0.270324 0.0546525 0.000474109 0.0499064 9.9991E-05 0.0362945
0.737897 9.9973E-05 0.119307 9.9973E-05 0.124302 9.9973E-05 0.018194
0.722452 0.103249 0.102264 0.0131558 0.0236254 0.0351529 9.9991E-05
0.847042 0.107385 9.9973E-05 0.00495617 9.9973E-05 0.0403171 9.9973E-05
0.643855 0.223374 9.9964E-05 0.132371 9.9964E-05 9.9964E-05 9.9964E-05
0.51379 0.278579 0.0826174 0.112988 0.0118256 9.9982E-05 9.9982E-05
0.576288 0.227998 0.136103 9.9973E-05 9.9973E-05 9.9973E-05 0.059311
0.109635 0.663675 9.9982E-05 0.119005 0.096392 9.9982E-05 0.0110921
0.276468 0.287507 0.245005 9.9991E-05 0.174875 0.00492417 0.0111209
0.116224 0.268021 0.42894 9.9991E-05 0.0361465 0.116183 0.0343859
0.265589 0.406046 0.1143 0.102073 0.101472 9.9991E-05 0.0104196
9.9973E-05 0.13267 0.747269 9.9973E-05 9.9973E-05 0.075826 0.0439346
9.9973E-05 0.734493 0.0833428 9.9973E-05 0.0919478 0.089916 9.9973E-05
0.375676 0.380608 9.9982E-05 9.9982E-05 0.0977059 0.102204 0.0436067
0.229467 0.582841 0.157669 9.9973E-05 0.0297234 9.9973E-05 9.9973E-05
0.162665 0.600181 9.9973E-05 0.0332428 0.203612 9.9973E-05 9.9973E-05
0.38859 0.596829 9.9964E-05 9.9964E-05 9.9964E-05 9.9964E-05 0.0141808
0.00605939 0.187221 0.151437 0.120542 0.423238 0.0470869 0.0644155
9.9973E-05 0.238413 0.0796178 0.0472115 0.634457 9.9973E-05 9.9973E-05
0.12106 0.0940702 9.9982E-05 9.9982E-05 0.709611 0.0586387 0.01642
0.0612527 9.9973E-05 0.0814264 0.0578429 0.799178 9.9973E-05 9.9973E-05
9.9973E-05 9.9973E-05 0.0663764 9.9973E-05 0.878933 0.00758664 0.0468044
0.0833835 0.166128 9.9982E-05 9.9982E-05 0.690694 0.0164918 0.0431027
0.173405 0.117152 0.0745623 9.9973E-05 0.634581 9.9973E-05 9.9973E-05
0.183051 9.9973E-05 9.9973E-05 0.0128533 0.796288 9.9973E-05 0.0075078
9.9973E-05 9.9973E-05 9.9973E-05 0.0678091 0.850711 0.0641292 0.0170511
9.9982E-05 0.0749271 9.9982E-05 0.055536 0.796559 0.0493838 0.0233937
0.171992 9.9964E-05 9.9964E-05 9.9964E-05 0.78471 0.0428978 9.9964E-05
0.10068 9.9973E-05 9.9973E-05 0.106175 0.758092 0.0347533 9.9973E-05
9.9964E-05 0.0503719 9.9964E-05 0.0904878 0.85874 9.9964E-05 9.9964E-05
9.9973E-05 0.174576 9.9973E-05 9.9973E-05 0.71965 0.084934 0.0205398
9.9982E-05 0.0752707 0.0670231 0.0226298 0.773437 9.9982E-05 0.061439
0.373513 0.24159 0.201935 9.9982E-05 0.106473 9.9982E-05 0.076288
0.502028 0.266438 9.9973E-05 9.9973E-05 0.202929 0.028306 9.9973E-05
0.730744 9.9973E-05 0.0751365 9.9973E-05 0.117942 0.0758777 9.9973E-05
0.74682 9.9982E-05 0.128049 0.0242655 0.0601496 9.9982E-05 0.040515
0.251442 0.290729 0.18077 9.9982E-05 0.149698 0.12716 9.9982E-05
9.995E-05 9.995E-05 9.995E-05 9.995E-05 9.995E-05 9.995E-05 0.9994
0.0602672 9.9982E-05 0.19352 9.9982E-05 0.696192 0.0321323 0.0176892
0.679867 0.0454025 9.9982E-05 0.0583875 0.130497 0.0856456 9.9982E-05
0.399323 0.294013 0.175018 9.9973E-05 0.131347 9.9973E-05 9.9973E-05
0.185866 0.167354 0.277657 0.147024 0.204712 9.9991E-05 0.0172875
0.00655192 0.193259 0.524892 0.157121 0.0832583 9.9991E-05 0.034818
0.0504468 9.9973E-05 0.82254 0.0718123 0.0549007 9.9973E-05 9.9973E-05
9.995E-05 9.995E-05 9.995E-05 9.995E-05 9.995E-05 9.995E-05 0.9994
0.148156 0.378538 0.069718 9.9991E-05 0.223564 0.0984013 0.0815229
0.200481 0.153565 0.341135 0.18744 0.117178 9.9982E-05 9.9982E-05
0.186255 0.215794 0.158881 0.00333404 0.292472 0.0975049 0.045759
0.0107399 0.0663046 0.0242674 0.729627 0.00459671 0.140112 0.0243525
9.9982E-05 0.0481768 0.107584 0.358063 9.9982E-05 0.473624 0.0123518
0.0437008 0.0643769 9.9982E-05 0.328536 0.0141774 0.549009 9.9982E-05
9.9982E-05 0.114015 0.134349 0.167613 9.9982E-05 0.522157 0.061665
9.9982E-05 0.0948024 9.9982E-05 0.2042 0.017095 0.641401 0.0423011
9.9973E-05 0.0906064 9.9973E-05 0.354529 0.0366797 0.517885 9.9973E-05
9.9964E-05 0.299478 9.9964E-05 0.0214211 9.9964E-05 0.678701 9.9964E-05
9.9973E-05 0.174815 9.9973E-05 0.698277 9.9973E-05 0.121074 0.0055337
9.9955E-05 9.9955E-05 9.9955E-05 0.985501 9.9955E-05 9.9955E-05 0.0139995
9.9973E-05 0.148696 9.9973E-05 0.175706 9.9973E-05 0.653114 0.0221854
0.0623831 0.0635514 0.183509 0.36082 9.9991E-05 0.31353 0.0161068
9.995E-05 9.995E-05 9.995E-05 0.9994 9.995E-05 9.995E-05 9.995E-05
0.0413234 0.1183 0.0450588 0.273266 0.0534693 0.468482 9.9991E-05
9.9982E-05 0.11729 0.498192 0.150902 9.9982E-05 0.168565 0.0648511
0.0434988 0.0673823 9.9982E-05 9.9982E-05 0.768964 0.105785 0.0141702
0.119558 0.00605159 0.123105 9.9991E-05 0.704087 0.0190592 0.0280397
0.18283 9.9973E-05 9.9973E-05 0.0400792 0.769501 9.9973E-05 0.00729043
0.0210743 0.154154 0.0680682 0.222112 9.9991E-05 0.522656 0.0118349
0.0672355 9.9982E-05 0.362432 0.15292 9.9982E-05 0.342713 0.0744996
0.0433194 0.00156992 0.200239 0.0704192 0.0255721 0.645734 0.0131461
9.9982E-05 9.9982E-05 0.260835 0.1715 0.00286925 0.516927 0.0476681
0.109495 9.9964E-05 9.9964E-05 9.9964E-05 9.9964E-05 0.864623 0.0254823
9.9973E-05 0.211387 0.648332 0.0983095 9.9973E-05 0.0416711 9.9973E-05
9.9964E-05 0.352917 0.488852 0.157831 9.9964E-05 9.9964E-05 9.9964E-05
9.9973E-05 0.173937 0.730796 0.0825682 9.9973E-05 0.0123994 9.9973E-05
9.9955E-05 9.9955E-05 0.994937 9.9955E-05 9.9955E-05 9.9955E-05 0.00456304
9.9973E-05 0.0341329 0.818364 9.9973E-05 0.136419 9.9973E-05 0.0107842
9.9973E-05 0.0530337 0.861136 0.0761486 9.9973E-05 9.9973E-05 0.00938201
0.156511 9.9982E-05 0.651929 0.0558024 0.114776 9.9982E-05 0.0207815
9.9973E-05 0.158998 0.170829 0.147383 9.9973E-05 0.522489 9.9973E-05
0.134967 9.9982E-05 0.293645 0.13467 9.9982E-05 0.313137 0.12338
0.0101245 9.9991E-05 0.0959047 0.40651 0.0554794 0.399709 0.0321729
9.9982E-05 0.0249381 9.9982E-05 0.336831 0.1051 0.496134 0.036797
9.9964E-05 0.227692 9.9964E-05 9.9964E-05 9.9964E-05 0.727363 0.0445454
9.9982E-05 0.106841 0.149586 9.9982E-05 0.67183 0.0662608 0.00528301
0.0313275 0.0454779 0.561596 0.0597963 0.0861885 0.215514 9.9991E-05
0.00996134 9.9973E-05 0.859528 0.122268 9.9973E-05 0.00794326 9.9973E-05
9.995E-05 9.995E-05 9.995E-05 9.995E-05 9.995E-05 9.995E-05 0.9994
0.603306 0.124851 0.111109 9.9973E-05 0.160435 9.9973E-05 9.9973E-05
0.656699 0.0833279 0.0438955 0.0750387 0.134396 9.9991E-05 0.00654332
0.239406 0.477071 0.0723828 0.0919106 0.100993 9.9991E-05 0.0181365
9.9991E-05 0.564789 0.144496 0.0142957 0.163817 0.0861512 0.0263516
0.588708 0.209161 0.103961 0.00344462 0.0344606 0.0601656 9.9991E-05
9.9964E-05 9.9964E-05 0.761917 0.231678 0.00600571 9.9964E-05 9.9964E-05
0.264783 0.00951659 0.100047 0.109482 0.466507 9.9991E-05 0.0495658
0.0790722 0.000803349 0.629039 9.9982E-05 9.9982E-05 0.192335 0.0985506
0.288394 0.0377445 0.236447 9.9991E-05 0.302672 0.11156 0.023083
0.266921 0.621965 9.9973E-05 0.0234934 0.0873215 9.9973E-05 9.9973E-05
0.470318 0.18202 0.275366 9.9973E-05 0.0719957 9.9973E-05 9.9973E-05
0.311311 0.244602 0.276742 0.0419893 0.125155 9.9982E-05 9.9982E-05
9.9964E-05 0.8018 0.0845419 0.113258 9.9964E-05 9.9964E-05 9.9964E-05
0.694168 9.9964E-05 0.281068 9.9964E-05 0.024365 9.9964E-05 9.9964E-05
9.9955E-05 0.843566 0.155935 9.9955E-05 9.9955E-05 9.9955E-05 9.9955E-05
0.136511 9.9991E-05 0.534771 0.211056 0.000658984 0.0665895 0.0503133
0.151433 0.114758 0.492579 0.0197593 0.0108716 0.128023 0.0825771
0.0452794 0.0473783 0.656284 0.0609905 0.00421102 0.12176 0.0640961
0.0540685 0.155367 0.544243 9.9982E-05 0.235509 9.9982E-05 0.0106128
0.0587271 0.302219 0.382252 0.0931774 0.117622 0.0459028 9.9991E-05
0.210524 0.264614 9.9973E-05 9.9973E-05 0.413259 0.111303 9.9973E-05
0.156896 0.0218767 9.9991E-05 0.229699 0.0122169 0.575751 0.00346029
9.9982E-05 9.9982E-05 0.208403 0.0976648 0.0567308 0.614628 0.0223735
0.169581 9.9973E-05 0.361922 0.320973 0.147224 9.9973E-05 9.9973E-05
9.9982E-05 0.359745 0.288093 0.264785 0.0679098 9.9982E-05 0.0192677
0.278324 9.9982E-05 0.16788 0.292701 0.208251 9.9982E-05 0.0526433
0.00132124 0.00878395 0.280688 9.9973E-05 0.708907 9.9973E-05 9.9973E-05
9.9982E-05 9.9982E-05 0.294136 0.0587432 0.0345104 0.57329 0.0391203
9.9982E-05 0.0887603 0.145762 0.397179 0.0114356 0.356664 9.9982E-05
0.0571791 0.0299328 0.424594 0.102891 9.9982E-05 0.385202 9.9982E-05
0.409181 9.9991E-05 0.0566363 0.0415238 0.407312 0.0237276 0.0615199
0.597062 0.103619 9.9982E-05 9.9982E-05 0.200301 0.0791836 0.0196333
0.677016 0.0582406 0.175591 9.9991E-05 0.0201404 0.0469302 0.0219817
0.745758 0.0869334 0.00792958 0.127184 0.0297489 9.9991E-05 0.00234598
0.377524 0.286272 9.9973E-05 9.9973E-05 0.328875 0.00702954 9.9973E-05
0.653869 0.181777 0.0230516 0.0469291 0.088168 9.9991E-05 0.00610558
0.873649 9.9973E-05 9.9973E-05 0.0618439 0.0630919 0.00111517 9.9973E-05
0.708421 0.187765 9.9973E-05 0.0985777 9.9973E-05 9.9973E-05 0.00493638
0.296728 0.215956 0.0840227 9.9991E-05 0.345267 0.0526591 0.00526722
9.9955E-05 0.985141 9.9955E-05 9.9955E-05 9.9955E-05 0.0143589 9.9955E-05
9.9973E-05 0.841117 0.0288509 9.9973E-05 0.109379 9.9973E-05 0.0203539
0.0249751 0.927999 0.000947762 0.0457782 9.9973E-05 9.9973E-05 9.9973E-05
0.267231 0.3221 9.9991E-05 0.157452 0.216165 0.0290253 0.0079276
0.0443146 0.886376 9.9982E-05 0.0118506 9.9982E-05 0.027019 0.0302401
0.0310729 0.541067 0.201689 0.0354555 0.190516 9.9982E-05 9.9982E-05
0.674128 0.194641 0.036886 0.0290377 0.0150556 0.0501517 9.9991E-05
9.9973E-05 0.00417641 0.153452 9.9973E-05 0.816128 0.025944 9.9973E-05
0.166461 9.9964E-05 0.059508 9.9964E-05 0.773631 9.9964E-05 9.9964E-05
9.9964E-05 0.101058 9.9964E-05 9.9964E-05 0.861103 9.9964E-05 0.0374392
9.9964E-05 0.126238 9.9964E-05 9.9964E-05 0.780794 0.0925679 9.9964E-05
0.16412 9.9982E-05 0.0510815 0.0801866 0.686636 9.9982E-05 0.017776
0.482874 0.245038 0.161341 9.9982E-05 9.9982E-05 0.103783 0.00676408
0.650497 9.9973E-05 0.207544 9.9973E-05 0.132891 9.9973E-05 0.00876885
9.9955E-05 9.9955E-05 9.9955E-05 0.641493 9.9955E-05 0.358008 9.9955E-05
9.9973E-05 9.9973E-05 0.103902 9.9973E-05 0.079054 0.780094 0.0366502
0.0840728 9.9982E-05 9.9982E-05 0.071789 0.021129 0.813369 0.00944012
0.0425247 9.9973E-05 0.285171 9.9973E-05 0.0296891 0.642316 9.9973E-05
0.0625905 9.9973E-05 9.9973E-05 0.0496272 9.9973E-05 0.868581 0.0189009
9.9973E-05 9.9973E-05 0.083584 0.0746578 0.127809 0.713649 9.9973E-05
9.9964E-05 9.9964E-05 0.168829 9.9964E-05 9.9964E-05 0.822622 0.00814919
0.0271701 9.9982E-05 0.0411689 0.477369 0.0532309 0.400861 9.9982E-05
9.9964E-05 9.9964E-05 9.9964E-05 0.330938 0.0925244 0.576138 9.9964E-05
0.080733 9.9973E-05 9.9973E-05 0.363264 0.05473 0.500973 9.9973E-05
9.9973E-05 0.0296141 0.135906 9.9973E-05 9.9973E-05 0.785724 0.0484566
9.9991E-05 0.0631115 0.109696 0.0429496 0.0606507 0.70447 0.0190227
0.0776862 0.0716417 9.9991E-05 0.18625 0.00739451 0.643768 0.0131603
0.0367155 9.9982E-05 9.9982E-05 0.239712 0.0299358 0.686943 0.00649427
0.0429804 9.9982E-05 0.140215 0.191447 9.9982E-05 0.619925 0.00523313
0.0679953 9.9964E-05 9.9964E-05 9.9964E-05 9.9964E-05 0.911816 0.0197888
0.0571259 9.9991E-05 0.0293272 0.0953508 0.0550952 0.759482 0.00351874
0.0629558 9.9973E-05 0.772995 9.9973E-05 0.0199727 0.143777 9.9973E-05
9.9955E-05 0.129887 0.869613 9.9955E-05 9.9955E-05 9.9955E-05 9.9955E-05
9.9964E-05 9.9964E-05 0.130751 0.144125 9.9964E-05 0.724724 9.9964E-05
0.196548 0.0497879 9.9982E-05 0.45408 9.9982E-05 0.287032 0.0123514
9.995E-05 9.995E-05 9.995E-05 0.9994 9.995E-05 9.995E-05 9.995E-05
0.194584 0.0871084 0.434681 0.283327 9.9973E-05 9.9973E-05 9.9973E-05
0.827623 9.9973E-05 0.16275 9.9973E-05 9.9973E-05 0.00461564 0.00471158
0.603102 0.141793 9.9982E-05 0.0329122 0.190191 9.9982E-05 0.0318015
0.383081 9.9973E-05 0.186073 0.0416673 0.388879 9.9973E-05 9.9973E-05
0.0509929 0.314445 0.052377 0.0268629 0.555122 9.9982E-05 9.9982E-05
0.0415944 0.108243 0.103293 0.0460299 0.696544 9.9991E-05 0.00419628
9.9973E-05 0.0787115 0.0270339 0.113991 0.779963 9.9973E-05 9.9973E-05
0.241823 0.00211103 0.0565527 0.0492631 0.636624 9.9991E-05 0.0135259
9.9982E-05 0.220786 0.0666707 9.9982E-05 0.703346 0.00769827 0.00129922
9.9991E-05 0.0108514 0.169377 0.00844729 0.691893 0.0703198 0.049012
0.134244 0.0541282 9.9982E-05 9.9982E-05 0.6779 0.102361 0.0311665
0.770409 9.9982E-05 0.0728998 0.052211 0.100611 9.9982E-05 0.00366892
0.748219 0.0703854 0.0196002 0.118329 9.9982E-05 9.9982E-05 0.0432657
0.723195 0.0808293 0.0876002 0.0573302 9.9982E-05 9.9982E-05 0.0508455
0.677133 9.99641E-05 0.292863 9.99641E-05 9.99641E-05 0.0296035 9.99641E-05
0.764203 0.0940775 0.0957218 0.0354773 9.9982E-05 9.9982E-05 0.0103206
0.635299 9.9973E-05 0.317486 9.9973E-05 0.0132022 0.0337131 9.9973E-05
0.135559 0.64912 0.0576175 0.0454821 0.10785 9.9991E-05 0.00427148
9.99738E-05 0.842547 9.99738E-05 0.113725 0.0408656 0.00256206 9.99738E-05
9.9964E-05 0.920271 9.9964E-05 9.9964E-05 9.9964E-05 0.046641 0.0326886
0.0184781 0.719356 0.0864093 9.9991E-05 0.114939 0.0503164 0.0104014
0.13602 0.718744 0.00347528 9.9991E-05 0.0469456 0.0667701 0.0279447
0.0266377 0.148214 0.0477809 0.0303703 0.533761 0.0424946 0.170742
0.0564331 9.9982E-05 0.0849841 0.679559 9.9982E-05 0.148881 0.0299434
0.0367357 0.0449786 0.0200257 0.156921 0.0638987 0.643858 0.0335829
9.9982E-05 0.00609283 0.0895639 0.0563323 0.0297126 0.818098 9.9982E-05
0.0172466 0.11551 0.103284 9.9982E-05 0.0475415 0.716218 9.9982E-05
0.109946 9.9973E-05 9.9973E-05 9.9973E-05 0.0636427 0.817055 0.00905585
0.120855 0.39407 0.0326434 0.104433 0.256624 0.0721838 0.0191896
0.263173 0.462344 9.9982E-05 0.077294 0.174274 9.9982E-05 0.0227153
0.10731 0.836433 9.9973E-05 9.9973E-05 0.0199739 9.9973E-05 0.0359839
0.247066 0.317359 0.11835 0.0330847 0.237564 9.9991E-05 0.046476
