0.0716826 0.114225 0.0106331 0.780055 0.0233039 9.9991E-05
0.0124921 0.0576144 9.9991E-05 0.628181 0.0420311 0.259581
0.11152 0.16179 9.9982E-05 0.71063 0.0158601 9.9982E-05
0.204463 9.9982E-05 9.9982E-05 0.632741 0.00287604 0.15972
9.9973E-05 9.9973E-05 0.039261 0.910045 9.9973E-05 0.050394
0.0852796 9.9982E-05 0.0294123 0.598837 9.9982E-05 0.286271
0.0748999 0.0296245 0.027708 0.398964 9.9991E-05 0.468703
0.173994 9.9973E-05 9.9973E-05 0.798187 0.0275198 9.9973E-05
9.9982E-05 0.0863913 0.0487751 0.173046 9.9982E-05 0.691588
0.201503 0.183667 9.9991E-05 0.279048 0.0179397 0.317742
0.431599 0.000521497 0.0364418 0.127387 0.0397293 0.364321
0.22054 0.155284 9.9991E-05 0.322466 0.0308225 0.270787
0.822325 9.9982E-05 0.0157733 9.9982E-05 0.0414264 0.120275
0.164593 0.157996 0.0696392 0.0318131 9.9991E-05 0.575859
9.9991E-05 0.093222 0.0528163 0.399398 0.0490813 0.405383
0.0531001 0.0345837 9.9982E-05 0.230632 9.9982E-05 0.681484
0.0279637 0.153469 0.0276657 0.359882 9.9991E-05 0.43092
9.9982E-05 0.03656 9.9982E-05 0.421673 0.0272071 0.51436
0.229485 0.490035 0.0827846 9.9991E-05 0.0616692 0.135926
0.100667 0.654442 9.9973E-05 9.9973E-05 9.9973E-05 0.244591
0.022567 0.639462 9.9991E-05 0.239445 0.0124552 0.0859718
0.103159 0.770338 0.00900777 0.0885759 0.0262675 0.00265156
0.0580869 0.852252 0.00417696 0.0356378 0.0497464 9.9991E-05
9.999E-05 0.735277 0.00481039 0.157909 0.0443386 0.0575648
0.120121 0.655136 9.9982E-05 0.158055 9.9982E-05 0.0664878
9.9973E-05 0.810394 9.9973E-05 0.181049 0.0082576 9.9973E-05
9.9982E-05 0.857538 0.0890295 9.9982E-05 0.0325422 0.0206904
0.0317319 0.816442 0.0233718 9.9991E-05 0.0338143 0.0945396
9.9973E-05 0.852032 9.9973E-05 0.14535 0.00231809 9.9973E-05
9.9973E-05 0.82816 0.0602681 0.111272 9.9973E-05 9.9973E-05
9.9973E-05 0.857413 0.0292924 9.9973E-05 9.9973E-05 0.112995
0.0177827 0.803013 0.0152335 0.0193929 0.0172696 0.127308
0.0354399 0.760174 9.9991E-05 0.0584894 0.0452363 0.10056
0.258337 0.073462 9.9991E-05 0.358968 0.0822864 0.226847
9.9982E-05 0.203391 0.0243346 0.565816 9.9982E-05 0.206258
0.0689325 0.120932 0.053091 0.631637 9.9991E-05 0.125308
0.159226 0.0571952 9.9991E-05 0.654458 0.0365349 0.0924858
0.203321 0.115876 0.0712832 0.220794 0.0243828 0.364342
9.996E-05 9.996E-05 9.996E-05 9.996E-05 0.9995 9.996E-05
0.183143 0.751813 0.00332053 0.0342337 0.0273904 9.9991E-05
9.9991E-05 0.113054 0.11111 0.640472 0.0108436 0.12442
0.191381 0.119558 9.9982E-05 0.448138 9.9982E-05 0.240722
0.237427 0.241581 0.0978679 0.176455 0.0143614 0.232307
0.701747 0.0705179 0.0646505 9.9991E-05 0.0541001 0.108884
0.928674 0.00503963 9.9982E-05 0.0507253 0.0153611 9.9982E-05
9.996E-05 9.996E-05 9.996E-05 9.996E-05 0.9995 9.996E-05
0.301376 0.130145 9.9991E-05 0.21315 0.089653 0.265575
0.524179 0.0720485 0.0624866 0.0748895 9.9991E-05 0.266296
0.163246 0.297819 0.048711 0.159938 0.0348079 0.295478
0.151419 0.0022602 0.681104 9.9991E-05 0.0244029 0.140714
0.13544 0.0465162 0.751766 9.9991E-05 0.0214621 0.0447155
9.9973E-05 9.9973E-05 0.778976 0.0372316 9.9973E-05 0.183493
0.149408 0.00651689 0.680193 9.9991E-05 0.0464786 0.117303
9.9982E-05 0.0297706 0.800725 9.9982E-05 0.048688 0.120617
9.9973E-05 0.0779804 0.800567 9.9973E-05 9.9973E-05 0.121152
9.9964E-05 9.9964E-05 0.701216 9.9964E-05 9.9964E-05 0.298385
9.9973E-05 9.9973E-05 0.768282 9.9973E-05 0.00935815 0.22206
0.0429972 0.103542 0.81148 9.9982E-05 0.0417802 9.9982E-05
9.9982E-05 9.9982E-05 0.77136 0.113123 0.053389 0.0619277
0.125078 9.9991E-05 0.607442 0.134169 0.0278814 0.10533
0.135697 0.0809124 0.78309 9.9973E-05 9.9973E-05 9.9973E-05
0.189929 0.0448982 0.664194 0.100778 9.9982E-05 9.9982E-05
0.506187 0.0241585 0.324931 9.9991E-05 0.0615158 0.0831077
9.9991E-05 0.710342 0.0170715 0.0813524 0.012862 0.178273
9.9982E-05 0.76511 0.0255261 0.180266 0.0288975 9.9982E-05
9.9973E-05 0.797629 9.9973E-05 0.182916 0.0191549 9.9973E-05
0.0846538 0.0308099 0.69548 9.9991E-05 0.00209696 0.18686
0.401525 9.9982E-05 0.467727 0.04992 0.0806279 9.9982E-05
0.0658654 0.0380802 0.710229 0.14343 0.0234835 0.0189125
0.289834 0.0228384 0.653743 9.9982E-05 0.0333854 9.9982E-05
9.9991E-05 0.0583244 0.799862 0.0229185 0.0398888 0.078906
0.552082 9.9982E-05 0.131364 0.14038 9.9982E-05 0.175973
0.65604 9.9973E-05 0.0202508 9.9973E-05 9.9973E-05 0.323409
0.790426 9.9991E-05 0.0671109 0.0170151 0.0150269 0.110321
0.957833 9.9973E-05 9.9973E-05 9.9973E-05 0.0192834 0.0225834
0.828732 0.136209 9.9973E-05 9.9973E-05 0.0347589 9.9973E-05
0.96639 9.9973E-05 9.9973E-05 9.9973E-05 0.0216506 0.0116595
0.710502 0.0803752 0.0213338 0.156918 0.0295132 0.00135753
0.130366 9.9973E-05 0.617808 9.9973E-05 9.9973E-05 0.251527
0.36117 0.0482823 0.412734 0.0469922 0.130721 9.9991E-05
0.195374 0.0886199 0.712698 9.9982E-05 0.00310821 9.9982E-05
0.085814 0.126693 0.719685 9.9982E-05 0.0676081 9.9982E-05
9.9973E-05 9.9973E-05 0.678351 9.9973E-05 0.0185439 0.302806
0.120957 0.571196 9.9982E-05 9.9982E-05 0.032883 0.274764
0.405866 0.104807 0.295417 0.19371 9.9982E-05 9.9982E-05
0.831367 9.9973E-05 0.0700383 0.0982945 9.9973E-05 9.9973E-05
9.996E-05 9.996E-05 9.996E-05 9.996E-05 0.9995 9.996E-05
0.199655 0.171209 9.9991E-05 0.477841 0.0108902 0.140304
0.00802071 0.0842396 9.9991E-05 0.67334 0.050113 0.184187
0.237143 0.104001 9.9991E-05 0.13304 0.0220704 0.503645
0.181949 0.143039 0.057775 9.9991E-05 0.0277032 0.589434
9.9982E-05 0.0175107 0.0680482 0.546141 9.9982E-05 0.3681
0.72787 0.0258395 0.167184 0.0789068 9.9982E-05 9.9982E-05
0.188527 0.559509 0.0146512 0.105803 0.0273083 0.104201
0.670398 9.9982E-05 0.149673 0.0934759 0.0862529 9.9982E-05
0.378619 0.246488 0.0288666 0.218819 0.0192844 0.107924
9.9982E-05 0.118265 9.9982E-05 0.432354 0.00241829 0.446763
0.245453 0.0564395 9.9982E-05 0.610503 9.9982E-05 0.0874044
0.237182 0.123541 9.9982E-05 0.407017 9.9982E-05 0.23206
0.0613218 9.9982E-05 0.0263491 9.9982E-05 0.0142816 0.897848
0.352759 0.0401549 9.9982E-05 0.593512 0.0133742 9.9982E-05
0.156549 9.9973E-05 9.9973E-05 0.045879 9.9973E-05 0.797272
0.644096 0.0599932 0.186605 0.0928576 0.0163479 9.9991E-05
0.563125 0.0238094 0.115614 9.9991E-05 0.083873 0.213479
0.61953 0.00365221 0.183126 0.101339 0.0922528 9.9991E-05
0.536257 0.159739 9.9973E-05 9.9973E-05 9.9973E-05 0.303704
0.41564 0.0556873 0.100929 9.9982E-05 9.9982E-05 0.427544
0.00562877 0.356418 0.0587649 0.223411 9.9991E-05 0.355677
9.9982E-05 9.9982E-05 0.742018 0.193473 0.00975801 0.0545508
0.193438 0.0592912 0.727861 9.9982E-05 0.0192098 9.9982E-05
0.582757 0.158896 0.132569 0.125578 9.9982E-05 9.9982E-05
0.475093 0.00930571 0.152 9.9991E-05 0.0158764 0.347625
0.409249 0.16965 0.152873 0.219946 0.0481816 9.9991E-05
0.257098 0.724347 9.9973E-05 0.0182552 9.9973E-05 9.9973E-05
0.297897 0.0483146 0.606293 9.9982E-05 0.0472951 9.9982E-05
0.140278 0.0184803 0.699641 0.0366321 9.9991E-05 0.104868
0.44068 9.9973E-05 0.413684 0.145336 9.9973E-05 9.9973E-05
0.201443 0.445115 9.9991E-05 0.195521 0.0764005 0.0814198
9.9982E-05 0.230079 0.0493691 0.710111 0.010241 9.9982E-05
0.146232 0.0559704 0.0203096 0.639576 0.0278258 0.110086
0.0673684 0.0847176 0.0799378 0.712626 9.9991E-05 0.0552502
9.9973E-05 0.34405 9.9973E-05 0.338345 9.9973E-05 0.317305
0.0692882 0.133605 9.9991E-05 0.620222 0.00033496 0.176451
0.073158 0.0677844 0.0122632 0.844865 0.00182919 9.9991E-05
9.9973E-05 9.9973E-05 0.0771165 0.784637 9.9973E-05 0.137947
0.0210882 0.377608 0.030933 0.426955 9.9991E-05 0.143316
9.9982E-05 0.0587199 9.9982E-05 0.107224 0.0013798 0.832476
9.9973E-05 0.0390588 9.9973E-05 9.9973E-05 0.0360377 0.924604
0.109806 9.9973E-05 9.9973E-05 0.0660301 9.9973E-05 0.823864
0.0532072 0.212299 0.0881486 0.364582 9.9991E-05 0.281664
9.9982E-05 9.9982E-05 0.0246549 0.1044 0.0281281 0.842618
0.107448 0.142148 0.0117525 9.9991E-05 0.00902587 0.729525
0.00655642 0.113417 0.0150069 0.843122 9.9991E-05 0.0217978
0.141542 0.783936 9.9973E-05 9.9973E-05 9.9973E-05 0.0742223
0.0761523 0.830554 9.9973E-05 0.0929939 9.9973E-05 9.9973E-05
9.9973E-05 0.822231 9.9973E-05 9.9973E-05 0.0235017 0.153967
9.9982E-05 0.738448 0.083058 0.0155502 9.9982E-05 0.162744
0.0851801 0.775543 0.00340044 0.122438 0.0133385 9.9991E-05
0.261578 9.9991E-05 0.0472224 0.594755 0.0216608 0.0746838
0.237424 0.131753 9.9991E-05 0.555081 0.011441 0.0642004
0.0927869 9.9964E-05 0.906813 9.9964E-05 9.9964E-05 9.9964E-05
0.0139555 0.0598069 0.763522 0.00750692 0.0460889 0.10912
9.9991E-05 0.0342883 0.840594 0.0903534 0.00852391 0.02614
0.331526 9.9973E-05 0.56315 0.105024 9.9973E-05 9.9973E-05
0.0337005 9.9982E-05 0.802191 0.134557 0.0293515 9.9982E-05
0.121542 0.132075 0.746083 9.99731E-05 9.99731E-05 9.99731E-05
9.9973E-05 9.9973E-05 0.864005 0.104949 0.0307457 9.9973E-05
0.0887695 0.0381918 0.810987 0.0618517 9.9982E-05 9.9982E-05
0.0574652 0.113719 0.82149 0.00712566 9.9982E-05 9.9982E-05
0.0155008 0.075672 0.822717 0.0525736 0.0197254 0.0138114
0.12214 9.9982E-05 0.745557 0.0779564 0.0541468 9.9982E-05
0.00764591 0.0776381 0.757441 0.00643726 0.0168003 0.134038
9.9991E-05 0.0827742 0.781952 0.110525 0.00588711 0.0187625
9.9991E-05 0.0606251 0.842284 0.00853476 0.0257432 0.0627127
0.100801 9.9982E-05 0.778089 0.104181 0.0167296 9.9982E-05
9.9973E-05 9.9973E-05 0.847136 0.130999 0.0215645 9.9973E-05
0.0771743 0.0533105 0.787306 0.0673101 0.0147996 9.9991E-05
0.718789 0.0562945 0.120901 0.103815 9.9982E-05 9.9982E-05
0.860702 0.0159986 9.9982E-05 0.0501675 9.9982E-05 0.072932
0.107546 9.9973E-05 0.806356 0.0857984 9.9973E-05 9.9973E-05
0.0249108 0.0102127 0.661238 0.2236 0.0404298 0.039609
0.182797 0.00365715 0.813246 9.9973E-05 9.9973E-05 9.9973E-05
0.660092 9.9982E-05 0.0952875 0.119835 9.9982E-05 0.124585
0.0066198 9.9982E-05 0.000823606 0.989051 0.00330558 9.9982E-05
9.9982E-05 0.127012 9.9982E-05 0.675845 0.0335951 0.163348
0.194837 0.451237 9.9973E-05 0.353625 9.9973E-05 9.9973E-05
0.097905 0.561549 9.9991E-05 0.193916 0.00533624 0.141194
0.0987994 0.710976 0.0230177 9.9982E-05 9.9982E-05 0.167007
0.104089 0.777598 0.0147281 9.9982E-05 9.9982E-05 0.103385
9.9982E-05 0.680935 9.9982E-05 0.0588009 0.0159383 0.244125
0.00956213 0.676272 0.0289865 9.9991E-05 0.0219947 0.263085
0.168697 0.690613 0.0331675 9.9991E-05 0.0331385 0.0742839
9.9982E-05 0.743047 0.0582968 0.142837 0.0556201 9.9982E-05
0.051243 0.0409539 0.0105855 0.886623 0.00324866 0.00734632
0.10312 0.104397 0.00320707 0.731627 0.0575488 9.9991E-05
0.212597 9.9991E-05 0.0289224 0.644835 0.0384704 0.0750754
0.352068 9.99641E-05 9.99641E-05 0.647532 9.99641E-05 9.99641E-05
0.184385 9.9982E-05 9.9982E-05 0.643814 0.0396734 0.131928
0.374943 9.9973E-05 9.9973E-05 0.541245 9.9973E-05 0.0835121
0.0744609 0.0538957 9.9982E-05 0.132976 9.9982E-05 0.738467
0.0914953 0.0831783 0.0182831 9.9982E-05 9.9982E-05 0.806843
9.9982E-05 9.9982E-05 0.0232331 0.00376856 0.0254932 0.947305
0.123562 0.156341 0.0262095 0.0537301 9.9991E-05 0.640058
9.9991E-05 0.0032414 0.0385061 0.0807692 0.0353581 0.842025
0.0775261 0.563791 0.0151062 9.9991E-05 0.135272 0.208205
0.147589 0.0462271 0.690086 0.0257806 0.0320088 0.0583087
0.120039 0.0979623 0.740123 9.9982E-05 0.041675 9.9982E-05
0.0675481 9.9973E-05 0.826237 9.9973E-05 9.9973E-05 0.105915
0.135073 9.9991E-05 0.683301 0.0892404 0.0107054 0.0815804
9.9982E-05 0.054443 0.752999 0.153285 0.0390728 9.9982E-05
0.0439956 0.212698 0.102226 0.119594 0.0309035 0.490582
0.0421274 0.220029 0.0297895 0.268578 0.0143961 0.42508
9.9973E-05 9.9973E-05 9.9973E-05 0.119682 0.053701 0.826317
0.118168 0.205976 9.9991E-05 0.306777 0.0472583 0.32172
