0.019687 0.00945536 0.788607 0.18225
0.0385713 9.9991E-05 0.852094 0.109235
0.0205174 9.9991E-05 0.699881 0.279501
0.0188123 0.0215946 0.895439 0.0641537
0.0181123 0.021169 0.916246 0.0444726
9.9991E-05 0.0734881 0.892806 0.0336058
9.999E-05 0.0457283 0.872041 0.0821312
0.0321042 9.9991E-05 0.892667 0.0751291
0.0143651 0.0930595 0.734165 0.15841
0.0382445 0.0344395 0.670657 0.256659
0.0678135 0.212778 0.653944 0.0654642
0.0220918 0.103725 0.545178 0.329005
0.0515111 0.301889 0.543242 0.103359
9.999E-05 0.108004 0.617776 0.27412
0.0506955 0.0517666 0.640047 0.257491
0.0140678 0.0177442 0.865448 0.10274
9.9982E-05 9.9982E-05 0.72797 0.27183
0.0379603 9.9991E-05 0.857656 0.104283
0.0728859 0.162714 0.154558 0.609842
9.9991E-05 0.0323637 0.221685 0.745851
9.9991E-05 0.0167472 0.246652 0.736501
0.0106205 0.0657513 0.019194 0.904434
0.055847 9.9982E-05 9.9982E-05 0.943953
0.0452588 9.9991E-05 0.116508 0.838133
9.9991E-05 0.00144699 0.254324 0.744129
9.9982E-05 9.9982E-05 0.00582389 0.993976
0.0294854 0.0357872 9.9991E-05 0.934627
0.0103077 0.072953 9.9991E-05 0.916639
9.9982E-05 0.00911133 9.9982E-05 0.990689
0.00580806 0.0981878 9.9991E-05 0.895904
0.0151124 9.9982E-05 9.9982E-05 0.984688
0.0460628 0.0408157 0.0527263 0.860395
0.0556712 9.9991E-05 0.0166035 0.927625
0.0983997 0.0280874 0.646014 0.227499
0.00263782 9.9991E-05 0.650662 0.346601
9.9991E-05 0.0910647 0.728195 0.18064
0.0387024 0.0140588 0.862521 0.0847175
0.0235812 0.138862 0.654416 0.18314
0.9997 9.998E-05 9.998E-05 9.998E-05
0.0314248 0.0336969 0.00443325 0.930445
0.00948833 0.0971676 0.706083 0.187261
9.9982E-05 9.9982E-05 0.768048 0.231752
0.0065515 0.214813 0.47411 0.304525
0.0475187 0.326713 0.486725 0.139044
0.0388452 0.301409 0.540405 0.11934
0.9997 9.998E-05 9.998E-05 9.998E-05
0.063536 0.0758045 0.57503 0.28563
9.9991E-05 0.254572 0.560132 0.185196
0.0409748 0.128683 0.469245 0.361097
0.032152 0.866744 0.045854 0.0552503
0.0622958 0.871905 0.0506698 0.0151295
9.9982E-05 0.907213 0.0925868 9.9982E-05
0.0422575 0.819804 0.114625 0.0233134
0.0738578 0.860047 9.9991E-05 0.0659957
9.9991E-05 0.904206 0.0499127 0.0457809
9.9982E-05 0.758365 0.241435 9.9982E-05
0.0255864 0.889788 0.069737 0.0148889
0.0465678 0.894158 9.9991E-05 0.0591743
0.0635998 0.844966 0.0913346 9.9991E-05
0.0487032 0.733423 0.217774 9.9991E-05
9.9982E-05 0.905003 9.9982E-05 0.0947968
9.9991E-05 0.826805 0.103165 0.0699299
0.0832825 0.547053 0.327498 0.042167
0.0262474 0.0450829 0.0793544 0.849315
0.0401446 9.9991E-05 0.0702759 0.88948
0.0354366 9.9991E-05 0.0392627 0.925201
0.036492 0.828185 0.126233 0.00908973
0.0795961 0.657436 0.246241 0.0167262
0.0342406 0.846244 0.0898334 0.0296821
0.0605049 0.849158 9.9991E-05 0.0902373
0.0669637 0.882102 0.0508338 9.9991E-05
0.021365 0.342072 0.636463 9.9991E-05
0.0104352 0.318552 0.611818 0.0591955
0.0140736 0.371203 0.562848 0.0518752
0.0498425 0.348558 0.542258 0.059342
0.0491579 0.241235 0.502256 0.207351
0.0420118 0.325584 0.518157 0.114248
0.0422588 0.245328 0.5631 0.149314
9.9982E-05 0.770688 0.229112 9.9982E-05
0.147723 0.581674 0.249996 0.0206075
0.0314249 0.843885 0.00246872 0.122222
0.0536086 0.849993 9.9991E-05 0.0962986
0.0307242 0.805041 0.164135 9.9991E-05
0.0280437 0.0336757 0.0819339 0.856347
9.9991E-05 0.499569 0.32322 0.17711
9.9982E-05 0.450573 0.549227 9.9982E-05
0.9997 9.998E-05 9.998E-05 9.998E-05
0.0101804 9.9991E-05 0.767131 0.222588
0.0320934 9.9991E-05 0.808391 0.159415
0.0585521 0.0309237 0.72086 0.189664
0.0529384 0.11738 0.524638 0.305044
9.9991E-05 0.0589042 0.783473 0.157523
0.00303436 0.472054 0.414506 0.110406
0.052723 0.0548849 0.265053 0.627339
0.0788256 0.37482 0.546254 9.9991E-05
0.0414902 0.140598 0.475413 0.342499
9.9982E-05 9.9982E-05 0.769735 0.230065
9.9991E-05 0.025707 0.830811 0.143382
9.9991E-05 0.03434 0.767578 0.197982
0.0246335 0.125445 0.79125 0.0586719
0.0210289 0.0417161 0.912426 0.024829
0.0116432 9.9991E-05 0.871583 0.116674
0.0370944 0.446025 0.450381 0.0664992
0.0587497 0.353156 0.428667 0.159427
0.0868282 0.445276 0.384379 0.0835173
0.0145265 0.125879 0.585531 0.274063
9.9991E-05 0.262909 0.549967 0.187024
9.9991E-05 0.0489627 0.511312 0.439626
0.00575068 0.86164 0.13251 9.9991E-05
0.0312091 0.846376 0.0177311 0.104683
9.9991E-05 0.378375 0.372053 0.249472
0.0505341 0.317295 0.50373 0.128441
0.0682763 0.324461 0.333649 0.273614
9.9991E-05 0.0125483 0.156088 0.831264
0.0632232 0.812061 9.9991E-05 0.124616
9.9991E-05 0.784511 0.116473 0.0989166
9.9982E-05 0.670939 0.328861 9.9982E-05
0.0621527 0.013755 0.352513 0.571579
0.0134554 0.000163384 0.738971 0.24741
0.0250565 0.0613656 0.845717 0.0678608
9.9991E-05 0.0737402 0.812544 0.113616
9.9982E-05 9.9982E-05 0.611629 0.388171
0.00375198 9.9991E-05 0.762415 0.233733
0.00109012 0.02701 0.797064 0.174836
9.9991E-05 0.0485821 0.900693 0.0506247
9.9991E-05 0.024974 0.62028 0.354646
0.00129444 9.9991E-05 0.83926 0.159345
0.0524263 9.9991E-05 0.721612 0.225862
0.0254522 0.0239727 0.824303 0.126272
0.00713512 0.119883 0.535186 0.337796
0.0453321 0.0740511 0.848324 0.0322926
0.0182389 0.096018 0.604222 0.281522
9.9991E-05 0.0181388 0.882225 0.0995359
9.9982E-05 0.0281283 9.9982E-05 0.971672
9.998E-05 9.998E-05 9.998E-05 0.9997
0.0245964 9.9982E-05 9.9982E-05 0.975204
0.0062026 0.0677054 0.0611817 0.86491
0.0323219 0.026565 0.0537753 0.887338
0.0222669 0.118159 0.859474 9.9991E-05
0.0412842 9.9991E-05 0.761107 0.197509
9.998E-05 0.9997 9.998E-05 9.998E-05
0.051659 0.85503 0.0332254 0.0600859
0.0240545 0.910071 0.0486778 0.0171964
0.0080281 0.773185 0.177455 0.0413317
0.0323595 0.919404 0.0481365 9.9991E-05
0.0127891 0.812012 9.9991E-05 0.175099
0.0334549 0.958045 0.00840055 9.9991E-05
0.00314926 0.904231 0.00246002 0.0901593
9.9991E-05 0.914814 0.0252325 0.0598539
0.0158482 0.91297 9.9991E-05 0.0710821
0.0425605 0.905709 0.0516309 9.99947E-05
0.0432782 0.803633 0.0673605 0.0857283
0.00787255 0.839517 0.15251 9.9991E-05
0.0244799 0.888171 9.9991E-05 0.0872494
0.011256 0.94296 9.9991E-05 0.0456843
0.035604 0.929165 0.0351307 9.9991E-05
0.0289451 0.908592 9.9991E-05 0.062363
0.0224785 0.366147 0.525371 0.0860036
9.9991E-05 0.225572 0.668184 0.106144
9.9982E-05 0.920332 0.0794684 9.9982E-05
0.0314382 0.754299 0.214162 9.9991E-05
0.00473005 0.965001 9.9991E-05 0.030169
0.0231398 0.389242 0.587519 9.9991E-05
0.0228634 9.9982E-05 0.976937 9.9982E-05
0.0287181 9.9991E-05 0.712055 0.259127
9.9991E-05 0.0228003 0.440231 0.536869
9.9991E-05 0.00248222 0.301343 0.696075
9.9991E-05 0.015944 0.130065 0.853891
9.9991E-05 0.0313717 0.0459309 0.922597
0.00958374 9.9991E-05 0.217668 0.772648
0.0299781 0.0391998 0.0678877 0.862934
0.0384697 0.11376 0.0473589 0.800411
0.0498033 0.0595977 0.0831373 0.807462
0.00470675 0.0151034 0.776757 0.203433
0.0647377 0.0571993 0.74288 0.135183
0.0495507 0.0644018 0.885948 9.9991E-05
9.9982E-05 0.0339632 0.965837 9.9982E-05
0.0311512 9.9982E-05 0.968649 9.9982E-05
9.9991E-05 0.128397 0.813899 0.0576043
0.0106359 0.0220345 0.716138 0.251192
0.0223429 0.0587352 0.698678 0.220244
0.0646878 0.0164175 0.768779 0.150116
0.0235383 0.0637746 0.695809 0.216878
0.0265125 0.0678491 0.760156 0.145482
0.143234 0.0628678 0.0430541 0.750845
0.0465036 0.842696 0.0973025 0.0134976
0.0497935 0.857093 9.9991E-05 0.0930132
0.0151331 0.94973 9.9991E-05 0.0350365
0.0260145 0.809987 0.148621 0.0153774
0.0460323 0.835827 9.9991E-05 0.118041
0.00962938 0.188213 0.470732 0.331426
0.0481983 9.9991E-05 0.641467 0.310235
0.0842533 9.9991E-05 0.738625 0.177022
0.0717358 0.00935209 0.602526 0.316386
