0.000999335 0.727934 0.0106284 0.0341238 0.226315
0.0694621 0.710207 0.0434629 9.9991E-05 0.176768
0.225204 0.558579 0.0413049 9.9991E-05 0.174812
0.10057 0.76119 0.0175566 0.0180896 0.102594
9.999E-05 0.853069 0.0248742 0.0618499 0.0601069
0.0367328 0.738779 0.0177589 0.0817006 0.125029
0.156982 0.673347 0.00217927 0.017539 0.149952
0.0898254 0.803582 0.0474699 0.00405772 0.055065
9.999E-05 0.596943 0.00557387 0.111947 0.285436
0.253829 0.521651 0.0435874 9.9991E-05 0.180833
0.339389 0.432093 0.0713741 0.104019 0.053125
0.265789 0.481778 0.0383673 0.0138538 0.200211
0.88421 0.0550059 0.0267286 0.00720724 0.0268478
0.204887 0.53656 9.9991E-05 0.0530097 0.205443
9.999E-05 0.655129 0.0650309 0.0764916 0.203249
0.241144 0.50803 0.0234233 9.9991E-05 0.227302
0.0181416 0.678375 9.9991E-05 0.0499693 0.253414
9.9982E-05 0.78563 0.0475753 9.9982E-05 0.166594
0.226133 0.065385 0.0853903 0.116796 0.506296
0.200519 0.0820001 9.9982E-05 9.9982E-05 0.717281
0.0803418 0.207186 0.0185855 0.0198542 0.674033
0.172607 9.9982E-05 0.0071334 9.9982E-05 0.82006
0.133401 9.9982E-05 0.0481713 9.9982E-05 0.818227
0.022324 0.0967963 0.0355909 0.00567706 0.839612
0.106719 0.201966 9.9982E-05 9.9982E-05 0.691116
0.0922378 0.0107312 0.008535 9.9991E-05 0.888396
0.0310997 9.9991E-05 0.0344922 0.0390754 0.895233
0.037509 9.9991E-05 0.0237029 0.101247 0.837441
9.9982E-05 0.0696478 9.9982E-05 0.053567 0.876585
9.9982E-05 0.0958272 9.9982E-05 0.116706 0.787266
0.0218266 9.9991E-05 0.00121876 0.0633092 0.913545
9.9991E-05 0.0530683 0.0463781 0.0406878 0.859766
0.110316 0.0427023 0.0911615 9.9991E-05 0.75572
0.266235 0.482203 0.0893496 9.9991E-05 0.162112
0.00527055 0.613148 0.0146272 0.0269881 0.339966
9.9982E-05 0.704768 9.9982E-05 0.107811 0.187221
0.186152 0.650865 0.0428149 9.9991E-05 0.120068
0.224601 0.478928 0.0276019 0.0713134 0.197556
9.997E-05 9.997E-05 0.9996 9.997E-05 9.997E-05
0.223624 9.9991E-05 0.0284104 0.00791146 0.739954
9.9991E-05 0.630987 0.0185484 0.122732 0.227633
0.19639 0.591815 0.0145726 9.9991E-05 0.197123
0.403613 0.148049 0.0210785 0.108716 0.318544
0.606571 0.134327 0.0635342 0.106754 0.088813
0.870375 0.11231 0.0171151 9.9982E-05 9.9982E-05
9.997E-05 9.997E-05 0.9996 9.997E-05 9.997E-05
0.222104 0.443065 0.0743193 0.0220491 0.238462
0.450676 0.285953 9.9991E-05 0.0984814 0.16479
0.19564 0.269504 0.030555 0.0880646 0.416237
0.193086 0.0114941 0.041246 0.708719 0.0454555
0.186738 0.0371676 0.0412172 0.729634 0.00524266
9.9982E-05 0.17683 9.9982E-05 0.764993 0.0579765
0.182771 0.0532202 0.0904076 0.642711 0.0308903
0.0112766 0.0195087 0.0830959 0.752344 0.133775
9.9991E-05 0.0881196 0.0107986 0.803626 0.097356
0.0963912 0.208061 9.9982E-05 0.695348 9.9982E-05
0.212565 9.9991E-05 0.0444362 0.720216 0.0226835
9.9982E-05 9.9982E-05 0.0455873 0.814851 0.139362
0.155226 0.0712471 0.0664822 0.706945 9.9991E-05
0.266337 0.105294 0.057549 0.57072 9.9991E-05
0.0977422 9.9991E-05 0.00561752 0.756886 0.139654
0.0985605 0.125774 0.0196763 0.683903 0.0720864
0.640578 0.00255344 0.0649152 0.278417 0.0135366
0.0766655 0.0482632 0.0209142 0.0495236 0.804634
0.101642 0.0397256 0.0475928 0.0101938 0.800845
9.9982E-05 0.154362 0.0200096 9.9982E-05 0.825428
0.114248 0.13267 0.0328632 0.693147 0.0270719
0.431114 0.0167343 0.0775782 0.474473 9.9991E-05
0.198003 0.058557 0.0304702 0.663013 0.0499566
0.347534 9.9982E-05 0.077083 0.575183 9.9982E-05
9.9991E-05 0.110267 0.0693483 0.789822 0.030463
0.529253 0.328592 0.00441395 0.137641 9.9991E-05
0.767468 0.144719 0.0216513 0.0519047 0.0142571
0.760879 0.139545 9.9991E-05 0.0964967 0.00297922
0.967094 0.0030537 0.0296524 9.9982E-05 9.9982E-05
0.772973 0.0488343 0.0507379 0.0182128 0.109242
0.992816 9.9973E-05 0.00688432 9.9973E-05 9.9973E-05
0.681295 0.131346 0.0322426 0.066163 0.0889529
0.201738 0.174325 9.9982E-05 0.623738 9.9982E-05
0.352695 0.0970582 0.127205 0.381344 0.0416976
0.210046 9.9991E-05 0.045158 0.652881 0.0918146
0.180974 9.9991E-05 0.0711141 0.657554 0.0902581
0.073754 0.164732 0.0650835 0.696331 9.9991E-05
0.183563 0.0992426 0.0120744 0.0164586 0.688662
0.437845 0.130717 9.9991E-05 0.30592 0.125418
0.890901 0.0160516 9.9982E-05 0.0928473 9.9982E-05
9.997E-05 9.997E-05 0.9996 9.997E-05 9.997E-05
0.131773 0.573098 0.0183882 9.9991E-05 0.27664
0.00806076 0.75713 0.0443487 9.9991E-05 0.190361
0.188367 0.497299 0.0499877 0.0183437 0.246003
0.26529 0.309604 0.0444633 0.0838988 0.296744
9.9991E-05 0.740459 0.00217668 0.0898745 0.16739
0.869621 9.9991E-05 0.000187495 0.127954 0.00213697
0.31849 0.131552 0.0208234 9.9991E-05 0.529035
0.694646 0.0658471 0.105048 0.134358 9.9991E-05
0.329039 0.261039 0.044535 0.0469483 0.318439
0.0264181 0.72372 0.0172348 0.0121425 0.220485
0.215079 0.690467 9.9982E-05 9.9982E-05 0.0942546
0.338474 0.462982 9.9982E-05 9.9982E-05 0.198344
0.278272 0.61073 0.0358981 0.0166419 0.0584581
0.319804 0.611674 0.0275481 9.9991E-05 0.0408739
0.259118 0.596464 0.0219754 9.9991E-05 0.122343
0.621186 0.0938045 0.0403462 0.195961 0.0487025
0.524194 0.162654 0.0674545 0.134065 0.111632
0.557378 0.118715 0.0925986 0.216748 0.0145592
0.58067 0.226891 9.9982E-05 9.9982E-05 0.192239
0.512863 0.171679 9.9991E-05 0.096622 0.218736
9.9982E-05 0.435107 9.9982E-05 0.0763783 0.488315
9.9991E-05 0.164398 0.0549712 0.737165 0.043366
0.219732 9.9991E-05 0.0570555 0.652213 0.0709
0.590367 0.0722716 9.9991E-05 0.155196 0.182066
0.421376 0.241303 0.0484271 0.155932 0.132962
0.501519 0.0514819 0.0529641 0.122311 0.271724
0.325017 9.9973E-05 9.9973E-05 9.9973E-05 0.674683
0.343946 9.9991E-05 0.0734081 0.54826 0.0342859
0.251253 0.0265957 0.00606995 0.656538 0.0595439
0.441365 0.121772 0.0164341 0.420328 9.9991E-05
0.174662 0.241808 0.0572837 0.0352346 0.491012
9.9991E-05 0.622653 0.0241836 0.0497943 0.303269
0.15572 0.693376 0.0439656 0.000485893 0.106453
9.9991E-05 0.838292 0.000376863 0.0791246 0.0821069
0.0285508 0.499174 9.9991E-05 0.00448035 0.467695
0.0724346 0.633869 0.0186819 0.00656528 0.26845
9.9982E-05 0.81481 9.9982E-05 0.033764 0.151226
9.9991E-05 0.83413 0.0373381 0.0669254 0.0615064
0.126432 0.451606 9.9991E-05 0.00721888 0.414643
0.122401 0.687135 0.00645697 0.00343556 0.180571
0.0940383 0.597738 0.0543681 9.9991E-05 0.253756
0.199325 0.676515 0.029653 9.9991E-05 0.0944072
0.0796712 0.499045 0.0102038 0.138097 0.272984
0.135244 0.66268 0.0632712 0.0275043 0.1113
0.332166 0.412935 0.0298044 9.9991E-05 0.224995
0.079227 0.769427 9.9991E-05 0.0259157 0.125331
0.279789 9.9973E-05 9.9973E-05 9.9973E-05 0.719911
0.0977433 0.0230359 9.9982E-05 9.9982E-05 0.879021
0.0463136 0.0178643 0.0378518 9.9991E-05 0.89787
0.0661545 0.0644804 9.9991E-05 0.0563125 0.812953
0.177444 0.0501435 0.021908 0.00882428 0.741681
0.140239 0.714418 0.0231255 0.0965755 0.0256421
0.152255 0.614649 0.0491472 9.9991E-05 0.18385
0.141697 9.9982E-05 0.0114301 0.846673 9.9982E-05
0.100071 0.0606605 0.0568588 0.725037 0.0573735
9.9991E-05 0.113669 0.0199198 0.82103 0.0452811
0.321301 0.0817854 0.00476834 0.577939 0.0142068
0.0720122 0.0974799 0.0507977 0.77961 9.9991E-05
0.0418089 9.9991E-05 0.0145774 0.764455 0.179059
0.154981 0.02236 0.0330555 0.789503 9.9991E-05
0.101222 0.0224599 0.00306525 0.790752 0.0825008
0.198336 9.9982E-05 9.9982E-05 0.749871 0.0515934
0.147577 9.9991E-05 0.0240738 0.76248 0.0657696
0.12086 0.0676441 0.0698382 0.741558 9.9991E-05
0.171694 0.0423186 0.0523432 0.690029 0.0436154
0.0363044 0.146335 0.0374669 0.725077 0.0548159
0.0424677 0.0207085 0.0301196 0.790703 0.116001
0.12459 0.0878287 0.0350168 0.752464 9.9991E-05
9.9982E-05 0.143107 0.0325844 0.824109 9.9982E-05
0.0576515 0.0083055 0.0509582 0.787574 0.0955111
0.827754 0.0939524 9.9982E-05 0.0780935 9.9982E-05
0.85052 0.141806 0.00747418 9.9982E-05 9.9982E-05
0.089742 0.115218 9.9982E-05 0.79484 9.9982E-05
0.035286 0.261815 0.048265 0.636458 0.0181759
0.207047 9.9973E-05 9.9973E-05 0.792653 9.9973E-05
0.704151 0.178023 0.00176741 0.115958 9.9991E-05
0.00235571 0.894529 0.0300025 0.0190545 0.0540586
9.9991E-05 0.657653 0.0516868 0.00876941 0.28179
0.180343 0.320849 9.9991E-05 0.0267045 0.472004
0.119346 0.264959 9.9991E-05 0.0117301 0.603866
0.184359 0.0568393 0.0113216 0.0274652 0.720015
0.121169 0.0204572 0.0119849 0.0214404 0.824948
0.0902421 0.141548 9.9982E-05 9.9982E-05 0.76801
0.157119 0.0734886 0.0155469 9.9991E-05 0.753746
0.148643 9.9991E-05 0.040634 0.0592928 0.75133
9.9991E-05 0.120511 0.0558433 0.0784506 0.745095
0.0967172 0.722833 0.00387658 0.0170336 0.15954
0.110735 0.625908 0.0622805 0.0598899 0.141186
0.0695379 0.758094 0.0562342 0.0919743 0.0241595
0.153058 0.833832 9.9982E-05 0.0129103 9.9982E-05
0.105273 0.817708 0.0516591 0.0153201 0.0100396
0.268673 0.623609 9.9991E-05 0.0466199 0.0609976
0.183688 0.570242 0.0130732 9.9991E-05 0.232896
0.221727 0.519117 0.00458101 0.0589238 0.195652
0.213336 0.593201 0.0696878 9.9991E-05 0.123676
0.210524 0.528585 0.0144655 0.0301015 0.216324
0.111638 0.682695 0.0501268 0.0158071 0.139733
0.128669 9.9991E-05 0.162712 0.0424043 0.666115
0.191701 0.0975521 0.0414673 0.665866 0.00341393
0.0855616 0.024505 0.0709824 0.729031 0.0899206
0.183602 0.00371727 0.0467587 0.765822 9.9991E-05
0.0556136 0.212799 0.0351022 0.671333 0.0251521
9.9991E-05 0.120754 0.0443244 0.762602 0.0722194
0.198749 0.343824 0.0425707 0.0938715 0.320985
0.14118 0.482907 0.0573263 0.00700273 0.311583
9.9991E-05 0.671649 0.0868175 0.00918558 0.232247
0.179324 0.460165 0.0852697 9.9991E-05 0.275142
