9.9991E-05 0.855726 0.144174
9.999E-05 0.892276 0.107624
9.999E-05 0.717761 0.282139
0.0169972 0.917908 0.0650947
0.0140781 0.923052 0.0628699
0.0684613 0.923522 0.00801634
0.0183522 0.967815 0.0138332
9.999E-05 0.9998 9.999E-05
0.0939541 0.67849 0.227556
0.082041 0.613225 0.304734
0.238188 0.606895 0.154916
0.0763133 0.688934 0.234753
0.312589 0.538342 0.149069
0.0831838 0.689348 0.227468
0.0927198 0.692239 0.215041
0.0452586 0.842985 0.111756
0.0131983 0.722103 0.264698
9.9991E-05 0.899915 0.0999851
0.21708 0.144666 0.638255
0.0052776 0.252989 0.741734
9.9991E-05 0.267847 0.732053
0.0695529 0.0308019 0.899645
0.00706188 9.9991E-05 0.992838
0.034329 0.0580288 0.907642
9.9991E-05 0.261772 0.738128
9.9991E-05 0.0648092 0.935091
0.0400844 9.9991E-05 0.959816
0.0650535 9.9991E-05 0.934846
9.999E-05 9.999E-05 0.9998
0.060747 0.0740021 0.865251
0.0715803 0.00727709 0.921143
0.0424182 0.0233572 0.934225
0.0354535 0.00506639 0.95948
0.0230086 0.698386 0.278605
9.9991E-05 0.68639 0.31351
0.068481 0.802868 0.128651
0.0684613 0.885691 0.0458476
0.107728 0.679924 0.212348
0.354916 9.9991E-05 0.644984
0.0671096 0.0465411 0.886349
0.0905221 0.741289 0.168189
9.9991E-05 0.803161 0.196739
0.215069 0.440806 0.344125
0.37708 0.409706 0.213215
0.318105 0.557879 0.124016
0.362159 9.9991E-05 0.637741
0.127943 0.534642 0.337415
0.226308 0.579241 0.194451
0.140872 0.51177 0.347359
0.876803 0.123097 9.9991E-05
0.905948 0.00264164 0.0914102
0.857908 0.127863 0.0142297
0.820708 0.161253 0.0180388
0.880106 9.9991E-05 0.119794
0.911984 0.0230486 0.0649673
0.785851 0.214049 9.9991E-05
0.87919 0.104733 0.0160768
0.917886 9.9991E-05 0.0820142
0.870852 0.129048 9.9991E-05
0.755491 0.244409 9.9991E-05
0.917857 9.9991E-05 0.0820435
0.807682 0.141028 0.0512903
0.548394 0.332679 0.118928
0.00970082 0.0799977 0.910301
0.00907864 0.126016 0.864905
9.9991E-05 0.0711626 0.928737
0.812704 0.16303 0.0242661
0.698486 0.271358 0.0301562
0.848782 0.111837 0.0393806
0.872173 0.0645906 0.0632368
0.907533 0.0923669 9.9991E-05
0.373336 0.626564 9.9991E-05
0.326005 0.617312 0.0566831
0.369159 0.59748 0.0333606
0.386911 0.573203 0.039886
0.311158 0.482517 0.206325
0.336402 0.54762 0.115979
0.308333 0.530668 0.160999
0.782238 0.217662 9.9991E-05
0.592475 0.274222 0.133304
0.857217 0.0518729 0.0909105
0.866038 9.9991E-05 0.133862
0.8002 0.1997 9.9991E-05
0.0427885 0.165661 0.791551
0.510087 0.368434 0.121479
0.401148 0.59626 0.0025914
0.401087 9.9991E-05 0.598813
9.9991E-05 0.748511 0.251389
9.9991E-05 0.817166 0.182734
0.0422899 0.675662 0.282048
0.188076 0.43886 0.373064
0.031175 0.888655 0.0801704
0.461762 0.48864 0.049598
0.0872148 0.357414 0.555372
0.418605 0.546391 0.0350044
0.151325 0.484007 0.364669
9.9991E-05 0.827336 0.172564
0.00933209 0.890802 0.0998664
0.00813739 0.787472 0.20439
0.0921011 0.824888 0.0830109
0.0381504 0.829026 0.132824
9.9991E-05 0.842097 0.157803
0.465998 0.495617 0.0383844
0.37147 0.440741 0.187789
0.470344 0.471309 0.0583466
0.131746 0.519457 0.348797
0.218363 0.600813 0.180824
0.0556815 0.463825 0.480493
0.837717 0.128445 0.0338376
0.834974 0.112239 0.0527876
0.384961 0.378406 0.236633
0.347704 0.484624 0.167672
0.314136 0.275676 0.410188
0.0149096 0.143925 0.841166
0.844078 0.0266267 0.129296
0.784025 0.215875 9.9991E-05
0.628429 0.371471 9.9991E-05
0.0874317 0.351234 0.561334
0.0375173 0.725313 0.23717
0.0578241 0.921053 0.0211224
0.0553525 0.828058 0.11659
9.9991E-05 0.633769 0.366131
0.0236227 0.754155 0.222223
0.0288599 0.843914 0.127226
0.0170898 0.98281 9.9991E-05
0.0155275 0.602509 0.381963
9.9991E-05 0.858562 0.141338
9.9991E-05 0.779638 0.220262
9.9991E-05 0.946546 0.0533541
0.125406 0.588325 0.28627
0.0676834 0.804805 0.127512
0.0657824 0.677539 0.256678
0.0236509 0.899345 0.0770045
0.0338139 0.0376547 0.928531
9.9991E-05 0.0480234 0.951877
9.999E-05 9.999E-05 0.9998
0.0381249 0.0962069 0.865668
0.0542408 0.0334102 0.912349
0.115445 0.850435 0.0341203
0.0333904 0.833638 0.132972
0.9998 9.999E-05 9.999E-05
0.872438 0.043636 0.0839257
0.941064 0.0588357 9.9991E-05
0.774601 0.161093 0.0643053
0.934245 0.0656553 9.9991E-05
0.867285 9.9991E-05 0.132615
0.959501 0.0403988 9.9991E-05
0.933971 9.9991E-05 0.0659293
0.894909 9.9991E-05 0.104991
0.916269 9.9991E-05 0.0836309
0.877318 0.122582 9.9991E-05
0.859616 0.0835287 0.056855
0.843196 0.0720634 0.0847403
0.92761 9.9991E-05 0.0722901
0.893443 0.0753734 0.0311837
0.935041 0.0648588 9.9991E-05
0.946164 9.9991E-05 0.0537355
0.381483 0.553038 0.0654794
0.231996 0.711446 0.0565576
0.948441 0.0514593 9.9991E-05
0.777737 0.216992 0.00527036
0.91766 9.9991E-05 0.0822399
0.346488 0.653412 9.9991E-05
9.9991E-05 0.949637 0.0502632
9.9991E-05 0.696629 0.303271
0.0376516 0.450998 0.511351
0.0254723 0.353462 0.621065
0.0257501 0.121078 0.853172
0.0059003 0.112376 0.881724
9.9991E-05 0.12751 0.87239
0.0330401 0.14084 0.82612
0.164588 0.0291415 0.806271
0.0573579 0.0683739 0.874268
0.0181035 0.862478 0.119419
0.0610429 0.862154 0.0768035
0.0637968 0.936103 9.9991E-05
0.0274314 0.972469 9.9991E-05
0.0122669 0.98237 0.00536305
0.0883143 0.891935 0.019751
9.9991E-05 0.719664 0.280236
0.0731563 0.680816 0.246028
0.024521 0.820473 0.155006
0.0796507 0.741043 0.179306
0.055384 0.788931 0.155685
0.153903 0.0177521 0.828345
0.843593 0.128948 0.0274595
0.872962 9.9991E-05 0.126938
0.963258 9.9991E-05 0.0366416
0.793224 0.206676 9.9991E-05
0.835517 0.0538076 0.110676
0.166176 0.459911 0.373914
0.0167816 0.667695 0.315523
9.9991E-05 0.773345 0.226555
9.9991E-05 0.664609 0.335291
