0.127054 0.0174611 0.824522 0.0309624
0.126168 0.0339481 0.839784 9.9991E-05
0.253142 0.0197456 0.727013 9.9991E-05
0.0877066 0.00525485 0.905445 0.00159378
0.098758 0.00389598 0.84489 0.0524561
0.0267274 0.00775086 0.954349 0.0111726
0.0658286 9.9991E-05 0.904885 0.0291861
9.9982E-05 0.0392072 0.960593 9.9982E-05
0.263239 0.0318925 0.634464 0.070405
0.259086 0.0324706 0.667533 0.040911
0.0782706 0.067253 0.699466 0.155011
0.31825 0.0169208 0.603378 0.0614506
0.0458119 0.0621338 0.609118 0.282937
0.224119 0.0351282 0.606258 0.134494
0.260388 0.0441796 0.651313 0.0441189
0.189921 0.0049741 0.792046 0.0130598
0.295319 9.9991E-05 0.698932 0.00564933
0.124143 0.0501498 0.825607 9.9991E-05
0.585123 0.090335 0.1518 0.172742
0.795474 9.9991E-05 0.168109 0.036317
0.729689 0.0073012 0.252405 0.010604
0.862744 0.00335862 0.0709848 0.0629126
0.934677 0.0446014 9.9991E-05 0.0206217
0.82028 0.0429492 0.102556 0.0342148
0.735174 9.9982E-05 0.264626 9.9982E-05
0.989636 9.9982E-05 0.0101641 9.9982E-05
0.921085 0.0411559 9.9991E-05 0.0376595
0.868403 0.0560494 9.9991E-05 0.0754477
0.984186 9.9982E-05 9.9982E-05 0.0156145
0.897515 9.9982E-05 9.9982E-05 0.102285
0.951631 0.0137509 9.9991E-05 0.0345178
0.866545 0.036457 0.0655891 0.0314091
0.914499 0.0821027 0.003298 9.9991E-05
0.179277 0.101964 0.683987 0.0347729
0.334143 0.000167184 0.64763 0.0180593
0.184891 0.0177311 0.760343 0.0370341
0.0918551 0.0589239 0.793869 0.0553522
0.16386 0.0235143 0.689879 0.122747
9.998E-05 0.9997 9.998E-05 9.998E-05
0.852678 0.0321527 0.05419 0.0609796
0.179664 9.9991E-05 0.748765 0.0714713
0.18835 0.00319716 0.808353 9.9991E-05
0.325533 0.000108718 0.478337 0.196021
0.123409 0.0604544 0.52672 0.289416
0.0623901 0.011979 0.613507 0.312124
9.998E-05 0.9997 9.998E-05 9.998E-05
0.246373 0.0638559 0.622052 0.0677189
0.124421 9.9991E-05 0.625329 0.25015
0.385682 0.0719654 0.427067 0.115286
0.015499 0.0504432 0.0705112 0.863547
0.0171846 0.0299585 0.0615546 0.891302
9.9982E-05 9.9982E-05 0.131838 0.867962
9.9991E-05 0.0493666 0.0898688 0.860665
0.0713418 0.0805868 9.9991E-05 0.847971
0.102827 9.9982E-05 9.9982E-05 0.896973
9.9982E-05 9.9982E-05 0.241484 0.758316
0.09174 0.00908965 9.9991E-05 0.89907
0.0272648 0.0383239 9.9991E-05 0.934311
9.9991E-05 0.0389977 0.121513 0.83939
9.9991E-05 0.0243921 0.264617 0.710891
0.088464 9.9982E-05 9.9982E-05 0.911336
0.0613331 0.00532479 0.135709 0.797633
0.0619323 0.0883157 0.334109 0.515643
0.838255 0.0287638 0.110587 0.0223942
0.91677 0.0224939 0.032405 0.0283309
0.903125 0.0181044 0.0786704 9.9991E-05
0.0402084 0.0404116 0.161242 0.758138
9.9991E-05 0.0975541 0.228987 0.673359
0.0251198 0.0282353 0.133955 0.81269
0.0421926 0.0398167 0.0827771 0.835214
0.00415786 0.0526747 0.0746665 0.868501
9.9991E-05 0.011994 0.652185 0.335721
9.9991E-05 0.0439918 0.652218 0.303691
0.0280433 9.9991E-05 0.626167 0.34569
0.0164184 0.0499997 0.583543 0.350039
0.150839 0.0472822 0.576255 0.225623
0.0775168 0.0528624 0.544143 0.325478
0.125957 0.025574 0.570871 0.277598
9.9982E-05 9.9982E-05 0.226937 0.772863
0.0218424 0.150164 0.246047 0.581946
0.104758 0.0114462 0.0482083 0.835588
0.122462 0.0509422 9.9991E-05 0.826496
9.9991E-05 0.0340038 0.169275 0.796621
0.820375 0.040141 0.0639954 0.0754885
0.0975776 9.9991E-05 0.415095 0.487227
9.9991E-05 0.0122484 0.600756 0.386895
9.998E-05 0.9997 9.998E-05 9.998E-05
0.219275 0.00748288 0.773142 9.9991E-05
0.167755 0.0185855 0.81356 9.9991E-05
0.163512 0.0258827 0.796377 0.0142282
0.350312 0.0480593 0.473439 0.128189
0.142385 9.9991E-05 0.817661 0.0398545
0.050792 0.0109946 0.521643 0.416571
0.622255 0.0296602 0.276446 0.0716391
9.9991E-05 0.106609 0.496819 0.396473
0.301957 0.0184339 0.532195 0.147414
0.271398 9.9982E-05 0.728402 9.9982E-05
0.158826 9.9991E-05 0.810526 0.030549
0.213539 9.9991E-05 0.775522 0.0108393
0.0709663 0.0220735 0.838586 0.0683741
0.0973463 0.0159003 0.876547 0.0102063
0.169234 0.0105547 0.820111 9.9991E-05
0.0707729 0.0367359 0.477762 0.414729
0.104239 0.124603 0.459778 0.31138
9.9991E-05 0.10757 0.488159 0.404171
0.244125 0.0104563 0.612901 0.132518
0.204511 9.9991E-05 0.558882 0.236507
0.480631 0.00488849 0.497985 0.0164963
0.023393 0.0178994 0.109319 0.849389
0.0793333 0.0417518 0.060513 0.818402
0.210275 0.00488009 0.435364 0.34948
0.0996872 0.0493471 0.545148 0.305818
0.328139 0.0659031 0.307367 0.298592
0.891152 9.9991E-05 0.0738428 0.0349052
0.102562 0.0517252 0.0320362 0.813677
0.0139409 9.9991E-05 0.176769 0.80919
9.9982E-05 9.9982E-05 0.380802 0.618998
0.524525 0.0567937 0.355594 0.0630875
0.318551 0.00324611 0.672473 0.00572963
0.0541089 0.0298858 0.859517 0.0564881
0.137781 9.9991E-05 0.771183 0.0909355
0.48309 9.9991E-05 0.501751 0.0150589
0.188492 0.0279082 0.7835 9.9991E-05
0.0977643 9.9982E-05 0.902036 9.9982E-05
0.0742886 0.0138083 0.867411 0.0444925
0.420033 0.00502271 0.541898 0.0330469
0.222169 9.9982E-05 0.777631 9.9982E-05
0.253588 0.0375613 0.708751 9.9991E-05
0.203426 0.0209284 0.775545 9.9991E-05
0.347234 9.9991E-05 0.553024 0.099642
0.0457631 0.0382305 0.868908 0.0470985
0.278796 0.0421628 0.640859 0.0381822
0.146467 0.00745622 0.839288 0.00678926
0.980436 0.00627951 9.9991E-05 0.0131842
0.994535 9.9982E-05 0.00526553 9.9982E-05
0.974138 0.0256621 9.9982E-05 9.9982E-05
0.84172 0.00195905 0.0766741 0.0796471
0.910163 0.0197892 0.0195345 0.0505135
9.9991E-05 0.00519635 0.871253 0.12345
0.1499 0.0346004 0.814014 0.00148533
9.9982E-05 0.00199916 9.9982E-05 0.997801
0.0531172 0.0559458 0.0372839 0.853653
0.0403916 0.0174575 0.0195921 0.922559
0.0821725 9.9991E-05 0.152344 0.765383
9.9991E-05 0.0333612 0.0457886 0.92075
0.118906 0.0131568 9.9991E-05 0.867837
9.9991E-05 0.0337032 0.00308153 0.963115
0.0604892 9.9982E-05 9.9982E-05 0.939311
0.0730243 9.9982E-05 9.9982E-05 0.926776
0.0581742 0.00257579 9.9991E-05 0.93915
9.9991E-05 0.0587121 0.072174 0.869014
0.0745588 0.0406983 0.0560343 0.828709
0.0366316 0.00854101 0.112694 0.842134
0.0716985 0.0212252 9.9991E-05 0.906976
9.9991E-05 0.0125863 0.0554063 0.931907
9.9991E-05 0.0371621 0.0247755 0.937962
0.0900504 0.0102692 9.9991E-05 0.89958
0.0916647 0.0130716 0.540878 0.354385
0.105945 0.0181919 0.652214 0.223649
9.9982E-05 9.9982E-05 0.0549977 0.944802
0.0126442 0.0281588 0.223801 0.735396
0.0529403 9.9982E-05 9.9982E-05 0.94686
9.9982E-05 9.9982E-05 0.632814 0.366986
0.101068 0.00786654 0.890966 9.9991E-05
0.189973 0.0325248 0.777402 9.9991E-05
0.498158 9.9991E-05 0.450224 0.0515176
0.668422 9.9991E-05 0.295473 0.0360053
0.929966 9.9991E-05 0.0178105 0.0521239
0.909776 0.00507949 0.0284373 0.0567075
0.917038 0.00387074 0.0789908 9.9991E-05
0.847373 0.0286513 0.0767694 0.0472067
0.843674 0.0406397 0.0172881 0.0983981
0.841228 0.0492432 0.0638132 0.0457154
0.1629 0.0232557 0.80829 0.00555415
0.0745657 0.0653908 0.787975 0.0720685
9.9991E-05 0.0576921 0.921007 0.0212006
9.9982E-05 9.9982E-05 0.973598 0.0262015
9.9982E-05 0.0197207 0.980079 9.9982E-05
0.0131461 9.9991E-05 0.890785 0.0959691
0.27066 0.0145749 0.702435 0.0123307
0.237175 0.0358138 0.658595 0.0684159
0.119505 0.0618238 0.812136 0.00653489
0.202672 0.0247858 0.720602 0.0519408
0.172829 0.0352656 0.772384 0.019521
0.753147 0.163472 0.0744263 0.00895424
0.00273865 0.0274012 0.119655 0.850205
0.106592 0.0470959 9.9991E-05 0.846212
0.0487457 9.9991E-05 0.0180667 0.933088
0.0290257 0.00132845 0.140929 0.828717
0.0797607 0.0428668 9.9991E-05 0.877272
0.315359 0.0232386 0.550539 0.110864
0.334919 0.0300052 0.596451 0.0386249
0.170615 0.0616314 0.767653 9.9991E-05
0.272415 0.0718692 0.655616 9.9991E-05
