0.124076 0.0878721 0.774417 0.0135351 9.9991E-05
0.12726 0.0973735 0.740989 0.0342771 9.9991E-05
0.192208 0.153309 0.598159 0.0204807 0.0358433
0.0331463 0.116579 0.821756 0.00931832 0.0191996
9.9982E-05 9.9982E-05 0.906535 0.00462282 0.0886427
9.999E-05 0.0373353 0.873016 0.00300573 0.0865429
0.0295733 0.107145 0.806113 9.9991E-05 0.0570681
0.0290532 0.163339 0.752821 0.054687 9.9991E-05
0.14785 0.0282997 0.708499 0.0157777 0.0995732
0.259293 0.22352 0.47895 0.0182772 0.0199596
0.100549 0.421199 0.339313 0.066012 0.0729267
0.224674 0.261411 0.454131 0.028592 0.0311921
9.9991E-05 0.788453 0.107715 0.0486049 0.0551274
0.215072 0.241086 0.490659 9.9991E-05 0.0530835
0.173678 9.9991E-05 0.701272 0.0371732 0.0877774
0.133133 0.17422 0.675415 0.00590636 0.0113253
0.180071 9.9982E-05 0.749733 9.9982E-05 0.0699955
0.0975139 9.9982E-05 0.868328 0.0339586 9.9982E-05
0.568524 0.202959 0.0315664 0.0643695 0.132581
0.674211 0.240424 0.0851644 9.9982E-05 9.9982E-05
0.758865 9.9991E-05 0.21068 0.0201063 0.0102485
0.793567 0.122741 0.0140864 0.0130625 0.0565425
0.878322 0.0583878 9.9982E-05 0.06309 9.9982E-05
0.865005 9.9991E-05 0.0619513 0.0280853 0.0448585
0.779557 0.0677299 0.152514 9.9982E-05 9.9982E-05
0.9817 9.9973E-05 9.9973E-05 0.0180006 9.9973E-05
0.871789 9.9982E-05 9.9982E-05 0.0347879 0.0932227
0.896505 9.9991E-05 0.00330174 0.030771 0.069322
0.949519 9.9982E-05 0.020384 9.9982E-05 0.0298966
0.862651 9.9973E-05 9.9973E-05 9.9973E-05 0.137049
0.910602 9.9982E-05 0.0242446 9.9982E-05 0.0649534
0.894289 9.9982E-05 9.9982E-05 0.0324624 0.0730488
0.84063 0.0655867 0.0282706 0.0654123 9.9991E-05
0.226742 0.299553 0.421275 0.0523302 9.9991E-05
0.309563 9.9982E-05 0.637361 9.9982E-05 0.0528762
0.167817 0.00977531 0.721526 9.9991E-05 0.100781
0.0726139 0.20322 0.693824 0.0302423 9.9991E-05
0.0853434 0.313171 0.553153 0.0152364 0.0330962
9.997E-05 9.997E-05 9.997E-05 0.9996 9.997E-05
0.801366 0.175132 9.9982E-05 0.0233017 9.9982E-05
0.156825 9.9982E-05 0.671359 9.9982E-05 0.171617
0.188889 0.204893 0.606018 9.9982E-05 9.9982E-05
0.288173 0.351386 0.241356 0.0250428 0.0940419
0.0703957 0.579829 0.158428 0.0424831 0.148864
0.0403904 0.935207 9.9991E-05 0.0207743 0.0035285
9.997E-05 9.997E-05 9.997E-05 0.9996 9.997E-05
0.241715 0.313909 0.359986 0.0842896 9.9991E-05
0.110525 0.368582 0.394354 9.9991E-05 0.126439
0.370899 0.148116 0.320958 0.0273168 0.132711
9.9982E-05 0.219792 9.9982E-05 0.028179 0.751829
0.010033 0.193509 9.9991E-05 0.0340958 0.762262
9.9973E-05 9.9973E-05 0.195028 9.9973E-05 0.804672
0.00328476 0.208816 0.0166178 0.0694832 0.701798
0.0195564 9.9991E-05 0.059295 0.0497172 0.871331
0.0487771 0.0289071 0.0540955 0.00724224 0.860978
9.9973E-05 9.9973E-05 0.278627 9.9973E-05 0.721073
0.00735503 0.155602 0.0219252 0.023076 0.792041
0.130725 9.9982E-05 9.9982E-05 0.0140062 0.855069
9.9991E-05 0.0938694 0.073453 0.0586978 0.77388
9.9991E-05 0.307608 0.0727505 0.0298537 0.589688
0.0779442 0.0794371 9.9982E-05 9.9982E-05 0.842419
0.0803697 0.183262 0.0434339 9.9991E-05 0.692835
0.0394151 0.544957 9.9991E-05 0.0738236 0.341705
0.803206 0.00830829 0.119929 0.0274933 0.0410629
0.803356 0.111855 0.0534477 0.0104508 0.0208905
0.888344 9.9982E-05 0.0901148 0.0213417 9.9982E-05
9.9991E-05 0.158282 0.113869 0.00809853 0.71965
9.9982E-05 0.403028 9.9982E-05 0.0835811 0.513191
0.0472293 0.0608108 0.0900967 0.0249914 0.776872
9.9982E-05 0.282816 9.9982E-05 0.0536451 0.663338
9.9982E-05 9.9982E-05 0.118233 0.0508222 0.830745
9.9991E-05 0.684509 0.206061 0.00126107 0.10807
0.0690437 0.868148 0.0299347 9.9991E-05 0.0327736
0.0353977 0.835378 0.0557233 9.9991E-05 0.0734013
9.9973E-05 0.974111 9.9973E-05 0.0255894 9.9973E-05
0.149307 0.785056 9.9982E-05 0.0654372 9.9982E-05
0.0049169 0.958595 9.9982E-05 0.0362881 9.9982E-05
0.11635 0.794186 0.0174982 0.0166514 0.0553143
9.9982E-05 0.376345 0.0282113 9.9982E-05 0.595243
0.0516825 0.383834 9.9991E-05 0.131947 0.432437
0.0352541 0.191101 9.9991E-05 0.0211108 0.752435
0.0592814 0.100466 9.9991E-05 0.0843043 0.755848
9.9991E-05 0.0720511 0.128277 0.0547959 0.744776
0.721521 0.270531 9.9982E-05 0.00774764 9.9982E-05
0.13085 0.539289 0.0460211 9.9991E-05 0.28374
9.9973E-05 0.870004 9.9973E-05 9.9973E-05 0.129696
9.997E-05 9.997E-05 9.997E-05 0.9996 9.997E-05
0.216587 0.0887321 0.688131 0.00644989 9.9991E-05
0.167883 0.0619187 0.726392 0.0437067 9.9991E-05
0.185069 0.204024 0.547903 0.0321584 0.0308451
0.233431 0.220739 0.412219 0.0434799 0.0901317
0.0923443 0.0179374 0.829526 9.9991E-05 0.0600923
0.0450387 0.82017 9.9982E-05 9.9982E-05 0.134592
0.569445 0.270026 0.125223 0.0352052 9.9991E-05
9.9991E-05 0.612825 0.115309 0.0773082 0.194458
0.306965 0.328339 0.268538 0.0264202 0.069738
0.191834 0.0498254 0.748574 0.00966608 9.9991E-05
0.0214195 0.255686 0.722695 9.9982E-05 9.9982E-05
0.160616 0.274169 0.565015 9.9982E-05 9.9982E-05
0.0392766 0.287031 0.659267 0.0143261 9.9991E-05
0.0519288 0.327114 0.612249 0.00860757 9.9991E-05
0.0683354 0.249975 0.675612 0.00597812 9.9991E-05
0.00898753 0.513819 0.151375 0.0414121 0.284406
0.0709753 0.660503 0.0652751 0.0699452 0.133301
0.00778985 0.693669 0.0157956 0.089582 0.193163
0.195613 0.63753 0.166657 9.9982E-05 9.9982E-05
0.145317 0.478606 0.274023 9.9991E-05 0.101954
0.433064 9.9982E-05 0.496342 9.9982E-05 0.0703939
0.019419 9.9991E-05 0.169504 0.0254601 0.785517
0.0380161 0.15032 0.0385345 0.0288746 0.744255
0.202428 0.629992 9.9982E-05 9.9982E-05 0.16738
0.0771768 0.600961 0.150154 0.0539681 0.11774
0.278141 0.537708 9.9991E-05 0.0476824 0.136369
0.731478 0.268222 9.9973E-05 9.9973E-05 9.9973E-05
0.0735032 0.236567 9.9991E-05 0.0398592 0.64997
9.9973E-05 0.351503 9.9973E-05 9.9973E-05 0.648197
9.9982E-05 0.462746 0.0821762 9.9982E-05 0.454877
0.511172 0.0587415 0.303548 0.0629148 0.0636234
0.315225 9.9991E-05 0.617373 0.00793565 0.0593655
0.00719601 0.13428 0.81342 0.0152432 0.0298608
0.104936 0.00160499 0.767609 9.9991E-05 0.12575
0.421951 0.0868094 0.491039 9.9982E-05 9.9982E-05
0.159381 0.0835503 0.740081 0.0168876 9.9991E-05
0.101128 0.00773111 0.843967 9.9991E-05 0.0470744
9.9982E-05 9.9982E-05 0.931612 0.000991757 0.0671964
0.361816 0.15618 0.481804 9.9982E-05 9.9982E-05
0.188137 0.0898253 0.692648 0.00688831 0.0225017
0.150461 0.129419 0.678003 0.0420178 9.9991E-05
0.0931135 0.165425 0.723038 0.0183231 9.9991E-05
0.302144 0.132276 0.479979 9.9991E-05 0.0855015
0.0251354 0.140544 0.752744 0.0645331 0.0170433
0.273158 0.307421 0.403859 0.0154616 9.9991E-05
0.0722441 0.0634034 0.823639 9.9991E-05 0.0406139
0.855965 0.131633 0.0122019 9.9982E-05 9.9982E-05
0.978382 0.0213181 9.9973E-05 9.9973E-05 9.9973E-05
0.919689 9.9982E-05 0.0496213 0.0304898 9.9982E-05
0.799904 9.9991E-05 0.084083 0.0142998 0.101613
0.820917 0.103239 9.9991E-05 0.0231078 0.0526364
9.9991E-05 0.307098 0.635028 0.0179045 0.0398689
0.169334 0.150141 0.650739 0.0264141 0.00337233
9.9973E-05 0.0942451 9.9973E-05 9.9973E-05 0.905455
0.0515315 0.0252699 0.0784613 0.0388415 0.805896
9.9982E-05 9.9982E-05 0.129271 0.0217212 0.848808
0.00372431 0.358094 9.9991E-05 0.0103416 0.62774
9.9991E-05 0.0214756 0.0565198 0.0609084 0.860996
0.119706 9.9991E-05 0.0515464 0.000957277 0.82769
9.9991E-05 0.0472625 0.0323476 0.0218163 0.898474
0.0500572 0.127704 9.9991E-05 0.0101383 0.812001
0.0515645 0.0979529 9.9982E-05 9.9982E-05 0.850283
0.0323437 0.020445 0.0614298 0.0148759 0.870906
9.9991E-05 0.0791926 0.0713755 0.0292023 0.82013
0.0273983 0.0918413 0.0887286 0.0480302 0.744002
0.0171544 0.00738618 0.128796 0.0250262 0.821637
0.0405533 9.9991E-05 0.05521 0.0219848 0.882152
9.9991E-05 0.16121 0.00485021 0.0129562 0.820884
9.9982E-05 9.9982E-05 0.092072 0.0235529 0.884175
0.0213835 0.0397525 0.0697688 0.0203149 0.84878
9.9973E-05 0.892169 9.9973E-05 9.9973E-05 0.107531
9.9973E-05 0.893915 0.105785 9.9973E-05 9.9973E-05
9.9982E-05 0.076204 0.0618664 9.9982E-05 0.86173
9.9982E-05 9.9982E-05 0.272527 0.021868 0.705405
0.0036473 0.134478 9.9991E-05 0.00512737 0.856647
9.9982E-05 0.783289 0.11686 9.9982E-05 0.099651
9.9991E-05 0.00904389 0.958991 0.000759788 0.0311052
0.206844 0.021116 0.72331 0.0486291 9.9991E-05
0.475349 0.294145 0.230305 9.9982E-05 9.9982E-05
0.651302 0.0474594 0.301038 9.9982E-05 9.9982E-05
0.799913 0.198091 9.9982E-05 0.00179633 9.9982E-05
0.837256 0.136444 0.0260998 9.9982E-05 9.9982E-05
0.781329 0.0870298 0.124621 0.00692098 9.9991E-05
0.795385 0.17324 0.00377638 0.027499 9.9991E-05
0.826094 0.0503292 9.9991E-05 0.0259555 0.0975212
0.773766 9.9991E-05 0.0821464 0.0584648 0.085523
0.0841562 0.08365 0.821089 0.00539309 0.00571171
0.0505153 0.108782 0.739759 0.0494283 0.051515
9.9991E-05 0.0965824 0.810895 0.0414835 0.0509388
9.9982E-05 0.236527 0.757246 9.9982E-05 0.00602691
9.9982E-05 0.112249 0.883067 0.00448416 9.9982E-05
9.9982E-05 0.31848 0.65804 9.9982E-05 0.0232799
0.15524 0.210528 0.615034 0.0190979 9.9991E-05
0.215439 0.252881 0.475406 0.0101723 0.0461026
0.0851872 0.220797 0.654849 0.0390663 9.9991E-05
0.157902 0.145611 0.635951 0.0120389 0.0484975
0.112365 0.11883 0.682208 0.0481902 0.0384068
0.678877 0.0448675 0.0732271 0.155204 0.047825
0.0130223 0.233002 0.0371098 0.0245343 0.692331
0.0971369 0.0816138 9.9991E-05 0.0315481 0.789601
0.0254451 0.0797112 9.9991E-05 0.0223059 0.872438
9.9991E-05 0.136155 0.152222 0.0165269 0.694996
0.11238 0.0286216 0.0228074 0.0389259 0.797265
0.269965 0.0972491 0.456774 0.0416335 0.134378
0.339199 0.100443 0.523854 0.0192111 0.0172925
0.117315 9.9991E-05 0.814514 0.0584049 0.00966673
0.25239 0.158312 0.531532 0.0576653 9.9991E-05
