0.0721338 0.0186338 9.9991E-05 0.181085 0.726539 0.00150761
0.125934 0.138462 9.9991E-05 0.044766 0.666819 0.0239189
0.155621 0.0515837 9.9991E-05 0.0747646 0.688091 0.0298401
0.0269077 0.128477 0.0875388 9.9991E-05 0.744763 0.0122135
9.9973E-05 9.9973E-05 9.9973E-05 0.117953 0.873525 0.00822208
9.9964E-05 9.9964E-05 9.9964E-05 0.226262 0.773338 9.9964E-05
0.028418 0.15184 9.9982E-05 0.117277 0.702265 9.9982E-05
9.9982E-05 0.191346 0.0239629 9.9982E-05 0.741983 0.0425089
0.15945 0.0403223 0.0677003 0.0903479 0.620773 0.0214066
0.235808 0.260479 0.0297725 0.0241536 0.424652 0.0251345
0.0572555 0.450906 0.135285 9.9991E-05 0.325488 0.0309651
0.219634 0.173891 0.0741573 0.0282215 0.467596 0.0364999
0.0736622 0.738631 0.0316829 0.0856255 0.0229071 0.0474912
0.230232 0.291591 0.116647 9.9982E-05 0.36133 9.9982E-05
0.164326 9.9991E-05 0.0536125 0.0925605 0.651598 0.0378028
0.105218 0.166827 9.9991E-05 0.0700942 0.625208 0.0325529
0.266585 0.101689 0.0781351 9.9982E-05 0.553391 9.9982E-05
0.0345901 0.0227027 9.9991E-05 0.0602678 0.854093 0.0282469
0.507419 0.213023 0.0697082 0.108798 0.0372915 0.0637595
0.724108 0.260707 9.9973E-05 9.9973E-05 0.0148852 9.9973E-05
0.742699 9.9982E-05 0.067303 9.9982E-05 0.182705 0.00709312
0.794414 0.114885 9.9973E-05 0.0904011 9.9973E-05 9.9973E-05
0.875894 0.029589 9.9982E-05 0.0359152 9.9982E-05 0.0584022
0.73341 9.9991E-05 0.0687519 0.00213902 0.157385 0.038214
0.719503 0.14188 9.9973E-05 9.9973E-05 0.138317 9.9973E-05
0.868737 0.057842 9.9991E-05 0.039695 0.0205995 0.013026
0.835248 9.9982E-05 0.0813653 0.0466598 9.9982E-05 0.0365272
0.846613 9.9982E-05 0.032987 0.0870083 9.9982E-05 0.0331921
0.863967 9.9973E-05 9.9973E-05 0.0614303 0.0743025 9.9973E-05
0.835454 9.9982E-05 0.0515774 0.0970811 0.0156871 9.9982E-05
0.861521 9.9973E-05 9.9973E-05 0.121895 0.0162841 9.9973E-05
0.829136 9.9982E-05 0.113507 9.9982E-05 0.0359255 0.0212321
0.809438 0.0171683 9.9991E-05 0.041192 0.0721996 0.0599022
0.175669 0.347665 9.9982E-05 9.9982E-05 0.403346 0.07312
0.257772 9.9973E-05 0.108014 9.9973E-05 0.633914 9.9973E-05
0.0773584 9.9973E-05 9.9973E-05 0.191446 0.730895 9.9973E-05
0.0224869 0.101501 9.9991E-05 0.0834652 0.739177 0.0532692
0.158903 0.217349 0.115443 0.0536586 0.454547 9.9991E-05
9.996E-05 9.996E-05 9.996E-05 9.996E-05 9.996E-05 0.9995
0.777301 0.159908 0.0149703 0.011216 9.9991E-05 0.0365051
0.113699 9.9982E-05 9.9982E-05 0.209338 0.665192 0.0115705
0.156505 0.18922 0.0438168 9.9982E-05 0.610258 9.9982E-05
0.283953 0.252631 9.9991E-05 0.20552 0.231748 0.0260485
0.08724 0.603885 0.116297 0.0234273 0.102135 0.0670164
0.00105661 0.931173 9.9982E-05 0.0553564 9.9982E-05 0.0122139
9.996E-05 9.996E-05 9.996E-05 9.996E-05 9.996E-05 0.9995
0.21857 0.235233 0.092884 9.9991E-05 0.370359 0.0828542
0.148811 0.440624 9.9982E-05 0.159795 0.250571 9.9982E-05
0.336149 0.17856 0.051565 0.0654546 0.34478 0.0234914
9.9991E-05 0.0700148 0.231309 0.645557 0.0216102 0.0314091
0.00876532 0.106191 0.469045 0.394286 9.9991E-05 0.0216122
9.9973E-05 9.9973E-05 0.548394 0.344045 0.107261 9.9973E-05
9.9991E-05 0.105376 0.459069 0.349101 0.0354047 0.0509499
0.0345655 9.9982E-05 0.62979 0.281809 9.9982E-05 0.0536358
0.0637706 9.9973E-05 0.638517 0.297412 9.9973E-05 9.9973E-05
9.9982E-05 0.0117255 0.756349 0.0708332 0.160892 9.9982E-05
0.0163208 0.0805945 0.448477 0.438907 0.0140183 0.00168241
9.996E-05 9.996E-05 9.996E-05 0.9995 9.996E-05 9.996E-05
9.9982E-05 9.9982E-05 0.66041 0.238505 0.0622757 0.0386083
9.9991E-05 0.131699 0.346454 0.347473 0.113052 0.0612222
9.996E-05 9.996E-05 9.996E-05 0.9995 9.996E-05 9.996E-05
0.0715215 0.0591576 0.40925 0.389424 0.070547 9.9991E-05
0.00136983 0.540523 0.200735 0.209772 9.9991E-05 0.0475001
0.729554 0.0111553 0.113432 9.9991E-05 0.123486 0.0222724
0.754684 0.111009 0.00851144 0.000171758 0.094785 0.0308388
0.766006 9.9982E-05 9.9982E-05 0.0276461 0.189932 0.0162158
0.0340671 0.150369 0.605439 0.169611 0.0404147 9.9991E-05
9.9982E-05 0.380315 0.331647 0.196731 9.9982E-05 0.0911066
0.0231764 0.0689031 0.717962 0.139262 0.0470377 0.00365901
0.00378204 0.193424 0.577979 0.176284 9.9991E-05 0.0484312
9.9982E-05 9.9982E-05 0.596677 0.295226 0.0604598 0.0474375
9.9991E-05 0.671884 0.0658683 0.112819 0.135458 0.0138716
0.0368791 0.786395 9.9991E-05 0.0951821 0.0799285 0.0015148
9.9973E-05 0.795013 9.9973E-05 0.180024 0.0246625 9.9973E-05
9.9973E-05 0.982953 0.000857164 9.9973E-05 9.9973E-05 0.0158901
0.0805726 0.825519 0.0518571 0.00541095 9.9991E-05 0.0365405
9.9973E-05 0.892572 9.9973E-05 0.0882227 9.9973E-05 0.0189057
0.0415143 0.828587 0.0242622 0.0301103 0.0499955 0.0255308
9.9982E-05 0.283032 0.532939 0.177872 0.00595667 9.9982E-05
9.9991E-05 0.342497 0.244315 0.249149 0.0356561 0.128283
0.065732 0.0751219 0.434733 0.405685 9.9991E-05 0.0186278
0.106136 0.0165461 0.556796 0.268528 9.9991E-05 0.0518937
9.9982E-05 9.9982E-05 0.677884 0.128816 0.161209 0.031891
0.656211 0.276848 0.0415541 9.9982E-05 9.9982E-05 0.0251872
0.100129 0.550057 0.111946 0.216305 0.021462 9.9991E-05
9.9982E-05 0.838819 0.136429 0.0234994 0.00105317 9.9982E-05
9.996E-05 9.996E-05 9.996E-05 9.996E-05 9.996E-05 0.9995
0.121228 0.178362 9.9982E-05 0.0862232 0.613987 9.9982E-05
0.173974 0.118818 9.9991E-05 0.00653237 0.685936 0.0146398
0.210524 0.202377 9.9991E-05 0.114685 0.446577 0.0257376
0.208978 0.286672 0.0491519 0.0496522 0.368695 0.0368506
0.0407879 0.0788966 0.122148 0.0169432 0.741124 9.9991E-05
9.9964E-05 0.736603 9.9964E-05 0.262997 9.9964E-05 9.9964E-05
0.560646 0.176376 9.9991E-05 0.0694219 0.142989 0.050467
9.9982E-05 0.696772 0.169929 0.0462822 9.9982E-05 0.0868166
0.272458 0.326458 0.12626 9.9991E-05 0.259945 0.0147795
0.12083 9.9973E-05 9.9973E-05 0.109832 0.769038 9.9973E-05
0.0318893 0.31523 0.0355839 9.9982E-05 0.617097 9.9982E-05
0.173045 0.304209 9.9973E-05 9.9973E-05 0.522446 9.9973E-05
9.99871E-05 0.323601 9.99871E-05 0.0844825 0.566778 0.0249385
0.0128602 0.381286 9.9982E-05 9.9982E-05 0.593927 0.0117268
0.0505734 0.322365 9.9982E-05 9.9982E-05 0.600421 0.0264414
0.0490543 0.599829 0.176804 0.122885 0.0292936 0.0221348
9.9982E-05 0.622649 9.9982E-05 0.156571 0.122169 0.0984108
9.9991E-05 0.658991 0.1877 0.0260596 0.0749414 0.0522076
0.258306 0.606303 0.0259167 9.9982E-05 0.109274 9.9982E-05
0.160907 0.48235 0.141563 9.9982E-05 0.21498 9.9982E-05
0.396792 9.9973E-05 0.166254 9.9973E-05 0.436654 9.9973E-05
9.9982E-05 9.9982E-05 0.649982 0.21323 0.120122 0.0164666
0.00851954 0.192329 0.488499 0.286576 9.9991E-05 0.0239758
0.165923 0.57012 0.203075 0.0375182 0.0222464 0.00111739
0.0875571 0.4735 9.9991E-05 0.232938 0.17543 0.0304751
0.199831 0.48234 9.9991E-05 0.191326 0.077649 0.0487539
0.687353 0.312247 9.9964E-05 9.9964E-05 9.9964E-05 9.9964E-05
0.0431262 0.240863 0.671528 0.0202292 9.9991E-05 0.0241537
9.9982E-05 0.258398 0.390571 0.348186 0.00264429 9.9982E-05
9.9982E-05 0.389573 0.329016 0.237509 0.0437022 9.9982E-05
0.525675 9.9991E-05 0.00682035 0.0944314 0.324124 0.0488494
0.242969 9.9991E-05 0.0565314 0.0634035 0.633001 0.003995
0.0268729 0.188062 0.0174582 0.0836253 0.661299 0.0226824
0.056192 0.00420569 0.166023 0.0164481 0.757031 9.9991E-05
0.371058 0.00768425 9.9982E-05 0.085166 0.535892 9.9982E-05
0.0935653 0.12148 9.9991E-05 0.0999632 0.660394 0.0244974
0.0902045 0.0639573 0.0901442 9.9982E-05 0.755494 9.9982E-05
0.00759545 9.9982E-05 0.0764286 0.0907769 0.824999 9.9982E-05
0.338983 0.13071 0.08632 9.9982E-05 0.443787 9.9982E-05
0.187872 0.0982329 0.0714579 9.9982E-05 0.642237 9.9982E-05
0.189219 0.156751 9.9991E-05 0.0172995 0.608444 0.0281863
0.0914382 0.246631 9.9991E-05 0.00286441 0.621379 0.0375874
0.266159 0.0807754 0.0661461 0.0833515 0.503468 9.9991E-05
0.0195382 0.142071 0.0990325 9.9991E-05 0.70858 0.0306787
0.230302 0.390734 9.9991E-05 0.0288134 0.343387 0.00666324
0.06321 0.0617034 0.0796783 0.0299133 0.757174 0.00832136
0.796713 0.201612 9.9973E-05 0.00137496 9.9973E-05 9.9973E-05
0.924665 0.00819714 9.9973E-05 9.9973E-05 0.0668377 9.9973E-05
0.90493 9.9973E-05 9.9973E-05 9.9973E-05 0.0365997 0.0581703
0.741569 0.0848021 0.0922587 0.0107044 0.0654055 0.00526003
0.827867 0.115379 0.000840704 0.0557135 9.9982E-05 9.9982E-05
9.9982E-05 0.244042 0.178727 9.9982E-05 0.559347 0.0176841
0.109974 0.136362 9.9991E-05 0.0460921 0.691248 0.0162247
9.9964E-05 9.9964E-05 0.217358 0.782242 9.9964E-05 9.9964E-05
0.0114957 0.0169053 0.967781 9.9982E-05 9.9982E-05 0.00361848
0.000399937 9.9991E-05 0.767158 0.185081 0.0409527 0.00630798
0.0151047 0.287203 0.591866 0.105627 9.9982E-05 9.9982E-05
9.9982E-05 9.9982E-05 0.6415 0.320523 0.0200979 0.0176791
0.115296 0.0222407 0.48214 0.378372 9.9991E-05 0.00185042
9.9982E-05 0.00603502 0.843789 0.126843 9.9982E-05 0.0231331
0.0482695 9.9973E-05 0.534426 0.417004 9.9973E-05 9.9973E-05
0.0355281 0.0466607 0.756688 0.160923 9.9982E-05 9.9982E-05
0.0810861 9.9973E-05 0.64211 0.276504 9.9973E-05 9.9973E-05
9.9982E-05 0.0635289 0.768486 0.125527 9.9982E-05 0.042258
0.0122898 0.00343299 0.668433 0.210914 0.051072 0.0538587
0.0714648 9.9991E-05 0.709642 0.187254 0.027733 0.00380625
0.0455965 9.9982E-05 0.669168 0.277757 9.9982E-05 0.00727777
9.9991E-05 0.12056 0.528189 0.326957 0.01108 0.0131145
9.9982E-05 9.9982E-05 0.647552 0.303384 0.0334883 0.015376
0.0152128 9.9973E-05 0.818223 0.166265 9.9973E-05 9.9973E-05
0.0289381 0.774743 0.196019 9.9973E-05 9.9973E-05 9.9973E-05
9.9973E-05 0.890617 9.9973E-05 0.00133186 0.107751 9.9973E-05
9.9973E-05 0.0625048 0.825329 0.111867 9.9973E-05 9.9973E-05
9.9982E-05 9.9982E-05 0.488682 0.27321 0.201257 0.0366513
9.996E-05 9.996E-05 9.996E-05 0.9995 9.996E-05 9.996E-05
9.9973E-05 0.57872 9.9973E-05 0.27775 0.143231 9.9973E-05
9.9982E-05 0.0798542 0.075802 9.9982E-05 0.838295 0.00584879
0.212606 9.9982E-05 0.0718108 9.9982E-05 0.694771 0.0206122
0.434942 0.168922 9.9982E-05 0.107068 0.288868 9.9982E-05
0.618449 0.0942032 0.024867 9.9982E-05 0.262281 9.9982E-05
0.7382 0.165258 0.0215802 0.025473 0.0477219 0.00176733
0.832025 9.9964E-05 9.9964E-05 0.167575 9.9964E-05 9.9964E-05
0.730557 0.154612 9.9982E-05 9.9982E-05 0.112839 0.00179225
0.739804 0.00900918 0.00070372 0.0799872 0.146853 0.0236423
0.744817 0.109876 0.0111967 0.0914304 0.00982092 0.0328584
0.801762 9.9982E-05 0.130797 9.9982E-05 0.007748 0.0594933
0.0977079 0.0822646 9.9991E-05 0.102343 0.703875 0.0137091
0.0459354 0.0878554 0.0380533 0.0907068 0.670887 0.0665626
9.9982E-05 0.139261 9.9982E-05 0.0968639 0.719173 0.0445021
9.9973E-05 0.272903 0.0855626 9.9973E-05 0.641235 9.9973E-05
9.9982E-05 0.162455 9.9982E-05 0.0771531 0.730759 0.0294335
0.0123489 0.428862 9.9982E-05 0.0635909 0.494999 9.9982E-05
0.205926 0.230224 9.9991E-05 0.0332267 0.517775 0.0127477
0.197639 0.251641 0.00575813 0.0909454 0.453916 9.9991E-05
0.0219509 0.243235 0.0460213 9.9991E-05 0.626577 0.0621161
0.155817 0.077649 0.130818 9.9991E-05 0.621041 0.0145755
0.139997 0.0876458 0.103194 9.9991E-05 0.638722 0.0303417
0.666739 0.0291477 0.121419 9.9991E-05 0.0513171 0.131277
9.9982E-05 0.126201 0.194256 0.668772 9.9982E-05 0.0105704
0.0590596 0.0380246 0.577805 0.291607 9.9991E-05 0.0334034
9.9964E-05 0.0822718 0.917328 9.9964E-05 9.9964E-05 9.9964E-05
0.012414 0.173763 0.761057 0.00918029 0.0213775 0.0222082
0.0707275 0.00571464 0.663066 0.213043 0.0284322 0.0190175
0.249919 0.102697 0.112629 0.0819995 0.420835 0.0319213
0.286611 0.195878 0.0508573 9.9991E-05 0.418734 0.0478195
0.090206 9.9982E-05 0.0758371 9.9982E-05 0.760916 0.072841
0.277346 0.29716 9.9982E-05 9.9982E-05 0.394241 0.0310524
