9.9991E-05 0.206849 0.00361781 0.640668 0.148765
0.000254085 0.112384 0.0344869 0.814746 0.0381294
0.00452202 0.232947 0.0198892 0.588855 0.153787
9.9973E-05 9.9973E-05 9.9973E-05 0.760298 0.239402
0.0702198 9.9982E-05 0.00758891 0.921991 9.9982E-05
0.0316442 9.9991E-05 0.00437622 0.850924 0.112956
0.0544873 0.0602528 9.9991E-05 0.801331 0.0838291
9.999E-05 0.020491 0.0431822 0.828375 0.107851
0.106314 0.173096 0.03417 0.68632 9.9991E-05
9.999E-05 0.242648 0.0408755 0.497696 0.21868
0.0934594 0.11628 0.0381713 0.343134 0.408955
0.00977392 0.157589 0.0400013 0.524887 0.267749
9.9991E-05 0.0246387 0.0250122 0.0118687 0.93838
0.0707149 0.204575 9.9991E-05 0.48146 0.24315
0.0880458 0.254765 0.0397911 0.617298 9.9991E-05
9.999E-05 0.10679 0.00963179 0.659298 0.224181
0.0543885 0.185121 9.9991E-05 0.747755 0.0126359
0.00800806 0.0691118 0.0365212 0.886259 9.9991E-05
0.0909062 0.532256 0.0598718 0.0869659 0.23
9.9982E-05 0.696593 9.9982E-05 0.0994058 0.203801
0.0643621 0.695814 0.00914189 0.221074 0.00960831
0.0741362 0.895457 0.00516466 0.0251419 9.9991E-05
0.0158355 0.860626 0.0622242 9.9991E-05 0.0612146
0.0240452 0.815852 0.0393486 0.120654 9.9991E-05
0.0281607 0.737946 9.9991E-05 0.231321 0.0024726
9.9973E-05 0.930638 9.9973E-05 0.069062 9.9973E-05
0.113556 0.856198 0.0300456 9.9982E-05 9.9982E-05
0.121071 0.838184 0.0250665 0.0155786 9.9991E-05
0.0390024 0.960698 9.9973E-05 9.9973E-05 9.9973E-05
0.102207 0.872416 9.9982E-05 0.025177 9.9982E-05
0.0796187 0.919038 0.00114313 9.9982E-05 9.9982E-05
0.0460699 0.823723 0.0431723 0.0869351 9.9991E-05
0.0270355 0.826859 0.0578374 0.0467997 0.0414682
9.9991E-05 0.174246 0.0868695 0.445352 0.293432
0.0458945 0.28695 9.9991E-05 0.655225 0.0118306
0.134684 0.126945 9.9991E-05 0.715236 0.0230357
0.0158939 0.0627157 0.0355727 0.695531 0.190287
0.103325 0.125367 0.00568798 0.553038 0.212582
9.997E-05 9.997E-05 0.9996 9.997E-05 9.997E-05
0.0140491 0.721943 0.0286232 9.9991E-05 0.235285
0.125539 0.170108 9.9982E-05 0.704152 9.9982E-05
9.9982E-05 0.190259 9.9982E-05 0.610791 0.198751
0.0845801 0.281449 0.00488856 0.277808 0.351275
0.120001 0.151232 0.0651902 0.0390122 0.624565
9.9991E-05 0.0321872 0.0216481 0.00355334 0.942511
9.997E-05 9.997E-05 0.9996 9.997E-05 9.997E-05
0.0236542 0.197704 0.0919525 0.461365 0.225325
0.107829 0.139881 9.9991E-05 0.335976 0.416215
0.0769748 0.28224 0.048231 0.379361 0.213193
0.77359 0.00391512 0.0191112 0.0217577 0.181626
0.795414 0.0564 0.00737105 9.9991E-05 0.140715
0.805049 0.0011343 9.9982E-05 0.193617 9.9982E-05
0.747072 0.00445465 0.050498 0.0852911 0.112684
0.848069 0.0721758 0.0532582 0.0263965 9.9991E-05
0.840394 0.114915 9.9982E-05 0.044491 9.9982E-05
0.735905 9.9973E-05 9.9973E-05 0.263795 9.9973E-05
0.827564 0.0173312 0.0108935 0.0749664 0.0692453
0.832995 0.107975 0.0536871 9.9991E-05 0.00524259
0.763492 9.9991E-05 0.0410041 0.102829 0.0925745
0.571103 9.9991E-05 0.0577624 0.0332638 0.337771
0.793713 0.0818886 9.9982E-05 9.9982E-05 0.124198
0.676282 0.0692117 9.9991E-05 0.0445335 0.209872
0.325563 9.9982E-05 0.0654538 9.9982E-05 0.608783
0.114497 0.759272 0.00102814 0.125103 9.9991E-05
0.0437507 0.827426 0.0272064 0.0928247 0.00879204
9.9982E-05 0.851774 0.0227212 0.125305 9.9982E-05
0.660259 9.9991E-05 0.0195226 0.15511 0.165009
0.456015 9.9982E-05 0.0765023 9.9982E-05 0.467283
0.763364 0.104851 0.00988104 0.0412936 0.0806099
0.663876 9.9982E-05 0.052343 9.9982E-05 0.283581
0.83881 0.037113 0.0481602 0.0632514 0.012665
0.104334 9.9991E-05 0.0106598 0.222338 0.662569
0.0839487 9.9991E-05 0.00306497 0.151182 0.761704
0.0464846 0.0349725 0.00773334 0.0279363 0.882873
9.9973E-05 9.9973E-05 0.0121875 9.9973E-05 0.987513
9.9982E-05 0.156907 0.0161296 9.9982E-05 0.826764
9.9973E-05 9.9973E-05 0.024423 9.9973E-05 0.975277
9.9991E-05 0.0642645 0.0272028 0.133488 0.774945
0.631505 9.9982E-05 9.9982E-05 0.119285 0.249011
0.385283 0.0183049 0.115413 0.0511246 0.429874
0.74514 0.0446439 0.0196132 9.9991E-05 0.190503
0.761621 0.0812611 0.0582037 9.9991E-05 0.0988145
0.755264 9.9982E-05 0.013085 0.231451 9.9982E-05
0.00282089 0.697109 0.0434737 0.0459057 0.210691
0.289133 0.126616 9.9991E-05 0.0832147 0.500936
0.141993 9.9982E-05 9.9982E-05 0.0561319 0.801676
9.997E-05 9.997E-05 0.9996 9.997E-05 9.997E-05
9.9982E-05 0.162309 9.9982E-05 0.691857 0.145634
9.9991E-05 0.198353 0.0466476 0.689399 0.0655
9.9991E-05 0.198489 0.0576843 0.533338 0.210388
0.102704 0.31853 0.0313363 0.340716 0.206714
0.0566469 0.0627359 9.9991E-05 0.815026 0.0654914
0.135098 9.9973E-05 9.9973E-05 9.9973E-05 0.864602
9.9991E-05 0.546572 0.055735 0.118385 0.279208
0.151342 9.9991E-05 0.0712543 0.0965441 0.68076
0.113866 0.284733 0.0141416 0.291974 0.295286
9.9991E-05 0.199777 0.00775241 0.743921 0.0484494
9.9982E-05 0.066497 9.9982E-05 0.71129 0.222013
0.00404637 0.169665 9.9991E-05 0.588491 0.237697
0.0630332 0.0276792 0.0229061 0.577374 0.309007
9.9982E-05 0.0308668 9.9982E-05 0.584077 0.384856
9.9991E-05 0.0976231 0.0123835 0.709102 0.180791
0.21084 0.0411167 0.0152558 0.15108 0.581708
0.09706 0.0795995 0.0861824 0.0321053 0.705053
0.151856 9.9991E-05 0.0958277 0.0166799 0.735537
9.9982E-05 0.217957 9.9982E-05 0.153483 0.628361
0.0773586 0.132398 9.9991E-05 0.284162 0.505982
0.0670584 0.4394 9.9982E-05 0.493341 9.9982E-05
0.772179 9.9982E-05 0.0121616 0.215459 9.9982E-05
0.72992 0.0449996 0.0203019 9.9991E-05 0.204679
0.17688 0.176054 0.00693881 0.0475591 0.592568
0.175998 0.0937593 0.0341396 0.148402 0.547701
0.0854832 0.232336 0.0584124 0.0231886 0.60058
9.9973E-05 0.743819 9.9973E-05 9.9973E-05 0.255881
0.596278 0.0443371 0.0143947 9.9991E-05 0.344891
0.699824 0.00559376 9.9991E-05 0.0850997 0.209383
0.518417 9.9982E-05 9.9982E-05 0.141915 0.339469
0.053744 0.454012 0.0652119 0.315525 0.111506
0.0703109 0.291432 0.00766806 0.630489 9.9991E-05
0.0781926 0.0720183 0.0412044 0.728265 0.0803195
0.105393 0.0510705 0.00374204 0.833315 0.00647977
9.9982E-05 0.438227 9.9982E-05 0.473302 0.0882711
9.9991E-05 0.182455 0.00507441 0.676316 0.136055
0.0136279 0.142481 0.00726506 0.726058 0.110568
0.0766312 9.9982E-05 0.0052804 0.917888 9.9982E-05
0.0428426 0.399602 9.9991E-05 0.470565 0.0868911
0.00582028 0.116499 9.9991E-05 0.777284 0.100297
9.9991E-05 0.131312 0.0376559 0.682456 0.148476
9.9991E-05 0.0667925 0.0107285 0.771095 0.151284
0.105588 0.24593 9.9991E-05 0.518229 0.130153
0.0514868 9.9991E-05 0.0461295 0.791991 0.110292
9.9991E-05 0.200452 0.0206437 0.391652 0.387152
0.036404 0.136232 9.9991E-05 0.717297 0.109967
9.9973E-05 0.88037 9.9973E-05 9.9973E-05 0.11933
9.9973E-05 0.917479 9.9973E-05 9.9973E-05 0.0822215
9.9982E-05 0.89745 0.0313812 0.0709685 9.9982E-05
0.096679 0.774493 0.00668668 0.122041 9.9991E-05
0.0351367 0.77509 0.0165342 0.0227359 0.150504
0.0726319 9.9991E-05 0.0197792 0.650374 0.257115
9.9991E-05 0.150326 0.0242974 0.652481 0.172795
0.911764 9.9973E-05 9.9973E-05 9.9973E-05 0.0879358
0.804298 0.0649367 0.02312 0.0900039 0.0176416
0.870231 9.9982E-05 0.0231841 0.106385 9.9982E-05
0.581135 0.0424942 0.00703164 0.0213078 0.348031
0.876615 9.9991E-05 0.0289115 0.0730439 0.0213295
0.836379 0.163321 9.9973E-05 9.9973E-05 9.9973E-05
0.870103 9.9991E-05 0.0126356 0.0331612 0.0840003
0.836232 0.123343 0.000807789 9.9991E-05 0.0395167
0.855278 0.0895789 9.9991E-05 0.0329254 0.0221179
0.893034 0.0737075 9.9982E-05 0.033058 9.9982E-05
0.802743 0.0150129 0.0594661 0.0659279 0.0568503
0.763655 0.00923868 0.0257893 0.157723 0.0435935
0.780605 9.9991E-05 0.0266063 0.144691 0.0479972
0.906529 0.051713 9.9991E-05 0.0160722 0.0255855
0.810925 0.0170948 0.0176553 0.00740036 0.146925
0.909285 9.9982E-05 0.0163274 0.0741872 9.9982E-05
0.899748 0.0355262 9.9982E-05 0.0645255 9.9982E-05
0.117682 9.9982E-05 9.9982E-05 0.0748821 0.807236
9.9973E-05 9.9973E-05 9.9973E-05 0.136231 0.863469
0.862687 9.9982E-05 9.9982E-05 0.0707995 0.0663138
0.705482 9.9982E-05 0.0148503 0.279468 9.9982E-05
0.800441 9.9982E-05 0.0111788 9.9982E-05 0.18818
0.110283 9.9991E-05 0.00951619 0.139957 0.740144
0.0283884 9.9982E-05 9.9982E-05 0.864081 0.10733
9.9991E-05 0.2403 0.0384765 0.714821 0.00630226
9.9982E-05 0.462916 9.9982E-05 0.291535 0.245349
0.019128 0.647027 9.9991E-05 0.275839 0.057906
9.9982E-05 0.787229 0.0100226 9.9982E-05 0.202549
0.0577902 0.864013 9.9991E-05 0.0291592 0.0489378
9.9991E-05 0.83835 0.0204477 0.0200807 0.121021
0.0644099 0.761526 0.0222558 0.103906 0.0479028
0.0978248 0.730449 0.03315 9.9991E-05 0.138477
0.0765256 0.808314 0.0389391 0.0761212 9.9991E-05
9.9991E-05 0.0690257 0.0173364 0.702667 0.210871
0.0388889 0.0525885 0.0638908 0.678013 0.166618
0.0220212 9.9991E-05 0.0422458 0.774283 0.16135
9.99731E-05 9.99731E-05 9.99731E-05 0.724191 0.275509
9.9982E-05 9.9982E-05 0.0464256 0.763497 0.189878
9.9973E-05 9.9973E-05 9.9973E-05 0.587894 0.411806
9.9991E-05 0.198195 0.0240313 0.578702 0.198972
0.047351 0.138565 0.00675052 0.537004 0.27033
9.9991E-05 0.107315 0.0564017 0.648717 0.187466
0.0658804 0.202991 0.00177845 0.60921 0.12014
0.0863806 0.110842 0.0104993 0.693901 0.0983772
0.0619189 0.698128 0.133543 0.00527999 0.10113
0.744032 0.0343391 0.0231745 0.0613801 0.137074
0.784386 0.0893909 0.0398155 9.9991E-05 0.0863079
0.852327 9.9991E-05 0.00422942 0.0100281 0.133315
0.707898 9.9991E-05 0.0365765 0.187611 0.0678149
0.789231 0.0535063 0.020204 0.136959 9.9991E-05
0.157744 0.252203 0.0608328 0.472817 0.056404
0.0134098 0.303138 0.0273232 0.56492 0.0912088
0.0476848 0.107848 0.0755286 0.768839 9.9991E-05
9.9991E-05 0.20878 0.068152 0.496475 0.226493
