0.200746 0.799154 9.9991E-05
0.126106 0.873794 9.9991E-05
0.255712 0.717658 0.0266302
0.0594219 0.901619 0.0389593
0.0391163 0.931632 0.0292519
0.047859 0.922672 0.0294693
0.135207 0.839235 0.0255582
0.0598639 0.936023 0.00411352
0.227779 0.702628 0.0695933
0.321867 0.651195 0.0269378
0.133269 0.63184 0.234891
0.289033 0.63803 0.0729362
0.131933 0.548456 0.319611
0.271842 0.622667 0.105491
0.253039 0.678636 0.0683254
0.184888 0.809074 0.00603799
0.231431 0.746147 0.0224227
0.129341 0.870559 9.9991E-05
0.621263 0.194835 0.183902
0.777595 0.197348 0.0250566
0.802077 0.197823 9.9991E-05
0.940301 9.9991E-05 0.0595989
0.9998 9.999E-05 9.999E-05
0.893151 0.0825366 0.024312
0.72016 0.27974 9.9991E-05
0.9998 9.999E-05 9.999E-05
0.94252 9.9991E-05 0.0573804
0.954073 9.9991E-05 0.0458268
0.9998 9.999E-05 9.999E-05
0.918707 0.0197657 0.0615268
0.984056 9.9991E-05 0.0158445
0.934033 0.0356648 0.0303019
0.975157 0.00451898 0.0203236
0.258551 0.704248 0.0372011
0.26737 0.708622 0.0240076
0.16698 0.792854 0.0401656
0.143255 0.831509 0.0252358
0.190953 0.666265 0.142782
0.633602 9.9991E-05 0.366298
0.914429 0.0219049 0.0636665
0.317538 0.590019 0.0924435
0.190004 0.809896 9.9991E-05
0.36107 0.443854 0.195076
0.238397 0.420787 0.340815
0.109984 0.562688 0.327328
0.583009 0.0401315 0.37686
0.33719 0.56705 0.0957597
0.139578 0.651708 0.208714
0.425593 0.415671 0.158735
0.0710141 0.121807 0.807179
0.0234242 0.0783032 0.898273
9.9991E-05 0.154312 0.845588
0.051409 0.105724 0.842867
0.0911524 9.9991E-05 0.908748
0.0542262 9.9991E-05 0.945674
9.9991E-05 0.207974 0.791926
0.0531444 0.0229589 0.923897
0.0860934 9.9991E-05 0.913807
9.9991E-05 0.113087 0.886813
9.9991E-05 0.246088 0.753812
0.0602874 9.9991E-05 0.939613
0.06861 0.110563 0.820827
0.107731 0.333585 0.558684
0.840815 0.124651 0.034534
0.827659 0.141285 0.031056
0.884126 0.115774 9.9991E-05
0.0532238 0.130295 0.816481
0.0326193 0.257724 0.709657
0.0927613 0.0427832 0.864455
0.0838197 0.0288459 0.887334
0.0194071 0.0834101 0.897183
9.9991E-05 0.632399 0.367501
0.0529768 0.628241 0.318782
0.0309297 0.585254 0.383816
0.0440729 0.628381 0.327546
0.152856 0.513982 0.333163
0.0733203 0.546765 0.379915
0.166194 0.564531 0.269276
9.9991E-05 0.232357 0.767543
0.106845 0.279664 0.613491
0.0908944 0.0395691 0.869537
0.106112 9.9991E-05 0.893788
9.9991E-05 0.212788 0.787112
0.80948 0.12032 0.0702001
0.0960743 0.435041 0.468885
9.9991E-05 0.599928 0.399972
0.614373 9.9991E-05 0.385527
0.267161 0.732739 9.9991E-05
0.2156 0.7843 9.9991E-05
0.252875 0.672357 0.0747678
0.305456 0.544774 0.149771
0.142289 0.811128 0.0465825
0.0299061 0.501106 0.468988
0.731839 0.217913 0.0502481
0.0647279 0.509429 0.425843
0.330125 0.531373 0.138502
0.245759 0.754141 9.9991E-05
0.0911778 0.898783 0.0100396
0.190473 0.799326 0.0102011
0.0937937 0.828532 0.0776739
0.0182023 0.981698 9.9991E-05
0.153459 0.846441 9.9991E-05
0.107941 0.406405 0.485654
0.135424 0.46969 0.394886
0.100176 0.454804 0.44502
0.314028 0.572217 0.113755
0.23222 0.530315 0.237465
0.528176 0.432128 0.0396966
0.0676822 0.0934907 0.838827
0.0262334 0.173041 0.800725
0.175499 0.448925 0.375576
0.144308 0.525821 0.329871
0.298707 0.388804 0.312489
0.862404 0.122284 0.0153118
0.144903 0.0321062 0.822991
0.038783 0.128935 0.832282
9.9991E-05 0.33253 0.66737
0.56979 0.36788 0.0623298
0.302515 0.697385 9.9991E-05
0.0640674 0.862924 0.0730086
0.0573758 0.877696 0.0649279
0.476966 0.522934 9.9991E-05
0.224652 0.775248 9.9991E-05
0.152915 0.846985 9.9991E-05
9.9991E-05 0.966752 0.0331481
0.417875 0.582025 9.9991E-05
0.183603 0.816297 9.9991E-05
0.216037 0.783863 9.9991E-05
0.142236 0.857664 9.9991E-05
0.321992 0.561362 0.116646
0.137472 0.813553 0.0489755
0.35455 0.604234 0.0412157
0.0846277 0.908972 0.00640039
0.953461 9.9991E-05 0.0464387
0.940169 0.0597309 9.9991E-05
0.9998 9.999E-05 9.999E-05
0.843 0.0894763 0.0675236
0.904133 0.078978 0.0168893
0.0197802 0.861613 0.118607
0.214634 0.785266 9.9991E-05
9.999E-05 9.999E-05 0.9998
0.0706633 0.0234009 0.905936
0.0407862 9.9991E-05 0.959114
0.0828455 0.112544 0.80461
9.9991E-05 0.0682103 0.93169
0.134995 9.9991E-05 0.864905
9.9991E-05 0.0211942 0.978706
0.120908 9.9991E-05 0.878992
0.0639384 9.9991E-05 0.935962
0.0783598 9.9991E-05 0.92154
9.9991E-05 0.0721032 0.927797
0.0638534 0.0773763 0.85877
0.0522197 0.0770385 0.870742
0.0365214 9.9991E-05 0.963379
0.0622339 0.0283847 0.909381
9.9991E-05 0.0771133 0.922787
0.0802658 9.9991E-05 0.919634
0.0428408 0.583675 0.373484
0.0693756 0.679524 0.251101
9.9991E-05 0.0677947 0.932105
0.0548737 0.224992 0.720135
0.0192313 9.9991E-05 0.980669
9.9991E-05 0.627968 0.371932
0.001901 0.997999 9.9991E-05
0.310727 0.689173 9.9991E-05
0.497558 0.463576 0.0388658
0.671475 0.321395 0.00712968
0.808618 0.186186 0.00519583
0.91912 0.0185703 0.0623097
0.837596 0.162304 9.9991E-05
0.79547 0.186381 0.0181493
0.837315 0.0343583 0.128327
0.92488 0.0125575 0.062563
0.159664 0.827653 0.0126832
0.12611 0.810209 0.0636812
9.9991E-05 0.922328 0.0775724
9.9991E-05 0.975959 0.0239409
9.9991E-05 0.977834 0.0220659
0.0344615 0.89161 0.0739289
0.258755 0.728242 0.0130034
0.246779 0.680459 0.0727615
0.171083 0.752081 0.0768362
0.201643 0.756378 0.041979
0.17363 0.782035 0.0443356
0.811444 0.00815397 0.180402
9.9991E-05 0.12448 0.87542
0.131337 9.9991E-05 0.868563
0.0513894 9.9991E-05 0.948511
0.0171724 0.186594 0.796233
0.113817 9.9991E-05 0.886083
0.300221 0.5232 0.176579
0.41738 0.575344 0.00727597
0.228386 0.771514 9.9991E-05
0.396396 0.603504 9.9991E-05
