0.123374 9.9991E-05 0.876526
0.120331 9.9991E-05 0.879569
0.283349 0.00738736 0.709263
0.0280117 0.0284627 0.943526
0.105026 0.00700632 0.887967
0.0107202 0.0130642 0.976216
0.100539 0.0509576 0.848504
0.0652825 9.9991E-05 0.934617
0.22076 0.0570379 0.722202
0.294689 0.0387386 0.666572
0.110906 0.206046 0.683049
0.329809 0.0927541 0.577437
0.128591 0.305653 0.565755
0.322359 0.122175 0.555465
0.311292 0.0220119 0.666696
0.144726 0.0151012 0.840173
0.245832 9.9991E-05 0.754068
0.156779 9.9991E-05 0.843121
0.642932 0.188528 0.16854
0.78245 0.0228754 0.194675
0.803579 9.9991E-05 0.196321
0.858108 0.0842336 0.0576586
0.9998 9.999E-05 9.999E-05
0.913014 0.0367932 0.0501926
0.668154 9.9991E-05 0.331746
0.9998 9.999E-05 9.999E-05
0.926155 0.0737447 9.9991E-05
0.954547 0.0453526 9.9991E-05
0.9998 9.999E-05 9.999E-05
0.924136 0.0751298 0.000734538
0.939242 0.0606575 9.9991E-05
0.902326 0.0500719 0.0476024
0.988855 0.0110454 9.9991E-05
0.269762 0.064599 0.665639
0.27811 0.0269498 0.69494
0.183781 0.052995 0.763224
0.0752739 0.0358864 0.88884
0.214599 0.131232 0.654168
0.598789 0.401111 9.9991E-05
0.832523 0.0804716 0.0870054
0.185248 0.093171 0.721581
0.139979 9.9991E-05 0.859921
0.326136 0.181302 0.492562
0.192347 0.34487 0.462783
0.0312695 0.315408 0.653323
0.609747 0.390153 9.9991E-05
0.315723 0.0966935 0.587584
0.155561 0.241008 0.603431
0.428813 0.0852248 0.485962
0.0885513 0.910494 0.000954584
0.0631222 0.936778 9.9991E-05
9.9991E-05 0.904321 0.0955788
9.9991E-05 0.849454 0.150446
0.101769 0.898131 9.9991E-05
0.042506 0.957394 9.9991E-05
9.9991E-05 0.804834 0.195066
0.0779619 0.912476 0.00956172
0.054144 0.945756 9.9991E-05
9.9991E-05 0.913549 0.0863506
9.9991E-05 0.787509 0.212391
0.0809204 0.91898 9.9991E-05
0.0968101 0.803326 0.0998637
0.0703107 0.580422 0.349267
0.81648 0.041023 0.142497
0.811392 0.0149917 0.173616
0.887172 9.9991E-05 0.112728
0.0157153 0.811659 0.172625
0.0455022 0.764236 0.190262
0.104482 0.828302 0.0672159
0.0741582 0.897809 0.0280332
0.00190285 0.90758 0.0905167
9.9991E-05 0.330357 0.669543
0.0571233 0.303954 0.638923
0.0543543 0.349062 0.596584
0.00305139 0.358607 0.638341
0.146565 0.261005 0.59243
0.0971702 0.345019 0.55781
0.178911 0.270484 0.550605
9.9991E-05 0.779597 0.220303
0.151195 0.597472 0.251333
0.0749578 0.860968 0.0640743
0.12435 0.87555 9.9991E-05
9.9991E-05 0.816733 0.183167
0.753263 0.0716037 0.175133
0.120624 0.458374 0.421002
9.9991E-05 0.399502 0.600398
0.574302 0.425598 9.9991E-05
0.165883 9.9991E-05 0.834017
0.215156 9.9991E-05 0.784744
0.211433 0.0287608 0.759806
0.291121 0.151989 0.556889
0.145593 0.0241147 0.830293
9.9991E-05 0.493972 0.505928
0.640631 0.0658885 0.29348
0.0427202 0.457001 0.500279
0.358731 0.167102 0.474167
0.262953 9.9991E-05 0.736947
0.0761661 0.0212768 0.902557
0.186214 9.9991E-05 0.813686
0.0740376 0.0762911 0.849671
0.0661729 0.0169503 0.916877
0.18208 9.9991E-05 0.81782
0.0729394 0.444342 0.482719
0.157887 0.412741 0.429372
0.107135 0.46679 0.426075
0.307163 0.122379 0.570458
0.163028 0.245197 0.591775
0.4792 0.0255897 0.495211
9.9991E-05 0.859846 0.140054
9.9991E-05 0.893529 0.106371
0.185324 0.381558 0.433118
0.112963 0.363122 0.523915
0.234608 0.332891 0.432501
0.833484 0.0406158 0.1259
0.115546 0.855616 0.0288378
9.9991E-05 0.800898 0.199002
9.9991E-05 0.631584 0.368316
0.590685 0.0621938 0.347121
0.286737 0.0260611 0.687202
0.0708963 0.0573641 0.87174
0.053733 0.0787536 0.867513
0.396625 9.9991E-05 0.603275
0.186149 9.9991E-05 0.813751
0.138035 9.9991E-05 0.861865
0.0999205 0.0303536 0.869726
0.403634 9.9991E-05 0.596266
0.178869 9.9991E-05 0.821031
0.251084 9.9991E-05 0.748816
0.168082 0.00249604 0.829422
0.287196 0.11082 0.601984
0.108987 0.0382601 0.852753
0.311 0.0619072 0.627092
0.081754 0.00515574 0.91309
0.886331 0.0262802 0.0873891
0.95088 9.9991E-05 0.0490199
0.9998 9.999E-05 9.999E-05
0.760544 0.0978381 0.141618
0.854221 0.0508362 0.0949424
0.010641 0.0826153 0.906744
0.208546 9.9991E-05 0.791355
9.999E-05 0.9998 9.999E-05
0.104888 0.895012 9.9991E-05
9.9991E-05 0.906354 0.0935464
0.120578 0.756183 0.123239
9.9991E-05 0.96905 0.0308495
0.133197 0.866703 9.9991E-05
9.9991E-05 0.999763 0.000137352
0.0444943 0.955406 9.9991E-05
0.0680192 0.928807 0.00317329
0.067471 0.932429 9.9991E-05
0.016261 0.924716 0.059023
0.0942952 0.83561 0.0700949
0.0752232 0.873608 0.0511684
0.0480952 0.951805 9.9991E-05
9.9991E-05 0.90806 0.09184
9.9991E-05 0.989616 0.0102842
0.0604712 0.939429 9.9991E-05
0.0236756 0.372476 0.603848
0.0720445 0.234188 0.693767
9.9991E-05 0.969475 0.030425
9.9991E-05 0.786034 0.213866
0.0292042 0.970696 9.9991E-05
9.9991E-05 0.36999 0.62991
9.999E-05 9.999E-05 0.9998
0.267264 9.9991E-05 0.732636
0.50341 0.0523297 0.44426
0.652112 9.9991E-05 0.347788
0.883196 0.0306393 0.086165
0.901088 0.00378899 0.0951228
0.819897 9.9991E-05 0.180003
0.816756 0.0366976 0.146546
0.759932 0.100574 0.139494
0.847956 0.0605872 0.0914569
0.175249 9.9991E-05 0.824651
0.147245 0.0477778 0.804977
9.9991E-05 0.0230395 0.97686
9.9991E-05 0.0462261 0.953674
9.999E-05 9.999E-05 0.9998
9.9991E-05 0.0819103 0.91799
0.290024 0.034369 0.675607
0.22896 0.100574 0.670466
0.117194 0.0273115 0.855494
0.193494 0.0482911 0.758215
0.136694 0.0622391 0.801067
0.830922 0.159219 0.00985962
0.0103466 0.878045 0.111609
0.112772 0.887128 9.9991E-05
0.0133347 0.976254 0.0104114
0.0164293 0.799782 0.183789
0.0929785 0.906622 0.000399678
0.289943 0.198508 0.51155
0.332378 0.00969553 0.657926
0.190145 9.9991E-05 0.809755
0.313446 0.0349749 0.651579
