0.145572 9.9973E-05 9.9973E-05 0.713662 0.140466 9.9973E-05
0.0230357 0.245374 9.9991E-05 0.638161 0.060988 0.0323419
0.146127 9.9982E-05 9.9982E-05 0.640777 0.190178 0.0227186
0.254975 0.0308481 9.9982E-05 0.696413 9.9982E-05 0.0175639
9.9982E-05 0.138031 0.0548384 0.787389 9.9982E-05 0.0195419
0.0605695 0.0312432 0.0875616 0.820426 9.9982E-05 9.9982E-05
0.0621994 0.38349 0.0475599 0.485806 0.0208456 9.9991E-05
0.124438 0.0939116 9.9991E-05 0.73598 0.0119761 0.0335942
9.999E-05 0.655627 0.0742282 0.19038 0.0633765 0.0162879
0.160143 0.406481 9.9991E-05 0.218545 0.178762 0.0359675
0.529582 0.260654 0.0216346 0.117908 0.0236768 0.0465444
0.128853 0.364931 0.0191278 0.275982 0.188271 0.0228342
0.74058 0.190827 0.0238908 9.9982E-05 9.9982E-05 0.0445021
0.116532 0.727668 0.0227516 9.9982E-05 0.132848 9.9982E-05
9.9991E-05 0.397741 0.06966 0.35768 0.137448 0.0373709
0.109229 0.522271 9.9991E-05 0.300745 0.0668711 0.000783244
9.9982E-05 0.445413 0.0360509 0.375549 0.142787 9.9982E-05
9.9982E-05 0.341278 9.9982E-05 0.625444 0.0117034 0.0213747
0.010051 0.1767 0.147193 0.134403 0.459116 0.0725374
0.0463624 0.288765 9.9982E-05 0.0450996 0.619573 9.9982E-05
9.999E-05 0.133308 0.0178741 0.219727 0.617871 0.0111203
0.173149 9.9982E-05 9.9982E-05 0.0415246 0.764348 0.0207784
0.0994336 9.9973E-05 9.9973E-05 9.9973E-05 0.836531 0.063735
9.999E-05 0.104382 0.00701421 0.16414 0.674965 0.049399
0.085485 0.0941058 0.0155524 0.178553 0.626204 9.9991E-05
9.9973E-05 9.9973E-05 9.9973E-05 0.13935 0.849194 0.0111563
0.0509713 0.0456209 0.0441405 9.9991E-05 0.836929 0.0222388
9.9982E-05 0.132454 0.0497492 9.9982E-05 0.797435 0.0201616
9.9964E-05 9.9964E-05 9.9964E-05 0.151874 0.847726 9.9964E-05
9.9973E-05 9.9973E-05 0.0902824 0.146253 0.763165 9.9973E-05
0.0624998 0.159227 0.0169461 9.9982E-05 0.761127 9.9982E-05
9.9982E-05 0.166094 0.0161425 9.9982E-05 0.80398 0.0135834
0.0850816 0.0808053 9.9982E-05 9.9982E-05 0.778171 0.0557424
0.163631 0.259681 9.9991E-05 0.402831 0.114087 0.0596712
0.0245025 0.180077 0.00664916 0.530906 0.25648 0.00138465
0.149699 9.9982E-05 0.0761863 0.653125 0.12079 9.9982E-05
0.266308 0.00280618 9.9991E-05 0.643054 0.0603301 0.027401
0.263352 0.294521 0.0378026 0.288513 0.115711 9.9991E-05
9.996E-05 9.996E-05 9.996E-05 9.996E-05 9.996E-05 0.9995
0.128474 9.9991E-05 0.0144315 0.0186823 0.804445 0.0338671
9.9973E-05 9.9973E-05 0.112949 0.764071 0.12268 9.9973E-05
0.129168 0.259096 9.9982E-05 0.482535 0.129002 9.9982E-05
0.210828 0.241826 0.122931 0.161018 0.263297 9.9991E-05
0.655578 0.128594 0.0986122 9.9991E-05 0.0995256 0.0175903
0.931909 9.9973E-05 9.9973E-05 0.048806 9.9973E-05 0.018985
9.996E-05 9.996E-05 9.996E-05 9.996E-05 9.996E-05 0.9995
0.211808 0.0831125 0.014338 0.406828 0.213467 0.0704463
0.348233 0.328171 0.0655047 0.148955 0.109036 9.9991E-05
0.069143 0.368073 0.0950525 0.184729 0.24222 0.0407819
0.152111 0.0886799 0.706236 9.9991E-05 0.0240119 0.0288604
0.0388776 0.147754 0.778946 9.9982E-05 9.9982E-05 0.034222
9.9973E-05 0.037855 0.777674 0.184171 9.9973E-05 9.9973E-05
0.118865 0.149189 0.685247 9.9982E-05 9.9982E-05 0.046499
9.9973E-05 0.156874 0.799526 9.9973E-05 9.9973E-05 0.0432997
9.9973E-05 0.145136 0.797224 9.9973E-05 0.0573403 9.9973E-05
9.9964E-05 0.322342 0.677258 9.9964E-05 9.9964E-05 9.9964E-05
0.0275752 0.200539 0.759391 9.9982E-05 9.9982E-05 0.0122945
9.9973E-05 9.9973E-05 0.829352 9.9973E-05 0.144991 0.0253573
0.0275515 0.109905 0.764349 0.0654533 9.9991E-05 0.0326411
0.23245 0.110363 0.587399 0.0539866 9.9991E-05 0.0157012
0.0959131 9.9973E-05 0.819626 9.9973E-05 0.0841605 9.9973E-05
0.218954 9.9982E-05 0.65158 0.0753934 0.0538724 9.9982E-05
0.542477 0.104719 0.303018 9.9982E-05 9.9982E-05 0.0495856
9.9991E-05 0.106094 0.0734559 0.114636 0.697738 0.0079767
0.00654046 0.0207055 0.0231536 0.145318 0.751028 0.0532543
9.9982E-05 0.00239113 9.9982E-05 0.184271 0.789225 0.0239123
0.179099 0.153615 0.628966 0.0116929 0.0214303 0.00519707
0.384337 0.0441959 0.497036 9.9982E-05 9.9982E-05 0.074231
0.156642 0.0698367 0.650795 0.0623925 0.0184439 0.0418897
0.195648 0.0354568 0.691417 9.9991E-05 0.0339909 0.0433876
9.9991E-05 0.11909 0.781341 0.058425 0.000362845 0.0406814
0.590668 0.257099 0.107835 0.0441984 9.9982E-05 9.9982E-05
0.58955 0.394922 0.0152278 9.9973E-05 9.9973E-05 9.9973E-05
0.754898 0.155891 0.0889113 9.9973E-05 9.9973E-05 9.9973E-05
0.984227 9.9973E-05 9.9973E-05 9.9973E-05 0.00463614 0.0108371
0.836886 9.9982E-05 9.9982E-05 0.000311137 0.116595 0.046008
0.957834 9.9973E-05 9.9973E-05 9.9973E-05 0.0107206 0.0311458
0.814843 9.9982E-05 9.9982E-05 0.0771921 0.0963877 0.0113768
0.279643 0.146111 0.573947 9.9973E-05 9.9973E-05 9.9973E-05
0.32019 0.0489264 0.392568 0.1096 9.9991E-05 0.128615
0.192164 9.9991E-05 0.664572 0.0671233 0.0669094 0.00913103
0.114392 0.0104213 0.70792 9.9991E-05 0.108291 0.0588758
9.9973E-05 0.317736 0.661969 9.9973E-05 9.9973E-05 0.0199944
0.0855535 0.262084 0.00464508 9.9991E-05 0.619089 0.0285285
0.568954 0.0254554 0.265428 9.9982E-05 0.139963 9.9982E-05
0.769635 0.0355862 0.0915006 0.103078 9.9982E-05 9.9982E-05
9.996E-05 9.996E-05 9.996E-05 9.996E-05 9.996E-05 0.9995
0.0986195 0.0310701 9.9982E-05 0.711094 0.159017 9.9982E-05
0.109108 0.139946 9.9991E-05 0.589852 0.142789 0.0182047
0.0451395 0.657056 9.9991E-05 0.155737 0.119062 0.0229055
0.155935 0.590196 0.023453 9.9991E-05 0.174114 0.056202
0.0774781 0.244783 0.0511216 0.555494 0.0710236 9.9991E-05
0.847927 9.9982E-05 0.139438 0.00341043 9.9982E-05 0.00902422
0.163431 0.105087 0.00472096 0.151787 0.542178 0.0327959
0.632047 9.9982E-05 0.172281 0.118045 9.9982E-05 0.0774265
0.272188 0.165576 0.0484487 0.207346 0.265507 0.0409342
9.9973E-05 0.428944 9.9973E-05 0.393975 0.176781 9.9973E-05
0.249232 0.119278 9.9982E-05 0.581697 0.0495932 9.9982E-05
0.194657 0.366153 9.9982E-05 0.346509 0.0924809 9.9982E-05
9.99718E-05 0.984528 0.0150724 9.99718E-05 9.99718E-05 9.99718E-05
0.349056 9.9973E-05 9.9973E-05 0.646617 9.9973E-05 0.00402697
0.0822713 0.902228 9.9973E-05 9.9973E-05 0.0152006 9.9973E-05
0.580389 9.9991E-05 0.215216 0.127652 0.0477031 0.0289399
0.483058 0.203682 0.173532 9.9991E-05 0.0506036 0.0890237
0.577484 0.0274652 0.187889 0.137061 9.9991E-05 0.07
0.524666 0.354479 9.9973E-05 9.9973E-05 0.120555 9.9973E-05
0.444874 0.335213 0.0622783 0.0199989 0.137536 9.9991E-05
9.9991E-05 0.276143 0.0399735 0.281372 0.400801 0.00160974
9.9973E-05 9.9973E-05 0.750458 0.229058 9.9973E-05 0.0201837
0.20924 9.9982E-05 0.693111 9.9982E-05 0.0904674 0.00698172
0.502355 9.9982E-05 0.209085 0.169915 0.118445 9.9982E-05
0.254334 0.445075 0.216808 9.9991E-05 0.0517333 0.0319503
0.309718 9.9991E-05 0.171796 0.246549 0.204522 0.0673153
0.279136 9.9973E-05 9.9973E-05 0.00932767 0.711236 9.9973E-05
0.274031 9.9982E-05 0.605176 9.9982E-05 0.0687676 0.0518246
0.231123 0.120247 0.648331 9.9973E-05 9.9973E-05 9.9973E-05
0.371615 0.0795158 0.452039 0.0966308 9.9982E-05 9.9982E-05
0.0150731 0.0449885 0.0918749 0.358338 0.436097 0.0536289
9.9991E-05 0.122923 0.0433321 0.552787 0.2743 0.00655797
0.117927 0.170303 0.0391029 0.663204 9.9991E-05 0.00936345
9.9982E-05 0.0240051 0.129495 0.746414 0.0998863 9.9982E-05
9.9973E-05 0.204342 9.9973E-05 0.488142 0.307216 9.9973E-05
0.0542205 0.100474 0.0168773 0.667457 0.145146 0.0158254
0.0292124 9.9991E-05 0.0392539 0.837765 0.0932516 0.000417461
9.9982E-05 0.16553 0.0633346 0.763047 9.9982E-05 0.00788897
0.155979 0.105128 9.9982E-05 0.380953 0.357739 9.9982E-05
9.9973E-05 0.867563 9.9973E-05 0.0909852 0.0411523 9.9973E-05
9.9973E-05 0.870255 9.9973E-05 9.9973E-05 0.104373 0.025072
9.9982E-05 0.823594 9.9982E-05 0.167602 0.0029757 0.00562805
0.0693425 0.188295 0.111283 0.408503 0.222476 9.9991E-05
9.9973E-05 0.828516 9.9973E-05 0.128105 9.9973E-05 0.043079
0.0822132 0.768667 9.9973E-05 9.9973E-05 0.148819 9.9973E-05
0.0312506 0.274216 0.0384851 0.622691 0.0332572 9.9991E-05
0.18212 9.9964E-05 9.9964E-05 9.9964E-05 0.81748 9.9964E-05
9.9964E-05 9.9964E-05 9.9964E-05 0.117793 0.881807 9.9964E-05
9.9973E-05 0.116323 9.9973E-05 9.9973E-05 0.858626 0.0247515
0.0655868 0.070705 0.0581248 0.0748763 0.730607 9.9991E-05
0.0558171 9.9991E-05 0.0459445 0.109603 0.753961 0.0345745
0.122081 0.263211 0.0801356 0.534372 9.9982E-05 9.9982E-05
0.149667 9.9982E-05 9.9982E-05 0.679762 0.135649 0.0347226
0.0565224 9.9973E-05 0.919328 0.0238498 9.9973E-05 9.9973E-05
0.0184354 0.165027 0.760586 9.9991E-05 0.0188953 0.0369571
9.9973E-05 9.9973E-05 0.845573 0.150469 0.00365802 9.9973E-05
0.328973 9.9991E-05 0.605968 0.0178396 0.0280661 0.0190538
9.9982E-05 0.0794997 0.800727 0.0941018 9.9982E-05 0.0254716
9.9982E-05 0.108173 0.778324 9.9982E-05 0.0955933 0.0177096
0.101337 9.9982E-05 0.83271 0.054881 9.9982E-05 0.0108727
0.140406 9.9982E-05 0.775744 0.0266043 0.0570458 9.9982E-05
0.108086 9.9982E-05 0.78862 0.049841 0.0532535 9.9982E-05
0.132457 9.9991E-05 0.77975 0.0395124 0.0299457 0.0182353
0.126031 0.0272212 0.759775 0.0378325 9.9991E-05 0.0490399
0.0398168 0.199562 0.703114 9.9991E-05 0.0159566 0.0414501
0.00939002 0.030848 0.771203 0.160453 0.0230613 0.00504391
9.9982E-05 0.0655892 0.849425 9.9982E-05 0.0703343 0.0144512
0.144246 9.9982E-05 0.76215 0.0885142 9.9982E-05 0.00488973
9.9973E-05 9.9973E-05 0.84647 0.140395 9.9973E-05 0.0128358
0.0168165 9.9991E-05 0.831227 0.0340651 0.09825 0.019541
0.748472 9.9991E-05 0.111814 0.0983192 0.0263422 0.0149519
0.775622 0.071919 9.9982E-05 0.105611 0.0466479 9.9982E-05
0.176743 9.9973E-05 0.783051 0.0399058 9.9973E-05 9.9973E-05
0.00746593 9.9982E-05 0.691909 0.293071 9.9982E-05 0.00735343
0.140662 9.9982E-05 0.807506 9.9982E-05 0.03061 0.0210213
0.5096 0.246787 0.146346 0.0970668 9.9982E-05 9.9982E-05
0.123782 9.9973E-05 9.9973E-05 0.839953 9.9973E-05 0.0359648
9.9991E-05 0.113945 0.0412925 0.703509 0.107484 0.0336699
0.168101 0.125684 0.0163529 0.24471 0.445052 9.9991E-05
0.0957544 0.143864 9.9982E-05 0.193388 0.566793 9.9982E-05
0.152343 0.13704 9.9982E-05 9.9982E-05 0.70584 0.00457682
9.9973E-05 0.133324 0.038039 9.9973E-05 0.828337 9.9973E-05
0.0562447 0.257488 9.9973E-05 9.9973E-05 0.685967 9.9973E-05
0.0646995 0.217598 0.00570629 9.9991E-05 0.707333 0.00456275
0.10882 0.136591 0.0597411 9.9991E-05 0.662288 0.0324595
0.0265142 9.9991E-05 0.0348702 0.205173 0.689453 0.0438896
0.152442 0.0288638 0.0238358 0.69745 0.0791226 0.0182858
0.155511 9.9991E-05 0.0249063 0.741791 0.0270775 0.0506138
0.194018 0.125294 9.9982E-05 0.648707 9.9982E-05 0.0317812
0.321252 9.99641E-05 9.99641E-05 0.678348 9.99641E-05 9.99641E-05
0.192442 0.141629 9.9982E-05 0.644406 9.9982E-05 0.0213235
0.423768 0.0403962 9.9973E-05 0.535536 9.9973E-05 9.9973E-05
0.0403344 0.702171 9.9991E-05 0.112757 0.139278 0.00535911
0.0547504 0.7544 0.0216355 0.0569068 0.110657 0.00164948
9.9973E-05 0.912411 9.9973E-05 0.0619514 9.9973E-05 0.0253377
0.070875 0.630447 0.0263222 0.161222 0.102261 0.00887335
0.04843 0.693549 0.0240115 0.165676 0.0354977 0.0328355
9.9982E-05 0.271644 0.0660191 9.9982E-05 0.521696 0.14044
0.13128 0.0572132 0.709517 0.0694573 0.0242445 0.00828832
0.0208073 0.0379138 0.761162 0.0784075 0.0524009 0.0493081
0.0948896 0.101339 0.803472 9.9973E-05 9.9973E-05 9.9973E-05
0.0812404 0.0255064 0.648141 0.230573 9.9991E-05 0.0144392
0.00763981 9.9991E-05 0.771823 0.15215 0.0373621 0.0309249
0.0520707 0.547829 0.125369 0.0609661 0.208385 0.00537943
9.9991E-05 0.437126 0.0241006 0.290955 0.211756 0.0359626
9.9982E-05 0.666669 9.9982E-05 0.205324 0.0751684 0.0526385
0.198629 0.275319 9.9991E-05 0.350323 0.135823 0.0398057
