0.136011 0.142187 0.680808 0.0409936
0.138794 0.092684 0.768422 9.9991E-05
0.120588 0.198155 0.663871 0.0173855
0.266495 0.00116788 0.732237 9.9991E-05
9.9982E-05 9.9982E-05 0.894397 0.105403
0.0624834 9.9991E-05 0.871502 0.0659146
0.183167 0.0109515 0.758011 0.0478704
0.210939 0.0130793 0.769636 0.00634532
9.999E-05 0.202801 0.673794 0.123305
0.25547 0.237715 0.506715 9.9991E-05
0.472419 0.0980773 0.320655 0.10885
0.140695 0.281804 0.521883 0.0556183
0.760815 0.0721848 0.0800947 0.0869051
0.225759 0.283558 0.44067 0.0500123
9.999E-05 0.180157 0.735964 0.0837791
0.213002 0.0753456 0.711553 9.9991E-05
0.101877 0.191908 0.694467 0.0117483
9.9982E-05 0.103394 0.896406 9.9982E-05
0.2239 0.594713 0.0426895 0.138697
0.168282 0.754026 0.0775923 9.9991E-05
0.0540548 0.72955 0.190577 0.0258181
0.0842008 0.848902 0.0484084 0.0184883
0.00104412 0.979226 9.9991E-05 0.0196299
9.9991E-05 0.846846 0.141416 0.0116385
0.124725 0.678047 0.197128 9.9991E-05
0.00203175 0.94384 0.054028 9.9991E-05
0.0529054 0.900412 9.9991E-05 0.0465825
9.9982E-05 0.922181 9.9982E-05 0.0776188
9.9982E-05 0.888809 0.110991 9.9982E-05
0.038427 0.856277 0.0347441 0.0705515
9.9991E-05 0.871268 0.0831263 0.0455061
9.9991E-05 0.889751 0.0528725 0.0572768
0.0544678 0.878875 0.0665573 9.9991E-05
0.287044 0.215407 0.497449 9.9991E-05
9.9991E-05 0.272877 0.677905 0.0491181
0.183915 0.128072 0.651543 0.03647
0.349922 0.0356147 0.614364 9.9991E-05
0.339793 0.134943 0.503589 0.021676
9.9982E-05 0.620344 9.9982E-05 0.379456
0.196396 0.7602 0.0126951 0.0307091
9.9991E-05 0.104746 0.748193 0.146961
0.202802 0.165499 0.631599 9.9991E-05
0.306268 0.284879 0.322693 0.0861593
0.627295 0.13755 0.0979484 0.137208
0.959458 0.0209545 0.0194875 9.9991E-05
9.9982E-05 0.636293 9.9982E-05 0.363507
0.318093 0.292868 0.366544 0.0224948
0.424448 0.105819 0.370009 0.0997239
0.206064 0.396375 0.295796 0.101764
0.169049 0.0670528 9.9991E-05 0.763799
0.184628 0.0174336 9.9991E-05 0.797838
9.9991E-05 0.026956 0.174625 0.798319
0.101274 0.009746 0.135436 0.753544
9.9982E-05 0.122192 9.9982E-05 0.877608
9.9991E-05 0.0318434 0.0957993 0.872257
9.9982E-05 9.9982E-05 0.273833 0.725967
0.10749 0.0461291 0.0358753 0.810506
0.00770954 0.0960213 9.9991E-05 0.896169
0.00248431 9.9991E-05 0.176762 0.820654
0.184635 9.9991E-05 0.16081 0.654455
0.0762874 0.0770721 9.9991E-05 0.846541
0.108381 0.0768335 0.0957121 0.719074
0.546271 0.0343829 0.0492417 0.370105
9.9991E-05 0.818498 0.127149 0.0542529
0.109324 0.741499 0.124038 0.0251386
9.9982E-05 0.815541 0.184259 9.9982E-05
0.177884 0.0473538 0.0773373 0.697425
0.38895 0.0378678 0.0271969 0.545985
0.135974 0.0115227 0.102244 0.75026
0.308534 0.0146279 9.9991E-05 0.676739
9.9982E-05 9.9982E-05 0.119725 0.880075
0.523771 9.9991E-05 0.291018 0.18511
0.793372 9.9991E-05 0.11068 0.0958483
0.85263 0.00788243 0.0238687 0.115619
0.9997 9.998E-05 9.998E-05 9.998E-05
0.899877 0.0999232 9.9982E-05 9.9982E-05
0.979228 0.0186185 9.9991E-05 0.00205346
0.771644 0.110912 0.0827789 0.0346655
0.286726 9.9991E-05 0.0806804 0.632493
0.327657 0.0659729 0.121079 0.48529
0.191205 0.0788952 9.9991E-05 0.7298
0.162637 0.0442428 9.9991E-05 0.79302
0.0452797 9.9991E-05 0.217759 0.736861
0.104855 0.820239 0.0299618 0.0449441
0.4982 0.048927 0.132856 0.320017
0.815887 9.9991E-05 0.0432489 0.140764
9.9991E-05 0.586476 0.0193511 0.394072
0.219208 0.129218 0.651474 9.9991E-05
0.165582 0.111688 0.722631 9.9991E-05
0.252735 0.15544 0.578385 0.0134398
0.229139 0.30153 0.344598 0.124733
0.0957385 0.116849 0.703195 0.0842174
0.865522 9.9982E-05 9.9982E-05 0.134278
0.215599 0.676643 0.0949474 0.0128106
0.653864 9.9991E-05 0.121207 0.224829
0.392166 0.322707 0.234127 0.0510001
0.0664171 0.213022 0.72046 9.9991E-05
0.288863 0.075893 0.635144 9.9991E-05
0.322901 0.0849607 0.592038 9.9991E-05
0.346303 0.0686031 0.550191 0.034903
0.523018 0.0210656 0.455816 9.9991E-05
0.256719 0.0939806 0.649201 9.9991E-05
0.698492 9.9991E-05 0.049008 0.2524
0.58922 0.11707 0.156671 0.13704
0.674922 0.0669368 0.0127489 0.245392
0.574072 0.234053 0.191775 9.9991E-05
0.4613 0.0963263 0.291189 0.151185
0.0118807 0.4426 0.445743 0.0997762
9.9991E-05 0.0071456 0.207941 0.784813
0.180788 0.00709955 0.0376905 0.774422
0.612775 0.139276 0.0342164 0.213732
0.511944 0.146301 0.156076 0.18568
0.460776 0.259398 0.075177 0.204649
0.268313 0.731488 9.9982E-05 9.9982E-05
0.298467 0.0225282 9.9991E-05 0.678904
0.246513 9.9991E-05 0.0611768 0.69221
0.348453 9.9991E-05 0.160035 0.491411
0.190216 0.504704 0.270968 0.0341124
9.9991E-05 0.293677 0.644869 0.0613535
0.159791 0.0284868 0.776163 0.0355598
0.03028 0.0517496 0.781991 0.135979
0.075313 0.372946 0.551641 9.9991E-05
0.111881 0.147835 0.688628 0.0516555
0.0758536 0.103354 0.803088 0.0177042
9.9982E-05 9.9982E-05 0.90741 0.0923903
0.160631 0.365694 0.473574 9.9991E-05
0.12561 0.165869 0.693364 0.0151562
0.159683 0.187749 0.652468 9.9991E-05
0.196393 0.145187 0.65832 9.9991E-05
0.170163 0.276827 0.465958 0.0870522
0.131555 0.0753928 0.733639 0.0594133
0.314508 0.289263 0.389517 0.00671234
0.0159443 0.0577687 0.868431 0.0578559
0.161655 0.838145 9.9982E-05 9.9982E-05
0.0329648 0.925597 0.0413383 9.9991E-05
9.9991E-05 0.987148 0.0124036 0.000348695
9.9991E-05 0.862812 0.0564856 0.0806029
0.153101 0.829642 9.9991E-05 0.0171566
0.278041 9.9991E-05 0.632749 0.0891104
0.209716 0.149892 0.640292 9.9991E-05
0.0695992 9.9982E-05 9.9982E-05 0.930201
0.000830665 0.0685928 0.0981452 0.832431
9.9991E-05 0.0103125 0.0863048 0.903283
0.280613 0.0465743 0.0494862 0.623327
0.0665876 0.0136516 0.0303405 0.88942
0.0784922 0.110821 9.9991E-05 0.810587
0.0448167 9.9991E-05 0.066572 0.888511
0.151456 0.0378618 9.9991E-05 0.810583
0.119522 0.0262161 9.9991E-05 0.854162
0.0366401 0.0974648 9.9991E-05 0.865795
0.215579 9.9991E-05 0.0286003 0.755721
0.109648 0.0274939 0.106109 0.75675
9.9991E-05 0.0421318 0.126059 0.831709
0.020492 0.0722378 0.00830311 0.898967
0.0956142 9.9991E-05 0.0874128 0.816873
9.9982E-05 9.9982E-05 0.110351 0.889449
9.9991E-05 0.0714447 0.0555279 0.872927
0.850263 9.9991E-05 0.0504616 0.0991749
0.994654 9.9982E-05 0.00514599 9.9982E-05
0.0898263 9.9991E-05 0.073135 0.836939
0.0585554 0.00489342 0.241306 0.695246
0.157865 9.9982E-05 9.9982E-05 0.841935
0.699042 9.9991E-05 0.175405 0.125453
0.0853512 9.9991E-05 0.896151 0.0183974
9.9991E-05 0.237493 0.716983 0.0454238
0.305313 0.450223 0.244364 9.9991E-05
0.0957513 0.55254 0.351609 9.9991E-05
0.208563 0.791237 9.9982E-05 9.9982E-05
0.00875564 0.903238 0.0343094 0.0536966
0.131223 0.779278 0.0893992 9.9991E-05
0.148359 0.769494 0.0789868 0.00315962
0.216759 0.734158 9.9991E-05 0.0489833
9.9991E-05 0.842647 0.0668605 0.0903925
0.0988352 0.0885089 0.781379 0.0312765
0.11079 0.0623931 0.75928 0.0675369
0.186515 9.9991E-05 0.762566 0.0508185
0.381983 9.9982E-05 0.617817 9.9982E-05
0.288679 9.9982E-05 0.711121 9.9982E-05
0.504059 9.9982E-05 0.495741 9.9982E-05
0.178928 0.2146 0.593698 0.0127732
0.101662 0.258634 0.52654 0.113165
0.164022 0.165372 0.638003 0.0326034
0.347306 0.182958 0.469636 9.9991E-05
0.161262 0.125532 0.666453 0.0467525
0.0321611 0.84816 0.00265585 0.117023
0.14979 9.9991E-05 0.108968 0.741142
0.0547083 0.155323 9.9991E-05 0.789869
0.157431 0.00519907 9.9991E-05 0.83727
0.100342 0.0385881 0.142102 0.718968
0.00814499 0.122244 0.0560442 0.813567
0.213048 0.289048 0.388015 0.109889
0.161488 0.290132 0.539094 0.00928594
9.9991E-05 0.129463 0.825538 0.0448981
0.288087 0.292544 0.419269 9.9991E-05
