0.194459 9.9991E-05 0.791192 0.0142486
0.146611 9.9991E-05 0.808065 0.0452239
0.29676 9.9991E-05 0.667711 0.0354286
0.0800762 0.00463511 0.902578 0.0127103
0.0578534 0.0462571 0.865058 0.0308314
0.0488923 0.0478628 0.90249 0.000754894
0.108661 0.02449 0.866749 9.9991E-05
0.000792664 0.000108186 0.955293 0.0438063
0.264098 0.0906068 0.624865 0.0204307
0.24312 0.050626 0.652245 0.0540093
0.124871 0.19288 0.599531 0.0827178
0.292999 0.0617715 0.633088 0.0121416
0.0833274 0.312594 0.564014 0.0400648
0.282098 0.117935 0.599867 9.9991E-05
0.272024 0.0606269 0.627652 0.0396964
0.12342 9.9991E-05 0.855628 0.0208515
0.335108 9.9982E-05 0.664692 9.9982E-05
0.0638668 9.9991E-05 0.909286 0.0267473
0.592069 0.141347 0.205446 0.0611382
0.71138 0.0206542 0.267866 9.9991E-05
0.742575 9.9991E-05 0.253849 0.0034756
0.877118 0.0670855 0.0460675 0.00972919
0.95298 9.9982E-05 9.9982E-05 0.0468204
0.83497 0.0189997 0.0749762 0.0710545
0.714354 0.0203086 0.265237 9.9991E-05
0.902906 9.9991E-05 0.0779562 0.0190377
0.886863 0.0829655 9.9991E-05 0.0300712
0.914489 0.0671958 9.9991E-05 0.0182155
0.978123 0.0216772 9.9982E-05 9.9982E-05
0.909658 0.0819194 0.00832292 9.9991E-05
0.940958 0.0447034 9.9991E-05 0.0142389
0.85213 0.0429103 0.0484184 0.0565415
0.836271 9.9991E-05 0.0884703 0.0751589
0.220733 0.0382893 0.658681 0.0822969
0.315823 0.0350897 0.635404 0.0136832
0.175667 0.0739383 0.750295 9.9991E-05
0.101259 0.0275684 0.831427 0.0397452
0.138546 0.127399 0.720658 0.0133976
9.998E-05 9.998E-05 9.998E-05 0.9997
0.841104 0.0540353 0.085015 0.0198462
0.207091 0.123596 0.669213 9.9991E-05
0.179017 9.9991E-05 0.81077 0.0101139
0.386415 0.208996 0.398734 0.00585535
0.160854 0.304815 0.479327 0.0550041
0.10831 0.304825 0.568177 0.0186881
9.998E-05 9.998E-05 9.998E-05 0.9997
0.226648 0.0743425 0.621198 0.0778117
0.183568 0.232415 0.583917 9.9991E-05
0.428945 0.124572 0.412484 0.0339979
0.0255769 0.840289 0.0705498 0.0635844
0.0153907 0.904473 0.0543074 0.0258293
9.9991E-05 0.881944 0.113493 0.00446321
9.9991E-05 0.790598 0.146466 0.0628352
0.0445656 0.887498 9.9991E-05 0.0678367
0.111698 0.888102 9.9982E-05 9.9982E-05
9.9982E-05 0.775145 0.224655 9.9982E-05
0.055887 0.897051 0.0249868 0.0220756
0.060045 0.903525 9.9991E-05 0.0363297
9.9991E-05 0.873636 0.0845689 0.0416951
9.9991E-05 0.709902 0.237352 0.0526466
0.0936439 0.906156 9.9982E-05 9.9982E-05
0.0674325 0.779997 0.15247 9.9991E-05
0.0666405 0.522615 0.332654 0.0780909
0.839388 0.0609169 0.0636659 0.0360293
0.825211 0.0142552 0.125008 0.0355259
0.905876 9.9991E-05 0.0802002 0.0138235
0.0163058 0.800646 0.140024 0.0430245
0.00161767 0.699948 0.206949 0.0914853
0.0677149 0.805401 0.092348 0.0345363
0.0366696 0.854145 0.0590612 0.0501246
0.0345114 0.881793 0.0152423 0.0684528
9.9991E-05 0.350671 0.63281 0.0164185
0.0666826 0.305482 0.59317 0.0346654
0.0353226 0.361738 0.591611 0.0113278
0.0565696 0.318469 0.55978 0.065181
0.139624 0.299023 0.501976 0.0593774
0.0751595 0.291732 0.595482 0.0376266
0.191994 0.264541 0.513248 0.0302171
9.9982E-05 0.754466 0.245334 9.9982E-05
0.116335 0.586689 0.135444 0.161531
0.142376 0.837299 9.9991E-05 0.0202253
0.109706 0.819543 9.9991E-05 0.0706507
9.9991E-05 0.740417 0.192674 0.0668085
0.80053 0.0643857 0.104012 0.0310718
0.177893 0.49404 0.327967 9.9991E-05
9.9982E-05 0.434651 0.565149 9.9982E-05
9.998E-05 9.998E-05 9.998E-05 0.9997
0.18194 9.9982E-05 0.81786 9.9982E-05
0.163366 9.9991E-05 0.807904 0.02863
0.177279 0.0460968 0.734512 0.0421113
0.298648 0.133154 0.518494 0.0497049
0.123764 0.0600312 0.816105 9.9991E-05
0.109741 0.456564 0.424919 0.00877565
0.640873 0.0808933 0.247104 0.03113
9.9991E-05 0.398481 0.504727 0.0966917
0.344532 0.190195 0.437643 0.0276292
0.227455 9.9991E-05 0.763834 0.00861102
0.129795 0.0254886 0.829952 0.0147644
0.211531 0.00855134 0.779818 9.9991E-05
0.0746205 0.0944521 0.79505 0.0358771
0.0857581 0.0252614 0.864357 0.0246236
0.11188 9.9991E-05 0.882712 0.00530799
0.0954785 0.45781 0.418685 0.0280266
0.0580359 0.35039 0.529214 0.0623604
0.058501 0.399751 0.434752 0.106996
0.32451 0.128868 0.525573 0.0210489
0.166458 0.277458 0.555984 9.9991E-05
0.467818 0.0694609 0.462621 9.9991E-05
9.9991E-05 0.809089 0.159162 0.0316495
0.0426983 0.835332 0.0859733 0.0359966
0.241754 0.360902 0.385235 0.0121092
0.147071 0.350318 0.47155 0.0310615
0.339206 0.299454 0.281312 0.0800285
0.830868 0.0298653 0.139167 9.9991E-05
0.0698852 0.77798 0.0980471 0.0540878
0.0361802 0.804888 0.158832 9.9991E-05
9.9982E-05 0.616209 0.383591 9.9982E-05
0.576843 0.038866 0.339752 0.0445389
0.350601 0.0266139 0.610171 0.0126137
0.0123316 0.0581439 0.914956 0.014568
0.172226 0.082688 0.744986 9.9991E-05
0.490526 9.9982E-05 0.509274 9.9982E-05
0.184239 0.00953412 0.798601 0.00762622
0.194646 9.9982E-05 0.805154 9.9982E-05
9.9991E-05 0.0346908 0.940947 0.0242619
0.427984 0.0419195 0.529997 9.9991E-05
0.154078 9.9982E-05 0.845722 9.9982E-05
0.244436 9.9991E-05 0.730023 0.0254413
0.120472 9.9991E-05 0.840687 0.0387404
0.301233 0.153411 0.545256 9.9991E-05
0.0591617 0.0565029 0.827871 0.0564643
0.240826 0.0679554 0.664101 0.027118
0.11987 0.0116298 0.868401 9.9991E-05
0.937522 0.0378758 0.0245024 9.9991E-05
0.9997 9.998E-05 9.998E-05 9.998E-05
0.954377 9.9982E-05 9.9982E-05 0.0454227
0.79853 0.0823315 0.10049 0.0186485
0.918683 0.0572839 0.0128263 0.0112068
0.0252892 0.109248 0.833771 0.0316923
0.175705 9.9991E-05 0.805653 0.0185415
9.9982E-05 0.993952 9.9982E-05 0.00584836
0.0418065 0.864859 0.0402131 0.0531213
0.0332173 0.942955 9.9991E-05 0.0237275
0.0779505 0.761709 0.160241 9.9991E-05
9.9991E-05 0.935705 0.0327434 0.0314516
0.123549 0.866039 9.9991E-05 0.0103124
9.9982E-05 0.966585 9.9982E-05 0.0332151
0.10689 0.89291 9.9982E-05 9.9982E-05
0.0795215 0.920279 9.9982E-05 9.9982E-05
0.112335 0.881677 9.9991E-05 0.00588858
9.9991E-05 0.859094 0.0860576 0.0547482
0.0878242 0.836772 0.0414968 0.0339069
0.0338582 0.843316 0.110701 0.0121242
0.0263103 0.957284 9.9991E-05 0.0163058
9.9991E-05 0.892992 0.0838302 0.0230776
9.9991E-05 0.9402 0.007155 0.0525453
0.0305988 0.94774 0.00985536 0.011806
0.00508602 0.381777 0.582259 0.0308775
0.0837013 0.228073 0.688126 9.9991E-05
9.9982E-05 0.928171 0.071629 9.9982E-05
9.9991E-05 0.734172 0.237295 0.0284331
0.0475419 0.945196 9.9991E-05 0.0071616
0.0100563 0.385937 0.603907 9.9991E-05
0.0609356 9.9991E-05 0.906702 0.0322621
0.308997 9.9991E-05 0.650861 0.0400416
0.517357 0.0556147 0.426928 9.9991E-05
0.703083 9.9982E-05 0.296717 9.9982E-05
0.8766 0.0128555 0.107827 0.00271748
0.876215 0.0716233 0.0520616 9.9991E-05
0.832135 9.9991E-05 0.14663 0.0211353
0.800956 0.00304982 0.1542 0.0417941
0.812473 0.116948 0.0081174 0.0624619
0.832093 0.114858 0.00846051 0.0445893
0.163749 9.9991E-05 0.831944 0.00420647
0.117621 0.0483879 0.779001 0.0549896
9.9991E-05 0.0321562 0.911888 0.0558554
9.9982E-05 0.0355395 0.964261 9.9982E-05
9.9982E-05 9.9982E-05 0.988743 0.0110568
0.0322659 0.106199 0.861435 9.9991E-05
0.273197 9.9991E-05 0.708541 0.0181615
0.212179 0.0926101 0.682496 0.012715
0.105611 0.0225339 0.818175 0.0536807
0.253899 0.0349268 0.695835 0.0153401
0.219154 0.04116 0.708242 0.0314434
0.731008 0.0468194 0.0574447 0.164728
9.9991E-05 0.842544 0.130504 0.026852
0.0707353 0.851704 0.0344368 0.0431234
0.0115286 0.938521 0.0220824 0.0278678
9.9991E-05 0.77239 0.207436 0.0200743
0.143641 0.812151 9.9991E-05 0.0441078
0.243394 0.124041 0.616016 0.0165489
0.346469 0.059864 0.551892 0.0417755
0.144211 9.9991E-05 0.789175 0.0665145
0.304764 9.9991E-05 0.651298 0.0438375
