IBR/IBR_outputs/all.combrep_1/Silt_Total.WeatheringIndex_Total/Silt_Total.WeatheringIndex_Total.asc
NCOLS 160 
NROWS 95 
XLLCORNER 210004.651214014 
YLLCORNER 7350008.22228844 
CELLSIZE 4999.99999999997 
NODATA_value -9999 
[rows 42 to 62 of 95, columns 92 to 137 of 160]
20.0863726685778 21.0692887092944 24.1225679262341 22.6736389915909 31.7108839789572 28.9449444372413 36.6890635811813 83.3946738778537 52.354454008033 29.7191249553482 33.6339057217114 30.617388223239 25.1001356551934 24.7078990053122 117.043898073406 233.551388905491 189.739057617614 254.459762598323 250.022500548821 282.056992777008 50.7884760601599 33.0177255720797 25.9126861172154 27.7655193354754 32.4596775393113 30.5194581826166 44.8714266168018 51.3714844588222 26.9863987900011 31.5866093329195 29.5031308614552 31.3519620476995 27.8501930553778 28.3291686610727 28.9545408743065 31.5111348793545 32.6093130435039 32.4363399426582 31.2176547833764 29.01160518824 21.9316681948911 96.881266318956 71.8158061101219 78.6453532057761 58.8321555542618 23.0892173891268
20.1190119091048 18.3768109042224 19.8939603116599 21.5153920054265 24.3372512873931 23.3565219197899 20.993802918288 33.4593810917407 58.5978180219412 28.3189282768211 26.3506537599757 25.9393776704086 29.4449035784564 53.2393574417863 128.45850146477 186.823611889399 249.066038852955 219.095307261637 285.743845678724 222.086421698118 26.5334080707836 32.2196464904903 27.3138224164279 32.8415853174344 35.9435008920894 42.7321402543455 65.720992829719 28.0826806434141 32.0537394498497 29.9352734188242 31.538932176573 28.825015490826 27.9503910625746 31.6361175330633 29.9821194106284 31.8960690401975 26.3132821219982 25.4564725284524 31.9651750211514 31.7946388230855 31.7154345645476 29.912749344569 45.580568731863 31.1389377613935 59.9180926903428 26.0123505100917
21.3985716143853 22.2456856094299 20.4897128572114 20.5904495422752 22.1831244535595 21.8176978746819 32.0908310533979 34.1555339577862 60.4599270919725 26.8674110954667 25.655715690776 29.5258075531936 76.826912394833 162.006703744505 42.9496709239435 64.2851197424075 258.355620370817 321.720181854679 181.47496231092 45.1064740892112 28.4637129899319 31.271988983948 24.4210691572556 32.2598312763049 46.7840094832455 51.9970928626311 72.7910321006183 24.5623042459152 29.6360449818008 27.1152300441945 29.9679209603753 27.8758615305437 27.9965439168018 28.3814514852505 27.9173809050875 29.2732269681187 29.3970660291427 22.2883022470523 30.5956090590883 31.5701042829737 31.6499374672471 25.6924773436055 27.3610861372255 35.6960416091815 30.0840659182355 27.8925898411852
24.3016816389998 22.9994233517162 22.179600456837 21.3113798040428 20.0018706602716 22.5925105873223 60.7113076410599 32.8131765459017 76.1930663312868 176.466814638873 68.0366902560123 29.5830868111428 28.7467532824705 47.5589960018908 35.7390058451702 53.7655049070064 46.2199087584525 68.1556478595717 92.379736710521 24.5177388312215 29.2623399756921 31.5272824978454 22.3871734747142 39.1972698601777 115.748478839859 224.349949695478 21.9781419585144 24.7342195200941 61.1352586921418 25.3518076817496 28.9790458400534 25.9783729769794 25.7935132484068 28.2350057305002 28.3176661863428 27.7717429474367 25.570376543365 26.4589912104704 30.765536486784 30.1941835332388 31.567072488157 30.6383418185514 30.0646874353482 27.643563842679 30.6476710256409 32.9234830824046
26.1616903923944 27.9112334316146 21.9145570327439 22.3100699638154 23.3003423812058 41.4244678002145 61.1953871439662 73.7094864705332 109.322100047079 295.345825111292 121.104421295114 27.5432698999508 32.1042017476285 52.7082785936213 37.6730162668615 51.7007271244724 39.1324082701761 44.2186176570843 120.414123980843 23.8039909313243 30.0204606822125 32.1751586185599 23.1872242986008 76.1843192615557 273.580964072802 55.4044002151294 23.7283936040436 26.7576907866467 91.5267020795005 209.701764756828 22.4550645038316 26.0370652388368 27.0632635555025 29.0740395684342 30.0320610395335 31.1445063849938 32.4576142199456 30.9969890405671 34.2741387417242 31.8241433101 32.9408336841832 33.6027161274813 32.0877250105696 29.3142034775775 32.7095199311849 32.8242465613534
29.6303384265605 34.1952499006433 28.2184924440739 22.3178359445105 26.3942212234432 33.5913945661134 37.3640724804494 171.816108373581 270.498208752835 201.446574094656 200.848765239484 27.6848683012459 36.5184243891233 98.4961109710998 67.8867635366385 56.004405303361 38.399811144098 43.8995175114605 117.007012797081 30.6069801415773 30.5285429034413 32.9604122616606 26.6405990276088 32.5767357720361 30.6618985655064 24.2694784066907 26.7673003943004 57.1359175420458 24.809310548239 202.059367302849 60.5063514587208 28.0418295589236 31.1117589706828 32.2457407744464 33.2434658732018 33.8929156478677 33.8991000251421 34.2951831642763 34.546277160704 34.9344730161063 35.8076377910287 35.5691372100622 33.4526310094957 34.0451208804072 33.7713866051231 30.2152988588711
30.2747798513543 38.5060421006079 38.0350782972081 28.1491908196505 32.2653915010642 26.3141825843006 80.8169331308438 116.125585416232 55.821120614661 182.220024159075 231.968736079939 29.9355544119111 25.4821590555568 52.1648221886882 41.7368024031616 41.5746701488115 41.8105233446808 55.6895353922252 61.5385052133094 80.2046071927321 27.8369494505269 32.2075602323513 32.325208792606 32.1205276833021 28.3344184548319 30.4941167482029 44.0030722916953 20.8801325645066 27.7375870836478 25.4173061868325 25.7191646732439 29.7255606417436 33.6918650135828 33.4243428032497 34.0162740010973 33.3939702184151 35.0151207590652 34.1929454072726 32.3172765454278 34.3873788520585 34.8035236965552 34.2514642592201 33.6284550702243 32.7790710321461 29.3261535588057 31.4248208016157
30.5868339400617 48.4845601381326 52.6073399793201 27.3485633188516 56.7738428581327 27.4986154100133 79.1897782386647 48.3788173053693 40.1233634578937 126.010387980068 127.164064043515 30.2474707716115 24.4986821633317 45.9582017589921 26.0084759108985 32.9913708230372 41.8057451719367 65.4630041238922 69.9614034143446 52.8594532980091 25.9736229390551 31.8736905725467 33.1638150435458 31.5308693707575 31.1158363038993 35.7467247883948 34.1685200891263 26.3394824423562 26.7402653968277 28.9494595506459 32.8622340299241 28.7951404700289 33.8259920006852 34.2544484599783 34.6553141987471 34.052082012742 34.3829497880278 34.4722025530543 32.7982872726724 33.5127161674197 33.8184811439298 34.0677159730723 32.891172162969 29.5799905367534 30.3190012678151 27.9602778168794
31.2963615336236 51.0813665379825 57.8547016009661 29.2882979075726 65.9448192213704 31.6172626062002 62.7989112628812 42.444681826358 43.967935140879 169.078829521801 77.5577659340379 27.084380852245 27.2964867094129 108.755385169566 37.2047658616487 33.5860282315636 39.6885401203874 47.4383076580376 61.7109020379473 81.8045837488414 32.1213363327461 29.1743170211183 32.8636138896885 32.3856036628176 35.655037272831 53.9564453560008 57.0911142942031 55.12749219126 33.2088195253299 45.1216746252113 29.6673899710897 29.7009091649401 29.4117978061964 34.1728683536204 32.4745658983621 30.1903998595653 28.0064622534769 28.2590312119397 32.695221571363 33.0688572683716 32.3900275918218 32.520046162059 32.2405303654678 29.1827190534773 27.5644812705527 27.6361012910563
43.3823237599737 47.8387184683052 60.2313074982228 45.2262025792166 48.9673469330678 36.4997082080512 36.2346409648675 51.9205483704808 64.0502305018962 89.9909259457271 26.5087240137797 28.3993574754823 23.9302361473692 109.961114939857 35.5791039062555 34.8438412419451 36.2815886322366 40.0807586951355 49.8056873032028 59.5482897235054 125.481064098462 67.8099531376919 26.2613848625504 33.6290948105569 58.7096142758596 60.5082936873312 61.1430326097928 58.7253959609264 41.2277844915464 56.7510862687312 27.3353349094858 28.6016455200163 27.7984326846392 48.2643426084414 125.49480023415 98.7190077354247 32.0280284001109 27.7320428156112 30.8538750715244 26.3349988460805 25.0152441680608 27.8159330918806 29.3995196697654 28.9863252666331 28.7187357070489 28.4379914372936
67.2426116173322 61.4141451901391 58.6678257112955 53.962803069266 54.4489787163725 46.0013537351694 42.7537632536998 40.5346706186688 37.9412885655768 39.5448552983353 24.0421326141053 28.705310786639 25.0279639943674 34.4139383724884 30.8708208343536 44.6383232299465 57.4128148303927 36.8235919838958 34.0726558618407 46.4390627257548 73.5118032246314 138.692179570635 32.142109671691 51.5799339678717 57.7949017791904 51.7322718408343 49.1010865096486 66.1692621177815 54.7930140715668 51.7911581570708 89.790513836633 336.408065077103 320.001997591495 363.879285556691 193.477200095762 97.7516761736822 92.4822565196969 28.0614982621028 31.656759089484 91.429234379525 24.2562212690409 27.3344029612565 26.8226867543712 29.4426115700248 28.5612877661738 26.9182189014146
40.9802630194759 44.1590579344838 57.4141367824357 62.8851981948124 62.6702330789258 70.3750756632575 58.0838295580501 57.8815264054188 52.4344369861279 46.4244980030617 32.2117774279868 32.186203224528 28.5032881694641 29.5212499392631 39.3220929143211 105.258227718224 94.6485690983906 43.693655668187 33.4984336325719 45.142870345103 49.1731625742034 54.5105110114483 47.762546217529 58.4528246215731 63.497328566701 57.3685255650609 57.6206752371686 70.8596795912918 50.649665590304 66.540533103816 316.94810486042 363.742584061453 320.801615783298 119.318340760494 22.4003258546222 31.6047171071866 30.6985929808828 33.0373457853351 28.6954148907816 29.3057811064731 29.8058420456519 29.4318336335861 28.0145532730241 29.5026401406033 25.5170862359658 24.2643170370538
41.8207225165594 41.2959588465467 38.7613673386323 40.4709408615748 42.7965677218813 52.122919044711 52.7651511837721 58.7125526188559 63.5999905188524 56.8796207629551 50.669933136558 44.1734843461236 35.7193903638188 33.5914931973064 50.3430305560663 45.2262091828211 50.4056259158025 37.8401368149966 26.8245573397548 25.5561730212494 29.961568644085 29.0892004945982 61.1285629491138 51.2051622477202 53.0280512721653 51.4153377084058 50.2623635585437 52.3694677369045 63.0387620561565 120.722038244745 336.938638988157 389.896758474872 98.2883603972245 18.4476988679317 21.3994959452535 33.461323957067 30.9911930524316 35.3324404278386 30.1589828804567 32.3816968666262 29.8520055624425 27.5945224034187 30.196021856032 24.3805116563171 23.584852579154 22.6591207131924
39.8201599355194 38.6159169681789 41.7155704559185 39.0433323641751 39.3072502142943 41.6773715864092 42.4073259897297 43.5407846799741 46.6892841111153 47.5497579316095 49.9185704608731 54.1044251624671 47.8057167868753 49.3557538224411 52.9644260498384 58.8985852650897 49.8208040878703 30.9664012297856 39.4565052998786 36.0254013696866 28.5036122803213 42.2365212431791 64.6008728141211 53.217388815758 48.4339634774372 56.8741030510217 48.2373485746787 52.4566532722584 49.8261827942485 300.690220670824 331.345667857676 229.517581987255 29.8496197138207 34.353230148428 40.1179857314611 41.6002644507857 33.017307995173 27.2834208952529 30.2379475913508 30.6528293303681 27.4655261465071 32.1343293612845 36.1352146598198 24.6819841225511 24.7725609501986 22.9865051476429
57.7128332620334 38.5782214827287 36.5990934633298 36.7556885854149 36.2303691353484 34.5134321952627 35.4997848004789 37.020045664643 36.6085137609932 41.9785374053714 43.0450392224194 46.2145623294581 43.1760616683562 39.7900429318597 44.4103376043541 60.5609988442374 72.8041892478865 52.7849736093387 60.2348179121987 56.6043390791464 51.8890241705526 47.2416593571958 49.8542620658153 51.4420975232646 60.9712606132802 55.5018812056332 48.3391293555227 63.2708464941647 28.9808301216049 47.6535833351077 23.8643003510521 25.8231810785057 45.419415358338 36.5805767495153 27.5041223723864 29.9428506196809 16.8352230916914 21.3136597045622 26.0882467191184 28.1893975727502 28.7076835435134 27.3256355990525 30.2800762949147 29.6481812346735 25.5732338325922 24.8269870986437
46.4373825283258 54.4819319585215 47.4710813005005 41.7531545064025 41.2631981878015 42.5450639499993 35.6130956446948 39.1302034841122 36.7622497600241 38.9159991055285 34.5743213344093 38.4031834782223 36.8319527508488 41.0297733251367 42.1900259717532 45.1711825129121 51.5839279358014 62.9287810100636 64.836912399816 60.9913931479021 51.0176902416204 43.2619118874588 56.1944570542245 58.6608807666808 65.2552439179422 68.7841263516616 46.1978640891521 57.623692590689 36.3326951277783 43.7634319431865 43.264125056215 44.265151904823 36.7941407738651 23.6204429360225 14.3390252693132 26.8774056132053 17.4771859448567 16.7930678213872 24.3383382272 26.3452430297538 25.4714993427918 24.4009160244915 27.3386557102479 29.5739197467926 24.8750837505374 24.3601638732294
24.9317411936615 36.2430909679914 45.1001359773999 51.2017612686372 41.3392044381375 39.2095522999621 53.7038186715001 35.219432545995 38.8404156738849 43.668308239237 45.5983591655944 36.1149578466132 40.6219249342512 33.7304347404869 39.3534256644542 39.8271277793228 39.1200137659418 41.41564159229 56.5213645460593 60.303319179544 53.11316553173 52.056898748433 56.0659391340655 41.8490791339258 43.6039922281741 50.8523112268569 41.2042666748749 42.6230098365386 37.6333121352518 31.3156040859077 42.8822910678223 45.6674003365234 18.1235752390754 13.0710726242489 11.4745477586347 22.6366838000395 28.0321321304906 27.0118019930741 26.2601262218763 25.5377286104085 26.171780109937 24.6236297686213 23.2431583693559 25.605554973888 21.9616254499889 22.5217953342813
22.907611119689 19.382494712289 25.3845989818663 37.0670864233067 33.7701771131138 35.0402063616916 47.5529841001344 43.4952940971609 45.8158779229743 66.0521839992222 76.7605556706111 59.6068582933171 46.6454610455825 36.0683694616928 31.2552657883995 32.3048573415715 31.276807941162 32.6034046307999 36.4183309857311 45.0843518448796 39.7701187383028 35.8856818626353 35.6812189459205 34.1495894646339 32.9862951698974 38.9641160132151 35.3302424008168 35.1865376824331 38.5053133629371 31.0813931350772 36.463919432509 24.1789041505691 12.6500198756559 18.6432551196431 26.5142240260289 34.8736742552749 38.109650179491 28.2150182744482 25.1783139490486 24.727751348905 25.5153596954816 24.7823522965286 23.7433147081486 23.460092877312 25.4529420296107 26.2651491138146
39.4347680319705 21.2443882072606 29.3141636590775 29.7360644245381 28.1117249389097 26.0665574689271 29.676223427649 37.0219664272094 47.0989896947075 64.420939698429 84.7321454964907 87.3210661645206 73.2244779713273 77.1901056299376 55.6469565637602 37.6497339865973 32.1772087310859 32.5746222683283 30.8976320601337 27.980493134125 33.7468091876383 30.6831661313789 29.3013061395643 32.4794127201084 34.0205465978233 33.2052153024586 33.580428444486 34.4107063343216 34.7369351406259 38.0660912155784 39.2880481802627 34.9539453088195 41.1116840124092 40.6016783487781 46.7120880618528 39.5168763015411 35.7826137074294 31.9277337816627 26.0634473178893 28.4284153318785 26.5567495089756 30.1317710043858 28.8698600287478 24.50113335624 29.9263462394974 29.5868577388963
35.5055821057277 34.1211570715825 36.3466937232471 36.1672153451075 37.856943934049 34.2860049198519 27.3909503376635 27.1431328002084 28.2833897406784 38.990098819879 61.6989726112887 61.6274506371096 63.151612750792 54.9624899047643 58.2787740814248 66.1332208071596 75.4387981903256 49.3239858631028 41.5900963262022 37.0619482095766 31.6747508429217 35.8821517392511 36.4235790798314 31.1496914672617 29.2878438209776 30.8826072792281 33.3086655170739 34.8037372128624 33.6098632122616 40.6074867081955 39.3487082392832 36.0754691669491 33.8051908280172 35.3144593989497 45.3758400062623 40.4761439445325 32.7159986163112 31.3280409815523 38.4381732881217 33.7676111996513 33.1529342289289 29.7298670108215 33.6797019779101 32.1645667614329 29.1564954525296 27.4519792188813
34.4815854207398 34.8196230691749 37.5028497784859 37.7075540567276 36.1929277510548 35.0805694027592 36.1310726964981 34.1769479506513 28.2782522273483 27.9837313404367 40.4866751107059 49.8088274384318 50.8950344842396 48.1213954382064 47.1047600267654 42.8591092197325 42.1667074454757 56.4878002998583 78.7612036014928 68.34841555225 54.3369978323031 40.6119450481971 30.8443670217194 40.3577762539459 38.022740651903 29.5419687932257 27.8532056198725 32.5756462315161 33.9170669795462 36.5146491116095 30.3356132449194 29.0662349326573 35.0615743790451 37.0071697108932 44.747534406149 43.3870236802089 33.3128171869311 32.7026126422528 37.4140214057456 38.8774828706024 36.8679433962671 35.7064683534857 34.6341704593183 34.4463237066723 27.3735049345576 25.8770730933026
