IBR/IBR_outputs/all.combrep_1/Silt_Total.WeatheringIndex_Total/Silt_Total.WeatheringIndex_Total.asc
NCOLS 160 
NROWS 95 
XLLCORNER 210004.651214014 
YLLCORNER 7350008.22228844 
CELLSIZE 4999.99999999997 
NODATA_value -9999 
[rows 63 to 83 of 95, columns 92 to 137 of 160]
34.7529631457572 35.1211452242509 36.9443939997107 36.8683512198944 40.7675237933954 40.8412367222544 34.1213435268074 35.349060161541 36.539938201717 31.0456364029105 21.9986851408905 44.4999542157728 51.0198189081216 45.683891381271 45.7603538272458 44.9297648939927 43.4648137992582 40.9203158618484 63.9319288607553 64.8918011811967 52.4360487987445 50.3271105565897 44.8495971905248 33.4457986807033 38.3141716269038 39.224165031302 29.6672289988085 31.2069034030655 33.7057129564333 34.4457554511602 27.6190411714031 42.2268496546768 43.1017368033028 48.1045581228625 44.3951368114018 34.0440173808209 31.1196922705919 34.7036602019148 35.2086326914989 36.8251284397681 33.7782338466258 35.6102417346613 36.3577355820728 30.3988582001958 26.0128018746305 27.7064691791768
34.1266677676862 36.0423262562656 47.6729823205237 40.7060260348967 41.039519817582 38.1340174377897 40.1493662329906 37.987628700491 40.0667512532964 34.9340474915462 30.7462622676875 22.2879104549047 38.1901848720335 37.7938864659011 37.1413270325099 38.2292936434715 41.4652172132344 41.7378164251869 39.6662652518611 45.8111492648772 42.7505741008233 43.2452599841165 43.4242567875972 45.6218686281672 34.9500459564126 33.9893760399971 35.044949250776 31.7482756372184 31.3189306487693 29.5853419658387 29.3295568225281 38.972746968252 43.3821381712419 43.6522366785736 37.0788369754129 37.2185978046197 40.4899884420409 39.7929026852532 37.0864181051423 34.0446019067662 37.5302445509369 33.9089501146529 33.6195387510539 30.997453160155 29.1488083289432 30.7361472069713
35.8234654789487 41.055991899699 46.5874613278647 47.3148264017322 40.3303623590591 38.7975117686751 36.7688408246176 35.1206489250754 34.3975185933415 40.3741019575341 37.4843789878964 34.909379942758 28.213314409943 28.2947533943219 27.3676808271074 28.9155215636117 32.1635231417464 39.167631684585 39.9232156449142 36.8302670334493 39.2593877195306 48.4632278622019 61.8370456519067 39.8832643910369 36.9954188297902 37.0664811457988 34.7745980242366 38.0219347038564 38.985759551414 27.6341496856844 32.8941122959786 34.8671047327532 37.6001354172999 37.4123056095232 36.6133562034909 39.3183702191376 42.415180579084 18.8418967373842 17.1177009308692 34.2453565854289 37.0005156304097 36.440974818974 35.900195079492 33.7707303958262 29.6985077054723 28.7132770791927
38.8063966495875 36.7920625001023 37.2154120170868 36.026327890788 36.4126182755241 37.5526001344655 36.3470611512213 33.8801103233721 33.992891505291 34.11985796818 34.1598006647529 34.4374835645027 33.7684334359403 21.5118407929365 23.0502932016295 21.8299390785112 23.2395877165269 29.8678506282429 37.175135986939 40.2526916247815 50.2492145181442 68.9916732582908 77.5077756815228 49.1732196243406 43.0064460089618 31.9206812512595 33.1124090987088 37.1081599151056 56.1931619225437 57.5422346274482 31.5712823806776 30.2431100400449 31.1767547898702 27.5640944205436 28.8240974006563 27.6686228498554 22.4943496881437 22.8820018087591 25.2335470406572 21.1915198214964 29.034266063605 74.8482100578548 34.4174355496864 32.0690910656595 29.526974154217 31.7518116459741
38.7970666189637 37.8713373277789 34.8001175832529 35.6686366845056 35.8655634480033 33.747635530067 33.7220409589217 34.6842252057351 34.7589590630187 34.9365400054503 34.0833687719516 33.9509912363499 35.5111724472918 32.963662088519 17.6751611598113 16.3606221565958 14.1997078732708 17.7648877567309 28.1815230704407 36.2766613849304 42.6948482699324 38.1649472618148 20.9300541163891 11.6718128679864 16.1179254270834 18.0062544261144 16.8759718212735 27.1037801216075 46.1821001634261 73.3044319603162 65.0436308752444 41.8790942444625 20.5278132208486 10.4401308406844 8.88860367621939 7.32994629166846 7.7413513824547 12.8031727595898 24.2965957670916 19.6589051901335 18.1203800197308 105.517138030485 30.1982652457794 34.5084956971298 30.9352792778807 31.5512909595378
39.9286006143069 37.0912114777915 38.766101928662 36.9775152865551 36.0407571911459 34.2712358326261 33.7108529123816 33.7110227249569 34.3113856403364 34.2677964274147 34.5758996041539 35.9374517200594 34.8890816177865 32.8610435358687 30.7312822145429 24.2404579991414 15.4956058103523 14.3453504321889 19.4039559903228 30.756378413198 31.5194834710033 30.9147146687506 23.2401818561189 18.7421778315702 13.8881978665012 11.2435563066707 10.1071785086114 12.1781227277261 14.3215711032686 25.909388188057 49.3688318979286 30.9787419268642 10.7924457460189 8.31510357594069 7.44028613628148 6.2022843724028 6.23325065106708 7.00473743447052 23.0919932456353 24.1607956717476 22.9523706312959 87.0916523471292 34.5000673632749 34.379978183716 34.639465126908 33.5498611616778
37.0177496885802 38.0942159514592 38.2588257058645 37.5958225021113 37.1219317833321 34.5197844118136 34.1971492898539 33.9878338807594 34.1191024769137 34.6184905317876 34.6753500692774 35.1611043038179 34.376012431895 30.656514172222 35.4515131415177 35.3877651490229 29.557997718907 13.3330797374843 14.2223120734864 27.2564035478977 24.518684608332 20.6138151036964 13.3706287730331 9.9282513294909 7.54506026621319 8.90657593768153 12.0613363106653 15.9562838682593 17.9563775460781 20.3558035660615 35.6565619984369 37.5504593663814 11.7479994328926 10.2898116371289 8.97017278499999 6.12009167096321 6.32639392430334 12.7211656028426 29.974230002727 18.1014266882565 21.1637036465186 24.63442176262 31.0752689196311 35.9318063405664 33.0976926745762 30.6710261065696
37.5779628661882 37.7157698690856 38.6679241832096 36.0694243703315 39.4040838658432 34.7528715257054 34.9528412759899 35.5602658974359 33.9377809127086 33.7782264670686 33.810549643105 33.8512910517058 36.9576372094827 35.1968103527104 34.8928416760662 33.0272564446458 32.3484937629617 28.4017666685175 20.1070214460312 18.9346979388553 18.4871277539826 15.6711990938547 10.2089573907476 11.3607866432522 11.5074356681698 15.2345119015068 21.691738186256 22.4490297733959 21.5804097211678 22.3954305040477 23.8544416012836 45.017345363135 30.5306480068524 12.6652704299891 8.81267784486873 6.69589027231088 9.27305564675824 29.1957849526829 32.3805381168629 26.3343179104497 26.6814286909265 34.3802320992973 35.0376026544439 31.8620854900737 30.0619135650321 28.2725026220261
37.1422915618105 37.7538341758605 37.6589604097265 37.4990302791761 36.3798147951629 35.116828010145 34.629148344334 34.470232202338 34.5624409552488 34.4224731595544 34.0585008083965 34.3977804502442 34.1220917597233 33.7150912737264 33.7966337794473 32.4263206639845 35.0390189046744 34.8420385342393 31.1170207428192 20.9008586310934 18.6754757080572 15.8036985566237 11.9968962558214 15.7882639374265 21.0455341315922 22.0625726458521 20.7791943890801 19.8947766397501 19.4117565376015 21.3826590246565 21.5029421325419 35.8015693972883 47.6504392830641 30.9230418187194 24.616603754318 12.1575189426642 12.9916046010457 18.9790704644055 22.9496474251957 28.3670408989259 27.7561625072125 38.3974363034939 32.9158926182478 24.3250827327022 20.7211776119323 25.0219588402851
36.7772918957249 37.3213372261049 37.2729361218446 37.8041970422879 36.9248209845995 36.5978970330184 35.045247530099 35.5038671887383 34.349390303232 34.938134496321 31.7414957707687 31.8400649045136 34.4151439167738 33.7859390649116 33.0621746648534 33.8466671315764 34.2151787858203 34.2395636956426 34.6817906915684 27.9989574936561 17.1800264972136 20.8172025317764 15.6383622371046 18.6378101129832 22.8270630392266 25.1164619715167 23.424961494313 13.0431957290312 13.7043681537681 16.6481803239671 20.0218178884205 36.1510569534298 43.1663874981316 27.6219434779077 31.2602620633948 19.265123195656 16.3023091661926 27.5359964144335 27.9989716758514 26.922598050437 30.8714771587389 37.543252660587 34.0370538393328 23.655777252448 23.3085256930249 28.0926365481901
38.701147543038 39.6232494224803 36.6742623891154 36.8892093533668 35.1368296466601 34.6427017259659 34.7626707335489 35.2297019429767 34.166429993949 33.0662884113093 32.4085385339562 35.0611735221787 35.0310436940174 34.7690884038445 34.3589515985752 33.6058731074537 33.8724407077784 35.6383791776161 36.1184947816262 33.136930879128 25.8460760685153 21.1885154523537 16.5612419592279 18.2804902683756 23.1659587164441 26.345708377075 23.7132115176073 12.8226882664517 7.80220494794174 7.37205142959597 19.2335836849937 38.8111665762852 38.7594751799997 27.9178643132959 30.5650840129183 51.1267853048274 50.63932992552 52.3533767394803 24.6074851127882 26.255779845673 36.523255663384 37.3102396443541 31.8227513132463 27.6274246126063 24.9856568749406 22.7070878734679
39.0284386403038 39.6644033203783 38.0759458766074 40.3815264638998 37.5919174414202 37.9986634472046 35.6556720431586 35.5264092780164 35.2265846943223 35.226262682965 36.4836814570513 35.6669093406645 34.8648708838589 35.7247393963812 32.7052492158019 32.8366821415961 33.7943203257225 34.8349515856289 35.8423206346514 35.8999820182116 35.1120136612747 33.6215959600179 16.5802841792416 16.9072878927829 24.1809866798374 28.805506573894 25.903777369836 10.0227222150551 10.9593377634722 9.48687513096712 23.1446089830321 37.5804442390469 17.4952463396075 13.594613185495 9.98716343852075 20.0574605483218 25.5557016615048 27.7436316584412 25.1126257108136 28.2325763788609 31.8011831550939 26.3139679514654 24.5480243411886 25.3992374769068 30.946023984241 26.808646639873
41.9086227477851 40.1262530065787 41.6231513188865 40.2997951696922 39.9754424573726 38.0776175716783 36.8850159471423 34.2957012322517 34.1839037241381 33.8245164771839 34.6351370443663 34.3709785632641 33.0928859001252 33.4136162493821 34.8163125971145 30.6402505225394 32.0975948406426 33.2933882127053 33.9042361008313 33.8416964200172 33.4640836495151 32.6068437573838 23.4187301144528 16.3034342141376 23.4963204483516 29.8233829090771 19.9919921464612 11.2455863206081 12.5258004598574 18.5084792181912 37.2893832819779 17.7207951012289 6.94602432138963 11.1097857502573 6.46832325651984 7.56796947607256 15.0074071353621 25.7503263648013 25.332642001494 27.305053751139 28.0661429967997 26.5424769623164 27.7939198850272 35.0930717105224 36.8406752985853 32.7033922890837
38.2598881784754 39.0040908523433 39.0063969046988 36.2926105138043 34.6478659075148 34.048770787941 32.5524422121584 32.3953024686772 31.5548408122348 32.349682375239 33.5061399240524 31.8588042290688 32.5945126792892 32.8695209094425 36.8850414038555 37.5333597968107 34.4761000619177 29.471491447759 29.0670535820358 32.0649313540007 33.5076897990412 34.0739581565197 32.3179646809993 30.937515644327 23.1358877978719 29.6000568083532 17.4915856019125 12.3209300065964 16.5492951655567 29.8228084796163 29.2951775518437 14.1249909303848 7.78090198818528 8.02885362927031 6.5936808229133 6.3292741184964 9.62851515745451 22.1582148197858 26.3443197333688 25.6912584182731 26.6993934600886 28.313107228015 30.4734934661113 30.4799809439194 32.2233425525865 26.7778794031728
40.608982864335 38.0630497752251 36.1889753443923 34.6911210252169 34.2086341003098 32.6506343503746 29.9968777005356 32.3818535846251 33.3221518439063 32.7772700857836 32.0982792699961 29.9772534169575 33.7182797312179 36.1092179486936 38.4172817487053 38.930305341341 33.5983481093922 31.4150385262311 31.725288467887 32.0683574135226 33.4564684396157 34.1831532182843 34.9369753731825 32.4246986577443 28.8348359776594 25.3400135079824 22.5288925956625 21.4363047056105 24.0529465407649 26.5653761120624 11.4673230237783 12.9595020912425 12.4430645041589 8.03414500120908 8.48011086035085 7.65680953324808 11.6783232017838 26.0591168426032 30.7273720179556 29.6285722053891 25.5154398254779 24.851137872377 27.0966688683754 22.2943472363656 24.8224787780556 27.6233633274301
41.6739896202369 37.076208294405 37.7862730193563 38.0545147670312 38.4551594641049 36.6935856252031 36.0535751750511 36.2724738531031 35.1359440623798 33.4632404420494 34.1134578345487 34.3143748601127 36.4261465972474 37.1878641186309 35.2335210545367 34.0480495204412 33.2687954148212 33.7563191932316 33.9107283926286 34.5607489477374 34.6656483546512 33.657616397438 33.2255706896527 29.5803519236413 26.8416817251264 24.587015122229 30.5979934451721 27.636070255846 28.7686093426994 11.455784504044 6.80902154836103 12.7451309202175 11.3122962673823 9.64363505910027 15.400993924619 10.0939698576759 9.05385101751846 21.5967890529826 26.9452038344714 29.0114321688178 26.4303308404216 23.2108060967491 23.0346197036321 26.1898413678615 14.7106623072703 13.4676599883004
38.5468233863484 39.010496507703 38.6552330702233 38.4562230203722 36.8586689435894 36.1253619292344 33.4113972244019 35.4953157808802 36.2680964372882 35.8414021709956 37.1779878614698 35.4082982398076 34.7718387488533 34.2910713174464 34.6646319057249 33.3453551058032 33.1937284159504 34.2738107013682 34.9401939387226 34.1773767229658 32.9280863455358 33.2410411910729 33.9083426991001 33.6918269064197 21.9647744282103 19.6462079026456 29.423169574042 24.8670030868222 29.906990503233 23.2776672027916 9.20459106047894 11.3619351769307 9.9630066274222 15.7743792515993 17.3822987467527 9.19552000832625 10.347682269205 15.7413412118139 28.8524364990378 31.0899700399275 30.5571864357711 26.7371980740573 24.3277873194944 27.0508072353287 20.6201942408317 9.49598646841936
36.9530212161964 34.1999077527204 32.4823658108282 32.548064223877 31.8089794184206 29.8883287806308 30.7480326235988 32.7507418994737 29.745100556079 30.4920362033726 31.8738650140557 30.6273298523714 29.9187482340505 32.4211756395465 31.7196877755223 32.081837955978 33.4437503181691 34.8308187649329 37.0850938820543 37.6798108687956 33.3488136069811 32.4407031829552 35.6536214243496 35.9168053980303 29.4681741564901 29.0686263767926 34.0531787115921 29.7742164254116 31.8070252398156 32.3667207162444 17.0898034155487 10.1058514971423 9.18671371663755 16.006422019806 18.4146049680596 11.0427688405911 15.1525239662345 13.0757908715043 30.1139168763171 32.3793811657836 26.6102071226686 26.317877777801 25.3767030406145 23.9284081944629 19.2317817902231 19.3019283351223
35.8918492281642 35.9409126357698 36.7565094795383 34.7906952335564 33.5937198182461 31.4460056701844 29.0533266275974 28.1929427658608 26.0169197972686 26.953058552003 27.0047973206599 26.1921996487919 25.9016441182607 31.0175715658113 32.8481618534533 31.6168406855685 32.2444810293437 32.8606680893111 33.6546026238319 36.8165331232775 33.7661283384891 35.2898075858051 42.2577840061613 36.321170152236 23.3822412453513 29.9082855322896 34.3856913358019 37.5799119272052 37.4340816509609 30.7151766761428 28.099874381136 12.3785798514431 14.2131489333116 21.0700177798248 16.0221512443714 15.0269979249292 26.1262284834576 20.0993487193516 28.986601700483 32.1914867946637 31.32474657975 26.1817793612319 24.0142325011238 29.4782795428478 24.3066562916734 19.0003717169042
35.4259433853095 35.3950233197791 34.9808414648762 34.9339322185361 33.519199252645 33.5516656386057 32.5898988730809 31.8675289911185 26.489539763611 26.6351065445638 28.5230833377865 28.5647503927017 27.3317170543059 29.3167670562496 30.9735867415121 34.9285078070286 34.502112176533 33.89038997268 30.9725718504717 38.0397490822543 31.7676424757126 32.9972361221296 44.3927359593999 25.5132644040337 16.7153434762851 12.9948735128551 14.8552563014742 18.1062882460981 25.9985956452954 35.4295752920041 33.1084309628133 24.4387422961318 29.1500312201001 20.4536632748915 10.847988708006 13.1564677186103 22.1164616571897 31.8404521449852 32.9447125420531 29.3854949098724 24.5604520114433 26.5442313230068 27.4838653720799 29.4773180046951 29.097538302637 24.4419652608485
34.8532490203741 33.7442442522235 32.8687870034167 33.5573826853851 32.9091953368607 32.9304111367711 32.650304859731 33.7295969923994 31.8746067466997 32.6368403896442 32.7191757903222 32.3526966885992 29.9750027825339 31.0327919330437 26.2540274378642 35.990836908669 39.1946644235941 42.9991047101225 38.0011192229169 39.7479723989413 38.0601515522821 36.4433056860116 24.445788816477 15.994500035214 13.7330517293363 21.9187818133538 25.5562143577378 14.2404527358139 13.2590387111386 18.7689545336589 14.9009179584521 19.7636667461498 20.6308192354089 14.3282247763947 11.7855835126849 12.8961336288394 11.8118937069329 18.8187280699465 23.5344724690356 19.3486894929033 17.6892725431264 27.8402876572284 27.4651542440773 19.7035339485153 21.2762561460242 25.3329448193733
