IBR/IBR_outputs/all.combrep_1/Silt_Total.WeatheringIndex_Total/Silt_Total.WeatheringIndex_Total.asc
NCOLS 160 
NROWS 95 
XLLCORNER 210004.651214014 
YLLCORNER 7350008.22228844 
CELLSIZE 4999.99999999997 
NODATA_value -9999 
[rows 63 to 83 of 95, columns 0 to 45 of 160]
-9999 34.6244840578035 25.9089516428741 15.4878206803303 15.8043657784185 13.2350246290419 15.030554632118 14.7226730361372 11.8750944097033 15.0860346051161 16.8182402668607 16.569181795671 27.5842833361601 19.8480261110541 39.12124889428 68.4718592287822 93.1042795251949 87.9558476743324 95.2227986868537 99.2424587341418 86.0119658986551 54.0366850150004 27.1537896970788 21.0378299701556 33.9320827837439 29.8907116070707 22.9632222363593 23.7985647043412 20.5307907180658 20.0501416047572 30.3537360492222 26.9451374300275 52.979232449369 29.7003633792139 27.3403037231198 25.2470514949201 26.9342798450688 27.2652342296861 32.3402439598574 40.2718475728317 38.6035744419277 36.1433099363544 33.1844117190089 32.0213146566778 38.4859944941006 39.0132258836599
-9999 29.898945558701 26.1851902207503 14.3728645376503 15.0130333928158 13.0700486250437 12.8434046010071 14.5759557208084 14.3265172667603 15.7823535351107 12.9024261561629 11.7347536150269 13.064246768579 12.4191208100263 14.4165945257435 25.1300886561102 39.1310585395994 52.9718617190789 71.6058692233227 68.4037349232643 42.7503712896805 34.5096707081351 42.158424376391 29.9325900311887 27.8688977587403 21.3534246422314 26.2800894407016 25.9991866532486 26.5540517381367 24.5001799894891 27.6598632227618 22.192671244579 16.4200849251303 19.483534491189 23.5730518384023 26.1619979987742 26.1209619452602 27.8498952976135 30.2793253688208 37.9298951007801 37.6219592874171 38.2822688439679 39.9493194740451 36.9837395472386 40.4305030428204 37.8723424025867
-9999 29.4119910286764 25.1121551120224 11.267956843932 12.1605116612073 11.4145593037169 11.16383198238 12.7543583019657 17.1139823682686 15.3966491873516 13.4429158506549 13.0893501937016 11.4764300771412 10.6484506808644 12.2079158557688 14.9802812725459 12.6073848776257 15.2021853000841 16.2109345933801 14.4752177493472 19.0323362678697 22.8481540810872 17.0006754172401 16.9951108135836 21.5121729183024 28.1452968348757 51.7735594265773 53.0390310310799 34.1116959613825 24.2873804985907 26.2013942867103 26.1376474586994 28.2303712080102 28.3834502657883 26.4739325733913 32.8998442357311 27.3935256234153 28.5321770080709 28.7311049146091 37.0092701705136 36.604158351 40.8870754144046 39.1642036031842 36.2952924464447 38.154238308865 37.0260890791251
-9999 26.5957381916253 22.5770885297245 8.13413483027936 8.72998823536243 10.4581797444734 11.636076627744 16.531034637529 16.4334493278224 13.6492932700779 14.8363211042879 15.6292767266533 14.4871901573427 10.5998459330404 11.2012295856525 17.3598637920335 15.61269073524 15.5682287015734 17.3615076386039 14.3665371260942 14.8984319377188 21.5080589142747 18.2154060015166 20.8970333702405 20.6232905141111 20.7470191069849 29.1162521994865 37.3796579257809 35.1399481208806 24.8024698293181 24.0278325803169 24.8239248777164 27.4612841853478 24.7974255059765 26.3359078997007 48.3911096092383 28.4210573684525 29.5679055261289 30.711784073445 32.0038144641547 32.4889835626262 35.1731377543938 43.0339067459243 43.383923194316 41.9804563558749 35.8641865587775
-9999 30.3280976871749 24.1091899062383 15.198126270088 9.89371523136478 16.4376053969022 15.5356386380251 17.1099866762106 14.6317953663147 14.8214563855677 16.0544838501852 16.3521638351753 13.7835322396407 11.8196313839291 11.2911063994958 13.2528849958042 13.966282509513 17.7839175157533 18.4584237773113 17.4931198415542 20.9026558165984 22.582447765219 26.9266438151936 23.6177703809142 18.7480388300692 18.3330511222372 22.6643384103629 27.6620810442417 30.7680935360614 24.3923317081204 24.8086491646339 25.2916873808609 25.5007968584712 30.0176203237711 31.0323276467675 30.9794631104104 27.4574069896674 28.9123623131888 37.0001325254267 32.188729003108 31.2838118928194 30.5374741971596 31.9069312215266 39.8428476412452 44.3100957930474 44.0813713018659
-9999 33.7370917300328 26.8261569629454 20.8932576720687 14.1901319177602 15.6157220999779 14.3669896486105 12.7059302127698 13.8007463387746 15.276070093344 16.7283020945768 13.7361221486376 12.9479107630457 11.5628030729551 11.2741000151915 12.8961977766854 14.0130241305249 17.3569459066945 18.8722884333354 22.5246718700906 21.4008903806292 29.2960435041277 29.4888658709572 30.7564554889621 21.0467541910457 21.1989637051232 24.01390179486 28.7747730668913 34.9363024695199 22.7715673381574 23.7572688271675 24.0924408761195 30.5059843325586 46.309774745581 26.9334666576653 31.4920446837064 43.7674641476609 38.6524791679893 156.082543339451 33.2495523588068 32.1028714194285 31.0460291260055 30.3076345155245 37.9148170708937 37.5497386115654 37.6348055346205
-9999 27.7975662930142 27.1903298404443 17.0203494213998 12.5167950655288 11.8374686736461 10.5519140682671 10.5872692218571 15.6389501307615 16.3194219287359 12.9038525924691 11.4614099173559 11.0869155327875 10.7971159392276 11.4245795732049 13.2277957895439 13.6711292033235 13.4552141909563 15.8867844001298 21.3648239759922 27.8567920588369 31.3025411494673 31.4291341507778 23.6118387988955 24.0137029442404 20.9451481126479 24.270270127896 22.8555911752067 41.2595494511945 27.8121869799045 25.6211261383138 24.1178798042184 28.318447486203 27.0308545568477 34.2458636342895 33.269242128759 32.6201201719824 55.0134930180944 59.4860176590504 38.7022854695797 32.7901790781583 31.4724870033741 29.7984831446392 28.7532256262309 32.1731206818662 34.6006149462922
-9999 30.4836452183509 28.317733723189 15.6466147845082 10.6882575924827 13.7325032467347 11.557591760661 13.4476902149784 15.7580647623264 15.2845662250767 11.9579823642508 12.1576129184515 11.0070482256569 10.8183518298805 12.0330279056123 13.6484036300512 15.1969871013982 20.1323172648551 23.612159455542 19.9297348974301 27.2900420540785 29.9505076047227 32.6879205796791 27.517357667913 28.1032267270988 31.8424789527341 23.4058077239517 23.2064432791204 43.6146976531854 28.8435677458771 30.8408853980406 21.9711842677954 26.3656963418024 27.6876836470981 28.3517584156593 29.5418778565231 30.4782534813649 33.3324672960969 79.4136520436148 42.9821045853017 32.7912739726321 32.91702503294 31.101022897025 29.2997260685554 30.8251963825587 38.4976408877276
-9999 -9999 22.9814388345532 16.5823809126547 10.1541747779818 11.2367049802705 14.1110435892129 13.6258241474882 13.7406446570647 15.0848891190522 12.6099517913252 11.4260200893966 10.8323307378242 10.6749987963365 12.1526706833695 15.1935177173364 19.4697025867817 23.408039794677 27.1689207133566 26.7314651342699 29.5817222990701 31.0828635155564 29.5392734440838 29.8778313221833 26.6364864816823 28.8894130008021 29.7114150138736 23.2785891018618 27.3254185566474 24.9246538795069 36.1671922238983 26.1264897902554 22.7555380811387 28.2532353456482 31.5216060401997 30.8070345836324 30.3104237224485 35.0868353130202 45.1281852232578 74.9206725808076 43.8574191803553 32.6900146624857 33.1681003502492 31.0022202360807 29.2899706147674 30.0836013429871
-9999 -9999 16.3175355470722 14.4270583401206 12.6015248186114 12.761549014797 13.5502303005374 13.9780247593592 13.4761610141985 12.7053289771918 12.7408956061913 12.0267676479624 10.7777399333391 10.9255265994724 11.054700983939 14.3898616233857 17.467437465191 20.6890623056137 26.5499131681862 25.9301266249196 27.9697872440956 28.2526235712477 31.2107100708814 25.6298824187759 23.0125182633319 20.9579251527086 30.9802160176931 35.4020500377955 32.8370590850729 29.7577064462351 35.0728847328439 29.2066496709987 75.7657680841536 26.6895985078773 37.295808085001 38.004206932695 38.8377191618039 28.226067754088 31.5468284170675 40.356126276666 54.5271870759151 36.821494096168 33.4426950018903 31.5075582850636 29.8820752862627 29.278058468359
-9999 -9999 12.4796197100336 12.4083125845355 13.3777275140276 13.4283626917657 13.8978842090936 13.8596639696815 13.4791187556207 11.9955789518458 10.879736394846 11.1945633007035 11.2765895459968 11.1634717854031 11.7097421142415 12.9055518968528 14.289757108244 20.221136954448 24.8577397211053 22.547803133181 25.0801648093338 27.292801014375 41.2291040834133 29.8600603863407 33.1951126517857 27.2329906834794 32.5407973812487 31.099800106414 29.9528650488566 32.7153380217302 36.3194087472193 35.6297617729329 29.841763944933 22.4075835475898 37.1526944674848 37.8690754174115 37.7263217587343 35.6514170043203 26.4024683810556 35.817645819435 34.7304549645313 37.5350275806104 31.7800400292502 29.9433501508779 30.9275940377766 33.6932346721127
-9999 -9999 -9999 13.5543645766504 13.5519510882865 13.6310667335516 13.6594828128915 13.7573649621344 13.7718330126617 12.0507673408214 16.2930464897788 11.5290163386593 11.0920081491325 13.1738173260996 11.7128541342103 12.1704343325761 13.3361996499622 16.2655344503302 19.1629673676431 20.2637674668062 20.2948662729556 23.9918733385339 28.2378730523314 46.5408542767856 36.7936720734147 39.6914357909634 70.7566187286119 51.0810741239994 32.384561421692 55.0918002383362 36.7376716681053 35.0646106622453 36.88340411924 31.586608769258 30.5845540768794 36.2348613962595 36.6856868491664 36.2874995919908 30.1091051597652 38.6917856638014 35.5872191782384 35.0583747569163 36.6531327493298 31.6803343824739 29.924142850038 31.0256851416011
-9999 -9999 -9999 18.1325234714521 19.4297717795918 16.8962796495111 14.7870898981389 14.4385905878577 14.6776320981283 16.3810575460525 15.6506028699835 11.6761981970817 10.6025268785261 12.5706638387906 12.3097603927175 11.0320416193788 13.2699691382946 15.1673705465277 16.5920654514525 20.4550560405991 20.1904279171462 23.4396377131498 29.4056279577752 28.5446786355952 31.0731526942947 80.7731763048867 100.377938109604 146.191483162866 58.9361441896101 58.4449928618963 33.4661047800776 37.7040083423504 37.2839511544259 36.0380517311472 37.265746017952 35.6747886416831 36.4112187649294 34.5754133722417 33.6694832128953 30.2853336430515 34.8091539167125 34.8261899295817 34.4767266170616 36.4430489825486 30.5468570631745 31.0051032914115
-9999 -9999 -9999 22.4987719484397 20.4243872867508 19.3422975934257 18.8406186685466 18.9781849542989 15.804385244583 15.9626040727526 15.7476379952776 14.2967011972998 10.3579967411426 12.0007321441627 13.5054109185333 13.2325110359375 12.807883156171 14.551162600963 14.9424798875495 17.1394952111991 17.8483709459978 20.1090259530262 21.9748550694864 26.0697140200276 26.8954734304844 44.7582748237499 66.8239970776141 55.9339732621498 51.2292772983567 46.5377740194335 41.42460370803 36.5370941957985 37.6377586966095 37.7386100473114 35.7606086501308 37.781872440591 36.3062619157268 35.3576527896598 35.4917830147634 38.5880477687518 30.3112037130914 38.0143917580189 33.0624086144798 34.6527311372844 41.1834550165518 31.4087279836805
-9999 -9999 -9999 -9999 18.4500435558537 14.5593492544722 15.8387833829611 16.9568622732957 15.9241542655767 16.0024842600744 16.265611773328 13.5823746861505 10.1189522550528 11.5099100655796 13.9429120451961 14.1996351957339 11.5002712340128 14.3979749435395 14.7569521931543 16.0718620879604 16.2035577005678 16.6961433236978 22.5441141152081 27.1797225339348 30.7279166266757 32.3335316767912 32.1188346204502 30.9231204148795 31.5886257609466 36.2523389237318 188.626329766349 29.3730798599259 37.6606935791614 38.0861314535092 36.645173087373 37.0860678793907 36.7733216924225 36.8357330868656 36.5544728175556 37.4205662077903 34.7881354888079 33.7870806686166 34.1717760011762 34.181106783845 40.4869925266861 37.9157966645338
-9999 -9999 -9999 -9999 14.5471779100917 14.1567744434911 13.6693287035911 15.3850866289149 16.0233719209311 15.5844535484304 16.424858542271 14.9638524869719 13.64809338489 10.9003725983607 13.6587388612576 12.125351900937 11.8342837964809 15.321141962107 16.3697855831189 19.5556640864203 16.3505914561177 21.6534129455093 27.3839910727867 29.9355340652825 30.2349322520625 31.1256816566893 31.67732662841 53.7954895830708 30.214068878286 34.3770309583726 158.497003890308 240.933133870114 35.091924103565 39.0694374031044 38.645067092071 38.6904524506895 37.5686387932058 37.9869120333296 36.9342260715264 36.0759487226209 34.1769479785241 35.3192843138734 35.9347280835854 34.8261640568063 35.4701346063798 38.0195430033324
-9999 -9999 -9999 -9999 -9999 13.5380883509246 15.7046724394244 15.2416393398501 14.6523055972676 14.3379076311972 14.9046068292788 17.7361523847565 17.7874728668252 12.5591080553774 13.107992626194 12.5619794580921 12.7320801330241 15.1621058561026 20.6922747958882 24.3643873000164 20.5318550267889 21.7661031196921 23.6413159066997 20.6082791892071 26.8630815205329 27.0189148794844 28.4104813098653 29.8755881147679 32.010963687506 33.6598916757412 138.215243985664 242.967346134558 30.8984969536093 36.514841263363 37.4585159190919 38.125245797314 37.4322744424841 37.8102966850976 36.8731321941497 38.5792939314634 35.6579969271836 29.8534904841729 34.4390581480606 32.5426702554579 33.9091630577672 35.7396761477034
-9999 -9999 -9999 -9999 -9999 -9999 18.0742877219967 19.4563208297468 17.0810029535348 15.7364478813559 15.9910754765063 14.5937270496381 15.2645144959813 13.1414901508171 13.0880529343149 13.5336636100764 14.4242026516223 16.8395456981798 19.6185225459267 28.4359026716466 24.7944805078107 20.1623798390694 17.1342433220466 17.2759629300417 22.6217078996312 21.237219586099 19.3397973681221 19.9836194777955 27.9379813531333 35.3177840934962 35.2105185722877 36.9812601378286 35.4011168745305 37.4020218580459 37.406497990833 37.4937961955508 37.9386747445603 39.0910955260404 38.2538077148936 38.4409616500289 37.4722565330389 39.8107776559687 39.0610513480957 30.8564700762344 31.8003779654138 32.7284499313853
-9999 -9999 -9999 -9999 -9999 -9999 -9999 19.9472706539788 20.9593126546281 16.1044777972094 18.3532647012134 16.2723873625418 15.6010183023493 17.6396074706519 16.019425532121 14.8411308501797 16.0562273778003 17.4629008707498 19.2528466894384 20.4600390249027 33.2942865312003 26.1554208020502 20.4772748867421 19.6068799991246 25.3641305669742 19.4453098656689 15.5527740139798 18.9331731741784 22.4303502623598 29.1350981339358 36.6468369629643 34.2701636849525 35.9568926541014 37.3782251880678 36.1776448314187 38.3764171576983 38.365760614968 37.8864265415202 37.7940780191634 38.1543709001463 37.8145722246383 37.4342491718832 40.8437301395514 30.2546159012402 28.8821143622674 31.4405221830568
-9999 -9999 -9999 -9999 -9999 -9999 -9999 -9999 24.3641526094864 20.5803795319678 21.0639191681793 17.442531712354 15.9481178768917 16.4983898450307 17.11437288924 17.1020701554174 18.5814179695151 17.6642578834162 19.6341041863505 17.9010248436599 30.2306219894135 44.4817640993433 50.6958948326959 31.1776136076208 30.1381967628483 24.8958632519477 20.9667785937941 26.7975386787544 26.4024499091538 28.3088712953222 37.2487756036004 36.8730082636636 36.0840343107791 35.6345044647225 36.7845763798528 38.2937636844351 37.9060061392935 37.8192477404746 38.0517456790971 38.2740607145621 38.2693808632836 36.9185403866561 36.9490762131155 37.4245306244161 33.8797499588913 34.1600536207348
-9999 -9999 -9999 -9999 -9999 -9999 -9999 -9999 -9999 21.6578149248437 21.4818443203919 19.086476385086 17.9474394531359 15.8212533541781 16.2389584280784 15.194855130588 17.0697072807114 17.0506920570513 16.890522882533 18.7798531503294 18.8210901556836 26.7390454201513 54.435566793005 39.3783823142452 24.0896308572559 28.763557798568 27.0613224798688 26.5529186687637 26.8699590013815 29.246854958258 33.0191297136605 40.9175372687725 41.5930252329963 41.7125016670578 37.8538378851337 37.9653667112314 37.4175979005564 36.7222760222595 38.7081095365488 39.2116316554441 37.9097997946053 36.8371493672258 36.232585633024 36.6094049555088 39.2975932573107 38.3842048995481
