IBR/IBR_outputs/all.combrep_1/Silt_Total.WeatheringIndex_Total/Silt_Total.WeatheringIndex_Total.asc
NCOLS 160 
NROWS 95 
XLLCORNER 210004.651214014 
YLLCORNER 7350008.22228844 
CELLSIZE 4999.99999999997 
NODATA_value -9999 
[rows 21 to 41 of 95, columns 92 to 137 of 160]
27.8212592079113 26.4229335376781 24.9023332867149 25.6491227536333 36.8544966330512 42.962950554175 25.2000559090945 27.4178991141662 25.5883529665014 24.0547134198873 25.057426738729 28.0295206152876 28.436095015254 26.0350009218283 29.5787304165695 27.8588077786127 20.0936463730059 28.1764802976589 39.9054230187892 29.7402930053571 28.1668113797061 29.1426543754324 28.2801997143498 27.3463165407783 25.4131805751836 28.27134564403 32.1678808339006 29.2226752613286 29.9716457816824 28.0192450592217 24.9620766617895 26.5146471092087 28.4365920634729 38.3410768349838 36.6310259878452 35.6801592445168 28.5594071684985 16.6482178795997 15.3511879836312 9.69373625509431 7.37422892263229 7.58040832281394 6.12897301043486 8.4919088752632 9.24569395347644 9.69610915721439
26.8811203777898 23.267760478117 25.2047123780208 28.2451902440932 50.412485990891 34.3339686289717 26.8998437031115 27.149146844022 24.5023058880439 20.2458578712447 18.0070759222472 20.1829210629555 23.7016832213781 26.6360256095046 27.3976703100991 22.1708760960888 17.2157915337828 21.1811071199573 27.3623299507146 28.2957709597247 26.6606456776286 28.450157914495 27.528080996824 25.4837928402883 26.2581032006011 23.3813600757006 23.1625378529021 24.706719222345 27.7084059304121 31.8764163848613 30.7181382936064 29.6176566852621 35.7880349416789 39.4581630790512 38.4283398946899 32.6880745928379 28.5483294745197 15.5501228433957 22.9030926947571 20.9546519322 28.5944877985899 19.9477018816457 13.5458593255122 11.4303710110296 10.9501496079947 7.39657046949351
29.8235593902458 28.0426503975972 28.1152291805224 27.0393635541667 37.272021546671 26.6906290742554 28.6730730936922 25.370734347257 22.370263891069 26.4753263884677 23.793300494461 21.3818519658869 24.694738296518 26.7438055893358 27.0613238723647 18.7112855324386 18.7706103059968 26.2848368508656 29.8395106213456 22.2564094047056 26.1655814677261 29.9086341711971 28.6589823546271 26.4581537366134 27.9952273722159 23.1449340775538 23.672734851582 26.607383703457 26.7877721322481 28.9454635108246 30.0007259442607 34.6892746346792 34.6857193952817 34.3858522483661 32.8442668895949 31.8989532572326 33.6167631664367 29.7872269699888 29.0761807629491 30.0716526951567 30.4569142771884 38.7847337839786 43.500121233748 31.1168181491823 17.8552093246931 11.7607636685898
30.7098993152846 29.496792573781 41.3986838726199 26.2213468809683 21.8865280419818 26.0194954074893 20.5595257884731 22.5414277710232 24.5230024252404 24.2282847675389 22.8580083647552 21.9856632010114 26.0892368840133 26.695117966114 26.559998372151 19.716170502048 23.8942364321908 39.9518551260764 40.0132570746428 27.1675870681264 25.5836431701067 28.1068313507439 27.984834342209 29.0295783047477 26.7242851548966 22.0098513497475 27.5310251321834 28.1766423415394 29.1257098366352 27.0791101694027 33.2531695276056 45.6521252368629 36.6348411384727 41.0057551045427 37.2772304067382 29.75227410712 30.038383138513 35.3172202038715 29.4331765921582 28.8600926295888 26.4131816199893 36.3203258113553 40.1742644389333 50.9325273345129 40.5388404240378 22.8497848016825
27.7299480850078 25.813867415786 20.1395682884224 17.419337299513 19.547760726821 20.5026354478234 20.1411844921019 21.0872971537948 29.3569014791215 24.9069408290603 22.0477530696411 22.540261961382 24.0147262025679 28.404337913596 26.0358400650166 24.7288572255867 30.3364958272411 30.597209327153 40.1052577022551 43.9510165568317 30.4125755348949 26.2773862238346 28.7994034336203 32.4436247369183 26.5959151904177 24.2449256053405 26.8683084896046 25.9615727024916 26.8999372138812 25.2951411052365 27.4096392743851 36.9622903524093 34.8694362422848 35.376159018731 37.3010271856572 29.151584440391 26.5628717524822 26.1990867240148 27.2920461951559 30.1316106047341 26.7052092594814 26.8726352805152 43.8451169722822 42.3393283467532 39.1720678001986 46.5301592546487
30.4971990659089 28.2531409541192 25.7234785779718 27.1663656837072 29.6159952293295 23.9797051940996 25.8047297853582 30.3530391159846 28.4634880701151 26.2884482639113 24.4986667904984 22.8515326741116 28.3986204416882 25.17279492511 25.1016220007481 30.9203261093349 34.0479761030255 37.0206343148364 42.6553911845583 44.0005254129475 37.7257829342972 27.6017103521528 39.1482229360808 29.4704466276692 27.0551133235519 24.8690326227298 25.2490987039018 28.2923768986816 21.84406703186 23.8340720356761 24.021358636498 29.5659293099486 29.9391109137504 34.9800814175858 32.6320754128105 28.9906455624346 29.167389541922 32.7713209345467 27.339926967678 28.3278769370732 23.4586579857936 23.8477501698464 31.7619488331168 46.3221263338033 33.34523531276 29.2031785462326
29.7313892358303 34.6295402771551 35.7167510936817 33.0066220467 31.2023298827428 31.9496970461883 36.199847077697 62.4789176059842 32.0755425642372 26.7769064948896 21.5063823554757 22.6959462826282 31.8538592643834 27.6042590353919 29.2846123067425 40.0999807746611 35.7129105166674 36.6377616912079 39.1575006234608 37.1047887596557 38.1970476128054 36.5454441242876 35.1991092861989 30.0099939775532 25.8253022324784 25.2935682830418 24.3824897275726 24.267613791471 24.9488300270845 28.8076840076759 30.141274284361 34.8244098890142 33.5699383176511 30.7859478113857 32.7673847155871 29.5654035038326 26.5121094716637 31.1736315073641 26.511771542884 28.9883861166943 28.9274336898033 22.4078854298267 29.4498474433516 43.451777767042 43.4739127629591 32.5749426064687
32.18663299547 36.3857954669593 42.0672136779418 36.7843469934543 45.6194897476888 48.9390732127825 31.4834415084196 41.8863832013008 29.7134243036475 26.8817836292434 24.9318561302457 27.9914229202017 29.9970080562953 26.9628764453543 27.7854362398427 35.5611731324291 38.2039876201895 42.8379102215331 36.6772732088483 36.1890100716951 35.610266408099 36.1920084352469 35.6466369891367 36.9507655050657 33.2288384331361 29.8273770957681 30.9005419163485 31.4066713344202 31.0946695267203 26.7627736341576 20.3066829334625 28.1319899963025 31.8913885078324 62.2233425770938 27.3401546852142 30.662844460306 28.2318821102725 22.0242939091089 22.9401506190894 21.756997007818 23.5983408247424 20.9745913456199 27.1937113517213 45.4568153371699 41.62383122326 28.7476562417364
24.0727285734472 27.2956427369854 33.0431547817918 32.9891233855252 58.2377199905352 30.2897468692916 32.3834494326776 26.2737462669196 32.0500548922139 53.2833132043875 46.3475410526014 39.9401598394586 32.7114169385914 38.5604563918018 31.2534726084564 35.093830591931 32.8134240176238 36.0075099818592 37.387496118817 35.960969284701 36.1743609264139 36.2207236509589 33.9123274708067 30.194963232628 34.0736047865251 28.5938310209133 29.6328024832368 23.90692817147 24.557164944607 22.2654870334039 18.2124474674005 18.6132697002516 27.1055972933749 23.3339583772704 25.1154856617677 29.8028063659272 32.2503924054811 30.8122836763065 27.34573765402 27.0870421176748 26.5129409405834 24.0067571298884 27.3280784436943 43.1457257698367 39.7972479211722 27.4843080973456
24.5518020644854 22.1315890186835 22.3176994316535 24.346984706483 28.9863185622188 31.8108055700679 34.2284148317267 30.1576476953281 27.6968354352219 35.338167459823 49.5284278315036 59.784542080488 38.9465158852485 44.0287679960112 33.1882511398414 33.8371019287167 34.3800632545052 34.9264727625567 35.1152224196419 35.9277759488315 36.0194716913467 35.3664225343535 31.7325772710169 32.4481519126823 33.5417351900542 24.0532387788703 58.8204315637431 68.6261232823739 45.1693921933298 37.0731205689109 45.4475640216517 51.976028562081 17.6205102997934 17.6848007174293 22.3199970510178 46.7021014446493 32.378930996051 32.8755975408575 31.9029877052054 32.5011066259251 27.2974745184453 23.1203952122723 25.2762117752572 27.0038871815999 35.6783424842165 26.8282388716331
22.525058210048 19.8095857181983 22.0634068895583 34.8532445473967 51.2557236493259 37.6871476779604 36.0745889843184 34.9495211418938 33.8544532549772 41.7106445298775 45.79426398536 45.5698085394474 36.582392314539 37.9925841855738 35.719921206541 38.0133350046071 36.7206946792204 36.6275687557835 34.6918148262001 34.273099448844 34.0784633674134 34.2628875981773 34.1337727402255 35.2352808346067 29.1567458091669 19.2407364738632 25.879436985065 28.824181304759 30.3090449373409 27.1393323902138 32.9295212750386 39.1943562366966 46.8793650314615 36.163228297626 19.2826650873198 29.4505507783768 25.1033570253631 31.0193065212974 31.8499298835251 29.5493269316559 20.0766487658567 24.5536434149492 24.2312253854525 23.7974868879183 29.6127873345262 30.2070544658636
34.9606368187633 27.9080106363039 21.1372902847508 27.7297582531972 50.9374298886405 41.1790957477829 35.8015028674862 34.8569663176168 35.1357591165521 35.8863583478769 37.739100111093 36.809724316331 36.5132277293164 38.1788578669946 33.2683854434066 36.9538273809111 36.4470459882478 33.8749333599642 34.1043458038645 32.1264296196899 33.3864357478757 34.4484877814649 31.0269004238604 39.377134453324 24.5294453163795 17.817422771257 55.7656232406865 135.451849525247 50.2411766950795 31.3849843853334 26.5440679060442 27.0665639008203 26.3908681796423 38.2753257293738 21.7434014215754 20.6225598734981 24.8777837441925 25.3339123183982 31.7334952211242 33.2207749642385 27.1227195020405 25.1906820334524 22.138652085643 24.0400691083424 27.0428643270896 26.4783133132894
37.0214576510704 29.5821476592028 24.2681438464077 26.6876047410903 41.941487969934 39.9561576937621 36.037965421642 35.2679742407754 35.4861214669041 35.1975754878856 45.6301004832368 33.9022853470654 35.6538571818734 35.0933599329329 33.2359739180427 36.0871130514364 34.0391529696205 33.649799482966 33.1569021567763 34.023018992988 33.8132618309714 35.6412117944864 29.0277295582157 24.7178348922702 21.5998870252347 18.276321252253 18.3438932798889 17.9420766861806 33.4032735800883 23.2441580411696 26.6149803240554 24.886064151893 26.8447869474862 35.7864576859611 40.3310996820292 20.7327685865828 27.9438503041038 28.0582638576219 28.5393430660964 32.2824543639722 31.2303774091831 24.8457745804309 21.733765315448 22.2063193696678 22.3949003259324 24.395626642078
34.165519979433 21.9811591916747 44.7985493074076 47.2837590906852 30.9569641354447 35.3448433789546 35.413705970935 34.6808241051544 35.9558401108835 35.1110889895182 62.4481823398826 128.158303344138 34.895067896011 34.0194104909298 34.8691856323846 34.8377003031252 33.7277371883268 32.9836319769153 31.6861687930003 31.7069279363036 33.5129390481938 34.2616517864707 31.7768918907147 22.6957465147873 17.4062676153835 19.1220436651114 17.8885575144416 16.7048491187416 19.2965190716744 20.6780355380741 26.1657322319466 30.6146245391951 29.4338855961729 35.3655914023819 39.6698160293187 22.739479690902 31.7213718775663 28.2719950218195 28.5366428998055 26.5863616675277 30.8268243767509 26.7509350148153 22.2701551726117 21.6464421039127 21.4495097636168 23.4464858690257
68.0959382405667 36.9865172218914 85.1762233165588 97.8283791657987 33.754495224069 34.6663549134207 34.1732765082948 34.8776576539644 35.128997956133 32.7357305232104 58.1231672079949 93.0435770190836 35.2140481154959 32.8492331794001 35.5408289656438 34.9789046037427 34.3400473124425 33.5626037713685 30.2543703794528 32.6695425897408 28.4639732104586 32.3385931230521 32.5433709289036 34.203399713945 24.347450699137 25.3862272763075 20.9536867498205 20.9767058837368 22.2891426019726 23.4129066525895 25.2700547062317 33.2733963936648 30.7264426577413 29.1442842065585 22.6383866821782 20.7214494466559 24.3532041374601 25.463332392959 29.497053990773 31.1998788597747 29.0151500688753 29.3913624867431 23.3160708608789 22.1378401541072 21.3265471658904 21.868328588173
145.575724999184 54.7575213202147 59.7949818461905 181.107350887747 34.7429786881141 27.3896757343556 31.2051284488238 30.0591000614033 34.7950935301202 32.2682707601623 107.680118661576 41.046163036163 35.0473406729759 32.783681141727 33.9552111505256 34.276073498758 33.7530717812818 32.3050484269155 32.3084053152265 30.8852073125259 30.2366414776581 36.8816048805601 29.52141227463 30.2602992934598 32.5329376430354 27.5894708682401 19.9420142993402 21.4697833824517 21.0297670821201 23.9322966370846 24.5862080747737 25.4952562595877 19.9338168395421 20.5461039587481 24.798914493237 29.2346429798371 27.6969499360486 29.651717569263 31.322949563546 32.4403921243372 25.6823198878887 26.2607473748448 25.3832586813346 22.5004381288342 21.6777258451376 22.7396784973295
270.865756559515 221.643669646813 157.818881744809 176.111337960927 185.575240168046 26.4055557215799 31.7707610055108 37.20449074161 31.4178566041413 32.194815191094 43.7134437017463 36.4214182345059 36.31354127789 34.1275668773101 26.3246020543357 29.1819520393975 27.9760296168046 32.0092440036837 31.8858739184986 30.1084187722104 33.7953665379983 36.955589915902 32.4357149139377 32.3848661633599 28.1232126824857 26.548067802084 24.8381793576224 20.6011031440397 20.8112949984253 20.5883286751044 20.1242205049995 19.8643155299907 20.0037413092427 22.5373627689228 30.2604109841438 25.227171893168 31.2954462437116 30.4759455606955 26.4621342822656 31.8639587190576 26.8531721033766 24.9858793300784 24.3924366177172 24.8431395557468 24.0585396823974 25.3541943341919
214.589992075753 192.499579486967 343.421480807138 235.721523142952 170.748036157233 76.9552818057179 31.4363819222506 28.3972844583777 29.3508850763076 33.6708414476295 33.8439329552186 33.9478608212921 34.8808317278798 29.4830614632887 26.0910079580527 20.4485463111081 21.311335111497 25.4570174387902 30.9973899168587 29.9422631439249 30.0942441824733 34.843162152971 31.7175496530856 24.7519569882694 22.9390197635007 25.8338920752191 31.9598934569069 21.9475475332226 20.9287084322108 18.6878977387509 20.9084272180175 20.5434901504305 20.33453713112 29.0179884464533 28.9318815382224 27.5874089776248 32.8130084427854 30.6599417569866 28.7922704333674 30.1049703147987 28.4786036732111 26.03904334679 23.408599015585 26.5803772926384 23.7122197023782 31.3437591782514
117.974740810252 132.87502628533 129.101510534844 142.987905946725 85.4312371329654 58.0639441568385 63.175753741253 28.8316537563472 30.7589752879369 33.9402702594068 33.0469905115479 33.1231020390447 31.1898180540306 26.857405727634 21.0582373235635 66.0418739272214 92.6848900448908 53.9066511998334 23.4175400545693 26.7947506325814 29.3979663880278 33.2457362034031 26.7622539900021 19.043169655005 20.4971492774872 27.8789253018308 36.8239112616146 49.8710264101534 27.4286647466087 23.1910066688563 19.1806718556784 24.0404064073346 30.4849102724587 23.7455690529116 26.5744291231706 29.8718146291339 28.328058110642 25.9944130321561 30.4603264925733 27.0316090831784 19.8602065840841 23.050427541211 22.3191887129642 22.5748678823418 25.1780652577068 23.4917359253953
22.2969639887977 21.6393687303664 28.2699073459725 38.1808792660006 34.7944945653333 36.1137034950642 76.334775245666 50.6694453494024 28.3303373404388 31.8724155271807 32.160755155956 31.7513974145593 33.3170418386313 31.44507744553 24.6316668650294 78.1600931674535 75.2099164736006 69.7155878324829 75.6548510417566 23.730279200202 30.2400648557669 31.8981455236592 25.2970273676948 21.8038391537354 22.386662373206 28.690153971048 31.8247284643799 47.0766820466399 67.1196535429167 28.1091397371813 31.659146175563 30.9858810478051 29.0257385617329 30.5907022690907 28.1611997613139 27.2675585967048 26.3586382721408 29.6118376566375 24.200776871211 22.9396340583806 20.5132199784698 39.2633304040521 26.7903843952499 23.8210001018176 29.9084307433464 28.4239240293243
21.9985045431232 21.9310489546868 22.0817290650857 20.6562666502157 26.3637849301182 27.6630570048557 53.1845131952823 56.1798576486431 23.9708546904739 30.0950082169882 33.8621323963467 34.4836088173262 28.2114276953836 34.5136140381141 25.7919757751725 105.713093512377 65.535182686302 140.973247030344 78.3290977792216 86.5644260573166 27.0445938457591 31.5013407105424 27.402149869113 24.4211889528603 30.0810066984573 28.3282574716945 38.6067857581262 51.3553797784986 40.2557625504729 31.7185429464543 31.8216561454738 31.8416207925407 32.5795177805406 29.5786266916955 31.0812690756774 30.9405804388311 30.0402579199753 28.152378706794 26.7230143082815 24.5549759435354 19.5866251903303 81.5272764922952 66.4964002458844 40.1927537937371 55.1331859902398 37.6845788984375
