0.195166 0.0260251 9.9991E-05 0.778709
0.185385 0.0333994 9.9991E-05 0.781115
0.296408 0.0241797 9.9991E-05 0.679312
0.10815 0.00897796 9.9991E-05 0.882772
0.125341 0.00145071 9.9991E-05 0.873108
0.0762878 0.00613021 0.0284348 0.889147
0.102453 9.9991E-05 0.0278106 0.869637
0.0623187 0.0336967 9.9991E-05 0.903885
0.30603 0.0107281 0.0732773 0.609965
0.245938 0.0388462 0.0265086 0.688707
0.0626753 0.0621121 0.226622 0.648591
0.300987 0.030773 0.0455 0.62274
0.0907175 0.0362675 0.294491 0.578524
0.245866 9.9991E-05 0.121066 0.632968
0.272909 0.0544917 0.0348359 0.637764
0.145823 0.0250053 9.9991E-05 0.829072
0.297147 9.9982E-05 9.9982E-05 0.702653
0.192147 0.0202235 9.9991E-05 0.78753
0.630727 0.0779547 0.169605 0.121714
0.77754 9.9991E-05 0.0425523 0.179808
0.765302 0.017286 9.9991E-05 0.217312
0.896783 0.014138 0.0461012 0.0429782
0.953637 0.0433892 0.00287343 9.9991E-05
0.827402 0.0494419 0.0319589 0.0911969
0.839185 9.9982E-05 9.9982E-05 0.160615
0.936519 0.0320613 9.9991E-05 0.0313199
0.914931 0.0462623 0.0387069 9.9991E-05
0.89207 0.0217043 0.0861253 9.9991E-05
0.997146 0.00265383 9.9982E-05 9.9982E-05
0.892806 9.9991E-05 0.0808066 0.0262871
0.950884 0.0191751 0.0224309 0.00751014
0.91958 0.0355554 0.0447651 9.9991E-05
0.898961 0.0526477 0.00322017 0.0451713
0.251008 0.0524383 0.0337551 0.662799
0.280246 0.014296 0.0371047 0.668353
0.201047 9.9991E-05 0.0628189 0.736034
0.111082 0.0458941 0.0091431 0.833881
0.228249 0.0269524 0.117089 0.62771
9.998E-05 0.9997 9.998E-05 9.998E-05
0.888799 0.0210798 0.0847856 0.00533536
0.254472 9.9991E-05 0.127039 0.618389
0.257988 0.00186563 9.9991E-05 0.740047
0.366961 0.00625695 0.164781 0.462001
0.18298 0.0652159 0.310113 0.441691
0.0776223 0.0303181 0.296283 0.595777
9.998E-05 0.9997 9.998E-05 9.998E-05
0.210179 0.10177 0.0639787 0.624072
0.162385 9.9991E-05 0.209288 0.628227
0.337448 0.0474524 0.128379 0.486721
0.000368694 0.0314468 0.850397 0.117787
9.9991E-05 0.035465 0.904838 0.0595968
0.0313863 9.9991E-05 0.873011 0.0955031
9.9991E-05 0.0500058 0.828088 0.121806
0.0684489 0.043685 0.887766 9.9991E-05
0.0533081 0.00017528 0.926078 0.0204387
9.9982E-05 9.9982E-05 0.805384 0.194416
0.0689158 0.0217386 0.909246 9.9991E-05
0.0752442 0.041184 0.883472 9.9991E-05
0.0105308 0.070655 0.861312 0.0575025
9.9991E-05 0.0446217 0.701178 0.2541
0.0749665 9.9982E-05 0.924834 9.9982E-05
0.101052 9.9991E-05 0.789109 0.109739
0.059111 0.0750649 0.535391 0.330433
0.889354 0.0251475 0.044778 0.0407202
0.894451 0.0190099 0.0214944 0.065045
0.893586 0.00602934 9.9991E-05 0.100285
0.0457869 0.0187763 0.813923 0.121514
9.9991E-05 0.0983443 0.69272 0.208836
0.0987004 0.0284069 0.817199 0.0556937
0.0589331 0.0604097 0.843301 0.0373563
0.0330071 0.0720476 0.869782 0.025163
9.9991E-05 0.0132336 0.339061 0.647605
0.0220307 0.018603 0.313187 0.646179
0.0731146 0.00413083 0.352186 0.570569
0.040422 0.0554075 0.300674 0.603496
0.182567 0.0415669 0.262371 0.513495
0.0356452 0.0571886 0.3312 0.575966
0.128933 0.022348 0.254351 0.594368
9.9982E-05 9.9982E-05 0.776343 0.223457
0.035526 0.136301 0.547568 0.280604
0.0488802 0.00827841 0.856738 0.086103
0.111657 0.0496714 0.838572 9.9991E-05
9.9991E-05 0.0567737 0.747842 0.195285
0.729387 0.0501536 0.0588405 0.161619
0.13331 9.9991E-05 0.465657 0.400933
9.9982E-05 9.9982E-05 0.421925 0.577875
9.998E-05 0.9997 9.998E-05 9.998E-05
0.273004 0.00127945 9.9991E-05 0.725616
0.187367 0.0362474 9.9991E-05 0.776285
0.197126 0.0392624 0.0503939 0.713218
0.314198 0.0580773 0.0901165 0.537608
0.115751 9.9991E-05 0.0245 0.859649
0.0351457 0.00807223 0.438936 0.517846
0.586409 0.0486682 0.0392504 0.325672
9.9991E-05 0.103047 0.372169 0.524684
0.381886 0.051538 0.123768 0.442808
0.312311 0.0114718 9.9991E-05 0.676117
0.0942813 9.9991E-05 0.000236532 0.905382
0.232783 9.9991E-05 0.0178497 0.749267
0.100054 0.0178422 0.127441 0.754663
0.0512534 0.0326285 0.0196998 0.896418
0.136099 0.0198813 9.9991E-05 0.84392
0.0704172 0.0249052 0.418199 0.486479
0.0440886 0.101252 0.310232 0.544427
0.00915226 0.0936721 0.396289 0.500886
0.304187 0.00981075 0.137079 0.548924
0.141777 9.9991E-05 0.257254 0.600869
0.49779 9.9991E-05 0.0555661 0.446544
0.0735148 0.0310226 0.810473 0.0849895
0.0645587 0.0337865 0.823195 0.0784594
0.15653 0.00667505 0.374503 0.462292
0.153962 0.0490786 0.309884 0.487076
0.256988 0.0444664 0.29997 0.398576
0.833855 9.9991E-05 0.0127038 0.153341
0.0619934 0.0536265 0.791495 0.0928847
0.0812333 9.9991E-05 0.800009 0.118658
9.9991E-05 0.0147476 0.630847 0.354305
0.501767 0.0551786 0.0447816 0.398273
0.390928 0.0274272 9.9991E-05 0.581545
0.115557 0.0450494 0.0200487 0.819345
0.0619143 9.9991E-05 0.0888446 0.849141
0.450799 9.9982E-05 9.9982E-05 0.549001
0.245687 0.0177112 9.9991E-05 0.736502
0.193296 9.9982E-05 9.9982E-05 0.806504
0.0723583 9.9991E-05 0.0308548 0.896687
0.42714 0.0113307 0.0065444 0.554985
0.237298 0.00774879 9.9991E-05 0.754853
0.206459 0.0292229 9.9991E-05 0.764218
0.108344 0.0158111 9.9991E-05 0.875745
0.319967 9.9991E-05 0.106502 0.573431
0.115234 0.0504852 0.0332606 0.80102
0.297586 0.0212252 0.0889405 0.592248
0.145786 0.00354742 0.01304 0.837627
0.921289 9.9991E-05 0.0338779 0.0447328
0.983754 9.9982E-05 9.9982E-05 0.0160465
0.953902 0.045898 9.9982E-05 9.9982E-05
0.85826 0.000339034 0.0930648 0.0483367
0.846449 0.0338747 0.0517864 0.0678896
9.9991E-05 0.000254222 0.118236 0.88141
0.172957 0.0370717 9.9991E-05 0.789871
9.998E-05 9.998E-05 0.9997 9.998E-05
0.00704506 0.0252727 0.899421 0.0682613
0.011494 0.025061 0.932435 0.0310096
0.127865 9.9991E-05 0.747404 0.124631
9.9991E-05 0.0195181 0.936219 0.0441626
0.137729 0.00376363 0.858407 9.9991E-05
9.9991E-05 0.00590897 0.93709 0.0569012
0.0753785 0.00371859 0.920803 9.9991E-05
0.0841359 0.00987959 0.905885 9.9991E-05
0.0364886 0.0135764 0.949835 9.9991E-05
9.9991E-05 0.0642943 0.883882 0.0517237
0.0404679 0.032626 0.831572 0.0953345
0.0549091 0.00964254 0.83604 0.0994088
0.0683571 0.0192277 0.912315 9.9991E-05
9.9991E-05 0.0121183 0.896214 0.0915676
9.9991E-05 0.0292027 0.942387 0.02831
0.0421206 0.00300844 0.954771 9.9991E-05
0.08271 9.9991E-05 0.401757 0.515433
0.0507418 0.0101361 0.19251 0.746613
9.9982E-05 9.9982E-05 0.964197 0.0356028
0.014967 0.0201005 0.731924 0.233009
0.0527155 0.00176134 0.945423 9.9991E-05
9.9991E-05 0.0122139 0.3377 0.649986
0.0393418 0.0163408 9.9991E-05 0.944217
0.24271 0.0556995 9.9991E-05 0.70149
0.522028 9.9991E-05 0.0544683 0.423403
0.760391 9.9991E-05 0.032414 0.207095
0.815451 0.0146006 0.0181838 0.151764
0.906146 9.9991E-05 0.0523648 0.0413892
0.826674 0.0323277 9.9991E-05 0.140898
0.8329 0.0380176 0.0265133 0.102569
0.775656 0.0610319 0.101857 0.0614545
0.84985 0.0599491 0.0607682 0.0294322
0.158515 0.0103177 0.00414071 0.827027
0.129366 0.0622299 0.0313234 0.777081
9.9991E-05 0.0812589 0.0431733 0.875468
9.9991E-05 0.00301933 0.0311599 0.965721
9.9991E-05 0.0203246 0.0166448 0.962931
9.9982E-05 9.9982E-05 0.099799 0.900001
0.293719 0.0339958 0.00751884 0.664767
0.242072 0.0137906 0.0575838 0.686554
0.165786 0.0636207 0.00393169 0.766662
0.232701 0.0232561 0.0674651 0.676578
0.16179 0.0696535 0.020917 0.747639
0.585572 0.171724 0.095446 0.147258
0.034124 0.0150309 0.871244 0.0796011
0.0877206 0.0379278 0.874252 9.9991E-05
0.0136188 0.00633809 0.952381 0.0276619
0.0664463 0.01725 0.797786 0.118517
0.0797132 0.0467481 0.832735 0.0408042
0.372776 0.0371143 0.123038 0.467072
0.385889 0.0336308 0.00325543 0.577224
0.211808 0.0634562 0.00102804 0.723707
0.268871 0.0487989 0.0393702 0.64296
