9.9973E-05 9.9973E-05 0.0942748 0.624818 0.272429 9.9973E-05 0.0081782
9.9982E-05 0.0915756 0.084458 0.560118 9.9982E-05 0.236399 0.0272496
9.9973E-05 9.9973E-05 0.0309581 0.5371 0.413575 9.9973E-05 0.0180668
9.9973E-05 9.9973E-05 0.173194 0.783416 0.0385835 0.00450586 9.9973E-05
0.0616556 9.9973E-05 9.9973E-05 0.790087 0.0520055 0.0959517 9.9973E-05
0.0597654 9.9973E-05 9.9973E-05 0.672588 0.0945574 0.172789 9.9973E-05
9.9973E-05 9.9973E-05 0.151953 0.52757 0.172902 0.147275 9.9973E-05
9.9982E-05 0.0844246 0.156844 0.605346 9.9982E-05 0.123729 0.0294562
0.0468196 0.200127 9.9973E-05 0.0818264 9.9973E-05 0.670927 9.9973E-05
9.999E-05 0.0931821 0.20154 0.229177 0.164971 0.296107 0.0149239
0.018252 9.9991E-05 0.457635 0.0883919 0.0459027 0.307723 0.0819953
0.0031478 0.0831508 0.109583 0.129261 0.282191 0.370562 0.0221046
0.00661129 9.9982E-05 0.714524 9.9982E-05 0.170001 0.0653492 0.0433144
0.0707882 0.132412 0.0629281 9.9982E-05 0.113241 0.620431 9.9982E-05
0.0283038 9.9982E-05 9.9982E-05 0.303037 0.324227 0.291008 0.0532247
9.9982E-05 0.107641 0.136222 0.226585 0.0594341 0.469918 9.9982E-05
0.0140013 0.219417 0.0366215 0.261393 0.0081304 0.456668 0.00376985
9.9973E-05 0.0957801 9.9973E-05 0.420909 9.9973E-05 0.456712 0.0262986
0.1091 0.0601895 0.0240514 0.010727 0.638189 0.112139 0.0456037
9.9973E-05 0.134174 0.0319207 9.9973E-05 0.696698 0.136907 9.9973E-05
9.9982E-05 0.648534 9.9982E-05 0.164438 0.0755134 0.10282 0.00849391
9.9964E-05 0.782759 0.122036 9.9964E-05 0.0948045 9.9964E-05 9.9964E-05
9.9955E-05 0.959717 9.9955E-05 9.9955E-05 9.9955E-05 9.9955E-05 0.0397832
0.0109025 0.753608 9.9982E-05 0.040059 9.9982E-05 0.165065 0.0301657
9.9973E-05 0.575226 0.0666287 0.241684 0.116162 9.9973E-05 9.9973E-05
9.9964E-05 0.682233 9.9964E-05 0.0895697 0.227797 9.9964E-05 9.9964E-05
0.0601436 0.664552 9.9973E-05 9.9973E-05 0.249344 9.9973E-05 0.02566
0.0231776 0.821662 9.9982E-05 9.9982E-05 0.0421446 0.0967044 0.0161118
9.9955E-05 0.364212 9.9955E-05 9.9955E-05 0.635288 9.9955E-05 9.9955E-05
0.0467667 0.819503 9.9973E-05 0.103399 0.0300313 9.9973E-05 9.9973E-05
0.0465002 0.905064 9.9973E-05 9.9973E-05 9.9973E-05 0.0454836 0.00265199
0.0262494 0.803855 0.00370501 0.0135201 9.9991E-05 0.121798 0.0307722
9.9982E-05 0.891462 0.00312942 0.00531021 9.9982E-05 0.0379781 0.0619202
9.9982E-05 9.9982E-05 0.119304 0.33896 0.299578 0.165435 0.0765236
0.0102178 0.155468 9.9982E-05 0.392 0.211888 0.230227 9.9982E-05
0.0842571 0.0141724 0.00343935 0.627952 0.269979 9.9982E-05 9.9982E-05
0.00231344 9.9982E-05 0.120026 0.663937 0.193969 9.9982E-05 0.0195554
0.0897167 9.9982E-05 0.099179 0.263944 0.194569 0.352391 9.9982E-05
9.995E-05 9.995E-05 9.995E-05 9.995E-05 9.995E-05 9.995E-05 0.9994
9.9964E-05 0.240716 0.0728559 9.9964E-05 0.686028 9.9964E-05 9.9964E-05
0.117294 9.9964E-05 9.9964E-05 0.661986 0.22032 9.9964E-05 9.9964E-05
9.9982E-05 0.0311159 0.0161114 0.483011 0.245427 0.224135 9.9982E-05
0.0699623 0.355917 0.233785 0.0801576 9.9991E-05 0.245803 0.0142747
0.0982799 0.0310205 0.476268 9.9991E-05 0.167227 0.180315 0.046789
9.9982E-05 0.00595535 0.883143 0.0709079 0.039018 9.9982E-05 0.00077572
9.995E-05 9.995E-05 9.995E-05 9.995E-05 9.995E-05 9.995E-05 0.9994
0.0189621 0.124012 0.181572 0.200705 0.158976 0.245646 0.0701274
0.0890159 0.0811995 0.345768 0.127634 0.13228 0.224002 9.9991E-05
0.0962789 0.0923794 0.101967 0.152122 0.364724 0.159299 0.0332291
0.710491 9.9973E-05 0.132225 9.9973E-05 9.9973E-05 0.152894 0.00408934
0.705959 0.0492851 0.165115 9.9982E-05 9.9982E-05 0.0520277 0.0274133
0.759784 9.9973E-05 9.9973E-05 0.091574 0.0252508 0.123092 9.9973E-05
0.624403 9.9973E-05 0.208496 9.9973E-05 9.9973E-05 0.107224 0.0595778
0.7658 9.9973E-05 9.9973E-05 9.9973E-05 0.153645 0.0430201 0.0372358
0.776973 9.9964E-05 9.9964E-05 9.9964E-05 0.169022 0.0536059 9.9964E-05
0.676556 9.9964E-05 9.9964E-05 9.9964E-05 0.0455712 0.277473 9.9964E-05
0.742386 0.0430701 0.0127547 9.9982E-05 9.9982E-05 0.187427 0.0141617
0.806069 0.0501751 9.9973E-05 9.9973E-05 0.101489 9.9973E-05 0.0419674
0.732574 9.9982E-05 0.0912783 0.0829783 9.9982E-05 0.0572925 0.0356772
0.54714 9.9982E-05 0.284558 0.141228 9.9982E-05 0.00487217 0.0220029
0.763803 0.152141 0.0836559 9.9964E-05 9.9964E-05 9.9964E-05 9.9964E-05
0.68483 0.0197571 0.110603 9.9973E-05 0.18451 9.9973E-05 9.9973E-05
0.266764 9.9982E-05 0.517339 9.9982E-05 0.0425668 0.126093 0.0470372
0.018642 0.789671 0.0599818 0.104797 0.0267079 9.9982E-05 9.9982E-05
9.9982E-05 0.58939 0.094703 0.131349 0.148566 9.9982E-05 0.0357926
9.9973E-05 0.727074 9.9973E-05 0.0998539 0.162578 9.9973E-05 0.0101942
0.642819 9.9982E-05 0.145839 9.9982E-05 0.115346 0.0757497 0.0200459
0.470161 9.9982E-05 0.4062 0.0533939 0.00680233 9.9982E-05 0.0632432
0.718223 0.0534456 0.0557889 0.0399715 0.0207089 0.0889339 0.0229286
0.5833 9.9973E-05 0.31447 9.9973E-05 0.0576762 9.9973E-05 0.0442532
0.77129 9.9982E-05 9.9982E-05 0.01274 0.123092 0.0595657 0.0331122
0.0954928 9.9982E-05 0.572921 0.0292467 9.9982E-05 0.299372 0.00276752
9.9964E-05 9.9964E-05 0.704674 9.9964E-05 0.0107534 0.284173 9.9964E-05
0.0514566 9.9973E-05 0.724356 9.9973E-05 0.0583355 0.165551 9.9973E-05
9.9964E-05 0.0341566 0.940595 9.9964E-05 9.9964E-05 9.9964E-05 0.0248484
9.9973E-05 0.0425663 0.860972 9.9973E-05 0.0816019 9.9973E-05 0.0145597
9.9964E-05 9.9964E-05 0.797418 9.9964E-05 0.182115 9.9964E-05 0.0200669
9.9973E-05 0.0822155 0.744977 0.155084 9.9973E-05 9.9973E-05 0.0174232
0.568929 9.9964E-05 0.228767 9.9964E-05 9.9964E-05 0.201904 9.9964E-05
0.392819 9.9982E-05 0.310344 0.118616 0.0581632 9.9982E-05 0.119858
0.645773 0.083696 0.201142 9.9982E-05 0.0466679 9.9982E-05 0.022521
0.649828 0.0225531 0.130168 9.9982E-05 0.129327 9.9982E-05 0.0679232
0.681987 9.9964E-05 9.9964E-05 9.9964E-05 9.9964E-05 0.304723 0.0128905
9.9982E-05 0.0495943 0.0742764 9.9982E-05 0.742915 0.106947 0.0260669
0.244912 0.178824 0.536718 0.0358492 9.9982E-05 0.00349689 9.9982E-05
0.118584 9.9973E-05 0.734036 0.037057 9.9973E-05 0.110023 9.9973E-05
9.9955E-05 9.9955E-05 9.9955E-05 9.9955E-05 9.9955E-05 0.00301686 0.996483
9.9982E-05 0.150447 0.100754 0.583391 0.0793367 0.0858718 9.9982E-05
9.9991E-05 0.0579657 0.0453992 0.680042 0.151267 0.00044739 0.0647793
9.9982E-05 9.9982E-05 0.0672394 0.197277 0.207986 0.478697 0.0486001
0.0862657 9.9982E-05 0.0756391 9.9982E-05 0.292181 0.531948 0.0137657
0.0539268 9.9973E-05 9.9973E-05 0.633296 0.142772 0.169706 9.9973E-05
0.113995 0.0436902 0.80126 0.0407547 9.9973E-05 9.9973E-05 9.9973E-05
9.9991E-05 0.104172 0.100507 0.0653462 0.606743 0.0639962 0.0591355
0.139776 9.9991E-05 0.61703 0.0695247 0.0975048 0.00415148 0.0719127
0.0370179 0.198216 0.311768 0.226774 0.195032 9.9991E-05 0.0310912
9.9973E-05 0.0629836 9.9973E-05 0.173033 0.106845 0.656839 9.9973E-05
9.9973E-05 0.117864 0.257202 0.573176 9.9973E-05 0.0514578 9.9973E-05
9.9982E-05 0.0766636 0.0906163 0.360564 0.154069 0.317888 9.9982E-05
0.0623543 9.9964E-05 0.0888012 9.9964E-05 9.9964E-05 0.848445 9.9964E-05
9.9964E-05 9.9964E-05 0.319685 0.678778 0.00113691 9.9964E-05 9.9964E-05
9.9964E-05 9.9964E-05 0.065947 9.9964E-05 0.166489 0.767164 9.9964E-05
0.149517 9.9982E-05 0.586092 0.135775 0.0998144 9.9982E-05 0.0286013
0.133913 9.9991E-05 0.547614 0.0200421 0.115147 0.141287 0.0418971
0.154341 0.0812258 0.637545 0.0236524 9.9991E-05 0.0476332 0.055503
9.9982E-05 0.216434 0.463999 0.0651425 0.00786514 0.246359 9.9982E-05
0.110724 0.0624339 0.408591 9.9982E-05 0.128626 0.289426 9.9982E-05
0.0238774 0.208205 9.9982E-05 0.240838 0.350368 0.176512 9.9982E-05
0.711039 0.0435219 9.9982E-05 0.152587 9.9982E-05 0.0681778 0.0244749
0.654978 9.9982E-05 0.168176 0.0342016 0.116159 9.9982E-05 0.026286
0.130059 9.9973E-05 0.561811 0.0421081 0.265721 9.9973E-05 9.9973E-05
0.124937 0.0614759 0.26825 9.9991E-05 0.166793 0.346637 0.0318067
0.137088 0.249613 0.390074 0.147417 0.0201649 9.9991E-05 0.0555439
9.9964E-05 0.443908 0.174771 9.9964E-05 0.380922 9.9964E-05 9.9964E-05
0.569552 0.0383536 0.283614 9.9982E-05 0.0610768 9.9982E-05 0.0472041
0.609193 0.0557873 0.219133 0.0323527 9.9982E-05 0.0833337 9.9982E-05
0.46232 9.9982E-05 0.322725 0.118563 0.0632389 0.0329536 9.9982E-05
9.9973E-05 0.0906669 9.9973E-05 0.341747 0.486167 9.9973E-05 0.0811192
0.00790022 9.9982E-05 9.9982E-05 0.49155 0.434879 0.0553534 0.0101175
0.00707309 0.125901 0.148573 0.529448 9.9991E-05 0.175494 0.013411
0.0965726 0.0168763 0.00886356 0.730436 0.110384 0.0367684 9.9991E-05
9.9973E-05 0.00717328 9.9973E-05 0.27858 0.487472 0.226475 9.9973E-05
9.9982E-05 0.179725 0.0656897 0.664087 9.9982E-05 0.0672772 0.0230205
0.051755 0.184658 9.9964E-05 0.763187 9.9964E-05 9.9964E-05 9.9964E-05
0.0505139 0.0987546 9.9982E-05 0.681113 9.9982E-05 0.162587 0.00683144
9.9982E-05 0.429604 0.0670724 0.342456 0.0208869 0.139781 9.9982E-05
9.9973E-05 0.0449029 9.9973E-05 0.0806217 0.100446 0.77373 9.9973E-05
9.9982E-05 0.194022 0.00331159 0.0564133 9.9982E-05 0.726505 0.0195485
9.9973E-05 0.0568188 9.9973E-05 0.0274191 9.9973E-05 0.911775 0.0036872
0.0678247 9.9991E-05 0.038488 0.218379 0.514321 0.159196 0.00169136
0.0237961 9.9973E-05 9.9973E-05 0.112304 9.9973E-05 0.837292 0.0263076
9.9973E-05 0.202821 0.180147 9.9973E-05 0.0552672 0.561465 9.9973E-05
0.0346436 0.0242713 0.0409193 0.694311 0.106567 0.0987633 0.000524792
9.9973E-05 0.545389 0.0295643 9.9973E-05 0.370665 0.0540819 9.9973E-05
9.9973E-05 0.702039 0.0604032 0.0366169 0.200641 9.9973E-05 9.9973E-05
9.9964E-05 0.841413 9.9964E-05 9.9964E-05 9.9964E-05 0.137603 0.020584
0.0616321 0.656649 0.0214664 9.9982E-05 0.13919 0.120863 9.9982E-05
0.0290786 0.438714 0.0805656 0.0495595 0.395704 9.9991E-05 0.00627833
0.0356339 9.9991E-05 0.178508 0.457423 0.113061 0.198133 0.0171421
9.9991E-05 0.0433563 0.0371876 0.653652 0.149408 0.0827411 0.0335559
0.87329 0.0161423 0.057853 0.0524151 9.9973E-05 9.9973E-05 9.9973E-05
0.727408 0.132852 0.0381888 9.9982E-05 9.9982E-05 0.0650823 0.0362693
0.819419 0.0480456 9.9973E-05 0.117264 9.9973E-05 9.9973E-05 0.0149714
0.566188 0.10314 0.299714 0.0219266 9.9982E-05 0.00883085 9.9982E-05
0.767542 9.9991E-05 0.0610947 0.025052 0.104597 0.019576 0.0220385
0.732084 0.1637 9.9973E-05 9.9973E-05 9.9973E-05 0.0976559 0.00625967
0.842272 9.9982E-05 0.050665 0.0562922 9.9982E-05 0.0193194 0.0312514
0.774405 0.00400254 0.0916746 0.0502947 0.0785584 9.9991E-05 0.000964456
0.798753 9.9973E-05 0.00895804 9.9973E-05 0.182217 0.00977158 9.9973E-05
0.809302 0.0419179 0.0252832 0.0231874 0.0920427 9.9991E-05 0.00816703
0.757149 0.00636956 0.109394 0.0353493 9.9991E-05 0.0631739 0.028464
0.692986 0.0529425 0.116333 0.0451856 9.9991E-05 0.0550477 0.0374055
0.727458 0.041058 9.9991E-05 0.0477694 0.0624066 0.108072 0.013136
0.805219 9.9973E-05 9.9973E-05 0.0744776 0.103915 9.9973E-05 0.0160892
0.752481 0.0300682 0.0964844 0.117635 9.9982E-05 9.9982E-05 0.00313135
0.845002 9.9964E-05 9.9964E-05 0.126479 9.9964E-05 9.9964E-05 0.0281184
0.785373 0.115223 9.9973E-05 0.0968978 9.9973E-05 9.9973E-05 0.00220618
0.0833841 0.101294 0.756022 0.0386697 9.9982E-05 0.0204303 9.9982E-05
9.9955E-05 9.9955E-05 0.824182 9.9955E-05 0.175318 9.9955E-05 9.9955E-05
0.743152 9.9964E-05 0.216932 0.0395161 9.9964E-05 9.9964E-05 9.9964E-05
0.67004 0.0987115 9.9982E-05 0.153293 9.9982E-05 0.0468126 0.0309435
0.782589 0.0485265 0.168485 9.9964E-05 9.9964E-05 9.9964E-05 9.9964E-05
0.108157 9.9973E-05 0.69175 0.0917892 9.9973E-05 0.108004 9.9973E-05
9.9973E-05 0.0869106 0.078937 0.809754 9.9973E-05 9.9973E-05 0.024098
9.9982E-05 0.0201804 9.9982E-05 0.370681 0.309209 0.273108 0.0266211
9.9973E-05 0.208991 0.161772 0.247984 0.380953 9.9973E-05 9.9973E-05
9.9982E-05 0.372115 0.0711947 0.0239581 0.359111 0.173422 9.9982E-05
9.995E-05 9.995E-05 9.995E-05 9.995E-05 0.9994 9.995E-05 9.995E-05
0.01979 0.363293 9.9973E-05 9.9973E-05 0.563717 0.0528997 9.9973E-05
9.995E-05 9.995E-05 9.995E-05 9.995E-05 0.9994 9.995E-05 9.995E-05
9.9982E-05 0.281339 0.00507702 9.9982E-05 0.512262 0.186157 0.0149656
0.0165415 0.329531 0.0814679 9.9982E-05 0.546453 9.9982E-05 0.0258064
0.0481172 0.434252 9.9982E-05 9.9982E-05 0.432679 0.0455117 0.0392395
9.9973E-05 0.0157138 9.9973E-05 0.738357 0.228962 9.9973E-05 0.0166675
0.0636821 9.9982E-05 0.0375684 0.62722 0.232426 9.9982E-05 0.0389032
0.00129264 0.0702397 0.144449 0.720035 9.9991E-05 0.0263227 0.0375607
9.99551E-05 9.99551E-05 0.170955 0.828545 9.99551E-05 9.99551E-05 9.99551E-05
9.9982E-05 0.0184187 0.139837 0.790923 9.9982E-05 0.0473996 0.00322116
0.0217221 0.0693673 0.273989 0.627632 0.00709031 9.9982E-05 9.9982E-05
9.9973E-05 9.9973E-05 0.0870814 0.0123497 0.327705 0.572564 9.9973E-05
0.0511579 0.0691243 9.9973E-05 9.9973E-05 0.00220928 0.877209 9.9973E-05
0.0044353 9.9982E-05 0.0336318 9.9982E-05 0.0948316 0.849466 0.017435
9.9973E-05 9.9973E-05 0.074706 0.00674281 0.309507 0.608744 9.9973E-05
0.0586878 0.0191137 9.9991E-05 0.193969 0.14284 0.561447 0.0238431
0.0278009 9.9973E-05 9.9973E-05 9.9973E-05 0.849857 0.0118645 0.110178
0.680776 9.9982E-05 0.0782075 9.9982E-05 0.15368 0.0567511 0.0303861
0.755816 0.134856 0.0615864 9.9991E-05 0.00316889 0.0156737 0.0287988
0.797613 0.0465648 0.0675511 9.9982E-05 9.9982E-05 0.0782502 0.00982134
0.679685 0.0845376 0.101138 0.0964205 9.9991E-05 0.0378121 0.000307389
0.731272 9.9982E-05 0.0250035 0.0973648 0.119745 9.9982E-05 0.0264144
0.102265 0.257422 0.0918662 0.104219 9.9991E-05 0.433456 0.010672
9.9991E-05 0.083197 0.0316921 0.231465 0.328319 0.307112 0.0181148
9.9973E-05 9.9973E-05 9.9973E-05 0.0520548 0.147359 0.769097 0.031189
9.9991E-05 0.158332 0.101272 0.208371 0.173648 0.312488 0.045789
