0.269611 0.055217 0.0814688 0.593403 9.9973E-05 9.9973E-05 9.9973E-05
0.0878706 0.0247877 0.000548423 0.63085 0.214953 0.04089 9.9991E-05
0.0911237 0.133555 0.0964104 0.675695 9.9982E-05 0.00301642 9.9982E-05
0.420228 0.00257104 0.096881 0.462448 0.0104666 0.0073055 9.9991E-05
0.284124 9.9982E-05 9.9982E-05 0.611297 0.0854759 0.0126439 0.00625947
0.682626 9.9973E-05 0.0473656 0.266549 9.9973E-05 9.9973E-05 0.00316004
0.507115 0.00257532 0.0568104 0.178009 0.25529 9.9982E-05 9.9982E-05
0.307645 9.9973E-05 9.9973E-05 0.456418 0.206537 0.0290989 9.9973E-05
9.9973E-05 0.0727151 9.9973E-05 0.197478 0.644446 9.9973E-05 0.085061
0.0719072 0.103459 0.128306 0.307798 0.361502 0.0269283 9.9991E-05
0.193661 9.9991E-05 0.47292 0.118379 0.134484 0.0606075 0.0198483
9.999E-05 0.161878 0.130833 0.21551 0.432876 0.0239257 0.0348772
0.0182841 9.9991E-05 0.72644 0.00452251 0.196766 0.0415293 0.0123578
9.9973E-05 0.0872164 0.0315504 9.9973E-05 0.789337 9.9973E-05 0.0915965
0.209403 0.110871 9.9991E-05 0.175237 0.404989 0.033819 0.0655814
0.17784 0.0334258 0.160733 0.0847762 0.532042 0.0110824 9.9991E-05
0.16383 0.116598 9.9973E-05 0.215667 0.503604 9.9973E-05 9.9973E-05
0.303407 0.0223288 9.9982E-05 0.285528 0.361697 0.026839 9.9982E-05
0.160314 0.485585 0.158931 9.9991E-05 0.0799356 0.051959 0.0631758
9.9982E-05 0.57726 0.0603388 0.0518978 0.294695 9.9982E-05 0.015609
0.180636 0.637 9.9991E-05 0.107811 0.0524958 0.0131248 0.00883311
9.9982E-05 0.71791 0.0897388 0.157251 9.9982E-05 0.00632418 0.0285756
9.9973E-05 0.848888 0.0869327 0.00489293 9.9973E-05 0.0589864 9.9973E-05
0.0415859 0.692186 9.9991E-05 0.142371 0.0439803 0.0448534 0.0349238
0.232265 0.570274 0.0436792 0.057944 0.0956381 9.9982E-05 9.9982E-05
9.9955E-05 0.768049 9.9955E-05 0.231451 9.9955E-05 9.9955E-05 9.9955E-05
0.00638979 0.82839 9.9982E-05 0.0514578 9.9982E-05 0.0230117 0.0905505
9.9973E-05 0.733881 9.9973E-05 9.9973E-05 0.143844 0.0201865 0.101789
9.9964E-05 0.753086 9.9964E-05 0.218178 9.9964E-05 9.9964E-05 0.028336
0.231585 0.698902 9.9973E-05 9.9973E-05 9.9973E-05 0.000238297 0.0689752
9.9973E-05 0.80644 9.9973E-05 0.118108 0.0609642 9.9973E-05 0.014188
0.0854841 0.713595 9.9991E-05 0.00024003 0.1286 0.035082 0.0368985
9.9973E-05 0.727621 9.9973E-05 0.078901 0.137662 0.0555163 9.9973E-05
0.213383 0.0910803 0.206216 0.175539 0.229833 0.0838495 9.9991E-05
0.155409 0.175256 9.9982E-05 0.443579 0.224179 9.9982E-05 0.00137636
0.929196 0.0374788 9.9964E-05 9.9964E-05 9.9964E-05 9.9964E-05 0.0329254
0.815968 9.9973E-05 0.0513685 0.112721 9.9973E-05 0.0196431 9.9973E-05
0.420418 0.0755242 0.297432 9.9991E-05 0.182199 0.0095631 0.0147626
9.995E-05 9.995E-05 9.995E-05 9.995E-05 9.995E-05 0.9994 9.995E-05
0.100577 0.704999 0.158322 0.00565589 9.9982E-05 0.0302455 9.9982E-05
0.498776 0.0813821 9.9973E-05 0.337859 9.9973E-05 9.9973E-05 0.0816833
0.0669451 0.0987897 0.165556 0.386541 0.281968 9.9982E-05 9.9982E-05
0.024593 0.214328 0.237002 0.190094 0.241894 9.9991E-05 0.0919887
9.999E-05 0.0825926 0.543526 0.0809695 0.168816 0.0494657 0.0745302
0.168444 0.0305724 0.794047 9.9973E-05 9.9973E-05 0.00663637 9.9973E-05
9.995E-05 9.995E-05 9.995E-05 9.995E-05 9.995E-05 0.9994 9.995E-05
0.277919 0.147262 0.153963 0.0420809 0.330273 0.0339426 0.0145585
0.238035 0.0578708 0.456184 9.9982E-05 0.201758 9.9982E-05 0.0459522
0.126519 0.255963 0.0778126 0.123191 0.295495 0.0152098 0.105809
0.0715524 9.9982E-05 0.102177 9.9982E-05 0.091859 0.0275263 0.706686
9.9982E-05 0.0130616 0.167634 9.9982E-05 0.0661014 0.0406686 0.712334
0.111785 9.9973E-05 9.9973E-05 0.0314742 0.095901 9.9973E-05 0.76054
0.138194 9.9973E-05 0.218031 9.9973E-05 9.9973E-05 0.0430138 0.600461
0.0689481 0.0149349 9.9982E-05 9.9982E-05 0.109554 0.0633468 0.743016
0.120216 0.0515374 9.9973E-05 9.9973E-05 0.0479588 9.9973E-05 0.779987
9.9964E-05 9.9964E-05 9.9964E-05 0.0291213 0.323407 9.9964E-05 0.647071
9.9973E-05 9.9973E-05 0.0471128 9.9973E-05 0.230611 0.0109555 0.711021
9.9973E-05 0.0795835 0.100789 9.9973E-05 9.9973E-05 0.0346663 0.784661
0.000557741 9.9991E-05 0.0863542 0.085831 0.060538 0.0514314 0.715188
0.0530282 9.9982E-05 0.355528 0.0339581 9.9982E-05 0.0417342 0.515551
9.9973E-05 0.110301 0.125063 0.0189011 9.9973E-05 9.9973E-05 0.745435
9.9982E-05 0.0630199 0.183454 0.0572432 0.0538141 9.9982E-05 0.642269
0.00696532 9.9991E-05 0.562067 0.00589765 0.0758342 0.0607056 0.28843
0.126817 0.643219 9.9982E-05 9.9982E-05 0.190479 0.00740362 0.0318812
9.9982E-05 0.626467 0.00163385 0.330542 9.9982E-05 0.0273674 0.0137892
0.130696 0.748074 9.9973E-05 0.103297 9.9973E-05 0.0176333 9.9973E-05
0.030144 9.9982E-05 0.207414 9.9982E-05 0.140932 0.00200491 0.619306
0.0257859 9.9991E-05 0.374294 0.0687488 0.0218185 0.0733856 0.435868
0.00210818 0.0198323 0.0834277 0.194431 9.9991E-05 0.00878809 0.691312
9.9964E-05 9.9964E-05 0.379463 9.9964E-05 9.9964E-05 0.048501 0.571636
0.0901846 0.0251023 9.9982E-05 0.0955684 9.9982E-05 0.0574467 0.731498
9.9973E-05 9.9973E-05 0.615343 0.228757 0.0830351 9.9973E-05 0.0725649
9.9973E-05 9.9973E-05 0.641605 9.9973E-05 0.299703 0.0142232 0.0441684
0.0152005 9.9973E-05 0.804274 9.9973E-05 0.154694 9.9973E-05 0.0255316
9.9964E-05 0.011389 0.965438 9.9964E-05 9.9964E-05 0.0227729 9.9964E-05
0.15699 0.0952852 0.703244 9.9982E-05 0.0301523 0.014128 9.9982E-05
9.9964E-05 9.9964E-05 0.850125 9.9964E-05 0.121651 0.0278241 9.9964E-05
0.0982646 0.0885069 0.713988 0.0307475 0.0480799 0.0203134 9.9991E-05
9.99641E-05 9.99641E-05 0.336937 9.99641E-05 0.118452 9.99641E-05 0.544211
0.0544193 0.0348858 0.259415 0.139909 9.9991E-05 0.108903 0.402369
0.00180332 0.070021 0.196481 0.0177703 0.00706553 0.024546 0.682313
9.9982E-05 0.0800292 0.138695 9.9982E-05 0.0530885 0.0544251 0.673562
9.9964E-05 9.9964E-05 9.9964E-05 9.9964E-05 0.304252 0.0116904 0.683657
0.0142677 0.64432 0.12831 9.9982E-05 0.182808 0.0300942 9.9982E-05
0.000108779 0.142323 0.495889 0.0325084 0.0747865 9.9991E-05 0.254285
9.9973E-05 9.9973E-05 0.793815 0.113321 0.00111004 9.9973E-05 0.0914534
9.995E-05 9.995E-05 9.995E-05 9.995E-05 9.995E-05 0.9994 9.995E-05
0.379044 0.132923 0.0593184 0.384631 0.0438833 9.9982E-05 9.9982E-05
0.085791 0.0705926 0.0448631 0.594063 0.179673 0.0249176 9.9991E-05
0.109073 0.0898111 0.162627 0.0830933 0.516357 0.0389392 9.9991E-05
9.9991E-05 0.170283 0.137289 0.00728317 0.593406 0.0418015 0.0498367
0.65 0.0163702 9.9982E-05 0.0992456 0.205914 9.9982E-05 0.0282705
9.9982E-05 0.0855441 0.759024 0.000150043 0.0393518 9.9982E-05 0.11573
0.320801 0.501403 0.149002 9.9973E-05 9.9973E-05 0.0284953 9.9973E-05
0.0169111 9.9982E-05 0.584101 0.190206 9.9982E-05 0.0675184 0.141063
0.27024 0.218014 0.272394 0.0111475 0.185318 0.0427857 9.9991E-05
0.0116678 0.0753013 9.9973E-05 0.550311 0.36242 9.9973E-05 9.9973E-05
0.4207 9.9973E-05 0.147554 0.318073 0.113373 9.9973E-05 9.9973E-05
9.9973E-05 0.0515065 0.184061 0.550769 0.213364 9.9973E-05 9.9973E-05
0.0389375 9.99797E-05 0.079508 9.99797E-05 0.811388 9.99797E-05 0.0698663
0.745608 9.9973E-05 0.183292 0.0693316 9.9973E-05 0.00146884 9.9973E-05
9.9964E-05 9.9964E-05 0.122657 0.136894 0.74005 9.9964E-05 9.9964E-05
0.187039 9.9973E-05 0.629297 9.9973E-05 9.9973E-05 0.0257399 0.157624
9.9991E-05 0.0854106 0.479828 0.0566082 0.187687 0.0748323 0.115534
0.0646795 9.9991E-05 0.639881 0.0194517 0.0550408 0.0666516 0.154195
9.9973E-05 0.163031 0.532444 0.0127623 0.291463 9.9973E-05 9.9973E-05
9.9982E-05 0.144001 0.481678 0.0904417 0.243342 9.9982E-05 0.040338
0.230275 0.3885 9.9982E-05 0.0741948 0.255762 9.9982E-05 0.0510688
0.164847 9.9982E-05 9.9982E-05 0.0607629 0.0733256 0.00112029 0.699745
9.9991E-05 0.0711803 0.154273 0.0401799 0.0348904 0.0263316 0.673045
9.9973E-05 0.0955493 0.651761 0.178883 9.9973E-05 9.9973E-05 0.0735073
0.05555 0.0279366 0.429323 9.9991E-05 0.338058 0.0244895 0.124543
9.9982E-05 0.15487 0.493631 0.21829 9.9982E-05 0.0520545 0.0809544
0.172157 0.604207 0.197558 9.9973E-05 0.025777 9.9973E-05 9.9973E-05
9.9973E-05 0.105969 0.264536 9.9973E-05 9.9973E-05 0.0493281 0.579867
9.9982E-05 0.0323065 0.274291 0.00316574 0.0949209 9.9982E-05 0.595116
0.0793333 9.9973E-05 0.405261 0.111947 9.9973E-05 9.9973E-05 0.403159
0.415483 0.452042 0.0557337 0.0156792 9.9982E-05 0.0608622 9.9982E-05
9.9982E-05 0.161021 9.9982E-05 0.750265 0.0554018 0.00600951 0.0271029
0.233537 9.9991E-05 0.0835002 0.554907 0.0781804 0.015183 0.0345931
0.0552589 9.9973E-05 9.9973E-05 0.806256 0.0476249 9.9973E-05 0.0905604
0.202935 0.309446 9.9973E-05 0.204912 0.282407 9.9973E-05 9.9973E-05
0.400587 0.130391 9.9982E-05 0.355496 0.105948 0.00737841 9.9982E-05
9.9955E-05 9.9955E-05 0.00830558 0.991195 9.9955E-05 9.9955E-05 9.9955E-05
0.0212288 9.9973E-05 9.9973E-05 0.896923 0.0441738 9.9973E-05 0.0373748
0.217589 0.252393 0.177011 0.175525 0.177282 9.9982E-05 9.9982E-05
9.9964E-05 0.00187969 9.9964E-05 0.0385063 0.959214 9.9964E-05 9.9964E-05
9.9982E-05 0.0791714 0.0216898 0.0136377 0.866771 0.0185306 9.9982E-05
0.282236 9.9964E-05 9.9964E-05 9.9964E-05 0.713624 9.9964E-05 0.00373963
0.259079 0.156956 0.16559 0.198666 0.197544 9.9991E-05 0.0220642
0.0194022 9.9982E-05 9.9982E-05 0.070253 0.849909 0.0244129 0.0358225
9.9973E-05 0.131856 0.216615 9.9973E-05 0.643422 0.00780618 9.9973E-05
9.9964E-05 9.9964E-05 0.0180787 0.837901 0.14362 9.9964E-05 9.9964E-05
0.177422 0.759578 0.0625994 9.9964E-05 9.9964E-05 9.9964E-05 9.9964E-05
9.9964E-05 0.776828 0.0481967 0.174576 9.9964E-05 9.9964E-05 9.9964E-05
0.0705578 0.789129 9.9973E-05 9.9973E-05 0.112246 0.0277679 9.9973E-05
0.0711289 0.683996 9.9982E-05 9.9982E-05 0.16825 0.0022238 0.0742014
9.9973E-05 0.659745 9.9973E-05 0.290544 9.9973E-05 0.00352485 0.0458862
0.26588 9.9991E-05 0.203293 0.41245 0.0873099 0.0113004 0.0196658
0.893819 0.0925476 0.00603832 9.9973E-05 9.9973E-05 0.00729562 9.9973E-05
9.9964E-05 9.9964E-05 0.155141 0.0151493 9.9964E-05 9.9964E-05 0.82931
9.9982E-05 0.00937937 9.9982E-05 0.0701311 0.129291 0.030547 0.760452
0.17816 9.9973E-05 9.9973E-05 9.9973E-05 0.0331715 0.0112118 0.777156
9.9973E-05 0.0213866 0.194161 0.167776 9.9973E-05 9.9973E-05 0.616377
9.9982E-05 9.9982E-05 0.0383702 0.0949688 0.12675 0.0042006 0.735511
9.9991E-05 0.164342 0.0233247 0.0271836 0.0493526 0.000959059 0.734738
9.9973E-05 9.9973E-05 0.0503043 0.108345 9.9973E-05 0.0268259 0.814225
0.0218193 0.0584162 0.0718982 0.0888383 9.9982E-05 9.9982E-05 0.758828
9.9973E-05 0.0482223 0.0428472 0.150998 9.9973E-05 9.9973E-05 0.757632
9.9982E-05 0.0602235 0.0187717 0.145443 9.9982E-05 0.00572239 0.76964
0.125252 9.9982E-05 0.0180785 9.9982E-05 0.0675054 0.0305367 0.758427
0.0104039 0.0665265 9.9991E-05 0.0455279 0.111912 0.014585 0.750945
0.0256787 0.00929396 9.9991E-05 0.114914 0.098653 0.0167464 0.734614
0.0175298 0.0817949 9.9982E-05 9.9982E-05 0.0789865 0.0145607 0.806928
0.176552 0.00840244 0.0680887 9.9982E-05 9.9982E-05 0.000254156 0.746503
0.167524 9.99685E-05 9.99685E-05 9.99685E-05 9.99685E-05 0.023436 0.80864
0.151855 0.0473034 9.9973E-05 9.9973E-05 9.9973E-05 0.0119341 0.788607
0.00504243 9.9973E-05 0.748402 0.196887 9.9973E-05 9.9973E-05 0.0493686
0.0934648 9.9973E-05 0.744399 0.0366326 0.125204 9.9973E-05 9.9973E-05
0.0482761 9.9973E-05 0.115549 0.0584317 9.9973E-05 9.9973E-05 0.777444
0.126595 9.9991E-05 0.00357901 0.129437 0.08584 0.0110833 0.643366
9.9973E-05 0.0479021 0.1998 9.9973E-05 9.9973E-05 0.0208405 0.731158
0.150875 9.9982E-05 0.711742 9.9982E-05 0.0603251 0.00217096 0.0746867
0.0507864 9.9964E-05 9.9964E-05 0.938424 9.9964E-05 0.0103896 9.9964E-05
0.119628 0.167751 0.0297848 0.65922 0.00862836 0.0148885 9.9991E-05
9.9973E-05 0.404973 0.201872 0.390962 0.00189266 9.9973E-05 9.9973E-05
9.9973E-05 0.46599 0.0678651 0.218095 0.24775 9.9973E-05 9.9973E-05
0.00930848 0.681643 0.148554 9.9973E-05 0.160194 9.9973E-05 9.9973E-05
0.18102 0.715183 9.9973E-05 9.9973E-05 0.0781297 9.9973E-05 0.0253676
0.034212 0.634759 0.0560942 9.9982E-05 0.262537 0.0121973 9.9982E-05
0.150442 0.668335 0.0189622 9.9991E-05 0.115745 0.00505447 0.0413613
9.9982E-05 0.649624 0.0962022 9.9982E-05 0.111043 0.0362226 0.106708
0.0945944 0.657878 9.9982E-05 0.14301 9.9982E-05 0.0412423 0.0630761
0.193125 0.100328 9.9982E-05 0.671645 9.9982E-05 0.0143329 0.0203688
0.556539 0.046634 0.00824511 0.311872 9.9991E-05 0.0625124 0.014097
0.721258 9.9982E-05 9.9982E-05 0.0520431 0.16615 0.0482 0.0121485
0.9994 9.995E-05 9.995E-05 9.995E-05 9.995E-05 9.995E-05 9.995E-05
0.710895 9.9973E-05 9.9973E-05 0.0736262 0.192391 0.0227878 9.9973E-05
0.50522 9.9982E-05 0.163824 0.0959869 0.210562 9.9982E-05 0.0242072
0.0793516 0.151707 0.126755 0.0942198 0.541027 0.00683998 9.9991E-05
9.9973E-05 0.0677784 0.114983 9.9973E-05 0.769794 9.9973E-05 0.0471449
9.9982E-05 9.9982E-05 0.0130414 0.0355767 0.908845 0.034824 0.0075129
0.205794 0.0399209 0.0457529 9.9982E-05 0.689463 9.9982E-05 0.0188688
0.211526 9.9973E-05 9.9973E-05 9.9973E-05 0.754212 0.0117028 0.0222596
9.9973E-05 0.585918 9.9973E-05 9.9973E-05 0.255026 0.106413 0.0523437
9.9991E-05 0.00683769 0.158534 0.0483584 0.0331716 0.0458182 0.707181
0.0178863 0.106047 0.119804 0.0136427 9.9991E-05 0.0241494 0.71837
9.9982E-05 0.0159432 0.0663988 9.9982E-05 0.12926 0.00946192 0.778736
0.111571 9.9982E-05 0.0580395 0.120345 0.0400939 9.9982E-05 0.669751
0.105483 0.00246946 9.9982E-05 0.131355 9.9982E-05 0.0276339 0.732859
0.0349256 0.238135 0.0539194 0.145493 0.36923 0.0328005 0.125497
0.00678095 0.156878 0.02656 0.31557 0.45273 0.034274 0.0072066
0.000774405 9.9973E-05 9.9973E-05 0.166115 0.773624 0.0591868 9.9973E-05
0.0263509 0.233284 0.158386 0.30934 0.221475 0.0510643 9.9991E-05
