9.9982E-05 0.624587 0.274728 9.9982E-05 0.00505459 0.0954304
9.9982E-05 0.721359 0.242955 9.9982E-05 0.0128124 0.0226737
9.999E-05 0.539654 0.110999 0.227591 0.0274128 0.0942426
0.0116864 0.732842 0.102161 9.9991E-05 0.0103546 0.142856
0.0644378 0.879157 0.0213997 0.0262802 0.00862528 9.9991E-05
0.0575741 0.698208 9.9973E-05 0.243918 9.9973E-05 9.9973E-05
9.9973E-05 0.629509 9.9973E-05 0.256417 9.9973E-05 0.113775
0.00123238 0.746088 0.0946316 9.9991E-05 0.018412 0.139536
0.067429 0.46666 0.0804467 0.369331 0.0160326 9.9991E-05
0.0216933 0.399079 0.0369174 0.357647 0.0353173 0.149346
0.0617352 0.28786 0.0117406 0.167924 0.0585056 0.412234
0.0339846 0.358307 0.0840691 0.383719 0.0202562 0.119664
0.0224789 9.9982E-05 9.9982E-05 0.149099 0.0484819 0.77974
0.0632724 0.261079 9.9982E-05 0.544608 9.9982E-05 0.13084
0.0350455 0.624009 9.9982E-05 0.314786 0.0259594 9.9982E-05
9.9982E-05 0.50627 0.0501943 0.239881 9.9982E-05 0.203455
0.0173679 0.491101 0.15675 0.33458 9.9982E-05 9.9982E-05
9.9973E-05 0.642334 9.9973E-05 0.317519 0.0398473 9.9973E-05
0.101229 0.0202944 0.341001 0.396167 0.058489 0.0828194
9.9973E-05 9.9973E-05 0.182467 0.668059 9.9973E-05 0.149174
9.999E-05 0.147589 0.658593 0.166793 0.0103213 0.0166039
0.0377678 0.0347256 0.707989 0.203073 9.9991E-05 0.0163449
9.9973E-05 9.9973E-05 0.953492 9.9973E-05 0.0383247 0.00788299
9.9982E-05 0.0300354 0.67399 0.248076 0.0476983 9.9982E-05
9.9982E-05 0.132915 0.642219 0.176219 9.9982E-05 0.0484465
9.9982E-05 0.0259604 0.842685 0.118162 0.0129928 9.9982E-05
0.0216733 9.9982E-05 0.6301 0.302424 0.0456036 9.9982E-05
0.0705008 9.9982E-05 0.759572 0.152369 0.0173584 9.9982E-05
0.0105467 9.9973E-05 0.681389 0.307764 9.9973E-05 9.9973E-05
0.0564033 9.9973E-05 0.635518 0.307779 9.9973E-05 9.9973E-05
0.0317817 9.9982E-05 0.925393 0.0405369 0.00208883 9.9982E-05
0.0538388 0.0435886 0.6675 0.218144 0.0168285 9.9991E-05
9.9973E-05 9.9973E-05 0.894291 9.9973E-05 0.045235 0.0601736
9.999E-05 0.382311 0.0543024 0.262293 0.0827678 0.218226
0.0450173 0.588306 0.236005 0.130472 9.9982E-05 9.9982E-05
0.0465257 0.547202 9.9973E-05 0.405972 9.9973E-05 9.9973E-05
9.9982E-05 0.531754 9.9982E-05 0.308877 0.0210682 0.138101
0.0593258 0.405733 0.0155399 0.328655 0.00291307 0.187833
9.996E-05 9.996E-05 9.996E-05 9.996E-05 0.9995 9.996E-05
9.9982E-05 9.9982E-05 0.606979 0.239082 0.0163601 0.137379
0.11535 0.592368 0.253998 0.0333764 0.00480653 9.9991E-05
9.9982E-05 0.534095 0.14378 0.162911 9.9982E-05 0.159014
0.0919101 0.241919 0.373582 9.9991E-05 0.00429172 0.288198
0.119736 0.134616 0.0700591 0.0276211 0.0641898 0.583778
9.9982E-05 0.0188779 9.9982E-05 0.114848 0.0166769 0.849398
9.996E-05 9.996E-05 9.996E-05 9.996E-05 0.9995 9.996E-05
0.0073995 0.329976 0.156625 0.222874 0.051569 0.231557
0.0477001 0.211807 0.065773 0.215078 9.9991E-05 0.459542
0.0683931 0.255041 0.148832 0.348414 0.0304853 0.148834
0.738864 9.9982E-05 9.9982E-05 0.137803 0.015865 0.107268
0.773548 9.9991E-05 0.0250399 0.0221106 0.0242641 0.154938
0.772029 0.147117 9.9973E-05 0.0805546 9.9973E-05 9.9973E-05
0.635533 0.00331675 9.9991E-05 0.110613 0.0509677 0.19947
0.757549 9.9973E-05 9.9973E-05 0.206434 0.0357165 9.9973E-05
0.788264 9.9964E-05 9.9964E-05 0.211336 9.9964E-05 9.9964E-05
0.678652 0.193345 9.9973E-05 0.127703 9.9973E-05 9.9973E-05
0.701741 9.9991E-05 0.0331513 0.127711 0.04015 0.0971468
0.825424 9.9973E-05 0.151448 9.9973E-05 0.0228284 9.9973E-05
0.762379 0.119578 0.0037966 9.9991E-05 0.0341983 0.0799486
0.567922 0.104738 9.9991E-05 0.0138141 0.0289159 0.28451
0.81368 9.9973E-05 0.185371 9.9973E-05 9.9973E-05 0.000649183
0.683329 0.0772343 0.0229007 0.0411307 9.9991E-05 0.175305
0.319379 9.9991E-05 0.0151973 0.0271129 0.0660528 0.572158
0.0254974 0.0811953 0.660703 0.197168 0.0185147 0.0169221
9.9991E-05 0.0483961 0.820251 0.0127686 0.0349893 0.0834951
9.9982E-05 0.0601284 0.582462 0.328031 0.0291781 9.9982E-05
0.627592 0.0303039 9.9991E-05 0.227234 0.0145088 0.100261
0.491858 9.9982E-05 0.0004452 9.9982E-05 0.0529971 0.4545
0.732083 0.0341353 0.125407 9.9991E-05 0.0156969 0.0925778
0.660844 9.9982E-05 9.9982E-05 0.0962128 0.0361499 0.206593
0.790399 0.0883375 9.9982E-05 0.0962983 0.0247654 9.9982E-05
0.156037 0.292438 9.9982E-05 9.9982E-05 0.0184075 0.532917
0.0594445 0.0105505 9.9991E-05 0.172585 0.00945521 0.747865
0.113071 0.069639 9.9982E-05 0.122904 9.9982E-05 0.694187
9.9964E-05 9.9964E-05 9.9964E-05 9.9964E-05 0.00754199 0.992058
9.9973E-05 9.9973E-05 0.110974 9.9973E-05 0.0427949 0.845931
9.9973E-05 9.9973E-05 9.9973E-05 0.124617 0.0317482 0.843335
0.0268011 0.103473 0.1285 0.00942966 0.0213998 0.710396
0.623016 0.0778255 9.9982E-05 0.111752 9.9982E-05 0.187206
0.436133 0.0929827 0.0476247 9.9991E-05 0.0986231 0.324536
0.691991 0.00694251 0.0748587 0.016526 0.0239008 0.185781
0.672841 9.9991E-05 0.00619817 0.167843 0.043731 0.109286
0.682938 0.158812 9.9982E-05 0.132836 0.0252138 9.9982E-05
9.9973E-05 9.9973E-05 0.0551274 0.938395 0.00617803 9.9973E-05
0.302778 0.0509705 0.20288 9.9982E-05 9.9982E-05 0.443172
0.120795 0.0896314 9.9973E-05 9.9973E-05 9.9973E-05 0.789273
9.996E-05 9.996E-05 9.996E-05 9.996E-05 0.9995 9.996E-05
9.9991E-05 0.577221 0.234415 0.096447 0.00554875 0.0862681
9.9991E-05 0.598597 0.15603 0.151586 0.0428687 0.0508192
9.9991E-05 0.395884 0.0293606 0.378792 0.0364427 0.159421
0.0842269 0.228631 0.0287144 0.481307 0.0368592 0.140261
0.0462099 0.655887 9.9973E-05 0.297603 9.9973E-05 9.9973E-05
0.129142 9.9982E-05 0.0660443 9.9982E-05 0.0181344 0.786479
0.00705048 0.0144464 0.274535 0.497962 0.032421 0.173585
0.179811 0.0375763 9.9991E-05 0.0476508 0.0812733 0.653589
0.0643277 0.250115 0.249526 0.122413 0.0369461 0.276672
9.9982E-05 0.656938 0.292879 0.0322986 0.0176848 9.9982E-05
9.9973E-05 0.545407 0.198793 9.9973E-05 9.9973E-05 0.2555
9.9982E-05 0.370458 0.117436 0.180514 9.9982E-05 0.331392
0.0105412 0.353347 9.9982E-05 0.477367 9.9982E-05 0.158545
9.9973E-05 0.518457 0.139762 9.9973E-05 9.9973E-05 0.341481
9.9973E-05 0.351007 9.9973E-05 0.501005 9.9973E-05 0.147689
0.157045 0.0479473 0.0475813 9.9991E-05 0.0204419 0.726884
0.11158 0.0422083 9.9991E-05 0.118628 0.0883031 0.63918
0.171496 0.129124 9.9982E-05 9.9982E-05 0.0712924 0.627887
9.9982E-05 0.0818082 0.0491671 0.310973 9.9982E-05 0.557852
0.0703364 0.231803 0.0828671 0.182985 9.9991E-05 0.431909
0.0411866 0.317356 0.178473 0.462785 9.9982E-05 9.9982E-05
0.750781 0.189412 9.9982E-05 0.0433128 0.0162945 9.9982E-05
0.655388 0.0428473 0.00678026 0.0840294 0.0300404 0.180915
0.148603 0.0245124 0.109134 0.168963 9.9991E-05 0.548688
0.11747 9.9982E-05 9.9982E-05 0.403522 0.0197468 0.459061
0.153313 0.087286 0.331842 9.9991E-05 0.0359695 0.39149
9.9973E-05 9.9973E-05 0.437687 0.383894 9.9973E-05 0.178119
0.620901 9.9982E-05 0.0616617 9.9982E-05 0.0468366 0.270401
0.632274 9.9982E-05 0.0437475 0.0461197 9.9982E-05 0.277659
0.453215 0.103365 9.9982E-05 0.0441789 9.9982E-05 0.399041
0.0147446 0.231104 0.280074 0.376068 0.0792189 0.0187904
0.0415049 0.610105 0.34809 9.9973E-05 9.9973E-05 9.9973E-05
0.0310872 0.651928 0.133276 9.9991E-05 0.0192043 0.164405
0.11313 0.717034 0.169535 9.9973E-05 9.9973E-05 9.9973E-05
9.9973E-05 0.359343 0.196905 0.443451 9.9973E-05 9.9973E-05
0.00560655 0.635614 0.180498 0.137988 0.0344186 0.00587523
0.0143863 0.733761 0.251553 9.9973E-05 9.9973E-05 9.9973E-05
0.0844437 0.84402 0.0712359 9.9973E-05 9.9973E-05 9.9973E-05
0.00649829 0.384698 0.294794 0.269314 0.0126467 0.0320489
0.0141115 0.525518 9.9973E-05 0.460071 9.9973E-05 9.9973E-05
9.9991E-05 0.47065 0.085073 0.342175 0.055385 0.0466169
9.9973E-05 0.475948 9.9973E-05 0.498281 0.0254712 9.9973E-05
0.0412735 0.328282 0.101113 0.409072 9.9991E-05 0.120161
0.0659346 0.587602 9.9982E-05 0.30372 0.0425437 9.9982E-05
9.9973E-05 0.288213 9.9973E-05 0.545417 9.9973E-05 0.16607
0.0254461 0.718479 0.177739 9.9982E-05 9.9982E-05 0.0781353
9.9973E-05 9.9973E-05 0.596741 0.362292 9.9973E-05 0.0406672
9.9973E-05 9.9973E-05 0.838499 0.106652 9.9973E-05 0.0545493
9.9973E-05 9.9973E-05 0.595435 0.366672 0.0375938 9.9973E-05
0.0411798 9.9982E-05 0.583568 0.357703 0.0173499 9.9982E-05
0.00354068 0.0137429 0.827263 0.0136924 0.017804 0.123957
0.0917913 0.613587 0.0838831 0.0992083 0.0161353 0.0953953
9.9991E-05 0.547108 0.0765515 0.225584 0.0348823 0.115774
0.896905 0.0311283 9.9973E-05 9.9973E-05 9.9973E-05 0.0716672
0.791607 0.0844513 0.0559617 0.002555 0.0392985 0.0261261
0.822812 0.0560024 0.0305782 0.0890084 0.00149896 9.9991E-05
0.590733 0.0512263 0.115494 9.9982E-05 9.9982E-05 0.242347
0.804074 0.0966059 9.9991E-05 0.051048 0.0302517 0.0179205
0.766802 9.9982E-05 0.209986 9.9982E-05 0.00534443 0.0176676
0.847018 0.0528573 9.9982E-05 9.9982E-05 0.0324104 0.0675143
0.807764 9.9973E-05 0.115838 9.9973E-05 9.9973E-05 0.0760987
0.781024 9.9982E-05 0.00714065 0.194256 9.9982E-05 0.0173789
0.790981 9.9973E-05 0.164426 9.9973E-05 9.9973E-05 0.0442938
0.754589 0.0743544 0.0391795 9.9991E-05 0.0318773 0.0999002
0.741432 0.137556 0.00297881 0.0801201 0.0327467 0.0051665
0.758545 0.116207 9.9991E-05 0.0780654 0.0243371 0.0227449
0.806749 9.9973E-05 9.9973E-05 0.189416 0.00353487 9.9973E-05
0.771133 0.0428265 0.0766405 9.9991E-05 0.00374081 0.105559
0.832665 0.146723 9.9973E-05 9.9973E-05 0.0203121 9.9973E-05
0.850102 0.00776625 0.131022 9.9982E-05 0.0109098 9.9982E-05
0.0927008 0.140754 9.9973E-05 9.9973E-05 9.9973E-05 0.766245
9.9973E-05 0.0249995 9.9973E-05 0.0584412 9.9973E-05 0.916259
0.797171 0.0877295 9.9973E-05 9.9973E-05 9.9973E-05 0.114799
0.668831 0.222657 0.0905517 9.9982E-05 0.0177602 9.9982E-05
0.784684 9.9973E-05 0.0901507 9.9973E-05 9.9973E-05 0.124865
0.130213 0.162305 9.9973E-05 9.9973E-05 9.9973E-05 0.707182
9.9982E-05 0.818795 0.112472 9.9982E-05 0.0221214 0.0464109
9.9982E-05 0.612893 0.178988 0.173456 0.0344636 9.9982E-05
9.9982E-05 0.200972 0.403854 0.155711 9.9982E-05 0.239264
0.00537781 0.169205 0.535203 0.184254 9.9991E-05 0.10586
9.9973E-05 9.9973E-05 0.104134 0.883534 9.9973E-05 0.0120315
0.00238553 9.9973E-05 0.307663 0.689651 9.9973E-05 9.9973E-05
9.9964E-05 9.9964E-05 0.0218251 0.977775 9.9964E-05 9.9964E-05
0.00177478 9.9991E-05 0.244287 0.679845 0.0204459 0.0535478
0.0313897 9.9991E-05 0.437797 0.386281 0.0406303 0.103803
0.0671363 0.0472293 0.44207 0.411542 0.031922 9.9991E-05
0.00868847 0.664838 0.112749 0.0697636 0.00540822 0.138553
0.05032 0.546272 9.9991E-05 0.198639 0.0408488 0.16382
0.00650694 0.705507 0.0544522 9.9991E-05 0.0349263 0.198508
9.99641E-05 0.688024 9.99641E-05 9.99641E-05 9.99641E-05 0.311576
9.9982E-05 0.702464 0.0686327 9.9982E-05 0.0131084 0.215595
9.9973E-05 0.527359 0.132849 9.9973E-05 9.9973E-05 0.339492
9.9982E-05 0.383109 9.9982E-05 0.505873 0.010353 0.100464
0.0938511 0.346485 9.9991E-05 0.543969 0.00461874 0.0109758
9.9982E-05 0.360801 9.9982E-05 0.522621 0.0478516 0.068526
0.00117013 0.39462 9.9991E-05 0.467493 0.0211028 0.115514
9.9982E-05 0.33897 9.9982E-05 0.518233 0.0310587 0.111539
0.0727136 9.9982E-05 0.209438 0.5846 0.133049 9.9982E-05
0.684733 9.9982E-05 9.9982E-05 0.156617 0.00574104 0.152709
0.740213 0.0012232 0.148063 9.9991E-05 0.0466209 0.0637798
0.77072 9.9982E-05 9.9982E-05 0.124919 0.00612286 0.0980384
0.681051 0.161199 0.0702536 9.9991E-05 0.0120845 0.0753117
0.737592 0.0847413 0.0163356 0.103625 0.0226024 0.035103
0.0940213 0.280627 0.230778 0.266899 0.0195401 0.108135
9.9991E-05 0.38958 0.209246 0.224728 0.0190532 0.157292
9.9973E-05 0.558708 9.9973E-05 0.396436 0.0445563 9.9973E-05
9.9991E-05 0.417841 0.10869 0.254439 0.040645 0.178285
