0.0941318 0.00677872 0.115891 0.683099 0.0193285 0.0807715
0.0454137 9.9991E-05 0.0506049 0.792763 0.0311573 0.0799614
0.0816495 0.0559702 0.175953 0.650661 0.0247621 0.0110044
0.174983 0.0476397 9.9982E-05 0.766991 0.0101863 9.9982E-05
9.9973E-05 0.0724047 9.9973E-05 0.889106 9.9973E-05 0.0381898
9.9964E-05 9.9964E-05 9.9964E-05 0.850811 9.9964E-05 0.14879
0.0894239 9.9982E-05 0.0529856 0.725658 9.9982E-05 0.131732
0.132329 0.0123576 0.0110572 0.799311 0.0448453 9.9991E-05
9.999E-05 0.0716224 0.183721 0.667624 0.0121512 0.0647814
0.257641 9.9991E-05 0.229557 0.456594 0.0274057 0.0287024
0.522519 0.0677507 0.0430949 0.285689 0.0808467 9.9991E-05
0.176699 0.0469881 0.241894 0.502587 0.0317324 9.9991E-05
0.695685 9.9991E-05 0.0604191 0.074777 0.0522714 0.116748
0.267668 0.100559 0.235138 0.396435 9.9982E-05 9.9982E-05
9.9991E-05 0.130078 0.192472 0.629675 0.0313735 0.0163015
0.176145 0.00372529 0.119542 0.689103 0.00405671 0.00742784
0.153199 9.9982E-05 0.216225 0.588292 9.9982E-05 0.0420845
0.00533479 9.9991E-05 0.0868679 0.854363 0.0176366 0.0356973
0.157947 0.0412378 0.492214 0.110276 0.0549522 0.143373
0.152273 9.9982E-05 0.687519 0.0944009 9.9982E-05 0.0656071
0.00759073 0.0727845 0.758305 0.156116 0.00510402 9.9991E-05
0.0897741 0.0424042 0.811774 9.9991E-05 0.0136327 0.042315
0.0499803 9.9982E-05 0.852073 9.9982E-05 0.0156853 0.0820611
9.999E-05 0.016715 0.787336 0.107575 0.0387846 0.0494893
0.124694 9.9973E-05 0.686574 0.188431 9.9973E-05 9.9973E-05
9.9982E-05 9.9982E-05 0.881176 0.0551691 0.0279565 0.0354987
9.9973E-05 0.084412 0.872296 9.9973E-05 0.0429918 9.9973E-05
9.9982E-05 9.9982E-05 0.844419 0.0124346 0.0262794 0.116667
9.9982E-05 0.00217917 0.911806 0.051841 9.9982E-05 0.0339738
9.9973E-05 9.9973E-05 0.801438 0.0434291 9.9973E-05 0.154833
0.00921631 9.9973E-05 0.907398 9.9973E-05 9.9973E-05 0.0830856
9.9982E-05 0.108807 0.851485 0.0153453 0.0241635 9.9982E-05
9.9982E-05 9.9982E-05 0.839538 0.0171089 0.0609452 0.0822083
0.301978 9.9982E-05 0.148629 0.493511 0.0556824 9.9982E-05
9.9982E-05 0.120872 0.207741 0.669085 0.00210285 9.9982E-05
9.9982E-05 0.110532 0.0588874 0.811193 9.9982E-05 0.0191875
0.116087 0.00441074 0.0576664 0.748821 0.0183957 0.054619
0.181502 0.104433 0.195551 0.500286 9.9991E-05 0.0181283
9.996E-05 9.996E-05 9.996E-05 9.996E-05 0.9995 9.996E-05
0.180974 0.023808 0.780337 9.9982E-05 0.014681 9.9982E-05
9.9982E-05 9.9982E-05 0.1697 0.631466 0.0013546 0.197279
0.250978 9.9973E-05 0.12016 0.628562 9.9973E-05 9.9973E-05
0.179575 9.9991E-05 0.257775 0.328371 0.00179595 0.232383
0.634559 0.0212242 0.104856 0.0696334 0.0591763 0.110551
0.838709 9.9982E-05 0.0579369 9.9982E-05 0.0235042 0.0796496
9.996E-05 9.996E-05 9.996E-05 9.996E-05 0.9995 9.996E-05
0.212256 0.0520237 0.204774 0.43819 0.0635758 0.029181
0.366493 9.9982E-05 0.103325 0.33517 9.9982E-05 0.194812
0.159345 0.104238 0.406825 0.267715 0.0410254 0.0208514
0.0956897 0.203403 9.9991E-05 0.073545 0.0220055 0.605256
0.162008 0.45625 9.9982E-05 9.9982E-05 0.0126304 0.368912
9.9973E-05 0.509517 9.9973E-05 0.123359 9.9973E-05 0.366825
0.181238 0.51168 0.0120749 9.9991E-05 0.0458946 0.249012
9.9991E-05 0.676929 0.0484879 0.00663766 0.043161 0.224685
9.9982E-05 0.689149 0.023265 0.0270959 9.9982E-05 0.26029
9.9973E-05 0.678371 9.9973E-05 0.18616 9.9973E-05 0.135169
0.0396656 0.352128 0.0183073 0.00458485 0.0204911 0.564823
9.996E-05 9.996E-05 9.996E-05 9.996E-05 9.996E-05 0.9995
0.0894222 0.6834 9.9991E-05 0.0373275 0.0318573 0.157893
0.213678 0.366766 9.9991E-05 0.0780129 0.0403571 0.301086
9.996E-05 9.996E-05 9.996E-05 9.996E-05 9.996E-05 0.9995
0.0971898 0.542288 0.0408915 0.0717128 0.000471042 0.247447
0.522091 0.222157 9.9991E-05 0.0162919 0.0482253 0.191135
9.9982E-05 0.0758813 0.738737 0.166609 0.0185731 9.9982E-05
0.0291427 0.0355736 0.80499 0.0963217 0.0338722 9.9991E-05
9.9982E-05 9.9982E-05 0.831414 0.141277 0.00135654 0.0257527
0.089765 0.633221 0.052468 0.0742755 9.9991E-05 0.15017
0.369361 0.445565 9.9982E-05 9.9982E-05 0.0745116 0.110362
0.0551744 0.595766 0.043443 0.0536191 0.0174747 0.234522
0.222738 0.635578 9.9982E-05 9.9982E-05 0.0438479 0.0976357
0.00343739 0.894494 0.0409752 0.00662042 0.0543734 9.9991E-05
0.650167 0.0178897 9.9991E-05 0.174839 0.00876582 0.148238
0.755061 0.0107747 0.0032899 0.136951 0.0105955 0.0833285
0.880056 0.0316951 9.9973E-05 9.9973E-05 9.9973E-05 0.0879489
0.98621 9.9964E-05 9.9964E-05 9.9964E-05 0.0133899 9.9964E-05
0.845256 9.9982E-05 0.0835868 9.9982E-05 0.0369262 0.034031
0.897371 9.9973E-05 9.9973E-05 9.9973E-05 0.00301492 0.0993137
0.782591 9.9991E-05 0.11617 0.0655955 0.0113968 0.0241464
0.306662 0.618171 9.9982E-05 0.0026794 9.9982E-05 0.0722873
0.305302 0.363422 0.0304324 0.0838046 0.116186 0.100853
0.126299 0.523739 0.0297264 9.9991E-05 0.033673 0.286462
0.06423 0.575329 0.0723894 9.9991E-05 0.0467216 0.24123
0.057978 0.771856 9.9991E-05 0.144266 0.0144061 0.0113932
0.232079 0.0445492 0.695904 0.00436836 0.0229997 9.9991E-05
0.432551 0.215421 0.068972 0.125751 9.9991E-05 0.157205
0.795283 0.0700237 9.9982E-05 0.0526648 9.9982E-05 0.0818284
9.996E-05 9.996E-05 9.996E-05 9.996E-05 0.9995 9.996E-05
0.0618201 9.9982E-05 0.175519 0.656379 9.9982E-05 0.106081
0.0189273 9.9991E-05 0.112563 0.750703 0.0480043 0.0697018
0.152464 9.9991E-05 0.119433 0.527972 0.0333621 0.166669
0.262228 0.0438809 0.262111 0.331498 0.0270702 0.0732113
0.0487437 0.11223 0.100028 0.738798 9.9982E-05 9.9982E-05
0.732504 9.9964E-05 9.9964E-05 9.9964E-05 9.9964E-05 0.267096
0.178471 9.9991E-05 0.567928 0.161967 0.0632587 0.0282751
0.605167 0.185241 9.9991E-05 0.0678033 0.0749104 0.0667787
0.382582 0.0577176 0.237329 0.270867 0.0442425 0.00726272
9.9982E-05 9.9982E-05 0.234144 0.6996 0.0183946 0.0476616
0.234824 0.0502412 0.081748 0.632987 9.9982E-05 9.9982E-05
0.335471 9.9973E-05 0.206698 0.457531 9.9973E-05 9.9973E-05
0.247295 0.0108343 0.045341 0.617299 0.0164503 0.0627804
0.35493 9.9982E-05 0.0274508 0.589321 0.0280978 9.9982E-05
0.274143 9.9982E-05 0.0954408 0.609274 0.0209425 9.9982E-05
0.552206 0.147271 0.0312241 0.108491 0.00857607 0.152232
0.595267 0.0984377 0.0650396 0.113528 0.0524135 0.0753135
0.668697 0.144182 9.9991E-05 0.0271397 0.0900292 0.069852
0.649714 9.9973E-05 0.217855 0.132131 9.9973E-05 9.9973E-05
0.465744 0.0852962 0.179042 0.232652 9.9991E-05 0.0371665
0.0135721 0.0930877 0.440222 0.420357 9.9991E-05 0.0326616
9.9991E-05 0.589044 0.00481176 0.147113 0.015851 0.243081
0.204654 0.589519 0.0158225 0.0188183 0.020303 0.150883
0.573374 0.0617403 0.127285 0.0602543 9.9991E-05 0.177246
0.484213 9.9991E-05 0.0848982 0.191638 0.0198785 0.219272
0.301741 9.9991E-05 0.207621 0.159036 0.0484538 0.283048
0.288627 9.9964E-05 0.710974 9.9964E-05 9.9964E-05 9.9964E-05
0.259674 0.606703 0.00167236 9.9991E-05 0.0399085 0.0919422
0.133106 0.541722 0.00481806 0.064188 9.9991E-05 0.256066
0.321371 0.403547 9.9982E-05 0.109826 9.9982E-05 0.165056
9.9991E-05 0.0518558 0.460679 0.360029 0.0656007 0.0617351
9.9991E-05 0.0562377 0.25464 0.644297 0.00738853 0.0373368
0.125196 0.0437167 0.0255652 0.740493 0.0336908 0.0313384
9.9982E-05 0.154257 0.0584767 0.756835 9.9982E-05 0.0302317
0.00367158 0.00869109 0.434744 0.536256 9.9991E-05 0.0165378
0.0680721 9.9982E-05 0.175918 0.668177 9.9982E-05 0.0876333
0.0974071 0.0731712 0.108058 0.721164 9.9982E-05 9.9982E-05
9.9973E-05 0.140054 9.9973E-05 0.842798 9.9973E-05 0.0168479
0.0825865 0.0781722 0.344671 0.494371 9.9982E-05 9.9982E-05
0.201045 0.00879811 0.174449 0.615508 9.9982E-05 9.9982E-05
0.149402 9.9991E-05 0.179639 0.625021 0.0128985 0.0329391
0.222894 0.000480426 0.103836 0.650886 0.0218035 9.9991E-05
0.123187 0.152189 0.285047 0.40953 0.0180692 0.0119775
0.121116 0.0427954 0.0538712 0.66644 0.0467831 0.0689937
0.381071 9.9991E-05 0.270951 0.312577 0.014097 0.0212038
0.0712234 9.99852E-05 0.0449463 0.797445 9.99852E-05 0.0861855
0.107882 9.9973E-05 0.827756 9.9973E-05 9.9973E-05 0.0640624
0.0757497 9.9973E-05 0.909288 0.0146625 9.9973E-05 9.9973E-05
9.9973E-05 9.9973E-05 0.938488 0.0277164 0.0334955 9.9973E-05
9.9991E-05 0.0735685 0.740633 0.130225 0.00685231 0.0486216
0.0738518 0.0256335 0.8065 0.0335817 0.0316168 0.0288163
0.264891 0.101523 9.9973E-05 0.633286 9.9973E-05 9.9973E-05
0.068058 0.00375658 0.134056 0.739258 0.0318608 0.0230103
9.9964E-05 0.343457 9.9964E-05 9.9964E-05 9.9964E-05 0.656143
0.051781 0.849333 0.0473648 9.9991E-05 0.0316796 0.019742
9.9991E-05 0.832029 0.0209171 0.0146926 0.0159874 0.116274
0.219751 0.66185 0.050467 9.9982E-05 9.9982E-05 0.0677312
0.0441893 0.875388 9.9991E-05 0.00828937 0.0178408 0.0541928
0.00603646 0.54852 0.129655 9.9982E-05 9.9982E-05 0.315588
0.0656658 0.893387 9.9982E-05 9.9982E-05 0.00655138 0.0341957
0.027977 0.512929 0.0832348 9.9982E-05 9.9982E-05 0.375659
0.0488622 0.771536 0.0401665 9.9982E-05 9.9982E-05 0.139235
0.0113466 0.578397 0.0829729 9.9982E-05 9.9982E-05 0.327084
0.150828 0.684413 9.9982E-05 9.9982E-05 0.0239559 0.140603
0.0477657 0.666048 9.9991E-05 0.10042 0.028972 0.156695
9.9982E-05 0.728062 9.9982E-05 0.104904 0.0251845 0.141649
9.9982E-05 0.757066 0.0453983 9.9982E-05 0.0146761 0.182659
0.0204658 0.715213 9.9991E-05 0.0500241 0.0261597 0.188037
9.9982E-05 0.892011 9.9982E-05 0.0618772 0.0166659 0.029246
0.0110162 0.801737 0.0735493 9.9991E-05 0.00404322 0.109554
0.817885 0.146349 0.00351301 0.032053 9.9982E-05 9.9982E-05
0.990469 9.9973E-05 0.00876636 0.000464278 9.9973E-05 9.9973E-05
0.0557154 0.850519 9.9982E-05 0.0217303 9.9982E-05 0.071835
0.0338302 0.33004 9.9991E-05 0.224222 0.0167923 0.395016
9.996E-05 9.996E-05 9.996E-05 9.996E-05 9.996E-05 0.9995
0.600555 9.9973E-05 9.9973E-05 0.17169 9.9973E-05 0.227456
0.109415 0.0269863 9.9982E-05 0.826128 0.0372708 9.9982E-05
9.9982E-05 0.0481931 0.188469 0.743107 0.0200309 9.9982E-05
0.160882 9.9982E-05 0.417664 0.335707 9.9982E-05 0.085547
0.143214 0.010926 0.610716 0.234944 9.9982E-05 9.9982E-05
0.124491 0.0256666 0.728645 0.114941 0.00615677 9.9991E-05
9.9973E-05 9.9973E-05 0.823605 0.0673415 9.9973E-05 0.108754
0.0369876 9.9991E-05 0.747037 0.178137 0.0217511 0.0159875
0.135701 9.9991E-05 0.785368 0.0140548 0.00906517 0.0557109
0.205365 0.0508887 0.694332 9.9991E-05 0.0282512 0.0210629
9.9982E-05 0.131611 0.788465 0.0538287 0.0258948 9.9982E-05
0.0834612 0.0298348 0.0564411 0.776829 0.016834 0.0365995
0.0503004 0.0496005 0.0625028 0.732249 0.0635603 0.0417868
0.141516 9.9982E-05 9.9982E-05 0.706732 0.039033 0.112519
0.230513 0.0774191 9.9973E-05 0.691768 9.9973E-05 9.9973E-05
0.207674 9.9982E-05 9.9982E-05 0.715991 0.0299957 0.0461399
0.37907 9.9991E-05 0.04352 0.555865 0.00599971 0.0154455
0.131554 9.9991E-05 0.162002 0.580962 0.0138216 0.11156
0.223817 9.9991E-05 0.188258 0.468032 0.0129776 0.106815
0.28601 0.0475317 0.126896 0.477367 0.0620956 9.9991E-05
0.258686 0.0220099 0.225904 0.466312 0.0269879 9.9991E-05
0.11751 0.112357 0.0955278 0.649983 0.0245216 9.9991E-05
0.150036 0.0785206 0.622789 0.0154851 0.133069 9.9991E-05
0.116291 0.200596 9.9991E-05 0.0249224 0.0149395 0.643151
0.0533533 0.712265 0.0631988 9.9991E-05 0.0382047 0.132878
0.0962872 0.826991 9.9973E-05 9.9973E-05 9.9973E-05 0.0764222
0.136665 0.782656 0.037529 0.0391984 0.0038514 9.9991E-05
9.9982E-05 0.818011 0.107462 9.9982E-05 0.00346199 0.0708649
0.180069 0.0317222 0.217117 0.399894 0.0413326 0.129865
0.194264 0.0143657 0.274308 0.477872 0.0202147 0.0189751
0.0287856 9.9991E-05 0.09152 0.76215 0.0699479 0.0474967
0.175647 9.9991E-05 0.308294 0.461705 0.035651 0.0186027
