0.171374 0.745218 0.0833083 9.9991E-05
0.0758625 0.745195 0.163819 0.015124
0.134847 0.662993 0.20206 9.9991E-05
0.240738 0.729198 0.029964 9.9991E-05
9.9982E-05 0.912152 9.9982E-05 0.087648
0.159749 0.823201 9.9991E-05 0.0169493
0.19283 0.766591 0.0197283 0.0208505
0.153862 0.80854 0.0374974 9.9991E-05
0.000432049 0.690364 0.210137 0.0990674
0.272402 0.494135 0.233363 9.9991E-05
0.473434 0.311836 0.141667 0.0730627
0.24512 0.487303 0.258842 0.00873489
0.8658 0.0083092 0.0693894 0.0565015
0.124863 0.527066 0.241023 0.107048
9.999E-05 0.735148 0.174196 0.0905563
0.231583 0.647313 0.121004 9.9991E-05
0.0996615 0.705828 0.194411 9.9991E-05
0.0122235 0.922645 0.0650318 9.9991E-05
0.123398 0.137522 0.585874 0.153206
0.227629 0.151941 0.62033 9.9991E-05
0.0496608 0.214751 0.735488 9.9991E-05
0.143839 0.0602474 0.781752 0.0141616
0.115521 9.9982E-05 0.884279 9.9982E-05
9.9991E-05 0.170227 0.786776 0.042897
0.100257 0.247226 0.652417 9.9991E-05
0.0616952 0.0244351 0.91377 9.9991E-05
9.9982E-05 9.9982E-05 0.924357 0.075443
0.0593006 9.9991E-05 0.889447 0.0511527
9.9991E-05 0.122477 0.87187 0.00555296
9.9991E-05 0.103955 0.825743 0.0702013
0.103146 9.9982E-05 0.896654 9.9982E-05
9.9991E-05 0.130307 0.832921 0.0366725
0.0883299 9.9991E-05 0.882091 0.0294789
0.263301 0.521544 0.208458 0.00669713
9.9991E-05 0.737227 0.222536 0.0401368
0.00777073 0.760379 0.13399 0.09786
0.195825 0.718169 0.0846806 0.00132524
0.201569 0.513118 0.190197 0.0951155
9.9982E-05 9.9982E-05 0.626821 0.372979
0.188788 0.00937907 0.796491 0.0053425
9.9991E-05 0.732195 0.130942 0.136764
0.165586 0.641871 0.192443 9.9991E-05
0.349413 0.202822 0.338556 0.109209
0.648912 0.0523252 0.149328 0.149435
0.861372 0.0710876 0.0625151 0.00502528
9.9982E-05 9.9982E-05 0.607876 0.391924
0.331962 0.437173 0.205844 0.0250206
0.597904 0.249969 0.108893 0.043235
0.103605 0.397 0.354301 0.145094
0.236045 0.0184073 9.9991E-05 0.745448
0.200985 9.9991E-05 0.0103902 0.788525
9.9991E-05 0.175331 0.00983447 0.814734
0.26465 9.9991E-05 0.0259964 0.709253
9.9991E-05 0.0561813 0.0940413 0.849677
0.0070597 0.0216681 0.112277 0.858995
0.0472532 0.206876 9.9991E-05 0.745771
0.180715 0.0183566 9.9991E-05 0.800828
0.0453806 9.9991E-05 0.0608756 0.893644
0.132908 0.0616827 9.9991E-05 0.805309
0.245387 0.121959 9.9991E-05 0.632553
0.0995522 9.9991E-05 0.0927203 0.807627
0.169993 0.0781939 0.0488331 0.70298
0.602517 9.9991E-05 0.0552387 0.342144
0.0101106 0.135572 0.786478 0.0678391
0.0339404 0.216782 0.727727 0.0215512
9.9982E-05 0.194351 0.805449 9.9982E-05
0.232211 0.0485138 0.0210153 0.69826
0.421392 0.0589531 9.9991E-05 0.519555
0.112007 0.0662724 0.0913004 0.73042
0.228086 9.9991E-05 0.0331216 0.738692
9.9982E-05 0.141304 9.9982E-05 0.858496
0.692411 0.189627 9.9991E-05 0.117863
0.764788 0.152576 0.0216614 0.0609745
0.912954 0.039619 9.9991E-05 0.0473271
0.9997 9.998E-05 9.998E-05 9.998E-05
0.834442 9.9991E-05 0.125213 0.0402444
0.993844 9.9982E-05 9.9982E-05 0.00595579
0.676618 0.150785 0.112065 0.0605326
0.272939 0.0990941 9.9991E-05 0.627866
0.492048 0.0559862 0.0535087 0.398457
0.155814 9.9991E-05 0.0982802 0.745806
0.0772383 9.9991E-05 0.12321 0.799452
0.0182012 0.221185 9.9991E-05 0.760514
0.134799 0.171455 0.667519 0.0262264
0.58356 0.0503029 0.111895 0.254242
0.926579 9.9982E-05 9.9982E-05 0.0732209
9.9991E-05 0.0117255 0.57579 0.412385
0.156281 0.680708 0.162911 9.9991E-05
0.0762864 0.764094 0.159519 9.9991E-05
0.228862 0.552617 0.202536 0.0159843
0.306565 0.333502 0.273895 0.0860375
0.00915797 0.816545 0.125777 0.04852
0.863091 9.9991E-05 0.0016993 0.13511
0.140107 0.232168 0.582714 0.0450106
0.618511 0.155114 0.0198859 0.20649
0.402085 0.216174 0.32953 0.052211
9.9982E-05 0.821452 0.178348 9.9982E-05
0.335078 0.664722 9.9982E-05 9.9982E-05
0.304035 0.559802 0.136063 9.9991E-05
0.236971 0.657668 0.048005 0.0573564
0.400179 0.57261 0.0271109 9.9991E-05
0.260224 0.639724 0.0999516 9.9991E-05
0.640258 0.0910939 0.0441634 0.224485
0.692391 0.0505899 0.130969 0.126051
0.571757 0.047646 0.0811765 0.299421
0.593629 0.171961 0.23431 9.9991E-05
0.534559 0.244627 0.145527 0.0752873
9.9991E-05 0.491895 0.428059 0.0799462
9.9982E-05 0.220694 9.9982E-05 0.779106
0.185725 0.0166012 0.0600151 0.737659
0.585991 0.119976 0.0953413 0.198692
0.556814 0.187599 0.0950824 0.160505
0.53544 0.0244279 0.284526 0.155606
0.35798 9.9982E-05 0.64182 9.9982E-05
0.298449 9.9991E-05 0.0330024 0.668449
0.355801 0.00614205 0.00785987 0.630198
0.378967 0.129045 9.9991E-05 0.491888
0.0947303 0.396899 0.438087 0.0702845
0.000909922 0.730657 0.219829 0.0486039
0.188507 0.741068 0.0524629 0.0179618
0.0110689 0.838745 0.038595 0.111591
0.0263875 0.596478 0.377034 9.9991E-05
9.9991E-05 0.767715 0.198985 0.0331999
9.9991E-05 0.792422 0.157753 0.0497248
9.9991E-05 0.930472 0.0017983 0.0676297
0.155657 0.493849 0.348284 0.0022111
0.19074 0.700857 0.108303 9.9991E-05
0.162421 0.604589 0.23289 9.9991E-05
0.186012 0.663075 0.150814 9.9991E-05
0.0986456 0.584147 0.200555 0.116653
0.102042 0.738556 0.0745914 0.084811
0.305682 0.457923 0.236294 9.9991E-05
0.00727713 0.856591 0.0839364 0.0521951
0.133488 0.00738992 0.859023 9.9991E-05
0.0883211 9.9982E-05 0.911479 9.9982E-05
9.9982E-05 0.0284657 0.971334 9.9982E-05
0.0201178 0.116258 0.775858 0.0877657
0.116841 0.0586227 0.772005 0.0525316
0.264086 0.653473 9.9991E-05 0.0823407
0.175782 0.65845 0.160989 0.00477931
0.102408 9.9982E-05 9.9982E-05 0.897392
0.0833359 9.9991E-05 0.105871 0.810693
9.9982E-05 0.106462 9.9982E-05 0.893338
0.20598 0.0932987 0.0388516 0.66187
9.9982E-05 0.105778 9.9982E-05 0.894022
0.0577166 9.9991E-05 0.119682 0.822501
0.12345 0.00386219 9.9991E-05 0.872588
0.0707761 0.00632144 0.0853026 0.8376
0.0312109 0.0359715 0.0573822 0.875435
0.0466574 0.0292323 0.0705691 0.853541
0.17349 0.0188131 0.00387812 0.803819
9.9991E-05 0.148091 0.0632926 0.788516
0.0420071 0.0564392 0.0853128 0.816241
9.9991E-05 0.087515 0.029708 0.882677
0.171263 0.0187619 9.9991E-05 0.809875
9.9982E-05 0.0969229 9.9982E-05 0.902877
9.9991E-05 0.0315217 0.0504097 0.917969
0.87414 0.0126467 0.0104433 0.10277
0.945799 0.054001 9.9982E-05 9.9982E-05
0.179521 0.0216564 9.9991E-05 0.798723
0.112521 0.210705 9.9991E-05 0.676674
0.182042 9.9982E-05 9.9982E-05 0.817758
0.623148 0.248016 9.9991E-05 0.128736
0.0219184 0.915013 0.0451306 0.0179382
9.9991E-05 0.793756 0.200198 0.00594592
0.221497 0.312476 0.465927 9.9991E-05
0.18392 0.259916 0.556063 9.9991E-05
0.259889 0.00376266 0.736248 9.9991E-05
0.0268624 0.0936502 0.806545 0.0729426
0.106634 0.177534 0.715732 9.9991E-05
0.120754 0.104879 0.747874 0.0264927
0.0825044 9.9991E-05 0.82233 0.0950652
9.9991E-05 0.148531 0.769821 0.0815484
0.0664353 0.814187 0.103453 0.0159246
0.0840706 0.74119 0.066814 0.107925
0.239439 0.738089 9.9991E-05 0.0223719
0.250815 0.748985 9.9982E-05 9.9982E-05
0.261158 0.738642 9.9982E-05 9.9982E-05
0.427591 0.572209 9.9982E-05 9.9982E-05
0.147992 0.623481 0.228427 9.9991E-05
0.248592 0.491789 0.226983 0.0326358
0.100592 0.683826 0.163922 0.0516601
0.178992 0.583736 0.163008 0.0742634
0.0898916 0.677223 0.174755 0.0581311
0.0954234 0.021178 0.783475 0.0999237
0.268003 9.9982E-05 9.9982E-05 0.731797
0.0708471 9.9991E-05 0.130381 0.798672
0.198164 9.9982E-05 9.9982E-05 0.801636
0.111012 0.159237 0.00991739 0.719833
0.0266945 0.105934 0.0683743 0.798997
0.149014 0.423456 0.31416 0.11337
0.166994 0.567116 0.259759 0.00613001
0.0215566 0.808177 0.141808 0.0284576
0.124791 0.639401 0.226155 0.00965316
