0.0316338 0.0271597 0.754195 0.148004 0.0390077
0.0176266 0.173709 0.69396 0.114604 9.9991E-05
0.0135269 0.111768 0.640433 0.231101 0.00317109
0.0063363 0.226074 0.744254 0.0232353 9.9991E-05
0.00648577 9.9982E-05 0.927628 9.9982E-05 0.0656865
9.999E-05 0.120946 0.769054 0.0348909 0.0750095
9.9991E-05 0.231851 0.699809 0.0594434 0.00879692
0.0282593 0.162985 0.808556 9.9982E-05 9.9982E-05
0.0102774 0.0359939 0.582764 0.261651 0.109314
0.0331915 0.328113 0.426197 0.212399 9.9991E-05
0.0517554 0.517509 0.309036 0.0559903 0.0657098
0.0305763 0.243687 0.472171 0.22409 0.0294767
0.031856 0.87047 0.035747 0.0234005 0.0385263
9.999E-05 0.264089 0.418976 0.247338 0.069497
0.0450234 9.9991E-05 0.657323 0.200445 0.0971089
0.0208544 0.154236 0.699214 0.125596 9.9991E-05
9.999E-05 0.0716553 0.652543 0.205797 0.0699044
0.0516355 0.131207 0.731141 0.0859167 9.9991E-05
0.0592229 0.211509 0.0231401 0.548422 0.157706
9.9982E-05 0.204124 0.10724 0.688436 9.9982E-05
0.0136036 0.00323782 0.215736 0.732836 0.0345858
0.00914244 0.0838959 0.0085048 0.847412 0.0510444
0.0568843 0.0729641 9.9991E-05 0.843947 0.0261048
0.0464504 9.9991E-05 0.143202 0.786122 0.0241257
9.9982E-05 0.0589615 0.26976 0.671078 9.9982E-05
0.0154209 9.9991E-05 0.112863 0.857829 0.013788
0.0324845 0.00746899 9.9991E-05 0.890331 0.0696158
0.0292297 9.9982E-05 9.9982E-05 0.897767 0.072803
9.9982E-05 9.9982E-05 0.0490581 0.908371 0.0423709
0.00371421 9.9991E-05 0.0750784 0.802041 0.119066
0.0273209 0.0721816 9.9991E-05 0.855866 0.0445311
0.041708 9.9991E-05 0.0643341 0.836378 0.0574804
0.0621023 0.0363266 0.0706395 0.79199 0.0389417
0.0632631 0.354996 0.436722 0.144919 9.9991E-05
9.9991E-05 0.0623482 0.588728 0.293093 0.0557309
9.9991E-05 0.0629694 0.716021 0.132245 0.0886642
0.0269315 0.16399 0.731437 0.0435912 0.0340504
9.9991E-05 0.339508 0.435335 0.145761 0.0792963
0.9996 9.997E-05 9.997E-05 9.997E-05 9.997E-05
0.035964 0.23688 9.9982E-05 0.726957 9.9982E-05
9.9982E-05 9.9982E-05 0.685273 0.181279 0.133248
9.9982E-05 0.223143 0.598558 0.178099 9.9982E-05
0.0316238 0.250628 0.30621 0.293699 0.117839
0.0498289 0.705548 0.065464 0.095255 0.0839037
9.9973E-05 0.954163 9.9973E-05 0.0455372 9.9973E-05
0.9996 9.997E-05 9.997E-05 9.997E-05 9.997E-05
0.0585874 0.322577 0.36633 0.252406 9.9991E-05
9.9991E-05 0.615341 0.22838 0.10365 0.0525284
0.038069 0.131305 0.396943 0.32606 0.107623
0.0363144 0.218566 9.9991E-05 0.0265214 0.718498
0.0251588 0.217893 0.00392199 9.9991E-05 0.752927
9.9982E-05 9.9982E-05 0.160718 0.0117838 0.827298
0.0361055 0.224836 9.9991E-05 0.0412336 0.697725
0.0633352 9.9991E-05 0.0560192 0.0399797 0.840566
9.9982E-05 9.9982E-05 0.0670218 0.066789 0.865989
9.9982E-05 0.0606027 0.244607 9.9982E-05 0.69459
0.0309605 0.187275 0.0128908 9.9991E-05 0.768773
0.0390396 0.0296111 9.9991E-05 0.0827703 0.848479
0.0545143 0.041952 0.111394 9.9991E-05 0.79204
0.0335015 0.23839 0.109696 9.9991E-05 0.618313
9.9982E-05 0.116237 9.9982E-05 0.0920746 0.791488
9.9991E-05 0.102992 0.0548181 0.103897 0.738193
0.0909417 0.620971 9.9982E-05 9.9982E-05 0.287887
0.0454463 9.9991E-05 0.152799 0.741975 0.05968
0.0344742 0.104941 0.0584241 0.799404 0.00275726
0.00182489 9.9982E-05 0.0934429 0.904532 9.9982E-05
0.00173401 0.125063 0.107591 0.0463315 0.71928
0.0791552 0.390585 9.9982E-05 9.9982E-05 0.53006
0.0167195 0.15568 0.0522738 0.0419759 0.73335
0.0261611 0.265612 9.9991E-05 0.03103 0.677097
0.0570505 9.9991E-05 0.116448 0.0141842 0.812217
0.000930363 0.632829 0.223288 9.9991E-05 0.142853
0.0156484 0.819305 0.0749942 0.0246486 0.0654035
9.9991E-05 0.7919 0.0761154 0.0158209 0.116064
0.0288157 0.970884 9.9973E-05 9.9973E-05 9.9973E-05
0.0381382 0.844737 9.9991E-05 0.103586 0.0134397
0.0412597 0.95844 9.9973E-05 9.9973E-05 9.9973E-05
0.0174456 0.751248 0.0784518 0.0926288 0.0602263
9.9982E-05 0.337351 0.036284 9.9982E-05 0.626165
0.123646 0.329209 0.080254 0.0475164 0.419374
0.0194791 0.213651 0.0167732 0.0546214 0.695475
0.0472683 0.0909051 9.9991E-05 0.0980249 0.763702
0.0415471 0.101976 0.154066 9.9991E-05 0.702311
0.00700179 0.204567 0.0516819 0.73194 0.0048097
9.9991E-05 0.433553 0.112075 0.141561 0.312711
9.9973E-05 0.87981 9.9973E-05 9.9973E-05 0.119891
0.9996 9.997E-05 9.997E-05 9.997E-05 9.997E-05
9.9982E-05 0.276766 0.527858 0.195176 9.9982E-05
0.0168363 0.120586 0.699714 0.162764 9.9991E-05
0.0441944 0.267127 0.497805 0.190774 9.9991E-05
0.0552096 0.307168 0.34242 0.202715 0.0924869
9.9991E-05 0.092944 0.753357 0.0940691 0.0595296
9.9991E-05 0.822398 0.0107415 0.0312589 0.135502
0.0424418 0.265345 0.119439 0.55867 0.0141042
0.0800056 0.680076 0.074248 9.9991E-05 0.165571
0.0303357 0.412466 0.201641 0.288534 0.067023
9.9991E-05 0.0631076 0.759978 0.176464 0.000349927
9.9982E-05 0.400279 0.511539 0.0879828 9.9982E-05
9.9982E-05 0.297437 0.508612 0.193751 9.9982E-05
0.0102089 0.350241 0.600039 0.0182112 0.0213001
0.00612667 0.429786 0.498427 0.0655606 9.9991E-05
0.00778182 0.284594 0.608512 0.099012 9.9991E-05
0.048934 0.714288 0.0061631 0.0277473 0.202868
0.0665348 0.68815 0.0505916 0.0664605 0.128263
0.0802476 0.634202 0.0872972 9.9991E-05 0.198153
0.0111734 0.701826 0.11788 0.16902 9.9991E-05
9.9991E-05 0.56362 0.201819 0.161629 0.072832
9.9991E-05 0.0239398 0.455653 0.431116 0.0891905
0.0276116 9.9982E-05 0.207328 9.9982E-05 0.76486
0.021399 0.178879 0.0490466 0.00536073 0.745315
0.00665549 0.610721 0.076589 0.130849 0.175185
0.027172 0.583845 0.141023 0.126579 0.121381
0.0512669 0.508845 9.9991E-05 0.316058 0.12373
9.9973E-05 0.227855 9.9973E-05 0.771846 9.9973E-05
0.0291825 0.310313 9.9991E-05 0.0314573 0.628947
9.9982E-05 0.328377 9.9982E-05 0.0159892 0.655433
9.9982E-05 0.345779 0.144093 9.9982E-05 0.509928
0.0475397 0.0781364 0.33366 0.495477 0.0451864
0.00378854 9.9991E-05 0.685773 0.246747 0.0635914
0.0217227 0.250071 0.706338 0.0144554 0.0074131
9.9991E-05 0.0871985 0.728211 0.0978171 0.0866736
9.9991E-05 0.0728633 0.505217 0.413061 0.00875845
0.00444136 0.0829411 0.721491 0.159353 0.0317741
9.9982E-05 9.9982E-05 0.780236 0.147609 0.0719548
0.0207214 9.9982E-05 0.884996 9.9982E-05 0.0940832
9.9982E-05 0.220698 0.432492 0.346611 9.9982E-05
9.9991E-05 0.0826742 0.741604 0.15473 0.0208916
0.056235 0.146862 0.595945 0.200858 9.9991E-05
0.0336086 0.176751 0.649764 0.139776 9.9991E-05
0.00106622 0.140276 0.520771 0.240033 0.097854
0.0260055 0.11091 0.764895 9.9991E-05 0.0980889
0.0145389 0.360049 0.406849 0.218463 9.9991E-05
9.9991E-05 0.187358 0.711982 0.0635471 0.0370133
9.9973E-05 0.169654 9.9973E-05 0.830046 9.9973E-05
9.9973E-05 0.0548683 9.9973E-05 0.944832 9.9973E-05
0.0366706 9.9973E-05 9.9973E-05 0.963029 9.9973E-05
0.00743162 0.0565749 0.0482905 0.813852 0.0738512
0.0160395 0.0730336 0.0509046 0.82276 0.037262
9.9982E-05 0.243943 0.704451 9.9982E-05 0.0514051
0.0250164 0.191644 0.636717 0.146523 9.9991E-05
9.9973E-05 0.132856 9.9973E-05 9.9973E-05 0.866844
0.040354 9.9982E-05 0.124632 9.9982E-05 0.834814
0.0155726 9.9991E-05 0.082904 0.0045365 0.896887
9.9991E-05 0.161434 0.137071 0.0289441 0.672452
0.0103188 9.9982E-05 0.124648 9.9982E-05 0.864834
0.0076684 0.00156784 9.9991E-05 0.161251 0.829413
0.025155 0.0649082 0.0439563 9.9991E-05 0.86588
9.9982E-05 0.0936405 9.9982E-05 0.0998232 0.806336
9.9991E-05 0.0839715 0.0132898 0.0467375 0.855901
0.0215849 0.0441135 9.9991E-05 0.0821634 0.852038
0.0472085 0.0174382 0.0856496 9.9991E-05 0.849604
0.0535321 0.0206231 0.153323 0.005859 0.766663
0.025769 9.9991E-05 0.115967 0.0595149 0.798649
0.0264211 9.9991E-05 0.0315744 0.0744279 0.867477
0.00972547 0.208427 0.0152214 0.00181261 0.764813
0.0133964 9.9982E-05 0.135286 9.9982E-05 0.851117
0.0192373 9.9991E-05 0.066863 0.0600306 0.853769
9.9991E-05 0.793837 0.0444692 0.052278 0.109316
0.000817332 0.908753 0.0416629 0.0486667 9.9991E-05
9.9982E-05 0.141285 0.0302479 9.9982E-05 0.828267
0.0287036 0.0965698 0.208035 9.9991E-05 0.666592
0.0126823 0.152299 9.9991E-05 0.0307056 0.804213
9.9982E-05 0.660769 0.175263 9.9982E-05 0.163768
0.0205916 0.00888458 0.923148 9.9991E-05 0.0472759
0.0218436 9.9991E-05 0.705386 0.248942 0.0237283
9.9982E-05 0.209268 0.345877 0.444655 9.9982E-05
9.9991E-05 0.13083 0.31074 0.556404 0.00192552
0.00458115 0.236876 9.9982E-05 0.758342 9.9982E-05
0.0145965 0.0954617 0.039885 0.804744 0.0453131
0.0231383 0.138485 0.0898394 0.748437 9.9991E-05
0.0195592 0.14514 0.11012 0.725081 9.9991E-05
0.0386891 0.0977715 0.0290804 0.758444 0.076015
0.0543939 0.00262436 0.123022 0.77942 0.0405395
0.00259277 0.0290556 0.775452 0.121344 0.0715553
0.0586034 0.168911 0.687773 0.0115439 0.0731692
0.0442687 0.297919 0.657612 9.9982E-05 9.9982E-05
9.99731E-05 0.3136 0.686101 9.99731E-05 9.99731E-05
0.0172513 0.260092 0.722457 9.9982E-05 9.9982E-05
9.9991E-05 0.385858 0.573571 0.0358708 0.00460098
9.9982E-05 0.255546 0.555075 0.18918 9.9982E-05
0.0276523 0.253027 0.453948 0.228244 0.0371291
0.052992 0.224539 0.588626 0.133743 9.9991E-05
0.00998985 0.224119 0.598294 0.128818 0.0387796
0.0326129 0.088009 0.662765 0.137591 0.0790224
0.162524 9.9991E-05 0.0953661 0.648329 0.0936808
0.028152 0.220692 0.0204498 0.0325381 0.698168
0.0320928 0.0787719 9.9991E-05 0.1132 0.775835
9.9982E-05 0.117382 9.9982E-05 0.0342439 0.848174
0.0254484 0.129087 0.135574 0.016657 0.693234
0.00951957 9.9991E-05 0.110214 0.103487 0.776679
0.0476806 0.151566 0.435957 0.244156 0.120641
0.0263094 0.157713 0.513761 0.27849 0.023727
0.0729369 0.077669 0.751146 0.0981478 9.9991E-05
0.0633854 0.294186 0.415963 0.226365 9.9991E-05
