9.9991E-05 0.0559124 0.0913453 0.823852 0.0287899
0.0914119 0.0058516 0.0711044 0.797192 0.03444
0.161564 9.9991E-05 0.213529 0.591689 0.0331182
0.175017 0.0377468 0.0173987 0.769617 0.000220437
9.9973E-05 0.0626252 9.9973E-05 0.937075 9.9973E-05
0.0468497 0.0708044 0.0157432 0.866503 9.9991E-05
0.145177 0.0496666 0.0586978 0.746358 9.9991E-05
0.117851 9.9982E-05 9.9982E-05 0.822384 0.0595649
0.057418 0.0779275 0.181307 0.643454 0.0398934
0.307137 9.9991E-05 0.20052 0.456653 0.0355897
0.451132 0.0716883 0.10294 0.318369 0.0558709
0.162679 0.0468108 0.189839 0.582939 0.0177318
0.802859 0.0586525 0.0222997 0.0769615 0.039227
0.204147 0.0796546 0.220928 0.49517 9.9991E-05
9.999E-05 0.100784 0.133557 0.712798 0.0527615
0.238344 9.9991E-05 0.105875 0.641314 0.0143672
0.158265 0.0109953 0.223787 0.606854 9.9991E-05
0.0817743 9.9991E-05 0.0364193 0.841948 0.0397587
0.194286 0.126096 0.563342 0.0547633 0.0615127
0.188236 9.9982E-05 0.729733 0.0818314 9.9982E-05
9.999E-05 0.0226338 0.77156 0.191321 0.0143852
0.0370003 0.0443475 0.8672 0.0513526 9.9991E-05
0.050031 9.9982E-05 0.9067 9.9982E-05 0.0430695
0.0121074 9.9991E-05 0.776895 0.164165 0.0467323
0.0837681 0.00938963 0.73767 0.169073 9.9991E-05
9.9973E-05 9.9973E-05 0.925246 0.0744537 9.9973E-05
9.9982E-05 0.0782209 0.895971 9.9982E-05 0.0256079
9.9982E-05 0.0804331 0.893555 9.9982E-05 0.0258116
9.9982E-05 0.0297463 0.895492 0.0745621 9.9982E-05
9.9982E-05 0.0931354 0.871289 0.0353754 9.9982E-05
9.9982E-05 0.0273123 0.966112 9.9982E-05 0.00637623
0.0341393 0.0134165 0.840122 0.0821967 0.0301258
0.0508471 9.9991E-05 0.848451 0.0618219 0.0387799
0.312847 9.9991E-05 0.130717 0.482662 0.073673
0.0187074 0.0404581 0.199055 0.741679 9.9991E-05
0.0488071 0.0844159 0.137124 0.729553 9.9991E-05
0.154025 0.01189 0.0777635 0.721956 0.0343649
0.21771 0.132764 0.18548 0.453631 0.0104149
9.997E-05 9.997E-05 9.997E-05 9.997E-05 0.9996
0.137586 0.0206862 0.817957 9.9991E-05 0.0236706
9.9982E-05 0.146612 0.0895126 0.763675 9.9982E-05
0.205929 9.9982E-05 0.181553 0.612318 9.9982E-05
0.243998 0.128462 0.302533 0.318795 0.00621307
0.588769 0.125861 0.122301 0.116038 0.047031
0.933159 0.00918204 0.0574586 9.9982E-05 9.9982E-05
9.997E-05 9.997E-05 9.997E-05 9.997E-05 0.9996
0.293774 0.0214117 0.226878 0.377947 0.0799895
0.516332 0.109053 0.109268 0.265247 9.9991E-05
0.173721 0.0966179 0.305462 0.385108 0.039091
0.207528 0.740633 0.0345224 9.9991E-05 0.0172168
0.151928 0.807267 0.00753051 9.9991E-05 0.0331737
9.9991E-05 0.85142 0.0223011 0.110498 0.0156809
0.241468 0.682552 9.9991E-05 0.0269916 0.0488875
9.9991E-05 0.824967 0.0943587 0.0249522 0.0556224
9.9982E-05 0.851871 0.104051 0.0438784 9.9982E-05
0.137963 0.687439 9.9982E-05 0.174398 9.9982E-05
0.131481 0.788343 9.9991E-05 0.0619474 0.0181285
0.0145022 0.848821 0.124595 9.9991E-05 0.0119818
9.9982E-05 0.816691 9.9982E-05 0.134479 0.0486305
0.318049 0.598602 9.9991E-05 0.045955 0.0372933
0.142426 0.802614 0.0547607 9.9982E-05 9.9982E-05
0.141871 0.699151 0.0554851 0.103393 9.9991E-05
0.61713 0.301506 9.9982E-05 9.9982E-05 0.0811642
9.9991E-05 0.0689191 0.811754 0.0854934 0.0337337
0.0526282 9.9991E-05 0.794945 0.116884 0.0354435
9.9982E-05 9.9982E-05 0.855117 0.132586 0.0120969
0.149931 0.698857 0.021882 0.114608 0.0147229
0.454057 0.459744 9.9982E-05 9.9982E-05 0.0859986
0.117238 0.737555 0.0527485 0.0790497 0.0134082
0.21343 0.704274 0.0294734 9.9991E-05 0.052723
9.9982E-05 0.813111 9.9982E-05 0.119239 0.0674504
0.656704 0.149654 9.9991E-05 0.191534 0.00200839
0.817078 0.0750122 0.00161286 0.0977144 0.0085826
0.797261 0.0784791 0.0158594 0.108301 9.9991E-05
0.986826 9.9973E-05 9.9973E-05 9.9973E-05 0.0128744
0.840256 0.00426209 0.12843 0.00758889 0.0194629
0.974744 9.9973E-05 9.9973E-05 9.9973E-05 0.0249566
0.746672 0.0275911 0.0959215 0.0956549 0.0341604
0.297212 0.653749 9.9982E-05 0.0488383 9.9982E-05
0.253965 0.45199 9.9991E-05 0.173932 0.120013
0.165054 0.718589 0.0544591 0.0175287 0.0443689
0.0596926 0.77117 0.12208 9.9991E-05 0.0469576
0.132261 0.69108 0.0171474 0.111194 0.0483178
0.238086 0.000213477 0.743773 9.9991E-05 0.0178275
0.536086 0.258239 0.126116 0.079458 9.9991E-05
0.810292 0.147285 9.9982E-05 0.042223 9.9982E-05
9.997E-05 9.997E-05 9.997E-05 9.997E-05 0.9996
0.162546 9.9982E-05 0.15445 0.682804 9.9982E-05
0.106072 9.9991E-05 0.16558 0.705986 0.0222619
0.251953 9.9991E-05 0.181657 0.521838 0.0444517
0.324726 0.0648111 0.262036 0.305328 0.0430991
0.11884 0.082783 0.0928239 0.705453 9.9991E-05
0.876479 0.123221 9.9973E-05 9.9973E-05 9.9973E-05
0.156709 0.0364962 0.53518 0.233544 0.0380708
0.70652 0.134051 9.9991E-05 0.0612491 0.0980803
0.312714 0.0695505 0.294722 0.282053 0.0409599
9.9982E-05 9.9982E-05 0.197523 0.788439 0.0138378
0.317934 9.9982E-05 0.0443232 0.637543 9.9982E-05
0.297462 9.9982E-05 0.196659 0.50568 9.9982E-05
0.386526 9.9991E-05 0.0599146 0.51796 0.0354992
0.320245 9.9991E-05 0.0181591 0.658258 0.00323819
0.370045 9.9991E-05 0.0349834 0.592281 0.00259008
0.64293 0.211402 0.0171395 0.0939686 0.0345591
0.663832 0.128604 0.0825675 0.0452302 0.0797661
0.691591 0.178761 0.0492117 9.9991E-05 0.0803368
0.631468 9.9991E-05 0.236742 0.119379 0.0123102
0.502318 0.113763 0.131836 0.251982 9.9991E-05
9.9982E-05 0.0737519 0.429317 0.496731 9.9982E-05
9.9991E-05 0.78721 0.0354411 0.16892 0.0083287
0.229999 0.670487 0.0609936 9.9991E-05 0.0384204
0.582105 0.190482 0.148186 0.0791267 9.9991E-05
0.509625 0.153262 0.171557 0.123007 0.0425489
0.34416 0.182802 0.252298 0.150134 0.0706064
0.298716 9.9973E-05 0.700984 9.9973E-05 9.9973E-05
0.288692 0.619228 0.0510304 9.9991E-05 0.0409499
0.340873 0.656377 0.00254991 9.9982E-05 9.9982E-05
0.385557 0.474984 9.9982E-05 0.139259 9.9982E-05
0.185354 0.0181899 0.4941 0.251768 0.0505889
9.9991E-05 0.0622108 0.213971 0.723218 0.00050037
0.138013 0.0578789 0.0108306 0.772837 0.0204404
9.9991E-05 0.149761 0.0138006 0.832653 0.00368546
9.9982E-05 0.0027652 0.389984 0.607051 9.9982E-05
0.0461969 0.0105277 0.173977 0.751114 0.0181839
0.0253839 0.0565559 0.0605663 0.857394 9.9991E-05
9.9991E-05 0.077869 0.0176072 0.888515 0.0159091
0.106136 0.0467799 0.367406 0.479579 9.9991E-05
0.19965 9.9991E-05 0.10049 0.687877 0.0118829
0.1465 9.9991E-05 0.206781 0.605952 0.0406659
0.237571 9.9991E-05 0.0475989 0.685546 0.0291835
9.9991E-05 0.173622 0.295489 0.517672 0.013116
0.196562 0.0181198 0.0356055 0.693368 0.0563453
0.3213 9.9991E-05 0.249039 0.41134 0.0182215
0.0312573 0.0842285 0.0409255 0.83912 0.00446923
0.0895596 0.0173669 0.892874 9.9982E-05 9.9982E-05
9.9973E-05 9.9973E-05 0.865379 0.134321 9.9973E-05
9.9982E-05 9.9982E-05 0.956784 0.00597972 0.0370362
0.0447509 0.09388 0.816329 0.0449397 9.9991E-05
0.010256 0.0655089 0.835879 0.0666838 0.0216722
0.261879 0.0442375 9.9991E-05 0.66675 0.027033
0.128315 0.00704916 0.16844 0.673398 0.0227971
0.0729623 0.926738 9.9973E-05 9.9973E-05 9.9973E-05
0.100629 0.773742 0.0840581 9.9991E-05 0.0414705
9.9991E-05 0.858805 0.00639917 0.109169 0.025527
0.216234 0.63865 0.0637497 0.0731597 0.00820677
0.0395639 0.865679 9.9991E-05 0.0702975 0.0243598
0.129342 0.74858 0.104452 9.9991E-05 0.0175257
0.0637059 0.900224 9.9991E-05 0.0124877 0.0234824
0.114719 0.822828 0.0622527 9.9982E-05 9.9982E-05
0.036205 0.847536 0.100609 0.0155498 9.9991E-05
9.9991E-05 0.848293 0.089611 0.0510226 0.010973
0.190646 0.75516 0.00407973 0.00271278 0.047402
0.156369 0.73628 0.0250965 0.0310149 0.0512396
0.0198072 0.795855 0.0456807 0.133574 0.00508306
9.9991E-05 0.889093 0.046776 0.0616086 0.0024223
0.139999 0.80088 9.9991E-05 0.0427825 0.016239
9.9982E-05 0.869341 9.9982E-05 0.105373 0.0250856
0.0108302 0.882912 0.0654479 0.0201226 0.0206878
0.782474 0.135422 0.0438205 0.0381828 9.9991E-05
0.927949 9.9991E-05 0.000455306 0.0653821 0.00611377
0.157122 0.836234 9.9982E-05 0.00644413 9.9982E-05
0.116556 0.664728 9.9991E-05 0.193176 0.0254399
0.155734 0.831401 0.0126654 9.9982E-05 9.9982E-05
0.679139 0.148533 9.9982E-05 0.172129 9.9982E-05
0.127096 0.0327477 0.00119998 0.818365 0.0205918
9.9991E-05 0.0147536 0.191092 0.768691 0.0253631
0.150957 9.9982E-05 0.436555 0.412288 9.9982E-05
0.110542 0.00470911 0.606543 0.278106 9.9991E-05
0.209805 9.9973E-05 0.789895 9.9973E-05 9.9973E-05
0.0718691 0.0453865 0.843698 0.0310832 0.00796343
0.0899482 9.9991E-05 0.78664 0.114919 0.00839362
0.121584 0.0200741 0.752159 0.0935783 0.0126048
0.106678 0.104995 0.744643 9.9991E-05 0.0435838
9.9991E-05 0.0899135 0.7753 0.0978161 0.0368708
0.157889 9.9991E-05 0.0563461 0.777587 0.0080776
0.0426916 0.107595 0.0510984 0.749511 0.0491036
0.196425 0.0399853 9.9991E-05 0.727166 0.0363241
0.314159 9.99731E-05 9.99731E-05 0.685541 9.99731E-05
0.115639 0.0185663 9.9991E-05 0.847752 0.0179429
0.405162 0.00371361 0.00142334 0.589602 9.9991E-05
0.247489 9.9991E-05 0.208512 0.517812 0.0260867
0.233453 0.0530704 0.185264 0.508744 0.0194685
0.259968 0.0138638 0.0971144 0.582103 0.0469505
0.190913 0.0120412 0.193712 0.57605 0.0272835
0.154358 0.0242399 0.139459 0.631711 0.0502316
0.0413074 0.0616727 0.69667 0.0541641 0.146186
0.169241 0.771651 9.9991E-05 0.0396216 0.0193868
0.0182432 0.789784 0.102146 0.0394648 0.0503619
0.13444 0.828631 0.0267058 9.9991E-05 0.0101228
0.0693002 0.727759 0.0252095 0.163744 0.0139869
9.9991E-05 0.82936 0.0565694 0.0932606 0.0207098
0.225428 0.104271 0.346417 0.290216 0.0336682
0.107011 0.0292431 0.232508 0.605172 0.0260658
9.9982E-05 9.9982E-05 0.161937 0.765707 0.0721563
0.263153 9.9991E-05 0.295687 0.400315 0.0407453
