IBR/IBR_outputs/all.combrep_1/FireFreq_2000_2008_Total.Spinifex_Total.VRM_Total.WeatheringIndex_Total/FireFreq_2000_2008_Total.Spinifex_Total.VRM_Total.WeatheringIndex_Total.asc
NCOLS 160 
NROWS 95 
XLLCORNER 210004.651214014 
YLLCORNER 7350008.22228844 
CELLSIZE 4999.99999999997 
NODATA_value -9999 
[rows 21 to 41 of 95, columns 92 to 137 of 160]
1.42979245733684 1.37953016418604 1.45909152792729 1.55678324872571 2.04878007436829 2.5970962321791 1.67786430103233 1.75210861797083 1.82972791516199 1.61232340383339 1.61874902145291 1.58733103072822 2.35096532391494 7.49678961759132 7.07537863276163 1.66761167699521 1.41257929112815 1.63789498498762 5.16663033488557 7.12778723190694 5.59710857871952 1.66100302951323 1.64436900418014 1.66917483693504 2.1673547033842 6.26758765643982 5.57073423040134 6.8085482377452 7.21018612196576 4.15334049377657 2.19868385885219 1.52971819884275 1.45653142521118 5.05326656116519 4.70221304545382 4.09266263529613 2.07256735977064 1.31562659014441 1.28772087002808 1.35056568250823 1.32854616939739 1.31983705193643 1.29660769289275 1.25803543147306 1.29363340158083 1.3416120143592
1.39702611360359 1.47170550182898 1.42314717477751 1.73727788339943 2.61559615654971 2.58801479592924 1.76292512303339 1.75998341073498 1.72691044596336 1.41233797160012 1.43337094477482 1.29396486031577 1.43042743063321 6.70093396369917 3.98886434097707 1.52805006149171 1.36010976978978 1.27696162378709 1.35883367119185 1.43460671333942 4.99952618031207 1.9132780638796 1.68415995682102 1.5995043104529 1.64373793202301 1.40214164190015 1.37444992501498 1.53288058404863 1.75459407364808 1.39984598800573 2.10070337686364 3.70025446436083 3.33591321552698 4.42002339478953 6.42429348343486 2.07323507587889 1.35299047460518 1.49400800735577 1.53828388437901 1.89803318608481 3.60875139203497 4.0566582477298 1.88559508093437 1.34414019461724 1.33535530010334 1.39096640493933
1.31079944166363 1.28014433563457 1.32777068657229 1.46445273359195 1.33279758152331 1.63147063163108 1.75920637340081 1.73800805748684 1.76701140975478 1.70735559419763 1.56274975336984 1.4383450269491 1.44022477979684 7.19456877584447 3.57673364815409 1.53827582850883 1.28982868989427 1.27199573395158 1.51632834978108 1.40058720684245 1.66457657864755 5.99476862274405 1.76847663356122 1.62235118281845 1.66409008362919 1.62689541866689 1.59643048789227 1.62707330156377 1.68588922442804 1.53932002947276 1.31346159157695 1.35292572408726 1.78478666415508 4.58434561121838 4.27390020622702 6.04685461290095 3.26329152477102 1.70388425485266 2.90256555029224 5.09003804881071 2.76309213691574 6.08457643137873 7.1963926732661 4.86520762963763 1.50361308733545 1.33951834252898
1.52896038858747 1.42050406476792 1.33152988333421 1.35533017621481 1.51627061845979 1.75030224694311 1.50729018307507 1.74586352364949 1.69810245415177 1.6940233808688 1.57931366212756 1.34954481930069 1.38912119925962 1.57200077980169 1.83829376814093 1.40625406757691 1.28051334156622 1.34849515885051 2.5410106997558 1.61165478158779 1.44385509484772 1.46778560757598 1.91864634234257 1.66370405816494 1.57481716159914 1.60365849687225 1.79417462735862 1.73182189906458 1.68841854045005 1.38051286643773 1.31557691032457 1.37207812982584 4.06831843878073 2.83060893581278 1.5721165546983 1.33976625754269 2.14251523363704 2.7977130135112 1.88119128640172 1.64667106519723 1.87396408696694 6.93282079043995 7.20970278435556 7.18787022203066 5.24251007338428 2.62997723617146
1.39619556203911 1.48642214375975 1.56597398807662 1.47133375267183 1.40989758582373 1.37481978013953 1.42586978702023 1.60182119442752 1.80420695832531 1.63951928565377 1.55778550163891 1.319625008126 1.34115962096093 1.3503440577594 1.7442088915351 1.31602114981252 1.33562575570697 1.43065538559233 2.04564306431874 1.32092698266396 1.36840601367721 1.37825032854395 1.39805048211935 1.72851226629917 1.58211783650603 1.64967208160875 2.49064890357309 1.65641549549254 1.73868846513792 1.63241440697513 1.34240873313996 1.41922104182666 3.64797196346649 4.41685733144588 2.25558745670682 1.34687768441619 1.64020600112125 1.4597808863235 1.71088990133282 1.87367063362241 1.67396992750889 1.96189762520804 7.2119508550614 7.20474909401142 7.20825813125355 7.18749743370202
1.73321570155308 1.75752987868029 1.70276851768827 1.78174936219228 1.83576390924109 1.60474368039534 1.6472297163761 1.88570279834767 1.72256485627723 1.64325070656695 1.34838171770743 1.30193768050678 1.33641067072848 1.35374274195064 1.6713000607128 1.29845776524247 3.29099702085052 6.06048548047378 6.81592095532899 5.44650529444365 1.45472367173444 1.34135560935942 1.35226216302252 1.7344657614068 1.49575293329984 1.65636211384117 1.6181286932122 1.68508215508629 1.43766333385064 1.51585946804056 1.34770962193463 2.46915218198157 3.4993062622772 4.31083062176696 3.32350457896036 3.44721758188313 1.74304743923167 1.84022002693271 1.46886582946185 1.80082840748061 1.45539839331285 1.46375185508157 5.03383695710754 7.08568165940096 6.33926369801728 6.02398531811905
1.76474201164582 2.05040663682265 1.99411166765051 1.92220145696935 1.8716009949188 1.91740842976587 2.04025780177632 2.70041476323058 1.84109892647415 1.73350631853601 1.57515568240655 1.42669028174422 1.35586459484305 1.37920930572484 1.93945882305339 2.25608544028933 6.67641668232891 6.80478986787385 5.40827549281623 5.78872048357147 3.04970666548952 2.92893725812205 3.47922096529795 2.87752349809872 2.10177117889819 1.77076956304094 1.54742833914351 1.61364580198501 1.91306399694863 4.70971296305984 5.13938295940905 6.97725392179647 4.99431420714328 3.53857252483128 2.05703022846789 3.01953422467021 3.55542333296749 1.93709500262179 1.54420306163251 1.77235312670154 1.81066982211324 1.46242063644592 2.14120268749557 6.92709320106488 3.68526697330484 3.28124993883365
1.88984396020097 2.10613906335199 2.26960091970824 2.03650854250301 2.31992606435766 2.31800557940666 1.89394841877208 2.14641780289255 1.75280198874379 1.66967872111664 1.42144831391125 1.40698162172674 1.39093175469256 1.43926046387465 1.60382250361661 4.25302739408738 3.61532601077492 3.90130845929761 4.75209651790101 2.71603744650482 2.96969205893392 4.3861676980868 6.4245585090375 7.01143319976591 5.16369046836053 4.9504554024277 3.27846459202439 4.11489213529775 2.05612167782193 1.79246773525658 1.59616526846129 2.05933007193185 4.29399927815074 4.06028902944746 2.8424500080962 1.98102052968132 2.58605102755927 1.88119614262549 1.72666933132174 1.7131676173026 2.87973781291403 2.5486663707276 2.90260585588632 6.45379991247752 1.36058420985635 1.59867211039027
1.7488096983667 1.77612015386113 1.88806755359688 1.9101533320462 2.51616602072526 1.92925792071098 2.8042767607783 1.36823592592193 1.40603009369406 1.34909245617596 1.309130903005 1.32203820099175 1.3252613978666 1.34188221879745 2.07018989427369 3.31697672944392 6.03926191616462 6.59024190664227 4.95945009838961 4.56486176646751 4.40621913074715 4.5443987702813 6.03731089631552 2.82617586169603 2.86798571059249 3.09490521163125 2.89289400940275 2.53608750247761 1.90923883182353 1.74698328415547 1.52304460492084 1.52608595705841 2.37279248898007 2.74913898475205 3.89829201702457 3.86216164691244 2.59465171619937 2.86910041275259 2.4301349884327 2.73544654133844 2.86929387912676 2.58932001636156 3.46701474041934 6.99501969235916 1.62413938887504 1.57454524194853
1.60509257381237 1.67651503351464 1.48072404966445 1.64454107626818 1.44953131232944 2.6716826737532 2.03512615316579 1.38308842607428 1.42662014714576 1.3422266085071 1.32398172553511 1.35647642808341 1.37985785723606 3.23081840887532 4.64919535471428 5.14265566703014 4.62736525861433 3.23808632009697 5.17623267720875 4.18470743871553 4.95745054712723 4.45249329822868 4.44786472524928 2.92270571028881 4.16542197891546 2.27328594041182 2.67764323201122 2.90333827261911 2.34754137890649 2.25651068070659 2.50935579991169 2.62930022048069 1.5720999975097 1.49806488154962 2.8816022640665 5.11922258561874 3.12548042648938 2.30248954466309 2.91484817122082 3.28246647384579 2.1905006451005 2.34242539603609 2.10132712161249 3.39780668351703 2.22309928396507 1.51305755323553
1.44322762538532 1.56351244484402 1.36918779156169 1.3044861572704 1.36757602298306 2.59668533949716 2.44209428817434 1.40530886824006 2.0081143818755 1.69172519065212 1.41867121921656 2.22851759382156 3.67347974038362 6.46206919835506 6.80410932083441 3.964067407809 3.17625800413294 2.2544139531629 5.7062803357127 3.43010607130791 4.3542783935586 5.38337456608827 1.94727486691165 2.94107269162834 2.41217378408858 1.92453919269307 2.09097159626191 2.14863466504185 2.00963234680501 1.96125055722268 2.19791153951968 2.24885270917506 2.39581495346136 2.19715342235594 1.66259325727568 4.12658259284869 2.90951919602728 2.20018379367876 2.18487359732604 2.55271580243757 2.23967490467656 2.5796980296021 2.6913262401004 1.5319321060372 3.02015454218347 1.55284860566039
2.4727749157488 1.51583765580114 1.51673057550421 1.38725505536366 1.32820563670736 1.50386194084554 2.08963694078012 3.36016133462156 3.2131391756548 4.87673899565546 6.95861508327641 7.58898525302973 5.45642638909801 6.53241207181598 6.63458869783423 3.34214853921737 4.33495769697834 3.24212353245273 3.85792292620875 3.51747308435414 4.11207264309126 6.40824228324325 2.23821053552791 2.79034368525518 1.94220424603591 1.61426946903124 2.7327806316777 3.77348700545838 2.58350840591383 2.05175295278003 1.87174979872171 1.89288824534592 1.83607999944078 2.19897747829893 1.7093679210009 1.97210077274245 3.38197087441723 1.94082637693154 3.09425238607731 3.17278181741205 2.61291467940269 2.80397516789987 2.70158298999479 1.59728602740691 1.40697850058785 1.78859079266256
6.77908343495602 3.95498743103149 1.61370675508131 1.90417916626581 1.47647340351143 1.9853281431783 3.02340854483716 4.69250795595095 5.5496883469222 6.01486133802125 4.65022731607207 5.48813621286349 6.45155010742662 6.90623643429021 7.52919103720306 4.3463657125535 5.03974299663572 3.3082285396171 2.52404036486608 4.40665614936543 5.18150125985852 7.30966399597005 4.60132916878851 1.92551059036045 1.51921088423564 1.66200392324814 1.75929936248117 1.77846107593588 2.29594470446022 1.73204497116107 1.87225091863445 1.80063348104671 1.87411514083945 2.09903475608161 2.20707402471516 1.5269606090177 3.46138371416004 3.34670186185374 3.20143484194165 3.38291117084543 3.35107760235585 4.33302644929922 3.0832845032679 3.12012531032098 1.65874829590264 1.6077461273052
6.33899915817174 1.87972091504175 2.20322498013088 2.29335400130475 2.84109246983956 5.05572942538739 5.80054893137484 5.16817666104875 5.82712361509879 4.89984262514016 2.89140752745251 4.17477205830716 6.74303529784346 7.68555131160085 4.22598444428239 6.41449698088393 4.05178514278684 2.62664026682079 3.13014581197149 3.65931800167877 2.92055385231982 4.58048803614838 4.68937672874736 2.58482779125127 1.48172792084801 1.55501108956076 1.60546678340797 1.54470730529628 1.48131731401387 1.55084478372307 1.79136214791885 1.94876740291513 1.89177443544678 2.07615081411688 2.23914542659774 2.29912439129896 4.43197357442406 3.34378079524771 3.12236583008438 3.07165556735669 3.87715948080266 5.47908566674497 5.13123160590656 4.60229732083789 3.22613332505215 2.00608652065299
3.62609751819855 2.10184402197161 2.94593610761226 3.11937793900252 2.03815832505586 1.99691755189516 4.19495601006954 4.4687513444883 6.25979084584362 5.12976645527714 2.62786229573282 4.23422381677742 6.81787363603656 5.75802234570674 7.14703236940387 6.54635280076351 5.52635778155028 4.82897356644536 3.50940132680888 3.70524696750966 1.52230259890565 2.65737631277983 3.64253824033229 5.31585638544661 2.92962243751814 1.8640629793539 1.65800584138538 1.48646585183654 1.58029204489367 1.72124812896726 1.72123038763342 2.12529089718524 1.93624249083617 1.9135120793381 1.66338371404808 2.71417490936589 4.63073079335386 2.60066157920801 3.09139227241643 5.16891665048176 3.58745675044696 3.21696734724637 5.09355272306109 4.42814508995782 4.08785399122322 2.78923599453823
3.91793617104405 2.42657004551261 2.5328643193673 4.1868140313868 1.97947503317832 1.85227989529355 2.78168253527961 2.86730645821233 6.69264630856683 2.83311350827399 4.0438001287858 7.38966338473507 7.13450192859066 7.30823777738282 7.18896482238937 4.66426001270406 3.33549109139507 2.55706120841658 3.10691106653649 2.42701713510942 2.25961001097217 1.97129685419851 2.72196980475831 3.21579057784975 6.0018089800647 3.65295852314172 1.44255489253841 1.36966700334794 1.43873886947142 1.69326052666154 1.69376957735049 1.72168165188768 1.49148346037536 1.51272828765164 2.50605761110096 4.65927045698859 4.0192154987575 3.23376956561488 3.85077861506277 5.74958533226838 3.03614298176949 2.48945040041076 4.56067624860766 4.23581850996573 3.72414582650746 2.50284394033993
5.50085750232929 4.73370517162477 3.94223118137607 4.07995634571475 4.18801814184919 1.89362697087911 3.26606176439517 3.07928764376602 4.26701564226983 2.90037422173479 5.20742585206733 7.47418108245017 7.09973515910948 7.03782638109187 5.53464731545341 2.20071875725445 1.55728664529044 2.96273013338252 2.46057558426787 2.57794859378871 4.88011566307128 3.82876128161608 3.51476261148755 3.44270565444007 3.49674119224466 4.06531774084124 3.5892415301658 1.86464320998124 1.44523071986689 1.38291705590027 1.38753341111525 1.44718709302089 1.41704231979125 2.53878827848617 4.18334268093163 3.43483173069285 3.36904923688399 3.20391369515006 4.20783779110871 5.40756529752325 3.07030346136378 1.94657505774612 1.99350514525469 4.85530455412151 4.12820504774332 2.77618203541436
4.61720831808587 4.28140253083642 5.92938817691154 4.78709493089498 4.06370755227856 2.78564134140119 2.01130148332352 1.57796950143375 1.89349572856991 4.82005111351255 4.85867306147922 4.40086529731259 6.69402686382401 4.9267890438756 2.25418268886943 1.70761067470241 1.69623956484569 1.91092495065748 2.65312108885233 2.29671031049386 4.91495543269308 6.56292812605532 3.23989513332493 2.36623407455428 2.18773537220921 2.11726728369845 2.16629818361318 2.53304050700447 2.78856826152567 1.49006104075397 1.41275212524324 1.41313358585132 1.58790402445758 4.71351675353292 3.64665213196513 3.55407698695384 4.75866912494849 3.42708216894848 4.99164043016641 4.80252332395105 2.45201407943417 2.12724236493401 1.74580140917789 1.97744029435857 1.89035079170121 3.01376654126273
3.36558823845595 3.5110391782358 3.55214934040655 3.66635613494608 2.8950229636165 2.41530175298903 2.56125234368153 1.6309384615001 3.26309073591341 6.21490597317283 4.7054333816763 3.523120982592 6.55848472688182 3.54741079466973 1.78079020921344 2.80618799874383 3.19269983094757 2.54528762350859 2.20238054988703 2.56457470867584 5.31596010827707 6.73816277680912 3.51595487361537 1.66559096716671 1.57269028694009 1.95165487266616 2.07580564847656 2.39916240232887 2.51692291539668 2.22412472806687 1.78558914024413 3.09929467520763 3.62116515408425 2.52465003631627 3.55467185189654 4.82252171206186 3.96376801789119 2.62764149801498 5.00672882164029 4.41336981416954 1.77253084602997 2.10957562766034 1.92179669976668 1.92659743275621 2.47548591628479 2.34121276033251
1.48295760126115 1.44273968985351 1.82118618329044 2.04307926320248 1.91090162590866 1.96136682513452 2.77589831623125 3.07023501709787 3.28988010388661 5.58424491454638 5.13161142995934 5.31480507744098 7.62148035745767 7.16969732396944 2.42037558445694 3.14528318663891 2.95879940899153 3.03989147478197 3.90134805391961 1.69487332743506 4.01883680967934 6.21533934308644 3.29726874459863 1.68781765399099 1.90103787373462 1.88735743640249 1.96460542391259 2.33310043660452 3.49445455314731 3.10111254849736 3.45942441795905 3.77300850413352 4.5153451537002 4.25331152447871 4.26205801242513 4.08351659354021 4.46252727185155 5.10833796901108 3.27072635585073 2.07447162090952 1.69282099465105 2.35159390414142 2.38273753674071 2.46425940721369 2.37907860180706 2.93777564690873
1.44102099631816 1.34543069845617 1.30021316359438 1.37983349169199 1.70089479526195 1.75023009775062 2.39912312245464 2.94240635241907 2.59001764612681 3.75378947618943 4.95906198190326 6.96605852362983 3.69065989133102 8.32828176116018 3.23457809916561 3.47850977970373 2.77410594066557 5.03706994023716 3.03952602672705 3.2432851504782 3.89449107029112 6.45778477348149 4.78354342604967 1.85571448740391 2.01720438260708 1.94589203145699 2.10071300054154 2.37449895723122 4.15434839455459 4.92202963151531 3.92511557035627 4.23607670624244 5.18148748552525 2.8040024663354 4.38648839480496 4.94839060017829 5.84808819211276 4.88802710794126 3.18276635484648 2.03104834292233 1.50733706460267 3.40920953475391 2.74395070282557 2.33895848401211 3.47756818675761 3.35556054546184
