IBR/IBR_outputs/all.combrep_1/FireFreq_2000_2008_Total.Spinifex_Total.VRM_Total.WeatheringIndex_Total/FireFreq_2000_2008_Total.Spinifex_Total.VRM_Total.WeatheringIndex_Total.asc
NCOLS 160 
NROWS 95 
XLLCORNER 210004.651214014 
YLLCORNER 7350008.22228844 
CELLSIZE 4999.99999999997 
NODATA_value -9999 
[rows 0 to 20 of 95, columns 92 to 137 of 160]
-9999 -9999 -9999 -9999 -9999 -9999 -9999 -9999 -9999 -9999 -9999 -9999 -9999 -9999 -9999 -9999 -9999 -9999 -9999 -9999 -9999 -9999 -9999 -9999 -9999 -9999 -9999 -9999 -9999 -9999 -9999 -9999 -9999 -9999 -9999 -9999 -9999 -9999 -9999 -9999 -9999 -9999 -9999 -9999 -9999 -9999
-9999 -9999 -9999 -9999 -9999 -9999 -9999 -9999 -9999 -9999 -9999 -9999 -9999 -9999 -9999 -9999 -9999 -9999 -9999 -9999 -9999 -9999 -9999 -9999 -9999 -9999 -9999 -9999 -9999 -9999 -9999 -9999 -9999 -9999 -9999 -9999 -9999 -9999 -9999 -9999 -9999 -9999 -9999 -9999 -9999 -9999
-9999 -9999 -9999 -9999 -9999 -9999 -9999 -9999 -9999 -9999 -9999 -9999 -9999 -9999 -9999 -9999 -9999 -9999 -9999 -9999 -9999 -9999 -9999 -9999 -9999 -9999 -9999 -9999 -9999 -9999 -9999 -9999 -9999 -9999 -9999 -9999 -9999 -9999 -9999 -9999 -9999 -9999 -9999 -9999 -9999 -9999
-9999 -9999 -9999 -9999 -9999 -9999 -9999 -9999 -9999 -9999 -9999 -9999 -9999 -9999 -9999 -9999 -9999 -9999 -9999 -9999 -9999 -9999 -9999 -9999 -9999 -9999 -9999 -9999 -9999 -9999 -9999 -9999 -9999 -9999 -9999 -9999 -9999 -9999 -9999 -9999 -9999 -9999 -9999 -9999 -9999 -9999
-9999 -9999 -9999 -9999 -9999 -9999 -9999 -9999 -9999 -9999 -9999 -9999 -9999 -9999 -9999 -9999 -9999 -9999 -9999 -9999 -9999 -9999 -9999 -9999 -9999 -9999 -9999 -9999 -9999 -9999 -9999 -9999 -9999 -9999 -9999 -9999 -9999 -9999 -9999 -9999 -9999 -9999 -9999 -9999 -9999 -9999
-9999 -9999 -9999 -9999 -9999 -9999 -9999 -9999 -9999 -9999 -9999 -9999 -9999 -9999 -9999 -9999 -9999 -9999 -9999 -9999 -9999 -9999 -9999 -9999 -9999 -9999 -9999 -9999 -9999 -9999 -9999 -9999 -9999 -9999 -9999 -9999 -9999 -9999 -9999 -9999 -9999 -9999 -9999 -9999 -9999 -9999
-9999 -9999 -9999 -9999 -9999 -9999 -9999 -9999 -9999 7.32552125698706 7.2162439100769 7.18484280218106 7.20910244015404 -9999 -9999 -9999 -9999 -9999 -9999 -9999 -9999 -9999 -9999 -9999 -9999 -9999 7.28326261243066 7.20285704901764 7.21141598719526 7.20781414722745 7.19407278489776 7.18567109201932 7.20671770269313 7.19804511846593 7.17311911988204 7.19171463235089 7.17278023869354 7.18522267451561 7.1954108112777 6.3335088301296 4.64239712045757 4.8296551274474 5.41993694218068 5.58412337831121 5.94258641094038 6.36229536594813
-9999 -9999 -9999 -9999 -9999 -9999 -9999 -9999 -9999 7.36340558813794 7.08681069722482 7.28169180057909 7.16708723586176 7.20002139876949 7.23861178378693 7.21623495876004 7.22343825568113 -9999 -9999 -9999 -9999 -9999 7.18901281619172 7.21055886134823 7.22649985366298 7.23048258356919 7.21389089078523 7.18612228382085 7.19197690437309 7.19242823186713 7.18876493025012 7.17335767779494 7.19155875724719 7.20332385432833 7.19791834424813 7.19780557117064 6.79167214445932 3.47389857175557 1.60796584429711 1.35583223924269 1.28545922530723 1.30813274299761 1.42218369880983 1.42694255176889 1.31368512387137 1.32315961414236
-9999 -9999 -9999 -9999 -9999 -9999 -9999 7.23086794654815 7.23585296150944 7.1931864625942 7.15855845050281 7.24508333660546 7.28690997198535 7.18572910150325 7.18857302183393 7.18933683714139 7.19645189744729 7.20489498897675 7.21751140828391 -9999 -9999 7.23543629941948 7.18360385429844 7.19504825791723 7.19157920883836 7.18513863418525 7.20072130195379 7.19141324628539 7.16319844152201 7.15108788347604 7.17369210178429 7.16658766601434 7.19370669397161 7.17144562803888 7.11318681256804 4.55022558281583 1.67916458451231 1.28372609804108 1.28660413736318 1.24005792059401 1.23494023674826 1.27734516073279 1.31455592958784 1.3754757986964 1.28922863582565 1.29953853818626
-9999 -9999 -9999 -9999 -9999 -9999 -9999 7.27792235928739 7.20653258275248 7.19279341942139 7.20498747304723 7.19601418643776 7.19718720639287 7.19913145373471 7.19732692419759 7.18945957126047 7.198258833141 7.18736978005445 7.02885537666481 4.33885364051968 7.01135439394227 7.18885539293911 7.17775777552824 7.17953269236283 7.18982859926753 7.14933036311866 7.18292271634824 7.18584742056908 6.19541830974758 4.57984037217019 6.67553815757222 7.17945870226478 6.15841559537743 3.0216471281984 1.98050126281549 1.61106567185468 1.6666111584789 1.32176789342119 1.33495855980346 1.2823778517245 1.29310094143981 1.28146514795742 1.33492213555006 1.32581844268616 1.26465685783254 1.29434334644495
-9999 -9999 -9999 -9999 -9999 -9999 7.39783769468446 7.23891782866602 7.18488285932645 7.19299226835009 7.19132468170088 7.19933590862296 7.205618218981 7.19890468533478 7.19449875198869 7.19593544752345 7.1951026085654 6.76883357758934 3.5746424053125 3.37509612149042 7.18006742134992 7.18722763284384 7.17617410187415 7.18355365148603 7.17928321932058 5.76457171835211 2.75849118544953 1.61745332246137 1.3291028813329 1.29795271927059 1.32525196803413 1.36238940523415 1.31936214538138 1.30657262966248 1.48332255239231 1.60003309843767 1.60190969867109 1.47533991064983 1.37162036824858 1.43553617342183 1.3545293293792 1.31920688871581 1.34706957153063 1.34640121794065 1.30753387778217 1.3118426997351
-9999 -9999 -9999 -9999 -9999 7.33427757238126 7.22418891164413 7.20789615349046 7.19827271903927 7.19725170365733 7.20159832979406 7.21752059801834 7.20688105715459 7.20249156937671 7.20011226582383 7.20779195673416 7.24202238595128 5.2112511152182 2.09430346679508 7.11710371310449 7.14912887744673 7.14640348291622 5.20917720073133 2.75965634198624 1.81552994440705 1.4009320000232 1.33544093257293 1.33002553242072 1.25329943140688 1.22896772941793 1.24439715142433 1.26396641025381 1.31372318167072 1.32259657383607 1.37206616047906 1.45168525349332 1.5517409927855 1.43015667786437 1.31245618717996 1.27342394247181 1.53974717587207 1.36255106296322 1.33343609015301 1.34795092197701 1.33859190794638 1.32841032478191
-9999 -9999 -9999 -9999 7.34746429693744 7.2748480518213 7.23327393020518 6.87188442522934 6.76429727151354 6.54808800433036 5.42115196742277 6.56612474099597 7.20498153408025 7.20414908493513 7.20887681462318 7.19491312865777 7.15860397393708 7.16597934518752 6.96035832816182 4.3786757616194 2.50602464863884 1.43301785983113 1.31219805691314 1.32181437124455 1.31594852995418 1.30476097969088 1.29265106351899 1.310417373642 1.31736821213089 1.2638542354665 1.21371059056438 1.32866556348982 1.25839386633824 1.26472963404263 1.26378177447383 1.28295117352212 1.33221896180255 1.35473252886047 1.35101978794394 1.32189793722208 1.33986048069212 1.40922551096743 1.48086353992392 1.35942881626155 1.29848047422051 1.23847527538184
-9999 -9999 7.38098888151128 7.21466829526039 7.33763733093897 7.46700719372471 6.18612919822647 1.86573333074477 1.61810095778626 2.18834418679709 3.23456658957023 2.7679729603517 7.23095601460597 7.19215219096284 7.19928123537832 7.17250805144504 1.50746082875569 1.51160366774886 1.38350170310756 1.32392503479585 1.32310538475694 1.37944237720366 1.33280272962711 1.33934059987059 1.35801866429456 1.31315275530894 1.2457052087145 1.21878445798845 1.2468451037291 1.27275259614917 1.24528281793579 1.27622146242731 1.2468798980365 1.24707766998517 1.2282159484996 1.31333395275113 1.24217544064555 1.32762965036009 1.36634911791758 1.31451313661978 1.33934700186678 1.34742654175148 1.4392009991219 1.36901412254685 1.3442883839676 1.3333629039842
6.64886321748081 6.8887191764739 2.3281196970556 3.29000261543184 4.08749220125379 3.14419450745789 1.69104897474664 1.47433908103241 1.53754542107844 1.78947463564524 2.13758578546542 4.23302886369873 7.25713537086011 7.22551121415909 7.2118517498662 6.07551535887697 1.65532383167362 1.29563953659173 1.30185542874453 1.44542856017991 1.3274105270915 1.34598117878583 1.35441499269617 1.44193060482746 1.33885713995953 1.29487253853046 1.30668448912095 1.27959159893325 1.21922061561672 1.26818759639009 1.36612736041427 1.29807923975486 1.3381900564669 1.24203058273955 1.24452322701249 1.37733231417602 1.30460404794503 1.33213907562614 1.32631797428683 1.31235674701968 1.32189415046194 1.37799885791268 1.36154957952251 1.38251824235009 1.43578715566592 1.40239778763257
3.06032106554546 2.48644264195465 1.61049812625697 1.9578779746952 1.49792794339766 1.62217812328132 1.6982932074436 1.64009592452035 1.67102748037564 1.66145632818404 2.76394886965287 7.5323279856365 7.49178218222638 7.43811239751991 6.06454293407966 4.16384562758568 4.07065853286149 1.67239053344403 2.65671117486804 1.87292613939894 1.27188065226091 1.29695445318381 1.30671883785364 1.31650719940633 1.31829717093028 1.29367888314697 1.28009559702457 1.2958078992128 1.2612422366207 1.23888733445062 1.32168966479104 1.31054838885231 1.440431111531 1.21323015048679 1.28125271343099 1.3395991506141 1.44133134450073 1.33155218313104 1.37247333271261 1.25062005159042 1.38616393858585 1.4114447950273 1.38673769953053 1.39095363323235 1.34898795043271 1.3890462227453
1.99289641044822 3.06727377730809 1.72921180218665 1.70897145847866 1.71734511490449 1.74203105500092 1.72326422801932 1.76340299497832 1.71424376835351 1.68900842128686 1.76981056689752 7.3356661722153 7.56349425392112 7.56302828121868 1.973041160407 2.61275144305537 5.62178556779271 6.9655513220192 6.97151679697884 2.11244123268423 1.83369889668685 2.13049689185676 1.84888947819376 1.69107084716538 1.30076983422281 1.24833613546861 1.2745863117483 1.28570816238409 1.52430312298333 1.71287945821573 1.30684998694204 1.31084691266702 1.41517523591536 1 1.29943604866822 1.25703838338512 1.28071448781507 1.30559646012344 1.22795548765196 1.2538529286057 1.40241616982566 1.4564273504809 1.32082502891449 1.31918509664161 1.41477677906532 1.4231138165262
4.95648238771928 4.05690781611264 1.65496583968533 1.63840856776763 1.84784568282547 1.77736068774237 1.77146821946176 1.70922780930579 1.71836358668809 1.59091163941437 1.37515348919192 3.49640554490149 7.57922007288217 7.58319138878554 2.86111542909112 1.84454820399434 5.80617503386073 7.21500560038885 7.21197147229759 6.71396489262987 1.96094538568174 1.70520219612533 1.62072117584753 1.43101598966815 1.25029659850048 1.26477938410496 1.33902808572186 1.29905015819832 1.876619782074 2.63350529695329 1.82929679613516 1.39082665848504 1.39125799609694 1.13890738210374 1.21067894624609 1.37129294325942 1.42846530371816 1.37982982936134 1.32661811714589 1.58634523016926 1.49668180212863 1.3678854345387 1.31829445994692 1.33976023704595 1.35648062507102 1.4388034240542
1.7410195902129 1.86900441158417 1.76674531295015 1.74846649107276 1.9623437391314 1.81911550523656 1.7049505701842 1.7229513766802 1.70766554535631 1.60947082891735 1.46491760210103 3.21981648865604 7.539966248402 7.55331663434737 4.65886140257605 1.65000230202523 1.69901895843244 3.09463103699694 7.2244983327354 7.22617767132067 7.02115754135532 2.02999407672881 1.72559284848845 1.43054241371438 1.29150028170705 1.37099130359772 1.36080078478487 1.25842614607893 1.29181910599298 2.42431200066102 3.78759957565585 3.70462661790405 1.56686734345653 1.18032710553434 1.27466701761988 1.33455169758871 1.32151103379605 1.49734277360247 1.49998433195204 1.86664105161537 1.42049298732053 1.28073022548369 1.35986211186167 1.35360262267722 1.28948505435535 1.36407044906851
1.69440558619897 1.80728838192735 1.79932618072852 1.92233452557315 2.02486170238945 1.85250419437543 1.7025548238967 1.57696543110363 1.70490949985606 1.663288176939 1.56328572691086 5.77152304522959 7.52627075034028 7.54631160535431 4.65676782548586 1.66951795241673 1.67025011095257 5.27261772244002 7.21628632813091 7.27970548676504 2.81909799483716 2.12949371807516 3.9017801061507 2.8911976092216 1.35523102771152 1.35895914904708 1.3165302544849 1.28024948587973 1.3943733234063 1.51208623734413 1.67280455427578 4.30575288501466 3.0482516013279 2.07540721206925 2.15977988618255 2.528395788028 3.19586777647721 2.66377459014341 1.53602097132831 1.38827600293623 1.32064493920212 1.45127791897669 1.81693074815746 1.59431487720464 1.35571189801752 1.28544119081872
1.37469213179397 1.55653511967386 1.72473301927289 1.89250916331644 1.93375768872288 1.97795595129021 2.13284538613167 1.65692086231085 1.72817248561046 1.64695267084656 3.38614052406414 3.92569760035262 7.519071751385 7.52995027153696 6.90334338432766 1.69668546383835 1.64116040221885 2.47684345674102 7.21233233052272 7.38313959890005 3.08662126296318 1.74646496040932 1.68056340475271 4.20051065386021 6.40799570146652 4.41899293241084 2.01011485569269 1.42858037162292 1.42109985698506 1.39603975351991 1.29596779723499 1.49445445001221 3.61164200392414 3.19147183652117 3.07183933462232 3.69421320866798 3.38015454110671 1.36284871227859 1.24232313386688 1.25161500862975 1.36226519458123 1.66204385407603 1.32795065277828 1.41985174682506 1.35887671391621 1.35090736107169
