IBR/IBR_outputs/all.combrep_1/FireFreq_2000_2008_Total.Spinifex_Total.VRM_Total.WeatheringIndex_Total/FireFreq_2000_2008_Total.Spinifex_Total.VRM_Total.WeatheringIndex_Total.asc
NCOLS 160 
NROWS 95 
XLLCORNER 210004.651214014 
YLLCORNER 7350008.22228844 
CELLSIZE 4999.99999999997 
NODATA_value -9999 
[rows 63 to 83 of 95, columns 0 to 45 of 160]
-9999 -9999 -9999 -9999 -9999 1.4894379302273 1.37979119521802 1.4252788510234 1.46049767614632 1.43376510905923 1.66183911196172 1.47362134316734 1.80701307613622 5.94592498018701 7.22475271402751 7.2044815789618 7.21241261927569 7.20127006234704 7.20608334125909 7.20484180214677 7.18166883920038 7.19456690886604 7.20448543536308 7.26440630404456 7.22435591738778 7.22707854531036 6.89381435791144 3.90187660446231 1.75854996824085 1.89540947899376 2.24796075555475 2.13135088016141 2.4390939161702 1.99428057708226 1.80212224471655 1.55559631246982 1.68708244528329 1.51586873249723 1.89609280905767 1.92335858275214 1.97469400494417 4.43802549194021 2.64688155177953 2.90832876553338 1.99146589089446 4.68669591213345
-9999 -9999 -9999 -9999 -9999 2.09729302468138 1.58766091872417 1.65066037904468 1.58396025807169 1.5056935574723 1.44450120866722 1.45725290743423 1.47586143818003 2.52042809484117 7.24243622480128 7.20702170356478 1.93827906651437 1.95680227718115 2.32554357204193 2.71309886054557 1.7522741888836 1.91601842076626 3.84492766449 5.16638353577507 4.67642308773074 2.8265124544276 1.7292316253919 1.72408175454366 1.36807430207123 1.46538429209505 1.73006429277194 1.70850446161087 1.65815117368131 1.64618355660944 1.61524205959375 2.58328183382086 2.51395115200853 1.46053524917149 3.11503093361737 2.14379681019106 2.32400706386349 1.73463375113661 2.36511878115457 4.27755748537437 4.11154218803057 6.51294529434368
-9999 -9999 -9999 -9999 -9999 1.89011943985421 1.81303514404116 1.71077637924434 1.71641603110203 1.51594653784926 1.53373621514923 1.46324334410724 1.49823293600324 1.52400912807288 5.5198638886921 4.37747410038842 1.32561270097933 1.28228634276812 1.38155696476439 1.58185000203581 1.37907104200673 1.59496860016247 1.75408699188629 3.20222377688814 1.47034556388894 1.7353121140958 2.35033018338049 2.88926419570176 1.91402175889853 1.42869129375655 1.53881591951245 1.64939649970857 1.38422074404924 1.42737096506485 1.65259781951417 2.13729834197447 2.03732894314332 6.47240297413014 1.71901480613915 2.11673362397295 3.00920896951835 1.7697548041215 2.7479188212105 2.83406005095038 1.60517373315905 2.42993842620439
-9999 -9999 -9999 -9999 -9999 1.51252440483724 1.77075514339752 1.47889378332068 1.54363385823262 1.97214064767609 1.75067959205248 1.53168030422847 1.42833128708819 1.38492888568872 1.78762041172208 3.70672564613049 1.36021974372093 1.3234942958339 1.40109864042656 1.43416693981815 1.35223838138935 1.57735792225178 1.50872143738749 1.6077840557675 1.61427974821528 1.68054532955374 2.0634795874259 6.63966783926132 3.08067446271059 1.46766624032988 1.48088780383336 1.52558399482858 1.52079780586443 1.4473793835682 1.85504720573428 2.81651845378738 1.82795428702906 1.65818934332579 1.61201166925269 1.50774879065621 1.62140021358178 2.99222062629887 1.63483333049888 1.62779057229172 1.60124579147917 2.32910922190013
-9999 -9999 -9999 -9999 -9999 1.52398757940203 1.76117897381533 1.69332865441285 1.73076586300456 2.07814212197622 1.55858190108807 1.51312833464305 1.48081852740876 1.36031204990092 1.47370982108105 1.37332853885265 1.3641774846841 1.3583068675762 1.36575924260455 1.37044897527598 1.38325876314288 2.18630204493052 1.43974392013209 1.52999357700631 1.32423060003056 1.42052018808602 1.82022203858693 4.56263493555203 3.12360007473282 1.50091860941883 1.38051654440999 1.48051302310622 1.93383085164952 2.14290830700835 2.24912990609891 1.74435160102111 1.50210306633377 1.48913630502496 2.44875198537547 1.68838859988035 1.55443603528503 1.51110301274974 1.64767456631156 6.12630947108902 3.14260279529489 1.5016408132918
-9999 -9999 -9999 -9999 -9999 1.64282962784387 1.51307593720141 1.70432087797102 2.10438508046456 1.84790899002221 1.68455246221725 1.77739791669796 1.39820092817946 1.44694602049103 1.39829070949887 1.37941154426472 1.43333573415975 1.40553689331622 1.47397126641957 1.4941907294821 1.45535161872498 1.68726135714953 1.47957478540074 2.85933725019824 1.67351213904463 1.40293879804414 2.119837477203 2.35308796717511 2.42085059678078 1.57035494774346 1.39527224326369 1.50046757828762 2.65269260849551 3.05076625690817 1.97606504531137 1.9063185364909 3.28661850092428 2.58581633955075 7.69747640465413 1.94286678330145 2.48586617930448 2.82225888109104 3.32163603613247 3.21128123068059 5.29987470732774 4.64494363120238
-9999 -9999 -9999 -9999 -9999 1.71468213768248 1.85143047728498 1.46781385046818 1.7188417127598 1.64017504850648 1.52151776510464 1.87789382113389 1.54451934264009 1.47126329042557 1.38667426037799 1.29203512768816 1.42347650251348 1.43957613788653 1.40377376312343 1.45659205323236 1.77098600140337 1.83199705049401 1.64320089819026 3.70453052638038 4.03003559296393 1.45382935873722 1.70551894141921 1.42835021535579 2.29808866498214 1.5536297638674 1.57751489725556 1.39884931955776 2.33662906674544 2.04357283147275 2.19816993623327 2.05053031479894 2.16047619756901 4.05678429507996 3.89048124803354 2.66019674346892 2.25071474057878 5.80214174127975 7.19852103875724 7.21206198323799 7.48580938649905 6.81865520269568
-9999 -9999 -9999 -9999 -9999 1.48629182487191 1.72138818286494 1.70103787715058 1.50294219071003 1.33215531937895 1.56099135026864 2.17521622149122 2.14959152712249 1.49932866840654 1.3731504784662 1.29424880903904 1.32484464509515 1.34752426070121 1.45227265531267 1.48496097108544 1.71168153906408 1.93990748347868 1.64384824434424 1.69295633822341 4.13513116688422 4.41012617008727 3.45833291810312 1.50781581078793 2.28393138447589 1.58515825086177 2.30857306945275 1.55162807283225 1.5007129811697 2.43008979060989 1.72076367509988 1.57669531642958 1.57840112534213 1.70130022287238 4.07941116653998 4.02796869735473 5.37594829610437 3.18720527969136 7.25880942511302 7.20195985037838 7.22257631816789 7.97084617418301
-9999 -9999 -9999 -9999 -9999 1.40288760732781 1.46264783904765 1.51426559871615 1.51286783693996 1.63118958029109 1.55473581736215 1.50275141522511 1.49422453756654 1.41482949284909 1.35413079200652 1.31968120649355 1.90448409189998 1.53239886158802 1.61599811287458 2.17998779161993 1.66846621861441 1.54929360699607 1.68484081346549 1.76862382895515 4.05311880619629 7.32376617831758 7.31620954928806 1.8548536465393 1.8403241855544 1.46870669918106 4.04178140092973 1.65705782907179 1.4504901335229 1.48781617527007 1.71021614420035 1.4841406245112 1.76598153345684 2.04080433997001 2.4241002482652 3.71777250917587 2.97046120253637 3.62463291836982 7.54062737703884 7.2676352857803 7.20121515512641 7.26088824133661
-9999 -9999 -9999 -9999 -9999 1.3729610273956 1.29555311936932 1.38330557533283 1.45765108962095 1.89253391980634 1.39072346450478 1.43697720329905 1.48806099783206 1.46238110220677 1.35488971541572 1.29050775815362 2.08694590125758 1.54195140303393 1.64944768945391 7.07280737881325 2.35678402225405 1.4358076472038 1.91288923282179 1.80189222416539 5.46588473519397 7.27343014593756 7.45743256526947 5.81601704088422 4.73249008899177 2.58646381779316 4.8727594869431 1.9579784137609 3.12698129466336 2.02425013314297 2.07058515719455 4.28358481580288 6.84089848105734 5.10085291735581 3.60696148083479 4.17880482020741 3.87038455212026 3.03265297762021 7.55109973023618 7.40497019298791 7.19919346138998 7.20849982489333
-9999 -9999 -9999 -9999 -9999 1.39573867391449 1.28554704669097 1.296704469066 1.3095960262775 3.6743938390626 1.5045139492827 1.415742135373 1.44716874039982 1.45386521234509 1.40588180477342 1.30162262363781 1.42562349084523 7.11412757989676 7.20832890328084 6.16750475404734 2.52609623816079 1.88063828339319 2.85800972952851 5.5542189366408 8.42632067881077 7.53713049841476 8.0454203550395 7.55250978942575 7.4554438563502 5.55886153928151 3.31697605130289 3.10797685716995 2.23543708234902 2.44282886465464 3.61256359982025 6.13852525936054 5.36002315561892 3.94048356942638 7.21766388762643 3.50419936227324 4.21141499744496 5.58253208952742 7.24314183570152 7.21746534288731 7.31489732923855 7.64793999834382
-9999 -9999 -9999 -9999 -9999 1.31869414735553 1.47355254024617 1.46331344045366 1.92360782264644 1.53579268661114 3.7143133567093 1.43883006243742 1.39894959000041 1.38618114677831 1.40232127806914 1.41110751769834 1.32684352557393 2.29929916805857 7.22883470055285 7.25261808063998 7.26944098089818 7.2634146555587 7.43670093777334 9.12481304547331 8.24375944758505 7.98529606438332 8.79632538548162 8.26897700624496 7.52088935194236 7.43302312454114 2.87170123410326 4.19361320626273 2.14044647155524 2.9305737627628 7.40186951498548 6.20555504263259 3.72820551126397 2.96073990228076 6.15584247202425 4.56965751431266 4.61858731077697 5.94212666144053 8.21936069044495 7.22574821893227 7.23311341842381 7.28460282937134
-9999 -9999 -9999 -9999 -9999 6.09749394437822 4.23549405558929 5.42450592729595 7.2461823787087 5.47981143943989 7.17985190037801 1.79755925034392 1.42004184651131 1.33463396488322 1.35368269575614 1.39969655160549 1.42775608792929 1.34554140148117 4.5631966338741 7.56004860579053 7.42258098148515 7.23990430418373 7.41551820961058 7.40233186475691 7.74164604643777 8.96842081421276 9.23956415027885 9.9155719660632 8.47760316725787 8.27410891344894 5.08778764410107 4.05723909509924 2.28281100125361 3.32375622066922 4.52396091809757 5.08050792836914 4.71090376948281 3.44839708927609 5.19798096230059 7.26936233282224 4.64850994316589 5.5365111373323 6.08440070626777 8.06765202429469 7.2294439406695 7.28270420182945
-9999 -9999 -9999 -9999 -9999 7.22905394805796 7.21136195736779 7.22826090739509 7.27650003171765 7.22149577954435 7.20866221930903 2.42133119669304 1.46122716933634 1.37809250923311 1.28311742846179 4.51226671624308 1.78705566393772 1.30583089462964 1.41725624344571 4.40907799285048 7.23226232731262 7.20805928008475 7.21719761300487 7.24531038522328 7.48495844450025 8.10664739546404 8.62044942906727 8.50076916111943 8.39875129708168 8.05269021125757 7.33639308159812 2.62975820980315 2.06220321287715 3.11160166621128 3.13132711851217 4.15301414494751 5.26739499857785 3.54037281304871 5.01004850534818 5.58923328783075 7.21158500974441 7.30297764857887 6.79381007462471 7.32605246243221 7.36552294083597 7.31977332088169
-9999 -9999 -9999 -9999 -9999 7.19454488720991 7.21339882691429 7.22433448483635 7.22619395108268 7.22608166034296 7.22133090566771 3.93548978912806 1.37963612852875 1.44433807337346 1.28561881564445 6.31606145628254 1.75266769705551 1.40231533967991 1.64775334337517 1.77098355203426 3.93202667240304 7.25835284870358 7.4673989239473 7.52124860013405 7.27558442545284 7.47072353777248 7.5605524181671 7.4496595365594 7.66948044181185 7.69945859826561 10.1644691884851 3.16697211710874 2.82448150850526 3.71953982269624 4.29805958711986 4.43333243666924 5.66779026785424 6.37273695034488 8.64079080417105 4.19110906118196 7.78934532342275 8.84997825653942 7.28585322021065 8.19219203336252 7.81829493834379 7.28099242516484
-9999 -9999 -9999 -9999 -9999 4.56157962558868 3.70700322144029 5.75752369560929 7.19567888257801 7.19700032873041 7.24059052946683 7.22247411449371 5.57514542914298 1.42874349747314 1.52180169083277 2.35189300325379 1.75377183047084 1.58869644605215 6.63013062775741 6.04139687698973 2.05148505325979 6.13869722894459 7.60045964938369 7.68650779153184 7.26680942951794 7.25551281521227 7.31723899920155 8.28272429433455 7.2871083509494 7.58321423339362 9.8981645585967 7.35036381412807 2.72510163697137 4.07093840684449 4.58110289061185 5.24254014192351 3.44406135364305 5.23949770298937 7.20529695659842 7.0718531617174 5.54856113083849 8.24148513830712 7.10864012862961 7.33530471887176 9.69546197225575 7.71749651681309
-9999 -9999 -9999 -9999 -9999 1.34132726560416 1.62659832694809 1.77502048144388 3.86509744681767 7.19848492615498 5.92588807441721 3.51476411117112 7.24168812322155 1.53163313190896 1.42721163566382 1.38796099878847 1.7258459064949 3.21688486295356 7.47091419268344 7.45681952449673 7.30872495500598 6.48398201924751 7.33198983783895 7.32833022382762 7.23927026025308 7.21258419557282 7.23013980632502 7.35353745396558 7.43278238951252 7.31187769010528 9.56179749286703 10.7363942795515 7.54383465076332 3.95102893642567 4.63632715371167 4.07641595208632 3.02869845717587 4.83692212797112 6.91893636034098 9.39260356803468 7.97754076918668 7.45729844747203 6.94309800306017 6.99547411794928 8.71490107960583 8.67195566318332
-9999 -9999 -9999 -9999 -9999 -9999 7.19822556709192 6.70166207180015 3.4051993222774 4.44245916874274 1.78227081851674 1.76879171807678 4.16772258276698 2.09594515844944 1.50182793671746 1.31759415977815 1.35665612056314 1.74444702668264 7.43801987035593 7.63177242862028 7.42004121370338 7.32472022640276 7.25816125288369 7.22831582340642 7.2465486543873 7.23572989542663 7.21986560885246 7.2084167163827 7.29465415454664 7.38391914505435 7.73526058279974 7.80483574419032 7.37795178429168 7.2064457081401 3.05124095134224 4.1496458039749 3.75462268464795 3.90386113408011 8.50522468525895 8.57041890090475 9.00190292515652 6.28965808775969 4.59549633319442 6.39385976722398 7.42952641118873 8.48960647140973
-9999 -9999 -9999 -9999 -9999 -9999 -9999 7.20300088070663 2.16858130790573 1.64715926419909 4.78709581344428 7.19684103041156 7.20211862064303 6.64922002957375 3.14405319694629 1.47362465030405 1.79465520278546 3.03805439405809 7.2690379209835 7.36963667060077 7.77539655332118 7.55637422950033 7.45108459249182 7.31500190058007 7.29748057467051 7.22873006164607 7.28650783317687 7.45113078213849 7.45440168927736 7.41353426505207 7.31393041851504 7.45555387663341 8.09077712020702 7.70901272127889 5.17888792507103 4.47763432424747 4.54995391865194 6.38473580770878 7.59896472863334 8.51996087120704 7.99951114308487 8.02227783830398 7.41424661180351 5.94882173185349 5.39112870305365 8.8225579771872
-9999 -9999 -9999 -9999 -9999 -9999 -9999 -9999 1.46238965546584 2.09286076439842 7.23379678324636 7.21394426853456 7.20671022905616 7.22663084580621 7.37712450471294 4.29671208134919 4.37611245313383 1.44520040417218 5.90329518894386 7.24936468734986 7.66805467390193 8.05515906942821 8.23401493394265 7.74919287231265 7.35181121459973 7.33600999792295 7.25809740982738 7.45307044766804 7.29257933720408 7.24563403333607 7.27919926247565 7.81965158382453 7.53497609545162 9.05364903462027 7.97047190214972 4.78839886267549 5.6978350472276 6.48391503243972 7.49687164464597 7.43238205110315 8.50926608936239 7.54096153176606 9.50490130568882 7.81916000262524 7.68139893566906 8.47666261087282
-9999 -9999 -9999 -9999 -9999 -9999 -9999 -9999 -9999 6.50148033084021 7.34673963523541 7.06859531805609 7.20145932785122 7.19977550165784 7.25080483715727 7.23089602712927 5.62631214278789 1.34046507938036 1.28949558056755 1.8373528132452 6.913142568436 7.45594243945491 8.19316145219183 7.88727461787166 7.31366406827636 7.4051157487727 7.2273137912864 7.24710680885507 7.26476803179237 7.42957378092644 7.35840116098353 7.48097556100728 7.46846237446771 8.02420503886757 9.39894875136409 9.28844370170799 7.70016249105852 6.73735540649146 7.78864013831389 7.35617745787414 7.58357726687075 7.90781304828849 7.02366904176496 8.70825921939164 8.54559794309266 9.79427205677317
