IBR/IBR_outputs/all.combrep_1/FireFreq_2000_2008_Total.Spinifex_Total.VRM_Total.WeatheringIndex_Total/FireFreq_2000_2008_Total.Spinifex_Total.VRM_Total.WeatheringIndex_Total.asc
NCOLS 160 
NROWS 95 
XLLCORNER 210004.651214014 
YLLCORNER 7350008.22228844 
CELLSIZE 4999.99999999997 
NODATA_value -9999 
[rows 42 to 62 of 95, columns 0 to 45 of 160]
-9999 -9999 -9999 -9999 -9999 -9999 -9999 -9999 -9999 -9999 -9999 -9999 -9999 -9999 -9999 -9999 -9999 -9999 -9999 -9999 -9999 6.45883765321225 1.91208436906522 3.73321346077018 6.63875759477637 4.09079343369356 2.95103213653986 1.3833495322612 1.40655221374995 1.54488509746199 1.61036455718925 2.65511653054708 7.14189105986283 1.832117468428 1.44725678569486 1.39390346514203 1.46637007406852 1.68824788777738 2.35458661656711 2.9723568320352 2.48265763157594 1.97513835218199 1.72063586354975 1.52914709829557 1.60834332522253 1.68834251435389
-9999 -9999 -9999 -9999 -9999 -9999 -9999 -9999 -9999 -9999 -9999 -9999 -9999 -9999 -9999 -9999 -9999 -9999 6.28471912735011 7.27101696954224 7.21873117557353 7.31787309045708 4.10976800860195 4.37963294041403 2.73643459194008 1.38276277978871 1.43756022932853 1.35177940643127 1.50498023459678 1.48838726115957 1.3525181346884 2.16966858066915 5.72889567581176 1.51407127824282 1.35445774129253 1.71349600634107 1.61876315164076 1.68270039754781 2.31786390252391 3.09072409413468 2.42510227862449 1.82499326907193 1.95210785952108 2.0307629126395 1.61080227787642 2.02310905880224
-9999 -9999 -9999 -9999 -9999 -9999 -9999 -9999 -9999 -9999 -9999 -9999 -9999 -9999 -9999 5.72271700942394 7.09610481211946 5.95666701213499 7.09785368643064 7.2980841856309 7.30171893973122 6.58052371188257 1.49951443243434 1.56012975144194 1.60241799828371 1.43432901921704 1.33829763841973 1.28835522573825 1.26806114682433 2.35974909660436 1.38342193309273 1.62681177180136 6.5087350020004 1.38537255066087 1.41944104442759 2.13062545232344 3.02302460908975 5.78437712101364 3.76017758583729 1.9836113282631 1.91427651288686 2.0323049247244 2.47064506129699 2.79281398702239 2.1039801146177 2.74719176148528
-9999 -9999 -9999 -9999 -9999 -9999 -9999 -9999 -9999 -9999 -9999 -9999 -9999 2.88224537392345 3.79710728936985 4.77830922478475 4.31284310615309 6.57593084034634 6.07637447706053 7.29483087054046 7.12490851254073 2.84920825926928 1.40704490186374 1.61354163086723 1.50950075576987 1.39118644678544 1.3090107176842 1.28962650508291 1.28789909186898 1.33001119995389 1.57399078728325 1.317061042908 1.32113080154692 1.38909810919127 1.41546889523174 1.75173850728378 2.33973593151188 1.81645369961521 1.90141530495378 2.7034597266673 3.89554974001046 2.92642243593678 2.7537366725676 1.89179632539231 2.0126915521013 2.61065520166494
-9999 -9999 -9999 -9999 -9999 -9999 -9999 -9999 -9999 -9999 -9999 -9999 3.10803632669248 4.60891283013955 7.2288220883238 7.21018516810099 6.35427809096143 1.47241165905734 1.54385433100751 1.73342901147534 1.50470264275875 1.51041526062741 6.34537260088566 6.98981375579462 1.77910518706576 1.42220775626508 1.73829827218713 1.59784759118047 1.410691280385 1.48709804626581 1.34723705588213 1.28510349252081 1.29772025654259 1.45937973093386 1.32724543966988 1.54640249259459 2.49257098013472 4.42726532414549 3.1872797199272 1.88766727243918 4.09265582633712 4.03054313954904 2.18911824227648 2.56727683217401 2.50725399401684 2.70255946105594
-9999 -9999 -9999 -9999 -9999 -9999 -9999 -9999 -9999 -9999 5.54568974680826 6.40274001598904 5.70691387728826 7.2187904241418 7.22397639555389 7.22081500344262 7.2068637851307 1.61644404340071 1.36216772025483 1.34705003187978 1.37661448638372 1.39231771959339 4.29361635019487 7.19376616156261 4.76598331008767 1.50225237091883 2.9165764956701 5.69933241631991 1.7922679343153 1.31494515911301 1.29527102947479 1.28696841209474 1.3511465017139 1.5233551675774 1.74762286878844 1.44748601678726 1.35546852441495 4.11278546354972 3.78073590373088 1.57846691234033 3.20346601240003 5.78593448463454 5.25669371899472 2.51958923702124 1.70288452648318 1.84684151983217
-9999 -9999 -9999 -9999 -9999 -9999 -9999 -9999 -9999 1.83930471846288 7.17797959677182 7.20393424263693 7.22052048454791 7.23066412448824 7.23971253151167 7.20715064693738 7.20359256446083 4.90121644967808 1.36778244039228 1.37754721098946 1.31780496548301 1.36089114661054 2.41860049412854 7.18322620097776 7.18559216290907 3.99921280986417 1.84514553077002 6.62575423448429 5.53041127463281 1.31181323802521 1.28399346840813 1.36876807331265 1.64781780286298 1.4681961683171 1.83438184756965 2.72717142213414 2.33953028350874 2.63082565609692 2.67361695018141 2.59770991136383 3.82108170536563 5.42663137160154 4.84589987747392 6.28680619992324 2.97972254168766 2.03546523262615
-9999 -9999 -9999 -9999 -9999 -9999 -9999 -9999 -9999 3.13237618808989 7.19883091478462 7.25313984596893 7.23967584035432 7.2317315722261 7.24359373678226 7.221614500074 7.20493871194186 7.20533494072506 1.66538521518624 1.36636421773277 1.31355670318501 1.38259658857511 1.60009855360444 6.2233175944029 7.18449264444905 7.18938511869509 2.79323055703302 1.80637200357211 6.60297927470558 1.33674029788054 1.27995961015262 1.30856311797927 1.37753790629598 1.46311676912834 1.50865433466623 2.41642667052696 1.79027859207886 1.34636761989602 2.24260970936649 1.91398509201899 3.61461182438978 5.68505666578055 3.25685388993762 4.27490037294886 4.98372131198464 5.29757968954878
-9999 -9999 -9999 -9999 -9999 -9999 -9999 -9999 7.19523033052376 7.00528938534191 7.20301190312302 7.25790275316993 7.25948465479129 7.23348876354724 7.21702100379571 7.20081672962094 7.20611684855298 7.20936770146989 5.47478273181396 1.54347624941937 1.47269707811617 1.82994608077522 1.78814648139864 3.53890889564277 7.17980301893281 7.18140772244342 6.35043418594623 1.41152262367322 1.30272923828356 1.41623900898974 1.37833256935336 1.31334914101407 1.30568487961019 1.38332903260661 1.49866099193926 1.45569218243479 2.11241914081112 1.49906779881281 1.64531042387318 1.94816279872626 3.43592943511991 4.82773989845969 4.8911485968037 4.11159200890516 2.83667022185138 5.8520912306256
-9999 -9999 -9999 -9999 -9999 -9999 -9999 -9999 7.18915651513571 7.19483463691329 6.94347564501339 4.61379459396569 2.19884687818931 5.04309460458511 7.22397614943848 7.19966731222077 7.2040060124293 7.204629684438 7.21908245600117 7.19637271173681 3.38843343710252 1.53032369157177 1.48219759922146 1.48305390696598 7.1739641685537 7.17079548751789 7.16751434845809 3.77588272658777 1.30649635362277 1.30299749384887 1.34594778516963 1.32110172214242 1.28946606541664 1.30415917793323 1.886221330488 1.6093345690866 1.42303448209586 1.77629239513828 1.41105311411209 1.59879367389814 1.79948837437474 3.4657421195728 4.07344139742868 5.38642790103957 2.75805729272855 3.93754609008752
-9999 -9999 -9999 -9999 -9999 -9999 -9999 7.18529540684454 7.19440143256368 3.89144589378491 3.43360012580625 1.41298014504896 1.40538000171908 1.40989024197512 1.77241499990086 5.12720513745121 7.20023105699979 7.20321580653016 7.20162420354807 7.20325660684654 2.89007271794957 1.41846482764483 1.41180203232132 1.3749060758225 6.76939448776451 7.1843778318099 7.1840411742964 6.83835247187502 1.41557701309934 1.43045170029547 1.45293020190615 1.41099623800461 1.49380857933299 1.47306722834008 1.76742111876332 1.44785758332201 1.50629409239162 1.44280365269634 1.51054015979623 1.58466356611779 1.45202283979741 2.30040225511456 3.19233679905876 3.2219003353511 4.0964276228982 2.80539481353885
-9999 -9999 -9999 -9999 -9999 -9999 7.19208242656139 7.01299418331905 7.19087751177004 2.73431259724569 1.61958998256647 1.36910898103642 1.44125315925097 1.40266143525376 1.40371693303158 2.32257430023689 7.20240965919978 7.20477157330949 7.22305304265387 7.20485353006855 2.52700330941591 1.29965674237053 1.40634704503628 1.42184050350773 4.81010273719152 7.19187974331236 7.20371368612135 3.06905186995795 2.04989193554264 1.47975658147283 1.2971465430386 1.34234836687982 1.7958694493329 1.67677735616228 1.55375421427784 1.36631306306934 1.37121299572686 1.37420225140152 1.91472143311513 1.56778411251033 1.91765000605187 2.06357768308855 4.02733467588876 4.64854154034592 4.10242154538753 3.94200181098013
-9999 -9999 -9999 -9999 -9999 -9999 7.18535338703958 5.41792301690472 6.99100692689474 4.20187489145031 1.37677605357119 1.33224384931792 1.4960935582578 2.14563304591488 2.16585760152948 3.53097800306122 7.20385700431385 7.20621196235587 7.20934788295392 7.21441962972654 1.6093775483497 1.26553126128398 1.48796252167782 2.0074310113334 6.09787065707259 7.20277177265109 7.20848527805215 3.38782629170312 2.15766102695031 1.33813439383372 1.34953224386435 1.32292685287541 1.53561962708188 1.68040874457991 1.36113410754135 1.44005049687464 1.42294330916723 1.48052755709951 2.00564185495137 1.48229576077865 1.80943771499092 1.76249432800379 3.39011876894231 3.28456285947014 4.17827254990601 4.43302308290465
-9999 -9999 -9999 -9999 -9999 6.51023243511628 6.93066959201737 5.23063939603456 2.8101576985535 1.59711086709933 1.35235197323296 1.32558648520124 3.12233861117634 7.19871731045871 7.19742492929796 7.2237961240644 7.21324180873658 7.20541675428447 7.20916413210382 7.21480123785361 2.7665477797836 1.43976308551919 1.39807061952063 4.09407136514353 7.19509597078072 7.21218475334928 7.23157516125851 2.21182413216029 1.45229066678184 1.3557863778734 1.40806492240696 1.35486153052265 1.46159203688712 1.45650336542871 1.31421992926925 1.42696846800382 1.62440103964388 1.53560374481418 1.53984808482976 1.56047877460382 1.49140603022144 1.5521457423704 2.58385238226578 6.35693175975844 3.43535247235798 3.4149205383207
-9999 -9999 -9999 -9999 -9999 7.19037964050773 6.85177074891377 5.34846343524911 1.98123279540893 1.39884895338217 1.35783715199287 1.33716868535085 1.49039331703784 5.564771088302 7.19258655788891 7.19089546483482 7.1881767647244 7.19648544780489 7.19972883324196 7.21200537453749 7.19554646946843 7.17210727986161 7.10409232429232 7.20421245756612 7.21538153996788 7.21419968915745 7.27901581954353 1.51469576385613 2.80065149615976 1.35477346332398 1.35928597693889 1.49479725142575 1.59546796516648 1.77084585102319 2.31108050420065 3.52442723787001 1.43312977045321 1.58265714667795 1.51237981253065 1.63930026631128 1.49145966238042 1.71957436817295 1.44583984819457 3.48078411633305 5.45310792484087 4.85603641523564
-9999 -9999 -9999 -9999 -9999 7.19040782519689 4.74844698870353 4.66590719208362 1.3790680076598 1.39754828002001 1.4375757981215 1.32112545956461 1.38038585149879 2.52710150831616 7.1936624033542 7.19363347553331 7.19491038592207 7.1916601206865 7.1924771495617 7.20708838620785 7.20822005010595 7.24721700035589 7.25032142899842 7.25170338748966 7.27200626254195 7.24898795772647 2.70756781737882 1.36391416315694 3.30823478530727 1.36106893241783 1.58830243710541 1.35036072755249 1.42910209336908 1.49943815365377 2.72908696331594 4.42155260954315 1.52150719380235 1.44119864758484 1.4007948697061 1.35269136633805 1.3352668835134 1.41664884710985 1.57494300462967 2.09904757704608 3.01795409931076 6.03894473510505
-9999 -9999 -9999 -9999 -9999 7.19095176200895 5.76330542622645 1.37954034483792 1.38656120683871 1.40646173340265 1.36809657928112 1.36674377020707 1.40626867745547 2.51960369367675 7.19884089184607 7.19832722684469 7.19580386850353 7.19545035195313 7.19469245295351 7.19964840095737 7.20986187661932 7.24368714816607 3.94125307639241 1.96895619997063 1.40083883013157 1.469867048333 1.36025822674208 1.34912541623311 1.71043683594609 1.36606954261245 1.4986281067856 1.37517296917519 1.3895518251206 1.42234317728547 1.39203900351401 1.36377518131504 1.31422943195861 1.37142585840891 2.22720951765223 1.34634067028061 1.39018767545858 1.34308865988776 2.42459661019352 3.14459150117654 2.14416029043896 4.71025824365303
-9999 -9999 -9999 -9999 -9999 7.19309873830922 4.58823797694904 1.342970351029 1.39765527290569 1.70381668106764 3.55297632040362 5.7935911472608 5.99359047185572 7.05922309717325 7.20154306813464 7.19359108034348 7.19093363852645 7.18872115424218 7.19665364368389 7.20261814622151 7.20962090956758 6.25083729150208 1.56660938320259 1.3826146168159 1.33952454576604 1.36792592001592 1.49202264176297 1.37420415233406 1.94333093693982 1.86045787307434 1.59361258032604 1.37109749512829 1.41319598812656 1.46499023010718 1.45260057170211 1.42686230700562 1.34408235204478 1.31946845903594 1.34194878527809 1.27816614509635 1.43923581963566 1.91260912580169 2.12388946627639 2.04478278427472 2.55536234611038 2.97542265685244
-9999 -9999 -9999 -9999 -9999 7.13375865323383 3.14936943735993 1.30641414988917 3.15545283212091 7.06743746414341 7.19853573964293 7.19429652763055 7.19047607670346 7.20034600862783 7.19520807885835 7.19267279222191 7.18923707835281 7.19354119035327 7.193065775962 7.19915716640744 7.20923531251725 3.66391807468371 1.47105491119539 1.88401314401942 1.66667275380861 2.54137352707216 1.41327588292687 2.17999889017961 4.49141254480057 1.8754072486297 1.58111725129935 1.44784380460764 1.39555827787806 1.61772661347031 1.80981825887145 1.45704131862864 1.42839349452263 1.33289178879518 2.95244279924158 1.54724577879203 1.6717863448782 1.90530827613756 2.03225755782427 2.12999423973707 2.18403903920329 3.35330689414935
-9999 -9999 -9999 -9999 -9999 3.50772069008744 1.37145425961589 1.45268510011022 2.58917249339766 4.25802181968575 7.04744272494964 7.20173604970582 7.19001445245061 7.19890625544659 7.19931090901668 7.19109004304242 7.19154051231649 7.19294493019404 7.19290121738868 7.19186374870043 7.20626640510805 7.0980454584132 1.62781723213068 1.82440283624318 1.83307882616595 1.70040897166166 1.65243380006535 2.280551813922 3.31287046053532 2.25353313012378 1.64042776404294 1.40871901727377 2.01685291287413 1.94691761144632 1.80621225768077 1.52098645239984 1.54214858299325 1.64972764934435 2.07752637621094 2.11737705995969 1.80443067257463 1.56588981034944 3.15026118189388 2.02703194457365 2.51349115256595 4.05830429709034
-9999 -9999 -9999 -9999 -9999 2.84042558952481 1.40936918613666 1.62190746692499 1.97370770646232 2.22709907769182 2.79252829860364 5.40518014488846 7.10142665621575 7.21864746515184 7.20680276058329 7.21973003811385 7.20232320195404 7.19804201495599 7.20045881017132 7.19967296798247 7.20610021360408 7.1252698347261 3.3862851131649 1.85542113849558 3.46187974207821 2.25584733213351 3.32225795247833 2.31383091003173 1.91399218806409 1.78144359890108 1.76137099296749 1.5900247747799 2.66936188238455 2.48649085939519 2.12321429047788 1.48871015901326 1.57260456757816 1.67882781133724 1.83007339398656 1.66415497481424 2.0537347282007 2.19100099455583 1.92784037265033 2.0859334408946 2.94961813743404 3.50287638640703
