0,42.698061646082,43.2861391174101,41.2740861818232,53.479307246432,54.0737498439219,58.7485939196271,52.8196457374117,74.7394637223231,77.0261169946969,97.6860485751388,69.2120773412645,70.7182075609901,71.0392120584537,89.9816039669455,78.4953626661231,64.3555260042083,66.8188427367195,65.6007224463566,61.8337998883129,48.704442157345,50.3219259650596,49.6772021502858,100.77963519866,111.334362937923,140.624916873908,98.5963025738141,99.5212725978068,73.0975405609901,72.6529728741068,74.7166776358476,82.0922168602004,95.1736184849538,50.4719343139061,72.4967205438666,76.1774754885581,62.9917387616093,93.3259840046848,91.4924642962641,91.6173238130073,104.46314867877,108.700346563867,111.657220174374,111.82469133362,97.824129286061,101.006661377678,101.599575667848,100.351506096643,97.4904169806408,96.4946451429087,98.988651293179,55.704718435671,54.8807561565732,55.6685558847391,55.1889563117628,57.7903971365137,54.2484919550339,53.9555095821902,53.0921021405618,49.2106134087549,48.8302879304841,48.4554069547659,46.7188613861558,124.43879301291,69.6935229283061,64.2556797238857,101.617456950624,102.156847326135,102.015209795622,99.7452766091229,96.9715404318423,107.067381103673,94.6633477068566,99.5598125664016,98.7519354757647,67.185788190375,64.6379477477129,103.874715289323,52.1275695684849,61.5060145523427,71.1393233227407
42.698061646082,0,48.0460124230169,39.9688906351243,47.6869197550784,56.3885725840318,60.4593871240824,51.5155541639583,76.2897198493311,78.5801914424672,100.224813312797,70.7976181129288,72.2957243529306,72.6110547722612,92.672644180325,81.1145450389221,66.5861478987711,69.0640802137014,67.8205460990214,64.0903758655486,51.6445603942708,53.3265870703663,52.6870982746573,103.012901269608,113.979405122608,143.253842641828,100.640239593623,101.621176255711,75.9080191247462,74.1649605438823,76.2155022915702,83.6348663326635,97.7996351800387,53.5152471812503,75.096414271789,78.7758573633236,64.5936484562445,95.8911861952733,94.0601170080468,94.1816878644712,107.012417268707,111.248823883379,114.202528754809,114.369427824852,100.370956630453,103.559348747396,104.148163366712,102.901877985965,100.039185789237,99.0437291954827,101.543641849901,58.1870605360146,57.3823721049791,58.1938349753196,57.579923910239,60.493975299291,56.9444911335527,56.6181703181504,55.9718742589087,52.3182205937634,52.064667016176,51.722196668516,50.1609347559965,126.513817421832,71.1317349972875,66.1555408479082,104.196709175798,104.73835440608,104.595532633669,102.324217869262,99.506802457997,109.602911799142,97.2060279204236,102.103143659108,101.279947141829,69.437632246124,66.8988381276787,106.378920547392,54.6086663802273,64.9734745489386,72.6375228940858
43.2861391174101,48.0460124230169,0,51.5344924403308,59.393710533657,44.7592019641554,54.9143122415284,46.1505525355201,78.2387610263451,80.5050683397922,100.542910900805,72.8427095980525,74.3451916468748,74.6155514070414,92.8924971593251,81.3103589170669,68.8191288934442,71.2581489177351,70.0391029486025,66.2892343113138,52.9884926089804,54.3951715886741,53.8335561750765,103.293565288678,114.343004219031,143.605791461957,101.101965414886,102.005090123014,76.2784349983865,75.5984504478687,77.6439502872059,85.2460314243051,98.1280581811346,54.2999740003585,75.2671402248559,78.925052405401,66.6784457673771,96.2070474656109,94.3766509602785,94.4990092285837,107.324617316472,111.561985611969,114.514410612509,114.682358864928,100.688523859372,103.877183240392,104.466307487919,103.219500731344,100.357546961692,99.3614838156959,101.861729147805,60.1751192316463,59.3638793276621,60.115154379732,59.697897139331,62.0981946151594,58.594652512923,58.3414087554372,53.6443425609292,53.5248169572633,53.0830912271473,52.8643089827229,51.0492506926301,128.73059340489,70.3859065100445,66.5786499458915,104.521444105971,105.063879354202,104.920524233179,102.648605835929,99.8230293304199,109.91863622424,97.5232985856022,102.420224727132,101.595604340202,69.3462469807135,66.8565602336087,106.556605623872,53.8828210256299,64.9785148413078,74.6350403999127
41.2740861818232,39.9688906351243,51.5344924403308,0,39.148449317587,56.1935544235538,58.3418824859439,52.9582545402466,68.7233300537927,71.0360088658157,93.2950100342138,63.077633326307,64.5809194751737,64.9541594379259,85.6870543397274,74.2184182757861,57.9447972801347,60.4547296574466,59.2085829606875,55.4629389021893,43.341782609213,45.2530390571902,44.5336702625111,96.4158017070567,106.904330110323,136.205170616402,94.0685404183211,95.0642146753462,68.6719328534205,67.2264073452518,69.300876238929,76.4569294253289,90.7755218966447,45.6932547326641,68.2414351830238,71.9415474351232,56.8085907340905,88.937682498809,87.1036124417799,87.2276637295822,100.077768512446,104.314067703731,107.272025100262,107.438523825159,93.4337844493914,96.6162251715495,97.2087493309513,95.9612030357496,93.0993968545914,92.1041878786338,94.5980440076811,49.5750407925049,48.7593269881941,49.616129331517,48.9079762735893,52.1000061102066,48.5091969088143,48.1337016254655,50.7991694790355,44.0448361377999,43.8982169370681,43.419368109437,42.0037901082383,118.06033466373,66.3800234941888,59.7796602959269,97.2213926359931,97.7601175757827,97.6189382810786,95.3495225766757,92.5821173226021,102.67842320367,90.2731656760705,95.1698206715182,94.3628418677854,63.1531275264868,60.5624060656666,99.6093729536497,48.6286880877336,57.5874477174659,65.0859523821372
53.479307246432,47.6869197550784,59.393710533657,39.148449317587,0,62.7120938860551,64.4054345535453,58.3118626102424,73.9326694382677,76.2511846939114,99.4141640285746,68.3081362364486,69.8037436236005,70.1765612392592,91.9268758068129,80.402463319687,63.7678553181821,66.2918832479372,65.0210482701205,61.3111764911963,49.8143517763922,51.7610012681368,51.0519979830505,102.295312600589,113.108590576971,142.396543708007,99.7929226541342,100.836233208166,75.0057935406664,72.4629966614061,74.5287432052159,81.6952604542587,96.9645920603574,52.2183072288953,74.4105476147568,78.109837258422,62.0499513639939,95.0780963151437,93.2459871524372,93.3673917466161,106.205434429065,110.441086561474,113.396517159157,113.562543155375,99.5594244254184,102.746570078645,103.33579731416,102.08969000392,99.2265880859989,98.2316388397865,100.730236670639,55.639924463011,54.8440786801672,55.7202256813035,54.8876916476855,58.3621847734457,54.7672921361017,54.3638477668291,57.1707606548124,50.6591108063485,50.6027227555561,50.17330574653,48.8735078585842,123.733868451026,71.926873441091,65.4058285415021,103.373024278286,103.913555118114,103.771428028732,101.500906533922,98.6984838979368,108.795012873669,96.3954773075966,101.292657546709,100.473394649266,69.068545631063,66.4814389422031,105.703727165401,54.7354673266014,64.3820099053456,70.2456115375403
54.0737498439219,56.3885725840318,44.7592019641554,56.1935544235538,62.7120938860551,0,43.9274672202046,42.1178753395995,78.4569123393729,80.7037578273487,100.139281199022,73.1791820291678,74.6791410771595,74.9029377683488,92.5502344212279,80.8679562042604,69.9017609498606,72.3206073063736,71.099895881299,67.3658236383255,53.9624742396393,55.1919901246237,54.7058701747403,102.536913062189,114.092947542225,143.327754914857,100.337991407368,101.217804047945,76.2100211950062,75.3009422020563,77.3309884238582,85.1416499296714,97.8239027600876,54.88046912251,74.779017419262,78.4139768399148,67.0654890308863,95.8281804849662,94.0009569113136,94.1207383850255,106.925818544884,111.163339263538,114.111247392905,114.279660024813,100.29259247594,103.487500277361,104.072748164806,102.827243025808,99.9643887693615,98.9680428907749,101.474649148901,61.273279631958,60.4736659903307,61.1949895047877,60.8248117908736,63.0672166902923,59.5971487648388,59.3764099006532,50.8186976430354,54.5519129859584,54.0820892661103,54.0000835001467,52.1578108625311,129.660815792273,67.6272842132525,65.6295644175458,104.165734053759,104.711255040265,104.566162021728,102.29223448259,99.4139518410101,109.509329924397,97.1228379402784,102.02023914632,101.178552465417,68.2160889619021,65.7887620708157,105.975456006603,52.3175521155884,65.3518552236407,74.8568528871445
58.7485939196271,60.4593871240824,54.9143122415284,58.3418824859439,64.4054345535453,43.9274672202046,0,45.063756996459,77.5181140263661,79.7472099780836,98.599108045892,72.3400608104286,73.8388191970354,74.0222552929958,91.0712211374046,79.2928285320906,69.6760208779467,72.0784534116417,70.8564976533781,67.1350870343009,53.6594692348924,54.7464705169321,54.3241701172246,100.662681184696,112.695686297184,141.904491177101,98.4625260505913,99.3173515201235,74.9875009082882,73.9091004434127,75.9274999010045,83.9179247101114,96.3765864288901,54.2549138256184,73.1604708892747,76.773930206295,66.2690227166493,94.3110985259341,92.4868343201164,92.6042086625279,105.390133982718,109.627798698015,112.571488290948,112.740336865138,98.7595929042164,101.960326506368,102.541960392221,101.297668636558,98.4339749515771,97.4373653397444,99.949902152913,61.0598242944365,60.2696446831077,60.9668184835704,60.6344194470677,62.7493436968914,59.3071910809296,59.11279715827,47.1113556243496,54.3050258771294,53.825286220489,53.8526437724885,52.0088496578848,129.311585276269,63.6406032721305,63.5789625616052,102.670212165687,103.218606614272,103.071895899504,100.796098025239,97.8686907049784,107.963852887681,95.5856152060674,100.483458876035,99.6258503745948,65.9679203796659,63.6038719282603,104.267404284775,49.6303475112173,64.6456284872726,73.9292922240305
52.8196457374117,51.5155541639583,46.1505525355201,52.9582545402466,58.3118626102424,42.1178753395995,45.063756996459,0,75.7692702333472,78.0211451016851,98.6345259351585,70.5260034548785,72.017452638007,72.2368508178454,91.2106475666977,79.4724725838146,67.8279735798435,70.2606311902114,69.016899836664,65.3157181276708,52.5381354860566,53.8734361879389,53.3697224370801,100.762962375706,112.670039345056,141.893842132954,98.3340230781852,99.2874858449981,74.9290071629195,72.5829554311703,74.5958238758917,82.4578506937158,96.39432210195,53.6578415174947,73.3740122988944,77.0145558247826,64.4275906814261,94.347817750469,92.5225930570809,92.6391882516059,105.432244437433,109.668768489572,112.614213045627,112.78179980672,98.7952301529084,101.995317655901,102.576794150822,101.333045328007,98.4685327449341,97.4726501614883,99.9844583237468,59.4283394203576,58.6440705751686,59.3915144203823,58.8939883663628,61.4450513715309,57.9602347368118,57.7029615201889,50.9981251161369,53.2480758885197,52.891750791293,52.7864342242559,51.0965141361261,127.448967549397,64.7688568916003,63.4688041419009,102.695337298395,103.242646666976,103.096649635254,100.82166192063,97.9066075827412,108.002375929495,95.6218418242602,100.519883525877,99.664868631512,66.5633925394544,64.1308417552938,104.482217185062,51.1265229351466,64.631110624012,72.1092885218471
74.7394637223231,76.2897198493311,78.2387610263451,68.7233300537927,73.9326694382677,78.4569123393729,77.5181140263661,75.7692702333472,0,33.0999894099723,102.53097735799,43.6162527411812,44.3300391603431,40.8037099339948,96.8670397292833,84.6332037055105,66.4974340679074,68.7673831887446,67.1807429004059,64.2033476327368,58.5531051472923,60.3307356736099,59.8084782695779,102.203983578469,117.481656038411,146.58422180292,97.1322161784249,99.1001355227034,81.1185680912901,59.9006892417156,62.4862990355326,63.3869939254041,101.136669562533,60.5401895243995,78.4786126614962,82.1976606649988,40.0927331507101,98.5251835263841,96.7221928061271,96.8019523394693,109.462839526935,113.687011272474,116.605856759548,116.762895015722,102.777056804405,106.036196902328,106.574222922896,105.351046208663,102.466895895841,101.476856083819,104.047925045178,61.6450136570089,61.1757402893084,62.0059892663695,60.2379394179126,65.6932672361889,62.1692112783599,61.6471930909301,65.9980143456506,60.1395877945134,60.3746623791395,60.3787627298708,59.401557492124,121.413683219996,77.8974358553224,63.0136007239381,106.981164220576,107.548497202404,107.392438819496,105.105645573081,101.775695477647,111.876548089661,99.5623545720087,104.46792519597,103.462357147124,71.0255966218808,68.2718523445218,108.743521089744,60.0173405204901,73.9369861172425,47.5549026476408
77.0261169946969,78.5801914424672,80.5050683397922,71.0360088658157,76.2511846939114,80.7037578273487,79.7472099780836,78.0211451016851,33.0999894099723,0,104.637116478415,45.995820699366,47.1569746864479,43.5452959875256,99.0219606147045,86.7684258013584,68.8677197112991,71.134120071189,69.5512157767887,66.5694680178392,60.8461727669198,62.607726069963,62.0910960157939,104.22379628501,119.625102498581,148.722044955321,99.0865175067082,101.079249707111,83.3096123671805,61.7815824796139,64.3990413426975,64.9337576539955,103.273427657807,62.7983602329748,80.608981562612,84.3281771085416,42.3436951963397,100.640825675565,98.8386877545009,98.9172611398614,111.57294866,115.796804499965,118.714575281475,118.871370404768,104.886103500547,108.147328975305,108.683880582208,107.461357524887,104.576611806075,103.586703289289,106.15987268323,63.9843564362205,63.5132466111863,64.3398236130184,62.588688655302,68.0020872650476,64.4812271483519,63.9644397041635,68.1956700711763,62.4285760166995,62.6574691273877,62.6677870164846,61.6838237816387,123.790370091939,80.067569021275,65.0073340840009,109.101640894965,109.669765077022,109.513292696557,107.226016373777,103.88066410101,113.981634747185,101.669929407556,106.575739522633,105.564770487654,73.1059191229667,70.3474745710927,110.845961624488,62.1655938218717,76.184366564181,50.7333499950474
97.6860485751388,100.224813312797,100.542910900805,93.2950100342138,99.4141640285746,100.139281199022,98.599108045892,98.6345259351585,102.53097735799,104.637116478415,0,97.6130901743834,99.1594428239643,99.1688351091135,90.5158806770901,74.1884345425262,95.5016895833136,97.7642236370548,96.6300304793553,92.8394081931858,77.3985095498256,77.0525073168189,77.40887329369,106.27960133678,88.6715516261185,113.728588481828,110.540709732122,110.201851583105,81.0226934790068,97.6570987928835,99.8433132262356,107.631507827593,74.1739944855023,74.7541089263609,69.3379831246758,74.8923478969366,91.6675342078311,49.7103860974527,48.2977727324014,45.0269582419446,60.3986222269418,62.4219308183264,67.0311547175834,64.8530791722329,37.2203806652041,44.0647323191152,39.1901736949394,42.3168594940286,33.9715757724522,36.8232714851634,43.1806320514648,86.0178715140832,85.2584208907736,85.649173396081,86.0856544541085,85.8953913242982,82.8876137405695,83.0863228163556,83.8625735519217,79.0541683432291,78.886733585423,79.7807674550444,78.4182366550194,155.085280694573,99.5034365589233,83.526113026535,57.3923718007315,59.0277492987588,58.4300377022579,55.6233107071335,38.4917525109877,50.4097547819052,32.7585871014432,39.1108582097436,43.3370007182521,83.8838056056585,80.0684903752346,99.4703125397273,74.6656552621819,89.9825807162761,99.4292523331155
69.2120773412645,70.7976181129288,72.8427095980525,63.077633326307,68.3081362364486,73.1791820291678,72.3400608104286,70.5260034548785,43.6162527411812,45.995820699366,97.6130901743834,0,26.0980335089708,32.8126122343434,91.7600302309293,79.6186680257234,59.5620586197696,61.7766049534599,60.1418887634914,57.2875094609374,52.6908642665204,54.5681018576267,54.0170802520035,97.6986542882724,112.396509939465,141.525365288239,92.8954990941531,94.7732885842084,75.8253377455658,56.9031035558675,59.4288253299556,61.2555578164819,96.0873861627361,54.8959360780677,73.4914174787245,77.2146080979962,25.4578063016136,93.5679315732238,91.7611872576542,91.8457474876659,104.529810746733,108.755063123712,111.678768880372,111.836556261449,97.8471061499745,101.097419787863,101.641560127258,100.415769826053,97.533933896319,96.5434958489457,99.1056592908538,55.2653062876304,54.8440690379139,55.6852298480151,53.7328752168214,59.6285124149663,56.0889373221381,55.5231796807791,60.8885936814496,54.3406861286136,54.628635532129,54.6101891938408,53.6887311195126,113.535862001018,73.1201590121217,58.8214538284989,102.00148431768,102.565307672795,102.411113311828,100.126490980447,96.8632299344673,106.963722460116,94.6386618683293,99.5432759325503,98.5607943492176,66.3932230162957,63.6444942790504,103.879869290568,55.1105515210614,68.4289000789508,46.0161343988139
70.7182075609901,72.2957243529306,74.3451916468748,64.5809194751737,69.8037436236005,74.6791410771595,73.8388191970354,72.017452638007,44.3300391603431,47.1569746864479,99.1594428239643,26.0980335089708,0,32.8611058368799,93.3004634712674,81.1593002639546,61.2374145359457,63.4662192797899,61.8363762755912,58.9637316267336,54.2449419249148,56.118920239104,55.5680286407772,99.2449995522097,113.941544003022,143.07044836999,94.4480039796107,96.321954511686,77.3677889971014,58.3525441569856,60.8662867542909,62.7916926001389,97.6318375254459,56.4425553325143,75.0314723880705,78.7539957240157,29.386148713179,95.1135007939039,93.3067164747454,93.3913901414498,106.075657955053,110.300967583926,113.224706180343,113.382548892203,99.3932219796954,102.643389540854,103.187650467136,101.961793389844,99.080027381165,98.08955853801,100.651576959794,56.8692618475319,56.4410492544995,57.2837037853111,55.3486939488544,61.2040208246349,57.6643419793464,57.1016338885504,62.3999920443922,55.8875538853785,56.1718966258902,56.1519952201618,55.2269999762539,115.382771455743,74.605292378437,60.3440731602388,103.546985915721,104.1107760684,103.956595261138,101.671989319611,98.4096008486928,108.510066079716,96.1848769385272,101.089466413466,100.107332569928,67.9180033919195,65.1716184145365,105.421242260572,56.6277663671331,69.9623995798668,46.6535589422955
71.0392120584537,72.6110547722612,74.6155514070414,64.9541594379259,70.1765612392592,74.9029377683488,74.0222552929958,72.2368508178454,40.8037099339948,43.5452959875256,99.1688351091135,32.8126122343434,32.8611058368799,0,93.4006668682416,81.2189540200707,61.9841769757598,64.222808016019,62.6085784112845,59.7014829648241,54.655766584199,56.4906821264988,55.951937392675,99.0751783429023,114.025900958049,143.143244955939,94.1531842109727,96.0717303913212,77.5464311901435,57.7212907972795,60.2746517634768,61.7402786356654,97.7013310394117,56.76815522502,75.0800351250928,78.8016922731509,31.8149071478564,95.1412057557055,93.3361180318218,93.4185332392447,106.092387129453,110.317142860522,113.238712285358,113.396148540489,99.4082220962511,102.662453586471,103.203871603897,101.979251501756,99.0963747183316,98.1061238169131,100.672239207515,57.450109194551,57.0083399125852,57.8449611385209,55.9709747473112,61.6793029704378,58.1463314953489,57.5991678665619,62.5390125067635,56.278939897348,56.5446145939615,56.5358106300763,55.5909207588075,116.36304276254,74.637541457629,60.076590238267,103.584586714764,104.149957589289,103.994942993876,101.70936514088,98.4165998315302,108.51726157059,96.1970019419497,101.102044394093,100.109331084253,67.8350005125004,65.0830825915502,105.414156364747,56.6729883326933,70.2445060922854,46.3371283598632
89.9816039669455,92.672644180325,92.8924971593251,85.6870543397274,91.9268758068129,92.5502344212279,91.0712211374046,91.2106475666977,96.8670397292833,99.0219606147045,90.5158806770901,91.7600302309293,93.3004634712674,93.4006668682416,0,60.7639201777754,88.0229719804284,90.2814082856376,89.1820313484442,85.3310177341356,68.9936965171684,68.39958170272,68.8453115462832,106.60870851232,103.677445413784,132.715119238139,109.167395191144,109.015639799227,66.9399725815799,92.6657758413027,94.8074346030642,102.580132624216,85.5377302653696,65.719959695427,59.3293024184229,64.2764235386358,85.7248134502351,85.2018161625825,83.3212285553419,83.6000243747461,96.7095539258669,101.013980616258,104.025750834358,104.255154562522,90.3824481953046,93.3929312665786,94.1302808918692,92.8005910390458,90.0262156535597,88.9908560346959,91.3148821709345,78.1840245431863,77.3985031380714,77.7599663673,78.3667309254561,77.762832893189,74.7681498920191,75.0159979293363,76.0743592146409,70.6113943374432,70.376196014197,71.3879224347884,69.9728076169929,147.938010891444,92.6450632434588,79.0675197050401,93.5593506447722,94.0748947207229,93.9380902193486,91.6751393693947,89.8399670362323,99.9087462059256,87.3386729494084,92.2063570334803,91.834445140673,78.3546870758,74.8168701248456,98.5366258476103,67.0631267286449,81.0325958404448,93.6451022613831
78.4953626661231,81.1145450389221,81.3103589170669,74.2184182757861,80.402463319687,80.8679562042604,79.2928285320906,79.4724725838146,84.6332037055105,86.7684258013584,74.1884345425262,79.6186680257234,81.1593002639546,81.2189540200707,60.7639201777754,0,76.721063682707,78.9877413312431,77.866166811871,74.0500133481857,58.2128865761612,57.7912208950321,58.1545816337062,91.6807896514407,89.3918814883494,117.983560880039,95.1405187650863,94.815079709571,60.590366219815,80.0725188697824,82.2232209669929,90.0691019867562,70.3010010427809,55.3458487879622,32.2108151890098,40.078163429043,73.62616957343,68.9192060487973,67.075581880612,67.3677157612962,80.2185073604461,84.5553247498537,87.5065770104578,87.7723013252669,74.0758671345028,77.1237455745362,77.8525578217515,76.5127946049033,73.7570499381066,72.7016757397642,75.0657885016636,67.1065996532214,66.3315246374146,66.7247488539203,67.2066677274894,66.9358049763954,63.9037013032888,64.1045478611814,64.2287716111428,59.7722132083079,59.5328089449984,60.4628074975329,59.0317914793709,136.463073420338,80.4385957140646,65.8711943947406,77.6654037475982,78.2197919662547,78.0585723214778,75.7677135759829,73.4330014711226,83.4856870259427,71.0019857740879,75.8660501398386,75.3775123687433,64.9112439923841,61.158182588239,79.9544058185482,54.7399435901916,70.1695152243149,81.4453799801314
64.3555260042083,66.5861478987711,68.8191288934442,57.9447972801347,63.7678553181821,69.9017609498606,69.6760208779467,67.8279735798435,66.4974340679074,68.8677197112991,95.5016895833136,59.5620586197696,61.2374145359457,61.9841769757598,88.0229719804284,76.721063682707,0,28.4170470812811,21.6390486137569,20.965328289324,41.6939199309213,44.5664872908518,43.810911256752,99.3118568863525,108.73335454597,138.109539871141,96.7872165970439,97.9073207806735,70.3141253198337,68.2571506463089,70.4525195496051,76.302809138935,92.7769425038259,46.1482815059322,70.8548755310061,74.6297406416486,52.6490897851425,91.1007774829519,89.2595013933772,89.3870611620718,102.284945960147,106.519353374516,109.488015249406,109.651895299496,95.6265405161597,98.7965483903535,99.3959769818825,98.1468222833213,95.2854840607194,94.2918505732027,96.7729442418176,34.6741743100257,35.490896980314,36.242393443086,30.440963700599,44.7559358823298,41.1297011790696,39.9059493331341,58.1545043400585,44.5294351868031,45.5113236699914,45.5126847070307,45.2691716772626,94.4232728982613,73.3550316492762,63.007662686072,99.3243798132571,99.8557725676722,99.7188868538991,97.4544094596322,94.8022782095656,104.899832537035,92.4751053860538,97.3711646005457,96.5991618459255,67.0526273823782,64.3208251445788,102.345836749147,53.6690249550336,61.7368602595119,63.5060824941908
66.8188427367195,69.0640802137014,71.2581489177351,60.4547296574466,66.2918832479372,72.3206073063736,72.0784534116417,70.2606311902114,68.7673831887446,71.134120071189,97.7642236370548,61.7766049534599,63.4662192797899,64.222808016019,90.2814082856376,78.9877413312431,28.4170470812811,0,22.2056722138242,17.8055566426593,43.8945502718749,46.7586678530178,46.0180702566794,101.614147629679,110.976256083369,140.356021908903,99.0992873204589,100.217735620012,72.5451868583088,70.5898702041624,72.7883337557127,78.6122382235803,95.0269269209782,48.358469472506,73.1258110807646,76.9029644965558,54.830729077613,93.3600627077199,91.5183868597782,91.6462876721515,104.546734831731,108.781140860349,111.75035886326,111.914199916501,97.8880602602928,101.057260577718,101.657198040591,100.407865562041,97.5466564206042,96.5530497553973,99.0333221211638,35.9104497033986,37.1153059714186,37.4959865454187,32.1014903957688,46.5079786111335,42.9361268357409,41.6882851505795,60.5151085040307,46.8082779090414,47.8072789782263,47.8398136413832,47.6053166435875,89.7818405778373,75.7287240342933,65.3364365566824,101.580756268504,102.111755704018,101.975091046113,99.7108691805258,97.0654782760963,107.163050683176,94.7372085298789,99.6332023100181,98.8633811702556,69.3724608591718,66.6377052231134,104.625793769569,55.9990345177164,64.0499832059784,65.8253767258934
65.6007224463566,67.8205460990214,70.0391029486025,59.2085829606875,65.0210482701205,71.099895881299,70.8564976533781,69.016899836664,67.1807429004059,69.5512157767887,96.6300304793553,60.1418887634914,61.8363762755912,62.6085784112845,89.1820313484442,77.866166811871,21.6390486137569,22.2056722138242,0,17.992725283381,42.9859764056484,45.8322499187331,45.087298880175,100.379656696189,109.885653119362,139.258168928081,97.8135354986753,98.9478117927748,71.4992980142034,69.1393053384653,71.340965824393,77.1154139741533,93.924668568349,47.3933893215547,71.9961908180163,75.7707719538089,53.1725197196705,92.2350192742681,90.3942889234534,90.521118484815,103.415651203142,107.649879642919,110.617841965194,110.781590835483,96.7566860809645,99.9280020972739,100.526514957863,99.2777591962391,96.4160623481915,95.4224998341732,97.9049121297145,35.7792621263334,36.7395871579247,37.3271035511102,31.7955819722808,45.9480855911338,42.347873738199,41.1298842506409,59.3252971071727,45.8250024259698,46.7973783263156,46.8100734213187,46.5541376446822,90.9894007499106,74.4667839893401,64.0312377763744,100.461782640169,100.993681761168,100.856529439659,98.5917411709812,95.9298474719744,106.027464719985,93.6043255244353,98.5005306634635,97.7251192657568,68.1434235852159,65.410519736156,103.468332244445,54.8044020895523,62.9755664360633,64.2552010275464
61.8337998883129,64.0903758655486,66.2892343113138,55.4629389021893,61.3111764911963,67.3658236383255,67.1350870343009,65.3157181276708,64.2033476327368,66.5694680178392,92.8394081931858,57.2875094609374,58.9637316267336,59.7014829648241,85.3310177341356,74.0500133481857,20.965328289324,17.8055566426593,17.992725283381,0,38.8243386654507,41.7095141849425,40.9624409205845,96.7448232153612,106.028866976523,135.41218241926,94.2651188115938,95.3718358210368,67.5691640643546,65.8755029027982,68.0693886719164,73.9502742283808,90.0843809073983,43.3297309765378,68.1918467833696,71.9696025012561,50.382124244183,88.429942736155,86.587760264073,86.7163076768468,99.6198840010046,103.854434763202,106.824309284095,106.988250273436,92.9616192315988,96.1296295182112,96.7303909179895,95.4807065826333,92.6198087820531,91.6261489566139,94.1052205801656,30.8001959059913,31.9460211758667,32.4345975524419,26.7107972931572,41.4518177202644,37.8628939393387,36.6029794906811,55.5723188417898,41.748998930823,42.7590366943832,42.7876426489557,42.5651122444972,89.1655994100116,70.8359163454208,60.507257140277,96.6476063700199,97.1781321582331,97.0417191287739,94.7777903129183,92.141395487389,102.238919867198,89.8116113277002,94.7074763424965,93.9407686471448,64.4874567217677,61.7530986025632,99.7085465594758,51.0796879112036,59.0438603231555,61.2156679308057
48.704442157345,51.6445603942708,52.9884926089804,43.341782609213,49.8143517763922,53.9624742396393,53.6594692348924,52.5381354860566,58.5531051472923,60.8461727669198,77.3985095498256,52.6908642665204,54.2449419249148,54.655766584199,68.9936965171684,58.2128865761612,41.6939199309213,43.8945502718749,42.9859764056484,38.8243386654507,0,17.6364006546162,14.3844219875568,83.3613877125556,89.7648367986687,119.27942958611,82.0206982527609,82.7728034355328,50.1568966025584,57.3086313708496,59.4366488893282,66.3758569660885,74.005912291454,22.4187083392452,52.5132010031886,56.3278933601669,46.3106400728257,72.8019470343139,70.9413800778609,71.0924981883118,84.1102890466485,88.3494041662799,91.3434101759446,91.5102610178227,77.463363188523,80.5889730118661,81.2188080488949,79.9569305257284,77.1066650221581,76.1114636076662,78.547719104603,29.8544287315204,28.811902076249,29.1528859862052,30.7014421150429,28.5899856582459,24.9253113985314,25.1623397572929,41.1134291732334,18.9665049172242,21.7443783126934,23.0951459110377,23.7546709911372,103.168173915229,58.1482746753938,48.6937208173389,80.907419402463,81.4207310198449,81.2935165682466,79.0402932907333,76.7276827276759,86.8238214281233,74.3434843923048,79.2348918955136,78.5796516660738,50.9258200596147,48.1538181685058,84.6440994513635,36.6858443283894,41.1864779720303,55.1862392057367
50.3219259650596,53.3265870703663,54.3951715886741,45.2530390571902,51.7610012681368,55.1919901246237,54.7464705169321,53.8734361879389,60.3307356736099,62.607726069963,77.0525073168189,54.5681018576267,56.118920239104,56.4906821264988,68.39958170272,57.7912208950321,44.5664872908518,46.7586678530178,45.8322499187331,41.7095141849425,17.6364006546162,0,13.6491968364008,83.6752236200474,89.1466846328415,118.706142408022,82.6208764678532,83.2931144828659,49.1332159176825,58.7007737168798,60.8256336533339,67.8910884478454,73.4570156532604,18.8942058722822,52.1526187695288,55.9882813282351,48.2331197815066,72.3985828921566,70.5320412959053,70.6898957022699,83.7451768074698,87.9853440344554,90.9873545448143,91.1547074217916,77.0997293355768,80.2120511026167,80.8508124467238,79.5853384638776,76.7381027198493,75.7426494659355,78.1654633264267,32.9337834296954,31.9840074964146,32.209162012063,33.7588748810288,31.1116880187412,27.8376077424762,28.2959506401177,41.7872001044246,22.0710553586028,23.2279374590607,25.3305733929441,25.1653168861552,105.807989405784,59.0721490391635,49.4727265259853,80.4659103748314,80.9735815632907,80.84942045564,78.5997449482959,76.3908569017886,86.486759349358,73.9893332672623,78.8794266572307,78.2594093006889,51.3305512256511,48.529009289412,84.4733135789212,37.0404850919662,41.0814738961859,56.9704422114141
49.6772021502858,52.6870982746573,53.8335561750765,44.5336702625111,51.0519979830505,54.7058701747403,54.3241701172246,53.3697224370801,59.8084782695779,62.0910960157939,77.40887329369,54.0170802520035,55.5680286407772,55.951937392675,68.8453115462832,58.1545816337062,43.810911256752,46.0180702566794,45.087298880175,40.9624409205845,14.3844219875568,13.6491968364008,0,83.694381312509,89.6560535948327,119.189112316113,82.5196895144026,83.2231387154357,49.8203886286822,58.2992827542621,60.4241664963648,67.4529962939872,73.920351351956,20.736161804038,52.4820029287704,56.3027203101961,47.6693072874144,72.7840981193286,70.9208077565429,71.0753815282381,84.110076360203,88.3499227041959,91.3475073705525,91.5148412019583,77.4651116059756,80.5843781957862,81.2185917089496,79.9548548684939,77.1062279724753,76.110759194852,78.5406136597761,32.2163391995164,31.2348527172472,31.5307673996861,32.9924984625861,30.7766217736554,27.3474673814263,27.6887295003165,41.5194269370824,19.7678525692303,21.6326723965423,23.9000532855007,24.1102956718769,105.104715486265,58.7670864148893,49.2829483249331,80.8734324852926,81.3842285719639,81.2583474571819,79.0066780068697,76.7420516015069,86.8379647845858,74.3497348249377,79.2404646822095,78.6019003371983,51.274133053233,48.4896039218586,84.7144825477451,36.9606458773591,40.9199323129991,56.4412955635164
100.77963519866,103.012901269608,103.293565288678,96.4158017070567,102.295312600589,102.536913062189,100.662681184696,100.762962375706,102.203983578469,104.22379628501,106.27960133678,97.6986542882724,99.2449995522097,99.0751783429023,106.60870851232,91.6807896514407,99.3118568863525,101.614147629679,100.379656696189,96.7448232153612,83.3613877125556,83.6752236200474,83.694381312509,0,125.524846186243,153.957207157487,97.6572167695738,93.7213137841035,95.2627346037142,95.648613003716,97.8701611443261,106.059160455582,108.337481154057,82.1352055251686,84.8487060276809,88.6333264217753,91.9425376425658,103.263705770258,101.561598315839,101.519193101472,113.539059550283,117.743605480457,120.521761455759,120.66950615505,106.823400728076,110.309101811673,110.693995548154,109.533337022089,106.595821693601,105.611340255394,108.411212685367,90.8389569967912,90.118352708663,90.6663412755429,90.5283063722596,91.9091342896934,88.6831688819036,88.65365279969,85.9172495398883,84.7016934555735,84.4781624010496,85.0613769011717,83.6115700577271,158.129901191307,99.7785473622928,77.9423638657273,112.316215527823,112.974389765457,112.770071379266,110.427024173329,105.360746061263,115.464040722498,103.446905976425,108.374908050374,106.756021122489,79.2154830688209,74.4908995873826,110.402815274053,75.4501026589479,95.3410083537783,99.2454422708685
111.334362937923,113.979405122608,114.343004219031,106.904330110323,113.108590576971,114.092947542225,112.695686297184,112.670039345056,117.481656038411,119.625102498581,88.6715516261185,112.396509939465,113.941544003022,114.025900958049,103.677445413784,89.3918814883494,108.73335454597,110.976256083369,109.885653119362,106.028866976523,89.7648367986687,89.1466846328415,89.6560535948327,125.524846186243,0,83.9263646817171,128.656901340908,128.485195975595,90.9678699593605,113.225340694298,115.3883000008,123.088380905785,81.4617408646922,86.5718718092983,85.0817203458926,90.6117867942558,106.372778996402,81.5414682354145,79.0986804599632,79.1971656287767,96.1261023027172,100.124111017965,103.938846467555,103.821476549328,87.7599927972082,89.9408488016848,90.9948476766353,89.7310359068276,86.7488893820422,86.0032055787612,87.4559089722649,98.8111384402608,98.038964551213,98.3533727179449,99.0480650533504,98.1335386639302,95.2422987951562,95.5498675452139,98.0580691889194,91.6078136318278,91.4961243977064,92.5166067945323,91.2207062659841,168.634343608938,114.227489863974,99.8348616274293,82.3299118382846,81.9756801966588,82.4169058289276,80.7996595410743,89.1810417124717,99.4054657270712,85.3575128542767,90.2340398203052,92.2271598165891,99.9681792135825,96.3622293567465,118.041031496446,89.4413712714226,102.89258961437,114.30772537294
140.624916873908,143.253842641828,143.605791461957,136.205170616402,142.396543708007,143.327754914857,141.904491177101,141.893842132954,146.58422180292,148.722044955321,113.728588481828,141.525365288239,143.07044836999,143.143244955939,132.715119238139,117.983560880039,138.109539871141,140.356021908903,139.258168928081,135.41218241926,119.27942958611,118.706142408022,119.189112316113,153.957207157487,83.9263646817171,0,157.277524208245,157.074404858027,120.786683026282,142.229315822966,144.3952215877,152.112723182941,110.208092785819,116.174127173674,113.634608037127,119.216460422039,135.513863608134,106.7631082281,104.216440078904,104.079488269739,121.853623908715,125.743394299751,129.718255106446,129.489807713781,112.73149066446,114.75730868869,115.798343519191,114.631911744828,111.490966516864,110.893604870109,112.176054925709,128.260108013556,127.489648044566,127.817567241133,128.468367027671,127.67854010335,124.76592478692,125.054423514133,127.239897748933,121.086547853699,120.962820117309,121.96242193021,120.652737186089,197.959870809068,143.333795201941,128.705014244525,104.019905658482,103.20482553196,104.015641917817,102.785438298731,114.588813824055,124.867059566424,110.464831748406,115.363499990773,117.838714433731,128.836191872624,125.194498189733,146.312348678476,118.51330496873,132.292661027665,143.420221308493
98.5963025738141,100.640239593623,101.101965414886,94.0685404183211,99.7929226541342,100.337991407368,98.4625260505913,98.3340230781852,97.1322161784249,99.0865175067082,110.540709732122,92.8954990941531,94.4480039796107,94.1531842109727,109.167395191144,95.1405187650863,96.7872165970439,99.0992873204589,97.8135354986753,94.2651188115938,82.0206982527609,82.6208764678532,82.5196895144026,97.6572167695738,128.656901340908,157.277524208245,0,79.0172542374956,96.52096369312,89.4679942019903,91.7442623921967,100.10295232376,111.732937065193,81.4290026712844,88.5437563211772,92.2918455072769,87.2643618327715,107.316825345714,105.587074989327,105.5694423019,117.776829526819,121.978396740895,124.801280654658,124.942437643104,111.024480194903,114.457573097208,114.874427245088,113.703589473851,110.772683985877,109.791355320452,112.537778810899,88.8340589406891,88.1433287607782,88.7494694887773,88.3471316432584,90.4120799462305,87.1196289022572,86.999923811075,84.2554886145911,83.3368989729067,83.1597811774479,83.6134084867274,82.203710899565,155.142020981375,96.8720643052462,70.4550405449363,116.193164733955,116.827622599671,116.636278085499,114.308321070056,109.678030608645,119.785982225041,107.686503005246,112.61111599713,111.147609978111,78.3422781350649,74.4211707283921,116.049835490214,74.3275229869238,94.358080394792,94.3226027365442
99.5212725978068,101.621176255711,102.005090123014,95.0642146753462,100.836233208166,101.217804047945,99.3173515201235,99.2874858449981,99.1001355227034,101.079249707111,110.201851583105,94.7732885842084,96.321954511686,96.0717303913212,109.015639799227,94.815079709571,97.9073207806735,100.217735620012,98.9478117927748,95.3718358210368,82.7728034355328,83.2931144828659,83.2231387154357,93.7213137841035,128.485195975595,157.074404858027,79.0172542374956,0,96.6520801870755,91.7771142911947,94.0243996392468,102.381656225304,111.504017647291,82.0044557516688,88.1557451807413,91.892375708877,89.0992349071446,106.997447471438,105.271624009208,105.252098597226,117.431481017379,121.634752349739,124.450633754365,124.594073395942,110.691030137154,114.13013852083,114.544001834456,113.373525316393,110.442939051804,109.460425389926,112.21303147746,89.7932014237714,89.0923234414423,89.6827172492153,89.358771259137,91.2243798513652,87.9487620141128,87.8543538764731,84.9001576843893,84.084810706166,83.8877921974807,84.3761260862737,82.946963353269,156.414733056977,97.8568005981817,72.4202688618202,115.902770981929,116.540626124368,116.347326454445,114.017108461584,109.329892482194,119.436479097386,107.348488270269,112.273173230547,110.790170953053,77.9841807017442,73.7552922926294,115.341547740834,74.6847859182465,94.9541153052464,96.2234450324802
73.0975405609901,75.9080191247462,76.2784349983865,68.6719328534205,75.0057935406664,76.2100211950062,74.9875009082882,74.9290071629195,81.1185680912901,83.3096123671805,81.0226934790068,75.8253377455658,77.3677889971014,77.5464311901435,66.9399725815799,60.590366219815,70.3141253198337,72.5451868583088,71.4992980142034,67.5691640643546,50.1568966025584,49.1332159176825,49.8203886286822,95.2627346037142,90.9678699593605,120.786683026282,96.52096369312,96.6520801870755,0,77.645966090737,79.7786475623883,87.3663111003625,75.1282413941746,45.9239893573487,56.2292297624557,60.6237515917472,69.7046217877968,75.7329073925496,73.8078938970357,74.0492378844326,87.4691358607185,91.7275589273553,94.8087645334117,94.9884543048485,80.8800233424055,83.8534398279027,84.590229734962,83.2814463557498,80.4736941844851,79.4696145327974,81.752611639015,59.9366651594565,59.1354741503715,59.4006860052391,60.3319142448585,58.8205545417372,55.9616467667393,56.3470954057459,60.3870897440924,52.0610739292634,51.9238269817719,53.1273336700821,51.8352592041223,130.595651280976,77.4081615125552,65.3128402027576,83.5081642651551,83.9669374791545,83.8674300811082,81.6467581375116,80.4467728387541,90.5373594080311,77.8678545433282,82.7424887281439,82.4899083762207,65.3393944830517,62.1108376016896,91.0423586983574,52.588257857415,63.2206438988882,77.8485359868482
