9.9991E-05 0.0931921 0.0142158 0.10755 0.784942
9.999E-05 0.145729 0.0211911 0.050628 0.782352
0.0345827 0.0691418 0.033408 0.148297 0.714571
0.0207258 0.128499 0.0186105 0.0413883 0.790776
0.0535979 9.9991E-05 0.0132021 0.00519853 0.927902
0.0695238 0.0609563 9.9982E-05 9.9982E-05 0.86932
0.00852867 0.248164 9.9991E-05 0.133634 0.609573
9.9982E-05 0.211627 0.0417942 9.9982E-05 0.746379
0.11036 0.0178146 0.012154 0.150282 0.709389
9.999E-05 0.286691 0.0322994 0.158443 0.522467
0.070832 0.473283 0.0582975 0.101343 0.296244
0.0110606 0.286069 0.0150968 0.231202 0.456572
0.0279645 0.814683 0.0595043 0.0599541 0.0378942
0.0726562 0.201763 9.9991E-05 0.199831 0.52565
0.0851014 9.9991E-05 0.0327388 0.215074 0.666986
9.9982E-05 0.269983 9.9982E-05 0.134041 0.595776
0.04322 0.0531848 0.0038464 0.205538 0.694211
9.9982E-05 9.9982E-05 0.0265198 0.0455421 0.927738
0.134018 0.167823 0.0544353 0.547115 0.0966083
9.9982E-05 0.206212 9.9982E-05 0.69988 0.0937078
9.999E-05 0.058742 0.0196719 0.75845 0.163036
0.00788242 0.0757666 0.0130816 0.858861 0.0444085
9.9982E-05 0.0570407 0.0467916 0.895968 9.9982E-05
0.0013177 9.9991E-05 0.0433778 0.804711 0.150494
9.9982E-05 0.138455 9.9982E-05 0.6931 0.168245
9.9982E-05 9.9982E-05 0.0125962 0.936918 0.0502861
0.0438037 9.9982E-05 0.0343679 0.921628 9.9982E-05
0.0654741 9.9982E-05 0.0395873 0.894739 9.9982E-05
0.0365645 9.9982E-05 9.9982E-05 0.920911 0.0423241
0.0823169 0.0507998 9.9991E-05 0.866577 0.000205993
0.0510576 9.9991E-05 0.00103859 0.888057 0.0597468
0.0549661 0.00712097 0.0266716 0.839063 0.0721785
0.0110451 0.0114752 0.0551624 0.893177 0.0291404
9.9991E-05 0.315529 0.0569808 0.203636 0.423755
0.0501444 9.9982E-05 9.9982E-05 0.246406 0.703249
0.0593943 0.111089 0.00470437 0.102076 0.722737
9.9991E-05 0.225981 0.0345948 0.0584432 0.680881
0.0564311 0.260655 0.029798 0.12965 0.523466
9.997E-05 9.997E-05 0.9996 9.997E-05 9.997E-05
9.9982E-05 0.207454 0.00678123 0.785565 9.9982E-05
0.143481 9.9982E-05 9.9982E-05 0.142065 0.714255
9.9982E-05 0.247742 9.9982E-05 0.104394 0.647664
0.136531 0.220869 0.00751586 0.324184 0.310901
0.142483 0.583777 0.0484928 0.0926713 0.132576
9.9973E-05 0.966801 0.0328995 9.9973E-05 9.9973E-05
9.997E-05 9.997E-05 0.9996 9.997E-05 9.997E-05
9.9991E-05 0.312423 0.0908514 0.178453 0.418172
0.0426325 0.595304 9.9991E-05 0.173154 0.18881
0.103549 0.0951234 0.0349871 0.338317 0.428023
0.739395 0.203762 0.0218458 0.0182953 0.0167018
0.78512 0.183329 0.0313515 9.9982E-05 9.9982E-05
0.810997 9.9982E-05 9.9982E-05 0.0135801 0.175222
0.746566 0.12262 0.0454645 9.9991E-05 0.0852488
0.855241 9.9991E-05 0.0429436 0.0734075 0.0283078
0.871513 9.9982E-05 9.9982E-05 0.11911 0.00917688
0.781115 9.9973E-05 9.9973E-05 9.9973E-05 0.218585
0.811839 0.123249 0.0131974 0.0516152 9.9991E-05
0.889785 9.9982E-05 0.0296204 0.0803943 9.9982E-05
0.802686 9.9982E-05 0.0337392 9.9982E-05 0.163375
0.63186 0.165176 0.0342695 9.9991E-05 0.168594
0.864596 0.0346394 9.9982E-05 0.100564 9.9982E-05
0.736074 0.0506527 0.00628461 0.116399 0.0905898
0.368952 0.540029 0.0656192 0.000634033 0.0247661
0.0158453 0.0123543 0.0317782 0.852841 0.0871808
0.0112446 9.9991E-05 0.0384914 0.761859 0.188305
9.9991E-05 0.0179781 0.00785073 0.856572 0.117499
0.702137 0.20416 0.00171511 0.00812965 0.0838584
0.49751 0.439962 0.0623277 9.9982E-05 9.9982E-05
0.722622 0.150797 0.0270378 0.0479213 0.0516221
0.687255 0.251126 0.0530671 0.00845175 9.9991E-05
0.827028 9.9991E-05 0.0616754 0.0116691 0.099527
0.127397 0.680077 9.9982E-05 9.9982E-05 0.192326
0.072122 0.739306 0.023802 0.00620838 0.158562
0.0122065 0.982591 9.9982E-05 0.00500232 9.9982E-05
9.9973E-05 0.968946 0.030754 9.9973E-05 9.9973E-05
9.9982E-05 0.860773 0.0557219 0.0833048 9.9982E-05
9.9973E-05 0.967565 0.0321346 9.9973E-05 9.9973E-05
0.00379605 0.772094 0.0258626 0.0982886 0.0999587
0.645519 0.288688 9.9982E-05 9.9982E-05 0.0655929
0.455196 0.205546 0.165472 9.9991E-05 0.173686
0.782722 0.0543076 0.00565528 0.0947864 0.0625287
0.791076 0.0609106 0.0416791 0.106234 9.9991E-05
0.72378 0.00548951 0.0293307 9.9991E-05 0.2413
0.0215463 0.195906 0.0455634 0.70273 0.0342545
0.30696 0.495038 9.9991E-05 0.111416 0.0864856
0.126114 0.873586 9.9973E-05 9.9973E-05 9.9973E-05
9.997E-05 9.997E-05 0.9996 9.997E-05 9.997E-05
9.9991E-05 0.170601 0.000603978 0.13856 0.690135
9.9991E-05 0.0194069 0.0454708 0.144908 0.790114
9.9991E-05 0.24914 0.0384578 0.200246 0.512056
0.0888516 0.256204 0.0541815 0.22232 0.378442
0.0403196 0.120875 9.9991E-05 0.102358 0.736348
0.135524 0.82194 0.012808 0.0296283 9.9991E-05
9.9991E-05 0.238143 0.0357459 0.585878 0.140133
0.154 0.674288 0.08766 9.9991E-05 0.0839515
0.0495481 0.401685 0.0219719 0.350949 0.175846
9.9982E-05 9.9982E-05 0.00160455 0.14248 0.855715
9.9982E-05 0.340689 9.9982E-05 0.1086 0.550511
9.9982E-05 0.269546 9.9982E-05 0.151388 0.578866
0.00926653 0.334256 0.0143483 9.9991E-05 0.642029
9.9982E-05 0.500024 9.9982E-05 0.0203383 0.479438
9.9982E-05 0.247716 9.9982E-05 0.101623 0.650461
0.216839 0.668553 0.0376897 0.0617027 0.0152149
0.177514 0.590627 0.0763277 0.107081 0.0484503
0.216578 0.56445 0.0930284 0.0134271 0.112517
9.9991E-05 0.669637 0.0114147 0.280061 0.0387869
0.122959 0.470093 9.9991E-05 0.137307 0.269541
0.059982 0.054937 0.00990412 0.45946 0.415717
0.783183 9.9982E-05 0.0249704 9.9982E-05 0.191646
0.733669 0.221454 0.0196235 9.9991E-05 0.0251532
0.186601 0.639371 9.9982E-05 0.173829 9.9982E-05
0.154062 0.547285 0.037447 0.148796 0.112409
0.140669 0.478246 0.0493685 0.308289 0.0234273
9.9973E-05 0.281881 9.9973E-05 0.717819 9.9973E-05
0.653884 0.287504 0.0584123 9.9982E-05 9.9982E-05
0.715088 0.252402 9.9991E-05 0.0177808 0.0146301
0.491282 0.455102 9.9982E-05 9.9982E-05 0.0534153
0.0452728 0.0436494 0.0608582 0.500148 0.350072
0.0857753 9.9991E-05 0.00708429 0.196429 0.710611
0.0482856 0.200954 0.0320493 0.0126698 0.706041
0.0805343 0.0675363 9.9991E-05 0.0138497 0.83798
0.0131464 9.9982E-05 9.9982E-05 0.409677 0.576976
0.00278604 0.069621 0.01547 0.162118 0.750005
0.0436777 0.0304341 9.9991E-05 0.137704 0.788084
0.105988 9.9982E-05 0.0016134 9.9982E-05 0.892199
0.0317764 0.0636927 9.9991E-05 0.403894 0.500537
0.000774182 0.125097 9.99947E-05 0.12821 0.745819
9.9991E-05 0.180312 0.0238846 0.204167 0.591536
9.9982E-05 0.270416 0.0282046 9.9982E-05 0.701179
0.0598496 0.219053 0.00283956 0.244401 0.473857
0.0567593 0.123902 0.0610096 0.0225858 0.735743
9.9991E-05 0.318336 0.0316121 0.266859 0.383093
0.0236475 0.162181 9.9991E-05 0.044481 0.769591
9.9973E-05 0.188513 9.9973E-05 0.811187 9.9973E-05
9.9973E-05 0.063031 9.9973E-05 0.936669 9.9973E-05
9.9982E-05 9.9982E-05 0.0221354 0.948993 0.0286716
0.0530737 0.0615461 0.0115701 0.804001 0.0698096
0.0369428 0.0536687 0.0212426 0.809995 0.0781507
0.0332884 0.379945 0.0141741 9.9991E-05 0.572493
9.9991E-05 0.232405 0.0206124 0.1392 0.607682
0.964304 0.0256761 0.00982019 9.9982E-05 9.9982E-05
0.805817 0.0619951 0.0396987 0.0550031 0.0374861
0.87048 9.9991E-05 0.00380232 0.0494432 0.0761741
0.667653 0.281013 9.9982E-05 0.0511347 9.9982E-05
0.888567 9.9982E-05 0.0415515 9.9982E-05 0.0696812
0.835495 0.0236212 0.0121632 0.128621 9.9991E-05
0.903443 9.9982E-05 0.0315492 9.9982E-05 0.0648079
0.814296 0.0974478 9.9982E-05 0.088056 9.9982E-05
0.84033 0.0588211 9.9982E-05 0.100649 9.9982E-05
0.868452 0.0270023 0.02223 0.0822163 9.9991E-05
0.823926 0.138123 0.0377518 9.9982E-05 9.9982E-05
0.774004 9.9991E-05 0.0654164 0.0119348 0.148545
0.791988 0.0197803 9.9991E-05 0.0600944 0.128038
0.899095 9.9991E-05 0.0305651 0.0618876 0.00835194
0.873077 0.0846298 9.9982E-05 0.0420928 9.9982E-05
0.86965 9.9982E-05 0.0340251 9.9982E-05 0.0961245
0.893913 0.000522156 0.0196968 0.0767994 0.00906888
0.125345 0.751912 0.00695393 9.9991E-05 0.115689
9.9982E-05 0.879745 9.9982E-05 0.00600136 0.114053
0.854703 0.0800539 9.9982E-05 9.9982E-05 0.065043
0.682485 0.117573 0.016131 0.027994 0.155817
0.890724 0.108976 9.9973E-05 9.9973E-05 9.9973E-05
0.152226 0.72257 9.9982E-05 9.9982E-05 0.125005
0.0134753 9.9982E-05 0.0358493 9.9982E-05 0.950475
9.9991E-05 0.0713362 0.01122 0.18877 0.728573
0.0388254 0.166435 9.9991E-05 0.442459 0.35218
9.9991E-05 0.0904085 0.00126183 0.611132 0.297098
9.9973E-05 0.219287 9.9973E-05 0.780413 9.9973E-05
0.0263529 0.0388454 9.9991E-05 0.899687 0.0350147
0.00965782 9.9991E-05 0.00754758 0.818462 0.164233
9.9991E-05 0.124115 0.0179776 0.795872 0.0619357
0.0390583 0.157775 0.0283799 0.774687 9.9991E-05
0.0861198 9.9991E-05 0.047064 0.775659 0.0910574
9.9982E-05 0.0903817 9.9982E-05 0.0855311 0.823887
0.0440608 0.0667495 0.0729676 0.0642184 0.752004
0.0070371 0.271478 0.0276044 9.9991E-05 0.69378
9.99731E-05 0.371118 9.99731E-05 9.99731E-05 0.628582
9.9973E-05 0.319674 9.9973E-05 9.9973E-05 0.680026
9.9973E-05 0.421343 9.9973E-05 9.9973E-05 0.578357
9.9991E-05 0.265095 0.00972883 0.250921 0.474155
0.0525372 0.193815 0.02159 0.15489 0.577168
0.0131033 0.209091 0.0348192 0.0627968 0.680189
0.0398763 0.226675 0.000710766 0.147098 0.58564
0.0186304 0.164909 0.0517323 0.0894312 0.675297
0.114051 9.9991E-05 0.153053 0.6831 0.0496953
0.73498 0.204671 0.0239827 0.0248432 0.0115231
0.795315 0.0530912 0.0474963 0.103997 9.9991E-05
0.826693 0.143195 9.9982E-05 0.0299119 9.9982E-05
0.737113 0.0651333 0.00480777 0.0158492 0.177097
0.794481 9.9991E-05 0.0445282 0.0161326 0.144758
0.103611 0.203227 0.0251334 0.309726 0.358302
0.00284259 0.195932 0.00838466 0.227877 0.564964
9.9991E-05 0.00464792 0.0675631 0.163989 0.763699
9.9991E-05 0.228533 0.0452025 0.237823 0.488341
