0,20.0778210716816,21.8290884901968,20.6148471773805,26.8108077066143,27.4169776876928,30.6073034110485,26.0072475351879,40.4898643987233,40.0146756813903,69.6940309400828,44.5576162694691,42.8249809494433,42.0937890380076,51.5874196725677,47.5921599879471,39.7795584989815,38.6601755914876,38.5059445281787,40.3031362901658,32.3466445911953,30.6480612476459,31.0579482995116,55.9187140972259,66.4118831532053,85.754685153777,65.7405751160866,67.6686977447476,40.8649905201262,39.6445270337014,39.4979896431539,45.1451682267265,53.9319187480176,41.9864416333664,44.9979756862062,44.5091667262519,48.1668765640606,64.8037862886553,59.4135806037664,58.2879465284121,66.50533208784,70.8116471501895,70.8810785214048,70.355005015223,64.1433993450775,63.095474585454,63.2230029308329,65.0350544509009,63.7772446453246,60.8788485812973,62.4820240905568,40.1759223472707,44.5273929116536,37.9835025850323,39.8526657962552,35.9368065261894,37.2012430343384,36.851568008886,27.7207924133332,34.1213906891081,30.7229631439672,31.0192862457963,27.0419153894951,55.7366944307532,37.0597807929073,39.5207953054729,70.7635773157386,74.3030363728856,67.1193545589052,63.8073976345211,65.2186112580823,67.53951615049,64.3166363484987,68.7831311364156,77.4474975874812,36.4702606896684,37.1006216267589,80.1296546889608,33.2686023777053,35.128350858789,41.6216883957582
20.0778210716816,0,23.7139508068107,19.0854241671697,22.8544397409455,27.8482002559072,30.6863385314799,24.5344383292855,40.1438804343118,39.6696887123965,70.2008774569805,44.2311135596385,42.4940099950435,41.7580529464841,52.1917285603937,48.1636572898891,39.7749218166734,38.7054240403813,38.5110650447577,40.3488351080254,33.1362529471832,31.4994911779909,31.916699477598,56.1816487681058,66.9857157137148,86.3188176439659,65.8529579492258,67.8314153877209,41.5197450292967,39.3041134336866,39.152084430026,44.8060678654832,54.5012281281292,42.8419898444592,45.5573754212384,45.068437136154,47.8532999286074,65.3327220544559,59.944668082195,58.8166853856629,67.0212147690829,71.3270009225118,71.3944366953771,70.8678314327212,64.6597387074063,63.6153941290528,63.7408047190205,65.5536146728611,64.2955867952898,61.3965568314485,63.0031957855946,40.5187432766436,44.9007983421602,38.3754078726889,40.054900221408,36.4905400351874,37.759101226156,37.3884155347284,28.5965539629108,35.0606460116947,31.7486607995156,32.0561792776933,28.1870461737817,55.7110101680282,36.8550379808532,39.5004318297353,71.3012715954256,74.8424527173222,67.6578538845084,64.3451901411773,65.7248451758241,68.0459336441139,64.8298882710932,69.2966232386798,77.9445460397491,36.7418647244531,37.3898216522516,80.6231619842527,33.7481846491292,36.2979419869366,41.2514410473449
21.8290884901968,23.7139508068107,0,26.7699491928429,30.5570188961235,23.4166967827313,29.3506408834553,23.5370798791596,42.6605840475518,42.1762328247153,71.5505692995774,46.8069537751137,45.0674161154203,44.3067947388532,53.4511304131374,49.4232045136419,42.3710645620243,41.2413702854223,41.0898639939752,42.8885902945524,34.9072835535623,33.1245549807097,33.5604126149752,57.5971988525985,68.3330279315867,87.6629323325089,67.4198563341457,69.3388719025392,42.8342575651311,41.5322575112591,41.3769300919751,47.1353499168445,55.8342402312756,44.3163661490899,46.8073416321667,46.3081200264286,50.4525936438391,66.6739643436902,61.2856097082088,60.1586520185974,68.3645757519327,72.6710340059124,72.7384723328369,72.212603510812,66.0058117932603,64.9603998526139,65.0866572851042,66.8989780301,65.6413877748586,62.7422759495777,64.3478723839449,42.7591233363273,47.1202811658596,40.555912558158,42.4589583478933,38.4556236134763,39.7415783606211,39.4115357201956,28.5394388227177,36.7245046097004,33.2910818609959,33.6948764042621,29.6577080393791,58.2883738845827,38.0095313432566,41.1178751202888,72.6432496710047,76.1842845214012,68.9996741928861,65.6870097373216,67.0732109539276,69.39404348415,66.176767389642,70.6432593923356,79.2957625961269,38.0107706755623,38.6601191388237,81.9057412573436,34.6135566042885,37.2110355261477,43.7846402693912
20.6148471773805,19.0854241671697,26.7699491928429,0,19.6371398577147,29.2545266637805,31.2524434471313,26.5752382050931,38.2283620144488,37.7653907378555,68.6412589300378,42.2167018975271,40.4883655761308,39.7893068347591,50.6244901415612,46.626937063132,37.3498139160274,36.3023202560971,36.097854213074,37.940057714785,30.9018311815234,29.3675558579386,29.7607050986859,54.7958759708857,65.3632822789237,84.7088792767726,64.4739389174306,66.4583408722386,39.8528431454248,37.7343676256369,37.5941366086484,43.1110935590172,52.8969783362833,40.8547331374725,44.0409597526695,43.5617220487387,45.7930756462724,63.7597044884933,58.3698512477075,57.2431716201057,65.4588295080203,69.7644925619861,69.8338569455852,69.3070707412193,63.0943474528172,62.0475450867928,62.1742054290446,63.9867438703284,62.7285127452752,59.8301745591522,61.4344452860684,38.1612859154625,42.5376454559523,36.039399909033,37.6442573100547,34.243578189903,35.4902574590077,35.0942021007818,27.8112522178406,32.8262415012856,29.5776396057687,29.7818800690923,26.0124389101015,53.3368650093639,36.220471742264,38.2134057044608,69.7190591370237,73.2587079896518,66.0750104993049,62.7630336589353,64.1670712891061,66.4882236225442,63.2667248315036,67.7334568986835,76.3929702068661,35.4811027794602,36.1109320250792,79.1389387422309,32.6308266453188,34.6024987369626,39.348544423207
26.8108077066143,22.8544397409455,30.5570188961235,19.6371398577147,0,32.2252035330903,33.9439482021056,28.8989068116469,40.1546970683794,39.6940555103717,71.272594723734,44.14782923641,42.4165476873846,41.7179521475798,53.3256704048205,49.3054132318892,39.521086053047,38.517594857337,38.2780451475529,40.155529101046,33.751945179554,32.2563549508036,32.6572177708696,57.25627395281,68.0423123333992,87.381047186161,66.8228974898244,68.8454690135671,42.5889618885236,39.7129241364005,39.5703308839626,45.0717338279296,55.5729303747183,43.7396556725008,46.7112669115083,46.2321438686443,47.7301043211757,66.406889034702,61.018567779809,59.8902020706803,68.0967188176765,72.4019915446911,72.4699431115593,71.9427628273346,65.732497229262,64.6882569098876,64.8133970054442,66.6264840096928,65.3680886881065,62.4693027482098,64.0760522341744,40.6341613340713,45.0378946905515,38.5542569829181,39.9959030661485,36.8949736277128,38.1465727913025,37.7339437101847,30.7130634148845,35.797750147349,32.6054345537862,32.8367849412403,29.1294204062391,55.49298476011,38.5021302081308,40.4773638186078,72.3724511510067,75.9133265765597,68.7289772292474,65.41649786806,66.7980079083381,69.1192967522838,65.9026678174581,70.3695758561666,79.0173342297316,37.9602278178815,38.6008581288023,81.7628628152022,35.2653447664381,37.6811999846476,41.2549712697565
27.4169776876928,27.8482002559072,23.4166967827313,29.2545266637805,32.2252035330903,0,23.4001491372313,21.3210644200723,42.4842252520059,41.9910502697216,71.0533817169262,46.7034309708331,44.9577259698271,44.1696256655452,52.964697344808,48.9017035590822,42.5761195086338,41.4380908776761,41.288468392155,43.0890063169098,35.1080867909056,33.2563735411004,33.7167105219972,56.9112903444474,67.9025748656015,87.2192552461796,66.7369787405434,68.6451410150891,42.456702465959,41.0834355661008,40.9201721293203,46.7856582031629,55.3848202231679,44.3108845495106,46.2630332489365,45.7530996857629,50.382458550288,66.1910314028876,60.804599677376,59.676252994444,67.8702720391479,72.1768699223609,72.242239697528,71.7165737805121,65.5147581029385,64.4719652014869,64.5968935118442,66.4095002941321,65.1521310318188,62.252278952448,63.8603988166906,42.9617929178811,47.332000568804,40.7499630498192,42.6793613721978,38.6048967428043,39.9106844324069,39.5977488129973,26.8756408896018,36.9773897141162,33.5262183189973,34.0218841367444,29.9529131262345,58.4584066556667,36.4704499362058,40.3484462354737,72.1701227207358,75.712788737416,68.5272195498586,65.2138241896147,66.574025526951,68.8947857373797,65.6833380674901,70.1498302358221,78.7899685083952,37.1708889396487,37.8417554936578,81.3249547388669,33.5506472545258,37.0321757288036,43.6036469069831
30.6073034110485,30.6863385314799,29.3506408834553,31.2524434471313,33.9439482021056,23.4001491372313,0,23.4736138827032,42.6731113935657,42.1720694113628,70.8921408018317,46.953182039119,45.2026753737245,44.3912762290391,52.8123419708452,48.7162646276778,43.0641072995334,41.9172047882094,41.7708748136505,43.5710535982743,35.5670888850725,33.6599626745053,34.1409238241076,56.577234078694,67.8014644316057,87.1061513877004,66.4161219293582,68.3096299088284,42.4049922534108,41.0310848283251,40.8617362668826,46.8210995910337,55.2663820034103,44.5973533900012,46.0560760633713,45.5360204793005,50.6596317648071,66.0424140729928,60.657715259589,59.5281424488521,67.7114113511719,72.0181603395997,72.0816515503394,71.5561968921934,65.3589443884776,64.3184878195047,64.4422410988892,66.2550900224715,64.9979361722425,62.0974105354461,63.7077809057214,43.4328772692785,47.809226341429,41.2120393440184,43.1705000484799,39.0235248317828,40.3459611334425,40.0479902328727,25.5699571642789,37.4809968298668,34.0199192818239,34.5865464235521,30.4997224349108,58.9191803520027,35.2271206624915,39.9496480739527,72.030394853863,75.5745299513464,68.3880947559495,65.0740393994075,66.4109179947631,68.7316025212891,65.5253993144403,69.9918826104026,78.6209665615114,36.6757999066021,37.3686980401628,81.0842731054489,32.8114774618741,37.2125681936577,43.7923325935537
26.0072475351879,24.5344383292855,23.5370798791596,26.5752382050931,28.8989068116469,21.3210644200723,23.4736138827032,0,40.0789542344854,39.5868202078523,69.6333718847431,44.3193579473217,42.5689997468729,41.7756000691202,51.6574531985736,47.5676243883076,40.5073124065886,39.4156683550513,39.2286453840322,41.0670082505238,33.7670636278465,31.9962805844729,32.4543441826065,55.260551141224,66.539647149969,85.8492711142995,64.9043841360704,66.8758416292024,41.1708305956159,38.6813289358707,38.510626028513,44.3882371704324,54.0229400287672,43.1053606573829,44.9224873993443,44.41621107555,48.0120219650305,64.7924826809676,59.4079601675007,58.2772879228435,66.4600386104448,70.7659593487175,70.8296542293557,70.3032864339465,64.1039667708141,63.0645476333049,63.1874056952715,65.0008182786421,63.7431145217012,60.8427588421173,62.454145895694,41.2169934313607,45.613295335861,39.0522395551606,40.8020806325435,37.0682015731135,38.3716934399538,38.0345522662913,26.5828819515954,35.7496596531474,32.382206201312,32.8485256336938,28.8867160921057,56.3687953568501,34.1915162994707,38.3650012825093,70.7786696369734,74.3228317467512,67.1364966371886,63.8225081353227,65.1539603229589,67.4749632543555,64.2696768931333,68.7364547580029,77.3612070555447,35.574497661894,36.2612043296649,79.9176681420208,32.3158244343532,36.2347428409799,41.1716101275121
40.4898643987233,40.1438804343118,42.6605840475518,38.2283620144488,40.1546970683794,42.4842252520059,42.6731113935657,40.0789542344854,0,10.9132173572361,73.7801050606282,25.6709310954123,23.3654221155357,19.7558291061287,56.6863714146715,52.4413350727606,38.1730314138336,37.392927662199,36.8385538102115,39.1360111615325,38.8326871244913,37.4688524549883,37.9561121933225,57.945187240931,71.1237774055239,90.3820606408225,65.9974628382826,68.5944692342653,46.2903511286626,32.0391996965052,32.2957056995135,33.00614903696,58.6228918552254,48.8030017278842,49.7787533074482,49.3140869871247,31.8453471655563,69.1118069110711,63.7418338898067,62.5924342463131,70.6902755987275,74.9900121868308,75.041567123134,74.50869426524,68.3251130307867,67.3123733515647,67.4185300223349,69.2387199722168,67.9778055481632,65.0738750015853,66.7111170088939,42.5234213653823,47.2767535677861,40.7963086898309,40.8669952993603,40.2927836546866,41.6418188241736,41.134955506917,37.024418659779,41.7486971479487,38.8197230383281,39.386076010985,35.8782509561218,52.8260748886898,42.3557474373635,39.6398622225897,75.1501828219363,78.7058205147363,71.513695825449,68.1952188928648,69.3031152893955,71.6264097218543,68.4683153018312,72.9376439733853,81.4417203502026,39.6268214684534,40.2942166224158,84.314585160668,38.9045745285214,43.9145964181088,25.2828230105503
40.0146756813903,39.6696887123965,42.1762328247153,37.7653907378555,39.6940555103717,41.9910502697216,42.1720694113628,39.5868202078523,10.9132173572361,0,73.2328234353506,25.4558620993817,23.3225034084228,19.54394494795,56.1578210057292,51.9064718808854,37.8114240551356,37.0241758966371,36.4758966533271,38.7670881649264,38.3765072365852,37.0044234183335,37.4930932505218,57.3501547066459,70.5938972654119,89.8494640727582,65.3682434539165,67.9783572362248,45.7756310512698,31.3108858708568,31.5855067631705,32.0739418935713,58.0908841627257,48.326587810764,49.2413271980071,48.7764016121847,31.5685115045959,68.5699371589149,63.2005002415366,62.0505341520188,70.1451763954624,74.4447907444752,74.4958499135847,73.9628542278553,67.7801690338583,66.7683122884964,66.8739509270668,68.6943228331927,67.433362167637,64.5292696658279,66.1673657332068,42.1132232068372,46.8627123011097,40.379792418134,40.4744598378535,39.8539480166445,41.2040324287834,40.7006145100146,36.5131315745031,41.2861997920228,38.3528140783042,38.9220269335361,35.4095805004626,52.4656241172535,41.8189640102534,39.0247637078579,74.6105868279139,78.1666648063252,70.9743014864654,67.6556411387939,68.7556743735611,71.0790126700731,67.9226080744982,72.3919937714481,80.892027507718,39.0549974950038,39.7227421563924,83.7644516012808,38.3633344622955,43.4255753507438,25.1707201179274
69.6940309400828,70.2008774569805,71.5505692995774,68.6412589300378,71.272594723734,71.0533817169262,70.8921408018317,69.6333718847431,73.7801050606282,73.2328234353506,0,78.2269732918066,76.4796042731613,75.5866682322634,63.4910954417222,57.7069065750542,73.9371061380402,72.5065885829838,72.5650847701586,74.1783739171487,64.2138922294197,61.6717061463046,62.5589071622312,73.2773537521934,62.3288179904216,78.4883843013969,87.2274121915702,88.1893827498296,55.2056150789307,71.3058517836598,71.2171416513476,77.1510344943542,51.4543022777928,70.7224935848331,56.1431135351686,56.9327142845273,81.990090825578,46.0644269878116,41.061729026158,37.5499994770602,47.1607442782748,49.9415944970588,51.1617259830273,48.9567981349363,32.5110775298008,33.9684784584515,30.6917165069807,35.249322471533,30.6862293040253,29.7292194700613,34.0684633681256,72.6296713806651,77.0138168593714,70.0796884244016,73.1754756914379,66.4582586455813,68.1971581726582,68.28149941442,62.9196014353642,67.34865108737,64.2139412504401,65.5095044258801,61.7597757824783,89.7413814497827,71.3856079331008,67.359564603664,51.3589460730117,55.9204705027698,48.3289148843867,44.7085323550313,37.2686749052687,40.5788967181344,31.9866935768301,37.980755374816,51.5793560614425,61.5050378821814,61.3377861021956,89.299212268165,62.1977106184023,67.6160459392412,75.0799268228865
44.5576162694691,44.2311135596385,46.8069537751137,42.2167018975271,44.14782923641,46.7034309708331,46.953182039119,44.3193579473217,25.6709310954123,25.4558620993817,78.2269732918066,0,15.874202388427,21.1907488115892,61.016679477787,56.820059171818,40.7495678397807,39.9835754663238,39.3832089341274,41.754326034515,42.5620371021464,41.2771319469353,41.7548172565031,62.7526099153212,75.4443624773504,94.7232703313359,71.0281180133161,73.54364119886,50.5052108367245,37.989341984877,38.170516556278,39.8024890299939,62.9624473792139,52.716365525369,54.1797370035752,53.7197206822658,26.1637399619265,73.5215048941463,68.1476829017308,67.0021419972601,75.1230969163752,79.4235226208467,79.4787340268587,78.9465328665593,72.7559376628959,71.7370375583513,71.8467406440463,73.6657441883441,72.4050351003363,69.5023196368493,71.1336060188581,45.6935150867839,50.5048468941999,44.0379544166943,43.841579865496,43.7912073569771,45.1367832111036,44.5958135298365,41.3354396717213,45.5664168635313,42.6856923732126,43.2378788699983,39.7771401524065,55.024611297879,46.9512519918089,44.6873343977283,79.5430278354335,83.0954890081005,75.9051100400741,72.5879729438189,73.7516031636409,76.0746585913368,72.9045019654479,77.3734884473755,85.9059044425985,44.342734083468,45.000029803981,88.804772516721,43.419303381657,47.9869295148292,31.7861168524481
42.8249809494433,42.4940099950435,45.0674161154203,40.4883655761308,42.4165476873846,44.9577259698271,45.2026753737245,42.5689997468729,23.3654221155357,23.3225034084228,76.4796042731613,15.874202388427,0,18.6780588651324,59.277479666518,55.076556525718,39.2197123679785,38.4614428567777,37.8632833307343,40.2252446437965,40.8800095860233,39.5866033030344,40.0649246934619,60.973783826012,73.707777622521,92.9848429971915,69.2327320641763,71.7539473964959,48.7771510808983,36.1135229880858,36.2965250141299,37.9041035254028,61.2239229665422,51.0153713423638,52.4340381680218,51.9733856119517,27.0376906963675,71.7771260118638,66.4036286291756,65.2577803779884,73.3767738354379,77.6771575967685,77.7320524856532,77.1998126799582,71.0098585714896,69.991462690101,70.1008815314085,71.9199748183103,70.6592593225671,67.7564368587695,69.3882104092584,44.0855189048115,48.8879208568295,42.4210109913399,42.2573005042741,42.1413926652808,43.4865745254198,42.9494100525379,39.587171787337,43.8719778445672,40.9855031062672,41.5378075404373,38.0718254779922,53.5926894055668,45.1719433796903,42.8823261907318,77.8001174593222,81.3528481535482,74.1623189306114,70.8450666893074,72.0040572596568,74.3271263909721,71.1579807525931,75.6269903456456,84.1570756333694,42.5656028787413,43.2243178618754,87.0518208541009,41.6564841012005,46.265364059764,29.5966812844927
42.0937890380076,41.7580529464841,44.3067947388532,39.7893068347591,41.7179521475798,44.1696256655452,44.3912762290391,41.7756000691202,19.7558291061287,19.54394494795,75.5866682322634,21.1907488115892,18.6780588651324,0,58.4312544984272,54.2119924897565,38.9869947670235,38.2146577871391,37.635898172232,39.9722637439012,40.2572303304256,38.935448092077,39.4175750172291,59.943752302266,72.8632985204744,92.1325423387472,68.1145191342796,70.6683584276851,47.9737246136495,34.6627146982988,34.8792023764451,36.0844549556903,60.3725245193224,50.325634096866,51.5612916156965,51.0991319583178,29.3794402199554,70.8986650347744,65.5266489075546,64.3792945360868,72.4894074625756,76.7895069704389,76.8430044412237,76.3104849070206,70.1231714635706,69.1071644403833,69.2152009900934,71.0347629908538,69.7739556559784,66.8706708752207,68.5047542143336,43.6514767418067,48.4354409213932,41.9623272173917,41.8912988027943,41.595016052129,42.9421418670631,42.4171335592531,38.7593503946469,43.2200629272839,40.3167666340228,40.8754254309221,37.3927093751699,53.4410768426149,44.2437094742967,41.7690081112163,76.9280882344938,80.4820397319102,73.2908420395755,69.9730765525773,71.1105458563702,73.4337146218883,70.2692182108855,74.7383662825984,83.2574758531329,41.5781654319231,42.240037642926,86.1445074241766,40.7485822130821,45.5218104791102,28.173038789999
51.5874196725677,52.1917285603937,53.4511304131374,50.6244901415612,53.3256704048205,52.964697344808,52.8123419708452,51.6574531985736,56.6863714146715,56.1578210057292,63.4910954417222,61.016679477787,59.277479666518,58.4312544984272,0,34.7694270316629,56.1661438882751,54.7059200815441,54.7919860241833,56.3746377866909,45.8139296035605,43.1498823534144,44.0574897478211,60.2068362015732,59.3067363678428,78.5206874704078,73.2828213727636,74.3434531038815,34.1418123545201,54.5781819175674,54.4676543086526,60.3931192112079,45.7111668432408,51.9311978396034,35.3400318501514,35.7175622978698,64.7268456286867,57.8050181030258,52.3602660103362,51.3307941635569,59.8661242961052,64.2110624170068,64.3245306422422,63.8390406905652,57.6087348606097,56.4458637128943,56.6514662258418,58.4269525433829,57.1937391565504,54.3027707731732,55.7943600193712,54.604810692299,58.9632934922241,52.0220346435222,55.245775240728,48.2957134133823,50.0202248618532,50.1160891391186,44.6161845370551,48.8756906187092,45.6876811021772,47.0511592617683,43.2561823338621,72.0157676959406,53.6923621858157,50.840900534057,63.6806408361903,67.1890614783416,60.0156978512209,56.7123665870167,58.9822110288328,61.2900737892434,57.8760849523657,62.3278761623547,71.5185786706568,44.354936727868,44.2746783146721,75.2299726535348,43.9823467552174,48.7001013131362,57.9557732564305
47.5921599879471,48.1636572898891,49.4232045136419,46.626937063132,49.3054132318892,48.9017035590822,48.7162646276778,47.5676243883076,52.4413350727606,51.9064718808854,57.7069065750542,56.820059171818,55.076556525718,54.2119924897565,34.7694270316629,0,52.2591956168228,50.827260613782,50.8900508605918,52.4964258866204,42.2415611313681,39.6350732374388,40.5126220814706,54.6986218440325,54.6695353946121,73.6207830328338,68.156364902072,69.1289703464279,32.9998514051908,50.168497692989,50.0595027122901,56.0260097593932,40.7553199006448,48.5716935892178,23.0115362174396,24.9741358965046,60.5531258141492,52.1233406080356,46.7127458353717,45.6773636991022,53.9926048430822,58.3574124951408,58.4269611861792,57.9642486721903,51.8691757788498,50.7360628449905,50.9333665614656,52.7037442544744,51.4848185824653,48.5769266573848,50.0969243002443,50.900088470793,55.2665328683162,48.3506172129623,51.4549814785573,44.758568053959,46.4562950207165,46.5216760511538,40.511805274505,45.2374293634598,42.0349032193781,43.3510106734443,39.5414556757427,68.089926251522,49.3964167569219,46.1499468663733,58.2125634156597,61.7495541869161,54.557785015382,51.2404890997154,53.1283610519009,55.4288226629248,52.1059842979885,56.5522153369887,65.5973314235158,39.451530329574,39.2891334179294,67.5047805528229,39.5567183498048,45.0011268763039,53.7126724333135
39.7795584989815,39.7749218166734,42.3710645620243,37.3498139160274,39.521086053047,42.5761195086338,43.0641072995334,40.5073124065886,38.1730314138336,37.8114240551356,73.9371061380402,40.7495678397807,39.2197123679785,38.9869947670235,56.1661438882751,52.2591956168228,0,18.0100919463223,14.5452031450544,17.6185973441725,33.8947393617917,33.2002407953211,33.6517655417443,60.5739685630563,70.4078332309668,89.8142160503461,69.9749921858142,72.0965738625496,44.8933399336384,41.2279421313272,41.1966105211456,45.4383696106141,58.0604496835086,45.3414881370101,49.7666552453036,49.3493765372607,43.5569488323877,69.0239900829173,63.6277335051612,62.503531570953,70.7599212093527,75.0633588225259,75.1403654367013,74.6109645776477,68.3764413179038,67.3225859554394,67.4520349762373,69.2647670335544,68.004571587533,65.1092240831451,66.7067350774782,30.8987258163986,36.4994590985776,30.03669804739,26.7119124626091,32.469478965354,33.8778248919413,33.0527388423236,37.220428180048,37.9034202854203,35.4392565912346,36.0574224387065,32.9520942142371,38.8032517357603,44.6416694460176,44.0154587435803,74.9441213053051,78.477929486381,71.2979439832144,67.9887715962966,69.4736128903019,71.7956687382481,68.5556319682027,73.0229786247019,81.7168165272689,41.9445085749605,42.519107621649,84.8828402643729,40.13056626265,42.1474928447655,39.7785410226469
38.6601755914876,38.7054240403813,41.2413702854223,36.3023202560971,38.517594857337,41.4380908776761,41.9172047882094,39.4156683550513,37.392927662199,37.0241758966371,72.5065885829838,39.9835754663238,38.4614428567777,38.2146577871391,54.7059200815441,50.827260613782,18.0100919463223,0,12.1937085592275,11.8790569576092,32.0916193195827,31.4547280604289,31.9181597799805,59.3441013590089,68.901901901267,88.3222751738697,68.8216985683958,70.9190186545069,43.3429528209472,40.3228677056423,40.2893147514154,44.575420459125,56.572734039829,43.6592421372688,48.3520591100364,47.9418743128059,42.7881276015815,67.574868377955,62.1764186356122,61.0540812101207,69.3238376975144,73.6273811969529,73.7066052267502,73.1772695055296,66.9378849948751,65.8807911424188,66.0119962416271,67.8242367284673,66.5639620402134,63.6693894147414,65.2637746232181,27.7382730807428,33.741113268947,26.9053830209346,24.0434473694468,29.9361324917893,31.4291757742363,30.592868519994,35.9929616741678,36.3057512879935,33.8984948525441,34.5695920370908,31.4997826717937,33.5600001434462,43.5436656300629,42.9235198365272,73.4844522278812,77.0164041565028,69.8374812650679,66.52912067383,68.0447038399746,70.366734680158,67.1199519383239,71.5872045639508,80.2961057658446,40.7381116333934,41.3024726388926,83.5088015591631,38.8976470900285,40.7381632695627,39.0179416725117
38.5059445281787,38.5110650447577,41.0898639939752,36.097854213074,38.2780451475529,41.288468392155,41.7708748136505,39.2286453840322,36.8385538102115,36.4758966533271,72.5650847701586,39.3832089341274,37.8632833307343,37.635898172232,54.7919860241833,50.8900508605918,14.5452031450544,12.1937085592275,0,13.5831784272068,32.4704733977958,31.783626059985,32.2397389953081,59.2370381767667,69.0218979971751,88.4309988637684,68.6477704342677,70.766668116863,43.5010853294859,39.9246414213251,39.8944487972117,44.126546566054,56.6784491554565,43.933494798366,48.4009598419525,47.98531308509,42.1670383654519,67.6488226282346,62.2521707258798,61.1282775183911,69.387091738647,73.6905254032387,73.7679421084479,73.2385275368353,67.0030589911672,65.9486417076926,66.0783859420563,67.8910442803684,66.630818662349,63.7356175618721,65.3325866265291,29.1356361621007,34.8724322712534,28.2537846750825,25.2562169428212,30.8386336632885,32.2784886390714,31.4577319730499,35.907166366208,36.528485457677,34.0753150182184,34.7094447705539,31.6092996842875,35.211339864558,43.3428873231162,42.7008984787848,73.5669726558263,77.1004418537644,69.9206538933956,66.6116321157115,68.1019356226546,70.4239957863326,67.1827537313179,71.6500915217069,80.3465564672096,40.6165871304415,41.1891910638315,83.5234383659359,38.805419756121,40.8029691734414,38.4675681389564
40.3031362901658,40.3488351080254,42.8885902945524,37.940057714785,40.155529101046,43.0890063169098,43.5710535982743,41.0670082505238,39.1360111615325,38.7670881649264,74.1783739171487,41.754326034515,40.2252446437965,39.9722637439012,56.3746377866909,52.4964258866204,17.6185973441725,11.8790569576092,13.5831784272068,0,33.7417586202923,33.1096546183412,33.5709209330228,61.0193312891939,70.573024418999,89.993406002522,70.5012296229363,72.5968752843198,45.0120309862873,42.0222089695957,41.9874238135713,46.287961902994,58.2435337208158,45.3185824802077,50.0211813427759,49.610794845476,44.5772989739282,69.2462514734508,63.8477745422654,62.7254829367453,70.9953926688203,75.2989565324926,75.3781995035024,74.8488856340131,68.6094979117032,67.5523458602014,67.6835903792567,69.4958124441408,68.2355499384356,65.340981333924,66.9353100085304,29.4028117916613,35.3502080956912,28.6283678113793,25.3279936164746,31.6473862427849,33.1222976030394,32.2755852837779,37.6496258156962,37.9501623718439,35.5438562516003,36.2104887560392,33.1427403929075,37.0279945962793,45.2095452626586,44.6026590272313,75.1557713960084,78.6877040510014,71.5087892772459,68.2004351447729,69.7164644201603,72.0384876657221,68.7916123942818,73.2588571702358,81.9680181460782,42.4098484701105,42.9741835507822,85.1792912360748,40.5629502887587,42.390258022234,40.7450396984161
32.3466445911953,33.1362529471832,34.9072835535623,30.9018311815234,33.751945179554,35.1080867909056,35.5670888850725,33.7670636278465,38.8326871244913,38.3765072365852,64.2138922294197,42.5620371021464,40.8800095860233,40.2572303304256,45.8139296035605,42.2415611313681,33.8947393617917,32.0916193195827,32.4704733977958,33.7417586202923,0,14.2474548536743,12.991920663268,53.1164309997757,59.9328044535159,79.4652464280355,63.6229141528589,65.3757292825568,33.696712252104,38.7533293572868,38.6502004091047,43.971631946531,47.7083553292874,29.8769008633567,39.9149950484977,39.5450906863404,45.9837967651312,59.088785502284,53.6696224820902,52.567308264929,60.9621176426719,65.2686125193537,65.3679577944706,64.8413838534425,58.5618877342905,57.4723603316317,57.6219721782664,59.4282912919306,58.1686434947565,55.2807955050558,56.8438390946187,29.6136698474999,33.5451788000753,26.7183522557046,31.3025805998359,22.4658707284954,23.4218509773727,23.3378501412377,28.6290040147939,20.7573819071992,20.0527045069119,21.8730083077334,19.5818906662414,50.0363844250675,38.3292129477489,38.367070726835,64.9063378614602,68.4212627707424,61.2517578805942,57.9506230785146,59.7627325521758,62.0837954613475,58.772331997086,63.2380135020156,72.0967874338203,34.5255494117629,34.9796506245141,75.5691321987802,31.9839248476975,30.3616788337354,40.1223698283068
30.6480612476459,31.4994911779909,33.1245549807097,29.3675558579386,32.2563549508036,33.2563735411004,33.6599626745053,31.9962805844729,37.4688524549883,37.0044234183335,61.6717061463046,41.2771319469353,39.5866033030344,38.935448092077,43.1498823534144,39.6350732374388,33.2002407953211,31.4547280604289,31.783626059985,33.1096546183412,14.2474548536743,0,8.67207770612334,50.8929288891098,57.3018944299248,76.847242124751,61.5477971625127,63.2533586393929,30.9037956806716,37.1392067828234,37.0318997111801,42.4379018030205,45.0825278527927,24.5785374761907,37.3329124880249,36.9683064639511,44.7380759357897,56.5182083202641,51.0961497075414,49.9968473072467,58.4090777409234,62.7161301180958,62.8182458941869,62.2922143373253,56.0075320630997,54.9133341131198,55.0656601880419,56.8710496673852,55.6116030230872,52.7246418722835,54.2831695029299,29.4133761615876,33.4863620049292,26.547230224534,30.9310375229761,22.1039479173054,23.372725745605,23.475495882048,26.5072889124264,19.6847938727525,17.542026274435,20.2867480131644,17.3729027434951,49.2915444298841,36.4217815288898,36.4116061457879,62.3237434504518,65.8363727926401,58.6680995351157,55.3679140184878,57.2217458170907,59.5426235732716,56.2220307857663,60.6874418677455,69.5677686817675,32.3408518095627,32.7730939753289,73.0725620419084,29.7604860818668,27.6246048067383,38.7472106463161
31.0579482995116,31.916699477598,33.5604126149752,29.7607050986859,32.6572177708696,33.7167105219972,34.1409238241076,32.4543441826065,37.9561121933225,37.4930932505218,62.5589071622312,41.7548172565031,40.0649246934619,39.4175750172291,44.0574897478211,40.5126220814706,33.6517655417443,31.9181597799805,32.2397389953081,33.5709209330228,12.991920663268,8.67207770612334,0,51.5967144967905,58.2585012640206,77.790821089875,62.2008761836197,63.9206356986039,31.9190941039082,37.6638766570603,37.5565408072404,42.9515114525344,46.0221523130478,26.4969003297083,38.1915691103287,37.8183819266726,45.2115575093471,57.4219342907824,52.0019019116947,50.9009542852364,59.3007783057389,63.6078086136372,63.7078358225723,63.1818288161726,56.901864041162,55.8105858106384,55.9613570784428,57.7671548550061,56.5078286098744,53.620133500514,55.1814779058467,29.912415936412,33.9573410669237,27.0695746266465,31.3929163555793,22.7904081119747,23.9755180713195,24.0050336916982,27.0338437141259,19.1775191623689,17.482526609472,20.3127765219683,17.5694879070424,49.7530219878674,36.9545407251809,37.0092228531102,63.23736499608,66.7517048477279,59.5824458238351,56.2815074844364,58.1072770592134,60.4281477849714,57.1137541682473,61.5792259631592,70.4459196156392,32.9986199371366,33.4409644195504,73.8959949422378,30.3871482187137,28.1895969487453,39.2332815760348
55.9187140972259,56.1816487681058,57.5971988525985,54.7958759708857,57.25627395281,56.9112903444474,56.577234078694,55.260551141224,57.945187240931,57.3501547066459,73.2773537521934,62.7526099153212,60.973783826012,59.943752302266,60.2068362015732,54.6986218440325,60.5739685630563,59.3441013590089,59.2370381767667,61.0193312891939,53.1164309997757,50.8929288891098,51.5967144967905,0,73.7528315834795,92.5240363517777,60.1842172943451,58.1980702942922,52.0387343660742,54.2056954560373,54.1312763930454,60.3894575487513,60.924740364257,60.7364983247358,51.596359278054,51.1909698812536,66.685422618061,69.5495930462699,64.2814540384065,63.0318149287366,70.5077456547415,74.7940591117051,74.7429640232407,74.198178178713,68.2214426222,67.3671453262442,67.3838223737921,69.2323792359394,67.9690509061692,65.0318497269877,66.822096628376,60.7037774059858,65.1399148985923,58.391808507793,60.6379624196361,55.7387508036528,57.2669611978053,57.1291052698102,48.7857315230067,55.7946851328472,52.557844830255,53.5690833349413,49.730160615087,76.23967365869,55.6997534522279,47.8134044973168,76.0210855619055,79.656966778638,72.4211919779506,69.06911838655,68.7333009339703,71.059738273204,68.2255233067098,72.7016498315051,80.4602275209271,42.1101578363666,41.4012681881775,82.7014288064256,46.7568738771238,55.6805030237574,59.2649210736673
66.4118831532053,66.9857157137148,68.3330279315867,65.3632822789237,68.0423123333992,67.9025748656015,67.8014644316057,66.539647149969,71.1237774055239,70.5938972654119,62.3288179904216,75.4443624773504,73.707777622521,72.8632985204744,59.3067363678428,54.6695353946121,70.4078332309668,68.901901901267,69.0218979971751,70.573024418999,59.9328044535159,57.3018944299248,58.2585012640206,73.7528315834795,0,49.3024649627231,87.0460199414819,88.1184575919109,48.8757942489625,69.0552589376978,68.9559562128313,74.8223413359727,44.3645460721129,66.1236648572616,53.5603144445636,54.3301194584217,79.1480086751469,55.1459665118909,49.269967027233,48.2130044558647,59.5126855446621,63.6575227920114,64.2677431828775,63.5592584614659,55.6394953326171,54.0320468598559,54.3505611428303,56.211850503898,54.7437577798256,52.1257681059601,53.1946355534416,68.5703034985275,72.9408340145532,65.9295945642584,69.3454328634952,61.9290822883481,63.7637832081569,63.9392916353092,59.8233285540608,63.2857129088263,60.2128753697675,61.6022261794229,57.9053389615941,86.2587509146616,68.6787156066799,65.5535265717474,56.7817199201524,59.6211270181156,52.9393749499115,49.9951780656197,58.6648154495485,61.0463928307105,56.3660340488244,60.8854951791264,72.2431451114034,59.6331766149831,59.5638603856327,89.1929833380783,59.5471748724876,63.8773850968413,72.411375424829
85.754685153777,86.3188176439659,87.6629323325089,84.7088792767726,87.381047186161,87.2192552461796,87.1061513877004,85.8492711142995,90.3820606408225,89.8494640727582,78.4883843013969,94.7232703313359,92.9848429971915,92.1325423387472,78.5206874704078,73.6207830328338,89.8142160503461,88.3222751738697,88.4309988637684,89.993406002522,79.4652464280355,76.847242124751,77.790821089875,92.5240363517777,49.3024649627231,0,105.932188082186,106.982269601837,68.6461924251821,88.2465078429485,88.1483340297604,94.0286357061868,63.0103942465681,85.7039851194907,72.4774310246615,73.2863272470116,98.4367142887672,71.3346244649912,65.3736301775725,64.1985240612975,76.1245344802213,80.2005404178371,80.9188974881749,80.1371522439918,71.689253442038,69.9964720899701,70.2912748034666,72.2214154710736,70.6282245051444,68.124215176623,69.1154633433602,88.0731782979821,92.4454138654948,85.4494135157622,88.8059718586231,81.5209803693713,83.335791860967,83.4934226787936,79.1199568840105,82.7716359751172,79.6843734164905,81.0575055238095,77.3482951945079,105.657589455651,87.9202474586435,84.6587545493748,70.8106440220014,73.2281588968708,66.9147686691735,64.2247028918029,75.125684118212,77.5335662075823,72.5264733210067,77.0786571117484,88.9071877535504,78.7175798389413,78.6300040793538,107.823330771295,78.7537117086918,83.2821166945303,91.6707487535031
65.7405751160866,65.8529579492258,67.4198563341457,64.4739389174306,66.8228974898244,66.7369787405434,66.4161219293582,64.9043841360704,65.9974628382826,65.3682434539165,87.2274121915702,71.0281180133161,69.2327320641763,68.1145191342796,73.2828213727636,68.156364902072,69.9749921858142,68.8216985683958,68.6477704342677,70.5012296229363,63.6229141528589,61.5477971625127,62.2008761836197,60.1842172943451,87.0460199414819,105.932188082186,0,57.8722127625175,64.5266793740818,61.4689345327215,61.4293264618666,67.8024378320372,74.312509154128,71.6942534254529,65.1999741199011,64.7747712260515,75.0629111333648,83.3499423306973,78.0585470689328,76.825284906819,84.4517966216616,88.7338404657777,88.7114696698052,88.1610056434862,82.1117761174809,81.2282234202475,81.2586819684322,83.1053672238815,81.8378149081433,78.9101134811638,80.6722823352265,70.7006950982648,75.1727480637068,68.4785312497417,70.3950389825242,66.1671585817996,67.6497350432126,67.4447730008892,59.034260729668,66.2638641692789,63.0506316603783,63.9602443576203,60.14838156247,85.5570862881294,65.0434330894789,54.5080397439937,89.7139153488067,93.3327690372829,86.1066961246621,82.7620817672297,82.7221292108644,85.0513254914665,82.1431567485148,86.6205581608079,94.528210805417,53.4145585993577,53.3524370732107,97.5780282185679,57.5095506371097,66.4279120299642,67.3636429917745
67.6686977447476,67.8314153877209,69.3388719025392,66.4583408722386,68.8454690135671,68.6451410150891,68.3096299088284,66.8758416292024,68.5944692342653,67.9783572362248,88.1893827498296,73.54364119886,71.7539473964959,70.6683584276851,74.3434531038815,69.1289703464279,72.0965738625496,70.9190186545069,70.766668116863,72.5968752843198,65.3757292825568,63.2533586393929,63.9206356986039,58.1980702942922,88.1184575919109,106.982269601837,57.8722127625175,0,65.7449863399831,64.3474751409672,64.2908250642006,70.6407757672028,75.3585187647408,73.3090561720609,66.1282650944349,65.6955044462308,77.5415220388784,84.3292785849834,79.0417565784238,77.8066347065955,85.4072954408178,89.6908928128985,89.6632412683131,89.1146708404332,83.0802407214638,82.2007589913531,82.2296973317855,84.0761559902074,82.8098724869471,79.8803573958458,81.6464105757228,72.6284848841319,77.0878548129578,70.3777952374089,72.3996655671485,67.959582006536,69.4542799116689,69.269374439096,60.7715196138908,68.0181998775654,64.793098057854,65.7327933113689,61.9077559728742,87.7085517046267,67.059512050928,57.241066924025,90.713019397991,94.3346955385627,87.1069278370773,83.7610161971746,83.6752570668488,86.0036296362557,83.107596760736,87.5844732792696,95.4700869711318,54.3357234564572,54.0328628576416,98.2816717115881,58.9857068279719,68.0691479417419,69.938974156133
40.8649905201262,41.5197450292967,42.8342575651311,39.8528431454248,42.5889618885236,42.456702465959,42.4049922534108,41.1708305956159,46.2903511286626,45.7756310512698,55.2056150789307,50.5052108367245,48.7771510808983,47.9737246136495,34.1418123545201,32.9998514051908,44.8933399336384,43.3429528209472,43.5010853294859,45.0120309862873,33.696712252104,30.9037956806716,31.9190941039082,52.0387343660742,48.8757942489625,68.6461924251821,64.5266793740818,65.7449863399831,0,44.5705690110252,44.4610544452531,50.2718399804197,36.3798088484779,39.2872738595292,31.8507412090147,32.0047083438947,54.1597358168884,49.3806189237217,43.8852127911693,42.8586210457285,51.7174629199027,56.032724046817,56.2090553645789,55.689975872296,49.2570918261968,48.0503484291289,48.2666986303302,50.0514357777581,48.7945042956035,45.9305313923971,47.3803032765358,42.7158252016621,47.0623347924565,40.024642890349,43.6285785952045,35.8388433538996,37.6827004359277,37.8928963131872,34.3643229099581,37.0937231761183,34.0139130376668,35.5035855525927,31.8068398149601,60.7863495674617,43.6907169210983,41.5043033400066,54.8923408798614,58.3509610907513,51.2110387020506,47.9328540012368,50.800451703184,53.1191152958949,49.5701171328996,54.0305743117285,63.4348298615029,35.6030762724114,35.6612523567223,69.2826100362872,34.5644073580648,37.6052794308048,47.5637602940324
