IBR/IBR_outputs/all.combrep_1/EucDistWater_Total.FireFreq_2000_2008_Total.Silt_Total.VRM_Total/EucDistWater_Total.FireFreq_2000_2008_Total.Silt_Total.VRM_Total.asc
NCOLS 160 
NROWS 95 
XLLCORNER 210004.651214014 
YLLCORNER 7350008.22228844 
CELLSIZE 4999.99999999997 
NODATA_value -9999 
[rows 42 to 62 of 95, columns 0 to 45 of 160]
-9999 -9999 -9999 -9999 -9999 -9999 -9999 -9999 -9999 -9999 -9999 -9999 -9999 -9999 -9999 -9999 -9999 -9999 -9999 -9999 -9999 7.37836024269214 9.44273744333403 11.5463759657951 8.59979411587228 8.90028868740565 11.3434094269046 3.37085576083465 4.86328503583483 8.16359789391017 11.5914170367299 12.9868261145366 11.1286429070415 11.5477741285598 5.768572717032 3.95574396390936 6.51363416517104 7.27440230209904 6.98586319949383 9.08934484983104 9.59757552284596 8.74138443925116 6.37976125723631 5.06307081407693 5.28149151154031 2.57256180273899
-9999 -9999 -9999 -9999 -9999 -9999 -9999 -9999 -9999 -9999 -9999 -9999 -9999 -9999 -9999 -9999 -9999 -9999 8.40080893529975 8.50001129169753 10.8905359493262 9.25503025290221 10.6579338582426 13.0172414653735 10.5230301179158 9.9646811605855 9.46508549630314 7.20106236136303 7.84740333274637 10.0789191143621 12.1876275186255 12.5367785467756 11.3469192018808 9.797113695099 4.55811107515872 3.31464240912348 3.67179138444285 4.86963828644322 3.72490882346761 7.05283994063494 9.22241253627745 8.98547460954886 8.14663193284053 6.77133186593332 5.26617512276363 4.71342498103206
-9999 -9999 -9999 -9999 -9999 -9999 -9999 -9999 -9999 -9999 -9999 -9999 -9999 -9999 -9999 7.01832111583187 7.5284019278997 7.96192660962756 9.65262270437691 8.12845118804333 10.8190828227434 12.9542980265197 13.8420416402992 15.4360665350913 13.8772375901756 11.4159206315922 9.00632516247233 10.0536500115815 10.2123988332728 11.136960094305 10.1416963720128 9.11620266654968 10.126055330056 10.9757165669762 7.35280479053563 5.27292412326505 2.63556965399547 3.34295327194373 6.10044942817104 6.09890438084801 5.6847151210526 5.11906672478873 5.70946160074327 4.00804487866632 3.25454108279685 3.22616840223161
-9999 -9999 -9999 -9999 -9999 -9999 -9999 -9999 -9999 -9999 -9999 -9999 -9999 12.2617440692349 8.79768390094991 7.85551489443677 9.28132309988921 9.18529821302964 11.6918811736741 11.719653673718 13.1724639043769 15.6823758857832 17.2116276845909 16.8822582868368 16.7866546994729 11.8937431524835 9.43287864303408 7.66993835703361 7.57119997715832 8.57991532926038 12.3118010872754 6.75007007651893 6.66386318125936 10.111820463049 9.93872149670988 7.08246238587252 3.68916006733778 1.46102080981034 3.4950985511825 5.53527113211804 4.78095980993348 2.34691868861434 3.15186339133449 3.39444401678824 5.05141220428996 5.48867640303367
-9999 -9999 -9999 -9999 -9999 -9999 -9999 -9999 -9999 -9999 -9999 -9999 16.8374567260343 14.1556737768667 5.34276664142056 1.8721298577467 9.72134086859256 12.1726025549818 12.6077160560268 10.3600291248227 6.36628354237455 10.2375379873313 14.7442462904371 16.4171145860549 13.6735646876418 10.8893946210759 6.63455861229674 4.27985190735651 5.20768716180129 5.65144323454994 8.72022193928343 4.94518050412105 4.68366939619687 8.75022459043462 10.0854340342945 8.55991919263336 6.28740247109911 4.7047362383171 2.66641503950796 2.10672888161001 5.65648164105223 5.94922418083832 5.14260840735099 6.96570917110583 9.08852583562334 9.34682572288477
-9999 -9999 -9999 -9999 -9999 -9999 -9999 -9999 -9999 -9999 9.10819793169111 11.8882412029612 15.0322002920009 14.6182554556901 7.56641613096247 2.83350521019174 5.34344953259985 12.1101867058626 11.95336109686 5.27198024425032 5.5960227650117 13.6176861351645 12.990198383772 16.3184015011955 11.5257783469686 7.22129080710412 3.70009995612228 3.85713721040895 3.21082972181045 5.09241000341283 5.12766342632758 2.38727161923182 4.38008778507334 8.09075643836156 7.77520510675921 6.20197600901621 6.61950818945459 5.97920107095279 2.36674157010613 2.20664506522704 6.39229146345887 8.67398659721932 9.96749904786051 9.67025259289589 8.05759293917729 7.56614709057776
-9999 -9999 -9999 -9999 -9999 -9999 -9999 -9999 -9999 8.97097970175093 8.01326144888313 11.6084568294781 12.2388576709797 10.9453522777859 8.29425190259102 4.32787832106793 8.02277268378021 10.3395418388905 10.479432308376 7.6522074500295 7.42360583421141 16.2518191628461 18.6247468915077 16.4816933494 13.0654383884006 8.50965412976853 2.03040604236814 5.14424797838075 6.6332800694733 6.43180164137589 6.80166383010951 5.49878172772742 7.33425910231605 8.22899740813167 6.76753168293729 4.02062419127779 5.9011241926147 3.62976096362248 2.73990142757355 5.65950718992679 8.9511129734138 11.5595396944253 11.2085323923629 13.2719319035295 6.71262967981913 3.47404367601524
-9999 -9999 -9999 -9999 -9999 -9999 -9999 -9999 -9999 8.25538039657805 9.28250578351168 12.6192996535609 10.5567425873604 8.15739254414943 10.7009053694682 12.4365255892712 9.38395545902591 9.42156645804909 8.51763630797935 7.07189141495963 11.5708972177935 17.9819564253509 18.5741236725451 15.6347621078784 12.8745833353049 11.2813066430112 3.93757350449852 3.42706419153196 6.07618274119609 6.82327386817361 5.2175334611208 6.32619692641996 8.99616906787973 8.76541418863631 5.52038336153483 4.17409870378641 5.31932334817077 2.93207988211395 2.5149257136339 6.62947112559892 10.4197390133228 12.0484580298775 6.59529905750298 7.12735738654439 7.08524539312698 8.08007536496866
-9999 -9999 -9999 -9999 -9999 -9999 -9999 -9999 9.71689751499757 8.46379299240783 10.7805086808154 13.8923435569523 12.542195478044 11.260776824879 12.6665060708193 12.6818053543464 9.29703809134195 8.62544016379286 11.2187446951676 12.9094443512617 15.7280627942687 18.7248103653331 17.9072656464216 14.3516737620219 8.29485897558375 5.69351460159515 3.3528924064889 1.92560579663118 3.18610391402164 4.99597544108273 2.32655695159584 4.26448426440771 7.78772544428228 11.0051424630846 6.54604296839927 4.52027071524552 7.02825307900351 2.98315051970293 2.27335294832071 5.1639825868249 9.09770038746205 8.88899823231303 6.6858441235478 6.67484163442648 3.96056584200783 11.2461831664192
-9999 -9999 -9999 -9999 -9999 -9999 -9999 -9999 13.7126945213306 12.1199316524717 13.5087509905908 14.6815586379565 11.6193056987231 9.80810345862544 11.791645711821 9.8131642946557 9.62466416567273 7.89312189748318 11.0572580037544 14.8049349623664 17.8317473232739 20.0725161265865 12.2060647596619 8.57043843850165 5.24028711383083 2.71047557872689 4.54551983153313 3.12885185714461 1.75498413493015 6.59352190471041 4.77334474443511 4.86816147614133 4.66596345361378 6.64461198452353 9.36868387552935 8.32069868018755 6.5146363705311 3.26313737431379 2.12184270397849 2.97926295590888 4.9650636797933 4.65964461650954 7.32367252657733 8.66863534719066 3.39671111198314 7.75268865264526
-9999 -9999 -9999 -9999 -9999 -9999 -9999 18.4809096685184 16.7400164103647 15.962862143091 16.5845328890689 15.050278054735 11.4204958134062 9.49821852636527 11.7722203339934 10.0281501676258 10.2203346357812 8.11258875851253 11.0167165766919 14.608660066587 17.6074395279016 14.7269787415355 13.3084984305858 10.9511856606271 7.99717182101609 6.64758398190655 7.2985372492136 6.18919793433833 5.03053523991653 8.25242637351895 12.9040440858504 4.44478238447745 1.96226955169639 5.51599143566812 9.47682495219213 10.8600129145381 8.12593942229611 6.04405704931336 5.61785060013146 4.65232342938574 5.99536404668772 5.51914771241579 5.54954386195188 4.33680333920555 5.41226069754913 4.50771194021144
-9999 -9999 -9999 -9999 -9999 -9999 22.3401699760621 21.236487285037 19.8915953034051 19.4057023669491 19.1606002943732 16.6918389830662 14.2474112293123 13.2449356025587 13.5856283542098 12.9340841162751 11.9193634919658 8.61603837831348 9.44589297039176 11.2822538509456 8.91860777186073 11.6957013711345 13.9487690094025 15.9661121193596 11.3135291590267 9.91846808521339 10.4186396984413 10.2639946800218 9.91957752483603 9.60781350926706 10.0746748585124 5.70541877703948 4.79448416464292 6.11955838247101 8.977589443014 9.68413116830931 9.55298159185814 9.35195297778981 9.47158869928406 8.29285806973214 8.27153304586599 4.65278019176355 5.10048440698388 6.8691018396586 5.32514085736702 5.71979297205369
-9999 -9999 -9999 -9999 -9999 -9999 24.8385047744446 23.7442599033168 22.8154907353584 22.4577375553033 21.2554686563166 19.0441952176768 16.5033040931004 13.4619126969288 10.8159501229732 10.1809022980159 7.92929820996652 10.2600246738124 7.83467375174875 9.81704879440693 6.93753707288972 9.9777660146334 13.5751767461556 11.1123764592858 9.02194294454493 8.16552438186098 9.2387464596518 11.5570088071127 11.6249639891666 7.68191068060537 6.96957236967238 4.69738674624814 3.46748560526351 3.80529456067266 7.36674044119709 6.0730577754791 6.54196695312709 8.83848023355902 12.1394577930629 11.5545984928764 10.0314525344205 5.3236489842905 4.11968868427787 3.89547338463582 5.51435482078204 5.11264410294023
-9999 -9999 -9999 -9999 -9999 28.2545203549534 27.2590041692758 26.1686776129909 23.2690804785453 21.768675966531 18.9482188659636 19.7543563218091 16.4131891772663 12.7083010381032 9.17605217831194 3.90890298940948 6.0639889334961 12.4490783840531 9.52666409107967 8.16964168213618 5.95458267366381 8.96980621494951 11.3864781187056 9.36148321353955 5.79832574888148 5.099563367392 6.4563770436441 10.1570618482037 10.5005305511699 6.89546346735793 8.33146382372431 3.29196084377178 3.27415922482315 3.31111606743878 7.89739491354407 5.65132131234465 2.84804687413042 8.96551880063821 10.0693598643563 11.978296388585 9.67987683523899 6.08925857159807 4.39901360942745 8.63471773383312 4.46737761827197 4.76768586403204
-9999 -9999 -9999 -9999 -9999 26.9750852617829 28.2453767629196 28.2608839943944 22.2118470579433 19.4246787302506 18.9031650889759 20.3712597013916 12.1285768624561 14.537362881096 12.568874172611 9.21447571094954 8.15833593858172 13.5059709082664 11.0688762141125 7.93151317105139 5.67707001094304 7.11052376376005 10.6535322720565 8.48718579064719 4.57309174981176 2.26293983573768 5.5246106604251 9.17858021294233 14.3604759781195 10.219971479977 12.6156579327332 9.39233133909835 5.3080956891464 7.20739987438587 5.72746995066506 5.60706752574261 3.16882408532214 12.0733025774307 12.6423064746245 11.5216489383957 8.225334955434 7.24934250911335 5.84686215449201 5.55795219844824 6.89773680603086 9.85115496668158
-9999 -9999 -9999 -9999 -9999 25.4653667098734 26.6896400524064 28.1560217039159 21.1106662045045 18.6923685068933 16.532768253197 19.8214029594964 16.8858429704125 12.9466612249047 12.7727502892455 13.9152854467595 12.6970250697997 16.074170292653 12.8000526270179 9.45483152629281 6.4004999657709 5.87364061631886 8.64803077895493 9.57617442498396 6.9556242971674 5.80761814811611 7.42833307426239 9.38392915166952 11.6728570420899 11.6539636625522 15.7378474176827 13.7836514120683 11.7192411505746 3.9131103362874 6.71340452786232 11.1163175432606 7.55978944265764 14.7821438743943 13.4703774474837 7.74897695350988 4.96729945013827 3.71576867181473 5.99924538893897 7.61285521580343 8.20720062272422 14.4550112606609
-9999 -9999 -9999 -9999 -9999 23.1513393708871 24.8388087502855 20.8706455463294 20.5931301248393 18.4336245670021 15.7111890109905 19.0015687150296 15.5649853462802 11.8435507771872 9.05309348062953 11.5108280878529 15.2607835106107 17.400417173571 15.0390671940422 12.1344303673705 10.2494172553134 5.61360685839821 7.0053761139103 9.57034062985863 10.2086344411467 9.57842397354266 8.81365944182267 6.91890173222286 6.7112508413887 8.43665143073238 9.29368159357467 7.94214973958542 9.38485746051523 2.66986982270185 5.45397067374235 8.85511695535613 13.5025757960235 15.6664229189313 11.0871256613767 6.57156574830176 2.73246516718856 2.6606944333845 7.43530035968675 11.2799028488848 11.3683637986462 13.2606296499094
-9999 -9999 -9999 -9999 -9999 20.9868055372088 23.1492599768255 18.9562346009054 19.2730836479416 19.2978460113096 21.8563652861074 19.1899827592735 15.9092561066127 12.5076976972066 10.3253459959083 6.00882146604816 8.61097261130444 9.68243244009356 16.387981436837 14.416453077258 10.5406163521127 3.95592847540189 5.46232951346431 9.25243455575488 12.4448798941177 11.5556704527403 7.95456410358234 4.55121810471673 3.18229672744351 3.91459817562163 5.17712433513191 6.40056783421174 9.04979172272559 3.59327346531517 6.55268863191532 9.50279356783291 10.4271283487218 11.3956508004207 9.45946739745459 7.59370074767139 5.9772900188907 6.1869457270625 9.33485561514035 11.1412995066676 12.4747970889186 11.2832664890517
-9999 -9999 -9999 -9999 -9999 18.9968467959881 21.8310038703308 19.0668627635009 24.2155086612346 21.9942287096626 19.8220056898293 18.0919160387293 16.7224587398469 15.2440663738604 14.2813151189533 10.3208829278439 7.30549735214847 7.66862417652536 14.5171489357426 15.3505436888884 12.2823586824214 10.808888904246 6.54600760828845 10.8180901272654 14.274552732952 13.5517260977823 8.78893379426144 6.65366555723842 8.89761750296105 3.50343133991919 4.97556603234634 7.26863879290986 8.15635775457956 3.39924537962205 5.20089332882001 6.6906183934932 6.75709242829249 7.01884447165213 7.75048495265354 8.43785520908182 13.7331632530351 8.54542140026217 9.63257184454383 8.99904223861971 8.41435572170173 9.47279997552618
-9999 -9999 -9999 -9999 -9999 17.9118635543555 21.0762781063982 23.7919374148 22.9791183068246 15.6231231486466 13.286863646062 13.7587728315368 13.6543634098722 14.5081300742052 16.0639815795612 10.498069208325 9.66926087882768 9.5218175210486 13.3741018916476 16.4715477709146 15.224733389205 13.6707383504179 7.44338359138213 9.34660446863975 11.863799433739 16.4878513593538 9.47967891417578 7.26906651422389 7.55138835967346 9.16593658683825 9.93523114532652 8.9426446302077 5.98275269664572 4.77333023095002 2.90452578962845 3.14489740185794 7.30635751127143 4.84954805289608 5.20836806044227 10.2199506692836 10.1332331862035 11.3662647574502 7.61012860662924 5.1509806017348 4.61455110624427 6.23437004232748
-9999 -9999 -9999 -9999 -9999 17.8151672684202 20.3490803862093 22.5156875504751 16.7090160273051 12.7415043547093 10.3739957377418 10.1502556045991 9.72951674432015 11.5238470598837 14.9994366264963 14.7551695871601 12.1603405173553 12.0915626390574 14.644080501915 17.1737154669437 14.8848581143408 11.3945978520979 4.80889064708771 6.68873467870751 9.86830683597897 16.4920469998283 9.19565705077528 5.39862802121027 3.63166058734373 11.7927855187405 8.78099934830034 7.21910982315089 8.03745521065756 4.06532504299034 3.32723006152826 4.13946895022858 8.33492138365912 8.48582482106038 3.07247837526602 2.55625430588133 3.29467174087875 5.01620107019489 4.52998594347649 2.77571426801422 4.19555203455798 4.9588530194567
