IBR/IBR_outputs/all.combrep_1/EucDistWater_Total.FireFreq_2000_2008_Total.Silt_Total.VRM_Total/EucDistWater_Total.FireFreq_2000_2008_Total.Silt_Total.VRM_Total.asc
NCOLS 160 
NROWS 95 
XLLCORNER 210004.651214014 
YLLCORNER 7350008.22228844 
CELLSIZE 4999.99999999997 
NODATA_value -9999 
[rows 0 to 20 of 95, columns 92 to 137 of 160]
-9999 -9999 -9999 -9999 -9999 -9999 -9999 -9999 -9999 -9999 -9999 -9999 -9999 -9999 -9999 -9999 -9999 -9999 -9999 -9999 -9999 -9999 -9999 -9999 -9999 -9999 -9999 -9999 -9999 -9999 -9999 -9999 -9999 -9999 -9999 -9999 -9999 -9999 -9999 -9999 -9999 -9999 -9999 -9999 -9999 -9999
-9999 -9999 -9999 -9999 -9999 -9999 -9999 -9999 -9999 -9999 -9999 -9999 -9999 -9999 -9999 -9999 -9999 -9999 -9999 -9999 -9999 -9999 -9999 -9999 -9999 -9999 -9999 -9999 -9999 -9999 -9999 -9999 -9999 -9999 -9999 -9999 -9999 -9999 -9999 -9999 -9999 -9999 -9999 -9999 -9999 -9999
-9999 -9999 -9999 -9999 -9999 -9999 -9999 -9999 -9999 -9999 -9999 -9999 -9999 -9999 -9999 -9999 -9999 -9999 -9999 -9999 -9999 -9999 -9999 -9999 -9999 -9999 -9999 -9999 -9999 -9999 -9999 -9999 -9999 -9999 -9999 -9999 -9999 -9999 -9999 -9999 -9999 -9999 -9999 -9999 -9999 -9999
-9999 -9999 -9999 -9999 -9999 -9999 -9999 -9999 -9999 -9999 -9999 -9999 -9999 -9999 -9999 -9999 -9999 -9999 -9999 -9999 -9999 -9999 -9999 -9999 -9999 -9999 -9999 -9999 -9999 -9999 -9999 -9999 -9999 -9999 -9999 -9999 -9999 -9999 -9999 -9999 -9999 -9999 -9999 -9999 -9999 -9999
-9999 -9999 -9999 -9999 -9999 -9999 -9999 -9999 -9999 -9999 -9999 -9999 -9999 -9999 -9999 -9999 -9999 -9999 -9999 -9999 -9999 -9999 -9999 -9999 -9999 -9999 -9999 -9999 -9999 -9999 -9999 -9999 -9999 -9999 -9999 -9999 -9999 -9999 -9999 -9999 -9999 -9999 -9999 -9999 -9999 -9999
-9999 -9999 -9999 -9999 -9999 -9999 -9999 -9999 -9999 -9999 -9999 -9999 -9999 -9999 -9999 -9999 -9999 -9999 -9999 -9999 -9999 -9999 -9999 -9999 -9999 -9999 -9999 -9999 -9999 -9999 -9999 -9999 -9999 -9999 -9999 -9999 -9999 -9999 -9999 -9999 -9999 -9999 -9999 -9999 -9999 -9999
-9999 -9999 -9999 -9999 -9999 -9999 -9999 -9999 -9999 7.12616977816445 7.5047638691633 7.49606714429544 8.57637976286761 -9999 -9999 -9999 -9999 -9999 -9999 -9999 -9999 -9999 -9999 -9999 -9999 -9999 9.67727202139711 6.51378637391496 2.8167083845823 1.31625586142889 3.6137026369246 6.25741913208891 11.1403274769457 13.4331459571982 9.16959913616013 6.74180812074228 6.3528949651429 8.04713608709324 11.0407321637903 13.9313600551361 16.7406603797352 18.5700648757206 17.7182000257874 16.7878616524689 16.4945794229384 16.7755791844315
-9999 -9999 -9999 -9999 -9999 -9999 -9999 -9999 -9999 7.31660197614581 7.61634649703452 6.95183211900105 5.58442267460754 1.96473826685134 4.35052197747111 7.37637001602069 9.70825779665401 -9999 -9999 -9999 -9999 -9999 8.85291587187508 6.82241083555548 4.48902368838637 8.07127311642734 11.2490304688444 8.08093410352474 5.47916563859889 4.65056302748506 5.3218747105997 7.44285306065536 10.6655659483799 11.1357289279081 7.70916338548306 4.2043276252565 3.40232856064822 6.614273406019 10.188254949403 13.3760329280875 16.3158613087512 19.0142806669707 21.2106373800981 18.6407549488251 18.4186157907096 18.648824968576
-9999 -9999 -9999 -9999 -9999 -9999 -9999 6.90060309500736 4.75868024513164 8.22427938984567 9.47156906124132 7.71795364587438 4.78611448195897 4.62218328182897 4.55164632370812 3.05852976720536 5.99624411840912 2.99295485258939 1.49073728132338 -9999 -9999 9.27250655098266 7.63200409449808 8.24435655322257 5.56653304564045 7.07386229611117 10.2244134281099 10.5316231053381 9.00086919787511 8.52937191012304 8.68310812480238 9.5535490320096 11.2583372005382 11.0124895743905 7.63569474440676 4.10832900869198 3.33097779915261 6.61094383878759 10.1603335649289 13.4315155235499 16.3263747897988 18.9513231404327 21.2305687478919 25.3403049087721 21.2844991358818 21.6007590268731
-9999 -9999 -9999 -9999 -9999 -9999 -9999 8.48755710229084 3.0592845891172 6.52595311236929 9.82853636003485 7.83014687401212 7.82773690593281 4.07858842134222 6.55087471423933 6.9175033545939 7.2914704745464 5.40585987928402 3.24344991010451 5.0795245781676 6.00753447177253 11.4609414848676 4.33111805059807 3.20937901658728 2.89072894547162 6.66426475909108 10.3796529197132 12.8707086086993 11.9219687765505 9.96484797112993 7.85960383728289 7.10013132825497 8.50717338805473 10.7072467236476 9.45568833161381 7.40724257747331 7.03181549131419 8.81282884024273 11.4640028794472 14.2957556883836 16.9707603382407 19.4282622408658 21.8046601330314 27.3383317593481 22.9466925532742 23.3967483705939
-9999 -9999 -9999 -9999 -9999 -9999 10.3006811564251 4.99363138476844 4.13402186452747 4.28966740645459 8.21370413678343 7.8762859989496 7.75672376568456 7.6850491579106 7.19895739804668 10.143068913414 9.69293238782638 6.49843312381533 2.63848172149401 2.41260428354959 3.37039116218288 6.38293718986294 7.59901004766867 7.33262141238688 6.35710204503098 7.97698461310142 11.0761332529843 13.6740686916606 11.7059087268761 8.33918408409384 4.83919901824554 3.22689356001429 5.98875765228347 9.53178817337315 11.7402013094156 10.7986457871121 10.6459172782933 11.7155207863048 13.5585020725794 15.7966853748754 18.1393896946589 20.2789883926171 22.3235177559456 24.7172980120672 24.8783790173484 25.0112983538159
-9999 -9999 -9999 -9999 -9999 8.39421463455662 6.84490074586989 1.78406570418372 1.52511844159567 8.81777033771453 8.23546936888656 8.07179832904705 9.0465202088144 12.2615120610872 9.25411506619895 11.1306403469467 9.96137052273493 6.26894605766813 2.82588183872694 3.67490147636696 6.55074806657356 8.59396421673489 10.2540245844842 9.07770098062515 9.00906551614314 10.5437381818323 12.8105728737319 14.3266102074724 11.6382910205363 8.23789799863493 4.63475714347915 2.85853291328965 5.80123818330079 9.27432756315627 12.1474755264651 12.932369628332 12.5224393588291 13.0870700784112 14.3845723469656 16.1272331640545 18.2103524441289 20.2220518449513 22.1213771568212 23.9278696211134 25.6035682637891 26.6342957021097
-9999 -9999 -9999 -9999 7.65782784687995 7.57155952150626 8.34270517542703 7.67845827800652 7.32637490235855 7.51959071196053 5.79453278086983 7.71848592312399 9.35727165379244 11.9482093363348 7.67544261905839 9.37349786845344 10.603859985814 8.2719458156186 6.40585999745474 6.82955494070039 9.15087882245667 11.4589541658445 12.9721174397864 12.4205795429797 12.4415184010104 13.4975127320717 15.0845196968755 15.4785036663746 12.7458253490741 9.83562402747521 7.45776911809946 6.1020418867221 6.00771631610377 7.42222011028663 10.0120076110984 10.3596496770776 9.46110394690583 10.1966322660868 12.0132159991399 14.2283039352967 16.64094026922 19.0536799116195 21.253737375465 23.1996190192775 25.0225870841062 26.7521560216646
-9999 -9999 7.86828496813488 7.36556318185531 7.31805525876044 8.75852266238734 9.22635299022711 1 2.15189076173138 2.12170214785423 2.97492364203332 1.59366149634708 6.48229463735185 3.75930216931819 4.63579803919238 7.42878395964769 8.5549248055688 7.321756169118 6.65843043802219 8.37505410875925 10.7442323209785 13.1103236592664 13.1207579570498 12.7902754613574 13.386719329385 14.7486814896124 16.3714400066169 16.0018635189587 14.3425971941783 11.9113354949164 8.88819469355528 5.18493966597666 2.48747689802124 4.85362429705341 8.38261904817066 7.45193682545583 5.73181106909255 6.93744229784329 9.68896762284431 12.6866050575243 15.4829332568235 18.238294845146 21.8512941477385 22.6679829565504 24.5944250839023 26.4325890088756
7.66738736490365 7.59057505782499 1.65906978836375 3.76583285063204 3.81069031666446 5.25754481465808 3.73190589670833 3.26017868688705 5.73717688906357 5.45599928047486 4.30375456502602 3.6557447416693 6.45734435054244 3.93220084847438 3.23467802316839 4.30647441725709 5.37391259207769 4.32467919193242 2.92186789759063 6.69836690287525 9.63085471513127 11.3968985912925 9.94058990179117 9.48005565236645 10.5906660713282 12.5826143699371 14.4143431983292 13.4554986542116 12.7989874909702 12.0292381650449 9.12176362817446 5.41559537354272 2.5627209931721 4.8280008202997 7.86920214109349 5.38457611472753 2.26989592247294 4.62877947816492 8.36027727620931 11.9164148769679 15.0422494619979 18.4074249841663 20.3559474653317 22.509217401822 24.4157380119044 26.256142697963
8.14682604020239 5.96521047279075 3.53290307453002 4.30502603881281 3.77624248422847 4.65839255642913 5.74893366363964 5.48691830450635 7.14970457378544 8.36551789454673 6.55081625393958 2.57857922168703 2.70564286785647 2.74371274883726 1.35163379269782 2.47442478054635 6.05447188389012 4.12658552031569 4.55292103981128 6.84054313185839 9.60623723211097 9.23761273745031 6.54018691362878 5.68670481721026 7.58353301698391 10.4768849404553 12.2117620524038 10.4791180707786 9.39570739750118 9.84652792772668 10.0432768494708 7.11037156983215 4.41157215768554 4.82335815348047 7.32540150205829 6.21456193053248 4.26566143939269 5.69389545573084 8.99457439286925 12.2751903310275 15.2682315941019 18.1195666868334 20.3946756873633 22.646097937776 24.5270334219778 26.2143064869187
3.44017246101357 5.10431338761949 2.70782172874155 5.070668777466 5.43943950712234 6.7000016444371 5.06831822106532 2.36983817509566 5.08412483520313 7.92250747444448 5.12757588497144 1.79001600898293 3.01868719254711 2.833819679276 2.91786947376137 2.09330411736335 2.26825187945081 6.00853337063142 4.37915863209963 6.73874458417836 8.34253534453319 7.74296338673522 4.14852363891483 2.34228644128748 5.76001940830889 9.51249494112883 10.4164428214907 7.49562225966107 5.81944409054761 6.92187435992719 8.5379818393465 6.95656586786613 3.38619003879222 3.03672128000724 6.81797432517882 8.88531429171251 8.05410698279548 8.842118991338 10.9657680591613 13.585472671985 16.2417295290553 18.7143772487453 20.9435053745468 22.9524366814606 24.429092879509 25.1786076038047
2.34567347879226 3.53105279213315 4.57610573012797 3.07207238601691 4.95666448627524 7.16502682901718 5.18718293999519 2.13151532051657 4.69753175615379 8.08109574860051 6.54393396092046 3.9944672437404 2.33873944122412 3.3230680048853 3.3991726642495 4.84466551606894 2.34990343567006 4.46359232467699 5.76655709416837 6.02672469579653 4.59334462136887 5.177514223052 5.06801392234663 4.29576427114212 6.68523940480187 9.9809005130896 9.50400600783175 5.71852889454603 2.89248272616572 5.29163040477145 5.51224197299834 6.18905135326735 6.11797091285363 6.03686684397344 8.0669917167309 8.81505076701814 8.9862222830806 10.5096812845384 12.7158512937865 15.2081585674596 17.4274273814661 19.4087257446774 20.8393348181766 22.0598399532311 22.7509285993433 23.577082560446
2.53871758508005 9.06468124802194 7.05666019417298 4.86054318883882 10.7061146643512 10.9717991621554 7.33909697392137 5.79702535348509 7.2056235724657 9.47183998670464 8.87102822126625 5.62417414604872 2.00186931353168 2.01198412940421 2.00804958786215 5.60214654962488 5.24874809511665 2.24230233296114 1.55933348667911 7.59568536368709 3.79566944669303 1.9866309055725 3.48583091859552 6.11514693880583 8.00945942308406 9.71519726879467 9.71457775030327 6.73523589151942 4.38688549485401 4.83817064069053 4.39045551085045 6.15551453895326 5.16468217514809 5.21832567835946 6.55564424988711 4.74655578805821 5.39696002896581 8.42633548617102 11.6309692070388 14.5003411788988 16.701319275363 17.6898661949698 18.9279738553483 19.9331567460935 20.7798904026488 21.707435448656
4.57099106485445 4.22413659572571 4.30907207939706 7.19999411034622 8.53882079294227 10.5798962738661 10.4641540765638 9.58402980446925 8.98764928957607 7.79419347672465 7.86442287917094 7.18601712425501 3.8703224370427 1.7752188579746 1.78435855794349 4.51056197954826 6.71014348618433 4.43360965750869 2.23977487986333 1.24075563522916 1.76784347128934 1.84951443115622 1.62187846320216 3.11495522944886 4.76257443817178 6.23034116509434 7.38568223138398 7.35303487793608 7.29317953849779 5.81485775845227 3.783007223973 5.51111547545526 4.55276563624711 3.11461938285586 4.324821098769 3.7196785066193 5.62274460954961 8.3985943083883 10.2705448635516 12.9518695856743 14.0932643063132 15.2761081921907 17.086485007819 17.6819749211953 18.4659936875066 19.7293249867193
6.55749363169825 3.88879829254724 4.16853019907288 4.49690531703764 7.23217911186027 10.5038264419321 12.9711634726939 10.763613907387 7.16268112359341 4.12763878112182 4.42156985520448 7.11352084235671 7.34272199893231 1.68039518709244 1.97863848709082 4.08442321716302 6.69030758381787 3.61395762467301 1.4609311768521 1.85896506375862 5.11231091133887 3.09737983131554 3.67003348567467 1.23561336445551 1.45453103946968 2.48818990746917 3.4358207652143 3.7864868911907 4.60952636751306 5.14220419381306 4.5650742467452 4.52132291566748 4.73102696286771 4.27170409729148 4.91589694193644 3.56546038433459 4.23640016269518 5.09023949909137 8.84559579710097 10.4593847061653 10.9849583603922 13.0436669827574 13.7788052799857 14.7182771109183 16.0069766983319 19.3166617072592
