IBR/IBR_outputs/all.combrep_1/EucDistWater_Total.FireFreq_2000_2008_Total.Silt_Total.VRM_Total/EucDistWater_Total.FireFreq_2000_2008_Total.Silt_Total.VRM_Total.asc
NCOLS 160 
NROWS 95 
XLLCORNER 210004.651214014 
YLLCORNER 7350008.22228844 
CELLSIZE 4999.99999999997 
NODATA_value -9999 
[rows 63 to 83 of 95, columns 46 to 91 of 160]
12.1128359351469 11.9410584812527 8.38000196729678 7.7820296910816 7.58656272908333 9.6849848212357 17.9044871861646 9.5097706225618 6.07127667612331 7.17569001222785 9.63003144752586 11.9287540263982 17.0876111396465 20.5716498637305 15.7570323574935 16.5554705756448 16.507639814187 16.1702498294521 15.8345668560505 17.3679779134405 18.0126532681712 11.5400122113949 10.3130533075667 8.5515886105544 8.93770295670864 5.95160089965313 5.6292771255849 7.32757614387234 12.8158765183054 7.79374281397068 6.21527614654109 5.56871780706433 4.08857733406519 14.0767493541163 18.8362320389223 23.644841639176 24.4352795933865 24.931274001562 20.8700056044204 15.8014282840368 16.8548213055319 14.5777971499752 9.16524618703839 6.22210256456911 6.28130837564931 4.88223188380584
9.03829331215697 9.8349921803778 5.70953515651803 6.30204031217708 9.6886898982994 12.1375776386824 16.0900234792995 10.7653456442703 4.82329606947782 4.49759439416224 5.85782184506231 6.39101699624637 9.21432662263779 12.91846987009 15.121852502292 17.4653144674458 19.5692082088109 18.9809954402513 22.4446364835971 21.1982215242469 15.1863923563915 13.6945067335546 14.7301029508531 12.7821110051768 8.14753632949191 3.74415209033002 2.79241616770973 5.05366449784207 9.69282088827766 7.0025893573638 3.8770619599351 3.94152032531046 2.87992055333629 5.8696417838138 10.7052233366761 16.8225261336717 14.758874109398 17.9772166779239 18.2111091771685 19.6172871580279 14.8800313768576 12.8668051058189 9.2981450808035 6.42959879151551 6.0110541924477 8.62031652389857
8.96994589194006 10.4652623258326 9.18941861734486 7.80385774419966 9.00441684726859 8.72053318484698 13.0113374741256 7.02599097601395 5.71850730528501 7.30839658742388 8.07070800131388 6.26402753052327 9.23821844771384 16.1873867377792 19.3244274988661 18.3103336001955 18.221176690725 17.0060665462096 14.6518859112475 13.12935554214 12.2565987402887 12.8504025597075 13.7180483254306 14.2325120448908 9.78679585635379 8.41504987576742 8.11837202838435 6.80863987116924 7.94706038998674 4.2200729793282 6.10798735887274 9.72086970532306 6.04971734278351 9.57194719678967 12.4402441569716 15.4160350621897 10.4916491931531 12.3616261487275 13.5288907132006 14.3408328320343 14.7519736140529 12.2345415394593 12.1446841522103 9.54884539701644 7.30461210161632 15.9514937187163
4.55080450397522 4.07919610910554 6.52938330220298 7.16661235215045 8.4468376455566 9.31292505857378 13.6791827494689 11.2156587458954 6.97408269483767 10.6745078985179 3.50312417521432 6.33497507998749 13.9283144206562 16.9906261347328 16.6046140993252 15.0746588226138 16.3326967877025 17.4967044036782 13.0939872287751 12.1407027718255 15.4058675344649 12.0208770733196 14.4808698571712 15.3373135954263 14.4304341518314 13.820321542932 11.1505073073628 8.74171125559205 11.1241724534726 7.71538364115667 9.45676159737558 17.5987608558469 13.945579973122 12.7154196254996 10.6902121951002 10.2397010982551 7.88517738173328 9.21135992565888 9.42755052554933 10.2041193104837 11.7959136506294 12.9225045035928 13.3036954801751 17.0664247195095 11.7657586831755 12.4045169333006
3.88519196779246 3.39203148978783 6.68497109415912 9.05456741822002 8.39993410495444 6.87684439248445 12.9020575324527 13.3036561232815 13.4915894979334 13.963680371454 12.7173583640273 11.4360582562719 15.6653271982908 14.6505108836 13.6702538406119 16.8226219186559 16.7099414618228 17.0187875924991 12.7405049634219 9.50829591233273 10.3655544215366 8.03686740319549 9.6468581089927 11.900019564188 11.7177554512928 9.3111657673941 9.69006040145686 17.7290386678438 10.2222182029125 7.84455477513353 8.0049522734689 11.4804840955278 14.9914783322354 11.9445308883854 12.8174337393178 7.96447086395003 4.62766684342107 3.02223830792218 6.7250344665902 7.6149640325236 9.42348694670206 12.5475477591915 18.1275311927033 17.7222955762924 10.4081632823852 10.7458560905033
13.1758295950537 9.35079624721821 4.47315484002001 11.6348292212648 12.7488405268013 11.1012024074598 9.34620233087975 12.7743413150181 16.6038846196065 17.3830151328278 23.216380788877 14.7361849969068 14.3743524863095 9.78212601354802 9.76888205297865 12.6631013259819 11.4365278533525 11.9546071262014 9.75745210649025 9.04500871537454 4.23040832589046 4.93841840413737 8.47618348516956 16.6156730681833 20.2031291265043 20.5272557520376 16.1495225425958 22.077733973501 12.1726977888041 7.10737522923271 3.06367302716086 5.99959314917915 4.37727964952882 4.45847345592758 6.90308635134051 4.20038509830769 3.36530235651521 4.32455162351006 6.45434033420251 7.30732283595189 8.65401646809297 13.8187189136289 17.7148751217623 15.7923154100913 11.6769754114857 7.16262834152271
11.7060771209748 10.5576813387089 7.84515891281344 13.1038679323088 9.55482945410857 5.55902021819568 6.2011917031498 12.2082890838841 15.2189487439786 12.9725650989323 14.9105514400555 22.733770059074 16.3175101005825 8.47778133694226 4.84095202911716 7.07364752336711 7.3204539116145 7.33775149966268 7.04466310655952 8.01341836221338 10.0573270069916 7.4548473403731 8.33256380100663 12.1869106642087 26.4822723940634 21.2579473237824 14.2031300348149 9.45570501192643 5.9522652024959 6.6660044995991 8.61633288965445 8.95950050010359 5.41519167550584 5.33575274529172 10.1547947182294 5.56650598912417 7.3359861151443 4.51004910084763 5.33234034006429 4.68782688078274 10.7362428689089 18.9626035104884 24.0354819793844 17.1138704700895 19.3933747357295 8.17575117039181
11.5419819157375 9.42811796150854 11.1918745743671 12.6763093480765 12.3701113020666 10.3433495441395 6.11874446972279 7.14711407896363 12.2537279260414 16.067438108917 10.5775771560333 11.9147906160612 15.1228832200362 17.9462316422772 9.14797484750935 7.00305839130229 5.93693453583431 9.35042041484616 5.87299392907394 6.81526782228404 6.48124808359943 6.27772232575745 5.92650835863469 8.36976858996137 17.2290007896732 24.1625384077245 14.2304369272853 8.89552219847893 3.48670278331449 4.60378678988974 9.65826870097153 11.0556460095328 8.48227318748817 7.41886943535795 4.47871706552721 2.538599043699 7.25551117169112 9.78640264655063 7.57886856825716 7.95024895926778 10.3694839855856 12.4098907980828 15.7887302519028 21.5232869962819 16.4883143927022 15.5288683942393
10.1883700390905 8.7628714383262 8.7603809725133 8.92699537476668 9.12216008098343 9.75474944733329 10.7059380636162 11.1017454992384 10.3805166063615 13.264108588832 17.7653167865164 15.7354954049769 16.7849826548849 9.3120108803752 9.95386175699972 12.8856806065347 11.3085479347486 10.274860054533 5.44136601799866 8.57918188833054 10.5957522619672 7.5241524305389 6.38733555628268 9.70904702656405 13.0172935085746 18.7379297232348 9.42445339116442 7.02027682300714 8.00368865986964 7.17725544106136 9.477374731177 12.3655729276256 12.5564254819264 9.46086093013506 4.9983356567349 1.93621241592291 4.78272418304343 5.59042488392029 4.440821552253 9.20750066622902 11.7315582398413 14.044218481695 14.9760304108445 15.5122981252096 14.2681040632234 12.8862315674426
8.82188692100377 10.7972174775208 12.0770203193416 11.7660344712728 11.0472319354835 11.5939886799306 11.4511259198497 8.65678207154627 8.68863753236589 3.25012371704024 10.0986318272225 13.7978005586115 11.5697046015274 16.7339126470696 10.9546309298181 10.5654282890772 12.3680124357101 12.8203910977242 9.60524019725845 6.52079534111859 5.43553592812337 10.5723836707712 13.3591356496763 10.9329597735074 12.7243214953012 11.0487737989633 8.76473953594197 8.15779084539287 7.74016469816935 3.23389288041802 11.970849265364 14.996844018234 12.6206612270749 9.99436288307535 7.18916196823876 2.71173523616281 5.76253238844795 7.0631448699491 5.10825563607236 4.88561831433621 6.94918623896147 13.6368527822425 20.9016259697969 23.5264694047864 19.434830265936 17.1701933580772
11.6772684264306 13.2810146499523 16.0828069639971 16.3063849803159 15.2768860306223 15.5883384479661 14.7323667421018 13.4429232690315 11.8314610781624 10.23903508506 9.01231946829307 5.36161007335941 11.8791758966442 13.165565033798 11.5681016865393 11.5544124636106 14.0397288548268 16.5552805424409 15.4718178877509 10.1945205680112 10.4527095365785 13.148793818752 12.948486499503 11.2962269676971 13.9774302566424 7.36466166978552 5.08190751036925 3.65572927431416 6.78926934776841 6.02167655542116 8.51711149314391 11.9730833946347 12.6928624118489 8.38800119691568 6.00506865208369 4.6751057201993 9.5038195661589 15.0075860493925 8.74875977867866 3.3492413089259 7.01717936133774 10.3440931746428 13.8965776437706 26.0532596030904 30.8158335778794 28.7079562123024
10.346002061395 11.2923505196731 14.0089148222378 16.6140751404685 16.5365802488199 16.3216214585759 16.2423668827905 12.4323735734605 14.9368597727819 14.2186733506662 13.8036841196549 11.1094971768316 8.90886021131606 11.2283576701212 13.7013116869463 20.321902651684 14.8108135598894 12.4879985537965 9.92148829262307 10.282506305696 13.0540767643266 8.22664658040901 10.0134466388955 10.4951589207164 9.73544323667871 9.79712029540646 12.311673597231 11.0449412537788 10.1785277357132 11.7782669859675 7.07819778054018 9.09171326487618 10.1445029169385 5.2480489383968 2.71818383281729 8.03788070459098 14.2531225654797 14.5261204265542 8.11213382826786 9.65267550303122 12.1035837399654 15.9115779090667 18.6106138600231 23.4832045263932 25.2028585436498 22.2052777712299
8.90507518916623 9.11713791049072 12.4541514348097 13.3248425471701 13.2098653822321 13.0131577750298 13.1108596223685 15.1214955845138 15.9663334678379 14.1750830288008 11.3110897152302 10.0987653131119 12.2364801248823 12.7772376507432 15.3001791349978 16.3891833648262 17.2595337530387 13.3184214426858 6.35994173705934 6.94617037542433 9.07148328112095 7.73957652435847 7.09019737358958 12.0653731075456 15.0517005265206 13.7992155691575 15.009680647247 13.2992325889092 10.8825102920626 9.99806745283118 7.3471024209453 9.80270506776448 6.60622604064668 3.32970070974062 4.44556828181767 11.2394602096032 10.580761197181 13.1674733284901 12.6453986524812 14.4266616073295 16.7476304094611 15.358709601651 19.6128381507144 19.4432972441228 22.5711377058594 26.4001763420163
10.0057589739898 9.21284354548075 10.011269388736 9.03156044782016 9.22387878686867 9.01128478374039 9.76879637058557 13.7304747097568 15.1869877839315 12.8822165145998 5.44886599930206 7.85960219597765 10.479267753423 16.40966640269 17.9320760095072 17.9040856473519 14.791736747171 13.0489074612679 6.67960709548387 8.05118360407131 4.59023663312518 8.48078237228943 10.884450590604 14.6130864482378 16.2110640289088 15.3444576986428 15.5687141082191 14.4963779333435 12.8883674083317 11.0893693981052 12.3312791233915 11.0758072754859 12.0042465955934 7.98705522175424 9.39570187430535 8.03252415331118 9.46526116395447 11.3913921575229 13.3585748039038 17.6656841329128 18.2615336156114 22.9525576557275 23.9815494458579 18.9527899308321 22.1395420242612 25.5613181514133
7.96338546766743 7.60828413707788 8.72816992100667 9.01103571665225 8.56321145132353 7.61687646417058 9.31927265329665 13.3204887428465 15.5131807623142 13.2364724462722 11.9875665788902 7.41726487527201 11.1094760556678 12.4682335663689 17.8114721481969 19.1608758499566 16.504640643191 13.7419907446682 12.4275800364705 14.2585610781912 16.4363232610828 17.1044173853208 12.3500427883661 12.6503538859343 12.5703802250046 13.4187291528358 14.1654815890838 15.8872469383119 15.8106138882171 15.7648812469191 13.9307179060946 16.2465552633115 16.0857751206563 4.64765683214972 2.49454755608498 5.9501219269282 8.30288372037412 11.251596622068 11.6179032884802 14.5135309855688 18.8914337595426 20.9546400310413 25.3297929706434 29.1420361973515 23.2624699566554 26.478219528527
8.82136634019747 8.64073321193996 11.0944468089066 13.6034021271585 12.6599984488746 9.15655656691383 8.35249422238779 11.5689169464623 14.6473456060968 15.8428770727228 15.3192929958947 12.9747734623207 9.43449693440516 8.99534505969254 14.8813446044429 17.9213972244845 18.6290267679644 17.2598891652328 16.5201153515538 16.0180233079619 15.6070970817273 13.8292888154198 13.3153301179483 14.334137966034 11.6621106395321 11.4074039380759 14.1719706651263 10.048779721821 11.2523908142192 17.7286021867583 12.1710401711534 15.6506606582387 13.0884210573521 4.28276944465822 5.43542999772464 4.01469503226178 3.50752302803103 7.62619097870813 12.7168579248347 13.3792501123642 16.2585437189329 19.814900786598 24.1184745871338 27.3992336499255 26.3763698577984 28.7313610831253
13.7868021679116 12.8146663217326 10.8058635363908 15.4368726391076 25.3749944930848 18.8455965882473 8.73614365824953 10.606968430985 11.6022959981398 13.5103311095329 14.4128677415838 12.5878238179264 10.1374238797756 9.3003171666166 12.7672209001585 16.4366072566351 19.6407834981628 20.3810536916058 20.9650649204122 20.4250317873801 18.4131648546979 15.0142994960966 12.578297350755 12.4530503085432 14.4005068622419 18.978372692299 16.8853120650096 9.03862477264511 11.008533685507 21.765174624135 17.5957882422344 12.5766710104615 10.636507696874 10.0453712963452 9.11349917563282 8.65576000023 7.44756012513706 9.81090122077037 9.32039171988684 12.7596829569322 15.740034289717 19.494147213879 22.5614931991078 26.7713442589464 26.3260515234079 26.1727288589641
15.4904902478619 13.3084539026381 14.2894106474938 16.4564075547009 21.9552275723483 23.9204009041265 16.6452156076963 16.6141877674775 12.7013463470471 11.5999671154019 11.2972672907102 8.95317212414041 9.34683718247723 10.3177225400684 13.415222548373 16.4099389290547 18.7936420780122 20.6686335638989 22.2826416591574 22.2955326822393 20.1963393496286 17.8958136942197 16.6146846560205 16.1304801660447 15.3030803777618 14.0229744717889 10.4243197058401 9.99642927736551 16.6760500548369 21.2596374159909 19.0071726325115 15.7790804302597 7.79918355427326 6.02018039813711 7.80389243394442 8.79551642741431 4.4811827044662 6.64099714885653 10.2455000904169 13.2218727078842 16.3305445418445 19.126475280316 25.0330370771769 23.0274389236712 26.6396233925579 28.1656271323163
13.5667708465959 14.1450495949437 12.7582680784196 14.6169331193745 15.9197001135618 12.6504591157465 13.8150828264335 22.1088937516094 18.1107933104732 12.2556510559769 10.9313190522171 7.77450294362814 9.5584524593617 12.653350579766 13.015670280007 13.9868811234348 16.4276544859042 19.2906122227411 21.37602305608 20.8672374892033 21.786049530479 21.2780295568638 19.9706154310021 19.3097165450086 17.1540179114709 13.6760922507334 10.4371987139195 13.5476317858688 12.469875898006 10.8770136281776 12.9892547065372 8.70499880236375 10.7631984116984 11.9474761436877 8.41774948212034 8.74057953137791 8.10138015384502 10.344307445218 10.6513532010571 12.930090196788 15.1440079100457 20.6554170897207 22.9222806819679 22.6954496926484 20.8018578233789 21.8178680964625
13.4495370141482 12.8071120171868 16.2189699860035 10.5476882152099 9.37055393249624 16.7723824566401 11.4994728666271 16.1815771562392 16.7232248030364 14.0107626998601 17.3403110499918 14.8882748311545 14.0520873266973 10.7213102616248 9.20009709052808 10.4700363539418 13.6087198732962 16.3435633441163 17.8190153946326 19.0012306163401 19.5974232399093 21.7331198415425 21.5138220114593 20.9990148835729 18.4425820901307 14.4341190703661 13.5753695380633 12.7773990148118 13.3718610360601 12.3861404386505 13.526243909233 11.3481976227975 12.2130333050154 21.0032515993274 16.9742057400977 9.99471874876842 6.6926168951757 6.07033825449086 9.54086859196924 13.083723853348 14.5959419858979 17.9234325664528 19.7655723863422 23.4631721013444 25.6268787548669 15.8270156681377
14.9713465334508 9.67809010922942 12.164413369168 16.4322870759804 13.1103916811261 10.8733380530352 12.3070212933431 15.4732597884265 17.133363325024 18.3048612154563 13.7500980346343 12.3331615134391 13.3661748609 11.9250380654587 11.3019349282525 9.54371642832814 10.7057528786101 13.3725800025178 13.3188083245482 16.5533558745505 18.4556118753496 18.1199387217323 18.4538243411164 19.8493385959154 20.2330117087876 18.480243482234 17.2098798040254 15.5252567472638 14.7227172710305 17.8333579582296 17.1984706122387 22.0790975572526 21.0987522395545 17.3285694870761 17.5349492791341 11.320681418025 5.24606140070734 3.41500186189407 8.64746169974501 10.5166980937066 13.563808685683 14.7083109235967 14.721965283294 16.4867254535783 14.7403459751077 16.0826650222659
