IBR/IBR_outputs/all.combrep_1/EucDistWater_Total.FireFreq_2000_2008_Total.Silt_Total.VRM_Total/EucDistWater_Total.FireFreq_2000_2008_Total.Silt_Total.VRM_Total.asc
NCOLS 160 
NROWS 95 
XLLCORNER 210004.651214014 
YLLCORNER 7350008.22228844 
CELLSIZE 4999.99999999997 
NODATA_value -9999 
[rows 42 to 62 of 95, columns 92 to 137 of 160]
4.16865551494984 6.89100667640105 4.32993888799987 3.43036787822278 5.2528600733474 6.27336831093595 6.95091153180362 4.5287006344854 5.16890589699267 7.07884739599724 8.27147013985627 7.35986710935293 4.68906911658428 3.95476454545988 2.29743748941567 4.70863331674346 2.30822275187847 2.86067096180651 3.4841125576287 2.9111792147174 5.85560305851776 8.66468813583337 3.65275642516846 3.96702108454165 5.58673124736198 3.30945942953458 1.39881938226136 2.01641703895407 5.84442179537206 6.9355222719042 5.9927575474287 6.38346433199996 7.02495367542194 5.47499956963413 6.37716574749122 3.86327097969958 4.73644921244774 5.14223154697309 5.08054810215134 6.7548000552923 6.75558565584734 4.24263534203538 1.85473675225727 3.50462054762369 2.91752606474361 2.75546634467641
7.37011172353527 7.190615060713 4.54959756180816 4.43495955250769 2.53116095717861 3.11146334137953 4.77002140673219 2.51121967206719 3.86702638159009 6.94066726846328 6.61817059801982 8.76860274014567 6.28096128693662 8.28193375035075 2.83514843036246 5.30956210027094 4.84272077613391 2.40542767494291 3.81422415317709 5.5531512250675 7.27168558484959 8.35572220046343 4.22151489306825 2.49028176131625 4.53654998678071 4.17308198485748 3.61173256623023 2.55822724635148 7.01747421262745 3.83761736550298 4.16745437719379 4.56849199937725 3.09646424501252 3.70671338370789 6.12698956556655 7.89813842844627 5.65937187849037 4.01874011069772 8.22389545443173 8.64130612391818 8.43027137270521 5.2135876020999 2.36569984862685 2.73883203417446 2.52113132070258 2.89320580114871
3.10871649918768 5.65666550088719 5.29037177792893 3.08144506821621 4.28315762081986 4.2335085628521 2.2652459879258 3.84355241955729 6.6037856257436 9.72872049115338 9.60246596306781 10.2733974904617 7.40430144773086 7.59794088648176 2.86816959690437 4.68625523099318 5.34589410896346 2.80369501998867 5.41523204134256 8.07744120704533 8.02350217945944 6.50829471119575 3.47346874912382 2.87424931836584 3.2743529900826 1.69573071236127 2.83415699532303 4.19101046875727 7.05409981990269 4.99684708079036 4.70782800704114 3.36966910444964 2.68557408700146 4.29402328688398 4.59202140656383 2.56517761215821 3.27518602773256 2.67739987443311 7.94352401969448 7.53221922442131 8.30083393107375 5.27925144575425 4.06685479521624 5.30207838994227 5.21370456413991 3.55075869637245
3.86406275777802 8.08789753675577 4.99493043134035 4.56028394165436 5.91574784296284 5.26162975931649 4.30915727247568 5.53213980260296 6.45741096499069 7.89164891476548 8.31224076251688 10.8286096763246 8.3816865027132 6.4556361899392 4.99445324722534 3.52102248184444 4.4378360653888 2.56221297442909 6.20717603002912 8.52987076717531 8.7130979350271 6.00767088198183 4.19510628442193 2.83337553332538 1.7253691942895 3.11164633015705 2.01515856121424 5.75016789420195 5.85117145065372 4.82221311872052 4.51508841480763 3.916649262878 2.55763171192286 4.66084797172302 3.5274093890509 3.14600012660868 3.69920364627191 3.87443913453822 5.42522752242421 9.18493061135678 11.7248160876263 4.53215412166852 3.80778798740489 4.16781561216698 4.42671877747837 2.26360433491915
2.7893534374771 4.99861300279709 2.79828460955885 5.93500570750191 6.75265837310087 3.49574046467413 3.34482149602179 4.8190227210416 2.76088120099036 4.32931281407891 4.77090620199659 7.66765180032663 7.39194422157117 5.8035931590711 5.10105099022728 3.96576241105332 2.30349856783596 4.04332195397477 6.02340810569905 6.06915092761 6.79363047931772 6.1504006079551 2.2285098619272 2.9183536675099 2.43027171138198 2.10888211069153 5.03272759083536 4.78195296872826 3.69265672303481 6.66251760766932 5.15704451712468 2.61165094176238 4.2534163653067 5.78529277796144 2.97910485855433 5.79197348766049 8.82383454075754 7.39529453370712 7.03590605542204 7.29056299662083 7.3899093677416 7.09566637601936 7.36010232153317 4.12152520966274 2.84458014343819 2.17981798225336
2.80406249296235 4.1614003123303 4.23224252001745 6.610716748608 4.44287770466177 3.84332165155201 2.90879889360198 3.84069872289517 2.52705882568931 1.93146820594854 3.79280781683383 5.21460012162805 6.70884523085646 7.94419576871826 7.15909207060436 9.98879557190862 2.00272129246237 4.6053290131743 3.46326892805997 3.48400004769665 5.86940621346623 7.22469511400741 3.73517133688082 2.51575199311834 2.47972571316221 4.3099666323323 4.003507031802 4.24854993415194 3.40149919352776 2.27874128814688 2.31959682865662 2.43906894975764 5.55176574460747 6.42116208686038 5.65361825046058 8.20607616511834 11.4533725790805 11.1705137555516 7.30276697592448 3.23054919441094 4.90187009607644 8.42886216349899 9.34998712461061 4.3854488155888 4.85245659731576 5.35865367505282
3.86109302750588 4.2808877952296 6.53360021411591 6.20104219200783 4.57178349226368 8.74075373046991 4.87013728518775 5.173595363411 4.52935974825154 3.17825570695093 4.74310809722405 4.76280452481334 4.67817889463005 6.26321642251212 4.99860227915405 3.0548748036394 3.19942234904955 3.04033450000559 4.42359699694661 5.09791358429477 5.52860913780032 4.42484568833515 5.81772275148564 3.10781706610427 4.25491458807548 7.23528727601042 2.46795943281898 4.20862991875607 2.29350093642088 2.76089340068264 4.10140431706941 2.41587848199211 5.34453128212875 3.05959614152565 4.17859628681795 7.65630011663577 9.39836339136913 9.39747248919837 7.76441072016201 5.56701891740685 5.52115157394016 9.74149065240917 6.72632698703707 2.41867999889107 4.80261542709592 7.96359595332937
5.57426572660906 3.54534529821263 5.41571067650323 3.50996829771353 4.1080069970187 8.26622457016914 2.89065629282266 3.86724763807141 7.64000707350606 7.01085483505309 4.27839294148118 3.41730115236979 2.49577903377476 5.02107218422957 2.97419526716583 2.46415290544702 4.31500978688789 2.56962038923514 4.49153767757482 6.84833275044384 6.2154297482087 4.91647961755409 6.65428207925164 4.55421400807906 7.65232975010072 3.44619542074368 2.66556728771015 3.5498145616291 4.71052912972858 4.31015381165364 2.3881016569804 4.73735542997844 4.94597547993653 6.25471165739257 6.77492437757887 5.56882773831972 3.64840508477712 5.4672548488248 6.5775961342106 7.43844144824707 8.87660747415157 10.1825620452797 6.85632767194258 4.03371175376306 3.78665201174994 5.55934082850926
7.49659627113552 2.94328286596633 4.52054479430134 3.03050814879109 5.05366721306595 3.44887509342119 2.60550237083711 3.05418538608029 6.32869949914262 9.80674078315652 3.44758543164103 4.81109964236556 8.70883229970129 5.35734725894615 2.78960561096438 3.97675600828176 5.28017436618101 2.95792640130422 2.18732157799803 5.0832889473043 6.78078828780676 6.0052641213771 5.40762002398114 3.33312290476786 5.274752490543 2.1393851401142 3.31347907624545 2.91374981898905 3.35309184441592 3.45350470676233 6.04825449343678 8.2618193440991 6.01832453503612 7.1366522648233 6.19898162841959 2.8096660391325 2.21022635920915 2.76923998867454 5.94892141867397 7.32836392846873 8.13836780618662 9.33696238481658 6.66491251021545 2.97025323012603 2.84904395486461 3.96128823352531
4.51409182805206 3.38621438156884 4.11548858715701 3.7519363542144 2.79117220696425 4.86855425513273 5.42590984938837 3.64005360461672 5.06846851086734 8.69088136773572 3.06347201127255 6.95577071825664 8.3991331359381 4.24436640055822 2.06030586090216 5.02102835275212 3.84965675549633 2.3502586609022 3.4083027400961 5.73373775901484 9.08406738521312 8.7029255862316 5.79894070577582 2.86233765212895 2.86307824367647 2.90213067365677 2.05443551301556 2.10679611281171 2.37539771342538 3.08738491121216 3.48803915089004 4.46995097850062 2.28011072317806 3.97108529733561 4.77540722835058 2.1129690028076 2.62790595298286 2.87466738640132 3.92758491994223 2.94283634018276 4.67122930534996 7.32663059624593 6.99775632488266 5.73262515578027 3.33747595629416 2.8427513821458
2.67130523779682 2.60553270835679 3.17404774356058 3.85612929363666 3.36881363625626 5.58168392465272 6.90808540110701 7.33711784503187 3.13805509692264 4.64073930543224 4.72222223683139 3.79054790146831 3.08185883081772 2.19728661834581 3.0494642794034 3.3487468532809 3.27896367800242 2.79295626341667 1.78034885855202 4.70420850644403 8.19866925172153 7.75733211089026 5.10813074492506 3.14340891922307 2.05982472473481 2.83822426747408 2.0867898973281 2.18564990990898 2.68939844150244 4.08487722413762 1.97030358895567 3.97655230987941 1.84924138451926 2.46029038507591 4.96211120695164 4.54633233235538 3.71769097136369 3.76281724314017 2.95097718755533 3.33596083444679 5.29784224840685 4.8495196489306 3.81047655805227 6.08791896204907 4.44102705789708 3.82692809737625
5.58423783804465 5.23726247157897 4.74835512323963 5.29982032408239 3.52917072881724 3.46283774416013 3.11736438491626 3.23468330750554 2.52102653360925 3.03400125784865 3.72338571555517 3.8676956650127 2.80078150624891 3.00029394650143 4.3370614868868 4.82641825504792 3.46504322653124 2.82945518625152 2.24433290997408 2.7419957974866 5.30857527239214 5.23401198045421 2.79168330060963 4.21389957166601 4.43805697857413 4.67346897851617 4.03153335614097 2.44837957166474 2.01296367116363 4.09828615319795 2.18196304001451 3.70036270744903 2.15033546935863 2.78319397089201 4.89121750945365 2.7528914491365 2.95638804024089 3.97893959051753 3.16847815901121 6.73147989327669 7.97267105138074 4.8358906970802 5.46347321771506 6.84262754968862 9.40411483110301 6.39781997219362
8.54618966810189 8.30330857727188 8.60197542693445 8.49696311541569 6.95157874803139 6.01507853912306 4.71077154761549 3.58466812190772 5.17264202960769 3.9929285355066 4.47368016802371 3.84733302253817 5.55421454797728 4.41063388122094 3.00176151999314 8.09371224665242 5.57959825120627 3.30830478545334 3.1226556165479 2.01541231541227 2.9582086306538 2.97943565240985 5.0542266592458 6.18521586295706 7.84967969359458 6.16424354116006 3.75411845982216 2.9220466995244 4.30536898288808 5.2835022106961 3.49924646706192 4.68356782782075 5.31476563536868 5.1291897733216 6.38772021759907 3.79605128114179 4.1746648599235 4.46003837378553 4.60895887504177 9.02433801462004 10.1238218520872 12.5997725752192 13.1973044378524 6.14279300839603 5.27500473381704 4.83572901993552
10.052732219431 7.35288553535925 9.76029806201839 10.3361840653613 10.1594138659042 9.9465162924566 8.12318488622334 7.67128686426094 7.75366743052715 4.52220467977871 2.93180984760511 4.67027048741228 7.32006055032963 6.4535975744973 2.77788828110637 4.44533967860921 7.01056649437096 3.89970320349764 2.41897908782533 2.99381718507473 3.63781887604887 2.88161050507636 5.41762826043013 6.36833315197426 8.35614437091134 5.84474007189894 2.7427949438303 3.41030961471631 3.37277542526343 2.9185498344899 8.75503338889513 7.00764118087255 10.1379943317254 9.0477252677251 9.91819534827296 8.58240903554123 9.4463445452919 3.83575357364904 3.8472119136661 8.21314802936628 11.5130458608112 12.4262696951822 7.89555816108372 5.69799799059343 3.50772362102696 7.1160618037099
2.12593583632408 8.32037088800852 8.87024877788481 7.97313915710181 8.28264853937296 10.958851386189 11.2746736549648 11.2917613281942 9.43959400916551 6.84625304427014 6.00063164616558 7.66544319091812 9.20114632908449 7.64122611050078 4.9810927248143 5.15470293342413 4.44352902763287 3.24029609414413 3.27222549731445 4.91993870134463 4.94484401848633 1.95245697338963 2.53045835929545 3.7168215752701 7.64855345884346 7.84324784045625 6.33273899125656 5.24144986608736 3.34166053242386 3.63900278897197 3.10024054468288 7.05367284685922 12.1977712882108 9.81458775887055 7.18515132713319 6.5763554952135 6.55046954947585 5.81550845133778 7.12586207249629 8.96557715922285 15.1369603668793 10.4685790808834 9.37404144110469 5.94775459757816 4.89802717300535 6.72172573259236
3.97573475240709 4.47710479317076 10.4060395661021 9.2089984758408 12.2557497556695 15.0867374825847 17.4396546125688 19.369865098877 18.0073162403238 16.2740551364512 10.960995060764 11.033656772451 11.2430766253668 9.60910237128823 8.32104646182698 7.15094611179178 3.93155043725367 3.48205381218094 6.14860325767763 8.11388418645099 5.63668915849768 4.25106284513419 4.89591569481859 5.91637002612655 8.12789596500401 6.33914046734994 4.64656440581733 6.00011886551437 6.78321014264708 6.81536467882412 8.6322476681732 11.3305949019887 11.5944835018248 8.54514215577079 4.72434045324839 2.65522727824489 5.20161368300972 11.5176391979597 11.2987575075567 11.3935389591395 13.4520220763051 11.0001103632288 9.17202896632763 7.2655295225863 4.81110181936764 4.54579346476741
6.69209302288759 4.20000571879157 6.41993182027585 5.37270984703331 10.20413822145 8.02290731275608 15.6120914782407 16.0080189056826 15.99772592329 19.5599750642273 19.2640288151862 18.6112476877065 13.9147180093283 7.45814270712812 7.31700888246084 8.72071312447372 7.26146170346343 7.09367137536681 8.75875919049286 10.794929316075 9.13093594842289 8.3888769789104 8.89583183301305 9.8306852053572 8.99163686578959 5.1829614706184 2.78076407589485 2.9798488329219 5.97285253448733 9.01180331946868 11.8043318666943 17.7608801154921 11.5761678489941 8.33612110394225 5.05276346667161 5.53869348854134 7.94471959745632 3.42519985696711 5.82031482763391 8.8498593852206 9.7738269481538 8.32347501851265 6.48865836079754 8.27492683546133 5.94045403876909 2.82736219197314
6.18212219937235 4.579687592038 5.60001841081218 7.49905341325556 3.41320104327266 5.54901647691857 15.2451187920483 15.116843926261 19.4472625815923 22.2477686059994 20.9282232535177 17.8451739539782 14.3264627184545 4.96795510126374 3.22963565471424 6.55160469675233 9.66794505206451 10.6661427403153 11.7751390615779 13.2514005137846 12.2458992016388 11.9077231455563 13.1642647397678 12.9315375027628 10.5782190190702 7.84485940039674 6.04926435357488 3.88668355128905 6.14860639459161 9.52388694517954 13.1007028076958 15.6979084925218 11.2383677390186 7.56226385911647 5.54035965160894 5.01734445768144 12.0421041929816 9.21397046269233 6.56353795442649 9.68211186156096 9.16459855579537 4.44688855474997 2.63958854500391 6.12013750923348 5.21731544434326 2.40172816283208
14.3729634545338 2.26062789236946 5.00946121431029 7.3515791640141 6.69221339213273 7.85842302438022 15.3434607644383 16.200046987673 18.8848654918405 20.6973455860714 20.780995563847 17.9444105778994 14.4864494293452 11.0370747200494 10.1167109548244 8.939619575614 12.008718035807 13.4221348083553 14.3771818742093 14.6582028368687 13.8814637723234 14.3042293262974 12.1766685124989 11.7707844808914 12.2810099658776 11.7231174900452 10.6662454021401 8.56914253164899 9.34726934223473 11.3166261524964 13.856749583432 14.5420963998206 10.8384811852717 10.7967245491341 6.64365862541551 10.2278166109567 10.0983916909065 11.7423094945656 10.909479817589 11.9870036538489 7.73880640077096 2.70606592659146 4.16508761786666 7.046860097319 7.60754534403943 5.44601765541626
13.6659320717108 12.5387574275126 18.3516570214856 14.8945587691916 9.55776022292086 8.93250483533296 10.8752362300234 11.068194900329 12.5043011595816 13.9018062777897 19.3861186823662 19.1001581829717 16.4409470391993 14.2943429074082 13.8914349644978 15.554904082439 18.1745111885943 20.5578420872629 19.9578339284572 18.6663927600401 15.7909932742947 16.1187177466193 14.3644623072444 8.12557090854469 9.86559352338515 12.4598329137766 12.0807667358921 12.431434408695 12.3578047777905 13.7621645833121 15.2185877149136 13.3731825252703 16.4334079240469 10.5173954850187 6.91777977444216 10.0808092583816 3.80890028849285 4.62033782446452 14.7694182731807 16.5513876523785 7.32180221798676 5.92543602246076 7.29553590316815 9.02541731912569 9.47535592658434 10.1583821776548
11.3099750966563 13.4472246356678 19.2639077976754 19.1393444683665 16.2746540546853 11.7379984199857 12.0316143343341 7.96806586985502 6.57725517272868 12.2270282423426 14.1362278999777 18.6810508699579 18.1952181500015 17.6400830604453 17.5162297351008 14.815021453667 14.3312539866882 18.5749828014393 17.327375813378 15.3490163021287 14.7412165567727 13.4130125474996 10.6495826802039 10.7254583010331 13.473746494889 14.5696170870235 12.2067600639754 12.6889103348242 13.9703111430498 15.5636879446905 16.1023621936199 18.2005701478619 17.5032351974207 14.5210145611769 12.4884514032195 7.67238995873662 5.34660334279164 9.78063880327435 15.2511123154867 15.7175607137638 10.0769248238052 10.3195349449803 15.344699656568 9.13000920349689 9.53613818759618 10.6050892023929
