IBR/IBR_outputs/all.combrep_1/PersistForestCover_Total.Silt_Total.Spinifex_Total/PersistForestCover_Total.Silt_Total.Spinifex_Total.asc
NCOLS 160 
NROWS 95 
XLLCORNER 210004.651214014 
YLLCORNER 7350008.22228844 
CELLSIZE 4999.99999999997 
NODATA_value -9999 
[rows 63 to 83 of 95, columns 92 to 137 of 160]
1.66185652444662 1.51692180750776 1.58232811289919 1.64489313605756 1.74119115547425 1.78981429151276 1.72784425961405 1.7693795953094 1.64392267966153 1.52075279464498 1.68023401895321 3.09517005389116 4.56943031732072 4.1750196773265 4.17984083603612 4.04865628530203 3.95994466125377 3.89200362227462 6.10799495528879 6.25197338584198 4.74411822570627 4.55467782886682 4.10729278706311 3.55304620337105 3.76472512962595 3.80974505540658 3.41071290236756 2.24748031988303 1.90487920787551 2.1829151071425 2.47524258127461 2.07100709615937 2.16317455307863 2.43778564441026 2.2129698491386 2.0344159204829 1.98336710806441 2.3041493376712 2.14791786040434 2.13908502053239 1.65963366557619 1.79365264261217 1.88304632686511 1.90592469823401 1.60898744163138 1.80354807428512
1.56237720249328 1.53930191735211 3.36739349673708 2.37225859147348 2.36301963330565 1.75320692729987 1.80406467328673 1.71266387917397 1.81347623393263 1.76034602474959 1.57436713236703 1.30297645766952 3.46896142099856 3.74299326375792 3.65884870664644 3.68143779998048 3.81097790679255 3.77130294662171 3.75599919637963 4.20453748036408 4.00993031868949 3.95154046298695 4.0204420928947 4.18198885931035 3.55077917949598 3.55443182792994 3.60450434912676 2.99727445908165 2.13257932277508 2.02073122909529 1.57984990289539 2.04382283261521 2.01982464558877 2.10259719356015 1.88058358182632 1.99530741146608 2.28504627761748 2.1871715608209 3.07761947398754 3.44305606465201 2.09531781019158 1.74966460695871 1.69039024640326 2.17868585026607 1.86168223194806 1.78411382355982
1.62900838229798 2.33192567814763 4.21136613135469 4.17162578575211 3.18621268921051 2.02660900832812 1.70011727747474 1.56019767406872 1.57339259364411 1.5577471566022 1.62951781977918 1.60377097326814 1.75742033396689 3.36174082034544 3.36875099494209 3.37454043304631 3.43374116080211 3.67721874907871 3.68023584940783 3.6665181225123 3.81543876865322 3.69673232208267 5.62946533883163 3.84636370977713 3.67212938180264 3.67910895729746 3.50777556422366 3.72140102624427 3.68860533057067 2.6312863903852 2.08030825918412 2.35327406319637 1.90746235173649 1.84878047768774 1.87600295784624 2.3773151078135 2.76748743559538 2.89562793549209 3.01148609254956 2.66020774429466 2.18318342485647 1.91135156599471 2.10034294750298 2.38054706766259 2.21785995602938 1.80378557532871
1.75121526098099 2.14397218111349 2.33285646275465 3.27150866483047 2.6275454688299 3.13520381763486 1.83367716893116 1.55882097954041 1.86579169900977 1.48161332657951 1.51014484112017 1.5556319432537 1.79965246527254 2.0107393563508 2.75251222170018 3.24598800297371 2.80904468445866 2.58597428594986 3.44594566276038 3.67737323887569 4.54971431584599 6.91276508341991 8.18222421221909 3.95523234833014 3.81833587470537 3.36130443278964 3.49155935611542 3.70812958411282 5.12533070013845 5.27827316338757 3.49862905639131 3.23875440366737 2.30112405208933 2.40937158936426 2.18362102120934 1.98940515644335 1.33257556291001 2.196979260916 1.3723096360232 1.32320717259804 1.2248133967315 1.28978833995681 1.80650967483169 1.94070952294283 1.7890839098677 1.7183495036648
1.72553954437268 1.95898725394177 1.52714763738393 2.69138492127716 3.02458998817148 2.82675158507673 2.32325907584154 1.492896107858 1.46522478872845 1.46085994741424 1.43494367072413 1.43816645904525 1.48040991169575 1.80477119698766 1.73850761518916 1.35969245942347 1.22348329419875 1.53062615819086 3.06626767366286 3.29871060601793 3.77951713320384 3.54066902041629 1.39345504957009 2.51093529645271 3.03912112776146 1.59159761457457 1.48379754273814 3.34202202457598 4.23273739211449 7.71874641581662 6.2723261700024 3.94234766558203 1.70260432636468 1.07886338518055 1.0383159527561 1.11739517756337 1.11559728190099 1.11437214418776 1.57785878146289 1.28041440211372 1.18134604636204 1.15448689043543 1.5144465099765 1.95733827538189 2.15060296577939 1.76219899063842
2.76659031512559 2.06078091430709 3.56726751084507 3.70111981869286 2.5274177446256 2.04151750606284 2.84158646635806 2.16316064655416 1.54549068397847 1.65344598771295 1.49216737965602 1.545695196639 1.51089753322583 1.67248920886013 1.59439379335345 1.29725112603811 1.24755114260144 1.18107700699293 1.32882420884895 2.87782265845083 3.21185959552241 3.30730553445033 2.78368786664963 2.94074859783682 2.93459045080337 1.50560589407342 1.2251852346856 2.65468211473625 3.13883879888701 3.31061297199823 4.23537531897537 2.90208996727156 1.04931717083007 1.09758506237406 1.17604594776377 1.23886856370834 1.16819320705316 1.08064439172926 1.4050194001301 1.25074579677852 1.12227243627201 1.15531005160024 1.23943396274919 1.6779438438425 1.75834526912738 2.59833591962033
1.97713916613535 2.64541533504065 3.40230592650397 2.00545925038487 1.92605263100525 1.50912248397116 1.73235918135414 1.51178312076808 1.54899114054839 1.58327686714675 1.49412197532742 1.53023201303122 1.73567363357999 1.48693890009759 1.52877181332766 1.52804027741111 1.45992089477241 1.33814886706329 1.07656750690863 2.09010085675949 2.65027128229751 2.69866267273461 1.87674676199564 2.12616819596563 2.94953940246668 2.46484557866247 2.05129457995497 1.95593383614441 2.58915345762357 3.12526073763779 2.00466584784669 1.8835412421551 1.12101485234403 1.08713298724617 1.19241587780752 1.25928086565408 1.13833445260159 1.34435086410624 1.67100690700621 1.14660405155726 1.74270043407118 2.09475672973246 1.56981791527922 2.22134489118941 2.30686589458267 2.14556242719051
2.40138084522101 2.10701480302827 2.15568540822475 1.72787161336088 2.07091980391316 1.58803368224997 1.54309291298689 1.69066275910757 1.91175427913105 1.54141002434196 1.47713178221422 1.51651184877114 2.20510230511587 1.58761433009223 1.52225153237268 1.5086191215693 1.46642080415158 1.55567022648665 1.32383710492189 1.21944701577134 2.64771744033223 2.70051305809497 2.38666609384485 2.70001944698525 3.02588831943539 3.15115566078685 3.15061651424474 1.4559341508124 1.62638004397714 2.43399849671663 2.69867956638781 2.23133217855609 2.06786511619747 1.31863885257551 1.27816497037582 1.25966744775882 1.20841261039265 2.15137379767303 1.67644940137719 1.78313290607536 2.02497290766077 1.71546974689027 1.69132790817478 1.89568758848319 2.91153156488846 2.96537383791513
2.42780563773094 2.91559220080507 2.78065646388023 1.98552031830075 1.66946317315731 1.53606956550749 1.61042364289122 2.31773927260743 2.04542820441741 1.53803935053305 1.48484629236074 1.58369812332182 1.57599107061723 1.46829267936217 1.48302734279061 1.42757934184686 1.43323049801091 1.50664710237839 2.12827396311617 2.29020262434992 2.963650628227 2.66147325580325 2.00020040567086 3.09445424772158 3.21477441536222 3.24339350888757 2.81428652724384 1.42559064552908 1.24703275613881 1.76166427459637 2.24793272029998 1.69774887872372 2.64142863305982 3.32077145838199 2.50981804952441 1.19711490917976 1.21309540322526 1.23943135557161 2.0483091311123 2.61196511406714 1.64669514772454 1.75469058671157 1.73787306286932 2.92460172684975 3.23888650783236 3.26861593219655
1.93204296158231 2.22140616189897 2.55680169245136 2.19888115177073 1.73922482469674 1.69023948236139 1.62991503813065 2.02425231916409 2.73970590452114 2.58828059948333 2.52200670653607 1.88706857287881 1.61403765261512 1.48149063816045 1.44804927992469 1.4608148160129 1.43546304808235 1.46398445947089 1.66825230805034 2.79392031726891 2.78261958339799 1.63937052456272 1.31914581512776 2.97954923728236 3.26276353209099 3.30415161799904 2.87059544801174 2.07031390769543 1.08420633605226 1.26041909183902 1.47573813877737 1.68322459492897 2.02823473519179 2.96885956862693 3.40690113728233 1.62494194304474 1.29425484343104 1.6552837154205 2.85044256400033 2.96227173255052 1.63883944237465 1.8896677514093 1.80731608500003 2.94139895285021 3.28873358219498 2.00904057483801
2.35465617858137 2.51323472941029 3.32075356909865 1.72893193744598 1.5296415230114 1.5763347679444 1.5474963360687 1.65672037299971 1.59246891300869 2.76806122392436 2.35622720396115 1.88119195118568 1.7177841296665 1.5317607569284 1.48880551026172 1.47046538854854 1.47498685621445 1.53864272490069 1.66906685799478 1.91669606551699 1.35867871210397 1.15163821389441 1.10150665126476 2.81044870871439 3.24985200716438 3.33122129067782 3.2792610300476 1.40692257660993 1.06802698048186 1.09368888631581 1.67404506541468 1.82682568235245 1.74305345247959 1.92309282920559 2.98140076128326 4.47404224793932 4.37967656154709 4.64114710974961 3.18445544562756 3.02634086881468 2.23620808280436 2.37476754703812 2.27420299438272 3.23115373869303 3.30883749224703 2.2445977888231
2.49053534457616 2.056628389895 2.85530241669613 3.02697332320469 2.24065729792711 2.38208425380178 3.19850373400306 2.45974335306477 2.22532587524129 2.78447486850899 2.49457908537426 1.65512005228549 1.54674717677242 1.53324340808544 1.44940676354028 1.40987405763439 1.48769098975829 1.50266155204804 1.57578823804467 1.74179849591701 1.59528105789158 1.4751600941657 1.0848499424058 1.32604684344251 3.0819131586205 3.39964203593239 2.79827368627476 1.05022807542171 1.06842161963998 1.50343718495637 2.74016782646021 2.71508120519651 1.67485856169758 1.49140355689679 1.25599957149199 1.52921284425735 3.03731587686345 3.2293468072113 3.08764344149561 3.08764622556508 2.69825818753285 3.30741737993607 3.20427797924744 3.32402267294936 2.93682677369006 1.43837214453073
2.62220405499852 2.27254864778515 2.6974834215149 2.52424877688919 2.92673922419663 3.05541693176578 2.49333037911241 2.18096579330352 2.53505578589367 2.41197378254272 2.12611690195269 2.46223146840085 2.0675787351025 1.9391308021797 1.62967794468292 1.35123371908764 1.40913702655596 1.39921263902562 1.47497040788408 1.57837495854033 1.55159544230008 1.54470692310037 1.18683591138394 1.14028903740304 2.28627544803374 3.44450864924071 2.15187499435836 1.04740481565818 1.07646746883608 2.13597863535841 3.70151180193505 2.22445392480752 1.54996093569247 1.69981767959056 1.46202839366529 1.16572839312822 1.36128344073416 2.92530113040051 3.22329213627776 3.03101609225306 1.57866728711665 2.55263227458705 3.0483054589363 3.62332021028989 3.63576073727471 2.57456563989554
2.30229988286425 2.53964784920737 2.3168096696256 1.8287994678176 1.77428403436773 1.81624660584311 1.59714165759063 1.63794052162139 1.66057903159829 1.86587876491955 1.92523093121988 2.61443155570246 1.84518857941787 2.57736261679453 2.52496612117062 2.07153686771799 2.57353902432453 2.07064451634053 1.51685914987178 1.57082944323547 1.5103287693383 1.5954870927578 1.46350735124248 1.37233303711178 1.29899797538814 3.42014733318476 1.55590207845599 1.08622542305452 1.40959704087017 3.34853339144236 3.1315586422609 2.07666897905362 1.69658011945308 1.45647166966615 1.49770063897507 1.22814354226946 1.11476271663702 1.58415299895912 3.28531503597275 3.3203448551939 3.18694563892509 1.66870893600084 3.45486383665878 3.45436474835331 3.51079682326989 2.67648255165152
3.11006929960884 2.37047738710706 1.75619131343639 1.6710898728391 1.69716599938063 1.95754233192707 2.60651086571439 2.99200920351631 2.15820421472989 1.93953897422014 2.19486661113777 3.34772693118947 2.86749433914721 2.72334224796221 2.34718998573889 2.00433177621049 2.49220403060327 2.26594767182305 1.86520347149089 1.7179016065393 1.55206527504778 1.61273227276971 1.5683010171644 1.42683137388222 1.33640046974374 3.00149550678811 2.03732521964863 1.29951351567776 2.87326792896613 2.98478154609075 2.01436688085389 1.73575904967294 1.63855619370392 1.45277207822997 1.18258933716355 1.06413570677304 1.16017319287817 1.52675576820992 2.59440241303587 3.11784650642071 3.33214158801356 3.27924180887133 3.35812458996149 2.12381938975934 2.85119347872639 2.82184617248373
2.03129418062744 2.31141408927699 2.12182918779769 2.01666093100269 2.07018960570117 1.82863115247684 1.89529545997425 2.37401822354673 2.95674012993614 3.53292881813988 3.50650048107968 3.46907360266715 2.99112456171659 2.5118450821528 2.55423548752995 3.15046627052877 3.04144809180045 1.86442418948391 1.56333757785694 1.59022716885643 1.63967373219793 1.60037487569959 1.54146120850422 1.50618177088656 1.65913537591117 2.46753884666795 2.02410309909044 3.35094000129558 3.33859239821488 2.12632432830995 1.93594577217446 1.3426006719661 1.51858119819258 1.86207493049568 1.46648695756093 1.11783031202605 1.11817783104385 1.52249967214429 1.41534024766917 1.63908482307864 2.42218721760292 2.85754692808667 3.2677013102538 2.92774079408445 1.29369781560261 1.22071685888189
1.57139899923315 2.12779940184714 2.38859798266872 3.21161847069765 2.87411699268615 2.1134615898234 2.3613544068427 1.98288572008199 2.33715449467371 3.0577918527678 1.92441677942963 1.59271072996226 1.64863466276024 1.650010725835 1.75841100180468 2.00669640520053 1.61158404336713 1.51896466117768 1.57559952428248 1.57261569300001 1.5930781320491 1.54604768800317 1.54286818062919 1.49537051754185 1.8426394967002 2.66136516521311 2.21116638797704 3.31653673059671 2.05222689987003 2.35545631468804 1.62424408791875 1.19385958549568 1.15372214301841 1.67728060851246 1.85087256184612 1.193138831655 1.37550898767708 1.43282715557882 1.89983714141162 1.61315878226989 1.65882175280685 2.65406861908191 2.93657989896723 3.27856738173415 1.78716252337813 1.08144984500938
2.44568013429978 3.46089156077179 3.02867064727018 2.31608081821206 2.46920276540039 2.81185365915642 2.65757592343844 2.429495206451 3.12838138523376 2.77261889754827 2.2666568325948 2.82414272655875 2.54992064565575 2.21008176525915 2.23358745125315 2.315077333788 1.76696508473187 1.66861164179327 1.72932443988837 1.99476346381042 1.9130071667818 1.63279274010294 1.63719483572448 1.62449318557973 1.70619583233506 1.54074231469422 1.47101359444779 1.64949947544009 2.16374980510328 2.49840826437802 1.30213277259965 1.16003999200938 1.13985830626816 1.6740069517641 1.80109427115087 1.28102897749711 1.98539191671403 1.39956056249168 2.24027929695277 1.80870439672598 2.66748743691438 2.99095668377976 3.31918964426328 3.10139842553123 1.33032598875741 1.1817448341762
1.88208235267473 2.65846934971926 2.09152256614564 1.8264963089348 1.69451816858648 1.72291379716231 2.92047359361771 3.10859085648878 3.26865799785798 3.04608581742525 3.06185921007249 2.81500304728076 2.98286316152569 2.9091004565633 2.27134132549038 2.68393100349685 2.01818844010876 1.61279294734571 1.540758388999 1.65995751878256 1.50608722920897 1.63334018998797 2.51895688981687 1.89803816300559 2.03178592647991 2.32341716742487 1.94017231674782 1.86445374116853 2.04040049709642 1.66153995990522 1.64357859904415 1.18734957592466 1.48521456181978 2.11552741129986 1.80505666660414 1.6623679356463 3.23198582263765 2.29953151201866 2.13486670665678 1.59595347584773 2.90857588539189 3.2786817976741 3.30442921458929 3.43216187532011 2.59175180882842 1.32875917744071
1.95880658283634 2.49621180747436 2.14562089560521 1.86088910782396 1.84854620167726 1.57350104941582 1.54247131987825 2.17838821483758 3.14019595170339 2.90178630042516 2.87215376528592 2.79431972563218 3.00236536655269 2.37154946899358 2.26669028222667 1.99911124019905 2.45770397236681 1.90088309414169 1.5483622214475 1.86945721876101 1.36399950629736 1.63522271974129 2.65656834835306 2.75334448818531 2.98768452199386 3.05704886856719 3.10976955749156 2.47709593651711 1.86921688599382 1.82296697012976 1.58741061069407 1.51586774787138 1.60637360150238 2.1999244122196 2.0431406641073 1.56882422666195 2.33255426349072 2.53575358726954 1.96541389969822 1.54715530415494 2.59774794543356 1.76988189418492 2.58802092409859 3.43205759280894 3.42469388013266 2.64500586961829
1.94268131635432 1.86202206803182 1.85161914032751 1.70839859605883 1.57292869644197 1.44071720479895 1.93344420987163 1.75615818518088 1.65661349775624 1.70003237565365 1.6589494668685 2.27201044600065 1.86422199468595 2.05585391443846 1.70142168412947 1.94301295753545 3.03643810959193 2.34860479002218 2.06260538324984 2.04872730524752 2.25380251696194 3.32873362632789 3.17520921826154 3.12116210890299 3.15692205090292 3.08491113765435 3.121293030149 3.10908790867336 2.45486646988983 2.43467157543347 2.68958678782932 2.53150538060345 2.65367466994286 2.41436852129831 2.54902331838195 2.5208252168546 2.19910998268893 1.82022043407413 1.65767431976041 1.59282126414304 1.74254023156618 1.59299808485742 3.1259152109393 2.3588014742428 3.25335149986436 2.72477177500006
