0,20.6128844544484,20.9324818144896,22.9297869058529,27.9984926476919,26.8985786535991,30.3262807197559,26.3676869204833,54.7138853947462,58.0908769808464,86.1363731360464,50.6683549284812,51.3518624185999,52.796670751411,55.2408759935435,59.3312341398748,51.5470833938515,56.5553574897453,54.3178737951841,50.3651344680477,37.7833786079821,39.1273387169014,37.9075943226741,62.8616777408687,107.58524438387,120.015789652698,58.1611419220827,58.0695252406259,53.3489141446192,47.9426929776659,46.8736480703286,51.1658944886545,77.1032704282737,39.8834412013208,64.8266932661616,61.217722790337,50.5727935352063,75.11796136868,78.1702894443257,77.1993407683977,72.7733910646287,73.38037836846,73.6544173100762,73.4725396232109,79.8138612750676,79.7957618599561,88.6541380177213,79.3175141560401,86.5287499457046,79.7943248441921,80.6718298248695,43.0034544341366,41.6587688838814,43.1401382853061,42.7087369000842,44.6473021907572,42.0336418877495,41.4923336619645,31.9090939870504,35.065887481286,34.7574625373052,34.0731663318462,33.8779873056228,100.359856393065,37.4768948325318,49.9059029358754,93.4489229846291,95.4397626499453,91.3250247083275,85.8686822839899,76.7246585367619,75.4654190635644,79.7967847821564,78.6389976262668,76.4837411580975,52.3468196689645,60.346723828999,60.6979006278427,37.4581481663547,38.5031521044061,47.7420597333537
20.6128844544484,0,22.6871734226496,20.3691244405504,22.5373055224375,27.2097587878436,30.1083903835493,24.6763119765394,53.7239722099709,57.1045785212726,86.0085272843571,49.7059168872136,50.3832523511606,51.8228144644431,55.3123412832982,59.3514265619969,51.1434006766372,56.1727869420582,53.9075636358245,49.9916027025958,38.0107640283982,39.3978848570495,38.1858237770256,62.5097577602188,107.569532581999,119.982636976261,57.6661437947544,57.6177953385652,53.491643549039,46.9546119927868,45.8801917331157,50.1914431759797,77.0827109601037,40.1899589939007,64.8266055874759,61.220666410512,49.6259862278199,75.0110777878848,78.0655747330282,77.093026553186,72.6536867331234,73.2602112345423,73.5324368040182,73.3502179687341,79.6954770081107,79.6817465827473,88.5372472985109,79.2016432415033,86.4123165067135,79.6777144566426,80.5598352896542,42.8305453252343,41.5026069589467,43.0021139326602,42.4608913783025,44.6542109212532,42.0319613263545,41.4613981786505,32.2404145078194,35.4166189962923,35.1875325606404,34.5252437379605,34.4395339045746,99.8312030127972,36.6571012478691,49.2727219196691,93.3635301724055,95.3569637845375,91.2410695464496,85.7833046386384,76.5955297090193,75.3364295326998,79.6748393733268,78.5176857383998,76.3472395641989,52.0147475173913,60.0340767242075,60.5625764845095,37.3889438254929,39.1279813594416,46.706043664419
20.9324818144896,22.6871734226496,0,27.708841426159,29.9198621128872,21.0130739117017,26.816784844251,21.8439102669426,54.7176019155072,58.0850712178753,85.8212976864506,50.7560691190304,51.4338855521777,52.8443940820902,54.9941353984175,59.0375872084938,52.1959200983598,57.1930763575716,54.9525962429906,51.0137651155798,38.3897186700353,39.5902302768572,38.4322060297821,62.3718540613854,107.378692078025,119.789415257061,57.6612635380008,57.5596739740611,53.2384557696725,47.6384903265659,46.5575338113716,50.9742283728891,76.8731744506181,40.1609300616508,64.5072045166848,60.8913708976748,50.6991469860488,74.8161690672374,77.870505018089,76.8990868777164,72.4601573978129,73.0673245709596,73.3394642037509,73.1578525608693,79.5049392692073,79.4902604145408,88.3469053445925,79.0104475184629,86.2220927714258,79.4868568879475,80.3680645070084,43.685088419505,42.3528983734502,43.8092408801616,43.406173265125,45.2337605429564,42.648167766026,42.1343370092048,30.5315168045158,35.716872317906,35.375479437991,34.8035484943183,34.5624729704413,100.89232998794,36.130690227602,49.2597264918536,93.1693695220856,95.1626248158723,91.0467439920457,85.5890144825602,76.4067322086151,75.1473103423292,79.4850213950608,78.3274875783571,76.1602312935275,51.6373050928716,59.6819327263967,60.3158936977911,36.5756568206255,38.4980516693925,47.7354531470608
22.9297869058529,20.3691244405504,27.708841426159,0,21.1289335066673,30.7756558265108,32.9520137507433,28.7145910255186,54.2768871520028,57.6671838320456,86.8197493294493,50.1646864804401,50.848914285338,52.3260816643326,56.0480943620508,60.1325782225448,50.971724293701,56.0153292108351,53.7523103880322,49.8216876687543,37.9391805070426,39.4721883796833,38.2029328612736,63.4965646505244,108.27318723791,120.705743057471,58.6762040437829,58.6324241259847,54.0994696740672,47.8360779833641,46.7753234484783,50.9509169898424,77.8085113760712,40.4451208378407,65.6322587736296,62.0321939971606,50.0413558947242,75.8085965509537,78.8610998289005,77.8890999517474,73.4625973845265,74.0689944727453,74.3430860089252,74.1606522897524,80.5003670626588,80.4831872069962,89.3404853791299,80.0046511294651,87.2149957423289,80.4811446592932,81.3595403148071,42.6320599715797,41.2913589649017,42.8194851071693,42.2402696543265,44.5687228884448,41.91728755922,41.3156820666031,33.8061190302137,35.3291978107996,35.1514540717498,34.3896528577911,34.3792198607368,99.7910915374829,38.4623509292935,50.4341551212377,94.1391443358328,96.1301783697739,92.015414342857,86.5590224338936,77.4094389810251,76.150493091256,80.4825893883762,79.3251559989726,77.1667955455582,53.1899384379075,61.1687501300655,61.434341138946,38.6685354034277,39.6878678256302,47.277344094969
27.9984926476919,22.5373055224375,29.9198621128872,21.1289335066673,0,31.9919359279147,33.7450558440544,29.0873328253729,54.1224639799246,57.5169749639452,87.485641521006,50.0388867397679,50.7162648136046,52.1883189381665,56.8914904166388,60.927616592916,51.4780016707341,56.5416339112913,54.2494638260978,50.3590903503221,39.0537538267903,40.5910482465781,39.3420216123941,63.9545251014936,109.048366868795,121.463567316909,59.0055714751453,59.0011369624278,55.0194921642454,47.6996071061671,46.634880002176,50.8190014773592,78.5765684514615,41.5573590032138,66.4074857288275,62.8093346955093,49.9325449992302,76.494154804987,79.5487569531381,78.5753164170272,74.1358007714036,74.7418116575536,75.014128785348,74.8314232880242,81.1751581973655,81.1621440363127,90.0167530797592,80.6818272647129,87.8917215393419,81.157633732151,82.0404396624316,43.3795790710847,42.0590839403998,43.5989222082898,42.915944947182,45.472492217558,42.8190277644005,42.1952763911642,34.7716618364216,36.561644942031,36.4386861483027,35.7273767673899,35.7855566226977,100.152042334288,38.6475648527015,50.650070916459,94.8457690247305,96.8393182185198,92.7234256005529,87.2656475120854,78.0739308304685,76.8150896934789,81.1539799764155,79.9971264566164,77.8242836771315,53.6679835011899,61.662385702306,62.0880896137948,39.3598949595388,40.9780227471166,47.0725079187666
26.8985786535991,27.2097587878436,21.0130739117017,30.7756558265108,31.9919359279147,0,20.9815259465651,19.7490550280465,54.6060220070952,57.9639279608252,85.3733000480973,50.7217292160395,51.3948060239346,52.7730855606584,54.6203399574304,58.6152669716209,52.6502984394191,57.6375942944425,55.3949168267162,51.4675612650341,38.8160091134612,39.8947265544221,38.7918328250303,61.7438613366308,107.039226492254,119.430228795232,57.0248498961946,56.9116652849426,53.0003438334712,47.2277468892159,46.1355723226728,50.6726453207397,76.5109315452601,40.3030107361661,64.0584156833339,60.435829160349,50.7000204531519,74.3816078079119,77.4379589245208,76.4660475447089,72.0140976067618,72.621434857674,72.8916694734528,72.7103154392335,79.0631560351551,79.0519199290115,87.9068120193171,78.5705339760687,85.782574207948,79.0465358222658,79.9314681106094,44.1654881103967,42.8437778527326,44.2789122442049,43.9002919746276,45.6326606818873,43.0715538369392,42.5811536446248,28.9259979736126,36.1921486349637,35.8326508322131,35.356026339469,35.0936076940484,101.247374611913,34.504698773984,48.4690005097539,92.7570556959604,94.7527316368735,90.6357073319926,85.1765894269066,75.9558933920076,74.6962924678298,79.0403791695885,77.8831048560945,75.7037628662932,50.7691821873339,58.8635348657045,59.8004787895287,35.5164854240322,38.4504166166404,47.6196841947991
30.3262807197559,30.1083903835493,26.816784844251,32.9520137507433,33.7450558440544,20.9815259465651,0,21.6712675847112,54.4780147505595,57.8264602699861,84.8892295037516,50.6634619140379,51.3327473594815,52.6812175250731,54.2148453053833,58.1605077631456,53.0083369632251,57.986695621889,55.742777084334,51.8244113421011,39.1477446164403,40.1240534234177,39.0691523499047,61.0771762879142,106.661831027346,119.033543128951,56.352357757151,56.2256465136308,52.7273846692212,46.8141004093665,45.711723611492,50.362581406613,76.111860894497,40.3926306752303,63.5770089753086,59.947894423668,50.6732860922995,73.9108728296314,76.9692115873522,75.9967950803547,71.5320065640784,72.1395033111198,72.4078591507837,72.2267519324032,78.5852437819424,78.5774108826191,87.4305621800828,78.0944717365692,85.3068890140859,78.5700679182825,79.4586804859147,44.5412012759754,43.2280363050016,44.645032221486,44.2888137657793,45.9366449759526,43.3968175339342,42.9266620617954,27.3095915814236,36.5707101179536,36.2018854131786,35.8032703748937,35.533119471776,101.522513833361,32.6744090166433,47.6356416023522,92.3081993973525,94.3062590994388,90.1881102929074,84.7276265104177,75.4690337707424,74.2092590032382,78.5596413282603,77.4026269713686,75.2113287662379,49.8413150499494,57.9907558915491,59.2494091037471,34.382010733388,38.4300221989734,47.4933834117367
26.3676869204833,24.6763119765394,21.8439102669426,28.7145910255186,29.0873328253729,19.7490550280465,21.6712675847112,0,52.649859416486,56.0109726172139,84.3174880641964,48.7926641652035,49.4600649030735,50.8328814154447,53.7682211950499,57.7189704118342,51.1984000935586,56.2039979616743,53.937784136469,50.0413100813064,37.9055618630772,39.0588018355417,37.9445862472461,60.4800394452685,106.079555361405,118.456359051129,55.6040056558074,55.5400288104717,52.1894169948994,45.2590889818199,44.1598416667973,48.7267231183318,75.5519607125705,39.549563042997,63.146580529646,59.5293427157444,48.7855628898774,73.3455724503298,76.4038069020281,75.4302453646391,70.9668163743297,71.5735951125057,71.8423108318134,71.6605109387053,78.0162277407711,78.008945909682,86.8611021010798,77.5259093233517,84.7372223420281,78.0011962863505,78.8902833948079,42.9100439737118,41.6006433205145,43.0554205267756,42.5784889769621,44.549179536243,41.974496792478,41.4536197337042,28.9918234359887,35.3642670675402,35.0753061862985,34.5789449467233,34.4120017903177,99.6910807474203,32.5832874060201,46.8992234766088,91.7390736127933,93.7369978217984,89.6189883634457,84.1586536411398,74.8993902252175,73.6399897080306,77.9902413079073,76.8336025481441,74.6405348386212,49.5698020107941,57.6785960892753,58.7536176506796,34.7033081082903,38.0773111538799,45.6196291156881
54.7138853947462,53.7239722099709,54.7176019155072,54.2768871520028,54.1224639799246,54.6060220070952,54.4780147505595,52.649859416486,0,26.4828771756295,98.825603845468,35.1072090919825,34.9563040458088,31.8820152306847,70.3101800486028,73.8890629611972,61.0744426148152,66.0733817392257,63.4623476982647,60.2228348415377,54.5559022308994,56.0586759376765,54.9498795457545,73.3609042288838,121.56048315506,133.795743943382,66.6181978167123,67.3206574770777,69.0554305261635,46.9201562308627,46.4093493776294,44.4371201771662,91.04575048348,56.9782588261628,79.206036867749,75.6558272898195,38.0306889956504,88.0649108836207,91.1419863311411,90.1500749471252,85.573397033638,86.1732734192307,86.4274884784058,86.2399225938212,92.6194062588567,92.6531064567737,101.475805742376,92.1531964392096,99.3551856310073,92.6207031524009,93.5526814074648,56.0498183651037,55.0198910782019,56.5371841301083,54.955860769501,59.4341968669693,56.8030097390695,56.0354785776875,51.8277950236717,52.7448927607241,52.8794183612812,52.4526203502082,52.7932461743031,105.653511829074,53.9006165983246,59.2988980159889,106.636268339265,108.656908871502,104.529035432792,99.0564980980036,89.4049976437508,88.1483972818014,92.5602910360423,91.4107784532349,89.076613715333,65.3237975754503,73.1011450163216,73.5577827826894,53.6888081582322,57.5944623639783,35.4765736871966
58.0908769808464,57.1045785212726,58.0850712178753,57.6671838320456,57.5169749639452,57.9639279608252,57.8264602699861,56.0109726172139,26.4828771756295,0,102.072855401484,38.7673738925933,38.898784144447,35.86917558395,73.6083439879069,77.1747830299913,64.5407376398655,69.5361345035375,66.9294785787165,63.6844688841624,57.9486546271792,59.4397627478592,58.3349424186373,76.5586801188754,124.841562390067,137.07142922729,69.7736302678564,70.4936325987465,72.3750705183572,50.0109083810915,49.522136776221,47.2645788035343,94.3242523017786,60.3441865741142,82.4869319652085,78.9375077610243,41.5311336365644,91.3183907694319,94.3961065666358,93.4037289746417,88.8231118204043,89.4228480712071,89.6765363089365,89.4888647483243,95.869484833764,95.904481083469,104.726323637892,95.4040212564137,102.605837948028,95.8713075026203,96.804655031607,59.4838534976573,58.4519747299937,59.9664949901161,58.3997651620893,62.8422509275276,60.2138721248955,59.4510018753201,55.1556886222912,56.1340707223489,56.2640813815506,55.8414026747298,56.176850262418,109.132807947517,57.2124034820394,62.5054247252868,109.896159883294,111.917575029434,107.789354870182,102.316391658294,92.6519067371272,91.3953533522205,95.8093143230671,94.6599922699019,92.3213531279766,68.5781153171064,76.3495853188844,76.8058092197146,56.987093509802,60.9478229750715,39.5344276090585
86.1363731360464,86.0085272843571,85.8212976864506,86.8197493294493,87.485641521006,85.3733000480973,84.8892295037516,84.3174880641964,98.825603845468,102.072855401484,0,95.2777297360627,95.96573750829,97.138414131371,77.7552952277126,78.4258778762367,98.0340065225407,102.854074060272,100.720733873319,96.7121253685381,82.3906308211958,82.1207138119888,81.778794677533,85.5720025462414,105.731009758849,113.675595604927,86.1817683825056,85.1380282368128,80.7880449394458,90.1863056956517,89.2162222904515,93.4290085635643,78.5831593594354,80.783877129557,83.9465257971359,81.4241126036714,95.4133293350929,52.4065068061713,55.6288275009346,52.108011719107,50.9000766406297,50.0786871478438,51.6914622358912,50.0767943473258,45.1898804202254,47.5732248090331,50.8967998954779,46.6757709181066,47.3446658401543,45.6448090743441,48.9190979066448,88.7065651450934,87.4380337362607,88.5467634729606,88.9084503763631,88.3637040196737,86.2573715669836,86.1932083297937,79.2755173257465,80.7289345676657,80.5562288329749,80.8384722124543,80.8505131867382,146.488367393033,84.6298701141546,87.8633994513133,70.7486958935601,73.779486371685,69.3528832568269,63.4891704468374,46.4188823482595,46.620127165638,44.4212969831424,45.1519533009384,49.3688052312494,88.566974845241,94.5789371539227,72.888973275887,78.9340369024908,82.8317090347436,92.2801023795539
50.6683549284812,49.7059168872136,50.7560691190304,50.1646864804401,50.0388867397679,50.7217292160395,50.6634619140379,48.7926641652035,35.1072090919825,38.7673738925933,95.2777297360627,0,17.1946383499977,25.7660522335128,66.5024956541726,70.1571309207406,55.3120393893709,60.2742158627764,57.605324797291,54.5035314738271,50.037322799183,51.6399024063828,50.5048907136015,70.1308885613062,117.814068639868,130.082098522817,63.5983510790234,64.226021292369,65.0968274101826,44.9945725184623,44.4118773081333,43.3247552892417,87.3210724170587,52.693935595733,75.506742126942,71.9555733256705,23.4900442315247,84.4834880389979,87.5568214578683,86.5671888673248,82.01382494513,82.6142388401887,82.8716498782067,82.6844290658399,89.0562584810053,89.0826786402624,97.9099477270434,88.585909052798,95.7884716912899,89.0545716596672,89.978818389983,50.9303520195105,49.9545230881348,51.4823479059266,49.6969838177126,54.6595644747025,52.0076960578487,51.188613912795,48.056320220387,48.2989919643594,48.486295295549,48.0386765604143,48.4370983435343,98.8718849477982,50.3938007524265,56.2641145185681,103.016442032559,105.032565768953,100.906741498394,95.4367137929653,85.8599556297978,84.6032337976255,89.0030972311067,87.8526290832278,85.543709151378,61.9539539413366,69.7337956758108,70.0372441585344,50.0815762704483,53.4992773949516,35.1596900600837
51.3518624185999,50.3832523511606,51.4338855521777,50.848914285338,50.7162648136046,51.3948060239346,51.3327473594815,49.4600649030735,34.9563040458088,38.898784144447,95.96573750829,17.1946383499977,0,24.9734898797448,67.1990686958585,70.8499967070668,56.2006782743144,61.1732272303996,58.5098184344584,55.3895391009515,50.7800033200498,52.3753310228846,51.2415990532031,70.802159142695,118.511305785442,130.777714512741,64.2633734031247,64.8921064023862,65.8025529290583,45.5664434249124,44.9820206605316,43.9150741944961,88.0167112348415,53.4191214824908,76.1977386013609,72.6462966348118,26.4730425649316,85.1727953941947,88.2463011098075,87.2566021847108,82.7021396873886,83.302553065618,83.5598069832368,83.3725937146662,89.7448625315406,89.771592645005,98.5986888739586,89.274684685104,96.4772583132133,89.7433054646073,90.6678849808293,51.7386025853386,50.7553282930424,52.2837534742456,50.5201606408676,55.4317111026827,52.78104342737,51.9667380947814,48.7318717164399,49.0329529299515,49.2153448107106,48.7680259018926,49.1612850075128,99.9294264844285,51.0434177189726,56.90761022219,103.707599654315,105.723930677121,101.59800996669,96.1278647912756,86.5477620059532,85.2910326688445,89.6914454444393,88.5410077353311,86.2310036040913,62.6157772172174,70.3981339736474,70.7212905662129,50.751605272319,54.2047934149881,35.2491336856036
52.796670751411,51.8228144644431,52.8443940820902,52.3260816643326,52.1883189381665,52.7730855606584,52.6812175250731,50.8328814154447,31.8820152306847,35.86917558395,97.138414131371,25.7660522335128,24.9734898797448,0,68.4986614445244,72.1149278128023,58.2492940588184,63.2282318116934,60.5870037754345,57.4200292363043,52.3836709450396,53.9378224454901,52.8157618982829,71.8323126604181,119.776070807276,132.027464405686,65.190019162758,65.858050713211,67.1680194668411,46.1319160212236,45.586522808353,44.0543955365214,89.2724855374862,54.9266869416304,77.4482591049445,73.8978659718293,31.2090158875184,86.3615335923332,89.4367775247683,88.445945475646,83.8807028506464,84.4808193524908,84.7366084885179,84.5491892091925,90.9248433320629,90.9550044088647,99.7799046214624,90.4566255093674,97.6588598378212,90.9246871361491,91.8529033860745,53.5627108437256,52.5613549807911,54.0838621589527,52.3958015510404,57.1271515532594,54.4854057016689,53.6910871450501,50.0486646286364,50.6112512507317,50.7734151381376,50.3362550812882,50.7071395489791,102.287348837438,52.2652791234301,57.8902410403313,104.914020751543,106.932451633717,102.805582856469,97.3342753640946,87.7192628655879,86.4626156846467,90.8686248421633,89.7186575036827,87.3967758711958,63.7428684003104,71.5187247338681,71.8866328616713,51.9914110559363,55.6433291709687,35.8373077298358
55.2408759935435,55.3123412832982,54.9941353984175,56.0480943620508,56.8914904166388,54.6203399574304,54.2148453053833,53.7682211950499,70.3101800486028,73.6083439879069,77.7552952277126,66.5024956541726,67.1990686958585,68.4986614445244,0,37.3206218817609,67.1558823996184,71.9409454762001,69.8697627192637,65.7697965101492,50.1759419543389,49.535596216844,49.3493834152898,64.9256834728278,97.2627443357568,109.745122496991,63.8875903219527,63.0028156890429,42.3288954141099,62.4071955572437,61.3926434937907,65.6833219600239,64.9639790359261,47.6076631896586,47.0414555446564,44.1080422901034,66.5097508543022,65.9172318020006,68.916667831172,68.0452568897698,63.9234683808686,64.5721066881942,64.8844843496418,64.7387811817627,71.0826298932855,70.9286270074456,79.902758965378,70.5023407141084,77.7744085473954,71.01123771906,71.7500514895703,57.2851294899137,55.9870839260755,57.0373346458449,57.6631607216728,56.441154879482,54.3912747107644,54.4235177729457,48.1538735500886,48.5407817077678,48.3104796776158,48.75851277446,48.7243957182047,116.010114586408,54.7772308704852,60.8285313351349,83.907302170695,85.8426558922112,81.7479083451152,76.3176937192601,68.3063739284794,67.030620974232,71.1740687096228,69.9849527203642,68.3148982771506,60.4707983827163,67.1254919907836,52.9494885614501,48.2401923006112,50.1039682322648,63.6479564617148
59.3312341398748,59.3514265619969,59.0375872084938,60.1325782225448,60.927616592916,58.6152669716209,58.1605077631456,57.7189704118342,73.8890629611972,77.1747830299913,78.4258778762367,70.1571309207406,70.8499967070668,72.1149278128023,37.3206218817609,0,71.4684501842957,76.2705734731094,74.1755390644248,70.1078604112967,54.9254785377264,54.4336896810345,54.1695419103602,66.317103337858,100.08917536267,112.163915886895,65.935841846602,64.9298456698294,50.3161135870347,65.7529141397707,64.7438117696127,69.0562213783638,67.4151243714797,52.7136224332313,36.6439423678913,36.0829747000055,70.2014700735804,66.6666192176669,69.7096134558858,68.8606498601095,64.4399395027019,65.1140853817017,65.3780702938002,65.2587581526583,71.7971472221748,71.6945675993672,80.6628356098393,71.2403352605635,78.5515013581433,71.7501368786765,72.5481418403317,61.8016285577796,60.5095748202021,61.5926276559128,62.1061168526454,61.1934545545577,59.10072509787,59.0837485393241,52.1138768109203,53.220928488325,52.9826897434247,53.3663686521097,53.3181903067382,120.197869797964,58.4480547230053,63.8037921533716,85.1952145834946,87.1803649613886,83.0605639272739,77.6001880596076,68.863937837077,67.5740261427483,71.843942162041,70.6490924826475,68.7999454993017,63.3494792573558,69.7716646174234,51.4466547052318,51.8704103240373,54.7254145740342,67.245064976232
51.5470833938515,51.1434006766372,52.1959200983598,50.971724293701,51.4780016707341,52.6502984394191,53.0083369632251,51.1984000935586,61.0744426148152,64.5407376398655,98.0340065225407,55.3120393893709,56.2006782743144,58.2492940588184,67.1558823996184,71.4684501842957,0,31.695068755595,23.3907523704764,22.7549491413095,44.1349362626785,46.6551643828983,45.3679004944101,75.6374907425005,118.821327744979,131.382541423145,70.7589370224164,70.8150454353703,64.3428242062204,58.480260361489,57.5624366720351,60.2740178781893,88.5487697887137,49.0515661543067,77.1122793322797,73.5657896509449,54.3126798645572,86.9546352497522,89.9951509760693,89.0239950869611,84.6759620143564,85.2801874814693,85.5659528641077,85.3808956921236,91.6824490294212,91.6459473830384,100.51191179355,91.1764940111594,98.3827022686634,91.6548731534864,92.5121585732568,35.3895367354437,35.6171205885528,37.0462664186047,31.4845844287545,44.5420856382882,41.7407605467471,40.2491056008373,50.0734191079592,43.5761105964298,44.3780620417412,43.9267002608528,44.9463182102203,84.4764558905667,54.8368868854272,63.4598317593928,105.147251768497,107.123734881002,103.01599441089,97.5680857442309,88.6435397939933,87.3862144029729,91.6808301319436,90.5224762209584,88.4318986965238,66.6439518794684,74.3870496098861,73.1200219117581,53.0889572186201,52.238900562529,54.8929976977597
56.5553574897453,56.1727869420582,57.1930763575716,56.0153292108351,56.5416339112913,57.6375942944425,57.986695621889,56.2039979616743,66.0733817392257,69.5361345035375,102.854074060272,60.2742158627764,61.1732272303996,63.2282318116934,71.9409454762001,76.2705734731094,31.695068755595,0,26.6296406336652,21.3756828905159,48.7899117840145,51.302089148789,50.0370306656963,80.5320947418018,123.59010123002,136.160563607401,75.680319423566,75.7295309022361,69.0782719477612,63.4901861304002,62.573245183556,65.279648339445,93.3282176336891,53.7335676674324,81.923499550481,78.3787985821855,59.2474513281759,91.7677875369962,94.8073637500152,93.8365283475478,89.4944918737857,90.0987028392001,90.3853239626367,90.2002107130875,96.4993209356993,96.4611442475297,105.328026994906,95.9924422188997,103.198564752862,96.4710418339624,97.3265255011769,38.8850526808559,39.5505631891999,40.5539956252154,35.4291358768578,48.5941815759424,45.856260819606,44.341968240103,54.9984826765082,48.3389206904271,49.1635819861138,48.7464355667506,49.7797531501633,82.1034651122631,59.811306229925,68.4132889200823,109.950162961073,111.925505902443,107.818299580893,102.371040241759,93.4647268807409,92.2074472845338,96.4990855212667,95.3405736087999,93.2558281312529,71.5610463417709,79.297235363671,77.9607116913999,57.9985059804681,57.0695500917267,59.9340923829597
54.3178737951841,53.9075636358245,54.9525962429906,53.7523103880322,54.2494638260978,55.3949168267162,55.742777084334,53.937784136469,63.4623476982647,66.9294785787165,100.720733873319,57.605324797291,58.5098184344584,60.5870037754345,69.8697627192637,74.1755390644248,23.3907523704764,26.6296406336652,0,21.1617128948598,46.938343969734,49.4354028143216,48.1593139775525,78.2968630966505,121.523896179524,134.082649746023,73.3971268505891,73.4610633601711,67.0673039237323,61.030824607863,60.1181544733366,62.7727357017546,91.2506174697792,51.8155718304536,79.8167559007503,76.2706916101018,56.5494672272953,89.6443670187847,92.6851873620413,91.7137995549953,87.3638940717951,87.9680486973795,88.2535631799711,88.068452145609,94.3705346461964,94.3346531482366,103.20020413021,93.8649374852617,101.071057375099,94.3432099034449,95.2011497575365,37.980167928853,38.352170499166,39.6135311831759,34.3204490647843,47.2159038663157,44.4430027690965,42.9592118417373,52.8012633975847,46.3911278726212,47.1873300510384,46.7475112151529,47.7581221475351,82.9077219332118,57.5315913786757,66.1034776107998,107.839995544457,109.816844605564,105.708941308457,100.260832288311,91.3301094512887,90.0728075790585,94.3684109842634,93.2101496424391,91.1174244256201,69.3221127069942,77.064283088527,75.8068111486464,55.7947743992805,55.0034067681807,57.3427382756801
50.3651344680477,49.9916027025958,51.0137651155798,49.8216876687543,50.3590903503221,51.4675612650341,51.8244113421011,50.0413100813064,60.2228348415377,63.6844688841624,96.7121253685381,54.5035314738271,55.3895391009515,57.4200292363043,65.7697965101492,70.1078604112967,22.7549491413095,21.3756828905159,21.1617128948598,0,42.5169102975189,45.0502966924219,43.7778332487394,74.4248422065486,117.42700392445,130.000921511483,69.5957023572737,69.6369650185892,62.8908455748993,57.495953105681,56.574534308717,59.3311314273405,87.1671920024996,47.5022322927295,75.7643734801929,72.2195326791936,53.5238964476688,85.6222045929103,88.661380294685,87.6907968446929,83.3512520570189,83.9555248512115,84.2424869076655,84.0574146034105,90.3557200229187,90.316759918921,99.1841382859695,89.8483949973955,97.0545855745717,90.327120325177,91.1817726848351,32.5925698024995,33.1859907876016,34.3232143341646,28.8032412463854,42.3623506239894,39.6008561044571,38.0710138549129,48.8343248977033,42.0715849844568,42.9051192565331,42.4824838236137,43.5262350642272,80.4101860663679,53.6837860428446,62.3282595241964,103.800492578944,105.775352893876,101.668364905057,96.2213731594044,87.3230707427748,86.0657761477143,90.356124967219,89.1975084871548,87.1154804554865,65.4401223099945,73.1761755038756,71.8214996687953,51.8518053683492,50.8588217825157,54.0334327707177
37.7833786079821,38.0107640283982,38.3897186700353,37.9391805070426,39.0537538267903,38.8160091134612,39.1477446164403,37.9055618630772,54.5559022308994,57.9486546271792,82.3906308211958,50.037322799183,50.7800033200498,52.3836709450396,50.1759419543389,54.9254785377264,44.1349362626785,48.7899117840145,46.938343969734,42.5169102975189,0,20.7859917407767,16.6107526380887,61.7100948472367,102.17022590805,114.897460879686,57.7554118716778,57.5204902359573,46.4395997113451,48.919556573047,47.9157596074745,51.6705381207286,72.0030972646232,27.1637908239368,60.7632034789418,57.2229378064363,49.698575977628,71.1442694649982,74.1656409205888,73.2055293866497,68.9773135995076,69.5838256332039,69.8861877729231,69.7024347343561,75.9631002871437,75.8898614273313,84.7784797764268,75.4363423293503,82.644785106504,75.9204170361494,76.7386236526856,32.2737572293077,30.7144562536896,31.7875365499177,33.2530931381127,30.7852706660288,28.0505816264607,28.0480807072562,35.0666124845974,19.2307224745817,21.8691882673965,22.7991607806309,24.736829820758,94.3168317623366,41.6664078891755,50.91150351435,89.1397214755262,91.0932079778068,86.9959240192868,81.5608191651819,73.016158676186,71.7584881617081,75.9915754636479,74.8285995771426,72.8657907267463,52.6416006605425,60.2835892242641,57.6995137299551,38.2646460489175,33.8056554406531,47.8696987867306
39.1273387169014,39.3978848570495,39.5902302768572,39.4721883796833,40.5910482465781,39.8947265544221,40.1240534234177,39.0588018355417,56.0586759376765,59.4397627478592,82.1207138119888,51.6399024063828,52.3753310228846,53.9378224454901,49.535596216844,54.4336896810345,46.6551643828983,51.302089148789,49.4354028143216,45.0502966924219,20.7859917407767,0,15.5134863226797,61.9801730814467,101.577785477225,114.359276251897,58.2452531009909,57.9507493595235,45.4227507087377,50.1000854987057,49.0903525227665,52.9433033634297,71.4512090961387,23.2147533475921,60.3413645508606,56.8100613663963,51.349475682908,70.8245280379407,73.8397789892873,72.8826354612179,68.6930775761149,69.2999655761177,69.6077737529782,69.4240953014067,75.6704403397009,75.5858264245066,84.4811429986655,75.1373093395441,82.345928055582,75.6230397346473,76.4290930838279,34.9700895536694,33.5114391453602,34.4397863002826,35.9563775686934,32.8087603829767,30.4722081999227,30.7258835753147,35.6320919945745,22.4155209750035,23.5228687175081,25.1361035318728,26.3120787275023,96.6250697908985,42.5165014195096,51.6154073099625,88.7557772976395,90.7019261299235,86.6080116622889,81.1770243604537,72.752354020762,71.4947600080577,75.7082669068384,74.5440091663131,72.6208643518558,53.056247679928,60.6460377069702,57.5416431957852,38.6288720646049,33.6488732872266,49.3649206240466
37.9075943226741,38.1858237770256,38.4322060297821,38.2029328612736,39.3420216123941,38.7918328250303,39.0691523499047,37.9445862472461,54.9498795457545,58.3349424186373,81.778794677533,50.5048907136015,51.2415990532031,52.8157618982829,49.3493834152898,54.1695419103602,45.3679004944101,50.0370306656963,48.1593139775525,43.7778332487394,16.6107526380887,15.5134863226797,0,61.3414130214966,101.432870471009,114.179610474303,57.5086346154867,57.2382648767193,45.4716126802612,49.085017916566,48.0761218556879,51.9045459972108,71.2706276037665,24.6881655552646,60.0371946991762,56.4976564065229,50.2022523328767,70.5099230905846,73.5288373504727,72.5703581659417,68.3574398797256,68.964351224543,69.2688229318283,69.0853343116926,75.34109889738,75.2630440151177,84.1547294123998,74.8115925601055,82.0204884913873,75.2964474545058,76.1095490966495,33.7599723130013,32.2642082246269,33.2842425368895,34.6752002814953,32.0752561020718,29.5734266210853,29.6810077366502,34.7302566811865,19.3024223718937,21.0768195996676,22.8845761545316,24.4188607899407,95.3848798932085,41.5549058280996,50.7624047264938,88.4807507740676,90.4313188452104,86.3353434994334,80.9018472963015,72.4061346088487,71.1483740001144,75.3735107855774,74.2098861794599,72.2638719333612,52.3082214766514,59.9271234276341,57.1154930091553,37.8582649236108,32.8570322165099,48.2525837433748
62.8616777408687,62.5097577602188,62.3718540613854,63.4965646505244,63.9545251014936,61.7438613366308,61.0771762879142,60.4800394452685,73.3609042288838,76.5586801188754,85.5720025462414,70.1308885613062,70.802159142695,71.8323126604181,64.9256834728278,66.317103337858,75.6374907425005,80.5320947418018,78.2968630966505,74.4248422065486,61.7100948472367,61.9801730814467,61.3414130214966,0,113.195000789029,124.62424438234,50.4292301954485,46.2610667444286,66.9301471174775,63.6634148117697,62.7043722057432,67.1062296161159,82.2492070243028,61.2807376242077,70.733464660072,67.3469021763112,70.4206696550054,75.5698733560812,78.7428327118492,77.7036169763001,72.5143152223999,73.1099288751561,73.2751221049055,73.0885841053299,79.7059609897858,79.9152912428582,88.6371716024317,79.3376727709697,86.5410016258774,79.7804119587887,80.9001853895018,67.17700498,65.9284064628426,67.1863232972849,67.0619161289887,67.8770078119116,65.558344256584,65.2746097589776,55.7028684960845,59.7392046456126,59.5214694463001,59.5658036086619,59.5185004539287,123.571311625926,59.6168407628011,58.7419146492241,95.130453845385,97.2635486102949,93.0842347455266,87.5487306103777,76.0368483806904,74.7762101256411,79.5018314114165,78.3706008317574,75.408278819962,59.8664420368492,64.5724601776659,58.223377044272,54.4141836235853,61.6089055091322,66.8739840143189
107.58524438387,107.569532581999,107.378692078025,108.27318723791,109.048366868795,107.039226492254,106.661831027346,106.079555361405,121.56048315506,124.841562390067,105.731009758849,117.814068639868,118.511305785442,119.776070807276,97.2627443357568,100.08917536267,118.821327744979,123.59010123002,121.523896179524,117.42700392445,102.17022590805,101.577785477225,101.432870471009,113.195000789029,0,78.7572905335637,112.821149239619,111.899944551265,97.3565248925904,113.504260047847,112.514087302863,116.709466542647,86.5625966509074,99.9290424414078,106.629030450916,104.049245758101,117.851797543158,91.8455696173072,94.1235914789383,92.7773593258714,93.5846738530063,93.9073352112864,94.9440128029691,94.468008504254,97.8051290528569,96.629093591517,105.820488954899,96.7346471813155,103.387564915163,97.2610464854581,96.8385846696845,108.925719042895,107.649981749219,108.649679792031,109.341459453708,107.850558162002,105.911529445923,106.004528388064,101.0109159711,100.76840582864,100.658059310123,101.079555863223,101.160690127566,167.603009499158,106.99346839647,111.887675621141,98.8636375119457,99.6588563368601,96.2174432064084,91.5272944652687,97.9444705213441,96.8453026190409,98.7727321362738,97.632761829857,99.4136205860863,112.308784973117,118.720305837292,100.715059173426,101.220607517232,103.302364469779,114.958976175223
120.015789652698,119.982636976261,119.789415257061,120.705743057471,121.463567316909,119.430228795232,119.033543128951,118.456359051129,133.795743943382,137.07142922729,113.675595604927,130.082098522817,130.777714512741,132.027464405686,109.745122496991,112.163915886895,131.382541423145,136.160563607401,134.082649746023,130.000921511483,114.897460879686,114.359276251897,114.179610474303,124.62424438234,78.7572905335637,0,124.431369534255,123.48366584965,110.515595383433,125.642108034346,124.654696127148,128.856179718308,99.0168883302738,112.7574485222,118.56937307124,116.023192616929,130.135963631258,99.7162866105027,101.856199174793,100.281384013375,102.148653930845,102.378502543148,103.566675474071,103.00108810594,105.567405768747,104.181044911858,113.358707179212,104.406992659289,110.833538745514,104.918339820704,104.247778529607,121.585594899381,120.310562465695,121.330295110916,121.963519794332,120.642355583637,118.671753352728,118.73618385394,113.379459761278,113.445566086085,113.321785461136,113.71985457119,113.786497326189,180.109491643795,119.267251007948,123.898949188599,103.126679562078,103.468347689625,100.378411091228,96.0373759631314,106.343728853795,105.293362342184,106.722456157628,105.610976956459,108.092692249884,124.342654271743,130.686573828286,111.884188802393,113.488394777456,115.884049429165,127.202240549462
58.1611419220827,57.6661437947544,57.6612635380008,58.6762040437829,59.0055714751453,57.0248498961946,56.352357757151,55.6040056558074,66.6181978167123,69.7736302678564,86.1817683825056,63.5983510790234,64.2633734031247,65.190019162758,63.8875903219527,65.935841846602,70.7589370224164,75.680319423566,73.3971268505891,69.5957023572737,57.7554118716778,58.2452531009909,57.5086346154867,50.4292301954485,112.821149239619,124.431369534255,0,32.0294969670101,65.0212562547071,56.2781655170571,55.3600652364098,59.7126166160243,82.0248137628653,57.8347213869805,70.6618189634758,67.2356397593813,63.9913407645574,76.1121270560966,79.2642565831509,78.2222342542739,73.1781721053101,73.765271381922,73.9551406348086,73.7589411020768,80.2874898093525,80.4689545216046,89.197478175802,79.905637006395,87.0936010405217,80.3491669436875,81.437736142992,62.716763718816,61.4877729846769,62.7955449487771,62.4649857967271,63.8227471536488,61.4423427008884,61.0790749657756,51.4455617705786,55.7490512030621,55.5617844369248,55.5101309494123,55.4931220257577,118.38109794513,54.4563648404952,50.7387718208851,95.4387840619315,97.5491476757221,93.380918276094,87.8588396483503,76.7051998407896,75.4514183045236,80.107553868138,78.9780059401453,76.1267990969271,56.4273310826846,62.2135646719519,60.560845477881,50.492855477475,57.9426015886494,60.2340127062715
58.0695252406259,57.6177953385652,57.5596739740611,58.6324241259847,59.0011369624278,56.9116652849426,56.2256465136308,55.5400288104717,67.3206574770777,70.4936325987465,85.1380282368128,64.226021292369,64.8921064023862,65.858050713211,63.0028156890429,64.9298456698294,70.8150454353703,75.7295309022361,73.4610633601711,69.6369650185892,57.5204902359573,57.9507493595235,57.2382648767193,46.2610667444286,111.899944551265,123.48366584965,32.0294969670101,0,64.3188393611349,57.1735117055923,56.2308413876536,60.6631541632202,81.0678225689419,57.4611458294881,69.5888944235892,66.1602525914951,64.5815741115096,75.0615510428444,78.2164556412256,77.1770181855041,72.1117081210352,72.7014801536337,72.8872452462985,72.6938591412575,79.2401931451543,79.4237087284644,88.1538178233415,78.8589003941385,86.0513590803549,79.303069463272,80.3942518182758,62.6427211379801,61.4065382228027,62.7014112870042,62.4312838750417,63.633836497744,61.2686010450648,60.9270098032064,51.1489959025912,55.5137130396407,55.3126869637919,55.2861949408837,55.2544073295472,118.543901359486,54.3953030099444,51.1797803068706,94.4229809957128,96.536150866355,92.3664246015337,86.8425600758492,75.6483467555919,74.3927059429717,79.0582184241632,77.9275357174043,75.0658107114217,55.2949800585947,60.6409126318968,59.0894694723104,49.9999006522583,57.5761423121102,60.8834812679237
53.3489141446192,53.491643549039,53.2384557696725,54.0994696740672,55.0194921642454,53.0003438334712,52.7273846692212,52.1894169948994,69.0554305261635,72.3750705183572,80.7880449394458,65.0968274101826,65.8025529290583,67.1680194668411,42.3288954141099,50.3161135870347,64.3428242062204,69.0782719477612,67.0673039237323,62.8908455748993,46.4395997113451,45.4227507087377,45.4716126802612,66.9301471174775,97.3565248925904,110.515595383433,65.0212562547071,64.3188393611349,0,61.626303011311,60.609627334891,64.8102302041279,66.7932588777183,43.0491228543562,57.5378611302983,54.3128893557065,65.0302644765567,68.931695038316,71.884224646931,70.9698094363877,67.1733936532713,67.7887825168854,68.1524102526653,67.9735190634893,74.0881957025842,73.8831518959534,82.8542336770717,73.4865330378128,80.7050711624427,73.991470563426,74.6698083326708,53.965339273699,52.6631862010026,53.6094040031297,54.5407851569981,52.4355278211171,50.5389023566873,50.7210963086444,46.8791828861991,45.1146376364251,44.9760444918839,45.5745240077701,45.6469558500719,113.461418634042,53.7921135283507,60.819357404784,86.2560594461309,88.1308565723532,84.0683355958196,78.676240160745,71.4730085453788,70.2145083086178,74.2246569660163,73.0448519345165,71.5460946865988,60.9014517857226,67.8778390054907,57.871742630865,47.7527501191599,47.4669375707575,62.3785685958773
