IBR/IBR_outputs/all.combrep_1/PersistForestCover_Total.Silt_Total.Spinifex_Total/PersistForestCover_Total.Silt_Total.Spinifex_Total.asc
NCOLS 160 
NROWS 95 
XLLCORNER 210004.651214014 
YLLCORNER 7350008.22228844 
CELLSIZE 4999.99999999997 
NODATA_value -9999 
[rows 0 to 20 of 95, columns 92 to 137 of 160]
-9999 -9999 -9999 -9999 -9999 -9999 -9999 -9999 -9999 -9999 -9999 -9999 -9999 -9999 -9999 -9999 -9999 -9999 -9999 -9999 -9999 -9999 -9999 -9999 -9999 -9999 -9999 -9999 -9999 -9999 -9999 -9999 -9999 -9999 -9999 -9999 -9999 -9999 -9999 -9999 -9999 -9999 -9999 -9999 -9999 -9999
-9999 -9999 -9999 -9999 -9999 -9999 -9999 -9999 -9999 -9999 -9999 -9999 -9999 -9999 -9999 -9999 -9999 -9999 -9999 -9999 -9999 -9999 -9999 -9999 -9999 -9999 -9999 -9999 -9999 -9999 -9999 -9999 -9999 -9999 -9999 -9999 -9999 -9999 -9999 -9999 -9999 -9999 -9999 -9999 -9999 -9999
-9999 -9999 -9999 -9999 -9999 -9999 -9999 -9999 -9999 -9999 -9999 -9999 -9999 -9999 -9999 -9999 -9999 -9999 -9999 -9999 -9999 -9999 -9999 -9999 -9999 -9999 -9999 -9999 -9999 -9999 -9999 -9999 -9999 -9999 -9999 -9999 -9999 -9999 -9999 -9999 -9999 -9999 -9999 -9999 -9999 -9999
-9999 -9999 -9999 -9999 -9999 -9999 -9999 -9999 -9999 -9999 -9999 -9999 -9999 -9999 -9999 -9999 -9999 -9999 -9999 -9999 -9999 -9999 -9999 -9999 -9999 -9999 -9999 -9999 -9999 -9999 -9999 -9999 -9999 -9999 -9999 -9999 -9999 -9999 -9999 -9999 -9999 -9999 -9999 -9999 -9999 -9999
-9999 -9999 -9999 -9999 -9999 -9999 -9999 -9999 -9999 -9999 -9999 -9999 -9999 -9999 -9999 -9999 -9999 -9999 -9999 -9999 -9999 -9999 -9999 -9999 -9999 -9999 -9999 -9999 -9999 -9999 -9999 -9999 -9999 -9999 -9999 -9999 -9999 -9999 -9999 -9999 -9999 -9999 -9999 -9999 -9999 -9999
-9999 -9999 -9999 -9999 -9999 -9999 -9999 -9999 -9999 -9999 -9999 -9999 -9999 -9999 -9999 -9999 -9999 -9999 -9999 -9999 -9999 -9999 -9999 -9999 -9999 -9999 -9999 -9999 -9999 -9999 -9999 -9999 -9999 -9999 -9999 -9999 -9999 -9999 -9999 -9999 -9999 -9999 -9999 -9999 -9999 -9999
-9999 -9999 -9999 -9999 -9999 -9999 -9999 -9999 -9999 2.93934103987797 3.08002710693318 3.18750940558383 3.18384856394382 -9999 -9999 -9999 -9999 -9999 -9999 -9999 -9999 -9999 -9999 -9999 -9999 -9999 3.13042355559402 3.27780842391791 3.74186846018042 -9999 -9999 -9999 -9999 -9999 -9999 -9999 -9999 -9999 -9999 -9999 -9999 -9999 -9999 -9999 -9999 -9999
-9999 -9999 -9999 -9999 -9999 -9999 -9999 -9999 -9999 2.86881228232598 3.60804011647208 2.96192790207943 3.42834461086136 3.12495720518865 3.23383263355713 3.17751691258593 3.20560947810757 3.17943880295838 -9999 -9999 -9999 -9999 2.93919709548675 2.73797522022988 3.14527125418358 3.21527272402618 3.49745596742818 3.4099677584415 3.44307160752488 3.25262171306167 3.20472532972075 3.16252896532712 3.2481126853182 3.22222759410941 3.22551806058758 3.21522045133047 3.09132383351729 2.26927085933696 1.43780211091682 1.20420615807309 1.11547616468126 1.1152276650137 -9999 -9999 -9999 -9999
-9999 -9999 -9999 -9999 -9999 -9999 -9999 3.16006874421078 3.10385284623136 3.22084558411321 3.37807087587543 3.36606906040431 4.38055287188609 6.8253273949917 7.74285880220894 4.40379471649771 3.91321471614256 3.40644466455447 3.1939654036844 -9999 -9999 3.14320027576934 2.94449048021855 3.1405364160146 3.3908411181253 3.18555175456689 3.2021217046982 3.2011024115345 3.16959335920914 3.15425862955742 3.16946177871501 3.15779123457816 3.17004202706628 3.16417438755547 3.17442601443296 2.57846317522281 1.49941223288148 1.18945835703167 1.12562204412786 1.0962766370203 1.09371427689872 1.09030655009041 1.14328173692624 1.21665496240848 1.09978189705169 1.1303072922744
-9999 -9999 -9999 -9999 -9999 -9999 -9999 3.18005528663186 3.3056945342316 8.60832106866524 4.46783055296865 4.12169522804566 6.69836868487767 4.6448809470647 3.93423497406299 3.68010058321733 3.74936005775467 3.62831138784526 3.21794497292951 2.51958178771342 3.17735661716373 3.22646935031084 3.21309459145601 3.18217752929355 3.15791987511194 3.15069104752087 3.15687282999996 3.15411571332137 2.93901947736346 2.56171711037881 3.09384838949527 3.17157500691327 2.92574769163475 2.09283881255142 1.64958501424549 1.48354669124393 1.51874406438984 1.24672790193793 1.23121681039394 1.13862762885715 1.12401391526073 1.1214837236635 1.17210718886174 1.15106749257846 1.09545463283398 1.11196355818824
-9999 -9999 -9999 -9999 -9999 -9999 3.14880908450271 3.30368882082469 4.90062684364057 6.5897138150162 7.93185050540738 3.9341555894998 4.99156389976753 7.50336256179519 4.98850817175621 3.99839463455316 3.26968175563615 3.06054057585417 2.23275019871093 2.28386048953267 3.16373908456298 3.16967062694191 3.15233604757038 3.14733458603639 3.13850483957939 2.86792985583953 1.98418673656311 1.4274834479972 1.19230575766652 1.15621433292933 1.25531723830275 1.24792496987295 1.160748298465 1.15491350154504 1.37515371522197 1.43066935841689 1.48144547546894 1.42188492954919 1.24678476941978 1.285379416447 1.18749653224686 1.13186364452807 1.17676763585199 1.17560213985511 1.15506493706351 1.14537360182441
-9999 -9999 -9999 -9999 -9999 3.23134254453801 3.29861748750065 4.32882939362185 6.51572099064107 4.82730748907814 4.62108571250845 4.1665188879552 6.85545849963945 8.93653395523949 5.6880079183541 3.57689804113585 3.19544727305902 2.74559161085988 1.71477999570494 3.1364088495045 3.14897788611506 3.14444557414056 2.71507482365359 1.97957963474258 1.54991487535546 1.26089529189738 1.19193143137052 1.19090955525914 1.15687818990448 1.17221775870977 1.20036250863988 1.16036794852923 1.14925427206435 1.15794887863981 1.21714645616533 1.37399600641905 1.45297122875526 1.36818664070151 1.18552991669257 1.15086938956624 1.37775545346587 1.24470710470324 1.20011975938615 1.20878262519022 1.23477728080994 1.21030592640563
-9999 -9999 -9999 -9999 3.20386958665078 3.30103487668525 3.16134114766994 3.25325855407462 4.39100053401834 6.03286050247198 4.17371263926664 3.34185491186343 10.2439910612154 10.2129965848145 7.20514736262182 4.1367047320735 3.14870816615945 3.19148121154719 3.1044148529117 2.4946615259057 1.89190869050199 1.31856040859365 1.18729872029113 1.19492253267332 1.15396669214018 1.14686816078908 1.1443922693416 1.17177953572575 1.18318433364842 1.17396516559925 1.21001282699093 1.20971421181936 1.13787809716256 1.07558650051759 1.08444706469055 1.11679247720154 1.20296512042458 1.22144959740261 1.24793217094092 1.16312009797512 1.20479697892814 1.26825797308119 1.32128406703153 1.22076620664706 1.19089331758142 1.21704237820891
-9999 -9999 3.35074359241453 3.06916878736265 3.01789152425471 3.38540357958558 2.94059734030273 1.7946803970193 1.24257629473911 1.96311101016919 2.40731196124384 2.26194738671641 5.20292449547876 12.7415708225285 10.1004066370824 5.83794167751938 1.45752417197274 1.35040005390467 1.24682853840956 1.14480052960052 1.16928922918191 1.24428590073006 1.22420644386403 1.21858974614283 1.21138903441257 1.14540327640031 1.14140743046306 1.1939166278972 1.19735057961481 1.17719377045627 1.24677634969009 1.18378187382976 1.143936410623 1.10064151656984 1.13829742927746 1.1834609769361 1.11613038198775 1.14715699707573 1.2604652656848 1.17894092513994 1.20722722755445 1.23013886084899 1.27646794610848 1.2239694662317 1.19342131331307 1.23877074252384
2.9737971709476 3.02257627455601 1.76881918399778 2.22002934996133 2.57784737441406 2.21221601773882 1.47809349269508 1.26190636412652 1.1948293398524 1.4701787824607 1.9442255012171 2.34064125233644 3.5452391534741 3.89266798236126 5.24532248517999 4.94321457026096 2.35211584388716 1.11113252535905 1.12025497425127 1.14277792533149 1.14022139232702 1.22394682183512 1.21529684485192 1.28490797709604 1.16920971408376 1.13162436345598 1.22642091690705 1.1869948274155 1.24608665885287 1.18382430472215 1.31107515020782 1.26477257022512 1.22815602835265 1.15551561466767 1.17664115195159 1.23426332001024 1.15020253898772 1.2051962720878 1.18544578130345 1.24915045238247 1.18500182213555 1.26551618321223 1.24502021754482 1.27745757940986 1.29130815410928 1.2535218119987
2.12959725877913 1.85845049483931 1.1260787316952 1.46047117753029 1.1257434512927 1.29891948629789 1.27987935513294 1.29848873888868 1.22443825021826 1.27566926782776 2.00015663640466 3.26930220460223 3.31775867187338 3.36324538005945 3.11000227412945 2.98684034269596 1.47370233767795 1.98518390107846 1.54884321108081 1.15095857012129 1.12980609763956 1.13710282567513 1.17916013490934 1.19545373933193 1.17159271819259 1.12319375259654 1.15290971000436 1.3098178180488 1.28410966343248 1.1799724778422 1.28076509622286 1.15766566631 1.32886342398015 1.28099708144708 1.20243450468374 1.21089480593811 1.16429784818155 1.19863286105681 1.25113217100458 1.28731132393855 1.30214002567752 1.25307256996937 1.24878443145228 1.31902588803323 1.25017996175254 1.28850355089896
1.44648480134804 2.02123742824675 1.19306592610735 1.21024214070425 1.22974057655177 1.22114799628951 1.19642972935656 1.29897603600955 1.22510545739909 1.22947537960362 1.44890900868793 3.21192656511166 3.26805121291906 3.30875934473253 1.67003705884766 2.09583895234985 2.79262750869662 4.16572553127689 6.25281271243648 2.32197081537857 1.20273756450498 1.22915961363108 1.23640403462971 1.22595436688319 1.24354627359194 1.21658849241129 1.1667875525012 1.23319962043998 1.27140426532246 1.38530944458236 1.31224943591912 1.17360431594571 1.24817761010734 1.25436496118446 1.27581462371823 1.20880459221391 1.22509440848816 1.22771734187097 1.31110421280965 1.29724227972408 1.35852155924745 1.30012088589686 1.29270931350967 1.3205960677673 1.40332458988436 1.37008560784406
2.59741326655395 2.36803323895357 1.21973573620893 1.2329748356032 1.31240997008931 1.21112590620831 1.27656918036292 1.29019479120405 1.28691412660137 1.27410675546318 1.20212190734189 2.22811162216156 3.27985965100777 3.36855830235916 2.12553164385595 1.46786584785984 3.04319288529229 3.48032000180268 3.81033633194321 7.08497087401942 1.75341697397252 1.32149847806453 1.31579292785554 1.25279198947948 1.23257043242342 1.18760002723975 1.18956506981484 1.23635738013545 1.44523442067743 1.65942271460841 1.38429434032815 1.27794099890704 1.29855136317505 1.25753514191631 1.24535787586709 1.30299442935427 1.30197765752659 1.29237987834865 1.31243709467757 1.51488645435126 1.38708570404335 1.29730409494166 1.26978933715012 1.26630913500284 1.22890090231136 1.2912645341399
1.23302531356068 1.29663834444378 1.21597799358247 1.17978837915308 1.25119037027122 1.2529862715071 1.18067500422762 1.29844498985612 1.23515813163703 1.25416490862896 1.31863843977173 2.19163659471298 3.25379070104651 3.3242465994824 2.67409387107581 1.23746543161391 1.29352508179849 2.28537214816908 3.52438288855994 3.57450784733648 4.51733085175728 1.94641843978967 1.38424311269694 1.33611740197808 1.23745059625359 1.15744752916204 1.22671939160387 1.19171276763411 1.18623563453741 1.33134044616554 1.58443560720392 1.33161740262294 1.3450090244744 1.25588506387271 1.32782827726427 1.34349605325482 1.29324390782541 1.42306832020184 1.46754410513308 1.62661634308739 1.29260697581245 1.18483114522373 1.30660999149712 1.14004188430872 1.11446551433752 1.16703364005787
1.17608445215165 1.18305268898815 1.16918335037668 1.19478813168835 1.18584946362472 1.33318241170309 1.12900785816235 1.28355323780427 1.16128255991008 1.25355220060991 1.36513979412349 2.91910904645832 3.24038722043386 3.23989067278916 2.59692450342436 1.19502212205926 1.22062944822511 2.90110175917184 3.44861812475225 3.32420759201092 2.18329404891905 1.98591994139167 2.58701679848749 2.29473371407134 1.31537171378268 1.25962549912032 1.18395041211652 1.12722270243957 1.17160602543281 1.20201619450181 1.26010799221177 1.63307046265354 1.59574369963378 1.64821840679012 1.67097177182174 1.5999192513254 1.35232373775601 1.27375167176064 1.2372906785366 1.23944343800657 1.18997645007656 1.27786902966996 1.2835136811773 1.18057964046022 1.10378112192198 1.08042537845959
1.19208596469747 1.23156136238847 1.17483300009283 1.22631828713148 1.19039690224119 1.17643031445788 1.16066331617253 1.29582095098085 1.17532061675183 1.25379220605537 2.25494868665881 2.43844796896055 3.26281813042392 3.28429232217632 3.14323768787826 1.26402899624633 1.24880766903441 2.1071416598141 3.8021337556287 3.42834748135675 2.21882327629982 1.41885413847581 1.42504136696031 2.63754350070481 3.30256953112401 2.69906256389476 1.85329256260116 1.32828044942695 1.2742305544178 1.27918047697525 1.19365891806577 1.37175531763668 1.72989450544047 1.58192278603703 1.70468560029032 2.47216353484254 1.49641072232639 1.21461270033892 1.12453023011469 1.08075469111675 1.11374301924025 1.17350965029944 1.10672098838937 1.09035674016067 1.06180815629809 1.10942779491261
