IBR/IBR_outputs/all.combrep_1/PersistForestCover_Total.Silt_Total.Spinifex_Total/PersistForestCover_Total.Silt_Total.Spinifex_Total.asc
NCOLS 160 
NROWS 95 
XLLCORNER 210004.651214014 
YLLCORNER 7350008.22228844 
CELLSIZE 4999.99999999997 
NODATA_value -9999 
[rows 63 to 83 of 95, columns 46 to 91 of 160]
1.74758171333382 1.72950956740936 1.61167880676125 1.98385835665599 1.96483103395533 2.48405612184404 1.73908810140713 1.9171450371712 1.64817486953447 1.71459014623073 1.6427805739718 1.81413781508221 1.77709948078826 1.79202236377791 2.23235036647098 2.06159004460924 3.02849077479139 3.84923590498433 3.72344306539405 2.83604756180306 1.89553981039347 2.11297455447013 2.27702447369002 1.6564974725622 2.0332740438378 2.23619252101605 2.75313168919968 2.91538285576603 1.65726306077971 1.96151254817147 2.3621788884879 2.29373805505974 2.91447607576703 1.95246353508545 1.8954965683691 1.56092259108838 1.55145875848535 1.6342118218066 1.60726250098607 1.85897810215597 1.74792078190344 2.13958753995693 2.78642241864754 2.24978313054374 2.39851958971929 1.69944127881457
1.78912899961588 1.75584036221447 1.62731119460182 1.59241694415323 1.6736789471934 1.78965291282669 1.76837634650902 1.71365640230449 1.53089242943665 1.84913415457554 2.13163842444423 3.0711797296385 2.33517914890576 2.2705000600595 2.20088131301502 2.45828148948162 2.06539176897918 1.89470466110984 1.71197305059816 1.8559647085377 2.2419264695772 2.45165369845592 2.23638340690013 1.82000852475844 2.00040347931382 2.34992655347286 2.34850136212081 3.20685465355819 2.06026093020327 1.70685459201023 1.9343225351004 2.65047190308638 3.02916545162553 3.99384652870137 3.6506763912108 2.22600288832826 2.78642912167288 2.21075727340688 1.75850567787021 1.64236296935346 2.34905547437302 2.1676595521011 1.97413819445136 1.87714233782044 2.15037552283627 1.57954526695849
1.99760546155578 1.88140909289501 1.96850442516563 1.83743804813894 1.66566071335227 1.62179342361763 1.69533483883842 1.62454188799056 1.57978124503043 1.75072115867857 1.63989847817753 1.74115782300471 1.63668903938363 1.68671409251098 1.73989794730149 1.95796955451829 2.04568374377567 2.33602154979436 2.16338966940328 1.99975512994889 2.19134346985697 2.13567484215177 2.11211506251241 1.84621058802813 1.80623561464378 1.76174596297434 1.62806561709265 1.89851277487825 2.53305011327555 1.90700667336762 1.90857866792934 1.92429580027778 3.14101397541154 2.55551566310748 3.24075136294619 2.90401343573733 3.74813613049751 2.2995178400029 2.05315132277951 2.0840835285426 2.15230527695581 2.54271575954431 2.1943096148993 2.60480522144193 2.33828869071119 1.62766161062898
1.67318187697082 2.00483599731639 1.71991732499506 2.06784514698494 2.00050561932466 1.81347558113797 1.75915360821262 1.64209531980322 1.70300146717738 1.52225394183021 1.45262159404271 1.64817586815596 1.60306200704979 1.92067380005345 1.76656964159968 1.99631490091189 2.10591570262783 1.997958767076 2.15374177981514 1.91674240665348 2.02017031212626 1.86951053383914 1.85865225954845 1.77663237820424 1.7310479336194 1.61964234518281 1.66556172888632 1.75147092612614 1.63547682719248 1.61778769236326 1.73774485468318 1.54323329883459 1.99396482454526 2.164485218532 2.02492581096488 1.68299915840873 2.22098757375845 2.06657136183939 1.59783810633269 2.32826823147663 3.14188429294557 2.62838880078012 1.95425684651026 1.69711101035862 1.69713101197141 1.6749537666336
2.06503715610589 2.03563941253058 1.72732041583013 2.02307954476119 1.97133464330149 1.90178742553708 1.83422042327321 1.75530023111034 1.69768811337606 1.62923161623395 1.5490007212107 1.61802736189641 1.89948802873503 1.84271400344651 1.75193722388775 1.62558609320632 1.61697308536089 1.71351252267633 1.79881336478775 1.83160812649288 1.86239375637583 1.81704937560289 2.17295045606165 1.99650938633929 1.67213293916821 1.64972906431368 1.76375431035062 1.53483312567451 1.6605757731464 1.69008997620598 1.62349616494654 1.57425833613573 1.55148238442057 1.64514157413208 1.66702798829001 1.62970142215906 2.07563163638514 2.07395765489489 1.82134167662167 1.65191080374225 2.22206161012757 1.72748898324417 1.58352705377303 1.57162809135705 1.6509234031536 1.63280037563568
2.28639973476403 1.95406664558982 1.86668295441556 1.89250151572887 1.8304267983618 1.82088837139914 2.3960765853967 1.88585897755146 1.60558433116088 1.81092859215642 1.80866895324101 1.73001464401316 1.80595586349357 1.8473132887544 1.76633865780198 1.64161669323039 1.79429933083754 1.94248114451963 1.65008669248815 1.56548384270678 1.91416805333231 1.9036628532882 1.94610874758726 1.76405963094465 1.63999558161843 1.66776208811025 1.61904896953373 1.50952978985184 1.5515911447048 1.87660670881854 1.78211487024631 1.9864832135004 2.03247244951182 1.95409429056706 2.18223299253757 1.78451273622939 1.94993244459229 1.95356285384249 1.83327923881033 1.8050826867775 2.41268305991668 1.71696964692658 1.5346930072192 1.5642294309243 1.6827968045729 1.96576255422767
2.93584845596686 2.2131189639956 1.92628680365861 1.79468591746758 2.00250422540823 2.44716110684028 1.84975821915278 1.81756214175517 2.06814524931934 2.23476159468682 2.25295805410152 1.85384852306159 1.90250980986943 2.0010400272904 1.80986595654652 1.71938876866343 1.92128848965902 1.33400839189642 1.48938674698857 1.63212376213832 1.72469768892571 2.38617548454291 1.94955540426925 1.85820573617077 1.72653931711935 1.8038477601662 1.62136819659854 2.24209750771623 2.11021462234691 1.69424584975856 1.66117944800562 1.655885136109 1.82952204571899 1.82513427519059 1.62080108444568 1.65840564126332 1.62926603963257 1.71032459296236 1.83899776700676 2.21666133189468 2.28463185058043 2.32563665424285 1.71424962258787 1.60053409087746 1.56889212348004 2.20621186200373
3.61574457281241 3.39502940829482 3.11291787300323 3.32717528686885 2.68512475420579 3.67879750532355 3.58240034830269 2.39985985060349 1.81424470112555 2.22916716716904 2.89160478266492 2.77300225151866 2.67073342128136 2.26490130208494 2.01822385509013 1.80078967600113 1.8295697153882 1.45364256822727 1.57530316758957 1.55553232378979 1.68686237951521 2.0864783522932 1.89230266538744 2.45614278001851 1.74973462132548 1.93451495225517 1.63668387585038 1.78893867899954 2.21868521591036 1.72390349360993 1.69484424394727 1.4665153604401 1.44023990731903 1.57375059426136 1.44776952905941 1.39702140033468 1.65414644014284 1.63588562027361 1.73634598162192 1.74817292099741 1.7879240310036 2.60214608919101 2.60190959430187 1.90618973827722 2.07903045086436 2.42392138171419
3.52124179478918 3.54416968973954 3.48947963168983 3.49342271756646 3.44163335434306 3.58428374907161 3.55086209035069 3.76603765732673 3.47245223772441 2.50464721277831 1.82457001574503 2.05926673240317 2.13810156342287 2.454614188989 3.04769683446053 2.1251858529713 1.99681994097803 1.93308149317095 1.66193724215868 2.02311192932387 2.41201817080334 2.08614746922109 1.86480647833467 2.4521824113445 2.08093238812107 2.1172445087802 1.94186824553936 1.68006488963244 1.68211781328867 1.87129922383499 1.83529670864459 1.57397042015923 1.55549459546627 1.62458693742362 1.55926431609433 1.6705229406569 1.77286571309286 1.78754006416287 1.80333634541642 1.93346527406834 1.73349665194831 1.89862746562771 2.18465287276623 1.83621834122529 1.91990738033195 2.39148037149648
3.49714573795804 3.56938713709447 3.59744003747061 3.57876986384321 3.58488403163226 3.57797231758507 3.51936843957964 3.47550513704331 3.46651820452828 3.61185444111252 3.11117153971755 3.05554550198068 2.16792178418294 2.40855237593518 2.64238882400458 2.07557551153064 1.91819437667083 1.82550634529607 2.04128645239703 2.2155434545827 2.03500336077893 1.63674311827555 1.5381321763182 2.11163462154725 1.69675893409117 1.75876516328809 1.72816125332252 1.63080842720879 1.72775529338129 1.98787551755659 1.69053001109338 1.58948438105435 1.62553878500402 1.93259453461026 1.83893109610038 1.83986012727293 1.83467860544438 2.18088578814124 2.26314182498223 2.65616295521176 2.73815638315254 2.44266960598072 2.18710428495421 1.92012120649555 2.0728920261687 2.4227157603164
3.5506113370922 3.53977405674782 3.59766443613278 3.58502745306248 3.58664546329336 3.58238512841234 3.57756678865637 3.57951454705598 3.55825689132167 3.53318569603047 3.54919404866813 3.74900233479587 3.62304407207197 3.43869500184023 3.16422972397667 2.51661231887247 2.02437034274683 2.19836052104942 2.06461460597034 1.76559355228412 1.94102579860797 2.26878566587732 1.97690307380621 1.7875517640355 1.59862072490025 1.87063127650425 2.55733370829572 2.97043966315094 2.22704316250699 2.11772083156779 1.78350411595825 1.64793735407797 1.64511655952464 1.99023541369493 1.68637639611653 1.74792201414031 1.70230377508417 1.81375751437476 2.31703429723957 2.82859525879626 2.65739148222539 3.736775218564 3.07168677938365 1.53099031825878 1.60788596591111 2.17661641755049
3.53282387189596 3.49075261587637 3.5677956953844 3.55286284589623 3.52341665833768 3.55244553497253 3.57721880419368 3.58065505108991 3.57621737802743 3.57824146303469 3.57634307650221 3.59051565842032 3.54297141828626 3.7240246637814 3.45162074276899 2.37178490160559 2.86860634988406 3.45131630337406 2.91068344501319 2.44694511148917 1.7866258877686 2.86112955325068 2.48702165739126 2.87654121050119 2.32762340343927 1.64382049072535 1.83284346574826 2.4356271464604 3.29956255382114 2.43385124704935 2.93201398559723 1.89427622074084 1.85469473487321 2.99816875323291 2.29022296172636 2.09553205959242 1.70082680633217 1.65479627310693 1.6925898221162 1.7939634377172 2.26823834541841 2.57173385109783 3.46746584999427 2.32125745441953 2.422778716645 2.44324385044426
3.52450182380025 3.5459163192068 3.55373652320443 3.52515772146558 3.48408295323128 3.5489371032457 3.49746519859915 3.48520236411236 3.53161781677923 3.5678762021656 3.57620128254623 3.58462275972488 3.57416150535788 3.61960996828846 3.69584692552512 3.57952508228509 2.9408455030677 2.77399864305417 2.26064633329663 2.7137138138137 1.81356086535014 2.19221391822301 2.61261623756565 2.68312860758903 2.03007963565901 2.72024500845394 2.10054179412727 2.04869174023408 2.0668349819763 2.31485542123844 2.28647458480534 2.67098400296576 2.10230258356622 2.2912694896438 2.4099340361206 1.68183738534555 1.71068478964491 1.9728767301585 1.66034163917081 1.63880719475623 1.92992917325237 2.00314104058777 2.00961740041139 2.07413692314193 1.97038312305914 2.28265477556157
3.56154798014169 3.51125365850238 3.53377275805377 3.43101005973172 3.47350035539923 3.46586320544785 3.50611661553395 3.55915427700847 3.58916429457139 3.6020693857677 3.57886583876778 3.57897071490288 3.56908542828097 3.56468862958411 3.38282385353955 3.49119472526623 3.58237157792799 3.28075264445167 3.23147084346985 2.4373509800231 2.05917454965757 2.32448187270668 2.80560665983231 1.95236680970135 2.24308872504537 2.5542934007162 2.13306535139926 2.26137790292832 2.04767965304331 2.28484635515727 2.3210554683489 2.66010145525626 2.18644110358864 1.8821271122783 1.96361166970673 2.10095183218715 3.13987722212808 3.33355379170403 2.78165969534917 1.68585898732846 1.59274718833802 1.70965815315709 2.04702964584893 3.45364754768782 2.9669153461159 2.62007345760605
3.42928104747094 3.42729729086789 3.44300134211326 3.44214175711248 3.40434403680108 3.41674833943903 3.51157736165255 3.57431528220241 3.54795106329186 3.62741379650824 3.60122458189636 3.55793288020234 3.54111008876618 3.56093043642103 3.37637870185325 2.89507309556577 3.0240735712749 3.59259720735282 3.66593875929427 2.37000409394063 2.12654991177985 1.91023897071741 2.2215299315518 2.08382895350119 1.97939805402086 2.06671001599049 2.35339218813932 2.8346747540278 3.01146200429391 2.031571645352 1.98651303700548 1.80540452688208 1.83499786269829 2.54244621770802 3.11410765010711 2.5194310261766 2.52359612866186 2.20119828460196 3.24316691962911 3.56013021144428 2.11260953757782 2.54845365765961 1.9048536626598 1.89307079637791 3.07501940557036 2.24627272753267
3.51798657529903 3.41968607164143 3.54186548186509 3.60167742429349 3.60351237427591 3.47940550294942 3.41271816453131 3.50852086539677 3.55808580478769 3.57974335913996 3.54443020838283 3.55647371773451 3.58148112200495 3.5550248472039 3.37225029542218 3.53222424656302 3.5103108420806 3.51600035290682 3.49985686854861 3.46176008776691 3.46524767911205 3.39020875782853 2.65262126255632 1.74809146812467 1.58144876309945 1.9738177508551 1.79011285639768 1.75309025296298 1.83661550471854 1.8394322785501 1.75163561602909 3.06846244225226 3.38411132134697 3.33435926531838 2.5519451274909 3.64608131979155 3.17511502902712 2.91186014207951 2.07759198988149 3.5861178077488 3.37597247924082 3.52056360325004 2.48809892329946 2.03171314550107 2.11288552417393 1.90526296841634
3.58939214475597 3.55552336295285 3.4687977882955 3.69207633137052 3.60910590597034 3.69988839988851 3.56877997669854 2.6962627980432 3.53448215858318 3.5762058983431 3.55778302233285 3.47302066831789 3.48691980930878 3.40770805686361 3.36459326249891 3.44425343773398 3.3944025475481 3.48031309323404 3.539542687185 3.54218059852179 3.48989298243424 3.36790808208801 3.33871912527098 3.00015680703687 2.14364486612867 1.78265808783114 1.64337652290972 1.86817558027635 1.73763019885851 2.29042939608559 1.89322634378019 1.70815869365209 2.57567391742967 3.0821114361292 2.53303693295807 1.92764300797289 1.68005770859182 2.75990582373412 3.26136919445816 3.30959085311493 3.28718829646055 3.19567512547736 2.58559267444155 1.74313891546889 2.04743024760367 2.24807714596691
3.28583753545265 3.56832139557792 3.62036631343756 3.58621466293384 3.276872966836 3.29326654239589 3.33492848796016 3.43255788338314 2.79912199795386 2.47856232394457 3.51320815073233 3.4956938273051 3.44704940007404 3.49673516928258 3.53006468740101 3.48416727963346 3.44181257104735 3.41221258383322 3.43772199601645 3.36713024247082 3.32218774727919 3.39904427273681 3.51865265068781 3.48918958695134 3.45761863555103 2.58574067321459 2.68531061238264 2.50114749761284 1.80648055229047 1.98205932614849 1.99528561544299 1.92536287953064 1.83596861773268 2.12663974143384 2.58601803633446 2.77326425039864 2.79336828703738 3.42983978335552 3.43766741345723 3.09742939501793 2.88389594369181 2.19005222992055 2.25121050605361 2.18863632184124 1.6869920999051 2.24162500828336
3.45328750378223 3.40409877633936 3.50596338866702 3.17793446317453 3.60411881967415 3.60419630307343 3.58203246000596 3.38411917887158 3.48770639102099 2.94793274505299 2.47473050522716 3.3437347349415 3.41308318645823 3.46175115078447 3.50641933621438 3.50858638741324 3.5143248349398 3.48591207642849 3.44471085187268 3.45583460414382 3.5297294081053 3.50891361312914 3.48841859536755 3.44307663263568 3.40467955428604 3.36894577234915 3.15735319499764 1.66762810096959 2.60663020170876 3.4568009087385 3.23818808793243 2.89166564057502 2.19183441098397 1.90475629777873 2.12769696476946 2.03398031819836 2.33661536559289 1.62540759520813 2.36243578200021 1.89931043870509 1.95312845404331 1.74799702704159 1.49897092841582 1.78743932890202 2.13334435711168 1.6985778043874
3.37449185305159 3.3882348197099 3.25609556748393 3.45989035785115 3.45876453532954 3.6175835890262 3.57640489566114 3.59639293797082 3.51637728879086 3.58032411452584 3.17318598972418 3.50449359620805 3.50883440388897 3.42447711503669 3.3976974486065 3.45400218124247 3.50669090351175 3.54076492907024 3.53591069913001 3.52387132510114 3.48104432336612 3.53080913876908 3.48280047852006 3.4120860385399 3.37016418028896 3.3459420508168 3.34138246070948 2.40301835129156 1.71284737909501 2.22009797087322 2.9656992567057 2.87665252868882 3.19378033211802 1.99266382646816 1.83516868673091 1.60306572901525 1.49234994504244 1.40939797650263 1.58186239873238 1.60624697361711 1.87947510234568 1.58260013905755 1.54732099430867 1.50074235202964 1.67200402194629 1.72109896749444
3.53399030066366 3.64338257702354 3.47471743446805 3.44526521586776 3.30825260725492 3.37838058155634 2.94691788490646 3.63793945184564 3.62581483626892 3.61792409662494 3.57614516248036 3.55734016727778 3.56402697835704 3.55131124503713 3.48892949847633 3.39987548899564 3.4883426613912 3.53668409083851 3.54153505927238 3.54759478621099 3.52731796839157 3.48928599311951 3.44094621351312 3.39788819019384 3.35726544053347 3.4008692766923 3.43721166091236 3.39149808710461 3.08138775921661 1.98105383100757 1.61177258404745 1.6838589437297 2.11532832825104 2.3640793202617 1.80934922040485 1.88026704310341 1.56062147341293 1.92970767108671 1.57872444771863 1.87867550179544 1.99842753211919 1.73034166350117 2.94471322472823 1.70204559085727 1.7036943052576 1.62282421615757
