IBR/IBR_outputs/all.combrep_1/PersistForestCover_Total.Silt_Total.Spinifex_Total/PersistForestCover_Total.Silt_Total.Spinifex_Total.asc
NCOLS 160 
NROWS 95 
XLLCORNER 210004.651214014 
YLLCORNER 7350008.22228844 
CELLSIZE 4999.99999999997 
NODATA_value -9999 
[rows 21 to 41 of 95, columns 46 to 91 of 160]
-9999 -9999 -9999 -9999 -9999 2.9120439524416 1.91800766807112 1.79275703087022 -9999 -9999 -9999 2.66230709538832 3.08374770851633 2.18188538189455 2.33620622164761 2.45672500426136 3.30959272611936 -9999 -9999 -9999 -9999 -9999 -9999 -9999 -9999 -9999 -9999 -9999 2.89441455312393 3.33719663315132 3.02622865204572 1.33959574381358 1.15100423720549 1.12206431870364 1.12520482937633 1.91022993835018 3.21543267308475 3.26527911864005 3.30184489392774 3.36438652941088 2.64811798553982 1.36155153011015 1.88798593990664 3.05489940159208 1.25376207014336 1.24712018112878
-9999 -9999 -9999 -9999 2.06976527489587 1.91410755684092 2.17990046954565 3.04814956193286 3.02379092679293 -9999 2.68839306751246 3.0815703419697 2.26572121740594 2.24104777248547 2.0071905617355 2.64692838816469 2.97686718803481 2.99295868221048 -9999 -9999 -9999 -9999 -9999 3.10748701645461 2.89519835006773 2.83716540349737 2.94226876319237 3.09673012890454 3.17829114649832 3.56216513163423 3.34012047881229 2.40193551302287 1.22125294478903 1.12998115306313 1.20329061374134 1.48007862085938 2.40042099992161 3.29002905827771 3.35644039993511 3.33792915676542 1.7583326963928 1.40550046824454 1.40847274615564 3.06927223059832 1.55093852687183 1.28138633071512
-9999 -9999 2.69174712848392 2.54408062407727 2.91478392885669 3.13871305050242 3.22793332747778 4.0426912703298 3.50051193519542 3.35955132716306 3.12631238162415 2.86262752181384 2.92232451104715 2.94401240426436 3.65549790471825 3.78237750912565 3.39482460486887 3.20550619748113 3.17126883214473 2.9051389353562 3.08424880081095 3.14035613846733 3.09108910366294 3.09737631408591 3.44066556607479 3.32029534551395 3.59692494296609 4.51865094232053 4.96958081376725 4.14679970836151 3.60341628292755 2.04006658146013 2.36629148188227 1.41854885395418 1.15048743912237 1.59524428339105 1.73576994696403 2.46067852830158 3.37215406333119 3.31652647742675 1.6776982615559 1.4240105789878 1.55746131607246 1.50514117620033 1.3383223389034 1.33883680280744
-9999 2.91870085634566 3.28198567600539 3.95515830750387 3.62180458140775 3.84497014536484 4.89025953196428 4.40619494601709 3.6504630731512 4.20226156541067 6.95380081216808 4.76653005178426 2.56205474707345 3.42887868873225 2.52076123017432 5.6239482010769 4.33130083782512 4.38301292404817 3.42610518514421 3.17184798117001 3.26122764555313 3.43451153518977 3.75047718154361 3.89675653185476 2.84660939846254 2.63112838752234 3.9813344728413 5.3549233426857 4.75905973721093 2.54091769795912 2.57402237552593 2.84512905021741 1.92588962395099 2.76942915070257 1.245938639911 1.17275866818512 2.19952053055028 1.89840674188188 2.11478974693627 3.25256098823039 1.52093121234674 1.40709690598064 1.44004412326649 1.35064234499797 1.30533997009142 1.28277141216304
2.81080509655251 3.41333049634907 6.48484400050695 8.377731733338 6.55529989170879 6.69243218509379 3.78909232307757 4.77680453549424 3.99952753236051 4.58741408298202 3.69879722575132 2.55763809488767 2.96575265534523 2.36022325221818 2.36481823808094 2.33633651742306 4.20447935466513 6.78763010637736 7.08694373916054 3.94359355380151 4.90754824892957 5.17547127420246 8.98447443704865 11.6773026878042 3.83404750098753 2.09327512590281 1.51482160961781 1.82682723884805 3.57792550934599 2.35808953852988 1.9824711508905 1.98372078935111 1.880918663625 3.04372210474523 1.9343347051252 1.10929457519291 1.40411891827064 2.03137661761666 1.9149823008494 2.34451233611275 1.31349816419512 1.30024053207535 1.33102243295029 1.3740165186428 1.31220602939265 1.29710662557157
4.13066767942169 6.41808282656543 11.1749879428965 4.84736570433448 3.35603726777683 3.92181599226154 4.83110350361512 4.8868225901839 3.24881095445459 2.74866632095004 2.35652979865486 2.16535332476754 1.71995310641222 1.77710273897507 2.55968896569683 3.46394699370046 5.64682787892016 9.87075211181517 9.140145509503 8.05518036056512 13.8112278332341 7.31043989476136 9.47167571722769 15.8614216540764 6.26365928443908 6.95508261333464 3.63331375486553 1.50325304076988 1.86006864265844 1.91431518531787 1.73391146168767 1.85579232896534 1.67744917241561 2.35116372807871 2.2103673816053 1.27996598859578 1.39675010734255 1.43854040946363 1.46895430930973 2.62282925312717 1.60502301609214 1.51316247233356 1.39793551068408 1.38080384914665 1.34273114654143 1.27615099557648
4.45599075698915 7.90639072018786 8.7677604954575 5.57405067139975 3.83819316481632 3.99746443333978 4.91329125103513 5.25485007825555 4.68142626786397 4.12744615969484 3.25214861047893 2.82947940899672 2.21903085544377 2.60276889992409 2.81971235979139 2.36772330483124 2.67517715529241 2.75980607983332 2.40069504421553 7.01922628216205 13.8586463930106 5.46937665215854 3.37036871803039 4.38123035881153 4.44247913800763 6.4438340302787 3.49289207394187 2.00461789267856 1.76471591855808 2.25939160271003 1.77236216078724 1.76372229698573 1.48640136359168 2.56719967498396 1.69499345487359 1.28747141191558 1.32601872813689 1.40168715642832 1.28730789186844 1.89902376466727 1.44550196768799 1.35910564755853 1.4218117600346 1.41214109629657 1.42585172954614 1.3074917252927
2.18896350000717 2.6101445826737 4.65188977300862 4.35946514398774 3.75925102054916 3.73091191041723 4.28635094109253 5.74118885796701 6.71271668006881 2.93001694005027 2.532962200761 2.12721630434273 1.83277754499632 1.96793991084629 2.3082948924909 2.16163544413787 1.88804686377421 1.98907945530067 2.61229580939844 2.46299043797045 3.75708241512271 4.03716174941016 2.31994823147647 2.17259413914013 3.27802571227828 2.29748671897273 1.87721777138598 1.73142085685946 1.45093531638964 1.36014840337647 1.32003124755627 1.35246905362776 1.25760701572816 1.15453118499101 1.64545757222777 1.21254205601368 1.28425977040433 1.28657459108704 1.2347174171849 1.36994539974742 1.36713361447891 1.19069607421482 1.29835640197724 1.28436984685803 1.29931082905856 1.31838584730477
1.76265017466632 1.93376450562401 2.14114164433362 1.8535804560311 1.99799780066915 4.21048901925127 2.89906893500453 1.71295748249796 7.24741183808136 3.53623229976691 1.76490690689413 1.83174955914031 1.9883702478238 2.21554959898911 2.59784721831295 2.14839530248124 2.63756646478894 3.22417443753873 2.71453837610919 3.48588223120467 4.7986227611264 2.90237978056162 2.7925593749514 2.56297346865662 3.19861307971198 1.9786727461401 1.43213873312996 1.3563090316542 1.30277545004237 1.74523921403084 1.23343454165791 1.37449998477993 2.0057237046581 1.81969838977063 1.68509238838429 1.57332795795125 1.34174876174707 1.15779681989212 1.18125377405078 1.25220170157905 1.58786808789293 1.26400023337167 1.38408606440443 1.55857243991949 1.32854709302151 1.46077113218258
1.59240375668802 1.64285541529664 1.80184795945374 3.1446516033438 2.42592840960974 2.62295073197759 2.94100467595587 2.0221913288416 5.73616105895308 5.25540567561576 2.24978280964233 2.09674688997342 2.04254756089206 2.52277870160089 2.67528914843094 3.79358482102223 4.51282704132177 2.31025384979377 2.57892715535986 3.912744295831 7.11345299794055 5.88262006802851 3.893635665231 1.95536436438705 2.23515329880563 1.48979322144353 1.60908502143878 2.96210969925912 1.6487102680677 1.97329643501008 2.86571362827948 3.1436030842915 3.55646496684348 4.50643249917948 3.87489378640178 4.19617648590382 3.42536979611585 1.26681296609027 1.17597552420481 1.24029165364121 1.35690658188291 1.47289230472938 1.25951546816955 1.2817320649271 1.34909169833473 1.47566441205457
1.56010919307734 1.58973281164961 1.88441005069992 1.86816467079294 1.79792731589385 2.89647381932377 1.75852095475089 1.8576843812644 4.28729956062883 2.90038956494483 1.96330456670017 1.84056100859988 2.25706680367875 2.24858822814435 2.57382332028742 2.11571874655686 3.15519006548636 2.3292207312383 2.39398630967026 2.36968173996371 5.31306267981257 3.03882554634147 2.23487456898641 1.87572241510682 2.4291207176056 2.02032180416581 2.40616042697076 3.81513005144292 3.38554066171573 3.85867195505854 3.58476892453105 3.3972107248589 3.32888135500138 3.77840300898458 4.22635961162727 4.42795440143933 3.27495221267055 1.42069192659697 1.20604569798786 1.19126396467334 1.22559257923751 1.30344935500976 2.01907595821074 1.36560032637336 1.17717229554563 1.25255355554039
1.51864636751542 1.56436159680535 1.55001754913682 1.69406215726197 1.57714469561211 1.77763653585681 1.60169680152013 1.62830545848489 2.31204108556457 2.22616271376753 1.94637907868538 1.661121321378 2.11508277826387 2.07798495503589 2.55130350277206 2.76012398115122 2.70717402728118 2.21856263274424 1.83289400211616 3.27507852001738 6.40275290495919 5.19353340238079 2.09623508037188 1.71198153665167 1.92948203425045 2.01652271802702 1.89326976949621 2.79657271417429 3.34542913327065 3.40322012926375 3.29840058692725 3.28431035027365 2.61458548104998 2.32058667622416 2.09214425369576 2.77358072594126 2.47212276789406 1.88751643926921 1.84252834194925 2.66926571445607 1.62191949814041 1.69834948716034 1.32490165153914 1.17575829759335 1.1956440688835 1.22459690820317
1.61991672272373 2.97182765499503 1.73983924782213 1.83290956549898 1.60123166303162 1.67145876205337 2.12176461919596 2.09510928439219 2.04963948478094 1.72654395068454 1.58140472353691 1.43532041646885 1.69152667933346 1.66885635635994 1.84457980824459 2.47486716327704 3.41181972481368 2.15292432493056 2.36255438783522 3.55381892671781 6.00088014184734 6.85092827085375 3.2096243134474 1.60431896808853 1.86170823751942 1.91560643272904 2.21900087184173 3.51343888259785 3.20629140464652 2.90378764296894 2.4706583211687 1.54443692533304 1.16217928382977 1.12544124174127 1.34654647779125 1.99681077690973 2.15018249376007 1.60291594820549 1.66888143690749 1.80886325808034 2.3074432722326 1.8825890149348 1.17981143424022 1.18331900936681 1.16843817226387 1.36871324868138
2.00923370933908 2.26667379475459 2.55540719523527 3.00779464077355 2.35955603182758 3.97341727847483 5.37059720717985 2.45596340416 1.78906809437623 1.7413959960624 1.45479013140568 1.49514303694356 1.58695280945591 1.70646805987753 2.1249105348629 2.22888115004107 2.62557683972655 3.32102363732271 3.80335821737243 9.90890013221681 10.3626231930783 4.13559863206872 2.79947676244042 1.82968883687785 2.04910055527459 2.05831690637418 2.20842222033215 7.45965649739892 5.10522174231722 2.80363805789483 1.20816027507214 1.10821425629215 1.14816992825471 1.17560267480319 1.64386673213615 1.78117599952238 1.90447044234204 1.62945024024617 1.93687835473029 1.73585272797245 1.28932494587267 1.4306532496165 1.23743886913517 1.18023097005855 1.23723860343703 1.35331777121424
1.57524784406683 1.6386864373033 2.33452405814731 2.49248976778823 2.92548384899606 2.53596555876995 1.84188048843089 2.72761530626196 3.39052268522098 2.64861367153252 2.8884617555056 1.94041677435565 2.26799107557139 1.65716468947716 2.21497381758439 1.94009346499006 2.17946880835268 5.22439354784918 12.5917686439446 11.2361148540244 12.339796878001 3.00224992071034 2.17949363719419 3.19772679766581 2.8057994469798 2.18121159160018 1.97382839487011 4.29595564153423 12.6512464932807 4.92939945578251 1.60331989313423 1.21415618225341 1.350309491679 1.55563613647453 2.00864003478957 2.06054895226741 1.87776748606294 1.63069697490719 1.44569333090781 1.34633830349114 1.36887113501303 1.46660513592175 1.18659016628912 1.19949911393732 1.22040207121353 1.36144183789875
1.56808862566726 1.55132452984709 1.57771057682319 1.81124740688031 2.36515535923886 3.820010343921 3.45527711355242 3.53050594608734 3.32958934351003 3.92438226198898 4.69755230442415 2.90809381587803 3.95429180935208 2.02068594391645 3.81299478723434 2.64342466481642 1.96293628933744 3.39257386773926 12.7611043311935 8.63365963177995 9.61791385026054 2.14321242648261 2.09311367973646 2.30371294580916 2.08885677533042 2.02172883229432 2.24325467199874 2.30908053589742 5.80012243139939 5.66843330083938 3.55913443820468 1.82600608456917 1.66686870544624 1.88243651672653 1.85886254965949 3.2493612602069 1.66889468099185 1.39786713862418 1.28464410457833 1.28204135650253 1.23275277624519 1.25137345542889 1.16004547781465 1.22219527957907 1.20067140313194 1.22974891711485
1.66336412977879 1.5793170460984 1.67902179027585 1.60527636858582 1.73981703647331 3.33009323638418 4.82163270226693 7.05025591817437 8.12735606988158 7.82804343199538 10.6276601580999 9.15272372820983 7.26052184072446 4.47542789736571 5.03018655625465 4.68647217004061 2.20375319745354 1.64410134043479 2.4513032194811 2.67049027429296 2.10347953867487 1.69798990755679 1.64287353032006 1.8572049302551 2.16487297231945 1.8501117523522 2.06377100554213 1.868747905484 2.09508679089363 2.29856053673648 2.2441988834614 2.33169657617073 1.67347317988761 1.76272356136714 2.5207265221094 1.83333633126258 1.5142720947432 1.52281433846819 1.28427035362049 1.19271877685422 1.25946600715102 1.4949465457578 1.23637157745841 1.28718045997669 1.28174222203066 1.18194016798373
1.57785917635953 1.50070667400925 1.54304171731161 2.59776236837097 4.29282503158551 7.18981413979571 9.1022763694394 13.4685680495863 14.2063026985321 13.3658392600714 12.7505364348192 12.0656653611485 9.66325130867058 8.31901482200708 6.88807278925342 4.93697591521535 3.09286927035425 1.69240579026599 1.64771428780684 2.18262550361763 1.95042303625502 2.43011607538754 1.91968836116685 2.28007174931748 2.53369324744666 2.87240968607934 1.85294110546859 1.73650000805595 2.22010202952987 2.03672034729508 1.85260668662673 2.32187466675296 1.77518837071315 1.75635548892593 1.60306219300921 1.62882291811964 1.80145736276251 1.59119620525948 1.29585731489359 1.2206613070184 1.26165777020428 1.38069120327359 1.3660527193981 1.1903645921134 1.21434889430617 1.19509485190556
1.88141921164573 2.98595919197923 2.41927354715373 1.70446517489183 2.11883868638191 3.19429800508976 6.40206708715963 2.63631798557964 6.26992700659738 9.05351293769162 9.1997570912653 8.91558582196624 8.56646247410543 5.97494750228236 5.16813121008483 3.9553194559014 4.23022971219842 3.74188857767753 3.01170485621399 3.65904050429603 3.85968988076353 5.16192727644625 3.62933669306331 2.94224158372358 2.11586099890148 1.83025193091166 1.86666747011 3.10721632304805 2.73276948889889 1.63646367899573 2.3545833162277 1.76566394229965 1.63918701148631 1.65101864978555 1.6975920775448 2.29276525669836 2.02089480020771 1.35991675412618 1.2601083416952 1.25096461229814 1.20386228932943 1.2034886860195 1.59746321006666 1.45424710637554 1.26719800762367 1.21164161968993
1.53503008992217 1.94920536063926 4.54655946627761 2.18140018193985 1.80504502116549 2.51117342076489 1.79671591120933 3.31435593764281 4.53841223029598 2.38660973689145 2.07216636355118 2.33577808845874 3.1641247076082 2.37383635864841 2.27299288371957 2.12667539480941 2.26598554856469 2.49017295293019 2.74253974205662 2.29993403597788 2.13109973869016 2.92977127391842 3.21592770895502 2.8748066250731 2.26891048445884 3.03774625920481 2.08220574781799 3.40503905836038 3.45071655046115 2.03084416022581 1.63612030827708 1.58559711334308 1.69401546841859 1.55715666076073 1.77976996286259 4.10765613701537 4.11972235267025 1.70142240599397 1.28281501150924 1.28154725044818 1.26173559905956 1.22857395619674 1.96482498912301 1.69772322500605 1.30661644974898 1.21841787271704
2.54850788436109 2.11054389140381 2.78021151095774 2.82728678797937 3.06052545744242 3.20288118831147 2.28266892352514 2.23237865183605 2.33344467986419 2.25189118375085 2.22888987486259 1.9508532961745 1.57286234340106 1.55798765468083 1.75251922588217 1.91163565720132 1.9726491842447 2.00633795072693 1.87590983419901 2.08270250096447 2.1263905308499 2.13960017246431 1.85899288069503 2.60266972798721 3.87075184575689 4.04636534986622 2.19094180124786 2.62155876085796 2.21429460989095 3.131130417269 1.64946010697842 1.68539075288876 1.77869764959764 1.62250464574994 2.23452594073985 2.69357231579562 4.15806075408796 1.42550628011085 1.3151758862884 1.23720495730436 1.48602288860102 1.28606202927346 2.11976047479399 1.40013034216741 1.43060701390169 1.26252404058366
