0.14119 0.00609811 0.0569182 0.763592 0.0322025
0.13066 0.0221989 0.0892576 0.757784 9.9991E-05
0.109692 0.0285196 0.175682 0.672117 0.0139902
0.236068 0.00607958 0.0404678 0.717284 9.9991E-05
9.9973E-05 9.9973E-05 9.9973E-05 0.899212 0.100488
0.0874878 9.9982E-05 9.9982E-05 0.83292 0.0793923
0.243415 9.9982E-05 0.0461753 0.71021 9.9982E-05
0.169167 0.0406876 0.023001 0.767044 9.9991E-05
0.119906 9.9991E-05 0.204629 0.585631 0.0897343
0.259069 0.0343077 0.253698 0.452825 9.9991E-05
0.492302 0.0657517 0.0170607 0.346812 0.0780739
0.261839 0.0292758 0.207951 0.484967 0.0159673
0.81593 0.0393756 0.0750991 0.0199406 0.0496547
0.254143 0.00865994 0.205391 0.440682 0.0911247
9.999E-05 0.0413468 0.148659 0.704304 0.10559
0.201649 9.9982E-05 0.0730054 0.725145 9.9982E-05
0.144718 9.9982E-05 0.172471 0.682612 9.9982E-05
0.0835212 0.0301974 0.0504478 0.828453 0.00738049
0.172437 0.0764561 0.550006 0.0605966 0.140505
0.143307 9.9982E-05 0.696094 0.160399 9.9982E-05
0.044653 0.0156219 0.660563 0.275474 0.00368803
0.141877 0.017272 0.824365 9.9991E-05 0.0163861
0.0112058 0.0519465 0.936648 9.9982E-05 9.9982E-05
0.0117151 0.0452769 0.758698 0.151828 0.0324826
0.0819023 9.9982E-05 0.661868 0.25603 9.9982E-05
9.9982E-05 0.00439574 0.929705 0.0656998 9.9982E-05
9.9982E-05 0.0509203 0.889453 9.9982E-05 0.0594268
9.9982E-05 0.0412362 0.905618 9.9982E-05 0.052946
9.9982E-05 9.9982E-05 0.899366 0.0962698 0.00416387
9.9982E-05 9.9982E-05 0.838125 0.0780888 0.0835863
0.0692017 0.0155291 0.912386 9.9991E-05 0.00278332
0.0155598 0.0544206 0.876141 0.0286217 0.0252566
0.0160888 0.0706333 0.848027 0.0651511 9.9991E-05
0.332476 0.0538422 0.11111 0.502471 9.9991E-05
9.9982E-05 9.9982E-05 0.325 0.636779 0.0380213
0.0434106 9.9991E-05 0.120666 0.765959 0.0698647
0.228345 0.0391676 0.0758767 0.656511 9.9991E-05
0.269735 0.0131549 0.119651 0.496969 0.100491
9.997E-05 0.9996 9.997E-05 9.997E-05 9.997E-05
0.158377 0.0244307 0.759746 9.9991E-05 0.0573456
9.9991E-05 0.0118262 0.172774 0.692418 0.122882
0.200676 9.9982E-05 0.11018 0.688944 9.9982E-05
0.348786 0.00835706 0.252957 0.321788 0.0681121
0.697999 0.0408764 0.120969 0.0505619 0.089594
0.970503 0.0110984 0.0181991 9.9982E-05 9.9982E-05
9.997E-05 0.9996 9.997E-05 9.997E-05 9.997E-05
0.297928 0.0816834 0.1873 0.424706 0.00838259
0.536922 9.9991E-05 0.143546 0.257599 0.0618333
0.168659 0.010712 0.369366 0.337644 0.113619
0.149365 0.0124352 0.0226313 0.0499019 0.765667
0.150305 0.0126164 0.0306523 9.9991E-05 0.806326
9.9973E-05 9.9973E-05 9.9973E-05 0.187396 0.812304
0.072698 0.0698059 0.0457068 0.0593917 0.752398
9.9991E-05 0.056776 0.0621299 0.0384108 0.842583
9.9982E-05 9.9982E-05 0.113235 0.0289231 0.857642
9.9973E-05 9.9973E-05 9.9973E-05 0.261748 0.737952
0.223409 0.0187959 9.9982E-05 9.9982E-05 0.757595
0.0380197 0.0153906 0.0721769 9.9991E-05 0.874313
0.0535666 0.0587235 9.9991E-05 0.100502 0.787108
0.224702 0.0271256 9.9991E-05 0.13869 0.609382
0.102883 9.9982E-05 0.0953027 9.9982E-05 0.801614
0.234475 9.9991E-05 0.0130321 0.0473835 0.70501
0.620848 0.0787249 0.00473946 9.9991E-05 0.295587
9.9991E-05 0.0332845 0.802674 0.0818826 0.0820586
0.0308168 0.0335097 0.816913 0.114611 0.00414949
9.9982E-05 0.0236351 0.829758 0.146407 9.9982E-05
0.217887 0.0184676 0.0377423 0.0472669 0.678636
0.410605 0.0858067 9.9982E-05 9.9982E-05 0.503388
0.128194 0.0195171 0.0215317 0.0673552 0.763402
0.248132 0.0469495 0.00960339 9.9991E-05 0.695215
0.0148718 0.0373186 0.0331597 0.0664128 0.848237
0.554792 9.9982E-05 9.9982E-05 0.285449 0.159559
0.758013 9.9982E-05 9.9982E-05 0.179419 0.0623684
0.868892 9.9982E-05 9.9982E-05 0.0508214 0.0800868
0.96802 0.03168 9.9973E-05 9.9973E-05 9.9973E-05
0.89268 0.0438191 0.0633006 9.9982E-05 9.9982E-05
0.963036 0.036664 9.9973E-05 9.9973E-05 9.9973E-05
0.729144 0.0191907 0.103978 0.0758485 0.0718381
0.282567 9.9982E-05 9.9982E-05 0.0804648 0.636768
0.327728 0.109929 0.0371377 0.0707866 0.454418
0.174429 0.0177088 0.0718642 9.9991E-05 0.735898
0.0755007 0.0610393 0.0945467 9.9991E-05 0.768813
0.052217 0.0377314 9.9991E-05 0.196232 0.713719
0.102613 0.0241949 0.702052 0.117164 0.0539763
0.447982 9.9991E-05 0.0802304 0.132336 0.339351
0.895504 9.9982E-05 9.9982E-05 0.00855371 0.0957419
9.997E-05 0.9996 9.997E-05 9.997E-05 9.997E-05
0.14054 9.9991E-05 0.185029 0.665222 0.00910943
0.108527 0.0125981 0.150974 0.727801 9.9991E-05
0.271855 0.0433872 0.122052 0.562605 9.9991E-05
0.274076 0.0441666 0.292774 0.30841 0.0805734
9.9982E-05 9.9982E-05 0.132986 0.808886 0.0579281
0.816299 0.00425322 0.00746683 9.9991E-05 0.171881
0.136437 0.0457719 0.558288 0.22867 0.0308332
0.627713 0.0765564 9.9991E-05 0.115302 0.180328
0.408662 0.0619912 0.337547 0.1917 9.9991E-05
9.9982E-05 0.00160725 0.131472 0.866721 9.9982E-05
0.328961 9.9982E-05 0.053743 0.617096 9.9982E-05
0.264527 9.9982E-05 0.161926 0.573348 9.9982E-05
0.250218 0.00329601 0.0442775 0.64684 0.0553683
0.356849 0.00453183 0.0311765 0.607343 9.9991E-05
0.297588 9.9982E-05 0.0813707 0.620842 9.9982E-05
0.720288 0.0259836 0.00541204 0.0454733 0.202844
0.671914 0.0761077 0.0995429 0.0431747 0.10926
0.643627 0.0820265 0.00158549 0.0497822 0.222979
0.629151 9.9982E-05 0.196351 0.174298 9.9982E-05
0.457387 9.9991E-05 0.145042 0.289336 0.108134
0.0154988 9.9991E-05 0.423717 0.450357 0.110327
9.9982E-05 0.00864446 9.9982E-05 0.208782 0.782374
0.117858 0.0176831 0.0808558 0.0290262 0.754577
0.656472 0.0120241 0.177544 9.9991E-05 0.15386
0.597254 0.0228036 0.106721 0.120872 0.15235
0.483575 0.0590006 0.262786 0.0553392 0.139299
0.254614 9.9973E-05 0.745086 9.9973E-05 9.9973E-05
0.288205 0.05231 0.0168057 9.9991E-05 0.642579
0.162175 9.9991E-05 0.025772 0.105407 0.706546
0.37242 9.9982E-05 9.9982E-05 0.120649 0.506731
0.0650622 0.0463378 0.485507 0.37431 0.0287828
9.9991E-05 0.0101918 0.201494 0.733512 0.0547021
0.18146 0.0109301 9.9991E-05 0.768489 0.0390215
0.0404538 9.9991E-05 0.0510937 0.802995 0.105357
9.9982E-05 9.9982E-05 0.393559 0.590019 0.0162221
0.105058 0.0243261 0.142641 0.707024 0.0209507
0.0303613 9.9991E-05 0.106107 0.81221 0.051222
9.9991E-05 0.00914876 0.0304962 0.873445 0.0868096
0.136858 9.9982E-05 0.349178 0.513764 9.9982E-05
0.179023 9.9982E-05 0.11362 0.707156 9.9982E-05
0.211073 0.0389592 0.160988 0.58888 9.9991E-05
0.225607 0.0117103 0.0846245 0.677958 9.9991E-05
0.0434291 9.9991E-05 0.307337 0.488421 0.160713
0.186054 0.0389816 9.9991E-05 0.727677 0.0471879
0.325635 0.0141725 0.245151 0.414941 9.9991E-05
0.171833 9.9991E-05 0.0747257 0.697713 0.0556283
0.158693 0.00531388 0.835793 9.9982E-05 9.9982E-05
0.0672494 9.9982E-05 0.921507 0.0110439 9.9982E-05
9.9982E-05 0.0384123 0.885201 0.0761869 9.9982E-05
0.0137921 0.00390564 0.767575 0.119877 0.0948506
0.0865785 0.0308502 0.871051 9.9991E-05 0.0114205
0.23143 0.0141369 0.000283206 0.678852 0.0752977
0.217439 0.0208232 0.0979865 0.663651 9.9991E-05
0.0559688 9.9973E-05 9.9973E-05 9.9973E-05 0.943731
0.0674165 0.0330637 0.0877773 9.9991E-05 0.811643
9.9982E-05 0.0293247 9.9982E-05 0.111588 0.858887
0.293147 0.00373649 0.0301798 0.0313013 0.641635
0.115581 0.0297364 9.9991E-05 0.0197619 0.834821
9.9991E-05 0.00219079 0.159378 0.0283947 0.809936
0.00539128 0.0258139 9.9991E-05 0.0589257 0.909769
0.113256 0.0175848 0.0556735 9.9991E-05 0.813386
9.9982E-05 9.9982E-05 0.0973388 0.0332979 0.869163
9.9973E-05 9.9973E-05 0.131862 9.9973E-05 0.867838
0.0982716 0.0527698 9.9991E-05 0.0306537 0.818205
9.9991E-05 0.0456217 0.0313321 0.159806 0.76314
9.9991E-05 0.0130789 0.0436603 0.155987 0.787173
9.9991E-05 0.0121732 0.095668 0.0261413 0.865917
0.165398 0.00859965 9.9982E-05 9.9982E-05 0.825802
9.9982E-05 0.0235757 9.9982E-05 0.0728213 0.903403
9.9991E-05 0.0186643 0.051533 0.0552644 0.874438
0.714806 0.00642339 0.0379029 0.0941452 0.146722
0.954669 9.9982E-05 0.0212632 0.0238674 9.9982E-05
0.0378563 9.9982E-05 9.9982E-05 0.0612145 0.900729
0.0726107 0.028461 0.0106153 0.218018 0.670295
0.101565 9.9982E-05 0.0158378 9.9982E-05 0.882397
0.883109 9.9982E-05 9.9982E-05 0.0648851 0.0518064
9.9991E-05 0.0210906 0.00430519 0.923805 0.0506995
9.9982E-05 0.0404272 0.217833 0.74154 9.9982E-05
0.214705 9.9991E-05 0.473486 0.306279 0.00543061
0.16663 9.9982E-05 0.644243 0.188926 9.9982E-05
0.151422 9.9982E-05 0.819679 0.0286998 9.9982E-05
0.0193916 9.9991E-05 0.857675 0.0801298 0.0427034
0.0643363 0.0065403 0.807909 0.116729 0.00448531
0.156866 0.0144578 0.781311 0.0472642 9.9991E-05
0.14883 0.0443042 0.740931 9.9991E-05 0.0658356
9.9991E-05 0.0694079 0.770271 0.0439499 0.116271
0.0444803 0.000872763 0.0808677 0.828872 0.0449072
0.0482765 0.0542431 0.0332526 0.771194 0.0930341
0.168763 0.0593315 9.9991E-05 0.733134 0.0386708
0.245441 9.99731E-05 9.99731E-05 0.754259 9.99731E-05
0.230666 0.0201843 9.9982E-05 0.748949 9.9982E-05
0.376102 0.0143903 0.0226661 0.586741 9.9991E-05
0.286476 0.00344655 0.156086 0.553892 9.9991E-05
0.225333 0.00111176 0.202238 0.502871 0.0684459
0.235224 0.0514737 0.0896318 0.612053 0.0116174
0.266599 9.9991E-05 0.180204 0.532098 0.0209994
0.137257 0.0403716 0.0866125 0.680057 0.0557019
0.0689274 0.145942 0.713729 9.9991E-05 0.0713016
0.200783 0.0112446 0.0541772 9.9991E-05 0.733695
0.0721141 0.0287946 0.127449 9.9991E-05 0.771543
0.114914 0.0108765 0.00297028 0.036093 0.835146
0.108573 0.00414466 0.0233367 0.112197 0.751748
9.9991E-05 0.0599574 0.048713 0.107212 0.784017
0.172704 0.0259337 0.254392 0.439639 0.107331
0.127306 0.0376183 0.273213 0.540955 0.0209073
0.0218361 0.0699758 0.113028 0.775125 0.0200359
0.217168 0.0575369 0.220529 0.504666 9.9991E-05
