0,10.4963815609258,12.6300815750822,12.7249207917893,15.2909686844848,16.4429471536872,19.7980608592646,16.4238380644618,33.5629497906462,33.7818364796565,71.636245840432,40.0907046691633,37.3789093774596,36.44445594799,42.0632392898476,47.4697684939019,38.6977532994991,35.3616979856099,36.2797151761102,39.1640764854672,31.8117854793354,29.737674988811,30.3831419384518,45.4869664907487,66.3445294362795,74.5776569168531,52.0906206901399,54.6370590447522,41.1615498459733,32.2780601074102,30.7373954552282,35.4880480088154,57.1538568042043,45.9042055038061,50.5707436797798,45.2865011161708,49.3648319366984,59.4103568150957,59.0548910474487,59.2519334889334,61.445809218796,64.7821525585015,61.458418783264,61.6495521645489,64.0555061933117,61.3091986106079,65.2830139003172,64.2537718867657,67.0337658416181,60.8741741436648,61.4552946475882,38.1891937864602,41.0249287633045,36.0988433701176,40.4362493113681,33.9266702291716,36.4014636671272,34.730662953826,24.3907908278047,35.0436482908197,29.9422836140837,30.7906267906523,25.3731634532495,42.901488713023,25.6967225745535,38.8979719318549,65.5011494322944,68.6006079853682,65.5481802383359,63.1390163060435,63.1012930246863,60.5473346422522,65.884935713286,68.8106646418423,80.7259990273344,35.5988371517774,44.428243380221,74.3226019618672,29.9428163889286,27.9647069365655,34.6771704983256
10.4963815609258,0,13.4163768356908,10.8258799691564,11.6627793913973,16.3289644788597,19.4262222281444,15.2278560154654,32.3562049600274,32.5760828150214,71.1892052527427,38.8994104324007,36.1839446077555,35.2449414357929,41.7450439521095,47.1302726211318,37.8295212040602,34.5612411614224,35.4269872041008,38.3566754927258,31.6099544504215,29.5996224394204,30.2514407940168,44.8565704445904,65.9683989798806,74.1916207399809,51.3447109179256,53.9323790627853,40.8673110780684,31.0902270444612,29.5473338112623,34.2951570886467,56.7775912936454,45.7760128376132,50.2236623561599,44.941336561396,48.1864145327211,58.9818977236741,58.6274991284713,58.8235356619344,61.0066681195831,64.3425194326925,61.0178002205481,61.2083477135453,63.6180217939691,60.8746785706089,64.8470034689006,63.8181467508457,66.5985241555892,60.4380179985794,61.0217189016853,37.6047346260329,40.4615099998149,35.5453272955615,39.7478088222446,33.4791815674516,35.9665179566857,34.2848983161271,24.4363240497117,34.9859425589274,29.965394480524,30.8175070925374,25.4961389677093,42.0571717377537,24.7488685323497,38.0264121997938,65.0843133592106,68.1851203114569,65.1320851109669,62.7221496465302,62.654905436678,60.1013037217865,65.444312516112,68.3702397664266,80.2706239506678,34.9883740875988,43.8411727131236,73.8861244959015,29.541564529818,28.1590143390441,33.4483487151429
12.6300815750822,13.4163768356908,0,17.1142888235622,18.044557230568,13.9965501899797,18.8463265142429,14.8816778101976,34.930595139198,35.144955629475,72.8004056186297,41.5017843746974,38.7857409925887,37.8329741805767,43.2292190792644,48.6184114906249,40.3343127932236,36.9907876182137,37.911008595595,40.7963697321393,33.4750451167771,31.3362134079414,32.0015007659367,46.5356715507487,67.5751811898534,75.7948486672654,53.1457051693119,55.6842023405559,42.3952123568663,33.4813451326459,31.9345123732127,36.749229443029,58.3589089498387,47.3891008120183,51.7052636586244,46.4163853742202,50.7989377808056,60.5831922107907,60.2286124000717,60.4258280116196,62.6105638952487,65.9471083017999,62.6222666819856,62.8135847078449,65.2245048140643,62.4800531744369,66.4532739103911,65.4238583609978,68.2047326467055,62.0440811581014,62.6268105254357,39.8313829198545,42.6761044438004,37.7356809643055,42.0888472659514,35.539621510525,38.0305999176622,36.3715069292559,24.7618130536977,36.743308643302,31.6113636490447,32.550769384934,27.0798129493036,44.5126124479026,26.3089084658944,39.8847710034981,66.6862305829383,69.7868702949835,66.7338221966414,64.3238970355578,64.2637394903177,61.7098081569794,67.0517910792168,69.9773760493838,81.8833104499791,36.5382126556226,45.3854861109063,75.4356611723241,30.7552336027948,29.2445765790708,36.0401417075242
12.7249207917893,10.8258799691564,17.1142888235622,0,11.5098246664781,19.2202594114122,21.8978352075507,18.3163696753521,33.5265157963512,33.7509643082649,72.509442190511,40.0228245261593,37.312121882907,36.3927211901329,43.0588260014984,48.4589332455049,38.7023125243691,35.4450860196058,36.3065146891804,39.236567033205,32.4983010656443,30.5557146388738,31.1905867993274,46.2820903416352,67.2286263916877,75.4638332818989,52.7734313146177,55.3644688894581,42.123881318373,32.4265013610454,30.8902758215854,35.5731537909217,58.0599666008786,46.8310306618489,51.564147132895,46.2855317074229,49.2845781444157,60.2938894115817,59.9386891116989,60.134624439411,62.326012106247,65.661717628508,62.337982439648,62.5284028574918,64.9336943680766,62.1886355896259,66.1615359700266,65.1328078719431,67.9124204123102,61.7528567617694,62.3350699816102,38.4825656170028,41.3312134430253,36.430186220698,40.6092592214185,34.3927474957566,36.865590890039,35.1720264400012,26.2486486712388,35.8610251186221,30.8836526827562,31.6533774335924,26.4037208517233,42.9607224285697,26.5488595844282,39.5230844664175,66.3853506131507,69.4850896344468,66.4326111281399,64.0233597694317,63.9765570109156,61.4229145548883,66.7619524846146,69.6879917750246,81.5970582417117,36.49749552812,45.3348240655307,75.2480276844043,31.1219858392108,29.4167719383937,34.6265271386979
15.2909686844848,11.6627793913973,18.044557230568,11.5098246664781,0,19.5242963033507,21.9441701270744,18.1789216187065,32.6276276427254,32.8534056052914,72.282594308774,39.1358205320134,36.4217828902066,35.4993138766997,42.935826501351,48.3179235189775,38.1203074405732,34.9258271595305,35.7384844867858,38.7111931490408,32.5334365194255,30.6274847976186,31.2718737119937,45.9017502685346,67.0642583268038,75.2904136336407,52.2968058495065,54.9225923288708,42.0249988091732,31.5621103254708,30.0249566786914,34.6963820424074,57.8934574970011,46.8917887577699,51.4163003463564,46.1389697687669,48.4086584413044,60.0827865596884,59.7285156728461,59.9236437699993,62.1056638794085,65.4409800338545,62.1163694600568,62.3063224942872,64.7149733806738,61.9724576415999,65.9441017624932,64.9156769225524,67.6956607082327,61.5352803108575,62.1197067597866,38.1674401210345,41.0376726695505,36.1428078728018,40.1989408262744,34.1988022774605,36.6864195737926,34.9854754765772,26.3796661908559,36.0252908110636,31.1008373246246,31.9018728270812,26.7045241449125,42.3993851923666,25.9944259349206,38.9511134887843,66.1845616367914,69.2854813715878,66.2324644955497,63.8225313700373,63.7501369260852,61.196788244334,66.5405272184257,69.4667194934918,81.3629634388958,36.1384740812491,44.993403057298,75.0273001749258,30.9280593110755,29.6811892628922,33.7062573961701
16.4429471536872,16.3289644788597,13.9965501899797,19.2202594114122,19.5242963033507,0,14.3888678726864,13.0952267714955,34.759194507765,34.968463531237,72.3922891072033,41.3770646442619,38.6566113889861,37.6840237584323,42.829957365736,48.1977983357894,40.4406092714871,37.0897483516358,38.0121380303277,40.8984711049244,33.6197343878309,31.4233954719168,32.109075228062,45.9861913858665,67.2446928384564,75.4488699900163,52.6032473437309,55.1320493033481,42.0740434343376,33.1242944282473,31.5705855619098,36.4582799218912,57.9999621305932,47.3592530798389,51.267833960459,45.9736831204236,50.6986085033655,60.1855904284411,59.8320540889924,60.0294245405472,62.2034011968699,65.5401562531511,62.2140203303089,62.4055273245113,64.8222166023316,62.0799765608016,66.0524686843032,65.0228709246864,67.804756027338,61.6428708433643,62.2275177595166,39.9437028284972,42.7973647598942,37.8429260021646,42.2107919772628,35.6239986223588,38.1315187086604,36.4838782251907,23.3560037205708,36.9351333618794,31.7850528375566,32.8083054448326,27.3035309742843,44.5935735133615,25.1576340704391,39.2556398912655,66.3029044972131,69.4049291567968,66.3511582070779,63.9403447545564,63.8536975442601,61.2998090941595,66.6469593062917,69.572387949993,81.4671168863395,35.8501031960609,44.7212360487052,74.9686751294216,29.9086209684351,29.0593421977799,35.8656597730303
19.7980608592646,19.4262222281444,18.8463265142429,21.8978352075507,21.9441701270744,14.3888678726864,0,15.4343587293095,35.8309894507947,36.0353847735591,73.1827196769265,42.4903795793297,39.7662421278153,38.7758018603021,43.6278488661729,48.9741828960172,41.7392249092789,38.379013700344,39.3056858168577,42.1907076651306,34.9303810909608,32.6863375408886,33.3900150109044,46.6378975497167,68.1096161553637,76.2988782156042,53.2696044082888,55.7852576250158,42.9489748485427,34.0190737224447,32.4592187354291,37.4162427923395,58.8373349804772,48.51698707092,52.0272312682343,46.727721763946,51.8330991874148,60.985915352305,60.6333821627661,60.8309282506258,62.9945499773415,66.3315275496556,63.0041357388138,63.1958467490926,65.6181447323604,62.8780106658708,66.8498226011399,65.8200345596009,68.602907805219,62.4398284736546,63.0263010689439,41.2346358517493,44.0951197400025,39.1282032000852,43.5142810765438,36.8850668254927,39.4068421206624,37.7695709055201,23.069276893606,38.2884676750442,33.1279740392659,34.2183799471278,28.693459475211,45.8695580680277,25.131014371745,39.8369713173436,67.117000048136,70.220354322334,67.1658876770226,64.7542196358012,64.6421984008414,62.0883417811304,67.4404579882165,70.3657261967939,82.2497761331443,36.3469540987245,45.2441329353327,75.6991705798194,30.2162058851506,30.1169098367983,36.9376149097113
16.4238380644618,15.2278560154654,14.8816778101976,18.3163696753521,18.1789216187065,13.0952267714955,15.4343587293095,0,33.7912366515266,34.0007946744416,72.2300504428927,40.4307574784653,37.7061790256302,36.7263358755191,42.8129847903618,48.1610945276284,39.8249429615613,36.5354107325556,37.410183665382,40.3379718704381,33.5976568345155,31.4746861181376,32.1605858851147,45.6383930742303,67.1483345717057,75.3441765835967,52.1221762543465,54.6991211239458,42.0674687103532,32.1469641430006,30.5890435977114,35.4881385009251,57.9087836170513,47.4520758163873,51.2260182808011,45.9352011517805,49.7680633809762,60.0424777704329,59.6899559246655,59.8861523643418,62.0499634030793,65.3861184665602,62.0591085917244,62.2499130050951,64.6697329236125,61.9304422480929,65.9013784615845,64.8722535691957,67.6543820313267,61.4916921302033,62.0789078216006,39.5857368757488,42.4570862670846,37.5135932154717,41.7583756666214,35.3948524781741,37.9102600126108,36.2505486255009,24.2392890397774,37.0281842182718,31.9555480642287,32.9541245576545,27.543690564292,43.9967874914984,24.3276727826139,38.6244487113163,66.1702857502945,69.2735797545989,66.2192557093715,63.807734149123,63.6925666020215,61.1390754713,66.4913911190069,69.4170750218821,81.2969360000693,35.5432787516092,44.439809949033,74.8300151467122,29.908130245983,29.5372583483179,34.8751357466712
33.5629497906462,32.3562049600274,34.930595139198,33.5265157963512,32.6276276427254,34.759194507765,35.8309894507947,33.7912366515266,0,8.14674097398378,79.3217955873782,23.3263770448242,20.0398771281866,15.93745352791,51.1789544050869,56.4099605140205,41.2847011229696,38.5167954634406,38.881382972821,42.3332828712624,41.9317173874865,40.2605899733612,40.9933146341462,51.6191146751123,74.7433342359536,82.8824993196872,56.7041531971617,59.8726442001897,50.4005076226129,28.9804517593021,27.9317768523721,27.5278993437182,65.5821347987545,56.4472682940339,59.4740541536076,54.2251662573287,35.462115443688,67.2993424228362,66.9545907814468,67.1393157573394,69.2261698750508,72.5560168496994,69.2232581192977,69.4067763379525,71.8451814422413,69.1301987832869,73.0874480970043,72.0632824730253,74.8457939759797,68.677700557689,69.2861064849769,44.2482301597856,47.4071736357145,42.4690504534029,45.448793198965,41.4180819130055,44.087079773417,42.344301442074,38.1291113957096,46.4769958490213,41.8901021234692,43.0173505310098,38.0754329402697,44.7005547288784,35.2416576749686,43.739837438833,73.5023479473219,76.6153992206385,73.5570032401342,71.1402182012544,70.7995268818573,68.2498753939884,73.6418849776073,76.5704020254989,88.3283540847469,43.1449880568338,51.9960540924359,82.3252707961228,39.7903326548752,40.8107187402613,21.3882096113663
33.7818364796565,32.5760828150214,35.144955629475,33.7509643082649,32.8534056052914,34.968463531237,36.0353847735591,34.0007946744416,8.14674097398378,0,79.4830949618408,23.897502929211,20.7206678391981,16.5240361405079,51.3631253819679,56.589612048461,41.606263296192,38.8292415607085,39.2015103153814,42.6463951029027,42.174968356587,40.4966243424653,41.2302929751406,51.743358991026,74.9270827342092,83.062501690181,56.8008599590819,59.9807786763825,50.5953748115672,28.9843277456839,27.9515790594003,27.3658180340555,65.7619747911596,56.6732253627764,59.6516054777755,54.4027575549861,35.9546542284725,67.4654446410498,67.1210069025096,67.3055468571867,69.3892298956552,72.7189906531787,69.3859191576223,69.5693287050717,72.0090050973527,69.2948370570895,73.2517113113322,72.2276094696093,75.0102919946826,68.8418970694948,69.4510114794776,44.5294892555097,47.6857537621725,42.7463825006495,45.742754008599,41.6810378784483,44.3496799304657,42.6087511841707,38.3259694003823,46.7128926281433,42.1217891932419,43.2509281682266,38.3049167775122,45.0198648226826,35.4197082830999,43.8549975680098,73.6722043068064,76.785666710611,73.7270741653283,71.3100431637514,70.9608149328415,68.4112439738948,73.804828401518,76.7333744063369,88.4872324639347,43.2934122044314,52.1442945068182,82.4863271021392,39.9629483607133,41.0233517257336,21.9120640343864
71.636245840432,71.1892052527427,72.8004056186297,72.509442190511,72.282594308774,72.3922891072033,73.1827196769265,72.2300504428927,79.3217955873782,79.4830949618408,0,86.1023955696923,83.3861037706205,82.3237335738442,65.23303794355,68.955694041035,84.1358245599178,80.1694617128371,81.5330995242787,84.0696505003207,75.35907660442,72.4724757184871,73.6306976014588,71.2140076781539,69.9317775870257,73.8976111515473,82.0005008292856,83.5599067177156,66.2139707328309,76.7363965903577,75.2646362682278,80.0713706208055,62.2355161530743,86.1435153762992,72.8736717059574,68.5353014363948,95.4710490418751,44.5778705677605,44.331355998957,42.4977599337517,46.3849571414292,48.5986580843605,46.2302798543914,45.2038329907863,38.7184276713998,38.0032802794039,38.8247928218814,40.5580681600624,39.7863315571134,35.9782191743113,38.5643265954349,81.6145753909015,84.5489861417974,79.1832979758844,84.770788118525,75.6450793654725,78.6316744647963,77.3618130484786,72.9889992979874,80.1969648329893,75.4190087462717,77.3409135814202,72.1600695902261,87.8835397387418,73.3461446377047,78.837024564176,50.1071704295887,53.9384924021331,50.6946292365986,48.0210595241752,42.2410041693982,40.4032871306911,40.0485290137232,44.6769051963684,61.6794392082291,72.7518115141225,80.1166408584957,89.5382793190683,70.9126514034719,72.625680170469,80.6619133564824
40.0907046691633,38.8994104324007,41.5017843746974,40.0228245261593,39.1358205320134,41.3770646442619,42.4903795793297,40.4307574784653,23.3263770448242,23.897502929211,86.1023955696923,0,13.3969917562296,19.9848288615467,57.8024990648271,63.0737746492097,46.2303734877848,43.501400165106,43.8012343903814,47.336774142631,47.9775698147584,46.3909302926357,47.1180410832819,58.7356474163778,81.3288314385946,89.5021256537226,64.0165604726777,67.1084658176407,56.9135890214019,37.216006904888,36.0847795824574,36.5733795251712,72.2109109800831,62.6814193679399,66.1600538233392,60.9134021345164,30.4316452497683,74.0417742043184,73.6943259588366,73.8801993249551,75.9944173651135,79.3247241923553,75.9947950368988,76.1789363145539,78.6055445220369,75.8838438113985,79.8440209501332,78.8195319668716,81.6003211599407,75.4349512874419,76.0375178539951,49.7276805139848,52.9374977707881,47.9977370848094,50.7753930685071,47.1412490958886,49.8269791918357,48.06516818521,44.8022912424124,52.6465278066821,48.1168281780493,49.2391027649977,44.3484008723694,49.2860618874077,42.1609460943522,51.0451639599451,80.2114717218916,83.3209762332795,80.2643119673622,77.8496839861062,77.5812949734901,75.0310787095415,80.4095949152692,83.3380065216915,95.1297750059991,50.160910549927,58.9994976254667,89.1382899055615,46.6300894283217,47.2559565197028,30.4625040395662
37.3789093774596,36.1839446077555,38.7857409925887,37.312121882907,36.4217828902066,38.6566113889861,39.7662421278153,37.7061790256302,20.0398771281866,20.7206678391981,83.3861037706205,13.3969917562296,0,16.4786544490264,55.0995423820361,60.3665729058476,43.7393803329741,41.0161647687062,41.3192507688251,44.8455469104143,45.338378067647,43.7413987227481,44.4687616279753,55.983759896996,78.6330191139649,86.8026134348272,61.2474009589042,64.3457154589465,54.2234410676007,34.3586500931744,33.2321015489962,33.6717769952632,69.5098542117582,60.0201424596413,63.4502683634969,58.2031979616004,30.5115408332815,71.3292294168078,70.9820615885954,71.1678476518003,73.2792117513908,76.6094908911776,73.2792574398917,73.4633561594818,75.8912537415513,73.1702315887388,77.1301254045095,76.1056538784178,78.8866404596314,72.7209776820169,73.3241338014722,47.1688731299869,50.3704059097901,45.4327665497153,48.2346861779001,44.5499999295471,47.2324590370069,45.472699973961,42.0813284121257,49.9891156728994,45.4518475668618,46.5732884697539,41.6761832755181,46.8929203430817,39.4104082325052,48.2684898576234,77.5024694483188,80.6123441526472,77.5554964832368,75.1406407723509,74.8648054941888,72.3146389122103,77.6945554998188,80.6229678121285,92.4113173953475,47.412486424018,56.2531900304721,86.4165180130355,43.8965877564413,44.5648541648603,27.3575637686931
36.44445594799,35.2449414357929,37.8329741805767,36.3927211901329,35.4993138766997,37.6840237584323,38.7758018603021,36.7263358755191,15.93745352791,16.5240361405079,82.3237335738442,19.9848288615467,16.4786544490264,0,54.1066735541658,59.3568123197785,43.4159227022137,40.6664772065948,41.0004483349102,44.4918934540545,44.5844668201472,42.9535497929634,43.6835786794687,54.7808859327797,77.6527455704981,85.8081070672159,59.9586135051225,63.0909468889776,53.2756789010285,32.6879238784161,31.5998268644049,31.6228318134516,68.512131681822,59.1896725992153,62.4314735245883,57.1836678236116,34.0183029360399,70.2832079102451,69.9371774752088,70.1224433266093,72.2222754061709,75.5523379096022,72.2209224294762,72.4047332886947,74.8375359824317,72.1193700165693,76.0780051348948,75.0536881651793,77.8353806882727,71.6685799845512,72.274219000258,46.6322725596435,49.8152937320908,44.8764759700674,47.7602451082253,43.9178264705896,46.5947161547104,44.8428737682828,41.0807345475038,49.1884150337919,44.628723437055,45.7534955397046,40.8359753366702,46.660881598183,38.3114646395085,46.9938668635545,76.4704100761942,79.5817794215368,76.5242049231205,74.1084430693388,73.8020288590212,71.2521107258646,76.6377216019946,79.5661899566133,91.3401666701219,46.2603216747142,55.1052471743671,85.3428904943229,42.8216636740419,43.6534989474319,25.516946926706
42.0632392898476,41.7450439521095,43.2292190792644,43.0588260014984,42.935826501351,42.829957365736,43.6278488661729,42.8129847903618,51.1789544050869,51.3631253819679,65.23303794355,57.8024990648271,55.0995423820361,54.1066735541658,0,29.5277377177781,54.9728832201974,50.9381678379979,52.3592450193954,54.8422456832678,45.2310102380279,42.1107591134261,43.3099517769236,49.773199306347,58.9366098970517,66.9555314325525,59.5687488368959,61.2173345408671,31.0180603437996,49.0796253546334,47.5772667998331,52.4110629180594,47.3647801750175,55.2600048480872,36.0309722868928,31.314606684567,67.0903707647371,52.0830013160803,51.6977698448097,51.9929080982349,54.4818291745868,57.8670995948518,54.5580313779977,54.80365574635,57.2128730999843,54.3492669216638,58.4034150919403,57.332896310493,60.1383959344073,53.9838427375299,54.4624790310544,52.1107295748518,55.0106114420399,49.6464319566894,55.3829414443182,45.9902577883792,48.936544348661,47.6746879960306,43.0526085701474,49.9313916867461,45.0554623723346,47.1043254615487,41.8399432243908,58.7341280166287,44.3401588822891,51.6395635653065,58.0671379470657,61.138850796605,58.0918970668835,55.6919308448262,56.5569892153354,53.9784859778793,59.1556077748837,62.0579325383873,74.5739485426376,44.517063119346,52.1886302799953,67.9227062580331,40.9302835719761,41.5920879016428,52.4790912418842
47.4697684939019,47.1302726211318,48.6184114906249,48.4589332455049,48.3179235189775,48.1977983357894,48.9741828960172,48.1610945276284,56.4099605140205,56.589612048461,68.955694041035,63.0737746492097,60.3665729058476,59.3568123197785,29.5277377177781,0,60.5426064322535,56.5541782009743,57.9397505833886,60.4529756752702,51.0594871359186,47.9913108755947,49.1617621567086,53.7242444693981,64.1250641390012,71.8742547791386,63.86349372933,65.4299001402544,39.3286864201865,54.1801478379339,52.6787443721797,57.5385439914633,52.2714175973847,61.2953684582886,31.041878475968,28.126739155507,72.3838692013769,55.8799377610839,55.5194910272298,55.8400411491714,58.0683570747275,61.475662782398,58.127184946884,58.3961971732082,60.9887296564504,58.1602504637278,62.2133972857471,61.1269288632432,63.9683714755878,57.7792123097442,58.2881434090997,57.8592098879397,60.7608785807611,55.4193024274044,61.0613972316093,51.8583712744698,54.7828171784065,53.4983818855381,48.3934326716544,55.6932551722516,50.8024237477804,52.8063282302561,47.5289963956099,64.3175705342443,49.5327345637537,56.4789372536725,62.2291477508509,65.3305059542821,62.2673424397237,59.8474263906161,60.177759530843,57.5929904907846,62.8854822423548,65.776323047775,78.1169310756805,49.2151313722136,56.7803185190711,69.5135469325036,45.983409311029,47.2868476909473,57.7096497359172
38.6977532994991,37.8295212040602,40.3343127932236,38.7023125243691,38.1203074405732,40.4406092714871,41.7392249092789,39.8249429615613,41.2847011229696,41.606263296192,84.1358245599178,46.2303734877848,43.7393803329741,43.4159227022137,54.9728832201974,60.5426064322535,0,21.8853811516194,18.0577048704526,22.6479942210238,40.6477173672831,39.8356666396573,40.5671795190197,59.2611846902991,77.9011175457401,86.341579855679,65.6870343685413,68.3578268838855,53.1455008257102,43.9246917473961,42.5209643616842,45.91568771076,69.1769399710227,56.9596180798666,63.8167228100397,58.6041185956527,54.5166694724885,71.8142852111261,71.4469258340099,71.6382171307376,73.9552389854221,77.2870495185972,73.9789418669726,74.1655968884871,76.4992281838805,73.7298040748855,77.7096088012726,76.6842576690789,79.4505989746237,73.3062600483763,73.8673688462438,35.3963542931,39.3279920900263,34.3146347875856,34.1029740002744,35.7556737919948,38.7247459608852,36.7952149086359,43.6570328519977,46.8586593884203,42.9184557037708,44.1951382699828,39.7741045966608,33.5104468529814,42.9664846191766,53.2193146466659,77.7303699771659,80.8135310186556,77.7699863056583,75.3716295953417,75.6304623604736,73.07692121908,78.3560870355476,81.2846827848569,93.3169182585183,50.5344219461627,59.2216084109002,87.6031657837627,46.1111591618217,43.9264305308498,43.0111068541716
35.3616979856099,34.5612411614224,36.9907876182137,35.4450860196058,34.9258271595305,37.0897483516358,38.379013700344,36.5354107325556,38.5167954634406,38.8292415607085,80.1694617128371,43.501400165106,41.0161647687062,40.6664772065948,50.9381678379979,56.5541782009743,21.8853811516194,0,14.8624822205299,15.5058155614514,36.0507876632817,35.3358704843308,36.0948665764822,55.686481712967,73.6918934957346,82.179553305454,62.2352984342593,64.8659120948721,48.9348220060811,40.9453275123952,39.5361372185979,43.0021041927121,65.050124924837,52.5500006599562,59.8628351674224,54.6594647986056,51.7943832637516,67.8102565739621,67.4396666364912,67.6311378618319,69.9812198193721,73.312853854927,70.0084869253314,70.1950869343084,72.5123305201529,69.735580430429,73.7181248604267,72.6929760593714,75.4565824361074,69.3158656301507,69.870615730519,29.2288406537933,33.5794974834468,28.0238170046407,29.0584493867007,29.8244749665502,33.002791565511,31.1250074210662,40.1590544861815,42.6449668200514,38.8092248203626,40.1826515504916,35.8238264631955,25.7320828759122,39.695650465292,49.9117620633969,73.6833709035315,76.7622115335645,73.7208788303675,71.3252488607807,71.6682193104228,69.1143248484279,74.3774396458676,77.306279116541,89.3754630846327,47.0324649859102,55.6892631391893,83.7462886232681,42.563288181735,40.0690845053752,40.2586009517695
36.2797151761102,35.4269872041008,37.911008595595,36.3065146891804,35.7384844867858,38.0121380303277,39.3056858168577,37.410183665382,38.881382972821,39.2015103153814,81.5330995242787,43.8012343903814,41.3192507688251,41.0004483349102,52.3592450193954,57.9397505833886,18.0577048704526,14.8624822205299,0,17.6988022853631,37.9277370787805,37.131578517938,37.8726279566614,56.7504604671777,75.2398850688032,83.6919261890561,63.2014055883968,65.8644326904341,50.4883588782291,41.5286784421351,40.1253665788271,43.5195366231623,66.5368350972862,54.2693513890943,61.2223439735938,56.0122003610711,52.0625323466974,69.2028972268722,68.8347659599679,69.0260490574227,71.3509806820068,74.6827188135191,71.3755190440015,71.5621276894477,73.8917498611355,71.1206052627815,75.101032490104,74.0757544702832,76.8414138986195,70.6979557758856,71.2575716631723,32.3146960055978,36.3864860467616,31.1530617889566,31.6003237481676,32.6496901490262,35.6917517102278,33.7887206303314,41.1878160971369,44.2362282249941,40.319068925251,41.6247715093146,37.2152536225431,28.63119362573,40.5408465146669,50.7701474823188,75.1085780624844,78.1907028941978,75.1476931768416,72.7499947356751,73.0288336407721,70.4752213805859,75.7505572364615,78.6792265933962,90.72014097209,48.0465268440831,56.7263514537595,85.029275889444,43.6193786724205,41.3767594582472,40.6317083831522
39.1640764854672,38.3566754927258,40.7963697321393,39.236567033205,38.7111931490408,40.8984711049244,42.1907076651306,40.3379718704381,42.3332828712624,42.6463951029027,84.0696505003207,47.336774142631,44.8455469104143,44.4918934540545,54.8422456832678,60.4529756752702,22.6479942210238,15.5058155614514,17.6988022853631,0,39.9902505437451,39.2731563679541,40.0260297115287,59.541135376352,77.6215997931072,86.1033552233261,66.0784264596563,68.7125045637072,52.8609807070747,44.7487106260643,43.3390358932229,46.8081799578015,68.9687865652595,56.485499288626,63.7573479513983,58.5526799913561,55.6469064570314,71.7146985992335,71.3444959756881,71.5359858448856,73.8820961549762,77.2137748826162,73.9089486112197,74.0955810659214,76.4148622119624,73.6389671595316,77.6212081714496,76.5960157600492,79.3599722807991,73.2188091471312,73.7743010668129,33.2421461652904,37.510620192326,32.1470131058878,32.3931343364116,33.9838888882065,37.1086379199398,35.204284490941,43.988129575725,46.5384558780189,42.6934864356189,44.0512826057646,39.6887851839877,31.3197635003698,43.5063684536355,53.7366193295695,77.5930735897231,80.6724354931107,77.6308323520568,75.2348699921532,75.5678272112671,73.0139647827809,78.2789998641399,81.2077981420595,93.2726687891228,50.8746859264165,59.5351138058826,87.6313370066409,46.4058053665584,43.9346661189412,44.0595283635225
31.8117854793354,31.6099544504215,33.4750451167771,32.4983010656443,32.5334365194255,33.6197343878309,34.9303810909608,33.5976568345155,41.9317173874865,42.174968356587,75.35907660442,47.9775698147584,45.338378067647,44.5844668201472,45.2310102380279,51.0594871359186,40.6477173672831,36.0507876632817,37.9277370787805,39.9902505437451,0,19.0506423012041,17.4606411761669,52.3866295349932,68.2170981294128,76.8058450702124,59.7148049052852,62.0669641122114,42.7501543753121,41.7092264404087,40.2238696672768,44.5533474418864,59.6279515915386,41.0555120010171,54.470396599394,49.2714016222834,56.9413074447091,62.8461628266892,62.4657400780715,62.6639142124772,65.1135454999182,68.4481198830072,65.1535960851531,65.3438386623063,67.6219703968982,64.8194946295181,68.8141106996162,67.7866760859383,70.5453249819225,64.4137829070864,64.9461558090857,34.7873082862382,37.1666699573095,32.0845475601734,39.1219148454418,27.877709661072,29.7257304266148,28.2124620936007,35.76163580939,28.0486850887142,26.4280158451685,29.0487194750648,25.6813855155157,44.3587543874258,37.417155806242,48.000804234018,68.6059531144006,71.6722722572408,68.6367832395986,66.2485178234525,66.8576303378596,64.3011503430455,69.5147728442482,72.4425817517217,84.6415590226179,43.7089693216922,52.2200889827645,79.0115449376264,38.5391834173952,32.2716138681395,43.2866836572821
29.737674988811,29.5996224394204,31.3362134079414,30.5557146388738,30.6274847976186,31.4233954719168,32.6863375408886,31.4746861181376,40.2605899733612,40.4966243424653,72.4724757184871,46.3909302926357,43.7413987227481,42.9535497929634,42.1107591134261,47.9913108755947,39.8356666396573,35.3358704843308,37.131578517938,39.2731563679541,19.0506423012041,0,11.7674517282367,49.7870146115274,65.2466597069977,73.8428577373518,57.2577567378351,59.5615549429088,39.5247365545674,39.7858679195517,38.2945061945846,42.7048891770205,56.6312294756002,34.3356681286299,51.4238626243702,46.2245098933876,55.4041506618325,59.9317349908236,59.5498515559666,59.7498631599578,62.2141800607511,65.5496273126774,62.2563915512848,62.4476498060611,64.7213305701513,61.9146076847984,65.9114964151194,64.8833434269647,67.6417058362288,61.5112713583381,62.0399444686218,34.6183360356953,37.1780507431089,31.9397077171699,38.7387042749725,27.602234726507,29.856687488149,28.5520725662794,33.2677682822812,26.7410876890054,23.1931233455004,27.0734947426483,22.864829958872,43.5476570441175,35.2018397365233,45.6969975515403,65.6773421321334,68.7419282067658,65.7071561734862,63.3198245909619,63.9694241274753,61.4123750853509,66.6185607734141,69.545992396638,81.7664516516397,41.1491694892859,49.6231456611101,76.1175553164837,35.9069844091634,28.9276458048535,41.5961881602207
30.3831419384518,30.2514407940168,32.0015007659367,31.1905867993274,31.2718737119937,32.109075228062,33.3900150109044,32.1605858851147,40.9933146341462,41.2302929751406,73.6306976014588,47.1180410832819,44.4687616279753,43.6835786794687,43.3099517769236,49.1617621567086,40.5671795190197,36.0948665764822,37.8726279566614,40.0260297115287,17.4606411761669,11.7674517282367,0,50.7495187236217,66.5159962348413,75.091572368147,58.171643655212,60.4896378681027,40.8402352263738,40.5450759316611,39.0536274380158,43.4575839393062,57.868830262551,36.9101307451441,52.5739738215851,47.3690359224332,56.128857313518,61.1081083838167,60.7277579798895,60.9276074334042,63.3762263614586,66.7117380345467,63.4167250748341,63.6079900923523,65.8893771460804,63.0861468714838,67.0817072817392,66.0534843421227,68.813107558859,62.6809799037579,63.212684963643,35.3889820250709,37.9107165677944,32.7326543956101,39.4777797129312,28.5379740513618,30.695345246599,29.3144836524392,34.0205214954507,26.1474881051671,23.2050839973774,27.1979414083515,23.2113775485391,44.3046264284873,35.9587759467951,46.533083264752,66.8737185248848,69.9403202066392,66.9045294279544,64.5159371019422,65.1257555687084,62.5688803920875,67.7826847668073,70.7100123540097,82.9128339138224,42.049680873541,50.5404778995274,77.2174063517947,36.7847047421022,29.7356903615569,42.3268137755525
45.4869664907487,44.8565704445904,46.5356715507487,46.2820903416352,45.9017502685346,45.9861913858665,46.6378975497167,45.6383930742303,51.6191146751123,51.743358991026,71.2140076781539,58.7356474163778,55.983759896996,54.7808859327797,49.773199306347,53.7242444693981,59.2611846902991,55.686481712967,56.7504604671777,59.541135376352,52.3866295349932,49.7870146115274,50.7495187236217,0,71.9667386244885,79.2292658346119,40.9989096936097,38.8528592368799,51.2023962694303,47.8797631806602,46.4081584023838,51.5019938681066,62.0478237732935,64.2868239805441,56.263426970046,51.1166104949294,68.2897025602947,60.2770161380018,60.01089488714,60.1593818234479,61.4398225754543,64.7591568506381,61.3393014138302,61.5082995175736,64.3042576993529,61.7818511746383,65.6563274630196,64.6399327143864,67.4737545291917,61.2262432819158,62.0019520046431,58.2280608299615,61.163984192307,56.0040733504134,60.7983637452615,53.2737629196871,56.0382658653276,54.5706799703146,46.6213364058009,56.6509311492398,51.7336660324914,53.3509740757972,48.0628473951526,63.1288644000501,45.5403853349298,46.8642251350889,67.419497944566,70.6319559398234,67.5257771302321,65.0491600845734,62.6344429870853,60.0988388576549,65.8894135749856,68.8190011907696,79.5921565704228,40.8850163943354,47.0861772148916,72.7451975155895,43.239272192555,48.5367577752477,52.9506909608704
66.3445294362795,65.9683989798806,67.5751811898534,67.2286263916877,67.0642583268038,67.2446928384564,68.1096161553637,67.1483345717057,74.7433342359536,74.9270827342092,69.9317775870257,81.3288314385946,78.6330191139649,77.6527455704981,58.9366098970517,64.1250641390012,77.9011175457401,73.6918934957346,75.2398850688032,77.6215997931072,68.2170981294128,65.2466597069977,66.5159962348413,71.9667386244885,0,35.7385115509963,81.9160263536657,83.6179152659328,57.0300720781311,72.7565335340813,71.273096797551,75.9983823338763,49.9120461607856,78.6169223320196,68.6428642449082,64.2139234948017,90.589767032431,55.3375077868274,54.5915634296772,54.3946104437548,60.6581749387285,63.7890611562417,60.9874535654606,60.9733844679565,60.7524664226552,57.286671564892,61.3723699725752,60.552982571647,62.7637957502695,57.1919590828292,57.1527431649296,74.4856881094729,77.4333743982385,71.9242689105444,77.9999901958207,67.875091156292,71.0344400608744,69.8979638647262,67.9274765353242,73.4999379403118,68.8574203392472,70.9252475346092,65.8504553797835,81.5661454656075,68.7958798457932,75.7083045534567,54.4128113064832,56.8395423171187,54.2134615570018,52.2976810797111,62.6138429279283,60.09478854404,63.4730599506767,66.5305635088991,82.0764544540919,69.5426698211859,77.1943343833976,90.5241863322105,66.5625487289481,66.6243663342741,76.0808991826543
74.5776569168531,74.1916207399809,75.7948486672654,75.4638332818989,75.2904136336407,75.4488699900163,76.2988782156042,75.3441765835967,82.8824993196872,83.062501690181,73.8976111515473,89.5021256537226,86.8026134348272,85.8081070672159,66.9555314325525,71.8742547791386,86.341579855679,82.179553305454,83.6919261890561,86.1033552233261,76.8058450702124,73.8428577373518,75.091572368147,79.2292658346119,35.7385115509963,0,89.3354457278433,91.0060030586691,65.6765570996527,80.7908785475797,79.308659137845,84.0519274673056,57.0320436314171,87.2519836340237,76.3415928226493,71.9528443219283,98.7821237829364,59.2767250304098,58.4639753078041,58.0941745054877,65.1154278476171,68.1814717484027,65.4836727369516,65.403564052262,64.5512016451933,60.9724954437507,65.0270363060811,64.2977607467545,66.3244551108101,60.9201176417942,60.7861926959107,83.0964576889368,86.0400563074568,80.5604616228162,86.5417921354798,76.6114252779081,79.7336424090241,78.5701673127445,76.101184051526,81.9933601094782,77.319852130131,79.3628408660267,74.2636029236641,90.0240517253771,76.897533858131,83.5817593748503,56.1442238480416,58.3223268757582,55.9148004369023,54.2259930085455,66.9624811700376,64.4615119286943,67.4369328987496,70.5406245531417,86.6928624943187,77.3923397913188,84.9939914647637,97.462659870987,74.5891120182281,74.9509641395601,84.2190820076063
52.0906206901399,51.3447109179256,53.1457051693119,52.7734313146177,52.2968058495065,52.6032473437309,53.2696044082888,52.1221762543465,56.7041531971617,56.8008599590819,82.0005008292856,64.0165604726777,61.2474009589042,59.9586135051225,59.5687488368959,63.86349372933,65.6870343685413,62.2352984342593,63.2014055883968,66.0784264596563,59.7148049052852,57.2577567378351,58.171643655212,40.9989096936097,81.9160263536657,89.3354457278433,0,35.7969975678627,60.4831734718847,52.3208489709161,50.8848314946033,55.9890963031715,72.184721464564,72.0659553968387,66.5822872889656,61.4214435016392,73.6724328092898,70.9787978747064,70.6988593743322,70.841596933523,72.2711885362974,75.5824926298667,72.1843421496826,72.344768368122,75.0453895071703,72.4991638359665,76.3781116208783,75.3678710967128,78.1845793700366,71.955008347104,72.710169987674,65.1714002351799,68.1256509813517,63.0111607796011,67.5502738094582,60.5225395572601,63.254498043935,61.7391851529523,53.6582557064686,63.9424836166316,59.0489757488354,60.5637947217517,55.3043242606256,69.5651092792546,51.7876026001618,50.9830700057303,77.9388592792407,81.1352593358293,78.0375164828132,75.5713200980789,73.4734547727569,70.9403094998217,76.6599306181442,79.594551794365,90.4982674552929,49.1480660816139,56.3426858598777,85.0745503686806,50.9912363665412,56.1158368200635,58.078466020684
54.6370590447522,53.9323790627853,55.6842023405559,55.3644688894581,54.9225923288708,55.1320493033481,55.7852576250158,54.6991211239458,59.8726442001897,59.9807786763825,83.5599067177156,67.1084658176407,64.3457154589465,63.0909468889776,61.2173345408671,65.4299001402544,68.3578268838855,64.8659120948721,65.8644326904341,68.7125045637072,62.0669641122114,59.5615549429088,60.4896378681027,38.8528592368799,83.6179152659328,91.0060030586691,35.7969975678627,0,62.2807283114229,55.7299351017626,54.2749453253667,59.4005279552301,73.8320762357538,74.2721870563198,68.0950259251992,62.9292688521679,76.7251019220763,72.5373663495712,72.2598919323085,72.4056138167216,73.8076305833304,77.1218318128899,73.7189203284221,73.8825158162088,76.6049236168687,74.0614625178935,77.9411290240512,76.9286490803079,79.7496593650919,73.5162572768847,74.2737731267139,67.6679769346327,70.6147458127374,65.4869488644598,70.110146448762,62.9200446073009,65.6598849452356,64.1590383852121,56.0131462788136,66.2948521399103,61.3885674480285,62.9353314288285,57.6616473358005,72.2358454183561,54.3966627026926,54.1092935138235,79.5334547915802,82.7325967669745,79.6332762952516,77.1651603490491,75.0173181575611,72.4830186695296,78.2153687518254,81.1483186956979,92.0352061423735,50.6035564406046,57.3768747227707,86.1856379397067,52.996670596867,58.3451733131618,61.2249121466068
41.1615498459733,40.8673110780684,42.3952123568663,42.123881318373,42.0249988091732,42.0740434343376,42.9489748485427,42.0674687103532,50.4005076226129,50.5953748115672,66.2139707328309,56.9135890214019,54.2234410676007,53.2756789010285,31.0180603437996,39.3286864201865,53.1455008257102,48.9348220060811,50.4883588782291,52.8609807070747,42.7501543753121,39.5247365545674,40.8402352263738,51.2023962694303,57.0300720781311,65.6765570996527,60.4831734718847,62.2807283114229,0,48.6498529433291,47.1514389502063,51.8885636988482,47.0214181369168,52.2592156602608,44.0963178275021,39.24296732151,66.1382633763135,52.9565793616795,52.5323469092642,52.7771427530206,55.6721676114683,59.0238755990795,55.7736951440353,55.984185706623,58.1035152189001,55.1830929506933,59.2375878259897,58.1942703314463,60.9389992193879,54.8426216982952,55.2722950496578,49.6438391413714,52.5544627338212,47.0848210193763,53.1759522743688,43.0503581679754,46.1200569985004,44.9595844224576,42.5579390894461,47.8580997506394,43.1184347450707,45.2928506487914,40.1433559100816,56.8382642557174,43.9876048261939,51.9068012418997,58.2975418479277,61.3158116613542,58.2994720049349,55.9366226328175,57.697139219515,55.1278034599248,60.1211049749058,63.0417849580378,75.8398713864427,45.3624162977325,53.2160246731671,71.6157869408276,41.3583087702862,40.3787550337967,51.7152823305943
