IBR/IBR_outputs/all.combrep_1/EucDistWater_Total.Silt_Total.VRM_Total/EucDistWater_Total.Silt_Total.VRM_Total.asc
NCOLS 160 
NROWS 95 
XLLCORNER 210004.651214014 
YLLCORNER 7350008.22228844 
CELLSIZE 4999.99999999997 
NODATA_value -9999 
[rows 63 to 83 of 95, columns 46 to 91 of 160]
17.9334643599171 19.1759304016957 9.81666620592103 9.7836551631173 11.9390518927945 21.3057868703878 32.1747336002386 21.4328545975349 14.6046420023775 19.5598488803563 25.5319505708245 32.9059453870001 43.9677716851071 51.9322238526407 53.5200700446016 56.7015445016202 62.0561454339691 64.3179796591787 63.4922509921932 63.3060672154155 51.9567547902764 38.0801439086224 29.354793476218 22.4004756119026 27.6860215321328 23.8401543872404 25.5505965158532 30.1439320165822 34.9058375972855 26.894717045508 23.9505024045322 18.8306666291207 16.5615034450867 27.9776246780905 41.6610201823675 54.4556512521117 55.6732661864282 54.3849035686027 53.3242707494415 47.556288295491 43.806481156811 38.8434826268139 25.0164178214755 10.2111050264371 8.99502435247919 9.62601968132187
17.7392523265506 22.7992988439105 14.0756309930674 8.2866969271683 12.3861186074725 19.3110282434369 27.8699927945257 16.7809099491983 7.69794877178458 11.2881444004317 12.7347729351417 21.1282008894493 31.5444754136713 44.7193201996406 57.0843181561031 66.9958944886204 73.3550817359003 73.5101233650615 69.7377008210122 63.8773981003982 55.4450501645118 46.5659362628493 40.6849215892181 37.0521932868808 28.4345148892214 16.9767037755964 12.7842818152796 25.1914180263545 29.9631523432252 17.6361788665601 10.4983208116671 15.3003321100514 10.1984945038252 24.4451835136991 39.1586430835497 52.4173254131533 55.096127734286 54.2527258755518 55.8574796108231 57.9901108268093 52.6734025874502 39.7541575565954 25.5586853538897 13.412547911103 14.3995944112709 14.1191700501106
25.45762331412 26.2480074489807 22.3254935078505 15.9157738257071 11.4401319359497 11.7610092877933 23.165095881056 13.4462401529901 8.31346467722038 12.0186787967874 8.84105726732381 13.0169194248014 26.7401542555058 42.3304482559885 56.5590322741545 66.5421526036446 71.6998091657214 68.5418911691906 57.1447991944665 49.5435580369249 45.7798574146188 46.5952416009784 49.0106029427707 44.5603128370595 30.7962855582442 20.46151085398 12.3376959787525 17.9870903277165 26.8013767008697 16.3720984311581 17.2600309161518 24.1486536555438 25.3316936728184 31.2959944745596 42.7734590759178 47.7010774378339 40.1988955693913 38.9523153484779 42.9069784848142 50.2913122174726 54.3975170030237 45.2820585669615 34.9170528960335 28.8233651176842 27.2061195381632 28.2841415176873
12.6667437302885 12.2138472797384 14.2026903231114 12.0245633455687 19.7348193127705 19.7377047525765 25.0838138430548 12.369756788455 11.9340138194893 6.94871965906874 5.78320556248227 16.3395777753449 31.172669634348 44.4781863172455 53.1069110682351 56.5701895499088 62.031033812507 60.8983488052271 50.3871261648217 38.5299922438113 32.8890354460491 33.4920119224202 41.2853628447664 47.8979336725281 39.3129050957196 27.2960500159791 15.920647705824 18.4511752264374 22.0916466416647 10.9519591434736 19.1441031102408 33.0048641189221 36.3737041618211 38.5710891216351 40.08739470741 33.5956800588564 27.3234451476339 24.319086771334 28.9262983054357 38.7280798627021 46.1113392902581 50.952288446197 44.8014116161433 37.9812562841975 30.3257949372039 25.1912425002624
9.19415745480489 8.39421459574742 15.4070520794165 18.0058074721714 14.7211491388126 13.0931459466085 23.1554308597618 21.1006019720396 21.4994953833905 15.1165660414594 14.2062193280894 22.4857724203517 36.1046851020449 42.9524071891927 40.5621553145031 42.6965196142763 48.6199368721627 51.8005847089091 41.1312412515504 28.1690308142726 18.9758447447136 19.9028922579208 31.0179017321297 43.9570505517339 44.2411316346102 33.9942191458027 29.0711157637276 32.5766246365367 28.1637752361514 17.986023815625 14.8615141855852 24.9354245074094 27.4498738377918 25.6132431846615 30.2126979601691 20.4690799352518 15.6330498364449 9.77760938628217 19.5445182451494 25.8814914233028 34.6975781009952 45.798120439672 45.0413082121801 32.2389001977237 18.3770267692016 16.6687136561817
17.8261563288537 9.80624480798519 10.5647378121543 24.2579482216245 18.6993850927131 11.8487567080852 11.9443773133061 13.5533537750606 26.5596651984317 29.7565684374431 30.0086165591325 33.6116603801469 39.5020288230296 31.4902092642095 25.6634040093461 28.9078093373383 35.2910948562091 38.1326507282026 33.1683792487446 24.2724914544122 10.7551555479923 14.7569912450701 28.4301553515229 44.5078215747337 54.1912303966636 49.3816140461587 43.6574607259385 42.0087011138596 31.5333753451736 18.0106761765735 10.5730085685042 21.277043395586 15.4397596580178 12.6141489102586 25.0173717049068 12.2061383648221 10.1033955233166 12.6945009102245 10.1594306893364 14.6787821824013 28.3804861372219 42.2530713313992 44.3843757275668 31.1595119317575 17.7721645236456 15.0309121353817
8.711802140719 10.8993098862161 17.5408117405558 28.7284049909563 21.8371420717871 9.72593789712699 10.37638173647 18.3045231617927 27.9559282211842 22.8999069365389 22.1709693501195 30.6395830018415 35.3994160148628 23.0665661278352 11.383553954534 16.4368271505766 20.7433845700981 24.9542285825378 19.1902783257332 21.1966492745213 15.3418917098884 18.1291761947889 29.1100450443621 39.0797310000484 53.7564534222339 53.5798216413329 43.8017039263096 32.4776981246093 22.2578160640482 20.7199700344057 24.7318837647663 27.8294034881445 17.6865268861505 16.1055344200107 19.8586875984227 10.3326711613135 14.5198344024716 9.17220271514141 13.2396805901798 16.613427508698 29.4752530645806 44.925538425094 50.8054636661279 38.3602813420745 31.2802723723872 27.1111401285513
10.9435321275342 8.34697994148294 14.5641570012596 19.2780461509421 21.2802222422637 14.173473346912 6.7075621047916 19.790618308831 27.540661771056 15.698428823068 11.4098263565432 22.9076571790025 27.6282084467297 16.3974352545192 11.1408934202329 8.82798301729231 12.8967327603154 19.0248770633873 8.13026060001246 13.9224387860941 9.94640612140256 11.2389525430184 17.6687967232073 29.6987334304342 44.839060741327 45.6072007583144 33.4012690023841 25.1563559152414 13.5657363128585 12.4313831452104 26.8179526495497 35.8644406199886 30.3923174666401 26.7355860470559 14.988080725267 5.50684792011591 17.8653224512283 20.4091143218181 22.4017679462329 27.2088818385996 36.5374371481649 48.0239620896547 55.6043412080845 50.2508795575983 43.2802243935673 41.725500226315
12.3473235456123 6.17105502940691 6.15417188249831 8.01686917709488 8.76141263843423 10.8708769206972 13.4193719150882 16.8932146799795 19.1924907157925 14.4690517215451 17.4865236689695 26.9159903087467 27.3892921072673 13.0111196107847 14.4013205760489 19.6711012631231 21.96397720373 24.0188044977529 10.2963586837575 10.7774501461934 14.1766546249952 13.0339115552891 14.786294630715 28.5341498185659 41.6077235289452 37.2031081794209 21.6799357926679 13.9515633363031 16.904850424921 15.391031281897 25.4350034923788 37.5151279547605 42.5847399439771 31.4474867796794 16.4389070607005 6.03179060746912 17.058839222988 19.5792440122284 13.1666095756766 23.8034573817755 35.4742487782822 46.4527367850959 56.9934599294407 59.471327767292 55.2712943317522 50.8664483718125
7.9683435252592 14.213070106095 18.4078583430337 16.6757608740555 13.8298483278987 14.0412155061844 14.584924944356 5.97032276293184 6.73904310795734 6.39200609953607 11.6966699967228 19.7213005177619 28.5980600892099 26.0323695383249 23.2544097241744 15.9008846240114 19.2217964707092 27.5032965431774 22.7227985023287 14.4272139851609 14.8436629671345 24.3190815000713 27.4323100696005 35.5952623652345 37.3770690753763 29.7951526351696 20.5184145819835 13.0436405231677 16.1466158203276 9.08222057284271 19.7028674202268 33.5855389050649 41.3003790414686 32.5950810346606 18.3342035415734 7.3238140378494 16.8527101124437 19.4857250285474 11.5315143860679 16.3897227172048 25.2541051264836 39.3023067366936 54.1930645249773 66.7597944579965 68.9173629532002 60.6369438996851
16.9559078370888 23.9285927582563 31.4630569142429 31.4684294614894 28.5232248354396 27.8851892854647 23.9159669967473 17.4934074651137 13.4612416916265 9.0895838014359 8.59076978951104 16.6014634313569 20.2151208473311 23.4667375245143 17.1456420162891 8.15364750270162 14.9726291144492 29.6208483324275 36.7296730201829 28.5783313655778 28.8513301126924 31.8856459807242 25.841692238187 28.0922173373945 29.5237837507765 18.0152943738624 20.3859673423217 20.1167616305495 19.5749558648605 16.751531872645 19.1720410084437 30.3386342501397 35.6360815185046 24.5132277542368 12.8308672589881 10.2729734615867 23.1183730527649 30.4571700489225 18.198139908995 8.83705466530995 20.6831770291343 36.3259963542552 49.7396164707476 66.322102312015 78.3083970996096 73.936829770077
12.2067458077194 16.7984591826582 26.325439749168 36.5856658063882 36.8025480885373 35.1865536592345 33.1893670890514 31.4035605078786 26.9598661000944 20.776531694794 21.9001743304317 18.7682514030567 7.91978283124328 17.4709861565317 23.616599331313 21.3895455301648 31.2196775353061 45.3750769806785 41.0894770646781 37.4850844535866 34.7351512823788 32.8182768366129 15.296472408343 17.7055270196147 26.3377974174554 14.6144486671158 11.6924623822671 14.0481359886161 24.5960620567324 16.9792033955074 12.335257476417 24.3021821451523 30.2084636924436 16.5997380505232 7.73474933935193 19.4026307282877 32.1283443959758 37.1931813164023 25.5777116352474 22.1438172517847 29.2864191690747 41.0287279874488 53.9540009735235 67.7840951426423 80.6516323412438 82.9941970600882
8.15237531182935 8.79135653397425 20.6048534108762 24.3572913564438 24.0887651150734 22.562811055875 22.6707851869468 31.4314290951632 33.9170206377374 23.8089273644394 19.5977504886362 22.2243501535445 17.3046952630568 22.6464198604252 32.9178716690805 33.3284240130924 33.1309162908222 25.712074651584 19.1581419673506 26.1242722627594 21.477307758565 21.3705706637161 16.2875947505517 19.3390618421572 30.145186092186 26.1987074838513 23.6152834581376 18.4838176654235 11.0221994698423 11.8697750981342 13.3622942386243 25.4664652601688 22.9550066600184 9.42945633678453 8.20030497548453 23.4549703598762 36.4716634776097 44.5538422207853 38.9268549109123 37.5521677865763 41.7586259458532 48.7750740531801 60.1535985006175 70.4796177648287 82.3570996852955 92.7544513825783
11.3505453300281 8.50746299138829 11.6883579161445 8.77652246829935 9.42883862397818 8.7159983612151 11.3747474651032 25.665859416602 30.909580919128 17.5629918173308 8.82719388862792 20.1229638030972 30.4594427815594 35.011476358835 42.9263542558858 43.3081187232544 31.1913184211218 17.7918917374637 9.26413106696505 12.3480192450391 10.6004283800916 14.2117824710195 16.0222680393601 27.5266590520475 34.9659935278176 36.1680768228554 33.5276216229785 28.549275386846 21.6603452385381 13.6215004040397 17.1399513271378 29.4977155241508 24.5169131133149 10.6817008827213 14.3564575867696 24.3776570744444 34.519168205044 41.7573418178003 48.0790886014067 51.8518424942973 54.2999756022389 61.6416623394722 69.8920605929363 76.9075695088068 88.357553450243 99.0666770680688
4.77742102687228 3.77896184470633 5.43949053218115 8.18879611617872 7.05059172424382 3.76280058206289 9.47222242230556 23.8125647171037 32.6224166621225 23.5422511349139 18.3566503282894 25.092624691105 35.4778271903876 38.2792127525847 42.2270368413558 46.26533265656 35.8410815444701 25.8715523753501 21.78345425277 21.8665603189912 20.1995331482678 22.9035970741769 18.5633027782378 18.7555981304021 20.2082140165835 19.4298159616051 27.1233242767968 34.9353649795777 32.9453715616175 30.1244431139398 30.8434612539259 36.7221568952962 25.2420793130488 9.83591145172679 6.71387283067922 15.8269082203276 24.2527795416965 32.941062790364 43.04279041612 56.0635194916129 65.654075722812 72.3182960146172 79.7344325664702 88.6319448151091 95.420353097334 103.893396340432
7.72192747262323 6.26684335618871 13.9754136898333 21.8412143589841 19.2498494040553 7.70088931278478 6.26690795464691 17.5649663358416 29.2462664475701 33.3991202295179 32.1853904637632 31.6610081746687 25.4318819131212 23.5918742479545 30.2222477696369 42.0448383700949 45.3974851196032 39.1893373397194 36.2024388766736 34.8635455280522 32.3938955726764 25.0272796454992 12.673600634511 12.212590160863 8.89027246561549 9.97375643839091 22.7891781226957 26.0852080504298 31.4748300104657 40.5535711615456 42.5164336812956 37.8392183521624 23.486301340509 9.22552246607846 10.0889948529446 12.0784538770731 11.071924639683 25.2016505822313 39.0008903235141 51.7466742446305 64.2997438243586 77.2685045459731 88.2114802810833 96.9375571123123 102.108527178533 100.748543374822
18.2203478778453 14.627149080048 11.3955107233026 20.1169172505804 31.1256802151399 21.0860835166279 6.65597435707978 8.81373414704188 17.8935166728673 24.2715661556814 27.8319928246283 21.6049022876841 12.648836823875 9.67349071365725 22.3678350479198 36.8582764067469 50.1038892384802 52.7446980175669 51.1621769743731 49.6563798337787 43.1221368623444 30.8170772720852 21.4795186883049 20.4343671567611 19.3101241269471 22.3997367750964 22.8028998239222 13.1781336678401 22.0438624321212 38.4019286315403 45.157449914063 34.8624381193864 21.7573543230713 11.7164444818377 7.36975841645251 7.15049824460412 7.24054333567601 19.4417419566869 34.0688138911802 48.325435859614 62.0230557603785 76.0058573851232 89.2899599282178 99.5402062773774 96.0896692437919 91.2349047186155
17.7163929203818 13.9428178081463 7.87168173458975 17.9143067134499 28.9104080010728 24.1760563227254 10.8229799801178 10.5575376591993 8.02731284879315 11.4691900831064 16.3636158146944 8.33866314871683 9.92747986891791 13.2890264695644 24.5700471684894 36.3057210340989 45.9862496229418 54.7239982309306 60.998719848887 60.3536043500172 51.1961541660519 41.8698338497745 36.3286708678471 35.0366801399278 32.2920688239798 26.156216839505 14.4217195526949 10.3705356809613 21.6835661164385 31.5736637882538 34.7738261796356 28.2724784811062 15.290602273728 6.17956819949412 10.311258395759 15.7835751481947 15.2550319876074 23.7008147843731 36.8411560083058 49.9504991340273 63.1119201977467 75.3263761370281 88.5117480381489 90.8820765778202 85.7775619547624 81.4188277060199
17.6522977152073 9.09416017092389 7.11313510915114 9.98425692799938 17.3281384089022 23.0763173299258 17.0978050245799 19.3030862734942 15.126280563187 6.21051675594333 6.42175485107878 3.79068226246411 10.6040637413942 21.8699416373497 22.921429263316 26.2033643524796 35.1971606786002 45.6713510310045 52.5426214712056 55.0894053462091 58.0726316241498 54.6770846815069 50.4416969573872 48.6119879496514 39.7295739700379 25.7357817165963 12.6243572293023 13.2221018677042 10.8814481532894 14.9123015257652 21.2937046476363 13.1130607590254 14.8903944636307 13.730472462848 23.1438584803643 28.6684118715088 28.2950870543745 30.5126933188915 37.336812147762 46.8143085104181 57.889748100094 71.0001333982097 80.863322111155 81.7793917858519 73.4664986739858 67.5122315591349
9.5622530406208 6.21168836222447 11.8268445303391 7.44225931706341 8.35972423234847 19.7798885183002 14.2907695409938 16.6079818206081 14.7319282455948 7.36226731506911 11.978616395932 13.1380762567229 14.5245046161736 11.6607372263063 9.21813791903973 13.517898803006 24.8884859133107 34.8356414312822 38.5766035828626 42.5058196407633 49.2621689130569 56.5948643199388 57.4206245022595 56.1910519595446 44.9565559018062 33.4125892985799 25.3022891873067 21.585349985464 14.062921288315 16.6138716192185 21.4541394065209 11.8605464696639 17.4240035660112 30.5260922082355 36.4295811105623 32.1610135658486 20.3730130997082 16.7853216847838 26.6680556332965 39.9113120948442 52.9956239416674 62.8524562170391 69.0180378193989 72.5735929141981 65.7667604912716 54.1731937797051
12.0850512213844 8.9028724081616 9.57933254653179 17.397622047837 14.3240009660503 8.75842158341017 12.0097529634536 20.5998146946013 12.2908012543563 13.1140490681023 8.66008154827917 14.912782574288 19.4244991766836 11.4217933992798 10.4189507208983 7.74112620910169 14.009350653858 23.1410243542505 23.4869895072501 29.9451636364964 39.7130980480151 43.0564661083127 44.9644045306674 51.0265595430825 52.5508214067177 45.0360635148376 39.6835470434145 32.9339079615039 27.3475272243718 30.3148585623358 32.2705846857731 29.5880805255796 31.591171643446 40.348831592475 44.060927741694 30.592021360976 15.3277306966716 9.60107026890339 23.1469366451918 35.7560214909222 43.9526743479539 50.9057513782196 55.4759961377823 60.6576805206279 53.8520663600763 44.020532735699
