IBR/IBR_outputs/all.combrep_1/EucDistWater_Total.Silt_Total.VRM_Total/EucDistWater_Total.Silt_Total.VRM_Total.asc
NCOLS 160 
NROWS 95 
XLLCORNER 210004.651214014 
YLLCORNER 7350008.22228844 
CELLSIZE 4999.99999999997 
NODATA_value -9999 
[rows 21 to 41 of 95, columns 46 to 91 of 160]
-9999 -9999 -9999 -9999 -9999 5.91130453875536 9.55617745600743 10.1773729193579 -9999 -9999 -9999 16.8724999632503 10.9598223433776 16.0810201089396 14.3266363782796 5.22381762802994 4.52322450622703 -9999 -9999 -9999 -9999 -9999 -9999 -9999 -9999 -9999 -9999 -9999 2.62367661467787 5.71150708773254 4.42254971645222 8.76809126953757 17.3826152196087 23.3921560383253 31.5379046595996 30.3552788514205 20.9418401522786 9.2912308076398 10.9764926027207 20.8368530113415 31.4672174761351 35.681952184158 21.8665098143905 7.17303440744934 9.02810341095589 22.8982230785708
-9999 -9999 -9999 -9999 15.0827975029067 6.99837327616916 8.5795437760648 6.75756549965235 12.1710637833174 -9999 7.56597406824199 14.5558032693136 11.1476510748526 15.9441345808318 15.4912931895176 3.91773564288284 7.20322520663685 10.5074237539507 -9999 -9999 -9999 -9999 -9999 6.69610116996675 8.80789422615439 5.60011905970508 10.570170140756 6.34876592493378 2.95998191040336 6.22229330281284 7.83127980912369 16.1896130233437 25.5464473511573 24.6698239230488 27.9591409577588 31.7662789522431 24.935789712364 18.0439589964338 8.11150103667416 11.2054195561113 25.661454984803 35.4707957240693 24.6698311313929 11.2293915961804 6.61389756504629 13.638877445676
-9999 -9999 6.90548014048215 15.3688449668212 16.0862060411041 13.6503562968342 4.866231713186 11.9411781472332 20.5104473485887 16.4323126063586 3.22845536966145 7.18177667304367 20.6518289561336 24.0391509525153 26.6945504107443 5.5475519286188 9.33836413933459 4.10649186274122 3.43826925263825 6.04054285964948 6.74855499496666 4.33456198864527 11.0050016226834 3.86696200704497 3.75763784325415 4.32226364540444 13.9813050134328 23.3079723299198 19.7537030594988 16.4346299438943 17.3365717200896 25.9317273699982 21.0005484901481 10.4892399678685 16.8145242787157 21.388116527665 12.9819980439507 16.7794724959813 10.5795971253308 13.3465048526755 26.0664814504448 37.6921631625326 31.6861788482775 21.3260213386835 11.0866668160192 5.56429906194832
-9999 6.18186170614247 2.8418722257836 11.5729368687527 6.48566486796989 11.7355931379654 18.2035515338215 14.9390372877085 22.0192995772103 24.5101436593366 57.4001846487245 24.6421400005033 19.7238505954613 37.8939631392319 15.7833539972489 31.2188388150895 19.4175258278772 11.4337263963914 9.70465224573456 13.4212505070861 6.80440928273717 4.81448185392563 15.4301091755599 12.4415140086626 5.40238829865913 18.1754156107602 34.7958522989436 46.8806016558907 30.2509161863283 26.269145337204 27.6188053511568 27.2639084282187 20.1866955593993 10.5736323284646 16.5078585084334 16.6174963985015 5.51833452949383 15.668804408999 21.0689587241811 16.2263849005002 21.1049950639372 32.8005164829355 36.6158089810888 26.767062882282 15.1724886385086 6.46273291968782
3.59089228862215 10.04149595105 41.0399567237213 92.0969081848037 47.6670593257147 61.9215635599483 22.8491834830964 28.104075271881 32.276201721204 39.2029609370518 27.1647298189578 16.3053515328033 20.9006458370797 18.9164140015215 19.5813397613227 10.0820608581999 22.5255941505659 58.2603506097178 69.2814425130908 18.8963872476345 19.3241269018469 19.18873938333 120.158251111294 230.720276560605 14.7871394965606 20.0467817524363 32.9547603374022 41.0342919304676 48.7921000463208 32.4217510562673 20.0113771342972 14.235530627681 13.5323408390576 15.5962142411923 12.2065465398305 18.0771318167886 14.1148871719551 21.3192312525017 18.5005586131016 6.31473643210909 14.4976516571209 29.2622318588013 30.1824595275114 17.3399575098285 12.5908908716853 16.6757147177783
13.866639561441 49.785259366482 204.636463247288 21.4061741830515 9.69240113980438 17.2895956502266 41.5231643628357 49.4224261358739 34.0930615785749 21.7054907448034 21.2485256785564 26.6522840861049 18.017358933951 20.3360259624407 26.4820017704053 24.9117861866462 48.8227823381189 166.1205801703 129.783727184678 84.7456338919497 337.910161469173 70.2526771448231 141.851580824786 473.252932817337 38.1580392780392 64.6546027911124 40.3709747184515 45.9597750392231 43.3937842268932 29.1025847485475 15.3862552704221 10.4776899824264 6.91973440179886 13.2034580074416 10.6722596141041 21.9816039237489 29.0956046206666 29.9736934498756 18.1308155957959 6.81565476672915 14.6947674226841 28.995835083986 29.1070672358606 15.3150520557615 5.8845741233945 11.4667181495521
20.6304616431827 86.4688940448437 131.557090285383 40.9373849961051 15.5362713320264 11.1888436661055 29.7750895751989 42.5939840327589 36.3970081420161 20.3465217645193 16.33513474374 26.224662081677 30.5934519940685 26.1960336907243 14.3389935791233 21.9055159414734 35.00348139612 40.0555145443063 25.6410861817838 72.3661099043038 347.966732577948 65.7908310530082 36.3316887484563 27.8729790000746 13.2284529584536 56.6713861570555 41.1517291071489 46.5620755797971 46.8330931361541 36.3117782699766 25.8391279144721 19.3474654353482 12.2582403597265 9.3454500292293 15.1054831202715 23.4341676345557 35.6522954307141 33.9655400436026 19.5165026929808 6.5695362321259 11.2737177474715 25.5054698493703 33.7204584140767 23.8349668179455 11.7774885248638 6.19599344715474
16.4104492103988 12.8773258231677 38.4454196696324 21.3304389438225 19.0743321740503 18.2431784784401 16.8009738832733 32.7061825997207 56.9162106422025 15.0894789926769 13.0128230937911 14.4429914066218 22.2308157704002 12.2706034583374 9.90171532244463 21.5513560340105 34.1629399533427 33.4366175473756 22.8490840234637 17.1356367707201 16.1384770239066 37.955876776184 28.6814645946887 19.4082124465128 8.22962530388342 18.5985915401131 31.019354055365 42.66517081302 47.9059327471005 42.9683915811624 36.6573248629562 30.8684282075556 22.2768916467462 14.4526579197532 7.19077582315041 18.5069924509982 33.1755501897329 38.0471379182927 24.8655797238031 11.1689959781588 9.55945279214828 23.417750200956 36.1367049341365 27.9769147304347 14.0895564044435 5.29999045550336
20.6572375024186 21.933960187632 14.2177057829879 10.0002481337787 13.9612383880495 13.5900057077018 11.8773882352283 6.40352237692095 63.2036929802115 14.5713976102093 11.8810080787434 18.0926795447409 25.449382496806 17.7303646914506 16.0331924093497 27.6799261732991 36.5126484633476 29.9532637342701 18.7612095105785 17.1301885283783 18.4727681508425 17.2170027774117 30.0564751185738 19.4224698824982 7.45423662988003 18.9646273010399 23.8690098847368 30.8302680526834 35.6080275611134 43.6662974424968 46.4027023209008 42.9191984624358 34.0549238523435 23.32010854372 18.8139582316409 25.7389055311859 37.2156596606064 43.0448439359487 31.2655176919918 21.7745086455793 20.7743129069475 28.5409366528648 34.4770411806537 28.6957066789323 15.9552522613141 9.81305739310537
30.347936014912 27.2597231924703 16.1185098983049 19.8167131920288 20.3596687199739 16.1680002724745 24.0014842796846 12.8203882069642 34.9871536401641 32.8319468901216 13.0121314392141 15.8583304013324 24.1683110938786 33.9993701363444 33.4248646308477 32.8892932008679 29.5287605101139 19.1861000382522 13.5838144583253 22.9880346529719 61.7890256255507 30.9010164667968 31.2221595861744 20.9000306924491 9.6796699434022 11.1694768659508 10.8465593206363 25.7449106111808 22.5224236670895 33.7074851115114 39.7996139268915 45.7411167800525 42.9345501188195 42.8487808579294 35.3670032044024 41.4319123407816 46.8456784950566 50.8642663578397 41.9366520541502 35.4661706540479 30.6173954754657 23.6749875441455 22.7986259005548 29.0595171590137 28.1244431818554 21.1391376592425
29.9111665908861 27.4813858571857 20.6183208855299 20.7316018682364 20.9176629379628 11.0902414905371 17.132088050924 16.2210519410367 12.785664596104 14.0032392899195 9.66371244698745 9.71524700735837 20.7634971695812 30.2242996071856 26.6385174130395 17.1614847715898 20.3722454101041 9.15587052731614 13.9909154326513 17.4820120986443 33.8062939320263 9.11344368958175 20.0391239695836 19.8685699994307 8.56801703827978 7.61836222969374 6.82735507369464 7.49081424225187 10.2196881258578 21.5416264056953 32.231355532365 32.2697561517294 34.7142620168091 43.5519830015059 49.7454306182057 55.6048401024244 63.4917157526177 57.9483964408413 50.7823343716756 41.1125429109468 27.1055695616673 12.8003198695452 12.11976210403 22.1264950362429 32.7622217253659 28.8399654470288
16.6846077125628 15.8742535831515 13.3834343419316 9.78796094971501 11.0063843113307 11.3259358476451 10.3940298740627 8.06578549363884 9.93063780782231 10.0474109010983 7.64392575732743 15.5295815844546 14.4041649415701 19.1985534100208 21.5908732577673 13.9540158588807 16.1846495060933 14.5030903031043 22.3887633058434 23.4068899873588 46.3402659438461 27.7533736707627 10.8733310141318 17.7813275529741 10.1567125301188 17.151572182035 17.100884667673 9.13546515603041 6.99336828280321 16.373039964522 22.2248116029931 17.1723473991657 21.7842520090054 31.1778300406312 38.1072271316226 49.9209913500638 56.9549076303678 52.6307280767956 43.8443701466577 43.824699570911 25.4150322199623 12.6102716465852 10.0970819158088 22.2860973491727 25.1539622204708 16.6189603412285
14.6585770822527 24.7769934769949 16.3591998932867 9.41018084313321 8.72848722672011 7.41803094150132 8.99717490879734 9.52729849594124 11.1260133847573 13.5152449033011 7.35177366444188 9.93214212740085 9.6817850260234 10.1102417244558 11.851455080216 14.2404730653092 20.2250520461049 25.6801298174813 23.2478129277188 20.7398164786509 37.0657001832042 62.2459441821693 16.1655826284128 10.3450040921881 10.018661996498 16.1695530342504 28.2044495847107 17.9119210163979 10.5797980654813 7.9127706849542 12.0984484594805 6.79841213136216 12.4283888142145 17.8555765635734 23.7623451905918 37.8275624600848 46.0367632769741 39.2291336690042 30.3414344696267 25.1959593872645 22.9430737190958 5.81347534252583 13.9367895143491 26.9134507139818 21.0288065906281 8.47380997786453
16.5449245785483 15.2788953374599 23.4912327325506 23.70815717521 14.5509865744924 36.7629065083896 67.8736233552779 11.5827969143822 8.43616692712024 8.2510454481507 9.04017545953064 4.94374428209654 10.2413535686011 8.75296482805192 15.2043230952934 15.1235875019257 12.9254989822954 29.2057477434297 26.6064844791521 164.083383015373 181.478033988657 30.8970114222973 19.4228301983466 7.65180210885899 10.0544058784578 21.2002475019229 25.7142744720667 93.0129203358699 30.5700285327576 5.52118879940173 8.89136034472872 15.1733039304582 9.29937438942348 7.19010853499259 13.825536767052 29.3132910090527 36.6235009536356 26.7903884890061 18.5049430263735 9.77434843951566 10.445178301089 6.30309989645482 19.1524578793421 23.9483202402048 15.0062170772797 16.4510995840892
8.55740698212741 8.41317061267851 14.9898940139342 15.7621478703446 29.4081327991361 20.4926090505878 10.0260854802368 15.0141833424332 24.0533889205115 13.1198801902715 15.501222760206 8.65303542758 16.4476416730951 8.22926119298043 12.1305075987928 11.4213903002327 12.4963184362282 41.1151379591672 301.028609051149 233.709725860448 272.533412109531 16.0779055036122 15.8869330849014 22.3852567724906 22.0687557149842 20.2483109880915 11.9534760878029 32.1105051212029 284.10319051526 21.1326187345447 10.5033515708609 20.2710329672668 19.2755851891998 14.9354328502708 18.3640793215748 29.9364389755759 31.174371863983 17.3971842415155 7.21672794569486 9.43577462275795 5.86899195057148 7.00937103926506 19.9811771166005 21.4002475960432 8.48857515699488 9.7457499785252
7.75741835056075 4.64762289617425 5.67246456776751 9.3630893649972 17.0207528793212 37.28607341837 27.5678537308601 27.6802438143167 24.3805519149913 30.2855745606513 45.4858585112963 16.0044740862476 38.6928087700922 9.30989117445536 32.4823108328619 14.3895231252374 11.5416070807227 19.9429448706654 332.590047702369 117.00331546109 167.520668402617 13.4511666039148 14.035070170715 13.7862667424702 17.1235371835938 19.2336562778367 18.2451400452793 20.8046257113522 61.801355198727 45.1172950144038 15.8675939650952 14.3616937523222 17.1788056704736 11.3569903299463 25.0919086520404 39.1241544867314 16.2242382504806 16.5580023163972 10.2960124054236 17.4418872872114 12.0330617532416 6.13351269376706 17.7038520551897 25.7122720683829 17.7641751636382 12.877285268747
6.77830905016782 6.16059838889803 5.33684557762499 5.23828078660079 5.50864865923295 22.4248733322764 53.7025561110262 114.879577233704 155.106181121818 141.267904585664 260.993000060033 202.205652393579 128.673032499639 42.5830127764043 59.7377158445196 51.1777350740094 15.5446531139903 12.0160685304636 20.0272504474201 16.4738255587653 9.55869033750889 15.4863864246832 13.8759611686969 19.960583660946 16.1180592643799 10.0596773982941 11.8639710004416 11.6802034673584 16.5121385678974 12.8613516722332 16.8180367700202 10.5591888275914 12.9165899556512 12.3293740100004 29.1628218455953 20.4869673444236 8.70712566094147 18.689466458493 23.8403493709569 19.830162884483 13.0823423623299 5.00802463977775 9.84725474012376 23.2358923859051 30.1376146029971 27.5113409777853
11.2257081501992 9.38049245117461 8.78893216972501 15.6751369003995 41.2265487656923 120.623091865992 194.225602772906 429.321859942686 483.18700468013 426.970081718558 385.25560204398 349.711461219966 224.204522429046 151.755625528552 120.566459674944 55.7621610247962 22.3546975779191 10.8742621884088 14.5999034216747 16.5012756949665 9.88759391471692 16.7640040636242 9.53888691396152 21.0186903711179 19.2363748893643 24.3052682659875 10.476877176385 11.1446630606553 20.2431194383642 21.5918521378759 22.2307527939838 10.6920167496807 15.6549324231172 13.5668866416577 12.2840286856164 17.9380047788823 21.8800508645825 28.5966433084442 22.2568452752124 10.5443858344735 6.37596886836018 12.5574797485323 7.87653499370603 16.2372711480269 27.4516969932061 36.6948338471571
15.6617529129715 24.8908985045379 16.8682272379386 6.10097350347505 9.87289206811207 20.4548893394765 93.9019349832785 11.8303488908824 84.6467908537615 188.485065282793 195.585309269693 174.842289292482 156.971410661857 75.4196595592845 63.1664025142258 29.3285927211723 45.6674942534863 30.0190070086514 19.4796186902332 27.2451598756725 31.2711986209616 57.7276999997299 26.6468600388976 25.4974359097108 14.3130452948785 11.9310418823126 8.45855777465378 22.9462147768025 16.1537266035102 13.6130136278346 22.820453030326 21.3467655331166 15.2554784243227 7.88862489554413 12.0855353458636 11.8643410397921 15.315856687504 18.2287572010298 14.8282718224845 5.3095280857216 11.7275952551035 16.0603753919484 7.92731401790595 7.16929709343337 17.2326130430032 29.6073586983165
6.58463996849186 9.47510905034299 49.1380993409614 8.92390392890182 5.21469985504235 10.7858603434274 5.49685173146625 24.1565951650884 36.683457585769 12.7427985521713 10.8710549612735 13.1933796339706 17.0336367052861 10.9591416702062 13.8843123334324 13.7287351708683 20.952715516505 14.8051535707828 17.2239350936759 18.3547817497929 19.137130693925 22.5422254950009 22.0130651573761 17.4347948870522 9.31381889300073 20.6078205391802 13.983280790803 24.8952869457757 27.4663150971188 11.3113704230575 11.433991332991 12.5719861457264 14.3347194039705 6.86828194906732 8.53905996661896 36.7587515486882 39.9813537912265 9.68230514145601 6.04562634862002 10.2806319362039 6.7817679019773 12.9997488092922 9.6489604120439 5.60435678450951 11.0821009313215 23.0761618576424
18.9452244629925 7.51953969381948 15.3664936144922 11.8815707079729 14.1939713458838 22.0670433503434 8.88058669177315 9.07474307848995 11.7948529585706 8.82428951450215 9.47912037390614 7.01267468626951 8.03018757459185 9.8727709236273 15.3821288372633 25.6805420135698 28.506610085469 24.3920875951971 23.1860170311706 28.4089769885913 24.5202137471217 11.1291594451478 7.66145422509696 16.9173340170116 25.6709297896795 25.3305368167794 23.815704833186 20.9910973619971 10.305042231418 24.5014221646835 10.0548534036566 14.0307112821656 10.466254815848 6.40604031806546 12.4694545164474 14.735344331712 39.501568789646 9.14843532358664 5.3544563890569 12.9800300331838 7.94545788811465 15.0176895583064 16.5777490608912 8.11360894500265 9.29774924365308 10.9875874635547
