IBR/IBR_outputs/all.combrep_1/EucDistWater_Total.Silt_Total.VRM_Total/EucDistWater_Total.Silt_Total.VRM_Total.asc
NCOLS 160 
NROWS 95 
XLLCORNER 210004.651214014 
YLLCORNER 7350008.22228844 
CELLSIZE 4999.99999999997 
NODATA_value -9999 
[rows 63 to 83 of 95, columns 0 to 45 of 160]
-9999 21.3449086578965 25.0750586750869 26.3693490210821 28.969336153184 34.1333700024482 43.3565482382519 54.6378325384982 60.1835020997917 48.0191884080893 34.0413430792322 20.0360726273143 10.1454511110776 16.664385572645 32.1366270653722 81.520147841445 319.179482466215 234.927268485508 367.450990043958 466.199355688208 204.442970178431 25.9514270438244 6.7314380132602 16.5607995487677 20.5556034654559 22.993847324129 24.257299784271 14.1525954739637 10.0690787834966 16.8241645000882 12.5105814081458 16.5157216108993 26.8078623711963 24.1473708725871 18.2239544234372 11.9091782296406 8.94697426445371 11.6285994968241 18.5312555317339 21.2507841996881 20.7800347771412 16.9485964036437 10.8048524767012 13.46458335904 18.8390641841271 14.5372233579365
-9999 34.6131798647206 32.0092997711469 20.5235547608621 14.930660429523 22.7903338078612 35.6235987835839 49.091925402467 60.040243466312 52.2719199453223 40.1526122474386 29.7291849292824 24.3628780181199 27.1032326023278 28.9827219061236 28.3154200576037 35.6415723090038 52.1374946928233 108.252105811243 91.5044726401336 37.9950260451208 25.1511029934371 21.7321247180863 14.3855151584102 6.53781184595964 11.0306201412959 19.4294741615691 8.57130026902024 5.67748185489951 14.0578812958105 14.8977731937737 18.0256910307411 18.3151947673377 13.5489648945505 10.0964286662485 5.36704393681807 3.96325125657404 5.04352168453049 15.5120179517764 29.4293164039166 34.1493917248214 29.27764922331 26.3402554898706 27.9183105518768 24.6980173024784 15.6583353244081
-9999 37.4368049055757 29.377337720935 14.4952765835572 6.27925151368079 18.6694059721305 33.3693551718421 47.6104491113745 60.9655444933399 59.7728117884708 50.0060401316662 42.5227820133226 38.0335338390517 29.6414859663639 17.3441508828966 13.5958499191501 23.1924985978654 36.2093941278215 49.7441782266816 54.4218141802682 44.8515311403278 37.159011922418 29.9338528136661 18.5842426909081 13.4236185089875 15.8413881075684 24.8507346781336 20.0391410569667 14.2101931676597 5.90962335225735 6.74277546734119 9.32394125716672 5.82634996966134 5.04472241814736 8.09111493091135 11.040131317607 7.5435434345989 3.70973390066415 10.1824211820563 21.8067946794096 32.1736191176416 33.9971539061671 25.5997794294581 21.2977352804167 13.0801096702039 18.3781046129368
-9999 40.2353764536386 32.7454773560156 20.989644468821 16.7789278782596 24.7659365045746 37.2509897525752 50.4071641314062 63.4306372741507 68.6720614770092 60.9979255274029 51.5982667969574 39.0480882048405 25.2212160665424 11.3429262365273 5.87685443017345 19.4992365193985 34.1427433860198 48.2783665708007 59.6744702009258 53.9222846140668 41.7994610634736 27.9618196938905 15.2385017931838 12.9025624625771 23.0089753805269 30.8633115296122 34.8236186288542 21.2025245833822 7.11071280648351 3.60858747870394 3.40384559022556 8.54024923858332 14.7277140563911 21.6725064535704 24.4664198509392 16.1969635078485 10.6055924757961 4.2756530884934 9.52540635240332 21.5981913298541 25.9322551187034 14.5473759530533 13.3692859591515 10.7184481484205 15.6964116964583
-9999 47.7827430336755 41.8344835467178 33.8490975902012 31.6084048138401 36.2220422455597 45.3660909004175 56.4601732035123 68.1859837722964 75.5366786832731 65.180570095933 51.6390086631404 37.5144973970141 22.7886431654369 8.060768720057 7.35937022406655 19.8167178445929 32.3647810537309 44.8949233129448 57.5103832201354 55.2448194310736 41.5029055078627 27.4473422648989 13.7862090256322 10.4954191702362 13.9894034178152 20.9305024748115 33.6884451416325 27.1267243291755 15.8096062244843 9.12444962246272 5.34054409185326 11.0870338122703 10.7500391107778 24.1214780856944 34.2004784992732 29.8503906751239 21.994072700914 13.1857936613866 5.20734686485532 10.8943120989316 15.7936360463255 15.5251894052454 16.6931980254024 10.3259222687713 16.4789604842434
-9999 56.8370237831438 53.3780094618879 47.6772744072663 46.1556806333422 49.2058880201496 55.901269614327 64.8659475995187 74.9997553192809 78.756456169611 66.9198949184656 53.7982396259732 40.3968480395534 27.0416518080054 14.0778775956051 4.69756438843137 12.1801411660035 26.4313286013853 40.6000326247765 54.243929790494 58.1756469112873 46.5843221662149 34.6566484550664 26.1353614622799 17.7331251034337 7.77515805810679 16.920388599692 25.577983577709 22.8126224668228 12.2548442058032 12.2337833640632 5.14198638026861 11.3035194463458 15.5792145583813 26.244599728559 39.3344289180262 42.6048476040351 34.12274918015 26.6544947178173 12.5058409246265 4.20814912002951 8.12823164727927 15.4581324651528 18.5627919659111 17.9866410481961 17.6727290616267
-9999 67.6546490887385 65.5200540561523 61.2306625599501 60.1333965148123 62.3883782909278 67.4565245271103 74.6693646563945 83.239515273436 82.7118502630509 70.9301080934887 58.9410096032252 46.799792484695 34.9844686438764 23.4162820387323 12.025360867798 10.2569665532082 22.6815431295979 36.6960076121742 50.6264532617106 59.6236878047901 48.8554142806285 35.573198443213 22.8675565921915 16.7752658761405 14.0019815889328 12.4068110590074 12.2809108172583 13.8833236675329 10.866249344733 10.9023023842183 4.31415740542251 6.32578182994628 18.8119792373549 28.6066230151852 33.2593093265217 38.0458782414737 41.5039380725889 32.6596696193266 19.1800662029219 8.55797556179015 10.9747477368441 8.76549749157487 11.4437372547535 14.4927438987904 6.77382390308019
-9999 74.275587437117 77.6050987412901 74.3770799586293 73.5505106632459 75.2473714475106 79.3110694022148 85.1251002666578 91.4356723383384 87.7884026997432 76.6165932652573 64.6519393924046 51.8683143790656 38.1818040422711 23.6930249170949 9.17404046572542 7.67453559398964 21.7713616881736 36.3411163195036 50.1559439723872 57.7048390195118 46.9013034244434 32.6931089055615 17.6790677485541 8.66818939348588 14.0890598015667 10.7382263117835 11.8680432591521 14.3001165469556 22.6016292005637 14.6547171808935 4.4962420745202 5.5865574940053 13.0808902834196 15.0010186339978 18.2927069142269 23.8388771422835 30.7433129098135 36.7703548651325 30.4515179566999 21.1503035563711 17.4422060010531 6.65003485759198 10.6564508211892 19.4967140858499 17.3654510838719
-9999 -9999 88.7839700457477 86.9718599448317 85.3726264562829 84.4316090812076 84.0495845900572 84.3261532233369 85.9210798116249 87.5911170143582 79.1022034187022 66.2566542326326 52.8188531360897 38.8043663930341 24.2228554345045 9.19186771387058 7.24754351800982 21.4483532846674 35.5391692650359 44.7796334155693 48.8137860776842 46.1180660853773 34.9004576704387 24.5873256550194 20.0031517990659 23.7533601007799 24.4750480060984 25.2579558124721 25.403481394226 27.2252216486398 15.4184134455316 4.94342651743364 7.15481938541972 8.45752777465731 7.02963066354136 6.27863555150071 9.88393295741814 19.6006784778512 27.9162368831973 33.6740024448886 33.6871234112937 22.7928514047333 11.4208288382071 6.62211589125439 18.9321911244272 21.7889518131689
-9999 -9999 93.1702411673716 87.6308060394364 80.749488668723 75.4023776306532 72.1259053202452 71.4369351201072 73.3428277669201 77.5479693597936 79.1044203041471 68.2656045701896 55.1792652913132 41.6913803524862 27.8414902043261 13.6298738514376 4.56433306575293 15.9221921144272 27.7250663579487 30.7694051973266 35.794446444441 37.3220796614239 26.6639862019556 20.6062985618477 25.0117335460266 33.4080042553687 36.3715230175826 27.6391416326559 19.1479825225147 20.9418931096057 15.6849653392763 5.16124056067098 13.8405099466611 16.8630645127486 19.2675951555994 16.1902459588467 10.5453557766709 13.1959659662743 13.5564809338492 24.4821941750102 28.6463530866441 25.8918825001781 15.7511089796561 5.60125602280139 13.1627110930414 15.1196776416282
-9999 -9999 83.8041342404437 77.9985449954319 69.7164146888041 63.0441114167616 58.8509984085782 57.903987189542 60.3622432197451 65.6964383727289 72.439340338883 71.3049917119595 59.1032133491661 45.9141519250505 32.3006809267081 19.0094419310741 6.8465071749586 8.92780209002891 15.6209726427387 15.844122489592 24.5801092466705 31.3118586755039 18.9395497529915 8.86554768714597 17.7325560654422 31.4168144859491 36.1159514899012 22.1790868686176 8.69862459985552 13.6141947269912 15.1608972148555 5.97931903058049 15.2810890613302 9.19437841040519 16.6162575415903 19.841300290332 10.9996398796733 8.63061087877528 4.98176773285489 13.5906285314117 15.9546621780355 13.6483049395751 13.8394637512894 4.65978846320501 13.6341293056415 20.7278483231714
-9999 -9999 -9999 68.8918450408179 59.3156717172537 50.8137342970735 45.162240670931 43.8313850392836 47.2573243555331 53.8453334139991 62.2213890578435 70.2440172167282 63.463051099594 51.411634254843 39.6005543037146 27.4398335331785 16.0639173358836 6.0088786254944 6.19028076700733 7.72579902336305 19.9583728772308 28.5023828532301 22.2123265966474 15.5225068632093 21.6419130154094 33.9431294250324 38.9473526317783 26.8130209922005 17.9226751720102 20.1056223965011 16.4467649304903 6.14937212771278 16.7318085687564 13.6633559452625 17.7693179825347 16.0449562131498 6.15579369237811 7.27856992191727 4.39140212688226 6.96840096662498 14.2414866179195 12.921860149717 12.755293168354 4.6932433442095 10.5485149039419 15.5346046325627
-9999 -9999 -9999 59.1970771863341 50.4542427953704 39.4999205395171 31.3351572611305 29.2424057744864 34.2607103945457 42.5749355771209 53.1610401791585 62.370696841132 62.3898416678302 58.0372723498799 47.7130532511367 36.5988005734919 23.913504539958 10.7898141970809 4.71502663434778 12.7732196075827 14.4916760867841 16.9180372165553 22.1024384230914 26.7114607219381 33.0022945838832 42.1574160456516 45.3576943055023 34.1267961181335 24.2399502099427 19.8675530850112 16.4456933830689 11.0846671682564 20.8086888295746 20.9367133779574 20.8541377182007 17.5532096288358 10.1269957498203 7.86397752582246 6.45495487593636 7.9271346683348 15.045839903849 16.834415727528 20.3525244095693 12.1886871965384 4.84464124580094 9.30575329567765
-9999 -9999 -9999 52.3712983139913 44.0467290377123 30.9405619785338 18.6666432056778 14.4877519645612 21.8434978376831 33.5781265548169 46.5037444266314 50.4975166990173 49.148746397436 51.7561374939071 51.8664782086341 43.50696809725 31.8780054758822 19.6050633128493 7.28143198609405 4.66836879212806 6.40733804469576 7.07250743775899 9.80317323081899 23.3955888153715 37.8562541255246 50.1049108131856 44.9745209056938 30.7527590550851 16.3690378942569 7.47977703398862 16.3604894700791 16.3808609463361 20.6626677268355 11.4736930450971 9.44989421614744 7.91221853208703 8.38635258701842 6.31601420293254 12.7723974525353 12.4572174993462 8.04840538877308 6.45339379871888 13.6750260365091 12.0651528620576 9.76764874434232 5.46979895909597
-9999 -9999 -9999 -9999 38.8796734572224 28.5890994760571 14.2226998831997 5.75943658427496 15.3432149722428 30.0319227621665 41.0171363474806 36.8296359847862 34.6463235542114 38.2614159733835 39.9796659794186 43.4891495244865 39.8633284965036 27.6085751865839 14.2750854576756 4.51741390116301 12.2017618151027 14.2777058288887 14.9951612265392 25.8448643541721 37.2551384459399 43.7321719625218 42.1059858935206 28.8052464307287 16.3146485879687 12.0900462217735 15.5178484736918 6.11184455628585 14.7054183989279 14.5940415073864 15.6414233731136 15.9497250599806 12.3310985581525 7.39564852989626 9.0713806182253 19.1529938585706 18.646912159497 19.2408640215706 17.2932507928302 9.306623497823 17.0879478175485 11.9125941788101
-9999 -9999 -9999 -9999 36.7693015131898 31.0868134468678 21.154242498459 16.2721662555812 22.1254330395343 33.7259764444067 34.2256456192432 23.6075208939073 19.8118276146491 24.6526203412346 25.3649943676092 32.0203149958364 41.2424565865163 34.1916036131485 20.8971686332972 8.76667147954458 8.51813013453166 16.4138968218338 23.3373655161975 25.0247238417255 25.706265355852 30.4096336669887 32.8262909070674 25.0550991911317 12.0538748633637 10.0770871482503 19.3913589185335 9.40456637091423 7.74704384982113 21.1046717367665 18.9217035686925 11.5859299941505 7.68947017841827 6.53588559012285 8.13213577192919 19.2220543409661 27.7065355277241 28.3284508146763 20.5039519116636 9.55321690395985 18.1016240157777 20.1700080093397
-9999 -9999 -9999 -9999 -9999 23.2323765177622 13.2010826861748 10.5688272636196 23.0370579618261 33.4213525633784 27.2308496478879 14.7712106669192 7.50596836463943 12.6498831410566 11.3623654847674 23.1101049338831 37.2349073665558 40.8508623928686 30.2132493379837 20.0881378090648 8.61873242119278 5.61042050033187 10.6495597193821 9.90216803870074 10.6458979684061 16.6574433771606 19.7077721987772 13.8315925378145 12.1435002885508 11.7974239312985 22.117132775747 15.2298862508698 5.29387208721601 13.9690682921235 15.2670217292627 10.2335863744095 15.4249565134539 11.6976737201517 6.23806151842497 17.2544001465649 18.5258341572971 17.464509408245 23.2194360852229 19.000642053417 17.2447840007922 15.6144842838351
-9999 -9999 -9999 -9999 -9999 -9999 9.15413891268641 12.3812882244155 20.7900237311003 21.1578944684843 15.6314189377837 7.82853100250875 5.12764001275206 8.65226952081721 11.1749362475849 23.0673041066215 37.0993545811671 46.8969512527299 40.4765017994773 29.3421990775821 18.4870855924524 8.77614379591125 5.64462326272666 7.33074932156367 4.9606575488681 6.38743764019467 12.3650933263181 5.27333026353362 5.48047946350355 10.3099161713092 19.3961717079777 15.4446507975051 7.23393776666394 7.43363519672421 8.90111946641081 8.51779095228898 15.1387231693694 7.79035930200045 10.8278244799375 18.872212357029 8.3404060888317 10.4292825037282 23.758167791331 25.8681472191635 14.3525922501714 8.02169117178779
-9999 -9999 -9999 -9999 -9999 -9999 -9999 17.136725067741 9.43840923458112 7.32787564435241 6.74395123349457 5.02338259761617 5.48352071534172 6.34019919927648 17.0962134684884 29.7540777161219 35.8499980148143 38.786977493002 43.9331190113542 39.4406763556008 30.0487280736795 22.3078156382944 20.5043278586906 18.8319704729699 7.0430786377705 6.4090117940251 13.1150539773954 12.9842261589979 5.96684067835435 6.19950081480823 12.3675602349479 20.2915338447405 9.9704532441213 7.24880923314831 14.0759913375728 13.2436997694978 19.5059050512367 13.1855013783646 10.4927503072315 19.9132456278706 13.3378111115761 10.9633460081593 22.6919936344767 18.3200825695248 12.0503158070481 16.0339236223529
-9999 -9999 -9999 -9999 -9999 -9999 -9999 -9999 5.70632689996134 11.0201065569075 14.3584427731958 12.5083204474862 6.80261090254149 9.46140612845776 19.0940075722513 26.8815515698665 22.0587696232337 25.3206166408725 35.250549621246 45.1882802983339 41.9508795560845 37.0099296139378 35.5390746070341 27.3935189709276 16.7635964965727 6.70315562467858 4.20085186093951 9.20466841454711 4.06921373211904 10.1709978307256 19.8082830642046 21.7849316131671 7.98762531976423 9.22880460132927 15.1187567842999 11.2356115862061 21.1178869998214 17.472625267766 9.89474360213729 12.0708769964163 22.2024636503466 21.601566170134 19.1425757974316 8.10586783629909 7.41480081983889 9.54251054412516
-9999 -9999 -9999 -9999 -9999 -9999 -9999 -9999 -9999 23.18987239058 27.4477383239105 21.2691324679044 12.1641622683059 7.43652379235811 18.8675605598116 20.0803207437069 8.49128974099598 14.4386220210919 27.5203787234309 40.7011914580668 50.8773340937527 50.6606092652397 48.0080143129351 37.6549457285018 26.338544170567 13.7566412566683 7.00135827494612 4.221729585747 5.13836114751746 11.440506162645 24.8017586990995 27.6028929158813 15.2444071232246 8.90315011484599 17.5626683040536 18.0488492766236 15.894251543995 9.76689087175737 9.64816666286209 11.7173215327669 20.0573445662404 21.4670966238732 9.06623709353301 7.40536705491555 10.1680112011385 8.11252232646691
