IBR/IBR_outputs/all.combrep_1/EucDistWater_Total.Silt_Total.VRM_Total/EucDistWater_Total.Silt_Total.VRM_Total.asc
NCOLS 160 
NROWS 95 
XLLCORNER 210004.651214014 
YLLCORNER 7350008.22228844 
CELLSIZE 4999.99999999997 
NODATA_value -9999 
[rows 63 to 83 of 95, columns 92 to 137 of 160]
10.5954957194438 9.25544457024375 22.9610062703197 24.5835363801894 13.8990499191376 19.565910012166 29.5649164786388 19.1945795810795 11.8345441557215 19.8601907332763 31.695623629256 35.5329141702339 40.7148394754483 44.0146354349425 53.1789128305409 60.6149861790756 60.2065594568888 46.869673246727 60.7394831833024 51.3706552927398 24.2012869556231 25.6649879201679 10.9446657632553 8.61007135879901 15.0454152883726 17.4826878200451 23.589990994143 31.6773684734741 43.144145920926 54.8875600750577 55.2905124381902 50.7636991107793 46.189328101572 44.4437630361722 38.8913620284232 33.8686157434874 29.1022804562603 32.0768675227889 40.6009924340474 51.4727221388547 50.2100730621345 43.190725850173 30.8826854871858 16.7243230285207 11.6881115016823 21.52344916227
19.8096185585153 13.5432465939194 17.3670469657742 19.9971415356751 22.8600207091637 27.1124026216163 30.9419247269137 22.8895184622812 13.0974377387219 17.6393187508252 25.1551703578429 17.5162418066808 20.6755035086034 31.5697814838761 44.52379833172 57.9717356442755 59.1368284353121 45.463397857357 30.4542106201601 18.3768553273887 10.4965465543491 21.9841070530321 20.2721905112619 17.5715566005134 6.73336819326344 5.52221865572423 10.8042865158768 22.1491548364885 35.0100675449573 45.7477074555682 44.0942802159933 37.066529453059 33.1799837278974 34.9599762077265 40.4442711967503 45.9699436849 45.408970959922 46.8001255965592 52.0557955269162 60.0742404097578 58.3811800987282 44.5449220835645 30.2661871224325 16.4423077114706 11.0554570680798 22.3657740972356
24.9319460637287 15.6248994454535 11.0377621473298 20.588725054276 29.366351759132 27.7885917315549 16.8413286780461 15.1739949172552 20.0893814943661 26.389530503824 24.4824759479122 9.51840630759211 12.2287891806846 26.6135221271745 41.0621849055927 55.1189400278311 59.3499289535031 48.1043987576172 35.7224164530127 24.5110458160614 21.8066057626838 32.8256836918168 54.6129143963764 25.3219529584076 17.4036928525433 12.4546212744137 5.94752675707375 15.698430695074 29.0797995821053 34.5789834764479 31.4473835056589 25.3475041725252 16.8293346961434 20.0428589257989 31.7944436483228 45.8175949783645 57.4529579880825 58.4209669836938 62.156638760117 62.402086108073 56.2124178877409 47.9493461280657 37.6402594545411 28.1204470102642 25.1697709976565 31.2096109541832
12.3217664319464 14.0674684398631 19.6730727103355 25.8264325170903 22.4218737728678 16.1616336239975 14.6468520499606 13.0504283129906 21.5671617657227 25.056959570817 19.4641146589658 11.967422843878 17.0595916679966 27.7144248421302 42.0402539110698 55.8731153642628 63.4043560872957 54.0396890140994 45.0541958107283 38.7751735185185 42.1118255658554 85.3061645184288 136.025108553733 41.7248364900886 33.1526979533523 20.7890825003504 7.95197308752182 12.2603236740195 30.3790116784967 38.3670491887175 16.502222801574 15.4311424380995 8.70224487947498 13.7288794628671 28.2259211159373 42.4932201594887 56.1782719257172 67.4191602439015 62.9049921261027 52.188923045915 43.0665996950429 37.5138734750694 37.6194783205788 38.5737059796565 37.3642340364751 38.7496593066808
15.7967741635673 18.1085637960187 29.5142535527559 31.6904299543317 18.1861206277534 7.20193064913078 7.51576068745846 13.1790189061512 12.5693899431953 12.5651584770236 12.4999050396126 12.2422768248711 25.715970489909 34.771271119126 45.1544886834874 58.0476869231575 68.100754600202 63.1987683039473 55.7982093232852 51.6838418812143 52.1398119641993 53.6119411007785 54.268758053928 48.1682522771086 39.3083043339383 27.3858969789851 19.0478349513038 10.5911739347143 12.1003768447768 82.8638392700846 39.2785190273395 11.60525886436 18.4701692760669 22.9272673704777 33.1503620486921 45.6515152853711 58.5443362288875 66.868672026718 56.8313815874701 44.0131576617072 31.9424802057314 23.1682932794258 23.1536589098279 31.670945574026 29.2575443462466 26.3783028922778
24.5622075618318 24.4647869057785 24.1015460751007 29.8114181019318 25.9339845369213 14.6210384245725 7.70391939504558 7.88226310638907 14.050077909143 8.60684746564379 13.1732532706957 15.0582555784798 19.7541322701163 30.6192847415911 45.3936971452825 55.4492229604217 61.1503884523706 66.55988909053 66.9708055970514 64.5168155174244 63.6434421491941 65.6692406813395 66.2873909528553 58.4412416737659 47.827361610188 38.8962128263358 30.3153142732901 20.365124532019 17.9309877710625 22.1765196072174 19.5195132594618 11.0429969373224 19.7396352148299 28.8940557863293 39.839003299223 51.4253004359781 63.4206144758238 66.5448699737409 53.8418754843933 39.9019665007544 25.3922358043993 11.6437929630892 10.8419689546253 24.074981189553 18.3638960422031 12.1244532312536
28.139792950444 15.5241449108707 10.9358780532252 24.0681632318596 32.6082787235374 21.3128008585472 12.2424797468163 20.4913104907786 25.0510121605706 14.257167125373 16.0690929251276 11.0031574479913 14.6048524270309 26.5804129691769 38.2450775928291 46.4340143954087 49.8068107201183 56.3496913701432 63.5681355217489 68.4157835889886 68.9240182818119 71.8567591096384 74.3816094506965 67.1751060050599 58.4448185423555 50.4157486541743 40.9821184353244 34.061169079623 32.5862059010009 27.8994279073362 15.6248063977907 8.54001605772878 8.75130192085386 21.5033201701284 35.2646304173619 49.0203548570179 62.4363027867555 67.0556837799915 55.0556756225242 41.0556507394324 27.5225653292183 16.0079937380645 15.699294728603 25.7365595045764 17.3882408416178 10.8685514439924
32.1946022768333 20.0731905165906 16.7014081613456 29.0333894171195 37.8052668904041 32.6041918221769 29.6960739640257 34.9167368273388 37.0210603177663 28.6235446043239 26.3498011289748 20.5318475040858 14.3763563855298 18.4578098807477 25.5936024241581 31.4011494156426 38.7814732021313 44.9187225843973 52.8371554727184 55.3748743840589 56.3798851141519 60.7663741733983 67.7091411623165 73.4809636967156 69.4030711272945 60.6964440066721 53.011574648857 48.1607510691504 45.2277974712869 35.3574978238158 25.5180651804771 18.1185243509786 8.31826695984462 19.6429999559205 34.1123758923452 48.2566186334358 60.2838441580012 63.8576358049765 59.2106527055345 47.5375223605178 36.9259354658403 30.3796477877127 30.1050024784903 34.3966192973066 27.8284616016457 24.4975181200818
39.2490719480403 31.5415016465701 30.101253507834 37.686818969259 38.0747143561696 30.9292365874256 29.1004254101063 37.518830686636 41.5863012076494 31.5078109373874 19.0263484849233 11.8586247348196 12.0366064213117 14.2274732680961 11.9841878410376 19.3762919949742 27.8213951247316 34.8396729836186 42.7726769626582 41.2461720023244 42.6414462016483 48.6411315397784 57.5308186647482 67.8966591934795 75.4158320887799 70.7957472591619 65.3749777538048 61.6865594371223 55.2933468504298 45.8370333625306 35.1628831866388 25.9473623280249 26.597929212634 27.9476946643001 38.6914992656141 49.4894526501424 50.5033653048137 50.313489600263 53.9803712031604 55.3503702766064 48.7896462483479 45.2873534133692 44.1667686364333 45.9503269604517 40.9180938756082 39.0926893755922
52.5312774149746 45.8258882598344 44.5906033491817 40.5153246043391 27.4815722935312 15.8518555712158 15.2503252031161 28.4344412571379 38.3647308063016 29.6222749926657 15.3341589858455 9.38451028544268 21.8245254993355 17.4678267585957 9.21224639649713 12.0155741529941 15.0885957975568 28.7432822458821 32.8662435416988 26.8876363359524 28.8535962472812 37.6786885642892 49.0538492189327 61.2703799615748 67.5452528881616 65.1454113538016 65.0443171686548 66.5720991910024 59.6453357210907 49.4346292574369 39.0958343763551 29.8347456335492 26.000155000491 25.71054164617 35.1239390243287 41.3695770843573 36.4778806134657 36.3369815111652 41.7311625858275 50.7040539854119 58.4785200934576 59.3171544402898 58.3279876515958 58.6477551795022 54.6484657520737 53.5308473321556
64.934289611127 60.5196565424139 53.5024451472051 41.1812984260849 27.2481447772818 15.3809478954967 14.4545096991154 28.625721114001 40.6745999734785 33.9509175316592 25.7949978995294 23.736967678816 29.6712876615062 29.842898798729 23.3190851549629 15.9163002310505 16.3832646945537 28.9199442086632 25.1325133356739 14.6741341038018 17.0599444518338 29.9891982181504 43.1071734496272 54.570912188838 55.2319472070873 51.5094511266896 51.4842205527784 55.2907003474926 53.0353355018169 40.7928832860253 29.7376729615906 20.994627779516 10.517959442946 14.2199441514756 28.1116830041489 39.5083020273204 30.0608471242762 30.9492284633906 30.3316122416792 42.4386056779481 56.5246866999294 67.973031598456 71.3434655752449 71.4793155336041 68.0237140893502 65.4439799923125
76.2571200646841 70.9085541644572 58.8549578955973 47.4881009416688 38.1165977417145 28.5094907901923 27.2961547880479 36.3518131635506 35.9319680610639 28.836731327143 29.330431527136 34.0794855323999 41.4865844668185 43.1971383629676 35.1025830109664 28.8686456984982 29.1746577462522 26.2308383352109 14.8225298974341 10.4215773735099 15.6672317729991 25.4450086509185 35.0425954604755 46.2476373179016 42.7412034349283 37.4825750419207 37.4294691518539 42.8512584958284 47.382582696483 35.3898850149133 21.3017646030747 10.9076789320002 8.221481595614 15.5616786939882 28.1962358881825 25.6921015655987 11.7493399945634 10.2866679185437 23.8333577569436 38.4343557216474 52.9156063974915 65.8134407721979 77.7111448619473 77.7956489456862 71.6556065247881 61.4935770966129
88.7923374859167 78.7035459438622 67.7766804086873 57.2551548996099 47.5775449604164 41.7414648289055 41.513855829371 36.7798232618156 24.0637492339916 13.6377681717197 15.2469312579988 24.5999833356635 36.4771374914887 48.69673338381 47.9021146018819 41.8398325953631 33.769768045612 20.2074856693639 10.1017663439814 8.6589045753239 9.04935279054968 16.763310466126 29.6784724188405 39.6192393208891 31.494040814071 23.2137269630556 23.0022679324827 31.7265179826547 42.594214533316 36.1708119110296 23.8858529868617 12.2324285500926 16.8968906263399 27.0923806619931 35.3542266773929 28.2451119780819 16.7968685428617 15.9355406751799 26.6419709771772 40.0547461716335 53.5861475906722 66.6836388067857 74.1766828359859 68.3866296288278 62.5145774659098 53.5774337407591
96.1928321895739 84.3813701554971 74.9081890963352 66.9097380300833 59.6210203337036 55.1992392613585 48.3817284466696 34.3863816105721 19.5772571514974 7.6383613252101 9.19729394934934 20.4972235775695 34.9252559390227 49.0809807199186 56.2583777097914 50.3245832142921 36.2978144667536 21.5859780032137 8.08279375596223 9.95479579357261 9.05541387299396 14.4546878747832 24.3072064737091 34.7795996564511 24.7214373732867 11.2326186400114 11.2224855568095 25.0334144035102 39.3897377687937 42.8582625396581 32.7740262935056 26.7036888729963 29.0361673472859 35.2821973362666 38.1800818316488 36.2879457418636 30.3701967004716 29.9359044712564 36.5036461523134 46.7157141989829 58.4168172977741 69.636030344976 66.5797489048253 56.9296889005691 49.2914207288895 43.798060720837
99.4995674161417 90.9151175164562 83.4262680309131 77.2290251627882 71.7951642102583 63.8366633356945 50.7821110156916 38.2392000709707 26.5543558819242 19.6519204642371 22.0209596129718 28.4101951837675 40.0486978084908 50.3535887633834 47.4764762193533 43.5349794044392 37.8724873401986 25.8034489406657 14.4148583667388 14.2213854840076 14.9713890803973 10.922514863073 22.6457077609325 34.349950620603 24.7527886715637 10.5364474515341 11.5562431839444 25.5001520135604 39.9359174573768 50.2691343923388 45.0003411651089 40.3271077847397 34.0526398046852 25.9842091758838 24.5354639150765 31.5794239302869 40.3300808062966 44.3732375264846 49.0436418624965 56.6200335925881 65.9681143616867 69.708695194518 58.860625604027 46.9825321597348 36.6888670339252 30.1148879940227
95.0903537033843 87.2336424933606 81.2710701064112 77.7502312483531 76.3678204868945 72.445732052512 60.2252365344388 48.6776971979206 38.8543001981127 34.663806961166 36.7641692975351 41.283358706533 48.6612179742844 44.4880541310183 33.5518266142761 27.1218052352017 27.9448496583284 26.4156853790766 12.4800362577318 8.77824681400026 14.2913870836505 10.1070453946851 21.1644672635483 28.1503677961325 30.279760680332 22.6747971542286 23.4676866860439 32.2259919578681 44.1957553796604 49.4429138733302 47.5926670776375 41.3996148374011 27.5328016080801 14.0180250734028 10.9111192034559 23.1735298364197 36.92337805619 47.7843021607931 56.6337707469631 65.7753723319447 73.767318830733 67.062867750531 53.8998681084032 40.5111900212901 26.9011693044997 15.8375574891931
85.0628171567736 74.9920475014121 69.5228458386831 63.2149379783017 63.1746350267302 63.2580747843627 63.8077374420084 58.788116552277 52.2750483460841 49.4799301688137 53.7032209614097 55.8307763116904 52.834572826634 41.0411871113873 27.098898346942 13.1254065333247 14.1030311940193 25.5020020608275 23.2047656717863 19.2017446467134 10.0684909669597 13.3533983634417 11.9406362722182 18.1665447592477 26.0868178194905 29.2037586248105 35.5181257145656 42.7888464668133 44.6888329263862 37.0170741950585 33.4593863670744 35.397908704805 28.0299906179987 15.0995387516858 12.2293293228896 20.9373653067707 27.9897877036405 37.8267399594964 50.1782033700995 62.898128881805 73.7042436539273 66.3169435143255 52.7254162679739 38.7596459263443 23.9326419392851 9.22598999885101
73.8173822176574 62.2106963796821 53.5311854595258 47.9565375918868 46.2465062742894 48.9782848616783 55.7710109884052 63.7893484472299 64.2024542313256 62.4087207828765 63.5769917040076 63.0045299491449 50.9582149297387 37.3073229701252 23.1303669155887 11.3062541308095 12.064608809178 26.4815672702531 36.9627933922382 28.2810165935961 18.1496300726484 15.1255894710415 10.913374880973 16.6086655610123 12.9294025103309 19.7564576743238 33.4935620564752 44.6770206404755 36.8498258287243 25.1744231201952 18.557717111742 23.8954810609555 32.1453466760563 27.2281758212685 18.9118254883787 9.94451666879662 17.3738318014353 31.1961534043168 45.8610459448615 59.8731828067363 71.5934935459713 66.8485864711468 53.4333101903012 39.548187537963 25.3773196798989 12.4251171990978
61.9645290769429 53.8757429225224 44.5936364335927 35.7406062595587 32.1107784456251 36.3511363745032 45.1124254981186 56.2377185070708 62.8450090768068 59.5245080186565 58.7374133956278 60.3789617502716 54.4402684515034 42.6736041342946 31.8223109810358 24.9228861106636 24.8985538979646 32.6593105903598 43.0483630142317 38.7941488954865 29.0563892063585 15.689649404588 13.4093422683544 19.5227318901627 9.19130084008078 17.7390518509038 32.4080812176753 44.7861753906058 34.6540723889394 18.1701597661108 7.43657333361056 16.6678520155735 31.2803454178941 33.8788703052038 20.3176291666711 10.8358746323647 18.096250862141 31.5255584517766 45.7995538418901 59.7453380780886 72.4543690089161 69.6429703525257 57.0932909695266 45.0059116188653 33.4383367386029 25.3237969533057
48.2776301487071 44.5732506193957 36.4279065490403 23.0564891240909 17.2539934835852 26.1182501129062 38.0080548902268 50.714164195484 51.23709909056 45.8065102844108 44.7697903582944 48.28056173127 54.3233795351448 51.6780081702792 43.9103410018305 39.9621501483982 39.5931950111333 44.3163790953075 51.8712153782889 49.4051523898268 38.2969286737583 27.5535659964808 27.375495089893 27.1141472179007 22.7877645308148 26.5314177539794 36.6973862866583 45.4528286522035 35.4686491902667 25.0440136642943 17.6212178458941 22.4071131348405 34.8233484055401 39.9280311565515 30.4151199051887 25.4229776726489 29.0372030897451 39.3195730323573 51.20595753253 62.9791035284004 72.7062205352165 70.3413954716241 61.3697890825432 49.9334377551644 39.4520316952637 31.8789995149708
35.7885632259692 30.8733778538897 28.9786551003527 16.3586857248434 8.45769702054492 21.3467217383202 35.1314913475381 47.712283555802 40.2315740820544 32.399547672458 30.5895592107687 35.9117379753736 45.409696447529 55.90462374154 56.4434272197777 54.3540384413377 54.7005169240676 59.315237964255 63.3723210947304 57.5919866797658 47.4555566679416 40.8082023640627 37.768817275049 34.6212909060052 29.628748203176 31.2799882207958 39.0599537123599 48.3045820627014 43.5184668071883 34.9487607936238 31.1680247643105 34.6046500072929 43.1114146673108 49.2865779592789 43.3196125330601 40.1930188182491 42.3388658210584 49.0231295445991 58.4305171177122 67.4005684463755 64.9237875568457 58.8685048313197 54.3718105851309 44.1904569992424 31.0473686303495 19.7079384418695
