0.833468 9.9991E-05 0.166432
0.852663 9.9991E-05 0.147237
0.718273 0.0126185 0.269108
0.931931 0.0449195 0.0231494
0.917815 0.0230912 0.0590935
0.93745 0.0461964 0.0163539
0.891383 0.0395939 0.0690228
0.964496 9.9991E-05 0.0354041
0.668571 0.0846446 0.246784
0.710861 0.0256468 0.263492
0.628449 0.262342 0.109209
0.630994 0.106071 0.262936
0.614733 0.338659 0.0466081
0.663614 0.109468 0.226917
0.653804 0.0469807 0.299215
0.878562 0.000802362 0.120636
0.749474 0.0034788 0.247047
0.874936 9.9991E-05 0.124964
0.165772 0.197617 0.636611
0.288889 0.0217465 0.689365
0.250423 0.00841361 0.741163
0.00226281 0.0474319 0.950305
9.999E-05 9.999E-05 0.9998
0.115262 0.00752859 0.877209
0.307657 9.9991E-05 0.692243
0.0593294 9.9991E-05 0.940571
9.9991E-05 0.0365702 0.96333
9.9991E-05 0.0269943 0.972906
9.9991E-05 0.0123868 0.987513
0.0453655 0.0817204 0.872914
9.9991E-05 0.0217528 0.978147
0.0807778 9.9991E-05 0.919122
0.0404837 0.0119614 0.947555
0.71147 0.0620762 0.226454
0.64018 0.0134357 0.346384
0.769185 0.0880328 0.142782
0.878771 0.0385552 0.0826734
0.698429 0.133797 0.167773
9.9991E-05 0.362412 0.637488
0.0734947 0.0740068 0.852499
0.643191 0.0906224 0.266186
0.810898 9.9991E-05 0.189002
0.451341 0.200125 0.348534
0.525861 0.327681 0.146458
0.655421 0.28116 0.0634196
9.9991E-05 0.397259 0.602641
0.590015 0.101949 0.308036
0.618594 0.226523 0.154883
0.440829 0.122022 0.437149
0.0980902 0.862889 0.0390206
0.0331617 0.92534 0.0414979
0.0822116 0.849065 0.0687237
0.112095 0.842256 0.045649
9.9991E-05 0.891643 0.108257
9.9991E-05 0.928 0.0719003
0.237831 0.762069 9.9991E-05
0.020948 0.889756 0.0892955
9.9991E-05 0.933033 0.0668673
0.128308 0.871592 9.9991E-05
0.264997 0.734903 9.9991E-05
9.9991E-05 0.901564 0.0983357
0.0786882 0.825832 0.0954803
0.361734 0.592084 0.0461814
0.116225 0.041582 0.842193
0.153221 9.9991E-05 0.846679
0.0931308 9.9991E-05 0.906769
0.128153 0.819932 0.0519157
0.25727 0.718892 0.0238381
0.11948 0.827582 0.0529376
0.0629702 0.857905 0.0791246
0.0376677 0.897199 0.0651337
0.665127 0.334773 9.9991E-05
0.652816 0.323296 0.0238881
0.613627 0.386273 9.9991E-05
0.622931 0.361334 0.0157353
0.523069 0.303709 0.173222
0.569584 0.352031 0.0783852
0.533169 0.315721 0.151111
0.218896 0.781004 9.9991E-05
0.301712 0.634002 0.0642861
0.0634779 0.860384 0.0761377
9.9991E-05 0.845177 0.154723
0.195033 0.804867 9.9991E-05
0.215857 0.066264 0.717879
0.402647 0.480733 0.11662
0.565008 0.434892 9.9991E-05
9.9991E-05 0.402022 0.597878
0.841801 9.9991E-05 0.158099
0.78689 9.9991E-05 0.21301
0.738268 0.0254125 0.236319
0.502922 0.153119 0.343959
0.816249 0.0434619 0.140289
0.500054 0.456862 0.0430843
0.314322 0.0665799 0.619098
0.487197 0.45069 0.0621129
0.470812 0.191585 0.337603
0.800531 9.9991E-05 0.199369
0.919548 0.0291594 0.0512922
0.820319 9.9991E-05 0.179581
0.821688 0.0937857 0.0845265
0.947817 0.0232276 0.0289558
0.897426 9.9991E-05 0.102474
0.446521 0.447505 0.105973
0.547662 0.388215 0.0641229
0.47328 0.471279 0.055441
0.625081 0.106389 0.26853
0.624151 0.218297 0.157552
0.495427 0.0321821 0.472391
0.108318 0.830605 0.0610773
0.0514646 0.846661 0.101874
0.451715 0.363161 0.185124
0.513981 0.336673 0.149346
0.392869 0.313887 0.293243
0.232321 0.00350555 0.764173
0.0615538 0.814335 0.124111
0.189649 0.810251 9.9991E-05
0.332279 0.667621 9.9991E-05
0.402007 0.0488015 0.549191
0.730942 0.0429862 0.226072
0.909708 0.0277942 0.0624982
0.802954 0.0660307 0.131016
0.548635 9.9991E-05 0.451265
0.727164 9.9991E-05 0.272736
0.871136 9.9991E-05 0.128764
0.97546 0.0217218 0.00281864
0.523424 0.0210154 0.45556
0.812683 9.9991E-05 0.187217
0.765492 9.9991E-05 0.234408
0.871846 9.9991E-05 0.128054
0.6353 0.0995553 0.265145
0.825876 0.0573575 0.116767
0.634489 0.0559999 0.309511
0.862724 0.0246443 0.112631
0.110455 0.00431736 0.885227
0.0325868 9.9991E-05 0.967313
0.00629767 9.9991E-05 0.993602
0.0977967 0.0818401 0.820363
0.101536 0.0830314 0.815432
0.870521 0.129379 9.9991E-05
0.761059 9.9991E-05 0.238841
9.999E-05 0.9998 9.999E-05
0.00140588 0.901622 0.0969724
0.0141211 0.95808 0.0277987
0.233183 0.754725 0.0120922
0.0495227 0.950377 9.9991E-05
9.9991E-05 0.868954 0.130946
0.0183854 0.981515 9.9991E-05
9.9991E-05 0.937349 0.0625507
9.9991E-05 0.925249 0.0746508
9.9991E-05 0.922998 0.0769024
0.0713357 0.923621 0.0050431
0.0731072 0.820307 0.106586
0.031692 0.828165 0.140143
9.9991E-05 0.916365 0.0835351
0.0403896 0.95951 9.9991E-05
0.0224781 0.977422 9.9991E-05
0.0216696 0.926053 0.052277
0.602724 0.397176 9.9991E-05
0.75332 0.24658 9.9991E-05
0.050908 0.948992 9.9991E-05
0.219473 0.750167 0.0303598
9.9991E-05 0.942843 0.0570566
0.626823 0.373077 9.9991E-05
0.929614 9.9991E-05 0.0702863
0.746431 9.9991E-05 0.253469
0.4837 0.0428702 0.47343
0.321597 0.0209793 0.657424
0.174292 0.000380923 0.825327
0.0385254 0.0315925 0.929882
0.21627 9.9991E-05 0.78363
0.173744 9.9991E-05 0.826156
0.0966943 0.0996456 0.80366
9.9991E-05 0.0457374 0.954163
0.762845 0.0298379 0.207317
0.836887 0.104635 0.0584777
0.932615 0.0383898 0.0289949
0.940522 0.0593779 9.9991E-05
0.996424 0.003476 9.9991E-05
0.890862 0.0882611 0.0208772
0.695368 0.0150929 0.289539
0.68364 0.108306 0.208054
0.811261 0.0247193 0.164019
0.777085 0.0640804 0.158834
0.797922 0.049193 0.152885
9.9991E-05 0.154806 0.845094
0.11717 0.862386 0.0204438
0.00764816 0.876824 0.115527
9.9991E-05 0.975416 0.0244839
0.166061 0.833839 9.9991E-05
0.0202612 0.864796 0.114943
0.550044 0.131952 0.318004
0.641137 0.0120642 0.346799
0.787318 9.9991E-05 0.212582
0.658038 0.0405983 0.301363
