0.718511 0.0249584 9.9973E-05 0.119004 9.9973E-05 9.9973E-05 0.137228
0.487106 0.0208253 0.023073 0.0455607 0.369505 9.9991E-05 0.0538299
0.703418 0.0342501 9.9973E-05 0.172499 9.9973E-05 9.9973E-05 0.0895338
0.742899 0.027214 9.9964E-05 9.9964E-05 9.9964E-05 9.9964E-05 0.229487
0.780369 9.9973E-05 0.0727972 9.9973E-05 0.125629 0.0209045 9.9973E-05
0.592822 9.9982E-05 0.0251385 9.9982E-05 0.334708 0.0444488 0.00268293
0.501903 9.9982E-05 0.0850554 0.0349818 0.265991 9.9982E-05 0.111868
0.645896 0.0225432 9.9973E-05 9.9973E-05 0.135766 9.9973E-05 0.195495
0.0403969 0.0123108 0.0382075 0.0717908 0.762242 0.0749524 9.9991E-05
0.201198 0.0164795 9.9991E-05 0.107688 0.437792 0.0382049 0.198538
0.0840716 0.0673837 0.0321392 0.0436807 0.29177 0.0227277 0.458227
0.14551 0.00275261 0.0430295 0.154101 0.423933 9.9991E-05 0.230575
9.999E-05 0.0365769 0.0170427 0.00657597 0.183258 0.0732135 0.683233
9.9973E-05 9.9973E-05 9.9973E-05 0.112783 0.634145 0.10712 0.145653
0.353885 0.0368726 0.0681743 0.0145909 0.503369 0.0230083 9.9991E-05
0.0860638 9.9982E-05 0.021717 0.0544948 0.700875 9.9982E-05 0.13665
0.215019 9.9973E-05 0.0667787 0.118311 0.599591 9.9973E-05 9.9973E-05
0.350247 9.9973E-05 0.00530095 0.0224889 0.621663 9.9973E-05 9.9973E-05
9.999E-05 0.0446674 0.0808639 0.472523 0.196563 0.118732 0.0865499
9.9973E-05 9.9973E-05 0.00626344 0.545882 0.334174 9.9973E-05 0.113381
0.206477 0.00539314 9.9982E-05 0.681179 0.0579817 0.0487689 9.9982E-05
0.0529881 0.0072761 9.9982E-05 0.776317 9.9982E-05 0.0494747 0.113744
9.9973E-05 0.0355 0.0407492 0.860932 9.9973E-05 9.9973E-05 0.0625187
0.0398377 0.03818 0.0143689 0.736348 0.136198 0.0349666 9.9991E-05
0.177539 9.9982E-05 0.0332222 0.616422 0.0778958 9.9982E-05 0.0947215
0.0991428 0.00929543 0.0142156 0.843003 9.9982E-05 9.9982E-05 0.0341429
9.9973E-05 0.0262552 0.0143416 0.868648 9.9973E-05 0.0904549 9.9973E-05
9.9973E-05 0.010694 0.138991 0.748757 0.101258 9.9973E-05 9.9973E-05
0.0798991 9.9973E-05 0.00839041 0.866597 9.9973E-05 0.0448136 9.9973E-05
0.0659331 9.9964E-05 0.154596 0.779071 9.9964E-05 9.9964E-05 9.9964E-05
9.9964E-05 9.9964E-05 0.0796813 0.8189 0.101019 9.9964E-05 9.9964E-05
9.9973E-05 0.0193627 9.9973E-05 0.755557 0.15135 0.0734307 9.9973E-05
0.093728 0.0414126 0.0654977 0.753661 0.0455007 9.9982E-05 9.9982E-05
0.229635 0.0633765 9.9991E-05 0.154054 0.28749 0.00343069 0.261913
0.524801 9.9973E-05 9.9973E-05 0.235415 0.187419 0.0520649 9.9973E-05
0.630778 0.000164639 0.00745222 0.0894351 0.108887 0.116779 0.0465044
0.689023 0.0507425 0.0181544 0.032834 9.9982E-05 9.9982E-05 0.209046
0.382143 0.00354356 0.0984518 0.129987 0.212233 0.0219324 0.151709
9.995E-05 0.9994 9.995E-05 9.995E-05 9.995E-05 9.995E-05 9.995E-05
9.9964E-05 0.0383396 9.9964E-05 0.769757 9.9964E-05 9.9964E-05 0.191504
0.565429 9.9982E-05 0.0729012 0.176689 0.140489 0.0442921 9.9982E-05
0.366268 9.9973E-05 9.9973E-05 0.111516 0.321382 9.9973E-05 0.200533
0.0436832 0.0112067 0.101845 0.271732 0.275424 0.106388 0.189721
9.999E-05 0.0625126 0.0660994 0.10065 0.0920959 0.0495295 0.629012
0.0894985 0.00965783 0.0559942 0.00099265 9.9982E-05 9.9982E-05 0.843657
9.995E-05 0.9994 9.995E-05 9.995E-05 9.995E-05 9.995E-05 9.995E-05
0.235102 0.0832005 9.9991E-05 0.136133 0.268417 0.0639753 0.213071
0.195202 9.9982E-05 0.229376 0.104621 0.253018 9.9982E-05 0.217584
0.096445 0.0307153 9.9991E-05 0.276009 0.38385 0.134114 0.0787671
9.9991E-05 0.0244189 0.596601 0.000133328 0.0942047 0.266223 0.018319
9.9982E-05 0.020723 0.418124 9.9982E-05 0.0381292 0.453303 0.0695208
0.13206 9.9973E-05 0.392075 9.9973E-05 0.0312335 0.444331 9.9973E-05
9.9982E-05 0.0355592 0.246652 9.9982E-05 0.0282211 0.492001 0.197367
9.9982E-05 0.0473718 0.218978 0.026649 0.0608317 0.64597 9.9982E-05
9.9973E-05 9.9973E-05 0.539049 0.0377248 0.0663597 0.356567 9.9973E-05
9.9964E-05 9.9964E-05 0.0745017 9.9964E-05 0.258706 0.666392 9.9964E-05
9.9973E-05 0.00908758 0.74223 9.9973E-05 0.116002 0.132381 9.9973E-05
9.995E-05 9.995E-05 0.9994 9.995E-05 9.995E-05 9.995E-05 9.995E-05
9.9982E-05 0.024262 0.0298642 9.9982E-05 0.0780125 0.804032 0.0636294
0.116511 0.0314601 0.270906 9.9982E-05 9.9982E-05 0.383464 0.197459
9.995E-05 9.995E-05 0.9994 9.995E-05 9.995E-05 9.995E-05 9.995E-05
0.0206856 9.9991E-05 0.189755 0.110658 0.00350745 0.524323 0.15097
9.9991E-05 0.0820777 0.150794 0.0090415 0.0643933 0.211068 0.482526
0.0806076 0.0187651 9.9982E-05 0.712535 0.101511 0.0863813 9.9982E-05
0.203098 0.04828 9.9982E-05 0.689786 9.9982E-05 0.0377992 0.0208367
0.0668667 0.0282726 0.0250643 0.788818 0.0907784 9.9982E-05 9.9982E-05
9.9973E-05 9.9973E-05 0.110452 9.9973E-05 0.0690125 0.633955 0.18628
9.9982E-05 0.0540223 0.134889 9.9982E-05 0.00813091 0.397114 0.405644
0.00242864 0.0117422 0.183522 0.0945195 9.99938E-05 0.613951 0.093736
9.9973E-05 0.0343062 0.204108 9.9973E-05 9.9973E-05 0.505425 0.25586
0.0197814 0.0499068 0.0993931 0.0546136 9.9982E-05 0.776105 9.9982E-05
0.0941954 0.0133568 0.187024 9.9982E-05 0.0917062 9.9982E-05 0.613518
9.9973E-05 9.9973E-05 0.0811063 9.9973E-05 0.378508 0.017661 0.522425
9.9964E-05 9.9964E-05 0.104939 9.9964E-05 0.0785267 9.9964E-05 0.816134
9.9955E-05 0.0177221 9.9955E-05 9.9955E-05 9.9955E-05 9.9955E-05 0.981778
9.9973E-05 0.0500983 9.9973E-05 0.0737073 0.054819 9.9973E-05 0.821075
9.9964E-05 0.0222078 0.0974832 9.9964E-05 9.9964E-05 9.9964E-05 0.879909
0.196162 0.0174305 0.039828 0.0745809 9.9982E-05 9.9982E-05 0.671799
9.9973E-05 9.9973E-05 0.30519 9.9973E-05 0.137466 0.344512 0.212532
0.0332092 0.122347 0.0733111 0.007179 0.0758096 0.422253 0.26589
0.0472887 0.00519869 0.271566 0.0717197 9.9991E-05 0.530568 0.0735588
9.9982E-05 0.040706 0.259096 0.062469 9.9982E-05 0.536075 0.101454
9.9973E-05 0.0221939 9.9973E-05 9.9973E-05 0.178137 0.737129 0.0622399
9.9982E-05 0.0139995 9.9982E-05 0.603548 0.204539 0.0411101 0.136604
0.00635081 9.9991E-05 0.164563 0.165604 0.00612895 0.153034 0.504219
0.0147099 9.9964E-05 9.9964E-05 9.9964E-05 9.9964E-05 0.10098 0.883911
9.995E-05 0.9994 9.995E-05 9.995E-05 9.995E-05 9.995E-05 9.995E-05
0.55134 9.9973E-05 9.9973E-05 0.1431 0.164729 9.9973E-05 0.14053
0.624869 0.0437031 0.0452355 0.060282 0.22571 9.9982E-05 9.9982E-05
0.153532 0.0462203 0.12352 0.0774644 0.588598 9.9991E-05 0.0105657
9.9991E-05 0.0465289 0.0767997 0.151571 0.578 0.0490296 0.0979705
0.550112 9.9973E-05 9.9973E-05 0.0610783 0.280655 0.107855 9.9973E-05
9.9964E-05 9.9964E-05 0.23485 0.0198157 9.9964E-05 9.9964E-05 0.744934
0.182218 0.053251 0.0543218 0.506916 0.102358 0.0300048 0.0709303
0.0779929 0.0847766 9.9973E-05 9.9973E-05 9.9973E-05 0.175976 0.660955
0.216623 0.0328758 9.9991E-05 0.245028 0.115609 0.0677201 0.322044
0.194508 9.9973E-05 0.03388 0.076907 0.694405 9.9973E-05 9.9973E-05
0.627078 9.9982E-05 9.9982E-05 0.0759617 0.0881068 0.00833837 0.200315
0.323077 9.9973E-05 9.9973E-05 0.09583 0.297668 9.9973E-05 0.283125
9.9982E-05 0.00606921 0.0339535 9.9982E-05 0.844787 0.052175 0.062815
0.722935 0.0259855 9.9973E-05 0.000263131 9.9973E-05 9.9973E-05 0.250516
0.0042388 9.9964E-05 9.9964E-05 9.9964E-05 0.82104 9.9964E-05 0.174321
0.130838 0.0277094 0.0540068 0.0416042 9.9991E-05 0.201722 0.54402
0.00211243 0.0712419 0.0872767 0.0501871 0.00728514 0.0334726 0.748424
0.132523 0.0945569 0.0146729 9.9991E-05 0.00212799 0.18252 0.5735
0.0759658 0.00558222 9.9991E-05 0.168666 0.253464 0.00184745 0.494375
0.0258577 9.9991E-05 0.0645059 0.129097 0.299162 0.0517806 0.429497
0.216661 9.9991E-05 0.00113106 0.40815 0.292486 0.0758648 0.00560644
0.149928 0.0178856 0.215045 9.9973E-05 9.9973E-05 0.616842 9.9973E-05
9.9991E-05 0.0265074 0.126497 0.0316336 0.0381885 0.651468 0.125606
0.125576 9.9982E-05 0.171809 0.181909 9.9982E-05 0.0387672 0.481739
9.9982E-05 0.012562 0.330886 0.0325687 0.369018 9.9982E-05 0.254765
0.214015 0.0643261 0.218518 0.178731 9.9982E-05 9.9982E-05 0.324211
9.9955E-05 9.9955E-05 9.9955E-05 0.698704 9.9955E-05 9.9955E-05 0.300796
9.9973E-05 0.0537677 9.9973E-05 0.0403969 9.9973E-05 0.647012 0.258524
9.9973E-05 9.9973E-05 0.351455 9.9973E-05 0.109573 0.428661 0.110011
0.121941 9.9973E-05 0.158622 9.9973E-05 9.9973E-05 0.391937 0.327199
0.28387 0.0666141 9.9991E-05 0.373904 0.131216 0.0626896 0.0816061
0.535054 9.9973E-05 9.9973E-05 0.219 0.176713 0.0689327 9.9973E-05
0.746546 0.0294725 0.070516 0.000748521 0.023945 0.0251249 0.103648
0.820988 9.9982E-05 0.0788628 0.0172867 0.03752 0.0451427 9.9982E-05
0.339282 9.9973E-05 9.9973E-05 0.337472 0.299958 0.0229885 9.9973E-05
0.572171 0.00699729 0.048727 0.128003 0.231144 0.00605457 0.00690301
0.840907 9.9973E-05 0.0189475 0.0983714 9.9973E-05 9.9973E-05 0.0414746
0.733118 9.9964E-05 0.135962 9.9964E-05 0.13052 9.9964E-05 9.9964E-05
0.396187 9.9982E-05 9.9982E-05 0.309017 0.158653 0.0394831 0.0964596
0.00881299 9.9982E-05 9.9982E-05 0.03419 0.861154 0.0129047 0.0827381
0.00278412 0.0113782 0.0546865 0.0566602 0.874291 9.9982E-05 9.9982E-05
9.9973E-05 0.0159716 0.0472597 9.9973E-05 0.893556 9.9973E-05 0.0429123
0.341185 0.000961831 0.070094 0.202553 0.285952 0.0794169 0.0198375
9.9982E-05 0.019598 0.0244986 9.9982E-05 0.881623 0.0665328 0.00754787
9.9973E-05 9.9973E-05 0.0834817 0.100104 0.693624 9.9973E-05 0.122491
0.661908 0.0225847 0.101362 0.00547209 0.208473 9.9982E-05 9.9982E-05
9.99551E-05 9.99551E-05 9.99551E-05 0.819548 9.99551E-05 9.99551E-05 0.179952
0.112032 9.9973E-05 0.0223551 0.807686 9.9973E-05 9.9973E-05 0.0576267
9.9964E-05 0.0342945 9.9964E-05 0.826069 0.139237 9.9964E-05 9.9964E-05
0.0239111 9.9982E-05 0.0367562 0.709971 0.146035 0.083126 9.9982E-05
0.131912 9.9973E-05 0.0455211 0.727287 9.9973E-05 9.9973E-05 0.0949795
0.566135 0.0162785 0.0968383 9.9982E-05 0.133231 9.9982E-05 0.187317
0.759944 0.047466 9.9973E-05 0.104404 9.9973E-05 9.9973E-05 0.0878858
0.00214997 9.9973E-05 0.641266 9.9973E-05 9.9973E-05 0.34572 0.0105647
9.9982E-05 0.0120824 9.9982E-05 0.069812 0.0440786 0.858237 0.0155896
0.0546493 0.00449567 0.0045011 0.0528897 9.9982E-05 0.883264 9.9982E-05
0.00909891 9.9973E-05 9.9973E-05 0.0461029 9.9973E-05 0.680834 0.263664
0.00574113 0.0131697 0.25591 0.00240788 9.9991E-05 0.702156 0.0205154
9.9982E-05 9.9982E-05 0.250964 0.103804 0.0378853 0.579903 0.0272441
0.0512632 9.9955E-05 9.9955E-05 9.9955E-05 9.9955E-05 0.948237 9.9955E-05
0.0125674 0.0192004 0.435661 0.06596 9.9991E-05 0.420278 0.0462334
0.0594881 9.9982E-05 0.22632 0.0151978 0.0271384 0.671656 9.9982E-05
0.00482739 0.00612397 0.305919 0.0697372 9.9991E-05 0.55547 0.0578223
0.00679509 0.0269592 0.0870985 9.9991E-05 0.00884487 0.720828 0.149375
9.9973E-05 0.0202272 0.114164 9.9973E-05 0.135726 0.729582 9.9973E-05
0.0383596 0.031037 0.195847 0.0547824 0.0144208 0.665454 9.9991E-05
0.00867858 9.9973E-05 0.276388 0.0626235 9.9973E-05 0.65201 9.9973E-05
9.9973E-05 9.9973E-05 0.137257 0.0191365 9.9973E-05 0.696522 0.146784
0.0548966 0.02206 0.013225 9.9973E-05 9.9973E-05 0.909518 9.9973E-05
9.9964E-05 9.9964E-05 0.102165 0.065287 9.9964E-05 0.832148 9.9964E-05
0.0711728 9.9973E-05 9.9973E-05 0.00995191 9.9973E-05 0.189799 0.728776
9.9964E-05 9.9964E-05 9.9964E-05 9.9964E-05 0.202072 0.0123035 0.785224
0.0314784 9.9973E-05 0.015644 9.9973E-05 9.9973E-05 0.858867 0.0937103
0.238464 0.0064054 0.353312 0.00358048 9.9982E-05 0.398038 9.9982E-05
9.995E-05 9.995E-05 0.9994 9.995E-05 9.995E-05 9.995E-05 9.995E-05
0.0979342 9.9973E-05 0.230936 9.9973E-05 0.144166 9.9973E-05 0.526664
0.87181 0.0103873 9.9973E-05 9.9973E-05 9.9973E-05 0.0414317 0.0760712
0.504222 0.0390763 9.9982E-05 0.169501 0.257073 0.0299281 9.9982E-05
0.42088 9.9973E-05 0.125199 0.379728 9.9973E-05 9.9973E-05 0.0738918
0.121129 9.9973E-05 9.9973E-05 0.588423 0.143606 9.9973E-05 0.146541
9.9973E-05 0.00559879 9.9973E-05 0.758221 0.107515 9.9973E-05 0.128365
9.9964E-05 9.9964E-05 0.106367 0.762334 0.130899 9.9964E-05 9.9964E-05
0.1486 0.00374753 0.0237701 0.724307 0.0978702 0.00160536 9.9991E-05
9.9982E-05 0.0252279 0.0494907 0.611853 0.245329 9.9982E-05 0.0678997
9.9982E-05 0.0318893 0.114726 0.654784 0.0884192 9.9982E-05 0.109982
9.9973E-05 0.0266892 9.9973E-05 0.736941 0.113587 0.122482 9.9973E-05
0.775501 0.0034512 0.0196938 0.106264 0.0545843 0.0270661 0.0134399
0.736154 0.0568872 0.0967914 0.0148632 0.0184826 0.0477858 0.0290358
0.767643 0.0437914 0.0985478 9.9973E-05 9.9973E-05 9.9973E-05 0.0897183
0.759001 9.99641E-05 9.99641E-05 9.99641E-05 9.99641E-05 0.0188112 0.221788
0.832444 0.0163805 0.0126701 9.9982E-05 0.0310353 9.9982E-05 0.107271
0.665428 9.9982E-05 0.00206642 9.9982E-05 0.011561 0.0536867 0.267058
0.0745896 0.0124142 0.0787059 0.125211 0.669861 9.9991E-05 0.0391183
9.9991E-05 0.0139287 0.0949676 0.0860988 0.74004 0.00710577 0.0577595
9.9973E-05 0.0293616 9.9973E-05 9.9973E-05 0.887903 0.0542865 0.028149
0.0582468 9.9991E-05 0.0287423 0.068841 0.73727 0.045713 0.0610867
0.0302832 0.00654075 9.9982E-05 9.9982E-05 0.860858 0.091974 0.0101442
9.9973E-05 0.119821 9.9973E-05 0.553622 0.194662 0.131595 9.9973E-05
9.9982E-05 0.0181309 0.709177 9.9982E-05 0.0401601 0.13955 0.0927826
9.9982E-05 0.0405888 0.361324 0.0695875 9.9982E-05 0.452057 0.0762428
9.9964E-05 9.9964E-05 9.9964E-05 0.0197554 9.9964E-05 0.901156 0.0786891
0.0862397 9.9982E-05 0.0795504 0.0454726 9.9982E-05 0.702071 0.0864664
0.0879656 0.00696889 0.0213302 0.0905046 9.9982E-05 0.793031 9.9982E-05
0.091478 9.9991E-05 0.105302 0.202748 0.42279 0.0524718 0.125109
0.287161 0.0150531 9.9991E-05 0.146599 0.433012 0.0462269 0.0718471
0.0555816 0.0400248 0.0280689 0.0284914 0.847633 9.9982E-05 9.9982E-05
0.218214 0.0413055 9.9991E-05 0.238779 0.395228 0.0086479 0.0977259
