IBR/IBR_outputs/all.combrep_1/FireFreq_2000_2008_Total.WeatheringIndex_Total/FireFreq_2000_2008_Total.WeatheringIndex_Total.asc
NCOLS 160 
NROWS 95 
XLLCORNER 210004.651214014 
YLLCORNER 7350008.22228844 
CELLSIZE 4999.99999999997 
NODATA_value -9999 
[rows 63 to 83 of 95, columns 46 to 91 of 160]
85.8334134103969 87.4572173195983 70.2071096715191 88.9012811205804 105.273813142559 105.80016822907 84.1664920559388 103.656077517071 86.7780001099773 95.8237978841538 101.171700825452 98.1441930174887 93.3132988906573 111.042466402944 105.459073479674 104.513042169781 108.996035027948 109.910265924152 109.110877382247 107.36196125513 99.4156084514338 109.35147511227 144.756498919663 99.3337979420195 104.128289391193 109.065940672052 106.674625927016 107.017991718232 91.9872585058379 108.085518848319 105.958520139574 108.174519606017 108.78964831235 100.906235500951 97.0702592317389 88.4741269884664 81.5986711071218 74.042568634773 95.7694181973705 103.66014743288 98.2672595695533 101.498782388978 105.922558595043 104.43418408827 107.797830478029 107.730195545735
97.2044087574364 96.788442747997 89.0390453890179 83.3994546933358 84.6697104841628 88.132835797644 86.6214572904695 83.4008125908228 56.8513581959673 107.36338231428 117.276452730767 110.819267662608 103.929172919662 108.678280533665 105.200199283496 110.660199587489 110.868094242713 109.745320518032 99.6938393717585 100.026007547209 107.691092238073 129.134994406535 167.069975027314 109.472380311813 104.058052309786 104.831605200513 104.951551079919 104.502634973822 102.130211505956 103.224824645536 99.656670992731 105.764058193884 109.301669764134 108.680801154435 106.275653299928 103.437549871822 108.152055469981 106.454338936562 103.839930051853 99.3689241616019 107.371633333335 105.975786638776 106.799578085076 106.925828617156 108.317649208175 99.728071618291
100.970850495904 99.7327314852944 104.027339832322 105.603389658038 85.6866669675067 90.4598596918732 88.605623520936 91.3795606186173 78.7815679018767 106.677441306299 119.282284415411 98.7644762900316 92.6631245359165 108.585404759291 100.94760151056 107.361259370176 107.511144695517 108.237047716628 108.734668091123 109.400565044439 110.03923859799 111.105299552271 110.884996633828 102.009099877977 105.492736299365 103.229872948203 94.613016462131 95.5781492751921 98.6525295708186 101.80257204548 97.5568338674496 88.5145474640486 103.524946263055 106.44587132359 106.823073324617 105.769662964318 107.752451997143 106.273514561646 106.817147548496 107.94165400175 108.608737989497 108.202603609666 105.512149516097 105.147356868829 108.800612312386 98.4187666412431
91.9336995852593 106.751738376373 102.134492710734 101.865192114181 102.83360321866 103.697142839056 78.8494446061949 127.265841377928 95.7703126770658 115.639495072894 19.2431521044529 103.293176064622 85.3097361555483 100.947176908023 100.563499103855 102.155536778414 102.838168993172 102.824674176113 103.288960201327 104.151122249497 132.151108622319 106.428994461731 103.902975693089 105.449885944771 105.937342422691 102.967085922017 98.7302412715678 99.5771569111004 90.2875739561218 87.5777049683194 86.6122268297232 49.0783136948768 88.3243484254726 95.2967380523935 103.533426854696 103.307026090276 107.593117759422 106.434920601124 107.390018098019 109.702384696729 109.462409364262 109.087474333009 106.672380190007 95.9057012318334 104.526465935274 102.757185985388
125.130942158545 124.948742044695 105.391340076547 101.613762393413 88.7995228968928 100.962859448672 90.6751140089727 120.654613806254 162.767359991409 179.691776555847 179.419578567536 118.530286958987 102.527961414558 101.614731114262 90.664636783659 73.083891923052 89.709471218002 96.6066047178526 103.30968554916 103.194225315347 101.632122113605 105.480917254732 109.391244401937 109.539673011594 110.130336375574 110.54194697955 107.134097124779 90.1719291940312 107.252436169681 96.3306628228505 90.5874744437081 80.2265729019567 59.5644665894648 87.4013059556112 83.2312263473328 94.8176850380124 105.940669455732 108.097029184562 107.8779835414 109.324301249261 107.558098638322 107.787855539009 97.2610614191039 83.8934366611039 99.8488197996059 97.1737216647166
197.440518460334 200.629027444095 124.924943648567 96.0463219850224 78.0594368499578 84.2673672491999 94.5210483832312 108.386226308489 78.9974832068226 125.54716909208 174.31439341238 113.815844705467 99.1354365118706 103.334961662932 98.2467530430119 91.8747581675414 99.7559783241656 100.408828094507 101.07461781346 93.5069575746887 105.707639188077 109.815666464041 109.577702233346 102.708272218877 101.903934395651 99.0011782555067 101.136902900339 122.677117381834 109.480008517272 103.145613519698 107.723979917103 106.475137774972 104.576269891595 104.517978341995 103.426543321249 99.7206630351319 104.760267610828 106.617196478875 103.541759915769 105.151137599938 108.231697598276 104.608045854255 95.5222671795369 93.8838655888077 100.156562469533 106.808427047695
197.18439864459 197.284293888861 147.499748753281 119.610860117871 98.9815165295146 109.645647243139 110.243048116005 88.9312345714622 86.7880100840558 100.861401278179 112.662316288122 185.201750314532 100.974921544879 105.058142760185 102.010315613302 98.3718998929142 103.819036088199 76.5463253479815 116.001404635367 121.766893552904 170.034131688189 138.271638849597 113.017375496454 104.687884691519 84.9593126084568 100.185955286004 100.853631727344 107.789496080513 109.064707078215 105.555773186576 100.624558881788 91.2082373003027 103.118218650843 104.849198347749 79.6588005819381 69.4298485433959 90.2822432900211 101.368949332704 102.737852195872 108.104810041347 105.764087610473 98.8931335781661 76.1519663348641 94.3231362611649 78.0811113698927 108.456422456801
198.196721012921 198.692273837318 200.538133179112 201.357039863601 199.718625681336 197.5874571926 163.258721037897 106.194368758111 97.7362946951567 189.036008685556 150.17638489048 153.696978129352 145.16361153108 181.614031000204 121.513975504063 96.8920998147059 95.2993924356102 124.027301156881 143.251300558977 133.1164756159 151.181284489971 144.587170419259 106.643964999258 108.758816112405 100.252319085622 67.6790951906777 101.294439569651 103.337771277867 107.567084260302 103.319356026831 93.1506651241558 84.0900529268085 83.013997692619 105.158657744282 82.1870928315083 54.9051372658649 79.7694446518558 88.8055450394719 102.304047251003 107.636883023687 104.266148628241 108.676946350467 108.087113342537 97.6030768987099 102.288683841321 103.995001907004
195.315023935893 190.268880078552 191.400379555523 196.232967207594 197.180439068103 198.682157658398 198.930358824914 198.590920676711 177.306979471915 190.784938731275 182.70947157259 102.231146947573 154.620679826671 128.245873937894 120.059337216416 88.278524078377 99.0646219833871 115.56623884549 112.821080870059 175.015890584916 199.785873924715 142.75666529925 111.212788938863 133.028414983578 104.955810501809 97.534157591305 100.200633135756 97.7401400444126 98.6336881264114 101.981612568477 93.2474424704376 78.7386018793512 87.7096261655751 96.2469219742007 104.967033086313 103.60142925036 104.552807933914 100.188392891286 94.1106098020324 99.2106942611079 97.8013473450141 100.5377121563 108.052114339256 105.445707446646 105.877241981684 108.998872114533
195.097920359093 187.432946187476 184.609313311957 187.088865874433 185.050317019818 180.794460531172 182.820402109145 194.620558598046 197.812079178229 120.252308271988 195.666199370245 193.295024966214 140.544842610598 192.971864426571 118.18182594419 93.1755198275503 96.1012245276262 93.3542596871659 100.727313861961 129.417140626772 104.900966050946 94.8776080683139 84.0818727547584 106.160967160464 102.002683442941 97.9826024607532 96.7489199401821 93.7508910746303 96.5991473061323 104.541559556233 73.7927950932905 61.0248553026979 82.2862937860803 101.046092755614 98.8827699179637 104.30320479351 103.059289512173 103.427266250391 105.372204479563 110.85430853927 108.950538818479 104.272123779684 99.1839698384388 97.3199756199811 107.13213765151 107.457554219308
187.542505754554 192.041375977242 160.873934273081 145.56592165278 163.09274730806 144.635566455072 136.146382545238 142.977612663711 162.318487845996 182.789012506512 194.875912848917 112.711326989176 195.648980485319 198.738020533389 199.815080063793 196.714388878134 195.677060410313 197.915058712882 138.00077792932 99.3490165997142 101.128009636179 164.548243798854 148.572718205992 97.2815499644244 86.0308354358967 102.298602297127 113.125866350082 110.172878219517 109.229164463134 101.899208333169 96.531325210846 91.7676151410484 93.1219790070435 101.141330571049 99.8391460612618 101.311051018661 99.411743696397 93.5225847287444 100.960207018765 108.37817496559 108.593134432035 108.840093524762 107.043880587756 80.0897822441106 73.3998080380673 85.4311764568849
188.312494502026 193.81814116409 183.529131910445 188.232679914247 189.084301293257 184.424655349526 168.105425147856 94.7930327663618 155.15340750305 132.718727041245 172.479523650479 169.906839632551 196.430503469056 197.756595171847 199.331888213564 180.705007152427 198.492844694966 153.389130611938 102.561225101513 100.42033497341 90.4974289765438 105.336512790203 176.681723390855 178.94996779704 115.102477124754 91.7117483994591 173.595341102322 197.750981873199 199.829337642537 197.267888186724 154.02789077791 106.415037005371 112.412053085334 113.577512593775 107.0391811659 101.150145885012 96.3940278011755 98.8221964793834 109.722968433744 103.330095532454 105.312871229132 99.2590440189342 103.08201559411 101.173155876956 96.5660774951993 103.486143681247
190.822190556352 175.092988059311 161.377795112145 185.947856336269 194.49872246327 184.227967812894 191.377637267435 189.696951888925 169.870407728769 159.235592113795 86.0560132056682 62.8276032900923 182.326111539297 202.555120014987 201.201362198942 199.180247801536 198.099099117203 198.883870742982 100.765923178437 104.243737572196 94.502451992052 98.5065721617268 124.229504016132 190.046034234371 192.163124817154 196.84246857065 194.501733039914 196.521849003461 197.037866032721 200.849942788884 155.581881374368 147.295260664027 108.252525898526 107.72561677125 103.982967164942 97.7554932208809 107.913404067452 107.432531634901 106.147115692514 99.979462949808 98.1546589261158 103.638000018189 100.311966856045 105.777156932643 104.320800812879 101.291489514132
176.900702147605 178.992283915346 182.822268228276 192.182897020444 190.406112858746 188.612763825832 187.362659972085 168.309051245441 146.547866229513 146.192708701599 65.7676523144768 39.7250967585499 92.6133869076315 194.366956338725 202.626076966673 199.971945133973 198.962944515089 196.36826590086 166.85011109641 165.781446619258 116.963974854568 165.211057163211 196.026268647367 195.061001738973 199.381884524989 198.751193215455 195.533878557469 200.146066317932 200.854119083751 200.885886180345 201.216845701116 125.044956902132 101.429513322219 95.9345050474323 102.019257477058 108.919384463745 109.066402097378 111.999320375255 109.907087280435 82.8683328420803 98.2032243022985 86.0857834719498 96.8955232817076 109.337694216586 107.781434523738 105.783625802024
191.410662575517 194.086150902704 190.85147822594 192.119670656464 194.923767839596 193.114597403916 176.668897963935 140.504499621634 152.821589679197 135.705882019666 143.857965017978 45.8413952696573 31.2428042458994 81.7483217820545 197.303053095321 193.867409657923 200.937090716002 201.894618763614 201.929157891218 200.111782741182 195.893684380966 195.958848364818 200.673966500842 197.695785351764 198.806188190688 197.402292442051 197.766236086222 201.328426658577 202.282104426135 89.3575196392172 114.806435404211 118.816890170965 200.63340567914 113.345750269516 110.114384772554 110.504821405984 106.299482244638 102.885155187743 104.629395411966 104.714614993414 105.818730574342 106.113328598234 99.7167818406036 89.0236987222323 108.554035611048 106.492464990265
187.460169937571 191.227132605187 174.751493830231 151.677495187413 149.423617247511 186.815823539924 192.999749351665 175.008201476028 160.624600549945 131.539646139131 175.309300276304 137.329969103422 92.2805339059733 93.0217077140943 195.242340960655 192.247019668615 194.69026899723 192.086839487121 193.941236251136 197.852864746978 200.981518748078 204.180322663354 202.234257225854 196.801204220151 199.226315642616 199.757045578173 200.247326992702 136.789407839798 106.156245607112 92.201928832737 110.578283924527 185.9436854024 203.588586972716 128.6523457293 116.087822598915 109.387244442374 106.408127595461 107.569930897772 104.631869854235 106.703069391633 108.606308755893 108.1432812834 107.441448129722 101.921727558821 105.326404831943 98.8650566110794
194.355252426777 186.835914357346 187.660643838481 149.862386019144 118.046295686551 150.394030539178 188.762195727333 179.888552412168 176.051751691149 145.764928633688 138.643229905852 182.166024034103 191.813712794089 195.784519920859 195.135713174819 197.001084219573 194.095961117834 187.175801258674 153.655658425725 163.380694458476 190.568024522612 199.41403580011 199.455080735853 201.483873787792 199.158492780967 196.089780780722 111.358451863148 112.467295843974 102.468502382357 79.2585638015718 102.773551898945 120.583672797215 157.785127268854 203.613238041291 202.692545029624 201.838314483611 183.122873343756 168.089426954842 107.643163719098 108.508280836269 108.899510633024 108.853953683803 108.560563303704 104.119827265761 105.481267158925 103.841198720621
192.571510456766 194.238641846152 167.156247780911 163.880127218361 152.677011447659 120.04821124892 128.894693261105 152.629159239216 151.683013187259 142.241342351502 157.940363130139 183.937044834344 195.143394478145 192.854196687546 167.87284232197 175.868906705777 192.116456057822 195.802131133544 187.747882643931 190.69828401007 193.600187675147 194.172235905364 192.182860362332 196.27967535483 202.270065734605 201.987368678545 182.201923789079 167.873564600103 129.223181283182 90.042880577611 93.9062477719157 99.0119115216528 106.160983298535 152.962710358259 156.451270214177 166.598109223858 102.511474532089 100.320605307739 105.339230969895 106.611842808158 109.363716094199 109.21004991137 106.28347832998 115.100225107407 99.9178267353804 93.740021900675
187.065334371823 183.283767346551 191.935458582542 170.313073419936 130.006106223042 81.2341831680625 38.7957174747377 100.770550451129 135.690791598154 166.384767265797 174.801582369612 194.878281154393 196.791818779561 190.175673495959 167.900285212639 150.069894519426 161.340408904131 180.141828348376 189.7055246596 185.637404412695 153.672132081062 160.476715449899 185.134792060653 199.428708482601 200.603159473924 200.017970367723 201.279804695531 195.29080954298 201.651786176293 204.432131604447 204.40620975993 116.476242586947 112.130198190893 178.042618383388 108.320416576977 109.569497507067 90.9702037177891 87.9641651114736 93.5971949071944 107.750501227296 109.514271875287 105.263391436767 100.852878595184 106.181053240451 113.763180707984 103.707894749969
182.946316966531 171.462728668795 164.664362126305 186.718907587467 179.853150123919 119.5409675295 34.037683572196 67.0508552802982 117.516762406097 121.1879136015 139.776933286767 166.29260581744 176.953798477573 190.68473285308 195.120901847608 187.980871620921 171.060259925225 141.069100976808 154.307441100735 153.215301273084 147.527731027863 128.30436266635 177.510442407479 195.584214294347 197.949554740184 179.162386893893 202.731927579891 202.665636400696 192.643747355656 196.765066211119 196.698375736925 198.395428705241 203.509901224966 130.832415854006 95.7963825644557 105.337779680559 78.5245800388992 56.2685863304323 89.6094937702864 103.374304850809 110.266141817169 104.398363078118 105.617384599437 98.6005309320156 81.7406630272924 105.283936929273
188.390019644459 193.118304287842 179.517405934091 177.608962869987 178.408327302612 186.394321001042 162.69130836753 112.876316080794 123.196137945274 124.636025305445 119.044478386584 109.31956790069 119.184002542737 136.104163744921 159.963492861516 189.738829621882 156.30124228658 130.348113165215 123.074466647493 134.030067596573 149.06492785376 151.144532250013 179.682612414633 192.031800278681 199.576793714953 197.081628995655 194.456724529095 199.381671004748 200.089607944263 190.705117899855 187.888096015706 177.519754259148 191.383673214486 117.810531192965 101.29857477338 102.910648475321 104.124572698553 105.786807764939 98.7513005547996 101.179537194481 125.699390522541 117.347357586869 109.250461050064 113.943942834173 110.808705105347 97.8154443149605
