IBR/IBR_outputs/all.combrep_1/FireFreq_2000_2008_Total.WeatheringIndex_Total/FireFreq_2000_2008_Total.WeatheringIndex_Total.asc
NCOLS 160 
NROWS 95 
XLLCORNER 210004.651214014 
YLLCORNER 7350008.22228844 
CELLSIZE 4999.99999999997 
NODATA_value -9999 
[rows 21 to 41 of 95, columns 46 to 91 of 160]
-9999 -9999 -9999 -9999 -9999 196.510481427479 200.672604567831 191.807482151614 -9999 -9999 -9999 200.904953159931 200.597033748993 142.808400993597 198.22867041432 197.327519641714 197.642085447234 -9999 -9999 -9999 -9999 -9999 -9999 -9999 -9999 -9999 -9999 -9999 200.014787141313 197.142900468294 142.687689269616 86.3059475489231 81.730556601497 74.2291691184109 74.5136789516638 74.2449869053337 75.4967894315752 90.5226880414619 123.055964396319 72.6974976043113 74.1590950897841 74.3544083620025 73.4097237336233 75.5348324968927 76.8026474223016 90.1412142386609
-9999 -9999 -9999 -9999 171.170244744434 185.78058462433 198.007107330836 197.693970657906 198.433748719983 -9999 201.776510520273 162.667342050593 105.414680669375 102.498385331039 102.331784551706 140.714999782359 196.467888788534 197.260853126647 -9999 -9999 -9999 -9999 -9999 196.818633375956 196.998937917628 198.403484641551 200.052746451008 198.04916653448 163.717372741346 114.070699559588 98.3165924880992 97.2990169138021 75.9530247067645 73.9788479260652 74.5616382470956 76.095280297015 73.3680694253411 76.2573532437521 74.5150295884201 73.4886999690234 74.0342572532021 74.3778621583178 73.4806990945288 73.074882960481 76.3260698526866 97.4471931117395
-9999 -9999 196.580888784284 197.370522219376 199.496378131108 200.224818553029 202.204881019095 200.219712756785 199.136908378372 200.304815986114 198.92032243723 121.122337216099 106.113031916426 105.753219887677 115.77158995706 121.370071669381 196.894773302836 197.25395083695 196.030248490348 196.255585235888 195.886106156282 195.831727577565 195.89357537963 195.918010311906 195.51071056821 162.303874175844 176.982218815086 105.946799542535 101.605600462547 99.6489491821988 100.039119547858 99.4521403122393 93.5981224165447 81.7123919369301 75.3851695035595 77.9068103583369 73.3945329520911 74.1598421452976 73.0349306703302 86.8818214990365 80.5219039885575 75.8727646606727 73.6033779230546 75.9540205178107 75.7217096624919 80.099965773313
-9999 196.401533849438 196.562082078262 196.31264095683 195.146551248309 198.435369692587 201.750821883325 198.579598374574 198.699262533092 197.899641369206 195.541949784617 198.309161250077 109.028819456654 103.981089961164 111.263837366654 132.114749845528 195.178024820926 176.513338961717 177.721029470233 197.196652986177 195.831346609754 195.131400765754 193.68694104917 194.397255509039 106.153463889025 95.5284326083082 100.167964099165 97.9712732333381 100.384074100107 94.7830938717875 98.6474821725922 97.0195420178796 97.9645835419531 99.3687605567486 98.683621916689 87.0672002996333 74.2877979759397 75.3278560365322 76.2248388555087 94.646691389931 79.3504332641138 77.8887354703936 80.7720055816521 75.2850981032289 77.1198907842884 77.2859237789934
196.532306776019 196.631501453238 195.970905209399 194.488345956568 195.019610761564 134.259900947859 113.266444089456 197.920935466562 195.67374900219 198.897509199897 135.987171935822 110.386492327606 106.183909150495 104.784107338494 136.719669045565 107.719761549692 109.214379232175 195.216296987849 195.029686782948 195.102891866598 194.819493775952 194.927979847216 195.138769979814 196.176264791308 103.682689399182 87.4791286358652 74.5151822606866 81.7838446150647 99.7604654899428 99.0172236196646 99.7068237161852 94.3756097716358 97.2438067421994 98.4831135203616 101.544604686549 95.6595268158493 85.9086318333078 75.3581070596312 74.6702563171389 85.2936376605006 100.815070812228 84.1213239450296 80.2538161310411 76.5832871998724 80.3390879907372 80.3806513981759
196.386747836922 197.112760935977 195.817809434389 111.314992779382 126.239179576697 162.801079362736 164.053129678724 199.268245220153 201.258168389478 201.497048233736 109.799227291944 100.669446153986 92.6320279939066 106.571942682411 120.447734724843 125.367408591128 99.2344908877272 102.502786155387 148.89690811102 194.481938221183 160.201385880558 175.692415698841 195.612730892297 197.165984913531 176.945412851371 103.845343996449 90.9500424605376 79.7769235424704 92.1899361925386 93.1413795295071 90.5511171764817 95.998535792826 123.403215312845 103.483179876793 99.4088309438061 99.3453209585387 100.105427734773 98.1629996334193 87.6987654970922 98.4308644125038 101.913351089885 92.2559299959452 76.3605166587086 73.5838994087444 77.0393615753437 72.0972686157904
198.430405884054 196.592113665393 195.927065702364 139.42736523019 96.6211411296051 128.75511259874 125.815497805531 107.471654858338 180.772818344858 118.225171017996 128.353313058928 109.803256442532 103.501629906627 97.9066806740807 111.892321751312 98.6366395335005 101.344700324592 99.8195153772681 99.9998735929533 195.272990220637 194.156478754768 194.773716674462 194.640164278648 193.938444187816 194.230129588977 150.325638851262 123.800721983012 95.0310876704851 98.4790394466215 101.668215801544 95.3921795812129 98.6641278043266 97.8660334866287 100.506298303488 100.137654529869 101.258986030798 101.166860197741 100.138958705381 98.0336375181662 83.1927678759125 107.303411974557 98.2554353505942 87.745814661456 82.4470550756255 73.1503352161347 73.2882092884511
194.156678176468 194.58855081953 148.000901143098 145.781511657408 93.147272414519 101.325396179941 110.135676022252 102.328397787394 153.107252942041 109.225164981655 106.263963629891 111.722124870999 109.510788787226 102.538357109981 111.696294344518 119.821352502805 93.2797068412372 91.571857544928 99.9979286361488 147.581548510287 124.430564628964 175.6664850249 102.389696615683 98.1043769838068 101.002535568267 95.0669926817967 89.2309243500234 97.7296187975199 103.388975442614 103.505079025244 100.970719950945 98.3927203291461 82.2734531975088 77.7014537144153 94.4171421104887 100.959418893563 101.935405247602 99.5144663036774 98.2761538138651 85.9286821525185 84.164541649803 98.9426222732418 97.5459191682113 91.3662901520225 82.4223436029667 70.7794104670221
188.253176591514 197.002626426279 148.945117637672 83.9744023173662 71.4664507868187 94.092491001745 93.2881033293756 73.3282983804306 149.628003757058 105.429404601272 102.107406911439 104.798499264746 105.132738961826 101.7995837772 106.460034110141 104.573196628565 103.625779939145 102.180726731496 103.04014104879 108.219578143226 103.391550543478 112.563854952367 105.221766885004 103.209537229021 117.578391355588 102.881580129509 88.6605196158097 104.542633583885 102.061786141099 98.0050802386866 104.188763960924 99.7600179500633 97.599023405466 95.4906283558954 97.9443820431354 102.728394375257 104.300018541575 101.123635742119 100.402509144287 97.2808547076657 85.2573401452668 96.6766598926285 98.6650824136787 98.1975604113187 96.9123997359767 88.6747546213972
187.600442667628 194.627374575881 194.663616702789 107.840813079578 98.6704391050579 93.2550115234606 95.9772634014697 69.9624332336605 107.73381596191 132.237489596042 127.115866751764 105.679551716103 103.148972522282 102.653773755348 97.420073369994 102.685223072315 101.851898600741 97.3171250912397 100.32864622047 99.7570598629735 103.474730664325 107.808292281365 101.512578091661 102.016639265346 100.37371151516 100.485274227275 97.1978717136793 101.427994732389 99.7576160311692 93.0115384584067 101.92309316953 94.810429240707 95.786057828344 99.1795519961883 99.8206992625766 102.520528046365 104.529267102602 102.101885773632 100.928289326229 99.2818404533787 90.5138129420445 87.7263517914932 97.1603812583168 97.1149705913653 97.5105847796729 95.6751358767927
92.8398430091641 157.050284750102 92.7023615432371 92.4974545915008 99.6438214559965 91.0923775521148 87.0552643155409 88.8607474140981 111.271540478368 107.987394601219 162.430168058762 101.541050898031 113.627362952128 129.055257457503 98.9294780931137 95.5236182703925 98.9595596524028 123.516912607788 101.096230099017 94.7623423740876 101.558512337267 101.392592703468 98.9184921827691 102.689039390388 126.540467689056 101.547330933613 97.816676263712 96.9211381467573 96.9100922814804 97.1074231601732 94.651986773008 88.215662497661 77.9966676497935 94.4761063700536 100.702520047718 101.425350868115 101.358676590927 101.019601192509 100.294177837035 99.5267214703955 97.7081032240693 83.1465245492324 99.9304457097144 94.1572926886676 96.1039544588878 96.455504775881
81.7100750788589 99.1920561218151 86.4193443363301 107.18878533966 78.8087880361321 70.1129769750517 94.1388581701071 99.6769321563271 103.436915386554 102.793096362244 105.084328847403 120.228611567504 178.015059954805 132.1039578539 96.160635185146 106.012883136105 100.486560433657 111.204210691572 101.039275427818 95.5946735600616 99.3395629910112 99.6790446924319 90.998177973829 86.4190381033179 104.552368531138 98.6784377308979 97.3017104164653 100.680325365214 101.42633593559 75.444284843855 67.9617004098419 65.1892031020398 63.4815451685293 56.7797108810591 93.1767762683377 102.303289582507 100.540231615747 96.1776969131996 97.4743428993528 100.924807186449 99.1334689469948 97.899067018105 83.7572229888483 69.2641443882959 82.0410612577907 76.0268372841291
88.6541985363724 99.9182324496605 84.6535970887437 98.8415268772141 113.536343392375 95.6136850162347 95.3116984801018 98.0404293798692 94.2608836837759 91.3570295329513 96.9811622454289 154.043651607157 105.703093472878 92.0904420327631 97.8156803797047 106.403568710979 104.900193007366 97.13577699112 107.043722321558 93.0820963028531 99.0457533788524 100.00022521428 98.2567904759017 81.3418771806787 92.8089026358837 95.0964567497986 96.8408702650766 102.080234657578 138.475311967083 77.0315990589745 66.1045371333482 67.729749038513 58.4486334194533 39.0965452543481 80.6877101990263 96.2110319994177 98.4106237707683 92.1857714207835 99.9256482433315 101.602699124806 99.9673705707136 94.1445874425089 68.199776248809 70.8410125178286 68.8739724234887 87.2769182873074
83.0983293571458 90.6838912642031 85.4470716948266 92.6257628206662 99.6464537863561 93.8541933677489 95.8489841616276 95.2277434924542 83.669191200272 94.333490330777 76.8864937665452 85.0981708665469 99.9923013286927 98.4356174213755 93.5507622955694 98.8429713112378 103.892531780523 90.3892160970156 99.7939991030548 99.2397658692508 99.7643561823862 91.6126134578612 85.6569667367661 89.903043077491 97.8597808784821 96.4451277177 92.6498263060318 108.793337178814 149.047946874793 112.686527104182 66.8310142202462 59.1638208544776 49.4474213004848 49.5884896475649 96.4605432604407 99.5715655051954 98.6497491193885 96.1317337508191 104.756706649202 102.491811321304 80.8940755345452 74.7215903789034 72.7566407089174 68.9662289076583 62.7954849396351 87.098434010482
89.2544977568955 84.9505247138299 90.274629948489 83.2724364136892 67.387331462286 72.8812101090618 68.186286089805 100.702886608647 98.6071197893923 97.564730433502 96.2783205199472 93.317303970703 83.8370118608495 89.9537506433622 90.9593249364347 85.435848175349 87.2610305571371 102.546938342472 100.215665932169 101.078473260066 105.154188231912 88.4079380715762 93.3999270338644 100.371546824631 100.620734922818 100.873726941677 96.5538522334516 100.733613797155 101.942561323831 101.463410026892 96.9615765719858 52.8619540883775 70.6286206075899 95.7398468835446 100.723534162523 98.5492645219694 92.8224789622374 102.592292575418 92.6749979663835 80.8380497194878 89.1412708555319 82.9797218820608 75.7610939027199 64.3801150777721 43.7374753284061 72.7458690156975
98.3076368743683 103.295830485175 82.8761631924175 74.8956147591805 70.2871750519825 91.2471678890727 82.9573184012232 80.3007844125931 72.5697629150969 85.6735741207822 93.3232577279431 90.2374253955677 89.8280982572152 85.0681168128804 94.1151950641668 89.1882214606711 78.736375418479 95.3345801066949 100.152718092262 100.014501326207 99.3954119489126 85.9051599902254 91.5320504346969 92.6248113848861 95.7656959703149 96.2168462771599 94.1203295885321 98.1979625269337 98.0831657475136 102.131393163866 102.918903460961 97.5093458919768 93.1483522693711 101.106173663374 85.5686454796044 98.3158851984555 99.0642063238708 95.2150554904352 95.545499303558 92.6179646335329 73.1840032331719 77.6742558543147 80.8170311315549 49.2253228105043 33.0885060176604 49.5179228391243
176.833452451142 104.105031486308 162.825602412532 103.327718744689 97.0062871676151 96.5750815803041 96.8935025045345 97.7850586602086 98.5413552205563 94.3636742671904 96.9494097275769 95.6635902008488 99.3152949890031 97.2736480891669 103.966743448941 104.871970078288 91.8940147488681 74.1036084011738 87.7746976478624 88.8900739285975 88.9967739773515 91.3640501400115 95.0659805084191 97.9933685835445 99.1949678449258 92.6202241510664 91.6967431086496 98.262316127181 96.4466677923536 96.1714264004791 97.0733651704435 95.6910042844385 84.2589827858814 104.803126694992 104.922400957962 99.2374921727709 97.9234799672111 98.306190982286 95.8690589612018 74.7530386973361 64.8560240669728 96.6809643099192 79.292212901335 70.5744615698967 74.942440679678 36.6136749910222
119.311185283586 107.089417253327 153.575573502294 93.2531336931866 89.1378155965108 132.263846296498 103.222935507113 104.404054703135 104.069198379102 110.791345225579 105.880727152287 106.70735420792 107.215624484815 105.194481699545 105.112298174072 106.451739936164 99.4435118084183 84.4675070027123 82.8933943678879 90.9462556119584 83.6171816713396 98.7267801542527 92.4652264400563 92.4050948833004 92.4725566792042 90.6575004972586 91.4452021751754 93.1658200054631 94.6131030614449 95.4501899724037 88.8397234420661 99.4434946502857 97.9254834775542 103.156332637829 101.896550988175 98.2329653407797 85.9016434680793 86.9809625667783 76.3655718208684 62.8988435463713 71.552928819168 85.8384493036634 84.4999535295161 67.2061635346397 25.704135557533 26.2276461921516
90.9934579084473 87.5959551772576 96.4159296866622 104.687616827803 97.0008084661134 197.912418746941 195.033463406373 90.165920232659 125.056726694761 120.742990860565 106.699302556281 105.264960289728 105.498044138889 105.049408884035 105.351085779803 107.087457898969 106.514166627571 104.107969426274 102.202687066949 101.160467679106 95.8481933539621 103.468707867981 101.320000480557 99.4076991572038 92.0672162520856 84.2396091135965 93.5312094328572 96.7830749402431 94.5282451050453 89.2524459223652 89.7506527236566 89.4235012616437 96.3096631117626 99.3568375550051 96.0513714483536 99.352128597183 96.0318107059801 92.1399649867316 78.2373115954166 57.8707950174354 69.6295423675652 84.7364390240147 99.8979467752001 125.931107072805 57.9834688505378 42.6179589301773
97.2770480349349 95.7697523313035 96.5451019756931 99.6530674293578 104.899848562989 109.23500647849 160.880080482051 100.230295206477 119.15915789149 110.540912768981 98.337617966374 96.5902566916071 96.7281995021051 100.72382683244 103.354705005402 108.198226040902 107.694737212471 122.33265255594 104.251296959268 105.299044139385 106.219581938902 98.4174538532216 96.7460246322118 97.6137313911127 95.0921986817193 92.9289771748177 95.0042214756318 101.244594185715 98.7606525957626 93.0435944146872 94.0687237713769 93.5067600701662 98.5688240270132 98.4496329369494 96.3283913359054 103.530144730203 103.933809878683 79.0398509625063 47.1911591099998 75.0426368580477 68.5202187255898 80.3038779741404 101.457844825022 116.912777678193 89.0977302768577 87.1718504695006
103.594475501188 103.686298383829 103.547882212232 106.181660805607 103.287317226955 102.417755524098 100.233388989699 103.04053799112 127.720680104233 104.344695733094 99.0549201010925 102.849169393634 103.15503148534 103.763014014095 106.505210716655 105.400360232644 108.276673808826 108.07777276829 104.101523862324 102.829902770143 100.925171894139 93.4427612212525 86.971437845718 98.821932834345 103.291901519072 100.287404555597 92.7766419132141 98.6084091250567 100.141897439942 101.533258817163 93.0962630176897 95.6669585654987 101.70199732022 98.2038444469129 95.1167789991772 101.704726416473 103.973807312341 57.1750038475899 131.38682379489 38.9482201321178 72.6115281083799 88.0271495680223 100.009475190321 95.8958306258153 95.305646325765 94.7888259649964
