0,18.9547326490145,19.0460869912469,21.1512636852977,24.4248156566599,24.4290479260938,27.1829769865431,23.5432523164023,50.2348679346176,51.7534683656017,79.5467334905324,51.8758183813204,50.8467962476649,50.9496147292381,46.9798054025245,47.5743713062108,43.9007213790688,49.1326398811706,46.7049943367778,45.1071524583616,37.1368828898849,36.8789170733177,35.960493493956,50.3577932648852,81.3275400340508,97.1194766071636,49.7136771427761,48.6691135485154,42.4444763572352,45.5001634514872,44.3289937261617,48.2228246445743,55.1034921079941,39.7080619377934,49.4231323651258,48.109632643406,52.4680486459851,70.7069205627203,67.9475791726681,67.0481931872487,64.7057698584917,65.0587594639291,64.8395267312407,64.7027891710422,70.4705387901656,69.8206950703292,72.7947359470429,69.4004703515683,73.4635235169057,70.2876772237884,70.2653849870936,42.339015201776,43.3864567746462,42.0807747935475,40.5003727252394,42.0643501973306,40.904582830935,41.0283326264768,26.4115422093483,33.1349536922027,32.7148658984129,31.5974971947761,31.7674973417921,75.6229822042279,34.4498305094142,42.8083760483221,83.691090809441,85.3738381389406,77.62615794726,73.4876721618456,68.2792986333356,66.6745832918299,70.5222253630704,69.6002395776313,67.6654960098013,41.7193277331867,43.7810531276099,49.0803729524784,38.0298974975584,34.5128172300475,45.445744101334
18.9547326490145,0,20.3153501338715,18.4933264806841,19.2044662713467,24.2148518275132,26.4165117963263,21.4720421980182,48.7531527777459,50.2748201409002,78.8938394891026,50.4197877361314,49.3840328115628,49.4814601530713,46.4692378077712,47.0198985404442,42.8618688144528,48.1179481562611,45.6635335677471,44.100100484314,36.7875428239414,36.5607133563935,35.6563198055368,49.4917736939682,80.7634291693133,96.5428324674555,48.7008327739979,47.7014898364705,41.9930598490091,44.0293520124196,42.8526706240308,46.7610210640367,54.5361371161086,39.4158112795759,48.8500796453511,47.5391548128038,51.0306333094452,70.0777258308492,67.3213227527721,66.419359911189,64.06212389981,64.4146944296455,64.1933481460124,64.0563051384631,69.8281651832443,69.1825611578104,72.1539925228466,68.760560495137,72.8233556699766,69.6469661855507,69.6290946219701,41.5583950737698,42.6273896589991,41.3415377596013,39.6340867959114,41.4819795687474,40.3137757864791,40.4039718782384,26.1909973432808,32.9156334668432,32.5656490004373,31.4766990093329,31.7437715711456,74.5085430350164,33.0922856071483,41.655881064389,83.0780416410503,84.7635119484765,77.0145354851896,72.874908192042,67.6254083075642,66.0206161952271,69.876527807228,68.95509661402,67.00354543333,40.8392303564974,42.9217346655551,48.4178592079179,37.4265148806331,34.5250836672265,43.9214726588139
19.0460869912469,20.3153501338715,0,24.9270894349333,25.5798466149953,18.7111209330264,23.6463410463062,19.2349779775549,49.7235606690911,51.2327888580238,78.7303627087036,51.4455802261468,50.4090055331939,50.4779815099976,46.2015968441927,46.7584782998345,43.8892944987542,49.1108674986049,46.6837255886803,45.0937556656445,37.0889009715448,36.7054926214049,35.8430080167283,49.3954936954333,80.5892735974519,96.3673780922089,48.7418897511216,47.6926601249236,41.7771306187961,44.6856436776504,43.5033120417502,47.5180967755228,54.3487655711789,39.3713027769229,48.5859373759699,47.2656264952407,52.0797877462237,69.9050172249522,67.1481117175386,66.2473108677579,63.8922348357125,64.245333828314,64.0241898131968,63.8876377060243,69.660521004607,69.013696252407,71.9862572044733,68.592116770996,72.655609906704,69.4789018504014,69.4598084833807,42.3454699788779,43.4077455607126,42.0727750179267,40.5263419518717,41.9662762658167,40.8369342603487,40.9922828337325,24.859560799048,33.1521906470794,32.7121570294599,31.7022757434024,31.8407641469476,75.5442427217522,32.8605224924973,41.7464666764773,82.9045086397353,84.5895525271749,76.8407054632063,72.7012009178778,67.4604935235669,65.8554995677153,69.7097694585213,68.7879953052747,66.8410189970418,40.6231407664759,42.7112192003862,48.2041921609953,36.7817859774266,33.8879710452015,44.9218677249168
21.1512636852977,18.4933264806841,24.9270894349333,0,18.013432706277,27.5136108025401,29.0776253318232,25.101598504448,49.4287275757921,50.9608225193214,79.8458648986808,50.9988911788891,49.9725112470634,50.1096348496829,47.3741423511176,47.9635289759777,42.9446660569056,48.2152172804553,45.7585286768774,44.1873838026526,36.9832576003117,36.8855530575338,35.9296776408893,50.6005623615919,81.6334806798891,97.4271632004821,49.83369601266,48.8340674027963,42.788640546717,45.0517990893707,43.8889091371424,47.6559969009037,55.4223696608965,39.9014715741228,49.8151879618471,48.5104333270984,51.5595358898451,71.0139821323063,68.2550128130195,67.3546121608717,65.0106664265047,65.3631682706637,65.1438182732211,65.0066248184721,70.7732537129709,70.1244183339954,73.0974784740335,69.7038570803137,73.7662550287542,70.5907318211314,70.5694423194428,41.6350412257059,42.6887579934963,41.4375566216576,39.6820041706923,41.6887421548283,40.4879501148959,40.540961789229,27.6751405654439,33.0773320284541,32.7650599163262,31.5811366304477,31.9082527318828,74.6711866383601,34.852056689064,42.8935036337212,83.9983390893017,85.6813916511141,77.9336367788321,73.7950767278376,68.5798310065412,66.9753100444251,70.8242174666207,69.9025379122493,67.9640450163668,42.0722549174903,44.1285753477576,49.4270478264647,38.7513602802269,35.3185794018989,44.6172813424593
24.4248156566599,19.2044662713467,25.5798466149953,18.013432706277,0,27.2621676205086,28.4503399414515,24.091787429527,48.032113635168,49.5676571264593,79.1514616263629,49.62455679069,48.5916436089047,48.7247808424881,46.790594220059,47.3433265455776,41.9836007662162,47.2754706521255,44.7937860593834,43.2558679378225,36.6311557755933,36.5326521406787,35.5989908819935,49.7326072047767,81.014950306886,96.7976074418122,48.8503663895597,47.886605342972,42.2620629209865,43.6866572035705,42.5204964302198,46.2878163435066,54.7994707259719,39.5396265139677,49.1789533731501,47.8754198610466,50.2025045914405,70.339163938012,67.5826848303482,66.6801731611653,64.3236415356436,64.6758325400227,64.4546781459628,64.3172679535248,70.0875432265134,69.4422533609424,72.4131677020509,69.0201982264734,73.0824406673029,69.9064173273272,69.8888297622742,40.9155487693148,41.9924961383895,40.7527901747572,38.8879589902952,41.1275179407336,39.9251366182303,39.9546243484815,27.2419556855044,32.8436191453239,32.5785714243597,31.4439819722271,31.8298099500045,73.6323066636357,33.7155558809677,41.8075494273065,83.3374136364354,85.0227809565631,77.2739162442566,73.1343798751865,67.8844373988669,66.2798317450048,70.1357206359368,69.2144874759185,67.2619230211075,41.1955401136611,43.2669201995726,48.7200874098055,38.0716703506594,35.1155213269309,43.179191388909
24.4290479260938,24.2148518275132,18.7111209330264,27.5136108025401,27.2621676205086,0,18.4627795923947,17.5051146730493,49.5981319324344,51.0983783720754,78.2890062444108,51.3916600044983,50.3489110932628,50.3874338786153,45.7989204538849,46.3190854706523,44.1821317010491,49.3943521436972,46.9684356302655,45.3839976783399,37.3464395141841,36.8576734039874,36.0440923687869,48.8123806058411,80.2217935587077,95.9868645286946,48.1529030615809,47.097399859849,41.4792015094945,44.2770001947054,43.0846667049425,47.2117456154922,53.9660435191022,39.3827143167628,48.1259309726361,46.7992146005653,52.0623176532536,69.4773999608177,66.7228058598678,65.8206574162971,63.4535721922873,63.8067738452605,63.583814262,63.4474375011979,69.2251922762448,68.5812329199294,71.5523883175111,68.1583678343469,72.2222769069705,69.0447521908972,69.0286946890238,42.6462461226864,43.7202612922276,42.3606642493314,40.8452147080393,42.1756872080503,41.0724570749054,41.254818632679,23.6240814905893,33.4720335535414,33.022079983198,32.1017340218849,32.2269158934911,75.782806789179,31.5633579174365,41.0678592277314,82.4914001929213,84.1786194844692,76.4286680605148,72.2881991402374,67.0168213594779,65.4115623458001,69.2721265835934,68.3505534440017,66.3919577984957,39.8979399022069,42.0143491000679,47.7054078153898,35.8905717957001,33.6920612231223,44.790089774038
27.1829769865431,26.4165117963263,23.6463410463062,29.0776253318232,28.4503399414515,18.4627795923947,0,18.8827412942482,49.2331534388269,50.724617022316,77.5727843188557,51.0899101011942,50.0422612190812,50.0531444871005,45.1204101373261,45.604785180075,44.1608705253021,49.363820867649,46.9403941534952,45.3588127797176,37.269222477536,36.689729463443,35.9187334889866,47.9586561289856,79.5752549768586,95.3280301735942,47.3000541074234,46.2353362822777,40.9002290944044,43.6443761790954,42.4433061396989,46.6747776442753,53.305215650807,39.0918257183859,47.3915701677764,46.0586954959568,51.7921765616116,68.7740671648754,66.0216586423139,65.1182460924354,62.7397934492471,63.0931009670156,62.8684187863804,62.7322168183348,68.5146165208331,67.8733564098567,70.8431964937859,67.4492782154762,71.5135933407905,68.3352884864615,68.3220918026339,42.6183687192838,43.7012545075719,42.3198477744131,40.8368641308794,42.0603794498055,40.9802580009635,41.187236635044,22.0841903252596,33.448696628044,32.9926232261189,32.1462412108396,32.2652074903051,75.7190976223835,29.8732342443014,40.1259868643429,81.8017952228081,83.491067976154,75.7400735916397,71.598693872148,66.2983669863852,64.6928517399075,68.5593689517908,67.6379805892332,65.6684217856063,38.8876830145104,41.0355007448062,46.9329625305971,34.6893313694824,33.251810546197,44.4251196846926
23.5432523164023,21.4720421980182,19.2349779775549,25.101598504448,24.091787429527,17.5051146730493,18.8827412942482,0,47.2944098526961,48.7975166761333,76.8906364822286,49.1131092815501,48.0640542258773,48.0971414397497,44.5542342507283,45.0354214703262,42.2716769269933,47.5057040786069,45.0561078640648,43.5016690729318,36.0421005149338,35.6209975985812,34.7998914941951,47.2076065843853,78.902476590317,94.6572383130839,46.3796889804217,45.3773693357266,40.2670338500622,41.9730170239348,40.773266823555,44.9253704590968,52.6479560303947,38.2253258687722,46.8274118291006,45.5059648508314,49.8012435719258,68.1020730103773,65.3501407236417,64.445437854901,62.0650453228412,62.4177282684536,62.1929015436256,62.056114686169,67.8370705706757,67.1971027635683,70.1656867104372,66.7725930406854,70.8360700879962,67.6581779980235,67.6462668799886,40.9643738482129,42.0543715203427,40.7184379768954,39.0839613068979,40.6934549304203,39.5746009364367,39.7197113644368,23.1847412480277,32.2487438670699,31.8606321240934,30.9219474247414,31.1315494019508,73.8076043014574,29.2981273145622,39.1385505610073,81.1301075748219,82.8197813213303,75.0686838768263,70.9272030832535,65.6180328884249,64.0127691347059,67.8808969566949,66.9599014522335,64.9855573205667,38.3073226920748,40.4426600471037,46.3141993305686,34.7099415801289,32.9297364833751,42.4448458292123
50.2348679346176,48.7531527777459,49.7235606690911,49.4287275757921,48.032113635168,49.5981319324344,49.2331534388269,47.2944098526961,0,20.9030614864394,92.2263771547271,36.7089410007065,34.6534924532226,29.9330562448451,61.0592690556609,61.3095288256025,51.3088355364115,56.5673372079618,53.84334636725,52.8304804689269,52.3362838830162,52.2283629596213,51.435683416189,61.3667723812426,94.8216790842994,110.504165851921,59.0002556728385,58.5977523804882,56.9187168472729,46.3619998359157,45.7769909131964,42.9285598249449,68.588745302241,55.2491098894433,63.0290113061995,61.760109926465,41.0804278778112,83.6206010357709,80.8881600684034,79.9630796796349,77.4865994134348,77.8342682102061,77.5963966192768,77.455400277837,83.2547659890921,82.6453900167007,85.593270210226,82.2085099484326,86.2670467097143,83.087579738836,83.1073273781388,53.4444983029452,54.8748625604208,53.6185205953696,50.6837777562805,55.1644268740598,53.9780835957778,53.8255215336735,44.5982357436029,49.2889657203598,49.2758777916636,48.4165614897816,49.06792533428,80.3173678875624,49.7337209386088,52.4040983734757,96.7481071980274,98.4559300275116,90.6964877672361,86.5476293786827,80.9559248989325,79.3513114339967,83.2749810518984,82.358918733317,80.265451230388,54.065689953211,56.0473982055142,61.8878690700086,53.2458009937512,52.0786598188815,33.8463187684239
51.7534683656017,50.2748201409002,51.2327888580238,50.9608225193214,49.5676571264593,51.0983783720754,50.724617022316,48.7975166761333,20.9030614864394,0,93.6445042851247,38.6484546980659,36.8638329027114,32.1296294472635,62.5099026202604,62.7499194690589,52.9491656578862,58.2029746467898,55.4842314850852,54.4647673659468,53.8767046849159,53.7572174682058,52.9681209342116,62.7398048655255,96.2657360545568,111.944363612717,60.3348641521842,59.947140861807,58.3886771764,47.5994299847613,47.0378470645404,43.880825397145,70.0306487036917,56.7628875070318,64.4649222063493,63.196314484366,42.8305036351717,85.0453646869565,82.3137572032653,81.3879687846164,78.9072933452482,79.2548516696777,79.0163852836929,78.8753088953192,84.6758564072153,84.0676756535342,87.0148262650922,83.6302933750249,87.6887678969732,84.5091397975047,84.5301350363289,55.0389731507747,56.4660101703817,55.2059867671502,52.2924131706397,56.7232658505321,55.5404070704544,55.3943920789127,46.0714659081692,50.825165417564,50.8075954784149,49.9521851445145,50.5983070335878,81.9686360518727,51.1871470020287,53.7655384771974,98.1775594161249,99.8861664154534,92.1263468995559,87.9771570182631,82.3737743476779,80.7691393365972,84.6951340371665,83.7792260339338,81.6810486962354,55.4704681399353,57.4498769539319,63.3042072821337,54.6908350090832,53.5747572797089,35.9783634444133
79.5467334905324,78.8938394891026,78.7303627087036,79.8458648986808,79.1514616263629,78.2890062444108,77.5727843188557,76.8906364822286,92.2263771547271,93.6445042851247,0,94.2872296405996,93.2498083602404,93.1308493580981,69.7441910206182,68.2700090030773,87.2179171495779,92.2434895904361,89.9578617561629,88.2466288295543,78.1615140433603,76.4710368938588,76.367900795883,76.1518028641693,87.6577356525621,100.001319879006,79.4552350852806,77.5181943478621,68.5052655529002,85.7129572220259,84.617227799464,88.6064545823756,64.0108594260094,77.5507221364775,70.3821176295926,70.0116840328308,95.0758092262358,60.0858001173554,57.7120710369996,54.3259400476308,54.2383223964376,53.3052697512583,54.2723286396942,52.8626128291225,47.3448926954394,49.1425792227549,47.0284964251669,48.3168927296785,46.5557368555792,47.5545057331528,50.06758957807,84.4671092646771,85.5939251167165,83.8300835940306,83.2710602282137,81.8376231447546,81.2376902269984,81.9443755998916,69.9071110412069,75.4170950991321,75.1932338267443,74.9936201974655,75.3975818318607,118.810712277686,78.4351279331368,79.3602455943556,72.8977622090315,75.9210411777233,67.7003675130568,63.1502938422926,49.74528626965,49.5444163431,46.8485138996368,47.7267637232486,52.4353602302273,75.9939285315753,76.7720675483985,67.2825239520424,77.1532210801966,75.772901547391,87.7234402201575
51.8758183813204,50.4197877361314,51.4455802261468,50.9988911788891,49.62455679069,51.3916600044983,51.0899101011942,49.1131092815501,36.7089410007065,38.6484546980659,94.2872296405996,0,20.7869957024528,29.64260257995,62.9293620441057,63.2520192713541,51.0190981107303,56.2448909307762,53.4778943759839,52.581678183792,53.4783835610487,53.4724910710639,52.655982008517,63.7540088005481,96.7081835267464,112.41773446181,61.6094955649512,61.1292870013772,58.6362588343991,50.0519105819728,49.3762953617726,47.6289827109447,70.4946758973624,56.63170980739,65.0056074394221,63.7381804213868,30.9341461633316,85.6396790244339,82.9016643336524,81.9809792574853,79.5327702238122,79.8809503709478,79.6471527702017,79.5064701039716,85.297034601266,84.679916336904,87.6323298987842,84.2463351144977,88.3049583378734,85.1267763335128,85.1384175319729,53.8715540065258,55.3706426098768,54.1332945421848,50.9336664660534,56.0262980911454,54.812663751793,54.5904083118746,46.4864421736835,50.509980045897,50.5492620429643,49.6689881649595,50.3785614765569,79.309873415343,51.9026937498978,55.0274198620292,98.7350142977492,100.437595890967,92.6807067466163,88.5340885262332,83.0195177981448,81.4151652695667,85.3233600143586,84.4063931655627,82.3436389898993,56.3738868715083,58.3501715349248,63.9895696757164,55.3172562356097,53.6967751320291,39.2894119225971
50.8467962476649,49.3840328115628,50.4090055331939,49.9725112470634,48.5916436089047,50.3489110932628,50.0422612190812,48.0640542258773,34.6534924532226,36.8638329027114,93.2498083602404,20.7869957024528,0,26.9700806505393,61.9053916192771,62.2217800661037,50.265892366333,55.5050720893232,52.7410316106294,51.8269319667851,52.5247434538683,52.5085023062831,51.6937226885594,62.6879281083294,95.685279851797,111.392482673604,60.5282387169559,60.0526631480422,57.6268622830385,48.8645307568096,48.1907015430667,46.4246742998288,69.4697290803833,55.6530972823742,63.9722202529215,62.704380233649,32.893212782234,84.6054992588475,81.8679457099065,80.9469252068691,78.4963595704244,78.84451617126,78.6103737318034,78.4696833625766,84.2610497364605,83.6445514090872,86.5966183567936,83.2107021578153,87.2693453948943,84.0910399848655,84.1033324029812,53.0138277968245,54.5017636762624,53.2641220028144,50.0988767630165,55.1123856410353,53.9011551552705,53.687125335829,45.4455514536886,49.5445882097958,49.577474928824,48.698081184975,49.4008005580592,78.7061505983348,50.827360823014,53.9309632221971,97.7035652295314,99.4065804789071,91.6494774278052,87.5026717963707,81.9817977471029,80.3774140907227,84.2868826787285,83.3699801937948,81.3047501588368,55.3038586507927,57.282204185698,62.9464199576805,54.2629892072243,52.6878667754788,37.5928497711088
50.9496147292381,49.4814601530713,50.4779815099976,50.1096348496829,48.7247808424881,50.3874338786153,50.0531444871005,48.0971414397497,29.9330562448451,32.1296294472635,93.1308493580981,29.64260257995,26.9700806505393,0,61.8753589104793,62.1599441104842,51.0748192107101,56.3164891601094,53.5718232672722,52.6160591712208,52.802643184674,52.7441127219466,51.9400518126075,62.426732109226,95.6440989153773,111.339382427532,60.1632670109596,59.7252492234858,57.6617671606207,48.0930470042416,47.4655342313347,45.1390890642933,69.420564617359,55.8319613261998,63.8957232775171,62.6277006306872,36.9516797929446,84.5055708761435,81.7705079410364,80.8474760738745,78.3843078388897,78.7322042098914,78.4962548191373,78.3553933495761,84.1505670707579,83.5375633395532,86.487556316761,83.1022316875671,87.1607902536279,83.9819396212316,83.9978874229374,53.5612226725036,55.0253489996919,53.7780576902905,50.7140267534949,55.4932449850553,54.2937510980045,54.1072872301624,45.4304609875404,49.7943043670893,49.8068524421183,48.937606758509,49.6174528250558,79.7274949410909,50.7067655652302,53.5871743095403,97.6178987070172,99.323256432837,91.5650167150159,87.4172132988773,81.8617377497236,80.2572538312466,84.1736474890508,83.2571669864247,81.1781037336928,55.096469607049,57.074360789285,62.8132401668811,54.165519813594,52.777596404552,36.6886984147111
46.9798054025245,46.4692378077712,46.2015968441927,47.3741423511176,46.790594220059,45.7989204538849,45.1204101373261,44.5542342507283,61.0592690556609,62.5099026202604,69.7441910206182,62.9293620441057,61.9053916192771,61.8753589104793,0,29.3141716259566,54.7151014362644,59.711244110577,57.4652066535185,55.6980176646751,44.6877796911909,42.7641115799661,42.7594459781758,49.5128190003486,69.7956978418637,85.6237526033824,52.0661532475158,50.2331029687399,31.3097643936434,55.1312812071935,54.0083029310767,57.9947973896152,42.4367547191574,43.4540340879046,34.5342962318301,33.866872731565,63.616809043128,60.06780556219,57.2304833274639,56.4357183353538,54.4796099450503,54.8620720553092,54.697441200032,54.5854448819006,60.3053376514988,59.5240138167422,62.594283711002,59.1551761500147,63.2517623257793,60.0732910268743,59.9162749934185,51.5528984230716,52.6559127501982,50.8426224870215,50.49802831386,48.5327489873065,47.9771570534795,48.7633513586165,37.0399469655626,41.9847484636267,41.7355569384644,41.6455178419127,42.0300621322521,86.4746432626593,46.582020737068,49.2930993262929,72.7544646484067,74.3742813826024,66.6517391101864,62.5361297943549,58.4563393514402,56.847329534106,60.4576477588389,59.5116712170663,58.1052445432647,45.3671156356676,46.4278696113281,40.118731104142,44.7827635604668,42.0260230164919,56.5093272412644
47.5743713062108,47.0198985404442,46.7584782998345,47.9635289759777,47.3433265455776,46.3190854706523,45.604785180075,45.0354214703262,61.3095288256025,62.7499194690589,68.2700090030773,63.2520192713541,62.2217800661037,62.1599441104842,29.3141716259566,0,55.5162356088972,60.5320069454588,58.263961988274,56.5249882683627,45.9147332714694,44.1165918071684,44.0408426559735,48.1269788527203,69.9563118318285,85.4781355500662,51.1590282159759,49.2203641848267,35.0024603172449,55.1444748305848,54.0239709486288,58.0541897513112,42.346635791062,44.9704270009613,25.4207563911278,26.552026308586,63.9783228191742,58.760962995921,55.9785807739248,55.1728079584055,52.9221571254674,53.3217687863189,53.1095293140811,53.0157737916475,58.9016824221547,58.1721145729377,61.2297155472957,57.7769603925698,61.9020303956758,58.6928939355167,58.5925155380271,52.5728107757045,53.6813357888098,51.9082763980245,51.4341678015385,49.8152995585525,49.2112104815415,49.9391817270267,37.568442965544,43.1186706593592,42.8513627967406,42.7030090134692,43.0655694820457,87.2064703376688,46.8241667090863,48.9826214350961,71.8329059256003,73.5022594434865,65.7532114940386,61.614488124411,56.8835200060212,55.2620857461978,59.0099216166799,58.0612779302315,56.4409094268267,44.869345400463,45.7835906172035,36.4809609765879,44.964521861337,43.0283795742516,56.7632758014172
43.9007213790688,42.8618688144528,43.8892944987542,42.9446660569056,41.9836007662162,44.1821317010491,44.1608705253021,42.2716769269933,51.3088355364115,52.9491656578862,87.2179171495779,51.0190981107303,50.265892366333,51.0748192107101,54.7151014362644,55.5162356088972,0,25.4185708796755,18.4820181025961,18.9101371974576,40.2512085542081,40.9379675189337,40.029661964821,58.8261570076592,88.4857096937462,104.378295793934,57.9771253698001,57.0588076030157,49.3427685841861,51.571615294366,50.5726598160756,52.597965737093,62.4199576121451,45.1192743827324,57.503141799932,56.2572966924281,50.4544138396429,78.3033778031003,75.5286920653308,74.6358479877551,72.3742341672059,72.7250882541344,72.5183492139626,72.3790647512017,78.1090789968449,77.4417738590333,80.422975373002,77.0297186595203,81.0879167252749,77.9188147958828,77.8778288054503,32.7212060494697,35.2756356956562,34.0092953617594,27.5061339590356,39.5546573596664,38.1934517625405,37.3450346252015,39.1742766864014,38.2120924843922,38.704733212845,37.8163006939833,38.9923474081619,57.993436144878,46.601056515605,51.6856700010285,91.1842191250651,92.8522719932708,85.1123103974979,80.9805325364597,75.9707396353609,74.3684373120334,78.1751266186942,77.2525872439384,75.389392045502,51.216883917619,53.1178051163409,57.2690541927982,48.9251980240189,44.3232341875931,47.3714552705503
49.1326398811706,48.1179481562611,49.1108674986049,48.2152172804553,47.2754706521255,49.3943521436972,49.363820867649,47.5057040786069,56.5673372079618,58.2029746467898,92.2434895904361,56.2448909307762,55.5050720893232,56.3164891601094,59.711244110577,60.5320069454588,25.4185708796755,0,21.9284406885404,18.1100729884685,45.1092262286885,45.7848003061148,44.9016518464361,63.9395441633189,93.4610944429702,109.362330974381,63.1230082950147,62.1955907906979,54.282572655209,56.8194390114594,55.8208352972619,57.8485314476392,67.4051392344255,50.0011862873553,62.529798387918,61.2866905193106,55.6468134773713,83.3188444461819,80.5426007006626,79.6507666372245,77.3971704897366,77.7480293901792,77.5424780949689,77.403148560233,83.1301767559521,82.4608573272427,85.4431185373085,82.0496888876074,86.1077120066044,82.9390947794135,82.895983647316,36.3644954433597,39.3953855137562,37.6903211119524,31.5699305861288,43.8041497559804,42.5140874228257,41.6436078375718,44.3120330048116,43.1853651172654,43.7019228695027,42.8487982898705,44.0401130491002,57.2082684475956,51.8028851313229,56.8661860850618,96.1901018847506,97.8566769370512,90.117457690347,85.9863285294364,80.9975715763442,79.3954079275797,83.1978367038705,82.2751199366269,80.4200016694479,56.3551588172134,58.2489368205239,62.3212909413193,54.0581255821622,49.3780331614807,52.6730655593826
46.7049943367778,45.6635335677471,46.6837255886803,45.7585286768774,44.7937860593834,46.9684356302655,46.9403941534952,45.0561078640648,53.84334636725,55.4842314850852,89.9578617561629,53.4778943759839,52.7410316106294,53.5718232672722,57.4652066535185,58.263961988274,18.4820181025961,21.9284406885404,0,18.0954220408904,43.053811903809,43.722459450337,42.8239737322881,61.5555333151223,91.2303255762151,107.122352761161,60.6951146255956,59.7810396968416,52.0949890437439,54.2371336153295,53.2422738992758,55.2213937194273,65.1648836951808,47.8945053185463,60.2500556264462,59.0045839784186,52.8586445028152,81.0447998362837,78.2702733860977,77.3772635512179,75.114861849227,75.4656763704891,75.2588292999686,75.1195119796287,80.8496835391546,80.1826266291453,83.1636611730886,79.770470817047,83.8286304241841,80.6595144827544,80.6187854559409,35.293631563497,37.9936303453511,36.5664639526007,30.3016527209158,42.2233681067069,40.8910246855528,40.0503140049158,41.9459104726371,41.0309883964229,41.5215408992871,40.6437220477569,41.8148122365259,57.6744254742153,49.3543219271491,54.40621281272,93.9264486286502,95.5946482050639,87.8546193876924,83.7227820248908,78.7106932733995,77.1083951417475,80.9155392972273,79.9930393267949,78.1288732201897,53.9549499489223,55.8554300716279,60.0104378696218,51.6810477865629,47.1094447508278,49.9566992436503
45.1071524583616,44.100100484314,45.0937556656445,44.1873838026526,43.2558679378225,45.3839976783399,45.3588127797176,43.5016690729318,52.8304804689269,54.4647673659468,88.2466288295543,52.581678183792,51.8269319667851,52.6160591712208,55.6980176646751,56.5249882683627,18.9101371974576,18.1100729884685,18.0954220408904,0,41.0098102813088,41.704521566776,40.8150454001072,59.9703123435404,89.4499476596244,105.353381743071,59.1719452491936,58.2383269337897,50.2565943073282,52.942943103255,51.9401007060126,54.016836377801,63.3954646003872,45.9385293442887,58.5256763100418,57.2826778772389,52.0350377446776,79.3185314736979,76.5418287648742,75.6503591751049,73.399090932831,73.7499930512637,73.5447773610119,73.4054746181086,79.1317813884434,78.4618233555456,81.4444594485017,78.05092678013,82.1089586466098,78.9404461730351,78.8966665649077,32.2301606104028,35.1920659643735,33.6234900393268,27.0905182551948,39.7436366643975,38.4286076539665,37.5396703191289,40.302570894702,39.0913705416371,39.6152874490525,38.7575243010431,39.9575435569197,56.7136512295314,47.8253501645568,52.9190039156254,92.1871507164061,93.8532952159629,86.1142852993922,81.9833398796729,77.0009346265083,75.3987922032847,79.1999452023645,78.2771534340199,76.4245699097565,52.3814321759789,54.2743227076469,58.3278483670183,50.0644969595967,45.3367078232958,48.8904864117148
37.1368828898849,36.7875428239414,37.0889009715448,36.9832576003117,36.6311557755933,37.3464395141841,37.269222477536,36.0421005149338,52.3362838830162,53.8767046849159,78.1615140433603,53.4783835610487,52.5247434538683,52.802643184674,44.6877796911909,45.9147332714694,40.2512085542081,45.1092262286885,43.053811903809,41.0098102813088,0,21.3406691396134,17.4146534298566,51.5698343560586,78.521980599214,94.5567042685367,51.6863836804225,50.4641524261187,38.3601182950696,48.8123738200167,47.708943481535,51.0477699741599,52.5593513216937,29.7450212915159,48.1067253299043,46.8827836542728,53.771655467315,69.0356725671517,66.2318219040276,65.3611181764188,63.2481155304281,63.6010076751632,63.4159069221596,63.2776317675073,68.9590127135767,68.2519129665788,71.2558667967622,67.8569434943115,71.9146874190898,68.7528738247491,68.6701538123346,35.0459826304604,35.8174125140071,34.0948394004901,34.5968048945711,31.5660422140661,30.2174745249512,30.9098882893942,30.8557970443946,20.2149662320743,22.6477863184074,23.1938398898655,25.3677603157562,72.8115413186785,40.4122038733704,45.987835707733,81.746636638532,83.3873862083497,75.660784709796,71.5407267064578,66.93131516772,65.3307280589045,69.0565792156733,68.129669536808,66.4251040583291,44.1181535484502,45.8973976884081,48.5313068949271,41.0564801067107,33.0542158074322,47.839764081765
36.8789170733177,36.5607133563935,36.7054926214049,36.8855530575338,36.5326521406787,36.8576734039874,36.689729463443,35.6209975985812,52.2283629596213,53.7572174682058,76.4710368938588,53.4724910710639,52.5085023062831,52.7441127219466,42.7641115799661,44.1165918071684,40.9379675189337,45.7848003061148,43.722459450337,41.704521566776,21.3406691396134,0,14.9071607807371,50.3567001612665,76.5898749651009,92.663159481596,50.6657457968037,49.3890671381734,36.1114197211683,48.3659824294909,47.2561946673534,50.7024081648563,50.6570976165644,24.4424870052644,46.3707618557732,45.1586624407442,53.8210925118628,67.291372550307,64.4797400184716,63.6146191120259,61.5414780932562,61.8946880821094,61.7154569314527,61.5772304638446,67.2447594702693,66.5272923398462,69.5369787031531,66.13682052976,70.194125863998,67.0344547319821,66.9408367800278,35.8692223735553,36.7735935086164,34.8531033428617,35.4588643094914,31.5788515539677,30.6747477610133,31.6772982185851,29.880625801568,21.884992915221,22.8542912098262,24.0375206635118,25.5261214725729,73.364682704015,39.723820975078,45.1554757683373,79.9563124220545,81.58979739239,73.8667768297074,69.7498581657185,65.2462213121031,63.6462059729347,67.3505754837245,66.4226244303313,64.7595837103728,43.0450767616424,44.7816907269749,46.9587005397888,39.9809070729806,31.5781060204624,47.717092352263
35.960493493956,35.6563198055368,35.8430080167283,35.9296776408893,35.5989908819935,36.0440923687869,35.9187334889866,34.7998914941951,51.435683416189,52.9681209342116,76.367900795883,52.655982008517,51.6937226885594,51.9400518126075,42.7594459781758,44.0408426559735,40.029661964821,44.9016518464361,42.8239737322881,40.8150454001072,17.4146534298566,14.9071607807371,0,49.9727919661402,76.6448664418185,92.6912312504343,50.1940590232673,48.9404012248321,36.3235567861278,47.6632181421135,46.5540984158733,49.9758607918079,50.6836135255327,26.0719447396988,46.2566000107728,45.0338816501873,52.9925371155958,67.2202052825475,64.4135370970036,63.5452086726275,61.4464893233591,61.7997052111966,61.6166711452731,61.4786110612017,67.1557451558977,66.444669320903,69.4510100814102,66.0513798116014,70.1092671367631,66.9480377685426,66.8611644938037,35.0816252875923,35.9386834964703,34.1340834635824,34.576761587725,31.3309576733702,30.2514207042409,31.0841174076897,29.2495947237836,19.0465775754168,20.6398446257487,22.0316681288339,23.8426338705767,72.4845538691552,39.0396976546947,44.5807615259984,79.9155845066547,81.5537512248649,73.8283824951694,69.7094106755469,65.1389658430296,63.5384941246688,67.2564412743905,66.3290430341941,64.6403249543046,42.5613824381304,44.3221337123444,46.7628825344038,39.4435376028275,30.9770009021277,46.922520933771
50.3577932648852,49.4917736939682,49.3954936954333,50.6005623615919,49.7326072047767,48.8123806058411,47.9586561289856,47.2076065843853,61.3667723812426,62.7398048655255,76.1518028641693,63.7540088005481,62.6879281083294,62.426732109226,49.5128190003486,48.1269788527203,58.8261570076592,63.9395441633189,61.5555333151223,59.9703123435404,51.5698343560586,50.3567001612665,49.9727919661402,0,82.0883992782113,97.2526798651865,40.4114626245781,36.0017574948875,47.9978835001862,53.726648834426,52.6354106895967,56.884561175042,55.5495179893281,51.9421698676691,49.1063827545356,47.9244206854092,64.7170665464169,68.3030689384105,65.6819370545744,64.6757656300626,61.6236450062265,61.9673254163816,61.6427762486859,61.502068191241,67.508576491958,67.0464093843797,69.914288983294,66.5453904127434,70.6123048140703,67.400759896849,67.5752336951205,57.0519032655417,58.2002576789261,56.6205595587106,55.4807904009861,55.612139920293,54.7779330340742,55.2207510619014,40.6755761149983,48.4238351951235,48.1221677773044,47.694469822929,48.0136068427515,90.1093780852916,47.6770232519144,45.2201903166509,82.0761093277946,83.8855679618382,76.0763494967245,71.8837750109376,64.7882226096108,63.1735572950594,67.4110987277081,66.5089112963219,63.8124390918824,41.8198193949079,41.7876915205469,44.2210008312206,46.7693652613846,48.3223153095851,56.8730279582707
81.3275400340508,80.7634291693133,80.5892735974519,81.6334806798891,81.014950306886,80.2217935587077,79.5752549768586,78.902476590317,94.8216790842994,96.2657360545568,87.6577356525621,96.7081835267464,95.685279851797,95.6440989153773,69.7956978418637,69.9563118318285,88.4857096937462,93.4610944429702,91.2303255762151,89.4499476596244,78.521980599214,76.5898749651009,76.6448664418185,82.0883992782113,0,65.1980557807744,84.8355938056858,82.9968793556699,66.2547654365701,88.8534610289175,87.7451109167772,91.670525743057,58.1274582428678,77.4759730783567,72.9296064683796,72.548357560446,97.4030087223793,75.9360031507271,72.4001511681275,71.5587903484646,73.3700127575112,73.5417592733769,73.938155393874,73.6135808682983,77.1582973714231,75.6600135393074,78.8699890190345,75.6618206459732,79.2989760499248,76.5980801675057,75.6505367287282,85.1937868056824,86.3136674632226,84.4386523228992,84.2103789374701,81.8689384433363,81.4186682442884,82.2818862959698,71.8162261881034,76.0439867414643,75.8852260286271,75.800558524314,76.2715276628703,120.243155809274,80.9100818769269,83.0519635477609,81.7087687404472,82.3458158139962,75.2417062956266,71.6376402838145,77.5991243622987,76.1355589795121,77.9257329567129,77.0160924197511,78.4643125495712,79.5840548310518,80.5752187893723,72.8629981985299,79.581700672189,76.8587281169813,90.3010289535519
97.1194766071636,96.5428324674555,96.3673780922089,97.4271632004821,96.7976074418122,95.9868645286946,95.3280301735942,94.6572383130839,110.504165851921,111.944363612717,100.001319879006,112.41773446181,111.392482673604,111.339382427532,85.6237526033824,85.4781355500662,104.378295793934,109.362330974381,107.122352761161,105.353381743071,94.5567042685367,92.663159481596,92.6912312504343,97.2526798651865,65.1980557807744,0,100.105063916194,98.2455697149786,82.6229704018662,104.450384069667,103.343406135297,107.281858737457,73.645520320744,93.57366921726,88.3505961240333,87.9958357490663,113.12715909459,88.1626992445981,84.4736568594593,83.4979589409774,86.2306182152988,86.3280047671715,86.8567676668699,86.461577361547,89.3345772729831,87.6706474210723,90.8535874859702,87.7701054359183,91.200205389791,88.6890755009455,87.5519277927326,101.176509801196,102.296944675263,100.441585964084,100.157014397933,97.9719546763358,97.4944882527261,98.3303624335674,87.5737603392347,92.0293581443182,91.8574629262866,91.7543043302892,92.2119491904327,136.109698887681,96.5903629293244,98.5549309987666,91.0167736895946,91.15388253015,84.447361968301,81.1452072023968,90.3535179086885,88.9354940771295,90.2556831049842,89.3730131851482,91.4825215226684,95.0783754183936,96.03459305424,87.8920252401548,95.2521280512,92.747769545722,105.985150973817
49.7136771427761,48.7008327739979,48.7418897511216,49.83369601266,48.8503663895597,48.1529030615809,47.3000541074234,46.3796889804217,59.0002556728385,60.3348641521842,79.4552350852806,61.6094955649512,60.5282387169559,60.1632670109596,52.0661532475158,51.1590282159759,57.9771253698001,63.1230082950147,60.6951146255956,59.1719452491936,51.6863836804225,50.6657457968037,50.1940590232673,40.4114626245781,84.8355938056858,100.105063916194,0,26.6397163952061,49.8718954577713,50.6131832186006,49.5577219587056,53.8433453363803,58.3970307199136,52.4975945172095,52.3838865069551,51.1855604870229,62.6891511943922,71.5525985987478,68.9111131598703,67.9104101559989,64.9728141966286,65.3100613409801,65.0056925873682,64.8577122222318,70.794923736265,70.3139868902318,73.1851480139644,69.8227598770652,73.8773190766185,70.6784662755369,70.832426904189,56.6587635216409,57.829861826673,56.3106497662205,54.92954148299,55.6743929116858,54.7723565323446,55.1211104539273,40.5400030162128,48.4806758309346,48.1956279128211,47.6780633774694,48.0156164841263,89.0738023705637,46.5544476567899,41.337973944545,85.1916778463404,86.9841289097099,79.1839312391628,74.9992446088194,68.1430420663674,66.5346617711482,70.7139670214819,69.8135722639978,67.2078003336268,42.5457246010764,43.3561189743428,48.7671583049877,46.8390860334002,48.649548234308,54.5657560467533
48.6691135485154,47.7014898364705,47.6926601249236,48.8340674027963,47.886605342972,47.097399859849,46.2353362822777,45.3773693357266,58.5977523804882,59.947140861807,77.5181943478621,61.1292870013772,60.0526631480422,59.7252492234858,50.2331029687399,49.2203641848267,57.0588076030157,62.1955907906979,59.7810396968416,58.2383269337897,50.4641524261187,49.3890671381734,48.9404012248321,36.0017574948875,82.9968793556699,98.2455697149786,26.6397163952061,0,48.2035554743091,50.4553550987766,49.3806471923376,53.6894040600225,56.5328723385121,51.1501956064404,50.3869308318606,49.1855402727234,62.1682209846369,69.6181209353966,66.9803062623914,65.9794600612689,63.0204947936963,63.3595116020655,63.0511753303928,62.9051128514759,68.857411833584,68.3791730114505,71.2506991777711,67.8863427956317,71.9440451692063,68.7423259756388,68.8993326618412,55.5993167840881,56.7623768644743,55.2265505854436,53.9174641567402,54.4821743502223,53.5982043995768,53.9737017629684,39.3003408165926,47.2676393775962,46.97420174619,46.4813635871761,46.8093637254382,88.2180585729537,45.5869431555782,41.0270850595677,83.2830419567744,85.0784738288177,77.2766226498177,73.0904951718357,66.1939759069757,64.584104775955,68.7739006403352,67.8728216632506,65.252487497913,40.6060804621432,41.1134119303496,46.5251033487654,45.4635976133828,47.3276973276413,54.1333372481207
42.4444763572352,41.9930598490091,41.7771306187961,42.788640546717,42.2620629209865,41.4792015094945,40.9002290944044,40.2670338500622,56.9187168472729,58.3886771764,68.5052655529002,58.6362588343991,57.6268622830385,57.6617671606207,31.3097643936434,35.0024603172449,49.3427685841861,54.282572655209,52.0949890437439,50.2565943073282,38.3601182950696,36.1114197211683,36.3235567861278,47.9978835001862,66.2547654365701,82.6229704018662,49.8718954577713,48.2035554743091,0,51.4898003485139,50.3682767756566,54.2319761902864,40.0847867398274,36.4628160777166,38.3318118702313,37.4420893865845,59.240888758365,58.7045015795746,55.8064381415219,55.0096562344538,53.379441855428,53.7380825602404,53.6248645788724,53.4886761361079,59.0084622993022,58.1743548200648,61.2507508222957,57.833965255598,61.8900994548867,58.7516361765116,58.5357880699609,45.6117755734289,46.7112265188462,44.7725319222683,44.7873191978167,41.8260959559095,41.434123708267,42.3960872738477,32.9553300288211,36.0182731180664,35.8713681564959,35.9243915687642,36.4197298617968,81.2568222681216,42.7862837263884,46.3123039676232,70.8940854977938,72.4513164429684,64.7644989055362,60.6796009255616,57.3373929408211,55.7434121231938,59.2067879530024,58.2663260801242,57.0739357513157,42.8808720070131,44.156340051918,40.7923167939763,41.3939655953149,36.9364310869092,52.3760052115583
