IBR/IBR_outputs/all.combrep_1/FireFreq_2000_2008_Total.WeatheringIndex_Total/FireFreq_2000_2008_Total.WeatheringIndex_Total.asc
NCOLS 160 
NROWS 95 
XLLCORNER 210004.651214014 
YLLCORNER 7350008.22228844 
CELLSIZE 4999.99999999997 
NODATA_value -9999 
[rows 42 to 62 of 95, columns 46 to 91 of 160]
101.112678629463 103.581559597796 107.537233753024 104.098706019004 101.68120512078 103.293661708978 102.945577380091 103.402460273659 108.873761088037 98.6576538172828 106.658546507393 112.90143575305 108.584901721373 120.714055533273 106.615583380327 108.648088921318 110.176360909842 108.482623897575 105.553051247005 104.745554665527 102.521527365501 98.5202189202225 89.6264923280123 99.6661436010484 101.335524008923 103.085430217695 103.081356946424 101.294103023612 98.4586067814031 98.4732543557425 88.2446476097677 97.2462094185845 101.202535940842 94.4076155603979 97.8004701397198 97.6223970264562 95.1901340406002 77.1340478588727 47.4282104563804 33.949451913586 75.9638771888404 100.358649582547 102.686908571093 96.9112806253532 119.814779117822 132.822128200196
101.617177006878 101.385260038647 105.443669889144 117.999761947364 108.350427120654 107.681161363863 105.894601573662 100.309613940796 105.158424594181 108.299590412131 107.417304604526 106.531686929111 107.117338423557 108.28094728983 108.586020073307 109.30511948564 108.177292253492 109.864244133899 109.74783229493 105.611102701297 105.51986594092 109.956922296297 105.514312207487 99.0642753698013 106.327318024936 105.086540736079 103.061621709416 103.411793990545 93.2993771106135 69.9077806175823 43.4938007335704 74.8221527709481 91.2543889074764 86.8457037253711 96.4282397591833 100.835345082081 97.5095910598058 50.9784397684068 31.6232078285939 54.6562180329401 88.8908453760388 96.6452826172693 102.307497306683 113.609879079156 176.361867920349 109.216034127203
111.715795302298 114.33358502486 178.042238275863 161.97598166625 112.108972397058 104.844882368508 105.654155799197 107.936031483244 109.469096839152 107.746328670923 110.475242852543 109.859198969285 109.964944169559 109.016568497252 108.505715747225 106.69418639077 106.180194699792 106.29777759765 108.440650896489 114.006245424297 120.356157387577 109.11320428457 108.697364528513 98.6012390697623 97.4798261786958 103.409581708791 103.284804808477 103.174221936565 99.9554568142015 93.1712673285413 75.1173929903396 68.5229384308297 89.759474500794 100.616624384011 100.709245936454 101.095806005602 101.419323026601 99.804560451775 81.70287261806 74.8955758995048 90.6817257019711 95.397126405552 98.2152411879454 96.976229824038 98.7700198254246 97.9793823088115
97.7207875439149 175.463096502997 195.66654441879 98.921009834987 100.158714922768 118.020982576716 124.489186015664 116.057868901555 110.619389216658 110.023888234211 106.655266318711 101.062449147708 108.294780948427 108.758886251701 108.304245922093 107.219110730599 107.380814294422 104.633743150167 104.299311720604 109.123558231866 109.537749924826 107.776068496267 109.91238922681 103.518626243433 85.0223027592532 90.4613817263206 97.9741687336707 99.7035321767959 100.88806623626 102.638618539592 100.371218014756 86.7874554675488 90.0947386769167 98.7749712225082 98.5750818234271 98.4945979973684 101.411572768848 104.167704276171 96.7651610694021 103.011724428106 100.497545595552 100.466201557285 98.37821970377 101.471196356689 97.9723647788632 98.8030637952542
104.239345325876 107.423988073899 112.508877076762 135.871117736117 119.563880294324 120.07626661034 113.537544272912 115.217909282736 108.105648064498 100.913808861876 105.599253962367 104.045515826049 100.64985519447 96.5188754017018 109.279448136883 109.08384800162 107.459065683163 106.454081076429 104.295637062264 113.792573077311 112.978775136713 112.359323840871 107.328081506868 112.460156350758 108.528350715782 114.587655799491 103.289852562323 94.1098876799986 106.780829077522 96.1792419411363 102.211008005953 95.8212681180341 90.4658789538035 99.9808690327318 105.227212926939 102.033709177814 101.834386541356 102.850827307232 102.451079902149 101.842541604952 98.4472990144413 100.488593808227 99.9756856050576 101.537632724306 98.8437407230095 94.756506688648
110.572861170615 108.57570406487 108.835003969561 109.807909821562 111.12274866941 109.859316311084 112.983655956557 98.968406320768 97.0466393971401 123.320095834727 110.340677726568 109.286247104506 106.385764020888 98.1451027805921 98.4005179640211 89.1218826137008 107.253376119215 109.223220622227 108.325802776828 109.729967463426 110.629098073715 108.963375677947 107.281910064119 109.879889342864 113.043899182148 118.481876622394 111.245458425747 101.608825797875 177.775776069032 148.966845513223 99.399558005921 98.7437198210184 84.3780253689857 99.2246044688588 103.722411594073 109.249582223513 102.791822666098 100.948361135009 101.381732644982 95.4732766839281 98.9591658273417 100.193252696627 100.342087049494 100.228702158688 95.758511823757 88.589603740311
108.285855741782 106.879882434515 105.462779440992 108.407433265353 110.132026559146 110.441843480672 105.436337935739 93.0852161129333 96.5624293072866 104.251254636362 109.373523388182 108.300810614832 114.217594366111 115.88823658275 127.714054199021 94.7060765014059 102.694780117321 104.46300222909 94.1017079750914 99.1737010570502 107.668687399026 108.603955549676 109.007813768257 106.993475918359 108.310731134941 107.544471751972 122.364386029803 104.631140833574 111.608503758013 132.431953995294 195.206817769176 196.340140993744 101.558869430216 101.306355256552 113.792999701116 112.95605015244 102.902172494375 101.908303360579 101.38970206509 99.4162923996163 101.672904438112 101.925401251082 98.5811305035828 99.2604395395178 98.5445222959198 83.0456288123857
102.175897468705 104.339707708375 105.373829774487 106.201892335871 108.064668548054 100.684266173088 96.5695349858348 87.2546579818168 107.312342935644 108.901741811592 77.8769182921095 77.457986929622 102.37546748022 109.748029359137 118.122372561819 109.098649094175 88.2062230446518 86.4630413979668 89.2332894650901 89.2696283203373 89.6497538662341 102.482224816125 106.311970601521 106.162651309129 108.560748916444 107.221112749621 101.886710495384 100.689691795784 99.9867212076969 109.908377969271 151.736367521589 195.573631708321 126.811899969803 106.238222999852 141.230789277483 151.284991455105 104.128959843652 104.755171302322 103.357857130686 104.28377953378 104.321922565579 102.536147780036 98.8400909493931 98.8285295421831 93.7445967541022 94.0837620638692
96.995284591541 104.076197179083 107.206001920141 112.930702028485 107.655616571903 107.887720914943 99.1724553708345 97.1989724968231 108.01056912927 100.102883780146 56.7978916063459 30.9177600632475 51.8704663850241 99.5259636085436 108.995706772336 110.609605311879 102.815575943901 103.261571904931 104.340980803018 79.1314200010489 87.9575033532573 93.7768173980701 97.0785433153357 98.9201275715428 103.746168649124 106.148507766213 97.3610154483422 77.0512440822866 58.9477517838801 82.8902916077353 96.2327821716995 113.30242752986 120.213994036148 105.348391939868 99.0738237240003 102.686588350958 102.219599889846 103.193940887738 102.168930373781 100.403350532823 102.078209171613 102.795813734105 102.4134664348 101.069734298017 93.7864660551922 86.9386393664582
99.4353247066753 100.428591865748 101.89549020182 104.117573576958 102.258407614229 108.995309041182 106.910061469205 103.252239639725 104.805149153698 108.799045430955 90.5335121198543 33.513959306938 87.069387590205 105.5296251748 101.206373181486 103.732610174906 110.172410681935 109.771934330784 104.238509316264 79.1955906979504 89.3387500679734 91.6689625300995 91.6586022772978 102.310299177064 94.0709131125361 99.7890769182742 81.2884202518666 106.795328654471 91.2712994913729 91.3011518599213 91.0480088618481 105.506709907583 109.285381081155 150.936139352682 96.5239713219551 97.6007777142525 98.1774377091074 99.548318630927 94.7038486807674 89.3281739751377 99.1115244983193 99.543249663916 100.656772653601 102.409192202733 99.9433427446467 84.4400845020371
101.770450807228 92.2973848741447 108.160562819275 99.5523226476951 105.381606313327 109.017666653389 110.253933733435 110.716469282231 103.343529819468 103.990966721997 108.355206122376 109.075219363196 108.719110271472 104.836436905879 109.595715531605 110.074175872143 110.100090875436 109.212761258703 105.502582410842 99.1988509619133 97.0510477807257 95.2631622257799 105.823724044706 104.655570085717 108.07278028534 106.377713099221 101.729889470826 107.505400189343 104.042867630241 76.9517956565948 75.3140665353506 106.23840683715 111.339625247164 199.349383162844 105.02599212608 102.342002932013 107.225502439297 108.376289387167 108.191139849246 106.245903611904 102.160526665792 94.7817739593422 98.0640693142976 101.096949341863 99.4169337035686 100.661011219792
101.126306833304 103.478446348573 100.909707977408 100.410709963035 104.555568935177 105.746925480478 108.396526828687 106.402599490313 102.842810605081 106.588623790282 104.811471092509 109.282051979658 99.1849228098609 108.957669783384 109.717084818891 107.081051567378 106.883523492245 105.314546156072 97.3756282922808 97.9041198828143 89.3332290045702 91.6893365129912 103.741286616557 102.605949962093 105.023722054022 106.554973591351 106.662426996795 94.1475127719887 107.723767003445 76.8611384643284 72.6527821899125 89.9046714368063 106.444751041738 165.769433807018 178.110522267579 118.494153189774 120.980185792721 110.49939540867 107.080934510345 103.512127681376 111.49767123613 111.956203671775 112.520267125585 104.697164722152 95.5175148788565 77.9735932552176
105.602827149928 101.734960041109 100.543038395419 88.1303157339167 92.9656721721077 109.208162772821 107.334377621324 116.345796971941 103.484098679324 106.126308020062 108.415280596923 112.269188186011 109.197409745698 109.928565252637 109.083333786068 97.5757218270555 105.049241649045 104.765053051873 106.980800191813 97.3525126479485 79.1103377954672 86.5394872012312 98.7022365061034 85.8967740604297 93.6784573008822 86.4192694758835 100.7738071596 94.7116204461774 97.2611379443225 96.4231373994013 92.8594179371231 93.3496220503401 108.037152151485 107.225867485829 110.11191244868 162.763142754347 130.161876240386 141.305571942313 105.361713472132 114.104772598335 198.193677910126 199.006866528622 197.683924210391 125.553789661867 110.944767436287 109.369730003038
94.7661245854804 106.956499904405 108.83290032349 106.704553848977 106.048208017196 105.142470262293 105.572924929758 108.442568045292 108.246191536279 108.567271115863 109.926642947489 109.762701352667 106.01524116543 86.6505932098929 98.2677282626399 79.5591027730133 102.895517491167 102.46336097413 96.9624611277809 107.814332924999 95.6796380421492 94.9857629847259 104.127917671962 96.5389695570557 76.9776624091733 88.1645257801699 98.3164615016728 79.8540515017634 77.4304594337074 87.6236416723073 98.9632495803733 104.844124694575 98.9286788370079 107.957704278656 105.570235792408 99.6712620799118 104.872343735502 103.667031859445 103.339419680888 103.884013015265 104.6202407948 112.073697956974 129.706872052036 117.830633551773 114.663097461297 141.739689010627
94.5158233344821 100.817021488227 108.294165898951 116.718826842369 109.19281502187 109.484010806555 100.307216915008 101.727326082596 107.820644013783 91.8600250649123 93.3691554262058 101.309164554972 104.364990361516 105.375641292479 98.4209396835364 96.5403824907505 98.1042245699009 106.29770187955 95.6061001776637 101.658661812371 94.3303095777975 87.8459412316682 99.009270565234 89.288811520883 82.4911284566176 100.423791468605 105.419848469173 95.472096253548 84.3673139976782 90.8195048262611 100.326632029561 108.64454677611 96.0212808124292 90.0023869911299 73.2736707845042 62.163890298456 66.8846938352164 124.218137191664 90.6870148990313 104.452653273108 103.618424534986 101.437695825713 101.124646870494 101.005139509549 102.287045706009 101.139181401042
97.1061759568291 95.1915834082837 106.619282607344 106.565445692966 106.719355330947 106.557956109162 92.5336425469665 105.259013311539 107.091722846858 105.481583323394 97.5362843614127 104.391935128482 108.703756467978 109.763958575183 109.860827556645 108.528083443179 106.911945107561 103.798104512169 98.6678785479102 89.1013397974628 89.4368584513854 89.9227470324044 93.1958153815579 85.0405409818029 98.4731485358222 104.330487368672 109.506617857655 119.771944013709 107.73515259625 106.816609971871 106.983980060152 107.304256104607 102.454592502268 78.4894189590678 89.0716079319599 72.0333491395785 91.2704435278769 79.9751424254922 69.6431238843137 62.3524317950519 97.5575369663761 104.966887770416 106.376274583646 104.826672789708 104.362243480068 101.077981481358
101.576243102932 98.375077723609 104.39006805931 107.615113080349 105.223214193148 105.767771585663 103.150690729607 96.7493269810564 98.8088046583387 84.0239874807916 88.3679787316508 127.652859139793 127.37090792345 106.884879122598 106.721488913642 106.21492400757 107.194530588736 111.168860219005 107.997902948043 108.976615350642 109.414245836552 108.81626677074 124.113794203707 106.775972360971 105.350934455696 119.84194127395 108.398111500255 110.142451711827 104.973154018489 110.88058949321 108.166054312654 106.770812026141 109.208348371331 82.1661482755885 66.6300469574488 86.6248650942239 89.9643680757924 93.6426247273278 94.5819419967534 74.5955778770213 71.3268530826125 79.4158022243255 90.4395381667157 106.229709849392 108.742232462383 104.008997384497
101.639375205765 96.5897162078238 93.5566520251114 92.2695908405468 103.044865061133 97.437267221429 102.289193319821 100.24391075118 103.788688414343 96.2972252202966 103.214814921567 122.913800154955 103.330866292995 104.009904992797 104.353978516321 107.061775007602 127.288833118598 112.055846476577 108.956110371821 112.183807717947 112.662306328998 111.962485351539 110.517873256574 108.784510906114 109.042991247348 203.009362551194 124.209117961445 115.599253272697 148.188411604254 128.106720609223 106.747437907796 104.906451170788 91.3117760498226 94.1395675123919 100.31988009198 103.02633551195 107.455947633548 109.258420576029 102.25852711864 88.4535348570382 89.6995542450712 85.1506900992445 79.6513806073947 79.4754401289305 94.2291733342797 116.677342401787
92.5002223782036 86.6270230569579 92.9562478899804 98.9752350648822 106.886301304623 98.8719200858274 101.059732814101 89.2634226221586 99.1871780006808 100.924058626895 100.221319915166 103.518438678088 102.646341177266 106.194567372629 105.24776413264 101.785758393011 105.613245899016 108.187113835772 107.491837957106 109.67782119564 109.472154887308 114.577824694631 108.66636665592 109.366929496466 125.24909708268 203.122287929074 204.81438910817 185.933246858362 110.175560357832 112.216820068086 107.183158493769 105.130397930377 96.3917083055229 76.3329597907492 97.024384328581 106.467510593894 109.445218486695 109.856514885418 109.742276276467 108.878762798215 103.974279383002 90.203801530533 80.8174512598013 94.140054610548 69.8157760828633 73.8442669462297
100.81183645868 99.3635785376323 86.9070081636359 91.7442782604755 91.1066788282757 96.3259028024398 118.807300527621 109.118030151255 104.304661075025 106.2518195593 105.610703670265 103.692371532889 102.599566990931 107.028324095769 107.501731476622 100.604899866532 106.560690219337 110.955349459199 95.8389457430302 84.0034926648908 84.4508525120923 98.4236331288552 107.58697262764 108.956293764253 112.006512728269 170.244789855311 135.081545896234 148.408359346168 109.606857145785 112.627719888595 118.423258262849 111.740121540834 106.68357713303 98.0456885513627 78.6672609836191 104.398818651126 103.489699515561 108.780417829251 110.276622407686 109.509318960657 107.050507133259 104.104438644552 95.2308253135224 104.186807052048 105.793794928608 65.7632737993614
98.3007544302959 110.142290213759 106.808792080618 89.5736636448564 90.4875017513347 88.7183044143153 104.917144534574 102.750233667587 101.145743512659 102.681986189811 99.1948799872184 98.6496974677508 106.735826642902 106.964857775889 107.116059708543 105.416838239918 105.234157683515 101.889150287525 97.7807099818207 103.542494518297 86.3025543579336 105.262030477853 103.389616105729 102.484788453884 106.955654672515 110.902574249114 112.659954835503 107.242206351677 98.3450043828983 104.347536824195 106.745137858229 107.985540215156 105.820075345118 101.927444690355 95.3436912074405 101.644540717717 96.020215141848 77.4965219406705 108.020707720961 109.032373578517 105.884288016296 99.0813726436082 107.214299178677 107.123612952096 105.690916241917 102.495663959238
