IBR/IBR_outputs/all.combrep_1/FireFreq_2000_2008_Total.WeatheringIndex_Total/FireFreq_2000_2008_Total.WeatheringIndex_Total.asc
NCOLS 160 
NROWS 95 
XLLCORNER 210004.651214014 
YLLCORNER 7350008.22228844 
CELLSIZE 4999.99999999997 
NODATA_value -9999 
[rows 0 to 20 of 95, columns 92 to 137 of 160]
-9999 -9999 -9999 -9999 -9999 -9999 -9999 -9999 -9999 -9999 -9999 -9999 -9999 -9999 -9999 -9999 -9999 -9999 -9999 -9999 -9999 -9999 -9999 -9999 -9999 -9999 -9999 -9999 -9999 -9999 -9999 -9999 -9999 -9999 -9999 -9999 -9999 -9999 -9999 -9999 -9999 -9999 -9999 -9999 -9999 -9999
-9999 -9999 -9999 -9999 -9999 -9999 -9999 -9999 -9999 -9999 -9999 -9999 -9999 -9999 -9999 -9999 -9999 -9999 -9999 -9999 -9999 -9999 -9999 -9999 -9999 -9999 -9999 -9999 -9999 -9999 -9999 -9999 -9999 -9999 -9999 -9999 -9999 -9999 -9999 -9999 -9999 -9999 -9999 -9999 -9999 -9999
-9999 -9999 -9999 -9999 -9999 -9999 -9999 -9999 -9999 -9999 -9999 -9999 -9999 -9999 -9999 -9999 -9999 -9999 -9999 -9999 -9999 -9999 -9999 -9999 -9999 -9999 -9999 -9999 -9999 -9999 -9999 -9999 -9999 -9999 -9999 -9999 -9999 -9999 -9999 -9999 -9999 -9999 -9999 -9999 -9999 -9999
-9999 -9999 -9999 -9999 -9999 -9999 -9999 -9999 -9999 -9999 -9999 -9999 -9999 -9999 -9999 -9999 -9999 -9999 -9999 -9999 -9999 -9999 -9999 -9999 -9999 -9999 -9999 -9999 -9999 -9999 -9999 -9999 -9999 -9999 -9999 -9999 -9999 -9999 -9999 -9999 -9999 -9999 -9999 -9999 -9999 -9999
-9999 -9999 -9999 -9999 -9999 -9999 -9999 -9999 -9999 -9999 -9999 -9999 -9999 -9999 -9999 -9999 -9999 -9999 -9999 -9999 -9999 -9999 -9999 -9999 -9999 -9999 -9999 -9999 -9999 -9999 -9999 -9999 -9999 -9999 -9999 -9999 -9999 -9999 -9999 -9999 -9999 -9999 -9999 -9999 -9999 -9999
-9999 -9999 -9999 -9999 -9999 -9999 -9999 -9999 -9999 -9999 -9999 -9999 -9999 -9999 -9999 -9999 -9999 -9999 -9999 -9999 -9999 -9999 -9999 -9999 -9999 -9999 -9999 -9999 -9999 -9999 -9999 -9999 -9999 -9999 -9999 -9999 -9999 -9999 -9999 -9999 -9999 -9999 -9999 -9999 -9999 -9999
-9999 -9999 -9999 -9999 -9999 -9999 -9999 -9999 -9999 200.534695160993 199.47685103402 201.675357605487 200.158097467588 -9999 -9999 -9999 -9999 -9999 -9999 -9999 -9999 -9999 -9999 -9999 -9999 -9999 117.420399455533 107.947160052958 107.471486032197 107.504891817716 122.100853945029 108.119841462249 122.127813814686 128.796956997704 106.798946700398 107.229405761524 107.872924768226 107.488515945813 108.238560483198 107.50051264142 107.269470935963 107.227472106225 107.63241790717 106.921850568926 107.248251852031 107.27357381172
-9999 -9999 -9999 -9999 -9999 -9999 -9999 -9999 -9999 199.557134316233 196.519475394819 201.453272199895 164.849175412935 106.006988461743 137.742221626895 199.054856979423 198.665659049061 -9999 -9999 -9999 -9999 -9999 201.739438421397 169.767239184067 135.313546755952 142.179420088965 138.743450668434 109.576825538727 108.64809642393 107.812836376459 109.660896287754 107.222633491048 107.844327331227 107.679502258419 107.682523785477 107.57331820497 107.48768157105 107.268094135567 107.281216334477 107.376492490358 107.16399460005 108.835522995864 132.459921472307 107.308314217349 107.189912550832 107.255154950449
-9999 -9999 -9999 -9999 -9999 -9999 -9999 202.116869100569 162.204266117264 197.200711098646 197.109564097948 197.580165723704 149.353530828712 105.747960357075 105.055063929736 102.475865530992 120.90757522198 110.066612922568 105.590353642516 -9999 -9999 202.311955328715 202.101453413612 202.373968047009 128.313576674544 108.866044082742 108.912885495167 108.105451013883 108.229180837382 106.962903847866 107.166000515396 107.223049016512 107.483859706131 107.48874115775 107.664829343111 107.530768352194 107.714284135387 107.76572547857 107.700846725683 107.724980721193 107.375560727833 107.255326590967 110.694827441321 168.654920864022 113.162842654454 115.061658157629
-9999 -9999 -9999 -9999 -9999 -9999 -9999 200.06478702027 109.256790974596 133.851058667303 195.198093772239 197.367463583772 197.34667532034 110.449272260431 99.4440040716333 98.9132750389751 99.5671035013263 106.504890246653 109.359003294454 159.661719771335 152.328728837486 202.292056935568 109.675479942747 111.188631069717 107.72596025983 107.627724725092 107.771922694186 107.707886769054 107.610984768176 107.728748761247 107.962307598538 107.468202795234 107.731133523738 107.673137729836 107.602114339496 108.660929559015 108.11283830608 108.010779263399 107.616555921064 107.833387959659 107.728607761515 107.576977224091 109.533980544053 168.821917658849 107.525922117586 110.849580940946
-9999 -9999 -9999 -9999 -9999 -9999 200.732310029601 109.949205929672 102.272843219927 103.837587433871 178.407773106723 196.718354796377 196.820257060469 161.445826761133 100.196116042539 100.5589702074 107.820586975196 108.753500910505 108.306902270378 118.309991863392 109.768062861077 107.687075317084 107.273768034359 132.213741120179 119.780931591765 109.021971615373 108.062353342738 107.54173088673 107.529959806227 108.081889774107 108.038969044224 107.610871231063 107.721466936168 107.757987279113 108.086814181816 108.005709949466 108.031472801957 107.888336549609 107.650705616873 107.809384748966 107.951272719083 107.582172207532 107.749944307897 114.686029974567 107.721284352397 107.692256159021
-9999 -9999 -9999 -9999 -9999 199.29048268164 178.65915450209 101.32448034184 100.865969821691 196.468528470268 176.635741212707 196.325967295551 195.567756853227 195.209403526785 110.415049394833 105.017520462722 109.457130510802 108.298628517662 107.769997874429 108.525642952404 107.733148221185 107.814850727546 107.415180894502 107.671714260144 107.477022129299 108.479854450271 107.918503029805 107.829938049357 107.975880022304 108.740535707205 109.123010268761 108.004626899844 107.567572987569 107.433548679934 107.937944582173 108.155875964034 108.031931945676 107.719353963814 107.592984025855 107.358829675937 107.806538968555 107.839171132094 107.736853530919 108.303858215116 108.787619441796 108.832585476385
-9999 -9999 -9999 -9999 201.514176595012 198.765164762393 200.523597030278 197.051331531087 192.454450989255 195.571591440712 163.583898457305 197.128847234352 195.875787919968 194.936093642223 111.668935228592 101.714740770316 108.144492331709 109.57259993152 109.198693226392 108.857683739315 107.844407992271 107.487092235879 107.651476429865 107.456818631831 108.405100191973 110.019152474526 109.08980798304 108.783997392375 108.333296562947 107.900896042201 108.892611638825 108.17792204956 108.029577216299 107.693348746302 107.75408651758 107.685586140836 107.45728585862 108.335703053805 107.866633198931 107.551652866005 107.436252792043 107.903158004656 107.953791327086 108.295513777525 108.759874628791 109.476407684236
-9999 -9999 185.063729900887 197.311866270444 200.79641346603 199.98375691984 199.980413695413 82.0555776502279 73.7364027399356 94.5789408827473 105.938648289653 104.539339772221 160.600645765413 122.548662845993 106.357531520318 99.4751962456433 106.508296404526 108.70674635422 110.165098748921 112.402989319364 109.157270562831 107.898902711674 108.474731603649 108.142354658169 108.271820817009 108.690050666406 109.338658175233 109.399711930333 108.799011429306 108.446828820328 109.47720690859 108.349607702705 108.490620415386 107.549270030804 109.085847657613 109.036517914219 108.658896547534 108.521370205124 108.46912704179 108.406249694955 107.752507502503 108.641184899708 124.297693664845 107.745968221298 108.016877367569 109.523098188919
196.212584738223 193.697191169374 95.3434218761468 115.304846411708 128.202934047593 133.227429392797 84.9384394895689 84.7354671097006 76.2182129568687 78.8007210282219 104.756636178788 105.19120955442 171.200878184889 137.965137507266 109.437861288445 100.203131674886 101.607012315082 108.382069413698 109.123540972902 114.477397134242 107.476569622222 107.559051375543 107.904674743697 108.171928826637 109.145356887886 109.357156202209 109.086005945516 108.601470663193 108.994654831752 108.701631929349 109.502589497381 109.02384101095 108.351562502037 107.699415824283 109.058222601938 108.489326444781 108.38424350526 108.854941238206 108.06090078956 108.395618814226 108.389495528643 115.3128105098 108.698531865391 108.077774769029 107.68256620904 108.5488603307
189.902435235797 144.314644224716 73.6054745246497 71.8910737320251 89.8749691436796 92.8156404265084 75.7407777895804 79.8099653373193 75.1553486234543 77.3744945802853 91.0526932998016 78.4899223239268 78.7725098329738 85.0041445580273 98.4170092504898 116.141409393248 102.345353799894 104.252835763559 105.088968921648 103.443429720861 99.8690845384878 101.630553502335 106.201502001014 107.858757677134 108.556263412829 107.691434885793 108.614501344595 110.03954982267 109.69467586977 109.203339234957 109.76545928371 108.468553567274 109.007488226415 109.256633939014 108.874550845278 107.982548461974 108.766274095131 108.546384090045 108.664200778026 108.788017545266 108.585131446564 110.020553502064 108.09272971306 108.415734767774 108.22620662541 108.728782345381
79.8276683096474 104.695494964036 72.5107506634202 72.4568408781565 74.9425338062322 73.7568169397058 77.5157712770288 75.5668574375322 73.7248391074473 73.7909000258227 76.4160652232764 75.782822847106 74.9862404101285 75.169132734389 75.8553556051709 84.2794980452537 103.606533277162 150.899832835291 103.979628145701 94.0024862410272 69.7524075377517 64.0845111819061 68.134347921153 73.1734699492932 99.0664561522411 107.197375498937 107.47401507664 108.944288579789 109.439675951765 109.734819999578 109.994086490915 108.900765823526 109.697835466074 109.332305672547 109.430246634805 109.120477657064 108.783405328606 108.948101783866 108.683804109964 109.40923072164 109.086783552777 109.573018611145 109.258393409078 109.128400362481 109.711297769375 109.283742008156
73.8347176186424 85.3904640449876 76.1042483872056 81.7656383656292 91.9389027886239 73.7809941408095 73.3514937796777 74.1898903534727 74.0597938287904 77.6275447046863 90.7333485474291 78.54238172721 75.3989762383811 73.4990422085022 73.6715897673707 73.8052453219934 84.4992238158892 147.771248603072 162.572070121017 133.28765967113 79.3320416071315 74.9601787807366 77.6819684426585 87.7494326191566 105.980818856324 101.181165283163 99.2318658199784 100.607993211577 106.183596025166 109.011725883027 110.074480634889 109.66731932699 109.702223221216 109.375961924832 109.421041309805 109.939922751801 109.655185727199 109.172912104525 109.420943212002 109.453383312512 108.455926705381 109.108907282804 109.042153456801 109.999663616398 110.302894698882 109.874384451536
74.2273770684209 131.365680382279 84.5779087399562 71.2471317166262 144.241123429397 110.984876342757 72.8904967213233 73.8364613974439 76.066749850161 76.488249080553 86.1664632779474 79.0429690854818 76.2657173813042 75.1259511808427 74.3712865589244 73.6683176563472 73.9094068783497 88.2962142136411 100.284131219802 194.888312826603 121.59137481304 82.9747621855667 74.390619901582 89.7989266927005 101.800577767671 89.3071898302413 96.3122232501401 103.182496804223 102.101160098794 95.0823049957189 108.757491579092 109.214968845594 107.664379689996 107.396541813518 108.540308150352 108.593494117529 109.088095984929 109.444733934111 108.700598625876 108.783070095667 108.847568391705 109.328306389146 109.800348686953 110.521368038982 112.166558206668 110.363015549426
72.6313567810577 89.2650196929091 71.4878611012467 69.3262387460697 66.8025714302267 72.1250863206878 72.7522447621611 82.1476814727078 72.135513589921 73.7949679951031 81.2509231526715 77.0879574053466 80.3870752525126 75.1675151832037 77.9961301129353 73.7943375924224 73.8489262920192 87.0127642748074 94.7997343151 93.4093016808096 104.017934829952 99.7097377158623 99.0603767551857 99.4240242241356 98.6965670228204 98.3592616189246 100.213115160036 102.697215548049 100.793790336166 94.6516804142672 92.7819343783468 104.421225266047 102.95020689149 102.47133903655 95.6433006599573 103.986427542604 109.198482125524 109.197454589778 108.009923070188 108.214375382712 109.167500401958 109.539919290373 109.69007012322 109.916376137724 110.68555728122 111.507579407724
89.2276946749835 80.7799324616224 75.993502304073 70.4095018542829 67.0222172400625 63.1569963132875 65.3513025461919 85.7966878106379 72.0633771012994 75.2932841109829 77.2606643231798 74.6837880609207 107.565568138475 77.8352082697847 77.4458910743318 74.457225175592 75.2003929770277 93.4969517357968 97.0420179231368 83.284746504689 142.732063784587 75.0994889036223 82.4346899185239 93.8710301591584 101.678873440236 99.9591189498038 102.705202949367 106.831586038654 101.8689736703 102.454462712165 102.081997082927 97.5075484806266 97.3677404632466 101.88726907299 98.5016713302878 98.4975418578997 104.196897564611 107.234099364472 105.192384070108 107.2591039665 108.734565942628 112.838157904658 108.557426120195 108.384360681176 109.555084777596 133.925813543139
