0.19304 0.80686 9.9991E-05
0.118171 0.881729 9.9991E-05
0.235151 0.764749 9.9991E-05
0.0566102 0.916241 0.027149
0.0407394 0.947257 0.0120034
0.0349613 0.940009 0.0250299
0.0887686 0.8712 0.0400311
0.0742907 0.925609 9.9991E-05
0.261235 0.664127 0.0746385
0.217817 0.713944 0.0682388
0.146811 0.639094 0.214094
0.294218 0.6311 0.0746826
0.0449948 0.624915 0.33009
0.290236 0.608214 0.101549
0.252649 0.706375 0.0409764
0.219774 0.774163 0.00606225
0.248394 0.746393 0.00521268
0.193502 0.806398 9.9991E-05
0.636574 0.142789 0.220638
0.792656 0.199619 0.007725
0.798635 0.18552 0.0158441
0.85976 0.0652694 0.0749704
0.972631 9.9991E-05 0.0272694
0.929541 0.0331201 0.0373388
0.727251 0.256819 0.0159299
0.97622 0.0236797 9.9991E-05
0.917708 9.9991E-05 0.0821916
0.940726 9.9991E-05 0.0591743
0.99614 9.9991E-05 0.00375961
0.939245 9.9991E-05 0.0606552
0.95562 9.9991E-05 0.0442796
0.956586 0.00557309 0.0378405
0.970478 0.0248497 0.00467255
0.233808 0.70281 0.0633814
0.309567 0.678854 0.011579
0.103749 0.858731 0.0375199
0.0745852 0.911478 0.0139364
0.214071 0.660325 0.125603
0.646062 9.9991E-05 0.353838
0.817494 0.0911064 0.0913992
0.210423 0.699781 0.0897958
0.230532 0.769368 9.9991E-05
0.291491 0.512699 0.19581
0.124787 0.526319 0.348894
0.0895873 0.587207 0.323206
0.626844 9.9991E-05 0.373056
0.305395 0.59736 0.0972443
0.108458 0.656285 0.235257
0.44475 0.444435 0.110814
0.0713084 0.0647836 0.863908
0.105874 9.9991E-05 0.894026
9.9991E-05 0.136281 0.863619
0.078896 0.0846235 0.83648
0.0986988 0.00501354 0.896288
0.120374 9.9991E-05 0.879526
9.9991E-05 0.235536 0.764364
0.094531 9.9991E-05 0.905369
0.0648784 9.9991E-05 0.935022
9.9991E-05 0.13664 0.86326
0.000675194 0.232002 0.767323
0.0890581 9.9991E-05 0.910842
0.094058 0.107849 0.798093
0.0684011 0.358265 0.573334
0.856795 0.107369 0.0358357
0.802483 0.159726 0.0377915
0.907509 0.0923906 9.9991E-05
0.102478 0.0920408 0.805481
0.033854 0.250178 0.715968
0.121399 0.0426391 0.835962
0.0645408 0.08997 0.845489
0.0328441 0.0794 0.887756
9.9991E-05 0.645728 0.354172
0.0426072 0.649322 0.308071
0.0605958 0.588907 0.350497
0.0410345 0.633893 0.325072
0.149007 0.568928 0.282066
0.0511854 0.596634 0.35218
0.153284 0.591609 0.255107
9.9991E-05 0.242287 0.757613
0.106528 0.274527 0.618945
0.112767 0.0476142 0.839619
0.126702 9.9991E-05 0.873198
9.9991E-05 0.210401 0.789499
0.818959 0.122741 0.0583
0.137368 0.419615 0.443017
9.9991E-05 0.578805 0.421095
0.597542 9.9991E-05 0.402358
0.213365 0.786535 9.9991E-05
0.221758 0.778142 9.9991E-05
0.204328 0.747421 0.048251
0.332441 0.529158 0.138402
0.144473 0.817193 0.0383342
0.0166332 0.556019 0.427348
0.611088 0.323288 0.0656245
0.0253896 0.52292 0.45169
0.369458 0.479464 0.151079
0.218647 0.781253 9.9991E-05
0.111306 0.888594 9.9991E-05
0.145925 0.839574 0.0145013
0.0232214 0.900382 0.0763967
9.9991E-05 0.949021 0.0508791
0.110396 0.889504 9.9991E-05
0.0276533 0.50779 0.464557
0.160711 0.461739 0.37755
0.101282 0.473421 0.425297
0.284642 0.582673 0.132685
0.266631 0.497301 0.236068
0.515247 0.441835 0.0429184
0.0248869 0.174706 0.800407
0.0623648 0.105859 0.831776
0.176084 0.440728 0.383188
0.168133 0.485811 0.346056
0.379465 0.297317 0.323218
0.8449 0.1196 0.0355001
0.15256 0.020703 0.826737
0.0167711 0.193797 0.789432
9.9991E-05 0.376872 0.623028
0.540576 0.389316 0.0701079
0.251627 0.748273 9.9991E-05
0.0702738 0.883725 0.0460008
0.0525678 0.87857 0.0688617
0.466884 0.533016 9.9991E-05
0.250003 0.749897 9.9991E-05
0.111655 0.888245 9.9991E-05
0.107888 0.835014 0.057098
0.448792 0.526568 0.0246402
0.220818 0.779082 9.9991E-05
0.289385 0.710515 9.9991E-05
0.193345 0.806555 9.9991E-05
0.33994 0.560091 0.0999689
0.0597858 0.886123 0.054091
0.283956 0.623838 0.0922062
0.0678685 0.932032 9.9991E-05
0.942707 0.0243703 0.0329229
0.968337 0.0315627 9.9991E-05
0.9998 9.999E-05 9.999E-05
0.871709 0.069371 0.0589198
0.819729 0.139129 0.0411419
9.9991E-05 0.883755 0.116145
0.165706 0.834194 9.9991E-05
9.999E-05 9.999E-05 0.9998
0.0865791 0.00364655 0.909774
9.9991E-05 0.0671466 0.932753
0.0245512 0.219854 0.755595
9.9991E-05 0.0385952 0.961305
0.110064 9.9991E-05 0.889836
9.9991E-05 0.0187029 0.981197
0.0929314 9.9991E-05 0.906969
0.0293839 0.0627833 0.907833
0.100004 9.9991E-05 0.899896
9.9991E-05 0.115499 0.884401
0.0363744 0.135584 0.828042
0.0198959 0.146748 0.833356
0.0602298 9.9991E-05 0.93967
0.00452288 0.0800115 0.915466
9.9991E-05 0.0457069 0.954193
0.0526799 0.00798277 0.939337
0.000562993 0.623686 0.375751
0.0550076 0.702626 0.242367
9.9991E-05 0.076392 0.923508
0.0114211 0.263623 0.724956
0.0148456 9.9991E-05 0.985054
9.9991E-05 0.633825 0.366075
0.0562339 0.942551 0.00121476
0.291587 0.708313 9.9991E-05
0.484818 0.498337 0.0168444
0.653741 0.346159 9.9991E-05
0.830025 0.13154 0.0384352
0.924683 0.0115897 0.0637277
0.867118 0.132782 9.9991E-05
0.879328 0.0826436 0.0380282
0.854414 0.0275756 0.11801
0.891485 0.00885691 0.0996579
0.0792435 0.920657 9.9991E-05
0.106385 0.842023 0.0515921
9.9991E-05 0.962213 0.0376873
9.9991E-05 0.989162 0.0107376
9.9991E-05 0.999305 0.000594791
0.0122044 0.935619 0.0521768
0.287015 0.712885 9.9991E-05
0.282963 0.618626 0.0984111
0.208434 0.768853 0.0227135
0.212347 0.718754 0.0688985
0.225542 0.728253 0.046205
0.813805 0.0372342 0.148961
0.0914918 0.0788487 0.829659
0.117719 9.9991E-05 0.882181
0.0211799 9.9991E-05 0.97872
9.9991E-05 0.209302 0.790598
0.0575668 0.0700614 0.872372
0.309811 0.548443 0.141745
0.356638 0.643262 9.9991E-05
0.196675 0.803225 9.9991E-05
0.325734 0.635229 0.0390364
