0.744788 9.9991E-05 0.233476 0.0216353
0.785663 9.9991E-05 0.174688 0.0395492
0.673159 0.0213038 0.292848 0.0126894
0.873035 0.0194653 0.0771184 0.0303818
0.806947 0.0270041 0.154294 0.0117552
0.859759 0.0587899 0.0813513 9.9991E-05
0.785733 0.0567513 0.157415 9.9991E-05
0.859113 9.9991E-05 0.0853479 0.0554391
0.62894 0.0538002 0.29164 0.0256201
0.655544 0.0102587 0.301493 0.0327039
0.658396 0.174174 0.139885 0.0275445
0.578575 0.0556737 0.340297 0.0254542
0.553238 0.278348 0.0925478 0.0758659
0.597342 0.0992831 0.303275 9.9991E-05
0.551123 0.0598018 0.348777 0.0402989
0.822121 0.0243801 0.137737 0.0157614
0.661447 9.9982E-05 0.338353 9.9982E-05
0.812264 9.9991E-05 0.167221 0.0204147
0.134576 0.177765 0.643412 0.0442456
0.218664 9.9982E-05 0.781136 9.9982E-05
0.176978 9.9991E-05 0.814199 0.00872278
0.0332286 0.0762522 0.87114 0.0193796
9.9991E-05 0.0354629 0.917543 0.0468941
0.0587695 0.00959074 0.901296 0.0303434
0.221887 9.9982E-05 0.777913 9.9982E-05
0.0104133 9.9991E-05 0.972614 0.0168725
9.9991E-05 0.042447 0.913672 0.0437811
9.9991E-05 0.0552052 0.912659 0.0320359
9.9982E-05 9.9982E-05 0.999486 0.000314005
9.9982E-05 0.0764564 0.923344 9.9982E-05
9.9991E-05 0.0271515 0.97082 0.00192901
0.0241696 0.0521343 0.907185 0.0165115
0.0252521 9.9991E-05 0.907236 0.0674119
0.610302 0.0628209 0.252231 0.0746454
0.600717 9.9991E-05 0.389563 0.0096201
0.782197 0.0223656 0.195337 9.9991E-05
0.781161 0.0487529 0.135585 0.034501
0.659543 0.128879 0.207305 0.00427387
9.998E-05 9.998E-05 9.998E-05 0.9997
0.0435827 0.0413712 0.884197 0.0308495
0.617591 0.128422 0.253887 9.9991E-05
0.75648 9.9982E-05 0.24332 9.9982E-05
0.422018 0.193607 0.377758 0.00661774
0.483972 0.297214 0.170957 0.0478575
0.609291 0.270436 0.0970085 0.0232647
9.998E-05 9.998E-05 9.998E-05 0.9997
0.547105 0.0391653 0.32169 0.092039
0.563157 0.204428 0.232315 9.9991E-05
0.415947 0.135761 0.409605 0.0386872
0.115968 0.831647 0.0197876 0.0325974
0.0660061 0.889189 0.0202555 0.0245497
0.133512 0.847028 0.0121956 0.0072649
0.100445 0.814978 0.0392301 0.045347
9.9991E-05 0.878314 0.0645399 0.0570461
0.011215 0.881388 0.107298 9.9991E-05
0.217557 0.782243 9.99852E-05 9.99852E-05
0.0605505 0.869363 0.0699864 9.9991E-05
9.9991E-05 0.880917 0.0751292 0.0438539
0.131181 0.838218 9.9991E-05 0.030501
0.259552 0.71346 9.9991E-05 0.0268888
9.9991E-05 0.872901 0.121233 0.00576558
0.126413 0.808442 0.0650451 9.9991E-05
0.360273 0.51357 0.0602175 0.0659402
0.0619188 0.0425123 0.868369 0.0272003
0.0963637 0.0155797 0.844114 0.0439428
0.0533822 9.9991E-05 0.931559 0.0149584
0.108266 0.808152 0.066779 0.0168029
0.248214 0.662219 0.0288287 0.060738
0.131452 0.790817 0.047504 0.030227
0.101757 0.807326 0.0248707 0.0660463
0.0663102 0.860229 0.0274747 0.0459858
0.649518 0.338112 9.9991E-05 0.0122707
0.607694 0.333787 0.0475333 0.0109858
0.615211 0.333032 0.0437516 0.0080046
0.56768 0.327989 0.0526904 0.0516404
0.506635 0.257758 0.200962 0.0346446
0.583398 0.316932 0.0709918 0.0286777
0.547786 0.291231 0.12915 0.0318327
0.262988 0.736812 9.9982E-05 9.9982E-05
0.338147 0.536739 9.9991E-05 0.125014
0.0856642 0.802731 0.0787364 0.0328683
9.9991E-05 0.82717 0.122534 0.0501964
0.203169 0.778225 9.9991E-05 0.0185065
0.119318 0.0802587 0.757978 0.0424458
0.347991 0.45846 0.19345 9.9991E-05
0.567063 0.408021 0.0248162 9.9991E-05
9.998E-05 9.998E-05 9.998E-05 0.9997
0.72519 9.9991E-05 0.270581 0.00412943
0.732907 9.9991E-05 0.231997 0.0349961
0.701146 0.0427017 0.219147 0.0370058
0.543265 0.113287 0.307784 0.0356644
0.756712 0.0166455 0.226543 9.9991E-05
0.548316 0.417802 0.0337823 9.9991E-05
0.293191 0.035698 0.63961 0.0315017
0.503764 0.38803 0.0151277 0.0930784
0.482457 0.120664 0.375606 0.0212728
0.686146 9.9991E-05 0.288215 0.0255393
0.792048 0.0279 0.179952 9.9991E-05
0.800295 0.011235 0.18837 9.9991E-05
0.828236 0.0717807 0.081943 0.0180403
0.852935 0.0254293 0.108589 0.0130462
0.820707 9.9982E-05 0.179093 9.9982E-05
0.448197 0.419565 0.109572 0.0226671
0.494548 0.32358 0.09245 0.0894214
0.408451 0.426597 0.090629 0.0743233
0.549664 0.0784733 0.341408 0.0304551
0.542704 0.231071 0.226124 9.9991E-05
0.458347 0.0195519 0.522001 9.9991E-05
0.158663 0.782796 0.0392179 0.0193226
0.145447 0.801773 0.0100494 0.0427313
0.37526 0.368775 0.246348 0.00961764
0.418839 0.297362 0.239742 0.0440572
0.315215 0.314422 0.316288 0.0540751
0.0949984 0.0703492 0.834552 9.9991E-05
0.121826 0.774652 0.0514679 0.0520541
0.168757 0.793858 0.0372846 9.9991E-05
0.368977 0.630823 9.9982E-05 9.9982E-05
0.333876 0.0336838 0.570567 0.0618729
0.626843 0.0165999 0.339654 0.0169033
0.771742 0.0679802 0.130474 0.0298044
0.772581 0.0943729 0.131671 0.00137469
0.490229 9.9982E-05 0.509571 9.9982E-05
0.680039 9.9991E-05 0.289958 0.0299022
0.829565 0.014104 0.153443 0.00288787
0.851264 0.0154515 0.115582 0.0177018
0.487223 0.0277416 0.484936 9.9991E-05
0.708688 9.9982E-05 0.291112 9.9982E-05
0.73071 9.9991E-05 0.240139 0.0290512
0.77475 9.9991E-05 0.203958 0.0211917
0.536402 0.117255 0.346243 9.9991E-05
0.767705 0.0305885 0.158954 0.0427522
0.592163 0.067592 0.322039 0.0182051
0.781064 9.9991E-05 0.201218 0.0176182
0.0576436 0.0272078 0.915049 9.9991E-05
9.998E-05 9.998E-05 0.9997 9.998E-05
9.9982E-05 9.9982E-05 0.945851 0.0539495
0.0418655 0.0672904 0.890744 9.9991E-05
0.0428547 0.0629394 0.876066 0.0181399
0.765791 0.130002 0.0740459 0.0301617
0.71068 9.9991E-05 0.258785 0.0304352
9.998E-05 0.9997 9.998E-05 9.998E-05
0.0646014 0.843858 0.0400863 0.0514541
0.0347018 0.890226 0.0528013 0.022271
0.15622 0.76289 0.0807907 9.9991E-05
0.103293 0.865205 9.9991E-05 0.031402
9.9991E-05 0.831635 0.154159 0.0141066
0.035305 0.941289 9.9991E-05 0.0233063
9.9982E-05 0.899399 0.100401 9.9982E-05
9.9982E-05 0.912827 0.0869734 9.9982E-05
9.9991E-05 0.890591 0.0959011 0.0134074
0.0850587 0.883484 9.9991E-05 0.0313574
0.112089 0.838854 0.0131384 0.0359187
0.100003 0.816431 0.0633437 0.0202224
0.00695556 0.915875 0.0620815 0.0150881
0.0593752 0.914283 0.0087149 0.0176269
0.0830572 0.880547 9.9991E-05 0.0362962
0.0244308 0.907184 0.0475894 0.0207954
0.551344 0.344691 0.100795 0.0031692
0.672003 0.216997 0.0843047 0.0266946
0.0856182 0.914182 9.9982E-05 9.9982E-05
0.196235 0.701376 0.0698732 0.032516
9.9991E-05 0.944516 0.0281442 0.0272396
0.629768 0.366012 9.9991E-05 0.00411993
0.934755 9.9991E-05 0.0609175 0.00422797
0.663881 9.9991E-05 0.297099 0.0389202
0.365239 0.049552 0.585109 9.9991E-05
0.263948 0.0110747 0.723577 0.00140051
0.101354 0.0423794 0.836683 0.0195841
0.048417 0.0376992 0.913784 9.9991E-05
0.157414 9.9991E-05 0.82802 0.0144657
0.0995262 0.0212283 0.85916 0.0200854
0.0601917 0.0959528 0.81038 0.0334757
0.0366716 0.0655687 0.853106 0.0446534
0.810793 9.9991E-05 0.185222 0.00388506
0.763334 0.0589524 0.127055 0.0506585
0.901481 0.0395058 9.9991E-05 0.0589131
0.992201 0.0075994 9.9982E-05 9.9982E-05
0.883104 9.9991E-05 0.0864936 0.030302
0.888745 0.0699997 0.037202 0.00405315
0.66853 9.9991E-05 0.311878 0.0194915
0.6515 0.0823689 0.259849 0.0062826
0.745095 0.00934699 0.191125 0.0544332
0.733632 0.0476941 0.20361 0.0150642
0.77514 0.030393 0.168899 0.0255685
0.0792165 0.0790422 0.710293 0.131448
0.101746 0.832974 0.0378732 0.0274072
9.9991E-05 0.839501 0.105988 0.054411
0.0262329 0.948376 0.0111318 0.0142595
0.216391 0.763626 0.0127995 0.0071839
0.041864 0.836262 0.115846 0.00602792
0.468842 0.141171 0.347423 0.0425637
0.557976 0.0203591 0.380924 0.0407413
0.765697 9.9991E-05 0.186046 0.0481566
0.598089 9.9991E-05 0.355484 0.0463267
