0.0925266 0.0573615 0.850112
0.0139367 9.9991E-05 0.985963
0.252152 0.00342919 0.744419
0.0793548 0.0334712 0.887174
0.0667945 0.0254204 0.907785
0.024657 0.0530363 0.922307
0.0953056 0.0380496 0.866645
0.0257485 9.9991E-05 0.974151
0.256311 0.0638862 0.679803
0.286389 0.0564426 0.657168
0.122304 0.218861 0.658835
0.267224 0.104848 0.627928
0.151862 0.285785 0.562354
0.254907 0.120171 0.624922
0.256297 0.0640974 0.679606
0.102287 0.0242423 0.873471
0.21515 9.9991E-05 0.78475
0.174856 9.9991E-05 0.825044
0.678892 0.180289 0.140819
0.69968 0.00452501 0.295795
0.749889 0.00468954 0.245421
0.913621 0.0201427 0.0662362
0.995628 0.00427171 9.9991E-05
0.921291 0.00877101 0.0699377
0.683631 9.9991E-05 0.316269
0.9998 9.999E-05 9.999E-05
0.951884 0.0480156 9.9991E-05
0.920483 0.0794174 9.9991E-05
0.987157 0.0127433 9.9991E-05
0.845764 0.0835474 0.0706881
0.963423 0.0253892 0.0111878
0.898946 0.0525887 0.0484651
0.930295 9.9991E-05 0.069605
0.348607 0.0350479 0.616345
0.279161 9.9991E-05 0.720739
0.207945 0.0639706 0.728085
0.10001 0.0402162 0.859774
0.198023 0.0873507 0.714627
0.611983 0.387917 9.9991E-05
0.806428 0.0899169 0.103655
0.184387 0.107246 0.708367
0.156826 9.9991E-05 0.843074
0.297652 0.205561 0.496787
0.190105 0.307134 0.502762
0.022576 0.33633 0.641094
0.61497 0.38493 9.9991E-05
0.244583 0.113482 0.641935
0.0987344 0.207445 0.693821
0.392614 0.153755 0.453631
9.9991E-05 0.884333 0.115567
0.0261899 0.928482 0.0453283
0.00950648 0.880571 0.109922
0.0264998 0.836261 0.137239
0.141564 0.858336 9.9991E-05
0.0868344 0.913066 9.9991E-05
9.9991E-05 0.788399 0.211501
0.0113942 0.897464 0.0911421
0.0643216 0.935578 9.9991E-05
9.9991E-05 0.862241 0.137659
9.9991E-05 0.762789 0.237111
0.0878251 0.912075 9.9991E-05
0.0607526 0.81873 0.120518
0.0956863 0.553602 0.350711
0.793677 0.0367115 0.169611
0.834631 0.0392255 0.126143
0.893259 9.9991E-05 0.106641
0.10925 0.799946 0.0908047
0.0197906 0.731595 0.248614
0.067045 0.826415 0.10654
0.11115 0.857317 0.0315331
0.0211731 0.900317 0.07851
9.9991E-05 0.356756 0.643144
0.0457772 0.321549 0.632674
9.9991E-05 0.366736 0.633164
0.0387666 0.33943 0.621803
0.150243 0.254069 0.595689
0.0844385 0.380692 0.534869
0.126153 0.2724 0.601448
9.9991E-05 0.747506 0.252394
0.135547 0.65259 0.211863
0.138328 0.832247 0.0294258
0.134364 0.865536 9.9991E-05
9.9991E-05 0.808952 0.190948
0.798361 0.0939525 0.107686
0.156042 0.473682 0.370276
9.9991E-05 0.378084 0.621816
0.604186 0.395714 9.9991E-05
0.219799 9.9991E-05 0.780101
0.139885 9.9991E-05 0.860015
0.252728 0.0346919 0.71258
0.282859 0.153465 0.563675
0.131531 0.0359041 0.832564
0.0347652 0.421444 0.543791
0.618994 0.0552906 0.325716
0.0647711 0.479063 0.456165
0.423932 0.174243 0.401825
0.215715 9.9991E-05 0.784185
0.124796 9.9991E-05 0.875104
0.139029 9.9991E-05 0.860871
0.110222 0.0898239 0.799954
0.0414609 0.0566433 0.901896
0.0938958 0.00522171 0.900883
0.124324 0.44432 0.431356
0.113923 0.426585 0.459492
0.148388 0.461955 0.389657
0.251919 0.133025 0.615056
0.180849 0.251892 0.567259
0.529286 0.022617 0.448097
0.030103 0.830357 0.13954
0.0788632 0.853333 0.0678036
0.196948 0.350485 0.452568
0.158009 0.330579 0.511412
0.284465 0.308632 0.406903
0.811896 0.0133141 0.17479
0.117839 0.83018 0.0519808
9.9991E-05 0.803412 0.196488
9.9991E-05 0.602897 0.397003
0.559772 0.058229 0.381999
0.291824 0.0172846 0.690891
0.0680039 0.0580477 0.873948
0.0949763 0.0839783 0.821045
0.440287 9.9991E-05 0.559613
0.238781 9.9991E-05 0.761119
0.156799 9.9991E-05 0.843101
0.117218 0.0144633 0.868318
0.407526 0.0501815 0.542292
0.215556 9.9991E-05 0.784344
0.246551 9.9991E-05 0.753349
0.10924 9.9991E-05 0.89066
0.291547 0.11453 0.593922
0.148849 0.0818939 0.769257
0.271189 0.0967311 0.632079
0.0771618 0.00980282 0.913035
0.867591 0.0026656 0.129744
0.979086 9.9991E-05 0.0208137
0.9998 9.999E-05 9.999E-05
0.863562 0.0596138 0.0768243
0.883359 0.03429 0.0823507
0.00581169 0.11422 0.879968
0.198082 0.000395823 0.801522
9.999E-05 0.9998 9.999E-05
0.0982445 0.876184 0.0255715
0.0301852 0.969715 9.9991E-05
0.0656105 0.764535 0.169854
9.9991E-05 0.952697 0.0472033
0.125262 0.874638 9.9991E-05
9.9991E-05 0.972779 0.0271211
0.118786 0.881114 9.9991E-05
0.102821 0.897079 9.9991E-05
0.0930051 0.906895 9.9991E-05
0.0233228 0.923387 0.0532903
0.0804247 0.851971 0.0676047
0.0550406 0.847462 0.0974974
0.0677787 0.932121 9.9991E-05
9.9991E-05 0.93171 0.0681903
9.9991E-05 0.989703 0.0101967
0.0599412 0.939959 9.9991E-05
0.0610035 0.40106 0.537936
0.0399472 0.213508 0.746545
9.9991E-05 0.945965 0.0539347
9.9991E-05 0.74374 0.25616
9.999E-05 0.9998 9.999E-05
9.9991E-05 0.373883 0.626017
0.0437715 9.9991E-05 0.956128
0.279722 9.9991E-05 0.720178
0.454315 0.0455932 0.500092
0.651093 9.9991E-05 0.348807
0.870322 0.0356919 0.0939862
0.898875 0.0699427 0.0311826
0.787209 9.9991E-05 0.212691
0.828332 0.0500715 0.121596
0.763203 0.12724 0.109557
0.907039 0.0928613 9.9991E-05
0.149716 9.9991E-05 0.850184
0.0993371 0.0705426 0.83012
0.0164529 0.0677004 0.915847
9.9991E-05 0.0261756 0.973724
9.9991E-05 0.0109135 0.988987
9.9991E-05 0.115258 0.884642
0.299176 0.00578068 0.695043
0.237183 0.105806 0.657011
0.176928 0.0391725 0.783899
0.248402 0.064883 0.686715
0.140578 0.0419071 0.817515
0.780804 0.181892 0.0373042
0.0444538 0.845215 0.110331
0.103651 0.896249 9.9991E-05
0.0445458 0.934933 0.0205217
0.0825515 0.812694 0.104754
0.120333 0.868398 0.011268
0.32307 0.131776 0.545154
0.357813 0.00747574 0.634711
0.237888 9.9991E-05 0.762012
0.355193 0.0164778 0.62833
