0.0171833 0.808777 0.153586 0.0204533
9.999E-05 0.900941 0.0820281 0.0169314
9.999E-05 0.728505 0.225269 0.0461255
0.0107693 0.921483 0.0593436 0.00840378
0.0193718 0.893005 0.0702769 0.0173467
0.0520768 0.884892 0.056374 0.00665758
0.0553948 0.803827 0.140679 9.9991E-05
9.999E-05 0.945212 0.00840925 0.0462785
0.0865041 0.651789 0.257819 0.00388734
0.0236001 0.707492 0.243271 0.025637
0.164948 0.645395 0.125455 0.0642023
0.0895042 0.606101 0.283126 0.0212688
0.277069 0.559794 0.0745788 0.0885583
0.126036 0.599531 0.274333 9.9991E-05
0.0434157 0.627226 0.286178 0.0431804
9.9991E-05 0.803466 0.170535 0.0258996
9.9991E-05 0.680132 0.312277 0.00749119
9.9991E-05 0.833331 0.131158 0.0354109
0.162748 0.165677 0.6084 0.0631748
0.0244121 0.137758 0.83773 9.9991E-05
9.9991E-05 0.248291 0.742808 0.00880092
0.0510476 0.0233995 0.91244 0.0131129
9.9982E-05 9.9982E-05 0.94749 0.0523105
9.9991E-05 0.183555 0.780244 0.0361009
9.9982E-05 0.253927 0.745873 9.9982E-05
9.9991E-05 0.0587642 0.924431 0.0167047
0.0494635 9.9991E-05 0.924207 0.0262295
0.0719979 9.9991E-05 0.898159 0.0297427
9.998E-05 9.998E-05 0.9997 9.998E-05
0.0604376 0.0255713 0.913891 9.9991E-05
0.0429633 9.9991E-05 0.949867 0.0070695
0.00335053 0.0135763 0.951027 0.0320459
0.0161451 0.0373445 0.884503 0.062007
0.0275914 0.704834 0.201595 0.0659792
0.0294102 0.627555 0.342493 0.000541244
0.0659099 0.765737 0.168254 9.9991E-05
0.0410313 0.804846 0.0979151 0.0562078
0.129975 0.676713 0.181141 0.0121702
9.998E-05 9.998E-05 9.998E-05 0.9997
0.0583192 0.104181 0.806369 0.0311303
0.104088 0.733319 0.162493 9.9991E-05
9.9991E-05 0.771532 0.227743 0.00062533
0.211602 0.459066 0.318429 0.0109022
0.341375 0.482099 0.119731 0.0567953
0.29781 0.599385 0.0625474 0.0402582
9.998E-05 9.998E-05 9.998E-05 0.9997
0.0942744 0.595662 0.24136 0.068704
0.194352 0.634988 0.17056 9.9991E-05
0.140986 0.363716 0.479383 0.0159151
0.857295 0.0777432 0.0377457 0.027216
0.8923 0.0139483 0.0723988 0.0213529
0.862136 0.126907 0.00157571 0.00938139
0.828951 0.0842611 0.0151297 0.0716583
0.891163 9.9991E-05 0.0644273 0.0443101
0.942705 9.9982E-05 0.0570949 9.9982E-05
0.792615 0.207185 9.9982E-05 9.9982E-05
0.905427 0.0398811 0.0395765 0.0151149
0.911385 9.9991E-05 0.0546643 0.0338506
0.87002 0.0865211 9.9991E-05 0.043359
0.757969 0.211756 9.9991E-05 0.0301747
0.917363 9.9982E-05 0.0824368 9.9982E-05
0.847978 0.0517855 0.100137 9.9991E-05
0.528775 0.38659 0.00600946 0.0786257
0.0520409 0.0818413 0.842532 0.0235854
0.0277637 0.0820803 0.856836 0.0333195
9.9991E-05 0.095261 0.88487 0.0197693
0.787212 0.172424 0.0157463 0.0246185
0.672504 0.238781 0.00340797 0.085306
0.812666 0.107811 0.0548533 0.0246699
0.835221 0.0545276 0.0601655 0.050086
0.862839 0.0310084 0.0525768 0.0535757
0.317142 0.637236 9.9991E-05 0.0455223
0.308718 0.623065 0.0280631 0.0401542
0.38404 0.58004 0.0244622 0.011458
0.272814 0.628308 0.0218451 0.0770327
0.243384 0.503271 0.1988 0.0545443
0.352655 0.516767 0.0671556 0.0634218
0.247893 0.597851 0.109113 0.0451425
0.766555 0.233245 9.9982E-05 9.9982E-05
0.578117 0.238864 0.0300059 0.153013
0.835894 0.0288189 0.110165 0.025122
0.812242 9.9991E-05 0.126757 0.0609013
0.788534 0.179039 9.9991E-05 0.0323272
0.0500486 0.119795 0.820102 0.0100546
0.471807 0.370499 0.157594 9.9991E-05
0.384879 0.614921 9.9982E-05 9.9982E-05
9.998E-05 9.998E-05 9.998E-05 0.9997
9.9982E-05 0.757548 0.242252 9.9982E-05
9.9991E-05 0.789691 0.188386 0.021823
0.0240011 0.6621 0.273851 0.0400481
0.104512 0.487586 0.333569 0.0743331
0.0596247 0.849851 0.0904246 9.9991E-05
0.451645 0.457152 0.0822732 0.00892969
0.0656127 0.253754 0.61608 0.0645532
0.377527 0.50937 9.9991E-05 0.113003
0.139009 0.509028 0.321894 0.0300695
9.9982E-05 0.846838 0.152962 9.9982E-05
0.0346584 0.871735 0.0935068 9.9991E-05
9.9982E-05 0.794263 0.205537 9.9982E-05
0.0806276 0.781675 0.106802 0.0308959
0.0327225 0.84031 0.105972 0.0209952
9.9991E-05 0.856452 0.142168 0.00127969
0.430732 0.461419 0.0827674 0.0250816
0.374833 0.398031 0.152518 0.0746187
0.403444 0.46315 0.0514074 0.081999
0.102582 0.576139 0.29949 0.0217887
0.233159 0.513551 0.253191 9.9991E-05
0.0656033 0.451198 0.483099 9.9991E-05
0.827076 0.120683 0.030842 0.0213987
0.844478 0.0825071 0.0453011 0.0277142
0.359077 0.396918 0.243905 9.9991E-05
0.287956 0.556974 0.107073 0.0479966
0.303861 0.315102 0.307903 0.0731338
0.0258717 0.144414 0.829615 9.9991E-05
0.797651 0.0293683 0.121085 0.051896
0.760109 0.119027 0.118852 0.00201124
0.64498 0.343797 9.9991E-05 0.0111224
0.0335747 0.316082 0.585254 0.0650895
0.028475 0.683334 0.288091 9.9991E-05
0.0351879 0.869496 0.0602756 0.0350406
0.111196 0.795065 0.0936394 9.9991E-05
9.9991E-05 0.567102 0.430265 0.00253273
0.0225619 0.796894 0.168499 0.0120455
0.0129983 0.857239 0.129662 9.9991E-05
0.0310249 0.912172 0.0501395 0.00666377
0.0138107 0.503655 0.464393 0.0181417
9.9982E-05 0.846823 0.152977 9.9982E-05
9.9991E-05 0.746719 0.235436 0.0177449
9.9991E-05 0.818158 0.167038 0.0147039
0.127601 0.531213 0.341087 9.9991E-05
0.022913 0.797735 0.143537 0.0358149
0.0534317 0.628406 0.311625 0.00653789
0.00268065 0.898653 0.0985667 9.9991E-05
0.0389735 0.104674 0.85614 0.000212003
9.9982E-05 0.0561918 0.943608 9.9982E-05
9.9982E-05 9.9982E-05 0.951895 0.047905
0.0338454 0.124594 0.832618 0.00894238
0.0656955 0.085156 0.825193 0.0239555
0.12487 0.86221 9.9991E-05 0.0128199
0.0129502 0.734851 0.208591 0.0436074
0.9997 9.998E-05 9.998E-05 9.998E-05
0.861682 0.0636957 0.0404208 0.0342016
0.908608 0.0475064 0.0297146 0.0141714
0.79752 0.124272 0.0781072 9.9991E-05
0.9143 0.0558862 9.9991E-05 0.0297136
0.850918 9.9991E-05 0.141639 0.00734217
0.942002 0.0293974 9.9991E-05 0.0285004
0.91891 9.9982E-05 0.0808899 9.9982E-05
0.905991 0.0531601 0.0407492 9.9991E-05
0.912923 0.0341284 0.0454963 0.00745218
0.872657 0.102681 9.9991E-05 0.0245622
0.837818 0.0624742 0.0663548 0.0333525
0.848088 0.0926329 0.0310661 0.0282129
0.907767 9.9991E-05 0.0735203 0.0186124
0.910899 0.0550124 0.0185657 0.0155231
0.950088 0.0218178 9.9991E-05 0.027994
0.896751 9.9991E-05 0.0757424 0.0274066
0.420221 0.537372 0.0307659 0.0116415
0.254006 0.699617 0.0427937 0.00358322
0.949035 0.0507652 9.9982E-05 9.9982E-05
0.757705 0.17239 0.020675 0.04923
0.981139 9.9991E-05 0.00999173 0.0087692
0.367118 0.632682 9.9982E-05 9.9982E-05
9.9982E-05 0.970744 9.9982E-05 0.0290565
9.9991E-05 0.60903 0.363168 0.0277012
0.0341998 0.4575 0.5082 9.9991E-05
0.010398 0.341074 0.638534 0.00999338
0.00592354 0.102702 0.877043 0.0143321
0.0596428 9.9982E-05 0.940157 9.9982E-05
9.9991E-05 0.145361 0.844813 0.00972576
0.0359253 0.162522 0.799956 0.00159713
0.110783 0.0568823 0.789521 0.042814
0.0301203 0.0860471 0.827672 0.0561607
0.017699 0.822459 0.157177 0.00266505
0.0438232 0.855742 0.043987 0.0564481
0.0183795 0.921765 9.9991E-05 0.0597552
0.0496948 0.950105 9.9982E-05 9.9982E-05
0.0124115 0.954608 9.9991E-05 0.0328805
0.0730957 0.868498 0.0583064 9.9991E-05
0.00524558 0.684875 0.289429 0.0204501
0.0842985 0.664543 0.230954 0.0202051
0.0149488 0.776074 0.146812 0.0621655
0.05108 0.680864 0.254629 0.0134271
0.0478708 0.727147 0.188253 0.0367298
0.114812 0.024199 0.729403 0.131586
0.891058 0.0904546 9.9991E-05 0.0183873
0.846999 9.9991E-05 0.0984964 0.0544046
0.933712 0.00513506 0.0610532 9.9991E-05
0.750403 0.236919 9.9991E-05 0.0125785
0.849532 0.0593042 0.0654407 0.0257231
0.123873 0.50064 0.356911 0.0185761
0.00547197 0.586492 0.393539 0.0144967
9.9991E-05 0.719439 0.23345 0.0470118
9.9991E-05 0.642888 0.307464 0.0495485
