0.1329 0.00651605 0.0117273 0.848856
0.132139 0.0328636 9.9991E-05 0.834898
0.25477 0.0265133 9.9991E-05 0.718616
0.047622 0.0132671 9.9991E-05 0.939011
0.0779158 0.015759 0.00174186 0.904583
0.0823612 9.9991E-05 0.0547697 0.862769
0.0740766 9.9991E-05 0.0289216 0.896902
0.0449055 0.0542151 9.9991E-05 0.900779
0.28754 0.0131033 0.0534161 0.645941
0.260321 0.0619587 0.0492439 0.628477
0.110192 0.0626457 0.187077 0.640086
0.299294 0.0300809 0.054627 0.615998
0.0976572 0.0773164 0.305763 0.519263
0.263048 9.9991E-05 0.0860396 0.650812
0.256627 0.0424998 0.0344076 0.666465
0.117818 9.9991E-05 0.0186695 0.863413
0.231922 9.9982E-05 9.9982E-05 0.767878
0.166131 0.00736069 9.9991E-05 0.826408
0.56152 0.0907359 0.152965 0.194779
0.747595 9.9991E-05 0.0404682 0.211837
0.748321 0.0163145 9.9991E-05 0.235264
0.855295 0.0171297 0.0624155 0.0651595
0.955717 0.0440834 9.9982E-05 9.9982E-05
0.834837 0.0421216 0.0182624 0.104779
0.712074 9.9982E-05 9.9982E-05 0.287726
0.97231 0.0140798 9.9991E-05 0.0135106
0.888364 0.0347442 0.0767914 9.9991E-05
0.88556 0.0244049 0.0899354 9.9991E-05
0.982 9.9982E-05 0.0177999 9.9982E-05
0.917634 9.9982E-05 0.0821655 9.9982E-05
0.932047 0.00416384 0.0607612 0.00302767
0.929715 0.0324754 0.0140732 0.0237362
0.878038 0.080437 9.9991E-05 0.0414255
0.225257 0.0663684 0.0308419 0.677533
0.331956 0.0173532 9.9991E-05 0.650591
0.245828 0.0154816 0.0465091 0.692181
0.0964752 0.0477066 0.0194661 0.836352
0.250339 0.00865475 0.142663 0.598343
9.998E-05 0.9997 9.998E-05 9.998E-05
0.805043 0.0305572 0.046792 0.117608
0.160088 0.00105507 0.110202 0.728655
0.196253 9.9982E-05 9.9982E-05 0.803547
0.34871 0.00412832 0.189663 0.457499
0.109512 0.0685245 0.312078 0.509886
0.134563 0.0279136 0.308462 0.529061
9.998E-05 0.9997 9.998E-05 9.998E-05
0.219186 0.0762235 0.0548858 0.649704
0.186139 9.9991E-05 0.215059 0.598702
0.406004 0.0209622 0.156756 0.416278
9.9991E-05 0.0281894 0.876627 0.0950836
0.0062561 0.0368376 0.919291 0.037615
0.0683123 0.00478643 0.837848 0.0890535
9.9991E-05 0.0516145 0.827158 0.121127
0.111891 0.0534284 0.834581 9.9991E-05
0.0824459 9.9982E-05 0.917354 9.9982E-05
9.9982E-05 9.9982E-05 0.761744 0.238056
0.0571538 0.0229141 0.919832 9.9991E-05
0.0803168 0.0303191 0.889264 9.9991E-05
9.9991E-05 0.0444264 0.848884 0.106589
9.9991E-05 0.0255815 0.717625 0.256693
0.108864 9.9982E-05 0.890936 9.9982E-05
0.0949494 0.0140009 0.814003 0.0770462
0.0167472 0.0862978 0.545122 0.351833
0.878387 0.0122674 0.0511761 0.0581696
0.832309 0.0282209 0.0414723 0.0979982
0.860267 0.0237352 9.9991E-05 0.115897
0.0585281 0.0325554 0.797164 0.111752
0.00195703 0.087457 0.682978 0.227608
0.0515746 0.0453979 0.793909 0.109118
0.0413223 0.0633191 0.870395 0.0249637
9.9991E-05 0.0601318 0.847602 0.0921667
9.9991E-05 0.00883189 0.337695 0.653373
0.0437794 0.0137654 0.279007 0.663449
0.0525857 0.00697972 0.332886 0.607549
0.0660489 0.0286887 0.319819 0.585444
0.165078 0.0534022 0.260715 0.520805
0.0704845 0.0442715 0.362869 0.522375
0.1353 0.0337547 0.25213 0.578816
9.9982E-05 9.9982E-05 0.785172 0.214628
0.0372024 0.165526 0.524373 0.272899
0.11089 0.0371861 0.851824 9.9991E-05
0.0863078 0.0605318 0.85306 9.9991E-05
9.9991E-05 0.0324801 0.787019 0.180401
0.689292 0.046541 0.0557292 0.208437
0.120454 9.9991E-05 0.463677 0.415769
9.9982E-05 9.9982E-05 0.432422 0.567378
9.998E-05 0.9997 9.998E-05 9.998E-05
0.167697 9.9982E-05 9.9982E-05 0.832103
0.163824 0.030099 9.9991E-05 0.805977
0.221925 0.0551936 9.9991E-05 0.722782
0.304138 0.0556917 0.135258 0.504912
0.162047 9.9991E-05 0.0665883 0.771264
0.068197 0.00255862 0.43288 0.496364
0.631521 0.0565929 0.0450914 0.266795
9.9991E-05 0.0884624 0.381129 0.530308
0.336649 0.025801 0.143047 0.494503
0.249063 0.00481944 9.9991E-05 0.746017
0.0708184 9.9991E-05 0.0163596 0.912722
0.270958 9.9991E-05 0.0232964 0.705646
0.0697484 0.0314656 0.0690201 0.829766
0.0541609 0.013998 0.0094793 0.922362
0.115719 0.0118734 9.9991E-05 0.872308
0.0878099 0.0155741 0.414612 0.482004
0.116743 0.091664 0.359873 0.43172
0.0415237 0.112899 0.406189 0.439388
0.285728 0.0258809 0.115876 0.572516
0.163129 9.9991E-05 0.260199 0.576572
0.539658 9.9991E-05 0.0747235 0.385519
0.0156282 0.0286934 0.83738 0.118299
0.0916418 0.0355728 0.820209 0.0525764
0.214146 9.9991E-05 0.404968 0.380786
0.182214 0.0460459 0.327474 0.444267
0.313239 0.060067 0.26781 0.358884
0.851441 9.9991E-05 0.0260413 0.122418
0.11914 0.0487835 0.773066 0.0590099
0.0629506 9.9991E-05 0.800913 0.136037
9.9991E-05 0.00804889 0.644972 0.346879
0.578099 0.0689075 0.0183725 0.334621
0.269409 9.9991E-05 0.0271922 0.703299
0.0597667 0.0404193 0.0461174 0.853697
0.100083 9.9991E-05 0.0774818 0.822335
0.49508 9.9982E-05 9.9982E-05 0.50472
0.263485 0.0172686 9.9991E-05 0.719146
0.140459 0.00372064 9.9991E-05 0.85572
0.0834281 0.0201268 0.0201323 0.876313
0.424881 0.00469397 9.9991E-05 0.570325
0.208236 9.9982E-05 9.9982E-05 0.791564
0.213812 0.0154732 9.9991E-05 0.770615
0.118955 0.0113516 9.9991E-05 0.869593
0.303033 0.00879408 0.102631 0.585541
0.0830711 0.0451768 0.0384464 0.833306
0.256485 0.0191986 0.0671564 0.65716
0.133745 9.9991E-05 0.00473986 0.861415
0.929249 9.9991E-05 0.04473 0.0259207
0.960707 9.9982E-05 9.9982E-05 0.0390927
0.952789 0.0470109 9.9982E-05 9.9982E-05
0.844839 0.0212774 0.0748947 0.0589885
0.808305 0.0104445 0.0540403 0.12721
0.0315114 0.0138438 0.0940266 0.860618
0.17805 0.0363059 9.9991E-05 0.785544
9.998E-05 9.998E-05 0.9997 9.998E-05
0.0971626 0.0440611 0.858676 9.9991E-05
0.0370217 0.0152431 0.940025 0.00771059
0.0645256 0.0133358 0.730528 0.19161
9.9991E-05 0.0380845 0.897645 0.0641702
0.124228 0.00247531 0.873196 9.9991E-05
9.9982E-05 0.0444101 0.95539 9.9982E-05
0.0786315 0.00524607 0.90396 0.0121627
0.0886315 9.9982E-05 0.911169 9.9982E-05
0.0911317 0.0159398 0.892828 9.9991E-05
9.9991E-05 0.0383481 0.880321 0.0812307
0.110243 0.0478534 0.799715 0.0421885
0.120076 0.016938 0.837782 0.0252041
0.0705638 0.0195924 0.909744 9.9991E-05
0.0416116 0.0233193 0.915378 0.019691
9.9991E-05 0.0401895 0.9529 0.00681076
0.0710618 0.0362984 0.89254 9.9991E-05
0.0450719 0.0190006 0.381739 0.554189
0.0852303 9.9991E-05 0.200215 0.714455
9.9982E-05 9.9982E-05 0.936268 0.0635322
0.0344937 0.0303194 0.754252 0.180934
0.0136333 0.00555929 0.980707 9.9991E-05
9.9991E-05 0.00812655 0.321165 0.670608
0.0546979 0.0226658 9.9991E-05 0.922536
0.303878 0.0257652 9.9991E-05 0.670256
0.544029 9.9991E-05 0.0682824 0.387589
0.659115 9.9991E-05 0.0202712 0.320514
0.81774 0.0148486 0.0399665 0.127445
0.953315 9.9991E-05 0.039043 0.00754156
0.777503 0.0255977 9.9991E-05 0.1968
0.751802 0.0142709 0.054924 0.179003
0.806141 0.0472091 0.122654 0.0239954
0.864188 0.0517988 0.0533095 0.0307032
0.120537 0.0185654 9.9991E-05 0.860797
0.12918 0.0616585 0.0265644 0.782598
9.9991E-05 0.0595578 0.00825968 0.932082
9.9982E-05 9.9982E-05 0.0239351 0.975865
9.9982E-05 0.0184224 9.9982E-05 0.981378
0.041816 0.00137368 0.0975531 0.859257
0.224764 0.0300474 9.9991E-05 0.745089
0.263246 0.0202393 0.0439293 0.672585
0.147662 0.0524353 9.9991E-05 0.799803
0.209198 0.00962921 0.0746992 0.706474
0.0879597 0.0435882 0.0350676 0.833384
0.73072 0.128067 0.0731757 0.0680367
0.0315857 0.0340347 0.859586 0.0747941
0.115497 0.0448093 0.839593 9.9991E-05
0.0158527 9.9991E-05 0.95565 0.0283969
0.00594818 0.0229194 0.790191 0.180942
0.074273 0.0390824 0.832642 0.054003
0.340116 0.0248378 0.160035 0.475011
0.371694 0.0233487 0.027351 0.577606
0.16563 0.0608658 9.9991E-05 0.773404
0.2976 0.0361363 0.00359457 0.662669
