0.160895 0.0504212 0.026369 0.762215 9.9991E-05
0.0558078 0.0120824 0.0733184 0.801984 0.0568072
0.271614 9.9991E-05 0.123313 0.581286 0.0236867
0.0133113 0.0366293 0.170806 0.778383 0.000870103
9.9982E-05 0.0658266 9.9982E-05 0.929906 0.00406742
9.999E-05 0.0653454 0.072437 0.858744 0.00337351
0.0265637 9.9982E-05 0.24518 0.728056 9.9982E-05
9.9982E-05 9.9982E-05 0.18538 0.789857 0.0245637
0.246856 0.103189 9.9991E-05 0.618374 0.0314807
0.213214 0.0218155 0.262139 0.450513 0.0523176
0.0400808 0.0497665 0.524571 0.328765 0.0568167
0.2641 0.0409257 0.210005 0.461641 0.0233285
0.085311 0.0384685 0.783015 0.0448689 0.0483369
0.223014 0.0878685 0.203754 0.485263 9.9991E-05
0.200679 0.0701396 9.9991E-05 0.673192 0.0558894
0.145714 9.9991E-05 0.173889 0.676571 0.00372619
0.237874 0.0583245 0.0385332 0.662417 0.00285161
0.047946 9.9982E-05 9.9982E-05 0.901924 0.0499296
0.602278 0.12001 0.119313 0.0932277 0.0651723
0.778555 0.0132538 0.116152 0.0919388 9.9991E-05
0.764159 0.0104056 0.00700038 0.213522 0.00491349
0.849702 0.0424447 0.0923996 9.9991E-05 0.0153534
0.926627 0.00252415 0.0126719 9.9991E-05 0.0580765
0.807138 0.0387167 9.9991E-05 0.0919909 0.0620546
0.68933 9.9982E-05 0.105926 0.204544 9.9982E-05
0.894138 9.9982E-05 9.9982E-05 0.100785 0.0048775
0.895088 0.0705701 9.9982E-05 9.9982E-05 0.0341418
0.879731 0.0872788 9.9982E-05 9.9982E-05 0.0327907
0.94434 0.0251879 9.9982E-05 0.0302721 9.9982E-05
0.785968 0.0898411 0.0462764 0.0778145 9.9991E-05
0.929017 0.064685 9.9982E-05 9.9982E-05 0.00609829
0.795429 0.0437873 9.9991E-05 0.133605 0.0270786
0.825271 0.0226781 9.9991E-05 0.0805831 0.0713679
0.128062 9.9991E-05 0.258933 0.541481 0.0714235
0.209948 0.0413558 9.9982E-05 0.748496 9.9982E-05
0.0949051 0.0869738 0.0749135 0.743108 9.9991E-05
0.0578264 9.9991E-05 0.23387 0.666741 0.0414626
0.213625 0.059905 0.295002 0.410694 0.0207738
9.997E-05 9.997E-05 9.997E-05 9.997E-05 0.9996
0.738251 9.9982E-05 0.227838 9.9982E-05 0.0337107
0.160721 0.166356 9.9982E-05 0.672723 9.9982E-05
0.0970995 9.9982E-05 0.214758 0.687942 9.9982E-05
0.29104 0.11441 0.293526 0.281274 0.0197506
0.125784 0.112258 0.574376 0.124147 0.0634344
0.0262118 9.9982E-05 0.963971 9.9982E-05 0.00961679
9.997E-05 9.997E-05 9.997E-05 9.997E-05 0.9996
0.248049 0.0412707 0.233862 0.422354 0.054465
0.202992 0.125944 0.374191 0.296773 9.9991E-05
0.354607 0.0994364 0.192955 0.312009 0.0409917
9.9991E-05 0.798996 0.117427 0.0496962 0.0337803
9.9982E-05 0.798687 0.17409 9.9982E-05 0.0270222
9.9973E-05 0.836733 9.9973E-05 0.162967 9.9973E-05
9.9991E-05 0.73355 0.196071 0.0130155 0.0572638
9.9982E-05 0.86347 9.9982E-05 0.0762809 0.0600491
0.0756638 0.882188 9.9982E-05 0.0419478 9.9982E-05
9.9973E-05 0.767099 9.9973E-05 0.232601 9.9973E-05
0.0419059 0.849056 9.9991E-05 0.0779155 0.0310228
0.0974388 0.860322 9.9982E-05 9.9982E-05 0.042039
9.9991E-05 0.752006 0.157259 0.0310664 0.0595679
9.9991E-05 0.592088 0.326017 0.0532771 0.0285176
0.105432 0.853956 0.0404115 9.9982E-05 9.9982E-05
0.0495396 0.698518 0.135978 0.0916894 0.0242753
0.0237412 0.293772 0.578604 0.0200884 0.0837945
0.787676 0.0349807 0.0126857 0.130239 0.034419
0.832981 0.0214488 0.0239559 0.0799628 0.0416511
0.897756 9.9982E-05 9.9982E-05 0.0931251 0.00891872
0.00926569 0.728178 0.100351 0.147493 0.0147124
9.9982E-05 0.498885 0.443544 9.9982E-05 0.0573711
0.0418966 0.784723 0.0129878 0.137032 0.0233607
9.9982E-05 0.687317 0.269301 9.9982E-05 0.0431821
9.9991E-05 0.821581 0.0647955 0.0674866 0.0460374
9.9991E-05 0.17647 0.578692 0.237169 0.00756899
0.0464454 0.0140594 0.809972 0.120344 0.0091783
0.0367277 0.0892577 0.793775 0.0694968 0.0107431
9.9973E-05 9.9973E-05 0.971489 9.9973E-05 0.0282108
0.0884115 9.9982E-05 0.894343 9.9982E-05 0.0170454
9.9973E-05 9.9973E-05 0.96868 9.9973E-05 0.0310197
0.0964459 0.0324191 0.761185 0.0833211 0.0266284
9.9982E-05 0.665833 0.239557 0.0944105 9.9982E-05
9.9991E-05 0.357586 0.453402 0.0547683 0.134144
0.100521 0.71665 0.146829 9.9991E-05 0.0358997
0.0877435 0.751156 0.105413 9.9991E-05 0.0555868
9.9991E-05 0.753706 0.0370367 0.167176 0.0419818
0.675432 9.9991E-05 0.207354 0.0848705 0.0322436
0.122225 0.254595 0.598616 0.024465 9.9991E-05
9.9982E-05 0.113994 0.818349 0.0674572 9.9982E-05
9.997E-05 9.997E-05 9.997E-05 9.997E-05 0.9996
0.223269 9.9991E-05 0.162785 0.608791 0.00505496
0.157116 9.9991E-05 0.109596 0.707059 0.0261284
0.192793 9.9991E-05 0.252121 0.505462 0.0495238
0.310485 0.0752256 0.239644 0.324774 0.0498711
0.102697 0.115213 0.0216603 0.76033 9.9991E-05
9.9973E-05 0.145539 0.854161 9.9973E-05 9.9973E-05
0.550021 0.00247128 0.23598 0.172539 0.0389895
9.9991E-05 0.180004 0.663707 0.0593432 0.0968458
0.243188 0.0344315 0.449977 0.238207 0.0341968
0.259655 9.9982E-05 9.9982E-05 0.734086 0.0060588
0.133571 9.9982E-05 0.281922 0.584307 9.9982E-05
0.185492 9.9982E-05 0.267087 0.547221 9.9982E-05
9.9991E-05 0.025029 0.269019 0.701733 0.00411825
0.00819758 9.9982E-05 0.456875 0.534728 9.9982E-05
0.0782515 9.9991E-05 0.217811 0.700633 0.00320418
0.0211624 0.186503 0.703212 0.0572697 0.031852
0.0712264 0.119786 0.6933 0.0316905 0.0839971
0.00131153 0.153778 0.730229 0.0160898 0.0985922
0.283415 9.9991E-05 0.671507 0.0359756 0.00900254
0.209322 0.0671726 0.597112 0.126293 9.9991E-05
0.452125 0.0629866 9.9991E-05 0.481314 0.0034747
9.9982E-05 0.785053 9.9982E-05 0.19417 0.0205772
0.00258461 0.744757 0.174346 0.0422817 0.0360298
0.154064 0.163047 0.682689 9.9982E-05 9.9982E-05
0.154429 0.169697 0.508851 0.14527 0.0217535
0.243873 0.112308 0.56435 0.00265291 0.0768152
0.706198 9.9973E-05 0.293502 9.9973E-05 9.9973E-05
0.076429 0.613832 0.259566 9.9991E-05 0.0500733
0.0498019 0.658444 0.291554 9.9982E-05 9.9982E-05
9.9982E-05 0.470649 0.398449 0.130701 9.9982E-05
0.489912 0.0544594 0.0742694 0.332275 0.0490845
0.252934 0.0377192 9.9982E-05 0.709147 9.9982E-05
0.0718129 0.0565694 0.124853 0.745796 0.000968924
0.0184 0.106112 0.0964081 0.778304 0.000776192
0.403162 9.9982E-05 0.0497491 0.546889 9.9982E-05
0.140468 0.0209833 0.106384 0.692297 0.0398682
0.0840166 0.063561 9.9982E-05 0.852222 9.9982E-05
9.9982E-05 0.099695 9.9982E-05 0.892888 0.00721698
0.414373 0.00713987 0.135514 0.435365 0.00760884
0.100541 0.0221527 0.0806812 0.796525 9.9991E-05
0.186347 9.9991E-05 0.0737184 0.707644 0.0321901
0.0796953 9.9991E-05 0.140073 0.754639 0.0254925
0.328863 0.0985006 0.105454 0.467082 9.9991E-05
9.9991E-05 0.049031 0.121853 0.779852 0.0491637
0.219191 9.9982E-05 0.370626 0.409983 9.9982E-05
0.0848629 0.0373375 0.0830072 0.794692 9.9991E-05
0.794659 9.9982E-05 0.193349 9.9982E-05 0.0117917
0.894013 9.9973E-05 9.9973E-05 0.105687 9.9973E-05
0.886668 9.9982E-05 9.9982E-05 0.0662061 0.0469263
0.828757 0.0591932 0.0258326 0.0616147 0.0246028
0.814849 0.0298319 0.0928842 0.0371815 0.0252536
9.9991E-05 0.0619577 0.235965 0.667887 0.0340902
0.137097 9.9991E-05 0.202426 0.624912 0.0354652
9.9982E-05 0.939036 0.0547839 9.9982E-05 0.00597969
0.017785 0.787524 0.0250466 0.122507 0.0471376
0.0139754 0.888567 9.9982E-05 0.097258 9.9982E-05
0.0339672 0.655735 0.287887 0.0223106 9.9991E-05
9.9982E-05 0.83959 0.133674 9.9982E-05 0.0265357
0.120601 0.799851 0.0479619 0.0107235 0.0208627
9.9991E-05 0.876569 0.0703798 0.0139407 0.0390109
0.122285 0.877415 9.9973E-05 9.9973E-05 9.9973E-05
0.11609 0.811495 0.072215 9.9982E-05 9.9982E-05
0.0618871 0.87764 9.9982E-05 0.060273 9.9982E-05
9.9991E-05 0.829854 0.0530965 0.0879603 0.0289895
0.0500686 0.738874 0.116091 0.0609746 0.0339922
0.051424 0.80284 9.9991E-05 0.134318 0.0113171
0.037889 0.875487 0.016126 0.0458848 0.0246137
9.9991E-05 0.78977 0.160439 0.0153434 0.0343474
9.9982E-05 0.854716 9.9982E-05 0.123299 0.0217849
0.0386719 0.859729 9.9991E-05 0.0783478 0.023151
0.0969829 0.107248 0.760263 0.0354064 9.9991E-05
9.9973E-05 9.9973E-05 0.885533 0.114167 9.9973E-05
9.9982E-05 0.821842 0.136327 0.0416311 9.9982E-05
9.9991E-05 0.7215 0.00685186 0.255513 0.0160355
0.0201018 0.845796 0.109549 9.9991E-05 0.0244525
9.9982E-05 0.0565552 0.818855 0.12439 9.9982E-05
0.029435 0.0200427 0.04158 0.877525 0.0314173
0.197009 9.9991E-05 0.0159984 0.756298 0.0305941
0.496749 9.9982E-05 0.222412 0.280638 9.9982E-05
0.630074 9.9982E-05 0.0898759 0.27985 9.9982E-05
0.817551 9.9973E-05 0.182149 9.9973E-05 9.9973E-05
0.857887 0.0460567 0.0685 0.0274567 9.9991E-05
0.784541 9.9991E-05 0.133459 0.0612695 0.0206299
0.781008 9.9991E-05 0.178372 0.0343975 0.00612263
0.723111 0.0877832 0.156301 9.9991E-05 0.0327051
0.769173 0.116948 9.9991E-05 0.0662775 0.0475021
0.128592 0.0394035 0.0426342 0.764727 0.0246432
0.0215362 0.090418 0.11913 0.722937 0.0459795
9.9991E-05 0.0488346 0.170096 0.736928 0.0440421
9.99731E-05 9.99731E-05 0.249603 0.750097 9.99731E-05
9.9982E-05 9.9982E-05 0.180005 0.797643 0.0221522
0.0154342 9.9982E-05 0.418657 0.565709 9.9982E-05
0.247884 9.9991E-05 0.185231 0.550212 0.0165727
0.229807 0.0490503 0.21717 0.485202 0.0187706
0.16319 0.0213042 0.125298 0.664304 0.0259041
0.181309 0.0211778 0.203258 0.590294 0.00396158
0.107056 0.0279642 0.181104 0.649538 0.0343374
0.660313 0.102201 0.0519235 0.0482073 0.137355
0.0478825 0.749326 0.18293 0.00365725 0.0162038
0.14915 0.77479 0.0279951 9.9991E-05 0.047965
0.00836461 0.828356 0.140592 9.9991E-05 0.0225871
0.0327202 0.753852 0.0359277 0.1774 9.9991E-05
0.108175 0.798078 0.011402 0.0526214 0.0297235
0.349667 0.138357 0.0649467 0.424453 0.0225755
0.280029 0.0126082 0.0693461 0.60625 0.0317668
0.148679 0.0252054 9.9991E-05 0.770913 0.0551028
0.304575 0.00415877 0.184841 0.45781 0.0486147
