0.0569814 9.9973E-05 9.9973E-05 9.9973E-05 0.813501 0.0671967 0.0620208
0.0724142 9.9991E-05 0.326997 0.00994879 0.559806 0.021056 0.00967837
0.047232 9.9973E-05 9.9973E-05 0.0086913 0.830362 0.113415 9.9973E-05
9.9973E-05 0.00261303 9.9973E-05 9.9973E-05 0.754974 0.117246 0.124868
9.9973E-05 0.0155468 0.0798627 9.9973E-05 0.629516 9.9973E-05 0.274774
9.9973E-05 0.0196291 0.186415 9.9973E-05 0.719298 0.0743582 9.9973E-05
0.037443 0.0311331 0.213232 9.9991E-05 0.293146 0.0925832 0.332363
9.9982E-05 9.9982E-05 0.247345 0.0360638 0.380724 0.111622 0.224046
0.114505 0.0731529 0.678296 9.9973E-05 0.133746 9.9973E-05 9.9973E-05
0.122805 9.9991E-05 0.342506 0.0300919 0.263846 0.184701 0.0559496
0.0817847 0.0254529 0.317097 0.0569967 9.9991E-05 0.411816 0.106752
0.135815 9.9991E-05 0.409389 0.0228446 0.195213 0.165541 0.0710975
0.00405004 0.0290599 0.176904 0.0569634 9.9982E-05 0.732822 9.9982E-05
0.0995657 0.0488709 0.682689 9.9982E-05 9.9982E-05 0.103241 0.0654333
0.0931845 0.0481074 0.41832 0.0236053 0.101158 9.9991E-05 0.315525
0.000888121 9.9982E-05 0.726159 9.9982E-05 0.0641474 0.080097 0.128508
0.14696 9.9973E-05 0.398592 9.9973E-05 0.232138 9.9973E-05 0.22201
9.9964E-05 9.9964E-05 0.411421 0.0166812 0.571498 9.9964E-05 9.9964E-05
0.508735 0.0849693 0.0985728 0.0685665 0.0729151 0.160533 0.00570808
0.574274 9.9973E-05 0.255573 9.9973E-05 9.9973E-05 0.145532 0.0243211
0.611096 9.9991E-05 0.144556 0.022274 0.1592 0.00717545 0.055599
0.725157 0.00223287 9.9982E-05 0.0115916 0.139679 0.12114 9.9982E-05
0.82735 9.9973E-05 9.9973E-05 0.0447962 9.9973E-05 0.0618957 0.0656586
0.682316 0.0191885 0.110653 0.0544704 0.133173 9.9982E-05 9.9982E-05
0.609421 9.9982E-05 0.0727796 9.9982E-05 0.0227444 0.0227517 0.272103
0.856492 9.9964E-05 9.9964E-05 0.00156591 0.141542 9.9964E-05 9.9964E-05
0.833749 0.0678652 9.9991E-05 0.0104814 0.0603844 0.00842368 0.0189958
0.84596 0.0725757 0.019008 0.021734 9.9991E-05 0.00592976 0.0346925
0.694393 0.0128263 9.9964E-05 9.9964E-05 0.292381 9.9964E-05 9.9964E-05
0.81508 0.0982923 9.9964E-05 9.9964E-05 9.9964E-05 9.9964E-05 0.0862279
0.843266 0.0683534 0.00884226 9.9973E-05 0.0792389 9.9973E-05 9.9973E-05
0.788911 0.0265941 0.125596 0.0556889 9.9982E-05 9.9982E-05 0.00300983
0.748137 9.9964E-05 9.9964E-05 0.0677699 9.9964E-05 9.9964E-05 0.183694
0.112426 9.9991E-05 0.278392 0.0531029 0.214155 0.178119 0.163706
0.168798 0.00885573 0.313436 9.9982E-05 0.362106 9.9982E-05 0.146605
0.078271 0.0217194 9.9982E-05 0.00108059 0.251364 9.9982E-05 0.647366
0.0257793 9.9982E-05 9.9982E-05 0.0465726 0.298007 0.0766432 0.552798
0.0929652 0.0522918 0.333031 0.00756798 0.193872 0.134317 0.185955
9.995E-05 9.995E-05 9.995E-05 0.9994 9.995E-05 9.995E-05 9.995E-05
0.729964 0.0138581 0.000374191 0.0126579 0.00477169 0.169861 0.0685123
0.0510076 0.0976632 9.9964E-05 9.9964E-05 0.850929 9.9964E-05 9.9964E-05
0.110538 9.9982E-05 0.270444 9.9982E-05 0.423729 0.143219 0.05187
0.28333 0.0872244 0.182773 9.9991E-05 0.137921 0.167253 0.141399
0.0901548 0.0876228 0.104506 0.0324014 0.0606385 0.624577 9.9991E-05
9.9973E-05 9.9973E-05 9.9973E-05 0.0173342 0.079581 0.87594 0.026845
9.995E-05 9.995E-05 9.995E-05 0.9994 9.995E-05 9.995E-05 9.995E-05
0.117075 9.9991E-05 0.359204 0.0792013 0.117914 0.172684 0.153823
0.0837372 0.0790766 0.241575 9.9982E-05 9.9982E-05 0.317347 0.278065
0.281321 0.0596838 0.19598 0.0254573 0.162678 0.183862 0.0910175
0.0260514 0.668661 0.14117 0.00927494 0.00083979 0.153903 9.9991E-05
0.0313097 0.727675 0.0536275 0.0444952 9.9991E-05 0.136588 0.00620486
9.9964E-05 0.743019 0.136718 9.9964E-05 9.9964E-05 9.9964E-05 0.119863
9.9973E-05 0.656418 0.0922321 0.0603424 9.9973E-05 0.190708 9.9973E-05
0.073476 0.773467 0.0876642 0.0395052 9.9982E-05 9.9982E-05 0.0256875
0.00954099 0.77607 0.0976127 9.9973E-05 9.9973E-05 9.9973E-05 0.116476
9.9955E-05 0.647998 0.351502 9.9955E-05 9.9955E-05 9.9955E-05 9.9955E-05
0.0199706 0.746686 0.211653 0.00658844 9.9982E-05 0.014902 9.9982E-05
0.138527 0.803719 9.9973E-05 0.0191686 9.9973E-05 0.0382853 9.9973E-05
9.9982E-05 0.745555 0.108445 0.0345572 0.0520801 0.0591628 9.9982E-05
9.9982E-05 0.53216 0.00965269 0.0165839 0.173635 0.267768 9.9982E-05
0.106746 0.765956 9.9973E-05 9.9973E-05 0.0341929 0.0928049 9.9973E-05
0.0153331 0.604085 9.9973E-05 9.9973E-05 0.15552 0.224762 9.9973E-05
9.9973E-05 0.228975 0.12925 0.0456901 9.9973E-05 0.595785 9.9973E-05
0.704174 0.0668684 0.094333 0.0256771 9.9982E-05 9.9982E-05 0.108748
0.675966 9.9973E-05 9.9973E-05 0.0170264 0.306271 0.000436675 9.9973E-05
0.731869 9.9973E-05 9.9973E-05 0.0226319 0.153376 9.9973E-05 0.0918227
9.9982E-05 0.657236 0.16654 0.0104681 9.9982E-05 0.10551 0.0600461
9.9973E-05 0.399392 9.9973E-05 0.0597552 9.9973E-05 0.470251 0.0703014
0.0286862 0.697335 9.9973E-05 9.9973E-05 0.125002 0.148676 9.9973E-05
0.030428 0.631486 9.9982E-05 0.0245195 9.9982E-05 0.28953 0.0238363
9.9982E-05 0.779664 0.0152559 0.0352071 0.129063 9.9982E-05 0.0406101
9.9982E-05 0.0917459 0.13847 0.00069535 0.164214 0.604675 9.9982E-05
9.9955E-05 9.9955E-05 0.275007 9.9955E-05 9.9955E-05 0.724493 9.9955E-05
9.9964E-05 0.0756322 9.9964E-05 9.9964E-05 9.9964E-05 0.750388 0.17358
9.9964E-05 9.9964E-05 9.9964E-05 0.0161506 0.0456152 0.937834 9.9964E-05
0.0713886 9.9973E-05 9.9973E-05 0.020256 9.9973E-05 0.804459 0.103596
0.0201675 9.9973E-05 0.0637375 0.0262767 9.9973E-05 0.889518 9.9973E-05
0.0769612 0.0216355 9.9991E-05 0.0190109 0.0452439 0.670504 0.166545
9.9973E-05 0.629808 0.264197 9.9973E-05 9.9973E-05 0.0919905 0.0137046
9.9973E-05 0.353782 9.9973E-05 0.137274 0.169394 0.33925 9.9973E-05
0.059197 0.655026 9.9982E-05 0.0212397 0.0873279 0.177009 9.9982E-05
0.103943 0.695409 0.0414391 0.0449117 9.9982E-05 0.114097 9.9982E-05
9.9973E-05 0.647141 0.282037 0.0316061 9.9973E-05 9.9973E-05 0.0389155
0.591505 9.9973E-05 0.218312 0.0139893 9.9973E-05 0.175894 9.9973E-05
0.0841216 0.240192 0.0219513 9.9982E-05 9.9982E-05 0.519661 0.133874
9.9982E-05 0.0711252 0.0298768 9.9982E-05 0.0227596 0.832765 0.043273
9.995E-05 9.995E-05 9.995E-05 0.9994 9.995E-05 9.995E-05 9.995E-05
0.106261 9.9982E-05 0.0500104 9.9982E-05 0.651338 0.172134 0.0200567
0.0529529 9.9982E-05 0.210984 0.0314866 0.683448 0.020928 9.9982E-05
0.0712363 0.00776158 0.577784 0.0416205 0.0649041 0.103158 0.133536
0.136426 0.0765204 0.573497 0.0551335 9.9991E-05 0.0572379 0.101086
0.00573449 0.0583025 0.252167 9.9991E-05 0.274618 0.00277196 0.406307
0.000484992 0.117348 9.9973E-05 9.9973E-05 9.9973E-05 0.75531 0.126558
0.509737 9.9982E-05 9.9982E-05 0.0501848 0.126874 0.202807 0.110197
9.9991E-05 0.15065 0.00406533 0.0837221 0.0925372 0.646445 0.0224803
0.258725 0.0145549 0.0639393 0.0368571 9.9991E-05 0.210199 0.415624
0.0639069 9.9973E-05 0.610116 0.0134924 0.312185 9.9973E-05 9.9973E-05
0.0174351 9.9982E-05 0.168944 9.9982E-05 0.251213 0.169682 0.392527
0.085027 9.9973E-05 0.432602 9.9973E-05 0.241588 0.240483 9.9973E-05
9.9973E-05 0.0116547 0.719188 9.9973E-05 9.9973E-05 0.0952233 0.173634
9.9964E-05 9.9964E-05 9.9964E-05 0.0108006 9.9964E-05 0.0347858 0.954014
9.9955E-05 9.9955E-05 0.902984 9.9955E-05 9.9955E-05 0.0965162 9.9955E-05
0.0160974 0.225684 9.9982E-05 0.0130887 9.9982E-05 0.489912 0.255019
0.055867 0.160833 0.0508266 0.0535534 0.0932159 0.585604 9.9991E-05
0.0383451 0.120665 9.9991E-05 0.0656263 0.00180054 0.722053 0.0514102
0.147045 9.9982E-05 0.127444 9.9982E-05 0.0254935 0.585371 0.114447
0.0736371 0.0641742 0.299527 9.9991E-05 0.10005 0.461094 0.00141815
0.379877 0.0447567 0.207016 9.9982E-05 0.111717 9.9982E-05 0.256433
9.9982E-05 0.707863 0.0497153 0.0391778 0.0574274 9.9982E-05 0.145617
9.9973E-05 0.631883 9.9973E-05 0.0277325 9.9973E-05 0.316362 0.0237225
0.0815844 0.138215 9.9973E-05 9.9973E-05 0.216521 0.56338 9.9973E-05
0.0793453 0.12379 0.246291 0.0383561 9.9991E-05 0.396716 0.115401
0.22243 0.13132 9.9982E-05 0.0294055 0.220733 0.395911 9.9982E-05
0.731188 9.9964E-05 9.9964E-05 9.9964E-05 9.9964E-05 0.200681 0.0677309
0.0850229 0.621701 9.9991E-05 0.0179001 0.0204678 0.229576 0.0252321
9.9964E-05 0.618961 0.124535 9.9964E-05 9.9964E-05 0.256104 9.9964E-05
9.9973E-05 0.439184 0.0649512 9.9973E-05 9.9973E-05 0.387366 0.108199
0.371318 0.0133528 9.9991E-05 0.0421158 0.306287 0.0910135 0.175813
0.0963862 0.0193732 0.114768 9.9973E-05 0.769172 9.9973E-05 9.9973E-05
9.9982E-05 9.9982E-05 0.115894 0.0109843 0.521397 0.134371 0.217154
0.0055653 0.0656969 0.13486 9.9982E-05 0.561035 9.9982E-05 0.232643
0.319661 9.9982E-05 0.132239 9.9982E-05 0.448041 0.0588129 0.0410464
0.159635 0.0359261 0.152027 0.00473272 0.529266 0.0323877 0.0860257
0.0361392 9.9973E-05 9.9973E-05 9.9973E-05 0.830554 0.0679582 0.0650491
9.9973E-05 0.035369 0.194339 0.00741119 0.76258 9.9973E-05 9.9973E-05
0.289745 0.0184522 0.253801 9.9982E-05 0.30712 9.9982E-05 0.130683
0.0460982 9.9982E-05 0.82215 0.00250281 9.9982E-05 0.0142647 0.114784
0.0928276 9.9982E-05 0.791438 0.019968 9.9982E-05 0.0103236 0.0852424
9.9964E-05 9.9964E-05 0.731913 0.013346 9.9964E-05 9.9964E-05 0.254341
0.19901 0.0376512 0.253174 0.0182471 0.349688 0.125982 0.016248
9.9973E-05 0.0231511 0.918566 0.0380187 9.9973E-05 9.9973E-05 0.0199644
0.14688 9.9973E-05 0.557323 9.9973E-05 9.9973E-05 0.191331 0.104167
0.0253801 0.0358784 0.212086 9.9982E-05 0.702033 0.024422 9.9982E-05
0.763933 9.9973E-05 0.000397985 9.9973E-05 9.9973E-05 0.0934521 0.141917
0.837949 9.9964E-05 9.9964E-05 9.9964E-05 0.122562 0.0390897 9.9964E-05
0.817052 9.9973E-05 0.0710314 0.0308204 9.9973E-05 9.9973E-05 0.080796
0.666914 0.0683438 0.195513 0.00269605 0.0564415 9.9991E-05 0.00999149
0.70186 0.0397949 9.9982E-05 0.0152076 0.186445 0.0564924 9.9982E-05
9.9991E-05 0.045928 0.20217 0.0115437 0.398039 0.139563 0.202657
0.102603 9.9973E-05 9.9973E-05 0.028282 0.108498 9.9973E-05 0.760317
9.9964E-05 0.840109 9.9964E-05 9.9964E-05 0.00118495 0.158306 9.9964E-05
0.0577657 0.74641 0.0949169 0.0305273 0.0228102 0.0116885 0.0358816
0.0121251 0.798056 9.9982E-05 0.0039842 9.9982E-05 0.0269073 0.158728
0.035387 0.605944 9.9991E-05 0.0027683 0.0612654 0.253985 0.0405502
9.9973E-05 0.753634 9.9973E-05 0.0512133 0.11706 0.0777926 9.9973E-05
0.162624 0.743571 0.0824123 0.00606336 9.9982E-05 9.9982E-05 0.00512934
9.9973E-05 0.775038 9.9973E-05 0.0218252 0.09271 0.110127 9.9973E-05
0.094347 0.732237 9.9973E-05 9.9973E-05 0.127775 0.0453418 9.9973E-05
0.00912704 0.761322 0.061778 9.9982E-05 0.0546263 0.112946 9.9982E-05
0.0848964 0.771989 9.9973E-05 9.9973E-05 0.0842187 0.0585963 9.9973E-05
9.9973E-05 0.728693 9.9973E-05 0.0377535 9.9973E-05 0.105475 0.127779
0.0408466 0.711831 9.9991E-05 0.0386731 0.0750263 0.0802799 0.0532427
0.0806866 0.688192 0.0615878 0.0124941 0.0785505 0.0783886 9.9991E-05
0.0776932 0.820891 0.0177211 0.0162759 9.9982E-05 9.9982E-05 0.0672186
9.99836E-05 0.740997 9.99836E-05 0.00890777 0.000547105 0.159714 0.0896342
9.9964E-05 0.800263 9.9964E-05 0.0261654 0.173172 9.9964E-05 9.9964E-05
0.0858293 0.789566 9.9982E-05 0.00537538 0.00384684 9.9982E-05 0.115182
9.9982E-05 0.0970434 0.0313799 0.00380679 0.138098 0.729472 9.9982E-05
9.9964E-05 9.9964E-05 0.0193997 9.9964E-05 9.9964E-05 0.817356 0.162844
9.9982E-05 0.800146 0.0382539 9.9982E-05 0.00569437 0.091312 0.0643934
0.00871632 0.667008 0.0239171 0.0122006 0.163791 9.9991E-05 0.124267
0.0607422 0.778144 9.9973E-05 0.00987918 9.9973E-05 0.150935 9.9973E-05
9.9982E-05 0.104984 0.230951 9.9982E-05 0.0445771 0.589321 0.0299672
9.9982E-05 9.9982E-05 0.000486072 0.00830392 0.865633 0.0318754 0.0935016
0.111645 9.9982E-05 0.119629 0.0114 0.74199 9.9982E-05 0.0151359
0.385561 9.9982E-05 0.00471836 9.9982E-05 0.428437 0.165833 0.0152511
0.493417 9.9982E-05 0.231164 0.00947029 0.191915 0.073834 9.9982E-05
0.732514 9.9982E-05 0.0250522 0.0139301 9.9982E-05 0.196825 0.0314786
0.850031 0.0373629 0.0495222 9.9973E-05 0.0627844 9.9973E-05 9.9973E-05
0.659852 9.9973E-05 9.9973E-05 0.0215092 0.201913 0.116425 9.9973E-05
0.667189 9.9982E-05 0.189318 0.0180281 9.9982E-05 0.102451 0.0228143
0.690285 0.0431966 9.9982E-05 0.0512425 9.9982E-05 0.185159 0.0299175
0.707336 0.0674784 0.000619561 0.0360904 0.188275 9.9982E-05 9.9982E-05
0.060621 9.9973E-05 9.9973E-05 9.9973E-05 0.685338 0.0821554 0.171585
0.00575049 0.0365186 9.9982E-05 0.0549284 0.630977 9.9982E-05 0.271626
9.9964E-05 9.9964E-05 9.9964E-05 0.0360713 0.003435 9.9964E-05 0.960094
9.995E-05 9.995E-05 9.995E-05 9.995E-05 9.995E-05 9.995E-05 0.9994
9.99549E-05 9.99549E-05 0.00353802 9.99549E-05 9.99549E-05 9.99549E-05 0.995962
9.9964E-05 9.9964E-05 9.9964E-05 9.9964E-05 0.00298121 0.256245 0.740374
0.113191 9.9982E-05 0.644815 9.9982E-05 0.0301591 0.120652 0.0909832
0.0720244 0.00851956 0.767855 9.9973E-05 9.9973E-05 0.151301 9.9973E-05
9.9973E-05 9.9973E-05 0.830822 0.0489679 0.00702773 0.112883 9.9973E-05
0.0534701 0.0190575 0.592449 0.0118055 0.0657203 0.0354402 0.222057
0.0558968 0.0351758 0.678081 0.0249077 9.9982E-05 9.9982E-05 0.205738
0.605242 0.0744264 0.185621 0.127333 9.9982E-05 0.0071773 9.9982E-05
0.0336388 0.719533 0.0287153 0.0234245 0.0040106 0.159896 0.030782
0.0243593 0.700534 0.0295987 0.0618268 9.9991E-05 0.0939671 0.0896138
0.0371151 0.741382 0.00413245 9.9973E-05 9.9973E-05 0.217071 9.9973E-05
0.0487022 0.65818 0.0450198 0.0107001 0.055878 0.163267 0.0182526
0.0449818 0.697455 9.9991E-05 0.0220413 0.154258 0.0326175 0.0485467
0.237082 0.107275 0.454591 0.0310724 9.9991E-05 0.0030834 0.166795
0.219987 9.9991E-05 0.497456 0.0205791 0.212616 0.023549 0.0257132
9.9973E-05 9.9973E-05 0.827416 0.0722265 0.0627881 9.9973E-05 0.0372697
0.211123 9.9991E-05 0.200233 0.0247026 0.231671 0.262035 0.0701346
