0.0143577 0.214847 0.167143 0.603652
9.999E-05 0.107288 0.125804 0.766808
0.00877575 0.164616 0.21718 0.609428
9.999E-05 0.209576 0.0721438 0.71818
0.106825 9.9982E-05 9.9982E-05 0.892975
0.0476063 0.110804 9.9991E-05 0.84149
0.0445203 0.182114 0.051744 0.721622
9.9982E-05 0.208516 9.9982E-05 0.791284
0.103801 9.9991E-05 0.202235 0.693864
0.0172263 0.265453 0.272414 0.444906
0.0755218 0.543521 0.101556 0.279401
0.0404676 0.217428 0.288641 0.453463
0.0986049 0.824187 0.0194132 0.0577944
0.0558293 0.304484 0.230175 0.409512
0.0934316 9.9991E-05 0.174243 0.732225
9.9991E-05 0.181907 0.183477 0.634516
0.0199572 0.0609242 0.275687 0.643431
9.9982E-05 9.9982E-05 0.106848 0.892952
0.152209 0.101448 0.607297 0.139046
9.9991E-05 0.158671 0.736145 0.105083
0.027727 9.9991E-05 0.730036 0.242137
0.0391276 0.0869286 0.873844 9.9991E-05
0.0551397 0.0043991 0.940361 9.9991E-05
0.000335085 9.9991E-05 0.834535 0.16503
9.9991E-05 0.0733678 0.750887 0.175646
9.9982E-05 9.9982E-05 0.94384 0.0559602
0.0821819 9.9982E-05 0.917618 9.9982E-05
0.0888562 0.0121712 0.898873 9.9991E-05
0.0249193 9.9991E-05 0.974502 0.000478415
0.0773851 0.00843451 0.848056 0.0661241
0.038394 9.9982E-05 0.961406 9.9982E-05
0.0558356 0.0134963 0.840976 0.0896925
0.00831398 0.0389534 0.855723 0.0970095
9.9991E-05 0.337218 0.159543 0.503139
0.0543583 9.9991E-05 0.276419 0.669123
0.0642694 0.126998 0.191445 0.617287
9.9991E-05 0.25237 0.0902455 0.657285
0.067226 0.319585 0.141594 0.471595
0.354738 9.9991E-05 0.0464086 0.598753
9.9982E-05 0.220845 0.778955 9.9982E-05
0.129301 9.9991E-05 0.196152 0.674447
9.9991E-05 0.22966 0.174964 0.595276
0.0964466 0.284614 0.327988 0.290951
0.172003 0.648071 0.130931 0.0489952
0.0501356 0.896867 0.0412502 0.0117477
0.342176 9.9982E-05 9.9982E-05 0.657624
0.0714495 0.195754 0.288187 0.44461
0.0975907 0.508914 0.157323 0.236172
0.112995 0.0920477 0.361703 0.433255
0.741448 0.228309 9.9991E-05 0.0301427
0.74478 0.224275 0.0114284 0.0195166
0.822957 9.9991E-05 0.0259152 0.151028
0.754669 0.139315 0.0165505 0.0894649
0.837322 9.9991E-05 0.0829414 0.0796368
0.825027 0.0259461 0.0816156 0.0674116
0.670787 0.10364 9.9991E-05 0.225473
0.78073 0.122025 0.0101334 0.0871112
0.885383 9.9982E-05 0.114417 9.9982E-05
0.828354 0.0176082 9.9991E-05 0.153938
0.593303 0.307196 9.9991E-05 0.0994013
0.842116 0.0590642 0.0987195 9.9991E-05
0.650116 0.265604 0.0556452 0.0286351
0.354665 0.585518 9.9991E-05 0.0597175
0.0709394 0.0294299 0.811731 0.0878992
0.0413379 0.0163272 0.820697 0.121638
9.9982E-05 9.9982E-05 0.890322 0.109478
0.63975 0.263556 9.9991E-05 0.0965938
0.505223 0.460169 9.9991E-05 0.0345082
0.724817 0.141179 0.0469945 0.0870098
0.642742 0.357058 9.9982E-05 9.9982E-05
0.829217 9.9991E-05 0.0155511 0.155132
0.103745 0.707224 9.9991E-05 0.188931
0.0601804 0.747857 9.9991E-05 0.191863
0.0664954 0.89821 0.00924898 0.0260458
0.0179197 0.98188 9.9982E-05 9.9982E-05
0.0182225 0.878042 0.103636 9.9991E-05
0.0545185 0.936126 0.00925529 9.9991E-05
9.9991E-05 0.911158 0.0823192 0.00642314
0.581913 0.417887 9.9982E-05 9.9982E-05
0.437903 0.29331 9.9991E-05 0.268687
0.724461 0.191788 0.0836509 9.9991E-05
0.777831 0.120795 0.101274 9.9991E-05
0.724124 0.00531328 9.9991E-05 0.270463
0.0118921 0.185841 0.773522 0.0287452
0.258189 0.617822 0.123889 9.9991E-05
0.0731941 0.926604 9.9991E-05 0.000101416
0.376926 9.9982E-05 9.9982E-05 0.622874
9.9991E-05 0.150228 0.1926 0.657071
9.9991E-05 0.163613 0.160694 0.675593
0.00188775 0.25961 0.160384 0.578119
0.0808017 0.250684 0.261815 0.4067
0.0393634 0.0844561 0.133541 0.74264
0.18187 0.796432 0.0215984 9.9991E-05
0.013559 0.246061 0.589433 0.150947
0.235496 0.591032 9.9991E-05 0.173372
0.0621536 0.412832 0.356942 0.168072
9.9982E-05 9.9982E-05 0.259281 0.740519
9.9991E-05 0.31107 0.0945577 0.594272
9.9991E-05 0.253666 0.204736 0.541499
0.0186955 0.378695 0.0590973 0.543512
9.9982E-05 0.53629 9.9982E-05 0.46351
9.9991E-05 0.222813 0.128156 0.64893
0.228898 0.705564 9.9991E-05 0.0654381
0.157433 0.646178 0.126872 0.0695167
0.222706 0.734124 9.9991E-05 0.0430699
9.9991E-05 0.678301 0.267491 0.0541082
0.0882397 0.555583 0.205665 0.150512
0.0831303 0.014382 0.521 0.381488
0.789607 9.9991E-05 0.0193966 0.190897
0.720306 0.234641 9.9991E-05 0.0449524
0.181732 0.656985 0.161182 9.9991E-05
0.205435 0.466304 0.128092 0.200169
0.158922 0.409453 0.306157 0.125468
9.9982E-05 0.285907 0.713893 9.9982E-05
0.631603 0.303477 0.0648199 9.9991E-05
0.629499 0.327449 0.0429524 9.9991E-05
0.477046 0.43866 9.9991E-05 0.0841943
0.0799746 0.0817553 0.527957 0.310313
0.0520687 0.0138308 0.307626 0.626474
0.0598896 0.12819 0.0813862 0.730535
0.132779 0.00545622 0.086413 0.775352
0.00751983 0.0458449 0.454959 0.491676
0.0465426 0.0918372 0.207012 0.654608
0.00578928 0.0525672 0.187558 0.754085
0.0945585 0.0303251 0.0242638 0.850853
0.00428746 0.185696 0.393208 0.416808
0.0257722 0.106047 0.128351 0.73983
9.9991E-05 0.18148 0.163988 0.654432
9.9991E-05 0.169209 0.0797544 0.750936
0.099064 0.138235 0.301718 0.460984
0.0886502 0.104514 0.0151013 0.791735
0.0154711 0.309462 0.249301 0.425765
0.000189038 0.186581 0.136604 0.676625
9.9982E-05 0.0587013 0.941099 9.9982E-05
9.9991E-05 0.022652 0.928931 0.0483171
9.9982E-05 9.9982E-05 0.90902 0.0907796
0.089079 0.0906238 0.760196 0.0601011
0.0154876 0.157754 0.826659 9.9991E-05
0.0379549 0.376323 9.9991E-05 0.585623
9.9991E-05 0.197146 0.135257 0.667498
0.916009 0.0837913 9.9982E-05 9.9982E-05
0.73053 0.161587 0.0834653 0.0244183
0.850887 9.9991E-05 0.021176 0.127837
0.576576 0.38988 0.0334447 9.9991E-05
0.866838 9.9982E-05 9.9982E-05 0.132962
0.810393 9.9982E-05 0.189407 9.9982E-05
0.855553 0.0807178 9.9991E-05 0.0636291
0.803659 0.118665 0.0775759 9.9991E-05
0.787272 0.141669 0.0709593 9.9991E-05
0.8578 0.0571319 0.0702856 0.0147821
0.764046 0.208461 9.9991E-05 0.0273935
0.742522 0.0253684 0.107981 0.124129
0.792901 9.9991E-05 0.070303 0.136696
0.83918 9.9991E-05 0.07515 0.0855703
0.773401 0.226399 9.9982E-05 9.9982E-05
0.850474 9.9982E-05 9.9982E-05 0.149326
0.835194 0.0640644 0.100641 9.9991E-05
0.115896 0.843785 0.0402195 9.9991E-05
9.9991E-05 0.897442 0.0333664 0.0690913
0.753847 0.245953 9.9982E-05 9.9982E-05
0.7066 0.107183 9.9991E-05 0.186117
0.822055 0.161497 0.0163481 9.9991E-05
0.117398 0.739698 9.9991E-05 0.142804
0.0470629 0.0735442 0.0212804 0.858113
0.0155016 0.0593584 0.257145 0.667995
9.9991E-05 0.269141 0.513394 0.217365
9.9991E-05 0.0690328 0.61735 0.313517
9.9982E-05 0.212986 0.786814 9.9982E-05
0.0553259 0.0227033 0.914351 0.00761947
9.9991E-05 0.152714 0.824552 0.0226347
0.0584732 0.0408328 0.788612 0.112082
0.0703869 0.144576 0.784937 9.9991E-05
0.0968667 9.9991E-05 0.79447 0.108563
9.9991E-05 0.19958 0.151513 0.648807
0.0581033 0.122112 0.0890783 0.730707
0.0158091 0.307213 9.9991E-05 0.676878
9.9982E-05 0.316187 9.9982E-05 0.683613
9.9982E-05 0.219699 9.9982E-05 0.780101
9.9982E-05 0.506224 9.9982E-05 0.493576
9.9991E-05 0.211234 0.207182 0.581484
0.0930471 0.148158 0.20203 0.556764
0.00437082 0.234257 0.0598776 0.701495
0.0668118 0.164746 0.160772 0.607669
0.0294766 0.130352 0.164703 0.675468
0.144191 9.9991E-05 0.655529 0.20018
0.728035 0.229451 0.0080209 0.0344928
0.787438 0.13433 0.078132 9.9991E-05
0.752354 0.247446 9.9982E-05 9.9982E-05
0.696354 0.089782 0.0689004 0.144964
0.801333 0.0409173 0.0638133 0.0939368
0.112439 0.169125 0.314667 0.403769
9.9991E-05 0.15422 0.315449 0.530231
0.0176028 9.9991E-05 0.162938 0.81936
9.9991E-05 0.258384 0.32601 0.415506
