0.0298243 9.9991E-05 0.139462 0.679096 0.151518
9.999E-05 0.048824 0.148637 0.707698 0.0947403
0.00431419 0.03337 0.100484 0.675913 0.18592
0.0166574 9.9991E-05 0.227459 0.731927 0.0238569
0.0637144 0.00333644 9.9982E-05 0.932749 9.9982E-05
0.0891317 9.9982E-05 0.0705333 0.840135 9.9982E-05
0.030284 9.9991E-05 0.195812 0.662785 0.111019
9.999E-05 0.0561007 0.16213 0.777052 0.00461733
0.0993254 0.00856587 9.9991E-05 0.691072 0.200937
9.999E-05 0.0226151 0.254019 0.516641 0.206624
0.0740255 0.064638 0.448345 0.387066 0.0259255
0.0365128 0.029587 0.181431 0.520506 0.231964
0.0271457 0.0488376 0.86634 0.0131137 0.0445635
0.044583 9.9991E-05 0.234098 0.490068 0.231151
0.0770316 0.0266119 9.9991E-05 0.774645 0.121612
9.999E-05 0.00836676 0.198055 0.734991 0.0584876
0.0262519 9.9991E-05 0.0263381 0.691528 0.255782
9.999E-05 0.0398414 0.00615822 0.897533 0.0563675
0.111954 0.0816119 0.225073 0.0496434 0.531718
9.9982E-05 9.9982E-05 0.200814 0.144797 0.654189
0.0236909 0.0110555 0.0128054 0.263235 0.689213
0.0214829 0.0154547 0.114947 0.0118008 0.836314
0.00981781 0.0324523 0.0132881 9.9991E-05 0.944342
0.0460734 0.0362533 9.9991E-05 0.160462 0.757111
9.9982E-05 9.9982E-05 0.119665 0.183086 0.697049
9.9982E-05 0.00810849 9.9982E-05 0.0853112 0.90638
0.0351056 0.0377709 0.069349 9.9991E-05 0.857675
0.0324217 0.0179207 0.0124342 9.9991E-05 0.937123
0.0271884 9.9982E-05 9.9982E-05 0.0332941 0.939318
0.114395 9.9982E-05 9.9982E-05 0.059526 0.82588
0.0528633 0.00545342 9.9991E-05 0.0333573 0.908226
0.0169087 0.021197 9.9991E-05 0.0931287 0.868666
9.9991E-05 0.0473201 0.0424091 0.0537003 0.85647
9.9991E-05 0.0677029 0.272768 0.533112 0.126317
0.0641901 0.00329569 0.00042314 0.627753 0.304339
0.0945627 0.00794987 0.0634714 0.689475 0.144541
0.032106 0.0376531 0.141736 0.7126 0.0759044
0.0586772 0.0108856 0.324017 0.473565 0.132855
9.997E-05 0.9996 9.997E-05 9.997E-05 9.997E-05
0.0114159 0.0257109 0.219576 9.9991E-05 0.743197
0.152721 0.0122723 9.9991E-05 0.70728 0.127627
9.9991E-05 0.00417154 0.246183 0.632961 0.116585
0.129566 0.00785008 0.309231 0.290266 0.263087
0.0938792 0.0523162 0.649005 0.13647 0.06833
9.9982E-05 0.0201953 0.93515 9.9982E-05 0.0444548
9.997E-05 0.9996 9.997E-05 9.997E-05 9.997E-05
9.9991E-05 0.067179 0.302332 0.381169 0.24922
0.131493 9.9991E-05 0.396128 0.347527 0.124752
0.128457 0.0214568 0.125866 0.377605 0.346615
0.791464 0.0218899 0.112805 0.0617368 0.0121043
0.767765 0.0329436 0.196517 9.9991E-05 0.00267462
0.814812 9.9973E-05 9.9973E-05 0.184889 9.9973E-05
0.730529 0.0440711 0.195454 0.016593 0.013353
0.855523 0.0565991 9.9991E-05 0.00935498 0.0784228
0.826733 9.9982E-05 9.9982E-05 0.0741473 0.0989198
0.674501 9.9982E-05 0.120151 0.205148 9.9982E-05
0.830381 0.0201704 0.0979155 0.00250527 0.0490282
0.827011 0.0240086 9.9982E-05 9.9982E-05 0.148781
0.751099 0.0477632 0.11762 0.0834186 9.9991E-05
0.658068 0.0247454 0.207298 0.109788 9.9991E-05
0.837621 9.9982E-05 0.103512 9.9982E-05 0.0586664
0.687532 0.00319505 0.165275 0.103056 0.0409423
0.303249 0.0757289 0.609079 9.9991E-05 0.0118429
0.0899519 0.0108706 9.9991E-05 0.137651 0.761427
0.00800211 0.0256501 0.0931552 0.0897643 0.783428
9.9982E-05 0.0265157 9.9982E-05 0.142584 0.830701
0.657095 0.010587 0.240027 0.0616953 0.0305955
0.503208 0.0591429 0.437449 9.9982E-05 9.9982E-05
0.726893 0.0245381 0.154027 0.0493459 0.0451961
0.684899 0.0432891 0.265384 9.9991E-05 0.00632853
0.855604 0.0324803 9.9991E-05 0.066625 0.045191
0.0824969 0.00543555 0.726309 0.185658 9.9991E-05
0.0628364 0.0140165 0.792229 0.124327 0.00659114
0.077912 0.00275309 0.812583 0.106652 9.9991E-05
9.9973E-05 0.0343191 0.965381 9.9973E-05 9.9973E-05
9.9982E-05 0.0232343 0.856315 9.9982E-05 0.120251
9.9982E-05 0.0259812 0.972357 9.9982E-05 0.00146228
0.0265533 0.0332109 0.76117 0.0819597 0.0971065
0.594386 9.9982E-05 0.382722 0.022692 9.9982E-05
0.488777 0.0919773 0.295345 0.0839745 0.0399264
0.752284 0.0155707 0.138283 9.9991E-05 0.0937618
0.737439 0.0263576 0.162489 9.9991E-05 0.073614
0.752303 0.0194276 0.0461019 0.182067 9.9991E-05
0.0469093 0.0258323 0.122851 0.125204 0.679203
0.325586 9.9991E-05 0.464985 0.0758705 0.133459
0.108583 9.9982E-05 0.888963 0.00225403 9.9982E-05
9.997E-05 0.9996 9.997E-05 9.997E-05 9.997E-05
9.9982E-05 9.9982E-05 0.143448 0.660305 0.196047
9.9991E-05 0.0134862 0.123163 0.711711 0.15154
9.9991E-05 0.0553696 0.219164 0.586656 0.13871
0.0875996 0.0477491 0.168793 0.392229 0.303629
0.0955944 9.9991E-05 0.0388288 0.821059 0.0444177
0.171764 9.9982E-05 0.814239 9.9982E-05 0.013797
0.0214025 0.0453497 0.17865 0.217043 0.537554
0.151262 0.104379 0.686074 0.0581857 9.9991E-05
0.0473685 0.0360861 0.351292 0.272664 0.29259
9.9982E-05 9.9982E-05 0.0332066 0.818517 0.148076
9.9982E-05 9.9982E-05 0.326307 0.601435 0.0720582
9.9982E-05 9.9982E-05 0.250854 0.581468 0.167478
0.0247229 0.033949 0.274006 0.62679 0.0405315
9.9982E-05 9.9982E-05 0.443968 0.504728 0.0511046
9.9991E-05 0.00407483 0.222681 0.677874 0.0952699
0.179573 0.0318 0.720441 0.040874 0.0273122
0.159604 0.0689629 0.627953 0.0864824 0.0569977
0.205248 0.0948131 0.598267 0.0907619 0.0109099
9.9991E-05 0.00534229 0.635543 0.123763 0.235252
0.040615 9.9991E-05 0.615378 0.241177 0.102731
0.086582 9.9982E-05 9.9982E-05 0.420274 0.492944
0.774006 0.0207618 9.9991E-05 0.203816 0.00131622
0.680431 0.032323 0.254956 9.9991E-05 0.0321904
0.131595 9.9991E-05 0.738179 0.0148496 0.115276
0.200701 0.0340318 0.361745 0.240962 0.162561
0.108441 0.0601426 0.506196 0.0204404 0.30478
9.9973E-05 9.9973E-05 0.296871 9.9973E-05 0.702829
0.568184 0.0531846 0.341303 9.9991E-05 0.0372275
0.660574 9.9982E-05 0.311628 9.9982E-05 0.0275983
0.476382 9.9982E-05 0.440929 0.0824887 9.9982E-05
0.0577 0.0470704 0.0472955 0.3935 0.454434
0.0592619 9.9982E-05 9.9982E-05 0.695698 0.24484
9.9991E-05 0.0315062 0.203213 0.723342 0.0418385
0.0961297 9.9991E-05 0.0682412 0.764445 0.0710838
9.9982E-05 9.9982E-05 0.0569673 0.595005 0.347827
0.00901529 0.013243 0.0429965 0.749182 0.185564
0.0321666 9.9991E-05 0.0706388 0.766083 0.131011
0.085793 0.0138989 9.9991E-05 0.877686 0.0225221
0.0187868 9.9991E-05 0.0724291 0.517676 0.391008
9.9991E-05 0.000572661 0.128217 0.746727 0.124383
9.9991E-05 0.0420878 0.113178 0.686732 0.157902
0.0131303 0.0101465 0.0786215 0.800379 0.0977231
0.0638891 0.00708369 0.223247 0.471081 0.234699
0.0817821 0.0454806 0.0566784 0.813694 0.00236447
0.0109703 0.0120252 0.22228 0.550233 0.204492
0.00270241 9.9991E-05 0.176303 0.761967 0.0589278
9.9973E-05 9.9973E-05 0.12514 9.9973E-05 0.87456
9.9982E-05 9.9982E-05 0.0972519 0.0123866 0.890161
9.9973E-05 0.0326098 9.9973E-05 9.9973E-05 0.96709
0.103446 0.0103979 9.9991E-05 0.115378 0.770678
0.0330871 0.0207237 0.140994 9.9991E-05 0.805095
0.0481853 0.00173742 0.318109 0.631868 9.9991E-05
9.9991E-05 0.0498672 0.114503 0.710113 0.125416
0.942334 9.9973E-05 0.0573657 9.9973E-05 9.9973E-05
0.813288 0.0331272 0.0658686 9.9991E-05 0.0876165
0.845636 0.0131839 0.0664346 0.0746452 9.9991E-05
0.640344 9.9991E-05 0.256116 0.0262454 0.0771939
0.896034 9.9982E-05 0.00446822 0.0992982 9.9982E-05
0.789927 0.00882442 0.0351246 0.011144 0.15498
0.874692 0.0238916 0.101216 9.9982E-05 9.9982E-05
0.830137 9.9982E-05 0.0962637 9.9982E-05 0.0733995
0.826342 9.9991E-05 0.0794692 0.0405548 0.0535336
0.83355 9.9982E-05 0.0578882 9.9982E-05 0.108362
0.775745 0.0559137 0.125526 0.0126667 0.0301486
0.7899 0.0222684 0.0380525 0.117457 0.0323222
0.7814 0.0227006 9.9991E-05 0.142039 0.0537609
0.880417 0.0122873 9.9991E-05 0.0234463 0.0837494
0.827798 0.00301618 0.148231 0.0112883 0.00966637
0.904686 0.030939 9.9982E-05 0.0641755 9.9982E-05
0.86784 0.0152803 9.9991E-05 0.029304 0.0874754
0.109078 9.9982E-05 0.838842 0.0518797 9.9982E-05
9.9982E-05 9.9982E-05 0.916763 0.0506044 0.0324322
0.780793 9.9982E-05 0.196466 0.0225416 9.9982E-05
0.69402 0.0194518 0.0298217 0.243186 0.0135211
0.812019 9.9973E-05 0.187681 9.9973E-05 9.9973E-05
0.136778 9.9982E-05 0.739597 0.123425 9.9982E-05
0.0198742 0.0209686 0.000610649 0.958447 9.9991E-05
0.0234778 0.0203859 9.9991E-05 0.711514 0.244523
9.9982E-05 9.9982E-05 0.242088 0.329547 0.428165
9.9991E-05 0.00384682 0.123455 0.269999 0.602599
9.9973E-05 9.9973E-05 0.163645 9.9973E-05 0.836055
0.0533837 9.9991E-05 0.0181853 0.0873863 0.840945
9.9991E-05 0.00898833 0.0978368 0.19003 0.703045
0.00740405 0.011124 0.0878901 0.138747 0.754835
0.077126 0.0437168 0.107906 0.0604271 0.710824
0.0916745 0.0577354 9.9991E-05 0.0793634 0.771127
0.0771868 0.00304849 9.9991E-05 0.833652 0.0860125
0.113286 0.0403958 0.0603136 0.781556 0.00444947
0.0470746 0.0400198 0.0961269 0.816679 9.9991E-05
9.99731E-05 9.99731E-05 0.228798 0.770902 9.99731E-05
0.0158384 0.00502518 0.187177 0.791859 9.9991E-05
9.9982E-05 9.9982E-05 0.403016 0.578743 0.0180411
9.9991E-05 0.0281398 0.205256 0.571124 0.19538
0.0299544 0.00718186 0.238432 0.495712 0.228719
9.9991E-05 0.0528607 0.200624 0.64639 0.100025
0.00508156 9.9991E-05 0.281537 0.529121 0.18416
0.0156426 0.0270304 0.168518 0.659041 0.129768
0.0951386 0.121879 0.0112116 0.133394 0.638376
0.76958 0.0157359 0.189383 0.00555836 0.0197428
0.796047 0.0511993 0.0133054 9.9991E-05 0.139348
0.871703 0.0162481 0.0863569 9.9991E-05 0.0255917
0.727793 9.9982E-05 0.176409 0.0955981 9.9982E-05
0.77107 0.0388914 9.9991E-05 0.117391 0.0725483
0.0674168 0.0471484 0.242742 0.321519 0.321174
0.0039551 0.0212289 0.162006 0.506316 0.306493
0.0338136 0.0721309 9.9991E-05 0.768234 0.125721
9.9991E-05 0.052096 0.214634 0.508149 0.22502
