0.0913033 0.656268 0.128471 9.9991E-05 0.0293175 0.09454
0.0520599 0.755136 0.137426 9.9991E-05 0.049246 0.00603186
0.0249097 0.626137 0.1911 0.00797748 0.0176679 0.132207
9.999E-05 0.722212 0.0256591 0.0655675 0.0109235 0.175538
0.029503 0.870931 9.9982E-05 0.0936085 0.00575702 9.9982E-05
0.143911 0.84407 9.9973E-05 9.9973E-05 9.9973E-05 0.0117184
0.11402 0.605773 0.0701135 9.9982E-05 9.9982E-05 0.209894
9.9991E-05 0.688839 0.00768878 0.00622314 0.0246517 0.272498
0.0699883 0.697531 0.151348 0.060807 0.0202259 9.9991E-05
0.0497231 0.449822 0.187151 9.9991E-05 0.029774 0.283431
9.999E-05 0.21039 0.137756 0.157205 0.0736977 0.420851
9.999E-05 0.407968 0.22969 0.0407374 0.0171593 0.304345
0.101015 0.0326025 0.0324698 9.9991E-05 0.0258381 0.807974
9.9982E-05 0.470854 0.163048 0.0883922 9.9982E-05 0.277505
9.9982E-05 0.652474 0.169618 0.115526 0.0621822 9.9982E-05
0.0574614 0.683155 0.0717153 9.9991E-05 0.0169343 0.170634
0.0359317 0.65532 0.230407 0.00912776 9.9991E-05 0.0691136
0.00476034 0.838399 0.0680102 9.9991E-05 0.0277161 0.0610142
0.104234 0.112762 0.520673 0.0720197 0.0557329 0.134579
0.013421 0.0798722 0.71342 9.9982E-05 9.9982E-05 0.193087
9.999E-05 0.22074 0.701172 0.038397 0.00527576 0.0343152
0.0131091 9.9991E-05 0.827851 0.0517994 0.0222093 0.0849309
0.0744408 9.9982E-05 0.831269 9.9982E-05 0.0510218 0.0430685
0.0423911 0.140118 0.775843 9.9982E-05 0.0414475 9.9982E-05
9.9973E-05 0.141957 0.693709 9.9973E-05 9.9973E-05 0.164034
0.0282517 0.0655408 0.899424 9.9982E-05 0.00658318 9.9982E-05
0.0514795 9.9982E-05 0.894568 0.027565 0.0261879 9.9982E-05
0.0897397 9.9991E-05 0.838267 0.0170995 0.0336989 0.0210949
0.0059067 0.0519092 0.901503 0.0404813 9.9982E-05 9.9982E-05
0.0660132 0.00253905 0.900421 0.0308271 9.9982E-05 9.9982E-05
0.0724181 0.037781 0.878447 9.9982E-05 0.0111542 9.9982E-05
9.9982E-05 0.0865022 0.817142 0.0763973 0.0197584 9.9982E-05
0.0286906 9.9982E-05 0.852997 9.9982E-05 0.0690393 0.0490735
9.999E-05 0.494194 0.126292 0.0470493 0.0704293 0.261936
0.0168039 0.681675 0.216256 0.0850653 9.9982E-05 9.9982E-05
0.0385728 0.658614 0.161465 0.0644535 9.9991E-05 0.0767944
0.0782371 0.739854 0.0291551 9.9991E-05 0.0568419 0.0958116
0.0433464 0.471745 0.134036 0.0565648 0.00891203 0.285395
9.996E-05 9.996E-05 9.996E-05 9.996E-05 0.9995 9.996E-05
0.00342729 9.9991E-05 0.743515 0.0689631 0.033136 0.150859
0.0627839 0.645084 0.14527 0.146662 9.9982E-05 9.9982E-05
9.9991E-05 0.607223 0.131907 0.00154542 0.0065255 0.2527
0.174748 0.26191 0.316065 0.0110754 0.0297987 0.206404
0.0760853 0.0621671 0.129229 0.117381 0.0488714 0.566266
0.101279 9.9982E-05 0.0483326 9.9982E-05 0.010509 0.83968
9.996E-05 9.996E-05 9.996E-05 9.996E-05 0.9995 9.996E-05
0.000349752 0.374958 0.238371 0.0256947 0.0904618 0.270165
0.193095 0.297128 0.132893 9.9982E-05 9.9982E-05 0.376684
0.00607517 0.329616 0.360891 0.0902492 0.0460663 0.167102
0.617115 0.0119458 0.00164201 0.252683 0.0141099 0.102504
0.278666 9.9982E-05 9.9982E-05 0.562233 0.00802255 0.150878
0.435015 0.126251 9.9973E-05 0.438434 9.9973E-05 9.9973E-05
0.226919 0.0750097 9.9991E-05 0.524174 0.0491815 0.124616
0.10531 9.9982E-05 0.0543759 0.787225 0.0528893 9.9982E-05
0.31831 0.0825077 0.0207616 0.57822 9.9982E-05 9.9982E-05
0.134087 0.215975 9.9982E-05 0.643766 9.9982E-05 0.00597276
0.492887 0.0814671 0.00709936 0.40143 0.0170162 9.9991E-05
0.9995 9.996E-05 9.996E-05 9.996E-05 9.996E-05 9.996E-05
0.156717 0.0427381 9.9991E-05 0.657177 0.0406927 0.102576
0.470576 0.0993071 9.9991E-05 0.258773 0.0193665 0.151878
0.9995 9.996E-05 9.996E-05 9.996E-05 9.996E-05 9.996E-05
0.132292 0.0738323 0.0972665 0.610493 9.9991E-05 0.0860166
0.205702 0.00866923 9.9991E-05 0.183946 0.0750733 0.52651
9.9982E-05 0.115663 0.771722 0.0858332 0.0265812 9.9982E-05
0.0515764 0.171035 0.74763 9.9982E-05 0.0295585 9.9982E-05
0.0443229 0.107875 0.83247 9.9982E-05 0.015132 9.9982E-05
0.0866178 0.119226 0.0099723 0.650756 0.0144127 0.119016
0.145113 9.9982E-05 9.9982E-05 0.387283 0.0816214 0.385783
0.15453 0.0704295 0.0382494 0.651535 0.0294151 0.0558403
0.109844 9.9982E-05 9.9982E-05 0.624716 0.0452953 0.219945
0.0810862 0.0650512 9.9982E-05 0.827468 0.0261948 9.9982E-05
0.177327 0.173447 9.9973E-05 9.9973E-05 9.9973E-05 0.648926
0.120886 0.130275 9.9973E-05 9.9973E-05 9.9973E-05 0.748539
0.177515 9.9982E-05 0.00873003 9.9982E-05 0.00413345 0.809421
0.0175577 9.9982E-05 9.9982E-05 0.00387194 0.0352444 0.943126
0.0132839 9.9991E-05 0.0854419 0.00855089 0.0527015 0.839922
0.172373 9.9973E-05 9.9973E-05 9.9973E-05 0.0295259 0.797801
9.9991E-05 0.0190359 0.0832561 0.0232956 0.0300091 0.844303
9.99641E-05 9.99641E-05 9.99641E-05 0.707645 9.99641E-05 0.291955
0.175973 0.154789 0.0199822 0.313409 0.136128 0.199719
0.263316 9.9991E-05 0.0135267 0.514541 0.0215763 0.186941
0.353633 9.9991E-05 0.0894489 0.477575 0.0538481 0.025395
9.9982E-05 0.0481876 9.9982E-05 0.757004 0.0276603 0.166948
9.9982E-05 9.9982E-05 0.755579 0.0538684 0.0293494 0.161003
0.0967116 0.0146656 0.178468 0.268488 9.9991E-05 0.441566
0.0997232 9.9973E-05 9.9973E-05 0.0859457 9.9973E-05 0.814031
9.996E-05 9.996E-05 9.996E-05 9.996E-05 0.9995 9.996E-05
0.0484201 0.62974 0.187034 9.9982E-05 9.9982E-05 0.134606
0.0785499 0.758037 0.13504 9.9982E-05 0.0281724 9.9982E-05
0.131955 0.604088 0.12045 9.9991E-05 0.0346231 0.108784
9.9991E-05 0.357817 0.21424 0.13285 0.0292164 0.265777
0.0145904 0.683372 0.109423 0.0930829 9.9991E-05 0.0994317
0.309889 9.9964E-05 9.9964E-05 9.9964E-05 9.9964E-05 0.689711
0.0296716 0.147215 0.608689 0.00874931 0.0357533 0.169922
9.9982E-05 0.0416881 9.9982E-05 0.226935 0.0797462 0.651431
0.08915 0.291022 0.248626 9.9991E-05 0.0321006 0.339001
0.0257644 0.733064 0.182759 9.9982E-05 9.9982E-05 0.058213
9.9982E-05 0.613023 0.0627001 0.0449413 9.9982E-05 0.279135
0.0428794 0.567437 0.132351 9.9982E-05 9.9982E-05 0.257132
0.0823738 0.540745 0.0530232 9.9991E-05 0.0167198 0.307038
0.0246425 0.486434 0.0689085 9.9991E-05 0.0135731 0.406342
9.9982E-05 0.627683 0.0562057 9.9982E-05 0.000367193 0.315544
0.122227 9.9991E-05 0.0439186 0.148252 0.0225783 0.662924
0.196252 0.113208 0.0722772 0.0284828 0.0668358 0.522944
0.0894413 0.0301976 0.00543505 0.134698 0.0875149 0.652713
9.9982E-05 0.148754 0.204202 9.9982E-05 0.000130418 0.646714
0.0997291 0.239105 0.153017 0.0434424 9.9991E-05 0.464607
0.0347357 0.468341 0.413333 0.0664536 9.9991E-05 0.0170363
0.198315 0.151962 0.00660048 0.620506 0.0225164 9.9991E-05
0.210254 0.00966522 0.0193937 0.537077 0.025621 0.197989
0.199429 0.0449447 0.169889 0.0568518 0.00581847 0.523067
0.21471 0.162303 0.132303 0.0266263 0.0314855 0.432571
0.247609 0.156813 0.190275 9.9991E-05 0.0750948 0.330107
9.9964E-05 9.9964E-05 0.721287 9.9964E-05 9.9964E-05 0.278313
0.0273516 9.9991E-05 0.0633457 0.64322 0.0387528 0.22723
0.262402 0.0152499 0.0176001 0.429115 9.9991E-05 0.275533
0.225554 0.0479029 9.9982E-05 0.279032 9.9982E-05 0.447311
0.0295632 0.374023 0.459531 0.0728343 0.0639482 9.9991E-05
0.00312804 0.631882 0.269735 0.0902417 0.00491339 9.9991E-05
0.0290454 0.709714 0.0440863 0.0177653 0.0159164 0.183473
0.0756596 0.743137 0.0804588 0.100545 9.9982E-05 9.9982E-05
0.0260148 0.559113 0.402982 0.0109611 9.9991E-05 0.000829078
0.052519 0.693167 0.144682 0.0519938 0.0218597 0.0357787
9.9982E-05 0.794393 0.0835606 0.0936267 9.9982E-05 0.0282194
0.043936 0.850189 0.0214308 0.0842444 9.9982E-05 9.9982E-05
9.9982E-05 0.373669 0.375234 0.120861 9.9982E-05 0.130037
9.9982E-05 0.668759 0.125471 9.9982E-05 0.00123745 0.204332
0.0753267 0.633263 0.16671 9.9991E-05 0.0262121 0.0983881
9.9991E-05 0.644257 0.0852518 0.00351326 0.0287253 0.238153
0.0315199 0.485833 0.239681 0.115096 9.9991E-05 0.12777
0.0666888 0.727265 0.0137052 0.0614777 0.0492141 0.0816493
0.0848421 0.415869 0.217955 9.9991E-05 0.0215634 0.259671
0.0201211 0.765066 0.0880079 0.0913352 0.00308263 0.0323868
0.0101536 9.9973E-05 0.805264 9.9973E-05 9.9973E-05 0.184283
9.9982E-05 0.0495241 0.882265 0.00914607 9.9982E-05 0.0588651
9.9973E-05 0.0578287 0.926037 9.9973E-05 0.0158342 9.9973E-05
0.0938459 0.126272 0.729892 0.0198625 0.00566406 0.0244635
0.0177672 0.02699 0.781448 0.0214732 0.00975637 0.142565
0.0181236 0.679567 9.9991E-05 0.10951 0.00429436 0.188405
0.0426373 0.722278 0.130575 9.9991E-05 0.0423623 0.0620483
0.71244 9.99639E-05 9.99639E-05 0.28716 9.99639E-05 9.99639E-05
0.0389238 9.9991E-05 0.0858132 0.785014 0.0220604 0.0680881
0.0931011 9.9991E-05 0.0615779 0.814053 0.0133093 0.0178586
0.0719372 9.9982E-05 0.059124 0.597182 9.9982E-05 0.271556
0.135413 0.0353094 9.9991E-05 0.775259 0.0135577 0.0403609
0.169615 9.9991E-05 0.0975923 0.692698 0.0178167 0.0221776
9.9973E-05 9.9973E-05 9.9973E-05 0.908296 0.00929144 0.0821129
0.38237 9.9982E-05 0.0791401 0.530031 0.00825954 9.9982E-05
0.26525 9.9982E-05 0.0888961 0.627727 9.9982E-05 0.017926
0.291029 0.011201 0.0456642 0.638416 0.0135902 9.9991E-05
9.9973E-05 9.9973E-05 9.9973E-05 0.816108 0.0451849 0.138407
0.135605 0.0255988 9.9991E-05 0.641964 0.0464323 0.1503
0.186102 0.0934917 0.0592111 0.650127 0.0109684 9.9991E-05
0.2434 0.00178105 0.0437288 0.682295 0.0286956 9.9991E-05
0.133731 9.9982E-05 9.9982E-05 0.695344 0.0260139 0.144711
9.9973E-05 0.0509645 9.9973E-05 0.924088 0.0246478 9.9973E-05
0.00108011 9.9982E-05 0.087198 0.904945 0.00657684 9.9982E-05
9.9973E-05 0.0343842 9.9973E-05 0.189831 9.9973E-05 0.775485
9.9964E-05 0.0467409 9.9964E-05 9.9964E-05 9.9964E-05 0.952859
0.0919437 0.0164541 9.9982E-05 0.78691 9.9982E-05 0.104492
0.403209 0.228298 9.9973E-05 0.368194 9.9973E-05 9.9973E-05
0.9995 9.996E-05 9.996E-05 9.996E-05 9.996E-05 9.996E-05
0.263266 0.236557 9.9973E-05 9.9973E-05 9.9973E-05 0.499877
9.9982E-05 0.833866 9.9982E-05 0.0655974 0.00335919 0.096977
9.9982E-05 0.729092 0.192516 0.0444264 0.033766 9.9982E-05
0.0765535 0.265728 0.512005 9.9982E-05 9.9982E-05 0.145513
9.9982E-05 0.19869 0.597627 0.0213897 9.9982E-05 0.182093
0.0768754 0.0136568 0.771591 9.9991E-05 0.0120752 0.125702
0.0774412 0.0500877 0.838768 9.9982E-05 9.9982E-05 0.0335036
0.00403529 0.133504 0.758525 9.9991E-05 0.00285611 0.100979
9.9991E-05 0.0754048 0.693761 0.0380571 0.0236395 0.169038
0.0328316 9.9991E-05 0.746579 0.0461205 0.039651 0.134718
9.9982E-05 0.0824694 0.765785 0.0987937 0.0527524 9.9982E-05
0.0517231 0.750268 0.144567 0.0210611 0.0242252 0.00815509
0.109442 0.730551 0.0617531 0.0324143 0.0572833 0.00855551
0.139245 0.737822 9.9982E-05 9.9982E-05 0.0512596 0.0714736
9.9973E-05 0.668143 9.9973E-05 0.0893996 9.9973E-05 0.242158
0.121819 0.769402 9.9982E-05 9.9982E-05 0.0144637 0.0941149
9.9982E-05 0.499295 0.0285943 0.0837982 9.9982E-05 0.388112
0.120079 0.596428 0.166331 9.9991E-05 0.0101382 0.106924
0.0561409 0.46448 0.152894 0.0168921 9.9991E-05 0.309492
9.9991E-05 0.57927 0.0682162 0.0274599 0.0361205 0.288833
9.9991E-05 0.624011 0.117376 0.103348 0.00318932 0.151976
9.9991E-05 0.582734 0.157111 0.112301 0.0334049 0.11435
0.00893619 0.0315125 0.693326 0.0740342 0.138582 0.0536088
0.580681 0.0102443 9.9991E-05 0.235666 0.00836013 0.164949
0.237801 9.9991E-05 0.064962 0.596361 0.0533518 0.0474242
9.9973E-05 9.9973E-05 9.9973E-05 0.845214 0.0147301 0.139756
0.0587787 0.150285 9.9991E-05 0.694386 0.00333861 0.093111
0.0729681 0.0141955 0.114249 0.773667 0.0248197 9.9991E-05
0.191354 0.413499 0.249661 9.9991E-05 0.0353392 0.110047
0.0709879 0.480591 0.319469 0.0241093 0.0251196 0.0797229
0.0904773 0.738791 0.103444 9.9982E-05 0.0670878 9.9982E-05
9.9991E-05 0.500437 0.208163 0.00904828 0.0533347 0.228917
