0.00921619 0.175017 0.00837647 0.80739
9.999E-05 0.0427009 0.0515132 0.905686
9.999E-05 0.253783 0.0266643 0.719452
0.0124488 0.0738896 0.0358126 0.877849
0.0109517 0.0634772 0.0077561 0.917815
0.0247198 9.9991E-05 0.0020471 0.973133
0.0188713 0.0921075 9.9991E-05 0.888921
9.9982E-05 9.9982E-05 0.056005 0.943795
0.0572009 0.238801 0.0195647 0.684433
0.0330519 0.198569 0.0451812 0.723197
0.191062 0.0698553 0.0572718 0.681811
0.0800003 0.267956 0.0190665 0.632977
0.271664 0.0399873 0.0525268 0.635822
0.092471 0.27214 0.00689761 0.628491
0.0657344 0.22705 0.0555436 0.651672
0.00484408 0.105169 0.0360392 0.853948
0.00218636 0.310589 9.9991E-05 0.687124
9.9991E-05 0.073398 0.0320711 0.894431
0.166135 0.585792 0.0634081 0.184664
0.054577 0.741345 9.9991E-05 0.203978
9.9991E-05 0.755313 0.00776566 0.236821
0.0641141 0.829307 0.012392 0.0941866
9.9982E-05 0.950911 0.0488893 9.9982E-05
0.0166122 0.798343 0.0379218 0.147123
9.9982E-05 0.732593 9.9982E-05 0.267207
9.9982E-05 0.998809 9.9982E-05 0.000990741
0.0786654 0.89812 0.0231142 9.9991E-05
0.0780453 0.892672 0.0291823 9.9991E-05
0.00126998 0.99853 9.9982E-05 9.9982E-05
0.0976025 0.85325 9.9991E-05 0.0490472
0.016894 0.972687 0.0103189 9.9991E-05
0.0292779 0.889377 0.0329677 0.0483779
9.9991E-05 0.840842 0.0648992 0.0941587
0.0268659 0.161094 0.0932256 0.718815
0.021308 0.303328 0.00251339 0.672851
0.0519762 0.169685 9.9991E-05 0.778239
0.0108051 0.0903347 0.0217475 0.877113
0.132577 0.208225 0.00532337 0.653874
9.998E-05 9.998E-05 0.9997 9.998E-05
0.0731488 0.866867 0.0238405 0.0361436
0.0953376 0.229032 0.0133194 0.662311
9.9991E-05 0.189343 0.000544327 0.810013
0.168461 0.345243 0.0182394 0.468057
0.34386 0.051838 0.0587843 0.545518
0.25851 0.0717428 0.0413658 0.628381
9.998E-05 9.998E-05 0.9997 9.998E-05
0.0640841 0.252244 0.114604 0.569068
0.229261 0.165538 9.9991E-05 0.605101
0.110112 0.413044 0.0144597 0.462385
0.828705 0.0254059 0.0411677 0.104722
0.879317 9.9991E-05 0.0405475 0.0800353
0.888063 0.0123296 0.00520309 0.0944041
0.783084 0.0546529 0.0841397 0.0781236
0.859634 0.0781666 0.0620996 9.9991E-05
0.896337 0.103463 9.9982E-05 9.9982E-05
0.756416 9.9982E-05 9.9982E-05 0.243384
0.874061 0.0108287 0.0239722 0.091138
0.892548 0.0613872 0.0459652 9.9991E-05
0.838229 9.9991E-05 0.0689355 0.0927356
0.707338 9.9991E-05 0.0638264 0.228735
0.892534 0.0918079 0.0155585 9.9991E-05
0.748431 0.0934872 0.0228632 0.135218
0.508351 0.0501137 0.0942776 0.347258
0.0578948 0.848411 0.027389 0.0663048
0.0119702 0.789851 0.0357731 0.162406
9.9982E-05 0.929863 9.9982E-05 0.0699369
0.796024 0.0492328 0.0128877 0.141856
0.683553 0.0424252 0.073413 0.200609
0.81619 0.0174467 0.0369906 0.129372
0.82015 0.0347526 0.0505649 0.0945329
0.882999 0.022647 0.052189 0.0421648
0.312066 9.9991E-05 0.0299608 0.657874
0.295248 0.0319626 0.0386805 0.634109
0.335567 0.0349306 0.00384642 0.625656
0.312098 0.0328884 0.0416704 0.613343
0.241543 0.126623 0.0629756 0.568859
0.321439 0.0788287 0.0566328 0.543099
0.260065 0.127784 0.025591 0.586559
0.755163 9.9982E-05 9.9982E-05 0.244637
0.548191 0.0110617 0.136612 0.304136
0.815104 0.104007 0.0186269 0.0622625
0.84362 0.0990147 0.0572652 9.9991E-05
0.757281 9.9991E-05 0.0609796 0.181639
0.0484416 0.770275 0.0300798 0.151204
0.500185 0.117006 0.00371645 0.379092
0.405856 9.9982E-05 9.9982E-05 0.593944
9.998E-05 9.998E-05 0.9997 9.998E-05
9.9991E-05 0.246047 0.0137459 0.740108
9.9991E-05 0.212731 0.0159134 0.771256
0.0165607 0.169343 0.0533594 0.760737
0.171438 0.311432 0.0338834 0.483247
0.000979246 0.104474 9.9991E-05 0.894447
0.462864 0.044351 0.000813875 0.491971
0.0701617 0.6606 0.0492509 0.219988
0.37644 9.9991E-05 0.102004 0.521455
0.134007 0.303502 0.0413119 0.521179
9.9991E-05 0.186798 0.00921191 0.80389
0.0128849 0.0796629 9.9991E-05 0.907352
0.0342943 0.13505 9.9991E-05 0.830556
0.091865 0.0655483 0.039474 0.803113
0.0404937 0.0362155 0.018261 0.90503
9.9991E-05 0.157817 0.00974296 0.83234
0.401994 0.064584 0.046024 0.487398
0.340073 0.0660201 0.107749 0.486158
0.391628 0.026581 0.0966963 0.485094
0.105394 0.276243 0.033738 0.584625
0.252708 0.194538 9.9991E-05 0.552654
0.0734196 0.499471 9.9991E-05 0.427009
0.842934 0.0102951 0.0241164 0.122655
0.826493 0.0900347 0.010446 0.073026
0.360527 0.190337 9.9991E-05 0.449036
0.339906 0.191969 0.0361338 0.431992
0.320261 0.283794 0.0564897 0.339455
0.050772 0.814841 0.000399288 0.133988
0.762442 0.0938165 0.0603354 0.0834064
0.799308 9.9982E-05 9.9982E-05 0.200492
0.629303 9.9982E-05 9.9982E-05 0.370497
0.0431065 0.546433 0.0474292 0.363032
0.0133137 0.339063 0.00845546 0.639167
0.0476626 0.076116 0.0322694 0.843952
0.0573539 0.0854738 9.9991E-05 0.857072
9.9982E-05 0.456726 9.9982E-05 0.543074
0.0134666 0.212987 9.9991E-05 0.773447
0.00844812 0.161168 9.9991E-05 0.830284
0.0394395 9.9991E-05 0.0125134 0.947947
0.00501903 0.401317 9.9991E-05 0.593564
0.0073767 0.177494 0.025401 0.789728
9.9991E-05 0.270161 0.0403016 0.689437
9.9991E-05 0.174286 0.00668778 0.818927
0.109315 0.365385 9.9991E-05 0.525201
0.0487784 0.0273712 0.0523992 0.871451
0.0589634 0.276596 0.0338231 0.630618
9.9991E-05 0.118333 0.00846511 0.873102
0.0236634 0.926 9.9991E-05 0.0502362
9.9982E-05 0.9855 9.9982E-05 0.0143
9.9982E-05 0.960409 0.0393912 9.9982E-05
0.0873662 0.834588 9.9991E-05 0.0779453
0.0584574 0.878113 0.0151604 0.048269
0.125736 9.9982E-05 9.9982E-05 0.874064
9.9991E-05 0.169716 0.0233277 0.806856
0.9997 9.998E-05 9.998E-05 9.998E-05
0.857744 0.0799097 0.0364471 0.0258991
0.890974 0.0345128 0.0190156 0.0554975
0.793365 0.0712007 9.9991E-05 0.135334
0.907352 9.9991E-05 0.034744 0.057804
0.852019 0.147781 9.9982E-05 9.9982E-05
0.937658 9.9982E-05 0.0621416 9.9982E-05
0.880163 0.117884 0.00185316 9.9991E-05
0.941141 0.0586591 9.9982E-05 9.9982E-05
0.914801 0.0749932 0.0101061 9.9991E-05
0.855255 9.9991E-05 0.0491777 0.0954674
0.801955 0.0416281 0.056841 0.0995762
0.818453 0.0221114 0.0351916 0.124244
0.876542 0.108861 0.0144965 9.9991E-05
0.901661 9.9991E-05 0.0178834 0.0803555
0.95131 9.9991E-05 0.0227669 0.0258234
0.933668 0.0605972 0.00563482 9.9991E-05
0.399729 0.0385513 0.000493253 0.561226
0.216627 0.0302192 9.9991E-05 0.753054
0.916317 9.9982E-05 9.9982E-05 0.0834826
0.736796 9.9991E-05 0.00935737 0.253746
0.933694 0.0515717 0.0146339 9.9991E-05
0.35746 9.9991E-05 0.00610756 0.636333
9.9982E-05 9.9982E-05 0.0198203 0.97998
9.9991E-05 0.227638 0.0262567 0.746005
0.0619297 0.468668 9.9991E-05 0.469302
0.0244348 0.652635 0.00669175 0.316238
0.0215436 0.940569 9.9991E-05 0.0377871
0.0432794 0.94628 9.9991E-05 0.0103402
9.9991E-05 0.850401 0.00575114 0.143748
0.0251987 0.828269 0.0135794 0.132953
0.130316 0.800198 0.036455 0.0330309
0.0804378 0.808259 0.0568684 0.0544344
0.00367982 0.101567 0.00455162 0.890201
0.0539035 0.0563577 0.0687991 0.82094
0.0203832 0.0191948 0.0822602 0.878162
0.0261054 9.9982E-05 9.9982E-05 0.973695
0.0259694 9.9991E-05 0.0333223 0.940608
0.0799967 0.0873808 9.9991E-05 0.832522
0.0227596 0.24655 0.0296835 0.701007
0.106574 0.237053 0.00527987 0.651093
0.0224449 0.14616 0.0558712 0.775524
0.0574438 0.224293 0.0141135 0.70415
0.0578934 0.186379 0.0368765 0.718851
0.0984118 0.701671 0.153714 0.0462034
0.842867 0.0167596 0.0290807 0.111293
0.857348 0.0589278 0.0560354 0.0276885
0.941585 0.0582148 9.9982E-05 9.9982E-05
0.817817 0.00617794 0.0240779 0.151927
0.86075 0.105493 0.033657 9.9991E-05
0.139733 0.322137 0.0334081 0.504723
9.9991E-05 0.353619 0.0244634 0.621817
9.9991E-05 0.25822 0.0653143 0.676366
0.0101157 0.285793 0.0652374 0.638854
