0.111624 0.645184 0.0241325 0.189992 0.0117786 0.0172889
0.0406712 0.782 0.0414113 0.104099 0.0317192 9.9991E-05
0.0284459 0.549418 0.134379 0.267645 0.0200119 9.9991E-05
0.175001 0.407749 9.9982E-05 0.415861 0.00118893 9.9982E-05
9.9982E-05 0.606213 9.9982E-05 0.316732 0.00826088 0.0685945
0.0279627 0.261162 9.9982E-05 0.649071 9.9982E-05 0.0616041
0.108047 0.231793 0.0101469 0.649813 9.9982E-05 9.9982E-05
0.0567108 0.737649 9.9982E-05 0.173012 0.0324277 9.9982E-05
9.9982E-05 0.401801 0.0815423 0.428791 9.9982E-05 0.0876653
0.161525 0.432809 0.178742 0.177764 0.0289082 0.0202521
0.420597 0.215866 0.0444159 0.211191 0.0564697 0.0514607
0.184957 0.2557 0.121909 0.409236 0.0280974 9.9991E-05
0.702013 9.9991E-05 0.0312661 0.19632 0.0275606 0.04274
0.188737 0.262659 0.177037 0.304782 9.9991E-05 0.0666849
9.9991E-05 0.343794 0.0747675 0.49787 0.0353424 0.0481256
0.201854 0.504818 0.0339708 0.259156 9.9982E-05 9.9982E-05
9.9973E-05 0.316068 0.215851 0.467781 9.9973E-05 9.9973E-05
9.9982E-05 0.45297 0.0622705 0.471597 0.0129625 9.9982E-05
0.0175054 9.9991E-05 0.477954 0.287342 0.0624648 0.154634
0.120719 0.042075 0.588319 0.248687 9.9982E-05 9.9982E-05
9.9982E-05 0.183877 0.61995 0.193942 0.00203006 9.9982E-05
0.0881455 0.162633 0.722854 9.9982E-05 9.9982E-05 0.0261669
0.0461776 0.0828921 0.817285 9.9982E-05 0.0534455 9.9982E-05
9.999E-05 0.15279 0.757577 0.0524744 0.0313606 0.00569771
0.115601 0.0540096 0.591812 0.238378 9.9982E-05 9.9982E-05
9.9973E-05 0.155567 0.81808 9.9973E-05 0.0260529 9.9973E-05
0.0142056 0.0515721 0.819682 9.9991E-05 0.0605961 0.0538445
9.9982E-05 9.9982E-05 0.815464 0.0857833 0.0376777 0.0608748
9.9991E-05 0.17539 0.811534 0.00297791 0.00299623 0.00700199
9.9973E-05 9.9973E-05 0.786106 0.179353 9.9973E-05 0.0342413
0.0262366 0.00658121 0.882831 0.0338521 9.9991E-05 0.0503992
0.0208935 0.0445648 0.810231 0.0646919 0.0276153 0.0320033
0.00136734 0.173067 0.765582 9.9982E-05 0.0597845 9.9982E-05
0.209554 0.362883 0.10666 0.247662 0.0731416 9.9991E-05
9.9982E-05 0.456561 0.21393 0.289589 9.9982E-05 0.0397199
9.9973E-05 9.9973E-05 0.077952 0.847589 9.9973E-05 0.0741591
0.181167 0.0504405 0.059436 0.694877 0.00941028 0.00466868
0.264108 0.0656853 0.127112 0.516551 0.00456726 0.021977
9.996E-05 9.996E-05 9.996E-05 9.996E-05 0.9995 9.996E-05
0.196309 9.9982E-05 0.704932 0.0675393 0.0310201 9.9982E-05
9.9991E-05 0.460603 0.0795701 0.375375 0.000196216 0.0841553
0.13679 0.534251 0.115947 0.212811 9.9982E-05 9.9982E-05
0.25782 0.324371 0.203813 0.105504 0.0118558 0.0966357
0.55767 0.283925 0.0272483 9.9991E-05 0.0211004 0.109956
0.880448 0.057326 0.032906 0.0260589 0.0031607 9.9991E-05
9.996E-05 9.996E-05 9.996E-05 9.996E-05 0.9995 9.996E-05
0.236105 0.176033 0.153336 0.362102 0.0711833 0.00124168
0.378209 9.9982E-05 0.0889391 0.455619 9.9982E-05 0.0770332
0.186176 0.214972 0.306953 0.186833 0.0291436 0.0759217
0.176917 9.9982E-05 9.9982E-05 0.124243 0.0265299 0.67211
0.207057 9.9991E-05 0.0151251 0.0266768 0.0378956 0.713145
9.9973E-05 0.0910044 9.9973E-05 0.120258 9.9973E-05 0.788437
0.228304 9.9991E-05 0.0229869 0.0740629 0.0600805 0.614466
9.9982E-05 9.9982E-05 0.0044061 0.177256 0.0366311 0.781506
9.9973E-05 9.9973E-05 0.0217774 0.196643 9.9973E-05 0.78128
9.9973E-05 0.270038 9.9973E-05 0.0288658 9.9973E-05 0.700796
0.0926126 0.0273187 0.0576221 0.0527124 0.00436219 0.765372
9.9973E-05 9.9973E-05 0.164254 9.9973E-05 0.0322466 0.8032
0.113527 0.115952 9.9982E-05 9.9982E-05 0.0328641 0.737457
0.304306 0.0252888 9.9991E-05 0.10367 0.0162807 0.550354
0.0433788 0.033684 0.150575 9.9991E-05 0.00172376 0.770539
0.133348 0.104358 0.0516523 0.0212481 9.9991E-05 0.689294
0.579489 9.9982E-05 9.9982E-05 0.0795017 0.0712422 0.269568
9.9991E-05 0.0983164 0.681298 0.120613 0.0314466 0.0682266
0.0476159 0.381939 0.558968 9.9982E-05 0.0112778 9.9982E-05
9.9982E-05 0.0595288 0.798966 0.131237 0.0100675 9.9982E-05
0.100647 9.9991E-05 0.020392 0.189537 0.034333 0.654991
0.475733 0.0141997 9.9982E-05 9.9982E-05 0.0713753 0.438492
0.123741 0.0649953 0.0217843 0.0954698 0.0256988 0.66831
0.277376 9.9982E-05 0.0148923 9.9982E-05 0.064273 0.643259
9.9982E-05 0.00291375 9.9982E-05 0.160031 0.0567226 0.780133
0.487388 0.379143 9.9973E-05 9.9973E-05 9.9973E-05 0.133169
0.742529 0.138071 9.9991E-05 0.0770279 0.00466576 0.0376062
0.732832 9.9973E-05 9.9973E-05 0.191391 9.9973E-05 0.0754767
0.989581 0.0100189 9.9964E-05 9.9964E-05 9.9964E-05 9.9964E-05
0.765197 0.0888519 0.090365 0.0109118 0.0376587 0.00701518
0.980944 9.9964E-05 9.9964E-05 9.9964E-05 0.0186563 9.9964E-05
0.735924 0.149111 0.0829629 9.9991E-05 0.02259 0.00931167
0.341126 0.0659596 9.9982E-05 0.0344084 9.9982E-05 0.558306
0.313685 0.169376 9.9991E-05 0.00945118 0.115602 0.391786
0.193027 0.0289341 0.0809595 9.9991E-05 0.0151335 0.681846
0.129847 9.9982E-05 0.0947811 9.9982E-05 0.0548768 0.720295
9.9973E-05 9.9973E-05 9.9973E-05 0.288915 0.0337872 0.676998
0.136211 9.9991E-05 0.6014 0.231114 0.0174081 0.0137675
0.41756 0.0947626 0.145607 0.0538973 9.9991E-05 0.288074
0.809256 0.0425701 9.9982E-05 0.0438779 9.9982E-05 0.104096
9.996E-05 9.996E-05 9.996E-05 9.996E-05 0.9995 9.996E-05
0.0720182 0.428535 0.177717 0.32153 9.9982E-05 9.9982E-05
0.0620099 0.754858 0.0654087 0.0881379 0.0294855 9.9991E-05
0.135054 0.324591 0.117463 0.398608 0.0241833 9.9991E-05
0.137862 0.25831 0.157599 0.310639 0.0504663 0.0851238
9.9982E-05 0.192193 0.0355293 0.726499 9.9982E-05 0.0455787
0.729305 0.00643949 0.037158 0.0720016 9.9991E-05 0.154996
0.126075 9.9982E-05 0.538683 0.298813 0.0362289 9.9982E-05
0.698833 0.0209256 9.9991E-05 0.0856816 0.0675089 0.126951
0.347803 0.0210305 0.244882 0.330535 0.0406464 0.0151026
9.9982E-05 0.843608 0.0618353 0.0865537 0.00780271 9.9982E-05
0.1637 0.359556 0.0260349 0.450509 9.9982E-05 9.9982E-05
0.21262 0.657247 0.0586384 0.0712941 9.9982E-05 9.9982E-05
0.210678 0.15493 9.9982E-05 0.614922 0.0192709 9.9982E-05
0.330387 9.9964E-05 9.9964E-05 0.669213 9.9964E-05 9.9964E-05
0.154421 0.566367 0.00336496 0.275648 9.9982E-05 9.9982E-05
0.676656 9.9982E-05 9.9982E-05 0.15294 0.00508518 0.165118
0.625548 0.149638 0.0431645 0.0147469 0.0739439 0.0929594
0.663119 0.0914876 0.00433147 0.0243274 0.0739532 0.142781
0.522637 9.9982E-05 0.196706 0.274194 0.00626403 9.9982E-05
0.442716 0.265911 0.13256 0.076075 9.9991E-05 0.0826385
9.9982E-05 0.158233 0.345476 0.442809 9.9982E-05 0.0532814
9.9964E-05 9.9964E-05 9.9964E-05 0.263496 9.9964E-05 0.736104
0.248784 0.0811188 9.9982E-05 9.9982E-05 0.0282079 0.641689
0.57259 0.187062 0.0964258 9.9982E-05 9.9982E-05 0.143723
0.486686 9.9982E-05 0.0469529 0.32684 9.9982E-05 0.139322
0.46549 0.207383 0.179734 9.9991E-05 0.0434187 0.103874
0.267129 9.9973E-05 0.652095 0.0804761 9.9973E-05 9.9973E-05
0.352698 9.9982E-05 0.029555 9.9982E-05 0.0411908 0.576356
0.301403 0.0882417 0.00852827 9.9982E-05 9.9982E-05 0.601627
0.370931 0.130209 9.9982E-05 0.0482932 9.9982E-05 0.450367
0.0983204 0.0168701 0.399525 0.451853 0.0333319 9.9991E-05
9.9973E-05 0.854125 0.103389 9.9973E-05 9.9973E-05 0.0421857
0.09929 0.655233 9.9982E-05 0.221512 0.0237652 9.9982E-05
9.9973E-05 0.744038 9.9973E-05 0.170893 9.9973E-05 0.0847689
9.9973E-05 0.340966 0.324505 0.334229 9.9973E-05 9.9973E-05
0.0631077 0.416742 0.17834 0.341611 9.9982E-05 9.9982E-05
0.00646011 0.921217 0.0365775 9.9991E-05 0.000349877 0.0352951
9.9973E-05 0.830195 9.9973E-05 0.132715 9.9973E-05 0.0367903
0.082877 0.279682 0.302086 0.333803 9.9991E-05 0.00145149
0.0279826 0.417504 0.071029 0.478168 0.00521693 9.9991E-05
0.0736565 0.314581 0.157532 0.416999 0.0371311 9.9991E-05
0.0292175 0.0236054 0.0985319 0.829221 0.0193238 9.9991E-05
0.0330848 0.446203 0.22382 0.194194 0.00811896 0.0945792
0.0370982 0.421078 9.9991E-05 0.449442 0.0325852 0.0596966
0.278748 0.116283 0.180656 0.405249 0.018964 9.9991E-05
0.0565595 0.943041 9.9964E-05 9.9964E-05 9.9964E-05 9.9964E-05
0.0840578 9.9973E-05 0.749962 0.165681 9.9973E-05 9.9973E-05
0.0196433 0.168735 0.811322 9.9973E-05 9.9973E-05 9.9973E-05
9.9973E-05 9.9973E-05 0.785251 0.187449 0.0270004 9.9973E-05
0.0400009 0.10746 0.722969 0.04843 9.9991E-05 0.08104
0.0531284 0.298327 0.627507 9.9982E-05 0.0208377 9.9982E-05
0.198903 0.45187 9.9991E-05 0.283887 0.00954485 0.0556953
0.018887 9.9982E-05 0.119213 0.84222 0.0194805 9.9982E-05
0.128566 9.9964E-05 9.9964E-05 9.9964E-05 9.9964E-05 0.871034
0.0807541 0.129858 0.021986 9.9991E-05 0.0433463 0.723956
9.9973E-05 9.9973E-05 0.0223197 0.13238 9.9973E-05 0.845
0.215089 0.137044 0.054266 9.9991E-05 0.000299818 0.593201
9.9973E-05 0.144579 9.9973E-05 9.9973E-05 0.0173674 0.837754
0.0631245 9.9982E-05 0.203541 9.9982E-05 0.00813689 0.724998
9.9973E-05 0.152651 9.9973E-05 9.9973E-05 0.0132027 0.833847
0.0997599 9.9982E-05 0.0478621 0.0661545 9.9982E-05 0.786024
0.0509606 0.104599 0.0342263 9.9982E-05 9.9982E-05 0.810014
0.0515592 0.110121 0.0404479 9.9991E-05 0.0061948 0.791577
0.172979 9.9982E-05 9.9982E-05 0.105409 0.0452807 0.676131
0.0706063 0.043541 0.0322588 0.116083 0.0182147 0.719296
9.9982E-05 0.120391 0.049535 0.0784527 9.9982E-05 0.751422
0.0227587 9.9991E-05 0.0800785 0.0955098 0.00584959 0.795703
0.135287 0.0588833 9.9991E-05 0.0454401 0.00219988 0.75809
9.9982E-05 0.0754193 9.9982E-05 0.0857251 0.0255992 0.813056
0.0035702 0.0205557 0.100862 0.0472787 0.006423 0.82131
0.673345 0.221732 9.9973E-05 9.9973E-05 9.9973E-05 0.104623
0.885057 0.112666 9.9973E-05 0.00197643 9.9973E-05 9.9973E-05
0.11107 0.0636499 9.9982E-05 0.0339187 9.9982E-05 0.791161
9.9991E-05 0.195509 0.00291696 0.126572 0.0100602 0.664842
0.146828 9.9973E-05 0.0725083 9.9973E-05 9.9973E-05 0.780364
0.723747 0.0352719 9.9991E-05 0.141553 0.0021458 0.0971825
0.0311644 0.941908 9.99868E-05 0.0110803 0.0156469 9.99868E-05
9.9982E-05 0.722962 0.148595 0.103197 0.0250463 9.9982E-05
0.0949774 0.357918 0.439393 0.107512 9.9982E-05 9.9982E-05
0.0219949 0.480957 0.496749 9.9973E-05 9.9973E-05 9.9973E-05
0.155428 9.9982E-05 0.688416 0.147882 0.00807336 9.9982E-05
0.0754942 9.9982E-05 0.759578 0.126515 9.9982E-05 0.0382132
0.0772577 0.000159043 0.680973 0.239971 0.00153948 9.9991E-05
0.00642681 9.9991E-05 0.646914 0.296134 0.0300465 0.0203787
0.18195 9.9991E-05 0.667176 0.0583399 0.0394771 0.0529564
9.9982E-05 0.223334 0.679792 9.9982E-05 0.0363212 0.0603525
0.111836 0.55607 0.0265343 0.288648 9.9991E-05 0.016812
0.150417 0.323591 0.00483931 0.45902 0.036495 0.0256374
0.130037 0.0934888 9.9982E-05 0.739363 0.036911 9.9982E-05
9.996E-05 9.996E-05 9.996E-05 0.9995 9.996E-05 9.996E-05
0.0407547 0.0501985 9.9982E-05 0.903005 0.00584224 9.9982E-05
0.292841 0.148071 9.9991E-05 0.554196 0.00106117 0.00373129
0.187223 0.222518 0.153949 0.420168 0.0160414 9.9991E-05
0.0593053 0.16358 0.178843 0.515929 0.0110724 0.0712693
0.091884 0.358444 0.00777621 0.491392 0.0504042 9.9991E-05
0.120963 0.0906405 0.118206 0.632984 0.0153465 0.0218601
9.9991E-05 0.135631 0.0351621 0.749389 0.0222805 0.0574374
0.0838652 0.0291101 0.625809 0.0566302 0.128729 0.0758562
0.209907 0.085948 9.9982E-05 9.9982E-05 0.0206264 0.683319
0.129506 0.033076 0.0660099 9.9991E-05 0.0325344 0.738774
0.13859 0.0710663 9.9982E-05 9.9982E-05 0.0104732 0.779671
0.0808929 0.224437 9.9991E-05 0.000392217 0.0167577 0.67742
0.0140077 0.121078 0.10839 9.9991E-05 0.0160792 0.740345
0.0972681 0.173349 0.213647 0.372545 0.0312049 0.111986
0.0478166 0.47356 0.210864 0.208673 0.0363402 0.0227455
9.9982E-05 0.445451 0.000348114 0.491944 0.0620565 9.9982E-05
0.147164 0.338597 0.203569 0.253965 0.0566044 9.9991E-05
