0.831527 0.00381234 0.164661
0.84459 9.9991E-05 0.15531
0.786506 0.00562111 0.207873
0.989721 0.00381837 0.00646085
0.924242 0.0395051 0.0362526
0.979398 0.0205025 9.9991E-05
0.891075 0.0195265 0.0893981
0.993656 9.9991E-05 0.00624389
0.733014 0.095233 0.171753
0.652109 0.0644988 0.283392
0.634263 0.2057 0.160036
0.674092 0.0542089 0.271699
0.531689 0.34803 0.12028
0.682193 0.105411 0.212395
0.643669 0.0522846 0.304047
0.872763 9.9991E-05 0.127137
0.779302 9.9991E-05 0.220598
0.862645 9.9991E-05 0.137255
0.191106 0.19374 0.615153
0.245065 9.9991E-05 0.754835
0.258503 0.00588102 0.735615
0.0761362 0.0506882 0.873176
9.999E-05 9.999E-05 0.9998
0.061678 0.0184794 0.919843
0.313244 9.9991E-05 0.686656
0.0623234 9.9991E-05 0.937577
9.9991E-05 0.0726323 0.927268
9.9991E-05 0.0944031 0.905497
9.999E-05 9.999E-05 0.9998
9.9991E-05 0.074991 0.924909
9.9991E-05 0.037075 0.962825
0.0354584 0.0547203 0.909821
0.0482207 0.0199984 0.931781
0.677868 0.0436959 0.278436
0.674527 0.0265093 0.298964
0.868425 0.0246689 0.106906
0.813432 0.0239349 0.162633
0.713989 0.135889 0.150122
9.9991E-05 0.383419 0.616481
0.0810515 0.0698512 0.849097
0.675722 0.096249 0.228029
0.798102 9.9991E-05 0.201798
0.467878 0.184864 0.347259
0.439965 0.344256 0.215779
0.605438 0.290682 0.10388
9.9991E-05 0.401779 0.598121
0.650903 0.073334 0.275763
0.626337 0.239596 0.134067
0.370596 0.166762 0.462641
0.0382985 0.905207 0.0564949
0.0118192 0.957925 0.0302561
0.124929 0.868248 0.00682222
0.105292 0.843997 0.0507114
0.00126863 0.886204 0.112528
0.0356687 0.926686 0.0376453
0.208446 0.791454 9.9991E-05
0.00256057 0.940087 0.0573522
9.9991E-05 0.912995 0.0869047
0.113365 0.886535 9.9991E-05
0.303265 0.696635 9.9991E-05
9.9991E-05 0.898204 0.101696
0.136599 0.787012 0.076389
0.339763 0.595478 0.064759
0.129565 0.042986 0.827449
0.130622 0.0111481 0.85823
0.0600862 9.9991E-05 0.939814
0.103759 0.813109 0.0831323
0.192818 0.736859 0.0703232
0.0713953 0.850553 0.0780516
0.0834433 0.846469 0.0700875
0.0726836 0.892877 0.0344393
0.670305 0.329596 9.9991E-05
0.549305 0.337602 0.113093
0.621283 0.337514 0.0412032
0.569117 0.358605 0.0722782
0.58034 0.276236 0.143423
0.516292 0.381562 0.102146
0.563824 0.281005 0.15517
0.215597 0.784304 9.9991E-05
0.260999 0.63696 0.102041
0.0390665 0.898725 0.0622089
9.9991E-05 0.869402 0.130498
0.205126 0.794774 9.9991E-05
0.127986 0.0741802 0.797833
0.377689 0.442063 0.180248
0.611032 0.388868 9.9991E-05
0.0181299 0.39184 0.59003
0.802389 9.9991E-05 0.197511
0.788531 9.9991E-05 0.211369
0.717033 0.0361468 0.24682
0.487968 0.138915 0.373117
0.901352 0.0266573 0.0719903
0.460774 0.432179 0.107048
0.24813 0.0832739 0.668596
0.496858 0.430525 0.0726174
0.433464 0.135432 0.431104
0.796079 9.9991E-05 0.203821
0.916021 9.9991E-05 0.083879
0.843497 9.9991E-05 0.156403
0.799987 0.103703 0.0963093
0.932517 0.0384733 0.0290098
0.890462 9.9991E-05 0.109438
0.507531 0.440183 0.0522862
0.409405 0.369324 0.221271
0.465236 0.428288 0.106476
0.586477 0.100267 0.313256
0.59256 0.228983 0.178457
0.444317 0.0270686 0.528615
0.132429 0.852758 0.0148126
0.038798 0.856579 0.104623
0.483623 0.370824 0.145552
0.513431 0.326313 0.160257
0.375828 0.314925 0.309247
0.178579 0.0122074 0.809214
0.0221603 0.84599 0.13185
0.169524 0.810696 0.0197799
0.345143 0.654757 9.9991E-05
0.39202 0.0529938 0.554986
0.638671 0.0216972 0.339632
0.843993 0.0569663 0.0990403
0.795292 0.0775532 0.127155
0.563821 9.9991E-05 0.436079
0.758914 9.9991E-05 0.240986
0.83154 0.0184177 0.150042
0.889838 0.0529508 0.0572117
0.575152 0.0199588 0.404889
0.856923 9.9991E-05 0.142977
0.704133 9.9991E-05 0.295767
0.859838 0.00729471 0.132867
0.629624 0.123386 0.24699
0.775383 0.0538259 0.170791
0.579126 0.0900644 0.330809
0.873586 9.9991E-05 0.126314
0.0409805 0.0114294 0.94759
0.0338717 9.9991E-05 0.966028
0.0049533 9.9991E-05 0.994947
0.0933676 0.0416073 0.865025
0.0850319 0.0480048 0.866963
0.821969 0.11047 0.0675602
0.77531 9.9991E-05 0.22459
9.999E-05 0.9998 9.999E-05
0.0145783 0.88605 0.0993717
0.0931689 0.906731 9.9991E-05
0.148445 0.790532 0.0610226
0.0537629 0.930534 0.015703
9.9991E-05 0.837078 0.162822
0.0306215 0.969278 9.9991E-05
9.9991E-05 0.917941 0.0819588
9.9991E-05 0.903409 0.0964909
9.9991E-05 0.906862 0.0930381
0.0698426 0.930057 9.9991E-05
0.0680488 0.836186 0.095765
0.048191 0.879025 0.0727842
9.9991E-05 0.928853 0.0710472
0.085336 0.912598 0.00206557
0.0387381 0.961162 9.9991E-05
9.9991E-05 0.933974 0.0659259
0.509339 0.410233 0.0804278
0.73331 0.204791 0.0618987
0.0717646 0.928135 9.9991E-05
0.266492 0.733408 9.9991E-05
9.9991E-05 0.988641 0.0112593
0.64465 0.35525 9.9991E-05
0.9998 9.999E-05 9.999E-05
0.724912 9.9991E-05 0.274988
0.506625 0.0402148 0.45316
0.346078 9.9991E-05 0.653822
0.0865435 0.0119471 0.901509
0.0654422 0.0191495 0.915408
0.166352 9.9991E-05 0.833548
0.183908 0.0444687 0.771624
0.0331998 0.113094 0.853707
0.000197832 0.0958371 0.903965
0.829706 0.00622682 0.164067
0.872431 0.0796526 0.0479168
0.966987 0.0182597 0.0147528
0.9998 9.999E-05 9.999E-05
0.993106 0.00679387 9.9991E-05
0.902872 0.0833317 0.0137959
0.786479 9.9991E-05 0.213421
0.704511 0.0828739 0.212615
0.788841 0.0499032 0.161256
0.698417 0.066397 0.235186
0.769034 0.0545525 0.176414
0.0475837 0.183404 0.769012
0.0995451 0.846057 0.0543978
9.9991E-05 0.912596 0.0873037
9.9991E-05 0.943106 0.0567944
0.193138 0.806762 9.9991E-05
0.0927676 0.859012 0.0482202
0.39228 0.155133 0.452587
0.625585 0.0174232 0.356992
0.773382 0.0250575 0.20156
0.650003 0.00982276 0.340175
