0.117243 0.0129687 0.0227276 0.777944 0.0594957 0.00962091
0.0430326 0.350864 9.9991E-05 0.529139 0.0453101 0.0315539
0.160359 9.9982E-05 9.9982E-05 0.720452 0.0962877 0.022702
0.015117 9.9973E-05 9.9973E-05 0.818882 0.165701 9.9973E-05
0.00725544 0.112782 0.058643 0.82112 9.9982E-05 9.9982E-05
9.999E-05 0.0695739 0.0595366 0.857677 0.00467261 0.00843948
0.0114282 0.344166 0.0216918 0.514569 0.108045 9.9991E-05
9.9982E-05 0.191475 9.9982E-05 0.653304 0.118525 0.0364964
0.0795853 0.653411 0.0471039 0.18915 9.9991E-05 0.0306499
0.113497 0.343323 9.9991E-05 0.275446 0.225054 0.0425795
9.999E-05 0.439888 0.0986999 0.0987723 0.315311 0.0472282
0.201822 0.336359 0.0474621 0.313108 0.0929377 0.00831194
0.0183303 0.134631 0.0737196 9.9991E-05 0.757002 0.0162175
0.104456 0.756386 0.0768963 9.9982E-05 0.0620615 9.9982E-05
0.129425 0.328888 0.0708177 0.437249 9.9991E-05 0.0335208
0.0167994 0.662178 9.9991E-05 0.14971 0.153585 0.0176273
0.16702 0.452114 0.0112856 0.323742 0.0247889 0.0210495
9.9973E-05 0.343276 9.9973E-05 0.615454 9.9973E-05 0.0409705
0.517051 0.109911 0.100711 0.0146433 0.198133 0.0595503
0.6582 0.223157 9.9973E-05 9.9973E-05 0.118344 9.9973E-05
0.700977 0.162319 0.0166903 0.0983733 0.0215406 9.9991E-05
0.820536 0.000996398 0.0734112 0.0896874 0.0077318 0.00763691
0.87368 0.00686958 0.034147 0.0241369 0.0102765 0.0508904
0.746408 0.0349114 0.0264547 0.148831 9.9991E-05 0.0432954
0.654587 0.162288 9.9982E-05 0.108466 0.0744597 9.9982E-05
0.88591 9.9982E-05 9.9982E-05 0.0820219 0.0236482 0.00821995
0.898891 9.9982E-05 0.0413542 9.9982E-05 0.0231446 0.0364105
0.776066 0.142618 0.0518095 9.9982E-05 9.9982E-05 0.0293064
0.836805 9.9973E-05 0.0060511 0.156844 9.9973E-05 9.9973E-05
0.828887 0.0111921 0.0765612 0.0341488 0.0489047 0.000306454
0.917042 9.9991E-05 0.0530775 0.00571678 0.0114353 0.0126287
0.767481 0.066571 0.0591077 0.0423583 9.9991E-05 0.0643816
0.729139 0.152143 9.9982E-05 9.9982E-05 0.0493645 0.069154
0.130787 0.243717 9.9991E-05 0.317932 0.236387 0.0710782
0.267969 0.254687 0.0250464 0.452098 9.9982E-05 9.9982E-05
0.0467114 0.0371095 0.0864445 0.788889 0.0407456 9.9991E-05
9.9973E-05 9.9973E-05 9.9973E-05 0.71819 0.247004 0.0345068
0.0648596 0.390592 0.0576009 0.250256 0.221746 0.014945
9.996E-05 9.996E-05 9.996E-05 9.996E-05 9.996E-05 0.9995
0.773076 9.9991E-05 0.00355267 0.0291546 0.174503 0.0196139
0.114772 9.9973E-05 0.0844079 0.80052 9.9973E-05 9.9973E-05
0.103047 0.278715 9.9982E-05 0.385317 0.232721 9.9982E-05
0.161904 0.373505 0.089585 0.094166 0.257513 0.023327
0.105684 0.196787 0.139864 9.9991E-05 0.504855 0.0527094
9.9973E-05 9.9973E-05 9.9973E-05 0.0454355 0.953255 0.00100946
9.996E-05 9.996E-05 9.996E-05 9.996E-05 9.996E-05 0.9995
0.168998 0.140045 9.9991E-05 0.307744 0.322549 0.0605646
0.0852099 0.2062 0.0934993 0.186123 0.428868 9.9991E-05
0.325088 0.338676 0.11376 0.152432 0.0462678 0.0237765
9.9982E-05 0.138145 0.704528 9.9982E-05 0.148596 0.00853045
0.0453087 0.0634592 0.736374 9.9991E-05 0.127349 0.0274085
9.9982E-05 0.158818 0.776623 0.0602125 9.9982E-05 0.00414623
9.9982E-05 0.0314999 0.65956 9.9982E-05 0.24512 0.0636201
0.00180229 0.126878 0.826677 9.9982E-05 9.9982E-05 0.0444426
0.0459086 0.143085 0.810707 9.9973E-05 9.9973E-05 9.9973E-05
9.9964E-05 0.339986 0.659614 9.9964E-05 9.9964E-05 9.9964E-05
9.9964E-05 0.258369 0.741231 9.9964E-05 9.9964E-05 9.9964E-05
0.143201 9.9973E-05 0.831964 9.9973E-05 9.9973E-05 0.0245357
9.9991E-05 0.117905 0.75178 0.0143608 0.0595854 0.0562695
9.9991E-05 0.0121178 0.567905 0.0806972 0.316305 0.0228749
0.1192 9.9973E-05 0.837661 9.9973E-05 0.0428386 9.9973E-05
0.0791629 0.0271677 0.700096 0.0905723 0.102901 9.9991E-05
9.9982E-05 0.124859 0.300999 9.9982E-05 0.500445 0.0734965
0.766179 0.0652891 0.00819516 0.112145 9.9991E-05 0.0480913
0.732319 9.9991E-05 0.0344153 0.173635 0.0355425 0.0239879
0.794824 9.9973E-05 9.9973E-05 0.17522 9.9973E-05 0.0296569
9.9991E-05 0.201439 0.691398 0.0627708 0.039634 0.00465783
9.9982E-05 9.9982E-05 0.501312 0.107911 0.343034 0.0475433
0.0913611 0.00716023 0.690497 0.0522796 0.112843 0.0458586
0.00464999 9.9982E-05 0.688194 9.9982E-05 0.261323 0.0456335
0.00143547 0.0260186 0.772734 0.127574 9.9991E-05 0.0721379
9.9991E-05 0.241784 0.127754 0.0549057 0.569124 0.00633201
9.9982E-05 0.328229 0.0665883 9.9982E-05 0.584656 0.0203274
0.0216256 0.0838929 0.0622961 0.0201833 0.811902 9.9991E-05
9.9964E-05 9.9964E-05 9.9964E-05 9.9964E-05 0.970192 0.0294082
0.125451 0.00914666 9.9982E-05 9.9982E-05 0.825307 0.039896
0.0385746 0.00542756 9.9982E-05 9.9982E-05 0.934306 0.0214922
0.073842 0.0432764 0.0230923 0.142095 0.68828 0.0294143
9.9973E-05 0.150549 0.599863 9.9973E-05 0.249288 9.9973E-05
9.9991E-05 0.0469607 0.454681 0.13951 0.244722 0.114027
0.100035 9.9991E-05 0.715994 0.0542319 0.121203 0.00843642
0.122539 9.9982E-05 0.696146 9.9982E-05 0.129233 0.0518822
9.9973E-05 0.254575 0.711544 9.9973E-05 9.9973E-05 0.0335806
0.652377 0.160574 9.9982E-05 9.9982E-05 0.16051 0.0263393
0.138345 0.101196 0.293608 9.9982E-05 0.466651 9.9982E-05
9.9973E-05 9.9973E-05 0.085167 0.029171 0.885362 9.9973E-05
9.996E-05 9.996E-05 9.996E-05 9.996E-05 9.996E-05 0.9995
0.131315 0.0926405 9.9982E-05 0.693401 0.082443 9.9982E-05
0.148288 0.15966 9.9991E-05 0.583307 0.081658 0.0269869
0.0452183 0.570807 0.0136565 0.205243 0.137321 0.0277547
0.163235 0.604985 0.0671288 9.9991E-05 0.12879 0.0357603
0.0436942 0.180543 0.0625392 0.713024 9.9982E-05 9.9982E-05
0.00515788 9.9982E-05 0.123969 0.053703 0.81697 9.9982E-05
0.557058 0.0234936 9.9991E-05 0.142088 0.22225 0.0550103
9.9982E-05 9.9982E-05 0.126177 0.119034 0.665111 0.0894777
0.293034 0.0629477 0.0850144 0.25501 0.258338 0.0456556
0.0439209 0.653443 9.9973E-05 0.302336 9.9973E-05 9.9973E-05
0.0384819 0.207229 9.9982E-05 0.459222 0.294867 9.9982E-05
0.102971 0.380089 9.9982E-05 0.245793 0.270947 9.9982E-05
9.9973E-05 0.879163 0.0550775 9.9973E-05 0.0654595 9.9973E-05
0.0324275 9.9982E-05 9.9982E-05 0.627488 0.313087 0.0267977
9.9973E-05 0.875101 9.9973E-05 0.0145478 0.110051 9.9973E-05
0.079478 9.9991E-05 0.21206 0.055486 0.634806 0.0180701
0.117088 9.9991E-05 0.154655 0.120648 0.549673 0.0578366
9.9991E-05 0.0315629 0.174681 0.109181 0.625992 0.0584836
0.189456 0.213635 9.9982E-05 9.9982E-05 0.590535 0.00617292
0.0697181 0.368082 0.0859307 0.0327279 0.443442 9.9991E-05
0.412567 0.268377 0.0503431 0.268512 9.9982E-05 9.9982E-05
9.9982E-05 0.0838684 0.727426 0.165987 9.9982E-05 0.0225188
0.0410217 9.9982E-05 0.684932 9.9982E-05 0.262428 0.0114181
0.149231 9.9991E-05 0.18161 0.135908 0.531664 0.00148652
0.0889036 0.36005 0.146767 9.9991E-05 0.373426 0.0307529
0.233604 9.9991E-05 0.112888 0.20951 0.405684 0.0382138
0.72796 9.9964E-05 9.9964E-05 9.9964E-05 0.27164 9.9964E-05
0.0574364 9.9982E-05 0.563637 9.9982E-05 0.337804 0.0409227
9.9982E-05 0.109296 0.673226 0.0212547 0.196024 9.9982E-05
9.9973E-05 9.9973E-05 0.459121 0.125346 0.415233 9.9973E-05
0.452623 9.9991E-05 0.0283214 0.372221 0.0895263 0.0572083
0.197222 0.137331 0.0280921 0.572379 0.0531834 0.011793
9.9991E-05 0.237357 0.0386897 0.56758 0.155157 0.00111566
0.0393671 0.101196 0.105801 0.726319 0.0272165 9.9991E-05
0.283955 0.338564 9.9982E-05 0.372436 0.0048452 9.9982E-05
0.114516 0.180049 9.9991E-05 0.622628 0.0724485 0.0102582
0.0715088 9.9982E-05 0.0426729 0.825874 0.0597439 9.9982E-05
9.9982E-05 0.182891 0.0614475 0.748548 9.9982E-05 0.00691421
0.334802 0.198295 9.9982E-05 0.357886 0.108817 9.9982E-05
9.9973E-05 0.904704 9.9973E-05 0.0751638 0.0198322 9.9973E-05
0.108467 0.8312 9.9982E-05 9.9982E-05 0.027748 0.0323843
0.0134465 0.711565 9.9991E-05 0.144582 0.127073 0.00323425
0.239764 0.435922 0.0719675 0.178848 0.0733978 9.9991E-05
9.9982E-05 0.858221 0.0223218 0.0907229 9.9982E-05 0.0285341
0.138845 0.652174 0.00672924 0.0238015 0.163026 0.0154246
0.0340787 0.252118 0.00411891 0.575487 0.134097 9.9991E-05
0.773959 0.0977504 9.9973E-05 9.9973E-05 0.127991 9.9973E-05
0.849583 9.9973E-05 9.9973E-05 0.119928 0.0301888 9.9973E-05
0.824479 0.13566 9.9973E-05 9.9973E-05 9.9973E-05 0.0395611
0.736716 0.13115 0.0833816 0.0284385 9.9991E-05 0.0202141
0.806415 0.0174162 0.0529872 0.00670833 0.102747 0.0137272
9.9982E-05 0.21063 0.0468996 0.519719 0.222551 9.9982E-05
0.0683463 9.9982E-05 9.9982E-05 0.723132 0.193107 0.0152144
9.9982E-05 0.000742508 0.910985 0.0220198 0.0660524 9.9982E-05
0.0506781 0.0715614 0.718357 9.9991E-05 0.131053 0.0282498
0.00727071 0.0162748 0.8369 0.12753 9.9991E-05 0.0119244
0.069133 9.9982E-05 0.596399 0.0574865 0.276782 9.9982E-05
9.9991E-05 0.0799283 0.857321 0.00244855 0.0349519 0.0252501
0.157387 0.0629469 0.775128 9.9982E-05 0.0043378 9.9982E-05
9.9982E-05 9.9982E-05 0.848594 0.0212434 0.104397 0.025566
0.0596545 9.9982E-05 0.775529 0.0226573 0.14196 9.9982E-05
0.0703493 0.101202 0.789898 9.9982E-05 0.0383508 9.9982E-05
0.0645244 9.9991E-05 0.851011 0.0680324 0.00916365 0.00716813
9.9991E-05 0.0178943 0.762116 0.0402786 0.137669 0.0419418
0.00366892 0.0751037 0.693124 0.0845817 0.0995602 0.0439613
0.00193555 0.0757972 0.752943 0.118877 0.031442 0.0190056
0.0500499 0.0740019 0.848609 9.9982E-05 9.9982E-05 0.0271388
9.9982E-05 9.9982E-05 0.779933 0.140323 0.0729037 0.00664043
9.9973E-05 9.9973E-05 0.830117 0.142203 9.9973E-05 0.0273811
0.141782 9.9991E-05 0.809654 0.0198638 0.0168729 0.0117268
0.036751 0.0430111 0.0796035 9.9982E-05 0.840434 9.9982E-05
9.9964E-05 0.133716 9.9964E-05 9.9964E-05 0.865885 9.9964E-05
9.9973E-05 9.9973E-05 0.802982 0.111346 0.085372 9.9973E-05
0.00328845 9.9991E-05 0.636299 0.260711 0.079924 0.0196776
0.0417064 9.9973E-05 0.784029 9.9973E-05 0.173964 9.9973E-05
9.9982E-05 0.102928 0.130965 0.166259 0.599648 9.9982E-05
0.00971153 9.9982E-05 9.9982E-05 0.877945 0.0812697 0.0308737
0.163257 0.195364 9.9982E-05 0.610372 9.9982E-05 0.0308066
0.470514 0.0493458 9.9982E-05 0.275552 0.204388 9.9982E-05
0.517601 0.285772 9.9982E-05 0.118898 0.0775288 9.9982E-05
0.742362 0.0741859 9.9973E-05 9.9973E-05 0.183152 9.9973E-05
0.826743 0.0705819 0.0594592 0.0430158 9.9982E-05 9.9982E-05
0.748696 0.132436 9.9982E-05 0.112283 9.9982E-05 0.00638532
0.713032 0.149483 9.9991E-05 0.00324384 0.109545 0.0245962
0.679282 0.0814128 0.0943333 9.9991E-05 0.0967837 0.0480877
0.732509 9.9982E-05 0.0529018 0.158208 9.9982E-05 0.0561809
0.103349 9.9991E-05 0.00890194 0.706695 0.179502 0.00145215
0.0460836 0.0751271 0.0388265 0.68466 0.103149 0.0521539
9.9982E-05 0.040408 9.9982E-05 0.723674 0.184458 0.0512604
9.99641E-05 9.99641E-05 9.99641E-05 0.744181 0.255419 9.99641E-05
9.9982E-05 0.14092 9.9982E-05 0.763025 0.0759682 0.0198868
0.0212049 0.0954381 9.9982E-05 0.543318 0.339839 9.9982E-05
0.109204 0.71817 0.016367 0.0772981 0.0583853 0.0205762
0.0743557 0.880767 0.044577 9.9973E-05 9.9973E-05 9.9973E-05
9.9973E-05 0.921832 0.0391264 9.9973E-05 9.9973E-05 0.038742
0.0512154 0.791728 0.071197 0.0856598 9.9982E-05 9.9982E-05
9.9982E-05 0.851855 0.046702 0.0734499 9.9982E-05 0.0277932
0.639714 0.169237 0.06983 9.9982E-05 9.9982E-05 0.121019
0.0338903 0.0622725 0.750504 0.000611033 0.152622 9.9991E-05
0.134782 9.9982E-05 0.772087 9.9982E-05 0.0553773 0.0375539
0.0128433 0.075637 0.80927 9.9982E-05 0.10205 9.9982E-05
0.0391831 0.0397485 0.681494 0.0714147 0.153262 0.0148974
0.016656 9.9991E-05 0.739203 0.15802 0.078901 0.00711993
0.295685 0.503792 0.129193 0.0130607 0.0460371 0.0122332
0.196096 0.463743 9.9991E-05 0.221347 0.0842997 0.0344146
9.9973E-05 0.807568 9.9973E-05 0.128652 9.9973E-05 0.0634806
0.188649 0.247349 9.9991E-05 0.303025 0.201461 0.0594148
