IBR/IBR_outputs/all.combrep_1/PersistForestCover_Total.Spinifex_Total/PersistForestCover_Total.Spinifex_Total.asc
NCOLS 160 
NROWS 95 
XLLCORNER 210004.651214014 
YLLCORNER 7350008.22228844 
CELLSIZE 4999.99999999997 
NODATA_value -9999 
[rows 21 to 41 of 95, columns 46 to 91 of 160]
-9999 -9999 -9999 -9999 -9999 3.96226886927305 2.70696926836309 2.89241110135774 -9999 -9999 -9999 3.79466828752531 4.19234518299636 3.35101198363555 3.43669168715747 3.69411154202468 4.23288469979807 -9999 -9999 -9999 -9999 -9999 -9999 -9999 -9999 -9999 -9999 -9999 4.28249392425521 4.28321385578515 3.95077968098076 2.1011297418741 1.58084155796286 1.39650317249356 1.41779457007981 3.14634357587682 4.28103378609628 4.28323001413381 4.28323001413381 4.28323001413381 3.79348386928147 2.09684123281329 3.00765081529499 4.09266401377962 1.6503886650181 1.66090832020064
-9999 -9999 -9999 -9999 3.44330347713919 3.19682424518369 3.29147020671398 4.18045336565554 4.28295609027601 -9999 4.27801703001179 4.15576164518194 2.89912007248579 2.42045329124392 2.56923327573176 3.98485756585517 4.28233045642185 4.28288877548273 -9999 -9999 -9999 -9999 -9999 4.28313694060972 4.28236622350728 4.28199762434506 4.28272269788215 4.2830042477979 4.2831264741993 4.28322600123234 4.11922472771672 3.70188003445975 1.85826451605706 1.47510178622216 1.76960832274603 2.49132604184497 3.64069425496832 4.28283480168633 4.28323001413381 4.28322802767509 2.76975442904112 2.1912049709125 2.18673021166968 4.10761235832938 2.38797485666804 1.43064397085272
-9999 -9999 4.27801703001179 4.25175966529922 4.26626247770156 4.28323001413381 4.28323001413381 4.27580434196576 4.20618043127735 3.90691934054031 4.24643234213023 3.57160434200438 2.65743798071924 3.26901271952837 2.55929113596519 4.19229625203108 4.28125470623991 4.28271625357459 4.28319751045199 4.28255127285039 4.2831080087038 4.28316039885633 4.21347609742435 4.26007500430466 4.28320825020169 4.28317872749616 4.28322600123234 4.28323001413381 4.28323001413381 4.23014479837152 4.16100260343795 3.22108888688128 3.66804962569433 2.41756511942847 1.60469324637825 2.69826754297532 2.87110289341326 3.66312632281199 4.28323001413381 4.28322393400075 2.60395429097471 2.0975549833085 2.44657248647619 2.23759648225343 1.76150586359762 1.79724051263389
-9999 4.17460346935088 4.28212517807882 4.28322600123234 4.28323001413381 4.28323001413381 4.26057635739505 4.12848188277694 4.01172699497379 4.17917998062862 4.27632461402579 3.76783141436654 2.27764037570362 1.6867516016686 1.83126650716675 4.16174417514453 4.28323001413381 4.28323001413381 4.28323001413381 4.28319295105551 4.28320335234178 4.28322393400075 4.28323001413381 4.28323001413381 3.65892314412759 2.64225371275001 3.50174118705107 4.15911249102826 4.28323001413381 3.17273975306149 3.34276712178456 4.013381978399 3.21981338372283 3.9461132361522 2.04356785285299 1.79101823490681 3.43734199586144 2.99909701403061 3.21390025189069 4.22896531760663 2.31369965468293 2.06886047367137 2.02318633870327 1.78794021195199 1.56772334895188 1.46196505197585
4.02344979432566 4.12059478396701 4.28323001413381 4.27475788963507 4.19327563143329 4.1004691471174 3.9257009548249 4.17991632517561 3.98429258879961 4.0483002990177 3.60759310025097 2.89766179750483 1.5813845579133 1.68612011279395 1.70037166852029 2.98722517715226 4.28238225350812 4.28323001413381 4.28323001413381 4.28323001413381 4.28323001413381 4.28323001413381 4.28323001413381 4.28323001413381 3.67272160578187 2.50275785470463 1.55977928706115 1.65279299908032 2.82047946887575 2.26997335978369 2.04482845614761 3.10373294246461 3.07607161776847 4.07689323255434 3.09876086658045 1.59682271607131 2.28725654932779 3.19427154324106 2.97247489344774 3.51409934849729 2.05773788563543 1.82354063798397 1.77807290832072 1.76932733512986 1.53850341808248 1.41664439411016
3.91314576426199 4.05768240395395 4.25270361616858 4.2152990189546 3.95954900685763 3.95877557887346 3.78194283114266 3.78782673578858 3.18726823973157 3.03525320084171 2.76093115401765 2.06204630565054 1.48870416309785 1.83773255241125 2.20924661657414 3.62050370866971 4.28323001413381 4.28310335719678 4.28323001413381 4.28323001413381 4.28323001413381 4.28320082922708 4.28323001413381 4.28323001413381 4.28323001413381 4.28323001413381 3.48089193938805 1.77270656446719 1.52338908521987 1.64315624165029 1.41665519950662 1.41189033693035 2.04507556634092 3.06172050079361 3.10528128276156 1.72456039262457 1.75449913331969 1.81962892130106 2.14068493445468 3.7963577327091 2.7767532107637 2.40366574557012 2.11306558060249 1.81495456941766 1.84617952139105 1.44187671252297
3.8721842526274 4.20832863239479 3.97525638256242 4.28323001413381 4.28322802767509 4.28323001413381 4.28323001413381 4.12376708835331 3.95124478168586 3.71418526617142 3.43849372857975 2.95543172037488 1.59361103759148 1.98620703455555 2.95603734203332 2.6756596807833 3.22881784972753 2.74124956781352 2.31787111316491 3.95916195711113 4.28323001413381 3.00805277711778 2.91272855765763 3.90566352397038 4.28323001413381 4.13076350056593 2.96017687436376 1.7535798489185 1.52354455114208 2.1651305427944 1.33541566083095 1.55747586396924 1.4551640624918 3.25313926579347 2.59529270586376 1.47400994806241 1.58114350766931 1.59981131521887 1.38037682911167 2.97477584491244 2.48348347343164 2.19878469348336 2.1322339771115 1.9887249601527 2.06608333754769 1.83815995896737
2.16455680361831 2.63124391655398 3.44362759336101 4.16164227561052 4.23889014206836 4.28323001413381 4.25406151136694 4.2625406558403 4.26588507986061 3.07813452204821 2.68551355827013 1.94548858554692 1.88301683865779 2.10960375485982 2.5238531648375 2.27918009912659 2.0696206890138 2.34767686529592 2.76234670699176 2.1753856700781 3.90609982970755 1.8748929883952 1.48721614405983 2.48702791067048 3.7130333041793 1.89149562934514 1.42388241469667 1.42417203888367 1.50099718921949 1.63353936024908 1.64750786624348 1.49289596363265 1.38069599020421 1.48222893182943 2.6679910021252 1.46572936085384 1.85548851315581 1.72886686211161 1.44646741539988 2.01368355011677 2.19881471254166 1.7771192691222 1.54962458698561 1.64771677542366 1.81031277781908 1.93080887673831
1.83194923660903 1.77322019317913 2.31958327538611 2.2153631166336 2.61388004084467 4.20247703611139 3.41625720253056 2.51174717739507 4.28322182515931 3.37986158331673 1.776351032504 1.7103930612629 1.96562506290925 2.11954444756456 3.18058910227909 2.01385000744125 2.34051285574111 3.16455186499855 2.83313959161698 3.31766208151149 4.23672223720123 2.89654449487233 2.21565679373074 2.78869836346865 3.78131780687911 1.83154739678262 1.54288298327258 1.68350372237127 1.58219834729895 1.3504400836667 1.72814789465216 1.64382490189059 3.07785381767693 2.94119383036619 2.34519977325984 1.75173453678994 1.51814299102359 1.52252243499658 1.70833922949759 1.71379646222961 2.57576303447386 2.12846403164433 2.23337541412392 2.41486177024544 1.75730612022902 2.13443759502316
1.74963339491794 1.69562815260987 2.07470187540962 3.35864987105447 3.05235313583135 3.16634059619095 2.94159764257379 2.69668075274222 4.28245178442744 4.0873920055213 2.33888559219137 1.83564273205219 2.10558051463737 1.86794870826087 2.29169870282138 3.70505819776544 3.95674227301352 2.22452479722077 2.40499140675994 3.71352638821349 4.25932133291757 4.28323001413381 2.92967045845834 1.97306972849343 2.81302658464993 1.85408990034661 2.2041158085271 2.54619548691119 1.56102593054282 2.04370384494742 4.01703713332767 4.13085761392082 4.28323001413381 4.28323001413381 4.28323001413381 4.28317560244473 4.12897316744874 2.02238654088138 1.87213953515262 2.00481811190299 2.08158996986606 2.41979486535368 1.6215017661402 1.82056637148266 2.05384053175935 2.16124917343654
1.81309412721686 2.06896965167965 2.53391682297096 2.0108602241374 1.99557180278966 3.50264152984054 2.00384100313786 2.33653456246178 4.13390609014328 3.46380812970235 2.01156744669728 1.75546742122696 2.16424000304346 2.44548434943091 2.35786985685765 1.93840788671272 2.58628613025134 2.82230117996355 2.80528608992207 2.91093674274567 4.01200952769714 3.46933034672801 2.46377176474642 1.91721500085933 2.89512422432925 2.40757824871959 3.24336328426713 4.25050058430498 4.06464931672526 4.28052428241429 4.28323001413381 4.28323001413381 4.28323001413381 4.28323001413381 4.28323001413381 4.2514284913532 3.12704934321566 1.70158302399769 1.75040669216886 1.90370256379018 1.94128833618481 2.11170635308686 1.73525579703171 1.6101466144115 1.6246996346848 1.80335274544193
1.65772686042466 1.42272692179093 1.57346089785647 2.08780081836805 1.96190420108991 2.46330735883816 1.62669334949997 2.0186594690756 2.73383331081234 2.02684456239735 2.03374232547475 1.68589524804089 2.11319850707853 2.24555683342992 1.90411886075871 2.40352273634012 2.5135014410882 2.44707552328182 1.91326826490323 3.37398866799094 4.23585452469618 4.14959339823078 2.56945505540007 1.48490931142957 1.98443990523571 1.89386279263796 1.8110317575498 3.93511449648906 4.28319295105551 4.28323001413381 4.28323001413381 4.27828852221688 3.84391195779317 3.57931020930384 2.81992841138813 2.66588013073704 2.30771889702788 1.5672464033093 1.47900105548274 1.85940880580738 1.74719913836256 2.24401793677936 2.14066806369852 1.70970542429645 1.74008759837743 1.77150643000316
1.37587379439837 1.28037504977643 1.44647248649339 1.40328366985078 1.72738631774334 1.80979591204829 1.60894035709035 1.68949163180131 2.20323127749338 1.92425441625458 1.98194119640883 1.69299911038751 1.76644541746039 1.83921769837078 1.83043860674028 2.44472023358492 3.12648735771064 2.31335817202765 2.66145045554471 3.43844410484942 4.2035799919991 4.07755156899639 3.0936653835598 1.47548357506485 2.07012121165436 2.12932199512215 2.22712743256908 4.02671601501624 4.28319021857862 4.03150391610727 3.67297445474266 2.48419939081123 1.43853730331019 1.29016816182242 1.44832459189956 1.88422823119545 1.97997619861324 1.39036510710154 1.76624381285036 1.83363336617468 1.84357596076344 3.01677662310216 1.82418019951748 1.77417557386951 1.67245024926336 1.73116364679969
1.32299991664489 1.3475382147456 1.32918505176594 1.4422076538566 1.50028382020429 1.40843348014312 1.388749196382 1.56332499478183 2.11515511714494 1.99233486469689 1.88172772219991 1.88405009790986 1.78280493875052 1.94706827066549 2.02878270700237 2.59511458720035 2.85371634884009 3.39768428816886 3.37082980265047 4.02989853650222 4.05862089461672 3.49043855819232 2.80287799476341 1.71569986396367 2.28269965912986 2.15853150473713 2.44118364806953 4.04103831111765 4.27786176032323 3.8307026915246 1.62423939001623 1.39206518531407 1.54070872384172 1.49444185760799 1.9111460039066 1.79717156571647 1.85431146516063 1.51289104843135 2.39965842048841 2.30728554837631 1.68670786654565 2.45632492508741 1.97977317101361 1.62290151226799 1.80226120786827 1.82116014364832
1.40174756325072 1.43801872887691 1.61526056987623 1.65656517077414 1.41493585124853 1.4582532667572 1.70266329210836 1.89382343017119 1.49702364618178 1.79145482557142 2.09120732510737 1.86566316201045 1.65706182458245 1.90920791745853 1.86027815186587 2.15722104663336 2.93575105819402 3.94404081148922 3.92827978794754 3.84943650039657 4.04839792024046 3.11057569532342 2.11228476008954 2.06802414082198 1.68671099046006 1.63628782732172 2.26794295846658 3.70991548615664 4.20527642931728 4.26504467465587 2.5850585982091 1.59609744806521 1.59149943144243 1.63163789165202 2.54876782995999 2.19903705538049 1.55874939153036 1.5994484902516 1.88871360141619 1.82835310151577 1.94852091915218 2.49207233245513 1.77068319531596 1.67527807715064 1.59387451873028 1.82910576955617
1.74832534242317 1.75070410219564 1.65252542250051 1.54600288292955 1.55538207047791 1.44151687105262 1.48955615959147 1.66124653002549 1.59172600211516 1.88758836481544 1.84532572366632 1.95380575114106 1.73806298418123 2.01320299756383 1.59224205841625 1.99573927683024 1.97203969049812 2.89827650818061 3.50577199411473 3.90068009999212 3.61168313887963 2.41562606641821 2.18538363408805 2.11955687141332 1.85491514300293 2.0889152718882 1.85299515095006 2.47357966280628 3.29007545827911 3.71047136996028 3.51636394739114 2.08583761521431 1.89924804668145 1.44545752000622 1.6069442210633 1.51602947400201 1.48006692703568 1.76942752750555 1.67943716425871 1.63537386041079 1.83692147591698 1.99831055258317 1.551096650793 1.57177952944017 1.3619729497651 1.63374873090067
2.0045289854936 1.91126002524946 1.92857813814082 1.79349818151736 1.86262811824669 1.65909790479969 1.68599345061373 1.76907604272092 1.93125370366377 1.91169965985012 2.30599401561498 1.90467544923256 1.65228957917031 1.81430140801914 1.69625171275454 1.60765725756498 1.67929246118539 1.58485752266365 2.29897726484705 2.80496616733731 2.57322725849828 2.21912149175064 2.18672334633294 1.98526620580004 1.99666633733912 2.45486908399311 2.34990516611529 2.00086862830018 2.50336401967002 2.26730863974363 2.1803573999088 2.82550327554787 1.54439918494463 1.40628345422054 1.37717764896304 1.62979384860254 1.79548972120452 1.57393431385064 1.38145856399703 1.60363133958497 1.72187299565057 2.4949890781348 1.82299973469683 1.83641210641103 1.50948255345356 1.42465021202832
1.74678361140172 1.88235735251348 2.0467566125826 1.71760948945234 1.4598202303088 1.74710138584302 2.01651949853001 2.20334961017559 1.95951392605588 2.02898756940329 2.11104226134491 1.87260705291633 1.85998231665579 2.46972875256573 1.49558250141897 2.57338070772679 1.81134551726256 1.73521566568214 1.93632858456208 1.89977157502832 2.28738300251352 2.12539137900377 2.2323514170146 2.15618528384403 2.07248598710137 1.88412986608399 2.30944154551648 2.13961400168721 2.29134351788141 1.81653219862196 1.74743342420553 2.58654416409697 1.63409872237001 1.37848324138895 1.38809349924862 1.81870139902969 1.37474801620504 1.40149745986528 1.5463680905017 1.72017972879439 1.8854205867694 2.22903848385981 2.16635046550888 1.52215156820142 1.50929999218283 1.41876847528019
1.43763022348544 1.20101515511044 1.4030941542389 2.25910160741339 1.81267512152581 1.84256048549113 1.92953369299013 1.7855448819993 2.05559956372039 2.03812764162664 2.02473236513211 2.45329541810813 2.84337651782526 2.35670387380504 2.01213652253816 2.94290561151987 1.95973873894925 1.80768879702944 1.93248265320691 1.93512827047119 1.9519773691893 1.7410905099896 1.85704844808826 1.7253349284924 1.9492503562061 2.09247089891769 2.10379133039525 1.78097396362469 1.86391544711536 1.83722196971924 1.87167993010542 1.84941596057719 1.87037093784607 1.84832904933551 1.57078599624939 1.77946577620542 1.49439481786253 1.32479053067374 1.36742753048676 1.80854990442991 1.76253345684474 1.71983758033029 2.18635936651052 2.44214660266827 1.94062145386212 1.55127143267393
1.627825586551 1.4213266353479 1.47993124014856 2.04701062756218 2.10527077423822 2.31049598809737 1.87814374561775 1.53083835565722 2.59962687113295 1.77906899883706 1.85234776843609 1.89096094623324 3.00878543432611 2.15076710337164 1.83496645038063 2.24074571020938 1.73191584210544 1.73675038881519 1.79832268094957 1.80221383770216 1.72857298106786 1.88308065177448 1.94886586325075 1.97074387684386 2.48628795948794 2.09842680965651 2.25781479269212 1.78495373075732 1.82013062773724 1.80282338125827 1.6527574447193 1.6520107412803 1.55475083577425 1.88714533940152 1.7578598478594 1.48495902519079 1.43054454324149 1.76055276635183 1.79735097372546 1.54373831457727 1.80977633424415 1.74801395546922 2.84543062663699 2.76169765724798 2.05533008951986 1.70760331197336
1.55123347150443 1.81720927516583 2.29268699826561 2.36220564808044 2.42992241552236 2.27676758957621 2.03404023152409 2.14040679400328 2.19145206092464 2.15300275810903 2.15069725411169 2.27266524389165 1.95982522777858 1.40661492641659 1.27221835818119 1.25870381588472 1.69461275135426 1.66332897890992 1.82259020153727 1.9813091210365 1.78893088512245 1.83953067308616 1.89678731142041 1.72675720539477 2.87780623795846 3.51151403520609 2.08785626428248 1.66117018414864 1.92160770916906 1.48467636140684 1.74317529144007 1.69349820520936 1.60533325366444 1.97396313603531 1.63044273379287 1.3315209855647 1.42437105714495 1.63358702043984 1.85161335836783 1.59427222151257 2.32612525352654 1.67797749992102 3.01824255046343 1.97374167145827 2.42602594489301 1.91115966394528
