IBR/IBR_outputs/all.combrep_1/PersistForestCover_Total.Spinifex_Total/PersistForestCover_Total.Spinifex_Total.asc
NCOLS 160 
NROWS 95 
XLLCORNER 210004.651214014 
YLLCORNER 7350008.22228844 
CELLSIZE 4999.99999999997 
NODATA_value -9999 
[rows 42 to 62 of 95, columns 92 to 137 of 160]
2.21470711528971 1.73994838057785 1.76849829728149 1.69048343422198 1.17819749939383 1.138474263063 1.33523613868032 1.10317475269299 1.57801450948369 2.56722415565314 2.22558493259756 2.39056336422916 2.06142782089453 2.87326100833212 2.21226265389271 1.38688521274651 1.62490662613558 1.42910880883321 1.38966405729883 1.4386210307974 2.04359567784272 3.26580914175435 3.13463725691711 2.07908518238618 1.75070712084575 1.65151791740166 2.04821497870753 2.0191798427401 1.85310447938624 1.86833892935174 1.67229693519119 2.73959043970265 2.22451650491534 2.10461820851898 1.79375036018401 1.48156718821298 1.80134775190243 2.55560706792624 2.62511990648751 2.70868286647347 1.92328117397042 1.17858659877845 1.37671160993153 1.46513094862202 1.57012998012231 2.11728033950961
1.700160293653 2.06972086621233 1.75608222459334 2.10883659529597 1.68422182970746 1.67074200551286 1.83201664154139 1.78713075485177 1.61451424617144 1.73085118781496 2.44717919296496 2.45529811623554 1.69031364886072 1.77662608297332 1.68627454439922 1.40790128985933 1.33089562042293 1.50177407450672 1.40393047378394 1.32617018020648 2.65708651085192 3.04246399155423 3.59692884828727 1.98803137248323 1.84022117555615 2.01230955478226 1.63607536431401 1.56598404170447 1.87286871711422 1.84710536236164 1.9199419522112 2.42596666064756 2.85880805010009 2.27884767568068 2.22762903238526 1.76209538282541 2.00670393639438 1.47004295090907 2.47797313708895 2.5907076284655 2.97701346209907 1.68429899140938 1.77550902320327 1.80034351979079 1.6850162648601 1.91010794470605
2.1651614870857 2.39188151708787 2.39119199158402 2.1928106712107 2.28559699239765 1.52201544462818 1.63926968510582 1.54218895163871 1.23470375254183 1.84404512757774 2.17371478825819 3.09923334370221 1.50223451939539 1.33519160107483 1.93613165367237 1.41999803428507 1.33477050379854 1.37525894152308 1.32652517214998 1.67827698390383 3.66644014197736 3.25932943300928 3.06033609430125 2.22008484531804 1.71637875197465 1.79250586936131 1.35269638996711 2.17201002658209 1.71412028634043 1.64605142214718 2.43556583398531 1.86843048159443 2.13310806694421 2.00829680927129 2.34719048434238 3.21292219006896 3.04465441294253 1.87755889763837 2.18539963081676 2.11803287144478 2.22001395825485 2.21459857903895 1.95828833059492 1.93730113741524 1.84861491119802 1.84485616778116
2.35143089992495 2.69781529136293 2.12066633941005 1.87420697628042 2.03046659077542 1.38075263482332 1.15928169534417 1.74130352558645 1.372537081633 1.37736690142681 1.54964124662347 3.21000200425591 1.93341682043569 1.83084303240939 1.56055466418711 1.8720710157573 1.95757520032411 1.94051231068101 1.60851837922702 2.0974800329648 3.26384141428389 3.46064772581048 2.57055704895033 1.91766308355153 1.56844374633939 1.24797598000256 1.42924494792806 1.84239952345146 1.52060191092267 1.56789309060174 1.99915513508653 2.25358900469377 2.41050207453182 2.59694205840698 2.58073154712079 2.89865280444787 2.66395776867676 2.70368694245318 2.8288738573723 2.04756680723446 2.20149591283995 2.05406190503937 2.22771359083311 2.21767166292953 2.02505386814718 1.83400992675875
3.14422594672166 2.75904348325026 2.47988281699968 2.30581208150761 2.01815702116931 1.31415545968788 1.26537565935706 1.20264310277819 1.68160636977331 1.52939858403113 1.37237417988816 3.16356802784024 1.85296203328483 1.59195845813389 1.46313108958502 1.73136781060516 1.86877882432549 1.56158940719882 1.49854387892877 2.40718829040078 2.55506726915542 3.26132465483047 2.41155265172739 1.50960112772593 1.3751312926783 1.35924440914076 1.40353944258641 1.62282131831174 1.4274867256857 1.40278076855914 1.93198540279477 2.82473418786169 2.11750527463646 1.88674499658227 2.25172061910049 1.75879924780591 2.10505655977437 2.17373157336541 2.2676285564328 2.16803193710006 1.85174503468418 1.82337309162928 2.31298652889033 2.60548983696915 2.31414348448278 1.61543965936655
2.68481505310435 3.37601432346503 1.91323258858128 2.75509959240426 1.7507051676012 1.87725408779098 1.46169950485533 1.11884682986834 1.15162298563605 1.46335952882992 1.30570207985751 3.16497725099389 1.63433880052337 1.33011516259401 1.23770016883173 1.66795072492034 1.88273228162209 1.39938678892976 1.37989523357513 1.89103655022651 2.81851368582379 2.93785793880345 2.13403807351057 1.69304729373358 1.75849704165755 1.54317963545268 1.85141659054452 1.42508636548609 1.5593537710999 1.48741244615408 1.56995411097161 2.6314353750138 2.25418069213688 1.87642478568322 2.4971315216135 2.02647704080975 1.89193203464689 1.76942939549152 1.70723455189919 1.64000307800782 1.92896793607596 1.86700924571898 1.96588453007679 1.81278253666961 2.06759471170909 1.74561976785228
2.79816907767283 2.64981694154913 2.08603066355859 2.48416137783941 1.75908471746197 2.39916932027935 1.38528797074764 1.16679224698947 1.25463183974643 1.43676972395821 1.39526902986449 3.14677588773651 1.65489955851414 1.525474604129 1.51202805781788 2.15556745628191 1.63890843519354 1.4068023107738 1.36422157301118 1.52531689841186 2.77782141279301 2.74950689631774 2.65214282746163 2.72193586572819 2.2524673040182 1.56371350755963 1.49269811238056 1.86751138917096 1.90414076288274 1.54664124692758 1.58520872503585 2.57306704802909 2.00594904232365 2.87413843807898 3.15100341789483 2.73322153194373 2.27544157461375 2.30642610848741 1.9367265769885 1.92914593887194 2.27081389738512 2.03044902935624 2.04248208814581 1.77589361357697 2.13554266548491 2.07291805903088
2.60651224109861 2.24640173648962 1.6553056574441 2.1988812674248 1.57374270001896 2.35746471814366 1.38946067392729 1.20233130554762 1.15480329647853 1.33471446401793 1.50608827489219 3.54225784575157 2.18539369011057 1.72175102231433 2.44546245298783 2.20722532822303 1.78376730324926 1.64310875491226 1.5677964262139 1.41988764240826 2.4407986283391 2.83882430267684 2.27186071310691 2.52802173986408 1.42731230806888 1.64296322517837 1.54257303982222 2.30013477375482 1.49072962823427 1.50317574746114 2.64208066418937 2.47297030661887 2.38281406137328 2.44981632627177 2.07089398673914 3.01972556146301 2.90249306802643 2.43307764953148 2.34234464137235 2.40914171610179 1.94814952333482 1.81282826596944 2.20511405813232 2.10764182813406 2.35935125067601 2.17179707015284
2.32944847982886 2.0583619932711 1.69893352083511 2.13381247458832 1.6864144078815 1.9236871006124 1.76924314822422 1.2661597125645 1.20321570097173 1.22411253374152 1.65002782077138 3.05548291098847 1.92958466730755 1.40252211545863 1.9885384261248 2.15648073698162 1.8062608274496 1.67901951924001 1.67313819595746 1.3322931232458 1.75256775461224 2.73325239368037 2.75433398745635 2.54201823567192 1.66159338031277 1.90418541392821 1.66037057175825 1.77291717685855 1.72646702955347 1.69269784042379 3.3579831624915 2.67227787549151 2.62535201716045 2.82114135467467 2.38049134719255 1.96340482937621 2.10423135474749 1.95012575883376 2.21788363711476 2.78108811287512 2.71453996873918 2.26139332309536 2.12151440573033 2.05686922075254 2.02681096304807 2.10792475072498
2.13194451376111 1.85652053070103 1.37974125401152 1.95080234574977 1.84885558529756 1.89215602053935 2.02005620394918 1.82976006480595 1.19734077222573 1.48727459832229 2.1602590771313 2.85565655516633 2.04329353524371 1.50444622044491 1.59958086488702 1.71867479909385 2.07921974884725 1.73520572251791 1.45514800178771 1.4149518135213 1.50801820314642 1.70744191879309 2.5867915071618 2.66016349787347 1.7326232024108 1.54184932312338 1.48757463347669 1.73310605867489 2.01150423159519 1.46379652394279 2.9123262625867 2.82001980030372 2.55909124712365 1.69638215397739 1.37463392716483 1.30644992865057 1.53996251425864 2.20212477994604 2.70107921199676 2.69825746864678 2.09661025996395 2.38431916301575 1.8740768848768 1.98889263870851 2.18588021227427 1.99758971541946
3.23900225660508 2.49312421580393 1.64269951506842 2.07887551108516 1.65616445014655 2.27902471412212 2.36151005185398 2.51857711089712 2.03014854933291 1.72868022737557 2.00159154165217 2.5245039770245 2.2999582595621 2.26797974877715 1.96704743623908 1.44140979847812 1.21043092880182 1.55607876730295 1.8197711801901 1.59350421018505 1.51931664293359 1.57177021458524 1.920774432676 2.07142520574369 1.97510521862054 1.81540207879426 2.06881955493737 1.67621957444875 1.85229053469657 1.55155467330588 1.50606264524837 1.52556792465278 1.46811099229183 1.53572023279652 1.48577630316357 1.65106338510012 1.52435893933393 1.9054415132426 1.79352340991833 1.54233534263713 2.30197643189922 2.6280679904846 2.3800670268501 1.9111892334656 2.01082893752363 2.99246566974029
1.26541802595526 1.62162835416416 2.40660224641005 3.05098287116066 2.69369573156906 2.79066780473331 2.0403040283999 1.94854295736957 1.89350590050774 1.66637283567927 1.8513498276743 2.16376035715667 2.27879139929793 2.31491289864596 1.59150646959112 1.28384173217945 1.300323352536 1.43868966195066 1.82199012829147 1.57820307479425 1.52605174140031 1.68012443442147 1.74232050378441 1.49924835378097 1.95173575346669 2.00825433227536 2.01238361246367 1.75844149002792 1.67907031906547 1.19618167936588 1.4114664841214 1.46572983989547 1.56220587343281 1.48007302910029 1.5794517629984 2.03258229660798 2.45838893087085 2.43238533700888 2.66647463693327 2.51432486254666 2.58988395972019 3.00523507660012 3.73020811706307 2.60634500264867 3.46442309820528 3.12468694096302
1.92528274436979 1.77882813910325 1.51973602607054 1.64398038807982 1.71997334573578 1.90227198610131 1.59237601634098 2.5712777886265 3.00986019502765 2.87671704117017 1.63863102368199 1.80309299326374 2.21869100434703 1.53240722591152 1.61745814253359 1.4351867004367 1.48184243863963 1.60339584753543 1.93578708866352 1.89604888051219 1.85093046439056 1.76700801788376 1.55619484885109 1.58167421435428 1.92522881547845 1.87955253144691 1.71912305803341 1.90619170523497 1.33121289543925 1.26851079489659 1.4540909225507 1.45467735705986 1.60971938557293 1.5303989392833 2.16948332288185 2.29859847593782 2.31308982930828 2.04580797001935 1.97955397704769 1.94324264329957 1.89261582432218 2.87304580742801 3.22934282451553 3.74639222480462 2.95370093785472 2.64319841354177
3.90185300764002 3.34353239079757 2.35274642261282 2.44755661115829 2.03833570805133 1.95557247456881 2.12663283216038 2.02067086355872 2.09087919420821 1.88185392859052 1.77200837406794 1.42557807193553 1.8926589251883 1.87118040840965 1.82879137939633 1.61924011200985 1.74203117401472 1.8159128516462 1.69127020860184 1.68844609972588 2.16327242722412 2.11100396588376 1.42764747115563 1.34858295709026 1.42403240568457 1.76296658023297 1.96591971516482 2.11465333370734 1.33118461422552 1.38888639615369 1.36432383237654 1.39585348979078 1.93727808340389 2.236662429024 2.50272493120115 2.54982123214918 2.9101261302357 3.15516456844485 2.36066280205068 2.11209092752371 2.41191891899058 3.0985446420574 3.11592192220649 2.55057311693825 2.44595393490379 1.9768953426723
4.28319021857862 4.28319295105551 4.24541880445955 4.19899729744288 3.29618390373542 3.26147170224792 2.59839962079032 2.75129927884573 2.22466122940798 2.40777856785092 1.60231362331075 1.60869971393862 1.77255480197383 1.95946160209409 1.89568653647029 2.49484923970567 1.90046832259538 1.79138306321644 1.64951693152496 1.4769975226033 1.53580522432947 1.69799098720449 1.83726943231683 1.91232916454047 2.34647723591669 2.70171254387787 2.52002363609853 2.05420344602973 1.75621921485219 1.42959847193054 1.91684750724092 2.36013737527508 2.21838474463339 2.34208149754767 2.19184784977525 2.65747461971553 2.63080077217434 2.97372334842482 4.04113494947927 3.60814924234033 3.94078859369487 3.37291173753939 3.39378722024123 2.73269685462428 2.31204844508712 1.97338327069551
4.28320582567255 4.28319562961352 4.28320082922708 4.28320825020169 4.28321747927989 4.28319562961352 4.28240949275157 4.26322565019474 4.27560343017985 4.21094231808828 3.56209407465143 3.037484394277 3.07238272302148 1.78515124689089 1.95272894610369 1.96925139134587 1.71053729577159 1.36764905604202 1.34816332431396 1.38681744118786 1.68990180528118 1.95764394027482 1.88189276703716 2.20777505910659 1.78292705741198 2.01002658041656 2.29200642508373 1.83775305185224 1.85051530539404 2.11234119609501 2.20454221110253 2.17789414489844 2.26157348815044 1.80776473966455 1.68410531095237 3.52093933238515 2.76885241887109 2.47152893024374 2.45486487044291 3.54866120418973 3.07941439408122 2.46036381831652 3.20119209257694 2.66780440515647 2.11387804338715 2.16685379526218
3.94675762700491 4.27483651561651 4.2832106268921 4.28322182515931 4.13074283202543 3.52438472558976 3.79965331393754 3.32604741814277 3.30642639301496 4.28315280572687 4.28314902222046 4.28163183701714 4.19698038280389 3.56101524586064 2.37054437789326 1.95715269417309 1.87012023570242 1.71952708344001 1.45466062524415 1.28865364132981 1.37675723871656 1.62858098461269 1.8797762541792 2.09792315695601 1.64070995755039 1.73320505273054 2.7911175706505 1.89962596472402 3.07875884469597 4.23549769819271 2.39169772641691 2.30989638733085 2.29700663008806 1.98845269084036 1.79994525198083 3.34381260875109 3.38543576475435 3.15892980855217 2.52540613006179 2.83520292496999 2.47020680617945 2.82041327734543 2.65900049988412 2.30807445114366 1.9475961941506 2.25254900754345
2.62133751950528 2.47508745459989 2.59940243823918 2.77595128714354 4.14111648120024 3.33356237279032 3.79364306292736 3.40503207340274 3.78058739475087 4.28322802767509 4.28323001413381 4.28323001413381 4.28322802767509 4.28323001413381 4.15528103339316 3.53043959306997 3.45173983673673 2.89418771168883 2.27586778020264 1.83337658173331 1.91945899714965 2.32878112675639 2.18659430789094 2.2379883070534 2.30153528350272 2.35318431505318 2.92998422035328 1.61657538010667 2.01612526082601 4.14253867440785 3.57773625863444 2.64072440284674 1.6781631380941 2.33870474016857 3.99139479146393 3.05462527338236 2.2290158214576 2.59663503002516 2.85667461189774 2.62742173748283 2.79462948064957 2.48141827221432 2.80951669264956 2.26456932867699 1.93091748021772 2.44284437631093
1.81957271667182 2.30922553227439 1.39048674595471 1.40427154690388 1.93616835991866 3.07924924375746 3.67522630968988 4.0290166486024 4.28323001413381 4.28323001413381 4.28323001413381 4.28323001413381 4.28323001413381 4.28323001413381 4.28322600123234 4.28321747927989 4.28320582567255 4.28322802767509 4.28321524051549 4.28249261695617 4.28319295105551 4.2832106268921 3.66006460424505 2.82874330814221 2.33836567121885 2.28789742176776 2.10406376267744 2.65399891375956 1.66075289867813 2.09457418132905 3.938979301708 4.12867769033822 3.07938760768003 3.70962856475836 2.76034614730031 2.64431582420841 3.00047434925911 2.67671383821758 2.97891305275706 2.73989780350619 2.31681044851841 2.26906092174123 2.37655402970814 2.23671200008312 1.88643693370941 2.6372053527092
2.63617435907616 2.37480633417742 2.09860058549139 1.31958804144037 1.48077389986765 1.28840807446323 1.88005495653646 3.73939155245619 4.22420168360168 4.28323001413381 4.28323001413381 4.28323001413381 4.28323001413381 4.28323001413381 4.28322802767509 4.28323001413381 4.28322802767509 4.28322182515931 4.28320825020169 4.28320082922708 4.2832106268921 4.28320335234178 4.28322182515931 4.28320825020169 4.25702167868365 3.76179529351571 2.31340636479901 2.36415845372918 2.56522967766726 2.36460715734207 3.561036498768 4.28313821023275 4.28320335234178 4.17406162142942 2.80421565637918 2.6705844555327 3.31338978619811 3.28078983203302 2.30572455822547 2.43694648664674 2.07379521249813 2.20422743642154 1.96929206177014 1.7132179595934 1.93631343381192 2.11039596572588
3.13415362132996 2.10635278623939 1.9765503770571 1.88585368069519 2.07358990615612 2.25137471741051 1.79681170390276 1.54667848275533 1.87023306778044 3.20844860716186 3.82529165823739 4.28316948767026 4.28314196889982 4.28313437592151 4.28321524051549 4.2832106268921 4.28321967387008 4.28323001413381 4.28323001413381 4.28323001413381 4.28322182515931 4.28320825020169 4.28321524051549 4.28323001413381 4.28322182515931 4.28322182515931 3.98052766599312 2.98704704705254 2.68177309577962 2.36894728443069 4.16195674733108 3.44059041429132 3.67343723631096 3.43859504719907 2.84137142628848 2.4569264615012 3.09860521291745 3.40876765995963 2.56932855194075 2.19228810020572 1.90645880415682 2.44382528828773 2.38199398792326 1.95047989291701 2.5402776667568 2.56146912596802
