IBR/IBR_outputs/all.combrep_1/PersistForestCover_Total.Spinifex_Total/PersistForestCover_Total.Spinifex_Total.asc
NCOLS 160 
NROWS 95 
XLLCORNER 210004.651214014 
YLLCORNER 7350008.22228844 
CELLSIZE 4999.99999999997 
NODATA_value -9999 
[rows 42 to 62 of 95, columns 46 to 91 of 160]
1.49678248346285 2.02120471524389 2.48501866891636 2.71418562596706 1.93013835693845 1.88978343736009 2.20213106215636 2.63280538976934 1.93463540328007 1.82418511836648 2.4647220361627 3.19264542963538 3.23231527276373 3.51113439493627 1.95427052358034 1.61710569328891 1.26957329152365 1.4720291342779 1.47027514388437 1.81776783645068 2.08533598372195 1.73405990886071 1.5917903570549 2.21247619714275 3.42577804383325 3.89034980555129 3.3091254648384 1.86417086165626 1.60738786596936 1.75828643623527 1.85015095779712 1.59978156231061 1.73439395463975 1.60135132815703 1.38732750106439 1.29208383933594 1.31438597664532 1.89321440441279 1.63892276147099 1.68027783849413 2.01028731223594 1.81671208661269 2.53974024783911 2.08109040023208 1.72788755440945 2.97829071812705
1.37696972346374 1.6487766244228 2.06253786537475 2.52398100925678 2.84334333694475 2.30619858368289 1.85924322768384 1.80553471313028 1.86493118763887 2.28274129198139 3.84932575048048 4.24122921421464 3.47912341653996 2.37977532791894 2.85767582482807 3.45494290960314 3.23767597284184 1.57977206514636 1.47379079525637 1.55516068683359 1.65774792045894 1.78590620225106 1.64784253928397 1.54404214117801 2.12873556775982 3.29076454914581 4.14877682704698 2.92687035510765 1.86725222641002 1.58336102242711 1.50463946359608 1.65978628918531 1.94089086031965 1.48651962634429 1.40340641255106 1.36827889386377 1.38238601173503 1.89318817142629 1.72887109084037 2.15648535899481 1.6258017921149 1.79288808062051 2.10740736988905 2.0363801737851 1.96411638776473 2.28419329892253
1.98377505947765 1.93629475414346 2.44045444087229 2.00730264433362 1.85979882345877 1.87927851736389 1.75461506504861 1.96285686598515 2.57269357851982 3.71751593318088 3.01456575769616 2.33131523507893 1.92988241233857 1.46892353788138 3.95714262915303 4.17208352049846 3.314900202637 3.50765322666755 1.82438509084102 1.66581394855929 1.58198978378249 1.87776559767734 1.53820432323834 1.37141606303718 1.41404040625773 1.45854416243849 2.78348390031822 3.02218133632461 1.52562251298942 1.6164891589159 1.52253239297675 1.6714165373267 1.83250332513804 1.36021184672116 1.47871513630961 1.4517795731306 1.48494438446839 1.38414720941091 1.61013682720905 1.67193958083352 1.45943950884974 1.6398079783416 2.09594680145804 2.0715109594463 2.13109924480653 2.58129346831638
1.89713489864808 1.94264596469532 2.00349887469805 1.82560007906543 1.78538760120736 2.04038548835044 2.5915910157862 2.51934671261861 2.60548461518082 2.1741994494959 2.06703141488855 2.26359675790298 1.80909790030741 1.33241992027716 1.79848109723035 2.39275145988126 3.94958904399605 3.49519957353431 4.15877939929302 2.28214027650536 1.76943692957296 1.73101573883435 1.68290103306269 1.4324131726195 1.42457260478854 1.30097483099808 1.21009594707331 1.60914634587657 1.47392488313274 1.5958772359056 1.57370657839939 1.79502047397042 1.30777304446288 1.56752322723646 1.54199124167799 1.54439088121325 1.52455040492445 1.36045506722357 1.48234362796057 1.37035903217018 1.41888242272145 1.9052403934159 2.47572609386747 2.68273358186231 2.53144649654841 3.08986497125283
1.64014401310379 1.70032091615701 1.58022758247389 2.10652221487604 2.36075732619519 2.70594118373752 2.78555895931648 2.26886095456075 1.81232909359602 1.80025372160141 1.7445743729105 1.85947297444907 1.73856329935522 1.52581537915093 1.74039312329504 1.24706635221536 1.82887803270082 2.85443591243466 4.07344266720904 4.19951077998172 2.96111766280927 2.50369707430532 2.23748914973082 1.7500508618213 1.71818570824651 1.54565176105286 2.02606051117864 2.05487333345992 1.93436097180007 1.55576263645103 1.63653563820878 1.73576131524452 1.81174311607742 1.90587913919881 2.53139715675364 2.32915228736426 1.73008081012755 1.43424203266711 1.46947934493113 1.33006210306197 1.5981044106986 2.60399765668673 2.82565640633987 2.95171297280573 2.35928779591994 2.90413173674514
2.14413226121784 2.16857480446603 3.29963983568544 2.81417327224754 2.13227266823838 3.00354506151561 2.2809750166362 1.61887407576402 2.33253392342173 1.48289904516812 1.44846542204173 1.31102533251198 1.48458724109997 1.39646216428665 1.10533168731536 1.50582160926247 1.38581068052317 1.44751512943043 1.57384389205689 1.86154556363744 1.50692445975401 1.34803738098765 1.41765247279958 2.03508167326207 1.87721083749634 1.5579339774725 3.81037296183733 4.28070960668012 4.27616585046881 3.54038652801504 2.25518349110184 1.89927349831789 1.64077489811126 1.80901008535352 3.20910356361964 3.77083396012615 2.66451027030645 1.85637511905502 1.70082760932242 1.79652979357157 1.98842455028151 2.152125942126 2.70716428669086 2.40447933472081 1.78528730551013 2.01130020729906
2.44292581987135 3.48687674142803 3.4451900492875 2.62560459042751 1.58473046628863 1.75993951731365 2.12698266265208 1.82730024072369 1.3396310686782 1.65392616186925 1.92369210187774 1.66366800392822 1.34500711426846 1.17639126892099 1.21366849769233 1.58368548317165 1.52329502631538 1.22168524041042 1.33124662159867 1.46798169309081 1.55855325866263 1.30562471925655 1.23554623872266 1.57805068977965 1.7585672246994 2.17135159186973 3.14288171896864 4.00536524840809 3.99629140127489 4.28319295105551 4.23801291100027 4.18376365170341 2.9733792270935 2.42531813823885 2.95382478452184 4.24593134551039 2.75735122642667 2.06264656173383 1.97197986535485 2.42437973063572 2.08656160605875 1.83738280290505 2.67143344395144 2.72591390898211 2.07628773746102 2.15912724135716
2.14019864763902 2.22019831895936 2.21627193621265 1.67355218654072 1.86628742584605 1.72303306236338 2.07782996750252 1.41915469508958 1.22668980959366 1.39905820456617 1.316611945153 1.29098266716781 1.39264997388044 1.54790904498821 1.52264732062184 1.42437796887643 1.50363757691532 1.54470933359899 1.52383509482007 1.73231080320517 1.71168583663639 1.58293690174072 1.33416473734507 1.4233577525677 1.47326800823781 1.53079806922967 1.47892352861109 1.56847464625526 1.72775633658134 2.67597437024021 3.68313838171167 4.17379017744349 2.90314794614547 2.39497120480273 3.94094977561113 4.28321295668943 3.68055905889089 3.50611857562748 3.008962061553 2.03159482713453 2.42843902093332 2.22030691130489 2.27128986502732 1.81124104781755 1.56376126723492 2.48963013026856
2.17323815129653 2.03076280832705 1.97568305366023 2.09640202015984 2.01748618109503 1.55714798389317 1.90262802256638 2.52404890563736 1.59446027451967 1.44462759791894 1.58362332854164 1.38759568840206 1.22751229876139 1.14013189703191 1.35902777532657 1.24046474022045 1.28831330108356 1.24151091942827 1.22745079003649 1.66981178103251 1.8445317980753 1.74199913300031 1.47916879764838 1.46345461155028 1.72153380342041 1.37525447547013 1.35512127109939 2.44760009884993 2.28770220096913 1.63036333603447 1.84390499324332 3.36534858611521 4.02798698453741 2.16944983737247 2.39760391416325 4.23678229575711 3.44299158087278 2.3993977471493 2.30010264777008 1.91745266625287 3.12089442853487 3.3643979395035 3.70280751296155 2.84739212040855 1.42256037007994 2.16658565101517
1.78183733266816 1.86190836168553 1.86291210241619 1.95271981421025 1.82505169458218 1.56975215844253 1.81336672843076 1.76067500439474 2.0101739057286 1.77619956045912 2.0178899461178 1.3675460433955 1.28985703506994 1.2655905894913 1.25833536934326 1.24480329846942 1.32125955987741 1.33228934062058 1.22985533769529 1.69306051385946 1.9832001662535 1.72327290574428 1.58149640997613 1.54868192255223 1.73387055092267 1.45071215273937 1.62031328059548 1.67284168779662 1.42774656596636 1.41302299672365 2.07584681450615 2.34645018684233 4.26032303981726 3.74156221425394 2.05042229755869 2.05355666210145 1.45484763767517 1.55674885728193 1.59505991813001 1.71153342744425 2.35158821838377 2.57553594390844 2.35785151203733 3.03733374527458 2.74619719192448 2.34533246565822
1.91408255178139 2.20628405938174 2.7568977971199 1.91640531264709 1.80804060074222 1.8823941033133 1.68874697106886 2.10495166165976 2.19942713339124 2.20432936246779 2.15513666068049 2.09339044785921 1.651075719693 1.39712914387566 1.36049957887296 1.28965117506391 1.31411266256707 1.34422786305915 1.5471576528347 1.58239774196036 1.61800507811643 1.9937388674046 1.78248990597892 1.4488671326376 1.78760066488401 1.82114211756009 1.41007587233836 1.42141035154606 1.26574962988223 1.31102518254177 1.94728817447621 1.92155009155101 3.35326853284591 4.24358531595109 2.28299294028817 1.72055110860922 2.38370445145353 2.04758510547496 1.6363112284934 2.17095341712106 2.50145013977122 2.16789817010006 1.78924895797632 2.08313836389887 1.85321208090926 2.08874272158834
1.88856325553467 1.98365523650471 1.77278798723785 1.77243815421939 1.75531342291536 1.66912983946764 1.7246136988897 1.91427883256966 2.26298683053329 2.07725057733844 2.15675642509331 1.75048204473519 1.44847834373769 1.59378464950125 1.3083086680523 1.38071682662901 1.47947621974323 1.40844424997862 1.1816050685959 1.27897154367547 1.22962499729135 1.45094963585162 1.50461076801947 1.82032074586741 1.80948522070522 1.75710999090523 1.65376168836147 1.48073727766829 1.44591631163314 1.59309048103855 2.04121111265424 1.39437040491822 1.4346587216114 3.53144363596954 4.25539631709938 4.2015124589999 4.28173864485857 4.28276347178901 4.04344359288154 4.19851926889604 3.84923159076571 3.00667855775586 2.36780506716093 2.04658834163352 1.8029769736062 1.40380509552981
1.66381343613638 1.80552620107216 1.79926486207102 2.22572729821619 1.92826037061992 1.50504869396417 1.71423865545033 1.93237994801138 1.77435748511693 1.77014302651333 1.71676363472282 1.92169084450328 1.52583408616997 1.47858289124561 1.41709058629132 1.4482334053975 1.33996298983228 1.47477101282731 1.34185089777944 1.26437100108354 1.35439908036393 1.47034463688039 1.44817171761285 2.35303333894972 2.42449208410911 2.04284331473592 1.65526818671019 1.61635803280286 1.44688042594067 1.65929476311926 1.81784380651302 1.70182103087029 1.4214842519519 1.41422219171049 2.4268815596437 3.53561805627581 2.46385049536885 2.74048675617291 3.99204507965796 4.28323001413381 4.28306667010445 4.28318168670099 4.27754624760997 4.17172459226598 3.06725056442556 2.50153185376905
1.68496666017097 1.85317546480273 1.81990868741957 1.52120211605851 1.55656842082536 1.57281101945518 1.75804054069638 1.61132914247539 1.44798317482705 1.62702668841077 1.4935882400669 1.57973603701162 1.51270011524909 1.70275842467249 1.62544929043813 1.79046916877102 1.54963200958349 1.42509097847454 1.24394368535219 1.39405693951859 1.2326866343749 1.45948171992018 1.34316888477949 1.91806064146474 2.31182788350812 1.98395698844662 1.69665472452391 1.60983917827861 1.38593596176466 1.40577709761851 1.63451571022398 2.26912578442326 1.64129872750318 1.44437044082763 1.35803251701209 1.38358513937125 1.54952199233579 1.4634442416177 1.81876632756522 2.95605051242157 3.15470551748939 4.28186477687063 4.28300244671195 4.28315627639734 4.28319295105551 4.28315627639734
1.97954975455111 1.77217567343907 1.79857029840544 1.73114513104922 1.68615776554737 1.45339783638292 2.06310259647988 1.88785551556123 1.51842679976344 1.55181367701783 1.87925382763977 1.83401319279357 1.77314144270228 1.86970885991493 2.02695680433029 1.80220925808888 1.8330926153905 1.45865881029446 1.29714840175045 1.4576321004262 1.43770902521695 1.69002171884741 1.57794148347503 2.03144316179507 2.36796271211765 1.67386380000894 1.97163707638521 2.01860737397668 1.87837905339485 1.64750495771107 2.19873234522001 2.06633261688433 1.79167963082849 1.61983347693183 1.39971977191593 1.79862230360567 1.62577752114746 2.76833569975783 2.33776776684955 2.89840492807396 2.04264389054868 3.48611066396026 3.99117568867794 4.28320335234178 4.28319021857862 4.28320825020169
1.73705555196391 1.63161901127029 1.86017283554337 2.02410861945503 1.73384160327321 1.69525958495141 2.04578326273115 1.60696545771298 1.50142592065584 1.50044826444954 1.90979827773534 1.97772598944111 2.75567765159335 2.08771158481274 1.55772635080205 1.57567584081559 2.73012400139783 2.41140375203258 2.13112664128676 2.39554901841311 2.57931217671175 2.74148943641201 1.93405204804466 2.18192892677316 2.2286128454813 2.07867814879986 2.49466985583354 4.09286786681503 4.17971856551653 3.66019069200551 4.22171895187969 4.23547727435142 2.56623434991093 1.84687089108275 2.01253284276753 2.0098306098741 2.12024169885147 2.47228723917627 3.09257515806033 3.07594423992893 1.91220961027095 1.34704828505541 2.43728150366984 2.42502935140292 2.7197658722368 4.24650781603008
1.7539427317805 1.55810555932725 1.59328671138332 1.85852132461197 2.16476646059254 2.32607599947673 1.95652962965843 1.74561055094896 2.13519892674967 2.38015996379645 2.09920593400628 2.18787292778755 2.78638580203501 2.05567470591363 1.64238681942685 1.75320109313144 1.99838650076032 3.17663290422304 2.17742721862093 2.45256324928537 2.84458277153288 2.89634160147543 4.05624583155409 3.16128003622841 3.39301098385551 3.45566751592194 3.3984989585015 4.27754119458548 4.28311846040353 3.41698658515813 2.65114033947743 4.28120102640602 2.84429457327725 1.96139188190093 1.7768719485587 1.66408246302428 1.42470834048447 1.26038236118321 1.59219663341387 2.81270594507407 2.53634752450678 2.78730528363687 2.25208881919798 1.73199945139146 1.41017099223584 2.8124558485423
1.62552599849418 1.55123957826428 1.97336794717574 1.80345457826728 2.14347012665118 2.37855711566926 2.40367798450635 2.51969838770087 2.69174524507967 2.29148844594826 2.28019769853799 2.24360147432665 2.15567995236973 1.86507819651611 1.88284807128993 1.91427357320364 2.02023887185401 1.98102433606378 1.94961390407277 3.60340847940891 3.15974794588171 3.2249814794231 3.89683626506031 2.63585030036565 3.12187357489522 3.83109145371961 4.09109465400993 4.28322802767509 4.28124009388985 4.2650152954466 2.33645729433525 3.67891477533495 2.28287078657599 2.04816525276519 1.54555389717644 1.37920965122748 1.52704335620413 1.41701274358048 1.56044799905438 1.9017560612754 1.92309862019709 2.45538849798238 2.45689205733566 1.90452772692975 2.10291881965656 2.41132818483027
2.26639676230624 2.17278949306271 2.46887055802284 3.28696732399007 2.54742163013536 2.12734049096818 2.19244994861744 1.73569149781808 2.27787219501673 2.70407411213841 2.11372036730123 1.76944566114102 1.51569372435141 1.53880729516061 1.65920913420664 1.59913313188391 1.81072292793993 2.1470312694595 2.2530876480374 3.29433535105992 3.13246876894442 3.14821587615739 2.60511861269323 3.54817393976506 4.14244378873322 4.28322393400075 4.28322182515931 3.59920522530697 2.70234383574823 3.92114770026561 2.6199978834694 4.23238318858305 2.13105653899494 2.14105550725507 1.64708513505977 1.70132183316301 1.9570382715654 2.71157496098551 2.17876712196037 1.68289481240404 1.86729173709884 2.4481701336531 2.61912923679072 1.72898844060484 2.2615446736271 2.68067204354175
1.86914566028946 2.21506512471991 2.32774943359958 2.63898354700521 3.15851324496657 2.41456041753574 2.49935754933123 2.75139988820239 2.39315747876356 2.39058240052642 2.70611019445612 1.9271605681436 1.64867717654184 1.80952781643258 1.7006149788058 1.73177508778721 1.77915456271638 3.5304092191541 2.30084024407698 1.77355884501359 1.920829776445 3.04789593389863 2.46557605581012 2.88666189816823 3.32623156963041 4.2544778825474 4.28322393400075 3.89080640040559 2.84817713065769 3.95861943088502 2.75535651431961 3.64315062390649 3.48446132988543 2.28749558196823 2.39588209442919 1.79010618373008 1.76094159424208 2.47490836202423 4.12152846109101 3.51588043463485 1.70898990284646 1.99353360845903 2.69962177728546 2.1822388601182 1.93724117436883 3.2291075335246
1.90646672679479 2.36710799681886 2.32733860832585 2.34860893223772 2.58931929252655 2.01496619447624 1.78815232751296 2.52167487438724 2.48455371357872 2.30193887814027 1.87192138974465 1.89936597738117 1.63073195172973 1.78183338319347 2.09441257418397 1.93281517926499 2.52799959699091 3.22341786353993 3.31254721913323 2.79490336126294 2.55110412448049 2.60717834137733 2.24695628742417 1.79709040627444 2.33836732610648 4.09256873791565 4.11944671255655 3.04960580944663 1.99526880666656 1.87215435036624 2.2207839982471 2.71352630563777 2.95797648442441 1.72585709556101 1.98694593762219 1.63743971051237 1.58347195801402 1.7739834695662 2.09331012131618 2.35947043701208 1.59512183639369 1.91772476363036 3.15895936873701 3.24695902135108 3.54653792996713 3.34174445665311
