IBR/IBR_outputs/all.combrep_1/PersistForestCover_Total.Spinifex_Total/PersistForestCover_Total.Spinifex_Total.asc
NCOLS 160 
NROWS 95 
XLLCORNER 210004.651214014 
YLLCORNER 7350008.22228844 
CELLSIZE 4999.99999999997 
NODATA_value -9999 
[rows 0 to 20 of 95, columns 92 to 137 of 160]
-9999 -9999 -9999 -9999 -9999 -9999 -9999 -9999 -9999 -9999 -9999 -9999 -9999 -9999 -9999 -9999 -9999 -9999 -9999 -9999 -9999 -9999 -9999 -9999 -9999 -9999 -9999 -9999 -9999 -9999 -9999 -9999 -9999 -9999 -9999 -9999 -9999 -9999 -9999 -9999 -9999 -9999 -9999 -9999 -9999 -9999
-9999 -9999 -9999 -9999 -9999 -9999 -9999 -9999 -9999 -9999 -9999 -9999 -9999 -9999 -9999 -9999 -9999 -9999 -9999 -9999 -9999 -9999 -9999 -9999 -9999 -9999 -9999 -9999 -9999 -9999 -9999 -9999 -9999 -9999 -9999 -9999 -9999 -9999 -9999 -9999 -9999 -9999 -9999 -9999 -9999 -9999
-9999 -9999 -9999 -9999 -9999 -9999 -9999 -9999 -9999 -9999 -9999 -9999 -9999 -9999 -9999 -9999 -9999 -9999 -9999 -9999 -9999 -9999 -9999 -9999 -9999 -9999 -9999 -9999 -9999 -9999 -9999 -9999 -9999 -9999 -9999 -9999 -9999 -9999 -9999 -9999 -9999 -9999 -9999 -9999 -9999 -9999
-9999 -9999 -9999 -9999 -9999 -9999 -9999 -9999 -9999 -9999 -9999 -9999 -9999 -9999 -9999 -9999 -9999 -9999 -9999 -9999 -9999 -9999 -9999 -9999 -9999 -9999 -9999 -9999 -9999 -9999 -9999 -9999 -9999 -9999 -9999 -9999 -9999 -9999 -9999 -9999 -9999 -9999 -9999 -9999 -9999 -9999
-9999 -9999 -9999 -9999 -9999 -9999 -9999 -9999 -9999 -9999 -9999 -9999 -9999 -9999 -9999 -9999 -9999 -9999 -9999 -9999 -9999 -9999 -9999 -9999 -9999 -9999 -9999 -9999 -9999 -9999 -9999 -9999 -9999 -9999 -9999 -9999 -9999 -9999 -9999 -9999 -9999 -9999 -9999 -9999 -9999 -9999
-9999 -9999 -9999 -9999 -9999 -9999 -9999 -9999 -9999 -9999 -9999 -9999 -9999 -9999 -9999 -9999 -9999 -9999 -9999 -9999 -9999 -9999 -9999 -9999 -9999 -9999 -9999 -9999 -9999 -9999 -9999 -9999 -9999 -9999 -9999 -9999 -9999 -9999 -9999 -9999 -9999 -9999 -9999 -9999 -9999 -9999
-9999 -9999 -9999 -9999 -9999 -9999 -9999 -9999 -9999 4.28260468165017 4.28310229746085 4.28321967387008 4.28320555328536 -9999 -9999 -9999 -9999 -9999 -9999 -9999 -9999 -9999 -9999 -9999 -9999 -9999 4.28320825020169 4.28322544152108 4.28323001413381 -9999 -9999 -9999 -9999 -9999 -9999 -9999 -9999 -9999 -9999 -9999 -9999 -9999 -9999 -9999 -9999 -9999
-9999 -9999 -9999 -9999 -9999 -9999 -9999 -9999 -9999 4.28170334796078 4.26771841910617 4.28269475642163 4.28003233248762 4.28320071838081 4.28323001413381 4.28321491703379 4.28323001413381 4.28323001413381 -9999 -9999 -9999 -9999 4.28280929988805 4.27689515676924 4.28316628291513 4.2831991972278 4.28319825532445 4.28315627639734 4.28320335234178 4.28323001413381 4.28323001413381 4.28323001413381 4.28323001413381 4.28323001413381 4.28323001413381 4.28323001413381 4.22847610362385 3.57567786598046 2.47046093201948 2.01665346892499 1.72857932349935 1.72730619158123 -9999 -9999 -9999 -9999
-9999 -9999 -9999 -9999 -9999 -9999 -9999 4.28323001413381 4.27974012153734 4.28016157049399 4.27818720147024 4.28320582567255 4.2831514094389 4.28323001413381 4.28323001413381 4.28323001413381 4.28323001413381 4.28323001413381 4.28321846005442 -9999 -9999 4.28323001413381 4.28282474863695 4.28299972635853 4.28321747927989 4.28322182515931 4.28323001413381 4.28323001413381 4.28323001413381 4.28323001413381 4.28323001413381 4.28323001413381 4.28323001413381 4.28323001413381 4.2768528122336 3.83838759846072 2.55430199691481 1.66536083038933 1.58440237128733 1.5040787416947 1.61397411460094 1.62662679508201 1.83260545072519 2.01608025950895 1.56143547881749 1.60741922054783
-9999 -9999 -9999 -9999 -9999 -9999 -9999 4.28323001413381 4.28323001413381 4.28323001413381 4.28323001413381 4.28322393400075 4.28323001413381 4.28323001413381 4.28323001413381 4.28323001413381 4.28323001413381 4.28322393400075 4.26047166227597 3.786533673619 4.25627603461269 4.28323001413381 4.28323001413381 4.28323001413381 4.28322182515931 4.28323001413381 4.28323001413381 4.28323001413381 4.14411578770145 3.85715222617795 4.21587821989306 4.28323001413381 4.13810716910717 3.42015369360593 2.88743545181321 2.46709752442741 2.52239462617676 1.71429772500694 1.99004199367895 1.66761203213192 1.69395162612505 1.69592049971643 1.9352964235774 1.8291214636183 1.65842864593391 1.616534277288
-9999 -9999 -9999 -9999 -9999 -9999 4.28323001413381 4.28323001413381 4.28323001413381 4.28323001413381 4.28323001413381 4.28321747927989 4.28323001413381 4.28323001413381 4.28323001413381 4.28323001413381 4.28321967387008 4.22461203972294 3.60075970890295 3.53896216795155 4.28293032785484 4.28323001413381 4.28323001413381 4.28323001413381 4.28322802767509 4.07207538122868 3.31668771566649 2.52683455401798 1.9771005380277 1.77316685739121 2.00540704205158 2.07288431071607 1.89065338627367 1.83941215389514 2.28527850094736 2.46834003522816 2.44679451300566 2.28879011761959 2.06031103814778 2.18737254314235 1.8363321595814 1.7603663901958 1.90022882644598 1.85045408983935 1.8575608711524 1.84034464572283
-9999 -9999 -9999 -9999 -9999 4.28323001413381 4.28323001413381 4.28323001413381 4.28323001413381 4.28323001413381 4.28323001413381 4.28321524051549 4.28323001413381 4.28323001413381 4.28323001413381 4.28323001413381 4.28323001413381 3.97430818575435 2.96254452592193 4.27261174870784 4.28323001413381 4.28257281639925 3.98103560914012 3.31951646404624 2.74808830686256 2.12145634088687 1.97095353905558 1.95921343878909 1.86934579045714 1.78392952533025 1.6836105077818 1.76252507628462 1.85149014706261 1.88781958378166 2.01433409196447 2.26779039831051 2.46388548566998 2.23152189521523 1.88528256068162 1.86273691224439 2.37651738336558 2.01123853995114 1.94720404703741 1.97280122254113 1.91688842972813 1.85541853905392
-9999 -9999 -9999 -9999 4.28323001413381 4.28321457909494 4.28323001413381 4.23560603392973 4.2201840976597 4.19151677742754 4.00700825294615 4.19218509435968 4.28323001413381 4.28323001413381 4.28323001413381 4.28323001413381 4.27687578049031 4.28029794178835 4.25205884683685 3.80067826355245 3.20654054742386 2.30871048903402 1.95548175320083 2.00048810386728 1.87464306520169 1.70376877616703 1.70826349517227 1.74862146899484 1.84921075353106 1.91331295479101 1.85979346985328 1.93136931276288 1.71138885147382 1.56001674487012 1.60526132944314 1.72503824998639 2.01573164627281 1.90279997553042 1.80673323782023 1.8589004848109 2.00502769853408 2.0809036025019 2.22813641551588 2.00558589161099 1.87968583473878 1.61312661716379
-9999 -9999 4.28316628291513 4.28308269520963 4.28299024718368 4.28323001413381 4.13600080383388 2.51694233625976 1.66904206515266 2.91053123689505 3.02583626603707 3.14161494875481 4.28321967387008 4.28323001413381 4.28323001413381 4.28083751824058 2.40925652881739 2.35280957265948 1.9982364549519 1.77272642782976 1.74760351973983 2.08316455722724 1.98865816080162 2.04229718138559 2.03865534259728 1.80756851970656 1.57179682854334 1.56489067025588 1.74941685277745 1.84729688260472 1.69301093871257 1.80750204327696 1.63339229979758 1.66746794954569 1.40337058600862 1.50873760901767 1.5689916919099 1.61843158023105 1.89920095046467 1.73537076462259 2.0027646072726 1.80995344569145 2.12068732192987 2.06564640624859 1.974627797326 1.73934400387758
4.17970957041628 4.22692516826483 3.01207042806745 3.44266988782455 3.70381196072287 3.36032696167348 2.14061704787803 1.74277193628332 1.51059054128556 2.32869995633269 2.2975490265729 3.2821862070181 4.28321524051549 4.28320335234178 4.28322393400075 4.11977414274874 2.4746610373058 1.57539883015958 1.56416908378609 1.70844610060366 1.78121033210407 2.03209691755247 1.96981956114505 2.16226581094067 1.90832064551442 1.64552941277715 1.79840002406774 1.77071413161866 1.78272161371436 1.79352863732392 1.83306792208196 1.74035508567238 1.9973264883284 1.82397252238803 1.46479348577595 1.88593703249202 1.67627982823094 1.67901951924001 1.87271534612728 1.76903136289353 1.74795083730685 1.8950039710994 1.89035393408912 2.09012666863526 2.24237886718247 2.05847749760026
3.37610413738603 3.06656210440412 1.46890946839063 2.40981488552314 1.47963291488088 1.94879944842421 1.77923886001593 1.81113948392257 1.66891601303604 1.8061686720836 3.15553645546472 4.2702636597829 4.28323001413381 4.28322600123234 4.10973089472345 3.7389924926102 1.79162829153793 1.96344931363289 2.25280464225816 1.62839189001522 1.6305994959437 1.63391589858627 1.78261656297852 1.8222936161148 1.82405577362821 1.72043865127939 1.67549723848137 1.71142124513522 1.65625568758919 1.40797650749743 1.63999881253167 1.70920516078936 2.21660571199851 1.74184318165841 1.56408582372813 1.97787637771463 1.598365067726 1.75928650466938 1.87949163723461 1.85238934085105 2.01172842207551 2.06365177935279 2.0707661001197 2.06948080192868 2.07365875319397 2.0821209607386
2.4615289962627 3.26860207357257 1.72981954417149 1.68058588439863 1.788301843332 1.71894657480131 1.59466981571193 1.97879152709678 1.80913052238968 1.74254086981441 2.2018483682745 4.25124552188013 4.28323001413381 4.28322802767509 2.54043213666807 3.15342413097448 3.85986350596273 4.23017924210453 4.25414173964058 2.93773930590709 1.56181443383576 1.53017796600754 1.6132014551791 1.56403921914371 1.5602439560313 1.58507130670406 1.52709683074539 1.59413467104627 1.66554871881802 1.79893092325007 1.6129872516881 1.78534931587615 1.58948376578718 1.65096865043243 1.74894655197241 1.64201098325888 1.50203837893835 1.58453624521103 1.84190752593135 1.81718457295067 2.02924143199055 2.23177712234721 1.95167287286043 2.05995744184799 2.08855765792519 2.13756403697408
3.83365598654043 3.6126468033324 1.71499035179608 1.67320675830443 1.96838308057018 1.61393896586342 1.81232800498275 1.87586846202927 1.84323834666305 1.69749716285762 1.63036571623322 3.46683320080333 4.28322802767509 4.28323001413381 3.18825770771033 2.26059570174149 4.04804032315494 4.28319295105551 4.28319825532445 4.21770822806814 2.55727266067817 1.8072658560334 1.82746493026338 1.7685352852026 1.61697866076017 1.54647303324469 1.4840781565292 1.51847661282182 1.78114105275793 2.07307854635133 1.83668086823712 1.89807628242141 1.72175067081384 1.6312642206319 1.72407294242207 1.63760199164794 1.62801204178237 1.86921461820162 1.95153670576577 2.42037653987487 2.38583530893207 2.01322104369415 1.98021774922824 1.55266135376597 1.51987659653163 1.77693915311385
1.80047271123473 2.02294028498906 1.74959576509332 1.53272285033369 1.70946289289606 1.80094073997337 1.55023264970484 1.82832336372636 1.69493545302562 1.63113650057096 1.80392327270561 3.37712485339401 4.28323001413381 4.28321967387008 3.78027324418123 1.64807501237275 1.79732787040113 3.39494803106502 4.28321967387008 4.28320082922708 4.2551240035522 2.75871617109566 1.95916081844303 1.9226233542555 1.71573032513878 1.41452243268852 1.55334610084279 1.46613146820133 1.65053185137489 1.70118993850061 2.00454526423008 1.76679915808624 1.88432566979995 1.74390151278846 1.9400200784917 2.18282452936503 2.00506930791664 2.16565113835535 2.29329417603926 2.76691894165785 2.13940159519668 1.63737357350321 1.66507411437005 1.41115161070005 1.29257576137849 1.29430315649709
1.44241190367724 1.59462099399836 1.45995516915255 1.51736476114574 1.44557173484875 1.99400748038737 1.4139363783792 1.84772403810701 1.45959465789668 1.66307929744311 1.93490017225608 4.0175164640774 4.28323001413381 4.28322600123234 3.77932800086857 1.57332073846705 1.68794538635835 3.96084564251974 4.28323001413381 4.28321967387008 3.30598392684476 2.92973547638911 3.67039203605552 3.3542389161614 1.94299838057408 1.93556087230142 1.75244728706091 1.62501895108152 1.7739729068903 1.8690085285927 1.79314670125685 1.8607754657987 1.71347875029058 1.8482673748976 2.33034431670217 2.09763641407771 1.74870699484454 1.72057391881974 1.95621458113569 2.01538171304715 1.77886294911395 1.65197475321568 1.54355531142591 1.49823545882564 1.46175131934955 1.3154117835397
1.30718244017381 1.5381315862529 1.55801938773566 1.57729550748411 1.47121230302655 1.54677602335681 1.64202942380408 1.87755574363238 1.6687223765234 1.68744243067609 3.43822547170118 3.59347375973191 4.28127914293282 4.28323001413381 4.19165954627486 1.78203714730031 1.72163924738073 3.1600954345314 4.28323001413381 4.28323001413381 3.34925475493878 2.11451067502145 2.11993645426227 3.74473603456047 4.17026001683282 3.80761805482099 2.90069409360256 2.18242428167116 2.08239928557629 2.12687000077341 1.73539001464763 1.86020160810437 1.81412058028265 2.00365495814978 2.09386276238946 3.1043429136567 2.37335209412981 2.02691998979469 1.63934320312657 1.47378439603879 1.60646475570416 1.78349497766184 1.61883378433709 1.57671517996822 1.51944463566278 1.71658820301338
