0,20.9048004230366,20.9442735948362,22.5487489120909,27.3865762393147,27.1411246545277,30.8096761163622,26.6356363264238,55.7004765961041,58.9754467648487,77.6757040163931,51.7851067291195,51.7434729515715,53.0573609696926,47.7677452018125,48.4980552316827,54.0206770514801,57.2353567822162,54.8242624321022,52.1817969763582,36.5755675923792,39.2663452401973,37.022841451245,59.8498882189664,89.2437167897822,101.772546939781,54.8004982900711,54.968873049623,52.7695202526176,48.7755735183211,47.5408318403188,53.5830225978036,60.7718868225354,40.7056440884276,49.7646681881121,48.9802631571908,51.5284284869318,65.6934041243507,65.7263239292885,67.4993708713685,64.9951717630138,65.5461228963838,66.591145132273,66.0115115636505,71.3483771239964,71.4460798028567,78.2015322391166,70.735184228475,76.7080509132726,71.7057049900473,71.1562233749112,44.3175548646958,42.3135628447499,44.1376064773414,43.8383075918199,45.3265964585166,41.8524045455703,41.7295171817415,31.6092922733407,34.2214713059297,34.1250937317917,33.5679422624465,33.9798631880999,88.3521647394281,38.2512171103029,47.0571781505031,78.403383363798,79.2413460824114,77.1646867750677,73.0106845016724,67.1680818450779,66.6258220601289,71.398705407206,70.215759564166,66.479106517164,44.8407285876997,45.8255916872364,52.4301630738074,39.0116944219624,38.9136375302106,49.3828721485825
20.9048004230366,0,22.9854849160951,20.2521080937741,22.4519023331852,27.7972566006723,30.929864411418,25.2938300988304,55.0163186270251,58.2961502128212,77.9134045679821,51.1202625711337,51.0730209517728,52.3849877829707,48.1408085576538,48.8305411770908,53.8459269828192,57.0770353310753,54.6401954584968,52.0359121812408,37.0698074514351,39.8089358151676,37.5706381262934,59.8742642906967,89.5564097111341,102.073952257692,54.6714013014039,54.8860068864617,53.2023693184208,48.138497074507,46.8998878975308,52.9446238339329,61.0786065075475,41.2979622562171,50.0843416168314,49.3032044809177,50.8759910462352,65.9503704295581,65.9852845088119,67.7566061571807,65.240146887501,65.7906335645792,66.8340426405386,66.2540545162155,71.5942132203418,71.6957366909127,78.4485855872257,70.9832198439112,76.9554144982432,71.9530488189425,71.4076490946833,44.3926962512138,42.408633077607,44.2503472437942,43.8326005098599,45.598905232996,42.1163765454663,41.9614191172511,32.2824332764266,34.8411002980406,34.829741446053,34.2924560222132,34.8317170937537,88.0740735573671,37.7826110949802,46.8037430321971,78.6733560232459,79.5131031356762,77.4356255094517,73.2807174134542,67.4046422398803,66.8624476149099,71.6414533324508,70.4590443004585,66.7097635317669,44.8707711300613,45.8708571877884,52.6601479169939,39.3009882100393,39.8708764274228,48.6529698052792
20.9442735948362,22.9854849160951,0,27.2293691086642,29.3854924617123,21.2869438276737,27.3741499462816,22.1049086972721,55.9058686862081,59.17133739517,77.4955939009306,52.0746517471653,52.0266020842767,53.3064180132572,47.6280505988289,48.3203432443585,54.8296768117042,58.029198302483,55.6171040394675,52.9883360998048,37.3298689836893,39.8808027324387,37.70063513662,59.5066742870784,89.1430859167615,101.656836666315,54.4486043235245,54.6076143129166,52.7501221803237,48.6452756284833,47.3994918289631,53.5705753768147,60.6480589811852,41.1154356776397,49.5676354182432,48.7766510321287,51.8590353082207,65.5263192690328,65.5612134420982,67.3333766732038,64.8167375752671,65.3678377986371,66.4110532676262,65.8316566531002,71.1737101113682,71.2745173050441,78.0283054350269,70.5622063238655,76.5352456503204,71.5323176205139,70.9862330792907,45.1570044683408,43.1649800988282,44.9637780589149,44.6956597203688,46.063729323023,42.6181832406567,42.5241209205463,30.3889452650765,35.0165447764734,34.8896221561231,34.4333296789094,34.8019454247708,89.0678872732336,36.9987751468943,46.5917797643957,78.2511150143242,79.0908554856522,77.0133094179115,72.8583404375476,66.9852803897191,66.4428146655997,71.2214854211617,70.0387551618963,66.291661787253,44.3154047164852,45.3303005958971,52.1885164595739,38.2589124443447,39.0508644600674,49.5830281718805
22.5487489120909,20.2521080937741,27.2293691086642,0,20.1492460469431,30.5069669539297,32.8724508271293,28.473782411458,54.4445553565578,57.7344878951837,77.7246427197039,50.453156213512,50.4134513254508,51.7634932515565,47.913297229575,48.6380711095855,52.6077941975302,55.8590453654656,53.4207689566513,50.8038077694631,35.9872162484493,38.8742825148004,36.5764523080328,59.8411668135557,89.2919753832414,101.823841359034,54.6531477398154,54.874185636072,52.8634972333152,47.934000104965,46.7082293552387,52.6096615879478,60.8361453841362,40.5703891266824,49.9096660587501,49.1344562148084,50.1624706478013,65.7490810227242,65.7821168610754,67.5542958505484,65.0496614005582,65.6000201328037,66.6451418622472,66.0649420334902,71.4002114767762,71.4987658939778,78.253218928924,70.7876000002596,76.7596492984139,71.7578247679637,71.2091783233646,43.144351374844,41.1491379306248,43.0213112340082,42.5543206574675,44.4857060387983,40.9725572567347,40.7825221971582,32.8708718851252,33.7543642564177,33.7986862532553,33.1727639216717,33.7969790890333,86.9384420534707,38.621117307791,46.9005133837215,78.4579991736682,79.2960532462214,77.2194190245418,73.0654305184009,67.2184013352583,66.6763959018725,71.4498918567174,70.2672703658573,66.5279653872007,44.9988283518177,45.9717085061949,52.5279170115955,39.5963579895518,39.4711199735374,48.0919663544984
27.3865762393147,22.4519023331852,29.3854924617123,20.1492460469431,0,31.7110674364799,33.6509724711071,28.8911409422012,54.2198739619593,57.5151515675388,78.3389871288132,50.2467576731988,50.2011862820744,51.5499880357844,48.6396914357542,49.3293737940839,52.9264381881816,56.1917001344904,53.7278617815615,51.1505926544301,36.9213927076952,39.8221132308076,37.5396647933897,60.2726999944773,89.9740257209266,102.495436969623,54.9544692017795,55.2154220504845,53.6477032713142,47.7755317882311,46.5475211733345,52.4393408789446,61.5112864622859,41.5257602059834,50.5893941609101,49.8163682175086,49.9686138666691,66.3802468451087,66.4150672845771,68.1857625369808,65.6701410483102,66.2201263574287,67.2637924974578,66.683315608828,72.0216603838429,72.1235872585706,78.8757732168511,71.4109835607259,77.3824891534093,72.3806082412328,71.8355704270147,43.7116543000738,41.7384778758393,43.6219027775526,43.047268872145,45.2200460145386,41.7044288382085,41.4901090672102,33.7772708333706,34.7995589791414,34.901847024604,34.3162098929443,35.0209463670749,87.1430246357754,38.8066542367376,47.1064999329305,79.1009609529976,79.9406154461023,77.8632415461933,73.7084355378649,67.8316262132993,67.2896615547907,72.0686121871547,70.8864496732161,67.1359952247806,45.4414989898289,46.4254816519117,53.1325942405766,40.2426618592318,40.6403258804233,47.819721710287
27.1411246545277,27.7972566006723,21.2869438276737,30.5069669539297,31.7110674364799,0,21.7522523156568,20.1828983231528,56.2026379639467,59.4584765869202,77.4132017839877,52.4512884175174,52.3974860064481,53.6444768397566,47.596183195468,48.2467140221313,55.6834143902812,58.8698385468898,56.4565252000065,53.8403051157742,38.1629456646587,40.59280711136,38.4711834047848,59.2450750319859,89.1445111380016,101.642553623814,54.1744133557868,54.323939436768,52.8432162628835,48.6090728253424,47.3525385869638,53.6514254185112,60.6261677940372,41.6444649490388,49.4733967483693,48.6759445585854,52.2744310174363,65.4580650323488,65.4950543755992,67.2662336810811,64.7364043287665,65.287631024355,66.3289376696012,65.7497623841954,71.0972254008655,71.2013620390497,77.9533368496187,70.4875393179265,76.460718361466,71.4572018200329,70.9147552298869,46.0418508150748,44.0606564300939,45.8379664426891,45.5942286265023,46.8637719365213,43.443837706866,43.3742059893125,29.1735018223667,35.9009869613414,35.760439716756,35.3933263062718,35.7479021278301,89.8377246039239,35.6448054201685,46.1913331373409,78.1984588328921,79.0400822294839,76.9616013545755,72.8056123593902,66.9001054518417,66.357434155435,71.1422653120117,69.9597798555274,66.2014928169077,43.851697883891,44.9009767950921,52.0425476792715,37.5501875476196,39.4075977170542,49.8788837555415
30.8096761163622,30.929864411418,27.3741499462816,32.8724508271293,33.6509724711071,21.7522523156568,0,22.3033148496662,56.376271232641,59.622456158806,77.1924758386051,52.6986145229665,52.639915546768,53.8559947789064,47.4311850124811,48.0383840546376,56.3494963794713,59.5242038002787,57.1102713271021,54.5043529696026,38.8123120455508,41.1374118970996,39.0683030985426,58.8387291120567,89.0078467961593,101.490241344399,53.7566364780529,53.8951431188136,52.8027932054793,48.4592349632675,47.192735793341,53.6146036092779,60.4667882061143,42.0276182086759,49.2440375540536,48.4403237002488,52.557306406901,65.2517123481471,65.2908120629411,67.0609790328727,64.517865282132,65.069206007944,66.1085920569167,65.5296273469948,70.8825018958923,70.9900066392025,77.7401354224662,70.2746571965801,76.2479588708799,71.2438617034056,70.7050930408161,46.7315220603682,44.759476929262,46.5180398735492,46.2966210096724,47.4777477675136,44.0807096180761,44.0326215987988,27.8420241772888,36.6017258060868,36.4559153522464,36.1646693276312,36.5188867019731,90.4319193449111,33.9613396787128,45.6401657484421,78.0077509927147,78.851267723857,76.7718491422586,72.6148364486759,66.676602016165,66.1337284017951,70.9247755530052,69.7425431354723,65.972928472736,43.2247353007517,44.3122166987191,51.7578792207544,36.6596164614367,39.6949239406104,50.056776630577
26.6356363264238,25.2938300988304,22.1049086972721,28.473782411458,28.8911409422012,20.1828983231528,22.3033148496662,0,54.2341476914923,57.493750381517,76.3652348736273,50.5064516157931,50.4472488855868,51.6900830691888,46.687616951516,47.3020704239368,54.1713629345319,57.3708756021228,54.9363605515381,52.3518783591307,37.2013570725458,39.6994483436657,37.5673230353125,57.9929835136199,88.1623001085915,100.651059807603,52.7560538230552,52.9565510507963,51.9733422710781,46.650897821492,45.3882242712265,51.7086031306631,59.6420453869131,40.8372723208805,48.5188894047359,47.7265203362564,50.3431868834647,64.428454087769,64.4672198149476,66.2366987168068,63.6960065532189,64.2466989581236,65.2866093369898,64.7070019680162,70.0570194870662,70.1646936508338,76.9141691171253,69.4493891935595,75.4218044848253,70.4183811157762,69.879697875505,44.736833378457,42.7708325195903,44.5652757235549,44.2213004883559,45.7341530537512,42.302634833346,42.2026585106142,29.1501120555379,35.0222076040776,34.9511652380491,34.5705969169284,35.0266016825145,88.2373577340552,33.6282449577484,44.6340566261108,77.1800470858428,78.0232574611629,75.9440629722123,71.7872811076723,65.8514274496583,65.3088671691705,70.0992086775465,68.9172636079164,65.1473161728367,42.6300379979863,43.6928560754765,50.9983984166434,36.7103226303629,38.9917060792436,47.8674994432016
55.7004765961041,55.0163186270251,55.9058686862081,54.4445553565578,54.2198739619593,56.2026379639467,56.376271232641,54.2341476914923,0,27.3614730890919,92.5619279432539,36.3399271599615,35.3677046051253,32.0669398684117,64.2622449759312,64.5820462817885,64.5338956133818,67.5708240282505,64.8285495818598,62.9772175138741,54.9392186466095,57.7393689088746,55.621620329866,72.5319913527693,105.01907299394,117.417177931809,65.3093466744806,66.2767158145141,69.8410214335246,49.3600204439749,48.6615925994336,48.0876181310689,76.4868438429753,59.3080433249669,65.734332699136,65.0034248499268,39.5163788491731,80.8193289348506,80.8757295538043,82.6269400665324,79.9794140539558,80.5236079427473,81.5502701028905,80.9651775848709,86.3363316553331,86.4804848818751,93.203302305178,85.7500892833141,91.713231046733,86.7118711462466,86.2118540764768,58.8159993093206,57.194580750177,59.014045576718,57.4726627084476,61.7100059933485,58.2411222640463,57.8842498827466,52.9185764973744,53.4805553874043,53.8184094830519,53.5363792426465,54.5187984391194,95.1290048212883,56.3991936393543,57.8774977523916,93.6799977497246,94.5391567029495,92.4528716728557,88.2882004005142,82.0448995989654,81.5040733376046,86.3492291549605,85.1733120289562,81.2842223672587,59.212577325747,60.117935703936,67.4054930659875,56.8195457538856,59.6036968965769,37.260426339198
58.9754467648487,58.2961502128212,59.17133739517,57.7344878951837,57.5151515675388,59.4584765869202,59.622456158806,57.493750381517,27.3614730890919,0,95.7199021717149,39.842893989079,39.1228299736575,35.8157821168212,67.4521184886568,67.7626508820055,67.8900071794633,70.9242009272422,68.1857922919974,66.3291024363602,58.2232023960044,61.012126223929,58.8986105288849,75.6432934834974,108.199345856408,120.593941259943,68.378260228279,69.3621041595447,73.0486196797361,52.3539978809185,51.6754513641667,50.8160731627443,79.6642941816373,62.564211567723,68.9119181888143,68.1816572313834,42.8779398585203,83.9828029119438,84.0397793172783,85.7905081516191,83.1394523949407,83.6835187408771,84.7097194005899,84.1245294743142,89.496641066138,89.6418911345916,96.3639650089994,88.9110291586009,94.8739845202803,89.8726138690027,89.3737697974162,62.1395104256895,60.5158594578707,62.3328777567626,60.8059921193787,65.0073239674388,61.5411322171623,61.1889181454267,56.1411096324297,56.7618197300209,57.0957268278571,56.8175750997817,57.7952498731487,98.495221884735,59.609349408464,60.9765192672997,96.8473044106401,97.7069858656081,95.6204585180386,91.4555197755315,85.2025524427189,84.6617453265875,89.5086522794891,88.3328881224671,84.4401957411934,62.3608542008666,63.2639755008451,70.5628381915135,60.0127427234076,62.8494425755098,41.2530372824648
77.6757040163931,77.9134045679821,77.4955939009306,77.7246427197039,78.3389871288132,77.4132017839877,77.1924758386051,76.3652348736273,92.5619279432539,95.7199021717149,0,89.1341073112385,89.0851193261879,90.1468822200345,63.0436773853698,61.309658478656,92.9687968081851,95.9908474930453,93.6903741907425,90.9799829543065,73.3516671240901,74.3519960363082,73.0507695395504,78.0777038230136,86.7187451571423,96.0219491645432,77.6144767983933,76.8691425805057,71.9133139429784,83.3982762453926,82.2188067292808,88.4709960980166,60.3915550776548,73.317227119657,62.9304749443859,63.1711894061656,89.1159922778662,48.0285160543291,48.3011033802542,47.9286010022975,47.5476055852504,46.7739461563785,49.0057479945309,47.0920658483578,42.1506273927804,44.690782741919,46.1818458707498,43.4849117661968,43.4939123553641,43.0260413385922,44.9554081089284,82.3712994646984,80.4257467127029,81.8771730409953,82.4282499228982,81.2266257189273,78.2792983172738,78.6670573677443,70.4482882880545,72.0464035361609,72.0835879521538,72.4958490035161,73.1526033969776,127.061907550261,77.3961171080361,76.9185278009354,60.7728157150988,62.5600488246802,60.1694887122801,55.6613924379993,41.9495850775666,42.6881637350179,41.3217432355381,41.9472140911008,43.9593928841189,72.3159531582645,72.1445232020549,62.142295029286,72.151515259917,75.0647953335219,86.6231209567779
51.7851067291195,51.1202625711337,52.0746517471653,50.453156213512,50.2467576731988,52.4512884175174,52.6986145229665,50.5064516157931,36.3399271599615,39.842893989079,89.1341073112385,0,17.0413519918038,25.7019162328923,60.6585040916184,61.0400293430114,58.7369659905629,61.6986982725723,58.9050696027573,57.2141795654135,50.573780566023,53.4747694544297,51.3276451369271,69.4238039177125,101.447373739502,113.869240782846,62.4332602194704,63.32120820412,66.1022477840519,47.6603516492833,46.8893822472064,47.2696097632819,72.9389835345441,55.1989425116769,62.2152948302449,61.4835944126833,24.4107634822556,77.358922846744,77.4116372739399,79.1655908773716,76.5408236936221,77.0855712631112,78.1152933380664,77.5305675546464,82.8947242361304,83.0321504682968,89.7593288154487,82.3046582311801,88.2686264654571,83.2675821252622,82.7603365668368,53.7868090010657,52.2348782680848,54.0587022409101,52.2839507332254,57.0787671027011,53.5899051125806,53.1753016087987,49.3032150592284,49.1870249559588,49.5763398621741,49.2762015610111,50.3176760942644,88.4157905728383,53.0297249681931,55.0277430181603,90.1943294861992,91.0501528468774,88.9654419698944,84.8025030366803,78.6198727291089,78.0790485373831,82.9130780408066,81.7363215772362,77.8694590487549,56.0134075658276,56.9144536493091,64.0086275748578,53.3740682387541,55.6790157440556,37.4705536393825
51.7434729515715,51.0730209517728,52.0266020842767,50.4134513254508,50.2011862820744,52.3974860064481,52.639915546768,50.4472488855868,35.3677046051253,39.1228299736575,89.0851193261879,17.0413519918038,0,24.0415701561683,60.6186399278329,60.9960860536651,58.9379315168366,61.9153493878886,59.1267225125289,57.4134292058719,50.5938684195017,53.4863716508513,51.3411175076116,69.3532621716554,101.407690874137,113.827939866395,62.3509514114498,63.2421063375189,66.0725671894116,47.4739363042276,46.7034281350025,47.0803821886216,72.8973443258629,55.1969233883909,62.1696318951188,61.4377376367223,26.789887818038,77.3118345702058,77.3647850252013,79.1185874065028,76.4923517896752,77.037082624763,78.0666014190886,77.48187041461,82.8465365564919,82.9843725363695,89.7113000381415,82.256700257218,88.2206416522289,83.2195595706022,82.7127568718814,53.8861243388335,52.3244152884508,54.1493912486749,52.4020127122089,57.132103487864,53.6445976048376,53.2360515289256,49.2486020199323,49.1977023875811,49.5816189379791,49.2817955458871,50.3172592469761,88.7665326339341,52.9482869679708,54.9301578361692,90.1489116152217,91.0049480354322,88.9201346271625,84.7570832370333,78.5706540417094,78.0298209207641,82.8645564947733,81.6878438421019,77.8196182643231,55.9387517167333,56.8413277695848,63.9557785979536,53.3111130298657,55.6556997316217,36.7856835721808
53.0573609696926,52.3849877829707,53.3064180132572,51.7634932515565,51.5499880357844,53.6444768397566,53.8559947789064,51.6900830691888,32.0669398684117,35.8157821168212,90.1468822200345,25.7019162328923,24.0415701561683,0,61.7627871111553,62.1131124356846,60.9006395734582,63.8971851762379,61.1283535197583,59.361237555888,52.0544562246618,54.906151146167,52.7736289788307,70.2760444112837,102.5333773379,114.943228948086,63.1650856861351,64.0952943481084,67.2737376060508,47.8915719084268,47.1578328392677,47.0563426935305,74.0132409223299,56.5544269354143,63.2769598880486,62.5458996617507,31.6036153590111,78.3884918963482,78.4430840514061,80.1956152960607,77.5592674215692,78.1037134126819,79.1318848801846,78.5469531373174,83.9146091607327,84.0554840587765,90.7804112045558,83.3265067299133,89.2900266041684,84.2888399268518,83.7852974708323,55.5849299448255,54.0000563578627,55.8214240480403,54.1584703648993,58.6858875535961,55.2068977629553,54.8201633481772,50.4253446064954,50.6338213557106,50.9984709193132,50.707595932491,51.7207586175604,91.0104976651985,54.039105750138,55.7659571348601,91.2367150983065,92.0942385586495,90.008727325278,85.8449072462623,79.631280341891,79.0904645012715,83.9301673682864,82.7538489276543,78.8756026979729,56.9233189232398,57.8250979431788,65.0076947712329,54.4103960229804,56.9474984873633,37.1196748650318
47.7677452018125,48.1408085576538,47.6280505988289,47.913297229575,48.6396914357542,47.596183195468,47.4311850124811,46.687616951516,64.2622449759312,67.4521184886568,63.0436773853698,60.6585040916184,60.6186399278329,61.7627871111553,0,25.9653556712161,63.1759114569654,66.188468088496,63.922715305993,61.1511809062951,42.6439891491874,43.4018097435418,42.2026667644899,54.593581863366,73.381183702501,85.8929778102919,53.2222288890994,52.5498000826773,37.1465752845995,55.6834658619603,54.4821989006274,60.735280441699,43.7153545427538,41.9024817027035,30.0834097914001,29.9435040656302,60.5484063131737,50.3597992832279,50.3429685356388,52.1948457565821,49.9941680611283,50.5785746863809,51.6606175452722,51.1099964759455,56.4266978381873,56.4052599264487,63.2581913544182,55.741327563795,61.7613562347846,56.7389979049871,56.0654334048641,52.2117396602687,50.2397795003032,51.6635277882018,52.3801090926057,50.7635332476578,47.8371064666183,48.2802916267496,40.3587876679949,41.3369219405296,41.3292674886604,41.8477395994501,42.4684374353187,97.4902573026117,48.201826708872,49.7886505810895,62.8603823648803,63.6598372797529,61.5967136855186,57.4587017640568,52.5207710686079,51.9689609666466,56.5720742829956,55.3649772295424,52.0283680072436,44.4117133015705,44.4712800713804,38.6349286583591,42.3743149703339,43.8844662117121,58.2507615892477
48.4980552316827,48.8305411770908,48.3203432443585,48.6380711095855,49.3293737940839,48.2467140221313,48.0383840546376,47.3020704239368,64.5820462817885,67.7626508820055,61.309658478656,61.0400293430114,60.9960860536651,62.1131124356846,25.9653556712161,0,64.0579557610924,67.0792828982321,64.7965303540745,62.0516573300173,43.893247034279,44.7720806612915,43.5082295515004,53.2944075216991,73.0853304103749,85.3084753969142,52.4068198119417,51.6414286044041,40.8784987712842,55.7858878118301,54.5867936056006,60.8744776517465,43.0786071287268,43.4675359126466,21.2888349557539,23.0880014381629,60.961892325136,48.7368768517853,48.7595972646522,50.6128217004687,48.1565545625527,48.7597644481946,49.8004585079639,49.2698478982662,54.7364926917048,54.7593448094522,61.6014415275125,54.0723637527825,60.1153938588062,55.0686006316758,54.4458607081375,53.2652593040012,51.3007499826316,52.7480061589999,53.37417598625,52.0081183444673,49.0496820272964,49.4536289978014,40.9724518862899,42.5337300467527,42.5209310404191,42.9874537038424,43.5959027365322,98.2878341200871,48.5769324431553,49.5550892848436,61.5622392679062,62.3946549287778,60.314106196225,56.1571749086459,50.6981040111568,50.1357066083022,54.8442964667926,53.6338025112096,50.1466120040987,44.0573527970867,44.001878535468,35.2349472062754,42.7060405346574,45.055248240692,58.5835079614577
54.0206770514801,53.8459269828192,54.8296768117042,52.6077941975302,52.9264381881816,55.6834143902812,56.3494963794713,54.1713629345319,64.5338956133818,67.8900071794633,92.9687968081851,58.7369659905629,58.9379315168366,60.9006395734582,63.1759114569654,64.0579557610924,0,34.7790879231457,25.6266526550913,26.3949190160997,46.4585968923575,50.2429611485926,47.9198326290489,75.8303220094709,104.091314742533,116.714077961046,70.5418966642393,70.8622878878296,67.4433502560585,62.2052203086834,61.112689006841,65.5025887246797,75.8032932912152,53.4330297836272,65.4295401678474,64.703581987168,57.4333064377117,80.9338585900687,80.956260958769,82.7316501144008,80.2944396914287,80.842915526288,81.8980824541911,81.3155763648581,86.6195800546288,86.7026072740304,93.4644079622524,85.9987333791114,91.9683603323436,86.9706749084459,86.4048599907412,39.8630490449063,39.6060399479687,41.3036764047083,35.5306642979941,48.9287387256211,45.3020995529774,44.1706487089472,52.7335244423279,46.1731598748486,47.1399064087602,46.8554563751022,48.5168302710298,73.5416402217739,58.6424104386313,63.4342642331229,93.5588625691282,94.3872364546012,92.3155779472305,88.1669830113062,82.479653942568,81.9392130182752,86.6821192186345,85.4988888994635,81.8120127542757,61.9774437110023,62.810122699494,68.1695188835492,57.7683116781438,56.1492570944721,59.0695855967999
57.2353567822162,57.0770353310753,58.029198302483,55.8590453654656,56.1917001344904,58.8698385468898,59.5242038002787,57.3708756021228,67.5708240282505,70.9242009272422,95.9908474930453,61.6986982725723,61.9153493878886,63.8971851762379,66.188468088496,67.0792828982321,34.7790879231457,0,27.6715406628618,23.5800191200279,49.388223460962,53.1599084244909,50.8579727958146,78.8999443280133,107.087091808923,119.71487695693,73.6258622088375,73.9433631719048,70.4244385091071,65.3246361265791,64.2348280102858,68.5959007077222,78.8071861026282,56.3777872875155,68.455660229083,67.7313378145039,60.3449808160685,83.951522341512,83.9732850326173,85.7489757451239,83.3157765532281,83.8642211810257,84.919962092078,84.3373969433229,89.6397835739233,89.7217849928722,96.4841511621115,89.0183754664666,94.9879698225202,89.99045746591,89.4235224543685,41.6599825823082,41.8623977569349,43.1046309763035,37.8326558659337,51.3018110731785,47.7405691307515,46.5852510532124,55.8589913262892,49.194789825909,50.1792681198919,49.9258863377348,51.5979604962927,68.9204647504068,61.7958689170141,66.5424935139899,96.5717194451959,97.3995099158658,95.328142313847,91.1798643001281,85.502515521961,84.962131300491,89.7031643335562,88.5198544386906,84.8364040017663,65.0695656943665,65.8979138631507,71.2074360604848,60.8719081273253,59.2157369809337,62.1690085762234
54.8242624321022,54.6401954584968,55.6171040394675,53.4207689566513,53.7278617815615,56.4565252000065,57.1102713271021,54.9363605515381,64.8285495818598,68.1857922919974,93.6903741907425,58.9050696027573,59.1267225125289,61.1283535197583,63.922715305993,64.7965303540745,25.6266526550913,27.6715406628618,0,22.7750380761946,47.3360109146453,51.0930413123435,48.7818961393793,76.5106134104059,104.830487155362,117.450450427505,71.1907511140388,71.5219575170243,68.2063602026411,62.7278799654537,61.6416043609791,65.9547792142161,76.5401544379882,54.2565030215005,66.1652660739216,65.4396300365206,57.5244722061089,81.6596493442458,81.6825086312903,83.4575331273655,81.0175092101775,81.5658989455324,82.6206920049304,82.0381237235844,87.3429403139783,87.4268207164518,94.1880546470903,86.7225815647945,92.6920818898894,87.694373619323,87.1294730082095,40.5701136116489,40.4636561686009,41.9778497124006,36.5260935692872,49.7010370441724,46.1044412395473,44.9840621105049,53.4893538810191,47.0542101472317,48.0120328952156,47.7374667869224,49.3863393053329,69.7430970537147,59.3543879007437,64.0805408478679,94.2877211955814,95.1165072225155,93.0446565401301,88.8958496178393,83.2009283090167,82.6604946518569,87.4047887299483,86.2216714458079,82.5319796910881,62.671156669317,63.5043982193888,68.8884740229988,58.4979085085599,56.9582803800825,59.4416868318591
52.1817969763582,52.0359121812408,52.9883360998048,50.8038077694631,51.1505926544301,53.8403051157742,54.5043529696026,52.3518783591307,62.9772175138741,66.3291024363602,90.9799829543065,57.2141795654135,57.4134292058719,59.361237555888,61.1511809062951,62.0516573300173,26.3949190160997,23.5800191200279,22.7750380761946,0,44.2036799396474,48.0013543033622,45.691150548259,73.9380928773997,102.054287144448,114.685714356697,68.6972810224933,69.0037223212111,65.3655417128824,60.5252810383874,59.4299145155285,63.8600633223198,73.778097063209,51.2517062957218,63.4316973180025,62.7073586665697,55.9261375496075,78.9357468101908,78.9569472791565,80.7330489708546,78.3033248780031,78.8518479997334,79.9080581420661,79.3255430748785,84.6268427268476,84.7078248477448,91.4708471511742,84.0048562533549,89.974568461586,84.9771097324751,84.4090786394913,36.3729489989292,36.5108137373754,37.897744158674,32.1521460309832,46.1261920720643,42.5399332698604,41.3631973391582,50.8342092024219,44.0251061204053,45.0222578866023,44.7651864420264,46.4520411942679,68.7582169954887,56.8192962274368,61.6210164136453,91.5520770039946,92.3793592634279,90.3082320238558,86.1602184397015,80.492093934241,79.951712890059,84.6910507341939,83.5076159918275,79.8275368428056,60.0988996706134,60.92587942584,66.202026849794,55.8684724068363,54.127197444283,57.5112967417395
36.5755675923792,37.0698074514351,37.3298689836893,35.9872162484493,36.9213927076952,38.1629456646587,38.8123120455508,37.2013570725458,54.9392186466095,58.2232023960044,73.3516671240901,50.573780566023,50.5938684195017,52.0544562246618,42.6439891491874,43.893247034279,46.4585968923575,49.388223460962,47.3360109146453,44.2036799396474,0,20.2393863311076,15.2071037134095,57.955201949998,83.7215395268847,96.4695758096572,53.6916536594411,53.6974281893386,46.0503946743557,49.0360107583323,47.8554496414423,53.4273130369164,55.5602514848437,27.6142696506888,45.4074690396802,44.6891589454403,50.0704678247233,61.1509139232917,61.1539244134334,62.9430809792701,60.6260233271948,61.1768441288828,62.2483777926238,61.6672366248395,66.9325001962298,66.980784152482,73.7646653488804,66.2920007005303,72.2651955254303,67.2696919854071,66.6664700559931,33.1998487059653,30.9292059429593,32.374957636139,34.0526220870453,30.9151311665442,27.2914317680384,27.73172844144,34.0148090597755,17.9324216465821,20.6365616119924,21.7563364853811,24.4041142747829,81.9718511540332,41.758018019506,47.120716234115,73.6420324372659,74.4529532001788,72.3895694316851,68.2500761987867,62.8789147359859,62.3387699688543,67.0232687288475,65.8359294258444,62.2642625560313,44.1717510477016,44.9072638704913,48.7970915555318,39.2437235138762,34.0671159284455,48.9009309606738
39.2663452401973,39.8089358151676,39.8808027324387,38.8742825148004,39.8221132308076,40.59280711136,41.1374118970996,39.6994483436657,57.7393689088746,61.012126223929,74.3519960363082,53.4747694544297,53.4863716508513,54.906151146167,43.4018097435418,44.7720806612915,50.2429611485926,53.1599084244909,51.0930413123435,48.0013543033622,20.2393863311076,0,15.4509553045796,59.4781297821949,84.4883294447462,97.2764747504818,55.4480347609818,55.3910744471595,46.4715191637389,51.484215388258,50.2980852269571,55.9743134854297,56.372433101219,24.865713384757,46.3371502807736,45.6277479789031,53.0233512425876,62.103273485793,62.1002912031846,63.8932740550999,61.6135332109082,62.16474775992,63.2414647744688,62.6604232877699,67.912651035102,67.9505691467215,74.740777618028,67.2663445795736,73.2401895358749,68.2456633098167,67.6312350840944,37.1933585897358,35.0196000459415,36.3322533490323,38.0413559072321,34.2788347270081,31.0208413593159,31.7039638722289,35.9161463881331,22.3489188021102,23.6973494524872,25.4373461452754,27.3863617363064,85.5750983429772,43.9302459423943,49.0834691345995,74.5521218562457,75.3576635644008,73.2968630415369,69.1602052649403,63.885188769694,63.3452871354195,68.0118680163411,66.8234318929342,63.2862742777063,45.8463882083099,46.5403675724769,49.9075472978827,40.9415956240247,35.3069495152352,51.6963566604681
37.022841451245,37.5706381262934,37.70063513662,36.5764523080328,37.5396647933897,38.4711834047848,39.0683030985426,37.5673230353125,55.621620329866,58.8986105288849,73.0507695395504,51.3276451369271,51.3411175076116,52.7736289788307,42.2026667644899,43.5082295515004,47.9198326290489,50.8579727958146,48.7818961393793,45.691150548259,15.2071037134095,15.4509553045796,0,57.8824452066861,83.334738935111,96.0961459791882,53.7426323196543,53.71320776644,45.4838996876192,49.4819568317922,48.296895521773,53.9423648977417,55.1820765286305,25.5052765037054,45.0428592719147,44.325297229402,50.8615931688346,60.82950085526,60.8302186923824,62.6211509509122,60.3182850276681,60.8694733376206,61.9429273157649,61.3620310455765,66.6229744579954,66.6670533103627,73.4536795697698,65.9800803653778,71.9538236853938,66.9584923575652,66.3507570198867,34.9323369215597,32.7229340426396,34.1228825213137,35.7144661418355,32.4922990528052,29.0755537764638,29.6124748814173,34.018886156027,18.2326452412398,20.1814966474117,22.1286864019051,24.4274884006885,83.2964410621511,41.9689145800344,47.2660351606449,73.305280942898,74.1141658850289,72.0517296349724,67.9132829740493,62.579770264165,62.0396272779494,66.717153962296,65.5292842238092,61.9715839787641,44.1461703992422,44.8633253905034,48.5250817660478,39.1814398530881,33.5132969826111,49.5741364926504
59.8498882189664,59.8742642906967,59.5066742870784,59.8411668135557,60.2726999944773,59.2450750319859,58.8387291120567,57.9929835136199,72.5319913527693,75.6432934834974,78.0777038230136,69.4238039177125,69.3532621716554,70.2760444112837,54.593581863366,53.2944075216991,75.8303220094709,78.8999443280133,76.5106134104059,73.9380928773997,57.955201949998,59.4781297821949,57.8824452066861,0,93.6678870922843,105.548612324624,48.6013957883479,45.1026695405076,62.8668194876627,62.1758300469557,61.0013093403642,67.5020034836047,64.6818869523565,59.1404653129045,53.8947462873528,53.3061444830118,69.5700171659302,67.0052861914748,67.1454949344946,68.8407107031796,65.6660684961038,66.204364614654,67.1561493576509,66.5697857502812,72.1289664596263,72.4181418437842,79.0531161036217,71.6238854025126,77.578870911942,72.5630574450718,72.2197135479576,66.1231064908092,64.2098266595041,65.7944470395827,65.866765628657,66.0200505552871,62.8698979484549,63.0411147833493,52.3365187666985,56.3607467598705,56.3570248316089,56.5422057166686,57.1357296688679,109.491396334193,57.8587119657578,53.2163983204997,80.4420292524707,81.3746272022426,79.253486830958,75.0504352150849,67.4663795207746,66.9208368837246,72.0233152085929,70.8621828454093,66.4789426606995,49.1563146932368,48.336834950932,51.3259222999859,53.1191891425843,59.2257906549211,66.6517996837929
89.2437167897822,89.5564097111341,89.1430859167615,89.2919753832414,89.9740257209266,89.1445111380016,89.0078467961593,88.1623001085915,105.01907299394,108.199345856408,86.7187451571423,101.447373739502,101.407690874137,102.5333773379,73.381183702501,73.0853304103749,104.091314742533,107.087091808923,104.830487155362,102.054287144448,83.7215395268847,84.4883294447462,83.334738935111,93.6678870922843,0,68.0606361451865,92.644886630018,91.9674345220657,80.0427162235426,96.3385266499401,95.150229210542,101.35135993744,64.807537049818,83.2077933849654,75.3192876431676,75.525750872222,101.354159477827,72.055393028522,71.4187952329146,73.1281617332781,74.8877440448134,75.2266245987392,76.8968662666372,76.0925228704241,79.1409505044444,78.3285967240588,85.389747711686,78.0712315954957,83.6979559914954,79.100556909872,77.5202556034372,93.0600840728023,91.1042497016475,92.479978653388,93.2759883089184,91.3580633480141,88.5364306081057,89.0431759421932,82.2612579355571,82.6079456673074,82.6929018926045,83.2051171518859,83.9199764663775,138.382271473675,89.6453216278477,90.427728742607,77.6350918694353,77.6276964706379,76.068704013121,72.4467059787256,77.4906501348737,77.0759559275659,79.9549474764757,78.783231526738,78.0475641359102,85.644844147723,85.6286344296707,77.399412693242,84.3804665721421,85.9581373201344,99.0453732339196
101.772546939781,102.073952257692,101.656836666315,101.823841359034,102.495436969623,101.642553623814,101.490241344399,100.651059807603,117.417177931809,120.593941259943,96.0219491645432,113.869240782846,113.827939866395,114.943228948086,85.8929778102919,85.3084753969142,116.714077961046,119.71487695693,117.450450427505,114.685714356697,96.4695758096572,97.2764747504818,96.0961459791882,105.548612324624,68.0606361451865,0,104.636649110866,103.941719312963,93.0957118863865,108.656051558351,107.468754160649,113.681177750264,77.0723023058791,96.0325886318068,87.468079798372,87.7032807235728,113.788410344559,81.2748785007909,80.5133260472127,82.0787406065663,84.7053339610842,84.9678887043045,86.7643010115883,85.8858146616777,88.3095328450106,87.3287267997524,94.3769275739831,87.1687291012694,92.6169226983914,88.1866269683317,86.4035052587452,105.759484353743,103.804958551134,105.195109525812,105.946631769913,104.160760285908,101.314477932191,101.798906394173,94.7341528238453,95.3175563242288,95.3917309985279,95.8867655119782,96.5889778310098,150.971696344197,102.055269519593,102.641757351087,84.0488279282122,83.6395240180386,82.4026668298013,79.0822741067738,87.1763711406941,86.8015548708684,89.2722772541517,88.125659201402,87.9399574212302,97.8614687217421,97.8177659007103,89.1379524583717,96.7749270191498,98.5887092680309,111.448115837839
54.8004982900711,54.6714013014039,54.4486043235245,54.6531477398154,54.9544692017795,54.1744133557868,53.7566364780529,52.7560538230552,65.3093466744806,68.378260228279,77.6144767983933,62.4332602194704,62.3509514114498,63.1650856861351,53.2222288890994,52.4068198119417,70.5418966642393,73.6258622088375,71.1907511140388,68.6972810224933,53.6916536594411,55.4480347609818,53.7426323196543,48.6013957883479,92.644886630018,104.636649110866,0,31.0826739834005,60.7876641635848,54.1111625145637,52.9669016499776,59.508340848484,63.7982177467477,55.4583743099236,53.1984125287579,52.5728608731017,62.6999101083295,66.4919581372352,66.6157978925524,68.3128467717326,65.2487171848985,65.7802205835067,66.7510898557924,66.1569501166755,71.6500131679906,71.9199682240418,78.5595408087038,71.1356643569245,77.0806159847534,72.0754959972009,71.7102911502548,61.3126535330127,59.4269820380648,61.059820680624,60.9057989450245,61.6605204683269,58.4457537083107,58.529955729013,47.7758126927082,52.0555504204414,52.080713465321,52.1666713604324,52.7880031752227,103.920800232197,52.3019190707512,44.3983829309414,79.802904458832,80.7225479248699,78.608123878065,74.4123926538865,67.0493513199918,66.5091964318848,71.5609516063167,70.4014940120706,66.0941223365736,45.467000451468,45.3940197605802,52.1496801583488,48.8721153057442,55.289687126797,59.5278050116932
54.968873049623,54.8860068864617,54.6076143129166,54.874185636072,55.2154220504845,54.323939436768,53.8951431188136,52.9565510507963,66.2767158145141,69.3621041595447,76.8691425805057,63.32120820412,63.2421063375189,64.0952943481084,52.5498000826773,51.6414286044041,70.8622878878296,73.9433631719048,71.5219575170243,69.0037223212111,53.6974281893386,55.3910744471595,53.71320776644,45.1026695405076,91.9674345220657,103.941719312963,31.0826739834005,0,60.2720178233915,55.3380638992566,54.1759247064284,60.7545385416345,63.0882760147828,55.3071470436728,52.3888145790221,51.7614599816309,63.545979249289,65.739462021771,65.8654292963239,67.563840592738,64.4841804768886,65.0179124011496,65.9856007967889,65.3938191182759,70.9003358194417,71.1712524310098,77.8123418953908,70.3860805298473,76.3342934753628,71.3264597648125,70.962624334551,61.4872311015795,59.5921999444106,61.2126496511503,61.1242630643024,61.7082896779905,58.5095698281469,58.6174525604372,47.7303120024457,52.064196786141,52.0770057571935,52.1887436711238,52.7967006104463,104.334112810123,52.5205279948624,45.2877960215394,79.0694181089251,79.9905606056624,77.8752426585793,73.678553432347,66.2935013878594,65.751916153668,70.8102310741308,69.6497939564973,65.3362260271893,44.6108240058664,44.2759133699154,51.0822096228618,48.6458457468508,55.1603077956735,60.4484384431911
52.7695202526176,53.2023693184208,52.7501221803237,52.8634972333152,53.6477032713142,52.8432162628835,52.8027932054793,51.9733422710781,69.8410214335246,73.0486196797361,71.9133139429784,66.1022477840519,66.0725671894116,67.2737376060508,37.1465752845995,40.8784987712842,67.4433502560585,70.4244385091071,68.2063602026411,65.3655417128824,46.0503946743557,46.4715191637389,45.4838996876192,62.8668194876627,80.0427162235426,93.0957118863865,60.7876641635848,60.2720178233915,0,61.736104228033,60.5357763208014,66.6824194310475,51.7669135318116,44.5213563067867,43.3757640406268,42.9519398043433,65.9222254401454,59.146537360454,59.0836699007232,60.9227630584526,59.0167710585895,59.5754939696627,60.7042782050372,60.1273355061446,65.2591342262605,65.1898490914257,72.0488628669546,64.5520368795784,70.5380772007178,65.5493385547219,64.819710236018,56.0116231262349,54.0290772078998,55.3681336651313,56.3557877535086,53.9457344250654,51.1512666895771,51.7280227339515,45.9395776261216,45.0036599582426,45.0703350429798,45.7239070213304,46.4408672474538,101.955315759447,54.0403898539982,56.5814756554252,71.2092853715286,71.9643567934931,69.9264777069107,65.8153476880103,61.499782055009,60.9612417903258,65.445496112416,64.2443348832537,61.0666944405239,51.6706223150446,51.9111336009931,48.992931903047,48.6626707815557,48.2066436618886,63.8177475563627
