0.0163678 0.139757 0.0138079 0.754142 0.0759247
0.00272388 0.0491192 0.0347126 0.823998 0.089446
0.0162138 0.199884 0.0244048 0.697937 0.0615598
0.0145571 0.0377245 0.0064059 0.803651 0.137661
0.0747314 9.9982E-05 0.00356334 0.921505 9.9982E-05
0.070153 0.0396269 9.9991E-05 0.801113 0.089007
0.0193791 0.0456894 9.9991E-05 0.781127 0.153705
9.9982E-05 9.9982E-05 0.0421835 0.74527 0.212347
0.0945896 0.187037 0.0220893 0.658429 0.0378544
9.999E-05 0.272705 0.0413741 0.514713 0.171108
0.0323477 0.0592556 0.0559811 0.314047 0.538369
0.020402 0.289941 0.0428175 0.45966 0.18718
0.0653399 0.0725603 0.051345 0.0891027 0.721652
0.0734056 0.21809 0.0109602 0.509413 0.188132
0.0963129 0.217735 0.029289 0.656563 9.9991E-05
9.999E-05 0.0980271 0.0193167 0.641907 0.240649
0.0405124 0.200546 9.9991E-05 0.706585 0.0522563
9.9982E-05 0.0876867 0.0289818 0.883132 9.9982E-05
0.125618 0.56062 0.0553692 0.0970069 0.161386
0.011197 0.691834 9.9991E-05 0.137885 0.158985
0.016169 0.710181 0.0232923 0.250258 9.9991E-05
0.0451284 0.867725 9.9982E-05 9.9982E-05 0.0869466
0.0156933 0.930547 0.0281485 9.9991E-05 0.0255108
9.999E-05 0.774869 0.0427311 0.178512 0.00378793
9.9982E-05 0.688029 9.9982E-05 0.15521 0.156562
9.9982E-05 0.949252 0.0121251 0.0384227 9.9982E-05
0.0726673 0.906305 0.0208274 9.9982E-05 9.9982E-05
0.0732862 0.894848 0.0316661 9.9982E-05 9.9982E-05
0.0390148 0.911959 0.00195588 0.0469706 9.9991E-05
0.0962667 0.889049 9.9991E-05 0.0141118 0.000472458
0.0198832 0.951268 0.00385064 9.9991E-05 0.0248982
0.0607552 0.824496 0.0293323 0.0823982 0.00301856
0.0059838 0.873733 0.0535895 0.0229246 0.0437689
9.9991E-05 0.172853 0.0591152 0.50184 0.266092
0.0434157 0.314058 0.0159292 0.618301 0.00829619
0.123456 0.136928 9.9991E-05 0.715352 0.0241646
0.0352861 0.0685696 0.0405741 0.72792 0.12765
0.0823825 0.119312 9.9991E-05 0.522071 0.276135
9.997E-05 9.997E-05 0.9996 9.997E-05 9.997E-05
0.00520643 0.788791 0.0207256 9.9991E-05 0.185177
0.129177 0.17334 9.9982E-05 0.697283 9.9982E-05
9.9982E-05 0.196301 9.9982E-05 0.622504 0.180995
0.152644 0.287973 9.9991E-05 0.322378 0.236905
0.141738 0.0966546 0.0598409 0.111049 0.590718
9.9982E-05 0.00703872 0.0240735 9.9982E-05 0.968688
9.997E-05 9.997E-05 0.9996 9.997E-05 9.997E-05
9.9991E-05 0.190155 0.083829 0.389787 0.336129
0.0728213 0.126537 9.9991E-05 0.307474 0.493068
0.0789929 0.38404 0.0236981 0.341085 0.172184
0.725782 0.0709092 0.0360352 9.9991E-05 0.167174
0.732045 0.00203433 0.0497825 9.9991E-05 0.216038
0.816184 0.00870405 9.9982E-05 0.174912 9.9982E-05
0.696832 9.9991E-05 0.0314496 0.0229622 0.248657
0.824877 0.0883954 0.0481055 0.0385217 9.9991E-05
0.868544 0.0504853 9.9982E-05 0.0807708 9.9982E-05
0.747998 9.9973E-05 9.9973E-05 0.251702 9.9973E-05
0.81003 0.0552901 0.00132678 0.0241581 0.109195
0.866296 0.0832491 0.0502549 9.9982E-05 9.9982E-05
0.76786 9.9991E-05 0.0516232 0.130588 0.049828
0.606018 9.9991E-05 0.0324204 0.126476 0.234986
0.826874 0.101339 9.9982E-05 9.9982E-05 0.0715864
0.713976 0.0768992 9.9991E-05 0.0179947 0.19103
0.360422 0.000774686 0.0928878 0.00980451 0.536111
0.0442618 0.810413 0.0180277 0.0957243 0.0315729
0.0345911 0.734006 0.0518127 0.179491 9.9991E-05
9.9982E-05 0.810844 0.0254091 0.163547 9.9982E-05
0.665777 0.0465361 0.0148727 0.108881 0.163933
0.521755 9.9982E-05 0.0781512 9.9982E-05 0.399894
0.748379 0.072115 0.0212169 0.0305127 0.127776
0.697741 0.00762612 0.0206026 9.9991E-05 0.273931
0.82133 9.9982E-05 0.0461988 0.132271 9.9982E-05
0.099504 9.9991E-05 0.0164453 0.240569 0.643382
0.0505081 0.0243223 0.0205992 0.0441235 0.860447
0.0537766 9.9973E-05 9.9973E-05 9.9973E-05 0.945924
9.9973E-05 9.9973E-05 0.0241301 9.9973E-05 0.97557
9.9982E-05 0.096238 0.0274051 9.9982E-05 0.876157
9.9982E-05 0.0221468 0.0319453 9.9982E-05 0.945708
0.0179374 0.09395 0.0353235 0.0462932 0.806496
0.633608 9.9982E-05 9.9982E-05 0.0632225 0.302969
0.483186 0.0137453 0.105915 0.102957 0.294198
0.716226 0.0442824 0.030458 9.9991E-05 0.208934
0.77514 0.0902163 0.052249 9.9991E-05 0.082295
0.750195 9.9991E-05 0.0282722 0.189369 0.0320629
0.0449449 0.749277 0.0160761 0.0349387 0.154763
0.257674 0.11076 9.9991E-05 0.0226845 0.608782
0.104037 9.9982E-05 9.9982E-05 0.0385381 0.857225
9.997E-05 9.997E-05 0.9996 9.997E-05 9.997E-05
9.99854E-05 0.219065 9.99854E-05 0.695525 0.0852107
9.9991E-05 0.138396 0.0300428 0.757168 0.0742936
9.9991E-05 0.153376 0.0486314 0.566425 0.231468
0.0518982 0.306556 0.0576626 0.338361 0.245523
0.0252136 0.106251 9.9991E-05 0.758042 0.110393
0.126045 9.9982E-05 0.00335223 9.9982E-05 0.870403
9.9991E-05 0.626577 0.0461185 0.131163 0.196042
0.165422 9.9991E-05 0.0692935 0.0947418 0.670442
0.0212664 0.301275 0.0144641 0.263259 0.399735
9.9982E-05 0.234187 0.0175219 0.748091 9.9982E-05
9.9982E-05 0.0731441 9.9982E-05 0.632167 0.294489
9.9982E-05 0.155741 9.9982E-05 0.572675 0.271384
0.0713811 0.0446275 0.0219301 0.661826 0.200235
9.9991E-05 0.00600831 0.0180135 0.587759 0.388119
9.9982E-05 0.125051 9.9982E-05 0.597468 0.277281
0.212124 0.0275223 0.0497159 0.0659194 0.644718
0.148881 0.0704185 0.0642644 0.13098 0.585456
0.182884 0.0424703 0.0835049 0.033283 0.657858
9.9991E-05 0.240279 0.00614618 0.149971 0.603504
0.0644751 0.140095 9.9991E-05 0.200913 0.594417
0.100256 0.428707 9.9982E-05 0.470837 9.9982E-05
0.781945 9.9982E-05 0.0205064 0.197349 9.9982E-05
0.721757 0.0067817 0.0241686 9.9991E-05 0.247193
0.165157 0.206902 0.00697013 0.0402444 0.580727
0.137349 0.128407 0.0310251 0.203646 0.499573
0.131434 0.327303 0.0561548 0.0186661 0.466442
9.9973E-05 0.734121 9.9973E-05 9.9973E-05 0.265579
0.658691 0.0860278 0.0431828 9.9991E-05 0.211998
0.662043 0.0242108 9.9991E-05 0.0078562 0.30579
0.484345 9.9982E-05 9.9982E-05 0.069412 0.446043
0.0395489 0.502553 0.0517841 0.305629 0.100486
0.0556166 0.255065 0.0271662 0.662052 9.9991E-05
0.0313592 0.0151708 0.0476146 0.775272 0.130584
0.0989428 0.0450112 9.9982E-05 0.855846 9.9982E-05
9.9982E-05 0.440835 9.9982E-05 0.497372 0.0615931
9.9991E-05 0.140604 0.0133884 0.724216 0.121691
0.0357142 0.0946353 9.9991E-05 0.840084 0.0294662
0.0679453 0.0185388 0.00560239 0.900753 0.00716034
0.0198732 0.323314 9.9991E-05 0.524969 0.131744
9.9982E-05 0.162263 9.9982E-05 0.697494 0.140042
9.9991E-05 0.187791 0.0406084 0.57022 0.20128
9.9991E-05 0.216553 0.0141979 0.679376 0.0897737
0.0563227 0.287305 0.00282991 0.48196 0.171582
0.0391306 0.0973964 0.0333897 0.739756 0.0903269
0.0202204 0.259428 0.00496879 0.490523 0.22486
0.051115 0.0922524 0.0123828 0.789446 0.0548033
9.9973E-05 0.872847 9.9973E-05 9.9973E-05 0.126853
9.9982E-05 0.925035 9.9982E-05 0.0184947 0.0562706
9.9973E-05 0.972518 0.0271824 9.9973E-05 9.9973E-05
0.0706349 0.813101 9.9982E-05 0.116064 9.9982E-05
0.0505051 0.842326 0.0182821 0.0213623 0.0675242
0.0710733 9.9991E-05 0.00906615 0.649037 0.270723
9.9991E-05 0.16886 0.0267595 0.666483 0.137797
0.90084 9.9973E-05 9.9973E-05 9.9973E-05 0.0988601
0.818172 0.0697158 0.0273295 0.0384883 0.0462943
0.877306 9.9982E-05 0.0193211 0.103173 9.9982E-05
0.575516 9.9982E-05 9.9982E-05 0.0862716 0.338012
0.88271 9.9982E-05 0.0275941 0.0894956 9.9982E-05
0.808607 0.176636 9.9982E-05 9.9982E-05 0.0145575
0.898835 9.9991E-05 0.0239024 0.0106579 0.0665047
0.799359 0.13672 9.9982E-05 9.9982E-05 0.0637211
0.827433 0.122312 9.9991E-05 0.0260218 0.024133
0.822902 0.123685 0.0132088 9.9991E-05 0.0401046
0.825417 9.9991E-05 0.0322546 0.0769805 0.0652475
0.795338 0.078808 0.0266974 0.0990567 9.9991E-05
0.811815 0.0349618 0.0265256 0.109751 0.016947
0.888347 0.0887509 9.9982E-05 0.0227024 9.9982E-05
0.797161 9.9982E-05 0.0197847 9.9982E-05 0.182854
0.898332 9.9982E-05 0.0179482 0.0835193 9.9982E-05
0.866908 0.0802544 0.0207471 0.0319402 0.000150099
0.107878 0.0612039 0.00487736 0.0520429 0.773998
9.9973E-05 9.9973E-05 9.9973E-05 0.129763 0.869937
0.851728 9.9982E-05 9.9982E-05 0.0380518 0.11002
0.713822 9.9991E-05 0.0167513 0.195277 0.0740497
0.799009 0.0265544 0.00674607 9.9991E-05 0.16759
0.0944256 9.9987E-05 9.9987E-05 0.0875949 0.81778
0.0260844 9.9991E-05 0.00511914 0.954227 0.0144698
0.00609251 0.268201 0.0179356 0.707671 9.9991E-05
9.9982E-05 0.440684 9.9982E-05 0.354215 0.204901
9.9982E-05 0.660974 9.9982E-05 0.209739 0.129088
9.9982E-05 0.789503 0.00181235 9.9982E-05 0.208484
0.0340936 0.877861 9.9991E-05 0.0666646 0.021281
9.9991E-05 0.816705 0.00744064 0.129955 0.0457988
0.0197015 0.78195 0.0306536 0.0568295 0.110865
0.0658277 0.744481 0.023299 9.9991E-05 0.166293
0.0957217 0.766914 0.0302589 0.107005 9.9991E-05
0.0231218 0.130744 0.0113042 0.799195 0.0356348
0.072613 0.0527492 0.0775042 0.705903 0.0912305
0.0165531 9.9991E-05 0.0179334 0.718042 0.247372
9.9982E-05 9.9982E-05 0.000613133 0.714839 0.284348
0.0110097 9.9991E-05 0.01964 0.803273 0.165977
9.9973E-05 9.9973E-05 9.9973E-05 0.612052 0.387648
9.9982E-05 0.217851 9.9982E-05 0.559475 0.222474
0.0574787 0.198696 0.024186 0.555692 0.163948
9.9991E-05 0.0663107 0.0323956 0.645921 0.255272
0.0268089 0.13731 0.00972951 0.585646 0.240506
0.0652648 0.114147 0.0335215 0.720497 0.0665693
0.105202 0.674701 0.157858 0.0621391 9.9991E-05
0.776642 0.041687 0.0288432 0.0118699 0.140958
0.80237 0.125697 0.0431959 9.9991E-05 0.0286375
0.788235 0.0205638 0.00283634 9.9991E-05 0.188265
0.685888 9.9991E-05 0.0175893 0.128407 0.168016
0.784153 0.0560898 0.0320288 0.127628 9.9991E-05
0.104321 0.287196 0.0172994 0.447023 0.14416
0.0322703 0.297217 0.0336661 0.550981 0.0858652
0.0198746 0.190932 0.0779042 0.696055 0.0152347
9.9991E-05 0.287409 0.0476036 0.468755 0.196132
