9.9973E-05 0.104855 0.201287 9.9973E-05 9.9973E-05 0.683884 0.0096745
0.0617864 9.9982E-05 0.0330297 9.9982E-05 0.216777 0.647478 0.0407287
9.9982E-05 0.146498 0.0384602 0.0444549 9.9982E-05 0.737749 0.0326379
9.9982E-05 0.0616833 0.192633 0.0191694 0.0965054 0.629809 9.9982E-05
9.9964E-05 9.9964E-05 9.9964E-05 0.0869442 0.00346461 0.909191 9.9964E-05
0.115792 9.9973E-05 0.0138021 9.9973E-05 0.110558 0.759548 9.9973E-05
0.102834 9.9973E-05 0.156363 9.9973E-05 0.21612 0.524383 9.9973E-05
9.9982E-05 9.9982E-05 0.175738 0.0123061 0.253976 0.531181 0.0265995
0.110251 0.0174849 9.9982E-05 9.9982E-05 0.721794 0.133708 0.0165619
9.999E-05 0.140097 0.102196 0.0639458 0.460448 0.226828 0.00638454
0.074278 9.9982E-05 0.407808 9.9982E-05 0.343983 0.136283 0.0374477
9.999E-05 0.197205 0.147937 0.0574895 0.382312 0.205903 0.00905367
0.0931921 0.0141309 0.640722 9.9982E-05 0.21081 9.9982E-05 0.0409456
9.9973E-05 0.0948975 0.0311142 0.147103 0.726586 9.9973E-05 9.9973E-05
0.0423337 0.10672 9.9991E-05 0.0646448 0.479397 0.272475 0.0343298
9.9973E-05 0.0300123 0.257663 9.9973E-05 0.524854 0.187171 9.9973E-05
0.0495245 0.136994 9.9973E-05 9.9973E-05 0.549077 0.264104 9.9973E-05
9.9973E-05 0.0260024 9.9973E-05 9.9973E-05 0.438032 0.511718 0.0239475
0.154588 0.477535 0.126906 0.0127727 0.159535 0.0350715 0.0335914
0.0137818 0.538995 0.140761 9.9973E-05 0.306162 9.9973E-05 9.9973E-05
9.9982E-05 0.654969 9.9982E-05 0.0848053 0.0853724 0.160075 0.0145786
9.9982E-05 0.783307 0.175817 0.0197376 0.00410458 9.9982E-05 0.0168339
0.0196062 0.894 0.0308811 9.9973E-05 9.9973E-05 9.9973E-05 0.0552133
0.0599019 0.659184 9.9982E-05 9.9982E-05 0.071487 0.17207 0.0371577
9.9973E-05 0.677872 0.0994147 9.9973E-05 0.147725 0.074688 9.9973E-05
0.0264907 0.794066 9.9973E-05 9.9973E-05 9.9973E-05 0.160434 0.0187095
0.0237945 0.847967 9.9973E-05 0.0971125 9.9973E-05 9.9973E-05 0.030826
0.0915007 0.798131 9.9973E-05 9.9973E-05 0.0874487 9.9973E-05 0.0226198
9.9964E-05 0.802435 9.9964E-05 0.0571518 9.9964E-05 0.140013 9.9964E-05
0.130799 0.774427 9.9964E-05 9.9964E-05 9.9964E-05 0.0943737 9.9964E-05
0.0416339 0.86876 0.0129041 0.0387245 0.037778 9.9982E-05 9.9982E-05
9.9982E-05 0.797022 0.0148267 0.0820036 0.0951937 9.9982E-05 0.010754
9.9973E-05 0.789556 0.0894286 9.9973E-05 0.0464144 9.9973E-05 0.0743012
0.0201323 0.141889 0.151722 9.9991E-05 0.280466 0.34909 0.0565996
0.0156306 0.21102 9.9982E-05 0.0156548 0.261676 0.495818 9.9982E-05
9.9982E-05 0.066946 0.121852 0.0665251 0.0308381 0.713639 9.9982E-05
9.9964E-05 9.9964E-05 0.250796 9.9964E-05 9.9964E-05 0.721693 0.0271105
0.098414 0.112379 0.172869 9.9991E-05 0.207029 0.390158 0.0190517
9.995E-05 9.995E-05 9.995E-05 9.995E-05 9.995E-05 9.995E-05 0.9994
9.9973E-05 0.710274 0.246277 0.0250722 9.9973E-05 9.9973E-05 0.0180768
0.152278 0.135478 9.9964E-05 9.9964E-05 9.9964E-05 0.711844 9.9964E-05
9.9973E-05 0.109502 0.159928 9.9973E-05 0.237138 0.493132 9.9973E-05
0.0741056 0.240504 0.302774 0.0783772 0.157115 0.137559 0.00956549
0.0802374 0.0896093 0.597787 0.0798369 0.113643 0.00460464 0.034282
0.0558722 0.0658278 0.815881 9.9982E-05 9.9982E-05 0.0457054 0.0165134
9.995E-05 9.995E-05 9.995E-05 9.995E-05 9.995E-05 9.995E-05 0.9994
9.999E-05 0.140023 0.191277 0.110275 0.252747 0.232481 0.0730963
0.158388 0.121851 0.297778 9.9982E-05 0.307433 0.114351 9.9982E-05
9.9991E-05 0.320064 0.192658 0.115194 0.189918 0.148097 0.0339698
0.825221 9.9973E-05 0.0407326 9.9973E-05 0.0923385 9.9973E-05 0.0414083
0.538386 9.9982E-05 0.0295686 0.311638 0.0927123 9.9982E-05 0.0274952
0.565946 9.9973E-05 9.9973E-05 0.26526 0.100508 0.0679857 9.9973E-05
0.517496 0.0359141 0.0495453 0.2827 0.068537 9.9991E-05 0.0457076
0.326011 0.063494 9.9982E-05 0.570476 0.0021291 9.9982E-05 0.0376901
0.600052 0.0168279 9.9973E-05 0.297086 0.0857337 9.9973E-05 9.9973E-05
0.200713 9.9964E-05 9.9964E-05 0.539987 0.2589 9.9964E-05 9.9964E-05
0.870975 9.9964E-05 9.9964E-05 9.9964E-05 0.126322 9.9964E-05 0.00230262
0.959574 0.016835 9.9964E-05 9.9964E-05 9.9964E-05 9.9964E-05 0.0231916
0.290752 9.9982E-05 9.9982E-05 0.592441 0.0595515 0.0436761 0.0133793
0.493864 9.9991E-05 0.140773 0.181665 0.0393285 0.12325 0.0210193
0.9994 9.995E-05 9.995E-05 9.995E-05 9.995E-05 9.995E-05 9.995E-05
0.428249 0.0209434 0.0914353 0.353596 0.0720596 0.0336162 9.9991E-05
0.210729 9.9982E-05 0.490075 0.133006 0.120471 9.9982E-05 0.0455196
9.9982E-05 0.681037 9.9982E-05 0.07583 0.123114 0.080893 0.0389262
9.9982E-05 0.758454 9.9982E-05 0.0644108 0.0661478 0.0720699 0.0387173
9.9973E-05 0.783289 9.9973E-05 9.9973E-05 0.0331851 0.174134 0.00909186
0.442539 9.9973E-05 0.141051 0.314204 0.101906 9.9973E-05 9.9973E-05
0.107593 0.0208538 0.361933 0.435997 9.9991E-05 0.0128629 0.0606602
0.186368 9.9991E-05 0.134585 0.598199 0.0451345 0.0343652 0.00124857
0.452054 9.9973E-05 0.208998 0.289196 9.9973E-05 9.9973E-05 0.0494518
9.9973E-05 0.018863 9.9973E-05 0.933041 0.0254495 9.9973E-05 0.0223468
0.169759 9.9982E-05 0.578453 9.9982E-05 0.160605 0.0868592 0.00412442
0.133535 9.9973E-05 0.519563 9.9973E-05 0.336182 9.9973E-05 0.0104196
0.0970802 9.9964E-05 0.787235 9.9964E-05 0.115285 9.9964E-05 9.9964E-05
9.9955E-05 9.9955E-05 0.971934 9.9955E-05 9.9955E-05 9.9955E-05 0.0275665
9.9973E-05 0.116753 0.80634 0.042727 9.9973E-05 9.9973E-05 0.0338799
0.025306 9.9973E-05 0.948379 9.9973E-05 0.00379135 9.9973E-05 0.0222234
0.103348 0.0885734 0.680877 9.9982E-05 9.9982E-05 0.113408 0.0135931
0.367425 9.9973E-05 0.166452 0.291795 0.174028 9.9973E-05 9.9973E-05
0.162793 9.9982E-05 0.218736 0.340416 9.9982E-05 0.162946 0.114909
0.558973 0.0180283 0.0476217 0.271258 9.9991E-05 0.0831615 0.0208572
0.54814 0.0221394 9.9982E-05 0.285489 0.109481 9.9982E-05 0.0345504
0.124463 9.9973E-05 9.9973E-05 0.623928 0.235348 9.9973E-05 0.0159608
9.9982E-05 0.620581 0.164823 0.0736281 0.121085 9.9982E-05 0.0196831
0.202996 0.0817247 0.497599 0.122477 9.9982E-05 0.0950036 9.9982E-05
0.125234 9.9973E-05 0.805065 0.0264521 9.9973E-05 0.0429496 9.9973E-05
9.995E-05 9.995E-05 9.995E-05 9.995E-05 9.995E-05 9.995E-05 0.9994
0.0238006 0.149604 0.0636281 9.9991E-05 0.136372 0.618287 0.00820829
0.00871426 0.138195 0.0629845 9.9991E-05 0.165034 0.600187 0.0247847
0.072884 0.0746442 0.105935 9.9991E-05 0.583941 0.139547 0.0229484
0.0395266 0.209071 0.211335 0.0471788 0.413063 0.0388463 0.0409791
0.00198546 0.0268492 0.03332 0.0761145 0.403333 0.458298 9.9991E-05
0.255852 0.0193758 0.684033 9.9982E-05 0.021875 0.0186644 9.9982E-05
0.12546 0.465238 0.0397817 9.9991E-05 0.123964 0.20186 0.0435966
9.9973E-05 9.9973E-05 0.653817 0.204825 9.9973E-05 0.0864064 0.0546509
9.9982E-05 0.240244 0.31218 0.100242 9.9982E-05 0.320969 0.0261659
0.0151118 0.0988509 9.9973E-05 9.9973E-05 0.503419 0.382318 9.9973E-05
9.9973E-05 0.0243318 0.267917 9.9973E-05 0.182939 0.524513 9.9973E-05
0.0187037 0.106485 0.196606 9.9982E-05 0.454806 0.223199 9.9982E-05
9.9955E-05 9.9955E-05 9.9955E-05 0.0924334 0.907067 9.9955E-05 9.9955E-05
9.9964E-05 0.0718165 0.373776 9.9964E-05 9.9964E-05 0.554008 9.9964E-05
9.9955E-05 9.9955E-05 0.0960844 9.9955E-05 0.903416 9.9955E-05 9.9955E-05
0.183201 9.9982E-05 0.591593 0.0479461 9.9982E-05 0.143524 0.0335358
0.0364419 0.0712807 0.553553 0.179395 0.0694758 0.023343 0.0665107
0.0565159 0.00387217 0.574852 0.217544 0.0245388 0.0546234 0.0680543
9.9973E-05 0.156189 0.524252 9.9973E-05 0.306386 9.9973E-05 0.0128723
0.129604 0.111612 0.446663 9.9982E-05 0.28764 0.0242814 9.9982E-05
9.9973E-05 0.368673 9.9973E-05 0.0919602 0.211176 0.327891 9.9973E-05
0.285257 9.9973E-05 9.9973E-05 0.552096 0.0444049 0.117942 9.9973E-05
0.0641938 0.0290644 0.147427 0.706425 0.0312068 9.9991E-05 0.0215828
0.293299 0.151056 0.454657 9.9982E-05 9.9982E-05 0.099851 0.000936867
0.33873 0.0397028 0.199733 9.9982E-05 0.401994 9.9982E-05 0.0196396
0.278981 0.212922 0.29019 9.9982E-05 9.9982E-05 0.185919 0.0317879
9.9955E-05 0.743978 0.255522 9.9955E-05 9.9955E-05 9.9955E-05 9.9955E-05
9.9964E-05 9.9964E-05 0.340141 0.641674 9.9964E-05 9.9964E-05 0.0177846
0.517249 9.9973E-05 0.177673 0.219583 0.0851952 9.9973E-05 9.9973E-05
0.239363 9.9982E-05 0.392664 0.248514 0.0563945 0.0628644 9.9982E-05
0.0172303 0.404602 0.130951 0.0100283 9.9991E-05 0.364356 0.0727329
0.0691442 0.21275 9.9991E-05 0.00315316 0.076434 0.633313 0.00510555
9.9982E-05 9.9982E-05 0.175445 0.0793625 0.100416 0.639031 0.00554473
0.0515541 0.0286895 9.9982E-05 0.0992381 0.164529 0.65579 9.9982E-05
9.9973E-05 0.315611 9.9973E-05 0.0435393 0.193825 0.446725 9.9973E-05
9.9991E-05 0.0914794 0.0182161 0.0567994 0.170831 0.648088 0.0144862
9.9973E-05 0.0627528 0.0836571 0.0460677 9.9973E-05 0.807223 9.9973E-05
0.0778295 9.9964E-05 9.9964E-05 9.9964E-05 0.205062 0.716709 9.9964E-05
9.9982E-05 0.30095 0.0930288 0.0681928 0.205639 0.331989 9.9982E-05
9.9964E-05 9.9964E-05 9.9964E-05 0.0875408 0.839901 0.0721582 9.9964E-05
9.9973E-05 0.0325751 0.00836576 9.9973E-05 0.948832 9.9973E-05 0.00992711
9.9964E-05 9.9964E-05 0.0834258 9.9964E-05 0.875481 0.0406937 9.9964E-05
0.15124 0.219597 0.0510798 9.9982E-05 0.241249 0.336635 9.9982E-05
9.9973E-05 9.9973E-05 9.9973E-05 0.0617334 0.802985 0.118066 0.0169161
9.9982E-05 0.162316 0.118343 0.0307288 0.682573 9.9982E-05 0.00583925
0.0361461 9.9973E-05 9.9973E-05 0.0303135 0.226099 0.707142 9.9973E-05
9.99551E-05 0.812844 0.186656 9.99551E-05 9.99551E-05 9.99551E-05 9.99551E-05
9.9964E-05 0.832492 0.0569608 9.9964E-05 9.9964E-05 0.110147 9.9964E-05
9.9964E-05 0.777574 9.9964E-05 9.9964E-05 0.192608 9.9964E-05 0.0294183
0.0747531 0.688913 9.9991E-05 0.0367483 0.161297 0.0373561 0.000832501
0.0847391 0.677259 0.0312187 9.9982E-05 9.9982E-05 0.188111 0.0184724
0.111678 9.9991E-05 0.12996 0.0323626 0.147368 0.577453 0.00107798
9.9973E-05 0.0630509 0.187125 9.9973E-05 9.9973E-05 0.70842 0.0411039
0.733115 9.9955E-05 9.9955E-05 0.266385 9.9955E-05 9.9955E-05 9.9955E-05
9.9973E-05 0.00080772 9.9973E-05 0.881851 0.110308 9.9973E-05 0.0067336
0.0794085 0.0420539 9.9973E-05 0.853352 9.9973E-05 0.0248858 9.9973E-05
9.9964E-05 0.0194717 0.275197 0.704932 9.9964E-05 9.9964E-05 9.9964E-05
0.211939 9.9982E-05 9.9982E-05 0.740821 0.018206 0.0187352 0.0100992
0.174167 0.134387 0.0137949 0.671584 0.00586838 9.9982E-05 9.9982E-05
0.0566915 9.9982E-05 0.00094152 0.919711 9.9982E-05 0.0214335 0.00102202
0.752505 0.0721878 9.9973E-05 0.138894 9.9973E-05 0.0361134 9.9973E-05
0.497271 0.0562169 9.9973E-05 0.413714 9.9973E-05 0.0324977 9.9973E-05
0.501475 0.0549225 0.0248091 0.40008 9.9982E-05 9.9982E-05 0.0185137
0.0338945 9.9973E-05 0.123983 0.813003 9.9973E-05 9.9973E-05 0.0288197
0.0924255 0.0421371 0.0577803 0.742564 0.0102549 0.0219665 0.0328718
0.38992 0.0183341 9.9982E-05 0.43296 9.9982E-05 0.153117 0.00546873
0.391463 0.0524998 9.9982E-05 0.537178 9.9982E-05 0.00532655 0.0133326
0.385268 9.9973E-05 0.0564465 0.489725 9.9973E-05 0.0682602 9.9973E-05
9.9964E-05 9.9964E-05 9.9964E-05 0.94046 9.9964E-05 0.0572744 0.00186531
0.231645 0.0625542 0.00930725 0.695695 9.9982E-05 0.000598443 9.9982E-05
9.9973E-05 0.0119236 0.66434 0.196453 9.9973E-05 0.126983 9.9973E-05
9.9973E-05 0.028819 0.89953 9.9973E-05 0.0024449 0.0689059 9.9973E-05
0.316704 9.9973E-05 0.0471703 0.583992 9.9973E-05 0.0518345 9.9973E-05
0.444762 9.9991E-05 0.00399561 0.28835 0.136306 0.101458 0.0250283
0.9994 9.995E-05 9.995E-05 9.995E-05 9.995E-05 9.995E-05 9.995E-05
0.196846 9.9973E-05 0.604909 9.9973E-05 0.146213 0.0517329 9.9973E-05
9.9973E-05 9.9973E-05 9.9973E-05 0.0823383 0.066083 0.851024 0.00025448
9.9982E-05 0.133878 9.9982E-05 0.026585 0.225927 0.596159 0.017251
0.142278 0.421166 0.0518563 9.9973E-05 9.9973E-05 0.3844 9.9973E-05
9.9973E-05 0.534436 0.11477 9.9973E-05 0.209352 0.141142 9.9973E-05
0.0728412 0.737778 0.0879579 9.9982E-05 0.0831821 0.0180404 9.9982E-05
0.114413 0.777195 9.9973E-05 9.9973E-05 0.0205102 0.0875827 9.9973E-05
0.0445043 0.698231 9.9991E-05 0.00280182 0.123892 0.120066 0.0104042
0.0864306 0.636913 0.0301762 9.9982E-05 0.239429 9.9982E-05 0.00685082
0.0356736 0.658173 0.0602129 0.0426496 0.180105 9.9991E-05 0.0230859
0.0309933 0.652758 9.9982E-05 0.0518846 9.9982E-05 0.213501 0.0506634
9.9982E-05 0.0641534 0.058399 0.0369299 0.0350568 0.805261 9.9982E-05
0.129994 9.9964E-05 9.9964E-05 9.9964E-05 9.9964E-05 0.829587 0.0400182
0.0684298 9.9982E-05 0.163329 9.9982E-05 0.0949304 0.649486 0.0236241
9.9973E-05 9.9973E-05 0.414393 0.00612647 0.0272097 0.551971 9.9973E-05
9.9973E-05 9.9973E-05 0.31883 9.9973E-05 0.129284 0.536521 0.0150656
9.9973E-05 9.9973E-05 0.409203 0.0293981 0.0463439 0.514755 9.9973E-05
0.0251199 0.0980184 0.11663 9.9991E-05 0.693937 0.0617022 0.00449276
0.0899158 0.0802804 0.0229144 9.9982E-05 0.780955 9.9982E-05 0.0257341
9.9973E-05 9.9973E-05 0.0127431 0.0546377 0.881404 9.9973E-05 0.0509152
0.10306 0.132757 0.0202906 9.9991E-05 0.623331 0.118619 0.00184236
9.9982E-05 0.0222536 9.9982E-05 0.0758001 0.831007 0.0598982 0.0108407
9.9982E-05 0.633877 0.0103554 0.107916 0.12099 9.9982E-05 0.126662
0.731817 9.9982E-05 0.123004 0.0695952 0.034553 9.9982E-05 0.0408303
0.444602 0.0775034 9.9973E-05 0.432417 9.9973E-05 9.9973E-05 0.0451782
0.0682493 9.9973E-05 0.0125975 0.847902 0.0709515 9.9973E-05 9.9973E-05
0.128478 0.0237689 0.129254 0.636245 9.9991E-05 0.0739081 0.00824584
0.0223493 0.0549768 0.00488855 0.816827 9.9991E-05 0.0965613 0.00429702
0.113669 0.24208 0.0908452 0.0296208 0.363856 0.133572 0.0263569
0.0565738 0.181894 0.0135386 0.00543978 0.423779 0.301484 0.0172903
0.0194452 0.0329701 9.9982E-05 9.9982E-05 0.758807 0.134379 0.0541985
9.9982E-05 0.172623 0.263236 9.9982E-05 0.237694 0.274246 0.052001
