0.22155 0.0114072 0.767043
0.115898 9.9991E-05 0.884002
0.215615 0.00405336 0.780332
0.0779285 0.0147143 0.907357
0.0790974 9.9991E-05 0.920803
0.00420046 0.0289822 0.966817
0.0768736 0.0536399 0.869486
0.0423788 9.9991E-05 0.957521
0.237954 0.0542169 0.707829
0.304852 0.011956 0.683192
0.0661492 0.219024 0.714827
0.277008 0.0522227 0.67077
0.0764777 0.320835 0.602687
0.269438 0.103765 0.626797
0.277906 0.0284426 0.693651
0.0973389 0.0142988 0.888362
0.243231 9.9991E-05 0.756669
0.0807046 9.9991E-05 0.919195
0.623355 0.18841 0.188235
0.724789 0.00856167 0.266649
0.727914 9.9991E-05 0.271986
0.92196 0.0218398 0.0562004
0.974205 0.0256953 9.9991E-05
0.925871 0.0275018 0.0466271
0.675661 9.9991E-05 0.324239
0.992563 9.9991E-05 0.00733732
0.925025 0.0748755 9.9991E-05
0.885837 0.0721218 0.0420416
0.9998 9.999E-05 9.999E-05
0.856493 0.0478427 0.0956638
0.9998 9.999E-05 9.999E-05
0.89535 0.0621249 0.0425247
0.947908 9.9991E-05 0.051992
0.306786 0.0334907 0.659723
0.271289 9.9991E-05 0.728611
0.136357 0.0344066 0.829236
0.101122 0.0253522 0.873526
0.128357 0.127226 0.744417
0.642031 0.357869 9.9991E-05
0.844197 0.0899632 0.0658402
0.188988 0.0939984 0.717014
0.187075 9.9991E-05 0.812825
0.345505 0.186809 0.467686
0.182276 0.335443 0.48228
0.0480227 0.278357 0.67362
0.61388 0.370386 0.0157335
0.267345 0.114733 0.617922
0.124141 0.240793 0.635066
0.435165 0.138762 0.426073
0.0410428 0.841253 0.117704
9.9991E-05 0.887601 0.112299
0.0477377 0.847835 0.104427
0.0152678 0.819931 0.164801
0.128353 0.871547 9.9991E-05
0.0990699 0.90083 9.9991E-05
9.9991E-05 0.793338 0.206562
0.0584338 0.896828 0.0447384
0.0766382 0.923262 9.9991E-05
0.0482866 0.844967 0.106747
9.9991E-05 0.750415 0.249485
0.113388 0.886512 9.9991E-05
0.132635 0.776442 0.0909223
0.019741 0.569331 0.410928
0.81552 0.0169113 0.167569
0.852808 0.0251457 0.122047
0.915135 9.9991E-05 0.0847655
0.0822389 0.802412 0.115349
9.9991E-05 0.704158 0.295742
0.0985501 0.833685 0.0677649
0.103364 0.85113 0.045506
0.0260697 0.933322 0.040608
9.9991E-05 0.351896 0.648004
0.0428645 0.312268 0.644868
0.0291299 0.339917 0.630953
0.0126926 0.332115 0.655192
0.128264 0.264439 0.607297
0.0472328 0.367629 0.585138
0.120503 0.265979 0.613518
9.9991E-05 0.762944 0.236956
0.137337 0.599045 0.263618
0.101889 0.823934 0.0741772
0.1472 0.8527 9.9991E-05
9.9991E-05 0.800543 0.199357
0.749114 0.0807764 0.170109
0.0901162 0.465338 0.444546
9.9991E-05 0.422019 0.577881
0.578037 0.421863 9.9991E-05
0.230643 9.9991E-05 0.769257
0.259913 9.9991E-05 0.739987
0.201567 0.0328298 0.765603
0.292719 0.138354 0.568927
0.144176 0.0388016 0.817022
9.9991E-05 0.451342 0.548558
0.646044 0.0589089 0.295047
0.0159543 0.4281 0.555946
0.350007 0.139876 0.510117
0.242547 9.9991E-05 0.757353
0.0921565 0.00962623 0.898217
0.154333 0.0144027 0.831264
0.0842531 0.0774616 0.838285
0.01995 0.0718445 0.908206
0.128233 9.9991E-05 0.871667
0.035475 0.446457 0.518068
0.15483 0.350606 0.494564
0.0727131 0.448756 0.478531
0.304436 0.113386 0.582178
0.118288 0.249061 0.632651
0.504468 0.0305912 0.464941
0.0166766 0.862058 0.121265
0.102648 0.850146 0.0472061
0.145398 0.381921 0.472681
0.134169 0.308595 0.557236
0.342499 0.335216 0.322285
0.811573 0.0122159 0.176212
0.114332 0.797487 0.0881812
0.013442 0.787228 0.19933
9.9991E-05 0.653739 0.346161
0.614217 0.0641327 0.32165
0.267022 9.9991E-05 0.732878
0.101503 0.010207 0.88829
0.124506 0.0741347 0.80136
0.433217 9.9991E-05 0.566683
0.205328 9.9991E-05 0.794572
0.180045 9.9991E-05 0.819855
0.00235673 0.0374683 0.960175
0.390428 0.0304313 0.579141
0.148292 9.9991E-05 0.851608
0.219054 9.9991E-05 0.780846
0.118063 9.9991E-05 0.881837
0.237904 0.10304 0.659056
0.0977914 0.0585016 0.843707
0.276701 0.0408101 0.682489
0.0954331 9.9991E-05 0.904467
0.871522 0.0393579 0.0891198
0.921523 9.9991E-05 0.078377
0.9998 9.999E-05 9.999E-05
0.891257 0.052026 0.0567166
0.866501 0.0562062 0.077293
9.9991E-05 0.0836111 0.916289
0.156976 9.9991E-05 0.842924
9.999E-05 0.9998 9.999E-05
0.1074 0.8925 9.9991E-05
0.000884911 0.937349 0.0617665
0.0133569 0.75846 0.228183
9.9991E-05 0.986405 0.0134955
0.160592 0.839308 9.9991E-05
9.9991E-05 0.983317 0.0165833
0.0815819 0.916276 0.00214224
0.088493 0.90146 0.0100473
0.0992107 0.900689 9.9991E-05
9.9991E-05 0.921894 0.0780057
0.103467 0.82559 0.0709428
0.0757702 0.867472 0.0567575
0.0809039 0.918996 9.9991E-05
0.0269347 0.951129 0.0219361
9.9991E-05 0.9311 0.0688005
0.0907845 0.909116 9.9991E-05
0.043437 0.398831 0.557732
0.0452332 0.219212 0.735555
9.9991E-05 0.919505 0.0803953
0.00650635 0.737938 0.255555
0.0216707 0.978229 9.9991E-05
9.9991E-05 0.356659 0.643241
0.039837 0.0136619 0.946501
0.331608 9.9991E-05 0.668292
0.44749 0.0391518 0.513358
0.744286 9.9991E-05 0.255614
0.841437 0.00924656 0.149316
0.899253 0.0229806 0.0777667
0.799039 9.9991E-05 0.200861
0.850287 9.9991E-05 0.149613
0.79741 0.0910684 0.111522
0.887664 0.0587501 0.0535861
0.138839 9.9991E-05 0.861061
0.0851229 0.0728399 0.842037
9.9991E-05 0.0483163 0.951584
9.9991E-05 0.0557429 0.944157
9.9991E-05 0.0480868 0.951813
9.9991E-05 0.0952319 0.904668
0.246378 0.0133321 0.74029
0.302069 0.0772731 0.620658
0.0982517 0.0402333 0.861515
0.193938 0.0341232 0.771939
0.11694 0.0549231 0.828137
0.809019 0.123546 0.0674348
0.00708871 0.824628 0.168283
0.13363 0.86627 9.9991E-05
0.0873628 0.898431 0.0142064
0.0458424 0.78983 0.164328
0.135852 0.864048 9.9991E-05
0.32454 0.176633 0.498827
0.326047 9.9991E-05 0.673853
0.204726 9.9991E-05 0.795174
0.324121 0.0219267 0.653952
