0,9.21303022321097,11.0919520196859,11.5024848715874,13.4755707166509,14.4446666352018,17.5296215508123,14.5764936203474,32.1780371062601,32.6224795338327,71.829621392313,37.9745762754525,35.5670243760491,34.9438331725174,40.2958354563657,47.3855320005616,37.7105570053351,35.7067286777496,36.0525700558997,38.4989823810228,30.7136052139265,28.7928745284609,29.3525936567545,42.9230128204222,71.1651442134464,78.8380294205776,48.3048728986635,50.5063941988368,40.2309579887253,30.0845724305456,28.4064774326621,32.7796056691087,58.3324731037739,43.8701139224758,52.7312513927683,46.1549577359093,47.1163237095749,59.8414216491029,60.5958270968604,60.4516437113539,59.8191867010688,62.6782907158613,59.2744453745476,59.4805126913246,64.0486989198545,61.3129197912937,67.1112267060712,64.0196368937383,68.801671815467,61.2073740163788,61.8724970516638,36.9954905812032,39.5423615848197,35.0703325823432,39.0615977481821,33.0592157786067,35.2358437766012,33.6238028821968,22.924835305761,33.48145624186,28.6932574781663,29.4507120889008,24.4087715206184,46.0497782718689,22.9929630997656,37.933259145069,68.0767056778429,71.5912320428137,67.7197895035681,64.4944740429475,62.281612898505,59.0234686694465,65.8648162001458,67.9707785359416,78.9891118215583,36.0980332461124,48.5241274139681,70.6812267504702,28.3755507390173,26.0263278464112,32.2553509755668
9.21303022321097,0,11.7226993681267,9.63758422015928,9.98841559881149,14.2648415389553,17.1035129190385,13.4458827005886,30.9077640136567,31.3531177605142,71.2811473478447,36.7190685753387,34.308155054588,33.6804586831519,39.8856980819926,46.9541962666094,36.7742738807956,34.833701490343,35.1301648563589,37.6200060138438,30.413656645391,28.5497932104912,29.1154877493786,42.1990752803088,70.6941177237078,78.3558671685254,47.4763644485146,49.7153557688964,39.8454549398891,28.8318405942059,27.1519644021974,31.5224701153794,57.8610262891388,43.6382221758251,52.2916195119466,45.7174094541596,45.8731411533858,59.3105372860019,60.0660610235693,59.921170350481,59.2780232714789,62.1367061196463,58.7319559223253,58.9375161482282,63.5095471741758,60.7767050463895,66.5735362254447,63.4823064091117,68.2648137490008,60.6695449006725,61.337282249617,36.3320142809964,38.899494206461,34.4375892242077,38.2981373898187,32.5344839390795,34.7202174838052,33.0961086461976,22.8498763523581,33.312399007065,28.5970541682047,29.3592044093485,24.403087423704,45.1277238774938,21.969060245119,36.9790145190647,67.559596846169,71.0755993809538,67.2034939734483,63.9773048047702,61.7338617293342,58.4760744326103,65.3225741543571,67.4287385146354,78.4326820700635,35.3925924847813,47.8437236925701,70.1410633111708,27.8734817512269,26.0889541741407,30.9642905958499
11.0919520196859,11.7226993681267,0,15.3151241262425,15.7814847428904,12.115048780752,16.4788048123029,13.0283915004934,33.2104125073706,33.6509276854888,72.6760940124344,39.0460396001209,36.6347186368916,35.9947917244298,41.1493301100112,48.2237095024368,38.9949379236682,36.9859415745654,37.3327886832586,39.7807903876206,32.0216940184219,30.0402070304424,30.6187531868984,43.6712337515613,72.0737309347311,79.7341468438248,49.0593314724893,51.2537106631408,41.1466920548843,30.9712559844718,29.2874759122273,33.7168145619674,59.2189154022195,45.0133525036381,53.5574865643271,46.9775640079627,48.2085468160826,60.6950903656964,61.4503025422746,61.3064270635511,60.6660856418409,63.5253596397363,60.1206365959001,60.3268538730049,64.8993308804773,62.1651842171879,67.9629730377805,64.8712125778922,69.6540862147925,62.0588021827083,62.7253860765065,38.2875730653216,40.8421688445766,36.3577692454468,40.3620941815913,34.3234039178546,36.5146529190069,34.9135075605761,23.0551725167891,34.8225925746164,30.0062202365288,30.8477143934544,25.7570736885075,47.308815900628,23.3622569013333,38.6218725913142,68.9422599648506,72.4578876251042,68.585879904255,65.3598479708987,63.1266693952533,59.868558758937,66.713588804339,68.8194308093233,79.8298168804214,36.7405060348617,49.1855395441062,71.4856886341765,28.9067859232385,26.9779843724395,33.2828679110701
11.5024848715874,9.63758422015928,15.3151241262425,0,10.2661553021254,17.1758549986264,19.6646339180276,16.5054628295229,32.3711590171066,32.820287505816,72.8613613502265,38.1415957117402,35.734824879197,35.1244283373045,41.4527626174576,48.5344459857439,37.961183836875,36.0271210176539,36.3219793979467,38.8104378286021,31.599118587943,29.7954209285108,30.3452433146026,43.8694345533166,72.2184095666601,79.8911589618168,49.1505934777957,51.391965465184,41.360969983192,30.4356421228825,28.7615976152016,33.0777732552766,59.4038929469255,44.9723670707943,53.8817435005629,47.3102809220313,47.2734931871642,60.8837622274563,61.6385559836532,61.4934548795525,60.8574252715656,63.7159958340652,60.3120191487864,60.5174890460695,65.0857705146417,62.3514083248284,68.1487558065487,65.0576432784879,69.839434152711,62.2450336989016,62.9114116303955,37.5142798869305,40.0744827534272,35.6251600852949,39.4694012789397,33.7465508876885,35.9191456986072,34.2844242150062,24.852948482814,34.4826577667052,29.8040560623219,30.4919767232002,25.5972782720615,46.3437113739135,23.9557031817648,38.7179852661012,69.122215742689,72.6372226842409,68.7656228877998,65.5400764628056,63.3151852247284,60.0573476373682,66.9005128409321,69.006762777078,80.0181086860199,37.1406331292131,49.5756316058636,71.7542464447019,29.6779071681461,27.6018837329974,32.435643064971
13.4755707166509,9.98841559881149,15.7814847428904,10.2661553021254,0,17.0643748739526,19.3108655093218,15.9840674412842,31.1226994171089,31.5728259512463,72.2552059572546,36.90736490517,34.4972251571104,33.8825765126566,40.9615097448247,48.0241782234671,37.0480959792452,35.1730161329129,35.4212730980387,37.9512143848683,31.2815014647801,29.50688921197,30.0667389232728,43.1085489060085,71.6846151247512,79.3464849251351,48.3005005540145,50.5739865745917,40.8977850147306,29.2108551524115,27.5358468629755,31.8446874842252,58.8667270480645,44.669990696015,53.363430229421,46.7933055678412,46.0515025259697,60.2931740500545,61.0489983604275,60.9033447085889,60.2574463485944,63.1156839198773,59.7108485157222,59.9159109155827,64.4879109810119,61.7561991178121,67.5522505299499,64.4614191891263,69.2437044229746,61.6483749004133,62.3171129127603,36.8609315225989,39.4427246309263,34.9994242228239,38.7240818199104,33.215662984787,35.4004929691927,33.7576113931619,24.5777403773262,34.2847491243898,29.6524969847242,30.3744687555663,25.5237718943025,45.4404614975807,23.0042105406774,37.7668243413061,68.5445732180764,72.0609471884489,68.1887245026516,64.9623607870429,62.709474878906,59.4519406058815,66.2998480837067,68.4062533680545,79.4046259141275,36.3961308928643,48.8511724991588,71.1509586109796,29.0941451598759,27.4770220193271,31.1662217645919
14.4446666352018,14.2648415389553,12.115048780752,17.1758549986264,17.0643748739526,0,12.3969494674365,11.3274673148378,32.9743860398294,33.4104597623226,72.2211704744462,38.8520594184132,36.4368350546729,35.7787675203243,40.7090563898421,47.7646105146287,39.0174446707453,37.0031227101226,37.3511631849614,39.8005324684594,32.0752583443875,30.0394479461823,30.6371998195854,43.0959064292112,71.6912939947462,79.3373685250497,48.4911122887679,50.6767014699807,40.7778987154857,30.5698238944577,28.8796334616022,33.3734351361726,58.8119905593124,44.9063699024875,53.0841293629026,46.5001062097978,48.0365329728536,60.2488905673887,61.0050524057589,60.8614973208815,60.2118792458787,63.0713319624129,59.6655842761774,59.87195505997,64.4494154897771,61.7172120562535,67.5143658684765,64.42242466306,69.2062616494028,61.6098308646612,62.2781532116667,38.3169005552027,40.8790289474652,36.3826003810937,40.399537870089,34.3256018712046,36.5316073532616,34.9410937303299,21.6968220326043,34.9178370891803,30.0841793719899,31.0026714076036,25.8806540392372,47.3060353831117,22.2624849187527,37.9697504707951,68.5099324866708,72.0268517623117,68.1541851465848,64.9273164320218,62.6701617177688,59.4121002367769,66.2614685094785,68.3671807745067,79.3680972632973,36.0306604092898,48.5010382579846,70.982357043899,28.058187382389,26.7251561905745,33.0434584893562
17.5296215508123,17.1035129190385,16.4788048123029,19.6646339180276,19.3108655093218,12.3969494674365,0,13.4640377004297,33.9891174371186,34.4209176463049,72.9749679976345,39.9043049712795,37.4858095537226,36.811351880112,41.4759250259931,48.5125135133396,40.2432290687491,38.2215656136133,38.5728482298348,41.0214004488351,33.3077562136788,31.2267932769967,31.8414907765198,43.7313452090959,72.5146653448387,80.1469300812534,49.1403460481751,51.3140851759623,41.6153454197507,31.4260812353505,29.7300639024023,34.2854592732288,59.6116462108804,45.9983650118007,53.8175907189927,47.2293699777179,49.1078891443534,61.0108834015395,61.7679586688136,61.6247361432483,60.9661857327754,63.8258276673952,60.4190845199697,60.6256220751072,65.207932161162,62.4775796032975,68.2741421115593,65.1820121013489,69.966792269218,62.3692494648015,63.0392279551341,39.536518097154,42.1042641425193,37.5971049585348,41.6301544051449,35.5161069296132,37.7348877411397,36.1540600513261,21.4650487900203,36.1881015279931,31.3443223658249,32.3244407072905,27.1836147657409,48.5096859031211,22.3045245809944,38.5360157185415,69.2853061672564,72.8034657256936,68.9301648483411,65.7024910662317,63.4223599198399,60.1643370119067,67.0178785471875,69.1234561996037,80.1153485905108,36.5150274200598,49.013277374525,71.6866170529331,28.3751525373075,27.7226402210395,34.0577854026764
14.5764936203474,13.4458827005886,13.0283915004934,16.5054628295229,15.9840674412842,11.3274673148378,13.4640377004297,0,32.1885558202101,32.6248659676478,72.1776063092481,38.0863077333047,35.6674131873387,35.0024196544091,40.8163398592999,47.8523365520793,38.5682208349341,36.6097062154171,36.9139233156591,39.4019729965113,32.1812823987721,30.2109717697924,30.8087880178659,42.877451161908,71.7194536484384,79.3559620325471,48.1557582584913,50.3836237402564,40.8970288708393,29.7742298383327,28.0804660282629,32.5850670482251,58.844377130148,45.1173950429996,53.1656265135214,46.5848151224097,47.2853857366885,60.2231017341996,60.9803178299255,60.8359181736004,60.1762587151402,63.0352113287725,59.6286592780022,59.8344398501178,64.4151964564684,61.6858676133414,67.4815115865348,64.3900030564073,69.1741775909792,61.5768931283138,62.2477725380312,38.1093994559241,40.6885840774788,36.202873559018,40.1032777089454,34.245758914223,36.4566742223199,34.8533128479296,22.6106266854802,35.1263974069537,30.3619270187468,31.2583302300177,26.2201341807426,46.866475734926,21.6008649417403,37.487503494995,68.4967091211309,72.0150124499883,68.1417394937827,64.9140655005504,62.6276977010981,59.3700212375197,66.2242554984133,68.3302158725557,79.3170346816021,35.8485361719256,48.3456781009305,70.9573753552005,28.1614281179373,27.2835711613943,32.2370987859
32.1780371062601,30.9077640136567,33.2104125073706,32.3711590171066,31.1226994171089,32.9743860398294,33.9891174371186,32.1885558202101,0,8.49061444497999,80.2965639559645,22.5541479278206,19.601211710792,15.7718766897927,50.2957088844862,57.2075096107569,41.3451696963599,39.8864951748608,39.7011226911483,42.6953833114871,41.590009497257,40.0420072895611,40.6801681285058,49.905345632728,80.4110094954732,87.9776369765752,53.8851525115581,56.6681202039521,50.3588161020599,28.0623113824744,26.873803744903,26.2745497948406,67.6055587353136,55.1749098942583,62.5061322103657,55.9657988172533,34.4764525540912,68.5014007188983,69.267022729804,69.1135646550215,68.3746480277484,71.2280746557184,67.8159543332365,68.0153366751173,72.6173237557149,69.9125223783863,75.6943717763211,72.6076768762244,77.3930041286262,69.7897694218334,70.4824465546679,43.9914013010256,46.8494004379821,42.3828067182466,45.0311876545472,41.5336720008858,43.8579106157413,42.1526573357644,37.2375859870431,45.5523739219985,41.2399293655862,42.2430388518375,37.6433127427327,48.6842945233454,33.3580568265271,43.8409252135653,76.8708418665098,80.4002604576475,76.5222821231632,73.2882975939502,70.7621456707107,67.5083066344298,74.4012770871996,76.5100959393965,87.3770211026181,44.5802759141415,57.0011733327623,79.4340491352121,39.0484648963304,39.4597541391243,20.4245648658204
32.6224795338327,31.3531177605142,33.6509276854888,32.820287505816,31.5728259512463,33.4104597623226,34.4209176463049,32.6248659676478,8.49061444497999,0,80.6834824663895,23.3435083084757,20.4953581387934,16.5843847084986,50.7077689197328,57.6152332148203,41.8882416009983,40.4212697826111,40.2430053412343,43.2306449384975,42.0577062262075,40.5028943432091,41.1420010211684,50.2589442723531,80.8203322493389,88.3832476899634,54.2136840755433,57.0072358385539,50.7808777633547,28.3048262524932,27.1314269130643,26.3619106701261,68.0116009078642,55.6262831606255,62.9118774886424,56.3717217417764,35.1868914497377,68.8926468876606,69.6585731233269,69.5050016011024,68.7631709129936,71.6165216131884,68.2041407798176,68.4034266197381,73.0065799929706,70.3025389946081,76.0840323601336,72.9973988392207,77.7828984319018,70.1793733625393,70.8727280933197,44.4959835072773,47.3513048081766,42.8834845485678,45.5479951637305,42.0195904138628,44.3437970282122,42.6405447944682,37.6622870333868,46.0133668866745,41.6969948831629,42.7019572122127,38.0983971434285,49.2278040236548,33.7660544377433,44.1899707091794,77.2660683234816,80.7958989635673,76.9177273151053,73.6834915888488,71.1491163469854,67.8953575018103,74.7897214894721,76.8985740331123,87.7617961572907,44.9598031870487,57.3798752048109,79.8214394286569,39.4508689716205,39.8988635316744,21.1600891257568
71.829621392313,71.2811473478447,72.6760940124344,72.8613613502265,72.2552059572546,72.2211704744462,72.9749679976345,72.1776063092481,80.2965639559645,80.6834824663895,0,86.3589783486863,83.9447811350791,83.1866583474191,66.0012676032111,71.2633393877971,85.6482564158448,83.0759371319756,83.8293064016627,85.9511449290586,76.5554458135028,73.7903176386605,74.8621781072294,69.898524862207,75.985304870621,79.2498138486951,79.4546010538142,80.6704892295916,67.941755640653,76.9231037530987,75.3158062194804,79.6929032740487,64.9153808419148,86.4834875144221,77.1811975380045,71.5213610213153,95.6029158054249,45.1662910517306,46.0065622148896,43.8729203485747,45.1296048387233,46.9250471002274,44.450955380933,43.5178033086354,39.1592183169979,38.4212985987646,40.8488502241109,40.7770761308466,41.5889462341811,36.7544309983587,39.3613464791792,82.9889154884289,85.5998148694886,80.7271774300577,85.934074334757,77.273459943177,79.9422148341782,78.7348759117077,73.7706180562792,80.8187380270601,76.3206381773832,78.1082021915087,73.2767443753333,93.596075302615,73.0328636685828,80.2988669363982,53.0719314530577,57.3273399016854,53.2731323509036,49.7694956245936,42.1236854678572,39.5807495243794,40.536004571939,44.4187139420595,60.7378317490331,75.8677929617153,86.4888934702239,86.4841918858093,71.8887007315963,72.8892100215646,80.5915886663885
37.9745762754525,36.7190685753387,39.0460396001209,38.1415957117402,36.90736490517,38.8520594184132,39.9043049712795,38.0863077333047,22.5541479278206,23.3435083084757,86.3589783486863,0,12.4536669764146,19.2292437657289,56.1787856113969,63.1295392875262,45.5547955213641,44.1371202322171,43.8860928285018,46.9647134461251,46.9099498032289,45.444579316826,46.0765648459123,56.2739829705556,86.2770049843687,93.8776811690203,60.4332019283619,63.1448921566182,56.1361523582875,35.4908941032231,34.2214346049527,34.4750152543072,73.5093006211222,60.6802868021735,68.4488794280158,61.9093424278472,28.9534154788645,74.5290992900675,75.2920811809205,75.1392040415053,74.4256832659625,77.2795229105575,73.8697879017412,74.0697388663475,78.6608064212196,75.9496605812437,81.7343167403837,78.6473109537497,83.4308883224592,75.8303178265928,76.5173371936657,48.7406790117515,51.6505463563532,47.1841405804731,49.6239295121675,46.5446070219749,48.880141755026,47.1521305823446,43.1661522162402,50.9896866222606,46.7327471516097,47.7295303335246,43.179897553163,52.4670977357778,39.5143940023453,50.3684859548524,82.8631105226695,86.3889466253335,82.5126817253065,79.280911476998,76.8251457925767,73.5707299879067,80.4516111701637,82.5602771978226,93.4581066525867,50.8365113299297,63.2475434203685,85.5199118750126,45.1332558008138,45.1678464646775,28.711282851766
35.5670243760491,34.308155054588,36.6347186368916,35.734824879197,34.4972251571104,36.4368350546729,37.4858095537226,35.6674131873387,19.601211710792,20.4953581387934,83.9447811350791,12.4536669764146,0,16.0617698050635,53.7797373131062,60.7265320290416,43.363507830119,41.9500241138599,41.7029107059687,44.7721292954339,44.5718668170045,43.0966220490519,43.7289487875234,53.8284315734036,83.8826665373551,91.4797921231106,57.9724109908143,60.6898418144751,53.7490139469607,32.948464183844,31.6835713466187,31.8911270253639,71.1104946057348,58.3208341341534,66.0435683839414,59.5037888544506,29.1773893305771,72.1181876839418,72.8814342933861,72.7285270320464,72.0124528331876,74.8662679473103,71.4562853633419,71.6561977480328,76.2484148158276,73.5378877029289,79.3222818820862,76.2352920005392,81.0190623811021,73.4182147482855,74.1057861654046,46.4814411062649,49.3831668666414,44.9184147211148,47.3832236710593,44.2510618774132,46.5842445983931,44.8587944961223,40.7505362915047,48.6348045211146,44.3707064199431,45.3669650795792,40.811201981527,50.3827503156696,37.0720126651258,47.9014352574732,80.4558148857397,83.9820109076671,80.1055715478485,76.8735767016892,74.4108191149303,71.1564530142211,78.0385458547268,80.1472176466145,91.0420334722093,48.3951509597455,60.8081448476424,83.1015308423187,42.7061636329698,42.7805572470377,25.9393112548807
34.9438331725174,33.6804586831519,35.9947917244298,35.1244283373045,33.8825765126566,35.7787675203243,36.811351880112,35.0024196544091,15.7718766897927,16.5843847084986,83.1866583474191,19.2292437657289,16.0617698050635,0,53.1021325461316,60.032225480983,43.3647083933198,41.9251335289648,41.7090692533889,44.7428388715865,44.1312585853873,42.6222051462283,43.2574452775568,52.9395083239307,83.2090373511223,90.7916394425446,57.0030683758826,59.7528617718177,53.1154606513054,31.6084208718828,30.381788406021,30.184045418646,70.4213660891511,57.80356612112,65.3406099600017,58.8006766139744,32.9666435354972,71.3752594973618,72.1396441336412,71.9864535823463,71.2594410317331,74.1130581874282,70.7020574476293,70.9017029494443,75.4985622585181,72.7907905224107,78.5739519026933,75.4871140206487,80.2716180403948,72.6696337370095,73.3596619609439,46.2642362948916,49.1465962024181,44.6801321084334,47.2303929167162,43.929599067905,46.2591281144546,44.5431529943104,40.0662132219685,48.1488521475525,43.8625714457506,44.862635623047,40.2865499305086,50.5023000161209,36.2950782637573,46.9527606440038,79.728085788322,83.2558254015736,79.3786504495236,76.1457040095539,73.6525277993788,70.3984199509305,77.2857242958594,79.3944732653627,90.2758677783071,47.5634574654019,59.9794168680876,82.3355055742179,41.9508932261508,42.1840165032564,24.4173712518394
40.2958354563657,39.8856980819926,41.1493301100112,41.4527626174576,40.9615097448247,40.7090563898421,41.4759250259931,40.8163398592999,50.2957088844862,50.7077689197328,66.0012676032111,56.1787856113969,53.7797373131062,53.1021325461316,0,28.7388506491327,54.4207776479748,51.755124954699,52.5855184130956,54.6365333331929,44.2269165422895,41.2097598892403,42.3357901443501,47.7123588472069,63.9678059105389,71.481740810478,56.1438171083099,57.4842029189808,30.1187130379309,47.4618127008771,45.8213301089481,50.2373980697137,48.7160311007324,53.3347066087535,37.4227885830595,31.3174710129775,65.3300967747489,53.1005599981515,53.8212222790631,53.7644001802589,53.449629635435,56.3533180272414,52.9649918114159,53.220525315138,57.7732043051752,54.9167495876291,60.7974617049823,57.6644670359285,62.4689119557642,54.8819502358365,55.4402852495825,51.3176349867008,53.8933489266433,49.0068675504528,54.4200913511416,45.3719965173842,48.0191721706934,46.8353037480059,41.8659938696894,48.3907432031166,43.8027732268184,45.7381395337702,40.8288551952061,62.3919871544838,42.1359248952684,51.4256218422046,61.1135266978629,64.5918807714607,60.7301282071096,57.5203625059162,56.3092147684997,53.0261641374334,59.7064156850672,61.7884744866527,73.4136636042997,45.9307693561544,57.0275222078828,64.8231480798105,39.9849211336425,39.7242580703036,50.5512673214571
47.3855320005616,46.9541962666094,48.2237095024368,48.5344459857439,48.0241782234671,47.7646105146287,48.5125135133396,47.8523365520793,57.2075096107569,57.6152332148203,71.2633393877971,63.1295392875262,60.7265320290416,60.032225480983,28.7388506491327,0,61.6679795055439,59.0466739351244,59.8426575049142,61.9234281385642,51.7447328603526,48.7818518276145,49.8781459354641,53.2960080828496,70.7824768426703,78.0170750358087,62.0691290995694,63.3271499934252,40.0513613861353,54.2508037996573,52.6116274833394,57.0481194564662,55.2981423100949,61.0579100883946,33.5762011200899,29.267856310214,72.3022646979607,58.4200184316203,59.1664470311449,59.1406608017042,58.5697556862039,61.4947892821557,58.0704033344496,58.348185288939,63.0830224041684,60.2617628972592,66.1427888694468,62.9919360917178,67.8362435223059,60.2112489848717,60.8014131640947,58.7444861458001,61.323439552469,56.4590403876755,61.7761246314985,52.9284032747013,55.5523658977851,54.3442076877696,48.9022684285794,55.8424930653729,51.2401077379136,53.1304849784429,48.2088257400413,69.6464985129314,49.0276254377129,57.9673894280636,66.8333093003522,70.3432097780915,66.4646235272292,63.2334994219907,61.4674858873647,58.1782072946113,64.9707501932386,67.0408335684988,78.5004009723335,52.3586836174322,63.3291769946093,68.0496705534714,46.7560493205121,47.1088301899287,57.4626809302878
37.7105570053351,36.7742738807956,38.9949379236682,37.961183836875,37.0480959792452,39.0174446707453,40.2432290687491,38.5682208349341,41.3451696963599,41.8882416009983,85.6482564158448,45.5547955213641,43.363507830119,43.3647083933198,54.4207776479748,61.6679795055439,0,22.2759896095684,17.9060238472551,22.204750395113,40.532560939631,39.8601029665108,40.4907256460647,57.9003427156427,84.0589193600474,91.9327227446998,63.1256353948712,65.4403203453728,53.441728326542,43.0953933031147,41.5536761956579,44.6235738511906,71.6526707272122,55.9755831330092,67.1657724022402,60.6492871557305,53.7014596903673,73.5757822397191,74.3187703788391,74.1673290985139,73.6468333808832,76.5020473975567,73.1112351504944,73.3135798147239,77.8162932678957,75.0589057938867,80.8627953947616,77.7750253389956,82.5435171873373,74.9641711506823,75.6099231560276,34.9269700076634,38.6189195805211,34.0844444631991,33.3459532537336,36.0573713752818,38.6256458514123,36.6756437706139,43.1058471981087,46.1559552049272,42.4994887196231,43.63733607565,39.5705954016298,37.5043920117845,41.3469329340471,53.5333067944625,81.6346326022303,85.1332387071008,81.2702458812101,78.0555343205981,76.1261531517444,72.8682084976646,79.6576106600944,81.7661102089909,92.8890923399318,52.2724569578593,64.5289242461701,85.1709107518187,45.6669597879693,42.8742339239507,42.0583605380549
35.7067286777496,34.833701490343,36.9859415745654,36.0271210176539,35.1730161329129,37.0031227101226,38.2215656136133,36.6097062154171,39.8864951748608,40.4212697826111,83.0759371319756,44.1371202322171,41.9500241138599,41.9251335289648,51.755124954699,59.0466739351244,22.2759896095684,0,15.6595879589859,15.6471300125488,37.2752705339548,36.7033961719114,37.3597792868498,55.6816491475653,81.2467229092342,89.1666462067886,61.0171006407305,63.2954685184472,50.6053068277215,41.4349948280175,39.8876981742425,43.02449200311,68.9142745991466,52.9224426361995,64.5755123771433,58.0659752871827,52.2925785033381,70.969891963782,71.7097684381826,71.5579256114538,71.0676047868889,73.9226726461321,70.5349766212702,70.7373019069493,75.2251054931376,72.4608906142551,78.2673569124689,75.1797966573473,79.9455594544576,72.3697361099254,73.0093884316499,29.9408968045825,34.0772962298182,29.0104678380561,29.3828394163354,31.4723201818326,34.2274194342352,32.3084905604185,40.9526545722375,43.2762297923427,39.7248542956152,40.9543860927441,36.951544004133,30.9022342965204,39.4129298629118,51.5665004026034,78.9844107484947,82.4787480865833,78.6178899703205,75.4059019175954,73.5571414144508,70.2988182021435,77.0740041761065,79.1826809020327,90.3388641267378,50.1251587896217,62.3493818848076,82.6897909081419,43.4692239995141,40.3604227138168,40.6105663897193
36.0525700558997,35.1301648563589,37.3327886832586,36.3219793979467,35.4212730980387,37.3511631849614,38.5728482298348,36.9139233156591,39.7011226911483,40.2430053412343,83.8293064016627,43.8860928285018,41.7029107059687,41.7090692533889,52.5855184130956,59.8426575049142,17.9060238472551,15.6595879589859,0,17.7146992771255,38.5844330124343,37.9287797503011,38.568109389182,56.1611687393092,82.1845620732101,90.0692104921391,61.4080649226821,63.7160166825902,51.5657822408848,41.4598941498723,39.9185162793362,42.9876696548447,69.7965444780399,54.0617751633567,65.3477346337319,58.8330659179095,52.0087311080527,71.7494281021375,72.4917030178975,72.3401256125125,71.8265551185617,74.6817106850857,71.2916243393882,71.4939374418992,75.9931531945604,73.2342263336703,79.0386775967681,75.9509785221125,80.7188181905133,73.1402950072133,73.7846712090425,32.5760743449474,36.4116167295243,31.6690185109656,31.5139622118165,33.7377193904425,36.3695423487797,34.4386614848618,41.4027297870625,44.3011728623883,40.6673776667906,41.831925563301,37.776933961743,33.3400248960583,39.6850272784812,51.8505843540106,79.7980079162723,83.295632934502,79.433134600368,76.2190524900482,74.3080632951728,71.0500436232066,77.8361889793766,79.9447431990552,91.0752072151535,50.5551283308868,62.8039785584142,83.3751428859103,43.9443389751514,41.092850141898,40.4367089992086
38.4989823810228,37.6200060138438,39.7807903876206,38.8104378286021,37.9512143848683,39.8005324684594,41.0214004488351,39.4019729965113,42.6953833114871,43.2306449384975,85.9511449290586,46.9647134461251,44.7721292954339,44.7428388715865,54.6365333331929,61.9234281385642,22.204750395113,15.6471300125488,17.7146992771255,0,40.1950962681571,39.6203625144464,40.2712345661141,58.5191421361344,84.1486602233365,92.0632887352058,63.8452336974544,66.1264145008247,53.5065783175988,44.2289964421462,42.6812221096276,45.8215571863973,71.8070274529604,55.8354948574057,67.4487471866583,60.9382764549455,55.1370741425851,73.8485628222417,74.588781395052,74.4370175113079,73.9433724593118,76.7984759102652,73.4104282654061,73.6127768894352,78.1022824385655,75.338798226194,81.1450039198703,78.0574026358457,82.8234864249221,75.2472636400715,75.8875691392863,32.9647133779463,37.0169148873169,32.1309131416312,31.7844541498071,34.5995938008987,37.3081490812531,35.3679404217809,43.767899482419,46.1530912379243,42.5928332801349,43.8082679353157,39.8017074791801,35.5184288575329,42.2116566147191,54.3777547413019,81.8680429040751,85.3628518230023,81.5017547856081,78.2894630650488,76.4319059281307,73.1736151635444,79.950362700356,82.0590089454015,93.2116424609203,52.9510164709097,65.1788637192478,85.5532454183567,46.2959604191419,43.2097872842439,43.4045628402546
30.7136052139265,30.413656645391,32.0216940184219,31.599118587943,31.2815014647801,32.0752583443875,33.3077562136788,32.1812823987721,41.590009497257,42.0577062262075,76.5554458135028,46.9099498032289,44.5718668170045,44.1312585853873,44.2269165422895,51.7447328603526,40.532560939631,37.2752705339548,38.5844330124343,40.1950962681571,0,18.8664125524075,17.1907627562535,50.7418699191697,73.9128753232946,81.9623910421553,56.8260489406781,58.8370163148122,42.5300553161512,40.5321487584408,38.9083220724172,42.8733475920654,61.6642383490616,39.7423264284405,57.3894481857675,50.8838926440517,55.7443041957208,64.2914838958697,65.0199047103086,64.871994634407,64.4918427776158,67.3492973682255,63.9717770749656,64.1771992037583,68.6195106125331,65.8271902982112,71.646562029599,68.557050013588,73.3159723563386,65.7512385898528,66.3658414084731,34.381122284603,36.4741391911798,31.8105972242853,38.5699786752062,27.6371146525869,29.2622829667808,27.8463546116151,35.0699281789377,27.1778707736713,25.8087217892402,28.2951113815072,25.2673209807872,48.5166236970927,35.6000137916717,48.0426301361277,72.1571600159346,75.6362545773891,71.7825133429719,68.5797987501293,67.0370212984589,63.7759463799867,70.4985507503803,72.6062315036526,83.8998126143273,45.2087243002017,57.2644957281013,76.2841268453006,37.8595179194574,30.9986300186463,41.9094891051451
28.7928745284609,28.5497932104912,30.0402070304424,29.7954209285108,29.50688921197,30.0394479461823,31.2267932769967,30.2109717697924,40.0420072895611,40.5028943432091,73.7903176386605,45.444579316826,43.0966220490519,42.6222051462283,41.2097598892403,48.7818518276145,39.8601029665108,36.7033961719114,37.9287797503011,39.6203625144464,18.8664125524075,0,11.7641386670777,48.2822577135004,71.0322745609416,79.0953330624858,54.5027587797855,56.4676333832216,39.3941523676709,38.7432875077183,37.1135371873324,41.1536107009768,58.765229110545,33.2142140355462,54.451726521674,47.9460885694391,54.3274536312681,61.497165541349,62.223763594956,62.07717384415,61.714470471616,64.5726446616521,61.1966094664453,61.4028896171839,65.8390610992353,63.0419296109231,68.8637604134008,65.7736089241378,70.5318398707948,62.968631000724,63.5789524949637,34.3359353152149,36.5974539708092,31.7888470267437,38.3183637231887,27.4466980577969,29.4676458991456,28.2624065988096,32.7413111760605,26.0684706075231,22.8197774538037,26.5221837374336,22.6728050354416,47.8324882090758,33.5415668156368,45.887264736034,69.3412581848814,72.8180282260308,68.9652950950499,65.7639275421748,64.2706088664868,61.0089427257192,67.7231464944029,69.8304761992581,81.1477076566068,42.8034096191193,54.8160787921739,73.5244451189792,35.3809822522034,27.8340910848848,40.3412600969756
29.3525936567545,29.1154877493786,30.6187531868984,30.3452433146026,30.0667389232728,30.6371998195854,31.8414907765198,30.8087880178659,40.6801681285058,41.1420010211684,74.8621781072294,46.0765648459123,43.7289487875234,43.2574452775568,42.3357901443501,49.8781459354641,40.4907256460647,37.3597792868498,38.568109389182,40.2712345661141,17.1907627562535,11.7641386670777,0,49.1571181328666,72.2289618784412,80.2688739296784,55.3299924125105,57.3088459219353,40.6441961049116,39.4084572358485,37.7786818405588,41.8125285876092,59.9287185085316,35.7094757681629,55.5276517148754,49.0170603544815,54.9566766187458,62.5870414837528,63.3153081386245,63.1688998784513,62.7900025463011,65.6482580694642,62.2705414710067,62.4768368216483,66.9210047831797,64.127527694868,69.9479746377803,66.8577161025825,71.6173977791618,64.0523118042612,64.6658980139952,35.0121209708846,37.2382758005204,32.4892301731576,38.9593772115565,28.3095469020199,30.23104824538,28.9457746597402,33.4062116207895,25.3784191408177,22.7292612876281,26.5463309161775,22.9195267489831,48.4873883081461,34.2060781238279,46.6292904835419,70.454655222179,73.9336858704213,70.0798317445398,66.8770291199169,65.3406740869293,62.0792073978234,68.8010335872838,70.9082678108332,82.2077031436512,43.6095340638313,55.6420024594253,74.5399703234604,36.1681943287807,28.5573573004502,40.9777076164891
42.9230128204222,42.1990752803088,43.6712337515613,43.8694345533166,43.1085489060085,43.0959064292112,43.7313452090959,42.877451161908,49.905345632728,50.2589442723531,69.898524862207,56.2739829705556,53.8284315734036,52.9395083239307,47.7123588472069,53.2960080828496,57.9003427156427,55.6816491475653,56.1611687393092,58.5191421361344,50.7418699191697,48.2822577135004,49.1571181328666,0,75.7791490987242,82.4022585560808,35.923178728254,33.4923537217625,49.9706587925302,45.5001023233373,43.8938562250624,48.5063884896338,62.3034166803834,61.7799803768193,58.0352077547702,51.6319039875932,65.6863706913294,59.143915827555,59.9921163403779,59.8201722704654,58.2786191223784,61.1232288752942,57.63161636055,57.8181064491594,62.7795982279307,60.2683256939447,65.9670543638563,62.88672169826,67.7299068566661,60.0420397561508,60.9072728078626,56.6572564750598,59.2839986370274,54.5987344958743,59.0415232871381,51.9854219462517,54.4378411575954,53.0299576810824,44.7280829186144,54.4709359115655,49.8481981380666,51.3385823793659,46.4118950858741,65.9098586670115,42.6363673578728,45.936054618902,68.595495371931,72.2330007445877,68.3039115590292,65.0035324982776,60.3153929853544,57.0764811489637,64.3530394692164,66.4636624400876,76.372085944644,41.6575378136812,50.8584787538858,67.4855494813143,41.6849401865186,46.0538491880115,50.1915147162949
71.1651442134464,70.6941177237078,72.0737309347311,72.2184095666601,71.6846151247512,71.6912939947462,72.5146653448387,71.7194536484384,80.4110094954732,80.8203322493389,75.985304870621,86.2770049843687,83.8826665373551,83.2090373511223,63.9678059105389,70.7824768426703,84.0589193600474,81.2467229092342,82.1845620732101,84.1486602233365,73.9128753232946,71.0322745609416,72.2289618784412,75.7791490987242,0,40.1139630712977,84.468634917318,85.8342188980801,62.898181131296,77.6257914041546,76.0051724388627,80.3212847135283,55.3181728110015,83.3893725130277,77.3750014907109,71.6057628900597,95.4129586557142,61.6234529075367,61.9402109455567,61.2951329829528,64.9852718119932,67.6326415829029,64.7405946175585,64.7398940070153,66.5273650202736,63.0084180650914,68.9265963057506,66.0723589650576,70.2023019314055,63.2779192111373,63.2396500251263,80.4627326024653,83.0758650263932,78.0608214458446,83.785106373011,74.0184755157881,76.8697279361527,75.8108473541698,73.2981106944293,78.6310635558205,74.2679498978073,76.2147377049412,71.488635241525,91.9558591530676,73.1017066722409,81.8628128319851,61.7851005859496,64.5477138115323,61.1439085991272,58.4697904616062,67.7084415476405,64.483043564813,69.2936986625619,71.5397302828315,86.3102456541053,77.3038847643256,88.3103508830417,92.8639837059999,72.1110354762267,71.4002736146156,80.7034783628754
78.8380294205776,78.3558671685254,79.7341468438248,79.8911589618168,79.3464849251351,79.3373685250497,80.1469300812534,79.3559620325471,87.9776369765752,88.3832476899634,79.2498138486951,93.8776811690203,91.4797921231106,90.7916394425446,71.481740810478,78.0170750358087,91.9327227446998,89.1666462067886,90.0692104921391,92.0632887352058,81.9623910421553,79.0953330624858,80.2688739296784,82.4022585560808,40.1139630712977,0,91.2532624787281,92.5864481310236,71.0583455125972,85.0902790765458,83.4711723568732,87.8015635328939,61.9513138899755,91.4976067760497,84.5435143757993,78.815660346782,103.032568348538,64.8371152754651,65.0788748770698,64.2480535418552,68.7369629153416,71.3209466732232,68.5297190994566,68.4656452704726,69.6094685923559,65.9651536333268,71.8559709287964,69.0946175235411,73.0283120251404,66.2852559698243,66.1347635593634,88.5136540335773,91.1249666183622,86.1388971502808,91.7639294344563,82.2114320330602,85.0239493833072,83.9352799034663,80.9192623602573,86.5839666972229,82.1901105642068,84.1097552447379,79.3594629120842,99.8410168517178,80.645727813476,89.1671584509841,62.6484673164276,65.1489951421131,61.9778563254741,59.5429499966235,71.3570905227957,68.1489096789151,72.5495690410929,74.8422918039492,90.2339758306351,84.5948113881599,95.5356455167132,99.1164378473591,79.5894543583154,79.1864596238043,88.2691890560368
48.3048728986635,47.4763644485146,49.0593314724893,49.1505934777957,48.3005005540145,48.4911122887679,49.1403460481751,48.1557582584913,53.8851525115581,54.2136840755433,79.4546010538142,60.4332019283619,57.9724109908143,57.0030683758826,56.1438171083099,62.0691290995694,63.1256353948712,61.0171006407305,61.4080649226821,63.8452336974544,56.8260489406781,54.5027587797855,55.3299924125105,35.923178728254,84.468634917318,91.2532624787281,0,29.9677729584787,57.9062003993909,48.9147165056395,47.3436646751007,51.9328720916793,71.1619787649272,68.2865318294626,66.9932889690357,60.5698897615365,69.9383445577152,68.6341890095074,69.4683822790695,69.2868412312857,67.8884125166534,70.724789776576,67.2528050857327,67.4306643342587,72.2978948582023,69.7641315451502,75.4658726368368,72.3929929256153,77.2169349797634,69.5485422517521,70.3935983957659,62.3644409929343,65.0108687873412,60.367444590061,64.569099826977,57.998251457977,60.4164380337618,58.9601046294269,50.5161805458402,60.5179845536253,55.9168603449736,57.3104463436288,52.4099839559277,71.1252244411619,47.7086898689175,49.1184765508394,77.8858462050418,81.5066206520896,77.5861959429677,74.2968543234528,69.9258540949429,66.689579317232,73.89910612902,76.0151702882236,86.0423295650689,48.5976723126218,58.8975618562113,78.675050994958,48.1424498436145,52.3628220693249,54.2107165249357
50.5063941988368,49.7153557688964,51.2537106631408,51.391965465184,50.5739865745917,50.6767014699807,51.3140851759623,50.3836237402564,56.6681202039521,57.0072358385539,80.6704892295916,63.1448921566182,60.6898418144751,59.7528617718177,57.4842029189808,63.3271499934252,65.4403203453728,63.2954685184472,63.7160166825902,66.1264145008247,58.8370163148122,56.4676333832216,57.3088459219353,33.4923537217625,85.8342188980801,92.5864481310236,29.9677729584787,0,59.3902005583444,51.910027869567,50.3200263721066,54.9443461053835,72.4773161837526,70.1604968591737,68.1975877498356,61.7718454963798,72.6137314714759,69.8459085327684,70.68267763004,70.5048731710872,69.0791847020868,71.9184915943175,68.4420405284483,68.6230550000188,73.5124505581203,70.9813237854399,76.6841392771426,73.6086277863589,78.4375178232513,70.7647675060606,71.6122161704476,64.5158460842852,67.1545003260378,62.4986426323141,66.7802737359435,60.0500810073073,62.4770515667512,61.0355779025918,52.539319852438,62.5304268295227,57.9176299527271,59.3415569320886,54.4280567991306,73.446898864492,49.9632190040821,51.8099708874339,79.1373850727075,82.7610675492982,78.8390000425228,75.547605622578,71.125093166287,67.8875903633743,75.1097001618627,77.223926717843,87.2357108412034,49.7812299171684,59.6025790877597,79.4113689362867,49.8394314456162,54.2621867341423,56.973003226289
40.2309579887253,39.8454549398891,41.1466920548843,41.360969983192,40.8977850147306,40.7778987154857,41.6153454197507,40.8970288708393,50.3588161020599,50.7808777633547,67.941755640653,56.1361523582875,53.7490139469607,53.1154606513054,30.1187130379309,40.0513613861353,53.441728326542,50.6053068277215,51.5657822408848,53.5065783175988,42.5300553161512,39.3941523676709,40.6441961049116,49.9706587925302,62.898181131296,71.0583455125972,57.9062003993909,59.3902005583444,0,47.8508529742218,46.2139571143531,50.5450871830411,49.2008130818936,51.1090701962641,47.0107149820164,40.804818087803,65.2269655591183,54.9543255990248,55.6351160125539,55.5211559877783,55.5998706022592,58.4719626637722,55.1365797950424,55.3596368848027,59.630427463379,56.7172921840177,62.5971837026562,59.4932099863844,64.2326043977271,56.7077229263461,57.2147833339032,49.6829381818261,52.2629012251811,47.2718042008763,53.0538126139307,43.2097453441077,45.9885310430459,44.9158880270171,42.1836821733235,47.1095851851639,42.6599938639039,44.7238485504176,39.9309777038077,61.365199962481,42.583232124299,52.4745423296011,62.2844105281443,65.7074198807879,61.8765563132183,58.7052878506145,58.4068796882926,55.132585261467,61.6368629330837,63.7373891128566,75.6273768034264,47.5202424262242,58.824552946025,69.338447459936,41.1954481751724,39.3281427592803,50.6294437427688
