IBR/IBR_outputs/all.combrep_1/EucDistWater_Total.PersistForestCover_Total.Silt_Total/EucDistWater_Total.PersistForestCover_Total.Silt_Total.asc
NCOLS 160 
NROWS 95 
XLLCORNER 210004.651214014 
YLLCORNER 7350008.22228844 
CELLSIZE 4999.99999999997 
NODATA_value -9999 
[rows 42 to 62 of 95, columns 46 to 91 of 160]
22.6293610125104 19.9282167656991 19.0962403072695 14.9105966050985 11.5298198783124 11.8542644315386 8.64959896300615 8.60102086544505 11.7027855996072 15.9404063060969 11.5608772377924 14.2999989696354 8.79115335583521 6.08142222672321 7.39801545331939 17.4005933026004 36.2597184438624 28.2183649318304 25.4800374230291 25.5530474055695 22.3361874116233 12.8742161996968 9.89609920069317 7.14862518961137 19.202598027719 35.4172397028582 54.0072993887319 17.885105003204 14.6751201436444 14.181691347018 5.93968736955645 12.4057220236072 10.2078336862786 5.42204814445352 17.6120825552928 12.0853021392702 7.83871637952246 3.73947271974842 5.17030692480527 6.68379614944665 5.12107838984772 12.6270130957713 18.5819691175228 11.609971484818 6.43207684271993 3.77166900934373
26.7407897561316 24.4577170433701 17.4369511625295 10.2031296561422 13.8439165238486 10.4378529726888 12.7714850333659 15.8357411439646 20.5475779997288 24.4920820895621 33.7142408808065 55.7911953259012 120.28515419999 21.2295387214145 12.7047168654319 23.1173384117822 34.209089199298 46.3207152017104 19.427721301773 20.6975796725788 23.5537297883801 21.9431765119715 16.5231235320771 12.3598355374594 19.3532099257929 31.3878869325272 54.9117610865399 38.9739667962155 9.97425006210024 7.0863534168139 6.6567329666203 7.73012375537663 4.53136730225464 5.33433587593461 10.9704821442604 20.8836332423777 16.4860670035631 4.87861411955644 6.84395385779939 3.31495539425572 10.9246927648446 14.9978765232319 17.0603073130581 14.4747313273442 6.76048527828264 4.44886640097245
6.30350188300372 7.67036312775681 7.58576894983206 7.52643063274326 13.6453435441788 18.2130286345307 20.0199822158691 22.6612028920359 42.8387583262484 60.4686679780034 36.3673837546418 24.2199481348244 36.857334792113 85.4325868374819 51.8572508014153 31.0006963486699 20.0116696739316 23.9007435602723 33.6362699787396 39.8776606215161 98.5116481923553 33.7294877522851 10.8180127971869 8.47820672467511 8.37949681256261 11.7467474119976 31.0103921917668 42.4247300316319 23.2223984344089 12.5614026489342 6.48898693159169 6.97337592326725 6.26975555078456 55.1031632225872 13.0231927690113 20.2593439672522 13.2572318011666 11.5795309142895 7.00861267334351 5.41944247993687 14.3494296749167 10.4479308077376 8.69481728911217 15.9853364479968 13.8301207474127 5.24336017761656
8.37756151772375 7.91209155397974 5.16599112318734 7.18650486671523 12.6938422185501 14.4993597572117 12.0854326276068 19.4059014761512 56.3550570333752 20.5715836785698 8.63602798339143 11.0611423471592 21.7648752397738 33.6852346903622 58.2426147787667 58.0878091083318 18.0613414016655 23.1853539094464 62.8669627317294 286.925512141846 206.122658722471 120.419874616879 20.3841280545687 15.6222129237258 11.9016172770267 10.4915193110404 13.9025614319576 13.6087833260365 26.8519808588446 26.8216872062308 17.069941841359 4.95586798531744 9.88929906291047 28.9072521392022 22.8442212302199 7.82231135680301 11.5489156956517 18.5508909453456 10.1690414040624 17.5963540840496 11.8558267792948 7.46195351611714 10.2016666419683 13.7597246943453 12.8080350829607 4.54704744634406
17.5467460363801 15.8627244234597 9.92055278106618 5.45581069414386 4.51932534217182 4.066033425639 4.70525565592669 8.54928803340308 13.4764842581531 13.9653592631799 8.92459937363776 11.2185110036426 19.7064647248217 26.3987842809116 22.4463854328554 19.9764803863052 22.248971084644 19.7959459469912 23.5312843865791 49.4639508532713 22.0092237491361 15.4250142596395 12.4023424901151 14.2273489144049 17.2597016040012 18.1853855087753 18.3665594261187 11.3436088838062 7.8347225299613 23.9074929976277 15.7303280137144 7.6878489586679 9.7811468143514 27.7297196461878 21.3732369899734 11.7148820365817 11.5273357069294 20.9047291717968 20.4481578444124 16.8294042120259 6.44044823617942 6.99902538445984 12.638248459772 6.02725587981475 5.29839388046203 4.55236364120969
15.4228914357275 10.6500798158703 10.0961664548115 13.2998248363704 11.5998110317875 6.70606534310276 7.5802918980269 11.1906549354804 6.42916982053753 8.76871987923615 13.1347385872594 11.8111884351452 16.9417700222716 19.138065993819 14.1849135256006 16.1640028985073 23.2487883890327 21.1590637778183 19.4389977041472 11.4192655799261 10.6303945655512 11.0403009969226 8.40286175425977 7.15611582407714 9.14330973521912 11.2032206697576 16.4493346952561 39.9918304790187 156.538852015528 68.2338049003338 15.9066276354419 14.025296445595 15.7301596859189 14.7053088727952 24.0844375466469 35.348608243664 24.1556403070215 19.9000881878266 16.7517895103826 6.78575543924963 9.59152267564187 15.5982951955853 12.4871500399148 5.06416635976354 6.53649804056638 7.22383460579815
10.8076509684551 5.50091281409905 5.79520467634013 13.2233623724793 18.4260537140533 13.1360845058823 5.34880171255541 9.04254336724784 7.6449991483978 4.65297248458355 8.73041837211205 5.71882360880104 13.2805324311574 13.9165174998329 7.00980514941885 8.88199659689944 20.0291978234055 28.9648081363738 24.2560742315901 19.9918078220965 20.9397319541474 19.3562424808164 13.8294400579263 10.8109370031491 8.96654615941895 12.7954059000008 89.6915780955006 258.456770811651 245.493818705782 161.989306415918 206.350602296965 52.85292619812 21.1582321880388 20.2168271592539 16.2960935721877 26.6062184311605 20.4202076901972 17.2751225946839 13.6580981384262 13.2719792882063 16.5390159809325 15.6125459684296 10.1252334742414 10.5702344224026 12.8273612798506 7.54515384505443
14.0081498083576 11.821272128367 6.16572978218482 10.9895924783621 19.3764274173191 15.4114176062058 5.91332800659517 7.67432961289075 7.17153951169819 5.86020811382 11.0242006205069 11.5597487849859 14.5434050297857 7.52618204418858 7.22199085733534 13.0931467128863 21.1024009185391 29.418348015942 29.704638028312 26.4797918464606 26.7356682615606 27.3066145001066 22.1502059364082 20.3411837153341 15.1249378463881 16.3496573014615 27.6051592247031 23.1308470320872 21.863638414796 35.664619029915 94.3224182857343 349.291036906471 94.0817468784171 19.4119602970441 31.6908119180257 13.8725940282557 16.027590877341 17.4309525409246 22.4610596920826 18.4413814976216 21.2606664293019 20.9436055461143 11.1180204582537 11.3309355616629 9.12157318472507 5.93944755026953
19.3550541989014 16.458000420103 10.4751170483588 11.6528956314723 17.610369186673 15.0947399591565 8.72953316627108 5.03226337737594 4.97528929661563 8.6797673311794 5.15317739990922 8.61405895840056 14.3899952969441 10.8725823019609 7.69637315495862 13.924802972552 21.3225640235844 28.6173147445857 25.4691816543147 20.230166557344 20.105291827984 23.8267165741904 28.5454198615359 27.8805462428453 23.8890686496371 22.395343302455 26.090059796493 23.5141551432856 22.1144821186138 25.3973853041459 31.0281571112778 34.32400818162 81.0659079545901 21.4726726715719 14.4235487626808 19.4064377288753 22.6595601306926 23.3932083697769 23.8798488534952 12.5951290803932 22.1093527281724 26.5603135696538 31.4810599706383 16.7967851347044 8.60792683388827 6.12727501248076
14.0700448643665 13.3678508764024 9.06468620631326 6.29006804133552 12.2231510168481 8.24736104537573 6.26157601543072 7.39744445354943 5.11641509447759 6.1221930661445 5.44052810486991 8.65859955858116 10.5875278231009 7.31034796802005 10.0482463551774 9.62290988544177 18.7925594386133 25.7183654450448 19.8077981649745 12.0106322560928 10.4465273101173 17.6163129139178 26.017946689354 26.224056403087 19.8872991405 18.018844799056 19.4920672803486 16.6155538045653 16.0270301231456 21.2672252098507 27.6765020405288 22.926459623165 13.6806166335701 27.8928874793406 20.0957175439823 24.3607954206355 28.5552956463127 28.7953567330616 22.6096592799947 18.1365095694395 22.7793443521355 26.7700382341867 19.4844314331077 23.7552944146805 25.8735428536101 8.20825398509639
8.06591288445883 6.95890673669584 8.58001357479168 7.2790773661066 7.78302619213157 6.34410290417706 8.6714363268415 10.9765553450897 6.08424900905356 6.30009293379504 6.24441220595837 5.34824992848117 7.41594536009595 7.61556725313648 9.38719982412763 11.5693312645853 16.533719666489 18.2551521310066 18.5541599208437 10.0369608572821 8.45186061048008 16.6590097794445 25.7026493078431 22.4473180729562 13.6935144147955 7.9881093007302 13.8592712255199 9.63394186502086 8.51514669826647 16.7562539809289 25.8415140279721 24.0435873734362 15.8403650240059 52.7967131818965 21.601440547664 27.3736757081448 23.2585535019979 21.5561720677403 27.0223117273026 29.7533540577494 28.9997816193945 19.5126049889126 10.3194797401364 11.8369796862648 12.1730993122283 15.5413489119529
8.38038765972884 7.92806736382894 13.4397589184976 9.48816888245777 5.39370010382393 6.03841562470966 6.32875437565662 6.71112722236186 5.15067888804184 7.15832784236976 4.61582908672296 8.59891771433428 12.8042986749602 13.5011783850002 17.5458244750097 13.8303139276345 7.81306654629096 13.0679461839133 20.5816710380873 17.3995892510614 16.8758399078095 21.922557212949 28.6360373243978 23.3395960011911 14.9213911453383 9.90430749665189 7.68034235110104 10.2013728700974 11.2741590317798 18.2222808799835 26.9853844740685 30.1927839195193 25.6351818150214 39.9813717313652 115.801057483668 61.5089578187026 39.6182008613003 19.6566222770085 33.2021783488407 36.4292345231481 36.3478973651921 20.282200876106 15.4822964685296 15.8546277525856 18.9588516292402 13.9949268238273
8.81707451616577 5.85577634936745 11.4209214219158 16.2684492125643 11.5035460786334 8.01022806572802 9.19545772364876 4.51007955112114 6.89079106481807 8.41359683646548 8.41684651540718 7.00166919374039 15.7488869647613 22.5778854550188 23.5061816224642 15.7517337600768 13.0814160857883 16.0093731601282 23.6482446848754 26.4900976324981 25.9568502541809 29.2270747819817 34.0386384312373 27.5639417982606 21.2665351745127 14.5731396319363 9.23702110570178 11.1736626383971 11.778044000293 17.7046543591133 26.0821273205865 33.9834505838269 33.384911322492 31.2867917633995 30.5344192921825 44.6967220638274 25.2374294670808 43.7595136669875 193.200184262394 311.520750822674 314.625036853533 147.886779640227 103.278080954992 15.9577524072648 21.1156592681272 22.1079989349747
12.0012871064276 17.3181162400153 16.4396457914167 20.7454428165977 12.2799988562535 6.64717767908329 10.415620722539 4.33813620088206 7.39489595612447 13.4995623051501 8.197502085488 10.4981031185186 18.3226509728185 20.1608647736821 16.995540113328 15.9618979436111 19.2484347277244 23.7190495996126 29.0577104456946 30.7964721681865 30.1538197677657 31.2086800405857 31.4287626176851 31.4095466891637 27.3820945560778 21.3546489502799 17.5119129166694 10.076684857416 7.42091408083694 15.5660397909927 25.0240398762109 34.158156534808 42.6803778736296 40.7421778010127 35.8431120100243 27.9205293664197 19.696815333501 20.4172615974464 22.846946178263 21.9863884044741 29.38992194966 69.3103177285028 48.8554499867362 47.0586841315744 78.5154688043515 22.3862640046139
18.6358168798319 21.0817609971684 23.221973292631 23.8787399320558 17.232819885964 14.9216447864128 15.1297047171346 7.94183523803035 6.5919693596779 12.0885846503177 10.4126020385524 11.8556129880341 15.1595114081577 14.8362528620382 7.55930212166248 7.19126784568075 12.5191133594867 22.4839245996123 28.3758100141513 24.1180527595138 21.6277346373054 21.6166232597855 22.334200555696 22.548193540949 24.9872259277467 27.9927370759457 23.3572958038856 16.4855702572209 15.0683912274364 20.1011545810818 27.971919189521 36.0655820976448 43.3948001737236 39.8461984797966 31.9391318933048 25.263127125686 21.2775392672938 20.8086485582501 16.9129871999234 12.6447003371795 18.828238405151 42.1405646915815 60.9674634856211 28.7656707644416 86.2005259867966 130.054830113712
19.0977737930096 15.4303704192826 18.3005043617145 24.3413304663536 22.6673937183537 20.4353341126724 19.0319818968484 15.3451004177739 10.4306386031549 14.9151012672172 18.5631451617227 13.2280648196592 6.69947012681517 11.4810396724391 10.8207783791737 8.86980844093916 13.872967884598 22.4869119195239 22.8480479576201 16.0919762159537 11.553331725841 11.669513559526 11.7354407587472 13.043342659937 18.6148378451246 23.9026476135671 30.5498713709029 31.6181627444352 45.2388763387345 40.3414010901748 77.2619915720506 51.2874157138061 43.9365326167327 35.6612974759066 26.9254105643717 18.3071848333319 11.9603666372237 12.9274837782948 9.52048277277444 5.96154175625255 18.2180773282069 24.9609893636721 26.4204921915235 40.6949971904124 30.1490751906165 15.0800591311867
13.917378984874 6.74332263583476 11.8220995132446 21.2408626498694 16.9860734494993 11.2895193812028 12.0620409621871 13.7025205161766 15.4555644082053 16.8222328380359 16.8804858773503 11.1333180722838 4.59698542974156 12.5055605975366 17.0676723359406 17.8800000513565 20.2059972837056 28.3256611180652 13.4452072251575 13.1990314701825 7.16456673535999 8.10494234283775 21.1272588225341 9.99295681622722 15.1925657707488 43.8774324514595 37.7785664730195 29.1712164836933 160.298722119034 39.6006276221233 36.6272892442701 54.8156762758244 46.4293628450438 34.6705147170348 25.3383230410826 15.9018856226561 7.06625453304976 9.0673325688338 9.28924937695978 4.2159756056012 12.232232192309 18.4217573386084 21.5745940873159 23.2245676530446 18.3266861686471 18.0934086908741
15.3650876276374 9.75292567208641 13.598949573243 16.2920354274837 11.3777865418906 4.54504444505566 4.10414700354822 5.38611086548991 7.31235231208451 8.91244250736135 7.7249259356593 7.07543599868801 9.42727754428251 12.3206639941061 10.195658171007 16.4241886643413 20.1008989586639 11.1220268994715 6.27272210506848 13.4558994523369 14.479528760554 14.6800060831349 15.1497380333267 12.8723584237376 9.30663679644949 17.3867291887499 78.5057827903851 51.7954482941213 120.264013930314 52.4367509852986 33.206539270055 75.5298307749567 44.5821315008531 36.2008168623437 28.1850515104978 19.1703429383154 11.1018322317773 9.53479142693262 5.95288550591787 5.97016997666909 10.0805469805838 8.77074364856987 11.1231863567187 13.477843979184 10.3174504616532 12.8699265442681
17.8071639845139 16.9200928756487 17.4507021835623 10.0761407888888 5.12583163729785 4.97992208360257 7.85054014600441 8.10891588455763 4.6467879503884 4.59947025101022 5.79298253492782 8.24747076930634 13.9221763630119 11.4242186659647 8.00873682232228 15.8406515634782 21.2563190752375 15.5211160193168 12.8075035845354 18.4786552621857 24.3987872514671 24.0812774923993 20.6626520819594 15.2449300860982 11.5792225076452 28.0852794298831 17.2495481303198 10.1727247620893 15.6326200886672 25.1412222029674 33.4693636499492 99.4483050631963 39.278768503704 36.3329479449611 28.793228116295 20.3202941643335 11.2515270299952 5.71129219046366 6.01573020075732 6.01873460655633 6.84324379456231 5.28624188035188 7.24346570202518 12.191978962281 6.85005448210632 6.52210541227818
9.56268720896784 11.0195624719332 12.5408383811144 8.8547802093328 4.73647755073281 10.5596032041392 14.5161704836169 15.9874993895541 9.79945124204939 10.1611330506155 14.7218074015751 18.077398969894 21.4215804500955 18.3155967671805 16.4529285856031 21.3625336690601 26.679857127293 25.2921915954511 22.7132355500163 25.5837577400291 29.5771817578207 24.6530389465488 16.3238458609561 11.3386379734378 13.4617442878559 17.4915597677568 18.5639660814899 18.3004456492236 22.9211920339413 27.2533156321897 33.4468327304177 45.2898368424994 32.8775102768427 31.1128155373528 30.3967721875698 23.9961561254414 17.0688132082639 15.8367864897125 15.2400501092241 14.6303712527133 8.85871488052643 9.67506032583104 13.8223248913023 12.1105412820395 10.5965739932658 4.5461639949196
5.78910677266998 5.14455720805398 5.32500253110349 7.13224879046859 4.19982760964922 9.59522685950006 18.7110429978829 17.0186693590395 8.27795478549952 8.25378585166654 17.3032371427578 25.5176099270938 29.62672234776 27.421782868165 25.8646184000037 28.6443014836699 33.5329211865076 33.3282624649604 32.6935179307119 34.8682306340467 30.8071003873519 21.9479622653881 13.9088297106872 8.11170617323124 15.8651441867609 20.4158578448218 24.3341243271235 24.8790559053633 27.7427197239504 28.8759784483585 25.5003888168814 24.209032572196 23.6558285666238 23.3378619653003 29.5889961199215 30.0710087395877 25.2566431820445 23.3835146855909 25.1369518877264 23.2767780310255 18.0926507454159 18.8202189183829 15.8236510193486 6.2964945213552 4.44708330391251 3.93400931648736
