IBR/IBR_outputs/all.combrep_1/EucDistWater_Total.PersistForestCover_Total.Silt_Total/EucDistWater_Total.PersistForestCover_Total.Silt_Total.asc
NCOLS 160 
NROWS 95 
XLLCORNER 210004.651214014 
YLLCORNER 7350008.22228844 
CELLSIZE 4999.99999999997 
NODATA_value -9999 
[rows 21 to 41 of 95, columns 92 to 137 of 160]
16.0717252832348 9.29456000878227 7.17825289898803 6.50520278463209 15.1051626562762 24.434557480846 31.8087326900461 25.1864960124726 15.8165279362316 7.19514508217542 8.10893466840894 15.7155767289827 11.8738516178691 4.82814596713027 3.90333524335488 9.26141448485903 16.7285037157016 12.1088528746412 9.40031464631623 3.2169194568427 2.13507297845541 7.59403102020817 13.8925225805659 10.0152620226917 5.51491926606435 4.98960894569533 4.85035187645056 4.06743108447509 3.95727057226009 4.12248851459946 3.65347095040854 8.63659363136416 8.61345490429592 4.76235456171718 6.79145534889801 4.25999340550582 6.75198218307657 13.5926176070634 18.4634673418463 16.2690722848195 17.6920890976836 22.9012975464593 25.6026983754546 28.590549809675 33.4095503795493 39.2330804529734
13.3189728289194 6.49917224447212 5.12335146745632 6.52213714306614 14.2703045872752 23.2458358990691 31.6950316372882 28.1366032075349 20.4414734354966 15.1464828442628 15.452695849824 13.8730647344554 6.10763101386913 4.834946481415 4.35430411874326 10.2303222097918 19.4051928691268 20.1078970990048 14.1360635849242 5.97460476744312 2.46893001780323 4.86615403624649 12.2728174440772 16.8944723940718 14.3057633146505 12.7709140254175 12.375510611393 12.5858740772419 10.5453665566841 9.0481208154316 6.68990456842348 3.74811011535719 5.79413449457284 5.79210436334475 5.76567694235246 7.21715790557252 6.30211677156913 8.8708373811796 10.4080307852814 7.25235625153911 10.3928607453188 14.3221491827176 16.2632715022938 20.3405388225791 26.3041493079777 32.3664586010847
9.41848370348065 10.9621967416755 7.71804572913773 6.78335828768391 15.3477314475275 23.1193566592915 32.153766612896 33.5094596573393 27.1890486013692 22.3839078553554 19.4224203684854 14.9953264808026 9.04429075776968 9.54053470648779 4.70069056251686 10.5961725465395 20.1212489257203 24.2540964974059 19.0204262507208 11.7849494736741 4.1987268549896 2.80034474381277 6.82836163906731 13.5474624571937 16.3757663860244 8.70490635649969 8.19215014394657 12.4819078923793 14.5559582903551 15.7788036989906 13.9695392175896 7.55159317878258 5.91323474155308 4.99593699422872 4.27241110818731 4.0275700371713 4.61808801711599 3.80731451064082 3.76788344424648 3.30694020350634 4.58389982846863 6.91589264597626 10.6545031507103 13.3769749258571 19.8850229470218 24.1019554767597
3.99560902334387 5.27733343548237 12.4477228104307 15.209236948642 19.2559279791284 26.2914467037537 33.4742363106017 33.8455300125086 25.6147527895453 17.6532692412747 11.3564595806638 11.0640647611606 8.24492618080685 7.87225327659646 3.56474027906445 10.4918440683124 19.1959335845622 19.2753643902307 17.0591140038508 13.8441522433145 5.74067799368411 3.95787387172054 3.6964439772101 7.61497878826425 12.7347171724288 8.92665997672289 7.16762033939485 4.6776018733799 6.58260914058504 11.0713521401153 15.7678332489718 10.9940681474452 5.29510478981793 9.22263490917157 7.0543610438729 6.80291415367854 12.0563158076938 11.8247980618564 9.12161210909106 5.12184730432649 4.08999249633413 4.457247750022 5.87775518789079 15.3571695714749 14.4133928801685 15.5726361968703
10.6029837156198 8.10581178399968 10.4287686959946 12.5299511056048 16.4906686073816 23.5911290940295 26.8970334488209 28.8601743547379 23.1461485059292 13.7001782011188 5.05204396432803 6.64440902055408 4.50270019752083 5.739003256873 3.65396083393427 9.98791210911982 17.5205022599706 10.9185468966434 8.30768487372115 13.8996481776656 4.43439336131255 5.37267028778154 6.25879344709321 4.62783425236002 5.20684277511413 11.4173487657974 12.9442614473302 8.33738098180782 3.49193502775295 8.96161068871134 13.8448541703173 8.68430841632947 4.90305031427409 9.16333510067764 5.5001528080002 6.19109799712321 13.5462404546705 11.0686613418854 9.55972786886293 12.9123261289821 10.731722917901 5.66141668222319 7.46387197375754 6.43703084335018 6.55194961077985 12.1962754334643
15.277893169243 16.6977329376305 10.9950412178152 4.78782517106324 10.974899422768 16.0530253801465 17.697565405207 20.4277555569301 21.0421344283986 16.2667851437178 10.6975638151564 9.72248439512417 4.61218619055398 5.44649468685232 4.34371956764087 10.483995492666 17.8987816092079 11.4899964509153 6.55876436907685 10.7843574266437 5.74141040801093 10.2620050829753 11.1676535116787 3.47413981532841 4.99418539349936 10.3083984838915 17.5567251336943 11.4924098984699 5.79898831758005 4.84571786890441 9.02789078916347 6.24853211325152 3.98641843239696 5.24362226550315 5.46789283781457 4.61422265458382 10.0195959769626 8.12161757204727 6.60159705842018 14.6878216408841 18.0125049412167 10.8802042956575 4.35902072944925 8.53011530619698 7.35992670370607 3.94044239686763
11.2344267568627 18.0992283058515 13.523586348893 5.77337044222118 6.26562831412779 6.61549810141436 9.01054095628205 11.0199857685758 13.7572102713837 14.3433060756625 14.0206892075037 14.809653632627 12.3457305217032 9.29338204559778 3.74678528799534 11.6922334076194 14.0369967201373 11.1722316655573 8.82339626498693 10.3123103722721 4.88867326056239 6.29620175880243 7.11923204940928 4.85602181288346 3.53393735733496 10.2111970128817 17.7952168179052 18.0784010650199 14.6905526723725 11.0972161830313 6.51445483861085 6.59480145164763 3.53797577362578 4.03437789260155 6.49241810706697 4.14870388972985 4.79147760115803 8.09404695787577 4.42892800419599 11.5444945559755 19.4562355303505 13.979858447366 5.01739973989993 7.17392801805044 10.4851081004791 9.34059567961121
5.66616056211676 12.6610006559483 15.3152975192569 10.3525474746601 4.80394785179171 4.28577384860532 4.06531201045797 5.09408143719887 7.47630347270401 6.41224527552197 7.56572885742411 16.3351216289511 17.7874406395574 8.74261604102687 3.32193600973596 5.14577186425345 6.81247545803044 7.9835732443319 7.24196066445717 7.57236033079614 4.13322192920904 4.79675191136944 6.17663338542051 5.20405942498051 4.64585671871148 5.25860410566406 13.543213276912 22.328024740286 22.1617870933662 17.2899793214812 12.0176254844207 10.4017427838334 4.62475094604888 3.5301053166022 4.27233444877323 4.78118230769752 8.99322955992038 11.902306831535 8.62554676637071 13.3350053211696 17.5831244016165 11.9191467739206 4.71268353777545 9.8884194728895 11.8610041318324 13.7996380209862
2.90612751209784 4.98725182015568 7.96558442117286 10.5531174227712 5.55068046113372 7.52379021869052 6.86038275942681 5.49747704131005 5.47640283344466 15.6619738666299 13.0905439773544 13.0102039718226 16.0737166226064 10.439903599515 4.32457247925239 6.45067293605933 4.0763117249357 5.99276693778307 7.21832086573819 5.30011208845703 5.87180943241694 4.1434276753322 5.91125520685489 4.43924567568793 6.44191752678143 4.52961733655373 11.5102605273791 18.1660604188333 17.1934813465181 11.4642134655566 9.56103400624076 9.09755815742208 6.62878531714724 7.75827054390126 3.68647934507605 3.69558890011723 7.82026982636909 13.2544206990571 14.0976597639661 15.0557324176865 9.82666282149161 6.88719315868804 4.22707465888627 9.9465222347056 12.3617250621905 14.6904537090488
9.49666581531277 4.23901614297022 3.80403875202565 4.43468191992828 10.7247918076546 13.5984017208355 14.6370665193719 10.7700295434772 12.2743268644388 12.5094831314561 13.0891215024071 26.0240972677065 12.5135770501603 10.0674280795337 8.53977851881428 13.1470774072134 7.53823542758554 4.33496351403561 4.29069781446037 8.60885739064223 6.28209178909862 4.62925996455117 4.73400659202848 4.74390493060461 10.1070257318724 5.26126017864129 7.55661918509845 10.0257731943882 12.2416739590265 5.39371514388895 3.78100159649939 5.42327979814689 4.39639851297163 5.37124541493289 3.53934908286744 4.37904386785546 3.73978464181843 6.18841038542545 6.84450175339398 8.92388104827557 4.75814223392141 3.19780036510145 7.37881002807311 7.96450864916924 8.26052557176728 14.7467055411273
16.0233612566901 8.19494558537223 5.39272230518329 9.14187041503143 17.6376373288297 8.75155205544235 15.0074396310483 16.9568487987755 15.2095009050221 11.9468214685228 8.25143717348874 12.4377684865154 6.33965839037677 3.96097078933342 7.40650072437913 11.8119598440812 8.13854986073562 4.56692526947503 3.95560415748504 4.20528748984782 5.96935919691965 4.56946825102521 4.7909641774105 5.19644650308134 10.6576276758463 4.97761356537984 5.09876724236333 4.87864738984625 6.09005565858807 7.22908449533029 4.99010281417864 4.88144531285454 4.87571483453005 6.56244326688786 3.78973524316461 6.73063420725235 5.80086289546689 3.97094068724853 5.60909508074875 3.97487990150086 2.67563995709793 5.29916376853646 12.6377626775543 10.5092001887662 10.2395981726745 14.8595390629346
12.4757537930182 11.6754039826901 7.26718648773277 5.02375673435705 16.7243427051805 8.6535843980434 6.90818102921414 10.4856734085883 7.61948566398239 6.54685514977185 4.97980805489026 6.64638363999538 7.27038054782018 4.81030268407989 3.79783990613076 5.49918337566892 8.88469319400183 4.52738615726222 5.5549039875687 4.26577730390564 5.84126617180588 3.88978320554376 4.7160492990234 7.75750582536035 9.97244566314354 3.98584950481793 4.40382587302095 4.1568491247806 3.35046781033591 3.62959183037947 3.34121206357984 5.46343428018077 6.68967159281148 6.43484526918725 4.27496229292753 8.90641785139844 7.28724909022463 5.3480013563079 11.3687351397738 6.71641608690416 4.31173242158683 7.5552216724733 16.0254126863764 18.3688746031485 18.3690078330116 13.7696837769187
6.13028471592137 9.94361846142664 11.5692233451515 4.36619295116457 9.20060490167336 7.61420961469483 6.56307603169634 8.63593675555429 4.62205043223401 4.5418718389188 3.10439420953378 5.86671576098096 7.17646164606612 5.21530571993377 5.60557559236264 6.13510048855489 6.95488188821641 7.77421871646149 4.23998569093988 4.87752372435188 6.57139824522409 4.88365970960346 3.45728675041927 6.94932819406662 5.23654979576158 3.6153882991498 4.5347033058458 5.06819125076636 5.1241230325944 6.15462861835588 6.53722642043572 4.91632917259998 3.88739071379371 4.99270887380813 7.87548534471649 10.1795689722763 12.180293506727 10.9519467011934 6.68929298122737 4.65593649828932 6.23537694304784 5.94501000353912 12.6578010936827 13.9728864778833 17.1587153972307 12.5911503063229
11.6835273046001 9.84623410738102 10.9908651597389 5.84075687633476 4.01758098030582 7.49557475781746 5.40073687793867 8.48513850636042 8.05732392211246 6.27910405842337 7.74804891538811 4.96639875812706 5.4253731850202 4.39964731418214 4.60681524947103 7.47913288559405 6.95611277977675 5.28316028792224 4.1187823489525 8.35638290236328 8.31959524864564 4.30805805606586 4.50465497469016 10.6677402258424 9.4554173558615 9.11548851556878 8.18229215319638 9.91398868890979 4.76620130414129 5.8113625534464 9.54932713494903 5.49707285634168 6.31104078400128 4.66478742255971 7.16854312085454 5.2233573253713 10.675552801632 11.3741599595254 4.27751069918983 4.93423927428591 10.8275397506054 9.67139995778319 9.05247433326961 5.40988493696046 9.38559298611171 14.2510765679283
12.0547494654507 5.86227480882164 6.37110339589233 6.32937387541866 3.17383745829487 7.36444463743785 5.88141006587573 10.0749255323773 6.35354383982079 6.40002669005703 8.62722422150245 5.80511148288662 3.80755176641417 5.26706643233079 6.04346559061545 10.0070117155126 10.4685970253011 8.30307166535565 8.06453973899464 7.67036596376843 4.37429708827453 3.51805487631276 5.15436931346574 11.8564658499519 7.19858385305357 6.09315124647036 4.32431112953391 6.32215416008953 6.09707183305262 4.52670203240848 5.77201060375762 7.32913710129565 12.7192292656133 9.8737029387024 10.8351779995505 8.55304406330975 4.57438262958434 6.86559536971861 3.76454765412205 8.29942852110043 8.73538827025076 14.1873858485132 10.1232916992893 4.31832242622046 7.56733879590292 7.99887438418777
13.7602125391305 8.63629442336997 6.35266622411354 9.22123619775764 4.59049016551843 4.24415172726736 5.94434716488479 8.23948186314681 8.10658247334062 6.0635806211221 5.88112878931494 5.3894232122015 5.93620265896437 5.86738427045437 4.61724186225937 5.95796913648658 7.42126501081089 3.75960277595103 5.7837831341568 3.78968839847365 6.20538293928007 4.83245185614963 3.36355062682766 6.15990793639172 10.1400324740313 9.13122907836927 4.59513442484193 5.46411394578762 6.97639413713264 3.14248749251094 5.8539735007117 11.5247761372043 13.1012260427656 12.0557178316438 6.48723994781822 5.60323809345713 6.14828178488257 3.40231770568024 5.49700232933746 9.77735225101625 6.36038711765308 13.1861602852306 11.0690251606837 5.33979224409218 8.28443098306654 3.21314081263654
20.0908087707172 15.8223618367293 13.7823628424043 8.50037079002296 6.00535397568371 5.18891244299256 4.54222312022025 5.33356717878252 11.9546405442127 9.69252268999079 9.19523013514163 10.9049846302821 7.84258227445372 5.86014674625707 4.27746026261023 3.55285385644509 4.04546639073129 4.63101660487041 5.91796386532664 7.20985776188591 4.27443002983269 6.63751496778533 5.31879524049333 5.63997060839763 6.40320666771037 10.8081991726597 10.1442073403768 7.92249585975213 7.07514465224535 6.25435928552755 11.4442761110529 13.977631415711 6.04914451861949 7.52984219886958 4.3650520054402 2.48688933757583 3.44474712409575 4.29427297200379 3.9350849413561 11.2942758229117 9.81492364318011 8.20112487655649 9.05436574120925 6.38413584977969 6.08876719122025 5.40650851398489
27.4528204846246 23.7041594061445 18.372202167129 10.9622717706996 9.6339277526458 11.0273332253753 5.45265653904198 5.47312833133442 13.3096969806561 16.2489428348625 9.53413092048915 5.02769414531443 3.74725487439166 5.45484248411662 6.38832309071513 4.34744509785926 4.58327942569569 4.14829681412351 6.07584156497844 8.65114402094614 4.06074291462958 7.08665395648031 4.29550990521144 7.26255210417714 4.86315520363736 5.43618257736991 13.0216014520642 9.77467188373133 5.13129990614633 8.1224853274706 9.33238673055125 14.8825311057385 10.6846076348138 9.74443499119446 4.02486652633606 4.49293095516537 8.68122228005628 7.25428649069598 7.09920008466588 12.5596674268713 7.65392297537811 3.37419492519505 4.13293902424491 4.70378225716422 3.81189482486336 5.23138575940025
26.2264492345759 20.8164432870411 13.9322353431204 12.3234863908792 16.3157928540537 13.6520500938453 5.77169547253072 8.05147036624715 8.36403636468888 14.3843868176118 10.4387383927994 6.1659169359803 4.96818247637021 5.45071521684369 5.65778656805669 4.90241412575155 9.57158913945001 7.79009108675723 4.68144058469719 9.06615303728111 7.33139853182847 4.77962116880985 3.24325381965813 3.47414204756902 6.8163161801248 8.79597887767312 14.3147509752624 8.82630974292615 5.78054515481577 6.45774829772384 7.66108668272253 11.5197171059751 11.5077424669823 6.34210450682375 4.44197130209043 4.59009497472406 5.22737474779016 4.92774200236874 6.69907503196164 6.51945279939137 12.2523103342755 11.1466457691361 9.17164119876163 5.50018385060455 6.49539470500737 6.62021670170794
20.4418374255181 17.6623832486515 8.20096129405384 5.37626681438125 14.1550806592684 18.0905802372341 13.9918931085746 9.40682144935023 4.51596826427018 9.99233046989892 8.49926491461025 5.39855420897076 5.19455401794475 8.14577466897008 7.02947054290595 6.10700756748804 5.86268729791057 11.4112331019186 7.32845971123145 9.01977094035341 13.5291674418521 10.581598002941 4.28236081588468 5.56212655361648 3.29095637453642 8.36586747550345 14.2150298315255 11.0537206593767 6.74411413958693 3.53191474227453 6.23140319111969 4.46226875415301 4.46758532310643 4.12234290039284 5.25157048292016 3.90933176813231 5.29779584422844 7.01783394478267 3.23478914892261 5.84661041508902 11.4340087678661 13.0695615924966 8.69049791227578 5.94281079424201 5.27442908957366 7.91705472589106
12.8205301637389 17.2465464034277 9.6535824169612 6.04810757273066 13.7530244859218 21.003766621272 20.6805537137734 13.8211755090144 6.76931420969621 5.03157834309128 3.74527160082824 5.22986463830922 4.08076395367762 5.15874402154428 4.35021947216971 3.25617676934814 2.85031676426467 6.79639410906365 9.91348656910634 6.8740809762688 9.55848762747275 6.15786151984288 6.65630297515878 10.2365190626054 7.88321237557899 3.59057091973231 6.83473098773494 8.19117878389571 10.0108435418809 10.0566494109978 8.05117134898368 4.56661264083721 7.6825523666558 7.97315650591981 4.28448995820764 3.57225052940036 9.35883543419309 6.90615463616419 3.28997182631388 4.94905475102546 10.4593925541756 8.82162417937959 3.22346777747357 4.25371358727303 7.354381949272 9.10747488215218
