IBR/IBR_outputs/all.combrep_1/EucDistWater_Total.PersistForestCover_Total.Silt_Total/EucDistWater_Total.PersistForestCover_Total.Silt_Total.asc
NCOLS 160 
NROWS 95 
XLLCORNER 210004.651214014 
YLLCORNER 7350008.22228844 
CELLSIZE 4999.99999999997 
NODATA_value -9999 
[rows 42 to 62 of 95, columns 0 to 45 of 160]
-9999 -9999 -9999 -9999 -9999 -9999 -9999 -9999 -9999 -9999 -9999 -9999 -9999 -9999 -9999 -9999 -9999 -9999 -9999 -9999 -9999 5.87826151049712 6.46876937996046 12.6511295591992 6.59252522491855 5.55102330937067 11.2298611995085 7.80971003257271 10.9584343794991 19.5457383278927 28.5959664343063 33.2266308441598 32.7878427013543 34.5337553250368 14.6223294564991 9.57355867805887 15.8512185813151 17.7571130030345 14.6671757771802 18.9184530518773 20.3821337569105 20.9517279015715 14.69857547655 13.3185299746906 13.894282901039 10.5595112147275
-9999 -9999 -9999 -9999 -9999 -9999 -9999 -9999 -9999 -9999 -9999 -9999 -9999 -9999 -9999 -9999 -9999 -9999 4.00825988309781 4.30028902782424 10.5630156335435 6.23751812930625 9.47878162602375 15.4144005777324 10.6277646904452 8.90800783971641 15.6368326366962 17.0973699094977 18.7906984989351 24.893115048467 30.4695886231653 31.981900822005 31.8563559401 20.6217224486789 10.7167929892846 7.69170406741303 9.12918084207618 12.6982055210617 7.75745836110727 12.7030665673559 20.7451345911002 21.7701113609373 18.4351476752283 14.9347415675076 13.8782223103758 14.7525187480301
-9999 -9999 -9999 -9999 -9999 -9999 -9999 -9999 -9999 -9999 -9999 -9999 -9999 -9999 -9999 6.62227316978779 4.60221794352394 3.29609647226 7.05449426385782 3.64628428286873 9.7829835236575 14.7872912899814 17.3691919489342 23.2306559054099 19.3034648619251 17.8173855859867 21.5021692613253 24.4073818778531 25.0023954306681 29.5988040510195 24.6933018612672 22.9845968582388 35.2705138211658 23.306560723417 17.2864599692309 12.3688178589367 6.13899336323063 16.453369541636 9.77980602596375 13.9278909753134 14.8705524243208 13.2351964967168 11.0880520092823 6.33285176066736 6.65019964857123 4.95290204901378
-9999 -9999 -9999 -9999 -9999 -9999 -9999 -9999 -9999 -9999 -9999 -9999 -9999 11.9369306065458 5.30670416398166 3.83497621251741 6.29982119485543 6.02400876829279 11.455364407561 11.6582637978688 15.3489712023785 21.9153496130079 26.1914511206684 29.7010470941776 41.0024286087644 35.3325220469822 23.0044640224245 18.2001341147177 17.5327514014848 20.4358461623999 17.7774391300712 12.6797994707097 16.4867616149953 23.3566737905367 24.2737693917816 16.3384608688708 10.4437487445238 10.1028238667848 9.2488594213379 9.50634311522173 6.4352712887276 4.87144914068215 4.63215129440894 7.15630800889517 10.9739731143584 10.5661260628891
-9999 -9999 -9999 -9999 -9999 -9999 -9999 -9999 -9999 -9999 -9999 -9999 24.4859306939139 17.9092403597005 10.0902606695204 3.68385723535294 7.34796430738082 12.9715361654784 13.8348956429737 8.76678965350312 12.5474656125955 20.8920033384471 29.4036379922035 27.9530551096806 30.1763065840297 25.9382856371731 16.5203742481688 10.188084788612 9.25262003298228 15.2298444169883 10.4316292042433 7.49846901571528 11.5455499929867 20.3888136169809 25.3380100095009 20.6225959700573 16.5333823752558 13.0425784041651 5.20544946385828 3.90348156505078 7.1081704540268 7.90699539440453 10.7807100324466 13.3228266421072 19.205924701611 19.1941234151689
-9999 -9999 -9999 -9999 -9999 -9999 -9999 -9999 -9999 -9999 5.63472625372891 12.3840929690749 20.1884814343154 19.2368089204398 14.8432987510275 6.71079489458325 6.13763791385734 13.0847458611299 12.6055456396058 5.60192430004262 10.5792216218492 19.8281571262074 28.2477661639145 23.6840618235922 15.4210276990969 13.4743594090514 9.58286598234865 9.83162099048784 7.93118098635257 12.9340177603972 6.12266148627074 8.61786647816221 10.4859179146337 18.9602951588327 17.3978240666844 14.8687306809306 16.7909084250177 13.1097887796532 6.69577104157515 4.77336225172787 11.859452286075 7.29077881273328 13.2527207392608 21.2349180508448 19.43891251984 16.3817154000247
-9999 -9999 -9999 -9999 -9999 -9999 -9999 -9999 -9999 5.41424082617484 3.89888077472542 11.819051060937 13.3311676959382 10.2106626221165 12.6669283989723 11.3484970422938 19.9563503006007 20.4989439794883 9.10306621093382 11.149554819362 16.6257408094983 23.4848807324702 29.9592518630312 24.123501176963 15.3836128045769 8.32219836330061 5.93969447660235 12.288419492695 16.0979101137319 13.8386356420339 8.05660350112776 11.9821676218726 16.6119827173252 19.5181477504445 11.3402079140745 5.92897708306017 11.613265054927 6.60680846612889 7.79079873949904 8.68923139772975 16.3131866445227 16.1737025207706 17.124971257214 16.375256149576 12.9686472044235 7.09613304878533
-9999 -9999 -9999 -9999 -9999 -9999 -9999 -9999 -9999 3.9389386900721 6.44022843884345 14.1827206421755 9.28721150764621 3.81737352724956 9.63863898999781 13.9840987370838 51.7965131588193 33.829187347362 7.40236881254005 9.78047241843709 19.3074011397905 28.091934404428 29.8185881192548 21.8999063710674 14.9278822175943 11.0612668553614 11.8010852365254 8.65314720261111 14.4506820229194 16.3839306492882 11.9757388050296 14.8366007777097 21.8582122891545 20.8779278138467 11.5508216538919 5.18761843368956 11.4501142848895 7.21297211614437 7.84721319035709 16.193266656478 21.016551528521 16.6904583366401 10.7152265741827 9.23994283188755 6.62193566168034 9.45739459766636
-9999 -9999 -9999 -9999 -9999 -9999 -9999 -9999 14.9621700439603 5.86301004236206 9.87847361820196 17.3424885506834 13.9353928773205 10.9573822581464 15.4859633782852 127.124620425544 216.956277210604 45.6304701174948 22.6834079275283 15.1545307232458 22.3261921303047 30.2230113877858 27.9629238512905 18.6131271704063 9.26691597394169 5.13088403109314 8.24874751988532 7.74263653151821 7.62887936890085 11.9817386809862 5.84442985781329 10.9558123766888 19.1281140938033 20.9219156092062 14.7372287338314 10.6636778424777 13.5281053180382 7.4679984791865 6.05714352312579 11.9315676462359 16.7840299374954 11.8177807153042 6.09884528718107 8.44994521300344 5.94019381020325 12.5798716292093
-9999 -9999 -9999 -9999 -9999 -9999 -9999 -9999 23.7860022004473 13.297713457148 16.4533308012684 19.3167660026015 11.7286282336688 7.49534530278911 20.640418307836 224.878823073353 211.029574021276 23.6467273321262 31.0049658451674 23.2572214098304 28.5143199396261 34.0622187978812 29.117772074399 20.4087320179318 12.2319740617165 6.48091875217743 11.1687969599676 8.31949640840818 5.02526396267037 11.4733171694576 11.4690378632118 11.5914760128872 11.3526245241104 15.7923160658195 20.9116397331369 20.3074394786607 16.808336562638 7.71228933442762 5.68279355488462 5.84008810151921 12.1157733951972 6.11917907332007 9.18230415462114 8.63880354830782 4.94810529964806 11.4440548988624
-9999 -9999 -9999 -9999 -9999 -9999 -9999 38.5963271255889 25.5667101450144 22.704892413694 24.3431798614861 20.1650117854631 11.4184650622927 10.4533522176061 12.182226786704 27.9537916076513 170.284683416001 41.2272270982602 22.1873968745881 24.8179554781751 27.1722311377001 33.8383678079682 33.0540579185663 25.6773104118424 19.0323765145062 15.8195677147212 17.6070809818735 14.8979885368782 12.2060162748843 16.4656471076844 18.0039873051007 9.47205936886996 4.74704461297377 12.7918010523122 22.9489897772739 28.5703364481872 20.4511938518792 15.7491049716862 13.6217587725066 10.7065924359854 14.134749906591 11.4802924631207 9.1045647012561 5.87283950132253 5.25833403693337 7.10579688204005
-9999 -9999 -9999 -9999 -9999 -9999 46.4056635744272 40.438846371785 33.5371399798541 32.1167711970009 31.2824967829065 24.7031761387088 19.7958848686598 21.2370882950562 18.3295457995037 15.7089150076615 77.5981823682615 85.9018522457422 21.2636524140924 22.0342002282877 21.1421624841894 28.7034924444876 34.9903794285676 30.951737185367 26.0713720703045 24.0470185105336 25.4337377224488 23.3679011575592 21.8467821542547 21.7944284536171 18.5093633076035 13.3100568714662 11.3869954535506 14.9677544636386 21.7807212109446 23.5799208026892 23.1602237429767 22.8585568443296 22.2276473684064 20.4353650648829 19.002795805461 10.888616368957 5.93493753985954 7.4136542749291 5.41852583570448 6.82422025550543
-9999 -9999 -9999 -9999 -9999 -9999 54.9120768171543 45.5575426170491 42.2825305254875 41.126253407176 37.3642340671322 33.8057303896388 25.9932324742447 21.3670496625257 12.6707415487658 10.2774703292881 24.014078748217 60.775115517816 18.9798740927033 56.9918237731272 17.819243053782 24.1772402619525 31.2652593134396 26.6959876991476 21.2259422468826 19.3562403652414 22.2451182808853 27.4893251207884 26.3964434535177 17.9722629420291 11.0194553761709 11.0190171771598 8.8976372493717 9.17652877988731 15.763895423076 13.9136845994321 14.9543029320582 19.6935157577017 26.0629778444038 28.6365288940612 21.3366947213072 12.58663625267 5.45616927025521 4.38160549429271 5.46880935360595 3.82530951045372
-9999 -9999 -9999 -9999 -9999 61.9183517669119 61.3206942296107 53.2080820662817 50.8502813706059 48.5688815763981 41.5555036513714 36.7788540214602 34.8409790692224 36.5387635725021 15.3263631041677 7.64270712851501 35.234930497395 43.3489851856756 39.1118311561692 47.0337123786131 13.4078931584052 21.4445575138373 27.7711781935005 21.5115792146774 13.2801516903441 9.54129545902265 14.7951401194852 23.2069093068227 24.9921909969369 15.9247361448655 7.23687552694134 7.6698887780523 8.30058093569318 7.96777327457633 10.4342740458199 5.13271084836235 6.82013426174204 13.8380018804051 22.9657519784253 30.6451205077026 23.4252522213428 15.225686603886 8.72417154753155 4.62148501193193 4.99354234555939 6.08952355882073
-9999 -9999 -9999 -9999 -9999 62.94823724393 63.2865625492284 60.8267408880119 57.9682637792062 51.2546816420381 43.0645356607211 35.4129286822384 36.0107408362507 38.7210325320273 28.6023984902354 29.3193999929872 41.1894030381618 205.217627317186 101.174140230008 52.9807172752846 10.5733389855901 16.8974337684044 24.6009854222443 20.0054427814699 10.7026936414388 5.41583871518494 12.5833749117722 21.945618638895 26.5991488579323 19.8841218052517 14.324501594067 13.9101996025909 8.99874590255441 10.1875328527529 11.4005231016604 8.03811170150694 7.81545300644135 13.9877742147505 23.6379819061401 26.1497537428876 20.0509611110453 17.0883904110617 14.6904029446294 9.05149814763858 7.30159900007468 13.5082069157414
-9999 -9999 -9999 -9999 -9999 55.6158140362044 55.1266633369054 60.4367217258269 57.828422107461 49.6890183835314 41.4122290916049 35.0815895006594 33.4279410543873 42.7472105154992 38.1237439833936 70.4848515691394 141.840873756453 210.4681364404 140.773998870728 78.7106354132887 6.25338986938715 13.3883164231946 20.5940829577059 22.5390321597527 16.5049140774321 13.738685035246 17.5164177522963 22.0521376625901 22.3951448828061 23.5766199693607 21.8939545124086 17.2037416579816 12.2052577903063 8.19612708751217 13.5432510427543 17.4372786376437 18.0116788250156 20.3865283666479 24.6265377512028 18.7256295152309 11.8157543603939 7.88587535759307 14.1021346899702 18.0810527198178 17.0957513768646 20.1195364718013
-9999 -9999 -9999 -9999 46.1345657919492 46.557091560225 48.79197440788 55.2647730972816 56.2670982899253 49.9630632590864 40.8429009477363 39.381884565633 30.3924532003084 48.5332523980566 59.9241702225906 67.9973047245233 108.105349651444 254.629537018878 273.537339222278 356.421097249718 28.383291859634 8.16662570783064 14.4250132829302 22.9406602003116 24.7581209171145 23.0828362057445 21.0795706907089 14.9718637373366 12.7976222011073 16.3153575291234 17.6512439274763 10.4623110509365 6.89866764089418 5.31953598599036 12.2419404493424 21.4433744459489 26.4584800409417 28.8393240916399 25.7484180332888 15.0549701255624 6.25958715675233 6.34003371779568 14.5449410308634 24.2316561651957 27.2060012142831 23.0333826998157
-9999 -9999 -9999 -9999 37.859485831625 37.5287436469331 43.32190329623 50.7010931492722 55.6507494333892 54.7934624183571 43.8014164322572 37.4370207191681 32.4932217790365 26.0470857617665 28.8995316217326 49.191057430478 77.9185374770667 208.608098148431 302.899224089659 658.895244069097 665.937845872744 4.66896802212412 12.2913809905187 22.049835433642 30.3946238578223 27.9223074167392 18.8519255091661 9.6266063520182 5.81652633991376 8.06489385223635 11.8511795726368 10.7589950418809 6.05307848219405 8.15792466738864 15.440338757841 22.7904237309212 25.3162409564508 25.5634988954247 23.0235465943851 17.7956834469995 12.5545363507019 13.8739277263112 20.6770698969542 27.0136171066042 28.4641040654611 24.5027108532055
-9999 -9999 -9999 -9999 28.3269767100324 31.1048737100179 39.1648918708808 47.2663777528548 50.1006691878013 52.4575466564834 44.1871718689903 44.8318553124627 38.8783766550794 31.175472179872 67.4704914483792 70.3422300754097 101.689993698272 154.358384039205 185.207279287449 218.554232468946 424.202839368193 10.7186883348647 15.0047241215379 23.5618348044302 31.78656261599 29.5924943092027 20.932863122094 13.6938801082648 10.9774937624516 6.94182164451167 11.4264043875712 16.4143421545975 9.34440145599903 5.60665409209448 11.989545769861 15.7140322851126 15.9893108417195 16.9216995894963 15.13052104676 17.7959242215087 18.9357826990086 21.2087238100262 23.1446222637312 20.6305517283974 19.1578849950861 18.5155736533546
-9999 6.90956090335913 5.26212763899385 -9999 23.3031200195182 27.944528552091 36.9441690930065 45.284895763743 45.4189174090576 49.9800672464571 177.669042090882 108.440116951991 49.2300100051958 155.209557024637 51.2990955405934 38.0912022654432 93.5742770182119 63.442832644583 139.451128065117 148.124099112306 154.875078116562 17.7399745237055 17.0086212700771 21.2109250200434 27.8107262734892 30.0627312315587 22.5027304285002 15.2643077980661 12.5623612363899 14.304352919805 14.7832748003087 17.104929693264 12.3454108348682 4.48554295795423 6.64244886003901 6.65490493484143 7.10801244674155 10.1416362238314 6.27216061838537 8.78783384113792 8.70573523128855 11.7741178036888 15.041178915396 12.0230270400241 9.24763975216428 8.94860779895011
-9999 5.55984114936513 8.59610413632372 26.5243203516803 22.7924093837002 27.6646913616468 34.7543633180348 44.0218346003437 44.1280784733808 33.9117702658213 31.5764483636836 37.0940490067169 58.2650404126269 58.2960217745573 156.033866132843 44.7696353227871 115.739269044888 372.333300113286 522.257885879565 311.596410625082 162.940890721416 12.3385675457374 8.21705649161638 14.5233545489142 21.7727389045715 23.9347409941419 19.5790689539583 10.1334157331793 5.10676097993254 11.5992652512455 7.46466751407353 10.1831610128849 15.1308766560529 9.29751765188528 7.38870600671463 4.31392229164121 4.48920061393996 4.78083095831677 5.2725856514368 4.53018321434674 4.41852546552781 4.03872274977635 5.76934788256119 4.1300431920971 5.19285103720687 7.20049688920803
