IBR/IBR_outputs/all.combrep_1/EucDistWater_Total.PersistForestCover_Total.Silt_Total/EucDistWater_Total.PersistForestCover_Total.Silt_Total.asc
NCOLS 160 
NROWS 95 
XLLCORNER 210004.651214014 
YLLCORNER 7350008.22228844 
CELLSIZE 4999.99999999997 
NODATA_value -9999 
[rows 0 to 20 of 95, columns 92 to 137 of 160]
-9999 -9999 -9999 -9999 -9999 -9999 -9999 -9999 -9999 -9999 -9999 -9999 -9999 -9999 -9999 -9999 -9999 -9999 -9999 -9999 -9999 -9999 -9999 -9999 -9999 -9999 -9999 -9999 -9999 -9999 -9999 -9999 -9999 -9999 -9999 -9999 -9999 -9999 -9999 -9999 -9999 -9999 -9999 -9999 -9999 -9999
-9999 -9999 -9999 -9999 -9999 -9999 -9999 -9999 -9999 -9999 -9999 -9999 -9999 -9999 -9999 -9999 -9999 -9999 -9999 -9999 -9999 -9999 -9999 -9999 -9999 -9999 -9999 -9999 -9999 -9999 -9999 -9999 -9999 -9999 -9999 -9999 -9999 -9999 -9999 -9999 -9999 -9999 -9999 -9999 -9999 -9999
-9999 -9999 -9999 -9999 -9999 -9999 -9999 -9999 -9999 -9999 -9999 -9999 -9999 -9999 -9999 -9999 -9999 -9999 -9999 -9999 -9999 -9999 -9999 -9999 -9999 -9999 -9999 -9999 -9999 -9999 -9999 -9999 -9999 -9999 -9999 -9999 -9999 -9999 -9999 -9999 -9999 -9999 -9999 -9999 -9999 -9999
-9999 -9999 -9999 -9999 -9999 -9999 -9999 -9999 -9999 -9999 -9999 -9999 -9999 -9999 -9999 -9999 -9999 -9999 -9999 -9999 -9999 -9999 -9999 -9999 -9999 -9999 -9999 -9999 -9999 -9999 -9999 -9999 -9999 -9999 -9999 -9999 -9999 -9999 -9999 -9999 -9999 -9999 -9999 -9999 -9999 -9999
-9999 -9999 -9999 -9999 -9999 -9999 -9999 -9999 -9999 -9999 -9999 -9999 -9999 -9999 -9999 -9999 -9999 -9999 -9999 -9999 -9999 -9999 -9999 -9999 -9999 -9999 -9999 -9999 -9999 -9999 -9999 -9999 -9999 -9999 -9999 -9999 -9999 -9999 -9999 -9999 -9999 -9999 -9999 -9999 -9999 -9999
-9999 -9999 -9999 -9999 -9999 -9999 -9999 -9999 -9999 -9999 -9999 -9999 -9999 -9999 -9999 -9999 -9999 -9999 -9999 -9999 -9999 -9999 -9999 -9999 -9999 -9999 -9999 -9999 -9999 -9999 -9999 -9999 -9999 -9999 -9999 -9999 -9999 -9999 -9999 -9999 -9999 -9999 -9999 -9999 -9999 -9999
-9999 -9999 -9999 -9999 -9999 -9999 -9999 -9999 -9999 3.22675613196997 3.11656097315227 2.46612358584585 4.94532298173065 -9999 -9999 -9999 -9999 -9999 -9999 -9999 -9999 -9999 -9999 -9999 -9999 -9999 21.2369783502055 15.1999555832212 7.97652941562043 -9999 -9999 -9999 -9999 -9999 -9999 -9999 -9999 -9999 -9999 -9999 -9999 -9999 -9999 -9999 -9999 -9999
-9999 -9999 -9999 -9999 -9999 -9999 -9999 -9999 -9999 4.46160479471073 4.21677170060189 2.79789633413728 3.43284699743615 4.30656320232226 4.02218202268685 2.18785503795448 7.29865915589633 4.4550749045105 -9999 -9999 -9999 -9999 7.02553138850444 10.211098342536 6.15360985812015 13.0735066587647 22.2752377221952 19.8505261577217 13.3802854490567 10.8240890880348 11.9074483344718 17.7302668602914 26.0266387764323 27.2379065051668 18.2975931532416 9.76889342853545 7.92791456004948 15.6040654042638 24.7010032210853 33.7495772197998 42.603622505684 50.8409785507998 -9999 -9999 -9999 -9999
-9999 -9999 -9999 -9999 -9999 -9999 -9999 1 2.25007899732066 4.02078643954749 7.06055199850604 3.23064828894862 9.16878021189639 54.152352705393 75.8452748685087 13.1486317825365 12.9128955082981 5.7453945305765 3.4005641353299 -9999 -9999 6.3440539496343 4.2664548629063 5.2714922957573 9.76811593807744 16.8054488804039 24.7770818074254 25.6468567506589 21.6876476225756 20.5344078825956 20.8588283294529 23.1740549321638 27.6582078940163 27.0241472145985 18.1531854954436 9.5308596207604 7.68189796151664 15.52729583151 24.6250197287428 33.7123662784505 42.563243249796 51.1567794273307 58.19502805982 58.2544490586695 57.6201161614069 58.3309264012708
-9999 -9999 -9999 -9999 -9999 -9999 -9999 4.3981915822496 5.97292398499734 99.8055257408656 14.4870692746566 7.15673773088411 44.4151827252975 16.2261756997738 18.0376699831187 17.6517148820292 18.8069652857972 13.4951214026559 7.30605350652318 3.19078566122207 6.29831329162124 11.4620315059244 9.58734797120268 6.70687055720685 6.78292458928651 15.8535283433427 25.3199238961092 32.2037833252612 29.6153448405967 24.2824623039382 18.703180066149 16.8413744418797 20.4485423152268 26.2103282355407 22.9273705655777 17.3556181699136 16.4772711451842 21.0939181056551 28.2015228020451 36.2729959750461 44.5120507776736 52.7052415583732 60.7269161667042 65.8418258476209 65.8041512695572 66.3943780913376
-9999 -9999 -9999 -9999 -9999 -9999 8.31825886163812 10.2207641051785 21.0959874983165 48.6256625943778 77.6089307685754 6.07935184081721 15.5255254674039 67.6152464404892 29.5503861655247 27.6148850965039 23.4892105932558 15.5377752162786 6.57567707048414 3.82559366278339 7.50520731304992 15.0109967168579 18.1163691259568 12.8297041317457 12.6559043054828 18.9861442908359 27.2568582236889 34.596529778151 29.0581885749195 19.9757366140746 11.3103731124719 7.56283474014455 14.1603801139934 23.128976537109 28.9398264706735 26.3420447384943 25.8674340505199 28.8296752015308 34.1403908133165 40.8426220498751 48.1559674035906 55.6394015542091 63.152265937737 70.4238962549665 73.6275854716573 74.2047489899035
-9999 -9999 -9999 -9999 -9999 4.0605866451595 3.65709491603184 9.74163623746263 41.0986858374376 15.9589997709694 15.159956483547 8.17205656220396 50.517442995565 113.439492363046 42.6796881063633 27.8519896353432 23.9565078989822 14.8071698293019 6.73155013023352 8.59084073141406 15.5662173037295 20.7306257535112 25.0744081170957 21.8901940221194 21.7850065786335 25.758868623259 32.1211511144181 36.5072295028929 28.8718853505421 19.6959736366086 10.7997160391015 6.70637803429566 13.7212093853078 22.4944403288286 30.137562870793 32.3041127830648 31.1484925527775 32.7218506050964 36.5849420603789 42.070017813208 48.4860144181005 55.3617712396905 62.4148494106688 69.5299591752927 76.4595604221948 81.0872566886174
-9999 -9999 -9999 -9999 2.37179594283879 2.60431233334562 4.19641152719469 2.84144018243267 9.02581198665725 33.2922088916567 11.4583576879447 3.46886855590596 151.200058399664 156.135276343262 68.3039776993559 26.600105100605 25.8559401992361 19.7098148234781 15.1595791365634 16.1490808656397 22.135428836479 28.3871293266126 32.5951509146313 31.097697416359 31.0306674716869 33.7971304423198 38.65124672168 39.7945796446809 31.8154574191713 23.9762265567022 17.7039557579088 14.3684578176551 14.1662684255445 17.7161760859224 24.4537966929243 25.3686824575066 23.0104857583012 24.6764354877245 29.6237191223842 36.1638176722513 43.5668564526843 51.26627911432 58.9741777641314 66.5914230461755 74.0790114449994 81.4919255659746
-9999 -9999 3.8237376747315 2.91211847184677 2.82400484522368 4.79400048320261 6.2442227733355 3.01954753805579 5.18888948647932 5.01286029660638 6.27881706714826 3.65501807146528 20.6567543167632 254.918935856059 148.959217906601 42.6973004751759 20.5321906449333 17.4074511242013 15.6448646694679 19.4437369967881 26.1895809928915 32.8946040488449 32.8730699197586 32.0638939119176 33.8043344471443 37.6991615478366 42.5805559034796 41.4159228102378 36.4056306268729 29.5193493918304 21.3847735319837 12.1468146064638 5.84500288841763 11.4926295031187 20.036230128216 17.5155496352667 13.4568019225557 16.2634275282994 23.3422844473094 31.5455556127384 39.9813843677993 48.460029676175 56.6317974351121 64.6240904468357 72.396807293897 80.0394965601488
3.21089502319174 4.01633506208393 3.49496353682745 3.68157559775804 2.60368494084609 4.11153132972088 7.87725827085787 7.68050774511741 13.5384445014508 12.8288339010637 10.0864789453414 5.04483271426984 3.67025194991121 5.4529177130138 21.7660494348842 24.9945673052125 16.1462494455182 9.93623661957576 6.75888994184973 14.1329145628377 23.3048745472404 28.0577594932162 24.046779020106 22.8420848143358 25.6383245095587 31.2735580547762 36.6098046422216 33.8249651745189 31.9441662866546 29.8097603123018 21.8847813647652 12.6482911515554 6.03368701380155 11.3675464718092 18.7388959394519 12.4598610836263 5.28730500705411 10.6920699438298 19.9942929784743 29.4203329969513 38.4036246734801 47.2146269934258 55.6620323977475 63.8088245967266 71.682344171705 79.3294758901985
3.68032382004961 3.91422368036715 8.28090325492303 10.1010476254213 7.27824538048557 8.51830317818357 13.2168703171664 12.5328987536694 16.9305881709708 19.9591135810544 13.8220496863464 5.65286443705571 6.28489198316887 5.86303101442912 3.19245581104008 4.4384102400733 6.92242373719956 11.5209394612302 7.79974495199527 14.6376528498443 23.2766785659182 22.2472320580705 15.4268154183902 13.3301236103237 17.9494333830979 25.607610402459 30.2833379228636 25.5658391763163 22.7246986965482 23.8570098917165 24.3403485652167 16.7815463630895 10.2210999550981 10.6812256753924 17.2605177141164 14.6772715781973 9.53921044230976 13.2679069618673 21.4587995884397 30.3585948464234 39.1090761894747 47.6530728147935 56.0192135652386 64.1994221144878 71.9781006320807 79.2120337112353
6.80126651946073 6.51602958932031 6.31649519383664 11.9157682962484 12.5539116599423 15.6345420609466 10.9723730648964 5.1902643108996 11.8674082750193 18.9282981178025 12.0785600658639 4.03790899304368 7.04540069966502 6.67361710651306 7.15320552727605 5.24301899721075 2.58842807800874 10.8411809627916 43.1280412001974 17.7008199980259 19.7727014213751 18.0261512550983 9.69882432129803 5.56588366760541 13.5886370847169 22.9760667739669 25.302477506383 17.8030009166482 13.1523103189185 15.5426425320605 20.5274547898165 16.3846255213209 7.61351919906652 7.05278849535444 15.9975287207277 21.2434954097687 19.2005808489485 21.1521128253429 26.8410480201827 34.132972978483 41.9992686820317 49.8516544595579 57.9025663802584 65.5122280376864 71.2841414236731 74.5506004301973
5.13136745035266 5.93891104391864 10.5810719926282 6.20284658759833 7.92100227485294 16.4517345043341 12.07750174382 5.10040280279132 10.9442800894504 19.3983194928152 15.4310563509805 8.98982402305599 5.32342643596766 7.98079723456972 8.24313864367644 11.4551762953436 5.8041278814711 3.31267944914974 5.84158986247924 60.7245612211423 11.0485850850182 12.1483617160814 11.9645460507508 10.0135323730419 15.8370302069692 24.1983632339872 22.8553003927127 13.464016286878 5.81114443160737 10.015422795905 11.8229689604438 14.3926481162888 14.2409522442295 14.1606190876002 19.1534606581775 20.4445129625575 21.2286094865797 25.4199353578063 31.670158987453 38.7719859022389 45.9909963140556 52.4995176017535 57.5627265092606 61.8751174532295 64.3773252028243 67.4781254690497
5.6516085271949 11.0547220368729 14.2048851750139 11.3332876851793 12.3926230287934 19.2401042023629 17.382307555442 13.6351093520758 16.5382629061352 22.9653516870421 21.3991491646995 13.0052394576473 4.65467174421257 4.98537529593168 4.92038969332808 13.27992406022 12.3775864994208 5.38317594681599 3.90138384341447 3.77306054786559 12.3125302969352 5.39338265212868 8.29845862682921 14.4974045965684 19.1414232023327 23.5369102591709 23.4434061978881 15.948610314138 10.2429676719783 8.79064319481716 4.43232750866472 7.94860595856802 11.6078758073652 12.1969479631647 15.4778713072998 11.0431858069795 12.5413377178454 19.9976140944506 28.5635835801321 36.7854838239351 43.585743158209 46.7577636338754 50.7261368008158 53.9365687666405 56.5444348335816 60.3096613814197
10.6973917312601 6.30697244802739 9.54207850087958 16.743254890894 20.0180048567619 25.5101604047934 25.4186015599552 23.0756705971366 21.5873403100932 18.6689307713415 18.8957968498233 17.0139160578258 8.24458068411531 4.30000343889968 3.68335016862049 10.6095397900943 15.9080918560803 10.532065857687 5.72234583316754 2.86801939413739 2.83398801757852 3.7046319151421 3.52489890252503 7.2654557932994 11.2115706399646 14.6956893241127 17.4826684919812 17.4057153756945 17.1244568337935 13.3528424108821 8.17971844653675 5.58750004710863 7.12101276602877 6.5635991244175 9.18915519935849 6.47520993204586 8.37287596223048 16.4219294205464 24.4117917118197 32.2598557388005 35.6267004320216 38.7599896704012 43.1757485318882 45.668068300968 48.7298799052482 53.0170451176228
15.4411342219987 8.93690755545283 9.03196726082188 10.2150151037533 16.965891438529 25.6017770744654 31.5822802353433 25.8670981394615 16.9809030567441 9.71160941323968 10.4341249031655 16.9935313256447 11.7660877582188 3.76094978868228 4.26103434450043 9.52337067257766 15.8836735943764 8.74995720823059 5.40955035616578 4.75826665329278 2.16754938959949 7.41260573960119 8.03321083582651 3.17198972144228 3.72354759482695 5.88849121041977 7.97246112424117 8.18408656029209 10.5184532491584 12.0905898179322 10.691312333798 10.2912283460925 6.63882397633761 6.29407226119029 8.19436166868245 7.01941497194443 5.18571855219977 11.9970637229568 21.2646112581154 25.5446506956153 26.6127453758268 30.6302303605395 34.6580002132366 37.0712450217499 40.9898815987913 45.9322058523637
