IBR/IBR_outputs/all.combrep_1/PersistForestCover_Total.Spinifex_Total.WeatheringIndex_Total/PersistForestCover_Total.Spinifex_Total.WeatheringIndex_Total.asc
NCOLS 160 
NROWS 95 
XLLCORNER 210004.651214014 
YLLCORNER 7350008.22228844 
CELLSIZE 4999.99999999997 
NODATA_value -9999 
[rows 21 to 41 of 95, columns 46 to 91 of 160]
-9999 -9999 -9999 -9999 -9999 5.14018288685697 3.5478862429841 3.30999734807653 -9999 -9999 -9999 5.16814362531234 5.75811628871791 4.14452137811838 4.32259487492362 4.63236043187081 5.68148780380159 -9999 -9999 -9999 -9999 -9999 -9999 -9999 -9999 -9999 -9999 -9999 5.85518941034805 5.81292353604423 4.88707063111167 2.12304736159188 1.63183458411088 1.51845028299134 1.530174384072 3.26708857359254 5.20098515757429 5.21079519687033 5.20656476751655 5.1942708063675 4.29101004360561 2.06036716945653 3.07355075047333 4.83240483668009 1.71019515703299 1.9373630277037
-9999 -9999 -9999 -9999 3.70763381465223 3.57741451105086 4.14294597657617 5.62161833463664 5.80460501731999 -9999 5.86844243474741 5.84993827641584 3.77721772957223 3.03764510020608 3.1297716995036 5.11273373579871 5.66488642865967 5.72476542803864 -9999 -9999 -9999 -9999 -9999 5.76126759119472 5.65135193884429 5.70512094364602 5.88279088463414 5.79131082628628 5.81156900489046 5.78774381568451 5.33278925381198 4.36879943773864 1.86634074772078 1.56646538087661 1.78006742701471 2.45143652202257 4.02127052283497 5.20805249747898 5.20776024832653 5.20159467804801 2.77567244423476 2.1492472010246 2.13494009140066 4.84193951313783 2.36511600478352 1.96841460635084
-9999 -9999 5.4871433680431 5.37611809968732 5.83645822098469 6.02528424909136 6.22718986055215 6.00993056641876 5.77861483354983 5.31044974568749 5.81826255983519 4.73991396091381 3.55143189895575 4.35182997378663 3.2023250824358 5.60854350650105 5.79691609053619 5.80061401942379 5.74906300130341 5.63112645948893 5.70664962127823 5.72299945272334 5.56873152337165 5.66381806480961 5.73139308371902 5.7578315625249 5.75985284923064 5.71120792365781 5.73681541192362 5.62037121323496 5.49797596761306 3.78839360830039 4.38962884376083 2.46470426273162 1.66117169544035 2.6845639675866 2.8938299061143 4.06565885195336 5.19718920232191 5.20241243334728 2.63673660845817 2.07824798566205 2.39807778312054 2.21087778402655 1.79209801595205 1.86940306525121
-9999 5.48094071299874 5.74413274194486 5.7787153493846 5.728978952894 5.89698562293249 6.12729274268238 5.59867424837059 5.38784303624223 5.65839087070657 5.72950812894157 4.9253446526118 3.1945273071702 2.45426080862972 2.51205178719611 5.51963152437823 5.73031051398685 5.74157226201232 5.79768575774764 5.80452464332436 5.74301368090084 5.7243836385623 5.67147233786979 5.69846732013055 4.43912428266053 2.99661716613333 4.27377379695925 5.40998581457195 5.7511029531883 3.66178050417357 4.03698541717276 5.10822196699016 3.83077024572378 5.01459613833249 2.35035587130137 1.872526725095 3.70180837085115 3.07538687603214 3.36701086387083 5.10207460362403 2.32196052132655 2.07525468991815 2.07185863995056 1.80720029300792 1.66566619636649 1.59247597750641
5.23264821773383 5.45479323145446 5.76532146617076 5.67844494023551 5.54486192229699 5.51894702714025 5.20389305329153 5.66106613197861 5.17507396176734 5.46933219405786 4.76047236889179 3.87963168346679 2.43079576984945 2.51843271240889 2.57277125346243 3.8261374884342 5.95427809245336 5.73193540817796 5.72407134478469 5.72713880225428 5.71538649212302 5.71984648546288 5.72865039807515 5.77488140231014 4.45068871818868 2.65444501453925 1.63010060231338 1.78776159524474 3.33362430848958 2.71664557441443 2.53285375445481 3.55400619375363 3.60155200895214 5.27673474433498 3.68944616756249 2.01883930528353 2.39842996604345 3.35390374659272 3.03568338934414 3.85581887834447 2.31327031421565 1.90278185593335 1.86091444286763 1.79959344826225 1.68658784568461 1.60537536812637
5.07810408025126 5.37637968188363 5.69715034296981 5.53155320003305 5.14181804622965 5.18294294061947 4.94056051897864 5.02305734336724 4.24021271639372 4.05370671732758 3.45890769711167 2.49761466103418 1.83250682801713 2.29558005601448 2.70280661182866 4.53113509115714 5.61250657401396 5.77704728941163 5.72996026848093 5.70180598799078 5.69485596598001 5.69000865968841 5.74914580537689 5.82420878204587 5.76080837430371 5.82214590119176 4.02689337153618 1.85067862688041 1.88204851574997 1.99113339794127 1.77918236085751 1.9158290621493 2.46425914850569 3.6525911806211 3.70079804792306 2.23760581653312 2.27675134659738 2.27017247856125 2.28165961155761 4.39070743822941 3.22566209029614 2.63373927801521 2.09750204241064 1.81034353281623 1.87116151284413 1.52383995797035
5.11495194254135 5.64573558052351 5.16985738063317 5.74235390410689 5.58122426935621 5.63366117103227 5.76412374277869 5.46281278429589 5.34620404446684 5.00642041101482 4.39380945540717 3.80112013801759 2.24406574701067 2.37908754096357 3.49481922847745 3.12068015293594 3.77662888995088 3.16378826684073 2.61885748084368 5.11132882986939 5.68911843927281 3.58449193487901 3.45494274645641 4.96051370724802 5.69195588257047 5.49486338742062 3.48923592675437 2.12670743980749 2.0727425349679 2.72102871373247 1.84997214330222 2.10405785301601 2.00019055020744 3.87065637660711 3.085961050568 2.12604074195842 2.19489252558317 2.14670233026686 1.96034526913267 3.13463496213416 2.86001698387199 2.60945526929472 2.28275278561083 2.0662561153462 2.0193286170493 1.81378556743449
2.60023641313748 3.10795534105897 4.19682183949971 5.37483479814945 5.33425385420114 5.46483952796019 5.57365340363293 5.75843481694256 5.92533917746484 4.08792412162256 3.52553818286441 2.89575743260148 2.72712344437076 2.68926170649151 2.96281827986209 2.74462729237076 2.31082821906477 2.56475817711131 3.17272449499458 2.59907133437088 4.97614284471537 2.35848253686577 1.99635271620338 2.77480328694447 4.52837965748728 2.22600161346869 1.7550751436054 1.97901975582908 2.30304808113848 2.39287243224519 2.26429752048408 2.04943120809044 1.60749263675074 1.61383570073377 2.99074746263256 2.14089899395386 2.47423026400688 2.25515468036144 2.01409824461029 2.13867238170947 2.27812465361743 2.27570918119906 2.05777518265682 1.9530203581969 1.91667246826897 1.87517089506021
2.12890619399159 2.38900035109923 2.79524202823322 2.23589960577326 2.5614364749857 5.34631710151429 3.81338400742423 2.4147283605268 5.75683040339588 4.42724876744762 2.39910088524493 2.40043784701879 2.65540122992236 2.62875513490984 3.94616779074742 2.7028268143419 3.0252389076425 3.93246248862049 3.49510470352494 4.12190227162416 5.60576175887006 3.44058176526745 2.78933542228626 3.32350295412466 4.69225609629085 2.43314354047129 1.82323255588851 2.50872737702794 2.27771859623604 1.94380698435429 2.50459802750979 2.20357009572203 3.61777451393514 3.36238944355672 2.74906596549877 2.39915892207586 2.3651223348627 2.18363164412116 2.2857615920049 2.16754052146442 2.65386433179782 2.49454216766316 2.66714471659345 2.83447031941483 2.18834437408281 2.30278361582027
2.04832179444865 2.2215688797355 2.53419940919031 3.93443987197861 3.34282057719318 3.5829566899037 3.3600919004584 2.64020952053277 5.63570880625126 5.38357157605146 2.91133892657202 2.63348944381253 2.7470694849655 2.50764261761358 2.6357717474522 4.79549355318449 5.20329214475658 2.59014838807327 2.8368115090194 4.52408352573987 5.66071855330768 5.71912985015039 3.52985607661514 2.56523564027949 3.35773743188618 2.40000971285291 2.58263167069773 3.10977728855188 2.14899681742734 2.31463658032167 5.31612942171282 5.26190064893628 5.59184374619041 5.70717115290072 5.73370268508423 5.84554674500816 5.70283830449715 2.62787339906233 2.43096121332329 2.47731399358499 2.28930670873971 2.50995136933605 2.09490881530922 2.24496618828524 2.45662898069612 2.48938512426933
2.03874793891975 2.40746288440899 2.77490651886845 2.25636449470667 2.13838410922018 4.04927571475485 2.1460539846873 2.27354590184847 5.48352556473727 4.26133222735639 2.56335023745323 2.30774103375972 2.82138002196736 2.83855306095321 2.76135477744343 2.27705060533438 2.98643903342088 3.30186864115148 3.16143534753802 3.12067844067629 5.11257956851275 4.30814077453697 2.90672428049301 2.53856012841059 3.50835123197446 2.89304206760894 3.82364381769123 5.52536381861404 5.19033158611585 5.62450388096509 5.55685977262642 5.41140627037401 5.25447712481874 5.55281197266959 5.77315764159903 5.72969183091044 3.8366715098609 2.30574827262549 2.30663087818599 2.40310707105976 2.36437024146014 2.18492625925859 2.22753525312535 1.99554430445449 2.06258900766541 2.20904584808412
1.77998058376742 1.95339983489315 1.79756751585682 2.14553219974929 1.91618025332355 2.37540190265368 1.9981874802664 2.29134176044239 3.39568999105943 2.42436378135977 2.52050988445247 2.07107606945911 2.67427093726257 2.49405305417226 2.26456171943687 2.97305631070871 2.99227703472317 2.86589823365163 2.4450289703723 3.88993320684699 5.60632345359537 5.46439706740116 2.79883529093872 1.74027386653236 2.44588738741086 2.30922565960447 2.24114713003915 4.98333796171733 5.57774545917152 5.22442488450555 5.14810792921664 5.11284896360772 4.275822478891 3.77770940875009 3.14277263536747 3.26977314488381 2.8096585598622 2.02313911957018 2.00655292329736 2.42967749002269 2.25912234315093 2.61748819292989 2.13166218142362 1.68272520275799 1.73052706309184 1.80283027648749
1.71333504661199 1.97472823381366 1.66632829389175 1.89133636499791 2.05800121420981 2.13875613321611 2.00737166707888 2.16732013374718 2.4663244740653 2.15224924806237 2.25212424783933 1.76041728942695 2.2083079440686 2.11079071202345 2.26072710627566 3.13395379524529 4.0504375277557 2.6678257787185 2.97725056500232 3.97865263157846 5.5050227847736 5.34208207051915 3.65918429676192 1.65710816265781 2.33194171140114 2.44409226275166 2.58855506038536 5.20246617311873 5.68011036260738 4.74603106574768 4.00622123581977 2.37612346707393 1.40526495028939 1.19627426999067 1.62775283518439 2.25823582716318 2.4124464963731 1.79053018466939 2.30149626626605 2.44296291976195 2.37225469088761 3.29755919356164 1.76070317173413 1.74945334300042 1.63708302059758 1.93201848518278
1.58696888428271 1.73851209735891 1.62180525024548 1.82897703069463 1.84894516022592 1.84027446096075 1.89422770594759 1.98928589589692 2.19262391421063 2.28506535204273 1.89504768227975 1.99046094713594 2.21822435266991 2.38763316831079 2.31585782016454 3.03477721329276 3.62250333128455 3.88470614319313 4.12352904793795 5.19662126735411 5.25694026627738 4.05762221886403 2.96351720956536 1.96873422325642 2.67271250676749 2.51471115384099 2.6939251865542 5.19988248574197 5.7216634931217 4.73461974290748 1.59941431362701 1.38076370726803 1.41150170964762 1.38179000085853 2.28571087403119 2.31319600995544 2.31633705360692 1.98246701899416 3.15144166018988 2.91331075760303 1.79821482787313 2.37499354094512 1.9375146006639 1.61760173332226 1.65936557387207 1.84944896311044
1.73513655964771 1.6762206817965 1.89989037934505 1.80362715731851 1.45583060956423 1.54264842362358 1.66616125779884 2.33271097102264 2.05968667058385 2.22692067229856 2.44240766889969 2.11766574353747 1.82150544590637 2.12605879768862 2.06415302521116 2.18544789460862 3.15007933864481 5.02224457072743 5.04507938513566 4.95938147752915 5.27659621917821 3.42657543923007 2.36487962508854 2.57212842476187 2.28017373394177 2.25408376322158 2.58547876812188 4.47783130927572 5.59637269628285 5.66355338083891 2.75348849464136 1.47286349845358 1.60880248848326 2.05624131105067 3.07548909813311 2.62364123043315 1.92627292839077 2.31269377731309 2.16771804235394 1.89680463677088 2.11846821030576 2.49501078753186 1.79426493837722 1.60403776907728 1.41480142946845 1.76028134804214
2.15478483269052 2.21701015896025 1.79005233824513 1.62060653635598 1.57600070853545 1.80992208239484 1.6904295026362 1.77012217649224 1.63097551106602 2.02493056561478 2.1527739712931 2.17276137969477 1.9893529237651 2.11018297889885 1.98289046172813 2.18300490038847 1.9964158702682 3.28567597738565 4.31348112365991 4.99459107738146 4.49152113555766 2.53257068339035 2.40735538217259 2.36379182197653 2.22953620694947 2.44498493071309 2.17626151385394 2.83228605651972 3.92797764283915 4.67820071862592 4.31106251588575 2.48168566726523 2.17962443826709 2.13516531971734 1.81306377179225 2.06272583378039 2.05546677323653 2.13720093476124 2.07948822877522 1.97322300736677 1.81972198925099 1.95980174820031 1.60147447446049 1.40883175883847 1.20653152182174 1.43249863290932
2.50226515096098 2.41068372152052 2.50759164869507 2.19682189895505 2.23362755913393 2.08879451297543 2.1238293908916 2.21694244599391 2.38607549845957 2.22995972277682 2.6772673826557 2.26207381916591 2.18789664960899 2.2415089181256 2.4814026108064 2.48787334097182 1.99050280332366 1.64157762693293 2.44461506400088 3.02887086770036 2.75053672630028 2.43163090682456 2.49222007772912 2.40240670957083 2.46718341942651 2.70851294750542 2.57493797524485 2.39613766009547 2.86226644334901 2.60870169351846 2.55374471363568 3.17279883024962 1.73665871254178 2.34562104600141 2.33739324429282 2.17812026163066 2.23393653935212 2.09631815111606 1.8926647783958 1.66147338206928 1.65222980189322 2.42865159288585 1.76880403454512 1.66512815345943 1.59704648289265 1.21964050813724
1.94839401792632 2.27038229155436 2.2764451978592 1.95425187455525 1.77176908000268 2.32396051158148 2.66529702473834 2.80072884648484 2.60553158916282 2.86884850059283 2.97980033305013 2.65649788915192 2.88885079521401 3.28648469142452 2.43214634126996 3.53308669387395 2.32436655673159 1.88489410116973 2.02177561128996 2.14268906628313 2.35984077630281 2.56487324359806 2.4736551102573 2.40377048299206 2.32815984138959 2.12352104590725 2.52681193100208 2.39131447209703 2.577012768173 2.18764112151812 1.97667858761992 3.05450431654174 2.12447204532355 2.20837351883707 2.13870479204934 2.269310449327 1.65963210682379 1.68508732940355 1.63841018709044 1.63579233996036 1.84400524656467 2.2597911901723 2.21076804956727 1.3262934992899 1.26450079503834 1.19445073324209
1.78243759389196 1.58425915576368 1.8566191246354 2.47807530272076 2.13195508791627 2.49400392501264 2.42470190479644 1.98906170424035 2.54115642464709 2.55443373725839 2.7426032575376 3.2484586697119 3.72171724847485 3.15561478085764 2.85357662826574 4.00374371310968 2.93147813353009 2.56070553700161 2.50677629828435 2.50374959830688 2.31337345255326 2.47744951576102 2.44727147810931 2.25610081151502 2.20616504371352 2.17719996908811 2.38102194162665 2.19769351834184 2.18157138157184 2.05207801219923 2.0930615223786 2.05311956554103 2.21534122238829 2.2915827158999 2.01356952785307 2.26233652964581 1.96752099830394 1.75541996225264 1.54161734254905 1.66564279742774 1.72777712098282 1.87779368564122 2.65138020100445 2.43030561412543 1.73201796986511 1.37896904745012
2.06518526678269 1.89818000634348 1.96233357922611 2.31598129778369 2.57754251266202 2.92495860390509 2.37970108599774 2.07738448829414 3.24417890705156 2.53181724982297 2.30012717532269 2.28313882630912 3.48853838906545 2.66866650186368 2.539164048895 3.34450637660064 2.84118715713409 2.69312354522931 2.53348249323519 2.67231868890388 2.7096590382963 2.34095947017277 2.33776327562842 2.37383119426014 2.76061812291512 2.36256003991102 2.56680680959298 2.38509497208176 2.29669394415821 2.11321281842393 2.0226912978549 2.00503745365769 2.08958720543258 2.30029429618538 2.15933220111902 2.27055921907435 2.26134471604108 1.83050349463615 1.57039471365893 1.6167032381356 1.75018217723732 1.83536187128569 3.38482713150522 3.17045039243108 2.21131005863297 1.88398470535231
2.26188861951955 2.52726027352352 2.94753513128637 3.07310795150115 3.05249165502585 2.83628147872819 2.51052145578459 2.66357175189358 2.79866018896806 2.78195940404022 2.52436473453049 2.82063203220729 2.56883050819932 2.25211206827862 2.42463098325579 2.30692360372777 2.94946928063598 2.83034780478919 2.57301440960781 2.63511032658254 2.36457924682559 2.15062231758011 2.05045037745175 2.22160781383735 3.60324853310426 4.35703888641323 2.34246324992041 2.1759442708535 2.44317871726359 2.18291172708408 2.0664331269234 2.09840530023574 2.27361285510647 2.38743188275424 2.03787319139545 2.0941498752084 2.29059953481229 1.52937226698153 1.57367554771752 1.38419366248852 2.26114302641115 1.90502470996151 3.60824067917622 2.31166628043853 2.64665907804635 2.22143048199909
