IBR/IBR_outputs/all.combrep_1/PersistForestCover_Total.Spinifex_Total.WeatheringIndex_Total/PersistForestCover_Total.Spinifex_Total.WeatheringIndex_Total.asc
NCOLS 160 
NROWS 95 
XLLCORNER 210004.651214014 
YLLCORNER 7350008.22228844 
CELLSIZE 4999.99999999997 
NODATA_value -9999 
[rows 63 to 83 of 95, columns 92 to 137 of 160]
2.80092100882836 2.48334894414857 1.94155939818413 2.17445108496803 2.19318770614419 2.31228610500488 2.74270037752186 3.00413446891205 2.59091587903763 3.43370341223907 4.100934491002 4.51151913835306 5.73784777981822 5.75063555094392 5.73421125794 5.70382310380381 5.7113878599505 5.76293459761206 5.80869836775577 5.77597586461951 5.79806043112977 5.78843748438565 5.70594631142651 5.78437261321137 5.80000969575093 5.81269151117594 5.76279123291046 4.21586921110718 3.42108070578487 3.98332944097889 5.33873949064376 3.07909550575034 2.94130988752195 2.97887674240472 3.29645109166659 4.95832716898543 5.16714396123737 5.16749997255184 4.94315751373178 4.42687669829862 2.86009771532057 3.37633718723797 3.24266406976596 3.9051665244313 3.89997239950411 3.8885979847073
2.17274029006284 2.67096118145724 5.30178511556314 4.20356361239906 4.04610532419982 2.34051216652439 2.3125277251442 2.15325440402712 2.38045258121275 2.62442904465313 3.17192530736872 3.1160616666164 5.37540133233715 5.78187459637141 5.74487786492279 5.72263231229831 5.70153593387869 5.67532016562565 5.72744200426585 5.82110580160319 6.03480557711435 5.92189832129854 5.92306061382157 5.83504694968304 5.76669526908905 5.81059661579087 5.77058916719621 5.3511788541732 4.48346697217862 4.10153505029807 3.09258651036275 3.10981744026233 2.61393292109168 2.99195067170356 3.62946195937561 4.36804145110777 4.50458477504964 4.24679766315451 5.32513525510376 6.46683901208173 3.9355728640375 2.86477910055427 2.80783206514454 4.36036232191797 3.7776370964141 3.19695394168683
2.36392003258424 4.22088172473906 6.44703507007016 6.4719792088678 5.59003567723518 3.7590289343958 2.99362866421331 2.29325141937819 2.30384018707039 1.65458456231444 1.96299757827328 2.41641978951104 3.52339287063576 5.72113681186786 5.81691109576605 5.86426658266896 5.86185145262164 5.73860721828907 5.67401978048521 5.73307049792879 5.87875031505959 4.89470486418853 5.524758032983 5.78422195291471 5.83270870184133 5.93192303939566 5.79308992492135 5.74933305525822 5.69967358696216 5.0253515976178 3.98588460865653 4.02832505525718 2.93100132472287 2.94710234037348 3.26258877490835 4.00410894984372 4.3200786847234 5.11111552965376 5.03330292523558 5.05918946770831 4.0130276864305 3.00421127458951 3.4853854297043 4.68489953193606 4.40559829157399 3.87151575641728
2.81049764136764 4.25961496389702 4.70176531227542 6.67833568512112 5.53244866313089 6.29734827078788 3.84982276170162 3.0367691346327 4.1563981749074 2.5536308469978 2.40739442373974 2.0195475634506 2.83440954053293 4.29986871418985 5.12819366992659 5.96133142428758 5.37154571909947 4.75776839435137 5.61232595736701 5.65051022385551 5.74404295593896 5.73561986405029 5.28942427846042 5.12293361625667 5.66117628774641 5.6428246128213 5.78341606836395 5.76956496704399 5.73307124155628 5.76801516985904 5.85976417288845 5.85165387164501 4.32972109462496 4.60243694772152 4.16815047360161 3.75297133168309 2.55932371039658 4.16457161534323 2.39611231419466 2.36672812597146 1.70406870423394 1.49849781082638 2.98163883354302 4.14152982568754 4.16174923276847 3.44867172685932
2.51503305587559 3.74454992398934 2.56729332764104 5.81259771922974 6.20557391073625 5.90949773005774 4.99251507728783 2.38814673944376 2.55360102956202 2.10091818705995 2.15054569198125 2.16896906239381 1.64183686040283 3.28390326379874 3.76307683054473 2.98223177996077 2.73063163272813 3.27336709497662 5.52343205451043 5.53882818266737 5.63073291303296 5.62492049971308 2.96120732348733 4.82206986330699 5.53319854102648 3.33931115256547 3.08001861013439 5.69630649853927 5.76752970995256 5.78068148262462 5.73579320189703 5.74290253550979 3.46029514791204 2.1143637500215 1.98206312329104 2.23760240806264 2.26149766347942 2.32930873882953 3.16365289538139 2.24757875694348 1.87542040710791 1.39101348257543 2.31709328787415 3.5488969883783 4.71538663830459 3.84991701820794
5.25293295260234 3.99913102048625 6.63472362364108 7.01787446498189 5.3463990262586 4.46533648410909 5.62936265476609 4.3766140194029 2.53881413107526 2.84597922521795 2.06020309535352 2.4587414237526 2.21109856324717 3.07180173856801 2.69939726859253 2.57388598113647 2.64393726811234 2.42229576359578 2.76224144014357 5.21524566839021 5.72436547644964 5.78405895388108 5.32160334068583 5.53538211161984 5.58846772735882 3.27928714162828 2.60314407549035 4.89873077424031 5.55428265621322 5.70907847555848 5.55027804813338 5.12754976009704 2.0168595025034 2.17413343742926 2.42099621862568 2.626062263573 2.43555563084798 2.09823131368333 2.68281013769565 1.92359018699253 1.65651538871344 1.38145848704898 1.57728450301795 2.53747390200426 2.80599480526525 4.84978170242136
3.61633387735279 5.12313817685973 6.43707936289053 3.7199851995716 3.45995997665195 2.34763326358826 3.15804249561043 2.22732742434796 2.28688844449714 2.66865052930207 2.28387055503735 2.4340851917293 3.14931913621398 2.85851185580566 2.3296616125125 1.94093820816422 2.50172261628744 2.86621087312964 2.09098549124532 3.89650629246249 5.34355393299847 5.51385254511394 4.08192919974893 4.43262887007561 5.65674166883105 4.9169942177686 4.22724843528296 3.95290487608058 4.83646195070367 5.57603732427984 3.34920843374899 2.79867911775945 2.40875100385639 2.19740194428851 2.45401772167372 2.65733533194939 2.32028290612726 2.84257984517118 3.01879176886385 1.80485078642347 3.03108897609861 3.8407729428964 2.34967696961356 3.38539245756946 3.94889862742889 3.94935100699539
4.17676560754376 3.5241229283628 3.57160995743885 2.29534950035576 3.47732842573212 2.29060418377926 2.01982989030732 2.2352405310154 3.11155170298022 2.40652532027518 2.06375782078421 2.24346032322982 3.74435008228616 2.46597412244956 2.53879051436658 2.36189627950279 2.21417795415362 2.8534400518279 2.5684383504003 2.35508601053929 5.35796776042777 5.53988233151389 4.88329690164761 5.32872123531543 5.67531441960894 5.69489614990295 5.61378699632742 2.77436096963864 3.1516433851451 4.53417847450926 5.07287951119672 2.65777804746328 3.88948782519515 3.1248523063099 2.75615194477944 2.65498888988503 2.52418580319258 4.10844479254114 2.67418875613487 3.18117870565025 3.90116895593455 2.58997222994307 2.59302607582883 3.39683145762154 5.3690758312658 6.24221510148791
4.71224042767639 5.40504425630689 5.24200680831646 3.03358893502829 2.12316245084549 1.86066260398729 2.57879834484499 3.9958858667991 4.10760747813921 2.3015735066967 1.94910577009307 2.25216733410014 2.276621624931 2.1738349442134 2.42252947992788 1.92181431369687 1.51486458647484 2.10474089553978 3.89696436646515 4.45564344676809 5.6083714709223 5.24258435848772 4.16913394377452 5.68149701643314 5.75837103536725 5.72544033058403 5.15307287657193 2.76130777583165 2.32564578493506 3.42286362303685 4.57103351123595 2.66407483767177 3.20423609478758 5.7470899512011 4.77656631518091 2.44475519459531 2.45464336707137 2.41726146680169 4.3044675424852 4.86934505491655 3.08747193037532 2.3412688115575 3.11810539240767 6.42929177238623 7.04736598147581 7.12990829200714
3.13780114038081 4.21436883325945 4.79975231456839 4.26557468877519 3.1801859336337 2.78028364701089 2.99151859704596 3.79585953556245 5.70266305978915 4.81054370042494 4.64434067590504 3.75885734029631 2.4365074222714 3.04739864541196 2.99591460535172 1.93098708670322 1.7568405125283 1.80709006157164 2.82696352369591 5.16951017583681 5.30731090118103 3.381729529796 2.93717507237693 5.48412874740391 5.71784757558419 5.75831954329147 5.14720761120156 4.07379003142746 2.02002142828296 2.41179373285347 2.80808070648346 2.6983983799992 2.44694541101584 5.2497608456972 5.826958647676 3.33414638574506 2.56661286130061 3.12536686057912 5.91828538151372 6.27452907446398 3.53168414517957 2.58153541113693 3.32001265346472 6.51641657358254 6.80291869812792 5.09166996323464
3.87537617220594 4.12845489467419 5.92553981942162 3.27950819506005 2.73071537489007 2.47113740346194 2.97398118344089 2.78765884788794 2.6394715166639 5.60067959068308 4.72077711032259 3.71625800261297 3.57824550370803 2.67876309791485 2.09597890386034 2.63323986203934 2.27945763223536 1.82306827307696 2.12501035549112 3.28976644374443 2.59519357120487 2.15353043960736 2.33492809763877 5.37993246221197 5.71460040805344 5.76166061798065 5.74037337762866 2.91593368640437 2.05818348707417 2.16701167806205 3.44097250583521 2.62436767530095 2.467400194672 3.70967895619892 5.20456015989512 5.73555763501448 5.52341261878619 5.8575033294441 7.01271920855809 6.6974638398614 3.72767669094728 3.77653482317004 4.33295822635643 6.22068237728036 6.88399856036889 5.42373136529972
4.33232726930562 3.50460939050155 5.03550826419378 5.17452571714429 3.35246889038879 4.25738270183543 6.07730741196873 4.26508207511974 3.71032955940682 5.01905464593408 4.49606450714586 2.60074489672505 2.17436063037406 2.26784754157701 3.24251934143377 2.75144279018609 2.34128473266016 2.04207508314726 1.92036221531739 2.331000825148 2.03828641778506 2.0427891834883 2.18244093301024 2.7894565590092 5.48716638472055 5.80792082807345 5.07351915177679 1.97394989825041 2.0412219000377 3.12700118372496 5.0883826064324 4.46723688803678 3.51105762418137 3.2980485088064 2.67660051373431 3.2779886103905 5.60394704232232 5.83416371668615 6.45441500865376 5.89838897791219 4.66281589000907 6.15024014803036 6.49249184011503 6.61943755471779 5.62494259318838 2.80649029832761
4.25647860115736 3.59463011046547 4.25560264816057 4.00440302494259 4.95662413091953 5.56565997696409 4.78901766336142 4.5689940250677 5.19685369599348 4.62919215869549 3.65798254267068 4.55373573069212 4.73701563091978 4.29831634386415 3.53556864622087 3.31815253604614 3.01986464393694 2.30255224015084 2.02388411614404 2.48254326404281 2.72826587060458 2.57124027060654 2.31868926344765 2.30126848477667 4.41247377536171 5.82808396728729 4.19719160051335 1.98913605993579 2.05583476914312 4.2095846931131 5.86886914041241 4.21450248105864 3.23568248931266 3.49332265906715 3.10695741281056 2.41916746415236 2.89130013937206 5.79377669086092 6.13943754473711 5.56114501665335 3.68447335770956 5.13493483614049 5.84141805049791 5.8574076216229 5.86998254456297 4.75242775256608
3.59373116152025 4.50588125381329 4.06604644992308 2.83354402858394 3.03775246905939 3.3562503446112 2.93913679336671 3.09262691168795 3.34924687572707 3.71126763166235 3.68064200719754 5.2962813388495 4.2014443132243 5.49234928580531 5.07924894649392 3.97800696707302 5.47734967872056 5.02455493975653 3.58297831542665 3.45189525437925 2.54245278009142 2.35461255185472 2.32831051489857 2.29092108759709 2.65774176953622 5.78947258831858 3.17205479450659 2.11039043085294 2.8681964439166 5.76033670920446 5.35541446045475 3.72425555129843 3.19611104777903 3.02088594840366 3.18356103574842 2.59353507170582 2.2997038217161 3.75328553710694 6.32252484968764 5.88100788932182 6.58157253913233 3.67188855242703 5.85889142479616 5.82070929829788 5.8823646861588 5.69532114867593
5.22333696621229 4.17531017314044 3.00899011273662 2.77080595468981 3.0205694281794 3.99954065927375 5.73905218332198 5.98708353628195 4.25302052958682 3.97457510510511 4.48138571785743 6.59628415628227 5.54031374081537 4.88959734317419 3.95830978186973 3.35534806982491 5.54097846547574 5.3560774968608 4.52543273611626 4.09666154995602 2.6016777298978 2.35834636695289 2.31302339371831 2.14187607675095 2.33696031920029 5.38553632169021 3.92962895761517 2.48617325452927 5.26541067247769 5.38006023033782 3.73573169990671 3.12226913603009 2.92827276319152 2.81917484364584 2.45519873337907 2.14731900220332 2.40232758829751 3.52490886466363 5.19441846614631 5.86664978850273 6.42835726411712 6.50770637223427 6.34743354268318 4.32077413751593 5.27360718164937 5.73768336964305
2.72998321427656 3.41905713776533 3.21770719984078 3.03520841160769 3.25823463922632 2.60467097393794 3.04132055875121 4.29864183425295 5.76508322904237 6.76664932448542 6.73756933711358 6.6105530998314 5.63489228841099 4.7372699617127 4.99575377565402 6.05047609543549 6.2545491942684 3.71050484672107 2.72337872623141 2.73046145841421 2.63442398061033 2.64435722595037 2.47813710901961 2.85560808784837 3.24373873219234 4.63230368584688 3.79884489804684 5.84658774363806 5.76561439302716 4.27141756783422 3.72051500156583 2.34570306113997 2.72695676942259 3.50557072909412 3.02590921354216 2.2558675797153 2.26592969155451 3.28222070288884 3.60244905503683 4.17138187350318 5.20551403741584 5.9591866436081 7.1806855797574 5.81057618005926 3.32136537894387 3.02623322002999
1.77155298039964 3.49081629614853 3.78337438317458 5.79818582935664 4.94080031681322 4.32065608024764 5.45382073083318 3.9269179997403 4.75523450920287 6.04291747792804 3.02825587586112 2.54485466380943 2.60211550483809 2.27372115325786 2.48021388171053 4.06502984153574 3.41019557100238 2.52330070407994 2.31944047320109 2.22649347005934 2.64459704032447 2.46797356975761 2.16470491121341 2.08228380259515 3.76805985731449 5.0157598134517 4.30270702157441 5.96366010158318 3.95349816256084 4.55338791349756 3.20584769334728 2.02297210514383 1.96216284926722 3.16820758335792 3.66241758110918 2.48396543960286 2.90246336945141 2.97449969545011 4.23306673730532 3.47837729978327 3.89874873457184 5.72535600255975 6.68509800377232 6.42060076990148 4.35227227547469 3.03699177399828
4.14182777384672 6.40688291186036 6.12477557933167 4.85902803367478 5.38336540729177 6.21915336001205 5.96136385584425 5.10144800154978 6.69024631686389 5.96756646385156 4.75199642806232 5.76704057380583 5.52047070259288 4.78623642153503 4.70522399074103 4.89539055752669 3.61878281712164 2.64503171178284 2.51077840160098 3.37244163695992 3.22619696784971 2.65483301805739 2.25613172290771 2.29197113718095 3.05369493881977 2.47414271543308 1.80689438791194 3.0072276681502 4.21844828090474 4.74721935848625 2.57521881659111 2.02195306185519 1.95940153808628 3.26285976532981 3.57256966694971 2.65893246601858 3.98551820458684 2.95269962300801 4.32174840488844 3.70839036343671 6.18392507148324 6.34370863003965 6.93068437063658 6.96628081839964 3.64078567862283 3.25037100315945
3.21154098558876 4.87434295081701 3.45963759985739 3.0563693667355 3.05952788932837 3.56572968830837 6.37267746769256 6.69133519780186 7.1339214956939 6.61792247474537 6.60935620062395 6.43102518620807 6.75457220137288 5.96687031472102 4.89269194286669 5.41999026842638 3.95285183462432 2.91807616179127 2.44735791970247 2.44364924728915 2.38668000941098 2.81214786442683 3.7509426848242 3.08474404741961 4.18274155372878 4.26975758846486 3.30693514516851 2.75362518750537 3.43568909423184 3.40045226295001 3.30383225747142 2.09340697456626 2.76958444449027 3.86355217232216 3.63063436862771 3.39524368816239 5.62108555849216 4.64955514667809 4.65684015285621 3.60146999866281 6.09376614484305 6.714309442698 6.77983230143101 6.18403406769033 5.90341904697224 3.8588441665115
3.61965095152704 4.83880173434455 3.45854677337974 3.10190002969736 3.38508950104675 2.40108969294829 2.64692429246488 4.43130608237165 7.0503218070666 6.46941740013759 6.08206960260936 6.04584862384552 6.61514269446262 5.17938731704248 4.63228731303521 4.15129083100274 4.92366824161268 3.85806208988479 3.14819886953351 2.89684078129828 2.14737369029392 2.81773210075923 3.730723095365 5.27528261377812 5.61582062173297 5.2235028668782 5.27423678755256 4.54149022906402 3.83734127977172 3.04110900350752 2.95339786296663 3.3884007942158 3.60647426417658 4.60860951473145 4.22566303263139 3.27120510197613 4.53308539065174 4.91785693109911 3.96784475363478 3.93507010384369 5.99818730566756 4.59371908233312 5.73141202702912 6.07561493256123 6.31036672738016 5.73399751824182
3.33028942733687 3.5432972696611 3.57827596158036 2.98518745324824 2.87268022943334 2.04300152272779 3.77936562939252 3.06214117753598 3.30937143034237 3.30140121532629 3.23447106119891 4.73211390558473 4.46532619174734 4.30323739322432 3.81044050823394 3.42797597652672 5.49152463544296 3.64210100782981 3.58413506798956 3.36529252690746 3.92741613753615 5.81041791341953 6.00788971191292 5.76541735310717 5.39175110131914 5.09976698112975 5.09498241534769 5.2107395814916 4.56369009935323 4.58220176253699 5.11700384765654 4.89848280498598 5.11691442236306 4.63893976108902 5.00103390499669 5.10126596546911 4.46916642455365 4.01129624000701 4.04322069718415 4.1321027062193 4.55380614026364 3.84734872665957 6.44247150764302 5.19987783329365 6.20530491260892 5.45813643998709
