0,18.3378237796942,18.2698646209667,20.106634690696,23.4871624635302,23.6603693266832,26.5293772015345,22.4805955621791,49.8926551377955,53.8535772229185,77.761501654249,51.2200204962712,48.7766624178007,48.8901902235806,42.5180188829709,43.33349718346,46.1392672515541,49.6998579885113,48.271638875754,44.271835926354,31.770432201,33.0767321300994,31.5220643225755,55.8322514066055,84.7303270359741,97.7805622845813,50.0603542355888,49.5259276177048,44.6796815893786,43.4281770563436,41.7512110335061,46.4468839449902,54.2606500455459,35.6978157283785,45.4017516004985,43.9655805148145,53.4003610989016,61.8069421635497,61.6437701373415,62.9837490747277,61.4591271447917,61.6604077171768,61.9292227799108,61.4323213079975,67.3334407903066,67.4488415173042,75.1612171732537,66.4155426198619,74.4938205211182,67.6292949732193,68.0136686130233,36.8952794467902,35.3299064693221,36.9696033899284,36.6279834252755,38.4517912038589,35.7146405196981,35.2834665083177,25.8829797772628,29.0942618568747,28.917544719924,28.303726668246,28.6612869412389,85.1780088598895,33.2099049127727,40.5033626569674,72.2660504845971,72.895036356271,70.8288282716081,66.8575935520166,64.1308187621902,62.4988178051359,68.5015526295452,66.6123987354857,62.9525505434599,38.8420122781664,40.8010492857499,46.6574546832167,33.8878044831003,33.3042076950084,42.8782471061209
18.3378237796942,0,19.7322860734275,17.7076338743844,18.716461173592,23.7515913892871,26.0916314548247,20.7791079884035,48.7661943680253,52.7305563175161,77.4697538316684,50.1116841867746,47.6631775568551,47.7737761519549,42.3535120452002,43.1345117058908,45.518877370934,49.0937614902302,47.6430713327581,43.676483195541,31.7043723970633,33.048362746026,31.4993286179161,55.3458996075756,84.5101020606613,97.5500878238116,49.4282870158507,48.9385659688285,44.5659367591469,42.3405132806305,40.6604247926244,45.3561489163772,54.0373469939311,35.7082922213248,45.1898256906297,43.7563600310434,52.3070788210771,61.5359537934365,61.3747109987086,62.7129489153827,61.1749842800693,61.3758917745014,61.6430597412978,61.145877152558,67.0504514699366,67.1696876831334,74.879541061651,66.1347664985674,74.2125916055839,67.3478134318475,67.7363233369672,36.4753186664005,34.9247480897883,36.5795797769537,36.1433782044006,38.1923185105005,35.4457717389366,34.9873201282577,25.9553003441079,29.1297553363686,29.0185327331859,28.4197471629461,28.873264326784,84.4587287529305,32.2611190082841,39.7452353991634,72.0077752672272,72.638337568129,70.571390467848,66.599325098402,63.8381646818782,62.2061249909877,68.2154038237094,66.3268524252435,62.6539145227373,38.3444773564256,40.321396902846,46.3606742154693,33.6274937880757,33.6066993953588,41.7167985112727
18.2698646209667,19.7322860734275,0,23.7516203514574,24.6924525645555,18.3310159571102,23.2958797236468,18.3881607412371,49.5718103829997,53.5238907517246,77.1371422236483,50.9752739712122,48.5256523122514,48.6077153726817,41.9301141148286,42.7133544826372,46.3666791767545,49.9163809097492,48.4867228759754,44.4981160434441,31.9348552029558,33.1269883162741,31.6227183647168,55.0631454559379,84.1775146741998,97.2146139697302,49.2791964631183,48.7384741825581,44.1906860475467,42.8233822969963,41.1366996442733,45.942605923603,53.6898009905671,35.5794779492521,44.7643906966846,43.3227312626957,53.1966528404983,61.1967962539675,61.0354160617424,62.3744481937242,60.8372176380623,61.0386299296726,61.3057430540061,60.8090367808655,66.715003408229,66.8334216345249,74.5441738576162,65.7987665652908,73.8772745542052,67.0120869177424,67.3997806420264,37.1423668260848,35.5858746531472,37.2054784546686,36.8901721885082,38.610642237058,35.8972590842622,35.4907223692378,24.4690335933769,29.2946014274249,29.0926012058907,28.5634677291816,28.8843025397024,85.3268954625838,31.7524506711759,39.6258071902792,71.6693411094002,72.299815529887,70.2328548567733,66.2607864178265,63.504282707013,61.8720426446929,67.8805961992626,65.9917321080393,62.3214231664213,37.9225189563924,39.9073274545043,45.980217739706,32.8104308403227,32.9179064516233,42.5528428163006
20.106634690696,17.7076338743844,23.7516203514574,0,17.2309905207392,26.4708611887052,28.182629667006,23.849285255301,48.8637270531207,52.8377532090977,77.8536359899344,50.1208881763042,47.6799389971379,47.8265992257438,42.6976222925027,43.5102981653761,44.9864727752663,48.5760280717989,47.1253928564899,43.1474696071009,31.309134969418,32.7745571932739,31.1775255994504,55.8775023626566,84.8217055781043,97.8748481347961,49.9818593350848,49.494708265114,44.8141795989961,42.754638065247,41.0860847660023,45.6569882724066,54.3666445889223,35.6063803182608,45.5823783561239,44.1539495665345,52.2684670609167,61.9051791260317,61.7421233134813,63.0813538627002,61.5561327314797,61.7569330313694,62.0258125301931,61.5284575661723,67.4282187226755,67.5443718513877,75.2559070951015,66.5108311949818,74.5884587360749,67.724327398831,68.1094492192643,35.9345483871231,34.3751382128021,36.0544019107143,35.5791065031071,37.7651275391372,34.9924646924365,34.5041183983413,26.9344532806202,28.7253922987104,28.6578269627635,27.9822278669484,28.5026228258293,84.0162305810836,33.4833652948508,40.4031952871012,72.3634798092736,72.9925355801678,70.9263476540398,66.9551237608499,64.2241727815124,62.5923634194926,68.5957426475622,66.7068831385746,63.0446190125468,39.0134745506698,40.9658146914747,46.7947797296735,34.4045173547647,33.8110225823025,41.8237976325055
23.4871624635302,18.716461173592,24.6924525645555,17.2309905207392,0,26.5528049376983,27.8995220865813,23.2192980485614,47.8210816613919,51.7986946898798,77.5205042596222,49.0953531689411,46.6492123202017,46.7933577303646,42.4639036516932,43.2476029074951,44.4637037233355,48.0647768819427,46.5928622448885,42.6479356945014,31.2634928281329,32.7341701423047,31.1516841485053,55.3842624196417,84.5510545003994,97.5949068221951,49.3725384596466,48.921370865717,44.6296421125013,41.7614541187057,40.091229762762,44.6531740355949,54.0914801055093,35.5646218207562,45.3083017551654,43.881347214605,51.2579389112205,61.5894641740876,61.4280741399738,62.765871361944,61.2291124789911,61.4296386334833,61.6970807539138,61.1995284221991,67.1024323623469,67.2218428761562,74.9312719979008,66.1869164665818,74.2642180555289,67.3998258621351,67.7884672320925,35.6006267110517,34.0570934623257,35.7450429493998,35.1895640679072,37.5556947839133,34.7797751410023,34.2728061690106,26.8120332005322,28.7670410177635,28.7405145643452,28.0984814273463,28.6738296202292,83.38897146574,32.7453382817682,39.7001922456912,72.0589246322258,72.6893463179078,70.6225119355293,66.6505628613423,63.8901330699385,62.2582710121376,68.2672698775551,66.3789039866256,62.7055152508633,38.5133072606602,40.4787931109001,46.4532798965332,34.0746660795323,33.9144558728804,40.7464457261798
23.6603693266832,23.7515913892871,18.3310159571102,26.4708611887052,26.5528049376983,0,18.6226539050731,16.8852287713409,49.7305247055113,53.6738770786305,76.9908836429341,51.20431780326,48.7492527932905,48.8018004475018,41.8263744551878,42.5758046126451,47.0094117673971,50.5497835962235,49.118989295454,45.1397965660943,32.5365964123447,33.6315304372238,32.172677573469,54.7650331842388,84.1035582384634,97.1275252162429,48.9682779200774,48.4205758599295,44.1859496004508,42.7061312861082,41.0102381170572,45.9231721210606,53.5984434394619,35.9360852330012,44.6091153289777,43.1621815455425,53.4631497571046,61.065171272064,60.9056124066526,62.243654621438,60.6936112898563,60.8951399101021,61.1605273234293,60.6640031420034,66.5748409169959,66.6963459744402,74.4054219710773,65.660307017857,73.7390250756481,66.8731801422789,67.2642672651368,37.8018751001552,36.2529300654031,37.8556926369087,37.5621064994992,39.1961750718481,36.5034846980518,36.1176961581142,23.4610423061952,29.9373775741421,29.7224380950929,29.2659845069468,29.5714316201872,85.902607768269,30.6463410916902,39.211991592059,71.5512929187776,72.1832769627343,70.1155556355391,66.1426439304414,63.3558527085936,61.723375975949,67.7378580291829,65.8492979907025,62.1682868727056,37.4597643128701,39.4735007745198,45.7810428041932,32.1760148675413,33.0894806343783,42.7108886614409
26.5293772015345,26.0916314548247,23.2958797236468,28.182629667006,27.8995220865813,18.6226539050731,0,18.4288138882223,49.5986295772628,53.5333855953908,76.5225398796585,51.1359408039728,48.6763913113736,48.7017127190651,41.4014091430197,42.117060934053,47.284439393908,50.8162591768652,49.3854046302035,45.4129193773445,32.7642338557657,33.7749870729743,32.3563285291537,54.1459637609278,83.7050357287573,96.7163535655213,48.3418301944472,47.7845126491208,43.8571885851678,42.3092258812285,40.6050079453963,45.6194974085839,53.1833762678395,35.9493246668296,44.132770180633,42.680724066963,53.4280499167991,60.6109788483884,60.4531842709693,61.7902676945802,60.227806977653,60.4294505339152,60.6931632642579,60.196818077432,66.1123868915205,66.2368791904577,73.9443352268016,65.199500529439,73.2784252853674,66.4119415746328,66.8063128660929,38.0836696399771,36.5406266056389,38.1285605140357,37.8566946695591,39.4092500244255,36.7349953402893,36.367872905937,22.1200436925667,30.2029906997024,29.9802174502388,29.5847197791621,29.8833535247953,86.1240016254177,29.103024709151,38.481859491981,71.1102379705622,71.7436818642984,69.6752253400388,65.7014984331409,62.8853906424011,61.2526825284465,67.2729110229967,65.3846437818353,61.6932661424709,36.661112766045,38.7065611635448,45.2602362472049,31.1832949158947,32.9756123880297,42.5829628303324
22.4805955621791,20.7791079884035,18.3881607412371,23.849285255301,23.2192980485614,16.8852287713409,18.4288138882223,0,47.213917172076,51.160059093294,75.3327703834887,48.7073358814947,46.247472069101,46.2960915312982,40.3005270815703,41.0200233586964,44.9317996838231,48.4843134632864,47.0347026363352,43.0831605126477,30.9272509059916,32.0828716569255,30.6141916294113,52.9227493740621,82.5072954591054,95.5230938973252,46.9665254084751,46.4689563072701,42.6902847037523,40.2072200167034,38.5065290218302,43.4320051443931,52.0031235176754,34.4662004926034,43.0433628081625,41.6009323537817,50.9809178615662,59.4265939692904,59.2687368879258,60.6050808885324,59.043318526921,59.2444023294856,59.5083778145249,59.0114953646899,64.9249866153175,65.0500067192052,72.7566842388675,64.0125002664622,72.0906621124627,65.2246972685985,65.6195591409462,35.8928317731507,34.3549407322454,35.9734537430815,35.5969397662434,37.4370872292336,34.7315011757551,34.3183226113735,22.6604949903256,28.3935415629128,28.2343345222557,27.7615221954481,28.1467403720578,83.7424598123247,28.139078241955,37.072258419664,69.9235345577645,70.5569031317348,68.4885460038248,64.5149167146137,61.6972588182565,60.0647965649652,66.0851161550245,64.1971525841733,60.5041807820734,35.632050755759,37.6617794588989,44.1301758971278,30.6948773051322,31.9605105356693,40.1614874575952
49.8926551377955,48.7661943680253,49.5718103829997,48.8637270531207,47.8210816613919,49.7305247055113,49.5986295772628,47.213917172076,0,25.4859830961894,92.2097136406017,37.4137939176769,34.1105934668167,29.700668408772,58.3714098903501,58.8676187508185,57.2337784960483,60.696364180844,58.9752260897536,55.6276829426315,48.9370481866367,50.345808423036,48.8854022348154,68.456612110795,99.9649696936862,112.905300033008,60.7507003438376,60.9429608679337,60.9813208850876,45.0722251993224,43.9093262958266,42.4462217858047,69.4700412898757,53.0971753189015,60.8271472484726,59.4327239632475,43.3353649243084,76.4933275364098,76.3512392766809,77.6709128700561,76.0013156572968,76.1974603663801,76.4488188926127,75.947801891892,81.8826720292402,82.0412223249023,89.7244008464173,80.9898524741134,89.0617128337136,82.1953911649065,82.6261597018639,51.0077500488433,49.7112799175875,51.3686952606323,50.0760513591037,54.0098324987409,51.2475475966042,50.6243949325202,45.4000865386,46.9575261221546,47.1061657899609,46.6867354812667,47.4571630285628,93.0377627611216,50.0351459326145,51.4001096137387,87.0892365603391,87.735573399908,85.6613046200276,81.6809986836551,78.5727716147905,76.9408882843911,83.0153309382199,81.1333975211944,77.3273372579066,52.7824924450585,54.7014163362969,61.2149440318339,50.6024979410538,52.3138867426976,33.0271366563361
53.8535772229185,52.7305563175161,53.5238907517246,52.8377532090977,51.7986946898798,53.6738770786305,53.5333855953908,51.160059093294,25.4859830961894,0,96.0751215524926,41.7037027121544,38.6320484932174,34.1658504541822,62.2665472617235,62.7547794336544,61.2839125768504,64.7446099160032,63.0274652818254,59.6736737581163,52.914748908777,54.3139238355065,52.8568068879661,72.2801097725298,103.851809116182,116.78889171377,64.5337964765457,64.7420398589422,64.8920334198657,48.7626860833096,47.6200322169961,45.8734183676792,73.3548315616133,57.0509938278536,64.7112139120296,63.3172558766898,47.4644705726175,80.3646833125893,80.2231552441038,81.5423416575645,79.8688796164493,80.0649238556327,80.31580713423,79.8147148140891,85.7506013753943,85.9102574097226,93.5927138867211,84.8584186708526,92.9301571714563,86.063755815288,86.4957181555023,55.0248731522019,53.7261460827348,55.3814939563547,54.1023978019068,58.0025469727713,55.2428097908422,54.6240028896808,49.3164701422359,50.9320591397322,51.0769801527464,50.6607848586504,51.4267329467807,97.1062320692463,53.9354060933332,55.2093546898705,90.9643633078859,91.6111646429514,89.5366754908072,85.5561226298758,82.4379193887522,80.8060247671188,86.8823495229885,85.0005880268762,81.1907763261325,56.6367615536545,58.5542159656468,65.0801027731458,54.4941761602919,56.253495938269,37.5567815355983
77.761501654249,77.4697538316684,77.1371422236483,77.8536359899344,77.5205042596222,76.9908836429341,76.5225398796585,75.3327703834887,92.2097136406017,96.0751215524926,0,93.9589511871706,91.5057432446552,91.4045500694797,65.6257309345093,64.3758457232771,89.9810310263941,93.3938666131995,92.0583882597419,87.9909162180294,73.6922595444167,73.6564039784035,72.8426852196509,81.1335581421553,90.3735325617432,100.242311125556,79.7530348787716,78.327576094354,71.3370640686747,83.936287111387,82.3069222971043,87.1642265864041,62.1337862495225,74.3280436089338,66.6646419379576,66.1441518736355,96.348856412774,52.4186944317656,52.5985641964321,51.9081515366283,51.5450733221547,50.5474160626549,51.8501785630189,50.1607735258923,46.1908830399068,48.849442078782,51.5796166823573,47.2605548535361,49.8572895136775,47.0790620954205,50.0626136660646,79.9681672958056,78.4456149798599,79.7868741131597,80.1373398328627,79.7305465827886,77.4326700647044,77.4306366929802,69.49379681856,71.884787378846,71.8044470407853,71.9576440261873,72.4661153082479,128.893761649249,77.2559064239932,77.2881253427483,63.5870114914263,65.0834944194516,62.7152528353885,58.3996148586907,46.4217187739892,46.0711074252028,46.2819283220923,46.2331803841824,47.9256022889672,73.4854455490379,74.2947634131678,64.1625087540475,73.124805508999,74.5994580156043,85.4699512402931
51.2200204962712,50.1116841867746,50.9752739712122,50.1208881763042,49.0953531689411,51.20431780326,51.1359408039728,48.7073358814947,37.4137939176769,41.7037027121544,93.9589511871706,0,19.7932961578943,28.0822698089384,59.9518218585155,60.5024114628077,56.9666052130443,60.373069517352,58.6022648316137,55.3970475355622,49.851504618747,51.3445318056026,49.8614283301047,70.4984826239757,101.574665145673,114.537115981919,63.0194574869612,63.1313602539496,62.4433562189161,48.4231959287687,47.1833540325685,46.6944287384024,71.0977357113062,54.2264017544345,62.4850270920311,61.0902311899092,32.7174612273902,78.2062869903907,78.0605795200489,79.3831323097792,77.7386242782388,77.9352165220043,78.1897306642724,77.6890054271702,83.6165860787225,83.7682243320268,91.4557604513585,82.7198198723127,90.7921893726802,83.9265654951747,84.3498438631132,51.362350726687,50.1180926562696,51.7828463884399,50.2998487952262,54.6881793649146,51.9047877853477,51.2324111220665,46.9874944622769,47.933273972653,48.1251976238022,47.6885953878398,48.5085955255555,91.904651137225,51.8549235438591,53.6853573532401,88.7772467942178,89.4205845059869,87.3477585342163,83.3690652314716,80.3243109029053,78.6925936794811,84.754953819562,82.8720268155784,79.0895383554639,54.746695413383,56.659224777332,62.9894541937409,52.3449945588535,53.6306732068207,37.7427022638484
48.7766624178007,47.6631775568551,48.5256523122514,47.6799389971379,46.6492123202017,48.7492527932905,48.6763913113736,46.247472069101,34.1105934668167,38.6320484932174,91.5057432446552,19.7932961578943,0,24.1825930629405,57.5085562194245,58.0551404538884,54.736331812567,58.156133893051,56.3905204539879,53.1642709679984,47.4651749704248,48.9505916646533,47.4690328025663,68.0233846203739,99.1313571210359,112.092161189657,60.5313231831226,60.6470802993687,60.0097860313259,45.8388234512958,44.6001055561205,44.1012715856201,68.6527754864832,51.8202129542681,60.03590602608,58.6409267962995,33.1578020731793,75.755461431926,75.6100082444498,76.9323796984006,75.2860999291332,75.4826763558453,75.7369623133797,75.2362316564288,81.1643801626896,81.316486105718,89.0037398458763,80.26787825106,88.340233507469,81.474546444707,81.8983338389835,49.0454949693641,47.7934834697202,49.4586953943461,47.9991624610217,52.3322433993424,49.5506375526267,48.883679542614,44.5313629608953,45.5386452102559,45.7258385302327,45.2898318638084,46.104612500275,89.826991334336,49.3732224369089,51.1835318303237,86.3282206943243,86.9717691142173,84.8988401967,80.9200321494352,77.8708936890949,76.2391576504093,82.3023603920797,80.4194941503541,76.6354016182118,52.2681087558947,54.1822406355959,60.5326716071895,49.8794208180777,51.2029479452708,34.7425055019769
48.8901902235806,47.7737761519549,48.6077153726817,47.8265992257438,46.7933577303646,48.8018004475018,48.7017127190651,46.2960915312982,29.700668408772,34.1658504541822,91.4045500694797,28.0822698089384,24.1825930629405,0,57.486305048499,58.00892132837,55.4255146830216,58.8593553353147,57.1134444500373,53.8375548228001,47.7230774673402,49.1737843344217,47.7021946899682,67.7943263613106,99.0925892933053,112.043633512552,60.196035286835,60.350978609427,60.0381153360338,45.1067433441776,43.9069999889213,42.9133899755865,68.6066028472111,51.9901550505934,59.9797774618025,58.5853344527527,37.0804342579558,75.6708408819015,75.5270105926569,76.8480529864603,75.1905401036427,75.3868872464353,75.6397703563824,75.1388812029505,81.0701956336787,81.2254339247669,88.9106900270065,80.1754872765129,88.2475747250044,81.381600750131,81.8087784336007,49.5123609458483,48.2422258614647,49.9032021493907,48.5149666637795,52.676861227001,49.9040967460464,49.2563087474386,44.5255463407453,45.7746366758238,45.9450504946357,45.5172325154919,46.3125975014532,90.7903942082853,49.2808457635804,50.8682397312626,86.25470507187,86.8995986669161,84.8260254294387,80.8464966659724,77.768756909139,76.136959655204,82.2055910763019,80.3231870170793,76.5284305652658,52.0910927245813,54.0058343130068,60.4235179084837,49.8039654515543,51.3018953108107,33.974116031151
42.5180188829709,42.3535120452002,41.9301141148286,42.6976222925027,42.4639036516932,41.8263744551878,41.4014091430197,40.3005270815703,58.3714098903501,62.2665472617235,65.6257309345093,59.9518218585155,57.5085562194245,57.486305048499,0,23.6265464540216,54.7614573942221,58.1639657123617,56.8581957605923,52.740263376787,37.7385390658895,37.5093007584384,36.7747078020136,52.2914812628033,71.2250099060224,84.2769456051726,49.9082424051459,48.5827438191078,31.4910720086274,50.6240258946067,48.9732278238607,53.8393272936194,39.6199949826258,37.8014431679428,28.4280218420113,27.5922640749519,62.2481334072206,48.9187540784362,48.7023555290998,50.1193977924779,48.9631750650786,49.191394009585,49.5032678344285,49.0292309288073,54.8856117103024,54.8767063837764,62.6835985787505,53.8931456868908,62.0070814981544,55.1341375655593,55.3870067676384,44.4670834467063,42.9261442701863,44.2438215828329,44.7229652434807,43.9887667845108,41.7108161135621,41.7545931008252,34.0593356775802,35.9329479757641,35.8173442108313,36.0575726497109,36.5358921069457,93.866941291296,42.6611565208788,44.470196140889,59.1241932030917,59.7152699188098,57.6635959388967,53.7095556905882,51.9851428373053,50.3488038397386,56.1552174577889,54.2405943377954,51.0113599759584,40.0620725724499,41.118506208813,35.226547057178,38.0286415722325,38.2377046667985,51.5724590674963
43.33349718346,43.1345117058908,42.7133544826372,43.5102981653761,43.2476029074951,42.5758046126451,42.117060934053,41.0200233586964,58.8676187508185,62.7547794336544,64.3758457232771,60.5024114628077,58.0551404538884,58.00892132837,23.6265464540216,0,55.7475670120753,59.1582031967532,57.8384652846714,53.7416696611132,39.0023196679551,38.868453725964,38.0816139895266,51.2924627047102,71.3185565812977,84.1127304210796,49.3826827159473,47.9612690945763,35.0947029848832,50.9397161906936,49.2905546766424,54.1864721570737,39.4740789459837,39.3116436940416,20.5491863634959,21.384801232596,62.8291608130665,47.8266982423336,47.6477080949488,49.061828444561,47.6372701932547,47.8820149075609,48.1535451750992,47.6967408425413,53.6979120495522,53.7360638581057,61.5286298069663,52.728872168098,60.864211474522,53.966912684499,54.2736187748952,45.5817582156332,44.0450468549457,45.3826331858884,45.7917477773591,45.2581353245714,42.9511533092494,42.9618199825546,34.7864619349094,37.1460258609529,37.0229454958407,37.2223156108488,37.6888382495851,94.7828916654624,43.1824223937176,44.5145160228713,58.3375051916711,58.9575996951049,56.8905107785165,52.9194368736388,50.6565248017259,49.0098509272826,54.9273028624539,53.0114059074661,49.6170814250384,39.969578659563,40.9101813007023,32.208144881274,38.5081472081801,39.4014626952582,52.0774783227099
46.1392672515541,45.518877370934,46.3666791767545,44.9864727752663,44.4637037233355,47.0094117673971,47.284439393908,44.9317996838231,57.2337784960483,61.2839125768504,89.9810310263941,56.9666052130443,54.736331812567,55.4255146830216,54.7614573942221,55.7475670120753,0,29.5706228017361,22.4403066515927,21.5426999296349,38.8706663383796,41.0966670215255,39.4959059887833,68.8443450118709,96.469847055361,109.615980474605,62.9601445473316,62.5299403049384,56.2286835278903,54.536022023636,52.979799688016,56.3196054866397,66.1641389969156,45.2140083636562,57.924327335885,56.539609123037,58.1272185676111,73.9469952891353,73.7722872359696,75.1166910998581,73.6736466415628,73.8729471024627,74.1530750701035,73.6538477877544,79.5199761538207,79.6172303951138,87.3383582145357,78.5923110176953,86.6675596573704,79.8083165554851,80.1725361172998,31.8319756540294,31.6585786025513,33.2272742630696,28.3832565462129,40.0149416150186,37.0603028176814,35.7673114928323,42.8107629755976,37.9360422214274,38.6194424936689,38.1931255252211,39.530784338701,71.3914982824037,49.7749656658145,53.9937815332734,84.3151170729372,84.9343863075543,82.8732372872795,78.9075743407951,76.3673463549658,74.7373407299429,80.7033262075166,78.8129366374261,75.2162661559104,52.8412312311914,54.6610494974285,59.3049836510153,49.0530898117854,46.8381567930592,50.8269468237668
49.6998579885113,49.0937614902302,49.9163809097492,48.5760280717989,48.0647768819427,50.5497835962235,50.8162591768652,48.4843134632864,60.696364180844,64.7446099160032,93.3938666131995,60.373069517352,58.156133893051,58.8593553353147,58.1639657123617,59.1582031967532,29.5706228017361,0,24.7465464701259,19.7185988642833,42.1935561403658,44.4099501032731,42.8268877195578,72.3014274419368,99.8581036284654,113.008759293844,66.4325721576765,65.9987166572211,59.6043550208901,58.0474950745577,56.4928630893085,59.81690788643,69.5588514524759,48.55120530869,61.3395140814773,59.9561881063512,61.4864031268149,77.3548288928125,77.1795148509323,78.5242581653853,77.085460054054,77.2847345449094,77.5654270129462,77.0661523692016,82.9307135687293,83.0269253606485,90.7486305937143,82.0024708532055,90.0776666191642,83.2186312412948,83.5817065650637,34.2324187456932,34.4210761031708,35.6424411835944,31.1497293930214,42.8854076391246,39.9743729378891,38.6615771584684,46.3024147793825,41.3363093581091,42.0344830859676,41.6331140977748,42.9792938601643,67.9654454608373,53.294416722876,57.487406734152,87.7184195573318,88.3371802496994,86.2762877564557,82.3109089164271,79.7808504550803,78.1509156065783,84.1149319690175,82.224433108519,78.6313525965631,56.3171185476094,58.1329743712266,62.7317747355127,52.5326718600649,50.2795995603295,54.3332951092345
48.271638875754,47.6430713327581,48.4867228759754,47.1253928564899,46.5928622448885,49.118989295454,49.3854046302035,47.0347026363352,58.9752260897536,63.0274652818254,92.0583882597419,58.6022648316137,56.3905204539879,57.1134444500373,56.8581957605923,57.8384652846714,22.4403066515927,24.7465464701259,0,19.8134656002446,41.0625668177695,43.2684636116756,41.6765290805791,70.8909781444742,98.5609451921526,111.704982003821,64.9822818549502,64.5606496787267,58.336999103476,56.4572027381529,54.9059676064593,58.1864243238683,68.253916897713,47.3671120146368,60.0128760988065,58.6283398204543,59.6861494357169,76.0280900988,75.8537435931197,77.1978439165755,75.7522967216437,75.9515418010657,76.2313577909005,75.732091302309,81.5989123451393,81.696869129112,89.4175456173972,80.6716502144012,88.7468333773708,81.8875302045194,82.2525094913776,33.8776896489692,33.8235969490562,35.253286447922,30.6387478386666,42.1233643811519,39.1903295488539,37.9053872141694,44.9105711165069,40.1321510141481,40.8093262101773,40.3909062025822,41.7196188626237,69.3409179861317,51.8394963066678,56.0122456503551,86.3986606977634,87.0182281208841,84.9569371060138,80.9911151082114,78.4445014694471,76.814483503575,82.7816828784836,80.8913984898164,77.2923336674656,54.8956087452843,56.7163431251127,61.3806064601507,51.1335712708225,48.9778207575983,52.6253349203848
44.271835926354,43.676483195541,44.4981160434441,43.1474696071009,42.6479356945014,45.1397965660943,45.4129193773445,43.0831605126477,55.6276829426315,59.6736737581163,87.9909162180294,55.3970475355622,53.1642709679984,53.8375548228001,52.740263376787,53.7416696611132,21.5426999296349,19.7185988642833,19.8134656002446,0,36.6598134784062,38.8950942351912,37.3064104767725,66.9363898796167,94.437353535288,107.59086338696,61.0941020682591,60.6512694893135,54.1644920240051,52.813841667569,51.2546771529851,54.6332838677921,64.140543618274,43.059781294187,55.9260953597819,54.542845459758,56.57674744675,71.9473395396243,71.7715643897013,73.1166643229417,71.6810674952006,71.8803911778775,72.1614890708159,71.6622440154598,77.52584843434,77.6211886072879,85.343437137358,76.5971094077552,84.6723593363976,77.8134198848029,78.1755495904005,28.6290172912044,28.7654884609492,30.0948058116711,25.2560768176861,37.3558128863555,34.4262144910612,33.0974342891157,40.8923741028357,35.8137611855264,36.5211525204261,36.1168842461705,37.4736852100401,67.0406209943057,47.9238551651913,52.1564364632124,82.3077304165413,82.9261092734014,80.8654011862827,76.9002283240947,74.3782174492216,72.7483073948137,78.7107873498775,76.8201664415961,73.2300633190529,50.9480801067089,52.7623080965209,57.3330442809827,47.1390433229233,44.8210740638732,49.216723650082
31.770432201,31.7043723970633,31.9348552029558,31.309134969418,31.2634928281329,32.5365964123447,32.7642338557657,30.9272509059916,48.9370481866367,52.914748908777,73.6922595444167,49.851504618747,47.4651749704248,47.7230774673402,37.7385390658895,39.0023196679551,38.8706663383796,42.1935561403658,41.0625668177695,36.6598134784062,0,16.5454812089662,12.7648444350361,53.9230586284635,79.5672669358235,92.8116364987905,48.8697003834868,48.1796680815575,38.5523496515345,43.3990429355654,41.7693564896432,46.054363480431,49.3425982989433,23.9179892822983,41.3004105592942,39.9239262874845,51.770444539534,57.5028662804683,57.3121500161242,58.6687103738779,57.3369969468403,57.5377936617853,57.8321184773354,57.3337069282339,63.1658080077435,63.2330520546166,70.9727191449574,62.2210913624749,70.2979372537458,63.4422080985471,63.7738420675,26.8908867704827,25.1424470524052,26.4625716390851,27.6571412222971,25.805103319386,23.0093370316608,23.0551717396182,27.2498636421948,14.8793749935362,16.9486128244022,17.6823518401318,19.7443156808549,78.973996084122,35.734112906354,40.3880505002946,67.7597226413835,68.3657908174052,66.3110232716995,62.3524891526032,60.0903465108364,58.4613142215598,64.3739848841829,62.4794857289519,58.9855709454443,38.0617967123464,39.7861217905662,43.2042436356736,33.6914485089808,28.7060358817473,42.1274197358783
33.0767321300994,33.048362746026,33.1269883162741,32.7745571932739,32.7341701423047,33.6315304372238,33.7749870729743,32.0828716569255,50.345808423036,54.3139238355065,73.6564039784035,51.3445318056026,48.9505916646533,49.1737843344217,37.5093007584384,38.868453725964,41.0966670215255,44.4099501032731,43.2684636116756,38.8950942351912,16.5454812089662,0,12.0962633735887,54.3136807473989,79.3310622497956,92.6089069559652,49.451868365087,48.7093352489829,38.0531403984211,44.5286695032822,42.893865404868,47.2648205478099,49.1397497235223,20.7940994476739,41.2109853061195,39.8429030150598,53.311344143106,57.4198693736185,57.223976097867,58.5840694752023,57.2885061395388,57.4894932361702,57.7885215765914,57.2900923362267,63.1101740474062,63.1680488374811,70.9132704826979,62.1601855631857,70.2371513663788,63.3828184924981,63.7042368465248,29.2428833819228,27.5662285075403,28.77861465888,30.0185837413661,27.5976835448055,25.0988982223109,25.3509057810228,27.9196529962003,17.5915263392919,18.5738312987329,19.8136984862669,21.3376529231976,81.0570581172358,36.6327236829061,41.1491994474068,67.6398450358405,68.2416416427859,66.1889688095223,62.2327687462146,60.0591366165489,58.430546697469,64.326123950007,62.43046216405,58.9687536434437,38.5961073098162,40.2827124925469,43.2618596872872,34.2298657469849,28.8876162086621,43.5318083844996
31.5220643225755,31.4993286179161,31.6227183647168,31.1775255994504,31.1516841485053,32.172677573469,32.3563285291537,30.6141916294113,48.8854022348154,52.8568068879661,72.8426852196509,49.8614283301047,47.4690328025663,47.7021946899682,36.7747078020136,38.0816139895266,39.4959059887833,42.8268877195578,41.6765290805791,37.3064104767725,12.7648444350361,12.0962633735887,0,53.2562709066306,78.6456185426885,91.9007240597623,48.3053742604462,47.5855194833033,37.4899068944945,43.1536674608226,41.5198361788053,45.8670888346395,48.4256680024519,21.5704610401801,40.3973437487153,39.0217900724045,51.8161218063405,56.6337104788231,56.4410477850506,57.7991968467624,56.4810158200622,56.682058680164,56.9780984645984,56.479844810851,62.3080085565597,62.3715328517576,70.1135505252354,61.3611667150555,69.4382969758715,62.5829349883858,62.9105403358959,27.7124767152505,26.0092529149131,27.2934327870487,28.4281211270348,26.4782386694853,23.8493105201889,23.9770717906648,26.6320657855683,14.5499565557893,16.0023335114776,17.400041889126,19.1830429439832,79.4856555677106,35.2926292862188,39.9063402599743,66.8774128672803,67.4818981929437,65.4278832311579,61.4701931830383,59.2420625095469,57.6131268324716,63.519258781748,61.6242255028107,58.1430658680085,37.4428331015123,39.1500534962312,42.3770066802974,33.0355121178993,27.6660109345551,42.0684661545651
55.8322514066055,55.3458996075756,55.0631454559379,55.8775023626566,55.3842624196417,54.7650331842388,54.1459637609278,52.9227493740621,68.456612110795,72.2801097725298,81.1335581421553,70.4984826239757,68.0233846203739,67.7943263613106,52.2914812628033,51.2924627047102,68.8443450118709,72.3014274419368,70.8909781444742,66.9363898796167,53.9230586284635,54.3136807473989,53.2562709066306,0,92.1449497657537,104.574454132938,47.2166619076092,42.8563390953676,57.3568801242379,59.1549157339346,57.5285950298711,62.6073223516356,61.3226613764047,55.54216595534,52.6567468858842,51.3993810727953,73.0513676712029,66.2368535978872,66.1827664346982,67.4374131825913,65.1488980244671,65.3396050682898,65.5095024613067,65.0071258030657,71.1456786712387,71.4656063990764,79.0522121781022,70.3439096285761,78.4121013658551,71.5229760659348,72.1293410744352,59.5192175624431,58.0155448934295,59.4695770433485,59.4407217147195,60.1384691002126,57.6616614111129,57.4751818041697,47.3623456140782,51.8463402324305,51.7228241226295,51.6901381009415,52.1432636317446,107.384025148575,53.8218394471252,50.3883065672586,77.4394397233699,78.156723474083,76.048237463757,72.0296441288715,67.4113079599622,65.7712928641579,72.1442672057737,70.2825571281952,65.9106231434771,46.8293067635093,46.9487851762985,48.6908044143334,50.1024374005331,54.3616340250592,61.7578041325314
84.7303270359741,84.5101020606613,84.1775146741998,84.8217055781043,84.5510545003994,84.1035582384634,83.7050357287573,82.5072954591054,99.9649696936862,103.851809116182,90.3735325617432,101.574665145673,99.1313571210359,99.0925892933053,71.2250099060224,71.3185565812977,96.469847055361,99.8581036284654,98.5609451921526,94.437353535288,79.5672669358235,79.3310622497956,78.6456185426885,92.1449497657537,0,69.0173488049559,90.1402304151807,88.7968651434423,75.0953282564582,92.1321138934559,90.4937441218277,95.3090519112404,61.7273737758428,79.7980306363205,74.2807343128398,73.7408517634803,103.886146354482,71.1484950703086,70.3618840771962,71.6835100111387,74.5808246071547,74.5900135548293,75.4663347722424,74.7717900753643,78.4650253546363,77.6628724642797,85.7001651266424,77.0776234321299,84.8061909978547,78.3663909605433,77.709037663982,86.1077326518781,84.5796888669338,85.85540878232,86.4074820470665,85.3946151195324,83.208871716649,83.3114338629486,76.6500626508427,77.9384113853282,77.9022197806414,78.1404946365938,78.6985715282809,135.56167571697,84.8355766813948,85.9725553367189,74.9247797487654,74.8091831154514,73.2071948769939,69.7182952080866,77.8585898512835,76.3591175300101,80.4129568189088,78.5057811397285,77.9702322138326,82.0382869916129,83.0183787259385,74.8326344394449,80.6672098753357,80.9748471064582,93.1962098290037
97.7805622845813,97.5500878238116,97.2146139697302,97.8748481347961,97.5949068221951,97.1275252162429,96.7163535655213,95.5230938973252,112.905300033008,116.78889171377,100.242311125556,114.537115981919,112.092161189657,112.043633512552,84.2769456051726,84.1127304210796,109.615980474605,113.008759293844,111.704982003821,107.59086338696,92.8116364987905,92.6089069559652,91.9007240597623,104.574454132938,69.0173488049559,0,102.685514724252,101.323129463523,88.6073858522523,105.001854553002,103.364454961357,108.189193834282,74.482883114796,93.1047775839956,86.9942087970111,86.4790909047561,116.86106660907,80.8197410014853,79.9188939324737,81.1060977507972,84.8813476598094,84.8219526237833,85.8185388281626,85.0589070953377,88.1549264691451,87.185675404071,95.2145656984597,86.6948366563872,94.2457872029182,87.9759198983556,87.1175306954476,99.313845792381,97.7863154902495,99.0741937967901,99.5905924954813,98.6867778739605,96.4796102268727,96.56302868637,89.6566462095649,91.1478770307816,91.1020161005574,91.3261530850594,91.8736207429212,148.678591564311,97.7836966138655,98.756492255421,81.9425491693491,81.4590098025561,80.1565231966635,76.9494560797318,88.0667808119294,86.6060769110284,90.2519996382396,88.3637302332592,88.3903172373343,94.8196552937541,95.7707957553677,87.1226269573744,93.6050759791503,94.1095735631586,106.140183377277
50.0603542355888,49.4282870158507,49.2791964631183,49.9818593350848,49.3725384596466,48.9682779200774,48.3418301944472,46.9665254084751,60.7507003438376,64.5337964765457,79.7530348787716,63.0194574869612,60.5313231831226,60.196035286835,49.9082424051459,49.3826827159473,62.9601445473316,66.4325721576765,64.9822818549502,61.0941020682591,48.8697003834868,49.451868365087,48.3053742604462,47.2166619076092,90.1402304151807,102.685514724252,0,27.6164654625049,54.2853059416292,50.6856056872322,49.0907307712943,54.1873845225097,59.4303899318901,50.9658814746193,50.9616257867934,49.6672215577436,65.6971858550829,64.7653154161993,64.6931228647724,65.9528039467703,63.7984787797863,63.9831742009223,64.1739834728755,63.6647688942961,69.7327784114783,70.0278909755078,77.6230568047669,68.918372915391,76.9770172969697,70.0993970061321,70.6777428929381,54.009877459469,52.5251664582583,54.0207275381799,53.8113288377155,54.9986508375123,52.4637848277453,52.2032467956524,42.0286208794837,46.7513754931052,46.6498209953603,46.5336481688576,47.0098140436554,101.249641180007,47.5637448202967,41.2513472134257,75.8303229128314,76.5340384578694,74.4325699723151,70.4217654012325,66.0758408318478,64.4415003446896,70.7527454390683,68.8913515950817,64.6170477340112,42.24636212268,43.1378517606171,48.6015618150149,44.9864386928182,49.5870710923513,54.1349121395504
49.5259276177048,48.9385659688285,48.7384741825581,49.494708265114,48.921370865717,48.4205758599295,47.7845126491208,46.4689563072701,60.9429608679337,64.7420398589422,78.327576094354,63.1313602539496,60.6470802993687,60.350978609427,48.5827438191078,47.9612690945763,62.5299403049384,65.9987166572211,64.5606496787267,60.6512694893135,48.1796680815575,48.7093352489829,47.5855194833033,42.8563390953676,88.7968651434423,101.323129463523,27.6164654625049,0,53.114647555486,51.123055445995,49.5097415897313,54.6478444712434,58.0587886621179,50.1442973608879,49.4909048365347,48.1961925009184,65.7648123575667,63.3394666247895,63.2697785857488,64.5302079205505,62.3562648488204,62.542983971077,62.7302467936972,62.2231595120752,68.3056268682821,68.602774051503,76.198639859284,67.4919530215619,75.5536360046539,68.673287945139,69.254160359678,53.463344971869,51.9719972373309,53.4565587193718,53.3004295254132,54.3466337537958,51.8266496369073,51.5866261302658,41.3055862776697,46.0655417902959,45.9541180354735,45.8602757780921,46.3253075138335,100.903134675692,47.0917540273965,41.4143311056163,74.4259714809586,75.13143060457,73.028966587487,69.0170707018202,64.6396991784574,63.0039254265656,69.32367437066,67.4614963497603,63.1769598779917,40.8139051506484,41.4244134859846,46.8416114655836,44.1196920170638,48.7784198536716,54.2868898319767
44.6796815893786,44.5659367591469,44.1906860475467,44.8141795989961,44.6296421125013,44.1859496004508,43.8571885851678,42.6902847037523,60.9813208850876,64.8920334198657,71.3370640686747,62.4433562189161,60.0097860313259,60.0381153360338,31.4910720086274,35.0947029848832,56.2286835278903,59.6043550208901,58.336999103476,54.1644920240051,38.5523496515345,38.0531403984211,37.4899068944945,57.3568801242379,75.0953282564582,88.6073858522523,54.2853059416292,53.114647555486,0,53.6259382210801,51.9761791999318,56.753078887694,44.6653081873419,37.9806722078902,38.3568808712228,37.2617949263243,64.6727057313874,54.5324256536039,54.2785106498246,55.6860367029786,54.7966663088832,55.0032555928175,55.3551014822161,54.8594802450308,60.5552798339011,60.5045237236708,68.3174745751817,59.5434414538965,67.6273119654279,60.7847851594262,60.9884382381982,45.5856349090955,44.0397034810486,45.2893295684711,45.9753873161524,44.6181837165284,42.4498324125249,42.6026409149212,36.6618912161748,36.9728373943965,36.9210864680086,37.2681418539945,37.823547159402,95.4994678225134,45.4968288504192,48.0604272445413,64.3742619255759,64.9312329273733,62.8993432993106,58.9666585784838,57.7853525741991,56.160767603792,61.8611325665785,59.9505823163264,56.8648974328727,44.0653309426739,45.3059672370457,42.3476039435105,41.2076507817671,39.8657815582672,54.174519224906
