IBR/IBR_outputs/all.combrep_1/PersistForestCover_Total.Spinifex_Total.WeatheringIndex_Total/PersistForestCover_Total.Spinifex_Total.WeatheringIndex_Total.asc
NCOLS 160 
NROWS 95 
XLLCORNER 210004.651214014 
YLLCORNER 7350008.22228844 
CELLSIZE 4999.99999999997 
NODATA_value -9999 
[rows 63 to 83 of 95, columns 46 to 91 of 160]
2.14931908183162 1.91981467459561 1.67392281267673 2.4596961403353 2.84828970948598 3.9419527489771 2.24565740814986 3.05007531804638 2.04820537976476 2.39556940101673 2.52712135612407 2.72882700975743 2.50765398783786 2.56360580152644 3.68175664600341 3.4356678089215 5.63258582787814 6.75336094913954 6.42298281917918 4.71878268334238 2.90322676803214 3.92128672386175 2.88394887261245 1.98431034583664 2.55399295512619 3.53261803515688 3.57873420472618 4.12922595961367 2.0727126252422 2.73200840844126 3.25676715617512 3.79636684512951 4.88031313074601 2.91301277960417 2.77251102759549 1.915672290492 1.76625415868545 1.94787957417634 2.08907421015147 2.8601399166277 2.44497427055262 3.35717926026657 4.67410317611952 3.91168365212361 4.43202278286253 3.16599749761347
2.60627366460829 2.44865568166233 2.03151395751266 1.78134018775149 2.06430426615083 2.31593853930527 2.26305784813602 2.12356337153298 1.44347133621356 3.00894692749664 3.38071767631966 5.41406177813039 4.13171148795498 3.74435503449394 3.8393853652461 4.71593687368209 4.11465099984597 3.76361414621407 2.51056127689039 2.93332781535477 4.1562020933193 4.79105376352058 3.25287510797939 2.04909281032599 2.45940672139746 2.48837002895946 2.46654868865289 3.9133756107585 2.731982273679 2.30109056448771 2.51376653114943 3.79212333432432 5.37901416517366 6.28104229130583 5.54442875355125 3.40227110451916 4.76783713216843 3.70339812746798 2.60713105566404 2.23937264042404 4.05195085803292 3.62148762125792 3.37242826119958 3.43383742903537 3.95805585452248 2.29611619165969
2.87806428270483 2.58997900966199 3.01983615201575 3.05913097984849 2.08278435303918 2.07078227089747 2.19387381951575 2.1172341984137 1.72892180949774 2.59844129622094 2.35427701241165 2.51488058472466 2.14425317291497 2.52842118275161 2.61180726094715 3.32028855805374 3.60135080723121 3.75551349497543 4.19453723392162 3.83336812776961 4.13640766083192 3.73410458611814 3.73736166634922 2.60815938897383 2.94444477444508 2.43069431960759 2.05862663118574 2.11583559258951 3.06206372068332 2.22764421610932 2.11449628291878 2.34110953282426 4.33965032335001 4.04726861906078 5.13134065278203 4.75841442933338 6.23034554528637 3.89525213226124 3.32522783711818 3.61803733368545 4.02464130032307 4.44274640065809 3.58939337158094 4.02111816330611 4.36836190457316 2.28109157987353
2.24831066904234 2.70192213393197 2.34064286174439 3.24490130646264 3.24485391667138 2.79484457758186 2.21678085747759 2.09960214534015 2.16423926625369 1.47120574663751 1.24212410875201 2.55414169928467 1.97701120162779 2.8845415381431 2.39839509330134 2.36156885900378 2.4642341523413 2.6220048822749 2.48976925068948 2.92551082876886 3.26881105275526 3.10466731759601 3.03882066968967 2.9431353400911 2.90994698896276 2.32944288657315 2.38956730274112 2.51580469980032 2.08333318367506 2.00835321162358 1.89298994061654 1.64163587281053 2.48310984796934 2.65729812126327 2.89903238525132 2.62131378803595 4.01154213345983 3.43410223606673 2.82330011063351 4.6660618277116 5.83512445844026 4.90404760213517 3.31677687424562 2.42644924864869 2.59985175020041 2.47873444094738
3.20900603628311 2.91555771047506 2.21456416406703 3.28016370081368 2.76587014778863 2.95807565300844 2.54959952730178 2.57200619722661 2.66190679318137 2.09101775622512 1.89563675321698 2.50032700866014 2.88059784416379 2.7557614639774 1.95860862405189 1.8389072880071 1.99301147089127 2.44141264577037 2.7604705463341 2.70482823646384 2.9204740705863 3.12500633294833 4.13680744607545 4.07992500371995 3.37620654784808 3.1227001849848 2.57824614944031 1.87947193352013 2.5430164434261 2.27837793878709 2.05221027158433 1.85319295391296 1.71646372632559 1.96004114821602 1.88896778151704 2.1627268191426 3.50837519709132 3.8344288880788 3.35704947685608 3.29090149015917 3.91137937921024 3.06691405543657 2.17306038974924 1.88697771709498 2.24600450370737 2.10810387990321
3.45060703592856 3.01252250386242 2.6924852077377 2.61654937550679 2.38333335858403 2.36943580632007 3.52623149675327 2.83642681066849 1.93083762118784 2.68119390446519 2.4209278957591 2.63256901516384 2.69009484444443 2.69264319754129 2.27552866278873 2.0972179298445 2.62405735843994 3.33705067842876 2.84088483733028 2.25567741402233 3.16255260377718 2.93573301509016 3.52466849885443 2.6955029389944 2.33296662630734 2.24898906854205 2.18192942215166 1.89787981501042 2.60359603523205 3.04495442172183 3.31725322551135 3.25338744606785 2.79367554222888 2.8270131333834 2.48983821252169 2.43135715067223 3.04758163134488 3.31392331060581 2.97738461917058 3.05708015639615 4.18030442405351 2.64696005298139 1.9847463021559 1.88594632992297 2.30280204956995 3.17207456823693
4.8273254174737 3.55382369249333 3.68905484885915 2.56184730342192 2.80693527833371 3.93972000224169 2.70494172017136 2.34979938671471 2.75187817161665 3.14773454642471 3.40428105687279 2.6797569960425 2.78601777007498 3.03455674840564 2.56030313887753 2.35510812746965 3.03109219786073 1.82771727491636 2.23298191935656 2.5729218415717 2.69314407606459 4.29647692587324 3.32714957405464 2.8640053675425 2.35029504159329 2.84427138954334 2.25577357962053 3.89375795236083 3.99099410788899 2.59699807027992 2.14950388935404 2.08263198686475 3.16550941004169 3.19585770430223 2.13937206174914 1.93424351362869 2.14923297089923 2.57893715478625 2.74067930737104 3.88600827961681 3.88563676128401 3.64268494315849 2.1387900703304 1.99986168202242 1.77136304415542 4.00747922730912
5.88235021534368 5.60636528779064 5.39882310634091 5.83920294431938 4.54101072575759 5.83646671112675 5.81599145020061 3.84274430055273 2.3810033463735 2.98975870899166 4.21515542579452 4.19536793539192 3.85265418340657 3.29760361925395 3.02579352341853 2.63746330921565 2.71730799008096 1.7701713875436 2.33136110184002 2.35109187325343 2.82649594640052 3.6684095499906 3.15327908381077 4.59630071782645 2.62750711302027 2.61117181880656 2.38670612371683 2.64821679965874 3.46651414768025 2.43670570028999 2.08089811120755 1.88377305734708 1.95203562714917 3.086405315471 2.13390640836422 1.74177473981655 2.02614681858618 2.06015034153528 2.56973023482788 3.14655708022291 2.76453156438359 4.77809252039361 4.63704514840689 2.85603641094642 3.37197366994307 4.0285177457098
5.73483957304477 5.54728301343979 5.56825661262552 5.76563772005145 5.81171652191889 5.90736826762854 5.92633864071285 5.90679228012999 5.05993388933315 3.67879790373236 2.39758293066749 2.58268030625364 2.87300167245161 4.09383317557205 4.47088796895753 3.02884656689493 2.99077087327192 2.86832810920475 2.34975747916462 3.16381299451823 4.03582212567034 3.12764030476233 2.99871252862071 4.2692374771646 3.32520390390379 3.28204396342839 3.11473438519192 2.26783115847603 2.12828493800423 2.72637201545714 2.37191958417604 1.80315286240843 1.87285787356967 2.19217647858915 2.42433475283058 2.56449982240767 2.92007557283238 2.54065622731974 2.40477218201 2.70283605823435 2.47502849956575 2.73860889390755 3.58216939734479 2.71389452004514 3.17919341028542 4.14929101825018
5.72692977405891 5.48936674446858 5.42853537163004 5.48010201452096 5.43742220233003 5.3566857229285 5.37586924722361 5.68602297939896 5.83977974740537 5.73164694779349 5.08871259049255 4.98415561688788 3.68696125028433 4.06962613648262 3.8365319067673 2.93004047181946 2.75881521850036 2.59593413827967 3.2449194879653 3.6741821034373 3.00496256382589 2.03068594091683 1.80147089269449 2.71867725715711 2.35251036130015 2.48224584552209 2.35269469285403 1.91671277067654 2.16274862734017 2.59117223625564 2.05601336193846 1.72176349804529 1.75228750071611 2.21940186498232 2.17146587067423 2.49940562857758 2.57163919445859 3.46456648943677 3.94128876687924 4.63027870518384 4.89957859522686 3.98110990965543 3.26799767901462 2.67023498721677 3.52552180919212 4.2166049867176
5.49193211084112 5.61500504905626 5.1252858523382 5.01345758910695 5.14482496176122 5.00911951075359 4.96165708780064 4.99928143283817 5.13524338676189 5.38731037475411 5.71770001837193 5.72847278588585 5.56677687055178 5.90870397808946 5.62296523261895 4.15879276973467 3.05802127891069 3.02127325322451 2.38350165421952 2.01325746357736 2.20324638712175 2.77501659461189 2.54883694222197 2.0988019690537 1.71525246561934 2.28116254441473 2.78198612535686 2.75803578898216 2.48448480067238 2.31629719114509 2.12592754992928 1.91836842509708 1.83330716782236 2.43098635544502 2.41965559158641 2.60274348994868 2.39157419985891 2.52589933709345 3.80593748446637 5.28221243612045 5.08797562105754 6.37738436090849 5.33086943136155 1.74322438240782 1.85836020083887 3.08764891807078
5.51045525998079 5.66839808725198 5.40629281282315 5.50849380899622 5.52994725497666 5.42487511911195 5.19355390934407 5.04872272457804 5.07957733598621 4.94433412514679 5.24247869976914 5.52351328200846 5.78702156035121 5.85657208272626 5.59098763842006 3.40225026848845 3.13345812670593 2.85283837109526 2.27344319366105 2.12443225003891 1.84280231962915 2.61876138992411 2.81261030801338 4.07548575636233 3.13959660459272 1.97703720710544 2.18170530816713 2.42862837703343 2.6345384550036 2.84891545492881 4.34694990696407 2.48352044555165 2.69882327343588 5.3253556880069 4.04743923278744 3.37960315829895 2.36998766263732 2.24345672162793 2.94079902452891 2.89093376799351 3.85248558967377 4.14328138159942 5.59732127731635 3.69488592402921 3.45470971192007 3.61767672066509
5.57771765367788 5.27530354116483 5.12962539955829 5.45617475942094 5.70247090732129 5.42101488324977 5.59296142123763 5.5421825601109 5.21116642858457 5.11154809623053 4.94110612577056 4.97005363105913 5.38427802810573 6.26850540578996 6.11287155515708 5.75775159721365 4.39564350091336 3.20931384089369 2.25870003310012 2.27458981146826 1.95998308791674 2.18619087592986 3.40509994746256 3.86875064918651 2.49093748242534 3.70014349543159 2.53597551625462 2.39409762506242 2.4437607560343 3.63389889302149 4.15466799792317 4.99663744297132 4.13487497011638 4.53964221365369 4.26174923269933 2.49196701364479 2.97762137549354 3.68559988640081 2.51593485772621 2.21963936887102 2.94117471156448 3.35792072309402 3.16161015191557 3.67253017872451 3.36219618342961 3.45667883591246
5.2999039306025 5.3279842426158 5.39451823163361 5.61956534343473 5.56574665248821 5.51528858085643 5.48377402063096 5.18908305895618 5.01953484486212 5.01732361457278 5.0313175398553 4.93967558162064 5.18879033029774 5.69596261182258 6.08205373259151 5.80284865607013 5.60369448148169 5.01927453520722 5.09728244295327 3.5314143884693 2.69486827245863 2.67339464373653 3.84298899005117 2.59004105808061 2.87870180777739 2.79129772646986 2.91796755801814 3.09192317930224 3.21381997277145 3.9606675901633 4.10043722706552 4.64287265004759 3.60200025858708 2.91950781374204 3.2777593171892 4.05240146891726 6.19750246904259 6.54019798384555 5.02893478641092 1.94181585295134 2.15509157224346 2.22691630753598 3.15227773062746 6.39786314007246 5.2043800172673 4.33685834039338
5.58069167130719 5.67450547413846 5.57197091600127 5.6175216272835 5.71174277784088 5.64961974138447 5.29137572308724 4.98382692822023 5.04800986997524 4.95937695227024 5.00051211287923 4.97730320785164 4.91461372834604 5.15479767161066 5.72243687760501 4.75433760507584 5.40390451304716 6.18606203975434 6.15925979655176 4.14436818317035 3.48591344725366 2.77010527103728 3.31927553241977 3.28696874876785 2.6935916379523 3.07809173623057 3.91375649694406 5.07458747578112 5.34888207623286 3.02145493992768 3.4228500816906 2.97331568057739 3.1910482811467 4.81182266922398 6.0906172305519 4.86627694827161 4.34764357011281 3.49066923239146 5.51645689740036 5.70838061022711 3.72828780816624 4.31864532506252 2.9646073908484 2.72825567288338 5.53754647381574 3.84588085870168
5.49000261427644 5.58972286275266 5.26952267920179 5.05458222780342 5.0393316181585 5.46330409174555 5.64033345223038 5.27155472825689 5.12052358017131 4.93727210596539 5.27420446523948 5.22354183777784 5.08699699326442 5.14535388692472 5.7144297187303 5.61769276557826 5.70749998738802 5.61382921770849 5.67961906280624 5.86076598916066 6.09264651475812 6.54875919386984 5.04281693744464 3.03916134149251 2.54730761630521 3.44642669053217 2.8013777058645 3.00736366967973 2.92336387594164 2.65736498271921 3.33834848428637 6.20923355252393 6.4423002393387 6.48827980048976 4.67779036752757 6.0086888344076 5.47699634561667 4.94749611322741 3.73817211241009 6.1238553681955 6.47450648144428 6.3847726040276 4.64520464507006 3.26510769806907 3.68439377207848 2.87299352064856
5.69682120719124 5.47567794923523 5.49076162904885 5.04224547047494 4.87943425844384 5.04581117028576 5.51773853067279 4.16868821027004 5.25801124427372 5.01204085979071 4.9749003676267 5.37217132572885 5.60777509187412 5.74223421493839 5.71124912558111 5.81163178756796 5.67487986169221 5.47945561991147 5.06725841900971 5.1474447953716 5.56904580994499 5.96129351492792 5.96558363209469 5.68801438409788 3.68095941909709 2.88628007832241 2.18716276924073 2.99674223852148 2.71753103150085 3.36029641828202 3.0628651756714 2.89664867990975 5.33880035239788 6.13763844739672 5.13860212570985 4.03958731426563 3.76114928715239 5.57361162936225 6.29112495469778 6.35663558839743 6.47176795047449 6.09404570887872 4.8915613400089 2.70042800576264 3.48008066484963 3.73398068382918
5.27057100282019 5.67043420118986 5.18114826264666 5.11307624124915 4.63116575764598 4.49163503200584 4.55083073494108 4.82915208734436 3.94552726513228 3.37727837648231 5.01537385793667 5.41537635272919 5.72884563105191 5.64192282505418 5.19113437078447 5.2856578573304 5.6174179940404 5.75762246091704 5.49150875575729 5.55952217935459 5.64698629293688 5.68046559085724 5.61956415551529 5.77977780854236 6.15247262474738 4.90811554022563 4.89799015842719 4.65595865719615 2.91248997483121 2.89905403160625 2.95713351870856 2.95611519430082 3.22148422622821 4.05675091838144 5.00348127519154 5.19635722862011 4.94788332833773 5.69460495427178 5.9515572605706 5.70005836130848 5.6525753936077 4.46577921374181 3.91432050039133 4.07422745731414 2.3973361019136 3.33660427502374
5.4529256751035 5.29208103296524 5.530481663791 4.64781918253122 4.90309206437263 4.86485991856745 4.82577645018931 4.57941303416329 4.77637252703168 4.30635751109867 3.73704691495349 5.65818420768972 5.80357256856771 5.55926821178314 5.19141898278136 5.04363260577203 5.12930149433073 5.34603203565291 5.53844008039669 5.44826721208662 5.06869409045306 5.11926827057702 5.43651319287965 5.96367085090264 6.05774462722286 6.00845900803955 5.89605876184191 2.93976102071151 5.07525706052299 6.64033758002493 6.2816032927704 5.30141793350938 3.78678730029831 3.29950732191071 3.79575131108475 3.62310980178135 3.58906497471718 1.98678816701739 3.38517120576778 3.41027746123861 3.9263844838056 2.84870485470662 2.05651310766452 2.98574419165111 3.83610225323549 2.69254885794505
5.23612433217309 5.20407271708006 4.88391240159647 5.36465522718579 5.19332797549385 4.87900682498891 4.8990421107179 4.9002005697301 4.72763673937489 4.81401963559019 4.3697383570731 5.09482360005657 5.29537398746416 5.56976716041775 5.71730801074391 5.49973418235607 5.22584656351429 4.98831673203563 5.07331822054121 5.06540845651504 5.02571470595555 4.92334440247646 5.30859382906157 5.74788411561832 5.86768785661771 5.87591866866302 6.29777649584631 4.87569609547649 2.7578763338665 4.21400907337058 5.31349470896595 5.20520962452556 5.98025412355953 3.0159147651069 2.75592137995653 2.55649474757894 1.66896360738092 1.34440073862779 1.98379029026903 2.42253200705778 2.82030042373592 2.35123960077104 2.42680306513408 1.99954472927386 2.07502962346082 2.83008888824302
5.36007482795036 5.64974949562981 5.33215109735886 5.16100030362931 4.96284654599402 5.21380367422256 4.2034254991217 4.82834629178692 4.89806309722204 4.90559945934648 4.88212575166473 4.84640871777534 4.88400682153707 4.96143784082048 5.11494760181942 5.53534822961755 5.08826256560703 4.9328875801598 4.90017861559706 4.9508496982913 5.03696868704991 5.05091157447693 5.34135105742974 5.61469833373599 5.97451781677734 5.81977711117411 5.69949250002519 5.95896257583301 5.51144669975334 3.24820089087823 2.3117829287196 2.16502695862171 3.35468544328057 3.97432651004387 2.70356986538315 3.07117123218813 2.34382625856271 3.25379149444811 2.08092802855052 2.89085809432561 3.20131814698746 2.93214800102218 5.53528834711636 3.33455748070466 2.86494850263514 2.30971115360332
