IBR/IBR_outputs/all.combrep_1/PersistForestCover_Total.Spinifex_Total.WeatheringIndex_Total/PersistForestCover_Total.Spinifex_Total.WeatheringIndex_Total.asc
NCOLS 160 
NROWS 95 
XLLCORNER 210004.651214014 
YLLCORNER 7350008.22228844 
CELLSIZE 4999.99999999997 
NODATA_value -9999 
[rows 42 to 62 of 95, columns 46 to 91 of 160]
2.14123225730265 2.62838995393062 3.08770173726019 3.36001423199386 2.49523375966309 2.48366064831146 2.81984632842425 3.28107786629771 2.6371729206372 2.28560125062482 3.34841613797332 4.46155647390656 4.53466477338172 4.82292461392755 2.83922167148316 3.01979975451568 3.42989153260869 2.88550342843894 2.45492344269103 2.63527840350791 2.70317634305362 2.21210038712046 1.86569095502836 2.65595534859228 4.27818609203183 5.14037219921791 4.20437497051 2.45182559747712 2.13164509007469 2.24428758076947 2.04251749253392 2.08144168829987 2.32956711568548 1.95595798596488 1.958354323941 1.8955496194829 1.83132165293629 1.91305789119303 1.46979217676858 1.41538427221896 1.99539674553076 2.29401070042608 3.03042597575621 2.41627287485252 2.09121337287682 3.35269370272353
2.0779829541553 2.27447635856585 2.61058108791318 3.10468600045542 3.48009278960734 3.03497172816318 2.73943472431268 2.33928425081682 2.64729048113362 3.37330800901818 5.38078742214413 6.10869080893563 4.76570451044489 3.57686047603268 3.82622884674919 5.00525992258894 4.65249955643078 3.43530371879413 3.26668266186679 2.50473857416684 2.57927144134612 2.96157788247003 2.53219689132379 2.07539794634022 3.00877378050125 4.29595634101329 5.62517048173264 3.69187966924604 2.16892665119756 1.59374123901847 1.35491254861143 1.69892314831589 2.16564538361243 1.74389629459794 1.91897118480457 2.07315411031704 1.94655464596396 1.68842979725167 1.45541942154582 1.94166575140052 1.88120512933215 2.20139235117889 2.60316172627803 2.55911456424234 2.4636998604494 2.71722009951287
2.5198006222215 2.48022647445945 2.9765822084816 2.52466171460348 2.46093843336602 2.62287446725128 2.63356238687192 3.02390861909089 3.76979955643348 5.09183594348071 4.25472968614059 3.86936840001007 3.53595778601886 3.013696479665 5.85169672475092 5.95633152843553 4.16759804004343 4.75669617444532 3.07872849178502 3.04330315030571 2.73836092831681 3.01858250813426 2.8499568968097 1.96803550684379 1.96212890284622 2.27604624554372 3.50154998947488 3.74848003208814 2.12688923575153 1.97412368970193 1.61126935813988 1.6465302975375 2.05010091189392 2.00702456912879 2.1358041435177 2.13884200770873 2.17721756326481 2.03595820337642 1.75522718723867 1.71469922631659 1.80900544916776 2.05045605415873 2.49120285584304 2.4421644894029 2.52145461045346 2.99908022056182
2.2844485040939 2.40847127943301 2.49447181106591 2.28288538049314 2.32617726005032 2.62367927448882 3.81643475035444 4.04135893424447 3.98953839356633 3.54992325733611 2.68185810349889 2.77310109580428 2.97785195752572 2.84645305167002 3.07605164286451 3.42685102802701 5.4267400560952 4.50261499287583 5.74257244869911 2.97508383734441 2.63177999041633 2.86969159388138 3.29357580613858 2.24142376885293 1.67442596730234 1.7037102063523 1.86044516085996 2.16039926791193 2.13864215866077 2.31838223981873 2.18708830024952 1.96596756063365 1.70200314181069 2.1117509595248 2.08697868666201 2.08607281659393 2.20337754841284 2.26696009556969 1.98458068736409 2.19402593244906 2.08873173458538 2.43787100085466 2.89757644953877 3.26789673059041 2.93932849047274 3.62975403011146
2.39551438073131 2.42507878306616 2.7125375674639 2.83868035880123 2.81299291298282 3.75002855779877 4.31297480088241 3.54071391691328 2.92592362449165 2.3671073891075 2.60181932048472 2.56403478338354 2.3034101157195 1.99767535577933 3.29732385633235 2.90892355989799 2.95056787214065 3.8337801086058 5.48810296467014 5.74951520140698 3.9785242151547 3.51949281444782 2.91798562859612 2.81627082131854 3.02653366943027 3.12146785635164 2.64812438350747 2.31467045348971 2.15868691813047 2.00262654772839 2.32385023236779 2.13481549078054 2.05730588399321 2.3501063178629 3.07310238206813 2.84098185439561 2.34655870406171 2.22327155492519 2.22350950278434 2.10106569510543 2.11795830615466 3.09663499136694 3.36680346179269 3.59189279605482 2.74296737638945 3.18901938158861
3.39045135212368 3.41222984836533 4.65708122384124 4.25491054603124 3.51464462616611 4.61410459530938 3.86610166128859 2.14477163366327 2.67878383724467 2.2634039244323 2.28216659576211 2.65720914829284 2.51220845173094 1.93790344875336 1.80220356243235 1.80706193629026 2.60565653512478 3.07490360960721 2.89796112435819 3.30734293903203 3.10641821103102 2.83219000270501 2.60717053460681 2.79286326712805 3.51830652227358 3.53428846377661 5.34627411566964 5.7771637794535 5.78620816340648 4.38545503240015 2.69514294305399 2.36168842219296 1.81431867098358 2.294635874318 4.04122012094106 4.91314791255548 3.29496476364251 2.42685472785566 2.32817048822548 2.17158318061694 2.4466507786243 2.65215252107126 3.25099203548986 2.89932586336793 2.17095688216963 2.17562546818608
3.5666612124337 4.73330257683833 4.45215775409868 3.7644635869423 3.34000224236942 3.23089245090429 2.88525983052388 2.12208149166368 1.87648481498268 2.35230248860667 2.7488450024781 2.81379042834903 2.61372873298076 2.26366517766108 1.79862604196346 1.9801175158062 2.273912175588 2.20836370636122 1.81038661002457 2.06225519145268 2.72495377054658 2.79256539515925 2.81119807957605 2.65590391739008 3.03788809559231 3.03859731863584 3.897004057167 5.22026205136344 5.23567955641475 5.75883253777958 5.63715034076911 5.56400317090228 3.58006960700504 2.92228539499342 3.72171861741109 5.79470293831787 3.39375232168695 2.65486107381514 2.53919641928483 2.88532582743182 2.66399899636076 2.46334786806626 3.13413780000222 3.22575570721406 2.51409789175417 2.22550795403259
2.72756741080318 2.94165424336262 3.01021808381264 2.65552868970164 3.06068225832727 2.28359809728871 2.43500452697969 1.70708286956952 2.46496435184833 2.84928292192208 1.50616392019732 1.48581363393863 2.14804176238049 2.90060711171704 2.75409916610167 2.69481840668716 1.78414441724819 1.77672390662357 1.80441650674451 1.96623072548349 1.95812107887895 2.27954574467002 2.43642803042849 2.47569273427684 2.89468473209692 2.68660426806889 2.1776880836361 2.17111993604667 2.2573804859383 3.36660513712967 4.76275727200712 5.52655204035817 3.5363960831952 3.04178768039384 5.15975223921272 5.83482140978114 4.73481068432474 4.60008236588684 3.79053395693423 2.77656753083091 3.16594135441044 2.83717756067249 2.71011594101447 2.29960021660182 1.95313176453438 2.77955627492604
2.54920447696814 2.62274119178837 2.86273832373976 3.01467221616297 3.07056607258632 2.82029760515715 2.38014125333752 2.66412814982678 2.74754788555082 2.07135484354353 1.48892492438669 1.21357222286332 1.22943249591265 1.86707260169873 2.72824933402486 3.0335616144534 2.09711530810201 2.10311117740085 2.17345637021751 1.75936333334326 2.02956610720484 2.06928899991068 1.97867227527788 2.03893783276557 2.48309909079096 2.45735630001357 1.92449755069747 2.43595820698844 2.09883050842402 1.78203473557225 2.22358166886629 4.42314387016114 5.45871913388462 2.8435984610549 2.8350360009457 5.73740524272344 4.3175394649606 2.99122415501074 2.87515348165508 2.45181406440678 3.86714861182495 4.25236019691575 4.77739818560784 3.4503939029503 1.85852795809372 2.29253279067857
2.24529117656767 2.38710277370428 2.45132553842828 2.58167884775897 2.45495362262528 2.98533086466677 2.78728705375128 2.35561805533017 2.77245708909405 2.94002264790014 2.20418818740056 1.21344603508359 1.55919719479084 2.29154179379617 2.00676349671667 2.13972766395091 3.23275155276345 3.06473696518524 2.11523682252123 1.7774711420851 2.17049107857274 2.01400961993705 1.91088983325171 2.26167232060246 2.08345568348965 2.07731935399174 1.75713420150167 2.71313037980628 1.78586170874488 1.78791735305861 2.29753716593166 3.1725115858544 6.53595120728632 4.74227513284364 2.39691960014117 2.44659741314073 2.0030742692485 2.12990409527438 2.00046086593054 1.95747723361227 2.79203181212469 3.05401248656614 2.86585558109646 3.76406434888056 3.27220725324715 2.43040902497697
2.33266397397462 2.42280412197941 3.03875640434456 2.39567039316711 2.64280961635456 3.27569651838228 3.41734368972765 3.4997708225598 2.79825964148819 2.866033186893 3.28889736507157 3.30463237884871 2.62054494983385 2.29106949358123 2.90761973475827 3.01816949640255 3.19274500769802 2.80396975919564 2.2915746500444 2.13069825512315 2.03991076922404 2.32852877874002 2.70629143373138 2.35140871761669 3.02128793614714 2.79418590322109 2.14442115364483 2.6426272453725 2.19012432867394 1.49617557582396 1.93534419253177 2.81588643684124 5.22326773532624 5.79071056339168 2.99186918308237 2.38144000938896 3.3702099114376 3.25384974314181 2.93015103749563 3.08973456663182 3.08673353746433 2.43850942926774 2.14315955361859 2.51205262813878 2.25548343212572 2.55275947681793
2.44512541252903 2.60843337070622 2.2181754365514 2.31896253926622 2.54253788761153 2.61066032562859 2.98363060362471 2.82681513673258 2.87037477763479 3.01553040262059 2.66998079045729 3.16487501260546 2.03809197382324 2.98782496983853 3.03004066744439 2.52645688331088 2.56558125485917 2.34159778639077 1.69708992148646 1.85838971802024 1.62908275678403 1.8210952253072 2.32911458073576 2.48841157363184 2.65378396905213 2.77023536916582 2.69778618904086 1.90606951167435 2.65755111169718 1.67092229404176 1.93283134814753 1.73624621853983 2.51981935710322 4.6391166843522 5.69085410324453 5.62631824235177 5.70361024981405 5.77043644554413 5.42543363815379 5.6260827533392 5.0688911077498 4.06411325863463 3.08407412414021 2.62866185987829 2.16033559481814 1.56104215048484
2.54133350020458 2.40290462596846 2.33654828196444 2.35341081663671 2.20240646876688 2.99581600092633 2.69495156253012 2.83411790641298 2.48289178580485 2.69905133483392 2.90162067514009 3.52022854806378 3.00435526336142 2.96324329424115 2.90521788605482 1.97787589811999 2.2932374322976 2.35744967665244 2.48588432880919 1.85708156352949 1.53884664664482 1.72336059499483 2.02844207424483 2.46706019840523 2.7049665339912 2.17744054857308 2.26168789982003 2.00813320685164 1.96648867397613 2.08158213303035 2.09579943486333 1.97759219404745 2.67634988687093 2.53911147967077 3.29812012960619 4.45617123341686 3.23737795130455 3.32705074395923 5.21141011180743 5.7920456208022 5.81525377092361 5.9074152056321 5.79944121482278 5.78015580493885 4.14150627633234 3.65976055105674
2.05979652060317 2.82476489191309 2.9829627073179 2.56159274475033 2.53377056228561 2.47883810797263 2.62747123842129 2.89287052540342 2.58348831205392 2.88473373242192 3.22897626114881 3.35600072950232 2.52943794193169 1.87758691908512 2.12356209617628 1.85697543219341 2.28135421399257 2.17223860369066 1.83252454521201 2.63571903120995 1.78899109365081 1.8911282246594 2.24663003767824 2.30616823283948 2.29764617050161 2.15188764545908 2.17767798289379 1.72960686110308 1.54448741402998 1.70687022033219 2.15586140239401 2.56329599565121 2.10895771657552 2.67829679627193 2.35753839069756 2.02600802909193 2.43732351746645 2.26511675696969 2.42819622480475 3.71457594704737 3.90407378201852 5.88620870526354 5.91154158094874 5.77919015554051 5.79901023608607 5.81973760440612
2.26803628766408 2.3030057251988 2.98997639551821 3.03227355984262 3.09525566374531 2.97908284828882 2.54362102166589 2.46931899101649 2.70347346440157 1.88751780428609 2.168442829949 2.41598990398028 2.51665272938532 2.72754336059387 2.44371568881758 2.19170837817869 2.27488023241509 2.48570566757643 1.82434444914354 2.16995760392985 1.88416580293443 1.91415607126717 2.12017730359649 2.22095969459075 2.42874222066083 2.26096486281951 2.79676827004958 2.35645206218629 2.00127709024316 1.93765208262373 2.67712846954893 2.57531864648328 2.16483879965201 1.90095267969154 1.5063933366173 1.68331789250023 1.58189109274498 2.66929301518366 2.51347431186316 3.68826998411334 2.73324118351842 4.38285828287488 5.22371770513005 5.74746809695401 5.76131267562404 5.78167877426844
2.16685519376281 2.03036165467498 2.79256639304621 2.98809736761852 2.77000152356326 2.66959962839833 2.28399300928897 2.48873565261669 2.60611776398913 2.43438356804032 2.31829249074664 2.69731270130499 3.93304306055748 3.55269887979431 3.06260535073116 2.81821847369763 3.73316443436454 3.0641858587833 2.55549917855055 2.56842326391482 2.77731309424536 2.97661981683426 2.21291336641804 2.27808186603442 2.65542679040022 2.82631577697367 3.55410896303483 5.85233689397962 5.97346337085518 5.09265874279406 5.94447710994964 6.03743448565462 3.14561319610732 1.89310247483289 2.19963712284051 1.95446224364355 2.16101528032291 2.43843868033036 3.14986309064238 3.05091215421318 2.31916694977398 2.31336053302146 3.35267261388015 3.20727277210339 3.50338480748914 5.71690799243531
2.35662255424597 2.06952322666531 2.41017554057224 2.98537411843695 2.9767787980015 3.00685171828185 2.5985119312726 2.16196913552163 2.54463424115756 2.45553246202291 2.25551593339475 3.24446523155293 3.8538290283843 3.03179917946204 2.65966359223983 2.56002897143048 2.88132987078526 4.61318530829596 3.26980041683735 3.71102161273653 4.02261015833697 4.13580040051696 5.94928372514587 4.21471402633982 4.38876302629137 4.75761261592736 4.65023039519822 6.00932411754215 5.95564100180305 4.44184326213329 3.72825439665426 6.17571439832583 4.39127502830429 2.03862642626011 1.71236922433065 1.87066391930264 1.70548371150721 1.74193045828336 1.98278128783834 2.82235171810689 2.47087768023669 2.84335478025445 2.44557571025533 2.68686766931979 2.79981444491628 3.55672743469998
2.26649803305822 2.01497814593759 2.25258294544303 2.07758618753069 2.73323025062387 2.76093644603493 2.95976195705873 3.01453118644063 3.31582054840994 2.62002134827636 2.88311341236343 3.19976134429258 2.8166772182355 2.61529071958218 2.63514851508902 2.82497821432884 3.03815504490796 2.96650885429448 3.11166348737835 5.81618808446982 4.80533864933564 4.70613935879732 5.7505677780179 3.96351911573675 4.57910506587153 5.48825536813791 6.03115839473186 6.62286304472185 6.58044221594068 6.34799072228753 3.2281789843727 4.90101776134397 2.50148430725935 2.34722981673234 2.16512863790403 2.20032413498073 2.72278995330099 2.95185075051419 2.24770028486432 2.08847720042024 2.13553851860304 2.55758073696375 2.48068909874948 1.94847570314449 2.25131579918922 3.09923440408657
2.5017624520308 2.29595827515615 2.72497953058987 3.86955663743514 2.91589561895055 2.5462416721328 2.61291999463051 1.96168239599027 2.70305566946296 3.23249586183969 2.59245250042703 2.45873247690621 2.26118781501909 2.56887167230107 2.51761924312767 2.24429541679807 2.64210745055571 3.08594136967668 3.26746713008998 5.00627578482387 4.53768175042054 4.78363322128749 3.85927341301124 5.3041460782592 6.36710505965742 6.35603084764442 6.75742881722216 5.52327143686396 3.99282948251422 5.89502816085243 3.63084781646534 5.9489870755935 2.48879532939774 2.1236787810666 2.10917134740058 2.71797997230904 3.5409288938183 4.35709781797996 3.63723304353252 3.0840581488895 2.61614695562046 2.63526787734046 2.67471305201058 2.08417036693475 2.17001966341301 2.64774815420855
2.22939029386665 2.59433048636151 2.44589878204643 2.88544467364831 3.53991834886869 2.74231509097817 3.12387934352238 3.57586660767672 3.12030301906796 3.26001198361503 3.55211192757863 2.51264665888577 2.34936371442619 2.76032307162676 2.70380214801527 2.2961904536347 2.70603112265913 4.97968085259711 2.62026457909273 1.90098613274942 2.0329720073166 3.59287043325457 3.48399166012638 4.28355878454043 5.05905882203723 6.54492994078217 6.91986642312901 5.8768021545409 3.81615392282862 6.35516781417787 3.966027929464 5.00844974875768 4.77447435540376 2.69706724897531 2.40431996490052 2.58650924412382 2.49445946856933 3.82061521697833 6.53622491798013 5.42091050387232 2.79717777505576 2.72559371653119 3.0521401608684 2.9116387567725 2.83186315337433 3.30419495951317
2.27635208442016 2.83252680037391 2.81614017628516 2.51659340456759 2.77313777078781 2.14458680518866 2.46750554432891 3.06693812472011 2.95443275654435 2.81036203979447 2.34830588012105 2.35027133768634 2.68933282712096 2.79426774928247 3.06700439224597 2.75656469702838 3.32227611550922 3.97822761525473 3.94729538459762 3.53489741948179 2.68614782757456 3.35243266410929 2.82460516421594 2.42536037979196 3.30488100212232 6.69955484103738 6.16265631063368 4.16307067477791 2.43055273960798 2.64881772154355 3.18878506479032 3.74489162803697 3.9296608890329 2.37580262923737 2.32764662296402 2.29490688959524 2.03161918809919 1.82286328012517 3.27817030854751 3.77544501155334 2.57538973061085 2.39678331605281 4.37611098599911 4.37542612789153 4.73446531656566 4.1768738782137
