0.799543 0.0756122 9.9982E-05 0.103444 9.9982E-05 0.0212003
0.47078 0.0311821 0.442274 0.0233669 9.9991E-05 0.0322964
0.787314 0.12018 9.9982E-05 0.0744521 9.9982E-05 0.0178537
0.784912 0.0458614 0.0133866 0.151347 9.9991E-05 0.00439323
0.882555 9.9973E-05 0.0945724 9.9973E-05 0.0225731 9.9973E-05
0.696048 9.9982E-05 0.209187 0.0514224 0.0431431 9.9982E-05
0.651891 0.0581471 0.114056 0.175706 9.9982E-05 9.9982E-05
0.676548 0.00302628 0.188542 0.0899966 9.9991E-05 0.0417874
0.0910097 0.0738417 0.76428 9.9991E-05 0.058004 0.0127642
0.310365 0.166527 0.316244 0.172422 9.9991E-05 0.0343421
9.999E-05 0.0817057 0.455353 0.349368 0.0617003 0.0517727
0.235613 0.168237 0.376222 0.15502 0.0290003 0.0359073
9.9982E-05 9.9982E-05 0.244889 0.700622 0.0187213 0.0355677
0.00548381 0.170925 0.726356 0.0098751 0.087261 9.9991E-05
0.466173 0.136318 0.30822 9.9991E-05 0.0579409 0.0312481
0.20354 0.0887444 0.545419 0.153626 9.9991E-05 0.00857076
0.248916 0.209559 0.541226 9.9973E-05 9.9973E-05 9.9973E-05
0.417976 0.0359416 0.526706 9.9982E-05 9.9982E-05 0.0191763
0.0905148 0.502707 0.0541957 0.15536 0.13456 0.0626633
9.9973E-05 0.615441 0.21926 0.165 9.9973E-05 9.9973E-05
0.149496 0.653476 0.11856 0.0782674 9.9982E-05 9.9982E-05
0.0049341 0.778652 9.9991E-05 0.201458 0.00608924 0.00876686
9.999E-05 0.882488 0.00756123 0.0540497 0.0146156 0.0411852
0.0221124 0.719375 0.216975 9.9982E-05 9.9982E-05 0.0413377
0.149764 0.650405 0.0698992 0.129732 9.9982E-05 9.9982E-05
0.136522 0.843047 9.9973E-05 9.9973E-05 9.9973E-05 0.0201311
9.9982E-05 0.829294 9.9982E-05 0.0430526 0.0827853 0.0446685
9.9982E-05 0.800458 0.0951372 9.9982E-05 0.0869315 0.0172734
0.106219 0.87116 9.9982E-05 9.9982E-05 0.0126239 0.00979776
0.0872585 0.809984 0.000123545 9.9982E-05 0.102434 9.9982E-05
9.999E-05 0.764031 0.172956 0.00915847 0.0467788 0.00697624
9.9982E-05 0.770357 0.175082 9.9982E-05 0.0458311 0.00852984
0.000754268 0.782146 0.148085 9.9991E-05 0.00912376 0.0597911
0.371999 0.118495 0.258758 0.182018 9.9991E-05 0.0686292
0.501423 0.197084 0.262891 9.9991E-05 0.0367651 0.00173641
0.786464 0.106826 9.9982E-05 0.0445074 0.0620024 9.9982E-05
0.731043 0.0789125 9.9982E-05 0.178122 9.9982E-05 0.0117222
0.270601 0.119149 0.369008 0.157335 0.0838075 9.9991E-05
9.996E-05 9.996E-05 9.996E-05 9.996E-05 9.996E-05 0.9995
0.0191852 0.70365 9.9982E-05 0.241104 9.9982E-05 0.0358605
0.800528 0.098546 9.9982E-05 9.9982E-05 0.0912651 0.00946144
0.389444 0.125747 0.352021 0.130818 9.9991E-05 0.00187064
0.11013 0.253132 0.254264 0.274153 0.0918291 0.0164926
9.9991E-05 0.0496518 0.19522 0.668446 0.0657149 0.0208679
0.0295578 0.0934944 9.9973E-05 0.876648 9.9973E-05 9.9973E-05
9.996E-05 9.996E-05 9.996E-05 9.996E-05 9.996E-05 0.9995
0.182171 0.189505 0.234163 0.346578 9.9991E-05 0.0474827
0.126112 0.0985898 0.29557 0.38725 0.0923784 9.9991E-05
0.181248 0.287302 0.323032 0.0710505 0.107119 0.0302478
0.0195963 9.9991E-05 0.0949059 0.116531 0.732448 0.0364184
9.9991E-05 0.00730058 0.0932899 0.113601 0.758728 0.0269799
0.0884361 0.0418177 0.0909606 9.9982E-05 0.778586 9.9982E-05
9.9982E-05 9.9982E-05 0.13551 0.129007 0.688066 0.0472172
0.0527182 0.0778558 0.0384833 9.9991E-05 0.780319 0.0505239
9.9973E-05 0.0704952 0.106302 9.9973E-05 0.822903 9.9973E-05
9.9964E-05 9.9964E-05 0.314877 9.9964E-05 0.684723 9.9964E-05
9.9973E-05 9.9973E-05 0.223113 9.9973E-05 0.750959 0.0256273
9.9973E-05 0.13078 9.9973E-05 9.9973E-05 0.832048 0.0368717
9.9973E-05 9.9973E-05 0.15737 9.9973E-05 0.795758 0.0465719
0.048137 9.9991E-05 0.0990419 0.256952 0.566324 0.0294456
9.9973E-05 0.110414 9.9973E-05 0.123299 0.765987 9.9973E-05
9.9982E-05 0.0844433 0.0899949 0.161239 0.664123 9.9982E-05
9.9982E-05 9.9982E-05 0.0757373 0.578724 0.261856 0.0834819
0.123893 0.684656 0.11343 0.0371096 0.0155954 0.0253158
0.110943 0.69532 0.112181 9.9991E-05 0.0513411 0.0301148
0.175213 0.812671 9.9973E-05 9.9973E-05 9.9973E-05 0.0118155
0.00124197 0.0309946 0.16078 0.138287 0.65713 0.0115669
0.0859241 9.9982E-05 9.9982E-05 0.399836 0.458155 0.0558853
0.00401495 0.0385489 0.12667 0.152545 0.656896 0.0213253
0.0351738 0.0312465 9.9991E-05 0.268397 0.640518 0.0245647
0.0738793 0.0299487 0.0520779 9.9991E-05 0.779315 0.0646793
9.9973E-05 9.9973E-05 0.333675 0.538394 0.127631 9.9973E-05
9.9973E-05 9.9973E-05 0.294578 0.655665 0.0494572 9.9973E-05
0.00665809 0.0123883 0.153151 0.769654 0.0580487 9.9991E-05
9.9964E-05 9.9964E-05 9.9964E-05 0.987904 9.9964E-05 0.0116963
0.0919716 0.0931119 9.9982E-05 0.78972 9.9982E-05 0.0249965
9.9973E-05 9.9973E-05 0.0138586 0.97944 9.9973E-05 0.00640097
0.100059 0.0733645 0.0743488 0.677327 0.0420697 0.0328306
9.9973E-05 9.9973E-05 0.247887 0.115142 0.636672 9.9973E-05
0.122161 9.9991E-05 0.0666586 0.280059 0.414257 0.116764
0.0755595 0.0920315 9.9991E-05 0.0752854 0.730086 0.0269372
9.9991E-05 0.0758169 0.0774993 0.0952711 0.711728 0.039585
0.00655723 9.9982E-05 0.280243 9.9982E-05 0.679383 0.0336174
0.011075 0.677086 0.113732 0.1523 0.021757 0.0240512
0.00425776 0.12332 0.14097 0.449893 0.281459 9.9991E-05
9.9973E-05 9.9973E-05 0.0838881 0.831691 0.0841206 9.9973E-05
9.996E-05 9.996E-05 9.996E-05 9.996E-05 9.996E-05 0.9995
0.624631 0.17109 0.11417 0.0883715 9.9991E-05 0.00163745
0.531551 0.0954021 0.23928 0.101153 9.9991E-05 0.0325144
0.139021 0.0715131 0.586222 0.171218 9.9991E-05 0.031926
9.9991E-05 0.224198 0.529016 0.166175 0.0612816 0.0192294
0.724433 0.0668498 0.116614 0.0719582 0.0200446 9.9991E-05
9.9982E-05 0.00135997 0.0619714 0.785685 0.150784 9.9982E-05
0.211718 0.553189 0.014739 0.168312 0.0056408 0.046401
0.0786246 9.9982E-05 9.9982E-05 0.720351 0.11482 0.0860041
0.282756 0.288691 0.00409246 0.346569 0.0549242 0.0229669
0.256448 0.120684 0.622568 9.9973E-05 9.9973E-05 9.9973E-05
0.613462 0.00538362 0.182807 0.198147 9.9982E-05 9.9982E-05
0.142981 0.0813896 0.631226 0.144204 9.9982E-05 9.9982E-05
0.00705339 9.9982E-05 0.83316 0.150197 9.9982E-05 0.00939014
0.659705 9.9973E-05 9.9973E-05 0.308812 9.9973E-05 0.0311827
9.9982E-05 0.0278038 0.894279 0.0622763 9.9982E-05 0.0154411
0.138818 0.0464372 9.9991E-05 0.647908 0.140341 0.0263957
0.0612341 0.0604682 0.0887567 0.623163 0.0877427 0.0786353
9.9982E-05 9.9982E-05 0.127818 0.628002 0.147576 0.0964048
0.00331019 0.185557 0.257786 0.545814 9.9991E-05 0.00743247
9.9982E-05 0.140046 0.355412 0.400919 0.103424 9.9982E-05
0.175953 0.400851 0.361927 9.9982E-05 0.0610689 9.9982E-05
0.182703 9.9982E-05 0.0645942 9.9982E-05 0.738685 0.013818
9.9991E-05 0.0546712 0.00513408 0.244207 0.666332 0.029556
0.139512 0.178908 9.9982E-05 0.556417 0.124963 9.9982E-05
9.9991E-05 0.112895 0.326842 0.378332 0.156529 0.0253028
0.155601 0.22947 9.9991E-05 0.453606 0.0944766 0.0667459
9.9964E-05 0.699829 9.9964E-05 0.299771 9.9964E-05 9.9964E-05
0.0196428 0.0356946 9.9991E-05 0.338031 0.565101 0.0414312
9.9973E-05 9.9973E-05 0.136803 0.233415 0.629483 9.9973E-05
0.114275 9.9982E-05 0.123144 0.293023 0.469359 9.9982E-05
0.364897 0.420573 9.9982E-05 0.168599 9.9982E-05 0.0457311
0.719984 0.227911 9.9982E-05 9.9982E-05 0.0365618 0.0153434
0.62721 0.00426068 0.25242 0.0426691 0.0490155 0.0244247
0.67003 0.0505238 0.17986 0.00487176 0.0946146 9.9991E-05
0.415022 0.366362 0.199824 0.0185921 9.9982E-05 9.9982E-05
0.486402 0.154283 0.23122 0.127434 9.9991E-05 0.000561531
0.660984 0.0803648 0.193651 0.0648002 9.9982E-05 9.9982E-05
0.641262 9.9982E-05 0.302293 9.9982E-05 0.0440319 0.0122127
0.293433 0.310898 0.32569 0.0332271 0.0366519 9.9991E-05
0.137209 0.0774746 0.760164 9.9982E-05 0.0249528 9.9982E-05
9.9982E-05 0.0400522 0.934767 0.00389111 9.9982E-05 0.0210902
0.158202 0.0408448 0.730529 0.0484741 9.9991E-05 0.0218498
0.312491 0.204514 0.315061 0.0586854 0.102739 0.00650927
0.0232379 9.9982E-05 0.915227 9.9982E-05 0.0438477 0.0174874
9.9982E-05 0.187399 0.549172 0.261996 9.9982E-05 0.0012336
0.663407 9.9991E-05 0.293565 0.0359855 0.00537983 0.00156242
9.9973E-05 0.782306 0.0167201 0.200674 9.9973E-05 9.9973E-05
0.153023 0.797562 9.9973E-05 0.0491149 9.9973E-05 9.9973E-05
9.9973E-05 0.825147 0.133158 9.9973E-05 9.9973E-05 0.0413952
0.0830995 0.786781 0.0690222 0.0234334 0.0375639 9.9991E-05
0.112488 0.742731 9.9991E-05 0.0885658 0.0430384 0.0130769
0.530356 9.9982E-05 0.169667 0.255526 0.0442511 9.9982E-05
0.699495 0.158613 9.9982E-05 0.130883 9.9982E-05 0.0108086
9.9982E-05 9.9982E-05 0.0396704 0.0863143 0.873423 0.00039278
9.9991E-05 0.0566358 0.129473 0.0217009 0.744667 0.047424
0.0342122 9.9982E-05 0.120042 9.9982E-05 0.834068 0.0114775
0.132662 0.0163382 9.9982E-05 0.277688 0.573112 9.9982E-05
9.9982E-05 9.9982E-05 0.133502 0.0217129 0.810369 0.0342164
9.9991E-05 0.127751 0.093172 0.0127686 0.758529 0.00767897
0.120437 9.9982E-05 9.9982E-05 0.0241235 0.823479 0.0317607
0.0916033 0.050231 9.9982E-05 0.0518779 0.806088 9.9982E-05
0.0805146 0.0629717 9.9982E-05 0.0324466 0.823867 9.9982E-05
0.039531 0.110509 9.9991E-05 0.0329675 0.790694 0.0261988
0.0954382 9.9991E-05 0.0237669 0.0867943 0.755161 0.0387395
0.0587299 0.0870093 0.0549244 0.0224073 0.728674 0.0482549
0.0849359 0.0133346 0.126201 9.9991E-05 0.753525 0.0219037
9.9982E-05 0.118396 0.0243282 9.9982E-05 0.834163 0.0229128
0.140287 9.9973E-05 9.9973E-05 0.0683167 0.791097 9.9973E-05
0.141645 9.9973E-05 9.9973E-05 9.9973E-05 0.827243 0.0308123
0.0923305 0.0742091 9.9982E-05 9.9982E-05 0.814498 0.0187628
0.0256428 0.00581303 0.170813 0.640031 0.1576 9.9991E-05
0.0376165 9.9973E-05 0.107833 0.85425 9.9973E-05 9.9973E-05
0.0950957 9.9973E-05 9.9973E-05 0.0779608 0.826644 9.9973E-05
0.216458 9.9991E-05 0.0744055 0.054372 0.634888 0.0197762
9.9982E-05 0.00429299 9.9982E-05 0.208014 0.776125 0.0113681
0.0670214 9.9982E-05 0.19861 0.615972 0.118197 9.9982E-05
0.780853 9.9991E-05 0.182699 0.0149097 0.00225187 0.0191862
0.550014 0.20463 0.202261 9.9982E-05 9.9982E-05 0.0428956
0.431452 0.364568 9.9982E-05 0.1804 0.0233812 9.9982E-05
0.110332 0.551892 0.24225 0.0953264 9.9982E-05 9.9982E-05
9.9982E-05 0.718473 0.0419796 0.234342 9.9982E-05 0.00500557
0.0460554 0.821926 0.0179105 0.0763644 0.0361924 0.00155157
0.0845925 0.72792 0.111363 0.0754317 9.9991E-05 0.000592971
9.9991E-05 0.704956 0.218614 0.0330667 0.019464 0.0237992
9.9991E-05 0.680957 0.11022 0.124149 0.0535763 0.030997
9.9982E-05 0.79564 0.10392 9.9982E-05 0.0559589 0.0442811
0.735357 0.103496 0.0482112 0.111575 9.9991E-05 0.00126157
0.799735 0.0522865 0.0353141 9.9991E-05 0.077627 0.0349371
0.769892 9.9991E-05 0.0577461 0.124035 0.00622044 0.042007
0.758129 9.99641E-05 9.99641E-05 0.241471 9.99641E-05 9.99641E-05
0.625393 9.9973E-05 0.202481 0.171826 9.9973E-05 9.9973E-05
0.502239 9.9973E-05 0.149694 0.347767 9.9973E-05 9.9973E-05
0.147298 0.205652 0.555774 0.0881067 9.9991E-05 0.00307042
9.9982E-05 0.0752201 0.799568 0.0638981 0.061114 9.9982E-05
9.9973E-05 9.9973E-05 0.891113 0.0692328 9.9973E-05 0.0393546
0.149682 0.135626 0.602036 0.0430988 0.056925 0.0126315
0.0710747 0.0702885 0.810717 9.9991E-05 0.0154388 0.0323812
9.9982E-05 0.555783 0.231409 9.9982E-05 0.0752325 0.137376
9.9991E-05 0.0208394 0.103822 0.117301 0.737722 0.0202168
9.9982E-05 0.1098 0.0921873 9.9982E-05 0.770211 0.027601
9.9991E-05 0.014858 0.0844229 0.0865133 0.808672 0.005434
0.184241 9.9991E-05 0.0916161 0.0172341 0.687896 0.0189129
0.187773 0.0796844 9.9982E-05 9.9982E-05 0.720513 0.0118295
0.114423 0.246265 0.392322 0.143989 0.0807818 0.0222199
0.214483 0.22227 0.436617 0.0799661 9.9991E-05 0.0465635
0.111315 0.00541649 0.815114 9.9982E-05 9.9982E-05 0.0679544
0.268081 0.219814 0.275664 0.178088 9.9991E-05 0.0582543
