0.203787 9.9991E-05 0.209181 0.580215 0.00671665
0.0993626 0.0192584 9.9991E-05 0.851653 0.0296259
0.181276 0.0284241 0.13406 0.635485 0.0207545
9.9982E-05 9.9982E-05 0.189515 0.783747 0.0265376
9.9982E-05 0.0504697 9.9982E-05 0.929665 0.0196657
0.026568 0.0719194 0.126376 0.775036 9.9991E-05
0.0529909 9.9982E-05 0.224912 0.721897 9.9982E-05
9.9982E-05 9.9982E-05 0.0748041 0.86499 0.0600063
0.206465 0.0970298 0.00672607 0.686534 0.00324466
0.230018 9.9991E-05 0.209705 0.546215 0.0139625
0.0873152 0.0391369 0.476732 0.315804 0.0810117
0.188505 0.0433134 0.233307 0.507364 0.0275109
0.0323592 0.105536 0.807482 0.00878138 0.0458413
0.180603 0.0748724 0.207803 0.536622 9.9991E-05
0.192716 0.0798557 9.9991E-05 0.692941 0.0343879
0.116674 0.00859039 0.193397 0.674557 0.00678132
0.217227 0.00249108 0.0736335 0.706549 9.9991E-05
0.0916725 0.0203144 9.9991E-05 0.835312 0.0526014
0.547408 0.115885 0.233935 0.0697701 0.0330012
0.708095 9.9982E-05 0.185863 0.105842 9.9982E-05
0.68025 0.00143528 0.013902 0.275617 0.0287958
0.815502 0.0524652 0.102672 0.0129194 0.0164415
0.94769 9.9982E-05 0.00493363 9.9982E-05 0.047176
0.804318 0.0330206 9.9991E-05 0.137382 0.0251794
0.687134 9.9982E-05 0.107243 0.205423 9.9982E-05
0.951085 9.9982E-05 9.9982E-05 0.0474894 0.00122558
0.925204 0.0456148 9.9982E-05 9.9982E-05 0.0289816
0.872146 0.103401 9.9982E-05 9.9982E-05 0.0242526
0.918462 0.010277 9.9982E-05 0.0710614 9.9982E-05
0.839434 0.088573 9.9991E-05 0.0717545 0.000138525
0.937459 0.0513011 9.9982E-05 9.9982E-05 0.01104
0.849847 0.0486571 9.9991E-05 0.0680931 0.0333028
0.834849 9.9982E-05 9.9982E-05 0.0937133 0.0712381
0.184933 9.9991E-05 0.235602 0.520007 0.0593575
0.25875 0.0327559 9.9982E-05 0.708295 9.9982E-05
0.165241 0.0687683 0.11895 0.646941 9.9991E-05
0.0614205 9.9991E-05 0.255732 0.638567 0.0441805
0.164097 0.064505 0.363471 0.404044 0.00388332
9.997E-05 9.997E-05 9.997E-05 9.997E-05 0.9996
0.804628 0.028318 0.1271 9.9991E-05 0.0398538
0.151514 0.112824 9.9991E-05 0.718623 0.0169394
0.136591 9.9982E-05 0.187542 0.675667 9.9982E-05
0.305853 0.0942745 0.307283 0.267558 0.0250318
0.0972251 0.158148 0.550673 0.147473 0.0464813
9.9973E-05 9.9973E-05 0.988312 9.9973E-05 0.0113878
9.997E-05 9.997E-05 9.997E-05 9.997E-05 0.9996
0.239364 0.0754234 0.194605 0.410721 0.0798861
0.169175 0.132911 0.359943 0.337872 9.9991E-05
0.404313 0.0869498 0.197369 0.273435 0.0379323
0.0436395 0.756715 0.198401 9.9991E-05 0.00114391
9.9991E-05 0.784058 0.164469 0.0289702 0.0224028
0.0163501 0.819554 0.0285966 0.1354 9.9991E-05
9.9991E-05 0.711672 0.170979 0.0528056 0.0644441
0.0877214 0.839838 9.9991E-05 0.0288473 0.0434929
0.0945563 0.87976 9.9982E-05 0.0254836 9.9982E-05
9.9973E-05 0.733652 9.9973E-05 0.266048 9.9973E-05
0.0056298 0.805423 0.0789366 0.0756494 0.0343616
0.105585 0.862167 9.9982E-05 9.9982E-05 0.0320482
9.9991E-05 0.791099 0.0621595 0.0912304 0.055411
9.9991E-05 0.581562 0.303465 0.0877382 0.0271357
0.105908 0.842154 0.0517378 9.999E-05 9.999E-05
0.0408971 0.666672 0.192659 0.0913127 0.0084587
0.0170016 0.341286 0.576677 0.00100411 0.0640312
0.75124 0.0596398 0.0565447 0.089366 0.0432091
0.786114 0.00701546 9.9991E-05 0.166091 0.0406794
0.889473 9.9982E-05 9.9982E-05 0.0948376 0.0154898
9.9991E-05 0.682777 0.266886 0.0341373 0.0160992
9.9982E-05 0.494548 0.432444 9.9982E-05 0.0728081
0.0770362 0.737362 0.048049 0.109495 0.0280576
9.9982E-05 0.647665 0.302521 9.9982E-05 0.0496134
0.0661409 0.83582 9.9991E-05 0.0542952 0.0436437
9.9991E-05 0.125107 0.625354 0.237198 0.012241
0.0049731 0.0721102 0.723732 0.177251 0.0219337
9.9982E-05 0.0707832 0.867476 0.0615406 9.9982E-05
9.9973E-05 9.9973E-05 0.972935 9.9973E-05 0.0267655
0.155613 0.0310517 0.743959 0.0273618 0.0420148
0.00544218 9.9982E-05 0.954006 9.9982E-05 0.0403517
0.10753 0.0111519 0.799608 0.0624446 0.0192654
9.9982E-05 0.633132 0.339451 0.0272167 9.9982E-05
9.9991E-05 0.452656 0.346555 0.0825355 0.118154
0.0725767 0.734413 0.14977 0.0401011 0.00313933
0.0888146 0.736899 0.133207 9.9991E-05 0.0409794
9.9991E-05 0.712718 0.0586029 0.198596 0.0299835
0.669697 0.0569682 0.1883 0.0525028 0.032532
0.150858 0.30336 0.47895 0.0667317 9.9991E-05
9.9982E-05 0.149654 0.82808 0.0220658 9.9982E-05
9.997E-05 9.997E-05 9.997E-05 9.997E-05 0.9996
0.206026 9.9982E-05 0.156053 0.637721 9.9982E-05
0.11752 9.9991E-05 0.0963475 0.739607 0.0464257
0.190144 0.0311281 0.161224 0.579243 0.03826
0.234887 0.0638674 0.342299 0.314357 0.0445891
0.0839005 0.103931 0.0167656 0.795303 9.9991E-05
0.0152204 0.143501 0.838129 9.9991E-05 0.00304977
0.547588 9.9991E-05 0.312242 0.098043 0.0420264
9.9991E-05 0.166126 0.739123 0.00993996 0.0847103
0.268865 0.0884641 0.365528 0.252516 0.0246273
0.161589 0.00362155 9.9991E-05 0.818091 0.0165983
0.060311 9.9982E-05 0.242593 0.696896 9.9982E-05
0.102592 9.9982E-05 0.255092 0.642117 9.9982E-05
0.0201484 0.0718175 0.235555 0.648395 0.0240841
0.0923003 9.9991E-05 0.347504 0.554886 0.00520975
0.060333 9.9982E-05 0.231666 0.707801 9.9982E-05
0.0578596 0.186975 0.691344 0.0205758 0.0432457
0.0677202 0.193976 0.630569 0.0176016 0.0901332
9.9991E-05 0.19631 0.676967 0.0488644 0.0777595
0.275627 9.9991E-05 0.655313 0.0547114 0.0142486
0.19081 0.0734935 0.510413 0.225183 9.9991E-05
0.483815 0.0755233 9.9982E-05 0.440461 9.9982E-05
9.9982E-05 0.77467 9.9982E-05 0.218739 0.00639092
0.0475289 0.704493 0.212128 9.9991E-05 0.0357498
0.109066 0.133607 0.748772 9.9991E-05 0.00845509
0.141984 0.153263 0.618101 0.076034 0.0106184
0.25689 0.104852 0.594643 9.9991E-05 0.0435153
0.67658 9.9973E-05 0.32312 9.9973E-05 9.9973E-05
0.0618913 0.626221 0.268082 9.9991E-05 0.0437055
9.9982E-05 0.626989 0.334961 0.03785 9.9982E-05
9.9982E-05 0.494048 0.382836 0.122917 9.9982E-05
0.48502 0.0200581 0.183436 0.235523 0.0759634
0.299535 0.0676195 9.9982E-05 0.632645 9.9982E-05
0.0136722 0.0671094 0.0140179 0.851285 0.0539152
0.0487202 0.0940617 9.9991E-05 0.855403 0.00171491
0.361108 9.9982E-05 0.120205 0.518487 9.9982E-05
0.215973 0.0348652 0.0480694 0.677283 0.023809
0.0930988 0.0256 0.10822 0.772981 9.9991E-05
9.9982E-05 0.0824229 9.9982E-05 0.911601 0.00577641
0.328244 0.0591091 0.116277 0.49627 9.9991E-05
0.154552 9.9991E-05 0.060149 0.779053 0.00614609
0.265782 9.9991E-05 0.199137 0.516083 0.0188987
0.125186 9.9991E-05 0.13347 0.718641 0.0226028
0.221587 0.070839 0.16584 0.540935 0.000798457
0.0610075 0.0619687 0.0294403 0.810227 0.0373562
0.274382 0.0225871 0.272141 0.406204 0.0246851
0.0684478 0.0330286 0.0502649 0.847677 0.00058225
0.912493 9.9973E-05 0.0872067 9.9973E-05 9.9973E-05
0.902641 9.9982E-05 0.0402427 0.0569165 9.9982E-05
0.977473 9.9973E-05 9.9973E-05 9.9973E-05 0.022227
0.770732 0.0933763 0.0661266 0.0651068 0.00465812
0.779952 0.0435165 0.0753929 0.0788278 0.022311
9.9991E-05 0.0478974 0.255343 0.692329 0.00433029
0.171797 9.9991E-05 0.15554 0.637997 0.0345657
9.9973E-05 0.900624 0.0990764 9.9973E-05 9.9973E-05
0.0629454 0.781708 0.040372 0.0677201 0.0472549
9.9982E-05 0.847208 9.9982E-05 0.126317 0.0262751
0.0704842 0.62959 0.270675 0.0291516 9.9991E-05
9.9991E-05 0.884356 0.00552563 0.0916619 0.0183563
0.1721 0.81422 0.00994665 9.9991E-05 0.00363355
0.000128017 0.909342 9.9991E-05 0.0746316 0.0157983
0.0732861 0.834701 0.091813 9.9982E-05 9.9982E-05
0.0815308 0.867561 0.0507079 9.9982E-05 9.9982E-05
0.102145 0.849272 9.9991E-05 0.0361928 0.0122908
9.9991E-05 0.834409 0.0757047 0.059287 0.0304994
0.0196161 0.750421 0.0840243 0.109624 0.0363149
0.0517826 0.809925 9.9991E-05 0.13337 0.00482215
0.118825 0.877012 9.9982E-05 9.9982E-05 0.00396295
9.9991E-05 0.831008 0.079869 0.0704632 0.0185596
9.9982E-05 0.866075 9.9982E-05 0.0920196 0.0417056
0.0624456 0.852866 9.9991E-05 0.0581874 0.0264009
9.9982E-05 0.142839 0.738189 0.118772 9.9982E-05
0.0117365 9.9982E-05 0.935732 0.0523313 9.9982E-05
9.9982E-05 0.832769 0.0770952 0.0899355 9.9982E-05
0.0156727 0.689778 9.9991E-05 0.287312 0.00713698
0.00315024 0.830382 0.166268 9.9982E-05 9.9982E-05
9.9982E-05 0.095037 0.840956 0.0638072 9.9982E-05
9.9991E-05 0.000470764 0.109118 0.876941 0.0133704
0.189683 0.000963359 9.9991E-05 0.772219 0.0370356
0.406609 9.9982E-05 0.269862 0.323329 9.9982E-05
0.609409 9.9991E-05 0.0860397 0.303915 0.000537116
0.836592 9.9982E-05 0.161667 9.9982E-05 0.00154074
0.796985 0.0614331 0.111971 0.0295114 9.9991E-05
0.81616 9.9982E-05 0.156756 0.0268833 9.9982E-05
0.761312 9.9991E-05 0.210583 0.0197725 0.00823277
0.747768 0.0559745 0.149327 9.9991E-05 0.0468309
0.722724 0.0771924 9.9991E-05 0.150813 0.0491711
0.123521 0.0118314 0.112235 0.752313 9.9991E-05
0.0262591 0.0669256 0.208387 0.652573 0.0458555
9.9991E-05 0.0393539 0.175073 0.751946 0.0335272
9.9982E-05 9.9982E-05 0.31452 0.681113 0.00416656
0.0234412 0.0261901 0.185671 0.749787 0.0149104
9.9973E-05 9.9973E-05 0.383542 0.616158 9.9973E-05
0.207382 9.9991E-05 0.224371 0.556685 0.0114613
0.161726 0.0625708 0.2247 0.539492 0.0115109
0.0577169 9.9991E-05 0.23092 0.661225 0.0500379
0.225807 0.0630406 0.152457 0.538068 0.0206287
0.158513 0.0150086 0.235178 0.557703 0.0335974
0.665809 0.109548 0.00373257 0.0788659 0.142045
9.9991E-05 0.738653 0.179941 0.0606689 0.0206373
0.117928 0.797471 0.0435411 9.9991E-05 0.0409598
9.9982E-05 0.803195 0.188692 9.9982E-05 0.00791318
0.00714313 0.72065 0.0940353 0.168194 0.00997765
0.0944668 0.80022 0.015116 0.0702675 0.0199293
0.290966 0.147775 0.149382 0.385314 0.0265636
0.267368 0.00793991 0.117055 0.574544 0.0330928
0.165835 0.0501931 9.9991E-05 0.725351 0.0585201
0.27361 9.9991E-05 0.19735 0.473421 0.0555184
