0.000826561 9.9982E-05 0.142111 0.695062 0.1618 9.9982E-05
9.999E-05 0.0198059 0.109128 0.639771 0.028489 0.202706
9.9982E-05 0.035107 0.0363499 0.7217 0.206643 9.9982E-05
9.999E-05 0.00800486 0.113967 0.745271 0.0391958 0.0934615
0.0592759 0.000257381 9.9982E-05 0.925008 9.9982E-05 0.0152589
0.0532743 0.00301769 0.0944212 0.559977 9.9991E-05 0.28921
0.0107009 9.9982E-05 0.120908 0.554079 9.9982E-05 0.314111
9.9982E-05 0.0458869 0.130765 0.616779 9.9982E-05 0.206369
0.0657051 0.0030234 9.9991E-05 0.149485 0.0868513 0.694836
9.999E-05 0.0468976 0.160647 0.171703 0.138823 0.481831
0.0546937 0.0386704 0.419284 0.0943685 0.0146085 0.378375
9.999E-05 0.0272851 0.241705 0.230518 0.187608 0.312784
0.0674254 0.0331031 0.729234 0.0126489 0.0583004 0.0992886
0.0878799 9.9991E-05 0.00438956 0.0117354 0.127943 0.767952
0.0737931 0.0372876 9.9991E-05 0.315945 0.125504 0.447371
9.999E-05 0.0149564 0.157911 0.15332 0.0073103 0.666402
9.9973E-05 9.9973E-05 9.9973E-05 0.242465 0.092177 0.665058
9.9973E-05 0.0175977 9.9973E-05 0.361305 9.9973E-05 0.620797
0.1494 0.0568984 0.11887 9.9991E-05 0.491507 0.183224
0.000181307 9.9982E-05 0.109575 9.9982E-05 0.542865 0.347179
0.00971709 0.00668224 9.9991E-05 0.125065 0.619364 0.239071
0.0224727 9.9982E-05 0.137687 0.0407929 0.798848 9.9982E-05
9.9973E-05 0.0368284 0.0777163 9.9973E-05 0.885155 9.9973E-05
0.0295123 0.0408098 9.9991E-05 0.0172095 0.672951 0.239417
9.9982E-05 9.9982E-05 0.111362 0.193365 0.614209 0.0808627
9.9964E-05 9.9964E-05 9.9964E-05 0.168421 0.831179 9.9964E-05
0.0425127 0.00907872 0.0567695 0.00174113 0.889798 9.9991E-05
0.0618905 0.0209417 0.0144155 9.9991E-05 0.805203 0.0974495
0.0205755 9.9973E-05 9.9973E-05 0.126628 0.852497 9.9973E-05
0.0868451 9.9973E-05 9.9973E-05 0.104489 0.808366 9.9973E-05
0.0361736 9.9973E-05 9.9973E-05 9.9973E-05 0.852435 0.111092
0.0426125 0.014679 9.9982E-05 9.9982E-05 0.714382 0.228126
0.00667426 0.0513302 0.085505 9.9991E-05 0.728303 0.128087
9.999E-05 0.0765181 0.181519 0.337131 0.127421 0.27731
9.9982E-05 0.00393334 9.9982E-05 0.571402 0.305393 0.119072
0.0989176 9.9991E-05 0.0148973 0.752769 0.129901 0.00341528
0.0211172 0.0290883 0.120899 0.759213 0.0695828 9.9991E-05
0.083057 0.00891885 0.158342 0.25225 0.0839065 0.413526
9.996E-05 0.9995 9.996E-05 9.996E-05 9.996E-05 9.996E-05
0.00778964 0.0166969 0.166173 9.9982E-05 0.809141 9.9982E-05
0.131394 0.00425902 9.9991E-05 0.64086 0.112663 0.110724
9.9982E-05 9.9982E-05 0.122802 0.420867 0.095015 0.361116
0.0668887 9.9991E-05 0.382344 0.1249 0.232672 0.193095
0.110374 0.0437561 0.670135 0.00606742 0.0427875 0.12688
9.9982E-05 0.0201753 0.871835 0.0506214 0.0571682 9.9982E-05
9.996E-05 0.9995 9.996E-05 9.996E-05 9.996E-05 9.996E-05
9.9991E-05 0.074951 0.30763 0.148231 0.142589 0.326498
0.0607624 9.9991E-05 0.432404 0.150382 0.0346887 0.321662
0.07666 0.0203474 0.175877 0.159381 0.285806 0.281928
0.651145 0.0288325 0.233115 9.9982E-05 9.9982E-05 0.0867071
0.747704 0.0392833 0.115678 9.9982E-05 9.9982E-05 0.0971352
0.795853 9.9973E-05 9.9973E-05 0.0665026 9.9973E-05 0.137344
0.694713 0.0374058 0.143004 9.9982E-05 9.9982E-05 0.124678
0.801511 0.0369137 9.9991E-05 0.00031333 0.0504994 0.110663
0.802432 9.9973E-05 9.9973E-05 9.9973E-05 0.0294145 0.167854
0.657539 9.9964E-05 9.9964E-05 9.9964E-05 9.9964E-05 0.342061
0.741125 0.0158577 0.0289233 9.9982E-05 9.9982E-05 0.213894
0.787578 0.0339714 0.115993 9.9982E-05 0.0622575 9.9982E-05
0.752921 0.0337071 0.0186691 9.9982E-05 9.9982E-05 0.194503
0.546598 0.0269495 0.2677 0.0362822 9.9991E-05 0.12237
0.748565 9.9973E-05 0.159409 9.9973E-05 0.0917256 9.9973E-05
0.6563 0.00316356 0.227521 0.0239629 0.0774997 0.0115537
0.313155 0.0720111 0.53275 9.9982E-05 9.9982E-05 0.0818847
0.0446723 0.0169196 9.9991E-05 0.111639 0.746918 0.0797512
0.0215339 0.0396672 0.010393 0.125679 0.743849 0.0588776
9.9973E-05 0.0165519 9.9973E-05 0.168574 0.814574 9.9973E-05
0.650399 0.0206392 0.141454 9.9982E-05 9.9982E-05 0.187308
0.50486 0.060428 0.353583 0.0809293 9.9982E-05 9.9982E-05
0.682315 0.0193918 0.1594 0.0444727 0.0491493 0.045271
0.647812 0.0401397 0.272136 9.9991E-05 0.0305678 0.00924403
0.785089 0.0395428 9.9982E-05 0.173513 0.00165574 9.9982E-05
0.0879721 0.0115075 0.609946 0.0499787 9.9991E-05 0.240495
0.0464949 0.00680409 0.664182 9.9982E-05 9.9982E-05 0.282319
0.0246957 0.00142968 0.932793 0.0163861 0.00262868 0.0220666
9.9964E-05 0.0276321 0.971968 9.9964E-05 9.9964E-05 9.9964E-05
9.9973E-05 0.0149283 0.888023 9.9973E-05 0.0967489 9.9973E-05
9.9964E-05 0.0116177 0.987982 9.9964E-05 9.9964E-05 9.9964E-05
0.0288098 0.030389 0.685145 0.142455 0.0617262 0.0514747
0.580514 9.9973E-05 0.178501 9.9973E-05 9.9973E-05 0.240685
0.375692 0.109095 0.333791 0.0725807 0.108741 9.9991E-05
0.682989 0.016944 0.219877 0.00248599 0.0776038 9.9991E-05
0.717292 0.046304 0.135919 9.9991E-05 0.0730766 0.0273083
0.693769 0.0232288 9.9973E-05 9.9973E-05 9.9973E-05 0.282702
0.0207043 9.9982E-05 0.0964984 9.9982E-05 0.615308 0.267289
0.232189 9.9991E-05 0.618586 0.0432469 0.0637479 0.0421307
0.0839862 9.9973E-05 0.851373 0.0643411 9.9973E-05 9.9973E-05
9.996E-05 0.9995 9.996E-05 9.996E-05 9.996E-05 9.996E-05
9.9991E-05 0.0140137 0.109644 0.478988 0.163042 0.234213
9.9991E-05 0.0425089 0.0805702 0.642612 0.0920176 0.142191
9.9991E-05 0.044704 0.170625 0.215952 0.0838305 0.484789
0.0762126 0.0645908 0.143536 9.9991E-05 0.156507 0.559053
0.0391073 9.9991E-05 0.0397883 0.53734 0.0345547 0.34911
0.15094 9.9982E-05 0.810766 0.0352529 0.00284161 9.9982E-05
0.0220214 0.0312699 0.119689 0.102118 0.588247 0.136654
0.165441 0.0568933 0.63499 0.135609 9.9991E-05 0.00696585
0.0457483 0.023351 0.337596 0.285348 0.238366 0.0695904
9.9982E-05 0.0103069 9.9982E-05 0.191073 0.145473 0.652948
9.9982E-05 9.9982E-05 0.220349 0.483464 0.0696166 0.226371
9.9982E-05 9.9982E-05 0.207819 0.421083 0.111189 0.259709
0.0466162 0.00531457 0.0967073 0.0754744 9.9991E-05 0.775788
9.9982E-05 0.00177452 0.298563 0.65907 0.0403921 9.9982E-05
9.9982E-05 9.9982E-05 0.0884613 0.0630913 0.0286663 0.819581
0.191867 0.030613 0.631599 0.0711385 0.0701911 0.00459087
0.124635 0.0543695 0.562339 0.122613 0.10621 0.0298327
0.144813 0.0874217 0.671146 0.0964196 9.9982E-05 9.9982E-05
9.9982E-05 0.00823485 0.542386 9.9982E-05 0.129348 0.319831
0.0745055 9.9991E-05 0.45623 0.026199 0.0935717 0.349393
0.0765095 9.9982E-05 9.9982E-05 0.275029 0.338622 0.30964
0.733568 0.00742104 9.9982E-05 0.253524 0.00528705 9.9982E-05
0.697079 0.0320666 0.23435 9.9991E-05 0.033185 0.00321971
0.149388 0.0094273 0.608748 0.0571869 0.17515 9.9991E-05
0.141577 0.0122504 0.380981 9.9991E-05 0.0554025 0.409689
0.133249 0.0546599 0.422796 0.104808 0.284387 9.9991E-05
9.9973E-05 9.9973E-05 0.25267 9.9973E-05 0.697346 0.0496837
0.642364 0.0427222 0.227375 0.0333276 0.0541103 9.9991E-05
0.60822 9.9973E-05 0.220661 9.9973E-05 9.9973E-05 0.170819
0.486235 9.9973E-05 0.409358 0.104107 9.9973E-05 9.9973E-05
0.0629664 0.0402226 0.0178374 0.341166 0.504945 0.0328623
0.0426863 0.00933197 9.9991E-05 0.512109 0.252261 0.183511
9.9982E-05 0.0296889 0.17048 0.709675 9.9982E-05 0.089956
0.102193 9.9982E-05 9.9982E-05 0.837438 0.0556309 0.00453808
9.9973E-05 9.9973E-05 9.9973E-05 0.32153 0.419538 0.258632
9.9991E-05 0.0180623 0.0917916 0.576668 0.122653 0.190725
0.0420108 9.9973E-05 9.9973E-05 0.887421 0.0702683 9.9973E-05
0.0294134 0.0101647 9.9982E-05 0.849387 9.9982E-05 0.110835
0.0180479 9.9991E-05 0.0477509 0.325646 0.297803 0.310652
9.9964E-05 9.9964E-05 9.9964E-05 0.0959411 9.9964E-05 0.903659
9.9991E-05 0.0263671 0.0540549 0.0318736 0.0369397 0.850665
9.9973E-05 0.00658947 9.9973E-05 9.9973E-05 0.00385828 0.989252
0.0763883 9.9991E-05 0.100407 0.276622 0.241882 0.3046
0.0392788 0.00663869 9.9982E-05 0.0899231 9.9982E-05 0.863959
9.9982E-05 0.00955383 0.143861 9.9982E-05 0.157016 0.68937
9.9982E-05 9.9982E-05 0.157037 0.677644 0.0561529 0.108966
9.9973E-05 9.9973E-05 0.177445 0.00535014 0.816905 9.9973E-05
9.9973E-05 9.9973E-05 0.0142427 0.149897 0.83556 9.9973E-05
9.9973E-05 0.0188038 9.9973E-05 9.9973E-05 0.833237 0.147659
0.0473738 9.9973E-05 9.9973E-05 9.9973E-05 0.672461 0.279866
0.0433986 0.00575424 0.00700954 0.1567 0.787038 9.9991E-05
0.0865529 0.0117344 0.121476 0.470405 9.9991E-05 0.309732
9.9982E-05 0.0413955 0.118851 0.694152 0.145401 9.9982E-05
0.845766 9.9973E-05 0.144768 0.00916595 9.9973E-05 9.9973E-05
0.783712 0.0125309 0.0110066 9.9991E-05 0.0450981 0.147553
0.835289 0.0255352 9.9991E-05 0.0867654 0.0318038 0.0205063
0.567706 9.9982E-05 0.29027 0.097572 0.0442529 9.9982E-05
0.821755 0.0217399 0.0268557 0.129449 9.9982E-05 9.9982E-05
0.798294 0.0159558 0.0281633 0.0238712 0.129247 0.00446944
0.877598 0.0158226 0.0193425 0.0870373 9.9982E-05 9.9982E-05
0.800144 9.9982E-05 0.105811 0.00346524 0.0903801 9.9982E-05
0.767524 0.00267348 0.0681783 0.0860804 0.0754438 9.9991E-05
0.728634 9.9982E-05 0.174634 0.00919418 0.0873381 9.9982E-05
0.778416 0.0288597 0.0908747 0.0670875 9.9991E-05 0.0346622
0.771589 0.042261 9.9982E-05 9.9982E-05 0.0523731 0.133577
0.747238 0.0325459 0.0295955 0.0872451 0.0336275 0.0697482
0.86397 9.9973E-05 9.9973E-05 9.9973E-05 0.0904959 0.0452338
0.74207 0.0262925 0.192405 0.0141951 0.0249372 9.9991E-05
0.864222 9.9964E-05 9.9964E-05 0.135378 9.9964E-05 9.9964E-05
0.815811 0.0136167 0.000739186 0.118085 0.0516482 9.9991E-05
0.162853 9.9982E-05 0.643132 0.158 0.0358152 9.9982E-05
9.9973E-05 9.9973E-05 0.739157 0.0995013 9.9973E-05 0.161042
0.797256 9.9973E-05 0.144426 0.058018 9.9973E-05 9.9973E-05
0.628919 0.0287739 0.0956725 0.246435 9.9982E-05 9.9982E-05
0.746035 9.9973E-05 0.228844 9.9973E-05 0.0248202 9.9973E-05
0.0651871 9.9982E-05 0.76987 0.155877 9.9982E-05 0.00886616
0.0401881 0.00610168 0.0347094 0.918801 9.9982E-05 9.9982E-05
9.9982E-05 0.0285415 9.9982E-05 0.573238 0.256384 0.141637
9.9973E-05 9.9973E-05 0.163768 0.393787 0.442145 9.9973E-05
9.9991E-05 0.0036949 0.108835 0.0733144 0.57145 0.242606
9.9973E-05 9.9973E-05 0.154127 9.9973E-05 0.750409 0.0951637
0.0255437 9.9982E-05 0.0525807 9.9982E-05 0.777485 0.144191
9.9982E-05 0.0111802 9.9982E-05 0.166901 0.755882 0.0658369
9.9982E-05 0.023667 0.0572791 9.9982E-05 0.667761 0.251093
0.0538544 0.0330414 0.106863 9.9991E-05 0.714047 0.0920935
0.073013 0.0367609 9.9991E-05 0.0308526 0.689819 0.169454
9.9973E-05 9.9973E-05 0.0603115 0.844122 0.0952662 9.9973E-05
0.0470754 0.0579368 0.0876632 0.769875 0.0373492 9.9991E-05
0.0202998 0.0167864 0.210983 0.751731 9.9982E-05 9.9982E-05
9.99641E-05 9.99641E-05 0.217029 0.782572 9.99641E-05 9.99641E-05
9.9982E-05 0.00762722 0.117853 0.870951 9.9982E-05 0.00336826
9.9973E-05 9.9973E-05 0.309617 0.685121 0.00496237 9.9973E-05
9.9982E-05 9.9982E-05 0.126162 0.0440356 0.0979123 0.73169
0.0516063 0.00531521 0.0949954 9.9991E-05 0.0258088 0.822174
9.9964E-05 0.034838 9.9964E-05 9.9964E-05 9.9964E-05 0.964762
0.0526453 0.00452156 0.00867668 0.0776012 0.0709807 0.785575
0.0487812 0.00938584 9.9991E-05 0.2147 0.0462679 0.680765
0.0964563 0.136298 9.9982E-05 9.9982E-05 0.596597 0.170449
0.705132 0.0259493 0.213604 0.0551142 9.9982E-05 9.9982E-05
0.72311 0.0501116 0.136967 0.00743754 0.0822736 9.9991E-05
0.788912 0.00231466 0.121687 9.9991E-05 0.0158094 0.0711776
0.657178 0.0128691 0.179768 0.0597836 9.9991E-05 0.0903013
0.751389 0.0200791 0.0358842 0.12533 0.0672181 9.9991E-05
0.0876404 0.00715794 0.055634 0.197743 0.246377 0.405448
0.00435121 0.0373669 0.0489454 0.23987 0.220336 0.44913
9.9982E-05 0.0461382 9.9982E-05 0.135238 0.0800655 0.738359
9.9991E-05 0.0458245 0.142863 0.195179 0.157163 0.458871
