0.0176874 0.816439 0.165873
0.000103604 0.891189 0.108708
0.0307532 0.699457 0.26979
0.0083306 0.920638 0.0710313
0.052188 0.916707 0.0311052
0.047669 0.950679 0.00165204
0.0534174 0.86391 0.0826726
9.999E-05 0.997611 0.00228905
0.0441889 0.738246 0.217565
0.0352364 0.722079 0.242685
0.232908 0.664399 0.102693
0.131025 0.603039 0.265935
0.31236 0.575178 0.112462
0.093508 0.672467 0.234025
0.0278163 0.677381 0.294803
9.9991E-05 0.879363 0.120537
9.9991E-05 0.783594 0.216306
9.9991E-05 0.899436 0.100464
0.204075 0.158481 0.637444
0.0228467 0.200771 0.776382
9.9991E-05 0.267327 0.732573
0.0613624 0.0955774 0.84306
0.0118478 9.9991E-05 0.988052
0.0263322 0.0963657 0.877302
9.9991E-05 0.282151 0.717749
9.999E-05 9.999E-05 0.9998
0.0744831 9.9991E-05 0.925417
0.0660532 0.00268094 0.931266
9.999E-05 9.999E-05 0.9998
0.0834384 0.0484444 0.868117
0.0137984 9.9991E-05 0.986102
9.9991E-05 0.0726477 0.927252
0.0101055 0.0674 0.922494
0.0700126 0.730496 0.199491
0.0227045 0.68858 0.288715
0.0427015 0.832815 0.124483
0.0272286 0.878714 0.0940572
0.0984357 0.750253 0.151312
0.388167 9.9991E-05 0.611733
0.0629598 0.0643342 0.872706
0.0582546 0.685178 0.256567
9.9991E-05 0.790612 0.209288
0.170562 0.502913 0.326525
0.307773 0.527688 0.164539
0.295221 0.669228 0.0355512
0.419844 9.9991E-05 0.580056
0.0576286 0.682402 0.259969
0.185812 0.643964 0.170223
0.155905 0.431843 0.412252
0.88506 0.0547507 0.0601895
0.941778 0.0346191 0.0236024
0.873703 0.106269 0.0200274
0.845927 0.116607 0.0374665
0.890338 9.9991E-05 0.109562
0.901189 0.00436861 0.0944428
0.762774 0.237126 9.9991E-05
0.895845 0.0200593 0.0840961
0.894776 9.9991E-05 0.105124
0.930052 0.0698478 9.9991E-05
0.741899 0.258001 9.9991E-05
0.934928 9.9991E-05 0.0649723
0.810813 0.110893 0.078294
0.58647 0.338449 0.0750806
0.0122701 0.201893 0.785837
0.0388918 0.145884 0.815224
9.9991E-05 0.140596 0.859304
0.789895 0.154614 0.0554904
0.718458 0.20797 0.0735718
0.803153 0.0859082 0.110938
0.88986 0.0353905 0.0747495
0.908729 9.9991E-05 0.0911712
0.342724 0.657176 9.9991E-05
0.337959 0.609645 0.052396
0.346766 0.612542 0.0406917
0.321531 0.661338 0.0171301
0.265444 0.570455 0.164101
0.346162 0.615598 0.0382402
0.277512 0.657418 0.0650699
0.742806 0.257094 9.9991E-05
0.60765 0.216042 0.176308
0.842993 0.0707371 0.0862699
0.858508 9.9991E-05 0.141392
0.770606 0.229294 9.9991E-05
0.0385219 0.207849 0.75363
0.444186 0.434731 0.121083
0.371415 0.628485 9.9991E-05
0.412759 9.9991E-05 0.587141
9.9991E-05 0.772523 0.227377
9.9991E-05 0.799079 0.200821
0.0230029 0.739539 0.237459
0.139156 0.572633 0.288211
0.0486021 0.914567 0.0368308
0.465495 0.463634 0.0708711
0.0683952 0.324091 0.607514
0.429922 0.569978 9.9991E-05
0.13807 0.498506 0.363424
9.9991E-05 0.833917 0.165983
0.0049945 0.889758 0.105248
9.9991E-05 0.815758 0.184142
0.073869 0.900821 0.02531
0.0163759 0.983524 9.9991E-05
9.9991E-05 0.932871 0.0670288
0.457357 0.444982 0.0976614
0.391548 0.505262 0.103191
0.453822 0.472398 0.0737799
0.105808 0.703182 0.191009
0.253304 0.621654 0.125042
0.0615395 0.439022 0.499439
0.843115 0.156785 9.9991E-05
0.863889 0.076716 0.059395
0.369102 0.474567 0.156331
0.320756 0.492307 0.186937
0.323633 0.293879 0.382488
0.0202049 0.17521 0.804585
0.814994 0.0522873 0.132718
0.789442 0.177762 0.0327965
0.65177 0.34813 9.9991E-05
0.0730147 0.388246 0.53874
0.0379708 0.683087 0.278942
0.0776518 0.881965 0.040383
0.061742 0.863094 0.0751638
9.9991E-05 0.609858 0.390042
9.9991E-05 0.769757 0.230143
9.9991E-05 0.845601 0.154299
0.0202937 0.954308 0.0253981
9.9991E-05 0.565349 0.434552
9.9991E-05 0.866151 0.133749
9.9991E-05 0.771333 0.228567
9.9991E-05 0.900593 0.0993068
0.111906 0.606125 0.281969
0.0660324 0.861095 0.0728725
0.0598538 0.676739 0.263407
9.9991E-05 0.893408 0.106492
9.9991E-05 0.119022 0.880878
9.9991E-05 0.020903 0.978997
9.999E-05 9.999E-05 0.9998
0.0940988 0.104379 0.801522
0.0179541 0.0788753 0.903171
0.0898332 0.910067 9.9991E-05
0.0139727 0.787565 0.198462
0.9998 9.999E-05 9.999E-05
0.843521 0.125202 0.0312776
0.914085 0.0858149 9.9991E-05
0.768653 0.228371 0.00297576
0.962816 0.0130488 0.0241347
0.874561 9.9991E-05 0.125339
0.958894 0.0410057 9.9991E-05
0.900896 9.9991E-05 0.099004
0.910601 0.0117443 0.0776548
0.91653 9.9991E-05 0.0833696
0.902537 0.097363 9.9991E-05
0.83692 0.0990987 0.063981
0.855477 0.0833451 0.0611783
0.939772 9.9991E-05 0.0601275
0.942785 0.0571153 9.9991E-05
0.963502 0.0363984 9.9991E-05
0.917998 9.9991E-05 0.0819016
0.357262 0.593118 0.0496199
0.250882 0.711224 0.0378944
0.926677 0.0732231 9.9991E-05
0.747025 0.252875 9.9991E-05
0.968402 0.0142046 0.0173936
0.351585 0.648315 9.9991E-05
9.9991E-05 0.986256 0.0136441
9.9991E-05 0.72826 0.27164
0.0286208 0.506222 0.465157
9.9991E-05 0.289397 0.710503
0.0406929 0.101908 0.857399
0.04934 0.0322786 0.918381
9.9991E-05 0.145935 0.853965
0.0209929 0.164188 0.814819
0.134017 0.0992838 0.7667
0.0907415 0.0445496 0.864709
0.0021769 0.885131 0.112692
0.0618032 0.858281 0.0799157
0.0294035 0.970497 9.9991E-05
9.999E-05 0.9998 9.999E-05
9.9991E-05 0.977093 0.0228071
0.0747069 0.919296 0.00599657
0.0336867 0.797715 0.168598
0.0857124 0.678901 0.235386
0.0157694 0.817734 0.166497
0.039646 0.701643 0.258711
0.0311002 0.774434 0.194466
0.148267 9.9991E-05 0.851633
0.860081 0.062749 0.0771702
0.879284 9.9991E-05 0.120616
0.940172 0.0472867 0.0125417
0.784399 0.215501 9.9991E-05
0.886975 0.0529948 0.0600305
0.136649 0.536415 0.326936
9.9991E-05 0.649459 0.350441
0.0282686 0.772701 0.199031
9.9991E-05 0.647072 0.352828
