0.0276248 0.0918495 0.164913 0.713771 0.00184151
9.999E-05 0.0857219 0.117949 0.774765 0.0214643
0.0058162 0.208302 0.139417 0.614104 0.0323608
0.0273688 0.156219 0.029266 0.786446 0.00069998
0.0738263 9.9991E-05 0.0117798 0.904628 0.00966619
0.0757553 0.0106248 9.9982E-05 0.91342 9.9982E-05
0.0238206 0.247744 0.0467189 0.681616 9.9991E-05
9.9982E-05 0.233321 9.9982E-05 0.738706 0.0277735
0.121984 9.9991E-05 0.206001 0.668679 0.00323538
9.999E-05 0.316948 0.211379 0.426232 0.0453408
0.0347526 0.539056 0.0178383 0.337201 0.0711527
0.0285518 0.32141 0.21552 0.404949 0.0295696
0.0560739 0.834264 0.0587994 9.9991E-05 0.0507629
0.0569708 0.213532 0.238809 0.490588 9.9991E-05
0.0691214 9.9991E-05 0.228108 0.678119 0.0245516
9.999E-05 0.227042 0.137177 0.623141 0.0125401
0.0194327 0.106129 0.253089 0.621249 9.9991E-05
0.0183408 9.9991E-05 0.0388992 0.92635 0.0163104
0.137197 0.14959 0.537459 0.117272 0.0584822
9.9982E-05 0.193643 0.657498 0.148659 9.9982E-05
0.0325168 9.9991E-05 0.695215 0.248901 0.0232679
0.0269941 0.0745695 0.888727 9.9991E-05 0.00960946
9.9982E-05 0.0747985 0.880674 9.9982E-05 0.0443278
0.0250115 9.9991E-05 0.829673 0.119221 0.0259952
9.9982E-05 0.156708 0.679713 0.163379 9.9982E-05
9.9991E-05 0.0538424 0.886196 0.0483861 0.0114752
0.0620157 9.9982E-05 0.909233 9.9982E-05 0.0285518
0.0302303 0.0907631 0.857114 9.9991E-05 0.0217927
0.0431663 9.9982E-05 0.905475 0.0511589 9.9982E-05
0.0777883 9.9982E-05 0.885317 0.0366944 9.9982E-05
0.0552274 9.9982E-05 0.94244 9.9982E-05 0.00213233
0.0617149 0.0188424 0.83177 0.058727 0.0289453
9.9982E-05 0.129463 0.823218 9.9982E-05 0.0471196
9.9991E-05 0.32767 0.110678 0.482883 0.0786696
0.0226122 9.9991E-05 0.2099 0.758455 0.00893277
0.0948842 0.0880519 0.127923 0.689041 9.9991E-05
0.0158384 0.220862 0.0836992 0.635612 0.0439874
0.119842 0.229482 0.142887 0.50769 9.9991E-05
9.997E-05 9.997E-05 9.997E-05 9.997E-05 0.9996
0.000921806 0.240467 0.720867 9.9991E-05 0.0376439
0.12535 9.9982E-05 0.159 0.71545 9.9982E-05
9.9991E-05 0.248242 0.145625 0.603847 0.00218636
0.102501 0.343964 0.251464 0.299594 0.0024766
0.107318 0.617266 0.0977887 0.097193 0.0804343
9.9973E-05 0.990399 0.00930107 9.9973E-05 9.9973E-05
9.997E-05 9.997E-05 9.997E-05 9.997E-05 0.9996
0.0497648 0.207868 0.222669 0.462017 0.0576821
0.0919545 0.522821 0.14751 0.237615 9.9991E-05
0.0892953 0.191889 0.385109 0.314904 0.0188031
0.780305 0.069077 0.0689849 0.0530267 0.028606
0.819867 0.129937 0.000312703 0.0202586 0.0296254
0.821955 9.9982E-05 0.000637156 0.177208 9.9982E-05
0.740576 0.130203 9.9991E-05 0.0908365 0.0382847
0.851581 9.9982E-05 0.12068 9.9982E-05 0.0275391
0.864016 9.9982E-05 0.104165 0.0316193 9.9982E-05
0.77231 9.9973E-05 9.9973E-05 0.22739 9.9973E-05
0.799975 0.124257 0.0367892 0.0306932 0.00828563
0.856531 9.9982E-05 0.112574 9.9982E-05 0.0306958
0.786952 0.0744764 9.9991E-05 0.111604 0.0268675
0.654478 0.194621 9.9991E-05 0.109763 0.0410372
0.837752 0.0440479 0.118 9.9982E-05 9.9982E-05
0.704151 0.152843 0.0657612 0.0581146 0.01913
0.357259 0.539772 0.0342446 9.9991E-05 0.0686241
0.0282551 0.0725944 0.750773 0.131957 0.0164196
0.0298337 0.0273591 0.810426 0.120686 0.0116957
9.9982E-05 9.9982E-05 0.835423 0.148897 0.0154809
0.692216 0.211913 9.9991E-05 0.0755365 0.0202345
0.510998 0.405747 9.9982E-05 9.9982E-05 0.0830556
0.754463 0.102937 0.0932216 0.0138507 0.0355279
0.677672 0.285566 9.9982E-05 9.9982E-05 0.0365626
0.867122 9.9982E-05 9.9982E-05 0.0834859 0.0491918
0.131959 0.748499 9.9991E-05 0.0980668 0.0213754
0.064542 0.768176 9.9991E-05 0.149344 0.0178376
0.0921925 0.853504 9.9982E-05 0.0541033 9.9982E-05
9.9973E-05 0.987352 9.9973E-05 9.9973E-05 0.0123484
9.9982E-05 0.860796 0.0930272 9.9982E-05 0.0459766
9.9982E-05 0.949242 0.0120716 9.9982E-05 0.0384868
9.9991E-05 0.856428 0.0689603 0.0504841 0.0240274
0.620374 0.379326 9.9973E-05 9.9973E-05 9.9973E-05
0.483334 0.236546 9.9991E-05 0.14695 0.13307
0.710475 0.218552 0.056034 9.9991E-05 0.0148388
0.759278 0.0812844 0.0995588 9.9991E-05 0.0597791
0.726005 0.00591706 9.9991E-05 0.235996 0.0319826
9.9991E-05 0.224271 0.663103 0.0736673 0.038858
0.263892 0.527988 0.136446 0.0652963 0.00637763
0.136599 0.863101 9.9973E-05 9.9973E-05 9.9973E-05
9.997E-05 9.997E-05 9.997E-05 9.997E-05 0.9996
9.9982E-05 0.131745 0.156647 0.711408 9.9982E-05
9.9982E-05 9.9982E-05 0.189854 0.762298 0.047648
9.9991E-05 0.227148 0.1665 0.57567 0.030583
0.043545 0.362319 0.230372 0.331489 0.0322746
0.0412519 0.0679293 0.132296 0.758422 9.9991E-05
0.192081 0.74966 0.0580599 9.9982E-05 9.9982E-05
0.010544 0.242542 0.509151 0.204355 0.0334081
0.178347 0.688271 9.9991E-05 0.0284546 0.104828
0.0491933 0.427344 0.241067 0.243236 0.03916
9.9982E-05 9.9982E-05 0.212893 0.784365 0.00254254
9.9982E-05 0.304031 0.0332625 0.662506 9.9982E-05
9.9982E-05 0.339385 0.159268 0.501146 9.9982E-05
0.0177696 0.325812 0.0702119 0.579477 0.00672954
9.9991E-05 0.395001 0.0336631 0.561696 0.0095401
9.9991E-05 0.33589 0.0492304 0.59984 0.0149397
0.188581 0.767164 9.9991E-05 0.03585 0.00830533
0.176567 0.556173 0.0554937 0.161084 0.0506821
0.200376 0.660206 0.0109934 0.0225776 0.105847
9.9982E-05 0.714363 0.200987 0.0844499 9.9982E-05
0.0924482 0.569875 0.0932045 0.244373 9.9991E-05
0.045287 9.9982E-05 0.495237 0.459276 9.9982E-05
0.780404 9.9982E-05 9.9982E-05 0.204136 0.0152597
0.775894 0.127644 9.9991E-05 0.081081 0.0152808
0.136351 0.679281 0.124291 0.0599766 9.9991E-05
0.158112 0.514444 0.0801187 0.218548 0.0287778
0.135847 0.555155 0.230829 0.0300933 0.0480757
9.9982E-05 0.298731 0.700428 0.000641469 9.9982E-05
0.606546 0.303932 0.04568 9.9991E-05 0.0437423
0.694235 0.263843 9.9982E-05 0.0417218 9.9982E-05
0.486631 0.375258 9.9982E-05 0.137912 9.9982E-05
0.0720458 9.9991E-05 0.517276 0.356888 0.0536903
0.0651163 0.0201955 0.243932 0.670656 9.9991E-05
0.0208522 0.213614 0.0079587 0.736456 0.0211189
0.121777 0.0398695 0.0159918 0.822262 9.9991E-05
9.9982E-05 0.0799448 0.340563 0.579292 9.9982E-05
0.0275373 0.0742609 0.207339 0.679927 0.0109354
0.027961 0.0411953 0.1576 0.773144 9.9991E-05
0.0951839 9.9982E-05 9.9982E-05 0.903534 0.00108178
0.0171118 0.155321 0.42026 0.407207 9.9991E-05
9.9991E-05 0.162091 0.147102 0.687889 0.0028181
9.9991E-05 0.115272 0.217842 0.622053 0.0447334
9.9991E-05 0.18455 0.122391 0.683753 0.00920564
0.103096 0.119837 0.287873 0.467872 0.021322
0.0254422 0.158018 0.0573697 0.714346 0.0448245
9.9991E-05 0.28232 0.220505 0.481307 0.0157685
0.0319338 0.121069 0.074397 0.7725 9.9991E-05
9.9973E-05 0.233372 0.766328 9.9973E-05 9.9973E-05
9.9982E-05 0.0401947 0.849579 0.110026 9.9982E-05
9.9982E-05 9.9982E-05 0.925821 0.0499689 0.0240101
0.0643321 0.0558621 0.789117 0.0767653 0.0139235
0.0940497 0.0203059 0.826154 0.0549106 0.00457935
0.0699526 0.244112 9.9991E-05 0.66933 0.0165056
9.9991E-05 0.138267 0.172486 0.661176 0.0279707
0.989505 0.0101947 9.9973E-05 9.9973E-05 9.9973E-05
0.740076 0.160469 0.0509695 0.0038957 0.0445901
0.896831 9.9982E-05 9.9982E-05 0.0983314 0.00463739
0.63386 0.30006 0.0107189 0.0552609 9.9991E-05
0.880601 0.0115597 9.9991E-05 0.0852641 0.0224756
0.799034 0.0491038 0.151662 9.9982E-05 9.9982E-05
0.84887 0.119139 9.9982E-05 9.9982E-05 0.0317915
0.881377 0.0161343 0.102288 9.9982E-05 9.9982E-05
0.833013 0.067649 0.0653728 0.0338656 9.9991E-05
0.863678 0.0175144 0.0780933 0.0381369 0.00257769
0.815192 0.0633651 9.9991E-05 0.0844037 0.0369394
0.782376 9.9991E-05 0.11911 0.0741804 0.0242334
0.794269 9.9991E-05 0.0872847 0.0871929 0.0311533
0.882825 0.04658 0.026032 0.0320152 0.0125476
0.805196 0.15857 9.9991E-05 0.0226311 0.0135031
0.886042 9.9982E-05 9.9982E-05 0.0849215 0.0288368
0.865361 9.9991E-05 0.0283786 0.0887799 0.0173808
0.131294 0.724716 9.9982E-05 0.143791 9.9982E-05
9.9973E-05 0.861231 9.9973E-05 0.138469 9.9973E-05
0.803255 0.151715 9.9982E-05 0.0448302 9.9982E-05
0.711899 0.0296509 9.9991E-05 0.247843 0.0105072
0.870429 0.108159 0.0205718 9.9991E-05 0.000740622
0.134118 0.686822 0.0214106 0.15755 9.9991E-05
0.00296847 0.13503 9.9991E-05 0.831988 0.0299132
0.0238197 9.9991E-05 0.163556 0.804845 0.00767901
9.9982E-05 0.276984 0.462136 0.26068 9.9982E-05
9.9991E-05 0.181257 0.569623 0.242283 0.00673759
9.9982E-05 0.217873 0.780003 9.9982E-05 0.0019235
0.0453354 0.0480523 0.794885 0.111627 9.9991E-05
9.9982E-05 0.123149 0.758263 0.118388 9.9982E-05
0.0100642 0.0922027 0.826937 0.0467894 0.0240068
0.0768445 0.173893 0.718557 9.9991E-05 0.0306056
0.121403 9.9991E-05 0.735473 0.104346 0.0386774
0.0767374 9.9991E-05 0.109216 0.796069 0.0178772
0.0635561 0.0815276 0.0384114 0.750762 0.0657427
9.9982E-05 0.226704 9.9982E-05 0.730606 0.0424898
9.99731E-05 0.389688 9.99731E-05 0.610012 9.99731E-05
9.9982E-05 0.190417 9.9982E-05 0.776584 0.0327995
9.9973E-05 0.416705 9.9973E-05 0.582995 9.9973E-05
9.9991E-05 0.266961 0.190412 0.518104 0.0244226
0.0257772 0.324329 0.171122 0.463532 0.0152399
9.9991E-05 0.233552 0.0702023 0.630632 0.065513
0.0372921 0.207886 0.160245 0.578178 0.0163978
0.0140172 0.186645 0.142662 0.633906 0.0227693
0.120782 0.00851434 0.619168 0.120196 0.13134
0.754265 0.120658 0.0488056 0.0449456 0.0313258
0.768382 0.106859 0.0690147 9.9991E-05 0.0556434
0.855549 0.103961 0.0402899 9.9982E-05 9.9982E-05
0.693482 0.171576 9.9991E-05 0.123933 0.0109081
0.811043 9.9991E-05 0.120015 0.0569907 0.0118511
0.102952 0.212726 0.27569 0.373191 0.0354415
0.0215943 0.151499 0.270815 0.521615 0.0344767
0.0355056 9.9991E-05 0.0691355 0.82197 0.0732888
9.9991E-05 0.213888 0.274393 0.482917 0.0287018
