0.140973 0.00357424 9.9991E-05 0.534813 0.136745 0.104156 0.0796395
0.356326 0.0215644 9.9982E-05 0.499741 0.020732 9.9982E-05 0.101436
9.9964E-05 0.0473713 9.9964E-05 0.818177 0.134052 9.9964E-05 9.9964E-05
0.0982598 0.0212784 0.0328898 0.698868 0.00873728 9.9991E-05 0.139866
0.0729644 9.9964E-05 0.0581165 0.868519 9.9964E-05 9.9964E-05 9.9964E-05
0.212749 9.9982E-05 0.0400425 0.703932 9.9982E-05 0.0355219 0.007554
0.204837 9.9982E-05 9.9982E-05 0.550633 0.0420931 0.110387 0.0918506
0.255123 0.046854 9.9973E-05 0.504752 9.9973E-05 9.9973E-05 0.192971
0.768132 9.9982E-05 0.036014 0.0495969 0.0856431 0.0604141 9.9982E-05
0.314145 0.0253582 9.9982E-05 0.188762 0.212043 9.9982E-05 0.259492
0.485639 0.0304937 0.0934112 9.9973E-05 9.9973E-05 9.9973E-05 0.390156
0.2408 0.0196764 9.9991E-05 0.367798 0.163937 0.0591821 0.148507
0.170798 0.037394 9.9982E-05 9.9982E-05 0.00293397 0.117209 0.671464
0.681157 9.9973E-05 0.0726827 9.9973E-05 0.109771 9.9973E-05 0.13609
0.393994 0.0201211 0.095952 0.346813 0.14292 9.9982E-05 9.9982E-05
0.581575 0.015354 9.9973E-05 0.229992 9.9973E-05 9.9973E-05 0.172778
0.465856 0.00374043 0.0100564 0.333415 0.149647 0.0371854 9.9991E-05
0.429056 0.0109854 9.9973E-05 0.532814 0.0268446 9.9973E-05 9.9973E-05
0.117944 0.0444474 9.9991E-05 0.0554449 0.505423 0.201059 0.0755807
0.228197 9.9973E-05 9.9973E-05 9.9973E-05 0.567345 0.0471289 0.15703
0.155749 0.00220732 0.0258583 0.097736 0.698398 0.0141796 0.00587164
0.00151811 0.0226601 0.0191643 0.0218659 0.776321 0.0251144 0.133356
0.0271691 0.0565101 9.9982E-05 9.9982E-05 0.825969 0.0755788 0.0145735
0.0768037 0.0157425 0.0135615 0.119733 0.735051 0.0390087 9.9991E-05
0.0820845 9.9982E-05 0.0162091 0.185081 0.659126 9.9982E-05 0.0572989
9.9973E-05 0.0132882 9.9973E-05 0.10743 0.848892 0.0300897 9.9973E-05
9.9982E-05 0.0319931 0.036972 0.00993021 0.833006 0.0878985 9.9982E-05
0.0673734 0.0297481 9.9973E-05 9.9973E-05 0.776803 0.125776 9.9973E-05
9.9964E-05 9.9964E-05 9.9964E-05 0.114637 0.855993 0.0289702 9.9964E-05
9.9973E-05 9.9973E-05 0.0650698 0.106465 0.77628 0.0518853 9.9973E-05
0.13781 0.00240773 9.9973E-05 9.9973E-05 0.785371 0.0741109 9.9973E-05
0.1433 0.0216023 0.0910048 9.9973E-05 0.743793 9.9973E-05 9.9973E-05
0.0938523 0.0471929 9.9991E-05 0.0258586 0.758323 0.0687714 0.00590158
0.209735 0.048625 9.9982E-05 0.337769 0.169186 9.9982E-05 0.234485
0.291787 9.9982E-05 0.0475692 0.426481 0.232864 0.0010981 9.9982E-05
9.9964E-05 9.9964E-05 0.0770001 0.848086 0.0745139 9.9964E-05 9.9964E-05
9.9982E-05 0.0361558 0.0158365 0.82135 0.0196789 9.9982E-05 0.106779
0.30026 0.00912663 0.0816451 0.294689 0.104301 0.0384907 0.171488
9.995E-05 0.9994 9.995E-05 9.995E-05 9.995E-05 9.995E-05 9.995E-05
9.9973E-05 0.0224344 0.0346189 9.9973E-05 0.764536 9.9973E-05 0.178111
9.9973E-05 9.9973E-05 0.0335039 0.73958 0.150628 0.0759881 9.9973E-05
0.284925 0.00516824 9.9982E-05 0.415978 0.129763 9.9982E-05 0.163966
0.293393 9.9982E-05 9.9982E-05 0.0876116 0.254445 0.16412 0.20023
0.211301 0.0387134 9.9982E-05 9.9982E-05 0.0792563 0.150954 0.519576
9.9973E-05 9.9973E-05 9.9973E-05 0.0668794 0.00165185 0.025417 0.905752
9.995E-05 0.9994 9.995E-05 9.995E-05 9.995E-05 9.995E-05 9.995E-05
0.277257 0.0854137 0.0453177 0.192941 0.164434 9.9991E-05 0.234537
0.310271 9.9982E-05 9.9982E-05 0.126623 0.0456314 0.244689 0.272586
0.0943682 0.0246216 0.109063 0.196224 0.322618 9.9991E-05 0.253005
0.0879393 0.0162286 0.354357 9.9991E-05 0.00282645 0.42856 0.109988
0.0161156 0.0216279 0.5197 9.9982E-05 9.9982E-05 0.268943 0.173414
0.0956609 9.9973E-05 0.520474 0.0930076 9.9973E-05 0.290558 9.9973E-05
0.00513671 0.0399121 0.633683 9.99831E-05 9.99831E-05 0.0857078 0.235361
0.0136224 0.0507319 0.776299 9.9982E-05 0.061891 0.0972561 9.9982E-05
0.058309 9.9973E-05 0.622537 9.9973E-05 0.0450279 0.273826 9.9973E-05
0.296288 9.9964E-05 0.634813 9.9964E-05 9.9964E-05 0.0684989 9.9964E-05
0.159854 0.00409668 0.289373 9.9973E-05 9.9973E-05 0.546376 9.9973E-05
9.99549E-05 0.00238183 9.99549E-05 9.99549E-05 9.99549E-05 0.997118 9.99549E-05
0.0957073 0.0357782 0.737412 9.9991E-05 0.0327207 0.0585231 0.0397586
9.9982E-05 0.0217617 0.386761 0.134231 9.9982E-05 0.29 0.167046
9.995E-05 9.995E-05 9.995E-05 9.995E-05 9.995E-05 0.9994 9.995E-05
0.0626616 0.00634612 0.419211 9.9991E-05 0.064129 0.271844 0.175709
0.0668635 0.0701014 0.223467 0.00115656 9.9991E-05 0.150992 0.487319
0.145837 0.0329698 0.0569184 0.0255361 0.722561 9.9991E-05 0.016077
0.0683079 0.0143568 0.0200929 0.0188346 0.780374 0.0532464 0.044787
0.0128077 0.0240805 9.9982E-05 0.134861 0.807891 0.0201594 9.9982E-05
0.0436843 0.00426186 0.627138 9.9991E-05 0.0857712 0.0987122 0.140333
9.9982E-05 0.061823 0.434991 0.0398412 9.9982E-05 0.0698258 0.393319
0.110312 0.0155916 0.606265 9.9991E-05 0.0453015 0.151004 0.0714256
9.9982E-05 0.0272161 0.613104 9.9982E-05 0.0246433 0.0988107 0.236026
0.0695475 0.0385757 0.888188 0.00266013 9.9982E-05 0.000829108 9.9982E-05
0.227957 9.9964E-05 9.9964E-05 9.9964E-05 9.9964E-05 0.21473 0.556913
0.347872 0.00655449 0.0300326 9.9982E-05 9.9982E-05 0.0386063 0.576735
0.0359697 9.9982E-05 9.9982E-05 0.0703964 0.0408229 0.195887 0.656724
9.9964E-05 0.0206423 0.00568167 9.9964E-05 9.9964E-05 9.9964E-05 0.973276
0.0387951 0.02585 9.9982E-05 9.9982E-05 0.0811643 0.0281726 0.825818
0.0479903 0.0227534 9.9973E-05 9.9973E-05 9.9973E-05 0.149635 0.779322
0.0925287 0.0130583 0.0265425 0.0392699 0.0314125 0.0136003 0.783588
0.166351 9.9973E-05 0.547608 9.9973E-05 9.9973E-05 0.101135 0.184606
9.9982E-05 0.100293 0.369161 0.173438 9.9982E-05 0.0816357 0.275273
9.9982E-05 0.0222476 0.486489 9.9982E-05 0.0822173 0.228063 0.180783
9.9982E-05 0.0410292 0.570821 9.9982E-05 0.120818 0.206846 0.0602862
0.214621 0.0166236 0.732389 9.9982E-05 9.9982E-05 0.0181735 0.0179934
0.0943821 0.0306716 0.0530214 0.0239575 0.63183 9.9991E-05 0.166038
0.0379754 9.9991E-05 0.201732 0.123526 0.105306 0.151807 0.379554
0.00732048 9.9982E-05 0.0702203 0.0146021 9.9982E-05 0.100587 0.80707
9.995E-05 0.9994 9.995E-05 9.995E-05 9.995E-05 9.995E-05 9.995E-05
0.106791 9.9982E-05 9.9982E-05 0.597564 0.156366 0.0590876 0.0799915
0.271055 0.028913 9.9991E-05 0.534002 0.0978894 0.00322976 0.064811
0.58748 0.0282604 9.9982E-05 0.186006 0.0616037 0.136449 9.9982E-05
0.548117 0.0374268 0.0984546 9.9991E-05 0.176187 0.00626817 0.133447
0.205801 0.00501372 0.078382 0.602118 0.093224 0.0075143 0.00794689
0.0551042 9.9973E-05 9.9973E-05 0.0305159 9.9973E-05 0.242282 0.671798
9.9982E-05 0.0367747 0.028823 0.217555 0.523159 9.9982E-05 0.193489
9.9973E-05 0.0834188 0.159226 0.0998788 9.9973E-05 9.9973E-05 0.657176
0.149067 0.037775 0.0845702 0.159326 0.246228 9.9991E-05 0.322934
0.685773 9.9973E-05 9.9973E-05 0.153291 0.136892 0.0237434 9.9973E-05
0.19099 9.9973E-05 9.9973E-05 0.416261 0.054374 9.9973E-05 0.338075
0.530069 9.9973E-05 9.9973E-05 0.0900357 0.0998076 9.9973E-05 0.279788
0.887642 0.0145995 0.0806751 9.9982E-05 9.9982E-05 0.0155254 0.00135783
9.9964E-05 0.016653 9.9964E-05 0.567443 9.9964E-05 9.9964E-05 0.415504
0.860024 9.9964E-05 9.9964E-05 9.9964E-05 0.0165905 9.9964E-05 0.122986
9.9991E-05 0.0405911 0.1466 0.109785 0.0158097 0.10166 0.585454
9.9991E-05 0.0802504 0.192277 0.0614662 0.0887441 0.016914 0.560248
0.0223207 0.0623962 0.156485 0.0253256 0.0127683 0.0583462 0.662358
0.295621 0.00276432 9.9973E-05 9.9973E-05 0.194523 9.9973E-05 0.506792
0.362724 9.9982E-05 0.0465821 9.9982E-05 0.0916737 0.0506019 0.448218
0.271019 9.9973E-05 0.068016 0.2654 0.395265 9.9973E-05 9.9973E-05
0.0377227 0.0347338 0.600807 0.124353 9.9982E-05 0.202184 9.9982E-05
9.9982E-05 0.0285953 0.602972 9.9982E-05 0.0297995 0.166657 0.171777
9.9982E-05 9.9982E-05 0.0354885 0.119968 0.0883182 0.165795 0.590231
0.234872 0.0151113 9.9991E-05 0.0977921 0.0699513 0.248059 0.334114
9.9982E-05 0.0502201 9.9982E-05 0.189025 0.138227 0.215526 0.406803
0.0207707 9.9964E-05 9.9964E-05 9.9964E-05 0.730942 9.9964E-05 0.247887
9.9982E-05 0.0515799 0.661833 9.9982E-05 0.0509392 0.00557312 0.229875
0.0194109 9.9982E-05 0.488856 9.9982E-05 0.0237986 0.164487 0.303248
0.0913275 9.9982E-05 0.298287 0.00724979 9.9982E-05 0.241406 0.36153
9.9982E-05 0.0547108 0.0558809 0.345189 0.418051 9.9982E-05 0.125968
0.128769 0.00525394 0.0302592 0.60831 0.195531 0.031776 9.9991E-05
0.296873 9.9982E-05 0.0443006 0.512514 0.0163776 9.9982E-05 0.129734
0.0956094 9.9991E-05 0.0951179 0.677854 0.09438 0.0183371 0.0186012
0.204728 9.9964E-05 9.9964E-05 0.430384 0.364488 9.9964E-05 9.9964E-05
0.176622 0.00323558 9.9991E-05 0.564863 0.191402 0.00367776 0.0600992
0.202401 9.9973E-05 0.0399875 0.64127 0.116041 9.9973E-05 9.9973E-05
0.168543 0.00816212 9.9973E-05 0.763335 9.9973E-05 0.0596599 9.9973E-05
0.0999289 9.9982E-05 0.0436583 0.365136 0.389746 9.9982E-05 0.10133
0.784328 0.0051831 0.0436491 0.154391 0.0122486 9.9982E-05 9.9982E-05
0.914109 0.040863 9.9973E-05 9.9973E-05 0.0107493 0.0339786 9.9973E-05
0.612046 0.00979564 9.9982E-05 0.319843 9.9982E-05 0.0326696 0.0254461
0.146745 0.0108091 0.0584079 0.31454 0.225393 0.0386196 0.205485
0.874679 0.0178981 0.0699768 0.0371462 9.9973E-05 9.9973E-05 9.9973E-05
0.636744 9.9982E-05 0.0124299 9.9982E-05 0.173052 0.0381021 0.139472
0.23953 9.9973E-05 9.9973E-05 0.655441 0.0617985 0.0429309 9.9973E-05
0.0527438 0.0019782 0.00416922 9.9982E-05 0.782589 9.9982E-05 0.15832
9.9964E-05 9.9964E-05 9.9964E-05 0.13607 0.860307 9.9964E-05 0.00322317
0.140221 0.0229993 9.99758E-05 0.000656487 0.835824 9.99758E-05 9.99758E-05
0.155198 0.0123272 0.0816095 9.9973E-05 0.750565 9.9973E-05 9.9973E-05
0.0356608 0.0114763 9.9982E-05 9.9982E-05 0.777221 0.0591614 0.116281
0.193579 9.9982E-05 0.0349005 0.512807 9.9982E-05 0.0141739 0.244339
0.0119302 0.0182721 9.9982E-05 0.697624 0.103988 9.9982E-05 0.167986
9.99549E-05 9.99549E-05 0.434868 9.99549E-05 9.99549E-05 0.564632 9.99549E-05
9.9973E-05 0.0305032 0.784961 9.9973E-05 0.0864279 9.9973E-05 0.0978081
0.00194311 9.9982E-05 0.745276 0.0790462 0.00695072 0.166584 9.9982E-05
9.9982E-05 9.9982E-05 0.54671 0.0813183 0.0304115 0.117687 0.223673
0.0253619 0.0278262 0.74254 9.9982E-05 9.9982E-05 0.191517 0.0125548
0.0489375 9.9973E-05 0.683077 9.9973E-05 0.135817 0.131869 9.9973E-05
9.9964E-05 0.0267271 0.886382 9.9964E-05 9.9964E-05 9.9964E-05 0.0864906
9.9982E-05 9.9982E-05 0.599959 0.0555089 0.0556039 0.224281 0.0644473
9.9973E-05 9.9973E-05 0.751347 9.9973E-05 0.0839865 0.101275 0.0630915
9.9982E-05 0.0112981 0.587907 9.9982E-05 0.0998307 0.282474 0.0182903
0.0285956 0.0141782 0.841154 9.9973E-05 9.9973E-05 9.9973E-05 0.115772
0.0546004 0.0232228 0.706066 0.0636458 0.0442322 0.108132 9.9991E-05
9.9973E-05 9.9973E-05 0.616337 0.117911 0.0413646 0.224088 9.9973E-05
9.9973E-05 0.0179705 0.789813 9.9973E-05 0.0787705 0.113146 9.9973E-05
9.9982E-05 0.0130601 0.669919 9.9982E-05 0.0133681 0.151254 0.152198
0.019783 0.040499 0.896325 0.0430928 9.9973E-05 9.9973E-05 9.9973E-05
9.9982E-05 0.0106287 0.770262 0.0431972 0.0931808 0.0825316 9.9982E-05
9.9973E-05 9.9973E-05 0.179968 0.0566332 0.0251525 9.9973E-05 0.737946
0.0453903 9.9964E-05 9.9964E-05 0.0961459 9.9964E-05 9.9964E-05 0.858064
9.9973E-05 9.9973E-05 0.790284 0.0348216 9.9973E-05 0.0387089 0.135886
9.9982E-05 0.0258348 0.36553 0.237735 9.9982E-05 0.313981 0.0567187
9.995E-05 9.995E-05 9.995E-05 9.995E-05 9.995E-05 0.9994 9.995E-05
0.140258 9.9973E-05 9.9973E-05 0.0806293 9.9973E-05 0.196128 0.582686
0.00950371 0.0282139 0.00681601 0.866189 9.9982E-05 9.9982E-05 0.0890779
0.201997 0.0213608 9.9991E-05 0.539364 0.207644 0.00618256 0.023351
9.9973E-05 9.9973E-05 9.9973E-05 0.349642 0.455344 0.0740722 0.120641
0.253604 9.9982E-05 9.9982E-05 0.0148768 0.651779 0.0476824 0.0318577
0.0561631 0.0001129 0.00971214 9.9982E-05 0.736013 9.9982E-05 0.197798
0.00958062 9.9973E-05 9.9973E-05 9.9973E-05 0.81776 0.0810954 0.091264
0.0249345 0.02728 0.0200766 0.228773 0.698736 9.9982E-05 9.9982E-05
0.111123 0.0319218 0.00930472 0.00484301 0.724928 0.0063326 0.111547
0.101529 0.0360271 0.0141259 9.9991E-05 0.682597 0.0492866 0.116335
0.00976769 0.0644055 0.0833785 0.0290194 0.756713 9.9991E-05 0.0566157
0.0440285 9.9973E-05 0.0321402 0.847065 0.0764662 9.9973E-05 9.9973E-05
9.9982E-05 0.0749027 0.0565253 0.841428 0.000974631 9.9982E-05 0.0259695
0.196249 0.0453396 9.9982E-05 0.631876 9.9982E-05 0.048785 0.0775512
0.0719526 9.9973E-05 0.0599366 0.671602 9.9973E-05 9.9973E-05 0.196209
0.26275 0.00753545 9.9982E-05 0.532983 9.9982E-05 0.0723793 0.124153
0.175886 9.9973E-05 9.9973E-05 0.510049 9.9973E-05 0.021722 0.292042
0.555388 0.0207794 9.9991E-05 0.146166 0.147645 0.0560268 0.0738953
0.729144 9.9982E-05 0.0251934 9.9982E-05 0.137231 0.0873178 0.0209145
0.790359 0.0344726 0.0229938 9.9982E-05 0.00728587 9.9982E-05 0.144689
0.685271 9.9982E-05 0.0515672 0.0732069 0.123816 9.9982E-05 0.0659385
0.73903 0.014316 0.07183 0.124502 0.0124722 9.9991E-05 0.0377495
0.147418 0.139588 0.0408822 0.0480675 0.603408 0.0205364 9.9991E-05
0.0760451 0.0230866 0.15208 9.9982E-05 9.9982E-05 0.691813 0.0567757
9.9982E-05 0.0439326 0.590769 9.9982E-05 0.0516974 0.182287 0.131114
0.00895982 9.9982E-05 0.810005 9.9982E-05 0.0344051 0.0778924 0.0685382
0.0804246 0.0282161 0.662804 0.0370698 0.017461 0.0584058 0.115619
9.9982E-05 0.00675926 0.790609 0.0782001 0.109919 0.0143126 9.9982E-05
0.493468 0.0264174 0.111464 0.0963615 0.1784 0.0937892 9.9991E-05
0.480879 0.0149527 0.0287692 0.192053 0.238378 9.9991E-05 0.0448681
0.909962 0.0419312 0.0189343 0.00095125 9.9982E-05 0.0280213 9.9982E-05
0.361471 0.047536 9.9991E-05 0.225815 0.170511 0.00856751 0.185999
