0.170646 0.0645518 9.9982E-05 0.743379 9.9982E-05 0.0212228
0.172578 0.0573256 0.0422956 0.702769 9.9991E-05 0.0249317
0.0453083 0.177468 9.9991E-05 0.731152 0.011944 0.0340279
0.161067 0.0364649 0.00821141 0.774443 0.00988143 0.00993191
9.9982E-05 9.9982E-05 0.12676 0.784255 0.0870205 0.00176435
0.140049 9.9982E-05 0.207271 0.648624 0.00385623 9.9982E-05
0.15849 0.00585828 0.325828 0.508384 0.00133918 9.9991E-05
0.121388 9.9982E-05 0.122923 0.724476 9.9982E-05 0.031012
9.999E-05 0.0834102 0.654057 0.194265 0.0528242 0.0153435
0.154853 0.148684 0.377214 0.295333 9.9991E-05 0.0238156
0.449668 0.0291428 0.291259 0.142333 0.0521614 0.0354357
0.128594 0.181142 0.503186 0.150836 0.00991366 0.0263281
0.760694 0.0138047 0.156138 9.9991E-05 0.0372489 0.0320143
9.9973E-05 0.155084 0.766731 9.9973E-05 0.0778858 9.9973E-05
9.9991E-05 0.0986614 0.410039 0.416218 0.0589007 0.0160814
0.1061 0.00476343 0.613922 0.265321 9.9991E-05 0.00979342
0.00979025 0.156529 0.538962 0.294518 9.9982E-05 9.9982E-05
9.9973E-05 9.9973E-05 0.465861 0.503329 9.9973E-05 0.0305104
0.193105 0.441787 0.201725 9.9991E-05 0.0951539 0.0681301
0.136005 0.645629 0.218066 9.9973E-05 9.9973E-05 9.9973E-05
0.0216942 0.693017 0.120541 0.15337 9.9991E-05 0.0112776
0.186126 0.795738 9.9973E-05 0.0178355 9.9973E-05 9.9973E-05
0.00827317 0.913874 9.9982E-05 0.0214517 9.9982E-05 0.0562012
9.9982E-05 0.709983 0.178154 0.055154 9.9982E-05 0.0565087
0.0488269 0.657497 0.0983987 0.195078 9.9982E-05 9.9982E-05
0.00818072 0.854634 9.9982E-05 0.118611 9.9982E-05 0.0183744
0.0185924 0.881795 9.9991E-05 0.0138468 0.038264 0.047402
0.0143709 0.830349 0.0824678 9.9991E-05 0.0363054 0.0364073
9.9973E-05 0.817032 9.9973E-05 0.169864 0.0128041 9.9973E-05
0.0182352 0.806653 9.9982E-05 0.0932053 0.081707 9.9982E-05
0.0136531 0.878729 0.0592154 9.9991E-05 0.0423124 0.00598961
9.999E-05 0.838769 0.0596014 0.0223427 0.0464493 0.0327378
9.9982E-05 0.800168 0.0623767 0.0794364 9.9982E-05 0.0578192
0.223796 0.109441 0.230483 0.37597 9.9991E-05 0.0602108
9.9982E-05 0.202961 0.227932 0.529943 0.0389642 9.9982E-05
9.9982E-05 0.126073 0.141127 0.667597 0.0650033 9.9982E-05
0.170311 0.0536188 9.9991E-05 0.735241 0.013527 0.027202
0.16328 0.0824406 0.382735 0.304684 0.0667602 9.9991E-05
9.996E-05 9.996E-05 9.996E-05 9.996E-05 9.996E-05 0.9995
0.179729 0.703624 0.0551087 9.9991E-05 0.00973123 0.0517076
9.9982E-05 0.100325 0.102389 0.679018 0.118068 9.9982E-05
0.15685 0.144415 0.233322 0.465213 9.9982E-05 9.9982E-05
0.323655 0.32589 0.210016 0.0754802 0.061513 0.00344642
0.5373 0.0993041 0.210834 9.9991E-05 0.105682 0.0467796
0.898342 0.0675738 9.9982E-05 0.0273396 9.9982E-05 0.00654489
9.996E-05 9.996E-05 9.996E-05 9.996E-05 9.996E-05 0.9995
0.175889 0.198471 0.343309 0.16964 0.0399979 0.0726941
0.398637 0.102234 0.182329 0.216304 0.100396 9.9991E-05
0.150732 0.255839 0.292819 0.209635 0.0507591 0.0402161
0.181196 0.00594051 0.101502 9.9991E-05 0.67581 0.0354508
0.14413 0.0495059 0.00554409 9.9991E-05 0.756843 0.043877
9.9982E-05 0.0147394 0.00985402 0.221734 0.753473 9.9982E-05
0.144414 9.9982E-05 0.1397 9.9982E-05 0.664222 0.0514644
9.9982E-05 0.0890746 9.9982E-05 0.0520129 0.803616 0.055097
9.9973E-05 0.0412365 0.159009 9.9973E-05 0.799455 9.9973E-05
9.9964E-05 9.9964E-05 0.33585 9.9964E-05 0.66375 9.9964E-05
0.0259312 9.9982E-05 0.184603 9.9982E-05 0.76251 0.0267553
0.0874721 0.0687495 9.9982E-05 9.9982E-05 0.807719 0.0358598
0.0601316 9.9991E-05 0.148584 0.0191422 0.720197 0.0518459
0.278365 9.9991E-05 0.0514756 0.0564296 0.586365 0.0272656
0.135241 0.0949621 9.9973E-05 9.9973E-05 0.769497 9.9973E-05
0.250092 0.0419018 0.0680862 0.013877 0.625943 9.9991E-05
0.542355 9.99851E-05 0.0663002 9.99851E-05 0.325137 0.0660082
9.9991E-05 0.735218 0.106002 0.0946025 0.0511908 0.0128868
0.0398081 0.705593 9.9982E-05 0.207093 9.9982E-05 0.0473061
9.9982E-05 0.75273 0.0739892 0.167483 9.9982E-05 0.00559786
0.186035 0.0299555 0.0973314 0.0105664 0.662462 0.0136499
0.393075 9.9982E-05 9.9982E-05 0.0640175 0.470907 0.0718012
0.151552 0.0355723 0.0495751 0.0578047 0.70187 0.00362639
0.280742 9.9973E-05 9.9973E-05 9.9973E-05 0.647523 0.0714348
0.0759704 9.9991E-05 0.0589266 0.0519817 0.762883 0.050138
0.586721 9.9982E-05 0.130756 0.147878 0.134445 9.9982E-05
0.704087 9.9973E-05 0.275435 9.9973E-05 0.0201782 9.9973E-05
0.747617 9.9973E-05 0.176356 9.9973E-05 0.0757269 9.9973E-05
0.986754 9.9964E-05 9.9964E-05 9.9964E-05 9.9964E-05 0.0128465
0.838476 0.105531 9.9982E-05 0.00634484 9.9982E-05 0.0494477
0.864379 9.9973E-05 0.120544 9.9973E-05 9.9973E-05 0.0147773
0.659112 0.0776588 0.0969167 0.110139 0.0447451 0.0114282
0.127757 9.9973E-05 0.198269 9.9973E-05 0.673674 9.9973E-05
0.406258 0.0109963 9.9991E-05 0.101501 0.383492 0.0976522
0.216173 0.065226 9.9991E-05 0.0352935 0.674546 0.00866175
0.19936 0.0429786 0.00353448 9.9991E-05 0.71641 0.0376163
9.9973E-05 9.9973E-05 0.302251 9.9973E-05 0.653427 0.044022
0.0210907 0.662311 0.270659 9.9991E-05 0.0415506 0.00428843
0.455353 0.153936 0.00829862 0.112863 0.26945 9.9991E-05
0.842223 9.9982E-05 0.00530086 0.0429238 0.109353 9.9982E-05
9.996E-05 9.996E-05 9.996E-05 9.996E-05 9.996E-05 0.9995
0.160546 0.117328 0.184762 0.537164 9.9982E-05 9.9982E-05
0.183149 0.0818483 0.0588107 0.667588 9.9991E-05 0.00850407
0.167093 0.0661919 0.629058 0.109385 9.9991E-05 0.0281726
0.0951185 0.156476 0.633293 9.9991E-05 0.067586 0.0474265
0.00120513 0.0348883 0.291089 0.614942 0.0577752 9.9991E-05
0.902831 9.9964E-05 9.9964E-05 9.9964E-05 0.096769 9.9964E-05
0.138325 0.573534 0.0572109 0.195365 0.00743599 0.0281291
0.623679 9.9991E-05 0.00343621 0.129329 0.167471 0.0759843
0.361552 0.273452 0.038745 0.226578 0.0550033 0.0446686
9.9973E-05 0.0746339 0.694198 0.230868 9.9973E-05 9.9973E-05
0.181552 0.0647599 0.218271 0.535217 9.9982E-05 9.9982E-05
0.247362 0.107885 0.337357 0.307196 9.9982E-05 9.9982E-05
0.104234 9.9973E-05 0.849795 9.9973E-05 0.0456713 9.9973E-05
0.401153 0.00932773 9.9982E-05 0.573291 9.9982E-05 0.016029
0.0911832 9.9982E-05 0.856773 0.0440494 9.9982E-05 0.00779495
0.70444 0.0315803 9.9991E-05 0.0641824 0.173921 0.0257763
0.507973 0.110986 0.143244 0.0260953 0.146556 0.0651466
0.663524 0.0172652 0.0301418 0.0427768 0.169572 0.0767202
0.516907 0.21412 0.263761 0.005012 9.9982E-05 9.9982E-05
0.39051 0.152513 0.267861 0.0759091 0.113106 9.9991E-05
9.9991E-05 0.377612 0.249987 0.303613 0.0655806 0.0031083
9.9982E-05 9.9982E-05 0.0305372 0.199403 0.744067 0.0257923
0.193915 0.0261638 9.9991E-05 0.0523982 0.704379 0.0230435
0.578703 0.163002 9.9982E-05 0.106912 0.151184 9.9982E-05
0.457624 0.0603212 0.296833 9.9991E-05 0.145833 0.0392892
0.432018 0.17166 9.9991E-05 0.207597 0.146332 0.0422923
0.210676 0.734616 0.0544085 9.9973E-05 9.9973E-05 9.9973E-05
0.320149 0.0214424 9.9982E-05 9.9982E-05 0.611309 0.0468994
0.258149 9.9973E-05 0.10452 9.9973E-05 0.637031 9.9973E-05
0.345719 9.9982E-05 0.0380427 0.130004 0.486034 9.9982E-05
0.0904738 0.467296 9.9991E-05 0.389295 0.0119556 0.0408796
9.9991E-05 0.215346 0.05753 0.676568 0.0468616 0.0035939
0.112863 0.0104125 0.17142 0.649071 0.0252643 0.0309689
0.00694757 0.0615316 0.01902 0.777803 0.134598 9.9991E-05
0.0420781 0.333547 0.238384 0.385792 9.9982E-05 9.9982E-05
0.12826 0.0946745 0.198455 0.573837 0.0046733 9.9991E-05
0.0858507 0.0746273 9.9982E-05 0.830078 0.00924422 9.9982E-05
9.9982E-05 9.9982E-05 0.144062 0.791214 0.0604183 0.00410503
0.0416637 0.30525 0.29804 0.340991 0.0139559 9.9991E-05
9.9973E-05 0.071525 0.90733 0.0208449 9.9973E-05 9.9973E-05
0.0318635 0.0426989 0.805966 0.0930627 9.9991E-05 0.0263086
9.9973E-05 9.9973E-05 0.86531 0.131566 9.9973E-05 0.00282424
0.126106 0.226873 0.327329 0.25681 0.0504631 0.0124194
0.0562163 9.9982E-05 0.794625 0.110265 9.9982E-05 0.0386932
0.180898 0.170465 0.648338 9.9973E-05 9.9973E-05 9.9973E-05
0.0593368 0.0340083 0.246791 0.632271 0.0238575 0.00373542
0.12205 0.813061 0.0645888 9.9973E-05 9.9973E-05 9.9973E-05
9.9964E-05 0.871238 9.9964E-05 0.128362 9.9964E-05 9.9964E-05
9.9973E-05 0.793767 0.175964 9.9973E-05 9.9973E-05 0.029969
9.9991E-05 0.738292 0.111366 0.0680376 0.0648067 0.0173975
0.119611 0.737056 9.9991E-05 0.10744 0.0295139 0.0062797
0.117005 9.9991E-05 0.124178 0.653351 0.0968261 0.00853913
0.148129 0.14588 9.9982E-05 0.682125 9.9982E-05 0.0236666
0.151597 9.9964E-05 9.9964E-05 9.9964E-05 0.848004 9.9964E-05
9.9982E-05 0.021932 0.15039 9.9982E-05 0.799545 0.027933
9.9991E-05 0.0527949 0.0126429 0.0570152 0.867222 0.0102253
0.280978 0.0598159 9.9982E-05 0.0695566 0.58945 9.9982E-05
0.0644595 9.9982E-05 0.111472 9.9982E-05 0.795946 0.0279224
0.104536 0.0976812 0.0393226 9.9991E-05 0.740707 0.0176535
0.011441 9.9973E-05 9.9973E-05 0.119093 0.869166 9.9973E-05
0.103011 0.0853062 9.9982E-05 0.0333587 0.778124 9.9982E-05
0.0613367 0.0712367 0.035243 0.0361931 0.795891 9.9991E-05
0.0739658 0.12022 9.9991E-05 0.00289202 0.780954 0.0218678
0.130995 9.9991E-05 0.0121181 0.0963415 0.737376 0.0230704
0.0859121 0.0254822 0.0648901 0.0797705 0.718908 0.0250367
9.9982E-05 0.0529342 9.9982E-05 0.156929 0.769074 0.0208633
9.9982E-05 0.0924227 9.9982E-05 0.0433918 0.833339 0.0306468
0.126188 9.9973E-05 9.9973E-05 0.105925 0.767587 9.9973E-05
9.9964E-05 9.9964E-05 9.9964E-05 0.131728 0.867872 9.9964E-05
9.9991E-05 0.0722181 0.00635568 0.0565301 0.830667 0.0341292
0.786164 0.0594535 0.021575 0.0484827 0.0842252 9.9991E-05
0.876877 0.0184328 0.0766084 0.0278823 9.9982E-05 9.9982E-05
0.113597 9.9973E-05 9.9973E-05 0.0872937 0.79881 9.9973E-05
0.0334863 0.0325387 0.0658506 0.192119 0.650847 0.0251586
0.218305 9.9964E-05 9.9964E-05 9.9964E-05 0.781296 9.9964E-05
0.653995 9.9982E-05 0.18706 0.0296566 0.129088 9.9982E-05
0.100186 9.9982E-05 0.0089884 0.864082 9.9982E-05 0.0265438
9.99861E-05 0.182428 0.0240157 0.771405 9.99861E-05 0.0219515
0.144023 0.436221 9.9982E-05 0.394949 0.0246075 9.9982E-05
0.0532314 0.541998 0.175886 0.225457 9.9991E-05 0.00332855
0.0890292 0.731787 0.178884 9.9973E-05 9.9973E-05 9.9973E-05
0.0592307 0.809421 0.0869514 9.9982E-05 0.0441972 9.9982E-05
0.0152741 0.731637 0.248706 9.9982E-05 9.9982E-05 0.00418377
0.0683363 0.669972 0.229139 9.9982E-05 9.9982E-05 0.032353
0.132934 0.724031 0.0455751 0.0228668 0.0555605 0.0190322
9.9982E-05 0.724954 9.9982E-05 0.182988 0.032398 0.0594601
0.162943 0.0783663 9.9982E-05 0.754855 0.00363522 9.9982E-05
0.158454 0.0358985 9.9991E-05 0.71779 0.0269129 0.0608446
0.218491 9.9982E-05 0.0568149 0.669775 9.9982E-05 0.0547196
0.257531 9.99641E-05 9.99641E-05 0.742069 9.99641E-05 9.99641E-05
0.236439 9.9973E-05 9.9973E-05 0.75333 9.9973E-05 0.00993185
0.384624 9.9982E-05 0.111783 0.490996 0.0123971 9.9982E-05
0.0689511 0.105203 0.620274 0.180702 9.9991E-05 0.0247697
9.9973E-05 0.0613049 0.887555 9.9973E-05 0.0508401 9.9973E-05
0.0904574 9.9973E-05 0.858762 9.9973E-05 9.9973E-05 0.0504805
0.141593 0.106717 0.62804 0.105966 0.0167227 0.000960217
0.0542308 9.9991E-05 0.745032 0.147996 0.025903 0.0267379
9.9982E-05 0.638062 0.189554 9.9982E-05 0.0330945 0.139089
0.172616 0.0248636 0.0671767 0.0139128 0.69261 0.0288199
0.0443601 0.130847 9.9991E-05 0.0355559 0.741229 0.0479083
0.111584 9.9982E-05 0.072029 9.9982E-05 0.808665 0.00752225
0.0989703 0.0202921 0.119707 0.0794868 0.676747 0.00479648
9.9982E-05 0.110312 9.9982E-05 0.118278 0.759041 0.0121684
0.17484 0.266019 0.362367 0.107042 0.0714198 0.0183129
0.0384189 0.257494 0.375432 0.279403 0.00514166 0.0441109
9.9973E-05 9.9973E-05 0.851674 0.0651977 9.9973E-05 0.082828
0.186778 0.240186 0.177971 0.342823 9.9991E-05 0.0521416
