0.00491644 0.762761 0.00572749 9.9991E-05 0.0637256 0.0784696 0.0843003
9.9982E-05 0.657932 0.0410409 9.9982E-05 0.0619725 0.19683 0.0420247
0.173845 0.635972 0.0123285 9.9973E-05 9.9973E-05 9.9973E-05 0.177555
0.233457 0.707717 0.0194824 9.9973E-05 9.9973E-05 9.9973E-05 0.0390441
9.9982E-05 0.851174 0.00323288 0.0482664 0.0248645 0.0722617 9.9982E-05
0.0460602 0.824695 9.9973E-05 9.9973E-05 0.122559 0.00638591 9.9973E-05
0.11635 0.517065 9.9982E-05 9.9982E-05 0.112224 0.215512 0.0386497
0.213371 0.507462 0.0417754 9.9973E-05 9.9973E-05 0.237093 9.9973E-05
9.9982E-05 0.120989 9.9982E-05 0.0457252 0.0450193 0.670133 0.117934
0.221908 0.212075 0.0279329 0.00799313 9.9991E-05 0.357742 0.172249
0.438747 0.181784 0.0616482 0.0612946 9.9991E-05 0.216403 0.0400231
0.0996326 0.22743 0.0169825 0.0689798 9.9991E-05 0.422707 0.164168
0.669402 9.9982E-05 0.0321556 9.9982E-05 0.11117 0.142073 0.0449996
0.115041 9.9973E-05 9.9973E-05 0.0933384 9.9973E-05 0.607187 0.184133
9.9982E-05 0.273456 0.0423155 9.9982E-05 0.0991988 0.510079 0.0747508
0.107298 0.232083 9.9982E-05 9.9982E-05 0.00884456 0.567566 0.0840081
0.05379 0.287725 9.9973E-05 9.9973E-05 9.9973E-05 0.486669 0.171516
9.9973E-05 0.749285 0.0371642 9.9973E-05 9.9973E-05 0.172287 0.0409632
0.0602099 0.00900971 0.0499264 0.096868 0.132173 0.10227 0.549543
0.106315 9.9973E-05 9.9973E-05 9.9973E-05 0.037574 0.243417 0.612395
9.9982E-05 0.125206 0.0199019 0.0666471 9.9982E-05 0.127584 0.660461
0.0678038 0.0182795 0.0187055 9.9991E-05 0.0514216 0.105023 0.738667
0.0312337 9.9982E-05 0.051191 9.9982E-05 0.0651287 0.0209054 0.831341
9.999E-05 0.0757701 0.0653042 0.00391283 0.0334277 0.107996 0.713489
0.088638 0.0969943 9.9982E-05 9.9982E-05 0.0113121 0.148575 0.65428
9.9973E-05 0.163403 0.00720984 9.9973E-05 0.0352539 9.9973E-05 0.793834
0.0159135 9.9982E-05 0.0281155 0.0870698 9.9982E-05 0.0124851 0.856216
9.9982E-05 9.9982E-05 0.0199974 0.0174065 0.100718 0.0870044 0.774674
9.9973E-05 0.119304 9.9973E-05 0.0498609 0.0313877 9.9973E-05 0.799147
9.9982E-05 0.0391481 0.00152414 0.0376797 0.0936518 9.9982E-05 0.827796
9.9973E-05 9.9973E-05 0.00512228 9.9973E-05 0.0520025 0.0618276 0.880748
9.9973E-05 9.9973E-05 0.0317159 0.0694364 9.9973E-05 0.0993075 0.79924
0.0609316 9.9982E-05 0.0698365 9.9982E-05 0.0413683 0.0877912 0.739872
0.272565 0.377367 0.0674932 9.9982E-05 9.9982E-05 0.153721 0.128653
0.00617579 0.491713 9.9982E-05 0.0461121 9.9982E-05 0.224265 0.231534
0.0649562 0.684162 9.9982E-05 0.107625 9.9982E-05 0.0240963 0.11896
0.183529 0.703893 0.0377336 9.9982E-05 0.0342635 9.9982E-05 0.040381
0.191937 0.291357 9.9991E-05 0.0951217 0.0289208 0.26029 0.132273
9.995E-05 9.995E-05 0.9994 9.995E-05 9.995E-05 9.995E-05 9.995E-05
0.159631 0.0125013 0.0349684 0.0610668 9.9982E-05 9.9982E-05 0.731633
9.9973E-05 0.719382 9.9973E-05 0.0114494 0.134951 9.9973E-05 0.133917
0.202518 0.369069 0.00195977 9.9982E-05 9.9982E-05 0.281798 0.144456
0.179412 0.146159 0.00617451 0.0432778 0.152586 0.253063 0.219327
0.506187 0.0179136 0.0334346 0.0801494 0.0928249 0.150317 0.119174
0.912032 0.0181634 9.9973E-05 9.9973E-05 0.02573 9.9973E-05 0.0437742
9.995E-05 9.995E-05 0.9994 9.995E-05 9.995E-05 9.995E-05 9.995E-05
0.265259 0.221373 0.0671857 0.0683757 9.9991E-05 0.234875 0.142831
0.343009 0.106724 9.9982E-05 9.9982E-05 0.207243 0.249583 0.09324
0.146282 0.151345 0.0163893 0.139832 9.9991E-05 0.264862 0.281189
0.000655188 9.9982E-05 0.0402808 0.150883 0.729436 0.0785453 9.9982E-05
0.123229 9.9973E-05 0.031791 0.549591 0.295089 9.9973E-05 9.9973E-05
9.9973E-05 0.0718263 9.9973E-05 0.382216 0.483785 0.0618729 9.9973E-05
0.172295 9.9982E-05 0.0491459 0.418942 0.296182 0.0632347 9.9982E-05
9.9982E-05 9.9982E-05 0.0342865 0.684377 0.199812 0.0242329 0.0570918
9.9973E-05 9.9973E-05 9.9973E-05 0.560812 0.339267 0.0497116 0.0499093
9.9964E-05 9.9964E-05 9.9964E-05 0.616448 0.0961493 0.287003 9.9964E-05
9.9973E-05 9.9973E-05 0.00870379 0.209663 0.629238 0.152096 9.9973E-05
9.995E-05 9.995E-05 9.995E-05 9.995E-05 0.9994 9.995E-05 9.995E-05
0.0161765 0.094632 0.0524786 0.675566 0.141386 0.019661 9.9991E-05
0.130152 0.0813657 0.0225715 0.251753 0.457601 0.0564563 9.9991E-05
9.995E-05 9.995E-05 9.995E-05 9.995E-05 0.9994 9.995E-05 9.995E-05
0.168968 0.120295 9.9973E-05 0.416253 0.294183 9.9973E-05 9.9973E-05
0.509116 9.9991E-05 0.0645933 0.115812 0.254439 0.0358223 0.0201174
9.9982E-05 0.157628 0.016692 0.0901175 9.9982E-05 0.0341638 0.701199
9.9991E-05 0.0111664 0.0186327 0.00590469 0.060895 0.211069 0.692233
9.9973E-05 0.198765 0.00961275 9.9973E-05 0.0170345 9.9973E-05 0.774287
0.117659 0.0730305 0.00366394 0.535443 0.1729 0.0364985 0.0608055
0.398257 0.0226036 0.0764572 0.425524 0.0769584 9.9982E-05 9.9982E-05
0.087665 9.9991E-05 0.020653 0.643503 0.120057 0.0600619 0.0679593
0.216542 9.9973E-05 0.0528436 0.548369 0.181946 9.9973E-05 9.9973E-05
9.9973E-05 0.0702666 0.0426543 0.843397 9.9973E-05 9.9973E-05 0.0433823
0.661074 0.016976 0.0135206 0.0324069 0.10441 0.171513 9.9991E-05
0.571843 9.9964E-05 9.9964E-05 9.9964E-05 0.134716 0.29304 9.9964E-05
0.772536 9.9964E-05 9.9964E-05 9.9964E-05 0.126343 0.100721 9.9964E-05
0.959236 9.9973E-05 0.0107459 0.0201962 9.9973E-05 9.9973E-05 0.00952241
0.776417 9.9973E-05 0.0368954 0.051626 9.9973E-05 9.9973E-05 0.134762
0.81905 9.9973E-05 0.0295739 9.9973E-05 0.068381 0.0826954 9.9973E-05
0.664811 0.0983927 0.028461 0.072105 0.00919084 0.00972431 0.117315
0.0695732 9.9973E-05 9.9973E-05 0.554321 0.163917 0.211889 9.9973E-05
0.229584 0.170721 0.118345 0.290591 0.19056 9.9982E-05 9.9982E-05
0.0912967 0.0432067 9.9982E-05 0.411743 0.393679 9.9982E-05 0.0598746
0.0297523 9.9991E-05 0.0563716 0.368702 0.426415 0.0367691 0.0818906
9.9973E-05 9.9973E-05 0.0175891 0.69004 0.0098527 0.282218 9.9973E-05
0.12424 9.9982E-05 0.000401119 0.0835416 9.9982E-05 0.168755 0.622862
0.501448 0.0874897 9.9991E-05 0.152061 0.139441 0.00843983 0.11102
0.812596 0.0409787 9.9973E-05 0.0788761 0.0672491 9.9973E-05 9.9973E-05
9.995E-05 9.995E-05 0.9994 9.995E-05 9.995E-05 9.995E-05 9.995E-05
0.156803 0.635605 9.9982E-05 9.9982E-05 0.0313102 0.0341053 0.141977
0.0758705 0.706082 0.0402888 9.9982E-05 0.0295821 9.9982E-05 0.147977
0.110356 0.0911547 0.0447222 9.9991E-05 0.0659706 0.553144 0.134553
0.0966351 9.9991E-05 0.0300292 0.0665886 0.0516528 0.603614 0.15138
0.0420925 0.552569 9.9982E-05 0.0658179 9.9982E-05 0.300576 0.0387442
0.705817 9.9964E-05 9.9964E-05 9.9964E-05 0.28847 0.00531273 9.9964E-05
0.0848069 0.25235 0.0343836 9.9991E-05 0.0697229 0.00289867 0.555738
0.565352 0.154131 0.0851458 0.195071 9.9973E-05 9.9973E-05 9.9973E-05
0.394895 0.192107 0.0404621 0.066273 9.9982E-05 9.9982E-05 0.306063
9.9982E-05 0.393037 0.00378182 9.9982E-05 0.0117091 0.496758 0.0945144
0.305238 0.480526 9.9973E-05 9.9973E-05 9.9973E-05 0.163418 0.0505189
0.16291 0.259864 9.9973E-05 9.9973E-05 9.9973E-05 0.471873 0.105053
0.119586 9.9973E-05 0.0175352 0.0211017 9.9973E-05 0.841477 9.9973E-05
0.386875 0.542789 0.00668036 9.9982E-05 9.9982E-05 0.0577524 0.00570317
0.108397 0.032061 9.9964E-05 9.9964E-05 9.9964E-05 0.859142 9.9964E-05
0.520256 0.124663 0.0312203 0.139394 0.172058 9.9991E-05 0.0123087
0.607843 0.00130742 0.0507279 0.133553 0.0268596 0.118157 0.0615523
0.6201 0.0813011 0.0848264 0.151826 0.042965 9.9991E-05 0.0188816
0.56517 9.9973E-05 0.0121171 9.9973E-05 9.9973E-05 0.203625 0.218788
0.439405 9.9982E-05 9.9982E-05 0.0475923 0.103587 0.291079 0.118137
0.0247071 0.284721 9.9982E-05 0.0939057 9.9982E-05 0.158119 0.438348
9.9991E-05 0.0912196 0.00387271 0.684053 0.143527 0.0592432 0.0179842
0.165265 9.9982E-05 9.9982E-05 0.612775 0.111904 0.0499837 0.0598729
0.493442 0.102848 0.00218575 9.9982E-05 0.268113 9.9982E-05 0.133211
0.325345 9.9982E-05 0.0186569 9.9982E-05 0.254933 0.31901 0.0818547
0.334188 0.198987 0.0284677 9.9982E-05 0.227297 9.9982E-05 0.21086
0.360156 9.9955E-05 9.9955E-05 9.9955E-05 9.9955E-05 9.9955E-05 0.639344
0.261633 9.9973E-05 0.0191779 0.660835 9.9973E-05 9.9973E-05 0.0580541
0.195543 0.00684811 9.9991E-05 0.359322 0.388639 0.048328 0.00121946
0.427742 9.9973E-05 9.9973E-05 0.34613 0.14645 0.0793777 9.9973E-05
0.0207203 0.387154 0.0592859 0.00965284 0.0752527 0.00298252 0.444952
9.9991E-05 0.515172 0.0039606 0.0248618 0.0091286 0.253403 0.193373
0.268506 0.422542 0.0223421 0.00350295 9.9982E-05 0.282907 9.9982E-05
9.9982E-05 0.726924 9.9982E-05 0.0428142 0.0800876 0.11412 0.0358536
9.9973E-05 0.378644 9.9973E-05 0.0383491 9.9973E-05 0.257262 0.325445
0.0108522 0.688821 0.0332429 0.00547292 0.00869738 0.0867316 0.166181
0.0507872 0.805501 9.9982E-05 0.0895058 9.9982E-05 0.00992709 0.0440785
9.9982E-05 0.779105 0.0161463 0.0224079 0.0467575 0.135384 9.9982E-05
0.146971 0.43357 9.9973E-05 0.0371016 9.9973E-05 9.9973E-05 0.382057
9.9973E-05 0.0414918 0.00344217 9.9973E-05 9.9973E-05 0.929291 0.0254753
0.0373067 0.0811213 0.0316753 9.9982E-05 9.9982E-05 0.818307 0.0313893
0.0193356 0.176711 0.0182161 9.9991E-05 0.0312314 0.679421 0.0749853
0.110445 0.330525 9.9991E-05 0.0437248 0.082635 0.217672 0.214898
9.9973E-05 0.0568266 0.040243 0.0531589 9.9973E-05 0.849472 9.9973E-05
0.19068 9.9982E-05 0.00373443 0.0458986 9.9982E-05 0.652227 0.10726
0.0774538 0.520391 9.9982E-05 0.0235146 0.033735 0.344706 9.9982E-05
0.0918236 9.9973E-05 9.9973E-05 9.9973E-05 0.0407688 0.0789633 0.788144
0.0983818 0.0275705 9.9964E-05 9.9964E-05 9.9964E-05 9.9964E-05 0.873648
9.9964E-05 9.9964E-05 0.0437602 9.9964E-05 9.9964E-05 0.152164 0.803676
0.0156356 0.0773609 0.0233631 0.0693307 0.00201192 0.062113 0.750185
0.0389105 0.124027 0.0064409 0.0540083 0.00824858 9.9991E-05 0.768265
0.285226 0.5412 9.9973E-05 0.0809575 9.9973E-05 0.0923169 9.9973E-05
0.193853 0.660989 0.0228858 9.9973E-05 9.9973E-05 9.9973E-05 0.121972
0.00125564 9.9964E-05 9.9964E-05 0.321776 0.676569 9.9964E-05 9.9964E-05
0.127739 9.9991E-05 0.0225794 0.787484 0.0163226 0.0154145 0.0303604
9.9964E-05 0.0873635 9.9964E-05 0.737616 0.174621 9.9964E-05 9.9964E-05
0.22036 0.0307716 9.9982E-05 0.653029 9.9982E-05 0.0623639 0.0332754
0.0147817 0.0638567 0.0217009 0.691139 0.204579 0.00384235 9.9991E-05
9.9982E-05 9.9982E-05 0.00913424 0.636784 0.229034 0.0140089 0.110838
0.0951937 9.9964E-05 0.000871059 0.903535 9.9964E-05 9.9964E-05 9.9964E-05
9.9973E-05 0.0909429 9.9973E-05 0.51729 0.36393 9.9973E-05 0.0275367
0.00814375 9.9973E-05 9.9973E-05 0.655806 0.222864 9.9973E-05 0.112887
9.9973E-05 9.9973E-05 0.0111532 0.569626 0.34076 9.9973E-05 0.078161
0.164163 9.9973E-05 0.0110273 0.814649 9.9973E-05 9.9973E-05 0.00986114
0.0211848 0.0257123 0.0257525 0.607268 0.200621 0.0966165 0.0228451
9.9982E-05 0.0865905 0.0013104 0.559179 0.260667 0.0920535 9.9982E-05
9.9982E-05 0.024246 0.0186299 0.719137 0.201238 9.9982E-05 0.0365492
0.131156 0.0517142 0.00857607 0.650447 0.157907 9.9982E-05 9.9982E-05
9.9964E-05 0.0899132 0.0142939 0.895393 9.9964E-05 9.9964E-05 9.9964E-05
0.0151202 9.9982E-05 0.00115622 0.837902 0.0440647 9.9982E-05 0.101557
0.839815 9.9964E-05 9.9964E-05 0.13997 9.9964E-05 9.9964E-05 0.0198158
0.834236 0.0521493 9.9973E-05 9.9973E-05 9.9973E-05 0.0584947 0.0548204
0.104408 0.0585896 9.9973E-05 0.674782 0.16192 9.9973E-05 9.9973E-05
0.0500759 0.148647 9.9982E-05 0.318503 0.445183 0.0373912 9.9982E-05
9.995E-05 9.995E-05 9.995E-05 9.995E-05 0.9994 9.995E-05 9.995E-05
0.555625 0.165357 9.9973E-05 9.9973E-05 0.216381 0.0623371 9.9973E-05
0.0869183 0.903905 0.00524367 0.00363352 9.9973E-05 9.9973E-05 9.9973E-05
9.9982E-05 0.596651 0.016381 0.0277318 9.9982E-05 0.214859 0.144178
0.159088 0.307168 9.9973E-05 9.9973E-05 0.113933 9.9973E-05 0.419512
0.0646086 0.137496 0.0111265 9.9991E-05 0.0377599 0.196485 0.552424
0.158904 9.9982E-05 0.0031739 9.9982E-05 0.0349455 0.103578 0.699199
9.9973E-05 0.0739563 9.9973E-05 9.9973E-05 0.0850714 0.0574052 0.783267
0.0233647 0.080782 0.0237994 9.9991E-05 0.0170918 0.161662 0.6932
0.0449033 9.9982E-05 0.0170863 9.9982E-05 0.0379191 0.211628 0.688263
0.108265 9.9982E-05 0.0305725 0.101354 9.9982E-05 0.0713907 0.688218
9.9973E-05 0.132146 0.0513817 0.107417 9.9973E-05 9.9973E-05 0.708755
0.0659855 0.794324 0.0146099 0.0413868 9.9982E-05 9.9982E-05 0.083494
0.0455511 0.77841 0.0588524 0.00203704 0.0981236 9.9991E-05 0.0169254
0.135595 0.540576 0.0346371 9.9982E-05 0.0721991 0.216793 9.9982E-05
0.334418 0.562882 9.99641E-05 9.99641E-05 9.99641E-05 0.1023 9.99641E-05
0.107549 0.471531 0.0137903 9.9982E-05 0.0481885 0.358741 9.9982E-05
0.348064 0.333314 9.9973E-05 0.00184172 9.9973E-05 0.316481 9.9973E-05
0.0900751 0.076638 9.9982E-05 9.9982E-05 0.0659618 0.603826 0.163299
0.0458375 9.9982E-05 0.0133905 9.9982E-05 0.135785 0.71882 0.0859677
9.9964E-05 9.9964E-05 0.0114193 0.0562641 9.9964E-05 0.931917 9.9964E-05
0.0862334 0.0223658 0.0160036 0.0149519 0.0205738 0.696102 0.143769
0.0374441 0.136212 0.0191729 0.0153383 0.00689426 0.712834 0.0721045
0.0293865 9.9991E-05 0.113787 0.0774656 0.0610981 0.23546 0.482703
0.0827338 0.0115999 0.0116086 0.1557 0.701176 0.0370809 9.9991E-05
0.0843652 9.9982E-05 0.0257041 0.655732 0.155403 9.9982E-05 0.0785954
0.11732 9.9982E-05 9.9982E-05 0.796768 0.0272147 0.0290242 0.0294735
0.134802 0.00833467 0.00916136 0.720327 9.9991E-05 0.0949371 0.0323375
9.9982E-05 0.167386 0.00501599 0.735619 0.0687439 9.9982E-05 0.0230342
0.0458279 0.00711106 0.0291189 0.030611 0.0998983 0.624344 0.163088
0.0388408 0.240868 0.0358012 9.9991E-05 0.0533321 0.434438 0.19662
9.9973E-05 0.00845191 0.0400367 9.9973E-05 0.00478331 0.946428 9.9973E-05
0.173881 0.3395 0.0635672 9.9991E-05 0.00884278 0.127396 0.286713
