0,21.8530784350032,22.0503414011622,24.0668246855708,29.6018490229295,28.1197239407794,31.6358661628224,28.3123304398697,55.8407774209011,56.2266574719823,87.0092301334138,52.5294576080557,53.3044133978081,52.4584772717913,57.0287810604666,60.9478629071071,50.298832908476,54.8260994131087,53.1200143729285,50.6806463559541,43.2717543908929,42.9183350629872,42.3535445056649,59.0049129778236,97.7752112742494,102.927559582765,57.5420588072265,57.9618425427252,52.0907932855047,48.6369886540204,49.022546777568,53.1785535587602,77.0545663172093,42.2948617033266,65.8549301076911,62.2832677573263,51.0221529764594,79.6423181656069,82.5847999550127,80.8563530356628,75.686674240137,76.1239589947408,76.1380467867993,76.2758612441621,82.0254514534741,81.7165244718515,86.9985057307104,81.4101271534737,86.6069275729701,81.6933210365923,82.8756053604154,48.6969057892928,47.8245398434902,48.7461820668531,46.9477592659419,49.2463925821171,47.2822536910238,47.7063527256763,35.2486374673158,39.6280069244707,39.6523370316665,38.2043148296515,36.9571855923573,77.8289416904062,39.2756206106018,53.544689027622,95.4655151104123,97.1332239006842,92.9425192145562,88.4376345390064,79.7027193876646,78.6469698751413,81.9548329429342,81.2217186169284,79.6914371957042,56.2189505414798,63.8265974333908,63.8511882156084,43.2420287168421,41.2241574130097,49.6218668484742
21.8530784350032,0,23.8513506177909,21.5266344989862,24.0226080395338,28.5236076534588,31.5754953878653,26.7218939359894,54.9512246682576,55.341040943191,86.9711606209563,51.6679233017903,52.4358952596641,51.5858612628967,57.2120310948952,61.07530673781,49.898202288807,54.4613537809289,52.7195796236661,50.3208125864607,43.6576142979889,43.3476052802117,42.7965123843235,58.74737040928,97.8761033731239,103.008397775636,57.1444009898543,57.6077711651087,52.3537086961461,47.7420033551486,48.121161189912,52.3013562999942,77.1491353344386,42.7602440137327,65.9593850593363,62.3901118023928,50.1776014826171,79.632835072803,82.5783327449585,80.8474417518575,75.6613133090698,76.0979627042705,76.1097334163025,76.2470064376735,82.0008074941252,81.6973737700775,86.9758683446024,81.3886635865722,86.5850606478523,81.6708621315283,82.8588947553339,48.5858406531159,47.7360735740947,48.6806026777942,46.7378366067543,49.3595444950256,47.3899013768634,47.7779503565629,35.7625255287761,40.1745597474904,40.292114441401,38.8820367347455,37.7607000665345,77.3464003432585,38.5477330984599,53.0135819243685,95.4818325996155,97.1535195242123,92.961177278791,88.4544285094657,79.6641736667099,78.6086990096023,81.9259169967476,81.1936052714418,79.642901995906,55.9932176355572,63.6168095561698,63.8144963833882,43.2933872493611,42.0713345306116,48.6785725317841
22.0503414011622,23.8513506177909,0,28.9962027343654,31.5750753015689,21.6499113001609,27.6270665957261,23.2076957341765,55.7654003315277,56.141530277342,86.5815496899806,52.5405665340751,53.3091953458435,52.4291240130281,56.6844193436652,60.548805570682,50.7973178272568,55.3124473786696,53.6061239140513,51.1769740277398,43.7594286911755,43.2578809450774,42.757611919686,58.3884993183209,97.4803984355439,102.610160044561,56.9140637865554,57.3254832193631,51.9064968488145,48.2180692800844,48.5908126889996,52.8858210083053,76.7317451264617,42.4674779614521,65.4250652115647,61.8454997525174,51.0758286967284,79.2330028224054,82.1782799913876,80.4488809545856,75.2630661013401,75.700502668697,75.7121379882554,75.8501725749661,81.6065986625533,81.3020092850209,86.5819108435221,80.9936313848963,86.191243071533,81.2762946653688,82.4632114623972,49.2272913166501,48.3736470198329,49.2611950735812,47.4983863868127,49.6719021014697,47.741742859322,48.196922492392,33.5725531438869,40.1947878309344,40.1971577075266,38.8803516366459,37.5980144725663,78.2317819532958,37.7016493790126,52.7697873207942,95.0834205417897,96.7548182627556,92.5624913571244,88.0557795742548,79.2719892438465,78.2160782596945,81.5324933464748,80.7996986844954,79.2529346671214,55.3781177652657,63.0351604920069,63.350078396968,42.1788118360294,41.1344753181654,49.528807637581
24.0668246855708,21.5266344989862,28.9962027343654,0,22.1777128698793,32.1300390058826,34.3839769704384,30.8634032308577,55.1827166543643,55.5824049269267,87.5082238974284,51.803124752462,52.5786882254124,51.7657784062823,57.6622787512674,61.5767274848294,49.4907391231611,54.070335896065,52.3267690693148,49.9183384522154,43.3385663988853,43.1773528896817,42.5681558898481,59.4667938604899,98.2851445190599,103.439019268386,57.886469544938,58.3533092356589,52.657249198531,48.3393230440249,48.7331194843762,52.7624093485728,77.5840661346822,42.751047524851,66.4891857419361,62.9266540960444,50.2653098029518,80.1516201345243,83.0944237977883,81.3645399956353,76.1938974987347,76.63045346719,76.6445641718407,76.781676987822,82.5291008959268,82.2214321923234,87.502013323768,81.9146428960847,87.110341792292,82.1973807309863,83.3808981505919,48.1589591167559,47.2903320238469,48.2736548998269,46.281520322089,49.0599477485256,47.0556739571921,47.4083366595176,37.1738427584873,39.8147135510728,39.9759909516347,38.4537468654363,37.4013339498152,77.0470283470559,40.161099636042,53.903799040628,95.9745909280176,97.6427191156988,93.4519352108984,88.9469426472864,80.2039853286825,79.1486357950596,82.4576051199526,81.7249548769968,80.1903082387576,56.901732953896,64.4818150684731,64.4160166061927,44.3450864871741,42.3496912138007,48.9370744894894
29.6018490229295,24.0226080395338,31.5750753015689,22.1777128698793,0,33.7066349514955,35.5315879417869,31.5925188578371,55.2259326081181,55.6304241588595,88.4063632754828,51.8766296279721,52.6441247808069,51.8273148306741,58.7684309616032,62.6279492795448,50.1002006062354,54.716320029169,52.9345111005896,50.5711609888235,44.7497096458923,44.5948590703425,44.0119283017733,60.1522383293457,99.3229843855375,104.45635384001,58.4394810962788,58.9480547646007,53.8512073477545,48.394824895625,48.7834157027428,52.8266076047348,78.6132110461865,44.1689373111249,67.5171438625445,63.9561373945589,50.3578991451647,81.0777018446911,84.0235230026715,82.291306681221,77.1041376459299,77.5401181036585,77.551889194324,77.6885182365101,83.4403883106521,83.138155814921,88.4153413094046,82.8290650652512,88.0244570280052,83.110838743088,84.3000526255105,49.0810072304441,48.2408269247088,49.2395901292511,47.1044348215447,50.1907936446971,48.1881521842661,48.5109610600003,38.4784131704463,41.3913373473179,41.6255408048348,40.1734154965425,39.2101631631053,77.5562480383747,40.5628306920121,54.3424361025462,96.9267971779258,98.5989110014341,94.4064769141498,89.8996078241571,81.1014484172617,80.0463418421588,83.3646559821964,82.6327748576958,81.0779033188577,57.621771167835,65.2145496813415,65.3105442444933,45.3052462508949,44.0190126337033,48.9189084307343
28.1197239407794,28.5236076534588,21.6499113001609,32.1300390058826,33.7066349514955,0,21.1926007791241,20.808995922689,55.5824259014794,55.9487900448186,86.0276708164189,52.4363761611346,53.1998241899261,52.2878313796909,56.2177714939914,60.0264091365952,51.1142552494834,55.6183589250197,53.912467179195,51.4913431825718,44.0726206148844,43.4461247266459,43.0031823144119,57.6428533175035,97.0581822778024,102.165650621967,56.1593023405315,56.560645123515,51.5979072066198,47.7050257766198,48.0658930555423,52.4936717094033,76.2824651895294,42.5108617040948,64.8714660097171,61.2840848784018,51.0100648695663,78.6974342329255,81.6454894153856,79.915128376279,74.7132806340899,75.1508626479497,75.1600597224624,75.2983084658541,81.0615108180311,80.7612363461373,86.0390631861684,80.4508896158061,85.6492981925416,80.7330227893907,81.924546773337,49.5673729781892,48.729280028977,49.5879061394847,47.8564998075413,49.9211745037763,48.0206593270873,48.5024412222766,31.6702300791867,40.5872432690043,40.5817737871553,39.3757701938559,38.0825618857229,78.4675369455531,35.8560134451185,51.8617312839495,94.5748372807936,96.2498956823725,92.0559607546497,87.547437389935,78.7150882253291,77.6590182271795,80.9839376568204,80.2514633167987,78.6882935301095,54.3891424744964,62.1004419105367,62.7225390337206,40.9453757782845,41.0149928445154,49.3359351787149
31.6358661628224,31.5754953878653,27.6270665957261,34.3839769704384,35.5315879417869,21.1926007791241,0,22.7637927537447,55.4233547546324,55.7800371315124,85.482073493024,52.3485618593309,53.107865545459,52.1662096315993,55.7640487746837,59.5161348613953,51.3878214200103,55.881737741257,54.1769494598567,51.7618729493305,44.3411504186307,43.6104419403363,43.2172926390592,56.9022351668015,96.6426423011504,101.728199461458,55.4115476135701,55.8011662291276,51.2986970774656,47.231591929433,47.5816901084908,52.1347061762503,75.8410268140672,42.551705119695,64.3297797340864,60.73479764379,50.9567288822668,78.17009403522,81.12090202871,79.3895629534574,74.1718362328056,74.609552022959,74.6163337677901,74.7547853578326,80.5246663881356,80.2286768940284,85.5044323336581,79.9163775664507,85.1155586867561,80.1979800630149,81.3940774984163,49.8555826207181,49.030261072882,49.8642012793923,48.1613754628162,50.1294481966276,48.2546914790122,48.7594312689625,29.8123707427203,40.9293355098497,40.9243164730048,39.808655029324,38.5182013581515,78.6725833081379,33.8331984683342,50.9531791354757,94.0741479817594,95.7528283553258,91.5573048858359,87.0469912961227,78.1665210856312,77.110297604007,80.4436509972631,79.7114994823596,78.1320300345692,53.3848600858999,61.1560921532016,62.1037426026933,39.6800152529541,40.9811049536362,49.1739437631976
28.3123304398697,26.7218939359894,23.2076957341765,30.8634032308577,31.5925188578371,20.808995922689,22.7637927537447,0,54.3634357379912,54.7331837795319,85.6784773692426,51.2454390680027,52.002485103777,51.0858050960613,56.0896516475311,59.8517706656116,50.3214786260778,54.8561356189564,53.1200660367059,50.7330385395413,43.938894896674,43.3873909692248,42.9377277682198,57.0961924229896,96.8273543466151,101.918578616833,55.4607806701409,55.9109032714987,51.5137489916676,46.4631159542504,46.815783190007,51.2797797028366,76.0516574506872,42.528677634895,64.6798108983326,61.0972660210755,49.8352462464377,78.3748178423508,81.3254636027738,79.5926753665526,74.3769168993281,74.8137686544421,74.8210501597331,74.9586541865024,80.7247465422837,80.4293782919493,85.7039238933838,80.1170041925788,85.3147720329359,80.3981849814586,81.5948196669908,49.0191697636844,48.1973809088063,49.0806486035258,47.2219797400282,49.5818086816405,47.6694594064613,48.1148926811862,32.629626225497,40.5566803454618,40.6295099390354,39.4109381042412,38.2227415299169,77.6058367919863,34.6686351811519,51.0208097256429,94.2735563368452,95.9520310865778,91.756715630701,87.2466159276162,78.3661289205876,77.3103979025552,80.6433859628088,79.9117063398073,78.3303797481315,53.91966343054,61.6407064060881,62.3933754947863,40.8899724801977,41.4671382832887,48.0661794830092
55.8407774209011,54.9512246682576,55.7654003315277,55.1827166543643,55.2259326081181,55.5824259014794,55.4233547546324,54.3634357379912,0,22.7792266616103,97.7932580276966,35.7712395112219,35.6792228787297,30.3533810499894,70.3100548962685,73.7240890904173,56.1987319269466,60.859550332978,58.7464927222307,56.9882481632616,58.251853328636,58.1057923057559,57.6896146643408,67.8938467248971,110.017802255447,114.966747020306,64.590518026819,65.7290766725765,65.9754019299483,46.4221181178925,47.3539174595526,45.0909794689453,89.2686103150242,57.7279630910802,78.451699105031,74.934450520063,37.5179383379021,90.7523648298721,93.7263156263119,91.9683192079059,86.6303100587259,87.0584505381929,87.0496352583921,87.1793003065818,92.9624906957735,92.7135299442901,97.9551644078697,92.3824047498019,97.5709856857802,92.6538707250474,93.8986057429429,58.7726195815391,58.328578750781,59.2874464101789,55.9753873377483,61.6042815740674,59.6630999890688,59.7845370291888,54.5812367449335,55.875348404298,56.4832273362604,55.4133426686755,54.8589597088111,80.3844733559681,54.6347811173753,61.4465559988831,106.836326586547,108.54589122252,104.338235336939,99.8140115513591,90.491499848495,89.4401566111831,92.8456450968962,92.1223868431008,90.3713665994934,67.6110659414846,74.9281086911397,74.9666349169713,58.1964857495998,59.3123110228702,36.016721704994
56.2266574719823,55.341040943191,56.141530277342,55.5824049269267,55.6304241588595,55.9487900448186,55.7800371315124,54.7331837795319,22.7792266616103,0,98.0370422021945,36.4257949145263,36.6334937322043,31.3596656819952,70.6095202681336,74.0099947823708,56.6823389125293,61.3364378931481,59.22908742064,57.4653001643576,58.6493839327794,58.4905953222073,58.0785965290767,68.0903770173339,110.303016023568,115.245793646036,64.7488107797865,65.9028998277812,66.2999281307874,46.5007627180794,47.4536999257561,44.907313016181,89.5504265140901,58.0981562444032,78.7320222471623,75.2153070586135,38.0173099144384,91.0044738761782,93.9793043801171,92.2206140212617,86.8778157903209,87.3057726031796,87.2962899702754,87.4257968257314,93.2102076885244,92.9628509967854,98.2034689868834,92.6310499283789,97.8195165122352,92.9022260337975,94.1486404856914,59.2184073205377,58.7722891284048,59.727068455637,56.4341185606344,62.0178134252108,60.0798933192645,60.2071933738922,54.9156860959191,56.2696524562451,56.8730523963709,55.8077271330948,55.2482249096307,80.8673535728957,54.9528354830669,61.6473790681528,107.096077456718,108.80681627102,104.598673896194,100.073897293939,90.7351722803706,89.6839130740761,93.092115213809,92.3690916764928,90.6121448914305,67.8609396369743,75.1714556591463,75.2131177029622,58.4956049359682,59.6717568790579,37.0963758068132
87.0092301334138,86.9711606209563,86.5815496899806,87.5082238974284,88.4063632754828,86.0276708164189,85.482073493024,85.6784773692426,97.7932580276966,98.0370422021945,0,95.0378849235137,95.8173410044263,94.6737709379581,78.1812204957455,79.127574258782,94.5559158142329,98.7928536575806,97.2684326384403,94.7110815631461,85.3165947020577,83.261810147551,83.6371400897486,80.1412235554128,97.4387401378195,98.1815139104602,83.3845533633751,82.8424932319301,77.7502714426266,88.2751107642466,88.7676054665262,92.968120861983,80.1021828170357,80.7907776988863,84.0634319714423,81.3857853642362,93.8032530260988,58.4362155943495,61.5585775912135,57.1437776955401,55.4060726507489,54.4566585466624,55.833890288192,54.5876085859063,48.647926345995,50.6317846846881,50.6429365000063,49.9937827367549,48.8821390693019,48.6482466233548,52.1820317217791,91.7828029013351,91.0382892008827,91.4233059665601,90.741788301659,89.8460906134989,88.509438419684,89.5220711385862,81.6302809233787,83.224324568349,83.5490866524851,83.288592291221,82.431234419059,121.686641709551,84.8071266435011,88.1770386462565,73.1986311114084,76.2030549923846,71.6524969830852,66.7247957317713,51.2663199905454,51.6567170779357,48.1607231122032,49.2693336721506,54.823326292329,89.2768496112467,94.9782911640658,76.114192410615,82.3879716709826,84.0411124973559,92.022126655891
52.5294576080557,51.6679233017903,52.5405665340751,51.803124752462,51.8766296279721,52.4363761611346,52.3485618593309,51.2454390680027,35.7712395112219,36.4257949145263,95.0378849235137,0,19.4623780394599,25.6146133732885,67.2493212620132,70.7514453064726,51.0483666699271,55.6928844342602,53.5296166409642,51.881968852648,54.4527566575715,54.4141231364608,53.9719799050993,65.4667172969641,107.004723057248,111.99331432901,62.3721346426362,63.4358679809341,62.729146082672,45.3154645893403,46.172002086082,44.8618169788019,86.2844250044576,54.1669631184644,75.518810587102,72.0019616512775,24.7368238256232,87.9489959467386,90.9174845077662,89.1632300290184,83.8553829516509,84.2843288962645,84.2798128536781,84.4101301763359,90.184383621991,89.9258099146986,95.1732296064929,89.5988050759599,94.7875584143353,89.8718923481509,91.1065213801419,54.2844758490416,53.9038006223474,54.8764208008246,51.3245774114892,57.5214531023191,55.5610619055763,55.6205214154981,51.5543964297655,52.1573315609249,52.8207998290625,51.7311200239912,51.2372027688991,74.4893317688816,51.8853722108182,59.2106989295149,103.984192743525,105.68648878828,101.481886927619,96.96112618124,87.7380706502629,86.6864036594155,90.0750636173396,89.3505433531844,87.6352708221285,65.0303259689779,72.3554443770688,72.2311465088533,55.3566036245857,55.9436467045239,36.6638506275356
53.3044133978081,52.4358952596641,53.3091953458435,52.5786882254124,52.6441247808069,53.1998241899261,53.107865545459,52.002485103777,35.6792228787297,36.6334937322043,95.8173410044263,19.4623780394599,0,24.9433631224468,68.0418895084978,71.5388409218921,52.0593386579355,56.7150132436257,54.5547329618304,52.8920889013353,55.297109813834,55.2501780086954,54.8092164560336,66.2253637644512,107.798501888649,112.784771501484,63.1221333569538,64.1880314701492,63.5346894320597,45.9720897891018,46.8274661603206,45.5320720309106,87.0758760851584,54.9921493847815,76.3035704819647,72.7863624390719,27.7615422068746,88.7307787726422,91.6995696132786,89.9451589751237,84.6356050238622,85.0645362671014,85.0597686544221,85.1900792645639,90.9649480944697,90.7068755090181,95.9540219198835,90.3796494149425,95.5684411597865,90.6526628755614,91.8878225644285,55.2097175782692,54.819286780891,55.7932799301379,52.2673520354557,58.4020870078568,56.4423226888158,56.5077791024079,52.3208907260239,52.990572103715,53.6482440773009,52.5583813921403,52.0584146772694,75.648283168599,52.6221870375504,59.9420650198489,104.768794028447,106.471490663495,102.266716625341,97.74576131219,88.5173085081052,87.4656418934578,90.8552308882929,90.1307630794884,88.4136066582958,65.7821426386985,73.1095904453266,73.0062780262033,56.1173458632696,56.7456690908534,36.8012265859998
52.4584772717913,51.5858612628967,52.4291240130281,51.7657784062823,51.8273148306741,52.2878313796909,52.1662096315993,51.0858050960613,30.3533810499894,31.3596656819952,94.6737709379581,25.6146133732885,24.9433631224468,0,67.039408336938,70.4982036527765,51.8192256885616,56.4692077439243,54.3299245800063,52.631394047385,54.5990786491052,54.5093069004943,54.079858269014,64.9431179116696,106.768355425414,111.737385913333,61.7435445779466,62.8458353073404,62.6090292710559,44.2255036217232,45.1199506612909,43.3410604011929,86.0342819838308,54.2001620098314,75.2462593569574,71.7294815261761,29.7726033254059,87.6089542320297,90.580150700191,88.8239989254656,83.5012314025546,83.9297528285964,83.9231174197526,84.0530864880922,89.8316676620762,89.5778857887663,94.8223977658728,89.2488325013288,94.437459888736,89.5211025569619,90.7607659829321,54.7499851931942,54.3404983255452,55.3059803831894,51.8659000774913,57.7980269995154,55.8470512778775,55.935634570357,51.3439446385435,52.2669375312833,52.9046195289753,51.8249814207148,51.3029799501074,75.591677950696,51.5508854407777,58.6122019473303,103.668230191124,105.374131678662,101.168018063146,96.6455425724972,87.3730881535928,86.3215967190782,89.7186005038453,88.9947206414516,87.2616478997985,64.5965383820546,71.9151489168041,71.8599750243087,55.0530631524845,55.8894204538551,35.1088371726826
57.0287810604666,57.2120310948952,56.6844193436652,57.6622787512674,58.7684309616032,56.2177714939914,55.7640487746837,56.0896516475311,70.3100548962685,70.6095202681336,78.1812204957455,67.2493212620132,68.0418895084978,67.039408336938,0,37.1504390431902,64.7100721913688,68.8652786443717,67.4329240102139,64.7628293518149,53.625000129837,51.1151579071768,51.6798222554436,59.8572722108671,86.6361519817021,91.8354583095187,61.8890437642854,61.4837285951087,40.2378592305783,61.7843151346833,62.2342757249961,66.4215927079473,63.8387532459086,48.0169966910061,46.5024907279619,43.6157232157643,65.8554176679274,69.7500782815822,72.6243437671183,71.031668019201,66.1962244904653,66.6857020948193,66.7434822714986,66.9289521231847,72.7247805094375,72.2555626331361,77.6745798911419,72.0084998841808,77.2767512231476,72.334204483612,73.3541117094824,61.149832658777,60.3664569983536,60.6509886185002,60.3874385858892,58.4549002289138,57.2039969143006,58.3633474803733,51.4374231019549,51.6184798596826,51.8970606550569,51.8536818280241,50.9655183942936,92.1642471662024,56.0365847743625,62.6560012548815,85.2463834067192,86.834908591296,82.669304765083,78.1946463512717,70.772276631959,69.692199288273,72.773422915225,72.0013032326932,71.0727971482116,62.3629754151135,68.665733361416,54.9678320911855,52.6333913794403,51.9467930126765,64.4431145482886
60.9478629071071,61.07530673781,60.548805570682,61.5767274848294,62.6279492795448,60.0264091365952,59.5161348613953,59.8517706656116,73.7240890904173,74.0099947823708,79.127574258782,70.7514453064726,71.5388409218921,70.4982036527765,37.1504390431902,0,68.851603600722,73.0421071090255,71.574023778494,68.9447247090188,58.3646080307879,56.0247372545887,56.501394096858,61.1557634169208,89.8395932952437,94.6371614194825,63.7723690616583,63.2468126924773,47.8871473365165,64.8941847990814,65.3483268068455,69.5852514133549,66.6261202977496,53.1254537325384,35.8833657542801,35.2423155423909,69.4032793150242,70.7874615973464,73.7138364515783,72.142007966401,66.9816399508073,67.4976273985475,67.500846428006,67.7134433301188,73.7235123039959,73.3102688227199,78.7258365841496,73.0322146711464,78.350162791035,73.3600068060107,74.4430461222842,65.5845585945245,64.8081872297032,65.1443565685313,64.7094954386963,63.2216370437439,61.9139493764255,63.0050500664263,55.1863830914168,56.2527445782759,56.5139087496103,56.3870994705396,55.4745710029641,96.2088578756612,59.4727443974709,65.3018075787844,86.8675491874333,88.521051836795,84.3246712687406,79.8155399093018,71.5880411468349,70.4926153276774,73.7233707019107,72.9443159339288,71.7966603676087,64.8981282594122,70.9839950920107,53.4394458056149,55.9740720176848,56.4727917458042,67.8673467891657
50.298832908476,49.898202288807,50.7973178272568,49.4907391231611,50.1002006062354,51.1142552494834,51.3878214200103,50.3214786260778,56.1987319269466,56.6823389125293,94.5559158142329,51.0483666699271,52.0593386579355,51.8192256885616,64.7100721913688,68.851603600722,0,28.2673507008369,21.160147814423,21.2939798702397,46.3854122303869,47.141296504542,46.5860409779492,67.3704988434272,104.643478378644,109.925873231708,65.6379162147041,66.2298193837999,58.74625365717,54.1053565921325,54.6668148806548,56.8860008256933,84.1640875373193,47.9642512271954,73.9181926050416,70.416346839266,48.518870634158,87.1290100740928,90.0577951539661,88.3289841864399,83.2415684056461,83.6753819879127,83.702523364124,83.8366197754128,89.5419932282946,89.2145492647855,94.50248224998,88.9172778298935,94.1056993387538,89.2016265632133,90.3637233854043,37.5927611100001,38.3273948029485,39.1988201641553,32.1980529288914,45.7232493104841,43.7052261422425,43.1444199427435,50.3462312116097,45.1729860216698,46.372157450693,45.3108551092977,45.35741684444,59.0529368249302,52.8108342166196,62.5572316752083,102.805293138656,104.454747168705,100.272488120791,95.7770362990126,87.273724050685,86.2202600770446,89.4867463343954,88.7536193930122,87.2949445737097,66.2112484217179,73.5297039657849,71.9909433124791,55.0498994469708,51.8105428564489,50.995488107455
54.8260994131087,54.4613537809289,55.3124473786696,54.070335896065,54.716320029169,55.6183589250197,55.881737741257,54.8561356189564,60.859550332978,61.3364378931481,98.7928536575806,55.6928844342602,56.7150132436257,56.4692077439243,68.8652786443717,73.0421071090255,28.2673507008369,0,24.3115841257946,19.4177479319994,50.3334753320637,51.076534074877,50.5539592812055,71.7447510318281,108.770319851127,114.071004667199,70.0638714494415,70.6410496529095,62.8003117365381,58.713962873072,59.2750327009461,61.5090651245163,88.3120623562398,51.9526416896532,78.1274958699652,74.628936273085,53.144116451529,91.3487756120665,94.2752690065923,92.5475440752321,87.4731068407433,87.906988909259,87.936043437157,88.0701512946534,93.7707062054154,93.4395021462901,98.7294424080379,93.1439009210718,98.3319608456317,93.4287869191416,94.5868951811252,40.0391869559364,41.3499569424344,41.6254387707887,35.2657033991263,48.8038883148578,46.9088783752793,46.3277050036452,54.7568481312457,49.2895301762496,50.5258415538409,49.5188245573161,49.590458671883,57.1543748518209,57.3153818291233,67.0332370196817,107.003350040565,108.649747927934,104.468812288159,99.9748536309939,91.5124269606618,90.4589782660572,93.7184458801602,92.9849439990996,91.5403798251999,70.612717478493,77.9203890962514,76.2616660637447,59.4340375741277,56.0422208725563,55.7018462737696
53.1200143729285,52.7195796236661,53.6061239140513,52.3267690693148,52.9345111005896,53.912467179195,54.1769494598567,53.1200660367059,58.7464927222307,59.22908742064,97.2684326384403,53.5296166409642,54.5547329618304,54.3299245800063,67.4329240102139,71.574023778494,21.160147814423,24.3115841257946,0,20.2062303263801,49.1515582275498,49.8854620128824,49.3434923656882,70.0830591779716,107.354925340851,112.637805337278,68.3431970507527,68.9384132158013,61.4637460783107,56.7720959453392,57.3373711148264,59.5136355740618,86.8777548105146,50.7033754704362,76.6410678274639,73.1399114548136,50.9562759098182,89.8420949672873,92.7708682428982,91.0419546758335,85.9546770122993,86.3884312808148,86.4156062409116,86.5496447529326,92.2547572193671,91.9273541282774,97.2152045187208,91.630078460654,96.8184018556392,91.9143983077285,93.0765299836377,40.0452806850137,40.9628193844186,41.6136338690303,34.959709839044,48.273468258352,46.3017656498796,45.7499676199793,53.1182158436084,47.9701766992572,49.1695484569163,48.1247983437152,48.1675800715476,58.484948990719,55.5704878805233,65.2730516017785,105.517982307915,107.167418206139,102.985175892771,98.4897412832503,89.9864587279037,88.9330280583736,92.1994880299691,91.4663933160758,90.0075936569943,68.9417129618618,76.2575574350461,74.7090732322433,57.7996167657652,54.5850172278183,53.600998393196
50.6806463559541,50.3208125864607,51.1769740277398,49.9183384522154,50.5711609888235,51.4913431825718,51.7618729493305,50.7330385395413,56.9882481632616,57.4653001643576,94.7110815631461,51.881968852648,52.8920889013353,52.631394047385,64.7628293518149,68.9447247090188,21.2939798702397,19.4177479319994,20.2062303263801,0,46.1567187716217,46.9215904061529,46.389934994735,67.68095487586,104.675215622303,109.977817339964,66.0137812954352,66.5858875608207,58.6897207044377,54.7242977201186,55.28174001383,57.5579860632056,84.2175617871352,47.8110543467939,74.0321506145471,70.5333618349634,49.3719974168791,87.2642160380259,90.1904216093894,88.4629372059836,83.3900616221499,83.8240096125154,83.8532817122009,83.987446667636,89.6876231855773,89.3558890476326,94.6461706844262,89.060509901074,94.2486169129178,89.3454937860129,90.5030479369671,35.8893378242815,37.1014788633499,37.5623898306199,30.6866710403768,44.7301612666885,42.797285072881,42.1971475831993,50.6416713606684,45.107132296998,46.3490671991886,45.3335372696964,45.41285815215,56.4547368460261,53.2247085587736,62.9798848695905,102.916338055197,104.562354574941,100.381575509107,95.8877951255463,87.4306762497461,86.3771975959176,89.6357741273608,88.9021923505502,87.4595903212349,66.5356101502092,73.8443108457582,72.1789461802089,55.3363764839514,51.8998164830778,51.7819212373067
43.2717543908929,43.6576142979889,43.7594286911755,43.3385663988853,44.7497096458923,44.0726206148844,44.3411504186307,43.938894896674,58.251853328636,58.6493839327794,85.3165947020577,54.4527566575715,55.297109813834,54.5990786491052,53.625000129837,58.3646080307879,46.3854122303869,50.3334753320637,49.1515582275498,46.1567187716217,0,25.1699347866603,20.906403590632,60.2543297141395,93.8651265121099,99.3836416415272,59.6147378155196,59.8579400736954,46.3526677131224,52.3249915151655,52.7863206495862,56.3231444293087,73.5494215445712,30.8029005402806,63.7087797606913,60.2241318819031,52.6768155168458,77.6082990013006,80.5041671569735,78.7969156758377,73.8922545599849,74.3302054335537,74.3836835621807,74.5209834813956,80.1695119465198,79.7849269015487,85.106593908188,79.5122964319416,84.7006548110825,79.8060357800771,80.9079789013353,40.4815537417969,39.3001243498094,39.7260388028586,40.4251673975345,37.215488195795,34.9302373378219,35.9922484708975,41.9423948144095,24.741835432041,28.3611630359848,28.9700394145991,30.2973574516574,74.7955562833303,46.7351462209647,57.110699361398,92.9894805483971,94.5953827170071,90.4314663843857,85.9568140769731,78.0490454267948,76.9940969421569,80.159119793131,79.4188149665354,78.173475935265,58.9709140166154,66.1806518477713,62.993797773318,46.829145327747,38.8937822116865,52.4101981925899
42.9183350629872,43.3476052802117,43.2578809450774,43.1773528896817,44.5948590703425,43.4461247266459,43.6104419403363,43.3873909692248,58.1057923057559,58.4905953222073,83.261810147551,54.4141231364608,55.2501780086954,54.5093069004943,51.1151579071768,56.0247372545887,47.141296504542,51.076534074877,49.8854620128824,46.9215904061529,25.1699347866603,0,18.0585050995983,58.7516684699474,91.4260135221375,97.0032744352701,58.3388274355561,58.5175144223903,43.430199556334,51.7980087170926,52.2531980842399,55.9063883507511,71.148695903234,24.6506321269852,61.4499011269273,57.9749660938653,52.6934977784424,75.4848353459842,78.3723999601493,76.6702829279057,71.8119990530606,72.2507817714017,72.3110200480753,72.4489150022035,78.0822435906845,77.6834753205609,83.0133221206843,77.4170053211232,82.6050258079024,77.7130023961065,78.7999895169119,41.4433655815534,40.4276914645545,40.6191244079656,41.4114350379531,37.3338206595632,35.598152308616,36.9840214971995,40.7806797775354,26.7744156620659,28.4891388340323,29.862266559057,30.2478205323583,75.372933215768,45.8740371625732,56.0487284892406,90.7911464440188,92.3861286749448,88.2268252138981,83.7574035580511,75.9987751999369,74.9435842397413,78.0830198889989,77.341028321602,76.1488496036908,57.5892364532531,64.7476896723398,61.0345568458323,45.4066566763484,36.8307958125256,52.2491870174469
42.3535445056649,42.7965123843235,42.757611919686,42.5681558898481,44.0119283017733,43.0031823144119,43.2172926390592,42.9377277682198,57.6896146643408,58.0785965290767,83.6371400897486,53.9719799050993,54.8092164560336,54.079858269014,51.6798222554436,56.501394096858,46.5860409779492,50.5539592812055,49.3434923656882,46.389934994735,20.906403590632,18.0585050995983,0,58.8251729784724,92.0329468983818,97.5725626194652,58.314860772418,58.518960611875,44.257321086747,51.4847147563836,51.9403921690852,55.5671811913179,71.7171844230477,26.8989381776568,61.8806256092946,58.3967288816172,52.2385599869937,75.8968977150855,78.7893587820727,77.0848688971745,72.1988457369846,72.6374800825049,72.6936128550902,72.8314856710442,78.4751114018885,78.0843684941553,83.4099226625242,77.8143356173296,83.0031122148791,78.1091827101785,79.2046804927315,40.9935881624463,39.920747286141,40.2388738793663,40.8681582208303,37.4251855438285,35.4882342268609,36.7073542438982,40.5426479714726,23.8726107685581,26.4189304853135,28.0596036952543,28.8929982560557,74.8641241851428,45.5905251303916,55.9106036819963,91.2492253972099,92.8506910144601,88.6885911278159,84.2160105882017,76.3702982155439,75.315067847201,78.4695133384003,77.7283227453478,76.5059656952751,57.5615829533056,64.7493409656553,61.3288441141516,45.3389622249878,36.7169648482503,51.8295197171347
59.0049129778236,58.74737040928,58.3884993183209,59.4667938604899,60.1522383293457,57.6428533175035,56.9022351668015,57.0961924229896,67.8938467248971,68.0903770173339,80.1412235554128,65.4667172969641,66.2253637644512,64.9431179116696,59.8572722108671,61.1557634169208,67.3704988434272,71.7447510318281,70.0830591779716,67.68095487586,60.2543297141395,58.7516684699474,58.8251729784724,0,97.5702044441272,101.708535714315,44.2372844948073,40.9111242961,58.9986732653675,57.1476381595663,57.6404269833741,62.1454068848568,76.2810246829438,56.805328491295,64.9471096094129,61.5181328005127,64.4009901651935,73.9575454889469,77.0467110605013,75.2277912222117,69.2310266960969,69.6557939080954,69.5463264013929,69.6763489459583,75.7106899352043,75.6492376877341,80.7915196609815,75.2347323138267,80.4422923039903,75.479600821073,76.9229961476665,65.715000564923,64.9899036628509,65.5837902761249,64.2393007402597,65.0825581913255,63.4970315476202,64.2400955532887,53.2182161431436,57.7428483064901,57.9900388976996,57.4490097830183,56.499783571062,94.1421733148566,54.9603570186352,54.027245094903,91.090331636661,92.9480559828664,88.677177395278,84.0813236290022,72.7320620783037,71.6773931253787,75.4443409584135,74.7389515583688,72.2643110278555,55.3556108388887,59.7839829128778,55.3102082457624,52.886824913175,58.1720077396063,62.1380553808265
97.7752112742494,97.8761033731239,97.4803984355439,98.2851445190599,99.3229843855375,97.0581822778024,96.6426423011504,96.8273543466151,110.017802255447,110.303016023568,97.4387401378195,107.004723057248,107.798501888649,106.768355425414,86.6361519817021,89.8395932952437,104.643478378644,108.770319851127,107.354925340851,104.675215622303,93.8651265121099,91.4260135221375,92.0329468983818,97.5702044441272,0,57.8324034552332,99.93722076856,99.53071829893,82.6194775312795,101.35434342589,101.826365170775,105.935043242081,78.2360174756668,88.6743212672563,95.8955082231307,93.1994028429181,105.635550262638,87.0191975386916,89.1081960217376,87.0467620551726,87.117306887615,87.2826227328744,88.0848230820231,87.9507504236652,90.66393181641,89.1913916111838,94.743678004955,89.4806208514671,93.9699927850872,89.7982310998812,89.6953267731812,100.987696200202,100.234645717513,100.443151403162,100.295085713052,97.9817201761768,96.8696917178197,98.1055904132912,92.7529625731159,92.1574637936962,92.5738087955149,92.5111884328623,91.7516715749366,132.052972582464,96.7226166037184,102.24651823929,91.4361534722025,91.6658055746332,88.2384369258838,84.5471221247117,91.7848454707525,90.8821307011815,91.5738362755156,90.8721291697111,93.7002566575828,102.907670885649,109.030023355351,93.2080556150751,94.2316727962486,93.5275043622041,104.204254941445
102.927559582765,103.008397775636,102.610160044561,103.439019268386,104.45635384001,102.165650621967,101.728199461458,101.918578616833,114.966747020306,115.245793646036,98.1815139104602,111.99331432901,112.784771501484,111.737385913333,91.8354583095187,94.6371614194825,109.925873231708,114.071004667199,112.637805337278,109.977817339964,99.3836416415272,97.0032744352701,97.5725626194652,101.708535714315,57.8324034552332,0,104.234009870177,103.799769534825,88.5918442318632,106.170677766488,106.645231650403,110.771466822401,83.0763385184232,94.2862227974928,100.559825447593,97.8917086783863,110.64483391131,87.7092803352192,89.6494213673713,87.3660477743755,88.4870304219929,88.561559676175,89.5190694422646,89.2986744308454,91.2204850876307,89.5443891113274,95.0637537137077,89.9541075582112,94.181546184442,90.2491208096252,89.9115124628429,106.413065416311,105.660529898267,105.899198544518,105.66314258704,103.585627239755,102.433986105431,103.632306630062,97.8330883804925,97.6071625759919,98.0054369246248,97.9119052695384,97.1335732331515,137.292281261005,101.691717324543,106.898158599918,88.6779447973125,88.4306742823229,85.3480258550297,81.9858470176816,93.0154666230207,92.1618892168725,92.3163811123699,91.6480609227302,95.2449608845239,107.59522219782,113.651017459625,97.1491174841582,99.1866276254208,98.8636435701055,109.158294775876
57.5420588072265,57.1444009898543,56.9140637865554,57.886469544938,58.4394810962788,56.1593023405315,55.4115476135701,55.4607806701409,64.590518026819,64.7488107797865,83.3845533633751,62.3721346426362,63.1221333569538,61.7435445779466,61.8890437642854,63.7723690616583,65.6379162147041,70.0638714494415,68.3431970507527,66.0137812954352,59.6147378155196,58.3388274355561,58.314860772418,44.2372844948073,99.93722076856,104.234009870177,0,31.2814300561713,60.1897294950217,53.0862306367238,53.6079182926385,58.1770752642106,78.8185904286965,56.6506738945513,67.859524233895,64.4137948586211,61.4140815755954,77.1637706385638,80.2311879501718,78.4073808115283,72.5514942429458,72.9657673159413,72.8821662476394,73.0008240684157,78.939321684497,78.854542957333,83.9975522983449,78.45303000568,83.6388861943909,78.6968463033561,80.1141067258271,64.4868223082465,63.7842665077534,64.445578852548,62.8327660726833,64.3492836512469,62.6949444131176,63.3420444447403,52.1961968460827,57.0469943915191,57.3182178507442,56.6699844824961,55.7439433743368,92.1962121249311,53.0208120247747,49.0356007364065,94.0709887570033,95.9035307432698,91.644457334205,87.0618523333637,76.0441391232154,74.9976323329917,78.6937806107593,77.9918642871716,75.6243435936411,55.3240566976127,60.7950710451979,60.2512692798656,52.3192322629905,57.7697092065018,58.9021596676992
57.9618425427252,57.6077711651087,57.3254832193631,58.3533092356589,58.9480547646007,56.560645123515,55.8011662291276,55.9109032714987,65.7290766725765,65.9028998277812,82.8424932319301,63.4358679809341,64.1880314701492,62.8458353073404,61.4837285951087,63.2468126924773,66.2298193837999,70.6410496529095,68.9384132158013,66.5858875608207,59.8579400736954,58.5175144223903,58.518960611875,40.9111242961,99.53071829893,103.799769534825,31.2814300561713,0,59.9813086605123,54.4712247450702,54.9745386219129,59.5671063147434,78.3703494036565,56.7544556806081,67.2657297401889,63.8152208797234,62.4387962999679,76.6144840699163,79.6854420411335,77.864267210662,71.9837596716049,72.4009266489023,72.3124402946033,72.4341396837362,78.393308076338,78.31105845079,83.4558585964806,77.9077150336996,83.0990370141759,78.1523471998272,79.5726734658463,64.9209272611448,64.2099355508796,64.8530035070371,63.3205132495672,64.6384931271797,63.0018467287,63.6762570894167,52.4124401448596,57.2954602824101,57.5545169280132,56.9352653300701,55.996381367099,92.8624860348111,53.4868336648908,50.1118485626676,93.561947679907,95.3983646140461,91.1373392739911,86.5525608125638,75.4859129037088,74.4373034592926,78.1451606186413,77.4419586346453,75.0602849611773,54.6364146310469,59.6857758012077,59.2969190837145,52.2970979063861,57.8953329231768,60.0036926215213
52.0907932855047,52.3537086961461,51.9064968488145,52.657249198531,53.8512073477545,51.5979072066198,51.2986970774656,51.5137489916676,65.9754019299483,66.2999281307874,77.7502714426266,62.729146082672,63.5346894320597,62.6090292710559,40.2378592305783,47.8871473365165,58.74625365717,62.8003117365381,61.4637460783107,58.6897207044377,46.3526677131224,43.430199556334,44.257321086747,58.9986732653675,82.6194775312795,88.5918442318632,60.1897294950217,59.9813086605123,0,58.0943640154073,58.5445637069675,62.5826759617973,61.8756575995626,39.9740006087143,54.5823486913986,51.4063982491554,61.2387027732212,69.2783499183396,72.0857632551784,70.4432355309218,66.0302182377257,66.4796903053757,66.6059208163874,66.7517146648729,72.2484877862847,71.7112601075285,77.1244128526597,71.5041444457412,76.6948182112028,71.8234937664052,72.7650657787593,54.4230212989271,53.6384311079842,53.7569497729497,53.9723336339453,50.7527273182265,49.7086765891571,51.0765070173182,47.2572034524895,44.7978777332491,45.2099411004699,45.3655481538671,44.6242697670601,86.4093684050615,52.170727880312,59.963611745564,83.9131122549039,85.4077938146516,81.2892262006161,76.8664977932151,70.5249262702546,69.4666201997528,72.3578389602787,71.598112318819,70.9292421595416,60.2243363763778,66.8367035521139,57.0749287193155,49.4874000614009,46.1455952114273,60.1111275590987
