IBR/IBR_outputs/all.combrep_1/FireFreq_2000_2008_Total.PersistForestCover_Total.Silt_Total/FireFreq_2000_2008_Total.PersistForestCover_Total.Silt_Total.asc
NCOLS 160 
NROWS 95 
XLLCORNER 210004.651214014 
YLLCORNER 7350008.22228844 
CELLSIZE 4999.99999999997 
NODATA_value -9999 
[rows 63 to 83 of 95, columns 0 to 45 of 160]
-9999 -9999 -9999 -9999 -9999 27.0572645890273 27.215626698355 27.0002189857291 23.5324969773962 21.9887772983535 22.8727214230791 23.2940189469542 29.4500270326057 27.8256121832641 35.2092927751369 80.3899680136794 183.102464283041 154.697527189131 195.949438914254 222.772686056731 144.89364292085 50.951476722626 29.5453242605407 26.5192515127063 32.2300371784298 30.4612334240076 27.8763560768167 28.0590924979059 26.2337916170644 27.8831068187844 30.4705317910886 27.3059786157314 27.3429088568487 21.9380191092989 23.512321873264 28.3027564779854 29.4557599988946 29.5529984524721 26.6646585600023 33.4918857413502 31.3140859145349 30.4024294618473 29.9274058129707 30.7676898945427 31.8713225032429 31.7567106853498
-9999 -9999 -9999 -9999 -9999 25.7651270767757 27.0255190882437 24.3926241118366 24.790033282649 22.0596453057268 21.7952913315245 21.7127062818544 25.29618683311 27.0080045147477 27.1513019025914 28.9460058498633 35.2957194675077 49.4243234740109 89.1811311202044 80.1202292809093 37.7655836373037 32.2896693734266 34.3330416009545 27.0600188938862 28.5981875968873 26.5050505868165 24.9540932142103 26.3785718920296 27.6021303960285 27.4564939719389 29.6975040408037 27.6985595514717 24.4256549081792 27.6540798718793 28.3693794074058 29.2410722356838 29.2244379627979 29.7517283504753 28.6323524653513 30.633363524407 31.1128314106282 32.176914813874 34.5344753445023 30.6829843945212 31.4463754768191 30.5622114932933
-9999 -9999 -9999 -9999 -9999 24.9784427427037 23.9184654293618 25.6754806743815 26.4979564655924 23.165781803679 21.8374130548477 21.8087616238593 23.2853007623114 26.6909263000687 26.9761166551672 27.214236332002 27.0092322651015 27.2365011881027 27.3364101633831 27.1662686624839 27.7092293600486 28.2206954620684 23.3777580698152 22.2160167665339 22.8417070797177 21.5182492585059 22.6295583139824 25.3234510595842 25.1676814549058 28.1864099082163 28.8851649546526 28.6717498115154 29.8761515999596 29.9334261202853 28.1075802122405 29.3083403987213 29.4353199274603 29.9789582334287 29.2933479564817 31.1615696037442 28.9273036432579 34.2299951181498 31.2194253096426 27.8061689106187 29.4117327948245 29.7972604686853
-9999 -9999 -9999 -9999 -9999 22.7828054855182 22.1736176296843 23.5151364740093 22.3673314542813 25.5468726118824 22.4275155697247 22.7335409201346 23.2948609523159 24.9262755578322 26.909921079328 27.47751478363 27.2724906893921 27.2746235854486 27.2869541258829 26.007827622726 25.0518002011893 27.8294750601701 23.9448493508867 22.7349273588888 23.1352978020884 22.3061659424607 23.1323492745739 26.0561972843521 26.8886415826363 28.6176456389519 28.70774003961 28.8930551700715 28.2808999644043 26.7089353622523 26.4100071751855 29.8057675119651 29.8884479180297 30.345620043935 30.7728063488258 28.1333165410032 28.1316538612678 29.4625394032216 37.7413908915022 37.6740651573986 33.1121861972343 30.9035084953339
-9999 -9999 -9999 -9999 -9999 24.0164684082084 22.0351860655099 25.088878762318 24.18532663444 23.1088846906394 27.1342460985739 27.352094146955 25.5508016865589 26.7611761223031 26.9158382284339 27.0568654624946 27.1161839577103 27.1584066036864 23.9842175687181 22.4954759383088 24.8094374288252 27.7832708656979 26.0248979489389 27.2401417020264 23.7960020684181 24.1878821412045 24.7309300081964 24.3544091269504 23.7555285624066 26.0411139911492 28.6916344141728 28.4395446171746 24.653827306257 25.8599903007579 25.5259237940343 30.4469430098344 29.5898252529346 30.0964467574585 31.9560613437801 31.417672946872 31.0313032767392 30.5438580898826 31.1069837797323 33.5112329211978 36.8637517932478 38.4881331121202
-9999 -9999 -9999 -9999 -9999 25.9960504427679 23.9468939471218 26.6405778219189 26.9162122473769 24.8813701696374 27.3988469517369 26.719314423115 23.1655481463709 24.98241590375 26.914379616998 27.0277167018219 26.7451654887536 27.2903444118815 24.4853085752473 25.5663684649551 26.5775568820521 29.6791856788281 29.3699311939876 26.0363170721491 25.2638774220847 25.9230620242822 27.3422571403938 25.0588633186252 25.3137186985568 24.1080844930537 25.8256256229984 28.6990222817337 30.4230167731884 29.7646140673129 25.6076006089701 27.8498462957151 31.5916705505093 31.3534318362022 32.5678337016959 31.6665379047508 31.346785684287 30.9262782879938 30.6363527489827 34.5050008256221 31.69922428155 31.7353926350999
-9999 -9999 -9999 -9999 -9999 26.9532418294915 26.8725289947036 26.8765318094435 27.2782394434231 27.3539639961974 27.0290281185941 26.9257364296934 25.7556598156588 24.1058388562277 26.16683003772 27.0535537302454 27.0915613249419 27.0740656962198 27.2975627139425 28.1168785686207 29.7650079773112 31.034395344092 28.0903905725749 24.9431408792731 24.5764580738004 24.8308518817389 28.7434100177983 27.6433311733394 25.8091851954574 26.0792791120104 26.3840423658852 28.703621291886 29.9146947994449 29.2348483939173 29.4301683344782 31.4004165935198 31.4811052902679 31.7337046323265 31.9929589827794 32.0077982951096 31.5591106895421 31.075960799374 30.4320625691292 30.0493783876894 31.4141672422726 32.5859621961936
-9999 -9999 -9999 -9999 -9999 27.0968767605596 26.9364171789917 27.0753796588516 27.2928391020906 27.2402430485114 26.9607983582187 26.9748832759998 26.7109738241269 25.3430981137529 23.5410684450269 26.7127122386326 27.2372258362531 27.8972307936802 28.5852228144105 27.8648380045035 29.5852966065047 30.5001660095411 29.4875644233158 25.1119351432519 26.1909914386989 26.0070284058528 25.3361768343461 27.8622024614562 24.9740162900573 24.9091884967501 28.257501938742 27.9817949784363 29.1233453947615 28.5615523577704 29.3291920987494 30.3275114881022 30.6896958589241 31.6252212926952 28.7777741777913 29.1202520870471 31.6458345739048 31.5491131239191 30.9332145289646 30.2435315870451 30.8259307484342 34.8756201522077
-9999 -9999 -9999 -9999 -9999 26.9186353738395 27.1345323954169 27.0917903970632 27.1003726491567 27.2216877787911 27.0078592369107 26.92662734432 26.7021292444245 24.3103843311683 22.4337997220382 26.0827244812177 27.780552534774 28.5364595515932 28.7899572587558 28.6593114383156 30.368464709892 30.9311312693815 30.3367794014144 29.32427518941 26.1705249128652 27.317878061461 26.488029638866 26.4535293675977 25.7788548226707 27.5221645382659 32.6923893866265 28.1799253306039 25.2396433706606 29.7067416754341 30.7630631972045 30.8281300112966 30.6206639213984 30.2148634625773 28.5957747096823 28.7667299716185 31.1636513651029 31.515746563809 31.6862032924333 30.897117681708 30.2421552064532 30.5311128923062
-9999 -9999 -9999 -9999 -9999 27.0249936871228 27.0871859111198 27.1216514109413 27.0785659613533 27.0170694755425 27.0195305998674 26.9665353083768 26.8865439582404 23.2511347110858 21.6681299282931 26.3948079552431 27.1140598139058 27.4246348256802 28.4097965470163 27.2317744289982 26.3763825624405 29.687741974363 29.507228380168 27.1306384829912 24.7789933173094 27.6441359788266 26.2874027893227 27.5064519487789 27.5539214894551 26.3991761599952 32.463636419154 30.2071058552123 27.0441223129642 29.3977055200576 32.1711355250928 30.0058725602182 34.3430726605987 29.476997372852 29.4350096712184 31.1038677147365 30.032009714041 32.096680771759 31.6769008692517 31.0608918094004 30.4619531234742 30.2338433344773
-9999 -9999 -9999 -9999 -9999 24.0851600375884 26.7406584075047 27.1123517762652 27.0795371307711 26.9678092226188 26.8961376537474 26.9141422072197 26.9185001791731 24.34217661875 24.3752123617745 26.4622406592212 27.1434372383052 27.1474926199885 28.697176039738 27.7818780359279 27.5706256545976 28.7239867086361 29.9461389216924 27.5564999850427 25.9721025078257 26.1801315013322 26.5659464072374 28.7060846745678 29.8577722342689 31.5612152519418 33.5342917396193 33.1414037691826 30.4436084739494 27.9508813446254 32.6864951156648 28.8192300474473 30.1718203078633 29.7239870755531 29.3024707435696 30.0280193929589 28.5575925808329 33.6719109401541 31.2238823582259 30.466729903208 30.8391350936259 31.8912926110053
-9999 -9999 -9999 -9999 -9999 27.0938180403499 27.0927978764527 27.1019640820905 27.1057534617715 24.8191342385015 26.9793953022764 26.9356363855292 26.9075595307648 27.0548458476501 26.3800847786536 25.8238783758986 26.4940278367421 26.7807169020574 25.5704109417575 25.5246318910478 27.6877664271924 27.8927194025054 26.3494097918706 26.9721182497173 26.3754546236662 27.4622221168022 28.2235413327366 30.1544590464676 30.7686196707987 30.5118563296061 33.7824057443377 32.4637567723539 32.9159925076475 30.5946358810806 27.5407386019394 28.886773167531 28.5146260413111 28.275281003505 29.6101601180902 35.0189075892326 31.7723771355423 29.7075763265447 33.2835856855935 31.1712521877072 30.4708951351971 30.8787457076258
-9999 -9999 -9999 -9999 -9999 26.4737347887383 26.629517364234 26.2108414848167 27.1887806436303 27.3661241827884 27.2802671144632 26.9452951285074 26.5031404940018 25.6615840905489 25.2428659804841 24.7477646878193 24.6976819157448 24.4471197340899 25.3523156889485 22.9320290032446 22.793770937464 26.9917132437767 26.4036475059679 27.7505251002213 29.0973542773908 28.9117015769017 30.7050166296971 30.5839689510871 30.9604982979378 31.0068482081424 31.9409583143608 32.4348246517358 29.3437775717415 33.3682636739042 33.5313014586673 31.5872226210538 28.8017670365532 27.3372379807053 29.1102205594561 29.6853717593141 32.6964047103056 30.0795251982998 30.9713730207836 32.5300607681339 30.7136702341523 30.4791561576561
-9999 -9999 -9999 -9999 -9999 27.7643540354637 26.1489461353043 27.7113779049154 27.3035669424539 27.3178217325468 27.2927224499093 26.9656310529076 25.5214167785492 21.7325043556541 25.1355049613306 25.9144909415824 25.0798687519744 23.0811816185088 26.0497215524759 26.0655250682187 25.989561691188 27.8918967614024 28.2318504323894 29.0267423663034 29.3609182038047 30.7138385231676 30.5234740945144 30.6705899407601 31.2016315172815 30.3023772814853 29.9075372557898 32.1161572511127 30.9078087164363 34.3905309692538 33.2128284727428 33.3455855358481 29.8472351539613 31.2347451337589 29.8323767110318 34.9496094578736 30.640857960138 34.5744378470736 29.6638469260203 31.8236492826114 36.7982278261827 31.0380872760515
-9999 -9999 -9999 -9999 -9999 27.1755265566506 27.3055435964993 27.4356797451804 27.3110881042698 27.3212431462996 26.2080434216439 23.4450054164431 22.3138505029581 23.7276617197107 24.7592846212139 26.3864950089803 26.7480524301934 22.6162747125087 24.4005788083148 25.7738125002718 24.9832301868906 25.4186937842254 25.2295306258493 27.4036030891471 30.7906030630593 31.0968786216995 30.4360502027418 30.187404008983 31.0615353795993 30.4213898913309 28.9896971581031 28.7482368233321 31.9875447382186 31.9795831819997 30.6920406299094 31.915520369211 28.5446467619546 30.7354253376205 28.518601004212 32.8500863984123 32.6913595462523 28.8514644169346 30.3946701187991 32.1479190982322 36.2825079101517 34.460641372793
-9999 -9999 -9999 -9999 -9999 26.1859235694911 27.0953575676749 26.6897484326252 24.3313626111179 27.0898431393537 27.184055830339 26.4559816550076 25.3499435574732 26.5216338044556 27.0944218162267 24.197823279609 23.533377431845 26.4943034443773 26.980306660491 26.8312558888052 24.1173466346417 25.1509136865817 23.9834007631905 23.3092270597765 30.5962984899988 30.9500149168101 31.0914285193906 31.1612709308706 30.5095588409704 30.6026636371983 28.3787409729034 28.080826949408 31.6949679662771 34.8648866242888 31.3765544577632 29.5745611815444 29.2896303646932 30.4205791212236 30.2613272788559 30.2838311096855 32.3646671544179 32.7787189911267 32.719120008354 32.6543213838365 33.0385957535846 34.5601944337631
-9999 -9999 -9999 -9999 -9999 23.2746803205724 27.1000635960962 27.2421791909558 27.1824604790339 26.3960185407786 27.2072551340614 27.5332759629971 27.5409898185937 27.0084620786059 27.0489124624912 26.821085130321 24.0295964084353 27.028522956565 26.7742620152281 25.884828670562 26.0422666118616 26.9767035510637 28.4313015568357 26.4862477174117 29.4222383331575 29.4907694475185 29.9356862111858 30.1499972986409 30.6136362449053 32.0258782853224 28.5340477860786 28.2987824833581 30.4914098557898 32.4847274065896 29.474974457005 30.9023040934005 32.6220140345734 30.783685105016 29.2268612586075 30.1393537857536 32.423536555084 30.4553774220957 32.4642929776822 31.5827133264024 32.2132141733754 33.197821007345
-9999 -9999 -9999 -9999 -9999 -9999 25.7570558435296 27.7820912892148 27.4474282378987 26.7267833649361 26.7556265830763 27.1735211626281 27.2406452103602 24.0570668877996 24.0537530762381 25.5402922226877 25.8143148414729 24.1935898794471 27.4526539025945 25.998555759089 24.8884438143323 24.7873254932298 27.058936038874 27.4687609367784 27.4019348221148 27.8896234391084 27.7606427189935 27.871900859973 29.6924458962523 32.9596874622847 31.073251558056 29.5203841107845 33.002935243047 33.8039280894136 30.7181395011298 29.329006218253 30.8369523437819 30.9192984251482 30.1698557251327 30.7515191675444 33.4233358897507 35.7741788532135 35.269998663277 30.8585334327045 31.1717265837724 31.6332675097619
-9999 -9999 -9999 -9999 -9999 -9999 -9999 27.8616021894099 27.850764651157 26.9592513652521 27.4334254868864 27.3535689401227 27.2793245156949 27.1477384624838 27.1427985149918 25.2729021365595 25.7901361916626 27.4976051177202 26.9482660054033 27.361897470983 25.1249382003126 24.0730541450096 23.8816857630521 25.951152805852 28.9175456957772 27.7713182968397 26.2703891008051 24.9774749984234 27.8471433651501 29.9605195806107 33.7198245191822 32.4053535118121 33.3036352247626 34.1421907328281 33.4261062393483 33.1844101928739 29.7407276502009 29.9450420023766 33.6730027492296 32.5044709566446 32.8566929143272 34.1741206186838 36.5498174974276 30.6154405586365 30.1110526703454 31.0182955537017
-9999 -9999 -9999 -9999 -9999 -9999 -9999 -9999 28.768217714188 27.9681773053684 28.0561857953245 27.4922963303099 27.3140123184047 27.3798739677836 27.454936893584 27.2829892456392 26.9059962639485 27.3382689127009 26.4609708766419 27.3466170617641 26.680461287661 28.9914070264475 29.2541576973103 26.7118784668404 30.5193691922421 28.6708037143798 26.4531595250137 26.4416242352952 28.019888883555 29.8607580182742 33.7110204729206 33.4847885714154 33.3925167277898 33.1319829533719 33.7870991407706 34.7193701012998 33.3245574760979 32.579808751924 34.5883512938095 34.5515722330512 34.7173526876344 33.8807854436383 33.7972509336198 34.1821957110935 32.2206756041112 32.3297340287158
-9999 -9999 -9999 -9999 -9999 -9999 -9999 -9999 -9999 28.1645450422599 28.1350752326055 27.7231723325075 27.5558392643295 27.3027280663401 27.3504897852991 27.2358192473067 27.4547584689511 27.4455909272607 27.4259267313466 27.6788901784866 27.6804549303746 28.8184777743073 31.8991290855976 30.1656848226952 28.671541570471 29.5567837704951 29.4888925711697 29.1451198896514 28.9936651661494 29.562589315611 31.7674980084781 35.6569494533454 37.1371583156564 37.214295774624 34.4371833745506 33.9385280331676 34.1922057924191 33.5616910947223 34.6364272103296 35.3631218233232 34.4943075765809 33.812761719201 33.1012174746592 33.0674992509686 35.423797401474 34.7719660635615
