IBR/IBR_outputs/all.combrep_1/FireFreq_2000_2008_Total.PersistForestCover_Total.Silt_Total/FireFreq_2000_2008_Total.PersistForestCover_Total.Silt_Total.asc
NCOLS 160 
NROWS 95 
XLLCORNER 210004.651214014 
YLLCORNER 7350008.22228844 
CELLSIZE 4999.99999999997 
NODATA_value -9999 
[rows 0 to 20 of 95, columns 92 to 137 of 160]
-9999 -9999 -9999 -9999 -9999 -9999 -9999 -9999 -9999 -9999 -9999 -9999 -9999 -9999 -9999 -9999 -9999 -9999 -9999 -9999 -9999 -9999 -9999 -9999 -9999 -9999 -9999 -9999 -9999 -9999 -9999 -9999 -9999 -9999 -9999 -9999 -9999 -9999 -9999 -9999 -9999 -9999 -9999 -9999 -9999 -9999
-9999 -9999 -9999 -9999 -9999 -9999 -9999 -9999 -9999 -9999 -9999 -9999 -9999 -9999 -9999 -9999 -9999 -9999 -9999 -9999 -9999 -9999 -9999 -9999 -9999 -9999 -9999 -9999 -9999 -9999 -9999 -9999 -9999 -9999 -9999 -9999 -9999 -9999 -9999 -9999 -9999 -9999 -9999 -9999 -9999 -9999
-9999 -9999 -9999 -9999 -9999 -9999 -9999 -9999 -9999 -9999 -9999 -9999 -9999 -9999 -9999 -9999 -9999 -9999 -9999 -9999 -9999 -9999 -9999 -9999 -9999 -9999 -9999 -9999 -9999 -9999 -9999 -9999 -9999 -9999 -9999 -9999 -9999 -9999 -9999 -9999 -9999 -9999 -9999 -9999 -9999 -9999
-9999 -9999 -9999 -9999 -9999 -9999 -9999 -9999 -9999 -9999 -9999 -9999 -9999 -9999 -9999 -9999 -9999 -9999 -9999 -9999 -9999 -9999 -9999 -9999 -9999 -9999 -9999 -9999 -9999 -9999 -9999 -9999 -9999 -9999 -9999 -9999 -9999 -9999 -9999 -9999 -9999 -9999 -9999 -9999 -9999 -9999
-9999 -9999 -9999 -9999 -9999 -9999 -9999 -9999 -9999 -9999 -9999 -9999 -9999 -9999 -9999 -9999 -9999 -9999 -9999 -9999 -9999 -9999 -9999 -9999 -9999 -9999 -9999 -9999 -9999 -9999 -9999 -9999 -9999 -9999 -9999 -9999 -9999 -9999 -9999 -9999 -9999 -9999 -9999 -9999 -9999 -9999
-9999 -9999 -9999 -9999 -9999 -9999 -9999 -9999 -9999 -9999 -9999 -9999 -9999 -9999 -9999 -9999 -9999 -9999 -9999 -9999 -9999 -9999 -9999 -9999 -9999 -9999 -9999 -9999 -9999 -9999 -9999 -9999 -9999 -9999 -9999 -9999 -9999 -9999 -9999 -9999 -9999 -9999 -9999 -9999 -9999 -9999
-9999 -9999 -9999 -9999 -9999 -9999 -9999 -9999 -9999 27.8203902280083 27.5501747054656 27.472432517174 27.6584485820993 -9999 -9999 -9999 -9999 -9999 -9999 -9999 -9999 -9999 -9999 -9999 -9999 -9999 25.0631959771523 24.2517790941258 29.5430503926209 -9999 -9999 -9999 -9999 -9999 -9999 -9999 -9999 -9999 -9999 -9999 -9999 -9999 -9999 -9999 -9999 -9999
-9999 -9999 -9999 -9999 -9999 -9999 -9999 -9999 -9999 28.1693298345655 33.6237143359139 27.8783879269206 29.9654834228599 24.0188873745747 26.986253905149 27.4371694546145 27.4932552766947 -9999 -9999 -9999 -9999 -9999 27.3018068774274 28.120466180066 26.6344589175837 27.2637898898952 30.7693902497403 27.7232290701686 26.3866218459971 22.3389070062125 24.2755125019038 20.3247467733109 20.0390176566637 21.7383351084834 19.7713035172063 19.3893622099467 20.2083708078211 15.6434929096129 19.0231182350307 20.3460454121234 18.820985729436 23.1326767598771 -9999 -9999 -9999 -9999
-9999 -9999 -9999 -9999 -9999 -9999 -9999 26.9809085138824 26.8540807807714 27.8414100499641 29.6934290934321 29.8941986199067 42.8145596931883 77.4533715894278 92.0239897508978 39.8239441598921 35.3967571816039 27.8022045847786 23.6049518483689 -9999 -9999 26.8011398177857 27.3147929549353 28.9404506514977 28.6607320032585 20.729620844381 21.7449853428258 18.4267911378964 16.9699679494463 16.5210491023426 17.7980210911615 17.9417114846077 19.6518550863082 16.9103271984368 15.9908984018626 20.1391821267997 20.7611320496925 16.2391649708053 17.1607513718132 14.3982485435708 14.4047718024711 20.0990645606328 23.7686083943931 26.5400439417345 24.4771113103514 24.9081676982604
-9999 -9999 -9999 -9999 -9999 -9999 -9999 27.2019420569063 26.3315500799411 108.030768168677 44.6133664040488 39.7980252009996 78.4517171852854 45.2416968291009 31.7988392998892 25.8581386437787 29.4903085738123 29.1248785975312 24.2245017735248 27.2133677577853 27.0153975265882 27.7365036217796 24.3725092646944 24.4459301336982 21.8666081858543 16.7646301992886 17.6604119647932 20.7256630138989 20.1484172120769 15.9155024985405 16.4136572515925 18.8918622507783 21.548743012332 17.9549642322476 19.1719160812276 23.2473282341751 22.3978404879834 19.3107250355248 15.3273106764285 17.3605273756888 17.4017865533603 17.3689954405661 23.3079112605128 26.4779226069214 18.0092354750468 23.8320035718563
-9999 -9999 -9999 -9999 -9999 -9999 26.8600366538587 26.419212995721 45.4846606263266 73.3251156804028 97.862567484225 37.3027832540142 52.3043596664798 90.8131430318028 47.0248426096291 32.6928634652971 23.2159173675072 20.1840544905793 21.0501073972279 25.8547184447434 23.6736467063716 21.6162567116675 21.1895145068917 25.6974692482182 25.0413697158679 21.2139842425781 20.398932826268 19.6595477214266 18.0527784344515 19.3868485125653 15.5407893831549 16.3538225860162 21.5265260509776 18.1161039010051 20.0763073434649 21.2220600946915 21.9333137839168 16.4968807599587 16.9575228166431 19.5270844437111 19.0136029747792 20.4206020316454 20.4615065097527 24.6897327275415 17.7919147135774 20.5683957871187
-9999 -9999 -9999 -9999 -9999 27.7939219029117 28.4180040266436 37.6094242147766 71.0532590830049 49.8704536672391 46.6553678292961 40.6165781119451 80.9202279070795 114.327473373266 60.8571996291489 27.861808741988 21.9064756913078 17.3759352010336 20.5745085648075 20.2188845431491 16.1803733802139 16.427641390085 16.439213251357 21.9915158314709 20.8214530857201 20.0469748128169 17.8014636708898 17.5602702351385 13.7336269093302 13.2356590182751 14.8096615573093 15.3149149695126 21.0570778504449 20.7926015807002 20.736087365502 17.1919670235246 15.8984385258409 16.149765863731 16.6455880755578 15.1963665598345 19.1234126378212 17.406875198975 17.1509088145414 19.0354513394144 17.9272258523159 17.864129883131
-9999 -9999 -9999 -9999 27.4731684637692 28.9267529409358 26.994755374752 28.9403392020673 44.8863507419245 70.2323530020043 45.8748520005375 31.143614738861 135.856316820441 135.341929443679 84.7004036389697 33.6811144293905 20.7728369885699 16.9856424614217 18.7854163737632 19.9668159598036 18.391874947985 14.9281681718281 16.1396636314775 16.3466725227525 21.7412907898326 22.4167420057525 19.1908445376703 19.6373703281756 18.6586040511644 13.7694650488499 12.123746129971 17.5897723480402 15.8053858097221 20.8419713327184 19.8416729581288 19.3599333794232 16.3752503906459 21.9149733062973 21.1012445311176 20.2041540301914 16.1484242261391 20.2963754838267 20.9868620971968 19.0449341611032 16.1525090882124 13.9627709857428
-9999 -9999 30.2613648557095 27.5681350828254 27.5143710832721 29.6879382871489 26.9725309501694 26.1427634770039 15.6680061561806 26.164965194067 30.0635635793723 28.7414807493459 55.3306073107781 176.511376774291 131.114799062655 57.9716801684842 17.1335203470472 20.4636467506803 20.6348428829683 23.7508105939617 20.1229509071535 17.6687285461901 15.5496619619191 16.1565231472796 19.3379034129263 20.6684186995424 16.2316217104713 14.7642691410369 14.5703385878143 15.2319640553196 15.9485087996117 15.7312472926992 15.8018503139645 16.1035846002049 16.3149635096257 16.8927044314393 15.6582449909386 18.4161335735342 20.9204854330928 21.5070298986185 17.3039157750158 20.6268099047184 25.6104316010403 17.5207048344002 18.3394071493202 20.7101355240743
28.2364798488661 29.1047548170797 26.5797904783393 27.5533337672509 28.5850969094772 28.5256945835145 26.9215302842616 20.9790566771582 14.9194840822425 21.4845956814196 29.5537172616849 28.0019907668633 31.8691480414655 36.2359468594145 54.2973260857946 50.6538742125739 30.5445794586423 14.3884974129584 19.8292644194837 24.7662196482784 19.1887111447574 14.7896586368388 15.5211352412033 18.3238990602577 22.9266961391114 21.4717341381435 18.7917362524864 16.4686582858443 13.4627886548915 15.777008952925 21.7753689368524 16.6145636536558 16.714316248399 13.5526630835859 17.2107177783305 17.7572313856592 18.0169482632232 18.9210198401844 17.7983872612806 18.3396756951654 21.5377872127561 25.5683085267183 22.2333485241417 17.4580918688076 17.2286144025095 21.2066615923301
27.9432849057667 27.4657381226521 15.1254101628242 17.4495695748274 25.3872405819392 26.3775083572573 24.8712615584483 24.988302809596 21.0124179692445 22.4218518259882 26.2644164086728 24.1775157330024 24.5282259185636 26.7105553538397 27.0623679147601 32.6410128543308 18.7792794580183 30.18568549209 25.042209054147 17.0497486818684 16.5187346298487 17.9875075086848 19.3555889149076 20.4335724517356 22.0912524397217 20.4427664878692 17.7760680855884 17.5606610530536 16.8226418734942 17.097232038591 23.0262425364351 20.8555766896396 15.7665097545659 8.45624754782828 15.7884476196313 17.7080893572321 18.6702788719487 18.8627740548665 17.4176679624929 12.7351107853148 20.2130587593928 23.4859479763386 18.3075443955443 16.8969467706855 15.2111195260938 18.9751280573249
25.0280142240266 26.7804042409322 22.4024194579295 20.2958930257275 23.5671072499926 23.4629530702964 25.2962811354515 24.5797614557228 22.5204285228946 21.0942853425942 23.3529505815797 24.2814917768795 22.9984566972319 23.7693682698711 22.5512265547757 25.2816277820978 27.4442146341504 41.3724486261145 68.547849399594 27.0501886453881 16.9846609499655 21.2121094032744 20.8123734894905 20.0397312165166 19.9999199170095 16.2025339469181 17.222703696106 22.3321694174538 21.0853780542829 19.9241781764631 20.7042991780618 22.0039553556536 18.6048652446816 8.79028718950329 14.8908698043363 14.4127889561813 18.8387390194068 18.3679585996267 13.0641092720755 13.6402725696558 16.6688077222785 23.064327216232 15.8930141938588 14.5611393654898 17.251991434814 19.1565819699442
24.1838445768613 26.1379818807016 23.4585328148446 25.7177754664412 26.8627478464419 24.7739241845843 21.4271723088766 21.3633454807356 23.6064869101551 21.7810417088736 22.5728009767102 24.3597089954702 24.5512450855304 22.2907867215272 20.842770596539 21.0597756403971 25.1180213903098 31.0132193877654 35.5674241547834 85.1642618836465 22.867492645443 18.8139660581744 20.5708261209182 16.6709054268604 17.1914217932638 16.2560385267869 20.5923215909452 22.3346710562821 21.0326605904234 24.9842307748508 19.4935119075893 22.357333327739 20.4579699839925 11.4033551786494 12.3320970107996 10.8914317831991 16.5275326500498 16.7962747386019 16.1310115406113 15.6915954766836 15.8741456209514 19.0989496874593 15.5095230743278 20.034236977854 22.7265279679252 20.7079576858784
24.2341672294044 27.4215690370913 26.0982918376317 22.3365292429123 28.2081096137612 27.3566741794115 22.30086375469 23.0998406573288 25.0386167103833 22.4814645297932 23.1977267576489 24.7390199978739 23.5214143712537 23.4154123212751 23.3706482044398 17.815666036555 22.4282304432445 25.023203726164 28.7028476199638 32.6996780430157 44.857162491149 23.8617016206839 22.1949886683332 19.9323614580135 18.6486212188523 20.6299387515643 22.1220154760576 18.7984668747092 19.0496331324325 23.4660515517276 24.8168314109353 24.42854780076 21.2413678572496 12.0588834350162 14.1983591589985 12.3624516547046 13.5204815317298 19.3971333683638 16.7312160598634 18.202314362813 20.5720815022661 18.5309269219684 19.9337013625251 22.3986698023405 24.3945171146374 22.7790230226792
21.5438974368221 26.5720712951352 24.8937886202989 22.3168978283994 22.8675216626429 24.4901091226329 22.4979203707987 23.0842831998223 17.892181675497 19.8228061196516 21.0341295669089 23.8781358831586 25.1211539484341 21.7819815228818 25.4256028176391 19.981648006408 19.3471309955426 23.9264396958346 21.4817281430179 25.6985868632749 27.8469773126661 28.4076269474934 26.8980795365819 26.5211388595316 21.1599081417878 21.2709204448395 22.2258415380246 22.1859182964058 19.5563612025006 20.3500262140648 20.2726378637756 28.1189304409017 22.6978245682498 21.5466363870006 23.6343394852522 24.3338037261734 22.0814010340869 21.4506603979277 16.4012784318928 21.9338587311006 20.5128851665243 22.4663504837303 21.5940233590248 21.4601027578202 23.242918223705 23.733969185798
23.9585158420391 24.3463386503166 24.9257826868695 23.2525265071209 20.634631401731 18.6815440442453 23.877359426395 22.8878280039411 19.6600176993015 21.5635688545436 20.9723747817311 22.3062411630412 27.2543202740082 24.7863288830083 25.2241775034771 23.0779233731692 19.5813211520385 22.4795099793084 28.7750269038 24.5274816177245 28.8850754606983 20.435968078824 25.9332650030857 24.4633590872844 27.280258864075 25.3005402778646 25.0809570766727 24.4766366108269 23.2029042853603 20.2258167247264 19.9309887078039 24.8228063472964 26.8961560529794 19.1357975654361 21.2048256455835 26.4814217133056 20.5331342422829 17.3983747659236 14.6729911884074 18.5653737754185 22.0850792971463 24.4629642035486 17.9617870385025 15.0602937789721 22.8765001726628 25.5985517844928
