IBR/IBR_outputs/all.combrep_1/FireFreq_2000_2008_Total.PersistForestCover_Total.Silt_Total/FireFreq_2000_2008_Total.PersistForestCover_Total.Silt_Total.asc
NCOLS 160 
NROWS 95 
XLLCORNER 210004.651214014 
YLLCORNER 7350008.22228844 
CELLSIZE 4999.99999999997 
NODATA_value -9999 
[rows 42 to 62 of 95, columns 46 to 91 of 160]
50.4692009066173 51.3871315167886 49.4764274396541 45.180722275026 39.568167099166 38.943957069384 36.2260799180686 36.1210686031129 37.5001743898774 37.916260177476 33.8546339347947 39.4757143810466 31.4992148184179 31.211876137619 26.8858463806643 28.9582043567289 44.5915826824139 31.8769198281756 29.0139607613185 31.2862188777778 37.8163987161832 33.8811309058262 32.641794052937 34.6536205533653 46.9814533805228 64.8932431784899 71.4071610913589 39.4225044401209 37.3750226541781 34.9112525471227 22.7743848647681 28.5789126098826 33.6438166275481 31.0004421018301 43.1157143539324 27.7333567094532 25.5937867821039 24.8132143250656 23.6756344524668 25.5803619378846 24.2507488169514 26.2275868696843 30.6920252653006 25.3505591737845 27.0595676293261 27.14376850453
50.9326172990402 48.1066515494411 45.1270120142471 41.210620166711 38.7714839519558 37.8261224634726 35.3523383305307 36.5454218767021 38.8677358154763 38.1605469310993 51.5888049076219 69.1144961960949 112.714088059675 45.3098860080651 38.9272916552769 44.8512996398691 48.4672055818244 56.7910813746236 33.4820770417742 35.688102596628 31.8069894344184 38.2265287966477 39.3960040490523 38.101380459231 43.6777949276345 57.0954001666466 73.4744601257699 62.8742475991627 27.8230150616311 17.9502093790697 19.2766022671995 23.7103788593024 26.0671521811228 31.9386849607839 38.647513508451 38.938959950159 35.7370646156187 25.968952927964 26.6367094754832 25.3351537841714 26.6639152682277 26.4452777690792 30.3683756493886 30.9841228966783 29.7103411253392 26.5952700840385
32.5513714258671 35.6719183782515 38.0772523594771 38.7498257704942 37.7255319336527 36.2260382684551 35.7862953948326 37.1913705692976 57.742819245615 73.892947563259 57.3460674265931 39.7408495415249 51.7104993021116 88.6422296038406 69.5446960806072 52.3746183495443 46.8466201953447 45.0752756566815 61.2080842792603 68.4644099857647 102.684943027036 52.2398202979723 29.5083102426984 33.164928034136 32.5030009253139 32.5097055239805 53.3652966776924 70.0062892107004 45.6242456185002 28.7714448101735 18.0752705105573 20.8029690854835 30.9753883211388 81.2437300428416 36.1181910544809 40.4099151302679 33.5006422544532 35.485780767568 29.1323632547419 22.8038491567744 28.1979372602964 24.4785152516685 28.9257970460774 28.1557850414512 29.398095472993 24.8296564274463
27.8618437874317 31.6054848028222 31.8651870937077 33.823876439344 34.6419154420951 37.0434299169158 34.5510989299529 44.1230162046713 72.3952413246891 38.3768612706739 31.0920174605087 28.8399413871371 33.357917739763 40.8051988668921 68.5944730157703 75.8070107493754 47.4281859259114 50.2731834750368 80.2865171997575 184.903172858766 153.956878776802 112.873047739974 39.9520411527542 32.2438033440479 29.1938037347422 26.6476036193271 27.6297769304016 42.1211077700736 51.9640888924217 41.2870566737921 31.794538402035 24.3061467405866 31.5676416873795 58.8037969558815 50.9893064791256 28.2376663251876 33.1711859122812 40.7741509213053 32.7579927664831 35.7999331826742 32.2868028659537 22.9581546483892 30.9421899486099 28.3195515833024 29.0069036359373 26.1818277910607
27.6030519838378 28.5578473666183 28.3063248910834 30.6886314707538 31.0779084976711 29.2360930891002 28.8457849401122 29.4348272993852 28.836956162854 28.2274597931021 27.0495773587473 27.3179709721069 27.1284497116072 29.9472378490558 26.2215570131557 27.2784551224267 40.5148097881354 39.5964395470819 44.4380452931587 76.8163835753876 55.6746659438671 48.2959742677131 41.1329585299253 36.7513394630189 30.4418649687873 31.5436931767864 31.7355935082658 34.0312996920353 35.217410751754 46.9392266294624 35.6813905788294 26.0558937251169 35.4672245859114 60.7303639049765 55.411432770278 42.4799453143151 38.3981958942302 41.705745811903 42.291742634113 36.5032843067295 26.7282679759414 30.4769694623093 35.9776329599041 31.2929685641763 28.3207425497911 26.0426604861367
28.19646504881 25.2261616630465 26.7066959376145 28.1665624341406 28.7850146201836 25.8131715003848 27.5853854166293 26.4853020626293 27.8934129589346 30.8108029800502 29.5481205259809 27.3280843361134 26.0965962264853 28.0903986102858 29.3133103175246 29.2787678543547 29.4509986029305 24.1691996701094 31.3364783617166 32.4900710331469 32.2156447788092 29.2948656921366 30.143286951948 35.7609102165492 33.1350080082339 29.8035989887941 36.7210402211712 65.5516656942683 138.450634156209 90.9573346923255 36.6610330283639 31.0027438701809 33.7652952149587 43.46427705322 53.3320879347299 62.8757593864949 51.4771191367694 45.8098840945082 39.385758614011 29.899767400184 31.322116196613 34.6630479202985 33.1411230249095 24.8851804610621 29.505691470836 24.4856151728292
27.4665702185534 27.6205704368398 27.7022836522803 26.6082236057123 25.520749225665 26.7952411604643 27.5899410922676 27.7516699432662 26.6526962145403 28.1731436078507 29.1895244891378 27.3021499875352 29.2685485383397 29.8747994237273 31.4775772539535 27.1668071779411 26.2691934207181 27.4635342532493 27.7953342940892 28.5656943274041 32.4972435164878 24.6376350841106 26.3118169473351 31.9553671473602 32.5945875291015 44.0376864754873 103.434974549821 174.881492143586 172.784125624771 139.31070103683 155.767935303902 72.1335393032336 37.7492279851179 48.0830343788609 49.4660996300408 55.2735428431869 48.2713416139117 39.9782928146494 38.6057357415064 39.9165855074511 37.9721067403753 37.7816211985025 32.8221704011665 35.2062648557599 36.128140883647 24.2291954829857
28.7847383160695 27.2338965198056 27.1558298093188 25.756240782968 25.3701000273371 27.7049295964281 27.129752211135 27.14956699336 26.146507996873 25.649456026294 28.0156221362344 28.1307312365592 27.1296222080138 27.8925614692384 30.2013069360552 28.7032374826628 27.6781973347047 28.3080887126124 28.4282941888307 28.3258692939223 29.3557260172888 29.618189259636 27.5990346287897 31.6222152034024 28.5030841737895 34.2898057142526 50.0366582714889 41.953998688428 42.8917741184075 58.1967558535841 99.2510879240728 203.366465585831 99.9831044243527 44.8601129622875 64.6756022190252 48.9602483254453 46.8470702930905 42.0916266131451 46.8739196884821 46.6022700450614 44.4912447908766 43.2595292310428 34.4519712516914 36.0454416142532 30.5147646608304 26.1707196575426
24.7981756046895 29.4358525340361 27.8326457245131 29.2791940349379 26.2769261286027 22.3922256391951 26.1248419192448 30.0238615340828 26.9911177290617 27.1063856085499 27.6938917921555 29.2780146337445 29.1137641733258 31.3272950217268 28.7948647374952 28.7917637736144 28.1780122333695 28.0019718370833 27.7440152065956 27.7380194796687 29.9080960850483 29.5559996099929 29.302945294229 31.0136329292285 28.4850602128389 25.065777975645 31.0033130279561 30.223715842397 29.2420612906311 30.243513681401 33.8382274831414 47.7733663847264 92.8331462909038 44.1852174252068 41.3800382721694 46.4743745471986 44.6080166755202 40.1323815204427 43.6692154543967 35.788642299453 45.3462034090567 46.7798540136987 58.339639864976 44.0447307376195 32.017705697402 29.2521206598958
27.8940770853976 27.273744562669 27.4784918657961 28.5439055629532 26.4289016593937 25.5768973071975 26.715693218639 28.3205751636812 27.0586786012248 27.7836707391865 29.1140413495921 28.0327863090096 31.9306319216712 30.5916774703059 33.6831067693412 31.0969562955773 31.4532527929675 30.5784723277969 28.2425585535557 27.9255654437447 28.8777435962259 28.3886402834541 27.219932104136 28.2961009878303 29.0481695323749 29.3249220043103 25.1893162470917 27.6011039165544 28.8004544994748 27.2540556323901 24.9498632317435 29.0026866412676 30.984934954471 61.5857154654397 42.8199746819937 41.8182062301248 40.5651719127429 37.0158453252631 30.4046972086556 29.754564827725 35.1674749895335 44.230066910518 43.9325551696102 51.0964132159703 54.3669808912723 29.2447579358867
29.1982258384842 27.9546041639191 30.4543558371328 27.2808013430061 26.9874780444863 25.4522987149078 25.8460120130321 28.0956004628268 28.5128290464166 28.2561212735839 27.9360122517075 28.2581623298878 29.735704511128 29.118433456534 30.61568563706 31.6851898180047 34.0140246110149 29.0596109671874 29.1570790638531 27.3002231761129 30.5618196979445 28.2153287872972 23.5291945320737 27.9474920357183 25.4722206695568 27.2418402882834 26.2461303415964 28.0751507484978 27.9448524765672 26.1528236898853 27.2764213932237 27.8656576927886 28.4308534462908 77.9439175756837 38.7085401068615 37.734892001843 35.8654496564236 35.2032066907107 36.4517617830131 32.9739792462681 34.8825316841344 38.4357481480657 38.4867689655229 41.5139038117426 39.1448541978008 46.599347576031
27.0076407849793 27.8819925193329 29.2150406878023 27.252855430857 27.1388700954175 24.8675207544527 26.9512601641572 27.592009687583 27.7524689738007 27.0864367919615 30.0429191963555 27.5631462222689 28.6948062169872 30.0504121651291 30.3852953428333 32.1554987188654 31.6146939286301 28.3539461708566 30.2339626656313 29.0980505777673 29.8192403386898 29.5054553888054 26.3157854383771 24.193834801686 25.419079027371 26.4106096514159 24.9894976505114 26.2740363190412 28.1364376955888 27.7472377641233 30.1438576978394 30.6176466649749 30.3533402751639 59.3274904435557 109.995236516506 76.7101265824788 66.1722816142809 48.1938635594613 55.4117954041236 48.6452386880349 48.5265308162585 35.8485500507491 37.6399341661448 35.9907765700639 37.4172220452113 31.1407159159747
27.3915407909308 27.0935116341826 27.6139175425074 28.5641408032937 27.4309156043845 28.1462282687481 28.7545745437822 30.8544093434624 27.6306603568552 27.4421306339223 28.7948396739807 29.298234427226 27.8272927329652 32.4335456030436 32.802347388783 29.6061073382974 32.8683642179876 28.8155848985375 27.116119685473 28.2957851827676 29.2534347962955 29.6609078141462 30.0172234533634 24.0288825632141 23.7067773070481 25.1959469634928 22.9716255469678 28.1354182080877 29.430181231276 28.0280153239937 28.4332122336459 30.742556840555 30.0524498016842 28.7582061256763 34.0267404519287 64.871400634204 53.3157827705045 73.7645433358765 147.764009310419 189.652680704118 192.281639378686 130.901351958667 112.222970204612 38.929196222685 32.2588212454091 31.6569384686056
27.3269326934822 38.4694123398996 31.074006880704 31.2187564221529 30.033334956426 27.5619149481592 27.9760108721503 27.9124465858791 29.2300462307319 28.5131553568133 28.0480405292109 28.3273459849109 25.3505194399425 29.4138893133557 31.8334752623842 28.9724743095038 33.3339173370808 32.139798475469 29.0353844469226 27.9041773650904 29.2509694028698 32.0255176520093 30.4821416578104 25.7724643650796 25.4993553742355 27.9503054112304 28.7974629400416 25.4722490518192 28.6222517596489 27.9441589176954 28.0968970745679 31.1526403672516 34.7308660344253 31.6946716848787 34.6322977392704 32.977644630098 28.5512308381681 35.3029012490812 36.6086597102308 29.0061749689209 42.9777649444191 85.4682566137376 76.2649622694492 71.917045548583 89.3615515013696 43.9165728168828
28.1575924421536 29.56166652508 29.3476431898222 32.7919614041165 30.7524105998889 32.201077478662 30.5638617742501 29.0910566980853 30.0697996953796 28.4943729709391 28.7534781049978 28.5966803798154 29.7160630080069 26.7430259690024 28.3787737461476 29.2423173740976 30.6250545288888 32.668864115124 30.7828508416609 27.9209268267277 24.2647720481262 25.8100368318201 32.49412833957 26.447553953093 21.6471533429748 25.222670611669 28.903750528552 26.8562356863878 26.1613880650713 27.7451141903636 29.1259741844664 30.9006710124189 28.3966862931513 26.4604475471781 28.5230678655196 29.0841486878681 29.7781832050878 34.1009332722103 34.4634324632695 28.5581052383498 28.9841621830184 52.3502162956651 74.3195331531416 43.6227416492472 92.4580855531487 117.678379466761
27.106188801494 27.173976002784 28.9567705488009 24.285172790341 26.9237993208303 31.2123770419774 29.4140852282764 30.9718108458156 30.6643631779222 30.7136812249902 28.328023917873 28.2833997642162 29.074035993939 28.7447567170561 28.859620853016 29.000702367904 30.5597206929972 34.1245328565968 31.2638984899686 28.1083538140674 26.7889168066237 27.7836979621253 31.0496734757898 29.5498634097637 24.6575929385483 25.7775754684463 39.3277197361829 45.4668287709028 58.7188436741187 45.9094873864325 77.5037826168979 47.7798161197396 29.711305846168 23.8187926377618 24.9340078008678 26.8990096453299 30.3584344388568 29.7552334088181 26.2838628851155 29.9333274053295 36.2616085109282 30.4482871075315 27.6352685944133 46.0078733021748 39.7809548772636 30.0374705967608
27.1497690363098 27.5906638113878 27.865235534056 29.1965637340731 26.7349817612539 30.2770392310049 30.2177176414281 29.5763813595046 30.385245727808 28.5159604196802 28.1558554377098 33.6760920720042 30.8815170732836 27.4306120109392 28.1158033916774 29.9372994863939 31.619524408594 50.5493555591794 29.9787632540754 31.0051400804825 33.305173769225 34.0561996755933 56.7125889470532 37.099788603038 38.3544521284637 68.3661680048724 55.8802922570056 48.8749665150524 129.871155291587 51.1048134777324 33.4909743420416 47.9879615989299 28.4673563958116 23.4239533552228 24.133546902113 26.2068179863513 29.4973988415503 27.8271307821134 27.4666496386761 28.0159541007942 27.6469973835392 30.2629644742292 30.573450616731 32.8252609210213 27.1564225905383 23.4463523825291
26.8177812775299 27.042654876119 28.1799355348778 28.5240260725326 29.6033477940506 27.3215451220402 28.766643766071 28.1963317568175 31.6751575840009 30.3647924699043 28.9478794145627 32.7259443119071 27.2418221892724 26.3064498943669 29.2730713985045 30.3600330343055 32.6313094364704 30.6160377025525 29.224691519886 30.2154558387178 31.5707113166211 33.2896433469413 37.2225446072833 30.1133850354359 35.6945007060164 46.9038920186945 93.3756809217637 78.083260068429 117.395913823724 68.9287431310262 32.655480072745 68.9780903646835 26.1351912198117 23.6185737407735 24.0903075321502 23.6682141331771 25.2294587534919 27.7805732137571 27.5772876243166 26.6722610953286 23.8062674876801 27.0976653848669 26.7794410217096 28.2477775240667 33.640852294726 28.3059700528246
28.4501323229636 27.0835865458134 27.5484862621821 30.0415678547771 31.0081000742104 28.3905156650699 29.6638323276534 28.4427183170954 28.6370718656071 28.6494255981392 28.4891663075894 28.9149206621604 26.7028609329624 23.7178426539869 30.2413543626409 31.2614387738175 28.6041456543481 29.1366498734905 27.9459504917321 30.2908714632403 32.5235132284312 34.6122345965848 30.43078356854 31.5363415439271 42.6995619959342 60.5621565913652 42.0714311220387 38.6941305210128 35.3600475254484 36.7130469370351 33.008318752184 86.7499713493562 29.0990051916215 23.8705940881839 24.4809825919312 25.4742135268565 25.3627237548211 28.5245562108871 28.1910889325325 27.0724222765874 23.7776634406101 27.5343502577824 26.9492658628013 23.7614371273226 25.2965120605486 28.7747571922756
32.8771767089581 32.4128842623908 28.7493495972444 28.2071164408687 28.0965962517206 28.6081101142541 31.6479081656215 30.7578871666883 27.0242636781319 28.9439593543129 29.0132928512169 30.6499396781794 28.8232524383528 29.460968376459 30.1136061734965 30.9889381361618 29.6163701604069 33.4705130690967 29.0520704065018 29.478018267653 28.9206041047163 31.2750809523897 31.1354708399424 28.1239805898888 32.5475418230227 38.6733207709535 30.9336647865682 35.4201856542869 37.260406756748 32.2932725756447 36.6589680444658 54.586912531903 35.8287758664815 24.4968364159418 25.6395305902256 25.4346588915603 27.0627098701324 30.203502816986 30.6073113552965 28.175878640242 23.1462480715339 24.9721403589603 27.4894365027806 25.6908659511418 26.3414977190202 27.6154463853461
30.1292706415519 31.147397536226 32.6934222002084 29.6367647809858 30.9502977549869 29.937114115577 29.3789450615747 29.4112610644959 29.5592419548223 29.5782612797809 28.0412368965081 28.8266183375431 28.4692990733762 29.4537248899558 28.7069017386929 29.158114673351 28.9276795942153 29.4595584291152 29.9776600850764 26.9433494440463 25.6702376641006 29.7329744980629 33.1473471906935 32.7403555114781 34.1209835302465 28.6085979330798 34.516916180559 31.0259412316759 27.5270141020357 30.4720309876759 30.573555248831 37.5212391245082 34.7700348053703 23.4839580766958 25.4575124058623 23.2629897792172 21.580882468708 21.1267034300908 25.5661196180596 27.4232483498713 21.302879553784 24.2640082838778 28.083854426075 29.4784957543982 27.8043890255959 27.0301922505768
