IBR/IBR_outputs/all.combrep_1/FireFreq_2000_2008_Total.PersistForestCover_Total.Silt_Total/FireFreq_2000_2008_Total.PersistForestCover_Total.Silt_Total.asc
NCOLS 160 
NROWS 95 
XLLCORNER 210004.651214014 
YLLCORNER 7350008.22228844 
CELLSIZE 4999.99999999997 
NODATA_value -9999 
[rows 42 to 62 of 95, columns 92 to 137 of 160]
23.8100721869936 21.3627438190005 24.1597769708447 25.5377998751625 22.6151185959087 24.9932866745697 24.5687377806552 22.2573443099346 24.0797649082186 25.1234028706789 25.8452077719867 24.8908219400889 23.9152659046942 23.7379244016352 25.2084572525633 26.0548076115164 25.4029792982634 22.6987566264092 22.1484892316491 21.186462315929 19.7405417183716 26.9939853888539 24.2812718820483 25.1126984893738 23.1401318295169 22.202035794463 23.1586574636135 25.0736736180296 25.3063773937569 24.1913893169971 18.3552024653413 20.9355883486845 24.503294923189 20.8865943684922 22.8341475865667 20.7289315129444 27.5192745254062 29.1629274828158 21.7115319858259 18.8947724115907 20.212056538592 21.5649256709475 22.6690225280325 21.9104841696766 23.5180057390705 23.2696840241018
27.3692053386533 25.5980456605533 24.6202199570033 26.5909281197362 20.8706676180002 24.0596453566396 23.5617594565665 23.4812763338389 23.0738489233612 24.689124796584 25.4484055784948 26.6326231763252 26.6594701343871 27.5458021504882 25.1132755748833 22.2279969266405 25.0109917448431 24.014767433223 23.6996949780304 21.2481573001697 22.339928764105 24.7446126141408 22.8761968911861 23.7948768712349 23.8629335988096 23.0301095681614 22.1971195462291 23.2043551386091 24.6108838892182 22.2606427998154 19.8755306242514 19.1198937987996 19.9555542375712 21.8936867669981 22.8137281266745 28.2541905677382 23.8513470503417 22.8498325506354 24.1146775166019 19.9898206851544 22.4680031995238 22.5209886978426 23.3251449140429 22.5631680186274 18.9128861853295 18.3950688038509
26.1670976732003 23.9745424513337 26.5956868039692 26.2155041385308 25.4932882079404 20.9064831469741 18.7431930884951 22.8670893139904 18.8342516312048 19.0701322422104 21.6246983593557 23.6289370518553 23.7213757886345 26.6657055754622 26.168493611201 22.6527826505285 22.4589683379037 22.0969423600493 22.2980583875351 22.9948360523426 27.1814003500241 23.3073714738783 21.0362936716229 21.2774754096126 22.0219660170641 22.8705800598631 23.2368642317827 23.3449263810414 21.7606548217051 20.189636044988 20.1067914962302 17.9159815093121 21.8450162262538 21.4110173950711 17.6252527237781 22.290405504331 25.0473619805518 23.0000086389768 25.1861162914544 24.4488354530562 22.9618808856666 23.0745359208855 20.0239321639947 21.2920865448012 17.3274719978973 18.9806992714652
26.3833034786171 27.4959395493958 25.2757319690601 25.7298164567331 23.7226284020008 21.6462626606175 19.0986248227919 20.5636635251253 21.8742637685765 16.4585800368373 19.8777930511231 25.1114467134913 24.6965819505194 26.7251176504057 26.9118835197041 24.4312405022378 26.0407295316516 21.4288954933744 22.9535354707094 24.8295972276218 25.9260418297404 26.5890944932606 23.1983466063085 22.600343027393 23.0837416186433 22.0236319692973 22.8506053412186 23.4100150520714 18.149446717924 16.5341824532662 19.7304434956327 19.0536092632354 24.1130270897298 24.1481498544221 24.6663113342316 24.2477375404234 23.578236182909 24.2871454447631 27.1545160273611 26.7591385442257 20.8298147378887 21.7358028336062 22.5614589549634 19.7625074087571 19.5036535377224 20.3965420477429
25.5838388106789 27.8344492077209 25.2235463119222 25.293197582725 25.9248859550151 25.7165644613828 20.2697046658913 20.2491967045353 23.5200988580245 21.0803319609948 19.3467586742689 24.3923245641458 21.4966690881929 23.0473722545296 24.5604944863438 25.4077656090951 22.2585712047647 16.3456253426111 18.9692534590661 19.2229360827555 24.5663200534064 26.6418874307022 24.0469674550145 25.4732608085734 21.4612206679447 21.9555653122681 21.8915156407962 23.9225947785176 18.2503460035855 15.7898199707937 17.3711397591195 24.4127174798654 20.7421447362673 25.6054278340184 25.2713698304764 25.9289975511096 28.0705663465309 25.8789375548847 30.25104421867 28.457368074721 29.173926417559 26.348269460464 21.5089919511746 19.2827373456872 21.2300314362682 21.5125759087131
28.1879771928504 27.604680941283 23.9219691184441 26.3397391900587 25.0357128776554 26.4296791148907 21.6827721761178 19.3996404617165 23.1935626076185 23.4268313310422 22.0864976584194 22.9842261120849 15.7512388446733 17.9964349161974 22.7522666361812 27.8367580405654 24.0358506338673 18.474677382224 16.9228040670739 20.2477649446291 24.5240034366266 27.435956664051 21.8643045616334 24.0134076184111 23.9653160192888 22.9115075436695 24.0454975480382 23.4427147106579 18.1932486270811 16.2666837126697 18.9202253413891 23.8462738108853 25.9317495193838 24.2012039019605 27.3298278049567 27.4131208641293 27.6408046009302 28.9668449863421 27.2966299272645 26.7927360158859 30.224760762759 27.3712335839281 28.7442742804011 20.7276340643797 20.2895193013914 19.578937138979
27.5979280456182 30.5428709582834 29.3232754538649 25.2880933109077 23.9896045779576 27.9181172473743 22.5392481020654 23.379682053659 25.5161067186331 24.7466169039497 24.5269804134772 23.0476471577332 16.8634219018398 18.2260240094446 17.4517443363123 26.1615074039597 25.9296165603792 23.4739753677355 21.2574739287468 21.809855786782 25.6539214247547 24.7417400321688 22.1926158591609 23.4359159634117 20.6213275846836 25.3895685107846 22.7088639257377 21.4060231015476 22.896350086002 24.240417360691 24.4886242526369 27.1723898882932 26.8549715573324 27.8863154547199 29.4858752524372 27.6362768941764 30.8250414296315 28.9206075058136 26.6626516472188 25.9630222535247 27.4386680305694 27.5890144986723 24.3655161101122 22.6339360356751 22.7338847419379 18.9303792352425
25.4710340432373 39.8364111832053 44.9794011252876 23.5313749536702 22.9908444130288 28.491456644274 23.0927027907977 24.2651817567154 26.3388818470076 25.6556174650129 22.7387786937761 20.7779287330863 21.0849403845934 24.5350691048628 22.4094101099804 23.8963201329969 23.1963827276686 24.2841727050306 22.320474012886 22.3299823765599 25.0498501511015 26.0453627213483 22.8227523891676 20.4449124218937 24.5960806124527 22.2122393965418 22.3598772526657 22.4205355732684 24.1175736628494 24.0595814426706 29.143752144124 29.2516894562745 28.5150398300446 26.1858657290871 28.0417261903909 29.7146202043605 25.0116638365559 24.0142680054608 25.7233303587708 27.7065716911501 24.9829646279633 22.9967237104729 21.6097755091393 18.4226035711626 21.3473860830525 19.3615148240091
25.8546126333211 41.5679830916073 52.7899693995023 24.847207296893 22.4818527664177 28.1653183647638 24.4587352120791 22.5051747639502 24.8763725169123 26.5309223271851 23.1701223046564 24.965797082756 23.8507591320935 23.6246792542886 25.7578778773718 22.7092260713789 22.6301601439225 24.4389300883871 23.0427948950623 21.9854696869617 23.0162414014166 24.2547073424663 23.7732754102851 24.3226956892642 27.9122299169885 45.9831254693974 48.3776956565614 45.2178669947966 26.6098741526152 34.0141355587928 29.7608482551332 29.7836782872783 27.4523007117553 27.1015735288606 24.7914989564673 23.7731349700488 23.728547439779 20.4854432714052 20.9484868152838 24.8764833196851 24.5699006917787 20.8836643441176 21.0399252393256 19.2035913829854 18.2341541154475 17.1599161658857
31.6045621501605 35.8859396824444 56.2577613279975 32.6862029656534 38.4566273770628 24.4200188306036 24.8733201259165 23.6947216832074 22.1411970798954 27.06286952592 24.4232907958206 25.8379931126426 23.334373857467 23.1083299003816 24.797515461964 23.9682839555831 23.248573858714 23.7275390264616 22.4609334171412 18.7912605629125 18.7733817785983 15.9842924702995 22.8694088392829 25.3914455688396 52.3865776752173 55.1765207265058 57.8665038597401 53.5805840566949 30.4991723378793 45.5718813571928 25.9134458016693 25.0330520692918 25.1217968843882 23.4760599549402 22.8862922032429 23.3682029353507 23.2429942521109 24.4515380530993 21.5294210280635 21.6869524191845 22.1967712966224 23.0473005571435 20.4074499044638 18.8386113758535 17.877967827406 21.3194805320654
72.7550957584109 60.4942745513721 53.8399311658274 44.3390209671009 46.2206066727649 35.9791374401006 32.5375221664537 26.8684604674545 27.8483182093544 31.0995527617876 25.1230413223628 26.7982197388635 26.3721858759875 26.0845136971973 25.6088457695926 23.0951744689944 22.8124667484799 23.6427763880497 22.9815453544789 22.667037088323 22.0578579896281 20.9445711094438 21.6406424244662 38.4801436908231 51.6403026846405 41.5977981283743 38.7776588981106 67.4373884404785 46.1910505619119 37.9546545045793 22.3502296182732 22.4313998782544 22.1546758646188 22.9316659258786 22.8303239813814 23.1331747798967 24.8777122358543 25.3191645162471 21.206532891227 22.2083896977915 25.7812798892895 26.3895007339758 21.4694973525394 20.9691165508618 18.905312680162 20.4531359005256
29.4745903494731 33.8854741902235 52.0558164399039 63.9802420346016 63.9922674122947 83.0206275960923 51.8159190520975 53.3292208686003 43.9267867065721 36.1200730562996 26.2518284947599 27.3682541386184 26.2075372326833 24.8200042630636 19.7952159037162 23.3740147462511 23.3346678379821 22.8226826618015 25.7716746192802 23.9803184302755 21.5359801407374 22.793535490573 37.5545991490809 49.2399769974934 64.3233525565985 54.4292653006991 50.6230913089845 82.0052160920113 41.4690568555815 28.2139706318357 24.0871372654199 22.1497109237683 22.165539238912 24.4295998413844 23.5066040966484 24.6903179997018 28.6491944169651 29.19380724065 25.2698402654792 27.6673884323981 28.2850724160808 28.1546835962644 28.8665213741168 21.3162940921535 17.8122060707606 19.1912938746578
32.5581451543245 31.4138220116254 26.7764154936668 26.1289262421008 27.6825799379066 42.7939648271976 41.0869482437106 54.8260995002358 64.3171986570413 50.4963533428242 37.4807751368317 31.5048385807572 28.0729850300982 21.6240382823396 35.8177692488698 32.1953743088007 19.8548690891388 22.0324724359099 23.5336483945743 22.3740985285117 24.9188219616351 24.4385954942333 57.1483609795044 37.5331084608274 41.3596235768085 43.0569342096696 38.4399929199739 43.151183453555 23.7824956629945 22.3755324280054 25.2417193176193 22.610667582199 23.256545697706 24.2167304660731 26.1958536756606 29.4347834119446 27.7024138049022 28.0623550732611 26.2539520357329 29.8213240839049 28.0749279467248 29.5008806496499 30.5949935301232 24.6964189556468 23.1182814213505 23.1499417785825
35.4458147905885 31.5456575538204 30.3098961076007 29.7901116608191 25.8166974138811 28.1758417959005 32.0543389468675 31.7808438140291 35.8245785007754 37.95403694847 41.5292853431607 47.0438034496969 36.2256233657694 36.1442823840552 41.4773936850048 48.3582669053722 39.5021293926603 24.1540910355727 24.2573295777842 25.3583870517978 24.8854332186537 30.7265750894095 63.2149629977678 39.1590858950051 34.1514278478977 49.0945189412705 36.772550154637 45.7637155986173 22.7403797489786 23.5346393074079 26.8122350095684 23.5016322904677 28.859665803985 29.0383203355616 34.6829147263016 35.8010887680298 31.2403109851615 28.0399573810469 26.9447949362561 28.5778072158001 26.4356032698618 30.246086700345 32.0740481987519 26.2879827002465 25.0121262087785 23.9120757320318
53.2839930452655 34.3723061315747 32.5491628249822 32.4423505351337 30.0705126931962 29.3475570310256 29.6550062346057 29.6488341369569 24.1534411075693 31.2639788057962 33.9780222285688 35.8844692976795 33.3450827932943 30.333938325323 32.3380100005346 55.7376245920552 87.4288120912504 43.2437604927945 51.4108162637057 44.9365265080631 38.1490197471645 31.9920863769969 37.9366662631622 39.9594105098463 57.8400870416473 46.8418780210212 38.6029437414944 65.7509469679487 25.4489837894364 22.9585006536627 22.6506570599647 26.3117622926154 39.3701320529184 28.2199845325241 25.3400772437874 28.549473503619 24.2305090089119 24.903407002933 27.48426925816 25.7927960011709 29.4904097344083 27.0305765246664 29.8200279950193 29.0425818637845 23.8507179489672 23.6532730887905
34.580831027098 48.4593291307054 42.6138611232115 37.2632118463826 36.8602782945889 37.9075210456988 33.1423113525988 35.3281552705733 33.8052897116802 35.1865691846986 31.24398883745 32.2677146179145 29.9800628117727 31.469284901015 31.8522762900392 27.5725624343984 37.5690868633205 61.8837229304452 63.9671412317511 51.7954752660595 37.5461106763836 27.2601693681339 46.943827402245 55.2088384954207 64.9300725265793 75.428502252586 36.7604468407461 52.7310272672653 29.2229631391281 35.9908935361446 37.591673022231 38.6747722262195 31.8739846396733 24.7282479757135 23.5092760707272 27.0951751025814 24.9315311580406 27.2286064667688 28.3900254930611 28.1584089945649 27.9151752010464 26.6287975388846 26.8311128363547 27.3680915085168 23.9010508134445 24.0021101120305
22.475442689571 31.7265038217676 39.6233044916693 45.8866551847014 36.9248317829639 34.4081425207533 50.5224481846392 32.3453918611489 33.9724781031109 38.8858279059856 40.6904179859317 33.411167253118 36.0084480209324 27.1458067888606 30.2383633642756 29.6148020629373 25.4343445045971 28.1785777264205 47.1255520758101 50.5983166478482 38.3729192631651 37.1647129690299 43.4207017257199 30.3029211350211 28.9533778515735 41.8294025984795 34.4720589706517 32.9830136840391 30.4805626175791 26.7637290562598 37.0744157200267 40.7813810201579 23.7431332428028 20.3771233152255 22.3959432389642 27.2364337037497 29.0763768240429 27.3512184855773 27.944618652216 27.139424286846 26.4747252956653 27.3028226701383 24.4258969158333 25.231178036866 24.594693072644 23.1188512813857
23.1991697278068 21.5857893365441 24.7212882464906 33.0303042443562 30.4188991200169 30.4563080649394 42.7059283958809 37.9635132059918 40.5166144132805 74.2156657617067 106.301979963986 60.3886289928412 41.7243474878968 31.4261548831647 26.7071068634582 26.241340747495 25.5610857582876 24.1722076622255 24.8454072586004 28.3471085609676 24.5076683137306 27.3331110876097 24.9560211048285 23.0652657743255 26.0302206549731 29.6820394000795 26.2456470059561 21.3405314480242 24.7814606892584 24.0224959639513 31.272900720943 27.7945740769082 24.2347613595711 24.0222741840208 28.2126915587271 31.7832814602347 34.6290599361202 29.7019452583736 27.648980135592 27.534846957363 27.9355334280174 25.891740018336 20.6770569950477 23.3300874397717 26.0599900048506 25.4144494272253
29.5134787987442 20.6578574369296 23.3342253196717 26.7780429921824 27.4896129476143 26.8619610112179 30.2128215304237 33.3739315619587 42.0105658319062 70.3835222145303 139.047191129951 151.692210045662 94.4204817841535 107.98629210606 53.4821416758504 33.3711167259391 30.2683687921325 28.808216635362 27.2248371312959 25.4911606115269 27.383376247833 29.6403976977256 28.3144863433115 26.3224334650005 27.9802898013974 26.6621854796093 25.3884049275725 21.496915426287 21.9703560660141 23.0566238651416 28.99366889222 31.2392473189289 34.8222369203004 36.0059900576533 41.268832830495 35.5886035713189 32.8560910401136 31.1317010934972 28.4743140803426 29.2039530228093 28.2191596239762 27.5754901296383 27.7488676359135 26.4524139279591 28.7523374288431 26.9424447606083
29.9799703897046 25.1655180974683 27.5757027242415 26.712261946517 29.2379907192837 27.655595146201 26.6244454284702 26.7602024057155 28.9548989235703 34.4473627937677 64.5075855025518 64.3624963925133 67.5789911122619 52.3825521164743 57.9185284983924 74.5019747385395 101.809952870977 44.7372311733312 37.1163870582302 33.9722754554909 30.8176502090741 33.2789312717002 33.5812364455326 28.197272519773 27.2654095730985 29.3333271337175 24.5079344203791 21.9970503339979 20.2169832233287 26.5461632395777 29.7652595119883 29.7669114394632 32.1889294678099 32.5959994631722 40.1107762832134 36.2778520709321 30.1232945562243 27.8547618822351 34.8531362693553 32.1669667417415 28.4427990379699 28.677680095124 30.5732211689518 26.8711320923203 26.7877527936907 28.0970193535325
30.3718256966697 25.7710012607445 25.0867924499812 23.4187360924434 27.0847563635734 27.5901315880292 28.1895470244385 25.4365320671259 26.2620727066633 29.4316953050036 35.6941366718685 45.2780394533797 46.6372817788079 43.3106623916835 42.1876649531809 37.3956617681355 35.433156306535 54.6403401607532 113.733438953171 80.2025158937625 51.3501615307746 36.3392698968175 30.8436290839748 36.1735684934868 34.5511717955043 30.3371043250524 28.8179417476553 22.5842155415034 20.3769252737853 22.9668889394856 25.1890167790911 29.8209189120965 32.8342327388872 33.947960041725 39.8839607116883 37.4945541847072 30.4037107815906 31.2927065279458 34.1944482299224 34.7692163346745 28.6201530163315 31.8428316040984 32.6038851673009 30.9572158441877 28.6649041685971 28.415509668728
