9.9991E-05 0.705382 0.163622 0.00917025 0.121726
9.999E-05 0.837636 0.0663674 0.0423353 0.0535609
9.999E-05 0.563191 0.180649 0.0186539 0.237405
9.999E-05 0.724037 0.217414 0.0199599 0.0384887
0.0613233 0.938377 9.9973E-05 9.9973E-05 9.9973E-05
0.0809489 0.859568 0.0592832 9.9982E-05 9.9982E-05
0.0420559 0.677266 0.167893 9.9991E-05 0.112685
0.00990501 0.825675 0.122169 0.0421508 9.9991E-05
0.109891 0.679476 9.9991E-05 0.0100607 0.200473
9.999E-05 0.419875 0.336241 0.0329083 0.210876
0.0840349 0.383053 0.385406 0.071784 0.0757218
0.0130079 0.435228 0.240354 0.0119835 0.299428
0.105301 0.0575274 0.743695 0.0408601 0.0526164
0.106653 0.462753 0.209232 9.9991E-05 0.221262
0.0927463 0.611274 9.9991E-05 0.044723 0.251157
9.999E-05 0.634441 0.165063 0.00787223 0.192523
9.999E-05 0.579495 0.115725 0.00177249 0.302907
0.00786578 0.854976 9.9991E-05 0.0125526 0.124505
0.150078 0.0337628 0.153019 0.0659956 0.597145
9.9982E-05 0.128607 0.148567 9.9982E-05 0.722626
0.0201794 0.196382 0.00639669 0.0278015 0.749241
0.00904458 9.9982E-05 0.155108 9.9982E-05 0.835647
9.9982E-05 9.9982E-05 0.0569607 0.0673124 0.875527
0.00818448 0.1125 0.00229561 0.0623578 0.814662
9.9982E-05 0.188075 0.121979 9.9982E-05 0.689745
9.9991E-05 0.0236539 0.0186665 0.021583 0.935997
0.074103 9.9982E-05 9.9982E-05 0.0318501 0.893847
0.0485556 9.9991E-05 0.0419188 0.0232324 0.886193
0.047922 9.9973E-05 9.9973E-05 9.9973E-05 0.951778
0.107118 9.9973E-05 9.9973E-05 9.9973E-05 0.892582
0.0213961 9.9991E-05 0.0321616 0.00648084 0.939861
0.0479676 0.0258303 0.0203274 0.0309099 0.874965
9.9991E-05 0.0756964 0.0587317 0.0599457 0.805526
9.9991E-05 0.459005 0.303289 0.0527225 0.184884
0.056804 0.609543 9.9982E-05 9.9982E-05 0.333453
0.107752 0.716426 0.0110666 9.9991E-05 0.164655
9.9991E-05 0.650859 0.237064 0.0256194 0.0863578
0.104896 0.52342 0.189387 0.0106831 0.171613
9.997E-05 9.997E-05 9.997E-05 0.9996 9.997E-05
9.9982E-05 9.9982E-05 0.152049 0.038747 0.809004
0.133522 0.637335 9.9982E-05 9.9982E-05 0.228944
9.9982E-05 0.550194 0.252665 9.9982E-05 0.196941
0.126229 0.31845 0.280707 0.0323867 0.242226
0.106478 0.147444 0.601974 0.0408142 0.103289
9.9973E-05 9.9973E-05 0.956828 9.9973E-05 0.0428721
9.997E-05 9.997E-05 9.997E-05 0.9996 9.997E-05
0.0315298 0.405628 0.26965 0.0642383 0.228954
0.141687 0.333401 0.405434 9.9991E-05 0.119379
0.0588116 0.332543 0.258615 0.022967 0.327064
0.686614 9.9982E-05 0.27866 0.0345261 9.9982E-05
0.789817 9.9982E-05 0.176387 0.0335966 9.9982E-05
0.818175 0.181525 9.9973E-05 9.9973E-05 9.9973E-05
0.669679 0.0507858 0.239182 0.0402528 9.9991E-05
0.87013 9.9982E-05 9.9982E-05 0.0346504 0.09502
0.879024 0.0464094 9.9982E-05 9.9982E-05 0.074367
0.727503 0.213463 0.0588335 9.9982E-05 9.9982E-05
0.81066 0.0755122 0.0243882 0.0218899 0.0675494
0.867046 9.9982E-05 9.9982E-05 0.0416405 0.0911135
0.754233 0.159529 0.0324513 0.053687 9.9991E-05
0.594567 0.0825112 0.292974 0.0298487 9.9991E-05
0.795885 9.9991E-05 0.145585 0.008957 0.0494739
0.650224 0.0185527 0.294531 9.9991E-05 0.036592
0.320479 9.9991E-05 0.583276 0.0869393 0.00920541
0.0435118 0.135152 9.9991E-05 0.0328168 0.78842
0.0477894 0.164664 9.9991E-05 0.0324051 0.755041
9.9982E-05 0.104479 9.9982E-05 0.0191556 0.876165
0.683734 0.0784456 0.173961 0.00903478 0.054824
0.468801 9.9982E-05 0.455114 0.075885 9.9982E-05
0.700365 0.0868909 0.110444 0.0282775 0.0740231
0.697393 9.9982E-05 0.24973 0.0526773 9.9982E-05
0.833256 0.096685 9.9982E-05 0.0698595 9.9982E-05
0.0840588 0.136678 0.765202 0.0139616 9.9991E-05
0.0497158 0.0827798 0.849931 0.0174734 9.9991E-05
0.025137 0.0417408 0.932922 9.9982E-05 9.9982E-05
9.9973E-05 9.9973E-05 0.993265 0.00643543 9.9973E-05
9.9991E-05 0.00861053 0.784828 0.0536163 0.152845
0.00315218 9.9982E-05 0.95249 0.0441576 9.9982E-05
9.9991E-05 0.0654562 0.764865 0.0302853 0.139294
0.646357 0.105502 0.247941 9.9982E-05 9.9982E-05
0.42234 0.149355 0.270526 0.157679 9.9991E-05
0.71993 0.00323452 0.239689 9.9991E-05 0.0370464
0.712476 9.9991E-05 0.175452 0.0446967 0.0672752
0.694413 0.209451 0.0732121 0.0228242 9.9991E-05
0.0340812 0.00228005 0.164514 0.00395579 0.795169
0.259412 0.0820987 0.527821 9.9991E-05 0.130568
0.109623 0.0250701 0.865107 9.9982E-05 9.9982E-05
9.997E-05 9.997E-05 9.997E-05 0.9996 9.997E-05
9.9982E-05 0.61249 0.182792 9.9982E-05 0.204518
9.9991E-05 0.663227 0.114733 0.0218514 0.200089
9.9991E-05 0.469649 0.23208 0.0654025 0.232769
0.0949917 0.323997 0.240975 0.0516398 0.288396
0.0738625 0.751588 0.0252482 9.9991E-05 0.149201
0.167435 9.9982E-05 0.795289 9.9982E-05 0.037076
0.0360373 0.134217 0.154431 0.0421908 0.633124
0.149329 0.039293 0.729101 0.0821765 9.9991E-05
0.0489557 0.212635 0.35986 0.0481173 0.330431
9.9982E-05 0.808567 9.9982E-05 0.00468566 0.186547
9.9982E-05 0.660676 0.268242 9.9982E-05 0.070882
9.9982E-05 0.625561 0.216743 9.9982E-05 0.157496
0.0416522 0.573284 0.293249 0.0266019 0.0652131
9.9991E-05 0.61298 0.353565 0.00732382 0.0260314
9.9991E-05 0.678654 0.194469 0.00639367 0.120383
0.228007 0.056684 0.643498 0.0467946 0.0250166
0.107277 0.0970298 0.653685 0.0663724 0.0756358
0.191841 0.0834589 0.626503 0.0815803 0.0166173
9.9991E-05 0.0850848 0.627923 0.012984 0.273908
0.0884423 0.189471 0.558157 9.9991E-05 0.16383
0.097647 0.384319 9.9982E-05 9.9982E-05 0.517834
0.790994 0.189151 9.9991E-05 0.0103072 0.00944759
0.708475 0.0283232 0.190957 0.0204089 0.0518353
0.179575 9.9991E-05 0.629976 0.00583823 0.184511
0.145206 0.19122 0.50391 0.017687 0.141977
0.111723 0.0398851 0.523331 0.0684592 0.256603
9.9973E-05 9.9973E-05 0.298578 9.9973E-05 0.701122
0.646368 9.9991E-05 0.247274 0.03046 0.0757981
0.65769 0.0366971 0.305413 9.9982E-05 9.9982E-05
0.499477 0.127614 0.372709 9.9982E-05 9.9982E-05
0.0661844 0.347857 0.0180846 0.0557753 0.512099
0.0707101 0.680893 9.9982E-05 9.9982E-05 0.248197
0.0103112 0.709126 0.207188 0.0366558 0.0367189
0.122067 0.790833 9.9982E-05 9.9982E-05 0.0869003
9.9982E-05 0.563691 0.0494538 9.9982E-05 0.386655
9.9991E-05 0.685203 0.0646963 0.0136837 0.236317
0.0392291 0.737666 0.119023 9.9991E-05 0.103983
0.0347671 0.869001 0.0793419 0.0167903 9.9991E-05
0.0146766 0.47957 0.100601 9.9991E-05 0.405052
9.9991E-05 0.637509 0.142376 0.0217587 0.198256
9.9991E-05 0.686832 0.136401 0.0258432 0.150824
9.9991E-05 0.61554 0.165805 0.0256836 0.192871
0.0911688 0.467128 0.128216 0.00255053 0.310936
0.0360429 0.70836 0.113176 0.0500808 0.0923403
9.9991E-05 0.390053 0.317132 0.0210978 0.271617
0.0123257 0.686671 0.229763 9.9991E-05 0.0711401
0.0198127 0.02203 0.0648152 9.9991E-05 0.893242
9.9982E-05 0.00607075 0.0718908 9.9982E-05 0.921838
9.9973E-05 9.9973E-05 9.9973E-05 0.0454595 0.954241
0.0517329 0.118023 0.0194212 0.016997 0.793826
0.0702577 0.0434899 0.0412048 0.0216233 0.823424
0.0809788 0.628281 0.287465 0.00317507 9.9991E-05
9.9991E-05 0.723964 0.107121 0.014203 0.154613
0.897532 9.9973E-05 0.102168 9.9973E-05 9.9973E-05
0.757282 0.00870251 0.153169 0.0232863 0.0575606
0.892033 0.0961425 9.9982E-05 0.0116246 9.9982E-05
0.617121 0.0878328 0.25663 9.9991E-05 0.0383158
0.820646 0.05275 0.0858702 0.0406342 9.9991E-05
0.801382 0.00119317 0.00942689 0.0210297 0.166969
0.798231 9.9982E-05 0.170433 0.031136 9.9982E-05
0.83975 9.9982E-05 0.115825 9.9982E-05 0.0442242
0.828298 9.9982E-05 0.0756361 9.9982E-05 0.0958655
0.844584 0.0400034 0.0258879 0.0194699 0.0700543
0.761981 0.0176743 0.198544 0.0217012 9.9991E-05
0.776096 0.12257 0.0282347 0.0223956 0.050704
0.746031 0.113062 0.110822 0.00566794 0.0244176
0.874141 0.0232649 9.9991E-05 0.0235575 0.0789362
0.789682 0.065908 0.123154 0.0211553 9.9991E-05
0.897552 0.0732797 9.9982E-05 0.0289684 9.9982E-05
0.841438 0.0240315 0.0277981 0.0250111 0.0817208
0.0931618 0.0740161 0.829099 9.9991E-05 0.00362268
9.9982E-05 0.0394667 0.911806 9.9982E-05 0.0485275
0.794421 9.9973E-05 0.205279 9.9973E-05 9.9973E-05
0.705146 0.207187 0.0428242 0.0271178 0.0177253
0.779981 9.9982E-05 0.212875 0.00694457 9.9982E-05
0.0820211 0.155938 0.761841 9.9982E-05 9.9982E-05
0.00611516 0.884182 0.079071 0.00645445 0.0241777
9.9982E-05 0.761773 9.9982E-05 0.0148368 0.22319
0.00641369 0.20021 0.28361 9.9991E-05 0.509666
9.9982E-05 0.24741 0.126944 9.9982E-05 0.625446
9.9982E-05 9.9982E-05 0.205079 0.022321 0.7724
0.032034 0.0610202 0.00274761 9.9991E-05 0.904098
9.9991E-05 0.116174 0.0825903 0.0322953 0.768841
0.00794768 0.10895 0.0781083 0.00566124 0.799333
0.0765007 9.9991E-05 0.147843 0.0380423 0.737514
0.116366 0.0671732 9.9991E-05 0.025529 0.790832
9.9991E-05 0.742016 0.136949 0.000513636 0.120422
0.0902761 0.707946 0.099625 0.0473089 0.0548443
0.0186702 0.731232 0.198369 0.0516293 9.9991E-05
9.99731E-05 0.848274 0.151426 9.99731E-05 9.99731E-05
0.0302842 0.880139 0.0627857 0.0266914 9.9991E-05
0.0138532 0.643251 0.342696 9.9982E-05 9.9982E-05
9.9991E-05 0.467522 0.247498 0.00430892 0.280572
0.0217673 0.43033 0.282037 0.0263599 0.239506
0.0241115 0.687824 0.131467 0.0426463 0.113952
0.0506289 0.558916 0.104173 0.0215025 0.26478
0.0772466 0.729684 0.0106259 0.0387291 0.143714
0.0894337 0.0678177 0.0717236 0.123249 0.647776
0.734806 0.0639279 0.194287 0.00687934 9.9991E-05
0.791511 9.9991E-05 0.073642 0.0352779 0.0994695
0.814707 9.9982E-05 0.172553 9.9982E-05 0.0125394
0.662883 0.128239 0.196068 0.0127104 9.9991E-05
0.77348 0.0929376 0.0790813 0.0137764 0.040725
0.121488 0.382843 0.185191 0.032708 0.27777
0.0131431 0.561616 0.0919191 0.0473666 0.285955
9.9982E-05 0.759876 9.9982E-05 0.0643168 0.175607
9.9991E-05 0.440833 0.215364 0.0538316 0.289872
