0.0741077 0.0908896 0.0389019 0.795494 0.000607316
0.0594189 0.0875998 0.0151216 0.80321 0.0346502
0.177803 0.0548508 0.0184267 0.710816 0.0381028
0.0482526 0.0718183 0.0563519 0.81181 0.0117671
9.9982E-05 9.9982E-05 0.0931251 0.901689 0.00498572
9.9982E-05 0.0314449 0.0813359 0.887019 9.9982E-05
0.0824711 0.0985702 0.0646454 0.754213 9.9991E-05
9.9982E-05 0.232143 9.9982E-05 0.706269 0.0613884
0.211461 0.0279902 0.110763 0.622314 0.0274718
0.219638 0.248753 0.020027 0.490326 0.0212557
0.0274213 0.536709 0.0908493 0.292254 0.0527667
0.19727 0.201819 0.0576338 0.521689 0.0215884
0.0630277 0.786952 0.0199415 0.0905372 0.0395413
0.273656 0.245968 0.0561589 0.424117 9.9991E-05
0.180679 9.9991E-05 0.10788 0.649249 0.0620918
0.118816 0.229522 9.9982E-05 0.651462 9.9982E-05
0.203862 0.123727 0.0156903 0.656621 9.9991E-05
0.137008 9.9982E-05 9.9982E-05 0.830654 0.0321383
0.565248 0.0786223 0.152528 0.147264 0.0563377
0.697728 0.195173 9.9982E-05 0.106899 9.9982E-05
0.684699 9.9991E-05 0.0227257 0.272448 0.0200275
0.845664 0.151305 9.9982E-05 9.9982E-05 0.00283106
0.878629 0.0690532 0.0173506 9.9991E-05 0.0348677
0.832941 9.9991E-05 0.0216242 0.0981409 0.0471944
0.66712 0.0452209 0.00448445 0.283075 9.9991E-05
0.94518 9.9982E-05 9.9982E-05 0.0325804 0.0220395
0.886827 9.9982E-05 0.0627826 9.9982E-05 0.0501908
0.909516 9.9982E-05 0.0636754 9.9982E-05 0.0266083
0.904021 9.9982E-05 0.0459192 0.04986 9.9982E-05
0.763439 9.9982E-05 0.121309 0.115052 9.9982E-05
0.917749 0.0566254 0.00634019 9.9991E-05 0.0191852
0.856997 9.9991E-05 0.0443993 0.0686952 0.0298089
0.776905 0.0259102 9.9991E-05 0.12294 0.0741448
0.202863 0.221838 9.9991E-05 0.483167 0.0920327
0.24435 0.044003 0.0501932 0.661354 9.9991E-05
0.18022 9.9982E-05 0.112 0.707579 9.9982E-05
0.0295008 0.176637 0.0316687 0.727533 0.0346601
0.202224 0.253806 0.0781867 0.465684 9.9991E-05
9.997E-05 9.997E-05 9.997E-05 9.997E-05 0.9996
0.751122 0.190384 0.0243779 9.9991E-05 0.0340161
0.0985616 9.9991E-05 0.131129 0.770074 0.000135832
0.132752 0.205761 9.9991E-05 0.653485 0.007902
0.269387 0.291925 0.110844 0.308708 0.0191361
0.101735 0.728438 0.0650894 0.0721866 0.0325504
0.0261279 0.948315 0.0219516 9.9991E-05 0.00350509
9.997E-05 9.997E-05 9.997E-05 9.997E-05 0.9996
0.210671 0.351819 9.9991E-05 0.354346 0.0830639
0.121649 0.552871 0.0362447 0.289135 9.9991E-05
0.363159 0.154974 0.0955522 0.370347 0.0159672
0.0274375 0.14614 0.768377 0.0110758 0.0469693
9.9982E-05 0.171046 0.802049 9.9982E-05 0.0267053
9.9982E-05 9.9982E-05 0.827449 0.162146 0.0102044
9.9991E-05 0.220789 0.704872 0.0212512 0.0529874
0.115478 9.9991E-05 0.825555 0.00331552 0.0555515
0.112226 9.9982E-05 0.879628 0.00794637 9.9982E-05
9.9982E-05 0.04608 0.745398 0.208322 9.9982E-05
9.9982E-05 0.188274 0.788729 9.9982E-05 0.0227969
0.102017 9.9982E-05 0.878142 9.9982E-05 0.0196405
9.9991E-05 0.127907 0.739104 0.112462 0.0204261
9.9991E-05 0.195684 0.643609 0.128401 0.0322056
0.15939 0.00530487 0.835105 9.9982E-05 9.9982E-05
0.0454976 0.19313 0.70016 0.0611126 9.9991E-05
0.0248646 0.506877 0.348065 0.0481734 0.0720195
0.766465 9.9991E-05 0.0543671 0.155852 0.0232165
0.774287 0.0823364 0.0121918 0.0997214 0.0314634
0.882847 9.9982E-05 9.9982E-05 0.114051 0.00290214
0.120459 0.126839 0.692245 0.0417225 0.0187344
9.9982E-05 0.45756 0.469966 9.9982E-05 0.072274
0.0168757 0.0834818 0.750052 0.124957 0.0246334
0.0159233 0.301892 0.644003 9.9991E-05 0.0380825
9.9982E-05 9.9982E-05 0.820744 0.129587 0.0494687
9.9991E-05 0.645356 0.145437 0.200576 0.00853207
0.0243826 0.799191 0.0462236 0.123117 0.00708531
9.9991E-05 0.883676 0.0687607 0.0453065 0.00215659
9.9973E-05 0.983006 9.9973E-05 9.9973E-05 0.0166945
0.0307546 0.93345 9.9982E-05 9.9982E-05 0.0355955
9.9973E-05 0.993035 9.9973E-05 9.9973E-05 0.00666554
0.110868 0.815365 9.9991E-05 0.059607 0.0140597
9.9982E-05 0.355199 0.617255 0.0273453 9.9982E-05
9.9991E-05 0.276905 0.448448 0.130288 0.144259
0.0508101 0.239283 0.703152 9.9991E-05 0.00665428
0.113331 0.0768695 0.758979 9.9991E-05 0.0507207
9.9991E-05 0.128528 0.684385 0.150077 0.0369101
0.685158 0.1857 0.0431159 0.0647151 0.0213109
0.0967178 0.647893 0.242742 0.0125464 9.9991E-05
9.9982E-05 0.81848 0.0823824 0.0989372 9.9982E-05
9.997E-05 9.997E-05 9.997E-05 9.997E-05 0.9996
0.190171 0.159893 9.9982E-05 0.649736 9.9982E-05
0.148237 0.0714608 9.9991E-05 0.759494 0.0207081
0.142265 0.214903 9.9991E-05 0.589598 0.0531335
0.268765 0.352221 0.034781 0.307558 0.0366748
0.119811 9.9982E-05 0.0647404 0.815249 9.9982E-05
0.0516795 0.759905 0.187044 0.00127227 9.9991E-05
0.540916 0.133777 0.0320785 0.243594 0.0496349
9.9991E-05 0.569607 0.243483 0.0987562 0.0880536
0.366752 0.33656 0.0410481 0.222433 0.0332067
0.256635 0.00264741 9.9991E-05 0.739605 0.00101252
0.0945715 0.258744 9.9982E-05 0.646484 9.9982E-05
0.15005 0.279599 9.9982E-05 0.570151 9.9982E-05
0.0451819 0.359411 0.0123569 0.549972 0.0330785
0.0193607 0.35735 9.9991E-05 0.59255 0.030639
0.0563299 0.279821 9.9991E-05 0.647044 0.0167055
0.073597 0.618395 0.21561 0.0515604 0.0408379
0.0182918 0.642134 0.137526 0.135937 0.0661116
0.0297488 0.723649 0.143795 9.9991E-05 0.102708
0.219913 0.618717 9.9991E-05 0.157747 0.00352258
0.199278 0.488745 0.103385 0.208492 9.9991E-05
0.504491 0.0218812 0.0655557 0.407972 9.9991E-05
9.9982E-05 9.9982E-05 0.790304 0.1686 0.0408963
0.0165194 0.261785 0.697771 9.9991E-05 0.0238252
0.16524 0.612429 0.165129 0.0571008 9.9991E-05
0.137927 0.564098 0.170598 0.106427 0.0209497
0.2902 0.398855 0.175013 0.0868348 0.0490971
0.71231 0.28739 9.9973E-05 9.9973E-05 9.9973E-05
0.0259552 0.288922 0.624098 9.9991E-05 0.0609244
0.0114613 0.255702 0.693469 0.039267 9.9991E-05
9.9982E-05 0.473303 0.447069 0.0794287 9.9982E-05
0.441102 0.0759614 0.0505708 0.359531 0.0728348
0.230153 9.9982E-05 0.0760685 0.693579 9.9982E-05
0.00470188 0.249491 0.0214086 0.693906 0.0304926
0.130034 0.0672048 0.117466 0.685195 9.9991E-05
0.443115 0.00642204 9.9982E-05 0.550263 9.9982E-05
0.201992 0.0755489 0.00663308 0.697596 0.0182309
0.142634 0.0148269 0.0402656 0.802174 9.9991E-05
9.9973E-05 9.9973E-05 0.0781964 0.921504 9.9973E-05
0.417328 0.0931418 0.0249844 0.464446 9.9991E-05
0.18371 0.137451 0.0162399 0.662499 9.9991E-05
0.201985 0.185725 9.9991E-05 0.579565 0.0326244
0.11192 0.162924 9.9991E-05 0.71387 0.0111855
0.292473 0.136173 0.101298 0.469957 9.9991E-05
0.0933467 0.141983 0.0496191 0.679421 0.0356299
0.282434 0.373053 9.9982E-05 0.344313 9.9982E-05
0.0994333 0.14289 9.9982E-05 0.757477 9.9982E-05
0.842353 0.157347 9.9973E-05 9.9973E-05 9.9973E-05
0.93929 0.0604102 9.9973E-05 9.9973E-05 9.9973E-05
0.953551 9.9982E-05 9.9982E-05 0.0240484 0.022201
0.815509 0.0533217 0.0739373 0.0571323 9.9991E-05
0.845782 0.0845297 0.0289735 0.0169083 0.023807
9.9991E-05 0.298265 0.0458872 0.647646 0.00810165
0.119896 0.166639 9.9991E-05 0.667577 0.0457881
9.9973E-05 0.0855028 0.914197 9.9973E-05 9.9973E-05
0.0328051 0.0666621 0.793095 0.0662008 0.0412371
0.00202831 9.9991E-05 0.896713 0.0851769 0.0159822
0.0335942 0.322455 0.610355 0.0334961 9.9991E-05
9.9991E-05 0.0473397 0.835995 0.074815 0.0417508
0.118576 0.0321615 0.822414 0.00937216 0.0174765
9.9991E-05 0.0777266 0.875636 0.0411485 0.00538938
0.0960536 0.0827617 0.815209 0.00587601 9.9991E-05
0.0888666 0.0277425 0.861306 0.0219849 9.9991E-05
0.0976823 0.0477574 0.853763 9.9991E-05 0.000697491
9.9982E-05 0.181323 0.762463 9.9982E-05 0.0560142
0.048014 0.0977945 0.736812 0.0498147 0.0675651
0.0690727 0.0289151 0.779099 0.118419 0.00449419
0.111642 9.9991E-05 0.87506 0.00335267 0.00984584
9.9973E-05 0.188217 0.811484 9.9973E-05 9.9973E-05
9.9982E-05 9.9982E-05 0.870296 0.11432 0.0151843
0.045408 9.9991E-05 0.887131 0.0624336 0.00492709
0.022224 0.801945 0.130586 0.0437633 0.0014818
0.0372313 0.908314 9.9982E-05 0.0542544 9.9982E-05
9.9973E-05 0.214584 0.785117 9.9973E-05 9.9973E-05
0.00704446 9.9991E-05 0.718333 0.251103 0.0234197
0.00407039 0.134127 0.847431 9.9991E-05 0.0142715
9.9982E-05 0.684979 0.156026 0.158795 9.9982E-05
0.0126463 0.00923131 0.0374073 0.93385 0.00686539
0.201449 9.9982E-05 9.9982E-05 0.782647 0.0157039
0.431731 0.149798 0.011134 0.407237 9.9991E-05
0.593652 0.158122 9.9982E-05 0.248025 9.9982E-05
0.817862 0.181838 9.9973E-05 9.9973E-05 9.9973E-05
0.826825 0.107857 0.0475616 0.0176565 9.9998E-05
0.743413 0.0858007 9.9991E-05 0.153128 0.0175585
0.76382 0.1013 0.0108487 0.106023 0.0180093
0.719197 0.160614 0.0734943 9.9991E-05 0.0465945
0.702587 9.9991E-05 0.105465 0.133407 0.058442
0.136968 9.9991E-05 0.054014 0.797832 0.0110851
0.0379329 0.0200565 0.102906 0.796452 0.0426522
9.9991E-05 0.232049 0.0177412 0.690486 0.0596233
9.9973E-05 0.26856 9.9973E-05 0.73114 9.9973E-05
9.9982E-05 0.214028 9.9982E-05 0.752312 0.0334607
9.9973E-05 0.46097 9.9973E-05 0.53873 9.9973E-05
0.22862 0.211924 9.9991E-05 0.549593 0.00976406
0.187134 0.217521 0.036851 0.54003 0.0184638
0.142108 0.265595 9.9991E-05 0.54947 0.0427268
0.200781 0.312645 0.0109312 0.466025 0.00961766
0.136462 0.230965 0.0125706 0.577464 0.0425379
0.636306 0.0700906 0.123263 0.0285777 0.141763
0.0207474 0.275846 0.694497 9.9991E-05 0.00881002
0.0877677 0.122964 0.748907 9.9991E-05 0.0402616
0.0420049 0.0876159 0.860181 0.000773812 0.00942408
0.0329365 0.119939 0.693686 0.140394 0.0130443
0.110889 9.9991E-05 0.807494 0.0542485 0.027269
0.300596 0.193704 0.0720231 0.397236 0.0364413
0.24338 0.160897 0.0113423 0.549156 0.035225
0.177314 0.0637647 9.9991E-05 0.705648 0.0531734
0.31156 0.16613 9.9991E-05 0.465687 0.0565223
