0.0014517 0.702568 0.167879 0.127901 9.9982E-05 9.9982E-05
0.0128273 0.630375 0.0487792 0.128619 9.9991E-05 0.179299
0.0222217 0.656631 0.155126 0.165821 9.9982E-05 9.9982E-05
0.00721953 0.741279 0.165173 9.9991E-05 0.00562195 0.0806071
9.9973E-05 0.82821 9.9973E-05 9.9973E-05 0.041212 0.130278
0.00278726 0.786399 9.9982E-05 9.9982E-05 0.052213 0.158401
9.999E-05 0.506303 0.155868 0.0549102 0.0121125 0.270706
0.0305781 0.675562 0.0928993 9.9982E-05 9.9982E-05 0.200761
9.9982E-05 0.143394 9.9982E-05 0.107284 0.0755286 0.673594
0.0280713 0.207711 0.237337 0.183096 9.9991E-05 0.343685
0.0586105 0.155954 0.330133 0.0365754 0.0864127 0.332315
0.0259946 0.324495 0.19778 0.157602 9.9991E-05 0.294028
0.0645446 9.9991E-05 0.716095 0.0475715 0.030152 0.141537
9.999E-05 0.0199186 0.0453793 0.107335 0.0876161 0.739651
0.0347401 0.326736 9.9991E-05 0.0437492 0.0731878 0.521487
0.0113271 0.0879223 0.150274 9.9982E-05 9.9982E-05 0.750276
0.00167052 0.267538 9.9991E-05 0.164029 0.0116151 0.555047
9.9964E-05 0.474041 9.9964E-05 9.9964E-05 9.9964E-05 0.525559
0.0630101 0.0356932 0.0809271 0.503427 0.124878 0.192065
9.9973E-05 9.9973E-05 0.107319 0.588603 9.9973E-05 0.303777
0.0140164 0.17224 0.0271064 0.66648 9.9991E-05 0.120058
0.0116188 0.0474504 0.14699 0.792584 0.00125697 9.9991E-05
0.0485571 9.9982E-05 0.0691262 0.87881 9.9982E-05 0.00330639
0.0583579 0.0931331 9.9991E-05 0.713379 0.0108354 0.124195
9.9982E-05 0.199145 0.0663924 0.614199 9.9982E-05 0.120064
9.9964E-05 0.126139 9.9964E-05 0.873461 9.9964E-05 9.9964E-05
0.0386179 9.9982E-05 0.042471 0.857937 0.060774 9.9982E-05
0.0298448 9.9982E-05 9.9982E-05 0.878627 0.0400986 0.0512294
9.9964E-05 0.10556 9.9964E-05 0.89404 9.9964E-05 9.9964E-05
9.9973E-05 0.119831 9.9973E-05 0.79303 0.0868391 9.9973E-05
9.9973E-05 9.9973E-05 9.9973E-05 0.85027 0.0230641 0.126366
0.0254075 9.9991E-05 0.00237841 0.750022 0.0532788 0.168813
0.0724045 9.9991E-05 0.0052893 0.771779 0.00148524 0.148942
0.0817034 0.325823 0.183113 0.12993 9.9991E-05 0.279331
0.00671317 0.513475 9.9991E-05 0.153394 0.0440868 0.282231
9.9991E-05 0.716071 0.0474491 0.110204 0.0747806 0.0513951
0.0298383 0.753721 0.182379 0.0338625 9.9982E-05 9.9982E-05
9.9991E-05 0.330468 0.184502 0.135576 0.0552395 0.294115
0.9995 9.996E-05 9.996E-05 9.996E-05 9.996E-05 9.996E-05
0.0121278 9.9982E-05 0.210582 0.765748 0.0113424 9.9982E-05
9.9973E-05 0.747171 9.9973E-05 0.158125 0.0944048 9.9973E-05
9.9982E-05 0.490356 0.144852 0.0910615 9.9982E-05 0.273531
0.00669961 0.149407 0.339263 0.257873 0.0889378 0.15782
0.0530128 9.9991E-05 0.559248 0.129346 0.108868 0.149426
0.0195512 0.0622375 0.906319 0.0116928 9.9982E-05 9.9982E-05
0.9995 9.996E-05 9.996E-05 9.996E-05 9.996E-05 9.996E-05
0.0806055 0.172901 0.191001 0.128871 0.0336874 0.392934
9.9991E-05 0.207462 0.321935 0.150332 0.125819 0.194353
0.0349851 0.157185 0.226926 0.239512 0.0706419 0.27075
0.0386742 0.00105307 0.188089 9.9991E-05 0.69531 0.0767745
0.0336014 9.9982E-05 0.107672 9.9982E-05 0.767148 0.0913787
9.9982E-05 0.129809 9.9982E-05 0.0052847 0.777048 0.0876585
0.0629141 9.9982E-05 0.204875 9.9982E-05 0.65488 0.0771314
0.0683812 0.0424584 9.9991E-05 0.0818748 0.79737 0.00981561
9.9973E-05 9.9973E-05 9.9973E-05 0.020447 0.818609 0.160644
9.9964E-05 9.9964E-05 9.9964E-05 9.9964E-05 0.685168 0.314433
0.0147266 9.9973E-05 9.9973E-05 9.9973E-05 0.777505 0.207468
0.0242392 9.9973E-05 9.9973E-05 0.110944 0.864517 9.9973E-05
0.0322728 0.00998204 0.119251 9.9991E-05 0.744684 0.09371
0.0103215 0.0852926 0.213143 9.9991E-05 0.62608 0.0650636
9.9973E-05 9.9973E-05 0.103107 0.130384 0.766209 9.9973E-05
0.00351641 0.110793 0.128505 0.0876539 0.669432 9.9991E-05
0.0661774 9.9973E-05 0.630141 9.9973E-05 0.303381 9.9973E-05
0.0228928 0.0863387 9.9991E-05 0.745178 0.0334693 0.112021
0.0303006 0.13976 0.105303 0.724437 9.9982E-05 9.9982E-05
0.014386 0.122652 0.00342462 0.831058 9.9991E-05 0.0283801
0.008877 0.0671381 0.171845 9.9991E-05 0.666636 0.0854031
0.0578452 0.0331493 0.476532 9.9982E-05 0.432274 9.9982E-05
0.0230664 0.0389981 0.141962 0.112056 0.668975 0.0149433
0.0585397 9.9973E-05 0.335334 9.9973E-05 0.605827 9.9973E-05
0.0508388 0.127213 9.9973E-05 9.9973E-05 0.821648 9.9973E-05
9.9982E-05 0.0112425 0.68385 9.9982E-05 0.0911751 0.213532
9.9973E-05 9.9973E-05 0.573855 9.9973E-05 0.08725 0.338595
9.9982E-05 0.0489771 0.779726 9.9982E-05 0.0614075 0.109689
0.0486752 9.9964E-05 0.950925 9.9964E-05 9.9964E-05 9.9964E-05
0.0340174 9.9982E-05 0.834579 0.109554 9.9982E-05 0.0216493
0.0316084 9.9973E-05 0.966352 9.9973E-05 9.9973E-05 0.00173952
0.0218934 0.163872 0.655586 0.109568 0.0466873 0.00239349
9.9973E-05 9.9973E-05 0.224778 9.9973E-05 0.626073 0.148849
0.136876 0.0837912 0.422845 9.9982E-05 0.356287 9.9982E-05
0.0146311 0.0183787 0.0940436 0.0682609 0.730386 0.0743002
0.0523669 9.9991E-05 0.0174408 0.0779861 0.747977 0.104129
0.0239012 0.0249514 9.9982E-05 9.9982E-05 0.716025 0.234923
0.0295779 9.9991E-05 0.087941 0.590025 0.0331644 0.259191
9.9991E-05 0.0486695 0.546018 0.0835104 0.265694 0.0560082
9.9964E-05 9.9964E-05 0.997736 9.9964E-05 0.00186453 9.9964E-05
0.9995 9.996E-05 9.996E-05 9.996E-05 9.996E-05 9.996E-05
9.9982E-05 0.643666 0.101511 0.172323 9.9982E-05 0.0823004
0.0345607 0.56911 0.0584351 0.131771 9.9991E-05 0.206023
0.02322 0.155407 0.109106 0.124089 9.9991E-05 0.588079
0.0399825 9.9991E-05 0.152408 0.117408 0.0550354 0.635066
9.9982E-05 0.622048 9.9982E-05 0.0803815 0.0502639 0.247106
9.9973E-05 9.9973E-05 0.759525 9.9973E-05 0.148634 0.0915405
0.0288396 0.185543 0.191071 0.489399 9.9991E-05 0.105048
0.0797042 0.0550564 0.711944 9.9991E-05 0.121887 0.0313084
0.0315341 0.24994 0.360912 0.272082 0.0417905 0.0437412
0.00650145 0.341818 9.9982E-05 0.0892549 9.9982E-05 0.562226
9.9982E-05 0.455805 0.213904 0.0860652 9.9982E-05 0.244026
9.9982E-05 0.286585 0.197364 0.124917 9.9982E-05 0.390934
0.0120434 0.0585022 0.150986 9.9991E-05 0.0178353 0.760533
9.9973E-05 0.693995 0.297976 0.00772915 9.9973E-05 9.9973E-05
9.9964E-05 9.9964E-05 0.0847692 9.9964E-05 9.9964E-05 0.914831
0.0428245 0.169504 0.579132 0.00176747 0.206672 9.9991E-05
0.103247 0.0448354 0.601622 0.109634 0.103457 0.0372046
0.0998297 0.0414681 0.51531 9.9991E-05 0.196625 0.146667
0.0110314 9.9982E-05 0.479103 0.216534 9.9982E-05 0.293132
9.9982E-05 9.9982E-05 0.526782 0.107707 0.0508799 0.314431
9.9982E-05 0.179592 9.9982E-05 0.397189 0.0500318 0.372987
0.0288049 0.202817 9.9982E-05 0.0177756 0.750402 9.9982E-05
0.0136654 9.9991E-05 0.228494 0.0158246 0.683937 0.0579789
9.9982E-05 0.070357 0.656677 0.153443 0.119323 9.9982E-05
0.0247216 9.9991E-05 0.512489 0.0981557 0.107002 0.257532
0.0373763 0.108227 0.623079 0.166684 0.0645345 9.9991E-05
9.9964E-05 9.9964E-05 0.294377 0.705223 9.9964E-05 9.9964E-05
0.0284864 9.9982E-05 0.292269 0.0513114 0.627733 9.9982E-05
9.9982E-05 9.9982E-05 0.22731 0.0249029 0.638414 0.109173
9.9973E-05 0.188188 0.358422 9.9973E-05 0.45309 9.9973E-05
0.0693372 0.411639 0.0372362 0.464779 0.0120798 0.00492882
0.0109459 0.520884 0.0935306 0.257138 0.0296308 0.0878709
0.030366 0.626073 0.162272 0.054889 0.0432663 0.0831341
9.9982E-05 0.79031 9.9982E-05 0.0817155 0.115983 0.011791
9.9973E-05 0.389842 9.9973E-05 0.339188 9.9973E-05 0.27067
0.0134716 0.667817 0.0556249 0.115352 9.9991E-05 0.147635
9.9973E-05 0.81729 9.9973E-05 0.153046 0.029364 9.9973E-05
0.0140895 0.651435 9.9982E-05 9.9982E-05 0.0584868 0.275789
9.9982E-05 0.350147 0.101004 0.307972 9.9982E-05 0.240677
9.9982E-05 0.0536436 0.00449434 9.9982E-05 0.00519827 0.936464
9.9973E-05 9.9973E-05 0.00436363 0.0291725 9.9973E-05 0.966164
0.00430645 0.064709 0.0693353 9.9982E-05 9.9982E-05 0.861449
9.9991E-05 0.240119 0.102401 0.206541 0.0979803 0.352859
0.022364 0.0739572 9.9982E-05 9.9982E-05 0.0693675 0.834111
0.0128817 0.0290459 0.232605 0.152588 9.9991E-05 0.57278
9.9982E-05 0.641897 0.149475 0.105182 9.9982E-05 0.103246
0.000876649 9.9982E-05 0.161645 0.812042 9.9982E-05 0.0252358
9.9964E-05 0.128361 9.9964E-05 0.87124 9.9964E-05 9.9964E-05
0.029754 9.9973E-05 9.9973E-05 0.758476 9.9973E-05 0.21147
0.0132229 0.0159134 0.00239353 0.778949 0.0580458 0.131475
0.0154165 0.0910841 0.0730604 0.78928 0.0310589 9.9991E-05
0.0120672 0.535183 0.278347 9.9991E-05 0.00899727 0.165306
0.039944 0.666268 0.164187 0.129401 9.9982E-05 9.9982E-05
0.00584004 9.9973E-05 0.122401 9.9973E-05 0.871459 9.9973E-05
0.0542469 9.9982E-05 9.9982E-05 0.0203723 0.775368 0.149812
0.0158333 0.0552968 9.9991E-05 0.0127616 0.837487 0.0785212
9.9982E-05 0.0523906 0.392268 0.00958216 0.54556 9.9982E-05
0.0338024 0.0945336 0.054993 9.9991E-05 0.778487 0.0380836
9.9982E-05 9.9982E-05 0.037101 0.098172 0.782345 0.0821821
0.041282 0.053299 0.0722751 9.9982E-05 0.832944 9.9982E-05
9.9982E-05 0.0505423 0.0697267 0.073715 0.805816 9.9982E-05
9.9982E-05 0.0220789 0.0787311 0.083132 0.815858 9.9982E-05
9.9973E-05 9.9973E-05 0.122002 0.118763 0.758935 9.9973E-05
0.0240096 0.099018 0.0850646 9.9982E-05 0.791708 9.9982E-05
0.0419501 9.9991E-05 0.0568284 0.0113082 0.735691 0.154122
0.0129388 0.0664026 9.9991E-05 0.0444233 0.744898 0.131237
0.031345 0.0339154 0.0615027 0.0498381 0.781586 0.0418132
0.0209814 0.0676459 0.204923 0.0153776 0.690972 9.9991E-05
0.0142385 0.161477 9.9973E-05 9.9973E-05 0.823985 9.9973E-05
0.0230505 0.0313081 0.00445967 0.0747371 0.845418 0.0210269
0.00863692 9.9991E-05 0.801688 0.0203459 0.100566 0.0686634
9.9973E-05 0.0649815 0.868715 9.9973E-05 9.9973E-05 0.0660033
9.9982E-05 0.120727 0.0611593 9.9982E-05 0.809315 0.00859905
0.00926082 0.262681 9.9982E-05 9.9982E-05 0.688034 0.0398243
9.9973E-05 9.9973E-05 0.186019 0.051538 0.762143 9.9973E-05
9.9982E-05 0.107229 0.663407 9.9982E-05 0.113314 0.115851
0.0125515 0.82919 0.0556813 9.9991E-05 0.00766715 0.0948096
0.0388129 0.584204 9.9982E-05 0.183822 9.9982E-05 0.192961
9.9982E-05 0.294221 0.326143 0.340331 9.9982E-05 0.0391053
0.010167 0.0632311 0.0973588 0.555294 9.9991E-05 0.273849
0.00782568 9.9991E-05 0.117851 0.770717 0.00382376 0.0996834
9.9982E-05 0.0120514 0.171938 0.7976 9.9982E-05 0.0182098
0.0116554 0.0849335 0.052077 0.654448 9.9991E-05 0.196786
0.0366099 0.0309076 0.00381492 0.700272 0.0406331 0.187763
0.0207227 9.9991E-05 0.125599 0.687363 0.0393932 0.126821
0.046638 0.0851943 9.9991E-05 0.765775 0.0396592 0.0626333
0.00809022 0.798936 0.077542 0.114956 0.000375851 9.9991E-05
0.0462727 0.741111 0.104912 0.0491468 0.0584575 9.9991E-05
0.0380867 0.630623 0.130821 9.9991E-05 0.0158614 0.184508
9.99731E-05 0.864919 0.0986792 9.99731E-05 0.0361014 9.99731E-05
0.0244324 0.792306 0.0874469 9.9982E-05 9.9982E-05 0.095615
9.9982E-05 0.558241 0.257164 9.9982E-05 0.00857587 0.175819
0.00466792 0.15391 0.119926 0.114703 0.0228884 0.583904
0.0179698 9.9991E-05 0.0909729 0.0113885 0.0350887 0.84448
0.0274635 9.9973E-05 0.0491073 9.9973E-05 9.9973E-05 0.923129
9.9991E-05 0.122589 0.00159453 0.0907753 0.050261 0.734681
0.0157801 0.14173 9.9982E-05 9.9982E-05 0.0447536 0.797536
0.163631 9.9982E-05 9.9982E-05 0.50645 0.0978316 0.231887
0.0221042 0.0219557 0.146852 0.0368822 0.737378 0.0348279
0.0474844 0.00723542 0.0702927 0.129328 0.74556 9.9991E-05
0.0182321 9.9991E-05 0.0066269 0.0199339 0.833494 0.121613
0.0233787 0.0307965 0.0916262 9.9991E-05 0.685276 0.168823
0.0172314 0.176302 9.9982E-05 0.0495227 0.756744 9.9982E-05
0.0440466 0.0647484 0.128557 0.25937 0.0972833 0.405995
0.0262582 0.29678 0.063594 0.141789 9.9991E-05 0.471479
0.0446536 0.0889344 9.9982E-05 0.0133033 9.9982E-05 0.852909
0.0589785 0.238015 0.119063 0.207821 9.9991E-05 0.376022
