0.084512 9.9982E-05 9.9982E-05 0.0118274 0.707834 0.0841612 0.111465
0.000742373 9.9982E-05 9.9982E-05 0.0449929 0.84983 0.0150207 0.0892145
0.111542 0.0414302 9.9991E-05 0.0371909 0.407891 0.0852783 0.316567
9.9973E-05 9.9973E-05 9.9973E-05 0.00677665 0.68404 0.125286 0.183598
9.9982E-05 0.185443 0.0236438 0.00530781 0.378252 9.9982E-05 0.407153
9.9973E-05 9.9973E-05 0.0346575 9.9973E-05 0.717236 0.0452713 0.202535
0.0320267 0.207374 9.9982E-05 9.9982E-05 0.451555 0.092139 0.216705
9.9982E-05 0.0557865 9.9982E-05 0.0220712 0.491745 0.0522251 0.377972
0.0722292 0.354996 0.0732495 9.9973E-05 0.499226 9.9973E-05 9.9973E-05
0.102443 0.406782 9.9991E-05 0.0348828 0.0665911 0.216552 0.172649
0.0127044 0.119821 0.0500265 0.0526592 0.330724 0.342252 0.0918131
0.207503 0.394348 0.0427667 0.00582589 0.098722 0.146994 0.103839
0.0602993 0.169157 0.0433097 0.0290596 9.9982E-05 0.697975 9.9982E-05
0.0841909 0.747924 0.0741574 9.9991E-05 0.0797472 0.0135099 0.000370337
0.0833707 0.559408 0.0332167 0.0594351 0.199726 9.9991E-05 0.0647443
9.9973E-05 0.430291 9.9973E-05 9.9973E-05 0.407246 0.127235 0.0349283
0.167145 0.36755 0.0103369 9.9982E-05 0.278073 9.9982E-05 0.176695
9.9964E-05 0.197248 9.9964E-05 0.025285 0.777067 9.9964E-05 9.9964E-05
0.475536 0.195247 0.123698 0.0487934 0.0527279 0.103898 9.9991E-05
0.532949 0.211881 9.9973E-05 9.9973E-05 0.211618 0.0432513 9.9973E-05
0.619225 0.114588 0.00951365 0.00390075 0.230571 0.0221014 9.9991E-05
0.711852 9.9991E-05 0.0120443 0.0260393 0.115162 0.0786955 0.0561073
0.818765 9.9964E-05 9.9964E-05 0.0416908 9.9964E-05 0.139144 9.9964E-05
0.664626 9.9973E-05 0.00467881 0.0297598 0.300636 9.9973E-05 9.9973E-05
0.573029 0.0888615 9.9982E-05 9.9982E-05 0.137531 0.100588 0.0997906
0.781982 9.9964E-05 9.9964E-05 9.9964E-05 0.0216948 9.9964E-05 0.195923
0.809425 0.0412635 0.0671568 0.029034 0.0321702 0.0208503 9.9991E-05
0.740505 0.1592 0.0463368 0.0433879 0.0103703 9.9982E-05 9.9982E-05
0.825149 9.9964E-05 0.0254803 9.9964E-05 0.148971 9.9964E-05 9.9964E-05
0.728441 9.9973E-05 0.07154 9.9973E-05 0.0370726 9.9973E-05 0.162647
0.798393 0.000368877 0.0482557 0.00479117 0.125594 0.0183356 0.00426122
0.685666 0.0882712 0.0258251 0.0400179 0.138094 0.0220261 9.9991E-05
0.662721 0.089792 0.00246132 0.0625859 0.037036 0.0890779 0.056326
0.0802708 0.18868 9.9991E-05 0.0697202 0.178136 0.15179 0.331303
0.178255 0.263897 9.9973E-05 9.9973E-05 0.213141 9.9973E-05 0.344407
0.0662985 0.193051 0.0636243 9.9973E-05 9.9973E-05 9.9973E-05 0.676726
0.0948981 0.108097 9.9991E-05 0.0258811 0.0248067 0.10851 0.637707
0.128219 0.231627 0.068661 0.00302236 0.26039 0.13275 0.17533
9.995E-05 9.995E-05 9.995E-05 0.9994 9.995E-05 9.995E-05 9.995E-05
0.68794 9.9973E-05 9.9973E-05 0.013469 0.140006 0.158285 9.9973E-05
0.0445913 9.9982E-05 0.0898715 0.00549539 0.701642 9.9982E-05 0.1582
0.0910101 0.116381 9.9982E-05 9.9982E-05 0.627691 0.153365 0.0113528
0.241264 0.0608737 0.0894249 0.0164957 0.332729 0.194519 0.0646935
0.0715288 0.000537399 0.0755988 0.0389019 0.218168 0.595165 9.9991E-05
0.0188685 9.9982E-05 9.9982E-05 0.00548345 0.0905316 0.835941 0.0489753
9.995E-05 9.995E-05 9.995E-05 0.9994 9.995E-05 9.995E-05 9.995E-05
0.177729 0.181161 9.9991E-05 0.0835974 0.245862 0.173756 0.137796
0.116904 0.140489 0.0826683 9.9991E-05 0.113283 0.34855 0.198006
0.262432 0.286513 0.0966363 0.0219742 0.226649 0.105695 9.9991E-05
9.9973E-05 0.154459 0.622994 0.0329158 9.9973E-05 0.189331 9.9973E-05
9.9982E-05 0.0586591 0.759909 0.0338686 9.9982E-05 0.140481 0.00688247
9.9973E-05 0.0471278 0.741398 9.9973E-05 0.112062 9.9973E-05 0.0991128
9.9982E-05 9.9982E-05 0.655882 0.0447902 0.00234079 0.212786 0.084001
0.0373868 0.128691 0.771522 0.0466568 9.9982E-05 9.9982E-05 0.015543
0.0114999 0.149724 0.791169 9.9973E-05 9.9973E-05 9.9973E-05 0.0473073
9.9964E-05 0.328148 0.670538 9.9964E-05 0.000914328 9.9964E-05 9.9964E-05
9.9982E-05 0.0504583 0.70224 0.0156416 0.0946237 0.136836 9.9982E-05
0.110378 9.9973E-05 0.811528 0.0456672 9.9973E-05 0.0321268 9.9973E-05
9.9973E-05 9.9973E-05 0.746697 0.0520945 0.193152 0.0077568 9.9973E-05
9.9982E-05 0.0681294 0.530617 0.0126406 9.9982E-05 0.269237 0.119176
0.0693563 9.9964E-05 0.729588 9.9964E-05 9.9964E-05 0.200656 9.9964E-05
0.0379474 9.9973E-05 0.610949 9.9973E-05 0.119358 0.231445 9.9973E-05
9.9982E-05 0.043971 0.284336 0.0600653 0.0881325 0.523296 9.9982E-05
0.676832 0.00595301 0.0411363 0.0110789 0.230972 9.9991E-05 0.033928
0.676555 9.9973E-05 9.9973E-05 0.0411779 0.272941 0.00902584 9.9973E-05
0.700177 0.0951539 9.9973E-05 9.9973E-05 0.0404365 9.9973E-05 0.163933
9.9982E-05 9.9982E-05 0.654336 0.0225887 0.178249 0.137775 0.00685236
9.9982E-05 0.00889644 0.428369 0.0807577 9.9982E-05 0.34392 0.137857
0.000941355 9.9982E-05 0.647985 0.0319411 0.191941 0.126992 9.9982E-05
9.9964E-05 9.9964E-05 0.589007 0.0355383 9.9964E-05 0.375055 9.9964E-05
9.9982E-05 0.0142482 0.798382 0.0429446 0.0749551 9.9982E-05 0.0692701
9.9982E-05 0.175203 0.054168 0.0101461 0.12716 0.633123 9.9982E-05
9.9973E-05 0.303608 0.0158865 0.00871794 9.9973E-05 0.671488 9.9973E-05
9.9982E-05 0.207779 0.032115 0.00966743 9.9982E-05 0.747817 0.00242138
9.9964E-05 9.9964E-05 9.9964E-05 0.0299412 0.00595172 0.963707 9.9964E-05
0.0886244 0.0132177 9.9991E-05 0.0108916 0.0902753 0.784784 0.0121072
9.9964E-05 0.117479 9.9964E-05 0.0138651 9.9964E-05 0.868256 9.9964E-05
0.0989075 0.0761112 9.9991E-05 0.00500138 0.0111791 0.676722 0.131979
9.99641E-05 0.151441 0.508815 9.99641E-05 9.99641E-05 0.339344 9.99641E-05
9.9991E-05 0.0525228 0.370617 0.120314 0.0221535 0.262559 0.171734
0.058813 9.9991E-05 0.644107 0.0200656 0.00228182 0.233689 0.0409438
0.063273 0.0576834 0.68837 0.0292471 9.9982E-05 0.161226 9.9982E-05
9.9964E-05 0.340548 0.627541 0.0315107 9.9964E-05 9.9964E-05 9.9964E-05
0.548077 0.377399 9.9982E-05 0.0304168 9.9982E-05 0.040841 0.00306588
0.119724 9.9982E-05 0.239156 9.9982E-05 0.0715477 0.41722 0.152153
9.9973E-05 9.9973E-05 0.0318694 9.9973E-05 0.0849683 0.840377 0.0424858
9.995E-05 9.995E-05 9.995E-05 0.9994 9.995E-05 9.995E-05 9.995E-05
0.136507 0.073264 9.9982E-05 9.9982E-05 0.656458 0.0658795 0.0676915
9.9973E-05 9.9973E-05 9.9973E-05 0.0143175 0.837396 0.12154 0.0264462
0.105674 0.378864 9.9991E-05 0.0360052 0.246248 0.137936 0.0951736
0.14568 0.392665 0.0603926 0.034763 0.279787 0.0866132 9.9991E-05
0.0452433 0.42955 0.0100088 9.9982E-05 0.0303103 9.9982E-05 0.484688
9.9973E-05 0.0243479 0.103324 9.9973E-05 9.9973E-05 0.789747 0.0822811
0.486775 0.0912296 0.00182037 0.0439517 9.9991E-05 0.10986 0.266264
9.9982E-05 0.11645 0.127268 0.0914295 9.9982E-05 0.605724 0.0589286
0.278815 0.0492636 9.9991E-05 0.0102674 0.0309195 0.369482 0.261152
9.9955E-05 0.460543 9.9955E-05 9.9955E-05 0.538958 9.9955E-05 9.9955E-05
0.0352975 0.150212 9.9982E-05 9.9982E-05 0.159851 0.189882 0.464558
0.0456509 0.261539 9.9982E-05 9.9982E-05 0.405778 0.185471 0.101362
9.9964E-05 0.892705 9.9964E-05 9.9964E-05 9.9964E-05 0.0726783 0.0342166
0.0377195 9.9964E-05 9.9964E-05 9.9964E-05 9.9964E-05 0.0818732 0.880008
9.9964E-05 0.811815 9.9964E-05 9.9964E-05 0.11546 0.0723254 9.9964E-05
0.0344881 9.9982E-05 0.159545 0.00132498 9.9982E-05 0.648033 0.156409
0.0425816 0.102935 0.0911141 0.111708 0.0637275 0.503248 0.0846868
9.9991E-05 0.0796623 0.191486 0.0796684 0.0169596 0.559043 0.0730805
0.170046 0.119294 9.9973E-05 9.9973E-05 0.163894 0.546466 9.9973E-05
0.0651836 9.9973E-05 0.0410143 9.9973E-05 0.377944 0.515558 9.9973E-05
0.38568 0.247544 0.0506832 9.9982E-05 0.227997 9.9982E-05 0.0878958
0.0205401 9.9982E-05 0.728604 0.016533 0.0420428 9.9982E-05 0.19208
0.0466866 0.0633121 0.633851 0.0349552 9.9982E-05 0.220995 9.9982E-05
0.0321104 9.9973E-05 0.117011 9.9973E-05 0.252468 0.598111 9.9973E-05
0.0654915 0.42035 0.141006 0.0361389 9.9982E-05 0.336814 9.9982E-05
0.157844 9.9991E-05 0.10805 0.0720104 0.161018 0.43427 0.0667077
0.576799 0.0812204 9.9973E-05 9.9973E-05 9.9973E-05 0.185752 0.155928
0.0657178 9.9982E-05 0.588091 0.0606131 0.0692444 0.216134 9.9982E-05
9.9982E-05 0.046151 0.585689 9.9982E-05 0.034954 0.318919 0.014087
9.9973E-05 9.9973E-05 0.43966 9.9973E-05 0.071422 0.378216 0.110402
0.399336 0.142763 0.0208592 0.0669706 0.122354 0.0279734 0.219743
0.191139 0.0849744 0.047408 0.00738932 0.668889 9.9982E-05 9.9982E-05
9.9982E-05 9.9982E-05 0.0264446 0.0324177 0.511327 0.0767976 0.352814
9.9964E-05 9.9964E-05 0.0923216 9.9964E-05 0.549916 9.9964E-05 0.357363
0.293093 0.266436 9.9973E-05 9.9973E-05 0.266171 9.9973E-05 0.174
0.0695522 0.0517574 0.00814818 0.0167228 0.631806 9.9991E-05 0.221914
9.9955E-05 9.9955E-05 9.9955E-05 9.9955E-05 0.780767 9.9955E-05 0.218734
9.9973E-05 9.9973E-05 0.0396035 0.0179965 0.920636 9.9973E-05 0.0214636
0.287485 0.146147 0.00530422 9.9991E-05 0.359392 0.032687 0.168885
9.9955E-05 0.950749 9.9955E-05 9.9955E-05 0.048751 9.9955E-05 9.9955E-05
0.0795585 0.400476 9.9982E-05 0.0270248 0.419076 0.0736652 9.9982E-05
9.9964E-05 0.888816 9.9964E-05 9.9964E-05 9.9964E-05 0.0015188 0.109265
0.175132 0.132065 0.0739332 0.000460157 0.478492 0.124878 0.0150389
9.9973E-05 0.676296 0.0501838 0.0160681 0.257152 9.9973E-05 9.9973E-05
0.133532 0.641741 9.9982E-05 0.0146039 9.9982E-05 0.171556 0.038368
9.9973E-05 0.0673309 9.9973E-05 9.9973E-05 0.752325 0.115023 0.0650208
0.803695 0.018924 9.9982E-05 0.00596901 9.9982E-05 0.0843082 0.0869043
0.742292 9.9973E-05 9.9973E-05 9.9973E-05 0.0500183 0.0533896 0.154
0.71116 0.284863 9.9964E-05 0.0035771 9.9964E-05 9.9964E-05 9.9964E-05
0.665775 0.0841684 0.0484438 9.9991E-05 0.131846 0.0562463 0.0134207
0.706036 9.9982E-05 9.9982E-05 0.0101946 0.152145 0.103205 0.0282196
9.9991E-05 0.136912 0.0413753 0.0249671 0.272801 0.192942 0.330903
0.133383 9.9964E-05 9.9964E-05 0.0200095 9.9964E-05 9.9964E-05 0.846208
9.9955E-05 9.9955E-05 0.859351 9.9955E-05 9.9955E-05 0.140149 9.9955E-05
0.0409868 0.0486504 0.717826 0.033032 0.0387475 0.105891 0.0148654
9.9982E-05 0.0890731 0.811315 0.00381372 0.0715575 9.9982E-05 0.0240408
0.0640298 9.9973E-05 0.583501 9.9973E-05 9.9973E-05 0.26991 0.082259
9.9973E-05 0.139149 0.799733 0.0397342 0.0210836 9.9973E-05 9.9973E-05
0.0861141 0.12317 0.73073 0.00415399 9.9982E-05 0.0556315 9.9982E-05
9.9982E-05 0.00353766 0.786261 0.0377744 0.119751 0.0524758 9.9982E-05
0.0689748 9.9973E-05 0.742393 9.9973E-05 9.9973E-05 0.144369 0.0439625
0.0319264 0.0512952 0.790221 9.9991E-05 0.0451027 0.0607648 0.0205897
0.0238961 9.9973E-05 0.763673 9.9973E-05 0.10311 0.109021 9.9973E-05
9.9982E-05 0.0923871 0.719353 0.0615291 9.9982E-05 0.0704894 0.0560413
0.0214331 0.210127 0.706762 0.0217086 0.0165777 0.0232908 9.9991E-05
0.00956647 0.0885065 0.732597 0.0207844 0.139401 0.00519345 0.00395108
0.0384869 0.0782719 0.853755 0.0191671 9.9982E-05 9.9982E-05 0.0101195
9.9982E-05 9.9982E-05 0.73128 0.0225069 0.0224213 0.100182 0.12341
9.9973E-05 9.9973E-05 0.802779 0.0337067 0.140327 9.9973E-05 0.0228874
0.00836324 9.9964E-05 0.80564 9.9964E-05 9.9964E-05 9.9964E-05 0.185597
0.0128379 9.9991E-05 0.098464 0.00727467 0.132234 0.668421 0.0806683
9.9964E-05 0.152553 9.9964E-05 9.9964E-05 0.161088 0.685959 9.9964E-05
9.9973E-05 9.9973E-05 0.764329 9.9973E-05 0.00102745 0.169369 0.0649748
9.9982E-05 9.9982E-05 0.652603 0.027188 0.0820926 0.0553763 0.18254
9.9955E-05 9.9955E-05 0.732973 9.9955E-05 9.9955E-05 0.266528 9.9955E-05
9.9973E-05 9.9973E-05 0.116599 9.9973E-05 0.178584 0.591749 0.112768
9.9964E-05 9.9964E-05 9.9964E-05 0.0221547 0.572646 9.9964E-05 0.4048
0.152072 0.121529 9.9982E-05 0.0278214 0.452413 9.9982E-05 0.245965
0.36362 9.9973E-05 9.9973E-05 9.9973E-05 0.432062 0.197788 0.00623005
0.47436 0.000752288 0.00360916 0.00471172 0.472976 0.0434904 9.9991E-05
0.652457 0.238378 9.9973E-05 9.9973E-05 9.9973E-05 0.094057 0.0148085
0.708562 0.0727245 0.0531957 9.9982E-05 0.116234 0.0490834 9.9982E-05
0.664276 0.237497 9.9973E-05 9.9973E-05 0.0769467 0.0209807 9.9973E-05
0.663886 0.14262 0.0119432 0.00278725 0.0308533 0.0876248 0.0602852
0.645186 0.0472122 0.0338858 0.0308039 0.0574697 0.185343 9.9991E-05
0.614692 9.9973E-05 0.0762969 0.0642391 0.244472 9.9973E-05 9.9973E-05
0.0178264 0.15245 9.9991E-05 0.0115936 0.384531 0.033727 0.399772
9.9982E-05 9.9982E-05 0.068585 0.0676128 0.264585 0.0137092 0.585308
9.9964E-05 9.9964E-05 9.9964E-05 0.0557506 9.9964E-05 0.00253084 0.941319
9.995E-05 9.995E-05 9.995E-05 9.995E-05 9.995E-05 9.995E-05 0.9994
9.99639E-05 0.00242952 9.99639E-05 0.0103385 9.99639E-05 9.99639E-05 0.986832
9.9973E-05 0.0509992 0.011823 9.9973E-05 9.9973E-05 0.176348 0.76053
0.101599 0.47667 9.9973E-05 9.9973E-05 9.9973E-05 0.0740292 0.347401
0.0260749 0.689921 0.0691232 9.9982E-05 0.179894 0.0347864 9.9982E-05
9.9973E-05 0.633941 9.9973E-05 0.0356085 0.304409 0.0257419 9.9973E-05
0.0749754 0.483719 0.0605923 9.9991E-05 0.250441 0.0313887 0.0987839
0.00292899 0.464074 0.0421891 0.0230371 0.40683 9.9991E-05 0.0608413
0.545647 0.278353 0.0448488 0.130852 9.9973E-05 9.9973E-05 9.9973E-05
0.0461745 9.9991E-05 0.707093 0.00962374 0.0295981 0.198572 0.00883821
0.125871 9.9982E-05 0.693472 0.0399215 9.9982E-05 0.0906455 0.0498892
0.0480502 0.0822954 0.768564 9.9973E-05 9.9973E-05 0.10079 9.9973E-05
9.9991E-05 0.0411234 0.687365 0.0266326 0.0742402 0.042287 0.128252
0.0694413 9.9973E-05 0.767889 0.0407797 9.9973E-05 9.9973E-05 0.12159
0.159801 0.357061 0.0732182 0.034088 0.181592 0.104526 0.0897138
0.155157 0.272486 9.9982E-05 0.0102406 0.449899 0.112017 9.9982E-05
0.0146237 0.451834 0.000612489 0.0289761 0.503754 9.9982E-05 9.9982E-05
0.158739 0.119357 9.9982E-05 0.0620285 0.512461 0.147214 9.9982E-05
