0.820102 0.00440912 0.155424 0.0200647
0.818678 9.9991E-05 0.13553 0.045692
0.696024 0.0155332 0.25186 0.0365828
0.909416 9.9991E-05 0.0634881 0.0269959
0.882626 0.0370383 0.0690015 0.0113338
0.90358 0.0791366 9.9991E-05 0.0171835
0.912394 0.025085 0.0624208 9.9991E-05
0.940292 9.9982E-05 9.9982E-05 0.0595077
0.638808 0.0692675 0.267965 0.0239595
0.673796 0.0323437 0.288195 0.00566536
0.631639 0.1844 0.120564 0.0633975
0.676988 0.0698375 0.218377 0.0347967
0.532009 0.320094 0.109338 0.0385585
0.644045 0.128665 0.227191 9.9991E-05
0.683093 0.0109686 0.254124 0.0518144
0.897076 9.9991E-05 0.10188 0.000943424
0.702667 9.9991E-05 0.289145 0.00808871
0.80543 9.9991E-05 0.14459 0.0498797
0.174002 0.156062 0.604542 0.0653952
0.22592 0.0201661 0.753814 9.9991E-05
0.232229 9.9991E-05 0.758768 0.00890305
0.07219 0.061068 0.850138 0.0166044
9.9991E-05 0.0226504 0.919075 0.0581748
0.116163 0.00447171 0.837578 0.0417864
0.2352 9.9982E-05 0.7646 9.9982E-05
9.9982E-05 9.9982E-05 0.982861 0.0169388
9.9991E-05 0.0420628 0.930638 0.0271993
9.9991E-05 0.0312807 0.940753 0.0278666
9.9982E-05 9.9982E-05 0.991713 0.00808751
0.0201488 0.097853 0.881898 9.9991E-05
9.9982E-05 9.9982E-05 0.986951 0.0128487
0.057144 0.0136952 0.872113 0.0570481
0.0486018 9.9991E-05 0.881771 0.0695269
0.681193 0.0232026 0.212393 0.0832117
0.659644 0.00776838 0.322201 0.0103871
0.776438 0.0760954 0.147366 9.9991E-05
0.812198 0.04891 0.0940166 0.0448752
0.627504 0.162605 0.187118 0.0227734
9.998E-05 9.998E-05 9.998E-05 0.9997
0.0582196 0.0228713 0.876978 0.0419313
0.604609 0.106377 0.269673 0.0193408
0.759552 9.9991E-05 0.227412 0.0129362
0.414157 0.195172 0.376709 0.0139628
0.514085 0.304668 0.118697 0.0625501
0.535125 0.323828 0.123403 0.0176444
9.998E-05 9.998E-05 9.998E-05 0.9997
0.639611 0.0768576 0.20623 0.0773009
0.617554 0.231888 0.150458 9.9991E-05
0.497205 0.122093 0.332286 0.0484161
0.0388957 0.876931 0.0690642 0.0151091
0.0588486 0.887541 9.9991E-05 0.0535103
0.10456 0.877669 0.0176717 9.9991E-05
0.106457 0.797863 0.0231845 0.0724953
9.9991E-05 0.903182 0.0580774 0.0386404
0.0261663 0.891014 0.0827193 9.9991E-05
0.260205 0.739595 9.9982E-05 9.9982E-05
0.0723789 0.872569 0.035224 0.0198278
9.9991E-05 0.925767 0.0496753 0.0244574
0.121254 0.833096 9.9991E-05 0.0455499
0.225924 0.732129 9.9991E-05 0.0418474
9.9991E-05 0.908688 0.0898936 0.00131821
0.130569 0.771618 0.0878597 0.00995401
0.349292 0.537199 0.0495575 0.0639518
0.132117 0.0605494 0.793145 0.0141894
0.11519 0.0314156 0.832072 0.0213234
0.122096 9.9991E-05 0.863254 0.0145499
0.147582 0.803758 0.045675 0.00298415
0.21017 0.721923 0.00178185 0.0661254
0.0684412 0.836938 0.0563545 0.0382667
0.0197932 0.860581 0.0525824 0.067043
0.0513272 0.906586 9.9991E-05 0.0419867
0.66286 0.32652 9.9991E-05 0.0105195
0.644231 0.315507 0.0351928 0.00506867
0.598907 0.330696 0.0498968 0.0205002
0.603098 0.347098 0.00995577 0.0398476
0.566373 0.250759 0.134758 0.0481092
0.539874 0.335967 0.0387189 0.0854402
0.545441 0.26707 0.14454 0.0429499
0.234747 0.765053 9.9982E-05 9.9982E-05
0.281492 0.5585 0.0214124 0.138595
0.0584251 0.856522 0.0769004 0.00815274
9.9991E-05 0.845364 0.0958998 0.0586362
0.188363 0.764346 9.9991E-05 0.0471919
0.129275 0.0849107 0.753111 0.0327033
0.366702 0.482987 0.150212 9.9991E-05
0.57397 0.42583 9.9982E-05 9.9982E-05
9.998E-05 9.998E-05 9.998E-05 0.9997
0.729574 9.9982E-05 0.270226 9.9982E-05
0.709952 9.9991E-05 0.257438 0.0325096
0.65386 0.0581381 0.23335 0.0546517
0.502912 0.140514 0.29876 0.0578141
0.807729 0.0302535 0.16174 0.000277361
0.492803 0.477213 0.0298837 9.9991E-05
0.240088 0.0832757 0.635172 0.0414644
0.529341 0.384809 9.9991E-05 0.0857509
0.486667 0.129852 0.342527 0.0409539
0.777512 9.9991E-05 0.214832 0.00755607
0.838808 0.0350335 0.126058 9.9991E-05
0.693787 0.0516016 0.254511 9.9991E-05
0.791768 0.0718521 0.102106 0.0342739
0.887304 0.0171254 0.0739963 0.0215743
0.864863 9.9991E-05 0.113313 0.0217236
0.452829 0.460388 0.035485 0.0512982
0.492322 0.324444 0.0919735 0.0912603
0.453202 0.418783 0.0494377 0.0785768
0.506237 0.128469 0.353526 0.0117676
0.555835 0.247568 0.196497 9.9991E-05
0.47684 0.0588341 0.464226 9.9991E-05
0.12921 0.838968 0.0108848 0.0209378
0.118714 0.850657 9.9991E-05 0.0305286
0.390682 0.366089 0.243129 9.9991E-05
0.416255 0.344591 0.200966 0.0381886
0.288898 0.332926 0.325406 0.05277
0.168019 0.0394106 0.79247 9.9991E-05
0.0844665 0.784085 0.0872821 0.0441666
0.144195 0.83459 0.0211149 9.9991E-05
0.338821 0.660979 9.9982E-05 9.9982E-05
0.328717 0.0559801 0.557084 0.0582187
0.685152 0.0150726 0.278781 0.0209935
0.869367 0.0244921 0.0754568 0.030684
0.791612 0.0913823 0.11364 0.00336548
0.543972 9.9982E-05 0.455828 9.9982E-05
0.744609 9.9991E-05 0.251053 0.00423816
0.745976 0.0112019 0.242722 9.9991E-05
0.882699 0.0441297 0.0508808 0.0222908
0.549488 0.0132304 0.437181 9.9991E-05
0.832063 0.00177305 0.164159 0.00200521
0.701702 9.9991E-05 0.26454 0.0336572
0.833591 9.9991E-05 0.134734 0.0315744
0.590469 0.105766 0.294253 0.00951172
0.820302 0.0533494 0.0794001 0.0469486
0.587123 0.0439942 0.362905 0.00597797
0.877786 9.9982E-05 0.122014 9.9982E-05
0.061039 0.00916896 0.929692 9.9991E-05
0.0408926 9.9982E-05 0.958907 9.9982E-05
9.9982E-05 9.9982E-05 0.963062 0.0367376
0.0383609 0.10015 0.861389 9.9991E-05
0.064 0.0725865 0.853618 0.00979524
0.868581 0.103136 0.0281826 9.9991E-05
0.744452 0.0181371 0.202975 0.0344355
9.998E-05 0.9997 9.998E-05 9.998E-05
0.0172585 0.87425 0.0845187 0.0239727
0.0191665 0.91326 0.0446284 0.0229454
0.140372 0.781627 0.0755943 0.00240686
0.0707312 0.901753 9.9991E-05 0.0274155
9.9991E-05 0.855098 0.141946 0.00285605
0.0504585 0.921099 9.9991E-05 0.0283424
9.9982E-05 0.931713 0.0680869 9.9982E-05
0.00654327 0.913399 0.0799576 9.9991E-05
9.9991E-05 0.914746 0.074392 0.0107616
0.075419 0.892728 9.9991E-05 0.0317533
0.0474161 0.845917 0.0518961 0.0547712
0.00563267 0.875049 0.0972464 0.0220719
9.9991E-05 0.901223 0.0673233 0.0313537
9.9991E-05 0.951846 0.0389879 0.00906653
0.0210642 0.94104 9.9991E-05 0.0377954
9.9991E-05 0.907263 0.0691056 0.0235311
0.558224 0.399342 0.0376456 0.00478841
0.704575 0.250682 0.0446438 9.9991E-05
0.0561008 0.943699 9.9982E-05 9.9982E-05
0.240499 0.728898 9.9991E-05 0.0305026
9.9982E-05 0.965693 9.9982E-05 0.0341073
0.626192 0.36552 0.0081878 9.9991E-05
0.881853 0.01526 0.0589409 0.0439457
0.728701 9.9991E-05 0.256696 0.0145023
0.420117 0.0467532 0.533029 9.9991E-05
0.304394 9.9991E-05 0.687868 0.00763784
0.103111 0.0377546 0.858348 0.000786765
0.00569983 0.0604965 0.933704 9.9991E-05
0.201952 9.9991E-05 0.797746 0.000201871
0.138397 0.0433654 0.788225 0.0300126
0.029502 0.111069 0.82206 0.0373686
0.0592081 0.0568784 0.813711 0.070203
0.807029 9.9991E-05 0.166543 0.026328
0.831309 0.0471532 0.0631913 0.0583467
0.879151 0.0669555 9.9991E-05 0.0537937
0.991517 0.0082831 9.9982E-05 9.9982E-05
0.960528 9.9982E-05 9.9982E-05 0.0392722
0.819364 0.128274 0.052262 9.9991E-05
0.61737 0.0534887 0.308103 0.0210386
0.675112 0.0872557 0.196281 0.0413513
0.829309 0.00627631 0.0889286 0.0754859
0.718356 0.0636629 0.19907 0.0189121
0.737468 0.0897375 0.144064 0.0287305
0.056851 0.0804842 0.725952 0.136713
0.100746 0.847571 0.0291626 0.0225202
9.9991E-05 0.8563 0.112263 0.0313363
0.0582943 0.92991 0.0116955 9.9991E-05
0.184487 0.798878 9.9991E-05 0.0165355
0.0556381 0.856507 0.0669548 0.0208998
0.514505 0.10622 0.339703 0.0395719
0.623233 0.0202797 0.306643 0.0498438
0.783798 9.9991E-05 0.14568 0.0704222
0.59005 9.9991E-05 0.338519 0.0713304
