0.115814 0.111292 0.712949 0.00429013 9.9991E-05 0.0555547
0.0605966 0.0777061 0.627196 0.0158525 9.9991E-05 0.218549
0.132912 0.0884108 0.763489 0.014988 9.9982E-05 9.9982E-05
9.9982E-05 0.16119 0.739262 0.00458037 9.9982E-05 0.0947675
9.9973E-05 9.9973E-05 0.806778 9.9973E-05 0.0437355 0.149187
9.9982E-05 0.00751129 0.692886 9.9982E-05 0.0677343 0.231668
0.0463313 0.0799585 0.356576 9.9982E-05 9.9982E-05 0.516934
9.9982E-05 0.0619072 0.597564 0.0282363 9.9982E-05 0.312092
0.121019 9.9991E-05 0.160144 0.0142752 0.0851067 0.619356
0.145874 0.150717 0.385393 0.0385952 9.9991E-05 0.279321
0.0642429 0.38592 0.102525 0.0684327 0.0321665 0.346713
0.149181 0.194275 0.269434 0.024778 0.00919121 0.353141
0.0146589 0.662721 9.9991E-05 0.0338003 0.0522812 0.236439
0.108241 0.124435 0.0612805 9.9991E-05 0.043552 0.662391
0.161678 9.9991E-05 0.247256 0.0429841 0.0295543 0.518428
0.0818633 0.116941 0.292088 0.0275123 9.9991E-05 0.481495
0.17765 9.9982E-05 0.19591 9.9982E-05 0.00872475 0.617516
0.0738598 9.9982E-05 0.701356 0.00221364 9.9982E-05 0.222371
0.421394 0.13744 0.0489939 0.0849975 0.127255 0.179919
0.678053 0.0663416 9.9973E-05 9.9973E-05 9.9973E-05 0.255305
0.619821 0.0573681 0.196996 0.0051668 9.9991E-05 0.120549
0.778808 0.0589885 0.127213 9.9982E-05 0.0347904 9.9982E-05
0.851321 9.9991E-05 0.0126762 0.0566081 0.0388551 0.0404397
0.704491 9.9991E-05 0.248592 0.0266287 0.0174037 0.00278457
0.655071 0.0785812 0.105889 9.9982E-05 9.9982E-05 0.160259
0.864229 9.9973E-05 0.13015 0.00532066 9.9973E-05 9.9973E-05
0.857591 9.9973E-05 9.9973E-05 0.0367001 0.105409 9.9973E-05
0.784582 9.9982E-05 9.9982E-05 0.0125598 0.104592 0.0980667
0.82191 9.9973E-05 0.163908 9.9973E-05 0.0138817 9.9973E-05
0.765539 9.9982E-05 0.0722411 9.9982E-05 0.118679 0.0433418
0.827289 9.9973E-05 9.9973E-05 9.9973E-05 0.0449405 0.127471
0.782862 9.9991E-05 0.0277841 0.0339334 0.0317287 0.123592
0.719082 9.9973E-05 9.9973E-05 0.0456952 9.9973E-05 0.234923
0.128813 0.157918 0.348546 0.0676284 9.9991E-05 0.296994
0.201979 9.9973E-05 0.516492 9.9973E-05 9.9973E-05 0.28123
0.0524021 9.9982E-05 0.579755 9.9982E-05 0.0661309 0.301512
0.00473336 0.242145 0.630067 0.0217195 9.9991E-05 0.101235
0.18416 0.244235 0.23232 9.9991E-05 0.0480448 0.291141
9.996E-05 9.996E-05 9.996E-05 0.9995 9.996E-05 9.996E-05
0.703943 0.267337 9.9982E-05 0.0181509 9.9982E-05 0.0103691
0.112409 9.9982E-05 0.663915 9.9982E-05 0.0890404 0.134436
0.1306 0.0876059 0.533463 9.9982E-05 9.9982E-05 0.248131
0.220056 0.311554 0.188711 0.00242148 0.0766753 0.200582
0.114505 0.587347 0.081539 0.0548546 0.119764 0.0419909
9.9973E-05 0.936096 0.0585339 0.00507025 9.9973E-05 9.9973E-05
9.996E-05 9.996E-05 9.996E-05 0.9995 9.996E-05 9.996E-05
0.151433 0.160725 0.242047 0.0668622 0.0402442 0.338689
0.0755905 0.202391 9.9982E-05 9.9982E-05 0.148469 0.57335
0.275183 0.142102 0.248101 0.0219053 0.113936 0.198774
0.00310933 0.178982 0.0502803 0.0402425 0.704131 0.0232549
0.00144934 0.0992373 9.9991E-05 0.0175266 0.76563 0.116056
0.0197745 9.9991E-05 0.0673634 0.00415312 0.774349 0.13426
9.9982E-05 0.289719 0.059023 0.0431051 0.607953 9.9982E-05
0.0774686 9.9982E-05 9.9982E-05 0.0625048 0.804954 0.0548727
0.0541001 9.9973E-05 9.9973E-05 9.9973E-05 0.80709 0.13851
9.9964E-05 9.9964E-05 9.9964E-05 9.9964E-05 0.68743 0.31217
9.9973E-05 9.9973E-05 9.9973E-05 0.0222102 0.75571 0.22178
0.144747 0.00194316 9.9982E-05 0.0281567 0.824953 9.9982E-05
9.9982E-05 0.0377717 0.147522 0.0276661 0.78684 9.9982E-05
9.9982E-05 0.365325 0.0914599 0.0173794 0.525636 9.9982E-05
0.124102 0.121032 9.9973E-05 9.9973E-05 0.754566 9.9973E-05
0.0724126 0.111246 0.112656 9.9982E-05 0.703485 9.9982E-05
0.0155565 0.512983 0.00942346 0.0820409 0.283161 0.0968351
0.693397 9.99935E-05 0.119778 0.0247987 0.0766348 0.0852915
0.654777 0.134565 0.176042 0.0344169 9.9982E-05 9.9982E-05
0.733064 9.9982E-05 0.242061 0.018591 9.9982E-05 0.00608346
0.0314515 0.0595758 0.0773271 0.0186176 0.684297 0.128731
9.9982E-05 0.420335 0.0425839 0.0774028 0.459478 9.9982E-05
0.0431453 0.11351 0.0284414 0.0296201 0.714219 0.0710644
0.049792 0.225681 9.9982E-05 0.061906 0.662421 9.9982E-05
0.0338454 9.9991E-05 0.0941509 0.0397914 0.81493 0.017182
9.9982E-05 0.642751 0.242635 9.9982E-05 0.0824802 0.0319342
9.9982E-05 0.729267 9.9982E-05 0.00291254 0.01659 0.251031
9.9991E-05 0.809928 0.00660014 0.00483736 0.0357102 0.142824
9.9964E-05 0.982197 9.9964E-05 0.0174028 9.9964E-05 9.9964E-05
0.129374 0.738548 9.9982E-05 0.0298229 9.9982E-05 0.102055
9.9973E-05 0.889736 9.9973E-05 0.0135185 9.9973E-05 0.0964458
0.0798878 0.70356 0.0978766 0.0174364 0.0279365 0.0733021
9.9973E-05 0.290316 9.9973E-05 9.9973E-05 0.56852 0.140864
9.9982E-05 0.381366 0.143858 0.1101 0.364476 9.9982E-05
0.0510626 0.155265 0.0807555 0.0271116 0.685705 9.9991E-05
0.0968168 0.0377791 9.9991E-05 0.0651015 0.752751 0.0474517
9.9973E-05 9.9973E-05 9.9973E-05 0.0262181 0.682458 0.291023
0.622277 0.230443 9.9982E-05 0.0278032 9.9982E-05 0.119277
0.121091 0.526756 0.0420374 9.9991E-05 0.227268 0.0827469
9.9973E-05 0.854736 9.9973E-05 9.9973E-05 0.108837 0.0361266
9.996E-05 9.996E-05 9.996E-05 0.9995 9.996E-05 9.996E-05
0.143706 0.132358 0.588982 9.9982E-05 9.9982E-05 0.134754
0.135917 0.0284999 0.6881 0.0363152 9.9991E-05 0.111068
0.12398 0.0376513 0.134986 0.0664418 0.0257516 0.611189
0.230825 0.13476 0.00421274 0.0601638 0.0698129 0.500225
0.0379991 9.9982E-05 0.487366 9.9982E-05 0.0323161 0.442119
0.0706958 0.827783 9.9982E-05 9.9982E-05 0.0892187 0.0121022
0.468424 0.201129 0.274717 0.0555312 9.9982E-05 9.9982E-05
9.9982E-05 0.666715 0.141823 0.0758274 0.115435 9.9982E-05
0.295636 0.159064 0.1013 0.0407743 0.118841 0.284385
0.102641 9.9982E-05 0.508666 0.00595869 9.9982E-05 0.382535
0.0369946 0.145673 0.424205 9.9982E-05 9.9982E-05 0.392927
0.100056 0.142201 0.263212 9.9982E-05 9.9982E-05 0.494331
9.9982E-05 0.0439862 9.9982E-05 0.0256116 0.0135707 0.916632
0.0105524 0.252458 0.270439 9.9982E-05 9.9982E-05 0.466351
0.0641388 0.091148 0.0600658 9.9982E-05 9.9982E-05 0.784447
0.0309133 0.627591 0.0787779 0.038407 0.178583 0.0457281
0.068404 0.704373 9.9991E-05 0.0817312 0.0999194 0.0454729
9.9982E-05 0.714387 9.9982E-05 0.0653032 0.15439 0.0657197
0.14969 0.482241 9.9982E-05 0.0172852 9.9982E-05 0.350584
0.161016 0.383437 0.0433732 9.9991E-05 0.120724 0.291349
0.387106 9.9982E-05 0.163194 9.9982E-05 0.0813576 0.368142
0.0069771 9.9991E-05 0.0303448 0.0206887 0.737379 0.20451
9.9991E-05 0.303846 0.0324055 0.017412 0.640002 0.00623386
0.0833537 0.591164 0.198365 9.9982E-05 0.126917 9.9982E-05
0.0951054 0.473625 9.9991E-05 0.0351591 0.11207 0.283941
0.211028 0.447517 0.195185 0.0395522 0.106618 9.9991E-05
0.696414 0.244841 9.9973E-05 9.9973E-05 9.9973E-05 0.0584444
0.0708217 0.290871 9.9982E-05 0.0437035 0.594404 9.9982E-05
0.00190605 0.330513 9.9982E-05 9.9982E-05 0.616037 0.0513436
9.9982E-05 0.334924 0.157669 9.9982E-05 0.460371 0.0468358
0.390028 0.158099 0.400082 0.0334968 0.0181948 9.9991E-05
0.169083 0.0174589 0.768625 9.9982E-05 0.0446332 9.9982E-05
9.9991E-05 0.190143 0.572454 0.0348585 0.0253479 0.177097
0.059679 0.0139089 0.757759 9.9991E-05 0.077202 0.0913509
0.309948 0.0590198 0.52855 9.9982E-05 9.9982E-05 0.102283
0.181628 0.0683486 0.567243 0.00371068 9.9991E-05 0.17897
0.060833 9.9973E-05 0.90653 9.9973E-05 0.0323368 9.9973E-05
9.9982E-05 9.9982E-05 0.904821 0.00862341 0.0586606 0.0276946
0.333722 0.0807932 0.388075 9.9991E-05 0.0123935 0.184916
0.0680834 9.9973E-05 0.107881 9.9973E-05 9.9973E-05 0.823736
0.0985401 0.00836513 0.0418307 0.0289511 9.9991E-05 0.822213
0.0340728 0.0319004 0.0804346 0.00855799 9.9991E-05 0.844934
0.183462 0.158501 0.517552 9.9991E-05 0.0934272 0.0469585
9.9982E-05 9.9982E-05 0.163419 0.0441334 0.0409975 0.75125
0.229192 0.151094 9.9991E-05 0.0245664 0.0111689 0.583879
0.0353044 0.0973013 0.775475 0.000573953 9.9991E-05 0.0912449
0.780225 0.0849608 9.9973E-05 9.9973E-05 9.9973E-05 0.134515
0.797934 0.04683 0.154936 9.9973E-05 9.9973E-05 9.9973E-05
0.833594 9.9973E-05 9.9973E-05 0.0381013 9.9973E-05 0.128005
0.72548 9.9982E-05 0.154669 9.9982E-05 0.0686146 0.0510363
0.742652 0.0767532 0.161085 9.9982E-05 0.0193098 9.9982E-05
9.9982E-05 0.172346 0.581671 9.9982E-05 0.0633879 0.182395
0.118357 0.0823784 0.438142 0.0162099 9.9991E-05 0.344812
9.9964E-05 0.148989 9.9964E-05 9.9964E-05 0.850611 9.9964E-05
0.0342192 9.9982E-05 9.9982E-05 0.0289345 0.799295 0.137352
0.0313417 0.00653461 0.105202 0.00672674 0.837758 0.0124371
0.0012222 0.321626 0.112513 9.9982E-05 0.564438 9.9982E-05
9.9982E-05 0.056756 0.128339 0.0227709 0.791934 9.9982E-05
0.163387 0.0109819 9.9991E-05 0.000585589 0.75491 0.0700348
9.9982E-05 0.0884549 0.0884786 0.00668528 0.816181 9.9982E-05
0.04842 0.148593 0.0685982 9.99884E-05 0.734189 9.99884E-05
0.061545 0.0213541 0.0920641 9.9982E-05 0.824837 9.9982E-05
0.0577946 0.00671909 0.0830232 0.0034323 0.848931 9.9991E-05
9.9982E-05 0.0337158 9.9982E-05 0.0406216 0.784611 0.140851
0.000925371 0.112287 9.9991E-05 0.0269895 0.728221 0.131477
0.0395634 9.9991E-05 0.0766946 0.0368114 0.762612 0.0842191
0.0418321 9.9982E-05 9.9982E-05 0.000184245 0.857627 0.100157
9.9973E-05 0.140709 0.0760221 9.9973E-05 0.782969 9.9973E-05
9.9973E-05 9.9973E-05 0.128357 0.0320622 0.839281 9.9973E-05
0.100404 0.0636639 0.0154393 0.0116794 0.790235 0.0185774
0.0175459 0.795977 0.150313 9.9982E-05 0.0359642 9.9982E-05
0.0378681 0.844621 0.0283655 9.9982E-05 9.9982E-05 0.0889456
9.9982E-05 0.0401528 0.0569845 9.9982E-05 0.834232 0.0684303
9.9982E-05 9.9982E-05 0.162206 0.0269762 0.653922 0.156695
0.0369012 0.16782 9.9982E-05 0.00621414 0.788864 9.9982E-05
9.9982E-05 0.659636 0.100827 9.9982E-05 0.0805835 0.158754
9.9964E-05 0.0491078 0.950492 9.9964E-05 9.9964E-05 9.9964E-05
0.163622 9.9991E-05 0.748828 0.0268259 0.000823597 0.0598015
0.382557 0.201381 0.415763 9.9973E-05 9.9973E-05 9.9973E-05
0.558877 0.0533636 0.208006 9.9991E-05 0.00345657 0.176197
0.712455 0.0996894 9.9991E-05 0.00507604 0.0306848 0.151994
0.753328 0.0711367 0.136022 9.9982E-05 0.0393137 9.9982E-05
0.698103 0.00706926 0.163298 0.0169958 9.9991E-05 0.114433
0.645647 0.119557 9.9982E-05 0.0285751 9.9982E-05 0.206021
0.67316 0.0950415 9.9991E-05 0.0289095 0.0663466 0.136443
0.714158 9.9982E-05 0.183797 0.0524878 0.0493574 9.9982E-05
0.0856052 0.0449513 0.861283 9.9982E-05 0.00796009 9.9982E-05
9.9982E-05 0.0621064 0.850738 0.0527521 0.0342035 9.9982E-05
9.9982E-05 9.9982E-05 0.0867996 0.0495432 0.0234287 0.840029
9.9973E-05 0.0844855 0.016278 9.9973E-05 9.9973E-05 0.898937
9.9982E-05 0.0431732 0.0620833 0.0111681 9.9982E-05 0.883375
0.0124485 0.175035 9.9982E-05 9.9982E-05 0.0210938 0.791222
0.175818 0.129103 0.149174 0.00578759 9.9991E-05 0.540018
0.101694 0.119256 0.0493542 0.00387803 0.0520708 0.673747
0.0157458 0.0973213 0.000266614 0.0418868 9.9991E-05 0.84468
0.130202 0.0861053 0.0253375 0.0119371 0.00950126 0.736917
0.0625888 9.9991E-05 0.0101357 0.0159823 0.0577138 0.853479
0.600256 9.9991E-05 0.0578173 0.144648 0.091949 0.10523
0.0253993 0.112288 9.9991E-05 0.0392464 0.718329 0.104637
0.105952 0.0267893 9.9991E-05 0.0223533 0.754448 0.0903571
0.0190663 0.0882385 9.9982E-05 9.9982E-05 0.794546 0.0979492
9.9982E-05 0.064864 0.172105 9.9982E-05 0.697872 0.0649587
0.0349338 0.00212053 0.172947 0.0285612 0.761337 9.9991E-05
0.203405 0.0147344 0.0698658 0.042194 0.102947 0.566854
0.224382 0.023735 0.341973 0.0190497 9.9991E-05 0.39076
0.0739372 9.9991E-05 0.187615 0.035963 0.00349101 0.698894
0.243722 0.064018 0.212322 0.0661361 9.9991E-05 0.413702
