0.160962 0.662039 0.013909 0.0143067 0.00889102 0.139793 9.9991E-05
0.057078 0.571685 0.0233347 0.197875 0.0327295 0.117198 9.9991E-05
0.0673573 0.683878 9.9982E-05 9.9982E-05 0.0284283 0.207269 0.012867
0.134946 0.80403 0.0408095 9.9973E-05 9.9973E-05 9.9973E-05 0.0199149
9.9982E-05 0.783939 0.0671089 0.136717 0.00299547 9.9982E-05 0.00904003
9.9964E-05 0.747664 0.140243 0.111694 9.9964E-05 9.9964E-05 9.9964E-05
0.170564 0.481908 0.119663 0.220341 9.9982E-05 0.00732383 9.9982E-05
0.188319 0.613394 9.9973E-05 0.179006 0.018981 9.9973E-05 9.9973E-05
9.9991E-05 0.177654 0.0429608 0.600749 0.0258899 0.119506 0.0331405
0.291381 0.19479 9.9982E-05 0.32623 0.0235127 0.163887 9.9982E-05
0.457206 0.00475755 9.9982E-05 0.397424 0.0509696 9.9982E-05 0.0894433
0.108849 0.164638 9.9991E-05 0.501635 0.0276747 0.155052 0.0420516
0.586546 9.9991E-05 0.0647395 0.206178 0.0439454 0.00185043 0.0966407
0.132065 9.9973E-05 9.9973E-05 0.645679 9.9973E-05 0.111452 0.110505
9.9982E-05 0.33041 0.100002 0.408419 0.0329249 0.128045 9.9982E-05
0.0488336 0.316453 9.9982E-05 0.562291 0.0180911 0.0541314 9.9982E-05
9.9973E-05 0.27774 0.0317923 0.499788 9.9973E-05 0.19038 9.9973E-05
9.9973E-05 0.496527 0.00281512 0.476376 0.0239826 9.9973E-05 9.9973E-05
0.119755 9.9991E-05 0.0626433 0.112073 0.0572473 0.538505 0.109677
0.107056 9.9964E-05 9.9964E-05 0.277066 9.9964E-05 0.615478 9.9964E-05
0.132288 0.0983979 9.9982E-05 0.120318 0.0204331 0.628363 9.9982E-05
0.162484 0.002882 9.9982E-05 9.9982E-05 0.00435509 0.77913 0.050949
0.069558 9.9982E-05 0.0601327 0.0098127 0.0417571 0.81854 9.9982E-05
9.9982E-05 0.0315842 0.0632347 0.153239 0.0470353 0.704707 9.9982E-05
0.168056 0.125471 9.9973E-05 0.0391211 9.9973E-05 0.667053 9.9973E-05
9.9973E-05 0.12788 0.00306039 9.9973E-05 0.0269069 0.841853 9.9973E-05
0.0697776 9.9973E-05 9.9973E-05 9.9973E-05 0.0331571 0.825215 0.0715505
9.9973E-05 9.9973E-05 0.137191 0.0956875 0.0204041 0.746418 9.9973E-05
9.9964E-05 0.0996374 9.9964E-05 9.9964E-05 9.9964E-05 0.850413 0.0495498
9.9964E-05 0.124559 0.13119 9.9964E-05 9.9964E-05 0.743852 9.9964E-05
0.0528794 9.9982E-05 0.0308522 0.0835323 0.00964441 0.822892 9.9982E-05
0.0521258 9.9982E-05 9.9982E-05 0.149606 0.0088164 0.714089 0.0751634
9.9982E-05 0.0165182 0.0824664 0.101134 0.0416742 0.758007 9.9982E-05
0.188203 0.299198 0.00181044 0.287341 0.0650231 0.152258 0.0061655
9.9982E-05 0.61774 0.00456305 0.0931523 9.9982E-05 0.233534 0.050811
9.9973E-05 0.664789 9.9973E-05 0.175227 9.9973E-05 0.0435012 0.116183
0.0519551 0.773183 0.0915277 0.00809736 0.0355547 0.0395826 9.9991E-05
0.238224 0.193031 0.066631 0.400567 0.010327 0.0911204 9.9991E-05
9.995E-05 9.995E-05 9.995E-05 9.995E-05 0.9994 9.995E-05 9.995E-05
0.205593 0.0237408 9.9973E-05 9.9973E-05 9.9973E-05 0.73275 0.0376162
9.9973E-05 0.676845 0.0736238 9.9973E-05 9.9973E-05 0.169242 0.0799896
0.162012 0.465368 9.9973E-05 0.229195 9.9973E-05 0.143124 9.9973E-05
0.0779217 0.104213 0.228717 0.314353 0.0238969 0.250798 9.9991E-05
0.577542 9.9991E-05 0.0592938 0.208505 0.0498682 0.0427114 0.0619797
0.788469 0.0897386 0.0888029 9.9982E-05 0.00736703 0.0254227 9.9982E-05
9.995E-05 9.995E-05 9.995E-05 9.995E-05 0.9994 9.995E-05 9.995E-05
0.299135 0.22551 9.9991E-05 0.191102 0.0612596 0.17255 0.0503435
0.282716 0.155828 0.201285 0.286813 9.9982E-05 0.0731587 9.9982E-05
0.158701 0.156397 9.9991E-05 0.236907 0.0455565 0.300299 0.102039
9.9973E-05 9.9973E-05 0.846264 0.0757515 0.0287572 9.9973E-05 0.0489278
0.0817211 9.9991E-05 0.413638 0.00641229 0.00972524 0.0143709 0.474032
9.9973E-05 0.0620236 0.572541 0.0813757 9.9973E-05 9.9973E-05 0.28376
0.168799 9.9982E-05 0.41477 0.0414017 0.0388707 9.9982E-05 0.335959
9.9973E-05 9.9973E-05 0.15025 0.101931 0.0636813 9.9973E-05 0.683838
9.9973E-05 9.9973E-05 0.418848 0.121573 9.9973E-05 0.0117042 0.447575
9.9964E-05 9.9964E-05 0.161409 0.259413 9.9964E-05 9.9964E-05 0.578779
9.9973E-05 9.9973E-05 0.678917 0.140861 0.00268329 9.9973E-05 0.177239
9.9955E-05 9.9955E-05 0.982118 9.9955E-05 0.0173822 9.9955E-05 9.9955E-05
0.043368 0.0668394 0.195573 0.0297563 0.044894 9.9991E-05 0.619469
0.100245 0.12789 0.610075 9.9982E-05 0.0065245 9.9982E-05 0.155066
9.995E-05 9.995E-05 0.9994 9.995E-05 9.995E-05 9.995E-05 9.995E-05
0.0848965 9.9991E-05 0.306198 0.039214 0.00161352 0.0953886 0.472589
0.44451 0.0549874 0.245013 0.078301 0.0578439 9.9991E-05 0.119245
9.9982E-05 0.0935841 9.9982E-05 0.10167 0.0367416 0.684013 0.083791
0.00049359 0.148201 9.9991E-05 0.0138071 0.0173755 0.72828 0.091743
9.9982E-05 0.137726 0.0377997 0.0626617 0.00791098 0.753702 9.9982E-05
0.0284293 0.0216727 0.228327 0.136033 0.0039765 0.0412872 0.540274
0.374455 0.0166509 0.166544 9.9982E-05 0.0749792 9.9982E-05 0.36717
0.139856 9.9982E-05 0.1049 9.9982E-05 0.019874 0.087085 0.648085
0.190307 9.9982E-05 0.270751 9.9982E-05 0.0412343 0.0257339 0.471774
9.9973E-05 0.0867511 9.9973E-05 9.9973E-05 0.0362478 0.0104876 0.866214
0.50521 0.0785687 0.136613 0.220307 0.012354 9.9991E-05 0.0468482
0.496499 9.99639E-05 0.17672 0.326381 9.99639E-05 9.99639E-05 9.99639E-05
0.788535 9.9964E-05 0.132571 0.0784934 9.9964E-05 9.9964E-05 9.9964E-05
0.96339 9.9964E-05 0.00147359 9.9964E-05 0.034737 9.9964E-05 9.9964E-05
0.864795 9.9973E-05 9.9973E-05 9.9973E-05 0.0396322 0.0772403 0.0180323
0.802965 9.9973E-05 0.105716 0.0807222 0.010297 9.9973E-05 9.9973E-05
0.755966 0.0770245 9.9982E-05 9.9982E-05 0.0186608 0.113722 0.0344265
0.261499 9.9973E-05 0.0809487 0.11956 9.9973E-05 9.9973E-05 0.537692
0.193208 0.159255 0.209531 9.9991E-05 0.151185 0.00677132 0.27995
0.078108 0.0288744 0.413733 9.9991E-05 0.00836611 0.0772431 0.393576
9.9982E-05 9.9982E-05 0.475552 0.0750786 0.0293395 0.0483282 0.371502
0.0412567 9.9982E-05 0.0392922 0.215529 0.0225292 9.9982E-05 0.681192
0.131671 9.9982E-05 9.9982E-05 0.160586 0.0199404 0.594361 0.0932412
0.346573 0.0214761 0.172609 0.211758 9.9991E-05 0.0623062 0.185178
0.864178 9.9964E-05 0.00732844 9.9964E-05 9.9964E-05 9.9964E-05 0.128093
9.995E-05 9.995E-05 9.995E-05 9.995E-05 0.9994 9.995E-05 9.995E-05
0.213895 0.517834 0.00862159 0.110279 9.9982E-05 0.149171 9.9982E-05
0.0442421 0.783432 0.0425216 9.9982E-05 0.0252448 0.10436 9.9982E-05
0.0848809 0.127867 0.07452 0.613422 0.0336975 0.065512 9.9991E-05
0.111151 9.9982E-05 9.9982E-05 0.594383 0.0311705 0.17376 0.0893351
0.0654942 0.626247 9.9982E-05 0.204146 9.9982E-05 0.0575345 0.0463776
0.605492 0.0988495 0.295259 9.9964E-05 9.9964E-05 9.9964E-05 9.9964E-05
0.119389 0.21871 0.0310403 9.9982E-05 0.0300833 0.600577 9.9982E-05
0.532225 0.140114 9.9973E-05 9.9973E-05 0.0907243 9.9973E-05 0.236638
0.384105 0.185277 9.9991E-05 0.066071 0.0412515 0.262171 0.0610235
9.99641E-05 0.100336 9.99641E-05 0.768553 9.99641E-05 0.130711 9.99641E-05
0.315634 0.53318 9.9973E-05 0.0924261 9.9973E-05 0.0584594 9.9973E-05
0.209815 0.385727 9.9973E-05 0.281748 9.9973E-05 0.12241 9.9973E-05
0.0495435 9.9964E-05 0.060182 0.889875 9.9964E-05 9.9964E-05 9.9964E-05
0.414613 0.504097 9.9973E-05 9.9973E-05 0.00559963 0.0753902 9.9973E-05
0.131613 9.9964E-05 9.9964E-05 0.866695 9.9964E-05 0.0012921 9.9964E-05
0.554016 0.141696 0.192133 9.9991E-05 0.0248652 0.0249521 0.0622385
0.482837 0.134832 0.127437 0.0304231 0.0865459 0.0397047 0.0982198
0.573558 9.9982E-05 0.0942964 0.123384 0.0739875 9.9982E-05 0.134574
0.588727 9.9973E-05 9.9973E-05 0.232639 0.00601282 0.172321 9.9973E-05
0.385663 0.0601345 0.0122322 0.320463 9.9991E-05 0.10227 0.119137
0.0472286 0.324799 9.9982E-05 0.172249 9.9982E-05 0.391045 0.0644785
9.9973E-05 0.179772 0.130608 9.9973E-05 0.0101978 9.9973E-05 0.679122
0.112822 0.0755281 0.277934 9.9982E-05 0.0227329 9.9982E-05 0.510783
0.384347 0.181163 0.30421 9.9973E-05 9.9973E-05 0.12998 9.9973E-05
0.278629 0.0257442 0.299248 0.309073 0.0121257 0.0750801 9.9991E-05
0.239062 0.229426 0.323184 9.9982E-05 0.0441683 0.163959 9.9982E-05
0.267799 9.9955E-05 9.9955E-05 9.9955E-05 9.9955E-05 0.731701 9.9955E-05
0.33909 9.9973E-05 9.9973E-05 9.9973E-05 0.0372082 0.00607079 0.617331
0.146636 0.0364901 0.404627 0.0530625 9.9991E-05 0.00425606 0.354828
0.370047 0.11183 0.228086 0.0145933 9.9982E-05 9.9982E-05 0.275244
0.078704 0.341311 0.0386941 0.051006 0.0529454 0.425332 0.012008
9.9982E-05 0.497264 9.9982E-05 0.150212 0.00551052 0.249647 0.0971668
0.164567 0.62359 9.9982E-05 0.130138 0.0376193 9.9982E-05 0.0438861
0.0601921 0.726478 0.0494166 0.0126563 9.9991E-05 0.0752558 0.0759009
0.00981902 0.375234 0.00172018 0.222672 9.9982E-05 0.390355 9.9982E-05
0.0215152 0.709401 0.0699765 0.0316125 0.00126355 0.166131 9.9991E-05
9.9964E-05 0.840461 9.9964E-05 9.9964E-05 9.9964E-05 0.0765397 0.0825998
9.9973E-05 0.764935 0.0749138 0.147049 0.0128021 9.9973E-05 9.9973E-05
9.9973E-05 0.391235 9.9973E-05 0.185916 9.9973E-05 0.34044 0.082109
0.0872794 0.0432791 9.9982E-05 0.808014 9.9982E-05 0.0181148 0.043113
0.0404657 0.0452752 9.9982E-05 0.866407 0.0288066 0.0188459 9.9982E-05
0.090154 9.9964E-05 0.0139595 0.895487 9.9964E-05 9.9964E-05 9.9964E-05
0.0278509 0.357008 0.0118868 0.294448 0.00228646 0.212187 0.094334
9.9973E-05 0.0307145 9.9973E-05 0.875078 0.0334596 9.9973E-05 0.0604476
0.101155 9.9982E-05 0.0659654 0.654606 0.00664765 0.171426 9.9982E-05
0.0816381 0.65601 9.9982E-05 0.0935281 9.9982E-05 0.0977462 0.070878
0.149261 9.9964E-05 0.0226148 9.9964E-05 9.9964E-05 0.827724 9.9964E-05
0.0664718 0.0690338 9.9964E-05 9.9964E-05 9.9964E-05 0.864095 9.9964E-05
9.9964E-05 9.9964E-05 9.9964E-05 0.198679 0.0333938 0.767527 9.9964E-05
9.9991E-05 0.00547303 0.0409648 0.192678 0.00458879 0.699786 0.0564096
0.125642 0.123927 9.9982E-05 9.9982E-05 0.0267867 0.662401 0.0610429
0.237049 0.569046 0.0661457 0.0838399 9.9982E-05 9.9982E-05 0.0437203
0.0557458 0.59581 0.0562968 0.121836 0.0302774 0.139934 9.9991E-05
9.9955E-05 9.9955E-05 0.77391 9.9955E-05 9.9955E-05 9.9955E-05 0.22559
9.9973E-05 9.9973E-05 9.9973E-05 0.0711501 0.0342871 0.0150756 0.879187
0.0404695 0.0453138 0.0416716 0.0118953 0.0119551 0.00556737 0.843127
0.317892 9.9964E-05 9.9964E-05 9.9964E-05 9.9964E-05 0.0220873 0.659621
0.0341139 9.9982E-05 0.120597 0.040216 0.037655 9.9982E-05 0.767218
9.9991E-05 0.0440771 0.265713 0.0131685 0.00608391 0.0967667 0.574091
0.0428224 0.0355536 9.9973E-05 9.9973E-05 0.0223423 9.9973E-05 0.898982
0.0664964 9.9973E-05 0.441224 9.9973E-05 9.9973E-05 0.0560105 0.435969
0.00735605 9.9973E-05 0.238941 9.9973E-05 9.9973E-05 0.0812406 0.672162
0.0420153 9.9982E-05 0.230831 9.9982E-05 0.00932384 0.0865123 0.631118
0.109957 9.9982E-05 0.0810023 0.017637 0.0501445 9.9982E-05 0.741059
0.0328059 9.9991E-05 0.157188 0.0884233 0.0468709 0.0313158 0.643296
9.9982E-05 0.124328 0.253498 9.9982E-05 0.00866437 0.0448148 0.568495
9.9973E-05 0.0213099 0.289043 9.9973E-05 9.9973E-05 0.0535342 0.635813
0.0844348 0.0413511 0.201151 9.9982E-05 0.0243896 9.9982E-05 0.648474
9.9964E-05 0.0484759 9.9964E-05 9.9964E-05 0.0306125 9.9964E-05 0.920512
0.0589252 0.0238342 9.9973E-05 9.9973E-05 9.9973E-05 0.069745 0.847196
0.794522 0.0520491 9.9964E-05 9.9964E-05 9.9964E-05 9.9964E-05 0.153029
0.964786 9.9955E-05 9.9955E-05 0.0347138 9.9955E-05 9.9955E-05 9.9955E-05
0.138542 0.0239529 0.124122 9.9973E-05 9.9973E-05 9.9973E-05 0.713083
0.018582 0.170826 0.441528 0.0513298 0.0166715 9.9991E-05 0.300963
9.995E-05 9.995E-05 0.9994 9.995E-05 9.995E-05 9.995E-05 9.995E-05
0.575424 0.0779201 0.208029 0.138327 9.9973E-05 9.9973E-05 9.9973E-05
9.9973E-05 0.904646 9.9973E-05 9.9973E-05 0.0172585 0.0145168 0.0632792
9.9982E-05 0.653979 9.9982E-05 0.116686 0.0490256 0.161202 0.0189073
0.0590587 0.338249 0.150564 9.9973E-05 9.9973E-05 0.451828 9.9973E-05
0.145111 0.0597296 9.9982E-05 0.201779 9.9982E-05 0.588429 0.0047516
0.226915 9.9982E-05 0.00578541 0.004375 0.00627699 0.756448 9.9982E-05
9.9973E-05 0.0109911 0.127031 0.0847784 9.9973E-05 0.7769 9.9973E-05
0.122468 0.0812233 9.9982E-05 0.0296072 0.00855025 0.757952 9.9982E-05
0.0976009 9.9991E-05 0.0391124 0.151959 0.0265891 0.683804 0.000834977
0.127098 9.9991E-05 0.0422704 0.0976949 0.02857 0.666861 0.0374058
9.9973E-05 0.159023 9.9973E-05 9.9973E-05 0.0431919 0.700264 0.0972215
9.9991E-05 0.807643 0.0623349 0.0440577 0.0153153 0.066747 0.00380188
0.0431523 0.804524 0.0998214 9.9973E-05 0.0522024 9.9973E-05 9.9973E-05
0.099858 0.665005 0.110031 0.0797853 0.0451208 9.9982E-05 9.9982E-05
0.281244 0.713404 9.99641E-05 9.99641E-05 9.99641E-05 9.99641E-05 0.00495213
0.121375 0.722674 9.9973E-05 0.121336 0.0343149 9.9973E-05 9.9973E-05
0.323004 0.530831 9.9982E-05 0.0745772 9.9982E-05 0.029361 0.0420272
0.0365806 0.167008 0.0877402 0.582037 9.9982E-05 0.126433 9.9982E-05
0.0396662 9.9973E-05 0.126055 0.786343 9.9973E-05 0.0476363 9.9973E-05
0.0261239 9.9973E-05 9.9973E-05 0.918559 0.0364775 9.9973E-05 0.0185397
0.0732755 9.9982E-05 9.9982E-05 0.721503 0.0119243 0.118598 0.0745
9.9982E-05 0.133989 9.9982E-05 0.791605 0.0196685 0.0063529 0.048185
9.9973E-05 9.9973E-05 9.9973E-05 0.13378 0.144934 0.596289 0.124697
9.9973E-05 0.0350197 0.770684 0.0584256 9.9973E-05 9.9973E-05 0.13557
0.0440391 9.9982E-05 0.264263 9.9982E-05 0.0443252 0.0706551 0.576517
0.0799148 9.9964E-05 9.9964E-05 0.020193 9.9964E-05 9.9964E-05 0.899492
0.0674155 0.0484078 0.0497219 0.0939371 0.0124114 9.9991E-05 0.728006
9.9982E-05 0.111825 0.0996804 9.9982E-05 0.0254167 0.025095 0.737783
9.9991E-05 0.188251 0.0893193 0.454665 0.0306467 0.158628 0.0783891
0.0736702 0.237643 0.0770414 0.375318 0.00738076 0.228846 9.9991E-05
9.9982E-05 0.0363666 0.0198539 0.871252 0.0583703 0.0139573 9.9982E-05
0.136251 0.287298 9.9991E-05 0.276325 0.0375389 0.252787 0.00970009
