0.00924842 0.696494 9.9982E-05 0.0881906 0.197444 9.9982E-05 0.00842321
0.014787 0.618566 0.016226 0.0981341 0.026864 0.225323 9.9991E-05
0.0347098 0.648149 9.9982E-05 0.185672 0.110744 9.9982E-05 0.0205245
0.0350078 0.799694 9.9964E-05 9.9964E-05 0.164898 9.9964E-05 9.9964E-05
9.9973E-05 0.901529 0.00199196 9.9973E-05 9.9973E-05 0.0113062 0.0848731
9.9973E-05 0.714687 9.9973E-05 9.9973E-05 0.116401 0.128905 0.0397073
9.9973E-05 0.615444 0.100928 9.9973E-05 0.0335364 0.249791 9.9973E-05
0.0480194 0.615165 9.9973E-05 9.9973E-05 0.104499 0.232017 9.9973E-05
0.00179643 0.167266 0.105648 0.0926308 9.9991E-05 0.622886 0.00967289
0.0261997 0.204685 9.9991E-05 0.136817 0.19513 0.387873 0.0491965
0.0699513 0.0389221 9.9991E-05 0.078382 0.424873 0.33337 0.0544017
0.012599 0.176259 0.053214 0.146903 0.172506 0.438419 9.9991E-05
0.0367558 0.00399002 0.0408509 9.9991E-05 0.795792 0.114391 0.00812047
9.9973E-05 9.9973E-05 9.9973E-05 0.0900047 0.0324559 0.744475 0.132764
0.0464244 0.393618 0.0770095 0.106971 9.9991E-05 0.36738 0.00849738
9.9982E-05 0.129739 0.0040851 0.0519664 0.117094 0.696916 9.9982E-05
9.9973E-05 0.314134 0.033064 0.130406 9.9973E-05 0.522096 9.9973E-05
0.000642142 0.499845 9.9973E-05 0.0228335 9.9973E-05 0.476379 9.9973E-05
0.0644364 0.0286661 0.088167 0.485988 0.0724515 0.162206 0.0980846
9.9973E-05 9.9973E-05 9.9973E-05 0.606323 0.102746 0.278752 0.0118781
0.0158688 0.137689 9.9982E-05 0.654624 9.9982E-05 0.132553 0.0590656
0.00295046 9.9973E-05 9.9973E-05 0.784964 0.158494 9.9973E-05 0.0532915
0.0508945 9.9973E-05 0.0256431 0.906082 0.01708 9.9973E-05 9.9973E-05
0.0332065 0.023941 0.089339 0.718098 9.9982E-05 0.135216 9.9982E-05
9.9982E-05 0.181147 0.0329221 0.600547 0.0113262 0.173858 9.9982E-05
0.0155878 0.0995446 0.0406951 0.843873 9.9973E-05 9.9973E-05 9.9973E-05
0.033325 9.9973E-05 0.0668713 0.856504 9.9973E-05 9.9973E-05 0.0429999
0.0348467 9.9973E-05 0.112861 0.810344 9.9973E-05 0.0416485 9.9973E-05
9.9964E-05 0.0960831 9.9964E-05 0.815117 9.9964E-05 9.9964E-05 0.0883996
9.9982E-05 0.0527544 0.141853 0.779983 0.0170221 9.9982E-05 0.00818736
9.9982E-05 9.9982E-05 0.0630626 0.849371 0.0249399 0.0483318 0.0140949
0.0333992 9.9973E-05 9.9973E-05 0.731115 9.9973E-05 0.177293 0.0578924
0.0606709 0.0365017 0.0548569 0.804147 9.9982E-05 0.0436234 9.9982E-05
0.0615612 0.416683 9.9991E-05 0.157445 0.147828 0.179745 0.0366381
9.9973E-05 0.50393 9.9973E-05 0.20864 9.9973E-05 0.254514 0.0326168
9.9982E-05 0.7017 9.9982E-05 0.0625156 0.0686743 0.0918088 0.0751016
0.0237359 0.688637 9.9973E-05 0.0196835 0.267643 9.9973E-05 9.9973E-05
9.9982E-05 0.272756 0.162836 0.103713 0.137813 0.322682 9.9982E-05
0.9994 9.995E-05 9.995E-05 9.995E-05 9.995E-05 9.995E-05 9.995E-05
0.0218141 0.0240591 9.9982E-05 0.77514 0.107334 9.9982E-05 0.0714525
0.0131445 0.692315 0.0423328 0.0992074 9.9991E-05 0.064155 0.0887449
0.00598302 0.485051 9.9991E-05 0.146275 0.112114 0.235056 0.0154209
0.00361777 0.058371 0.107058 0.256886 0.288088 0.242027 0.0439522
0.0487336 9.9991E-05 0.089887 0.119921 0.475777 0.163947 0.101634
0.00667488 0.077006 0.0109778 0.016598 0.888543 9.9982E-05 9.9982E-05
0.9994 9.995E-05 9.995E-05 9.995E-05 9.995E-05 9.995E-05 9.995E-05
0.0666511 0.290671 9.9991E-05 0.179931 0.278656 0.135562 0.0484282
9.9982E-05 0.248554 0.208243 0.139335 0.31771 0.085958 9.9982E-05
0.0186483 0.214266 9.9991E-05 0.264289 0.0708524 0.253381 0.178464
0.0434995 9.9982E-05 0.678964 9.9982E-05 0.0393056 0.0760045 0.162026
0.0384494 9.9982E-05 0.494033 9.9982E-05 0.0103821 0.0669038 0.390031
9.9973E-05 0.0682609 0.508272 9.9973E-05 9.9973E-05 0.0705139 0.352654
0.0603461 9.9982E-05 0.327275 9.9982E-05 0.151688 0.0704558 0.390036
0.0432495 9.9982E-05 0.260122 0.0169177 9.9982E-05 0.0490703 0.630441
0.00138158 0.0075022 0.516614 0.024858 9.9991E-05 0.074825 0.374719
9.9964E-05 9.9964E-05 0.128554 9.9964E-05 9.9964E-05 0.262771 0.608274
0.0151089 9.9973E-05 0.879077 9.9973E-05 9.9973E-05 0.10201 0.00350467
0.0314889 9.9955E-05 0.968011 9.9955E-05 9.9955E-05 9.9955E-05 9.9955E-05
0.0288943 0.0610271 0.077105 9.9982E-05 0.0706691 9.9982E-05 0.762105
0.0339904 0.123569 0.418052 9.9991E-05 0.17617 0.0117755 0.236343
9.995E-05 9.995E-05 0.9994 9.995E-05 9.995E-05 9.995E-05 9.995E-05
9.9982E-05 0.0515393 0.241402 0.0513176 0.140799 9.9982E-05 0.514741
0.0600245 9.9991E-05 0.190483 0.0124273 0.520695 0.0207692 0.195501
9.9973E-05 0.0256583 9.9973E-05 0.77113 9.9973E-05 0.0900574 0.112855
0.0260321 0.143179 0.00798379 0.770748 9.9982E-05 9.9982E-05 0.0518576
0.0145087 0.177288 0.0281064 0.779797 9.9973E-05 9.9973E-05 9.9973E-05
0.0239 0.0258704 0.281904 0.0312945 0.0783877 0.118489 0.440154
0.064356 0.0381757 0.0334022 9.9982E-05 0.406006 9.9982E-05 0.45786
0.00873054 9.9991E-05 0.136794 0.0638665 0.0755401 0.0561306 0.658839
0.033557 9.9982E-05 0.262229 0.00269561 0.213415 9.9982E-05 0.487903
0.0177482 0.050164 9.9982E-05 0.0201118 9.9982E-05 0.0107448 0.901031
9.9982E-05 0.0652625 0.107145 9.9982E-05 0.55949 0.191354 0.0765483
9.9964E-05 9.9964E-05 0.0826232 9.9964E-05 0.61498 0.301997 9.9964E-05
9.9982E-05 0.00644975 0.0764363 9.9982E-05 0.723074 0.132698 0.0611421
0.0185157 9.9964E-05 0.0146401 9.9964E-05 0.966444 9.9964E-05 9.9964E-05
0.0157728 9.9973E-05 9.9973E-05 0.124925 0.808043 9.9973E-05 0.0509599
0.0348325 9.9964E-05 0.0686425 9.9964E-05 0.896125 9.9964E-05 9.9964E-05
0.0115894 0.170746 0.101827 0.10832 0.596099 0.011319 9.9991E-05
9.9973E-05 9.9973E-05 0.450582 9.9973E-05 0.0197601 0.259596 0.269762
0.0940726 0.12173 0.0363618 0.00203657 0.291247 9.9991E-05 0.454452
0.00999708 0.0334997 0.403548 0.0741984 0.114772 9.9991E-05 0.363885
0.0414241 9.9991E-05 0.479174 0.068777 0.0107432 0.0383341 0.361447
0.0207598 9.9973E-05 0.0711635 9.9973E-05 9.9973E-05 0.249102 0.658675
0.0212856 9.9982E-05 9.9982E-05 0.609715 0.0462043 0.216101 0.106495
9.9982E-05 9.9982E-05 0.0214703 0.139906 0.497584 0.0615091 0.27933
9.9973E-05 9.9973E-05 0.068397 9.9973E-05 0.789545 0.0520931 0.0896654
0.9994 9.995E-05 9.995E-05 9.995E-05 9.995E-05 9.995E-05 9.995E-05
9.9973E-05 0.586762 9.9973E-05 0.180767 0.182795 0.0493756 9.9973E-05
0.0301708 0.655132 0.0181863 0.110899 0.106407 0.0791042 9.9991E-05
0.00855613 0.207632 0.0777049 0.0666486 0.0899168 0.549441 9.9991E-05
0.0273111 9.9991E-05 0.0473937 0.184915 0.0890988 0.566341 0.0848399
0.00165218 0.52881 9.9982E-05 0.0605682 9.9982E-05 0.347294 0.061475
9.9955E-05 9.9955E-05 0.195046 9.9955E-05 0.804454 9.9955E-05 9.9955E-05
0.0440307 0.177451 0.0978916 0.537935 0.108111 0.0344809 9.9991E-05
0.0712084 0.0789485 9.9982E-05 9.9982E-05 0.635727 0.00205571 0.21186
0.0176999 0.285324 9.9982E-05 0.294866 0.28751 9.9982E-05 0.1144
9.9973E-05 0.249778 0.000902105 0.108266 9.9973E-05 0.640754 9.9973E-05
9.9982E-05 0.590405 0.0436935 0.0324382 0.177221 0.156042 9.9982E-05
9.9982E-05 0.307309 0.0115905 0.0858306 0.198706 0.396363 9.9982E-05
9.9964E-05 9.9964E-05 9.9964E-05 9.9964E-05 0.0899138 0.852883 0.0568037
9.9964E-05 0.666192 9.9964E-05 0.010861 0.322547 9.9964E-05 9.9964E-05
0.00113474 9.9964E-05 9.9964E-05 9.9964E-05 0.0974228 0.901043 9.9964E-05
0.0318229 0.153136 0.17279 0.0339481 0.524321 9.9991E-05 0.0838822
0.0631406 0.0207399 9.9991E-05 0.0668432 0.537803 0.0682525 0.243121
0.0831508 9.9982E-05 0.056811 9.9982E-05 0.54835 0.14149 0.169998
9.9973E-05 0.049662 9.9973E-05 0.192685 0.574013 0.183341 9.9973E-05
9.9973E-05 9.9973E-05 9.9973E-05 0.142454 0.373199 0.373363 0.110684
9.9982E-05 0.300556 0.0222962 0.378002 9.9982E-05 0.229761 0.0691838
0.00689645 0.168179 0.271883 9.9982E-05 9.9982E-05 0.00261444 0.550227
9.9973E-05 9.9973E-05 9.9973E-05 0.0396027 0.157049 0.00169292 0.801355
9.9973E-05 0.116066 0.273608 0.155555 0.454471 9.9973E-05 9.9973E-05
0.0144628 9.9982E-05 0.290014 0.0352272 0.323744 0.336352 9.9982E-05
0.0332502 0.208068 0.266795 0.188632 0.303054 9.9982E-05 9.9982E-05
9.9964E-05 9.9964E-05 9.9964E-05 0.696419 0.297665 0.00551558 9.9964E-05
0.010301 9.9973E-05 9.9973E-05 0.0252181 0.299134 9.9973E-05 0.665047
9.9973E-05 9.9973E-05 0.379711 9.9973E-05 0.201127 0.0735448 0.345317
9.9973E-05 0.135553 0.161197 9.9973E-05 0.318403 9.9973E-05 0.384547
0.0645921 0.377196 0.0138832 0.427135 0.0912593 9.9991E-05 0.0258346
9.9973E-05 0.629967 9.9973E-05 0.26495 9.9973E-05 0.0681205 0.0366631
0.00980877 0.652697 9.9982E-05 9.9982E-05 0.171199 0.124161 0.0419352
9.9973E-05 0.703142 0.122434 0.0410223 9.9973E-05 0.133102 9.9973E-05
0.000518832 0.384962 9.9973E-05 0.354007 9.9973E-05 0.260212 9.9973E-05
0.00551378 0.549179 9.9991E-05 0.198458 0.0836879 0.142287 0.0207738
9.9973E-05 0.797478 9.9973E-05 0.112346 0.0145417 9.9973E-05 0.0753345
0.00250227 0.711247 0.0702589 9.9973E-05 9.9973E-05 0.215692 9.9973E-05
9.9982E-05 0.354438 9.9982E-05 0.371154 0.0503598 0.161248 0.0626004
9.9973E-05 0.106637 9.9973E-05 0.0124766 9.9973E-05 0.822121 0.0584658
0.0176264 0.0889596 9.9982E-05 0.0633126 0.00724146 0.82266 9.9982E-05
0.00175361 0.124256 0.0321858 9.9982E-05 0.0523078 0.789297 9.9982E-05
9.9991E-05 0.27403 0.132352 0.188587 0.0255491 0.372422 0.00696041
0.0405369 0.0450424 9.9973E-05 9.9973E-05 9.9973E-05 0.826134 0.0879872
0.00329685 9.9982E-05 0.00589732 0.153047 0.260855 0.576704 9.9982E-05
9.9991E-05 0.651702 0.0254968 0.125117 0.0779557 0.0828559 0.0367726
9.9973E-05 9.9973E-05 9.9973E-05 0.782227 0.144872 0.0535752 0.0190256
9.9964E-05 0.150048 9.9964E-05 0.833036 0.0165166 9.9964E-05 9.9964E-05
0.0603183 9.9964E-05 9.9964E-05 0.747674 9.9964E-05 0.191608 9.9964E-05
9.9991E-05 0.0208689 0.00830929 0.770189 0.0323928 0.0969288 0.0712111
0.0185711 0.138783 0.105991 0.736354 9.9973E-05 9.9973E-05 9.9973E-05
9.9973E-05 0.545401 9.9973E-05 9.9973E-05 0.230967 0.143553 0.0797785
0.0185951 0.639058 9.9973E-05 0.113271 0.228776 9.9973E-05 9.9973E-05
9.9964E-05 9.9964E-05 0.613377 9.9964E-05 0.0104055 9.9964E-05 0.375818
0.0104951 9.9982E-05 0.058531 0.0756293 9.9982E-05 0.0788634 0.776281
0.0117873 0.0258528 0.129059 0.034764 9.9982E-05 9.9982E-05 0.798337
9.9973E-05 0.0254697 9.9973E-05 0.0290937 0.283036 9.9973E-05 0.6621
0.020944 9.9982E-05 0.113152 9.9982E-05 0.0320853 0.0477261 0.785893
9.9964E-05 9.9964E-05 0.256128 0.156189 9.9964E-05 9.9964E-05 0.587283
9.9964E-05 0.0290304 9.9964E-05 9.9964E-05 0.0378228 9.9964E-05 0.932747
9.9982E-05 0.0149239 0.583538 0.041552 0.0349498 9.9982E-05 0.324836
9.9982E-05 0.0186033 0.466661 0.0317072 9.9982E-05 0.00679026 0.476038
0.0100608 9.9973E-05 0.341123 0.105263 9.9973E-05 9.9973E-05 0.543253
0.0107013 9.9964E-05 9.9964E-05 9.9964E-05 0.163146 9.9964E-05 0.825753
0.0309437 9.9991E-05 0.121384 0.00202122 0.126241 0.0638753 0.655435
0.00940097 0.0886867 0.266244 0.00515405 9.9991E-05 0.0691827 0.561231
0.0132201 9.9982E-05 0.213911 0.0410819 9.9982E-05 0.0184157 0.713171
9.9973E-05 0.000850378 0.149011 9.9973E-05 0.16004 9.9973E-05 0.689799
9.9955E-05 0.0537938 9.9955E-05 9.9955E-05 9.9955E-05 9.9955E-05 0.945706
0.0189606 0.0285106 0.175331 0.0548863 9.9982E-05 9.9982E-05 0.722112
9.9973E-05 0.0779009 9.9973E-05 9.9973E-05 0.750793 0.0297036 0.141302
9.9964E-05 0.0883639 9.9964E-05 9.9964E-05 0.877017 0.0342195 9.9964E-05
9.9982E-05 0.0308009 0.226376 0.00389732 0.0929888 9.9982E-05 0.645737
0.0240915 0.232944 0.506962 9.9973E-05 9.9973E-05 9.9973E-05 0.235703
9.995E-05 9.995E-05 0.9994 9.995E-05 9.995E-05 9.995E-05 9.995E-05
9.9973E-05 0.109338 0.256946 9.9973E-05 0.555563 0.0778533 9.9973E-05
0.0110949 0.81883 9.9982E-05 9.9982E-05 0.087486 0.0485003 0.0338892
0.0183757 0.59682 9.9982E-05 0.223473 9.9982E-05 0.140124 0.0210064
9.9973E-05 0.367215 0.161599 0.40639 0.064496 9.9973E-05 9.9973E-05
9.9973E-05 0.117928 0.0600225 0.596716 9.9973E-05 0.225033 9.9973E-05
9.9964E-05 9.9964E-05 9.9964E-05 0.733911 0.127325 0.138363 9.9964E-05
9.9964E-05 9.9964E-05 0.126266 0.773717 9.9964E-05 0.0996174 9.9964E-05
0.00434459 0.151406 0.0119257 0.716356 0.0144041 0.101464 9.9991E-05
0.0310346 9.9982E-05 0.019068 0.732449 0.107913 0.109336 9.9982E-05
0.0286163 9.9982E-05 9.9982E-05 0.660271 0.126779 0.12266 0.0614743
0.0479844 0.108933 9.9973E-05 0.712478 9.9973E-05 9.9973E-05 0.130304
0.0205129 0.751418 9.9982E-05 0.120683 0.0725204 9.9982E-05 0.0346652
0.0589118 0.790432 0.108599 0.0417575 9.9973E-05 9.9973E-05 9.9973E-05
0.0258997 0.76327 0.135194 9.9973E-05 9.9973E-05 0.0753355 9.9973E-05
9.99641E-05 0.78781 9.99641E-05 9.99641E-05 0.193797 9.99641E-05 0.0179931
0.00136178 0.730557 0.0727886 9.9982E-05 0.0417969 0.153296 9.9982E-05
9.9982E-05 0.580556 9.9982E-05 0.0298777 0.311388 0.0373358 0.0406433
9.9982E-05 0.0974836 0.119816 0.0987974 0.0124695 0.671233 9.9982E-05
0.00103452 9.9982E-05 0.105271 0.00491388 0.0162907 0.87229 9.9982E-05
0.0182235 9.9964E-05 9.9964E-05 9.9964E-05 9.9964E-05 0.957812 0.0235649
0.00885442 0.0619791 0.0344735 0.0691351 0.0991179 0.713701 0.0127391
0.0184241 0.12518 9.9973E-05 9.9973E-05 9.9973E-05 0.777099 0.078997
0.142761 9.9973E-05 9.9973E-05 0.608675 9.9973E-05 0.105651 0.142612
0.0245898 0.0335922 0.67031 9.9991E-05 0.09282 0.0256636 0.152925
0.0500575 9.9982E-05 0.353462 0.0634521 0.0569245 9.9982E-05 0.475904
9.9982E-05 9.9982E-05 0.0613586 0.0372003 0.0282588 0.006146 0.866836
9.9991E-05 0.0453769 0.125862 0.00206704 0.0913786 0.11198 0.623236
0.00537579 0.10404 0.0745193 0.0477905 9.9982E-05 9.9982E-05 0.768074
0.0273772 0.0420682 0.111192 0.218159 0.107648 0.463802 0.0297534
0.0136326 0.252051 9.9991E-05 0.206241 0.0486126 0.456397 0.0229661
0.0338155 0.0797077 0.00861407 0.0476306 9.9982E-05 0.830032 9.9982E-05
0.0409751 0.248583 9.9982E-05 0.260298 0.166727 0.283217 9.9982E-05
