IBR/IBR_outputs/all.combrep_1/PersistForestCover_Total.Silt_Total/PersistForestCover_Total.Silt_Total.asc
NCOLS 160 
NROWS 95 
XLLCORNER 210004.651214014 
YLLCORNER 7350008.22228844 
CELLSIZE 4999.99999999997 
NODATA_value -9999 
[rows 63 to 83 of 95, columns 92 to 137 of 160]
17.4693685787878 17.8592130766593 18.6419842449194 18.6146813644584 17.4998422114484 17.4478390212235 17.5163840305592 18.0101786934614 18.4414116102979 16.4562050592506 13.989580379634 20.9293066612501 26.0807608651063 22.8338905315853 22.8774253817057 21.0043126081377 20.2466402761854 20.3557298758082 39.3477092406936 40.536731175783 28.0396637605728 26.3962922597381 22.1286459513641 17.083517450169 19.2114865854234 19.6408804953205 15.4696641360602 16.3227828609978 17.1312913702475 17.6560455018107 12.9334980251216 21.2592660870572 21.4367491747951 24.5223590855221 22.1360549238116 16.4966268545757 15.7609390499862 17.3330885874771 17.9562748550305 18.6266713443761 17.4024951589971 18.1178206022543 18.4261128652661 16.1890111707806 14.9748642117235 15.3467950164327
17.4764944898211 18.2954491982412 24.5927466032181 20.4545940758991 20.626660069866 19.1806902899036 17.6878392053331 17.679120005129 17.4278648147722 17.797996850404 16.3598938229751 14.1053599933643 19.1484445594638 19.0333436495454 17.7341070184135 17.7148823758838 18.6155152798096 17.8154012386613 18.4509417854758 23.2895595395696 21.5459656809306 21.8253410498285 21.7412134910072 22.9904789718233 16.5475908320244 16.9287208159818 17.5087030062235 16.4411849993826 16.3011113986703 15.1660309462902 14.7455160178959 19.4678953962117 21.904725706715 22.0011328622118 18.1935302184047 18.1957201573956 19.2228043122232 19.2764825745889 17.5040078360698 17.3213759938828 18.9352942026048 17.1961391341389 16.8519175801528 16.1359268977392 15.628717393071 16.2870605992253
18.1926056711303 20.6354279189707 23.8700116718521 24.3509838295049 20.2635826199237 19.5159414479739 18.602191992582 17.9128389143311 17.6192261565908 17.7989452281318 17.6588540122411 17.827257277534 15.4838417716447 15.5553830801084 15.1872970463668 14.9644233131968 15.2553138479706 17.2617749720487 17.0250862649278 18.0015295860736 19.7256893272727 25.1227936830026 37.0166608506603 20.0186680728332 18.0277740568449 18.1235147224125 15.8302180406651 18.5311174290458 18.2939776694797 14.7876063927902 17.0826975456489 17.8135005381365 18.9579047804795 18.4544805462686 18.170328442775 19.6406435658237 20.641268657051 11.2029838176629 12.310542094091 16.5725188760333 18.6407845288916 18.2040890988321 18.1051962268715 17.1581178729518 15.9741497064858 15.6864360855242
19.5197643549232 18.6124055618801 18.7963125774484 18.2889732431602 18.450700467522 18.9453901350869 18.4230349578185 17.4429453956615 17.4853337030012 17.5327144531049 17.5457534797628 17.4699002452877 17.3620487947893 13.3044811323081 14.3114430357755 13.7750235376369 13.3493382022207 13.3634221402039 14.1779023152475 16.8527505824684 26.386078264473 45.7573973701038 56.6385459602976 24.5366011174041 18.0452789424887 14.517585865865 16.0836695551718 18.666773112975 31.3171696933154 32.5980083922708 16.620276500283 16.0787818810854 16.3133162022491 14.1365711189788 15.7152285547266 15.4522110973657 13.7727368183631 13.198879977015 13.3448582661309 13.5358975093164 13.9968346690878 14.8022803691603 17.6374956847109 16.6734642304534 15.9234898654951 16.6884265845813
19.5138095982044 19.0883673936888 17.794168356034 18.1418354724851 18.2225300580391 17.2711775005366 17.3841977774328 17.7484441062939 17.7786252668579 17.8452660012523 17.5168012858846 17.4667248763264 17.5532702076135 16.3855540275631 13.1058496970799 13.2985082920226 13.0540567164864 12.3010044791821 11.2608016448466 12.1334857537481 17.5509000616345 16.3399379638735 11.0062614139516 11.6335153513888 10.5348433842289 9.86384418303826 10.8219039227895 14.7468574040756 23.5759583783891 51.9861690228667 40.6993018155631 21.0429625714943 13.1820891709625 12.722326391481 12.6193076614871 12.5332798724944 12.5556227285069 11.9632487203741 14.6365269168147 13.6967117129185 12.9725031773208 13.464693001749 16.0832653203942 17.4966655562442 16.4206389792303 16.621799541563
20.0628112588476 18.7419362828706 19.501220473621 18.6925568029259 18.2949569415202 17.590687064577 17.3800188458227 17.3800132009202 17.5425404887455 17.5875086848203 17.692207050285 18.2513238745017 17.8239605749164 16.8262526136239 16.2164009219167 14.6259241256157 13.1939020958229 13.00438401955 12.4837731662966 11.7749260660927 11.7029415566877 13.3513657840116 8.48064628122118 8.82958306014029 8.86397934448705 9.96404865667076 10.9623549802396 12.0025530133854 12.381647283983 14.392187028788 24.9837820597553 13.121784846015 12.563313711174 12.585846485849 12.5397577663216 12.4822847870134 12.4833767956235 12.5157427056191 14.2531211917401 14.3727704748561 12.769554110763 13.605758584924 14.5273398047887 17.3522042349675 17.7191498620998 17.1974151028968
18.7097218696013 19.189665033155 19.265139588382 18.9644996633227 18.7550297194792 17.6831380669401 17.5616567237361 17.4092457174057 17.5167201503152 17.6001356854983 17.3777259138797 17.8131614274301 17.027400381754 15.2084363589984 18.0515113236974 17.9788488355907 15.9848927936247 12.9661131732612 13.0525277814256 14.5566318056287 4.89247681463259 5.43039002596117 9.30385453959383 10.4309967043783 9.20640117346127 10.1089562280735 10.7457131954541 12.0610340746224 12.4254196952636 11.753926074206 16.6078238540915 18.6805818018689 11.3656420199241 12.1678197495395 12.6253018846774 12.478308824737 12.4865507895669 12.8467227214607 15.8673055588138 13.2668773215943 13.209071582727 14.6812450495749 16.2915369011442 18.1190539994725 17.1393807480739 16.3312629915403
18.9554275284297 19.0159761651654 19.4532586600789 18.0681332890267 19.8052093864224 17.7536418202368 17.792842628974 17.4899732104118 17.4391030932157 17.3361334970796 17.2696721698722 17.4190202651299 18.5581906525232 17.9475326689491 17.8305108983207 17.1224557218804 16.87505697352 15.6535044290196 13.8287730226938 13.5219192580292 5.83932820028741 6.11100748899555 9.75000697304018 10.0319786825669 10.4437051982905 12.5557720300206 12.7536456541143 13.7541844870402 13.5297754075186 13.1594040568727 10.909844136553 22.8604245120203 13.5162065486659 9.10426200273482 11.6073500249169 12.5041126755902 12.5222002758229 15.2226097630283 16.8051193175856 15.0665784223656 15.1972312539149 17.5921740913558 17.8735668991764 16.7197110718005 16.1452604960412 15.2597773938536
18.7642536076683 19.0353668262674 18.9928210745365 18.9054345491503 18.2410021765432 17.5754058940793 17.7238901966643 17.6595226368081 17.7023710081054 17.63988926276 17.4537144066987 17.0884397977957 17.5008224296362 17.3738808640749 17.4102476072754 16.7805817659526 17.5770352066801 17.7990225708043 16.4742256444624 13.1298661938116 9.19782250131476 10.4660852849632 10.8469556581213 11.4927239118258 13.2716838403602 13.689298418244 13.5759897514159 13.358013840109 13.3381381058001 13.3758337639595 8.17665087618056 17.0030719095333 24.0751276142388 13.7433811106414 12.5471553474989 12.672913207553 12.9301398212516 13.6527689799676 14.1130151031077 14.7529677009376 14.989740739877 19.0578921763605 17.088704945264 14.5849560307649 13.75937158226 13.737511261078
18.6010876722947 18.8427816056846 18.8214629786744 19.0580711749364 18.6695808652289 18.528208645568 17.8910754380339 18.0744920268953 17.6205339901352 17.8486020028024 16.4995850285243 16.2937112016732 17.6291354091931 17.4079200810632 17.1434533630005 17.3906893932806 17.5160073701206 17.486274719974 17.746611147228 15.0620639101047 10.9862381907929 13.0597442083014 10.8982288490044 12.0873257373138 13.9552384001528 14.3884850904845 14.3775533316151 12.6848968180331 12.807971437622 13.3176391781986 13.5492058228719 16.9311054768645 21.7695235695418 15.1923615140972 15.0061410842711 12.8019169069574 13.2819720674402 15.2946018045592 13.8732858659795 14.7206560561652 16.3387164264639 18.8132437288851 17.4395309092665 14.5027637937894 14.3692563648307 15.2101209382683
19.4675592568667 19.9102566978957 18.5617259987806 18.6542629201205 17.9274806075722 17.7288074624694 17.780188971809 17.9631148075019 17.548082972009 17.1449289526826 16.9126619278548 17.8975327089868 17.8857024316918 17.7823821486975 17.61097485647 17.3409027993277 17.4365704054606 17.526218913526 17.9915380163025 16.5529158326578 14.5073302216241 14.0201788876522 12.0306443111829 11.2429606178957 13.6687201859483 14.6818212442539 14.1985870893108 12.6089070052974 12.5562741237121 12.5353261889059 13.0905119434097 19.3919258675431 18.7701917548739 13.8415301904857 15.1125320622031 25.1867396407423 26.2041186900263 26.3766256432627 12.2976914894899 14.5528175869348 18.4909581509122 18.1484579621579 16.2871038178003 15.4482487280386 14.4898385874834 14.065592153718
19.6248503396248 19.9322867026636 19.1808885855589 20.2891733337696 18.8880610100206 19.1456862510417 18.1365129049665 18.0802973925618 17.9504529082167 17.9625071316945 18.4186371229685 18.1369469114785 17.8007447421668 18.1617859628153 17.0165714489335 17.0629685474762 17.4077081958825 17.7902408967687 18.0301942451078 17.7685833277896 17.6386913525497 17.3181040400133 13.3253519045892 13.0608235346404 14.421531076822 15.4600844615255 14.696269318971 12.6902134443061 12.7587132175278 12.6566576833243 14.3912059563927 18.4061012292519 11.9267766642092 9.88106188692069 12.1485142961865 11.2086428106189 10.6797800556101 12.614167631418 10.629106578397 13.9371208859579 16.5681070840408 14.7452611082709 14.6955281258578 14.7064045130896 16.1798889675595 15.2323435104073
21.0865129146157 20.1581554613996 20.9317252602662 20.2441615530483 20.0853950068086 19.1820123681231 18.6524308885043 17.5999961184776 17.5574579154594 17.4219692975049 17.5399917494793 17.6279892042991 17.1545077535102 17.2706868469476 17.8012293264319 16.3266177733089 16.80576313418 17.2261986760658 17.4265583385788 17.4203153564168 17.2880788182298 16.976928377946 14.4519382922273 13.2895057864004 14.0387099700324 16.0643757142764 13.7500851673444 12.7818034780692 12.8873110939649 13.2171301267451 18.4548896294195 12.6661628965568 12.5146644378529 12.709184692681 12.4938034801342 12.5470985338745 12.5934123459323 11.7741650673784 12.8774010777561 14.1255323121202 15.5057852324572 14.5059343796228 15.24882230147 17.839021578076 18.6281497463791 16.7704900247561
19.2491756617703 19.6135190376845 19.6145130727182 18.3880991853377 17.7325264641653 17.5054968696326 16.9619447492703 16.9074744070552 16.6227360746274 16.8920775551704 17.3039699597563 16.7246730088767 16.9776635495941 17.0746904337876 18.6525107353658 18.9367436049013 17.6691643746725 15.9684132253951 15.849686898631 16.7946113984727 17.3034861576923 17.4244874007488 16.5680007545445 16.4186386318434 14.3938678082251 15.9961615472564 13.4390165782933 12.8705533853468 13.315495020818 16.0676003464332 15.6541453250738 12.7632429403508 12.4926008834037 12.5691295648897 12.4996216705155 12.4877565870336 12.6688956937403 10.0511961149033 13.8271411380752 14.5897406186441 14.8423495432648 15.6353111774085 16.2054382317842 16.0826581312243 16.6585186222741 15.2266352025744
20.4045420718982 19.1747897787135 18.3556876182123 17.7490249733193 17.565646329151 16.9972047358251 16.1266183685002 16.9035487242494 17.1756950139391 16.8584587869798 16.8058734194157 16.1206115630721 17.382717820564 18.3227054313434 19.3364425786537 19.5780434161251 17.3384759070632 16.576785911214 16.6798638419597 16.7958050392711 17.2837011824429 17.4563891544607 17.8383293854537 16.9079698349572 15.7795037587455 14.6847006282058 14.2017417448645 13.9365725439769 14.4586642238301 15.1061981941196 12.71411920058 12.5864586290912 12.491496685002 12.5450467246491 12.5969868576571 12.5522199230334 12.6351476591055 14.6830837127795 16.3540899135216 15.8923641221148 14.8556358377079 14.4592010208498 15.2469892400521 14.0438699595571 14.5695766835938 15.3246872867021
17.8773222565722 18.5158659987971 19.0213116344639 19.153757145824 19.350102335526 18.512476888925 17.984617840927 17.9070278361419 17.3842938953302 16.6868179912893 16.0188877999894 17.3028270414036 18.4563504182734 18.7841282080322 17.9661227066441 17.5060597785759 17.2179993139639 17.3967436852751 17.4534853712694 17.7007673315857 17.6756937682347 17.1717611892216 17.1343409058304 15.9991937386334 15.2394614050473 14.6354161632385 16.1873383936012 15.1405810747453 15.7570720766037 12.8001361720522 12.4867481848483 12.4218040820589 12.5155688140841 12.6052976821428 13.055776901869 12.6988427040231 12.6309231527044 13.7325645602806 15.2080609907552 15.5896054334622 14.8347278803111 14.1063031467902 14.0105524123007 15.0180124342468 12.7444800883784 12.9818155274024
17.6507220657823 19.6151479207388 19.4391657177566 17.3072439950607 15.8729962290054 16.0212908380793 13.8367868701142 17.0633024443968 17.7290460138599 15.7000167584719 18.5878910953839 18.0341772653247 17.7766666964458 17.3753469929359 17.4210436322516 17.2456678120516 17.1907994010443 17.5904108640964 17.8383334849901 17.5098783549961 17.0276038914581 17.2006096129604 17.4067661689689 17.3394222573756 14.1635856367047 13.7580509407183 15.9527627403059 14.7646946510488 16.0973235119008 14.4199623579917 12.6230134738104 12.4924790965148 12.5540132677097 13.0975738742322 13.3568522536042 12.640226943137 12.7169477743078 13.0965196040175 15.7877281149826 16.4704980220919 16.300394582374 14.6142884140967 13.9276780747087 14.3458890958529 13.9253810756267 12.6632577710707
18.6780799403982 17.5634942596713 16.8770842531108 16.717392302305 15.5862715359619 14.8031807486123 14.5774335525076 16.4305807590428 14.1599339962295 14.7680256510983 16.3055765887235 16.1999717266242 15.8588120652397 16.5528162792604 16.6779291495805 16.0810827880325 16.7385800390217 17.7995517864379 18.7279400737398 19.0008566495167 17.2326385162971 16.9072591685982 18.092347638012 18.2251967502201 15.8317445905026 15.6975903824267 17.3366434371839 16.0531444179432 16.7066625034975 16.8976723708743 13.3823766243564 12.6117738888275 12.5449217050777 13.2294033519544 13.5643869279003 12.7672016600029 13.0272704456831 12.3360462514692 16.038540449363 16.841149467605 14.582187435998 14.5091406467554 14.6405629437573 13.9585072196993 13.6992227093702 13.7101118036302
18.231016329768 18.2531776347075 18.5917319604476 17.7854248206241 17.3354886858637 16.4642742553703 14.224521003569 14.3677363316591 13.5804106514374 14.787770522813 13.9386843163578 14.2446417944622 14.705039067939 16.1428346861525 15.8889279551137 15.297410530777 16.6115365323206 16.8866839018069 17.1690935581516 18.4329573123116 17.0307116091874 16.640093052948 20.0868923852322 17.6832789351809 11.1459557891814 15.9710699622318 17.6276144226587 18.9415723070709 18.890710670697 16.3500622814929 15.5138573968071 12.6578753556292 12.9674687506138 13.9307962097065 13.2488978468193 13.1353241485409 14.8073107524946 13.3521548430432 15.6429582115823 16.7153842921851 16.3637064875011 14.593865113422 14.5788950356124 15.9083225117162 14.4589297514706 13.5411798952543
18.04286118264 18.0308472892877 17.8313501901257 17.8407609386012 17.0635981925423 17.3035436183485 16.97324384004 16.4835032338153 12.5407936501302 13.5692754263021 14.7434622377392 14.755212178537 14.8862416967175 15.8001353012265 15.7719873388478 15.9548677039361 17.195397177905 16.7274696900662 16.1883939491253 18.5563177056098 15.1614876074414 15.8761555917444 21.4764397730204 10.9788844957716 9.62663404296683 11.0365364151638 11.9191759914195 12.9407825844869 15.0316376685821 17.979188519567 17.1595400749732 14.5485292762967 15.4495882894768 12.8880383382832 12.7555029544234 12.9467492243362 14.0069031158445 16.718188328884 17.101274165367 15.578574624489 14.0963059629982 15.1062035441381 15.348731552553 15.9072380800974 15.858262749109 14.6720399820713
17.8110910419152 17.3918887428117 17.0124471784886 17.3205937475003 16.4854375149778 17.0749346481893 16.7526984964743 16.9584685642218 16.4857306804043 16.9306596139354 17.0211384568047 16.5290311025771 15.5179280181071 16.3294141421954 14.9726920110922 17.7888997929802 17.1921360074626 21.3241525411733 18.195306940625 18.8503989282476 17.8820683920722 17.627493299433 12.1591777884888 11.9600337964274 12.7835208912104 11.5526511952404 12.2027749128328 12.1957948505562 12.4440742244666 12.5392465226982 12.6996831910015 13.3546934951818 13.3811251459134 12.3954917243348 12.7677093605284 12.1494497623832 12.4664037200786 12.2889710007558 14.4773607846531 13.6559973166376 13.3511868421597 15.3831217488083 15.1611827899316 13.5900846203299 13.97854944668 14.8740514900772
