0,23.3730123282347,23.841634012042,26.4115191238921,32.1222041535369,30.6656459954882,34.5516095414444,30.8199185623371,60.0340103457334,59.9652369266585,90.96558762693,58.5071637431867,59.0781584478426,60.3068028007255,64.7102176403952,69.2143698235655,53.3762060436699,59.1389043284642,57.0572538210355,55.0371076747346,46.4338469730122,47.2683347351664,46.4349553848837,64.6040696697615,98.1462925900488,101.876042220273,63.5465895494472,63.4408361070007,57.0331700139356,55.8927737470993,55.105927101317,58.5335231907343,83.5634865726552,47.6780557768078,74.1262976538501,70.4783833487328,58.4197375098036,82.8160364598427,85.8532466667678,84.0790663253312,80.6877308389792,81.2522133489125,80.6454099042258,81.1266324283804,86.3653176840444,86.3333246305488,90.4904301573683,86.3178999035842,90.6309356831617,86.044382205313,87.2810058839095,50.5049968964154,49.5875994296707,50.7312603651262,50.2667799480839,51.1595199325323,50.1200989935124,49.5825611870184,38.8639469721122,43.3054570366587,42.7288434996054,41.8277861263126,41.1478128314212,77.1003055759167,43.2630375561761,57.869214173259,97.4753441338853,99.0602567683125,95.8583088904212,92.3149973824166,84.9013971294288,83.6268098940073,86.6652708117441,85.9204423950567,84.5682146079358,61.053364203948,68.6989287221809,68.6415505563188,44.855901678101,44.2083310211089,55.1820552735575
23.3730123282347,0,25.8869857818851,23.5030295859282,25.8629966627684,31.1235855728799,34.4462060062323,29.0716741522564,58.9876113547955,58.9229185093384,90.7982908750819,57.4940164213079,58.0564184801663,59.2788420133068,64.7861214707368,69.2265383719788,52.8592311868654,58.6609303202332,56.5407335199774,54.5636332693034,46.7168898453964,47.598121302935,46.7796380496647,64.2123026810745,98.1281609940329,101.836200285883,63.0018423599024,62.9436819505608,57.1881964205298,54.8333513007634,54.0377912053423,57.4989374769354,83.5389834803792,48.0433554065038,74.1121894778064,70.4680259770812,57.4279391860668,82.6806087517173,85.7207197939118,83.9438027011854,80.5353147728878,81.0989454057205,80.4897812465311,80.9702918965937,86.2129516798097,86.1869234814477,90.3401662310555,86.1690374124938,90.4815690852757,85.8943742905305,87.1371136940046,50.2882737802554,49.3923418218012,50.5597399835992,49.9541071850747,51.1567076854195,50.1122182050364,49.5410466652949,39.3218366198835,43.7546376029566,43.2793180886256,42.4125534472708,41.8682514998779,76.5103928882716,42.3812956990437,57.1970758102329,97.365818614588,98.9551673508846,95.751538289586,92.2062444490459,84.733847351279,83.4596954933089,86.5080896479715,85.7642081580987,84.3898681265665,60.7033505212678,68.3636162268067,68.4857940244002,44.8061664262814,44.9870313107354,54.0748987073888
23.841634012042,25.8869857818851,0,32.0739292200027,34.4930143374198,23.8334698787469,30.4039968424382,25.5230861403715,60.1064501919179,60.0256471147867,90.6747474915436,58.6832317492986,59.2459777944493,60.4319737024899,64.5015622010047,68.9445555022504,54.0809703056286,59.8276437411897,57.7480875836124,55.7378300347784,47.1363135723561,47.8052091987818,47.0443496105346,64.1007778542239,98.0058811786596,101.709523609865,63.0321423203591,62.9156001013573,56.9971385070502,55.5979064911515,54.7965323413635,58.370438838777,83.3879411916387,48.0198149952434,73.8214052475894,70.164170567966,58.644880179522,82.5458285727769,85.5858846413497,83.8107406986629,80.4014671057786,80.9660713773977,80.3565654179118,80.8380151206208,86.0844589041267,86.057312718885,90.2121348749456,86.0396945839839,90.3537672556122,85.7655762693651,87.0072703154472,51.2417177592133,50.3444754785461,51.450555800687,51.0252818049021,51.7854483060053,50.7834211359111,50.2792060445453,37.2373533346339,44.0803416235832,43.4708965766796,42.7139374192759,41.9862126261882,77.7069349089333,41.7616785748902,57.1998836150791,97.2349137165921,98.824139050768,95.6204054897892,92.07501575195,84.6069898385126,83.3322601839076,86.3803292174318,85.6358771845554,84.2651048642457,60.3134315756156,68.0117006349452,68.2651706789843,43.8927517145257,44.2417412796958,55.2361338366377
26.4115191238921,23.5030295859282,32.0739292200027,0,24.389189634289,35.6297000123994,38.0928530214273,34.1109625595773,59.8930353267874,59.8406198544016,92.0135500842689,58.2842571707525,58.8564707888601,60.1253660949177,65.9125162786799,70.4111127531645,53.0600782572747,58.8825360811968,56.7579320096737,54.7715079471864,46.9949641847627,48.042738604336,47.1584978650269,65.6345476456134,99.1963579843829,102.929689825067,64.4486539051135,64.3954797469144,58.1545708637684,56.1308168361217,55.3521167778015,58.6530669031805,84.6400664890964,48.6754031128978,75.3295674285918,71.6933977707544,58.1633033121453,83.8749365080218,86.9122662443114,85.1364100090622,81.7453707385272,82.3089516458026,81.7023983847892,82.1827545150134,87.4181129093152,87.3872739872929,91.5428571819085,87.3715482142949,91.6831758350953,87.0975098202646,88.3352252765466,50.4686981019261,49.5522994889877,50.7618794455014,50.1044285543282,51.4680868274611,50.3855860127622,49.7772317584497,41.4758752754808,43.9987909640458,43.5792256936347,42.5872626699878,42.1265895585973,76.8223919808791,44.7387041979671,58.8007412078269,98.5313214623349,100.116447427434,96.9145569200007,93.3712879083069,85.9523470448148,84.6782920950931,87.7172883338067,86.9729988236734,85.6170068889524,62.3254046221169,69.9391120113022,69.7763759461965,46.5694272250544,45.951947075729,55.0091172607637
32.1222041535369,25.8629966627684,34.4930143374198,24.389189634289,0,36.9066110517768,38.8719962936476,34.4586015069231,59.48294320228,59.4354246801189,92.4741082057628,57.9099214536965,58.4723415465335,59.7350212597987,66.5981952860452,71.0345655096783,53.2584414882409,59.1201249269793,56.9547010433305,55.0157461440268,48.0077089181025,49.059294759066,48.2045128984617,65.8781999534419,99.80716295801,103.518162305844,64.5498805091085,64.541549402836,58.9292945299327,55.7252404536425,54.9392992084375,58.2628252490164,85.2411392407463,49.6847077481161,75.92653099925,72.2928618215239,57.8128590748655,84.3664568057576,87.4066933502714,85.6282595980425,82.2199361290762,82.7827510362918,82.17380092321,82.6535275407969,87.8932157870143,87.8682635116808,92.0201132787347,87.8500908439865,92.1613543743167,87.5749524606196,88.8187130015725,50.9904453364452,50.101597060831,51.3266041412668,50.5306130185172,52.1856615314,51.1061790446117,50.4712104103056,42.3854880333245,45.1793819943197,44.8358620592522,43.915225995299,43.5468261509435,76.9305714802434,44.6912446679766,58.7950618728979,99.0492471764421,100.638821317728,97.4352296648199,93.8899577604977,86.4123612165984,85.1386925625268,88.1876238800777,87.4442332790346,86.0663818738641,62.610548773314,70.2358515814078,70.2409952854381,47.109942368778,47.2245755856361,54.5307666138446
30.6656459954882,31.1235855728799,23.8334698787469,35.6297000123994,36.9066110517768,0,23.3654650344686,22.9487488100057,59.895041542625,59.8021421909754,90.0758299991606,58.5675620355744,59.1233821977014,60.2690993208926,63.9906122284866,68.3705135472252,54.4279789057214,60.1598739336744,58.0829582553613,56.0803959051931,47.4855427733266,48.0133290076976,47.3175470256948,63.2836908239717,97.5569477009067,101.234672406892,62.2065227161584,62.0770823850434,56.6578647808856,55.029660314882,54.2147634065961,57.9295992107464,82.9049013465753,48.0563005684208,73.2114547719598,69.5449750391412,58.5739237354368,81.9676355607015,85.0105381178697,83.2344084376009,79.8071970939042,80.371915308583,79.7597053504839,80.2413755873989,85.4955532565092,85.4732616705365,89.6257879496462,85.4534486548832,89.7685445603367,85.1787253107833,86.4254965155944,51.6111002338779,50.7308120150655,51.8044768437851,51.4145773113607,52.0571792636459,51.0881399552623,50.6128865305844,35.1756596512431,44.5045577733541,43.8789593806083,43.2441627863308,42.4964617495145,77.9692772513288,39.7765964017326,56.2104762276186,96.6864146999128,98.2799469573499,95.0744328284933,91.5269701365418,84.0045193839371,82.7296498997008,85.78733567537,85.04326411188,83.6539084074685,59.2366284668634,66.9935935651288,67.5798657068812,42.566746561128,44.0778388312372,55.0148109752022
34.5516095414444,34.4462060062323,30.4039968424382,38.0928530214273,38.8719962936476,23.3654650344686,0,25.0585749581107,59.627058406388,59.5222749621872,89.4097230763302,58.3865728871323,58.9367050586051,60.0450308941107,63.4200812760555,67.7353082855654,54.6478206362542,60.3664115673323,58.2923542450233,56.295752443343,47.7107557080295,48.1213616604563,47.482189897675,62.3939035029048,97.0395634461868,100.691753428076,61.3093956548553,61.1654251819705,56.2553732322492,54.4220811504374,53.594992865564,57.4423783185533,82.3549866107372,48.0180629273014,72.5398340449557,68.8644445740053,58.4330733066738,81.3223778781257,84.3681131404432,82.5909580191057,79.1459140413044,79.7107253914081,79.0958284036314,79.5776994630688,84.8394978014364,84.82205695188,88.9722670404421,84.8000558342372,89.11613638213,84.5247193581351,85.7765608020775,51.8463010313566,50.9801272377593,52.0262231238519,51.6675251203508,52.2079033467829,51.2674621906265,50.8169627019613,33.086736071532,44.8016481603097,44.1713043328215,43.6357614762279,42.8856815687622,78.116800983823,37.5112687609397,55.1403371546822,96.0705592606066,97.6683712015694,94.4610924822904,90.9115744293151,83.334933605197,82.0599348207057,85.1271996281394,84.3835177977817,82.975592166095,58.0649018242939,65.8870534029613,66.8281890829769,41.1285502709821,43.9420324652998,54.7443330613156
30.8199185623371,29.0716741522564,25.5230861403715,34.1109625595773,34.4586015069231,22.9487488100057,25.0585749581107,0,58.4855606747081,58.3961584555517,89.5783796238404,57.1921666073093,57.7399517231905,58.8786014198355,63.7433328041914,68.067984028226,53.4896049359217,59.2552732547074,57.1452169811166,55.1793460590506,47.2243467812817,47.8344458887222,47.1311662727842,62.5820532718705,97.1889872506929,100.848840709316,61.3354397881846,61.260448813064,56.4538072717262,53.5863083388847,52.760236171902,56.523577024134,82.5380608891838,47.961379607765,72.8885637837038,69.2287565438483,57.2191411098032,81.5005575035616,84.5459960998059,82.7670665689081,79.3251200230747,79.8888670550777,79.2746836142804,79.7555127919769,85.0122561928906,84.9954169568656,89.1442107448078,84.9733996949018,89.2876938278753,84.6975515030722,85.9498890904162,50.9296227136709,50.0646476043199,51.1645905713989,50.6478920609329,51.5794027280419,50.5981910580299,50.0877775654558,36.1212526712322,44.3546016507067,43.8176459483195,43.163859291686,42.5332317915442,76.9686111850432,38.3862107445118,55.1997250848462,96.2409497697784,97.838369680793,94.6314177804318,91.0822533941268,83.5076264626591,82.2332715267031,85.2996771479325,84.5565637429855,83.1471262419291,58.6253089269356,66.3905587103232,67.1157564074366,42.4006580746425,44.4641460320472,53.5468096441151
60.0340103457334,58.9876113547955,60.1064501919179,59.8930353267874,59.48294320228,59.895041542625,59.627058406388,58.4855606747081,0,22.4066796711677,101.392139616684,39.3680538197244,38.8763732954349,34.7647203048419,77.9892337856489,81.8915825874586,59.1377525016023,65.012670869662,62.5177267215703,61.220899888001,61.6389876036549,62.6630418867161,62.0086538033762,73.1615605096478,110.215245689341,113.713517325297,70.044490155423,70.7632716665505,70.9366006256287,52.7656000478162,52.6288635780653,48.9497310829749,95.603483646059,63.2824986860763,86.5890564698924,83.0160205345251,43.0483716660124,93.6236537243307,96.6924930383076,94.8835766780606,91.3091101173923,91.8612878336037,91.2302635006235,91.7007440172662,96.9701423940746,97.0064609424167,101.116657726126,96.9634493696722,101.266218871522,96.6757864928812,97.982154098736,60.667547307389,60.1782196428039,61.3603380405947,59.3956376733246,63.5210787995595,62.521547070682,61.7078607558679,58.8012860340893,59.8381984023083,59.8885657773827,59.3757307659967,59.4281301167932,79.5488412386702,59.0268402553631,65.5906054768817,108.555244596213,110.18912169637,106.968983298998,103.40417107269,95.3366582154873,94.068772886292,97.2155080861907,96.4827922242039,94.8803184396295,72.4309471954941,79.719365809697,79.5864132930957,60.0362885202441,62.6960816316304,39.2434302239533
59.9652369266585,58.9229185093384,60.0256471147867,59.8406198544016,59.4354246801189,59.8021421909754,59.5222749621872,58.3961584555517,22.4066796711677,0,101.152610360111,39.769053305,39.6125877171187,35.5386055376429,77.8204182710705,81.7044690966806,59.2057459124884,65.072565554076,62.5853235499072,61.280395183627,61.5934046698813,62.6013319674905,61.9522037518652,72.8669755409755,110.030033122326,113.520052194307,69.7021391773999,70.4407193725323,70.7992360831305,52.3431311277591,52.2342185399665,48.212462852547,95.4131478457228,63.2015117319875,86.3942907610619,82.8220812274957,43.2384730334475,93.3952039578188,96.4650733779136,94.6552465389456,91.074679963413,91.6265768163742,90.9947180427825,91.4649639878185,96.7358420472601,96.7742606731229,100.883117998837,96.7303777821448,101.033005505088,96.4423196878503,97.7508437244455,60.6827653667856,60.1905769645853,61.3676468457207,59.4270173922258,63.496655982863,62.5010923596725,61.6944366032669,58.670856475715,59.7872730162218,59.8312165081369,59.3240297498022,59.3692492576361,79.6231566647946,58.8753602850776,65.3033627542162,108.336246513652,109.971718260626,106.75096730357,103.185434907076,95.0970058532815,93.8292689297414,96.9795094444577,96.2471192701897,94.6368960678541,72.2007837864423,79.4808126326775,79.3525248841186,59.8643695145488,62.5982705206142,39.9282046561686
90.96558762693,90.7982908750819,90.6747474915436,92.0135500842689,92.4741082057628,90.0758299991606,89.4097230763302,89.5783796238404,101.392139616684,101.152610360111,0,100.548763290799,101.120965355729,101.982386526461,84.7695307170883,85.8368839070009,97.3391729829732,102.753873972696,100.89351268243,98.7385812617055,88.5054298318643,87.5273967191425,87.7300897859731,84.9759892470386,95.819767506872,94.8676999082476,88.8677476079276,87.8352742233554,81.6600115179965,94.9100531763096,94.2849584322822,97.5348115897019,84.5357040246069,85.8639269016119,90.7211357239641,88.1453531070825,100.762794838556,59.2064771591142,62.3977094656435,57.9424698694863,57.9204876073105,57.1308419824157,57.8249495382386,56.9568417848479,50.6859652784637,52.9260101528534,52.0437121610098,52.5690443665906,50.9443573662828,50.6883113584949,54.2631654038093,93.2410532223508,92.4808953939027,93.0304335094592,93.7206140293701,91.3773338596969,91.0211634736157,91.09249963299,85.4485842197402,86.9441624487631,86.6602953913487,86.9802544111114,86.6753096544128,120.583838435853,88.9794495657184,92.0277558444663,72.3116993725165,75.2997224382121,71.7692966578089,67.8255463821818,53.9209747612529,54.1065031896075,50.5687487648776,51.6040220574152,57.0478006454383,93.8712779279252,99.4608773826378,79.5812460449912,83.849995721159,86.982130874357,97.0867500248436
58.5071637431867,57.4940164213079,58.6832317492986,58.2842571707525,57.9099214536965,58.5675620355744,58.3865728871323,57.1921666073093,39.3680538197244,39.769053305,100.548763290799,0,21.6935681836642,31.6802412920436,76.756014651101,80.777087953441,55.422300975286,61.2741367402028,58.7237571864659,57.5571503790755,59.493000668626,60.6481611416869,59.9616518356883,72.7163636162739,109.030535097509,112.582326280443,69.8645139339915,70.4865346201402,69.4709393767051,53.8256260001474,53.589160553335,51.0919318318065,94.4615949275638,61.4320135408283,85.5287177202947,81.9554982260915,29.9204073103982,92.7157245851822,95.7780931113247,93.974116893904,90.4385256757788,90.9920147912415,90.3664373559567,90.8379489403349,96.0961869804371,96.1197961912202,100.237689616137,96.0821500549589,100.385086492429,95.7967211993315,97.0899914521114,57.7307018633687,57.3102702503978,58.5129863026316,56.2752695547324,61.0369157031972,60.0144022818695,59.1320306351101,57.6167791249943,57.7929877505726,57.9154676786314,57.3757113835824,57.5054532192463,75.0242880623467,58.1769761007415,65.3485978988838,107.58611381647,109.210023361674,105.993778832878,102.43353384177,94.4957078437297,93.2271722050846,96.351913758931,95.6174174714778,94.0621990756913,71.7859660805061,79.0884640902196,78.7577529784305,59.0754123461215,61.0979193582465,42.1115750471131
59.0781584478426,58.0564184801663,59.2459777944493,58.8564707888601,58.4723415465335,59.1233821977014,58.9367050586051,57.7399517231905,38.8763732954349,39.6125877171187,101.120965355729,21.6935681836642,0,30.4975239695255,77.347510641248,81.3607685058442,56.2858097663386,62.1534180206611,59.6050689097754,58.4204135537065,60.154382854039,61.2987519420165,60.6138173016105,73.2589353695043,109.624437910367,113.172662948185,70.3940089107704,71.0194868674111,70.080541933732,54.2330523350918,53.9955268112072,51.5083821491062,95.0517163648536,62.0681242054498,86.1084127623147,82.5347188717645,33.3313150860186,93.2915412399439,96.3543203916415,94.5501056104442,91.0119945908289,91.5654437532561,90.939501350455,91.4109897110449,96.6701137145554,96.6944834327306,100.811956924987,96.6565070735212,100.959502092738,96.3709601902696,97.6650188472181,58.4903376314021,58.0586849438037,59.2624956521055,57.0554409803627,61.7444344244335,60.7227233001602,59.8472752513649,58.1755356050206,58.4402106763636,58.5548519944121,58.0153265125024,58.1369884216851,76.0602523898538,58.6970020741732,65.8576570525834,108.16599237066,109.790530157221,106.574033865715,103.013494613868,95.0675990870594,93.799077939871,96.9252122673108,96.1908036523838,94.6327233105388,72.3222804869183,79.6274190689267,79.3242975652547,59.6255300916966,61.7025331585604,41.9070726309908
60.3068028007255,59.2788420133068,60.4319737024899,60.1253660949177,59.7350212597987,60.2690993208926,60.0450308941107,58.8786014198355,34.7647203048419,35.5386055376429,101.982386526461,31.6802412920436,30.4975239695255,0,78.392757835975,82.3531742439588,58.2911079326604,64.1532642271603,61.6306355803242,60.3999742481521,61.589602468945,62.6793378669623,62.009118245402,73.9494525623226,110.639434952803,114.16383698261,70.9601199404719,71.6332862224248,71.2250125645006,54.3761181906045,54.1910167966581,51.1006461313,96.0490913317482,63.3812658327604,87.0773893964256,83.5045500444507,38.3543493873931,94.1827924410137,97.2484833396727,95.4419248057818,91.8864069808025,92.4391958107601,91.8108342596303,92.2817900452295,97.5456466511602,97.5758102118242,101.68970908718,97.5354027616992,101.838210434817,97.2488120522431,98.5488338790879,60.2164554277422,59.7623576900051,60.9545258109046,58.8516511846876,63.2989805564145,62.2881173368353,61.4398212406574,59.2430013208309,59.8406337214146,59.9276662530794,59.401739415976,59.4934575893505,78.2856378149521,59.6440475561301,66.4959877039476,109.084499959848,110.713530696467,107.49528933398,103.932701600995,95.9281850833945,94.6600003081358,97.7960352751792,97.0624689917708,95.4829038955817,73.1341708710115,80.4270601131181,80.1868686710967,60.5868952761026,62.9247071890227,42.0706816804907
64.7102176403952,64.7861214707368,64.5015622010047,65.9125162786799,66.5981952860452,63.9906122284866,63.4200812760555,63.7433328041914,77.9892337856489,77.8204182710705,84.7695307170883,76.756014651101,77.347510641248,78.392757835975,0,46.2510657142842,71.2289001644561,76.5557098010921,74.7955024555466,72.5181044605577,60.4862843056654,59.0109721019159,59.4215206903807,68.7201344076927,89.5960026476321,93.3483589570891,71.4499910228463,70.4864583462118,46.801801887066,72.5671587013417,71.8769208782964,75.196479063057,72.5523304645725,56.617397895356,56.4260763864318,53.5160597475253,76.7800766067732,75.4159682083181,78.3903720630385,76.7728764960849,73.7090273729829,74.3378938803728,73.771358217831,74.3107072786369,79.6389883009334,79.432235197663,83.7449213450613,79.4792939549539,83.879390043452,79.2557661009448,80.3186726039599,66.2991304215988,65.5013533790783,65.9469103935239,67.0536944973187,63.6991249315425,63.4249420153795,63.6383781556476,58.8927139504012,58.9792208762749,58.6246819496626,59.1744260737373,58.8149386485153,94.7914269847596,64.0133732691071,70.5091940643568,89.8218068357381,91.3210445889878,88.1415397413895,84.6268026472691,78.5729050931258,77.2652203518344,80.0721772537953,79.2811861810455,78.5751606550376,70.7847605512915,77.0319935063447,61.9827826362765,57.7436182912651,58.3950050450145,73.555260514599
69.2143698235655,69.2265383719788,68.9445555022504,70.4111127531645,71.0345655096783,68.3705135472252,67.7353082855654,68.067984028226,81.8915825874586,81.7044690966806,85.8368839070009,80.777087953441,81.3607685058442,82.3531742439588,46.2510657142842,0,76.0150352033718,81.3841893215549,79.581350280678,77.3516268783245,65.9081798891258,64.6282815541239,64.9347223992572,70.2216619593868,93.2667510446262,96.5485243221687,73.6613887129631,72.5590282463139,55.7297324861683,76.1178949731606,75.4356864381265,78.7974595454368,75.7182347955442,62.4794154088305,44.1684227157017,44.091437047174,80.8595457007937,76.5727569859433,79.6024657359378,78.0139327136278,74.5732734192007,75.233490319634,74.6037681361669,75.1754862257202,80.7625700954833,80.6185113696403,84.930497789373,80.6305832953776,85.0928235336226,80.4105014941647,81.5425193320056,71.4169707619,70.6245358051268,71.1299730174185,72.050985328364,69.1691178758909,68.8315112627406,68.9718377561168,63.2186245352903,64.2904810531992,63.9188431169354,64.3781666432284,63.9943733581811,99.4799076621051,67.9674960301732,73.5588014681901,91.6501228015022,93.226773139443,90.0122126478334,86.4568806085317,79.4819992290441,78.1554596798519,81.1373971779634,80.3377951098498,79.3790470365672,73.7342788860402,79.7158770805159,59.9950811515612,61.617471436989,63.5870556790207,77.4734135288874
53.3762060436699,52.8592311868654,54.0809703056286,53.0600782572747,53.2584414882409,54.4279789057214,54.6478206362542,53.4896049359217,59.1377525016023,59.2057459124884,97.3391729829732,55.422300975286,56.2858097663386,58.2911079326604,71.2289001644561,76.0150352033718,0,30.1567160105087,22.0984134592101,22.6799612093167,47.9363773784866,49.9390430559272,49.1324249889791,72.1243695684938,103.601398028577,107.507153000384,70.8126710207796,70.8963808893456,62.3296532934197,60.5637891125173,59.9836439997191,61.3188647288877,89.3512298436589,51.8898653559747,81.1293124643017,77.5711092894321,54.1351614763581,89.1024520438041,92.1228537268282,90.3485037159136,87.0666254223775,87.627272838449,87.0375761523196,87.5144708864985,92.6948686711667,92.6374655338085,96.8031522289187,92.6343061791667,96.9361644130136,92.3626287755576,93.5722643689774,37.5113518577518,38.1188589836208,39.3276374982255,33.5675721199215,45.5770864533187,44.4815061228921,43.0011345084066,53.5903248557389,47.3866381642722,48.1121734028615,47.5747294048855,48.3070022670118,55.987031746798,56.4942310642205,66.2301160827685,103.569808066322,105.129132132725,101.9383319023,98.4078938146931,91.3065729601887,90.0346278424138,93.0168921422062,92.2716290542162,91.0185072597124,70.3756475540933,77.6868979070799,75.7791946099864,56.0251006559563,53.9142477319785,55.3597615413392
59.1389043284642,58.6609303202332,59.8276437411897,58.8825360811968,59.1201249269793,60.1598739336744,60.3664115673323,59.2552732547074,65.012670869662,65.072565554076,102.753873972696,61.2741367402028,62.1534180206611,64.1532642271603,76.5557098010921,81.3841893215549,30.1567160105087,0,26.5815307840454,22.0007107192334,53.076959737696,55.0500981596594,54.2872508853934,77.6991527343864,108.880896479484,112.80966375784,76.4456178722056,76.513213286565,67.5396354758574,66.3894015562961,65.8095503929855,67.1551823653913,94.6601634061337,57.0437509435262,86.5216175738899,82.9677136690157,59.9574172198131,94.4962432325926,97.5141248662192,95.741007775961,92.4747119952819,93.0354900291969,92.4480666293639,92.9249959494717,98.09951106391,98.0375555852774,102.205640338246,98.036399125581,102.337710093504,97.7653834981039,98.9702853085698,41.1853209110737,42.3533816185834,42.9542473694543,37.9520754174916,49.7620924510248,48.8053118299862,47.3226952271354,59.2123067865432,52.7076085152134,53.4710746993721,52.9953501179871,53.7509585166577,54.9003873854738,62.2180164056459,71.9150781190833,108.937970279896,110.493420066647,107.304195981061,103.775595273232,96.7235395124997,95.4515670654143,98.4253169682097,97.6795802557055,96.4436176488633,75.9835112586533,83.2825990756049,81.2358877416213,61.6145102639417,59.3488270682524,61.2904769564803
57.0572538210355,56.5407335199774,57.7480875836124,56.7579320096737,56.9547010433305,58.0829582553613,58.2923542450233,57.1452169811166,62.5177267215703,62.5853235499072,100.89351268243,58.7237571864659,59.6050689097754,61.6306355803242,74.7955024555466,79.581350280678,22.0984134592101,26.5815307840454,0,22.3124018229806,51.560871250424,53.5355222384151,52.745703932912,75.6820964351306,107.152374135404,111.059093420246,74.3624667793709,74.4500115325512,65.8887853675661,64.0747901961259,63.4992237369587,64.7869902134235,92.9056593567009,55.4762950383999,84.6963800691533,81.1391619445854,57.3831748702076,92.6572466562123,95.6775962475904,93.9031253632559,90.6216611915832,91.1822316165047,90.592613076825,91.069431749175,96.249386641831,96.1919723921533,100.357583021561,96.1888364353707,100.490554670359,95.9171290375165,97.1267433388065,40.8433372678421,41.626131599012,42.6123503252776,37.2350995817601,48.9637433067621,47.9193794282422,46.4536067293208,57.2148631611309,51.0442571158643,51.7689423072756,51.2506350203469,51.9774841687666,56.1723198574495,60.105655363746,69.7932973045347,107.123686200283,108.68293038279,105.492176127373,101.961789247042,94.8612343813936,93.5893357157245,96.5714355479792,95.8262086615347,94.5731792719017,73.9542501114088,81.2622705031928,79.3417264680599,59.6247503659118,57.5422990135709,58.8017416125764
55.0371076747346,54.5636332693034,55.7378300347784,54.7715079471864,55.0157461440268,56.0803959051931,56.295752443343,55.1793460590506,61.220899888001,61.280395183627,98.7385812617055,57.5571503790755,58.4204135537065,60.3999742481521,72.5181044605577,77.3516268783245,22.6799612093167,22.0007107192334,22.3124018229806,0,48.951832246979,50.9534126363835,50.1774985457205,73.698258479065,104.85411786923,108.784437158698,72.4591682658307,72.5211341277871,63.4965819364702,62.4631988454752,61.878873704297,63.272439707347,90.633081912206,52.9643473597902,82.4908799357594,78.9364548502406,56.289963103265,90.4781784570869,93.4958348239821,91.7229772151816,88.4579808416792,89.0188516555246,88.4315998989382,88.9086104161912,94.0829265310103,94.0204797267328,98.1889067038719,94.0195205909056,98.3209136854636,93.7486085717,94.9530093958376,37.0930041536586,38.1495246765655,38.966389281137,33.3527056047949,45.7820304386875,44.7766820478942,43.2689055341796,55.14995855826,48.5717078902829,49.3415984523651,48.8536110580772,49.6184134180138,54.611485927082,58.1809423577244,67.9212745582552,104.918010394108,106.473113958187,103.284016936951,99.7555668070233,92.7081699354144,91.4361472635691,94.4091241809533,93.6632983386915,92.4291367765136,71.9655258058647,79.2664474635631,77.2169535976388,57.5733177571776,55.2600706334663,57.4435196968289
46.4338469730122,46.7168898453964,47.1363135723561,46.9949641847627,48.0077089181025,47.4855427733266,47.7107557080295,47.2243467812817,61.6389876036549,61.5934046698813,88.5054298318643,59.493000668626,60.154382854039,61.589602468945,60.4862843056654,65.9081798891258,47.9363773784866,53.076959737696,51.560871250424,48.951832246979,0,27.3972748087503,22.5113738398176,65.3358531589563,93.2157021165257,97.3609167316316,65.1462698562095,64.8677091477782,50.3267943571361,59.0242543157662,58.3346866695686,61.0240265407057,79.1271887721198,34.7802016092372,71.3153060171858,67.7671573612992,59.0663314926146,79.9739152936092,82.9644630655941,81.2127728798628,78.1107470497529,78.6771647407763,78.1128815000847,78.5942239524863,83.7218304119994,83.6061630798137,87.806915646236,83.6276499500342,87.9299186942409,83.3661306963356,84.5157075367542,40.6399616955461,39.4226598589952,40.0713716302799,42.032780113548,37.6717494795499,36.2838506588901,36.3340517561776,45.2667622203549,26.3359665408584,29.678675834148,30.8618124318209,32.9285091498777,72.439272989812,50.5679620878285,60.9859483639357,94.1603075792083,95.6740085187393,92.5009875853625,88.9914240649334,82.4854563865179,81.210760376646,84.0914094167848,83.3381119239865,82.3023965500422,63.3730967943962,70.5977956229976,67.1109647929914,47.9495808037771,41.0727899974169,57.2129374305694
47.2683347351664,47.598121302935,47.8052091987818,48.042738604336,49.059294759066,48.0133290076976,48.1213616604563,47.8344458887222,62.6630418867161,62.6013319674905,87.5273967191425,60.6481611416869,61.2987519420165,62.6793378669623,59.0109721019159,64.6282815541239,49.9390430559272,55.0500981596594,53.5355222384151,50.9534126363835,27.3972748087503,0,20.3249610940236,64.9423264398661,91.8182089036827,96.0280833837405,64.9974390151624,64.6498784179627,48.4010625344538,59.6359086396694,58.9403647393688,61.7484163519939,77.7714763539964,29.1718591113703,70.1286028137448,66.5906416284329,60.2860994028809,78.9187561000785,81.9011382431874,80.1551621476794,77.1027264497065,77.670403497416,77.1132355508305,77.5954778700224,82.7073379888405,82.5760883809547,86.7859333593331,82.6042314178977,86.9061301081412,82.345318630537,83.4788014768008,42.8347253169522,41.7919403870773,42.1804698448268,44.2698013189075,38.9704922337416,38.1575747713288,38.5571349152226,45.2003188307385,29.688292165173,30.9193366924705,33.0009492695627,34.0365004419604,74.2530113075028,50.8317055362334,61.0372188306745,93.0275106857224,94.528834166997,91.3606638012515,87.8567942260166,81.512062269055,80.2368196402349,83.0896946411859,82.3343861661077,81.3571302485228,63.0984854147004,70.271417977523,66.2270025042016,47.6115461488428,40.0847281433437,58.2236269874604
46.4349553848837,46.7796380496647,47.0443496105346,47.1584978650269,48.2045128984617,47.3175470256948,47.482189897675,47.1311662727842,62.0086538033762,61.9522037518652,87.7300897859731,59.9616518356883,60.6138173016105,62.009118245402,59.4215206903807,64.9347223992572,49.1324249889791,54.2872508853934,52.745703932912,50.1774985457205,22.5113738398176,20.3249610940236,0,64.8058914984312,92.2893201211052,96.4549294415937,64.7532643462307,64.4330093935068,49.1096427907891,59.0929454511859,58.397367821874,61.180131990523,78.1949776686733,31.5390509852437,70.3802866044279,66.8315045656509,59.5848291514007,79.1645366739971,82.1520273542055,80.4033710092661,77.3193987924222,77.8867511557478,77.3249717707615,77.8070926570072,82.9306476724435,82.8086732678589,87.0135592296553,82.8327518295439,87.1356393695069,82.5724625545022,83.7155801968282,42.1489836883301,41.0419140161573,41.5748566828461,43.4811954188291,38.8673212567548,37.8343653690576,38.0498130925579,44.7340942673878,26.2968344999286,28.4524372828857,30.8059961734895,32.3249673105364,73.5048607669942,50.315175499331,60.6785608733601,93.3244216512505,94.8335282298265,91.6622196138587,88.1546838219982,81.7103149927279,80.4351514398208,83.3053104200096,82.5509951561654,81.5387320710192,62.8519186724847,70.0564159070951,66.3368216087985,47.3285810607999,39.7278818179524,57.5639597063022
64.6040696697615,64.2123026810745,64.1007778542239,65.6345476456134,65.8781999534419,63.2836908239717,62.3939035029048,62.5820532718705,73.1615605096478,72.8669755409755,84.9759892470386,72.7163636162739,73.2589353695043,73.9494525623226,68.7201344076927,70.2216619593868,72.1243695684938,77.6991527343864,75.6820964351306,73.698258479065,65.3358531589563,64.9423264398661,64.8058914984312,0,99.2142826099983,101.845306066587,50.7924321252653,46.4897961122887,65.3045958898117,65.3582180277942,64.7312690100396,68.3170435148495,83.9272269374497,63.8552587098256,73.8046021458757,70.3244015062383,73.1258052884214,78.0809884046189,81.2578014108052,79.391529438708,75.140261304169,75.6884447308737,74.9543764999634,75.4259480722171,80.9633516948556,81.1914349005217,85.2026898619254,81.063647394195,85.3926043940494,80.7488331874478,82.2545065231452,69.2209218838941,68.4669099023218,69.2549448997753,69.2553065815589,68.6910674649536,68.0568516136612,67.8479586516051,58.5784274863734,63.3214094021473,62.9436683508024,62.9813180162232,62.5698837733721,95.043815910864,60.5960360100537,59.0473593396028,94.0679548888756,95.861159489939,92.5772010657764,88.9376456834043,78.7985148715884,77.5279696061564,81.0485005729541,80.3341781559473,77.9863711146984,60.9341734519159,65.0210035916516,60.7646435589868,55.7316927017065,62.81903316013,68.8635016189934
98.1462925900488,98.1281609940329,98.0058811786596,99.1963579843829,99.80716295801,97.5569477009067,97.0395634461868,97.1889872506929,110.215245689341,110.030033122326,95.819767506872,109.030535097509,109.624437910367,110.639434952803,89.5960026476321,93.2667510446262,103.601398028577,108.880896479484,107.152374135404,104.85411786923,93.2157021165257,91.8182089036827,92.2893201211052,99.2142826099983,0,52.2232140453229,102.192514046677,101.273486331228,82.5386303453799,104.698159554079,104.040051334282,107.230598978087,79.2645226075222,89.8384004912761,99.4250716528479,96.8058717784238,109.076126399715,84.5011655609635,86.7492666680942,84.6232858520661,86.510840126832,86.8200491481373,87.0026151671976,87.2216661798701,89.3421100320413,88.1292860873927,92.5485642094063,88.7124771198367,92.2673565794283,88.4735554656163,88.4386767345278,98.5037096760105,97.7452606525305,98.0838866795668,99.3599322955084,95.4909532652702,95.3952346693731,95.7098361257587,93.03778059043,92.0813934714853,91.9081666454197,92.4313096377283,92.2408420982141,127.118113614916,97.4400614151815,102.802516087694,87.7853137424254,87.8700309941474,85.4312955395032,82.7276504461493,91.4731129743852,90.3474289094189,90.6928192323073,89.9728782911913,93.1378356193016,104.141554213463,110.199901997096,93.465315842809,92.2267106303242,92.8200783144727,105.851467537701
101.876042220273,101.836200285883,101.709523609865,102.929689825067,103.518162305844,101.234672406892,100.691753428076,100.848840709316,113.713517325297,113.520052194307,94.8676999082476,112.582326280443,113.172662948185,114.16383698261,93.3483589570891,96.5485243221687,107.507153000384,112.80966375784,111.059093420246,108.784437158698,97.3609167316316,96.0280833837405,96.4549294415937,101.845306066587,52.2232140453229,0,104.99575452613,104.050251850297,87.1346300170757,108.043284108579,107.389462883478,110.593984196234,82.5623333743929,94.0871642909531,102.552572998645,99.9709342274996,112.654389024337,83.5496565193526,85.6651246677619,83.3059438341887,86.2249709453124,86.444422587882,86.7795061100598,86.9125133139618,88.2172124540135,86.8089695272829,91.1807578384809,87.5093098724846,90.7807830674631,87.2432193607075,86.9889092885578,102.574636430492,101.814835452933,102.190257662368,103.367586629173,99.7576220911462,99.615124818385,99.8879414384509,96.6831174722329,96.1486434862931,95.9531132474006,96.4443596266747,96.231305902998,130.981394261142,100.961942513297,105.976895382762,83.4183615035718,83.0330090394778,80.9296147606516,78.5560251893622,91.0353266176553,89.960739014354,89.7612743870515,89.0764857541273,93.0163987490598,107.360037602668,113.342556853369,95.8798530130846,95.7332663131379,96.7429224822274,109.357004929686
63.5465895494472,63.0018423599024,63.0321423203591,64.4486539051135,64.5498805091085,62.2065227161584,61.3093956548553,61.3354397881846,70.044490155423,69.7021391773999,88.8677476079276,69.8645139339915,70.3940089107704,70.9601199404719,71.4499910228463,73.6613887129631,70.8126710207796,76.4456178722056,74.3624667793709,72.4591682658307,65.1462698562095,64.9974390151624,64.7532643462307,50.7924321252653,102.192514046677,104.99575452613,0,36.3491237464491,67.1006003777696,61.4216976512374,60.8378556991886,64.448170626308,87.1236071107632,64.2021184453771,77.6243620936347,74.1292377617878,70.4018992488581,81.9533410131998,85.1092669806376,83.234012185856,79.1327991618575,79.6684813579935,78.9622561144436,79.4202608793729,84.8475148318899,85.0532312679259,89.062116002278,84.9384399640684,89.2410319094872,84.6214672657653,86.1024508645584,68.4537535276392,67.7198855741906,68.5828647980069,68.3062962824268,68.4239367444308,67.7156525673766,67.4093557035107,58.0189434191878,63.0823467842171,62.736893537286,62.6613094264264,62.2818203217334,93.5226167735547,59.0172067849309,54.1552389699119,97.7009482080791,99.4672006324387,96.1955015067143,92.5701420055726,82.769604169955,81.5089232175991,84.9543857348816,84.2446525332161,82.0051347556152,61.4719434676886,66.7771384989626,66.7259263738578,55.6680785272837,62.9194288059622,65.8320879035299
63.4408361070007,62.9436819505608,62.9156001013573,64.3954797469144,64.541549402836,62.0770823850434,61.1654251819705,61.260448813064,70.7632716665505,70.4407193725323,87.8352742233554,70.4865346201402,71.0194868674111,71.6332862224248,70.4864583462118,72.5590282463139,70.8963808893456,76.513213286565,74.4500115325512,72.5211341277871,64.8677091477782,64.6498784179627,64.4330093935068,46.4897961122887,101.273486331228,104.050251850297,36.3491237464491,0,66.3492072646219,62.4029842418912,61.7919055893649,65.4562103410121,86.1520937197185,63.7706304274236,76.4368442024616,72.9330258429066,70.9772886177232,80.9018507740671,84.0606815985501,82.1897251609535,78.0649877546166,78.6043400763805,77.8931785050907,78.3549953782944,83.805894490199,84.0126025235941,88.0249289741126,83.8964885314311,88.2058468399973,83.5808900431495,85.0633200286285,68.3671146318283,67.6251651712141,68.4683368935807,68.2739772145546,68.1925909160835,67.5026713832023,67.2235657788313,57.6797957406364,62.8044608854916,62.442972746603,62.3979335449022,62.0015017171437,93.6810653511346,58.9527921813734,54.7005747238245,96.6886965633257,98.4582408349906,95.1847863868193,91.5574233001335,81.7182950292461,80.4549292976962,83.9110818786751,83.1995400139079,80.9504325486382,60.1191751650092,64.9332652005939,65.1728578095237,55.0622243632236,62.495199970069,66.5022462071995
57.0331700139356,57.1881964205298,56.9971385070502,58.1545708637684,58.9292945299327,56.6578647808856,56.2553732322492,56.4538072717262,70.9366006256287,70.7992360831305,81.6600115179965,69.4709393767051,70.080541933732,71.2250125645006,46.801801887066,55.7297324861683,62.3296532934197,67.5396354758574,65.8887853675661,63.4965819364702,50.3267943571361,48.4010625344538,49.1096427907891,65.3045958898117,82.5386303453799,87.1346300170757,67.1006003777696,66.3492072646219,0,66.2163354282823,65.5234427511629,68.6979828307948,67.7339704590634,45.5730928572976,62.7380450526308,59.5478105931266,69.3793102444736,72.2640785220458,75.1696980718042,73.4937947516368,70.9026802443778,71.4874392431053,70.9974304138594,71.4926113515863,76.4772317190746,76.195497656127,80.4995400475329,76.2865010111093,80.5958623135164,76.0552141044975,77.0341454651121,56.5871339307304,55.7960305603893,56.0576958728973,57.6580054558461,53.0045066163236,52.9502732086818,53.3770429973485,52.0331048897655,49.2927137410999,49.0878323828544,49.8340199936896,49.6364158920095,86.0812195825781,57.4766652559951,65.185350006014,85.7191595605029,87.1108305343363,83.9829299440275,80.5271052393128,75.6741727782451,74.3916559522106,76.9818705837488,76.2046988410495,75.795638404347,66.0102217516638,72.5962788323761,61.9393285410499,51.9557866001142,49.8785848933353,66.5028395277347
