IBR/IBR_outputs/all.combrep_1/PersistForestCover_Total.Silt_Total/PersistForestCover_Total.Silt_Total.asc
NCOLS 160 
NROWS 95 
XLLCORNER 210004.651214014 
YLLCORNER 7350008.22228844 
CELLSIZE 4999.99999999997 
NODATA_value -9999 
[rows 42 to 62 of 95, columns 46 to 91 of 160]
31.8432905203845 31.7275939691435 30.0399952805132 28.1780770020072 25.4377463747959 24.4224882440362 23.5943504222271 23.0271606112853 22.8338861564277 24.6268187688081 21.5020156744154 23.718060846363 19.1158345614569 12.7394516873475 15.2015104130944 22.068030955346 31.1441614373123 24.1658001540662 22.5319316209676 22.6388106086098 25.53663869702 22.1565466482077 21.0964143639994 22.2071591739212 31.2617129530836 39.8956454833777 44.926813792633 28.9233804317882 28.4099838331424 25.7492409876756 17.1381726078396 20.3304599026431 22.2173408028314 19.1731228721126 30.3372969204601 22.5187106182975 20.1372422838957 16.7013548099429 15.1878544869308 14.4759767585021 15.0743341006377 15.5971935120407 18.3074782178061 15.0429903015896 14.1375019657419 13.6600155511596
31.850915369527 30.9096736471704 27.5161464961988 24.464598205426 23.5102200954689 23.3120594966847 23.1643077568207 23.8565038369893 24.8680252789766 24.2473315009053 32.1514018470612 42.6128098466289 62.6014797013746 29.6052716782178 20.8668501301464 27.3063612257914 32.7313799567877 38.1797285524825 22.9315701340896 24.0106606525689 22.8496738175229 23.7757797495211 25.5356305546984 24.3145550499528 28.0926961017053 35.7250664798376 44.4420849479203 40.1970914742306 21.3237605068675 15.0417112755598 13.4322208310025 15.2357629351677 16.3775941331023 20.7805065987212 25.804423594603 28.9773587266627 26.9270307446214 17.5196310945283 17.1791768330489 15.4109740083217 17.378227841874 17.5731053880284 18.4741557382455 17.6992148096781 15.5570801054087 14.3256109323806
17.8026345746845 19.8028906589365 20.4769979165902 21.6193614845589 22.3952961632953 23.1336990865393 23.4398299187211 23.8260139913369 35.2748241678674 43.6159146084888 34.7672942511359 25.7454137090544 32.6626629359789 52.7992587735503 42.2777096135386 32.2700018366374 26.1678965227078 29.1293469927267 37.975811535684 39.9973752698035 56.6070611563828 31.8399716886852 18.8815912515677 21.9051188250157 22.2642247270654 24.6207183243675 35.0414956005497 41.9869487905164 29.7695216877903 21.2842665046181 15.6387695164172 14.5180477873887 20.0036810544206 47.4874020034781 25.5963467579519 29.167088655887 26.1118606225773 25.9299513859518 20.7053157289028 17.1392928743917 20.2473173871203 19.2420245229387 18.2379517944195 18.3064867064111 18.2137255099961 16.0783837034766
16.9930553314154 17.0575960119528 16.2180726914014 21.4510534361003 23.1667702576653 21.8739564153456 20.085167339944 26.7326414954319 42.8600800487676 24.3459111737459 18.654208891174 18.4649797564077 21.5713906715951 27.5393872399162 42.9870400352059 46.2112879771616 26.6355679445985 29.03489401999 48.6572037722815 92.5629193203026 79.4739697908548 62.5649126782939 24.7460794725319 21.1412208958321 19.0501346057934 18.2634144373939 20.7647473221146 27.0513620817514 33.7288340376874 30.0367643797497 24.7110056072836 17.2416759385323 23.6821049656741 37.4068766577538 33.5470025954835 21.78184921664 25.2033295520577 28.8979253123846 24.5383055703812 27.1368549448406 23.7883279362661 17.9147622109016 21.2651774586169 19.6714345700392 18.9176274806381 15.617223687494
17.2130326648437 16.770195807915 16.4086665329307 16.8184904436806 17.4100476899519 16.1856843447477 16.8687798555754 17.1214800370165 18.2967798224253 18.5288396585221 17.1393789547176 17.1690825196808 17.5498458292248 19.7423499741029 19.2426473965424 21.6505350874202 28.2775819195495 25.8666201655672 27.3980428276796 43.9877956842481 33.2087635705087 29.363006743487 24.3572293945654 21.686990428061 20.0874946890351 18.5202329362094 19.8447880583272 21.2953737795532 20.5374959351402 29.9795371898501 26.4905042573138 21.2994976724887 23.8420620045018 36.6938082965842 33.4172736228833 26.5269662930103 24.8012376556352 28.9703465823579 31.3935905836866 28.0744639725504 20.9808175334434 19.0972822099544 23.7096016718793 20.3436753688609 17.171158405821 14.5764188343165
16.9883954893773 16.4550605078771 16.3442692555905 17.6366974030362 17.4350544292182 15.9910848479086 16.1725214621608 17.0638071497158 17.4322994169037 17.3943618699824 17.2076381845334 16.6571929920453 16.7647312933406 17.4111561951228 18.9692572189352 20.6309967336498 23.6145707070965 18.5515776166826 21.3773330321158 20.8413459606784 20.1980781004724 19.1215452649875 20.3714788864557 21.4598119872064 19.9854010898942 16.697997392556 21.570037257744 39.6928340968893 71.9969302663982 50.3119086269445 23.6519934648109 21.8699144843445 22.4503424905451 27.9202275709127 33.1782201642623 37.2741801091838 32.4048347098495 31.0154334683397 29.4041242639535 22.8564291453059 21.8028998293092 24.9306181299954 24.3228381629296 18.9510388133943 20.272352937016 14.8783584964602
17.4546325582562 17.3979859883618 16.776254590324 16.5606746929738 16.1269240723698 16.2374519572251 17.2030815590186 17.8394097173371 17.1913231602789 17.1378100201173 17.2539972752068 16.9835039005772 16.9944074536912 17.1428108486713 17.5994368824182 17.4033267736171 20.7882859871304 21.9619131248083 19.9715391182662 20.3214602525454 21.3097648195636 16.9494418269839 17.292182842275 21.1061774730493 22.4850382400113 27.5058900353671 56.5857152511473 88.5351157639361 87.0181067876146 71.7501576590644 79.1839813376403 39.9144822090945 23.5275245614355 29.9881159547403 29.678742039737 32.9451340722907 30.3467466409869 29.2446890221078 27.4254833544025 28.2531149497761 28.4154978164331 28.6468070654857 24.2330821651652 25.6987768150434 25.825855559919 15.4542669826863
19.0960120883195 17.9793384634584 17.5703121375014 17.6071221723272 16.9425005408004 17.6329269244754 17.550819830976 17.3903500055367 16.8033759464092 16.4151220007621 18.0337253790471 18.1180100076638 17.5507226171708 17.0923481362643 17.3899880166441 17.7025930005072 18.3038570072988 18.2473496877293 17.8309428107761 18.4296750966804 19.1644696301278 19.2871554587576 18.7707991945145 21.5260084019751 20.1034565739873 23.7262855097816 31.8615337450665 26.937366236452 27.4939018044232 34.7690785243198 54.4456832063963 98.8111286927898 54.5779153601657 26.3811251916131 36.7738140828975 28.1015394457099 28.4829091514626 27.2956429982264 30.7587522722442 31.1715017608059 29.8284639687975 29.8647089150308 25.5780139046198 26.6015500635106 23.371079100647 17.1852372083679
18.4180261661064 17.9192192079942 17.0465842810184 17.0025654300996 16.7233421773625 16.614757921941 17.3324883050251 17.2559927570929 16.9191326211399 17.5333403517618 17.9690692574235 18.6152206738935 18.8273808428418 20.5256060266743 18.1004986902213 17.8097443474618 17.9829857212962 18.0237123331488 18.0058955066965 18.0014931458157 19.5514056342229 18.9771882138415 18.9619042626291 20.4728944647679 20.4427029410611 20.3645049263212 24.038706868077 19.7704485491538 18.4256507415349 19.7841407474641 22.1903944091208 28.8205345810926 51.4992472251619 25.4823622505144 26.8725118004546 29.317886291636 28.3672048098615 25.4277854960979 28.2244788782403 25.13588997359 29.889416276927 30.1566034422266 36.6435200637724 28.9996539174876 22.4392431835527 18.9258231984143
17.0935045171035 17.4836575755312 17.4635820358908 17.4183453535071 17.2004970334925 16.3577824981607 16.8836639685087 17.0833392557776 17.497612848693 17.0559477038452 17.9442320478565 17.876044741003 19.1261851041686 20.0240386308539 22.0894404549705 20.3075555884108 20.6108016733979 20.0149701340185 17.5253371560817 18.1388474163004 18.6586854425608 18.985780807783 18.3217410169303 19.2644680163682 19.9590105240338 21.3581207383026 19.2765532693882 18.422104413809 18.2702604471209 17.9941500161324 17.7600872626602 19.5872205650269 19.9746128191811 32.6083642562111 27.1803350785561 27.1333767243824 26.3845900961139 24.5945396597927 21.8954690355281 21.580200490114 24.4285215619087 28.9048217482506 28.6544477454961 32.7144638928893 34.6381133170176 19.2523804351994
17.2605870404089 17.3087789854212 17.2757959982484 17.4889488993681 17.2679842138294 16.7571112493393 16.2019309804116 17.0786879019746 17.7268082862029 17.8098287795194 17.8045309188752 17.7048534376608 17.9802947243857 18.4198269236384 19.4372539657363 20.2969355433566 22.3045295445007 18.4579897074801 17.5514070402719 17.8527886740501 18.8643490064764 19.2076698209601 19.3847375182244 19.0698684698396 19.554063280406 19.4655317387471 20.199842141449 18.935470762725 18.8428009517374 17.9012087217954 17.8352023156713 17.9235065587201 17.3331725119392 40.3724124166998 23.34315025829 24.9762783544589 23.1840036545728 23.1254180599257 25.4796389612209 25.0206337256653 24.1677204929287 24.2436847095306 23.729683303206 25.7333844099493 24.2763697015825 29.1314184394443
17.4593308361741 17.2538467743503 17.433816488885 17.6426972904365 17.5576370175618 17.698966257693 17.5936909324798 17.721140222061 17.8400001957013 17.8707334711907 17.8916258501379 17.5764143908562 18.8016584676109 19.4049580147929 19.8820360166011 21.0823292954507 20.7197159668442 18.1119477660705 18.03212814862 18.1575547060457 19.1632903674736 19.6010321122879 20.0582387429458 19.5654288194145 19.8234444868989 19.9351643587732 18.5755181963675 18.5397011692982 18.2924386335798 17.6516171171304 17.504247293973 19.5618554599218 21.013001442392 34.3051700448666 56.3971995928251 41.3520731799175 35.7497304467978 25.9935696122858 31.4845475684789 28.7146744437462 28.4749102025981 21.0394508694745 22.3506302517183 21.7262823114421 24.0359110165373 20.3373019352529
17.398229575343 17.3481062769571 17.5650068551782 17.5990111173267 17.6012286064272 18.2995484590766 17.9056255855574 17.8767154521011 17.9225368886593 17.9573863654204 18.2661788284339 17.4112283579909 17.9436913238443 20.4363493014679 21.5117454689492 19.3404441134959 21.4935850272799 18.7813773345004 17.3560927631691 18.4079259063155 18.4338699223609 18.8888109904719 20.6194915206836 18.4504343664213 18.4174786822159 18.5128788908312 18.7864518430351 18.4624817561092 19.2169018301499 17.9681134450228 17.71129787984 18.7102171015009 19.4891470529312 18.4059250009423 20.6913084391304 37.218180996442 31.0428040134325 40.4622297024054 76.3016414875799 94.161892598298 91.7984875267723 67.4194905706818 58.4156915947134 20.2367383793201 18.2375433145085 19.2087309124293
17.8725088364979 24.8255946478646 19.5646641024124 20.2931375857282 19.8019039228114 18.9204014932334 18.1139002311299 18.0674920966264 18.0910341545103 18.0436077209787 18.2281606509298 19.8076624044586 18.4340173599052 18.2252274339679 20.8668188519745 18.8931542636766 21.8613334798823 21.0101109486943 18.9378572339797 17.999947680941 19.2567457029683 20.3739250623535 20.932234809105 20.259327387331 18.3525530371135 18.3285419574954 18.768438869719 18.1444293746304 18.643046432483 18.1524257717613 18.2637055982805 18.0958416986446 21.7341706874237 20.6160292284565 22.8550663962899 22.5712290273306 19.4432067953174 22.9837181843307 22.950875788201 18.4193860367727 26.4319054287505 46.2367079780228 40.2931616941002 39.9210639381028 49.3408896298298 24.0749380442757
17.4616471570415 18.4938683845065 18.9936002075948 19.4139314682512 19.9739129843163 20.8012747236899 19.5243950568236 18.8111929301045 19.3780110519571 18.3825338699917 18.4025050947062 18.9628841916456 18.9280127104768 18.632140133006 18.1013066569737 18.7179068462084 19.9852014966571 21.4235006712128 20.3160617244848 20.0578005408654 20.0169413891898 19.9006193309629 21.4639425924185 19.4011351088386 18.1667060045898 18.7232608021467 19.0117832401896 18.2353880274547 18.2743824007188 18.3523941119607 18.6706711903888 18.0614681366634 17.9751370110206 19.0406181416475 18.5718211607403 18.1474051214899 18.1701815684599 19.0842574490778 21.7036155563582 18.260812261811 19.744276753328 35.7981198113558 44.9841990904359 27.2017455376023 51.7801138829823 65.3158982002133
17.5331930748172 17.5838665492905 18.5491741940244 18.3894588160049 19.3668107365162 20.288789990442 18.5497079519583 20.2840969915738 20.0739127430573 20.1077125718175 18.3694655149248 18.0603129099931 17.9977830439889 18.0900457671543 18.1478269513358 18.4154294426732 20.0405566712603 21.9242131627099 20.4826518303116 19.3061807265906 19.4552987334832 19.4298814340674 20.1777281429221 19.4660953632156 20.08581176364 20.6504578662412 24.4631347679286 27.166446333087 35.7994338130497 31.0716205390404 45.4218349891527 29.8104242288484 18.7627842648289 17.8993683441892 17.9396865898429 17.5546573115248 17.5079937915953 17.5212134649927 17.6336673810721 18.4417003144421 23.59258909628 20.7435071034357 18.4467897038994 31.8743940165951 28.6408714515295 21.1873486036298
17.4424946171296 17.4243329562732 18.094741808848 19.9991988423844 18.8696012417535 18.5317260845305 19.4429033718723 19.3196032123287 19.2403265068578 18.2301498314513 18.1363704023448 19.4666300602849 17.2629980677937 18.1235118883815 18.2774480823624 18.4445693978965 19.7883812918796 31.0114756903952 19.4376996741942 19.9885036210261 20.7867984330072 21.7304837006865 33.5146952553228 23.6872516340945 24.1929769877345 39.8262629714074 34.2076027184694 29.3900209581102 69.8872859403182 30.8465668485376 21.3574993314707 30.5766457695447 22.6130774796943 18.0100519262099 17.7363184223234 17.758403973418 17.6450615178942 17.723823940154 17.6278787396268 17.4009250369629 17.9345675176788 18.8366469357954 20.1731697395443 21.8386060724182 17.3955111186145 14.3607035613896
17.3163662463555 17.4856006273645 17.9843990005958 18.0685707901459 18.319014259067 18.043675038376 18.0798461793551 18.3359041030638 19.6739003473661 19.3853694051779 18.2121966558355 18.8148358351688 18.4528277620336 18.9314723290595 19.2722735399832 19.0638297302469 18.7286054223993 18.1574116939608 18.2498359968057 18.4873491489335 19.145868368397 20.3361795037993 23.2028182526817 20.1857145719061 23.2333272092083 27.0451488429681 52.0624705379749 45.0100137544685 62.9049493316635 39.9101414000099 20.9522646286934 42.0528559877798 19.5566434194267 17.6895460317982 19.2924530688094 18.7925461696382 17.9665147934069 18.0327220207563 17.7102062059124 17.5631356661558 17.6910613738352 17.7027270002958 17.8214770655105 18.3731834605587 20.1441598941059 15.7457328338171
18.3504895706236 17.6922629431124 17.8619370958023 18.2041149032018 17.9281002428992 17.9706008051623 17.9274202161823 18.0089512812102 18.1512373094959 17.9938887626776 18.2106375846956 18.3533365314666 18.4840852244853 18.2249030708927 19.6206693530437 20.1642291692295 18.1271862677702 17.8599798721987 17.9825777858276 19.6550583124345 20.5590102408091 20.9430538518059 19.9133847091948 20.5089209942689 25.4423196057435 34.5877160379332 23.8557757216868 21.6994063979553 22.0837907483668 22.2943713194282 21.6475459007641 51.295004672451 20.5094148142851 17.3421633730374 18.7750389237659 20.2498494072074 20.3694176391898 18.7419815269249 17.9925932054416 18.0372247066715 18.0685558505407 17.4436888437676 17.4154684890444 18.8589892841235 17.4497535150259 17.5913080781103
19.7006807446616 20.0319415772385 18.233087659742 18.173791715539 18.0930441397907 17.9635234534487 18.162289059578 18.4136408731415 18.1794089769542 18.706111852616 18.7556883056754 18.7989736542437 19.632696760635 18.5834237305524 18.8890764259335 20.2957697013003 18.8571180675796 20.4590825425579 18.6176679851621 18.7584498438928 18.8562456607202 20.4902321048546 20.0779718291265 18.3924584380629 19.9754742414571 21.4517217081818 17.1535685365344 19.366464594055 22.5251906960921 19.0181371303692 21.886967100411 32.9088091805306 24.0686956754662 18.0044642643292 17.519895028781 19.640955468427 19.1019384580492 21.420587047776 19.5546603887959 19.353522690212 17.7436041221097 17.4012411639783 18.3412662258568 20.0106448124674 20.4547836797476 17.566149384089
18.1796727075604 17.6652300084025 19.3664087415982 18.9111586516362 19.1053602709182 18.1278933914819 17.8772623988 18.0619499042069 18.1701381384553 18.023913525339 18.2232070265269 18.7892520408729 19.7316586273797 19.2334632368943 18.5359579135471 19.0248767500055 18.861282974238 18.9087212661191 19.5998080400128 20.3000029574306 17.915003667774 18.6171121200628 20.5231976958946 20.9777122503708 22.5262883996368 17.8406056873333 20.5339313997105 20.0382755499065 20.327737234096 23.5240410082156 21.204150212578 23.810816135776 24.3465323821083 18.6607755707423 18.3222131822133 18.7061757920496 18.3332281592637 17.5665764332014 20.1183006078158 20.2588778987838 18.3476976168579 19.0158148507474 20.5268173201279 18.5960181858311 17.8165647064926 16.9491677703263
