IBR/IBR_outputs/all.combrep_1/PersistForestCover_Total.Silt_Total/PersistForestCover_Total.Silt_Total.asc
NCOLS 160 
NROWS 95 
XLLCORNER 210004.651214014 
YLLCORNER 7350008.22228844 
CELLSIZE 4999.99999999997 
NODATA_value -9999 
[rows 63 to 83 of 95, columns 46 to 91 of 160]
18.2781202210261 19.177480215304 18.0892690237342 19.5786417364709 18.9404448174641 20.1322676718209 17.7391444817555 18.0548319128217 17.8886488853643 17.9888577393308 17.5370119748212 17.9090764571478 17.6413939463905 17.5591537874576 18.2739957095926 18.5306340163522 18.4899418351826 20.1642059450308 20.6909121106026 20.8862415525369 18.1808097736989 18.6312746818842 23.0688339157958 19.0863710411686 21.7038652381228 22.3835930098506 24.9181559147481 23.594721719254 18.2937996309604 21.0553670652386 22.3661092407009 21.0102310649498 22.142621695186 19.0189053111557 18.4085583818677 17.6361244520021 17.6626644929695 17.496802581061 18.098681357272 18.9988883231848 18.4926226109469 18.9040529522095 19.441225539437 17.8384102103258 17.8353744024276 17.7196574153392
17.9506032759121 18.2992134043799 17.9011382458485 18.0585655866643 17.8929255324264 18.3374155604782 18.2273384157555 18.0452393224027 17.7014991254338 18.7753955503349 19.5190657378015 18.0237891088034 17.0074906804607 18.7226529826065 18.058167185307 17.8391206517188 17.5299424008647 18.3667633266221 18.0846766156986 17.6942874488544 18.3500174437766 18.3039626344977 21.5154655736677 20.2237284138713 21.6216988675275 24.8246228291572 25.1885746340853 25.9850324764926 20.0836723328515 18.9195598897332 19.9223118837413 22.7708999453076 20.3302446066819 22.8092916919724 22.4897248328898 20.0557129745867 20.9679552683009 19.759069791093 19.0447988536472 18.3618696964786 19.8906605652069 19.3606708937115 19.0735015562701 17.8491092491758 18.9289656418561 17.5974300008406
19.5370992632345 19.35116760065 18.6253195615876 17.9689748919348 17.7689149038138 17.8088681316093 17.9503713636908 17.6556727301778 17.9155709616806 18.4306135833965 17.8713128261014 17.9940142392767 17.8599346027614 17.8732306900365 18.0018982079782 18.4823658899765 19.0396438108457 21.2119652410052 18.4604813452847 17.5233966153993 18.0268634126542 19.0091795323487 19.2734636665066 19.3150251464013 18.5401464490508 19.4573446721503 18.2639261840965 20.7376052096323 23.09156018443 20.8324386033837 21.0027315622715 19.5910809793724 23.6974301463046 21.251103760099 21.3563368132067 19.7615464009764 19.1938307342214 19.5396096097766 20.1625223722155 19.9580887345569 19.3996610862927 20.5265622962454 19.6187094870558 21.1610006748293 19.6841628209733 17.9358958641555
17.2805874365237 20.6943930063872 18.96892696383 18.6650096392371 18.2084283637621 17.8804687819425 17.834710668444 17.1588954480647 18.0609608317208 17.1879224343719 16.8804189720932 17.8595992087664 17.5737009245249 17.9280574818469 18.93804293817 21.6433694728129 22.4567615164646 20.5058064186567 22.7707419545469 19.1227754899594 17.9343089745512 18.2421581672322 18.185268858699 18.2832499569307 17.810040657007 18.3672861135109 17.9111380237674 18.3403815188078 17.8073493143112 17.7968248307178 19.3173812096855 16.9865397038862 19.6582831897513 21.2166895323086 20.3910510208157 18.096905336688 19.1073140554504 19.5199323530243 17.99716582538 19.2840806804765 20.0066007253806 20.0364472808345 19.1849650723063 17.7600892837247 18.6609072551833 18.4357369680762
19.7963872562917 20.6634020580691 19.471615996853 18.0473711153667 18.1388560563595 18.1875726172459 17.9301176304486 17.6578839591848 17.6771688219677 17.4059169789717 17.3131784343316 17.6862218579386 17.7718036862777 18.5820764718151 19.4335641958312 17.7690782214848 17.9754457128258 17.6513650741683 18.2021442174279 19.05073077464 18.0703638213213 17.9276659506768 18.0208095928022 18.2269963992369 18.452386039752 19.0481194931218 20.2018603345136 17.5708253922254 17.8732162520574 18.148041122653 17.9299801250604 17.5242498287699 17.0522614262421 18.2442751313445 18.4635551349957 17.9687483137884 19.1164405924933 18.999621117232 18.4927004645109 18.3691958994009 19.57359615029 18.6445051763088 17.7419115649306 17.5683142333828 18.4912488842833 18.4333800013123
19.9596976964947 19.652547116039 19.9697436233202 18.8484088628006 17.775649162665 18.0953399688516 19.0088010882486 17.7761741218333 17.4441855164282 17.5639483829331 17.4837881137204 17.9902577278685 17.9328163264899 19.2932216103092 19.1779526400185 17.9911505304583 18.4131525549811 16.4129442134189 16.3235702154907 16.8496776506707 17.8332318906604 19.6806941931391 18.6046762499908 18.2370721586797 18.3591016642357 18.463249738686 18.5323712773214 17.3586336082058 17.6867782030564 18.1465875064959 18.1206903190391 19.6571854327512 21.1601149019773 20.2830508736736 23.2811537772714 19.1120645818618 19.453530812639 19.1620935581919 18.2345384566114 18.1557824673997 20.5898415029511 18.7082174505743 17.6996378427235 18.1545413504356 18.6545988494512 19.9616294599394
18.1849902037371 18.6605314483076 18.1137359875664 18.539919430121 18.9629703731523 18.5062651250921 18.6853438063571 18.5162820091287 18.8371100351631 18.9146734592458 18.6726664112864 17.5504193215592 17.8363230234145 19.1958223419403 19.0428162757978 18.5166704636024 17.1014706135908 14.9356502691351 16.3925723713427 16.5614370786514 16.5897661089397 18.2051409793318 19.5166071899988 19.1699171361856 17.3549042544831 17.6765736516506 18.32092149646 20.0656575401796 19.7078482894096 18.8737521518717 19.0054789012922 18.1736135459467 17.0601489572229 17.5862402114432 16.8640249667167 17.5989012479663 17.6096319995035 18.1303776222543 19.0442555401221 20.0847857194785 19.1466753073288 18.6193452168207 17.6257882291539 18.1898119084748 17.6609851691329 19.8249892188031
17.7938673963039 17.8955982721698 17.5828453972898 16.98670832372 18.4249811789435 18.1774130809654 17.5270136875729 18.6915265550868 19.0313658498408 20.1419073869257 21.2500058917409 21.5083589119009 20.1141470180661 18.0605271581466 17.773351050785 17.6636857616082 17.6455522991638 16.3676899454232 16.704278241407 16.3819305968548 16.9081393847095 17.4171685241433 18.7323778152627 19.085297866464 18.0482755784562 17.2547149696053 18.1015996635374 19.0631849297374 21.5071082887483 19.0623523522733 18.7215158485793 16.4115365980648 15.9218261406056 15.5228045309918 15.2378918200446 15.1302169663144 17.6572036372541 17.8909761212694 18.5889574648126 18.4337474384592 18.8643998856536 19.7881739085992 19.857080123857 18.2228499106092 18.4537193538931 18.7910152610473
16.8210345124798 16.7717508985316 15.9888579200771 16.3168135428391 15.7624967540327 17.3659739853822 17.0903338475869 19.2545280433061 21.4485738103677 19.4757392277092 18.2978733711803 19.3824595582289 19.7853347141573 16.7443239113534 19.6920155812495 18.1844677609499 18.2796748288147 18.7057069175771 17.3444836444061 17.8779738216774 17.9461201051654 19.9020850354753 18.6682086688097 20.0471738017761 19.0687001944952 17.4168043829795 17.8453788795611 18.3126305259843 19.009925786879 18.725414359763 18.9932192868507 17.613803230909 17.6324511114681 17.8448906007769 17.7816424564586 18.0401857691432 17.9876540399558 18.812338602515 18.6788179841452 19.3810809355833 18.1708699765856 19.1564191431983 20.1714203347305 19.7971602163337 19.0245089718398 20.6740884296893
16.6051678926268 17.3336069472443 17.6127468414146 17.3979448517593 17.4880477481619 17.3609435681371 16.4436735912578 15.9505235103968 15.8854509270756 17.7425738476367 17.5559907716801 17.0746856830688 16.992067785835 16.5012219684214 20.3638352413005 18.7528706926303 18.2022020644913 17.8700717189064 17.6369336844196 18.2946921169801 19.8190626627554 18.3899929483954 17.5121360906103 21.4249880300137 18.7643261444444 18.3994163979556 18.4516353234633 18.6944050456456 19.0745653688034 20.893639214 17.5685390678556 17.4431320615723 18.415427274504 21.361245119333 20.3172253828948 20.0669361962935 19.7116982787855 19.3277946119322 18.4393274536403 19.7681841043934 19.6343461383233 19.4849103169502 19.2772002223492 19.1222560878681 19.6792287419285 19.8816272996863
17.1456669144034 17.0367633043125 17.6149719935727 17.4601833812089 17.5055643384144 17.4631842946313 17.4151994571736 17.4346037162552 17.1643334628251 16.8278105798969 17.1314426305468 19.092853788909 19.2208128424951 16.0641672706823 15.8812106952913 17.9036840514738 18.3160553465407 20.3763234623954 21.5287646910504 20.1829322288587 21.1036017198476 23.0133798933969 20.4437818745379 19.8397689846167 18.4660968880463 20.5671336965226 25.968525355026 29.6316923325605 23.474117368073 22.582671412365 19.6786946404362 18.610779320003 18.9754280316138 21.063940165273 18.1316158466555 18.2172615949166 18.3476618308771 18.1849923806783 17.8969796492198 17.8584265162787 18.3857896304966 20.7145912803688 19.1468776892702 17.4668243763379 17.5461186701984 18.2792015487184
16.9667517733598 16.3717292759607 17.2885603930788 17.1682526334476 16.8717739308042 17.1640674514893 17.4117317168499 17.4459614430123 17.4017505998152 17.4219218721018 17.4030035619882 17.5440249945064 17.0689266728017 18.8505754025462 18.8296250162038 18.5164727855353 26.9022262060599 33.1936955244862 30.0548611366807 26.1507690890279 20.1388510276219 28.644503527481 24.2151082977278 22.3051034029212 21.8080124607944 18.226237893984 20.0536078316626 25.3913629740075 32.6415612780163 23.8751627362513 22.0937990552393 19.9619151644302 19.001589727174 17.9384285807062 18.0668301313456 18.2658081100563 18.07181145665 18.3548836685705 18.5801327433512 18.0638359503691 18.9592163478722 18.2313125035534 18.6235051620144 18.8239003776645 20.0815791201735 21.0501226356676
16.882742905992 17.0985258067108 17.1770131849772 16.8893711583568 16.4718171032861 17.1288632819129 16.579905318005 16.3985776226558 16.9257486068719 17.3185167374175 17.3723696046615 17.4561611626723 17.35204796107 17.7148568800088 18.5477837031072 18.8332484973797 21.1782400350209 25.8673275602563 24.1340017074588 28.1597932988173 20.338893949512 23.4680400181708 22.5166089724231 19.9881715161917 20.7907762630296 22.5857359703252 21.5903525759622 21.9262645190902 21.8701605296648 20.1780361792701 17.912438302957 18.1565970244978 16.8426864158925 16.3087809704327 17.223892127061 17.562886224073 18.6512826129214 17.7784833181391 18.2991490582514 18.47704627535 18.1554445458361 18.1968991188796 18.3131326717034 18.2267223616644 18.0387978653915 19.717544099319
17.2552510131358 16.6914591408924 16.9763181336342 15.924125667011 16.3633834275695 16.2286854560354 16.6111315684033 17.087598717162 17.5012763689698 17.6292049237578 17.4281421035886 17.4291868181128 17.3014314233243 17.2575357380704 16.8788530377447 18.0732786756883 19.7703603246228 19.9641728850583 20.9688411254713 21.70415661856 21.5712709986313 24.0368042900132 22.3864795627851 20.0895837023772 22.5771672496547 25.5274357891113 20.5356113404661 22.1369085774482 19.611877479412 18.0808429110856 18.3528574686832 17.9405026460491 17.5434386030175 17.2967433764 17.3827404384609 17.6564024349134 15.8787935716198 14.8883179781119 17.1628509733731 18.434459693633 18.0005333467902 17.784799505285 18.0618667644782 18.397927879845 19.653257665227 19.9019973597706
15.6092427967456 15.6413626053924 15.9106858042406 16.0398328331817 15.4826124103029 15.7475837349401 16.6382595412269 17.353580351786 16.8093973651008 17.9089311585299 17.5625331755207 17.1610940613056 17.050206316296 17.24907164199 16.0282626034653 17.2854998007886 16.915032845939 17.5895627632654 18.5409448015238 18.0263262598813 17.8475547974079 19.126192150627 21.0032126280341 18.7758593936383 20.6890050398324 19.6083133511999 18.1212148076581 17.2865329682888 18.0421249601346 17.5222750264812 17.9594068963053 17.6914266068558 17.8570936478949 16.9161058002119 15.7397410327946 16.6944099760523 18.8490478575423 19.0849594000521 17.4753961484987 19.0665620621479 18.22293754444 19.3507195968198 18.0631353076554 17.6491533865899 19.4217981045377 19.0874293363563
16.8168350365712 15.8059320131767 17.0288730933677 17.6547448784032 17.6729184689998 16.1747696486401 15.5967254976583 16.6637754054631 17.1626230059339 17.4076336366421 16.9972387325744 17.0608628092052 17.4541858696941 17.1899278003083 14.9404532138529 16.8746734338383 16.6819106940899 16.739492401504 16.6042367156687 16.2145090182175 16.2785652050849 15.7041475103409 16.5846915124626 16.4076627464499 17.3940102065932 17.6201109109573 18.8876057060884 17.8443486929206 18.2629666947561 17.6673697707996 17.8264186012954 16.5676308758393 15.4439140593779 14.8707439003858 17.1590358902896 19.0421151083275 18.0734153786787 19.3397497281174 17.0132141406494 17.5003178543894 15.3475670301468 16.8582779724403 17.7835856207532 18.3653858962171 18.1543897484439 18.2821944542026
17.5328636544112 17.194923921583 16.2309060777618 18.5412401714706 17.7282689190644 18.6170584045787 17.2405788668541 16.7601634127739 17.175855986343 17.3144919884357 17.2175620057024 16.1368553713985 16.5008229505009 15.3863445930786 14.8851617566311 15.978377057578 15.2998043436006 16.3486938762397 17.0055235173537 17.0609741441101 16.5027540577836 15.2317080287712 14.9444046293512 14.9574040446734 17.9513102417881 17.4058394429791 17.2846428839679 17.5108855326974 17.8862130399806 17.4289493644838 18.1051572446183 17.5610586386876 15.9504493580779 14.6986860863401 14.9308135061945 15.0375166621385 14.0492962056987 13.8474370849965 14.0956485588986 14.6260199693719 14.9463934699276 16.8428214190763 18.1424730342465 18.5279967868287 18.5938258455191 18.6543404407096
17.2124884022865 17.4896042047425 17.7805383290645 17.7963548715611 17.5842181802183 17.4197070926641 17.5669823356638 17.371007092407 17.3081413662407 17.5302409017415 17.4249124202273 16.5903726001456 16.0906985799004 16.6009847693077 16.9389202347921 16.4726796832586 16.0364177901936 15.7276484169654 15.8834299781025 14.9623321403775 14.3624234390793 15.4007373817176 16.8235786570866 16.5240121185821 16.8468459183371 16.6300074389507 17.0907250506606 17.3739316076799 16.9659283522894 17.2062345808413 17.3687320630791 17.5143291442357 16.8981224295881 15.5472539722109 16.6103320907199 15.6633073738145 15.4320117437895 16.034099317853 16.3503284203723 15.9395102895305 17.3491385817352 17.6781821550562 18.3891664662674 19.2226975581194 18.1852732127866 18.4984116094047
16.260104122661 16.2132930115002 16.9720314224108 17.6378553453102 17.8917707043557 17.5918978696466 17.7460043284842 17.786131430767 17.8988710477418 17.0683001311791 16.7630782973903 15.2980764946312 15.7092244115438 16.2425592880063 16.6995151759487 16.7215246158631 16.7797389108518 16.4338854756837 15.9011502260654 16.1534605444817 16.9355368560767 16.6677553648161 16.4594493460914 16.0495292441667 15.6485088206415 15.2697020710906 14.7943476172966 15.718120618376 15.2665024406038 16.202657222096 16.6652584421892 16.621334627022 16.3687336282358 16.794535001196 17.3091686555779 17.8187658879795 17.6907001565504 17.9689371019804 19.3719500443303 18.6721315271085 18.325454741609 18.3155127654471 17.6701821772122 18.5863329285902 18.7238306848108 17.9916075138125
16.331397842779 15.4249624531763 16.2638534340592 16.9856803446594 17.2168257030094 17.8607351026072 17.4036197607415 17.6024299666263 17.9352160122647 17.7979746193047 17.8466329415618 17.297117638755 16.6105264892591 15.7733588193301 15.3603542431622 16.1066613910571 16.7022740956962 17.046733825038 16.9978629546754 16.8763701648738 16.4123696150465 16.9464315279233 16.4586957660261 15.7263209172735 15.2827161265085 15.0225804682319 14.9468062275667 15.5404252072788 16.6686654043344 14.6462921146282 14.8294326426234 15.3158055334007 16.9232891362989 17.4729932540162 17.5592199978136 17.7258401033566 17.2420099526957 16.7820056563718 17.6606914402726 18.0102864478191 19.7115477443633 18.1558994447544 17.6876796428903 17.5541631263117 17.7103263731462 18.1317927228775
18.0095221760472 18.0361791945548 16.2360768278806 17.2243756294262 17.4154950140723 17.2879132040428 17.8941882493818 18.245741836737 17.8341634066608 17.7858411721438 17.3718106370657 17.2136152193392 17.2800468341184 17.1526893968207 16.4646576168265 15.3569147616285 16.5153614247022 17.0056535793778 17.0544812990321 17.1153855400787 16.9111931110215 16.5249966893078 16.0274281084682 15.576955337871 15.1445664203745 15.6083882815816 15.9607862795738 15.48218740798 16.1774390123168 16.6574985145024 16.9856103468192 17.5267188881621 17.545467949468 17.7946035564322 17.7021130282929 17.7339182205856 17.982346495109 18.0909356015937 18.117960503387 18.3591240724164 19.48607278325 18.6471749294967 18.3009199359795 17.9641270455506 18.8650088858164 17.6190193747336
