IBR/IBR_outputs/all.combrep_1/PersistForestCover_Total.Silt_Total/PersistForestCover_Total.Silt_Total.asc
NCOLS 160 
NROWS 95 
XLLCORNER 210004.651214014 
YLLCORNER 7350008.22228844 
CELLSIZE 4999.99999999997 
NODATA_value -9999 
[rows 42 to 62 of 95, columns 92 to 137 of 160]
13.3916357587689 13.9847118138877 14.589865280725 14.241452662861 13.7938353555602 13.7185869047497 13.7216802129323 13.6727743838888 13.4448529941793 15.9333945068072 16.2012889257951 16.0657820547093 14.7203954555317 14.6248039118463 13.0682159886098 13.1190827900845 13.282883313752 13.1596988465495 13.0594210530404 13.043410300907 13.6398786525999 17.0970126510343 14.4729265462412 13.626932429804 13.6248536922002 13.8535053070663 13.8467627672987 13.942621147524 14.9429863063561 16.6037911692988 15.8683278015185 16.5467793460404 15.4862064225548 15.6222315845654 15.7189542954289 16.6055017577142 16.9773826450408 16.8515056212582 16.5047615023474 15.8291501401156 14.0993141252454 13.1979205253624 13.3753737983492 13.314298446197 13.3161898502383 14.1352018011551
13.6899101927604 13.488523338285 13.7727002025263 14.0696598017203 13.7483321543818 13.4238451097274 13.5937699225975 13.7388878240273 13.7874769129507 14.2551221054837 14.9363683667554 14.8500091923846 13.751645604542 13.4880945800736 13.190785243529 13.1487211042225 13.0767714288761 13.1419529106008 13.0311113016632 13.3766357921848 15.0925896147465 16.8396976175231 14.6123010477429 13.7642372658968 13.6726108641227 13.9701130949721 14.079824544234 13.9148954959494 16.7361763132636 16.0907549261191 16.611520507768 15.7763401677834 15.5316058634217 16.647280680022 16.1169946461675 16.6997012268002 14.9309347119587 14.021257321916 16.7401320491683 16.5160013965731 16.6738400018873 13.7005487106335 13.5820748558474 13.7425105793263 13.3268535635476 14.8613431856381
14.0511405581928 14.2127454330803 13.8828207882479 13.9026154999149 14.1999605342347 13.7837272333241 13.7031750532465 13.811814134409 13.7934029649302 14.7741001741828 14.6259456479559 15.958344426945 13.2973757260018 13.1517971153265 13.6577592063213 13.5980405081908 13.1481267809318 13.0003430073856 13.4739424304236 14.1585136182201 15.6101018710233 16.3853578531676 14.1911953731516 13.5968054289749 14.1434815671802 14.0410380356203 13.4915822884602 14.4194979319625 15.8381736282501 15.2659467945802 16.113083558429 15.5065958216354 15.537584476856 15.6133174986906 15.5126221897441 15.7189845302592 15.9336556653966 13.9411364189678 16.2347648214476 16.6100138414447 16.645527884899 14.6306311910364 15.1247073798127 13.5498278716884 14.2212268275226 15.1828390059078
14.6293839190844 14.361185039672 14.1955431267789 14.027027467351 13.7549890094762 13.7820307873646 13.7889948689299 13.942795308674 14.0033903593539 13.0493478383706 13.5159630420694 15.9855421495198 13.847685440922 13.4223653682594 13.6144517369211 13.583411654447 13.5280285068823 13.8090850720864 14.1196502254227 14.3846440591837 15.8986837398702 16.4842109171954 13.8234354188649 13.7792769797846 13.7972160223558 13.4338349601701 13.7956125981593 14.3272861102508 13.372641071674 13.4433089108524 15.7465631395038 15.0034576235148 14.8934391989702 15.1579247452864 15.5598238322235 15.4079447046888 14.6907670470776 14.9822074681314 15.8007317217171 16.0314591009345 16.4637171520705 16.309703464313 16.1223808124008 15.3082539098533 15.9642403643997 16.9525819708818
15.0536314006142 15.5239278476106 14.1466203388705 14.2118553491429 13.8172860319675 13.6097574393435 13.9066602587611 13.8867630615875 13.3184266531178 12.9200123703872 13.228329178389 15.3932854548066 13.8753359445332 13.7613432284018 13.7134745468646 13.6514443682218 13.6120946101425 14.1232796804746 14.4359651783676 14.4175120934575 16.1217460047298 16.7649247497891 13.7018325461756 13.9814265048265 13.2834310547671 13.6086108604933 14.250421229458 13.9501981927811 13.1890042893955 12.942835720802 13.7136811351637 15.0143646942739 15.2763585931935 15.8226097123428 16.114333428599 16.451272754274 16.8916485115287 16.4118082963973 17.4577303411971 16.6921951977839 17.0818113458225 17.2579466436272 16.6527377089717 15.6634965279337 16.9932121056218 16.9320617055099
15.9820241022054 17.1312714273834 15.5967687888161 14.151856167982 13.7606795434932 13.5199149591849 14.0542876064204 13.2855803225632 12.9542735340574 12.9686989062123 12.9882474845639 15.4275149562259 13.8388091145155 13.7776103825683 13.6981500923297 13.7815868238564 13.6242933092143 14.2352152093334 14.3851858083519 14.3757951816293 16.2816264037515 17.0240838210823 15.0568334848826 14.2489327073226 13.7125359400979 14.300574794584 15.0987699312705 13.7005144090866 13.698535866764 13.1562342604514 13.3346746569213 15.4105534434704 16.4534398502746 16.807160277821 17.1780957940294 17.414466321737 17.4132105718956 17.5712977083817 17.6752840082416 17.8313071989414 18.1810534243082 18.0800771277232 17.2406680054915 17.4867625790183 17.3793490274297 16.1479758987391
15.8157375516908 19.2892023378195 19.1415898820221 15.5613469630363 13.7983697243122 14.0412193002075 13.2363396560957 13.1658828793985 13.1849548143536 13.0112127940125 12.9988051916832 16.0988110730566 14.3306557023954 13.7311752461938 14.068171170723 13.650736200412 13.8219250493528 14.1716022361462 14.1218302105987 14.1742280352755 15.4893448830191 16.8374794100482 16.8789721990166 16.8106081750155 15.6272814535981 16.0214297906428 13.8855080788384 13.540747657946 14.0655397061649 14.4575111722817 14.6806548926967 15.8287083690792 17.3444406668096 16.7703339609302 17.477366810141 17.2382303564242 17.8550353180152 17.5367269159193 16.8427540370463 17.5769804974501 17.7807224768777 17.546388694216 17.3229320991652 16.9477529899086 15.7215926379468 16.1981901442735
15.3166686595249 24.9869300877485 28.1895566464374 14.6490379096713 13.7052060849597 15.0724464876159 13.3405144528765 13.4119998927689 13.4257783352006 13.1164610333412 13.2037836434298 16.2013903721794 14.4308153497245 13.9015324310807 14.053212854202 13.7059895058769 13.9071754358921 14.0825580281314 14.1959191265295 14.2048029592325 14.975796060072 16.7249864928973 17.1536803265911 16.3601940096198 16.3388218282445 14.5437714176799 14.4557778901957 14.9466624516904 15.1605133473705 15.7103453697194 16.874209649442 15.5267164919703 17.3348460015287 17.5605287955054 17.7128645223168 17.490786267741 17.6152632400677 17.6476445572087 17.027347920698 17.2914486790284 17.4033532362859 17.4900020400743 17.0064370264153 15.7997568136694 15.610535762022 15.0168271842239
15.8419885423578 26.6183419306445 32.8791685795289 14.9574633752923 14.1218027563483 16.2352299892227 13.2046459370705 13.1991233719202 13.3832762766194 12.9992360876724 13.1807302389111 15.2912054443357 14.3087351948302 13.6573138688914 13.8544762664007 13.5314825558625 14.0367089101111 14.2279127130201 13.9822920270319 14.109086896085 13.9567765174691 15.8699856891275 17.0698547050924 16.2949983063699 17.9577862271934 28.9812945108913 32.1657820314945 30.3263884497156 17.1587730145322 22.3341045910075 15.84664841047 15.9884629064979 15.8936609067152 17.5297390581059 16.8758696151497 16.0747002106348 15.2329035658827 15.0570748818259 16.9953681263367 17.1321194654782 16.897350196521 16.9456271553716 16.78519388461 15.3577057024462 15.1568298194382 14.395009348375
21.352342623142 24.0797204316339 35.2744137187283 22.8694269441716 25.2486251228581 17.5685639240304 14.6369980061823 13.5016370978688 13.3087755252463 13.3755501653609 14.213334247272 15.6421542544834 14.4717858433764 13.5926486470129 13.9456161742944 14.2069043124876 13.7334452991417 13.6723406007168 14.1020543270635 13.750954812994 13.4603480966421 13.4768486272028 14.9090981911283 17.2101022372819 33.6290753744264 35.6066215424871 36.1412187398229 33.1396207653398 20.1262331941483 31.4782937706512 15.0252949672051 15.5400004495185 14.6486877873139 14.3879366008546 13.8306409270686 13.8512222555483 14.1720948288745 15.2459391723184 16.3612054702956 14.9656914810695 14.3063585456896 15.3568998535647 15.9030609530599 15.7832493890293 15.1079565340398 15.1102457922
43.4942760055938 36.4517507629863 33.7078933662639 29.2493589749001 29.6402289722698 23.0827367753659 20.7814438390438 14.8134576976906 18.6002374299358 19.5206871235446 14.0515930086551 15.7085411635264 14.3091629269236 14.1048908594382 14.5017842432304 14.2522096540723 13.9855077064383 13.8354136554575 13.8614166210866 14.071766775289 13.7113529386378 13.5719756851032 15.3665968913152 27.2114198004287 32.6384651554226 27.5078624184699 25.0442578047573 41.7752853642254 29.7275206233001 27.2451389293148 13.7652184129264 13.3689104854578 13.3231835904876 13.1659946642842 13.3029761401081 13.8456797827639 13.3846887577281 15.207198607217 13.8333961316737 13.3801816790486 14.2717472579112 15.3685943641776 14.9153152057914 15.9121978079655 15.4149795911235 14.8320792616985
19.2481333994996 21.7675822516773 32.4726362065662 38.1898397046271 37.9735019871999 47.7175196982972 33.050183106892 32.9295085958886 27.7367812513336 23.4054572671972 15.6143295858652 16.5038909338495 14.9081283049151 15.167254332036 13.9510131689398 13.3999361762491 13.591753333665 13.933411193952 13.9433620218628 14.094655113008 14.1491548809979 13.9673326817404 24.1351973169065 33.5136265893013 38.6366017916855 32.4161206516463 32.6580893178356 48.2364349915329 26.4485896642937 21.5208855002984 13.221670748513 13.0608093593265 13.078748913309 13.1276623269244 13.3039870761495 15.0560034207258 16.187929510674 17.096982428295 15.7356355756431 15.8352929118677 15.9370026196657 15.893271116318 15.1260999877574 15.850282686956 14.733140201573 14.2088705465312
20.5541421603994 20.1972267687703 19.2634311942966 19.5522814625314 21.1685316648589 27.7106905270592 28.2432644647079 33.7525084192208 39.0564132420839 31.9877360811553 26.5791317231322 21.9672874285269 18.0139898002722 17.0791165250862 26.46502460314 22.7191318358203 14.0082600942514 13.9222431369039 14.7360827753035 14.2459048268084 14.2032881312586 14.9133086869012 36.2658148692571 27.157511665137 28.5546363207193 27.3214508316559 26.3090402739432 26.8186964445662 17.0768958902832 15.7617520148343 13.10574099973 13.06091930244 13.2749127174006 13.0381563494171 12.1190697870263 17.2800449891584 16.2513616451476 16.88532302268 16.1630636117468 16.6365571798635 15.9959659950186 14.6616013145887 15.579978471132 13.7652640647558 14.2438975854714 13.9357484353276
17.6465874938143 19.0046672729316 20.7995348919424 19.3879960320244 19.4687744158071 20.5225828187064 20.9038406930578 21.5298976857507 23.307202338114 24.3224156456673 26.0785247666623 29.3877710295757 24.4986689287275 25.673920533473 28.4710224869011 33.9436092841421 26.0295217876491 16.1819617975847 19.748616165402 18.1884341465347 15.3031828319366 20.7157364664105 40.239290313793 28.7706133305934 25.1165997919497 31.9447888283431 24.7142050388115 27.1255567804732 14.3622397215321 13.0922542973906 13.1029894621371 13.2986560749377 16.0323496039392 17.1978159685922 19.2638143031921 20.9191457121574 16.6429051081335 15.2956209402022 15.8136768243192 16.2325741601334 15.0404060711681 16.5674826017563 17.6624888494898 13.9470906941033 14.5017318116148 14.3651672475372
31.7697208956899 18.4524005594548 17.571405989031 17.5790606865745 16.9167130902519 16.0618608741864 16.9515034621925 17.5327985387625 17.468785062605 20.5798902251646 21.6173592957588 23.4402303283099 21.6536130824836 19.7848582428437 22.1570173533264 35.64126235405 51.2715499502387 28.0874270096658 35.2312673668999 31.5549322182329 27.6855127299262 23.6941272759781 25.7629391714849 27.0325914409095 36.0010263672509 30.6175099920262 24.4452222382852 38.6160750617165 15.5061646841638 13.9009960057877 13.2284147160381 13.5242875588957 23.0584488980049 18.2173147588743 15.2304348530808 15.6211050997868 11.5758773467484 14.047020902213 14.9321482994048 14.9985753525895 15.1435363683618 14.9435901679417 15.330909627226 15.8957459234754 14.9303871349068 14.7572580051246
23.0866901345786 28.9259360286777 23.6574486427284 20.3925095739723 20.3610427817562 20.5282876284653 16.223942731361 17.3063110811783 15.7770096451444 16.8529070908205 15.9234312317996 18.2667512176505 17.7938162600502 20.6216316143343 21.0373553993194 21.2809713269093 27.3428564515947 38.2658676832926 40.4332148483448 36.1131415659862 26.7571588204993 21.522844740268 31.3019849351137 33.7212555507428 40.9900000585354 45.5360287858646 23.4322056217984 32.7220925394997 18.4118437818852 21.2345287574033 20.8314020820733 22.2394132266245 17.3202453125153 13.3632283583592 13.0635710649934 15.0030994585718 13.4411140884256 13.351474949566 14.648844368381 14.6937067227847 14.304250720718 14.5403500883812 14.0245371091839 15.8745357172584 14.6462786683455 14.6539864281979
14.7783561865263 18.242467478376 22.3645587765638 26.8771116386385 19.7572118707123 19.4569773246358 28.739216482172 17.7110010789918 18.3504513032348 20.3841180297412 21.491459648917 17.0235824062242 19.7996198900176 17.2642242201724 19.7805793184741 19.9485528032776 19.5175024578215 20.7705180684658 31.4865403206848 35.3148221391787 28.5872442583441 27.7726161819056 31.2060929404173 20.8560688151459 21.8830904521932 26.7399372759689 20.585336582277 21.4767204502064 17.3602021858666 13.3458598829119 19.8402319403463 21.5492732892564 10.8140957184888 11.1014204751051 12.4391401945738 13.4021625291776 14.3234033097351 14.7435748259523 13.6950395114418 13.5207688274267 14.7708114887575 13.534206245705 13.8742763355903 14.7548780294714 14.0435158021063 14.1507038929351
14.3483005537913 13.7221437726119 14.8857465195003 16.7241129506088 17.0342191516462 17.7636644148003 24.0099747244429 21.9614357597274 23.2966513082799 41.872854316322 57.4773605209289 34.6778657006566 23.8218995118703 18.2952097169909 16.522040523717 16.8766009450244 16.5311506874127 16.9805914991233 18.3903857358223 22.9131455919955 19.7375151176897 18.0431955733836 17.7808758595871 17.5413324012819 17.0164421749791 19.3128425642833 17.6029302486833 17.9420056645115 19.1956753925144 15.924805159238 16.8511981475116 12.2531043838281 12.9032966094448 13.4870050025916 14.152112307726 17.339795889136 18.7055576202014 15.0651867028595 13.2172144592342 12.8454205404339 13.4052300412719 13.8547676335816 13.5704648852897 13.6844166422043 14.9024159467166 15.0979749845575
17.9763404120888 14.0330942661758 15.9216793539058 16.0466930518374 15.5797067548049 15.049321441174 16.0291616844407 18.7025582898072 24.1796487144659 39.9672154213354 72.1755652531564 77.6313294737832 51.8858604540778 58.257235492546 30.7331845156063 18.6089225372231 16.1651906371952 16.9014806553396 15.975959711456 15.1743679860449 16.4352907512678 15.7925014551916 15.7337938096805 16.6934661567493 17.1912852627638 16.5926752298689 17.3311033942783 17.6266499731936 17.7652110204244 19.1767789243212 19.5664122299548 16.7336093426155 20.1208230678837 20.0369541851939 23.7073231862773 19.73758795542 17.7044674087072 15.6261734321215 13.8142305161332 15.0067033161292 14.8664192662494 15.8582624861387 15.6698646223221 13.9076289385407 15.6808490283906 15.9409437853183
17.3776993142502 17.162223928996 17.8820241122352 18.310384492438 19.0813776980228 17.5961336772585 15.3855136977799 15.3205797419533 15.6264764339023 19.5950242510899 36.8880471435764 36.8109636808341 38.5076081498875 30.2322641076018 33.2673981641705 42.0803102590175 55.3209013679104 25.4977605120583 20.2941756935365 17.9438775441385 16.1110962783849 17.5021569369609 18.1996074727114 15.8828551306285 15.3086119908321 15.39538948046 16.5715770963953 17.7232132576107 17.3246442254517 20.3425105157967 19.414692744634 16.4190690762103 16.6958410145864 17.6342285847895 22.7340069987184 20.2098993965262 16.4773723158721 15.426506337599 18.9228585014693 16.9163845881229 16.8701929843989 15.681021077046 17.3037817507326 16.7648408250423 15.6317201050243 14.858605605334
17.3947332611874 17.6181312879981 18.2427977940487 17.4012102004062 17.5171490239134 17.8926668138348 18.3309838632796 17.5546728771614 15.6257347472299 15.5441272643779 20.3206875443141 24.6616704005255 25.0399204696449 22.9164348143186 23.7472461675036 21.0427647763696 20.9074417394431 31.6132708051946 60.8966360562938 44.9516008134239 29.3968067310595 19.7694517273277 15.9566292785405 20.2620630543535 18.8918154834464 15.7331097599063 14.9065817386873 16.7258812308797 17.4450962698779 18.4934836337849 15.3378081585721 13.7480925883283 17.5334393734588 18.1624389082227 22.2885311937084 21.8477491045138 16.6909909970065 15.6695266488857 18.7612973808584 19.307575189326 18.6415411327559 17.732288749614 17.729665624228 17.4077183327593 14.8379182842026 14.5197013325322
