0.158195 0.510465 0.0603184 9.9991E-05 0.000126951 0.270794
0.0835686 0.631881 0.0521742 0.0223639 0.00864899 0.201363
0.0522865 0.789048 0.118342 9.9982E-05 0.0401232 9.9982E-05
0.153422 0.697275 0.0265281 0.0136502 0.00953496 0.0995897
9.9973E-05 0.863257 9.9973E-05 0.0355093 9.9973E-05 0.100934
0.0849005 0.740106 9.9982E-05 0.0327165 9.9982E-05 0.142077
0.177088 0.492171 0.0375899 0.00668849 9.9991E-05 0.286362
0.128927 0.654426 9.9982E-05 9.9982E-05 0.0352761 0.18117
9.9982E-05 0.101089 0.128243 0.0841232 9.9982E-05 0.686344
0.238032 0.178406 0.165566 9.9991E-05 0.025422 0.392474
0.414764 0.0996942 0.0690718 0.0834277 0.0373004 0.295742
0.14998 0.179587 0.177767 0.0197101 0.0192747 0.453681
0.81529 9.9991E-05 0.0100884 0.00345615 0.0512452 0.11982
0.0439608 0.0262403 0.158191 0.0645914 9.9991E-05 0.706916
9.9991E-05 0.372378 0.0844961 0.0633594 0.0384729 0.441194
0.145112 0.185024 0.0483037 9.9991E-05 0.00931939 0.612141
9.9982E-05 0.350701 0.138731 0.0250024 9.9982E-05 0.485366
9.9982E-05 0.516366 0.0528201 9.9982E-05 0.0299543 0.40066
0.146131 0.0133121 0.474379 0.122131 0.0564605 0.187586
0.125275 9.9973E-05 0.572932 9.9973E-05 9.9973E-05 0.301493
9.999E-05 0.190386 0.613765 0.0276257 0.00871719 0.159406
0.128031 0.0428914 0.797234 0.0153125 0.0132592 0.00327215
0.105755 9.9973E-05 0.857319 9.9973E-05 0.0366254 9.9973E-05
0.0277169 0.0891951 0.764583 0.00441639 0.0234563 0.0906325
0.120509 0.231505 0.647687 9.9973E-05 9.9973E-05 9.9973E-05
9.9973E-05 0.17356 0.794519 9.9973E-05 0.0316213 9.9973E-05
0.00683731 9.9991E-05 0.898125 0.0598109 0.0342558 0.000870638
9.9982E-05 9.9982E-05 0.824077 0.0491881 0.0197882 0.106747
9.9973E-05 0.140188 0.834858 0.0246538 9.9973E-05 9.9973E-05
9.9973E-05 0.16382 0.758013 0.0778675 9.9973E-05 9.9973E-05
9.9973E-05 9.9973E-05 0.823624 0.0525856 9.9973E-05 0.12349
9.9982E-05 9.9982E-05 0.833163 0.0109109 0.0191101 0.136617
0.06319 9.9982E-05 0.782199 9.9982E-05 0.0680548 0.086356
0.27327 0.371335 0.099538 9.9991E-05 0.0653376 0.19042
9.9982E-05 0.535836 0.271983 0.0217909 9.9982E-05 0.17019
0.0407545 0.721369 0.128202 0.0765239 9.9991E-05 0.0330513
0.200688 0.731434 0.0303577 9.9982E-05 0.03732 9.9982E-05
0.108745 0.286827 0.105287 0.0837703 0.00429215 0.411079
9.996E-05 9.996E-05 9.996E-05 9.996E-05 0.9995 9.996E-05
0.198754 9.9982E-05 0.74069 0.0236374 0.0367188 9.9982E-05
9.9982E-05 0.60418 0.0879517 0.142131 9.9982E-05 0.165538
0.166667 0.433778 0.168014 9.9982E-05 9.9982E-05 0.231341
0.243951 0.141355 0.245487 0.121605 0.0102405 0.237362
0.539969 9.9991E-05 0.0816897 0.0992295 0.0386018 0.24041
0.897833 0.0604402 0.0267887 0.0124813 0.002357 9.9991E-05
9.996E-05 9.996E-05 9.996E-05 9.996E-05 0.9995 9.996E-05
0.229137 0.238464 0.127085 9.9991E-05 0.0677701 0.337444
0.429197 0.194632 0.129563 0.0879452 9.9991E-05 0.158564
0.175079 0.115448 0.284721 0.0734847 0.0287545 0.322512
0.0667293 9.9982E-05 9.9982E-05 0.75505 0.0191041 0.158916
0.107066 9.9991E-05 0.0757613 0.747477 0.0270474 0.0425485
9.9973E-05 0.156997 9.9973E-05 0.77554 9.9973E-05 0.0671639
0.138148 0.00496879 9.9991E-05 0.694063 0.0518146 0.110906
9.9982E-05 9.9982E-05 0.0733432 0.799559 0.0349255 0.0919725
9.9973E-05 9.9973E-05 0.0719605 0.822653 9.9973E-05 0.105087
9.9964E-05 9.9964E-05 9.9964E-05 0.6889 9.9964E-05 0.3107
9.9964E-05 9.9964E-05 9.9964E-05 0.758076 9.9964E-05 0.241524
0.0137886 9.9982E-05 0.108292 0.845492 0.0322277 9.9982E-05
0.0382485 0.0541354 9.9991E-05 0.786743 0.0390776 0.0816954
0.23865 0.0425232 9.9991E-05 0.603368 0.0142873 0.101071
0.0514316 9.9973E-05 0.116465 0.831804 9.9973E-05 9.9973E-05
0.177269 0.0768582 0.0450948 0.663908 9.9991E-05 0.0367703
0.48643 9.9982E-05 9.9982E-05 0.335552 0.0606979 0.117121
9.9991E-05 0.0248986 0.734669 0.0461859 0.0284021 0.165744
0.0103295 0.219752 0.702787 0.0475077 0.0195239 9.9991E-05
9.9973E-05 0.108386 0.866377 9.9973E-05 0.0249369 9.9973E-05
0.15439 0.0277972 9.9991E-05 0.665303 0.000584242 0.151826
0.364448 0.0679724 9.9991E-05 0.467655 0.0862216 0.0136031
0.245922 9.9982E-05 0.068644 0.680318 0.00491641 9.9982E-05
0.269715 9.9973E-05 9.9973E-05 0.680718 0.0492666 9.9973E-05
9.9982E-05 0.0918749 0.0253965 0.822186 0.060343 9.9982E-05
0.586378 0.0385684 9.9991E-05 0.109721 0.00324705 0.261985
0.581578 9.9973E-05 9.9973E-05 0.0457021 9.9973E-05 0.37242
0.726064 9.9991E-05 0.0409388 0.0815918 0.00124887 0.150057
0.974325 9.9973E-05 9.9973E-05 9.9973E-05 0.0203135 0.00506137
0.842087 9.9982E-05 0.0570784 9.9982E-05 0.0295469 0.0710878
0.913835 9.9973E-05 9.9973E-05 9.9973E-05 0.0167718 0.0690934
0.715378 0.116729 0.108119 0.0311022 0.0285715 9.9991E-05
0.229374 9.9973E-05 9.9973E-05 0.629961 9.9973E-05 0.140365
0.325735 0.130514 9.9982E-05 0.418354 0.125196 9.9982E-05
0.166697 0.0105896 0.117171 0.681165 0.0242768 9.9991E-05
0.105948 9.9991E-05 0.0458459 0.713194 0.044908 0.0900044
9.9973E-05 9.9973E-05 9.9973E-05 0.673187 0.0109324 0.315581
0.0937237 9.9991E-05 0.615796 0.0531776 0.0232003 0.214002
0.537968 0.129862 0.0588945 0.273076 9.9982E-05 9.9982E-05
0.877374 0.029796 9.9973E-05 0.0925304 9.9973E-05 9.9973E-05
9.996E-05 9.996E-05 9.996E-05 9.996E-05 0.9995 9.996E-05
0.117261 0.482952 0.203884 9.9982E-05 9.9982E-05 0.195703
0.120106 0.620992 0.0770626 9.9991E-05 0.0441228 0.137616
0.19002 0.233082 0.091094 9.9991E-05 0.021003 0.4647
0.17357 9.9991E-05 0.179416 0.066824 0.0276435 0.552446
9.9982E-05 0.580825 0.0179889 0.0634066 9.9982E-05 0.33758
0.887224 9.9964E-05 9.9964E-05 0.112376 9.9964E-05 9.9964E-05
0.235752 0.174146 0.470835 9.9991E-05 0.0590564 0.0601103
0.652552 0.0840471 9.9982E-05 0.174863 0.0883375 9.9982E-05
0.475727 0.207217 0.261166 0.0194484 0.0363426 9.9991E-05
9.9973E-05 0.291216 0.0980552 9.9973E-05 9.9973E-05 0.610429
0.243849 0.595795 0.100003 9.9982E-05 9.9982E-05 0.0601531
0.323283 0.32753 0.105015 9.9982E-05 9.9982E-05 0.243971
0.0420138 0.027343 9.9991E-05 0.0613661 0.000772198 0.868405
0.391388 0.563729 0.0445829 9.9973E-05 9.9973E-05 9.9973E-05
0.121793 0.016811 0.00385476 9.9982E-05 9.9982E-05 0.857341
0.615345 0.0639435 0.0436611 0.227377 0.0359019 0.0137709
0.626628 0.136722 0.0389053 0.144497 0.0531478 9.9991E-05
0.617056 0.016679 9.9991E-05 0.181249 0.0894896 0.0954263
0.555414 9.9982E-05 0.160247 9.9982E-05 0.00696357 0.277175
0.426598 0.0909059 0.0909877 0.0829574 9.9991E-05 0.308451
9.9982E-05 0.267957 0.414198 0.061554 9.9982E-05 0.256091
9.9973E-05 0.20607 9.9973E-05 0.764846 0.028784 9.9973E-05
0.258639 0.0253115 0.0386823 0.646798 0.030469 9.9991E-05
0.55303 0.0989953 0.180187 0.167587 9.9982E-05 9.9982E-05
0.372109 9.9991E-05 0.04533 0.136112 0.0103106 0.436039
0.434106 0.170919 0.193619 0.133335 0.0679213 9.9991E-05
0.302632 9.9973E-05 0.674032 9.9973E-05 9.9973E-05 0.0230361
0.361016 9.9982E-05 0.0324145 0.576529 0.0298402 9.9982E-05
0.293329 0.000608948 9.9982E-05 0.643098 9.9982E-05 0.0627633
0.374741 0.144203 9.9982E-05 0.45901 9.9982E-05 0.0218458
0.125508 0.273745 0.41986 0.0391753 0.0809466 0.0607659
9.9991E-05 0.531337 0.170541 0.0334383 0.0207545 0.24383
0.145635 0.667836 0.0185322 0.0363877 0.0127689 0.118839
0.0948479 0.790902 0.0194506 0.0812713 9.9991E-05 0.0134278
0.0539472 0.439027 0.300212 9.9982E-05 9.9982E-05 0.206614
0.116881 0.658337 0.141251 9.9991E-05 0.0125134 0.0709171
0.0405816 0.813333 0.128621 0.0172646 9.9982E-05 9.9982E-05
9.9973E-05 0.769767 9.9973E-05 0.0566983 9.9973E-05 0.173235
0.182296 0.39676 0.316396 9.9982E-05 9.9982E-05 0.104349
0.0196629 9.9973E-05 0.0536644 9.9973E-05 9.9973E-05 0.926373
0.00863894 9.9982E-05 0.0994317 9.9982E-05 0.0284372 0.863292
0.0818342 0.120028 9.9982E-05 9.9982E-05 0.0213164 0.776621
0.0446224 0.269057 0.247704 0.0968877 9.9991E-05 0.341629
9.9982E-05 0.101249 9.9982E-05 0.0135427 0.0340639 0.850944
0.216135 0.0197469 0.141328 9.9991E-05 0.00549251 0.617198
0.110959 0.645002 9.9973E-05 9.9973E-05 9.9973E-05 0.243739
0.0740309 9.9973E-05 0.897765 0.027904 9.9973E-05 9.9973E-05
9.9964E-05 0.129296 0.870305 9.9964E-05 9.9964E-05 9.9964E-05
9.9973E-05 9.9973E-05 0.818487 9.9973E-05 0.0308323 0.150381
9.9982E-05 0.00279357 0.758751 0.0657815 9.9982E-05 0.172474
0.111799 0.122838 0.739761 0.0226886 0.00281233 9.9991E-05
0.25835 0.62656 9.9982E-05 0.0546582 9.9982E-05 0.0602316
0.129164 0.731472 0.122121 9.9982E-05 0.0170425 9.9982E-05
0.0285309 0.0530148 9.9973E-05 0.918154 9.9973E-05 9.9973E-05
0.177768 9.9982E-05 0.0362342 0.757401 0.0283964 9.9982E-05
9.9991E-05 0.0793433 0.0185841 0.853005 0.0121065 0.0368612
0.340041 0.0622916 0.015107 0.57125 9.9991E-05 0.0112098
0.0404492 9.9982E-05 9.9982E-05 0.810585 0.0213628 0.127403
9.9982E-05 9.9982E-05 0.167729 0.796912 0.0107451 0.0244135
0.0863122 0.0397592 9.9982E-05 0.846291 0.0274374 9.9982E-05
0.155052 9.9973E-05 0.0583266 0.786321 9.9973E-05 9.9973E-05
0.113942 0.0306557 0.0482107 0.806992 9.9982E-05 9.9982E-05
0.105119 9.9973E-05 0.0874215 0.80716 9.9973E-05 9.9973E-05
0.170789 0.015733 9.9991E-05 0.735801 0.0375223 0.0400549
0.0118761 9.9991E-05 0.0773085 0.736036 0.0294372 0.145242
0.00872125 0.058711 0.0177905 0.763207 0.0164836 0.135087
9.9991E-05 0.0330387 0.0774563 0.874265 0.000658345 0.0144814
0.162369 0.0944287 9.9982E-05 0.73933 0.00367257 9.9982E-05
9.9973E-05 0.115185 9.9973E-05 0.868186 0.0163297 9.9973E-05
0.094696 0.0131116 0.0821084 0.80277 0.00721434 9.9991E-05
0.773105 0.0584085 0.0366898 0.125068 0.00662833 9.9991E-05
0.806694 0.0609039 0.00300299 9.9982E-05 9.9982E-05 0.129199
0.0991221 0.0943599 9.9973E-05 0.806218 9.9973E-05 9.9973E-05
0.0853597 0.25252 9.9982E-05 0.645353 0.0165672 9.9982E-05
0.104332 9.9982E-05 0.0479519 0.845396 0.00211978 9.9982E-05
0.679626 0.0133264 9.9982E-05 0.118943 9.9982E-05 0.187904
0.0655887 0.897875 9.9982E-05 0.0209113 0.0154249 9.9982E-05
9.9982E-05 0.638618 0.116457 9.9982E-05 0.0212561 0.223469
0.117487 0.441813 0.389764 0.0507359 9.9982E-05 9.9982E-05
0.0869464 0.144414 0.558113 9.9982E-05 9.9982E-05 0.210327
0.164283 9.9982E-05 0.719501 9.9982E-05 0.00995757 0.106058
0.0233079 0.0451021 0.776656 0.0407431 0.00526352 0.108928
0.0306454 0.146084 0.686419 9.9991E-05 0.0023584 0.134393
0.027218 9.9991E-05 0.713417 0.00193775 0.0345949 0.222733
0.078787 0.0395402 0.671974 0.0771933 0.0417549 0.0907504
9.9982E-05 0.194299 0.699968 0.0619488 0.0435838 9.9982E-05
0.0875631 0.739776 0.0811108 0.0159603 0.0047675 0.0708224
0.0411428 0.82896 0.0268833 0.0605047 0.0424094 9.9991E-05
0.160849 0.688866 9.9991E-05 0.0202637 0.0434915 0.0864292
0.262021 0.737579 9.99641E-05 9.99641E-05 9.99641E-05 9.99641E-05
0.136812 0.793301 9.9982E-05 9.9982E-05 0.0224291 0.047258
0.351167 0.589214 9.9973E-05 9.9973E-05 9.9973E-05 0.059319
0.170642 0.0814282 0.0674363 9.9982E-05 9.9982E-05 0.680294
9.9973E-05 9.9973E-05 0.0610319 0.046799 9.9973E-05 0.891869
9.9973E-05 9.9973E-05 9.9973E-05 0.0109574 0.0291953 0.959547
0.0537745 9.9991E-05 0.177313 0.0147358 0.00450338 0.749573
9.9991E-05 0.214904 0.058037 0.054725 0.0246859 0.647548
9.9982E-05 9.9982E-05 0.539387 0.105644 0.131009 0.223759
0.190658 0.0871442 9.9982E-05 0.714087 0.00791055 9.9982E-05
0.0916787 0.00783359 0.0767967 0.75274 0.0529838 0.0179677
0.175253 9.9973E-05 0.0227926 0.801654 9.9973E-05 9.9973E-05
0.164334 0.0411366 9.9991E-05 0.654798 0.0085626 0.131069
0.0152757 0.126701 0.0540425 0.768069 0.0358123 9.9991E-05
0.0785438 0.0897072 0.176081 0.128613 0.0206984 0.506357
9.9991E-05 0.237088 0.212617 0.0627675 0.0355071 0.451921
9.9973E-05 0.0698827 9.9973E-05 9.9973E-05 0.0380111 0.891806
0.167504 0.273483 0.227555 9.9991E-05 0.0444444 0.286914
