IBR/IBR_outputs/all.combrep_1/FireFreq_2000_2008_Total.PersistForestCover_Total.Spinifex_Total.VRM_Total/FireFreq_2000_2008_Total.PersistForestCover_Total.Spinifex_Total.VRM_Total.asc
NCOLS 160 
NROWS 95 
XLLCORNER 210004.651214014 
YLLCORNER 7350008.22228844 
CELLSIZE 4999.99999999997 
NODATA_value -9999 
[rows 21 to 41 of 95, columns 92 to 137 of 160]
23.9851235582958 18.2725907182449 13.4042218552581 17.4725333603551 19.6929790171997 26.0632225631352 19.0035046213466 10.9844753681229 19.0496062103509 26.2424580881843 17.0759346201047 15.064556047889 26.4523517764861 112.529240576431 104.14781033045 21.2315040977954 27.1584185714178 30.2718035254075 75.5475273630485 109.49108772108 81.6236361384671 24.7522398471682 25.6513176909648 20.5181658877731 32.0440340694298 107.574936308477 97.9911129378725 112.115502395848 122.086743499655 71.2908232646143 38.5559211028012 19.1116885005416 19.9464653599053 76.1970683247455 67.9756647040133 53.8197183862376 28.9475436896428 24.438637727081 26.6898928531443 25.6524510009101 20.5726700748343 32.6976701547589 22.5600852712706 24.6195914691079 21.802033073208 25.8079768200576
17.8400440114046 17.6692127589844 20.3728447354668 14.9410291897468 22.7009211940854 20.7628292095444 18.5953688133382 15.4305798397824 16.9681429689539 21.9176047414144 27.0727035473159 27.2860539309064 13.4088122217712 86.4475156178451 55.229432326889 25.3129437578799 27.0786028096597 27.0019745961882 24.7700294555342 16.5842153804394 66.3065099926623 25.1044858111094 23.7256486129323 23.6988029664339 23.3023413049938 17.3000308488777 23.776911807224 22.1184386820146 23.1399246966624 18.3450166608718 30.5487324976851 66.2688604902435 52.5835694125092 68.7641360972617 75.1538949274853 28.3152463297137 18.3587097917353 25.0066183079825 24.4085259139497 33.5228194310034 58.9297018249055 65.1428028557632 22.7651184262172 25.9335903475592 26.5671164095648 24.2435393726822
19.7120435496957 21.969633410007 18.9588367345157 11.9611989337362 9.25902668059684 12.1470609879917 12.821147390845 17.4170489879297 18.3056110629247 19.0843261857902 26.1042284259807 23.0143116075316 18.3862534692047 103.450517187229 43.4161098633177 22.5113007563648 28.1182002660085 26.3971491922987 27.9286884197446 24.250758120704 21.8195945289006 91.6162660992749 24.2149134687261 24.746016586214 24.1740927027067 25.1431627224561 25.514225618366 26.6901729239871 26.2532107125567 17.5846624307547 16.8435461453931 13.5772658100723 21.5951987683021 68.1260578620724 77.5530922321857 106.372834037224 42.6395320184086 22.4148169788872 47.5309895705837 84.2943053253305 57.9385992267103 108.921006648555 102.661835562585 86.3271535888641 31.0566971570612 24.7763663300107
10.4069417935104 10.1191575599642 10.2804247513151 6.50134615271967 9.5821739175742 15.626584050376 14.0681870197619 9.79614409127933 23.5782256230321 17.6945940527975 19.2128353864222 22.0372026491051 21.4157320983468 19.3206229874824 20.5024046246026 23.0793336985391 24.2419645721533 34.7331242090519 41.2824318029699 24.7845362689753 20.0304515837475 23.4317083150651 26.5756799635606 22.2632600139368 21.348305138372 23.4438070207516 27.972960674073 28.3442745482192 24.6840070242064 21.611336177669 17.0336460044259 19.2276850643448 54.0641830569298 34.4833910441761 25.329017335312 10.7233524341133 24.4191594271562 34.1017400529035 18.0696094241805 13.9198846048597 30.8889502562471 111.373439718932 133.569851434746 107.879735990879 86.9012495905548 50.7807504188872
15.0423841728348 15.035034582512 10.1563616557626 12.1718528983574 11.4591027326244 17.1674058433301 14.67631289658 13.6762169465873 19.4373949609022 18.7526193009396 17.6932345101916 23.5737658447991 22.9400880653295 18.5479526114704 19.884160441225 23.9377923340217 18.3043584992004 19.0330249323815 28.5079659944712 20.1451733592893 27.7483511906536 20.7641254498734 18.5217816209032 15.7970497268697 22.6259490140202 22.7423083750712 36.9090760892133 23.2301262365866 18.2776872479378 18.8246944183606 17.8977773669191 19.1893550545619 47.0508882951981 58.8482003815839 31.6015998300472 15.5866514625369 13.5560915921237 13.3895656198833 14.3367940295292 13.8143351248663 14.769331281241 30.4601560061019 109.423392022204 132.531827054453 136.39383219178 119.085700580608
11.4002084876712 15.8994257341677 15.3410210076218 11.8335195676106 17.8029311094006 19.6900885540092 14.8474594976446 13.5168555082129 23.5265045259314 25.7060387981211 25.7587393627378 24.6627732407999 18.0920216761506 25.21980384702 22.9969932651888 23.2047131480518 50.168441974541 73.5445063216917 82.5136724075646 71.4221708630356 31.9339219842217 23.049563230717 17.6027341796264 20.6127095002117 15.2949223799379 18.2965883278141 27.3163237155711 26.359734857086 15.5884894586156 20.7261428075638 24.5059041808367 34.2387801963311 39.6976615455164 60.8908539479196 49.9795939432392 42.5627574773244 18.3652805745125 16.2715010521511 11.0605069049282 12.9660658888348 18.4711411004546 21.977884844237 85.320419132864 98.5069738817311 94.543407811143 114.566944424761
21.3678084850938 23.451558912112 22.9418498257632 13.8484370841817 20.1147156790008 12.556897569897 19.423671025558 11.0668142833004 18.4991106629793 21.1660169341667 18.6694053351179 17.8590933515087 17.3376982555761 21.7793959488859 53.4421333435834 30.320107200065 80.5646970524995 77.2735872882641 74.0215186920963 75.6701337017494 57.8556859054182 46.5815078082789 57.30928080933 52.4083868772739 20.5929786165904 24.685742502052 20.6048816136716 21.7637843051915 23.6161529349605 63.5393162750944 67.4070692867625 89.4558989750113 54.0756541882996 44.1199993061946 30.0206627642007 43.6878668623187 42.7069583401423 19.1035029945375 9.5398269464447 12.654461993388 16.143493169865 17.0009278873329 32.1992944583768 98.9496808694829 44.1651091888866 51.8337123884658
15.1226371492889 15.3924594436316 21.9475780080226 20.7523384545872 17.8822343244065 15.2299315712133 17.9046192982523 6.47934820777757 4.57135501304785 14.7060261465534 20.7086129140341 23.2432092474596 18.0385411874176 20.6802664648461 25.1681030064701 73.019932220879 57.1995518666345 62.542144410057 73.9938457146317 51.4244082687435 49.4638961108523 64.6713024060446 79.9707393230873 78.0059438749245 61.0585240269407 65.791887231149 47.403421474571 69.2050848624109 38.6952202011569 33.8001921195008 23.6363572183744 35.1758067547925 61.9977097961268 40.5053361508756 30.6842044171528 29.0168327254706 33.1170049373414 22.5695034907184 12.8309203972901 17.7669065413591 35.1881731203454 30.9507538533689 41.5959950958815 92.9867972721805 15.8327263197024 21.2789333014127
13.4706138817093 12.3966270064464 25.8282715778361 22.5642618466613 18.6620682101764 21.5901400763143 40.2779899991249 3.9707843930862 13.4757910630999 24.6379210341386 19.4564866534731 17.8239046839134 23.1386555540612 23.045155746884 30.0659235428837 56.3293595278757 92.5212998412601 86.3832724419355 72.2895582128053 67.5478452109299 53.8849313609497 66.7971460714574 74.5805043165269 42.7868903761231 38.5529734795917 47.6962296857011 41.4794152447089 38.2932748151239 33.9900791635377 10.080779248971 20.301316302793 21.8951984760693 42.6141245845071 41.9650558714757 44.2877814600411 51.9179457501237 43.1687645300724 50.0549308762067 39.3311857570127 37.6852631950274 37.2170812353231 34.0928422956548 60.7761397883507 101.048317257834 11.3626709697463 21.375136765759
23.4362472691493 13.1528982200295 26.6269761054419 20.3000656946614 18.1914501400741 36.4912888571103 28.6533291629815 11.4058469953614 27.7583755892685 24.1206383726033 18.8024130994138 17.445121726767 15.9465452954187 43.9801343355875 58.2945500725995 56.3572180728019 64.2433280860158 62.0383052170273 67.3926776131447 55.7953939537078 60.05921253107 55.1242520492467 62.2496189101824 44.1254264759925 54.3497692199753 28.8959925933652 14.1284604712681 8.98866005254173 17.3331079686507 17.0970572378627 18.8650801760796 13.3405403677252 21.5186893209507 21.9880497294685 42.884819864678 54.2156424948774 51.5653688594608 47.6880375215045 48.1807339134044 46.2841175084118 30.7205728734975 50.2904712964547 31.5884602970376 54.3848659618847 30.2552457435838 20.4772793687895
22.1991530122033 15.7278048741033 20.3404935614877 17.9797803983293 20.4364826329808 40.5525430499608 42.3052714178961 22.8925461600831 36.6831787856028 32.5759292519188 18.9746962033134 29.8477716200179 47.8130102773689 72.7103919110817 79.0765031414172 58.5511535660906 53.6111291054452 58.1435467789154 75.3014898755703 47.5429265284862 61.721719799441 68.5063496492097 27.6965437636289 49.6256375732327 31.2453713799457 21.8554145194006 9.11407062525553 10.0558048727526 10.4305796350744 18.5104334506995 18.0664026241625 19.7246746261586 23.9632967081545 20.5556078606662 24.6235138852026 53.5042134178033 40.1990373672899 41.8070523959585 49.078027324345 46.3909290823518 49.7064419017083 52.2394496279768 41.6011939369382 28.0336596631582 53.7770060462341 21.2602547725198
33.3456861472223 14.7638773038218 23.1510186687611 18.9465761544567 18.8965258990671 28.8707606382621 43.1409060284402 50.6183165614766 47.5460113490026 66.7242432505877 94.1429680627904 86.3364151397512 67.1130556686409 75.7633927057229 111.981127950234 44.4079882104703 54.5142117460427 70.2658247038735 61.182478907305 53.4036296260366 61.6018975383377 80.4526377378869 33.6064581017062 43.1332268798477 24.4933164081793 18.5474901034991 8.13911472558227 8.72169323430093 10.363445485428 13.3773557064825 12.9211654030617 17.3976010474249 15.6033730569392 22.7606645488234 25.706464046274 31.5469422740192 51.1671083656906 36.7623491110209 52.0449552612203 60.5420990812371 42.364668112647 48.0922095224519 48.3586206941096 29.3074301090609 28.4927578419737 30.8608601422857
78.9178027742215 48.8311480845111 24.6032161695745 32.3751464652673 24.4451041798898 28.3658139376898 49.4647342199073 63.853836135717 79.1688980833463 94.7729931684907 56.0343369827305 62.5995626615165 75.4656718821377 78.5554440259923 113.6687813268 75.7424664844874 75.0678677584258 49.3319364116543 62.7877207046547 62.7738257626982 72.0470984976056 92.3501454244194 59.3263285840711 26.1936036379766 12.8381562578816 12.6975030828365 14.519012955282 13.1700517181033 14.2982811787002 17.7302167297302 7.06204182045855 8.33112122270251 23.4595844590392 17.9233001639865 23.64911129109 28.2801524114957 54.6090277021089 53.9723057825144 50.3929796392442 72.5878074649504 45.6286457554463 69.367167100179 44.7086605527393 48.6243144328986 25.3992683807661 29.1042637316474
72.8143572571441 17.9523881653086 19.1383903400128 19.6813897385723 38.2228012950593 76.9319968893306 65.4027115162007 61.5247285676286 70.262197852236 76.5166405586471 28.1557993621793 26.6552384138275 87.2872571469371 102.757019029006 60.8093230016166 86.0534006659765 58.4616453429469 44.8114249106018 48.1499289312512 48.5976529289732 43.7938525686905 60.4910277384048 62.9133801999663 41.0041679511512 18.019398681182 20.7314221411292 18.5846614737489 18.4919236187806 17.9632689116443 15.6196839746782 18.3464869577825 15.6059560013468 21.2638110519398 23.1506034359049 16.5410064808724 35.4567586206429 64.5043562755231 54.9676799795108 49.1781810020905 42.7873376044126 52.1532490323401 76.3711399195467 68.9774965619833 58.4591276464164 45.3605963646667 33.2036463399062
23.2535320886544 18.8316857419539 12.7343235594839 19.0834588836149 19.6900950075875 28.8279510596312 65.8942007502402 56.8689900869146 75.905548638645 61.7583305141013 23.8725091370129 30.93070617895 79.315285445772 77.9336426811012 83.3960059117582 83.1861805776289 66.7595557808273 59.3449188915326 46.9673475836004 47.2390320316543 25.051619498963 47.9328959524332 54.2791547783518 63.4924845155097 38.5449707971639 16.6827073962251 23.5125064039317 20.4860810379715 16.5481161741766 17.5066907554481 16.8062182319073 27.5270744417485 22.6621263418368 27.2195927635099 28.9416693864851 44.9245805610855 62.7832401412656 42.1300758679506 60.1058582044269 68.7903127069452 55.3801367309673 53.3635611183807 67.0534168647167 59.1640932063603 63.1228129093893 73.0482203387788
10.0945594063979 19.6635190385071 19.703684913486 14.2672411042866 18.4311262213264 23.7220660098764 42.9184040250209 36.4852660619649 81.4450479707526 37.6717297119822 29.3760340285658 76.4793707325922 87.3422755950908 98.5586619399999 98.3675576530723 60.5868420882338 46.3059705622517 38.1826997752419 41.2903606675642 44.4963352794891 31.8076727217366 25.6102134108808 36.2142643839068 44.56894927861 86.0029347979801 48.872952805365 10.824322089066 20.9262105129995 17.6635366498111 12.2235679229153 6.9450272141152 17.1710907676809 19.8024144321919 25.4728571195725 43.3873379869617 66.55712029596 59.6996375397317 63.9592417091158 65.3950301781631 81.2611692313518 47.9812145053478 45.5272166550374 70.4964027220421 54.4785336212195 58.1690606956812 44.075785376643
9.43354095189741 14.4016950407197 18.6304878400712 16.8584404411154 18.951237466344 21.547233062268 39.3918390482237 36.8819180296687 57.9662241264558 37.548803950064 56.4949846870187 83.9535930046054 81.4765966972711 86.7325947243794 88.1005678974997 31.6540683986883 28.7582176978155 44.6074362993686 40.4210193644786 41.6642704817974 66.1551690576048 53.2116617280006 52.0363227202316 47.40025012658 50.8122279800557 54.3171666048202 52.1808331161032 27.3742895912824 24.9411930173754 14.8127298411963 14.7495991578763 16.8564448905605 24.1425306876612 41.6399840333193 59.0297359694821 63.8349579619308 70.6430132155476 50.5818563526705 50.7183450752503 75.6229966755888 48.6811128963133 26.5757745177993 36.5960940009069 78.1027108139759 66.5119052226644 46.9769361472536
11.0337747829878 15.6178107166631 20.6989418416984 19.5738301757361 20.7390025210854 24.3377144097542 26.8855280316874 24.6253958281279 23.9862487173486 58.4175649174643 58.772589912795 63.3990325213862 90.0492729991555 81.9242492220458 32.1427123569564 17.2764827407781 20.3181861590124 33.4124285823578 35.4345217829117 30.608052462679 69.7505763290601 78.936558230897 53.7359916558367 33.2392268195929 23.6129716711521 20.7313752390549 19.6578289774172 33.3962946800855 41.4947906315169 20.7380289561996 20.1612286138973 16.6264558543684 22.2734355887381 63.0304809113109 55.9604746326857 44.5811664754396 62.84297644903 46.5532617067065 63.2230897091041 67.4277443848538 42.4593373660368 31.9699806481641 29.4373279466844 33.5864604223108 38.4644992576718 41.1593066984147
19.2649179539025 19.5913274392817 19.2303934127977 18.6150413615913 21.5158834399793 25.5441320458214 16.828581244044 24.1380541021043 42.3801748566998 69.2935674446288 61.6222808659256 47.1680001966361 79.6023723104894 50.244528820922 22.1736842834703 14.9061555733415 16.8359020561576 13.790617291 19.4402836283143 34.9683771624644 74.8146229434575 88.9494290737433 68.5664641401331 20.4014034383005 15.3778926585938 10.3588987320044 15.9417324564885 16.7343549079759 35.1646515625942 31.8816089254318 29.2300412332421 51.9983671990809 51.4291777057505 29.7619416371954 47.0949424442111 65.0318761231671 53.3710589186574 49.6415091097396 59.7917803964283 54.6550560853256 28.0664844598279 38.4980656805518 34.4187143431982 41.1171272607287 28.0987589449478 35.4099359703764
16.4686169399534 11.8007878467394 11.1549379623806 17.4679526851129 20.9176330096001 21.3912352961159 12.2748651679659 32.2699003081108 60.4476886952572 69.2917768915605 68.1212420950965 72.5582929597921 105.142527288491 90.1345427063538 26.561519253794 15.8387358000536 10.4539435242532 15.3156679888342 30.7482067730583 29.7932471961576 65.6788598423418 84.5426632497626 44.1636551711392 19.0150762410468 33.3057946459679 16.5207119671587 17.8707925621972 18.2322152399831 28.1309193097134 45.3463591090517 54.3941056952964 50.6860894066499 55.5951059780325 53.9578236368615 59.7050548688912 58.1673815443447 57.6534890486091 64.6065606326334 53.6349051101135 28.3699581769251 19.558902422636 22.6683235420215 33.9978388855389 39.3360603007413 24.2295121357083 33.1548970008669
21.8218442906082 22.8943529645234 17.522080057502 15.7047532873877 10.7530073636187 8.21622296420407 12.9994738366029 24.7343064464364 32.0857921099905 57.0887235447947 64.6433004516254 84.5699203658829 49.9193823644681 98.0540430366747 42.3852762369793 20.1684481011275 16.7498912038841 35.3577905836229 23.6886200004196 19.2540473849746 55.3005096870989 92.9492567168051 74.0236391327033 20.0588175462329 19.5683962191837 14.5984091889731 20.0973168156673 21.5033264110679 42.4867137916468 64.2309303881077 60.0864805903606 60.7736475201979 68.7130504161588 38.7609688619021 61.6444817485141 64.8669006526784 71.9387205494081 61.334158581536 53.6140532850062 29.9179532298478 17.9930754705652 22.3087013120436 16.0850796227149 19.8265026544158 30.1897169944007 33.9650602190371
