IBR/IBR_outputs/all.combrep_1/FireFreq_2000_2008_Total.PersistForestCover_Total.Spinifex_Total.VRM_Total/FireFreq_2000_2008_Total.PersistForestCover_Total.Spinifex_Total.VRM_Total.asc
NCOLS 160 
NROWS 95 
XLLCORNER 210004.651214014 
YLLCORNER 7350008.22228844 
CELLSIZE 4999.99999999997 
NODATA_value -9999 
[rows 63 to 83 of 95, columns 92 to 137 of 160]
73.0122980795259 56.4316199988605 82.0915217919422 81.6315349581174 91.0044011806515 91.7895923348575 78.2693769414971 63.6132159246622 67.0223733595503 28.1430744378567 36.2264706132009 83.8957853645179 122.20800539952 109.981977152133 109.984784714777 144.580538441538 144.255858857114 111.522380418342 100.282490217222 98.6219310964171 100.281543171487 100.282015988739 114.636954054927 103.597007954711 100.3609945608 100.376771464365 120.557128249293 60.09649119003 55.0701787549396 47.9258710755661 122.986536612277 4.15882774976971 13.8759417063204 13.4944053141214 14.4344681268306 50.3576062878872 41.8708101082452 34.851071264049 18.2863235795687 22.7606107169649 25.1318235576734 21.0213278843176 8.03780083859285 19.0797013661418 30.1199215805143 25.0686715461129
82.8123589780265 46.2879707684824 62.0563310499885 48.6020476482102 52.8323294090849 80.3187275925372 91.0811971088542 88.5991279864362 94.4701164858884 83.6441294111149 41.9510782391462 22.7947760860865 82.8877747596444 99.449350928487 129.719318361097 140.202822091437 157.846994116647 177.452435804896 138.827264055275 105.528349704514 110.252653671297 101.077476801076 115.251360994336 106.779774683371 132.345620677006 113.122463320027 109.275432280834 81.8138556664791 43.905755783768 67.2838544700444 55.1213698944442 13.9510787154581 2.58479101666088 4.67827782027603 20.9351058168236 28.2793376077145 45.4722007053647 29.778088460886 93.6128600970901 105.952421077154 22.4571469907266 28.5886143589304 29.0844577433292 38.3270866045485 35.1173275858265 18.5669877215163
74.6573724047419 37.2773619368952 116.76262935052 99.9275498870879 69.9819496040619 29.3769689106228 51.883406483502 78.5852239619249 76.6024329591723 92.5632091379428 90.6343443388886 59.7043366357272 32.0885116957326 98.3079873433233 104.403153714245 129.319268641175 154.634191855053 163.43618835928 173.4082092849 114.659908356715 110.273472883087 70.1112571738825 103.447678988016 106.612808126563 118.574797886248 114.674882313814 148.827049507345 114.708963486179 129.910780450231 78.7736610108844 37.7095317852502 43.2588347962106 11.6411973016928 16.6770518104917 17.8604741919771 29.9763856234173 55.1725868059173 150.619396627933 116.441983135516 70.2734577532013 26.2261270673202 19.6765340243246 21.3528362367142 40.9906361532355 40.4294926500033 26.3842714438021
44.7781461592369 38.5532761647411 37.5910302507967 91.8896902353742 54.1487113805349 81.1186013450588 37.4006941653523 45.1330497589295 45.9317733884475 56.7159972545903 77.4989573317361 86.9495741394979 78.7767504934187 56.3704806437664 72.8573053609343 119.39006669751 112.108246944868 125.811412044048 206.745657138944 180.83047676412 101.729020171175 113.534868300377 144.646004291811 107.35253943743 196.767525215153 154.325079749308 126.444803386096 100.3343424495 98.6691837093369 98.6678406051824 101.926293782102 101.186154579225 48.48023020826 80.4483940146043 38.0156466496865 24.0395177199158 20.4951337466694 76.5986507109677 55.865333446658 27.1520647318565 12.5775757532723 13.7745344944946 11.1570560837764 21.9646971397355 25.9856880680021 18.4134519830697
58.0692098896714 39.6915463386344 34.5479279463601 57.8688601377737 69.7049582973878 76.2175333160609 51.3549500184922 41.3309230300491 37.0413955448904 51.4192345005676 56.9417641495498 63.0839298622661 81.3395738817665 78.4903295636225 40.1199352297361 20.8671363405655 25.5261144214769 56.2040755041436 195.502117000715 238.467227090758 193.727761259334 166.247271373037 82.6982874549523 88.9855190233399 166.583271361885 110.626534478606 78.8687761391749 113.107724642884 98.6455651389994 98.6277145890827 98.6550221419691 97.6936547881134 39.6677053985964 18.9758947828018 14.6752444864262 3.3254898284038 1.70988255319501 27.1087832030506 13.7212720163266 16.2200158016729 17.4502023846423 17.4307844895056 13.7735642841457 19.0965629609643 23.3921434216281 14.2063328091234
53.8311413786034 48.9909263598343 101.394807338959 111.483190216591 42.7710471390055 29.3270132902633 70.092582974347 45.7903809173459 39.5199612096894 44.4198449688321 43.8782766457554 39.0440726358931 46.8144468698191 33.4344326988741 67.0833747858501 44.9864842895428 23.1144447305077 18.7381576088511 41.0123677645329 184.722336570958 219.905786873724 184.198773666458 221.41363124942 211.010945459633 199.113708697645 91.9131003173167 55.5932619654458 93.9640119464593 127.832218230246 116.936476795491 104.151470967069 151.533201677056 8.95637132512505 11.9888913787202 18.0883866507736 17.0709076846035 16.9253481794824 11.1597077909681 23.7641785979909 19.0527324966811 8.52965947110565 17.4411244058433 14.8071237494391 12.4925164013028 9.40716568460734 45.2648280105214
50.4974562737971 52.8676695905067 90.071594688643 48.4809547764371 46.7841068854067 55.1173768735749 45.5761223485403 66.9387662230707 65.0440315564952 44.3134614387763 53.654100964682 39.7855954123444 47.3467823134206 51.5643720480868 35.6039187209041 78.036083145396 35.6414628471393 18.9622368095176 10.1348848278893 45.1707323841476 295.359361047081 274.714494547549 125.362875649183 99.825179809388 180.84153199874 124.188265453184 90.4508501969026 64.3498917999321 99.9824945408167 158.118197020769 51.2581930469618 15.9853208973394 56.4661963596074 28.981224807941 10.2114333202355 21.0436037479188 22.5382057456415 23.0642945304183 24.2396203711802 4.69445800575835 29.4577151658044 40.3596893963417 8.51060395944405 18.4302972808428 31.9486074476293 35.5144676990929
70.7978639407792 64.2213871227575 61.7443033793212 86.090824227386 57.4650059984061 75.7873189848517 84.9815181165554 88.6461999053915 84.366030649517 57.7607598492291 64.067655738088 54.6344490930836 43.11358359325 37.9636954169254 26.9678062009267 51.1899265181777 53.1313715147434 31.4537180724585 23.5937781220157 18.7118100844481 258.327687741286 249.412708761949 133.922743621915 147.216695814383 159.983284687651 128.524734203097 141.70953759568 22.5277309569645 39.0569201527987 85.933649731155 161.35818804634 3.20923053498244 97.4556152797534 119.601398428521 43.030123452443 18.5058620561572 22.8348649941997 50.5985438499049 21.6336093437042 20.6258021346974 32.2607046558092 10.5731819602774 4.58796798720316 11.8721437008908 62.0912592714695 80.6995090116671
41.0438824189123 66.2291196770776 68.711419843337 78.9746247279911 85.9264368931732 83.7565146384719 63.9029333422104 94.960144382692 49.1132845702057 56.33546272811 58.5084881284323 74.8998910851418 55.2359496271116 63.3413774640556 48.2067284257288 74.5062856314003 75.4690642300591 43.9432562337129 40.1749841959411 78.2200473175203 203.426620715361 140.715327361495 96.866252049744 154.866530791185 119.278103440053 124.302118457925 94.4783693500185 33.6990933360036 27.7340337796078 48.8916837297328 191.511949059079 36.891970453475 31.4655659120656 179.13657512067 107.385604823957 13.5935590802072 16.5989759918587 15.2133334709797 43.9074400942019 79.0592907258605 24.5945519626532 16.4662657495184 8.4159356562755 73.129019541533 103.631650937795 129.887662438979
71.9034549106305 53.7297138617469 62.8421826903152 42.0011389502372 33.0280034383361 55.3108241441224 38.8161328546891 55.8121624986492 61.6860866352534 78.810359605209 92.8609524197345 55.2448590217056 65.3404407326073 30.2275434372785 45.0385020059044 76.683387217847 72.1143593143325 76.3433005591729 32.0921906344325 89.6389971895384 141.630434901449 42.258862877343 77.2187675421346 139.278727070937 116.335686715583 125.887802462345 86.1248694870129 52.4066264656492 17.6517852836028 17.3940366587977 19.4346357561222 42.21384662137 2.70278220220158 77.7440748815639 137.864654712459 45.6959939774349 18.0384182382909 23.7499300954237 114.210960535392 86.1269928698842 18.153861689498 31.4087718303642 19.9682056636119 73.3534392213737 100.398198478146 36.1439638080716
75.3980956600238 70.8421729726175 90.3337875831958 42.5219109505423 41.5700111892469 55.9331239252694 29.9049129050445 56.487223715029 54.9673673635357 63.0723535099419 64.8076496061279 40.7395331989495 34.9090995135381 48.2661154594886 61.7721984664425 56.6459956355602 62.9010953542444 83.0242284437869 83.4674339027063 92.7533480766832 32.2692164980377 17.3868593747121 49.8089417003005 144.647703637808 126.927669767812 125.888400122229 122.497651880848 24.4328410463176 1.16315687758964 10.6490712828468 34.6192381859692 6.69529126478547 20.9360783107382 66.8969458358115 99.2261869931507 145.501667257255 108.578378755097 148.476123419964 159.670991549664 91.5475611779629 29.981738558985 45.5924442102108 45.1711693027225 94.7536752154239 115.38297825689 54.5454208821102
57.5882712433025 48.6444294450759 68.3094012596744 84.445966435449 90.6764329574915 69.5431610253771 95.5743526224267 85.4477765934628 82.7148675961264 86.4196592018144 71.6091981372942 70.6301981436437 66.3428559857286 67.3656831155582 37.1978153883003 44.7579012199628 59.2877944238677 69.0035666411238 84.4107895163179 88.7106619739851 65.034963094136 34.3917623069151 17.0803157159389 27.0096586854332 102.896448795415 127.243058784301 90.0063990990404 15.7836208684934 11.4384503109598 15.6517540335742 66.1846980064575 49.8501911773161 58.1124418834754 101.895890534304 26.1155301354825 80.0430861853919 196.619783965234 170.100762631579 199.338451348675 125.528599886832 58.3643538028879 106.341034501227 91.8950582768667 103.726069193052 75.6550286006534 19.8562573043317
77.2242756389342 77.9073343505309 82.0205187539561 78.5501633520135 74.9142154380723 78.955545923155 56.3430710795797 42.7314967266729 60.4281667886243 63.7047338238349 79.423412120976 87.6792699521064 46.6790567440761 41.1291697612257 36.4427671045319 27.99229259316 32.9585868966277 47.572153110326 84.3201486667294 77.5131651546879 52.4584826009722 38.9580935623923 23.8078618758111 17.3701768151119 60.2537828283482 121.422201170806 56.0703478362877 14.0910309257969 12.6042327322997 56.0053979652346 116.33781289023 72.3181922557944 25.22302516253 29.6513462938203 11.2229970956653 6.29622839484469 30.2082469212115 160.144855533844 149.771589160314 110.336648972561 6.99285734225283 64.536833843809 81.7273537539532 100.423170684991 94.0947940906406 46.2378828688864
83.6422699368236 52.5856662513672 47.1000258838521 59.184419698974 53.1994609394911 41.0290796204423 40.3236491260606 35.9356233721694 31.8131633668587 33.2555334299332 30.0070321203694 56.6722031317187 27.9182205390785 55.0866051939589 48.7830463864038 44.133803381479 49.1000134337641 37.3084312145785 35.1664382186466 38.6802891402764 57.8236194469812 67.9342284806314 57.0126056426058 33.3748941823641 24.0727753643473 128.027826065414 31.4776055348396 17.0124710891872 23.8233532043058 107.350044239584 99.2157669028215 45.683769009774 21.5355027012953 14.5417282466266 9.88632158735989 6.64515533488481 16.0482841482572 117.218711107448 133.955784191279 108.530945326041 98.2359238347164 13.8272043142646 99.8720289271006 103.640361897573 103.817191793203 53.30676727919
69.3504778161638 38.532124259443 28.4455333602166 42.1240528805414 39.0093339703622 35.7565702493319 61.9650983131063 90.3308784075113 51.3241135654334 42.3789498437481 46.5835595499982 113.334841353425 77.163615577344 70.2148659680158 62.5751194972814 51.9596395106239 45.7142978946588 37.6954268285104 32.5113316263854 32.9279431946415 45.2674592893302 68.9962915683769 54.5178079423035 43.5264579548523 30.8565063467987 104.062413474732 46.5692509640512 20.393639193442 93.1874351291875 90.0595619818019 39.0941781265723 33.868908933845 35.5236977573902 19.5595920272936 21.8025379803652 16.0781741357246 21.5079442395643 28.2464281619492 50.3767593353943 83.1000611141826 100.294378697307 104.759786850495 99.4936382403391 34.0407301629138 72.5754544486655 63.3935872452194
95.2498866833878 94.6907340068531 81.0079361360229 78.6886403004114 78.4358581438907 86.8017465693545 82.3468414938849 91.5928354694609 99.994574016868 139.825622869774 164.751436802987 125.446173762257 77.820701072782 54.9681552810435 59.7102993183559 94.9813040714688 85.6832287847614 54.0535131159245 47.4734972271762 42.3000628344134 58.8407016392832 63.7097749779805 56.8144155402973 38.486168864614 41.2758082844219 62.9818265681277 36.4327576352798 120.510783245405 114.567015384564 49.4435917718616 37.3718651754225 31.6608769968279 32.0754603316778 33.3392990804142 33.9105107457195 13.3332276410635 17.6057170732798 33.5598999649542 13.6148395389059 19.8137847692923 54.9399650672645 77.0748347628923 108.707297614074 71.9682237384729 21.4147789584876 13.38373667248
84.4238860203284 64.9468838480095 92.9515038383349 158.045228779904 188.060968619477 108.359025675343 141.763789708203 77.5499964728959 70.9247242785965 153.674249291665 82.5644216333066 57.6261605017136 55.7183362938131 78.1195794724031 80.7775970729772 40.7000768728883 28.4436724706489 54.3025168577611 57.7093403645516 52.8137466889345 46.0541091365217 49.052800207456 51.2138767429604 47.8586042987415 34.8334738210215 72.9617866763579 43.0065676903179 112.875908932142 35.4056771282532 55.5416334848024 30.9700941638838 25.0328166986191 23.5090924168884 26.6968619176309 43.9159956356951 16.0661057323191 27.9100540508646 32.9951150956787 26.3860369307401 22.1558739378243 16.3078076127493 71.4747460628893 96.0784157161125 120.714580587544 18.8036117019026 10.9540385489571
83.5035275320142 112.120043511691 86.1038908127335 55.6796860374204 83.8894373684724 104.5055769402 108.133445929405 69.8955460611128 143.762438143138 113.065699566618 59.2353253312948 76.694082953546 67.3571213580143 51.1547545459581 43.9185651764111 71.8336104135789 50.0826228415861 63.9278939172009 76.0854852178285 54.6504221463493 58.5583240735717 53.4507407939623 63.8287418411092 44.2586788966738 31.0608266263658 41.8099781371892 40.9882011266122 37.2165222044442 36.5764254021837 55.1671659311862 19.6224985015993 22.3789220746532 18.9499978343291 30.9727285314458 37.9005288117128 20.571562551202 63.812230064106 40.1648919612438 43.5718976944133 27.001666783033 72.9968097675619 94.5821349159493 107.867299391778 102.226732556019 17.4143852835736 11.7500670922889
54.3915822180401 70.1758126933834 70.5852178405171 57.1492877501811 32.077034274472 33.07951674635 122.155078332084 120.454459431692 145.349652177925 101.662182548662 133.187153395496 102.728546778769 93.8646250316292 85.9492168300549 74.1064664315075 102.591416101744 42.4110588964344 36.515449226372 47.6600390458083 59.0050702747815 55.7886209585077 63.4404815002396 75.2285049876646 68.3467356210448 132.505301132699 68.7836805296844 47.8095674175357 51.486749576541 50.5595206208352 21.8824486125302 22.9407827990793 21.1075949713652 26.0128948944464 44.5432920814974 34.0600859172764 27.8654500634533 130.382322073711 77.9009931556036 40.2792137319639 19.7207615545663 67.4143875140061 112.158037637216 98.7613659239006 100.573556861629 61.9113704693107 16.0361911620453
51.7311547102855 62.0211556803893 86.790807611148 58.0287250069117 41.5277404266665 47.9071445562458 32.5134059056413 45.4325255613136 161.42442083614 121.515888911255 103.948060561349 101.57797169245 103.326137245819 55.2433834531542 63.7313094321724 80.2449968897279 57.047762089052 46.6034315068045 33.8003589636634 68.3498646872487 100.254187601712 67.3587830988152 52.8409385955991 175.369859512597 196.04598299225 154.578117529802 139.15366769569 78.9308533442218 31.9728692653692 46.4081459975188 34.468714451586 21.9094164307937 26.7490542345413 72.1593125177177 45.635326008172 29.2684916800668 71.4565648778909 53.8044951849919 24.2923038618185 19.5097808615351 76.9781849308444 14.8348264289515 48.6724334366531 100.677862275309 99.0317573602921 66.6108413240926
70.8855225101521 28.7941217327594 32.1172876410446 30.0421630400791 35.9395643371864 43.8092718854333 40.8446968005951 57.2021870604927 25.1340157918363 26.1205649885366 22.6425524285142 52.5763751778495 46.4271754277711 42.4259746918113 29.4606656172949 28.4137258342281 127.799097281356 29.0481638452532 64.416792442275 70.0768198814964 69.4837997350683 113.097467918436 176.308930657716 140.967097897432 103.578767545417 142.710954604092 129.757188125855 121.332604003777 78.510340252807 90.5299186398044 88.1318146379397 77.6733307118438 84.0654075746109 82.5256938968413 72.9097234091551 95.0035480272458 68.2958006870497 76.9137633493422 26.9877882542373 25.7547751217387 31.3515711352196 18.0694167140801 90.4833962827409 47.9005092710447 104.433589244484 69.2031481678651
