IBR/IBR_outputs/all.combrep_1/FireFreq_2000_2008_Total.PersistForestCover_Total.Spinifex_Total.VRM_Total/FireFreq_2000_2008_Total.PersistForestCover_Total.Spinifex_Total.VRM_Total.asc
NCOLS 160 
NROWS 95 
XLLCORNER 210004.651214014 
YLLCORNER 7350008.22228844 
CELLSIZE 4999.99999999997 
NODATA_value -9999 
[rows 63 to 83 of 95, columns 46 to 91 of 160]
73.2904357638049 75.7230634602489 68.5418869153822 71.1822359288118 59.0089055066131 74.4660253172374 80.6953857589742 57.2818346892197 43.8938646062669 42.317204491956 50.0292573432024 56.9678255119946 66.9331074097292 63.1697498686821 49.7176517342299 51.9898880617917 81.843602857322 116.9425733723 107.500232973567 72.6763779130679 70.6973206339137 51.0007709950178 22.5615935699011 43.0667972496571 41.240475752994 22.7784775910226 51.333234412672 56.5634125721499 60.3553111190612 28.2741739953221 37.1458883804726 37.2808197086227 51.1096485452533 87.794288052528 90.5336566659142 92.333645732352 93.4819634799074 95.7769012366159 86.423695507453 64.8190408340467 75.9978072513598 80.4484724659543 81.6414505000774 74.3273756975608 79.2782995971544 47.4856934014918
66.9084201086598 59.0372946845418 41.9266754926709 58.4295181798549 71.0840604634905 78.2953267793079 82.8772740959464 74.474484916673 48.550901611981 34.3388263210225 36.7420186075739 77.0015773922522 47.7771912819868 37.8399194276734 39.5637867148142 46.8267188451414 42.1386472211248 33.0892683063447 70.6162208834042 71.110099757841 46.9262354405214 39.8651444271671 15.6521134547875 40.432254349184 35.3908576612294 38.7429887526397 36.4411628312296 70.9388272919513 58.1196742683821 45.1433047086823 45.8843233630222 37.0012668416098 67.2441091209726 104.86722566077 99.4075805567155 71.1113264614543 63.7686287461446 80.1349283785597 70.2295562998157 74.1397581929717 53.8062024433883 57.8673887151169 53.5493176393688 55.7295167700951 54.1977753482043 70.9330244175055
49.5357955317891 57.5224643774097 51.9086142982568 57.3148934891408 70.7583907554719 70.1332121253009 78.4791736226628 52.0327472169953 55.1710717369346 52.7724391074161 51.5478931213476 52.170881164798 42.8167003400018 56.1113489356831 64.6990034452812 39.8563688984155 35.3268611144405 41.5003784648458 32.7198020923462 42.0380453684314 46.1505337833748 31.2748381649875 32.2507698569055 49.2693569516535 39.2624490243592 52.571573655584 66.0801492027039 45.7470269852702 53.7647554466089 38.943900231527 51.5175328333622 66.3435068196463 57.255573866136 57.7433114593688 84.218284054541 89.5761472116873 111.683235129032 63.2638066988749 58.4151991688513 52.3125656444887 49.1107191820882 52.9718413261269 64.406036055558 66.2139481622217 39.5548927260226 84.614560250286
20.2059424003277 24.763589773136 46.602393463405 66.6541325927641 67.2594747527021 54.9639091938019 76.1886543144155 50.4669750220992 46.6386147382468 41.1128789007183 28.3360000951633 40.3862108123334 67.0146664861186 65.5383981264044 51.0295703501946 34.3008925644935 34.2775016871978 54.1911489866391 35.391603996942 51.9664370045033 58.9784035732774 51.5723213848931 60.7554601704775 53.0112792539739 58.5638600012691 73.7915919632593 76.4993384294621 58.3033816101867 64.2270141056618 66.1862943587335 70.3782567351178 91.901573291686 76.7156667783348 67.4732985520113 36.146369239476 38.3571215115047 44.1072050272316 57.9186882486618 45.3261051755686 35.6902218115594 72.3958796949534 49.3768548544952 52.6122459039301 86.4158027031463 67.3001025830046 77.4389353673412
17.6581300865606 13.2579350137203 41.5373098572008 71.7047114921143 67.7394711910628 58.5996843302273 75.9213022674507 61.9619376637302 42.3911182594102 39.8275909428256 29.6722439944178 51.2879053507667 68.1779649181471 56.1390530593766 50.6871905697018 70.7413572856122 60.1396508857222 67.3257802053815 52.7834327143137 42.9982168602443 70.0310358244737 52.0705992167522 43.8365407145401 30.7720261601597 19.0352416156122 18.7460433057943 46.9022330263895 80.713137569562 39.0909643232353 49.0033429240454 67.3733603305625 69.2256200327034 87.2179341574813 80.6922785165425 79.8109060875181 55.0565220326878 41.2896513926059 38.797449732468 47.6133959554658 30.8222526947762 37.9908564034935 36.0360690944424 81.645267416704 91.4344783087518 79.2870638354072 82.0782137277337
38.0013175003654 15.5820571462674 13.1874079656368 70.3458198347517 80.7126812013234 80.1229797151304 91.1330515848403 76.4197815064014 81.0989663973489 68.6066763366818 69.8309668542229 57.7009721548242 58.3767669545454 42.1229620594455 56.3254120486513 64.5978285368589 45.8384445711524 58.7721143374625 33.2526188130532 53.2202490993258 32.9578426778259 26.4908286336821 28.8042638514143 65.39063749129 73.0652692728847 78.2556385290204 64.9852355806485 68.7737653977096 49.9912246966616 49.6989201433946 27.956088346472 36.2390183636405 37.7598747292736 44.14035022894 42.2336313761511 38.8338925472762 41.9677726965102 46.068823886051 69.7780338190584 67.7632796100437 51.259117270073 57.9050165763114 80.2980641984845 86.4600601413117 85.7631543228264 66.1644894136823
83.6744959907565 31.8825813229074 17.7492421175223 55.7127882933024 55.1989546354413 70.2080551801803 43.8018174341041 78.7621061780728 83.3368753586916 82.4672841140565 84.4731524835222 68.929517299601 70.9001190529995 47.7759666024396 43.8793783560048 50.1049344071059 36.3594369916405 21.8194253944646 10.3413597781177 13.0672708319215 13.8685754061729 41.3138165800231 24.8644061331382 44.489207316559 92.1377214366804 82.635112257563 56.9332554082985 48.9623762118326 32.2929750708426 34.1581754823165 48.244001683804 39.1241355664692 41.0624647086757 37.7868632156447 70.4292066843687 52.5771605521995 66.0475083366407 53.5807030491871 49.8091473812792 36.3980690089111 69.0946421823664 100.881776847801 96.5513863161859 84.9970914010561 95.7534303935383 52.3464321199942
124.336842688869 91.0758863825892 74.0167733681709 99.1401676205525 43.3729379439753 112.40467753856 103.075505888987 49.3552059179006 62.4621709513714 62.235701583482 80.584167359434 58.5010726915679 77.1691521545427 80.127044084946 83.0239041792648 79.4468727048523 49.0778169847512 11.9398045210949 7.02038408104381 7.42063203935565 15.3425086832634 50.4653269521118 34.0637558681767 45.2300750807701 71.3611971227929 96.7138597537278 77.3516024284457 56.1828957154521 39.7271451535981 45.9030297406442 49.9619622093403 30.1950574803898 20.3749254191377 37.5021301750319 26.682049450003 40.3890657900439 53.6912914382291 67.8823273343414 42.1665010854534 33.8640544506688 38.1042695891322 47.767669927101 67.5351854708703 94.7253010443685 83.2932437125586 84.2372989553868
103.655955625741 124.559158220708 137.561397938518 115.757013976421 116.55030529038 109.144142677826 108.752550963137 100.766275055867 67.5996431010682 56.7042067239005 61.4916782972352 71.8574584939039 60.8162364682153 75.3863189222528 103.336331480857 84.8520945751824 70.0788468266128 43.4387506945751 23.7121593650895 25.177636006907 68.1540897766032 30.1886165151019 41.218665876237 28.3279530589958 47.8199595670852 87.7084379237089 70.0205656225972 68.3654675286467 61.0700844070071 65.8995849731465 51.6013550581808 46.5934836300832 33.4396004614208 34.8456587282063 31.4551757668787 41.6405688564095 41.7807923867307 33.5824745369322 38.4939293411642 56.7094774204102 53.883923713405 51.3769769495241 30.2982344040295 28.5446661528647 29.2579250091079 28.7460976495014
99.6875764862119 103.84229056737 106.047536011889 109.633600166805 108.824312524564 118.235725496283 133.171131100159 130.76183390088 126.543348872739 107.962620604614 73.0878231400114 90.4323257605075 50.5608014888843 72.3429751683798 67.4531416743425 78.1157352669152 76.6812574988539 69.1979319026918 81.6278282939035 54.5586731593544 48.839285968033 57.0957971774542 70.667541819317 37.7963755585229 51.1538498054463 57.1546863994105 62.8911202559736 68.7226770175883 56.9350371154211 47.770370499102 78.1080318912844 72.1901436582861 41.8647265888212 39.4083946231776 49.3799494337948 45.784461459756 46.153410198752 58.3482535641019 62.145633028421 43.4967953575928 49.6613561208768 79.4851744643749 92.4392268196415 86.701565560882 62.9145962110004 66.2240508188443
105.401452516627 101.676768054987 113.544420537032 117.748384151326 112.765162487012 118.336163502567 120.303725102776 124.90147513625 122.65262802408 123.052904079512 100.516225371545 105.333346975368 88.4034912933211 100.380282298232 88.5485731222947 72.4441117083472 74.4352867439446 73.9625556928734 53.2768343070764 48.8157249007615 45.3972394634491 19.6493995416563 38.3344366165699 56.4505669931642 69.9256988632727 45.6875494056439 17.5697351383957 20.5048044097878 36.1858342991521 47.8245313451684 54.733490418471 62.3261665531534 55.7545610669325 51.4699396681315 50.8116997459846 48.985113890217 54.810241710162 78.6573414140884 75.6788749233379 74.0131636977779 73.4933866061158 124.401101848347 95.1427193638715 92.6206599960468 94.1206686538383 96.7975593745382
104.844589551478 109.890021367317 105.115734710349 103.355449415637 101.226847962242 104.092895646527 109.894749573218 117.075045756078 113.438878167904 123.744534490242 115.791521792873 108.854617790256 101.683463169712 99.5769604819062 92.3587393936975 82.9310208068008 28.6016924025393 20.2655128724308 40.1636920746863 39.111762815179 58.7011401282745 34.0795445046957 27.631069152696 41.5880628721918 41.3702575203598 64.6906660623998 47.7733550786981 33.9817560313446 18.5377027016135 28.1217138067078 51.0876198216316 38.9976958914127 37.4286539552643 80.7491573702322 41.348438733302 65.1108592164567 76.0676425752686 65.2720650550425 28.6715036243799 67.3078281568687 82.2916938279731 102.081405402958 153.135805230005 94.2676451468078 87.8023113026218 63.7274049319767
100.455796488076 101.17092725623 102.587173164107 100.537582895689 99.4707541111901 103.074348384409 105.18139980471 104.811224184859 105.033427684926 114.105412169293 132.120573526045 135.794022910718 113.426863078244 107.02474062363 101.237630953892 102.245971580345 63.0833520491878 25.4424869481006 43.1105682725735 35.387658990892 56.2768654349176 49.0294158681439 38.2891959469491 35.0733086263508 14.7356599192926 29.8268130592059 34.3337207033091 30.4676235326603 34.1641552470654 35.1950632200651 33.5163106799807 40.5865057868137 36.9448458684749 53.2473738411742 74.2625644019997 69.0444554749754 31.4072297005461 44.1265779565011 39.8704348334345 69.6064359270267 83.5463791407718 66.0310269165818 79.7252500135772 60.7392771258234 59.3131211021054 80.3644491513802
103.775559745609 106.634367071653 102.1945678569 98.7509012895168 99.2879456746352 102.399163334457 104.682248519524 110.169968595722 105.371622173271 120.581698416577 131.057462322769 135.113528165815 116.028209605672 107.690281101598 93.7826567008933 88.0926194358015 86.0089807686155 83.9700686872961 56.4614032452044 27.7155446324468 26.5839667100924 22.5574162680868 33.0145363331039 16.3642561095556 18.1481922958881 11.4006759445069 12.407841302845 17.6323771345913 29.5252793851776 53.0628869773563 35.4049911303423 62.7679263619843 79.085553882079 73.8431656321855 76.7869359118519 44.3865913586158 95.6174868813309 109.24852891171 64.1831974441321 64.7317500728888 66.3344434877279 82.0035881556146 86.3053819565981 103.722940533083 82.4144798591543 76.8191104129134
117.629109683193 113.469211534316 116.195685981976 100.973875423541 108.727249025577 100.523529991764 107.607135374751 104.753402975611 119.65699265234 103.55207635914 110.123051515888 120.807865806361 135.335695399703 122.495293670667 102.346401837544 60.596881121285 68.5406081296875 101.472378542496 97.6138620751671 45.7211263985027 59.6368100614888 50.6836314763604 23.4044454712915 30.029197577323 15.5893672763676 30.2618978251487 33.120755442676 60.3567931575138 68.5365486202425 86.7333791333792 64.9688172243633 61.886030336992 38.0922716789775 62.7822594797039 96.8875840556463 63.1560530668266 63.0563613162107 58.5779056954359 93.1133552848818 102.91674775223 59.5660660544843 77.0068295529172 79.48843624398 92.1762668430575 84.9771371739061 61.6492211871002
100.932464218328 103.277693756447 110.112220638327 113.8538971286 110.777550932559 120.070902603455 107.360117245825 104.48445601468 105.079702842137 105.638003778943 105.531553585354 110.614174390963 105.750388316113 112.697480500787 122.252781149842 107.882907469433 104.766449991692 106.457078452563 104.530009722553 101.790259477942 103.04941499472 102.620555870002 81.3152834738839 57.352062465949 39.2006766318713 40.3708187098084 23.3917765794845 17.8367597663634 46.417248303075 78.6404505176721 26.5369925734367 72.4085621806516 99.1050440169237 107.062775707098 65.8303902990687 110.509909305878 87.0256738969445 66.9737231970295 57.2226456736497 112.659814840885 115.427117299957 127.864756598642 80.677759732017 75.0148453528766 62.7825416315576 73.9622480148011
126.466899048453 126.279010742788 118.163209915596 137.49180097037 166.229967565565 155.958563484503 109.688107756805 74.7343980609109 100.865625578578 109.086295583912 103.504457233782 112.994204740352 99.6501125361908 116.640417940809 119.522975867734 103.899690734822 114.01640110384 106.919187895255 116.192054606697 112.206734250316 107.345546876014 101.283744929744 99.2140668953412 76.661548171202 45.7489252348137 61.6264195701579 71.9515347032206 59.8700285306629 66.6121698622844 106.333778796983 75.2858165428901 35.2408584562167 59.2427434107576 83.4097627429879 60.5724096595023 19.1952538589321 15.7868619398536 66.3223040374034 114.840952362773 113.084107218656 110.881657124701 103.394271714204 65.7954388514511 59.5532885058833 67.4395012892531 78.9234271545743
121.747536037171 131.643828114469 154.890864260715 145.695091307467 137.618251253994 150.158166224753 147.614203375558 160.26901710717 100.277506322242 57.2373437863397 97.7126785210097 100.059180224015 98.7769620973528 99.8021747295493 101.086965415872 100.79863025682 101.223262023043 99.2110566214117 109.24654708126 122.028358024102 128.585009712182 113.510223537255 103.894011081395 101.334943780526 94.7821708632975 44.1217736218383 58.1522425198276 66.306935250217 74.4361191378572 90.0542682557618 85.1909008422981 80.3006343214972 55.9727455493347 41.6494339985788 61.9688898004995 57.1015438366007 69.3511794382483 111.469248792739 116.035965829193 91.9498473384234 73.175795425012 42.7160387494693 72.1540724322617 36.7408503602845 70.6942801023587 94.4686325261358
128.439833708772 155.362317612816 154.016989903892 119.707778051709 144.107303257227 130.955709273117 162.614921568937 151.428432449807 148.588721286322 115.015749417251 76.6438508355875 105.938928523662 100.490154669974 99.6683768785838 101.315650155492 102.920652138397 105.121369341436 112.546238922523 124.84759078373 102.829015429933 105.223971057707 111.644206752685 106.907525940862 99.8764373125604 98.8553745555713 99.1028680897533 91.7417252506724 48.7347111665646 88.159525801994 100.962538493822 87.2969496300111 111.230814051944 87.3960620362245 47.6392351828283 48.582775027234 31.0221295221895 45.4547943098078 44.5483952799908 44.2991908291489 32.9981768167468 29.3905373731836 54.263058882761 53.681017711285 55.2406481943806 48.3337096880529 67.0248962441835
145.7100958562 155.110834302042 139.243424890814 120.780612466965 105.009453097067 146.502535029686 166.167394550828 166.016433999641 145.367986344362 156.694645565891 128.925172988533 141.527610000237 143.89137254075 115.815877753147 112.235148656679 104.026778756627 102.402353786847 105.455275360597 112.501823705918 115.167765182248 103.779188049759 108.806591919285 103.120298255713 99.2560650264024 99.2344982555909 100.13844370819 100.802121998833 38.6617024194986 39.817621394326 50.4795617506732 85.7554731902269 86.8369583841868 86.1332295566506 80.8846678909466 79.1642194110948 31.7900021660169 32.0285744446996 35.3498151839621 45.9789521194367 48.0531239432692 22.9509267982391 41.6236097398558 44.2983506825183 66.870655449614 82.0516298765522 43.071796038462
145.368474300164 111.392479447945 141.078098624769 139.772140943402 110.249454888107 110.822381758667 82.7210570045395 134.645837311783 161.745533673554 163.08575929423 148.724032330155 120.40205600097 118.278487484266 126.258460306491 125.539830263968 124.328653626638 102.433304507348 105.776658803182 103.849723465174 122.776157230473 116.698554891008 101.865408890308 99.8071370579816 99.3664010097848 99.6931865017972 99.6767761765264 101.725156339815 101.103879282451 81.2937492958358 48.4576752240957 27.7901136872177 64.0760630300198 69.465616095116 80.6921365228805 66.86828733821 54.6899553932202 31.8591453938183 30.310107048833 45.5589501676417 35.4985310510243 21.1748270966754 21.5269728121807 72.2870625614648 23.1058420732791 22.9885351661348 62.4520520350234
