IBR/IBR_outputs/all.combrep_1/FireFreq_2000_2008_Total.PersistForestCover_Total.Spinifex_Total.VRM_Total/FireFreq_2000_2008_Total.PersistForestCover_Total.Spinifex_Total.VRM_Total.asc
NCOLS 160 
NROWS 95 
XLLCORNER 210004.651214014 
YLLCORNER 7350008.22228844 
CELLSIZE 4999.99999999997 
NODATA_value -9999 
[rows 63 to 83 of 95, columns 0 to 45 of 160]
-9999 -9999 -9999 -9999 -9999 4.79370993305118 2.72369052602698 4.21337157614566 15.5613029140235 19.4194496719151 22.0262894249863 17.5511217774249 30.0177360411411 113.245612660821 103.631513510403 100.30883512548 100.438121382653 100.312639733641 98.6363442332923 98.6358085225179 98.2397370669471 100.204447542416 128.252961785712 133.470464335229 102.361874962183 102.317389707266 107.533278268554 57.8792560304556 117.410730841503 33.0989596470496 29.5839622985939 18.5288456528253 11.1229276683364 20.5230558207684 17.1019883444152 6.95347337821865 11.7088441203864 6.95502226876715 22.6364767425451 18.7982862566802 22.6141552009794 49.5776804951401 42.8040455087922 31.7973333499199 39.5085965861339 55.0931834584926
-9999 -9999 -9999 -9999 -9999 20.2923526571209 6.11954045421343 17.1616541039483 14.3483356777228 20.6149129968776 19.3031690451022 19.6193906956307 10.6414686763912 73.4236416795331 100.585892703498 103.580334588672 19.5934214829366 38.3149018304361 24.3418468364278 25.9641509298411 13.4127854671164 14.6620568574623 67.2421764163932 114.413260920639 81.8570632647407 53.5703846842604 25.254903533413 27.3248955819492 28.2795397144081 19.1262164772692 7.51895799095874 9.21194266983743 14.2934708632624 5.57851323572583 13.8913275434091 89.2112083493467 44.6016318587037 4.56389097889709 31.2802130800995 32.2247606929374 26.4722961000969 17.2593994706033 21.1259253206886 49.2529175466793 55.0954113442709 72.7032271778799
-9999 -9999 -9999 -9999 -9999 18.7848586552841 20.4789732168991 13.3716985074061 11.7808527747917 17.8029144178331 20.6068986630483 19.7178517807973 16.3939141614369 5.43758272581305 71.6617439205282 58.4864604114163 3.37883417766198 2.73114107685937 2.27700998869175 7.92331958848503 24.6017875297369 3.92134223075312 122.378776231567 133.110494740081 34.0057551577048 33.9174191784197 19.721882259526 23.6224823159455 20.5199497721381 53.2104670518244 31.9628249441025 8.52487113281332 12.7936263511204 15.3010695119881 24.9922402985481 6.98702483042473 14.1994692449751 95.3562345085841 11.7824631464054 22.3025049441079 39.5640230414969 16.8880989805661 33.4750078727453 40.6361900430272 25.6702203655563 29.861969762666
-9999 -9999 -9999 -9999 -9999 18.3932865683598 24.4288247475801 16.7737219725157 20.5553685237521 18.5909257644702 23.4175528687936 19.0414200619865 15.8137501926624 9.53433908430773 9.79356939963329 42.51310064834 2.3377182129973 3.52052159626707 3.48978670290208 8.22635892833346 10.2440089889148 5.2924364381818 43.5497585706497 42.36049018843 26.6343109939857 70.7053336935818 22.2269492386635 73.73853135026 27.1770992505217 20.1008294627944 72.5561661165831 35.965594523035 9.7885917988614 11.7862538703179 15.3626622480146 11.2889123034054 7.87157858379379 11.1401860808281 22.2180836871854 18.941450629124 18.0069152423512 36.4619670497516 12.1379068945369 16.8876009344576 42.3069613693561 22.0553972331488
-9999 -9999 -9999 -9999 -9999 16.7485947888727 25.1927707350084 16.6107751630989 18.8653632769259 27.8159077055646 5.7459824727404 4.37979513549547 9.54169513150683 2.65196180094858 3.97883238935365 2.68701702996074 2.51402956943733 5.6346333753328 14.698784188434 17.9635076197394 15.1613971501127 30.0128904137002 15.0169364920594 18.0361712286449 14.290438106862 27.8301879926885 28.8494166242599 56.0512705207169 35.7167404270044 12.152931462369 18.2082485829433 25.4528365148271 29.5375761470092 24.8839017699068 25.3810294536427 5.51417343771143 3.95850436265419 7.80863709853466 14.4285398930005 29.1361501810736 9.22949020223191 15.7341870385534 7.25882250943252 66.0971450105457 34.5852230743807 8.02159961848687
-9999 -9999 -9999 -9999 -9999 12.4462580475147 16.016334667411 9.46880197359927 15.3735667913728 18.8785542017979 7.18937235673873 10.5688038628279 15.4067674075558 10.5006546771161 2.6087423658809 2.69209845893466 5.38769383650055 4.08769164565144 20.7230467269402 15.939567725519 14.8105339122637 9.04310989894707 7.82467367649401 36.5220136881614 15.8787049043796 10.7111180282924 44.3023919597331 30.4454815390329 26.4555227919556 20.381493395732 17.5546012285041 12.3047257835694 17.1279717392641 17.6544481591187 21.2293009438394 17.388165106401 19.4524857059034 12.9308632465202 48.5436640660963 9.23071362197082 31.4913888114573 33.0193087267698 38.1497812273019 33.5286139221401 68.1535699266955 57.044772917971
-9999 -9999 -9999 -9999 -9999 8.29111306885776 10.8361639656469 3.78555991194165 7.70251297786227 6.56083175093327 4.50474439949569 10.7218163777893 9.605259171065 13.4760911675408 5.51462605182989 1.07003685126919 3.6147440516942 3.9631157663307 4.52809033065181 10.839427682023 9.54780257179392 11.8397882013436 18.1946996965088 64.3703452364856 49.0674258055108 19.9584725226293 13.3795739003138 12.7638226969689 21.1954447964162 15.0590788684801 23.2442910653259 15.7134505733614 27.7337045890191 9.45046970751318 8.35624575809541 10.7096093348556 13.742850075895 25.2135841466856 22.0880387424982 14.6483913519046 16.2092912010926 76.0981880954139 98.7164502068001 108.542379978395 102.383397063316 96.9706384018949
-9999 -9999 -9999 -9999 -9999 4.7433367659678 8.46904618155128 7.95712155824716 4.25329644001067 1.71183243698202 5.20724634357509 16.0802704793092 16.6915541229 10.1375178628358 13.9058951387453 2.65209336098028 1.98601661162783 4.2475180698001 4.20763954728396 6.60912689772713 8.98720756962757 9.84019173243122 16.1667599470641 26.1497923863256 48.1037673185033 58.4620438427813 81.3877160276095 7.89480834991469 20.9609424983026 18.4217034479547 40.7055210846386 54.9732644374336 33.2603762909487 33.397888004964 12.5188446158478 20.1540462171015 26.493048100565 13.6357057681205 30.8793109168323 47.8442763449533 70.4508728155943 33.1784560646709 99.4033628206694 100.354667883356 100.626807300906 108.661163425808
-9999 -9999 -9999 -9999 -9999 3.03291029014282 3.72762385822538 4.31091400572924 4.29319321734858 7.41241561470618 5.52808891998847 4.25280013179682 4.94309341649871 12.0833400485282 16.3843513794855 6.12552095347705 13.863521028022 5.84360894952515 10.7346121420394 25.2975127708748 20.4805265550591 6.32066770947362 6.36143629339073 22.06489729202 47.1284314785451 106.184098030262 113.060814606264 17.0359504039796 18.0530037168609 21.8014140350561 69.9960075651762 62.8185789121792 19.0394062197615 16.8122952126216 39.8547224528088 14.4854333042257 16.0178539528709 17.9811180407354 19.6383013240024 27.8386733172055 21.5954468141074 39.9632119309309 102.316510074697 102.845562374562 98.7180067774762 101.08755963796
-9999 -9999 -9999 -9999 -9999 2.63412088897882 1.61400576064766 2.59333738885499 3.64245587741097 11.8284568332479 2.97919021280253 3.27409530363337 3.99057066427445 15.6330528792569 17.9329436421342 4.09868623326475 16.7880776967407 11.652068259635 13.7088768192282 109.022251079736 68.1857791384741 8.93402536062876 11.209689602041 17.329691646403 81.9301028258399 100.935445476007 116.041773317683 80.3931974164789 63.1535438050504 51.23210349578 75.8436353698457 29.2363284331835 8.64651909334332 17.637455562887 18.9265789594591 52.3371841105409 119.187445935594 82.2425682704661 46.6427490438853 41.7046276424741 32.7425347708819 24.5472832460875 102.037900785109 109.160663180617 100.357946138963 98.7701732722282
-9999 -9999 -9999 -9999 -9999 13.9093905916532 2.91877097230339 1.48083296488984 1.68383788341689 42.2147085134285 4.84668370862323 3.35052595573459 3.51288731726533 12.7333450597586 11.8732933115945 3.50944978380232 6.79820367279627 113.150202041583 110.867920624461 89.5698475819239 31.035213572564 13.6645569533038 20.4620518118301 74.0443024639919 128.239193469549 110.324189150215 115.415594721388 109.277078502582 100.96448932749 74.1913962053925 43.1680898415938 35.9465003785394 17.8059691927844 19.4957398738997 45.5772638922726 73.8585977074715 62.5726126299582 57.8692592838454 105.412713837949 40.8729392511588 51.457152839301 76.461905870591 104.16113956689 98.7765943764466 99.957381888296 103.560018987703
-9999 -9999 -9999 -9999 -9999 2.06062916480555 4.68701551948391 4.5234442116884 12.7016895581962 13.9326154616143 44.3349612766964 3.62613743892472 2.84968353588889 6.21030517822958 5.02139950650743 7.47490457041752 3.82863916334372 32.5309798657148 111.676090868539 114.03789539945 107.877407012627 102.337913574787 114.520637725395 126.279721832334 121.662107993066 113.335465404492 112.042356913695 102.426968080265 107.114780103184 110.129941673711 35.2670942697057 75.3389350130684 17.483031512551 33.198668295668 112.622500397502 73.9940777841534 50.7095347433745 39.706841506724 92.5781195585975 65.3168729175557 50.9830545132105 66.4264310746865 111.478110047366 102.228490052117 99.0787215167703 101.215835193654
-9999 -9999 -9999 -9999 -9999 84.9868798993075 53.6425030102674 74.2651799156348 99.0671239854847 71.3501304599554 98.2475112048781 10.1142374365334 4.68080458371044 7.22646403425769 8.72188090989726 10.6496426563855 11.7132644406753 11.9505268800626 68.7195499416787 112.664759767757 113.836576080963 105.052208179129 115.791101120362 123.142537210488 103.301425572958 109.319313647878 103.135863625744 104.218957436756 107.458706258951 141.98099184899 85.7110658978351 88.0956362533454 40.1348595649757 39.0408965763949 57.8167048627949 53.8865105630868 57.0559152874929 58.7940411356112 77.3838561119374 122.698129097565 56.8041091838901 61.8183274570322 63.6935765275559 107.106971200901 103.96834548299 101.01160398756
-9999 -9999 -9999 -9999 -9999 99.0886562438536 104.975343300201 99.1658323580218 99.870883089794 103.881126197684 102.042711827923 21.7533906933057 8.95127390555527 18.5771989780279 11.8897826757546 60.3266862940233 17.0037622039231 14.5837697486671 7.67872103439414 60.0074723184576 106.402412868793 105.394718078521 107.052427424804 111.405448832955 101.686509642347 101.9327435324 102.075358416243 103.454735363377 110.463555433544 113.142337729108 107.72408512463 32.1743560188435 32.6234291001646 27.046104418955 34.4872644661259 46.1225949567376 60.2058920415984 46.8483813243765 57.924569069029 85.8847708726714 107.170483965619 100.967374466188 77.900907157736 87.2105053104583 105.825599604294 120.561096145305
-9999 -9999 -9999 -9999 -9999 100.327107677674 98.9557601039636 105.597136700023 100.619864175748 99.0307331434028 111.728317073848 60.2236594735868 17.5306270928109 14.7476891139049 9.89619218361592 87.8555850946805 10.1845693925677 17.5763083580343 22.142351675915 25.2046731288992 64.6085111794849 106.067381890842 108.134167467383 104.930044975698 102.989896914698 100.756222721816 100.60347554737 99.5816521116943 109.17102754995 114.347012575276 102.508685340046 47.117638385296 38.0186985123294 45.4430828134671 49.3551933195556 48.9984747309793 67.7255371669538 82.3061830633895 113.633208245894 49.2917529668954 130.013782388047 116.752938749035 92.0230479233565 100.999945501934 106.790933623646 101.28938734055
-9999 -9999 -9999 -9999 -9999 60.470367909257 42.7732469150602 78.1636189996379 109.118616457262 99.4641810356734 100.076081656903 102.096657396795 79.5346126947379 5.15786870873691 5.62521768335203 31.639337422769 20.6232819036779 9.60070898240248 91.00083360609 83.7521910500668 26.6903531966549 85.6081021874302 113.240304667339 116.334903857538 106.109952995196 104.335626149851 99.6808398896098 103.272258439781 100.963137653037 110.996360577993 104.434604503878 49.7054234002021 38.0733619814201 51.6052163961199 52.9047697615143 59.6255625486444 48.424537978689 76.4281437405987 99.5925145679344 90.5706916848993 80.4563441520018 119.304141203812 90.7170745904015 89.6668148400295 129.316493687444 105.438944161367
-9999 -9999 -9999 -9999 -9999 14.9617132205765 25.0261137073772 10.2467595735144 45.2932788300023 101.764524960364 78.5370069422837 41.2363395855156 99.2536049372857 5.53330271963228 3.84712572015338 3.74490114278694 18.2067862167973 34.7711508076969 102.046663266519 107.845627951461 111.50479734463 98.3330296932532 99.1382002065171 113.895666310145 102.293056046819 116.361931161019 122.581085569547 107.397161605271 112.302216779279 107.923618002649 101.496915084889 101.256476086128 106.34735634299 48.4688886745135 55.2215098871664 44.0777032842693 33.1124702126901 57.1534128696076 110.223435660203 142.330521910899 93.8228813970168 125.17624322327 92.4993916154032 93.7403402578702 110.431493751865 120.033793779212
-9999 -9999 -9999 -9999 -9999 -9999 105.561494747591 90.7787387315304 37.6051304751087 57.0281153739199 15.8909778423297 9.84424739210862 50.1071075202751 27.6689963407905 18.9198236041462 9.32050212585699 7.37943366554002 26.6166069996605 98.8642143408246 107.942595222093 111.767404803025 112.781796651472 108.689657472643 116.373671783555 124.941721442556 114.143748379357 113.25351706484 123.773515030442 121.32460073246 110.923509919807 101.841681077606 99.7185237129127 102.75665022212 111.313529295967 36.7853272371353 54.2545515070173 47.4650489728867 65.614118426049 154.407032876367 132.723074586958 135.657543064697 89.4849398582572 81.8187757452885 86.910108368114 90.2771864012721 108.866223115012
-9999 -9999 -9999 -9999 -9999 -9999 -9999 98.7490377129927 20.9058952209655 17.3812548187476 78.4112198222347 103.554610915701 98.7786291749718 97.8589010328104 51.3840878824807 84.3116832573883 52.6653208620795 45.9806182732747 103.646608490778 100.560802676318 111.977186947669 113.657778685098 112.702557439911 119.958863568676 102.430032024606 103.790598593844 120.093723953521 112.346317949498 100.680087257454 100.264624033078 103.629482639784 102.111043408318 110.084039336201 110.163973187527 70.9937019164431 46.0436698622345 56.3979537759971 88.2306922664953 130.633962829132 131.609389656716 117.599258275155 113.488225069892 104.889154222799 81.8197381671733 76.2570977655762 126.314976493075
-9999 -9999 -9999 -9999 -9999 -9999 -9999 -9999 31.3802837662431 16.5627350936797 100.787075153838 98.8391174905409 98.7365698979473 99.1232663030988 101.09840551767 108.794417969505 142.503570921643 13.1704040702339 102.20169406296 117.155203130483 106.813236962201 102.560865479013 104.104493999111 123.909236898157 114.798476731998 105.491516068967 109.738645307721 111.130237664674 111.592820751419 108.672973682373 115.900301334931 108.454098872962 108.110185226398 121.878973310261 108.425101080022 50.7283292625684 67.5110090771155 81.0943336886178 105.922484472871 112.416523080877 117.623804265658 111.276761478606 124.09361741607 115.095223664166 126.652402243071 124.542786340134
-9999 -9999 -9999 -9999 -9999 -9999 -9999 -9999 -9999 85.8699865385757 102.33271106185 98.138700745597 98.5722639099372 100.374455032708 99.4609509822264 100.729448774311 101.475195566402 13.5138028628317 1.3585194096023 19.3244369590152 138.305598504034 99.3704248595183 100.761353249442 105.529221984227 112.744481295834 100.888683812996 108.632361690075 103.198686788473 107.033902045969 99.1536092327015 103.933845011267 106.316996205814 104.011509412121 120.596642291875 125.811529326272 125.804337534977 124.270272552709 103.484522587535 112.802693177591 100.858654108227 105.419918913678 107.870552049808 102.586441565456 121.043365011336 115.810480230693 136.830994787875
