0.787695 0.0557268 9.9991E-05 0.13809 0.0183877
0.857821 0.0540893 0.0416647 0.0463254 9.9991E-05
0.613487 0.230005 0.0519726 0.104435 9.9991E-05
0.773957 0.046818 0.0237439 0.155381 9.9991E-05
0.911119 9.9973E-05 9.9973E-05 9.9973E-05 0.0885814
0.902153 9.9991E-05 0.00256694 0.0645064 0.0306735
0.791952 0.0601466 9.9991E-05 0.13002 0.0177817
0.814914 9.9982E-05 0.04325 0.141636 9.9982E-05
0.701612 0.172397 0.0198046 9.9991E-05 0.106086
0.50635 0.241398 0.0330348 0.215362 0.00385476
0.405931 0.055641 0.05148 0.41734 0.0696082
0.461168 0.253812 0.0372835 0.247637 9.9991E-05
0.110368 0.0228316 0.0346956 0.810584 0.0215216
0.558542 0.195095 9.9991E-05 0.158655 0.0876083
0.644247 0.230155 0.0390564 9.9991E-05 0.0864421
0.616422 0.148727 0.0184023 0.216349 9.9991E-05
0.699066 0.242765 9.9982E-05 9.9982E-05 0.0579695
0.878341 0.0596024 0.0126907 0.0492654 9.9991E-05
0.119379 0.565841 0.0347286 0.159316 0.120735
0.110199 0.72823 9.9991E-05 0.154168 0.00730269
0.275882 0.680221 9.9991E-05 0.0302552 0.0135418
0.0637974 0.773323 0.021534 0.105276 0.0360694
9.9982E-05 0.889837 0.0512722 0.0586913 9.9982E-05
0.0997991 0.830729 0.0369104 9.9991E-05 0.0324612
0.164703 0.762781 9.9982E-05 0.0723158 9.9982E-05
0.0719785 0.885445 0.0045222 0.0379539 9.9991E-05
9.9982E-05 0.91747 0.0184333 9.9982E-05 0.0638965
9.9991E-05 0.845533 0.0311073 0.0514769 0.0717828
0.0253953 0.912326 9.9982E-05 9.9982E-05 0.062079
0.0469059 0.879723 9.9991E-05 0.0103298 0.0629418
9.9973E-05 0.924545 9.9973E-05 9.9973E-05 0.0751554
0.0513482 0.888052 0.030633 9.9991E-05 0.0298664
0.0172274 0.831538 0.0578405 0.093294 9.9991E-05
0.561714 0.144302 0.057806 0.230499 0.00567938
0.635539 0.318253 9.9991E-05 0.0152367 0.0308705
0.770778 0.128109 9.9982E-05 9.9982E-05 0.100913
0.709765 0.0652825 0.045116 0.179736 9.9991E-05
0.566837 0.1707 0.0233216 0.18144 0.0577015
9.997E-05 9.997E-05 0.9996 9.997E-05 9.997E-05
9.9982E-05 0.79343 0.036353 0.170017 9.9982E-05
0.702212 0.167738 0.00455869 9.9991E-05 0.125391
0.694072 0.141987 9.9982E-05 0.163741 9.9982E-05
0.300786 0.324672 9.9991E-05 0.249406 0.125036
0.139422 0.0850087 0.0330808 0.625427 0.117061
0.0763015 9.9982E-05 0.0219491 0.901549 9.9982E-05
9.997E-05 9.997E-05 0.9996 9.997E-05 9.997E-05
0.521492 0.198383 0.0713898 0.165381 0.0433541
0.281641 0.175957 9.9991E-05 0.472225 0.0700779
0.244207 0.377167 0.0437985 0.269378 0.0654493
0.0644712 9.9991E-05 0.0274275 0.185628 0.722374
9.9991E-05 0.0507338 0.0323171 0.154764 0.762086
0.197639 9.9973E-05 9.9973E-05 9.9973E-05 0.802061
0.0361576 9.9991E-05 0.0436844 0.283781 0.636277
0.047716 0.0767001 0.0473838 9.9991E-05 0.8281
0.0698759 0.0853872 9.9982E-05 9.9982E-05 0.844537
0.244199 9.9982E-05 9.9982E-05 0.0310132 0.724588
0.0246105 0.0379026 0.020902 0.116663 0.799922
9.9991E-05 0.124559 0.0303465 0.0216394 0.823355
0.0405907 9.9991E-05 0.0468406 0.200588 0.711881
0.116945 9.9991E-05 0.0356523 0.304571 0.542732
9.9982E-05 0.0860216 9.9982E-05 0.0870358 0.826743
0.0882139 0.051396 9.9991E-05 0.202177 0.658113
0.0531538 0.00959886 0.0591312 0.578419 0.299697
0.0714699 0.813362 0.0184768 0.0614251 0.035266
0.117997 0.763099 0.0457209 0.0463907 0.0267926
0.0650464 0.902361 0.0323929 9.9982E-05 9.9982E-05
0.091337 0.0259747 9.9991E-05 0.197025 0.685563
9.9982E-05 9.9982E-05 0.0722098 0.462489 0.465101
0.0503139 0.0538867 0.0359353 0.158613 0.701251
9.9982E-05 9.9982E-05 0.0390167 0.310657 0.650126
0.124241 9.9991E-05 0.0723971 0.00505075 0.798212
0.18715 9.9991E-05 0.0260969 0.690505 0.0961478
0.17215 0.0244741 0.00435331 0.732352 0.0666707
0.0579519 0.00418576 0.0112613 0.89468 0.0319211
9.9973E-05 9.9973E-05 0.0335629 0.966137 9.9973E-05
9.9982E-05 0.0905614 0.0314553 0.877783 9.9982E-05
9.9982E-05 0.0556545 0.0257241 0.918421 9.9982E-05
0.133298 0.131256 0.0119233 0.710336 0.013186
0.0847056 9.9982E-05 9.9982E-05 0.310582 0.604512
0.0508296 9.9991E-05 0.100866 0.461999 0.386206
0.0362583 0.0219988 0.0202088 0.223036 0.698499
9.9991E-05 0.0963106 0.0215568 0.119457 0.762576
0.241345 9.9982E-05 0.0569122 9.9982E-05 0.701543
0.112245 0.722751 0.0368365 0.0826412 0.0455255
0.00259692 0.126815 9.9991E-05 0.654346 0.216142
9.9973E-05 9.9973E-05 9.9973E-05 0.955036 0.044664
9.997E-05 9.997E-05 0.9996 9.997E-05 9.997E-05
0.706461 0.15781 9.9982E-05 0.135528 9.9982E-05
0.684835 0.128491 0.0280853 0.158488 9.9991E-05
0.618414 0.160847 0.0331774 0.187461 9.9991E-05
0.379683 0.255298 0.0573301 0.245014 0.0626748
0.770342 0.160373 9.9991E-05 0.00077297 0.068412
9.9982E-05 0.0628196 9.9982E-05 0.809193 0.127787
0.213784 0.570967 0.0424029 0.150837 0.0220092
0.13955 9.9991E-05 0.0923723 0.620964 0.147014
0.284725 0.306483 0.0422967 0.307917 0.0585785
0.749018 0.242047 9.9982E-05 9.9982E-05 0.00873574
0.694816 0.0671476 9.9982E-05 0.237836 9.9982E-05
0.557107 0.205482 9.9982E-05 0.237211 9.9982E-05
0.699631 0.0754724 0.0033381 0.15707 0.0644883
0.654323 0.0455211 0.00431642 0.29574 9.9991E-05
0.686892 0.0914935 0.0195519 0.201963 9.9991E-05
0.0684472 0.0556388 0.0132221 0.689687 0.173005
0.20338 9.9991E-05 0.0512497 0.590024 0.155246
0.0428624 0.0438102 0.0660293 0.72462 0.122678
0.156443 0.234378 9.9982E-05 0.608979 9.9982E-05
0.215793 0.158454 9.9991E-05 0.547499 0.0781544
0.478558 0.455599 9.9982E-05 9.9982E-05 0.0656428
0.204348 0.00939657 0.0274791 9.9991E-05 0.758676
9.9982E-05 9.9982E-05 0.0324737 0.306979 0.660347
0.0480823 0.134652 9.99969E-05 0.66545 0.151716
0.168592 0.141081 0.0106245 0.535337 0.144366
9.9991E-05 0.275008 0.0390748 0.605749 0.080069
9.9973E-05 0.746572 9.9973E-05 0.253128 9.9973E-05
9.9991E-05 0.0464059 0.0266598 0.348285 0.578549
0.0192304 0.00374757 0.00468399 0.337233 0.635105
0.077299 9.9982E-05 9.9982E-05 0.478454 0.444047
0.3331 0.498239 0.0800913 0.0234023 0.065168
0.68027 0.264118 9.99878E-05 9.99878E-05 0.0554125
0.795277 9.9991E-05 0.0376396 0.13306 0.0339227
0.758187 0.106632 9.9982E-05 9.9982E-05 0.134981
0.632598 0.365673 9.9982E-05 9.9982E-05 0.00152886
0.652493 0.224081 0.00994649 0.113379 9.9991E-05
0.730509 0.14243 9.9982E-05 0.126861 9.9982E-05
0.91142 0.0428025 0.0195035 9.9991E-05 0.0261737
0.442536 0.368905 9.9982E-05 0.188358 9.9982E-05
0.803705 0.149674 0.000123384 0.0159477 0.0305502
0.676637 0.160149 0.0203537 0.14276 9.9991E-05
0.753124 0.145196 0.00496651 0.0966132 9.9991E-05
0.518071 0.284356 0.0216629 0.10423 0.0716805
0.826268 0.078951 0.0195998 0.00691154 0.0682696
0.554733 0.224196 0.00249044 0.208022 0.0105578
0.805756 0.0669356 9.9991E-05 0.10942 0.017789
0.00486853 0.887236 9.9991E-05 0.0621289 0.0456669
0.0813683 0.872996 9.9982E-05 0.0454355 9.9982E-05
0.00771539 0.956655 0.0354297 9.9982E-05 9.9982E-05
0.101757 0.798432 0.0162596 9.9991E-05 0.0834511
9.9982E-05 0.846284 0.0217549 0.131761 9.9982E-05
0.748202 9.9991E-05 0.00264699 0.163058 0.0859935
0.703905 0.164146 0.0282656 0.103583 9.9991E-05
9.9973E-05 9.9973E-05 9.9973E-05 0.106704 0.892996
0.0280545 0.0684095 0.0197729 0.0938036 0.789959
0.108269 0.00720842 0.00213182 0.031824 0.850566
0.0163699 0.0482786 9.9991E-05 0.343396 0.591856
0.0434221 0.018208 0.0467484 0.0884334 0.803188
9.9991E-05 0.147537 0.0237527 0.0181172 0.810493
0.0109149 9.9991E-05 0.0133643 0.14416 0.831461
9.9982E-05 0.089821 9.9982E-05 0.152721 0.757258
0.0276058 0.0605279 9.9991E-05 0.0965479 0.815218
9.9991E-05 0.098406 0.0245876 0.0735766 0.80333
0.108568 9.9991E-05 0.0356361 0.0655927 0.790103
0.070307 0.0350517 0.0338592 0.11449 0.746292
0.113557 0.0282127 0.00469494 0.0576694 0.795866
0.0036514 0.0886219 0.0256349 0.0326672 0.849425
0.00223048 9.9991E-05 0.00644492 0.244548 0.746677
0.0970868 9.9982E-05 0.0356322 9.9982E-05 0.867081
0.0120631 0.114984 0.026082 0.0131975 0.833673
0.0815214 9.9982E-05 9.9982E-05 0.83052 0.087759
0.0958424 0.0113064 9.9982E-05 0.892651 9.9982E-05
0.0289692 9.9982E-05 9.9982E-05 0.161109 0.809722
0.321906 9.9982E-05 9.9982E-05 0.00561152 0.672283
9.9982E-05 0.00289761 9.9982E-05 0.161594 0.835309
0.193823 9.9982E-05 9.9982E-05 0.740699 0.0652783
0.894859 0.0159174 0.0168905 0.0722328 9.9991E-05
0.741154 0.240123 0.0185234 9.9982E-05 9.9982E-05
0.287189 0.466673 9.9991E-05 0.231679 0.0143585
0.252249 0.604993 0.00786151 0.134797 9.9991E-05
0.0267459 0.826055 0.0125612 0.134538 9.9991E-05
0.0458665 0.864188 0.00717312 0.0826725 9.9991E-05
0.093179 0.822221 0.0305536 0.0539463 9.9991E-05
0.122061 0.741208 0.00812377 0.103458 0.0251487
9.9991E-05 0.757261 0.0378101 0.14201 0.0628193
0.0591357 0.825606 0.0554625 9.9991E-05 0.0596957
0.830863 0.121738 0.00350029 0.0420203 0.00187797
0.756175 0.0428509 0.0600081 0.0722619 0.0687041
0.82609 9.9991E-05 0.0447811 0.10873 0.0202987
0.83486 9.99731E-05 9.99731E-05 0.16484 9.99731E-05
0.834831 9.9982E-05 9.9982E-05 0.164329 0.000640568
0.64827 0.0272661 9.9991E-05 0.295893 0.0284709
0.587631 0.208701 0.0239233 0.177974 0.00176991
0.573524 0.18573 0.00817701 0.178439 0.054129
0.672293 0.0625307 0.0648395 0.200237 9.9991E-05
0.723038 0.15743 0.0339276 0.0259701 0.0596339
0.79212 0.109628 0.0203584 0.00957844 0.068315
0.0747695 0.670185 0.131606 9.9991E-05 0.12334
0.0203899 0.0155417 0.0352895 0.203671 0.725108
9.9991E-05 0.110974 0.0276133 0.129385 0.731928
9.9982E-05 0.0078036 9.9982E-05 0.197177 0.79482
0.144018 0.00955227 0.0150526 0.163618 0.667759
0.0972657 0.0660109 0.024176 0.00778715 0.80476
0.430224 0.303206 0.017189 0.122541 0.126839
0.530832 0.348749 0.0232848 0.0778153 0.0193186
0.85416 0.0746797 0.0421569 9.9991E-05 0.0289032
0.430551 0.311166 0.0501246 0.208058 9.9991E-05
