9.9991E-05 0.143352 0.856548
9.999E-05 0.158414 0.841486
9.999E-05 0.267346 0.732554
0.0204517 0.0725251 0.907023
0.0332407 9.9991E-05 0.966659
0.0409773 0.0172521 0.941771
0.0670745 0.0891878 0.843738
9.999E-05 0.0436074 0.956293
0.076263 0.208227 0.71551
0.056174 0.237284 0.706542
0.204349 0.133226 0.662425
0.0935291 0.323082 0.583389
0.33688 0.134396 0.528724
0.123185 0.197315 0.6795
0.0541465 0.210969 0.734885
0.00969236 0.108077 0.882231
0.0154464 0.238359 0.746194
9.9991E-05 0.0920521 0.907848
0.191624 0.612555 0.195821
0.0218886 0.726599 0.251512
0.00261557 0.704895 0.292489
0.0406489 0.867566 0.091785
9.999E-05 0.9998 9.999E-05
0.0232905 0.914663 0.0620466
9.9991E-05 0.690156 0.309744
9.9991E-05 0.922083 0.0778169
0.0479499 0.95195 9.9991E-05
0.0642099 0.93569 9.9991E-05
0.0220378 0.977862 9.9991E-05
0.0746243 0.885814 0.039562
0.0154205 0.98448 9.9991E-05
0.0408877 0.898636 0.0604766
0.0133276 0.897861 0.0888113
0.0324938 0.255963 0.711543
0.035002 0.307126 0.657872
0.0733908 0.125997 0.800612
0.0428803 0.0904617 0.866658
0.129086 0.19038 0.680533
0.38348 0.61642 9.9991E-05
0.0761889 0.886811 0.0369999
0.115557 0.24574 0.638703
9.9991E-05 0.165995 0.833905
0.231481 0.282671 0.485848
0.325388 0.110885 0.563727
0.31188 0.0907881 0.597332
0.363724 0.636176 9.9991E-05
0.0869065 0.204764 0.70833
0.234726 0.141605 0.623668
0.0936996 0.435605 0.470695
0.841915 0.0180036 0.140081
0.942111 0.0495076 0.00838097
0.873645 0.016732 0.109623
0.846672 0.00139398 0.151934
0.89334 0.10656 9.9991E-05
0.934021 0.0658793 9.9991E-05
0.807777 9.9991E-05 0.192123
0.936216 0.0636839 9.9991E-05
0.912709 0.0871912 9.9991E-05
0.89558 9.9991E-05 0.10432
0.735212 0.00987015 0.254918
0.942791 0.0571086 9.9991E-05
0.800328 0.104602 0.0950691
0.581539 0.0769438 0.341517
0.0248907 0.842279 0.13283
9.9991E-05 0.823409 0.176491
9.9991E-05 0.910441 0.089459
0.831538 0.0338069 0.134655
0.726292 0.0378689 0.235839
0.824184 0.110342 0.0654743
0.892865 0.0609296 0.0462049
0.922491 0.0629461 0.0145631
0.363889 9.9991E-05 0.636011
0.320078 0.0182541 0.661668
0.374679 0.0220846 0.603236
0.34202 0.0528227 0.605157
0.307436 0.18621 0.506354
0.380268 0.108266 0.511466
0.316769 0.105501 0.57773
0.785591 9.9991E-05 0.214309
0.604443 0.0714834 0.324074
0.839497 0.110706 0.049797
0.876682 0.123218 9.9991E-05
0.815169 0.0152846 0.169547
0.0522197 0.74319 0.20459
0.466265 0.158703 0.375032
0.395313 9.9991E-05 0.604587
0.368066 0.631834 9.9991E-05
9.9991E-05 0.210758 0.789142
9.9991E-05 0.154143 0.845757
0.0315065 0.208734 0.75976
0.142591 0.331041 0.526368
0.0331317 0.110931 0.855938
0.420438 0.0812123 0.49835
0.0783902 0.600996 0.320614
0.440006 0.0110118 0.548982
0.154693 0.330221 0.515086
9.9991E-05 0.18392 0.81598
0.0352792 0.0605485 0.904172
0.0351493 0.0945902 0.870261
0.138458 0.0717407 0.789801
0.0139947 0.0728484 0.913157
9.9991E-05 0.0729607 0.926939
0.46879 0.0804131 0.450796
0.376317 0.202583 0.421099
0.426231 0.0576101 0.516159
0.118668 0.268864 0.612468
0.244772 0.146865 0.608363
0.0164462 0.424265 0.559289
0.834268 0.0079328 0.157799
0.860576 0.0512303 0.0881937
0.362901 0.170217 0.466883
0.309187 0.192458 0.498355
0.316782 0.354513 0.328705
0.0243837 0.748417 0.227199
0.791656 0.162656 0.0456879
0.827568 0.00614658 0.166286
0.627887 9.9991E-05 0.372013
0.0146335 0.539453 0.445914
0.0280401 0.328219 0.64374
0.0883817 0.0128509 0.898767
0.140534 0.087565 0.771901
9.9991E-05 0.42992 0.56998
9.9991E-05 0.211684 0.788216
0.0263849 0.0962649 0.87735
0.0293019 0.0280402 0.942658
0.0133739 0.468991 0.517635
9.9991E-05 0.130191 0.869709
9.9991E-05 0.211249 0.788651
9.9991E-05 0.134336 0.865564
0.104933 0.260279 0.634788
0.0701772 0.143238 0.786585
0.032358 0.262549 0.705093
0.00626372 0.0828218 0.910914
9.9991E-05 0.939184 0.0607163
9.9991E-05 0.954434 0.0454662
9.999E-05 0.9998 9.999E-05
0.0673852 0.763832 0.168783
0.0557004 0.870645 0.073655
0.131989 9.9991E-05 0.867911
9.9991E-05 0.236115 0.763785
0.9998 9.999E-05 9.999E-05
0.890162 0.109738 9.9991E-05
0.910026 0.0738713 0.016103
0.77352 0.072119 0.154361
0.957191 9.9991E-05 0.0427089
0.893357 0.106543 9.9991E-05
0.9998 9.999E-05 9.999E-05
0.941942 0.0579578 9.9991E-05
0.936459 0.0634411 9.9991E-05
0.880729 0.119171 9.9991E-05
0.894338 0.0274183 0.0782439
0.867881 0.0398781 0.0922406
0.844869 0.036375 0.118756
0.932224 0.0676764 9.9991E-05
0.93096 0.0637796 0.00526026
0.95117 9.9991E-05 0.0487304
0.94987 0.0500295 9.9991E-05
0.366597 0.0610681 0.572334
0.231011 0.0078058 0.761183
0.953149 9.9991E-05 0.0467515
0.749262 9.9991E-05 0.250638
0.963971 0.0359287 9.9991E-05
0.349736 9.9991E-05 0.650164
9.9991E-05 0.0498888 0.950011
9.9991E-05 0.244441 0.755459
0.0348139 0.426184 0.539002
0.0109259 0.642051 0.347023
0.0459495 0.782017 0.172034
0.0365452 0.878304 0.0851504
9.9991E-05 0.750637 0.249263
0.010294 0.779927 0.209779
0.101035 0.799427 0.0995388
0.0359043 0.862831 0.101265
0.00320886 0.0770538 0.919737
0.0991758 0.0353154 0.865509
0.0689649 9.9991E-05 0.930935
0.0484578 9.9991E-05 0.951442
9.999E-05 9.999E-05 0.9998
0.109823 9.9991E-05 0.890077
0.0416968 0.264755 0.693549
0.122396 0.226511 0.651093
0.0444104 0.111971 0.843619
0.0868742 0.165417 0.747709
0.0304535 0.151596 0.81795
0.131034 0.846062 0.0229042
0.854648 0.0184996 0.126852
0.871807 0.128093 9.9991E-05
0.936829 0.0473879 0.0157829
0.796178 0.00927752 0.194545
0.837725 0.0965146 0.0657602
0.165395 0.30934 0.525265
9.9991E-05 0.338145 0.661755
0.00483754 0.252596 0.742566
0.0280599 0.29301 0.67893
