0.00694986 0.0847875 9.9991E-05 0.0982291 0.702328 0.107606
0.028329 0.125828 9.9991E-05 0.0504565 0.734323 0.0609641
0.0135294 0.138568 0.058161 9.9991E-05 0.569547 0.220094
0.0228183 0.245057 0.0115799 0.0186995 0.684862 0.016984
0.00316479 9.9982E-05 0.123004 0.0027283 0.870903 9.9982E-05
9.9982E-05 0.00656943 0.0107254 0.112831 0.869674 9.9982E-05
9.9982E-05 0.142175 9.9982E-05 0.146615 0.646307 0.0647019
0.0428683 0.119641 0.0460643 9.9991E-05 0.783679 0.00764757
0.0359247 9.9991E-05 0.0680634 0.0611502 0.668649 0.166113
0.0147083 0.216555 0.0114587 0.0643539 0.469199 0.223725
0.0275057 0.499238 0.108987 9.9991E-05 0.336946 0.027223
0.0150086 0.133777 9.9991E-05 0.0653838 0.562668 0.223063
0.0290345 0.838614 0.0616027 0.0370444 0.0336044 9.9991E-05
9.9982E-05 0.163349 0.130282 9.9982E-05 0.516424 0.189745
0.0302201 9.9991E-05 0.0103461 0.11252 0.649531 0.197283
0.00397649 0.242265 9.9991E-05 0.0761431 0.594233 0.0832829
0.00106117 9.9982E-05 9.9982E-05 0.068074 0.70015 0.230515
0.028306 0.0295033 0.0352335 9.9991E-05 0.820493 0.0863645
0.0282268 0.131416 0.127541 0.0789947 0.118535 0.515287
9.9982E-05 0.174021 0.00899316 9.9982E-05 0.167293 0.649493
0.00653641 0.0825308 0.0262602 9.9991E-05 0.194577 0.689995
0.00374373 0.103478 0.0837991 0.00334029 9.9991E-05 0.805539
0.047104 0.0727886 9.9982E-05 0.0568661 9.9982E-05 0.823041
0.0222667 9.9991E-05 0.0141414 0.056991 0.155085 0.751416
9.999E-05 0.173978 0.00330787 0.00333931 0.17059 0.648685
9.9973E-05 9.9973E-05 9.9973E-05 0.0565543 0.0407997 0.902346
0.0246439 9.9973E-05 0.110273 9.9973E-05 9.9973E-05 0.864783
0.0377028 9.9973E-05 9.9973E-05 0.14753 9.9973E-05 0.814467
0.000748094 9.9982E-05 0.0236508 9.9982E-05 0.0754097 0.899991
9.9982E-05 0.00453492 0.00409722 0.123877 9.9982E-05 0.867291
9.9973E-05 9.9973E-05 9.9973E-05 0.103589 0.0416478 0.854463
0.0205918 9.9982E-05 0.135645 9.9982E-05 0.0507261 0.792837
0.0814723 0.0374083 9.9991E-05 0.0588363 0.0233186 0.798864
0.0508282 0.291292 0.0458246 9.9991E-05 0.467554 0.144401
9.9973E-05 9.9973E-05 0.0918903 9.9973E-05 0.624494 0.283315
9.9991E-05 0.0691534 0.0734018 0.0421708 0.734588 0.0805857
0.0160082 0.247432 9.9991E-05 0.0633817 0.62584 0.0472379
0.00525196 0.28202 0.125775 9.9991E-05 0.431895 0.154959
0.9995 9.996E-05 9.996E-05 9.996E-05 9.996E-05 9.996E-05
0.0356525 0.230455 0.0231379 9.9982E-05 9.9982E-05 0.710555
9.9973E-05 9.9973E-05 9.9973E-05 0.181574 0.685204 0.132922
9.9982E-05 0.196696 0.010126 9.9982E-05 0.633236 0.159742
0.0115088 0.169999 9.9991E-05 0.251289 0.332742 0.234361
0.0366131 0.603319 0.101315 0.0651837 0.0978188 0.0957509
0.00716544 0.95787 9.9982E-05 0.0338101 9.9982E-05 0.000954185
0.9995 9.996E-05 9.996E-05 9.996E-05 9.996E-05 9.996E-05
0.0835194 0.243128 0.0635176 9.9991E-05 0.428345 0.18139
9.9982E-05 0.489323 9.9982E-05 0.151109 0.262626 0.0967416
0.0270565 0.092193 0.0984234 0.114416 0.320549 0.347362
0.0417393 0.0943343 0.145024 0.688054 0.0307483 9.9991E-05
0.0275169 0.0725329 0.453964 0.419656 9.9991E-05 0.0262293
0.00192555 9.9982E-05 0.542941 0.323975 0.130958 9.9982E-05
0.0388696 0.220413 0.543029 0.197488 9.9982E-05 9.9982E-05
0.0372292 9.9982E-05 0.718662 0.163894 9.9982E-05 0.0800153
9.9982E-05 9.9982E-05 0.579093 0.312769 0.0177936 0.090145
9.9982E-05 0.0163605 0.816159 0.00591239 0.161369 9.9982E-05
0.000175723 9.9982E-05 0.261865 0.656394 0.0813655 9.9982E-05
0.00461296 9.99639E-05 9.99639E-05 0.994987 9.99639E-05 9.99639E-05
0.0603826 0.101675 0.713414 0.124329 9.9982E-05 9.9982E-05
0.0497208 0.186491 0.320913 0.367871 0.0749039 9.9991E-05
9.996E-05 9.996E-05 9.996E-05 0.9995 9.996E-05 9.996E-05
9.9991E-05 0.182591 0.528802 0.244419 0.0268623 0.0172261
0.0629892 0.575229 0.193211 0.168371 9.9982E-05 9.9982E-05
0.026315 9.9982E-05 0.125875 9.9982E-05 0.0630841 0.784526
0.0285518 9.9982E-05 9.9982E-05 0.0765442 0.132181 0.762523
0.0154602 9.9982E-05 9.9982E-05 0.0535908 0.101415 0.829334
9.9991E-05 0.0163173 0.645636 0.191944 0.0889857 0.0570167
0.0718685 0.273069 0.357544 0.246138 0.0512812 9.9991E-05
0.0184021 0.121859 0.595146 0.203839 0.0266746 0.0340789
0.0482939 0.163403 0.589447 0.191445 9.9991E-05 0.00731102
0.0611164 9.9982E-05 0.710767 0.183436 0.0444802 9.9982E-05
0.00845139 0.539818 9.9982E-05 0.231649 0.219882 9.9982E-05
9.9982E-05 0.594027 9.9982E-05 0.207347 0.192549 0.00587705
9.9973E-05 0.790661 9.9973E-05 0.173839 0.0352002 9.9973E-05
0.029685 0.92768 0.0423355 9.9973E-05 9.9973E-05 9.9973E-05
0.0401211 0.881909 0.000700093 9.9982E-05 9.9982E-05 0.0770699
0.00238051 0.966642 9.9973E-05 0.030678 9.9973E-05 9.9973E-05
0.0114394 0.695223 9.9991E-05 0.129119 0.106937 0.0571817
9.9982E-05 0.100887 0.38072 0.375307 0.142886 9.9982E-05
0.116139 0.163645 0.253091 0.282294 0.184731 9.9991E-05
0.0320435 0.166407 0.494386 0.280978 9.9991E-05 0.0260852
0.0412917 0.0272662 0.549294 0.303881 9.9991E-05 0.0781667
0.0213119 0.0640146 0.676873 0.11042 0.127281 9.9991E-05
0.0160637 0.188895 0.0671773 9.9991E-05 0.080662 0.647102
0.00324304 0.408391 0.121139 0.27148 0.137014 0.0587327
9.9973E-05 0.844172 0.063371 0.0921567 9.9973E-05 9.9973E-05
0.9995 9.996E-05 9.996E-05 9.996E-05 9.996E-05 9.996E-05
0.00301813 0.111968 0.00530586 0.013622 0.654409 0.211677
0.0366207 0.107597 9.9991E-05 0.0461518 0.631217 0.178313
0.0244389 0.158247 9.9991E-05 0.111952 0.565058 0.140205
0.0205686 0.243576 0.0773658 0.0532243 0.370467 0.234799
9.9982E-05 0.137534 0.0485293 9.9982E-05 0.720969 0.0927677
9.9982E-05 0.698104 9.9982E-05 0.259097 0.0118979 0.0307014
0.00911671 0.188626 9.9991E-05 0.094679 0.150362 0.557116
0.0756973 0.700263 0.170042 0.0537978 9.9982E-05 9.9982E-05
0.0310293 0.355698 0.0819875 9.9991E-05 0.267221 0.263965
0.0202786 0.0231261 9.9991E-05 0.0638875 0.721827 0.170781
9.9982E-05 0.233989 0.0489871 9.9982E-05 0.625004 0.0918204
9.9973E-05 0.298332 9.9973E-05 9.9973E-05 0.579578 0.12179
0.00223912 0.153529 9.9991E-05 0.148081 0.678032 0.0180196
0.0207676 0.470073 9.9973E-05 9.9973E-05 0.50886 9.9973E-05
9.9973E-05 0.260207 9.9973E-05 9.9973E-05 0.656286 0.0832072
0.0282639 0.637897 0.0911209 0.167623 0.0392542 0.0358412
0.0804714 0.530931 0.186401 0.0431449 0.0707739 0.0882779
0.0677407 0.669907 0.194218 0.0364757 9.9991E-05 0.0315585
0.0044804 0.642677 9.9982E-05 9.9982E-05 0.137377 0.215265
9.9991E-05 0.423132 0.0778079 0.0968028 0.223227 0.17893
9.9982E-05 9.9982E-05 0.0711585 0.0210899 0.444088 0.463464
0.0270819 9.9982E-05 0.574046 0.265862 0.13281 9.9982E-05
0.0181653 0.141325 0.640445 0.163411 9.9991E-05 0.036554
9.9991E-05 0.521902 0.10378 0.144597 0.0428252 0.186796
0.0345192 0.343167 9.9991E-05 0.290145 0.202013 0.130056
0.0544465 0.285623 9.9991E-05 0.286949 0.126772 0.24611
9.9964E-05 0.336757 9.9964E-05 9.9964E-05 9.9964E-05 0.662843
0.0410388 0.206092 0.688368 0.0442203 9.9991E-05 0.0201817
9.9973E-05 0.238783 0.410003 0.350914 9.9973E-05 9.9973E-05
9.9982E-05 0.389943 0.399475 0.116077 0.0943047 9.9982E-05
0.0440217 0.106103 0.0311572 0.0403611 0.300402 0.477956
9.9982E-05 9.9982E-05 0.0617255 0.0366694 0.647493 0.253912
0.0301474 0.147908 0.022413 0.0846005 0.674362 0.0405699
9.9982E-05 9.9982E-05 0.197155 0.0208843 0.749327 0.0324332
9.9991E-05 0.0499472 0.0279551 0.00415965 0.553304 0.364534
0.000702855 0.121918 9.9991E-05 0.0490954 0.656385 0.171799
0.00466243 0.0631585 0.0951332 9.9991E-05 0.683486 0.15346
0.0311592 9.9991E-05 0.102338 0.0240117 0.823749 0.018642
9.9982E-05 0.134598 0.0613436 9.9982E-05 0.403148 0.40071
9.9982E-05 0.0245941 0.111689 9.9982E-05 0.683336 0.180181
0.0508802 0.13528 9.9982E-05 9.9982E-05 0.651522 0.162118
0.0202376 0.120755 9.9991E-05 0.0619944 0.689258 0.107656
0.0156197 0.167087 0.0288892 0.109122 0.44714 0.232142
0.0333098 0.0508103 0.065819 0.0659404 0.744923 0.0391978
9.9982E-05 0.267538 9.9982E-05 0.0860934 0.427087 0.219081
0.00690602 0.0633799 0.0145952 0.0612865 0.758813 0.0950194
9.9964E-05 0.215447 9.9964E-05 9.9964E-05 9.9964E-05 0.784153
9.9973E-05 9.9973E-05 0.0138382 9.9973E-05 0.0515178 0.934344
0.0510056 9.9982E-05 0.000419351 9.9982E-05 0.0283068 0.920068
0.00337366 0.0110455 0.117136 9.9991E-05 0.102189 0.766156
0.0195273 0.0824284 9.9982E-05 0.141109 9.9982E-05 0.756735
9.9982E-05 0.273432 0.113897 0.00197144 0.6105 9.9982E-05
0.0159832 0.180554 9.9991E-05 0.0424361 0.565158 0.195768
9.99639E-05 9.99639E-05 0.3095 0.6901 9.99639E-05 9.99639E-05
0.0188197 0.00616948 0.914521 9.9982E-05 9.9982E-05 0.0602896
0.0219659 9.9982E-05 0.701528 0.222269 0.0540378 9.9982E-05
0.0102299 0.207958 0.701159 0.00248271 0.00644448 0.0717261
0.0314675 0.0354495 0.643102 0.271708 0.0181736 9.9991E-05
0.00877739 0.0559708 0.58801 0.247166 9.9991E-05 0.0999751
0.0147006 0.00360926 0.93043 0.0510597 9.9982E-05 9.9982E-05
9.9982E-05 0.0468589 0.420606 0.506095 9.9982E-05 0.0262402
9.9982E-05 0.0263286 0.708392 0.180489 9.9982E-05 0.0845909
0.00762825 9.9982E-05 0.543018 0.368319 9.9982E-05 0.0808341
0.00695864 0.0754106 0.871017 0.0421642 0.00434977 9.9991E-05
0.0376505 0.0405607 0.635188 0.208307 0.0641382 0.0141551
9.9982E-05 9.9982E-05 0.72077 0.158452 0.0580997 0.0624782
0.0102282 9.9982E-05 0.668261 0.267777 9.9982E-05 0.0535335
0.0151067 0.117279 0.642967 0.224446 9.9982E-05 9.9982E-05
0.0151405 9.9982E-05 0.795271 0.102117 0.0872716 9.9982E-05
0.0116056 0.0163379 0.764965 0.156484 9.9991E-05 0.0505074
9.9973E-05 0.682363 0.20772 9.9973E-05 0.109617 9.9973E-05
0.0143713 0.934527 9.9982E-05 9.9982E-05 0.0439502 0.00695172
9.9973E-05 0.0576127 0.826882 0.115205 9.9973E-05 9.9973E-05
0.0165164 9.9991E-05 0.452038 0.302655 0.166418 0.0622726
9.996E-05 9.996E-05 9.996E-05 0.9995 9.996E-05 9.996E-05
9.9982E-05 0.47331 0.0465595 0.219322 0.260608 9.9982E-05
0.00623174 0.0723668 0.084351 9.9982E-05 0.83685 9.9982E-05
0.0310518 9.9973E-05 9.9973E-05 9.9973E-05 0.73213 0.236518
9.9982E-05 0.061232 9.9982E-05 0.182307 0.328762 0.427499
9.9982E-05 0.190587 0.0174636 9.9982E-05 0.164734 0.627016
0.0154585 0.205987 0.0209389 9.9982E-05 9.9982E-05 0.757416
9.9982E-05 0.0101426 9.9982E-05 0.113887 0.0728726 0.802898
0.00698225 0.138658 9.9982E-05 9.9982E-05 0.0906882 0.763472
0.0216195 0.109793 9.9991E-05 0.039357 0.0758495 0.753281
0.0365778 0.206439 0.0553245 0.0256776 9.9991E-05 0.675881
0.0467242 9.9982E-05 0.112258 9.9982E-05 0.0241097 0.816708
0.00960686 0.0446321 0.103369 9.9991E-05 0.781796 0.0604968
0.0431694 0.0994474 9.9991E-05 0.163766 0.675626 0.0178911
0.0335341 0.100968 9.9982E-05 0.154839 0.710458 9.9982E-05
9.99731E-05 0.261515 0.0512931 9.99731E-05 0.686892 9.99731E-05
0.0223358 0.22518 9.9982E-05 0.052272 0.700012 9.9982E-05
9.9973E-05 0.407543 9.9973E-05 0.0329342 0.559223 9.9973E-05
0.00463181 0.211048 9.9991E-05 0.0610212 0.538546 0.184653
0.0138546 0.0928914 9.9991E-05 0.161329 0.556672 0.175152
0.0423961 0.129523 0.0615388 9.9991E-05 0.676803 0.0896388
0.0179499 0.247528 0.0579533 9.9991E-05 0.540584 0.135885
0.026247 0.0828384 0.071678 9.9991E-05 0.737202 0.0819345
0.117247 0.0760315 0.128136 9.9991E-05 0.0194729 0.659013
0.0338141 0.0312802 0.206589 0.689812 0.0384048 9.9991E-05
0.0389449 0.00822441 0.656172 0.224242 9.9991E-05 0.0723162
9.9964E-05 0.102157 0.897443 9.9964E-05 9.9964E-05 9.9964E-05
0.0112667 0.0620133 0.775191 0.0369824 0.0770177 0.0375294
0.0204 0.00942459 0.776584 0.0937027 9.9991E-05 0.0997884
0.0351234 0.00767377 0.0357695 0.202463 0.448264 0.270707
0.0286472 0.125136 0.0208932 0.0357747 0.499204 0.290345
0.0591245 9.9991E-05 0.0144124 0.0427449 0.802526 0.0810926
0.0429315 0.287843 9.9982E-05 9.9982E-05 0.404446 0.26458
