0.168961 9.9991E-05 0.178415 0.650207 0.0023172
0.151537 9.9991E-05 0.081246 0.745968 0.0211485
0.0697732 0.0354182 0.196756 0.673764 0.0242889
0.211229 9.9991E-05 0.0125485 0.758994 0.0171282
9.9982E-05 0.0774328 9.9982E-05 0.921084 0.00128302
0.110933 0.0781842 9.9982E-05 0.810683 9.9982E-05
0.163515 0.0337579 0.089031 0.713596 9.9991E-05
0.0704026 0.00753625 0.0209343 0.856875 0.0442521
9.999E-05 0.120951 0.19119 0.669921 0.0178376
0.176429 0.0370844 0.241264 0.49874 0.0464831
0.581137 9.9991E-05 0.116683 0.258348 0.0437329
0.211883 0.0412635 0.201146 0.514488 0.0312194
0.858497 0.0291009 0.0129666 0.0490017 0.0504336
0.240417 0.0502425 0.23468 0.474561 9.9991E-05
9.999E-05 0.100129 0.234672 0.632941 0.0321578
0.232267 9.9991E-05 0.10329 0.659235 0.00510779
0.0415261 0.0506822 0.234129 0.673563 9.9991E-05
9.9982E-05 9.9982E-05 0.0944562 0.865659 0.0396844
0.115169 0.130975 0.52908 0.144417 0.0803587
0.160855 9.9982E-05 0.698984 0.139961 9.9982E-05
0.0379646 0.0084586 0.727367 0.224563 0.00164652
0.132221 0.0174929 0.837278 9.9991E-05 0.012908
0.0996382 9.9982E-05 0.835565 9.9982E-05 0.0645968
0.0169108 0.0132491 0.813041 0.117839 0.0389598
0.102085 0.00815081 0.65874 0.230924 9.9991E-05
9.9982E-05 9.9982E-05 0.903587 0.0767234 0.01949
0.053761 0.0471684 0.880583 9.9991E-05 0.0183877
9.9982E-05 0.0537214 0.919704 9.9982E-05 0.026375
9.9991E-05 0.0102909 0.904455 0.065403 0.0197511
9.9982E-05 0.0981743 0.854252 0.0473735 9.9982E-05
0.0738805 0.0367516 0.889168 9.9982E-05 9.9982E-05
9.9991E-05 0.0432362 0.883321 0.0515182 0.021825
0.0769662 0.0173667 0.828898 0.0272769 0.0494925
0.240667 9.9991E-05 0.176422 0.511604 0.0712065
9.9991E-05 0.032893 0.211382 0.750139 0.00548652
0.1472 0.0735345 0.140335 0.63883 9.9991E-05
0.274192 9.9991E-05 0.102624 0.594908 0.0281752
0.250301 0.0593041 0.180802 0.502411 0.00718119
9.997E-05 9.997E-05 9.997E-05 9.997E-05 0.9996
0.187176 9.9982E-05 0.781391 9.9982E-05 0.0312333
9.9991E-05 0.12801 0.182525 0.677813 0.011552
0.204725 9.9982E-05 0.129349 0.665726 9.9982E-05
0.335572 0.0934023 0.315134 0.239773 0.0161187
0.727422 0.102469 0.126344 0.0223139 0.0214515
0.970171 9.9982E-05 0.0148711 9.9982E-05 0.0147578
9.997E-05 9.997E-05 9.997E-05 9.997E-05 0.9996
0.273171 9.9991E-05 0.230167 0.439807 0.0567548
0.415883 0.100148 0.159972 0.323897 9.9991E-05
0.165876 0.0829516 0.305533 0.398595 0.047044
0.174171 0.728571 0.0454948 0.00710451 0.0446586
0.169144 0.773641 0.0194227 9.9991E-05 0.0376916
9.9982E-05 0.813477 0.0392174 0.147106 9.9982E-05
0.268804 0.684318 9.9982E-05 9.9982E-05 0.0466779
9.9982E-05 0.881879 9.9982E-05 0.081512 0.0364094
0.0526361 0.829015 0.0864248 0.0318245 9.9991E-05
9.9973E-05 0.738647 9.9973E-05 0.261053 9.9973E-05
0.144529 0.797601 0.0401609 9.9991E-05 0.0176092
9.9982E-05 0.865303 0.0729603 9.9982E-05 0.0615366
0.0278728 0.813528 9.9991E-05 0.113012 0.0454869
0.296534 0.609203 9.9991E-05 0.0699967 0.0241668
0.0710701 0.81884 0.107731 9.9991E-05 0.00225888
0.245451 0.685723 0.0527966 0.0159293 9.9991E-05
0.649673 0.302462 9.9991E-05 0.00755443 0.040211
9.9991E-05 0.0524854 0.798281 0.127127 0.022007
0.0230636 0.033558 0.811293 0.102279 0.0298059
9.9982E-05 9.9982E-05 0.887 0.0720556 0.0407443
0.306304 0.6735 0.00594494 9.9991E-05 0.0141512
0.42719 0.487408 9.9982E-05 9.9982E-05 0.085202
0.158653 0.699416 0.020244 0.089705 0.0319812
0.274209 0.684618 0.00247302 9.9991E-05 0.0386007
9.9991E-05 0.824847 0.0222166 0.111076 0.0417605
0.663438 0.0972285 9.9982E-05 0.239133 9.9982E-05
0.805524 0.0568207 0.00680704 0.127037 0.00381114
0.907379 0.0519261 9.9991E-05 0.031259 0.00933588
0.98384 9.9973E-05 9.9973E-05 9.9973E-05 0.01586
0.826718 0.00021461 0.125797 9.9991E-05 0.0471708
0.978016 9.9973E-05 9.9973E-05 9.9973E-05 0.0216845
0.782479 0.0125363 0.0741724 0.114836 0.0159763
0.380887 0.618814 9.9973E-05 9.9973E-05 9.9973E-05
0.352584 0.424944 9.9991E-05 0.118962 0.10341
0.182971 0.73246 0.0306795 0.0318396 0.0220498
0.211642 0.682195 0.0346465 9.9991E-05 0.0714161
0.0709279 0.723266 9.9991E-05 0.184146 0.0215598
0.17403 9.9991E-05 0.707887 0.0783691 0.0396133
0.613456 0.235673 0.150671 9.9982E-05 9.9982E-05
0.791985 0.111425 9.9982E-05 0.0963898 9.9982E-05
9.997E-05 9.997E-05 9.997E-05 9.997E-05 0.9996
0.158166 9.9982E-05 0.136476 0.705158 9.9982E-05
0.0887416 9.9991E-05 0.134661 0.748801 0.0276971
0.195778 0.00451033 0.213096 0.55078 0.0358355
0.247736 0.0692983 0.28693 0.351762 0.0442732
9.9982E-05 0.104442 0.118677 0.776681 9.9982E-05
0.865964 0.127239 0.00659736 9.9982E-05 9.9982E-05
0.14604 9.9991E-05 0.599007 0.203675 0.051178
0.651487 0.150855 9.9991E-05 0.105697 0.091862
0.356253 0.0563133 0.268318 0.271881 0.0472344
9.9991E-05 0.004994 0.190674 0.79261 0.0116218
0.283327 9.9991E-05 0.0629877 0.652223 0.00136151
0.332724 9.9982E-05 0.159034 0.508042 9.9982E-05
0.21347 0.0727762 0.0434171 0.670236 9.9991E-05
0.41378 9.9991E-05 0.00306347 0.573921 0.00913528
0.267205 9.9991E-05 0.073293 0.650949 0.008453
0.667308 0.214558 0.010591 0.0776562 0.0298868
0.686832 0.106454 0.107368 0.0419652 0.057381
0.70551 0.158475 0.053111 9.9991E-05 0.0828045
0.592281 9.9982E-05 0.18253 0.224989 9.9982E-05
0.460298 0.101775 0.141473 0.296354 9.9991E-05
0.00717803 0.0512811 0.448391 0.49305 9.9991E-05
9.9982E-05 0.780043 9.9982E-05 0.209804 0.00995238
0.241183 0.693471 0.0496494 9.9991E-05 0.0155974
0.530288 0.193123 0.172071 0.104418 9.9991E-05
0.448849 0.207516 0.168778 0.141467 0.0333901
0.39453 0.175444 0.215233 0.136534 0.0782585
0.217299 9.9973E-05 0.782401 9.9973E-05 9.9973E-05
0.251313 0.647096 0.0542274 9.9991E-05 0.0472637
0.295119 0.672005 0.000699985 0.0320769 9.9991E-05
0.451975 0.444115 9.9982E-05 0.103709 9.9982E-05
0.0770514 0.0750007 0.463947 0.338608 0.0453935
9.9982E-05 0.0652812 0.31162 0.622899 9.9982E-05
0.19267 0.047068 9.9991E-05 0.740054 0.0201077
9.9982E-05 0.130901 0.0145573 0.854342 9.9982E-05
9.9982E-05 0.00160306 0.386076 0.612121 9.9982E-05
0.100066 0.00834989 0.177137 0.698502 0.0159446
0.00796736 0.0686403 0.127635 0.795657 9.9991E-05
0.0125043 0.0715741 9.9982E-05 0.915722 9.9982E-05
0.135637 0.00937024 0.450938 0.403954 9.9991E-05
0.109 0.0270786 0.127849 0.735973 9.9991E-05
0.146932 9.9991E-05 0.214437 0.611421 0.02711
0.161271 9.9991E-05 0.086967 0.733501 0.0181606
0.111584 0.130382 0.286978 0.470956 9.9991E-05
0.0893753 0.0565674 0.031293 0.783989 0.0387757
0.265518 0.00494522 0.247414 0.482023 9.9991E-05
0.07403 0.0402142 0.0320267 0.853629 9.9991E-05
0.127567 9.9973E-05 0.872133 9.9973E-05 9.9973E-05
0.0402262 9.9982E-05 0.899011 0.0605631 9.9982E-05
9.9982E-05 9.9982E-05 0.966936 0.0102367 0.0226272
0.0688576 0.0507494 0.776781 0.0859257 0.0176864
0.0490425 0.0573176 0.814415 0.0462403 0.0329849
0.233531 0.0575315 9.9982E-05 0.708737 9.9982E-05
0.195866 9.9991E-05 0.177921 0.589568 0.0365446
0.0745025 0.925198 9.9973E-05 9.9973E-05 9.9973E-05
0.0335566 0.823631 0.0398678 0.0736721 0.0292722
9.9991E-05 0.892623 0.0195002 0.0713634 0.0164129
0.316011 0.641992 0.0261687 0.0147828 0.00104629
0.0358144 0.845984 9.9991E-05 0.0944767 0.0236254
9.9991E-05 0.827554 0.144016 0.0147899 0.01354
0.0666756 0.883416 9.9991E-05 0.0327265 0.0170816
0.151951 0.80705 0.0407999 9.9982E-05 9.9982E-05
0.0430717 0.838407 0.0604767 0.0579443 9.9991E-05
0.0644535 0.844155 0.0288183 0.0209264 0.0416474
0.14215 0.785073 9.9991E-05 0.0312335 0.0414429
0.00863924 0.76752 0.0403924 0.132255 0.0511928
0.0354051 0.804433 0.0218467 0.127389 0.0109261
9.9982E-05 0.884647 0.10017 9.9982E-05 0.0149836
0.176104 0.797669 9.9991E-05 0.0108048 0.0153224
9.9982E-05 0.892928 9.9982E-05 0.104168 0.00270417
9.9991E-05 0.864885 0.0527841 0.063107 0.0191235
0.757835 0.144359 0.00752619 0.0881928 0.00208769
0.816315 9.9991E-05 0.0404748 0.141438 0.00167132
0.147625 0.827002 9.9982E-05 0.025173 9.9982E-05
9.9982E-05 0.706851 9.9982E-05 0.267213 0.0257355
0.15504 0.831366 9.9982E-05 9.9982E-05 0.0133937
0.691742 0.132042 9.9982E-05 0.176016 9.9982E-05
0.0417764 9.9982E-05 9.9982E-05 0.919808 0.0382155
9.9982E-05 9.9982E-05 0.172966 0.798667 0.0281672
0.192254 0.0150153 0.479994 0.312637 9.9991E-05
0.0820625 9.9982E-05 0.633205 0.284532 9.9982E-05
0.184059 9.9973E-05 0.815641 9.9973E-05 9.9973E-05
0.00891651 0.0725535 0.901163 0.00911758 0.00824974
0.0696663 9.9991E-05 0.750068 0.168561 0.0116049
0.0839905 0.000716098 0.83819 0.0414272 0.0356763
0.163212 0.0554614 0.764439 9.9991E-05 0.0167876
9.9991E-05 0.067377 0.813241 0.0768292 0.0424528
0.0855772 0.0734297 0.0735378 0.763086 0.00436911
0.106113 0.0698184 0.0931829 0.672663 0.058223
0.1698 0.0287318 9.9991E-05 0.771823 0.0295451
0.335973 9.99731E-05 9.99731E-05 0.663727 9.99731E-05
0.290315 9.9982E-05 9.9982E-05 0.707796 0.0016891
0.406429 9.9973E-05 9.9973E-05 0.593271 9.9973E-05
0.223046 9.9991E-05 0.216715 0.544368 0.0157715
0.189017 0.0671735 0.18471 0.559 9.99958E-05
0.168113 9.9991E-05 0.0776571 0.706803 0.0473266
0.154268 0.0508053 0.249949 0.538258 0.00671941
0.17148 0.0595667 0.120104 0.606584 0.0422641
9.9991E-05 0.102206 0.677287 0.0911338 0.129273
0.190153 0.740886 0.0343884 0.00938557 0.0251863
0.118883 0.777234 0.0577733 9.9991E-05 0.0460098
0.175859 0.823841 9.9973E-05 9.9973E-05 9.9973E-05
0.131311 0.696748 9.9991E-05 0.15724 0.0146004
0.00903522 0.822314 0.113953 0.0301233 0.0245747
0.165265 0.118381 0.304131 0.377794 0.0344288
0.0351341 0.0235582 0.286501 0.605621 0.0491865
9.9991E-05 0.0335867 0.158257 0.754347 0.0537094
0.188485 9.9991E-05 0.177463 0.592872 0.04108
