0.22393 0.0196811 0.756289 9.9991E-05
0.203191 0.0297196 0.76699 9.9991E-05
0.314374 0.0446609 0.63956 0.00140536
0.105579 0.0394244 0.835943 0.0190534
0.0792848 0.0121351 0.878521 0.0300594
0.0509613 9.9991E-05 0.893996 0.054943
0.131341 0.000317895 0.833311 0.0350309
0.0759224 0.0388439 0.885134 9.9991E-05
0.230125 0.0219486 0.69488 0.0530461
0.269399 0.0216381 0.649679 0.0592832
0.151437 0.0795074 0.581612 0.187444
0.238888 0.0218696 0.627954 0.111288
0.0862263 0.0418188 0.541604 0.330351
0.237642 9.9991E-05 0.666793 0.0954648
0.313746 0.0359571 0.578545 0.0717517
0.193338 0.0206284 0.769959 0.0160738
0.323885 9.9991E-05 0.644416 0.0315986
0.168243 0.0236452 0.808012 9.9991E-05
0.612182 0.0548325 0.148109 0.184876
0.773754 9.9991E-05 0.189509 0.0366372
0.746827 0.0143566 0.237605 0.00121088
0.907265 0.0313005 0.0183449 0.0430895
0.951557 0.0482431 9.9982E-05 9.9982E-05
0.895805 0.0349097 0.0691856 9.9991E-05
0.715314 9.9982E-05 0.284486 9.9982E-05
0.983095 0.0167048 9.9982E-05 9.9982E-05
0.908048 0.0455749 9.9991E-05 0.0462775
0.930443 0.0289264 9.9991E-05 0.0405304
0.99589 9.9982E-05 9.9982E-05 0.0039102
0.944832 9.9991E-05 0.0126891 0.0423787
0.973385 0.0153451 9.9991E-05 0.0111696
0.949285 0.0363936 9.9991E-05 0.0142211
0.916308 0.078962 0.00462974 9.9991E-05
0.252791 0.0787128 0.653952 0.0145435
0.350635 0.00111841 0.648146 9.9991E-05
0.201636 9.9991E-05 0.719981 0.0782829
0.151502 0.0287297 0.788449 0.0313194
0.222414 0.00506945 0.663193 0.109323
9.998E-05 0.9997 9.998E-05 9.998E-05
0.863036 0.0298569 0.0442149 0.0628926
0.258959 0.006111 0.627129 0.107801
0.268265 0.0107894 0.720845 9.9991E-05
0.394024 0.00151376 0.399098 0.205364
0.201568 0.0414651 0.43298 0.323987
0.129984 0.018362 0.539639 0.312015
9.998E-05 0.9997 9.998E-05 9.998E-05
0.294145 0.0678619 0.562148 0.0758448
0.259023 9.9991E-05 0.508132 0.232745
0.44398 0.0177705 0.415004 0.123246
0.090249 0.0291137 0.0139665 0.866671
0.0145703 0.0210528 0.100864 0.863513
9.9982E-05 9.9982E-05 0.139841 0.859959
0.0147453 0.0490215 0.119546 0.816687
0.0632502 0.0526022 9.9991E-05 0.884048
0.07205 0.00792152 9.9991E-05 0.919928
9.9982E-05 9.9982E-05 0.21372 0.78608
0.0438443 0.0136582 0.0821111 0.860386
0.0522382 0.0222027 9.9991E-05 0.925459
9.9991E-05 0.0313583 0.105756 0.862785
9.9991E-05 0.0321351 0.233106 0.734659
0.0842695 0.00528481 9.9991E-05 0.910346
0.1382 9.9991E-05 0.0597194 0.80198
0.0849258 0.0762772 0.296823 0.541973
0.887332 0.00351026 0.102534 0.0066238
0.857594 0.0540387 0.0745091 0.0138585
0.962966 0.0128087 0.024125 9.9991E-05
0.0416923 0.0184437 0.134297 0.805567
9.9991E-05 0.0712016 0.227535 0.701164
0.0590207 0.0405661 0.108261 0.792152
0.0625631 0.0542217 0.0423681 0.840847
9.9991E-05 0.0418019 0.0708796 0.887219
9.9991E-05 0.0145666 0.636379 0.348955
0.0426247 0.0329063 0.618415 0.306054
0.101342 0.00159379 0.527724 0.369341
0.0929136 0.0528838 0.551049 0.303154
0.247502 0.0388167 0.466753 0.246928
0.0857786 0.0402918 0.5292 0.34473
0.188604 0.0253641 0.508648 0.277384
9.9982E-05 9.9982E-05 0.241038 0.758762
0.0230775 0.109469 0.330887 0.536566
0.0863984 0.0176924 0.0692948 0.826614
0.0839853 0.0569993 0.00420237 0.854813
9.9991E-05 0.0325608 0.211729 0.75561
0.82351 0.0312988 0.107017 0.0381743
0.160901 9.9991E-05 0.359982 0.479017
0.00228162 9.9991E-05 0.548662 0.448956
9.998E-05 0.9997 9.998E-05 9.998E-05
0.325048 9.9982E-05 0.674752 9.9982E-05
0.26237 0.0262823 0.711248 9.9991E-05
0.210572 0.031306 0.706746 0.0513756
0.310063 0.0417088 0.483711 0.164517
0.235823 0.0127292 0.690262 0.0611866
0.0548392 0.0184337 0.51735 0.409378
0.656192 0.0212827 0.24627 0.0762552
0.0287698 0.0891591 0.442925 0.439146
0.443431 0.0333837 0.361708 0.161477
0.24566 9.9982E-05 0.75414 9.9982E-05
0.162345 9.9991E-05 0.802395 0.0351602
0.17003 9.9991E-05 0.772454 0.0574152
0.125261 0.0243178 0.739466 0.110956
0.0670433 0.0238289 0.860472 0.0486558
0.153989 0.0140806 0.831831 9.9991E-05
0.194981 0.0241553 0.337173 0.44369
0.074054 0.0911081 0.450555 0.384283
0.0900219 0.0776742 0.414958 0.417346
0.391748 0.00541929 0.484124 0.118709
0.23265 9.9991E-05 0.520136 0.247113
0.504763 9.9991E-05 0.475362 0.0197751
0.0446297 0.0230004 0.127985 0.804385
0.064067 0.0249954 0.0708672 0.840071
0.271843 0.0192958 0.32393 0.384931
0.153028 0.0312469 0.468259 0.347466
0.349713 0.0529102 0.315718 0.28166
0.930278 9.9982E-05 0.0695219 9.9982E-05
0.0858341 0.0620878 0.0556607 0.796417
0.0710667 9.9991E-05 0.107312 0.821521
9.9982E-05 9.9982E-05 0.358302 0.641498
0.546018 0.0542094 0.31579 0.0839829
0.408577 0.00498455 0.579979 0.00645909
0.110934 0.026434 0.799026 0.0636056
0.143314 9.9991E-05 0.773443 0.0831425
0.448541 9.9982E-05 0.551259 9.9982E-05
0.295884 0.0181418 0.685874 9.9991E-05
0.193593 9.9991E-05 0.781154 0.0251533
0.166216 0.0136046 0.799425 0.0207539
0.488347 9.9991E-05 0.505235 0.00631794
0.137194 0.0138125 0.848893 9.9991E-05
0.240497 0.0280385 0.731365 9.9991E-05
0.197417 9.9982E-05 0.802384 9.9982E-05
0.377702 0.00822879 0.507155 0.106915
0.119752 0.0270063 0.813941 0.0393006
0.299498 0.0170163 0.614144 0.0693419
0.156972 0.00369399 0.836803 0.0025311
0.9006 9.9991E-05 0.0857743 0.0135261
0.971154 9.9982E-05 0.0286456 9.9982E-05
0.977341 0.0224592 9.9982E-05 9.9982E-05
0.858104 9.9991E-05 0.0823348 0.0594612
0.93254 0.00993617 9.9991E-05 0.0574242
0.00558457 0.00916038 0.834762 0.150493
0.232097 0.0209352 0.746868 9.9991E-05
9.998E-05 9.998E-05 9.998E-05 0.9997
0.0800011 0.0371625 9.9991E-05 0.882736
0.0154485 0.0101442 0.0165247 0.957883
0.0796382 0.0148083 0.135095 0.770459
9.9991E-05 0.0290718 0.0804688 0.890359
0.153723 0.0150026 9.9991E-05 0.831174
9.9991E-05 0.0325789 0.00390657 0.963415
0.113759 9.9982E-05 9.9982E-05 0.886041
0.0933078 9.9982E-05 9.9982E-05 0.906492
0.0770673 0.0159605 9.9991E-05 0.906872
9.9991E-05 0.0337358 0.0689685 0.897196
0.0830449 0.0667734 0.0373843 0.812797
0.0999739 0.0165645 0.0622126 0.821249
0.0821766 0.0103321 9.9991E-05 0.907391
9.9991E-05 0.0197408 0.0621723 0.917987
9.9991E-05 0.0321839 0.0169642 0.950752
0.0601057 0.0128642 9.9991E-05 0.92693
0.102369 9.9991E-05 0.503468 0.394063
0.0842074 0.00510085 0.665892 0.2448
9.9982E-05 9.9982E-05 0.0777423 0.922058
0.0472536 0.0293231 0.218888 0.704535
0.0313004 0.0174866 9.9991E-05 0.951113
9.9982E-05 9.9982E-05 0.648955 0.350845
0.0499875 0.0366415 0.913271 9.9991E-05
0.319292 0.0351318 0.645476 9.9991E-05
0.593126 9.9991E-05 0.363738 0.0430366
0.67956 9.9982E-05 0.32024 9.9982E-05
0.904235 9.9991E-05 0.0305043 0.0651612
0.908777 9.9991E-05 0.033615 0.0575077
0.908736 0.02109 0.0700737 9.9991E-05
0.842647 0.0348416 0.084606 0.0379055
0.80457 0.0381259 0.0430125 0.114292
0.778648 0.0587304 0.1118 0.050821
0.251717 0.00331826 0.744865 9.9991E-05
0.12498 0.0452788 0.774999 0.0547422
0.00183304 0.042529 0.904504 0.0511338
9.9991E-05 0.000403674 0.976459 0.023037
0.0351083 0.0382793 0.926512 9.9991E-05
0.0421601 9.9991E-05 0.868537 0.0892026
0.257228 9.9991E-05 0.698511 0.0441609
0.240294 0.0152155 0.6385 0.105991
0.173854 0.0550555 0.761564 0.00952615
0.192919 0.0221664 0.721992 0.0629226
0.200568 0.0244839 0.764806 0.0101424
0.750986 0.125595 0.0414748 0.081944
0.024671 0.0231703 0.0955486 0.85661
0.077789 0.0415813 0.0353628 0.845267
0.058663 9.9982E-05 9.9982E-05 0.941137
0.0328165 0.00118558 0.173269 0.792729
0.105341 0.0229369 0.0431462 0.828576
0.365496 0.0345641 0.475058 0.124881
0.349037 0.0333433 0.616764 0.000854977
0.172754 0.0737711 0.740253 0.0132215
0.3572 0.0449508 0.59775 9.9991E-05
