0.137564 0.0572921 9.9973E-05 0.0894122 9.9973E-05 0.715432 9.9973E-05
0.0237971 0.0044913 0.0535154 0.0231417 0.248233 0.646722 9.9991E-05
0.0743615 0.0782952 0.0338509 0.166142 9.9982E-05 0.64715 9.9982E-05
0.00633618 0.116581 0.0244541 0.00396936 0.156536 0.692024 9.9991E-05
9.9973E-05 0.134352 0.00560725 0.00672912 9.9973E-05 0.853011 9.9973E-05
0.0530473 0.0744352 9.9982E-05 9.9982E-05 0.163165 0.696126 0.0130262
0.118072 0.031395 9.9973E-05 9.9973E-05 0.295734 0.554499 9.9973E-05
9.9973E-05 9.9973E-05 0.0447033 9.9973E-05 0.204163 0.665498 0.0853362
9.9991E-05 0.0390393 0.0119496 0.0830404 0.593208 0.149332 0.12333
0.0854115 0.0572069 0.0179139 0.126938 0.309095 0.403335 9.9991E-05
0.167109 0.0171207 0.0704933 0.0592714 0.539551 0.0324698 0.113985
0.0565737 0.0498393 0.0108849 0.110429 0.446794 0.258247 0.0672321
0.536063 9.9973E-05 0.0338732 9.9973E-05 0.403236 0.0265276 9.9973E-05
9.9982E-05 0.105956 9.9982E-05 0.101289 0.710228 0.0155646 0.0667624
9.999E-05 0.161106 0.0207557 0.172477 0.262847 0.356523 0.0261917
0.055713 9.9991E-05 0.00813778 0.0266033 0.713685 0.174664 0.0210962
9.9982E-05 0.0335255 9.9982E-05 0.143242 0.512859 0.257551 0.0526229
9.999E-05 0.0555499 0.00821704 0.0156737 0.439982 0.461904 0.0185734
0.142638 0.0303933 0.06319 0.454154 0.180156 0.0150394 0.11443
0.0534493 9.99815E-05 9.99815E-05 0.623663 0.267675 9.99815E-05 0.0549126
9.9982E-05 0.104745 0.0202178 0.64871 0.208218 0.0179089 9.9982E-05
0.076276 0.0584744 0.0177825 0.775908 9.9982E-05 0.0713589 9.9982E-05
0.114285 9.9964E-05 0.0471154 0.838199 9.9964E-05 9.9964E-05 9.9964E-05
9.9982E-05 9.9982E-05 0.0212347 0.788664 0.0659063 0.0215806 0.102414
0.00396697 0.0465204 9.9991E-05 0.611116 0.192702 0.14404 0.00155402
0.046472 9.9973E-05 0.0091198 0.834506 9.9973E-05 0.109602 9.9973E-05
0.00155295 9.9973E-05 0.0382868 0.835039 9.9973E-05 9.9973E-05 0.124822
9.9973E-05 9.9973E-05 0.0307541 0.797162 0.0155319 9.9973E-05 0.156252
9.9964E-05 0.102379 9.9964E-05 0.849773 9.9964E-05 0.0474478 9.9964E-05
0.0302671 9.9982E-05 0.00582388 0.809216 9.9982E-05 0.0889979 0.0654948
9.9964E-05 9.9964E-05 9.9964E-05 0.829676 0.0490532 9.9964E-05 0.120871
9.9982E-05 0.0558924 0.0364488 0.77801 0.0976983 9.9982E-05 0.0317507
9.9982E-05 9.9982E-05 0.0673573 0.781678 0.0606311 0.00435874 0.0857751
0.156702 0.0174613 0.0683319 0.106659 0.288978 0.361768 9.9991E-05
9.999E-05 0.00963025 0.00065938 0.208351 0.191852 0.494685 0.0947228
9.9973E-05 0.182693 9.9973E-05 0.0658544 0.0713145 0.679838 9.9973E-05
0.123338 0.022149 0.0403257 9.9982E-05 9.9982E-05 0.808781 0.00520651
0.0454519 9.9991E-05 0.00530065 0.101906 0.400002 0.260753 0.186487
9.995E-05 9.995E-05 0.9994 9.995E-05 9.995E-05 9.995E-05 9.995E-05
0.195101 9.9973E-05 0.0342733 0.759662 9.9973E-05 0.0106634 9.9973E-05
9.9982E-05 0.0420501 0.0220256 0.106838 9.9982E-05 0.705094 0.123792
0.104373 9.9982E-05 9.9982E-05 0.0956634 0.276989 0.498973 0.0238021
0.253354 0.120826 9.9982E-05 0.263318 0.189952 0.17235 9.9982E-05
0.391963 9.9991E-05 0.0522899 0.0224261 0.390087 0.0625884 0.0805453
0.54078 9.9973E-05 9.9973E-05 0.0433608 0.30571 0.10985 9.9973E-05
9.995E-05 9.995E-05 0.9994 9.995E-05 9.995E-05 9.995E-05 9.995E-05
0.0224298 0.0640483 0.0820242 0.173882 0.364865 0.248449 0.0443016
0.193771 9.9982E-05 9.9982E-05 0.0805293 0.306957 0.225426 0.193118
0.0737428 0.167746 0.00792608 0.298626 0.350202 0.101658 9.9991E-05
0.317366 0.0900637 0.0397074 9.9982E-05 0.000499824 9.9982E-05 0.552163
0.0786182 0.0065959 0.0322974 9.9982E-05 0.049847 9.9982E-05 0.832441
0.08208 0.218854 9.9982E-05 9.9982E-05 0.00350094 0.082651 0.612714
0.172209 0.409045 0.0364014 9.9982E-05 0.0802891 9.9982E-05 0.301856
9.9982E-05 0.328183 0.0349676 0.0421815 0.0116588 9.9982E-05 0.582809
9.9973E-05 0.0465959 0.0029061 0.0228593 9.9973E-05 9.9973E-05 0.927339
9.9964E-05 0.107113 9.9964E-05 9.9964E-05 0.188727 9.9964E-05 0.70376
0.0400482 9.9973E-05 0.00550288 9.9973E-05 0.0653311 9.9973E-05 0.888818
0.760466 0.112244 9.9964E-05 9.9964E-05 9.9964E-05 9.9964E-05 0.12689
0.0516433 0.445217 0.0273479 9.9991E-05 0.00720881 0.0650455 0.403438
0.43657 0.378357 0.00840376 9.9991E-05 0.0371499 0.0762765 0.0631431
0.80678 0.124115 9.9964E-05 9.9964E-05 9.9964E-05 9.9964E-05 0.0687054
0.21277 0.270438 9.9982E-05 0.0585149 9.9982E-05 0.0828662 0.375211
0.472502 0.078937 0.0704503 0.0158785 0.235026 9.9991E-05 0.127106
9.9982E-05 0.059563 0.0190096 0.729304 9.9982E-05 0.149587 0.0423362
0.0208156 0.0916942 0.0508732 0.751143 0.0317247 0.0536496 9.9991E-05
9.9973E-05 0.0605632 0.0065355 0.78733 9.9973E-05 0.145271 9.9973E-05
0.107764 0.040605 0.0257143 9.9991E-05 0.125026 0.000747925 0.700043
0.344386 0.545627 0.0331195 9.9982E-05 0.00599712 0.0706703 9.9982E-05
0.13565 0.196008 0.0281566 0.0153674 0.0662472 0.0118394 0.546732
0.286135 0.125363 0.0478936 0.0254717 9.9982E-05 9.9982E-05 0.514936
9.995E-05 0.9994 9.995E-05 9.995E-05 9.995E-05 9.995E-05 9.995E-05
0.552343 9.9964E-05 9.9964E-05 9.9964E-05 0.261173 0.186084 9.9964E-05
0.385688 0.116891 0.0188828 9.9973E-05 0.478238 9.9973E-05 9.9973E-05
0.554217 0.0445487 9.9973E-05 9.9973E-05 0.308496 0.0924379 9.9973E-05
0.548502 9.9973E-05 0.0339857 9.9973E-05 0.350096 0.067117 9.9973E-05
0.495746 9.9982E-05 0.0368326 0.125072 0.298761 0.0433894 9.9982E-05
0.616644 9.9964E-05 0.0304211 9.9964E-05 0.352535 9.9964E-05 9.9964E-05
0.362735 9.9991E-05 0.0134721 0.091492 0.31018 0.176877 0.0451436
0.0367333 0.10093 9.9973E-05 9.9973E-05 0.219822 9.9973E-05 0.642215
0.276515 0.479795 0.0975972 9.9982E-05 0.00378323 0.14211 9.9982E-05
0.181623 0.0901808 0.019047 0.00313262 9.9991E-05 0.0756522 0.630264
0.114978 0.179982 0.053387 0.0358864 0.0504458 9.9991E-05 0.565221
9.9973E-05 0.369159 0.00871046 9.9973E-05 0.179468 9.9973E-05 0.442363
0.0029011 0.0821254 0.0153999 0.620649 0.249671 9.9991E-05 0.029154
0.440824 0.0144649 9.9991E-05 0.129467 0.221617 0.033998 0.159528
0.60298 9.9973E-05 9.9973E-05 9.9973E-05 0.224643 0.137962 0.0341144
9.995E-05 9.995E-05 0.9994 9.995E-05 9.995E-05 9.995E-05 9.995E-05
0.0907221 9.9982E-05 0.014387 0.197402 0.119185 0.578104 9.9982E-05
0.0846924 9.9982E-05 0.0334673 0.142454 0.192345 0.546841 9.9982E-05
0.152421 9.9991E-05 0.0307128 0.0898802 0.58953 0.127176 0.0101795
9.9982E-05 0.0210213 0.0564745 0.188949 0.566415 9.9982E-05 0.166941
9.9973E-05 0.190313 9.9973E-05 0.0338401 0.23558 0.539967 9.9973E-05
0.688328 9.9964E-05 9.9964E-05 0.0041177 0.307154 9.9964E-05 9.9964E-05
0.0170522 9.9991E-05 0.0257458 0.51729 0.001366 0.303461 0.134985
0.364677 0.197675 0.0847211 9.9982E-05 0.20868 0.144046 9.9982E-05
0.144217 0.086878 0.0216457 0.306351 0.155936 0.232782 0.0521908
9.9973E-05 0.0587043 9.9973E-05 0.0813429 0.543738 0.315915 9.9973E-05
0.0373439 9.9982E-05 9.9982E-05 0.0601794 0.175694 0.624565 0.102017
0.15745 9.9982E-05 9.9982E-05 0.0826289 0.472769 0.268677 0.0182748
9.9973E-05 0.163121 0.014864 0.0105418 0.811173 9.9973E-05 9.9973E-05
0.16193 0.00815878 0.0232587 9.9973E-05 9.9973E-05 0.806352 9.9973E-05
0.0170419 9.9973E-05 9.9973E-05 0.00491943 0.968395 9.9973E-05 0.00934422
0.430717 0.0132391 0.0249549 0.0723008 0.109947 0.184133 0.164708
0.417366 0.162525 0.0727344 0.0832755 0.126209 0.13779 9.9991E-05
0.431086 9.9991E-05 0.0682861 0.0282421 0.255794 0.0491759 0.167315
0.288858 9.9973E-05 9.9973E-05 0.210567 0.444959 0.0553156 9.9973E-05
0.286948 9.9982E-05 9.9982E-05 0.126846 0.433646 0.0331022 0.119258
9.9982E-05 0.0358642 9.9982E-05 0.34643 0.291354 0.222581 0.10357
9.9982E-05 0.217343 0.0155128 9.9982E-05 0.0309889 0.0692936 0.666662
0.259647 0.434593 0.0104612 0.02618 0.00645905 9.9991E-05 0.262559
0.422817 9.9991E-05 0.0129609 0.123927 0.0179437 0.273809 0.148443
0.398135 9.9982E-05 0.00737763 0.0683008 0.409363 9.9982E-05 0.116623
0.478711 9.9973E-05 0.0355842 0.210581 9.9973E-05 0.274825 9.9973E-05
0.178607 0.0693832 9.9973E-05 0.708575 9.9973E-05 0.0431344 9.9973E-05
0.337589 0.29316 0.0208248 0.0654941 9.9982E-05 9.9982E-05 0.282732
0.228501 0.0322563 9.9973E-05 9.9973E-05 0.0979451 9.9973E-05 0.640998
0.461224 0.0585746 9.9982E-05 9.9982E-05 0.0609899 0.153064 0.265948
9.9982E-05 0.221063 0.0367376 0.467279 0.0353688 0.239352 9.9982E-05
9.9973E-05 0.181949 9.9973E-05 0.248004 0.0368864 0.532861 9.9973E-05
0.00809924 0.082795 0.0155541 9.9991E-05 0.18789 0.669476 0.0360853
9.9964E-05 9.9964E-05 9.9964E-05 0.044049 9.9964E-05 0.784506 0.171045
9.9973E-05 0.0981127 9.9973E-05 0.310404 0.216458 0.374726 9.9973E-05
0.010926 0.0719788 0.00872047 0.169453 0.133081 0.60574 9.9991E-05
9.9964E-05 9.9964E-05 9.9964E-05 0.0656632 9.9964E-05 0.816438 0.117499
9.9982E-05 9.9982E-05 0.00346297 0.0339975 0.128599 0.716512 0.117228
9.9973E-05 9.9973E-05 9.9973E-05 0.325941 0.214316 0.343676 0.115767
9.9973E-05 0.0937926 9.9973E-05 0.00237464 0.882099 0.0214343 9.9973E-05
0.0198271 9.9973E-05 0.037103 0.0697959 0.872974 9.9973E-05 9.9973E-05
9.99771E-05 9.99771E-05 0.00395901 9.99771E-05 0.764602 0.177677 0.0534624
0.00891695 9.9991E-05 0.00514902 0.219916 0.307622 0.239726 0.21857
9.9982E-05 0.0817854 0.0366912 9.9982E-05 0.790082 0.0594126 0.0318284
0.0400193 0.125968 0.00791699 0.183788 0.642108 9.9982E-05 9.9982E-05
9.9973E-05 9.9973E-05 9.9973E-05 0.0822449 0.108255 0.696442 0.112758
0.0852123 9.9973E-05 9.9973E-05 0.820617 9.9973E-05 0.0874847 0.00638595
0.064539 9.9964E-05 9.9964E-05 0.830881 9.9964E-05 0.10418 9.9964E-05
9.9973E-05 0.0415528 0.031432 0.840516 0.0861994 9.9973E-05 9.9973E-05
9.9982E-05 9.9982E-05 0.00323479 0.747281 0.0749556 0.00517126 0.169157
0.132757 9.9973E-05 9.9973E-05 0.804532 9.9973E-05 0.0253186 0.0370919
0.0887507 0.0824435 0.0135362 9.9991E-05 0.15849 0.60487 0.0518092
0.0687082 9.9982E-05 0.031642 0.0623921 9.9982E-05 0.832182 0.00487534
0.417569 0.270119 9.9964E-05 9.9964E-05 9.9964E-05 9.9964E-05 0.311912
9.9973E-05 0.385039 0.0427573 0.0363724 9.9973E-05 9.9973E-05 0.535532
0.00508573 0.478662 0.00371898 9.9982E-05 9.9982E-05 0.00631769 0.506016
0.288173 0.506359 9.9982E-05 0.0750161 9.9982E-05 0.0294678 0.100784
0.0913682 0.768076 0.00278331 9.9973E-05 9.9973E-05 9.9973E-05 0.137473
0.0759598 0.38487 9.9973E-05 0.109516 9.9973E-05 9.9973E-05 0.429354
0.0455531 0.723203 9.9964E-05 9.9964E-05 9.9964E-05 9.9964E-05 0.230844
0.174213 0.129104 9.9973E-05 0.0431604 9.9973E-05 9.9973E-05 0.653223
0.0061776 0.125383 9.9982E-05 0.0338166 9.9982E-05 0.0159511 0.818472
0.185275 0.0307949 0.0176426 9.9982E-05 9.9982E-05 0.0450061 0.721082
0.0536908 0.433359 0.0483573 9.9982E-05 0.0343157 9.9982E-05 0.430077
9.9982E-05 0.540074 0.0155954 0.0842101 9.9982E-05 0.00871713 0.351204
9.9973E-05 0.136149 0.00891395 9.9973E-05 9.9973E-05 0.0986784 0.755959
0.0174947 0.239309 9.9973E-05 0.0525092 9.9973E-05 9.9973E-05 0.690388
0.192658 0.220441 0.0100319 9.9982E-05 9.9982E-05 0.018666 0.558003
9.995E-05 0.9994 9.995E-05 9.995E-05 9.995E-05 9.995E-05 9.995E-05
0.0316978 0.293772 0.0129108 0.0196397 9.9982E-05 9.9982E-05 0.64178
0.548071 0.0591717 9.9991E-05 0.0168937 0.220578 0.146046 0.00914071
0.489026 9.9964E-05 9.9964E-05 9.9964E-05 0.352417 0.158158 9.9964E-05
9.9964E-05 0.279808 9.9964E-05 9.9964E-05 9.9964E-05 0.0607278 0.659064
0.0547274 9.9973E-05 0.0345687 9.9973E-05 9.9973E-05 0.180857 0.729547
0.857875 9.99549E-05 9.99549E-05 9.99549E-05 9.99549E-05 9.99549E-05 0.141625
0.542019 9.9964E-05 9.9964E-05 9.9964E-05 0.244783 0.212798 9.9964E-05
9.9982E-05 0.111571 0.0196535 0.0124809 0.126526 0.729569 9.9982E-05
9.9982E-05 0.0855996 0.0479103 0.174139 0.0354654 0.656686 9.9982E-05
0.118099 0.0204677 9.9973E-05 0.476646 9.9973E-05 0.384487 9.9973E-05
9.9973E-05 9.9973E-05 9.9973E-05 0.53876 0.329812 0.03322 0.0979075
9.9964E-05 9.9964E-05 9.9964E-05 0.691925 0.149046 9.9964E-05 0.158629
0.0754779 0.047329 9.9991E-05 0.742287 0.0016227 0.0657869 0.0673967
9.9982E-05 0.0806563 0.0125375 0.721113 0.0918165 0.0936768 9.9982E-05
0.0940158 0.00488365 0.0169507 0.664188 0.191975 9.9991E-05 0.0278876
0.166208 0.0651881 0.0358259 0.671798 0.0607802 9.9982E-05 9.9982E-05
9.9982E-05 9.9982E-05 0.0532025 0.681652 0.0421241 0.05178 0.171041
0.0178207 0.110946 0.00213636 0.110946 9.9982E-05 0.757951 9.9982E-05
0.0213811 0.0597072 0.0440277 9.9982E-05 9.9982E-05 0.805595 0.0690889
0.0543859 9.9973E-05 0.0315696 9.9973E-05 9.9973E-05 0.812759 0.100986
0.0316793 0.104489 0.00909667 9.9973E-05 9.9973E-05 0.854435 9.9973E-05
0.0660024 9.9973E-05 0.02079 9.9973E-05 9.9973E-05 0.875539 0.0373688
0.134202 9.9982E-05 9.9982E-05 0.034594 0.170758 0.588368 0.0718772
0.112137 9.9982E-05 9.9982E-05 0.112729 0.550481 0.181186 0.0432672
0.104247 0.109757 0.0103708 0.0621958 0.713229 9.9982E-05 9.9982E-05
9.9973E-05 0.0595064 0.0360868 9.9973E-05 0.894355 9.9973E-05 0.00975203
9.9982E-05 0.0639371 0.023819 0.0475184 0.800399 9.9982E-05 0.0641267
9.9982E-05 0.07189 0.0287964 0.0101075 0.869509 9.9982E-05 0.0194969
9.9991E-05 0.11738 0.141518 0.548179 0.098693 0.0363562 0.0577737
0.459643 9.9964E-05 0.0306271 9.9964E-05 9.9964E-05 9.9964E-05 0.50933
0.12578 0.107158 0.052504 0.0329879 9.9982E-05 9.9982E-05 0.68137
9.9964E-05 0.303043 9.9964E-05 9.9964E-05 0.0256261 9.9964E-05 0.670931
0.140021 0.273643 9.9991E-05 0.00393598 0.0251732 0.073106 0.484021
9.9973E-05 0.617188 9.9973E-05 0.0744159 9.9973E-05 0.01378 0.294316
0.0379287 0.00150947 0.0452557 0.296587 0.384301 0.0671302 0.167288
9.9991E-05 0.0138249 0.021993 0.193861 0.479205 0.230266 0.0607497
9.9973E-05 9.9973E-05 0.0930346 0.031068 0.854283 9.9973E-05 0.0213143
0.0225467 9.9991E-05 0.0456193 0.205475 0.343388 0.286598 0.0962723
