0.0903062 0.00330529 0.108056 0.621033 0.0854899 0.0917089 9.9991E-05
0.022472 0.0316159 0.252539 0.559588 0.0940988 0.0395871 9.9991E-05
0.112595 0.00978738 9.9973E-05 0.834606 9.9973E-05 0.0427119 9.9973E-05
0.166555 9.9973E-05 0.0151935 0.591697 0.226255 9.9973E-05 9.9973E-05
9.9964E-05 9.9964E-05 9.9964E-05 0.839634 0.105884 9.9964E-05 0.0540828
0.0926784 9.9973E-05 0.11209 0.739686 0.0552454 9.9973E-05 9.9973E-05
0.0520262 9.9991E-05 0.20485 0.367894 0.327474 0.00740431 0.0402517
0.0641828 0.0504452 0.0366077 0.507986 0.340578 9.9982E-05 9.9982E-05
9.9991E-05 0.00733194 0.654542 0.177327 0.00587817 0.0659857 0.0888349
0.210755 0.0386816 0.153087 0.37222 0.0463276 0.178829 9.9991E-05
0.340817 0.0473015 0.368334 0.0629329 0.117176 0.0441376 0.0193004
0.16247 0.00443993 0.448546 0.187271 9.9991E-05 0.175021 0.0221504
0.695339 0.0182663 0.284679 9.9973E-05 9.9973E-05 0.00141533 9.9973E-05
0.096416 9.9991E-05 0.640293 0.0611859 0.00663246 0.138139 0.0572343
9.999E-05 0.0303296 0.290431 0.382083 0.0618776 0.172723 0.0624562
0.18739 9.9982E-05 0.37841 0.359147 0.0560209 0.0188323 9.9982E-05
9.9973E-05 9.9973E-05 0.445594 0.263556 0.129354 0.161197 9.9973E-05
9.9964E-05 0.0278744 0.355056 0.61667 9.9964E-05 9.9964E-05 9.9964E-05
0.123417 0.0514785 0.237021 0.0652245 9.9991E-05 0.392691 0.130069
0.139628 9.9964E-05 0.305225 9.9964E-05 9.9964E-05 0.554747 9.9964E-05
9.999E-05 0.00507743 0.193084 0.0648196 0.0595649 0.668354 0.00900042
0.153894 0.0172411 9.9982E-05 0.0522844 0.0657665 0.710614 9.9982E-05
9.9973E-05 0.0491282 9.9973E-05 9.9973E-05 0.0706711 0.867027 0.0128742
9.9982E-05 0.0200042 0.149197 0.175494 9.9982E-05 0.623034 0.0320718
0.0995132 9.9982E-05 0.145746 0.0406629 0.154808 0.55907 9.9982E-05
9.9973E-05 0.0136665 9.9973E-05 0.0771378 0.0836668 0.825229 9.9973E-05
0.0316063 0.0347229 9.9982E-05 9.9982E-05 0.0769646 0.778277 0.0782294
9.9982E-05 0.0306299 0.0726421 0.0296402 9.9982E-05 0.770431 0.0964572
9.9973E-05 9.9973E-05 0.0424657 0.178891 9.9973E-05 0.73822 0.040123
9.9973E-05 9.9973E-05 9.9973E-05 0.037931 0.0511962 0.790989 0.119584
9.9973E-05 0.0183949 9.9973E-05 9.9973E-05 0.0848919 0.859646 0.0367671
9.999E-05 0.0227526 0.0186839 0.123779 0.0381611 0.756662 0.0398606
9.9982E-05 0.0633912 0.0286122 0.0470687 0.0871297 0.773598 9.9982E-05
0.174843 0.0490159 0.264554 0.329138 0.0639127 0.118436 9.9991E-05
9.9982E-05 9.9982E-05 0.182191 0.506625 0.105546 0.171931 0.0335064
0.0798325 9.9982E-05 9.9982E-05 0.459548 0.361984 0.0802928 0.018143
0.225064 0.0155298 9.9982E-05 0.627001 0.128771 0.00343386 9.9982E-05
0.172034 0.0153044 0.332675 0.271894 0.0625723 0.0837994 0.061721
9.995E-05 0.9994 9.995E-05 9.995E-05 9.995E-05 9.995E-05 9.995E-05
0.084642 0.0341658 9.9982E-05 9.9982E-05 0.138338 0.733165 0.00948925
9.9973E-05 9.9973E-05 9.9973E-05 0.711066 0.0759675 0.112251 0.100415
0.154875 9.9982E-05 0.202473 0.493388 0.0101035 0.13896 9.9982E-05
0.270782 0.00217053 0.143161 0.235328 0.00429954 0.262071 0.0821886
0.672502 0.0384431 0.197041 9.9982E-05 9.9982E-05 0.0748081 0.017006
0.833607 9.9973E-05 9.9973E-05 0.0921698 0.0731377 0.000785382 9.9973E-05
9.995E-05 0.9994 9.995E-05 9.995E-05 9.995E-05 9.995E-05 9.995E-05
0.230563 0.056663 0.234974 0.154203 0.125611 0.188536 0.00945009
0.304557 9.9982E-05 0.325854 9.9982E-05 0.166538 0.112113 0.0907375
0.109694 0.0158269 0.154375 0.294426 0.0577919 0.278318 0.0895686
0.276409 0.0217003 0.0481346 0.00425435 9.9982E-05 9.9982E-05 0.649301
0.118388 0.0264771 0.0707923 9.9982E-05 0.0245892 9.9982E-05 0.759553
9.9982E-05 0.00101128 0.105826 0.0568715 0.0435295 9.9982E-05 0.792561
0.270511 0.0367394 0.0350683 9.9973E-05 9.9973E-05 9.9973E-05 0.657381
9.9982E-05 0.0488677 0.0638039 9.9982E-05 0.0473719 0.06496 0.774797
9.9973E-05 9.9973E-05 0.0259833 9.9973E-05 0.0633366 0.123131 0.787249
9.9955E-05 9.9955E-05 0.343298 9.9955E-05 9.9955E-05 9.9955E-05 0.656202
0.132468 0.00300071 0.151754 9.9973E-05 9.9973E-05 9.9973E-05 0.712477
0.122763 0.0382196 9.9973E-05 9.9973E-05 9.9973E-05 0.0838203 0.754898
0.162788 0.0376115 9.9973E-05 0.105035 9.9973E-05 9.9973E-05 0.694266
0.216895 0.038628 0.0301436 0.120792 0.0568938 9.9991E-05 0.536547
0.201058 9.9964E-05 9.9964E-05 9.9964E-05 9.9964E-05 0.0632564 0.735286
0.286661 0.00701198 9.9982E-05 0.126042 9.9982E-05 0.0125641 0.567522
0.546405 0.0699933 0.131417 9.9973E-05 9.9973E-05 9.9973E-05 0.251885
9.9991E-05 0.0213841 0.0786419 0.0893627 0.071355 0.702199 0.0369572
0.0858365 0.0418555 0.029994 0.196562 9.9982E-05 0.645552 9.9982E-05
9.9973E-05 0.00160797 9.9973E-05 0.0965191 0.10163 0.799943 9.9973E-05
0.146578 0.00760732 0.101273 9.9991E-05 0.0648265 0.023581 0.656034
0.494187 0.0565779 9.9982E-05 0.0253355 0.00888443 9.9982E-05 0.414816
0.155509 0.0124345 0.162815 9.9973E-05 9.9973E-05 9.9973E-05 0.668942
0.275526 0.0444599 0.0304673 9.9973E-05 9.9973E-05 9.9973E-05 0.649247
9.9991E-05 0.0529312 0.00907588 0.0784914 0.0284971 0.0389875 0.791917
0.642699 9.9973E-05 0.160068 0.121774 9.9973E-05 9.9973E-05 0.07516
0.677744 9.9955E-05 0.321756 9.9955E-05 9.9955E-05 9.9955E-05 9.9955E-05
0.828432 9.9973E-05 0.0756571 9.9973E-05 0.081042 9.9973E-05 0.0145692
0.883757 0.0257542 9.9964E-05 9.9964E-05 0.0900892 9.9964E-05 9.9964E-05
0.683497 0.0219937 9.9973E-05 9.9973E-05 0.21244 0.0817689 9.9973E-05
0.866548 0.0236043 0.109448 9.9964E-05 9.9964E-05 9.9964E-05 9.9964E-05
0.554193 0.0192884 9.9991E-05 0.165905 0.161977 0.0686614 0.0298751
0.160569 9.9973E-05 0.191279 9.9973E-05 0.0224842 9.9973E-05 0.625368
0.388335 0.122241 9.9973E-05 0.187322 9.9973E-05 9.9973E-05 0.301802
0.189852 0.018135 9.9991E-05 0.015453 0.0351557 0.047842 0.693462
0.124638 0.0478336 0.0648147 9.9982E-05 9.9982E-05 0.054812 0.707702
9.9973E-05 0.0439268 0.192432 9.9973E-05 0.0996907 9.9973E-05 0.66365
0.0459987 0.0113464 0.277356 9.9982E-05 9.9982E-05 0.609072 0.0560278
0.385755 9.9991E-05 0.0385493 0.0568862 0.11703 0.124494 0.277186
0.759244 9.9973E-05 0.0702816 9.9973E-05 0.0974529 9.9973E-05 0.0727216
9.995E-05 0.9994 9.995E-05 9.995E-05 9.995E-05 9.995E-05 9.995E-05
0.0942435 0.0113782 0.113368 0.59707 0.100755 0.0830858 9.9991E-05
0.129721 0.0241945 0.174241 0.620357 9.9982E-05 0.0512869 9.9982E-05
0.154671 0.0401078 0.503229 0.170503 0.0319387 0.0994501 9.9991E-05
0.152707 0.0226535 0.575853 9.9982E-05 9.9982E-05 0.177496 0.0710913
9.9982E-05 9.9982E-05 0.261382 0.446689 0.219912 0.0206521 0.0511643
0.755941 9.9964E-05 9.9964E-05 9.9964E-05 0.128317 9.9964E-05 0.115342
0.282553 0.0251165 9.9973E-05 0.21339 9.9973E-05 0.478641 9.9973E-05
0.580629 0.0600295 9.9973E-05 0.224281 9.9973E-05 9.9973E-05 0.134761
0.270068 0.0317504 0.0538857 0.0348074 0.279022 0.285079 0.0453884
9.9973E-05 0.00668001 0.492924 0.448564 9.9973E-05 0.0515319 9.9973E-05
0.0482408 9.9982E-05 0.117875 0.246724 0.553195 0.0337653 9.9982E-05
0.206827 9.9973E-05 0.510636 0.247465 9.9973E-05 0.0347723 9.9973E-05
9.9964E-05 9.9964E-05 0.843373 9.9964E-05 0.0954147 9.9964E-05 0.0608123
0.0178202 9.9964E-05 9.9964E-05 9.9964E-05 0.959132 0.022648 9.9964E-05
0.0536839 0.00935934 0.936557 9.9964E-05 9.9964E-05 9.9964E-05 9.9964E-05
0.57819 0.0191076 9.9982E-05 0.0346957 0.183206 9.9982E-05 0.184601
0.599062 0.0703848 0.0381251 9.9991E-05 0.134039 0.0460204 0.112268
0.571111 0.0744467 0.0439467 0.0415412 0.0490511 0.0358487 0.184054
0.509369 9.9964E-05 0.340826 9.9964E-05 9.9964E-05 0.149405 9.9964E-05
0.405783 9.9991E-05 0.412666 0.0380841 0.0200669 0.0504651 0.0728349
9.9982E-05 9.9982E-05 0.182862 0.178601 0.160568 0.420356 0.0574132
9.9982E-05 0.0308762 0.0742691 9.9982E-05 0.171888 0.0109371 0.711829
0.176562 0.0172118 0.0223702 0.0369194 0.0187249 0.0291259 0.699086
0.585833 9.9973E-05 9.9973E-05 0.189612 9.9973E-05 0.088448 0.135808
0.372956 0.0264 0.33983 0.037217 0.00969788 0.0645848 0.149314
0.430361 0.0286403 9.9991E-05 0.206249 0.0260903 0.191237 0.117322
0.238626 9.9964E-05 9.9964E-05 9.9964E-05 0.0636332 0.697341 9.9964E-05
0.320681 0.0528542 9.9982E-05 9.9982E-05 0.0297895 0.0364669 0.560008
0.272842 9.9973E-05 0.0848743 0.0216706 9.9973E-05 9.9973E-05 0.620313
0.369981 9.9982E-05 0.0867278 0.0436377 0.0587876 9.9982E-05 0.440666
0.0931157 0.0502766 0.0453609 0.396611 9.9991E-05 0.369779 0.0447563
9.9973E-05 9.9973E-05 0.0669768 0.73047 9.9973E-05 0.148768 0.0534852
0.109563 0.024663 0.0836141 0.551709 0.171348 0.0212241 0.0378795
9.9982E-05 9.9982E-05 0.0276273 0.607188 0.211814 0.0319041 0.121266
0.0358945 9.9973E-05 0.181531 0.497863 9.9973E-05 0.284411 9.9973E-05
0.132561 9.9982E-05 0.133367 0.606337 0.037882 0.0896531 9.9982E-05
0.035821 9.9991E-05 0.0310533 0.775327 0.0788794 0.0718173 0.00700225
9.9973E-05 0.00326651 0.013644 0.94771 9.9973E-05 9.9973E-05 0.03508
0.107549 9.9991E-05 0.110453 0.385385 0.0313315 0.364087 0.00109482
9.9964E-05 9.9964E-05 0.773428 0.189252 9.9964E-05 0.0369204 9.9964E-05
0.0136086 0.026908 0.837882 0.0413385 0.0297914 0.0503713 9.9991E-05
9.9982E-05 0.0169803 0.750285 0.0964855 0.105531 0.0305185 9.9982E-05
0.105556 9.9991E-05 0.123629 0.350795 0.109673 0.200825 0.109423
9.9982E-05 0.0282336 0.633689 0.26198 0.0227227 9.9982E-05 0.0531743
0.110428 9.9991E-05 0.677996 0.000542642 0.0462715 0.154903 0.00975882
0.11599 9.9973E-05 0.0968925 0.760428 9.9973E-05 0.0263898 9.9973E-05
0.0754376 9.9964E-05 9.9964E-05 9.9964E-05 0.203391 0.720771 9.9964E-05
0.0533937 9.9973E-05 9.9973E-05 0.112114 0.0296039 0.804589 9.9973E-05
9.9973E-05 0.0253025 0.15737 9.9973E-05 0.00634626 0.810681 9.9973E-05
0.0225669 9.9982E-05 0.129204 0.0870027 9.9982E-05 0.660061 0.100965
0.0740649 9.9973E-05 9.9973E-05 0.162594 9.9973E-05 0.715472 0.0475687
0.125858 9.9982E-05 0.139629 0.556065 0.107477 9.9982E-05 0.0707713
0.11416 0.0322622 9.9982E-05 0.408582 0.335893 0.108903 9.9982E-05
0.136004 9.9964E-05 9.9964E-05 0.0173679 9.9964E-05 9.9964E-05 0.846228
9.9982E-05 0.0158392 0.16609 0.00172478 0.0341771 9.9982E-05 0.781969
9.9982E-05 0.00811618 0.0920604 0.0508144 0.0417442 9.9982E-05 0.807065
0.213645 9.9982E-05 9.9982E-05 0.0688812 0.0900972 0.040799 0.586378
0.0400295 0.0225185 9.9973E-05 0.162363 9.9973E-05 9.9973E-05 0.774789
0.0256443 0.0148731 0.0638672 0.0100549 9.9991E-05 0.123583 0.761878
9.9964E-05 0.024907 9.9964E-05 0.132462 9.9964E-05 9.9964E-05 0.842231
0.0821858 9.9973E-05 9.9973E-05 9.9973E-05 0.0329236 0.102346 0.782245
0.0999298 9.9991E-05 0.025236 0.0311919 0.0469142 0.0130187 0.78361
0.0721248 0.00558465 9.9982E-05 0.022378 9.9982E-05 0.105538 0.794175
9.9973E-05 0.0414422 0.0117554 9.9973E-05 0.173214 9.9973E-05 0.773288
9.9991E-05 0.0332658 0.0219621 0.1046 0.034945 0.0498955 0.755232
9.9982E-05 0.0200749 0.0854607 0.106304 9.9982E-05 0.0610848 0.726876
9.9982E-05 0.00993809 0.0431875 0.0493901 9.9982E-05 0.0647606 0.832524
0.0851948 0.011248 9.9982E-05 9.9982E-05 0.105083 0.0266522 0.771622
9.9973E-05 0.0103341 9.9973E-05 0.125099 0.00642606 9.9973E-05 0.857841
9.9973E-05 0.00587179 9.9973E-05 9.9973E-05 0.110137 0.108238 0.775453
0.667778 9.9991E-05 0.0338797 0.11177 0.0286685 0.0307877 0.127016
0.767599 9.9982E-05 0.0396395 0.0957245 0.0920971 0.00473977 9.9982E-05
0.0726101 9.9973E-05 9.9973E-05 0.0454287 0.102711 9.9973E-05 0.77895
9.9982E-05 0.0274447 0.00783431 0.0553815 0.279748 9.9982E-05 0.629392
0.256716 0.00489702 9.9964E-05 9.9964E-05 9.9964E-05 9.9964E-05 0.737987
0.652406 0.000108043 0.0914713 0.109225 0.0410308 9.9991E-05 0.105658
9.9964E-05 9.9964E-05 0.0417362 0.830144 0.12772 9.9964E-05 9.9964E-05
0.00766612 0.00932131 0.130003 0.719291 9.9982E-05 0.133519 9.9982E-05
0.182185 9.9964E-05 9.9964E-05 0.453386 9.9964E-05 0.364029 9.9964E-05
0.0722483 9.9982E-05 0.193177 0.157292 0.0212961 0.555786 9.9982E-05
0.224683 9.9973E-05 0.0734682 9.9973E-05 0.0207266 0.680822 9.9973E-05
0.1368 0.00969711 0.0109785 0.102826 9.9982E-05 0.739498 9.9982E-05
0.0842796 0.00957338 0.126654 0.163102 9.9982E-05 0.616191 9.9982E-05
0.161721 0.0261032 0.184143 9.9973E-05 9.9973E-05 0.627733 9.9973E-05
0.226213 0.0187489 0.0297903 0.0434953 9.9991E-05 0.663832 0.0178196
9.9973E-05 0.0444499 9.9973E-05 0.145712 9.9973E-05 0.71206 0.0974789
0.146729 9.9973E-05 9.9973E-05 0.759924 0.0405962 0.0524509 9.9973E-05
0.121885 0.0335014 9.9982E-05 0.575042 0.227202 9.9982E-05 0.0421687
9.99639E-05 0.030895 9.99639E-05 9.99639E-05 0.951121 9.99639E-05 0.0175841
9.995E-05 9.995E-05 9.995E-05 9.995E-05 0.9994 9.995E-05 9.995E-05
9.995E-05 9.995E-05 9.995E-05 9.995E-05 0.9994 9.995E-05 9.995E-05
0.0272877 9.9982E-05 0.157569 9.9982E-05 0.79498 0.00856461 0.0113996
0.112806 9.9973E-05 0.605629 9.9973E-05 0.123981 0.157285 9.9973E-05
0.0457168 0.00334533 0.785982 0.0372241 9.9991E-05 0.0717278 0.0559042
9.9964E-05 0.0383329 0.94491 9.9964E-05 0.0163573 9.9964E-05 9.9964E-05
0.0106638 0.0159284 0.712972 9.9991E-05 0.191215 0.0584626 0.010659
9.9964E-05 0.0165827 0.804154 9.9964E-05 0.178863 9.9964E-05 9.9964E-05
0.0783419 0.143521 0.227734 0.0300754 9.9991E-05 0.491584 0.0286429
0.233863 0.0251941 0.0356453 0.060089 0.000936199 0.0100326 0.63424
0.0670265 0.0325064 9.9982E-05 9.9982E-05 0.0475189 0.128493 0.724255
9.9955E-05 9.9955E-05 0.170813 9.9955E-05 9.9955E-05 9.9955E-05 0.828687
9.9982E-05 0.00364627 0.106814 0.0473588 0.132303 9.9982E-05 0.709677
9.9982E-05 0.000451111 9.9982E-05 0.105515 0.0881847 0.0495797 0.756069
0.0335184 0.0284279 0.343264 9.9991E-05 0.205896 0.262473 0.12632
0.0577072 0.0221655 0.52394 0.19733 0.0416135 0.157144 9.9991E-05
9.9982E-05 0.0611681 0.795409 0.0392882 0.0515174 0.0524178 9.9982E-05
0.0223688 0.0560118 0.400469 0.185843 0.096264 0.238944 9.9991E-05
