0.0217595 0.0139277 0.13843 0.749563 0.0763198
0.0404909 9.9991E-05 0.0458157 0.767341 0.146252
0.0458933 9.9991E-05 0.212853 0.637098 0.104056
0.00856054 0.0272622 0.0369405 0.782087 0.14515
9.9973E-05 0.0639959 9.9973E-05 0.935704 9.9973E-05
9.999E-05 0.0715264 0.00464936 0.840011 0.0837132
9.9991E-05 0.0283618 0.0237148 0.708225 0.239599
0.0423661 9.9982E-05 9.9982E-05 0.813892 0.143542
0.044984 0.0676323 0.155804 0.637563 0.0940173
0.00679553 0.0164549 0.169806 0.548269 0.258674
0.0555347 0.0784006 0.0715482 0.344021 0.450496
0.0278288 0.0438309 0.244465 0.530685 0.153191
0.0453526 0.0287717 0.0666447 0.0180539 0.841177
9.999E-05 0.0947745 0.157439 0.481442 0.266244
0.0214602 0.121255 0.157663 0.676298 0.0233242
0.0352548 9.9991E-05 0.104247 0.613173 0.247225
9.999E-05 0.00926838 0.225363 0.632354 0.132915
0.0257909 9.9991E-05 0.0694125 0.875098 0.0295989
0.0637285 0.113484 0.543775 0.103923 0.17509
9.9982E-05 9.9982E-05 0.730876 0.027807 0.241117
0.0147023 0.0433156 0.691357 0.250525 9.9991E-05
0.0207886 0.0324615 0.840582 9.9991E-05 0.106068
0.0642804 0.00443568 0.888892 9.9991E-05 0.0422922
0.0465187 0.00716007 0.785767 0.160455 9.9991E-05
9.9982E-05 9.9982E-05 0.730258 0.14999 0.119551
0.0168603 9.9982E-05 0.900874 0.0820654 9.9982E-05
0.034564 0.0615852 0.903651 9.9982E-05 9.9982E-05
0.0326769 0.0593484 0.902223 9.9991E-05 0.0056516
9.9982E-05 0.046943 0.882815 0.0700418 9.9982E-05
9.9982E-05 0.101863 0.822057 0.0758801 9.9982E-05
9.9973E-05 0.0732151 0.926485 9.9973E-05 9.9973E-05
0.0344912 0.0472095 0.880556 0.021528 0.0162153
0.0592145 9.9991E-05 0.787416 0.0788751 0.0743944
0.0653794 9.9991E-05 0.16083 0.459677 0.314013
9.9982E-05 0.0512437 0.287387 0.661169 9.9982E-05
9.9991E-05 0.0435355 0.115914 0.725009 0.115441
0.0177777 9.9991E-05 0.0328548 0.673089 0.276178
0.00778354 0.0721688 0.175493 0.49214 0.252414
0.9996 9.997E-05 9.997E-05 9.997E-05 9.997E-05
0.0287614 9.9982E-05 0.765685 9.9982E-05 0.205353
9.9982E-05 0.149646 0.213087 0.637067 9.9982E-05
0.0104182 9.9991E-05 0.147305 0.647883 0.194293
0.0132854 0.151342 0.278331 0.264724 0.292317
0.0502663 0.137094 0.0930497 0.110139 0.609451
0.0162268 9.9982E-05 0.0262794 9.9982E-05 0.957294
0.9996 9.997E-05 9.997E-05 9.997E-05 9.997E-05
0.0664552 0.019241 0.161295 0.343919 0.40909
9.9991E-05 0.0695304 0.178285 0.225503 0.526582
0.0400851 0.0434603 0.345196 0.31124 0.260018
0.0479298 0.733578 0.0110809 0.0627489 0.144662
0.0259771 0.792502 0.0272668 0.0388031 0.115451
9.9973E-05 0.787113 9.9973E-05 0.212587 9.9973E-05
0.0441089 0.690379 0.0543154 0.0281324 0.183064
0.0454214 0.831101 0.110979 0.0123987 9.9991E-05
9.9982E-05 0.835752 0.0809978 0.08305 9.9982E-05
9.9973E-05 0.759381 9.9973E-05 0.24032 9.9973E-05
0.0164072 0.77149 0.039432 9.9991E-05 0.172571
0.0113608 0.869604 0.118835 9.9982E-05 9.9982E-05
0.0470628 0.803773 9.9982E-05 0.148964 9.9982E-05
0.0363227 0.624543 9.9991E-05 0.119493 0.219541
9.9982E-05 0.860142 0.138049 9.9982E-05 0.0016095
0.00701366 0.710409 0.063575 0.0938311 0.125171
0.0680832 0.288575 9.9982E-05 9.9982E-05 0.643142
0.0376127 0.0662458 0.757786 0.138255 9.9991E-05
0.0252582 0.0337285 0.794754 0.120667 0.0255929
0.00565329 9.9982E-05 0.880922 0.113225 9.9982E-05
0.0211034 0.696363 9.9991E-05 0.0260168 0.256417
0.0636071 0.467182 9.9982E-05 9.9982E-05 0.469011
0.0223472 0.724607 0.0767777 0.0501366 0.126131
0.0495415 0.671855 9.9982E-05 9.9982E-05 0.278404
0.0536662 0.803867 9.9991E-05 0.106308 0.0360595
0.011093 0.179598 9.9991E-05 0.244253 0.564955
0.0309268 0.0920836 9.9991E-05 0.0678904 0.808999
0.000497306 0.120803 9.9991E-05 0.107378 0.771222
0.019055 9.9973E-05 9.9973E-05 9.9973E-05 0.980645
0.044621 9.9982E-05 0.107214 9.9982E-05 0.847965
0.0241688 9.9973E-05 9.9973E-05 9.9973E-05 0.975531
0.0312841 0.0347697 0.0412895 0.128325 0.764332
9.9982E-05 0.603993 9.9982E-05 0.0595898 0.336217
0.120886 0.423118 0.0259104 0.170773 0.259312
0.0287303 0.751142 0.0273005 0.0355651 0.157262
0.0273108 0.775978 0.0773849 9.9991E-05 0.119227
0.0441376 0.723494 9.9991E-05 0.178713 0.0535553
0.024263 0.000817943 0.698412 9.9991E-05 0.276407
9.9991E-05 0.32022 0.149907 0.0768447 0.452928
9.9982E-05 0.117695 9.9982E-05 0.00319975 0.878905
0.9996 9.997E-05 9.997E-05 9.997E-05 9.997E-05
0.012104 9.9991E-05 0.216386 0.665008 0.106401
0.0423838 9.9991E-05 0.166466 0.659031 0.132019
0.0470736 9.9991E-05 0.13947 0.452255 0.361102
0.0361518 0.0156152 0.325097 0.278664 0.344472
9.9991E-05 0.0532758 0.0647232 0.783677 0.098224
9.9982E-05 0.164742 0.0776202 9.9982E-05 0.757437
0.0534535 0.018097 0.523912 0.136469 0.268069
0.0608496 0.168277 9.9991E-05 0.0224165 0.748357
0.0263535 0.0571044 0.29523 0.253362 0.36795
9.9982E-05 0.0278317 0.203686 0.768282 9.9982E-05
9.9982E-05 9.9982E-05 0.0774557 0.562685 0.359659
9.9982E-05 9.9982E-05 0.163356 0.525106 0.311338
0.013794 0.0259149 0.0646706 0.55154 0.344081
0.0191334 9.9991E-05 0.0608519 0.555692 0.364223
9.9982E-05 9.9982E-05 0.101414 0.605608 0.292778
0.0279735 0.188462 0.00998044 0.0223777 0.751206
0.0895413 0.169468 0.0442616 0.0644444 0.632285
0.0680188 0.205642 9.9991E-05 0.0432981 0.682941
0.00823888 9.9991E-05 0.175777 0.0757732 0.740111
9.9991E-05 0.0943536 0.160463 0.229097 0.515987
9.9991E-05 0.0694545 0.463537 0.443358 0.02355
0.00722849 0.768178 9.9982E-05 0.224394 9.9982E-05
0.0370178 0.716391 0.0397843 0.0180942 0.188713
0.00192681 0.168134 0.160648 9.9991E-05 0.669191
0.0335555 0.155881 0.119694 0.0758906 0.614979
0.0439515 0.156712 0.282306 0.0191414 0.497889
9.9973E-05 9.9973E-05 0.719036 9.9973E-05 0.280664
0.0498436 0.62913 0.0829872 9.9991E-05 0.237939
0.00750385 0.667889 0.00795122 9.9991E-05 0.316556
9.9982E-05 0.462599 9.9982E-05 0.110152 0.427049
0.0563689 0.0136045 0.438425 0.315247 0.176354
0.00989284 0.0566561 0.27911 0.654241 9.9991E-05
0.0345172 0.058893 0.0448931 0.740167 0.12153
9.9991E-05 0.120561 0.0699356 0.781051 0.0283518
9.9982E-05 0.00348512 0.374508 0.621807 9.9982E-05
0.00503217 0.0323665 0.152735 0.757424 0.0524417
0.00377485 0.0762945 0.0806379 0.839193 9.9991E-05
9.9982E-05 0.0740076 0.0233716 0.902421 9.9982E-05
9.9991E-05 0.0127964 0.317057 0.454455 0.215592
9.9982E-05 9.9982E-05 0.134962 0.726149 0.138688
0.0416356 9.9991E-05 0.158956 0.613105 0.186204
9.9982E-05 9.9982E-05 0.0992206 0.674051 0.226529
0.0179716 0.0654877 0.293988 0.441873 0.18068
0.0534873 0.0266169 0.0189191 0.763221 0.137756
0.00721663 9.9991E-05 0.262735 0.40825 0.321698
0.00242 0.0624554 0.0896796 0.82931 0.0161345
9.9973E-05 9.9973E-05 0.895457 9.9973E-05 0.104243
9.9982E-05 9.9982E-05 0.956925 0.0154919 0.0273827
0.0287981 9.9982E-05 0.897911 0.0730912 9.9982E-05
0.00626199 0.0689566 0.755466 0.11491 0.0544056
0.0302373 0.0395446 0.815588 0.0507579 0.0638727
0.0031855 0.095363 9.9991E-05 0.660652 0.240699
0.0425288 9.9991E-05 0.105889 0.680497 0.170985
0.00344282 0.979289 9.9982E-05 9.9982E-05 0.0170685
0.0154434 0.822797 0.0974983 0.0265611 0.0377004
0.0014835 0.888129 9.9982E-05 0.110188 9.9982E-05
0.00791135 0.654742 0.0841476 0.00736288 0.245836
0.0308064 0.894716 9.9982E-05 0.0742778 9.9982E-05
9.9982E-05 0.790444 0.179867 0.029489 9.9982E-05
0.0136188 0.896207 9.9982E-05 0.0899741 9.9982E-05
9.9982E-05 0.838145 0.11031 9.9982E-05 0.0513451
9.9991E-05 0.821878 0.0733724 0.00260535 0.102044
0.023492 0.841415 0.134893 9.9982E-05 9.9982E-05
0.0353415 0.783102 9.9982E-05 9.9982E-05 0.181356
0.032978 0.799039 0.0592893 0.108594 9.9991E-05
0.0126006 0.775023 0.0592514 0.134088 0.0190367
0.0212669 0.859733 0.0851163 0.0337839 9.9991E-05
0.0158743 0.833251 9.9991E-05 0.0329183 0.117856
0.0259816 0.837102 9.9982E-05 0.136716 9.9982E-05
9.9991E-05 0.875854 0.0745229 0.0274147 0.0221081
9.9991E-05 0.128893 0.0197966 0.0559083 0.795302
9.9973E-05 9.9973E-05 9.9973E-05 0.0205918 0.979108
9.9982E-05 0.868143 9.9982E-05 0.0915596 0.0400977
0.0170017 0.684541 9.9991E-05 0.296673 0.00168491
0.0176272 0.849485 0.0318043 9.9991E-05 0.100983
9.9982E-05 0.133485 9.9982E-05 0.104861 0.761454
9.9973E-05 0.056543 9.9973E-05 0.943157 9.9973E-05
0.0236096 9.9982E-05 0.184315 0.791876 9.9982E-05
9.9991E-05 0.0163295 0.475226 0.285224 0.22312
9.9982E-05 9.9982E-05 0.596817 0.337959 0.0650238
0.0064378 9.9982E-05 0.757659 9.9982E-05 0.235703
9.9991E-05 0.0640046 0.868799 0.0370174 0.0300787
0.0209065 9.9991E-05 0.775244 0.0922494 0.1115
0.0426923 0.00535865 0.749785 0.1265 0.0756642
0.031484 0.0381583 0.755741 0.00461575 0.170001
0.0501728 0.0845454 0.781463 0.0837189 9.9991E-05
9.9991E-05 0.00404697 0.114134 0.747477 0.134242
0.0475544 0.0958847 0.0381127 0.696613 0.121835
0.0412539 0.051118 9.9991E-05 0.690438 0.21709
9.99731E-05 9.99731E-05 9.99731E-05 0.612589 0.387111
0.00205373 9.9982E-05 9.9982E-05 0.717835 0.279912
9.9982E-05 9.9982E-05 0.00355421 0.512413 0.483833
0.015714 9.9991E-05 0.175221 0.527439 0.281525
0.0185417 0.047566 0.20684 0.469405 0.257647
0.0545583 0.0160165 0.0791605 0.606779 0.243486
0.00127461 0.0424159 0.234081 0.458997 0.263232
0.0405134 0.0070568 0.158488 0.624657 0.169285
0.144683 0.0947393 0.68412 0.0380645 0.0383925
0.0325407 0.71114 0.0325381 9.9991E-05 0.223681
0.0593805 0.812266 0.1042 0.00678051 0.017373
9.9982E-05 0.823738 0.0122276 9.9982E-05 0.163834
0.018028 0.715186 0.0192636 0.106814 0.140708
0.00395681 0.797981 0.0684609 0.129501 9.9991E-05
0.0454687 0.153979 0.325296 0.351202 0.124055
0.0383264 0.0232219 0.246337 0.597897 0.0942182
0.0955169 9.9991E-05 0.160504 0.693422 0.0504572
0.0591825 9.9991E-05 0.241285 0.387049 0.312383
