0.111948 9.9973E-05 9.9973E-05 9.9973E-05 0.710906 0.176846
0.0545393 0.0267529 0.280301 9.9991E-05 0.571926 0.0663812
0.188942 0.0206013 9.9982E-05 9.9982E-05 0.725155 0.0651014
0.0359412 0.00175733 0.0628848 9.9991E-05 0.715242 0.184075
9.9973E-05 9.9973E-05 0.055331 0.0635569 0.880812 9.9973E-05
9.9982E-05 9.9982E-05 0.279941 0.0393876 0.589202 0.0912692
0.0613686 9.9991E-05 0.272828 0.00163766 0.538949 0.125116
9.9982E-05 0.0418343 0.0935972 9.9982E-05 0.701402 0.162966
0.0723336 9.9982E-05 0.762567 0.0583383 0.106561 9.9982E-05
0.18006 0.0287687 0.375512 0.00939442 0.286189 0.120075
0.0539115 0.0615933 0.405736 0.00683324 0.0234143 0.448512
0.200444 0.0188832 0.304811 0.0202959 0.346047 0.109519
0.0431114 0.031535 0.154053 0.0116512 0.00765704 0.751993
0.0521369 9.9991E-05 0.774113 0.0550975 0.024121 0.0944318
0.210919 0.0271115 0.276626 0.0597762 0.425468 9.9991E-05
0.0450341 0.0141633 0.648446 9.9991E-05 0.210045 0.0822114
0.110211 9.9973E-05 0.601391 9.9973E-05 0.288098 9.9973E-05
0.0596819 0.0247389 0.491692 9.9982E-05 0.423688 9.9982E-05
0.513803 0.0779777 0.138678 0.132026 0.0255621 0.111953
0.650398 9.9991E-05 0.243018 0.00826707 0.0395841 0.0586325
0.710355 0.00810213 0.106567 0.0217649 0.124732 0.028479
0.820178 9.9973E-05 9.9973E-05 9.9973E-05 0.016656 0.162866
0.84337 0.0508338 9.9973E-05 9.9973E-05 9.9973E-05 0.105497
0.700562 0.0388603 0.18323 9.9982E-05 0.077148 9.9982E-05
0.652112 9.9982E-05 0.155513 9.9982E-05 0.158363 0.0338122
0.874014 9.9964E-05 9.9964E-05 9.9964E-05 0.125586 9.9964E-05
0.84584 0.0503303 9.9982E-05 0.0763033 0.0273263 9.9982E-05
0.786752 0.0234991 0.142549 0.0469996 9.9982E-05 9.9982E-05
0.850865 9.9973E-05 9.9973E-05 0.0342969 0.114538 9.9973E-05
0.776232 9.9973E-05 9.9973E-05 0.108106 0.115361 9.9973E-05
0.854502 9.9973E-05 0.0788885 0.0663093 9.9973E-05 9.9973E-05
0.773742 0.0218227 0.161471 0.0427652 9.9982E-05 9.9982E-05
0.841929 0.077733 0.0519283 9.9982E-05 0.0282093 9.9982E-05
0.20377 0.0637959 0.291116 9.9991E-05 0.288755 0.152463
0.223895 9.9982E-05 0.210785 0.0434837 0.521637 9.9982E-05
0.123481 9.9982E-05 0.0377984 0.103615 0.734905 9.9982E-05
0.0864401 0.0350684 9.9991E-05 0.0146919 0.71063 0.15307
0.115127 9.9991E-05 0.290765 0.0379315 0.322159 0.233916
9.996E-05 0.9995 9.996E-05 9.996E-05 9.996E-05 9.996E-05
0.77524 0.0138485 9.9973E-05 9.9973E-05 9.9973E-05 0.210612
0.161655 9.9982E-05 0.144972 0.0990277 0.594145 9.9982E-05
0.155131 9.9982E-05 0.329888 9.9982E-05 0.378389 0.136392
0.263946 0.0168744 0.274199 0.114911 0.08188 0.24819
0.114409 0.0616208 0.14029 0.109155 9.9991E-05 0.574425
0.0164733 0.00864965 9.9982E-05 9.9982E-05 0.0896429 0.885034
9.996E-05 0.9995 9.996E-05 9.996E-05 9.996E-05 9.996E-05
0.151376 0.0943069 0.221364 0.0551924 0.28165 0.196111
0.0816984 9.9991E-05 0.269328 0.0705936 0.148157 0.430123
0.333735 0.0124938 0.261626 0.0771177 0.20285 0.112178
0.0442599 0.0184668 0.0955696 0.720566 9.9991E-05 0.121038
0.0385102 0.0339691 0.0754505 0.808046 9.9991E-05 0.0439241
0.00570068 9.9982E-05 9.9982E-05 0.765967 0.218524 0.00960903
9.9982E-05 0.0299206 0.194818 0.701492 9.9982E-05 0.0735701
0.0631787 0.035315 0.106793 0.794513 9.9982E-05 9.9982E-05
0.0307637 9.9973E-05 0.158767 0.81017 9.9973E-05 9.9973E-05
9.9964E-05 9.9964E-05 0.368944 0.630657 9.9964E-05 9.9964E-05
9.9973E-05 0.0171512 0.238075 0.744474 9.9973E-05 9.9973E-05
0.138197 0.0284123 9.9982E-05 0.808244 9.9982E-05 0.024947
9.9982E-05 0.0305365 0.130746 0.747568 9.9982E-05 0.0909496
9.9982E-05 0.0177316 9.9982E-05 0.576977 0.153745 0.251346
0.136081 9.9973E-05 9.9973E-05 0.797031 9.9973E-05 0.0665884
0.119477 9.9982E-05 0.0391924 0.616728 9.9982E-05 0.224402
9.9982E-05 0.0502688 0.111229 0.299745 9.9982E-05 0.538557
0.710543 0.0235484 0.0544309 0.0301274 0.133099 0.0482506
0.79246 0.0128147 9.9991E-05 0.00860305 0.126455 0.0595665
0.817016 0.0078048 0.0895115 9.9982E-05 0.0854678 9.9982E-05
9.9982E-05 0.0130673 0.209952 0.63208 9.9982E-05 0.1447
9.9982E-05 0.06969 9.9982E-05 0.457576 0.00391069 0.468623
0.00765786 0.0187585 0.16515 0.71105 9.9991E-05 0.0972833
0.0375655 0.0346825 9.9982E-05 0.642676 9.9982E-05 0.284876
9.9973E-05 0.0594992 9.9973E-05 0.781413 0.158788 9.9973E-05
9.9982E-05 0.000646172 0.290001 0.110121 9.9982E-05 0.599032
9.9982E-05 0.00277829 0.359845 0.0511482 9.9982E-05 0.586029
0.0189616 9.9991E-05 0.0746109 0.0438552 0.0161163 0.846356
9.9964E-05 0.0180458 9.9964E-05 9.9964E-05 9.9964E-05 0.981554
0.0758533 0.0302138 9.9973E-05 9.9973E-05 9.9973E-05 0.893633
9.9973E-05 0.0365392 0.0843458 9.9973E-05 9.9973E-05 0.878815
0.10198 0.0393985 0.00361702 0.0109815 0.125604 0.718419
9.9973E-05 9.9973E-05 0.242538 0.617951 9.9973E-05 0.139211
9.9991E-05 0.126702 0.0878677 0.401651 0.051382 0.332296
0.070784 0.0228972 9.9991E-05 0.679717 0.070189 0.156312
0.126291 0.0383624 9.9982E-05 0.708116 9.9982E-05 0.127031
9.9973E-05 0.030933 0.298239 0.670528 9.9973E-05 9.9973E-05
0.656867 0.0288876 0.19222 0.0292984 9.9991E-05 0.0926271
0.11469 9.9991E-05 0.0836382 0.257897 0.0614691 0.482205
9.9973E-05 9.9973E-05 0.0657118 0.0947302 9.9973E-05 0.839258
9.996E-05 0.9995 9.996E-05 9.996E-05 9.996E-05 9.996E-05
0.156069 9.9982E-05 0.155012 9.9982E-05 0.525269 0.163451
0.162561 0.0273912 0.143321 9.9991E-05 0.60599 0.0606374
0.115667 0.0447423 0.636053 0.0110686 0.124877 0.0675926
0.189684 0.0443582 0.625209 0.0372822 9.9991E-05 0.103367
0.0688676 9.9982E-05 0.21505 0.056352 0.659531 9.9982E-05
9.9982E-05 0.00267957 0.0355057 0.101538 9.9982E-05 0.860077
0.56326 0.0316094 0.134311 0.0167762 0.109272 0.144771
9.9982E-05 0.0801908 9.9982E-05 0.155943 0.196656 0.56701
0.306508 0.0429396 0.112151 0.033706 0.180784 0.323911
0.133953 9.9973E-05 0.510372 9.9973E-05 0.355375 9.9973E-05
0.0235311 9.9982E-05 0.113029 9.9982E-05 0.583246 0.279994
0.103489 9.9982E-05 0.233038 9.9982E-05 0.435401 0.227871
9.9991E-05 0.00954832 0.801915 0.032038 0.0456384 0.11076
0.0480777 9.9973E-05 9.9973E-05 9.9973E-05 0.583174 0.368449
9.9982E-05 0.00745695 0.799218 9.9982E-05 0.143148 0.0499775
0.0490946 0.0281213 9.9991E-05 0.179523 0.110436 0.632725
0.0964665 0.110132 0.091494 0.116116 9.9991E-05 0.585691
9.9991E-05 0.0761643 0.0384834 0.162938 0.0603728 0.661941
0.13879 0.0222391 0.273256 9.9982E-05 9.9982E-05 0.565515
0.133897 9.9991E-05 0.339859 0.0745505 0.0366389 0.414955
0.35764 9.9991E-05 0.307855 0.0422721 0.23845 0.0536824
9.9982E-05 0.0365585 0.0560076 0.707306 0.199928 9.9982E-05
0.0466053 9.9982E-05 0.0538759 0.6652 9.9982E-05 0.234119
0.139439 9.9982E-05 9.9982E-05 0.149716 0.107367 0.603278
0.0792475 0.00979685 0.324187 0.16688 9.9991E-05 0.419789
0.257833 0.0404126 9.9991E-05 0.117687 0.116741 0.467227
0.665824 9.9973E-05 0.0249907 9.9973E-05 9.9973E-05 0.308885
0.0615638 0.0532357 9.9982E-05 0.592107 9.9982E-05 0.292893
0.0129762 9.9982E-05 0.122258 0.570765 9.9982E-05 0.2938
9.9973E-05 9.9973E-05 9.9973E-05 0.409734 0.144079 0.445888
0.483181 0.0692471 0.0176205 0.0534936 0.358423 0.018035
0.237111 0.00620623 9.9982E-05 0.0519405 0.704543 9.9982E-05
9.9991E-05 0.0060407 0.166956 0.00846931 0.645529 0.172905
0.0346457 9.9982E-05 0.0613462 0.105202 0.798606 9.9982E-05
0.344026 9.9973E-05 0.361482 9.9973E-05 0.294193 9.9973E-05
0.187757 0.00623904 0.193986 0.00418843 0.534204 0.0736247
0.132181 0.0141158 9.9991E-05 0.0179926 0.786831 0.0487793
9.9982E-05 0.0194012 0.197913 0.0335885 0.748897 9.9982E-05
0.303418 9.9991E-05 0.201616 0.0172019 0.428818 0.0488463
9.9964E-05 9.9964E-05 0.903568 9.9964E-05 0.0960319 9.9964E-05
0.0678896 0.0206053 0.911205 9.9973E-05 9.9973E-05 9.9973E-05
0.00388873 0.00984248 0.801698 9.9982E-05 0.184371 9.9982E-05
0.264058 9.9991E-05 0.166726 0.0753869 0.37966 0.114069
9.9982E-05 0.0209524 0.78691 0.0387406 0.153197 9.9982E-05
0.205167 0.0040405 0.634752 0.00859286 9.9991E-05 0.147348
0.0344721 9.9991E-05 0.172237 0.010106 0.681718 0.101366
0.851732 9.9973E-05 0.0163733 9.9973E-05 9.9973E-05 0.131594
0.841272 9.9973E-05 9.9973E-05 9.9973E-05 0.100314 0.0581143
0.812015 0.0234325 0.164253 9.9973E-05 9.9973E-05 9.9973E-05
0.7585 9.9982E-05 0.113832 0.0536201 0.0738481 9.9982E-05
0.819168 0.0114122 9.9991E-05 0.0108835 0.121934 0.0365025
9.9991E-05 0.0143047 0.148203 0.0538667 0.579886 0.20364
0.155169 0.0351089 9.9982E-05 9.9982E-05 0.64383 0.165693
9.9964E-05 9.9964E-05 9.9964E-05 0.839783 9.9964E-05 0.159817
0.0201146 0.0399817 0.0592655 0.800587 0.0657644 0.014287
9.9982E-05 0.00687813 0.0769567 0.840464 0.0755013 9.9982E-05
0.0123069 9.9982E-05 9.9982E-05 0.568723 0.0973134 0.321457
9.9982E-05 0.0218324 9.9982E-05 0.794297 0.127351 0.0563195
0.131994 0.00589591 0.0764798 0.78543 9.9982E-05 9.9982E-05
9.9982E-05 0.00445619 9.9982E-05 0.824951 0.106477 0.0639158
0.130539 9.9982E-05 9.9982E-05 0.802669 0.0168222 0.0497698
0.0580808 9.9982E-05 9.9982E-05 0.826025 0.0757109 0.0399835
0.0842666 0.00057671 0.000878992 0.813107 0.0128481 0.0883223
9.9991E-05 0.0270307 0.0297135 0.774081 0.0808424 0.088232
0.0431736 0.0422049 0.0803322 0.740958 0.054317 0.039014
0.00799919 0.0268832 0.114282 0.747861 0.102874 9.9991E-05
0.0657085 0.0107945 0.00803309 0.829406 0.0859578 9.9991E-05
9.9973E-05 9.9973E-05 9.9973E-05 0.714326 0.0282602 0.257114
9.9973E-05 0.0275014 9.9973E-05 0.833816 0.138382 9.9973E-05
0.099009 0.0172347 9.9982E-05 0.82713 0.056426 9.9982E-05
9.9982E-05 9.9982E-05 0.117158 0.128526 0.0546125 0.699503
9.9973E-05 9.9973E-05 0.136235 9.9973E-05 0.0657391 0.797726
9.9973E-05 9.9973E-05 9.9973E-05 0.770564 0.0853991 0.143737
9.9991E-05 0.0308061 0.0572466 0.591615 0.268338 0.0518941
0.0478545 0.000372169 9.9982E-05 0.773245 9.9982E-05 0.178329
9.9982E-05 9.9982E-05 0.214021 0.041362 0.050984 0.693433
9.9982E-05 0.0239044 9.9982E-05 0.0144219 0.901045 0.0604292
0.212451 0.0330144 0.121804 0.00119145 0.631439 9.9991E-05
0.439355 9.9991E-05 0.0415455 0.00982207 0.383226 0.125951
0.611302 9.9982E-05 0.191998 9.9982E-05 0.127173 0.0693273
0.786541 9.9982E-05 0.0646191 0.0204106 9.9982E-05 0.12823
0.826579 0.00143877 0.081134 0.0395131 9.9991E-05 0.0512349
0.742946 0.00694628 0.148922 9.9982E-05 0.100985 9.9982E-05
0.718684 0.0204181 0.208824 0.0452299 9.9991E-05 0.0067438
0.700464 0.0194938 0.12893 0.0540225 9.9991E-05 0.0969897
0.725234 0.0453266 9.9982E-05 0.106124 0.123116 9.9982E-05
0.108408 0.00683283 9.9991E-05 0.000652376 0.79327 0.0907366
0.0390157 0.0486496 9.9991E-05 0.0691361 0.75268 0.0904184
9.9982E-05 0.0358789 0.213638 9.9982E-05 0.59833 0.151953
9.99641E-05 9.99641E-05 9.99641E-05 9.99641E-05 0.742104 0.257496
9.9982E-05 0.00549642 0.101441 9.9982E-05 0.684781 0.208082
9.9973E-05 9.9973E-05 0.117617 9.9973E-05 0.52737 0.354713
0.197178 0.0121453 0.55926 9.9991E-05 0.154149 0.0771678
0.0418137 0.00663714 0.88755 0.0637995 9.9982E-05 9.9982E-05
9.9973E-05 0.0208741 0.910343 9.9973E-05 9.9973E-05 0.0684827
0.0855925 0.00983971 0.655432 0.022095 0.140472 0.0865683
0.0271045 0.0407223 0.640151 0.0336845 0.258237 9.9991E-05
0.599232 0.139081 0.165997 0.0954905 9.9982E-05 9.9982E-05
0.0158992 0.0034029 0.0828248 0.708224 0.0214311 0.168218
0.0797965 0.0588073 9.9991E-05 0.743141 0.0683441 0.049811
0.027437 0.00528729 0.0847916 0.782812 9.9991E-05 0.0995718
9.9982E-05 9.9982E-05 0.0406583 0.686561 0.171914 0.100667
0.0918655 0.00197708 9.9982E-05 0.768592 0.137366 9.9982E-05
0.233012 0.0119662 0.438978 0.113839 0.160206 0.0419986
0.226921 0.0310687 0.328145 0.0348207 0.35719 0.0218544
0.0493373 0.0641116 0.687339 0.000112289 0.199 9.9991E-05
0.211076 0.0489934 0.39354 9.9991E-05 0.208526 0.137764
