0.0345238 9.9991E-05 0.134917 0.0245719 0.700254 0.053306 0.0523269
0.00398175 9.9991E-05 0.134383 0.0343681 0.696449 0.0739792 0.0567385
9.9973E-05 0.00484816 9.9973E-05 9.9973E-05 0.781754 0.0852961 0.127802
9.999E-05 0.00828144 0.218244 0.00635901 0.584882 0.172329 0.00980454
9.9973E-05 0.0541618 0.198215 0.0133289 0.733994 9.9973E-05 9.9973E-05
0.0444567 0.00215907 0.191399 9.9982E-05 0.687852 0.0739338 9.9982E-05
0.113397 9.9982E-05 0.47347 9.9982E-05 0.303743 0.0872522 0.0219373
9.9973E-05 9.9973E-05 0.400683 0.0433905 0.441751 0.113875 9.9973E-05
0.0762219 9.9982E-05 0.496165 0.0137326 0.284057 9.9982E-05 0.129623
0.0370867 9.9991E-05 0.291859 0.0298752 0.332612 0.156723 0.151743
9.999E-05 0.101697 0.25732 0.0464966 0.087812 0.403977 0.102597
0.0164018 0.036169 0.211913 0.0114125 0.311129 0.193953 0.219022
0.0387432 0.0184115 0.109454 0.0370287 9.9991E-05 0.747761 0.0485011
9.9973E-05 0.12431 0.624396 9.9973E-05 9.9973E-05 0.0785666 0.172428
0.00141242 0.0759534 0.444648 0.0499031 0.308782 9.9991E-05 0.119202
9.999E-05 0.0134998 0.333068 0.00640569 0.397457 0.153711 0.095758
0.0407578 9.9973E-05 0.54396 9.9973E-05 0.177591 9.9973E-05 0.237392
9.9973E-05 9.9973E-05 0.249774 0.0283727 0.695703 9.9973E-05 0.0258507
0.0545358 0.12363 0.125739 0.0417158 0.0374189 0.115205 0.501755
9.9982E-05 0.0176404 0.0999623 9.9982E-05 0.0663378 0.17088 0.644979
9.9982E-05 0.0371181 0.0645686 9.9982E-05 0.234961 0.024479 0.638673
0.0302429 0.0643738 9.9991E-05 0.0168883 0.06241 0.0487688 0.777216
0.042207 9.9973E-05 9.9973E-05 0.0684684 9.9973E-05 0.0260483 0.862976
0.0218377 9.9973E-05 9.9973E-05 0.0476374 0.17522 9.9973E-05 0.755005
9.9982E-05 0.0214166 0.248655 9.9982E-05 0.0233207 0.0596293 0.646779
9.9964E-05 9.9964E-05 9.9964E-05 0.00481201 0.184959 9.9964E-05 0.809829
0.0952662 0.0119552 9.9973E-05 0.0193786 9.9973E-05 9.9973E-05 0.8731
0.0857855 9.9973E-05 0.0891444 0.0259347 9.9973E-05 9.9973E-05 0.798836
0.00347378 0.0383545 9.9982E-05 0.00540455 0.138189 9.9982E-05 0.814378
0.0468344 0.0649082 0.0351805 9.9982E-05 0.0626342 9.9982E-05 0.790243
0.0812319 9.9973E-05 0.0912959 0.00711204 9.9973E-05 9.9973E-05 0.82006
9.9973E-05 0.0740432 0.0875591 0.0419691 9.9973E-05 9.9973E-05 0.796129
0.0394412 9.9982E-05 0.0913308 0.0704377 9.9982E-05 0.000748037 0.797842
9.999E-05 0.0440163 0.164314 0.0829739 0.374255 0.224106 0.110235
0.00201719 0.0404695 0.203972 9.9982E-05 0.583845 9.9982E-05 0.169496
0.0701128 0.00720163 0.455262 9.9982E-05 0.369936 9.9982E-05 0.0972874
0.0461184 9.9991E-05 0.165279 0.0225752 0.631582 0.0768298 0.0575157
0.0939483 9.9982E-05 0.324896 9.9982E-05 0.261694 0.190084 0.129177
9.995E-05 9.995E-05 9.995E-05 0.9994 9.995E-05 9.995E-05 9.995E-05
9.9973E-05 0.0588629 9.9973E-05 0.0278004 9.9973E-05 0.199375 0.713662
0.0953105 0.0621064 0.122521 0.000424406 0.615166 9.9991E-05 0.104371
9.9973E-05 9.9973E-05 0.0747143 9.9973E-05 0.568661 0.233805 0.122519
0.141085 9.9991E-05 0.0457101 0.0146041 0.249568 0.24352 0.305413
0.0428649 0.105696 0.0757514 0.034911 0.136324 0.522313 0.0821397
0.0114811 9.9973E-05 9.9973E-05 0.00355132 9.9973E-05 0.89631 0.0883573
9.995E-05 9.995E-05 9.995E-05 0.9994 9.995E-05 9.995E-05 9.995E-05
9.999E-05 0.0715332 0.329999 0.0706514 0.107512 0.200263 0.21994
0.188968 9.9982E-05 0.346056 9.9982E-05 0.0390695 0.301626 0.12408
0.0568153 0.0257511 0.273079 0.0290007 0.101614 0.156371 0.357369
0.845442 0.00955054 0.0874763 0.0194446 9.9982E-05 0.0378866 9.9982E-05
0.50357 0.376467 0.0461728 0.0109236 9.9982E-05 0.0626668 9.9982E-05
0.424666 0.416216 0.15787 9.9973E-05 0.000947377 9.9973E-05 9.9973E-05
0.354505 0.358601 0.104917 0.0368251 9.9982E-05 0.144952 9.9982E-05
0.138356 0.706787 0.0448128 0.0470549 9.9982E-05 9.9982E-05 0.0627894
0.430551 0.497811 0.0123086 9.9982E-05 0.0214821 9.9982E-05 0.0376471
0.0900742 0.665113 0.141295 9.9973E-05 0.103218 9.9973E-05 9.9973E-05
0.529104 0.34478 0.111491 0.0143258 9.9973E-05 9.9973E-05 9.9973E-05
0.982698 9.9955E-05 9.9955E-05 0.0168021 9.9955E-05 9.9955E-05 9.9955E-05
0.143502 0.62624 9.9982E-05 0.0401702 0.03435 0.155538 9.9982E-05
0.325649 0.344148 0.068678 0.0298656 0.0460301 0.185529 9.9991E-05
0.9994 9.995E-05 9.995E-05 9.995E-05 9.995E-05 9.995E-05 9.995E-05
0.109664 0.561725 9.9982E-05 9.9982E-05 0.100182 0.193071 0.0351584
0.0829359 0.206833 0.0426586 0.0653829 9.9991E-05 0.590184 0.0119053
9.9982E-05 0.102024 0.0225204 0.0194222 0.113376 9.9982E-05 0.742457
0.00598424 0.0183301 9.9991E-05 0.0296834 0.236925 0.0101684 0.698809
0.0435591 9.9982E-05 0.0483985 0.0220305 0.133053 9.9982E-05 0.752759
0.142362 0.565151 0.159782 0.00978907 0.0107923 0.0942617 0.0178614
0.161091 0.351534 9.9973E-05 0.0778455 9.9973E-05 0.409229 9.9973E-05
0.21235 0.605334 0.0431344 0.0148416 0.0325957 0.0373659 0.0543782
0.216787 0.521361 9.9982E-05 0.0462172 9.9982E-05 0.200402 0.015033
0.00351198 0.873284 0.0307442 0.0342005 0.0482413 9.9991E-05 0.00991806
0.145663 9.9982E-05 0.0121972 0.00303738 0.251002 0.5879 9.9982E-05
0.114736 9.9973E-05 0.239792 0.0133608 9.9973E-05 0.631812 9.9973E-05
0.155342 9.9973E-05 0.230622 0.00108801 9.9973E-05 0.612648 9.9973E-05
9.9955E-05 9.9955E-05 9.9955E-05 0.0346787 9.9955E-05 0.964822 9.9955E-05
9.9973E-05 9.9973E-05 0.0940163 0.044816 9.9973E-05 0.773684 0.087184
0.0510001 9.9973E-05 0.0159439 0.0239999 9.9973E-05 0.908756 9.9973E-05
0.0410984 9.9982E-05 0.0589556 9.9982E-05 0.0594189 0.742934 0.0973932
0.132574 0.536257 0.111281 9.9973E-05 9.9973E-05 0.219589 9.9973E-05
0.151358 0.249954 9.9982E-05 0.127855 0.161575 0.309057 9.9982E-05
0.424125 0.354069 9.9982E-05 0.0269128 9.9982E-05 0.159862 0.0348307
0.299862 0.490476 9.9982E-05 0.0593318 9.9982E-05 0.063483 0.0866473
9.9964E-05 0.730959 0.247706 0.0209352 9.9964E-05 9.9964E-05 9.9964E-05
9.9982E-05 0.0615227 0.154044 0.0170846 9.9982E-05 0.121865 0.645284
0.121965 0.174722 9.9982E-05 9.9982E-05 0.0907709 0.485049 0.127293
0.0320334 0.0959961 0.0334066 9.9973E-05 9.9973E-05 0.838264 9.9973E-05
9.995E-05 9.995E-05 9.995E-05 0.9994 9.995E-05 9.995E-05 9.995E-05
9.9973E-05 9.9973E-05 0.195347 9.9973E-05 0.532754 0.144094 0.127505
0.0618344 9.9982E-05 0.0178013 0.0372299 0.794607 9.9982E-05 0.0883276
0.0917338 9.9991E-05 0.399317 0.029198 0.280303 0.053781 0.145567
0.0180775 0.125638 0.403283 0.0292249 0.0949369 0.112709 0.216131
9.9973E-05 0.0792016 0.389882 9.9973E-05 0.437262 9.9973E-05 0.0933542
0.18577 9.9964E-05 0.0270084 9.9964E-05 9.9964E-05 0.786822 9.9964E-05
0.077825 9.9991E-05 0.0120331 0.00753572 0.201938 0.154643 0.545925
9.9973E-05 0.193069 9.9973E-05 0.0591213 0.0717114 0.675798 9.9973E-05
0.0291301 9.9991E-05 0.212223 0.0356693 0.14908 0.364317 0.209481
0.0286677 9.9973E-05 0.277089 9.9973E-05 0.570727 9.9973E-05 0.123216
9.9982E-05 0.0277553 0.561719 9.9982E-05 0.213903 0.122226 0.0741965
0.0355765 9.9982E-05 0.157152 9.9982E-05 0.486185 0.199289 0.121598
0.108048 9.9964E-05 0.876135 9.9964E-05 9.9964E-05 9.9964E-05 0.0154175
0.0282684 9.9991E-05 0.677213 0.00843384 0.0647744 0.197948 0.023262
9.9982E-05 9.9982E-05 0.482764 0.00178548 0.228815 0.169106 0.117329
0.194218 0.0594756 0.133556 0.0252683 9.9991E-05 0.578404 0.00897808
0.12473 0.091193 0.126907 0.0764136 9.9991E-05 0.524698 0.0559579
0.0451612 0.109136 0.0625886 0.0726297 0.00764434 0.682384 0.020456
9.9982E-05 9.9982E-05 0.245942 0.00431538 0.0506977 0.528783 0.170062
0.0528309 0.0559187 0.126362 9.9991E-05 0.142583 0.459374 0.162831
0.058624 0.00567053 0.304114 9.9982E-05 0.230237 9.9982E-05 0.401155
0.187923 0.637223 0.119342 0.0115506 0.033193 9.9991E-05 0.0106691
0.223617 0.492056 9.9973E-05 0.0195052 9.9973E-05 0.264521 9.9973E-05
0.228998 9.9982E-05 9.9982E-05 0.0108922 0.194624 0.491588 0.073698
0.271698 9.9982E-05 0.308174 0.0276197 9.9982E-05 0.259708 0.132599
0.196352 9.9982E-05 9.9982E-05 0.0410694 0.243687 0.38617 0.132522
9.9964E-05 9.9964E-05 0.0596553 9.9964E-05 9.9964E-05 0.271708 0.668237
9.9973E-05 0.654932 9.9973E-05 0.0274208 9.9973E-05 0.270148 0.0471985
0.45305 0.283872 0.0767235 9.9973E-05 9.9973E-05 0.186054 9.9973E-05
0.277645 0.204274 0.0746978 9.9982E-05 0.0482641 0.394919 9.9982E-05
0.0434826 0.0439656 0.030406 0.0776477 0.400108 9.9991E-05 0.40429
0.0473861 0.00165712 0.0494404 9.9982E-05 0.690247 9.9982E-05 0.211069
9.9991E-05 0.0332118 0.215095 0.00926105 0.567247 0.157562 0.0175235
0.0353061 0.0574861 0.099911 9.9991E-05 0.738133 0.0367165 0.0323472
9.9973E-05 0.0236412 0.21408 9.9973E-05 0.40594 9.9973E-05 0.356039
9.9991E-05 0.0337897 0.0161087 0.0168415 0.737173 0.0670744 0.128913
0.0354292 0.00220115 9.9964E-05 9.9964E-05 0.96197 9.9964E-05 9.9964E-05
0.0174743 0.0704072 9.9973E-05 0.00322007 0.908598 9.9973E-05 9.9973E-05
9.9982E-05 0.0643634 0.223866 9.9982E-05 0.328048 0.0532905 0.330233
9.9982E-05 0.0024797 0.744488 9.9982E-05 0.082444 0.0541012 0.116287
9.9982E-05 9.9982E-05 0.560246 0.0170333 0.148174 0.108969 0.165378
9.9991E-05 0.00505791 0.692867 0.0114353 0.083126 0.113099 0.0943145
0.0995706 0.0291978 0.268065 9.9991E-05 0.324793 0.0623082 0.215965
9.9991E-05 0.104268 0.676381 0.0471506 0.114623 0.0306699 0.0268078
0.0365527 9.9991E-05 0.513807 0.00733779 0.0499092 0.183062 0.209231
9.9991E-05 0.0292642 0.0292863 0.0149759 0.827241 0.0776528 0.02148
0.00253918 9.9973E-05 0.165273 9.9973E-05 9.9973E-05 0.0903575 0.74153
9.9964E-05 9.9964E-05 9.9964E-05 9.9964E-05 0.17735 0.0456139 0.776636
9.9964E-05 9.9964E-05 0.117654 0.0247306 9.9964E-05 9.9964E-05 0.857215
0.0462252 0.0641617 0.0637019 9.9991E-05 0.0788969 0.0460423 0.700872
0.0577073 9.9982E-05 9.9982E-05 0.00202039 0.150636 0.060777 0.728659
9.9973E-05 0.0869528 0.154427 9.9973E-05 0.571826 0.186495 9.9973E-05
0.020678 9.9991E-05 0.377645 0.0219053 0.436916 0.0296298 0.113126
0.772695 0.224692 9.9964E-05 9.9964E-05 9.9964E-05 0.00221326 9.9964E-05
9.9982E-05 0.843545 0.00379886 0.0159434 9.9982E-05 0.0722644 0.0642485
0.179017 0.708938 0.0618998 0.0109464 9.9982E-05 9.9982E-05 0.0389987
0.0388684 0.624236 9.9982E-05 9.9982E-05 0.000275231 0.308512 0.0279081
0.0278151 0.862063 9.9973E-05 0.00702323 0.102799 9.9973E-05 9.9973E-05
0.260715 0.614324 0.000978726 9.9973E-05 9.9973E-05 9.9973E-05 0.123682
9.9973E-05 0.904612 9.9973E-05 0.00322696 0.00142787 0.0904334 9.9973E-05
0.545811 0.356468 9.9973E-05 9.9973E-05 0.0244227 9.9973E-05 0.0729987
0.364233 0.534404 9.9973E-05 9.9973E-05 9.9973E-05 0.0420593 0.0590032
0.414632 0.46861 9.9991E-05 0.0138361 0.0399599 0.0401944 0.0226676
0.0970771 0.7284 0.141742 0.0238559 9.9982E-05 0.00872455 9.9982E-05
0.189494 0.587677 0.0529431 0.0426724 0.0241495 0.0842729 0.0187908
0.188297 0.609824 9.9982E-05 0.0192219 0.168511 9.9982E-05 0.0139459
0.241814 0.670548 0.0112391 0.0228108 9.9982E-05 9.9982E-05 0.0533886
0.180758 0.639371 9.9991E-05 0.0103024 0.0113844 0.116768 0.0413158
9.9964E-05 0.921269 9.9964E-05 0.0258331 0.0524984 9.9964E-05 9.9964E-05
0.0498217 0.844467 9.9973E-05 0.0103596 9.9973E-05 9.9973E-05 0.0950515
9.9964E-05 0.148556 9.9964E-05 9.9964E-05 0.0911414 0.759902 9.9964E-05
9.9973E-05 0.00058389 0.0171117 9.9973E-05 0.0988878 0.883117 9.9973E-05
0.1546 0.725993 0.0229574 9.9982E-05 0.0559218 0.0403278 9.9982E-05
0.537958 0.204593 0.0571817 9.9973E-05 0.199967 9.9973E-05 9.9973E-05
0.9994 9.995E-05 9.995E-05 9.995E-05 9.995E-05 9.995E-05 9.995E-05
0.157384 0.00421754 0.127657 9.9982E-05 0.0826484 0.627894 9.9982E-05
9.9964E-05 0.0724742 9.9964E-05 9.9964E-05 0.872993 0.0541328 9.9964E-05
9.9982E-05 0.0147058 0.046291 0.0259846 0.785388 9.9982E-05 0.127431
0.0828315 9.9973E-05 9.9973E-05 9.9973E-05 0.385797 0.0850436 0.446028
9.9982E-05 0.0391214 0.0270133 9.9982E-05 0.271196 0.097032 0.565437
0.0669773 9.9973E-05 0.138961 9.9973E-05 9.9973E-05 0.0528758 0.740886
0.117903 9.9973E-05 0.0482618 9.9973E-05 0.0524835 9.9973E-05 0.781052
0.0442074 9.9991E-05 0.134062 0.00524305 0.12864 0.00348332 0.684264
9.9982E-05 0.0417691 0.182592 0.0265262 9.9982E-05 0.0658898 0.683023
0.0632028 0.0166784 0.0196385 0.0291186 0.0150363 0.143913 0.712413
0.0522716 0.0395356 9.9982E-05 0.0544824 0.161152 9.9982E-05 0.692359
0.0533373 9.9991E-05 0.00653728 0.000508637 0.843505 0.0170896 0.0789223
0.130565 9.9991E-05 0.213591 0.045032 0.54999 0.0061512 0.054571
0.0852709 9.9973E-05 0.872864 0.0406219 0.000942804 9.9973E-05 9.9973E-05
9.9964E-05 0.053617 0.860802 9.9964E-05 9.9964E-05 0.0851808 9.9964E-05
0.043382 9.9964E-05 0.950329 0.0058894 9.9964E-05 9.9964E-05 9.9964E-05
0.0447239 9.9964E-05 0.756094 9.9964E-05 9.9964E-05 0.198782 9.9964E-05
0.0789582 9.9982E-05 0.510432 0.0236448 0.204879 9.9982E-05 0.181886
0.0380243 0.0382089 0.540705 9.9991E-05 0.0650599 0.133421 0.184481
9.9991E-05 0.0322068 0.660916 0.0359059 0.0514477 0.161282 0.0581409
9.9973E-05 0.0682039 0.783078 9.9973E-05 9.9973E-05 0.017308 0.13111
9.9973E-05 0.0800118 0.818849 0.00197859 9.9973E-05 9.9973E-05 0.0988612
9.9982E-05 0.108523 0.0796632 0.115598 0.0477949 9.9982E-05 0.648221
0.639029 0.173296 9.9982E-05 0.0161818 0.0807172 0.0905756 9.9982E-05
0.33744 0.466787 0.00631856 0.0422159 9.9991E-05 0.0817985 0.0653394
9.9964E-05 0.816907 9.9964E-05 9.9964E-05 9.9964E-05 0.135063 0.0476299
0.0331727 0.713485 0.0453762 9.9991E-05 0.0173347 0.135756 0.0547756
0.106756 0.70397 9.9982E-05 0.0328464 0.0825466 9.9982E-05 0.0736808
0.144746 0.0139889 0.496526 0.0304027 0.0252218 0.0276895 0.261425
0.0767408 9.9991E-05 0.248237 0.0309749 0.366443 0.0359002 0.241604
9.9973E-05 9.9973E-05 0.691714 0.05827 0.148591 9.9973E-05 0.101125
9.9991E-05 0.0194553 0.194436 0.0510247 0.338462 0.182662 0.21386
