IBR/IBR_outputs/all.combrep_1/EucDistWater_Total.PersistForestCover_Total/EucDistWater_Total.PersistForestCover_Total.asc
NCOLS 160 
NROWS 95 
XLLCORNER 210004.651214014 
YLLCORNER 7350008.22228844 
CELLSIZE 4999.99999999997 
NODATA_value -9999 
[rows 21 to 41 of 95, columns 92 to 137 of 160]
15.8183289581744 8.61981697524802 6.60378378392854 5.93692111907064 14.9339506925564 26.1403842251772 35.9894618271038 27.0525933494269 15.7842471501627 6.69994114937213 7.60268078344851 15.5056476521917 11.3586965693222 4.40819245187894 3.53257627922646 8.71777644375796 16.8092320487755 11.4041755361794 6.76940930920468 2.61353134523654 1.95426998464546 7.05037703320406 13.5631140527284 9.49442082384094 5.02094418453484 4.44803379429209 3.99996637220907 3.51215479679749 3.5072739531892 3.90190345580795 3.42408218327337 7.9456824209579 7.84112741866489 2.94432590196027 5.04926822232497 2.80672307912842 5.95799574761395 13.3648162776131 18.8528940805199 16.3607943504534 18.0127531937483 24.3014605451413 27.7205249639343 31.7283003749976 38.6260631261877 47.7411002597127
12.8207461394387 6.01234227077726 4.62045866867679 6.02855003856166 14.0716271710623 24.6417640798654 35.9628201520752 31.0064881620437 21.1652698545049 15.02761144391 15.4013946741569 13.623448215223 5.60857712204086 4.38317596119837 4.01507637170357 9.78503032867279 19.9460286871017 20.7038342092524 13.6194114805328 5.24278166502004 2.11996930001634 4.46572235630099 11.8591658237363 16.9606895189022 14.067166988027 12.3617617970527 11.9464894015229 12.1404219790962 9.83948384976892 7.95810581428716 5.77991244285402 3.30876038502654 4.33546662357419 3.59529412894139 3.67997982253853 6.02269965890723 5.52691700846128 8.44860601838313 9.88338808368216 6.76599781637064 9.60304460958608 14.108825969574 16.3400285059241 21.1014019363086 28.6351918708655 37.0890703598864
8.49587163485704 10.2065610393202 6.94833810281799 6.15088755054814 13.5749353907277 24.2830467399616 36.6418250628534 38.6976903471816 29.7937475610283 23.4971950649818 19.9021853006427 14.8327624666572 8.45820075170689 8.90577017783455 4.32624511388902 10.1865182878106 20.772569530101 25.6011179009661 18.9116363904615 11.3494074983376 3.6819836232485 2.40221185201319 6.29145284276708 13.2441667845727 16.3282231444448 8.25499796999728 7.73158049671439 12.0579618848845 14.3211272000661 15.4895933657149 13.2283732895316 6.05776532429637 4.57165272084015 3.88259594596901 3.68872701951718 3.49301486428064 3.51294528262096 3.28710251877594 3.27482466903893 2.71267193751718 4.14917668686534 5.01546098906777 6.65867853085674 12.4659506279735 20.5025684422372 25.7660441979439
3.27175913973313 4.49323822753464 9.2758566901187 14.8739244817699 19.7332912261441 28.5367314921991 38.6427543586629 39.2380813209184 27.6828729689743 17.8759618184874 10.9452041517688 10.5934780427015 7.59734838955335 7.21827394759236 3.29534439385957 10.0512842859134 19.5258383933807 17.2343261657867 14.6156100052217 13.3191083162103 5.20146990181334 3.37091002692846 3.26196691662762 7.06678608929284 12.3208485483629 8.48585768734953 6.7087167705292 4.27202696439672 6.05417989839945 10.410690366054 14.792059567903 5.93610955547087 3.59485321987752 6.18589068326565 5.21546757382659 5.95130513367201 11.1999461540279 10.2353820552004 8.25931101998785 4.45847234368003 3.66699202911303 2.97278564978368 3.88318432221258 6.46275933385628 11.592560334125 15.4127730927193
9.90718380941355 7.53173984313574 10.0215390647734 12.2354156525136 16.5477417455022 25.0222807386116 29.3416749705303 32.0321398589192 24.439892591049 13.4321114595155 4.68342753143668 6.13900452237386 4.04721425616512 5.02605063758417 3.28569584459539 9.38960983703201 17.1298714949199 9.94921146822279 5.57846464556465 9.67010028220176 3.69830499975398 4.78775166106186 5.48081578839651 4.00711740660945 4.75166669575189 11.0229204773543 12.527208328487 7.84592526966746 3.19951645232877 8.47226079245751 13.2987829559787 6.75267648263501 3.57244831983368 7.61530206801403 3.62701020700474 5.43915852987327 13.2100607962511 10.4898623959249 9.03132824930947 12.5611118742413 10.2649870697039 5.07957831242097 3.61399344405532 3.51868170285121 4.60675830546404 6.62892734657575
15.0939770431026 16.7615616350633 10.5846502288928 4.43395861036347 10.5020047336245 16.041335198367 17.8712818711798 21.0452985864994 21.8209556267282 16.2477729846288 10.1409336949067 9.1907597541346 3.93976810409336 4.9457771324064 3.92883625361549 9.46989822817707 17.1250986601824 9.61576465909122 3.32397673138876 6.6143690613499 3.87600492496046 9.52819576991253 8.69643051206491 2.93738469228045 4.47030669605613 9.84124405556008 17.623247539798 11.0434207830049 5.35934975906885 4.42919119011383 8.44794646626586 5.41862605090274 3.40878624955485 3.88351916477387 4.3618655738333 3.99913898802162 9.51608701461485 7.59068789585321 5.93644454646477 14.4825657318776 18.2063202959235 10.3824900924422 3.59167875602995 3.22569183867024 6.11804235690952 3.5479935972702
10.80001780486 18.3596504770155 13.1938819114983 5.34101022133583 5.80675659100158 6.17351607601708 8.34642856921472 10.5311418540266 13.4631453525795 14.1380562391626 13.8150277833699 14.5967444812867 11.2955529405429 8.56458555517924 3.58074185496511 8.94481078325773 12.6260173642627 9.44043704881206 6.65973998052063 8.41729179223156 3.10217232606987 4.5420514398624 5.58913527753404 4.28694806251703 3.20411466159125 9.66407865767828 17.9646934291489 18.2518426185005 14.3704613098127 10.3255842200683 5.65085396373465 5.18174844460194 3.18796931665862 3.26386427670854 5.30409854432118 3.53626446589879 4.36410473131161 7.54670074722405 3.89856196772897 11.1096807581516 19.947509015541 13.7107431768225 4.32405140995573 3.33181352013661 6.46000985301033 8.11506849180302
5.22136662895501 12.2657850275152 15.1437508372887 9.87752788112096 4.40156904968228 3.86918209504862 3.57335503986947 4.65256621734784 6.94689490289971 5.93555715922707 6.97300505093025 16.0470586695315 17.5045598857779 8.06431813808682 2.96218553634004 3.90464337691072 4.71762936419527 4.43830733020303 5.47926456794053 5.84419919839895 2.82870232744368 3.24159418935823 4.74854572788667 4.05918257168568 3.56528636311183 4.47194977810611 12.6727224041849 22.7383198505992 22.5278526126454 17.1673144384711 11.6633245544686 9.62346366591452 3.65024358183985 3.27297026484635 3.7232402983989 3.93922355712647 8.19620472181045 11.4998293423688 8.09823863383003 13.0236031948803 17.7606107390927 11.5157714397247 4.34022771450334 4.954094931435 8.56486478506988 13.143005435737
2.66949403958231 4.62031366003772 7.45837502931512 10.0915008544488 5.10299952037212 6.89307067107664 5.70412827035845 4.90059244216443 4.42894850280491 4.61067906449432 7.61120802292438 10.3726987248491 15.2368481516655 8.12534945581625 3.45759982314975 5.07729287632403 3.35159359895757 4.52077534437736 5.28409370902141 3.78352707155141 4.25006589697455 2.6995089956629 4.91687210195448 3.77065135847986 5.0823494122859 3.84018665958478 10.648893582831 18.3260322339548 17.1800090018648 11.0988203592707 9.13379519462463 8.65414160818335 5.93151628345958 7.20121253344643 3.35137742354993 3.02450194837336 6.65807946226733 12.3973234101647 13.5725565385157 14.638448829976 9.14655342115841 6.32778502079458 3.80935846608587 6.07545584342576 9.68973779745705 14.2057903977953
8.92939746097439 3.90835801234295 3.4917733894541 4.03857203692108 9.97160712829774 12.6311922485773 13.38702946153 9.86362256941184 11.6803496223466 10.9433754822429 5.4647718462328 5.17163474498987 10.1148302114906 5.85393978188504 7.34244176076874 11.8829044273887 6.15882778238119 3.38331438734194 2.96337070349517 6.92225550923761 4.68832631365693 3.21223298143143 3.80798685590541 3.71634609549523 8.75950666447995 4.76470489223217 7.14711330879114 9.63349715392192 11.9248524186449 5.05402355754724 3.53672968427855 5.08646020863572 4.0992689643395 5.01569708583787 3.25502018899544 3.94249175234667 2.8237638182004 5.11668602377069 5.77580524464588 7.71598845734885 4.16346011699692 3.22969832626236 6.77913874194259 7.24030724254655 6.57120805156342 14.3106138450738
15.9308464330443 7.75379275409556 5.00341683171486 7.59344464148986 8.52113657194372 6.69782968896316 13.4636759822651 15.8219188819704 14.0783352411883 8.65442567290311 3.26147181448785 7.39756639973557 4.58326221359236 2.8115564358531 5.8640698435023 9.63619192769719 6.31685458662367 3.33539857921727 2.80638413300373 2.97895999748353 4.65206959357372 3.3798711699023 3.52113554337847 3.89754192739188 9.8082919186798 4.62256344838484 4.75936909210537 4.55042294433649 5.70163197749585 6.82468431194843 4.67071891321359 4.55990282711095 4.55308117466324 6.17110817693653 3.50815425616089 6.2832104590191 5.33022160885192 3.17845572451104 4.74647411687656 3.36750098338098 2.85513697072036 4.85951707063217 12.191654072696 9.95603340492328 9.33684220118229 14.1617488396078
10.9963011215147 10.9988294065908 6.82858762701397 4.37975158965211 7.83051743540289 5.65792740091908 5.35616065872373 8.94086644477787 6.0750305564275 4.98064926933582 3.57754873095292 5.11800569034434 5.53888305197972 3.30586682727598 3.1128955503202 3.72018921177378 7.05052564630264 3.71412365392212 4.30350628941562 3.2962648536721 4.61076254890166 2.72251110995985 3.8744611432028 5.28555363215704 9.38151271500614 3.69868996260544 4.11858535010618 3.88778241749944 3.12793978289618 3.37900587396585 3.10646552136396 5.09842277656783 6.27739761419153 6.04256533129076 3.95901266284847 8.41879132401109 6.7676255048294 4.79280341218407 10.2886970788878 5.64802755348764 3.84151258056743 6.92924867118502 16.0158333990584 18.5480361517147 18.3828062889403 13.2684047746422
4.31490568416341 9.05604354925803 11.1519290106988 4.06261519134143 5.84069157981323 4.96194202674897 4.92993111785539 7.06036349507758 3.43298563172238 3.5733747779968 2.93917430039544 5.2341573068942 5.66588139757579 3.96568010428723 4.53656609888435 4.6954971668428 5.7575238488605 6.4571618699599 3.61414881584121 3.67238699354624 5.25328897107544 3.6520385792206 2.82477112890009 6.39245730197635 4.81441116793666 3.35665234373237 4.23177414763067 4.73801375182604 4.79126650717698 5.74371191521955 6.1261168770755 4.56377844540761 3.60327527574346 4.64022333916957 7.42504486062826 9.72022896572555 11.4891437893124 10.2068466191505 5.93120050832261 4.06582675166612 5.26826248754087 5.43624214422229 12.2708957947639 13.6721275207458 17.215177448783 12.1352749666293
10.3359049338365 9.37023898253438 10.5537152865486 5.42869432285462 3.17864022773425 6.0481787741781 3.96662727972737 7.00211795800659 6.38315270464182 4.98094246442205 7.30508123535446 4.61372477614662 4.29959246294733 3.71525576982887 3.29756876702981 6.04085040492867 5.71243108980875 4.15880122643817 3.22965996705287 7.25597047295231 6.9854107289294 3.09043847090123 3.61326645229089 10.2414200118503 9.02902555237919 8.66662777461423 7.74598771992625 9.49692110884778 4.40570216490091 5.39416671256087 9.09437511801301 5.10423485242352 5.88762543731312 4.30305571618537 6.72447770112335 4.79390439724577 9.58079143111094 10.6282627858086 3.61804918861405 4.45291447264223 9.83855132576795 8.99401349011074 8.52286723245659 4.96901952046057 8.880033514558 14.0374032848797
11.5385826174988 5.44860600944676 5.83116735340274 5.80708914454839 2.85917978660761 6.75451328108042 4.76008707694265 8.52135103446904 4.84621346700267 5.39423537227268 8.14228423580032 5.37980807288854 3.01190065588075 4.24785169365739 4.56104741578026 8.48242549335325 9.03306352584859 6.97419504989146 7.10831332350015 6.46936898569967 3.79673025099922 2.87716940622233 4.21325822196954 10.4711920074808 6.61855293406295 5.69550977346198 4.0722227875273 5.8944296647734 5.66830007346435 4.26019990670264 5.34838910367743 6.87235333937952 12.396336252024 9.41929375714784 10.4065019735645 8.07202098087068 4.16195078623429 6.25472887745797 3.2413146965493 7.53784370165981 7.91975328870433 13.5702348851353 9.604783465837 3.92496775354362 7.06697677775617 8.00793136775398
13.3953564944912 8.1251603150936 5.86344935552912 8.64727330493382 4.16075189352754 3.82121066261042 4.99857218118017 7.36184278899718 6.60747752101049 5.17752343930133 5.43086105710454 4.47993290272599 4.84178725924969 4.97716316349664 3.63832684338729 4.61618456412438 6.12355255612114 2.8882526183149 4.69200000151875 3.06433143740735 5.37670944740682 3.12182989844181 2.78007557791931 5.28011644814972 8.92708057934392 8.37388742248408 4.23699759228604 5.02782786009061 6.51239832303445 2.92979691035144 5.42700734287393 11.1105891651401 12.8073104558686 11.6890521205915 5.91121601187818 4.90554022651991 5.46789715712485 2.9266204588797 4.66785390052724 8.66460713921736 5.82062568581057 12.7726981100653 10.5572423717662 4.8811222322821 7.76867854192143 2.96771296946727
20.6052789738239 15.6885329332889 13.4465141355471 7.9710554248658 5.5109285886499 4.79933847281507 4.0005752752697 4.7813621136806 11.0396421278117 8.5439775301253 8.23576726537948 9.48065052911169 6.32375836846275 4.67419803891137 3.89363151441825 2.88927498101278 3.57351987671852 3.74974989489088 4.88805126532318 6.3092722402667 3.17871079894618 4.78604919679866 4.31781209061539 4.53951672695493 5.67947489914416 10.1524226655768 9.54734354523806 7.43752247167793 6.60806969516698 5.83140475546195 11.030570991364 13.7379815765334 5.62314571186366 7.0299566695197 3.63604571752925 2.44058683077639 3.02185006212479 3.53468709446077 3.56198808460421 10.2187267587225 9.14951667126799 7.58062937270658 8.5422450520386 5.98917673668677 5.63871823843481 4.95987510635117
29.977731127962 25.0769436577154 18.5923125337402 10.4665027644685 9.09494997698476 10.5602437572098 4.94228698664496 4.94786099675834 12.5937479483422 15.3995420581661 8.25074976002315 3.94577614629852 2.62766005693033 4.82318294845701 5.77984595378917 4.02450134650324 4.20309230347952 3.74678608226687 5.1099703616724 7.71328900371775 3.610657472552 5.75011541181349 3.49871685646118 6.66458640225192 4.50987634828105 5.06921087041505 12.7376680315604 9.29720966542724 4.73376378424404 7.66900217091023 8.86703960393059 14.7648645164372 10.2352679877873 8.95032182154733 3.47103240162816 3.90063204302394 7.45913692845876 6.27987219236857 6.39094076095936 11.713086216503 6.84379904177184 2.94287650007628 3.82274247670262 4.21147516498366 3.59153350289107 4.80851349085857
28.3294721838374 21.4953964272373 13.6242188849509 11.8852709218414 16.2330528987155 13.3192880590454 5.31652171456697 7.24351343839067 7.35495525510823 13.2299444763345 9.21971630820879 4.95685947088405 4.22880938116107 4.82492691042118 5.23924653050756 4.55376055337406 9.1300455372869 7.3409051548812 4.40326227547213 8.35142676353633 6.4833782454833 3.72333700199758 3.16378605141182 3.26645053645094 6.38570279295605 8.34592486459791 14.1266814167934 8.35156998257283 5.40247742614049 5.93389375358754 7.20151899844532 10.9958042298607 10.5626311822353 5.81193288512033 4.04092459862179 4.02523637619499 4.58858846933035 4.6703755688608 5.81824100103929 5.91540272340025 11.8888428944284 10.6669018239225 8.65836475480061 5.19238560476965 6.04055716724749 6.17093824819634
21.0724965578121 17.8396411943723 7.7313000549669 4.95068218847505 13.87851747622 18.3097038567745 13.7265715062374 8.9953501501967 4.11567147566464 8.88542313525409 7.3389403669032 4.51620188696462 4.27235501236534 7.08381986926125 6.55677988874443 5.70598522403068 5.44400290964375 10.9669862451989 6.84858046503071 8.52060657848769 12.7272398606918 9.48713257383132 3.8479102269143 5.13998197996101 3.27461301954795 7.90322139322521 14.0211554191061 10.6038039600892 6.2836133539798 2.97565239252594 5.18234162400186 3.58273502460472 3.78064366832121 3.30533639476773 4.56030284133145 3.38289232626713 4.76659275261557 6.29110912614287 3.06812805962058 5.36776365237851 11.0514653332517 12.7961136785362 8.21618931867577 5.43846788771569 4.89717623228989 7.45720458182056
12.4388703992909 17.331296127912 9.13623824072909 5.61328308034242 13.4982189422771 21.8232372374594 21.4266644693452 13.5965889530621 6.24759855801152 4.2249353019291 2.59586323019309 3.94315200897805 3.44692538370338 3.96039810781884 3.97593555908719 3.00443579126579 2.61409659315441 6.38109966258175 9.4677809474615 6.41672358945438 8.96266500038633 5.17854342862298 6.08884904636137 9.78592110501535 7.41228774415069 3.31480613747799 6.36156282039325 7.67934408841136 9.54932455608417 8.98269457068438 6.93848539135885 3.60646789370221 6.5421478406293 7.07000985247276 3.43778312243184 3.12971729371546 8.49117615289841 6.21021858651046 2.88508403195269 4.44380912816763 10.0333789344718 8.39351679729895 2.98674245204436 3.92934394938645 6.92640180142061 8.63477706743059
