0,8.68671722440587,10.5565757719705,10.6930402195305,12.3973238369169,13.8792809185446,17.2782902171968,14.3327447003867,32.3481650067402,33.0467390877938,68.740675702294,39.6588146953149,36.3653890457456,35.4040666458801,35.4044811670453,39.9126933565235,39.7888829638299,33.5359652886983,35.6353069609727,40.0099111130895,32.508172507978,30.2410885306783,30.9060473691098,40.1874629182333,56.3225318805728,65.2533939887129,47.8711129740131,50.3785084810708,40.0272638685938,30.5995574042877,28.8389508285189,33.888601491943,42.736292643944,49.9477635673308,39.2089381153795,35.8922993300195,51.6157559303254,52.014342528988,50.4924438965018,52.9985203912885,54.96068905189,58.4627782415594,54.4511300455905,54.7059825274559,58.5757235323559,55.1084552406974,59.0843972620934,58.2851686580751,61.2531270034831,55.3149843266631,55.200526837163,39.8401772907868,43.2523787968528,37.4912062088623,42.5807989086382,35.3028073316102,37.8861483674654,35.9389476972683,24.1652778476889,36.7371560884157,30.5758134607574,31.6183621244556,25.2620418533741,38.0077768802485,23.1684603541647,36.7833123127917,55.0770698464658,57.5454829496294,55.6922872884865,54.7439417327548,57.1957882717823,54.0326297319226,60.8054859671006,63.8440259183144,80.0596953261583,28.9717867484595,31.3569610365319,70.3498633802947,30.2159743065357,26.4966246945437,33.3503853382424
8.68671722440587,0,11.283386366574,8.98909990875153,9.26907743711098,13.8663847116386,17.0393146911178,13.4501611119088,31.1895368583357,31.8895374459124,68.3487595256899,38.5083939699086,35.212415524748,34.2490087424653,35.0869720015261,39.580862234125,38.8979550939076,32.6894385811508,34.7551448919616,39.1604024487544,32.293849893944,30.0958362934119,30.7655831550495,39.6270451383348,55.973893744674,64.8993022915042,47.198446096188,49.7484472750559,39.7306022431861,29.485542151083,27.7241438016702,32.7596000979649,42.3886047088561,49.8173464538177,38.8707281187041,35.5560671755744,50.474348584345,51.6403429808543,50.1195166852894,52.6243416109374,54.576203332802,58.0779209740974,54.0654211583293,54.319808401874,58.1926967468209,54.727855135795,58.7025238614794,57.9037048959643,60.8718030681177,54.9330283655366,54.820646581661,39.2210026211528,42.6593354240049,36.9064634526762,41.8518109850482,34.8471356174908,37.4393594878547,35.4783144957364,24.2503034168303,36.665554791757,30.5889156452349,31.6287674414739,25.3758519574935,37.1267466878933,22.2982882572243,35.9962848184601,54.708954203014,57.1783344395955,55.3246685653463,54.375846065021,56.8055407801551,53.6426765229785,60.4199034454179,63.4585974690262,79.6612168580583,28.4186732953347,30.8220143226193,69.9628448053646,29.8458284497046,26.6974341769022,32.1731532652449
10.5565757719705,11.283386366574,0,14.4718659268514,14.8228531405615,11.6778297647791,16.3114608779102,12.8718923505935,33.5525072848385,34.2473249975839,69.7095001777245,40.8984643317134,37.6013714596092,36.6243228922706,36.3653421908321,40.8630825893854,41.2134926804756,34.9523262993402,37.0546693919699,41.4292173812347,33.9239822496796,31.5967770887882,32.2793141077495,41.074954510036,57.3221449428019,66.2463595245666,48.7718645729871,51.2706211145943,41.0340558326644,31.6568007102907,29.8910795137926,34.9966707092032,43.724239098642,51.1972895656673,40.1492515957351,36.8282058758387,52.8755493535267,52.9902701835083,51.4690173947736,53.9747571869461,55.930643013492,59.4328293498342,55.4204894120752,55.6754205821607,59.5480599169539,56.0819429035838,60.0574387723736,59.258208766039,62.2265288520783,56.2878639504489,56.1743881323846,41.2581126007847,44.67609912711,38.902944722133,44.0127927080572,36.683879028166,39.2817230506322,37.3462024682752,24.4071877327495,38.1815845639595,31.9908325589395,33.1145943636059,26.7080390826419,39.417352877318,23.6921490720063,37.6409897839675,56.0578006702772,58.5268629517407,56.6733097544164,55.7246022868158,58.1641520063784,55.0010339398233,61.7765186387141,64.8149831439921,81.0244783241542,29.7873159727567,32.1800139772474,71.2811810232882,30.8973115429889,27.5656428623841,34.551971031032
10.6930402195305,8.98909990875153,14.4718659268514,0,9.08252879803217,16.3644365031198,19.171069072814,16.0628054450042,32.0890240666112,32.7927712598934,69.4628172989803,39.3709185165562,36.0788505900634,35.1318335494905,36.2090010282965,40.710747975415,39.56777229422,33.3720604179109,35.4319077140174,39.8393872357541,33.0419572544984,30.909487017633,31.5647403092055,40.8048359455053,57.0631292200944,65.9939618785343,48.3669587775468,50.9232451195068,40.8162581585489,30.5308694447209,28.7747785958244,33.7548727379841,43.4875735091301,50.722166268886,40.0084489286276,36.6973240061574,51.3155880036297,52.7487790691872,51.2274368462985,53.7325232667959,55.6894035580613,59.1910391592813,55.1790938305972,55.4334133421559,59.3039726510627,55.8382154785599,59.8132358954948,59.0144218668056,61.9822264746445,56.0438715586326,55.9307091572545,39.9191106214524,43.3539015670114,37.6138776996726,42.5253540887945,35.5955120954828,38.1753717276015,36.2019771696306,25.8196583521285,37.4136089949344,31.382062114934,32.3491731833209,26.1684838215093,37.8149249424498,23.7653200590279,37.2021959114952,55.8135209342004,58.282379377263,56.4290018284974,55.4804711331987,57.9199849917572,54.7570901254659,61.5322178507986,64.5709744563746,80.7785013007346,29.6504804098003,32.048025964848,71.1068593741259,31.1650688274566,27.7954485776553,33.0772166938098
12.3973238369169,9.26907743711098,14.8228531405615,9.08252879803217,0,16.1814916175609,18.7510829893983,15.526523564017,30.6946091172636,31.3998949087878,68.722412746926,37.9825901640519,34.688246669285,33.7400134577055,35.5266700475927,40.0168027061541,38.418951469386,32.2623827118623,34.2921729270782,38.7274140961135,32.4927120051217,30.4018742516639,31.064424388997,39.9283595238124,56.3590623665906,65.2851301150563,47.3993657996194,49.9905117893133,40.1530087158734,29.1883306948357,27.43233231184,32.3934660641444,42.7834400738737,50.210325980539,39.3090671721574,35.9992831733504,49.934966058976,52.0230624288786,50.5026107686235,53.0066810938015,54.9549998168314,58.4563434631887,54.4436823590505,54.697633971044,58.5708580244832,55.1071002760942,59.0810800115191,58.2825930854109,61.2505287393052,55.3116411024281,55.2001887850696,39.0150041455949,42.4746484606031,36.7395782830591,41.5247768181358,34.8312344932675,37.42171488762,35.4383729857243,25.4290499961873,36.9866863638088,31.0105886485112,31.9996749750662,25.8775822945326,36.6735656206926,22.7136216849541,36.1487544184329,55.0927704437911,57.5624377164227,55.7086642119351,54.759731971289,57.1808939386681,54.0182366461542,60.7969927051776,63.8358686930194,80.0326480038519,28.7837852373656,31.1950154801529,70.3688636479467,30.4414480033082,27.4962182883109,31.6652600541086
13.8792809185446,13.8663847116386,11.6778297647791,16.3644365031198,16.1814916175609,0,12.2516666179702,11.1813467256996,33.4755962033526,34.1660836161816,69.3833728964393,40.8612189370496,37.5600634891665,36.5652968098034,36.0368174652657,40.5204174252352,41.381632433283,35.1135712985946,37.2178545820137,41.5933417877114,34.1169439956609,31.7369251527028,32.4383886161118,40.6366316492524,57.0356054282393,65.9516121880796,48.3441828838455,50.8341324692903,40.7619002124927,31.4090210888612,29.6373259698342,34.8086130847338,43.4242649408756,51.2245524652649,39.7938198191585,36.4676761165809,52.8607697764741,52.673933153293,51.1535279498068,53.6587706291678,55.6064179188141,59.1086911360197,55.095465041611,55.3504542007396,59.2267712530782,55.7622041832115,59.7370736399433,58.9378736279238,61.9066324293698,55.9673008907136,55.8551471792516,41.4288925270718,44.8537300649096,39.0687246188298,44.1936652060348,36.8231111570805,39.4366480080336,37.5125605745132,23.1535658704025,38.419546544571,32.2135248440388,33.4140568731789,26.978535372715,39.5704325871696,22.7209120958845,37.1504056054456,55.7475869578405,58.2174896036815,56.3634789144398,55.4143082268463,57.8376014351337,54.6745534776881,61.4534895525487,64.4918762109456,80.6930517093169,29.2545631863198,31.6587400326327,70.9102387524054,30.1986877891717,27.4665777430757,34.4729388993268
17.2782902171968,17.0393146911178,16.3114608779102,19.171069072814,18.7510829893983,12.2516666179702,0,13.6092588234117,34.8712333933403,35.557466147159,70.4891496568997,42.2932985295775,38.9885751651205,37.9773718543233,37.1400781787018,41.6087519651168,42.9868262261793,36.7113366300566,38.8184463775548,43.1936770187399,35.7309216985846,33.3063320144788,34.0252303350993,41.6275424594146,58.180984522243,67.0887565215772,49.3522767877593,51.8302961097093,41.9230291167488,32.6369085071645,30.8596697972886,36.0953527736231,44.5561542365762,52.6887594693716,40.868796584876,37.5373438782888,54.313065737887,53.7894169427457,52.269861657379,54.7746158755175,56.7139968334652,60.2163669155399,56.2022457608198,56.4573041138801,60.3373404172359,56.874317900776,60.8485686200296,60.0493916288911,63.0185977973028,57.0785943574722,56.9677580437131,43.0274826192454,46.4576079922685,40.6618559659553,45.8043362313179,38.3885002622681,41.0163111752039,39.1029159679603,23.221812464137,40.0777310835609,33.8643196034583,35.1285566116124,28.6774082398232,41.1623174327306,23.1015034332817,38.0951235686439,56.8692266907181,59.3399706354126,57.4855014400952,56.5358664645022,58.9429049012568,55.7799227596213,62.5623210236357,65.6006243857944,81.7935047747374,30.1376777625865,32.5545229294648,71.9690612177302,30.8812692180818,28.8547055881597,35.8689259576491
14.3327447003867,13.4501611119088,12.8718923505935,16.0628054450042,15.526523564017,11.1813467256996,13.6092588234117,0,33.0165157786185,33.7074174687056,69.6943736223211,40.4190747169443,37.1146086363454,36.1137690140966,36.43010401651,40.8998398308425,41.2197471062486,34.9895059295132,37.0644707420512,41.4671511916839,34.5410656778456,32.2302712653887,32.9325384337648,40.7717809857213,57.3897522880988,66.3006797048624,48.3541730064439,50.8916364037411,41.1703924244618,30.9528972781438,29.178214903092,34.3537377794233,43.7809416977513,51.7519601110249,40.1678805882588,36.8446184347256,52.4321929791705,53.0035348072584,51.4842133286561,53.9881353400728,55.9253755776065,59.4272301534159,55.4131672790096,55.6676380144547,59.5470023428057,56.0849294695638,60.0584692080675,59.2597162662799,62.2285795093589,56.2886279163527,56.1786080612442,41.5060818449848,44.9534420023323,39.176157694526,44.1754480899096,37.0458031553956,39.6652421078568,37.7278590133657,24.3967030931211,38.9571260434258,32.8262498533264,34.0061200957942,27.6626213089461,39.413981213313,22.3668850166206,37.0229432093738,56.0829690418453,58.5538406599717,56.699364346797,55.7497212834797,58.1504833064222,54.9877510346503,61.7711059030943,64.8096706968819,80.9974286736921,29.4026127875688,31.82743644044,71.2319445440076,30.603733090575,28.3544663082394,33.9950437528923
32.3481650067402,31.1895368583357,33.5525072848385,32.0890240666112,30.6946091172636,33.4755962033526,34.8712333933403,33.0165157786185,0,8.44444875202128,78.628833453959,23.2379840133781,19.3515606709322,15.1580771554202,46.1602620700642,50.5478233215865,43.6582602098592,37.6862868976889,39.4431273972465,44.2318309419438,44.3671790323041,42.5266670187409,43.2745145985231,48.5064244367552,66.6832258942985,75.558233284525,54.6444635699047,57.7929612915004,50.9204416534816,29.1869782766334,27.929587015071,27.584995399321,53.1205160823504,62.2467332621322,49.8056396477317,46.5236723471552,38.2519957592486,62.1078876958763,60.5976677373764,63.089112729603,64.9394521297486,68.4365979752173,64.416248149785,64.6650209148027,68.5661257614803,65.1261686450454,69.0873609979056,68.2932657675596,71.2620204146294,65.3173449360534,65.2262574307551,47.2074143667612,51.0187460985497,45.2257828666097,48.7923155415798,44.4708614761895,47.217955011567,45.1646727272101,39.6295792394073,49.9447771463412,44.3157662286313,45.643947546839,39.7836418066958,41.2705412902481,34.4657455327889,43.4945484467914,65.2325501861554,67.7115178892501,65.8532566071522,64.8997746710773,67.1065913660823,63.9470462585987,70.7673774084708,73.8080811299062,89.8772428451943,38.2343829382525,40.7039415904067,80.438885068125,41.6748888126374,41.1112657993543,20.841094443509
33.0467390877938,31.8895374459124,34.2473249975839,32.7927712598934,31.3998949087878,34.1660836161816,35.557466147159,33.7074174687056,8.44444875202128,0,79.2761610663992,24.2973761146111,20.5035580095698,16.2249412918576,46.8199606913149,51.2047241439867,44.4613059966719,38.4843479487608,40.245926864079,45.0296883114416,45.0869865891981,43.2389942351284,43.9878822981964,49.1210188292596,67.3430661079864,76.2161162694702,55.2328476853261,58.3923324433892,51.5879384302836,29.678021073732,28.4356592531514,27.9136698613287,53.7788108299682,62.9482091216619,50.4608802707509,47.1789363679216,39.2373194840568,62.7597046116673,61.249771712936,63.7409221631095,65.5885035683429,69.0855764682569,65.0649864775666,65.3136640005906,69.2156907159261,65.7763581538699,69.7372367289937,68.9432297874127,71.9120467263999,65.9671886028872,65.8766350677747,47.9707429550989,51.7783527105307,45.9846117143232,49.5693018071316,45.2113819537565,47.9584521382505,45.9074623789101,40.307647598523,50.6571677821693,45.0240094799348,46.3540350117082,40.4898034443902,42.0751882068483,35.1278857486707,44.0937584910543,65.8860970947512,68.3653369203964,66.5069379663694,65.5533165929062,67.7542573033088,64.5947805805394,71.4162769265666,74.4570084865673,90.5228270437346,38.8651138071823,41.335595717752,81.0854927465418,42.327791124057,41.801474290806,21.8489187541296
68.740675702294,68.3487595256899,69.7095001777245,69.4628172989803,68.722412746926,69.3833728964393,70.4891496568997,69.6943736223211,78.628833453959,79.2761610663992,0,86.1669751618421,82.8657932985728,81.7864427259049,56.8170751593368,60.5215048361121,85.7261260044719,79.0174064321824,81.426559113038,85.5528328839738,75.6356994241025,72.4087646665887,73.6302741450592,67.6355479597301,62.0727835252332,68.0416917236058,78.9702349096187,80.3963561650761,62.5296160385368,75.432525420933,73.7098880337339,78.988481421959,50.4305007543685,89.1679454015808,60.7457466906127,58.5793722316167,98.2158942538782,45.8483177575593,44.6119392810853,45.1939461215863,47.0902350126901,49.5585643773975,46.3194471041941,45.4453879040759,40.8390864821675,39.5858203322876,40.3937887214988,42.3401176463767,41.8634310610486,38.1166602012549,40.1086566559186,83.610234346208,87.018320839311,80.8642535134908,87.3955870319328,76.8525935714397,79.9804869217472,78.5029829320853,72.4884500406412,81.5076660812115,75.6609485590977,77.8888887996563,71.7727616129952,83.7105565383731,70.7676543427044,76.1655162404559,48.2582854697908,51.5295418827605,49.3609211434959,48.1063356833554,43.6785343684416,41.1599542364136,42.3962329273002,47.2408543394204,67.7455785253252,64.461572185037,65.9922438889831,88.2848848306907,69.7764423617289,70.4549036922244,79.8283876178218
39.6588146953149,38.5083939699086,40.8984643317134,39.3709185165562,37.9825901640519,40.8612189370496,42.2932985295775,40.4190747169443,23.2379840133781,24.2973761146111,86.1669751618421,0,12.9276984787723,20.0460528816402,53.6164070787669,58.0298737670894,49.2545988226079,43.2788740351898,44.9994297209346,49.8534090666494,51.2110480318521,49.4628872647513,50.2034650227852,56.34035102435,74.1124316877993,83.0057374177422,62.6661964846518,65.738845494109,58.2941740071483,38.1315875388581,36.7930994983263,37.3383773147846,60.5686006280479,69.2996100133218,57.3055486052707,54.0260404930177,33.0867326285141,69.6096365481343,68.0969595057417,70.5907051047144,72.4647074502207,75.9623009051897,71.9441100531113,72.1934997526837,76.0861515905592,72.6410204014955,76.6047221328166,75.8100072822438,78.7780777246673,72.8350417186391,72.7395324078361,53.3804268538054,57.2582519515887,51.4606616673225,54.7843072003268,50.9679348010641,53.7260924673391,51.645724722957,47.0738012970374,56.9196134437579,51.3502826611527,52.6742280649311,46.8661589520492,46.6184304490117,42.1247265597647,51.5339481270513,72.7188721056251,75.1954851157467,73.33843497561,72.3861795522341,74.6426731522519,71.4826198982637,78.2929686190414,81.3335281570723,97.4304027017773,46.0023236766343,48.4577716278191,88.0065500948977,49.2880957628792,48.360594335312,30.8022555050486
36.3653890457456,35.212415524748,37.6013714596092,36.0788505900634,34.688246669285,37.5600634891665,38.9885751651205,37.1146086363454,19.3515606709322,20.5035580095698,82.8657932985728,12.9276984787723,0,15.9582889340208,50.3227347500149,54.7332293102246,46.2128902484019,40.2466254981132,41.9682591692455,46.814102973374,47.9907646878631,46.2304780389414,46.9716445082532,53.0058011201187,70.823486110345,79.7146547435727,59.313284547483,62.3931637385835,55.0106413193005,34.6855280105272,33.3529110786471,33.8357748395658,57.2771778523449,66.0528775849954,54.0067022584952,50.7267494623277,32.7426793699904,66.3123708003879,64.7999667615836,67.2934707659959,69.1648407219132,72.662395523149,68.6439584109525,68.8932919798215,72.7869180996306,69.342351048128,73.3057850340631,72.5111304781329,75.4792864601154,69.5360634727256,69.4410361607344,50.2584278104048,54.1257050702767,48.3301638922628,51.6862460575681,47.8000883066704,50.5559328207328,48.4790121160856,43.7705591610355,53.679478210294,48.1018112405582,49.4250309792902,43.6099703089476,43.6384915476286,38.7942550966711,48.1740867882532,69.4233609016101,71.9002373888392,70.0430504424086,69.0906564906757,71.3416682933541,68.1816666960586,74.9931249187366,78.0336946026118,94.1275470603268,42.6709744482414,45.1282764453226,84.7006530303495,45.9707229401859,45.0846577644146,27.1204155073666
35.4040666458801,34.2490087424653,36.6243228922706,35.1318335494905,33.7400134577055,36.5652968098034,37.9773718543233,36.1137690140966,15.1580771554202,16.2249412918576,81.7864427259049,20.0460528816402,15.9582889340208,0,49.2815790164836,53.6806944970498,45.9508503641683,39.9769953858574,41.7178515884739,46.5354984688167,47.2151005150653,45.4158146996421,46.1604016981023,51.7960199148152,69.7923828760492,78.6755386187643,58.0174031011629,61.1322887617905,54.0049636689982,32.9832537548966,31.6895950535841,31.7418375472107,56.2381090081504,65.1879874454854,52.9464930761918,49.6656418126503,36.8631553753912,65.2493326049422,63.7380199650587,66.2304860243024,68.0913492032188,71.5886923848419,67.5693037297639,67.8183489143406,71.7156890791432,68.2734327008719,72.2357392812586,71.4413698145754,74.4098187509794,68.4658730697144,68.3728206149857,49.756481761704,53.5974053006425,47.8024199280756,51.2607258682326,47.1643369288686,49.9163322017183,47.8509625589614,42.7457895454223,52.8510342749358,47.2486542759162,48.574867802026,42.7378989240762,43.451706045408,37.6787157034777,46.8776040465246,68.3671295789797,70.8450500330512,68.9873275655241,68.0343912831488,70.2632930315297,67.1035227201064,73.9194144088683,76.9600549413651,93.0415322411443,41.495512903471,43.9586796092497,83.6098652262432,44.866858034277,44.1401752778215,25.1347603928418
35.4044811670453,35.0869720015261,36.3653421908321,36.2090010282965,35.5266700475927,36.0368174652657,37.1400781787018,36.43010401651,46.1602620700642,46.8199606913149,56.8170751593368,53.6164070787669,50.3227347500149,49.2815790164836,0,21.7780049798359,52.7480960184539,46.0252187702289,48.4485641926645,52.5589228893648,42.1054218660739,38.7326057458007,39.9676083891143,39.1722138191586,43.1099014364843,51.955705105496,50.1612124509189,51.5924208495529,26.115836512201,43.2500735204815,41.5112247041461,46.8025551210703,28.2629234581285,55.1712023679041,23.8611227659402,21.1461197323841,65.6203065555924,39.1196995862827,37.5492745739402,40.1351230482232,42.5664279789363,46.0987437414206,42.1202914759436,42.4108848826591,46.1788092397441,42.5891147164712,46.6369917739803,45.8076766981838,48.783181668358,42.8657704550869,42.6464435350881,50.4893533743633,53.8727683977212,47.7315290904294,54.3225902109737,43.6887620777113,46.7750679871491,45.2891918698483,38.8756539526591,47.8358784668112,41.9074583970298,44.2080359683606,38.0243051631956,50.7451024760943,37.7240576126251,44.1794346690526,42.0158034783664,44.4502240870369,42.6100681247512,41.6751027629459,45.1423927235713,41.9607928694826,48.5333477739155,51.5579954999093,68.4411362513577,31.7091998027193,33.2710560251375,59.1091299537229,36.0057199987447,36.165321763245,47.3359992467983
39.9126933565235,39.580862234125,40.8630825893854,40.710747975415,40.0168027061541,40.5204174252352,41.6087519651168,40.8998398308425,50.5478233215865,51.2047241439867,60.5215048361121,58.0298737670894,54.7332293102246,53.6806944970498,21.7780049798359,0,57.3632280971561,50.6631378233576,53.0691659879799,57.1950959802109,46.940923519189,43.6107989527385,44.8230439236684,42.7212986078119,47.6661202183804,56.3467481322781,53.9262207062798,55.2964170854826,32.8949060638134,47.5447373665165,45.8057089960003,51.1193827559753,32.7167226511156,60.1783612265566,22.1872949983941,20.8919474386192,70.0493356731197,42.9831466249118,41.4363767791859,44.0186670060873,46.2188956982086,49.7642267918567,45.7550459525541,46.0591716253614,49.9578387471926,46.4006416992902,50.4404817029073,49.6053793922462,52.5995284735536,46.6611460718712,46.4694858784102,55.2384124846166,58.6275721427701,52.5012727905682,59.0143177934454,48.5498111135182,51.617447517457,50.1116794926411,43.3380560139374,52.6189113686328,46.6791520020951,48.9423200637444,42.7485808274327,55.3637815412843,42.0783116094995,48.2645177463073,46.0561342137209,48.5106425237295,46.6594207821692,45.7131591002659,48.7919213964846,45.607918045924,52.2728916540212,55.2904822369193,72.0034960021971,35.6561442517062,37.1759279078338,60.8265471284364,40.2293619979174,40.9051077317942,51.7224803563923
39.7888829638299,38.8979550939076,41.2134926804756,39.56777229422,38.418951469386,41.381632433283,42.9868262261793,41.2197471062486,43.6582602098592,44.4613059966719,85.7261260044719,49.2545988226079,46.2128902484019,45.9508503641683,52.7480960184539,57.3632280971561,0,21.6671069107424,19.1545053498164,24.6237699331844,45.2356099585124,44.3973296944735,45.1186763442974,58.1330584670634,72.8409041497238,81.8831379712964,65.5753446780234,68.2150734350174,56.7010250144917,46.1602197131508,44.536684798613,48.185120871729,59.4823627618399,65.2467539614157,56.7955842546581,53.5537840151738,60.0443654777863,68.9107953792356,67.3797447860408,69.8891220436807,71.940408500403,75.4401195029949,71.438773827243,71.6913998713181,75.5169606819583,72.0343300228786,76.0155668940134,75.2171693740449,78.1790628040452,72.2488255818698,72.1212819536476,39.0180384968825,43.7920904133167,37.9140259147259,37.661473417033,40.5737528417726,43.5439162963097,41.1899223790007,47.4418195561209,52.6246895494466,47.7080422065835,49.1857428991658,43.8962806696236,28.4220971470047,44.2907914820897,54.9893376194991,71.9000496887734,74.3588297468436,72.5110990560194,71.5682794429131,74.1921384031697,71.0288157180448,77.764491315328,80.8046228985565,97.1023632501786,47.7238224534395,50.0503621299927,87.9431442687218,50.2753820647651,46.6877283624321,45.3578552745358
33.5359652886983,32.6894385811508,34.9523262993402,33.3720604179109,32.2623827118623,35.1135712985946,36.7113366300566,34.9895059295132,37.6862868976889,38.4843479487608,79.0174064321824,43.2788740351898,40.2466254981132,39.9769953858574,46.0252187702289,50.6631378233576,21.6671069107424,0,13.4662430109483,15.8749800537541,38.0084323542589,37.2642622722157,38.0021481398471,51.670198382371,66.0353914578097,75.0966507880302,59.1926499580206,61.8039528371813,49.8801609874144,40.0882722891042,38.4622133608324,42.146826957461,52.7059269910546,58.2078044334088,50.116384769453,46.882041100287,54.0506209542244,62.1753930470616,60.64227340692,63.1531418922646,65.2244421369122,68.7241858840868,64.7248519668699,64.9776124267606,68.7949713870685,65.3083165834001,69.2913217026278,68.4926695565626,71.4536877655172,65.5249839684109,65.3940049311311,30.316452828312,35.4887661598646,29.1168441506724,30.0902288457075,32.2492876971526,35.367273333056,33.033697731954,41.0694770775808,45.7071940440774,40.8782149920646,42.4291825328235,37.193211619379,17.7551328340726,38.0655904054249,48.7027418780696,65.1503107526106,67.6070370259848,65.76040561459,64.8186985536285,67.4832736195781,64.3196706705208,71.0469365519551,74.087128354153,90.4064139777279,41.306222702839,43.6172782111459,81.3017907792517,43.8495879637192,40.0617007911962,39.4110611162079
35.6353069609727,34.7551448919616,37.0546693919699,35.4319077140174,34.2921729270782,37.2178545820137,38.8184463775548,37.0644707420512,39.4431273972465,40.245926864079,81.426559113038,44.9994297209346,41.9682591692455,41.7178515884739,48.4485641926645,53.0691659879799,19.1545053498164,13.4662430109483,0,18.4245401480945,40.8358984939616,40.0144985827775,40.742814318497,53.8922656550889,68.5174069113827,77.5645095302168,61.3498632115533,63.9844919935002,52.3762027518346,41.9863734605854,40.3640356424904,44.0023413415186,55.1668018124901,60.880459286682,52.506880226572,49.2672035255134,55.753516393131,64.6049592622287,63.0734046980741,65.5831186776638,67.6392844264095,71.1389834545387,67.1381387734854,67.390775272036,71.2142757263568,67.730684106444,71.7123316140527,70.9138876728744,73.8755503431733,67.9456957032593,67.8173319343163,34.2403566202596,39.165991545179,33.0575524921696,33.5449813180579,35.8226548184078,38.8528298622035,36.5171741898044,43.2462099520375,48.3093711729823,43.4129344509683,44.9150558506303,39.6356667424606,21.7052074374091,40.1211094403057,50.7886578102303,67.5906378815998,70.0489127168895,68.2014550171531,67.258911639657,69.8926271473493,66.729244669359,73.4628720003992,76.5030287452397,92.8059122668346,43.4981201129146,45.8209692701639,83.6623027873174,46.0547948196476,42.43361818354,41.1709425378434
40.0099111130895,39.1604024487544,41.4292173812347,39.8393872357541,38.7274140961135,41.5933417877114,43.1936770187399,41.4671511916839,44.2318309419438,45.0296883114416,85.5528328839738,49.8534090666494,46.814102973374,46.5354984688167,52.5589228893648,57.1950959802109,24.6237699331844,15.8749800537541,18.4245401480945,0,44.5543341763589,43.8113296626927,44.5449220210833,58.1867490788977,72.5789586598221,81.6384814566557,65.7060034606133,68.3181972425736,56.4228507744666,46.5947267772439,44.9675781643931,48.6628619522301,59.2464280290658,64.7554700072487,56.6464523898911,53.4112606838294,60.6497791534742,68.7127952447378,67.1798432063242,69.6906124239236,71.7602880407114,75.2600452255709,71.2605395445953,71.513307082541,75.3313808820241,71.8450365616003,75.8279146524333,75.0292705180065,77.9903738646876,72.0615384762295,71.9308243114093,36.8926082595496,41.9816754496319,35.8099662852988,35.8904194973436,38.9653362234329,42.0402928687512,39.6844020836165,47.5614643066315,52.2251551394594,47.391860721259,48.932001932184,43.6953624801357,26.1084797262716,44.5541858064825,55.2075825219247,71.6889430651756,74.1458399170528,72.2991150876525,71.3573135261051,74.0186386245208,70.8550515604906,77.5829985031124,80.6231769665807,96.9408019551926,47.816168014899,50.1283690895824,87.8299290549156,50.3547847211875,46.5693156144921,45.9381313845959
32.508172507978,32.293849893944,33.9239822496796,33.0419572544984,32.4927120051217,34.1169439956609,35.7309216985846,34.5410656778456,44.3671790323041,45.0869865891981,75.6356994241025,51.2110480318521,47.9907646878631,47.2151005150653,42.1054218660739,46.940923519189,45.2356099585124,38.0084323542589,40.8358984939616,44.5543341763589,0,21.0716919389657,19.2877209739998,50.24259750674,62.0310967717762,71.1935687226667,58.70810065875,60.9667145189301,45.3518559854638,43.5862382122666,41.8737153028644,46.562819586538,48.7903102065875,47.4390909427875,46.5259740106235,43.3126184044709,62.8396463970878,58.5819657783045,57.0344300209651,59.5587759311422,61.7691373435354,65.2713381473593,61.2848372567821,61.5410177513779,65.308208389779,61.7913806175802,65.7889673779591,64.9867707018089,67.9437092927854,62.0246276532447,61.8678635885844,39.2738395780798,42.0467129700006,36.1491977242577,44.5485516914559,31.2416555510906,33.1728337575282,31.4332203280984,38.9951544522645,31.7685817088843,29.522642701825,32.5576222196795,28.5256607586022,43.2195261518966,38.3414775871288,49.0441463212488,61.4674539125937,63.9105969789475,62.070913718462,61.1362475947603,64.0905420424883,60.9240528827394,67.5926691275165,70.6321101086649,87.113333725123,40.017959556486,42.1778724980396,78.1620671567149,42.0054870550418,34.0637718905419,45.6167649401676
30.2410885306783,30.0958362934119,31.5967770887882,30.909487017633,30.4018742516639,31.7369251527028,33.3063320144788,32.2302712653887,42.5266670187409,43.2389942351284,72.4087646665887,49.4628872647513,46.2304780389414,45.4158146996421,38.7326057458007,43.6107989527385,44.3973296944735,37.2642622722157,40.0144985827775,43.8113296626927,21.0716919389657,0,12.9416532565766,47.3502482057262,58.7244145080471,67.8959952486886,55.976075278295,58.1766161233593,41.8653154913778,41.4621290527646,39.743054512166,44.5215738227456,45.4764130777219,40.0120795134008,43.2184091100296,40.0056703913259,61.1506878160929,55.3211192395798,53.7714997625091,56.2982215140066,58.5286594548265,62.0314980642166,58.046712830213,58.3037008874581,62.0645283343606,58.5430726108371,62.5430602343052,61.740117657092,64.6967400541717,58.7788993630642,58.6181770070693,39.2313309159448,42.2052629176752,36.1521722596347,44.2154115286321,31.1066991323196,33.4865452283805,31.9841635163511,36.3076936209214,30.3186799346104,25.9314121798805,30.3867375389657,25.4315280810536,42.3801931658261,35.9428971937495,46.4878821509671,58.1953364841741,60.6366589983795,58.797852384149,57.8640768539201,60.8607755297302,57.693753922358,64.3538811959077,67.3930648219647,83.8992150349352,37.1816252834617,39.3095322824259,74.9506629160067,39.1388370396653,30.4389165251177,43.7527190041665
30.9060473691098,30.7655831550495,32.2793141077495,31.5647403092055,31.064424388997,32.4383886161118,34.0252303350993,32.9325384337648,43.2745145985231,43.9878822981964,73.6302741450592,50.2034650227852,46.9716445082532,46.1604016981023,39.9676083891143,44.8230439236684,45.1186763442974,38.0021481398471,40.742814318497,44.5449220210833,19.2877209739998,12.9416532565766,0,48.3662206361335,60.0233132713593,69.1800457062635,56.938290889091,59.1567157319474,43.2059495856617,42.2443658469626,40.5254585328733,45.2946041913561,46.7540970738946,42.7989018561735,44.410877494161,41.1909047276705,61.8874834733912,56.5643505899483,55.0164234512073,57.541921543402,59.7559782371515,63.2588008821527,59.2723596422509,59.5292506239565,63.2968142539243,59.7786373524857,63.7771857899406,62.9744483019466,65.9317861237984,60.012694853164,59.8547716786207,39.9805712317053,42.9193743752297,36.9250569341855,44.9342175526415,32.0568722253708,34.3290632947417,32.7398306622743,37.0798875838893,29.6273125565935,25.907000892806,30.4896971953238,25.777310434124,43.1150202236763,36.7202852636349,47.3692166628883,59.4501677945299,61.8931461690844,60.0534573976045,59.1187885646068,62.0823464834691,58.9155483661716,65.5825522890061,68.6216817844466,85.1102643083858,38.1426117264378,40.2834250070199,76.1114167996154,40.0598631504073,31.2751111419506,44.499067161354
40.1874629182333,39.6270451383348,41.074954510036,40.8048359455053,39.9283595238124,40.6366316492524,41.6275424594146,40.7717809857213,48.5064244367552,49.1210188292596,67.6355479597301,56.34035102435,53.0058011201187,51.7960199148152,39.1722138191586,42.7212986078119,58.1330584670634,51.670198382371,53.8922656550889,58.1867490788977,50.24259750674,47.3502482057262,48.3662206361335,0,58.9041929982757,67.2890477813368,35.8443974346425,33.6645390835033,45.6469649292774,44.1963632660592,42.4721670173544,48.0330865962607,45.0600633589425,65.0687115786892,41.5529353163356,38.4002210402461,68.5654852632301,52.2528496638815,50.8206706574251,53.2375353474998,54.3301463857914,57.8144212835807,53.7228747210374,53.9537870504386,58.1321485705731,54.8548842379702,58.737780025762,57.9623553813612,60.953600304572,54.9567323600936,55.0046382122911,57.4570852320822,60.9201789101711,54.9360530547432,60.6253646265501,51.9242687430578,54.8228463034682,53.1237017997771,43.8412201185559,55.5530743085786,49.5793300353361,51.4724594252943,45.2587467216972,56.1539891571453,40.7137447709739,42.084587851466,55.8468143666856,58.396921778501,56.5027280587902,55.5127965173041,56.1602579174151,53.0155064463282,60.1577743796756,63.2016845224145,78.3866958012321,30.6680731853305,31.8109732283098,68.4658036693022,39.9245713727165,44.0983620444561,49.7002441859498
56.3225318805728,55.973893744674,57.3221449428019,57.0631292200944,56.3590623665906,57.0356054282393,58.180984522243,57.3897522880988,66.6832258942985,67.3430661079864,62.0727835252332,74.1124316877993,70.823486110345,69.7923828760492,43.1099014364843,47.6661202183804,72.8409041497238,66.0353914578097,68.5174069113827,72.5789586598221,62.0310967717762,58.7244145080471,60.0233132713593,58.9041929982757,0,32.9995291551291,69.8899797302492,71.3774186333314,47.1092373270886,63.8528413793844,62.1246526497659,67.3489733230184,34.0813193153006,75.2245588037712,48.4415405353078,46.2146020355616,86.0963859283785,42.5482866833382,40.6837096076427,43.1517056608036,48.4777075423905,51.8555286718302,48.2361861156991,48.372022741794,50.3608794850267,46.326974355301,50.4361821761105,49.7408060093587,52.3648222179982,46.8133612127984,46.2187921895443,70.1739554008427,73.5675342402371,67.3384988617269,74.1992297703829,62.9215204166796,66.1599721720499,64.777413527262,60.1693375402537,68.1812658799858,62.4151872524248,64.7504189444637,58.6971155772462,70.8079528703777,58.7842350411232,65.1020224077055,41.379318700177,43.2520891516278,41.7853695359845,41.2210508237131,51.1352923445598,47.977632536178,53.2779736494877,56.4074686296521,75.6409643058711,53.3077773070981,54.906648848458,78.9210983616762,57.8905511842446,57.5162802397793,67.8814930058976
65.2533939887129,64.8993022915042,66.2463595245666,65.9939618785343,65.2851301150563,65.9516121880796,67.0887565215772,66.3006797048624,75.558233284525,76.2161162694702,68.0416917236058,83.0057374177422,79.7146547435727,78.6755386187643,51.955705105496,56.3467481322781,81.8831379712964,75.0966507880302,77.5645095302168,81.6384814566557,71.1935687226667,67.8959952486886,69.1800457062635,67.2890477813368,32.9995291551291,0,78.3472906417861,79.8174666642667,56.3918579889064,72.6665838098864,70.9387062526037,76.1750618873814,42.2570286244421,84.4326628999646,57.071217257377,54.8804329426878,95.0007891029239,48.5016080811514,46.5852428103092,48.9296589770525,54.8299370885497,58.1587716469329,54.6150868941821,54.701384885728,56.1862043173659,52.0687524230631,56.1434921070554,55.527100045391,57.9956418312639,52.5842293670112,51.9215628220297,79.3215733223434,82.7169365364014,76.5037608668052,83.3002994794915,72.1677436314901,75.3816966446198,73.979450289884,69.0673593314562,77.2811021430982,71.4950738366377,73.8119130204063,67.742911109043,79.8543102163488,67.6391840658233,73.815973876657,45.3833769718881,46.9339862786423,45.7129626622256,45.3850294837015,57.3969976201202,54.251613905439,59.233326081451,62.4051101419342,82.1117041638686,62.0003141175494,63.5855313795913,87.1663520982101,66.6911832461833,66.5110847108119,76.7555987977253
47.8711129740131,47.198446096188,48.7718645729871,48.3669587775468,47.3993657996194,48.3441828838455,49.3522767877593,48.3541730064439,54.6444635699047,55.2328476853261,78.9702349096187,62.6661964846518,59.313284547483,58.0174031011629,50.1612124509189,53.9262207062798,65.5753446780234,59.1926499580206,61.3498632115533,65.7060034606133,58.70810065875,55.976075278295,56.938290889091,35.8443974346425,69.8899797302492,78.3472906417861,0,31.5595116344193,56.2520648288561,49.6359351287249,47.9403528756355,53.5474790322928,56.1267683345106,74.0524889282031,52.8967954449988,49.7257761348763,74.9969373368932,63.5273599411823,62.0853347615178,64.5042151259404,65.6973666861681,69.1760398783456,65.0985641853413,65.3235141131592,69.4420662396963,66.1514402701055,70.0370475920245,69.2647378498316,72.2472764033854,66.2597987194815,66.2963790071791,65.4291669989685,68.9270092388917,62.9822745569118,68.3834072880419,60.2847990382519,63.1441211892133,61.3872288546926,52.0054352884451,63.9790195563178,58.0314134682594,59.8087717257876,53.6252283565513,63.5906530859644,48.0690899238333,47.343807536708,67.0497163453521,69.5917482547251,67.7020142730239,66.7166321080265,67.5282970834149,64.3851677653515,71.4844248627026,74.5320363813993,89.7963005658557,40.3082751874197,42.0530240069462,80.9179318295507,48.981693767097,52.8527162441494,55.8770815928407
50.3785084810708,49.7484472750559,51.2706211145943,50.9232451195068,49.9905117893133,50.8341324692903,51.8302961097093,50.8916364037411,57.7929612915004,58.3923324433892,80.3963561650761,65.738845494109,62.3931637385835,61.1322887617905,51.5924208495529,55.2964170854826,68.2150734350174,61.8039528371813,63.9844919935002,68.3181972425736,60.9667145189301,58.1766161233593,59.1567157319474,33.6645390835033,71.3774186333314,79.8174666642667,31.5595116344193,0,57.8109487880378,53.0612214954124,51.3512057383358,56.9541752032927,57.5846702060861,76.1287690776234,54.2213179196329,51.0470204054609,78.0273268043551,64.9514793176586,63.5112949886047,65.9310312452486,67.1046919260129,70.585550857574,66.5046718487495,66.7320265122812,70.8656497536408,67.5763930610342,71.462635238398,70.6888669193472,73.6739837677364,67.6842871698282,67.7220061273802,67.8761861215038,71.3606316274866,65.4028161787876,70.9074184990366,62.5938696058384,65.4653018103242,63.7281614781989,54.3048332889017,66.2433517872839,60.2829296480411,62.1001472353192,55.9024564403772,66.2339450169353,50.6538664913843,50.5397221536351,68.4896920750645,71.0331663615531,69.1425553653194,68.1562760682522,68.9420623353991,65.7980870193131,72.9057305329901,75.9520039070683,91.206616431102,41.6831223709473,43.2012707580314,81.9883820846338,50.866350654987,54.980553469912,59.0067729963708
40.0272638685938,39.7306022431861,41.0340558326644,40.8162581585489,40.1530087158734,40.7619002124927,41.9230291167488,41.1703924244618,50.9204416534816,51.5879384302836,62.5296160385368,58.2941740071483,55.0106413193005,54.0049636689982,26.115836512201,32.8949060638134,56.7010250144917,49.8801609874144,52.3762027518346,56.4228507744666,45.3518559854638,41.8653154913778,43.2059495856617,45.6469649292774,47.1092373270886,56.3918579889064,56.2520648288561,57.8109487880378,0,48.2924442633242,46.5576083284972,51.7666202456782,33.1975372086716,57.8793521447045,33.7502557288002,30.9636215312383,70.246962523572,44.6157364866496,43.0113026847266,45.5964836065066,48.3576327207506,51.8710099371385,47.9356319528096,48.2067328845041,51.7831762520683,48.1465361282177,52.2044077078477,51.3853260127519,54.3307127673764,48.4461571434614,48.1869257313464,53.8977784714166,57.2684329179693,51.0500006345742,57.9714878293594,46.5966035704142,49.7935874142576,48.4064839090841,43.8017215057942,51.4314893330315,45.6155709291441,48.0401351784165,41.9510266489563,54.6754117356586,42.7940645535074,49.846193626386,47.2081812641065,49.6064304679526,47.7875808318371,46.8742018940899,50.9354279916902,47.7572097256681,54.1955109927422,57.2308653856172,74.3583876100328,37.9044424927337,39.562223300442,67.1277456038163,41.7679491007048,40.442667924456,52.1081545999997
