IBR/IBR_outputs/all.combrep_1/EucDistWater_Total.PersistForestCover_Total/EucDistWater_Total.PersistForestCover_Total.asc
NCOLS 160 
NROWS 95 
XLLCORNER 210004.651214014 
YLLCORNER 7350008.22228844 
CELLSIZE 4999.99999999997 
NODATA_value -9999 
[rows 21 to 41 of 95, columns 46 to 91 of 160]
-9999 -9999 -9999 -9999 -9999 4.79303251849732 5.55624052638515 6.2425603508647 -9999 -9999 -9999 10.5814264229175 12.6940979327996 12.2968125104051 10.8330908934387 8.67016853622714 5.52361541785152 -9999 -9999 -9999 -9999 -9999 -9999 -9999 -9999 -9999 -9999 -9999 11.0548170407615 3.92338363768623 2.64444825168242 5.49693907037263 11.0685583591416 15.2712895958669 21.3762108645883 20.458733385847 13.5383331130021 5.83930954298796 6.85583438596815 13.31496074484 21.2267590458562 24.649887899591 14.1147450691648 4.47573237824929 5.64635757360909 14.857995439254
-9999 -9999 -9999 -9999 10.1990058535778 4.33281175824491 5.05361709405708 5.26034424099739 12.0777010449011 -9999 37.6593245960848 11.9114837553018 6.29326494411201 7.71957626048286 8.45325460873348 8.49890687617036 11.1413211739464 11.7890003435113 -9999 -9999 -9999 -9999 -9999 6.07335071619139 15.818318433127 16.7061720401057 13.6911154809722 7.80764270953439 3.99843062537918 3.6247745013175 4.46225217289194 10.7291301885564 16.8420639861964 16.1986974293287 18.6316906706902 21.55988493842 16.3732595247608 11.4855059184885 5.02138608573145 7.00400942705626 16.8031449571868 24.469297041309 16.1425417797279 7.33247772276372 4.13699866962437 8.50338769868313
-9999 -9999 37.2558250077962 85.6988760716026 15.0388109736019 8.65459161791802 3.15988949530556 5.49700128621807 12.6488371412433 8.81310350230792 3.61016273279519 3.56335696772595 8.29436563701236 12.7066144538625 5.95639333929514 2.21318847054067 5.98910838345281 3.72614236971541 3.04389918576074 12.5434167996294 6.58666682100762 4.25053417891012 9.10154578971045 4.74832182041479 2.73051729534568 3.77195753375179 8.35075087142262 10.366354737138 4.97274468688149 7.52362261232855 9.91576855646186 16.8380764770745 13.7777306306071 6.67599248972419 10.7227554819055 13.8533687834629 8.18177740124183 10.6483175098245 6.52995913781395 8.4764543541945 17.1569964872913 26.231203769754 21.3967006179928 13.6567995491332 6.86653008674198 3.49860449362346
-9999 8.17090484612712 3.75092486970916 5.72758265754144 3.55585287295749 6.11794803589548 4.33998975750056 4.36940495679069 12.0403786620599 12.1425426039933 6.20028772032786 3.82545403718354 8.64861778201206 12.2952337823589 5.41566094061838 4.51453826174228 8.87965586614869 3.6627505372736 5.9072938598384 9.26241115276172 4.85010149319608 3.05340763112819 8.79595518412493 6.41128952250562 2.82028630160761 8.35969583283695 14.9227852596831 17.9461622943385 13.4149116082601 15.5151603944234 17.2402289997977 18.0856054510381 13.0350699326747 6.69583334327399 10.5292306114461 10.5993215094344 3.56063694136487 9.8666309023433 13.4741308906495 10.254744829781 13.534531655193 22.2596863547638 25.261259970991 17.574120939287 9.47449818860959 4.04613448612707
4.67575485324676 6.33177660882648 2.7167081184736 3.63964473436888 4.03262270537201 9.10522136903076 10.8912961968473 10.5617304330425 17.241144808244 18.4591891351543 12.5483925299872 8.1434699955118 5.19036412680147 8.15237379321067 8.48288004466164 5.35060614832896 11.4667793352292 9.33894729412544 12.0615819957989 10.3983806427196 5.1695237903806 3.05520175892094 9.18569511645863 9.50263760352468 4.21623460443779 11.629386511005 21.8426307629969 27.3739604161047 24.0845233864872 18.753411330753 10.8638492734104 8.7292589418884 8.53963428877278 9.78787943904957 7.6565649243125 11.5870331619126 8.92354770331584 13.7328301237717 11.71993214888 3.97449636543116 9.17260004479446 19.5421935832896 20.182648785104 10.881742900793 7.77686632085542 10.4267296828282
3.57737280162446 4.58646469053735 6.36326468309481 6.24600258974941 5.50485462852787 7.32627933599289 14.3737321657663 19.6254528822157 17.8936497955669 11.3389336692931 11.9846985531177 15.0575424324704 10.315888121395 11.8027173056657 12.7340412915131 12.5977007775791 18.1305970030874 18.8627189390254 12.0319113056681 5.36882277787708 5.93157051244106 8.97350526994731 12.1942370389345 9.94923662187673 3.65155818229071 11.0424305470697 21.8636199209468 33.0459749128315 28.8331341682577 17.3396601691782 7.56443183697592 4.41170965222831 3.94968041936816 7.47908079645301 6.28263069850716 14.1898101427215 19.2416447085517 19.8630609288951 11.4606263877218 4.47781488424802 9.32865310697696 19.348115259839 19.4237295508801 9.55439046076354 3.69650711587194 7.09232174816755
5.04616924435342 7.06332409845625 11.650410221441 13.2879335550173 8.61902706571945 5.26407039291997 11.8779906295247 15.3731480665276 14.3720184933223 5.87317294390928 6.98759584955581 13.7854336978443 16.8473436517246 11.7263073772284 5.78011031229191 10.7724154638445 20.9687608897017 23.0275227641841 13.1759394866937 7.57396872283389 10.6300940498722 12.9216612861362 17.0076495470963 10.6169688059567 4.42226663829724 10.0058557491005 19.8359083971185 31.2523630904786 32.1420258151542 21.8637617237895 14.7027001981169 11.0308439816103 7.22447731313152 4.86586443314571 9.42232391243971 15.1309792376724 24.4488052621033 22.9404527123649 12.3606585545277 4.1875981629484 7.12680466822008 16.799593160029 23.0041472410332 15.4387157204935 7.31777225548019 3.92049555689532
7.68551809006868 4.69264389479396 9.91350160228084 8.84159541110717 10.9338053510019 10.7131372202627 7.23514920049615 5.75905230652859 9.12900200130814 5.97542645088119 5.40635518150494 6.82751901162974 12.9419177595038 5.81106240792155 3.6979542646431 11.3141922991662 21.4482419806519 21.1130658845392 11.6634168870576 7.2343298504598 7.25474558069336 6.34126728083714 14.7647414206781 10.8012928432303 3.28837316479839 8.52604222991668 18.6725901688376 28.8752075309085 34.7066131459745 30.3879346962367 25.3065081529115 20.5654381672687 14.3288140914635 9.14036396579539 4.53490829485412 11.78324167243 22.6038305912077 26.5471905055333 16.2104799857952 7.05538645243048 6.15231936835371 15.2533215654739 24.8545911487175 18.5301536211237 8.85087697108627 3.40324966524223
11.7180802357718 11.8780657022562 6.66846340532713 4.36225732190288 7.26599880415896 5.06502827441822 5.63312762755996 3.57698178853412 5.54508977953204 3.93062496899263 6.13099990098811 9.85743487222283 14.6273552199947 8.53925903184297 8.18870116263479 15.4270047636314 20.0082376016043 14.6894909565825 8.54514269459824 5.50439788435482 5.03079105873197 7.02499038572399 13.8766364196522 9.51738651732767 3.49254835747501 10.1869147797996 15.0583391060867 20.590981647823 24.4553154315921 28.7134177752403 33.6757850624061 30.5198572501881 23.1897279873872 15.1609053576294 11.6796699418724 16.3365319855841 25.6565626562159 30.6173974604351 21.159885387224 14.069022473581 13.3669889412909 19.0713246259801 23.6933778421137 19.0699887765614 10.0248430295249 6.07344832886242
18.9623127005495 16.4989425519375 8.43827254487236 9.13048508200121 11.6988899506428 8.42654749044553 11.4268096834796 7.24906571647694 7.57639253745288 8.08563474168787 5.88454374823851 7.58780691824237 13.5407001356501 17.2739202367262 17.3916975891918 16.7705683047588 11.0369925974103 8.41216718969284 4.19838886736754 8.36612129731629 6.155535757907 3.52688364079519 8.4966171379905 11.1894481488497 5.10780764318749 6.44080850436497 6.54668604833671 10.9988324613487 13.5346531652982 19.2329032543737 27.5952530695223 33.1148286860119 30.2145051317623 24.9001266056516 22.6512580170915 25.7416502461501 33.1760528246146 37.9185653463315 30.0214142844831 24.5392550571756 20.6105721333285 15.1457006842287 13.8673063640267 18.7798379556126 18.5425008313562 13.5316667873168
18.8749027144287 16.980807363421 11.550968847695 11.1860317439103 11.467538886861 5.09131582947814 9.26069064016573 8.63298092604296 3.70603481004427 7.0748887831801 4.21823992694069 4.60699134267893 10.3027481649069 16.5736361163951 13.1872300296663 8.68763195655983 5.36678223362002 3.35215540956694 5.74065471067573 7.76621280297888 6.9065453522721 3.69251131798697 9.94582182816992 10.9254245800264 4.0527341187495 4.35081567122654 4.68849088730257 3.86725716415403 5.21599082733903 11.8525744309975 20.8124607319417 21.6932669414639 23.7602500196247 29.6284294828942 32.9556785614371 36.3343196469356 43.0581193224143 44.8254398893851 38.138407123265 29.3086937144561 18.0066344182997 8.0871530090309 5.39431118410401 13.6844971008218 21.9665099924885 19.2400170370052
9.7904805764609 8.58305728219516 6.65021042285509 4.3229369821454 5.45407347743128 5.06381537556235 5.01998776848003 3.92865055203448 4.45528569406047 3.78655477259942 3.19217347335731 8.78555477879637 6.7520020802111 9.06399083747605 9.03679304489253 4.33174833314967 5.75096254578066 6.5176021461481 12.5320884984767 9.86212473638001 6.04421528256615 6.33662350587418 5.66886122017667 9.97974227371762 4.71496973682213 8.11525071522838 8.55504871639905 7.52544552236825 5.05389659069423 10.2142881692018 14.3601093021093 10.8825310034571 14.1207288620533 21.0799297251475 25.6360122077738 31.0082443084866 39.132036467408 35.9894984091751 29.2685525422775 24.2658087487319 15.0428435465998 6.56568368383983 6.28590112092812 14.4891028600486 16.546422485315 10.5677876171967
8.01109567071404 6.68356160370208 8.29191085771592 3.62294075374443 3.99207581477972 2.99170602696059 2.58464474973641 3.04327786347134 4.98019457704307 7.06160750570484 3.92857936263808 5.42381823081079 5.00074219844965 5.3349953770219 6.07668268168241 6.12449658903093 6.9001837522954 13.7128349195054 11.8462950174577 7.40527072729742 5.0830423348623 6.42965565478909 5.54838343901041 5.406828241518 4.10409880441452 7.63737816013924 14.8408726907891 10.3423733726847 7.48160374255924 5.06046136091235 7.56176704421827 4.29299469946717 7.80532316630683 11.3305910655814 14.9498535046576 21.9988248810627 29.8269509275755 25.1621642159993 19.0037400189358 14.8598255395304 10.4145117786389 3.94783304589052 8.83441562897378 17.8555754380719 13.6001487642989 5.17631812583478
7.84436457608806 5.78920885242923 9.19104002336897 6.11801633473062 4.84092162174629 4.7153299413425 4.67736957555747 2.48273462140578 3.90727218387476 3.80746191418113 5.15389152682858 2.81647822990759 5.1199242305746 4.55084627323902 6.47934409972702 7.11153137322181 5.32410727379845 13.5122184523861 9.31148142370965 5.88314033317177 6.25544731082787 9.77714228423553 7.28438911866447 3.39217290732048 4.03732452724498 10.1701325332858 13.097476038729 15.2885253326387 10.7818471172443 4.06011948113555 5.58350580978047 9.62080035985601 5.86534871546985 4.49522819985476 7.66260420453507 17.3284158436618 23.2092778657953 15.3097330182613 10.9035373633658 5.77447057762453 6.47980735721916 4.14682247758023 12.3133466771477 15.658954854399 9.49332584580475 9.52711037846178
4.38499275904426 4.25407778601193 5.59736736653073 5.35112972692622 10.5006125267765 7.43222878928106 4.44210672904096 3.24165503796604 2.94385887706706 2.41398098954663 2.89188872919386 2.77730166188429 5.87462652073374 3.52800658869009 4.23798299026587 4.79140471858384 5.55102676534862 11.4588678961827 7.74567324829133 6.35224099457052 4.17668416438104 5.38585978503663 6.66369318703669 5.3833187926178 7.29404426931085 9.33851967736988 5.32740851754133 11.1219853173172 8.49461364392914 6.53426637096425 7.01171139410093 12.9880455677495 11.5759439768576 8.30321655479331 10.6988296321799 17.5904800515255 17.5788212839167 10.0683475138656 4.38964737169985 5.8327328390456 3.6907576932513 4.47611052741945 12.8768434916602 13.8393807832605 5.32108219355515 5.28524890200049
4.11191384444861 2.27309611454562 2.7977216094033 4.20797506657754 6.50791965975009 6.80741381980408 4.64276660524618 4.40576458603621 4.19590709071002 2.77472304474251 2.34577580621646 2.88920516509736 6.88199251117831 3.20878506266908 4.30391134447085 3.06528086454988 4.64385849049671 5.23629879718968 5.05316884692729 3.05689254769509 3.10200502315153 5.38952373185509 6.03708911539177 5.0064534183461 7.62520457856703 9.64745614440483 7.71415907428813 10.1624398705426 8.27676637308423 5.56975360210013 5.99717298090663 7.18979225360892 9.04561570135266 4.78243660605082 12.5173918167404 13.2744459628425 8.47310104586242 10.1695486336026 6.40370278827725 11.0222553794398 7.58209468795544 3.99582829535257 11.3013398975176 16.8872313590335 11.2439223159685 8.07151003005862
3.97541051002333 3.11161752192493 2.43958799737737 2.73943498303916 2.73520010661869 3.16594185398314 5.2182344523046 4.06499310501868 5.35759063773728 3.89850953181308 4.35866974258192 7.45491749099652 7.36842185905648 3.43111535334821 6.14822433103837 5.34471697304726 5.84897565366155 5.28447378128301 8.22381758178004 6.20481449460996 3.39860309925414 7.71677228062891 6.97527524724941 10.4738155827772 6.92765767580901 4.51959755615437 4.95231550692846 5.35721270081531 8.77619587101723 4.800714893358 7.4413331925003 5.49160561706121 5.68530684539994 6.13974774137225 13.2235292530524 11.0501795416062 4.93964107246119 11.1606023435709 15.3981993890525 12.7342800932634 8.20442429148294 3.26123747267477 6.20032627279514 14.9930155330559 19.3038998014831 18.1940208085418
5.73770269115622 4.52006543339499 4.53061127244517 4.03669517684609 3.82827629420464 4.3941297520177 4.80008418632351 4.22498760139625 3.17912235226691 4.1225751339496 3.74469651644158 4.41820024112116 6.08431140563038 4.01012170487794 9.78615610277382 9.96299373881139 4.35492295160723 4.77234750679581 6.79193866583527 6.61110658861508 3.16774483641259 6.13804329220699 3.79073577402589 10.0780771521663 6.86588125022398 7.25978897769532 4.82680883330006 5.18859617944476 9.78894985998491 10.1973795895561 11.1584675711778 4.68865390644408 7.87796173817035 6.37933085405439 6.55056461959725 10.6740721141693 11.4816060981512 16.1228639574569 14.1902891404854 6.62433241167517 4.07183928652566 7.90756632654303 5.19335985495215 10.2798200961821 18.1256448246856 25.3969317799569
7.6686381591351 6.60262465648152 5.57268981824937 2.94861925343431 3.51994570273233 3.44318039883659 4.9848776698349 2.10832237266697 2.74905682796313 2.86202234437815 3.08557898915729 2.80912370120173 6.37910458943678 4.51716873801375 7.68367417258767 7.15604035437364 9.17659985972696 3.48363976264384 3.44380662422062 3.06815475101533 3.35710530632944 2.91065031894858 2.92437742875399 8.10595141453023 6.10153935818318 5.14537503305759 3.45985326674838 4.72138833842985 3.32146460285347 6.11928984716238 9.29301054652662 10.4803473049183 7.69234592658848 3.29838960362887 5.78175758710814 3.69547568712436 6.83413946038835 10.7052712541292 8.97884640147767 3.42064874588889 7.39137767417688 10.1975511211623 4.97804518906901 4.56948411807622 10.980137285729 19.8115519688569
3.23499128034721 3.75785816064765 5.48853795777999 3.05166605454329 1.98872890910041 3.12410247830773 2.1648748071091 4.10685565665188 3.36622512036963 4.19617210166656 4.65402066661217 5.03776609008786 5.94448425490295 3.95537510376234 5.70997877238434 6.8949882116005 10.1105984935569 4.85780196601162 4.89523301075677 8.18963624030565 9.53036058563762 7.08823199444187 4.33401437110801 3.61840490745775 3.37045205390401 4.9625842458758 6.19808754820746 3.87672346693866 4.98005936861847 3.87601062683402 4.77416866080546 5.3821545247275 6.82065118985404 2.88908853215402 3.46183328812184 3.37844161064513 5.14442460334158 4.26693625186065 3.8170888802055 6.30859663561587 4.29262704148995 8.22069569132585 5.94836634932837 3.66520850555321 6.97224120581921 15.0111491180298
6.24206612696892 2.46621980789327 4.66966402846468 2.38492154152085 2.39641294930406 5.74005094404562 2.87512699471266 3.57057056611992 4.70987204509056 3.44599014340226 3.82015698214444 5.2173460333068 7.05001016504183 5.69497426116827 8.32343401705404 14.6448009061227 16.8226936355175 13.6636166738647 13.5773758689174 16.6015842478016 13.4172225761821 4.59587284902335 3.56049396770193 5.23138719967836 4.83734876521551 7.47356690062367 12.2599732511059 7.17188571318626 3.24744827301665 5.23720014327915 3.99209436170838 6.18750617444164 4.74373038831552 2.79284187199303 3.68432857429717 2.72040971173471 4.22916936704443 4.40407357900511 3.37441954626362 8.1132674557805 4.96044084724401 9.41108686839349 10.558715961409 5.01540234693379 6.38034699230387 6.95783873179559
