IBR/IBR_outputs/all.combrep_1/EucDistWater_Total.PersistForestCover_Total/EucDistWater_Total.PersistForestCover_Total.asc
NCOLS 160 
NROWS 95 
XLLCORNER 210004.651214014 
YLLCORNER 7350008.22228844 
CELLSIZE 4999.99999999997 
NODATA_value -9999 
[rows 63 to 83 of 95, columns 46 to 91 of 160]
8.57294106101666 9.16841095809493 3.92818173353888 3.62686428422679 5.4948026376683 11.0642509106084 18.0384823670029 12.0179762731795 7.97113999123151 11.2773097449732 15.2889076940191 20.5280255640279 28.8619060012363 35.9836898468546 38.9007280897612 41.7974535704696 48.0261487156531 49.9119208210303 48.6768930762877 47.5420196217526 36.1820862857025 25.138714093195 16.5120572922433 12.6865115935544 15.4826019192431 13.0139011468977 12.7331849268328 16.8716940949813 21.8074362177593 15.6502920959019 13.0914476331776 10.0459254901028 8.25651383648325 15.3093891306506 25.6877392618582 36.7307536731085 37.6905805323553 36.2171812233647 36.4622262966279 32.2174637648335 28.376976082402 24.4383274395376 14.3613227721742 4.87093527487977 4.01279388396653 4.84552526628032
9.41562221070525 12.8301769433724 7.69106674431199 3.46396646698031 5.39691171505165 9.49397041986805 14.9051581574133 8.13077757901145 3.55751769571161 5.85088235396211 6.45834755478675 12.8802208992948 20.6237814404146 30.8933130393883 43.1290508758443 54.0519574706664 61.4213980612274 61.4285335408615 54.7071127152248 48.3039435846063 41.1146825482313 33.1565882142373 26.3535209733916 23.2775314785365 16.4306306782089 7.02005884008321 4.09111842323437 11.786269491436 18.213967492063 9.70170000887072 5.16865778947078 7.04545748444393 4.99520042332839 13.2614927994091 24.1538213978581 36.2003941956446 39.3790901992158 37.8177093171234 39.8385945725816 41.9090774806561 37.4128231700315 25.7119707656522 14.8918156529291 7.01830537899258 7.51825019192655 6.94796552073378
14.736814722018 14.9624457965042 12.636555153374 8.44543248574027 4.99231027166854 5.22548912198819 12.2407756024897 6.94827543896234 3.67123143092435 5.73534257680864 3.80638234537824 6.8203657331558 16.3001761301568 27.7301344761423 40.6665448519896 52.6768662070476 58.9799398597324 53.8854789747724 43.2181926369237 36.3148236377348 32.6323219917703 32.6535685858327 34.551689903174 29.7719241752744 19.2583572057803 11.0640389573604 5.66205165275162 9.16630203268456 14.2752007291541 8.93348321629913 8.74293719154008 13.4252949482621 13.2965178990744 18.4732280606946 27.6112511101704 32.1584270940539 27.1528889616026 25.0723841508917 27.9953639022106 35.1035559860929 39.6036281858898 30.6025361959091 21.5061431090688 16.4798915530751 16.640270400597 15.3578834808735
7.34382118735225 5.94752736549535 7.23592907703465 5.59970517642997 11.0484692588737 10.8812222484459 13.5779881676576 6.09055749841813 5.94446745570537 3.02391306537429 2.96406260775655 9.17347558058537 18.5032366489291 29.3637845913667 37.703948442674 40.367458591347 45.2788102077595 45.0121036920587 33.7851444791025 25.0540413105587 20.0991893194841 20.9428514369555 27.0352727350206 33.0917860856435 25.3946034237832 15.0929595083037 7.44512963518323 9.86192772886362 12.0650373651545 4.94476096970431 9.80453609713923 18.9809443012271 22.1220737917822 23.6924787166393 26.3253104861499 21.6603370994578 16.7782439659249 13.7575906284709 17.9806094933878 25.8223246687123 31.9090486670513 36.3683998590612 30.415361660959 23.2189634820088 18.1131884813112 13.8338210759604
4.65777261900069 3.90321533582177 7.9680130976913 9.54534055055257 7.31358034756094 6.57577182908018 12.2990257277571 11.2345125464415 12.2220166653552 8.06570913153076 7.80018756227115 12.6571147082641 22.2338290343772 28.4011968160945 26.1443948328044 27.6290666818962 33.3852945989014 36.8064990882084 27.730540436656 16.9639299769799 9.85578754949341 11.286654597136 19.7202177272049 30.6084197275963 30.8794766898702 22.0163789852609 17.1220802362793 18.4341490328499 17.2692818948361 9.86559555918689 7.56278822831992 14.2072382022531 15.2356141991701 14.3733135235195 17.7398873886111 11.7137749946897 8.751862365186 5.09711769337231 11.2333608985634 15.9692153245273 22.3245980216339 31.9657204279347 29.3702746894395 18.1389018329528 9.24614303390758 7.92841319925252
9.43687913419965 5.02702012856278 5.32521014556931 13.2124719085641 9.05330303024279 4.59234147825481 4.86052402706128 5.65085475345165 13.97773746882 16.9423848169971 16.6690478608907 20.4773975860148 25.5566673550139 19.5788831568057 14.8242301987304 16.900678033322 22.6112780969744 25.8206130926994 21.9902848689242 14.6427958885935 5.8639149608311 7.94205308570346 17.7520341043297 29.2831046743104 37.5486377386126 32.4377518181489 28.4965467344259 26.069996072326 19.4316494142624 10.0812270677984 5.91339714426078 12.3613368351096 7.83639512616093 6.18379819692535 13.0488573623059 6.41453601892182 5.06629913044315 6.70591513690232 4.62044591546371 7.56900954543048 16.7182055405512 27.9712531749921 28.9106929591214 17.6658306351666 8.39144011565674 7.23846567524346
4.01346244794244 5.73253459470335 10.4505948386989 16.9777916527417 12.0470900680977 4.84864825408479 4.94045287051014 8.6886371260623 15.0916559106195 12.0697915133958 11.0901291450362 17.3142232940606 21.4148836586628 13.2556242355754 5.74600804561072 8.81219368633479 12.6783486841257 16.1504806621695 11.9270358426064 13.2473483687238 9.23266559932014 10.9538108340414 18.1658973646871 25.4412469313126 35.059063365122 36.754997930558 29.4675381295485 20.1376379549754 13.1193526046481 12.0265803426957 14.4752321279527 17.1776621440393 10.7780686278983 9.36586941877441 10.8743015251529 5.16670883222473 7.59896378609898 4.51764567417843 6.83704486513498 9.08075895342149 17.566162832784 28.6031961258971 32.8656898786972 23.3882684882461 16.8201342337246 16.1999859224859
5.70459154769371 4.48822212755294 8.45071968472917 11.7520975716176 12.989807627112 8.47943637391593 3.83631058957341 11.3626870998094 15.5937291596635 6.97580927705969 4.22167964433624 11.9916181446694 15.394692407552 7.72547222109014 5.677767612056 3.98358500161756 6.86425505592337 11.7029655898694 4.77309326148594 8.47293190649283 5.91067400969492 7.06508005052591 10.0234865863189 18.6092842290563 29.4153693855397 27.9387273799137 20.0791441700657 14.6984988361385 6.6248244615484 6.54522563189237 15.9172006793907 23.9577879718924 20.1332153198375 17.6507252323619 9.28004798801266 3.29398980135825 10.0588224118564 11.1291335150713 13.1316355366344 16.9167755068552 23.9304318652888 33.7013766477203 40.1896022578741 33.0108860756771 28.0313083393825 26.8008913133825
7.36721002400953 3.83677594508499 4.36475557931171 5.077378581571 5.6845782684091 6.40825184800897 7.9514711994655 9.66324755440725 10.2568980296369 7.16094130586568 8.43389387238858 14.2931259555854 15.043877567905 6.86827005452877 6.73259517076528 9.6387775053291 11.8008986051179 13.8929342402524 5.68115047173167 6.21818196805849 9.13662997912274 6.60091860587251 7.97321928038841 17.4004974118283 27.56240569985 22.2306151325947 12.2220744776039 7.16601834699274 8.70149227768484 8.18108570293482 14.7693821838979 24.5533233766611 29.2400759360381 20.2229094881822 9.7834700527791 3.34456414407764 10.2951205695941 11.511457550093 7.17148194494518 13.4092052006117 22.7434114756434 31.7587350746919 41.9679216308162 44.7169384357674 40.9957150749745 35.9306061279232
4.70433696879183 8.38012276429148 11.0265118889426 9.90863406949695 7.98558928799826 8.06460370659139 9.14106364022506 4.10982700812802 4.59405697406847 3.58686164515545 6.78051086933335 11.6811735167553 18.5655213291961 15.895521236101 12.4972079989571 7.36494553520466 9.46318534534929 15.7665648293338 13.416397017808 8.58254376716301 7.83846069098342 13.7721521056244 15.6187687562753 21.7279780458779 23.8956939433868 18.0141854164878 11.3494729253254 6.00514329962553 8.21311946768221 4.04085736601954 10.0828363356718 20.2047392092254 27.6927624536277 19.3726876535015 9.51241589566616 3.26806007624845 9.07552843838506 10.7851078297208 5.89411102713365 9.07464094575129 15.2240932109206 24.9410107971859 36.8002674968801 49.9006716854571 54.2518320751413 45.2017397124428
10.1814033996366 15.0987825159636 20.2275769392678 20.2260779772532 18.0505484968107 17.4234985591545 14.5008731933515 9.95956633137294 7.62436699267109 5.18505870248916 4.96654486608795 9.56771065301258 11.9407251324248 14.9892021432207 10.7645492610933 3.93093945090583 8.18573949869485 17.8671920414872 21.9679161942166 16.5686359318373 16.3285081918856 18.1445679334229 14.4847006203593 15.9845855909211 16.8169529878209 9.13337556778892 8.40897317882352 5.34376346568699 9.02015581662843 7.63749813101692 9.98856870247479 18.1296629927116 22.2539658240873 13.5322632795566 6.67611540978056 5.29821257785718 13.1667562621176 17.3392301625983 9.81104736227901 4.70936325262028 12.0479061039513 22.8473647097926 35.1633072246154 49.0558520846146 62.0579532398502 56.9326382562636
7.15494956126466 10.5586451625143 16.7587229892744 24.7161958842116 25.0320492736595 23.5592800422893 21.7358579912638 20.2156423547091 16.9009268023922 12.2072995011062 13.2182108230413 11.2380186305405 4.54761189776374 10.2005065626582 14.1680367173937 10.5042191473878 14.6594459642118 18.582024366993 18.8415424074668 19.8561970164192 20.7947642485296 14.3036964600513 5.93734154188313 8.67496124323749 14.3981594453206 6.87697864506629 4.94100071790355 4.34443753516698 5.08598829575509 7.1932780429412 5.49333989367137 13.7687262839494 18.8336303086917 10.0852112339639 4.13596246164734 10.7914404766627 19.003084423412 23.2058050659671 15.5439657180995 12.4955109846376 17.0260224042251 26.2262299037209 37.8269125382907 51.3461857947712 66.6350785560075 70.9414268915102
4.74972985557284 5.08243253821293 12.7092519253751 15.467265169358 15.3888835542826 14.0742277279108 14.2923364700058 20.9784067960151 22.6528385926383 14.6271856033236 11.3097865632071 13.0607705768407 10.2435096507402 14.163846528514 21.4707966559907 21.2955291812727 19.6866574605219 11.7373157304579 8.26677933144145 10.0583529599192 11.2624844257907 9.90835541264306 7.50834157340997 10.9031818037005 18.1367270554591 14.3155518337947 12.4715510987082 8.9585079697903 4.46581466695439 6.20128753131812 7.87773768663909 15.9401059989899 14.4982660660169 5.54706800449684 4.17482862231024 13.116905394111 23.893648800215 30.8545083675797 25.5710257256563 23.504653380552 26.6250296321103 33.9908973866187 44.3777823577036 57.151974092632 72.125150462711 84.8914087051144
6.57908661137954 5.01039530918612 6.88300357186984 5.32720345095422 5.64827493121442 5.3061517826418 6.90881222274867 16.4867276610316 20.1356808798545 10.1602161710504 4.49051308864632 11.730849364339 19.6989399582511 23.3662959621089 30.3605615744896 30.2494857010847 19.6526011603606 9.44848865736107 4.18679144526855 5.59381274250748 4.47301725256091 5.44873435410437 7.66074670978939 16.46584967903 20.7667496489708 19.8143204043516 20.9756512846907 16.2486748620764 12.7424188812118 8.07177244721274 9.7733797731059 18.4458567123483 13.7688512580113 4.85052075679759 7.01090896153298 14.8854698959549 23.4070089721479 29.7045186081431 34.6810222163956 36.1042596084942 38.6306889399363 44.8240878143942 54.145274501589 66.1325132146012 80.5769212964104 96.3583794559843
3.3669506371515 2.71621663961158 3.31202913201827 4.90581419052125 4.56086618132641 2.38577636851641 5.72778844919717 14.9347582591428 22.0111791892378 14.5551565069933 11.1147714782805 15.8771042850246 23.3573702181896 25.7109372468856 30.0314452681343 32.9586132449747 24.1541911142303 16.3636102113957 13.2259888960156 12.8620872765697 10.9596628640537 12.3888259921018 9.77335065369128 10.8154147256113 11.0890682405581 10.7012691092184 17.1760498314722 23.6491231928975 21.5670602923262 17.0521477824805 18.3482643928044 22.8513400140889 14.9837084994638 5.39827733648162 4.00696389005241 9.27658151654603 14.2786121174314 20.3563523061961 30.1174034610385 41.7778087398711 51.3227406186782 58.092104636292 66.649003128271 77.9882816321079 91.9607307590268 105.63718533548
4.49151711384959 3.73328968096223 8.22053798093752 13.1663890359869 11.4642059161643 4.82323625802316 4.03055509113064 10.8501239800703 19.0376284360886 22.0956054742748 21.401296203832 21.0292244400347 16.0729645374258 14.661983716668 20.7383492659781 29.5074922478836 32.5560035339338 27.0602851371907 24.5908583455571 23.6667054104081 21.5774458120149 16.0939985595625 6.72647066799376 6.21440025267722 4.44435948020776 5.17287794820957 13.3179264114492 16.2775319786682 19.5074340131147 25.3674131750391 29.3290134472604 25.9420069746761 15.1427945851243 5.74492521175891 5.37424302455175 6.49137223453535 6.16554183070507 15.0910022503686 25.9934851955661 38.289527385487 52.0922995451045 66.9523109108088 80.4236999282009 92.5413553356516 103.04512731344 98.5784498208832
10.3705907513023 8.10448837998334 6.69214802734573 10.9852459433841 16.8496367017244 10.669130541853 3.78817673269259 4.93849931948485 10.9333893269496 15.3070201806031 17.8592625734835 13.9569119733422 7.63601718273916 6.37678070900139 14.9438745367333 25.4425610680654 37.5783634543652 39.6077210790035 37.3738927517738 35.9801703636006 30.4113735883075 20.659071416627 13.7867169622594 13.0056768347185 10.8815751121032 11.9870638810955 11.5757543688489 6.47775290946112 12.0268862850071 22.1640326740818 29.5637047096216 22.5637959398915 13.4871435912709 7.2685192383842 4.70022511916036 4.47452553903204 4.66722520642616 12.4790786404623 23.3275397617693 35.6946576050107 49.645969671678 65.3492742266278 83.0111158282781 97.59770165708 91.6395029677236 83.4073950266649
9.56209003998151 7.39214092424888 2.91842293723438 9.26852190798034 16.1666541049498 11.9985344750638 4.45864629399178 4.43762078829373 3.72378521607854 6.18366838179525 9.78703082222678 4.92487683817091 6.01162076045944 8.02367682826902 15.5960655888543 24.7331738023132 33.2035069517396 41.7475183253518 48.2931855056412 47.9971186025356 38.9734401012236 29.867528387335 24.5816397354108 23.6740903289835 21.45818630311 16.7584615513394 8.332123029653 5.22051113277963 10.9969273311687 16.8069085109349 20.0955344334349 15.6382910594811 8.28141344851056 3.74305248770196 5.77820953864037 9.81733809648646 9.5092934750993 15.2031762067704 25.1600153303052 36.9255318710026 49.9352437946285 64.2142210134351 79.9600958696923 84.8682978046224 74.7894156455075 67.2452417974299
10.4092607489563 4.33629532834542 3.24855220965818 4.22690241541225 8.96898598075855 13.8238872847224 8.01558236840691 8.38549297162464 6.76983781567774 2.79644925953139 3.29541167776667 2.57498535528289 6.52508100962675 13.8528421449204 14.4652630074888 16.7876180916161 23.6385225561315 32.6252551548912 39.1550683707665 41.9765796307594 44.6488392724381 41.1893194089867 37.2540735789205 35.6794071289451 27.8240594114659 16.8002171293502 7.83140478219087 7.27966070793998 6.08282980045471 9.11866699117891 13.1961412710242 6.74059794894941 7.59382461788873 7.50843590686328 13.9538557689373 18.1909329697408 18.0273170050506 19.0179006496267 24.3455314450019 32.8286339105379 43.9103879549545 57.1581456116005 69.9204827264617 70.8454782572479 60.3937226481647 52.2839551208003
4.78309239972323 2.86604158268671 5.35349728685427 3.83601525768705 4.80762439207406 10.5396786376705 6.47288098297702 7.42290030365355 6.86176074555301 2.77201564019678 4.83592353851634 6.41568096265173 7.92654788655343 6.98918485647173 5.97238278531442 8.30774989834173 15.8469254724133 23.2700068940252 26.1374664328895 29.4352860224059 36.1614814943286 42.9810457850158 44.1926711080961 43.2447534053075 32.47781840254 22.7004285555777 16.5618877825463 13.716678477722 7.65152793627324 10.2588511398249 13.4674138010161 7.0175476288494 10.4177587952528 16.6440783572921 21.9847659705739 20.6674939375588 12.2613076649559 9.84989503252767 16.1982521215973 26.3472846931384 38.1850595883184 48.4564864427704 55.429633859333 58.1465286718454 48.509915272501 39.5282779190646
5.55784706323372 4.7882844377581 5.09973567575001 9.04756833752827 7.74297937360947 4.54048012695083 6.20404991027258 11.4359605354421 5.13626500019831 5.37722777225497 3.6596886067274 8.45219705720038 11.4796547165345 6.08907466411302 5.77965261385487 4.88872994898144 8.44681525226036 14.445398902201 14.7271408638623 18.9131919520419 26.9773488732869 30.4340436190976 32.3189064851773 38.1099370273605 39.6769872994666 32.4760637434058 27.7211426961997 22.2819586260506 17.603455948569 18.901254049535 20.7112010852249 16.6674624874579 18.6297524659554 25.7039357273566 28.8389407887715 18.8553424389132 8.71737867583239 5.18518517617944 13.5380062798455 23.39160338427 29.9651054042333 36.6412074718868 41.4036224521026 46.8374023337368 39.4362114157905 29.2388743203527
