IBR/IBR_outputs/all.combrep_1/EucDistWater_Total.PersistForestCover_Total/EucDistWater_Total.PersistForestCover_Total.asc
NCOLS 160 
NROWS 95 
XLLCORNER 210004.651214014 
YLLCORNER 7350008.22228844 
CELLSIZE 4999.99999999997 
NODATA_value -9999 
[rows 42 to 62 of 95, columns 46 to 91 of 160]
6.8538303974599 4.30138289082794 6.1025023924609 4.54469476921368 4.369007778188 5.70085572995248 3.35827163914636 3.76446084609537 6.96165061422719 9.55962694174408 7.79090150439359 8.59981461938589 6.58447580565757 11.6068643706363 8.65905818628097 13.357941264402 22.7260354328861 23.9100334688314 22.3282449324409 22.3487666542181 15.3350098085686 8.65703222734788 6.50444533294504 3.08917818623103 4.31586309475692 3.67316612060133 9.72847314869924 6.45278860945873 4.037146333707 6.63020423439541 4.75694836264111 9.52300023217729 5.99476456122407 3.37020662999717 4.20786521801166 7.59836706482455 5.12796109761769 2.82695704195064 4.5587695821 6.14120413577867 4.53531243356124 11.9338694200572 17.3693519861881 10.9978671630994 5.94680017674263 3.54306009592885
10.8528414887142 10.1702999766806 7.71618602557049 4.06086551417356 8.50537617198307 5.33235892200261 7.73858056362389 10.1809746297763 14.1357305690545 19.1694401259559 18.0473445178491 18.3698022445975 13.628740278957 8.71301141384858 9.67636982847318 13.089108417562 17.5045753203026 19.2363937868295 14.8694116776787 15.190975138614 19.6573531067405 16.8762359664407 9.19663462670056 6.29232088991335 9.0076381956286 8.70332605118263 12.0540327930173 6.72412403477769 6.39234685747169 6.49069304831172 6.24092307653348 7.06132136053784 3.76002895331096 2.39782792295578 3.50741390245596 9.37115649898216 7.57912346218884 3.60459927137251 5.58857500031724 2.7789806933231 9.56222126026974 13.7777143518156 15.5908247425172 13.1494189235832 6.01153361259578 4.06812236063044
4.97539296376783 5.10130194388228 4.56498160892427 3.74942211373886 9.1973735672251 13.4153907327017 15.0994527447916 17.642866164086 22.2926390542155 20.8184236341037 15.9479599327887 17.2538514757424 20.8428176012133 17.3110657139477 14.4426244150166 12.7020938793325 10.6017119636392 11.6870915502498 6.07003797412889 7.5129196930272 16.4939982652161 18.0368138821042 8.75190377372966 4.57096824819167 4.21275989429398 5.40947780911895 9.65190508494609 5.87485144135762 10.6394517354644 9.00755518096667 5.7166884045491 6.45071373348157 3.70920015886667 3.61885097630996 5.62973274185642 8.47479789817497 5.34683083469741 3.94765473224291 3.99575720367581 4.24616211218225 11.5958386672884 8.17871760583839 6.95370619656315 14.5049183699633 12.220403099264 4.42394126429033
7.17181301954472 6.67450584881242 4.50518326104983 3.58767207811116 7.65922093773035 10.5677622851789 9.32866336302136 10.7332940577692 18.2895883258161 14.7748959822725 6.70112680727556 9.21516353668089 18.8202574764665 26.1945966484266 20.1205440538579 10.2131649329292 8.04429172185706 9.3847454279514 7.68059453251561 9.33259120837952 11.6330988669028 12.154305715599 13.4275877384507 12.3141124406981 9.77122998319642 8.7344893187351 10.7748967100142 4.5593991357465 7.87640601380212 13.9206533012526 10.637903207015 3.82251127085984 4.49299983025954 3.02512347451499 4.22655472292901 4.00973057087593 4.65459054558599 7.13975588899088 3.96050626414067 8.43747144172784 6.28622739909299 5.90808402329879 6.61215322511646 11.2871903023008 10.7804454885182 3.94520672134938
16.7689065729864 15.0606695223807 8.89092540816489 4.41345202819728 3.32370079460743 3.3391488679985 3.68435681783401 7.2729376155636 11.8042308627343 12.2050297407849 7.63819505089626 9.94654220369518 19.106367836183 25.972352987432 21.4057154541672 16.6952011716917 11.7582663684205 11.2929216029267 13.7902267215842 7.17531182080118 3.85637770160597 3.5297013341747 5.84422916915633 10.2199437198126 14.7197051872889 16.8043133350829 16.1196673573278 7.75973116374 4.86056873778714 11.0383179267083 7.29355691158404 4.22141294580486 4.25168953152199 3.12188271053745 3.0672341971824 3.33199776028462 4.9639908679215 9.40243982619651 5.43054479677861 6.51857934882338 3.2391303599324 4.88301621348896 7.12357824766707 3.29979947309607 4.14677036444605 4.1248054863244
14.4898575811576 9.61881671598249 9.08957215643949 11.9261756371542 10.2332228751486 5.86705127841455 6.63342389427017 9.95832963990336 5.09652240746684 7.38610396533483 11.9322209169377 10.7492608759771 16.2687773350254 18.5081752804766 12.2015999211603 13.2685301064029 18.5882829439524 20.2909316109853 16.2632691358088 8.18483577598756 7.81523606286683 8.85449628558871 5.52743994811028 3.58821284233059 6.44329789563293 10.1573794886089 12.5665352375204 8.67036064992404 5.01427133771581 7.31520982457583 10.2399776680523 9.99441103886397 11.3793545930685 4.52652371537692 6.10124391691567 9.55859424423672 7.45409698777413 5.46892320491398 4.72346118762294 2.24643503978319 5.65836052985694 8.8998862378356 6.40852725190892 3.15061906621595 3.81654119586523 6.59685828385731
9.41156584055287 4.22892022256815 4.72545983652865 12.2741930207484 18.1970184423097 12.2859209497723 4.15694796255564 7.47491794237369 6.35985858045509 3.52855392550881 7.402400297989 4.58335191772292 12.1712069159983 12.7919235572958 5.58826434994913 7.49480675190352 17.4523367979233 27.3415178323818 23.1038324764219 17.7600691955496 18.0829655026911 18.966371333354 12.6375217755352 7.39722015513697 4.59935529100854 3.35959106525874 6.65269569661052 8.59280276152154 3.97277657470886 7.22844342904137 14.4162677773306 20.4270187318614 16.0285306267293 7.15233008104435 3.92760309066598 9.00007336130018 6.95588773837334 5.43534368831961 4.00835125215984 2.70080907995258 5.8055097666432 4.62550626293686 4.20004832941686 3.20874488869759 5.23851030116484 6.78846347711424
11.9427216412527 10.2252215536458 4.79231493171047 9.53407454187873 18.9929054201437 14.2021593796774 4.5604014882067 6.31332112387534 6.03691049584717 4.90113796829428 9.38192055194897 9.89151802033736 13.294790935718 6.28035217745876 5.87458671608117 11.678459145438 20.3649657505262 31.0041550044228 31.6514303096898 26.9799752839309 26.8260572233381 27.4588691620954 21.3482622555137 17.2150455644511 12.5141509565256 10.8722282611237 11.8982728489867 14.5107276019949 12.4065129802399 15.1600118366501 20.924148212291 26.5834056499795 18.2157720231681 10.2798141609483 6.01141734123216 3.31260586642893 4.7139607412742 8.07823582495338 8.37069187457797 3.8564637898694 8.54511299607197 8.17418640155876 3.84058647476106 3.00808911328834 4.03372685828246 4.72165223007765
18.2483055492409 15.2215858227895 9.23239816758549 10.4590357153625 17.0425471106582 14.2724310742598 7.37140523577907 3.84084351144654 3.90456750870094 7.24298826190875 3.67823216966814 6.69856904247272 12.498582164941 7.84825728099205 6.04206700992668 12.5083217933061 20.8032059394689 30.0563295434453 25.9295872588208 19.4952750187474 18.4281455934728 23.2679471241803 29.3491255088611 27.3045590651766 22.2905737846245 20.5460079159539 21.493033498998 22.3395185928693 21.5109790415397 24.6681670976363 29.8373508449227 24.8927441563797 16.135033472423 13.0949382658946 5.62550098371763 7.41455805380018 12.0690390827611 16.7015923956436 13.5788852613251 5.72240958654831 9.31627752519057 13.5897202532365 6.97797993170067 5.2999883163838 4.29551354225224 4.15973995257639
12.9766524694741 12.0647415976209 7.65229989910917 4.96909636543402 10.97590744323 7.23355583761453 5.13388885463376 6.15845184625883 3.83041287380217 4.9537848668277 3.9599185795797 7.07981859464826 8.38262517339703 4.69109231914839 5.93769477547707 6.74043357452732 16.1821394469666 24.8985001581812 19.23693099367 10.3468858588356 8.49681303769912 15.9411726499643 26.448876434497 26.0961585653253 17.8985130835629 14.7453230389278 17.8968421922611 15.1404087951004 14.5694450847011 20.7309603389264 28.9505032627048 21.7533084844338 11.070253067029 7.86071158145385 10.5032451660753 15.6135087131565 21.5132968178795 24.1066496122624 19.5252733924965 14.671135622697 16.8229435953033 15.6993127041055 8.39568049322022 6.55079040155051 5.30867909379542 5.98006536308622
6.74529916079379 5.6513928243777 7.2453564039235 5.89156440989328 6.46585085689657 5.26240489666438 7.70117217482047 9.73269941071278 4.65307938265909 4.82702835218769 4.77371223758091 3.96755224318898 5.82280309804936 5.81763940598434 7.01756953251723 8.69471390334383 12.3543350758265 16.9634255843687 17.7675239121895 8.46227976571245 6.40713400325672 14.7441671098772 25.3018611841619 21.4865643851553 11.2917949702877 5.64132439175714 11.1121144126855 7.54360943909334 6.48965133919511 15.5624378158158 26.5044715997329 24.1698584989012 14.806621868868 14.5061984877088 16.1263985322433 21.8239934051626 18.8567169708946 16.9952795776675 20.8152049057875 24.7669307583163 24.2145700598402 13.7229616070768 4.85977167604764 4.392749280249 6.14666204472117 3.93864040133157
6.9773768854799 6.61287255617781 12.1623712296206 8.00138669627118 4.06758091031723 4.6207486867251 4.93831573874626 5.25276252682736 3.72860004756044 5.62067862917779 3.20998827785838 7.15036933619417 10.832080104669 11.1915338358434 15.2999060252799 10.4737700339259 4.74625368750297 11.4632078918596 19.8943165733932 16.1549455696367 15.0104082067525 20.5348602284045 28.6407872943022 22.271756322039 12.4778083041012 7.25501002329379 5.80382928949586 8.30938949260345 9.51617411472764 17.3247240686141 28.1199092821693 31.1307301680593 23.9774660550027 21.1393971275162 26.6696334389579 22.6552490943001 13.3006587665799 10.446699140376 16.0925895523211 25.8535782463516 27.0434829429281 17.2752056440562 11.0789679536487 11.9140994844224 13.0859854181974 11.1483486129725
7.43246867119424 4.58274358400663 9.99448066433717 15.1623373549674 10.0642666267779 6.25771973650911 7.59808657300879 3.11806796273613 5.34185886648518 6.80392464980984 6.66974738737153 5.67125686671544 14.4172831768201 20.6849890440409 20.9339355246264 13.6710102496552 9.38126175471731 14.2763278391302 23.947304148024 27.0068757501217 26.3014818783388 30.3166612436951 35.6099746993429 28.3864555372645 20.4964894027229 12.863004335464 7.21923819029743 9.33101274948173 9.55280595663898 16.5716407626706 26.8598581528327 37.1406463108073 35.6662952420335 33.48639593821 30.6440961305966 19.8605953196262 10.3435305683892 7.90064843249543 14.396624102036 24.2341001749138 26.7068614794143 14.2198878086608 7.6568304367829 13.1278371543552 20.2660671691521 20.8652168330374
10.4600781088313 10.7761805259002 14.2838789531398 18.6532724383517 9.72654023667095 4.65358026534423 8.72569302890588 2.88393475609454 5.7546004998095 11.9419287990863 6.47262208226192 7.92028748628679 17.0534241013087 19.294239278701 13.999911334697 14.1615389476386 15.6965083060462 21.5934232300783 30.0536058289592 33.0248125302536 31.3110011735909 31.8493298791701 31.6433590702724 32.2270275801513 28.2081946767917 20.6523041742036 15.9499385746685 8.37180084314627 5.52722886157137 14.1234278115623 25.2121067907074 37.8291749546126 47.6965719382775 45.8263709821583 35.7864932317962 25.3717490172309 18.0262001010669 15.9882303366375 18.801661409745 21.3597620514883 22.2746411699173 16.1481140408735 10.9619867782674 12.5911582048214 19.4420949418139 16.1415457047537
17.9034315146714 20.2324020210718 22.5122339195947 23.0394173811449 14.8914765069355 11.8188909884508 12.8872744347201 5.9480606412854 4.35935606576221 10.3100321814747 8.58858828415462 9.77119483994438 13.2694763667954 13.0754894638182 5.91648206189633 5.26362018018177 9.84709679048884 19.7924035449824 28.0847861818435 22.8686890635818 19.8909944131817 19.9612188249048 19.5808066309171 21.4228891743599 25.2223025300501 28.7762426731455 22.666561841297 15.0938981970736 13.5201579474644 19.1542568840826 28.7836218925072 40.7146111530462 52.6829761932862 45.7817485316892 34.2934501297838 25.5846219988338 20.6481699298533 19.5529846524822 13.2607911955475 10.9477004435304 16.8330774019605 20.3500256027209 17.0853365963901 19.8632526817921 18.7153096104398 8.59326261161807
18.4043739937088 14.2451119128976 16.9646256953559 24.2192334221481 21.5902860823347 18.2961629465039 17.8016059902437 12.6289812194775 7.69297649036865 12.2874840412046 17.3539852040857 11.6565352940754 5.13747960734521 9.81551016986991 9.12222081952641 7.04522745227294 11.2029522433844 19.3548429533388 20.9973886606343 14.0623804097107 9.18885674008376 9.32173938492222 8.93850151947793 10.7158898276965 16.3588631530034 22.1413331376305 26.5004306700053 24.0810206802156 24.0036379411011 28.4614948585946 36.530064113944 47.3495004762251 52.9734204916276 40.2091042889579 27.8555990118225 17.482357731133 10.5763928196946 11.582794734353 8.03743484294189 4.23183925645935 12.9810229680648 23.3667638491337 26.8923797962666 27.2630406741613 20.0731161581898 11.6647317077171
12.6669286886778 5.40864307965864 10.1726936453194 19.4264930477075 15.3047232787095 9.4149287195996 9.71558888301015 11.4915663888587 13.4095378466012 15.4708640226756 15.5839405781473 8.7564520389024 3.45108277089465 10.8684560421301 15.7203376945455 16.5450512968877 18.3851455715655 14.114418270053 11.1522176764135 10.5594831598016 4.09096097710345 4.34336515197212 2.75396416309892 4.5866797743642 9.22857637901559 12.6279711332825 18.7394088540002 17.3672549305183 20.1620351333423 27.9402104617049 38.6557196656928 51.3671660557594 52.8527195009612 38.6463271615763 25.9119650659147 14.6830583577559 5.62441992188552 7.54846684025579 7.80905214471542 3.04050446743762 10.6717549625924 16.9386343191606 19.7142477389146 20.3051355791565 17.57816479721 18.2708745192763
14.2909205320002 8.33105308657698 12.0850683612169 14.9639960141276 9.59465230967385 3.0822043083109 2.66083132421925 3.7391509947465 4.89136265109917 6.59384996207268 6.02020627384811 5.10851220327573 7.57615726643099 10.2671419843823 7.92333502922852 14.5705977596278 18.9386303948994 9.42463110168937 4.61164619954576 11.6864784134241 12.415564183718 11.8857512219508 10.1143221525875 10.0957850629582 4.3224216489505 8.33765712495057 12.2455854412658 7.13048675784623 12.1881657487065 22.1953631492051 34.1027883283872 47.6489469066372 53.3511056039832 41.1460841925847 28.6335035282218 17.8212612074249 9.49172844376229 7.8798498085663 4.5352416560603 4.60948384631878 8.57562028285531 7.26360375424021 9.57827370159408 11.7675325547173 7.53745797811756 12.1510008494814
16.5134394353921 15.8457481872618 16.3610125307453 8.34373082110934 3.67232446721176 3.51602576774967 6.26674788541884 6.48339563654544 3.13128221281902 3.1531342060271 4.17566991147488 6.46415849832347 12.1822352090563 9.70202026882617 5.58753838847563 13.2425619386376 20.6462858567152 14.2167919645066 11.2505463071952 16.4959008815586 22.8231651874091 22.1185837500393 18.829932666997 12.36796378233 4.44497966597083 7.30257158428706 11.5560506619299 6.24939816683205 11.5591740602516 22.0064683068302 33.7710621486392 42.9040006744424 43.6070959560015 41.5879221553004 29.8103848293764 18.1913646444814 8.32826399003064 3.85772511896459 4.47906293297657 4.46307694184438 5.23412732642457 4.01473084951315 5.88558359569388 10.172959948788 5.49310773259426 5.12374034964802
7.04701914886221 8.30713122966169 10.852754771205 7.14204177665252 3.23888685981271 8.94119364098081 12.9797507334432 14.4514561890134 8.07777308037658 8.18632039638531 12.8932142676164 16.5697346722226 19.917166786947 16.9626668264307 14.703213711075 19.3735505429778 26.9637993772623 24.0120854045411 22.1247544655228 25.6181719052061 30.8143311533854 23.1922172628973 13.8243955722998 9.53014716064055 10.841089411666 13.8345943161999 17.951332529804 16.3056984820573 19.06673730978 27.3515757694623 33.4851540876482 31.1044486804105 30.1308796703651 33.5022729212216 32.7891324575813 23.0247390720944 15.2610567949356 12.3301029960716 12.9873479685445 12.4553769396881 7.3346742416049 8.29436919644815 12.1487149813282 9.42481411932954 7.61931992726818 3.27300998559859
4.19242688182888 3.82668110290577 3.18239282552456 5.11445390023221 2.2837152499173 7.89728505154533 17.7899376271095 15.7760968078834 6.57733392930495 6.61843390346035 16.0126477812017 25.5138793446064 30.2282539355694 27.6708442268937 26.1193603066273 29.4370757724676 36.3713808236386 36.0391929939095 34.5860999055436 37.1144252780588 33.1291522044828 21.1972443494678 10.8727728266152 4.82701069597765 11.4562281771529 19.782092916864 22.5607588693499 23.7778832538151 27.1586706039943 25.5429490596936 23.5793894095229 19.5018030880297 18.2620799214086 22.8641378237038 31.1892800155544 31.5936130354549 25.4663851166127 23.53527824774 24.0873996275169 21.6876686659856 16.8385454593079 17.2867272987421 12.9753178334288 4.47707406129696 3.08752810254398 2.92632737286573
