0.127857 0.672497 0.0314419 0.0204141 0.11842 0.0293713
0.0571409 0.775136 9.9991E-05 0.0270786 0.0997348 0.0408092
0.15925 0.628424 0.0275694 0.0376949 0.146962 9.9991E-05
9.9982E-05 0.744727 0.048442 0.0111342 0.195497 9.9982E-05
9.9982E-05 0.879287 0.0395502 0.00299933 9.9982E-05 0.0779638
9.9973E-05 0.856694 9.9973E-05 9.9973E-05 0.0111728 0.131834
0.0317173 0.762076 9.9982E-05 9.9982E-05 0.0226146 0.183393
9.9982E-05 0.762638 0.00425885 0.0526155 0.180288 9.9982E-05
0.155079 0.690179 0.0817336 9.9982E-05 9.9982E-05 0.0728087
0.205683 0.438667 0.011869 0.00997906 0.333702 9.9991E-05
0.0869789 0.229786 0.0398061 0.044848 0.598481 9.9991E-05
0.236505 0.467728 9.9991E-05 0.0183803 0.210816 0.0664715
0.0869215 0.00559515 0.065051 0.0485054 0.771184 0.0227425
0.263578 0.436528 0.161368 9.9982E-05 0.138327 9.9982E-05
0.174196 0.651951 9.9982E-05 0.0484718 9.9982E-05 0.125181
0.108536 0.607221 0.0271294 0.0110077 0.246006 9.9991E-05
0.179165 0.736753 0.0837819 9.9973E-05 9.9973E-05 9.9973E-05
0.0829278 0.812904 9.9982E-05 0.0460122 9.9982E-05 0.0579561
0.552093 0.14245 0.0705878 0.0445735 0.110321 0.0799749
0.69476 0.165581 9.9982E-05 9.9982E-05 0.0741877 0.0652714
0.677899 0.251989 0.0399626 9.9982E-05 0.0299494 9.9982E-05
0.846996 0.012576 0.0818965 0.010339 0.0480923 9.9991E-05
0.855529 9.9982E-05 9.9982E-05 0.0442638 0.0990502 0.000957441
0.692735 0.207712 9.9982E-05 0.0193075 9.9982E-05 0.0800457
0.694653 0.238229 9.9982E-05 9.9982E-05 0.0642901 0.00262813
0.891332 0.0219143 9.9991E-05 0.00778274 0.0549179 0.0239527
0.901092 9.9973E-05 0.0730909 0.0255171 9.9973E-05 9.9973E-05
0.871412 9.9973E-05 9.9973E-05 0.0232904 9.9973E-05 0.104997
0.882083 0.0521518 0.0654656 9.9973E-05 9.9973E-05 9.9973E-05
0.853114 9.9982E-05 0.0260292 9.9982E-05 0.0518829 0.0687735
0.925727 0.00538517 0.00900278 0.00314071 0.00342578 0.0533188
0.816879 0.0592408 0.0806856 0.042995 9.9982E-05 9.9982E-05
0.754023 0.089879 9.9991E-05 0.0576522 0.0634363 0.0349091
0.15306 0.481838 9.9991E-05 0.0681132 0.28827 0.00861868
0.32627 0.521127 0.0901311 9.9991E-05 0.0489122 0.0134598
0.0742039 0.727 0.168073 9.9982E-05 0.0305232 9.9982E-05
0.00956204 0.668877 9.9991E-05 0.0286099 0.274329 0.0185222
0.136542 0.531276 0.0353193 0.00626582 0.179363 0.111235
9.996E-05 9.996E-05 9.996E-05 0.9995 9.996E-05 9.996E-05
0.775099 9.9982E-05 9.9982E-05 0.0256968 0.170169 0.0288357
0.0648358 0.720452 9.9973E-05 9.9973E-05 9.9973E-05 0.214413
0.148786 0.578854 9.9973E-05 9.9973E-05 0.27206 9.9973E-05
0.22568 0.320928 9.9982E-05 9.9982E-05 0.240477 0.212716
0.113993 0.0848743 0.104733 0.0531707 0.586489 0.0567401
0.0193528 0.0141744 9.9991E-05 0.00453647 0.879046 0.0827907
9.996E-05 9.996E-05 9.996E-05 0.9995 9.996E-05 9.996E-05
0.234359 0.371045 0.111348 0.0678498 0.215298 9.9991E-05
0.106031 0.286671 9.9982E-05 9.9982E-05 0.46821 0.138887
0.365516 0.273838 0.027358 0.0136803 0.206213 0.113395
9.9982E-05 9.9982E-05 0.0676725 0.0427293 0.126138 0.763261
9.9982E-05 9.9982E-05 0.456711 0.018784 0.0781974 0.446107
9.9982E-05 0.102239 0.424576 0.00749457 9.9982E-05 0.465491
9.9982E-05 9.9982E-05 0.47414 0.0586177 0.190982 0.276061
0.0306174 0.000805393 0.643707 0.0310817 9.9991E-05 0.293689
0.083662 9.9973E-05 0.613798 9.9973E-05 9.9973E-05 0.30224
9.9973E-05 0.172357 0.806352 9.9973E-05 9.9973E-05 0.0209908
9.9991E-05 0.0749499 0.146148 0.00924193 0.0393118 0.730249
9.9964E-05 9.9964E-05 9.9964E-05 0.0236701 9.9964E-05 0.97593
9.9982E-05 9.9982E-05 0.685199 0.0316621 0.13032 0.152618
9.9991E-05 0.0629966 0.359141 0.0215663 0.212778 0.343418
9.996E-05 9.996E-05 9.996E-05 9.996E-05 9.996E-05 0.9995
0.0352601 0.0479696 0.490151 9.9991E-05 0.13897 0.28755
9.9982E-05 9.9982E-05 0.174747 0.0782314 0.519233 0.227589
0.737303 0.147186 0.0921135 0.0231974 9.9982E-05 9.9982E-05
0.761635 0.0834076 0.027075 0.0411776 0.0866044 9.9991E-05
0.766968 0.172311 9.9982E-05 0.0173677 9.9982E-05 0.043153
0.0243709 0.0655065 0.483746 0.010712 0.100591 0.315073
9.9982E-05 9.9982E-05 0.338247 0.0648786 0.356472 0.240203
0.060577 9.9991E-05 0.646867 0.0125506 0.169598 0.110307
9.9982E-05 9.9982E-05 0.342607 0.0357695 0.223689 0.397734
0.0226389 0.0199181 0.655645 0.0321692 0.0526971 0.216931
9.9991E-05 0.2133 0.0706902 0.0176739 0.575251 0.122985
0.00920895 0.166673 9.9991E-05 0.020148 0.612454 0.191415
9.9973E-05 0.0627989 9.9973E-05 9.9973E-05 0.78754 0.149361
9.9964E-05 9.9964E-05 9.9964E-05 0.0182806 0.98132 9.9964E-05
0.115714 9.9991E-05 0.0198057 0.032324 0.81956 0.0124955
9.9973E-05 9.9973E-05 9.9973E-05 0.0357471 0.918203 0.0457495
0.0908261 0.0659792 9.9991E-05 0.0186512 0.730852 0.0935912
9.9982E-05 0.0527761 0.376625 9.9982E-05 0.226801 0.343598
0.0475525 9.9991E-05 0.321871 0.102322 0.33746 0.190695
0.0910912 9.9991E-05 0.564932 0.0131849 0.0596238 0.271068
0.106611 9.9982E-05 0.505181 0.0568396 9.9982E-05 0.331169
9.9991E-05 0.116758 0.702567 0.0436454 0.00616235 0.130767
0.724896 0.0428398 0.0235089 9.9991E-05 0.192243 0.0164122
0.1203 9.9982E-05 0.166336 9.9982E-05 0.573136 0.140028
9.9973E-05 9.9973E-05 0.0732036 9.9973E-05 0.867553 0.058943
9.996E-05 9.996E-05 9.996E-05 0.9995 9.996E-05 9.996E-05
0.228203 0.642958 9.9982E-05 9.9982E-05 0.0776903 0.0509493
0.129736 0.693981 9.9991E-05 0.0487515 0.0871158 0.0403153
0.170958 0.551607 9.9991E-05 0.0415322 0.141489 0.0943135
0.256035 0.333526 0.0619672 0.0554202 0.264169 0.0288832
0.0465108 0.741715 0.137111 9.9982E-05 0.0744635 9.9982E-05
0.0149167 9.9973E-05 9.9973E-05 9.9973E-05 0.747866 0.236918
0.549516 0.209741 9.9991E-05 0.0436766 0.104511 0.0924559
9.9991E-05 0.0738454 0.194551 0.0801357 0.627981 0.0233868
0.295082 0.245751 0.0860381 0.0229901 0.341606 0.00853212
0.0971161 0.823526 9.9982E-05 0.000703538 9.9982E-05 0.0784547
0.0761125 0.587427 0.0128677 9.9982E-05 0.323392 9.9982E-05
0.106222 0.579937 0.000490374 9.9991E-05 0.309876 0.00337509
0.0103947 0.638216 9.9991E-05 0.0058463 0.211442 0.134001
0.0151092 0.500781 9.9982E-05 0.0137441 0.470166 9.9982E-05
0.106642 0.645042 9.9973E-05 9.9973E-05 0.248015 9.9973E-05
0.044676 0.0595002 9.9991E-05 0.0286763 0.628847 0.238201
0.118506 0.0323634 0.135022 0.0692457 0.520197 0.124666
9.9991E-05 0.0459803 0.138139 0.0818845 0.620305 0.113591
0.252871 0.124797 9.9982E-05 0.000813076 0.621319 9.9982E-05
0.156246 0.254168 0.0534591 9.9991E-05 0.434192 0.101835
0.429983 0.40488 0.136321 9.9982E-05 0.0286152 9.9982E-05
9.9982E-05 0.150801 0.630321 0.0243361 9.9982E-05 0.194342
9.9982E-05 9.9982E-05 0.604423 0.0333543 0.18686 0.175163
0.168415 0.0494105 0.00349345 9.9991E-05 0.576924 0.201657
0.0839462 0.218856 9.9991E-05 0.0322358 0.424591 0.240271
0.242542 0.00383882 9.9991E-05 0.0447242 0.438074 0.270721
0.695298 9.9964E-05 9.9964E-05 9.9964E-05 0.304302 9.9964E-05
0.0257403 9.9991E-05 0.638006 0.0600187 0.22157 0.0545647
0.0381686 0.0115919 0.267705 9.9991E-05 0.201214 0.48122
9.9982E-05 0.0391573 0.387363 9.9982E-05 0.420061 0.153219
0.448331 0.390923 0.0772706 0.051781 9.9991E-05 0.0315945
0.238807 0.678875 0.0786198 0.00349834 9.9982E-05 9.9982E-05
0.00671367 0.718102 0.0211081 0.00865364 0.192681 0.0527407
0.0553722 0.759416 0.07874 9.9982E-05 9.9982E-05 0.106272
0.312835 0.595358 0.0915077 9.9973E-05 9.9973E-05 9.9973E-05
0.147752 0.681724 9.9991E-05 0.00307274 0.0868103 0.0805405
0.101417 0.728127 0.0799715 9.9982E-05 0.0902847 9.9982E-05
9.9982E-05 0.837267 0.0270663 0.0110346 9.9982E-05 0.124433
0.39277 0.380886 0.0584613 9.9982E-05 0.167683 9.9982E-05
0.107502 0.690221 0.0943357 9.9982E-05 0.107742 9.9982E-05
0.158746 0.612715 9.9982E-05 0.0630901 0.165249 9.9982E-05
0.0839863 0.707187 9.9991E-05 0.0209436 0.186117 0.00166621
0.227874 0.525561 0.0823366 9.9991E-05 0.0990391 0.0650898
0.0488827 0.671096 0.107865 0.0418949 0.116555 0.0137058
0.241845 0.427649 9.9982E-05 9.9982E-05 0.287994 0.0423119
0.057082 0.80952 0.0837131 9.9982E-05 0.0494845 9.9982E-05
0.810778 9.9964E-05 9.9964E-05 9.9964E-05 0.188822 9.9964E-05
0.882374 0.0889652 9.9973E-05 9.9973E-05 0.0283606 9.9973E-05
0.86483 0.0844615 9.9973E-05 0.0504091 9.9973E-05 9.9973E-05
0.7491 0.119884 0.0331978 0.0238858 0.00865267 0.0652793
0.774991 0.0594419 0.00804884 0.0210301 0.0241252 0.112363
9.9982E-05 0.668327 0.127567 0.0120991 0.191807 9.9982E-05
0.12603 0.549279 0.000277925 0.0310882 0.274094 0.0192305
9.9964E-05 9.9964E-05 0.258538 9.9964E-05 9.9964E-05 0.741063
0.0290856 9.9991E-05 0.864619 0.0211886 0.0538435 0.031163
0.0353906 0.0139764 0.77074 0.00564368 9.9991E-05 0.174149
0.0537514 9.9973E-05 0.728966 9.9973E-05 0.216983 9.9973E-05
9.9991E-05 0.000872013 0.684606 0.00908979 0.0635283 0.241804
0.101289 9.9982E-05 0.531234 9.9982E-05 0.0459591 0.321318
9.9973E-05 9.9973E-05 0.909429 0.0270947 9.9973E-05 0.0631762
0.040213 9.9982E-05 0.432322 9.9982E-05 0.0509056 0.476359
0.0621832 0.00073281 0.712083 9.9982E-05 9.9982E-05 0.224801
0.0311762 9.9991E-05 0.445254 0.0274474 0.0563717 0.439651
9.9982E-05 9.9982E-05 0.892233 0.033292 0.0697778 0.00449715
0.0536123 0.036034 0.657963 0.0150357 0.0408308 0.196524
0.0415335 0.044336 0.797066 0.0113453 9.9991E-05 0.10562
0.0557386 9.9982E-05 0.517966 0.00430277 9.9982E-05 0.421793
9.9982E-05 9.9982E-05 0.555601 0.00377674 0.0864292 0.353993
9.9982E-05 0.00907762 0.858666 0.0126037 9.9982E-05 0.119453
0.049857 9.9982E-05 0.778125 0.0176444 9.9982E-05 0.154173
0.0385382 9.9973E-05 0.227893 9.9973E-05 0.733268 9.9973E-05
0.0463434 0.0619237 0.0110855 9.9982E-05 0.880447 9.9982E-05
9.9973E-05 9.9973E-05 0.709834 9.9973E-05 0.0966141 0.193252
9.9991E-05 0.182481 0.346638 0.0424181 0.00245788 0.425906
9.996E-05 9.996E-05 9.996E-05 9.996E-05 9.996E-05 0.9995
9.9973E-05 0.161552 9.9973E-05 9.9973E-05 0.634624 0.203524
0.0137202 0.798717 0.0807143 0.02027 0.0864781 9.9991E-05
0.207815 0.71091 0.0504765 0.0305993 9.9982E-05 9.9982E-05
0.402283 0.402331 9.9982E-05 9.9982E-05 0.0867864 0.1084
0.594974 0.25675 9.9991E-05 0.00354892 0.127298 0.0173284
0.805665 9.9964E-05 9.9964E-05 9.9964E-05 0.193935 9.9964E-05
0.815656 0.0816092 9.9973E-05 9.9973E-05 9.9973E-05 0.102435
0.774463 0.170533 9.9982E-05 0.0188545 9.9982E-05 0.0359495
0.738359 0.0974088 9.9991E-05 0.0135942 0.0755265 0.0750115
0.707457 9.9982E-05 0.107283 0.0288068 0.156253 9.9982E-05
0.801464 0.0395221 0.0612038 0.0229811 0.0747295 9.9991E-05
0.0939695 0.732765 0.0190542 9.9991E-05 0.11126 0.0428517
0.00304851 0.646421 9.9991E-05 0.0528812 0.160891 0.136658
9.9982E-05 0.640864 9.9982E-05 0.0447742 0.221119 0.0930432
9.9973E-05 0.681535 0.125588 9.9973E-05 0.192576 9.9973E-05
9.9973E-05 0.731716 9.9973E-05 0.0303658 0.237618 9.9973E-05
0.00229415 0.572487 0.0602086 0.00742348 0.357487 9.9991E-05
0.180073 0.513723 9.9982E-05 9.9982E-05 0.235765 0.0702395
0.201002 0.534203 0.0927269 0.0120644 0.132526 0.0274771
0.109588 0.618755 0.0520877 0.0393377 0.180132 9.9991E-05
0.174345 0.565973 0.0739753 9.9982E-05 0.185507 9.9982E-05
0.0929535 0.691374 0.123202 0.0413832 0.0509879 9.9991E-05
0.671917 0.00485546 0.171821 0.151207 9.9982E-05 9.9982E-05
9.9991E-05 0.052562 0.0586746 0.0228523 0.0971064 0.768705
0.099123 9.9982E-05 0.622107 0.0516058 9.9982E-05 0.226964
9.9973E-05 9.9973E-05 0.925783 0.00976132 0.0641558 9.9973E-05
9.9982E-05 0.0865787 0.777202 0.00405664 0.131962 9.9982E-05
0.0862713 0.0297027 0.75395 0.00868516 9.9991E-05 0.12129
0.303606 0.430628 0.0543576 0.0107329 0.0639732 0.136703
0.277128 0.533327 9.9991E-05 0.0264385 0.130307 0.0326998
0.130135 0.732445 0.0222747 0.0703026 9.9991E-05 0.044743
0.212676 0.498736 9.9991E-05 0.0613783 0.214221 0.0128878
