0,33.7421998575262,34.0041273240087,35.4709415766926,45.3977752394408,43.348643001344,48.0535357618035,42.3579618471733,71.3817920741774,69.9472576000141,100.303076237063,68.6672697165372,69.6182830946917,71.1628648215816,80.5374369713282,76.5913917712442,60.7532618915398,65.1584012518478,63.9629397146461,62.0959228946649,53.8103586824181,54.855138820052,53.8940403856754,82.9627876096584,99.75040888097,104.60690670729,89.122941422713,88.5757137718398,64.928675759259,68.0563926505618,68.0146451906653,72.9990881445233,89.0322937108468,55.1611077102151,76.0453086652065,76.1133991292118,66.7182800159796,92.9858784484433,93.8521011430326,93.7655321881944,96.0814391396014,98.2163611821309,99.480613264999,99.6916087351905,96.8966357124896,97.9900665511184,98.547679463039,97.9114239083678,98.6753151079287,96.2459541365927,97.8439751501881,57.7395442751085,56.9143781804839,57.9433607890966,57.540643041757,57.9088958861441,57.2909819896589,56.7085841628215,47.2630755853062,50.2767655990299,49.8034455479424,48.8566105641202,48.0404401879762,77.8782142838195,58.2102526391171,65.4722545381548,101.836494709984,102.382904953565,101.28313155193,99.6589840554381,96.5791098411903,99.4428278147035,96.6055962211068,97.6592027238546,96.589529319059,66.6202553830139,68.4648204614495,93.8784548946967,52.799281233186,55.958243866725,67.3574437175549
33.7421998575262,0,37.462173217325,32.8647262115733,38.4612250664844,44.5838053994384,48.5946063034602,40.4655834643642,71.2691019172417,69.839209207318,101.162704430466,68.6004546876723,69.5402063291888,71.0762031920262,81.6311307990104,77.6111106585947,61.204548927927,65.6428521392305,64.4104520590006,62.589709351439,55.1729664296694,56.2679082850138,55.326470871414,83.5434892534376,100.766127935804,105.601153289133,89.5072084989045,89.0196954549176,66.1238640385155,67.9002978503405,67.8463245491407,72.8805515479845,90.0390044601218,56.6058469029,77.0368957149714,77.1078217834724,66.678313201947,93.8886909635283,94.7585927804738,94.667553632967,96.9626949275543,99.09617097929,100.357131798433,100.566838788472,97.7749527432359,98.8761039148727,99.4284278477961,98.7943676398421,99.5569611598975,97.127196201151,98.7330539287909,58.5267738832468,57.7275023239827,58.7817406713686,58.2210927481785,58.9391488794711,58.3157096953774,57.6953600715646,48.7330360230376,51.8329859835612,51.4804406499246,50.5759307584979,49.9225166146989,78.2481440282583,58.1144766874539,65.7272066173344,102.762398186428,103.314213578892,102.212156839671,100.585659706621,97.438782940662,100.303167219227,97.4779476556479,98.5326947988822,97.436310808297,67.2273361651803,69.087761516915,94.7507668639838,53.7299281697326,57.8789954105019,67.1707590001115
34.0041273240087,37.462173217325,0,43.5062546951747,49.1720411262984,34.6131386272908,43.3459741652972,35.8819667454071,72.3853995928001,70.9341086067186,100.826745028052,69.8107423624229,70.7511571570605,72.2398731438082,81.1335175996576,77.106256090248,62.5282925287981,66.9066626745737,65.7166024289675,63.8624601951978,55.5651952147008,56.3987359000635,55.5299745097892,83.1916820420988,100.442726676011,105.270868367497,89.3290930127451,88.7694927572442,65.748798252685,68.5706217385693,68.5102100443491,73.6966617916703,89.6831044420311,56.4551408615626,76.5155795996277,76.5686937478988,67.9253716985278,93.5407471397561,94.4108307748872,94.3217604846143,96.6143086495771,98.7491148287978,100.009308761904,100.22037774893,97.4340811399259,98.5341844374135,99.088182521515,98.4526543954431,99.2170350363186,96.7860935457504,98.3909761274882,59.5519400750674,58.7519782866473,59.7323634794496,59.3835276725148,59.5739550009045,59.0027815399895,58.464212979202,46.0494175060979,52.114913155221,51.597669722754,50.8245569397436,49.9476483949708,79.5381042603732,57.1020613199433,65.5115666507677,102.421661142728,102.973720983032,101.87136446758,100.24455772856,97.0988391491599,99.9624717059792,97.1376429152172,98.1917981698242,97.0979574563447,66.567970397875,68.4684207840635,94.2714999669492,52.4382383313497,56.881565233891,68.3324931249032
35.4709415766926,32.8647262115733,43.5062546951747,0,34.0917970879247,48.1049574794114,50.8148030469847,44.9446843447953,69.5080102380588,68.0961589704529,99.8521837707975,66.6768764993671,67.6297285433294,69.2294120091409,80.2380819745259,76.297352627223,58.5583039999981,63.0319348172643,61.7899052936632,59.95743913531,52.6674340904376,53.9820901794659,52.9549086606531,82.5290028791914,99.2857844438045,104.149059082824,88.5346505992783,88.052157927684,64.5164696385626,66.6898259378659,66.6589734026095,71.4603862150654,88.5987309936654,54.567042515636,75.7660120516545,75.8504935222553,64.6807079274075,92.5457286002253,93.4117420769074,93.3233748689299,95.6419234013306,97.7756179319294,99.040618546827,99.250355736831,96.4501287208861,97.5444553156343,98.1005597296067,97.4656536529547,98.2278865861513,95.7996312157128,97.3984785180203,55.864803053632,55.039744282308,56.1508572415642,55.5140070947754,56.4617229357987,55.7890533296912,55.1175021901162,48.7040665740379,49.2954205566816,49.0205521233911,47.9626556984588,47.4213682802033,75.735264235525,58.4356282321321,64.9325323440605,101.389317457405,101.935434788384,100.835970300182,99.2121415964765,96.131934717868,98.9963468391403,96.1586241107774,97.2127714556729,96.1410027463538,66.4627155332867,68.2716420455641,93.5596250070795,53.1762412569373,56.2600569266673,65.4533539880987
45.3977752394408,38.4612250664844,49.1720411262984,34.0917970879247,0,52.3492267682157,54.4990766220176,47.9816310198782,72.05124879626,70.6459414460947,103.335939034224,69.2567663943829,70.1981704947519,71.7937481855678,83.9218786482971,79.9166959285261,61.6663532481582,66.1733018014128,64.8931440698454,63.1093717087111,56.6773705080247,58.0043529782077,57.0075491591942,85.7722241761615,102.909355661267,107.753183657117,91.6076454843123,91.1783137633688,68.2953251681668,69.2443426570119,69.2049177712109,74.0270784972101,92.2127799228425,58.5865688225623,79.360495004813,79.4468769621617,67.2845165709595,96.067622789303,96.9369202255697,96.8446333227572,99.144609122622,101.277053135879,102.539104098201,102.747730985314,99.9504078777408,101.05158569814,101.603024664797,100.970032356096,101.731161415558,99.3025110186123,100.908315694592,59.3212573871873,58.5264316173109,59.6559350244472,58.8654205277914,60.1427856903484,59.470791993331,58.7676387327868,52.6349501599736,53.4905365925222,53.3066568751023,52.3217390957106,51.8930142010852,78.7558763600044,61.3566360078089,67.9116292974613,104.932050186451,105.482999293387,104.381486396666,102.755549910317,99.6156294253384,102.48061615593,99.6536024788149,100.708749839845,99.6132619318275,69.7436004967007,71.5623449342297,97.0519740788085,56.72533983565,60.5921001934117,67.9204645555047
43.348643001344,44.5838053994384,34.6131386272908,48.1049574794114,52.3492267682157,0,34.2597457569653,32.7605056075665,72.3911831398945,70.9236538749064,100.350412235093,69.9417762966194,70.8735706230264,72.3111400231709,80.7346703254054,76.6252815033275,63.2048602036343,67.5601442389111,66.3750107638388,64.5314147488467,56.2421854495116,56.8986174191612,56.1119056388803,82.4195504945483,100.131353305263,104.931882159423,88.5370740752059,87.9631506053763,65.5687627136956,68.1189325017983,68.041987693818,73.4156529217606,89.3320739172925,56.7383403398192,75.9899723329817,76.0285602644279,68.1127893540436,93.0951702619326,93.9690415308993,93.8774860197085,96.1471272594607,98.2818054993368,99.5380186016712,99.7491463752288,96.97131283782,98.0779751603327,98.6284070394834,97.9936096834717,98.7584494620021,96.3259711850901,97.9375972253808,60.2584016646572,59.4795939253334,60.4191650461387,60.1156922607802,60.1560842758063,59.6253748199131,59.1237838518244,43.7268697194594,52.8809522483349,52.3431515763382,51.7163187227543,50.8162265952257,80.1167750709132,54.8196260965508,64.5495191125503,102.005679699902,102.563272620977,101.458390007454,99.8289825538989,96.6186689640118,99.4822232833838,96.6695705226353,97.7242703186864,96.6066705627213,65.497561530777,67.4582346961918,93.6664526177643,51.0336944294437,56.9328740295222,68.3209839264081
48.0535357618035,48.5946063034602,43.3459741652972,50.8148030469847,54.4990766220176,34.2597457569653,0,35.424138771857,71.7983491568802,70.3151310830887,99.2661793872897,69.4598259600258,70.3848986600448,71.775993425823,79.7318782737908,75.5405564710662,63.1850159139963,67.5198935079339,66.3398090867822,64.5041022512415,56.2198705907282,56.7295588680792,56.0135548376965,81.0410663112714,99.2062456000075,103.980252418062,87.142451133685,86.5518504344775,64.7761823467189,67.1018525338505,67.0107519810038,72.5555334287952,88.3696053080687,56.3852400920678,74.8611351247238,74.8858588435719,67.6801872961673,92.0408161133035,92.9183524593191,92.8243648630176,95.0718444103024,97.2063875783791,98.4587470388095,98.6699215269676,95.900241389462,97.0132606333537,97.5602259159095,96.926149404009,97.6914164589609,95.2574623490967,96.8756228051269,60.2569602279671,59.4954110014036,60.400405087499,60.1376442264286,60.0462022334909,59.5502833318762,59.0803385331544,40.8779807033524,52.941986477845,52.3966344071814,51.8877996294671,50.9841196617449,80.0150856214975,51.7071478887785,62.9814319093578,100.979845543264,101.542782676554,100.435463594038,98.8035475265304,95.5307397906294,98.3942219933348,95.5933605885131,96.6485920463255,95.5079579987479,63.8020281231744,65.8279473183363,92.4567235763855,48.9833544134057,56.4665032023566,67.7217242791003
42.3579618471733,40.4655834643642,35.8819667454071,44.9446843447953,47.9816310198782,32.7605056075665,35.424138771857,0,69.6898911303557,68.2276408746917,98.7439912475621,67.2819386451455,68.2031012877982,69.6338633652242,79.3786656075647,75.2081806176987,60.9956152297925,65.3820801008735,64.1634934876272,62.3606351824843,54.837207052553,55.5980043173064,54.7999029537442,80.5679941452123,98.6571310105875,103.440945232367,86.4581671255259,85.957304279774,64.2614437695777,65.3783112132808,65.2865186401408,70.7180131750659,87.8592417237794,55.5423191763883,74.5536736461636,74.600261235709,65.4768263469979,91.5297780027944,92.4067968045699,92.3107832969559,94.5631102384304,96.6961456262733,97.9497168302049,98.159329691264,95.3825671728577,96.4962483109569,97.0415957090448,96.4091320345944,97.1723268921622,94.739836853618,96.3585618722652,58.3484135819712,57.5882707054126,58.5593273739506,58.1053035151164,58.4943780905985,57.9474940174184,57.4024440840696,43.8564660690888,51.6067545704189,51.1787727532122,50.5258485511656,49.7705714307031,77.8395297511856,52.060818386275,62.3342015085941,100.458290743099,101.020515123884,99.9137326084141,98.2823704551578,95.0134345574308,97.8777853256114,95.0754713261311,96.1313342950097,94.9897588534402,63.7481922978695,65.7143612297579,92.1133196693568,49.8214874173532,56.3185984459861,65.5443889106217
71.3817920741774,71.2691019172417,72.3853995928001,69.5080102380588,72.05124879626,72.3911831398945,71.7983491568802,69.6898911303557,0,26.0991211110942,107.798163182885,45.5940076565152,45.3456904950276,41.363574842303,90.7428770536914,86.1508425014859,62.5323228101639,66.8499494190218,65.2959717533555,64.2350769010808,66.3180977822417,67.5410983934553,66.7968846840836,88.2303420028796,108.901702893033,113.541026391475,91.9724899047894,92.3601500575682,75.8844639483232,60.5752028975764,61.1759432920489,58.7147946666167,98.1427341128139,68.0236978711968,85.4027229828233,85.5471954910853,47.566562385519,100.97881160845,101.883772133022,101.744005094003,103.846654879869,105.962050149443,107.193923150329,107.3868936116,104.607165593078,105.786356429413,106.282338027819,105.673990204729,106.418641045959,103.988477469564,105.673305352966,64.5148144474941,64.2061011750671,65.2441267230496,63.1738131365847,67.1780945135414,66.6062444057315,65.7174668981166,64.6913437436414,64.2636999743888,64.4976901451017,63.9983005370943,64.0123112730575,76.3079363250662,70.9788499859854,69.3385607939949,110.058128799942,110.662130477312,109.538502234288,107.889821439819,104.087972655846,106.96129836786,104.250619370526,105.318262302076,103.956413913013,74.5262684049613,76.0926846792494,102.045565934337,64.9416594023442,72.015895650882,46.8441335904439
69.9472576000141,69.839209207318,70.9341086067186,68.0961589704529,70.6459414460947,70.9236538749064,70.3151310830887,68.2276408746917,26.0991211110942,0,106.171613711002,44.6567327588136,44.8331711061357,40.8694535829154,89.186077472639,84.5734009601506,61.2450664425233,65.5544044182822,64.0081241632337,62.9390593600753,64.905563662343,66.1093383065076,65.3715782610801,86.535782573837,107.331911775042,111.963166539095,90.221199184017,90.6316141931277,74.3647359829248,58.7550616348151,59.3873959276612,56.5329278898015,96.5675512897235,66.5690038167353,83.817438560266,83.9625394167385,46.3809931555177,99.3675443468416,100.273812256564,100.132492127435,102.227782439473,104.342669319811,105.573389331946,105.765903735374,102.987268557402,104.16920118412,104.663310834971,104.055734786868,104.799936676874,102.369620377398,104.057232898145,63.1708067689311,62.858935942482,63.8911780647812,61.8477304571605,65.7888428690398,65.2216753842875,64.341067826111,63.1765199988289,62.8455642771458,63.0720531657979,62.5794853934298,62.5851531237654,75.0237972965464,69.4380692300829,67.6409847046753,108.455282401997,109.061232705797,107.936774575053,106.287240291833,102.461471248194,105.335038926243,102.62860343925,103.696650804831,102.325366624933,72.8962189781088,74.4558713801863,100.427349618801,63.3787441427321,70.5430339454757,46.3266317970593
100.303076237063,101.162704430466,100.826745028052,99.8521837707975,103.335939034224,100.350412235093,99.2661793872897,98.7439912475621,107.798163182885,106.171613711002,0,105.835895258769,106.793838564673,107.941000880873,93.7266991727914,86.4368238353475,100.099563771805,104.141765359321,103.162915896472,101.179276869348,91.1538746988544,90.1239185534528,90.3454529539034,98.8589052735266,91.0686281085357,91.4221775384969,110.865275400899,109.166103336563,83.0147620470989,101.893315936693,102.006814302468,107.026579517498,83.6129739819352,88.0185938088299,86.2956467856314,87.6646434307571,104.211502781288,63.4571034869175,64.6318783406266,61.5247405923986,66.7751986786279,67.2419757464096,69.9412253225799,68.4244612480379,53.047438144381,56.8769888732554,52.2921389062807,56.2276857158551,51.3306573256583,52.8615213232346,57.3530369836993,95.8405103499032,95.1840456099631,95.5661502519893,96.414228241607,93.2123215662468,93.3350350379109,93.4383716961251,88.8622062750856,89.3302144694711,89.1711513633611,89.5712771697598,89.1736439156349,116.735855877694,98.7576634637883,94.3899195378127,70.5306602202997,72.8211592758993,71.1606229428057,68.9803201315373,56.9101344904967,61.38299815319,52.1499161943199,54.9297110562152,60.3292346375687,93.935010460057,94.158859206485,101.05870955356,86.4876876501907,93.9399657008657,104.314881003396
68.6672697165372,68.6004546876723,69.8107423624229,66.6768764993671,69.2567663943829,69.9417762966194,69.4598259600258,67.2819386451455,45.5940076565152,44.6567327588136,105.835895258769,0,26.2766833481001,36.9625709721203,88.4186584399964,83.9585425152399,57.4433740929034,61.7017757893151,60.1044150309202,59.1837890229705,62.9622022055784,64.3343301129398,63.5519776119319,86.7506378390843,106.598545149972,111.288289101186,90.814056265451,91.0892105402712,73.2950874318989,60.7878766602736,61.2899439058962,60.0851485900088,95.8832938665178,65.0033933207231,83.266509034391,83.4138367874879,33.2991869006471,98.9311378188915,99.82825037862,99.6968684884695,101.84444949072,103.962267762768,105.201368046476,105.396429825665,102.607648249629,103.771028247577,104.277376436582,103.66510173776,104.411621964829,101.982888923424,103.65162083783,60.2796087462677,60.0506314613144,61.1080964849834,58.7397157728519,63.4492994675759,62.8509619269839,61.8850893171172,62.4237606164028,61.0145929146126,61.328846150561,60.7973965659954,60.8970512950864,70.4737574095476,69.1211200676299,68.142857249099,107.957496876441,108.549857021572,107.43126576308,105.787766477738,102.127302586162,104.999543916301,102.263431903477,103.328941655062,102.022087336149,72.8720255725007,74.4449662766768,100.102500048018,62.9356578248969,69.2630471159103,48.9845020923619
69.6182830946917,69.5402063291888,70.7511571570605,67.6297285433294,70.1981704947519,70.8735706230264,70.3848986600448,68.2031012877982,45.3456904950276,44.8331711061357,106.793838564673,26.2766833481001,0,35.873564295859,89.3915437751483,84.9230839542817,58.7193293604348,63.0017953941743,61.4039660629978,60.4627922482482,64.0099916801508,65.3705430827101,64.5898464323037,87.6739116836464,107.576280973622,112.262893754868,91.7214574020674,92.0005200560947,74.2876581489828,61.5498408947908,62.0482377985582,60.8751190322266,96.8573003639688,66.0239791640879,84.2269286106922,84.373409429975,37.2061919557171,99.8933861219052,100.790953262559,100.659181368457,102.804083978621,104.921825657447,106.1604767129,106.355482804326,103.567477852017,104.731708094428,105.237544055033,104.625425194397,105.371920950758,102.943052858045,104.612654392856,61.4378932852452,61.1955043987255,62.2551107693911,59.920295634152,64.5490421266406,63.95151676954,62.9932787695019,63.35958082472,62.0470340592303,62.3527574385686,61.8214188019659,61.9123666340411,71.9135279339097,70.0097432645253,69.0261574044918,108.923061333954,109.516090784271,108.397201754341,106.753396036525,103.084963226258,105.957230240466,103.222586754144,104.288190240864,102.978318490886,73.7844917718772,75.3603883318291,101.052388418114,63.861542028719,70.2501081460856,49.0002387391425
71.1628648215816,71.0762031920262,72.2398731438082,69.2294120091409,71.7937481855678,72.3111400231709,71.775993425823,69.6338633652242,41.363574842303,40.8694535829154,107.941000880873,36.9625709721203,35.873564295859,0,90.7076413936695,86.182284261659,61.0622901483092,65.3479719860164,63.7717008652927,62.784270180909,65.7549808777457,67.0549629665009,66.291346953238,88.6204659552654,108.873790281298,113.538485564802,92.5235585672526,92.8560049900424,75.7137964057274,61.9233621858596,62.4754977379041,60.6627629467244,98.13737994013,67.6339263728865,85.4628523514961,85.6091522143421,42.3377223680896,101.079257649432,101.980286755021,101.844662746015,103.969868099578,106.086438202642,107.321951135951,107.515929095256,104.731510491444,105.902821147974,106.403941908187,105.793670646561,106.539206872386,104.109791675852,105.786594842532,63.4916694698757,63.2249165680848,64.2726817318469,62.0469308297433,66.4188554355635,65.8335126163157,64.9047105874227,64.7004830794525,63.7571421018915,64.0331581230017,63.5176364901736,63.5764897366578,74.4439716830984,71.2096887711468,69.8912222782222,110.131900679975,110.730074654954,109.608972700118,107.962890769126,104.231728992829,107.104534512142,104.381116712246,105.447709334643,104.113309152623,74.8424258748985,76.4099636398861,102.202373571791,65.0826821371588,71.7679666293988,49.5016960503742
80.5374369713282,81.6311307990104,81.1335175996576,80.2380819745259,83.9218786482971,80.7346703254054,79.7318782737908,79.3786656075647,90.7428770536914,89.186077472639,93.7266991727914,88.4186584399964,89.3915437751483,90.7076413936695,0,55.0483329790784,80.7358158381899,84.7321995213578,83.8248093678666,81.736422681004,70.0567323912314,68.5899378470532,68.9858095308555,87.7897063333237,91.1017137880351,95.8995798089758,98.495202103283,96.9052869451451,55.81188693069,85.8047604779289,85.8572310174683,90.9080781377143,78.0590692259573,65.8177208222197,59.9978709941538,61.0148425037044,86.6227697082626,84.9683257673849,85.7638167968683,85.873478009413,88.5373217377476,90.7595243773495,92.0727942909797,92.3667694166906,89.7304622717703,90.6168327721159,91.3591591385357,90.6115624706464,91.483140342565,89.0087973954644,90.4011141926175,75.7476618464701,75.0485787394557,75.3533943974798,76.5532751720706,72.4981219538318,72.6779222839888,72.8981871280715,68.8132911628709,68.238973345776,67.9980355655113,68.5918478677602,68.1281714234532,97.6526086083058,80.1932068730876,78.8563080051664,93.7519124040933,94.2103118930497,93.1358101960802,91.537881191515,89.8566400701975,92.6787192680252,89.5892618397911,90.5940647518026,90.2232469323928,76.8483046518113,77.4512339818879,86.8372073313935,66.8312984138239,72.18084074982,87.1399430798926
76.5913917712442,77.6111106585947,77.106256090248,76.297352627223,79.9166959285261,76.6252815033275,75.5405564710662,75.2081806176987,86.1508425014859,84.5734009601506,86.4368238353475,83.9585425152399,84.9230839542817,86.182284261659,55.0483329790784,0,77.0369117889986,81.0656338747276,80.1200353605026,78.080501196337,67.0474058440516,65.7932123624697,66.076039631515,80.7398545113783,86.2741883989364,90.6103540797623,92.2733909427779,90.5154694482567,56.6201588358154,80.816777612472,80.8757638419935,86.0002456006471,72.6092882357287,63.2927350341655,40.1105821480262,43.9645104859942,82.2254869531514,77.8318926835849,78.6884824664595,78.8093642452455,81.0708011758158,83.3259561668687,84.5617707997227,84.8921130133887,82.5177804794029,83.4732409569908,84.2045322682897,83.4320711700403,84.3531847261638,81.828582506554,83.2945428290401,72.4018952499375,71.7117469364592,72.0770575224696,73.0809485641037,69.5307855782335,69.6452229213335,69.7869157267691,64.6088437575083,65.1161324154803,64.8583150964416,65.3580184708496,64.8687723076189,93.8504783647997,75.5761326514682,73.3094997313042,87.2098893174008,87.7517415334209,86.6355420978854,84.9944776608361,82.4181939851475,85.2209006849831,82.3141774957657,83.3124006466155,82.6686691984453,71.0840104017421,71.4475565068589,75.8557916144092,62.1081249195647,68.9334748533525,82.5591332302994
60.7532618915398,61.204548927927,62.5282925287981,58.5583039999981,61.6663532481582,63.2048602036343,63.1850159139963,60.9956152297925,62.5323228101639,61.2450664425233,100.099563771805,57.4433740929034,58.7193293604348,61.0622901483092,80.7358158381899,77.0369117889986,0,30.223276904669,22.7696019230642,23.3875336745027,49.277354796487,51.4942547734707,50.574006248077,83.824874222747,98.8860125261211,103.872492426645,89.598943488773,89.2918250592645,63.9991737706092,65.279950172699,65.4572170431888,68.067503453972,88.4518242226199,53.3101715999167,76.6799538226944,76.8575458119177,54.2378365256528,92.712748032475,93.5644714976467,93.4797362299934,95.8885017520744,98.0191545958163,99.300562471379,99.5065204823758,96.6607938423868,97.7339318726079,98.2986051682441,97.6649489900514,98.4207178466278,96.0012361331419,97.5780204246019,38.3522451971959,39.0945030812379,40.1768258737394,34.412386595672,46.098334483138,45.4053156582453,43.8560934494687,55.9803534731193,48.3744634894962,49.2643555224022,48.7072488753474,49.3822831508793,49.6290413883258,65.1223266452531,66.868940763094,101.427654246646,101.952694424483,100.863398756804,99.2500363352202,96.4035772416769,99.2702079452648,96.3871653769744,97.4408839659897,96.4488539841784,69.2341698986665,70.8003431975616,94.5952152242999,57.6050205789335,59.711680385974,59.7020984328455
65.1584012518478,65.6428521392305,66.9066626745737,63.0319348172643,66.1733018014128,67.5601442389111,67.5198935079339,65.3820801008735,66.8499494190218,65.5544044182822,104.141765359321,61.7017757893151,63.0017953941743,65.3479719860164,84.7321995213578,81.0656338747276,30.223276904669,0,26.5003661086417,22.1438431146357,53.167467681039,55.3446693958085,54.4685651104635,88.0002475643877,102.836507309634,107.838046639381,93.8208604978675,93.5017772577238,67.9036203337456,69.624680578453,69.8048127539355,72.3983591239345,92.4235180891144,57.1862159952739,80.7261158717255,80.90867756879,58.445701587129,96.7362637166024,97.5859175409026,97.5027920031277,99.9238302002404,102.054742078019,103.338216960438,103.544340678268,100.694750607101,101.764105143754,102.330986173778,101.696724201669,102.452480202635,100.033692682468,101.606599816711,40.8870503376383,42.1776962037153,42.6487885154085,37.7162865865261,49.0943906458898,48.5307350424489,46.9841148257012,60.2258812879547,52.4227192339589,53.3408639321799,52.8423986875653,53.5318951332279,47.3604246004927,69.4369285156106,71.1295834499993,105.43549644039,105.957463381401,104.869552952126,103.257615605856,100.447280697243,103.313837487013,100.424141719404,101.477473765255,100.498900915766,73.4434856743365,75.0005325095169,98.6789423172389,61.8135633005002,63.8247222069034,64.0995126556265
63.9629397146461,64.4104520590006,65.7166024289675,61.7899052936632,64.8931440698454,66.3750107638388,66.3398090867822,64.1634934876272,65.2959717533555,64.0081241632337,103.162915896472,60.1044150309202,61.4039660629978,63.7717008652927,83.8248093678666,80.1200353605026,22.7696019230642,26.5003661086417,0,22.7700584699646,52.4695208602643,54.6518291711408,53.7497241367379,86.8706534330272,101.961698903506,106.946713720022,92.6241850624087,92.3250501837541,67.0935240320926,68.2257524878784,68.4092568861356,70.9504076087372,91.5282223416741,56.4487756236767,79.7614431143841,79.9398844619022,56.8324383733244,95.7802011674295,96.6322197599445,96.5470285886937,98.9542016235437,101.084675367236,102.365847994634,102.571638178151,99.7259109793547,100.799732790921,101.363894348971,100.730485559647,101.486066621565,99.0666048243831,100.644079287035,41.2950714667819,42.212579935537,43.0637769405525,37.7259123072572,49.0722373211547,48.42927072642,46.898012707622,59.1155860830352,51.5923430614173,52.4769542710503,51.9391130422927,52.6044188511454,49.3857930969788,68.2240242334483,69.9044452311586,104.496694088084,105.022169940197,103.932698920908,102.319156109643,99.4671179108311,102.333838195156,99.4517652710007,100.505604797704,99.5112633278622,72.3025687387167,73.8665043639676,97.666020204478,60.7070836513314,62.8765412392982,62.5450601752306
62.0959228946649,62.589709351439,63.8624601951978,59.95743913531,63.1093717087111,64.5314147488467,64.5041022512415,62.3606351824843,64.2350769010808,62.9390593600753,101.179276869348,59.1837890229705,60.4627922482482,62.784270180909,81.736422681004,78.080501196337,23.3875336745027,22.1438431146357,22.7700584699646,0,50.0402118101837,52.2519060914367,51.3617812292337,85.0745051357753,99.8486202757055,104.853738479319,90.9230059386047,90.5939509486855,64.8895704303274,66.8265937491696,67.0007267995903,69.6629841472828,89.4377322010031,54.1193376790377,77.7451031038358,77.9274536376499,55.9888364967404,93.7669281816287,94.6159908042108,94.5335632336901,96.9579418395437,99.0890770695719,100.37308007361,100.579402584263,97.7292881276748,98.7974103814596,99.3651289650227,98.7305247403958,99.4864763909644,97.0677621591689,98.6394175883641,37.7323558292964,38.9151259062961,39.6116936975703,34.0041041222129,46.0867631215286,45.4754464136035,43.8995729572934,57.2169113630471,49.2928604696096,50.2218863431671,49.7114593403913,50.4143804640537,48.1535675553099,66.4734050244283,68.22668291877,102.462367248333,102.983459355451,101.895921091327,100.284366615395,97.4847985127599,100.351251221846,97.4596327961465,98.5127852847131,97.538469215351,70.4990439329781,72.0571127713149,95.7143294329939,58.8338789172251,60.7643420185248,61.4143644014151
53.8103586824181,55.1729664296694,55.5651952147008,52.6674340904376,56.6773705080247,56.2421854495116,56.2198705907282,54.837207052553,66.3180977822417,64.905563662343,91.1538746988544,62.9622022055784,64.0099916801508,65.7549808777457,70.0567323912314,67.0474058440516,49.277354796487,53.167467681039,52.4695208602643,50.0402118101837,0,28.6122473809774,23.4842232293919,77.2700991396117,88.4102416684193,93.6206875854392,84.4279712484771,83.6797685525885,51.9239117534011,64.5751112834151,64.6332730801372,68.8424248151352,78.150215407417,36.0414049957554,66.9848272401786,67.1863526104922,60.6749968124849,83.3827425255181,84.1988515946866,84.151970910873,86.765250469287,88.9065547391313,90.2211055631359,90.4361631183917,87.5478360160586,88.549628888703,89.1608909678998,88.50974734073,89.2736451624018,86.8608501572619,88.3649937631675,41.830067969246,40.6951340739828,41.2153041218626,43.2791342604834,38.2647019483406,37.3251952767779,37.3487747449923,47.5932543849401,27.0541473976189,30.6137570543004,31.8236314943298,33.8529366887667,67.1542356053627,59.341603531389,62.0457140860497,91.8583663321275,92.330954159692,91.2643215065299,89.6742803167396,87.4665184818379,90.3284990736916,87.3299060045911,88.3741128906513,87.6310145766591,62.4593592643295,63.9473135568166,85.8410745234491,49.6298713985144,46.7055720175214,62.7478250445935
54.855138820052,56.2679082850138,56.3987359000635,53.9820901794659,58.0043529782077,56.8986174191612,56.7295588680792,55.5980043173064,67.5410983934553,66.1093383065076,90.1239185534528,64.3343301129398,65.3705430827101,67.0549629665009,68.5899378470532,65.7932123624697,51.4942547734707,55.3446693958085,54.6518291711408,52.2519060914367,28.6122473809774,0,21.2630304542118,76.9215930009775,86.9675699208765,92.2391462313377,84.3813992921118,83.5484270949346,49.9573231785414,65.3257619067813,65.3772454232728,69.7352208589841,76.7567299967412,30.3089794250952,65.8254859757108,66.043018416052,62.1177767554428,82.2531750175845,83.0595985139727,83.0223303548493,85.6918260251998,87.8355333085326,89.1593554842947,89.3763758478777,86.4745217525021,87.4574305108955,88.0806889775298,87.4253268198055,88.1908149837512,85.7802180385917,87.2651054104244,44.2369242289049,43.2775268867469,43.5290826959201,45.737974596218,39.7070115250512,39.3504747883612,39.7470814920986,47.5853999453381,30.6443574745447,32.0150419768413,34.166777192044,35.123892192245,69.1873409673682,59.6708301915359,62.1721614978372,90.6622706208295,91.1207025616207,90.0602330062103,88.4765365995158,86.4403896113048,89.3013986578312,86.2714221602676,87.3132715740852,86.6365638000547,62.2308102713539,63.6722559607712,84.9320632947374,49.3438289361638,45.7853414029884,63.9540073798619
53.8940403856754,55.326470871414,55.5299745097892,52.9549086606531,57.0075491591942,56.1119056388803,56.0135548376965,54.7999029537442,66.7968846840836,65.3715782610801,90.3454529539034,63.5519776119319,64.5898464323037,66.291346953238,68.9858095308555,66.076039631515,50.574006248077,54.4685651104635,53.7497241367379,51.3617812292337,23.4842232293919,21.2630304542118,0,76.7494378070356,87.4465701625937,92.6773864029943,84.0755248017465,83.2765961596156,50.6744860555549,64.7135683905566,64.7652061454406,69.0880136657699,77.1874572156229,32.726456151477,66.0518571916341,66.2542702597158,61.3184765911897,82.5300802589381,83.3424272552536,83.3001940377738,85.9347349968385,88.0775194535782,89.3954687820213,89.6118380106612,86.7203512162145,87.7142608138796,88.3309420118872,87.6775343760892,88.4427909525497,86.0303819365819,87.5265264209997,43.4417768557533,42.4176941916653,42.8193862453712,44.8334358497952,39.5344781191281,38.9520791717524,39.1521369425943,47.0609080447716,27.0637753445985,29.391105616755,31.822095171146,33.279300274686,68.3227302262505,59.1018813324125,61.7666121454904,90.9826732181643,91.4498187157663,90.3854648129276,88.7977705250575,86.6580904139369,89.519400218831,86.5085099349399,87.5515494652035,86.8357940427539,61.9489342172266,63.418742249137,85.0371539404299,49.0150650623689,45.3512555803652,63.2049266221739
82.9627876096584,83.5434892534376,83.1916820420988,82.5290028791914,85.7722241761615,82.4195504945483,81.0410663112714,80.5679941452123,88.2303420028796,86.535782573837,98.8589052735266,86.7506378390843,87.6739116836464,88.6204659552654,87.7897063333237,80.7398545113783,83.824874222747,88.0002475643877,86.8706534330272,85.0745051357753,77.2700991396117,76.9215930009775,76.7494378070356,0,104.91314403468,108.797809006476,80.8982938448892,75.5784864394999,76.8796755528153,80.7159747993506,80.8250539856369,86.3192786876064,93.4935358058382,75.5041602519111,78.9408257733831,79.1317721392786,85.3550799137509,93.1349860183103,94.1600946140368,93.9167478418112,95.2977895279786,97.3969783591795,98.5023678627138,98.6858539337476,96.1376771764215,97.5364824669866,97.9033676322628,97.3314026206376,98.0747874185915,95.6058922300212,97.5153097842661,80.9284618642474,80.2929104907148,80.9328315291103,81.0016492825988,79.8376785738754,79.6543709403224,79.4341765018517,70.7288769765728,74.9481627061499,74.6870744803332,74.7752771087656,74.2583637930472,100.087032094296,78.8372629487703,69.4360941750135,103.06130214503,103.835224059058,102.636630988507,100.910696687586,95.0439645105797,97.9188998032204,95.6055599931632,96.6953351389571,94.5306524978741,68.884510426584,67.8344217085961,90.9457984123723,66.8499469817149,78.9427851378192,84.7370731289145
99.75040888097,100.766127935804,100.442726676011,99.2857844438045,102.909355661267,100.131353305263,99.2062456000075,98.6571310105875,108.901702893033,107.331911775042,91.0686281085357,106.598545149972,107.576280973622,108.873790281298,91.1017137880351,86.2741883989364,98.8860125261211,102.836507309634,101.961698903506,99.8486202757055,88.4102416684193,86.9675699208765,87.4465701625937,104.91314403468,0,49.1441893648593,115.848036264691,114.304129495246,76.5247900068204,103.957313469011,104.039384134901,108.958101970394,73.7122547838196,84.5234110429231,87.2517747678337,88.6158923496471,104.811122253569,80.0573566095342,80.1430986601566,79.9346762241032,87.2736130948517,89.1896693005831,91.311113627668,91.2794602646005,85.693304044395,85.6117413957532,86.5300005357445,86.1004147863042,86.3046865986535,84.5197775337388,84.8824324785861,93.6876265502263,93.0210575290581,93.2182796187739,94.6086932704612,89.9764887468363,90.329374614093,90.6620460143844,88.7855389440234,86.9630886485785,86.8982262857125,87.4856556583095,87.1879141161533,115.783115203741,99.5544157225049,97.3336024674576,79.322685555529,78.3346152949274,78.0699746153913,77.2880912459776,88.8126113860888,91.8062454653681,86.4193975074406,87.4802629777708,90.7511075769142,96.3792473605283,96.9202216560358,105.926924655561,87.1727482499802,92.1833757302569,105.365419750518
104.60690670729,105.601153289133,105.270868367497,104.149059082824,107.753183657117,104.931882159423,103.980252418062,103.440945232367,113.541026391475,111.963166539095,91.4221775384969,111.288289101186,112.262893754868,113.538485564802,95.8995798089758,90.6103540797623,103.872492426645,107.838046639381,106.946713720022,104.853738479319,93.6206875854392,92.2391462313377,92.6773864029943,108.797809006476,49.1441893648593,0,119.919088775813,118.343928429147,82.1739572811934,108.452082287954,108.537791929825,113.476795088222,77.9231754673996,89.836730911772,91.4696334127019,92.8752245067336,109.525018653738,80.4511811302722,80.4110886416223,79.9832281272471,88.2886414932852,90.1097347644515,92.3917517429951,92.2650750028355,85.8788263773305,85.6165636384023,86.4902692118231,86.2122382175038,86.157609713559,84.6072012640033,84.7720004313594,98.8208826089818,98.1549129261523,98.3828882624994,99.6866080947555,95.2850958898366,95.5985839949834,95.8937235784233,93.5478323091182,92.1070687593623,92.0233880944622,92.5827656676567,92.2655911525572,120.731096527698,104.200611297952,101.678064800475,76.4801499399816,74.9761466427485,75.0684876807887,74.6281041619163,89.6409031749482,92.6867791373813,86.7870413935376,87.8822677513423,91.8727066704566,100.755539495276,101.245684056349,109.689774185886,91.80517659415,97.2024172710402,110.010389837565
89.122941422713,89.5072084989045,89.3290930127451,88.5346505992783,91.6076454843123,88.5370740752059,87.142451133685,86.4581671255259,91.9724899047894,90.221199184017,110.865275400899,90.814056265451,91.7214574020674,92.5235585672526,98.495202103283,92.2733909427779,89.598943488773,93.8208604978675,92.6241850624087,90.9230059386047,84.4279712484771,84.3813992921118,84.0755248017465,80.8982938448892,115.848036264691,119.919088775813,0,71.6006681328106,86.4399116507091,83.3922198002758,83.5384812114145,89.2095278684171,104.654007322887,83.3259785260821,90.8604332147171,91.0322127300612,89.5687676550691,105.014404078943,106.010517539077,105.774875753878,107.350350816505,109.439860381582,110.585008983657,110.756321261886,108.093794204743,109.454017669958,109.832958443567,109.267566113533,109.993495199994,107.544905070721,109.414083195832,87.3669869053358,86.7612349526737,87.4876229321219,87.2213039835483,86.8936893153952,86.6218862803416,86.2813930269524,77.4311796195664,82.0485376460115,81.8280908778728,81.7823399909605,81.3042918517849,105.618540717462,84.233891790084,70.3673325951867,114.704659706982,115.441773713135,114.260614801343,112.552719736538,107.124317794397,110.008080801245,107.59550673305,108.686636306336,106.687145649638,76.687775988321,76.8172887828021,104.763106701295,74.0212404845597,86.4426546515169,88.5507659758294
88.5757137718398,89.0196954549176,88.7694927572442,88.052157927684,91.1783137633688,87.9631506053763,86.5518504344775,85.957304279774,92.3601500575682,90.6316141931277,109.166103336563,91.0892105402712,92.0005200560947,92.8560049900424,96.9052869451451,90.5154694482567,89.2918250592645,93.5017772577238,92.3250501837541,90.5939509486855,83.6797685525885,83.5484270949346,83.2765961596156,75.5784864394999,114.304129495246,118.343928429147,71.6006681328106,0,85.1139171701681,84.1185819579842,84.239764688427,89.9110657406799,103.055968113405,82.3897683108732,89.0116640451307,89.1720931404667,89.79123056991,103.317647275297,104.31812049379,104.083649549513,105.62774236254,107.720359226756,108.85861333415,109.033475035985,106.394887358963,107.759188440606,108.138617251282,107.570378081559,108.301095749623,105.848110972804,107.72168253414,86.853908561647,86.2370065140159,86.940601838625,86.7731782411501,86.2026635210839,85.9530317820005,85.6460388512968,76.6161953412262,81.3016768774704,81.0618506000152,81.0522766440979,80.5541675364367,105.395047149446,83.773480251252,70.9036339920698,113.048767970697,113.791126778737,112.607290355804,110.89661949935,105.408706751082,108.290120255014,105.892544559098,106.98268178171,104.962368096713,74.7581306632382,74.4309074044006,102.592994661223,72.9337836802962,85.5259306010902,88.8934408800595
64.928675759259,66.1238640385155,65.748798252685,64.5164696385626,68.2953251681668,65.5687627136956,64.7761823467189,64.2614437695777,75.8844639483232,74.3647359829248,83.0147620470989,73.2950874318989,74.2876581489828,75.7137964057274,55.81188693069,56.6201588358154,63.9991737706092,67.9036203337456,67.0935240320926,64.8895704303274,51.9239117534011,49.9573231785414,50.6744860555549,76.8796755528153,76.5247900068204,82.1739572811934,86.4399116507091,85.1139171701681,0,71.7546843495657,71.8058618071169,76.6548729096969,65.772314188121,46.6599016662874,58.1680246600475,58.8381911631972,71.3718810113741,74.1631687863394,74.8804375885429,74.9480006035583,78.1312859073301,80.302782393083,81.7127835667352,81.952903888428,78.9479622709976,79.75258942622,80.4950164123169,79.7926292747919,80.5833421968243,78.1856118254614,79.4893747657148,58.1573309386552,57.4548433489617,57.577994407268,59.2898324549737,53.8721364896843,54.2698736259751,54.7149087984217,54.2008290276221,50.5763521452639,50.4817500455755,51.2824423942336,50.9809171980988,81.1224172079072,65.9942861358903,65.9611266545012,82.0429902875246,82.3796933479473,81.369476876759,79.8377183837541,79.3543630604117,82.2043479091542,78.8835594814148,79.9010368672711,79.8531744552771,64.6341151733077,65.5607100026486,79.8616732402664,53.3810118609124,55.6796384683614,72.2883148799794
