IBR/IBR_outputs/all.combrep_1/PersistForestCover_Total.Silt_Total.VRM_Total/PersistForestCover_Total.Silt_Total.VRM_Total.asc
NCOLS 160 
NROWS 95 
XLLCORNER 210004.651214014 
YLLCORNER 7350008.22228844 
CELLSIZE 4999.99999999997 
NODATA_value -9999 
[rows 0 to 20 of 95, columns 92 to 137 of 160]
-9999 -9999 -9999 -9999 -9999 -9999 -9999 -9999 -9999 -9999 -9999 -9999 -9999 -9999 -9999 -9999 -9999 -9999 -9999 -9999 -9999 -9999 -9999 -9999 -9999 -9999 -9999 -9999 -9999 -9999 -9999 -9999 -9999 -9999 -9999 -9999 -9999 -9999 -9999 -9999 -9999 -9999 -9999 -9999 -9999 -9999
-9999 -9999 -9999 -9999 -9999 -9999 -9999 -9999 -9999 -9999 -9999 -9999 -9999 -9999 -9999 -9999 -9999 -9999 -9999 -9999 -9999 -9999 -9999 -9999 -9999 -9999 -9999 -9999 -9999 -9999 -9999 -9999 -9999 -9999 -9999 -9999 -9999 -9999 -9999 -9999 -9999 -9999 -9999 -9999 -9999 -9999
-9999 -9999 -9999 -9999 -9999 -9999 -9999 -9999 -9999 -9999 -9999 -9999 -9999 -9999 -9999 -9999 -9999 -9999 -9999 -9999 -9999 -9999 -9999 -9999 -9999 -9999 -9999 -9999 -9999 -9999 -9999 -9999 -9999 -9999 -9999 -9999 -9999 -9999 -9999 -9999 -9999 -9999 -9999 -9999 -9999 -9999
-9999 -9999 -9999 -9999 -9999 -9999 -9999 -9999 -9999 -9999 -9999 -9999 -9999 -9999 -9999 -9999 -9999 -9999 -9999 -9999 -9999 -9999 -9999 -9999 -9999 -9999 -9999 -9999 -9999 -9999 -9999 -9999 -9999 -9999 -9999 -9999 -9999 -9999 -9999 -9999 -9999 -9999 -9999 -9999 -9999 -9999
-9999 -9999 -9999 -9999 -9999 -9999 -9999 -9999 -9999 -9999 -9999 -9999 -9999 -9999 -9999 -9999 -9999 -9999 -9999 -9999 -9999 -9999 -9999 -9999 -9999 -9999 -9999 -9999 -9999 -9999 -9999 -9999 -9999 -9999 -9999 -9999 -9999 -9999 -9999 -9999 -9999 -9999 -9999 -9999 -9999 -9999
-9999 -9999 -9999 -9999 -9999 -9999 -9999 -9999 -9999 -9999 -9999 -9999 -9999 -9999 -9999 -9999 -9999 -9999 -9999 -9999 -9999 -9999 -9999 -9999 -9999 -9999 -9999 -9999 -9999 -9999 -9999 -9999 -9999 -9999 -9999 -9999 -9999 -9999 -9999 -9999 -9999 -9999 -9999 -9999 -9999 -9999
-9999 -9999 -9999 -9999 -9999 -9999 -9999 -9999 -9999 4.64952695795158 4.38051421394252 4.30577049848819 4.4980562579713 -9999 -9999 -9999 -9999 -9999 -9999 -9999 -9999 -9999 -9999 -9999 -9999 -9999 3.58768119135116 5.0199284495367 6.23738511283342 -9999 -9999 -9999 -9999 -9999 -9999 -9999 -9999 -9999 -9999 -9999 -9999 -9999 -9999 -9999 -9999 -9999
-9999 -9999 -9999 -9999 -9999 -9999 -9999 -9999 -9999 4.89790886689276 6.14233473737188 4.68023474716453 5.63057920498547 3.65681932473406 4.64837069537487 4.27392468110806 4.34354179001722 3.95498404628355 -9999 -9999 -9999 -9999 4.04010446837736 4.99827114636822 4.55556376956533 4.8546164145967 5.90237537948312 5.79385903640538 5.75745318370682 4.79694172798881 4.32358479102981 3.5509071179883 4.76509834037537 4.5319615030968 4.56656815991058 4.45879934074272 3.84547747278453 3.94122407679087 4.02072106022646 2.72672502201219 2.68981090704642 2.69877816368512 -9999 -9999 -9999 -9999
-9999 -9999 -9999 -9999 -9999 -9999 -9999 3.49987675197506 4.10810722510174 4.65186204362481 5.4681468063906 5.54093011405775 6.82883563007683 7.56033650055434 7.70582415517732 6.80168621393753 6.42202546758752 5.54174706909627 4.41917545923872 -9999 -9999 2.8485206018519 4.0584154154604 5.21964199180383 5.55504967303275 4.24312314051777 4.29783238668675 4.28678538630133 3.73282398985824 3.29841975746152 3.73058940910618 3.41563877607676 3.74754450797751 3.6029935468292 4.02796997281697 4.14044514094526 4.29637620092211 4.62660992865258 4.07820571460951 3.86480055241827 3.05606714679328 2.73061535375342 2.60510911625508 3.29308733666012 3.65103860120357 4.05828376439847
-9999 -9999 -9999 -9999 -9999 -9999 -9999 3.97904470645001 5.13094676409111 7.81789345286042 6.84067556616028 6.61890387176963 7.53984134515872 6.93264143612773 6.44262850798387 6.13152671918653 6.23024619618225 6.06985713168216 4.82416586864634 4.55146412452122 4.49395345332042 4.56481119175415 4.41990632229571 3.98106026067505 3.75973802179902 3.1662116422752 3.39446494027526 3.29724726230161 2.97132019947498 3.18426532207531 4.21302912998657 3.77780412845372 2.72986056794721 3.45823382002964 3.12164492711649 4.61976509140984 4.68930334050541 4.97423365885757 3.90801292867649 3.94670728335054 3.44167983442354 3.33959304060647 2.40537069246257 3.06796080450852 2.5650641030409 3.63555330163736
-9999 -9999 -9999 -9999 -9999 -9999 3.17647483408859 5.13304612853841 7.04831681148489 7.51827091361288 7.73232372500948 6.46432248472999 7.08890054534754 7.67127698614331 7.08282866244681 6.50594023659009 5.02180458428638 4.18791467876972 3.99132193922134 4.61705260121476 3.75204179057101 3.73348070763627 3.22884033277719 3.02727600407171 2.74619268711934 3.88279239890947 2.98904143085619 3.02649347397922 2.81430550618106 3.7249748150239 4.21600808002981 3.62516558207567 2.59897224379723 3.10265836399966 4.36620747013657 3.90185627369179 4.69553358639418 4.81168577776512 3.71230734383921 3.44953418487248 4.01087812461033 3.08824789228661 3.23901203261922 3.66267708282755 2.85911638193876 2.59399800701991
-9999 -9999 -9999 -9999 -9999 4.66753901314484 5.09852385889186 6.76344432513022 7.50367476134673 7.01747025432917 6.92154856161007 6.66913666863767 7.5688911611819 7.85326609583383 7.31038144562485 5.9684488842715 4.22250978807914 4.3440282248092 4.03195553335878 3.25400277998724 3.09965160036601 2.94297264317573 2.99549728445431 2.59707567814625 2.65731716312778 3.48364547008718 2.90492385532135 3.03869238155755 2.76199018479228 3.99132028870394 4.67697903798303 3.87964685621278 2.62888758403564 2.47064188068677 3.33358629039451 4.44089653369207 4.29297706704581 4.54648094800942 3.64295810391693 2.51154173938052 3.72555040760472 4.02240836964767 3.50680818391255 3.51064061474416 4.33865294938846 4.2687686958848
-9999 -9999 -9999 -9999 4.37547160428466 5.2525119866352 3.53577419953943 5.23533297632654 6.85224165738627 7.43298715890203 6.91420740906548 5.80151731095543 7.98172641498766 7.97659673562356 7.62594526842847 6.62593298099376 3.44783932818119 4.2202596798883 3.541293515038 3.24844942421694 3.13759162957899 2.68219818011133 2.927254568086 2.48866458717109 2.47362669707512 3.92499955852296 3.85217649137483 4.14994817911652 3.83908588330911 2.93965845689023 4.23963794280351 3.86015754050315 3.68634989603938 2.77358051968354 2.68202844400169 2.81572793759687 2.67326595372095 4.21868021861335 4.80358434355993 3.19738378760204 2.97221083637276 4.00223936173098 3.92174704166016 3.53585720495062 3.80540369616661 4.94954835566218
-9999 -9999 5.64227913141597 4.39299719928321 4.38334848076437 5.58222748521995 3.46902773008491 5.84226242120003 4.99608836537601 5.70298234912103 6.77353918190196 6.14257969868142 7.17757178625389 8.16116579394018 7.96596554169311 7.35077479158206 4.62809104537171 3.24199124592384 4.13408737742869 3.42968323982724 4.1197797328131 3.41682280074141 3.76955541541238 3.00308043066199 2.69590361325096 3.09396365838443 4.33720695016402 4.85277191573644 4.47393521219954 3.71524905835557 4.99599491988531 4.07429545689521 4.17190341846021 2.74390397083053 4.67544662739246 4.89374151662283 3.96394805369077 4.29192660798797 4.67542524492131 4.30143589223104 3.10882697809668 4.64446569736693 3.87792825150514 2.86189043947545 2.91956179910302 4.8746848361719
4.96637661050007 5.30559731519953 5.18244251215487 5.03891337522984 5.36537289987062 5.31216609458978 5.41390420401343 5.00131630619265 4.93082558449957 5.00407249648321 6.5441266207477 6.59836256076264 5.94575770072952 6.44664389196869 7.18195163505145 7.15954085343181 6.62279473963788 3.86619602579284 4.06611448964436 3.87284450900847 3.19596330396592 3.35999118174759 3.72097671518001 3.71404258617418 2.77902945622543 3.91557734274164 4.62958867989487 4.27726976761881 4.82927379429384 4.13647173043733 5.15981778217764 5.04371645803661 3.78734365159584 3.29569993880984 4.88295227387134 4.46784743583728 4.11587710564777 4.74431992170695 3.73686106339413 4.88620952741072 4.33781300478036 4.73129255025954 4.55185836928448 4.095937847619 2.76726464500596 3.87671060215089
4.75420533421919 4.65113530268409 4.41241874876811 4.64985643974328 4.38004455772224 4.83880222662828 5.04466260709471 5.10915251996676 4.89081243550457 4.98851090428876 5.16049444071066 5.08779124437564 5.18697364968162 5.41040208959529 5.56970759813671 6.21961624990594 7.27045223569652 6.58935205376781 6.04126998273324 4.5434395301419 3.94288504587943 4.06562612693524 4.11373590706307 4.18878583300525 3.74532650803559 3.1659132397092 4.15229288664285 5.3112837225096 5.25185869831582 4.98124388501923 5.26051696265573 4.09358914630688 4.13863662649623 5.23160824002487 4.93237974034353 3.52175394107241 4.5974197022541 4.47115974078443 4.66031612299555 4.99184995255403 4.71279529295465 3.8296309835323 3.66967334415941 4.6864922862056 3.67507000946502 4.29930628527473
4.20811359109416 4.55568985881958 4.47235523891761 4.75225142033268 4.6810676370343 4.77243630084871 4.82055143232914 4.76072767121276 4.57530382364414 4.77521576120699 5.17785157182086 4.85128197181136 4.90118420641589 5.1590051037932 5.47900587862247 5.56348948960577 5.97375196307149 6.79194399126735 7.45797498636756 6.28450681287798 4.9469253955279 5.1887223380391 5.05536764108999 5.05649224338808 5.15826521218546 4.9766704652225 4.71247053085073 5.06016929685019 5.26962888197778 5.67104973191049 5.42131437711858 4.00704445092335 5.21087943864602 5.12068735540631 5.10718928856144 4.84247170546448 5.13951736404001 5.05938206604572 5.13963403762174 5.10863994464221 5.0834772812936 3.3367191647266 4.79824461904219 4.7172263607583 5.20463865180994 4.88393990521724
4.44529893729754 4.67444816710806 4.75743796242427 4.93479747530219 4.90218804410359 4.89834240051582 4.99178007785547 4.93548558105431 4.97502626860995 5.13293867213598 4.78568396570732 4.76285360091476 4.99691270923855 5.40558666142083 5.51197117843238 5.15063445166088 5.51983184418151 5.86603136598342 6.36673300204187 7.62261047836925 5.6987736786177 5.24231517271883 5.16875177819127 4.90995970056414 5.02217805259318 4.83720683620392 4.95775552432706 5.16845200107905 5.93965448175664 6.53204065720287 5.67751059179825 4.83047814206469 5.27425935373261 5.16161140673628 4.95351505855897 5.48330246546889 5.43417709422403 5.00731095768797 4.9421183014103 5.0546207332084 3.82736173254593 4.66112672803988 4.50102120043347 5.30598973171986 5.16092247926005 5.17667379422087
4.67186517954282 4.61120763590311 4.64998918179006 4.79353894700665 5.02857946723582 4.85091021171127 4.76907578108862 5.07368644022819 4.91008462680959 5.1151191172992 5.21148608828114 5.08432321486261 4.79716185674718 5.29069186257801 5.35805585120894 5.03700736013676 5.09204855912268 5.43116580044978 5.88568523614652 6.03666434660955 6.8937126834238 5.86326582773957 5.29323709569756 5.12075147563833 4.89240526354049 4.80742358867815 5.0877771621746 4.9763093923123 4.61785196209977 5.8680625574416 7.11457886168288 6.55685851789225 5.33026171250088 4.97766351752606 5.05775859697315 4.49800901549346 4.66366034827276 5.16685890557149 5.10807345592371 4.34760269562803 4.03863203623296 4.63948737006913 5.36791789299289 4.71152110514725 4.64966886161128 5.08610913875898
4.90273275874104 4.701476507624 4.82526784239391 4.97566664606683 5.02755860111883 4.97292348869005 4.56452095248986 4.959707360387 4.77696284494364 5.06965076978081 5.24165739538766 5.10446564186314 4.68707811409818 4.73816506588954 5.00115447617127 4.88470271984243 4.81856449922531 5.37953366614588 5.66318593134551 5.29172034688769 5.49972554428701 5.72440121543027 5.52968469973812 5.59103531197849 4.95952600271014 4.53529805856016 4.29427623478487 3.914755306815 4.0568593603217 4.12367385391344 5.02237938612161 7.70613730482965 6.89557160752147 6.42418747791868 6.04508765871812 6.3253545098571 6.34804518165266 5.73622279942092 4.28247744629885 3.89859284286791 4.29087439909951 5.28607947281671 5.5883066410631 4.99273553479897 4.17676975100694 4.21432781505984
5.14324929546526 5.12045150541245 4.71110735200662 5.0835478278518 4.9944828924796 4.74710621005335 4.42513370700508 5.03597595220645 4.45823025302506 5.03747491856464 5.11501688439467 5.24195073675182 4.88361754857523 5.00383120543014 5.00485784949589 4.94471298928943 4.95158118637704 5.52642365201902 6.29890231448224 5.60436300470059 5.33901687055465 5.2143426287021 5.21812174304908 5.40662224930882 5.75473043602227 5.37997872589065 5.3053735773418 4.30460725997905 4.08681792515001 3.86549591645126 4.46594921896349 5.42556953122283 7.36731773221379 6.87436602365531 6.84259856863084 6.94843465203102 5.9363404316998 3.42407922521323 3.80026393761159 3.64365133921513 3.76569329759909 4.15848043625779 3.49976894392188 3.34089462522587 2.50737830911644 2.52554495536669
