IBR/IBR_outputs/all.combrep_1/PersistForestCover_Total.Silt_Total.VRM_Total/PersistForestCover_Total.Silt_Total.VRM_Total.asc
NCOLS 160 
NROWS 95 
XLLCORNER 210004.651214014 
YLLCORNER 7350008.22228844 
CELLSIZE 4999.99999999997 
NODATA_value -9999 
[rows 42 to 62 of 95, columns 92 to 137 of 160]
4.29538220649531 4.80040653015316 5.14109902539605 4.96109855112907 4.66440474743576 4.60399471526535 4.60705903718483 4.593846737083 4.4246304148029 7.05512803250777 9.14846820629472 7.59566876884328 5.67040169070565 5.81377778643506 3.9447360900989 4.03117199103979 4.23231380041634 4.35692030588201 3.96325375377047 4.18033611009541 5.76770092813649 8.73987350882151 6.22110433612983 4.53987919522836 4.5259911465571 4.71628916085799 4.89137029196602 4.97681436162705 7.21058619799286 7.21173011919018 6.71061833018182 6.89200986759081 6.50207042114829 6.20664335336105 7.4484925637629 6.52042740948205 7.2050732221629 7.42098640967875 6.65853788414977 5.98904773702178 5.04671820764171 4.34715949435464 4.34545826403782 4.2948546086789 4.50524184732282 5.38316816101613
4.58092129044285 4.39746686856792 4.64666408482851 4.86028600044941 4.63768180657893 4.33393464776445 4.5010202080592 4.62704289805384 4.66401500306096 5.11909088961013 5.7302376673566 6.32474738987095 4.8249840127987 4.43555375035474 4.15571057041449 4.16162413765938 4.4140786100171 4.05726948178856 3.94756454131156 4.46006511128232 6.00436683834801 7.14646241694239 6.35071410376823 4.76747487447129 4.5720829780946 4.79750068937224 4.87997653572632 5.23654043381018 8.04187874806477 6.72341906267002 6.68170659789391 5.81276513177951 5.64041430757369 6.35881920886329 6.28383929137454 7.72289374678317 6.78866741998572 6.03278617670536 7.59444029750248 6.44609225042038 6.54228123126128 5.56751216341154 4.92421026185858 4.92762291755282 4.68202433987991 5.78128696134511
4.85822692861053 4.94211835233627 4.73275365143253 4.74764902879775 4.93953605264004 4.66332989718093 4.60914132516275 4.68246400863819 4.79897679908168 5.63685413027727 5.38938824712465 6.24954855630531 4.48201870800161 4.11863015748696 4.60154675866042 4.63108611577866 4.62697974846601 4.11931953907169 4.78255489557305 4.98984305907166 5.82230028560239 7.17814462842485 5.57962185793405 4.56267184279525 4.91705775777385 4.86268339530602 4.69554824565754 6.21461298097555 8.05347713970151 6.32419537833809 6.07281303649657 5.66135395507584 6.01643488786153 6.47571579784788 6.04405234272407 5.97521106091975 6.41707691877575 5.48116817205491 8.14714117011753 7.39971226679786 6.84745881549191 6.36427394445384 6.2893991542133 4.87129911878752 5.43084568913333 5.80414501500468
5.48439334120878 5.08322807627823 4.93825001808638 4.83651724389566 4.64558981647397 4.66408372345096 4.66877155643208 4.79008505667495 4.9258990545125 4.10491918180889 4.50266336672194 6.16591575358306 5.01206950967575 4.37046659202648 4.53799673413092 4.90552549569004 4.5415697331495 4.75480014495421 5.15231996992514 5.10780899085226 6.42345978340375 6.47895853789223 5.19223631512176 4.65904509537573 4.78862729178374 4.69070067625192 4.75751141289197 6.9645785659862 5.90746417439274 5.04009112573504 6.55490598194521 5.67827426582072 5.66960997112337 6.85536826982914 6.31272361111139 6.14168953725479 5.34966981111276 5.72111494336278 7.00148923370715 8.54285876695013 8.79588063068275 6.31970599736428 5.91418707275409 5.66208574925794 6.22976748320253 6.28001909517211
5.38275604847392 5.60143923504647 4.91772268111854 4.95511140375036 4.71745144528897 4.53423434577625 4.7633797017479 4.78288020167251 4.30788895551005 3.90433836729988 4.17862221597068 5.84291057690852 4.9196594647806 4.68368909100849 4.62088468853103 5.06135635755827 4.58617005690251 4.92151966324108 5.31852682448089 5.17027519355815 7.08003876341477 6.77320828529722 4.97555370996865 4.92778008276381 4.54242351667153 4.63047654797902 6.31834604319199 6.04177151293096 4.76101636466981 5.00080910306236 5.53126231182504 5.59131624954481 5.80537010980643 6.3586307340539 6.26054694506622 6.71036459509947 6.94005063656803 6.08513096359932 6.1836346022129 6.56398956356895 6.23592339382943 6.21281197355311 6.44924206049459 5.99840174359389 6.06770311606975 6.10334751071023
5.65837772713956 6.0845831192528 5.86423647010693 4.95081387201027 4.65733750220918 4.44207196460118 4.87908268675044 4.56386630997478 3.82713206702132 3.82287523197911 3.90692095200532 6.30095683468762 5.86487567849593 4.94425110332767 4.94245056454361 4.98106953968738 4.53517932323513 4.9991527605674 5.25407278121094 5.10603098771985 7.04960896567201 7.91015274802987 5.76526918191244 5.29649381372143 5.04007154729424 6.02948719797161 6.52683471972371 4.86807832277753 4.76183827944024 4.33910512674226 4.61691568225865 5.62521120261957 6.47383208170155 6.77371656776166 6.91299429107908 7.12367854592466 7.20574696258911 6.75544456245798 6.52404764051771 6.35357720955573 6.44036997180916 6.50715956024941 7.19384760517777 6.11748873927025 6.06877370133811 5.86311634430088
5.71936479248195 6.91890135370497 6.99957111611831 5.54793022775653 4.68845988798302 4.85773782708622 4.38586142005885 4.3226125299669 4.16993367834331 3.84785096722079 3.95555873959089 6.67530503668759 5.53425650537062 4.64125981656322 5.02502888170881 4.63456789508321 4.69436131434147 4.97814468294181 4.96358171648297 5.06585470208907 5.97703999359424 6.74709227533576 7.04364948653526 6.51028395000461 6.47103102988776 8.8645093128209 5.18568840875181 4.75736120468094 4.92141896599216 5.24891620907228 5.6391008804491 5.72854434505089 6.46349658587442 6.20031260013829 6.14800910347379 6.33418455349374 6.66289870737053 6.52389276037973 6.50298673492019 7.04770417311209 6.45794726577429 6.93217885698783 6.54830564161116 6.04661291826532 5.84179098174784 6.08220611800656
6.41781581405711 7.6331730423303 8.42639611800324 5.38690649363306 4.61345270875484 5.37505680406531 4.29869824032652 4.32914995020778 4.34177549726355 3.9877357278827 4.22669298636758 6.00059340088618 5.26706118883995 4.81385123770008 4.92848532539415 4.61033116855768 4.76586814746345 4.89961756316611 4.96447070987045 5.07726945828292 5.52867699542652 6.98470148435746 8.04275135729877 7.02224437931627 8.23637027240829 6.14442480247849 5.48858197113978 5.99238662829446 6.31446947108434 6.30256355046187 6.12118920102091 5.61643278618776 6.14611741727424 6.35809625594498 6.51116471949216 6.20491907226497 6.19911768742025 6.49231774440784 6.06711815251438 6.16504376919433 6.54222894756202 6.47925219752554 6.09345688006408 5.79911847207338 5.89564661439162 5.61662031501201
7.54722212934844 7.53306187283241 7.95657608964457 5.81946325524661 6.11765104872942 5.85724186386743 4.55266460503407 4.08115971033761 4.30282163522023 3.85157359335936 4.1469063779802 5.8429351691257 6.63883906565035 4.77088850924151 4.90553812998338 4.57775046278059 4.86519879313339 4.97972169977615 4.84372219035006 5.00714413469463 4.89400952793176 6.27138584227086 6.43196523517203 6.69360821704408 7.25367738148057 7.31422265109509 7.3398527026569 7.28480070341283 6.32023045916119 7.52142498987913 5.74673888786713 5.68172596137032 5.90685802725324 6.45488420902972 6.37248831396977 6.05928173131424 5.85724331179575 6.01109326133376 6.5937669838931 6.35925550505178 6.26678778346539 6.08221793157877 6.07728996473998 5.74849648759762 5.5650209615428 5.62753786462699
7.60324879801176 7.6337846081722 7.75070003546398 7.65916811316152 7.352273773342 7.34610360188539 6.34397494432099 4.94549348019579 4.91797002134451 4.9078655388931 5.12530594703718 6.75363745521446 6.17877768701738 4.76200887712863 4.80674529821373 4.96322676087374 4.62328802035119 4.80697033763101 4.88876688839905 4.68886602388235 4.6371375163454 4.75149593277439 5.61595420349919 6.44322914774228 7.61661933896215 7.36665461228561 7.39393674271846 7.45047536478311 6.89291868185753 7.54612998892904 5.9464327357575 5.68178406539016 5.30923435618634 5.4022274331377 5.06233071337058 4.91289934864767 5.18509162454403 5.88032445238448 6.12047794153417 5.45643610865254 5.17416281561606 5.57768940565898 5.72029743560441 5.68450052794605 5.66268341655426 5.93902733961986
7.61810344891517 7.73138740654748 7.45372084788539 7.71561624463864 7.76345389661939 8.46519034184042 8.30807259912828 7.31936227411253 6.90491140841108 7.43541217593263 5.91673281509312 5.7309438434035 5.13126675206286 4.99639149040824 5.11766987573658 4.97116890839958 4.82135583991416 4.75475109934631 4.77311270515079 4.87141681220002 4.69756639945696 4.65878156852993 5.60549647809498 7.31408336405498 7.35551625152855 7.04035766422 6.9728196478032 7.73539321718466 7.55090880616568 7.43996345655617 4.90000438971871 4.45535983761829 4.3329548533774 4.17417339385549 4.31106715006436 4.97517834338144 4.49026740939104 5.59140793754086 5.00726643584048 4.52361263164523 5.09394796381433 5.52282905597647 5.46230799601047 5.72344677643761 5.74192338439136 5.64785516160688
6.44706363440275 7.06671596761257 7.48990527829787 7.46427137902384 7.58376581311526 7.86489228349091 7.71253679123252 7.45747864607942 7.2405064912774 7.33242432694956 5.99289625081947 5.85732935644854 5.44178269466626 5.40201722291296 5.19390527487342 4.76572271940602 4.55634464141704 4.82987702406146 4.86883485340245 4.96996078527127 4.93209120962003 4.84313723152431 6.9202993904298 7.42335254999667 7.54536935024988 7.2593524146288 7.30560164305514 7.82367043490488 7.1600704543095 7.00641899233651 4.17758670449055 4.00454940842129 3.96332154561545 4.07577749843692 4.26993930710656 5.48744292299859 5.85824288323789 6.13599919828154 5.86083551844433 5.88804778487177 5.78112865593758 5.67983435679564 5.52787150446701 5.90773812877143 6.52544426522739 5.41267972907683
6.65278650675339 6.65442364849785 6.6156227092816 6.58657801331458 6.78877279619804 7.16798179855716 7.23555538287822 7.40401899395873 7.45361831048394 7.51012769531651 7.7686731001901 7.09521646863678 6.20748278080712 6.20929901524482 7.46712458589379 8.01496492118861 5.16050425332138 4.7802113472923 5.31485093771348 5.02968078850162 5.01305083306921 5.4059319878709 7.51932266990005 7.09746724452173 7.1130616350541 7.02834087468538 6.9981129289405 7.10584554689098 6.17192740893166 6.21878350399282 4.04942126988685 4.00529474190152 4.2146074330242 4.50089424753868 4.8691204519004 6.05240425001629 5.84018222701521 6.00048019058463 5.8048325809352 5.92627499542693 5.86262127924018 5.52394556019396 5.85307056469333 5.54162647270908 5.76164881243305 5.32744426231471
6.36930917976797 6.31425161959355 6.60031759274472 6.59599750064226 6.58000114228481 6.81125629951408 6.72367807387047 6.89373540242522 6.87960147844711 6.9501445487208 7.15217282108852 7.48863729506774 7.24898782912537 7.51436588440652 7.28011925598622 7.5390567415786 7.2749519338142 5.91673450880861 6.60015108076749 6.32742797655113 5.71104755709537 6.75674178912471 7.64772686972446 7.1476045524505 6.9117646391689 7.22730611157911 6.84715520811339 7.07408724322287 5.24862929333377 4.13925228973865 4.05970292631634 4.29210460571725 5.6960862323949 6.0385378116072 6.39352561174266 6.53882246317768 5.97138411765346 5.49847053735692 5.79347739223076 5.81932476774336 5.76902526195319 6.36786353808181 6.37251271460614 6.46076139828224 5.62566166861104 6.00386054664431
7.19775955299561 6.27670138079681 6.15705848336756 6.17459517267722 6.17550085403523 6.10830061700936 6.17095628860421 6.46707150387837 6.3171688907338 6.70178072426721 6.72444315194395 6.90664726143951 6.71908425929797 6.58857651277489 6.93324536495169 7.5803504698312 8.02606420206322 7.37350875312268 7.48153557057857 7.40830004641996 7.27250366499677 6.98364954875348 7.02875559250761 7.01011956448366 7.40782107196451 7.19294882568196 6.87822017629712 7.46512761413319 5.627191388997 4.93433512039985 4.55673323481066 5.31147602289778 6.70345398896988 6.17245082603784 5.46775862876066 5.68840204670784 4.25513144903628 4.84901163829084 5.36267332655483 5.62454360895248 5.64843251283192 5.55462586830523 5.74047726236456 5.88978404565701 6.06177512548465 6.4116124181374
6.70621487286661 7.06829991491959 6.76044542479994 6.46296470573784 6.43390563952179 6.50523553985456 6.08828677556815 6.31153077626334 6.16374966683414 6.30372348823643 6.08213604373269 6.35793371030539 6.20625577069157 6.58670394974269 6.67875150748628 6.79868713237758 7.23594820896102 7.59924567949921 7.62940791557463 7.53945729847128 7.01979955465132 6.67411179006671 7.25191139782221 7.39606886046188 7.59740509001945 7.65584642345569 6.75764240817066 7.28729929384131 6.25679758811668 6.62148548893819 6.58266589670594 6.6289779742205 6.17805986940344 5.09181903577576 3.85706900824627 5.41412320057553 4.34616226512867 4.24566999756733 5.16545952130238 5.38468812568238 5.30378514557196 5.26101541272938 5.54720067965074 5.79241150590332 5.7691150876217 5.95811743915611
5.21535080334551 6.12497514251189 6.63953301521813 6.92796089341056 6.43994116037798 6.33370554592203 7.04143665739097 6.12091679837747 6.35780190256006 6.56575706549 6.66576698150058 6.11984139132306 6.40164402969367 6.01272682719981 6.50262673938631 6.7492855692877 6.47675880677396 6.59928960584707 7.30498349200526 7.55079592372952 7.2409031809433 7.17380914400652 7.32080357102287 6.88848390442094 6.78254335436247 7.05539338317646 6.49994452914656 6.5751387774143 6.2516932614146 5.78916360844848 6.53533285012387 6.68520039467793 4.42559037069447 3.63824994224471 3.34223975372509 5.00025349178117 5.55855394338356 5.45173702377123 5.37261242596615 5.30894286926146 5.36817215489886 5.22186717095891 5.10910355221929 5.60248180847221 4.99115095039949 5.13064727723388
5.02061610336142 4.60294565089955 5.26467986016838 6.17916918922199 5.95903821534473 6.09821017756516 6.77375150541726 6.61083978089418 6.69536653961667 7.48404286933845 7.79684114365464 7.2660342919589 6.71700777589892 6.11431975887302 5.77900065654563 5.8917182008091 5.82757855950912 5.98342688853403 6.3039185065729 6.84349178120686 6.49664502456424 6.27594401912566 6.6343030514809 6.42475520313744 6.25106880638175 6.70617894267675 6.6191373476757 6.2998020433711 6.33908267881538 5.76610714599335 6.14622143830191 5.13963654681857 3.56638599151033 4.49939708995577 5.37394488190337 6.05337437444273 6.28383299057037 5.55962284941804 5.26714049773858 5.22108153818519 5.3023943179707 5.23181706946345 5.12449374123897 5.21340791595008 5.43888773096035 5.51540416149928
12.955901522452 4.91339607668005 5.63495402957613 5.6622568874598 5.52353673074181 5.33277344422327 5.65064924874825 6.18700465596414 6.7375009538774 7.43096401210517 7.99449217084742 8.05439745299951 7.70020665123018 7.80844322185293 7.11525286696951 6.21554925698292 5.83898911576316 5.87086703999638 5.74465664924039 5.50582795393051 5.95764183963769 5.72592550341865 5.62500595245237 6.05019515386813 6.3277825758666 6.65840548346082 7.12085025880276 6.57016641234318 6.3459945882699 6.3364685189039 6.3323939824019 6.04113508429646 6.42571293157366 6.4026333028084 6.73715431559597 6.38193107294488 6.17766348111637 5.86948038869925 5.35425711083591 5.60188805658737 5.44527373953329 5.76536773551933 5.70247571926187 5.21111608151332 5.76093313245213 5.75077629193052
11.5378837631864 10.6875467838639 14.3894609235125 9.35039366931295 6.87791390333808 6.1214219512073 5.46011510120439 5.43062001403366 5.52728627102568 6.29781522757335 7.33932217570867 7.33680812023237 7.38891835173887 7.08565434245003 7.21481916240931 7.48741845975754 7.76203532911764 6.84435001425657 6.44951664273912 6.17789802848059 5.80036082617868 6.10206393835501 6.1370176146761 5.76445719194017 5.61486174828176 5.76775863363416 6.35309447882841 6.68388782990261 6.21776809027034 6.53890606225969 6.33943822375086 6.11786127374535 5.96165413738125 6.07122602514085 6.67939017299206 6.4437894433871 5.93903411207429 5.80768938437187 6.3060351202902 6.01653899501412 5.9764163463187 5.69320243341156 6.02769976436473 5.97941806944357 5.64619877105369 5.62298706639536
11.000955387036 12.1349374192201 14.6346166368129 14.7742519923805 14.2312583400674 9.32844836300278 7.84869320414959 6.22330200093641 5.53633608324313 5.50093095350332 6.38510557348366 6.86551016127781 6.91310071882365 6.7864999900647 6.73769560355405 6.51900121986606 6.4821606281592 7.14655030164572 7.8482959267417 7.55708471911983 7.05774752871858 6.39182188994919 5.73380139202468 6.37983206213009 6.23835499697766 5.6303702984363 5.50333358895694 6.42854765237838 6.30505564936373 6.30378207461948 5.71489715862266 5.61377120878353 6.07281381675789 6.19649958483486 6.6546131986428 6.58547472927723 5.97079863269351 5.92826883074603 6.23998164276392 6.35210558992037 6.24794128309262 6.13346762607772 6.06649916208228 6.07807240372692 5.48691255811596 5.35553937691982
