IBR/IBR_outputs/all.combrep_1/PersistForestCover_Total.Silt_Total.VRM_Total/PersistForestCover_Total.Silt_Total.VRM_Total.asc
NCOLS 160 
NROWS 95 
XLLCORNER 210004.651214014 
YLLCORNER 7350008.22228844 
CELLSIZE 4999.99999999997 
NODATA_value -9999 
[rows 63 to 83 of 95, columns 46 to 91 of 160]
10.6009126416893 10.5607016831068 9.4752889499146 9.39193101831733 8.37701638312064 8.58695617108155 12.4844448656136 7.92657495686576 7.09078706109941 6.98042083613022 7.35129555483542 7.67267801714674 9.05706713442515 9.25134235104411 6.98807064799906 7.21559934230746 6.58898599219123 6.50676946092026 6.54761326541445 7.33972775832477 8.67176129737138 6.92199376861157 6.89184465802576 7.48822237585282 7.50559746843048 6.67425572769504 6.93289530149386 6.87782654132962 8.00637003581213 6.8667202084925 6.83071022094955 6.87821107142708 6.70365215023733 10.3632935823831 11.3680776995821 13.0366626117196 13.6614077648759 14.6553383663157 10.6155112058696 8.1027752246334 9.29142300743507 8.64298308139832 7.58570753225922 7.89122743749075 8.09150774697765 7.16738137105619
8.38567898603924 8.07960836626626 6.9824625185519 8.30191694906205 9.8500734702696 10.4872400497049 12.0340766773343 9.8445249738565 7.42874692238497 6.86234830674831 7.07906809272737 6.2559624227837 6.17358741460018 6.60808953772129 6.35788813802332 6.31810683848759 6.62758090982261 6.57780516465158 9.00694546487167 8.89126384451508 6.63156484870841 6.22939391281932 6.62614199039024 7.52085863633035 7.02730606814086 7.06754940204425 7.17188520857754 7.01781608762556 7.32786913465886 7.32619218064157 7.0377777560117 6.88363746457407 6.62139041960937 6.65099558758947 7.09488207238964 8.2465842317738 6.96368522053958 8.64832443005384 8.4187093976613 8.88442107013551 7.10033693862428 7.54875216240976 7.5113702238005 7.47223674225433 7.31727281860085 8.70076929761613
7.43225728876237 8.12836542129972 7.68647724112796 7.84522972838161 9.50205865337209 9.28129258597929 10.2613474333386 7.71778698389007 7.91028340825266 8.12157909475128 8.34921889076042 7.46238092992504 7.03617093606008 8.46060199675143 8.75040066271403 6.92599880247474 6.55684846244715 6.72292315747402 6.22980445405928 6.19391899016489 6.28121501884507 6.48486912618698 6.68690684872525 7.62650056963068 6.9171207366518 7.85725598073644 8.84211439532818 7.58779922232403 7.45142546762486 6.64644014023857 7.41313824150595 8.09830618240767 6.79243526321404 7.29448668788671 7.28997169103509 7.96557265222239 6.24705456614541 7.4271678050199 7.66022251575853 7.12346405719174 6.75709833894084 6.76969012575073 7.8821571080494 7.60452214195539 6.41374722986533 11.7406944852767
6.18998971392077 6.82195917537775 7.5995812580614 8.32741034355553 7.77537341381593 7.96947038306277 10.3048547429282 8.27540661041114 7.70471076314249 7.76326500841745 6.53268475098147 6.95673839126841 9.15651497897598 8.82234343144403 7.73947691394033 7.06476611061699 7.20909873400388 7.61690010732923 7.02016980506933 7.300728646417 8.40582135043778 7.62071708045635 8.01260013087377 7.60532562823831 8.1433738507142 10.1077976400126 10.3302875227871 8.12340216150541 8.89162287767674 8.71938187530937 8.73135336456634 11.9231652278248 8.79402460288952 8.00609766116795 6.60897709845826 6.71563399378816 6.56035802931916 7.74325262806568 6.89187565165842 6.32628144506083 6.38197974245342 6.38747013271408 7.10717935682429 10.4211004861391 8.16351518839837 9.47274100083261
6.42078090939125 6.46317738632688 7.48433986959111 8.36973536466386 8.51006898417083 7.84898468829461 10.0901018255073 9.34317295679884 7.74819376022083 7.67659080919865 7.08010327069501 8.23132196872983 9.2325918016603 7.93258994725374 7.87290121244566 9.27476227009206 8.2638098768276 7.98982677938806 7.10641568105442 7.22369492080007 9.04769772520322 7.38778875962919 6.65489790273768 6.30483129537723 6.22513046948347 6.37007480727813 7.45867308389656 12.2857308193075 7.1515034609254 7.57716472794277 8.23113313243738 8.62936926779249 10.7849923818092 9.00773412109102 8.82898084762452 7.29670263951749 6.49924874004914 6.48656292119441 6.88126956487569 6.45837900026067 6.48795585251231 6.50932801537239 9.86230915731994 12.4361561029594 9.36523917831152 9.98220078102539
7.36392517217021 6.53359175011291 6.52419242147191 9.1504208554511 10.9997845726756 11.3176913681019 10.0184552491505 11.4936739121262 12.6899562953985 10.4206888530475 11.8721021819853 8.7313504132321 8.08837161231809 7.01080761904382 7.8089491286746 8.79645323699662 7.17007458299756 6.67727762178124 6.0972914584969 7.06304747655734 6.54693543358242 6.71136265431423 6.51174152079763 8.86842528003495 9.92419529904022 11.1821132795239 8.80735464518607 11.8982177108713 7.81891090219872 7.20970352230038 6.21432892728233 6.53019092882558 6.79831314557174 7.05869565696962 7.16110444455052 6.7514324651865 6.70076276245467 6.75678031279432 8.15374305617091 7.87837872928938 7.08360337675543 7.62228512337016 9.65019959217533 10.9282801066538 10.5677099335127 8.12736554894226
7.58697053745471 6.74681237736951 6.22945491102227 8.29958542461069 8.014473067852 7.427432050943 7.55837944188556 10.8237180070763 11.1759434223889 9.90940342369474 11.2885421974739 11.2419159525113 9.7878756670086 7.35210996084532 7.16767652523483 7.51325006749636 6.4049325072918 5.45555298427731 5.82772436271553 5.90917956241216 6.00328618084002 6.30526026155267 6.46749865203001 7.22474685248509 17.2352579547958 10.7802228025128 7.5470160651672 6.86507406322967 6.39522423128011 6.75826642723732 7.254535307249 6.82558566291994 6.21137772041636 6.44587240055552 8.47898475737878 7.42021948820197 7.79378007833771 7.14874347838588 7.17292938559715 6.58571648250221 7.7751473916051 10.8042312617074 14.6072841165289 10.4886135061504 14.8788621754251 6.86945684706638
7.04936303908661 6.36664310845137 6.30849448846825 6.30824430638091 6.24135746531423 6.19483462023421 6.01720690316698 6.87372351246156 8.91043796509861 9.62330341736154 8.99432229786271 7.89094286154909 8.83410400893534 10.5126123344324 8.58373183819836 8.70178558656711 7.19862809014476 5.98949095194084 5.8603443113171 5.766538473361 6.00322123584654 6.36093921033133 6.73063601139243 6.47853300715884 9.2546483139687 16.5283791045705 9.16752724844438 7.35891964330028 6.71045223819188 6.94971454819605 7.45907699808874 6.34262944628734 5.70066441866046 5.63448492349079 5.51398652199902 5.88479288337275 7.22117892740916 8.39333141951811 6.94182295620116 6.46939300469142 6.58346073557842 6.41636490157215 7.22063666694513 11.9407000560144 9.11029428198189 8.75621933169491
5.95517013015742 6.23832200848451 6.17549352414898 5.92754716422504 5.78806013884887 6.11989886493609 6.1402035017287 6.31897585143423 6.67366492003732 7.83488942546266 10.1299458812723 10.7815388099848 9.37320945283179 7.61691101364396 8.79785854196988 10.8851900771646 9.08179059694158 7.51307405003743 6.47434740671329 6.28110534253664 6.48120459687667 7.02786997046123 7.15769774183466 6.5513244480802 7.26830529066764 11.6542937585941 7.93360012208221 7.90380074727095 8.1179652758301 7.85120412656319 7.60690036027416 7.19802948862524 6.63877114561629 6.55416641990615 6.32559222598268 6.36550659561191 6.23290216245937 6.38602321834448 6.64820328888176 7.7936577747166 7.27271076900574 7.28259699808957 6.66300027659282 6.64001091750662 6.36455945149426 6.45947843816406
5.81891362195094 6.10904421684437 6.23763630551825 6.27790170568161 6.31434601585806 6.5537667160958 6.35994527129853 6.08466324553067 5.96460941122048 6.07517388993367 6.188462973642 6.82264563654177 6.47012635127964 7.41024901609362 8.20862348179387 9.9807382667577 10.4951062469108 9.09633993795814 7.92639960133414 6.6645844578486 7.15560292322091 8.27279114761108 9.48929835652656 7.30182349551675 7.6642050733915 7.74640930616877 7.86104495786468 8.85080016801428 8.08201573591232 7.12623261914319 10.0706917237736 9.51847177850762 7.02752552865406 7.34573341260274 7.6745035861248 6.95765136716695 7.01285859878109 7.24022806234014 7.17625076062628 6.50919285719577 6.43668293376165 8.09741441453609 10.7456190060183 10.566647568323 7.58622424265891 7.36346705667522
6.12479454516485 5.97754693777614 6.52080839813349 6.60991840297884 6.46908112215095 6.69764831279231 6.77936592030941 7.01309560464533 6.71002697203631 6.48315816344589 5.95990002944268 6.23314010099695 6.25693855654892 5.71898300701633 5.77826365687951 7.61030873720252 8.18709870900171 7.85390820089079 8.33453269811328 7.78558982919103 7.93155748483585 7.15610561949404 7.82173403853262 8.4177680838028 9.7634225088761 7.79178513405366 7.08043471099367 7.3447869495077 7.62075168335038 7.71163156295932 8.15600941344408 8.28382899308101 7.96334033188887 7.59657987355868 7.40104684457187 7.10915942080934 7.83587124071522 10.3677764958431 8.05797016969478 6.50392895520248 6.84860654365833 6.94597211786175 6.81307281635948 12.7203741259107 15.6855731718012 14.1221387338392
6.06835070213042 5.86322348644842 6.09940978386508 6.05982786874825 5.92781453954078 6.08375396486087 6.33979314887203 6.50766030440091 6.47647516197282 6.95026559136628 6.57453286273297 6.29691178170543 5.98446573655354 6.22494217962771 6.62164999762994 11.5381928629354 7.73065055653685 7.71152115834021 7.96759344406828 7.76315031432731 8.54434886810856 7.76757626924815 7.55704215070328 7.09592674131022 7.62877105239587 9.39697912171037 8.62495757732811 7.93707687386589 7.70950720906617 7.53777358030873 7.04431909130785 7.46767674230841 6.93260549138985 6.27582028461713 6.35843851554402 7.56571525023994 9.41482342923029 8.74089451227028 6.69045322507304 8.0731115636154 8.6179647996311 9.03790848984142 8.87727438598254 10.276420702393 9.80684574565916 7.78076787659828
5.90557386753615 5.9740523444068 6.03613557958985 5.90960882196545 5.7804911804504 6.04244581011569 5.95155775357745 5.81958624742978 6.02305679458071 6.4875387569332 7.19189890629173 7.2525014390112 6.41226205980374 6.11319408807954 6.18942285498644 6.69796361086889 7.63887039989762 7.49853027032457 7.83623957663624 7.89430486975081 8.27264456732659 8.13062775407904 7.33983696774041 6.60001871882803 6.81454980735367 7.03554648909026 7.83794648803789 7.72609484937258 7.58119308244753 6.73526171361259 6.21978935758173 6.1423605455805 5.98201322177642 6.05234474684349 7.05985832653002 8.73401409233153 6.6326206105103 6.7484249491725 7.20072164242212 8.66048833082351 9.50433487157931 7.50870028050488 8.54836730942957 7.13459350035276 7.48865117191335 8.95464122595117
6.09136548147256 5.98420642685841 5.98166514318324 5.61498671876452 5.74820684493321 5.73935244286093 5.86403778514432 6.0598672817156 6.14839827401454 6.76654591081111 6.98780590664858 7.000403744174 6.30184864490084 6.1814754687996 5.93393679759573 6.10537269497927 6.40265169231195 7.30170757695328 6.6092996256641 7.0012102964029 7.14237065052281 7.40001907905155 6.93116205024811 6.79968600027533 7.10511341305791 7.08531147777324 6.60471023082237 6.99207260968744 6.7153031148213 6.67352911504618 6.69178719894786 6.85157602613107 8.94513449948005 8.82606444552123 9.09740146616542 6.64119774605146 5.66662682727267 5.26369095216563 6.14855451124139 8.51665745294724 8.45024286696858 10.7123019054841 10.1407131680565 6.28311478073435 6.97977207340865 7.78615110670559
5.74980557864606 5.69392937783187 6.0048273041673 5.71701945023322 5.59993084912323 5.58537463221841 5.92472168540163 6.09988844302133 6.07815788570906 6.20486622514344 6.23205830714143 6.14978538925921 6.66550893375326 6.54832029873311 5.76750104305381 6.18717437779559 6.03277587664194 6.08575167146808 6.18037157639597 6.9557449189373 8.47331172711108 8.72880695259347 7.03437264171852 6.75846992182806 6.8628509812315 7.19008079327867 6.29843419810658 6.03881147901757 6.35531154714983 10.9038672279064 8.78819803328956 9.00574390054199 7.4287996576713 6.53803418480396 5.78957621083044 6.42716346220775 7.08651590480276 7.52769081286811 6.10890150217287 6.36685532749158 7.3686215662412 7.96041233270939 9.61860381123947 11.2947745247358 6.85117553049701 7.65900393259168
5.90632815221908 5.72593986033814 6.22231996293288 6.54069390773681 6.42209413627913 6.04026297875605 5.6225197368764 5.90768441383243 6.03139457042801 6.1398099088736 5.97263795710482 6.01840239083406 6.06921846304541 6.23197998391984 5.61659795937349 6.02383131378281 5.92079182371249 5.9888490665605 5.93547845256438 5.75269138372562 5.84769304069711 5.72459743315731 7.49671756855017 8.21138789011858 7.38927762523078 7.11292482711496 6.9664270626416 6.36495907293188 7.42149431776512 10.3448272449292 6.41680051079677 5.88716776087879 5.48148996436374 5.32387787568413 6.8258473168257 6.51856235969377 6.31710584984327 6.68619855507889 7.01990506671447 5.97910149455009 5.45957722460263 6.31064364183537 7.66506270308955 8.8392939869044 7.60494268344981 9.26342334161195
7.11635821001949 7.04044852247735 6.25408488277758 8.00739544310963 14.1397157955261 10.2916846459637 6.15762159074824 6.71039475947535 5.99376803878996 6.15116010383174 6.07474889090027 5.83529665388925 5.79307580474006 5.66004247779162 5.54388147013012 5.68671085510814 5.61672809880631 5.87524817032085 6.45460690533808 6.35902198087292 6.00744290581821 5.44331905929448 5.29897718658405 5.37397372389853 7.39147201898149 9.79987143742653 12.0648534044186 8.44003880216481 8.86952571545438 15.5560880939094 9.47788203614557 6.99183108499445 6.13635364744049 5.24382195466768 5.6249280907292 5.36547854680424 4.91191794037729 4.69611248485517 4.88396265468342 5.16157843751586 5.29128587793862 6.2739800335427 6.79541404512268 8.16793324785592 8.2831417650929 8.76643594350121
8.13690443354274 7.50060873432011 9.41211544142236 8.90445683439443 10.9549834709749 14.6194057698341 10.6806360161917 10.716299754605 8.21428559751294 6.96820476386749 6.08895198211892 5.82713156217081 5.66179737558042 5.82153012654559 5.93782379327639 5.82260119193267 5.72408541243934 5.57178171898656 5.7967126106642 5.71136245579888 5.57714420261102 5.69530240019297 6.00504136586309 5.8521091931268 5.87166998101433 5.9482240275035 6.43278695044743 7.41665030147418 11.6099647051288 16.6550322629093 12.4689948467731 11.1038490920544 7.58395726063822 5.92730709296204 6.49085495842098 5.54965842727844 5.4646848411804 5.65569093339629 5.89293540257219 5.70578844564288 6.15500921440696 6.35164503110417 8.260854596035 6.83898094920384 9.68826292447925 11.8608858080165
6.80115483867537 8.72295591884702 8.37089962504922 9.13560025416716 8.66406320623284 7.05239687603119 11.0266372474459 15.7674225131922 10.9049666081494 8.2487062676718 7.2928947686141 5.58626004935457 5.57300089801648 5.72948683274254 5.89233684892743 5.94974034107162 6.03714768569809 6.13372846317524 6.2936510184146 5.77004963681694 6.07473621653274 6.15399103880754 5.94053397598187 5.6848652813522 5.53656596107402 5.41868959206233 5.37911284687958 7.32463847541834 6.96366334426766 5.76278884533848 6.07213562888656 8.1560473550806 9.09193771728145 7.30997905628349 6.80333459243413 6.36127454406045 6.23236553505465 7.13630128086107 6.6950410366893 6.56500606043153 6.33975999442363 7.73443775174662 7.75829523061976 7.7279424265941 7.33349897579739 8.85624603849202
8.16553296958359 8.10555420930919 9.59603217479714 6.88196702244826 6.23758746126644 8.7844109564098 10.4433012630669 12.1728513097262 9.8087159579409 9.37659852371204 11.0135063421303 8.6038584437929 7.68870947194242 6.04159234404623 5.61013614844516 5.75951412353739 5.92828903573793 6.10625562988013 6.35749611049231 6.44048663649099 5.86563832197869 6.2049773342714 5.89482626349457 5.57277975043099 5.42738236833292 5.33419997658511 5.32233799543871 5.60196329569425 7.30747407981134 5.77940210983522 5.69985433240614 6.17745944179101 6.26534846235731 13.3875161980796 10.5344219780527 6.63367639522321 6.45222437382573 6.51135521588856 7.16951604278591 7.35890112075154 6.67572829113246 7.13345767499471 7.28554866855594 9.15141737955154 12.3690499540848 7.04922496622921
9.09786968625245 6.45625378280193 7.29961474271115 8.84308748476593 7.30708830060209 6.91564404934957 7.33038700588818 7.88355940173938 10.7530793538719 11.626450142296 8.72787316473003 6.74466596667407 6.6595939730821 7.03076625197297 6.69786685549021 5.98683117030677 5.88576563668836 6.1088158209536 6.0530166540344 6.84030517851274 6.51350934317272 5.86950934513435 5.67664371994348 5.5299717467363 5.39159449241991 5.54959068141571 5.68345730892932 5.5218681818299 6.0072324689145 7.38160227492201 6.83620757980896 10.8743712585024 9.60338197341861 9.16458068532721 9.22960824460666 7.56677935877 6.58428519919013 6.43127466965496 7.28657571075546 6.62399405804931 6.62303214600979 6.5718906574242 6.38231610745139 6.42405900422082 6.56619012871883 8.46719181464909
