IBR/IBR_outputs/all.combrep_1/PersistForestCover_Total.Silt_Total.VRM_Total/PersistForestCover_Total.Silt_Total.VRM_Total.asc
NCOLS 160 
NROWS 95 
XLLCORNER 210004.651214014 
YLLCORNER 7350008.22228844 
CELLSIZE 4999.99999999997 
NODATA_value -9999 
[rows 42 to 62 of 95, columns 0 to 45 of 160]
-9999 -9999 -9999 -9999 -9999 -9999 -9999 -9999 -9999 -9999 -9999 -9999 -9999 -9999 -9999 -9999 -9999 -9999 -9999 -9999 -9999 3.84793297369417 3.1195689295694 3.69099378164515 4.54493972387478 3.95583430752134 3.73775136554012 3.7272257626773 4.24598361192489 4.58708094816625 4.50260670602016 5.86301295820447 6.80722799288629 7.16485597617372 6.57781507817734 6.11732441001057 6.19529503271345 6.43277555613857 6.58352841360211 7.17373695906058 6.53798653567787 6.59986664106308 6.24657633264371 6.43126021330838 6.45479528812409 6.90199348140593
-9999 -9999 -9999 -9999 -9999 -9999 -9999 -9999 -9999 -9999 -9999 -9999 -9999 -9999 -9999 -9999 -9999 -9999 3.31208546790794 3.07694974127189 3.39544153453104 3.46929723665058 3.56677086593511 4.9369358318541 5.76402435119264 4.53519124940904 4.02212894864245 3.7552888337417 5.08287052820466 5.61917623745695 5.42989087178618 5.9712545908213 6.62271955274599 6.29193802138796 6.00813585026745 6.11145153394291 5.96752305594993 6.56697595846987 6.83124616299408 6.95961516022736 6.73941788738953 6.55917827135614 6.27552127993904 6.44235412064604 6.49563487058739 7.07895979243656
-9999 -9999 -9999 -9999 -9999 -9999 -9999 -9999 -9999 -9999 -9999 -9999 -9999 -9999 -9999 3.9848575117136 3.5712447252976 3.84546285492377 3.00644187869689 3.69429494847525 2.81679119734056 3.49976768577099 3.9705070436982 6.22369080395505 6.29107519140583 5.86600808065401 5.22791094074907 4.7873445425148 5.31429642057623 6.3844666906775 5.83127292052841 6.09810496536807 7.05372908577187 5.86792481183062 5.63028806869736 6.09409714779081 6.48423310053048 6.98255558028693 7.56887755286031 6.46241812969891 6.79849393055762 6.84195826219 6.50278279024728 6.62209169542957 6.24116601951685 6.48118663743301
-9999 -9999 -9999 -9999 -9999 -9999 -9999 -9999 -9999 -9999 -9999 -9999 -9999 3.75322031405121 3.82979488070884 3.94405450267038 3.6532685672898 3.8787940821574 3.60012004765915 3.42206377738337 3.46196215698902 3.13237894276408 4.56888615397144 6.13482349909741 7.17895243663787 7.06452795620381 5.48449017388334 4.97778676182832 5.2356484774355 5.98649890702514 6.4148419256241 5.76848184421226 5.98409306634285 5.77804435451338 5.83830745281221 6.11619200871996 6.72297974636242 6.80844301649585 6.65204576982051 6.67119148481156 7.56888103795274 6.41352189720361 6.62260343220761 6.08458234067685 6.20619436391855 6.55094873285962
-9999 -9999 -9999 -9999 -9999 -9999 -9999 -9999 -9999 -9999 -9999 -9999 3.67027460135325 3.67757585165632 3.64218253539348 4.36484376011932 4.11939030028635 3.51896945597295 3.28983863769486 3.12499787027086 2.9706986957784 3.67723014726527 4.63720322814649 5.93788368367182 6.99955074618253 7.00723986815771 5.97561522233897 5.22624247977041 5.90742017952127 6.57928457917095 6.45753355229025 6.4592251999544 6.01219944853259 5.81321897164414 6.04510472540429 6.03870224752446 6.55768732367942 7.23252263673545 6.36324861829867 5.99252462892704 7.50518871815564 7.44580788191622 6.65898073405525 6.55964042469482 6.4947371018383 6.52510118576735
-9999 -9999 -9999 -9999 -9999 -9999 -9999 -9999 -9999 -9999 3.9629902645267 3.97889448046077 4.20412802315924 3.88372258561021 4.53631359845828 4.67389662856114 6.2611509244879 5.17789891657724 3.29518390330864 3.55251777283652 3.96644690124129 3.79144715409061 3.6975888264011 3.90314696232666 5.96553617440495 6.80142012510106 6.0270592556545 5.92763090019511 5.55454734905745 6.42889177652168 6.40890285041479 6.65537133893962 5.94502626875601 5.92406718019483 6.02141170285268 6.00651357860253 6.16477551726244 6.52143414622565 6.32601446566281 5.6225925557722 7.10077282107626 9.06347472022204 8.6069536417941 6.69453895561627 5.84631954417776 6.01335245771351
-9999 -9999 -9999 -9999 -9999 -9999 -9999 -9999 -9999 3.77831735086487 3.85281371743774 3.75912337243185 3.80789318678496 4.08142053751038 4.86980764947078 6.46862602042015 7.18513318459548 7.05974668621406 4.57338202769869 2.76546008472648 3.8369564879138 3.69502646244496 3.69211965139075 3.75879265944426 4.12969064039137 5.98548710409163 6.12074468028035 5.44216756216495 5.59109762906476 5.86747852706446 5.72349083424525 5.72863530532003 5.9044970112021 5.88820839641835 5.92129844708216 6.27180394799785 6.43361676913201 6.70478283029358 6.22995434491575 6.42479730162901 7.5570235949436 8.50117007681321 7.92197958955434 9.5787986359894 6.98202966899216 5.97485750295246
-9999 -9999 -9999 -9999 -9999 -9999 -9999 -9999 -9999 3.7125522882255 3.85643756401838 3.53707909048425 3.86412940038627 3.9220135012905 3.45658509992585 5.45267795975322 7.57203160128574 7.38200669147369 6.47591840986162 3.48667455909726 4.48531712102007 3.65387904830119 3.67910294503183 3.73738597516596 3.75904829297686 4.39675988346078 6.6284486818827 5.85838203882677 5.29296701191968 5.67658265273171 5.54582876269306 5.66335304715696 5.85085204413316 5.83591495718776 5.76454695431276 6.20759303659533 6.02667570895378 5.86474184921033 6.34939870867785 6.45963977164419 7.13566790754278 8.62896511876774 6.69932073444449 7.43699668673125 8.22790746822917 8.67998386562942
-9999 -9999 -9999 -9999 -9999 -9999 -9999 -9999 4.01092743694456 3.93063530034518 3.75570331577864 3.33350160175482 4.1875135661836 3.98481281778733 6.10119870118008 7.89532079576152 8.10468580649984 7.53223550034913 7.06278296352416 5.39876989870789 3.94985841697972 3.18183328725819 3.53703892717678 3.6888498308937 3.80903031581802 4.37397026335239 5.75996385742365 6.51515334336567 5.52126988571009 5.62744769667716 5.71054419774294 6.02270333761801 5.99486824432809 5.73307053053389 5.61294364843881 5.49621103648075 6.19739157332852 6.0786095492867 6.38223852862432 6.39272080952559 7.22279814015832 7.93029799983304 7.96796139212105 7.37524180146613 6.52921184656433 9.04405267986063
-9999 -9999 -9999 -9999 -9999 -9999 -9999 -9999 3.96632736613342 3.82891004517264 3.51438969623022 3.63003103945538 3.76226485495138 4.56864031400813 6.93445674110194 8.11482279700057 8.09349127388704 7.26518417220511 7.28224526675907 6.55007433503567 5.84789166344326 3.78171292325059 3.57340922498505 3.74044334125072 4.49695914694938 5.4320261533197 5.79734340939844 6.03633739117093 5.99832905383442 5.84822585224577 5.82050905789488 5.58738139292695 5.77351703596749 5.57118898289635 5.90340752809405 5.65014200664696 6.2592899817392 6.32566082629826 6.07832214575806 6.06037418085394 6.46635871863157 7.07300708151734 7.2581693546293 8.4127010259165 6.46661600839106 7.16479621326063
-9999 -9999 -9999 -9999 -9999 -9999 -9999 3.98478348440419 3.88626027848387 3.52267729965171 3.41846781904127 3.75841573740106 5.19026791430348 6.58707755913092 5.54449770607178 7.27048525393384 8.01624289175852 7.50013807112013 7.0621650047863 6.75311900603293 4.28436688593732 3.63569193498865 3.69337414899446 4.00099557024537 5.20361932613344 5.65036464542394 5.62722696790009 5.64571562723914 5.90501898357176 6.00801860630847 5.78500257282664 5.63320842365339 5.49102211093145 5.8772501975037 6.31577026170968 6.4424868615325 5.99586172701231 6.33995403757272 6.10616622865359 6.17963042722199 5.95474401319588 6.48223118865842 6.83489071489373 6.73570392742509 7.30613486887692 6.50595853591004
-9999 -9999 -9999 -9999 -9999 -9999 3.92023886454188 3.87836270860094 3.86566296177789 3.46034106452226 3.02386461203881 5.35117987828086 6.22817430947765 6.75183277697947 6.29752909102838 5.97017443268952 7.70225097510362 7.7795929495298 7.14896068880401 6.89895675339228 4.85257785575289 3.4277074447112 3.61798452409461 4.38950301621933 4.94897782198271 5.04393938338913 5.27238236290582 5.59785649642219 6.18253608662457 5.56633019653935 5.27586451048392 5.42317182215079 5.98295871127787 5.93398574704277 5.97985633638084 5.70287494740256 5.59127169477997 5.63234703382386 6.33034394566075 6.20547972622913 6.34253426047433 6.47848115437635 7.42132976862101 7.76296313044153 7.40080614963564 7.33864901338582
-9999 -9999 -9999 -9999 -9999 -9999 3.91427928525385 3.71023667526567 3.76135779785529 3.63581961719963 3.36895072613365 6.48063671275733 6.31320208722841 6.71319940501369 6.47236003918542 6.30724014802019 7.02740142095018 7.6244328959103 7.16895520136921 7.60744004210837 6.31887574645741 3.65515331746629 3.28514577676996 4.56356253264428 5.0235391078036 4.89740502020857 4.92968369920897 5.42709498409052 6.06885930845674 5.21679269447033 5.23418473818917 5.2823833598005 6.13532694734876 6.19762562825451 5.78829764985252 5.46687528616976 5.04174839225897 5.84600566752177 6.2214700521735 6.18561950724255 6.25410159047456 6.4573195387255 7.20342388854319 6.87121986702391 7.47731596251393 7.7038462580231
-9999 -9999 -9999 -9999 -9999 3.51918759841203 3.85361924040306 3.41851022178613 3.4015488618323 3.14718514727717 3.85076483420056 6.60036013382731 7.03501822498382 7.30226382351325 6.95931242744183 6.20548821767281 7.29740442023681 7.41460394851755 7.44609858192937 7.55518582075985 6.01462864730796 4.2828906214825 4.334651424333 5.13638002447938 4.7739522140947 4.61927023144184 4.81012643903163 4.89403964800691 4.98182386166823 5.16055439254021 5.48557310701949 5.25618237219834 6.03911401862533 5.77404732175685 5.32815124217478 5.44771560444593 5.9816738260868 6.05504448565923 6.12129697739087 6.39277308300784 6.08132987559377 6.31218718337593 6.83918441654442 9.73858157181001 6.96243580347453 6.96211954124138
-9999 -9999 -9999 -9999 -9999 3.80417649709393 3.79685232729445 3.79962775787947 3.20173527492169 3.06137204609849 4.57564651555647 5.8535835204609 6.96952102383937 7.2591009707655 7.13883531220248 7.13617955130482 7.29892980551128 8.06252370139595 7.81905455178441 7.60554553234064 6.27108881226118 3.73832895151045 3.99624156465197 4.30374854201862 4.2807040866997 4.16519408818286 4.41968679233422 4.74853039961581 5.19407248156068 4.87186572971429 5.2686833672644 5.45773251394848 5.63697964217064 6.29852221606071 6.37189538281409 7.13847878496911 5.89752846620867 6.11678365249367 6.33344637944128 6.1398624045596 6.06700498883796 6.30034411014845 6.22404198723413 7.20685879071724 8.01417887793148 8.12754517758647
-9999 -9999 -9999 -9999 -9999 3.84741094504491 3.6959082276271 3.49344922459013 3.03421132949042 2.87141398990875 4.1928189023977 6.30528869580336 6.91865575631332 7.34473357311644 7.32544525240212 7.62814694469224 7.90962604805495 8.06566032304104 7.93204109800262 7.74071423138263 6.01231234976722 3.6232500048785 4.10995225619649 3.84815055473285 4.34900937556665 4.01196963704727 4.39445600661597 4.74519947505166 6.04584679682679 4.85220369976144 5.84268212617284 5.29569252280173 5.38748598964859 6.06852366120687 6.85719435227252 7.78148935477642 6.23569284645105 6.0224876135766 5.93701646159624 5.76111679839417 5.65309119468799 5.94421741858937 6.20400796264369 6.71621474489097 7.17746021592621 9.40135036769697
-9999 -9999 -9999 -9999 3.94783738196555 3.9250593453349 3.79196210791841 3.06528582382255 4.80808175843943 6.23021616275153 6.09050721649574 6.93606116693883 6.94274684830623 7.48806769663256 7.63475414484071 7.6505167403612 7.80541860490187 8.13041248909921 8.16408762791101 8.26205393675587 7.26153267292414 5.37533861312354 4.2744788218311 4.6831207116487 4.72389433622531 4.09989180544698 4.34060489735004 4.37229731774925 5.07242310412344 5.34522566765597 5.90200666873302 5.42467759211609 5.5601716771766 5.80481302957366 5.89486583194126 5.8280413351834 5.7914665652068 6.14280654780789 6.62735119427615 5.56318982974143 5.62379514406894 5.68356148999352 6.70673831321491 7.36026943111315 6.87119874273917 8.05032796993166
-9999 -9999 -9999 -9999 3.95270989507051 3.8805183645865 3.84049123871432 3.34710809236229 6.60684806085804 6.96017120392578 6.6791449305714 6.80241936336582 6.99857839507515 7.07698671185906 7.26751100299987 7.4860017864154 7.66170461986735 8.06448640203624 8.19587434903817 8.45537790763582 8.46323877484902 5.69316733484833 4.59437909457095 5.16641565253184 4.99999514629274 4.33589841243187 4.10380073451196 4.86889674343378 6.01252826469653 6.05429571885974 5.950319618999 5.58424871908926 5.46409935962143 5.83157748302597 5.53784507526436 5.41046130450921 5.2619327690986 5.43609705953889 5.60788977015408 5.41673156414257 6.00384146954753 6.09609870389981 6.52166876239048 6.6427368534695 6.79973820266524 7.09761903571359
-9999 -9999 -9999 -9999 4.03231457105319 4.08127923212535 3.67967558142085 3.31862847541931 6.40915677748852 7.09640093003585 7.02403471511776 7.18774493773099 7.12507431926376 7.00718005996483 7.59916292858317 7.62472101959365 7.81199920735029 7.97294399464801 8.0256996825803 8.08306542833127 8.31849268267193 5.74818126263328 3.99214410321169 5.41013252363616 5.39481535500666 4.10959387723527 4.78440192213769 5.8989839356863 7.71215369545821 5.69805976566106 5.83155341255046 5.45870423382543 5.44539582072918 4.9412940511815 5.10814393519989 5.26639743234266 5.28801654346922 5.35871317402829 6.8562456064655 6.0154802525228 6.31995393229723 6.52532265823029 6.47726584932876 6.43724482602778 6.55270120647054 7.21001367095273
-9999 4.16698691380636 3.93631253042877 -9999 4.04798456628462 3.89880977496567 3.46985787895742 4.82178113671663 6.35663663914121 7.12349905278957 7.99219101290928 7.80994310534086 7.44648220735251 7.95819178209406 7.39691847419397 7.29411089812043 7.80114093161795 7.65177917178745 7.92500797364619 7.92708240593945 7.95378431873423 5.82886182788998 4.92680391318508 4.89501398074577 4.43434667187258 4.73723538833922 5.50444343111502 5.68568859291108 6.49713000106781 5.95114486290729 5.45846775839678 4.62323592467818 5.40292506108984 5.08933394454226 5.19699726713448 5.07299061456666 5.24640594452249 5.32004298182855 6.08287668441494 5.36355481781156 5.40442482455177 5.77869131511812 7.10193338989284 6.37289228178365 6.66418515031031 7.68073390865561
-9999 4.96759958847835 5.2499188760712 4.02452930102829 4.03002386605155 3.83349341825324 3.97291935034399 6.46474532007808 6.590127996056 6.26801724087415 6.92009703902746 7.32269613006734 7.61286149991465 7.58153588138452 7.95806043497528 7.36303293657105 7.86418479518296 8.27635068385697 8.38164841695973 8.20307557757029 7.97485074064389 5.95916985556707 4.98092630609895 5.20683104243255 5.52757064074223 5.25454367510668 5.27558182944521 5.12588537753915 4.83074811052377 5.632969489214 5.46341050787705 4.59628905076358 5.56660589291325 5.62688186430165 5.30859924583034 4.98403038429667 5.384246462193 5.41919896482956 5.73666192795317 5.59920079687106 5.75150762312839 5.75374194865652 5.93820854621723 5.85421266266854 6.78649337882993 7.27246660028084
