9.9991E-05 0.159137 0.815079 0.0256847
9.999E-05 0.114592 0.851328 0.0339801
0.0220778 0.235307 0.733907 0.00870838
0.00488726 0.063307 0.897663 0.0341429
9.999E-05 0.0861402 0.895315 0.0184447
0.0433407 0.00749638 0.949063 9.9991E-05
0.0291807 0.0804088 0.890311 9.9991E-05
9.999E-05 0.0257252 0.913133 0.0610414
0.0574063 0.190303 0.701989 0.0503019
0.0308006 0.21732 0.716415 0.0354648
0.213549 0.132082 0.591507 0.0628617
0.0557164 0.261392 0.644597 0.0382946
0.332466 0.122653 0.475054 0.0698274
0.139147 0.288092 0.572661 9.9991E-05
0.0304758 0.252436 0.662518 0.0545699
9.9991E-05 0.150389 0.815321 0.0341897
0.00589995 0.304925 0.676577 0.0125976
9.9991E-05 0.0779077 0.881562 0.0404302
0.188465 0.617873 0.138695 0.0549671
9.9982E-05 0.84397 0.15583 9.9982E-05
0.0202868 0.752078 0.206107 0.0215283
0.0489293 0.903173 0.0426789 0.00521888
9.9982E-05 0.943969 9.9982E-05 0.055831
0.0130963 0.807772 0.135702 0.0434297
9.9982E-05 0.699938 0.299862 9.9982E-05
9.9991E-05 0.966132 0.0282719 0.00549589
0.0211898 0.93571 9.9991E-05 0.0429998
0.0859408 0.894149 9.9991E-05 0.0198098
9.998E-05 0.9997 9.998E-05 9.998E-05
0.0957561 0.904044 9.9982E-05 9.9982E-05
0.0275579 0.948747 0.0235954 9.9991E-05
0.0363603 0.910664 0.028133 0.0248424
0.00596171 0.865329 0.0732744 0.0554354
0.0430958 0.209129 0.673495 0.0742801
9.9991E-05 0.29913 0.691705 0.00906521
0.101768 0.165688 0.732444 9.9991E-05
0.0229989 0.0708925 0.873162 0.0329463
0.115383 0.206683 0.654012 0.0239222
9.998E-05 9.998E-05 9.998E-05 0.9997
0.0863541 0.8944 9.9991E-05 0.0191459
0.103638 0.208796 0.687466 9.9991E-05
9.9982E-05 0.171718 0.828082 9.9982E-05
0.197545 0.362771 0.424596 0.0150892
0.355623 0.16585 0.419502 0.0590248
0.291847 0.125721 0.548139 0.0342933
9.998E-05 9.998E-05 9.998E-05 0.9997
0.0754429 0.260523 0.560582 0.103453
0.251885 0.244963 0.503052 9.9991E-05
0.138737 0.406125 0.42161 0.0335279
0.84482 0.0494928 0.0872881 0.0183992
0.888569 9.9991E-05 0.0749403 0.0363911
0.84146 0.0837211 0.0747188 9.9991E-05
0.804894 9.9991E-05 0.126303 0.0687029
0.874607 0.100471 9.9991E-05 0.0248227
0.911954 0.0721794 0.0157014 0.000165266
0.76072 9.9982E-05 0.23908 9.9982E-05
0.895077 0.0338413 0.0375734 0.0335087
0.911313 0.0638 9.9991E-05 0.0247865
0.844404 9.9991E-05 0.110174 0.0453217
0.737923 9.9991E-05 0.208325 0.053652
0.891379 0.108421 9.9982E-05 9.9982E-05
0.784897 0.0749691 0.140034 9.9991E-05
0.572185 0.0621151 0.303119 0.0625805
0.00941296 0.815933 0.138618 0.0360355
9.9991E-05 0.820124 0.147782 0.0319939
9.9991E-05 0.848923 0.144919 0.00605779
0.811312 0.0767146 0.109815 0.00215847
0.668044 9.9991E-05 0.24506 0.0867964
0.8279 0.0766967 0.0783638 0.0170391
0.863062 0.0187422 0.0435288 0.0746672
0.899835 0.056089 9.9991E-05 0.0439759
0.335283 9.9991E-05 0.641544 0.0230736
0.308739 0.0572905 0.623584 0.0103861
0.375968 9.9991E-05 0.585337 0.038595
0.317527 0.0989997 0.539357 0.0441159
0.270261 0.201218 0.494939 0.0335822
0.342784 0.0755056 0.524373 0.0573366
0.271686 0.0763231 0.620662 0.0313296
0.756129 9.9982E-05 0.243671 9.9982E-05
0.53096 0.0605656 0.271119 0.137356
0.820709 0.128999 0.0103854 0.0399061
0.806851 0.13813 9.9991E-05 0.0549185
0.789594 9.9991E-05 0.186591 0.023716
0.0483389 0.815035 0.108647 0.0279785
0.477314 0.0978318 0.424754 9.9991E-05
0.403574 0.00213745 0.594188 9.9991E-05
9.998E-05 9.998E-05 9.998E-05 0.9997
9.9991E-05 0.239649 0.752026 0.00822499
9.9991E-05 0.18643 0.773625 0.0398456
0.0476277 0.210391 0.686917 0.0550649
0.147839 0.39187 0.411626 0.0486645
0.0478914 0.0839198 0.868089 9.9991E-05
0.462558 0.0384428 0.498899 9.9991E-05
0.0614135 0.602134 0.29601 0.0404425
0.40471 9.9991E-05 0.475615 0.119575
0.134766 0.357558 0.469769 0.0379067
9.9982E-05 0.240818 0.758982 9.9982E-05
0.0439023 0.101582 0.854416 9.9991E-05
9.9982E-05 0.202123 0.797677 9.9982E-05
0.128103 0.0900652 0.747384 0.0344476
0.0273268 0.0931126 0.879461 9.9991E-05
9.9991E-05 0.124891 0.870573 0.00443641
0.448208 0.0834359 0.437633 0.0307237
0.371894 0.14102 0.388874 0.0982121
0.429923 0.0582465 0.423292 0.0885378
0.132021 0.272336 0.584491 0.011152
0.251968 0.203848 0.544084 9.9991E-05
0.0460512 0.470127 0.483722 9.9991E-05
0.826063 9.9991E-05 0.163082 0.0107551
0.815309 0.0320924 0.114958 0.0376407
0.381812 0.19122 0.422923 0.00404455
0.312022 0.132978 0.500958 0.0540419
0.298359 0.322348 0.318167 0.061126
0.0106442 0.858643 0.130612 9.9991E-05
0.774676 0.165429 0.0234304 0.0364638
0.83279 0.0147869 0.152323 9.9991E-05
0.657575 9.9982E-05 0.342225 9.9982E-05
0.0381273 0.537132 0.366279 0.0584617
0.0297082 0.343071 0.627121 9.9991E-05
0.0448933 0.0695364 0.832862 0.0527085
0.107819 0.118872 0.773209 9.9991E-05
9.9982E-05 0.418766 0.581034 9.9982E-05
9.9991E-05 0.202549 0.768041 0.0293093
0.0189518 0.144504 0.831655 0.00488838
0.015171 9.9991E-05 0.966436 0.0182927
0.0281647 0.34494 0.626795 9.9991E-05
9.9982E-05 0.193694 0.806106 9.9982E-05
9.9991E-05 0.251143 0.710982 0.0377758
9.9991E-05 0.137942 0.846446 0.0155121
0.122737 0.360304 0.50494 0.0120187
0.0383857 0.0485231 0.860607 0.0524841
0.0730585 0.317492 0.584385 0.0250644
0.0197996 0.146168 0.821105 0.0129276
0.0317622 0.928592 0.0395459 9.9991E-05
9.998E-05 0.9997 9.998E-05 9.998E-05
9.9982E-05 0.966874 9.9982E-05 0.0329261
0.0677943 0.811583 0.114682 0.00594019
0.0519795 0.849259 0.0761151 0.0226462
0.0776742 9.9991E-05 0.896155 0.0260704
9.9991E-05 0.144732 0.828821 0.0263473
0.9997 9.998E-05 9.998E-05 9.998E-05
0.834523 0.120741 0.016139 0.0285968
0.92353 0.0271589 0.0492114 9.9991E-05
0.766479 0.0823558 0.145946 0.00521992
0.941788 9.9991E-05 0.0327183 0.0253938
0.820066 0.179234 9.9991E-05 0.000599979
0.931128 9.9991E-05 0.0304138 0.0383582
0.90139 0.0984099 9.9982E-05 9.9982E-05
0.881794 0.117505 9.9991E-05 0.000601298
0.902209 0.0915514 9.9991E-05 0.00613943
0.858904 9.9991E-05 0.106403 0.0345928
0.822171 0.0715901 0.0713636 0.0348756
0.819889 0.0545422 0.105802 0.0197668
0.91543 0.0843695 9.9982E-05 9.9982E-05
0.905893 0.0226976 0.0621802 0.00922906
0.921568 9.9991E-05 0.0377349 0.0405968
0.902043 0.0849279 0.00019061 0.0128384
0.368856 0.0801589 0.550885 9.9991E-05
0.214377 0.0679459 0.714345 0.00333221
0.935721 9.9982E-05 0.064079 9.9982E-05
0.725889 9.9991E-05 0.256229 0.0177811
0.975155 0.0242282 9.9991E-05 0.000516664
0.335965 9.9991E-05 0.655689 0.00824611
9.9982E-05 9.9982E-05 0.975446 0.0243541
9.9991E-05 0.307255 0.679181 0.0134641
0.0553767 0.524507 0.420016 9.9991E-05
0.0337997 0.631391 0.334709 9.9991E-05
0.0157984 0.885527 0.0985742 9.9991E-05
0.0508065 0.875135 0.0618098 0.0122489
9.9982E-05 0.841438 0.158362 9.9982E-05
0.00353581 0.832445 0.0921611 0.0718586
0.108875 0.855125 0.0113347 0.0246649
0.0824162 0.811427 0.0404426 0.0657147
9.9991E-05 0.192878 0.798622 0.00839987
0.0625653 0.121392 0.724358 0.0916849
0.0470939 9.9991E-05 0.88698 0.0658258
0.0620376 9.9982E-05 0.937762 9.9982E-05
0.0154993 9.9991E-05 0.9701 0.0143011
0.083148 0.0918167 0.819117 0.00591822
0.00950872 0.245032 0.726218 0.0192418
0.106225 0.223943 0.648313 0.0215186
9.9991E-05 0.167608 0.764447 0.0678452
0.056818 0.222725 0.681309 0.039148
0.0408298 0.21978 0.711803 0.0275877
0.0720306 0.721092 0.073723 0.133154
0.83862 0.0471898 0.0863985 0.0277915
0.841631 0.10664 9.9991E-05 0.0516295
0.921091 0.0598483 0.0189605 9.9991E-05
0.771278 0.0169051 0.197442 0.014375
0.83047 0.103728 0.0510186 0.0147834
0.165052 0.271466 0.507865 0.055617
0.00332091 0.350395 0.617812 0.0284724
9.9991E-05 0.217463 0.691287 0.0911498
0.0265692 0.308222 0.631684 0.0335249
