0.00476582 0.157426 0.0154963 0.822312
0.045904 0.0876848 9.9991E-05 0.866311
0.013881 0.273401 9.9991E-05 0.712618
0.0181937 0.0289329 0.0308991 0.921974
0.00573712 0.0488338 0.0239139 0.921515
9.9991E-05 0.00569924 0.037755 0.956446
9.999E-05 0.0928079 0.0621434 0.844949
0.0286562 9.9982E-05 9.9982E-05 0.971144
9.999E-05 0.223349 0.0940919 0.68246
0.0400093 0.267964 0.063226 0.6288
0.0634508 0.108356 0.185076 0.643117
0.0396118 0.260087 0.0533224 0.646979
0.0546557 0.0516874 0.292079 0.601578
0.0114571 0.309209 0.106123 0.573211
0.0457066 0.243151 0.0533049 0.657838
0.0240258 0.15152 0.00139331 0.823061
0.00241818 0.252605 9.9991E-05 0.744877
0.0362356 0.125607 9.9991E-05 0.838057
0.049829 0.551164 0.205678 0.193329
9.9991E-05 0.771668 0.0412444 0.186988
0.0116719 0.735683 9.9991E-05 0.252545
0.0188053 0.859273 0.0522985 0.0696227
0.0371192 0.962681 9.9982E-05 9.9982E-05
0.0432832 0.847239 0.0355958 0.0738816
9.9991E-05 0.750341 0.0088656 0.240693
0.0274111 0.944003 9.9991E-05 0.0284857
0.01001 0.921843 0.0680467 9.9991E-05
0.0371495 0.900441 0.0623094 9.9991E-05
0.00418286 0.995617 9.99825E-05 9.99825E-05
9.9982E-05 0.902971 0.0968291 9.9982E-05
0.00425995 0.955093 0.0405475 9.9991E-05
0.0401576 0.919082 0.0242358 0.0165249
0.0633831 0.846009 0.0363671 0.0542407
0.0676872 0.186025 0.0245556 0.721732
9.99902E-05 0.373012 9.99902E-05 0.626788
9.9991E-05 0.179683 0.0518602 0.768357
0.0396925 0.106784 0.0133108 0.840212
0.0185275 0.163421 0.144674 0.673377
0.9997 9.998E-05 9.998E-05 9.998E-05
0.038672 0.851334 0.0360825 0.0739113
0.010379 0.2096 0.0899208 0.6901
9.9982E-05 0.225493 9.9982E-05 0.774307
0.0111896 0.342411 0.1869 0.4595
0.0726202 0.137087 0.337815 0.452478
0.0205027 0.0733472 0.286036 0.620114
0.9997 9.998E-05 9.998E-05 9.998E-05
0.0857875 0.282472 0.0662398 0.565501
9.9991E-05 0.133334 0.234065 0.632501
0.0379942 0.363335 0.155086 0.443584
0.0148322 0.11124 0.866555 0.00737282
0.0315257 9.9991E-05 0.877709 0.0906652
0.0167887 0.0736548 0.812518 0.0970389
0.0445026 0.0156654 0.82818 0.111652
0.0613866 0.0520504 0.886463 9.9991E-05
9.9982E-05 0.110946 0.888854 9.9982E-05
9.9982E-05 9.9982E-05 0.777336 0.222464
0.0258814 0.0610355 0.888994 0.0240891
0.0353454 0.0850399 0.879515 9.9991E-05
0.0589906 9.9991E-05 0.85978 0.0811292
0.0362891 9.9991E-05 0.697929 0.265682
0.00431792 0.0656257 0.929956 9.9991E-05
0.00839872 0.0861079 0.787994 0.117499
0.0682609 0.0629652 0.494394 0.37438
0.0216817 0.818028 0.0609498 0.0993403
0.0268264 0.839536 0.0569917 0.076646
0.0399884 0.959812 9.9982E-05 9.9982E-05
0.00923068 0.0485439 0.767602 0.174623
0.0741431 9.9991E-05 0.67956 0.246197
0.020798 0.043781 0.817461 0.11796
0.0552754 0.0415984 0.826126 0.0770002
0.0781318 0.0221082 0.865012 0.0347482
0.0229417 9.9991E-05 0.349772 0.627186
0.0329732 0.0713392 0.298371 0.597316
0.0121901 9.9991E-05 0.299899 0.687811
0.0557447 0.0271671 0.307593 0.609496
0.0583676 0.138819 0.253072 0.549742
0.057035 0.0326862 0.319545 0.590733
0.0312701 0.139118 0.27949 0.550122
9.9982E-05 9.9982E-05 0.782705 0.217095
0.168369 9.9991E-05 0.563546 0.267985
0.0344457 0.101865 0.844238 0.0194517
0.0518555 0.14815 0.799895 9.9991E-05
0.0392697 9.9991E-05 0.741111 0.219519
0.0270705 0.77288 0.0979161 0.102133
9.9991E-05 0.119594 0.483868 0.396438
9.9982E-05 9.9982E-05 0.399298 0.600502
0.9997 9.998E-05 9.998E-05 9.998E-05
9.9982E-05 0.216547 9.9982E-05 0.783253
0.030527 0.232017 9.9991E-05 0.737356
0.0632927 0.212475 0.0535274 0.670704
0.0682841 0.253325 0.163303 0.515088
9.9991E-05 0.145912 0.0617368 0.792251
0.008919 9.9991E-05 0.4217 0.569281
0.0376786 0.621471 0.0304567 0.310394
0.0777447 9.9991E-05 0.391927 0.530228
0.0494835 0.325844 0.181175 0.443497
0.0163814 0.243263 9.9991E-05 0.740255
0.0104673 0.125021 9.9991E-05 0.864412
9.9991E-05 0.234072 0.0340597 0.731768
0.0324509 0.0433305 0.088666 0.835553
0.0284861 0.0772287 0.0140367 0.880248
0.0266821 0.0896409 9.9991E-05 0.883577
0.0395582 0.0282269 0.433536 0.498678
0.116941 0.120721 0.360112 0.402226
0.0825915 0.000666851 0.394843 0.521898
0.029967 0.25166 0.111769 0.606604
9.9991E-05 0.188149 0.245186 0.566565
9.9991E-05 0.492265 0.0235154 0.48412
0.0443181 0.0326288 0.798893 0.12416
0.0196446 0.0370478 0.8476 0.0957072
9.9991E-05 0.217354 0.376043 0.406503
0.0295134 0.178479 0.318656 0.473352
0.0802021 0.303875 0.286909 0.329015
9.9991E-05 0.827506 0.0439305 0.128464
0.0532604 0.163622 0.758038 0.0250797
9.9991E-05 0.0587407 0.796817 0.144342
9.9982E-05 9.9982E-05 0.646054 0.353746
0.0598024 0.537203 0.0437327 0.359262
9.9991E-05 0.292039 0.0344018 0.673459
0.0492488 0.0178819 0.0686993 0.86417
9.9991E-05 0.130064 0.0883059 0.78153
9.9982E-05 0.453537 9.9982E-05 0.546263
0.00546285 0.222044 9.9991E-05 0.772393
9.9991E-05 0.148349 0.0284517 0.8231
0.0203552 0.0616405 0.0261508 0.891854
9.9991E-05 0.442441 0.0201316 0.537327
9.9991E-05 0.191687 0.0216738 0.786539
0.0272651 0.239797 9.9991E-05 0.732838
0.0260724 0.133093 9.9991E-05 0.840735
0.0175363 0.270428 0.126042 0.585994
0.0602172 0.0999855 0.0472578 0.792539
0.0385641 0.300969 0.0568583 0.603608
9.9991E-05 0.132517 0.0124525 0.85493
9.9991E-05 0.969531 0.0250927 0.00527649
9.9982E-05 0.938618 9.9982E-05 0.0611819
0.0447021 0.955098 9.9982E-05 9.9982E-05
0.0108663 0.874721 0.0482779 0.0661351
0.033319 0.830211 0.0510042 0.0854656
0.0313455 0.0747456 0.114443 0.779466
0.0204849 0.184773 9.9991E-05 0.794642
9.998E-05 9.998E-05 0.9997 9.998E-05
0.0333147 0.0893868 0.8678 0.00949859
0.0138691 0.0253655 0.926458 0.0343073
9.9991E-05 0.0617097 0.74769 0.1905
0.0412305 9.9991E-05 0.906431 0.0522384
9.9991E-05 0.158662 0.840737 0.000501021
0.0284923 9.9991E-05 0.936339 0.0350686
9.9982E-05 0.102758 0.897042 9.9982E-05
9.9982E-05 0.0978952 0.901905 9.9982E-05
0.00585054 0.125715 0.868335 9.9991E-05
0.0348453 9.9991E-05 0.900387 0.0646673
0.0604646 0.0725948 0.816142 0.0507986
0.0200841 0.0416258 0.822571 0.115719
0.0304939 0.0920178 0.877388 9.9991E-05
0.0234924 9.9991E-05 0.905724 0.0706837
0.0475437 9.9991E-05 0.938876 0.0134799
0.0145573 0.0635388 0.921804 9.9991E-05
0.0159573 0.0262561 0.40115 0.556636
9.9991E-05 0.0466414 0.230702 0.722556
9.9982E-05 9.9982E-05 0.918658 0.0811421
0.017745 0.0548074 0.724401 0.203047
0.0232365 0.0162936 0.96037 9.9991E-05
0.0245853 9.9991E-05 0.361507 0.613808
0.0291049 0.048444 9.9991E-05 0.922351
0.0257593 0.258585 9.9991E-05 0.715555
9.9991E-05 0.489541 0.0390366 0.471322
0.0233659 0.661047 0.0217643 0.293823
0.000721903 0.879738 0.0284532 0.0910868
9.9982E-05 0.933982 0.0658176 9.9982E-05
0.0184583 0.836422 9.9991E-05 0.14502
0.0401118 0.842571 0.0224384 0.0948792
0.0414752 0.823936 0.113018 0.0215702
0.0577148 0.777291 0.0922546 0.0727392
0.00332301 0.123693 0.000442852 0.872541
0.0648518 0.0772165 0.0980256 0.759906
0.0396479 9.9991E-05 0.0738179 0.886434
0.00105191 9.9991E-05 0.0500614 0.948787
0.0244362 9.9991E-05 0.00053933 0.974925
9.9982E-05 9.9982E-05 0.0756126 0.924187
0.0155194 0.266045 0.0387928 0.679643
0.023525 0.259463 0.0939518 0.62306
0.0501054 0.13067 0.00709491 0.812129
0.0377543 0.170698 0.0720785 0.71947
0.0322235 0.159337 0.00902292 0.799416
0.182126 0.709657 0.0553528 0.0528644
0.0323991 0.0361114 0.836282 0.0952078
0.0554914 0.0791676 0.865241 9.9991E-05
0.00617164 0.0725533 0.921175 9.9991E-05
0.00807921 0.00318363 0.790614 0.198123
0.0302957 0.073916 0.859681 0.0361071
0.0442404 0.308572 0.111611 0.535576
0.0522564 0.299648 0.00624546 0.64185
0.0683628 0.14659 9.9991E-05 0.784947
0.0598575 0.261387 9.9991E-05 0.678655
