0.215608 0.00707508 0.777217 9.9991E-05
0.110826 0.0487387 0.840336 9.9991E-05
0.247646 0.0219957 0.712374 0.0179842
0.064435 0.00613085 0.923261 0.00617347
0.0385998 0.0181114 0.882411 0.060878
0.0299368 9.9991E-05 0.947831 0.0221322
0.143414 0.00167781 0.829171 0.025737
0.0262923 0.057407 0.912417 0.00388409
0.269696 0.022703 0.632849 0.0747517
0.272464 0.0422733 0.680689 0.00457357
0.136776 0.081993 0.627247 0.153984
0.275555 0.021797 0.638315 0.0643333
0.160243 0.0501148 0.496409 0.293233
0.193284 9.9991E-05 0.690098 0.116518
0.270277 0.0280826 0.667845 0.0337961
0.187624 0.0223107 0.789966 9.9991E-05
0.274734 9.9982E-05 0.725066 9.9982E-05
0.133784 0.0150534 0.851063 9.9991E-05
0.605353 0.0710812 0.136144 0.187422
0.796269 9.9991E-05 0.196158 0.00747324
0.863742 0.0101138 0.113996 0.0121477
0.905804 0.00275522 0.0179888 0.0734524
0.946175 0.0479296 9.9991E-05 0.0057958
0.854119 0.0442624 0.093628 0.00799112
0.73718 9.9982E-05 0.26262 9.9982E-05
0.974099 0.00692871 0.0188721 9.9991E-05
0.951285 0.0134544 9.9991E-05 0.0351603
0.912012 0.0372277 9.9991E-05 0.0506608
0.995468 0.004332 9.9982E-05 9.9982E-05
0.939046 9.9982E-05 9.9982E-05 0.0607545
0.973184 0.00597671 9.9991E-05 0.0207394
0.854304 0.0159163 0.0916983 0.0380814
0.903973 0.0735497 0.022377 9.9991E-05
0.221231 0.0791582 0.687874 0.0117373
0.315549 9.9982E-05 0.684251 9.9982E-05
0.174871 9.9991E-05 0.78547 0.0395592
0.116629 0.0332885 0.816384 0.0336983
0.137406 0.0115155 0.732927 0.118151
9.998E-05 0.9997 9.998E-05 9.998E-05
0.902902 0.0309367 0.0145066 0.051655
0.285337 0.00257469 0.623162 0.0889264
0.239709 9.9982E-05 0.760091 9.9982E-05
0.363344 0.016131 0.400526 0.22
0.186357 0.0722483 0.420632 0.320763
0.144332 0.0110079 0.532569 0.312092
9.998E-05 0.9997 9.998E-05 9.998E-05
0.270607 0.10074 0.533119 0.0955341
0.148613 9.9991E-05 0.616252 0.235035
0.40803 0.0280265 0.44235 0.121593
0.0475812 0.0336302 0.0655618 0.853227
0.0365939 0.0412455 0.0250173 0.897143
0.0339138 9.9991E-05 0.131559 0.834427
0.0333835 0.0604755 0.0717787 0.834362
0.0692216 0.054191 9.9991E-05 0.876487
0.0672056 0.00095585 0.0311184 0.90072
9.9982E-05 9.9982E-05 0.226752 0.773048
0.0573958 0.0185718 0.0461376 0.877895
0.0872114 0.0194046 9.9991E-05 0.893284
9.9991E-05 0.0659721 0.0981544 0.835774
9.9991E-05 0.0433215 0.231178 0.725401
0.0966128 9.9982E-05 9.9982E-05 0.903187
0.100269 9.9991E-05 0.094347 0.805284
0.0464097 0.0851351 0.300964 0.567491
0.816055 0.0248637 0.123401 0.0356808
0.860904 0.0091319 0.100781 0.0291836
0.954216 0.0142723 0.0314115 9.9991E-05
0.0728614 0.0189124 0.13301 0.775216
0.0183021 0.0603897 0.253591 0.667717
0.0837343 0.0317217 0.0714761 0.813068
0.0371074 0.0458118 0.0808546 0.836226
0.0282981 0.0609264 0.0256946 0.885081
9.9991E-05 0.00362991 0.684826 0.311444
0.0792467 0.0110695 0.607759 0.301925
0.051924 9.9991E-05 0.597377 0.350599
9.9991E-05 0.0393211 0.60768 0.352899
0.187375 0.0435445 0.505711 0.263369
0.0536073 0.0652953 0.581117 0.29998
0.111301 0.0494345 0.557764 0.2815
9.9982E-05 9.9982E-05 0.209147 0.790653
9.9991E-05 0.128703 0.320098 0.551099
0.0527965 0.0147287 0.117488 0.814987
0.0997381 0.0547016 9.9991E-05 0.84546
9.9991E-05 0.0423183 0.172972 0.78461
0.742904 0.0242045 0.15375 0.0791415
0.126856 9.9991E-05 0.406802 0.466243
0.0563922 9.9991E-05 0.553165 0.390343
9.998E-05 0.9997 9.998E-05 9.998E-05
0.209534 0.00223903 0.780054 0.00817303
0.187715 0.0297031 0.782482 9.9991E-05
0.228454 0.0731602 0.686766 0.0116207
0.330927 0.0615099 0.483947 0.123616
0.129679 9.9991E-05 0.802853 0.0673681
0.0209905 0.00091459 0.561696 0.416399
0.708439 0.0237948 0.186233 0.0815326
9.9991E-05 0.0916812 0.524992 0.383227
0.364744 0.0451745 0.463431 0.126651
0.25321 0.00527356 0.741417 9.9991E-05
0.0815402 9.9991E-05 0.89464 0.0237196
0.243247 9.9991E-05 0.74006 0.0165927
0.107799 0.0208698 0.778804 0.0925273
0.112792 0.00902255 0.841044 0.0371419
0.0963882 0.0325452 0.870967 9.9991E-05
0.125968 0.0359248 0.41439 0.423717
0.225903 0.0835732 0.331449 0.359075
0.060931 0.0871271 0.432032 0.41991
0.318165 9.9991E-05 0.564089 0.117646
0.272243 9.9991E-05 0.509502 0.218155
0.477577 9.9991E-05 0.488103 0.0342196
9.9991E-05 0.0309928 0.147057 0.82185
0.0800119 0.0205583 0.0655304 0.833899
0.245014 9.9991E-05 0.369 0.385886
0.199356 0.0112225 0.475873 0.313549
0.330349 0.0391129 0.313243 0.317295
0.818666 9.9991E-05 0.163126 0.0181077
0.150798 0.0594955 9.9991E-05 0.789607
0.0601063 9.9991E-05 0.137554 0.80224
9.9982E-05 9.9982E-05 0.372031 0.627769
0.516422 0.0599874 0.358755 0.0648364
0.330317 0.00667137 0.646114 0.0168985
0.0286124 0.015934 0.897659 0.0577941
0.0969821 9.9991E-05 0.812781 0.0901369
0.476407 9.9982E-05 0.523393 9.9982E-05
0.266489 0.0219199 0.711491 9.9991E-05
0.196051 9.9982E-05 0.803749 9.9982E-05
0.0207478 0.00155135 0.933801 0.0438998
0.382067 9.9991E-05 0.599379 0.0184546
0.17537 9.9982E-05 0.82443 9.9982E-05
0.214531 0.0503113 0.735058 9.9991E-05
0.0948848 0.0400323 0.864983 9.9991E-05
0.330784 9.9991E-05 0.552585 0.116531
0.0629632 0.0329758 0.838677 0.0653839
0.309131 0.0191326 0.612568 0.0591684
0.165793 0.00233176 0.822614 0.00926066
0.963827 0.0114036 9.99912E-05 0.0246697
0.973259 9.9982E-05 0.0265407 9.9982E-05
0.971718 0.0280818 9.9982E-05 9.9982E-05
0.845361 0.00332829 0.0819992 0.0693111
0.906721 0.00950857 0.0530761 0.0306943
9.9991E-05 0.0306547 0.863594 0.105652
0.18126 0.0440203 0.774619 9.9991E-05
9.998E-05 9.998E-05 9.998E-05 0.9997
0.0142172 0.0463116 0.053544 0.885927
9.9991E-05 0.0311473 0.0452317 0.923521
0.0574797 9.9991E-05 0.197849 0.744571
9.9991E-05 0.0254879 0.0445505 0.929862
0.123573 0.00444843 9.9991E-05 0.871878
9.9991E-05 0.0119821 0.0587648 0.929153
0.0963106 0.00313159 9.9991E-05 0.900458
0.075944 0.00219447 0.00277767 0.919084
0.0786549 9.9982E-05 9.9982E-05 0.921145
9.9991E-05 0.0447027 0.0779658 0.877232
0.00902842 0.0590326 0.0950795 0.836859
0.051225 0.0191444 0.102615 0.827016
0.0525238 0.0214527 9.9991E-05 0.925924
9.9991E-05 0.0172493 0.0808986 0.901752
9.9991E-05 0.0306616 0.00925806 0.95998
0.0670102 0.0308814 9.9991E-05 0.902008
0.0754995 9.9991E-05 0.503065 0.421335
0.0671462 0.0157146 0.703708 0.213432
9.9982E-05 9.9982E-05 0.0655083 0.934292
9.9991E-05 0.0325028 0.284008 0.683389
0.0510032 0.0202814 9.9991E-05 0.928615
9.9982E-05 9.9982E-05 0.663605 0.336195
0.0395699 0.0468418 0.913488 9.9991E-05
0.301345 0.0415523 0.657003 9.9991E-05
0.571343 9.9991E-05 0.375809 0.0527472
0.705121 9.9991E-05 0.281784 0.0129951
0.876803 9.9991E-05 0.085766 0.0373313
0.959183 0.0099896 9.9991E-05 0.0307277
0.868866 0.00299844 0.128035 9.9991E-05
0.888883 0.0141007 0.0748503 0.022166
0.845165 0.0414274 0.0304534 0.0829542
0.846047 0.0636403 0.00465915 0.0856537
0.149208 0.00969333 0.836253 0.00484554
0.0853694 0.0697034 0.774808 0.0701192
9.9991E-05 0.0705447 0.91698 0.012375
9.9991E-05 0.0160251 0.966185 0.0176897
9.9991E-05 0.042482 0.954097 0.00332075
0.0113954 0.0150564 0.895743 0.0778057
0.278368 0.0227822 0.69875 9.9991E-05
0.215809 0.0117146 0.652192 0.120284
0.157399 0.0584892 0.729454 0.0546575
0.263465 0.0132762 0.680334 0.042925
0.168575 0.0329723 0.774917 0.0235356
0.722534 0.147416 0.0682251 0.0618246
0.0456191 0.0136558 0.0760482 0.864677
0.0706447 0.0656401 9.9991E-05 0.863615
0.0366508 0.0074842 0.0224035 0.933461
9.9982E-05 9.9982E-05 0.250666 0.749135
0.0901199 0.0236223 0.0475007 0.838757
0.324961 0.046972 0.510818 0.117248
0.33587 0.0396241 0.605614 0.0188919
0.212001 0.075363 0.712536 9.9991E-05
0.267093 0.0688733 0.663934 9.9991E-05
