0,37.2871539472646,38.104722461865,37.1884494489418,46.6365811827462,47.4914867239779,51.3847096799371,45.4291200415479,69.4205006590596,71.8219594875819,92.6875947990775,65.1548050889256,66.1053515843416,66.7516565619186,79.2599299932013,71.1016219088758,58.7102111803774,61.5142013230615,60.4777955635691,56.2420023575362,44.2478489969614,45.3074085130568,44.4078253635194,89.5330937100335,105.242046703753,131.540054513552,85.1080626580048,85.5527277145653,63.6554206020146,66.1596915682635,67.2577060145663,74.3725117440192,86.4724250593191,46.7916741487163,66.8906001928867,69.6717637896227,60.0229776028003,87.0842657492118,85.5626110139595,85.8423476603349,95.6956982627098,98.8222436286126,100.58931581169,100.837125748134,91.681327498491,94.2281533574399,95.4993038240487,93.6411345993715,91.9711392227536,90.5362860755879,92.6340049489031,49.5240539496887,48.5007810097408,49.6801384587356,49.2806400257521,51.678231299062,48.6992825981465,48.1297298720431,42.3486746888288,42.9581477835261,42.6573312608045,41.9702946597222,41.3246352733884,115.464518589509,61.3798209455958,57.3722227990957,95.5565530604728,96.0750327653021,95.7283443848584,93.2683452013323,90.5436711469071,97.7103668918507,88.9360498691025,92.9537344567944,91.8534277117347,60.1576661434783,58.7974583126436,88.1809149736966,46.3531078894805,54.5119225316222,64.6948801712314
37.2871539472646,0,41.5165143060762,34.960564775306,40.3618383776003,48.4299367863905,51.6228768505414,43.0461948480953,69.5279211620054,71.9323186322765,93.724729133352,65.2984949299395,66.2412454134635,66.8804398261848,80.4494075899374,72.2269128181198,59.4851800698112,62.3013168480896,61.2413805765846,57.0409024011454,45.652838307376,46.757601912239,45.8668368307611,90.2843051672221,106.377570001637,132.660887719334,85.6746927733227,86.1738007304694,64.9440343359352,66.2307070073573,67.3171763021253,74.4720895662126,87.5932702461239,48.2693142873243,67.9977033713824,70.7793145462439,60.1846646771992,88.1468322455254,86.6275399828837,86.9041907535905,96.7431786804447,99.8689572203588,101.633259453762,101.880488997586,92.7267207270213,95.2790125922506,96.5463498465207,94.6898421509295,93.0184050678833,91.5837932975014,93.6870235796424,50.520673098868,49.5136610041198,50.7123422301853,50.200716185106,52.8611772591724,49.8733973137294,49.2742893661045,43.6989746275183,44.5011990603434,44.2942061452014,43.6360324405056,43.1214329235425,116.088892812373,61.3760401967487,57.7882242925914,96.6326385119605,97.1532850462399,96.805475055524,94.3441761829994,91.5778435892269,98.7447885365984,89.977492176251,93.9958343512073,92.8804828904502,60.9138785261966,59.5674654343697,89.1939189359278,47.3659192410597,56.3263164802808,64.7548945124366
38.104722461865,41.5165143060762,0,45.7298475703322,51.126295612221,38.9754665733259,47.6902691156514,39.5375159880353,71.6627284091949,74.0459638950348,94.4059330324382,67.5222582317798,68.4671627723867,69.0651462117434,81.0259255105715,72.7916086740991,61.8452117168285,64.6287387569276,63.5908226062436,59.371306378801,47.2259147985417,48.1013997571762,47.2756187086084,90.9621762588352,107.090842214039,133.36501535619,86.5225917807437,86.95233585713,65.6373227126135,67.912640996031,68.9940962098543,76.3097363602397,88.2772208328361,49.3540505255791,68.5443888737522,71.3081998002816,62.4447282117976,88.8243157464517,87.305477215531,87.5830276765965,97.4184302143183,100.545087673423,102.308495913315,102.556650406126,93.4068412491861,95.9590161784734,97.2269053932862,95.3697880864335,93.6991525795512,92.2639458468971,94.3671213690296,52.6703672148625,51.6587172777965,52.8063596364564,52.4578567181025,54.6802859467562,51.7363059062911,51.203599115552,42.5195849613422,45.9720788724333,45.6207345935263,45.0719811659055,44.3584079747142,118.445625567486,61.4829667053452,58.6297599931942,97.3169722607539,97.8381664944198,97.4899684968293,95.0282361568347,92.2574502969457,99.423944431408,90.6576019165244,94.6757182901133,93.560074793978,61.3089481641486,59.9970869399289,89.7626009622882,47.2219876057086,56.6654705263802,66.9284845520634
37.1884494489418,34.960564775306,45.7298475703322,0,34.0598546670781,49.5655941043079,51.1975003209747,45.4532306995632,64.6912995068427,67.1165308147614,89.3934626035513,60.3090496227433,61.2594794149929,61.9564961594765,76.0585145189069,67.9138674008889,53.5948042953075,56.4384038084429,55.3776818964292,51.1605867538271,40.0473542740731,41.3530164984672,40.3903640020288,86.2619069931371,101.910376700418,128.218207418802,81.6914848168835,82.1974789930566,60.3381910063392,61.9724704594206,63.0814112075147,69.9927158905787,83.1701778819556,43.1049771276894,63.7207195272331,66.5187311149025,55.1292446696997,83.7920187080327,82.2697710281852,82.548845942671,92.4065929613885,95.5323453416835,97.3004584706354,97.5474191909903,88.3876852065697,90.9342594776018,92.2051332165548,90.3474394361175,88.6767693515805,87.2424721986688,89.3398766267949,44.6416882785003,43.6233847458309,44.8617147358981,44.2745815061053,47.1726584405571,44.1458193831356,43.5010131442869,40.5789320694485,38.905326876523,38.7826611770431,37.9987747498886,37.6031028620577,110.377156811584,58.8039658389804,53.9895324956386,92.2568048452508,92.7746118301495,92.4283725853828,89.9688782154586,87.2512683189508,94.4183798698368,85.6426809861762,89.6605386785567,88.5615111089635,57.1495367070535,55.7567267632591,84.9951292628415,43.7976157236534,51.6299450579412,59.9381434556286
46.6365811827462,40.3618383776003,51.126295612221,34.0598546670781,0,53.6687424815904,54.8573326810104,48.4448752409312,67.6612398138981,70.0914065457509,93.1773704874821,63.2991348906975,64.2425689021917,64.9383570652343,79.9560901562319,71.763388395622,57.1454777975594,60.00056642316,58.917535572,54.7339396586291,44.1575390726088,45.4824919232846,44.5331467567531,89.8316351056597,105.770436809925,132.066826589094,85.1193465902034,85.6686255041373,64.3130828606974,64.9725609521994,66.0747395177018,72.9912854626532,87.018416742893,47.240132819609,67.5565139416282,70.3546746936576,58.1308236187446,87.5954516935502,86.0750243250564,86.3517373135683,96.1984171198112,99.3235863944474,101.089566248461,101.336086891619,92.1779390844699,94.7287162515762,95.996661883669,94.1402408591705,92.4684687817542,91.0343522192515,93.135995129091,48.3998074194409,47.3979765191771,48.6512351312101,47.9634339536957,51.0904549710172,48.058538082612,47.3900815069913,44.5721990613226,43.1316369466549,43.0730188063311,42.3327699217264,42.0190468128017,113.787217842739,62.0559723541004,57.3191102648581,96.0707182030143,96.5901991909197,96.2430919288555,93.7825920055191,91.0328918307971,98.2001930042579,89.4298963303877,93.4482581849786,92.3376658925078,60.738838523702,59.3533646954413,88.7608340907375,47.5782951960235,55.9592339293198,62.8648279499948
47.4914867239779,48.4299367863905,38.9754665733259,49.5655941043079,53.6687424815904,0,38.1121564607942,36.0518219535992,71.4751265385322,73.8414048284351,93.7100924122564,67.4440944270608,68.3847693779572,68.9396853730412,80.3808889511988,72.0708782621422,62.4224039641524,65.1890910608128,64.1497061449581,59.9440136741969,47.696176693381,48.4182361100026,47.6579300392457,89.9824314255055,106.520465857201,132.771789544496,85.5324363483415,85.9454808695243,65.2010105791315,67.2810660426981,68.3487397914749,75.8446084593449,87.665028569609,49.4702165570767,67.7881291420173,70.5352790164521,62.4138940791186,88.1495036636201,86.6333827509848,86.9088058852378,96.7268889493565,99.8536463601085,101.613517479655,101.861996992627,92.7179436612583,95.27528963051,96.5400209208184,94.6839269032731,93.0126638904885,91.5771219794336,93.6855716796343,53.2598789611845,52.2581196452535,53.3799190992848,53.0715311827076,55.15330070467,52.2390467718597,51.7364604257401,40.203332343526,46.4903319692356,46.1120011111791,45.6811730026744,44.9371681433978,118.893210709868,59.0674806769462,57.4871275818049,96.6617414493606,97.1855496885483,96.8358995463805,94.3724997433997,91.5572127287849,98.7235148133275,89.9648753339552,93.9834110957722,92.8529387041932,60.0411140693487,58.7801354226749,88.9338993942412,45.6517359727824,56.4997910613524,66.7394802464685
51.3847096799371,51.6228768505414,47.6902691156514,51.1975003209747,54.8573326810104,38.1121564607942,0,38.3280650302844,70.3475575063214,72.698488358009,92.0737833637346,66.4071975878252,67.3452563970162,67.8634226083196,78.7931509566252,70.4122705415764,61.9012375838997,64.6540318419744,63.6142213421128,59.4184952283975,47.080928166426,47.6788275656865,46.9731094991906,88.0844412054296,104.99732925654,131.228042743105,83.633420015753,84.0268674499282,63.8035830002042,65.7664677003388,66.8238581809858,74.4735533361285,86.1042733043857,48.5646498964011,66.0964971708068,68.8283750399732,61.41605835343,86.532107134207,85.0184420924019,85.2919535226713,95.0943681686979,98.2212277732985,99.9778931775061,100.226679355793,91.0878748314659,93.6498801743599,94.9117719587393,93.0565927430503,91.3847739003524,89.9489226338137,92.0621252474667,52.7421422502929,51.7478638835702,52.8485129176217,52.5751026655519,54.537188404224,51.6475981745965,51.1699795054049,37.0586610739151,45.9195534246819,45.5258407229721,45.188181823996,44.4308336280098,118.272395321559,55.635899511341,55.4475863984742,95.0620431005944,95.588210066864,95.2372493148927,92.7723445392776,89.9169113988394,97.0830323820026,88.3313549345524,92.3502654790833,91.2064125445972,57.8512540110665,56.6424978414518,87.1742112751171,43.146855955655,55.4194001873989,65.6184186491851
45.4291200415479,43.0461948480953,39.5375159880353,45.4532306995632,48.4448752409312,36.0518219535992,38.3280650302844,0,67.9366802427458,70.3076733608314,91.3282598229457,63.936055043567,64.8687939187682,65.419667757099,78.1703829138731,69.8087301018228,59.4624241841013,62.2419367214081,61.1807288704819,57.0067259021143,45.3370499036857,46.1551163083094,45.3777632148696,87.3427913468515,104.214654502342,130.456147739765,82.6645258829947,83.1502836417278,63.0340523180457,63.7328433081939,64.7860659051066,72.3214486803866,85.3564134212198,47.3066439197294,65.5165777984517,68.2706669897162,58.920725380333,85.7915276099893,84.2773424564662,84.5497134128749,94.3563164507644,97.4820854907896,99.2398131424823,99.4874535869284,90.3438137288068,92.906047833562,94.1672043071179,92.3127972353088,90.63997497724,89.2048554901043,91.3182117578111,50.5066389208832,49.5174840159403,50.663304409076,50.2425245539811,52.6027749165986,49.6711169081736,49.1328747037425,39.140766322308,44.2270618274035,43.9377606710929,43.4790866861433,42.8556455817657,115.803099055146,55.4251565717756,54.4546504480317,94.3133507980641,94.8388884684222,94.4883797302831,92.0239793667572,89.1733113133716,96.339992045564,87.5872454855631,91.6064434466574,90.4627290343377,57.498752673085,56.2394405253608,86.5706721184463,43.587391223239,54.7999610255079,63.1472497130306
69.4205006590596,69.5279211620054,71.6627284091949,64.6912995068427,67.6612398138981,71.4751265385322,70.3475575063214,67.9366802427458,0,31.7879216912004,99.7941335033801,42.9450409665007,43.0751811820375,39.6645849717389,88.2274301397557,79.4438086726257,63.1805564070686,65.8116903024099,64.4346526750584,60.9405841553892,55.528498371824,56.6982510882615,55.9170975388212,93.7477430660448,113.475662175574,139.612621467381,86.7474350689023,88.1305295191002,73.51590627744,57.3253162167353,58.9519040408474,59.5669195928111,94.5732323907822,58.2349469745538,75.0903936147324,77.9155014837804,40.6501896305113,94.505372845983,93.0110360044595,93.2518462788574,102.941629141749,106.056804941623,107.793058712442,108.031568642423,98.8901065324495,101.502990520159,102.726942881104,100.89021172971,99.2009772826354,97.7704315910955,99.9346207612596,57.3528190365197,56.6278120163983,57.8424970794583,56.3436680833314,61.165662885106,58.1746795217978,57.3999815780746,55.8307780184952,55.1297272987506,55.2768800181874,54.8932392998098,54.7903731735133,115.181834028049,71.0556706944039,59.2933325349525,103.126402663236,103.669920610534,103.3104632354,100.835642288352,97.618963753363,104.78987882992,96.0973233663864,100.123483320042,98.8435686326326,66.410142240928,64.8964291302419,95.3683653817718,56.1838087411563,67.80440539425,44.9825681548296
71.8219594875819,71.9323186322765,74.0459638950348,67.1165308147614,70.0914065457509,73.8414048284351,72.698488358009,70.3076733608314,31.7879216912004,0,102.043559974779,45.5185831041463,46.0637187639382,42.5787243764791,90.5217782798003,81.7212154028992,65.6766324881963,68.3050525074969,66.9320954930884,63.4324692491634,57.9443125577213,59.1002059768693,58.3236768043339,95.9228858747924,115.758734430349,141.890622812433,88.862932302722,90.2689884530068,75.840756572258,59.3594360801854,61.0169492762201,61.2637058165416,96.8508015997907,60.6194963617313,77.363241061109,80.1886585183993,43.0845078958948,96.7634993359818,95.2699560164399,95.5097150164191,105.194710914141,108.309607984532,110.044952210898,110.283243328941,101.142371623692,103.757115963539,104.97976207832,103.143606620474,101.453868113084,100.023414850076,102.189479231222,59.8156134590788,59.0885587754956,60.3000869782529,58.8173910586672,63.5992822160199,60.6114349216673,59.8418514965379,58.1550201675047,57.5412053298077,57.6827509121684,57.3042541415844,57.1949889593814,117.693620363086,73.352289205377,61.4499157351002,105.389095220608,105.933350540885,105.573511075449,103.09824760405,99.8674369960413,107.038451049849,98.3482461513235,102.374634784662,101.089641678418,68.6392459413712,67.1214577089825,97.6156353405858,58.4711814936215,70.1714204965595,48.1924949807149
92.6875947990775,93.724729133352,94.4059330324382,89.3934626035513,93.1773704874821,93.7100924122564,92.0737833637346,91.3282598229457,99.7941335033801,102.043559974779,0,96.0874564321259,97.0582121010091,97.4266632645584,85.2925343243341,72.854791276122,91.9149799207866,94.5520031441281,93.5901151180718,89.3282383525669,75.3487676023157,74.7600462129023,74.7191012818616,100.064385372665,88.6122316277817,110.833766773595,101.472314012581,100.781762440676,76.1991548093813,94.2058243857406,95.4102189871549,102.811182629142,71.7089669918271,74.0856901813687,69.5768117296012,74.0614816992659,91.2038231646339,50.4705424126482,49.3549602372922,46.4062806451247,58.6684054096227,59.7644587214043,63.097629546538,61.2208238095673,38.9431257315785,44.9217863884011,40.8204790378545,43.3715395248805,36.1804733279373,38.6465520404214,44.3460080311997,82.015828833748,81.0510735903224,81.890871243714,82.256028369328,82.237333729742,79.7353102835469,79.6130214181519,74.5523563664181,75.0626924825812,74.8988595335074,75.2373599500653,74.8067130017158,148.282275324053,93.4663713098597,81.1187274226473,58.4505613520474,60.0608061682426,59.2647648889992,56.2811414322408,40.2861078761432,49.1941150901331,35.0041007971281,40.5297648929134,44.7117102708146,81.6117719754809,78.9235204512778,89.1105839553786,73.1042700991453,85.005525991484,95.454183033855
65.1548050889256,65.2984949299395,67.5222582317798,60.3090496227433,63.2991348906975,67.4440944270608,66.4071975878252,63.936055043567,42.9450409665007,45.5185831041463,96.0874564321259,0,25.2457374199691,32.7502797647207,84.3313695292508,75.6344460873969,57.4768495003418,60.0514360718358,58.6246799091955,55.2606630544125,50.9031017544107,52.1656098837578,51.3593672645814,90.432641140078,109.604666985478,135.767482596396,83.6947954470735,84.9886635630234,69.4478480927181,55.4606635722056,57.0201147531716,58.5996227506253,90.7349287565053,53.8212676682834,71.3085122838899,74.1366377462176,26.4559183389858,90.7594174666616,89.2612655607778,89.5067093090881,99.2197914137501,102.335999710808,104.076758656125,104.316005577277,95.1706004995751,97.7748905498399,99.0047391966749,97.1655167967307,95.4783855141077,94.0475853933979,96.2030943707865,52.2043181817208,51.5249054550594,52.7505779753562,51.0724166671617,56.3219044544982,53.3120282628821,52.4927548975393,51.9494942557522,50.5673822383111,50.7636929919345,50.3587974018848,50.3092269840351,108.497965538287,67.4995703095523,56.2705057565584,99.3574046044165,99.8973580371899,99.539774916413,97.0671207469031,93.9172174428378,101.087815451072,92.3840472414421,96.4092145212761,95.1529914255997,62.9798349778086,61.4676630623978,91.7089647474812,52.485150529098,63.5690951559051,44.4390798858666
66.1053515843416,66.2412454134635,68.4671627723867,61.2594794149929,64.2425689021917,68.3847693779572,67.3452563970162,64.8687939187682,43.0751811820375,46.0637187639382,97.0582121010091,25.2457374199691,0,32.2072337729728,85.3012580506886,76.6024807087468,58.6033625478462,61.1921828070791,59.7706174007546,56.3871588313914,51.9020655933654,53.1598778377804,52.3541849858436,91.3937761267184,110.578112569884,136.740363928592,84.6556807582377,85.9480358563502,70.4234568652708,56.3196979545166,57.8699576473782,59.528630777523,91.7070839143807,54.8091277120203,72.2754506384615,75.1029455087712,30.0189011923662,91.7304037522841,90.2323063023295,90.4777385946748,100.190451641064,103.306684983197,105.047362727254,105.286639833107,96.1414335885541,98.7458010176663,99.9756151621416,98.1363925306959,96.4492726828193,95.0184515992729,97.1740411146844,53.2574094981716,52.5712999166879,53.7979092456657,52.1382695034664,57.3448855301124,54.3356876536055,53.520041468397,52.8974233961696,51.5589026192895,51.7513483218937,51.3458452832005,51.2924035117389,109.802575016806,68.4191159541652,57.2034355633461,100.32886258256,100.868869598111,100.511254765089,98.0385644395148,94.8878580850836,102.058440163756,93.3548203283843,97.3799879782772,96.1235208696777,63.9243856526967,62.4144767515397,92.674318619813,53.430984886001,64.5410220075555,44.5899355481776
66.7516565619186,66.8804398261848,69.0651462117434,61.9564961594765,64.9383570652343,68.9396853730412,67.8634226083196,65.419667757099,39.6645849717389,42.5787243764791,97.4266632645584,32.7502797647207,32.2072337729728,0,85.758593814712,77.0224466943696,59.7062799166282,62.3064984257208,60.9017582896257,57.4797635973604,52.654927880168,53.8765582976413,53.0814126474954,91.5957088926124,111.018857719338,137.169937306609,84.7372266894149,86.0729907378466,70.9521406967806,56.053529667799,57.6448268058935,58.8186959785461,92.1345315691567,55.4797335914185,72.6843122083552,75.5113261457164,33.1588313322255,92.1167376680268,90.6203298623203,90.8636298076446,100.566078518906,103.681795820879,105.420503699353,105.659394193999,96.5157230189582,99.1239635023075,100.351092928426,98.5130264662941,96.8249139860627,95.3942418644878,97.5537398118221,54.1871450694371,53.4874557284965,54.7083951733612,53.109492689049,58.1700077775995,55.1684636445281,54.3688661381308,53.3774729338073,52.2915792169689,52.4663579588506,52.0708409024694,51.9979683624652,111.165988806164,68.7910092089056,57.3163843196026,100.725194623801,101.266776728518,100.908338844969,98.434696282311,95.2541921885869,102.424945087739,93.7263079001988,97.7519355983756,96.4848377594379,64.2048795927702,62.6908690585318,93.0288991326927,53.831794737386,65.1500509099882,44.570627150251
79.2599299932013,80.4494075899374,81.0259255105715,76.0585145189069,79.9560901562319,80.3808889511988,78.7931509566252,78.1703829138731,88.2274301397557,90.5217782798003,85.2925343243341,84.3313695292508,85.3012580506886,85.758593814712,0,53.5615749210602,78.6563738757787,81.2901939089104,80.35955532279,76.0422642553748,61.2831969421302,60.4869455994897,60.5212538771911,94.2703142379012,97.1329205118734,123.240886116773,94.1174199615146,93.6102844916385,56.7541543883772,83.2490112192825,84.4104051291862,91.8198851398652,76.6015064435239,59.4607765678506,53.7407716911055,57.6954109351911,79.358533610486,78.7807567547773,77.2111742526752,77.6316350997619,87.7550335568341,90.9414382064162,92.7589658216145,93.0613935107784,84.0084447394094,86.3940820138957,87.7997307057133,85.865629718271,84.2745755142062,82.8047274196245,84.7432172879107,68.4529755257162,67.4671590658319,68.282541595386,68.7883139579265,68.4244539314374,65.9366449370502,65.8578434861466,60.9639422789714,60.9711756334319,60.7547397804851,61.1907147524103,60.7162990228527,135.322806545015,80.8490187129083,70.5919752726865,87.2582182167196,87.7486852410373,87.4098147323899,84.9600413545824,83.1756949833914,90.3189364609141,81.3756374868329,85.3648704689626,84.6992553620509,70.2819423993018,67.8948540829653,82.4279821048515,59.8382722682323,70.4418316254237,83.787596550952
71.1016219088758,72.2269128181198,72.7916086740991,67.9138674008889,71.763388395622,72.0708782621422,70.4122705415764,69.8087301018228,79.4438086726257,81.7212154028992,72.854791276122,75.6344460873969,76.6024807087468,77.0224466943696,53.5615749210602,0,70.6948836865889,73.335890631337,72.3859983534113,68.0993303582479,53.74819507141,53.0967306770151,53.0578685610514,83.0469822847579,86.6165548366412,112.31114424946,83.7344016367277,83.0652210373304,53.337636535667,74.1594495242071,75.3286691535246,82.795113997523,65.276393806839,52.2803898710934,31.0668480989103,37.7426287720244,70.7017313704434,66.4104044889766,64.8794403582484,65.309138964748,75.1684493912282,78.3844596729935,80.1437080713556,80.4789483016683,71.5984812273232,74.0250314226223,75.4202049465264,73.4764227134218,71.9042200800909,70.4135516773072,72.3958488184804,60.6775956254122,59.6989599713235,60.5419893499114,60.9453833574389,60.8636145933236,58.3393285468357,58.2176576624858,52.5694535830698,53.3730796840124,53.1477387089491,53.517785081828,53.0270400451456,127.212902046882,72.1051973390033,61.0489046442608,75.2648644118636,75.7937972638715,75.4313410865536,72.9547363297874,70.6545950039741,77.7827243724832,68.9325934801271,72.9185634795899,72.1227308373443,60.4959213678235,57.8916065504262,67.7080439246311,51.0510630484415,62.7861328075424,75.027941287347
58.7102111803774,59.4851800698112,61.8452117168285,53.5948042953075,57.1454777975594,62.4224039641524,61.9012375838997,59.4624241841013,63.1805564070686,65.6766324881963,91.9149799207866,57.4768495003418,58.6033625478462,59.7062799166282,78.6563738757787,70.6948836865889,0,27.3825757215598,21.026903643689,19.811669765435,38.666414175523,40.7760284811208,39.8227619542381,89.5683897005228,104.010189480409,130.40052449874,84.8943252516827,85.4979680076186,62.2328534040723,63.67301625289,64.8988752294089,70.5372248051159,85.4448062548028,43.5944460010984,66.6145846523795,69.4827863324932,51.6230905522139,86.2572058833982,84.7263205138788,85.0102455304239,94.9239180119119,98.0481204001822,99.8278279140448,100.07252701453,90.8902937944111,93.4218299031404,94.7011848605001,92.8413726964026,91.1713738571012,89.738934343628,91.8209035492136,31.1707018889839,31.5779451491448,32.7309745259795,27.5909004286602,40.332593436529,37.1799222298445,35.7514617134645,47.2401177365042,39.4131646195366,40.1947262137089,39.8045009742715,40.3332605747322,88.8656999803054,65.6037900690033,57.7279952114864,94.6537778584722,95.1630230559458,94.8216766307961,92.3677794198928,89.7879009712743,96.9561951604356,88.1565635936907,92.1735102854516,91.1183546330196,61.3737640950495,59.8438566676406,88.0285006336424,48.949782782897,55.5770358901967,59.031368582978
61.5142013230615,62.3013168480896,64.6287387569276,56.4384038084429,60.00056642316,65.1890910608128,64.6540318419744,62.2419367214081,65.8116903024099,68.3050525074969,94.5520031441281,60.0514360718358,61.1921828070791,62.3064984257208,81.2901939089104,73.335890631337,27.3825757215598,0,22.086661394211,17.3034495789716,41.2512050547736,43.3506555721221,42.4127692030724,92.2405339357254,106.6292156181,133.022865707628,87.5744601027106,88.1768705425578,64.8427679218312,66.3664080909032,67.5949710989761,73.2087527967703,88.0701776539309,46.1837381297886,69.2594365576315,72.1296360535374,54.1625480594348,88.8912272533704,87.3599602077774,87.6441864485613,97.5602776190413,100.684473088433,102.464669214823,102.709330942953,93.5263200156949,96.0571215475864,97.3369280917478,95.4769669355846,93.807061949173,92.3746664452143,94.4558866219722,32.9105443845438,33.6576208237464,34.4871198701312,29.6941768867666,42.5132121516884,39.4025515567173,37.9554867016775,49.9543637971977,42.0677285858496,42.862720628392,42.4991500346379,43.0341210496575,84.8752091793942,68.3321982418687,60.423636996368,97.2850212697993,97.7938939536759,97.4527548969241,94.9990956435185,92.4255277071879,99.5938435362868,90.7931328835617,94.8100181418562,93.7569530722847,64.0624269507147,62.5296189187608,90.6809773835439,51.646549043309,58.2573550091413,61.7081125265337
60.4777955635691,61.2413805765846,63.5908226062436,55.3776818964292,58.917535572,64.1497061449581,63.6142213421128,61.1807288704819,64.4346526750584,66.9320954930884,93.5901151180718,58.6246799091955,59.7706174007546,60.9017582896257,80.35955532279,72.3859983534113,21.026903643689,22.086661394211,0,17.6285691132271,40.4895655811097,42.5760492684039,41.6320147673158,91.1903388412943,105.706991371345,132.093996969664,86.479142955369,87.0954969330818,63.9584401574723,65.1236718455994,66.3555756501391,71.9205849781187,87.1377647916627,45.3747792321031,68.3021169900474,71.170154471857,52.7111808716331,87.9377287296017,86.4073527670699,86.6906336485999,96.6012080030505,99.7252556380119,101.50436701629,101.74895076019,92.5671856622312,95.0998884433332,96.3784348369169,94.5189707723706,92.8486731058875,91.4162783210725,93.4994247997781,32.8459726383696,33.3759371159138,34.3886802276036,29.4800808830699,42.0753202401175,38.9441830352198,37.5227130564695,48.948075759179,41.2383994346171,42.0116640268107,41.6307972386464,42.1486585955454,86.1940609173256,67.2572336807431,59.3100566623242,96.3373008317499,96.847019078932,96.505425779261,94.0512428687208,91.4623942508448,98.6307388307402,89.832611336374,93.8496963768989,92.7913338114294,63.0135404070108,61.4833085897775,89.6987779488297,50.6294347874232,57.3425714768873,60.3472713015711
56.2420023575362,57.0409024011454,59.371306378801,51.1605867538271,54.7339396586291,59.9440136741969,59.4184952283975,57.0067259021143,60.9405841553892,63.4324692491634,89.3282383525669,55.2606630544125,56.3871588313914,57.4797635973604,76.0422642553748,68.0993303582479,19.811669765435,17.3034495789716,17.6285691132271,0,35.8917319809671,38.0099253555883,37.0665912532017,87.0673830071412,101.384234488571,127.781235297346,82.4338665547771,83.0253870240884,59.571966564972,61.340618820378,62.5645546475953,68.2358613836399,82.8294783622568,40.8626886559192,64.0265352765256,66.8972061061757,49.4165107993291,83.6624300701257,82.1306710008516,82.4154893880503,92.334589147362,95.4589137299137,97.2396926339156,97.4844452614638,88.3009114084684,90.8306092071064,92.1111711723715,90.2508923163256,88.5812544236404,87.1488285530532,89.2289336810743,27.5029130751332,28.1984261920836,29.1236988505897,24.0338263518499,37.159105986596,34.0329487167765,32.573568268211,44.7161758601442,36.719119385008,37.5237772648756,37.1569658799535,37.7024807599922,83.8971252984256,63.1423096910654,55.2879879816327,92.0532388700517,92.5616516922551,92.2207547663922,89.7673753897849,87.2024032713548,94.3706802815696,85.5685247815471,89.5852834090676,88.5352641383803,58.8771020751648,57.3440710195176,85.4638767242901,46.4291020552644,52.9645908871284,56.792047230475
44.2478489969614,45.652838307376,47.2259147985417,40.0473542740731,44.1575390726088,47.696176693381,47.080928166426,45.3370499036857,55.528498371824,57.9443125577213,75.3487676023157,50.9031017544107,51.9020655933654,52.654927880168,61.2831969421302,53.74819507141,38.666414175523,41.2512050547736,40.4895655811097,35.8917319809671,0,16.2520325121906,13.0788635959499,74.7870378366794,86.7125522906205,113.219788762704,71.1124231156819,71.4045973007683,43.9446570490841,53.1635005856592,54.3206150524927,60.9953874979358,68.3009955772378,21.9752751637647,49.8121675919235,52.7088866688052,45.59509350035,69.5224564426143,67.9746466594938,68.278217293822,78.2959193629035,81.4240035516527,83.2240189670279,83.4712674534073,74.2690335685434,76.7632432680604,78.0678919840126,76.1976447368288,74.5362654752571,73.1031151022541,75.1473434341349,26.7770969490693,25.5865118508275,26.383292415535,27.6549589719524,26.0782834242213,23.053744060167,22.9731545359618,31.3737766687381,16.2359800251852,18.5282324743641,19.3605005515971,20.6166897302724,96.7157520723039,51.4468242905444,44.3496327850696,77.8146909754872,78.308119900716,77.9751422872709,75.530913452412,73.2443556432589,80.4116080001329,71.5624292858065,75.5752132487735,74.6235255394601,46.5094541145202,44.9254508743111,71.7747373636734,33.3090217634979,36.9817987386814,51.0124632514955
45.3074085130568,46.757601912239,48.1013997571762,41.3530164984672,45.4824919232846,48.4182361100026,47.6788275656865,46.1551163083094,56.6982510882615,59.1002059768693,74.7600462129023,52.1656098837578,53.1598778377804,53.8765582976413,60.4869455994897,53.0967306770151,40.7760284811208,43.3506555721221,42.5760492684039,38.0099253555883,16.2520325121906,0,12.0216149268085,74.7611517870123,85.8820861169074,112.42964208379,71.3203500597889,71.5484034027524,42.7750926275584,54.0002858431648,55.1534627262889,61.9389542970726,67.5304680949592,18.4066997180542,49.2160051015159,52.1310854467049,46.9000272777696,68.8829769685365,67.3296832227921,67.6389640728206,77.6907597929579,80.8196393762017,82.6264082751285,82.874013805439,73.6636837614305,76.1463254902134,77.4585934821335,75.5853803032605,73.926312826092,72.4932172361262,74.525719926651,29.029488006985,27.9143428722947,28.6054373222323,29.9062186694784,27.783346279946,25.0885313958578,25.2127899723345,31.589588655195,18.6129173906789,19.5966052585967,21.0493106169218,21.6637080735233,98.6304642145149,51.910692738758,44.7202343974544,77.1396173031348,77.6278768348085,77.2976777583901,74.8566526728199,72.6634514835479,79.8305939338989,70.9655310182666,74.9771247195858,74.0578070316842,46.5922667996783,44.9763016931921,71.3399005824231,33.3557032955849,36.6464469733345,52.1823142119078
44.4078253635194,45.8668368307611,47.2756187086084,40.3903640020288,44.5331467567531,47.6579300392457,46.9731094991906,45.3777632148696,55.9170975388212,58.3236768043339,74.7191012818616,51.3593672645814,52.3541849858436,53.0814126474954,60.5212538771911,53.0578685610514,39.8227619542381,42.4127692030724,41.6320147673158,37.0665912532017,13.0788635959499,12.0216149268085,0,74.4173862076927,85.9850824048899,112.507465839668,70.8760329428111,71.1293867715708,43.0299178517636,53.3178631390767,54.471331396032,61.2268078763798,67.5908214410418,19.8037761140311,49.1449490508929,52.0461543937426,46.0826889775199,68.869298019717,67.3191706295298,67.6255242908035,77.6574617470209,80.7861217921186,82.5889212278963,82.8365599004296,73.6317243976967,76.120773464689,77.428944666388,75.5572236222389,73.8970783834323,72.4637973186215,74.5028117682433,28.1333511837772,26.9915008255957,27.7501409698608,28.9561751324303,27.2681949588436,24.4371459515128,24.4473263507553,31.0229681804697,16.2620586122431,17.8081921827843,19.4083491208541,20.3139302524985,97.7154076247283,51.2988352141801,44.1919399586899,77.1476388632419,77.638930966842,77.3070747148621,74.8641431611808,72.6177690467823,79.7848630806952,70.9288661264162,74.941064939035,74.0036883056689,46.165548826198,44.5678292054987,71.191701002893,32.9014205780673,36.138592679238,51.3967626737089
89.5330937100335,90.2843051672221,90.9621762588352,86.2619069931371,89.8316351056597,89.9824314255055,88.0844412054296,87.3427913468515,93.7477430660448,95.9228858747924,100.064385372665,90.432641140078,91.3937761267184,91.5957088926124,94.2703142379012,83.0469822847579,89.5683897005228,92.2405339357254,91.1903388412943,87.0673830071412,74.7870378366794,74.7611517870123,74.4173862076927,0,117.734117816924,143.248805029648,83.9188979600008,79.7292023445343,83.3970548143812,86.7037636112928,87.9360543676447,95.674664096033,98.1206594651967,74.7671372674643,78.0175450909499,80.9327499481615,85.7290414980679,95.7088123846593,94.3113320713066,94.4407801839765,103.523178563283,106.620380369368,108.233568115817,108.462727916801,99.4595712805698,102.281147774672,103.365753450595,101.584896075443,99.8506911540535,98.4216171466416,100.796846340125,80.5204517080243,79.5821643686073,80.5598015655065,80.4464948355525,81.7776971259029,79.069534628424,78.7373585342632,70.7043864105444,74.1816279706941,73.9555735123278,74.0380201207098,73.5268786602446,145.269241709074,87.8742349894825,70.715447731839,104.909628964525,105.540434752911,105.13506674314,102.607120650815,97.7448653448069,104.917378209228,96.5143940755921,100.562524424412,98.6874498453553,71.6471524335062,67.996104669814,93.7447589159924,68.0741490064746,83.7690567981547,89.5025652406045
105.242046703753,106.377570001637,107.090842214039,101.910376700418,105.770436809925,106.520465857201,104.99732925654,104.214654502342,113.475662175574,115.758734430349,88.6122316277817,109.604666985478,110.578112569884,111.018857719338,97.1329205118734,86.6165548366412,104.010189480409,106.6292156181,105.706991371345,101.384234488571,86.7125522906205,85.8820861169074,85.9850824048899,117.734117816924,0,80.6315247108921,118.123104919366,117.585643955043,85.1892527206131,108.437898226634,109.620755086536,116.95574099649,77.5218127888926,84.9548877907857,83.9239553510754,88.3876197923016,104.644235592266,80.1464906754151,77.9939416954591,78.2507079564199,92.2704818757388,95.164442846274,97.7539908405803,97.7322356123308,86.4693703098449,88.0099761897243,89.726233764411,87.873928054234,86.0447854363216,84.892243097834,85.9397650397137,93.729232538945,92.7564726122034,93.5265856974111,94.1151782597086,93.4480214722519,91.0590754747712,91.0410172366191,87.5122380937857,86.6174217750754,86.5087156875593,86.9546462625429,86.5855490857893,160.662279680128,106.942290300148,95.9235413733173,81.1173874060174,80.731597883156,80.9693831141925,79.1583843129986,87.7104035105791,95.0063967284045,84.5010223445278,88.4983430186479,90.3357194199901,96.2691452351549,93.8031788446566,106.270067591915,86.5461245331317,96.9504782539857,109.080490520765
131.540054513552,132.660887719334,133.36501535619,128.218207418802,132.066826589094,132.771789544496,131.228042743105,130.456147739765,139.612621467381,141.890622812433,110.833766773595,135.767482596396,136.740363928592,137.169937306609,123.240886116773,112.31114424946,130.40052449874,133.022865707628,132.093996969664,127.781235297346,113.219788762704,112.42964208379,112.507465839668,143.248805029648,80.6315247108921,0,143.811094858172,143.244489212515,111.99760831425,134.486810581957,135.672354959535,143.021252383509,103.324957046704,111.54157270327,109.568784834757,114.079431091019,130.819098816891,102.477257165806,100.216400526318,100.251311844452,115.128127931979,117.920418263985,120.665730157722,120.54114115814,108.589517319566,109.96824905649,111.672870215156,109.920549603339,107.926950191263,106.928617259759,107.797637610629,120.183433160046,119.211632629929,119.994215373939,120.544438034072,119.990239987996,117.580435359079,117.54391304012,113.727093246805,113.088161813294,112.967804673612,113.395871571662,113.014078173424,187.006961246835,133.084400108617,121.868576112729,100.036683411406,99.194458261519,99.7965790137457,98.3631363297854,110.293023059285,117.640569480637,106.763326232533,110.782711312135,113.131518050911,122.20676031008,119.702893826291,131.613581662176,112.673956392161,123.336370303269,135.224807764511
85.1080626580048,85.6746927733227,86.5225917807437,81.6914848168835,85.1193465902034,85.5324363483415,83.633420015753,82.6645258829947,86.7474350689023,88.862932302722,101.472314012581,83.6947954470735,84.6556807582377,84.7372266894149,94.1174199615146,83.7344016367277,84.8943252516827,87.5744601027106,86.479142955369,82.4338665547771,71.1124231156819,71.3203500597889,70.8760329428111,83.9188979600008,118.123104919366,143.811094858172,0,63.419548791047,82.0619543595376,78.7367364305779,80.0242608099883,87.8634740215096,98.7427477963006,71.6303567001944,78.9612313739376,81.8450366734847,79.1131743314479,96.9367544464536,95.5135255125097,95.6632170677771,104.918478141737,108.011988960339,109.663768716576,109.886336922026,100.812375867941,103.588153091275,104.699241875473,102.911093629098,101.180142587543,99.7558259038025,102.084328333369,76.2836277643487,75.368439316201,76.3948379660637,76.0655811532436,77.9663288390231,75.1966243381105,74.7847024882758,66.7743283662736,70.4771237041831,70.2852732104346,70.2632648981809,69.7853492095586,140.185646024418,82.7454060836646,61.7360036962947,105.968699281776,106.577415068366,106.184094175492,103.670050262393,99.204852779634,106.382245689349,97.9016471171569,101.947025418102,100.215722776521,68.4901752024271,65.7241060030627,96.5822491590601,64.4153243629105,80.4177106815123,82.6254416225881
85.5527277145653,86.1738007304694,86.95233585713,82.1974789930566,85.6686255041373,85.9454808695243,84.0268674499282,83.1502836417278,88.1305295191002,90.2689884530068,100.781762440676,84.9886635630234,85.9480358563502,86.0729907378466,93.6102844916385,83.0652210373304,85.4979680076186,88.1768705425578,87.0954969330818,83.0253870240884,71.4045973007683,71.5484034027524,71.1293867715708,79.7292023445343,117.585643955043,143.244489212515,63.419548791047,0,81.8065904105909,80.4201607202436,81.67822733483,89.5380412847281,98.1551066466031,71.7751765090249,78.2297992266694,81.1052624560822,80.3648212176346,96.2632161131914,94.8437697524541,94.9919428313361,104.220562225455,107.315763392345,108.961263698544,109.185996814414,100.126756182567,102.907949840456,104.016583955173,102.228474530095,100.498237994411,99.072515477424,101.406620265982,76.7517485491779,75.8285730746264,76.8419567581993,76.576484818918,78.3126456374748,75.5584753493719,75.1686616311023,66.9761102882939,70.7676145821435,70.5605358484995,70.5661996483726,70.0721843266061,140.924683095529,83.2716194270498,63.1047450565965,105.32322453064,105.935168635569,105.540002910195,103.023840560114,98.5051235080521,105.681156250054,97.2117975402278,101.257172710192,99.5071476263597,67.8032732515921,64.7022610884839,95.5324964371546,64.4367978031758,80.5666044160855,83.9501966203554
63.6554206020146,64.9440343359352,65.6373227126135,60.3381910063392,64.3130828606974,65.2010105791315,63.8035830002042,63.0340523180457,73.51590627744,75.840756572258,76.1991548093813,69.4478480927181,70.4234568652708,70.9521406967806,56.7541543883772,53.337636535667,62.2328534040723,64.8427679218312,63.9584401574723,59.571966564972,43.9446570490841,42.7750926275584,43.0299178517636,83.3970548143812,85.1892527206131,111.99760831425,82.0619543595376,81.8065904105909,0,69.149836680693,70.3044067905818,77.5641826166422,66.6846400319723,41.2564668699424,50.7095622044721,54.1415170066358,64.3956282740583,69.7000491669146,68.0875159430303,68.4753833877321,78.8930965718864,82.0383009834195,83.9184461239383,84.1770808091422,74.9045036475755,77.2537026075376,78.658777229533,76.7453645529877,75.1211217541028,73.6823974993065,75.5803903617742,51.5831422156938,50.5881438148873,51.3195419122137,52.0930719929738,50.9536048681433,48.5923789589362,48.6396040064139,46.2403659603767,43.9120496828163,43.7865580759994,44.3806266731396,44.0144817059843,119.211276672298,66.5249223873016,57.4225035486597,77.6474947700429,78.0857551810458,77.7806765018983,75.3689631273154,74.1815168124269,81.3445529132737,72.3029701770731,76.2989753620662,75.7527046739503,57.7374637751418,55.6622963468542,75.1923259899955,45.9773989282911,54.1413620535451,69.04672988998
