IBR/IBR_outputs/all.combrep_1/PersistForestCover_Total.Spinifex_Total.VRM_Total.WeatheringIndex_Total/PersistForestCover_Total.Spinifex_Total.VRM_Total.WeatheringIndex_Total.asc
NCOLS 160 
NROWS 95 
XLLCORNER 210004.651214014 
YLLCORNER 7350008.22228844 
CELLSIZE 4999.99999999997 
NODATA_value -9999 
[rows 42 to 62 of 95, columns 92 to 137 of 160]
1.15423361264143 1.06203986746839 1.06625920056569 1.05904408227113 1.02168705706136 1.01855970936691 1.02776241812995 1.06215753705101 1.15592657338814 2.90121628037899 3.75356549393684 3.14903246536344 1.75485891430334 2.40901234360913 1.26786486691014 1.15262926977608 1.14250863538141 1.54140361197902 1.19013384820196 1.5422339397637 2.56693945288339 4.34071804099335 2.97629991687366 1.14316942839393 1.06440599093486 1.06453367595965 1.14958941359049 1.36248002149979 3.00166901740502 2.67840467490344 2.39470724222165 2.75642034867126 2.41960362754725 2.03768583361015 2.98816438741364 1.99979431689314 2.59800997452963 2.99973488818004 2.47086429668716 1.95983407040968 1.35685561543214 1.44403639592919 1.13291699012613 1.16799642570526 1.48103877797046 1.77803684770384
1.05734365545053 1.11831590041427 1.06297302477978 1.13726406849767 1.07069561119641 1.05546613539475 1.08004024503496 1.07859308852719 1.05645800222719 1.29772740613636 1.87651148125071 2.56105984734702 1.35496558736569 1.12675570769646 1.21349721599124 1.28661189957475 1.76578823609862 1.14907590979626 1.23783526981446 1.30203728674784 2.24372363833676 3.18257632797644 3.71268460654519 1.22867912238397 1.08536934301533 1.11873852560995 1.07887607707884 1.73262701882837 3.18415848004354 2.37325466736516 2.22019391843136 1.58618071900898 1.71082063100211 1.94702532796713 1.99714562822535 2.99452886544563 2.76939105447515 2.47063445211662 3.10441802420459 2.17229318246597 2.58039397102442 2.28308843309885 1.69662919036261 1.52440646824456 1.70949802215512 1.78860576327827
1.16806133639639 1.22142552402374 1.22705160559355 1.15911804942621 1.18940583782837 1.05179387059777 1.07858117798225 1.04968814427017 1.23495020679228 1.67486694378792 1.45921567596253 2.58612839895138 1.47408670967364 1.2112892676097 1.16893551101693 1.2353131202427 1.89131533684057 1.55449209488431 1.60713894678655 1.18058943246704 3.12327909438885 3.53840604016988 2.31140806954019 1.17445103571508 1.08417538387708 1.10975628320094 1.46855553429092 2.51114189178484 3.27096982318556 2.20924841318916 1.81588929739494 1.3316026163498 1.85328518489087 2.29965370136126 1.96509769969741 2.40661984925031 2.71762614068011 2.03573623035828 3.36458060338252 2.86626530558409 2.4441653397923 2.49534917204645 2.27113957892487 1.5474240451025 1.76552070130711 1.68012589846324
1.68915246044774 1.47576391558316 1.14209852288717 1.09471704189402 1.13104174396053 1.04536173870008 1.03412333676704 1.09160233618848 1.20754529048862 1.42152126181141 1.16483052095467 2.6170379429984 1.55141101374824 1.13749604051959 1.07815808450468 1.68559705125062 1.26141809928654 1.21952269552185 1.4479841661467 1.23844466105652 3.01058196647605 3.19672244525755 1.75384612098791 1.09964312708768 1.23587309491261 1.53616455843968 1.17945444135857 3.04012260269969 2.79593748691224 1.97134768157591 2.31672622730151 1.6995802823808 1.77174127445759 2.85445446159328 2.33711873923127 2.42787568779059 1.61339949768858 1.91920935799346 2.95554098747675 3.51812841993646 3.61036454704943 1.93385570195229 1.51870915918923 1.47892763043607 1.88890388908943 1.64169315515466
1.86567239716219 1.57766988110598 1.28417241324294 1.21043258077338 1.16660239670678 1.06214934888928 1.05104706471294 1.10213002368675 1.20028260846379 1.47747909228539 1.14600378093843 2.37737438423998 1.37875833841495 1.11839449286156 1.06874029498356 1.72170249510043 1.11099603058437 1.09506629504666 1.42235333545855 1.40987074956858 2.88778104195599 3.12567248605908 1.41940173997128 1.24189901291372 1.47209740632599 1.2164680168148 2.58519281459892 2.53089605339616 1.98350224581784 2.57676316188081 2.27389800543116 1.87886603853356 1.69328272815034 2.09254142355587 1.9783803352543 2.2612052238721 2.44652452868861 1.63710923308611 1.45401539297661 2.13457596823573 1.56744396852293 1.46489518695013 2.03049463554304 1.87658600601877 1.47113742784907 1.37804550726584
1.40025957723272 2.26416750443571 1.58529302336946 1.43508637789731 1.09473627517176 1.10274505462333 1.088502426861 1.58358127553827 1.25021094788446 1.2189492602036 1.28247598169191 2.90014269464549 2.44981612306197 1.46635167358976 1.54571584115148 1.53880849185542 1.09960874825681 1.10090276676449 1.36024974993292 1.20019157903042 3.00314629916266 3.56288987042615 1.72014159783671 1.54993614081176 1.63558733716688 2.32473055714183 2.48022197450549 1.45171010620873 1.3121172312497 1.52808540430565 1.60249338996072 1.52469597044119 2.12363112140039 2.25994289393967 2.50608179631734 2.4966599282042 2.54086933518307 2.06658792217 1.77089504661042 1.50609137766334 1.58402084418749 1.68340863748008 2.57254750059014 1.27805945801101 1.28307638408493 1.33413549268692
1.48938809220755 2.22583604251826 2.1185671746676 1.31230721071891 1.09893419594933 1.25795755799696 1.43752312182443 1.47022335690541 1.21528023707939 1.13865295856142 1.33133616397055 3.04836205834493 1.79184638529451 1.0831794221902 1.30273126350999 1.27998755277604 1.0656500883307 1.12694552805197 1.1487499731898 1.26756172601379 2.12717141974018 2.56399447248121 2.76572701662179 2.29980143762813 2.35554403792699 3.56054661480309 1.68908084061656 1.5404983468941 1.19541144068715 1.31000235888175 1.69936831438844 1.43032230073991 1.82096572830067 1.90485949049978 2.05872207196485 1.98516069871562 2.01944680162182 1.93349359920843 1.97635079068743 2.38161464392152 1.78339107491414 2.29782192559288 1.93560383378979 1.30880817426213 1.49844232970929 1.55457829657674
2.26073444926255 2.23468761833077 2.66157437221631 1.48870846653894 1.0765127673412 1.25464383812752 1.12162619650351 1.03555368075612 1.03074955748241 1.08745532768873 1.27743321242162 2.88745161131577 1.46543858530323 1.17257954302263 1.37739694322032 1.18348759195252 1.09826186526992 1.10829737415881 1.09455558306567 1.2500044250105 1.57946267356277 2.87674571317785 3.23388228466432 2.72868502046867 3.27548296705545 2.32374341620127 1.64160237626647 2.12454127070962 2.2234121075544 2.02288280839964 1.68353054103506 1.34093500250312 1.49269490441711 1.77484358909168 1.80925129541318 1.98776909459287 1.83265406701246 1.91964722502715 1.4701089394329 1.56122990588207 1.89058376957504 1.77184435150319 1.44959167302604 1.39694172369818 1.4990332112575 1.32999520893855
3.09106441887124 1.94253409646938 2.04708728679249 1.66471333420688 2.50822730196082 1.29479727449601 1.4548021635197 1.04696076843247 1.04302988488474 1.16565724057955 1.21701610221213 2.29545064062407 2.85573112287037 1.3640020403954 1.40474982009513 1.18548846273451 1.12022533673738 1.10030091506487 1.12625495727748 1.22596663541499 1.24085500971519 2.30538625769338 2.16599743626114 2.36495413038822 2.46635957919809 1.48420211061195 1.29482368816266 1.33967553458065 1.64076549531273 2.21465150528196 2.27019082603075 1.42675395422305 1.77177747453847 2.1328321618457 1.93919763566615 1.6683051489965 1.77667962385729 2.00426494720631 2.10915017426525 2.07944330317541 1.97679783781392 1.48885761505904 1.4711569433942 1.34117398859584 1.33200130042425 1.52444262410161
2.4699946279055 2.18056304429521 1.67629802595577 2.35296996160331 1.81746660665314 2.60325902952581 2.44783821568057 1.82469921307134 1.97785371738588 1.89682283669505 1.4251670136324 2.93763838283255 2.45114659710027 1.43881241909484 1.09953612807041 1.09802907123581 1.13392163895475 1.0785787242735 1.0552018751522 1.12573520111339 1.4409965846586 1.59358244042487 1.81127081176539 2.05104338167766 1.60735967443179 1.12862886909792 1.13179875686432 1.38189825523669 1.7631716275068 1.60526426302122 2.34383967951294 1.73703200467871 1.52102369232118 1.58987461359007 1.57375336996358 1.34234278740046 1.44323753230162 1.82668524364639 1.93911345677198 1.62010606436694 1.40285081319661 1.35609805909292 1.23925309022696 1.25888242473282 1.41774341700713 1.7225470834929
2.04816904397096 1.83208114165595 1.3716464066143 2.01784469845996 1.98011007300351 3.03643579337509 3.0959914846169 3.2970418740706 2.0877060464329 2.42303855900759 2.42100451351292 1.54301226330022 1.29614756711414 1.30485374374108 1.13006558736735 1.04317290837132 1.05474261554348 1.06651125287238 1.0969422391994 1.06911281433645 1.19620753896273 1.3232992418025 1.32696735553533 1.64479613811993 1.32074307067555 1.18858810909562 1.31047862599858 1.40398650626357 1.73008831213653 1.73992975422935 1.42950647799338 1.32073087454708 1.21085377930136 1.27829787278708 1.21500054301737 1.46238224717028 1.34626529663129 1.38633974063858 1.53666372832026 1.40277121029618 1.37294643513335 1.44990476886855 1.31271296717436 1.24642788845098 1.43172993343199 1.97824448764588
1.30324128408186 1.776752063571 1.66786624961515 1.79827871369567 1.68175462389389 1.80172387597573 1.81058385515118 1.46343412378759 1.4535664009623 1.90368944676472 1.6626763615311 1.20291005958827 1.24693885756913 1.22476541719514 1.64931265126806 1.68168379906426 1.12212081813861 1.06989288700963 1.09740628647113 1.08350924936 1.08377958750945 1.14206249676319 1.31377306235747 1.3252378864338 1.29434412412548 1.20597582341728 1.26373417728458 1.33478808670333 1.43869816301745 1.70426382389069 1.16020649653382 1.25443800309783 1.15538229504286 1.20811575588485 1.15740075870599 1.34153602771138 1.4997564656565 1.58577802320707 1.79733800516187 1.68363501497206 1.50100276509941 1.71037560262782 2.89377236848026 1.72992950413832 3.74845738466232 2.15010950952087
1.35656646898242 1.38146554214641 1.55222179792063 1.47208046231999 1.50388279204566 1.38373735706803 1.39471323485551 1.55296577208257 1.69738099147673 2.01219576067603 2.15618459673835 1.7742321614994 1.34444484620694 1.494686180932 1.83401363275657 2.6062155032487 1.54567753331502 1.08337796578186 1.17793253362527 1.19343304781846 1.14253346796779 1.18173315503084 1.32837565117923 1.28378929308872 1.23327472283616 1.20183060036199 1.21124341443373 1.25426294769748 1.43019643251487 1.89846155097498 1.21576929189799 1.25451526232027 1.12843746487352 1.05974436842603 1.15833310321225 1.35478327712818 1.31716494876438 1.32792303863021 1.27877614805033 1.27875681269255 1.39037021873264 1.58364185849666 2.14610653562121 3.45078791586269 2.49565934077299 1.84266827561439
3.35259236368351 2.11315364851508 1.40563100626458 1.66443823063076 1.49467593294754 1.599009945596 1.46128011174461 1.58907493014462 1.38721776944111 1.35148414359494 1.47060609983548 1.65083672759827 1.74923732850502 1.97833633633159 1.46958827745975 1.47757599095317 1.6419952609978 1.40876109482277 1.45030261370016 1.37501723198812 1.41896519172878 1.51333342592581 1.33154668304883 1.21247131290091 1.18119176907625 1.14402329535505 1.16039174994007 1.24526554497671 1.36724707429212 1.37456962709236 1.23203847174879 1.1877871045241 1.15598155828266 1.20736711200477 1.28536236733942 1.41197753414407 1.63395659750913 1.88717421636919 1.36180826672028 1.27871846250685 1.68079657498139 2.47226692922983 2.12378922225211 2.76677518885417 1.84352333108899 2.3263233752604
4.82555966294119 4.82706971407069 4.66004510560553 4.46491361893781 2.05136839790929 2.07601679995354 1.44218854208733 1.8272018355076 1.3930929741776 1.55327367182583 1.32733424293451 1.36306318653864 1.3338257268235 1.46826867071782 1.59621578810348 1.67122365320063 1.56448625697922 1.59968056343204 1.3295104248103 1.40220388470264 1.48828561279485 1.3929708740594 1.30025835366747 1.1752811109629 1.32810439697756 1.49559467321452 1.3797112577279 1.20575547429985 1.26419441768274 1.32831944486538 1.18168296219384 1.23510138799925 1.21380604071206 1.21780370050067 1.14911888127205 1.37359138271198 1.31353007372034 1.61984633454225 3.87274202729275 2.72683334514388 3.60161581188689 2.28271052378194 2.23153323980382 1.76679515601 2.21127284981855 2.52254802457149
4.82439494449465 4.82290692325363 4.82888588065224 4.82907007491317 4.83037496275923 4.82459199244234 4.81788474807372 4.72107492206121 4.77630212100543 4.48841989814108 2.55574354871507 1.7919561669352 1.74993358802587 1.3060591202609 1.40340784282387 1.54090061811425 1.48149880248954 1.33992817398353 1.28917023293017 1.35271559167606 1.18862207593926 1.27877785599226 1.24211136663541 1.39275858576622 1.26123758480466 1.21845985530845 1.26036998382171 1.20394897225903 1.25416711561297 1.18319383362976 1.18842550652966 1.1762685033879 1.16827096547382 1.06591070135909 1.03605419175396 2.4000116409827 1.42510831432353 1.24331377945073 1.2446934880716 2.48419803083034 1.75192811301875 1.38778287276336 2.00510740257409 1.59024518898585 1.89609025094947 2.18193648351801
3.48978643916607 4.79065455014976 4.82609783768871 4.82688111988209 4.15827900418497 2.41555094496634 3.04345501215324 2.12996614783393 2.09728583899457 4.81686079259961 4.81636800009806 4.81828792449247 4.44244099404257 2.55215601548865 1.47310077322685 1.65966093831019 1.32709564854322 1.2920789843803 1.25828813886031 1.40221281118256 1.36082453016892 1.35045761148163 1.35591032542695 1.72969409945303 1.37044476912163 1.26148074155873 1.53912232774101 1.16945604764936 1.74061124073237 4.60329946192295 1.20399318108987 1.1798763020871 1.14426565577008 1.06947261373319 1.04910905227338 2.08862236159907 2.20506453933276 1.85288005425874 1.29907725202873 1.50752222447514 1.28759410000826 1.50217655308408 1.44096105305774 1.64976200063965 1.21450196709867 1.40929847328738
1.33909001985417 1.25185958156779 1.31100172924238 1.40025180353697 4.20477698042095 2.12552566504257 3.03847457550899 2.24744524498626 3.01727479116836 4.82673293539041 4.82748621695806 4.82896140124755 4.82980336121105 4.83201586052727 4.27790348976754 2.46352756925208 2.33435292293768 1.68955039845731 1.41681736817578 1.36853732057552 1.30113740330308 1.44618330326804 1.89669678594985 1.78593145872165 1.69856755722192 1.78630688794761 2.32901219354002 1.40170295090405 1.19522399756183 4.22150054906027 2.48853751365263 1.30631177405375 1.03429180030928 1.18024367928778 3.64205176826532 1.69768614216564 1.201254383492 1.36156024013126 1.51196596769839 1.34471030943541 1.4676360919508 1.28491675800497 1.48340359629856 1.38122697092551 1.3399042118636 1.4915174803152
4.21302607877793 1.31953617317848 1.04543881176241 1.03417426973115 1.09279053298884 1.71093423719912 2.72883512436523 3.78900386609804 4.82768339475739 4.82665745029734 4.82628575200392 4.82648700696646 4.82628081054707 4.82636100933143 4.82862263572012 4.82792724298658 4.82634362978069 4.83463545962375 4.8361269764684 4.83830593034799 4.82925396118901 4.83083883523042 2.70034836358307 1.74722898065035 1.70240907678349 2.15306315810242 2.52643752153264 2.13488887735677 1.51387951353425 1.25320699940016 3.48230456476178 4.1455615058318 1.69402190828627 2.80846238928522 1.42802071563219 1.40756947763342 1.73995063494738 1.41793626878852 1.62985397499322 1.48902828407224 1.28985890260993 1.29195425243175 1.39492764868047 1.20228976236259 1.21463959561003 1.50652143501498
4.35394109544136 4.10586066534579 4.35709322337278 3.54743784431463 1.9049941814428 1.20624024669023 1.08346088866987 2.88738136916353 4.56186721753352 4.82833291711951 4.82702474573325 4.82694636078429 4.82658960042881 4.82693757003893 4.82605981477223 4.8265589933826 4.82612884599722 4.82602631776587 4.8240317912742 4.82267893192988 4.82740371410122 4.82584031430162 4.82901978022354 4.8333503342697 4.7113893965688 2.97321350133819 1.79089802235592 2.08965684192317 1.701504736606 1.41383261406198 2.48353276006974 4.81782285700341 4.82861014544912 4.3482422988518 1.47453794899286 1.43308496071578 2.1000457964652 2.00420925652854 1.22879262875305 1.31343164322731 1.20159995472907 1.20671477477356 1.20199185753124 1.25906351137985 1.14458108566208 1.37198394276057
4.71294830113768 4.20139565918306 4.33844744141025 4.33428107635733 4.3464827291505 3.70713881602534 2.8843170954693 1.38478809442637 1.0785623845307 1.86100028124262 3.10891397444186 4.81785213835816 4.81162605230501 4.81192856691494 4.82578388923157 4.82360622740313 4.82609388543869 4.82734052305278 4.82631429727567 4.8262814886196 4.8246685636048 4.82408908452039 4.82618253549389 4.82967089724913 4.82901425715723 4.83183077648108 3.6217732518433 2.38366566334768 1.85851839691919 1.44146508910941 4.31198688824234 2.23963509521801 2.75057340953471 2.24739503476653 1.51551766660249 1.28405280845006 1.79160498713817 2.23438883139078 1.34489289773403 1.22418777665342 1.19537519161225 1.28919373937385 1.27614831525518 1.19157169716226 1.33356436234615 1.35617472717033
