IBR/IBR_outputs/all.combrep_1/PersistForestCover_Total.Spinifex_Total.VRM_Total.WeatheringIndex_Total/PersistForestCover_Total.Spinifex_Total.VRM_Total.WeatheringIndex_Total.asc
NCOLS 160 
NROWS 95 
XLLCORNER 210004.651214014 
YLLCORNER 7350008.22228844 
CELLSIZE 4999.99999999997 
NODATA_value -9999 
[rows 63 to 83 of 95, columns 92 to 137 of 160]
3.18674874865523 2.46995227048484 3.73961684485877 3.71207797336596 4.42945905797829 4.49630042036409 3.9320248974322 3.03578206393953 2.99026354500665 1.24924912926672 1.41370323549374 2.42305341542971 4.8205393325308 4.8246632947929 4.82480494356265 4.81375175938917 4.81437716119383 4.82681082783887 4.8261261554264 4.82632464876692 4.82607837337779 4.82610222880606 4.82227819873408 4.82727811846731 4.83008685963217 4.8308828037525 4.8321636212323 2.48264136354495 2.09097927964113 1.97346313494736 2.78204968739521 1.13788454027093 1.20013089272775 1.11781560327407 1.15527602924394 1.55530375481429 1.58971619538502 1.88121190419238 1.59188451932983 1.70133332608613 1.4717572189756 1.27669358381955 1.30378037315739 1.53794194556521 1.64251136134676 1.55409198529983
3.79246108953166 2.00777120659917 2.3970550326074 2.12015353727984 2.34066080070253 3.77324539960117 4.48785644037071 4.39258189448888 4.56558782829861 3.77537247389204 1.85241601783714 1.14642566079957 3.98289352761304 4.82812077523622 4.82131106153054 4.81562582718504 4.80898496348349 4.79883435356969 4.81583716205042 4.826457645318 4.82725940463502 4.55725147610058 4.76132692689961 4.82660483169508 4.81841938062779 4.82435532410844 4.82934237435227 3.49586151834338 1.80660699615849 1.84612384041891 1.33387543787475 1.34162962470088 1.08401122173655 1.09210808584693 1.22267186192458 1.32430436353477 1.49182389589125 1.37445852234329 3.28383559481971 4.52697919442484 1.48333274345846 1.61234342938849 1.32646626483834 2.13803926310762 1.75696305175805 1.48646384370467
3.43017208656767 1.48596589808343 4.7339608473003 4.45388423996236 2.98785544008917 1.34037247578167 2.39852467487246 3.73598250042083 3.7533251653308 4.2747878436595 4.31555452796145 2.93495514221149 1.65357198945904 4.71637921552025 4.82800087750035 4.82218247807297 4.81502922839699 4.80597454633121 4.80042381260433 4.82343631170065 4.82830979039531 2.91997028688309 4.27286470963183 4.82916223836789 4.82544692527857 4.82419177995168 4.82981813305654 4.8259112112922 4.69016624879343 2.93573526582885 1.87751747828329 2.14416916899315 1.33882307674087 1.18134446367881 1.22547741375337 1.67858559151352 2.03092876603831 4.25838998670518 4.49282775503316 2.5603950112343 1.60873168540105 1.42921155689561 1.72387522930236 2.26428183833398 2.15662661725156 1.49634560925721
2.03844074833937 1.4748807458563 1.74169230305216 3.73983175830887 2.27976705196983 3.24226506128716 1.4368891924475 1.90522797833122 1.93383204602801 2.51752033523542 3.52329467600573 4.19832339764561 3.98483087499372 2.02717223828 3.34801646984474 4.82386973834605 3.61111426858671 2.89520641279018 4.76413240979552 4.79397857063702 4.827744745656 4.8273123760161 3.89338733510205 3.5474560849688 4.79121003393232 4.72913269406736 4.81274983244746 4.82874223677254 4.82870868245327 4.82864092024793 4.83769688242505 4.37075194987677 2.19541674518742 2.54279472137179 1.97819485607038 1.66281596870345 1.11771491714715 2.29084582440739 1.16144009540987 1.13649948665838 1.1235368550812 1.24904040003141 1.45952183958174 1.56897915957827 1.46088445368572 1.39128901168362
2.59390892770101 1.7659052740553 1.80114623415492 2.61661176284834 3.14081075145076 3.01874706196995 2.10476398038112 1.87811207589062 1.82267547173308 2.3968282772058 2.51774421649579 3.21865660932616 4.03688093415277 3.15147829166489 1.68759103147104 1.15936714478169 1.07752584994744 1.35713668450071 4.52605632687359 4.74009868409156 4.78771276592524 4.61790521016352 1.25479651490211 3.21103935142257 4.79962249237514 1.58278924274872 1.39062689271223 4.82361172231049 4.8275170682357 4.82661644832046 4.82799419995157 4.79033085396276 1.49564996943733 1.01877715015944 1.00727725096207 1.0403768803698 1.03862308604004 1.04489012567675 1.27152775802018 1.11239682362797 1.07466932552707 1.22212372201968 1.26108916979106 1.51931967553346 1.85828624407779 1.44086646651596
2.19989965748029 2.22401364478713 4.24481065654606 4.83739660090502 2.13880181292625 1.62318326220822 3.30598525018745 2.18721186625571 1.98228195701497 2.28685751681463 2.24261770938034 2.33280983493717 2.98417011819495 1.93042454716264 3.3033487122579 2.0799615069168 1.09146691871226 1.0565456087398 1.14816043725064 3.8280786127145 4.79081659844463 4.8246550605731 4.29211373442047 4.76648718310579 4.7831937754934 1.48772550419443 1.14853916618104 3.52259107180173 4.82424810748212 4.82128322415112 4.22143824918825 3.67160657544589 1.0101323596176 1.03441380276395 1.07550073424878 1.11485696114442 1.06978128563651 1.02520454274937 1.20015815014678 1.08109165283431 1.0506463318165 1.1410889410369 1.1201394795852 1.22533916614846 1.38728810121327 2.64260917946295
2.38248564693816 2.66018934543571 3.80214705469414 2.20420946636609 2.32139249877418 2.95123790086332 2.47209026987249 2.97374962752275 3.19378901423318 2.22884625614579 2.35564952375407 1.830463983657 1.83737199892889 1.5127006198376 1.90317709953477 3.58138030611096 2.03430643448405 1.16609787291597 1.0112428150428 1.87228675559296 4.54217220841353 4.6507803781009 2.11362362297369 2.49408310911328 4.79453633954828 3.30365178399937 2.30479111734887 1.98799851759313 3.25669531601187 4.80643314173525 1.41343125228882 1.15486998478342 1.06442778088231 1.03973827942242 1.0857456305239 1.12929898467592 1.05336930924854 1.18094488054525 1.25318371124711 1.03794282640226 1.6132243620213 1.97660616554244 1.19929083699476 1.69257982224789 2.09619067801825 2.38684230351396
3.48218054430025 3.31632737549492 2.96451454618795 4.18694496803121 2.61595201571782 3.65704829453964 4.07941477435447 4.35444678494889 4.26458346546017 3.01483952907542 3.26956726166061 2.76065557213038 2.07115764732146 2.38812534866265 1.8848206618379 2.80553846244834 2.70940635271736 1.5101998261892 1.11022494764988 1.05343945981583 4.43510710534746 4.56361491663972 3.15554460349833 3.92051771492976 4.80628636483204 4.82464115252962 4.69531694308972 1.18693481176539 1.37303875399335 2.74842639655067 3.65194812297949 1.09339621037252 1.85129425788249 1.31086325261965 1.17132732611111 1.12823510648105 1.09046204476141 1.90598150952107 1.19376276003997 1.46026057340138 1.82342673105493 1.26199976288297 1.16529349766904 1.43617050986725 3.35133690451886 3.66968047878556
1.96664843957933 3.14205930318217 3.08689040975465 3.79482909803425 4.04292890484514 4.0800303233461 3.11327914943859 4.43274346366328 2.50697583471637 2.95700469305407 3.08922494624403 3.33625734691076 3.21725055387384 3.49764656888501 2.64255181746331 3.60723434996738 3.49785585733667 2.31386655595802 1.81302489089896 2.47376298519568 4.77084441418618 3.72521715936505 2.19718454022499 4.81389539004177 4.82207232121584 4.82431963286966 3.63960875197981 1.19338996770823 1.06793079949403 1.55109944613872 2.95528752668442 1.1030211016786 1.29687067939225 4.77347455966304 2.94890936696102 1.07490533144241 1.07743950871383 1.0695407063624 1.96486327571311 2.99443130165971 1.26709857190785 1.08018317659431 1.24666482460378 3.75272731142569 4.82928493398737 4.82924170228393
3.42817985906606 2.48559459570813 2.87828644313462 1.94032589224958 2.04206021511893 2.9979926535849 2.14261967736803 2.83081387944009 2.85131915587176 3.81825361139423 4.06077577833517 2.39138572450735 3.63108589861852 1.68235956880679 2.34347117533426 3.55080842309269 3.29230813951195 3.61992994610821 1.54342773553961 3.32294008766007 3.96819673676086 1.42103398215502 1.21632542561188 4.34202735393523 4.82517715355363 4.82462844560625 3.63142456376726 2.15387549050281 1.01597866532021 1.08705641178338 1.23228584108942 1.08999816200314 1.04577255162264 3.67222945903118 4.81526487480685 1.42932502271947 1.11083737161501 1.2625719877165 3.53464366972787 3.75433323788914 1.2146931269415 1.73805204458434 1.3506982470267 3.82859924838549 4.83196377808994 1.73236418279408
3.53842694299216 3.15810203907085 3.798189348902 1.86269432554642 2.34542409676668 3.2536017467585 1.79205362239671 2.97536207066083 3.03362564425949 3.04291363028349 3.09601680032113 2.28396058906395 1.88093280558243 2.56947098605797 3.0260085361865 2.57691729596865 3.02118556990555 4.11751598773416 4.05747785667614 3.46613065700832 1.16182560469258 1.03988777984666 1.0314940361528 3.99167354056622 4.82262335718275 4.82465859913478 4.8172914821758 1.23571102766895 1.01902441428564 1.02869864692988 1.47230452595941 1.07051464238922 1.03900872215704 1.65512594652638 3.61564327680196 4.65219888502534 4.29039237263064 4.7855172511513 4.80837564959313 3.96888058117874 1.9505169718475 2.07887527845478 1.96486639761223 4.38743384215848 4.85798237548734 2.33781425805089
2.44584617046234 2.05497694393801 3.01340546869451 3.5988380008185 4.44092746956363 3.38821821812356 4.13953687232338 4.20193040005566 4.22560984754274 4.44818696151987 3.68202364488675 3.45167596507265 3.2393704894494 3.25429975136549 1.58343467397691 2.16189788832831 2.86509175703549 3.33100916427386 4.0174874024843 4.22359680609055 3.34002283054508 2.01795941320026 1.02543171044628 1.13928398303229 4.18597052760338 4.82579835195531 3.3473839211591 1.00919806390712 1.01319338672486 1.33796457948078 3.30365478420737 2.32390148603807 1.55790653811309 1.46994151924399 1.13331592533494 1.40123934095649 4.6108412554845 4.80297851280659 4.78825990979292 4.16352335341364 3.01349407259337 4.74348170791867 4.49757222859473 4.83378914420974 3.40214868363434 1.23592158979264
3.32224371957576 3.45692929716661 3.61698765094123 3.61827608663526 3.22804157078079 3.27808732781196 2.5330633563793 2.05984087318582 2.8222900219901 3.14114766854709 3.6831975993173 4.0778466241121 2.00991570838466 1.78495976363742 1.59677960458762 1.32695777809522 1.6151385841572 2.24488597373703 3.81134428758814 3.54436110817126 2.5037032675182 2.17411935602209 1.338413801947 1.03163275833466 2.33413616615396 4.82819432955525 2.15380452208789 1.005477179556 1.0127349862079 2.18886761842823 4.82528442448626 2.41998574358772 1.40107565380087 1.56976301274561 1.30676399698034 1.06770411213906 1.19143216642464 4.09846928329318 4.81239841104497 3.99960607763704 1.1723720452865 2.77711178493177 3.8980422904152 4.83322357875888 4.65075042108195 2.47989075989451
4.08938169737924 2.6361608106625 2.33075075043723 3.00857382273055 2.52275281981894 1.90444795904524 1.87172985629807 1.62334194660241 1.54683441698015 1.75293869250954 1.74519378481329 2.75931511040149 1.42073647928455 2.5303676477741 2.25337433452444 2.22174270369125 2.45552999742282 1.83973300294493 1.49827246627675 1.64853699229634 2.54968399454106 2.9779881007595 2.25537106095642 1.61506105309706 1.15067446746784 4.77429561015713 1.32811481333681 1.016866733049 1.19799345872601 4.54176256698582 3.99562652740043 2.16985989833115 1.58898982552897 1.29618387817496 1.34450610607697 1.10723977864392 1.03851204619825 1.53418811360808 4.82050969536321 4.83173022656818 4.35852017681394 1.24321489846566 4.81032603972257 4.82946536874413 4.83838575563273 3.00720843539872
3.13508390618013 1.86136448338676 1.58596605635967 2.24493797791471 2.03324576219048 1.82426007750747 2.73043257783437 3.73871112426273 2.14238586520477 1.68559344416134 1.91670107864517 4.57933371854463 3.04291398821888 2.98493041181268 2.95636598753605 2.53407688259758 2.25424182787181 2.01511088974847 1.47702835645672 1.50756091727993 2.11245538714061 3.17725961990583 2.55385217292257 2.22379478423279 1.50662116462346 3.89850920606275 1.88792552095557 1.07496395000105 3.62055311314554 3.77065118512416 2.06764122213993 1.6339278992737 1.51189754854237 1.29295350840829 1.07267226028866 1.02066525076617 1.05558290552659 1.24451526378544 2.58557857652627 3.92988167221373 4.82740025176535 4.74415031012444 4.79547277405602 2.05206915136019 3.53471735736648 3.30103832963394
4.66051559833473 4.64109589225819 3.96430093398078 3.68524980439967 3.62980302110754 4.15373651801897 3.65448077523307 3.55604252287543 3.47146360204908 5.12541861944709 5.00545420025014 4.58608614602437 3.01668470412258 2.17757941337877 2.35063901166389 3.7572331142417 3.73616905904611 2.67908425561365 2.16744573203015 2.15113712858405 2.58248229935675 2.7630195530852 2.50810258114464 1.61953397915673 1.83892469349349 2.77293447395711 1.66078556101929 4.78059601542071 4.62098138355937 2.25624499362524 1.95356933496483 1.19585051995604 1.36547186524575 1.82030927283441 1.26687935618787 1.04061991448398 1.03857871464808 1.2707790059951 1.14046481200346 1.29345297856505 2.49161567458798 3.64599576923992 4.8406259578321 3.64153826123754 1.13617249535911 1.08638051253457
4.24865286493247 3.28932525453052 4.3933929918309 4.74554561597034 5.39823524792326 2.16146918948047 2.38883947930099 2.36198028770941 2.17395531207269 3.74834688244158 3.71948263679101 2.72254583620272 2.96109695722787 4.00342277257915 4.03924325788222 2.11268874548879 1.54213273403869 2.74654024228562 2.9067080256242 2.71014727158239 2.19781426531359 2.45964049974739 2.70586025565394 2.34769958787623 1.71677302684628 3.28984899435004 2.08499053598534 4.82499812898158 1.78345606395683 2.48555821330903 1.48763097549734 1.08377773735827 1.05950386712786 1.50106971534939 1.71148728000281 1.07749875527558 1.20813197894819 1.23257217290295 1.57552888871858 1.36507567006464 1.29159621157959 3.02724780787399 3.87521131477815 4.70432382112776 1.57018695091201 1.0475541032053
4.01640255327466 4.8090627691144 3.68604027226402 2.30562991914596 2.60355670504816 3.31279778728997 2.945260644347 2.52710923703067 4.22196669973563 3.19258450746013 2.06931133677465 3.175381732822 2.6714008304524 2.0127236974244 2.10324517638977 2.46411428141324 1.92673465963255 3.27842437778977 3.703990918323 2.65209680557527 2.81407245704209 2.54870149779603 3.23816684182923 2.3670124013459 1.68708930716263 2.23394595310244 2.24003407269237 1.96685244848046 1.81896411564755 2.29529472217842 1.13873898775359 1.06364678496235 1.05197175525802 1.48646443189609 1.61830562803772 1.12954151641608 1.96463462982151 1.24172779852548 2.19373981091981 1.7485196117199 3.05552700274587 3.91319091593898 4.84394303112014 4.33197629256864 1.18930746092518 1.18205703732185
2.80715998538015 3.30372079656599 3.538829179582 2.96770336269178 1.73229140600738 1.66367353523251 3.70868731236605 4.23977620427971 4.86217264733037 4.0317223138421 4.25089226424662 3.53573253585167 3.91508319521013 3.44050861711467 2.03051228698055 2.96177760498125 1.81914750384757 1.74222899723356 2.33813024485552 2.47450063949088 2.38287298486226 1.57389663490334 2.4470304444192 2.72438194672528 2.56125911563182 3.17871568296026 2.45068088508005 2.71231340758124 2.61940908333462 1.36284271314777 1.40112979722648 1.08621148681365 1.29887579835338 2.0651891575423 1.6601306966303 1.48187352172634 4.51338940500783 2.48838397565691 1.86106234268225 1.26205991739887 3.35277816284566 4.70032393804318 4.83408700017542 4.84080969426564 3.05249711741798 1.13257892928635
2.65055254600962 2.97000521232519 4.28380886336835 3.02759635521144 1.90382796961029 2.56284682694525 1.77935715783962 2.00170245100203 4.63646263836597 3.84143792793007 3.57922168586913 3.32675712568313 3.87883525212319 2.39447638631546 2.19230504596772 1.58308218166278 2.19474366042656 1.56022302762857 1.57664197442621 2.79631941409123 3.66931627614277 2.61039144589703 1.70485500914482 3.77257407701951 4.81625898634931 4.82252077334092 4.84905453056806 3.00162516773396 1.67196494893291 2.61304910143461 2.02796107862148 1.30824134707427 1.30575220174919 2.3423452138914 2.10781247503106 1.38619824277037 2.47170304401117 2.74965097490094 1.82063705317378 1.21495621071524 2.99536530936799 1.4518801134808 2.79477791484201 4.846070712908 4.84699830868482 3.06234082841629
3.66927066791939 1.82632715655672 1.64788790017461 2.15706590482878 1.50239544543146 2.37887859967726 1.77858726757165 2.44182848351377 1.3198055404421 1.31462451503132 1.28586389935241 2.02809564053801 1.5425472159 1.78765578555348 1.52439600778716 1.41668416145787 3.15278903827309 1.49046598956766 1.99529006066775 2.11167811609601 1.81014300893543 3.98099267294891 4.82824881992982 4.82066061806419 4.82993620473458 4.82902572492013 4.84358752354806 4.8008405382081 2.99073627058702 3.00517565708872 3.55332735789092 3.20055842494024 3.51791904892398 2.90401106533633 3.17196807208194 3.17438981180514 2.43317881465248 1.76726899052587 1.43090572246953 1.38917237352481 1.57638945249672 1.27372466284101 4.15765136852496 2.59591266792265 4.84381102512013 3.23909145289834
