IBR/IBR_outputs/all.combrep_1/PersistForestCover_Total.Spinifex_Total.VRM_Total.WeatheringIndex_Total/PersistForestCover_Total.Spinifex_Total.VRM_Total.WeatheringIndex_Total.asc
NCOLS 160 
NROWS 95 
XLLCORNER 210004.651214014 
YLLCORNER 7350008.22228844 
CELLSIZE 4999.99999999997 
NODATA_value -9999 
[rows 42 to 62 of 95, columns 0 to 45 of 160]
-9999 -9999 -9999 -9999 -9999 -9999 -9999 -9999 -9999 -9999 -9999 -9999 -9999 -9999 -9999 -9999 -9999 -9999 -9999 -9999 -9999 4.23565013584129 1.45589751513452 2.60829419482969 4.424001765273 2.86362863706068 2.14117784356202 1.10919135561081 1.12330111145086 1.22352290416522 1.26063753392487 1.93457823433227 4.78334598483883 1.40693121116802 1.13547422052483 1.09662408743692 1.15720941483472 1.3024258407085 1.71828213709151 2.09036320836379 1.79869288750304 1.48644899350153 1.32078213890432 1.18747398741174 1.23898436337181 1.28876235700412
-9999 -9999 -9999 -9999 -9999 -9999 -9999 -9999 -9999 -9999 -9999 -9999 -9999 -9999 -9999 -9999 -9999 -9999 4.26554876320966 4.89016702499365 4.84105262338511 4.91407381752349 2.87544240035638 3.04405106942702 1.96504633780625 1.06164281649775 1.14142101215813 1.09001121644148 1.19630850670582 1.19197773345999 1.09595570998645 1.62891743057545 3.89273871765236 1.19517569831721 1.08365578434698 1.30936865766257 1.23557577986578 1.29789758621707 1.69281349234738 2.16359692845506 1.76858575493214 1.39033602229648 1.47024030299369 1.51440140685617 1.23791885351089 1.50151123337307
-9999 -9999 -9999 -9999 -9999 -9999 -9999 -9999 -9999 -9999 -9999 -9999 -9999 -9999 -9999 3.67250724551875 4.70066167311315 4.05414983204767 4.779345991514 4.90422495687288 4.90861593601196 4.45005529351176 1.16718875193843 1.20334057985577 1.23341365000857 1.11544160454681 1.07709745519703 1.04529804123826 1.03385517249397 1.76117559408971 1.1067261658119 1.27459864742399 4.39719162435884 1.10668403865736 1.1297195223247 1.60437724053451 2.1495529900142 3.93631715262731 2.55632501654667 1.48774523395715 1.4464301983006 1.52012318334653 1.78550307346847 1.97580383991633 1.52833923733787 1.94491432547982
-9999 -9999 -9999 -9999 -9999 -9999 -9999 -9999 -9999 -9999 -9999 -9999 -9999 2.08418721472057 2.67062874073696 3.28288907872517 2.99899895884846 4.44295666046525 4.13497255393469 4.90483217539294 4.79429769942049 2.06420830906212 1.10070837946183 1.24467025081413 1.16978398334065 1.08836356856504 1.05756069295206 1.04496952296647 1.04146811914375 1.0687750269868 1.22768039529317 1.06033766122628 1.06671673623649 1.10645678176652 1.12840373303058 1.34491214165059 1.73366730892393 1.36346219464598 1.4298275695989 1.96950648430684 2.62896954652251 2.1124147676974 1.95098137263191 1.40513103419702 1.47989301976616 1.85824061448431
-9999 -9999 -9999 -9999 -9999 -9999 -9999 -9999 -9999 -9999 -9999 -9999 2.23673818093798 3.19535419910538 4.84860673210243 4.83766527668009 4.29542535967785 1.14347120693284 1.19174392889979 1.32590078152639 1.17611708440245 1.17504269109349 4.28983084753105 4.69439658916992 1.3530016423382 1.10722184812325 1.35059088047114 1.26245488850576 1.12409826275459 1.17006138420519 1.07938331549642 1.03672869498241 1.04739028701573 1.14884806068386 1.06583441177709 1.20760127058041 1.84562411055933 3.07000210115253 2.27933037829479 1.43005622518643 2.73740383937744 2.71928203176388 1.62049992277995 1.84572724214458 1.81041108146358 1.9239293189341
-9999 -9999 -9999 -9999 -9999 -9999 -9999 -9999 -9999 -9999 3.80072448202469 4.33804984008601 3.8917429184047 4.83843598457389 4.84357223359704 4.83967084845608 4.83247428178581 1.25070680098595 1.07215838030208 1.06324480443222 1.09076579181689 1.09855413483699 2.99588642887167 4.82752772144134 3.28829049409711 1.15648624873727 2.12398821498203 3.9038721480895 1.3968067129406 1.05696515643915 1.04356218076558 1.03912569867033 1.08175171066432 1.19078510725227 1.33660309939724 1.14370350603595 1.08469767238391 2.87765633702522 2.65847366299975 1.21805132193725 2.22756060501112 3.56680848767365 3.34877550893782 1.8415035291771 1.30399271552919 1.40342024690203
-9999 -9999 -9999 -9999 -9999 -9999 -9999 -9999 -9999 1.40560322093402 4.81611013694987 4.84092277480134 4.84104353145863 4.84571011246509 4.85332146393711 4.83313695704713 4.82623390325673 3.37987349981781 1.07625732009169 1.08623269522929 1.04818460827553 1.0765153064962 1.78720272988616 4.82827618090118 4.82682310378101 2.80214536197376 1.41435608082857 4.49222145120267 3.80754311711796 1.0564187735253 1.03643577297572 1.09209274734527 1.27176220402241 1.15491421436381 1.39178695331839 1.9432332166772 1.70506164521389 1.88586815656037 1.94386203954677 1.85419824758846 2.56892186382271 3.38843528958994 3.13613623688821 3.82459507132649 2.10498036601102 1.52929769642336
-9999 -9999 -9999 -9999 -9999 -9999 -9999 -9999 -9999 2.25012965683121 4.83280767381247 4.86600996396189 4.85175900012378 4.84508678375358 4.85579383692675 4.84444488840972 4.8292410117732 4.82979130082366 1.27901341101206 1.07575272674596 1.04307756415128 1.0923793023276 1.24758826280221 4.22601801266289 4.82875200232763 4.82804737631355 2.01769562129963 1.39896618452539 4.47649661472683 1.07713601126476 1.03453056842947 1.05352991119822 1.09350077726775 1.15406134865082 1.16860200577742 1.74646181225031 1.35021575076636 1.06345041916605 1.66399716651747 1.4554524928161 2.50155135415763 3.57610846557858 2.26304431558147 2.83701394404858 3.19476657013383 3.38168452876794
-9999 -9999 -9999 -9999 -9999 -9999 -9999 -9999 4.44723576276361 4.67774404403872 4.83486747145948 4.86622278390253 4.86487668815701 4.84671527303007 4.83828908066981 4.82952762150178 4.82664301593115 4.82633487689666 3.73980786623801 1.19305543095103 1.15135564834474 1.40261275337925 1.37465279703667 2.51803790586395 4.82912296453912 4.82825952957738 4.29943719295006 1.1273300939556 1.05464294059757 1.13542018411507 1.09829903641219 1.0412212148489 1.03180728592285 1.09671103660499 1.15538962559383 1.12494260845323 1.55187364453835 1.16592625713219 1.26837258687669 1.47508213152491 2.36097062907246 3.08562560039871 3.15438451378493 2.73992200558658 2.01517570427188 3.61462389764346
-9999 -9999 -9999 -9999 -9999 -9999 -9999 -9999 4.5019900346746 4.82536105975081 4.67069675709144 3.1936479738391 1.6339678397344 3.46628131665628 4.84397307363201 4.8283516036637 4.82773356653084 4.81866156262896 4.83992638150243 4.82102693596677 2.40960577451834 1.20247680970363 1.17268713289982 1.17227532569282 4.83087332759639 4.82985060254771 4.82916784384954 2.67126151170356 1.05445557704448 1.04853601250273 1.0771819254729 1.04952833165277 1.02756083001465 1.04084984673611 1.41481675148764 1.21227359713959 1.09016851854866 1.33758089834535 1.11823849776762 1.24679345137106 1.37588877471654 2.3755758524459 2.73113604215993 3.40506922331393 1.97147196041285 2.64856310263754
-9999 -9999 -9999 -9999 -9999 -9999 -9999 4.30126944965184 4.81187945206986 2.73464635350668 2.43804282749363 1.10472366201799 1.10250688760121 1.10681683321582 1.35069562727267 3.51997010620788 4.8271241521628 4.82356675682896 4.83409907467366 4.82873299455499 2.08250209136951 1.1192420878468 1.11737752089009 1.09421533817632 4.57534917713657 4.83282303867669 4.83942278655746 4.62691083898882 1.12893214776866 1.12247347486834 1.13713231483968 1.10839487878 1.1590357415968 1.13645825754433 1.29871847392851 1.07192874286434 1.15456785197877 1.10431706411111 1.18666096764408 1.23829629845498 1.14550995963728 1.65626292120598 2.17024436321537 2.24641808211529 2.73129297610798 1.99435077831743
-9999 -9999 -9999 -9999 -9999 -9999 4.59368136591307 4.62167820910523 4.82807511503684 1.98615542292328 1.24743082266453 1.07757699165235 1.12771679681527 1.10183079281901 1.09982055263432 1.71408628072714 4.82820922624714 4.82415980033906 4.84265702965576 4.82623493477549 1.8492019688103 1.03244696089093 1.10657928872346 1.11807211545691 3.32188445625817 4.83294986629196 4.83911275253104 2.20107883665951 1.51930778858987 1.14423341323216 1.03805965588453 1.06160247590064 1.24990179611033 1.19113609134088 1.12259953348403 1.07800385909743 1.07769334889443 1.09732115692121 1.44366222245324 1.22571457022194 1.43932172249886 1.55138329896458 2.69194752910634 3.03516109691512 2.73369557145478 2.64346402600365
-9999 -9999 -9999 -9999 -9999 -9999 4.55382978398368 3.70543948589763 4.70445091071709 2.93162390283 1.08063405896398 1.05258350601526 1.16672760264031 1.60157122955991 1.61285468131063 2.49886069416449 4.83021576550539 4.83082777170821 4.82425197657575 4.83460835267574 1.24748953654572 1.0236067387361 1.17122569821696 1.51662423752707 4.14155173228079 4.82912151260544 4.83273690095951 2.40858067855743 1.57373580759579 1.06123023637655 1.06809486190465 1.04748554058058 1.10791868974154 1.21821786366727 1.07140448744196 1.09856578607993 1.07625904233082 1.12664776543826 1.49455506823085 1.15544326679919 1.38018867665088 1.3430427341845 2.33383889082734 2.27080540433086 2.76871051351916 2.90509847210748
-9999 -9999 -9999 -9999 -9999 4.37361857335974 4.51129532975802 3.59442933795074 2.03922539219215 1.23439189897013 1.06410106397536 1.04947602438768 2.23782688911475 4.82754670215214 4.82949417218212 4.84495427730728 4.83443684207012 4.83082577933687 4.8292310434848 4.82503147408922 2.01433556971362 1.14790048143081 1.11881775617013 2.87730648526313 4.83844037730079 4.83728633283097 4.83810301311416 1.64439735600591 1.1370065354409 1.07304034464604 1.11842838553587 1.06765804554607 1.09445925434405 1.13721836001055 1.03983474888538 1.10737919992425 1.21311698913911 1.18167602934647 1.18762736630306 1.19858650617907 1.17365038053017 1.21128614047615 1.85929422818268 3.78019594514483 2.35775059297043 2.34664831404441
-9999 -9999 -9999 -9999 -9999 4.50651247375851 4.53825465121026 3.66878958743073 1.49222870041622 1.09830602593378 1.06839235090223 1.05758928580656 1.16326203440417 3.79839060816172 4.82757141270737 4.82746099979547 4.82692613464763 4.82743037296692 4.82612210390992 4.82084208927713 4.82846340648877 4.81675978067501 4.7780412678243 4.83263108116301 4.84189663774661 4.830762225448 4.83904349901939 1.1743804091115 1.98184769250952 1.07331777045804 1.0777530083682 1.1715919675232 1.22847539835169 1.26184108201901 1.66203956109839 2.39569102494326 1.11490900749374 1.21646078081212 1.15236165701361 1.25013490567365 1.17472804488363 1.32703865238282 1.13527320780333 2.27400626355076 3.00034778544323 3.10365539631006
-9999 -9999 -9999 -9999 -9999 4.64497857378291 3.28610525611199 3.2322735862411 1.08442995014921 1.09909726010314 1.12399986096287 1.0456805086355 1.08946286536086 1.8488572846176 4.82640009009666 4.82709467466987 4.82702452127846 4.82699305279409 4.825841005367 4.82930304063126 4.82417108585151 4.85781441627695 4.84059499112497 4.84362551488868 4.83343865123068 4.82764848180545 1.81148958634609 1.06201474874791 2.26564344829406 1.07596833256891 1.20430944245667 1.06396936986148 1.11505615285398 1.13417913100312 1.9210253903015 2.87538900094625 1.11846943876425 1.11677380756563 1.09406056487631 1.07329866629319 1.06439962928751 1.12223844115453 1.22226485924801 1.55102142063048 2.09368389725769 3.63478683022725
-9999 -9999 -9999 -9999 4.34539307084161 4.72103263050448 3.93093263776094 1.08444613465415 1.09082743194744 1.10258256177794 1.07498468422768 1.07373209985869 1.10636764581887 1.84115732269158 4.82674062168842 4.82728823748909 4.82764362065447 4.82770541816945 4.82675104623816 4.82760733985624 4.83025686179531 4.83820198515763 2.72286738842117 1.46801918095915 1.06984324301602 1.12498768399368 1.03543933228988 1.05950253400903 1.31071679311261 1.08548206658137 1.17054075877795 1.07782578824988 1.0871462346214 1.08454185254584 1.07525184568744 1.07490748214106 1.03785566014371 1.07385393663251 1.62467675391855 1.06703912184188 1.10083900638496 1.06926656881057 1.75654540312194 2.17666471646073 1.58136887777968 3.05537357676615
-9999 -9999 -9999 -9999 4.59649060992248 4.81097914030743 3.18248255882707 1.06060175623251 1.10113948230958 1.30535295699061 2.51316975409534 3.94175363630968 4.0668233912595 4.74106850139038 4.82908383316359 4.82793127615595 4.82724409956871 4.8270786684576 4.82773425252446 4.82725718647989 4.82752221030214 4.20430849960322 1.1708186550694 1.10333060122051 1.06572814327235 1.07729319701757 1.16181803027218 1.07949312172175 1.45690970248653 1.40757371780659 1.23799651726159 1.0773674595482 1.09980390276802 1.1224759536629 1.06190623282091 1.09765222460259 1.05622064057016 1.04114531916738 1.06858219625038 1.01202351600726 1.12454113827345 1.4562487365754 1.55811532642277 1.51543347993271 1.83585338821376 2.08861312791511
-9999 -9999 -9999 -9999 4.71144350697343 4.79267655462857 2.25938890824771 1.03186695060529 2.23056705933024 4.74368983852599 4.82546854683949 4.8264972041501 4.82191198219522 4.82953136937938 4.82369032111858 4.82308285625077 4.82525758887283 4.8272568874614 4.82712250594549 4.82783842529601 4.8273824782772 2.56857119745415 1.14719310832177 1.42450502748981 1.25414508730192 1.84889312261748 1.08803536658989 1.59493412862295 2.9275726824183 1.41981931789888 1.23133153885084 1.12295377572745 1.08078866835665 1.05203918256104 1.07763807578815 1.09046421803089 1.10748580217057 1.05797597332357 2.06336248990815 1.20150156051357 1.28960219853138 1.42932288451415 1.52585384234651 1.57421132738086 1.58875580633944 2.27809357634911
-9999 4.86418482463304 4.84645222357816 -9999 4.68590610517195 2.48906720148784 1.07448909190798 1.13105523529759 1.87231175375115 2.92740899051244 4.72408397254882 4.82785053955379 4.82507712961338 4.82578551037763 4.8262084672564 4.82739680483362 4.82595078138695 4.82730763084092 4.82692685122075 4.82762616783444 4.82818061546014 4.761329665856 1.24961468985503 1.37992384388538 1.36238480397117 1.27651220721691 1.15061936791023 1.66218596678364 2.26647007391959 1.65433889371818 1.26830189939726 1.05173962602887 1.16815585402946 1.04856086321708 1.07167426879103 1.06523816134581 1.19205945456256 1.25335722526979 1.52347706762985 1.57967852707945 1.36844194400959 1.207030039444 2.19490033455768 1.52756098454509 1.77189014483449 2.64609194970334
-9999 4.84506270203916 4.84136993182154 3.85686160236639 4.72253619440295 2.05560187818868 1.09957241034773 1.24722479929235 1.48204429576628 1.63568054929384 1.99874398648652 3.67891606593621 4.75391063318571 4.82646129631436 4.82766434233358 4.84275833848742 4.83157029333675 4.82735101493906 4.82756452725143 4.82719578808842 4.82694260689583 4.78038979017493 2.41423440782438 1.41126707740064 2.44098707582998 1.62560360164103 2.32484820363838 1.52609274435372 1.30943206132947 1.35030786043681 1.33880322851367 1.05083431556488 1.13586333065973 1.12719719965581 1.11951336820824 1.09540096312098 1.21778760171816 1.2843360330231 1.36071182282447 1.28049606598236 1.53233715105376 1.60892062022876 1.4381017767043 1.54754060918409 2.07028875119871 2.35775117081641
