IBR/IBR_outputs/all.combrep_1/PersistForestCover_Total.Spinifex_Total.VRM_Total.WeatheringIndex_Total/PersistForestCover_Total.Spinifex_Total.VRM_Total.WeatheringIndex_Total.asc
NCOLS 160 
NROWS 95 
XLLCORNER 210004.651214014 
YLLCORNER 7350008.22228844 
CELLSIZE 4999.99999999997 
NODATA_value -9999 
[rows 63 to 83 of 95, columns 46 to 91 of 160]
3.95895601108965 3.8625463475529 3.6280736338542 3.66329853294716 3.30084343520596 3.80078196391541 4.25660769137262 3.16880767044043 2.36380347509463 2.27511548975689 2.65775525176743 2.94076035902249 3.64948919750358 3.73922260219594 2.73403697753576 2.67140189721731 3.68605177900242 5.00904138620757 4.43988209077525 3.26955184736134 3.5151979452921 2.34123435961481 1.41856450366873 2.4985962663144 2.2872713451711 1.26378379826771 1.45024235241063 1.89439463617857 2.98602476541428 1.61893768409508 1.54002835393053 1.92858040084862 2.20905035549241 3.98384828696057 4.18564266509506 4.20523514169354 4.24167810043202 4.34469635660498 3.90058957864722 3.05826059727565 3.59884355615297 3.6263201704637 3.83940352478115 3.58700704917972 3.94790334597871 2.50144867854085
3.31484755615336 3.08584898493439 2.2465634240738 3.1543817061936 3.78475952303524 3.9591735262547 4.18853986378109 3.79169091502538 2.63164415421917 2.0561777556549 2.3642659084693 3.5026107699353 2.39398552760368 2.20928239034136 2.01195394363662 2.44045060849824 2.36500131987637 1.86019579917382 3.52441168788881 3.64830809682149 2.32415917934071 2.0044104508048 1.35368817334036 2.39542515830039 1.73295777698346 1.41325534185224 1.55880959845232 1.80388352686002 2.30364620401058 2.37766060297966 1.99250091459486 1.90463428993738 2.93664648935727 4.38085411272332 4.22569024368901 3.2957435991075 2.737138856833 3.55329407249957 3.16748738190741 3.40636994122528 2.5464853680449 2.88013410368694 2.71735731395224 2.86319743357307 2.76398614115835 3.39158412442875
2.57551647179902 3.03437248199445 2.94014358681377 3.05328392328481 3.69262842775334 3.60090251895291 3.88877551620075 2.88900444636545 2.94787740163808 3.08617769498183 3.22646098641205 2.69362479308083 2.31252262779558 3.30728819877695 3.45235502370497 2.29145203844154 1.76190959715676 1.62136205329966 1.62491435914958 1.53289502774696 1.71442190708818 1.75015790364586 1.94987762099774 2.66689555373689 2.14184907014858 2.7703517291246 3.39362399132842 2.43815748109551 2.34150018220626 1.2311058944599 2.22612964251361 3.00851097704892 2.25777443907593 2.67416492849642 3.88331183604455 4.25839802214612 4.79642291626681 2.89252683515189 2.69500758359972 2.26130515093633 2.04664959941427 2.23478202585643 3.10831272216652 3.06700470451795 1.70595657372014 4.09345454248141
1.50917890216977 1.67993510076634 2.63260776121044 3.43349032809858 3.08191316317341 3.13654178730338 3.95392225544388 3.30038883606339 2.85415831407303 2.94772371144157 1.94916896519897 2.24166737541583 3.57635570356411 3.64405613067687 2.75870159093928 1.79202960320455 1.89419075559973 2.50675215365581 1.59709244956527 2.43419741509676 3.56311870122073 2.88222629544934 3.1434194755006 2.79072344230874 3.18534566005858 3.7772955399558 3.88945648872309 3.10181760137334 3.47044826916951 3.39338255008127 3.278812618936 4.14022258599539 3.42773572970697 2.87171306985649 1.46913611657927 1.94648318112535 1.95694583728503 2.89450524602687 2.11968883453427 1.69349616342518 2.98895368614323 1.97189717853863 2.30573262924368 3.94233706522204 3.04642181471115 3.62327704537123
1.34758397139708 1.15985293324733 2.4542699295737 3.51731513557719 3.52185297287442 3.07882010675219 3.95484475255393 3.72508008196032 2.94977520412521 2.90980946022413 2.42894898207757 3.18160498936069 3.79838560611119 3.00970237667606 2.78022515082918 3.60517593148604 3.15672342671621 3.06149918095986 2.32378777053778 2.35767824200407 3.65409328015117 2.72730704138978 2.36968768712026 1.62978178113888 1.18536936282395 1.23831071958234 2.34615273054237 4.13412981174375 2.42950353259482 2.73972841190852 3.14909988723884 3.36838246177617 3.98868796156386 3.46881031696676 3.38375835667864 2.51942885347156 1.70473785845533 1.72069176861577 2.1253131783825 1.53833855517836 1.70903821938206 1.57417710459609 3.75504217168898 4.16457001634282 3.57206190997899 3.74679320600685
2.71563865893704 1.45198292285914 1.3433812835263 3.60601070284541 4.14547191504426 4.15020652308734 4.41941608953576 4.26717154351063 4.21260672992946 4.05130475991723 4.27601395662357 3.43929941687171 3.18994573231766 2.07893527905061 2.76325474126554 3.41341021186432 2.41544018669349 2.54770084060556 1.7278811350321 2.5306147600881 2.00116784577098 1.68233536421384 1.74971290789632 3.48488901308825 3.7415207693595 3.99827622077601 3.34660207590402 4.09672812079151 2.91399162500921 2.57745047081485 1.33917392136434 1.51299693102626 1.56786867755063 2.0200061647675 1.74562639715657 1.80424142817484 1.77018046277767 1.91773002997307 3.19568549850881 3.02272581614301 2.42452159777315 2.69114164224511 3.68260341959993 3.9355110293561 3.88268170423219 2.99938084022685
4.56961616033468 2.30961976036729 1.44954374693948 3.17499418721156 3.12857501567558 3.31037075132504 2.73101720728638 4.02473450121937 4.26544697367928 4.16473127516193 4.52829326323128 4.22964492011172 3.95499819656043 2.55710685882411 2.2697979199725 2.64137673520513 2.02454173172804 1.32401864222252 1.20285529925489 1.34630107238872 1.54924665041965 2.0179197080304 1.37232189059807 2.35244399478564 4.49541348372209 4.09797849621428 2.65277172591519 2.0988603041719 1.40674344076902 1.81995751645873 2.30729017499592 2.03673568839721 1.66903491049402 1.87039332493059 3.42660568250226 2.70797068216599 2.9489345316191 2.4014280525802 2.31501033694101 1.69259684007316 3.24715641071893 4.5646823201651 4.38516066517258 3.86616569041442 4.3099838318967 2.12827799394099
6.10718679772093 4.62617485567106 3.94954766231064 4.77058108392513 2.40798156444675 4.86720387915579 4.81456904958445 2.72521237709962 3.43216002311807 3.90106780844132 4.40093646899437 3.47936077093172 4.20054965598138 4.50777162197324 3.55297821279077 3.47102895003385 2.64705943000992 1.43540806579554 1.17019371241444 1.14992881208483 1.31902701710139 1.78101145044137 1.94668880829428 2.17915653245792 3.64150344509959 4.68439004628148 3.53830468177767 2.45295467310658 1.4802807770878 1.980375672439 2.54910071417988 1.88131073690698 1.19693110804014 1.2381888509627 1.28776775686718 1.73623732400528 2.53293362652789 3.24330567741001 2.11223241052577 1.58875492541648 1.65210238435818 2.06536045977059 3.05349279313508 4.28933961791578 3.83203000627249 4.08652611313842
4.99607544984671 5.24337515602804 5.22407827470921 4.95711895369325 4.9187320102071 5.02469081942473 5.16906182512294 4.934412991421 3.61906142484886 3.52644656172905 3.91170857795265 4.12244053823224 3.77476346479 4.06915907851227 5.00776278494864 4.38177484994311 3.76185182834197 2.75898412049748 1.85489496909845 1.65437892689982 2.08063425183782 2.15981062825692 2.37666750355385 1.94918123237291 2.60865101369525 4.60176566929142 3.24050648911501 2.90645373320512 2.96651980298308 2.88308766314348 2.70101285994246 2.4793987312528 1.91074865349832 1.75744799389518 1.41086940822094 1.39987291172797 1.29768288769992 1.39067706501144 1.79298979799822 2.84326641134632 2.51806904081544 2.43874675394485 1.74405895928049 1.5319424063668 1.39262260315774 1.52854114200789
4.88006554980393 5.08909751754013 5.19971887373726 5.29591304321155 5.33867114774305 5.64225069674504 5.44563557118157 5.17593323293074 5.03884731775175 4.86969827735278 3.74021169577298 4.60754721496053 2.32792262563098 3.88231749069599 3.77486088625002 4.04793289037701 4.08233540778286 3.66977241277607 3.27073080111966 2.11637031057587 2.21769744488385 3.11519442218088 3.65592891970721 2.15735642185421 2.69471417409302 2.85841839707438 2.90812170565274 3.35275504711127 2.95611943734565 1.91569569452362 3.87849419221675 3.6956742538153 2.17091575043727 2.13201224587 2.53704555804554 1.81880697281962 2.01053813033609 2.62849831300874 2.91035617423312 2.30425656723434 2.39244200950497 3.60614504116536 4.26587041529979 3.98871726927354 2.74499008560587 2.91244273099011
5.16733375445553 4.98024477112542 5.57396010887093 5.70004115437552 5.535197161328 5.8115700801748 5.90874742047473 6.13488364628252 5.86096719410635 5.63899884085742 4.92181955695524 4.8314595600236 4.42251563362036 4.91966081047741 4.20043530853484 3.74842100277609 3.23325052020886 2.7431948129937 2.94004066820753 2.62246801016761 2.68727695076369 1.83380076621148 2.71831333225732 3.08439920486234 3.67335077550242 2.61823398477633 1.42171155146421 1.50734061277655 2.24258290569403 2.37131942009224 2.94883718084985 3.08443566092218 2.85302257412361 2.41310609226288 2.5941127785166 2.33437258276271 2.89352992228169 3.96907938986046 3.78312972781531 3.40343759987746 3.24720919617836 5.01471349285418 3.78672649431115 4.17740313292974 4.36480797845011 4.75488595806858
5.13940463160538 4.90025027850864 5.06945519340635 5.06464492740314 4.95760172827594 5.10168030144643 5.39213288057087 5.59641315368562 5.56871201001741 6.07810957328121 5.68555083293095 5.30060264793343 4.98058164482217 4.87448949331179 4.63771095349892 4.76670972443485 2.31267628568208 1.82580123297942 2.17036635379996 2.16994701070064 3.12000713634809 2.09070088679038 2.24683430925559 2.63476890425379 2.60674524870184 3.60516647801344 3.18490440709103 2.39620350539327 1.79204162700749 2.23280065129597 2.67442955676967 2.45245920764078 2.02558953039041 3.2456702702958 2.11683450495792 3.0666496722796 3.65851852894362 3.35314949466833 1.80417467029851 3.13150906081283 3.76293216458204 4.58238135679957 6.49146100125311 4.41468862708792 4.20712991014299 3.02239923460882
4.91877570848297 4.9547867707145 5.02603405480778 4.92289531207834 4.86913520833841 5.05052097703863 5.07275368473049 4.88850500883223 5.0653204574265 5.60184517737419 6.29257671078082 6.32990271348695 5.48526089604978 4.91803657484039 4.87429640138682 5.11857715343505 3.64492929083199 2.1493984326555 2.38579874626159 2.20101788763506 2.95479331201143 2.67351207087453 2.48829496451151 2.40310116526701 1.66636457914511 2.25339516897984 2.63702108182153 2.46519461961037 2.32188277676137 1.86421804198262 1.89040908607723 2.42970928633449 1.7866035021871 2.43857426698283 3.38978149003568 3.46846442710192 1.72462690183042 2.3132522561645 2.38640827141858 3.29642572565126 3.85525751551302 2.93612472496413 3.54777907597554 2.68998392216298 2.92342013729363 3.78599839889143
5.08574648741619 5.06275192130511 5.00629247198102 4.83283134276027 4.85991793111377 4.84956430646654 4.88200452700005 4.9950512829736 5.08230779423212 5.84028258528627 6.11248827999046 6.12406580207512 5.35366148673554 5.1986260015689 4.45191852239917 4.41736748291959 4.21530413714865 4.49337121984883 3.14468325773452 2.06096355586098 1.93906012775796 1.99071613455873 2.28385275226171 1.74830830911217 1.83185675838164 1.499373097714 1.51488796140819 1.78899543494047 1.72620416533033 2.30412072984847 2.50909769415054 3.42256047049091 4.08245738461221 3.707942690661 3.87761152391976 2.38261508575549 4.09705294971263 4.83610980685157 3.15168839530307 3.25688599449271 3.23570264013178 4.0031355545603 4.16012103929959 4.40849736148095 3.55248917830813 3.56488530895333
4.895294349385 4.84184683743973 5.297288495018 4.94486636503886 4.84163227936431 4.83828623819339 4.94736478446866 5.05125088855237 4.9973831693265 5.07452226200357 5.15556225338276 5.1625406818371 5.8655827683917 5.69007359928173 4.66359994736323 3.4012153774801 3.69019575720913 4.97197989303781 4.79669114218774 2.98361227363477 3.74124432989933 3.40778683164422 2.05232700088126 2.10713955134618 1.71798338339516 2.39337920658829 2.04658555793261 2.86781977088373 3.45126128901177 4.371955431485 3.69223998730492 3.6469691906146 2.79037861551219 3.2660142830298 4.27535039914048 3.19317786908207 3.09870608670603 2.96630706005026 4.06147953440695 4.49254622823913 2.94235181038943 3.71601705900454 3.87848675264997 4.26257746989977 3.72974965175056 3.12528365743578
4.94278132858884 5.06073845720462 5.31984498996701 5.58934532475715 5.4361788385368 5.17381956402403 4.85353345346965 4.95463408838369 4.98459009644468 5.09568420433667 4.9247964624347 4.93845767852487 4.99336732320425 5.30569662490387 4.89834266993726 5.04309707710171 4.96882755868905 5.05384430409511 5.040024078069 4.90214832671266 5.04926801747357 5.04348319311402 4.43912754222451 3.46524000111436 2.64927365121337 2.69464934703677 2.10509054930876 1.62329166278898 2.69772334596604 4.04819904701162 1.69738046517816 3.79008828042298 4.85167245557458 4.90382249392575 3.48804553205682 4.97677546154315 3.872817792846 3.19988991794429 2.94561015177052 4.8362601439992 4.87187062816063 5.4961872965619 3.85088860291857 3.68985746154898 3.14368868437068 3.73667317459904
6.21155918700699 6.20236517825935 5.55716205419941 6.74637416488769 8.07014135294945 7.61454876694181 5.13374484233432 3.71401297290161 4.87337913095975 5.10354212814643 5.07213033550427 4.89691699885618 4.87817708594543 4.84545370588792 4.83683218000849 4.84254703605011 4.86943864616091 4.99464148978685 5.62281035292476 5.50739881723813 5.1813484090444 4.87662102271055 4.85619251030552 3.98260547014981 3.07133902495201 3.90893919203649 4.18992309068303 3.5014950049816 3.51513250370133 5.1074163609062 3.82027232070644 2.38472189486966 3.3306566338722 4.24374972001973 3.00117260150784 1.6449467352811 1.41511716151292 3.48373067540622 4.86808545578954 4.85765970938953 4.68427254035992 4.51427160832444 3.14371432707798 3.09332627211799 3.40138884093273 3.86577424994883
6.15428185643544 6.4749819641741 7.41251584485085 7.15372178412934 6.83779414624466 7.23460214731363 6.90438064476399 7.21949549665285 4.85422326432037 3.31736102579148 4.83296635377245 4.89879375856146 4.83414605115119 4.88584177027838 4.9505600001124 4.93604231289413 4.95742122220063 4.85604070869991 5.02983885274583 5.11652233936595 5.06670516807913 5.00239367705574 5.09169462820979 4.96304269149244 4.68385812678016 2.72347824209144 3.35407953261044 3.82518407597119 4.30307714865583 4.74712458140002 4.54105428721601 4.28497426619288 3.12497660790158 2.34354656388415 3.41473873037823 3.12280876880086 3.20590339480943 4.81308557653044 4.95243280463161 3.99904461899053 3.29635537523319 2.13242456485243 3.68162200901192 2.2372077596681 3.71882707379667 4.62366491771916
6.07827431349553 7.0234252050976 6.87290890300089 6.1354061065068 7.07445929111067 6.11175972399927 7.69076892826319 7.45272233212402 7.33802085314576 5.25258380208185 3.76775169666216 4.81461248379496 4.83660265814815 4.87909775352663 4.96207159312313 5.04279692808866 5.15328822081298 5.3589165267816 5.64850166835934 4.95446331949136 5.15843390276683 5.31383964484981 5.07647351244488 4.88958459430556 4.8381015999647 4.85058472770826 4.53041657342837 3.05648474780599 4.41826683468426 4.94516882471309 4.46181992483376 5.32902901523895 4.36131321826603 3.0061823264924 2.71072978141046 1.89380438052792 2.17936399437682 2.37679305748151 2.23775753376275 1.76021916464277 1.60377656030237 2.8579187199204 2.85855291503507 2.83141766784237 2.80973293517721 3.46990970231157
6.66367962896077 7.05107526083381 6.9416996429519 5.82645918422348 4.90378908477522 7.17807822895053 7.68881903294054 7.92775313794677 7.18067889259742 7.22193419750483 6.49375732974202 6.97488986084564 6.73744538188975 5.44025958221252 4.85865647435004 4.93159031686253 5.01674157370645 5.17003241337572 5.52209034950034 5.6546034953018 5.00227388756772 5.33778561974641 5.05282998637722 4.85831034322801 4.85722280898136 4.86287666492213 4.85233756918887 2.49332669159687 2.87498608218204 2.89346832538843 4.45407113999379 4.35572927545845 4.45363628807401 4.59479146747558 4.09529800773745 1.90305277007779 1.76817858353282 1.93795163255198 2.4488586889561 2.55185416834199 1.62505649810711 2.31818145416299 2.52668996484656 3.53211842077633 4.2030459942698 2.31392746879806
6.94998384118982 5.38380321972671 6.52371028170154 6.92036695309905 5.59908387530998 5.49333814873337 4.50120638809209 6.62455095489262 7.72667802873181 7.86074755809458 7.20152301621865 5.9136333711514 5.80871796652427 6.20135942755879 6.00330312532896 5.38681452536694 5.01829784677384 5.18614354653488 5.08947076327189 6.03052101931383 5.7305132423762 4.98973569939988 4.88609187865794 4.86387386401717 4.88034833123073 4.87952113969084 4.89886790571165 4.86755339671798 4.23949389847801 3.21418811124435 2.31869424578981 4.03903599676634 4.19582895983471 4.37400611607611 3.72608176214236 2.96196010296893 1.76067566128578 1.78515264052225 2.46025319397875 1.90659160368742 1.69843437431839 1.65822834914314 3.30032137479141 1.63201924402299 1.58307153262938 3.30915157794115
