0.269994 0.0111035 9.9973E-05 9.9973E-05 0.0927786 9.9973E-05 0.625824
0.0955127 0.0022022 0.102557 0.022795 0.0791206 9.9991E-05 0.697713
0.508622 0.0225357 9.9982E-05 0.0127166 9.9982E-05 0.019422 0.436504
0.0760794 0.16087 0.0499932 0.00978154 9.9991E-05 0.0360435 0.667133
0.161989 9.9973E-05 9.9973E-05 9.9973E-05 0.0581003 0.0364063 0.743205
0.0712464 9.9964E-05 9.9964E-05 9.9964E-05 0.108192 9.9964E-05 0.820162
9.9973E-05 0.0888777 0.0762044 9.9973E-05 0.123508 9.9973E-05 0.71111
0.0249526 0.173659 0.0523856 0.0338135 9.9982E-05 9.9982E-05 0.71499
9.9982E-05 9.9982E-05 0.213854 0.0141999 0.12869 0.0170238 0.626033
0.326382 0.219284 0.0333447 0.0110528 0.00531531 0.0206235 0.383998
9.9982E-05 0.413402 0.128427 0.0501729 9.9982E-05 0.0822434 0.325555
0.370593 0.261235 0.0318581 0.00721249 9.9982E-05 9.9982E-05 0.328901
0.0730664 0.635145 0.0321002 0.050752 0.0344369 0.0620566 0.112443
0.187634 0.161207 0.156819 9.9982E-05 9.9982E-05 0.122074 0.372066
0.208113 9.9991E-05 0.105111 0.0316357 0.0772093 0.0166687 0.561163
9.9973E-05 0.222159 0.211612 0.00903719 9.9973E-05 9.9973E-05 0.556892
9.9982E-05 0.0868529 0.262541 0.00172978 0.0587803 9.9982E-05 0.589896
0.0540284 9.99829E-05 0.149606 0.0437129 9.99829E-05 0.0057583 0.746694
0.313557 0.0884781 0.273935 0.0473858 0.11189 0.0791596 0.0855934
0.508053 0.156827 0.300568 9.9982E-05 0.006873 9.9982E-05 0.0274782
0.0175086 0.0303508 0.752978 0.0118061 9.9991E-05 0.0303034 0.156953
0.171748 0.0646418 0.721848 9.9973E-05 9.9973E-05 0.041462 9.9973E-05
9.9955E-05 9.9955E-05 0.974788 0.0247123 9.9955E-05 9.9955E-05 9.9955E-05
0.118911 9.9991E-05 0.694315 0.022998 0.0299701 0.0323044 0.101401
0.0656028 0.0397367 0.707513 9.9982E-05 0.0379266 9.9982E-05 0.14902
0.466912 9.99639E-05 0.507494 9.99639E-05 0.0251942 9.99639E-05 9.99639E-05
0.460113 9.9973E-05 0.477293 0.00479765 9.9973E-05 0.0574972 9.9973E-05
0.07143 0.00356527 0.808443 0.0283377 0.0604856 0.0276382 9.9991E-05
0.584691 9.9955E-05 0.414809 9.9955E-05 9.9955E-05 9.9955E-05 9.9955E-05
0.0362908 9.9964E-05 0.813884 9.9964E-05 0.149425 9.9964E-05 9.9964E-05
0.137234 9.9973E-05 0.791334 0.00868782 0.0624447 9.9973E-05 9.9973E-05
0.0641386 9.9982E-05 0.806152 0.0294733 9.9982E-05 0.0673076 0.0327288
9.9973E-05 9.9973E-05 0.901371 0.0579466 0.0362457 9.9973E-05 0.00413652
0.322302 0.166329 0.0286936 0.0524748 9.9991E-05 0.028603 0.401497
0.304087 9.9973E-05 0.179926 9.9973E-05 9.9973E-05 0.0267514 0.488936
0.250304 9.9964E-05 9.9964E-05 9.9964E-05 9.9964E-05 0.11561 0.633686
0.248466 0.088079 9.9982E-05 0.0332644 0.0413005 9.9982E-05 0.58869
0.111548 0.20587 0.102936 0.011059 0.0493649 0.0593466 0.459875
9.995E-05 9.995E-05 9.995E-05 0.9994 9.995E-05 9.995E-05 9.995E-05
0.468858 0.142258 0.37253 0.0160547 9.9973E-05 9.9973E-05 9.9973E-05
0.22363 9.9964E-05 9.9964E-05 9.9964E-05 0.16813 9.9964E-05 0.60784
0.0586281 0.168102 0.234785 9.9982E-05 9.9982E-05 0.0177987 0.520486
9.9982E-05 0.120182 0.330081 0.00945542 0.214765 9.9982E-05 0.325316
0.134575 0.430088 0.0707899 0.0547018 0.184821 0.0411617 0.083862
0.147363 0.84295 9.9973E-05 0.00600909 0.00337777 9.9973E-05 9.9973E-05
9.995E-05 9.995E-05 9.995E-05 0.9994 9.995E-05 9.995E-05 9.995E-05
0.290252 0.158233 0.0740329 0.082931 9.9991E-05 0.0472213 0.347229
9.9973E-05 0.300367 0.132828 9.9973E-05 0.194185 9.9973E-05 0.372319
0.338847 0.108294 0.138851 0.035142 0.00711571 0.0835425 0.288209
0.0290299 0.0540168 9.9982E-05 9.9982E-05 0.656357 0.204899 0.0554974
9.9982E-05 0.0688323 0.101833 0.0120774 0.325828 0.49123 9.9982E-05
0.12019 9.9973E-05 9.9973E-05 9.9973E-05 0.370513 0.456811 0.0521859
0.028254 0.251184 9.9982E-05 0.0315703 0.103532 0.585259 9.9982E-05
0.138865 9.9973E-05 9.9973E-05 0.0474979 0.163305 0.650032 9.9973E-05
0.120263 9.9982E-05 0.0071022 9.9982E-05 0.185528 0.675659 0.0112481
9.9964E-05 9.9964E-05 0.0349697 9.9964E-05 9.9964E-05 0.770189 0.194441
9.9991E-05 0.0650992 0.0246292 0.0114567 0.607018 0.271906 0.019791
9.995E-05 9.995E-05 9.995E-05 9.995E-05 0.9994 9.995E-05 9.995E-05
9.9991E-05 0.072039 0.0535317 0.044073 0.0547003 0.722118 0.0534377
9.9982E-05 0.185992 9.9982E-05 0.0221512 0.289193 0.354723 0.147741
9.995E-05 9.995E-05 9.995E-05 9.995E-05 0.9994 9.995E-05 9.995E-05
0.0811127 0.159874 0.0157611 9.9991E-05 0.245758 0.475358 0.0220366
9.9982E-05 0.505693 0.104605 0.0535634 0.0894367 0.246503 9.9982E-05
0.0603788 9.9982E-05 0.769624 0.0255786 9.9982E-05 0.0828029 0.0614153
0.447444 9.9991E-05 0.494226 0.0255657 0.00394059 0.00164157 0.0270829
0.290488 9.9973E-05 0.644318 0.0310265 9.9973E-05 9.9973E-05 0.0338676
0.124517 0.118697 0.00363268 9.9991E-05 0.103472 0.617372 0.0322088
0.0611799 0.348536 9.9982E-05 0.0628996 0.111079 0.416105 9.9982E-05
9.9991E-05 0.0187187 0.110111 0.012546 0.175707 0.609917 0.0728993
0.0960084 0.184497 9.9982E-05 0.0491005 0.151094 0.5191 9.9982E-05
0.150359 0.00431673 9.9973E-05 0.051517 9.9973E-05 0.793507 9.9973E-05
9.9982E-05 0.639211 9.9982E-05 0.0219782 0.137604 0.0202628 0.180744
0.112079 0.719258 9.9982E-05 0.0172855 0.0923732 9.9982E-05 0.0588045
9.9982E-05 0.82348 0.0585677 0.000698638 0.0754161 9.9982E-05 0.0416376
9.9955E-05 0.97161 9.9955E-05 0.0278907 9.9955E-05 9.9955E-05 9.9955E-05
0.0870721 0.838316 0.0389295 0.0288048 0.00667805 9.9982E-05 9.9982E-05
0.0667359 0.846969 9.9973E-05 0.0278778 0.0581178 9.9973E-05 9.9973E-05
0.0338592 0.650556 0.110166 0.0204393 9.9991E-05 0.102657 0.082223
9.9973E-05 0.362881 9.9973E-05 9.9973E-05 0.0231171 0.591509 0.0221931
0.204268 0.212455 9.9991E-05 0.119425 0.0313349 0.405838 0.026579
0.049612 0.0657384 0.0628535 0.0127979 0.312983 0.495915 9.9991E-05
0.166955 0.0492075 9.9982E-05 0.0451101 0.223509 0.515019 9.9982E-05
0.00689306 0.0859929 0.030744 0.036424 9.9991E-05 0.713976 0.125871
0.918113 0.02427 0.0419975 0.00470729 9.9982E-05 0.0107123 9.9982E-05
9.9982E-05 0.422874 0.199312 9.9982E-05 0.135164 0.210324 0.0321254
9.9982E-05 0.808997 0.0169656 9.9982E-05 0.059092 0.0607572 0.0539878
9.995E-05 9.995E-05 9.995E-05 0.9994 9.995E-05 9.995E-05 9.995E-05
0.218415 0.156971 0.0267672 9.9982E-05 0.0264505 9.9982E-05 0.571197
0.137243 9.9982E-05 0.127284 0.0113842 0.0748874 9.9982E-05 0.649002
0.0420274 0.108321 0.151945 0.0436945 0.149262 9.9991E-05 0.504651
0.0700203 0.258199 0.199207 0.0442816 0.058425 0.041661 0.328206
0.32275 0.102798 9.9973E-05 9.9973E-05 9.9973E-05 0.091071 0.483081
0.00123286 0.808398 9.9964E-05 9.9964E-05 0.18997 9.9964E-05 9.9964E-05
0.556128 0.165713 0.198242 0.0388605 9.9982E-05 9.9982E-05 0.0408557
0.144237 0.604773 9.9982E-05 0.0777704 9.9982E-05 0.171387 0.0016322
9.9982E-05 0.296366 0.384316 0.0434139 9.9982E-05 0.0805125 0.195192
0.26454 9.9982E-05 0.0933882 0.00438156 0.0269587 9.9982E-05 0.610532
9.9964E-05 0.254823 0.183974 9.9964E-05 9.9964E-05 9.9964E-05 0.560804
0.114451 0.2984 0.148632 9.9973E-05 9.9973E-05 9.9973E-05 0.438216
0.164318 0.306563 9.9982E-05 0.0289674 0.0315747 9.9982E-05 0.468377
0.0464012 0.311008 0.0827284 0.0124969 9.9982E-05 9.9982E-05 0.547165
0.228606 0.290231 9.9973E-05 0.00144051 9.9973E-05 9.9973E-05 0.479423
0.120899 0.55994 9.9991E-05 0.0181269 0.133159 0.131467 0.0363086
0.324504 0.449858 9.9982E-05 0.0712141 0.0467531 0.107471 9.9982E-05
0.0152313 0.686109 0.00401131 0.0771247 0.064866 0.152557 9.9991E-05
9.9964E-05 0.599768 0.29421 9.9964E-05 9.9964E-05 9.9964E-05 0.105623
0.0177405 0.434786 0.260354 9.9991E-05 0.0465136 0.0701266 0.170379
0.0754247 0.00824979 0.444615 9.9982E-05 9.9982E-05 0.0782641 0.393246
0.0139634 9.9991E-05 0.0357746 0.0140791 0.200026 0.626606 0.10945
0.156094 0.0726044 9.9982E-05 0.0156882 0.106431 0.648982 9.9982E-05
0.283952 0.47316 9.9982E-05 9.9982E-05 0.208017 0.00190217 0.032769
0.149879 0.378796 0.0362507 0.0332219 0.209347 9.9991E-05 0.192406
0.116862 0.285308 0.206672 0.0420298 0.257825 9.9991E-05 0.0912031
0.300261 0.230061 0.469278 9.9964E-05 9.9964E-05 9.9964E-05 9.9964E-05
0.0434195 0.137909 0.0810364 0.0329356 0.0801248 0.624475 9.9991E-05
9.9982E-05 0.204149 0.0794591 9.9982E-05 0.241668 0.438769 0.0357546
0.0670789 0.338653 9.9982E-05 9.9982E-05 0.172483 0.327969 0.0936157
0.594597 9.9982E-05 0.0786247 0.0370907 0.0347614 9.9982E-05 0.254726
0.396476 9.9964E-05 9.9964E-05 9.9964E-05 0.0682235 9.9964E-05 0.534901
9.9991E-05 0.0769254 0.114433 0.0280832 0.00257075 0.0887024 0.689185
0.273619 9.9973E-05 9.9973E-05 9.9973E-05 0.06308 0.0589244 0.604077
0.576623 0.00137206 0.0458675 9.9973E-05 9.9973E-05 9.9973E-05 0.375838
0.0752279 0.119004 0.191779 0.00868936 9.9991E-05 0.00942569 0.595774
9.9964E-05 9.9964E-05 0.236664 9.9964E-05 9.9964E-05 0.0671227 0.695813
9.9973E-05 9.9973E-05 0.150266 9.9973E-05 0.0518805 0.0576178 0.739936
9.9973E-05 0.084274 0.452334 9.9973E-05 9.9973E-05 0.0699781 0.393114
0.112367 0.0912809 0.0358321 9.9982E-05 9.9982E-05 0.0577063 0.702613
9.9982E-05 0.116482 0.282492 0.0161969 0.0271373 9.9982E-05 0.557493
9.9982E-05 0.195339 0.205982 0.00258413 0.0057261 9.9982E-05 0.59017
0.384225 0.147369 0.0168393 9.9991E-05 0.0595241 0.00857055 0.383372
0.0228719 0.0889613 0.117099 0.0402804 0.0647771 0.0284304 0.63758
0.285317 0.316867 0.0897603 0.0156848 9.9982E-05 9.9982E-05 0.29217
0.134524 9.9973E-05 0.0238806 9.9973E-05 0.0866221 9.9973E-05 0.754673
0.347043 0.0279517 0.601973 9.9973E-05 0.0227322 9.9973E-05 9.9973E-05
0.384288 0.0311274 0.584184 9.9964E-05 9.9964E-05 9.9964E-05 9.9964E-05
0.289385 9.9964E-05 0.687273 0.0229428 9.9964E-05 9.9964E-05 9.9964E-05
0.342548 9.9973E-05 0.546845 9.9973E-05 9.9973E-05 0.0592107 0.0510966
0.45446 0.0334339 0.44358 0.0146845 0.053641 9.9982E-05 9.9982E-05
0.0919797 0.184883 9.9982E-05 9.9982E-05 0.0508478 0.0444322 0.627657
0.14257 0.0497132 0.115608 0.0148189 0.0487864 9.9991E-05 0.628404
9.9964E-05 0.00773109 9.9964E-05 9.9964E-05 0.571005 0.420864 9.9964E-05
9.9982E-05 0.0279618 0.119551 0.0196988 0.00893904 0.82365 9.9982E-05
9.9973E-05 9.9973E-05 0.0830088 9.9973E-05 0.0802171 0.828101 0.00837305
9.9982E-05 0.182149 0.119095 9.9982E-05 0.0667878 0.594825 0.0369433
0.0764373 0.0158884 9.9991E-05 0.0486393 0.141961 0.712859 0.0041143
9.9973E-05 0.0245929 0.204616 9.9973E-05 0.106271 0.664221 9.9973E-05
0.0127173 0.0867085 9.9973E-05 0.0302368 9.9973E-05 0.870037 9.9973E-05
0.17045 9.9964E-05 9.9964E-05 9.9964E-05 0.371136 0.458014 9.9964E-05
0.211645 9.9964E-05 9.9964E-05 9.9964E-05 0.174149 0.613806 9.9964E-05
9.9973E-05 9.9973E-05 0.112351 0.0102527 0.322968 0.554128 9.9973E-05
9.9973E-05 0.118833 0.0228375 0.0397705 9.9973E-05 0.818259 9.9973E-05
0.11548 0.0160779 0.0302918 0.0519185 0.0889984 0.665485 0.0317486
0.114544 9.9982E-05 9.9982E-05 0.00725751 0.188082 0.610547 0.0793696
0.153318 9.9973E-05 9.9973E-05 0.00224139 0.129285 0.714856 9.9973E-05
9.9991E-05 0.0623255 0.0536079 0.0273221 0.129852 0.723669 0.00312351
0.0251626 9.9973E-05 9.9973E-05 0.057533 9.9973E-05 0.897386 0.0196181
9.9973E-05 9.9973E-05 0.120463 0.00186371 0.156444 0.720929 9.9973E-05
9.9982E-05 0.653669 0.0725241 0.00765872 9.9982E-05 0.167967 0.0979816
0.0858562 0.806137 9.9973E-05 9.9973E-05 0.011373 9.9973E-05 0.0963341
0.00747831 0.0396438 9.9982E-05 9.9982E-05 0.0830914 0.816205 0.0533817
9.9982E-05 9.9982E-05 0.0801513 0.00800369 0.259752 0.463089 0.188804
9.995E-05 9.995E-05 9.995E-05 9.995E-05 0.9994 9.995E-05 9.995E-05
9.9964E-05 0.642556 9.9964E-05 9.9964E-05 0.235088 9.9964E-05 0.121956
0.168705 0.0041817 9.9982E-05 0.0275347 9.9982E-05 0.0540624 0.745316
0.431219 9.9973E-05 9.9973E-05 0.0137495 0.00593078 9.9973E-05 0.548801
0.0615584 0.0530631 0.437623 9.9982E-05 0.121848 9.9982E-05 0.325707
0.219809 0.0368126 0.490624 9.9982E-05 0.0518457 9.9982E-05 0.200708
0.9994 9.995E-05 9.995E-05 9.995E-05 9.995E-05 9.995E-05 9.995E-05
0.53903 9.9973E-05 0.37982 9.9973E-05 0.0666326 9.9973E-05 0.0142174
0.9994 9.995E-05 9.995E-05 9.995E-05 9.995E-05 9.995E-05 9.995E-05
0.602625 0.0630768 0.304077 0.0148449 0.015176 9.9982E-05 9.9982E-05
0.428138 9.9973E-05 0.461535 0.00958178 0.100445 9.9973E-05 9.9973E-05
0.288931 0.00459143 0.546877 0.0416486 9.9991E-05 0.100006 0.0178468
0.32677 0.0547277 9.9982E-05 9.9982E-05 0.00304507 0.0122986 0.602958
0.240416 9.9973E-05 9.9973E-05 0.0607673 0.0965382 9.9973E-05 0.601979
9.9982E-05 0.10275 0.0272453 0.0499408 0.132604 9.9982E-05 0.68726
9.9973E-05 0.300679 9.9973E-05 0.00467676 9.9973E-05 0.0505805 0.643764
9.9982E-05 0.0949958 0.062408 0.0234598 0.0746436 9.9982E-05 0.744293
9.9973E-05 0.289002 0.0691302 9.9973E-05 0.0596484 9.9973E-05 0.58192
0.426008 0.116569 9.9973E-05 9.9973E-05 0.0640288 9.9973E-05 0.393095
0.137895 0.272765 0.0991736 0.010247 0.043198 0.00341027 0.433311
0.151931 0.280074 9.9982E-05 0.0607952 9.9982E-05 0.0149304 0.492069
0.251321 0.125176 9.9982E-05 0.0226716 9.9982E-05 0.0696955 0.530936
0.245375 0.108207 0.028602 0.0199423 9.9991E-05 0.0549085 0.542866
0.693615 9.9973E-05 0.144653 0.123914 9.9973E-05 0.0375185 9.9973E-05
0.0443261 0.0615 9.9991E-05 0.0137835 0.65622 0.189103 0.034967
0.00315657 0.0482132 0.10743 0.0438672 0.102833 0.694399 9.9991E-05
0.0115879 0.0536103 0.0615911 9.9982E-05 0.0281744 0.844836 9.9982E-05
9.9973E-05 0.0936485 0.0500714 9.9973E-05 9.9973E-05 0.734829 0.121151
0.204037 9.9973E-05 9.9973E-05 0.010034 0.00401796 0.781611 9.9973E-05
9.9991E-05 0.192574 0.342044 0.0372215 0.041793 0.063773 0.322495
0.179541 0.120052 0.184982 0.032736 0.0157123 0.00826564 0.458712
0.243412 9.9973E-05 9.9973E-05 0.0532957 0.0416564 9.9973E-05 0.661336
0.040188 0.232777 0.273716 0.0525422 0.0085882 9.9991E-05 0.392088
