IBR/IBR_outputs/all.combrep_1/single.surface/EucDistWater_Total.asc
NCOLS 160 
NROWS 95 
XLLCORNER 210004.651214014 
YLLCORNER 7350008.22228844 
CELLSIZE 4999.99999999997 
NODATA_value -9999 
[rows 63 to 83 of 95, columns 46 to 91 of 160]
21.4588667571239 23.0435743942962 9.06905169656449 8.14341420787281 13.1339267842566 28.0834891844464 46.5553380839037 30.6157979337742 19.85647082997 28.6493753118796 39.2854075556352 53.1241478567192 75.0241287296767 93.6363422908258 101.234114440826 108.764806710813 124.911580088513 129.788083438637 126.59498831277 123.658762288809 94.1535512316495 64.6537165748471 41.7887782932999 32.3896645190305 39.7980648074554 33.2579860443673 30.9930377039789 41.9569891854035 56.4950456094285 40.002853320711 32.7289369616817 25.3773868993888 20.4968633171126 39.3396202951163 66.6987783068741 95.5835444707417 98.0839020635036 94.2450347870699 94.8837456298798 83.8049312109526 73.7534566884503 63.4165033117525 36.8292157598161 11.4681109280301 9.2952206091702 11.5201773416999
23.4610008688121 32.7707312583829 19.1104395059131 7.82788522156105 12.9924811188502 23.9096297441857 38.2694860738701 20.2816151684779 8.07805499571333 14.204112811315 15.8246390669452 32.6639379647156 53.3765526299784 80.3423517187842 112.221958810957 140.475065702479 159.436314978043 159.454636932585 142.163926871305 125.630286782081 106.99104140426 85.6590772093298 68.089071769818 60.0059729104431 41.9458445326621 16.455834441096 9.50456692563296 27.1971768732063 45.5051118788134 24.0998373614648 11.643312450183 17.3900246218389 11.6787351342876 33.7954470815433 62.6686677747022 94.2012755506926 102.478688212441 98.4149557962795 103.673838021155 109.054720774858 97.3605034762261 66.7624061331658 38.2341580112657 17.317648251947 18.6500157779389 17.1301429094374
37.8237209354457 38.4211669714651 32.2571462989517 20.999875689175 11.7922739719483 12.5348303541415 31.2070758245151 17.130969085942 8.38211299728283 13.8957884727863 8.74344992408018 16.5491911162794 41.9610829064742 72.0578414858157 105.826410539459 136.928288193182 153.047678830496 139.20768022184 112.453289684839 93.2685597257635 83.655062097982 84.7086517772371 89.9011678881243 77.4074930065535 49.7756414929699 28.0829261837504 13.7001908438561 23.0379634196082 35.9928538603733 21.028104513026 21.6709872359609 34.3487732661885 34.0073683042194 47.7033606109446 71.7461182203479 83.6506209281345 70.5440011652786 65.0825821320838 72.7532022432908 91.3410575906566 103.062745325958 79.5815614672195 55.7015164659062 42.4363568865797 42.8604357158049 39.467977404692
18.1852246020449 14.461990683368 17.8976945275243 13.5337913573532 27.5563996154485 27.5972815793828 34.7535359684007 14.843596689952 14.4538262715005 6.65082494557711 6.49069881845242 23.0570492094178 47.7825891013982 76.3387525111148 98.0017749756662 104.93221470334 117.797214146157 116.387773885812 87.4233822807769 64.5545659971405 51.9935420228126 54.2174616655444 70.2354727701544 86.0895084735688 65.9289640148901 38.7667026502305 18.4551842888052 24.8881783104839 30.7407006367668 11.7852096849411 24.7355710206204 49.0435791771424 57.3235271842775 61.4556748111831 68.3725586112486 56.107646762004 43.2252262476683 35.2295649042972 46.4024849397281 67.052162577323 82.9987255574152 94.6391989181736 79.0917554191465 60.2102438221556 46.7526406734154 35.4315892325693
10.7774234589405 8.76089478292755 19.728543714863 23.9268282251566 18.1046362162161 16.1377880703462 31.3616451707539 28.535713796264 31.1572965265474 20.108333106615 19.4011266488675 32.3116847941758 57.6177457944484 73.8169331655618 67.8976896503451 71.7928340000852 86.8561318247328 95.0590004668092 71.2066270556775 43.7161010331051 24.8718516197103 28.6741929775021 50.9940905395555 79.5969567001337 80.3061536971688 57.0452410467963 44.1341257053151 47.6001816046941 44.5231636246065 24.8979310024945 18.7686822649329 36.4210281907548 39.1443396745064 36.8609784616645 45.7666176627706 29.8083117252689 21.935111631026 12.1920674763105 28.5326551735259 41.0856470332623 57.8566955095691 83.1468799358233 76.3557496637952 46.8205482368526 23.2503799927567 19.7426713596797
23.7577728210278 11.6411076467594 12.8010665032805 33.7845316194339 22.737304955964 10.8438812534946 11.4403033458082 13.6703075974214 35.8129588193338 43.6591485290535 42.9365242279644 52.9906890842943 66.3545861622677 50.3830423687581 37.8160620457991 43.5488979819527 58.6112745727355 66.3202297335479 56.9765338598494 37.5747370267789 14.2388890279982 19.6593988351072 45.7987061012649 76.1274504669455 97.7142389404306 84.3806658425697 74.066810802882 67.7023890396302 50.2328604499069 25.4712369806878 14.3709235895396 31.5269821571846 19.4975738522323 15.0923374349794 33.3506849508139 15.7077932867107 12.1097732614558 16.4848179135962 10.9189606333279 18.785257877831 43.0664946323584 72.6899957962733 75.1519420385137 45.5709724658178 20.9756793067548 17.9044548217828
9.29700761523796 13.7684566973645 26.2130247162474 43.392655898769 30.6930681154829 10.7885235782892 11.7737043895318 21.7668299749122 38.6443717265111 30.2685681790347 28.0329513159009 44.6419297673024 55.4611265090646 33.6594987664699 13.6832400784754 22.0956821090777 32.0066584735426 41.5651471102913 30.3744230590724 33.8770037681388 23.2145243808752 26.9266009264529 46.409490839001 66.0514671994549 91.2249903339891 95.6467203957205 76.6104670996732 52.0949252173372 33.5376200993155 30.6386339725859 37.1309414572363 44.2810279739706 26.8379439230244 23.5688838293292 27.5788954946636 12.3778868458824 18.8650644424698 10.6443263148474 16.8344372050216 22.8103601389083 45.3076491837947 74.346280221098 85.4988568367795 60.6555972421102 43.3359726424417 41.6960909124573
13.8137222057903 10.5657155435038 21.1335003996533 29.5484141813309 32.7097152882337 20.2153752310253 8.58202626217329 28.8761095918703 40.092152826668 17.2043675683388 9.73349446118687 30.5458398635172 39.326374177438 18.9615107209431 11.7969321090933 8.21853066564927 16.906980134441 29.7796149201906 11.3267154052921 21.1926342963472 14.0001732397475 15.0706362447923 25.317731059889 48.0625603348051 76.4738476494061 72.6047274637858 51.940684824771 37.722253797215 16.0277722395629 15.6930534793754 40.9480400880147 62.1532943656604 52.083263555268 44.9244983628291 23.3405794932643 7.00892790816479 25.4116740020695 28.2558287967329 33.5701901371614 43.5914515723679 62.0813689888153 87.6815448271266 104.586555517147 85.878176491349 72.8474288278317 69.6205704130371
18.1278890840106 7.4279415498988 7.56357445863935 11.0106985534192 12.4998362606522 15.2038904084986 19.5635484666945 24.3598453324475 25.9382200522758 17.6978375412265 21.0887055619309 36.6485609941869 38.6367622836173 16.7979682619909 16.0689549435113 24.2947679802025 30.0395979042151 35.5882409543045 13.7511627127178 14.5716076604884 19.2182159298285 16.0851012000892 19.621476751677 44.8699135525992 71.6180333095144 57.6092848852975 31.1574499401296 17.348294109829 21.8010462758388 19.420746379811 37.9099627499777 63.7187301209428 76.0147525716604 52.0816458938671 24.1938574657345 6.63915338385482 25.3033895326944 29.271155967396 17.7259311984941 34.306119212462 58.959011921737 82.6057396509942 109.207544931778 116.340752198144 106.681898259745 93.4979443264986
11.1430592240462 20.9455479803424 27.9832433293488 24.8929704189151 19.8949544325885 19.8648765713033 21.1711757387471 7.46479153180587 8.90133047526606 7.91503152337992 16.4429238815325 29.4819971333942 46.7001827293274 40.4074607091634 31.8874742828992 18.2415172938648 23.8277455585327 40.5494940038633 32.8056201453952 19.544271722829 18.7650697805416 35.268156406472 40.1584141647759 56.0479480774803 61.8719638056178 46.4911661171889 28.8410181478001 14.615716566883 20.5008834583244 8.24049301390292 25.3561362277564 52.2718538014457 71.8421086324881 50.0773010236614 23.8392534507991 6.56285415847734 22.7964428309554 27.3419274834537 14.3194626573364 22.794081392153 39.1138428160303 64.7374428498348 95.7646815764813 129.759009974083 140.990370020181 117.597464773
25.7375426226713 38.7821182357962 52.3320688781628 52.209719163468 46.5872061235696 44.9306926292566 37.198856213762 25.1477870092756 18.6921379598481 11.8138569366255 11.8433854984912 24.1057600391944 30.4107584717123 38.492007519652 26.8020185486112 8.33580246854899 18.2030665140977 42.8589720254491 56.1881085252193 42.6710243136329 42.0360142021396 46.8355119151967 37.1560205482946 41.1263086195237 43.3275624295742 22.9503584367639 21.0223587592938 12.8505976707807 22.5296151492871 18.4811191581514 25.2248964405937 46.5576437016907 57.5525428904342 34.1481743628653 16.2856235257304 12.3653041968467 33.663316178263 44.7080133084988 24.752885188245 11.1564854139618 30.6952339081965 59.2325629116617 91.4969243508459 127.575014741224 161.070535887655 147.896210093084
17.6818678020027 26.0039239626407 43.0548967377562 64.1467399667312 64.9766193569217 61.1053825751262 56.3065432702692 52.3006017006355 43.5495556058972 31.1182420538318 33.7997480768678 28.5450254683055 10.7243847703125 25.7883232739198 36.1982011133549 26.5955501852829 37.6188317234242 47.9905950763334 48.6756530081611 51.3527387145127 53.8272034165942 36.6765631390862 14.434812912651 21.6109039140798 36.9267926603318 16.9409008804963 11.6552430449418 9.81753206265418 12.0424405664052 17.6643417522681 12.6370333372326 35.2590771766827 48.0487672307893 24.3581757869025 9.50440637889912 27.3587525266358 49.1020103530553 60.1756285132266 39.9604617270935 31.6433728141279 43.8802307650441 68.1124987716322 98.438920668631 133.493374304111 172.804987120893 183.819649983798
11.2643102852215 12.1528542779753 32.4499854065573 39.7574754316364 39.5500272005588 36.0686267608289 36.5275120743477 53.9521921723683 58.6024746927945 37.5333954806732 28.6163711350027 33.2631978716956 25.7832699599 35.8221633163949 55.4901263265833 55.1467051745685 50.7871219523395 29.8708067582265 20.6437658178188 25.4104259476084 28.6100024485659 25.0116263752866 18.6236147642369 27.6556201746003 46.814804820985 36.7079687205887 31.8194047718377 22.4850592400686 10.0178443695486 14.011483467735 18.9961507073492 41.0086377913464 36.9527486988533 13.1522435621859 9.48693377973041 33.5311309135247 61.9846557085108 80.2408318396143 66.3922925565878 60.9617127205638 69.1591269570253 88.4374409440942 115.461361312141 148.460764653131 186.843105801207 219.339261915279
16.1466275084174 11.719316015749 16.9569630386906 12.8063880029249 13.6634223033124 12.5090787647192 16.6626082069323 41.8473042101969 51.971359017094 25.5618500467444 10.5718363713466 29.8536402237833 50.8195208139491 60.4796863300786 78.5918301465029 78.6576309028588 50.5775147253004 23.7886535618372 9.76026183504413 13.3982110910637 10.5250919071573 13.1308191468704 18.9100334484138 42.3992243247695 53.7533707920341 51.2422923102363 54.3038940258213 41.8248704248382 31.5470130198371 18.3231516386571 24.6527215939707 47.6310933181697 35.2594083876675 11.4135851883105 17.1782315801332 38.2173556861194 60.7048902477184 77.2310082069949 90.238660356696 93.9506693388165 100.531372877515 116.618539433841 140.715657216001 171.517938497682 208.379138217547 248.364112400012
6.17105397160225 4.69637077068947 6.80745032924352 11.6811959952654 10.0196041894477 4.82285779287298 13.3881869382239 38.2289643487088 55.6559055439135 37.3426301708557 27.8558519105714 40.6030252709633 60.5743241638564 66.7596923108374 77.4859076490311 85.7416199938464 62.6696396911866 42.128847998329 33.8203711498711 32.855365975058 27.8056649084109 31.5999194472185 24.6526441599555 27.0605263377815 28.149409501643 27.1191700198943 43.7940387644919 60.4868349729441 55.3808902793527 43.949285894845 47.3734122343674 59.2430234267586 38.4774625830856 12.9961266627586 9.15961010046991 23.3313575411373 36.6101122349218 52.67158448723 78.3119140953464 108.713782262042 133.432830910068 150.879810065002 172.840642549449 201.792424928221 237.250476845971 271.744646265492
10.5745188508237 8.54803638348335 20.4010650044632 33.6623424562927 29.1456889521566 10.3317229631817 8.72901854475785 27.2747302343359 48.9548396140026 57.1356116255006 55.0664868188056 53.8400891610585 41.3601027468149 37.6255524464937 51.8958908389156 76.3583721300029 84.4536929232826 70.0641803555696 63.6993636738956 61.2698082997227 55.8893259904534 41.4157428564458 16.4198950018833 14.8105861209505 10.0845532483623 12.1532221134756 34.0641276236113 41.9011935009859 50.4327932800645 65.8575503880595 76.2476877798915 67.3663862875454 38.898631575546 13.8015247208957 12.9319660981071 15.9127131637484 15.0436360752376 38.761521071499 67.5015329960212 99.6433686288422 135.419660796615 173.617231871476 207.989498447007 238.719049327025 265.222401419595 253.966560380787
26.2404099038802 20.2116062923067 16.0848807177105 27.8736252507755 43.4139668642753 27.0337743914969 8.33058697671646 11.028553272129 27.6165767875307 38.9727787767221 46.0819622423111 34.767825831161 18.9637822376878 14.2135762638155 36.7185089875138 65.6971527844312 96.690915346811 102.719082908151 97.1421367834583 93.6271665714395 78.96380181297 53.351211393151 35.3067564012282 33.2361759475938 27.5982190191147 30.5337520692214 29.4418749153299 15.8763918633305 30.6394459702457 57.4339954650477 76.8622948903786 58.4863066450663 34.5127292372122 17.9845494882679 10.3919800675189 10.4091459671502 10.8026762926269 31.8393760064601 60.4958580239529 92.8827287800623 129.100679201652 169.511420325802 214.565468446668 251.492257276645 236.437833505209 215.571912715613
24.090811076436 18.3139866943393 6.12694695556874 23.3099162291575 41.489150725843 30.2026378529812 9.74643580945013 9.30119572899713 7.65353149150076 14.8510752343694 24.6890220938003 11.7321063497608 14.6329986714067 19.9963927145462 40.0983356877017 64.1913529872127 86.3813334600156 108.635106294334 125.12995480982 123.484697974152 99.3889977901811 76.8068068952244 63.7931458819356 61.407318217725 55.5751937176594 43.1729256735024 20.8177501187881 12.5215394372497 27.9046558593647 43.3010078539814 51.9839044885627 40.2100743668979 20.6827315234715 8.08580812161 13.8903519473322 24.7696128475754 23.9503862104599 39.0584733194706 65.1948259621452 96.0910709165294 129.848361201127 166.602146196569 206.810386526236 219.280611998911 193.641587942911 174.36713571296
25.9811385080925 9.16148875575493 6.12118174674703 9.86745536077913 22.5129418154649 35.0442544037436 19.9748350805201 20.9598456624458 16.6552542692273 4.7783675612074 6.37783371380726 4.83501773812182 15.8828564285063 35.481996489225 37.1045361480374 43.2500091903273 61.313782509179 84.6346643327337 101.1750764869 109.113410827721 116.164194019434 106.950321360025 96.711740287155 92.8429611515425 72.3041026690606 43.2833177355708 19.3646676621063 17.6512032342685 14.2104545753797 22.9112236165301 33.7412313178127 16.3364980493244 18.3647450065817 18.3832352486862 35.7496769130175 46.9579554341424 46.5258488059656 49.1411120810983 63.1726026114906 85.4020434847748 114.249161900228 148.476648694476 181.210506784402 183.57449956474 156.796784821607 135.914334535907
10.4851793178309 5.35863983539289 12.8765833877522 8.58123667360016 10.9310970901417 26.6897830141302 15.8633988425989 18.3959511944056 16.9003303249774 5.23540607817935 11.3745964218413 15.7108469209309 19.2512189457216 16.876890553749 13.531509028278 20.5123941343149 40.7621148879206 60.3445184241754 67.8795026865407 76.5260059086222 93.9827805446367 111.837843886533 114.98131244624 112.522214776826 84.4853726679381 58.8458969309845 42.5344418927201 35.1211351423191 19.0051050830796 25.5813171379736 34.4604280006196 16.9525051752888 26.3657716775312 42.8705041738926 56.962002135073 53.4917690823427 31.261559444546 24.8561833801243 41.6915050135108 68.4302324531118 99.3714116145197 126.024892543313 144.02571396838 151.019809558696 126.16309649781 102.866757342209
13.0584684804115 11.2473500752544 11.5859853609741 22.7220457686106 19.2487331479353 10.5853631066344 15.1463607203549 29.0706867443107 12.0554537077005 12.8200573227206 8.23118413451772 21.1374335309601 29.1867106227282 14.8396407237949 13.7730322845443 10.5067133790976 21.1231058091931 37.0519212506809 37.7981031740429 48.864764068901 70.08351851835 79.1406460098993 84.070067996466 99.1758365029029 103.253545148859 84.4807872414344 71.9165247337885 57.626237175214 45.4061803835732 48.8332560285203 53.6069675719989 42.9323324962168 48.1165948860882 66.7413076076879 74.9639623561342 48.7120774905366 21.8433302542404 12.4272196322469 34.6475560022291 60.6643690536753 77.9132440224656 95.3501953460863 107.741769589504 121.834717478091 102.627277102074 76.0116053338767
