IBR/IBR_outputs/all.combrep_1/single.surface/EucDistWater_Total.asc
NCOLS 160 
NROWS 95 
XLLCORNER 210004.651214014 
YLLCORNER 7350008.22228844 
CELLSIZE 4999.99999999997 
NODATA_value -9999 
[rows 0 to 20 of 95, columns 92 to 137 of 160]
-9999 -9999 -9999 -9999 -9999 -9999 -9999 -9999 -9999 -9999 -9999 -9999 -9999 -9999 -9999 -9999 -9999 -9999 -9999 -9999 -9999 -9999 -9999 -9999 -9999 -9999 -9999 -9999 -9999 -9999 -9999 -9999 -9999 -9999 -9999 -9999 -9999 -9999 -9999 -9999 -9999 -9999 -9999 -9999 -9999 -9999
-9999 -9999 -9999 -9999 -9999 -9999 -9999 -9999 -9999 -9999 -9999 -9999 -9999 -9999 -9999 -9999 -9999 -9999 -9999 -9999 -9999 -9999 -9999 -9999 -9999 -9999 -9999 -9999 -9999 -9999 -9999 -9999 -9999 -9999 -9999 -9999 -9999 -9999 -9999 -9999 -9999 -9999 -9999 -9999 -9999 -9999
-9999 -9999 -9999 -9999 -9999 -9999 -9999 -9999 -9999 -9999 -9999 -9999 -9999 -9999 -9999 -9999 -9999 -9999 -9999 -9999 -9999 -9999 -9999 -9999 -9999 -9999 -9999 -9999 -9999 -9999 -9999 -9999 -9999 -9999 -9999 -9999 -9999 -9999 -9999 -9999 -9999 -9999 -9999 -9999 -9999 -9999
-9999 -9999 -9999 -9999 -9999 -9999 -9999 -9999 -9999 -9999 -9999 -9999 -9999 -9999 -9999 -9999 -9999 -9999 -9999 -9999 -9999 -9999 -9999 -9999 -9999 -9999 -9999 -9999 -9999 -9999 -9999 -9999 -9999 -9999 -9999 -9999 -9999 -9999 -9999 -9999 -9999 -9999 -9999 -9999 -9999 -9999
-9999 -9999 -9999 -9999 -9999 -9999 -9999 -9999 -9999 -9999 -9999 -9999 -9999 -9999 -9999 -9999 -9999 -9999 -9999 -9999 -9999 -9999 -9999 -9999 -9999 -9999 -9999 -9999 -9999 -9999 -9999 -9999 -9999 -9999 -9999 -9999 -9999 -9999 -9999 -9999 -9999 -9999 -9999 -9999 -9999 -9999
-9999 -9999 -9999 -9999 -9999 -9999 -9999 -9999 -9999 -9999 -9999 -9999 -9999 -9999 -9999 -9999 -9999 -9999 -9999 -9999 -9999 -9999 -9999 -9999 -9999 -9999 -9999 -9999 -9999 -9999 -9999 -9999 -9999 -9999 -9999 -9999 -9999 -9999 -9999 -9999 -9999 -9999 -9999 -9999 -9999 -9999
-9999 -9999 -9999 -9999 -9999 -9999 -9999 -9999 -9999 1.70380620234468 4.37078368603849 4.47526965310593 10.3100091511402 -9999 -9999 -9999 -9999 -9999 -9999 -9999 -9999 -9999 -9999 -9999 -9999 -9999 56.9017245604335 38.3860805524793 14.2695407002858 5.94927112870013 12.3658361307067 36.8172962877775 66.5201579557738 83.4819762678484 59.4779543008812 40.7914316104894 37.9550106430436 50.7989651155505 76.3932202308596 107.896613052663 144.176815075877 172.507150099216 157.781937557088 144.938023091439 140.682594842711 145.320852795109
-9999 -9999 -9999 -9999 -9999 -9999 -9999 -9999 -9999 2.47430869812962 4.76181574903222 1 5.87632097950646 8.73454983297557 8.45557797284317 3.70995203052507 16.9172708798785 9.68074895657318 -9999 -9999 -9999 -9999 12.0888646349795 12.4230354779655 12.7103356611522 31.7853190926152 57.2647720537598 49.2967651311498 31.2178965433118 26.2239467285843 29.3945027366325 46.5056007324652 73.151540687066 77.4899369222119 48.0678395051957 23.472404144789 18.6433181822829 40.0889041182738 68.8660028963105 101.84513351083 138.922853347796 178.584197056708 185.65063600974 173.819409582252 169.827738703959 174.17017425117
-9999 -9999 -9999 -9999 -9999 -9999 -9999 1.23095103520336 3.08616653284449 8.31226378767667 15.445098892565 5.17548132939197 5.73256235841939 23.8298214110516 23.3534355494827 15.3817403743813 24.809074996605 11.9235600226572 6.7254370533368 -9999 -9999 14.5488003484839 5.26632343669334 8.33511667278373 22.1484075151239 43.4037316498352 69.0666494297648 72.037853417583 58.9240381231688 55.2529375119284 56.2592223443307 63.8112525770375 79.1450224220651 76.9218535197821 47.7528327074886 22.8936762041222 17.9345601551786 39.7075506604869 68.5996241600654 101.629844768887 138.729428074461 180.21518896788 218.975013301133 219.288054357059 215.556606470577 219.611936453943
-9999 -9999 -9999 -9999 -9999 -9999 -9999 9.53656683027054 13.1004606761168 22.8228972501703 17.3134610883836 5.8537508413186 5.67495065121219 17.216436562161 38.9558306260199 41.9551364689066 44.4030351773188 30.3134103956801 16.7236260635031 6.00975787480243 14.2806435245138 28.0847884215897 22.9870061786872 15.4297450481981 15.4610452936645 40.8792220121745 71.0319240046563 95.8715936512359 86.2340293885777 67.52183571019 49.4157899032829 43.7953092221654 54.9970630162341 74.0935411833511 63.0096915382071 45.1738588506486 42.5034258638259 56.6123386608764 81.0599419936606 111.794874638201 147.599870207624 188.313900655058 234.119952175608 266.828929345646 266.599799999156 270.487181102076
-9999 -9999 -9999 -9999 -9999 -9999 19.7171050282466 24.3377500931711 22.5216860424971 22.3390875515549 14.8161435747579 6.13280997448322 5.3321274703107 17.628671886387 43.55529049939 67.7851915451795 64.0628131405381 39.1044433625999 14.0924819829075 7.97078432021314 17.4419715815408 38.36439893558 47.7029990228251 32.1101113571322 31.5725223223534 50.3430278689705 77.7716077611249 105.089069767168 84.2113851329304 53.4562940193626 27.7537280399749 17.697676592593 35.9315347451253 63.6761898460153 83.616736835639 74.5098000755589 72.646830350312 83.0154916974871 103.320384235822 131.086462789426 164.936516175509 204.337686475906 249.232743798075 298.759447389421 322.872303007119 327.368009947544
-9999 -9999 -9999 -9999 -9999 8.55944408008116 7.2935113420076 8.41355753149671 6.79150966369903 11.3306742575859 15.086064805475 7.08345889965298 12.5236177614922 32.814034985716 53.2276753245211 76.3740494115516 66.3239922350579 37.3638575195235 15.1592727792649 20.4383266296999 40.0309924927236 55.8903171010673 70.2102352724202 59.6288779461586 59.2867295589408 72.5322704513013 95.573175127798 112.824355171118 83.538748244768 52.5463431726635 26.2153219267424 15.4399306845203 34.6644531372065 61.6012960166343 88.1349696919017 96.0704233520975 91.7571999280469 97.6243772705836 113.102524007534 136.538911498174 166.615051118343 202.666501682244 244.530361879636 292.329063013232 344.992845055973 384.433861273478
-9999 -9999 -9999 -9999 4.46522414432334 4.25477654123588 9.06174355908149 5.15065928118176 3.09010255904099 4.00782805985386 6.63841928452734 5.26129767939156 14.2693551456937 30.6531628312833 39.610819311656 61.1330617728254 72.8694074230102 52.5527178619062 38.6554098961712 41.7553695949052 60.4133547102437 81.7960330744619 97.3802069354089 91.7242424481987 91.4739464222718 101.950140037091 121.641941002288 126.447359670111 94.3527454025852 66.501501588585 46.3422196013735 36.4796321764792 35.9090920593362 46.4918106070128 68.1132320707046 71.2198074029887 63.2953902878028 68.7450310952744 85.9009417290478 111.422737141431 143.277493818136 180.660657327687 223.43966956405 271.837234500942 326.253534051567 387.215209535862
-9999 -9999 5.80067045054309 3.67230975326495 2.70523087005688 9.65593787104063 14.2720053907557 4.27534048109879 11.2052782776574 9.77415710888286 9.05480870695669 4.85556995268993 10.4915436682351 10.8849243358096 22.2158715834045 45.4545599911866 55.020439906999 45.5395473969327 40.1830306990214 51.8063896665878 73.9472311369584 98.5070912668398 98.3934400866387 95.3525855269776 102.059389252572 117.723038097045 138.619052010206 133.137722734914 112.189348702444 85.8395957049243 57.5152347280635 30.1112266391844 13.181197151679 28.3587375976647 53.4331605376688 45.5297636086225 33.840630465795 41.9928213610938 64.1257745284778 93.2447594593021 127.371853182017 166.179013076611 209.847124615048 258.773733865483 313.46773380046 374.535376173472
4.27420240328169 4.35334595923484 4.79973366203515 7.03251169583061 4.26414329122665 8.18256305092453 17.6833422073531 17.6382224419668 33.7566859868083 31.6843875804659 19.3932765822623 9.05575512474252 5.09030915823226 4.67732724532425 12.1429368863263 23.2849926597281 30.3539045559437 24.0287788463306 15.5570584844492 35.8016405214 64.2557030550507 80.5955376541606 66.6978738934727 62.6952182659541 72.145412281671 92.3025000907166 112.94461362213 101.983956703832 94.4948131072093 86.8386503729112 58.9778121144813 31.1564554930014 13.7095131275096 27.9964608606001 49.2656767386397 30.9179569909008 11.7663747243166 25.8971765660967 53.5143713771474 85.0955803676975 120.491100311991 160.020417017567 204.118210784031 253.292981457054 308.116210231897 369.229472213783
7.48101711835423 8.0916327970082 19.4884014008878 24.3076626379993 16.8527325862855 19.9581617696439 32.7463270003879 30.7596390531934 43.7442857998417 52.9913311317607 34.4298130553078 12.3591318197516 13.8411643476882 12.371993446873 4.81858785763984 5.42039492047505 14.3648899503644 20.5890896930985 17.3119617100023 37.197120557906 64.1034134782688 60.7013467816927 39.541339305145 33.4448128278734 47.1604739413271 72.028390199123 88.5775260961348 71.0014539485301 61.576145396374 65.629704848903 66.9292516238473 43.5775563689901 24.7706253048504 25.601965051628 44.7250587693539 37.4043053266578 22.829314481479 33.2062656573057 57.9848600224141 88.4483036873061 123.286851977035 162.502929251152 206.415112279233 255.475354603203 310.233567075872 368.025567943384
15.6429718946255 14.8206109218837 14.3296244242087 29.2709275373322 31.0998660169489 39.9532025617961 26.6226190415506 11.3448771212097 29.2094165955388 49.910729223897 29.3996558372179 8.40000035387925 16.0422617694526 14.8274512670964 15.523684990524 10.369913887189 3.59133380908838 11.7029701567364 23.1624559917682 40.5043860315721 52.459711741077 46.8713025068884 22.9856349073892 12.126374153675 33.707151285099 62.713551588984 70.7007380288033 46.248806863926 32.4471164657754 38.8371759956707 54.2217608550508 42.3994473621534 17.3439690329973 15.9204929606033 40.8032785847307 57.190296803707 50.4792363395478 56.7275477554228 75.6544303373034 102.649171989698 135.483097192322 173.496730576701 216.673849036575 264.056143748816 303.612707906846 329.142322473109
11.3034629071655 13.2913547685695 25.5724302665709 13.8416459288964 18.3466544039398 42.3080118763127 29.5911343769471 11.0230429582344 26.4370838573724 51.0762978895182 39.3390436257594 21.2565878848283 11.5014557446127 17.963571222266 18.4536752605895 27.6934047719325 11.8808322143887 4.14834498015315 6.67553602278028 19.7528572758043 25.5795456346008 29.5461900192808 29.0973255173459 23.9464375367876 40.3785438099477 66.8834682243493 62.3425903329197 33.3396859769605 11.7249235719045 21.6053898850207 28.2923592746258 36.2975805153384 35.4925070028899 35.3649497185235 50.5109274309635 54.0716806184399 56.5566092008318 70.9120050095096 93.3724294164023 121.574031497209 154.495853206596 186.831295484462 214.94917240245 239.641515673913 255.930758960227 276.676719610217
12.5572037597715 26.9386855808526 35.8285927103407 27.6312423450912 30.4620022690743 50.8463074477279 45.1787413913522 33.9173113081578 42.5479427955989 62.5217676794648 57.3097080972699 32.1074194229784 9.97319396519248 10.1789594192887 10.1533367643745 32.8307028028852 30.3277597075401 11.2065744712128 6.00142801765998 4.59343463688634 9.27953225683981 10.0383722290049 18.9708970099205 36.355033313409 50.5017950275175 64.6883414864129 64.1577024467612 40.7470158318066 24.709906479086 20.1390071424267 7.67191447303875 18.0143138132329 28.0353679622237 29.9333307122756 39.2939400974819 26.9500486472987 31.0798371143694 52.9680875782549 81.8009789380959 113.788865621575 143.255187584873 157.876271835037 176.550972516939 194.51868244651 209.020023542772 230.481257537858
25.813186306897 14.2285634927909 22.7103403630936 43.1544009308499 53.1909309575134 71.217096548532 71.1613901707947 63.054400536307 58.3286017371117 48.8827334703653 49.3771302471706 43.803535724292 19.3012015053687 9.01825060774152 7.38161288299133 25.4841039253816 40.7300478216457 24.7973887863252 11.5570708030676 4.91856855180387 4.21144576521579 6.16349356820771 6.30184425446481 15.718978118493 27.1868410989046 37.29525497802 45.6550297060009 45.4853678125364 44.6199391466027 33.5281587160812 19.0238056742371 9.3863896675723 13.47843730503 11.7252261735314 20.0672380758088 12.9867468826231 18.975946497019 42.0351689524304 67.8552551542379 96.0312529080293 109.110111113933 121.223922387247 140.177416818827 152.504326458833 167.739187867734 189.822168865212
39.0881109113689 20.8752896170043 21.395983451028 24.3954658493097 43.7972637841292 71.7000378376857 93.3613691527204 72.4403502097291 44.0944214161513 23.0247071657367 24.9198244925832 43.5763788423437 28.7784547099604 7.61502799625723 8.81673255924878 22.5858330297073 40.5673308837801 19.762705895872 6.97606711364244 9.27365166593506 3.37135964777599 16.6883707205892 18.3609523763212 5.64359922524167 6.15902384065751 12.394783250152 18.0909057919192 19.2555897265034 25.5900488756962 29.9776015225307 25.9853206977727 24.2069308289285 10.8116000510391 11.0747288106319 16.2118035116077 10.5813146438335 11.1714963661259 29.5958721279925 57.5532860827067 71.783981424558 75.4704988329597 89.8869225070315 105.379582760047 115.121399855837 131.769372352434 154.303406821205
