IBR/IBR_outputs/all.combrep_1/single.surface/EucDistWater_Total.asc
NCOLS 160 
NROWS 95 
XLLCORNER 210004.651214014 
YLLCORNER 7350008.22228844 
CELLSIZE 4999.99999999997 
NODATA_value -9999 
[rows 21 to 41 of 95, columns 92 to 137 of 160]
40.6864548522425 21.5836462113015 16.2124859474503 14.4336911369415 38.3457211630302 67.8871618662483 93.6513904964934 70.2809094795529 40.5962796647729 16.4688890365539 18.8749674265324 39.8590553942923 28.8655124160777 10.3518898256726 7.7698588727595 21.844388964375 43.3071506080681 28.9862833600008 16.6541117794282 5.55269409660517 3.4228849703442 17.283441588921 34.7141095702247 23.9108277423817 11.9886586140607 9.84490186548115 8.52036016327781 7.34277957743336 6.68069541525404 7.32934096182908 6.85188588452672 19.7886670978132 19.5101791777564 5.56816594757069 11.8231310834203 5.94954227906391 14.4899221150685 34.1884408629821 48.705615201529 42.1214010286637 46.3687813662605 62.8193785576679 72.0326454346305 82.5261649935418 100.51933373147 124.173982565205
32.7457178193207 14.6349236813076 10.9189947023602 14.6781661332427 36.0617363934268 63.951148291921 93.581932154094 80.6384222165198 54.8035240157775 38.5936979243908 39.5831405648293 34.8740326324079 13.5574706902492 10.2850467777899 9.05992829682859 24.6837024623057 51.5896509008134 53.5875510416316 34.863333023383 12.5809998840722 4.2314212636077 10.2643086848754 30.19426982276 43.707535264496 36.0499187748085 31.528109726285 30.4260584166578 30.9407652110204 24.8284997852317 19.702155704309 13.7737257177504 6.28228573937309 9.54406224345877 7.30987100826715 8.40550390277969 14.6625573472168 13.3395116410511 21.1278732876541 24.9452405536309 16.645015995122 24.0803065751899 36.1602959547965 42.0664820960192 54.6352451666124 74.4301193517839 96.5171469633186
21.2537037701288 25.8044173074442 17.1311361345111 15.0045431946838 34.7454440979932 63.008361275975 95.3518047782536 100.705746738671 77.4646303530006 60.9420966599532 51.4740252222313 38.0777933471321 21.1534167998195 22.3447171496936 10.0129320275414 25.7511392669928 53.7687092498049 66.4713160777639 48.8606584483101 28.8408443994959 8.41086151378397 4.74530690793043 15.3795046922341 33.8685681628299 42.0352603306485 20.6123956719197 19.2183674354705 30.7219222422998 36.7227380877799 39.8165678073933 33.8266931931688 14.7561111488674 10.4246831016289 8.07822765860507 6.48012300538505 6.23546619148456 7.59457995337928 6.48541797115783 6.58095239287891 5.32922054516803 7.99065346071774 10.3062655706871 16.2391269609655 31.8045461455681 53.0570418117749 66.9043897559752
7.31382612832633 10.5791171879399 23.3294292613758 38.1867854612249 51.0285738027234 74.1721154436552 100.562774174722 102.111859718006 71.9339205862565 46.1260730292344 27.7672553105986 26.8327483112961 18.8607606234197 17.8506413753531 7.13535531190115 25.3916335685958 50.4813454310241 43.9480779826018 37.5027388698412 34.0672611193069 12.3508040615546 7.57901697870727 7.0460721995465 17.4468767011219 31.4195510689941 21.2270450829586 16.4922880835877 9.98804255830584 14.7465455108376 26.3469857470043 37.970013319947 14.4315257148658 8.05781629791426 15.0979193780308 12.0204045428799 14.3522560294243 28.4439087789038 25.8810282972583 20.6238800366002 10.4862310045136 8.00654550319084 6.02535638883401 6.42356485518718 15.836405068825 29.4864960702955 39.6132557003193
25.0085112224553 18.6859578998517 25.3125533447499 31.1928525748386 42.615775161054 64.9509562039513 76.2808482416821 83.3205098503632 63.4206169401884 34.3668437222972 11.0872053520431 14.9728427394561 9.38722146014604 12.0022950016353 7.35110298519083 23.6320356883814 44.1547182934284 25.1202557726822 13.4770993431274 24.3780697071895 8.09027822287828 11.3658682267696 13.2164557205502 9.28004789632405 11.2694837573744 27.9737033243531 31.9670653552137 19.5229590765634 7.12058901734369 21.190847657716 34.0133735841159 16.6094981469152 8.11797967172029 18.9085933520797 8.26387413161291 12.8641791992593 33.7781386487497 26.5573966153114 22.6788328309673 32.0570092815549 25.959721310378 11.9040754828168 7.48823002709167 6.16541007529901 9.07542545456295 16.1597918284803
38.7693964343245 43.1811217022783 26.8092899337718 10.4207343476542 26.5896653337117 41.27643367105 46.1137110824048 54.4874175887084 56.5306480279546 41.8224850554058 25.6299619800518 23.1030346272518 9.10002319780247 11.66799954699 9.07080130156626 23.845601116208 44.1421035277841 24.233564758596 7.33338775022096 16.2407126130777 8.4413041607682 24.0006620409922 21.7875735210274 6.17768536984102 10.5178499161327 24.7137764241515 45.4584700651967 28.0281586845192 12.8922072220385 10.4079964147026 21.1261173917198 13.0504472807606 7.68031497721643 8.94966117670285 10.2281050740586 9.25872216726 23.9684555843012 18.8430153430106 14.4324195413625 37.1503659097759 46.9985902039531 26.2720360840287 7.42854698685679 7.190605304705 14.6759908150022 6.78963199296163
27.3815412594989 47.4034768732677 33.7352406328916 12.843247480816 14.0863645547525 15.0649085662951 20.8558387541275 26.6670969574724 34.44911275872 36.2377404958165 35.3817848238218 37.4527751255941 28.6978246410664 21.4366246170143 6.19119172695116 22.4486098739133 32.2291922585512 23.7672367258467 16.1208826100813 21.044505711876 5.86075225730607 10.7095294889562 13.3857262272394 9.02957919164172 7.01277181499884 24.2426335238201 46.2418399078163 47.1188024327582 36.8534231657866 26.1207882063637 13.5504585055598 12.2981453555382 7.08970115213546 7.29270932358298 12.7447045629613 7.53279882687738 10.2340881919796 18.7258195577843 8.98987365734089 28.2041598498019 51.5935548187388 35.1054044682372 9.76305124609868 7.47445164421674 15.8290723415585 20.2397816222697
12.5238235623124 31.2734403922591 38.9011630197294 24.9296586092672 10.3341925135125 8.91133474374504 8.12040423461559 11.0047657931859 17.1272888667805 14.4300518048015 17.1968922693382 41.2915741245093 45.1448832163168 19.9850398046709 5.87138999906153 7.87625007792928 11.058616723669 10.4323535183332 13.2123150277614 14.0664533047698 5.51415416467515 7.11302868450363 11.2611473704739 9.41921041161527 7.97875196100196 10.402263845154 32.3530868281207 58.7079516963753 58.3917047063607 44.2536796131328 29.6743736679795 24.2540405891478 8.32599621704205 7.31706557451301 8.52116828203395 8.97853259827218 20.4558424617129 29.1210454187081 20.1949628043212 33.2837147646022 45.821363136205 29.2826103659127 9.17200010938717 11.8101369934526 21.4373679223773 33.6003388349574
5.70246827121855 10.9186073251342 18.490477897995 25.4985495507381 12.2077733427315 16.9838012367016 13.8124858250976 11.667250187964 10.4073479839732 10.5289542252085 18.8976859412577 26.2460125191951 39.0287402231004 20.2671600564431 7.81085908635973 11.5260445895815 6.26416810462541 10.5327170856964 12.6912963724063 8.44090273604317 9.92935620311627 5.41823283936435 11.7107283173772 8.15960721467695 12.1526323085522 8.83382142131867 26.9800014129299 47.3147080614999 44.2872305461412 28.1753129051103 22.9514749222813 21.6750120422777 14.4192698708561 17.8051698476687 7.52677664431215 6.53226321805593 16.3572677895113 31.5033208073521 34.73913855799 37.5632245339678 22.9854200667299 15.476413992725 8.01070188928915 14.8033076283151 24.4302937779327 36.4171925470807
22.4075932058615 9.01606018171071 7.78216247627856 9.36412228937789 25.1798004533066 32.2429199245561 34.2473302133509 24.7732833586012 29.3579170839788 27.7623974126925 13.1736291368477 12.2711401717168 25.560569087857 14.212271290757 17.9408823192051 30.2572824144638 14.7848039346056 5.94191992477735 6.36870354127484 17.0616046563995 11.1002912117039 7.15460455152427 8.7477394411128 8.38267597440972 21.9554572326368 11.3043096994267 17.6609817851944 24.2807248654648 30.3686275691706 12.0769933912398 8.02246666987429 12.1636092618424 9.52635087269039 11.9746465769494 7.02748969443579 9.10730372766997 5.87364183748298 11.7566064102978 13.8839356005978 19.1768309721924 9.57789869605304 5.66804738991667 16.5603270899659 17.9093627778774 16.1256179283948 36.6948877354951
40.9841410650868 19.2775388612487 11.7006787119766 18.8503600401262 20.9583211506957 16.2224543744123 34.3314806135601 40.6959530904102 36.0795098905454 21.5562411982534 7.28631004853261 18.3284441181341 10.8196261088374 5.59388271759093 14.2393023145564 24.2878916346232 15.2063724056531 5.67493584506951 5.70427175762492 6.53055668428127 11.0034391473621 7.48288607406221 7.98076634425044 8.24650306416817 24.7455581735964 10.9246174217251 11.2900574513593 10.731894714275 13.8058237844603 16.8014831331336 11.0532572136601 10.7572208641109 10.7389963791357 15.0584851517526 7.94605259506653 15.3575192322259 12.8144455186958 6.82267166603447 10.515549758111 7.08139887514687 4.52815197037637 11.1937151806305 30.9575585902454 25.1383937853588 23.4916667948403 36.3005118177043
27.902992394749 27.9097085310005 16.811889674752 10.2758968762821 19.4819174759126 13.32561624903 12.3960872229945 22.4381135765775 14.6823719752585 11.5172602172806 7.00139415908134 12.1279379185332 13.2515920688296 7.28494833828753 5.35543285809231 8.39295148112106 17.4035340674377 6.82703701091128 9.83083348243781 7.37937185795445 10.893092297781 5.84435174242498 8.68402237475243 12.5753073014279 23.6104966895479 8.4555292744584 9.57797711249904 8.96105777768895 6.92912053933816 7.60066920320114 6.87167412665008 12.1955523637644 15.3420141454776 14.7155585348538 9.15146505122712 21.0484979536891 16.6493557711859 11.3793614136729 26.0227433830519 12.923306532482 8.34908071943059 17.0802473203732 40.8486077881581 47.9008650034413 47.4646183215173 33.9328318508222
10.1026235381338 22.7445970535454 28.3163753873365 9.06428620174526 14.1769194575311 11.8310933071949 11.50441441761 17.3100619059134 6.61465678214222 6.3117549687978 5.80980913446734 12.5579737167557 13.7104119261701 8.92788310198284 10.2069027450314 10.1214855896866 13.2156008208667 15.7017170300011 6.28058042439216 8.26513800867625 12.6090530883294 7.96655824130448 6.11799848822099 15.5291405759243 11.4370748524873 7.5408846164687 9.88047442569567 11.2330153357755 11.3752563592776 13.918123601718 14.9384618750551 10.7675747777882 8.2004095856793 10.971793717359 18.4016657106985 24.5113803323585 29.211906980988 25.8051764347984 14.418427312569 7.62909526999084 12.529141415539 12.8563935150873 31.2870020624156 35.0030572603341 44.3801767713148 30.8079350641196
26.1482197729927 23.5805073984285 26.7270843151932 12.9574528771456 7.0647461799314 14.2432343303329 9.17181912350554 17.274498397556 15.6240908659212 11.0137483025137 17.8413123576281 10.9010056741989 9.57362535294482 6.96724095553557 7.14130530199816 14.470036262449 13.4710945500617 9.56544712341426 7.08110529676051 17.9511064865688 17.2299622683572 6.7086691611191 7.98564193390257 25.5349780772436 22.6727055796502 21.708247230143 19.2567470951462 23.9174780680478 10.3452359488679 12.9851532858349 22.8465896116988 12.2110719601874 14.3021570285912 10.0709583777141 16.5343120842005 11.3823021276977 24.140550280352 26.9251809838403 8.2399135371987 10.3514033033517 24.8260201685018 22.4600488559028 21.3255690886144 11.8499942076727 22.2762262150048 35.4870998715959
29.3431787496279 13.13047654506 14.1515045123747 14.0872519813477 6.21006979469513 16.6143955141462 10.4237129057962 21.3215328439949 11.5220154268139 12.9853365743807 20.0717610368804 12.9468223436966 6.25423221090227 9.559402555091 10.7602786954626 21.2179079944252 22.6834502240043 17.2000644830034 17.5575657752028 15.8540326041744 8.35345725324191 4.9944569860464 9.21742070286902 26.5077787025117 16.2518692403756 13.7894849438464 9.08996831150682 14.2004923110946 13.7168670338914 9.5924049287438 12.8629464489975 16.9285699846585 31.6198462122867 23.7109960213358 26.3358541040938 20.1251424603103 9.69387506940453 15.2815471553601 6.49129748715157 18.5825765085044 19.6000017284034 34.4935996457376 24.0849313785111 9.06046035499998 17.4473849824556 17.7291998944812
34.2694057230019 20.2666563727583 14.2376466135615 21.6567301075079 9.69067098512622 8.78309187630711 11.9289151615163 18.2332490841142 16.222335684888 12.2868639508212 13.0831079809189 10.5435688711304 11.1463557062826 11.3839671999241 7.68023408203035 10.9075768040113 14.8118250898339 5.92336383603859 11.1101045025908 6.3945195605049 12.9385503778921 6.79264966333611 5.63386262617649 12.560790560791 22.4014276630138 20.9289468729356 9.8944333309887 12.0070409218512 15.9687866481362 6.15738187110335 13.072820734331 28.2065727110017 32.7100818482116 29.7426770600524 14.3651037431771 11.6804643168566 13.1819716733728 5.52077910204591 10.4322886684894 21.583342910599 13.8823794515997 32.1338120397717 26.3744554014474 11.6152501983653 19.3171925910623 6.1359952908972
53.3277830654622 40.3430213930639 34.405024637481 19.8562455982989 13.2968350518185 11.2768764331734 9.26256126958185 11.2288597502187 27.6562686968927 21.3817658927473 20.5611895163495 23.8742008821112 15.4656738054679 10.8213042559295 8.36294012799314 6.29059662324539 7.50690902232455 8.10371709261989 11.5138257477464 15.307259226943 6.94481507459687 11.3613209442594 9.74637679804937 10.7027577420932 13.6268470211412 25.6605034986041 24.0515899555552 18.4349140925738 16.2239147763701 14.03231061389 27.9940256444332 35.1775953524738 13.5963540241257 17.2290075031576 8.28803370638934 3.95835875668973 4.97446746333293 7.77550385785557 8.09000892973913 25.8367560172912 22.8738288110006 18.8162166336734 21.0145199092574 13.8338896512203 13.2743424760486 11.3377907515971
77.9462959500979 65.0945601041863 48.0177557237807 26.495316574135 22.8481191693639 26.6251029880525 11.537415167492 11.4296860298923 32.1435882780839 39.5782372401291 20.4815146490012 8.50235932276331 5.10166843171615 10.7204915196482 13.8947190454574 9.32651335096173 9.8038251205771 8.21991467368116 12.2263870252883 19.169639695897 7.85589745663577 13.935212403599 7.30683668269506 16.3746183622299 10.6235692445202 12.1175485235837 32.5253602143334 23.3862347805592 11.2216631408699 19.0516582411439 22.1221412059061 37.658849658035 25.8807250910924 22.4632752629285 7.48248256239648 8.99540734701904 18.492508037933 15.3486148045394 15.4039916201296 29.8064831649324 16.85244414362 6.3138681875505 8.42300725945006 9.46217886860276 7.42815848760128 11.4213225095882
73.6289576920246 55.6732090934259 34.8760753349946 30.263564052196 41.7835517575165 34.0677376577731 12.6579876318777 17.7982318164632 18.2148950765456 33.8308590720897 22.9398037858102 11.817519940676 9.63120595313305 11.4651615610507 12.571561452947 10.7408113883457 22.9414983339942 18.1774538026736 9.97473225836191 20.8691463814035 15.8913940936937 8.52142683066373 5.35439570571688 7.05806582416847 15.6308922931515 20.8544976439091 36.2076035369324 20.8695276993626 12.6436870095009 14.4256134821428 17.8059866343303 27.9016724501041 26.7507773809069 14.1001775814048 8.88221514563961 8.71479931389018 10.5925895268749 9.79069664275434 14.1170108058863 14.376275002634 30.2730454949332 27.0278523614421 21.6862530888368 11.8334240118153 14.7102008394193 14.9382411552538
54.5590827322035 46.0301319418172 19.2176203568333 11.8010229356757 35.5500367855728 47.2715922126536 35.1473550413524 22.3427806381704 8.44053002972197 22.2905693110652 18.1722179191848 10.1524877966588 9.12026699798628 17.4922800113373 16.087142283353 13.8174416043777 13.1181890549218 27.8251193045034 16.8651915673433 21.2000100777531 32.4976993002031 23.8914421757856 8.61303845898908 12.3065233090682 6.32218391501857 19.6755729445975 35.9280048403749 26.8601874134454 15.3585939046185 6.40156456096034 12.4196272561079 8.1454861268812 8.67463897483736 7.40363523883011 10.7582895243863 7.49096640229325 11.1894086934472 15.137695271403 5.89948799054329 12.9146689129955 28.0495273201646 32.6803839076414 20.5090578604078 13.1034138287918 11.6581264252929 18.4873591463078
31.7326985239275 44.6870468467154 22.9579750361149 13.5700308740392 34.5420882501634 56.5366564543412 55.4921597248796 34.8028398647907 15.2625273600241 9.74219518741884 5.50540689956341 9.10906864375093 7.7823125090425 9.15516839293716 9.07666930279041 6.59871571085444 5.55420692128513 15.6186151163335 23.8399693848549 15.7136276669832 22.4961213623087 12.2895874809323 14.2265163514925 24.6860711798385 18.367672166123 7.42896345877801 15.5665071274785 19.0792098339592 24.0568588615787 22.4299280432128 17.1048707775344 8.20894636970829 15.8072841336743 17.4554696511441 7.63777233665976 6.93387555783056 21.2412036953123 14.9219058855339 5.91488454740445 10.4470534857859 25.3440308972206 20.9812082333442 6.55137836796527 9.07215842813036 17.0726580297752 21.6234675498102
