IBR/IBR_outputs/all.combrep_1/single.surface/EucDistWater_Total.asc
NCOLS 160 
NROWS 95 
XLLCORNER 210004.651214014 
YLLCORNER 7350008.22228844 
CELLSIZE 4999.99999999997 
NODATA_value -9999 
[rows 42 to 62 of 95, columns 46 to 91 of 160]
16.8791879884478 9.82515888843139 14.8754635752244 10.7165913990577 10.1272019085293 13.8037521523941 7.30367503701817 8.26717482394108 17.1666242590935 24.0842600307795 18.8898480891083 20.7928907004444 14.217391431653 5.52702228979282 9.86306935358306 33.5615322296634 58.4326255127357 61.9096680655782 57.74808780699 57.9203167709405 39.2885786106483 21.5631795233078 15.9475773180462 6.70529750955947 9.86385572606557 8.02305557879686 24.5333040974014 15.809813561695 9.3603116113276 16.2829381333808 10.9197252950107 23.9868431672691 14.5880254993025 7.21280274795404 9.69657519545166 18.8634746289732 12.2744257084434 6.12384768213886 10.7541933347983 14.978710692414 10.6915255040711 30.3925614414579 44.0554767748916 27.9071524291791 14.4600504097526 7.67512031864993
27.2819504785653 25.708026758534 18.9367706900962 9.30368707804107 21.2790061112595 12.8201514474863 19.2370150999847 25.6170339537345 36.112605984584 49.0590459055949 46.4601453172939 47.4302821066348 34.8880595127792 21.5913303927933 12.8292181260845 31.0980528617616 45.0262743349965 49.4793894641109 37.9357066739506 38.7871083955584 50.5900502529697 43.3655754696004 23.1186648655478 15.3818200828107 22.6157953282415 21.8059271628916 30.7114943454515 16.5333690959533 15.4077421479343 15.4237953749064 15.2447207132366 17.0692013691089 7.48949344377988 4.97532854125174 7.94407277470128 23.5829480977681 18.8122044477624 8.08387760786295 13.5040845098923 5.99546700657922 24.0911600796228 35.2828976069273 39.8454774325598 33.3778763303661 14.5129582567341 9.20172314004856
8.89509092530082 9.23166040598326 8.09903104218591 7.32844934816461 22.758204065299 34.3225171763217 38.7838925667203 45.3916652935233 57.6543542256014 53.8895566175319 41.0294156917953 44.4823848472639 53.9538445905766 44.6335854034734 36.6837467432638 28.378315742261 19.1267863156468 28.4836137745883 14.4254214042494 18.0240705660323 42.4736604865769 45.5642369759952 21.8157050650679 10.7867826082759 9.8296609981208 13.0260262972882 24.3296805505742 14.2680716237213 26.9549125300928 22.4960843024495 13.8460057519115 15.5634218681029 8.24216845193399 8.24205742104533 13.4940852550664 21.1976019306745 12.8587864409642 9.12110473599699 9.24968285770333 9.91892403118462 29.4952002278794 20.1687881765638 16.9046966676423 37.2095704271498 31.1530146808607 10.2739879125525
17.2400037236972 16.2813315577827 8.52201762159953 7.28948388310039 19.0256001187473 26.7644126715319 23.2296624919344 27.0849489920172 47.218475445128 37.9245635987423 16.4720504491476 23.1679609489787 48.6194717430183 68.0294660591442 52.0498515754397 25.8219717078242 11.2518155648579 13.0186707008969 19.0825410875869 23.4803583118894 28.9845639049789 30.1149699879178 31.8507727469114 31.4016772155447 24.647004891931 21.8888720831179 27.3147976364743 10.5146031223657 19.6041485010007 35.4223789895668 26.9507977599878 7.9175548917018 10.5784802571542 6.6540632264163 9.74652307101641 9.04563829152443 11.0101734350246 17.6413718717765 9.0354248822328 21.0982300689934 15.3655665366446 13.6174654228094 15.6225697404086 28.0658743507427 27.3295401735793 8.50083688669434
43.2005402331153 38.6812181744298 22.3052121326262 10.001961960963 7.08840452252554 6.88000054902398 8.17573960742499 17.9963245654482 30.0484436776864 31.1122188197928 18.9695844212992 25.1131587628641 49.3745777744119 67.4460548386857 55.4369752731935 43.0056728872304 29.9264246555745 25.4292840155192 34.06440467741 17.2493304324078 8.51293671751586 8.00367221863229 11.9567787842419 24.4511805908249 36.7890831477922 42.6871713266407 40.4954369007984 19.0527807108405 11.3191505410231 28.0146039569858 17.9316044113957 9.61143822692318 9.93369506719645 6.67132346100499 6.64658990985151 7.11059843014223 11.5953822122756 23.6661641866392 13.0822637453228 15.9852703333959 6.61242375222628 10.8803370777025 17.5982527516202 7.38882582369357 9.16515718663862 9.35323256340558
37.1696796515074 24.2416818478155 22.8338100879637 30.3721398061075 25.8752889080502 13.8837592876419 16.2915234928929 25.144498939578 12.1904779177378 18.2978997508918 30.388185824898 27.2466849405009 41.8780388681624 47.795627867356 31.1031171293855 33.9331641473419 48.0071176769983 52.4991073598197 41.6246105976089 20.4255685799992 19.4412121779365 22.2082644995934 13.3409074708874 7.67173339883416 15.2973747846048 24.5500971593466 30.1378678149279 21.4777984041113 11.9708391973658 17.7459516767921 24.9001894903789 24.754821821086 28.9203710779894 10.3041021367492 14.8721061990455 24.0815133848486 18.479078695794 13.1847105449028 11.1941434334167 4.3282378814053 13.3267723617402 22.3290588237473 15.6917674899731 6.37561100503646 8.77060860503659 16.1940182871274
23.690439671 9.87284769264977 11.1994821304891 31.1765944828546 46.9740259768179 31.3268717072568 9.68050481806083 18.5345574770581 15.561961594376 8.00060393121481 18.3413250900796 10.8198657533152 31.0224622605004 32.6692701053006 13.5032553683883 18.5875515411709 45.0068942837634 71.0387539293383 59.9073618265759 45.8199325364017 46.6728216720146 49.0051183302417 32.2597104862564 18.3275214720674 10.8626184302382 7.54874430749405 15.9796703939489 21.5117374366075 8.5745477657949 15.7938904554536 36.6139255225608 50.7967238405611 40.3826701434994 17.434179089136 9.06750491888963 22.5956655826632 17.1512617958164 13.0950740363414 8.54277806216837 5.17183644625803 14.0830373736235 10.9324788534919 9.67568423262637 7.02515775535218 12.5695957955068 16.7049138387202
30.4160577599811 25.8540202331411 11.3780566889542 24.016298077577 49.07514652866 36.4075729326046 10.758553064949 15.4378346277399 14.7004716519094 11.6687071364854 23.611581572385 24.966857461147 34.0027896486111 15.3498951091005 14.2673652416769 29.7145542478463 52.69429258904 80.6323188207455 82.3251728555354 70.0904086358799 69.6865984492262 71.2287571987237 55.2856260149897 44.3798282208068 31.9324243067516 27.5733874931765 30.298076225774 37.2249569248319 31.6468476439097 38.9442097449743 54.1681749826117 68.6924324122073 46.0369949322923 22.8888321910642 13.3723546820979 6.42383841760213 9.77313621908229 20.1416933839343 20.9204389426434 8.87733523160517 21.3847885377616 20.3972105398455 8.71484431602929 6.60848983136111 9.35117187664574 11.189311422567
47.1094621369746 39.1072055471641 23.2138128963824 26.4754720472822 43.9239093713436 36.5937378302777 18.2587310551685 8.83557740247431 9.00592753694878 17.9165079410463 8.40083115238957 16.4652304762034 31.8911199979929 19.5291707690382 14.714229035758 31.6773628368272 53.8494512267798 78.1520462269871 67.3337798237038 50.4007165502452 47.5843306508003 60.3391001007788 76.3003610234811 70.9418204345754 57.7671284899279 53.1715493026424 55.6669849747291 57.8959724057598 55.7142545121842 64.0205312916287 77.5787885674766 64.6106301222212 40.7914287681884 27.1360719341469 13.602640158927 18.3737218272191 30.7513211853205 43.0225708937799 34.7559138538513 13.8612740613137 23.4369602958461 34.7846335356194 17.2101539264021 12.7337313034359 10.0508042067853 9.68796653344299
33.1592048874994 30.7399156690514 19.0071616866536 11.850199426428 27.8488181010631 17.89136958738 12.2902537733339 15.0247223539126 8.80769274975577 11.5681240180418 9.03385391681348 17.4816147298533 20.7117650403975 11.1076798709464 14.4357554131892 16.4571257931908 41.6488867243508 64.6257533146352 49.7191057006486 26.1774058575267 21.2562099190204 41.0114596674849 68.6968597599742 67.771068146511 46.1856409099278 37.8462520095032 46.1812273822162 38.8923157702513 37.380473618244 53.6590455710401 75.2562348118059 56.3525003507688 28.0994323669433 10.5434069851326 25.4697127079928 40.1444948228317 55.7203596143828 62.4266088616831 50.4798549261604 37.5308687018847 42.3557527351493 40.2527242135017 20.9869688147561 16.0711699454655 12.7569334126021 14.5488067543682
16.5898282679698 13.6717436542516 17.9228192431456 14.3126674798235 15.8446499838331 12.5135019811165 19.1373605583376 24.544542940206 11.006136626274 11.350837369589 11.3283687110429 9.17429156553527 14.1291847143351 13.6280033148781 17.0749508457095 21.7830044598259 31.5084040418519 43.7147677322014 45.839625665704 21.1642760614671 15.3247298876526 37.843190975794 65.4481665330925 55.4120585543594 28.0781055414331 13.4038379079868 28.2106239863245 18.7175831558442 15.9081237422642 40.0093458392669 68.8427608441399 62.7108261252569 38.0085742573565 26.1827196200632 37.6223114244809 56.3008224718978 48.1097144079218 43.3161713288858 53.7627299529502 64.162061585353 60.9125283528434 35.1377876024378 11.5582272164994 10.3106264794914 14.9932708157568 9.09700875265347
17.2085463749947 16.2367220535966 30.9990143367871 19.9370279736382 9.44165730644167 10.9197694587148 11.767996906121 12.6076475538521 8.53549817707946 13.5897694558971 7.14860020731274 17.4289526838546 27.3474223536632 27.9364558275861 39.3145193788222 26.5146300421576 11.255025108527 29.1430388493462 51.4532730589734 41.576957219817 38.5481519494168 53.1421640963222 74.4447809632502 57.7175915189232 31.8360057004689 17.9485468313931 13.3392018826584 20.7572208760379 23.9686872514327 44.3096923064243 72.4778692767339 80.9634173398879 62.2050315832456 54.7353556818456 61.0307709568801 51.4751722532143 26.3083402766314 17.224475982197 36.0069409793185 63.7561084972414 68.6188163219192 43.0240182792377 27.5127317652176 29.2181847090644 32.5871728526748 28.1875954050535
18.4214475616389 10.8182405901309 25.2406145059637 38.9503658974734 25.4261476018091 15.2895250963943 18.8627273289077 6.90271229337887 12.8455130655833 16.7461356491274 16.3883799122426 13.2372915018661 36.7382304436486 53.4195254839934 54.1939665674125 35.0000959885433 23.4903777879027 36.6040608878631 61.7675697887944 70.1609784846082 68.3100166417249 78.8334463426921 92.6619018302137 73.7783000957905 53.0410170135046 32.8577982266182 17.6125185459651 23.4761592879211 24.0661183409187 42.1960086236181 69.5383395327833 96.6515111987428 92.808769853897 87.1201659355564 79.6903085532747 51.2459077694405 25.4320910184842 15.7623976336024 35.1310830928548 62.8796997010443 61.7445997305711 33.8052033028481 14.6167353883973 25.8489870619669 49.6491659190393 52.768255219464
26.4782423333473 27.3182086102157 36.6240647169856 48.1786847115854 24.5281639162812 11.0074746478116 21.7459403764605 6.15615472901209 13.9471815522436 30.0523770492864 15.862708374442 19.7210286732501 43.9526594498456 49.8703188056768 35.8717141803779 36.2999557339908 40.3641248484673 55.8131350465762 78.144916437916 85.6786381231387 81.4349246714588 82.8425992243052 82.304068370014 83.8299285606859 73.311092524048 53.4517326714661 41.0346502484084 20.9233914991963 13.3403440390499 36.1989832391029 65.4496198314549 98.4448119011113 124.058748717439 119.216097057727 93.1221937683706 65.8689383238195 46.5228988925098 41.135950612926 48.5703869307068 55.3159205171117 57.3665765469323 35.2380864945303 17.6935464793914 28.2462297863365 48.1976842424556 37.6624253913488
46.1986325243514 52.344790789389 58.3505958989475 59.7378898126018 38.233260021108 30.0873599867354 32.9221674482241 14.4634135606507 9.98008305812635 26.0794517711206 21.5005188223426 24.6469114392224 33.9356729997954 33.3022305291546 13.6398792599368 11.8969217113255 24.7293396022501 51.1844868208158 72.9876139053368 59.2886749112081 51.4445115010795 51.6297100765741 50.6263516820724 55.4822148076571 65.4764015684159 74.799695090246 58.7567698152353 38.7691877003354 34.6002443065443 49.5009506809211 74.8190288122349 105.951342278023 136.944053916799 118.747546126772 89.2272038265144 66.4279972486952 53.4408357582921 50.5529580554754 33.9126456350949 27.7738867483829 43.3701900851119 52.6549049514938 44.037009168891 49.8596263799502 46.1369684757619 20.2557552841289
47.5215654736492 36.5213647469449 43.7179400796634 62.3604956793404 55.9231458575637 47.2358363817128 45.9296588332095 32.2370546279474 19.1155271229079 31.3310193827112 44.6283407537671 29.6563488038723 11.686789991767 24.1542417567643 22.9206792635132 17.3894114578315 28.2120321987716 50.0302197604134 54.3611739725334 36.0372362970502 23.0979715959653 23.4514901226999 22.4318202456446 27.1580180649163 42.1162936755265 57.37423313631 68.714312322714 62.3592298564449 62.1557812238796 73.9749544864854 95.0605468569191 123.160464415722 137.693429140568 104.637260201591 72.3867924350847 45.0862192176463 26.7873471468521 29.4605677147006 20.0330335029408 9.88064842009862 33.1707953343014 60.5990328426703 69.8606038675992 70.8329251305204 51.9247893571766 29.4383427859574
32.0981532251601 12.7827130737763 25.7143897929738 50.1007858382366 39.3272702340859 23.6993849863033 24.4990408865304 29.218339683086 34.3070010654796 39.7669999987963 40.0662493084639 21.9473272434605 7.42912507494782 27.563365885077 40.4271784499315 42.6086609137121 47.4707949866205 36.175112696407 28.3171420981692 26.742411859257 9.50414611782506 10.1786707385574 5.92852258211488 10.8287561044198 23.2036452618844 32.2343751231377 48.4060644601698 44.1753671429631 52.0408519439374 72.6086154951919 100.596517235455 133.547551748609 137.382023822914 100.572072656614 67.2875143788288 37.6813638239049 13.5997548459343 18.7305250805487 19.4247397952529 6.45360046818359 27.0407478474304 43.6492343581864 50.9783437072344 52.536555875441 45.3393595886303 47.1690592956913
36.6427186131846 20.8149013659377 30.7938624921092 38.4252713955359 23.440542186151 6.80677087280111 5.67928457333156 8.56370711852003 11.6425998737017 16.1859962076423 14.6559049823088 11.9813425925578 18.6846611757659 25.9654492054833 19.729145765772 37.383526470552 48.9319034834721 23.7251933411134 10.8954529089894 29.7358442640544 31.6708625805597 30.2648389622925 25.5592184604561 25.5099389261003 10.1227073146505 20.8324847569384 31.1006794759294 17.4969786416476 31.0674666994235 57.5164792611945 88.729532145087 123.935497548338 138.667706632597 106.955955729134 74.425695399228 45.9815800770775 23.90366646095 19.6133213587421 10.6913364137238 10.8896763294184 21.4659987418209 17.971449555221 24.1338540413207 29.9510233922972 18.7011932942124 30.9688396500144
42.5250697647754 40.7590000869181 42.1219780400083 20.8486560106846 8.26497082217733 7.96710215075638 15.3136070237339 15.891440473867 6.93806186577061 6.99651739343844 9.73053967731781 15.8401365632121 31.051728624876 24.4629573710992 13.5013177396822 33.8643130895274 53.4358697652203 36.4463386959208 28.5782970098236 42.4786917073926 59.1688842278247 57.3143385331127 48.6450093832961 31.5445656646414 10.4501809751887 17.7122675380149 28.9045989860983 14.5282742099232 29.2786235676754 56.4146225952892 87.8634969575835 111.637876055201 113.462378436291 108.220548218381 77.508188971644 46.9590954052285 20.8074753071415 8.88070712752699 10.5412445263936 10.4985335675542 12.5578936716067 9.18037132853036 14.2967087208652 25.7150977005675 13.249266559711 12.26315558019
17.2744906232646 20.7512080657636 27.5216521642852 17.6474645185886 7.22589989045923 22.4389842812757 33.1674214060459 37.0679655336391 20.1404610391392 20.4295219296135 32.9379208904815 42.6739296165601 51.5135354878193 43.7127620462904 37.7347397784369 50.0795776453359 70.0479726053447 62.2960502424176 57.3305848988435 66.5160999542783 80.1357182627298 60.1398832759074 35.4066106493152 23.8864163367824 27.4906603274155 33.914600500366 45.9653478271517 40.0480973737485 48.4121747088129 69.4273027879355 87.1169228548757 80.8946719492412 78.3471886733195 87.16162828176 85.2988383020666 59.6992709724973 39.2116869870601 31.4441070204917 33.1875689938099 31.7764928704575 18.0411831928904 20.3545149329642 30.962773383948 23.725680166299 18.9192977491333 7.31717181718179
9.28719554052432 7.92870575287026 6.83320418448486 11.997209467965 4.54961888242772 19.6597612721224 45.8988352905282 40.5747147533298 16.1419536829847 16.2515518364429 41.200545017245 66.2422185881086 78.6020602691046 71.9023802428033 67.8319738975266 76.53069292154 94.6469686575946 93.7810428894995 89.9909635972587 96.5832014610091 86.1871146178531 54.8877671624772 26.9648777193039 11.1068842940984 29.1245052084881 50.919094544669 57.4950571386363 61.44278096489 70.2018463958486 66.3185602947649 60.9207577696469 50.4179383340526 47.1458358076326 59.276699047108 81.1165636869334 82.1739910230377 66.1174876826249 61.0422578139037 62.4940528111556 56.1796301887411 43.3846457083617 44.5692669056934 33.1556654595606 10.5359307445105 6.70088301897547 6.38973596374356
