IBR/IBR_outputs/all.combrep_1/single.surface/FireFreq_2000_2008_Total.asc
NCOLS 160 
NROWS 95 
XLLCORNER 210004.651214014 
YLLCORNER 7350008.22228844 
CELLSIZE 4999.99999999997 
NODATA_value -9999 
[rows 63 to 83 of 95, columns 92 to 137 of 160]
2.99065880814639 2.3915579046484 2.31307397034415 2.31307397034415 3.13115134076301 3.22735310590178 3.27623266005283 2.81022326262612 2.43143513258989 2.67988151289819 2.94482238431735 4.43351510322793 4.74960618670533 4.74960618670533 4.74960618670533 4.74960618670533 4.55792345010128 4.07589148932381 4.74960618670533 4.74960618670533 4.74960618670533 4.74960618670533 4.74960618670533 4.74960618670533 4.74960618670533 4.74960618670533 4.1339104957566 2.99065880814639 2.47174175624525 2.47174175624525 3.68670554456106 4.74960618670533 4.74960618670533 4.74960618670533 4.74960618670533 4.01849074329554 4.19255442184407 4.74960618670533 4.55792345010128 4.31174407426746 3.47707223394972 3.52864142843077 4.74960618670533 4.49538607789474 3.58076599431009 4.1339104957566
2.3915579046484 2.27445802189087 2.31307397034415 2.63735679216889 2.63735679216889 2.63735679216889 3.27623266005283 3.27623266005283 3.13115134076301 2.31307397034415 2.51248252009048 3.3755766554599 4.43351510322793 4.68502621026418 4.37230345912003 4.55792345010128 4.49538607789474 4.68502621026418 4.55792345010128 4.31174407426746 3.74053269005269 3.96170166938372 3.58076599431009 4.62113440916781 4.74960618670533 4.74960618670533 4.68502621026418 3.84993245265306 3.32563854645243 2.55366222360654 3.3755766554599 4.62113440916781 4.74960618670533 4.74960618670533 4.74960618670533 4.49538607789474 4.55792345010128 4.74960618670533 4.62113440916781 3.84993245265306 3.90551770786973 4.07589148932381 4.07589148932381 4.62113440916781 3.90551770786973 4.37230345912003
2.43143513258989 2.43143513258989 2.81022326262612 3.79493960532043 3.13115134076301 2.85460992316486 2.5952853478191 2.72286413739256 2.99065880814639 2.51248252009048 2.85460992316486 2.94482238431735 3.63345206964521 4.68502621026418 4.68502621026418 4.01849074329554 3.3755766554599 4.43351510322793 4.74960618670533 4.74960618670533 3.74053269005269 2.94482238431735 3.03698879597041 4.07589148932381 4.55792345010128 4.74960618670533 4.74960618670533 4.74960618670533 4.68502621026418 3.84993245265306 3.32563854645243 3.47707223394972 4.49538607789474 4.74960618670533 4.62113440916781 4.01849074329554 4.01849074329554 4.1339104957566 3.42605256998682 4.55792345010128 4.01849074329554 4.55792345010128 4.74960618670533 4.55792345010128 3.96170166938372 3.74053269005269
2.55366222360654 2.27445802189087 3.13115134076301 2.81022326262612 2.85460992316486 2.5952853478191 2.08746408826333 2.19845646115172 2.35210573312577 2.27445802189087 2.31307397034415 2.94482238431735 3.3755766554599 4.01849074329554 3.90551770786973 3.79493960532043 3.32563854645243 4.1339104957566 4.74960618670533 4.74960618670533 4.49538607789474 3.42605256998682 3.3755766554599 3.63345206964521 3.90551770786973 4.62113440916781 4.74960618670533 4.74960618670533 4.74960618670533 4.74960618670533 4.49538607789474 3.74053269005269 3.63345206964521 4.25183004296357 3.84993245265306 4.25183004296357 4.43351510322793 3.63345206964521 3.47707223394972 3.74053269005269 3.96170166938372 4.07589148932381 4.74960618670533 4.43351510322793 3.68670554456106 4.01849074329554
2.31307397034415 2.63735679216889 3.13115134076301 3.27623266005283 3.52864142843077 2.81022326262612 2.55366222360654 2.55366222360654 2.89947453673024 2.5952853478191 2.23625368571878 3.17899456510385 3.13115134076301 3.58076599431009 3.68670554456106 3.32563854645243 2.5952853478191 3.42605256998682 4.74960618670533 4.74960618670533 4.74960618670533 4.68502621026418 4.68502621026418 4.74960618670533 4.74960618670533 4.31174407426746 4.43351510322793 4.74960618670533 4.74960618670533 4.74960618670533 4.74960618670533 4.74960618670533 4.19255442184407 3.13115134076301 3.52864142843077 4.62113440916781 4.74960618670533 4.74960618670533 4.25183004296357 3.63345206964521 3.42605256998682 3.68670554456106 4.1339104957566 4.68502621026418 4.68502621026418 4.49538607789474
2.67988151289819 2.72286413739256 3.13115134076301 3.63345206964521 3.63345206964521 3.58076599431009 3.68670554456106 3.17899456510385 3.17899456510385 3.17899456510385 3.0838178012731 3.74053269005269 4.25183004296357 4.19255442184407 3.3755766554599 2.63735679216889 2.89947453673024 3.42605256998682 4.43351510322793 4.62113440916781 4.25183004296357 3.96170166938372 4.74960618670533 4.74960618670533 4.68502621026418 4.1339104957566 4.25183004296357 4.25183004296357 3.74053269005269 4.55792345010128 4.74960618670533 4.74960618670533 4.49538607789474 3.84993245265306 3.3755766554599 3.58076599431009 3.47707223394972 3.90551770786973 3.42605256998682 3.42605256998682 4.19255442184407 3.52864142843077 3.74053269005269 4.74960618670533 4.74960618670533 4.74960618670533
2.85460992316486 3.68670554456106 3.17899456510385 2.67988151289819 3.0838178012731 3.42605256998682 3.47707223394972 2.3915579046484 2.94482238431735 3.3755766554599 3.32563854645243 2.99065880814639 3.63345206964521 3.84993245265306 3.22735310590178 2.3915579046484 3.52864142843077 3.52864142843077 3.96170166938372 4.68502621026418 4.31174407426746 4.68502621026418 4.31174407426746 4.55792345010128 4.74960618670533 4.74960618670533 4.62113440916781 4.19255442184407 3.63345206964521 4.25183004296357 4.74960618670533 4.37230345912003 3.32563854645243 3.63345206964521 4.1339104957566 3.22735310590178 2.85460992316486 3.32563854645243 3.84993245265306 4.49538607789474 3.63345206964521 3.47707223394972 4.49538607789474 4.74960618670533 4.43351510322793 4.55792345010128
3.3755766554599 3.47707223394972 2.99065880814639 3.03698879597041 2.5952853478191 2.85460992316486 2.85460992316486 3.17899456510385 3.47707223394972 3.47707223394972 3.52864142843077 3.0838178012731 3.47707223394972 3.96170166938372 4.01849074329554 3.52864142843077 3.13115134076301 2.94482238431735 2.89947453673024 3.58076599431009 4.62113440916781 4.74960618670533 4.49538607789474 4.62113440916781 4.62113440916781 3.52864142843077 3.79493960532043 4.43351510322793 3.52864142843077 3.74053269005269 4.49538607789474 4.74960618670533 4.37230345912003 3.17899456510385 3.79493960532043 3.47707223394972 3.27623266005283 4.01849074329554 3.47707223394972 4.07589148932381 3.84993245265306 4.43351510322793 4.74960618670533 4.74960618670533 4.68502621026418 4.62113440916781
3.32563854645243 3.63345206964521 3.13115134076301 2.94482238431735 2.67988151289819 2.99065880814639 2.89947453673024 2.99065880814639 3.3755766554599 3.32563854645243 3.3755766554599 3.58076599431009 3.96170166938372 3.74053269005269 3.47707223394972 3.03698879597041 2.47174175624525 3.22735310590178 3.03698879597041 3.22735310590178 4.74960618670533 4.74960618670533 3.58076599431009 3.74053269005269 4.62113440916781 3.63345206964521 3.32563854645243 3.27623266005283 3.3755766554599 3.32563854645243 4.37230345912003 4.55792345010128 3.90551770786973 3.47707223394972 4.68502621026418 4.25183004296357 3.52864142843077 3.63345206964521 3.74053269005269 4.43351510322793 4.43351510322793 4.1339104957566 4.62113440916781 4.74960618670533 4.74960618670533 4.49538607789474
2.85460992316486 2.89947453673024 3.0838178012731 2.94482238431735 3.79493960532043 3.52864142843077 3.42605256998682 3.32563854645243 3.47707223394972 3.52864142843077 3.17899456510385 3.63345206964521 3.84993245265306 3.32563854645243 3.17899456510385 2.47174175624525 2.35210573312577 2.67988151289819 2.89947453673024 3.27623266005283 4.49538607789474 4.19255442184407 3.74053269005269 3.58076599431009 4.07589148932381 3.32563854645243 3.32563854645243 3.42605256998682 3.74053269005269 3.47707223394972 4.25183004296357 4.55792345010128 4.68502621026418 4.62113440916781 4.74960618670533 3.90551770786973 3.47707223394972 3.63345206964521 4.37230345912003 4.74960618670533 3.84993245265306 3.42605256998682 3.96170166938372 4.74960618670533 4.74960618670533 4.19255442184407
2.94482238431735 2.67988151289819 3.13115134076301 2.43143513258989 3.52864142843077 3.96170166938372 3.58076599431009 3.3755766554599 3.63345206964521 3.79493960532043 3.32563854645243 3.63345206964521 3.32563854645243 3.32563854645243 2.89947453673024 2.43143513258989 2.76630972511894 3.32563854645243 2.99065880814639 2.51248252009048 3.42605256998682 3.32563854645243 3.47707223394972 4.07589148932381 3.96170166938372 3.32563854645243 3.32563854645243 3.96170166938372 4.74960618670533 3.96170166938372 4.31174407426746 4.68502621026418 4.74960618670533 4.31174407426746 4.74960618670533 4.55792345010128 3.84993245265306 4.1339104957566 4.74960618670533 4.74960618670533 4.19255442184407 4.68502621026418 4.07589148932381 4.1339104957566 4.07589148932381 3.63345206964521
2.55366222360654 2.27445802189087 3.0838178012731 2.67988151289819 3.32563854645243 3.27623266005283 3.17899456510385 3.52864142843077 3.68670554456106 4.19255442184407 3.96170166938372 2.94482238431735 2.89947453673024 2.81022326262612 2.35210573312577 2.81022326262612 2.81022326262612 2.81022326262612 2.76630972511894 3.03698879597041 3.27623266005283 3.58076599431009 3.32563854645243 3.47707223394972 3.3755766554599 2.85460992316486 2.85460992316486 3.42605256998682 3.84993245265306 4.25183004296357 4.25183004296357 4.74960618670533 4.49538607789474 3.79493960532043 4.1339104957566 4.55792345010128 4.68502621026418 4.74960618670533 4.74960618670533 4.74960618670533 4.43351510322793 4.74960618670533 4.62113440916781 4.74960618670533 4.19255442184407 3.52864142843077
2.31307397034415 2.35210573312577 2.55366222360654 2.85460992316486 2.81022326262612 2.76630972511894 2.99065880814639 3.22735310590178 3.32563854645243 3.52864142843077 3.32563854645243 3.0838178012731 2.63735679216889 2.63735679216889 2.51248252009048 2.81022326262612 2.89947453673024 2.67988151289819 2.23625368571878 2.3915579046484 2.76630972511894 3.47707223394972 3.27623266005283 3.32563854645243 3.58076599431009 2.5952853478191 2.51248252009048 3.58076599431009 3.74053269005269 3.47707223394972 4.07589148932381 3.52864142843077 3.52864142843077 3.68670554456106 4.55792345010128 4.43351510322793 3.90551770786973 4.74960618670533 4.74960618670533 4.74960618670533 4.74960618670533 4.74960618670533 4.74960618670533 4.74960618670533 4.74960618670533 4.68502621026418
3.27623266005283 3.52864142843077 3.27623266005283 3.22735310590178 2.81022326262612 2.81022326262612 2.72286413739256 2.67988151289819 2.99065880814639 3.3755766554599 3.68670554456106 3.74053269005269 3.22735310590178 3.3755766554599 3.22735310590178 3.22735310590178 3.74053269005269 3.3755766554599 2.47174175624525 2.3915579046484 2.23625368571878 2.31307397034415 2.5952853478191 2.85460992316486 2.89947453673024 1.58299288850321 2.67988151289819 3.32563854645243 3.13115134076301 3.32563854645243 3.42605256998682 3.47707223394972 4.31174407426746 4.25183004296357 4.74960618670533 4.49538607789474 3.47707223394972 4.62113440916781 4.62113440916781 4.74960618670533 4.62113440916781 4.19255442184407 4.74960618670533 4.74960618670533 4.74960618670533 4.68502621026418
3.3755766554599 3.27623266005283 3.3755766554599 3.32563854645243 3.22735310590178 3.32563854645243 3.22735310590178 2.76630972511894 2.67988151289819 2.85460992316486 2.5952853478191 2.76630972511894 2.43143513258989 2.76630972511894 3.03698879597041 2.99065880814639 3.63345206964521 3.79493960532043 2.89947453673024 2.81022326262612 2.67988151289819 2.67988151289819 2.63735679216889 3.0838178012731 2.89947453673024 2.47174175624525 2.81022326262612 3.47707223394972 2.72286413739256 3.27623266005283 3.84993245265306 3.27623266005283 2.76630972511894 3.79493960532043 2.99065880814639 3.42605256998682 3.47707223394972 3.74053269005269 4.01849074329554 4.43351510322793 4.74960618670533 4.74960618670533 4.74960618670533 4.68502621026418 4.62113440916781 4.74960618670533
3.32563854645243 3.42605256998682 3.17899456510385 2.72286413739256 2.63735679216889 2.89947453673024 3.13115134076301 2.76630972511894 2.55366222360654 2.99065880814639 2.55366222360654 2.31307397034415 2.31307397034415 2.35210573312577 2.35210573312577 2.43143513258989 3.27623266005283 3.13115134076301 2.55366222360654 3.0838178012731 2.43143513258989 2.67988151289819 2.47174175624525 2.35210573312577 2.67988151289819 3.3755766554599 3.3755766554599 3.42605256998682 2.76630972511894 3.32563854645243 3.74053269005269 2.63735679216889 2.72286413739256 3.79493960532043 2.5952853478191 3.74053269005269 3.32563854645243 3.32563854645243 4.07589148932381 4.31174407426746 4.1339104957566 4.74960618670533 4.74960618670533 4.62113440916781 4.1339104957566 3.84993245265306
3.32563854645243 3.32563854645243 3.03698879597041 3.42605256998682 3.22735310590178 2.72286413739256 2.85460992316486 2.85460992316486 2.43143513258989 2.94482238431735 2.89947453673024 2.67988151289819 3.42605256998682 3.42605256998682 3.27623266005283 3.42605256998682 3.27623266005283 3.0838178012731 3.0838178012731 3.17899456510385 2.99065880814639 3.03698879597041 3.32563854645243 2.89947453673024 3.32563854645243 3.58076599431009 3.42605256998682 3.47707223394972 3.42605256998682 3.27623266005283 3.17899456510385 2.85460992316486 2.76630972511894 3.79493960532043 2.5952853478191 3.58076599431009 2.72286413739256 2.5952853478191 3.79493960532043 3.58076599431009 4.01849074329554 4.55792345010128 4.55792345010128 4.74960618670533 4.49538607789474 3.96170166938372
3.27623266005283 3.32563854645243 3.32563854645243 3.27623266005283 3.58076599431009 3.84993245265306 3.79493960532043 3.3755766554599 3.74053269005269 3.27623266005283 2.89947453673024 3.22735310590178 3.17899456510385 3.3755766554599 3.32563854645243 3.27623266005283 3.42605256998682 3.27623266005283 2.94482238431735 2.99065880814639 2.99065880814639 2.81022326262612 3.17899456510385 3.32563854645243 3.74053269005269 3.52864142843077 3.3755766554599 3.32563854645243 3.42605256998682 2.81022326262612 3.3755766554599 2.89947453673024 3.22735310590178 3.17899456510385 2.81022326262612 3.27623266005283 1 3.22735310590178 3.90551770786973 4.07589148932381 4.49538607789474 4.49538607789474 4.55792345010128 4.74960618670533 3.68670554456106 4.1339104957566
3.32563854645243 3.3755766554599 3.32563854645243 3.3755766554599 3.32563854645243 3.47707223394972 3.90551770786973 4.37230345912003 4.07589148932381 3.84993245265306 3.47707223394972 3.42605256998682 3.84993245265306 3.42605256998682 3.32563854645243 3.27623266005283 3.3755766554599 3.3755766554599 3.42605256998682 2.51248252009048 3.17899456510385 3.3755766554599 3.84993245265306 3.68670554456106 3.74053269005269 3.47707223394972 3.32563854645243 3.3755766554599 3.3755766554599 3.63345206964521 3.79493960532043 3.42605256998682 3.17899456510385 3.32563854645243 3.32563854645243 3.47707223394972 1.23389587070346 2.27445802189087 3.68670554456106 3.90551770786973 4.62113440916781 4.43351510322793 4.74960618670533 4.74960618670533 4.43351510322793 4.01849074329554
3.32563854645243 3.3755766554599 3.3755766554599 3.42605256998682 3.47707223394972 3.3755766554599 3.32563854645243 3.58076599431009 4.62113440916781 4.25183004296357 3.68670554456106 3.32563854645243 3.32563854645243 3.32563854645243 3.3755766554599 3.32563854645243 3.63345206964521 3.58076599431009 3.47707223394972 3.47707223394972 4.31174407426746 4.68502621026418 4.1339104957566 4.1339104957566 4.19255442184407 3.52864142843077 3.42605256998682 3.68670554456106 3.47707223394972 3.84993245265306 3.63345206964521 3.84993245265306 4.1339104957566 3.90551770786973 3.32563854645243 3.0838178012731 2.01542656904791 3.90551770786973 4.37230345912003 4.43351510322793 4.01849074329554 4.68502621026418 4.74960618670533 4.74960618670533 4.74960618670533 3.63345206964521
3.52864142843077 3.90551770786973 3.42605256998682 4.31174407426746 4.01849074329554 3.3755766554599 3.3755766554599 3.42605256998682 3.84993245265306 3.27623266005283 3.3755766554599 3.32563854645243 3.32563854645243 3.03698879597041 3.63345206964521 4.37230345912003 4.07589148932381 4.19255442184407 3.27623266005283 3.32563854645243 3.42605256998682 3.52864142843077 3.52864142843077 4.01849074329554 4.62113440916781 3.32563854645243 3.13115134076301 3.84993245265306 3.58076599431009 3.84993245265306 3.84993245265306 3.90551770786973 4.31174407426746 3.42605256998682 3.47707223394972 3.17899456510385 2.85460992316486 2.81022326262612 3.3755766554599 3.58076599431009 3.68670554456106 4.1339104957566 4.55792345010128 4.68502621026418 4.43351510322793 3.79493960532043
