IBR/IBR_outputs/all.combrep_1/single.surface/FireFreq_2000_2008_Total.asc
NCOLS 160 
NROWS 95 
XLLCORNER 210004.651214014 
YLLCORNER 7350008.22228844 
CELLSIZE 4999.99999999997 
NODATA_value -9999 
[rows 0 to 20 of 95, columns 92 to 137 of 160]
-9999 -9999 -9999 -9999 -9999 -9999 -9999 -9999 -9999 -9999 -9999 -9999 -9999 -9999 -9999 -9999 -9999 -9999 -9999 -9999 -9999 -9999 -9999 -9999 -9999 -9999 -9999 -9999 -9999 -9999 -9999 -9999 -9999 -9999 -9999 -9999 -9999 -9999 -9999 -9999 -9999 -9999 -9999 -9999 -9999 -9999
-9999 -9999 -9999 -9999 -9999 -9999 -9999 -9999 -9999 -9999 -9999 -9999 -9999 -9999 -9999 -9999 -9999 -9999 -9999 -9999 -9999 -9999 -9999 -9999 -9999 -9999 -9999 -9999 -9999 -9999 -9999 -9999 -9999 -9999 -9999 -9999 -9999 -9999 -9999 -9999 -9999 -9999 -9999 -9999 -9999 -9999
-9999 -9999 -9999 -9999 -9999 -9999 -9999 -9999 -9999 -9999 -9999 -9999 -9999 -9999 -9999 -9999 -9999 -9999 -9999 -9999 -9999 -9999 -9999 -9999 -9999 -9999 -9999 -9999 -9999 -9999 -9999 -9999 -9999 -9999 -9999 -9999 -9999 -9999 -9999 -9999 -9999 -9999 -9999 -9999 -9999 -9999
-9999 -9999 -9999 -9999 -9999 -9999 -9999 -9999 -9999 -9999 -9999 -9999 -9999 -9999 -9999 -9999 -9999 -9999 -9999 -9999 -9999 -9999 -9999 -9999 -9999 -9999 -9999 -9999 -9999 -9999 -9999 -9999 -9999 -9999 -9999 -9999 -9999 -9999 -9999 -9999 -9999 -9999 -9999 -9999 -9999 -9999
-9999 -9999 -9999 -9999 -9999 -9999 -9999 -9999 -9999 -9999 -9999 -9999 -9999 -9999 -9999 -9999 -9999 -9999 -9999 -9999 -9999 -9999 -9999 -9999 -9999 -9999 -9999 -9999 -9999 -9999 -9999 -9999 -9999 -9999 -9999 -9999 -9999 -9999 -9999 -9999 -9999 -9999 -9999 -9999 -9999 -9999
-9999 -9999 -9999 -9999 -9999 -9999 -9999 -9999 -9999 -9999 -9999 -9999 -9999 -9999 -9999 -9999 -9999 -9999 -9999 -9999 -9999 -9999 -9999 -9999 -9999 -9999 -9999 -9999 -9999 -9999 -9999 -9999 -9999 -9999 -9999 -9999 -9999 -9999 -9999 -9999 -9999 -9999 -9999 -9999 -9999 -9999
-9999 -9999 -9999 -9999 -9999 -9999 -9999 -9999 -9999 4.74960618670533 4.74960618670533 4.74960618670533 4.74960618670533 -9999 -9999 -9999 -9999 -9999 -9999 -9999 -9999 -9999 -9999 -9999 -9999 -9999 4.1339104957566 3.55700377207347 3.40916714440782 3.40916714440782 4.23200088586657 3.58076599431009 4.23200088586657 4.33185846816276 3.00604702045394 3.0838178012731 2.36520952226748 2.48188606475938 3.58076599431009 3.32563854645243 3.20310907543672 3.20310907543672 3.45149411612972 2.85460992316486 2.05125238978841 2.53301716390369
-9999 -9999 -9999 -9999 -9999 -9999 -9999 -9999 -9999 4.74960618670533 4.74960618670533 4.74960618670533 4.62113440916781 3.83792737516374 4.46982948550415 4.74960618670533 4.74960618670533 -9999 -9999 -9999 -9999 -9999 4.74960618670533 4.62602489092191 4.3917087898097 4.4615561077095 4.43351510322793 3.74053269005269 3.47707223394972 3.22735310590178 3.79493960532043 3.03698879597041 2.81022326262612 3.17899456510385 2.81022326262612 2.76630972511894 2.99065880814639 2.27445802189087 2.76630972511894 3.0838178012731 2.81022326262612 3.68670554456106 4.37230345912003 3.17899456510385 2.43143513258989 2.85460992316486
-9999 -9999 -9999 -9999 -9999 -9999 -9999 4.74960618670533 4.59697415244381 4.74960618670533 4.74960618670533 4.74960618670533 4.55006958535029 3.84993245265306 3.84993245265306 3.63345206964521 4.31174407426746 4.07589148932381 3.60996632048011 -9999 -9999 4.74960618670533 4.74960618670533 4.74960618670533 4.31174407426746 3.03698879597041 3.22735310590178 2.63735679216889 2.47174175624525 2.43143513258989 2.5952853478191 2.63735679216889 2.89947453673024 2.47174175624525 2.31307397034415 2.94482238431735 3.03698879597041 2.27445802189087 2.47174175624525 2.12406604007253 2.16106200994239 3.03698879597041 3.84993245265306 4.62113440916781 3.96170166938372 4.01849074329554
-9999 -9999 -9999 -9999 -9999 -9999 -9999 4.74960618670533 4.01849074329554 4.43351510322793 4.74960618670533 4.74960618670533 4.74960618670533 4.1339104957566 3.32563854645243 2.85460992316486 3.3755766554599 3.63345206964521 3.63345206964521 4.58113294243938 4.53700315686726 4.74960618670533 3.79493960532043 3.90551770786973 3.32563854645243 2.47174175624525 2.5952853478191 3.13115134076301 3.03698879597041 2.35210573312577 2.35210573312577 2.76630972511894 3.32563854645243 2.63735679216889 2.85460992316486 3.47707223394972 3.27623266005283 2.63735679216889 2.23625368571878 2.51248252009048 2.55366222360654 2.55366222360654 3.74053269005269 4.62113440916781 2.67988151289819 3.79493960532043
-9999 -9999 -9999 -9999 -9999 -9999 4.74960618670533 4.04950644421063 3.27623266005283 3.74053269005269 4.68502621026418 4.74960618670533 4.74960618670533 4.62113440916781 3.32563854645243 3.32563854645243 3.32563854645243 2.94482238431735 3.13115134076301 4.1339104957566 3.74053269005269 3.27623266005283 3.22735310590178 4.37230345912003 4.19255442184407 3.17899456510385 3.0838178012731 2.94482238431735 2.67988151289819 2.85460992316486 2.23625368571878 2.3915579046484 3.32563854645243 2.67988151289819 2.89947453673024 3.17899456510385 3.17899456510385 2.27445802189087 2.47174175624525 2.89947453673024 2.76630972511894 3.0838178012731 3.0838178012731 4.01849074329554 2.63735679216889 3.13115134076301
-9999 -9999 -9999 -9999 -9999 4.74960618670533 4.68502621026418 3.3755766554599 3.47707223394972 4.74960618670533 4.68502621026418 4.74960618670533 4.74960618670533 4.74960618670533 4.1339104957566 3.52864142843077 3.27623266005283 2.47174175624525 3.03698879597041 3.03698879597041 2.3915579046484 2.43143513258989 2.43143513258989 3.42605256998682 3.17899456510385 2.99065880814639 2.63735679216889 2.5952853478191 2.08746408826333 1.97998251406608 2.08746408826333 2.23625368571878 3.22735310590178 3.17899456510385 3.13115134076301 2.43143513258989 2.27445802189087 2.27445802189087 2.43143513258989 2.27445802189087 2.81022326262612 2.51248252009048 2.51248252009048 2.81022326262612 2.55366222360654 2.55366222360654
-9999 -9999 -9999 -9999 4.74960618670533 4.74960618670533 4.74960618670533 4.74960618670533 4.74960618670533 4.74960618670533 4.62113440916781 4.74960618670533 4.74960618670533 4.74960618670533 4.19255442184407 3.13115134076301 3.13115134076301 2.43143513258989 2.76630972511894 2.99065880814639 2.72286413739256 2.23625368571878 2.3915579046484 2.43143513258989 3.3755766554599 3.42605256998682 2.81022326262612 2.85460992316486 2.72286413739256 2.08746408826333 1.84194303474682 2.55366222360654 2.31307397034415 3.17899456510385 2.99065880814639 2.89947453673024 2.43143513258989 3.27623266005283 2.99065880814639 3.03698879597041 2.3915579046484 2.99065880814639 3.13115134076301 2.81022326262612 2.35210573312577 1.94491615668507
-9999 -9999 4.74960618670533 4.74960618670533 4.74960618670533 4.74960618670533 4.74960618670533 3.32563854645243 2.12406604007253 3.52864142843077 3.32563854645243 3.68670554456106 4.62113440916781 4.31174407426746 4.01849074329554 2.94482238431735 2.3915579046484 3.0838178012731 3.03698879597041 3.79493960532043 2.94482238431735 2.5952853478191 2.27445802189087 2.3915579046484 2.89947453673024 3.13115134076301 2.31307397034415 2.05125238978841 2.08746408826333 2.23625368571878 2.16106200994239 2.27445802189087 2.27445802189087 2.3915579046484 2.27445802189087 2.31307397034415 2.27445802189087 2.63735679216889 2.99065880814639 3.17899456510385 2.55366222360654 2.94482238431735 4.25183004296357 2.5952853478191 2.72286413739256 2.89947453673024
4.74960618670533 4.74960618670533 4.04950644421063 4.43351510322793 4.49538607789474 4.55792345010128 3.96170166938372 2.89947453673024 2.05125238978841 2.99065880814639 3.32563854645243 3.68670554456106 4.68502621026418 4.49538607789474 4.1339104957566 3.47707223394972 2.67988151289819 2.12406604007253 2.89947453673024 4.01849074329554 2.85460992316486 2.19845646115172 2.27445802189087 2.67988151289819 3.63345206964521 3.22735310590178 2.63735679216889 2.35210573312577 1.91022347209796 2.27445802189087 2.99065880814639 2.23625368571878 2.43143513258989 2.05125238978841 2.35210573312577 2.51248252009048 2.5952853478191 2.63735679216889 2.5952853478191 2.51248252009048 3.17899456510385 4.01849074329554 3.27623266005283 2.51248252009048 2.55366222360654 3.17899456510385
4.74960618670533 4.62113440916781 2.16106200994239 2.43143513258989 4.07589148932381 4.19255442184407 3.68670554456106 3.68670554456106 2.94482238431735 3.17899456510385 4.01849074329554 3.52864142843077 3.52864142843077 3.90551770786973 3.84993245265306 4.25183004296357 2.19845646115172 2.99065880814639 3.42605256998682 2.43143513258989 2.3915579046484 2.5952853478191 2.81022326262612 2.99065880814639 3.3755766554599 3.0838178012731 2.55366222360654 2.27445802189087 2.19845646115172 2.31307397034415 3.17899456510385 3.0838178012731 2.27445802189087 1.40283630933449 2.16106200994239 2.5952853478191 2.63735679216889 2.67988151289819 2.43143513258989 1.80834764845483 2.85460992316486 3.68670554456106 2.67988151289819 2.35210573312577 2.23625368571878 2.72286413739256
4.01849074329554 4.43351510322793 3.32563854645243 2.85460992316486 3.52864142843077 3.47707223394972 3.90551770786973 3.74053269005269 3.32563854645243 2.99065880814639 3.27623266005283 3.63345206964521 3.32563854645243 3.3755766554599 2.94482238431735 3.42605256998682 3.96170166938372 4.55792345010128 3.68670554456106 2.81022326262612 2.31307397034415 2.89947453673024 2.85460992316486 2.72286413739256 2.67988151289819 2.19845646115172 2.3915579046484 3.13115134076301 2.85460992316486 2.51248252009048 2.67988151289819 3.32563854645243 2.47174175624525 1.43206395767688 2.01542656904791 2.01542656904791 2.51248252009048 2.47174175624525 1.80834764845483 1.87590027489955 2.23625368571878 3.63345206964521 2.19845646115172 2.05125238978841 2.27445802189087 2.63735679216889
3.74053269005269 4.19255442184407 3.47707223394972 3.96170166938372 4.31174407426746 3.74053269005269 2.99065880814639 2.99065880814639 3.42605256998682 2.99065880814639 3.27623266005283 3.68670554456106 3.63345206964521 2.94482238431735 2.63735679216889 2.85460992316486 3.42605256998682 4.55792345010128 4.62113440916781 4.43351510322793 2.85460992316486 2.47174175624525 2.76630972511894 2.27445802189087 2.31307397034415 2.23625368571878 2.85460992316486 3.0838178012731 2.55366222360654 2.94482238431735 2.47174175624525 3.22735310590178 2.72286413739256 1.64566480603341 1.77511026005014 1.55215691698518 2.12406604007253 2.27445802189087 2.19845646115172 2.12406604007253 2.31307397034415 2.67988151289819 2.19845646115172 2.63735679216889 3.17899456510385 2.81022326262612
3.68670554456106 4.62113440916781 4.19255442184407 3.22735310590178 4.68502621026418 4.49538607789474 3.22735310590178 3.27623266005283 3.79493960532043 3.13115134076301 3.22735310590178 3.63345206964521 3.47707223394972 3.22735310590178 3.17899456510385 2.3915579046484 3.13115134076301 3.47707223394972 3.84993245265306 4.74960618670533 4.37230345912003 2.85460992316486 2.99065880814639 2.67988151289819 2.55366222360654 2.89947453673024 3.0838178012731 2.55366222360654 2.67988151289819 3.17899456510385 3.03698879597041 3.42605256998682 2.85460992316486 1.74222705464917 1.94491615668507 1.84194303474682 1.94491615668507 2.5952853478191 2.23625368571878 2.5952853478191 3.03698879597041 2.5952853478191 2.5952853478191 3.27623266005283 3.74053269005269 3.22735310590178
3.03698879597041 4.31174407426746 3.79493960532043 3.17899456510385 3.27623266005283 3.63345206964521 3.32563854645243 3.32563854645243 2.47174175624525 2.67988151289819 2.81022326262612 3.42605256998682 3.90551770786973 3.13115134076301 3.84993245265306 2.76630972511894 2.67988151289819 3.27623266005283 2.63735679216889 3.74053269005269 4.1339104957566 4.01849074329554 3.84993245265306 3.68670554456106 2.94482238431735 3.0838178012731 3.32563854645243 3.3755766554599 2.85460992316486 2.99065880814639 2.81022326262612 3.42605256998682 2.47174175624525 2.27445802189087 2.89947453673024 2.99065880814639 2.89947453673024 2.94482238431735 2.35210573312577 3.32563854645243 2.99065880814639 3.0838178012731 2.85460992316486 3.03698879597041 3.58076599431009 3.68670554456106
3.42605256998682 3.52864142843077 3.84993245265306 3.32563854645243 2.85460992316486 2.5952853478191 3.68670554456106 3.27623266005283 2.81022326262612 2.99065880814639 2.85460992316486 3.03698879597041 4.43351510322793 3.68670554456106 3.79493960532043 3.32563854645243 2.67988151289819 2.89947453673024 3.0838178012731 3.22735310590178 4.62113440916781 2.72286413739256 3.84993245265306 3.3755766554599 3.68670554456106 3.58076599431009 3.58076599431009 3.84993245265306 3.58076599431009 2.99065880814639 2.85460992316486 3.47707223394972 2.89947453673024 2.08746408826333 2.27445802189087 2.63735679216889 2.81022326262612 2.55366222360654 2.16106200994239 2.72286413739256 3.3755766554599 3.90551770786973 2.63735679216889 2.23625368571878 3.63345206964521 4.37230345912003
