IBR/IBR_outputs/all.combrep_1/single.surface/FireFreq_2000_2008_Total.asc
NCOLS 160 
NROWS 95 
XLLCORNER 210004.651214014 
YLLCORNER 7350008.22228844 
CELLSIZE 4999.99999999997 
NODATA_value -9999 
[rows 42 to 62 of 95, columns 92 to 137 of 160]
3.68670554456106 3.03698879597041 3.47707223394972 3.90551770786973 3.32563854645243 3.90551770786973 3.79493960532043 3.27623266005283 3.74053269005269 3.32563854645243 3.42605256998682 3.22735310590178 3.3755766554599 3.3755766554599 4.1339104957566 4.37230345912003 4.1339104957566 3.47707223394972 3.3755766554599 3.17899456510385 2.81022326262612 3.42605256998682 3.42605256998682 3.96170166938372 3.47707223394972 3.22735310590178 3.3755766554599 3.84993245265306 3.63345206964521 2.99065880814639 2.23625368571878 2.47174175624525 3.32563854645243 2.63735679216889 2.94482238431735 2.43143513258989 3.58076599431009 4.01849074329554 2.5952853478191 2.31307397034415 2.81022326262612 3.22735310590178 3.42605256998682 3.27623266005283 3.63345206964521 3.3755766554599
4.62113440916781 4.1339104957566 3.79493960532043 4.25183004296357 2.99065880814639 3.74053269005269 3.58076599431009 3.52864142843077 3.42605256998682 3.68670554456106 3.68670554456106 4.01849074329554 4.37230345912003 4.74960618670533 4.07589148932381 3.3755766554599 4.07589148932381 3.79493960532043 3.74053269005269 3.13115134076301 2.99065880814639 3.03698879597041 3.03698879597041 3.58076599431009 3.63345206964521 3.3755766554599 3.17899456510385 3.42605256998682 3.03698879597041 2.76630972511894 2.31307397034415 2.35210573312577 2.51248252009048 2.5952853478191 2.85460992316486 3.84993245265306 3.32563854645243 3.32563854645243 2.94482238431735 2.31307397034415 2.67988151289819 3.32563854645243 3.52864142843077 3.32563854645243 2.72286413739256 2.3915579046484
4.1339104957566 3.52864142843077 4.31174407426746 4.19255442184407 3.90551770786973 2.99065880814639 2.63735679216889 3.3755766554599 2.63735679216889 2.51248252009048 2.94482238431735 3.03698879597041 3.68670554456106 4.55792345010128 4.25183004296357 3.3755766554599 3.42605256998682 3.3755766554599 3.32563854645243 3.32563854645243 3.90551770786973 2.85460992316486 2.85460992316486 3.0838178012731 3.13115134076301 3.32563854645243 3.52864142843077 3.32563854645243 2.72286413739256 2.5952853478191 2.43143513258989 2.23625368571878 2.81022326262612 2.72286413739256 2.19845646115172 2.81022326262612 3.32563854645243 3.3755766554599 3.27623266005283 3.03698879597041 2.76630972511894 3.17899456510385 2.5952853478191 3.0838178012731 2.35210573312577 2.43143513258989
4.01849074329554 4.43351510322793 3.84993245265306 4.01849074329554 3.58076599431009 3.13115134076301 2.67988151289819 2.89947453673024 3.13115134076301 2.3915579046484 2.85460992316486 3.32563854645243 3.79493960532043 4.49538607789474 4.49538607789474 3.79493960532043 4.25183004296357 3.0838178012731 3.32563854645243 3.68670554456106 3.52864142843077 3.47707223394972 3.3755766554599 3.32563854645243 3.42605256998682 3.27623266005283 3.3755766554599 3.3755766554599 2.5952853478191 2.35210573312577 2.43143513258989 2.47174175624525 3.3755766554599 3.22735310590178 3.32563854645243 3.27623266005283 3.32563854645243 3.3755766554599 3.68670554456106 3.68670554456106 2.47174175624525 2.63735679216889 2.81022326262612 2.51248252009048 2.35210573312577 2.31307397034415
3.68670554456106 4.1339104957566 3.84993245265306 3.84993245265306 4.1339104957566 4.1339104957566 2.85460992316486 2.85460992316486 3.63345206964521 3.17899456510385 2.81022326262612 3.32563854645243 3.0838178012731 3.42605256998682 3.79493960532043 4.01849074329554 3.27623266005283 2.23625368571878 2.55366222360654 2.5952853478191 3.17899456510385 3.42605256998682 3.58076599431009 3.96170166938372 3.17899456510385 3.22735310590178 3.0838178012731 3.58076599431009 2.63735679216889 2.31307397034415 2.43143513258989 3.42605256998682 2.67988151289819 3.47707223394972 3.32563854645243 3.3755766554599 3.74053269005269 3.3755766554599 4.07589148932381 3.90551770786973 3.96170166938372 3.22735310590178 2.51248252009048 2.35210573312577 2.43143513258989 2.47174175624525
4.07589148932381 3.42605256998682 3.17899456510385 4.1339104957566 3.90551770786973 4.37230345912003 3.0838178012731 2.81022326262612 3.63345206964521 3.68670554456106 3.3755766554599 3.03698879597041 2.19845646115172 2.51248252009048 3.3755766554599 4.74960618670533 3.68670554456106 2.51248252009048 2.27445802189087 2.76630972511894 3.13115134076301 3.52864142843077 2.89947453673024 3.52864142843077 3.63345206964521 3.27623266005283 3.32563854645243 3.52864142843077 2.55366222360654 2.35210573312577 2.72286413739256 3.17899456510385 3.3755766554599 2.94482238431735 3.47707223394972 3.42605256998682 3.47707223394972 3.74053269005269 3.32563854645243 3.17899456510385 3.84993245265306 3.22735310590178 3.79493960532043 2.27445802189087 2.23625368571878 2.35210573312577
3.84993245265306 3.52864142843077 3.32563854645243 3.47707223394972 3.63345206964521 4.68502621026418 3.42605256998682 3.63345206964521 4.19255442184407 4.01849074329554 3.96170166938372 2.89947453673024 2.27445802189087 2.55366222360654 2.3915579046484 4.25183004296357 4.1339104957566 3.42605256998682 2.99065880814639 3.0838178012731 3.58076599431009 3.03698879597041 2.5952853478191 2.81022326262612 2.5952853478191 3.3755766554599 3.32563854645243 3.13115134076301 3.32563854645243 3.52864142843077 3.52864142843077 3.79493960532043 3.32563854645243 3.58076599431009 3.90551770786973 3.52864142843077 4.1339104957566 3.74053269005269 3.42605256998682 3.0838178012731 3.32563854645243 3.42605256998682 2.85460992316486 2.63735679216889 2.89947453673024 2.19845646115172
3.32563854645243 3.63345206964521 3.63345206964521 3.32563854645243 3.42605256998682 4.49538607789474 3.52864142843077 3.79493960532043 4.37230345912003 4.25183004296357 3.47707223394972 2.51248252009048 2.89947453673024 3.74053269005269 3.22735310590178 3.63345206964521 3.42605256998682 3.63345206964521 3.17899456510385 3.17899456510385 3.58076599431009 3.32563854645243 2.63735679216889 2.3915579046484 3.13115134076301 3.0838178012731 3.13115134076301 3.03698879597041 3.32563854645243 3.17899456510385 3.96170166938372 4.49538607789474 3.68670554456106 3.13115134076301 3.47707223394972 3.96170166938372 2.89947453673024 2.72286413739256 3.17899456510385 3.52864142843077 2.94482238431735 2.5952853478191 2.47174175624525 2.23625368571878 2.5952853478191 2.43143513258989
3.42605256998682 3.32563854645243 3.52864142843077 3.42605256998682 3.22735310590178 3.96170166938372 3.84993245265306 3.42605256998682 3.96170166938372 4.55792345010128 3.58076599431009 3.47707223394972 3.47707223394972 3.58076599431009 4.07589148932381 3.3755766554599 3.27623266005283 3.63345206964521 3.3755766554599 3.13115134076301 3.3755766554599 3.17899456510385 2.81022326262612 2.94482238431735 3.3755766554599 3.47707223394972 2.89947453673024 2.89947453673024 3.32563854645243 3.27623266005283 4.55792345010128 4.55792345010128 3.90551770786973 3.32563854645243 3.03698879597041 3.03698879597041 3.22735310590178 2.67988151289819 2.3915579046484 2.99065880814639 2.99065880814639 2.3915579046484 2.43143513258989 2.35210573312577 2.31307397034415 2.19845646115172
3.13115134076301 2.99065880814639 3.32563854645243 2.89947453673024 3.27623266005283 2.76630972511894 3.58076599431009 3.63345206964521 3.32563854645243 4.62113440916781 3.63345206964521 3.58076599431009 3.32563854645243 3.47707223394972 3.79493960532043 3.52864142843077 3.47707223394972 3.52864142843077 3.22735310590178 2.63735679216889 2.67988151289819 2.27445802189087 3.13115134076301 3.03698879597041 3.13115134076301 2.99065880814639 3.27623266005283 3.42605256998682 3.13115134076301 2.63735679216889 3.74053269005269 3.42605256998682 3.68670554456106 3.3755766554599 3.3755766554599 3.47707223394972 3.3755766554599 3.3755766554599 2.5952853478191 2.89947453673024 3.13115134076301 3.03698879597041 2.51248252009048 2.31307397034415 2.23625368571878 2.72286413739256
3.47707223394972 3.74053269005269 3.42605256998682 3.0838178012731 3.32563854645243 3.42605256998682 3.42605256998682 4.07589148932381 3.17899456510385 3.58076599431009 3.84993245265306 3.79493960532043 4.07589148932381 4.07589148932381 3.84993245265306 3.32563854645243 3.32563854645243 3.52864142843077 3.3755766554599 3.27623266005283 3.22735310590178 3.03698879597041 2.81022326262612 2.63735679216889 3.27623266005283 3.13115134076301 3.22735310590178 2.94482238431735 3.17899456510385 2.5952853478191 3.27623266005283 3.3755766554599 3.32563854645243 3.52864142843077 3.47707223394972 3.42605256998682 3.96170166938372 3.58076599431009 3.03698879597041 3.32563854645243 3.96170166938372 3.79493960532043 2.81022326262612 2.5952853478191 2.35210573312577 2.63735679216889
3.32563854645243 3.47707223394972 3.52864142843077 3.84993245265306 3.96170166938372 3.90551770786973 3.22735310590178 3.63345206964521 3.42605256998682 3.32563854645243 3.63345206964521 3.63345206964521 3.79493960532043 3.47707223394972 2.76630972511894 3.58076599431009 3.52864142843077 3.32563854645243 4.01849074329554 3.52864142843077 3.03698879597041 3.32563854645243 3.42605256998682 2.63735679216889 3.58076599431009 4.1339104957566 3.13115134076301 3.32563854645243 3.47707223394972 2.51248252009048 3.79493960532043 3.3755766554599 3.3755766554599 3.90551770786973 3.63345206964521 3.47707223394972 4.1339104957566 3.96170166938372 3.42605256998682 3.96170166938372 4.07589148932381 4.07589148932381 4.43351510322793 2.63735679216889 2.31307397034415 2.55366222360654
3.42605256998682 3.27623266005283 2.81022326262612 2.63735679216889 2.51248252009048 3.32563854645243 2.81022326262612 3.63345206964521 3.52864142843077 3.3755766554599 2.67988151289819 2.85460992316486 3.3755766554599 2.47174175624525 2.47174175624525 2.85460992316486 2.76630972511894 3.17899456510385 3.27623266005283 3.17899456510385 3.74053269005269 3.42605256998682 3.13115134076301 2.55366222360654 2.76630972511894 3.52864142843077 2.89947453673024 3.27623266005283 2.81022326262612 2.85460992316486 4.1339104957566 3.47707223394972 3.58076599431009 3.74053269005269 4.1339104957566 3.96170166938372 3.79493960532043 3.74053269005269 3.52864142843077 4.31174407426746 4.01849074329554 4.68502621026418 4.74960618670533 3.58076599431009 3.27623266005283 3.32563854645243
4.62113440916781 3.74053269005269 2.99065880814639 3.27623266005283 2.55366222360654 2.63735679216889 3.22735310590178 2.99065880814639 3.27623266005283 3.42605256998682 3.63345206964521 3.63345206964521 3.03698879597041 2.72286413739256 2.81022326262612 2.3915579046484 3.22735310590178 3.0838178012731 2.31307397034415 2.81022326262612 3.3755766554599 2.99065880814639 2.85460992316486 2.3915579046484 2.55366222360654 3.0838178012731 3.03698879597041 3.84993245265306 3.22735310590178 3.68670554456106 4.62113440916781 3.63345206964521 4.25183004296357 3.74053269005269 4.31174407426746 4.31174407426746 4.55792345010128 4.25183004296357 3.68670554456106 4.07589148932381 3.79493960532043 4.37230345912003 4.31174407426746 3.96170166938372 3.63345206964521 3.47707223394972
3.68670554456106 4.55792345010128 4.37230345912003 4.31174407426746 3.74053269005269 3.79493960532043 3.74053269005269 3.52864142843077 2.55366222360654 3.13115134076301 3.52864142843077 3.32563854645243 3.3755766554599 3.32563854645243 3.03698879597041 3.0838178012731 3.22735310590178 3.17899456510385 2.47174175624525 2.47174175624525 2.51248252009048 2.43143513258989 2.89947453673024 2.89947453673024 3.32563854645243 3.0838178012731 3.3755766554599 4.07589148932381 3.52864142843077 3.3755766554599 3.3755766554599 3.90551770786973 4.37230345912003 3.27623266005283 3.52864142843077 4.1339104957566 3.79493960532043 3.79493960532043 4.19255442184407 3.58076599431009 4.55792345010128 3.96170166938372 4.49538607789474 4.31174407426746 3.32563854645243 3.32563854645243
2.99065880814639 3.79493960532043 4.74960618670533 4.74960618670533 4.74960618670533 4.74960618670533 4.74960618670533 4.74960618670533 4.74960618670533 4.74960618670533 4.31174407426746 3.96170166938372 3.63345206964521 3.32563854645243 3.27623266005283 2.47174175624525 2.51248252009048 3.32563854645243 2.89947453673024 2.31307397034415 2.5952853478191 2.31307397034415 2.89947453673024 3.74053269005269 2.89947453673024 3.17899456510385 3.47707223394972 3.58076599431009 3.52864142843077 3.84993245265306 4.43351510322793 4.49538607789474 4.1339104957566 3.63345206964521 3.68670554456106 4.01849074329554 3.96170166938372 4.68502621026418 4.62113440916781 4.37230345912003 4.37230345912003 4.07589148932381 3.90551770786973 3.84993245265306 3.3755766554599 3.42605256998682
3.0838178012731 4.19255442184407 4.55792345010128 4.37230345912003 4.74960618670533 4.43351510322793 4.74960618670533 4.55792345010128 4.37230345912003 4.74960618670533 4.74960618670533 4.74960618670533 4.62113440916781 3.3755766554599 3.32563854645243 3.13115134076301 2.51248252009048 2.67988151289819 2.85460992316486 2.35210573312577 2.31307397034415 2.35210573312577 2.3915579046484 2.99065880814639 2.51248252009048 3.42605256998682 4.01849074329554 3.3755766554599 3.63345206964521 3.52864142843077 4.37230345912003 4.74960618670533 3.63345206964521 3.03698879597041 3.47707223394972 4.37230345912003 4.49538607789474 4.07589148932381 4.31174407426746 4.1339104957566 3.90551770786973 4.25183004296357 3.58076599431009 3.63345206964521 3.68670554456106 3.32563854645243
3.32563854645243 3.13115134076301 3.52864142843077 4.43351510322793 4.19255442184407 4.01849074329554 4.74960618670533 4.49538607789474 4.62113440916781 4.74960618670533 4.74960618670533 4.74960618670533 4.74960618670533 4.1339104957566 3.52864142843077 3.32563854645243 3.27623266005283 2.89947453673024 2.67988151289819 2.23625368571878 2.31307397034415 3.17899456510385 2.76630972511894 2.5952853478191 3.22735310590178 3.27623266005283 3.03698879597041 2.27445802189087 2.47174175624525 2.99065880814639 4.01849074329554 4.43351510322793 3.90551770786973 3.68670554456106 4.37230345912003 4.43351510322793 4.74960618670533 4.68502621026418 4.31174407426746 4.31174407426746 4.37230345912003 3.84993245265306 2.81022326262612 3.32563854645243 3.84993245265306 3.63345206964521
3.74053269005269 2.89947453673024 2.99065880814639 3.68670554456106 4.01849074329554 4.01849074329554 4.68502621026418 4.55792345010128 4.68502621026418 4.74960618670533 4.74960618670533 4.74960618670533 4.74960618670533 4.74960618670533 4.74960618670533 4.43351510322793 4.37230345912003 3.90551770786973 3.68670554456106 3.52864142843077 3.42605256998682 4.37230345912003 4.1339104957566 3.32563854645243 3.52864142843077 3.32563854645243 3.03698879597041 2.35210573312577 2.3915579046484 2.27445802189087 3.0838178012731 4.25183004296357 4.1339104957566 4.62113440916781 4.55792345010128 4.74960618670533 4.62113440916781 4.68502621026418 4.49538607789474 4.49538607789474 4.37230345912003 3.84993245265306 4.01849074329554 4.01849074329554 4.19255442184407 3.74053269005269
4.07589148932381 3.03698879597041 3.32563854645243 3.03698879597041 3.32563854645243 3.42605256998682 3.84993245265306 3.90551770786973 4.43351510322793 4.49538607789474 4.74960618670533 4.74960618670533 4.74960618670533 4.74960618670533 4.74960618670533 4.74960618670533 4.74960618670533 4.74960618670533 4.74960618670533 4.74960618670533 4.62113440916781 4.74960618670533 4.74960618670533 3.90551770786973 3.84993245265306 4.25183004296357 2.89947453673024 2.3915579046484 2.23625368571878 2.51248252009048 3.22735310590178 3.68670554456106 4.74960618670533 4.62113440916781 4.62113440916781 4.74960618670533 4.25183004296357 3.79493960532043 4.74960618670533 4.74960618670533 3.74053269005269 4.19255442184407 4.25183004296357 3.47707223394972 3.74053269005269 4.25183004296357
4.1339104957566 3.03698879597041 2.76630972511894 2.67988151289819 3.32563854645243 3.32563854645243 3.32563854645243 2.99065880814639 3.68670554456106 4.62113440916781 4.55792345010128 4.74960618670533 4.74960618670533 4.74960618670533 4.74960618670533 4.49538607789474 4.07589148932381 4.68502621026418 4.74960618670533 4.74960618670533 4.74960618670533 4.74960618670533 4.74960618670533 4.74960618670533 4.74960618670533 4.74960618670533 4.43351510322793 2.63735679216889 2.23625368571878 2.3915579046484 3.27623266005283 4.62113440916781 4.74960618670533 4.74960618670533 4.74960618670533 4.37230345912003 4.25183004296357 4.62113440916781 4.74960618670533 4.62113440916781 3.32563854645243 4.31174407426746 4.74960618670533 4.25183004296357 4.43351510322793 4.49538607789474
