IBR/IBR_outputs/all.combrep_1/single.surface/FireFreq_2000_2008_Total.asc
NCOLS 160 
NROWS 95 
XLLCORNER 210004.651214014 
YLLCORNER 7350008.22228844 
CELLSIZE 4999.99999999997 
NODATA_value -9999 
[rows 63 to 83 of 95, columns 46 to 91 of 160]
3.79493960532043 3.32563854645243 3.52864142843077 3.58076599431009 4.01849074329554 3.63345206964521 3.74053269005269 3.79493960532043 3.3755766554599 3.3755766554599 3.3755766554599 3.32563854645243 3.79493960532043 4.31174407426746 3.84993245265306 3.3755766554599 3.3755766554599 3.42605256998682 2.94482238431735 2.94482238431735 3.17899456510385 3.63345206964521 4.49538607789474 3.68670554456106 3.47707223394972 3.32563854645243 2.85460992316486 3.47707223394972 2.99065880814639 3.74053269005269 3.47707223394972 3.32563854645243 3.0838178012731 2.3915579046484 2.5952853478191 2.35210573312577 2.31307397034415 2.35210573312577 2.23625368571878 2.72286413739256 2.72286413739256 2.47174175624525 3.32563854645243 3.3755766554599 3.58076599431009 3.32563854645243
3.42605256998682 3.3755766554599 3.32563854645243 3.52864142843077 3.63345206964521 3.32563854645243 3.3755766554599 3.32563854645243 3.42605256998682 3.74053269005269 4.19255442184407 3.90551770786973 3.58076599431009 3.96170166938372 3.42605256998682 3.79493960532043 3.79493960532043 3.52864142843077 3.13115134076301 3.42605256998682 3.32563854645243 4.31174407426746 4.62113440916781 4.19255442184407 3.42605256998682 3.0838178012731 2.3915579046484 3.17899456510385 3.79493960532043 3.74053269005269 3.42605256998682 3.42605256998682 3.42605256998682 3.32563854645243 2.94482238431735 2.72286413739256 2.67988151289819 2.31307397034415 2.31307397034415 2.43143513258989 3.03698879597041 3.22735310590178 3.22735310590178 3.32563854645243 3.3755766554599 2.76630972511894
3.32563854645243 3.42605256998682 3.84993245265306 3.68670554456106 3.63345206964521 3.32563854645243 3.13115134076301 3.63345206964521 3.42605256998682 3.96170166938372 4.31174407426746 3.58076599431009 3.3755766554599 4.07589148932381 3.58076599431009 3.74053269005269 3.32563854645243 3.42605256998682 3.27623266005283 3.68670554456106 3.74053269005269 3.90551770786973 3.84993245265306 3.47707223394972 3.42605256998682 3.32563854645243 3.27623266005283 3.32563854645243 3.32563854645243 3.32563854645243 2.5952853478191 2.43143513258989 2.3915579046484 2.94482238431735 3.42605256998682 3.47707223394972 3.52864142843077 2.76630972511894 2.63735679216889 2.35210573312577 2.31307397034415 2.55366222360654 3.03698879597041 2.94482238431735 2.76630972511894 2.94482238431735
4.01849074329554 3.90551770786973 3.63345206964521 3.47707223394972 3.32563854645243 3.90551770786973 3.52864142843077 4.55792345010128 4.07589148932381 4.68502621026418 4.01849074329554 3.47707223394972 3.58076599431009 3.96170166938372 3.63345206964521 3.32563854645243 3.3755766554599 3.63345206964521 3.32563854645243 3.42605256998682 4.43351510322793 3.74053269005269 3.3755766554599 3.3755766554599 3.63345206964521 3.32563854645243 3.32563854645243 3.47707223394972 3.63345206964521 3.27623266005283 2.55366222360654 2.23625368571878 2.27445802189087 1.97998251406608 2.31307397034415 3.0838178012731 2.76630972511894 3.17899456510385 2.67988151289819 3.17899456510385 2.85460992316486 2.51248252009048 2.3915579046484 2.3915579046484 2.35210573312577 2.5952853478191
4.31174407426746 4.31174407426746 3.90551770786973 3.32563854645243 3.52864142843077 3.47707223394972 3.58076599431009 4.37230345912003 4.62113440916781 4.74960618670533 4.74960618670533 4.25183004296357 4.01849074329554 3.52864142843077 3.52864142843077 3.27623266005283 3.3755766554599 3.47707223394972 3.58076599431009 3.47707223394972 3.52864142843077 3.3755766554599 3.68670554456106 3.3755766554599 3.47707223394972 3.58076599431009 2.99065880814639 3.42605256998682 3.96170166938372 3.63345206964521 2.5952853478191 2.89947453673024 2.3915579046484 1.77511026005014 1.64566480603341 2.51248252009048 2.3915579046484 2.72286413739256 2.51248252009048 2.99065880814639 2.85460992316486 2.51248252009048 2.43143513258989 2.35210573312577 2.23625368571878 2.35210573312577
4.74960618670533 4.74960618670533 4.31174407426746 3.3755766554599 3.52864142843077 3.58076599431009 3.47707223394972 4.19255442184407 3.58076599431009 4.43351510322793 4.74960618670533 4.19255442184407 3.68670554456106 3.32563854645243 3.27623266005283 3.47707223394972 3.32563854645243 3.47707223394972 3.22735310590178 2.76630972511894 3.84993245265306 3.90551770786973 3.74053269005269 3.58076599431009 3.32563854645243 3.3755766554599 3.27623266005283 4.43351510322793 3.84993245265306 3.32563854645243 2.94482238431735 2.43143513258989 2.31307397034415 2.63735679216889 2.16106200994239 2.72286413739256 2.35210573312577 2.23625368571878 2.51248252009048 2.31307397034415 3.03698879597041 2.5952853478191 2.3915579046484 2.31307397034415 2.27445802189087 2.43143513258989
4.74960618670533 4.74960618670533 4.49538607789474 4.31174407426746 3.90551770786973 4.07589148932381 4.1339104957566 3.42605256998682 3.74053269005269 4.1339104957566 4.25183004296357 4.74960618670533 4.07589148932381 3.79493960532043 3.52864142843077 3.32563854645243 4.07589148932381 3.47707223394972 4.31174407426746 4.37230345912003 4.68502621026418 4.43351510322793 3.96170166938372 3.32563854645243 3.17899456510385 3.22735310590178 2.5952853478191 2.47174175624525 2.72286413739256 3.22735310590178 2.76630972511894 3.17899456510385 3.03698879597041 3.0838178012731 2.94482238431735 3.22735310590178 2.27445802189087 2.43143513258989 2.67988151289819 2.94482238431735 2.94482238431735 2.5952853478191 2.3915579046484 2.31307397034415 2.23625368571878 2.12406604007253
4.74960618670533 4.74960618670533 4.74960618670533 4.74960618670533 4.74960618670533 4.74960618670533 4.62113440916781 3.96170166938372 3.74053269005269 4.74960618670533 4.55792345010128 4.55792345010128 4.55792345010128 4.74960618670533 4.37230345912003 3.47707223394972 3.52864142843077 4.55792345010128 4.55792345010128 4.49538607789474 4.55792345010128 4.49538607789474 3.58076599431009 3.32563854645243 3.32563854645243 3.22735310590178 2.3915579046484 2.23625368571878 2.35210573312577 2.85460992316486 3.13115134076301 3.74053269005269 3.3755766554599 2.5952853478191 2.94482238431735 2.94482238431735 2.72286413739256 2.76630972511894 3.03698879597041 2.81022326262612 2.47174175624525 2.89947453673024 2.89947453673024 2.3915579046484 2.63735679216889 3.32563854645243
4.74960618670533 4.74960618670533 4.74960618670533 4.74960618670533 4.74960618670533 4.74960618670533 4.74960618670533 4.74960618670533 4.68502621026418 4.74960618670533 4.74960618670533 4.31174407426746 4.62113440916781 4.43351510322793 4.37230345912003 3.74053269005269 3.79493960532043 4.25183004296357 4.31174407426746 4.68502621026418 4.74960618670533 4.49538607789474 4.01849074329554 4.37230345912003 3.63345206964521 3.96170166938372 2.67988151289819 2.47174175624525 2.85460992316486 3.58076599431009 3.32563854645243 3.32563854645243 3.47707223394972 3.3755766554599 3.32563854645243 2.76630972511894 2.3915579046484 2.3915579046484 2.76630972511894 3.13115134076301 2.67988151289819 2.81022326262612 3.63345206964521 3.22735310590178 2.94482238431735 3.47707223394972
4.74960618670533 4.74960618670533 4.74960618670533 4.74960618670533 4.74960618670533 4.74960618670533 4.74960618670533 4.74960618670533 4.74960618670533 4.31174407426746 4.74960618670533 4.74960618670533 4.49538607789474 4.74960618670533 4.31174407426746 3.63345206964521 3.79493960532043 3.63345206964521 3.58076599431009 4.37230345912003 3.63345206964521 3.58076599431009 3.3755766554599 3.90551770786973 3.47707223394972 3.0838178012731 2.55366222360654 2.89947453673024 3.27623266005283 3.52864142843077 3.32563854645243 3.32563854645243 3.32563854645243 3.32563854645243 3.32563854645243 3.03698879597041 2.35210573312577 2.63735679216889 2.99065880814639 3.84993245265306 3.52864142843077 2.72286413739256 2.67988151289819 2.51248252009048 2.27445802189087 2.55366222360654
4.74960618670533 4.74960618670533 4.74960618670533 4.74960618670533 4.74960618670533 4.74960618670533 4.74960618670533 4.74960618670533 4.74960618670533 4.74960618670533 4.74960618670533 4.19255442184407 4.74960618670533 4.74960618670533 4.74960618670533 4.74960618670533 4.74960618670533 4.74960618670533 4.49538607789474 3.3755766554599 3.84993245265306 4.62113440916781 4.55792345010128 3.58076599431009 3.47707223394972 3.68670554456106 4.07589148932381 3.96170166938372 4.01849074329554 3.63345206964521 3.47707223394972 3.32563854645243 3.32563854645243 3.3755766554599 3.32563854645243 3.32563854645243 3.3755766554599 3.32563854645243 3.52864142843077 3.42605256998682 2.89947453673024 2.35210573312577 2.08746408826333 2.23625368571878 2.5952853478191 3.42605256998682
4.74960618670533 4.74960618670533 4.74960618670533 4.74960618670533 4.74960618670533 4.74960618670533 4.74960618670533 4.49538607789474 4.74960618670533 4.74960618670533 4.74960618670533 4.68502621026418 4.74960618670533 4.74960618670533 4.74960618670533 4.74960618670533 4.74960618670533 4.55792345010128 3.32563854645243 3.42605256998682 3.42605256998682 3.79493960532043 4.68502621026418 4.68502621026418 4.19255442184407 3.84993245265306 4.68502621026418 4.74960618670533 4.74960618670533 4.74960618670533 4.55792345010128 4.01849074329554 4.1339104957566 4.01849074329554 3.68670554456106 2.89947453673024 2.85460992316486 3.27623266005283 3.74053269005269 2.99065880814639 2.67988151289819 2.72286413739256 2.47174175624525 2.94482238431735 3.13115134076301 2.99065880814639
4.74960618670533 4.74960618670533 4.74960618670533 4.74960618670533 4.74960618670533 4.74960618670533 4.74960618670533 4.74960618670533 4.74960618670533 4.74960618670533 4.55792345010128 4.31174407426746 4.74960618670533 4.74960618670533 4.74960618670533 4.74960618670533 4.74960618670533 4.74960618670533 3.47707223394972 3.84993245265306 3.32563854645243 3.47707223394972 4.37230345912003 4.74960618670533 4.74960618670533 4.74960618670533 4.74960618670533 4.74960618670533 4.74960618670533 4.74960618670533 4.55792345010128 4.49538607789474 3.58076599431009 3.47707223394972 3.32563854645243 3.17899456510385 3.32563854645243 3.42605256998682 3.79493960532043 2.67988151289819 2.5952853478191 2.43143513258989 2.31307397034415 2.51248252009048 3.13115134076301 2.89947453673024
4.74960618670533 4.74960618670533 4.74960618670533 4.74960618670533 4.74960618670533 4.74960618670533 4.74960618670533 4.74960618670533 4.74960618670533 4.74960618670533 4.19255442184407 3.84993245265306 4.31174407426746 4.74960618670533 4.74960618670533 4.74960618670533 4.74960618670533 4.74960618670533 4.62113440916781 4.62113440916781 4.19255442184407 4.62113440916781 4.74960618670533 4.74960618670533 4.74960618670533 4.74960618670533 4.74960618670533 4.74960618670533 4.74960618670533 4.74960618670533 4.74960618670533 4.31174407426746 3.74053269005269 3.47707223394972 3.58076599431009 3.63345206964521 3.32563854645243 3.84993245265306 3.90551770786973 3.13115134076301 2.89947453673024 3.03698879597041 3.0838178012731 3.22735310590178 2.81022326262612 3.03698879597041
4.74960618670533 4.74960618670533 4.74960618670533 4.74960618670533 4.74960618670533 4.74960618670533 4.74960618670533 4.74960618670533 4.74960618670533 4.74960618670533 4.74960618670533 3.68670554456106 3.32563854645243 4.19255442184407 4.74960618670533 4.74960618670533 4.74960618670533 4.74960618670533 4.74960618670533 4.74960618670533 4.74960618670533 4.74960618670533 4.74960618670533 4.74960618670533 4.74960618670533 4.74960618670533 4.74960618670533 4.74960618670533 4.74960618670533 3.52864142843077 4.1339104957566 4.25183004296357 4.74960618670533 4.01849074329554 3.68670554456106 3.84993245265306 3.47707223394972 3.3755766554599 3.42605256998682 3.52864142843077 3.22735310590178 3.32563854645243 3.0838178012731 2.63735679216889 3.0838178012731 3.42605256998682
4.74960618670533 4.74960618670533 4.74960618670533 4.74960618670533 4.74960618670533 4.74960618670533 4.74960618670533 4.74960618670533 4.74960618670533 4.74960618670533 4.74960618670533 4.62113440916781 4.43351510322793 4.37230345912003 4.74960618670533 4.74960618670533 4.74960618670533 4.74960618670533 4.74960618670533 4.74960618670533 4.74960618670533 4.74960618670533 4.74960618670533 4.74960618670533 4.74960618670533 4.74960618670533 4.74960618670533 4.43351510322793 3.84993245265306 3.52864142843077 3.79493960532043 4.68502621026418 4.74960618670533 4.31174407426746 4.1339104957566 3.84993245265306 3.47707223394972 3.63345206964521 3.52864142843077 3.52864142843077 3.32563854645243 3.32563854645243 3.32563854645243 3.17899456510385 3.32563854645243 3.32563854645243
4.74960618670533 4.74960618670533 4.74960618670533 4.74960618670533 4.74960618670533 4.74960618670533 4.74960618670533 4.74960618670533 4.74960618670533 4.74960618670533 4.74960618670533 4.74960618670533 4.74960618670533 4.74960618670533 4.74960618670533 4.74960618670533 4.74960618670533 4.74960618670533 4.74960618670533 4.74960618670533 4.74960618670533 4.74960618670533 4.74960618670533 4.74960618670533 4.74960618670533 4.74960618670533 4.37230345912003 4.19255442184407 3.52864142843077 3.3755766554599 3.3755766554599 4.25183004296357 4.55792345010128 4.74960618670533 4.74960618670533 4.74960618670533 4.68502621026418 4.62113440916781 3.3755766554599 3.52864142843077 3.32563854645243 3.32563854645243 3.42605256998682 3.32563854645243 3.32563854645243 3.27623266005283
4.74960618670533 4.74960618670533 4.74960618670533 4.74960618670533 4.74960618670533 4.74960618670533 4.74960618670533 4.74960618670533 4.74960618670533 4.74960618670533 4.74960618670533 4.74960618670533 4.74960618670533 4.74960618670533 4.74960618670533 4.74960618670533 4.74960618670533 4.74960618670533 4.74960618670533 4.74960618670533 4.74960618670533 4.74960618670533 4.74960618670533 4.74960618670533 4.74960618670533 4.74960618670533 4.68502621026418 4.62113440916781 4.43351510322793 4.01849074329554 4.01849074329554 3.90551770786973 3.84993245265306 4.55792345010128 4.55792345010128 4.62113440916781 3.74053269005269 3.58076599431009 3.52864142843077 3.42605256998682 3.42605256998682 3.3755766554599 3.58076599431009 4.01849074329554 3.52864142843077 3.3755766554599
4.74960618670533 4.74960618670533 4.74960618670533 4.74960618670533 4.74960618670533 4.62113440916781 4.31174407426746 4.68502621026418 4.74960618670533 4.74960618670533 4.74960618670533 4.74960618670533 4.74960618670533 4.74960618670533 4.74960618670533 4.74960618670533 4.74960618670533 4.74960618670533 4.74960618670533 4.74960618670533 4.74960618670533 4.74960618670533 4.74960618670533 4.74960618670533 4.74960618670533 4.74960618670533 4.74960618670533 4.74960618670533 4.74960618670533 4.74960618670533 4.74960618670533 4.1339104957566 4.19255442184407 4.68502621026418 3.90551770786973 3.90551770786973 3.32563854645243 3.32563854645243 3.42605256998682 3.32563854645243 3.42605256998682 3.3755766554599 3.3755766554599 3.22735310590178 4.01849074329554 3.3755766554599
4.74960618670533 4.74960618670533 4.74960618670533 4.74960618670533 4.74960618670533 4.74960618670533 4.01849074329554 4.49538607789474 4.74960618670533 4.74960618670533 4.74960618670533 4.74960618670533 4.74960618670533 4.74960618670533 4.74960618670533 4.74960618670533 4.74960618670533 4.74960618670533 4.74960618670533 4.74960618670533 4.74960618670533 4.74960618670533 4.74960618670533 4.74960618670533 4.74960618670533 4.68502621026418 4.74960618670533 4.74960618670533 4.74960618670533 4.74960618670533 4.74960618670533 4.74960618670533 4.74960618670533 4.49538607789474 3.58076599431009 3.63345206964521 3.32563854645243 3.32563854645243 3.32563854645243 3.32563854645243 3.96170166938372 3.47707223394972 3.63345206964521 3.47707223394972 3.47707223394972 3.3755766554599
4.74960618670533 4.74960618670533 4.74960618670533 4.74960618670533 4.74960618670533 4.74960618670533 4.74960618670533 4.74960618670533 4.74960618670533 4.74960618670533 4.74960618670533 4.74960618670533 4.74960618670533 4.74960618670533 4.74960618670533 4.74960618670533 4.74960618670533 4.74960618670533 4.74960618670533 4.74960618670533 4.74960618670533 4.74960618670533 4.74960618670533 4.74960618670533 4.74960618670533 4.74960618670533 4.74960618670533 4.74960618670533 4.74960618670533 4.74960618670533 4.74960618670533 4.74960618670533 4.74960618670533 4.25183004296357 3.96170166938372 3.63345206964521 3.32563854645243 3.68670554456106 3.3755766554599 3.3755766554599 4.31174407426746 4.1339104957566 3.47707223394972 3.96170166938372 3.84993245265306 3.47707223394972
