IBR/IBR_outputs/all.combrep_1/single.surface/PersistForestCover_Total.asc
NCOLS 160 
NROWS 95 
XLLCORNER 210004.651214014 
YLLCORNER 7350008.22228844 
CELLSIZE 4999.99999999997 
NODATA_value -9999 
[rows 31 to 61 of 95, columns 0 to 68 of 160]
-9999 -9999 -9999 -9999 -9999 -9999 -9999 -9999 -9999 -9999 -9999 -9999 -9999 -9999 -9999 -9999 -9999 -9999 -9999 -9999 -9999 -9999 -9999 -9999 -9999 -9999 -9999 -9999 -9999 -9999 -9999 -9999 -9999 -9999 -9999 3.89907716305533 1.74150817309716 3.24705545842116 8.1056617541244 18.0376176852537 1.43324097783867 1 1 1 1 1 1 1.14065957395999 1.14065957395999 1 1 1.06987068156134 1 1 1.14065957395999 1 1 1.06987068156134 1 1 1.35865699231573 1.21237874393299 1 1 1 1.06987068156134 1 1.06987068156134 1
-9999 -9999 -9999 -9999 -9999 -9999 -9999 -9999 -9999 -9999 -9999 -9999 -9999 -9999 -9999 -9999 -9999 -9999 -9999 -9999 -9999 -9999 -9999 -9999 -9999 -9999 -9999 -9999 -9999 -9999 -9999 -9999 -9999 -9999 24.005887038953 1.43324097783867 14.061757408579 3.24705545842116 14.5479779128962 3.97089977119382 1.06987068156134 1 1 1 1 1 1 1 1 1 1 1 1 1 1 1.21237874393299 1.06987068156134 1 1.06987068156134 1.06987068156134 1 1.14065957395999 1.14065957395999 1 1 1 1.43324097783867 1 1
-9999 -9999 -9999 -9999 -9999 -9999 -9999 -9999 -9999 -9999 -9999 -9999 -9999 -9999 -9999 -9999 -9999 -9999 -9999 -9999 -9999 -9999 -9999 -9999 -9999 -9999 -9999 -9999 -9999 -9999 -9999 -9999 -9999 -9999 12.6216289685736 1.21237874393299 7.02068753625777 1.74150817309716 2.67715034382816 2.40850869937617 1.14065957395999 1.28504041679333 1 1 1 1 1 1 1 1 1 1 1 1 1 1 1 1 1 1.06987068156134 1 1.14065957395999 1 1 1 1.90178494730814 3.34645589577316 1 1.06987068156134
-9999 -9999 -9999 -9999 -9999 -9999 -9999 -9999 -9999 -9999 -9999 -9999 -9999 -9999 -9999 -9999 -9999 -9999 -9999 -9999 -9999 -9999 -9999 -9999 -9999 -9999 -9999 -9999 -9999 -9999 -9999 -9999 -9999 31.6513517468453 3.05210557274176 1 1 1 1 1.14065957395999 1 1.35865699231573 1.14065957395999 1 1 1.14065957395999 1 1 1 1 1 1 1 1 1 1 1 1 1 1 1 1 1 1 1.14065957395999 2.32127434221916 1.50880514258903 1 1
-9999 -9999 -9999 -9999 -9999 -9999 -9999 -9999 -9999 -9999 -9999 -9999 -9999 -9999 -9999 -9999 -9999 -9999 -9999 -9999 -9999 -9999 -9999 -9999 -9999 -9999 -9999 -9999 -9999 -9999 9.83816868143497 18.7793010348622 60.9828758265702 7.32063015132596 1.06987068156134 1 1 1.06987068156134 1 1.21237874393299 1.21237874393299 1 1.35865699231573 1.28504041679333 1.06987068156134 1.06987068156134 1 1 1 1 1 1 1 1 1 1 1 1 1 1.06987068156134 1 1 1 1 1.50880514258903 1.28504041679333 1 1 1
-9999 -9999 -9999 -9999 -9999 -9999 -9999 -9999 -9999 -9999 -9999 -9999 -9999 -9999 -9999 -9999 -9999 -9999 -9999 -9999 -9999 -9999 -9999 -9999 -9999 -9999 -9999 -9999 -9999 15.3015312615001 3.95182691152823 1.82112342537615 1.43324097783867 1.14065957395999 1 1.06987068156134 1.28504041679333 1.21237874393299 1 1 1.21237874393299 1 1.21237874393299 1 1.06987068156134 1.06987068156134 1 1 1 1 1 1 1 1 1 1 1 1 1 1 1 1 1 1 1 1.28504041679333 1 1 1.14065957395999
-9999 -9999 -9999 -9999 -9999 -9999 -9999 -9999 -9999 -9999 -9999 -9999 -9999 -9999 -9999 -9999 -9999 -9999 -9999 -9999 -9999 -9999 -9999 -9999 -9999 -9999 -9999 -9999 33.3682056794544 18.2470607582976 2.7690614749611 4.64622696434883 3.14894406385306 1 1 1.14065957395999 1.50880514258903 1.50880514258903 1.06987068156134 1 1.43324097783867 1.21237874393299 1 1.50880514258903 1.21237874393299 1.06987068156134 2.06630204143015 1.50880514258903 1.21237874393299 1.50880514258903 1.28504041679333 1.14065957395999 1 1 1 1 1 1 1 1.14065957395999 1 1 1 1.06987068156134 1 1 1 1 1
-9999 -9999 -9999 -9999 -9999 -9999 -9999 -9999 -9999 -9999 -9999 -9999 -9999 -9999 -9999 -9999 -9999 -9999 -9999 -9999 -9999 -9999 -9999 -9999 -9999 -9999 -9999 -9999 15.9872869030336 2.15018565896009 1.21237874393299 1.28504041679333 3.24705545842116 1 1 1 1.43324097783867 1.74150817309716 1.21237874393299 1 1.06987068156134 1 1 1.28504041679333 1.35865699231573 2.67715034382816 1.28504041679333 1.43324097783867 2.23517151253603 1.06987068156134 1 1.06987068156134 1.14065957395999 1 1 1.14065957395999 1.14065957395999 1.14065957395999 1 1.06987068156134 1 1 1 1.06987068156134 1.14065957395999 1 1.06987068156134 1 1.06987068156134
-9999 -9999 -9999 -9999 -9999 -9999 -9999 -9999 -9999 -9999 -9999 -9999 -9999 -9999 -9999 -9999 -9999 -9999 -9999 -9999 -9999 -9999 -9999 -9999 -9999 -9999 -9999 12.8343450418511 2.95652304213507 1 1 1.14065957395999 1.43324097783867 1.82112342537615 1.14065957395999 1 1.06987068156134 1 1 1.06987068156134 1 1 1 1 1.06987068156134 1 1 1 1.06987068156134 1.35865699231573 1.06987068156134 1 1 1 1 1.14065957395999 1.21237874393299 1.35865699231573 1.21237874393299 1 1 1 1 1 1.06987068156134 1 1 1.14065957395999 1
-9999 -9999 -9999 -9999 -9999 -9999 -9999 -9999 -9999 -9999 -9999 -9999 -9999 -9999 -9999 -9999 -9999 -9999 -9999 -9999 -9999 -9999 -9999 -9999 -9999 -9999 1477.84091144416 5.37658374382304 1 1 1 1.06987068156134 1.50880514258903 2.58643153747523 1.50880514258903 1.06987068156134 1.35865699231573 1.06987068156134 1 1 1 1 1 1 1.06987068156134 1 1.06987068156134 1.14065957395999 1 1 1.06987068156134 1 1 1 1.74150817309716 1.06987068156134 1 1.06987068156134 1 1 1 1 1 1 1.28504041679333 1 1 1.06987068156134 1.06987068156134
-9999 -9999 -9999 -9999 -9999 -9999 -9999 -9999 -9999 -9999 -9999 -9999 -9999 -9999 -9999 -9999 -9999 -9999 -9999 -9999 -9999 -9999 -9999 -9999 20.971204270424 21.6348418506331 18.331389230661 1.06987068156134 1 1 1.35865699231573 1.28504041679333 1.35865699231573 1.21237874393299 1.14065957395999 1.06987068156134 1.21237874393299 1 1 1 1 1 1 1.14065957395999 1 1 1 1.14065957395999 1.06987068156134 1 1 1 1.21237874393299 1.35865699231573 1 1.82112342537615 2.49688932151004 5.12674740964729 5.63302932768096 1.43324097783867 1 1 1 1 1.14065957395999 1 1.14065957395999 1.06987068156134 1.50880514258903
-9999 -9999 -9999 -9999 -9999 -9999 -9999 -9999 -9999 -9999 -9999 -9999 -9999 -9999 -9999 -9999 -9999 -9999 -9999 -9999 -9999 50.0884845473325 1 7.07013551072616 13.58807016023 1 1 1 1 1 1 2.06630204143015 1.58536231099575 1 1.50880514258903 1.21237874393299 1 1 1 1 1 1 1 1 1.06987068156134 1.06987068156134 1 1.14065957395999 1 1 1.06987068156134 1 1.14065957395999 1.21237874393299 1 1 1.28504041679333 1.43324097783867 2.15018565896009 16.9001425381908 8.43430834612488 1.35865699231573 1.28504041679333 1.06987068156134 1.06987068156134 1 1.06987068156134 1.06987068156134 1
-9999 -9999 -9999 -9999 -9999 -9999 -9999 -9999 -9999 -9999 -9999 -9999 -9999 -9999 -9999 -9999 -9999 -9999 1.61110432990376 1 3.2847692621473 1.66292561919009 1 1.58536231099575 5.37658374382304 5.89625978894142 1.21237874393299 1 1 1.06987068156134 1 1.06987068156134 1.82112342537615 1 1.06987068156134 2.06630204143015 4.88335035556107 1.06987068156134 1 1 1 1 1 1 1.21237874393299 1 1.14065957395999 1 1.14065957395999 1.06987068156134 1 1 1 1.06987068156134 1.06987068156134 1.28504041679333 1.06987068156134 1 1 1.14065957395999 8.26891285251897 2.40850869937617 1.06987068156134 1.14065957395999 1.14065957395999 1.14065957395999 1.14065957395999 1.06987068156134 1
-9999 -9999 -9999 -9999 -9999 -9999 -9999 -9999 -9999 -9999 -9999 -9999 -9999 -9999 -9999 120.401727516637 18.7793010348622 1.61110432990376 1 1.35865699231573 1 1 1.43324097783867 2.58643153747523 1.50880514258903 2.7690614749611 1.06987068156134 1 1 1.14065957395999 1 1 1 1 1 1.14065957395999 6.72847651115149 2.06630204143015 1 1 1 1 1 2.40850869937617 6.44379692007265 4.19015715398188 2.7690614749611 2.7690614749611 2.58643153747523 1.74150817309716 1.21237874393299 1 1 1.06987068156134 1.06987068156134 1 1 1 1 1 1.21237874393299 3.4471626102533 5.76378558362777 1.74150817309716 1.21237874393299 1.35865699231573 1 1.58536231099575 1.06987068156134
-9999 -9999 -9999 -9999 -9999 -9999 -9999 -9999 -9999 -9999 -9999 -9999 -9999 1 1.94251237956592 4.19015715398188 1.14065957395999 1.06987068156134 1 1 1 1 1.82112342537615 1 1.82112342537615 2.15018565896009 1.21237874393299 1 1 1.06987068156134 1 1 1 1.06987068156134 1 1.14065957395999 1.50880514258903 5.76378558362777 1 1 1.74150817309716 2.15018565896009 2.67715034382816 3.97089977119382 1.90178494730814 1 1.28504041679333 1.06987068156134 2.23517151253603 1.50880514258903 1 1 1.14065957395999 1.06987068156134 1 1 1 1 1 1 1 1 6.44379692007265 7.62850709072628 1 1 1.35865699231573 1.50880514258903 2.49688932151004
-9999 -9999 -9999 -9999 -9999 -9999 -9999 -9999 -9999 -9999 -9999 -9999 1 1 1.06987068156134 1.14065957395999 1.14065957395999 1 1 1 1.06987068156134 1.06987068156134 1.06987068156134 1 1.43324097783867 1.74150817309716 1.06987068156134 1.14065957395999 1.06987068156134 1 1 1 1 1 1.21237874393299 1.43324097783867 1.14065957395999 3.4471626102533 2.23517151253603 1.50880514258903 1.14065957395999 1.06987068156134 1.43324097783867 1.58536231099575 1 1 1 1 1 1.21237874393299 1.21237874393299 1.35865699231573 1.14065957395999 1 1 1 1 1 1 1 1 1 1 2.95652304213507 1.74150817309716 1.28504041679333 1.21237874393299 1 2.32127434221916
-9999 -9999 -9999 -9999 -9999 -9999 -9999 -9999 -9999 -9999 1.29724321108089 1 1 1 1 1.82112342537615 1.58536231099575 1 1 1 1 1 1 1 1 3.34645589577316 1 1.21237874393299 1.35865699231573 1 1 1 1 1.06987068156134 1 1 1.28504041679333 1.98350648852217 1 1 1 1 1 1.74150817309716 3.4471626102533 1.14065957395999 1 1 1 1 1 1.21237874393299 1 1 1 1 1 1 1 1 1 1 1 1 1.14065957395999 1 1 1 1
-9999 -9999 -9999 -9999 -9999 -9999 -9999 -9999 -9999 1 2.75750686932222 1 1 1 1 1.21237874393299 2.15018565896009 1 1.14065957395999 1.28504041679333 1.58536231099575 1 1 1 1 1.06987068156134 1.74150817309716 1 1.28504041679333 1.14065957395999 1 1 1 1 1 1 1 1 1 1 1 1 1 1 1.06987068156134 1.21237874393299 1 1 1 1.06987068156134 1 1 1 1 1 1 1 1 1 1 1 1 1 1 1 1 1 1 1
-9999 -9999 -9999 -9999 -9999 -9999 -9999 -9999 -9999 1.28119241615018 1.14065957395999 1 1 1 1 1 1.43324097783867 1 1 1.43324097783867 1.50880514258903 1 1 1 1 1 2.95652304213507 1 1 1 1 1 1 1 1.82112342537615 1.14065957395999 1 1 1 1 1 1 1 1 1 1.06987068156134 1 1 1 1 1 1 1 1 1 1 1 1 1 1 1 1 1 1 1 1 1 1.06987068156134 1
-9999 -9999 -9999 -9999 -9999 -9999 -9999 -9999 327.723826600079 8.68279600665669 1 1 1 1 1 1 1.35865699231573 1.50880514258903 1 1.14065957395999 2.06630204143015 1 1 1 1 1 1 1.35865699231573 1 1 1.66292561919009 1.66292561919009 1.06987068156134 1 1.50880514258903 1.74150817309716 1 1.21237874393299 1 1 1 1 1 1 1.06987068156134 1 1 1 1 1 1 1 1 1 1 1 1 1 1 1 1 1.14065957395999 1 1 1 1 1 1 1
-9999 -9999 -9999 -9999 -9999 -9999 -9999 -9999 232.898253987483 1.90178494730814 1 1 1 1 1 1 1 2.58643153747523 1.06987068156134 1.74150817309716 1.82112342537615 1 1 1 1 1 1 1 1.21237874393299 1 1 1 1 1 1 2.15018565896009 1.66292561919009 1.06987068156134 1.28504041679333 1.06987068156134 1 1 1 1 1.06987068156134 1 1 1 1 1 1 1 1 1 1 1.14065957395999 1.06987068156134 1 1.14065957395999 1 1 1.06987068156134 1 1 1 1 1 1 1
-9999 -9999 -9999 -9999 -9999 -9999 -9999 599.732615966199 4.88335035556107 1 1 1 1 1 1 1 1 1.82112342537615 1 1.50880514258903 1.66292561919009 1 1 1 1.14065957395999 1.50880514258903 1 1 1 1.58536231099575 1 1 1.06987068156134 1 1 1 2.06630204143015 1.06987068156134 1.35865699231573 1 1.06987068156134 1.06987068156134 1 1 1 1 1 1 1 1 1 1.06987068156134 1 1 1 1.06987068156134 1 1 1 1.28504041679333 1.14065957395999 1 1 1 1 1 1.21237874393299 1 1.14065957395999
-9999 -9999 -9999 -9999 -9999 -9999 134.736744814683 31.0966242714086 1 1 1 1 1 1 1 1 1.06987068156134 1.82112342537615 1.50880514258903 1.74150817309716 1.50880514258903 1 1 1 1.14065957395999 1.21237874393299 1.28504041679333 1 1.06987068156134 1.66292561919009 1 1 2.06630204143015 1.90178494730814 1.43324097783867 1.06987068156134 1 1.21237874393299 1 1.21237874393299 1 1 1.14065957395999 1.21237874393299 1 1 1 1 1 1 1 1 1 1 1 1 1 1.14065957395999 1.06987068156134 1.28504041679333 1 1 1 1 1 1 1 1 1
-9999 -9999 -9999 -9999 -9999 -9999 171.246817073895 2.58643153747523 1 1 1 1 1 1.06987068156134 1 1 1.21237874393299 1.06987068156134 2.95652304213507 1.21237874393299 1.06987068156134 1 1.06987068156134 1 1.28504041679333 1.82112342537615 1.82112342537615 1 1 1.43324097783867 1.43324097783867 1 1.06987068156134 1 1 1.14065957395999 1 1 1.21237874393299 1.43324097783867 1.06987068156134 1 1 1 1.06987068156134 1.06987068156134 1 1 1 1 1 1 1 1 1 1 1 1.28504041679333 1.14065957395999 1.06987068156134 1 1 1.06987068156134 1 1.21237874393299 1 1 1 1
-9999 -9999 -9999 -9999 -9999 7.32063015132596 63.7752677191807 1.14065957395999 1 1 1 1 1 1 1 1 1.28504041679333 1.06987068156134 1.35865699231573 2.8621804638429 1.28504041679333 1 1 1 1.06987068156134 1.06987068156134 1.06987068156134 1 1 1 1.21237874393299 1.14065957395999 1 1.14065957395999 1.43324097783867 1.43324097783867 1.82112342537615 1.74150817309716 1.58536231099575 1.14065957395999 1 1 1 1 1 1 1 1 1 1 1 1 1.06987068156134 1.06987068156134 1 1.21237874393299 1 1 1 1 1 1 1 1.06987068156134 1 1.14065957395999 1 1 1
-9999 -9999 -9999 -9999 -9999 235.256161018621 23.2458936806163 1 1 1 1 1 1.14065957395999 1.06987068156134 1 1 1.21237874393299 1 1.43324097783867 3.65256407237195 1 1.35865699231573 1 1.21237874393299 1.43324097783867 1.50880514258903 1.43324097783867 1.14065957395999 1 1 1 1 1.28504041679333 1.28504041679333 1.06987068156134 1.14065957395999 1.50880514258903 1.21237874393299 1.21237874393299 2.06630204143015 1.14065957395999 1 1 1 1 1 1 1 1 1 1 1 1 1 1.14065957395999 1 1 1 1 1.06987068156134 1.43324097783867 1.43324097783867 1.06987068156134 1 1 1 1 1 1
-9999 -9999 -9999 -9999 -9999 85.6697453248441 1.28504041679333 1 1 1 1 1 1 1 1.14065957395999 1 1 1.06987068156134 1.21237874393299 1.82112342537615 3.05210557274176 1.35865699231573 1.06987068156134 1 1.82112342537615 1.74150817309716 1.06987068156134 1.21237874393299 1 1 1 1 1 1.06987068156134 1 1 1 1.06987068156134 1 1 1.06987068156134 1 1 1.14065957395999 1.06987068156134 1 1 1 1 1.28504041679333 1 1 1 1 1 1 1.06987068156134 1 1.35865699231573 1.35865699231573 1 1 1.14065957395999 1 1 1 1 1 1
-9999 -9999 -9999 -9999 508.775801507747 36.57224004122 1 1 1 1.06987068156134 1 1.06987068156134 1 1 1 1 1 1 1.06987068156134 1 1.35865699231573 2.67715034382816 1.06987068156134 1 1.14065957395999 1.06987068156134 1.14065957395999 1.35865699231573 1 1 1 1.06987068156134 1.14065957395999 1.50880514258903 1 1 1.06987068156134 1 1 1 1 1 1 1.06987068156134 1 1 1.14065957395999 1.14065957395999 1 1.06987068156134 1 1 1 1 1 1 1 1 1.21237874393299 1 1 1 1 1 1 1 1 1 1
-9999 -9999 -9999 -9999 129.177551158603 5.06263841602891 1 1 1.06987068156134 1 1.06987068156134 1 1 1 1 1 1 1 1 1 1 2.67715034382816 1 1 1 1.06987068156134 1.21237874393299 1.66292561919009 1 1 1 1 1.06987068156134 1.06987068156134 1 1.06987068156134 1 1.28504041679333 1 1 1 1.06987068156134 1.14065957395999 1 1 1 1 1 1 1 1.43324097783867 1 1 1 1 1 1 1.14065957395999 1.06987068156134 1 1 1 1 1 1 1 1 1 1
-9999 -9999 -9999 -9999 38.408891304409 1.50880514258903 1 1 6.58520753733115 1.58536231099575 1.66292561919009 1.21237874393299 1.90178494730814 1.14065957395999 1.50880514258903 1.74150817309716 1.35865699231573 1.21237874393299 1.06987068156134 1 1 3.14894406385306 1.14065957395999 1.21237874393299 1.06987068156134 1.58536231099575 1.21237874393299 1.50880514258903 1.06987068156134 1.21237874393299 1.21237874393299 2.49688932151004 2.23517151253603 1 1 1 1.43324097783867 1.50880514258903 1 1.28504041679333 1.06987068156134 2.15018565896009 1.06987068156134 1 1 1 1 1 1 1 1.06987068156134 1 1 1 1 1 1 1 1 1 1 1 1 1 1 1 1 1 1
-9999 1 1.61110432990376 -9999 52.1343406716458 1 1 1.06987068156134 3.97089977119382 10.5970380401649 1.98350648852217 1.06987068156134 1.28504041679333 1.14065957395999 1.50880514258903 1.21237874393299 1.21237874393299 1.28504041679333 1.14065957395999 1 1 2.40850869937617 1.21237874393299 1.14065957395999 1.06987068156134 1.21237874393299 1 1.14065957395999 1.06987068156134 1.50880514258903 1.35865699231573 2.95652304213507 1.06987068156134 1 1 1 1.21237874393299 1.21237874393299 2.23517151253603 1.21237874393299 1.66292561919009 1.74150817309716 1.14065957395999 1 1.28504041679333 1 1.06987068156134 1 1 1 1 1 1 1 1 1 1 1 1 1 1 1 1 1 1 1 1 1 1
