IBR/IBR_outputs/all.combrep_1/single.surface/PersistForestCover_Total.asc
NCOLS 160 
NROWS 95 
XLLCORNER 210004.651214014 
YLLCORNER 7350008.22228844 
CELLSIZE 4999.99999999997 
NODATA_value -9999 
[rows 62 to 92 of 95, columns 0 to 68 of 160]
-9999 1.09212530549448 2.82656312801202 2224.56078268085 32.8132264689392 1 1 1 1.14065957395999 4.07981265431871 4.52996671885764 2.32127434221916 1.06987068156134 1.06987068156134 1.06987068156134 1 1 1 1 1 1 1.98350648852217 1.21237874393299 1 1 1 1.06987068156134 1 1 1.74150817309716 1.66292561919009 1.35865699231573 1 1 1 1.21237874393299 1.21237874393299 1.14065957395999 1.82112342537615 1.28504041679333 1.14065957395999 2.15018565896009 1.58536231099575 1.58536231099575 1.43324097783867 1.28504041679333 1.28504041679333 1.50880514258903 1.14065957395999 1.14065957395999 1.06987068156134 1 1 1 1 1 1 1 1 1 1 1 1 1 1 1 1 1 1.35865699231573
-9999 1 1.74150817309716 14.061757408579 1.82112342537615 1 1 1 1 1 1 1 1.90178494730814 2.8621804638429 1.21237874393299 1.06987068156134 1.06987068156134 1.06987068156134 1 1 1 1.06987068156134 2.49688932151004 2.40850869937617 1.14065957395999 1.14065957395999 1.50880514258903 1.43324097783867 11.192770853902 2.15018565896009 1.66292561919009 1 1 1 1 1 1.14065957395999 1.06987068156134 1 1 1 1 1.74150817309716 1.28504041679333 1.82112342537615 1.14065957395999 1 1 1 1.06987068156134 1.06987068156134 1 1 1 1 1 1 1 1 1 1 1 1 1 1 1 1 1.35865699231573 1.43324097783867
-9999 1 1 1 1 1 1 1 1 1 1 1 1 4.07981265431871 1.06987068156134 1.21237874393299 1.28504041679333 2.23517151253603 1.21237874393299 1 1.21237874393299 1.06987068156134 1.50880514258903 2.95652304213507 1.90178494730814 1.98350648852217 1.35865699231573 1.58536231099575 1.90178494730814 1.43324097783867 1 1 1 1 1.28504041679333 5.50396951169328 2.06630204143015 1 1 1.28504041679333 1 1 1 1 1.14065957395999 1.06987068156134 1.14065957395999 1 1 1 1 1 1 1 1 1 1 1.14065957395999 1 1 1 1 1 1 1 1 1 1.35865699231573 1.21237874393299
-9999 1 1 1 1.14065957395999 1 1 1 1 1 1 1 1 1 1 1.21237874393299 1.06987068156134 1.06987068156134 1 1.06987068156134 2.06630204143015 1 10.7930287380284 7.78548665154913 1.66292561919009 1.58536231099575 1 1 1.28504041679333 3.75729352679652 2.23517151253603 1 1.43324097783867 1.50880514258903 1.66292561919009 1 1.14065957395999 1.35865699231573 1 1 1 1 1 1 1.14065957395999 1 1 1 1 1.06987068156134 1.06987068156134 1 1 1 1 1 1 1.14065957395999 1 1 1 1 1.06987068156134 1.50880514258903 1 1.74150817309716 1.74150817309716 1.14065957395999 1
-9999 1 1.14065957395999 1 1.28504041679333 1 1 1 1 1 1 1 1 1 1 1 1 1.06987068156134 1 1 1 1 2.32127434221916 1.98350648852217 1.28504041679333 3.8633996082527 1 1 1 1.74150817309716 5.76378558362777 2.58643153747523 1 1 1.06987068156134 1 1 1.14065957395999 1.74150817309716 1.14065957395999 1 1.06987068156134 1.14065957395999 1.28504041679333 2.06630204143015 1 1 1 1 1 1.28504041679333 1 1 1 1 1 1 1 1 1 1.06987068156134 1.06987068156134 1 1.43324097783867 1.28504041679333 1.28504041679333 1 1 1
-9999 1 1.43324097783867 1 1 1 1 1 1 1 1 1 1 1 1 1 1 1.06987068156134 1 1 1.06987068156134 1.50880514258903 1 1.35865699231573 1 1.58536231099575 1.35865699231573 1 1 1 1.66292561919009 1.90178494730814 1.28504041679333 1 1 1 1 1.14065957395999 1.06987068156134 2.06630204143015 1.14065957395999 1.43324097783867 1 1 1 1 1.14065957395999 1.14065957395999 1.06987068156134 1.06987068156134 1 1 1 1 1 1 1 1 1 1 1 1 1 1.43324097783867 1.50880514258903 1 1 1 1
-9999 1 1.28504041679333 1.21237874393299 1 1 1 1 1 1 1 1 1 1 1 1 1 1 1.21237874393299 1.06987068156134 1.21237874393299 1 1 1 1 1 2.32127434221916 1 1 1.14065957395999 1.21237874393299 1.35865699231573 1 1 1 1 1 1 1 1 1.43324097783867 1.21237874393299 1.06987068156134 1 1 1 1 1.21237874393299 1 1 1 1 1.06987068156134 1 1 1 1 1 1 1.14065957395999 1.14065957395999 1 1 1.43324097783867 1 1 1 1.06987068156134 1
-9999 1.35865699231573 1.06987068156134 1.06987068156134 1 1 1 1 1 1 1 1 1 1 1 1 1 1 1.06987068156134 1.28504041679333 1.06987068156134 1.14065957395999 1.06987068156134 1.50880514258903 1 1.21237874393299 1.28504041679333 1.28504041679333 1 1 1.43324097783867 1.58536231099575 1.58536231099575 1 1 1 1.06987068156134 1 1 1 1 1 1 1.43324097783867 1 1.43324097783867 1 1.06987068156134 1.14065957395999 1.21237874393299 1 1.43324097783867 1 1 1.06987068156134 1.28504041679333 1.06987068156134 1 1 1.14065957395999 1.14065957395999 1 1.21237874393299 1 1 1 1 1.50880514258903 1.28504041679333
-9999 1 1 1.14065957395999 1 1 1 1 1 1 1 1 1 1 1 1 1 1.06987068156134 1 1.06987068156134 1.06987068156134 1 1.06987068156134 1.21237874393299 1 1.06987068156134 2.95652304213507 1.06987068156134 1 1 1.66292561919009 3.97089977119382 2.40850869937617 1.58536231099575 1.14065957395999 1.66292561919009 1.98350648852217 1.28504041679333 1 1.21237874393299 1.06987068156134 1.06987068156134 1 1.06987068156134 1.06987068156134 1 1 1 1 1.21237874393299 1.28504041679333 1.58536231099575 1.14065957395999 1 1 1 1.06987068156134 1 1.14065957395999 1.14065957395999 2.15018565896009 1.58536231099575 1 1 1 1 1.21237874393299 2.40850869937617 1
-9999 -9999 1.51968080488019 1.21237874393299 1 1 1 1 1 1 1 1 1 1 1 1 1.06987068156134 1 1 1.21237874393299 1.58536231099575 1.06987068156134 1 1.43324097783867 1 1 1.06987068156134 1 1 1.58536231099575 1.90178494730814 4.41521484116637 1.28504041679333 1.50880514258903 2.58643153747523 1.43324097783867 1.28504041679333 1.14065957395999 1 1 1 1 1 1.14065957395999 1 1.06987068156134 1.06987068156134 1.82112342537615 2.58643153747523 1.66292561919009 1.74150817309716 1.28504041679333 1.14065957395999 1 1 1 1 1 1 1.06987068156134 1.28504041679333 1 1 1 1 1.35865699231573 3.24705545842116 1.06987068156134 1.14065957395999
-9999 -9999 1 1 1 1 1 1 1 1 1 1 1 1 1 1 1 1.14065957395999 1.06987068156134 1.21237874393299 2.95652304213507 1.21237874393299 1 1.06987068156134 1.14065957395999 1 1 1 1 1.90178494730814 1.58536231099575 1.82112342537615 1.06987068156134 1.14065957395999 1 1 2.15018565896009 1.74150817309716 1.06987068156134 1 1 1 1 1.35865699231573 1.06987068156134 1 1 1 1 1.06987068156134 1 1.14065957395999 2.06630204143015 2.23517151253603 2.15018565896009 1.14065957395999 1.14065957395999 1.14065957395999 1.74150817309716 1.28504041679333 1 1 1 1 1.90178494730814 2.15018565896009 1.43324097783867 1 1
-9999 -9999 1 1 1 1 1 1 1 1 1 1 1 1 1 1 1.14065957395999 1.58536231099575 1.50880514258903 1.21237874393299 1.14065957395999 1 1.06987068156134 1 1 1 1 1 1 1.14065957395999 1.43324097783867 1.28504041679333 1.14065957395999 1 1 1.06987068156134 1 1 1.28504041679333 1 1 1.14065957395999 1.21237874393299 1 1 1 1 1 1 1.06987068156134 1 1 1 1 1.14065957395999 1.35865699231573 1 1 1 1 1.28504041679333 1.43324097783867 2.32127434221916 2.95652304213507 1.43324097783867 1 1 1 1
-9999 -9999 -9999 1 1 1 1 1 1 1 1 1 1 1.14065957395999 1 1 1 1.50880514258903 1.21237874393299 1.28504041679333 1.35865699231573 1 1.14065957395999 1 1 1.06987068156134 1 1 1.28504041679333 2.15018565896009 1.35865699231573 2.32127434221916 1 1.06987068156134 1 1 1.14065957395999 1 1.28504041679333 1.43324097783867 1 1 1 1.14065957395999 1 1.06987068156134 1 1.43324097783867 1.06987068156134 1 1 1 1 1 1 1 1 1 1 1 1.06987068156134 1 1 1 1 1 1 1 1
-9999 -9999 -9999 1 1 1 1 1 1 1 1 1 1 1 1 1 1 1 1.28504041679333 1 1 1 1.06987068156134 1.66292561919009 1 1 1 1 1.21237874393299 3.34645589577316 2.06630204143015 2.7690614749611 1.35865699231573 1.14065957395999 1 1 1 1.66292561919009 1.43324097783867 1.90178494730814 1 1 1 1 1.21237874393299 1 1 1 1 1 1 1 1.06987068156134 1.21237874393299 1.06987068156134 1 1.06987068156134 1.06987068156134 1.06987068156134 1.28504041679333 1.06987068156134 1 1.06987068156134 1 1 1 1 1 1
-9999 -9999 -9999 1 1 1 1 1 1 1.21237874393299 1.14065957395999 1 1 1 1.14065957395999 1 1 1 1 1.06987068156134 1.06987068156134 1.28504041679333 1.35865699231573 1.50880514258903 1 1 1 1 1.28504041679333 1.58536231099575 1.82112342537615 1.14065957395999 1.28504041679333 1 1.14065957395999 1.14065957395999 1 1.43324097783867 1 1.58536231099575 1.35865699231573 1.06987068156134 1 1 1.21237874393299 1.98350648852217 1 1.14065957395999 1 1 1 1.14065957395999 1.21237874393299 1.35865699231573 1.06987068156134 1.06987068156134 1 1 1.06987068156134 1.06987068156134 1.21237874393299 1 1.14065957395999 1 1 1.06987068156134 1 1 1.06987068156134
-9999 -9999 -9999 -9999 1 1.06987068156134 1 1.28504041679333 1.06987068156134 1 1.35865699231573 1.06987068156134 1 1 1 1 1 1 1.21237874393299 1.43324097783867 1.43324097783867 1 1 1 1.14065957395999 1 1 1 1.21237874393299 1.66292561919009 1.06987068156134 1.58536231099575 1.06987068156134 1.06987068156134 1 1.06987068156134 1 1.58536231099575 1.06987068156134 1.06987068156134 2.15018565896009 1 1 1 1 1.06987068156134 1.82112342537615 1.66292561919009 1.35865699231573 1 1.43324097783867 1.06987068156134 1.28504041679333 1.06987068156134 1.82112342537615 1 1.21237874393299 1.14065957395999 1 1 1.35865699231573 1 1 1 1 1 1 1 1
-9999 -9999 -9999 -9999 1 1 1 1 1 1 1 1 1 1 1 1.06987068156134 1 1 1 1 1.06987068156134 1 1 1.06987068156134 1.28504041679333 1.21237874393299 1 1.06987068156134 1.06987068156134 1.50880514258903 1.14065957395999 1.14065957395999 1.35865699231573 1.28504041679333 1 1 1.21237874393299 1.66292561919009 1.14065957395999 1 1.66292561919009 1.28504041679333 1 1.06987068156134 1 1 1 1 1.06987068156134 1 1 1.66292561919009 1.35865699231573 1.14065957395999 1.14065957395999 1.06987068156134 1.21237874393299 1.35865699231573 1 1 2.06630204143015 1.21237874393299 1.14065957395999 1.14065957395999 1.06987068156134 1.06987068156134 1 1 1.06987068156134
-9999 -9999 -9999 -9999 -9999 1 1.77455489384685 1 1 1 1 1.06987068156134 1 1 1 1 1 1 1 1 1.28504041679333 1.43324097783867 1 1.43324097783867 1.14065957395999 1.82112342537615 2.15018565896009 1.35865699231573 1.58536231099575 1.35865699231573 1.06987068156134 1 1.21237874393299 1 1 1 1.14065957395999 1 1.50880514258903 1.06987068156134 1.06987068156134 2.32127434221916 1.06987068156134 1.06987068156134 1 1.14065957395999 1 1 1.21237874393299 1 1 1 1.21237874393299 1.43324097783867 1.06987068156134 1.21237874393299 1 1.58536231099575 1 1.82112342537615 1.98350648852217 1.21237874393299 1.66292561919009 1.21237874393299 1.06987068156134 1 1.06987068156134 1.06987068156134 1
-9999 -9999 -9999 -9999 -9999 -9999 1 1 1 1 1.14065957395999 1 1 1.06987068156134 1.14065957395999 1.06987068156134 1 1.28504041679333 1 1 1 1.14065957395999 1.35865699231573 1.82112342537615 2.06630204143015 1.66292561919009 1.66292561919009 2.23517151253603 2.06630204143015 1.43324097783867 1 1 1.06987068156134 1.50880514258903 1 1.14065957395999 1.14065957395999 1.58536231099575 2.23517151253603 1.14065957395999 1.66292561919009 1.35865699231573 2.23517151253603 1.06987068156134 1 1.06987068156134 1 1 1.14065957395999 1 1.06987068156134 1.21237874393299 1.43324097783867 1.66292561919009 1.50880514258903 1.14065957395999 1 1 1 1 1 1 1 1 1.28504041679333 1.82112342537615 2.23517151253603 1.50880514258903 1
-9999 -9999 -9999 -9999 -9999 -9999 -9999 1 1.14065957395999 1.35865699231573 1.82112342537615 1.21237874393299 1 1.28504041679333 1.82112342537615 6.30421972792064 2.95652304213507 1.66292561919009 1.06987068156134 1 1 1 1.06987068156134 1.66292561919009 1.14065957395999 1.21237874393299 1.82112342537615 1.21237874393299 1.06987068156134 1 1.14065957395999 1 1 1.21237874393299 1.28504041679333 1 1 1.06987068156134 2.15018565896009 1.35865699231573 1.35865699231573 1.35865699231573 1.14065957395999 1.14065957395999 1.35865699231573 1.50880514258903 1.21237874393299 1.58536231099575 1.66292561919009 1 1 1.21237874393299 1 1 1 1.74150817309716 1.58536231099575 1.35865699231573 1.06987068156134 1 1 1 1 1.14065957395999 1.43324097783867 1.06987068156134 1 1.14065957395999 1.14065957395999
-9999 -9999 -9999 -9999 -9999 -9999 -9999 -9999 2.36474909004058 1.06987068156134 1.06987068156134 1 1 1 1 4.52996671885764 8.26891285251897 1.35865699231573 1.90178494730814 1.82112342537615 1 1 1 1.82112342537615 1.66292561919009 1.28504041679333 1.21237874393299 1.14065957395999 1.35865699231573 1.43324097783867 1.66292561919009 1 1.21237874393299 1 1 1 1 1.14065957395999 1.14065957395999 1.43324097783867 1.14065957395999 1.50880514258903 1.06987068156134 1.43324097783867 2.06630204143015 1.74150817309716 1.50880514258903 1.50880514258903 1 1.14065957395999 1.28504041679333 1 1 1 1 1.43324097783867 1.06987068156134 1 1.28504041679333 1.21237874393299 1.58536231099575 1.14065957395999 1 1 1 1 1.06987068156134 1 1
-9999 -9999 -9999 -9999 -9999 -9999 -9999 -9999 -9999 1 1.07280180711573 1.06987068156134 1 1.06987068156134 1 1.06987068156134 2.40850869937617 1.50880514258903 1 1.35865699231573 3.54919307444817 1 1 1.21237874393299 1.58536231099575 1.06987068156134 1.43324097783867 1.14065957395999 1.28504041679333 1 1.14065957395999 1 1.06987068156134 1.50880514258903 1 1 1.90178494730814 1.58536231099575 1.21237874393299 1 1.06987068156134 1.06987068156134 1.43324097783867 1.21237874393299 1 1.35865699231573 1.21237874393299 1.06987068156134 1.35865699231573 1 1 1.06987068156134 1 1 1.14065957395999 1.06987068156134 1.06987068156134 1 1 1 1.14065957395999 1.66292561919009 1 1 1 1 1 1 1
-9999 -9999 -9999 -9999 -9999 -9999 -9999 -9999 -9999 -9999 1 1 1 1.06987068156134 1.06987068156134 1 1.28504041679333 5.37658374382304 1.21237874393299 1 1.74150817309716 3.4471626102533 1.21237874393299 1 1.66292561919009 1.06987068156134 1 1.06987068156134 1.06987068156134 1 1 1.43324097783867 1 1.06987068156134 1.28504041679333 1 2.23517151253603 1.82112342537615 1.74150817309716 1.35865699231573 1 1 1.14065957395999 1 1 1.14065957395999 1 1 2.32127434221916 1.43324097783867 1 1 1 1 1 1 1.14065957395999 1 1.14065957395999 1 1.06987068156134 1.06987068156134 2.06630204143015 1.14065957395999 1 1 1 1 1
-9999 -9999 -9999 -9999 -9999 -9999 -9999 -9999 -9999 -9999 -9999 1 1 1 1 1.06987068156134 1.21237874393299 2.8621804638429 4.19015715398188 1 1.50880514258903 4.30195142185659 2.06630204143015 1 1 1 1 1.06987068156134 1.28504041679333 1 1.21237874393299 1.28504041679333 1 1.14065957395999 1.28504041679333 1.98350648852217 1.50880514258903 2.32127434221916 1.14065957395999 1.06987068156134 1 1 1 1 1 1 1 1 1 1.21237874393299 1.43324097783867 1.90178494730814 1.06987068156134 1 1 1.14065957395999 1 1.06987068156134 1.06987068156134 1.06987068156134 1.21237874393299 1.28504041679333 1 1.58536231099575 1.66292561919009 1.06987068156134 1 1 1.14065957395999
-9999 -9999 -9999 -9999 -9999 -9999 -9999 -9999 -9999 -9999 -9999 -9999 1 1 1 1 1 1.43324097783867 1.82112342537615 1.58536231099575 1.28504041679333 1.43324097783867 1.14065957395999 1 1 1 1.14065957395999 1.14065957395999 1.58536231099575 1.35865699231573 1.06987068156134 1 1 1.21237874393299 1.06987068156134 1.28504041679333 1 1.14065957395999 1.66292561919009 1 1.74150817309716 1.14065957395999 1.28504041679333 1 1.14065957395999 1.14065957395999 1 1.14065957395999 1.98350648852217 1.58536231099575 1.21237874393299 1.06987068156134 1.21237874393299 1.21237874393299 1 1 1 1.06987068156134 1.21237874393299 1 1.14065957395999 1.28504041679333 1 1 1.06987068156134 1.98350648852217 2.58643153747523 1.43324097783867 1.14065957395999
-9999 -9999 -9999 -9999 -9999 -9999 -9999 -9999 -9999 -9999 -9999 -9999 -9999 1 1 1 1 1.21237874393299 1.50880514258903 1.98350648852217 1 1 1 1 1.74150817309716 1.14065957395999 1 1 1.43324097783867 1 1 1 1 1.06987068156134 1.43324097783867 1 1.14065957395999 1 1 1.50880514258903 1.06987068156134 1 1.35865699231573 1.06987068156134 1.50880514258903 1.21237874393299 1 1.14065957395999 1.21237874393299 1 1.35865699231573 1 1.28504041679333 1 1.21237874393299 1 1.06987068156134 1.06987068156134 1.21237874393299 1.14065957395999 1 1.14065957395999 1 1 1 1 1.14065957395999 1.43324097783867 1.58536231099575
-9999 -9999 -9999 -9999 -9999 -9999 -9999 -9999 -9999 -9999 -9999 -9999 -9999 -9999 1 1 1 1 1.14065957395999 1.74150817309716 1.06987068156134 1.06987068156134 1 1.06987068156134 1 1 1 1 1 1.28504041679333 1 1 1 1 1.66292561919009 1.58536231099575 2.32127434221916 1.50880514258903 1 1 1.21237874393299 2.23517151253603 1.50880514258903 1.14065957395999 1.06987068156134 1.28504041679333 1.14065957395999 1.43324097783867 2.32127434221916 2.32127434221916 1.90178494730814 1 1 1 1.14065957395999 1.21237874393299 1 1 1 1.14065957395999 1 1 1 1 1 1.06987068156134 1.21237874393299 1 1
-9999 -9999 -9999 -9999 -9999 -9999 -9999 -9999 -9999 -9999 -9999 -9999 -9999 -9999 -9999 -9999 1 1 1 1.14065957395999 1.06987068156134 1 1 1 1.14065957395999 1 1 1 1.06987068156134 1.06987068156134 1.06987068156134 1.06987068156134 1.14065957395999 1 1 1.21237874393299 1.74150817309716 1.28504041679333 1.21237874393299 1.06987068156134 1 1.35865699231573 1 1 1 1 1.14065957395999 1.14065957395999 1 1 1.28504041679333 1 1 1 1 1.06987068156134 1 1 1.06987068156134 1.21237874393299 1 1 1 1 1 1 1 1 1
-9999 -9999 -9999 -9999 -9999 -9999 -9999 -9999 -9999 -9999 -9999 -9999 -9999 -9999 -9999 -9999 -9999 1 1 2.16856648602525 1.06987068156134 1 1 1 1 1 1.14065957395999 1 1.21237874393299 1.28504041679333 1.14065957395999 1 1.21237874393299 1.43324097783867 1 1.21237874393299 3.14894406385306 2.15018565896009 1.14065957395999 1.21237874393299 1.66292561919009 1.14065957395999 1 1.43324097783867 1.53103114415461 1.74150817309716 1 1 1.1466004802097 1 1.06987068156134 1 1.21237874393299 1 1 1 1 1 1 1.21237874393299 1.43324097783867 1.06987068156134 1 1 1 1 1 1 1
-9999 -9999 -9999 -9999 -9999 -9999 -9999 -9999 -9999 -9999 -9999 -9999 -9999 -9999 -9999 -9999 -9999 -9999 -9999 1 1 1 1 1.06987068156134 1 1.14065957395999 1.14065957395999 1.35865699231573 1 1.35865699231573 1 1.06987068156134 1.21237874393299 1.58536231099575 1.21237874393299 1.74150817309716 2.32127434221916 1.98350648852217 1 1.74150817309716 1 1.28504041679333 1.21237874393299 1.09728992947873 1 -9999 -9999 -9999 -9999 1 1.39096518447922 1 1 1.43324097783867 1 1 1.06987068156134 1 1 1.06987068156134 1.35865699231573 1 1.06987068156134 1.14065957395999 1 1 1 1 1
-9999 -9999 -9999 -9999 -9999 -9999 -9999 -9999 -9999 -9999 -9999 -9999 -9999 -9999 -9999 -9999 -9999 -9999 -9999 -9999 -9999 -9999 1 1.29724321108089 1 1 1.14065957395999 1 1.14065957395999 1.14065957395999 1 1 1.06987068156134 1.21237874393299 1 1 1.90178494730814 1.14065957395999 1 1.90178494730814 1.21237874393299 1 1 -9999 -9999 -9999 -9999 -9999 -9999 -9999 1 1 1 1.06987068156134 1.06987068156134 1.35865699231573 1 1.06987068156134 1 1 1.06987068156134 1.06987068156134 1 1.21237874393299 1.06987068156134 1.21237874393299 1 1 1
