IBR/IBR_outputs/all.combrep_1/single.surface/Silt_Total.asc
NCOLS 160 
NROWS 95 
XLLCORNER 210004.651214014 
YLLCORNER 7350008.22228844 
CELLSIZE 4999.99999999997 
NODATA_value -9999 
[rows 21 to 41 of 95, columns 92 to 137 of 160]
9.33534213366721 9.3007971619651 8.7506428659324 8.84140674491075 8.00809369119743 6.86890316864822 8.76999025026424 7.72678347927672 7.19991876473209 7.9812679243426 7.96272413782 8.87096155584476 8.79151696868268 8.15748020121604 8.77603593365377 8.38343596099865 7.25852525951362 9.81635952592761 12.8318447338047 10.0171167416793 8.64365515318517 8.65988925970096 8.41339517700316 8.28131461801216 8.55354514670316 9.85167877977895 10.9242210428526 10.1389455683861 10.3478068222515 9.82360661289923 8.98013022538806 9.37412540021641 9.75383742496865 12.4764110558553 12.0571370037114 11.8415949979724 9.97131195454472 6.56215901406491 6.15976061971426 4.31163378897614 3.49989216878923 3.57377986172417 3.04849481227072 3.89564347860772 4.15783747342121 4.31288559801686
9.23105166983882 8.09644426896091 8.78712985787472 8.16539635451753 7.24198925946999 6.56487286932387 7.8371743866473 7.40359293086896 7.02270285518654 7.37909171935503 6.69911465746819 7.4983898385722 8.37028479599854 8.48353036219814 8.1973298562219 7.37192259327572 6.60647979691393 7.88062137869091 9.62023544154244 9.83908698925984 9.03944652890371 8.51270957081958 8.1124653218216 7.79068367342414 7.8703886904362 8.36995304119304 8.32407278744335 8.57418370490615 9.56526115628851 10.8101882678728 10.5360415380515 10.2571492663673 11.8640662681253 12.7755762603909 12.4610824006959 11.0493181078422 9.95978704806939 6.20988556086822 8.40980075474381 7.85217532334973 9.99220545607763 7.55736604725384 5.58887648971908 4.89763374275605 4.73751526223105 3.50800218755145
10.2949537360753 9.82632477924259 9.78046406403577 9.2077970834443 12.2021716063073 8.76248246066242 7.7094497749497 6.99765667269255 5.96933761399543 7.67501211180298 7.71266841846495 7.7726346793575 8.72537599863038 9.08768941605333 8.03213434531551 6.85703545791084 7.16709134264975 9.34296795959808 10.3096346734703 8.06169376832722 9.25229107894079 9.50614050230553 8.50975148895744 7.86129666843117 8.25635083667487 7.01365661802828 7.24962596631365 8.33677234694405 8.09147175934196 9.34196300890313 10.3328129487072 11.5803331881219 11.5834463432637 11.4965454859615 11.0885078849901 10.8560797713606 11.3075451101508 10.2990170258474 10.1046405004604 10.3711713731824 10.4740404680515 12.6115812409526 13.7602676119142 10.6571475180611 6.93174707769942 5.00693954832799
10.2382038283214 10.1664449865116 13.2402304616086 9.26076545884297 7.32442379965466 7.2819219589325 7.03510791770714 6.24346958742179 6.61332530542931 7.10053754154817 7.47056870482576 8.09208449863947 9.1414331633171 9.20093181929508 8.00139688611976 7.41926185372421 8.67658701585777 12.897321461683 12.922052416123 9.55249739379214 9.03419622630982 9.70642374363339 9.30904128188152 8.46312594176008 8.39061438672471 6.81739006177658 7.45922245828719 8.08792588720207 8.49660113175204 9.43154407592732 11.1995119075335 14.2665465383074 12.0775755548564 13.1564295093653 12.2316732091683 10.2643668594485 10.3127043910117 11.7306185149571 10.0945998783761 9.72221768250805 9.24767813732336 11.9887898146853 12.9584374142172 15.501775064743 13.0460477401257 8.38945008912816
9.5264483409743 8.63739974360838 6.65252118191319 6.20143868883672 7.11211794467156 7.53692463141174 7.28732389575289 6.90452060578516 7.78502360884853 7.55654082837294 7.17980097688713 8.25382976584568 8.68709324233617 9.80358946606838 8.4052370303082 8.90251472948778 10.4372186949403 10.5051188712856 12.9404100660683 13.8711497083133 10.4550015030002 9.25380585561223 9.97693095926476 9.65751137564049 8.32383154462128 7.22318792842294 8.53586891702745 7.75219000437913 7.58055772888241 7.73682451531211 9.64162464283036 12.1446695700954 11.5257038681131 11.6185220306686 12.2406597317037 10.0967807943153 8.21631534977842 8.97893251053494 8.27265879345078 7.86765636727793 7.90732978066709 9.46829761002155 13.8432873757302 13.4826963170881 12.7087405564627 14.4786015855
8.31382496777348 7.46259104421065 7.18730567178622 7.16329419973164 8.08001706299406 7.34048256417369 7.89584363073944 8.28195905040665 7.98087311267296 7.81622840551725 8.74033274099305 8.33087391144583 9.889275001317 8.85891921608436 8.40738481898944 10.5934123169465 11.2955628837319 12.0828607443482 13.4120442845616 13.8384134482556 12.3469414457726 9.65745677230237 12.6853702125006 9.89473067790328 8.99082826840892 8.07056331679983 8.64623426335964 8.05436063555678 7.81469413462835 8.10612414659958 8.67719681824513 10.1670665115603 9.65323386740248 11.5380118538284 11.0224732509743 9.63480004192241 8.10208965843231 8.24104829573966 9.42004910018032 7.90945137157657 8.18623253334334 8.29919358639394 10.8042847083245 14.4309651178199 11.2469178617831 10.1555792910022
7.73599222246865 7.60399039040599 8.13397116179591 7.72431781491426 7.83885261817609 7.39877895310364 9.23203126516318 8.26312067822931 7.95419209183366 7.46561685271947 6.92764590927751 8.12364099062563 10.8359795437697 9.56952659864373 10.0047546801963 12.9216915732858 11.640989391243 11.8980243795704 12.4584501784158 12.0869620297932 12.4655248259263 12.0322174559466 11.7029670615743 10.3225921513242 8.39018790586618 8.76407043384026 8.31605487269573 8.44739384901022 8.87859930568595 9.90435465225151 10.3346673209437 11.5517524225476 8.30359493428735 10.3827577071913 11.0917794876761 10.2143882202018 8.26272166523397 8.40499011425102 9.24493577418142 7.91830416279833 7.64720089927819 7.88470562103178 10.1975231954264 13.7499471656345 13.7635252760579 11.0474873208515
7.95909784701739 8.16916149394941 8.23846897840547 7.86425120096438 7.95873558614422 8.45962118872328 9.15467164657816 8.23984434262314 8.30428391811997 8.00774627269216 8.8315828462899 9.62590833008516 10.2552860031112 9.44629184567214 9.54493371520489 11.7892807568255 12.4349730334842 13.5383721581883 11.9861364230554 11.9608450141563 11.8111529313721 11.9292189191142 11.5633922344392 11.1386477092447 11.1381149900621 10.2732949329488 10.5872449388069 10.7267895060164 10.6465309202642 9.46402196930007 7.02396947711795 9.85210751598065 10.8365097115953 6.73495876850375 9.40925439070347 10.5309701721505 9.85338898611269 8.04966361033167 8.18615248474055 7.75411182205468 7.64080039767439 7.75735289790837 9.57966750042284 14.230563561827 13.3178987061624 10.0353689865533
7.390586911084 7.21536756217142 7.98846813461549 7.76622958169157 8.0583726599234 9.09250783958383 10.9925592525934 9.28801869055768 10.8876363898177 16.0219629012656 14.4272294543979 12.8601985204125 11.0550960228301 12.536823003584 10.608264804707 11.6839543183402 11.0549737537322 11.6936088628518 12.2017553933092 11.86505751541 11.8841852346873 11.9261164368912 10.7009965105594 10.3350713311937 11.4248051594709 9.97870717096967 10.2560927774522 8.64878369988572 8.82754990448218 6.5928431895536 6.64577535498659 6.91737600007316 9.57618137937548 8.52444913747936 8.00278494928207 10.2306091515478 10.945425251618 10.5685279185983 9.64158906604469 9.56487043882865 9.36455968366992 8.68740840427058 9.64977611150771 13.6848188503261 12.8720360564212 9.69346747616721
8.61262455900773 7.35090685439582 7.96395086156196 8.14568280004161 9.78758435663836 10.8191190562131 11.4724143779727 10.3928393568183 9.72659880705913 11.7352061450552 15.1692290716974 17.4630370887383 12.6457482853525 13.8720949749228 11.1099136658273 11.3275112205954 11.4837288154715 11.6397614577725 11.641995453527 11.8308473870618 11.8120273840602 11.699760482572 10.6944065861113 11.0085741865987 11.2897194485328 8.67999372636208 5.8606320995887 5.58899787988962 6.36200333679739 5.52691693955885 5.2457590128879 5.19103562223797 6.09508454439958 6.37767775231466 8.20520084951405 8.58970899611281 10.987591256808 11.113612675413 10.857372988408 11.0126504550595 9.62932437267667 8.46673396138251 9.0855575284432 9.56240122413594 11.8442670762144 9.51411235513596
8.26482883323359 6.8067816177385 8.11541188599672 11.6193503270542 15.5722364035922 12.3443040281872 11.9424685758535 11.6428620132112 11.3654625571531 13.3334218047717 14.3006929953236 14.2452891550446 12.0321482503972 11.5344583950541 11.6640494743487 12.4177746228524 12.0938139930665 12.0742705075652 11.4825415861342 11.4304698682996 11.390032875729 11.3649336243578 11.4322148246105 11.7279893163723 10.1283256246185 6.95243703815988 6.25706858384474 6.26383510688713 6.50191490157606 5.87178591723385 5.47075813253731 5.95033087304845 6.02044956254146 6.00789310674249 6.90804402834949 7.43927685073996 8.19930669412042 10.6302259624066 10.8450327092553 10.2403220440121 7.58828961059528 8.88169142127011 8.79289859962466 8.67108088700494 10.2672869887986 10.4249041334782
11.6099478857149 9.6168118010214 7.01173693151891 9.65817968758113 15.4968201474268 13.2016702095057 11.8725386124965 11.6204999150576 11.6986366439209 11.8749876671729 12.0341675278993 11.7301925302608 11.979884825532 11.8551568049279 11.1627230843391 12.1601852518585 12.0206744787313 11.3711587182781 11.4135558083273 10.8849551331232 11.2391317898986 11.366927676098 10.6220973693935 12.7613555829881 8.84993470188114 6.69047511368059 5.34275630067509 5.25504286581415 5.87433845455361 6.25155957316691 6.45345545247091 6.56286579019282 6.66337916264255 6.21849782239168 6.97641466380947 7.7075055206952 8.23889991968154 9.07770637733269 10.8111836002437 11.1810232625324 9.58341551768858 9.05913195391582 8.19768709695932 8.7395096592268 9.57309870719419 9.41824149242061
12.1222649900051 10.20350554052 7.70709596126976 8.11077106656392 13.3831149780609 12.9005511050487 11.9270394361129 11.7097860426801 11.7680536251157 11.6968970274069 8.2457890434394 9.39324915322842 11.6268451701485 11.4472851093639 11.1700981867287 11.9392356330813 11.4055632055863 11.313843371197 11.1834366858202 11.3541291994785 11.3398530718485 11.5050658652542 10.0549255946673 8.86389712538123 7.92148901692769 6.59283351243962 5.9810574254019 5.89775830073175 5.89189382090481 7.06322925655769 6.75453041288858 6.9703962341822 6.79475911649238 6.86525347725331 7.0861178444259 7.58085782853082 9.77837747096555 9.78361058899011 9.83704587048672 10.9601612995561 10.6637272877478 8.95941860055615 8.08044135411603 8.21618203145477 8.27168077967927 8.83959540180772
11.3525434299284 7.71400029726667 7.6363226569616 7.79090594962583 10.5912530487872 11.6866026241077 11.643977170212 11.5279518806607 11.8298888214089 11.6749478371142 7.89687916328408 6.90639879469418 11.3027246572339 11.0593309076607 11.6203007896322 11.5836000274605 11.3294489260586 11.1442241010939 10.7818979928234 10.7825976646676 11.2745139186524 11.4516531221664 10.7906940664823 8.31512534234946 6.57061523721404 7.04786709980256 6.67326891410994 6.54478464939904 7.3260177425703 7.45174508046985 7.28473278501121 7.2410892147478 7.21990423535309 7.4566139165353 7.17554818645798 8.02380865782233 10.7992585215723 9.84628988753741 9.92487469025576 8.91018020076313 10.5502386924177 9.47189357818828 8.22794565542434 8.0538513000579 7.99863610328522 8.57159766678435
8.86288220517377 7.34910576055814 8.65485185517953 8.51485693849764 8.21913807166402 8.97729206077042 11.4144668449272 11.6272887154426 11.6764936642327 10.6747536339872 8.30752212340716 7.59412760334679 10.7510347593547 11.044309939264 11.6621321403776 11.582328196655 11.4484963693221 11.2651521605065 10.4113287381122 11.0368086593332 9.91375631553681 10.967861121127 11.0178257613838 11.425305611813 8.78957748972588 6.78217995694618 7.3798668922102 7.75999862521718 7.4630710108736 7.4192377226895 7.58873220990238 7.36563733720215 7.25199704290354 7.38352469761042 7.41183603180399 7.59285963039643 8.23576312069371 9.06052566089968 10.2142029618295 9.8281883028664 10.0246921565712 10.1723760882459 8.52334323224622 8.19639782238202 7.96306411455658 8.11960826403016
8.60947719615515 8.00369436624018 8.1771248577528 8.64149879212659 8.40617095766355 8.54390388251075 10.5661025233 10.1578120408396 11.5655138033854 10.4587590984858 7.91447835284668 10.5424234534507 11.1258357722863 10.7313249788989 11.1747293961992 11.4349311370192 11.2960389434743 10.9479851122043 10.9527488868916 10.561927423864 10.1688125305667 12.1335165110868 10.2190890543571 10.4276701733857 11.0334506234546 9.69203525441513 7.46378172052275 7.96512332447047 7.61302727530418 7.64408633961776 7.58920807115761 7.6332927528375 7.21025049153339 7.30804635830264 8.9016276148609 9.76526480644441 9.57755990989544 10.2575490026238 10.7001284776476 10.8676405978365 9.06080373027755 9.2873641317163 9.05936079730124 8.29232161320989 8.06466365112634 8.37009428245857
8.55834032203492 8.4137476382046 8.38919684967274 8.20778100929706 8.36278101345226 7.88869660953068 9.27012068981941 9.23612261372728 10.6659685211177 10.8863651968951 10.4015984858201 11.4433191533992 11.6069960912582 11.2596972634907 9.29328281467578 10.1428437698777 9.81508327981918 10.8887521052795 10.8576517551885 10.3796544596273 11.2240905986705 12.1336761258902 10.9971565806955 10.9892274399092 9.84934674276251 9.36273256021541 8.91556660857905 7.69612068735138 7.62618271916393 7.72378823887797 7.57086546066877 7.48458551123578 7.44493919334823 8.27126087316293 10.1665159468903 8.8132973988832 10.6905514118073 10.4673585860779 8.24925921918763 10.7953410890075 9.42359235713787 8.97252421907832 8.78353558954708 8.86187526083146 8.69023061639061 9.09339189044768
8.36422784593231 8.38708120310041 8.45240602590865 8.30911967345171 8.38532313677418 8.30858968265321 9.11641156698293 9.36773635791126 10.1101331128148 11.0684682671953 11.2142899241543 11.3236037699526 11.5134568791604 10.2086952004208 9.30063803680414 7.03881104441527 7.82719876531933 9.08753467272424 10.605008198974 10.339501237941 9.41424557520034 11.3370501659534 10.8129560395045 8.90963270596884 7.05687097303873 6.66404843770079 6.88020541227333 7.71491099066399 7.64019042652936 7.11108949480155 7.82006689233923 7.69390296924832 7.65379519692885 9.86534487919388 9.91518112184252 9.56052477378183 11.0458869823525 10.5117441109751 9.80959593084826 10.3600097599763 9.94641606980097 9.26511209484536 8.35027304527444 9.41739567083181 8.56636811035255 7.93454268087438
8.45582765901919 8.4309896853069 8.25195987982059 8.37953412435161 8.48840646628136 8.264754892567 8.34054963486141 10.0163502910457 10.549842155909 11.2871680161296 11.1600250271374 11.1643247606252 10.2655752135556 9.45833301323012 7.58383943239874 6.88916803396519 7.01605210690121 7.07759834033632 7.46745273404483 9.49658901942534 10.1097880197774 11.0047889009758 9.47419663251953 7.04434557527031 7.05641906525936 7.02486421984648 7.12069313375472 7.50276940393683 8.11483587721177 8.49051293481867 7.32176422458075 8.73285258444909 10.4935466544455 8.58062682359114 9.15095534869254 10.04212178438 9.83479504817533 9.23412018736971 10.281205330156 9.08315319145033 7.44564026334149 8.22192120065978 8.06123031367742 8.1254142674131 7.67251440289426 7.92709419082401
8.1938553182725 7.79351136119645 7.4180091472574 7.87749827101045 8.13596990771946 8.0623396248595 7.85175748469239 7.43086639324656 9.90435706164385 10.7988271556259 10.917086616971 10.7742769094613 11.1045220880482 10.6951431628623 7.72654224327345 6.86067458658748 7.44166010059804 7.95806223052908 7.74179406591901 8.18691945432093 10.408124831312 10.793688364691 9.05473536433512 7.70623602851698 7.16054066289508 7.27798153406346 7.05155660080455 7.84379224858816 7.64970679839243 9.83627196625505 10.8020309326162 10.6169457654733 9.98457193040545 10.5056928176982 9.81384787037577 9.56737426001745 9.11814560557946 9.89367238872163 8.74972723288389 8.26766277168897 6.99419662358224 6.70550984762629 7.48763709466772 8.48129581276075 7.1277986933638 7.27310403930349
8.13840563134042 8.12597451978134 8.17441048726323 7.59560669855541 7.41987181761067 7.39311839406462 7.46319461003079 6.96191277497109 8.38300967997264 10.3789868076276 11.3553722668209 11.4108557826397 9.87464779098527 11.2524795256617 8.27291010637198 7.12695317983276 7.46910388787903 6.67011037943048 7.23888320606652 7.54575510511276 8.83453377289157 10.7043731612789 9.62949264550183 7.46523363430367 7.48005420442453 7.11041076919911 7.8009297741606 8.02417678262573 7.55127131806986 10.7861040452908 10.8222883886044 10.81053992867 11.024463381561 10.2526839220301 10.6378403512493 9.06065267964519 10.1168583345962 9.78055494736329 9.48093157594324 8.87542635813184 7.12901348504586 6.41844051618356 6.80579322468743 7.20298441782446 6.69405906474645 7.50033936067487
