IBR/IBR_outputs/all.combrep_1/single.surface/Silt_Total.asc
NCOLS 160 
NROWS 95 
XLLCORNER 210004.651214014 
YLLCORNER 7350008.22228844 
CELLSIZE 4999.99999999997 
NODATA_value -9999 
[rows 63 to 83 of 95, columns 92 to 137 of 160]
11.6070053770656 11.7021950322393 12.1426180530644 12.1266966144159 11.4240249539052 11.3884112196474 11.4352938680688 11.7592512006844 12.0608793902832 10.6472592067864 8.15767346573125 14.0033066561606 15.5144345745854 14.2763811776954 14.2927165723078 14.0964798113816 13.7478250960635 13.1346269599554 18.3617228090767 18.5632325488614 15.839716335535 15.3586822624143 14.074232555081 11.2622214146573 12.4961081385416 12.7223311485096 10.2692081702627 10.6878039956824 11.3382319357784 11.52931772822 9.73011669733101 13.4634027493933 13.6717272994913 14.8549632372565 13.9834132529764 11.4272602650629 10.6667870201986 11.5962449215297 11.7250000378927 12.1336952251869 11.3571231723751 11.8268832167425 12.0152072789091 10.4760582382598 9.2899778826886 9.75372400252657
11.408070854184 11.936335368855 14.7551528146984 13.0945474941217 13.1757937910913 12.446090313462 11.5504483946881 11.5446633768205 11.3746558610173 11.6229002083474 10.5679982346586 8.24081596551598 12.4619635881432 12.3650268515138 12.2005163917676 12.4711594678768 13.265974466996 13.3321878130693 12.8269239361469 14.3111742956685 13.588419652034 13.707291626913 13.7488535474952 14.2675021886494 11.6489051314811 11.4047956266137 11.6716196186953 10.829979706306 10.7191239330484 10.2592821205704 10.1890791420091 12.6644323360568 13.7405593234506 13.8060418126198 12.1973268454187 12.2324068408088 13.0418296496535 12.8709803639553 12.1984068511304 11.4273798104229 12.3102955013211 11.3831002196263 11.310578446687 10.6342187685406 10.1424711361461 10.5584879407313
11.8732854058052 13.1798977037002 14.5013845081525 14.6716281405021 13.0027329097952 12.6254852356247 12.1193952109044 11.6972102796896 11.5047215444647 11.6235189183525 11.5311883372149 11.6419502659411 9.88998996496886 9.90015921867539 9.65272833028884 10.0750134074287 10.935567904289 12.7071806370791 12.8888738066648 12.1201831642012 12.7343606233409 14.9337637745463 17.9108194572602 12.8823947464053 12.1696425925811 12.1909958714044 11.6069775196574 12.4200759083448 12.6612733941789 9.73248820552335 11.1299283481474 11.6330039612696 12.322973805172 12.2783840175737 12.079738427755 12.7535560519494 13.5079248854174 6.96646611084378 4.59819987262698 11.4786905355747 12.1775293398713 12.0283287671721 11.8949122105791 11.3568483554788 10.2895752964345 10.0260292745956
12.6274921219767 12.1253670188656 12.2315977906853 11.9323907530227 12.0298985291335 12.315960796341 12.0133648951195 11.3850451356736 11.4141176526406 11.4463908535679 11.4552314308892 11.4035544472456 11.3290268728939 8.01564910194245 8.45166301119446 8.10590464259447 8.50980341901509 10.3255024120135 12.2065026755276 12.9681278905041 15.3367215710507 19.4196218239519 21.1578013905086 15.0900699309124 13.6383849230021 10.8595217695071 11.1777250918636 12.1925202593836 16.6752480323598 16.9765433306223 10.7789817236728 10.43416657303 10.6801515678176 9.7106506670027 10.0531729751754 9.73638541354483 8.28332638252062 8.3769827448164 8.94609087686485 7.81610071938759 7.87744316949273 9.01472064325228 11.5169429312557 10.915707325558 10.2443687589664 10.8325268473616
12.6243657232487 12.3954627564321 11.6204016795806 11.8418354560059 11.8917210876024 11.3510310584095 11.3444348663154 11.5904535195544 11.6102437544001 11.6536349169928 11.43557774954 11.40137799413 11.460319880018 11.1460324008934 6.87598512843428 6.4732075296122 5.79619499407522 6.89566675205927 9.86748200117573 11.9792664100324 13.5611809201883 12.4569378876161 7.82344182870344 4.93494999877017 6.34365562914785 6.90003210398378 6.56169074699502 9.56802595331927 14.3944878493253 20.3107388748816 18.5917486110597 13.3669452069846 7.71589720239019 4.54001212276485 4.0014042049898 3.44881974028749 3.60412945998899 5.3292031588986 8.80715628718773 7.34252922711067 5.53314825628837 6.86374955019758 10.3317135149313 11.5452821219371 10.6181613172511 10.7801856879345
12.9043078590224 12.2004410959179 12.6177493147932 12.1719649417384 11.9360356462951 11.4855631760018 11.3415318837143 11.3415279610769 11.4944687460865 11.483424424182 11.5533435669639 11.9093901856696 11.6398079689244 11.1208308322855 10.5505451700149 8.79348819245913 6.20097448457434 5.83222312430029 7.38359383775184 10.559364018519 10.7655611655644 10.6062931996728 8.48962794022215 7.16961762203181 5.67266406395888 4.78221639468069 4.391733092895 5.04186015420944 5.76000476724728 9.2419010793119 15.141224754916 10.6131929040338 4.65335300973807 3.80024685000798 3.49483805390581 3.05334538284155 3.06251799860896 3.31982737484338 8.45562947417722 8.53738968284735 4.75562239286251 7.16277783907374 8.6639931141797 11.4892601257633 11.5711610360859 11.2995856538549
12.1818835518854 12.4509828288581 12.4919269517766 12.3266652360908 12.2079625612288 11.547330210315 11.465990283969 11.4040635043064 11.4355225500214 11.5734781445721 11.5862817570655 11.711849699616 11.5115379177472 10.5431836880877 11.7853401021329 11.7393753889349 10.2443736750822 5.51154302699059 5.79146569429691 9.61466750150547 8.86217925858631 7.74718332210007 5.51356067790159 4.37338133681262 3.53962538966403 4.01407043643296 5.0775226309715 6.32167370553395 6.92017121869252 7.63524903781776 11.8280658022913 12.3042657367143 4.97938612213216 4.48481460585474 4.03587233396532 3.01965105839776 3.08898333856132 5.30800534729913 10.3562611337889 6.39328961046539 6.24191373770402 8.86427010799297 10.5108304794553 11.8276523586851 11.1710631941922 10.5441477831994
12.3215864290301 12.3553789152108 12.5924572104013 11.7957896094045 12.7749952782515 11.5938679609242 11.619536167862 11.4172881948259 11.3824004149244 11.3536843327541 11.3499871240731 11.3685513587156 12.165110792673 11.7194206209818 11.6440635677683 11.1588211295356 10.9758461572656 9.93582298199709 7.58796442298976 7.24038645900764 7.10658971940653 6.25414207755028 4.47206615909146 4.86221695514346 4.90207053679614 6.10131472705947 8.04383324292888 8.25577160534969 8.00092033683828 8.23551242185308 8.66373868396414 14.1247179093935 10.4998369560761 5.28776349893262 3.97816652722557 3.23043992566402 4.1445970926284 10.1522808331692 10.9693904672166 9.32426602498255 9.46871889841058 11.4865634538794 11.6719364394442 10.8568854752704 10.3858330105848 9.90734135877189
12.2132538681779 12.3661494673656 12.3424848066216 12.2934994623087 11.9030642202843 11.4752709826605 11.574288539 11.5316335595131 11.5600733871039 11.5185416404548 11.3924492391556 11.4730767968309 11.4246935118599 11.3372645521476 11.3624881636129 10.9507884584782 11.4763694908755 11.6235693720096 10.6619269531312 7.82501396599374 7.16157021394542 6.29326451058691 5.06244376179505 6.27712149674526 7.86770296080893 8.15774148679209 7.78277661717351 7.50334160283461 7.35367868339085 7.9426398621469 7.98079521863234 11.8662559588038 14.7435187063421 10.6064814401045 8.88887361714735 5.11350852842119 5.38692862588032 7.2568576443561 8.42919030783079 9.92876622637636 9.75790084481264 12.5117260429035 11.1343062469676 8.81978015446848 7.78684335496538 9.01493059424593
12.1187490589946 12.2580590845987 12.2459381227547 12.3787291627419 12.1586552454542 12.0759052780526 11.6832217047087 11.7997807165522 11.5055975302927 11.6557960996484 10.8282652946013 10.8554675626197 11.5113544786601 11.3608781083137 11.174003869737 11.3489406331994 11.435037589954 11.4147609067453 11.5892488067474 9.83030750335644 6.71099333954156 7.80416115042513 6.23633191341567 7.14948302840486 8.37562451955951 9.0273522877246 8.54399357707262 5.3824593564196 5.59601273654431 6.52060505944467 7.52350542851567 11.9589768272461 13.6837670307082 9.72023725858543 10.6973757838717 7.33954307669509 6.43167367517005 9.70059830316109 9.83328587069413 9.54018195417216 10.6012779638746 12.2412565135574 11.4247657543541 8.63100987689647 8.53253017637256 9.8587032671586
12.6000126128949 12.8281497788721 12.0956587552726 12.1497604146362 11.7065969615476 11.5775304716634 11.6112667269106 11.7293606195376 11.4568090021517 11.175068848921 11.0041587394024 11.6873766719427 11.6797614940984 11.6127011063761 11.4991908662964 11.3142663789841 11.3806562615489 11.4834968978422 11.7474359839772 11.1822765952823 9.2382733871602 7.91585727317534 6.52892014230556 7.0513369842147 8.47302550543493 9.36840465787035 8.63118804922795 5.32645670022049 3.60851803000974 3.46344756898617 7.33445049732606 12.6247029696062 12.6115616628653 9.8016759945372 10.5101153340784 15.5449887346416 15.4286605163929 15.8259841883563 8.89903453416227 9.35704495365922 12.0538518126361 12.2389668930152 10.8503327120206 9.73235942718063 9.00479334661978 8.36110780528488
12.6823285955088 12.8392225695516 12.4461984679668 13.0151352772175 12.2836989202055 12.4269592437413 11.8385257344731 11.8034214337343 11.7212851351585 11.7289733864264 12.0473646189668 11.8387957020709 11.624692665274 11.8542198491748 11.0814470136937 11.1155199305767 11.3607315086921 11.6178371212118 11.7719036472917 11.643719309126 11.5177416084584 11.2982968098315 6.53952026810878 6.63538040330238 8.76626286453571 10.0416626887143 9.24923300558559 4.38324951245432 4.70757240082427 4.20925946631051 8.47754214615242 12.3180364689003 6.80555830134569 5.57133970333974 4.38973088057594 7.57532723102633 9.15200604512953 9.75929216362917 9.04016308056385 9.89609366943982 10.8342492979502 9.37245469858341 8.88233413225113 9.11995908213436 10.620812466555 9.50665921397123
13.386518256355 12.9512996340144 13.3165946641175 12.9932993229432 12.9154801382375 12.4468113548981 12.1486954433943 11.4918214069936 11.4631522309732 11.3705877127417 11.5739508703417 11.5105877494235 11.1819758912024 11.2648969546309 11.6250086867477 10.54026546759 10.9231861507518 11.233328544603 11.3737546607017 11.3694457551165 11.2771769341882 11.0521219019763 8.56186755755848 6.45066202630059 8.57686560801048 10.3150835512513 7.55679377991805 4.80895198581406 5.23144006531457 7.11320475689889 12.2446852823653 6.81684112284284 3.31167429618006 4.76013683363221 3.14839746618156 3.54599281667386 6.0408165082056 9.21676696847702 9.10082167928669 9.64155586111366 9.85149263721925 9.43543530625252 9.77739943279605 11.6892326526617 12.1345574419427 11.0798977825154
12.4832963713319 12.6764460124022 12.6769623517121 11.9924009203997 11.5799808384386 11.427880332966 11.0409865103641 11.0002640365618 10.7809258497486 10.9886837386674 11.2883674186395 10.8607363020718 11.0526675281547 11.1240863402197 12.1487418639785 12.3111092512725 11.538048858856 10.2295616619044 10.1212578748293 10.914651217997 11.2880271453387 11.4144944130224 10.9737704483258 10.6165188354507 8.48127816706542 10.2544718881316 6.80634024795537 5.16830264520105 6.5153270331013 10.3179271276662 10.1657867818634 4.72774891436119 3.13864542262038 3.69362315455613 3.19503652668227 3.09896232503241 4.27401196979925 8.20201146146243 9.38121845448491 9.195534951448 9.47901037929977 9.91819386293326 10.4899809971679 10.4893115827525 10.9507321569207 9.50051570821762
13.0706564784267 12.4428709135267 11.9728655770536 11.5908352270893 11.4686852599639 11.0671455352037 10.3696324792713 10.9973143782307 11.2410796205809 11.1000404445966 10.9232704730485 10.3643990360823 11.3434070008179 11.9529004148283 12.5302835657173 12.6579817943035 11.3125691847894 10.7444590168545 10.8258356632334 10.9155655710929 11.2740892271427 11.4362480426484 11.6491378029186 11.0006361462453 10.0558761199887 9.09412347655413 8.29321162418895 7.97900376800632 8.73527494793813 9.43641206485655 4.50078585560625 3.80406918453331 3.12965685444237 3.53179830366597 3.86894693923753 3.58108060282137 4.96313720410914 9.3026742597055 10.5631742157714 10.2712009612499 9.15214645007215 8.96716509163728 9.58761000463656 8.23987365324138 8.9541264078773 9.73130658232386
11.6743593647655 12.0686097394895 12.358344979673 12.4313772248094 12.5375961814033 12.0666044671827 11.9323624066129 11.9939893752369 11.7064715968583 11.2777046327233 11.4450784804788 11.4966153739775 12.0332677829364 12.2246345158554 11.7312768740707 11.4282639447827 11.2274855725735 11.3531387315798 11.3922918970566 11.5590122226981 11.5829866231532 11.3242151112482 11.211582878655 10.2571849347632 9.51430652314501 8.8839557357407 10.5262338120361 9.7289435873112 10.0347583193436 4.88694520689767 3.09061975922509 3.52682095402359 3.31851434227104 3.91904772118575 6.15831862069458 4.42625726861734 4.06779463970927 8.03935697580827 9.54637448511263 10.1063496652831 9.40502804504952 8.50469411736105 8.45460996361548 9.33868890718984 5.96109289068654 5.5643601232942
11.525769904531 12.677292086375 12.5849996948994 12.5408536172231 12.138717640007 11.9573561693244 11.2643305666238 11.7977542321474 11.9934327914869 11.8855882152526 12.2172791447461 11.7744172280825 11.6089621330928 11.338284228245 11.3699486267575 11.2471715146799 11.2080468003945 11.4853773596133 11.6491404620376 11.4308653596765 11.1345221318455 11.2150677064031 11.3600796781738 11.3132310717438 8.14328041737159 7.45867878002261 10.2154458261976 8.96862700985906 10.3440472440525 8.51770655738311 4.02276623745275 3.59232773688761 3.59325375904424 6.10464850373156 6.75917300023903 4.11980399771934 4.51436774697294 6.26854781218235 10.0635916857525 10.658897015711 10.518281966617 9.48936589388506 8.82054433312168 9.57518801101972 7.75723518094994 4.24437342273219
12.1635831242451 11.467231740721 11.0234920572131 11.0405608369006 10.8477397624053 10.3407494782488 10.5687533208827 11.0932407461061 10.3025916886132 10.5010369106224 10.8646732815369 10.5368189943984 10.3488355636425 11.007554943281 10.8243223945694 10.9190484595005 11.2725859509189 11.6239145849231 12.1923875205911 12.3469635177352 11.2379122265268 11.0001023637265 11.8109691942001 11.893360360113 10.2168078047289 10.0365661037502 11.3112872550849 10.3051643263234 10.8467423790712 10.9928952896448 6.67608009142447 3.95743723918866 3.53093083942563 6.29597444027913 7.077783284849 4.74526480175426 6.07885345980894 5.41479729977821 10.3995198999496 10.9965613244477 9.45454186350849 9.37414056798473 9.11372819585067 8.70806760719246 7.34736108770484 7.36823705679045
11.8969357355472 11.9105253908381 12.1132712803626 11.6146903138904 11.3104792418157 10.7524329575803 10.1175902925047 9.88584143274903 9.29114561804664 9.54852998007118 9.56268448047235 9.33951901358883 9.25928594521347 10.6398645391042 11.11852907745 10.7973301434694 10.9610613404916 11.1207119915163 11.3223537191207 12.1276676187014 11.3519887047383 11.7440573800012 13.4659553911518 12.0010842050468 8.54373224621831 10.3407803764304 11.5103370187247 12.3138192454372 12.2851949468956 10.5598233511244 9.859452975656 4.80289762929784 5.51613931306724 7.7664882981672 6.34696637007324 6.03773151634654 9.30701355586083 7.60067501499717 10.0996273707633 10.9476959741547 10.7207280211124 9.33663303359803 8.7322641445559 10.2307380966625 8.81459869400848 7.27838010285029
11.7798925960651 11.7723158620907 11.6446085462323 11.650714727283 11.290904675874 11.2880675606089 11.0493862995746 10.8629160485216 9.42138767769148 9.46137665236617 9.9749746804515 9.98621215171114 9.65197242678425 10.1881603626269 10.6280973395569 11.6535724126803 11.5446567664077 11.3876561563418 10.6277844763687 12.4338768992784 10.8207627194887 11.1501864841111 13.977029693384 9.14488382929569 6.56263067681117 4.21502702371404 5.16582983677455 6.90578144933418 9.28472179310048 11.7784586712243 11.1856002263254 8.85133050151811 10.1434497752165 7.70660366715291 4.69318519783681 5.44510878800722 8.18410273588399 10.8557030250261 11.1434519423537 10.2065686232414 8.88584913711393 9.43641792089928 9.69342108166821 10.2297618220408 10.1291764906759 8.85258298670283
11.6314351814983 11.3497725885618 11.1234687820863 11.300043554591 11.1333897345079 11.1242646349914 11.0667565906413 11.3433546936872 10.8646427194799 11.0633363011528 11.0848127329449 10.9896826741569 10.3638111772342 10.6437803071498 9.35638527787442 11.9224100514967 12.7235673788775 13.6494316853185 12.4271504054944 12.8591547882676 12.4415927299741 12.0372307806458 8.85217978630376 6.35089758131667 5.30046471728858 3.9914587947887 4.36447060422139 4.32893734609924 5.37859505257563 7.15958932779564 6.00476225926225 7.49723140201286 7.75507019801368 5.80299974604471 5.00602685080406 5.37568474177213 5.0127432376497 7.2217887845344 8.59661078165117 7.38212967455818 6.8836845836647 9.79029189229813 9.68832085568349 7.4872780513231 7.94806882525228 9.10124040991349
