IBR/IBR_outputs/all.combrep_1/single.surface/Silt_Total.asc
NCOLS 160 
NROWS 95 
XLLCORNER 210004.651214014 
YLLCORNER 7350008.22228844 
CELLSIZE 4999.99999999997 
NODATA_value -9999 
[rows 0 to 20 of 95, columns 92 to 137 of 160]
-9999 -9999 -9999 -9999 -9999 -9999 -9999 -9999 -9999 -9999 -9999 -9999 -9999 -9999 -9999 -9999 -9999 -9999 -9999 -9999 -9999 -9999 -9999 -9999 -9999 -9999 -9999 -9999 -9999 -9999 -9999 -9999 -9999 -9999 -9999 -9999 -9999 -9999 -9999 -9999 -9999 -9999 -9999 -9999 -9999 -9999
-9999 -9999 -9999 -9999 -9999 -9999 -9999 -9999 -9999 -9999 -9999 -9999 -9999 -9999 -9999 -9999 -9999 -9999 -9999 -9999 -9999 -9999 -9999 -9999 -9999 -9999 -9999 -9999 -9999 -9999 -9999 -9999 -9999 -9999 -9999 -9999 -9999 -9999 -9999 -9999 -9999 -9999 -9999 -9999 -9999 -9999
-9999 -9999 -9999 -9999 -9999 -9999 -9999 -9999 -9999 -9999 -9999 -9999 -9999 -9999 -9999 -9999 -9999 -9999 -9999 -9999 -9999 -9999 -9999 -9999 -9999 -9999 -9999 -9999 -9999 -9999 -9999 -9999 -9999 -9999 -9999 -9999 -9999 -9999 -9999 -9999 -9999 -9999 -9999 -9999 -9999 -9999
-9999 -9999 -9999 -9999 -9999 -9999 -9999 -9999 -9999 -9999 -9999 -9999 -9999 -9999 -9999 -9999 -9999 -9999 -9999 -9999 -9999 -9999 -9999 -9999 -9999 -9999 -9999 -9999 -9999 -9999 -9999 -9999 -9999 -9999 -9999 -9999 -9999 -9999 -9999 -9999 -9999 -9999 -9999 -9999 -9999 -9999
-9999 -9999 -9999 -9999 -9999 -9999 -9999 -9999 -9999 -9999 -9999 -9999 -9999 -9999 -9999 -9999 -9999 -9999 -9999 -9999 -9999 -9999 -9999 -9999 -9999 -9999 -9999 -9999 -9999 -9999 -9999 -9999 -9999 -9999 -9999 -9999 -9999 -9999 -9999 -9999 -9999 -9999 -9999 -9999 -9999 -9999
-9999 -9999 -9999 -9999 -9999 -9999 -9999 -9999 -9999 -9999 -9999 -9999 -9999 -9999 -9999 -9999 -9999 -9999 -9999 -9999 -9999 -9999 -9999 -9999 -9999 -9999 -9999 -9999 -9999 -9999 -9999 -9999 -9999 -9999 -9999 -9999 -9999 -9999 -9999 -9999 -9999 -9999 -9999 -9999 -9999 -9999
-9999 -9999 -9999 -9999 -9999 -9999 -9999 -9999 -9999 7.38593199543458 6.87867416277197 6.73803210849418 7.14636602306047 -9999 -9999 -9999 -9999 -9999 -9999 -9999 -9999 -9999 -9999 -9999 -9999 -9999 5.25385311582945 8.42550427584129 12.3590185841581 9.33115934405136 14.3601295908154 6.60568937088502 9.8272637102226 11.3101424714091 14.2321006281225 7.44997963393608 7.65083156760118 6.71546687022769 4.61773679008428 4.09899534888469 4.58575082780529 5.24163885292761 5.60521964662021 5.2036831692787 5.47702084232474 4.58934518666774
-9999 -9999 -9999 -9999 -9999 -9999 -9999 -9999 -9999 7.95332829237965 12.0412027522753 7.49865932779197 10.2410801928296 5.44587881987109 7.47779604476448 6.64872126188666 6.79386734271927 5.96883684667667 -9999 -9999 -9999 -9999 6.18060654728865 8.36388308900857 7.25517905897889 7.9732904895074 11.1129373720492 10.7720193466826 10.6372532546798 7.85930155482847 6.76961428770931 5.26007999064493 7.77199919925966 7.21552142682529 7.29226377752813 7.04511311397896 5.78438641304896 5.96592816534492 6.10749470998635 3.93964985379207 3.88358711382556 3.89131615135996 5.13145645139332 5.12191229269701 6.03619857434776 5.28367413658084
-9999 -9999 -9999 -9999 -9999 -9999 -9999 5.13863550775232 6.25928076101683 7.50789314766394 9.73361744343435 9.89541818015123 14.8686054680309 19.3137581154559 20.3353399163941 14.9270119186511 13.1854073576052 9.94892224615746 6.95860323419071 -9999 -9999 4.08980884257497 6.2213119512532 8.98552333610404 9.98588046313429 6.59058135253556 6.69697400493 6.66802342365369 5.57981004660658 4.82605145935356 5.57420188538038 5.02073930321126 5.59884291138948 5.33818015014751 6.1399555868673 6.35751351800747 6.67497794333265 7.41574017878732 6.22126771852036 5.80398341099723 4.42386219813944 3.9410905073651 3.76672394396751 4.81054104739408 5.42376138479235 6.19798996799075
-9999 -9999 -9999 -9999 -9999 -9999 -9999 5.99140681589229 8.73767862558813 21.1550919933579 15.1113157298208 14.046039652019 19.1563055488287 15.5856559064527 13.2763208878149 12.0144101107304 12.3988679266858 11.7609337753509 7.92429931194905 7.2498847206466 7.12942648782586 7.31408509735191 6.99138746099445 6.06769222660105 5.63045884451891 4.6123749224167 4.97157784272728 4.81784223659124 4.30552919554116 4.63560050424788 6.51686465972238 5.662848434366 3.94741818568587 5.08476201112391 4.53411370545515 7.41021658715471 7.55793937397415 8.27150454807078 5.89605787619174 5.97471435658668 5.04690342710448 4.88223259854879 3.49407267910215 4.44814464792226 3.70946680038759 5.39644802582371
-9999 -9999 -9999 -9999 -9999 -9999 4.49154786991849 8.70850853299331 16.1961137889291 19.0178403667583 20.5245709266415 13.3576426742955 16.3957258767132 20.0861225756208 16.3891499853368 13.5423098122836 8.43537634496077 6.461326530359 6.082536269454 7.44011698476061 5.6242651184136 5.58309770893544 4.71323886526575 4.39241002850162 3.97221923048172 5.85933516833252 4.32817034769097 4.38490078121072 4.06934673230976 5.56641048480587 6.52864613257044 5.37864305711591 3.76045108498303 4.50220516707963 6.8442267193306 5.88686021708426 7.58251108388552 7.86022445986891 5.53139450563924 5.06599719703199 6.07784251053981 4.46886281729532 4.71189165862391 5.43907063664916 4.12906220230941 3.7493392835619
-9999 -9999 -9999 -9999 -9999 7.42342942995361 8.63356795903163 14.7013352502118 18.9214799353846 16.0289396392903 15.52464413634 14.2474304526457 19.3504699645991 21.438095217285 17.7045272686439 11.3613035156532 6.50178658137878 6.78204846854859 6.15465228457639 4.73726478369089 4.50263794897888 4.25995779252256 4.33866188751601 3.75870814039796 3.84010675518231 5.13170330891593 4.19830188333952 4.40336734663402 3.99024746444098 6.07114532759288 7.55161019229939 5.85384183046497 3.79987482686241 3.57954758665606 4.87305078239045 7.01109094261708 6.68728334962484 7.2430161408653 5.40950903758398 3.63699721593176 5.54910877710443 6.12175421361394 5.16772346147018 5.17811575416238 6.77909031293261 6.62456564252002
-9999 -9999 -9999 -9999 6.7459428408103 8.99820137993645 5.20217242451366 9.01679174810676 15.1641752699441 18.4482860752138 15.4184498163026 10.7762775381667 22.4486211419374 22.4265162985604 19.7595487402392 14.0651091660756 5.05753291399432 6.51844576956638 5.22273250600792 4.72282627831723 4.55975792978779 3.87525852669073 4.23472505988057 3.60637196014998 3.58645516411528 5.93784977192268 5.79864137092982 6.38247446835651 5.77407420075276 4.2550974247343 6.57751075423651 5.81513206205245 5.49447954934646 4.007031656372 3.87624830778219 4.06905668213739 3.86141303768461 6.52418715555067 7.83808851304351 4.6538051914017 4.2952781613256 6.07717370745428 5.91175807478358 5.22107982687126 5.71323719146385 8.19730062780766
-9999 -9999 10.1741153054935 6.91504997191909 6.77331516448166 9.72894477945425 5.09932187388368 10.9191442581149 8.39427449718981 10.3391366699248 12.7002622723376 11.4676912194453 16.8619381100702 24.013099702477 22.3455403678449 17.9527794051219 7.46243861179544 4.72389620346829 6.34164773696295 5.03115083808266 6.31160652370869 5.01284152093991 5.63671452965097 4.34976696584991 3.89482969747136 4.48736224686275 6.78573700020086 7.98588479543598 7.08798056213514 5.55054081386346 8.36359634472556 6.23824565752882 6.43762577333721 3.96519567357335 7.55406027126061 8.02036220796964 6.01385881066023 6.64143927264635 7.5314107789444 6.70278331815095 4.51428912630101 7.45526838837963 5.83147882371604 4.13027033157016 4.2177940548851 8.01687911566849
8.1147411339536 9.15097145962018 8.86940233880625 8.50386905471207 9.41871180219425 9.17378690551989 9.55619795035836 8.39609062244772 8.21317238454388 8.39546657929249 12.5127111008162 11.0741698779397 11.2973237147024 13.2622676989734 16.9318372702377 16.7950194820438 13.9158623894684 5.76954260377209 6.19625162245518 5.73270821038558 4.63421800754675 4.90637728260976 5.52696329400577 5.51816973523743 4.01137628903868 5.91833913135188 7.44631924853098 6.65769019637363 7.93214842006645 6.36925863061225 8.75659466168289 8.45221008669215 5.67810525919482 4.81748999446626 8.06265183458775 7.02078491820816 6.29902194084369 7.67575001048384 5.57561487636557 8.05785782527714 6.77701753150682 7.663674483393 7.24877008121146 6.2746956029502 3.99193945664471 5.83410461748283
7.68720999118843 7.50796960438492 6.96919465122358 7.52014016433016 6.90307822684865 7.97736294970804 8.52153745913651 8.66608450930103 8.08848796871965 8.33290861415211 8.65762468024593 8.49011346712811 8.90786226229606 9.55516685429915 10.0213110046613 12.2772403922023 10.6391730201311 13.3024816114508 9.83212948641337 6.6817606852965 5.98569638738381 6.21311214631679 6.31840340234903 6.47408757877799 5.60392619083413 4.6038890143817 6.39206498471928 9.19475488642416 9.04463797006411 8.31287484810039 9.05330556065991 6.26599034334454 6.33979778165828 8.6931886184144 8.14138424020119 5.19858646145433 7.2116500126215 7.05290189023525 7.4620523882415 8.30144097066001 7.62864333146019 5.74298457638262 5.45262739331565 7.55373585036554 5.46784466058838 6.70042408335347
6.53264799934363 7.30479951212153 7.11236062360276 7.76852769031758 7.57853195902716 7.78750264722509 7.9054919508996 7.790205422266 7.34883548834904 7.82688617874194 8.8881921531347 8.01249431219576 8.14070693781129 8.82756456375501 9.7679030058462 10.021665223613 9.99059734703852 14.5529396260166 18.6265835281618 12.5934826844516 8.15558331724248 8.68890271603513 8.51251728380297 8.52724521886291 8.80040968479251 8.3004665547999 7.62181777064645 8.53239739416892 8.84027815779867 9.79011959238761 9.51945104516459 6.10587749230737 8.77109358239248 8.6464271007699 8.5871858838485 7.92538679646272 8.71801832053448 8.48180092935643 8.719212070044 8.6214739534446 8.52168894577061 4.88082864873781 7.84309026161728 7.65781062310626 8.86543658318936 8.05058874672148
7.05246662065769 7.58491133937992 7.78026258344737 8.21800415012268 8.10395076777762 8.09085904503841 8.31856226883791 8.23061323109324 8.33986447450354 8.76321915242389 7.8526026945998 7.78829151974688 8.39267350247049 9.5422234756527 9.86997044417841 8.81103193736118 9.89196409648817 11.03198135878 12.9223777485554 19.7360358981337 10.3986592697187 9.00498606187555 8.84691879599763 8.12480986467931 8.43821129900164 7.94553932061917 8.21878249248533 8.82896627876036 10.4193063322596 11.3583769132801 9.66090069550151 7.88852799926769 9.01350206925043 8.76324161308185 8.20469613417586 9.34083702548407 9.35660788632713 8.30127420379252 8.20109754683356 8.42529878966044 5.75424819770742 7.51642108374039 7.1473733830471 9.13082700576651 8.7178537111897 8.70251457334197
7.57501271375954 7.42874849298379 7.5141660109187 7.85550787711863 8.36596816617233 7.96448591954921 7.79797945619253 8.59067859333765 8.16030059710171 8.71491343056711 8.97949833987019 8.63172146484152 7.88153713472026 9.2044483723813 9.39791295216379 8.49812245247583 8.65111947034777 9.62047586906633 11.1013668846808 11.6214730053811 15.3738513578991 11.0240188271234 9.21102174058886 8.72154719984974 8.1056829898411 7.89329648604119 8.57584583098804 8.31672259848548 7.42596980077585 9.48693382834718 10.9911754106817 9.28062974520806 9.01256538232597 8.29262554011684 8.51290186023058 7.12836910421093 7.48964449741014 8.72745097598478 8.59964107148027 6.78186203193733 6.15807791272052 7.46580382992382 9.30232461056841 7.55941270999001 7.46964692961173 8.48591637155535
8.1325148532275 7.64326765259553 7.94468773234124 8.18757611505166 8.28834497840326 8.3113412551902 7.305305796161 8.2620128178569 7.79579792911849 8.58903153572028 9.06761278911219 8.68465933355891 7.61638294366246 7.73702813512816 8.39646242825263 8.08756371580141 7.93144967920543 9.4698337806278 10.3524626129446 9.20395767138677 9.81393294414637 10.5363502665739 9.89632967565514 10.1108794156508 8.29753060476548 7.255591707609 6.71382891133349 5.94011523263236 6.14696146838525 6.23995469367155 8.13221196735683 11.7135893784648 11.6790223870021 11.8110711211679 10.7331994082868 10.8530278464856 9.58245243707765 8.67014199062345 6.48407238829812 5.87839965010905 6.67802854158557 8.97558007154908 9.36942523860834 8.00853732965095 6.37614794831395 6.50391531724025
8.77940477099733 8.69855603836067 7.64659066018291 8.48597925335707 8.27761945604752 7.72954224284264 6.85776458814964 8.3160603278533 7.06489163673357 8.49801867111276 8.70897521165996 9.06873131311342 8.10163463611642 8.41200078372021 8.41411657822886 8.25319739047083 8.27391213555634 9.91903665885705 12.6689928787748 10.1641903126752 9.34181279564925 8.98924469144459 9.00134653192471 9.53106420513656 10.6384752422118 9.46041599769776 9.25171554730194 6.73670733352245 6.26229054062363 5.84529243975355 7.09033213278101 9.43865742525262 12.3372074153397 11.3653067560528 11.650981993327 12.7701845019325 8.48668531224851 5.02284329521127 5.70066090056325 5.41775043853865 5.58027691006836 6.12074133119076 5.11703399013004 4.76090983722478 3.57694518661032 3.62318063668908
