IBR/IBR_outputs/all.combrep_1/single.surface/Silt_Total.asc
NCOLS 160 
NROWS 95 
XLLCORNER 210004.651214014 
YLLCORNER 7350008.22228844 
CELLSIZE 4999.99999999997 
NODATA_value -9999 
[rows 42 to 62 of 95, columns 92 to 137 of 160]
6.69772782735242 7.85733104899984 8.74663400053376 8.26106810183401 7.52469183475793 7.38439844869642 7.39027844921002 7.29612468392468 6.81947682001 10.2532458693196 10.4341504190888 10.4230052979806 8.98966392526629 8.79204125407698 5.83965161272762 5.99093246854421 6.43397634981326 6.10668490991813 5.81273084541309 5.76311179414194 7.23131663610118 11.140353292072 9.12862157468922 7.20547211545377 7.20130411688247 7.63207659091873 8.02954558553967 7.88930850062448 9.25359854981867 10.765928404291 10.1384508744122 10.7204766622479 9.77076272079869 9.90547264734268 9.99862246054614 10.7672847209486 11.0524590558208 11.0043397000319 10.6866668244321 10.1022330877224 8.04311425007089 6.21187069644555 6.65961267314802 6.51237784165752 6.51703835137929 8.19368215346304
7.32940718507438 6.91616314686126 7.48585383097151 7.99595059938347 7.44053244250055 6.77194774835532 7.13836561249137 7.42280750310316 7.51305281803903 8.28136142552671 9.17483102634589 9.07247212466444 7.44672974149549 6.91522732090047 6.19249718725082 6.07581665949222 5.86561648640084 6.05663350329421 5.72444494168734 6.66258638671468 9.35344852977417 10.9490547077577 9.61196946535457 7.58232726415307 7.29580553157592 7.83296062585067 8.01218635484598 7.7392492441273 10.8696505033874 10.338288924567 10.7720535500313 10.0529043858133 9.81622171063034 10.8002786169195 10.3612446339612 10.8413213582277 9.16846939359918 7.91762201060391 10.872711651097 10.8410771841004 10.8211222117263 7.34990996559278 7.11438160359046 7.42961729783117 6.54319031916249 9.15885624275996
7.9661818179834 8.21808219936326 7.68365915481476 7.71806898880261 8.19877510935899 7.50617091233532 7.35495286269029 7.55739403917084 7.52390157600383 8.98021334012563 8.87199282670365 10.2204856872178 6.4703797737048 6.08449657677394 7.26669458212379 7.14708174491679 6.07413683397956 5.6255179950128 6.88419071797274 8.13547504786329 9.95318541243658 10.6891883675135 8.7798330933785 7.26756780520669 8.11224357235047 7.94983845663759 6.92283218044213 8.6014159602453 10.1671081105003 9.54263369641074 10.3578310040481 9.79124196674766 9.82217037136243 9.89678002323068 9.79727512213874 10.1696666398428 10.1981470760465 7.78409065499342 10.4627564787479 10.7708602722684 10.7988994721258 9.10190810712686 9.38918693939536 7.29530365735769 8.23083455573421 9.45306222803822
8.79795361314424 8.43514543690817 8.19208047296783 7.92704953666686 7.45297191300458 7.50305291842526 7.515834927354 7.78690654463702 7.88827243642628 5.78160619864696 6.97551854968404 10.2449562447749 7.62174591773766 6.7685741629499 7.18037097346289 7.11713164861079 7.0012900514822 7.55244963967999 8.07510690025923 8.46831624828784 10.1662969494284 10.7682637143716 8.08776253284802 7.49798561418035 7.53086437304613 6.79463389145767 7.52793814134954 8.38668441488744 6.65316416357507 6.81600644319276 10.0825112198507 9.2525365835743 9.19637621770843 9.86618983924055 9.90448837404818 9.75374549303533 8.87632218467677 9.36699927699794 10.554543631288 10.2859454295209 10.6533797667208 10.5260988989443 10.3659411776246 9.65165797158237 10.334788399476 11.0795356270572
9.30965952723254 9.80856934935206 8.11710666403233 8.21674132594573 7.56728686559711 7.17088194057328 7.72505925351887 7.6905388338021 6.52254135226064 5.35088940105134 6.29314102256881 9.67609525316495 7.67056042642983 7.46480458600531 7.37465857857142 7.3734512208783 7.29752506857404 8.08078724081586 8.53987259350038 8.51430100355313 10.3653879216234 10.9388769522083 7.9904166098939 7.85186114989051 6.58680408178057 7.16856024234897 8.27439522208002 7.79944558178587 6.18764313749949 5.43150187933061 7.37505269364914 9.26502517386911 9.55371469909384 10.0961557323044 10.3589222035302 10.6432357695062 10.9883606032928 10.6109056720011 11.4785403569714 10.8354684617068 11.1292821583105 11.2991669000031 10.8998033725949 10.1743282830254 11.0641913125784 11.0643741666809
10.2417990520422 11.4617912792789 9.88059314673053 8.21884753683329 7.46357056399157 6.98398144248384 7.97125787570801 6.44078198182167 5.47109801563705 5.52030428468965 5.58573150607797 9.71122704058874 7.60593129673622 7.49491532405776 7.34529789766896 7.50223647374339 7.20017964548637 8.25177083966527 8.46907880115307 8.45583866936305 10.5024777136275 11.1319575345296 9.38200637298398 8.27218664101561 7.48813182564887 8.34804797529161 9.36035072800567 7.34984405381928 7.34604008049297 6.09697542670574 6.56223866935923 9.81768860295949 10.6450040064192 10.924254262605 11.1989384735555 11.365404949869 11.3645369347968 11.4724999774776 11.5421158989024 11.6445806323126 11.8661483513361 11.8032833523896 11.2436206962183 11.4150943575459 11.3410664032861 10.3881875604192
10.415951993922 12.537862273125 12.424715312145 9.84572804387462 7.53296835602827 7.95013235082096 6.31421074439592 6.12394182218844 6.17657849022819 5.66083405726818 5.62048837805169 10.345350208107 8.39152988059074 7.4082653890346 7.99356673825403 7.25284246589022 7.57565213556228 8.15558331724248 8.07851978713651 8.15960408738277 9.7739217633055 10.9473684605967 10.9788025359416 10.9268890413607 9.91038885148891 10.2770267983005 7.68835020704095 7.02824648614644 7.98934892068984 8.56951117830742 8.86352189115733 10.2687084701277 11.3167393429858 11.2531158104035 11.4086679639226 11.241888460763 11.6599609085993 11.4491132088178 10.9513770762844 11.4763326094402 11.6116156915339 11.4556616641728 11.3016834814964 11.0759724572719 10.1161081103566 10.7331083997029
10.490455960427 14.9293426063271 15.8644599803955 8.8232215050692 7.35884765954919 9.33086842764071 6.57638952795867 6.74484579783266 6.77635005078067 5.98331201151582 6.22770232065659 10.4342374020266 8.53275369565733 7.71619486063391 7.96952514741339 7.36034881234463 7.72594860984326 8.0165400496049 8.19265078164193 8.20609984770637 9.22068455374368 10.8609794731663 11.1813796823586 10.7662323317595 10.5504576044388 8.68588629800462 8.56713551907694 9.18685481634825 9.4286523073996 9.99041692867722 11.1115881322351 9.99018565694717 11.352792015074 11.4652280736675 11.5670108272319 11.4178435884247 11.5020661369763 11.5237176031102 11.0893847245662 11.2795523496002 11.3577173144481 11.4173078893468 11.1190780102816 10.1878161393174 10.4437907796389 9.78517031772288
10.4384976139563 15.5170238775813 17.0406287203172 9.66406983137813 8.07847682590173 10.5151144771744 6.68932014474599 6.2151250490899 6.67818970775279 5.62189851562294 6.16499417643489 9.56946283910293 8.35989432411314 7.26581785719666 7.63379717198315 7.25930354700451 7.94281228109466 8.24085613450585 7.85330301776643 8.05852389596124 7.81055113474819 10.1399765322728 11.1205543995292 10.9923950841112 11.7259639244093 16.1300365193995 16.8766208154578 16.4462551063355 11.1850479739296 13.9659506307679 10.230246882363 10.2475755944372 10.1617023200395 11.4443710476959 10.9764599469322 10.3241811891281 9.50726145757516 9.31354966712872 11.0657868416356 11.1658152108568 10.9926528806043 11.0288272804943 10.9542910197915 10.1136088210173 9.55689875497134 9.37762019357367
13.504336026142 14.7450961358806 17.5598454906728 14.1282017372739 14.9752937538791 11.5927571380161 9.03672803918186 6.94466053770802 6.4987308083063 6.66002841899232 8.21896895369674 9.92483368070999 8.58901931949286 7.13607342631076 7.79168973704416 8.20927384664455 7.41255190925459 7.84389268619873 8.04744158684201 7.44543863149148 6.85410403318911 6.89058769849673 9.14279838825188 11.3084769851589 17.2216897706528 17.6283801226597 17.7616657536792 17.193786098209 13.1679609821269 16.7140294910648 9.41470758242757 9.82457176924668 8.82277283567472 8.47294834709678 7.59131534730348 7.62802761849573 8.15633793972511 9.52125336195853 10.5690876729524 9.20898431063247 8.35644808135625 9.7639291379991 10.1702968481082 10.0593918241294 9.75676518471223 9.81902257983368
19.0626077497302 17.8236323856613 17.2255166459983 16.1687520139404 16.271050639498 14.2794089557816 13.3590408313886 9.10219836905511 12.1182515096975 12.6600887470408 7.96691204113762 9.98869518043244 8.53396208358199 8.14743277821499 8.62968923809579 8.27704703115462 7.85865492058808 7.70801355790155 7.75284038909005 7.9993219776733 7.37060852378526 7.09353357138772 9.6484888334206 15.6381542388587 17.0413714978475 15.688635036068 15.0854690593706 18.8388305752588 16.3713676522704 15.5944712873337 7.47200120598585 6.64434052565552 6.53421362179211 6.12425289963713 6.484338770878 7.61817871074029 6.68149914866667 9.47952588614755 7.59625222582559 6.67092744002722 8.30589312199061 9.65056157820418 9.49295708019011 10.1786336905823 9.88215831689643 9.53228935201125
12.4827323420149 13.6829468551774 16.9477369938516 18.1361110421373 18.0951922100003 19.7134742112806 17.0930741731272 17.0520285144129 15.8397424067998 14.4214071577584 10.0729423543145 10.8316294595837 9.4851940064015 9.4360384536617 7.8008233036773 6.71701420186142 7.13424205983509 7.87408978044882 7.98990731261278 8.22475689677489 8.12102885827042 7.82830026336426 14.6390489940455 17.1826985393303 18.2760717035366 16.9488613760381 17.0043190371971 19.8155810930534 15.3746637947472 13.5776081643121 6.27552150974302 5.81699598433028 5.8715871228755 6.01574114324293 6.48685214692476 9.31233963731551 10.4226799461042 11.1403313085551 10.0144755436749 10.1644741185231 10.3108054940189 10.2171673360295 9.8347674546809 10.2335174063847 9.15155031294317 8.8026724916496
13.3646445897046 13.2286806038287 12.491004098303 12.6445281563513 13.4231704803848 15.7292216058095 15.8964789041459 17.235306111023 18.2973132725292 16.8349517793251 15.4143511717266 13.8915025252217 11.8003423274222 11.1273165909713 15.3609265804905 14.0697252167165 7.8962956063362 7.75186219618844 9.08278649875636 8.26768996091822 8.29549299153905 9.2894927052441 17.7620810010239 15.568732639155 15.9821767677253 15.6167878416533 15.3506814408477 15.826256144537 11.1256962249547 10.0391731004771 5.95195829215205 5.81733349879213 6.41377932617973 7.11247216687866 7.9844492073649 11.2715087227417 10.6297283391487 10.9835937514192 10.4012462496683 10.7918341483418 10.3088932360371 9.72306735895777 10.4175682521511 8.83533815412418 8.61089065023071 8.34738871703299
12.8764025447548 12.5795288447198 13.3398322303283 12.6860243551222 12.7277182501073 13.3234287775559 13.4936696919467 13.7611278815609 14.4075302115769 14.7252679636282 15.260544712373 16.1890564689651 14.7648943351355 15.1133064051273 15.9592937956817 17.2770534941184 15.226026119221 10.4175459065406 12.7774391851462 11.9084761390613 9.89108894984134 13.4631648693812 18.5107160084867 16.0242345847834 14.931711089853 16.8392837957543 14.8789395102866 15.8488039791624 8.43664310229778 5.91205996020915 5.94385964245675 6.47357632792367 10.2867363943691 11.5065725092478 12.9507618429054 13.3108680161671 11.1618349078385 9.63853449088988 10.4141770143981 10.512879976457 9.68792603405939 10.9275420461642 11.9532355396575 8.91885082365913 8.94513656551329 8.44079708354291
17.0175780406901 12.5658765655755 12.0723163117472 12.1105104992656 11.9836674786289 11.5472786417142 11.7989550853252 12.182594761166 12.0791629979184 13.402804019654 13.6452746504852 14.3671132493679 13.6606847775506 12.795835321742 13.8448453711214 17.6354812741859 20.2144717477302 15.9205777991304 17.5636312957906 16.7760675195262 15.7220182235349 14.6524926873031 15.2566131593434 15.6212947961823 17.7334788456049 16.534134588092 14.9086676073928 18.2273456979547 9.79080999925369 7.71526627076345 7.13635779011568 9.16257782142604 14.2241711697369 12.072014428853 9.69720920242763 10.3506075659208 6.62137283813359 7.95952617859839 9.31083797735737 9.8843312696976 10.0238647007795 9.64970017712297 10.4041437287851 10.2742145883742 9.167827723817 8.95944134202987
14.4571009235783 16.3014560813217 14.7007934618123 13.3450810066226 13.2218193355664 13.5345465621454 11.8246524808202 12.7038138821302 12.1114329862275 12.6515333761385 11.5630031521355 12.5277380273682 12.135242331776 13.1734385926606 13.3644194801781 13.4729786287418 15.6230313355579 18.1504259995652 18.5558230824983 17.7313803760937 15.5224974134122 13.7080536949145 16.6863980054937 17.2284503028823 18.6424138308421 19.3855721282216 14.4090251582131 17.0049133849661 12.0066598058387 13.8328675700071 13.71318361734 13.9524205158814 12.1243265898223 8.60685413942527 5.82546299856058 9.5224754238859 6.81106727901403 6.60278475802157 8.82297349528159 9.38161766176768 9.13944936580993 8.84091241381513 9.65270459653082 10.2552773944429 8.97369413717324 8.82955722413762
8.98544474936725 11.9784829323496 14.1429284805458 15.5579993168841 13.240226131337 12.7216518877943 16.1296932742114 11.7241750333133 12.632130860752 13.8048383919565 14.2624362161858 11.947593263018 13.0692624518428 11.3462069584927 12.7624462983348 12.8780552870962 12.6901967822699 13.2426959805344 16.7453136656163 17.568224122664 15.99107522601 15.7468984808343 16.648358723431 13.3378726294245 13.7825232260248 15.4811632580583 13.2136701980283 13.5585122596942 12.3361126790259 10.718332047262 13.6217383886847 14.2841768750276 6.99883480033145 5.41591088365162 4.90108288657092 8.34052668640923 9.84221454677862 9.56454819241997 9.35799838389871 9.15844636902309 9.33387326305736 8.90351520064088 8.51396059998635 9.17704856708141 8.14705406657864 8.30807279580296
8.41680044465513 7.39115876163621 9.11515766376752 12.1880500691789 11.3544196771222 11.6800757899754 14.7210903782539 13.7641901987164 14.313820893428 18.8041888444722 21.0073446116211 17.4347534409502 14.5061624445622 11.9361895572851 10.7006028624313 10.9770122474758 10.7079322150219 11.0548399021993 12.0305443807803 14.1450865741522 12.8638640566213 11.8942117066805 11.8439567248305 11.4522358654065 11.1263849273516 12.6469026450262 11.7320287405752 11.7158896325373 12.5530620056885 10.6566994732744 12.0428238162949 8.77695422708659 5.29043307511458 7.1704233219017 9.4281688348475 11.6395142861769 12.450767853967 9.89175945013998 9.05852095812406 8.93271643917054 9.15225233001997 8.94799058163492 8.65577087045694 8.57556620852661 9.13490882898357 9.3594636049223
11.7377802526189 7.93693519960482 10.1872673563278 10.2994559579452 9.86383655690789 9.30478509237058 10.2839041196411 12.1777467534316 14.61161787976 18.462283233073 22.5838220129167 23.0897727546759 20.2973107061762 21.1006740559515 16.5626991618861 12.3315841098139 10.9386007485697 11.0416809841841 10.6012942732995 9.82332007407922 11.3456995078981 10.5476795015484 10.1831728637028 11.0227186328154 11.4211263998398 11.210828613233 11.3074093788284 11.5096917327619 11.6014585991123 12.4439564653505 12.7467170993096 11.6601205493575 13.1931605626167 13.0691179022851 14.5305518700071 12.8028509159179 11.8705526902949 10.8786749480845 9.30399277187355 9.94930635812106 9.43983937926978 10.4008208472403 10.0679592321969 8.86921239394568 10.3507868784389 10.2599992815246
11.3399197506864 11.1875319457749 11.6773911283928 11.9454197610878 12.3916074227947 11.4892258547286 9.66807575366313 9.6004388127768 9.90960553656197 12.6668288727075 17.8856018083808 17.8704370097888 18.1957195525761 16.4070177012871 17.1416668400955 18.828841280429 20.7500473968792 15.1349883233442 13.3003982209015 12.1886164817361 10.8056300037592 11.8910435992481 12.0256535519396 10.6705626826265 10.1771963939557 10.6039441290481 11.2377042068326 11.6141581567504 11.3028838397171 13.0703530475295 12.761674054351 11.9448038234563 11.3658514110656 11.7519167844358 14.2160146666045 13.0360249785198 11.0842416378486 10.7215983314672 12.5359537376271 11.3554625560567 11.1963582451056 10.2983056343715 11.3312078037268 10.9388130158011 10.1452312622383 9.68465365690373
11.4358892356476 11.5039880702791 11.9041653489758 11.3562333040572 11.4358143207848 11.684246039795 11.9579198018875 11.4612687742907 9.90888371398944 9.82867040642487 13.0303648345271 15.236608921719 15.4854730660794 14.8459152353026 14.6087183897858 13.6055241491512 13.4423749584568 16.746316689436 21.407372177238 19.2947945979238 16.2552497662868 13.0548012253357 10.5853321010677 13.0019954602622 12.4215396240082 10.2373671805519 9.79324041035583 11.046873669393 11.3865249305056 12.0553503218405 10.4595940917259 10.1210504389453 11.6875565327602 12.1794054678712 14.0672097039191 13.7424054842655 11.2388678476005 11.0807677586601 12.2813052448123 12.6441485450447 12.1423600934872 11.8509186960486 11.5780960140083 11.5264210362629 9.66331697320922 9.25248678752204
