IBR/IBR_outputs/all.combrep_1/single.surface/Spinifex_Total.asc
NCOLS 160 
NROWS 95 
XLLCORNER 210004.651214014 
YLLCORNER 7350008.22228844 
CELLSIZE 4999.99999999997 
NODATA_value -9999 
[rows 63 to 83 of 95, columns 0 to 45 of 160]
-9999 8.28518839035552 8.31393915765284 8.34405530160836 8.34402594902417 5.22305470796132 4.4728661658059 4.58535132317839 4.60002103714567 4.37103918553513 5.68791968522997 4.86798606279313 6.1567123819008 8.14759015130434 8.34405530160836 8.34405530160836 8.34405530160836 8.34405530160836 8.34405530160836 8.34405530160836 8.34079742345946 8.34298951446041 8.34405530160836 8.34228456836032 8.34405530160836 8.34405530160836 8.3013503728236 7.68354445103933 6.07851818923557 4.64635430474671 4.84708277214155 4.51033132728825 3.56874435165312 4.57351663052702 3.07004543827014 5.05615803239409 5.96493804489228 5.42068706216858 4.15567502858921 4.27877084236968 3.76811336369777 3.64266521299004 5.137279221789 5.38387548722648 5.3584886709345 4.53236517124186
-9999 4.62245501591536 7.14485940078515 8.00025480088506 7.93063931366767 6.55236129360724 5.31452631279676 5.60517028078804 4.95569244578147 4.84941095977277 3.9280444015996 4.21426253545401 4.59885773075012 6.96510362019469 8.34405530160836 8.34405530160836 6.46228330525445 6.48299234583048 6.8744320443257 7.15769621437639 5.91972066025763 6.3746143014471 7.66855665239456 8.01052934510482 7.89705962114315 7.19301554644018 5.12649204844531 5.43521550133034 4.44605747120359 4.63698674290749 4.47034147621958 4.36905294354392 4.64475125467119 5.36318133741511 5.49240393060296 7.02595111198314 6.9880194757693 5.26551319155723 3.92444742050529 4.80385284838012 4.91429079152171 4.9708510004488 5.00358564227218 4.89997295702621 5.26982490280658 5.18305930228441
-9999 5.3400467740098 7.38752583157668 6.19038437134549 5.04527795472413 6.16155063839467 5.93479235003191 5.59430774749276 5.43390301738323 4.37408093293547 4.33697898765002 4.40286646098423 4.36598842242238 4.68699018180891 8.07203595326021 7.82473278231902 3.57965498168858 3.01235945935231 3.53296309866788 5.42069790675585 4.40308164244354 4.05467303852349 6.0919223599962 7.41212753410758 4.95193286600668 4.25925200982898 3.57292899695529 2.92674959823222 3.46446014383945 4.86280907907024 4.9877707563656 3.85172767573554 4.70301249499579 5.08108615630464 4.83468518911156 3.53205870603992 5.2799475015639 8.241567479556 5.79998317519108 4.39137462826575 5.58222720302149 4.75984234369435 4.5598585467939 6.15177045439356 5.17646564210758 5.13285243454686
-9999 7.36552630372 7.99269805319987 3.67706789009879 5.35980187169596 5.14907398036736 5.89244007139463 4.28475324364106 4.73797495035413 6.20736759962259 5.51991551399241 4.49134653214535 4.04676768841734 3.20440491772332 6.07119028539628 7.61815949103611 4.35912365498962 3.92702215397009 4.04505188007938 4.74602838484057 4.16161390059993 4.91716612504317 5.28939759924195 5.39006438197195 4.68259210852907 5.55731702722046 4.077564450988 4.02133886050289 3.41757413272567 4.42381019271332 4.91614261980225 4.84810556272306 4.1670452354643 4.77730465710761 4.24561794086006 3.08631634165876 3.64209215442633 5.79932645773577 5.11118808593024 4.16594717856922 4.72561522568346 4.38286839421518 4.91670764078052 4.94991750610285 5.24885230146143 4.30388898185664
-9999 8.34405530160836 8.32635773845712 8.0709693095703 5.05185407758035 5.27564346273188 5.85854649947081 5.67889414511519 5.63749498709636 6.37799207528702 4.40275730935382 4.52645479997978 3.94454335476785 3.20338372378268 4.67166124868586 4.56408387137965 4.49270549377025 4.41050437477811 4.27281045575106 4.18843795698993 3.83833111973794 6.54802302287101 4.17900749920398 4.16901222966215 3.56547579508027 4.52298331781136 4.38437003460294 3.97724419005056 3.46112092270953 3.79746099318516 4.5755375582568 4.2132283301393 4.20404952237373 4.20349385422692 3.65246012457256 3.75183692082231 4.13247709823907 4.97967440967947 4.27277416624032 4.71642801704921 5.26240657488524 5.07498267234536 4.46454301256013 5.59796783158333 5.07112244182377 5.00849680834265
-9999 8.34405530160836 8.34405530160836 7.91160928849774 4.59411438665983 5.77983414593963 5.0710382477293 5.51035129760582 6.30376296099126 5.85317529752931 5.19614486636291 5.70492694524944 3.96306872571063 4.02593823032614 3.91224006444623 4.51581736589319 5.05150713094219 4.85618614837263 5.30878858778415 4.52497104958482 4.59770399867586 4.22441179486134 3.96397477119853 4.57641078888424 3.19367896866986 3.73488143519352 4.75840814705537 3.93307133699372 2.98227284149314 4.45195321648692 4.23240314550986 3.78656755686108 2.8696680914209 3.23677853565533 3.96969968081161 3.69703465390187 3.91545490327894 4.33793479158286 3.20749853689108 4.63149073006666 6.91948670301171 7.22504439281127 7.47126448530423 7.26835921596844 7.27388277159393 6.82221767391658
-9999 8.34405530160836 7.90337461085083 6.660566741404 5.31252393900295 5.71468140484397 6.14990518774851 4.232794803403 5.22077919082115 5.06406214485928 4.41224632030987 5.96466081742405 4.93884051167479 4.08950736536133 3.76669407319223 3.15990448213378 4.94037832811627 5.08064315557472 4.50707502821249 5.00382956099912 3.99302675783578 3.95019034305045 3.9217630493501 7.41737627246466 5.22871303211222 4.61314405512258 3.82598809977985 4.18991690730051 3.3710192051068 3.48725882287607 4.19729495624174 3.86702020634252 3.88938987850655 3.21153762069695 3.37187335491858 3.73714984468059 4.22044567354945 3.87457004737053 3.60815625027149 4.51373946018836 6.3896580080052 8.11464634559909 8.34405530160836 8.34405530160836 8.33428933832358 8.01040586107701
-9999 8.12115410067626 8.09575843130135 5.99632541620835 5.58255791830233 5.26852310943376 5.72007136877832 5.54427230407791 4.20110469524939 3.54556185818277 4.7173781938453 6.50496041641152 6.58312126204956 4.51188706715368 3.62350899935715 3.07436970831321 4.04698878711911 4.50732471581445 4.97682440730374 5.18109543824973 4.36991838443021 3.48909803735583 4.7398970668769 4.0105895116781 3.66268631252466 5.68115275392751 6.86258459393197 4.57550277080419 3.86954627366362 3.96891999115322 6.23447669180075 4.70965264740475 4.43852205987958 3.76254683619961 4.12999869097993 5.01987111568117 5.18874693832732 4.27935062075514 3.71052249599136 6.0998489556473 8.00602883760911 7.17443183232357 8.34405530160836 8.34405530160836 8.34405530160836 8.34405530160836
-9999 -9999 7.4076454079564 4.51938730633139 4.91528450232344 3.86062896967784 3.82830109763874 3.67027606719595 3.84346686916776 5.83046853258083 5.16301615240851 4.30653456809816 4.4633660986496 3.896770058106 3.4602776452043 3.78769787363449 6.36978079761587 5.56203218024107 5.86570068149738 6.702393681402 5.34570823072355 3.54524353604018 3.10297793436286 4.03643187289136 5.13773263315101 8.16388795323787 8.28605134268718 5.98095698266762 5.3791754857875 4.57386354072869 7.67913190141959 4.74907560289596 3.49795167479467 4.93826605852616 4.74124158598719 5.11637917246754 5.96128774840845 4.44141047181155 4.34470147888869 4.58007124485876 5.82107502926634 7.50845991665937 8.34405530160836 8.34405530160836 8.34405530160836 8.34405530160836
-9999 -9999 3.74290600074686 3.87003626862073 4.04534976349452 3.50608912196427 3.75747077899388 3.66611099262482 3.96187875588083 6.26434760977605 4.49469053033724 3.99790709568322 4.22078015656131 3.6468980861399 3.36583784138029 3.08054018851131 6.60236393256593 5.59827879677179 5.95358888485312 8.32623807430592 6.88255725689788 3.83041893300997 3.46510225944984 4.7863129412356 7.77519851383998 8.34405530160836 8.34400368326749 8.00301865733203 7.78648901205392 6.8302631643732 7.91057396212944 5.85823074971648 4.05016418946071 6.49330176671686 3.74032674865098 4.37296825972332 8.26925963850261 7.96883684318985 7.44859334682836 6.32438062746359 5.51342113453028 6.69326105497386 8.34405530160836 8.34405530160836 8.34405530160836 8.34405530160836
-9999 -9999 4.01845664928511 4.80568043904793 5.26215533133184 4.70667951882959 3.52726909788092 3.52230235744615 3.74521581927448 7.60645523006136 4.90315308544219 4.51401317589823 4.11051941166115 3.89791136439078 3.39538405448327 3.18126894213713 4.89017397327904 8.33018573350969 8.34405530160836 8.19304929536707 6.99283762266981 6.08755975396696 5.57671170146602 7.55387185517236 8.34405530160836 8.34405530160836 8.34405530160836 8.34405530160836 8.34405530160836 8.00618885576613 7.04767894638003 6.78627267676656 5.33852204397089 6.65563550704467 7.46917550301948 5.27972395103852 4.73048772635094 7.65265236316414 8.34405530160836 5.14711058576933 5.29418856472586 7.95472508732383 8.34405530160836 8.34405530160836 8.34405530160836 8.34405530160836
-9999 -9999 -9999 5.8821059173303 6.23636249454599 4.17827395680756 5.292652322468 5.22866376976696 6.37702666997875 5.53718031623985 7.61661395002951 4.43603397392428 3.94378252213314 4.41660931636782 3.55098434662856 4.46070064515089 3.43263886370302 6.83537811091573 8.34405530160836 8.34405530160836 8.34405530160836 8.34405530160836 8.34405530160836 8.34405530160836 8.34405530160836 8.34405530160836 8.34405530160836 8.34405530160836 8.34405530160836 8.18293313249766 6.91890495254922 7.42821672218084 5.40141973800213 7.15965636288507 8.34405530160836 5.77773060941318 3.54612898836063 5.39692154283636 8.18442484439453 7.76321254118661 6.43126630442154 5.42884120856519 8.28468082617223 8.34405530160836 8.34405530160836 8.34405530160836
-9999 -9999 -9999 7.84626205586082 8.16812925317196 8.17836289182685 7.78729223476807 8.0602049101374 8.32396549935504 8.065863180111 8.33986324635831 6.04008049902788 3.9593280932619 3.98606947840884 3.44355498998396 3.93220294979336 4.02162338400729 4.24333271943236 7.84329878846858 8.34405530160836 8.34405530160836 8.34405530160836 8.34405530160836 8.34405530160836 8.34405530160836 8.34405530160836 8.34405530160836 8.34405530160836 8.34405530160836 8.34405530160836 7.91657977595432 7.59136782025433 6.23476197883294 7.3725136371951 7.80509067802592 5.60150710931782 3.4630262615096 4.08210250394943 7.22052198399904 8.34276355549763 7.7758261248734 5.61933513967296 5.93834119339703 8.33221970974349 8.34405530160836 8.34405530160836
-9999 -9999 -9999 8.34405530160836 8.34405530160836 8.34405530160836 8.34405530160836 8.34405530160836 8.34405530160836 8.34405530160836 8.34405530160836 6.86594665570638 3.86131788890453 3.94451952874955 3.38690597998016 7.84249757959812 5.81689261629551 2.97169766103406 4.78104498939962 7.81515632416965 8.34405530160836 8.34405530160836 8.34405530160836 8.34405530160836 8.34405530160836 8.34405530160836 8.34405530160836 8.34405530160836 8.34405530160836 8.34405530160836 8.23651286454005 6.6873037517503 6.32346197805351 6.14619952897827 7.06585411930372 6.2047752685326 3.93203273383348 5.35239056198806 5.40119368358254 8.07155869315283 8.34311502452277 8.29677543316065 6.73548857868971 7.54028430980269 8.34405530160836 8.34405530160836
-9999 -9999 -9999 -9999 8.34405530160836 8.34405530160836 8.34405530160836 8.34405530160836 8.34405530160836 8.34405530160836 8.34405530160836 7.68527604514411 4.68693145148552 4.30348304206088 3.40693812660877 8.21107374734943 5.93701966966917 4.64995902083793 5.84263080024519 6.10365382606768 7.69539682440299 8.34405530160836 8.34405530160836 8.34405530160836 8.34405530160836 8.34405530160836 8.34405530160836 8.34405530160836 8.34405530160836 8.34405530160836 8.34405530160836 7.05228719007047 7.13951881153501 6.32948122671711 5.29088060143114 5.264853776934 3.28030249601842 4.68649450798945 7.6361181395449 6.76116755856448 8.34182792569609 7.866488803049 7.59938709088025 7.90399856413663 8.34405530160836 8.34405530160836
-9999 -9999 -9999 -9999 8.34405530160836 7.87480325701869 7.62523402826565 8.12490692215734 8.34405530160836 8.34405530160836 8.34405530160836 8.34405530160836 8.08288319606145 4.56180878376688 5.48737428323755 6.88631544682971 5.6379167667973 5.42689011986902 8.26203634628887 8.16554327805232 6.53212853104341 8.13661489017208 8.34405530160836 8.34405530160836 8.34405530160836 8.34405530160836 8.34405530160836 8.34405530160836 8.34405530160836 8.34405530160836 8.34405530160836 7.5889916246937 6.96588847587775 7.19058113654172 5.04648230919941 3.41796613577133 2.99069058017351 5.05740925704072 7.67926864621438 7.46848186075021 7.6399961598185 8.33932248851477 7.90657651654161 7.76267048598098 8.34405530160836 8.34405530160836
-9999 -9999 -9999 -9999 -9999 4.37928424640419 5.8736296319999 6.20915698511272 7.67662824908232 8.34405530160836 8.15484977224648 7.55399768147865 8.34157466548583 5.23376031203277 4.98732004519015 4.34227303697782 4.82322821862064 7.40725896293795 8.34402940718918 8.34405530160836 8.33892714989256 8.21321314049154 8.34405530160836 8.34405530160836 8.34405530160836 8.34405530160836 8.34405530160836 8.34405530160836 8.34405530160836 8.34405530160836 8.34405530160836 8.34404964775265 8.3354054029707 7.41150562065283 3.73475791161857 3.52270327713846 5.0256092257486 5.90597112754454 7.82920014182927 8.34367675979838 7.52036279428875 8.19585254946033 8.12950573634959 8.14149417722041 8.08352200016405 8.32145793138967
-9999 -9999 -9999 -9999 -9999 -9999 8.34405530160836 8.27251295765345 7.49571435273995 7.84350794824632 6.20143123095067 6.15755127672132 7.76438230434836 6.63343374618956 5.40944264591112 3.59652821459211 3.68168387691128 6.058520215939 8.34405530160836 8.34405530160836 8.34405530160836 8.34405530160836 8.34405530160836 8.34405530160836 8.34405530160836 8.34405530160836 8.34405530160836 8.34405530160836 8.34405530160836 8.34405530160836 8.34405530160836 8.34405530160836 8.34405530160836 8.32010825754611 5.74699453123843 4.43953381616805 4.52762233326299 6.79566631793985 8.33455935773876 8.34405530160836 8.24528214304283 8.04854917495038 7.83840112929785 8.17770956666648 7.8367771033686 8.05863195228132
-9999 -9999 -9999 -9999 -9999 -9999 -9999 8.34405530160836 6.69652814235549 5.801963032381 7.91808732514042 8.34200780821201 8.34405530160836 8.25192289706706 7.34569015174587 5.25116563887104 6.20077079342239 7.34049993283533 8.34405530160836 8.34405530160836 8.34405530160836 8.34405530160836 8.34405530160836 8.34405530160836 8.34405530160836 8.34405530160836 8.34405530160836 8.34405530160836 8.34405530160836 8.34405530160836 8.34405530160836 8.34405530160836 8.34405530160836 8.34405530160836 7.86724733023274 4.75588526050164 4.72192040184737 7.48010791924642 8.34405530160836 8.34405530160836 8.1298353854217 8.19046974544526 8.34308590030506 8.12792183916908 7.92227979115568 8.21675775542588
-9999 -9999 -9999 -9999 -9999 -9999 -9999 -9999 4.83710797002176 6.43716552166282 8.34405530160836 8.34405530160836 8.34405530160836 8.34405530160836 8.34405183931734 7.76729588324682 7.81503032011369 5.16529640627579 8.147066973117 8.34392484746524 8.34405530160836 8.34405530160836 8.34405530160836 8.34405530160836 8.34405530160836 8.34405530160836 8.34405530160836 8.34405530160836 8.34405530160836 8.34405530160836 8.34405530160836 8.34405530160836 8.34405530160836 8.34405530160836 8.33737158408467 7.01844064363253 7.24337704137312 7.3446155660659 8.34185641460158 8.34405530160836 8.30926719108012 8.20124181201163 8.21122924282911 8.28771076473774 8.32347056042451 8.11383287346325
-9999 -9999 -9999 -9999 -9999 -9999 -9999 -9999 -9999 8.15517600183522 8.34405530160836 8.32180230129222 8.34289060245166 8.34405530160836 8.34405530160836 8.34405530160836 8.08861456759783 4.27859527339568 3.51352533012637 6.29794970196898 8.30115276606177 8.34405530160836 8.34405530160836 8.34405530160836 8.34405530160836 8.34405530160836 8.34405530160836 8.34405530160836 8.34405530160836 8.34405530160836 8.34405530160836 8.34405530160836 8.34405530160836 8.34405530160836 8.34405530160836 8.31093666502955 8.34105321785147 8.19969869623295 8.34331884140905 8.34405530160836 8.34405530160836 8.28061268865569 8.09167035515142 8.2145740996763 8.34405530160836 8.29655723156952
