IBR/IBR_outputs/all.combrep_1/single.surface/Spinifex_Total.asc
NCOLS 160 
NROWS 95 
XLLCORNER 210004.651214014 
YLLCORNER 7350008.22228844 
CELLSIZE 4999.99999999997 
NODATA_value -9999 
[rows 21 to 41 of 95, columns 92 to 137 of 160]
3.31469572465944 3.66153824062334 4.08947261462129 4.83847762043915 3.42421152387939 3.77223222668141 5.18830495672153 3.13702070082805 4.93867391363307 4.88958938823137 4.24185978403086 3.93763931150876 6.59996114046329 8.34405530160836 8.27674409794518 4.14103359823292 4.17477212742136 5.86639742844048 8.00338430520237 8.31827735400104 8.03186435861795 4.05408848070168 4.04019500645181 4.33799021312079 6.51580637608593 8.20520753121303 8.08973789642111 8.28779895236512 8.3439806867299 7.76082970585429 6.75388211437874 5.43848995140695 4.22155159568433 5.32046317485798 4.02274097058445 4.0247558977358 4.01506838875624 4.3511177865644 4.11802187638064 4.79810464190677 4.39003474306493 4.75753707462844 4.18959103574303 3.32006936579448 3.32963966908428 3.6729584549858
2.45076389141533 3.68562798951507 3.57464649177179 3.99907767704435 3.39092519828262 3.94623704069221 4.03628845488784 3.44738285228163 4.14936023111316 2.70014532640735 4.44105982120922 3.18871601386279 3.96094983351385 8.23461120196694 7.59456537707775 4.05092383595153 4.34231223493066 3.56526599028455 4.00473378770054 4.83422732922282 7.93837946700074 5.66795987677599 4.23313577735582 3.52881646269544 3.90713062662511 4.06956370353697 3.91202393582647 4.82457768501125 5.9652442335739 4.66523231391661 6.64950317669369 7.61723630854924 7.45980839072024 6.22727273026091 4.60015884923222 4.87305055366437 4.43534579016883 4.54039428534236 5.56601797425302 6.06554219224135 7.58595738102288 7.73739883326281 6.37229274453002 4.01456843110449 3.93122932366024 4.26858166575655
3.14221336541024 2.46556526170611 2.77270188182522 2.54385814708817 2.43214784266411 3.86254235053179 2.8340170910373 3.36371550408186 3.92669295451482 3.40618910668895 3.7707243824353 4.43798946439749 4.41552067720431 8.32285511379168 7.42040395562391 5.0440521723862 4.20937618186502 3.68067284863796 4.26118806464391 4.25552848638025 5.84243688060162 8.12062217935235 5.02846740753977 3.45877212780706 3.9513647562458 3.76449908245945 3.23708446406315 4.2156090792828 4.53571349846306 3.86611136228983 3.62337594188701 4.49455600672069 5.20482759663438 6.31128953457523 6.63999521791768 8.1433959596957 7.44417055032251 5.99818979552846 7.25859635765917 7.98740177716113 7.18423846264632 8.1806358147908 8.34405530160836 7.95365011322061 5.5728481876074 4.2544148735517
4.63389462805581 4.43928256951098 3.47677899131868 1.75384274082239 2.34740228606445 3.35891695562914 3.2055701618874 3.83991214058925 1.72759832258547 3.74943313890942 3.73527129787141 4.09459639014332 3.96379205421754 5.2161676775926 5.33881726311961 4.75987251405108 3.72347423764312 3.54935808546878 3.89902265591616 4.51228381460488 4.68786704787285 4.88242122395291 6.1008430371813 3.64317599521374 3.41095459036808 3.41531533281793 3.30485507190898 3.65601049331195 3.80770250307826 3.21865289362544 3.72018285269873 4.53973525769253 5.59149134700427 4.53949760781679 4.6940936611139 3.90237599380436 6.66359634127265 7.21355297681593 6.24853367327926 5.45505839635698 6.21846599892715 8.30659971145548 8.34405530160836 8.34405530160836 8.02162227827626 7.14632559650595
2.80092993564874 2.95480883457893 3.68756549486235 3.03613889025812 2.41116687248679 2.97652057910154 3.20628447457163 3.93327080738329 2.32889251376324 3.05879778150514 3.12763666358688 3.55199987602328 4.18059906242519 3.28227229856007 5.33254995313197 4.07512959882414 3.64777147816354 3.6818827483394 3.47303049006986 3.24860348969661 4.58147075835446 4.13649316183373 4.46275976007151 4.71521972611099 3.29440602526214 3.49298670571384 3.42285319771062 3.28399890610659 3.86804836201065 3.23990473741419 3.93198502954293 4.44570800525289 3.68392278533842 4.67378038797609 3.71907686660157 3.95458700670915 4.00378357687458 3.8399651472091 4.38280538747717 4.44114165795501 3.13153290774267 6.41501109522559 8.34405530160836 8.34405530160836 8.34405530160836 8.34405530160836
2.73904393869714 2.66862640474385 2.12847921249112 3.14965593020735 2.86397317361843 2.18069072587293 2.85184638887169 3.3736150178536 2.80940725842087 3.09416764445914 3.17477278830297 2.71729198682415 3.80849048377968 3.2723816579415 5.26946135578618 3.51362928817611 3.27197455666889 3.88559241498114 4.37369216156253 4.10282290949352 4.61659023435352 3.87110666325365 4.10301247596301 5.7116399591084 3.52677347181991 3.6380921926376 3.38907532158348 2.96369566794164 3.68859696488566 3.89182290334525 4.02068426799032 5.64953998366628 3.13752568833424 4.49951939229941 4.19724941786983 3.91411771380506 2.96414431122523 3.17486526808666 4.16442363214534 4.02606188691346 3.33942645586552 3.92585391404342 7.97682604937716 8.32870755981319 8.21805284181122 8.16341371696824
2.21450539771694 2.61118451691858 2.25060207630102 3.37942214414626 2.69032804216609 3.1756351350524 3.21370127507493 3.46568453468509 2.00248857461879 3.1625691317107 2.94843154557275 3.92822281105131 4.42514387929418 3.96967104450525 6.32329457061392 3.08705687170853 3.16168387294237 3.53965188603548 3.67058048651175 4.14302218869195 5.94990382502778 4.34672973483226 5.77590213941071 6.44878211464658 5.38600653917747 4.21239867586655 3.99959987265709 3.95023905383391 3.91348571120697 3.67601156955608 5.15218905935958 6.32794824269251 3.68155147873522 4.09152967392627 5.05869820171525 5.25230113157183 3.77602872867833 3.67052780978368 5.10422873417865 3.19352314949865 3.24195182768138 3.00936908791333 6.67448955678253 8.30599597763434 7.61073354075024 7.44072728183841
3.06461331980934 2.52619693075533 3.03301218894468 3.27117980962085 3.43195369251107 3.39596803878596 4.50779473071091 2.65743568946704 2.31449123633611 2.53164960868346 4.34139548898094 4.12679081067924 4.2304372581243 4.73235221255949 5.04547343030208 5.01452710142794 4.13761327129258 3.43288610409279 2.64419176826568 3.85166708056662 4.74361083005462 5.4977210887378 4.24980172637579 4.9497110843678 5.27297708905283 6.60901600969909 6.49926153418333 6.84000132434515 6.00068963551561 4.63856806757702 4.38409513105331 5.77466742944283 6.1312691699744 3.93946674860083 4.91763350563065 5.42063401782127 4.94370726205729 4.71092572546339 5.5072837758062 4.60613666376827 4.11478177111787 4.59333452184052 7.20927244361218 8.23991500442051 4.67076682558886 5.46013972264835
4.89145676731143 3.23136830873954 3.58551033169549 3.27775926848847 3.21257541618586 3.41938449018144 6.49315475084169 2.88001777854244 4.39346972465406 4.27240390125793 3.70580236491515 3.52390314754776 3.9578532396127 4.17337501553565 4.7674310025176 4.77965431434172 6.16288344556469 3.12168896065763 1.92393884907476 3.2327743024892 3.99860881224371 5.26765491453887 4.27808326895302 5.98361777453101 5.07158147055627 6.65324629107928 6.09705546806427 5.75288054813231 5.12136242566874 4.34286935342893 4.45617780934998 4.60156341104729 5.76813384827015 5.36815146412347 4.50025350468398 5.50223037797503 5.33792706302476 5.59393202724084 5.90471526420589 5.70311459553043 4.65045740673059 4.8197647973036 7.44667360092839 8.31929591761187 5.71417418245737 4.80998279033662
5.38889019929992 5.01451949459323 4.56319683883401 4.93954815291352 3.65861345000651 6.57295812046001 5.95701757535512 3.61345863970172 4.77444933008135 3.40597590243365 3.95586537385745 4.39555401874552 4.07873110980383 4.24929050026592 6.07734975046934 6.11401650458082 5.07095063633171 5.11165626646306 3.26322085862815 2.73354402844346 3.84748469748342 4.83062766738884 5.12899231764212 6.8988848143539 5.96474215912847 6.57275135266639 3.42130726965622 3.10448251872455 3.11081858266735 2.76477811183201 2.59172656741068 3.10916194440447 3.8270286779583 3.35131594658904 5.26678425097367 4.15797082335722 6.77691271457433 5.62498456453227 5.46227890602457 5.0824628232196 5.45412870658065 6.52156024355582 6.1150741949219 7.50350747194457 6.74545299737495 4.68205925403359
4.40620597543069 4.32938974693537 4.05796959340999 3.62905153496 4.42027417679578 5.76130462203301 6.67096807170281 4.46712536858534 4.55109529914171 5.43235630019387 3.68859917943073 4.84338323978645 3.70715116884218 3.983504260031 6.03580209578954 6.17699554965074 5.61160486625719 5.98893620581657 4.79733253313692 3.49783688826603 3.52955555686641 4.53311144485123 4.73641382504743 7.0847729369497 5.77761719258998 5.13713010082528 5.50298838911634 5.41233888103737 4.10551178498337 3.25504364521378 2.81820428020008 2.61920065103656 2.65297978722974 3.10460576088458 4.40980938896723 3.27423924189136 3.87230229172701 6.09336833965639 5.66206417981287 5.21807185565512 6.7623937422163 6.86439708435825 6.33172924708193 5.5722606124084 7.31146519832944 5.52243427163236
3.48429216559675 3.79566789204135 2.82670205015047 3.93001217438648 3.87253170302155 4.63811795546998 5.5312169902729 4.12790869123935 5.3421353846453 5.06037517672885 5.60164598730742 5.17114718430587 3.97263749142612 4.04903106262949 7.54081277713096 6.92310765138286 5.4521788236887 6.58310793775998 4.40960576743331 4.30936404174231 3.79482307998263 4.56229078177443 5.21774541614123 7.12551593057196 5.29041391756707 5.22544605969712 3.71244979373739 3.28883942384366 4.56526680950123 4.00685154532041 3.39330894876878 2.59286150083593 3.20077874311351 2.91028317926239 3.46238629132316 3.32815472702514 4.06369231286727 4.97535847169125 5.88195214450883 5.60089278198012 6.37223454336212 6.34534974982577 5.14678089418898 4.83760264202501 4.95755988344172 6.20680029814975
6.51750738212614 5.73328650589824 2.18461163485121 4.90384256455231 3.79609356617176 4.05028597238057 4.50705752412398 4.22671357920714 5.51198444285184 5.33231662774119 4.08607614866488 3.70651050643512 4.14931662442533 5.70237631999707 7.7750534447776 6.66357488772241 6.3786610439516 6.305237547156 5.68386183843442 4.51651179875027 4.17123682603544 5.4389803668801 6.65336628375987 5.71301641669708 5.02082045411878 4.94576013459217 4.27836135232856 4.60323262095978 4.05665923677075 4.03788689895725 4.20419187480912 3.18170509239839 3.94099164654043 3.40371264102845 3.52228551178378 3.85453872256692 4.26756565333196 4.95972374754257 5.76076592474562 7.34075769735219 5.93300591165622 7.06801657615665 5.14888628007387 5.55978902278451 4.80945879316103 5.65344668107684
6.30891984966115 5.85277029421156 2.79913905047417 3.76664567897754 6.75058273086816 5.45273083597238 4.71005883645332 4.62102006809239 5.46709583508974 5.78054037253262 3.63097895356663 2.81635695297468 4.88546259122239 6.80124033294607 6.66850451277083 6.49765098799613 5.99607443508584 5.51612297669737 4.70424087367293 4.53594352956655 4.75755316899401 5.28307812271941 5.88741067629567 5.35483091590359 3.49538109087994 4.5647030097007 4.96280483040233 4.15126014812209 4.73310184754718 4.430579654166 3.90370966359636 3.35662713700268 3.28353548457965 3.67720976008719 4.3549523091522 4.31933717805401 5.29154404823341 6.0098067605127 5.75335497435604 5.4743849518041 6.12330044308957 7.43835699366945 5.49389145106269 4.34211363053349 4.98360979106132 5.56757407107732
3.32635109213305 4.12857094837634 2.81540908821815 3.12118041635377 4.91725306387377 3.85471500418139 5.86679171862413 5.3255687748619 5.72992657298447 4.4902544968048 3.99015461136869 3.25223837991734 5.32853414434247 5.99741233116626 5.42978528297509 6.08770227472917 4.61997417244215 4.14708767144191 4.5363542872402 4.58403614659848 4.89474671608341 6.01111830258868 6.21056949082336 5.58922897439153 5.08360238942488 3.59972345838358 5.01351166224746 4.06365801841239 3.65051957142241 4.30925081379408 3.72590215546965 3.16804647136912 3.19150655404493 4.38782344465767 4.51162461923468 4.82234797355793 5.04144598363904 6.07547690347998 6.60920033695877 5.35266329786008 6.08395883878996 5.75137986720933 6.07738365862122 5.08190969197376 5.19652624096501 5.7592207022511
3.54916984374896 2.60871579024293 3.70429472600881 2.60057504261639 4.34733782537466 5.34243334868357 2.79079251926891 4.83867077472673 6.20676925078616 3.93700589792487 3.48157156230027 4.93501451203379 5.83265608899667 6.89924467153536 6.65055397257497 6.14979748486543 4.50010462555063 3.90110087342194 3.57701099224318 4.26272845344254 3.00642545726826 5.34941348375045 6.40120615677183 6.25935271325577 7.76611557974864 6.51009200893018 4.1654182887633 3.44151198075158 2.95263380266638 3.95388960597437 3.74084980992535 3.23855304298894 3.94681472072726 4.05824515645371 4.7228388037001 4.27304870132954 4.90865227680879 6.8065835853661 6.44312746935196 5.56904724561951 5.41997152902661 5.26460187588717 6.44002448677094 5.0484714002058 5.12378819704873 6.05386442821975
3.14272625174679 3.1928046241785 2.90625916384726 3.34612948983587 2.22509249579387 5.23717202969707 3.87785428468871 3.84005476609428 4.86292211481811 3.59996723653721 3.40706059625834 5.60544284039798 5.49252610482924 6.08273739124985 7.62781994649966 6.53330507606829 5.11511542389592 4.97806900945609 3.13872052978492 4.11705180942223 4.83492484610993 5.31391060686209 6.11789447665102 6.58243441022019 6.93578973061773 6.19227188800361 6.1903465256988 4.07911854229402 3.64865980440723 4.32082498872478 4.15132714183868 4.68014947159415 3.95146812046894 5.03842491793466 5.03358403421278 5.10875179224713 5.98485204383951 6.34909675550555 4.5990787635344 5.47608759101259 4.80246667282143 4.72842773940354 4.87994175733468 5.90153696093178 6.81879282772512 6.65971837173075
2.68044961940646 2.55812471544577 2.49182329990571 2.84177915305062 1.82114109654178 2.91840403185057 5.63061756009418 4.19446857774533 5.34479868822015 4.46118198452069 4.4528074756365 4.56371308834554 6.39532272872374 7.41315650221529 6.07392725276768 5.27052970156877 5.47415656671627 4.89049083751977 3.93330712362858 5.23285958246722 4.51897487649028 5.24717697773267 6.4962710078159 5.16276727425242 6.02250594584195 5.78703530687316 4.7243620658497 5.74990904096114 4.7279294500745 4.43437666275812 4.13288611868769 4.18268827510024 4.09150882723496 5.36381560107562 4.78798057926517 4.28742336624255 5.26683835543404 5.78147897346862 5.0444277519071 5.77327361440414 5.26787011510451 3.86177878174132 3.97495673533484 4.99112070796187 5.54980306099245 4.63238334945264
3.14805957321101 2.37062839051083 2.70028104020141 2.3004475880654 1.55869757061368 2.01377181576389 3.26120835081842 5.32901191022462 5.27058522182504 3.80252449535865 5.23181511629857 3.72539939342562 6.06106769821943 6.80828924496298 5.74893793983085 4.72935667398038 2.38550191805058 2.87156325376609 4.86100681618351 6.07638067362046 6.14768686603614 5.6862395245015 6.54967185909015 5.44646584200401 4.29280945493604 4.79324307378131 3.12732565316966 3.23925909358394 5.1946741982595 5.30906346502369 5.08835186194461 7.24054662679111 6.11913234002949 5.28128105082492 4.62380981378275 4.53700017216655 4.83519245664507 5.01016182263232 3.99718108065016 4.14779826145831 3.77683205591376 4.61054531018844 3.55690657097604 3.57546769237908 3.44185684084916 4.12904191039311
5.04175900577168 3.83050096942886 3.74344878324803 3.12470496046871 2.29261961052977 1.88090885162286 2.33903794297352 4.40030630918229 6.32394146210541 4.69137379206481 5.77571322612895 5.32525793266469 6.87353144667645 6.87530809285966 6.33372256920227 5.07061580261555 3.80832609724814 2.3989500155052 3.62157589915125 4.25139217434074 6.14439805689373 6.18566660031102 6.25891751277136 4.77321196670225 5.70045947229114 4.3078804539949 3.78248618940834 4.02220639286191 4.23866590826964 5.19745888508092 5.5213195447575 5.4524612961395 4.31270269645775 5.89242569908094 5.80410091754577 5.13142744214349 4.92907347103496 3.91182572383328 5.22627317696442 3.75235340741142 2.99434888538461 2.59905643483899 3.1790053314587 3.65839919562739 4.28106139470423 3.37256481912745
4.9183871654138 4.12249728630619 3.47161230250297 2.77922731854642 1.55464545914028 1.98295853102701 2.95066676541575 3.272498051983 4.65011753140357 5.76869556490263 4.24760170587301 5.85756879060225 6.19827590879067 6.71204144099382 6.20949580667418 3.71999622836317 3.41328335114028 2.62638670344981 3.10202032258912 3.84849603431256 4.68507925538976 6.48505901946134 6.86633632138865 4.29672987933605 5.15355233394933 4.71837270890678 3.74499488559585 3.71238017786587 2.47926888800843 4.56178368445048 4.38577360149937 4.25615530542508 5.81576030450773 5.96539598714931 4.42707020131719 2.42375695861874 4.60173029265562 4.04690077747375 6.79297249695052 5.31319859027654 3.61339957643491 1.81009096830994 2.76042917876935 4.34384398175817 3.81793111237203 3.81071166447715
