IBR/IBR_outputs/all.combrep_1/single.surface/Spinifex_Total.asc
NCOLS 160 
NROWS 95 
XLLCORNER 210004.651214014 
YLLCORNER 7350008.22228844 
CELLSIZE 4999.99999999997 
NODATA_value -9999 
[rows 21 to 41 of 95, columns 46 to 91 of 160]
-9999 -9999 -9999 -9999 -9999 8.00898492636951 6.232205982735 6.55631110715762 -9999 -9999 -9999 7.81859113793002 8.25324225392268 7.25451022108072 7.37102772177733 7.69925145883912 8.2940105456277 -9999 -9999 -9999 -9999 -9999 -9999 -9999 -9999 -9999 -9999 -9999 8.34405530160836 8.34405530160836 7.99622590321848 4.94604789968085 3.44021555676454 2.77516155447737 2.85637077174557 6.95923543927342 8.34188206731363 8.34405530160836 8.34405530160836 8.34405530160836 7.81720529520007 4.9354041972919 6.74458551708137 8.14947283830805 3.6705333547136 3.70447607316252
-9999 -9999 -9999 -9999 7.37975043211836 7.03434270253856 7.17098590524681 8.24070146310347 8.34405530160836 -9999 8.34405530160836 8.21545086658722 6.56751759157925 5.672699038356 5.97286052951404 8.03416392715674 8.3436260944731 8.34405530160836 -9999 -9999 -9999 -9999 -9999 8.34405530160836 8.34405530160836 8.34405530160836 8.34405530160836 8.34405530160836 8.34405530160836 8.34405530160836 8.17734370717265 7.70822618358093 4.30147200430404 3.06903220021469 4.04227769919328 5.81842086579169 7.63332549443194 8.34366434221292 8.34405530160836 8.34405530160836 6.34497532713712 5.16360700207904 5.15304733105698 8.16520725535124 5.60417507278653 2.90480233054561
-9999 -9999 8.34405530160836 8.33401154489907 8.32753099742373 8.34405530160836 8.34405530160836 8.33670107490244 8.26688367939324 7.94730975629559 8.30750632247312 7.5467031690323 6.14086184672012 7.13903110149021 5.95347174746103 8.25274978153382 8.34211536832605 8.34359619541976 8.34405530160836 8.34405530160836 8.34405530160836 8.34405530160836 8.27438083065922 8.32117940197292 8.34405530160836 8.34405530160836 8.34405530160836 8.34405530160836 8.34405530160836 8.29108422250753 8.22068002664506 7.06986147295319 7.66702030004961 5.66665493655022 3.52038516725403 6.21629411371816 6.52038171441081 7.6609730045191 8.34405530160836 8.34405530160836 6.0398410805845 4.93717490588306 5.72700120745822 5.27160726646697 4.01788205604418 4.124566974068
-9999 8.23492600470786 8.34306073423648 8.34405530160836 8.34405530160836 8.34405530160836 8.32156345263589 8.18700299447007 8.06297147471726 8.2393466281261 8.33722090287798 7.78704450416566 5.36271942589193 3.78689859355021 4.22400980530433 8.22145221363662 8.34405530160836 8.34405530160836 8.34405530160836 8.34405530160836 8.34405530160836 8.34405530160836 8.34405530160836 8.34405530160836 7.65581008841807 6.11243862601067 7.45678316496416 8.21873251733891 8.34405530160836 6.99869275615945 7.2429063689385 8.06476439561042 7.06800202067829 7.9910568032298 4.80123759189564 4.10615827941668 7.37173646294507 6.73092811770387 7.05936907633995 8.2898987200888 5.44314744977243 4.86543298731988 4.74883902550985 4.09702597514606 3.39558269179753 3.02103476026604
8.0757835084756 8.17881515742993 8.34405530160836 8.33567350806632 8.253743837845 8.15768900659941 7.96834412719936 8.24010040287243 8.03310067358167 8.10235603532001 7.59210428972975 6.56504787307185 3.44205470689333 3.7849007009679 3.82979543715728 6.71190605063821 8.34321660196055 8.34405530160836 8.34405530160836 8.34405530160836 8.34405530160836 8.34405530160836 8.34405530160836 8.34405530160836 7.67272918533242 5.84145119304947 3.36836481079012 3.67831141060351 6.43376700838398 5.34542271595653 4.8044587422535 6.89461905067695 6.85205017615272 8.13280491595151 6.8870038556404 3.49406969855564 5.3843155996348 7.03056161476969 6.68809821298267 7.4728639521234 4.83731462694502 4.20161019798613 4.06763387408879 4.04143371519893 3.29475571264754 2.85201488873375
7.95429441366514 8.11238866039117 8.31370766905577 8.27611407015198 8.00595283975944 8.00506806671871 7.80367053829678 7.81057793093322 7.02022712748388 6.78831655885852 6.32932764012569 4.8482272337728 3.11828374927817 4.24267669925807 5.20592614457312 7.60824263624947 8.34405530160836 8.34393001319008 8.34405530160836 8.34405530160836 8.34405530160836 8.34405530160836 8.34405530160836 8.34405530160836 8.34405530160836 8.34405530160836 7.42948017981285 4.05157400133489 3.24182249353899 3.64706365782225 2.85205582673789 2.83397312320909 4.80510015069517 6.82977128018731 6.89698723295381 3.90507578053238 3.99668680335089 4.19022899326545 5.04289329496088 7.8205764442442 6.35734827065438 5.6374202686103 4.97548261135285 4.17659347013283 4.26695315967768 2.94677120611751
7.90802465987487 8.2690444459418 8.02319968011665 8.34405530160836 8.34405530160836 8.34405530160836 8.34405530160836 8.18208717890183 7.99673844346378 7.72305519969175 7.37327880002829 6.66042187848907 3.48329222333235 4.65220944792732 6.6614156473994 6.17470422580712 7.08110822015582 6.29417154587669 5.45235484116108 8.00548778560535 8.34405530160836 6.74522923872919 6.59015470426793 7.94589197566124 8.34405530160836 8.18937388989917 6.66814577389559 3.99389915136811 3.24236971123376 5.10171633287264 2.53519969439652 3.36044591503621 2.99600344971311 7.11626938257214 6.02322928294235 3.06505889516738 3.44123834695389 3.50407820072358 2.71283187841784 6.69182598391207 5.80254634546973 5.1814360938163 5.02237511110348 4.65885383014672 4.85842862936268 4.24390802360333
5.10034467735222 6.09170186015701 7.38013092526016 8.22133884438751 8.29987461867394 8.34405530160836 8.31506409236738 8.32352035100808 8.32684927039349 6.85524200128252 6.19288553540915 4.5434132891838 4.37140042405276 4.96697093052587 5.88362867318404 5.36618466463439 4.86734847431328 5.51757003727286 6.331836322508 5.12616193427107 7.94639915783272 4.34857427711187 3.11291825753987 5.80972840305388 7.72166734849627 4.39511867483722 2.87936777028547 2.88045938597443 3.16240192108549 3.61568611107739 3.66119807009286 3.1333692119683 2.7140724214638 3.09489548341464 6.16049673538768 3.03482761973395 4.29356488367862 3.91835893845306 2.96383208544121 4.72421171711271 5.18152083343809 4.06478378669391 3.33336263238896 3.66187562674951 4.16301460534999 4.50355716911731
4.2259842217446 4.05311343538675 5.45612824222483 5.22018082996611 6.05877680466806 8.26310569344264 7.34342711805346 5.85947047489887 8.34405530160836 7.29401097975073 4.06248658594865 3.86112316294968 4.59753552302791 4.99139221843371 7.01037905476187 4.72463399994737 5.50198626821553 6.98649951228748 6.45561246699515 7.20790063189135 8.29770829859077 6.56320034577491 5.22086408401579 6.37837492746185 7.80294555612908 4.22482222126934 3.30999360821288 3.77661447072551 3.44480979164297 2.59520009040516 3.9161437962159 3.64923809692742 6.85480784539432 6.63713720773889 5.51218812900772 3.98829860114482 3.22332328363597 3.23877095712729 3.85471882449609 3.87171757192071 5.98553782707641 5.01319140278957 5.26189042907362 5.66098160193695 4.0051889342327 5.02773443351985
3.981913793277 3.81489754425939 4.88014061349634 7.26487849500556 6.81515084687273 6.98916974171025 6.63779950536559 6.21338929237382 8.3432873639438 8.14391728555895 5.49843851254756 4.23665152802593 4.95704197943461 4.32895387007708 5.39436995434359 7.71204547746546 8.0028163335343 5.24144568113683 5.64021697757657 7.72226147387656 8.32031249431759 8.34405530160836 6.61818822201381 4.61738625118941 6.42088627296435 4.28957612055031 5.1939373376751 5.9277958076007 3.3726455631705 4.80158519489316 8.06872057335087 8.18947181897893 8.34405530160836 8.34405530160836 8.34405530160836 8.34400147847011 8.18751037792768 4.74677051057154 4.3407975246551 4.70109584048313 4.89740036452097 5.67132096728561 3.57613400236488 4.19295897639501 4.82742049520663 5.09242871113169
4.17115562091476 4.86571824180854 5.9035812557796 4.71685565758862 4.6768731717303 7.45795987813631 4.69854212527298 5.49330756281883 8.19264638486607 7.40694428454389 4.71869678968385 3.99962735597206 5.09958711010618 5.72475306437804 5.53966670483568 4.52424785964709 6.00589077782845 6.43691809665769 6.4073853681156 6.58718089751657 8.06327762805589 7.41424772651669 5.76237464112879 4.46634354310289 6.56084337707003 5.64575867451103 7.102261002496 8.31152749536757 8.11980690873069 8.34137767452703 8.34405530160836 8.34405530160836 8.34405530160836 8.34405530160836 8.34405530160836 8.31243337410251 6.93012233311327 3.83359277003772 3.98426460486567 4.42905788878974 4.53204414991656 4.97213869691584 3.93799962093393 3.53853940689191 3.5866714468624 4.14258214297407
3.69423494275986 2.8750104205673 3.4151515858012 4.9129156431615 4.58758210496723 5.76142346833775 3.59322996042279 4.73711882901124 6.28084439254371 4.75830404458825 4.77605758594141 3.78418908465676 4.97581438209699 5.2898774671334 4.43021102788596 5.63712692381877 5.86298571835402 5.72804009377012 4.45548365230764 7.28596745567114 8.2968388344621 8.20890557416234 5.97328802802437 3.10458948368917 4.64758565439093 4.40171927501066 4.16512037898997 7.97895292182721 8.34405530160836 8.34405530160836 8.34405530160836 8.33916334591361 7.87569073054465 7.5564762037902 6.43281331244875 6.15657703391568 5.42993955806423 3.39395263328395 3.08319770779101 4.30472756223828 3.97450631829931 5.28634779008889 5.04285242845352 3.85897986875786 3.95280148913082 4.04797509230394
2.69529891049483 2.30967489533163 2.96385090153028 2.80115631014488 3.91379628728953 4.1615002217685 3.53452935212882 3.79555817967522 5.19186173689593 4.48565106896628 4.64093071914778 3.80662127104842 4.03276904203984 4.24695964369027 4.2216144709028 5.72318193229876 6.92926774017756 5.44239283687962 6.14833889347181 7.37324545534771 8.26430084096302 8.13350249258271 6.87918617568459 3.07042086315927 4.86860917976325 5.01528309475574 5.24746769087807 8.07919862136369 8.34405530160836 8.08433434233805 7.67303841328174 5.80399801259623 2.93432631590367 2.35047389276359 2.97071863035145 4.37479642392587 4.63575926268252 2.75152167225407 4.03216830642105 4.23085115800199 4.25948370128865 6.75912087846052 4.20346845159321 4.05597558209267 3.74145496630764 3.9254286754625
2.48512013887883 2.58366224567895 2.51012487762945 2.94800294019257 3.15985181978634 2.82081625197598 2.74528105672036 3.3805308398697 4.98061832823957 4.66836307315509 4.36778385463255 4.37429720060135 4.08175155353332 4.5476819739722 4.76328674098969 6.02288711116642 6.49085476046288 7.31829650329183 7.28164034815394 8.08264452564165 8.11339659907652 7.44200903322791 6.40318733340393 3.87765820465401 5.37414404726347 5.08591404103266 5.71585566991874 8.09458393757527 8.33874651535938 7.86051567107978 3.58515622185042 2.75807960475779 3.30243426157897 3.13892168762737 4.44964467479063 4.12436924287432 4.2902503786072 3.20473760891636 5.62896761134854 5.42896464055683 3.7867602510105 5.74710420611676 4.63518795068079 3.58074906547277 4.13936987188961 4.19468732059665
2.79527818730398 2.93239115741782 3.55550510612577 3.69049024757932 2.84553787798555 3.00738467508801 3.83697672340422 4.4016095921301 3.14818179804802 4.10745222446739 4.92140274640351 4.32248223979439 3.69209154789591 4.4442903531003 4.30719940482447 5.08276923878343 6.62819903562172 7.98875623604353 7.971238758005 7.88204348283177 8.10246050012423 6.90507341041161 4.97356197518695 4.86335084287293 3.7867701326753 3.62467360540123 5.34087975146297 7.71790814978074 8.26594822258619 8.32607020812169 6.00356388188673 3.49163789249388 3.47619387676042 3.60945894028014 5.93287241825465 5.18203311892521 3.36482565279927 3.50290613073742 4.38735500231047 4.21557524585844 4.55160392363619 5.81992827861894 4.04550487445727 3.75047346206915 3.48417724693529 4.2177557058415
3.97793476419067 3.98516842635567 3.67744639096253 3.32082149571465 3.3532371532998 2.94543158605657 3.12135341667262 3.70556354402428 3.47695598561744 4.38420342721267 4.26450495228118 4.56584440492971 3.94660465864168 4.72295183229661 3.47869140475301 4.67731304270731 4.61464479019239 6.56607547700021 7.46203652715452 7.94029259704104 7.59722530461535 5.66258518199422 5.14987415040986 4.99141779514087 4.29193006885721 4.91569399962277 4.28645162747001 5.78242407057545 7.16901253079965 7.71857870172162 7.47586899880387 4.90802211670758 4.41670119941191 2.96008358640806 3.52788649656235 3.21585187108017 3.08706327546857 4.04174672678052 3.76370810200965 3.62168670467926 4.24033918100228 4.68406643714227 3.33845138580645 3.40942469503577 2.64081664071747 3.61637131623262
4.70042333718065 4.44998883941666 4.49748731662908 4.11354735219789 4.31389797268339 3.69866382081825 3.78449987308513 4.04067880089722 4.50476990880556 4.45116047040287 5.42608691010989 4.4317523319067 3.67668383496568 4.17469678440151 3.81685850309636 3.53026037512834 3.7632482304462 3.45380883828097 5.41049216538492 6.40682790999489 5.98061793442168 5.22891680746503 5.15303111051174 4.64972429896227 4.67974720863744 5.74410240261924 5.52240557080733 4.69076495247562 5.84268520539616 5.33941337963439 5.1379840616962 6.44256631307288 3.31527964653524 2.81262458177813 2.70038912979338 3.60341250324096 4.11940617007803 3.41676969313217 2.71703531532858 3.51684254694455 3.89676842681039 5.82581443530379 4.20003803583367 4.23887059700673 3.19264013651209 2.88226117181729
3.97326568911962 4.3695857712335 4.80947580971486 3.88356636951055 3.01314837496376 3.97421467186927 4.73157832408983 5.19213884577807 4.58117675798489 4.7638250940307 4.97051389626384 4.34212826466383 4.30635839015231 5.77456011515681 3.14301484951029 5.98091582588948 4.16603904142114 3.93788258934394 4.5185943163401 4.41815513294858 5.3846033185455 5.00569229166236 5.25953450534226 5.08028206051041 4.87456076960157 4.37452075957037 5.43374174057184 5.04030321319896 5.39347972266622 4.18119988361675 3.97521974040241 6.00641705628823 3.61754331435731 2.70546589907922 2.74274672019997 4.18753809138159 2.69090676522681 2.79432813422211 3.32208750355508 3.89152696366429 4.3781366761452 5.25188420765866 5.10465612420317 3.23746456360813 3.19199139857029 2.86005633788111
2.93094091736012 1.96773740020748 2.80043904641296 5.32080012065793 4.16993588096872 4.25656719582505 4.50007886770808 4.08990725847703 4.83188878771477 4.7873205771253 4.75285056385042 5.74088542189835 6.47319647892607 5.53712509743418 4.72017774355848 6.63994392059331 4.58177957793622 4.15532158322603 4.50812419232986 4.51531991888379 4.56092258890998 3.95588052081093 4.2980097921962 3.90746745148463 4.55358845834125 4.92458354014924 4.95262159859111 4.0762938330585 4.31752755002098 4.24121106102536 4.33950008142664 4.27625163442445 4.33587824645825 4.27312864130414 3.40605131820313 4.07181180949733 3.13875995002633 2.49237873822407 2.66225984923898 4.15784754262469 4.02098279267938 3.89046717586944 5.15220068100961 5.71784951137581 4.53023649385088 3.33905525430365
3.59695731033516 2.86974037234427 3.08657134053874 4.81002933324035 4.95627704309592 5.43606269703288 4.35771459334182 3.26797850299221 6.03158811008938 4.07061498172792 4.28460298743866 4.39363202980191 6.74639333321713 5.06724855647958 4.23470011218537 5.27884261159801 3.92774180412952 3.94258295705745 4.12778561260301 4.13923041849331 3.91745360988882 4.37158494823877 4.55254009931934 4.61122705076567 5.80823410592701 4.93933682952649 5.31785009200531 4.08814879898802 4.19169022381202 4.1410245511238 3.67820945133527 3.6757821148028 3.35106188913882 4.38298711667305 4.00687039439099 3.10476911297036 2.90442184805309 4.01500434804794 4.12489314299058 3.31296436138521 4.16144285070531 3.97699311088474 6.47672032422606 6.33069012122128 4.83120455502791 3.85242204084899
3.33892410508314 4.18318718921975 5.39646804310855 5.54899931401186 5.69246748071594 5.36075392934312 4.77683375941122 5.04224455064206 5.16418935336479 5.0726893024668 5.06718972057144 5.35181610703978 4.58243553455476 2.81392972871977 2.27546570466374 2.21832461723294 3.81170267517615 3.71225420523157 4.19885903363089 4.63925718567327 4.09997902949226 4.24786052340858 4.40990236794974 3.91186862480216 6.5317049029572 7.46950615734066 4.91305886525179 3.70531808412184 4.47840107970987 3.10374769069731 3.96224316692229 3.80819349040868 3.52251910283087 4.6197902513804 3.60554095837234 2.51953907759195 2.88120937245352 3.61584209625203 4.28250496685147 3.48551282609177 5.470515293063 3.75906729388968 6.76146575836384 4.61917376170177 5.68439475158958 4.44967676277841
