IBR/IBR_outputs/all.combrep_1/single.surface/Spinifex_Total.asc
NCOLS 160 
NROWS 95 
XLLCORNER 210004.651214014 
YLLCORNER 7350008.22228844 
CELLSIZE 4999.99999999997 
NODATA_value -9999 
[rows 42 to 62 of 95, columns 46 to 91 of 160]
3.14731750897017 4.74372263081077 5.80565863624619 6.24531609079921 4.50173394255072 4.39033863816977 5.18929383986341 6.09466091346313 4.51397921906128 4.20348274058179 5.76433701943808 7.02818316041019 7.08623572008264 7.46994488701121 4.56783810069022 3.56164669000355 2.26436201736961 3.05785014078288 3.05145224065298 4.18480466309562 4.90676961653435 3.93433531332267 3.47717243366195 5.2134632029019 7.35624440309966 7.92863255405115 7.19590590223429 4.31825196059012 3.52936363252063 4.00815475022239 4.27834190248948 3.50397865801344 3.9353547395676 3.50924821129011 2.73979224431533 2.35842016926862 2.45010745493152 4.39991222663374 3.63327486151072 3.76637895723907 4.71536363757293 4.18172484658315 5.91510408429737 4.89615006665685 3.91534144097068 6.69750669288752
2.69958684283326 3.66531163892644 4.84948076253708 5.88387052922628 6.47312923408616 5.42654071157435 4.30425662248402 4.14900286398958 4.32041338639766 5.37420705063165 7.88190932612164 8.30222144024852 7.42715413697817 5.58670552045221 6.49805691020651 7.39524765319605 7.093957441234 3.43660484134231 3.06427562825557 3.35248818693305 3.69431573435103 4.09098764742271 3.6622834736359 3.31401920835645 5.01385350681188 7.16998621225061 8.20806113189599 6.61356929260742 4.32699404291993 3.44877115874965 3.17540279293808 3.70088620184145 4.53101938619199 3.11040487988733 2.8016257263639 2.66559918137128 2.7206366357734 4.39984463849401 3.91837196424079 5.0810027751266 3.59029814727579 4.1116976041314 4.96155593272993 4.78283789256498 4.59350765977126 5.3774568696511
4.64592637380929 4.51863905856396 5.7144452992284 4.70763966122968 4.30585396039122 4.36090507691474 3.99703824372591 4.59013786503895 5.97958558611432 7.72706460072922 6.75558960373034 5.48189456879299 4.5010303218746 3.04650955552551 8.0032652169442 8.23215190694214 7.20424785236594 7.4645138908922 4.20408127400365 3.72025959970842 3.4441038406557 4.35669891333331 3.29372035675858 2.67788662182817 2.8421401726144 3.00845513754013 6.36921012262774 6.76767094442618 3.24967833139599 3.55957913948349 3.23880603001323 3.73816701148775 4.22759761683304 2.6338753615922 3.08216749955299 2.98350633766856 3.10471621271113 2.72746888943793 3.53850688324563 3.73982460973122 3.01174855689516 3.63617428435353 4.933194221995 4.87210780208452 5.01961285897036 5.99625101100157
4.4108508123719 4.53572736208312 4.69774453286094 4.20763423984601 4.08943946766175 4.79309570343186 6.01611994522992 5.87464618722678 6.04275988601288 5.12334120868935 4.86082104451056 5.33098411923262 4.15945433684249 2.52315766600548 4.1282289025005 5.61432346857031 7.99511687494292 7.44855506156943 8.21838918275387 5.37283888812974 4.04179397306007 3.92501915142741 3.77484781347035 2.91142818836041 2.88196878403979 2.39515313873205 2.00791732260339 3.53522770418011 3.06474921034004 3.49091275761347 3.4159878619086 4.11805067313137 2.42307767173303 3.39489879803798 3.30690148712279 3.31524365216953 3.24590878537128 2.63483452391008 3.09531785456905 2.67374960578504 2.86048738624946 4.43335095250466 5.7868048318327 6.1877837512334 5.89868255440188 6.87335510032492
3.63725644802929 3.82963627623715 3.43813521693879 4.95937690826477 5.5458898177052 6.2303303656354 6.37286684795264 5.34290736412366 4.16891773689833 4.13345648561619 3.96650655949446 4.30491005911254 3.94813672380928 3.25035616221556 3.95373594484531 2.1686531980401 4.21709606258209 6.49218446909651 8.1291692107954 8.26009916954105 6.66968577238988 5.84333759149822 5.27145196829498 3.98325655688267 3.88540027717192 3.31963988254044 4.75630880131195 4.83005474424009 4.51324346149789 3.35454815917844 3.62548965150218 3.93956263627997 4.16720292628245 4.43509496543443 5.89858874669975 5.47716923124718 3.92210921018447 2.91827655721289 3.04853966012553 2.51366141890258 3.49839899405397 6.03994034160852 6.44271501340588 6.65435177212017 5.54272368324057 6.57585631792845
5.05123597142664 5.10994168806149 7.18253908105341 6.42283893248079 5.02246926578766 6.73804605571214 5.37022071290004 3.56745896542843 5.48456219253741 3.09732071979445 2.97124047625924 2.43638752676753 3.10342560820173 2.77500395879371 1.52660234128955 3.17961547313249 2.73391415745347 2.96771817774065 3.41646886412988 4.31080078270843 3.18354252884688 2.58564865805173 2.85583281953761 4.77951478506918 4.35511309601303 3.36208850400021 7.83695084087002 8.34156512225845 8.33705951975866 7.5068260285178 5.31189857714378 4.41679463900483 3.63931206153779 4.15921471383122 7.05235074438941 7.79058920856942 6.15403124800313 4.29609170429999 3.83122505224798 4.12247969525865 4.65807763777477 5.07052086600134 6.23254113672581 5.63915870839352 4.08914114064065 4.71800116491168
5.71946221549402 7.43733993201844 7.38221441888886 6.08104214916155 3.4533728282419 4.01315185452498 5.00957755144069 4.21252347165779 2.55210007460943 3.68197304260569 4.48411168872909 3.71334260804013 2.57357877692978 1.85735562694931 2.02364822204581 3.4498406716166 3.24149139184661 2.0587919145754 2.51843417578617 3.04306765871401 3.36415138199525 2.41426825919126 2.11905097661688 3.43075242626254 4.00900390699204 5.11656188192002 6.95403764859704 8.05606995892325 8.0462112206951 8.34405530160836 8.29900011834913 8.24407367588844 6.6895851123101 5.68287534381914 6.65779824567858 8.30693367313043 6.32295074330902 4.84974551023843 4.61451888738664 5.68092914369509 4.90982424384247 4.24166886297786 6.16688441604918 6.2665663246391 4.88411247224042 5.0873429349433
5.04171519792876 5.23141656690389 5.22229489639067 3.74497119420386 4.32425074713861 3.90035617229749 4.8879814869199 2.86151721744227 2.08062206117461 2.78497158186809 2.45917642737865 2.3538538588413 2.76033355469608 3.32742588559108 3.23921079827338 2.88123541695185 3.17182983081484 3.31633486213825 3.24339222935118 3.92895594164575 3.86515010111906 3.44731560826049 2.53017452848489 2.87738971367598 3.06235720099915 3.26783740119133 3.0829164328291 3.39814935688375 3.91493698483864 6.17528615158256 7.68544476820418 8.23382982934846 6.57423759645502 5.61915284561102 7.98534928494634 8.34405530160836 7.68233028153399 7.46248784923183 6.74667467843256 4.77052934459288 5.68937682724568 5.23166857494382 5.34840216784589 4.16573318299179 3.38202579711289 5.81499328053579
5.12105400315683 4.76838768154594 4.62433437007072 4.93431422883567 4.73407624360682 3.35931771437965 4.42608011209517 5.88400156946755 3.48614423068235 2.95700113516211 3.44963050551027 2.74082184034376 2.08420183536996 1.69090686482743 2.62920346763847 2.14029880727862 2.34276912725636 2.14478712171328 2.08393420441588 3.7330256861522 4.26222729776767 3.95864504393907 3.08380624130453 3.02649256049201 3.89571891186769 2.69288311857371 2.61376159477505 5.72912318541952 5.38531382568109 3.6052805681181 4.26042832052464 7.27410412261204 8.0805559552488 5.1123371076833 5.62460794575578 8.29775823601802 7.37928245748024 5.62840348583026 5.4129971596339 4.46699670453304 6.92078180731306 7.27279635667947 7.70932187639473 6.48005762630922 2.87438206467134 5.10519319467525
4.07886810402759 4.31183117947305 4.31468077972466 4.5629218029781 4.2059994340539 3.4025108004623 4.17195278555741 4.01537351893297 4.7150682382605 4.06204552570243 4.7351286724849 2.66272481878736 2.34919892763074 2.24751498273414 2.21675865944873 2.15895176926083 2.47806397861654 2.52263217530085 2.09438732225611 3.80681472749357 4.6442622614341 3.90109761206263 3.44243346987524 3.33010132203462 3.93374778767966 2.97955883475644 3.57221218196263 3.74270431063649 2.89391381546531 2.83827707946702 4.88300571205201 5.51490572157104 8.32131099736733 7.75610120748267 4.81877425357288 4.82669899673891 2.99483630396974 3.35795086711341 3.4881570663898 3.86468170935603 5.52609119187222 5.98510132428635 5.5396047449579 6.79159193607814 6.3030372862736 5.51247659932819
4.45772631348006 5.19900506824574 6.3221432121828 4.46411764288157 4.15635371873638 4.36965928065883 3.79320624491217 4.95548391747755 5.18294391914946 5.19443718381104 5.07776257590142 4.92683344878111 3.67275721408813 2.77759806697491 2.63502586482574 2.34832748560661 2.44899290612471 2.5704706510034 3.32482349882855 3.44548461682967 3.56460689921884 4.67205621103556 4.08082490637431 2.97274359875451 4.09604821967029 4.19464653835603 2.82707123273156 2.87004134087396 2.24818731459904 2.43638691375392 4.54827589611729 4.47824312583784 7.25744946013811 8.30483869225744 5.37491924528446 3.89268946221811 5.59510338355861 4.81151559545576 3.62475654855657 5.1156179290122 5.83889235425529 5.10832700441628 4.10091104673594 4.90127340403982 4.28707092381546 4.91526394032991
4.38692922292349 4.64546589697148 4.0518180719271 4.05076933571251 3.99915474147677 3.73084473367247 3.90524042086109 4.45826673828418 5.32960052077874 4.88652835176823 5.08165371548205 3.98450581081711 2.97129571541832 3.48390290230284 2.42527187924414 2.71415340045997 3.084921322548 2.820857292057 1.88090373679552 2.3038033891059 2.0933868079317 2.98043734081392 3.1753004916476 4.1922438308625 4.16058968707738 4.00459535490175 3.68148223222964 3.08949297023433 2.96178684156344 3.48156367395492 4.79523588056282 2.76695918367292 2.91983567120428 7.4953051332858 8.31657602924546 8.26228122333774 8.34274136714974 8.34379417542164 8.0972697910978 8.25914725223911 7.88183251200667 6.74307820294577 5.56107231763964 4.80900133787332 4.1415200026569 2.80315775979094
3.71380942986421 4.14897201926948 4.13054097252596 5.24422907766494 4.49660305957683 3.17686150436584 3.87309240636313 4.50783900269745 4.05652036438141 4.04388334998717 3.88093556957161 4.47865142674012 3.25043600589143 3.08168759917016 2.85370510158577 2.97038071165195 2.55343656373094 3.06782879867816 2.56100332176012 2.2423565970792 2.6109021071813 3.05169862223623 2.97015209708065 5.5291845732247 5.68114219339616 4.79938518592192 3.68631908289059 3.55913860479581 2.96536432718442 3.69931099886018 4.18503790780295 3.83433852779775 2.8703203819905 2.8428301185503 5.6861293849751 7.50068671551147 5.76256154074227 6.29293518184211 8.04160505495895 8.34405530160836 8.34405530160836 8.34405530160836 8.33851142969367 8.23187195412405 6.83845005422913 5.83903124287114
3.78124936037418 4.2869663970052 4.19104387273814 3.2341185884788 3.35732289635629 3.41293879795795 4.00741700383013 3.5424741079498 2.96945329786431 3.59434566625277 3.13585642513348 3.43646910010143 3.20406068519179 3.83727461679853 3.58913850635899 4.10453049458754 3.33338830399873 2.88392895331561 2.15525059156909 2.76576803429082 2.10667113551401 3.01190377466822 2.56624398974654 4.46866715213775 5.43900954630762 4.64626384096083 3.81812547449704 3.53751767306561 2.73439926157639 2.81068416721013 3.61888060853817 5.34350632600455 3.64101821948447 2.95604565509886 2.62527347503274 2.72528937072576 3.33300778808256 3.02645453335378 4.18771563244196 6.66142720218448 6.971790812393 8.34283242291376 8.34405530160836 8.34405530160836 8.34405530160836 8.34405530160836
4.63459574833944 4.04998231737328 4.12849209760263 3.92537172266645 3.78501984849896 2.98948537877603 4.8508986555197 4.38495053747803 3.22433992492456 3.34092825120614 4.3608356830407 4.23194812941396 4.05287743818839 4.33393743226749 4.7586103141449 4.1392538382687 4.22929473013883 3.00887696919016 2.37937390104361 3.00509813328116 2.93123510574834 3.79723172869571 3.43038178037576 4.77013902447665 5.56138887351404 3.74596508924497 4.61357278512381 4.73698377826363 4.35837635290846 3.6611886361852 5.18131320804073 4.85905779320623 4.1081183560026 3.57064812155703 2.78750877076603 4.12864553643675 3.59021831046913 6.34246237980061 5.49599971384066 6.56629011967142 4.7988751912925 7.43633486348078 8.04062171190346 8.34405530160836 8.34405530160836 8.34405530160836
3.94351824954253 3.60939706995078 4.30690002351736 4.7512443187688 3.93365889740615 3.81373811652563 4.8068969884139 3.52795721471934 3.16393392445013 3.16043977332056 4.44592027479364 4.62975871456328 6.31998779924913 4.91271889542921 3.36130764774117 3.42268615652082 6.274168840702 5.65371858306521 5.0196795697735 5.62025579965579 5.9924137887959 6.29460183586675 4.51239187559961 5.14168882461024 5.25090092799054 4.89010791730039 5.82517464438464 8.14968979722088 8.23990001355932 7.65736790987147 8.28259089012616 8.29644719089963 5.96701921828762 4.26893469645599 4.72120883823028 4.71417391107125 4.99309563690719 5.77977688204315 6.87750762782784 6.8518529998036 4.45256636504928 2.58171189192997 5.70776628881979 5.68226407068058 6.25543947916159 8.30751489702399
3.9950119221159 3.36262574003069 3.48220261296238 4.30220848309427 5.10084595998282 5.47040715540329 4.57316715071372 3.9696661817291 5.02958453542021 5.58751846499236 4.94126799295451 5.1557463613901 6.37432379325825 4.83207956583845 3.6445603865704 3.99275014442792 4.68426039927247 7.00447591055412 5.13101232787026 5.73935662552118 6.47525152261398 6.56283997537243 8.11084716864786 6.98161561024491 7.31194430674049 7.39615327199783 7.3194026537246 8.33843306757529 8.34394691850622 7.34441030990667 6.12909803553857 8.34204761166521 6.4747581446915 4.58620996051668 4.06404436086264 3.71467286283001 2.88248016222538 2.22545322682833 3.47853867098351 6.4202986955423 5.90837990009139 6.37592861112165 5.30480381203615 3.92799884980419 2.8274332707918 6.41985740396983
3.58939087895836 3.33894520309776 4.61817966128247 4.14288171648053 5.04966511093012 5.58409399753138 5.63744609728768 5.87534295290822 6.20434049974216 5.39378537941183 5.36847330167321 5.28540251068493 5.0790728727081 4.32082446506745 4.37092711056646 4.45825225835149 4.74121136262388 4.63850296778531 4.55455265383036 7.58685672400269 6.97932636350267 7.07553018454219 7.93595058567259 6.1003910354264 6.92226886015536 7.86092177527488 8.14782029834008 8.34405530160836 8.34208628166512 8.32598387020474 5.49313882555483 7.68029497442668 5.37447942904223 4.8129791339815 3.31926464327947 2.70829278180435 3.25466983878814 2.85341026517133 3.37066149047519 4.42366234113264 4.48248643638294 5.74517068955079 5.74826153046277 4.43134330873031 4.95045946714182 5.65355972508048
5.33733014494274 5.11998610954042 5.77280335508388 7.16460187817458 5.93021065291879 5.01045075464734 5.16654042784887 3.93933618837657 5.36324132743883 6.22690553726747 4.97709259793518 4.04178914106326 3.21466399182054 3.29581444246385 3.69900898690877 3.50180875678672 4.16421598045623 5.05823957580067 5.30708241667593 7.17504199661453 6.93832120215616 6.96204842651001 6.04206016331114 7.51681190117302 8.20150406384845 8.34405530160836 8.34405530160836 7.58159325247709 6.22375010228093 7.96326759267721 6.07040830402048 8.29333656359236 5.01950886774277 5.04379084905986 3.6598267440828 3.83277423990841 4.5745332812327 6.24057097668668 5.1341928233655 3.77468404746339 4.32709452850409 5.73030391587167 6.06875885452528 3.91873342393693 5.32632727510662 6.18396295105048
4.33234519711905 5.21948742796247 5.47407965556121 6.1062905805274 6.97748041810178 5.66034916045861 5.8346144967373 6.31233840349345 5.61518496792392 5.60971811447516 6.23061968012066 4.49359883085581 3.66498933027721 4.16071453139225 3.83055839457489 3.92730904329716 4.0708645321227 7.49397089462609 5.41463818362097 4.05412816723454 4.47626799276013 6.8081751391884 5.76606802262905 6.54661555186818 7.2198834443019 8.31550651393323 8.34405530160836 7.92918071111912 6.48142475551048 8.00492121943111 6.31939702392897 7.63636420862568 7.43416998580842 5.38485104356054 5.62096154156998 4.10345407336291 4.01617854965268 5.78511867577074 8.17974929524377 7.47517528996145 3.8567548717805 4.67153246448324 6.21877151783401 5.14242292727748 4.52106309117653 7.08152906271471
4.43673195941351 5.55958353124498 5.47318716104304 5.51960205358367 6.01174207434998 4.7275345341562 4.09765586119487 5.87927893165998 5.80471628415929 5.41708128857719 4.3401817547636 4.41702875359354 3.60648935463869 4.0788563311518 4.92937381965465 4.5090244981651 5.89184854283788 7.07325420131479 7.20071527717246 6.38925244266208 5.93743896565422 6.04599635932358 5.29309980049368 4.12414166115697 5.49730796743418 8.14937664048279 8.17759340523348 6.81085901101595 4.67609321773562 4.34083934139709 5.23278487836569 6.24411825919582 6.6645645839387 3.90907918434408 4.65416028214177 3.62843551774289 3.4491186338385 4.05540020773414 4.92663374600178 5.54310020847448 3.48836486352018 4.46774438162436 6.97814750649088 7.10736757775573 7.51471738673825 7.24148686981366
