0,22.548663212648,22.5903962895085,24.3006149319805,29.3903320322555,29.1599833381546,32.8645875531119,28.4858825573317,58.2076336313313,60.4037333189015,79.5573562331273,54.0873701788948,54.124120716541,55.6741287792749,49.5637912826384,49.9525385990908,55.4398539114324,58.6211112533392,56.5073828108891,54.0233408770142,37.1905050317315,40.8520610437192,37.7927533645061,61.399311163898,89.6763937904778,99.5388973477782,56.5938697976464,57.0482062299376,54.0360838742487,51.2613570952686,49.869808482129,56.4822280848202,62.9262246268787,42.5838934010583,51.3268939314998,50.5950449867742,53.5465788624501,68.1199528307694,68.117216313513,69.9861511382147,67.4479339130042,68.0288164071063,69.0434515815877,68.5697482648932,73.7999739943809,74.2351043475287,79.9635813045002,73.5187345641158,78.9553501907171,74.1858510636168,73.821138168956,46.014062529331,43.7143449307878,45.5965251888288,45.5198226813038,45.7780833287419,42.3801287481744,42.7258205633104,32.1883369029063,34.5760653828939,34.6933443228428,34.4073865278831,35.3286872034046,84.4408047748456,40.6177186247857,49.1499152027154,80.6784813162253,81.5923074554931,79.4758961440994,75.0944156121226,69.3499272710994,68.7670220032277,74.1722883859889,72.9810446188954,68.5272206922087,46.842442977273,47.635311956605,54.111397610175,40.5030205257097,40.8607281697241,51.9464533183391
22.548663212648,0,24.7535193225833,21.8318293591676,24.1043697559997,29.8051688336833,32.9269094333476,26.9878543925191,57.4793521535659,59.6805055263343,79.7639501887753,53.3805116593539,53.4110872123143,54.9587762236299,49.9094703916734,50.2568761627022,55.2252370150327,58.424356529674,56.2832920974288,53.8397272218748,37.6606184285469,41.3664770076685,38.3130477791755,61.3896784829008,89.9609100850404,99.8117759639031,56.4261076195729,56.9290347114556,54.4411255358422,50.5790411389793,49.1834510722809,55.7999557554908,63.2044099830712,43.1496140190479,51.6185366883558,50.8905955250683,52.8533874576701,68.3470617754576,68.3464236414033,70.2135898602687,67.6627722128001,68.2430983242849,69.2561369508776,68.781984408672,74.0153452954287,74.454519234382,80.1801943792469,73.7364333277175,79.1723306181709,74.4027837227679,74.0424180958496,46.0627029029579,43.7847402229471,45.6837356495741,45.4851373062671,46.0261702966198,42.6217135759196,42.9350117706929,32.8362327852091,35.1647635689921,35.3633509680459,35.098134777973,36.1496937353263,84.1271004520987,40.0889845005516,48.863698058138,80.9189137317977,81.8347121200574,79.7174244927381,75.3350048954585,69.5556524008329,68.9728498172712,74.3844333557013,73.1937741210782,68.7269401847284,46.8429898725654,47.6508902100349,54.31299086022,40.7790203660706,41.8061563884208,51.1692151302112
22.5903962895085,24.7535193225833,0,29.2786715846289,31.4816480153281,22.9227160742853,29.2503140701813,23.6900209841642,58.4303493079738,60.6163615708726,79.3710306093901,54.4000765040429,54.4299945681123,55.9437085962862,49.4185244402276,49.7674682052661,56.2888785297797,59.4537935556945,57.3393179192795,54.8698261971938,37.9957160706914,41.5144648153117,38.5233828810664,61.0395688046061,89.576758129324,99.4228040882205,56.225393835492,56.6694027576371,54.0199647472801,51.1249576307302,49.7214701406451,56.4731078985469,62.8006134889647,43.0208470682693,51.1220281500185,50.3832957887948,53.9030047552762,67.9477646654173,67.9472443341789,69.8153015723458,67.2634442568854,67.8444924426855,68.8571808012565,68.383732263272,73.6196605080297,74.0582009384257,79.7848527373608,73.3402639504075,78.7771351944906,74.0069228903411,73.6459709074891,46.898494185525,44.6119373380032,46.4673577234233,46.4223716260865,46.5586835787423,43.1893569238684,43.5650567700487,30.9682608442294,35.4220642280037,35.5080574014801,35.3190569807759,36.1954479768525,85.1959030031957,39.3232785468767,48.6640568186791,80.5225774203412,81.438467943421,79.3210482587035,74.9385029811643,69.1606963668055,68.5775699691581,73.9891891586716,72.7981668166922,68.3330850490394,46.2927949523561,47.1179855500237,53.8604921229412,39.7079387495285,40.9955613539057,52.1633159859496
24.3006149319805,21.8318293591676,29.2786715846289,0,21.6598330494838,32.6646644650088,34.9573507812223,30.346549113789,56.8520799978894,59.0639808974449,79.5383406560649,52.6506267677741,52.6893216068434,54.277788160654,49.6429037790831,50.027717053826,53.8984703032692,57.1193554987195,54.9765120199944,52.5191902287225,36.477462655138,40.3342353981536,37.2162448289885,61.3328347225038,89.6513075984986,99.5180538655944,56.3860337425016,56.8957437574683,54.0532380327062,50.3466317786306,48.9650043629272,55.4257370331058,62.9197045594395,42.3463931245403,51.4079043853107,50.6861955084688,52.0737319904167,68.1075403892682,68.1047565926402,69.9727998788437,67.4351753275288,68.0153636125936,69.0302777708594,68.5559007649406,73.7838147037378,74.2196610404608,79.9471373110621,73.5030999604039,78.9387799352783,74.1699038812008,73.8058717454936,44.7198208096301,42.4293799034004,44.3605509961878,44.1120117063503,44.8200811697044,41.3851568096773,41.662010617132,33.3930478387005,33.9755437102366,34.2299427824798,33.8795811251791,35.0194255068793,82.905163347326,40.9431865256268,48.9441479045991,80.6636748285429,81.577471581432,79.4611595427696,75.0797703353814,69.3327918231561,68.750192837556,74.1556185872763,72.9647329047111,68.5088693718598,46.9553994960228,47.7336755757177,54.1472987318397,41.0715800669031,41.3646065588044,50.5540902573676
29.3903320322555,24.1043697559997,31.4816480153281,21.6598330494838,0,33.8423244013674,35.6837798069583,30.6839452581291,56.5943479606741,58.8116646716174,80.1165516069457,52.4136731275981,52.4459334090792,54.0325420722077,50.3346561353666,50.6839304293762,54.18631274459,57.4221801359617,55.2525816101352,52.8368780061213,37.3884245686506,41.2543439886292,38.1530638189151,61.727101804906,90.2997277007911,100.155672096447,56.6481637221464,57.1990829845359,54.8032099441085,50.1517120433126,48.767726436073,55.2205781225559,63.5606174137846,43.2708035434424,52.0526437029344,51.3335100659806,51.8507748276232,68.7035122019843,68.7026036415762,70.5691448758594,68.0202400876056,68.5999884895996,69.6134587150432,69.1387351861852,74.3696272656267,74.8090220670298,80.5340801933186,74.0909458986636,79.5260606962176,74.7570918040095,74.3968819831156,45.2669555737544,43.0002692898137,44.9413227864391,44.5835791479134,45.5335030282121,42.0978775913597,42.3507987643253,34.2573930281905,34.9898377229167,35.297997648534,34.9868995373847,36.2074754774062,83.083977479475,41.0784663739025,49.1164851047346,81.2717449323017,82.187305902162,80.0702021531764,75.6879659947231,69.9100848786415,69.3275538484098,74.7385952153515,73.5482023171726,69.0809095084054,47.3628645777808,48.1521079381622,54.7175343909284,41.6895223385471,42.5028736530994,50.2460661264189
29.1599833381546,29.8051688336833,22.9227160742853,32.6646644650088,33.8423244013674,0,23.2235017281725,21.590031361768,58.668943836338,60.8447728831836,79.2045540201355,54.7234924859903,54.7473590386037,56.2263180286441,49.3024132063824,49.6082550789801,57.1001686664741,60.2509298059439,58.1355738564855,55.6791630370031,38.793719943332,42.1884225351485,39.26025336419,60.6856166764695,89.5003844658476,99.3295132495171,55.8596784518839,56.2930117860997,54.0363296626323,51.0093959519796,49.5943573423268,56.4831316536764,62.6983643766593,43.4934402187221,50.941956800189,50.1965333997943,54.2673776755588,67.7963828846835,67.798177455949,69.6652716957645,67.0991758177271,67.6803643296934,68.6910278667612,68.2178143210094,73.4596002852618,73.9017397251141,79.6264362155188,73.1821552141183,78.6192495698008,73.8483210222612,73.4913330166938,47.7440733146395,45.469303879996,47.3018690334402,47.2821428281352,47.3174305982075,43.9737641200764,44.3750291908319,29.6867994962004,36.2704295820425,36.3414744554047,36.2383627094639,37.0994893094307,85.9235863623431,37.8526088400791,48.1697824211163,80.3880843521652,81.3061287132158,79.1876617773008,74.8040098433227,68.9912624735374,68.4079182261806,73.8261921272812,72.635417802102,68.1584611803638,45.7300468308437,46.5917546501305,53.628013190927,38.881862783347,41.2715658393532,52.4008811305025
32.8645875531119,32.9269094333476,29.2503140701813,34.9573507812223,35.6837798069583,23.2235017281725,0,23.6712947635832,58.6726661838584,60.8383935356128,78.7869914602948,54.8043300284954,54.8231690814296,56.2698358438831,48.938757308961,49.2008310137909,57.6010645118406,60.7391625869805,58.6237135728555,56.1776242410432,39.2797077859612,42.5674393110387,39.6951913959782,60.0782985531356,89.1712542185448,98.9838667354186,55.2431984965182,55.6640215949296,53.8022850693096,50.6735037950718,49.2479024584294,56.2667882575775,62.3444139236855,43.6959573568646,50.5136530376441,49.7618429099086,54.3851931665618,67.3937879654086,67.3978625175174,69.2639918026144,66.6838710776351,67.2651877404618,68.2738577922409,67.800866533723,73.0483953546003,73.494090627112,79.2168466695127,72.7728803144039,78.2101811677735,73.4385558461594,73.0854825510933,48.2689516396954,46.003901826208,47.8165949726245,47.8206471102062,47.7640503119983,44.4431812702097,44.8670275433861,28.1872560829048,36.8055876661274,36.8695433920604,36.839039341915,37.6981899178872,86.3542570221447,35.95537479698,47.4203526484375,80.0020693395531,80.9222320211634,78.8027371416887,74.4179985343733,68.5708042720067,67.9872486129425,73.4120864195065,72.2215611408096,67.7328676248796,44.898227094377,45.7997426111515,53.1451146524717,37.7693283256391,41.3567980175356,52.4092923853399
28.4858825573317,26.9878543925191,23.6900209841642,30.346549113789,30.6839452581291,21.590031361768,23.6712947635832,0,56.4684934361134,58.6484447036701,77.9483540079063,52.5471534928997,52.5652208475886,54.0402712545372,48.1894310091662,48.4591083724537,55.3499363285468,58.5152233494722,56.3773563547404,53.9543725112485,37.6068448096241,41.0688053888736,38.1287908836431,59.2254951066878,88.310872286298,98.1307758968943,54.2276889743022,54.7150642465795,52.9583530191352,48.8235380703882,47.4022746571347,54.3125897158914,61.5073923131507,42.4684896512916,49.7833752798723,49.0438993403515,52.1050218181632,66.5595652875798,66.563180582776,68.4285315075662,65.8515703698252,66.432117565693,67.441449773346,66.9676931293506,72.2116990991961,72.6575280952715,78.3795554504102,71.9364028686923,77.3726612934006,72.6018301282945,72.2487888428013,46.2115079022705,43.9531856828575,45.8027105711363,45.6792451742261,45.9640605337783,42.6099196879022,42.9799749006906,29.4542726429401,35.160813878871,35.2988874603749,35.1830585941669,36.1480656602541,84.0900717527888,35.5896361873551,46.4073655640009,79.1623601935146,80.0821195701006,77.9629097801054,73.5784584727115,67.734721821113,67.1515354532932,72.5753605624388,71.3851764122299,66.8964044935263,44.3097026022982,45.1839525338395,52.3799834544137,37.8728924890529,40.6590684300265,50.1545589931856
58.2076336313313,57.4793521535659,58.4303493079738,56.8520799978894,56.5943479606741,58.668943836338,58.6726661838584,56.4684934361134,0,27.2813027818017,94.3456027975394,38.0455901560321,37.0980855266245,33.7883626853883,65.9914940129078,65.9650041789106,65.5949160546906,68.5932157746416,66.1399870433601,64.4806442779032,55.5047781916799,59.2493116937118,56.3234966876379,73.9992884723144,105.382446459119,115.111222288052,66.9779045670312,68.2642172536363,71.0318700585492,51.663630407511,50.8268062183958,50.5645998855158,78.5686664202935,61.106982696109,67.2267606499254,66.5549143837077,41.1094866641156,83.1624233273315,83.1841630358802,85.0307429989715,82.3466287734089,82.9195352888921,83.9162657220127,83.4358407986148,88.6974750375817,89.1814979709482,94.8750060428425,88.4446178889374,93.8708123039919,89.1020925001362,88.7897675138671,60.3796584768112,58.4949430367858,60.3561565084948,58.9844021556644,62.0915221285686,58.7135864491969,58.8185073044749,53.3488853231565,53.732590156739,54.2560335201725,54.2346571737515,55.7312014032759,90.9677189819665,58.8266008275676,59.9646286011026,95.873705543451,96.8108031688814,94.6841662903201,90.2917147004083,84.1327371592974,83.5517794263915,89.0309294073757,87.8473288338878,83.237506657949,61.2022274294768,61.8986917685944,69.0267783726539,58.413729109378,61.5170881030406,39.182418922717
60.4037333189015,59.6805055263343,60.6163615708726,59.0639808974449,58.8116646716174,60.8447728831836,60.8383935356128,58.6484447036701,27.2813027818017,0,96.4211651949202,40.4944149639152,39.812625501599,36.503266429435,68.1002209079823,68.0640622284985,67.8767288733262,70.8718333751779,68.4228464934374,66.7577558430931,57.7115652731902,61.4449237567818,58.5235947612028,76.0271412011185,107.481821352031,117.206862886631,68.9618383445591,70.2655116980653,73.1591634757009,53.5738078822798,52.7572164206755,52.1987312426153,80.6649029549338,63.2847030266182,69.3227260558946,68.6516282603217,43.4039428716293,85.2439645900366,85.266327363567,87.1124052430922,84.4245591781324,84.9973120433992,85.9935714772858,85.5130228629114,90.7756092475567,91.2608206547064,96.9535123957299,90.5234344602054,95.9494296565022,91.1806865506656,90.8696411011366,62.6265658026298,60.7393909335622,62.5981525680804,61.2416514951391,64.3113239404889,60.935933738849,61.0456979204827,55.4890066588609,55.9369319013312,56.4565073074439,56.4387973620515,57.930412499423,93.2584637439598,60.9553805335271,61.9806084624176,97.9592958665029,98.8969867665122,96.7700826297951,92.3773455083388,86.2080381812357,85.6271093499401,91.1081151508158,89.9246836057272,85.3110592349115,63.2682018762703,63.9621595893465,71.1022359991729,60.526222117345,63.6830199528307,42.1187269452277
79.5573562331273,79.7639501887753,79.3710306093901,79.5383406560649,80.1165516069457,79.2045540201355,78.7869914602948,77.9483540079063,94.3456027975394,96.4211651949202,0,90.7349560084945,90.7649033856353,92.052810456911,64.1728693624264,62.0130300900427,93.7808347639062,96.7570462328307,94.7609908578549,92.2070400522346,73.4962498587028,75.483218649736,73.3997973621718,79.0647983371216,86.530053285894,93.1127054295826,78.8631406044491,78.3952024084847,72.4867366954345,85.0841810050365,83.7457005084999,90.583226567071,62.0163567066241,74.6047455602887,63.7057991957608,64.0403687806667,90.4415884252042,49.7179198403624,49.9347377204941,49.6221771642176,49.3513054642771,48.5542465978762,50.8004067138691,48.9384236417659,43.4383884628431,46.4207350612007,46.8040976112892,45.1822281950619,44.6486434936459,44.3415590481338,46.5914207578967,83.4600209516939,81.2230200538179,82.7253356969667,83.5058016340354,81.0787890174491,78.1906190876139,79.0538062540077,70.0717857367688,71.8961952522911,72.1304196281144,72.7483795819314,73.9178270027711,122.520887630775,79.0769016723778,78.2718223407619,62.0965032956433,64.0482336665068,61.6038624227709,56.8669248190881,43.2996943849707,44.0158819365985,42.9552745909132,43.654212434524,45.1899439804189,73.6596030306704,73.2478971762859,63.0829838057165,73.2483692493301,76.4353232407781,88.4735315308349
54.0873701788948,53.3805116593539,54.4000765040429,52.6506267677741,52.4136731275981,54.7234924859903,54.8043300284954,52.5471534928997,38.0455901560321,40.4944149639152,90.7349560084945,0,18.0370990909764,27.2551127886418,62.196446958715,62.2348464823604,59.522465689944,62.4428878033366,59.9386924990578,58.4442870174497,50.9154713647279,54.7588004083951,51.8020282086449,70.7213444157663,101.61659744352,111.370936376003,63.9435161226308,65.1450686955248,67.0937623593616,49.8477611569292,48.9346222336723,49.6783941616154,74.8293932618775,56.7829257155371,63.5202492023145,62.8471106775198,25.5896626637677,79.5161214488778,79.5338165025749,81.3832588658561,78.7235438582059,79.2971334355283,80.2970467700176,79.8171170355931,85.0715325960983,85.5482020040195,91.2465305995792,84.8145045346309,90.2415633191267,85.4732755010244,85.1529941338793,55.1122157858199,53.3023843239103,55.1659240798257,53.5504862994672,57.236552904164,53.8410470028258,53.885878695788,49.5509339118931,49.2103781708169,49.7833162111163,49.7450031450704,51.3022928475033,84.0123301327101,55.2762556100234,56.9478634952587,92.2003163692543,93.1335868041192,91.0087077237264,86.618128805735,80.5246862901803,79.9436871529328,85.4108847556577,84.2263562825383,79.640238461263,57.827524961966,58.5201392942836,65.4456113236174,54.781576165231,57.3913234468196,39.3597538362907
54.124120716541,53.4110872123143,54.4299945681123,52.6893216068434,52.4459334090792,54.7473590386037,54.8231690814296,52.5652208475886,37.0980855266245,39.812625501599,90.7649033856353,18.0370990909764,0,25.5671374405461,62.2356886726216,62.2698640793772,59.8116342419462,62.7489786538418,60.2493303597917,58.7318946104729,51.0163313201773,54.8515530208081,51.8966790945472,70.7289404661508,101.656444140665,111.409060755963,63.9390382155606,65.1438871201698,67.1437301462294,49.7336280502778,48.8209830559255,49.5628764338525,74.8670797888321,56.8613174163699,63.5535181725959,62.8801929231895,28.1256346259265,79.5480982127264,79.5660497180054,81.4153398592983,78.7540654205027,79.3276347357543,80.327337230129,79.8473986269165,85.102347588408,85.5794567682789,91.2775147645925,84.8455650386933,90.272600411322,85.5042646579127,85.184462154849,55.2945895437666,53.4741588985063,55.3392611175896,53.7524180145535,57.3710749961722,53.976607905214,54.0277475949647,49.5742402593836,49.3023225074993,49.8701172084611,49.8320098579236,51.3831554942094,84.448670693229,55.2718343662914,56.9277432009277,92.2340707246041,93.1675822302166,91.0425898943379,86.6518907164349,80.5544038252349,79.9733966785073,85.4413448037779,84.2568627875573,79.6693142387442,57.8306348101512,58.5248923301969,65.4716192743306,54.7965588919324,57.4471078585682,38.712428031561
55.6741287792749,54.9587762236299,55.9437085962862,54.277788160654,54.0325420722077,56.2263180286441,56.2698358438831,54.0402712545372,33.7883626853883,36.503266429435,92.052810456911,27.2551127886418,25.5671374405461,0,63.6096166201759,63.6153964837568,62.0321878646641,64.9884955719859,62.5089384002203,60.9363113943006,52.7193728772318,56.5145638638726,53.5731102596496,71.8732486047603,103.012973577525,112.754462658961,64.9699712784904,66.2162665071333,68.5777471052007,50.358251579965,49.4837263704857,49.7240905694393,76.2127308642345,58.4577408810152,64.8891044444931,64.2168609827917,33.2311811728868,80.852246355526,80.8719883321754,82.7199539780161,80.0479040204498,80.6211254256928,81.6194372066358,81.1392347932911,86.3972286737622,86.8776454637482,92.5735001435057,86.1423299690165,91.568920538227,86.8004342521843,86.4842045373896,57.2394767296401,55.3942210435986,57.2562773032539,55.7572670548494,59.1664390571564,55.7796130415123,55.8533569656519,50.9773130188818,50.982758520094,51.5320348637938,51.5023375534897,53.03058961151,86.9360932882628,56.5897263190845,57.9849552975679,93.5500943165931,94.4853036261664,92.359536390278,87.9680109200571,81.8412925125988,81.2603249369429,86.7335775334865,85.5495308384237,80.9513477493645,59.0396131836425,59.7326608692603,66.7506684334901,56.124981945532,58.9727186545898,39.2426411446943
49.5637912826384,49.9094703916734,49.4185244402276,49.6429037790831,50.3346561353666,49.3024132063824,48.938757308961,48.1894310091662,65.9914940129078,68.1002209079823,64.1728693624264,62.196446958715,62.2356886726216,63.6096166201759,0,26.4811332447948,63.9227250969571,66.8886845593632,64.9286318850353,62.3109366105036,42.7151330150061,44.4636427406578,42.4870163128377,55.431420427436,73.110406195603,82.938996799922,54.3615363634366,53.9533115482693,37.6384073035935,57.338840287415,55.978632420842,62.8159302238868,45.1120378922113,43.094254200837,30.7268565795519,30.6397432067992,61.8073234655852,52.0039049183619,51.9532910180464,53.9029463491704,51.6498950662108,52.2694685916479,53.3160414984228,52.8767624280212,58.1102195414049,58.4238905284628,64.2551477389858,57.7548688183926,63.2431651804685,58.4515877605621,57.9598748332874,53.2196953492551,50.9541298169125,52.4298943216612,53.3793159884098,50.5326405351389,47.6630968537776,48.5823443893147,39.8860406779469,41.1168884038685,41.3083757309819,42.0247042599015,43.158612136401,92.8754803688922,49.7993004246318,51.0999597583624,64.3802862220937,65.2544026955927,63.150750478817,58.7839574425524,53.9299529961871,53.3351841632197,58.5775497128665,57.3599431518443,53.3002637368844,45.6884634531518,45.5159460564485,39.4112226563548,43.3814443274779,45.1687783823561,60.0439354003778
49.9525385990908,50.2568761627022,49.7674682052661,50.027717053826,50.6839304293762,49.6082550789801,49.2008310137909,48.4591083724537,65.9650041789106,68.0640622284985,62.0130300900427,62.2348464823604,62.2698640793772,63.6153964837568,26.4811332447948,0,64.461676102184,67.4371364872088,65.4592764328723,62.8694733375096,43.6216314894153,45.4902252512055,43.4461501075562,53.7710474041077,72.4420206689307,81.9687348334581,53.1968731078181,52.6925914670727,41.0346446776104,57.0843840666423,55.726132508372,62.6006759329315,44.0739935867073,44.3268008958866,21.5136655570224,23.4321083444155,61.8791070390793,49.9470820912325,49.9393426568295,51.8930712868186,49.3698247367138,50.0104303896235,51.0135257438509,50.5964072218795,55.9923869366436,56.3514009286069,62.1728893836727,55.6582510958573,61.1731498400515,56.3540152780459,55.9149321580593,53.9372928837838,51.6798544832011,53.1791953445995,54.0359795855495,51.4433026349828,48.5430370329776,49.4222415339379,40.1517750608291,41.9712200675348,42.1577910081082,42.8256217638581,43.9462872392399,93.3338236135488,49.8282416945814,50.5092135094735,62.6680463027907,63.5785045646019,61.4559026055309,57.0691642849062,51.673194694687,51.0669502682549,56.4210328110411,55.1988788538512,50.9854665907092,44.9772311643391,44.683646131078,35.5976688801494,43.3794307250126,45.993605115622,60.0308163815777
55.4398539114324,55.2252370150327,56.2888785297797,53.8984703032692,54.18631274459,57.1001686664741,57.6010645118406,55.3499363285468,65.5949160546906,67.8767288733262,93.7808347639062,59.522465689944,59.8116342419462,62.0321878646641,63.9227250969571,64.461676102184,0,35.5206689537613,26.4129723380013,27.3740423949763,46.1358920882146,50.780352220958,47.6511084224307,76.3184161106238,103.439721738863,113.399614811358,71.2491247682127,71.8700217844557,67.6361517421307,63.4928039422413,62.2521042546118,67.1020439181374,76.884473433041,54.2693350134327,65.9385653147835,65.2672484076521,57.9008261624477,82.2912277978753,82.2772049680258,84.1479286609204,81.6799376020173,82.2580008387114,83.2831781225998,82.8062773940226,88.0012813284168,88.4212928961507,94.1560937158482,87.7122663044748,93.1449124355475,88.3807908140652,87.9990884272375,40.8711853271547,40.3554909288614,42.0812126567718,36.5041402257273,48.6385343364972,45.1420085151618,44.4811183633893,52.1686518209462,45.4079824725611,46.4984986105849,46.4774266258443,48.6330835585031,68.6117680145413,60.0065712861362,64.462829957212,94.7603712390388,95.6636451750718,93.5526521938495,89.1768483739324,83.5932515165451,83.0123136811302,88.3861554262237,87.1948146429988,82.7916751306927,62.9524230861244,63.5827758809345,68.7909820185206,58.3300817616953,57.0966207226268,60.2136482127432
58.6211112533392,58.424356529674,59.4537935556945,57.1193554987195,57.4221801359617,60.2509298059439,60.7391625869805,58.5152233494722,68.5932157746416,70.8718333751779,96.7570462328307,62.4428878033366,62.7489786538418,64.9884955719859,66.8886845593632,67.4371364872088,35.5206689537613,0,28.6800709715282,24.50992102186,49.0215634390564,53.6500968837841,50.5446337996254,79.3464774617336,106.386529405951,116.352028560799,74.2929546613742,74.9106006811,70.5673781636268,66.5755549099534,65.3376815134287,70.1573096645938,79.840510221491,57.1662020903426,68.9190776452761,68.2495074884933,60.7692396451012,85.2625080878017,85.2477483453968,87.1187860739053,84.6553080732214,85.2333395666005,86.2591500154416,85.7821885068063,90.9753812442378,91.3942312742308,97.1296747790726,90.6857338839407,96.1183262002903,91.3544215215473,90.9714413679043,42.5707039384743,42.5392522050004,43.7820673365897,38.7329840247682,50.9438419242245,47.517720570219,46.8306341687597,55.2526334013542,48.3864025124381,49.4939381782095,49.5039619073802,51.6712657737965,63.9266318946567,63.1222824050988,67.5318271732292,97.7262396452327,98.6288177101054,96.5181640580523,92.1427183503491,86.5703480416957,85.9894708671836,91.3612011769909,90.1697735179794,85.7704379732739,66.0042177422959,66.6298020623912,71.7841017747459,61.3945658785303,60.1216128470274,63.2788248533095
56.5073828108891,56.2832920974288,57.3393179192795,54.9765120199944,55.2525816101352,58.1355738564855,58.6237135728555,56.3773563547404,66.1399870433601,68.4228464934374,94.7609908578549,59.9386924990578,60.2493303597917,62.5089384002203,64.9286318850353,65.4592764328723,26.4129723380013,28.6800709715282,0,24.0391925052405,47.2745180195413,51.8922510729466,48.7757177580446,77.2574514148509,104.437959676536,114.395000220213,72.1560983159253,72.7882693496526,68.6582094389934,64.2733519943471,63.0391951080622,67.8085320754737,77.8803278669983,55.3533360729031,66.9333807769039,66.2624942223347,58.2389002567374,83.2758233814625,83.2622776723195,85.1326321095394,82.6617719775515,83.2397313643962,84.2645406420066,83.7875591041264,88.9833414883682,89.4042469826582,95.1384440936552,88.6948374525416,94.1273500962592,89.3631981566678,88.9824598175804,41.8289169297025,41.4687555699467,43.0032017825941,37.7625476512866,49.6651291835176,46.1992245335777,45.5492071186383,53.1847025997675,46.5523270118274,47.6347613457138,47.6232738146667,49.7668489259372,65.1435944582691,60.9799178102537,65.3691390978069,95.7480857693273,96.6518106668703,94.5406137079385,90.1645920174032,84.5731613254552,83.992238333867,89.3675007095188,88.1762815578513,83.7702678506049,63.9059837097751,64.5367117636075,69.7691596131193,59.3207429216511,58.1665547983353,60.8384484071524
54.0233408770142,53.8397272218748,54.8698261971938,52.5191902287225,52.8368780061213,55.6791630370031,56.1776242410432,53.9543725112485,64.4806442779032,66.7577558430931,92.2070400522346,58.4442870174497,58.7318946104729,60.9363113943006,62.3109366105036,62.8694733375096,27.3740423949763,24.50992102186,24.0391925052405,0,44.2912517988432,48.9452727796473,45.8309539744491,74.8471570778086,101.813082717637,111.782452845569,69.8285953237523,70.4343809070331,65.9670689114604,62.2445048546705,61.0006499609226,65.8948640228413,75.2711084587188,52.495851152681,64.3551330730288,63.685449287447,56.8390337882727,80.7071580416964,80.6917866180501,82.5632515498137,80.1034666582514,80.6815965947011,81.7078905933121,81.2309991589293,86.4230838554298,86.8408274274311,92.5769925778843,86.132809728877,91.5655262382164,86.8016911409604,86.417513205926,37.7361462620972,37.6374122788018,39.0355019882555,33.4760033674148,46.227928607605,42.7760555487215,42.0664468733388,50.6869555652994,43.66887692236,44.7883336838201,44.7947347237261,46.9769415006636,64.2202485904622,58.6055474138983,63.0728998263122,93.1667843161979,94.0687844428491,91.9583966128196,87.5832340581459,82.0207489167387,81.4398678308145,86.8097916921563,85.6182263422736,81.2224610395528,61.4948669883958,62.119173318982,67.2391586114608,56.8505307479779,55.4900473010071,59.0987239461671
37.1905050317315,37.6606184285469,37.9957160706914,36.477462655138,37.3884245686506,38.793719943332,39.2797077859612,37.6068448096241,55.5047781916799,57.7115652731902,73.4962498587028,50.9154713647279,51.0163313201773,52.7193728772318,42.7151330150061,43.6216314894153,46.1358920882146,49.0215634390564,47.2745180195413,44.2912517988432,0,20.0317177484978,14.3107984351,57.768993631375,82.3837730027187,92.4713693688682,53.7374627718716,54.0329159648793,45.567354998876,49.6561628582553,48.3210157395461,54.4294297782027,55.9605232237947,27.7472395859592,45.2372023854041,44.5700073545683,50.1191867446027,61.8336076747869,61.7993265668061,63.6837599557055,61.3383762985399,61.9193021150235,62.9606919912156,62.485713868154,67.6426501212726,68.0264813943,73.7845767612462,67.333207223149,72.7694332630332,68.0079627379247,67.5870446836767,33.1245663876275,30.5464625708399,32.0711010602931,33.9482605750605,29.6591659092994,26.0977123327408,27.0021300991466,32.6591359982258,16.4262904156241,19.0882379286207,20.4321465130953,23.5749721717294,76.2176756165635,42.3446904658325,47.4248152710904,74.1662785887079,75.0505108830679,72.9482988001776,68.581847401255,63.3233919325042,62.7425250717032,68.0565994364942,66.8609173959495,62.5748733796019,44.4392851077213,44.9756747854792,48.7301012744557,39.0761293322976,34.2897341871449,49.528198939243
40.8520610437192,41.3664770076685,41.5144648153117,40.3342353981536,41.2543439886292,42.1884225351485,42.5674393110387,41.0688053888736,59.2493116937118,61.4449237567818,75.483218649736,54.7588004083951,54.8515530208081,56.5145638638726,44.4636427406578,45.4902252512055,50.780352220958,53.6500968837841,51.8922510729466,48.9452727796473,20.0317177484978,0,15.5644635662987,60.273391491845,84.1324446784141,94.2609196562205,56.4715621241272,56.7046451534974,46.9762566201555,53.0511518103078,51.7102311754084,57.9236680387771,57.7569314027168,25.9335159107265,47.1551293775083,46.4963333824738,54.0129257580631,63.771260232495,63.7307311516365,65.6188787482112,63.3115119420488,63.8929139073891,64.9394570802252,64.4646754386483,69.6085623050063,69.9817021468262,75.7463697392555,69.2931522966177,74.7299381312575,69.9696400287246,69.5370794657635,37.9492758223666,35.4649315151981,36.854512155461,38.7806919206336,33.8643865975159,30.6328846082913,31.7743318657488,35.5195352738223,21.7593226815336,23.2138617090157,25.1157736921034,27.6021013525096,80.7013252439036,45.4748004552815,50.3509791851996,76.0608143179883,76.9392069562662,74.8397303064921,70.4761860617492,65.3160090833416,64.7353469721649,70.0311419070269,68.8343361802898,64.5830939172691,47.0930039110545,47.5875657040926,50.8234037058344,41.765745039878,36.5521217455276,53.2693088792608
37.7927533645061,38.3130477791755,38.5233828810664,37.2162448289885,38.1530638189151,39.26025336419,39.6951913959782,38.1287908836431,56.3234966876379,58.5235947612028,73.3997973621718,51.8020282086449,51.8966790945472,53.5731102596496,42.4870163128377,43.4461501075562,47.6511084224307,50.5446337996254,48.7757177580446,45.8309539744491,14.3107984351,15.5644635662987,0,57.8841110208509,82.2059198385307,92.3060941503194,53.9681246937788,54.2301739256054,45.2222839215159,50.247999184538,48.9083502498061,55.0885252847849,55.7908756449471,25.9035782730815,45.0802739196478,44.4133275677589,51.0408715210403,61.7173095730549,61.6808177253633,63.566896845929,61.234882901702,61.8162159329413,62.8593585221785,62.3846783950991,67.5377356958649,67.9175132300468,73.6782927649012,67.2259873189692,72.6627344039231,67.9014671866772,67.4761694890475,34.8911158958827,32.3703002465603,33.8513169394769,35.6510184531947,31.2912889861009,27.9099436278651,28.9010696221069,32.8318300568739,16.8452669230177,18.8361034946043,20.9490694387633,23.7783878350108,77.6162706197714,42.7148004100514,47.7368897850367,74.0355640905383,74.9177429073113,72.8164584605178,68.4509991812695,63.2283433316265,62.6474494239225,67.9549350304091,66.7587315943606,62.485818220872,44.5964825642446,45.1157172351628,48.6581839610349,39.2013004543109,33.9584393893596,50.3385433859002
61.399311163898,61.3896784829008,61.0395688046061,61.3328347225038,61.727101804906,60.6856166764695,60.0782985531356,59.2254951066878,73.9992884723144,76.0271412011185,79.0647983371216,70.7213444157663,70.7289404661508,71.8732486047603,55.431420427436,53.7710474041077,76.3184161106238,79.3464774617336,77.2574514148509,74.8471570778086,57.768993631375,60.273391491845,57.8841110208509,0,93.2758866961558,102.477969408931,49.6297971981191,46.289915969146,63.2051226260636,63.4926583254815,62.1561857490831,69.2683266354414,65.9693729017177,60.13083136524,54.4779746803696,53.9568971565998,70.5977976568041,68.5581207835687,68.6664731106922,70.4598865776607,67.2428259417132,67.8093696586615,68.7319062884447,68.2495231087513,73.7002299021817,74.3318084896771,79.9358317012941,73.5295214503598,78.9497897313303,74.1634464714601,74.0117838820612,66.9221386389638,64.7201906205264,66.3568702590992,66.6471076601104,65.5924583270532,62.5085325391806,63.1506632852573,51.583333498969,55.8815568136002,56.0758006237535,56.4819083835607,57.5820605889833,104.649624229502,59.1728374953202,54.1492507384605,81.8537465243764,82.8698686491954,80.706602557002,76.2751129858801,68.7600905864588,68.1746465126404,73.9141280171771,72.7451663826965,67.6429866198612,50.0278604789743,48.9285280247472,52.1260868518792,53.8499998517747,60.2357806461185,68.1836928976521
89.6763937904778,89.9609100850404,89.576758129324,89.6513075984986,90.2997277007911,89.5003844658476,89.1712542185448,88.310872286298,105.382446459119,107.481821352031,86.530053285894,101.61659744352,101.656444140665,103.012973577525,73.110406195603,72.4420206689307,103.439721738863,106.386529405951,104.437959676536,101.813082717637,82.3837730027187,84.1324446784141,82.2059198385307,93.2758866961558,0,63.7539847929438,92.517201087308,92.1142205641367,79.029342563727,96.6407877964379,95.2937783637664,102.073309672247,65.038013856608,82.9878398110938,74.7434455424444,75.0276018395838,101.242753586546,72.3643029780052,71.6415600027144,73.424013663283,75.3532575604732,75.7076738357824,77.3705620692851,76.6587326050623,79.4678977134773,78.9557900521747,84.9989298956181,78.7164296118569,83.7681801162383,79.4438629900056,77.9982527823723,92.6539985812392,90.4051961090002,91.8284757490752,92.8677538537169,89.6931208535398,86.9302075334202,87.9185660107489,80.4651681630483,80.9767011772356,81.2577647945139,81.9718043962082,83.2039445387747,132.373107962099,89.9090965031051,90.411672617883,77.523565902926,77.5164766711613,75.9565336171574,72.1308101936836,77.6745774074362,77.2252687246432,80.6347922220551,79.4634969669484,78.1060133615286,85.6085147216532,85.3619846226102,76.9680172133565,84.0499582230576,85.8796114316997,99.4736511426207
99.5388973477782,99.8117759639031,99.4228040882205,99.5180538655944,100.155672096447,99.3295132495171,98.9838667354186,98.1307758968943,115.111222288052,117.206862886631,93.1127054295826,111.370936376003,111.409060755963,112.754462658961,82.938996799922,81.9687348334581,113.399614811358,116.352028560799,114.395000220213,111.782452845569,92.4713693688682,94.2609196562205,92.3060941503194,102.477969408931,63.7539847929438,0,101.83280736362,101.411874905212,89.4377488284961,106.282971763279,104.936868910825,111.729150896907,74.5775066073664,93.155875885674,84.1963973116003,84.5137059480313,111.010327619316,78.8566650495664,77.9989587853877,79.6396082527119,82.4701791747177,82.7453434037939,84.5392418896233,83.7502865963413,85.9090243089797,85.2244564689566,91.2557660314673,85.0855650873576,89.9527516901879,85.8010842173359,84.1470445975015,102.695796600467,100.448519214012,101.886857320687,102.879233098246,99.8420617740065,97.0546123307451,98.0195455403174,90.2654113421889,91.0258265862955,91.2963546016307,91.993894086342,93.2124950910089,142.300594587894,99.6470695260918,99.9473459887236,81.2399420627547,80.8192692846091,79.5878460301095,76.0630393141136,84.6564576774817,84.2482235845639,87.2295240920161,86.0856671594591,85.2963100026295,95.1463321654154,94.8703832385832,86.0129285910285,93.7739611622883,95.8427917647762,109.207243459714
56.5938697976464,56.4261076195729,56.225393835492,56.3860337425016,56.6481637221464,55.8596784518839,55.2431984965182,54.2276889743022,66.9779045670312,68.9618383445591,78.8631406044491,63.9435161226308,63.9390382155606,64.9699712784904,54.3615363634366,53.1968731078181,71.2491247682127,74.2929546613742,72.1560983159253,69.8285953237523,53.7374627718716,56.4715621241272,53.9681246937788,49.6297971981191,92.517201087308,101.83280736362,0,32.9215007705899,61.4068677211471,55.5893990033492,54.2826134929775,61.4441363501662,65.3640453333436,56.6968563449245,54.0996861026966,53.5389666815844,63.94539484096,68.3179521231797,68.4092637277477,70.2026429569488,67.0984154182321,67.6569484043711,68.5991147567283,68.1077741021926,73.4873340516244,74.1007208819258,79.7077427698379,73.3082470938639,78.7164949404157,73.9423054220481,73.7695859704593,62.353380153292,60.1815482502373,61.8660259059422,61.9234585359644,61.4807765439001,58.3354206706523,58.8887298244047,47.2854852968497,51.8060735683723,52.0278837160646,52.3419627408509,53.4692104581846,99.3086739028278,53.8583907604345,45.4835793290895,81.4836742722607,82.4861379821946,80.3299167200585,75.9058609411032,68.6088438551925,68.0293111229092,73.7171502515422,72.5506534666035,67.5214015221454,46.6909538182078,46.3853733996363,53.2632672090416,49.8123926091068,56.5397305476247,61.2635761506493
57.0482062299376,56.9290347114556,56.6694027576371,56.8957437574683,57.1990829845359,56.2930117860997,55.6640215949296,54.7150642465795,68.2642172536363,70.2655116980653,78.3952024084847,65.1450686955248,65.1438871201698,66.2162665071333,53.9533115482693,52.6925914670727,71.8700217844557,74.9106006811,72.7882693496526,70.4343809070331,54.0329159648793,56.7046451534974,54.2301739256054,46.289915969146,92.1142205641367,101.411874905212,32.9215007705899,0,61.1626631120539,57.1517930670795,55.8267905410588,63.0255440871126,64.9249889148043,56.8289762835125,53.5497772954999,52.9872173565564,65.1026182100059,67.8384931390602,67.9320263298905,69.7273097611243,66.6071051857364,67.168304295926,68.1070921960604,67.6185418897046,73.0131841317982,73.6270507170611,79.2362244803631,72.8338313798914,78.2459404800655,73.4686565208614,73.2968435203024,62.8187242243273,60.6364929920333,62.308644898507,62.4347569889086,61.8154423302156,58.6853940566312,59.2632204984877,47.5109493151847,52.1051675377955,52.3148599624971,52.6530944819227,53.766592357784,100.02093495806,54.3610207161281,46.6943008118034,81.0242016000163,82.0281721971823,79.871019784541,75.4459983019046,68.1288964318391,67.5477422124418,73.242258479761,72.074517453892,67.0401409833364,46.0622004884266,45.4732253328228,52.4526924168225,49.874773221975,56.6923524453317,62.5008252239225
54.0360838742487,54.4411255358422,54.0199647472801,54.0532380327062,54.8032099441085,54.0363296626323,53.8022850693096,52.9583530191352,71.0318700585492,73.1591634757009,72.4867366954345,67.0937623593616,67.1437301462294,68.5777471052007,37.6384073035935,41.0346446776104,67.6361517421307,70.5673781636268,68.6582094389934,65.9670689114604,45.567354998876,46.9762566201555,45.2222839215159,63.2051226260636,79.029342563727,89.4377488284961,61.4068677211471,61.1626631120539,0,62.8814026189256,61.5230309008919,68.2439559513122,52.5045735571187,45.1291618908436,43.6140100926133,43.2369167259729,66.6310158469163,60.2283874912595,60.1241736396344,62.0585604585323,60.1396888456595,60.7299804516867,61.8291966786089,61.3599681366935,66.3821688329858,66.6420751677478,72.4800629813748,66.0027331195205,71.4515119121941,66.6988773653133,66.1437576114064,56.4404124360283,54.1631921406425,55.5513449707815,56.7830335858892,53.1185285856119,50.3796381110249,51.4379573230175,44.9854691215929,44.2290960142077,44.4933344066415,45.3376360119338,46.5741958468846,96.7776530268506,55.132748415181,57.3925891363388,72.115779905489,72.9380300427633,70.8633330557628,66.5264963055087,62.3695779888444,61.7897580528614,66.895805619208,65.6855111257706,61.804918716863,52.4586172219196,52.4765061934461,49.3221599352189,49.1426269018943,48.9896065548924,65.0728098034562
