IBR/IBR_outputs/all.combrep_1/single.surface/WeatheringIndex_Total.asc
NCOLS 160 
NROWS 95 
XLLCORNER 210004.651214014 
YLLCORNER 7350008.22228844 
CELLSIZE 4999.99999999997 
NODATA_value -9999 
[rows 21 to 41 of 95, columns 46 to 91 of 160]
-9999 -9999 -9999 -9999 -9999 994.85051023658 1044.93766326596 940.884537498427 -9999 -9999 -9999 1047.82690828725 1044.00055748747 1006.21557206953 1015.19290194002 1004.47348363389 1008.20214150499 -9999 -9999 -9999 -9999 -9999 -9999 -9999 -9999 -9999 -9999 -9999 1036.82126719343 1002.29142622629 909.144953803033 760.861318753494 696.681330256886 705.734427158415 704.047354979217 700.105054961216 700.641640588819 705.695431560881 701.73546653205 689.977555577773 705.23600652114 707.175211244981 697.224842880824 701.029529126483 722.885647048519 872.566101573763
-9999 -9999 -9999 -9999 720.566054965239 874.332736784242 1012.54642988484 1008.81848329625 1017.64912331355 -9999 1058.78156400792 1058.14301365558 1044.36777686326 1012.26178789739 997.03955279909 997.613786157183 994.351193954279 1003.68500716046 -9999 -9999 -9999 -9999 -9999 998.4697553864 1000.59305051246 1017.28624133005 1037.2871965517 1013.04824381275 1010.32759026902 994.722351792516 957.102437208109 877.46553783336 718.767216887409 703.111433860712 704.536826308764 702.224523975966 696.193527341377 703.878056605067 702.858920833025 698.280442110297 703.799526814222 707.504541124898 698.100666988768 692.953798170082 724.339620031194 952.185273199515
-9999 -9999 995.676393517717 1004.98240287863 1030.48592944583 1039.40291685839 1064.24117915929 1039.34005165606 1026.12197211776 1040.38858867376 1023.50347323501 1040.53302033474 1052.1315386474 1051.39211879904 1014.85530929733 995.082616551815 999.365878108249 1003.60340690592 989.233482954602 991.865661301799 987.55288632698 986.919498657794 987.639912650215 987.924657154339 983.187259580841 993.642187375802 987.821382442771 974.005660466428 981.095454658066 978.267126574565 981.898259233893 945.092741320225 909.969724041067 780.74954745917 708.371711943404 699.262816010519 695.888394785544 702.79377217525 692.802822864021 701.550477361605 755.945330298652 722.795597347631 697.617586844166 722.624612900556 721.259568112858 762.525536822257
-9999 993.573755954069 995.455729153173 992.533099271134 978.967342225811 1017.66856365095 1058.45583958968 1019.39995511199 1020.83897787164 1011.26542381403 983.549944815156 1016.1561674587 1058.54037389193 1026.8022567179 1016.83902919999 988.531382414525 979.331490207345 982.369834264865 996.463710696513 1002.92626760173 986.91506244768 978.792089806185 962.191875154762 970.328823537564 933.792318403835 931.434582438091 964.54410539944 957.142064291182 984.884269065754 923.781030901387 967.364842541451 949.065699870679 959.763908468159 959.476405117251 919.143462392753 768.775572600047 703.479497208757 709.658747489171 703.54627000979 706.614596102091 752.549741927247 742.742592094398 772.649170604165 716.272356196151 735.539709361632 735.33464695035
995.106457229598 996.270465726411 988.541288686803 971.375902073954 977.499725478942 1013.83670973012 1015.91488990331 1011.51911726374 985.081331971027 1023.22812504133 1034.70982901105 1056.11718379475 1035.52016189543 1037.33735447816 1043.72725631371 1033.68915344257 1028.36122287274 979.774441872287 977.616156027871 978.462381499515 975.189556019423 976.441405502095 978.877329721134 990.938421813508 929.416324184886 844.238333983098 708.873075178608 784.007442333237 971.94068498236 971.721529394527 979.796303298742 919.408793020043 951.077351186783 964.858209626786 968.905018260889 929.536214133888 826.226683792171 717.414177937099 705.645630475272 733.158209981699 897.65680166801 772.143829238513 767.66344568996 722.51514131052 768.91351381651 768.572669424659
993.400591354609 1001.93563314852 986.757438583114 962.841932136677 993.187290556693 999.481369993952 1014.33162471924 1027.71374835403 1052.24336711649 1055.24773467859 1019.27533309501 965.210238073349 880.595801191967 962.047237574521 984.316412514021 983.025336471748 942.637978947759 991.537732074159 979.235808432502 971.302218195016 969.267917118469 972.883208070456 984.372113560872 1002.56401666123 987.392540436616 1002.10165278288 880.706627892238 762.96094191442 893.203781966545 904.429955697622 877.45918799159 937.585564764807 960.429860015753 973.381839338363 969.587883060026 971.297680487972 975.91542548391 958.633436254343 841.581913651249 787.446241764181 955.42266263966 889.575527763069 727.170694029035 699.368865596654 731.669905555493 683.021332810339
1017.60903395278 995.808119234669 988.030198817919 982.57799452164 931.667943144311 949.949753935222 988.237502471949 991.702751179886 1032.96519241164 1044.70712232232 1018.23595865843 1035.54234667725 998.05194143427 948.704578206724 969.454902476523 960.749226960843 936.887108316437 949.24519903637 921.856288377575 980.430886020598 967.56510574665 974.661691320255 973.122914164378 965.067350538985 968.409884552841 995.882913745227 964.971555274515 926.318713576564 965.358666881929 999.194237347345 930.788619619073 967.762762774309 956.943217671511 957.039324180303 977.984727897255 989.300235131135 988.225772335161 971.557748099965 959.494705373198 786.743449910381 946.732178882734 960.379581489954 846.830723430945 790.834095208614 694.897698860432 684.689062777374
967.56739240222 972.528721055705 968.910453115837 943.666077408068 858.610904261943 880.499767199453 949.430174395081 996.999762298017 1029.07180709129 1052.32177977118 1044.39881932017 1059.45203709769 1045.15673993397 1004.32939384751 967.20587789599 977.060078861894 891.545194254247 884.423612560977 943.472371963822 964.105745310345 972.199191233457 972.584705826337 948.664981150955 912.720142831598 933.049770753397 921.874618865781 862.465229319232 956.593311709584 1023.33043592058 1022.84275825042 993.646867771299 964.557565678588 787.13016863288 740.976438489223 917.220111135325 994.306019416882 1005.00535665873 975.378779974194 963.11436436132 826.439823634717 807.011308405896 970.580457474894 955.018773962967 885.243172985828 790.207566848717 669.357226510551
901.347040084274 1000.63653107834 979.793755200455 761.6704960358 675.420415626084 900.461730390654 816.57189149934 642.112635827359 987.724695488643 1039.17601544919 1002.36524912816 1013.41606376156 1022.7453500115 987.479125799624 1008.17146440913 1023.72167838735 1025.70315290931 1007.00500776442 1008.10463593035 1000.48271209706 972.326945333054 977.188893782346 1003.68697548071 980.150631318367 951.401929018822 1000.15502670621 856.456069940723 1036.14381247513 1007.36277207215 960.129747389252 1030.06135258047 978.666097938007 955.622341982975 930.155216514832 958.477638424547 1006.58001208983 1032.00977346219 995.439417867287 987.757693286876 952.038947617717 791.230429773705 944.335589096997 967.773710392563 962.482681801568 947.817476865087 856.986423690352
894.179787204029 972.975648962437 973.392997399391 923.666169751004 851.792354196959 894.396460229616 929.072378932715 656.705282571916 951.60354964087 989.963493947531 1003.50018364225 1037.18903556833 1016.77648566859 1009.96017936385 948.267959695818 1011.96022481005 1004.01729499268 945.772818721091 966.383682521017 931.110529612518 973.284530689308 976.241072224993 987.455855068053 1003.3039726852 984.763814101157 987.740338682696 950.410211783262 998.115123952898 979.860896354847 903.93286532857 1004.32419072298 923.743182393436 935.153295269361 972.851691894002 980.254448080476 1007.2548057824 1036.58361169374 1007.54512584961 991.797094575252 974.215905096872 875.69024259625 809.963434883353 950.528944508612 950.129975459215 954.61731305966 931.237321009791
864.570749073943 933.54309355627 890.846971829548 890.610030580197 834.448909500685 875.296485537016 834.708481082187 688.767167637128 992.316212753151 978.310173619318 995.12244882911 984.471015746071 1020.24540942623 953.35253044539 960.323142363798 928.017777876744 950.786781683039 961.72737903322 919.178336402601 832.231611813581 951.394976605706 988.721119583893 968.522276296017 1007.85635307871 996.72044434856 987.860793046664 956.381712054829 939.653970561624 945.115376948377 948.691190836961 921.655479132718 852.185427706591 744.157423080733 920.023167385506 990.509792890098 995.449762573892 997.668308348234 993.98360966425 984.859499709002 977.692683539643 956.63728294464 796.701562503266 965.893863260605 916.483143032748 938.424914405818 942.456248993859
775.548302853124 948.400519711059 828.940105213408 784.232518253892 683.93167051027 656.741603290858 912.623133588598 903.479737610662 1012.82727133778 953.236201971994 979.487967265627 924.649980601579 999.921964622288 900.045274072845 932.767568720551 1002.87544689152 978.201092525264 961.576650620966 986.739384905694 894.546802073848 973.362809312661 978.80187833845 881.879956867896 830.908502159184 973.346575968 951.62905026376 951.403886832865 970.418723696077 937.804002099377 718.163057800517 642.290490352755 613.552909945746 594.020811296595 530.714220554068 903.508034134872 1003.28735862808 988.804020790586 938.898038682241 953.9046538538 994.028832621926 972.507088369474 948.618435311862 734.509406424868 653.185221175587 678.707112852374 723.8770687673
856.248656089279 981.384431634207 799.086330264339 930.486920553186 906.230888388868 913.324550120149 921.651463753592 957.929291921412 905.453866144996 876.180564374669 900.329212869594 739.077827437905 952.159693912376 890.916189356318 952.749534824115 1026.06544050376 1038.01718732322 942.07008542735 914.810423689012 897.016518499803 971.080709855516 983.079177971624 962.270745882913 778.763890333293 901.046140701669 925.317987853156 944.334217764313 975.067439641487 971.58075151446 729.839188886957 623.937282901732 632.79847858399 547.998191356814 360.928209112669 770.058724064589 936.562563654578 963.798661557401 891.130367266197 980.58317033611 1002.00068786844 982.737821624258 857.803584633008 641.113627668602 671.153531881693 633.72008114186 840.479314259166
797.739138598231 878.764764040087 818.615003808404 893.623568143345 884.867631975696 908.431464000183 935.025666663889 927.218296627607 799.839976973723 910.802098847606 727.136763309397 800.024258832484 951.202197857419 962.436315912624 910.247946929846 963.105336546983 1027.52908352878 874.337501233421 980.638119532389 973.999877202942 971.985446284036 888.328993465113 818.589516333554 870.362133871506 958.544322413748 941.498889711741 899.021287304897 963.665539597975 980.984679854122 941.7091681911 630.953882888715 554.950046918761 456.680637119185 459.36209581448 939.366054930312 977.140131816087 967.099874689492 937.691520764105 1037.00097527485 1011.61363284295 773.123516057177 666.943418718442 689.717532602877 652.003088411478 537.634598687433 730.32920752316
859.300424291445 809.561048837445 870.323651373971 793.438035465977 629.369911550867 690.983959988973 640.97822478359 959.27813934179 966.825681941389 951.834038516904 938.000523184251 883.231953446242 805.574823720321 869.888399318345 857.68511958052 765.715202388093 829.692166652974 962.642690303065 980.250470618523 993.554688658939 980.296722880446 853.850237412264 898.494248880005 986.415849160726 990.439049050169 993.148952014668 933.473607147462 915.154432245496 985.006531185924 979.448821452051 855.78056359897 491.937516555266 666.332641753915 934.244572201658 990.755277999054 965.097427033216 902.292652400641 1013.71572676276 898.524679917285 764.558147435997 846.732016271836 740.277855746584 716.800761575764 592.457989916742 399.764889103955 636.269359351643
938.428388748795 958.953246039892 785.821122807676 708.912630958362 658.497330812362 884.757570031948 796.090222457625 766.031805968954 688.442260976312 821.016618378315 907.112534651274 873.830533146585 869.477335127357 806.45575027899 916.51769583738 860.057493905424 748.392287706865 921.906052089531 974.347392389358 979.015614268648 976.196605507586 827.418519374515 887.448829603883 894.904537623406 934.849274522004 939.694237681053 914.468999471572 942.18224765209 958.415992785601 982.052098735717 976.789838444667 953.759365943155 899.35798729646 996.106506221853 823.812978443713 963.859871815078 968.938416286199 926.640816476764 929.787437891592 898.947129137596 691.464014844485 696.893509546611 687.389714286982 416.462514334188 295.613387083169 380.273603877368
986.089003635314 980.564193430804 999.770182469329 944.155108518479 935.984257287777 939.802255867245 944.242689320125 954.334368479575 966.072224267632 916.626868542843 947.95631684111 931.653194071715 972.522600893909 951.533254181284 1030.21502511903 1041.30808113015 892.043031159915 704.452666772785 846.939827367636 856.191088187724 854.239823589079 882.158440726879 922.914909205919 956.702288501523 973.364208659087 898.971954846989 888.235202992182 950.143376063461 941.743011552021 939.318673679076 949.687874131207 927.5162817338 805.057417438121 1040.55979421936 1042.02317276498 974.404632946187 953.973098487973 962.318170248244 936.138385443142 709.348350955696 608.440597389488 676.140836663862 650.949922596704 506.98946060525 710.165570824106 238.933025269033
846.14280828381 944.316015469152 895.041795608485 859.751899401328 858.859335154547 990.271252474897 1016.75500099672 1008.71826930756 1014.24508177094 1047.74727892855 1052.42364085057 1036.50289686277 1066.12704724888 1045.3502394516 1044.40063386927 1061.15308040805 976.751931267017 809.69542617331 793.12055265753 881.674468292011 801.653328891115 967.983129670689 896.650351801785 897.534540466137 898.367755841462 878.596917042736 886.846033559017 899.549958070835 917.880068304125 930.739841387777 858.830281131688 974.56036372909 958.941465847518 1020.52709770576 1005.25365083375 959.430722051944 824.886922513309 831.094616112864 724.745150087265 590.07671569982 676.296162360331 769.904933180685 783.295913337516 327.493981274147 214.221459023092 189.58852378248
872.234788378173 841.492774889129 917.303845394707 888.882579154182 910.023690476176 1011.41764289016 977.659798492265 849.155316391443 979.424690391406 987.751982685451 1029.65371956441 1043.26548293598 1045.40213384917 1043.60348720761 1047.34987537565 1063.27270796236 1061.9814439871 1029.07901051223 998.208460223563 996.664812297999 935.879132475295 1024.10194111303 998.649677355554 976.399295401679 893.98632000007 809.83593928881 909.666494170255 944.672376994553 912.956854643948 862.034874889748 868.222514536167 860.103875937384 930.739886021135 959.340501656289 935.452524182561 967.251343594603 937.258754323824 894.241948546265 742.260191082953 539.401073278682 658.065794074173 811.895216183731 978.543718847982 731.182437533798 477.676888958119 389.066755960399
939.025627439402 929.712256736663 938.402865855536 903.21692269591 977.354784630846 1012.52135875843 977.083501736034 965.25740982844 1016.68541146583 1028.23150860532 959.760140236845 943.975408133181 943.612768209941 989.864504709068 1021.40782042626 1076.13160048549 1071.09619186287 1055.6235125106 1026.58598659468 1046.60014005481 1058.23639729905 965.012085243657 946.021142488211 954.075242752824 907.559424430051 903.188742072236 925.074274476799 997.612871853431 966.712349124057 904.716261822422 916.048981613605 907.683494033598 963.958807323067 952.266362367549 937.880587341512 1019.3073439603 1024.1704822241 754.43921866315 405.209615348021 706.744570491709 642.1992346514 766.976933890195 979.38441841187 943.876077257222 846.265313676895 821.937638992623
1008.5891290383 1022.32365271972 1020.65657135804 1030.08148273353 1013.22887482248 1000.74100807944 977.392983534653 992.642851480499 1010.67464552067 1017.5428521343 955.903459355483 1011.16148199385 1019.74410179064 1026.64310022962 1060.63149440121 1047.47730068383 1081.7797604998 1074.55285480458 1029.59271869812 1016.36721227854 992.583866521951 908.781306778548 837.818031600612 966.856417974373 1018.4905889311 983.761050467841 899.106246860282 967.098564222805 984.438315737702 1001.19386053265 905.206420802785 932.985491282633 1002.88934257911 957.160193031829 927.588486864282 1003.13493629181 1029.9257149482 534.784769902211 330.571417930441 342.750763174491 687.033048997356 848.095122032478 981.101868525876 928.162659873822 891.381032034057 913.813153929379
