IBR/IBR_outputs/all.combrep_1/single.surface/WeatheringIndex_Total.asc
NCOLS 160 
NROWS 95 
XLLCORNER 210004.651214014 
YLLCORNER 7350008.22228844 
CELLSIZE 4999.99999999997 
NODATA_value -9999 
[rows 63 to 83 of 95, columns 46 to 91 of 160]
797.28049132422 840.009271497994 655.843698924988 847.214657732839 966.27384396129 1035.17352696494 785.591585308344 993.377175262645 831.752907579419 930.316531093824 991.372976610535 957.556572056084 877.171575586231 878.918801639016 1006.49641133486 1031.19721623106 1088.34032644077 1099.34087556615 1095.56097042991 1072.11898008307 974.238934803943 1080.21548300458 1046.36292451727 955.033214832181 1023.32181914152 1090.57718507102 1063.5534673681 1059.01580327053 892.250375860776 1053.6103320753 1045.71860150877 1078.61516358204 1090.29453772344 993.80265607188 949.578549634339 854.982058560402 782.105714780397 704.075085059043 935.030032922724 1026.36564529747 963.07388455419 1000.74192921481 1049.74662580211 1030.23706916374 1063.70537838075 1072.78646045232
944.500489842275 941.140160818497 856.979309244249 791.305724072782 799.255858147391 847.242297527541 830.085759179309 797.017147361587 526.589053596867 1044.59352576759 1033.03303437412 1061.60711690586 1015.97910919885 1021.87744218365 1038.16407073906 1079.64839076227 1082.41090493956 1092.45225186055 977.900946870165 976.694847291942 1072.27713727872 1091.85025171933 1051.18166956192 941.940217369939 1024.24803547654 1039.38560682957 1042.38348558715 1034.48457603762 975.643926951048 994.801557609866 972.437139663618 1045.12849001483 1090.89729126817 1085.35986870692 1058.1774592938 1023.67381765113 1083.16464605013 1061.24732237043 1028.78012043754 975.920483070646 1071.77281345426 1052.12220786116 1062.54566158689 1062.41478628393 1079.2582785846 979.812697251042
990.130199950479 973.312809347758 989.657613370913 1028.44070851787 809.976678247732 872.3311957811 854.728315705508 870.853445848438 746.66464267167 998.070135274817 970.848649238416 955.841656036128 895.32465132939 985.243992645971 980.892059616347 1044.56719628824 1069.94041132642 1076.64164877441 1087.10676629032 1076.17322835919 1078.74697783139 1065.26543915163 1073.54075274191 998.086886637391 1041.76887705154 1016.83812411655 918.720304968412 928.62685807418 963.355172042118 999.884325745681 955.097499236389 855.399216605201 1024.94678983108 1060.33818249634 1058.40734419744 1043.37643270863 1066.05426671662 1058.63615745694 1065.74045288422 1080.55457818752 1089.52386129309 1083.95334742764 1048.12750048002 1044.04424652003 1091.80837130881 964.306741380087
819.891375175251 1011.64150672079 991.387440059142 996.395794674602 1012.10183841043 975.848491225198 743.954604812797 744.941096970485 842.995723959288 360.722424307898 112.747475757782 1013.29881142165 809.005862458251 932.429785027676 973.163518029418 1004.05046643194 1011.03046540551 999.484713087587 1017.54639948769 1025.3732349086 988.955427261426 1033.0961924752 1023.7980590315 1042.69562386238 1036.85497018174 1013.69460683176 964.24377137809 969.833508137727 859.053009342421 842.107947251567 834.973061928592 456.793455771278 853.382672987689 929.750882599521 1025.06532354701 1020.83381557643 1075.63947673328 1058.52595960272 1073.10943588634 1102.03044977237 1100.82265512819 1096.04425489132 1064.01500888064 936.534839956715 1037.15574384013 1015.62229511597
1040.22004455865 1037.97752321392 995.558108533456 997.662441452807 848.574348562232 985.850022621266 866.313304991298 929.404506454364 999.084377794136 809.183696634642 806.310831712284 1009.18106652391 935.159360326113 991.314736454342 868.672431604406 691.216342387911 863.189528745013 936.120065053946 1008.59172185726 1012.11832557282 991.518036138874 1043.07955806159 1076.05084963736 1095.80196073866 1100.37436284323 1100.37190839618 1068.95414599086 866.913924967566 1004.85375459848 925.239550645509 877.746357199698 767.271943097992 559.029928388194 843.500038603663 799.254072532299 924.327732962568 1054.72425114978 1082.37285529106 1079.65468113595 1098.3160642489 1074.98394703086 1078.46296996006 951.814507119605 806.199350648821 981.50663707249 950.843226270853
1005.81132291595 1044.39713704672 1037.68511023289 932.806879887307 735.806538678717 798.021623991865 912.87718459335 929.752273169614 743.123444238597 914.03375184487 752.964357621825 991.738326410439 952.780895578639 1018.09819357721 959.587891444065 883.80925360904 976.028406928309 979.421598105694 992.939223914294 909.564252888272 1009.44752642183 1048.95166009332 1072.69219371311 1001.47200992362 1001.07904761126 966.263671979337 992.957248304598 882.508727151845 1055.52785447014 1015.82904617207 1076.85482397473 1061.48383381267 1037.77461493413 1036.9170664296 1023.79056489206 979.788893575526 1040.03142674247 1063.3366920703 1025.10805441031 1044.87183285147 1083.10302068358 1038.05711866009 932.236224875366 914.006637442377 985.074897991578 1065.74802216959
1002.7815043741 1003.96217655675 1081.52950890289 974.631091895967 922.456055436911 997.63888276413 980.34543249533 853.535076007769 813.175381196681 875.455067911774 941.436511238494 868.059623882324 899.412719543368 1009.92231491553 995.948197247237 960.151052643831 930.940945952439 722.135937466969 933.630719260216 941.884050588881 909.15074783501 1063.24382417692 1076.16369696352 1034.48506240067 815.410542912568 982.58342251848 993.099190194967 1078.50341597518 1095.5263769697 1046.87482407156 990.235480893954 882.478726938982 1018.86588508902 1039.60225869909 761.23570949471 654.853813368115 874.531275268012 999.225787510406 1015.31677972923 1081.8944671601 1051.73068918182 970.366201988854 725.661635376427 918.879166325151 745.555111906815 1087.47890123212
1014.81082477078 1020.75487174925 1043.27103867162 1053.48509626454 1033.19571735282 1007.55362604537 1004.88416793894 992.403751322763 932.019814782095 909.978900264708 994.13255733227 1036.26976215577 936.713543944695 829.562316934122 939.037770184483 939.327382477781 919.477172625223 711.655691771093 915.382067485452 911.209587961462 1005.97262043404 1044.26062773514 1049.12681599415 1086.41020265175 981.769930178654 637.259315866148 998.359717257805 1022.71266210268 1075.61337524328 1022.00262652178 904.187195538106 784.791379097655 791.9620821031 1044.85611901909 787.605901729231 512.741382980391 762.838647757917 858.291269345474 1009.13932260022 1076.12621007355 1033.93261981074 1089.77160966576 1081.83121677886 955.707965000081 1009.99947290223 1026.05315288201
980.917815498397 923.657431187985 936.308525117145 991.601184262555 1002.73473332009 1020.6331416492 1023.62463666412 1019.53601316681 991.612198972936 929.415380589667 841.24991745339 784.998786533016 906.535735074305 944.194163236692 922.764455818605 828.987342203991 940.724817728734 974.50852890671 898.358298529928 965.117438092285 1034.01747496333 1021.90170385413 1036.42871617514 1076.59953868243 1024.90103084336 894.628458660635 985.407597046365 957.243660896873 967.034775267655 992.933021745329 902.783089149758 748.415312385606 838.86757412821 935.055136992823 1037.90761563521 1025.58998656368 1037.47018172071 985.424176160482 916.246865010593 972.32884711133 957.808235958971 989.143864637907 1063.31236920195 1045.5065521746 1053.15083971124 1084.80686582582
978.40489444444 892.344887984525 861.657832823675 888.580890452815 866.421475887733 820.853936775935 842.436623173254 972.897174215434 1010.22291915708 982.047872546594 984.993559144908 957.722886880432 995.615377663642 954.048482427478 958.258113045362 890.405167366979 907.70228787328 892.361365054191 978.342374598092 1031.09616064699 1024.23815676434 912.265952202801 803.190661398317 1004.62630771901 998.011429672708 958.626960312898 945.969997459534 911.980826471054 940.925557236814 1026.10240969373 697.66044538549 569.699165263575 785.325057488498 991.009125555469 965.989556048892 1033.21402368904 1019.34305616043 1023.64302325169 1046.63548528969 1073.14033263948 1081.71152268973 1033.81127421668 973.640959906518 952.453571446051 1069.95859185006 1074.10100948925
893.544902207986 943.519669561926 616.474733024879 466.175724247967 638.672764319871 457.182135988076 375.757238609083 441.190595159604 630.913267708122 842.100765571155 975.840436479616 978.893623013938 984.793394718687 1021.305558685 1034.37463534429 997.244062049666 985.119832794848 1011.44909622516 966.134234349589 970.25421846251 956.269073239554 1020.26729139286 975.490297268335 939.076245557732 820.995636530765 989.153067784224 1039.44455524194 1040.08386235304 1012.45167943252 988.640344212691 935.275432281316 886.559749937354 901.402321468434 991.018019056535 976.98862687315 994.109601840142 970.975131429814 905.814689913652 983.689181891526 1078.50100088189 1088.63204930546 1092.68061181791 1068.83311121228 766.378006984172 697.438021599618 816.197698872659
901.999708433182 963.691154078467 850.032523673808 901.12156984584 910.512724436926 859.666231610332 689.280243111619 517.2869071217 559.759997597036 343.184442275507 734.018298316429 907.74505408116 993.913107776483 1009.56290656221 1028.48617754002 819.905250871716 1018.35812810704 1032.50416357023 1008.85980105379 981.256580426669 870.437391346973 1013.23941345585 984.324733296688 1010.99453246757 1006.88773609358 852.415527516928 948.951902186593 1009.49615791844 1034.5490499127 1003.76818366567 1040.33831716392 979.412623390063 1005.74140715855 1066.0713152883 1046.07189155457 996.091946033386 941.594737983007 966.163454724066 1074.58889885009 1021.65640800792 1046.69500936292 974.456607088581 1019.58263566267 996.210081770754 942.225630838383 1023.53820696558
929.831788568792 761.038263505066 621.505281173025 876.14899259063 971.495232497308 857.546834477352 936.053280668043 917.298744088643 707.263305354361 600.158099700536 339.489940899325 393.325780075894 837.153345310757 1068.74691880876 1051.53104292761 1026.64690513215 1013.64433757846 1023.06355487175 983.5610547451 992.186196711906 916.652120451484 957.592315503326 969.887674056476 921.177052903759 944.893120299644 998.750201586505 971.529856343855 994.983811017478 1001.05202951296 1047.14174318671 1059.77449151623 1078.8181521606 1069.55658644493 1068.06871001114 1025.90745586215 955.242022434662 1075.18039563916 1066.18627725085 1022.96601881835 982.838211273633 961.907434009544 1026.30382157966 986.877588456223 1052.62427612111 1032.73985796794 997.752420580671
779.867354472274 801.807211942001 842.456591476398 945.116287280636 925.186691615494 905.307024321446 891.575423640447 691.350375735712 475.683941609433 472.243028358326 491.685366057251 334.14411355915 685.909190601363 969.980721659529 1069.66469785702 1036.2957483471 1024.01814109751 993.184179960005 1048.43356610048 1035.22972195374 1029.22645329404 1028.27578782558 989.187048175262 977.978076009725 1029.09348287921 1021.4641912147 983.456227948051 1038.43387130181 1047.19373525894 1047.58934598511 1051.72511985291 1039.16089078372 973.938791278675 928.594645696601 993.373764516414 1074.52512318253 1090.58348622201 1088.35106942824 1050.09383513629 793.778893461135 961.991247656383 828.377628697246 946.295564374649 1096.2054987124 1078.02844830815 1051.52080829487
936.423948333758 966.758939400305 930.159245388476 944.402771849702 976.392778949394 955.670227495764 777.446189836887 417.418902431298 536.83910022202 371.561860927064 449.676274546581 408.424492237786 283.357835795962 649.565610500687 1004.18404360146 964.254589125901 1048.22751300519 1060.28152804316 1060.72092275953 1038.01240576482 987.641182707736 988.400705181259 1044.95456333534 1008.84004686353 1022.12677711219 1005.35855368532 1009.67755877146 1053.12548871091 1065.23126157095 854.568469623493 1034.54490801191 1012.59384119863 1044.4514252359 1063.10070759943 1085.65728690934 1068.60420208864 1049.96768068151 1011.59020203563 1031.17930813575 1028.20039085269 1050.15510231187 1052.13526034998 978.528266468683 860.784009774429 1087.095906866 1054.23163873907
892.643003222669 934.365138264624 757.494426223177 525.632181872149 503.626868807105 885.599045607251 954.365170459326 760.158014032283 613.987579894399 332.01741296411 763.285153504149 723.266257134921 569.449970270531 639.257756184235 980.075958519204 945.840258514146 973.69999975813 944.032400248635 965.099306629627 1010.70836878609 1048.78172054628 1090.27907805071 1064.61759285196 998.264729092426 1027.20524305504 1033.66509424488 1039.68011628568 1044.59165883651 1014.79620606861 885.379040397747 1078.56513963598 1099.85508451599 1082.3018624311 1085.29970608565 1050.39189931825 1054.3588974956 1051.32740675644 1057.18075201874 1027.19660365794 1052.7282819006 1084.35985450933 1078.20277198925 1069.03841094185 1003.47585022216 1042.33695561895 965.786700925646
969.846282091252 885.818303196185 894.839703489645 507.903319671709 205.483526751093 513.08972614253 906.955133903879 811.262465231831 771.009897558841 468.101388301849 399.591124467979 835.444706988309 940.9546762121 986.369912546898 978.841970859075 1000.61835115104 966.87136457729 889.531228496657 545.025232200869 641.562276515705 926.992743240256 1029.48426085671 1029.98340607065 1055.08165795939 1026.38336468033 989.928298275193 828.219120736113 976.073954055326 1001.33945808014 752.818504557357 1010.261219726 1033.91955836555 1088.61428774072 1082.63064681129 1070.52599147516 1059.56597661832 1062.25845374288 1064.08810969002 1070.42697306897 1075.86730368376 1088.31256021087 1087.69540019059 1080.91651433248 1027.56581658065 1044.25409557982 1025.10872921066
949.509223599939 968.507555105798 679.645915447564 646.57891127063 535.421494901993 224.118209653503 307.034887401423 534.952388361262 525.686172836813 434.103361455285 587.301369898701 854.415650049569 978.930824413258 952.712893909866 686.917157964363 769.105665266651 944.366503696553 986.574910292888 895.796400092112 928.447142176654 961.201401029774 967.745796112279 945.115873493808 992.147419586487 1065.07679065347 1061.4622417238 1050.62297225104 1061.33097457626 955.259766675567 799.918543305156 840.894601479121 922.794406745366 1014.852852611 1027.31730563528 1070.93565611623 1045.29769536609 986.468110346047 973.648572463462 1035.81790452888 1055.73606726229 1091.74662954532 1091.25569480454 1044.64082624737 1086.07577454507 971.642879200986 907.171106279401
888.323732623415 847.400014644762 942.325810617804 711.787878970765 317.521318558471 180.342077537482 167.547331680631 220.850153812403 371.418187506625 671.833513149525 758.013962056776 975.867765806982 998.154340415093 922.619561627554 687.195903760113 509.927027596382 621.131812088046 813.940520363156 917.393884555745 872.779307404517 545.187054355008 612.513078601043 867.335142659716 1029.66265961625 1044.07647181487 1036.86032852879 1052.51488785266 980.63728611155 1057.20179942858 1093.73398310038 1093.37645527935 1055.26990001789 972.189215940983 1000.24666466144 1030.52861187354 1045.88585777599 877.872215620353 845.434473877712 904.296966304104 1073.05116571777 1093.81767106836 1040.39255051345 987.652136476469 1054.70243290875 1068.463481968 1021.4454926287
843.784344250692 723.566515012849 654.468982275045 884.541704008528 810.888349956785 219.392248442247 249.880474520308 252.443609644093 200.561979870835 234.747592640943 410.443751138432 670.901316721493 780.422222535956 928.295779026057 978.670658599133 898.353777589502 719.438456613606 422.837372092666 551.431877546024 540.701555327623 485.188611027576 301.471520956511 786.245705668863 984.040806946558 1011.86018581523 1013.52752618005 1071.03704156897 1070.17712382923 950.32722042084 997.839746632152 997.055903987109 1017.18967054144 1081.25427643943 886.116796935211 922.462706081292 1029.53210303561 746.202794832678 522.964800272732 863.130135132615 1018.57038450882 1041.23419124134 1026.58752319187 1032.93866973551 958.662325897647 775.86746812426 1040.6459132553
902.853049896649 955.712369768886 807.342977621452 787.277639098233 795.664411062701 881.004494095533 634.647784875474 157.564728658035 253.514297078055 266.999655349861 214.769338894771 124.763241441314 216.068192191978 375.355020594053 607.399857424923 917.763551411452 571.083351151452 320.751496443766 252.37592345839 355.626523348838 500.133517641929 520.420121120691 809.086924996924 943.411698062447 1031.46535275504 1001.56825125629 971.012321040372 1029.09088829858 1037.73992582398 928.523480297139 897.33502940537 786.343224846308 936.121020188572 1000.66124700348 936.369280567436 1000.4975947632 1027.62337658849 1030.67076627105 963.404259531331 991.464583461699 1047.26188640564 1066.35944780202 1088.20018603943 1088.52181224242 1072.54594314493 949.746040194563
