IBR/IBR_outputs/all.combrep_1/single.surface/WeatheringIndex_Total.asc
NCOLS 160 
NROWS 95 
XLLCORNER 210004.651214014 
YLLCORNER 7350008.22228844 
CELLSIZE 4999.99999999997 
NODATA_value -9999 
[rows 63 to 83 of 95, columns 0 to 45 of 160]
-9999 1005.05645167731 1026.88941287269 1034.77682461553 1025.15988478989 980.927065217524 970.716798920397 976.529531334128 979.97412594366 978.917638035361 975.522863837214 969.954729633895 948.159310315872 928.488678072689 947.580178394851 975.544662989801 979.485044286901 982.550686977161 970.084504088979 972.308489832682 968.582229448004 982.765849676063 1010.11951463949 1004.95616076105 1001.12557645079 986.761560249373 997.614258053383 982.027763453592 945.018524805993 982.222101220506 1023.53445060937 864.553162478259 522.11092619082 633.837369814752 695.415948074521 889.780837124184 976.934366341034 971.968468154622 874.058716526935 965.441399800482 1045.36453328191 979.964179951639 1011.54588120876 993.691839876813 998.981779003423 867.456688050476
-9999 1055.51289595554 1016.52820294429 1010.12335395611 988.483702573682 976.970553585566 973.723281290435 973.720593796786 977.637553644649 973.172029827033 969.842560934051 974.686874017285 966.384340668887 956.09589258711 947.340973096352 970.443570022443 998.555516715595 985.239503709137 961.389753499233 961.975509998251 902.653963917564 956.156243810359 974.01551938441 981.241574739682 966.444549850469 900.555265062303 775.274833034345 806.611368527057 975.715257732708 1003.4055269327 1022.34812289264 965.917406730581 815.919902226409 853.307589760294 954.7042589816 960.973313170965 977.022717654939 998.359248061879 955.324826313354 998.149082865883 1045.98163486376 1053.46403742452 1009.58738859736 980.854016512843 990.106339218852 837.937723706587
-9999 1043.85906242329 1006.78625355021 1006.51152582445 977.978076009725 979.395748111247 981.438750384591 981.709744348111 979.002536517761 972.604323853946 966.084020100637 964.510042980564 965.346339787489 959.768628153898 957.913861598954 980.668086211339 979.949510904613 987.310516548205 957.635220866078 989.337567180698 951.579522204809 849.695778345081 952.907946275505 938.29923763227 900.354249298244 694.778384306479 514.010658825187 527.971906209429 641.025071719064 977.465640319749 1005.99149818204 1018.58181801227 990.062037754416 1002.53197959912 915.023102678698 692.439006414765 879.346865779377 993.213575279964 1008.32885860006 1045.79355587009 1033.97323908411 1045.34057803623 988.227195180537 1030.37333540874 1004.32203667719 958.689831611053
-9999 1046.64819551192 988.602792766959 1018.58624755474 997.297763330106 984.067508911363 994.413367099864 980.410387031439 979.206425401215 977.188927899962 969.605442919777 957.306235015257 952.995037228841 957.102166552512 957.25737509009 969.040114665099 961.11658424473 989.428972534418 957.21124466203 983.399746184852 982.379354969107 869.363873353136 941.899883422381 901.799560406637 892.33438258436 820.721768360799 692.544871709493 709.753326700743 667.691193734147 912.055844657163 1007.59331292212 1019.36200122264 992.99225151247 976.164526438522 769.354537280142 562.641164951739 937.276059706622 995.183872324919 972.334024056625 1043.76198421644 1042.87490375482 1034.77646625295 1000.17922898553 1017.2737958203 991.297203900504 903.354519507589
-9999 975.292609733714 986.700266008976 997.914773685062 1006.54977081545 979.813770002648 981.313070366792 979.951821878409 975.089719066566 974.827765212883 963.975989658174 956.799924874419 945.885959916693 949.961315174565 959.265198370829 969.985440523057 968.253508842449 970.37340559464 975.130291102406 973.378621189855 964.063506252388 967.45995696727 971.997799270201 988.521948717237 951.763994461165 970.276985495887 989.691219887747 906.89650496362 708.749735827967 869.700660651957 997.421287039401 996.204626179804 904.336496910125 849.754218739282 787.549120062844 836.59062686044 947.178790116526 973.039921629207 747.761745459975 1004.48303894162 1033.74302972309 1037.07668611136 1023.94629900246 931.723997275268 993.530964800721 1016.68863393205
-9999 970.280161200004 1011.62971575422 1027.22055963602 1003.86197495613 967.206714581043 980.78609359145 977.951329727784 973.62073941046 976.555332106928 965.937610313489 959.938638744172 954.995446867404 947.528777647266 957.069491404222 963.726650852182 968.716843393807 968.799559708715 988.330455037124 1002.66243185148 996.115187863735 993.485208507141 1009.0713397279 1002.62378403818 966.554162818095 977.381058066746 998.595214796288 991.863813595157 709.797437415676 845.922726023429 966.24233800996 996.899892065678 864.392563412226 588.146758833396 864.564549187817 834.616339218426 633.645453828686 691.020358248602 263.191006470043 886.904580720465 966.113725671284 1007.7203209325 1028.67031674983 1038.56852786678 1021.67668063041 993.590205783283
-9999 985.402080998995 996.404338189226 1047.56641843197 1002.54230953752 972.04924775087 961.938695326197 976.855400882604 972.40236471094 976.303784184557 967.427120160914 955.050745756641 955.573818978809 956.851703782422 959.879464599111 963.443988068957 971.692535280694 974.302405174448 947.468212935393 1004.26417111277 1047.7225452626 1014.81095277209 1004.7359573262 994.922776567929 965.417198619221 1003.64839071737 1003.53445076869 959.793860999844 628.401410965405 862.795280028015 883.697551388823 988.024119346841 1010.49873469935 853.022422184595 687.472180090189 868.530609873349 915.784801228778 547.988213730911 525.348718087097 714.119055374704 916.459163321122 968.928879850321 999.060609684641 982.124090218127 1041.34380725572 1037.18375817588
-9999 1011.49904026464 996.96817015931 1032.57473028745 1016.05362225795 972.336947017664 984.713548672594 986.879727359169 981.186651456805 967.254362061487 968.330650227897 970.291329179307 954.767607497576 956.771414612771 965.497070896413 963.321234267298 999.908637263604 1019.42971935807 1003.21788844435 1036.28905029745 1057.47028691901 1038.11506177049 1015.30151274133 1012.77435296668 997.391805636926 976.375251731708 983.226107288323 911.396112387844 597.551193926091 831.930653099593 975.233177451043 896.228279865716 1011.60083862768 1013.91146228338 961.427745155594 975.631862886647 982.125839224899 916.571284581159 439.411107662722 659.783311719858 959.905441421111 895.385086958285 982.241589995516 987.958051391887 988.612441712005 1013.10446655684
-9999 -9999 1013.08863963666 1048.11623173487 1040.16429420588 1022.66726786824 1006.98721760754 1000.49840230001 990.179405505874 973.769415108919 972.989361300094 973.86272232752 963.404780867625 961.251244255803 963.360088899855 962.169290885417 977.825510706083 995.458367554777 1061.80968675797 1084.15959791285 1067.49770822307 989.378746252168 1001.17467011103 1016.50523292378 1004.03053098546 989.012535546385 944.087294135268 887.167512782034 793.461431367946 936.079380585574 1048.00817691057 836.381430373981 859.777940385264 1014.5765446928 1024.24019828561 1001.6069102444 983.575038970555 791.824400342372 624.570661925944 455.725896191787 644.549795970668 917.1609143959 901.680728239971 986.967585874787 992.900998131563 982.50283705363
-9999 -9999 1052.30271899428 1054.9386905201 1051.54417997248 1054.67049730334 1025.12527206801 996.126881817398 993.659662045693 987.963785274291 986.162981047801 974.999820384527 969.360145331798 963.713270770648 964.247216834285 960.834873517141 962.867039958835 995.454200055457 1054.00705924885 1017.11827174387 993.656228072768 977.056083635387 825.650069988051 971.878605071288 943.995975623066 950.979212655783 935.287031271008 710.347483594991 741.479166720305 808.488179189735 1048.51220806741 975.657299710962 398.142931587976 1014.69687176671 1067.93768660856 1000.98662821197 997.903797538323 956.669265506748 902.107536803064 707.195879303159 556.979641076405 759.815939441823 870.448115641013 943.911442698249 994.821261324824 985.61901345759
-9999 -9999 1057.3595911576 1054.29163005462 1060.98240607098 1050.87918124547 1008.79769771227 1006.55762713008 1000.59362689278 1009.02944958225 1007.64763302325 992.187947873677 984.523216392851 981.920038516284 968.715798357003 960.220873892808 957.862635199412 972.267802514672 982.004712183163 985.930777539262 947.495496118091 910.015601295492 638.318495952083 907.923754809974 819.325146479972 793.169509041135 712.596668813538 865.296853042448 831.577336142872 930.691452884206 1043.81457264148 1047.73087535388 988.059832455443 850.669836481991 1063.55518604805 843.200624960233 934.117175354798 1032.03649050545 981.716363024428 1014.76675811253 1016.30594400063 987.656009778334 987.482050263586 968.974865388616 957.734752040217 890.921607859801
-9999 -9999 -9999 1058.81431813979 1047.61681042927 1021.76544500256 985.107161965336 991.471532567839 1020.52228498001 1021.98519736979 995.524280547916 995.751382282124 989.147885200127 992.049597953266 976.201413348807 946.495133944396 951.956239909305 957.816360376201 951.929711050724 928.90554371555 912.121067294111 953.323050506377 844.736859187177 588.236380738134 704.447777720722 641.710780304166 459.353922863445 551.589376839606 807.92170478292 530.46926206115 1061.24508940165 1049.08846921083 1062.17715736952 1044.60114392123 1056.23120845962 963.505293413647 1050.21227664718 1029.22037753081 1030.46224321197 1042.41503333214 1057.67515197256 926.872362660282 956.860532129299 975.521242573097 983.725120658152 957.212790271888
-9999 -9999 -9999 1041.34911690209 981.811870239099 991.347816448546 987.116848420521 988.041787077683 1037.33268026058 1006.25046807604 975.895984893277 996.134667267166 985.898474653826 980.409151659302 986.828512474118 964.998662421682 967.809049415711 961.810080427293 858.404587924466 714.700647839495 788.006186134191 974.50446609388 968.377747752367 919.099223559142 736.384327178572 422.749895473974 368.414076625194 272.520047759727 516.016232495638 518.997254291999 942.352779322209 1044.87031046911 1049.34099999636 1034.84655258321 1037.93004166572 980.406914607746 1004.69794944717 1024.94264135724 1002.13923752478 1055.94651501682 1080.87376585184 961.488671997999 901.098004141975 799.907108544317 985.041882914774 945.816063857728
-9999 -9999 -9999 975.875543785427 974.907167368556 994.421827904907 1033.55553447202 1011.91100380473 1032.0058662031 987.718412335089 981.09668428138 1021.11817015849 1003.02928870429 989.84147304887 1011.83128710934 1035.39353773046 1033.39325572103 965.608098683477 937.920717729287 899.375629272829 947.776338157271 1000.32815848424 988.199336393684 991.419235714856 909.076899583305 604.858387434367 474.494458046807 528.190803645631 564.664553510286 581.83751927258 614.682497004039 1045.49897953055 1045.00150867434 1030.7412157753 1043.13289927538 934.825454908531 981.370434162689 1007.31028878017 991.470081006027 1038.72720795226 1034.63976635837 1098.40429651082 1023.73495472518 980.995089327063 1001.78378416801 953.743635893474
-9999 -9999 -9999 -9999 991.778514621033 1000.37672380045 1008.24795280805 998.552705770044 979.862270369054 991.001440113522 1002.95110450556 996.747613202712 1012.8279225694 1006.45138648645 1004.41325699808 1030.02486858028 1009.85670428412 972.91373544979 937.795222942964 941.212866203955 974.151528850977 910.684408726831 764.34389031902 767.607985564671 994.115689366316 854.370635861858 785.455789025111 804.841885064273 926.696120360995 692.461482763687 200.949134418458 838.975910218843 1066.71286446298 960.223948548656 977.780081268968 933.177781208608 996.367570339364 937.108679717634 842.637534943726 1044.8710058818 1054.34589514396 928.498067598009 991.170977339562 976.481515799733 1026.41987386161 973.486182949612
-9999 -9999 -9999 -9999 1001.38357154309 993.831703980079 999.386913448548 990.657043432955 994.266002700826 994.339463347733 1002.86075710246 996.111906210674 1017.33485804685 999.404454812921 999.004861371288 1014.9456577726 1029.08516208643 1020.45661104615 961.026888969022 951.289817938776 906.314526034444 737.026485859292 716.400282498796 676.428438503238 991.449201514611 989.823345023742 924.049558222962 547.57110046937 925.79190879957 735.840001622904 240.266536927015 134.184737471088 1023.17463253508 985.10929539801 919.491468630527 807.082928033456 1058.36984871837 971.787806689372 907.464829280256 934.272057878776 1018.73669582053 1025.76698370996 988.353865152054 965.241466495622 1007.58113858735 1008.29718514057
-9999 -9999 -9999 -9999 -9999 991.445216751538 994.215624490845 1003.59654115232 989.713087896249 992.503340872319 993.084755524798 995.792240128993 1004.61383311493 1014.84719691141 994.921542347735 1002.42996834053 1034.47444642291 931.324117288277 764.998195758151 784.888847481618 841.301243428318 820.293864866217 866.006488768146 853.662624372699 960.161153654906 985.688342750739 980.500374413304 854.756885144522 806.818815022472 940.342436553227 274.549603145132 133.215215493909 848.691056097929 1005.28835086545 911.06924558104 835.42054024429 980.637552806732 905.497320796336 943.907735685906 985.607675402856 915.514281436712 987.784466558929 974.368838376834 1060.83414641475 994.062709519649 1028.72818594247
-9999 -9999 -9999 -9999 -9999 -9999 993.318723825095 993.65598495631 989.479807306083 990.891162312207 991.484750334909 970.64497630874 978.098307425538 977.310883108637 979.875004528013 996.151429777408 975.858369753626 934.451999194326 778.856670571133 703.027375710598 822.098984883009 864.319656227864 929.111579531656 958.061988711556 955.147134064827 953.290996291001 967.362443970196 980.128989457631 911.531149119474 1010.5619963007 743.632604183641 647.784843927781 1011.03213212936 1020.47480244305 975.454652358303 928.17929897037 976.796098372297 967.17247969173 993.76415865746 1012.42214381701 970.302817456811 999.404076666142 1026.37309195187 1068.94635339579 937.81187717411 974.134438519232
-9999 -9999 -9999 -9999 -9999 -9999 -9999 994.294708272428 990.784396322205 987.099733190222 982.537491975592 994.180393849531 1002.03428535803 1001.50603463194 996.532751439102 963.307150457411 966.864584095214 977.365894321576 910.463801565414 827.836104021879 659.096242176984 752.370743240046 769.621973408386 863.159803637968 898.2607927597 960.68098851231 879.050605147768 769.618485690094 776.580099318019 870.625700924984 1024.98745000685 1013.23136680352 996.427435644477 989.567642882664 989.413768622492 955.912219843723 966.795049454073 905.772453851645 1022.62302179896 1023.7371240547 975.17351457798 985.68988802572 1021.10492289652 1024.79299818291 1028.31208977011 934.935568686058
-9999 -9999 -9999 -9999 -9999 -9999 -9999 -9999 988.204080052956 986.878322710145 991.084128920888 985.306015934818 983.939848278622 1007.28500786295 1012.84357706806 992.053718827542 943.517874728925 991.453000831488 960.133545315523 926.763566876766 693.523840584016 580.741558838385 548.228219918369 668.673657054631 946.356399432944 850.333612189078 919.48396688864 786.440252377358 885.097610515772 942.093263601183 1022.59272741576 1051.88703297575 1025.69690644988 1012.42494087615 998.585027955722 985.611025376705 988.393789133558 887.49797861635 1020.64263554702 1029.34869314985 999.529531205732 1014.96772231153 939.13877268744 1001.50949668344 1027.46387594918 977.120301760824
-9999 -9999 -9999 -9999 -9999 -9999 -9999 -9999 -9999 980.914754312061 993.286395582078 984.720614769912 973.005632166894 996.456658824729 1012.41315094346 987.675406426583 987.856037729524 981.551568168527 1001.2858423893 983.194859615778 941.825423685911 791.020156743213 553.793168236417 642.7705096651 946.16247831241 816.344509867348 966.236409374442 961.551045205923 916.175747986537 796.84953739269 973.281450523035 1028.28546212136 1034.02436036623 999.519795785304 987.330438309383 983.156003517101 1022.67939237993 991.521524811217 1003.61260754658 1020.16466597317 1015.80788579694 990.758320501198 1017.41156987988 955.955665270138 1022.41390613795 977.861756046683
