0,22.6541108872216,22.7339220404083,25.3200918001841,29.0605516786513,29.1744488359437,32.3792988843301,27.9569273676797,58.7905881221243,59.436754994535,86.6772009370346,61.6018071515871,60.115632157643,60.205861178515,55.0258616715399,55.4928196403515,50.3721260082034,54.8108582883053,53.7515902216518,51.6324534122908,43.3352051486839,43.1512419917162,42.0409969502087,58.7907387594086,83.1672721201758,87.501562004445,56.4853445911996,55.7283295150935,49.2470048181656,53.7897139734952,52.2654476033553,56.6979334771542,63.4086583042272,46.8073871461254,57.1941313797726,55.9159047311888,62.521492937314,74.2989633133792,74.3497925931725,75.3490666294128,73.6944025624251,73.9724717096322,72.9588331692998,73.3766736526107,78.6492651608981,78.5366077322128,80.903422605652,78.0785334005493,81.9756751178872,78.7605881305328,79.0456620548747,46.4188624734808,45.0656150377986,46.9622639811072,46.3549174240371,47.6067225971192,46.4540036480415,45.6686191936497,30.9644016564418,38.7360874805817,38.1820493771907,36.9938166546096,37.2697580282185,69.7926150896155,40.9465626809857,49.7494762430124,82.1629050486197,82.232215398174,80.9319500603411,79.1326023138877,76.9510749702135,75.0687313624758,79.2811780657406,78.2886799951973,75.9268891281939,48.646879640533,51.2353287503178,56.3657384720009,43.4732475252537,40.2658432674172,53.4676694573252
22.6541108872216,0,24.2637124994113,22.1510573821512,22.8256400606308,28.8953291657236,31.4236070559423,25.4534342055385,57.0408760230241,57.6905607384864,85.8234273754487,59.8844528311407,58.3897378289877,58.4729319629357,54.3613705239181,54.7751285924077,49.1351166902974,53.6013257079495,52.5116562530608,50.4318828574487,42.8613956410588,42.7114217543468,41.6185773590387,57.7134262776558,82.4310078020914,86.7501739082434,55.2343104421435,54.5302973250033,48.6487577355928,52.0473495772694,50.5160560083441,54.9687914268936,62.6705309736523,46.3964733632407,56.4530393475748,55.1790861900826,60.8282210741142,73.481611700534,73.5356103671772,74.5314711294014,72.8573408402667,73.1345419505618,72.1183512997913,72.5354607525583,77.8120126247309,77.7055516114574,80.068473081599,77.2449331564773,81.1416810647926,77.9257487185234,78.2171944399728,45.4676807556234,44.1350361425624,46.0525110250037,45.3148986271954,46.8580088628333,45.6963310303821,44.877356768865,30.6460047828981,38.4126103955313,37.9390010261014,36.7832530691244,37.1697899250552,68.4916340226441,39.2992379027466,48.3568899505747,81.3652408050293,81.4384825513963,80.1364526281631,78.3352788633431,76.0976492881752,74.2155311831089,78.4389624097626,77.4474551412173,75.062633127746,47.5511133148375,50.1646699554936,55.5240881561377,42.7079250492261,40.2044274530027,51.66595548412
22.7339220404083,24.2637124994113,0,29.7954305045874,30.3900716601276,22.3826257071887,28.2064129803628,22.8645811216881,58.1630219981053,58.7975136057149,85.6934561488191,61.0729827588373,59.5775056479405,59.6265647524734,54.0853427701778,54.5083985230936,50.3276967623085,54.7506940010743,53.6945111878804,51.5835613283774,43.2563149616463,42.9224172437387,41.8791468020121,57.6405616531271,82.2853265730919,86.6027716727468,55.3211509675135,54.5593505765842,48.4355175956583,52.806299386336,51.2689231883739,55.8432727860428,62.5044770543762,46.3818200670891,56.1846173817254,54.898694298466,62.0443479058447,73.3367240511,73.3901828520223,74.3878614950718,72.7163754564627,72.9944761739408,71.9784107177677,72.3963678768555,77.6753178190689,77.5669759326009,79.9317003437513,77.1069817185556,81.0048918060764,77.788421848328,78.0780093208717,46.3950985580833,45.0584950576921,46.9208761875533,46.3529386866315,47.4635119405733,46.34721824277,45.5965271500224,29.1602799676792,38.7330841687861,38.1540411038677,37.0935260416095,37.3301200328126,69.682261564309,39.0849547740811,48.4889643989283,81.220428151174,81.2930252589499,79.9911785138315,78.1901971065267,75.9648875345899,74.0823262040842,78.3036484905256,77.3115457995405,74.9331965554763,47.3472528368285,49.9666258977163,55.3142136663991,42.011826400158,39.4828904429473,52.8251603913427
25.3200918001841,22.1510573821512,29.7954305045874,0,21.4927871552976,32.8520450935071,34.6186073649067,29.7957866649987,57.9147748058515,58.5774762794302,87.0171149437269,60.6405269530273,59.157428381731,59.2890301317505,55.4965816791299,55.9569582309552,49.3118264306871,53.7989466322433,52.7040206299875,50.6159411328424,43.1489962807228,43.1541022983716,41.9988358137342,59.0895732670467,83.5145248013463,87.851545984541,56.643790295486,55.9382387441052,49.6540891771588,53.3292598692153,51.8142850520573,56.1006584604486,63.7761319803638,47.0337904013332,57.6609894587904,56.3939970620867,61.5222143704956,74.6509594177106,74.7021042656756,75.699835621179,74.0438830120151,74.3211362723646,73.3075425503969,73.7246088159167,78.9946143681953,78.8833742889964,81.2486953267001,78.4248617598952,82.3209006171449,79.1063917708274,79.3928494198356,45.6330770980785,44.2827464118679,46.2403641288588,45.4498206251663,47.1682580234379,45.9674668417026,45.1081789237215,32.4306541513938,38.658306435393,38.2299631272151,36.9592926604678,37.4180424854305,68.7476595887749,41.4239673418809,49.8803273850645,82.5135113644008,82.5831854974754,81.2828606671048,79.4834485330618,77.2936701762287,75.4117411977763,79.6255139429552,78.6335284252481,76.2669678408748,49.068407072248,51.6505112766913,56.781671369152,44.3169671073577,41.2210025979437,52.5643401537195
29.0605516786513,22.8256400606308,30.3900716601276,21.4927871552976,0,32.358783749428,33.6765726067844,28.3949545139925,56.1335760071623,56.8001287161992,85.9865267382495,58.8884614680213,57.39700164429,57.5228719848427,54.6116107510448,55.0277125251453,48.038939176205,52.5495138702441,51.4266478764874,49.3764884117241,42.5480846567336,42.5473612631673,41.419915713513,57.8768430806839,82.5845509590139,86.9081557431509,55.2963820875798,54.6322461915701,48.8345681646608,51.5762690795961,50.056913253347,54.3475389687255,62.8418875395996,46.4116790339046,56.7116508376721,55.4469074400104,59.793074985982,73.6503686564991,73.7042078336806,74.69917923834,73.0266090439757,73.3032077486808,72.2874131718578,72.703937571952,77.9776452739815,77.8715820865489,80.2337194219505,77.4109275562292,81.3067536182688,78.0914499361793,78.3832396094422,44.6278910405508,43.3004518774367,45.2689943835677,44.3679277531879,46.3202764203773,45.1190259212515,44.2373189506542,31.7210597750386,38.193895116623,37.8180145869049,36.6059872696211,37.1287701619051,67.4071894143069,39.8988631203435,48.4299422455517,81.5300704177236,81.6030942578417,80.3012531406795,78.5002723713155,76.2630862336419,74.3813057123958,78.6043846138182,77.6131945534942,75.2273465624904,47.842537371442,50.4428293853264,55.753565285593,43.3232191180232,40.7703334740076,50.7325464397845
29.1744488359437,28.8953291657236,22.3826257071887,32.8520450935071,32.358783749428,0,22.0723409537447,20.8359350382664,57.9995053924815,58.6228763911901,85.1628890378404,60.9960921234782,59.4930787779828,59.5052847638751,53.5980906423739,53.9788549832122,50.6487965055598,55.0577679191968,54.0051976837598,51.8996987925374,43.5412454027497,43.0819529324529,42.0968845770456,56.9498837769883,81.8496335733747,86.1514309978373,54.6209388522274,53.8524439407731,48.0687143785341,52.3119625413712,50.7629113768101,55.4683305156186,62.0484648340703,46.3725083827331,55.6310400487347,54.3379893683635,62.0120010844259,72.826257158269,72.8821737612352,73.8783562392614,72.1911414909001,72.4692717977661,71.450934772167,71.8690017023486,77.1539000499254,77.0495909167376,79.4123616128645,76.5878026817464,80.4864301598897,77.2686683846897,77.562473450098,46.7243235776085,45.4008496116347,47.2344579024262,46.7025582777644,47.6883883216033,46.6032203685218,45.882142673366,27.7405030942652,39.0899700320522,38.4978634041944,37.5432813908402,37.7621576380243,69.9503894194566,37.5843202885139,47.693724200268,80.7283960339794,80.8040598398828,79.5007385552955,77.6982337408838,75.4320261670057,73.5492596762098,77.7788830215313,76.7871494150335,74.3933152112122,46.4988714579701,49.151342683947,54.719260302512,40.9848415985111,39.2116740381747,52.6543666852005
32.3792988843301,31.4236070559423,28.2064129803628,34.6186073649067,33.6765726067844,22.0723409537447,0,22.4112739750738,57.4806626037532,58.0932162581733,84.2382549149929,60.5534226190621,59.0445025329547,59.023428704441,52.7145790928807,53.0545718755414,50.5250176109998,54.9204559355228,53.8727439194263,51.7695645662196,43.3551377600082,42.7882346318463,41.853542524496,55.8709419785492,81.0130922127001,85.3003347920317,53.5407519245387,52.7620302724052,47.2984607368025,51.4818372460575,49.9226775562062,54.7492975164727,61.193055999039,45.9318625358586,54.6835903171586,53.3837506573939,61.6076340409656,71.9201264640885,71.978330899176,72.9731440010098,71.2712659988528,71.5494416680047,70.528979087936,70.9471661027091,76.237680368752,76.1371045123062,78.4980838002432,75.6736513799463,79.5729716050978,76.3539921926779,76.6517035528723,46.5912146913132,45.2777151398915,47.0859022673072,46.5914779797163,47.4558835027525,46.3981484519216,45.7039852038354,25.8851956576386,38.9653838373267,38.3646335988059,37.4973051668919,37.7067516789662,69.7850907431183,35.5566210033586,46.5198833813984,79.8394627740957,79.917975452694,78.6132830270522,76.8093615241157,74.5051784608916,72.6222094448626,76.859560455028,75.868159762069,73.4599618102551,45.2465996119169,47.9356811331855,53.7316497705365,39.5226602234101,38.5763328473459,52.1360881045467
27.9569273676797,25.4534342055385,22.8645811216881,29.7957866649987,28.3949545139925,20.8359350382664,22.4112739750738,0,55.122663286273,55.7494895353228,83.278325312726,58.1496588841547,56.6387432639143,56.6444288686086,51.9225658308836,52.2547971834836,48.2233433819179,52.6579646156609,51.5779646056093,49.5070693296798,41.7912402227675,41.4114267095095,40.4175392557392,54.8488800222481,80.0717550638836,84.360949530485,52.3186377805359,51.6131336968685,46.4288293075488,49.4340626979471,47.8758096293617,52.6124280259699,60.2751019614717,44.7976042069318,53.8873552048699,52.6018898820137,59.1875602483531,70.977796956559,71.0366263411288,72.0292974501628,70.3243928225836,70.6014981522548,69.5809079982804,69.9980847088174,75.2856976714838,75.1873326317458,77.5461812063554,74.7231485188359,78.6210838147321,75.4027505920132,75.7026450345364,44.5536214965443,43.2448878830794,45.1046907777994,44.4482398630702,45.7275420592569,44.624335443563,43.8645718233833,26.9983243232566,37.4342159494627,36.9143293051083,35.9365577391833,36.2532193090579,67.4711894316315,34.7160296977319,45.2318647949808,78.8969893962909,78.9762582265816,77.6713509678461,75.8672041211611,73.5486011881541,71.6661634803026,75.9059573713981,74.9152629594346,72.4994860881727,44.4106099043204,47.0864035027383,52.8694784790518,39.3813410785864,38.1042904552598,49.7267678667266
58.7905881221243,57.0408760230241,58.1630219981053,57.9147748058515,56.1335760071623,57.9995053924815,57.4806626037532,55.122663286273,0,23.4708958753945,100.442663421434,43.9340560254939,41.2419509043969,35.616863640194,70.6648290454318,70.7184678118448,58.6575918392277,63.0682616901121,61.7121256174533,60.2495445906824,60.3151184199048,60.2819826790548,59.3320390098567,70.9942471322347,98.0199402802137,102.221485571863,66.7430115094759,66.7179131472062,65.3181544929118,54.7181018062932,53.8691767229991,50.4685733903474,78.2747091677388,64.1513837101079,72.256981070176,71.0414373736987,49.3736007837045,88.4265300566009,88.5064749098557,89.4709043257136,87.6399989095815,87.9077292291489,86.871888608015,87.2806847997172,92.5795111491472,92.5264440055526,94.8538792716783,92.0443639371904,95.9344863761927,92.7137281645464,93.0598573766342,58.820158203696,57.8478938221569,59.7892321734257,57.7936600381048,62.048410686155,60.8721643771232,59.8090968899186,51.3532055346623,56.8361333372992,56.7486655620953,55.866127639681,56.6825862848498,75.6116873910871,58.0871336416464,60.5158488720233,96.4634530767004,96.5692236282603,95.2528380497769,93.4368114519081,90.729351179866,88.8504997948674,93.1641090704805,92.1820989048703,89.6015056769929,62.3627612852858,64.842043156657,70.5516016780467,60.4642422802206,59.9594306555487,39.9508123750655
59.436754994535,57.6905607384864,58.7975136057149,58.5774762794302,56.8001287161992,58.6228763911901,58.0932162581733,55.7494895353228,23.4708958753945,0,100.959649560754,45.1383784847308,42.7706940545345,37.1389764837726,71.2280069573296,71.2684111967411,59.4568883354398,63.8617887113295,62.5123079052548,61.0411545613386,60.9908543274227,60.9433446462438,59.9977749031113,71.4645896935673,98.5746859219372,102.771051807067,67.167688388316,67.1603191723091,65.9056005518617,55.0321626856165,54.2114423674197,50.4360650634318,78.8267061349015,64.7938022402736,72.8009317360026,71.5859357208595,50.340009125566,88.9546187537715,89.0355535679926,89.9989733691808,88.1619858475983,88.4294690145925,87.3928326394125,87.8014212964088,93.1015628891504,93.0504079061779,95.3766623601765,92.5675377943077,96.4575742163313,93.2365279342801,93.584626573752,59.5619209124356,58.5861212420592,60.5229599620402,58.552072604297,62.7485042803623,61.5766886327092,60.5211546776084,51.9436348022011,57.5061608662964,57.4129464598966,56.535219583615,57.3450147361583,76.4222760996574,58.65258400743,60.9733708093802,96.9979251013281,97.1049425785156,95.7879900874184,93.9713774257699,91.2464014229171,89.3676136944311,93.6846260146218,92.7029135198706,90.115240529382,62.8703487996659,65.3464359763308,71.0726228598281,61.0205598101785,60.5774513213547,41.3183033132216
86.6772009370346,85.8234273754487,85.6934561488191,87.0171149437269,85.9865267382495,85.1628890378404,84.2382549149929,83.278325312726,100.442663421434,100.959649560754,0,103.80006031908,102.301748290367,102.107346349348,76.9093083812206,75.1067854548157,93.843612138716,98.0194966339654,97.135207726932,94.8907968433733,84.7353971297598,83.0109701981655,82.7972629439116,82.970939933238,87.4695635716271,88.3492152201703,85.121949653052,83.3804862375957,74.5078926341151,93.2966333211804,91.8753374709731,96.3746471278248,70.7696747549782,84.8179285340561,76.9010027974588,76.6106729737846,104.975257684169,62.2464676486022,62.6240216770271,61.1410226105929,61.491359693832,60.5296567995759,60.6375263903097,59.8382864913955,54.014380806619,56.3446427140914,53.8327423070273,55.467614792505,53.8714038377268,54.5255660143846,57.3443712967526,88.6814992440308,87.4354779863336,88.8278405309687,89.2640516903929,87.4367836151247,86.9145849133596,86.7191121550556,74.7725097878767,81.5476626055471,81.2200402106165,81.0307040992422,81.5604351930168,113.056070376409,85.1901828857126,85.3418190201507,69.3064009794649,70.8288178516726,69.0121104548631,66.6954123508894,56.6956560617962,56.2210170226734,54.071741472384,54.8424591990913,58.9394442769426,82.3469533674552,83.458658051618,73.1303480250429,82.4858517978526,81.9208228390723,95.4787014799152
61.6018071515871,59.8844528311407,61.0729827588373,60.6405269530273,58.8884614680213,60.9960921234782,60.5534226190621,58.1496588841547,43.9340560254939,45.1383784847308,103.80006031908,0,25.3744485149612,36.0696535553422,73.7559948868522,73.9022795619607,59.1907167659221,63.5485242242281,62.1519435934482,60.8247581873347,62.5139502602172,62.6032334235997,61.6256225828516,74.7090458251582,101.126797919949,105.364263092354,70.7270005138647,70.6074347488946,68.2193283811101,59.9465343402219,58.9885266375877,56.9288830865237,81.4076490724877,66.6418436423355,75.4856678777162,74.2708392887262,38.0891751544507,91.7148935071531,91.7882820794814,92.7587961007549,90.9685606843057,91.2375413486227,90.2071544449403,90.6169484639008,95.9054368918384,95.8401363705511,98.1748022191661,95.363187796718,99.2533184658667,96.0348159285116,96.3683071109418,60.1853341106154,59.2835403084128,61.2473515468747,58.9635966676549,63.8920766641915,62.6823433617203,61.5428238281253,54.4622678219793,59.133901231683,59.1108227733966,58.2030742644435,59.090313118715,75.4668189349171,61.5405622027298,64.4926757974133,99.7080214828199,99.8055565004231,98.4929626065168,96.6808553025141,94.0878266956456,92.2087757269222,96.4999213977411,95.5161635903818,92.9812246278695,65.9850294638174,68.459044341139,73.9267068492492,63.7967724581556,62.7551165736648,47.1543155094724
60.115632157643,58.3897378289877,59.5775056479405,59.157428381731,57.39700164429,59.4930787779828,59.0445025329547,56.6387432639143,41.2419509043969,42.7706940545345,102.301748290367,25.3744485149612,0,32.6420527226591,72.2765014330861,72.4146006491822,58.0339383997163,62.4119722534813,61.0160458313046,59.6682176907452,61.1216073427842,61.1984666762053,60.2227389348018,73.1769474894698,99.6496935727747,103.883979176436,69.1755524979051,69.0618700061989,66.7584365918251,58.2687098952212,57.3128649545087,55.2300525228156,79.927624601136,65.2190175578001,73.9937796298151,72.7785022715248,40.2556071341509,90.2220174513112,90.295959391681,91.266012553506,89.4723110842616,89.7412198076401,88.7103569024086,89.1200993833603,94.4096013099644,94.3452959806464,96.6794027654395,93.867923021035,97.7581018273117,94.539378628943,94.8739013821811,58.9065319166993,57.9929033147786,59.9565225939449,57.7100583151757,62.5512536060725,61.3444315798633,60.2139669325089,52.9622672330929,57.7265830874814,57.6955448389026,56.7887684797653,57.667606438342,74.4571671756468,59.9973867115461,62.9256248835627,98.2189767746914,98.3172053476885,97.0042879225493,95.1918462510604,92.5892940302896,90.710240760801,95.0032754884814,94.0196457842455,91.4809614829048,64.4479478518811,66.924562958697,72.423090112844,62.2798309426513,61.2927153627559,44.8697885949681
60.205861178515,58.4729319629357,59.6265647524734,59.2890301317505,57.5228719848427,59.5052847638751,59.023428704441,56.6444288686086,35.616863640194,37.1389764837726,102.107346349348,36.0696535553422,32.6420527226591,0,72.2057538433663,72.3034115789093,58.9583641293832,63.3423927309945,61.9670049849894,60.5703412679647,61.4273601723511,61.4534246101169,60.4902577021451,72.8307090454619,99.566456604808,103.785018311982,68.7055805733195,68.6368564735885,66.768019275014,57.3334418770132,56.432824298064,53.6745497292932,79.8338937302319,65.4047366709973,73.8633831680792,72.6483844026263,45.0853781977496,90.058884038316,90.1357366556075,91.1030054750699,89.2913023466396,89.5596026058817,88.5263439070891,88.9355913840442,94.2294580277492,94.1706431814796,96.5014584910045,93.6909781635295,97.5810757745251,94.3613992063554,94.7015885850628,59.5261910388157,58.5883762089899,60.5404570696436,58.4047403418233,62.9870436215313,61.7946682113352,60.6945075096335,52.910484497228,57.99698192912,57.9409389092227,57.0464038478533,57.8973965448615,75.5784461127569,59.8164471990762,62.4879881747647,98.0750766987746,98.1769646155368,96.8623689666912,95.0481925261408,92.3946210104871,90.5156870290971,94.8187046411963,93.8358817165684,91.2767589424226,64.1638302636274,66.6391894840494,72.226959023777,62.1286059463714,61.3625733841221,43.7901637385047
55.0258616715399,54.3613705239181,54.0853427701778,55.4965816791299,54.6116107510448,53.5980906423739,52.7145790928807,51.9225658308836,70.6648290454318,71.2280069573296,76.9093083812206,73.7559948868522,72.2765014330861,72.2057538433663,0,34.9879737806641,62.3005952854359,66.440297804511,65.605713798335,63.2894131337167,51.9970112259485,49.9824071054264,49.8903328418545,58.1772797682255,71.2059356379817,75.5779277400637,59.562776340932,57.9081946965049,36.8530212845245,64.289449698816,62.8269847809915,67.34435222548,49.8891705676911,51.300176511415,40.7898470054434,40.1783500675566,74.7895490004729,63.3184854634076,63.2922130427528,64.4307284650225,63.2347644591763,63.5618090848686,62.6048000959217,63.0659708517467,68.3478335690371,68.055345935663,70.5593733357862,67.665348641253,71.6150098886137,68.3930530188855,68.4964556425859,56.6286743085558,55.3577806853916,56.6911842862585,57.3752497187816,54.9318272496416,54.4635284906395,54.3582965287527,42.6618034732028,48.8508785191544,48.4876225144458,48.4313454023807,48.9308804121659,81.6780907097966,54.4561698632459,56.8794006848566,70.9042851742171,70.8892896148057,69.6206952268187,67.85449348749,67.0918094921582,65.1918324556539,69.1193289172516,68.0875528006576,66.3947551699863,52.9929523540379,54.4309535642898,46.5966225494115,51.0111773604755,48.8017651335584,65.6319241713549
55.4928196403515,54.7751285924077,54.5083985230936,55.9569582309552,55.0277125251453,53.9788549832122,53.0545718755414,52.2547971834836,70.7184678118448,71.2684111967411,75.1067854548157,73.9022795619607,72.4146006491822,72.3034115789093,34.9879737806641,0,63.0235037286731,67.1873975271422,66.3261812526849,64.0437744668235,53.1890003489317,51.3177463311676,51.1433277711026,56.3689191278934,71.3112116805436,75.348728738696,58.3512476355115,56.5660524089611,41.034928731586,64.0529054000287,62.5939287083839,67.1635933597154,49.71091553234,52.823620525016,30.0781744167501,31.4908749106098,74.9859918523221,61.7361025746881,61.7647538158119,62.8997513857363,61.3373459597276,61.6855704770333,60.6698355779147,61.1532094903874,66.6452253610457,66.4194441698449,68.9092878257665,65.9953641742166,69.9872732764678,66.7208955929108,66.8963628440567,57.6022015378786,56.3351422274546,57.7145672306635,58.2579626811688,56.191325014457,55.6665431319949,55.4993143106948,43.0690522574302,49.9355710330293,49.5507568633888,49.4293281963775,49.9036543789896,82.3403852810227,54.5030781290786,56.2731944941464,69.7915829488287,69.8404501541799,68.5395207004535,66.7397771269091,65.1717990515804,63.2569908072333,67.3577930378971,66.3232340774326,64.3627983816619,52.2005854689133,53.4576250182952,42.0395011809973,51.0080301006792,49.7217046043493,65.6901705286293
50.3721260082034,49.1351166902974,50.3276967623085,49.3118264306871,48.038939176205,50.6487965055598,50.5250176109998,48.2233433819179,58.6575918392277,59.4568883354398,93.843612138716,59.1907167659221,58.0339383997163,58.9583641293832,62.3005952854359,63.0235037286731,0,28.1523227321731,21.4465002521587,21.6501494496213,45.3233683659354,46.1811561334417,45.1111320998921,67.0058284374653,89.609996856705,94.0764942982992,64.5147592656273,63.8916191246626,55.496514460314,59.4140180653896,58.0876824650921,60.3721540476084,70.0821279454052,51.3796370737355,64.8950510044818,63.6992656791831,58.7250540461576,81.3430769290247,81.375770773749,82.3822199138817,80.8454756384212,81.1210871263901,80.1250392757264,80.5399353454806,85.7595876526751,85.6196000913122,87.9974277186638,85.174214107166,89.0627473186064,85.8592711364124,86.1154859373309,34.5804596513431,34.6337979153839,36.6283784527448,30.9706004715012,42.9442081308727,41.553546250004,39.7810785698581,43.9831886809098,43.0111703032132,43.5051939024917,42.5881515048474,44.0014304277612,48.3778737390849,53.3941633196303,58.4870404162851,89.0593989678569,89.1058050374921,87.8169055556713,86.0292866700028,84.1422774442719,82.2626095665175,86.414631932039,85.4206725205823,83.1653554545723,58.0423326196353,60.4334767372051,64.2002677631752,54.4003499232299,50.0436587386596,54.3098575014348
54.8108582883053,53.6013257079495,54.7506940010743,53.7989466322433,52.5495138702441,55.0577679191968,54.9204559355228,52.6579646156609,63.0682616901121,63.8617887113295,98.0194966339654,63.5485242242281,62.4119722534813,63.3423927309945,66.440297804511,67.1873975271422,28.1523227321731,0,24.9775133481443,20.5700344411818,49.3318471040408,50.1644845080939,49.1298918866369,71.283181293891,93.7153185382279,98.1931964663884,68.8299547015445,68.1965869290709,59.5667214454984,63.8346296370109,62.5095312927438,64.7884279609229,74.2018146323324,55.3959086530597,69.0727154470874,67.8803268992566,63.0307287559348,85.5028569412368,85.5337446793939,86.5414570457757,85.0161445597436,85.2918497424005,84.2974089909854,84.7123385002189,89.9281116905425,89.7850292815838,92.1644673858216,89.3409935486676,93.2291616309384,90.0265358718262,90.2795268076424,37.3834175927462,37.9081986608277,39.4034486839847,34.3597702217743,46.2066185089474,44.9091563005952,43.1298236228269,48.2965779055059,47.1579958562741,47.6782673961692,46.8063644209164,48.234617718741,46.002640509543,57.7805104589283,62.8394430589564,93.2059627053991,93.2500904874811,91.9622756978774,90.1757770418075,88.319380493866,86.4397938678827,90.5857014555007,89.5914035322178,87.3478221272865,62.3523010378293,64.7344692075979,68.4064365662621,58.705920710929,54.2710877323075,58.7822496585706
53.7515902216518,52.5116562530608,53.6945111878804,52.7040206299875,51.4266478764874,54.0051976837598,53.8727439194263,51.5779646056093,61.7121256174533,62.5123079052548,97.135207726932,62.1519435934482,61.0160458313046,61.9670049849894,65.605713798335,66.3261812526849,21.4465002521587,24.9775133481443,0,21.3325203601618,48.6957291639165,49.5290605414732,48.4724476862753,70.2897660829596,92.9063136617739,97.3724053635997,67.7860376051585,67.1677476286976,58.8023852728867,62.6266184159531,61.3051850598753,63.534152730871,73.3794873576411,54.7151222848804,68.196978683088,67.0018269831554,61.6172460390874,84.6366699306145,84.6694972841646,85.6757374991845,84.138210315591,84.4137454171643,83.4176071203641,83.8324339728462,89.052088296811,88.9124055265973,91.2900084579747,88.4669022944482,92.3553604657001,89.1518851122531,89.408409325722,37.7320672608401,37.9347275293884,39.7418477550463,34.4127440981044,46.14222658181,44.7897176250008,43.0305284648233,47.3193213854686,46.4052088262904,46.8967222179239,45.9936562345032,47.4007665718953,48.2246566285875,56.7092522826185,61.763147604119,92.3536411985332,92.4002117575203,91.1112440713461,89.3235544529176,87.4340359893302,85.5543995082162,89.7068952321386,88.7130003517376,86.4565811751228,61.3374158653215,63.7277042938505,67.4964539490757,57.7170659775816,53.395893815273,57.4261560508863
51.6324534122908,50.4318828574487,51.5835613283774,50.6159411328424,49.3764884117241,51.8996987925374,51.7695645662196,49.5070693296798,60.2495445906824,61.0411545613386,94.8907968433733,60.8247581873347,59.6682176907452,60.5703412679647,63.2894131337167,64.0437744668235,21.6501494496213,20.5700344411818,21.3325203601618,0,46.0729296304306,46.9317675755265,45.8875704095909,68.1818921936265,90.5683426792341,95.0487580771921,65.7500507390442,65.1092896687743,56.4021883985311,60.8405892738869,59.5102231926312,61.8504009276858,71.0562444136663,52.1853832382702,65.9324853986282,64.7399931871554,60.3750611084202,82.3689287793637,82.3993339171286,83.4075164779036,81.8851875299193,82.1609973804316,81.1669536474231,81.5819685907506,86.7970315705408,86.6530350882667,89.0330246448426,86.2093801186203,90.0975676605903,86.895096070802,87.1471441037846,34.0716050556867,34.5120740327238,36.1864830792565,30.5896876389254,43.0211112787495,41.6860650163621,39.8811843493332,45.1426769587176,43.9019154045599,44.4309289529817,43.551548922732,44.9904768068608,46.8848074793635,54.6647470326149,59.7611028882604,90.0688802459095,90.1124039667077,88.8248651395021,87.0386518301363,85.1907165221235,83.3111087745709,87.4553578574211,86.4609241990382,84.2207477869117,59.2444845399101,61.6259342285682,65.2780341364927,55.5726384325493,51.0816882302586,55.9052037608875
43.3352051486839,42.8613956410588,43.2563149616463,43.1489962807228,42.5480846567336,43.5412454027497,43.3551377600082,41.7912402227675,60.3151184199048,60.9908543274227,84.7353971297598,62.5139502602172,61.1216073427842,61.4273601723511,51.9970112259485,53.1890003489317,45.3233683659354,49.3318471040408,48.6957291639165,46.0729296304306,0,24.8369533193076,20.2392970713563,59.6302891179327,79.416597234166,84.0380546156609,58.1932719222289,57.2376160770072,44.1903196210925,56.7726603166413,55.329780696333,59.0962053419895,59.9918033531809,34.9536330115115,55.2879877140692,54.1059007933658,63.0599295882749,71.9388104880873,71.9428004793743,72.9752529369398,71.6172534408818,71.8978016905184,70.9259863221119,71.344705774983,76.5167252499258,76.3238144749215,78.7324876968942,75.9007322287414,79.78858159771,76.5954090408081,76.7969034843359,37.4189334374558,35.8060929219583,37.2716270336784,38.7736251807243,35.356152085131,33.9835422630595,33.76663090895,35.2216713979096,23.3476661834493,26.0626506735356,26.7430686666498,29.2839215128456,65.4111160487623,47.0255709296457,52.6633731269756,79.4628313676142,79.4734400531806,78.2010389567687,76.4304799333832,75.0411706079292,73.1609853513985,77.2146384155514,76.2133483276017,74.1563956582942,50.8008986557804,53.0669087381324,55.2703105273676,46.2165454653724,38.1894292032813,55.3418759287546
43.1512419917162,42.7114217543468,42.9224172437387,43.1541022983716,42.5473612631673,43.0819529324529,42.7882346318463,41.4114267095095,60.2819826790548,60.9433446462438,83.0109701981655,62.6032334235997,61.1984666762053,61.4534246101169,49.9824071054264,51.3177463311676,46.1811561334417,50.1644845080939,49.5290605414732,46.9317675755265,24.8369533193076,0,17.4065669134853,58.3897553358604,77.3968128599068,82.0614179052843,57.1684045060557,56.1520119799238,41.8127680161603,56.3459831449648,54.8960048737736,58.7862383075142,58.0038495543449,28.9341041558634,53.4878373034094,52.3168644691416,63.2160863239737,70.1376137226453,70.1337541955307,71.1727735092792,69.8640125062898,70.145547058835,69.1805327511474,69.5999424628989,74.7574285818001,74.5504547568438,76.9670156814852,74.1333730462859,78.0205244957121,74.8304823861245,75.0173995685639,38.4317781190816,36.9579488709903,38.2022793215533,39.8295361902696,35.4880920664616,34.6078381338806,34.7150211407162,34.1885211237588,25.376679785497,26.4106172271194,27.8303720517023,29.58783929156,66.13958354973,46.333310187699,51.8137625392114,77.6078132828614,77.6086831161222,76.3408079440045,74.5749295545718,73.3200746724606,71.4399549447308,75.4667972367947,74.4637106738378,72.4598112254087,49.7076038362643,51.9269271156517,53.6422981040881,45.0939035070872,36.6363503324837,55.2926089435662
42.0409969502087,41.6185773590387,41.8791468020121,41.9988358137342,41.419915713513,42.0968845770456,41.853542524496,40.4175392557392,59.3320390098567,59.9977749031113,82.7972629439116,61.6256225828516,60.2227389348018,60.4902577021451,49.8903328418545,51.1433277711026,45.1111320998921,49.1298918866369,48.4724476862753,45.8875704095909,20.2392970713563,17.4065669134853,0,57.8782994276744,77.3829158850359,82.0160776074639,56.5576687327974,55.5669573194016,41.967810940011,55.4980103981868,54.0485692237235,57.9118710105433,57.954874006769,30.7787675730256,53.2688815390019,52.0865481263496,62.2246128530169,69.9706027785939,69.9719358432715,71.0072280287495,69.6656077591064,69.9468411505124,68.9772019561735,69.3964889240007,74.5650065821938,74.3669571342847,76.7788352370632,73.9459907640346,77.8341283462001,74.6416853926629,74.8378935412661,37.4921054099185,35.9670890519419,37.3402194306547,38.7901879522785,35.1305327824129,34.0548399124451,33.9837495714907,33.4182225092639,22.0231065495645,23.7809528607526,25.4432929398657,27.5697543186571,65.1037150928728,45.4997826004434,51.1031664217693,77.478310684905,77.485678881248,76.2147248785208,74.4456650571951,73.1029398384006,71.2225962535332,75.2670417042806,74.2649457065727,72.2271768196752,49.0858790807074,51.3324197341166,53.3364880917632,44.4206187586013,35.8775153406112,54.3395181279215
58.7907387594086,57.7134262776558,57.6405616531271,59.0895732670467,57.8768430806839,56.9498837769883,55.8709419785492,54.8488800222481,70.9942471322347,71.4645896935673,82.970939933238,74.7090458251582,73.1769474894698,72.8307090454619,58.1772797682255,56.3689191278934,67.0058284374653,71.283181293891,70.2897660829596,68.1818921936265,59.6302891179327,58.3897553358604,57.8782994276744,0,84.4394104545321,88.0726858793171,47.4676820533822,42.6982246122553,55.7238312616403,62.6216449673817,61.1931618187944,66.0443474542908,64.325549368519,60.680633810604,56.9991461996147,55.8806097781109,76.0776297291424,71.9372815136554,72.1238514035153,73.0036159493943,70.4932844801327,70.7523891269277,69.6190230962492,70.0236269085384,75.5471183609577,75.6792110183938,77.9076890204659,75.1169973212541,79.0243121349998,75.7562515056582,76.2947032354152,62.8569619598308,61.6194815441329,63.210543556378,63.0665135828944,62.8127082940638,62.0301184478281,61.5732407322176,46.8026403463307,55.9934706464601,55.5689094720047,55.150274347998,55.5787508210833,85.9835248962975,55.5550716970339,52.0867679473956,80.7046021982521,80.939515469666,79.5629935461571,77.6847228245823,73.1799890657702,71.2956857316874,75.979585736654,75.0185272460175,71.7212592704085,48.8734983199645,49.0109319963709,51.4166529679417,53.1856940027334,55.7368804730941,66.0175963820447
83.1672721201758,82.4310078020914,82.2853265730919,83.5145248013463,82.5845509590139,81.8496335733747,81.0130922127001,80.0717550638836,98.0199402802137,98.5746859219372,87.4695635716271,101.126797919949,99.6496935727747,99.566456604808,71.2059356379817,71.3112116805436,89.609996856705,93.7153185382279,92.9063136617739,90.5683426792341,79.416597234166,77.3968128599068,77.3829158850359,84.4394104545321,0,47.9507733882243,85.9600316689316,84.3234202797338,66.0601545219288,91.6175137724381,90.176314463615,94.5991497786307,58.4688829041261,78.9845581564071,74.1701325980893,73.8777767562987,102.166201244993,71.2704714448488,70.59417422169,71.5481781453396,74.7242450346923,74.8195554395331,74.5051666185047,74.7361431454769,77.455384996307,76.2782041413732,78.9262204916763,76.3465743032139,79.6530854026017,77.0889856751085,76.231534024651,83.7523241736305,82.5047606662961,83.7528349022946,84.5943093136313,81.6545183857095,81.3300118304861,81.3216796250627,71.4018047315162,76.5740541424549,76.3337852634728,76.2839709571914,76.9010812630272,108.982197068278,82.5905103166072,84.311803527468,70.8497937434714,69.669637719472,69.0789558283386,67.9937028793455,79.0138856097482,77.2685408884851,79.0161537757218,78.0165587081106,79.7463527940536,81.05518931478,82.4261437694324,73.7038210286672,79.7703318019924,77.5766771502108,93.0295417665837
87.501562004445,86.7501739082434,86.6027716727468,87.851545984541,86.9081557431509,86.1514309978373,85.3003347920317,84.360949530485,102.221485571863,102.771051807067,88.3492152201703,105.364263092354,103.883979176436,103.785018311982,75.5779277400637,75.348728738696,94.0764942982992,98.1931964663884,97.3724053635997,95.0487580771921,84.0380546156609,82.0614179052843,82.0160776074639,88.0726858793171,47.9507733882243,0,89.7103855620708,88.051190505461,71.0332261190635,95.7110474237909,94.2718658548535,98.7100844361376,62.4179262407568,83.6727674931991,78.0898577377912,77.8263918457598,106.423220787466,72.0199131363769,71.2245166867978,72.0158304119692,76.0917486634945,76.1160936251181,75.9314463619277,76.0957697415356,78.1316779299229,76.7823275519323,79.3934170616416,76.952993794882,80.0217502345589,77.6743847271939,76.6235335986085,88.3260910982074,87.0780201990713,88.349814643208,89.1272444603493,86.365255474329,86.0073933485908,85.9687449735765,75.6970248645693,81.1359590042747,80.8792607419636,80.8088169079188,81.4096443030459,113.42560207789,86.7896078792531,88.3004888636661,68.8309280321652,67.2110860326397,66.9324563259298,66.1435778492281,80.29717320087,78.5955912254433,79.8600048010331,78.8866633438811,81.2971511157927,85.0503275905964,86.3810285216396,77.2326936179091,83.964406469941,82.0157495222137,97.233290520901
56.4853445911996,55.2343104421435,55.3211509675135,56.643790295486,55.2963820875798,54.6209388522274,53.5407519245387,52.3186377805359,66.7430115094759,67.167688388316,85.121949653052,70.7270005138647,69.1755524979051,68.7055805733195,59.562776340932,58.3512476355115,64.5147592656273,68.8299547015445,67.7860376051585,65.7500507390442,58.1932719222289,57.1684045060557,56.5576687327974,47.4676820533822,85.9600316689316,89.7103855620708,0,31.4130318158628,56.3024800605073,57.4781864412363,56.0892161029284,61.0134610630296,65.9844559908653,59.7342833590802,59.3106906553871,58.1714238824981,72.2375317821466,74.0350855658478,74.2020036632433,75.0824697335675,72.7112859623766,72.9611239362492,71.8524816141414,72.2469702985679,77.6799766471395,77.7903969953813,80.0202307210919,77.2399822204641,81.1282932687049,77.8786907814396,78.393531227633,60.8766249498008,59.6587435115125,61.3182570133967,60.9181064115465,61.3188106038983,60.4571570565985,59.9014908073223,45.0952845608884,54.489242199672,54.0834192307734,53.5647613928795,54.0149746544734,83.3304983285944,52.6400353535832,45.8440747488305,82.6392349639631,82.8530476881155,81.4873113772962,79.6202413855412,75.3943047617746,73.5181755241258,78.1325460307282,77.1742264062502,73.9797731635152,48.0388408070806,49.2263127530937,55.1825829190932,51.6589166327653,54.5421888231099,61.8294895178894
55.7283295150935,54.5302973250033,54.5593505765842,55.9382387441052,54.6322461915701,53.8524439407731,52.7620302724052,51.6131336968685,66.7179131472062,67.1603191723091,83.3804862375957,70.6074347488946,69.0618700061989,68.6368564735885,57.9081946965049,56.5660524089611,63.8916191246626,68.1965869290709,67.1677476286976,65.1092896687743,57.2376160770072,56.1520119799238,55.5669573194016,42.6982246122553,84.3234202797338,88.051190505461,31.4130318158628,0,54.8416531938167,57.7460935245334,56.3346244939437,61.277733685372,64.3123951536478,58.6388693686914,57.449117124686,56.3067126867441,72.0684337944011,72.2910395625011,72.4613748792124,73.343170930748,70.9465989906945,71.1990538223221,70.0855404855847,70.4827856973945,75.9359737939676,76.0490192128806,78.2801760901564,75.4968232124402,79.3899107860673,76.136190034666,76.6540532356435,60.0961295186674,58.8710354248197,60.5120097845654,60.1875932277038,60.3979523512786,59.5570562911289,59.0291845877338,44.1106875713615,53.5429736153417,53.1273264185463,52.6360809233784,53.0749228109154,82.7621588046772,51.9856480549828,45.9930727737503,80.9266940938421,81.1439945407846,79.7763653779942,77.9073279780801,73.6374829565324,71.7592963329623,76.3857785946606,75.4263794819983,72.2169102605342,46.2714501571587,47.0769335947913,53.0385745683014,50.5312287594065,53.4682054016548,61.7703481659583
49.2470048181656,48.6487577355928,48.4355175956583,49.6540891771588,48.8345681646608,48.0687143785341,47.2984607368025,46.4288293075488,65.3181544929118,65.9056005518617,74.5078926341151,68.2193283811101,66.7584365918251,66.768019275014,36.8530212845245,41.034928731586,55.496514460314,59.5667214454984,58.8023852728867,56.4021883985311,44.1903196210925,41.8127680161603,41.967810940011,55.7238312616403,66.0601545219288,71.0332261190635,56.3024800605073,54.8416531938167,0,59.5379384023006,58.0768917764016,62.4482901292404,46.2091591231123,42.7499887763621,44.4842706246496,43.655843707259,69.1485440390881,60.7456524426195,60.6561457982034,61.7789750680058,61.006123417861,61.3025101093741,60.4120983906014,60.8424955893448,65.8574759984435,65.4936209017419,68.0030898619096,65.142347454094,69.0301623114782,65.8685284568538,65.8935078173182,49.1900783755777,47.9214214004646,49.1141464544349,50.1806916044209,46.677584615878,46.3948489070212,46.4724433849439,37.3947683825181,41.4568466898562,41.2139368079616,41.3134190107515,41.9413437822444,75.0014460594777,49.5249308715761,52.8593090074311,67.6909459685517,67.5921361322379,66.3685829843738,64.6487703822417,64.8427327271506,62.961962131279,66.6937741850247,65.6688101866196,64.2596667443347,49.4730964433413,51.1631360499296,46.7414139183151,46.5173200828189,42.4661441223563,60.2950288120515
