IBR/IBR_outputs/all.combrep_1/single.surface/WeatheringIndex_Total.asc
NCOLS 160 
NROWS 95 
XLLCORNER 210004.651214014 
YLLCORNER 7350008.22228844 
CELLSIZE 4999.99999999997 
NODATA_value -9999 
[rows 63 to 83 of 95, columns 92 to 137 of 160]
1039.84421703409 1061.86534464359 971.224278995753 977.136787170361 689.29017281363 686.085263456381 991.753120996631 1044.32718874901 1049.61680729374 1097.3667685584 1088.48755506561 1013.67066446319 986.622571363275 987.158400766613 982.874493447536 983.432944569379 984.697826975683 988.938063701868 999.341812715511 991.209754912286 996.862966154667 994.572159437581 976.261395525619 994.22878819813 997.321354157869 1000.25804976884 990.896558906633 1039.32186713432 1038.15864693408 1052.16367303738 1084.40039820762 1064.5465614417 1029.80301396757 1058.5795976164 1078.58148503482 1112.88924452411 1115.18797610635 1108.9004569286 1111.65188754211 1101.63096182347 1040.51517970557 1079.21908986947 1054.00981907303 1070.59532474744 1094.47024278408 1073.370293925
946.258477874575 1083.2106526393 1096.25057098277 1087.64499260047 1080.88102455625 983.295587873091 707.459427039211 752.116547732092 697.298838675409 955.47481933116 1071.17310567728 1080.17397621643 987.877657269495 992.661313447806 989.100259183833 986.548417861823 985.739038322767 985.916089476665 987.431817313182 1002.16374697515 1040.80478686696 1041.33573440171 1028.08890555329 1006.10842536795 996.094154034288 1002.18523507081 991.837758259461 1039.88375500549 1085.55574058463 1058.55908601552 1034.01150295492 1018.73155571052 1047.92785890908 1069.04922865033 1088.67015886442 1108.11986953764 1103.44075224384 1099.66774991802 1053.51402981198 1094.00099294069 1085.26714197713 998.788816950162 1005.83130333805 1068.18452634009 1057.81047198026 1007.80661303872
1004.08853393785 1094.62305712466 1087.04162184172 1094.92702554672 1088.24086918356 1090.76367304249 1077.62503133916 1014.42750361541 988.086421399618 708.537032520677 764.127036262259 1008.08969269923 1046.86655176437 989.841723073954 1001.81398592951 1014.91609527309 1017.8842234204 996.315154664554 984.457605422936 983.630603072725 1014.09462575189 1013.79833355395 989.860911148091 993.233910403274 1007.60605788537 1026.49739793076 1005.81936522184 987.847160705453 993.375287181668 1041.15941362209 1061.92002968135 1016.62109367033 1016.65481856177 1032.68394195772 1057.00099399663 1058.5072228307 1044.81569298893 855.882005855761 691.647751138102 1073.00665206551 1074.71968848488 1000.58976509482 1013.37796084323 1080.29056547781 1060.94161697837 1076.57761103383
1073.02950956813 1094.19274366796 1099.64330682608 1111.85454919878 1108.20046531499 1109.88965691379 1102.42142703408 1085.16198782683 1103.24634436692 1068.46867486373 1040.849726431 891.257473934159 962.246559851513 1047.87981773263 1008.82128678085 1030.77187021888 1030.45675088837 998.740670204461 983.072489860678 980.881942376515 983.026615521406 980.773104754861 987.140844485032 985.362526942849 986.000693731839 979.372617123449 999.432579995485 989.941415724538 980.083153105953 989.221679508236 1010.22803372347 1054.23142195496 1042.5273880008 1020.18466244343 1031.37012781275 1007.90797394309 983.67207437289 957.64146495023 894.498460163347 905.860084722969 671.192305950502 426.423637406511 1011.3050478787 1089.56662350578 1097.75772276249 1072.65209091099
1050.02291273118 1092.64039860942 1063.60803487918 1111.17223353823 1108.96136234684 1105.31351846085 1101.70979018148 1054.85859544705 1080.67042990339 1037.45001617362 1040.48033844164 1038.42599285633 827.715843727439 1033.80222183141 1029.96904189733 1028.93036163297 1034.20014939649 999.236477269842 985.085308607345 980.401038012162 980.663753253429 991.189764017823 971.279882898984 953.858089813272 938.688054801131 922.954627929503 927.290836208967 973.154795578198 989.099347972728 992.36917834931 980.819892495511 987.256306156959 989.833565771988 973.968588069494 966.547624665963 964.850089400232 974.658916114229 981.315293673578 1020.98257401342 896.264622468484 723.794192377928 326.488120314165 909.677165221632 1050.47775188606 1095.97856554888 1092.10390196633
1101.08822139013 1090.67984717555 1104.99625186182 1107.64111314663 1106.90814597989 1102.43021266166 1093.94839780466 1085.82541840632 1045.39602702401 1047.27223552123 996.139350247164 1062.10293943548 1023.57611733047 1050.6889263747 987.712700132903 1035.32027983522 1012.6507038336 994.807583520437 988.811546227538 993.276186653804 1010.96690051726 1010.47231468295 971.751366495956 962.597866110612 970.877266801646 945.189430069908 940.172989495001 914.206767256374 926.41301755929 977.397991949399 1004.91593794913 981.69657229063 966.824843272278 966.158731487399 972.325113969036 982.600330251481 979.360714019444 953.569840634061 986.692082908161 859.159498086615 626.139951378999 372.083838633632 638.681403159082 966.794101212708 1001.1476436924 1063.68852033803
1076.63925866439 1097.88965075835 1104.81772301808 1083.7788717019 1073.81175217152 1039.13545625098 1060.7438351176 1001.02776287204 993.984458493116 1051.53301362844 1031.25424607518 1050.51081549873 1053.71750926809 1046.14789309305 1045.11687252853 956.575859677898 1003.7523060073 1004.27544974807 991.223524029117 982.237567145556 994.18741650512 1006.60601740176 982.011053296955 985.419531622655 982.551575375621 974.503042347681 968.746353841764 966.020121825704 949.168581904509 947.890924206155 994.490310462176 992.722467928959 976.067492351295 968.49153344192 974.074764097373 977.58852852519 969.515544572658 991.680766344079 1007.1248725011 797.626106625664 708.606996387993 948.022011485952 884.642171622384 913.472995776667 991.123829051971 1021.50035016379
1057.01771478374 1045.8940260146 1051.29868029884 880.971235459956 1068.5494426021 983.875926569772 946.080134949578 816.957742704799 978.569311503951 1015.54950390482 979.237356518227 999.717904124666 1039.11578268371 1032.5157375876 1063.56508941078 1011.30380735603 989.680268940879 1011.21416446587 981.278223093342 982.19136235424 982.969506430857 1006.74470969715 991.184812260937 997.071305411145 979.890552120868 973.133109924258 969.672188443607 961.041507867376 956.078506567969 955.320138150457 971.580539190728 1006.98283809047 993.792395223077 987.60352061681 970.377649148801 977.83091239447 979.398202205225 1026.54637103756 962.363782295276 936.321232882798 1016.49532233032 962.655035399229 998.29011106742 1018.38805422715 1050.56620524061 1101.01085636205
1092.39598349359 1089.74635087723 1091.80469526761 999.13650645668 893.143045069687 855.427962609862 1029.77236469621 1017.00069441591 1086.57024821414 1012.71781208566 948.301464628791 941.598449424387 969.380421881837 1014.75395226182 1048.93809481847 930.759389831868 861.57609001883 1003.45886470236 1021.99946215712 989.702044828062 980.06672216427 1000.24423724832 977.257079474615 977.006595519733 990.794670075466 980.883573162902 976.733282099324 951.924372929132 945.859958091034 955.117057608769 958.776380303763 998.915514611543 1007.27954692566 1002.77906851818 992.219096343521 974.542936962913 975.733963606802 988.599702440623 1050.2826049045 1022.81395441955 1000.02818617823 983.637885904241 1040.39508599672 1105.40791665622 1108.29382419586 1110.69103097459
1029.22229858463 1086.17915199155 1085.55391956331 1093.66594570322 1084.64331899067 1058.37446003799 1076.92230057574 1072.36188090968 1104.27530082528 1070.27172048957 1040.56633813783 1065.93600123181 993.699556547655 1097.42831759868 1096.20013279037 961.908110398426 950.905502893517 926.520635314291 1045.13521616873 1030.24697299201 984.394498381901 998.729032778205 987.665057648625 978.702005149507 978.087455277214 989.111476016632 974.710145253933 951.364047035334 951.286219612891 949.468269416231 936.575731003948 1016.57800967347 1008.97497300518 996.503158493001 1010.65943901798 983.226893306269 969.486212619595 1009.05067899665 1090.115580411 1100.26659755463 1086.59581533741 918.345537575413 1057.61414809071 1106.81187919243 1100.66144493675 1110.52538071709
1041.3072382624 1048.55636730731 1081.16590733991 1091.7179956761 1080.68111881052 1028.0603649859 1089.40956045875 1051.44987158334 1039.44841966783 1096.09037725203 1081.08970522388 1085.55562557508 1097.62899648742 1072.3146437207 1000.59653757351 1073.1138507755 1033.38285798488 825.796532328836 860.188858499326 993.998645264762 1015.44225246177 1009.83160979592 1002.97887751802 998.565120318623 979.391949228257 989.950753339186 984.870962140672 968.142048697222 955.883639537614 964.33432942082 992.336714059986 1020.14554392511 1018.13773241242 999.656982530908 997.120015285155 1007.80783640161 989.917397350564 1019.9807928947 1108.77855943428 1109.63248399513 1022.32652061156 980.040415469449 1051.54929589418 1080.97951280393 1103.6663112535 1103.77745763589
1069.49231603858 1076.09470009172 1072.07974960608 1076.57112850412 943.340392209953 1071.98518514386 1095.94263976883 1034.58023505887 1002.39306713766 1062.53385535604 1064.6170771726 1032.16331108307 989.21279486858 1039.67025053416 1103.81887649885 1089.24676241707 1035.00957386648 991.263740470839 895.555254121843 846.880668391065 868.762145433967 973.554576470654 1020.80749127114 1003.12454220823 991.680087933659 1000.37582888758 997.368936716075 956.959742242858 964.630209845244 967.307739549609 1005.28171697864 1016.55610854792 981.37322049585 962.137472606179 979.278038469956 985.09015801397 995.232384001573 1019.26116859544 1089.90589192821 1064.84288554386 993.358993768954 1060.77588713372 1093.62105523854 1092.82810208153 1075.48274326629 1036.36972608829
1066.28825207971 1043.10910237632 1048.12152318685 1037.05425299339 1068.28435925707 1088.27586099983 1089.47124164085 1096.35309158748 1097.08743239386 1073.40222778025 1017.68168830696 1061.65541835779 1106.73301518701 1101.40939706515 1103.64502395094 1108.82466024429 1098.01614556947 1062.60634566534 978.538376630704 1012.75769857946 1056.49041986312 1024.14779679437 1040.59636270218 1007.18937842676 1003.21526350697 1003.42719727798 986.69783670042 971.414590827504 970.573975643544 983.3386608569 1013.70414618274 925.128402227087 966.184469624164 967.125608634739 979.072967533775 979.791140001362 992.664956556531 1060.3637020207 1059.99814169082 1029.50377472227 1092.54463405263 1063.99438446645 1069.94815120771 1010.01182950803 1028.2951354776 1050.55881756458
999.554462139457 1076.78862319245 1073.48279356021 1006.05925735333 1037.98881980419 1060.21089979792 1056.83553154124 1061.16634453697 1074.05720177085 1071.94945738161 1065.67755560142 1089.39190663078 1102.6396921645 1102.86243347182 1100.39376644484 1090.57625585684 1105.56221406045 1108.57325617942 1097.80117274497 1096.2597667855 1048.99003772694 973.082825352885 1008.25930133071 1036.16815242995 1038.59200217079 999.963762962319 984.909908115895 976.150442477702 980.791821637022 1015.71396063721 981.874427191766 759.436929209762 824.195080331455 960.301821026391 980.387681242255 981.147123191498 991.509545634167 1044.17392627992 1075.49292208168 1016.10771569247 1100.37791330557 1081.14119072647 1011.9368375936 1002.66603232433 1015.59458764243 1093.9876100344
1071.74066192344 1066.88731931429 1059.49390406631 1035.95635317911 1054.83537838976 1081.73449579062 1104.7183602831 1097.1127355153 1075.57605801254 1082.01185908152 1082.34492098625 1097.75450276108 1087.11153022723 1064.76056017377 1050.97509920728 1065.86223727754 1109.30294777872 1110.77508373727 1109.05591503961 1106.6617680237 1039.55595512523 963.020070193341 1008.70604692754 1004.61185157394 1029.94673778602 1001.261677817 983.630766368941 985.60294020913 1006.66286914994 1014.43806050458 834.132917174881 724.221290263587 699.491764897488 882.017429159083 980.03673349752 985.113982372999 987.39972876696 1081.75071013131 1081.45457259757 1070.33635790979 1081.39682258266 1088.87531211801 1076.40304097334 1032.21383636533 1018.40015128167 1086.03817610459
690.393053520685 888.542204335451 980.862271670787 996.846234846371 1027.72490587097 952.588281265266 1007.40606791073 1060.78188853637 1094.75453480399 1099.73733243903 1099.49711583223 1099.1219181634 1091.21958289404 1085.94404152337 1088.89899393036 1093.64495762569 1105.71900643231 1080.3541882118 1057.49365470024 1057.6640715245 1025.14588292912 1024.77100919977 1018.27160134743 1045.34373634091 1025.62131717456 1001.69362115669 1031.02020096717 1013.78962868157 1011.50344063823 983.274079308361 882.618307865455 713.347017634491 730.092153862412 842.082713523467 980.660686775388 979.460616685214 978.076331009231 1037.8953920118 1102.71126311729 1107.17744241359 1086.65651821001 1087.62118730562 1111.42557370566 1077.60993975857 1077.67528116401 1069.28002869947
737.109921820823 1052.60236004125 1014.19078197203 1083.38943115173 1025.65583225557 1087.91966251805 1106.46709903036 1082.19584823247 1096.512544355 1097.71863653759 1016.23680633072 1045.88130919954 1018.11606361406 879.917446400798 858.533897166545 1082.96674308284 1094.16693332541 1054.36214356278 1005.42256135265 957.66990732474 1018.17564251776 1015.5735864155 955.616569865854 968.191009635936 1021.28176393537 996.388441449258 1049.03089617433 1030.89838776399 1042.56765271346 1014.21983945096 908.833187072058 746.096407732127 786.062965951526 878.379987300386 963.75266455588 982.560853879431 982.494246094411 987.839995268476 1089.09581930181 1088.31926171727 1101.0950405842 1095.29642447885 1110.65130096276 1085.762633655 1089.695316144 1092.27189129694
1035.28137532743 1090.59061385518 1100.60757747213 1092.84083184788 1100.54486359053 1107.52958669804 1106.92142300088 1094.93272642097 1107.35851818898 1101.9930485385 1088.86644319112 1094.07418301524 1099.50899208075 1097.14261240746 1090.52922431383 1091.79863306619 1083.30609710578 1017.53550725142 1008.64745383697 1055.78768399172 996.412077479351 990.270130859198 962.086618218 992.647107447735 992.9101965312 913.820229767924 894.282040451421 1016.64235237328 1063.41748807851 1063.35484054796 972.240918389643 822.600275390285 809.2180395326 929.530735543722 971.426989045079 977.234945531644 978.200753640228 976.562629535487 1048.44932230616 1080.78371593337 1109.68870943812 1100.52533120364 1105.13287893331 1111.7533319567 1099.21644601171 1099.56239940648
1044.5344991879 1071.82832994331 1027.28546968253 1023.54104186187 1053.5927905661 1078.53229849138 1106.1006432691 1107.43463378431 1110.98185353788 1107.62213508196 1105.61965344599 1109.87257420024 1112.15364508595 1097.86675364264 1095.84889826616 1085.04035758958 1064.19179276861 1050.32704354342 1018.25199433819 1022.55417349408 1023.59590555572 1042.64916726136 1013.261032792 1012.41445809067 1000.82445887719 1016.14331650452 1018.9301386951 999.487329361025 1048.70388340994 1073.05983074901 1049.1131916471 833.355450087979 854.667085415883 899.396321937519 972.547783462928 975.659574341883 987.909319749146 1027.90683368874 1088.67301780913 1099.71513115392 1103.37401904581 1099.97588321716 1099.77954433533 1059.84839419376 1103.65865436719 1106.03581760527
1067.87989326541 1085.85885011271 969.515687991846 1020.28600206258 1047.56689123111 990.20487448013 1037.50153686528 1078.63200538009 1111.87889692351 1107.11983641373 1099.07219538996 1101.93103954471 1109.37073118578 1096.15957206002 1076.48848006657 1087.01636775344 1089.27640843693 1081.74189324549 1073.86202251904 1024.36137379476 982.063257927715 1007.69428243264 1009.89795561664 1010.54356069897 974.504153565358 749.648009767639 776.625192236616 909.623360020675 1047.28340450449 1031.27496194051 1066.3538476774 1068.37456737692 1086.42980574195 1042.17511407589 1003.47818801431 983.367619895236 1008.55857814689 1071.27286359229 1079.83058778025 1106.76142791879 1105.80625032946 1108.16738960136 1101.85007141318 1046.70258235953 1072.02352087477 1094.45403262102
1029.01371311981 1066.7693464273 1065.28905474652 1038.64081138836 1051.90798757771 982.898326388078 1065.77469022092 1029.0061019813 1071.42467714964 1068.72120534718 1072.50638608761 1089.00953038082 1102.87990132098 1082.27882064664 1077.79321256751 1051.21950111029 1081.40888343223 1065.92385362055 1057.76603462824 1054.82464379418 1052.3496607564 1065.96068188034 1045.64970445018 995.79053547877 842.379036846229 614.707592686762 592.869003645553 728.945318603688 906.309509669067 944.091330415461 987.417061944588 1007.78195282263 1018.36953422078 958.618759652821 1004.41420743765 1026.47795359125 999.080149432782 1038.42589158645 1091.5660987853 1095.47802774905 1099.25938707572 1097.70099497608 1099.37889296451 1080.77906599499 1062.2284030572 1070.36452118375
