0,9.35859642552951,11.2999591945503,11.6277032235464,13.1085802217336,14.9310853453782,18.1796561293628,15.0156444990906,33.7159521915731,34.555707486995,69.2732680926396,41.9574310540716,38.1175501409548,36.6093429237078,35.7352655392519,39.6262500969662,39.1317903195,34.7073569043713,36.6495384792898,39.4656702069992,31.9750065474563,29.9492236521961,30.4439598498167,40.88705956272,56.617298333413,64.7313286990774,46.4234251498226,48.4535269317133,38.7910813897199,32.1787755943446,30.241814828724,34.9522526292444,42.9429156113867,45.5195138519876,39.503644934577,36.3255620281497,52.3963946884467,52.456029439805,50.6740661727658,52.2321417107482,55.5135409892143,58.2670718417018,54.8587562030808,55.0238957061288,59.0009553954379,55.8861746391444,59.0583949321485,58.5602038298191,61.145113529714,56.066491587614,56.027441736407,38.2886211886755,40.795814835324,36.3827212921178,40.335395391371,34.5134636285428,36.6178526684121,34.9857409797491,23.6749962384801,34.4446916552207,29.7062657587507,30.3048725988535,25.317699768452,40.0951466532461,24.2423788682646,36.5172920097049,55.7914946358031,58.0335271805607,56.265721694072,55.030999663963,57.9956015258466,54.741453251402,61.4692839691471,63.411075956146,73.9690142034372,29.7717075504439,32.3716954450652,62.1129590938008,30.4535796500793,26.8416876804109,34.1359188478449
9.35859642552951,0,11.9023054478064,9.62612687499494,9.55457836319516,14.6921256434624,17.6746734709755,13.804972914471,32.3054749690482,33.1467786189551,68.6292575378388,40.5573653767316,36.714175214573,35.2034606759795,35.177498231037,39.051542266845,38.0204600421234,33.6442157644884,35.548832785593,38.3996767479167,31.5234683055642,29.5594814807296,30.0604184229873,40.0741180537775,56.0230301306482,64.130859000294,45.4882740212345,47.5634208151721,38.2561083138426,30.810818042845,28.8725693601645,33.5708590448468,42.3498007056665,45.1471348598938,38.9214277688778,35.7458212251452,51.0079186675858,51.8320993525028,50.0512883716437,51.6078787136037,54.8778326586433,57.6309433318431,54.221598846162,54.3862322468708,58.3666624093671,55.2547574348101,58.425449351374,57.9277386035145,60.5127624993192,55.4334349717474,55.396923527779,37.4497172974623,39.9788647096429,35.5772259870873,39.3922618829347,33.8257675710319,35.938011922828,34.2915860239824,23.515703166887,34.1318986487854,29.4749435079618,30.0751942825421,25.1884073909066,38.9919826455867,23.1088299674081,35.4723764879939,55.1743390383009,57.4175371112194,55.6491878224354,54.4139159776419,57.3528472704254,54.0989637003643,60.8320879294244,62.7741351266346,73.3178804193135,28.963966087422,31.582465103613,61.4759133862435,29.8428256575541,26.8008411195592,32.7041529091463
11.2999591945503,11.9023054478064,0,15.4298184595083,15.4565968751664,12.5279998240483,17.1107619902731,13.4327134964749,34.8376406287397,35.6732766343737,70.1702789918666,43.1182766058726,39.2741653517771,37.7487203285542,36.6279236425038,40.5057497551438,40.4924629357492,36.0589489598854,38.004559273564,40.8207218670889,33.3322720195563,31.2439105575503,31.7582770068095,41.6901356140299,57.5533426800287,65.6593724252492,47.2361932357934,49.2583604641306,39.7359911340543,33.1408331132425,31.1981263755569,35.9703322319169,43.864991567491,46.707216255227,40.3718374696799,37.1892411656956,53.5806772726892,53.3621349448875,51.5809482529532,53.1385485243789,56.4121182878662,59.1657479017826,55.756537879414,55.9217514075229,59.9023573381171,56.7891161157221,59.9607300212517,59.4625346728626,62.0478851857745,56.968601499924,56.9309099456184,39.6441398613915,42.1586864284701,37.731380671739,41.7053457116414,35.8306990343223,37.9508356543475,36.3311598572948,23.8392066632835,35.8339985810584,31.0682455149487,31.7488258188764,26.7151500917485,41.4382528857771,24.6598209048199,37.2815914430969,56.7037643741625,58.9466562506909,57.1783901984744,55.9432039640329,58.8918225503683,55.6376856751297,62.3690243469141,64.3107791481329,74.8610213854268,30.4962130278075,33.1059558518872,62.9678859664831,31.04036418152,27.8413278905778,35.2541887923713
11.6277032235464,9.62612687499494,15.4298184595083,0,9.66453679397955,17.4905399772317,20.0935927873349,16.7348251384446,33.4957521940764,34.3411736493975,70.0060690149414,41.7058617868201,37.8673385799089,36.3748589260304,36.5569564848858,40.4417371302843,38.9515618012564,34.588094130194,36.4870689017974,39.3394047080097,32.5109169277904,30.6126775202752,31.0972260139749,41.5320837419681,57.3659199750263,65.480646091226,46.9438249851562,49.0232858935299,39.5924087781813,32.1605877660604,30.2284395703844,34.8648597520184,43.7046160382527,46.2936620563985,40.3208856953742,37.1489224557887,52.1310413506804,53.200854390675,51.4193686052626,52.976388138893,56.2531395349827,59.0061777918332,55.5976026214042,55.7621863973395,59.73958015816,56.6263232139298,59.7975565085955,59.2998384925425,61.8844911019759,56.8057329303946,56.7680286513244,38.4004796699758,40.9235491285891,36.5371311516081,40.3210820875089,34.8241012574828,36.9223141066137,35.2628915665923,25.3490590109214,35.112691265473,30.4968648837766,31.0242905522246,26.2040769774736,39.9441200175469,24.8893151814028,36.9741658574969,56.5377747272306,58.7802258676085,57.0122756122168,55.7774059284857,58.730285146964,55.4763855390963,62.2064602179027,64.1485323543803,74.699028758931,30.4820608648264,33.092325181871,62.8869862214131,31.445920471965,28.1411403933291,33.9004855920422
13.1085802217336,9.55457836319516,15.4565968751664,9.66453679397955,0,16.9550969206094,19.3156514668706,15.8120495065286,31.8228141847256,32.6697715440723,68.9602611411573,40.0415766906541,36.2000625743393,34.7056963736941,35.5758548271749,39.4470295458305,37.5512853467884,33.2285843859548,35.0952102360486,37.977977075038,31.6752033917943,29.8090467503017,30.3026650082926,40.35242174982,56.361504989023,64.4707799051631,45.6690032283455,47.7837619409485,38.6329546382839,30.5337169357992,28.6012206678946,33.2215907533545,42.6997389073813,45.4842641048413,39.3197371719305,36.1492977879904,50.4770453039573,52.1711661427163,50.3906253091221,51.9464700620164,55.2138290277137,57.9665525589141,54.5571189181578,54.7213199529777,58.7015759466784,55.5906463760192,58.7606596457781,58.2633095814477,60.8480849662852,55.7687329928706,55.73308300624,37.2376049315978,39.7815962413658,35.4018108723443,39.0703948149541,33.7840248263363,35.8922778248816,34.2233999193923,24.6268587171104,34.3927231280983,29.827290413401,30.3813129635885,25.6143502734975,38.5486917254353,23.5293738397632,35.6193990076599,55.5137840090113,57.7571992287669,55.9887937927162,54.7534640698445,57.6853839588506,54.4316887582078,61.1660981126588,63.1083633634948,73.6473703224706,29.3086173502227,31.9324083084622,61.8437372020267,30.4169452788886,27.5283631576894,32.2079705309546
14.9310853453782,14.6921256434624,12.5279998240483,17.4905399772317,16.9550969206094,0,13.0367283740206,11.8550307904784,34.850794068099,35.6816642467599,69.9275358031515,43.17487050142,39.3262012415766,37.7815065227068,36.3859453443971,40.2467597856045,40.7621395113302,36.319792414324,38.2686143351052,41.0850294194581,33.6153720676556,31.4695248848907,32.004839068213,41.3254742343445,57.3586222788055,65.4550553476648,46.880653600364,48.8937298025895,39.556825705663,32.9685653670473,31.0192307322248,35.8638077812775,43.6543203461215,46.8201029443081,40.0988283875878,36.9110458526283,53.6629286611011,53.1310619822042,51.3508438430918,52.907809743277,56.1716196173796,58.92534440126,55.5150323413717,55.6803079567427,59.6652447779875,56.5539526299172,59.724778745713,59.2266027490505,61.8124752121887,56.7323808645547,56.6964089915979,39.9109579420695,42.433203270917,37.9916766144977,41.9854456471464,36.0605519120881,38.1973432332878,36.5901136129478,22.6520043622183,36.1617288510135,31.3803401513622,32.1389528661197,27.0771235538052,41.6900947341498,23.743301757578,36.8603656384076,56.4802369318155,58.7241914421542,56.9553606670221,55.7196050801766,58.6482090222115,55.3940981231296,62.1298182537938,64.0715418445645,74.6120441964322,30.02875265826,32.6523519463882,62.6752559497338,30.3982972072228,27.8132561095877,35.265182725312
18.1796561293628,17.6746734709755,17.1107619902731,20.0935927873349,19.3156514668706,13.0367283740206,0,14.1073493563542,35.9911580352096,36.8173636273851,70.7705970991629,44.3547648830826,40.502173705287,38.939738392222,37.2295443759692,41.0726783028115,42.1181175001342,37.6662196199196,39.6193559264402,42.4345390522028,34.9669025769808,32.7720775611088,33.3264907447742,42.0451104200389,58.249089793678,66.3360179290766,47.6166907736703,49.6172683292684,40.4640867021239,33.9282692651978,31.9728675438989,36.8876617524634,44.5289629562495,48.0189843632943,40.9102678517797,37.7171470751861,54.8656266904953,53.9855303074409,52.2062703643606,53.7626219916625,57.016769066307,59.7706000927782,56.3591900233156,56.5245404198583,60.5138037118408,57.4044268834754,60.5744865697937,60.0763199903643,62.6627190784033,57.5818179509151,57.5475359512547,41.2537144763299,43.7819590371293,39.3275011432353,43.3435165085794,37.3651529894008,39.5169489789066,37.9212886006372,22.4465660124841,37.5559962153085,32.76621723983,33.5895224068214,28.5119304466635,43.0304090156053,23.8336073801663,37.5307275116604,57.3421932171859,59.5871973054215,57.8178079036276,56.5814890570681,59.4903519231511,56.2362609141033,62.9763158276171,64.9180017407127,75.4489229608549,30.6318528302734,33.2707309589403,63.4665661766617,30.7910867776559,28.9222105661091,36.406265803487
15.0156444990906,13.804972914471,13.4327134964749,16.7348251384446,15.8120495065286,11.8550307904784,14.1073493563542,0,33.9958200424181,34.8272805075618,69.8485991928675,42.3382539393847,38.4856218638754,36.9347775260837,36.4024149546275,40.2472211246264,40.2252245479436,35.8243173874335,37.7403018721886,40.5874372243682,33.6469536834661,31.5669766180155,32.1030814471352,41.073373936015,57.3279989871612,65.4189016941868,46.4914282357131,48.5551971562277,39.5881066098322,32.1168044687444,30.1639237813932,35.0145937397049,43.6271375452867,46.9582400237446,40.0931701134641,36.9089933421613,52.8420643921228,53.0726922637699,51.2936126765375,52.8490253862022,56.10154463976,58.8547916063919,55.4434957990958,55.6082032582774,59.5962628540128,56.4878776366757,59.6571244295703,59.1594764506852,61.7454027033843,56.6646412206706,56.6312353342691,39.6132896294952,42.1539167781842,37.7235684013132,41.5968441526115,35.8986657356731,38.0397083327083,36.4182992680973,23.5377253286912,36.3007192910351,31.5922278010018,32.3299345853353,27.3585233634976,41.1575041245204,22.9951229217952,36.3400840666337,56.4283044025241,58.6733992969546,56.9040459542963,55.6677618114394,58.5707796892718,55.3169575944698,62.0579192529837,63.9999291077611,74.5260986625228,29.7905416654626,32.434764341074,62.6112382513529,30.4410121939246,28.3200421590594,34.3889350134662
33.7159521915731,32.3054749690482,34.8376406287397,33.4957521940764,31.8228141847256,34.850794068099,35.9911580352096,33.9958200424181,0,9.30234260095853,79.2457769131711,25.8855104717289,21.3500498851654,16.3322319025875,46.667821250033,50.4215492611807,43.5383784033643,39.4352258308795,40.9922310486952,44.2754867796983,43.9832043816392,42.3085731662031,42.8968120745941,49.397742353483,67.1084622661162,75.1618259643175,53.332069065081,56.0185096064236,49.8661050025716,31.116645191787,29.6983886918913,28.8772403255208,53.4611093858733,57.9165747164312,50.253112921776,47.1137812896796,39.748399628289,62.6490233425518,60.8790401958444,62.4204792216214,65.5834442713482,68.3315943550024,64.9132084014256,65.0719719430722,69.080545950173,65.9967394214435,69.1519661563348,68.6596094781481,71.2448034436806,66.159283295737,66.1475762409796,46.1767803475786,49.030866157049,44.6133740055524,47.1506736933288,43.9937369767565,46.249055214433,44.5134542835804,39.241723198445,47.7035500271171,43.4619614046964,44.3402815111703,39.8295956952638,43.8227796667058,35.8993024331843,43.4896502164409,66.0522946010805,68.3064854897157,66.5330985104991,65.2927351427993,67.9859554217251,64.7350403307074,71.5178880161381,73.4629067194438,83.8687038661649,39.2492211456795,41.9120423269868,72.3223916443795,42.1974767989109,41.4873703447019,21.9969100529588
34.555707486995,33.1467786189551,35.6732766343737,34.3411736493975,32.6697715440723,35.6816642467599,36.8173636273851,34.8272805075618,9.30234260095853,0,80.0318202804824,27.1051540100481,22.6838649139377,17.5918217791385,47.4684643556213,51.2187435551302,44.4789496704952,40.3696804818411,41.9322524635009,45.2098583535463,44.8435913040999,43.1617734556603,43.7511038353087,50.150599868029,67.909336544333,75.9604072191101,54.0567987614853,56.7548865677244,50.6756003414485,31.7461425029701,30.3437636381424,29.3347849478512,54.2600691804766,58.7592477009677,51.0483354740083,47.909071528434,40.8667291760677,63.4402119510865,61.6705468041302,63.2116300013434,66.3714350763278,69.1195030882138,65.7008187240347,65.8594789178063,69.8690913386556,66.7860438022407,69.9408871625522,69.4486327417453,72.0338929797368,66.9481593563194,66.9371222143414,47.07712798781,49.928186372318,45.5093148067428,48.0642484466664,44.873036384333,47.1285715488706,45.3953222933221,40.0592507841569,48.5572995137831,44.3117279945806,45.1920727681189,40.6774797223483,44.7640670069183,36.7002209912889,44.2267002548954,66.8455554936674,69.1000835408377,67.3265314178805,66.0860014295005,68.7722156420061,65.5213601384454,72.3056574884117,74.250728674291,84.6527875074429,40.0184516871024,42.6820021959487,73.1077701611851,42.9902355621178,42.3182687633746,23.1579748529058
69.2732680926396,68.6292575378388,70.1702789918666,70.0060690149414,68.9602611411573,69.9275358031515,70.7705970991629,69.8485991928675,79.2457769131711,80.0318202804824,0,87.7186725302501,83.8734457181816,82.2420517745072,58.566767230918,61.5650206372821,84.2628803353454,79.3449975843896,81.630558417659,84.1708943666834,74.6675660989106,71.6880057503719,72.7397200144841,68.9099394868737,64.298716267733,69.3789967705505,78.1799525434275,79.1559780383041,62.9330861428739,76.2772637342243,74.3857745915591,79.2904931887048,52.5496995687101,84.7284368647635,62.1806507895895,60.0390812233801,98.252577503309,47.6858743006709,46.1720589605197,45.8093713000391,49.249200665609,50.9908223118898,48.3597052623951,47.4456507692025,42.8343303992917,41.9998788967926,41.870493676966,44.2227243043209,43.3375197720719,40.4281701204017,42.5993866841814,81.3165831635998,83.8823035095059,79.0221792727014,84.3506901633795,75.5177044372984,78.1643523936074,76.980661549347,71.3637388059128,78.6967892313282,74.2558378147121,75.9676029954779,71.2199986701273,84.9744877362844,71.2992839441369,75.734157183009,50.3392976698964,53.4312203066681,51.3570974267543,49.8279167883481,45.7992419856936,43.2880354805021,44.588116427066,48.3018440237699,63.2975622868154,65.637847791049,67.3560808008071,81.5338662531896,70.3886161355119,70.4112679014965,79.8773533604779
41.9574310540716,40.5573653767316,43.1182766058726,41.7058617868201,40.0415766906541,43.17487050142,44.3547648830826,42.3382539393847,25.8855104717289,27.1051540100481,87.7186725302501,0,15.435416358839,22.3003823951106,55.0417007521012,58.8274532693076,50.082526285931,45.9887372921746,47.4978728256146,50.8599559953913,51.7540948539177,50.1656495850117,50.7469186303477,58.1773550168248,75.4511487703173,83.5260251852997,62.3156600691842,64.9214618161549,58.1466840860393,41.0400455233391,39.5375129530613,39.6414236351093,61.8269142279599,65.8867637590985,58.6798219559049,55.5427235551911,35.6642498541538,71.0798390004194,69.30710747632,70.8513512039656,74.0417079118356,76.7903619591261,73.374669706968,73.5341023310057,77.5330025837982,74.442851822984,77.60116467457,77.108099589048,79.6925277675883,74.6089501713451,74.5916439134543,53.3222265040474,56.2346643533991,51.81927193781,54.1190952676589,51.4377073536126,53.7019615507846,51.9389831602174,47.626207815604,55.5954572840311,51.4110906250237,52.2835498777792,47.8247393755014,50.1066292788858,44.5109660310533,52.4868020873999,74.464435752024,76.7156869263294,74.9437674463605,73.7048843302795,76.4578927997906,73.2065554158821,79.9768911259815,81.9215705033312,92.3587025827916,47.9668495414217,50.6155898635086,80.8277979768774,50.7500907150635,49.6604715644388,33.0166984271971
38.1175501409548,36.714175214573,39.2741653517771,37.8673385799089,36.2000625743393,39.3262012415766,40.502173705287,38.4856218638754,21.3500498851654,22.6838649139377,83.8734457181816,15.435416358839,0,17.5027314764439,51.2058112948211,54.9877592801026,46.5077645711359,42.4222691425041,43.9342196282042,47.285399915265,47.9926732921755,46.3926101348767,46.974354189886,54.2959690822208,71.621069865816,79.6933422015702,58.4138543034051,61.0274494653667,54.3227158962385,37.0386899937865,35.5419704976512,35.5843172444326,57.9936766751799,62.099318562905,54.8374823729663,51.6999212322648,34.9915225439163,67.2392844302869,65.4668691417852,67.0108096274995,70.19800918964,72.9466198271669,69.5306096239312,69.6899811521881,73.6900438850496,70.6006078373096,73.7585817460862,73.2655856897757,75.8501157575928,70.766307652117,70.7496321449596,49.6577329611983,52.5601362671391,48.1460778602834,50.4793518531068,47.728949368966,49.990953686328,48.2315704986746,43.7761510054265,51.8145078896174,47.621769291809,48.4935580653803,44.0274939973477,46.6009371258511,40.6305971468082,48.5770194360949,70.6260863310967,72.8776779017466,71.10558647601,69.8665299527736,72.6127118914051,69.3614165727958,76.1331904685562,78.0779008086589,88.5114971204807,44.0874161993928,46.7382108192802,76.9769712193306,46.8857899089468,45.841386496608,28.7313238988439
36.6093429237078,35.2034606759795,37.7487203285542,36.3748589260304,34.7056963736941,37.7815065227068,38.939738392222,36.9347775260837,16.3322319025875,17.5918217791385,82.2420517745072,22.3003823951106,17.5027314764439,0,49.6203462664984,53.3883676646445,45.673852007046,41.5745478731472,43.1104257792967,46.4287159082749,46.6660920880929,45.0300309283315,45.6151416509714,52.531062337874,70.0468124157776,78.1097616251154,56.5558315481256,59.2066019925655,52.7769133498043,34.7747948423776,33.3188294234849,32.910912424838,56.4098106949626,60.6886512969088,53.2292428180226,50.0909379920105,38.2655875699096,65.6266153753402,63.8554098892851,65.3980928187129,68.5732416135536,71.3216130666762,67.9044267631977,68.0634848459366,72.0677468758726,68.9811216753984,72.1377179056136,71.6450485101706,74.2298993323692,69.145244408328,69.1310496968807,48.5802949273757,51.4604187002364,47.0438921295049,49.4751373718226,46.5306114913044,48.7899022545582,47.0420573988774,42.1997106805394,50.440509974545,46.2245302170998,47.100170579593,42.6127257907425,45.8408953214831,38.9600628581628,46.7224304854596,69.0215721624196,71.2744554603319,69.501721548741,68.2620169231457,70.9818168931375,67.7307152734069,74.5079983168595,76.4528676661723,86.8725882457596,42.3562647396647,45.0126521172591,75.3335081893507,45.2308244901218,44.3503099987435,26.2028376534017
35.7352655392519,35.177498231037,36.6279236425038,36.5569564848858,35.5758548271749,36.3859453443971,37.2295443759692,36.4024149546275,46.667821250033,47.4684643556213,58.566767230918,55.0417007521012,51.2058112948211,49.6203462664984,0,22.1591395213743,51.0506425815188,46.109620993815,48.4172209885596,50.9336396628132,40.8188175565456,37.6814628655193,38.7554403368336,40.2278258324855,44.6298196039633,52.6518582624996,49.1109183963237,50.098322685196,25.8716249880396,44.0389774722572,42.1292410785275,47.0416942129412,29.5918263617715,50.3652484398354,24.8252034883039,22.1816049801199,65.5179508305602,40.7667686225588,38.9389991092469,40.583513097214,44.3219109302988,47.1074869978705,43.7345516752878,43.9360780823855,47.8281266864777,44.5833905246569,47.8344596135764,47.3026281129461,49.9001166766364,44.8399285719581,44.6861409626857,47.9144462823697,50.4545311947444,45.6023446722153,51.0116941307613,42.0397878150855,44.6500625188613,43.4659091809123,37.5380782742275,44.7280390120911,40.2103540304238,42.0052096286303,37.193325282755,51.7782574813727,38.1150146858584,43.7458553109025,43.9471794655255,46.1530181887299,44.3976572578193,43.1757405469383,47.1817451338458,43.9112097977434,50.4229656829353,52.3463995159994,63.5510079121662,32.8694311409617,34.6427395091983,51.8734307578448,36.497597316419,35.8385810110026,47.2729832076338
39.6262500969662,39.051542266845,40.5057497551438,40.4417371302843,39.4470295458305,40.2467597856045,41.0726783028115,40.2472211246264,50.4215492611807,51.2187435551302,61.5650206372821,58.8274532693076,54.9877592801026,53.3883676646445,22.1591395213743,0,55.0805566659492,50.1679665536291,52.4534856709119,54.9898961445256,45.0801510950058,41.9912992240013,43.0388385637767,43.0469160440549,48.5802485283428,56.4226113533332,52.1907280688559,53.1070196467547,32.1544695867883,47.6800448780654,45.7701473266817,50.7097084774192,33.4242499848386,54.8051861118569,22.2039418675272,20.9694593776269,69.3239481304833,43.9385752978536,42.1351233303677,43.7750861294496,47.2664009107014,50.065349556382,46.6588373967461,46.8739438741226,50.9062186320063,47.6984517118832,50.9405397570273,50.401606676208,53.0196006769572,47.9362295924631,47.8151028329037,52.095384685136,54.6385176237643,49.8062901256826,55.1306321508151,46.3375609137123,48.9263748002357,47.7202977852192,41.3758924399817,48.930824095922,44.4002338630984,46.1548172328283,41.3310467592573,55.8116429217045,41.8280380404283,47.1578201276818,47.3171722463569,49.5461852373602,47.7782773742766,46.5435970242319,50.1166964269514,46.8422213063195,53.4583020268285,55.3756070399217,66.3958774959557,36.1347037303119,37.855446908151,52.8162195892501,40.0827895805115,39.9838817798039,51.0253897426704
39.1317903195,38.0204600421234,40.4924629357492,38.9515618012564,37.5512853467884,40.7621395113302,42.1181175001342,40.2252245479436,43.5383784033643,44.4789496704952,84.2628803353454,50.082526285931,46.5077645711359,45.673852007046,51.0506425815188,55.0805566659492,0,21.9944752936697,19.0274581169494,23.3475993648804,42.952839319584,42.1574559173692,42.7336822916068,57.0231248443014,71.0144108710945,79.2609864262808,62.3778600447636,64.5236366076624,53.3589559694896,46.2057210207199,44.4107858276539,47.6869016490716,57.6094283569757,58.8220809943011,55.1081095711125,52.0066042548773,59.2980686829211,67.3278731802612,65.5347953453151,67.0980160765485,70.4916094161361,73.2426755369933,69.8476373506174,70.0105873842833,73.9334241951312,70.7976859288476,73.9773818765029,73.4802049398391,76.0577104824276,70.989153082974,70.9316155219177,36.787572967955,40.5167574290407,36.0639076236523,34.9711441721268,38.4913168237886,40.9536811488792,38.9276404528063,45.0255895819102,48.3277030933536,44.7453522710739,45.7618750098511,41.796105080127,29.9423236963079,43.7456957567614,53.047713542727,70.5689187371993,72.7981836080818,71.0374297953091,69.8098057423083,73.0007697189299,69.7468913767685,76.4247573208182,78.3676531177773,89.0304027677396,46.7730621374096,49.2897101209539,77.7767899236089,48.7726575836493,44.9543005171895,44.6560260021203
34.7073569043713,33.6442157644884,36.0589489598854,34.588094130194,33.2285843859548,36.319792414324,37.6662196199196,35.8243173874335,39.4352258308795,40.3696804818411,79.3449975843896,45.9887372921746,42.4222691425041,41.5745478731472,46.109620993815,50.1679665536291,21.9944752936697,0,15.128234189914,15.7987745822493,37.5719759339333,36.8428364021386,37.4425915933398,52.371589757514,65.977161465046,74.2465280567683,57.8189144078442,59.9329269421322,48.3072987582781,41.9718693924363,40.1736809831094,43.4952319897367,52.6079213533406,53.5870307607827,50.2192311698175,47.12538861938,55.1927533524403,62.3779321348934,60.582457953503,62.1475773164776,65.565182530776,68.3162903905524,64.9238123578441,65.0869133319936,68.9999777870656,65.8591229157989,69.0410672445533,68.543615748317,71.1200724698899,66.0534043995216,65.9913519012112,30.0185034728042,34.1476599089511,29.1922164939062,29.2462312605889,32.0150645231698,34.6391630424888,32.6445274701836,40.4673562245382,43.2405570834681,39.737055231238,40.8303047221901,36.912366992068,20.808299416356,39.3403271025485,48.5844752936638,65.6010271984989,67.827651331148,66.0682756960987,64.8420404624926,68.0837752393772,64.829703882362,71.4967127521525,73.439531888579,84.1276751124023,42.1736124103151,44.6730886496528,72.9349608927324,44.163091576022,40.1361443100019,40.5755551473681
36.6495384792898,35.548832785593,38.004559273564,36.4870689017974,35.0952102360486,38.2686143351052,39.6193559264402,37.7403018721886,40.9922310486952,41.9322524635009,81.630558417659,47.4978728256146,43.9342196282042,43.1104257792967,48.4172209885596,52.4534856709119,19.0274581169494,15.128234189914,0,18.445244369573,40.248095279477,39.4597093594027,40.0449024736078,54.450523319599,68.3544117437148,76.6064639618161,59.8215716875803,61.9621581210315,50.6988233160481,43.6981729808072,41.9044873005283,45.1702475293226,54.9586450879961,56.1347785127159,52.4867029180381,49.3872870935203,56.6757375809928,64.6885135296323,62.8948886363451,64.4585088625306,67.8575907637045,70.6086423458853,67.214201069538,67.3771594435605,71.2976847283986,68.1608034309267,71.340985759548,70.8437670817112,73.4210097913151,68.3528958355038,68.2943497063286,33.752413975063,37.6256681597172,32.9528304709804,32.5097090863203,35.4539499569815,37.9786810182798,35.9744244077047,42.4988600491294,45.6982500471074,42.1321092804743,43.1731031113416,39.2147219924161,24.813430718356,41.2431694380382,50.5149463700829,67.925353097076,70.1540093651736,68.3935769432328,67.1662766633985,70.368753519049,67.1148415855519,73.7902326343878,75.7331241537669,86.4015530997724,44.2167808498646,46.7295472612491,75.1645320085757,46.2220358226021,42.3730153640387,42.1388321098211
39.4656702069992,38.3996767479167,40.8207218670889,39.3394047080097,37.977977075038,41.0850294194581,42.4345390522028,40.5874372243682,44.2754867796983,45.2098583535463,84.1708943666834,50.8599559953913,47.285399915265,46.4287159082749,50.9336396628132,54.9898961445256,23.3475993648804,15.7987745822493,18.445244369573,0,42.3948833141733,41.6714574764741,42.2656378281826,57.1774642605155,70.8129222300444,79.0802341351795,62.6215220765827,64.7363317439372,53.1412303475126,46.7695985512715,44.9701324246143,48.3041387808168,57.4398966748935,58.4192027107327,55.0390845027815,51.9443423903261,60.0924418388562,67.2061285872522,65.4108445817965,66.9758430103325,70.3915367732648,73.1426622615553,69.7499702896951,69.9130819977987,73.8269920976461,70.6865215267743,73.8683108637499,73.3708628875769,75.9474232993989,70.8805946520937,70.8188812174883,34.8546696484443,38.9042165596402,34.1437751421096,33.3804969309708,37.0065053918439,39.5839891762135,37.5639980823879,45.2460290173436,48.0375626460258,44.5312256302642,45.61285961105,41.6954720926565,27.7034978681748,44.1167577561527,53.3784843742173,70.4307440955267,72.6575830756786,70.8980919724373,69.671740471898,72.9095122170515,69.6554470928964,76.3233143385951,78.2661280574372,88.952358679871,46.9718990272507,49.4726493905058,77.7525195727833,48.9556150511108,44.9288512287801,45.3952384572774
31.9750065474563,31.5234683055642,33.3322720195563,32.5109169277904,31.6752033917943,33.6153720676556,34.9669025769808,33.6469536834661,43.9832043816392,44.8435913040999,74.6675660989106,51.7540948539177,47.9926732921755,46.6660920880929,40.8188175565456,45.0801510950058,42.952839319584,37.5719759339333,40.248095279477,42.3948833141733,0,20.1527714421269,18.2522621890752,49.3754666655297,60.7099925473619,69.0691153530952,55.7368706512313,57.5167968340385,42.4682051480862,43.4364041617083,41.5516245081343,45.8729392540015,47.4039245785076,41.9607216542117,45.2522836321805,42.1684014316206,61.8431709912788,57.4973762531298,55.6888951300812,57.2679781154638,60.8153297761041,63.5691490231598,60.18933584368,60.3559436120954,64.2242621062513,61.0530669263394,64.250019340018,63.7488782908436,66.32212777161,61.2644016978646,61.1755708212855,36.6467249279148,38.6515279912966,34.0470082994009,40.8970187463598,29.8439928864385,31.356776916869,29.9493961451431,36.7244377804167,28.5003288541092,27.3553314983149,29.8420184346457,27.0176674637803,43.7265507818185,37.7442959827221,47.1626117833797,60.6355321313847,62.8486147631722,61.0958707166159,59.8763332332265,63.4007224086892,60.1445416032045,66.7521892859848,68.6932300141427,79.5314986909526,39.2917709931457,41.6554877856321,68.4273192832067,40.7037512307951,32.7743358513604,44.6554149256045
29.9492236521961,29.5594814807296,31.2439105575503,30.6126775202752,29.8090467503017,31.4695248848907,32.7720775611088,31.5669766180155,42.3085731662031,43.1617734556603,71.6880057503719,50.1656495850117,46.3926101348767,45.0300309283315,37.6814628655193,41.9912992240013,42.1574559173692,36.8428364021386,39.4597093594027,41.6714574764741,20.1527714421269,0,12.5338318026938,46.7176801650213,57.6417328916103,66.0111007867958,53.2413011177352,54.9645541662989,39.2039965741971,41.4921370791823,39.6011534277693,44.0088398253061,44.3282168258003,35.0032793153529,42.1885608480345,39.1052098465185,60.3123272105217,54.4815037262874,52.6708622491561,54.2526266749608,57.8215079015999,60.5759934297201,57.1981908007892,57.3656121624979,61.2272210692654,58.050768168736,61.2504659674005,60.7485087110343,63.3214637038586,58.2650896872757,58.1716176780964,36.4728008661095,38.6592996723326,33.8943750881574,40.5200396556786,29.5009510034838,31.4348812338783,30.250795417438,34.2700807668532,27.3628488686959,24.2686121325446,28.0117681682206,24.3494877578242,42.911997307054,35.5514353669016,44.8237761246872,57.6070287830526,59.8179894946162,58.0662287215307,56.8476873113264,60.4193583400264,57.162739437009,63.7604828134548,65.7011094645631,76.5654047532819,36.6968611213355,39.0290658379458,65.4654440968852,38.0813971577208,29.4703555478484,42.9606332664713
30.4439598498167,30.0604184229873,31.7582770068095,31.0972260139749,30.3026650082926,32.004839068213,33.3264907447742,32.1030814471352,42.8968120745941,43.7511038353087,72.7397200144841,50.7469186303477,46.974354189886,45.6151416509714,38.7554403368336,43.0388385637767,42.7336822916068,37.4425915933398,40.0449024736078,42.2656378281826,18.2522621890752,12.5338318026938,0,47.5656692797198,58.7791709654407,67.1327315237596,54.0322508003726,55.7736873270528,40.3891279397066,42.1147487802245,40.2238495483026,44.6223702318319,45.4432155241035,37.5692963864532,43.2154988960379,40.125364259296,60.8900263461,55.5569542707077,53.7480842177883,55.3284189883843,58.8795372576412,61.6339911287111,58.2542895539391,58.4215997171253,62.290423925283,59.1177512480816,62.3157804254392,61.814034602707,64.3877502940569,59.3299918338282,59.2398556945565,37.0967902012305,39.2452600601522,34.5457881779917,41.1039417540629,30.3321245070535,32.1592988658906,30.8885633146903,34.8799716643458,26.4947535331129,24.0310762263399,27.9093764010652,24.4845007313788,43.5061384637547,36.1662844322255,45.5391818455536,58.6955177541906,60.9083961817635,59.1556429476796,57.9361005462898,61.4704068036215,58.2139289264336,64.8196976479167,66.7603822137351,77.6058976602236,37.4866796858627,39.8324410783333,66.4554255598282,38.8301255712146,30.135000204241,43.546774186251
40.88705956272,40.0741180537775,41.6901356140299,41.5320837419681,40.35242174982,41.3254742343445,42.0451104200389,41.073373936015,49.397742353483,50.150599868029,68.9099394868737,58.1773550168248,54.2959690822208,52.531062337874,40.2278258324855,43.0469160440549,57.0231248443014,52.371589757514,54.450523319599,57.1774642605155,49.3754666655297,46.7176801650213,47.5656692797198,0,60.0574029122654,67.6053153874522,37.0238560238793,34.4507760840281,45.2505861380056,45.2928346463677,43.3967654919862,48.6068237658677,46.0618906301623,60.5543176809738,42.3829968860534,39.3588378759872,68.9042336366339,53.4149534059924,51.7191270646954,53.1850885158795,55.6019502061544,58.3392007870302,54.844579978668,54.9885150243261,59.2722868751757,56.356455020092,59.4314387182199,58.9559587903657,61.5638984394109,56.4252023251386,56.5617016366824,55.4775328423577,58.0623318440501,53.3997487306229,57.9347180746322,50.7804292887436,53.1958964257808,51.8015607511828,42.8320012737794,52.8609363204974,48.2937204105928,49.6964575715713,44.846760431416,57.7676288895022,41.3858216973774,41.9337293033632,57.3059698027881,59.6359696503777,57.8253024968347,56.5472586593133,57.6514791510874,54.4097712067274,61.5352756511574,63.4872760899866,73.0496967237477,31.9545699701339,33.2017021710447,60.8008432626777,40.6083433182383,44.1082798891406,50.0182437851941
56.617298333413,56.0230301306482,57.5533426800287,57.3659199750263,56.361504989023,57.3586222788055,58.249089793678,57.3279989871612,67.1084622661162,67.909336544333,64.298716267733,75.4511487703173,71.621069865816,70.0468124157776,44.6298196039633,48.5802485283428,71.0144108710945,65.977161465046,68.3544117437148,70.8129222300444,60.7099925473619,57.6417328916103,58.7791709654407,60.0574029122654,0,33.087419962314,68.9193631340312,69.9687191079997,47.1821718260899,64.5714615469406,62.6736907738089,67.5110673632716,35.7316753729708,70.4568380083615,49.7883720457203,47.5845165434149,85.9031780390362,44.5816317163965,42.456009994562,43.9810596870149,50.7646288907599,53.389546392318,50.4044873561594,50.4493837224376,52.4626650239122,48.7285912119372,52.0386459567446,51.6688540812393,53.8821903561203,49.2201269367998,48.6367818870112,67.458461238408,70.023740136535,65.066080309358,70.7478044005806,61.1565315341096,63.9278926100776,62.8453009655164,58.8319655700274,65.0367220478888,60.6824005457223,62.5056492277585,57.8278194648762,71.7075654347617,59.1439195681543,64.5928628363095,43.4185600255661,45.0316270646815,43.6718739465295,42.8393003610483,53.7655948179079,50.5389261200591,55.649975417284,57.6663516293606,71.3337867067004,54.3975599538217,56.20421759166,72.0534350324051,58.3312680127057,57.1912707426731,67.7390206423162
64.7313286990774,64.130859000294,65.6593724252492,65.480646091226,64.4707799051631,65.4550553476648,66.3360179290766,65.4189016941868,75.1618259643175,75.9604072191101,69.3789967705505,83.5260251852997,79.6933422015702,78.1097616251154,52.6518582624996,56.4226113533332,79.2609864262808,74.2465280567683,76.6064639618161,79.0802341351795,69.0691153530952,66.0111007867958,67.1327315237596,67.6053153874522,33.087419962314,0,76.550418485176,77.5804035403281,55.6501996286027,72.5537296446569,70.6563224544147,75.5079404183442,43.0887976625234,78.8539618610229,57.5743885526534,55.4060557115816,93.9917932131537,49.6237629854237,47.4442267943805,48.8460399100114,56.2469973388342,58.8208880191811,55.9183229327633,55.9131573432734,57.3961542697108,53.5705995683642,56.8404699947462,56.5607652974127,58.6076335276885,54.0947926158803,53.4332650274577,75.8181731824095,78.382366315964,73.4445538282875,79.0594180812865,69.6132003158251,72.3579475059128,71.2551770797906,66.908579501413,73.3316707639643,68.9568940185631,70.7616788914388,66.0672904146396,79.9585476071424,67.1726296249855,72.4694353682524,46.4932312254448,47.7931362980679,46.6790693648444,46.0796090438514,59.1619065672744,55.9523617749508,60.7188833736052,62.7750956747278,76.9460316722972,62.2541885047561,64.0440993414034,79.4656119450102,66.3082036763885,65.374175017884,75.7913383406261
46.4234251498226,45.4882740212345,47.2361932357934,46.9438249851562,45.6690032283455,46.880653600364,47.6166907736703,46.4914282357131,53.332069065081,54.0567987614853,78.1799525434275,62.3156600691842,58.4138543034051,56.5558315481256,49.1109183963237,52.1907280688559,62.3778600447636,57.8189144078442,59.8215716875803,62.6215220765827,55.7368706512313,53.2413011177352,54.0322508003726,37.0238560238793,68.9193631340312,76.550418485176,0,30.5585821576636,53.6937409555093,48.4744966945548,46.6080268060427,51.8806873880274,55.0248128430912,67.4145506826867,51.69327126482,48.6491970189772,73.1635284641709,62.61705622286,60.910718362144,62.3791713117736,64.9076033348991,67.6388488445909,64.1602390264052,64.2978959883633,68.5148035723271,65.5832507734072,68.6613092372778,68.1897694023727,70.7877286135339,65.6598147907276,65.7824761021711,61.3846563696515,63.994353717338,59.3825377373449,63.6289169985798,57.061101131068,59.4330738573968,57.9792314156163,48.8593993140482,59.1764907721025,54.6338655593417,55.9210924157732,51.0999441306756,63.1122278622227,46.551851031583,44.7582516913481,66.4244239682746,68.7447163143424,66.9393378375237,65.6666683300125,66.960452791679,63.7212899786693,70.7965259337604,72.7520174175237,82.4028981519919,39.3730978862112,41.2999301502162,71.2942879601089,47.4223558187636,50.7460029063578,53.9926586451497
48.4535269317133,47.5634208151721,49.2583604641306,49.0232858935299,47.7837619409485,48.8937298025895,49.6172683292684,48.5551971562277,56.0185096064236,56.7548865677244,79.1559780383041,64.9214618161549,61.0274494653667,59.2066019925655,50.098322685196,53.1070196467547,64.5236366076624,59.9329269421322,61.9621581210315,64.7363317439372,57.5167968340385,54.9645541662989,55.7736873270528,34.4507760840281,69.9687191079997,77.5804035403281,30.5585821576636,0,54.8204017264112,51.4513962792715,49.5694496750351,54.8363495594652,56.0398246337378,69.0246162330263,52.5582975291593,49.511334578234,75.7220127941889,63.5926565761105,61.8882913931293,63.3575693055964,65.8643014785298,68.5977931920741,65.1154433159468,65.2555148978164,69.489055542128,66.5592555378291,69.6379798992213,69.1647471719845,71.7656076187365,66.6351668909816,66.759363761775,63.3353868362223,65.9353307695747,61.3071515864186,65.653794689592,58.8835500302723,61.2684460813252,59.8342613405571,50.6788210889717,60.963251478772,56.4083693284281,57.7339101906866,52.899164498738,65.2635481044048,48.6635384363694,47.5280566815293,67.4184416588336,69.7404817507506,67.9340500207639,66.6603080332302,67.9234749273826,64.6832754719249,71.768143852616,73.722319450779,83.3613149639956,40.2855988915708,41.9597728622938,71.8929308620172,48.871454802447,52.3996311068652,56.6591140462254
38.7910813897199,38.2561083138426,39.7359911340543,39.5924087781813,38.6329546382839,39.556825705663,40.4640867021239,39.5881066098322,49.8661050025716,50.6756003414485,62.9330861428739,58.1466840860393,54.3227158962385,52.7769133498043,25.8716249880396,32.1544695867883,53.3589559694896,48.3072987582781,50.6988233160481,53.1412303475126,42.4682051480862,39.2039965741971,40.3891279397066,45.2505861380056,47.1821718260899,55.6501996286027,53.6937409555093,54.8204017264112,0,47.5524701071216,45.6470280434576,50.4677195371585,33.132620888635,51.5049922003277,33.5293931705512,30.812895529226,68.5621173599568,44.913874463483,43.0522673873063,44.6957573028796,48.7753481024174,51.5412493134145,48.214122319472,48.3958657536282,52.0869442984225,48.7914706011755,52.0522974949428,51.5332406738799,54.0978306330404,49.0731888739329,48.8746211314979,49.6683746615019,52.2087898874595,47.2657919274398,53.0010190279859,43.3246118311856,46.046830492561,44.9593129545832,40.9201960359848,46.7200675020697,42.3125717027956,44.2301394561488,39.5140929824338,54.0640574162309,41.6495117710154,47.885647591513,47.7641418567105,49.9303482328764,48.198147431915,46.9995838276765,51.640618425834,48.3757689873782,54.7416086492587,56.6745420579974,68.1307413789372,37.5283411340926,39.4092183189585,58.5467430495627,40.6833939218551,38.5343663336431,50.4843336372159
