IBR/IBR_outputs/all.combrep_1/EucDistWater_Total.FireFreq_2000_2008_Total.Spinifex_Total.WeatheringIndex_Total/EucDistWater_Total.FireFreq_2000_2008_Total.Spinifex_Total.WeatheringIndex_Total.asc
NCOLS 160 
NROWS 95 
XLLCORNER 210004.651214014 
YLLCORNER 7350008.22228844 
CELLSIZE 4999.99999999997 
NODATA_value -9999 
[rows 42 to 62 of 95, columns 0 to 45 of 160]
-9999 -9999 -9999 -9999 -9999 -9999 -9999 -9999 -9999 -9999 -9999 -9999 -9999 -9999 -9999 -9999 -9999 -9999 -9999 -9999 -9999 1.55110720757414 3.26670186600677 5.06782476881195 2.43414571042875 2.76500091596549 5.34305253416765 4.00578391146737 5.13954335730697 8.10996261935598 11.0471607292868 12.1790886411911 10.0773239815899 7.9190017285738 4.71265603897751 3.71231190141154 6.62870353943855 7.08233543214384 6.08515652598615 7.24640055463104 8.44864969268111 8.03462950416272 6.19833316497024 4.71391188219701 4.89123769286402 2.34478313156707
-9999 -9999 -9999 -9999 -9999 -9999 -9999 -9999 -9999 -9999 -9999 -9999 -9999 -9999 -9999 -9999 -9999 -9999 2.25834385562724 2.46288193097526 4.63340966625444 3.12090168248811 4.23253824790824 6.31985364898751 4.0814502463955 3.56654808411449 6.9000708392824 7.51124746068931 7.99174839320185 10.0144457569139 11.8700827935949 11.856221012133 10.517187986617 8.05995954089436 4.60378271595602 3.05651852016228 3.67371771282326 4.73032767773713 2.8469974282694 5.37940727702721 8.0946767205002 8.21061535323669 7.59493013241364 5.76858811163715 4.83317489525703 3.86243915227229
-9999 -9999 -9999 -9999 -9999 -9999 -9999 -9999 -9999 -9999 -9999 -9999 -9999 -9999 -9999 1.09274177131222 1.57481984036605 1.93606076204939 3.48564019000536 2.20406342835804 4.55114906029527 6.2480149079354 7.022575136174 8.41515728286152 6.97173701035901 6.78391787313367 9.134335632649 10.171111597886 10.3212713345269 10.8795886893965 10.0940025417958 9.08689060004449 9.2140814209646 9.61443702662846 7.72968502984181 5.26804113231367 2.28155849668336 3.1243896374044 3.72020058689053 5.36863501508142 5.22035466443274 4.50936133256752 4.47115140067542 2.58788627378672 2.33023068648869 1.81693366643917
-9999 -9999 -9999 -9999 -9999 -9999 -9999 -9999 -9999 -9999 -9999 -9999 -9999 5.1901893470129 2.58202852567168 1.83345375405327 2.97595577119878 2.95386709420512 5.05102246514957 5.19204668724234 6.48343593022375 8.72802704438593 10.0399424600524 10.8277382564208 9.58005680329643 8.96942446587524 9.53530783897846 7.99914219332974 7.73764947681502 8.40329554375736 7.03814410182599 6.04632861949571 7.07394378023476 9.4684485903946 9.89516967082391 6.93235601701927 3.47537714155279 1.74339807344462 3.04182433769147 3.70613954867554 2.24050832112638 2.19404379026369 2.02776258751153 2.79783493633443 4.20729407888392 4.06155794649337
-9999 -9999 -9999 -9999 -9999 -9999 -9999 -9999 -9999 -9999 -9999 -9999 9.67641490964693 7.31208956374407 4.42629070674578 1.99188937072966 3.37967800960232 5.42383169834304 5.75535008901197 3.92527549470109 5.33981846119174 8.2791488318863 11.2126328837318 10.4255125436987 7.87606419295978 6.23264253496802 6.93370300096466 5.00603003716229 4.34313781816318 5.5015304251731 4.03413395996904 3.23315742715317 5.39077815864029 8.0689200317909 9.6387960017272 8.09116682022372 6.31986482576988 3.49262169316639 1.76561865184346 1.85480204742572 2.76049187206058 3.1319932748316 4.26714359683317 5.42717294959366 7.47398799454691 7.39954666137599
-9999 -9999 -9999 -9999 -9999 -9999 -9999 -9999 -9999 -9999 2.98380197306974 5.40692046035646 8.10836631901253 7.72992924406191 6.14169891086269 3.03516460692687 2.20834766839053 5.46659241709604 5.30197528330838 2.68993666605956 4.63603251624591 7.94246173367194 10.921739370464 9.32971817037082 6.00514895345283 3.05697133394365 4.4266282757339 4.57926310634028 3.98979466043741 4.91083738122307 2.57204658335571 2.76967725955352 4.78536445560684 7.52067290264753 7.06590283884082 5.96157068898434 6.50433389152326 4.43947495649378 2.30322010335773 2.20966737047384 4.34920406827299 2.81732554306709 5.00155747805068 8.07954076037018 7.68514701864865 6.80638568001966
-9999 -9999 -9999 -9999 -9999 -9999 -9999 -9999 -9999 2.79473615847453 2.10479728817332 5.19288335596659 5.61889502590617 4.45195432331038 5.33161870231948 3.77009657125935 1.88444029140232 3.89574693428255 3.97999133177612 4.8027633476408 6.78571568483816 9.21508329738376 11.523549881135 9.5961414006447 6.45081605833917 3.38831895340497 2.71048911319837 5.91514469791095 6.94497714313586 6.33962143287324 4.38669473013226 5.50871163901379 6.75629424971823 7.68005484644018 4.920282733585 2.81448207840068 4.72133691895822 2.4845108312638 2.85669979121661 3.55984512231397 5.81534013267325 6.02360757642147 6.66381555144958 6.20042177954789 5.23274660375473 3.30955519035569
-9999 -9999 -9999 -9999 -9999 -9999 -9999 -9999 -9999 2.17639048612018 3.10975817452713 5.9622060458976 4.11290885940782 2.03378073970774 4.25813467901658 5.75594256171107 3.02877545019133 3.05075181518225 2.25884436585851 4.24996233865539 7.70897251837501 10.8057338335646 11.5100543340548 8.88998689718588 6.33988127249817 4.84639008167089 3.3395143926087 4.41425736502102 6.62901098553894 7.23495712653691 5.90990236721397 6.50801150651844 8.42028022418777 8.26846227494525 4.66189764001908 2.3332328151503 4.58397241530332 2.96810028141909 2.68351653556588 6.18188007539578 7.88957271783966 6.35194889474736 4.78026125530073 3.84302417422295 2.8265170102664 3.4444605371934
-9999 -9999 -9999 -9999 -9999 -9999 -9999 -9999 3.59379613409749 2.4573107157661 4.39555348315159 7.07704062255848 5.81902437603015 4.72466595072274 5.92198055205955 5.91097630810376 2.9162280280524 2.34144657397247 4.6278005399634 6.10169967443838 8.79623474739661 11.6977426637058 10.9292576894579 7.75391581069447 4.35951376090151 2.71827392719812 3.49800321247196 2.51038864548854 4.27714637355346 5.58908644548039 2.78711476142772 4.2065679331263 7.21052643257512 8.24854804035532 5.83290816638884 4.31275428545214 5.33214382908921 2.93583480862061 2.26879594048443 4.8420573392638 6.32119290572129 4.4689561234324 2.59792885328871 3.6343638555762 2.87737068160584 5.15444682042974
-9999 -9999 -9999 -9999 -9999 -9999 -9999 -9999 7.03267923198217 5.59145757854444 6.78470770425925 7.77098502457149 5.01868603039765 3.43214415659448 5.12627286473989 3.38996383443084 3.20281652366471 1.73262128690083 4.47407457445927 7.83402342421217 10.6846865399738 12.9703597774096 11.4131998014498 8.27792411158823 5.49055088290343 3.52626969974959 4.97969498497247 3.36131291717837 2.44249905563176 5.26843620178217 4.79118495763508 4.74106187599292 4.55728577979878 6.31562240876516 8.10919073386007 7.67315759553091 5.99929182581278 2.87433790547515 2.41957824493351 2.57204018695943 4.6723973537139 2.52099616923764 3.96225653934928 3.69827397629867 2.53241922248844 4.92058758917365
-9999 -9999 -9999 -9999 -9999 -9999 -9999 11.4082984601523 9.77348566668454 8.98708561240478 9.53028152957333 8.00753511360118 4.79713888080397 3.09210371899357 5.04163861952254 3.57774394340339 3.73550537634807 1.92354504546725 4.50049823840482 7.66512935398181 10.4271247176517 12.7318408414743 12.4645015616498 10.0457430911428 7.99818346609141 6.6294718700365 7.38630754707318 6.33641603867105 5.16414640288464 6.40525961276639 7.10481523344541 3.98234625473298 2.16098494055022 5.01287163184023 8.29129201717631 9.7928233137563 7.55599896540786 5.55083076566412 5.53132037905087 4.38228626133499 5.65020243405227 4.29364655588161 3.42779769403498 2.74396887200782 2.53070061469084 3.49253034559352
-9999 -9999 -9999 -9999 -9999 -9999 15.2085185960169 14.0456617421821 12.6685834201243 12.1521204637488 11.8394131355978 9.50251589521755 7.28769468214915 6.38428020891267 6.65761288958275 6.11187113550065 5.22916345080299 2.34495960506267 3.09289385610252 5.76803337479445 8.31487010373168 10.9186878661442 13.020718253204 11.7282199218048 10.089066710638 9.41575837495234 9.84057692827766 9.04742550411506 8.3335997450688 8.37169669368004 7.44925749132052 5.41685105491841 4.18634835893852 5.52523531159711 7.98309364301784 8.98633662025946 8.85544317323808 8.81285098870097 8.43240915493723 7.84016526164572 7.20915058597641 4.39937347408916 2.29341920645296 3.22687367801296 2.42038887555361 2.96859920258183
-9999 -9999 -9999 -9999 -9999 -9999 17.5903206411429 16.4391577436568 15.4819432702202 15.0474872355637 13.7845433162148 11.6482167410471 9.34816168207356 6.63981529498822 4.27446075863548 3.72219320175093 5.45800603062926 3.77635902066317 1.70928626191335 3.38080582000145 6.45682901928803 9.57108627410456 11.9794719778278 10.3515224161417 8.43523684904854 7.67827939694576 8.6831402356863 10.4661468695945 9.89020876832192 7.1625532777797 4.6528363231578 4.57488301268378 3.17855241005958 3.31849529871427 6.19676438167246 5.50225248309238 5.93129644376008 7.47400444333873 9.70418686164556 10.4230828028448 8.12163215620175 4.71743884698189 2.19930286800937 2.13231124503849 2.48775948769517 1.85114339673576
-9999 -9999 -9999 -9999 -9999 20.9902196567091 19.9690867616252 18.7867239443233 18.0375655908108 17.2945364691551 15.0953498601685 12.3243751202786 9.27970536273049 5.94812321616975 2.89037671955679 2.89680296612506 5.62368019587269 5.7055167649765 3.13231223251447 1.96000794762299 5.32590865839309 9.06875588459603 11.3240824998614 8.798746433041 5.70794864205205 4.19611547791728 6.02918435134031 9.07609684596095 9.66408312464639 6.44191681857792 3.45702054316415 3.32773847773765 3.09498121171475 3.30446577787556 4.37292773541479 2.30644831982526 2.60591424516121 5.23735392646467 8.46438750401828 10.7981307300163 9.0935117129501 5.74355136236195 3.28560883585887 1.70589073487961 2.32661223604945 2.82717476881931
-9999 -9999 -9999 -9999 -9999 19.7514585324308 20.9795776856676 20.9560540697637 20.0399572788236 18.0527771639095 15.5528323208765 12.9270916736454 10.1856698144154 7.59268476748309 5.86613726663107 6.16575409260926 7.69774024706171 7.74076119315123 4.4945848765484 1.76812878180482 3.9117877008685 6.89986990489426 9.71060438072296 7.97846793237587 4.5992109477192 2.54302062960841 5.1251708933617 8.5599174950753 10.2744475338825 7.92378519709717 5.91408423468209 5.74842858671458 3.7691529506213 3.46629181887981 4.38848275717899 3.11707851028901 3.11275551417041 5.29337839344834 8.39935699229605 9.52853032096077 7.76752179424114 6.66254015043977 5.50891664914495 3.05992430841428 2.42876381837853 5.13474362049771
-9999 -9999 -9999 -9999 -9999 18.178009328684 19.3235746744408 20.8041205221695 19.9345106551452 17.5865002370335 15.0613726121442 12.390953750817 9.69430496272393 7.22827921824425 6.03194832470014 7.03895377737043 9.24582326422927 8.99000103287239 6.04682960368515 3.0909709184122 2.42173027080712 5.58900171113848 8.07946935529704 8.78642277125951 6.51288231127863 5.54433866648231 6.78554667468716 8.54142990836976 8.65643514672444 9.20002832132296 8.31583470542096 6.87097128415866 5.02765131465849 3.07131772183921 4.91323666898497 6.5177546823096 6.46829167730472 7.66490700690543 9.23301345734604 7.29015576461718 4.86749247391367 3.42879320025486 5.51181626500005 6.43019244289213 5.93717295545107 7.36526890147289
-9999 -9999 -9999 -9999 -9999 15.8590791116256 17.4773429460081 19.2151271248898 19.4579283557742 17.1542426073555 14.4632347460572 11.583640229619 8.48046675018806 5.14084499003304 2.73846944125166 4.88313172244319 8.23429449695484 10.1783172939655 8.02798706438656 5.41137761560831 3.76706551849659 3.39966365739968 5.82941183137276 8.87983898406289 9.4101133846966 8.89041332374469 8.12245865061285 6.08123777316986 5.55561383376261 6.67758071801637 6.96408638980419 4.35955913921396 2.9837481952267 2.13839364175078 4.7546764255541 8.18318419892344 9.92901054491232 10.4996488135716 9.33150996682526 6.05350553289288 2.81352822376663 2.81789733180674 5.51339805508619 8.41185354700111 9.49129173413161 8.58972746027168
-9999 -9999 -9999 -9999 -9999 13.7503838764567 15.7775142095115 17.8589480292261 18.1482726217884 16.3558152165397 14.3612067392739 11.8194818276544 8.796458685061 5.76397443320605 3.85221802221368 5.51214053515124 7.83744135192695 8.53175340798945 9.24266619838428 7.42012646102456 3.96666300178357 1.92947186917281 4.99837734517863 8.86318059848221 11.5325261950341 10.6487947946305 7.50513661537487 4.11125542269961 2.65197277279068 3.48307525257052 4.90949132083318 4.43980190752679 2.67721603266865 3.27189341802297 5.94058362556497 8.69607701047876 9.6534701801007 9.72441486088509 8.87865563323753 6.98881733536332 4.92685769172973 5.70310587605419 7.59234495066198 9.63570305291099 10.3474819926233 8.89062047926106
-9999 -9999 -9999 -9999 -9999 11.8816648333588 14.4711785070718 16.8284733140855 16.6902536393642 14.4993302445658 12.4573514322978 10.8509154235303 9.61651527420766 8.2359223616576 7.35630237662463 7.12753257122042 5.33064111056225 5.24198664829142 7.57546382782975 8.29081966512238 5.49877140360988 4.2222768172643 6.14519247019095 9.55947796070012 11.7954688450834 11.2029104311967 8.10882826520804 5.46802841936313 4.35854660501317 3.20841400849667 4.81950955176273 6.42660724194615 3.81646648321808 2.31837338918925 4.62401277151397 6.12602105821133 6.32398909264445 6.69104142998403 5.6614925024168 6.82764834054216 6.90523222741232 7.50453192693447 8.61965363639347 7.69532804857303 6.99219904523633 6.66670399738885
-9999 -9999 -9999 -9999 -9999 10.7884401525893 13.628996152909 16.2209017425952 15.445918967376 12.9203065598099 10.240633542666 7.95341735817334 6.83408217429032 7.52910615107218 8.9663968720159 6.73019516150517 3.31459370989944 3.19855202520524 6.55968012299639 9.35593118279627 8.14976407245783 6.88544403210932 6.81548208254658 8.36861498383788 10.5224096636456 11.2705912401244 8.43384190155072 6.09408321043074 5.01743242725191 5.8988242326548 6.17815603921949 6.58491499715436 4.70246512945713 1.78839229296059 2.61051586954916 2.74741934765437 3.1466875533336 4.20787815337783 2.49179522046109 3.80344324691064 3.70824647953837 4.71333179525035 5.38734478885636 4.73422800378021 3.30355089874987 2.99822589016848
-9999 -9999 -9999 -9999 -9999 10.6688387601479 12.9174366938002 14.964338061258 14.6974349560277 11.8433225729192 8.77649319538582 5.5778560831487 3.2568637322693 4.81878470082422 7.94388967582116 7.7648237043732 5.45723501061601 5.37983383509694 7.63811726831887 9.94161866368137 7.83753744795087 4.86240591334943 3.736877491506 6.14238712393969 8.41025104097073 9.1252692995807 7.60083024191392 4.05362559492929 2.18124185747809 4.86053472490372 3.34333150577856 4.04172939532329 5.60637382452619 3.43637541330599 2.83258773149572 1.92913458539383 2.165195396913 2.24181793708607 2.20674016538408 2.15333126361744 2.14099119793342 1.8768098143153 2.44114711917545 1.92797369661597 2.02812929452855 2.45628425508985
