IBR/IBR_outputs/all.combrep_1/EucDistWater_Total.FireFreq_2000_2008_Total.Spinifex_Total.WeatheringIndex_Total/EucDistWater_Total.FireFreq_2000_2008_Total.Spinifex_Total.WeatheringIndex_Total.asc
NCOLS 160 
NROWS 95 
XLLCORNER 210004.651214014 
YLLCORNER 7350008.22228844 
CELLSIZE 4999.99999999997 
NODATA_value -9999 
[rows 21 to 41 of 95, columns 92 to 137 of 160]
6.14190157948246 3.79000868541514 2.99043209909389 2.7100360605086 5.73292721514252 9.01900051445512 11.6991430007635 9.35262621659172 6.09026746799439 2.92888119223483 3.26485196190781 6.03010671178968 4.66952309617771 2.07748299591215 1.67110185437459 3.64851699091346 6.48535736301044 4.84101733531368 3.1978858090552 1.42701727820383 1 2.99228042347752 5.33117041512523 3.94134976536837 2.33121208631193 2.20188410535229 2.08651254918084 1.89195978856856 1.83338717889061 1.93508265837252 1.82291425150519 3.62241638095836 3.45838860842874 1.51956067701414 2.4606620025821 1.76066961236106 2.93503601760733 5.7415279230984 7.49236572166439 6.88868303891319 7.45616302990792 9.33402141180272 10.2636019619141 11.197858096709 12.8174762749948 14.7301903342924
5.18184386445148 2.70276863125621 2.1685600451608 2.62780941769511 5.40413076495877 8.65548523151928 11.55211633935 10.3521764596791 7.73185219410603 5.92393249053973 6.05874608626626 5.49321902283545 2.58816705689667 2.09572517876935 1.86042898873945 4.0576735735726 7.52205457081106 7.81417843553679 5.60732456715137 2.54508818150616 1.20189924716209 2.00472170461572 4.75903750508134 6.4412759822964 5.50838591227498 5.09479091129065 4.93500986858686 4.97638086852609 4.2339150545207 3.59207131479957 2.83616864983879 1.78105783443217 2.30830974001409 1.89185970052377 1.89967063233232 2.91782787860776 2.73771413288111 3.88611937223837 4.48837811776812 3.40600543519382 4.51333742903535 6.09477782096853 6.88906442871691 8.31257140596973 10.405447265707 12.5099004695218
3.82290317811206 4.45966249190894 3.15316504097706 2.75455758780899 5.58655076758119 8.68170435387024 11.6740881621926 12.1400449158812 10.0528890963935 8.3813251070688 7.36246858356662 5.90910475634557 3.6986956516865 3.89048210194971 2.00521683548745 4.30088579628991 7.84040260878004 9.24350748024965 7.3582525928712 4.73237242827462 1.92586005295796 1.2272030245548 2.73628470303137 5.21383110975285 6.23744031562405 3.45413681883311 3.24829930431031 4.83915538198919 5.59872911406641 6.03404486494419 5.49332272483512 2.99994103500486 2.4056773011106 1.99329849971185 1.71722215732433 1.7613426007214 2.00182099808478 1.77689549381592 1.78282910328612 1.59231375776843 2.00192608071084 2.40885787206464 3.30114297691387 5.3874758324026 8.03430004387028 9.59988196245374
1.64778046605738 2.25281012934821 4.14658807513169 5.96368045205579 7.34157253881348 9.73378149740416 12.2046190350136 12.2854302099618 9.44810541897468 6.73894961058241 4.480828956993 4.54392168671647 3.36764392622145 3.22363410744625 1.52835100072118 4.35234409350617 7.52571318770952 6.78055391148765 6.13316100938123 5.50352968039602 2.46128591290626 1.71656918977729 1.58790882472274 3.00333300882124 4.93350976092469 3.54653218847647 2.82088829717924 1.87623143014205 2.60788217443124 4.39361807657931 6.04892123227088 2.91967443620389 2.03485863256046 3.04911171410573 2.5744618519151 2.84640013688245 4.81399458814794 4.56546004097537 3.7009401682235 2.14121248399178 1.82013743892292 1.70818062722923 1.86344625563275 3.28369828669536 5.11142358563924 6.33239402149213
4.19068863776293 3.25365506597459 4.16885842484934 4.96533357596778 6.41892212439282 8.95112336498861 10.0590193021969 10.6705905573708 8.60027816297404 5.29785711017591 2.11008268963519 2.87093026209279 2.07293908712593 2.37606582879322 1.58657131874107 4.15436588760519 6.80179156149372 4.38445845790239 2.81927688194618 4.36474213791399 1.92531246239597 2.31133915371675 2.62881604207378 1.84661858990016 2.11429725484302 4.45759501845231 4.99722082404623 3.29594307821647 1.47242265653601 3.55087504275038 5.53721171718519 3.20475855242089 1.80571876326185 3.38872891995298 1.99483123667663 2.61091565431987 5.26155666047945 4.39419554676753 3.78884432781728 5.0029467062312 4.20200748763802 2.48696601190816 1.998636019955 1.78687054759781 2.22008548361152 3.25993941588863
5.82789710395164 6.34795548443351 4.2800458439859 1.96352504248748 4.25513417871008 6.1365884630174 6.74031854192194 7.67791529734294 7.86918213059536 6.19017108867491 4.29302107404623 3.98732655832792 2.02210732881506 2.2862282243552 1.86430604479103 4.20024827480672 6.62891741395878 4.1488325697489 1.66607964647342 3.06428418829585 2.02735605642191 4.14110441943931 3.92107902982876 1.48190652618643 2.0683148303993 4.07780979601218 6.71552613564215 4.42609583153129 2.47583483893544 2.04923309785625 3.75810752339169 2.60707799864461 1.61423774115365 1.91799794063602 2.19509849535039 1.89214925133805 3.90270936857547 3.17587828615097 2.73391767519356 5.65735178076984 6.92650259067452 4.33370897688126 1.87909276901123 1.95927239288146 3.3767251422821 1.98870674850949
4.32463540806124 6.79560986543614 5.12759352706354 2.30402577852228 2.47205147214954 2.62913290317536 3.45940331342574 4.19457233989556 5.23960534158291 5.50614094314081 5.4436732030357 5.82608072247679 4.87879782434978 3.73294973255561 1.5211152034087 3.99651259170682 5.13608545349476 4.04015815856281 2.92274836548692 3.68594342266187 1.66470412811456 2.28220542384125 2.73924655887503 2.06037566657251 1.54935351983292 4.08371588102027 6.83114597475482 6.95437973423462 5.80183757272591 4.36504128233986 2.68172467906283 2.50733741861021 1.43847362788863 1.65262760878201 2.76056500763491 1.83225248798844 1.97866149805616 3.181472474722 1.9582026605585 4.48623321872617 7.33779253420482 5.48141329117546 2.23404439314867 1.99859475102124 3.60772140136945 4.26470301532641
2.25700999408558 4.83676081147551 5.77644709498529 3.98726656352859 1.88355921932119 1.66742310199259 1.65431515121632 2.00069859825791 2.95733521955526 2.57213715769175 3.1466988343009 6.28974736179733 6.80872554278314 3.58425120125237 1.44657199251712 1.89397786412435 2.29972985163363 2.12811026818599 2.48612877828989 2.81395281471997 1.56555454805161 1.73030318926787 2.21702766916811 1.8810848032569 1.85178456084207 2.27171949436098 5.39008483702606 8.50681280483693 8.46475973599764 6.77285010331652 4.76110189481246 4.31037444677199 1.96067167479261 1.37965285595934 1.85427778327203 2.12637480474349 3.72184246061668 4.83261712222148 3.58870456442095 5.29665633397938 6.74222762432865 4.85731370533005 2.14719782291002 2.70245249065991 4.71006217530879 6.02584025685353
1.30705066661693 2.03942168789944 3.09735097409155 4.0723881706956 2.13342586677538 2.9576068531319 2.95641457083286 2.39261425699265 2.3035447733009 2.31335693060328 3.52997928871105 4.47421306008534 6.16041923501676 3.68585870454481 1.78921452105233 2.50408444649061 1.61510863264931 2.08095900899977 2.44888038510956 1.88177284584714 2.11242606313008 1.45546691315453 2.22648947580786 1.88141551207402 2.63008398605819 2.11575677274885 4.70135003073598 7.13901343029687 6.75000672243899 4.53100708921692 3.9021695904132 3.75813994579308 2.92172303421944 3.42104745931337 1.5928503064157 1.61592253012141 3.18177776401148 5.25447738310137 5.70966234869819 6.0472897503592 4.0379921757297 3.00975017931018 2.23629950763658 3.4392612442495 4.97896635020279 6.3919009589504
3.86128775449388 1.85447556844377 1.69701009783885 1.90414924496162 4.20309994118688 5.36225727182268 5.81882343797576 4.36828113821539 4.959258208709 4.71527714767598 2.71676686160185 2.59961860611761 4.47984325236936 2.83972447115806 3.32867912255616 5.07280348886079 2.9259122672865 1.66192883194912 1.56891026092147 3.13772296068829 2.2617983201457 1.7217547080224 1.90045314619897 2.13578304837222 4.07368986124262 2.40107755217465 2.93325903936869 3.84911195549771 4.68097487484424 2.13441644404094 1.49485711783462 2.13286089784697 1.89901006562043 2.28431456161705 1.74168966680796 1.70804378484304 1.70165584443319 2.53500098326374 2.83964631008111 3.6079322054625 2.23430687640078 1.66182070298147 3.64739271934915 4.03798538131296 3.80089767924674 6.31932198726853
6.38231166304726 3.35657017616652 2.41651350668531 3.54588484509727 3.90430227634734 3.28830105842196 5.82848262626524 6.41504803873737 5.84035499364269 4.0142691221805 1.83256629191799 3.48008533755772 2.29238283195528 1.29364217546767 2.73641562707398 4.33979338214246 3.03852954721673 1.64451902214981 1.45067571126772 1.60092360954272 2.286808761046 1.71835986296823 1.94216381223012 2.16289184680281 4.40172693140892 2.1906889862999 2.13516670765896 2.03253799395326 2.46042231718086 2.8700581095951 1.99167289186714 1.92424471096326 1.89244483124335 2.57838699221929 1.6978016408355 2.65219658053253 2.37536037878287 1.8157392545249 2.3427162367972 1.84956872857363 1.51469835371428 2.62389947519872 5.54155472776735 5.12433947858324 4.90767044166978 6.19573612129782
4.68779189958042 4.61674770860508 2.93616781041587 2.15247880115077 3.65408230819149 2.80121448198961 2.75312035679893 4.03557179767942 3.02054260069963 2.46972177637023 1.59594777208803 2.35370384943443 2.61763063878895 1.5687235929721 1.48298600811791 2.14727323142875 3.36006058928905 1.81579391430029 2.15512817040047 1.74617100199197 2.3347381692445 1.42795420925997 2.05526886896168 2.75288606092589 4.20529313114517 1.85515342497595 1.75861392949402 1.59647816742188 1.37428443213119 1.50983143532743 1.41188861957907 2.19710532018857 2.68200222993753 2.51240221531693 1.79667315980622 3.74993575223293 2.92701843069307 2.4126082875715 4.53468191193429 2.62965908520402 2.07422338706483 3.46028402747647 6.7790683648586 7.80327605818885 8.10547332066163 6.12423331015508
2.21441633524376 4.03621050444395 4.49477487555659 1.79524310792369 2.87808033047198 2.55310511276685 2.51849127933434 3.27103555179378 1.72187832152548 1.67022286016082 1.19899756044 2.28836895765425 2.61264978115066 1.92383151713905 2.2543674593718 2.35462330744629 2.75457158652367 3.15455201780962 1.69982371449681 1.86546531437811 2.57156113372989 1.72904091467373 1.61036281796996 3.00366529097372 2.35557955081271 1.67060399595901 1.95753859604937 2.17305847859032 2.07651416648431 2.52668748117858 2.65715470494997 2.03670708536226 1.60719404047736 1.99412526004288 3.05629835612278 4.12016104631744 4.86538138002241 4.38395341288124 2.75147834354859 1.97573340797529 2.6133953920693 2.80134704742102 5.51252287377009 5.9404674510003 7.65193494413379 5.92214206054635
4.46398974023151 4.01910568512323 4.19717836798219 2.27489021105786 1.79977393945791 2.76817961849111 1.98499285068865 3.23380931112324 2.98406880605458 2.39049518626709 2.95003726150124 1.86704656383228 1.96646496065579 1.61982789265672 1.8476754343541 2.8690249650261 2.80252372504183 2.23074759901167 1.74166108712474 3.35906209962272 3.31555712471927 1.71240200853148 1.89191689923144 4.42641939558001 3.89070150350121 3.7596853801481 3.43010582352539 4.20875660584547 2.25992371676131 2.50178028463497 3.77034969754802 2.21116384103359 2.5102543735759 1.8582218085836 2.82826891776331 2.22532876873686 4.24545107124142 4.5608352682223 1.89839530935188 2.07171292092686 4.34553158966575 4.10123019590725 3.97638829401535 2.71248267405608 4.39439897419352 6.26591775707593
4.54058894985713 2.32958692749629 2.39680448851864 2.36842701469683 1.31946050114285 2.84072966651955 2.26509883188881 3.93364951173268 2.46494849113955 2.4681713923333 3.28780656671636 2.20978290030276 1.40938179544511 2.09708972294063 2.22012807800567 3.77965301104743 4.00145187503746 3.24901178586602 3.33181420632868 3.06881766154292 1.93981866921374 1.51265383270034 2.15389767918765 4.56243205673576 3.13856219804616 2.47183694518297 1.89590835677521 2.74932799284732 2.5315041476783 1.9100072222006 2.36305417478635 2.85663805374048 4.88457062747536 3.85083821611027 4.27335492386457 3.53042226944153 1.94563859531338 2.93718760692008 1.71331778196652 3.23323871370883 3.55051619816425 5.59581369434917 4.34911152044042 2.33578670698452 3.73072655893789 3.70045318269516
5.12908071599697 3.28974389865767 2.43848390358708 3.41266390561946 1.84410747997689 1.78397704606052 2.3411411084974 3.28060791726711 3.11534492858088 2.33865438593875 2.21740546507385 1.9973938519573 2.19621704002918 2.273296273431 1.73534564715822 2.33341851502467 2.87447189157915 1.57521247471227 2.37225156675391 1.6011838992028 2.45734775132718 1.79604397949324 1.60419331492047 2.70354334626035 4.24882105580667 3.8422556397308 2.12880145329807 2.47405393940663 2.91778015519581 1.38320108026545 2.41996454675729 4.50401543590521 5.19883537711082 4.78208010964151 2.79408874240327 2.23795286915913 2.53650017359118 1.57358330826438 2.32784375664328 3.76088676604412 2.68396228062016 5.24109919503223 4.523001685373 2.56192030397152 3.93648958440972 2.03135584145458
7.36176209803055 5.84640778558139 5.11091594198838 3.16923915757547 2.19355040763259 2.15117881930564 1.80857837859676 2.06253069947631 4.65503099971281 3.79347343102204 3.404136115418 4.01440273938966 2.85133751212078 2.22552599762236 1.94159063436396 1.77329098615807 1.91872427553876 2.01010614521311 2.48095509244629 3.00952937971709 1.62066625118572 2.41093341400962 2.26039720780754 2.45172346000418 2.84203980404955 4.41437701829107 4.22100656859903 3.39785327343272 2.97107023980939 2.84839116307817 4.75302728701946 5.67427505251397 2.6216576431158 3.25144583874116 1.77733344129222 1.11376659313319 1.46953777241927 1.89719191670381 1.66599238440362 4.40201701744049 3.96904928301601 3.50751867388956 3.76577646160567 2.70013207017202 2.68843195422056 2.51388081062454
9.90919487985322 8.62009761939121 6.71239955447407 4.05293394584295 3.55034565208966 4.13028242948876 2.18392669137526 2.21081918971984 5.247735586534 6.08248480509967 3.61852527343362 1.90944657293297 1.37269327066074 2.3854739675804 2.90821661129342 1.91744051292517 2.10227431671079 1.9073001450984 2.53634399737837 3.62215646322954 1.61726053553487 2.63811146703805 1.91319240805092 3.16904455079836 2.07740670137842 2.25643737922676 5.03294674812087 3.9778325065652 2.2483576360173 3.47739666214948 3.99861457795732 5.99693735073156 4.51513808821427 3.86615216754133 1.69065331171534 1.93393523977067 3.40597247431335 3.0178128772202 2.87696267287588 4.98895146626416 3.25463005824368 1.62655012107854 1.81844463058696 2.1404516005232 1.75959060998168 2.09178844438315
9.51490496178822 7.61903782009728 5.17573207478453 4.56852326719446 6.02749655479484 5.09500542283512 2.2025761193052 3.35141883294564 3.46002814335655 5.41880242588282 4.18297429274254 2.47778380603014 1.99672081943926 2.41657341021339 2.46227456870367 1.93610470915353 3.62147793170821 3.01064122506291 1.98696764196474 3.92716336160279 3.00049113447889 1.82643183513712 1.55862975955324 1.64221801976827 2.8381964021265 3.50758537956945 5.45809607807296 3.40054672435401 2.34573896829417 2.98875555335397 3.45340463370046 4.91067401581491 4.75655654759113 2.78158769196963 1.88933557559317 1.85540179781586 2.22944117470603 2.15558610949024 2.67652469693406 2.65752833269329 4.96602815529794 4.44973234978477 3.7269630575056 2.31047033638593 2.63124355386008 2.70959824992266
7.9753534748582 6.86594312749837 3.26116130676188 2.11680585751681 5.36691654980709 6.76933340108482 5.25230039167896 3.61562355754096 2.04306452644939 3.93142687807086 3.44810259966471 2.19757354688299 2.00376171020851 3.30634874449614 2.90040612857749 2.38978392571837 2.27424420595972 4.31542103870737 2.80366314556097 3.62048578143413 5.34600459764339 4.14332838104453 2.02799764147464 2.38869631496402 1.42483688567383 3.32127512915719 5.44952210625505 4.2401062874715 2.60450555427346 1.67426767019844 2.6877625703907 1.99887124344576 1.90209037003613 1.86843841935972 2.28114243255647 1.76772852611356 2.24036457852839 2.78341042116367 1.58766429394775 2.51331904990123 4.5260159355164 4.97795852258695 3.40557925764743 2.50219305111072 2.14099653171322 3.12926371600961
5.29982577684875 6.9170364658928 4.18820741862982 2.5974976145304 5.2864804939944 7.87974472422526 7.69235924095213 5.23343988871353 2.82780405307034 2.22375115167417 1.51638858682459 1.98266050342912 1.95228617629978 1.95021132634413 1.86042651226763 1.24163964974825 1.11345570359957 2.55505819561264 3.75580118839006 2.63286976714707 3.77180139999881 2.49369044663411 2.857924434455 4.05558639690893 3.14371193059577 1.52406287310161 2.67602463867941 3.14517461154804 3.84613392956492 3.98970112529399 3.22479593838689 1.87672754371696 3.11163637664961 3.47480227742137 1.87185405867308 1.40022017742318 3.68271695034643 2.85692395892955 1.77066940457153 2.3915198916587 4.23134387763354 3.34337788730754 1.25222738206872 1.71428572518159 2.85570068802942 3.54304950178217
