IBR/IBR_outputs/all.combrep_1/EucDistWater_Total.FireFreq_2000_2008_Total.Spinifex_Total.WeatheringIndex_Total/EucDistWater_Total.FireFreq_2000_2008_Total.Spinifex_Total.WeatheringIndex_Total.asc
NCOLS 160 
NROWS 95 
XLLCORNER 210004.651214014 
YLLCORNER 7350008.22228844 
CELLSIZE 4999.99999999997 
NODATA_value -9999 
[rows 42 to 62 of 95, columns 46 to 91 of 160]
3.27296507392593 2.31511662939203 3.09081113468707 2.48147436585843 2.31719994173137 2.88334836517669 1.94429856762886 2.11487607357147 3.45309050575232 4.24108844474819 3.84158411702621 4.27060444586542 3.33862332774925 2.03338889069683 2.52942341494029 6.02750862607264 9.35831505853474 9.28774051918784 8.55985560188842 8.56452760531589 6.33478179683553 3.88666393787564 2.9341999012635 1.7457063591125 2.31457111579788 2.10525838601518 4.47695382936182 3.12995969187614 2.07259794960245 3.12115529794773 2.17150838251979 4.17934249746693 2.96218726541563 1.68368705436785 2.10765262353568 3.42897667223201 2.43356074919937 1.35236132084072 1.90849161848468 2.50237745503844 2.05600691726725 5.09885820463697 6.86583671909627 4.71866116506641 2.8196670337515 1.82908078609427
4.71827176027464 4.52632762261422 3.62481911393717 2.24985311900801 3.99831988664231 2.86534277715288 3.83636411507837 4.49056476957143 6.02732441916932 7.82619436878623 7.46711766142332 7.56806954263197 6.05296809913657 4.41494028890653 3.04453150533275 5.76582641980479 7.43280631668272 8.24527404002936 6.81697719170285 6.39170127655309 7.78507438352501 7.16043851137352 4.33951900236132 3.00059887764627 4.34369909761396 4.19634804499006 5.32079495357442 3.3643630899959 2.89969570976649 2.66281393959031 2.53981423190925 2.96653087655085 1.70748744625433 1.23750760490003 1.82808824685575 4.17839271819483 3.43151307144315 1.52437407061818 2.27921598193359 1.23395350109327 4.07306836194104 5.66771521633096 6.34626905347702 5.55538429686144 2.95647117422329 2.14081328995148
2.15027628469122 2.20120344477279 2.06145826180916 1.89761780529238 4.17002548809946 5.77936921887168 6.39654632556359 7.34954020430581 8.85552952517995 8.27711019743347 6.92023584319915 7.58380246222534 8.68308076502781 7.45428698269745 6.46167392788074 5.21697265946449 3.76948867305989 5.18957406075653 3.3803946627792 3.96719390821273 7.00266451735818 7.4185195918707 4.4111046915855 2.30555812086465 2.13707717715475 2.77705940949352 4.45000657076954 3.01255906479604 4.64581069689772 3.89543601082059 2.45845897701739 2.70153550947101 1.79932334497052 1.95309248967223 2.76301257844593 3.86931330564947 2.67199249992717 2.06843325991501 1.84904252537115 1.89587376567393 4.79844896273671 3.60182851231579 3.23382460956713 5.92904325103722 5.18359335070757 2.27221464077488
3.25666344198872 3.1899501824218 2.07127180076024 1.80369541432227 3.57481461592844 4.72759405976275 4.67720436090983 5.39590545440132 7.80300443368761 6.6779389618253 3.31291188186821 4.19460990400366 7.76918054767251 9.96505265334652 8.21405839430467 4.88210375403158 2.7652495197442 2.92238156706498 3.79414080296515 4.36478032184127 5.1566158587987 5.46393680860158 6.00480164631318 5.33961706640909 4.09479312022392 3.76299603236689 4.60776926395877 2.30543530822589 3.65756158011401 5.81237226607269 4.63487216879403 1.70110955569497 2.10523428674208 1.68846915201151 2.15460850411601 2.030203565309 2.40514444687188 3.48260940814911 1.9885574400896 3.91012823897354 3.0227581021249 2.78782804621561 3.06709910298709 4.88468354860015 4.6932559211135 2.0221453555452
6.83390755347264 6.2869771834493 4.38287409193301 2.44474818692085 1.83329516287083 2.16321610896235 2.66548824913185 3.97270332286713 5.45366440813401 5.23608568655546 3.76503889254016 4.54185143263526 7.45373011665569 9.30351599431469 8.7613351076188 7.24611235037208 5.42465006144065 4.77750540546407 5.77276160247473 3.51876862298738 2.35808075412439 2.32351746637549 2.71767544954587 4.68283272405868 6.42250435444085 7.29587164215751 6.4958371947447 3.45654822151762 2.30361040116609 4.70407482134084 3.45560592710296 2.06307582482671 2.06318118715705 1.71424215594705 1.80995824114896 1.86114465941963 2.53550061191893 4.27904573887275 2.73779654375709 3.13147760651855 1.65387715154547 2.41918993799574 3.40519750887661 1.93100654684553 2.09883116689017 2.03349389939047
6.49952689989561 4.80297031953435 4.56934113167166 5.73942392766681 5.1251505937112 3.53504780632925 3.93408909943374 4.38215108215017 2.5260840415101 3.57464123880325 5.24251542995033 5.10734339198247 6.80412152437423 7.17723031746035 5.11967052065612 5.35858201461392 7.58562053825477 8.39991939514535 6.98471125414045 4.37760494080413 4.26438631598947 4.51865963798913 3.07406429472718 2.09043044529282 3.78943546429327 5.25847906975663 5.48947163342716 4.01887910129898 2.67873392702844 3.46754545053016 4.39044332882611 4.33260885768504 4.67383713574788 2.27406546718073 3.12570918260452 4.43575242922656 3.60748986907553 2.74901493317837 2.43732041627976 1.24846309049304 2.72452834559792 4.04465677111791 3.12399563844109 1.70619830848711 1.96434465686448 2.97921369610766
4.66208417231717 2.55945074362892 2.62568936006699 5.66445531313825 7.91725022264241 5.84897705109895 2.39558553779746 3.36554918138714 2.9667486541923 2.02988639016273 3.69652481929335 2.74781186415676 5.57286813617222 5.61068616931285 2.67343072069939 3.38488054489396 6.98107427224625 9.86251025777919 8.44847483829321 6.98100702690013 7.48323150301674 7.87802896303732 5.87977085919541 3.77402080586833 2.84550200367832 2.14543758283275 3.27088925290862 4.011737469366 2.15049158667051 3.22557898464895 6.00316832877989 7.72518039786568 6.44564137917645 3.38995217262454 2.28428968496785 4.23925384413261 3.41490790550645 2.76138109130795 2.06056555634716 1.49802124831982 2.89680154818704 2.42151066133618 2.18183371707209 1.79297833821715 2.59962348147119 3.00307406090952
5.20180176805473 4.68685721120272 2.6763651834545 4.52211718125162 7.84105117703742 5.89614358077134 2.29792900463061 2.82187386322727 3.24669190486553 2.99543947576426 3.88587617464766 4.0656283976594 5.62799148112068 3.52506758672401 3.28975461651659 5.42098097132686 7.59827026523238 10.4607995829298 10.6476002834841 9.47482360659787 9.43758054954164 9.84275286202104 8.34710886220308 7.09499075477135 5.80456682534221 5.07635884981074 5.13987987890968 5.98923275174686 5.27184398582314 6.3639433891468 8.14968930161984 9.62551485942244 7.16500837912331 4.27288881506117 2.89776391362914 1.85894718753032 2.36112187861384 3.95112828062625 3.99166543279012 2.23849954070008 4.0817847085624 3.85496707725037 2.02507748939313 1.67937731016272 1.98608556667678 2.3341469715297
7.11394504476505 6.30658310003597 4.41974793809977 4.90395297734036 7.17438509027651 6.30871442459205 3.44618912136323 1.9038082865114 2.45669569470527 3.39362305057163 1.58391838114263 2.69076708937435 4.8474157254715 3.58327306171115 3.38474091108338 5.96181140837992 7.9942781669001 10.522419038669 9.49776225237902 7.26596680670078 7.03263456639182 8.52441112028536 10.1923473502635 9.70457980837266 8.49663526707703 8.08466364244502 8.03321293315842 8.11872924829346 7.77788913537855 8.78093886393375 10.321406606348 9.36754659048155 6.65318912284974 4.87017304749497 2.78808539182188 3.61099760103172 5.27304568355455 6.79940903776086 5.76354639762833 2.83585028872481 4.29449613128914 5.819629706591 3.44330539952125 2.72770075558253 2.09988906366506 2.00332050819589
5.44053932112287 5.17474313682761 3.62175966234371 2.62470235785988 4.85125441658689 3.93195973406921 2.88239761818057 3.04155903868426 2.24821623653685 2.89597081434559 1.93296891429191 2.84148779339787 3.53629052953244 2.59089805892378 2.9068737382226 3.28935247733859 7.30974596286452 9.76914840573665 7.5591659568148 4.26865048338094 3.70633472789906 6.29080084393786 9.3537609484936 9.48784901287973 6.94195452291719 6.02960393066182 6.77172045117318 6.49257621741867 5.82094597159639 7.73843200462191 10.0169991291674 8.46389189369322 5.43128965798697 2.47105556684098 4.39612347525272 6.30281539711827 8.08806859128973 8.85099319323467 7.43342143902738 5.82066950470321 6.60874029012015 6.38054102696097 3.88927770582845 3.26552696265625 2.6965795348326 2.7096330089004
3.18818205161904 2.66207946957754 3.31918577244012 2.88366135401915 3.31353222723739 3.19687052725384 4.35018782530162 4.94962002587345 2.50159236579842 2.59190826288079 2.88694772081068 2.60868444590381 3.1259738399588 2.93098421233357 3.8457081875383 4.60603208007754 6.01651534130855 7.26651513119829 7.12240299737082 3.83881193097934 2.94748262380777 5.97057174472133 9.40794585300072 8.26903159466873 5.24140036955973 3.03301778336653 4.84199288211859 3.87490730789055 3.23000565586643 5.99390794115661 9.2352152426093 9.16206541881883 6.87741972196977 4.79300265573675 6.23321563198029 8.28533182105084 7.64844818184173 7.20530114957226 8.38144190204908 9.32661919251829 8.80147221629758 5.62299339566068 2.38679889823638 2.28549410734795 2.93477204620894 2.12013529772797
3.3468882505033 3.26905227717787 5.1532666604413 3.70844321590224 2.32023587931762 2.61112443280704 2.96888969319697 2.90571027899417 2.13036444584365 3.08460432713769 1.86227068254384 3.91021443651395 4.6731309767493 5.31133815414449 6.89298438269876 4.8947289608368 2.71956201348408 5.11857781440984 7.51542496167622 6.4271361303686 5.92669173945284 7.68864311750984 10.1967418588061 8.4335753008493 5.48102893203352 3.69768902253901 3.03070978857306 3.668892431036 4.61271118406643 6.53690980955929 9.57247435829358 10.5197470166951 9.11248945285907 8.29054090012364 8.87308546614098 7.83931838279106 4.68785179737624 3.46897855912525 6.0426719902775 9.1502478273909 9.70380591134406 7.05680603919659 4.93299821839611 5.05284439895409 5.30415808907786 4.50945763452693
3.68284083274746 2.41960647362732 4.44231974196059 6.01484139989769 4.3245051742864 3.58877882344577 3.82632081367756 2.04978983834272 2.7857406261358 3.49458830725203 3.602787476998 3.4644117660654 6.4813477119858 8.44795578019373 8.51132595005942 5.63007625097868 4.3485520717074 6.0609093427881 9.08677593951656 9.57617753839301 9.17433885596755 10.2854318075567 11.7373044037347 9.81208802153458 7.73460213734081 5.21397082268718 3.35911842413097 4.0699987971292 4.18677515196139 6.5081288669548 9.46826403969526 11.9782197600872 12.1812972241461 11.5865527350354 10.8930598851302 7.78048652912716 4.69536701406458 3.22555797532464 5.83846179119441 9.04607144577578 8.99083568652635 5.77654239584639 3.10359409987855 4.81089409384794 7.8377961586843 8.30108558284724
4.48229651306985 5.00685146369669 6.33069041530022 7.56788277262489 4.56698212938709 2.58404703035412 4.16352984099894 2.10186593114167 3.14965076787012 5.51032141460421 3.83249796207895 4.42521952219246 7.03721614621079 7.27061384135059 5.7662988123899 5.590890606747 6.4496607117306 8.21472491731736 10.3508512130485 11.5237174935015 10.6382436105734 10.7707995351871 10.9676955022606 10.8998551210929 9.69725194551403 7.70959081201619 6.40896170626514 3.53792062599315 2.42548524968741 5.62879186690358 9.15662456501754 12.2202795856872 14.2751881505454 14.3390215910975 12.0214615185826 9.20030780455108 7.27740262285228 6.56542352065825 7.4124008944746 8.26801765485083 8.45556824115854 5.95571348768869 3.63354837860173 4.97292878959001 7.44413273004562 6.20983043266744
6.95969516420279 7.78250931672781 8.86828278811059 9.09064538901658 6.66079899129068 5.6422514190087 5.4581550663923 2.96528641096223 2.60515190083181 4.37619732671549 3.78906662775827 4.39094276240023 5.71025321813243 5.7062239208904 2.76396368481833 2.45528029845388 4.31794212566001 7.88472704316187 9.82748811978644 8.56502207355627 7.5071177764379 7.46529128417734 7.54549459430041 7.93723585135981 8.93012018571422 10.1284114616032 8.70050289694162 6.08985653068823 5.41479731527472 7.27688995918022 10.1582705259131 12.9652850278083 15.1709720891565 13.7332475220826 11.137212608553 8.91140624898253 7.52934103333379 7.25550494674886 5.41753996162534 4.95920600490016 6.87098833186215 7.89038151318467 6.91066941348695 7.58468936263495 7.17108579698721 3.8403215512182
7.15557796989527 5.78782427854716 7.05032846113123 9.16189641321242 8.47352731472344 7.4585584818557 6.90400867508054 5.54082567578586 3.88409541257704 5.42933290457625 6.83392676723448 5.17366537996688 2.96520006602938 4.9402186938748 4.69831168035444 3.75134983878687 5.17397911318405 7.65504217356163 7.9848365332585 5.6704384308117 3.97286144024233 4.03750625938191 3.91882112999628 4.47313527415211 6.54270725310914 8.48246397998012 9.93320488466574 9.26545469263521 9.20478161098954 10.4184039707797 12.2885484153723 14.594997520208 15.4053750194194 12.5086784838162 9.70529925835226 6.61787060540249 4.40317480658806 4.72200796373431 3.40783914302179 1.89243602851082 5.42300587695303 8.84104941380195 9.94319055031695 9.93704127803827 7.90849576369808 5.08330783781595
5.3802705643858 2.60899966962218 4.6359060919426 7.91130456899193 6.46466282843024 4.38425248754542 4.43236568012253 4.88579116881355 5.59856311229911 6.0837126149866 6.15394782375866 4.38792973107664 2.25477384444067 5.06572574573447 6.66240710978093 6.82340269530226 7.48492128053756 6.41345667671895 5.25598068606832 5.16381652411539 2.62374966720082 2.7550925962326 2.12474231563704 2.67868246442439 4.35952442943749 5.74720690885972 7.69754441631667 7.09977562619479 7.9579695579546 10.1416158060083 12.8800826399996 15.3760368278486 15.9458787114272 12.2019098202402 9.00212183577356 5.81601473017682 2.55993750038965 3.36442402958365 3.50199729726771 1.42554148601164 4.36731232947257 6.52462231924358 7.46951319824859 8.05639303056164 7.43164278396176 7.35460891883359
5.95202827221637 3.7310767239407 5.04716179385475 5.98670930272697 4.28231689189361 1.72225485592057 1.6618541539676 2.06400054377174 2.60901840017852 3.09978423817857 3.04878372421878 2.89240995443093 3.648960935163 4.66855472974941 3.82684586912188 6.27745827678028 7.75587170134357 4.56043909435905 2.82128853894425 5.9634534934115 5.98391932544739 5.67455732623395 5.0298848423951 5.02893671851274 2.8413672713568 4.3000791974203 5.72483181476058 4.00962907346822 5.84246872883507 8.85322187631001 11.7334659488963 14.5615886587051 15.2254823350418 12.8800250765167 10.0700792512882 7.10043618959696 4.60326867877439 4.21179903748547 2.40353487681708 2.18908488902259 3.72233211268602 3.21532003313286 4.02604680513794 4.78272613445544 3.3493072185563 5.3678523263367
6.51100814769883 6.22173286718946 6.47645944526087 3.80910839689975 1.95584859985664 1.91885458862709 3.03175323183005 2.9295267230129 1.7728795213553 1.8363140526316 2.22349387098732 3.21563503163446 5.26846880353156 4.56472908324465 2.95512363577639 5.60013354471736 8.09941488836223 6.20780686623563 5.24422539643922 7.32807010833618 9.07169622297613 9.02713512401292 7.87424181671332 5.90589879860628 2.98836792301069 3.87731837848874 5.68152360710241 3.68247697771048 5.51393927429002 8.85796101926738 11.7217088936517 13.6411132153294 13.4527910903831 12.8034205481855 10.3028456905071 7.42312986793729 4.50256645276805 2.84608926609673 2.98490308073245 2.86013963891255 2.76272282487818 1.97358669720459 2.65033461846761 4.34898191404099 2.40225608081481 2.30051459197889
3.24562755808733 3.78278855202435 4.5464184978072 3.25143187813484 1.70429665493187 3.98677375061358 5.61102823711693 6.20727882726333 3.90658847953925 4.04438295629172 5.69237540214794 6.72222485982394 7.75705831445988 7.05501689078046 6.34137941390748 7.53280655018216 9.91676844843787 9.31678819553399 8.25887670629336 9.05815617539638 10.4143826725512 8.63801440245429 6.13251001192098 4.8278013232823 5.44499372523645 6.23268340525622 7.90764214497921 7.00748724356029 7.65289593133875 10.4974525918424 11.7880967689717 11.0766700159477 10.8282347487816 11.2640030439679 10.8612978207367 8.73023861399255 6.3459330186037 5.82486805975887 6.27580595453073 6.03905483342938 3.74881891398908 3.9095870089439 5.12319916429652 4.37563411764814 3.78555257971007 1.51908017213407
2.07395128422459 1.97194365635535 1.81022249936004 2.38769159452267 1.25324524578874 3.46044291354447 7.1410106333742 6.47491865423301 3.18659844467348 3.22688961259765 6.45878197073214 9.24538638804067 10.7964660570625 10.1545047986451 9.76472251273961 10.5130301776244 12.1902267269716 11.9885856957884 11.5515623349462 12.2796654596183 11.0132888716416 8.25591878427016 4.76020986625721 2.48459642198101 5.28569018454607 8.56489337389815 8.91481530874132 9.14003443513966 9.63373255628322 9.42318393847083 9.04073305648317 7.92882129829316 7.46027620910166 8.57619230331311 10.6404378245326 10.8587758089218 9.13057104631378 8.40054559437938 9.31893841700687 8.816571219152 6.94432014762937 6.84385158719381 5.86359658419588 2.66056276273268 2.01120154468124 1.80927270428715
