IBR/IBR_outputs/all.combrep_1/EucDistWater_Total.FireFreq_2000_2008_Total.Spinifex_Total.WeatheringIndex_Total/EucDistWater_Total.FireFreq_2000_2008_Total.Spinifex_Total.WeatheringIndex_Total.asc
NCOLS 160 
NROWS 95 
XLLCORNER 210004.651214014 
YLLCORNER 7350008.22228844 
CELLSIZE 4999.99999999997 
NODATA_value -9999 
[rows 0 to 20 of 95, columns 92 to 137 of 160]
-9999 -9999 -9999 -9999 -9999 -9999 -9999 -9999 -9999 -9999 -9999 -9999 -9999 -9999 -9999 -9999 -9999 -9999 -9999 -9999 -9999 -9999 -9999 -9999 -9999 -9999 -9999 -9999 -9999 -9999 -9999 -9999 -9999 -9999 -9999 -9999 -9999 -9999 -9999 -9999 -9999 -9999 -9999 -9999 -9999 -9999
-9999 -9999 -9999 -9999 -9999 -9999 -9999 -9999 -9999 -9999 -9999 -9999 -9999 -9999 -9999 -9999 -9999 -9999 -9999 -9999 -9999 -9999 -9999 -9999 -9999 -9999 -9999 -9999 -9999 -9999 -9999 -9999 -9999 -9999 -9999 -9999 -9999 -9999 -9999 -9999 -9999 -9999 -9999 -9999 -9999 -9999
-9999 -9999 -9999 -9999 -9999 -9999 -9999 -9999 -9999 -9999 -9999 -9999 -9999 -9999 -9999 -9999 -9999 -9999 -9999 -9999 -9999 -9999 -9999 -9999 -9999 -9999 -9999 -9999 -9999 -9999 -9999 -9999 -9999 -9999 -9999 -9999 -9999 -9999 -9999 -9999 -9999 -9999 -9999 -9999 -9999 -9999
-9999 -9999 -9999 -9999 -9999 -9999 -9999 -9999 -9999 -9999 -9999 -9999 -9999 -9999 -9999 -9999 -9999 -9999 -9999 -9999 -9999 -9999 -9999 -9999 -9999 -9999 -9999 -9999 -9999 -9999 -9999 -9999 -9999 -9999 -9999 -9999 -9999 -9999 -9999 -9999 -9999 -9999 -9999 -9999 -9999 -9999
-9999 -9999 -9999 -9999 -9999 -9999 -9999 -9999 -9999 -9999 -9999 -9999 -9999 -9999 -9999 -9999 -9999 -9999 -9999 -9999 -9999 -9999 -9999 -9999 -9999 -9999 -9999 -9999 -9999 -9999 -9999 -9999 -9999 -9999 -9999 -9999 -9999 -9999 -9999 -9999 -9999 -9999 -9999 -9999 -9999 -9999
-9999 -9999 -9999 -9999 -9999 -9999 -9999 -9999 -9999 -9999 -9999 -9999 -9999 -9999 -9999 -9999 -9999 -9999 -9999 -9999 -9999 -9999 -9999 -9999 -9999 -9999 -9999 -9999 -9999 -9999 -9999 -9999 -9999 -9999 -9999 -9999 -9999 -9999 -9999 -9999 -9999 -9999 -9999 -9999 -9999 -9999
-9999 -9999 -9999 -9999 -9999 -9999 -9999 -9999 -9999 1.24278545508128 1.61584683999777 1.75847963842123 2.56871111395802 -9999 -9999 -9999 -9999 -9999 -9999 -9999 -9999 -9999 -9999 -9999 -9999 -9999 8.70137630784407 6.53747642763681 3.28844689632167 2.03042890494253 3.02430980981366 6.34869062964225 9.72624731580262 11.3794453235271 8.93748436676834 6.83820686769149 6.54514841186627 8.03118200729289 10.7111315533786 13.497726459969 16.161467127693 17.9407250407792 17.0482592298606 16.1901226906044 15.9027896132875 16.2415015610175
-9999 -9999 -9999 -9999 -9999 -9999 -9999 -9999 -9999 1.31693735536037 1.56657508389334 1.18532012698412 1.82793114956439 2.22802273729816 2.15991937672916 1.49201049009954 3.47494475548464 -9999 -9999 -9999 -9999 -9999 2.93323925135679 3.07247268980345 3.19892825173025 5.74383590157572 8.75963754036141 7.88107976997691 5.73061634124695 5.02619800175024 5.39374081144761 7.51970604464328 10.4482069886046 10.8462059112512 7.74774342768761 4.63655777151288 3.95422235232784 6.72774144270613 9.92087500775099 12.9517334188515 15.7360383695467 18.2439911865796 18.6749601149034 17.982186004553 17.7119110850868 17.9876811497071
-9999 -9999 -9999 -9999 -9999 -9999 -9999 1.27187356400511 1.50716509253474 2.14149429726086 3.20488846369279 1.66671941065302 1.73094855472609 4.3973482442855 4.30823891007104 3.15980490739208 4.48316506534424 2.67770628534926 1.98224189391034 -9999 -9999 3.3418986278959 1.91554908629807 2.41512439161798 4.53619474940071 7.36022169857421 10.1706060389775 10.3662327015238 9.01876003319494 8.47793310120016 8.61317434916848 9.42914389363002 10.991408481461 10.7680413556839 7.69334756489293 4.54782087212683 3.84182827266982 6.67144674186519 9.88864680668634 12.9185088423443 15.7130793601061 18.3257696749373 20.3919062250291 20.4303577940129 20.2684492165838 20.5403344813871
-9999 -9999 -9999 -9999 -9999 -9999 -9999 2.44652837886301 2.88191503737305 4.26587529472928 3.41858013008292 1.76586073337289 1.73713916709864 3.40305817088747 6.25280664086583 6.6000907922449 6.91270226607642 5.38530954208562 3.75303652248528 1.99654418340941 3.2816867678544 5.22746662852289 4.53301825985528 3.46237368435986 3.50017898693273 6.88011025666493 10.2240614776824 12.5300373395278 11.6636617514926 9.8488640043149 7.92070839313564 7.22263822956584 8.51322880845974 10.5039809624927 9.36219772321376 7.42115776764714 7.0867989700848 8.67410903732208 11.1101095568242 13.7871273229032 16.3714803932066 18.8074839735956 21.1115145582321 22.5276830932414 22.4767825574493 22.7225642693353
-9999 -9999 -9999 -9999 -9999 -9999 3.97415093434449 4.47301224384923 4.19427959991293 4.16715541074826 3.11990454589585 1.78829479170584 1.66602808132564 3.47155729594885 6.82938132410334 9.51267043295061 9.49888725956886 6.82283858345676 3.37668618862888 2.43429769795533 3.81471022975572 6.57279763125524 7.65588491137436 5.75323418924259 5.66980714746772 8.18162252065357 10.9057814216788 13.2587531339033 11.411319240046 8.34110984759315 5.19466262845299 3.76693448619042 6.20579068976263 9.40822009618472 11.4363471591689 10.5546729762383 10.3733663643038 11.3383582461518 13.0965467806568 15.2733765023157 17.5114572262367 19.6664706414449 21.7945016698585 23.7888077634779 24.55636516462 24.6997420959609
-9999 -9999 -9999 -9999 -9999 2.26011383346008 1.99674770780217 2.10655564726322 1.83747875789786 2.57656421659412 3.10527924810388 1.92423724005515 2.72874063026818 5.5224834753137 7.96601256436587 10.5130632768283 9.98326614397423 6.52660320254797 3.45870447332713 4.33408143861675 6.78537186431227 8.63451384449176 10.0930922898782 8.98074903598162 8.94331336126718 10.418638725971 12.4713449258136 13.8860220478339 11.3705889156882 8.30518354569933 5.1418732856962 3.46528453890897 6.03978390569408 9.15473359689277 11.8155431589623 12.5497715472893 12.1564500148549 12.6222644231512 13.8720658003693 15.5783217671765 17.6196699375147 19.6150331101351 21.5861210243756 23.575938454223 25.4107917459093 26.5577366459243
-9999 -9999 -9999 -9999 1.74554004678787 1.56631993312346 2.39871538218857 1.64429224318385 1.19882098606786 1.41859204374379 1.89392011863253 1.6636601699742 2.99534509177509 5.23587343719762 6.33883796457244 8.85601090699586 10.4510487699387 8.57760775817277 6.85481344192644 7.15596809492942 9.11938020261698 11.1785074683005 12.5871861340212 12.0768052891066 12.1320242595854 13.288224724988 14.7502242002862 15.0524334910321 12.415511902572 9.69785601543193 7.61630280296204 6.34783389430964 6.23647705912608 7.47959700602717 9.85606818833172 10.1694155743298 9.33587376493042 9.98647071176006 11.598759568928 13.7444105410713 16.0607623950786 18.4424683672919 20.6673924728723 22.7979592760133 24.8028942249225 26.7334495342508
-9999 -9999 1.5117919133864 1.41948888127432 1.41920387912452 2.46055829020622 3.14801612086556 1.12894573730681 2.05994304069957 2.13671501767442 2.38261760675985 1.60452232444245 2.39970995906949 2.54424818663199 4.09676090102433 7.03334511916332 8.37285970466744 7.54206802845414 7.27226780397555 8.47887128849867 10.6604157668836 12.7250437916786 12.7765238230353 12.4750988932915 13.0760326927869 14.3735291303404 16.0102578806594 15.6283225178952 13.9429234604988 11.6533522212172 9.01719503560743 5.53978677179957 3.19541734622062 5.20781750446405 8.46141651489791 7.55382568959976 6.05542421300803 7.05993216989949 9.55161148270679 12.3122309073497 14.9828732297581 17.6818069031012 20.045641682608 22.1999139951974 24.2835763546946 26.4312284785763
1.47899568319199 1.42691240427705 1.29999167383736 1.62287560749645 1.24750324259737 1.8038372515909 3.13057926297914 3.12514901940157 5.18402671608782 5.01404322103364 3.81406549320535 2.28592106519287 1.47289386512354 1.48243410798109 2.63429415502918 4.22728164099437 5.17770427967597 4.71091923826742 3.66694856758461 6.23565511626135 9.43873211786373 11.0601518638838 9.73034732501751 9.37051216557317 10.2982113305678 12.3773194897442 14.0820127598077 13.0924633519324 12.5007413683796 11.7842450675878 9.20098151788728 5.78487413351251 3.27822941876757 5.16844130198559 7.99124897358691 5.67916282205913 2.98362378512661 5.06790975018405 8.34489877608661 11.5846069157009 14.5337229512563 17.3305627429187 19.7817675104337 22.009385365933 24.0667099126032 26.0874042693264
1.82827788981915 1.7743883757217 3.25495495743344 3.97091836749976 2.99438747541781 3.45055311602336 5.11062081766092 4.88361993889807 6.45362679716639 7.55079381719225 5.46040397598013 2.37948508063943 2.60123581409178 2.41324169565929 1.42020454729177 1.6214290163096 2.94228395191531 3.94955911136762 3.52446010125423 6.07234403020945 9.0182839551983 8.71991720240896 6.53467092871157 5.92503987344663 7.64521624845126 10.2478777977283 11.9317840651212 10.6234804586775 9.51678670864501 9.8001705810496 10.0723855996986 7.24493517095801 4.95697523779541 5.04375848699655 7.42410227780565 6.44155701637011 4.62925645447186 5.98149793078037 8.91940116638341 11.9226053153236 14.7984877456389 17.4362257969281 19.8457802831932 22.1405863891737 24.1871504327791 26.0955944172139
2.80379066874298 2.71151095209496 2.56046751274483 4.6222888935989 4.89552901294395 5.99965497479619 4.29584970270711 2.14670566735348 4.64030067625415 7.16972731967777 4.70015325009664 1.76052886765312 2.89530947133402 2.72032220737461 2.78195760209331 2.10984968113223 1.28891761992462 2.65151632111338 4.29925529661691 6.30101630178771 7.39925284732051 6.74916147800276 3.74737023702989 2.21334272377288 5.49634356592274 9.21610877546657 10.069529930218 7.62588809275556 6.05642918598697 6.95074279190527 8.83813425186138 7.14076500819544 4.06933613313162 3.70432105330668 7.07834961911406 8.88616738320636 8.08645133124905 8.8181983158264 10.7047423116525 13.2888927779708 15.7557922330443 18.0903155150855 20.5322433883509 22.6052689986185 24.2639774374032 25.0229237351434
2.18014565890771 2.48503894388503 4.16705254368624 2.52662840884043 3.16906198355073 6.27562464454687 4.68110452418744 2.08016375420146 4.27664835892536 7.32630209955993 6.06987987511385 3.64619994814894 2.228949155801 3.1536004709931 3.1959636273474 4.4489512816281 2.35518861521729 1.40067650792969 1.86989156412949 3.81780283897055 4.21478847426687 4.66778512003974 4.6397004382644 4.0171126268619 6.59498310873496 9.33207945625952 8.82374923070051 5.49790197593476 2.75959971966089 4.52986925982295 5.73560495346207 6.57457231708706 6.522764504808 6.36067061992384 8.2017917871278 8.74660922521339 8.9579951271539 10.3570269173548 12.5224441914752 14.8395717716414 16.93612213043 18.9713996979146 20.4024915139468 21.8217840048052 22.5920494345457 23.3204914907309
2.31242937223524 4.35235387154272 5.49451743226707 4.39853108905534 4.79036924262406 7.29676126476999 6.6086403199086 5.25088136537702 6.32096419008969 8.56995793369645 8.10444385488113 5.10451335563013 2.00547132298712 2.02621898332969 2.00899732043271 5.0735974724233 4.78388157732164 2.28162006470428 1.64355222647661 1.49448055876739 2.14627183487281 2.02725419364408 3.24615876256963 5.68925126577116 7.60439166366306 8.89456129635764 8.95976286812663 6.49254827694775 4.40632490729973 3.61729082968039 2.43650865577835 3.96454078897943 5.20202474055618 5.36836823186997 6.72140094614951 5.15219997736949 5.78584658077034 8.54513721331272 11.3383633494342 14.1265534854313 16.2613031537141 17.2918364237978 18.5556790491586 19.7425719955997 20.3634055426534 21.4662093989811
4.15285971640619 2.53819494352166 3.72646750011618 6.34405379261673 7.48868948590867 9.45764750305444 9.42215036113355 8.68509990820579 8.06114477332223 7.03759576268772 7.16775510378457 6.55234176202487 3.38393666577884 1.84795757567349 1.60203953020934 4.11639321948628 6.07495743495713 4.21897946267712 2.4241357535381 1.37818721285147 1.29187493678702 1.57988302185999 1.65763148750029 3.10694495143083 4.66473645202753 5.96223605479659 7.01036158692267 7.05828337129592 6.90212129605327 5.40917199139566 3.41935997403913 2.30352631305973 2.84261333470357 2.56231138735963 3.64003548953611 2.84748210635579 4.18436335726978 7.19443656631777 9.86458077231884 12.5251842174755 13.7900713841596 14.8055159862236 16.2215043641095 17.099435735972 17.9717202081997 19.2824190184541
5.99828465921652 3.54511818120586 3.57416430157775 3.96236402190356 6.3964739543074 9.41260799912042 11.4772815135165 9.67867468761052 6.47139731942211 3.80440381886661 4.13149757610939 6.49518968537657 4.68659780383243 1.65264263125139 1.82891770308388 3.75065411250553 6.065975454337 3.58411213738867 1.77991591766883 1.95193249194381 1.02688139041427 2.92312577046146 3.21995062449626 1.50869519128459 1.73537578782871 2.65106560818012 3.54006588565289 3.7548565568683 4.52818482056845 5.15302955245462 4.588139954644 4.23165057331028 2.30446294102084 2.44203209149963 3.11735315055465 2.3312606556895 2.59355031633765 5.36342816461582 8.51706587007553 10.1638842421359 10.6719163638811 12.07499168027 13.3681559803895 14.1038829112499 15.3511859882113 16.9613530806027
