9.9982E-05 9.9982E-05 0.0165165 0.0908802 0.140791 0.731058 0.0205536
0.29839 9.9991E-05 0.0240558 0.0684812 0.0332099 0.555329 0.020434
9.9982E-05 0.0193601 0.0113552 0.155407 0.108339 0.705338 9.9982E-05
9.9982E-05 0.0138401 0.00437513 0.00168854 0.242538 0.737359 9.9982E-05
0.0867582 0.0413712 9.9973E-05 9.9973E-05 9.9973E-05 0.851572 0.0199984
0.0877292 9.9982E-05 0.000698373 9.9982E-05 0.0266323 0.787369 0.097371
0.263557 9.9982E-05 9.9982E-05 0.0436927 0.101572 0.504959 0.0860185
0.26286 0.00110446 0.0411372 9.9982E-05 0.130592 0.564107 9.9982E-05
0.673626 0.0325236 0.0115796 0.0423433 9.9991E-05 0.19716 0.0426672
0.197881 9.9991E-05 0.0376083 0.179565 0.224505 0.358326 0.00201529
0.226075 0.0951005 0.0332529 0.0362252 0.45738 0.151866 9.9991E-05
0.480036 0.0483077 0.0224252 0.15631 0.152555 0.140266 9.9991E-05
0.225721 9.9973E-05 0.0511361 9.9973E-05 0.621233 9.9973E-05 0.10161
0.646273 0.141646 9.9973E-05 0.134238 0.0775425 9.9973E-05 9.9973E-05
0.407686 0.0672143 0.0341576 0.0594942 9.9991E-05 0.415231 0.0161173
0.570353 9.9991E-05 0.00936867 0.0816433 0.0963987 0.209036 0.0330998
0.520658 9.9973E-05 9.9973E-05 0.18194 9.9973E-05 0.251784 0.0453183
0.33104 9.9973E-05 0.0165447 9.9973E-05 9.9973E-05 0.64349 0.00862572
0.121438 0.0143126 0.0677493 0.462291 0.0690779 0.127247 0.137884
0.30436 0.004373 9.9973E-05 0.612748 0.0782188 9.9973E-05 9.9973E-05
0.0777315 0.0345663 0.0149779 0.69243 9.9991E-05 0.174928 0.005266
9.999E-05 0.0354617 0.000858666 0.752298 0.0780854 0.107419 0.0257776
9.9973E-05 9.9973E-05 0.0440831 0.844975 0.0425256 9.9973E-05 0.0681162
0.131955 0.0391311 0.0368449 0.697565 9.9991E-05 0.079023 0.0153808
0.155729 9.9973E-05 9.9973E-05 0.613969 9.9973E-05 0.160136 0.069867
9.9973E-05 9.9973E-05 0.0142674 0.829044 9.9973E-05 0.148874 0.00751422
0.0126455 0.105257 0.034254 0.835306 9.9982E-05 9.9982E-05 0.0123374
0.0495806 9.9973E-05 0.0193523 0.796234 9.9973E-05 9.9973E-05 0.134533
9.9973E-05 0.0122014 9.9973E-05 0.847714 9.9973E-05 0.118599 0.0211855
0.0171053 9.9973E-05 9.9973E-05 0.783584 9.9973E-05 0.0526255 0.146385
0.07172 9.9964E-05 9.9964E-05 0.866107 9.9964E-05 9.9964E-05 0.0617727
0.10193 0.0654691 0.0207633 0.790434 9.9982E-05 0.0212034 9.9982E-05
0.0896852 9.9973E-05 0.0473114 0.769871 9.9973E-05 9.9973E-05 0.092832
0.241971 9.9982E-05 0.0621781 0.119074 0.1814 0.395177 9.9982E-05
0.309295 0.0329056 9.9973E-05 0.218115 9.9973E-05 0.439385 9.9973E-05
0.0358481 0.0998531 9.9991E-05 0.0133437 0.0534111 0.792422 0.0050221
9.9964E-05 9.9964E-05 0.0270804 9.9964E-05 0.232569 0.739951 9.9964E-05
0.27405 0.0969992 9.9982E-05 0.119158 0.188423 0.321171 9.9982E-05
9.995E-05 9.995E-05 0.9994 9.995E-05 9.995E-05 9.995E-05 9.995E-05
9.9973E-05 0.0236186 0.0347552 0.725633 0.215693 9.9973E-05 9.9973E-05
9.9973E-05 0.054021 9.9973E-05 0.110363 9.9973E-05 0.753306 0.082011
0.322598 9.9973E-05 9.9973E-05 0.160646 0.105766 0.41069 9.9973E-05
0.291078 9.9991E-05 0.0129692 0.200915 0.156054 0.150653 0.18823
0.139128 0.069287 0.0447845 0.0852888 0.60358 9.9991E-05 0.0578314
9.9973E-05 9.9973E-05 0.00700624 9.9973E-05 0.856639 0.0880389 0.0480161
9.995E-05 9.995E-05 0.9994 9.995E-05 9.995E-05 9.995E-05 9.995E-05
0.267336 0.0392097 0.0736846 0.173058 0.216139 0.230472 9.9991E-05
0.337092 9.9982E-05 9.9982E-05 0.0666689 0.331651 0.0832586 0.181129
0.304693 0.131903 0.0279276 0.31192 0.165838 0.0576177 9.9991E-05
0.099656 0.166644 0.0187539 9.9982E-05 0.0765655 9.9982E-05 0.638181
0.0265501 0.488905 0.0288935 9.9982E-05 0.108496 9.9982E-05 0.346955
0.0908897 0.464602 9.9973E-05 9.9973E-05 9.9973E-05 0.0970482 0.34716
0.00101412 0.480977 0.0443754 9.9991E-05 0.231626 0.0112497 0.230658
0.0608336 0.662893 0.0409819 0.0544327 9.9982E-05 9.9982E-05 0.180659
0.0559806 0.605486 9.9982E-05 0.0233741 9.9982E-05 0.0431379 0.271822
0.271669 0.663134 9.9964E-05 9.9964E-05 9.9964E-05 9.9964E-05 0.0647972
0.189242 0.344211 0.00921694 9.9973E-05 9.9973E-05 9.9973E-05 0.45703
9.99549E-05 9.99549E-05 0.0228109 9.99549E-05 9.99549E-05 9.99549E-05 0.976689
0.0429796 0.713926 0.03772 0.0211667 0.0366835 0.0429192 0.104605
9.9982E-05 0.313845 0.0263143 9.9982E-05 0.105105 0.173738 0.380798
9.995E-05 9.995E-05 9.995E-05 9.995E-05 9.995E-05 9.995E-05 0.9994
9.9982E-05 0.544593 9.9982E-05 0.0477115 0.114979 0.103071 0.189445
0.0446602 0.236268 0.0242254 9.9982E-05 0.519688 9.9982E-05 0.174959
0.00139092 0.124103 0.000922153 0.718118 9.9982E-05 0.155266 9.9982E-05
9.9991E-05 0.0277323 0.0471288 0.766179 0.0722376 0.0846908 0.00193166
0.0334481 9.9982E-05 0.030682 0.7708 9.9982E-05 0.155043 0.00982689
0.108555 0.705807 9.9991E-05 0.00996878 0.0853958 0.0570926 0.0330811
9.9982E-05 0.401223 0.0730664 9.9982E-05 0.317719 0.108274 0.0995184
0.00839511 0.661919 0.0169503 0.0542887 0.131703 0.0419297 0.0848144
9.99759E-05 0.592139 0.064312 9.99759E-05 0.229272 9.99759E-05 0.113977
9.9982E-05 0.725745 0.0410336 0.00258391 9.9982E-05 0.111222 0.119216
0.3179 0.0532801 9.9982E-05 9.9982E-05 0.482744 0.0148013 0.131075
0.289422 0.0357404 9.9973E-05 9.9973E-05 0.617027 9.9973E-05 0.0575107
0.113871 0.00596357 9.9973E-05 9.9973E-05 0.780876 9.9973E-05 0.0989889
9.9955E-05 9.9955E-05 0.0201235 9.9955E-05 0.979377 9.9955E-05 9.9955E-05
9.9973E-05 9.9973E-05 0.0396756 0.0920979 0.863566 9.9973E-05 0.00436098
0.000997655 9.9973E-05 0.0115693 9.9973E-05 0.92236 9.9973E-05 0.0647732
0.00259695 0.057295 0.0299972 0.0565628 0.708374 0.126498 0.018676
0.128767 0.659548 9.9973E-05 9.9973E-05 0.168438 9.9973E-05 0.0429468
9.9991E-05 0.310615 0.110929 0.0217791 0.294163 0.11538 0.147033
9.9991E-05 0.521935 0.0151655 0.0718868 0.138946 0.0159916 0.235975
0.00189779 0.555445 0.0564581 0.0696663 0.0630677 9.9991E-05 0.253365
0.294751 0.660541 0.0110133 9.9973E-05 9.9973E-05 9.9973E-05 0.0333952
0.184295 0.0662414 0.00630732 0.621228 0.121728 9.9982E-05 9.9982E-05
0.100733 0.205523 9.9991E-05 0.045137 0.46282 0.0629956 0.122692
0.0312398 0.0801501 9.9982E-05 9.9982E-05 0.835198 0.007065 0.0461475
9.995E-05 9.995E-05 0.9994 9.995E-05 9.995E-05 9.995E-05 9.995E-05
9.9982E-05 9.9982E-05 0.011989 0.128583 0.150386 0.677357 0.0314852
0.0667253 9.9991E-05 0.0172235 0.0937919 0.079682 0.714972 0.0275054
0.501575 9.9991E-05 0.0398446 0.0814181 0.0812101 0.198311 0.0975413
0.555365 0.118469 0.0269149 0.172717 0.126335 9.9982E-05 9.9982E-05
0.208302 0.0337915 9.9973E-05 9.9973E-05 0.0897087 0.667898 9.9973E-05
9.9982E-05 0.000545587 9.9982E-05 0.0384177 0.696665 0.0289553 0.235217
9.9982E-05 0.0208863 0.0431824 0.437288 0.156516 0.341927 9.9982E-05
9.9973E-05 0.193261 0.0811445 9.9973E-05 0.681402 0.0438933 9.9973E-05
9.9982E-05 0.0392792 0.0368784 0.293987 0.462045 0.16761 9.9982E-05
0.497662 9.9973E-05 9.9973E-05 0.0897224 9.9973E-05 0.393617 0.0186992
0.22461 0.0295283 9.9982E-05 0.0318341 0.228978 0.48485 9.9982E-05
0.451613 9.9973E-05 9.9973E-05 0.0330708 0.179228 0.335788 9.9973E-05
0.769434 9.9973E-05 9.9973E-05 9.9973E-05 0.179806 0.0260713 0.0243892
9.9973E-05 9.9973E-05 0.00176872 0.0281319 0.442068 0.527732 9.9973E-05
0.923645 9.9955E-05 9.9955E-05 9.9955E-05 0.0758548 9.9955E-05 9.9955E-05
0.0402547 0.124499 0.0279359 0.00945861 0.603932 0.087763 0.106157
0.124688 0.115082 0.0549305 0.0651611 0.514566 0.0476873 0.0778845
0.0251935 0.209697 0.0910414 9.9991E-05 0.614127 0.0592097 0.000631295
0.263363 9.9973E-05 0.00291158 0.147704 0.585721 9.9973E-05 9.9973E-05
0.329887 0.0810328 9.9991E-05 0.154058 0.339426 0.0201117 0.0753853
0.330117 0.053284 9.9982E-05 0.381759 0.013286 0.221354 9.9982E-05
0.0374651 0.612547 0.00969814 9.9982E-05 9.9982E-05 0.137755 0.202335
0.0114399 0.567656 0.0167904 0.04618 0.213587 9.9991E-05 0.144246
9.9982E-05 0.0222666 9.9982E-05 0.127338 0.582485 0.106874 0.160837
0.407646 9.9982E-05 0.0417822 0.0144602 0.331288 9.9982E-05 0.204624
9.9982E-05 9.9982E-05 0.0333166 0.170825 0.356707 0.208292 0.230658
9.9955E-05 9.9955E-05 9.9955E-05 0.663623 0.335877 9.9955E-05 9.9955E-05
9.9982E-05 0.595725 0.0161734 0.0994596 0.224759 9.9982E-05 0.0636826
0.0446596 0.387904 9.9982E-05 0.00866766 0.214376 9.9982E-05 0.344192
9.9982E-05 0.260949 0.00239948 9.9982E-05 0.391245 0.126447 0.21876
9.9991E-05 0.0132955 0.0580195 0.386345 0.072425 0.424649 0.0451651
0.0640134 0.0908173 0.00101323 0.268755 9.9982E-05 0.575201 9.9982E-05
0.289996 0.0037783 0.0383604 9.9991E-05 0.176742 0.474996 0.016028
0.0556516 0.138165 9.9982E-05 0.050892 0.0243316 0.730759 9.9982E-05
0.20376 0.00294474 9.9991E-05 0.290166 0.0108226 0.475775 0.0164318
0.0964369 9.9982E-05 9.9982E-05 0.14088 0.037376 0.681077 0.0440304
0.0679238 0.0474714 9.9991E-05 0.0768573 0.0461498 0.761187 0.0003108
0.159752 0.045983 0.000440966 9.9982E-05 9.9982E-05 0.729551 0.0640734
0.0934799 0.0499872 9.9982E-05 0.320525 0.119298 0.41651 9.9982E-05
0.917749 0.0365393 9.9964E-05 0.0453123 9.9964E-05 9.9964E-05 9.9964E-05
0.876539 9.9973E-05 0.0192914 0.0934434 9.9973E-05 9.9973E-05 0.0104258
0.712894 9.9982E-05 0.00464825 0.0254817 9.9982E-05 0.189254 0.067522
0.376102 0.0736949 0.0115257 0.235381 9.9991E-05 0.231649 0.0715482
0.691411 0.0521571 0.0234644 9.9982E-05 9.9982E-05 0.229799 0.00296912
0.51773 9.9991E-05 0.0101408 0.127777 0.223216 0.0893497 0.0316868
0.221938 0.00954722 9.9991E-05 0.0518208 0.0989963 0.586884 0.0307135
0.0718865 0.00391796 9.9973E-05 0.789483 0.134412 9.9973E-05 9.9973E-05
9.9964E-05 9.9964E-05 9.9964E-05 0.766729 0.094358 0.138514 9.9964E-05
0.15037 9.9964E-05 0.0156246 0.833605 9.9964E-05 9.9964E-05 9.9964E-05
0.075228 0.0212322 0.0141038 0.717265 0.0821321 0.0518878 0.0381509
9.9991E-05 0.0330672 0.0198304 0.748391 0.0815446 0.107326 0.00974101
0.034969 0.0659636 0.00989607 9.9982E-05 0.269516 0.619455 9.9982E-05
9.9964E-05 9.9964E-05 9.9964E-05 0.0598817 0.21031 0.729408 9.9964E-05
9.99639E-05 0.314946 9.99639E-05 9.99639E-05 9.99639E-05 0.00986786 0.674786
0.0557129 0.824826 0.0182217 0.062681 0.0376146 9.9991E-05 0.000843645
9.9973E-05 0.776652 9.9973E-05 0.0265138 9.9973E-05 0.0891367 0.107397
9.9982E-05 0.632491 9.9982E-05 0.0736469 0.265635 0.01403 0.0139971
0.0163343 0.671115 0.0410376 9.9991E-05 0.0422451 0.0423841 0.186784
0.0571033 0.596377 0.00848315 0.0968072 9.9982E-05 9.9982E-05 0.241029
9.9973E-05 0.912263 0.0208631 9.9973E-05 0.0511188 0.0154556 9.9973E-05
9.9982E-05 0.587646 9.9982E-05 0.0772245 0.0296366 0.0287343 0.276558
0.000654899 0.647707 9.9991E-05 0.0622638 0.0463799 0.0489788 0.193916
0.0151778 0.582576 0.000742469 0.0998529 9.9982E-05 9.9982E-05 0.301451
0.00643706 0.82693 0.022552 9.9973E-05 0.143781 9.9973E-05 9.9973E-05
0.092414 0.65898 0.0394942 0.0106511 0.074276 9.9991E-05 0.124084
0.0811584 0.619496 0.007818 0.0185293 9.9991E-05 0.0735329 0.199366
0.0252333 0.572052 0.0133645 0.0786299 9.9982E-05 9.9982E-05 0.31052
9.9991E-05 0.714686 0.00684123 0.0125322 0.0690778 0.0623585 0.134404
9.9955E-05 0.907655 9.9955E-05 9.9955E-05 9.9955E-05 0.091845 9.9955E-05
9.9982E-05 0.780803 0.0161244 0.0391874 9.9982E-05 0.0547104 0.108975
9.9982E-05 0.143923 9.9982E-05 0.0661462 0.755613 0.0194675 0.0146503
0.0117653 9.9973E-05 9.9973E-05 0.030238 0.869728 0.0879684 9.9973E-05
9.9973E-05 0.81736 9.9973E-05 9.9973E-05 0.0488305 0.079879 0.0536306
9.9982E-05 0.381494 0.0212203 9.9982E-05 0.0344868 0.209839 0.35276
9.995E-05 9.995E-05 9.995E-05 9.995E-05 9.995E-05 9.995E-05 0.9994
0.109402 9.9973E-05 9.9973E-05 9.9973E-05 0.482612 0.187665 0.22002
0.0761988 0.0435012 0.00193368 9.9982E-05 0.0823594 0.795807 9.9982E-05
0.16289 0.0152702 0.0219462 0.192072 9.9982E-05 0.607622 9.9982E-05
9.9973E-05 9.9973E-05 9.9973E-05 0.427534 0.134007 0.356012 0.082148
0.305402 0.0185341 9.9991E-05 0.576851 0.0192297 0.0677836 0.0120992
0.0147079 9.9973E-05 0.0110363 0.800459 0.173497 9.9973E-05 9.9973E-05
0.143698 9.9964E-05 9.9964E-05 0.761692 9.9964E-05 9.9964E-05 0.0942101
0.093527 9.9982E-05 0.0107927 0.69544 0.0949352 0.105105 9.9982E-05
0.273302 0.00863718 0.0268426 0.637828 0.00794053 9.9991E-05 0.04535
0.0942906 0.0179165 0.0322615 0.666478 0.151901 9.9991E-05 0.0370524
9.9973E-05 0.123812 0.0369662 0.750248 9.9973E-05 0.0886735 9.9973E-05
9.9973E-05 9.9973E-05 9.9973E-05 0.0717036 0.111965 0.788814 0.0272177
0.0809587 9.9991E-05 0.039993 0.0124189 0.0443336 0.743184 0.0790115
0.28377 9.9982E-05 0.0316681 9.9982E-05 0.083012 0.527423 0.0739266
0.00546744 0.0607221 9.9973E-05 9.9973E-05 0.216969 0.716542 9.9973E-05
0.249406 9.9982E-05 0.000688746 9.9982E-05 0.148499 0.577879 0.0233276
0.161271 0.00969004 9.9973E-05 9.9973E-05 0.35827 0.47047 9.9973E-05
0.564935 9.9991E-05 0.00895619 0.121254 0.113777 0.153452 0.0375259
0.810955 9.9964E-05 9.9964E-05 0.05452 9.9964E-05 9.9964E-05 0.134125
0.888169 0.063525 0.0379718 9.9982E-05 0.00293092 0.00720331 9.9982E-05
0.709541 0.062152 0.0141928 0.0856044 0.054382 0.0740276 9.9991E-05
0.815881 0.0567546 0.0130099 0.0318891 9.9991E-05 0.0655978 0.0167677
0.247585 0.0535947 0.143341 0.55518 9.9973E-05 9.9973E-05 9.9973E-05
0.0780589 0.192117 0.0222434 9.9982E-05 0.0757132 9.9982E-05 0.631668
9.9982E-05 0.585696 0.0499157 0.102265 0.0869105 9.9982E-05 0.175013
9.9982E-05 0.826802 0.00236393 0.0139748 0.136303 9.9982E-05 0.0203559
0.109819 0.643178 0.0259346 9.9982E-05 0.141361 9.9982E-05 0.0795076
9.9991E-05 0.740822 0.0290778 0.0543398 0.026979 0.0926777 0.0560039
0.415122 0.00174958 0.0163575 0.185336 0.0596867 0.175514 0.146234
0.42016 9.9991E-05 0.0301898 0.208439 0.0570037 0.24549 0.0386174
0.87053 0.0116076 0.0661374 9.9982E-05 9.9982E-05 0.048057 0.00346788
0.238368 9.9991E-05 0.0307799 0.265423 0.155686 0.294539 0.0151043
