0.0575178 0.0429335 0.245935 0.00984745 9.9982E-05 9.9982E-05 0.643566
9.9973E-05 9.9973E-05 0.134896 0.0366245 9.9973E-05 0.240348 0.587831
0.05473 0.145947 0.0057592 0.0184357 9.9982E-05 9.9982E-05 0.774928
0.087541 9.9964E-05 0.301056 9.9964E-05 9.9964E-05 9.9964E-05 0.611003
9.9964E-05 9.9964E-05 0.290691 9.9964E-05 0.0200094 9.9964E-05 0.688899
0.0646909 9.9973E-05 0.391977 9.9973E-05 9.9973E-05 0.035311 0.507721
0.0707923 0.0569159 0.533445 9.9982E-05 9.9982E-05 0.118501 0.220146
0.124492 9.9982E-05 0.192253 0.0189136 9.9982E-05 0.154045 0.510096
9.9991E-05 0.0731442 0.133168 0.00117474 0.0625256 0.588579 0.141309
0.0573023 0.106913 0.0830514 0.0152446 0.00130034 0.496484 0.239704
0.319668 0.0269788 0.207655 0.0626364 0.0430395 0.255162 0.0848603
0.160472 0.102005 9.9982E-05 0.0305243 9.9982E-05 0.378995 0.327803
0.671539 0.0265747 0.0796442 0.0300951 0.0341217 0.157925 9.9991E-05
0.0624848 0.0429528 9.9973E-05 9.9973E-05 0.0440406 0.850222 9.9973E-05
9.999E-05 0.100226 0.187763 0.0372163 0.0455475 0.441447 0.1877
0.133018 9.9982E-05 0.235048 0.011783 9.9982E-05 0.561338 0.0586122
9.9973E-05 0.156296 0.285779 9.9973E-05 9.9973E-05 0.434098 0.123527
9.9982E-05 0.0588475 0.147723 0.016173 9.9982E-05 0.252351 0.524706
0.0861117 0.443938 0.029999 0.0710151 0.13482 0.209663 0.0244536
0.112329 0.593756 9.9964E-05 9.9964E-05 9.9964E-05 0.293515 9.9964E-05
0.0613448 0.65974 0.168387 0.00795003 0.0204356 0.0481026 0.0340401
0.0285299 0.735366 0.0176104 0.000884803 0.0266061 0.0334479 0.157555
0.0374521 0.837591 0.0513167 0.056809 9.9982E-05 9.9982E-05 0.0166308
0.0213546 0.671962 9.9991E-05 0.035241 0.0206402 0.103095 0.147607
0.0526873 0.628677 0.318236 9.9964E-05 9.9964E-05 9.9964E-05 9.9964E-05
9.9964E-05 0.813676 9.9964E-05 0.0064603 9.9964E-05 9.9964E-05 0.179464
9.9982E-05 0.858231 0.0356555 0.026767 0.0771357 0.00201093 9.9982E-05
0.0102881 0.808397 9.9991E-05 0.023407 0.0854791 0.0636778 0.0086507
9.9955E-05 0.767529 9.9955E-05 9.9955E-05 9.9955E-05 9.9955E-05 0.231971
9.9964E-05 0.734432 0.186321 9.9964E-05 0.0788473 9.9964E-05 9.9964E-05
9.9982E-05 0.834243 0.00548195 9.9982E-05 0.0429762 0.104307 0.0127924
9.999E-05 0.75771 0.0363186 0.0269869 0.0211445 0.157224 0.000515842
0.0151376 0.714607 0.0905698 0.055534 9.9991E-05 0.113556 0.0104956
0.151339 0.105718 0.128402 0.0588565 9.9991E-05 0.277536 0.278049
9.999E-05 0.1539 0.121833 0.00376785 0.0111396 0.276943 0.432317
9.9973E-05 0.038552 0.794775 9.9973E-05 0.0122862 9.9973E-05 0.154087
0.118543 0.0372499 0.681745 0.0156361 9.9982E-05 9.9982E-05 0.146626
0.100487 0.186941 0.383705 9.9991E-05 0.0626904 0.112625 0.153451
9.995E-05 9.995E-05 9.995E-05 0.9994 9.995E-05 9.995E-05 9.995E-05
0.241807 0.662605 0.0558828 0.0219962 9.9982E-05 0.0175089 9.9982E-05
9.9982E-05 0.0779485 0.335296 0.00241752 0.0598608 9.9982E-05 0.524277
0.094851 0.0956064 9.9973E-05 9.9973E-05 9.9973E-05 0.358247 0.450996
0.280853 0.237674 0.142632 0.00381492 0.0665834 0.150021 0.118422
0.559903 0.0677699 9.9991E-05 0.0488565 0.0919564 0.217444 0.013971
0.833434 0.0514499 0.108004 0.00681173 9.9973E-05 9.9973E-05 9.9973E-05
9.995E-05 9.995E-05 9.995E-05 0.9994 9.995E-05 9.995E-05 9.995E-05
0.228049 0.102885 0.248408 0.083315 9.9991E-05 0.255604 0.0816388
0.263152 0.0928556 0.38708 9.9982E-05 0.0881646 0.168548 9.9982E-05
0.197604 0.229252 0.000298649 0.0316991 0.0843642 0.237391 0.21939
0.165167 0.0432413 0.0013326 0.0219883 0.709063 0.0591078 9.9991E-05
0.124322 0.00141409 0.0483569 0.0299637 0.732765 0.0630776 9.9991E-05
9.9991E-05 0.0372514 0.124534 0.00753224 0.759473 0.0703308 0.000778755
0.126877 9.9982E-05 0.0551856 0.0577591 0.630743 0.129235 9.9982E-05
9.9982E-05 0.0837697 0.0875138 0.0422865 0.770438 0.0157923 9.9982E-05
9.9973E-05 0.00589701 0.0802101 9.9973E-05 0.804136 0.109457 9.9973E-05
9.9955E-05 9.9955E-05 9.9955E-05 9.9955E-05 0.667504 0.331996 9.9955E-05
9.9973E-05 0.00408744 9.9973E-05 0.00305166 0.735055 0.257506 9.9973E-05
9.9964E-05 0.150107 9.9964E-05 0.0277119 0.821781 9.9964E-05 9.9964E-05
0.0117853 9.9982E-05 9.9982E-05 0.0173601 0.736981 0.0832272 0.150447
0.271622 9.9982E-05 0.00486206 0.0310644 0.545298 9.9982E-05 0.146954
0.106948 0.14378 9.9964E-05 9.9964E-05 0.748872 9.9964E-05 9.9964E-05
0.138711 0.0573296 9.9982E-05 9.9982E-05 0.651746 0.0492227 0.10279
0.524271 0.0266187 0.0569136 0.0931969 0.263009 0.0358908 9.9991E-05
0.00872621 0.676099 0.161141 0.021751 0.033401 0.0707912 0.0280914
0.0280411 0.629796 9.9982E-05 0.0330661 9.9982E-05 0.0527219 0.256175
9.9973E-05 0.687716 0.0969169 0.0124854 9.9973E-05 9.9973E-05 0.202582
0.0897683 9.9991E-05 0.131903 0.00179039 0.646741 0.120644 0.0090536
0.503764 9.9973E-05 9.9973E-05 0.0490079 0.38642 9.9973E-05 0.0605089
0.0960649 0.0283251 0.142529 0.0182316 0.692544 0.00974092 0.012564
0.222583 0.0688611 0.0187546 0.0377594 0.651841 9.9982E-05 9.9982E-05
9.9973E-05 9.9973E-05 0.0916673 0.0463392 0.772451 9.9973E-05 0.0892423
0.625383 9.9973E-05 9.9973E-05 9.9973E-05 0.0593348 0.0845602 0.230422
0.568549 9.9964E-05 9.9964E-05 9.9964E-05 0.046127 0.384924 9.9964E-05
0.68089 9.9973E-05 0.134269 9.9973E-05 0.0580189 0.126522 9.9973E-05
0.976497 9.9955E-05 9.9955E-05 0.0230029 9.9955E-05 9.9955E-05 9.9955E-05
0.773062 0.141442 0.00633731 0.0336239 9.9982E-05 0.0453346 9.9982E-05
0.879405 0.00734948 9.9973E-05 0.0196964 9.9973E-05 0.0932497 9.9973E-05
0.667575 0.0868788 0.0941472 0.00682084 0.0339721 0.0504767 0.0601289
0.150492 9.9964E-05 9.9964E-05 9.9964E-05 0.596513 0.252595 9.9964E-05
0.338782 9.9973E-05 9.9973E-05 0.134644 0.352421 9.9973E-05 0.173854
0.14802 0.0433432 0.00853795 0.0233065 0.692923 9.9991E-05 0.0837697
9.9973E-05 0.0509195 9.9973E-05 0.043118 0.718597 0.187066 9.9973E-05
9.9973E-05 9.9973E-05 0.0464984 0.0182479 0.6691 0.265853 9.9973E-05
0.154089 0.570337 9.9982E-05 0.0351305 0.0183088 0.221935 9.9982E-05
0.576749 0.157366 0.0565788 9.9973E-05 0.209006 9.9973E-05 9.9973E-05
0.824812 9.9973E-05 0.0275737 9.9973E-05 0.072355 9.9973E-05 0.0749599
9.995E-05 9.995E-05 9.995E-05 0.9994 9.995E-05 9.995E-05 9.995E-05
0.126363 0.137135 0.206214 9.9982E-05 9.9982E-05 0.0184838 0.511604
0.0251786 0.0920107 0.0806831 0.0320908 9.9991E-05 0.189524 0.580413
0.0225266 0.0723478 0.363377 0.0327217 9.9991E-05 0.475619 0.033308
0.145208 0.169029 0.0318842 0.0352358 0.072592 0.522661 0.02339
9.9973E-05 9.9973E-05 0.418118 9.9973E-05 0.00132308 0.361778 0.21848
0.734264 0.0619001 0.0832476 9.9982E-05 0.107648 0.0127404 9.9982E-05
0.150411 0.469197 0.0272626 0.0471746 9.9991E-05 0.149116 0.156739
0.642632 9.9973E-05 9.9973E-05 0.0721188 0.132173 9.9973E-05 0.152777
0.188733 0.282451 0.451575 0.0327628 0.044279 9.9982E-05 9.9982E-05
9.9973E-05 0.0297511 9.9973E-05 0.00521168 9.9973E-05 0.543087 0.42165
0.178874 0.0260243 0.433466 9.9982E-05 9.9982E-05 0.117582 0.243853
0.130588 0.080998 9.9973E-05 9.9973E-05 9.9973E-05 0.484675 0.30344
0.077123 9.9973E-05 0.175276 0.0130791 9.9973E-05 0.734222 9.9973E-05
0.16131 9.9973E-05 0.824326 0.00589609 9.9973E-05 9.9973E-05 0.00816888
0.0201061 9.9964E-05 9.9964E-05 9.9964E-05 9.9964E-05 0.939053 0.0404411
0.585412 0.0228046 0.122478 0.0340923 0.172981 9.9991E-05 0.0621327
0.664793 0.0628636 9.9982E-05 0.0762157 0.106034 9.9982E-05 0.0898933
0.65374 9.9982E-05 0.0230798 0.0641165 0.136534 0.12233 9.9982E-05
0.563056 0.124021 0.132639 0.00257438 9.9982E-05 0.177509 9.9982E-05
0.457451 0.129682 0.0488265 9.9991E-05 0.0431856 0.258779 0.0619764
9.9982E-05 0.339103 0.358363 9.9982E-05 0.0548164 0.241784 0.00573395
9.9973E-05 9.9973E-05 0.271748 0.0132676 0.712276 9.9973E-05 0.00240857
0.246977 9.9973E-05 9.9973E-05 0.0149075 0.634869 9.9973E-05 0.102947
0.554752 0.103025 9.9973E-05 9.9973E-05 0.132104 9.9973E-05 0.209819
0.385009 0.0785416 0.0553576 0.0541609 0.142614 0.284217 9.9991E-05
0.478992 0.19544 9.9982E-05 0.0435509 0.0838978 9.9982E-05 0.19792
0.318334 0.667853 9.9964E-05 9.9964E-05 9.9964E-05 0.0134133 9.9964E-05
0.320246 0.0637048 0.033581 0.0428579 0.53941 9.9982E-05 9.9982E-05
0.34145 0.0191603 9.9982E-05 9.9982E-05 0.572132 0.0645069 0.00255075
0.387999 9.9982E-05 0.108961 9.9982E-05 0.41842 0.0642557 0.0201642
0.06965 0.38482 0.334837 0.0376209 0.00588228 0.00761386 0.159576
9.9973E-05 0.159302 9.9973E-05 9.9973E-05 0.0411441 0.0627638 0.736491
0.172237 9.9982E-05 0.284865 0.0283213 9.9982E-05 0.0588168 0.455559
0.0166561 0.0520882 0.070109 9.9991E-05 0.0832212 0.0027308 0.775095
9.9982E-05 0.279322 0.0976999 9.9982E-05 0.00521868 0.215081 0.402479
0.045383 0.137217 0.245634 0.00773141 9.9991E-05 0.215989 0.347945
9.9955E-05 0.0546717 9.9955E-05 9.9955E-05 9.9955E-05 9.9955E-05 0.944829
9.9973E-05 9.9973E-05 9.9973E-05 0.00187031 0.0512738 0.100222 0.846333
0.0522528 0.32453 0.290059 0.00450442 0.00735777 0.112809 0.208488
9.9955E-05 9.9955E-05 9.9955E-05 9.9955E-05 9.9955E-05 0.858067 0.141433
0.0491376 0.108093 0.148441 0.0122171 9.9991E-05 0.663863 0.0181486
9.9964E-05 9.9964E-05 0.302198 0.00195335 9.9964E-05 0.695449 9.9964E-05
0.147369 0.174615 9.9982E-05 9.9982E-05 0.0437002 0.268972 0.365143
9.9982E-05 9.9982E-05 0.125056 0.0379549 0.00763986 0.757085 0.0720641
0.0776249 0.152085 0.05939 0.00597991 0.0236175 0.660052 0.0212505
0.0743758 9.9964E-05 9.9964E-05 9.9964E-05 9.9964E-05 0.139365 0.78586
0.00794768 0.734119 0.257533 9.9964E-05 9.9964E-05 9.9964E-05 9.9964E-05
0.0414434 0.72896 9.9964E-05 9.9964E-05 9.9964E-05 9.9964E-05 0.229196
9.9973E-05 0.745623 0.0221397 0.0383554 9.9973E-05 0.193582 9.9973E-05
0.0371508 0.734608 0.114106 9.9991E-05 0.0384122 0.058656 0.0169666
9.9973E-05 0.725477 9.9973E-05 0.0175586 0.0462071 9.9973E-05 0.210457
0.10315 9.9982E-05 0.31672 9.9982E-05 0.0606456 0.129374 0.389911
9.9955E-05 0.114258 0.885243 9.9955E-05 9.9955E-05 9.9955E-05 9.9955E-05
0.168209 9.9955E-05 9.9955E-05 9.9955E-05 0.831292 9.9955E-05 9.9955E-05
0.0472938 0.00120896 0.0420992 0.0273228 0.764386 0.100089 0.0175996
9.9982E-05 0.0203353 0.147865 0.0128552 0.800771 9.9982E-05 0.0179733
0.293213 0.0132728 9.9973E-05 9.9973E-05 0.547451 9.9973E-05 0.145764
0.079579 9.9973E-05 9.9973E-05 0.0242032 0.760411 9.9973E-05 0.135506
0.00798561 0.150802 0.0413606 0.00869533 0.765475 0.0255811 9.9991E-05
0.0998537 9.9973E-05 9.9973E-05 0.0183797 0.767677 9.9973E-05 0.11379
0.0338284 0.0544636 9.9982E-05 0.00202711 0.774046 9.9982E-05 0.135435
0.0396296 0.0936957 9.9973E-05 9.9973E-05 0.801299 9.9973E-05 0.0650762
0.041375 0.0742897 0.0366698 9.9982E-05 0.790495 9.9982E-05 0.0569704
0.0462481 9.9973E-05 0.175841 0.0178507 0.75976 9.9973E-05 9.9973E-05
0.0479715 9.9991E-05 0.0352705 0.0278185 0.724456 0.108493 0.0558902
9.9982E-05 0.0146302 9.9982E-05 0.016876 0.738928 0.125619 0.103747
9.9973E-05 0.0628091 0.0535292 9.9973E-05 0.803373 0.0799888 9.9973E-05
0.142019 9.9973E-05 0.141465 0.00708687 0.70913 9.9973E-05 9.9973E-05
9.9973E-05 9.9973E-05 0.0856057 0.0247061 0.793244 9.9973E-05 0.096144
0.0587185 0.041045 0.0877873 0.0222687 0.78924 0.000840987 9.9991E-05
0.835596 9.9964E-05 9.9964E-05 9.9964E-05 0.0304484 9.9964E-05 0.133556
0.817833 9.9973E-05 0.0122903 9.9973E-05 9.9973E-05 0.12832 0.0412566
0.0432046 9.9973E-05 0.119483 9.9973E-05 0.778786 9.9973E-05 0.058226
9.9973E-05 9.9973E-05 0.184339 0.010168 0.631188 9.9973E-05 0.174006
0.210988 0.0476633 9.9964E-05 9.9964E-05 0.740949 9.9964E-05 9.9964E-05
0.576947 9.9982E-05 0.198455 9.9982E-05 0.0958101 0.0816156 0.0469728
0.0456451 9.9955E-05 9.9955E-05 9.9955E-05 9.9955E-05 9.9955E-05 0.953855
9.9982E-05 0.144514 0.0445303 0.0135777 9.9982E-05 0.131041 0.666137
0.174392 0.42323 0.0178199 9.9982E-05 9.9982E-05 0.0220887 0.36227
0.0809519 0.458888 9.9982E-05 9.9982E-05 0.000826162 0.238746 0.220389
0.145739 0.668665 0.0312335 0.00859305 0.00854757 0.137122 9.9991E-05
0.0254133 0.74197 9.9982E-05 9.9982E-05 0.0506829 0.160918 0.0208158
9.9973E-05 0.621719 9.9973E-05 0.0145949 9.9973E-05 0.131118 0.232268
0.0685588 0.623114 0.112313 0.0380849 9.9982E-05 0.157729 9.9982E-05
0.119531 0.623918 9.9982E-05 0.0216106 0.0671551 0.167586 9.9982E-05
9.9982E-05 0.611492 9.9982E-05 0.0470489 0.0752553 0.102339 0.163664
0.0545894 0.0795006 0.0540487 0.00363381 9.9982E-05 9.9982E-05 0.808028
9.9982E-05 0.0158325 0.329056 0.0367395 0.029114 9.9982E-05 0.589058
9.9982E-05 9.9982E-05 0.899989 0.0513897 0.0146386 0.0231885 0.0105944
9.995E-05 9.995E-05 0.9994 9.995E-05 9.995E-05 9.995E-05 9.995E-05
9.995E-05 9.995E-05 0.9994 9.995E-05 9.995E-05 9.995E-05 9.995E-05
0.228326 9.9973E-05 0.67794 9.9973E-05 9.9973E-05 0.0197251 0.0737093
0.00321475 0.134368 0.174383 9.9991E-05 0.002001 0.579895 0.106039
0.0559378 9.9964E-05 9.9964E-05 9.9964E-05 0.0761964 0.867466 9.9964E-05
0.0406081 9.9964E-05 9.9964E-05 0.0313184 9.9964E-05 0.927674 9.9964E-05
9.9982E-05 0.0523042 0.276286 0.00192945 0.0301813 0.639099 9.9982E-05
9.9982E-05 0.0357118 0.273978 0.00440502 0.0425158 0.64319 9.9982E-05
9.9982E-05 0.483397 9.9982E-05 0.149435 0.0806956 0.237867 0.0484056
0.170572 0.0267687 0.00634916 0.0163114 0.6804 0.0705218 0.0290772
0.0628579 0.08773 0.0544949 0.0247594 0.718128 0.0519298 9.9991E-05
0.155443 0.0048842 0.0108466 9.9982E-05 0.738669 0.089957 9.9982E-05
0.148475 9.9982E-05 9.9982E-05 0.00528412 0.643483 0.0658909 0.136666
0.00239535 0.048245 0.0073531 0.0295474 0.753072 9.9991E-05 0.159287
9.9982E-05 0.245348 0.339426 0.0180774 0.0787819 0.318166 9.9982E-05
0.0406393 0.152027 9.9982E-05 0.0081619 9.9982E-05 0.434629 0.364343
9.9982E-05 0.00403409 0.0647148 0.0345171 9.9982E-05 0.72571 0.170824
0.135869 0.183829 0.0500226 0.0707299 9.9991E-05 0.259166 0.300283
