0.185132 0.711895 0.102873 9.9991E-05
0.09261 0.775492 0.119553 0.0123455
0.144825 0.655103 0.199972 9.9991E-05
0.217347 0.74197 0.0290061 0.0116772
9.999E-05 0.908359 0.0260724 0.0654685
0.135232 0.84048 9.9991E-05 0.0241884
0.112086 0.7771 0.0716131 0.0392018
0.229961 0.769839 9.9982E-05 9.9982E-05
9.999E-05 0.677705 0.204765 0.11743
0.301302 0.503035 0.172692 0.0229706
0.386554 0.394161 0.129241 0.0900438
0.222085 0.457765 0.298857 0.0212928
0.792494 0.0442131 0.0623022 0.100991
0.117979 0.491151 0.260599 0.130271
9.999E-05 0.685383 0.221282 0.0932349
0.180823 0.664321 0.154756 9.9991E-05
0.0301756 0.74177 0.218416 0.00963868
9.9982E-05 0.908048 0.0917525 9.9982E-05
0.127885 0.111027 0.602862 0.158225
0.092703 0.170575 0.715159 0.0215627
0.0892285 0.206987 0.703684 9.9991E-05
0.138534 0.0611317 0.774814 0.025521
0.0527166 9.9982E-05 0.947083 9.9982E-05
0.00626048 0.129849 0.817835 0.0460556
0.10149 0.253322 0.645089 9.9991E-05
0.0634172 0.0391879 0.897295 9.9991E-05
9.9982E-05 9.9982E-05 0.88552 0.114281
9.9982E-05 9.9982E-05 0.914079 0.0857208
9.9982E-05 0.125571 0.874229 9.9982E-05
0.0295124 0.0409983 0.873579 0.0559105
0.00730636 9.9991E-05 0.93717 0.0554232
9.9991E-05 0.0838684 0.84849 0.0675419
0.112564 0.0606607 0.826676 9.9991E-05
0.351837 0.481281 0.166782 9.9991E-05
9.9991E-05 0.740726 0.21593 0.0432446
0.0570207 0.726409 0.144311 0.0722592
0.364227 0.602507 0.0331656 9.9991E-05
0.216943 0.536008 0.160325 0.0867235
9.9982E-05 9.9982E-05 0.652377 0.347423
0.232987 9.9982E-05 0.766813 9.9982E-05
9.9991E-05 0.702812 0.169794 0.127293
0.163529 0.659515 0.176856 9.9991E-05
0.378843 0.252803 0.267301 0.101053
0.727585 0.0509958 0.115526 0.105894
0.977785 9.9982E-05 0.022015 9.9982E-05
9.9982E-05 9.9982E-05 0.645143 0.354657
0.301054 0.420142 0.259984 0.0188196
0.432604 0.315868 0.144199 0.107329
0.175838 0.337514 0.378448 0.108199
0.12439 0.0859786 0.0180303 0.771601
0.170098 9.9991E-05 0.00731391 0.822488
9.9982E-05 0.164068 9.9982E-05 0.835732
0.146306 0.120152 9.9991E-05 0.733443
0.00110443 0.102208 0.0311673 0.86552
9.9991E-05 0.0378034 0.0844562 0.87764
9.9982E-05 0.255105 9.9982E-05 0.744695
0.0105472 0.0763166 0.063283 0.849853
9.9982E-05 9.9982E-05 0.130504 0.869296
0.0307282 0.16678 9.9991E-05 0.802392
0.169504 0.152161 0.00240191 0.675933
0.0623737 9.9991E-05 0.114858 0.822669
0.114262 0.083866 0.0924574 0.709415
0.554757 0.0170172 0.106407 0.321819
0.0608388 0.100313 0.823004 0.0158437
0.0941057 0.166563 0.737248 0.00208348
9.9982E-05 0.100975 0.898825 9.9982E-05
0.166472 0.130843 0.0166473 0.686037
0.495075 0.00260289 0.012173 0.490149
0.15492 0.0794671 0.0619025 0.703711
0.298315 9.9982E-05 9.9982E-05 0.701485
0.0150506 0.135142 0.0249969 0.824811
0.646275 0.22191 9.9991E-05 0.131715
0.855534 0.12086 9.9991E-05 0.0235061
0.857662 0.0594545 0.000770771 0.0821132
0.9997 9.998E-05 9.998E-05 9.998E-05
0.872683 9.9991E-05 0.108311 0.0189053
0.975258 9.9982E-05 9.9982E-05 0.0245417
0.843737 0.0728564 0.0833065 9.9991E-05
0.201031 0.147891 9.9991E-05 0.650978
0.418022 0.0501132 0.0676202 0.464245
0.201021 9.9991E-05 0.096371 0.702508
0.0380818 9.9991E-05 0.175615 0.786203
0.0281234 0.218884 9.9991E-05 0.752893
0.103508 0.124758 0.735431 0.0363038
0.621783 0.0186398 0.121492 0.238085
0.899163 9.9982E-05 9.9982E-05 0.100637
9.9982E-05 9.9982E-05 0.605624 0.394176
0.248345 0.581072 0.170483 9.9991E-05
0.147528 0.675473 0.176899 9.9991E-05
0.187497 0.602889 0.206451 0.00316377
0.212494 0.379108 0.316487 0.0919114
0.0506439 0.771546 0.0828352 0.0949747
0.878105 9.9982E-05 9.9982E-05 0.121695
0.18562 0.161603 0.610364 0.0424135
0.694323 0.0957593 9.9991E-05 0.209818
0.363235 0.254956 0.333466 0.0483429
0.0416933 0.735707 0.221955 0.000645088
0.321313 0.646695 0.0318921 9.9991E-05
0.272095 0.573807 0.153998 9.9991E-05
0.289964 0.621662 0.0570906 0.0312832
0.504357 0.486914 0.00862885 9.9991E-05
0.267819 0.638084 0.0939962 9.9991E-05
0.774465 0.0343349 9.9991E-05 0.1911
0.570188 0.1552 0.120173 0.154439
0.673273 9.9991E-05 0.0873644 0.239263
0.638325 0.137217 0.224358 9.9991E-05
0.478563 0.322485 0.1112 0.0877524
0.067892 0.480351 0.416022 0.0357344
9.9982E-05 0.222488 9.9982E-05 0.777312
0.162694 0.0675892 9.9991E-05 0.769617
0.744882 9.9991E-05 0.118089 0.13693
0.398997 0.229939 0.170594 0.20047
0.611849 9.9991E-05 0.276017 0.112035
0.306638 9.9982E-05 0.693162 9.9982E-05
0.338175 9.9991E-05 0.013431 0.648294
0.374842 9.9982E-05 9.9982E-05 0.624958
0.446797 0.10374 9.9991E-05 0.449363
0.109468 0.345084 0.488872 0.0565754
9.9991E-05 0.717371 0.221371 0.0611582
0.0864232 0.812317 0.0468434 0.0544168
9.9991E-05 0.843317 0.0463568 0.110226
0.0547535 0.550252 0.394894 9.9991E-05
0.0715539 0.661262 0.251967 0.0152171
9.9991E-05 0.851119 0.123037 0.0257436
9.9991E-05 0.912671 0.0179386 0.0692902
0.181367 0.495885 0.322648 9.9991E-05
0.0340931 0.816192 0.103478 0.046237
9.9991E-05 0.686834 0.282836 0.0302296
0.207848 0.73994 0.0521122 9.9991E-05
0.0993646 0.519678 0.285436 0.0955206
0.114372 0.663423 0.163027 0.0591788
0.327936 0.407278 0.264686 9.9991E-05
0.0798547 0.87521 0.0329822 0.0119531
0.207665 9.9982E-05 0.792135 9.9982E-05
0.0588233 0.0631342 0.877942 9.9991E-05
9.9982E-05 0.0157943 0.984006 9.9982E-05
0.0902134 0.0544128 0.805076 0.0502979
0.0201799 0.0609517 0.83783 0.0810388
0.219565 0.688185 9.9991E-05 0.0921501
0.24262 0.595692 0.161588 9.9991E-05
0.0931844 9.9982E-05 9.9982E-05 0.906616
0.0226797 0.0923289 0.0616217 0.82337
9.9982E-05 0.114982 9.9982E-05 0.884818
0.317805 0.00422734 0.0461873 0.631781
0.0122714 0.0906268 0.0111225 0.885979
0.00356703 9.9991E-05 0.181381 0.814952
0.0148224 0.0839158 9.9991E-05 0.901162
0.0732134 9.9991E-05 0.0731775 0.853509
0.0572186 0.00947163 0.0895775 0.843732
0.072329 9.9991E-05 0.100242 0.827329
0.0388108 0.113126 9.9991E-05 0.847963
0.109752 0.0599362 0.0582999 0.772012
9.9991E-05 0.166057 0.0414527 0.79239
9.99933E-05 0.0206662 0.064532 0.914702
0.138179 0.0215129 0.00648896 0.83382
9.9982E-05 0.124175 9.9982E-05 0.875625
0.0691469 9.9991E-05 0.0815674 0.849186
0.651103 0.173912 9.9991E-05 0.174885
0.915066 0.0847342 9.9982E-05 9.9982E-05
0.173935 0.0540431 9.9991E-05 0.771922
0.045647 0.285973 0.00254404 0.665836
0.098034 9.9991E-05 0.0663857 0.83548
0.825258 0.0734044 9.9991E-05 0.101238
0.157281 0.842519 9.9982E-05 9.9982E-05
9.9991E-05 0.702356 0.276615 0.0209293
0.204068 0.357925 0.437907 9.9991E-05
0.104195 0.293844 0.592442 0.0095192
0.222961 0.0490532 0.727886 9.9991E-05
0.0512874 0.0709525 0.855473 0.0222871
0.113786 0.156994 0.72912 9.9991E-05
0.00836556 0.183151 0.747121 0.061363
0.10966 9.9991E-05 0.815814 0.074426
9.9991E-05 0.107103 0.813872 0.0789249
0.157588 0.706632 0.120398 0.0153826
0.133238 0.692214 0.101908 0.0726398
0.229506 0.714143 9.9991E-05 0.0562504
0.266916 0.732884 9.9982E-05 9.9982E-05
0.216557 0.783243 9.9982E-05 9.9982E-05
0.429352 0.570448 9.9982E-05 9.9982E-05
0.231896 0.563475 0.204529 9.9991E-05
0.0980604 0.562733 0.226196 0.113011
0.0672829 0.709175 0.117408 0.106134
0.204551 0.562553 0.187154 0.0457425
0.101712 0.686368 0.144659 0.0672618
0.0415187 0.0721345 0.772529 0.113818
0.183301 0.0513513 0.0403451 0.725003
0.0764663 9.9991E-05 0.113024 0.81041
0.185905 9.9991E-05 0.00682059 0.807174
0.0949492 0.182157 0.0026327 0.720261
9.9991E-05 0.155166 0.0581424 0.786592
0.161355 0.397247 0.313395 0.128003
0.0894977 0.565425 0.325257 0.0198197
9.9991E-05 0.771262 0.156855 0.0717829
0.164242 0.511625 0.324033 9.9991E-05
