9.9991E-05 0.134752 0.1652 0.690031 0.00991699
9.999E-05 0.079572 0.0830912 0.795688 0.0415484
0.00120989 0.186035 0.154749 0.635029 0.0229781
0.0369258 9.9991E-05 0.181255 0.778696 0.00302359
0.0807815 9.9973E-05 9.9973E-05 0.918919 9.9973E-05
0.111164 9.9973E-05 9.9973E-05 0.888537 9.9973E-05
0.00125798 0.0780172 0.200416 0.720209 9.9991E-05
9.9982E-05 9.9982E-05 0.216603 0.735208 0.0479889
0.108266 0.17669 0.0199364 0.673902 0.0212056
9.999E-05 0.184253 0.222496 0.545016 0.0481347
0.0509224 0.0418974 0.500199 0.335429 0.0715527
0.0376065 0.227325 0.215523 0.48396 0.0355867
0.0335301 9.9991E-05 0.864718 0.0650004 0.0366516
0.0583966 0.246773 0.190881 0.503849 9.9991E-05
0.057614 0.16861 9.9991E-05 0.731703 0.0419739
9.999E-05 0.064719 0.226748 0.705158 0.00327504
0.00907735 0.252651 0.0171679 0.721004 9.9991E-05
0.00631851 0.0602266 9.9991E-05 0.891457 0.0418983
0.150587 0.540271 0.0909548 0.148233 0.0699534
9.9982E-05 0.745519 0.142628 0.111652 9.9982E-05
9.9982E-05 0.738387 9.9982E-05 0.239505 0.0219087
0.0217304 0.830918 0.120851 9.9991E-05 0.0264003
9.9982E-05 0.869895 0.0554723 9.9982E-05 0.0744331
0.0360959 0.795583 9.9991E-05 0.119232 0.0489893
9.9982E-05 0.691397 0.117255 0.191148 9.9982E-05
9.9982E-05 0.881891 9.9982E-05 0.107415 0.0104945
0.0813987 0.897363 9.9982E-05 9.9982E-05 0.0210384
0.0871581 0.846194 0.011849 9.9991E-05 0.0546995
0.0463148 0.953385 9.9973E-05 9.9973E-05 9.9973E-05
0.107217 0.84157 9.9982E-05 0.0510129 9.9982E-05
0.0514657 0.942542 9.9982E-05 9.9982E-05 0.00579263
0.0347487 0.896731 9.9991E-05 0.0571662 0.0112542
9.9991E-05 0.842025 0.0578891 0.00956307 0.0904232
9.9991E-05 0.183711 0.236385 0.520677 0.0591261
0.03911 0.272054 9.9982E-05 0.688636 9.9982E-05
0.0726914 0.176185 9.9982E-05 0.750923 9.9982E-05
0.0261497 0.0507304 0.15613 0.724273 0.0427171
0.11195 0.162298 0.187872 0.53778 9.9991E-05
9.997E-05 9.997E-05 9.997E-05 9.997E-05 0.9996
9.9982E-05 0.768279 0.197158 9.9982E-05 0.0343624
0.130696 0.117908 9.9991E-05 0.734435 0.0168609
9.9991E-05 0.14119 0.171391 0.679127 0.00819174
0.133851 0.243905 0.296805 0.309213 0.0162262
0.138567 0.0495341 0.621738 0.166888 0.0232723
9.9982E-05 0.00179052 0.994863 9.9982E-05 0.00314665
9.997E-05 9.997E-05 9.997E-05 9.997E-05 0.9996
0.0202002 0.22409 0.269664 0.406792 0.0792536
0.0787556 0.122127 0.500197 0.298821 9.9991E-05
0.101182 0.314361 0.199213 0.361356 0.0238875
0.76978 0.00108708 0.138098 0.0519396 0.0390953
0.719389 9.9982E-05 0.246673 9.9982E-05 0.0337384
0.803253 9.9982E-05 9.9982E-05 0.190153 0.00639377
0.703908 9.9991E-05 0.142809 0.0915579 0.0616248
0.847124 0.0712176 9.9991E-05 0.0312234 0.0503355
0.857467 0.0822941 9.9982E-05 0.0600389 9.9982E-05
0.722911 9.9973E-05 9.9973E-05 0.276789 9.9973E-05
0.782845 0.0636955 0.128063 0.0187969 0.00660024
0.85085 0.108554 9.9982E-05 9.9982E-05 0.040396
0.795919 9.9991E-05 0.00332244 0.152928 0.0477305
0.62328 9.9991E-05 0.230404 0.120125 0.0260906
0.80367 0.103508 0.0759255 9.9991E-05 0.0167966
0.747548 0.147325 0.0581902 0.0468364 9.9991E-05
0.312936 0.0442561 0.574735 0.00743938 0.0606332
0.0475977 0.738907 0.0857394 0.0997885 0.0279672
0.0430682 0.758884 0.0720031 0.109098 0.0169468
9.9982E-05 0.85674 9.9982E-05 0.125646 0.0174139
0.677351 0.0358397 0.161549 0.102223 0.0230378
0.481666 9.9982E-05 0.444392 9.9982E-05 0.0737422
0.711637 0.0289443 0.159329 0.078948 0.0211419
0.684829 0.01462 0.2329 9.9991E-05 0.0675516
0.819243 9.9982E-05 9.9982E-05 0.130107 0.05045
0.0823681 9.9991E-05 0.72462 0.178783 0.0141292
0.0619043 9.9991E-05 0.787812 0.138009 0.0121748
0.0622794 9.9982E-05 0.831788 0.105733 9.9982E-05
9.9973E-05 9.9973E-05 0.978397 9.9973E-05 0.0213031
9.9982E-05 0.111604 0.867964 9.9982E-05 0.0202323
9.9973E-05 9.9973E-05 0.975806 9.9973E-05 0.0238941
9.9991E-05 0.0650126 0.836378 0.0917086 0.00680087
0.612225 9.9982E-05 0.280722 0.106853 9.9982E-05
0.406136 9.9991E-05 0.401142 0.0742036 0.118419
0.68054 0.100104 0.185755 9.9991E-05 0.0335009
0.737678 0.127835 0.0813207 9.9991E-05 0.0530659
0.712916 9.9991E-05 0.0948481 0.156023 0.0361129
0.0271102 0.662127 0.117838 0.165382 0.0275424
0.286247 0.130164 0.485177 0.0983114 9.9991E-05
0.0605297 9.9973E-05 0.93917 9.9973E-05 9.9973E-05
9.997E-05 9.997E-05 9.997E-05 9.997E-05 0.9996
9.9991E-05 0.184614 0.181426 0.629229 0.00463193
9.9991E-05 0.135953 0.0693741 0.761325 0.0332483
9.9991E-05 0.164152 0.197781 0.583641 0.0543266
0.0649544 0.267132 0.26082 0.375729 0.0313642
0.0696672 0.104779 0.0640752 0.761378 9.9991E-05
0.169766 0.00503207 0.814543 9.9991E-05 0.0105593
0.0503753 0.587517 0.146314 0.166397 0.0493967
0.181354 9.9991E-05 0.658983 0.0846054 0.0749576
0.066257 0.271131 0.391876 0.24134 0.0293957
9.9982E-05 0.173348 9.9982E-05 0.808967 0.0174856
9.9982E-05 0.0821033 0.312783 0.604914 9.9982E-05
9.9982E-05 0.178754 0.299329 0.521717 9.9982E-05
0.0168541 0.0381793 0.291347 0.646964 0.00665601
9.9991E-05 0.0524088 0.360976 0.567634 0.0188812
9.9991E-05 0.0695946 0.288839 0.640082 0.00138438
0.207992 0.0507966 0.654216 0.0617525 0.0252425
0.149715 0.0973095 0.628952 0.0388515 0.0851726
0.202502 9.9991E-05 0.673951 0.0475726 0.0758747
9.9982E-05 0.211651 0.651542 0.136608 9.9982E-05
0.0789989 0.168149 0.407436 0.345316 9.9991E-05
0.0392281 0.43969 9.9982E-05 0.520882 9.9982E-05
0.759713 9.9982E-05 9.9982E-05 0.219813 0.0202747
0.729509 0.0403574 0.196584 0.00870101 0.0248484
0.163624 0.232892 0.595783 0.00760097 9.9991E-05
0.170881 0.176695 0.466608 0.163869 0.0219471
0.112772 0.311068 0.498616 0.0281981 0.0493451
9.9973E-05 0.773859 0.225841 9.9973E-05 9.9973E-05
0.615065 9.9982E-05 0.343333 9.9982E-05 0.0414013
0.667427 0.0149526 0.289744 0.0277767 9.9991E-05
0.470415 0.00764729 0.451501 0.0703371 9.9991E-05
0.0381569 0.493795 0.0619577 0.348582 0.0575084
0.0630711 0.180556 9.9982E-05 0.756173 9.9982E-05
9.9991E-05 0.000658119 0.166979 0.789453 0.0428101
0.101915 0.0962063 9.9982E-05 0.801678 9.9982E-05
0.00261329 0.408804 0.0170303 0.571452 9.9991E-05
0.0476561 0.177031 0.0113497 0.730833 0.0331295
0.000135375 0.171894 0.0850136 0.742857 9.9991E-05
0.0785619 9.9982E-05 9.9982E-05 0.920496 0.000741652
0.000770681 0.36398 0.136172 0.498977 9.9991E-05
0.0114042 0.115768 0.047831 0.821335 0.00366245
9.9991E-05 0.181931 0.165938 0.619643 0.0323878
9.9991E-05 0.116976 0.110653 0.749335 0.0229357
0.104128 0.290968 0.109672 0.495132 9.9991E-05
0.054688 0.0366524 0.0665266 0.777146 0.0649865
9.9991E-05 0.222791 0.304794 0.454299 0.0180163
9.9991E-05 0.0511522 0.147105 0.797886 0.00375731
0.00295086 0.819866 0.156548 0.0205349 9.9991E-05
9.9982E-05 0.950143 0.0272046 0.0224523 9.9982E-05
9.9982E-05 0.900639 9.9982E-05 0.0441856 0.0549757
0.0628193 0.819377 0.0301194 0.0694918 0.0181924
0.00164747 0.78704 0.208034 9.9991E-05 0.00317805
0.0806115 9.9991E-05 0.232405 0.659202 0.0276814
9.9991E-05 0.165674 0.141859 0.658381 0.0339862
0.907311 9.9973E-05 0.0923895 9.9973E-05 9.9973E-05
0.787764 0.0464329 0.120878 0.00912604 0.0357991
0.887655 0.0181468 0.0272934 0.0449308 0.0219743
0.624091 0.0752715 0.300437 9.9982E-05 9.9982E-05
0.840618 9.9991E-05 0.0622493 0.0572194 0.0398133
0.795691 0.124054 0.068381 9.9991E-05 0.0117734
0.826248 9.9991E-05 0.0911286 0.0595442 0.0229789
0.847817 0.0878585 0.0641243 9.9982E-05 9.9982E-05
0.812786 0.0446127 0.127229 0.0152731 9.9991E-05
0.816124 0.0294202 0.0849206 0.0579039 0.0116309
0.750541 9.9991E-05 0.184967 0.023335 0.041057
0.770383 0.0435774 0.0474547 0.10244 0.0361443
0.773026 0.0517926 9.9991E-05 0.152294 0.022788
0.854937 0.0417078 0.0223417 0.057526 0.023488
0.810582 0.050016 0.121593 9.9991E-05 0.0177091
0.889815 9.9982E-05 9.9982E-05 0.0911045 0.0188809
0.824153 0.0469347 0.0530518 0.0593907 0.0164698
0.115734 9.9991E-05 0.764701 0.108787 0.0106787
9.9973E-05 9.9973E-05 0.928254 0.0714465 9.9973E-05
0.820956 9.9982E-05 0.123783 0.0550607 9.9982E-05
0.648598 9.9991E-05 0.0768693 0.237449 0.0369835
0.784447 9.9982E-05 0.196616 9.9982E-05 0.0187373
0.110088 9.9982E-05 0.732799 0.156914 9.9982E-05
0.00441082 9.9991E-05 0.10469 0.8611 0.0296992
0.00535222 0.208295 9.9991E-05 0.755082 0.0311705
0.0505586 0.509702 0.0528062 0.386833 9.9991E-05
9.9982E-05 0.644743 0.0460168 0.30904 9.9982E-05
9.9991E-05 0.778074 0.138344 0.0773375 0.00614447
0.0792826 0.865658 0.018304 0.0366552 9.9991E-05
9.9991E-05 0.764754 0.0359455 0.18217 0.0170305
9.9991E-05 0.762034 0.113328 0.0949769 0.029561
0.10505 0.725087 0.0978743 0.0321657 0.0398229
0.054329 0.821031 9.9991E-05 0.0776553 0.0468843
0.0287708 0.0843918 0.108411 0.765496 0.0129308
0.0546841 0.0864515 0.0483764 0.744912 0.0655762
9.9982E-05 9.9982E-05 0.228457 0.732435 0.0389075
9.99731E-05 9.99731E-05 0.270701 0.728999 9.99731E-05
9.9982E-05 9.9982E-05 0.120923 0.842223 0.036654
0.000695482 0.00789984 0.402915 0.588389 9.9991E-05
0.0023822 0.229579 0.191927 0.572227 0.00388495
0.0400066 0.221291 0.232601 0.500646 0.00545515
9.9991E-05 0.0994322 0.197203 0.649706 0.0535588
0.0251721 0.146187 0.201315 0.611834 0.0154921
0.04995 0.174595 0.0047179 0.727309 0.0434279
0.0891123 0.62205 0.065472 0.0624214 0.160944
0.717622 0.0246017 0.231863 0.018903 0.00700963
0.777659 0.0620619 0.122427 0.00047017 0.0373811
0.790751 0.0645194 0.136799 9.9991E-05 0.00783109
0.725421 0.0405408 0.133517 0.091302 0.00921935
0.761986 0.0438065 9.9991E-05 0.163481 0.0306269
0.105059 0.239994 0.205779 0.416501 0.0326664
9.9991E-05 0.230016 0.131376 0.581628 0.0568796
0.00834922 0.130638 9.9991E-05 0.781504 0.079408
9.9991E-05 0.264226 0.209175 0.480826 0.0456728
