0.83507 9.9991E-05 0.16483
0.825483 9.9991E-05 0.174417
0.781247 9.9991E-05 0.218653
0.875826 0.042293 0.081881
0.918811 0.0133937 0.0677955
0.884234 0.0505947 0.0651711
0.865772 0.0354374 0.0987902
0.928955 0.0147979 0.056247
0.680331 0.091927 0.227742
0.661873 0.0422782 0.295848
0.652078 0.256447 0.0914756
0.638273 0.0675402 0.294187
0.542077 0.341192 0.116731
0.640824 0.0823277 0.276848
0.674694 0.0555448 0.269761
0.814955 0.0196715 0.165374
0.730616 9.9991E-05 0.269284
0.857842 9.9991E-05 0.142058
0.145983 0.216446 0.637571
0.276343 9.9991E-05 0.723557
0.224164 0.0254136 0.750422
0.0856075 0.0271581 0.887234
9.9991E-05 0.0176144 0.982286
0.0898755 0.0375941 0.87253
0.269572 0.00247179 0.727956
0.0234947 9.9991E-05 0.976405
9.9991E-05 0.0849338 0.914966
9.9991E-05 0.0940582 0.905842
9.9991E-05 0.00931934 0.990581
0.0325231 0.0872383 0.880239
9.9991E-05 0.057882 0.942018
0.0376768 0.024521 0.937802
0.0534715 0.01544 0.931089
0.707425 0.0533249 0.23925
0.686332 9.9991E-05 0.313568
0.755445 0.0691579 0.175397
0.83063 0.0707095 0.0986603
0.647137 0.140401 0.212462
9.9991E-05 0.37811 0.62179
0.062485 0.0505172 0.886998
0.653072 0.110957 0.235971
0.80437 9.9991E-05 0.19553
0.453908 0.177014 0.369077
0.498915 0.342729 0.158355
0.587722 0.347771 0.0645063
9.9991E-05 0.390663 0.609237
0.631239 0.111802 0.256959
0.686294 0.184799 0.128907
0.412484 0.157972 0.429544
0.133995 0.855442 0.0105639
0.0424058 0.907923 0.0496707
0.143096 0.856804 9.9991E-05
0.102763 0.825168 0.0720694
9.9991E-05 0.916571 0.083329
9.9991E-05 0.927704 0.0721964
0.233339 0.766561 9.9991E-05
0.0671625 0.9057 0.027137
9.9991E-05 0.92854 0.0713599
0.125677 0.874223 9.9991E-05
0.2556 0.7443 9.9991E-05
9.9991E-05 0.934101 0.0657994
0.12285 0.774785 0.102365
0.378764 0.560019 0.0612169
0.0609795 0.0398279 0.899193
0.150783 0.0375363 0.811681
0.0539596 9.9991E-05 0.94594
0.123347 0.843954 0.0326987
0.200841 0.706786 0.0923729
0.10306 0.840218 0.0567215
0.0418572 0.87916 0.0789826
0.0224306 0.920583 0.0569866
0.631019 0.368881 9.9991E-05
0.64788 0.333973 0.0181473
0.609861 0.377898 0.0122412
0.600377 0.354457 0.045166
0.577358 0.283371 0.139272
0.631338 0.35528 0.013382
0.532721 0.286588 0.180692
0.247138 0.752762 9.9991E-05
0.27816 0.630805 0.0910356
0.0310168 0.845646 0.123337
9.9991E-05 0.874535 0.125365
0.202788 0.797112 9.9991E-05
0.163451 0.0643435 0.772206
0.415937 0.483483 0.10058
0.598345 0.401555 9.9991E-05
9.9991E-05 0.410137 0.589763
0.715647 0.0257303 0.258623
0.757198 9.9991E-05 0.242702
0.770891 0.0335227 0.195587
0.55068 0.16441 0.28491
0.809307 0.0490575 0.141635
0.534151 0.44642 0.0194297
0.252703 0.0761455 0.671151
0.547434 0.430053 0.022513
0.455178 0.166084 0.378737
0.7597 9.9991E-05 0.2402
0.918971 0.00587109 0.0751578
0.897405 0.0139444 0.0886502
0.867599 0.102103 0.0302982
0.884902 0.0443658 0.0707324
0.912372 9.9991E-05 0.0875283
0.448297 0.44402 0.107683
0.457254 0.378652 0.164094
0.422807 0.458619 0.118575
0.60216 0.12818 0.26966
0.558535 0.259324 0.182141
0.476021 0.0326888 0.49129
0.114526 0.837839 0.0476357
0.0606842 0.876522 0.062794
0.4169 0.390699 0.192402
0.576602 0.32495 0.0984475
0.273859 0.33763 0.388511
0.223549 0.00529514 0.771156
0.0722176 0.812184 0.115599
0.168889 0.827803 0.00330769
0.365242 0.634658 9.9991E-05
0.338864 0.0626473 0.598489
0.694112 0.0189659 0.286922
0.917087 0.0706639 0.0122493
0.838431 0.0556543 0.105914
0.524013 9.9991E-05 0.475887
0.724126 0.00768428 0.26819
0.825536 9.9991E-05 0.174364
0.937174 0.0333028 0.0295235
0.567687 0.0105154 0.421798
0.893691 9.9991E-05 0.106209
0.739957 9.9991E-05 0.259943
0.86119 0.00424513 0.134565
0.542704 0.127618 0.329678
0.800804 0.0493154 0.14988
0.694684 0.0402693 0.265046
0.866688 9.9991E-05 0.133212
0.0635918 9.9991E-05 0.936308
9.999E-05 9.999E-05 0.9998
9.999E-05 9.999E-05 0.9998
0.0257127 0.0664859 0.907801
0.052262 0.0660196 0.881718
0.881234 0.104329 0.014437
0.798721 9.9991E-05 0.201179
9.999E-05 0.9998 9.999E-05
0.0529107 0.867238 0.0798511
0.0556942 0.944206 9.9991E-05
0.198457 0.769622 0.0319213
0.0451024 0.954798 9.9991E-05
9.9991E-05 0.886712 0.113188
0.060475 0.939425 9.9991E-05
9.9991E-05 0.925842 0.0740577
9.9991E-05 0.897395 0.102505
0.00122671 0.899736 0.0990374
0.101959 0.897941 9.9991E-05
0.0727502 0.835567 0.0916831
0.0980544 0.85827 0.0436755
9.9991E-05 0.926424 0.0734761
0.05477 0.940276 0.00495401
0.0342984 0.965602 9.9991E-05
0.00873964 0.923941 0.0673194
0.568842 0.393064 0.0380946
0.700092 0.251893 0.0480149
0.0420195 0.957881 9.9991E-05
0.24923 0.7361 0.0146693
9.9991E-05 0.989366 0.0105343
0.61534 0.38456 9.9991E-05
0.992428 9.9991E-05 0.00747161
0.723661 9.9991E-05 0.276239
0.529141 0.060153 0.410706
0.365905 9.9991E-05 0.633995
0.11928 0.0228207 0.8579
0.0492526 0.031363 0.919384
0.161579 9.9991E-05 0.838321
0.0812422 0.0813841 0.837374
0.0458959 0.129825 0.824279
0.0104788 0.0939426 0.895579
0.857595 0.00126827 0.141136
0.810229 0.0670634 0.122708
0.953624 0.0462758 9.9991E-05
0.9998 9.999E-05 9.999E-05
0.982856 0.00691232 0.0102318
0.925313 0.0745872 9.9991E-05
0.757 0.00203317 0.240967
0.656692 0.0729931 0.270315
0.815414 0.0307798 0.153806
0.753672 0.0596955 0.186633
0.76604 0.0448933 0.189066
0.125546 0.140236 0.734218
0.116464 0.870667 0.0128692
9.9991E-05 0.915405 0.084495
0.0295664 0.95701 0.0134241
0.177651 0.795127 0.0272219
0.0235295 0.873639 0.102832
0.556564 0.151498 0.291938
0.685109 9.9991E-05 0.314791
0.755474 0.00133519 0.243191
0.630646 0.0249505 0.344403
