IBR/IBR_outputs/all.combrep_1/FireFreq_2000_2008_Total.Silt_Total.Spinifex_Total/FireFreq_2000_2008_Total.Silt_Total.Spinifex_Total.asc
NCOLS 160 
NROWS 95 
XLLCORNER 210004.651214014 
YLLCORNER 7350008.22228844 
CELLSIZE 4999.99999999997 
NODATA_value -9999 
[rows 63 to 83 of 95, columns 92 to 137 of 160]
16.0886090293299 15.5362693325243 16.2310392142378 17.5060967663478 16.6958890772687 17.0538190654869 15.8989110329306 18.0780528645569 17.1830118887692 15.7911620446336 18.2880522993776 26.982480239738 38.7905745452382 35.5467822136943 35.5846811456165 35.1374711306808 35.1504977289085 35.8798494857666 49.7404085288013 50.7387174463785 39.777587823096 38.3388681532061 35.0878707968219 30.363844512649 32.0907815561732 32.4617204681877 31.7518755383318 24.316609220229 21.9255652167131 25.1807196747024 25.5810175974544 12.4813730487239 13.7617601953779 15.4088484182546 13.9666873381698 17.8337188168114 16.6922120700348 17.6910689806222 16.2361524433295 16.819004356809 14.1132875891043 15.4727302454794 11.7004867261215 14.1526188248392 14.3646530333378 14.6199862761417
16.815827335096 15.9302244505895 36.8519990492649 25.6668509089634 25.4657839049448 17.5705335187827 16.9192289839054 15.5549220761973 17.7921622459575 20.1026385055674 17.3999601243381 11.0414919162565 30.595655973837 32.1417686762447 33.1401204101508 32.816288540856 34.4451659927353 33.813383539066 33.4047360962459 37.3772483279968 38.0984230600739 36.6348268530057 38.8770829355068 36.0390694266145 30.8543711155557 30.5396557709215 31.142295826832 28.7713424094374 21.6511343664364 23.9825555254723 15.1971465667937 13.8780583594423 11.0147219215993 12.3354315622386 11.8862020230832 14.5221977424267 17.6512439360335 15.5154973559463 26.7200619094775 32.9303014201349 17.7257628200063 13.2501057313359 12.6248077409895 17.0651704349158 16.2157884635377 12.9999258774398
17.1631145785749 25.8979536172924 43.3730801464353 38.9534809826647 32.8353952574717 20.6883786096925 17.3615718729889 14.9954774944204 14.4504552673646 15.9230904137103 15.9352703788654 14.9803386659076 15.9720390971514 28.8730383709698 29.0009102525247 32.0329813475188 35.4904747545909 33.6988381675884 32.7465622332028 31.5133928468405 36.5217638818917 37.5768063751233 52.7754378660605 35.4293990563528 32.3519739853536 31.6185398153929 30.7990612985653 31.9701380725845 32.2263354889985 25.4658432817007 20.6811762706029 23.0823083850743 12.7279111643592 11.2262897820346 12.3222266589764 20.5536422909711 24.8915055850563 27.8728071345112 30.7554832066369 22.786221910577 18.5617424602929 13.0415556873748 14.8369778478442 19.3291066564744 20.1155421285228 16.0531327700385
17.5346026379444 25.1044245575779 23.8953157344688 35.3170858138338 28.4982919345409 34.7465966427085 21.7032764544221 17.5694196849995 21.6495035564461 15.6933361620346 16.0940225102158 14.4587160196248 16.6471411631876 18.3643431529087 26.2232188344709 31.5139554710463 29.636332243144 24.9626547174655 31.6062840468953 32.8857059291502 39.2914447265679 60.6745251670149 69.5050057140063 37.8252757402073 37.5371953158713 30.1661628997992 30.2413717972091 31.6208214574344 42.6008596770896 43.7277640792844 30.824856569223 31.5146477440978 22.3383412535229 21.9052676641529 20.2355628020884 16.3897003380293 7.57056988818254 22.1584390386076 12.5307181580799 10.3110165454832 7.38198959599246 7.4763360596616 11.07646727552 14.6691435568362 15.9780040023765 13.2795751679421
18.0388664895793 20.8709443953456 12.8335071961286 27.5643966614527 29.9905255803665 31.0855270805559 26.5985814355286 14.5243882603937 12.4678790694142 13.4931445341172 14.8438020271567 11.1722383860286 12.1710462949489 16.5661510255646 16.3222501030607 12.4923008656117 13.427528309883 15.2893341411675 28.1477435585069 31.3090006395646 34.0038733446642 31.7257287528619 9.61772846441981 21.0332829065944 26.9426815542462 14.278424944761 11.6519631353111 28.6744210703761 35.8235846439827 60.9122022275059 50.8827052015359 33.5002486546019 13.9903493121028 8.88393131518748 6.54213006690077 3.70538747219182 3.15142160092621 3.85294272515866 11.3652357290889 9.83894816723394 9.40541021743614 7.58333735951448 10.1028179688457 13.5288176585841 16.2979960927009 12.0276182511666
30.2762092439579 22.1336049890381 36.691680070038 36.0001140717686 24.2908101045185 18.9636767350327 27.6386587824653 22.1779095476881 13.25680845604 15.0760750840518 12.4343780886788 10.2000594268546 7.96441173597022 11.8667725262914 14.3317329091151 13.5445232233209 12.5219813859122 9.40851591154313 8.40317628381487 26.9947770288962 31.7845352471915 32.7784569608619 26.5117522132718 27.2333448243644 27.0165967063373 13.4428527646777 8.36684911518679 24.2599370585453 30.8215011557776 29.181907501569 35.8561705098341 25.9446402419896 3.00095730442445 6.41343395278778 9.700754153899 9.89678056992839 9.17964520346286 5.90998368966754 12.3780358310084 9.7312163955246 5.39663971872122 8.13033505445356 8.12027639881872 9.3649042175454 10.3160987923944 20.9120471132071
20.4774776981085 25.1326882744371 34.9563713709894 21.4317515604418 18.8004456026226 11.4132216905564 15.1279878823327 15.9502405815676 14.2938955236703 13.0908035828154 11.8343736872066 13.4265837843291 14.983162118492 11.5922616474754 12.1671151384221 15.6270678237645 11.7084527814989 11.4719206075951 5.27307542183134 16.3619383191487 29.906148891485 27.7727097057183 17.6536875649095 18.4623025464998 26.3730795157522 21.3058798170365 17.318332563573 17.3953251804872 26.2457406680706 29.4398254727338 14.6237393162017 13.0788423567236 10.1852117274591 7.55594605993691 6.89454998259004 11.635802917862 11.1867358755129 12.4463955685636 13.7741330007125 4.33252047307597 16.3961024912301 20.9200872495527 9.39116914244879 16.3108556284693 18.9129046279501 16.7724419119265
23.6668358772656 19.5613290718923 21.9410409823887 16.4747880247462 22.1856050476501 15.1351496304671 14.2642689259803 15.7390109341055 17.7494361202075 12.1822724860924 10.825421663388 13.2282124108744 21.061892833718 10.4790402896 9.12336913268149 11.5841456091571 12.6479836352943 15.7998380091363 13.4258998974711 9.16779791136297 26.9796119763369 26.4774551862676 21.8114238879939 24.2659351103592 27.0971282278238 31.7693137708143 31.1251895897883 9.44340391915599 15.5121869991288 24.2178135545656 25.2964281031122 13.6460093970004 18.4072540706403 15.626147030295 10.4089415720887 10.6297728339945 10.6983670115393 19.529161345959 14.7829201172564 14.6495189228054 18.4945264404937 11.0129929898123 9.16581366285274 12.7704410801285 24.5134626146685 25.5315106616692
24.2457858743779 28.2937032383572 28.9003964672617 20.1153444042846 16.8181022060347 13.81101246359 15.3734021212055 24.6802388692427 19.7914187704503 12.4290397303185 11.3959865679669 12.738397746378 10.69610853676 9.6852096190553 11.0011100567455 12.376039300383 13.7515278351621 12.0234978091441 22.6335845965183 24.6656477205426 27.2242873602251 23.4171289067803 20.8669254928962 30.9710086754697 28.087912168212 32.1986389562144 29.3269858373981 13.7955609825105 10.6416482687922 18.1355742448136 22.7981555055948 10.8021347170738 22.0978768725639 34.6376233334384 21.800359350442 6.56818249390798 9.54244962496898 9.18231957215076 19.5367516948129 23.035302465816 11.5834930828372 11.6748114869511 10.9203195857076 24.5187761633568 27.5316110226327 29.275840035691
19.9073024523261 23.4459727928474 26.6804222577762 22.8813648208575 13.1231920734848 13.4882940839925 13.4358106373775 19.5471062929626 27.3810510035504 25.5030653517214 26.5605240233209 17.4223209386374 11.6880437367143 11.5829228530927 11.8055724420725 14.6332117111604 14.3858635548557 13.73462535512 16.3216910508285 29.3092619028999 25.4067872431125 13.2945106125711 12.0955043650277 30.4621987100875 30.5462560459838 33.9786290916979 29.7107479367324 21.203502022408 6.54762081352765 10.3400357541498 10.4488474636768 10.6552116834257 11.5637974375615 25.5158123580711 29.7221583384027 14.3277411583995 10.8932391549649 14.6701595522953 26.1088608146038 25.1034675232532 13.0070631381993 16.8513293321066 14.3667100119937 24.6535012262459 27.9459496943518 17.0594755908443
24.6445426478893 27.4425279117699 34.4598613470535 18.470644858438 11.1246977415212 10.4893126240344 11.4327028040144 14.032493097601 12.2587170705085 26.4871066524997 23.9843457032256 16.4584967507621 15.2866581707585 12.1534136842806 13.2104741717624 15.0565255599268 13.6766335954348 12.5549007086506 15.7684333980982 22.2707849232322 11.5791536238471 8.52250243698123 8.82296036937661 27.3013018716254 31.0618565133099 34.2275227473834 33.687725967047 10.967336716797 2.27446096222575 5.91680243940851 13.1246180869373 10.3902522201856 9.27308702173327 16.4263570800053 25.5481653561315 39.1672749040209 40.4801426311831 42.1074208845789 28.1812799045329 25.7261960828916 18.5734272773249 18.5692040399066 20.3464784560228 29.8389314809699 30.947706103783 22.1634182335126
27.7944377932213 23.2053714023436 29.8408415393656 33.0123609089951 21.9460972270401 23.76664039112 33.1369121255131 24.0127288695127 20.6787835142079 24.9087305743706 22.5846227205362 15.5922879799782 14.1443230272014 13.8044589457329 15.327322328879 12.5876485912203 13.7890480989333 13.637024833211 14.9899582162903 16.9136427521834 13.6653710471612 10.532145397926 7.77693269356558 11.5929835102076 31.5913904089368 36.6900848755528 31.0037512468455 7.1515752691584 5.76552633085242 10.9507423822947 24.6801949796777 22.0220575307835 13.0722314790781 14.8136685505085 8.32663858435033 11.6953210916566 28.0977998567291 28.8317952288828 28.2782395077474 26.8759009089885 23.3488212077001 28.2701619126756 27.6516493460417 28.3346854286188 26.8303959826385 11.8850527257559
29.7562455052848 25.6963305774074 29.717447562184 26.7358806830065 31.4776816075872 33.2034362025171 26.3898274648089 22.1194211448598 25.8101310470003 23.6596394045128 21.1224332819788 25.9612585413019 23.2787116225634 21.5866513026813 17.2039643286808 12.2562544441593 12.5341608113291 12.6344097943245 15.8405948711274 17.1468016692478 15.2769585957582 12.5578844500664 9.0228886628819 8.89452358869319 22.9115828767449 37.9967256372384 25.6282470717226 6.4086477061012 6.27843875996187 21.7532326671873 34.3934724144505 22.7531020215398 14.4784087189412 15.7509747447643 9.19202385548709 5.28112367172169 10.6618016931386 26.1964228312874 28.321039683208 26.1179038477425 8.99002306511285 21.0891979974677 25.7656216331865 30.9080694260121 30.9334249701574 21.0483073121577
22.7553766368205 24.4318350719794 22.7763986531112 17.0318592936315 18.3367471157476 19.084718057907 16.4845962288205 17.3416892508276 16.6096772615718 17.8053806227608 17.1516214481734 25.1742419724822 18.0823549229622 26.1780693929012 25.7932455730826 20.1360293196167 24.5340923244025 20.733119799469 17.0009456113358 17.5276240235367 16.6668107978068 17.7580601992906 15.0632673716658 12.409139258402 12.679099609972 41.9037099773511 17.8116525686237 8.14948315267688 13.999912683407 34.1579048633108 31.8426922582704 20.9278701797003 13.1808265335708 10.3322826167481 8.90307114369771 6.06114876235073 8.18448976537958 13.2019052504146 29.0408060266866 28.3892493168861 27.6634226358726 12.4226322226342 29.4521620876805 29.5066809962142 29.9994413484554 22.2492120187192
31.0379333559258 23.6161532770089 15.3391556869793 14.645084677936 15.5915960265989 19.1654547896805 27.2595585448982 32.9353888262582 24.2258718380863 20.9405875171336 25.1082563761208 36.4078778676324 32.9744562722305 29.9248130292054 24.2351491834036 19.7789979890254 24.1536444910829 21.1584953267985 19.8159473498416 18.0793486204617 15.6393349514694 16.5328140606581 15.572908589009 12.03222400114 12.1992795218175 34.4772971979324 23.0682945819968 10.6787288637053 32.1994356287817 30.9872822473034 18.7375518480192 17.8138590836119 18.6833604251517 12.1170554224612 11.3427680000705 7.50660322344066 9.0775557746172 12.7752934733679 23.9133917156593 27.6006678259423 28.3502171680075 27.9814549495263 28.5872354069652 16.5940875684376 24.376288970735 23.496477332249
19.7318442818442 22.5545082369303 20.9555782186329 21.3025552877391 22.2761617376728 18.2683875020827 18.6820604499484 26.3039116646519 33.5857678534853 37.4440409213176 39.4126047554233 39.4326068089227 34.527628090884 29.1478723832626 29.8582074646678 35.7763149376081 31.3240556282101 18.521172637359 16.1957110970539 14.2968237466189 17.8099316312615 16.5664559839641 16.4331606083262 17.2168350831518 18.5621391287195 25.432510883521 20.1414351862666 33.9422320193783 36.3368999871631 22.0820398564698 18.2883372162063 15.3391869025257 17.3223447300975 17.2232995152415 17.1013887245181 7.16552969730556 8.87361305422913 14.7977160928532 9.34231767022973 11.6121246048635 21.9885241035257 24.0001921443364 27.8988623804708 25.043697961335 8.61422193533822 8.35310201977786
13.0328126588325 20.128977844241 24.6955781047545 33.1821758428265 31.1581342545411 24.6046972009443 27.9911220992008 21.6159596418716 27.3434127273746 34.0510504808894 19.6508011679815 15.6524595255005 13.8499349166135 14.1856869642728 16.4156250973891 19.287660684921 14.3095215359372 13.0927020744142 13.9010965955187 13.7774132864519 15.2914181704511 14.162972142222 12.7515034092473 13.6537050029606 18.6676775008054 26.6076896640039 22.1753433905614 33.2758423525385 20.2698814809286 24.6443906426177 16.8280399464413 12.1442250006274 11.7830138166185 14.9846641084922 21.9007102491434 9.12157576496872 15.3363024985245 16.6213744513247 17.0111099720239 13.6102559650748 12.6351463822451 22.854905314651 25.7371744666074 28.2932590548204 13.3484079734245 5.62497803315806
24.6815445204873 35.1106931401323 31.065115807667 23.8615251513765 24.9119232479734 27.5613465699773 26.4704262622426 24.9267628629348 31.3921992257101 29.5789477912356 24.9913365461606 29.5323806040819 26.9989368613959 22.3249241065651 22.6455728565764 24.1802014483992 16.4342704426215 14.7642091517443 16.3316528647037 20.0030658769704 19.8279391763687 16.7339739005801 14.3760648745286 13.4315969185818 14.6946621596334 13.2056972344384 11.2532214455137 15.4213606341753 21.4136553966468 27.6455535121861 11.3803622211608 11.3294524341774 9.68593923030326 17.369941085199 20.3691044878202 11.6933877527077 30.0586291653909 14.0341129865478 20.6024232299218 14.2529250908924 23.2437894640411 26.4325163055405 29.0850703489257 26.4766702508809 10.4192440250807 6.11673047328384
17.5157821861206 26.7823622145413 20.1794195389112 16.7843049585983 15.3136003844009 15.6678892473434 28.609194940156 28.3502519203771 31.1539500269716 29.4777566003597 31.5714793929476 29.1377147242506 28.7915824706589 29.6627222751246 23.6977174598564 28.5364063256684 19.9537252423905 14.1738198073976 12.5333019936302 17.1471002227222 13.0337843080892 14.8202527989066 22.9951746731333 16.7291245064606 21.265726583429 23.2762354468539 18.6482088186091 16.5869159384553 19.1427142912235 14.1927028489386 13.7390173292858 9.70138119441635 14.9602587493442 21.885813558966 18.3861903457316 16.038843717115 41.7403479951568 28.4339658855241 20.3903627819181 11.8911557561198 24.7900250609099 29.326767393781 28.0631312395507 29.2536098747283 22.542258753188 9.18035853112505
18.6889933458239 25.0540177082383 21.000458193304 17.0393934116171 17.131632581025 13.1826303955046 13.1327671661614 21.1094517768904 28.3938360212239 27.0821910021215 28.6670560220331 29.3499069696221 31.1629682524151 24.4535136332789 23.29087699211 20.6512134461893 23.9683917830583 17.6951920662931 13.2449076909301 16.5839404971808 7.71551168462345 10.1157713708152 22.8625720476513 27.4448517577029 29.2517551203633 31.3560494979861 31.9435515880633 24.6191532353155 18.1528991189594 14.7154078363669 12.498448056492 12.1739879662413 11.9710405166662 21.0768200866867 21.1670117398765 16.459565709413 29.6403822242633 23.6738881645247 15.0207010672672 9.80703660789313 24.4877078877867 12.0483674539939 21.0963989499386 29.2526843930397 29.158515479358 26.1907125191238
17.7725302730917 15.3741252314576 17.3653805017031 11.574978563642 11.295300916352 10.9437264644686 18.8191168617931 16.1297097998264 13.2163055453051 15.8655684128656 14.7780760991023 23.2504625887735 18.7312448559097 21.8472666525496 15.4310054313114 14.499413159798 29.0364500627171 18.6911891489754 20.3883401987343 19.6620387642636 22.4408177519309 33.3751993545756 33.0416720771099 29.8788532165896 27.1815789632849 32.1407329663836 32.981707898623 29.9751999042901 24.7791510594921 23.8163624551083 26.0153409866208 24.2227788430761 23.8826232982737 25.0901414408574 25.9145190708351 27.2221884425734 24.9775205068103 21.4537387740042 16.0293072158269 14.6300255486163 16.2134412486332 11.7391401095477 27.2746677736553 19.1876639171111 28.8718957240622 26.3304480865503
