IBR/IBR_outputs/all.combrep_1/FireFreq_2000_2008_Total.Silt_Total.Spinifex_Total/FireFreq_2000_2008_Total.Silt_Total.Spinifex_Total.asc
NCOLS 160 
NROWS 95 
XLLCORNER 210004.651214014 
YLLCORNER 7350008.22228844 
CELLSIZE 4999.99999999997 
NODATA_value -9999 
[rows 21 to 41 of 95, columns 46 to 91 of 160]
-9999 -9999 -9999 -9999 -9999 25.0403839661713 13.1010088588729 12.6915433921651 -9999 -9999 -9999 21.8842449123611 28.3047023904616 18.9692810060124 19.4705529099033 22.0138201998451 29.4563868027544 -9999 -9999 -9999 -9999 -9999 -9999 -9999 -9999 -9999 -9999 -9999 27.0823602791057 28.5903786331012 26.1307650225119 9.218191293978 5.91548405595139 10.531322868919 8.14361847921323 19.1817840242321 31.4647269245311 29.6819574874576 28.8040918928078 36.2274569621292 30.9152072009368 15.0643581729418 21.0282469086596 29.9862247356007 9.25434441689911 11.935051191964
-9999 -9999 -9999 -9999 16.3319842294346 14.2065609486328 16.6804756245563 26.2866209728244 27.2941241865141 -9999 27.1704736381729 28.0033741670381 22.5720386973811 22.5879480127592 18.0345765621651 25.1613282547613 27.3926599220073 27.2170221711201 -9999 -9999 -9999 -9999 -9999 27.1656869680048 27.2715551509975 27.0933883678871 27.143225197825 27.8110340005386 28.442168987573 32.6412064611639 33.5794092194511 22.5494447982026 10.0117832248228 10.5885704356385 9.64456432965737 12.4660475358923 26.1344917485089 31.9676874113741 33.8481921216101 36.7227197443984 19.8361526763696 16.8477240106768 15.0258667453315 32.7892077666756 14.7759549291579 10.6564976413642
-9999 -9999 27.2040067276049 27.0934607825538 26.3213961577998 26.3937009827209 27.3299307662966 34.3069226917029 29.9766233034666 28.1202561627644 27.1992922552318 25.1793124376963 26.5723951423424 30.0603416977621 28.2322098002899 33.8634099346733 29.0916676575014 27.7396109065127 27.2189557905905 27.0981126532817 27.1435008150335 27.2955989375947 27.2375168214234 27.2549756369781 29.5823534049518 29.3303577743761 30.9690810277371 40.9626767595818 45.7006139871573 42.099802589922 37.0389436965181 19.0750030555073 26.1224614451918 13.796390369922 8.15665571489702 13.35993360739 18.1891771710461 25.9658559505993 35.5605735359397 30.4921649927255 15.0860601594046 16.4790372354548 15.3700059048022 14.9513722850916 15.2074805906881 11.1965919500798
-9999 26.298763292191 28.855646723579 33.6703938202881 30.8678611529345 32.7238977846397 40.7924386294671 36.8443162274124 30.6301606490343 35.3564507998529 55.6754763351246 38.3668647941998 20.7048238293149 27.518680142346 17.9393007128635 47.2255995465153 36.5928303617053 37.2516638576238 29.4288195617784 27.277977523924 28.0169431265516 29.331485207465 31.9461024996077 33.1458513053669 25.723791313065 25.6282341501597 35.9412377720669 50.0251792737038 45.9716225056273 27.6206086100948 28.1821357713485 32.8927708034987 22.9529158019641 27.4934039136688 8.51344028294096 6.79420149507217 23.0119407575835 18.5953557836346 19.9717092467257 29.3659632750262 13.7143872731108 13.8252346694131 14.0155060101955 13.0034214335066 13.3153122524744 10.5439633776997
24.6100350796221 29.3414706867546 52.380821454971 65.4480783708329 52.5699235729902 54.4588525799361 33.9741293886172 39.7263444855516 33.2993006872499 37.9376536687754 31.1600060429821 22.1682962556978 22.175130988283 19.718195152975 14.9486432392998 20.9958359931558 38.7520608626624 54.4993284702843 56.5766136339119 33.5250893364529 40.9813104041409 42.9712080669563 69.4294702891493 86.991384013786 33.8238448104471 22.6760235201227 15.6385419970133 18.465320747068 31.436386625537 23.5894512520734 20.6145669425559 23.5023277296947 20.9083666457767 32.6812224206151 17.8529077351631 8.53264608661024 13.9280951234814 23.6154763582854 19.0987244319636 21.2758710621627 8.54346908014404 8.79090718351405 12.9822502154901 10.8404991843035 13.6479315645739 11.3064658901816
34.10501986903 51.2240890877085 83.6341744233405 42.6969543379749 30.0327326036949 33.2185753502116 39.3974542837654 39.3092414078384 25.1092461040038 20.7344708125693 19.7348796772013 17.1725558650635 12.280214093619 12.0659391923163 18.4049347323284 29.6351250494625 50.2333907194747 79.5388098491937 71.2289553274746 63.1964432138484 101.02442898096 58.6600946978518 72.6574008562408 113.250382549801 51.0791412941837 59.7032623232088 35.8718372182754 15.2104616369982 15.5504927988485 16.6708155306429 18.2448517999827 18.598926292993 10.6505949709073 21.0003386449352 21.8269153633312 10.4838672110144 11.0091371917151 12.3478498077273 13.0152446814622 23.6274664070328 13.5951059311091 13.8580052671627 14.0308125218056 15.0751124865767 11.5466782750673 10.795150270523
36.448603235918 61.909401658473 66.7577291570837 46.9005072929596 37.3769589965822 35.2211936568755 42.531577185798 46.0304378810462 38.6001253468043 35.7000478547784 27.4652882737403 24.293874422855 16.3137896141146 21.2094396112026 23.3446088086951 21.8936348624046 23.8820142611891 23.7065113158002 18.9023597202637 54.923118077518 100.808796226064 40.5645102932362 25.1088134421343 35.9708339558729 37.4531665209051 52.3386043663706 27.6957339358077 18.6091546501215 16.266055357161 20.0872039697743 17.7476692058117 17.3802374271462 12.4826484872235 23.7375719045387 15.9979305661583 9.38220641880698 9.96978498445222 10.2697378094939 10.9531207103365 18.190780368236 10.5213014325579 12.7131252801609 14.8440253119857 14.935297570359 15.592233597465 9.97417034555973
13.6183888013164 18.3680181839784 37.1612588537309 37.2897781168288 35.330208966939 34.2452876570706 38.4065178196892 51.711796124648 54.6833403734505 25.8936289132593 22.6155849004281 15.6503733210366 13.328072029334 16.8327824472676 17.9782998439325 15.4873515998475 15.385051542678 18.2456384718847 22.4010054778472 16.5693922667916 32.8936709000483 26.839618895084 15.9415933781677 17.8222969465386 30.0740861262679 19.1957749721856 16.3963577922175 15.39669699024 15.9099352425754 11.7911924871343 12.0290939714277 13.2271009575575 10.1113187870869 10.3008514550411 16.5122330379673 12.0661322037982 12.1737261617576 11.1467457508668 11.7091976567294 13.0319210184452 13.0814711920288 11.6374199738899 13.5473299644728 11.5155869048938 12.5814308113098 12.1024022082546
9.23709255752936 10.4801843871764 14.4578229181687 14.414506373096 19.4814820006151 39.9444831602404 25.7675037897846 13.7939456072394 58.5378189906991 33.0561797453921 14.6187273394572 13.5284472285416 15.6987864231171 18.1935997363272 23.6257930574815 17.5420335949739 25.273276320448 31.3399349738881 24.7193114817175 30.3434397724547 43.5412174233603 23.868525169089 22.0576596231622 22.0947978843078 28.3074687095257 15.4678873792265 13.152159463814 12.2533897307463 13.493466593622 16.2298387400608 10.4472707507214 11.943319460788 23.6493457510299 19.13215741438 16.8324233556183 12.5409986806873 11.1698499623018 10.2303104829718 12.106879757397 13.81656485579 13.4760068431923 12.5501788847602 15.7597510306369 18.4928331160135 14.1306569870951 15.7363324139506
7.59874883426486 7.88929184186263 10.2693663038244 27.0760369793547 20.6494827688988 24.833795637613 27.0374463520321 19.11842756311 49.5392744808784 44.3052964023168 16.1280931811625 16.6345678938265 18.2089279774335 21.0734422139952 23.8151518549633 37.0508100770426 44.1700010945565 20.0615797363682 21.6664159909234 35.2307499163319 60.0533608083103 50.8030489166411 33.7239351968185 17.1047435327439 22.2920610421706 13.8503142930973 16.1952883404471 27.2949124707488 15.037525059045 19.1502505927565 30.6142316837146 33.989790361624 39.3085303438507 45.006178169379 40.0294469842193 41.0445519895755 36.4415539724857 13.1000116379813 10.3620067403509 12.2472722544421 13.0075640246315 11.8049316171082 12.6713884275136 14.0074723531288 15.1824330544588 13.7248267742692
11.0832717870652 8.9663162697998 17.1368919900495 15.6881061997349 12.1935876385311 28.4152143620263 15.1691763702526 13.4010553978984 38.4126528699376 25.9104274134797 11.8804521126326 14.1737844894671 16.6193008994997 16.1951869288349 22.239736912799 18.1733875934546 26.6466826874483 18.228852600476 20.1196284734739 20.0351424033201 46.5232259593535 29.261032778798 21.1785602986408 15.699522454474 19.5418798599262 18.1171048944813 25.6493610162918 37.7879433715924 34.7355164492442 39.5165741360883 37.6140842714572 38.24018584007 35.7203963429425 39.6071859478699 42.8349661344761 42.977517808683 31.8200607614247 12.8698574663669 10.616836718771 13.1168345636999 12.6893416082671 12.3602098213462 15.5348519493725 12.7219274017055 11.3632435145445 12.6608443954701
11.8414657927775 10.6162153155765 12.5164490676764 10.8514815476052 10.9342344794816 16.1791813403443 13.0821375749006 11.5227972733835 21.2084809687136 16.7411756579155 14.4701896185822 9.52526810308902 13.1628270976544 14.0063693025235 20.9905729307642 22.2281846948393 23.6871939966583 16.9230907871563 15.1322899663126 29.5115886939358 58.0822705541233 49.9618654754754 21.6765410456217 14.2502532832949 14.3777458326552 15.9414520193162 17.31394378116 28.5326896920868 32.0560490236817 36.9357118501315 35.9755769968545 34.5607035608698 27.1691939959362 25.3038481016649 20.8551646171333 25.0531321134685 23.6748204234586 16.8258148724076 16.7919416275923 26.1074205634712 15.0892935218115 14.6937393826112 9.06705320484483 9.84086649277998 6.45952764563814 11.7807607924158
14.1817869150077 24.2784558677202 12.5578430748337 12.3445535825713 9.36745930900995 12.6754425727634 16.6498398299945 17.6542818759839 17.2946834466631 14.0722835306728 11.4760820350193 6.36169494156697 11.1700483247338 14.4091697412215 15.4153441056333 20.5948852603929 32.0555743067767 18.8683076351078 18.730622714389 33.6468905614212 56.1965530765043 62.5288157210745 31.5873861908064 14.2802456158809 17.5734815832685 17.6092218481805 20.1475361967972 33.664982924023 28.6594119712216 29.8658279074095 29.9306822979062 14.1344397949134 11.8700777778152 10.3559139984224 10.8616639130599 17.1950315593983 19.8049491495056 12.5354469585578 14.8069276433368 19.272772933921 22.1231466628741 16.717014951467 9.71888583823207 11.5563994737884 7.84062053897226 12.0967540881569
18.6317555808949 20.5329645813727 19.9201156684038 23.1782539240937 15.8219336710832 30.2986877218354 41.5475115428123 20.5220329753048 15.9293804761603 14.5861223625184 12.0410582193392 11.3540989117202 11.4571619917429 15.1783748144018 21.5467842447926 20.5298387313939 25.6871701278755 33.0257416640649 38.1086773671115 82.4498473298211 82.8042193355789 40.0387018674461 25.6968308537842 18.5888420487407 21.7609709499347 19.4278132771539 21.2820543147063 60.7913615281545 43.274233890627 25.6478211462935 11.8415082030455 10.7346640571875 8.82046506487174 9.38950525752289 14.4126731897974 16.1998118804894 18.0714754028227 14.0166482129316 18.4394061489305 17.4402139928808 11.2694629519786 11.299684152209 11.6056105201612 10.8449655523401 7.6929749927659 8.13788037797734
12.3295697226227 12.3326020535611 18.9367305521731 19.8561339629654 22.2944912843012 21.0590369030084 15.2606824187145 20.8197104929032 28.6134111907533 22.017419427796 24.9042812153886 14.8209900799801 21.983961259008 15.4585639247306 16.9940284823318 14.7401709503278 20.4900256750219 45.6574439849955 96.8908896697586 88.6582000959866 93.3388608496502 30.5706725194532 18.2822534252355 28.0277837432211 26.1703818856907 20.0571761916749 17.3349413861225 37.6397147345397 97.1128209504565 45.8926561074173 12.8153422927025 10.3629320514063 11.0208046113181 14.606488703851 20.4741789351129 19.3998784613845 19.4452982053322 16.8749456579689 13.0021884709152 10.5211005569327 10.5921563624969 11.4441648559527 9.47897600228501 8.36829841532432 9.22843966465152 8.92125555550058
11.4282298200072 10.4029412069526 12.1250095665885 14.6183533177232 18.409273749316 31.7484446551277 29.2427318353443 28.3835544119165 27.873481765545 31.4775533892987 38.352942607412 26.6781804028686 34.0344463465813 16.5182953327712 33.1236150063611 22.7617781124892 16.9640932886541 30.3252254074378 95.276843829066 71.3568392733498 79.7985458020821 22.6564373071245 20.2105612420524 19.9016468449514 20.4341199193898 19.8499657375472 19.4567462319214 19.8347612250367 50.0549223509654 48.6532085668402 32.6521418071411 17.5354494413853 13.9178374756377 18.2410007429654 17.9380756964789 29.9618030479204 13.4906761574287 12.3139461318674 10.8213849476386 11.4662468929272 10.2817914164282 8.51194540313568 5.9440942394717 7.27011077032272 8.13826133946557 6.79336652252866
9.49608823679947 11.4683075242637 9.38701404614135 10.9334034377868 13.9173666667775 26.5695666794276 37.4109654748581 52.778525153352 62.2684811261324 58.5582574190216 79.6783352865207 67.3501365420388 54.0225454814902 37.1138000730932 41.6407183795895 39.002754754489 21.3753712919203 15.6227061339181 23.5188420412708 25.3012409338191 19.4404280054085 15.4410412644332 14.8784662103489 16.3369186466555 20.3719504754983 18.5526693612965 19.6485773430915 15.2481401975137 21.0283490098764 23.0396289303604 23.5329265733744 22.7183336359276 13.3616060629937 17.8574027109449 23.5750572167411 18.6240298162286 12.6072906734936 13.2891502655156 13.8626241496598 9.98003722790618 10.484347586429 10.0885797610115 7.03943648755982 7.08614955982504 10.217170080537 5.66110334177364
8.83996121069862 9.77243181994898 8.8882628595301 18.9207125490697 33.0926352013095 49.0134382507975 66.8447049762858 93.3497148627689 97.4656977513564 91.242752589961 91.2463588238897 83.5146496249596 69.8972883103303 66.6458244084744 55.1265440838141 44.2085618445043 28.4932047781105 14.5361136942072 14.7083745822728 21.6404785295498 18.5647331030531 22.8288601158432 18.1540964102163 22.6348059073847 24.8737598460415 27.711440047742 19.1681308211496 15.1765597153807 20.0536905167988 18.6691927932255 18.4168446825985 22.4293141568809 16.5495582753792 18.1864840617684 14.9672756820897 14.0459016111933 14.5291030906625 11.8797311505649 10.4274994365403 10.5016143167991 11.0673583803727 10.0377435857191 10.5798813405078 4.74631874858867 7.72401838711742 6.46371885145017
14.1077018079803 22.8503276711918 17.4130266476635 12.2602558174564 15.6912444125509 20.3343358954618 43.0375113989873 20.0388444200629 44.063936779617 62.6429898893309 65.6341447530779 67.6606530060834 66.6781470853976 51.2416502212835 44.5448073015602 35.0476076347781 37.4950867510301 30.3267602796003 24.1602867590394 32.493787100814 34.8271834698935 42.382599343349 32.8811394353915 28.0991993854372 22.1455492001303 20.0145247403569 18.472130992667 26.0083384064454 22.0508159907697 14.9073503041501 21.5067757765823 14.9490923829441 13.51885382192 12.898497191616 14.1960793863307 18.5152838515001 17.7389338654271 12.0640294183157 9.31342790987133 10.5964669895073 10.8121390050769 9.94099677432821 14.8491366755267 8.833364078361 8.06147167093297 9.05336156373417
11.5196694169502 15.2801269532292 34.5265611721283 16.1410989056374 13.5052586824326 19.5147070920143 10.1536602548093 24.610587435936 34.7142188482635 17.0169992429535 17.5118908834023 21.9789135920227 30.173180197698 21.5294949763446 20.0237880104498 18.6484434453262 18.5113550860439 16.7387422061805 22.2411356950529 22.1210499529208 21.2636874487916 28.3209607857261 30.952382236963 24.9720324498897 19.5010563478647 27.9086979549179 19.7199616563602 30.0330399647756 28.4491835682673 20.9886090276359 17.4302695341084 13.5995198563757 14.0741923882421 12.4384532946414 15.1203268792762 31.4485033772607 31.3937169068778 15.4175377632576 8.56709265142262 9.48194952588068 10.0990418236401 10.8633440823127 18.1215948516152 12.9173740703523 10.2467037381863 8.40790208720218
19.1740111163391 17.7722797318415 24.3380502448753 23.2221691760112 26.2631784359921 26.622526232582 19.1536913244769 18.0592188377764 16.3477568453478 18.8312051940227 18.8404077924106 18.6212779983416 16.4687355012614 13.5223242746012 14.6699268761197 16.6607687135276 16.6925293667684 16.0800720863067 16.4953820315371 20.3893681801834 18.7966755454735 20.1196208113557 17.260411888129 21.7357768932207 34.5992918924098 38.3077463744785 19.5417672440234 24.2095117686859 20.7316708623678 28.8572748795293 16.7538365806302 15.3009511076724 16.7586040568635 14.0770761319122 20.9815712317572 24.0911984320927 33.7529905537144 12.9377382207261 5.39512261522041 8.33932149094914 14.2212748055236 11.0263218847985 22.1214811061068 11.5692779166114 11.7485982101307 9.95022898395069
