IBR/IBR_outputs/all.combrep_1/FireFreq_2000_2008_Total.Silt_Total.Spinifex_Total/FireFreq_2000_2008_Total.Silt_Total.Spinifex_Total.asc
NCOLS 160 
NROWS 95 
XLLCORNER 210004.651214014 
YLLCORNER 7350008.22228844 
CELLSIZE 4999.99999999997 
NODATA_value -9999 
[rows 42 to 62 of 95, columns 46 to 91 of 160]
24.0540636048318 25.7714284801118 25.8102039757696 27.0001359725128 20.5378907496707 18.3360845058495 20.9555168613609 22.8725480224854 16.0857300687093 19.4296598370208 20.3676842817069 26.5074602682862 25.0952876915918 23.5478273278784 16.7696978232587 20.3046562533372 26.4799617890192 21.303225936822 20.0355509536864 20.302790369901 23.0602411237591 17.0913947784256 15.0625278628818 19.1494918588876 39.5339345994392 51.2190976501945 51.191369950849 27.3737848217353 26.3274038011713 23.5743325843105 16.3867951262479 16.7408484295208 17.291630594837 12.7642619101338 25.8758502074279 19.9232323264063 17.1441919455694 14.1006150879736 10.9917830644653 8.07189903853947 12.1697982854306 10.3365020685915 16.9675318502122 11.508796608124 5.91630209783811 13.5753078869709
23.4889858314628 24.4940938245807 21.2165805621495 20.1003901269684 22.6390662476746 19.1553020615619 18.5348120921257 18.9193850930843 19.4925724955197 21.5297676058464 42.5535203203787 58.6734320083594 65.7105603275088 28.1480312509511 24.86220706749 34.6599867776279 39.5730963491107 34.1254688696126 18.0224046830044 18.9247830837801 19.8268470999481 17.0822926338226 19.3797681441162 17.2423203733174 24.1325437467549 40.2490345204806 58.445489574433 42.8882819867714 20.5374730239571 14.6890852415946 10.793582742242 11.4782347085672 13.7651928740176 14.5465318951644 19.5745422008763 25.5332340658933 23.6315995851758 14.8549721482244 12.7130702913907 12.6899136051401 12.6074274585229 13.9532803910908 14.2751692562547 11.3844833650283 7.1273702964244 10.2407044904183
12.4206833868039 13.6579589488934 15.2775463650304 13.3118156734376 14.7805178728787 17.7941585018554 18.2530296368154 19.1029142193458 32.4275448261034 50.4162021430216 34.8928878997407 23.3501978470059 27.023444862307 44.8205907052264 54.1703337296752 50.2451456903592 32.5824153304014 38.2137154552073 31.923367962648 30.1031798337734 43.3074409516329 25.4125551100494 12.9694116699722 15.4693916353056 16.9107154682665 21.5920321891371 36.9474679265731 42.4163286072467 23.3473758446037 18.5745260855604 14.8853789221578 12.3611362290657 15.5603918474426 36.7376748878037 21.3964707681648 25.379257923679 23.7950000627238 21.9475491190174 17.1111522019166 15.1947800537604 16.2582250166596 17.7998809157682 15.0639211819925 15.4852702366054 14.5160983852916 17.38450040158
12.57745558599 8.29387006610805 8.41240247585374 16.8383883785864 18.7568493401764 14.6727929354746 16.8450583553716 22.9831286712741 39.1149675015904 20.3048920860573 13.4270022759669 16.3849458726288 16.4917748204933 21.3917467488579 37.5755966221127 43.3721362333786 41.0839073900282 40.0203545330104 63.6519423145677 80.2902915330136 66.0984421728838 53.3743512483535 19.8307479765497 14.8430796507076 13.0032362402823 13.0248053102822 16.6566462534325 20.6390981391447 27.1902159054924 27.3403232516707 22.6321909394432 15.7119272219646 19.8691854385018 30.8275492535269 27.9223285386183 19.5820674796153 22.5333880191553 24.2876666796003 21.5062708668631 23.9283104052195 20.0439859405329 18.1613186297804 22.4395403992175 22.7805981154526 19.0070457874286 20.013662860652
11.5133256316482 9.89577743492079 8.81924297544567 10.1217428659538 12.7155442189691 14.758920171473 16.976503649193 12.8831150251048 13.4709487326342 14.4198205390741 12.3494781887225 12.740744398823 13.0775278671762 14.2112363938377 16.9799584780095 18.538989224109 25.2830060842455 30.7016807764302 41.5010117011603 55.3080748510816 32.3090851699084 25.349319992619 20.5053779343138 14.7236587424187 16.3719240440244 10.7460361554023 16.3617981365646 16.8404156589227 13.0345110046498 22.8667914095775 24.03646513032 20.8204780962813 19.6687945795956 29.3071752362734 29.3938682691688 23.1417093721846 19.2277370461999 24.1182814001811 28.5176354890483 25.0657124076487 19.5991148672176 19.4030379790773 25.649798868179 23.3998875816892 15.2731847742006 16.0134633348741
13.1110494198822 14.8679030216502 22.4001119395498 19.2794565099841 13.4232582623446 20.0668999024052 12.8248204462487 12.1075928443757 15.5315267094502 7.85163566979099 8.72710825202947 9.2780273096569 11.2783657660239 10.45582970557 11.609845839238 16.4184333206465 21.2238138933703 15.7859272840748 16.9037831671869 15.9190449834976 13.0882897570789 12.7721657264017 14.9027375157588 15.6575667703052 13.971201006395 8.97831594206607 32.0313293541802 55.1637561151653 78.9740727047116 51.0284346016884 21.8525123431522 19.9114282885808 17.2565451192324 22.5950742081037 36.3802389324205 44.0992822250686 31.3734103124723 27.4724355566011 27.4689617742602 21.6752256070324 19.9199246892314 24.3183267281101 27.9803651662179 21.6918166117914 16.8172303686433 11.6004032523787
16.7130746200043 25.6715718766878 23.8487966766332 17.1235421089557 10.9541932715457 10.8168693261489 14.0446183385093 13.5613700986671 11.0798001870872 10.8755436457485 11.427742901113 11.4233572896689 8.14575116448169 7.21978649756782 6.53710830475464 12.0427574944063 18.6869668337423 18.8808937450732 15.5263088034004 16.1771470174117 15.508193214432 12.099991996715 11.1910371623506 15.614867232578 18.793460826531 22.623179614516 53.543886275838 93.3156565181222 91.1893716169837 80.7107648366726 84.8057359803586 49.6451821784485 25.898808364029 26.9837809360389 28.5167352930445 45.9705460894983 29.8829177753714 28.7373377987839 26.2946463240414 29.7634803475121 28.4676727207881 27.6260312481866 27.8454342528006 29.552149193391 24.6518545214949 13.7594622769875
16.9664219674607 16.4937226086748 15.7213160361365 13.9862738404331 13.9760719557562 12.6703215524772 14.8719449590896 11.3520534018869 10.3452719045314 10.639570586635 11.5177377727135 11.4977082235778 11.5882900568266 10.584013247055 8.72419215012325 10.6028023853266 13.074865831534 12.6008027027305 11.5381750620353 13.8044765954575 14.340293507612 13.9159282442449 13.3938236794785 16.116898913152 15.8283619869051 19.028520240355 24.4015783255305 20.0511026026089 21.2603305516396 31.1647426779744 56.1616257175241 101.621731580485 49.6169808066392 23.8245703158663 44.372738836882 40.967329437147 37.2093935701607 35.0856975035767 34.1770773783805 28.1930992783549 29.3221724574048 28.8825348494238 26.5227731633546 24.7455033817485 20.9402184783738 17.6119468104594
18.7952003325058 13.2495620226971 12.6238070869282 11.7245608706518 13.6167218281471 14.0633603756721 14.3068943761435 14.2759306923798 11.2657452114026 11.7765421874518 12.7299003844616 11.8748630897666 11.8867735441681 13.2664048089602 11.1157476892439 10.3343464696725 11.16866821094 11.2426297846364 11.380228873761 13.1432978878009 15.3257053073462 13.9182515298926 12.9440945331593 14.5868873273326 17.5738315897973 18.0483076111687 21.0058854814338 19.1459154690084 16.0928975552782 14.5017653281069 17.6093853317394 31.9161187772115 59.3254131076918 23.3331079506069 24.9818817454255 45.084260649058 34.7363329247475 22.7038450811542 25.516452414552 22.6395576989229 34.4394283227149 36.2933495510282 45.9205868155541 31.0416971044958 17.6520645771191 16.3812498628636
11.6566041774622 13.4320203626494 13.2166236656898 12.6035174680558 13.4017059887926 11.2877641830798 12.4676494901442 11.1141889639469 14.4410081779946 11.9137359708074 13.6817579779951 11.3677269113219 10.3376120527591 13.2535774128358 15.0187158742462 13.4795461314944 13.9610324210319 13.4857773273438 9.94810757007397 13.3690295232721 15.0891025325814 14.8322943756343 13.808691668739 14.6715150116681 16.296835490678 17.5395874112977 17.1401764900737 14.1107092396341 11.7335025520385 12.4445603537512 16.9425455048613 19.0823401163505 37.6791296681125 40.1295773236269 23.5533441096831 23.0545780810963 19.499688796503 19.0032097991213 18.4345364722672 18.9197586118537 25.2182642317904 28.6741577170389 26.6705854676064 35.5736969382732 34.9796679773813 18.2003505731306
11.3823203128237 14.4073968809583 15.6003651786549 13.7214144120446 12.973913902319 13.7602129988502 11.2831043818495 13.1718996597167 14.7239845275202 15.295752334464 15.1429299575961 14.2773308512672 11.151421736969 12.1588116689081 12.5872399536049 12.9649995772994 15.4045395004404 11.5758406717983 10.3258897981689 12.8237399510193 12.5714165592469 16.7977706438054 19.2336072611808 14.3869721334983 18.7601793884489 17.3209566419078 17.2291470613848 13.6764348555444 13.0183853816389 12.7494896404652 14.5847068360012 14.1222280263564 23.3662117111727 53.0829515255693 22.1499718564839 20.1279076158425 21.9329634897957 20.1304555495897 21.6156056044646 25.7348882501799 26.734985773144 19.9655010234322 16.5657571930881 20.1128008318297 17.5845821081718 23.7696960526857
13.7505915282562 13.0572990098374 11.0345551800017 13.3211422196482 13.1648251637177 14.782319937909 13.2478507903873 13.9096158917067 16.0464884777758 15.5398361549269 13.3001874686452 13.0616807866553 13.1356080038049 14.2228217128364 13.2831993643232 14.5915753215024 14.6663639412286 11.7272406953031 8.91670366766464 10.6629136499236 11.9804856991403 13.9796857614582 17.3187276738438 19.1559607363402 18.838499386984 18.1761067029133 16.831369494845 14.5084595573368 12.4344903713199 12.4547324596643 12.3258487336561 12.717762989066 16.092820241238 36.3253413358716 67.2709860275604 54.6287953347659 50.6337663588977 43.2985921002975 44.9344732447929 44.6687974267098 37.7535267355054 22.7571415366979 18.0852001444312 16.8835006804284 19.3793937379118 14.0879473486208
12.1927922059096 13.030143077335 12.9819356396875 14.56589116553 13.8809916494838 12.6806884183465 12.2404199898916 11.0933308052884 13.571085266107 13.7796453315464 12.979863839267 12.2055397073429 12.5664887850793 13.4432125238282 15.1043478104583 13.347435850833 14.8484800289375 12.9717630418824 11.3869087479683 11.854215852544 11.3854214812126 12.4364811040155 15.6182411573926 20.482727532016 21.1068079944429 17.9343970835766 17.95793957365 13.4977983950246 13.2353764445832 13.2764131955198 12.8926959340855 12.0140304898473 13.168925696747 12.0028109871173 17.4668180166655 38.9966123724331 25.2173129192552 36.2329034075523 82.8797918035447 101.003597171087 99.0923779697771 75.7657910465531 68.1650561726295 35.4804122233424 21.5510893781793 18.3234127314743
13.301468727077 19.546983919225 14.185321465249 14.2679187511345 14.3930274103968 14.6672863599433 13.7091412859236 12.9890871021056 11.0302110150876 12.7388638556846 12.5719658345634 15.8360518785876 15.088000547259 12.2495407581019 15.4169227870493 14.4862625331913 15.9487803134006 14.7538250529788 12.2398085711107 12.0852951325165 12.6753928523224 13.4684903924991 15.4850671523612 19.9386851119057 19.0862647243109 15.2092539565056 13.9281430935338 14.8981298354046 12.502491001687 12.1562941132868 13.2085844444849 13.2593083736265 14.7872099898442 14.2340507841558 16.244642649121 17.0601158095901 14.8294468075467 16.3660519761444 16.6902614806549 21.3673187240406 29.0252860972875 60.5707343058134 54.9072925501981 53.6189384330739 61.6294007733022 38.6883670825931
13.213076227652 13.0249551359127 14.4117674475867 11.632675973253 14.7190910730634 14.227220771098 15.8773010550271 14.7090365928499 13.5709514011264 12.7474470149792 14.1086801390329 15.160476692056 13.8212119877368 16.2519010904814 15.3680418052746 14.7076588325931 15.6957318815505 15.1923810789925 13.8175984288461 16.0869882742031 18.1468163608473 18.1638993684699 15.9247100192204 18.6359852246232 21.4730837838933 16.3934546876149 15.7305250783472 16.0983008128352 15.9357128537951 13.7398704121029 16.154838825614 12.2292579528121 13.09148916798 16.2305966630049 12.4940537036295 12.8568126332534 11.4193766634328 15.7725890222227 18.8341906388274 20.9370296422063 17.5359154091186 45.8001774974715 57.0398876163472 44.9246049633782 66.0971494143487 80.6101758276676
13.0560079903377 12.6108978492863 14.1363991496528 18.6183731934044 16.7020139224369 15.0338694624571 14.7295687563361 14.8301089209323 14.1972643307413 14.2224697015718 14.6978167854829 14.3403547957643 19.3752689683531 15.2504601337972 11.9543309633945 12.4696028845124 21.7940524526346 20.151556222861 17.7146213460535 19.5504619066292 22.0827139694982 22.5889549235015 16.1339880649156 17.3416184403956 22.0668990281422 21.4920834278781 21.9386803502469 38.6267948058729 49.6339631744872 42.2025969141453 58.4661311071358 45.0767982919732 18.3108607374738 16.6957963768784 16.9160825873945 14.6872585402484 11.8361377772938 14.8235455449757 23.3167447686702 21.6205311769225 18.9827818630281 15.1467753313112 18.5231042371015 32.5123502980221 32.1922087704868 40.9490368835477
13.1645607004169 11.8522432032891 12.8802172370111 17.0023168640789 18.2437008487914 15.5826445291802 15.4166210115619 14.6357025342859 15.847206224169 16.9488611429823 15.2988136993676 13.2196150774452 15.7459269637098 15.6329425249543 13.2558780937231 12.4643508559898 15.1104207977277 33.0898940661642 16.8891430232155 18.9646211160405 21.6152838122003 23.5069940740233 43.4272508654537 27.6021140320884 29.93185521828 42.0973907807762 38.559513878985 44.2467656494358 81.6582775042862 34.4627455721519 21.1948147855375 47.4293723050279 28.7508272442458 17.7342289262858 15.8590362999885 13.8836425459813 9.68493058318643 10.8470563927212 12.2727699893654 19.1701004827467 18.1959472158886 19.6704164282609 18.3903818634462 17.1483541051091 11.3214613105899 17.0870811174573
12.3539214197169 12.1748312895876 14.2511398645435 13.2302532318589 15.4163646862823 17.5784109629044 16.5664739350879 18.4205215670183 19.4158898311502 17.1527358557504 15.8606934475987 13.3497922608848 17.1372456141729 16.9777511538023 15.4811823247068 14.2399547343944 11.5969828224392 12.2892206574123 13.7275667013965 26.8336025774983 22.356804011488 24.0149108370269 34.399261860988 21.471506676304 27.4506387073272 32.9027728242611 60.3880314058771 57.6846497125095 71.6521500675707 51.6765947037889 18.8029137714427 50.2328141185116 20.6373532118424 17.6556123212044 17.4869672954004 16.2239011568015 14.3880494504329 12.0969949872115 12.2059385067417 14.3052415116047 16.7418160525893 17.6170722759086 18.1219357504476 14.6202963887392 14.4695167576304 11.9539830225383
16.5075446426306 15.7572660400215 17.6496079087411 23.0079910092355 15.0763705257744 14.9136546451114 13.9926200826475 12.8484535130564 16.0008230005519 18.6995111032007 15.2448578546629 13.3078540140067 14.2358839278791 15.8795574467644 14.2897037379218 14.2872958687994 13.316931400596 14.0930868226348 16.1060864463716 26.0202136854893 24.4019142875387 23.3533208752364 20.4117935613468 29.4325143413312 37.4932739602309 45.6426175139349 36.2799833638714 26.0993260266383 21.6407229365272 33.7388935587206 22.0266075368934 66.267897894099 19.4581300390423 17.325333443506 16.8277184989566 19.0099820443585 20.5657868136749 20.4195825621915 15.4482434105527 13.8257861757388 17.1167669874286 16.7930195331585 18.3646167650214 17.7768591061013 17.2552526068453 17.5346987256911
13.0767036253838 16.1666936230158 16.3960054737336 18.9662155491283 23.3453311960679 16.5410400199227 14.4047642222432 17.9224498126633 18.1824505443793 17.6328801507971 19.9879275312109 13.4377892550688 15.4290799230565 13.4963060089486 13.0234219044462 15.4133862038962 13.7895057344452 27.2862994533836 16.7565060487616 13.6770216335926 15.1229659169659 24.5864473635996 19.1334249154343 21.6068247445862 24.932478293011 34.7097266732453 31.9312814019543 28.7451170860668 22.8676633756892 32.0034217688995 20.0433643265551 38.9845240724748 32.816591838191 18.9823012978954 18.0142364170125 18.4191103096993 16.2426094085003 22.6693999787085 35.2040237437414 29.4450921773199 16.2783035742902 16.1439277900159 20.3724939529494 21.0694971201282 20.0465960819651 23.3703038009887
13.004504189636 13.8966734421277 15.3012541968414 17.4296865070942 18.1951287906062 13.1216216264035 11.9303628016882 16.7457679295263 16.5726130977521 14.9874050828313 14.3208225814172 14.9516709337981 15.8100915966573 14.7373876910941 15.6148384546171 15.3324214093587 18.9334149837112 24.4704414998393 26.357123511214 25.1889820472624 19.824340173825 18.2808800535574 17.4861991288643 16.0761417388122 20.9911986776944 33.2371559754226 34.7205263375118 24.1156604566474 19.7399940515357 22.6948410741698 20.5308522166112 23.6039896823018 29.0368799014837 17.5910658930203 17.1030518655568 17.3831768382852 17.4546842784539 17.3626912868805 20.7941394691833 21.5754901937101 17.6719593689679 18.6985504423597 28.0878825639371 24.0187509861873 27.1436524620347 23.7620556671874
