0,24.3449300321512,24.4412619214271,27.1880622556756,32.8776266669224,31.6547104400207,35.7549921181886,30.7135695672222,63.3754134887456,67.1836067839084,93.3468039087193,59.7258119121873,60.2066171196168,64.9179741745171,64.6777109786087,69.2202403343419,59.394180940856,66.1666480354123,62.9680497992156,58.7097456616711,40.5026130078703,44.5299886538754,42.1949430942808,75.0678842584641,119.771795684084,132.621113931957,68.3667749319957,67.598826952168,62.6837130241585,58.5979766298371,55.6265583510882,60.3791590914769,87.5801377628621,47.4161144850555,74.9745200008557,71.3674188092232,61.5160904746818,79.8865418940257,83.7132576372689,84.7281896926914,80.5792939291549,81.3775415441851,81.2509848156477,81.2950463293651,87.5340980174191,88.6047650350555,99.1927503319515,88.0034000722293,96.6068005770016,88.0218567650727,89.1613576767682,44.741426475931,42.8798077137934,45.0923461795967,47.1403447925238,46.6101777055362,44.9371445453616,42.8506927811354,36.6300946207509,38.8988421096935,37.8361358795972,38.1359585739605,39.2049881633441,114.184935880046,44.2813156290186,55.8063735320311,98.6000376411101,100.366585467576,97.826152628847,92.9208004725817,84.4498399421899,82.9274280523395,88.0259176658661,86.5323097885423,83.4694610669939,58.3021381853221,66.1255695481872,67.3006407846167,39.3768253254192,43.3346863333685,56.618695890752
24.3449300321512,0,26.9735549958756,24.3645859654287,26.667053673837,32.3921728957225,35.76544364587,29.0152572136432,62.5011155825216,66.3134404831247,93.4296674133769,58.8852899701152,59.3584903051614,64.062588103665,64.9805977804945,69.4642260012356,59.226874364594,66.0180483829532,62.7902863615299,58.5739048643989,40.9432954940975,45.0202371809108,42.6894953898276,74.9077340317988,119.969326394128,132.800563398509,68.0411064029355,67.3232689863752,63.0588925387826,57.7268479165255,54.7487555443195,59.5251944728729,87.7736879278582,47.9499876201052,75.196630057467,71.5944686732673,60.6949591579479,79.9922693580804,83.8208949450629,84.8343782024142,80.6715332113194,81.4691336162249,81.34085177627,81.3844487527976,87.6272200536613,88.7026152440426,99.2871939002214,88.0992427892928,96.7016153353706,88.1168309466715,89.2613949289494,44.8095415582771,42.9614286764028,45.1911892952692,47.1431239044806,46.8396661660619,45.1556125467344,43.0429965868071,37.2198078211228,39.4560892605549,38.480470745609,38.7912490462074,39.9808027684724,113.875299609339,43.5778788117818,55.3394940580836,98.7272374776846,100.496167927538,97.9547096467642,93.0479145251969,84.531809790757,83.0096484159463,88.1149906904525,86.6221302971603,83.5443323070147,58.1617333614743,66.0076456190633,67.3811937923281,39.5330452278079,44.2057681820971,55.6907017017649
24.4412619214271,26.9735549958756,0,32.9041680367703,35.1771220140674,24.9290556088118,31.8506736074153,25.617285447384,63.4424062592469,67.2387512727551,93.0557052820367,59.8982080882666,60.3716771028766,65.039155761638,64.4521314590147,68.9433907592282,60.2687404289756,67.0272470713754,63.82498790314,59.5847970554358,41.3356278592835,45.1868402516213,42.929251682491,74.5785969342989,119.598361709151,132.425585242609,67.8662758238549,67.0850812825373,62.6099492904231,58.3202530950643,55.3348367800877,60.2251917148219,87.3797880228077,47.8177082577131,74.6696182043054,71.0543409901441,61.735318361467,79.6101825766924,83.4387941034344,84.4535362310606,80.2903127130886,81.0887125706116,80.9601825776321,81.0045270755207,87.2498913311652,88.3243743109142,98.910225198735,87.7212573326542,96.3248310791525,87.739219377028,88.8829201903972,45.6619879449297,43.8108598669182,46.0003160188139,48.0735617302333,47.4297999360789,45.7866689168979,43.7303044256474,35.222670273956,39.7517400123945,38.6321934579923,39.0558281482171,40.0557343769367,114.924420472105,42.8545133330859,55.1402939896163,98.3475434902747,100.116432693202,97.5749232378397,92.6680815500479,84.1559297109331,82.6333516781229,87.738385261886,86.2450914259137,83.1700511285255,57.5725026341568,65.4433184175392,66.9329689812913,38.4782533078231,43.3572487784221,56.6765790184344
27.1880622556756,24.3645859654287,32.9041680367703,0,25.0439797104379,36.5572778230274,39.0812389323222,33.6762039739325,63.2068877338141,67.0314352471028,94.4247543393752,59.4724885801106,59.9545349423977,64.7070676267613,65.8991361207604,70.434172342412,59.0239418404201,65.8324318502431,62.6076673559041,58.3718694883106,40.8333509836082,45.0925070226719,42.6875497950343,76.1071242540017,120.844542747393,133.698052587718,69.2679034361599,68.5569890428025,63.8307328645962,58.8032625169138,55.841433183616,60.4658911174568,88.6748838263646,48.2753207261088,76.1940232121095,72.5990175867296,61.2293079596048,80.9716851926428,84.7983778882439,85.8121530086552,81.66387461518,82.4613842134213,82.3350915882059,82.3784607319743,88.6150106492319,89.686443609116,100.273299727383,89.0848772217702,97.6871696467717,89.1029995005167,90.2432137899722,44.5637341415574,42.7047390773144,44.9608644951627,46.8797351687837,46.711140885314,44.995501861636,42.8493771332771,39.0298054932812,39.3537399677982,38.4561779199367,38.652261057304,39.9453841435406,113.824934071748,45.6932802668133,56.7402155887108,99.6825078077526,101.449047132477,98.9086830960665,94.0034036345098,85.5296033789119,84.007577044708,89.106228584734,87.6130131051162,84.5478563776276,59.5729823053081,67.3746665254958,68.4472974830101,41.0438591914067,44.9395270683164,56.414509523749
32.8776266669224,26.667053673837,35.1771220140674,25.0439797104379,0,37.6080061162127,39.5995546142458,33.7168702825192,62.7161917968468,66.5452763671838,94.8119147686942,59.0177425469622,59.4914276179003,64.2362840519088,66.47479297708,70.9555702766139,59.3326088784243,66.1579902651536,62.9027166194316,58.7128831118269,41.7158714471743,45.9731743432633,43.5897230969447,76.2728184055468,121.343228839283,134.178639866254,69.2900634230638,68.6229483420892,64.4867052634756,58.3296222296871,55.362877923028,59.9999313153953,89.1662485462479,49.1365457887049,76.6942278547004,73.1022691951335,60.7959616163208,81.3799209263922,85.2084575801996,86.2209958561982,82.0591951808902,82.856179745643,82.7281920703771,82.7712054110982,89.0116691351365,90.0875577869056,100.6712805771,89.4840830253202,98.0855324993675,89.501412735751,90.6464128325644,45.1187935548647,43.2761481660251,45.5429992232486,47.3729315678509,47.3985362018422,45.6796343324982,43.5159522825678,39.7215611087013,40.3371391293264,39.4904938362682,39.7315086107622,41.0901273395845,113.968141491109,45.5502789920154,56.6499992164983,100.111829524332,101.880669671524,99.339306033957,94.4326235332494,85.9156701302146,84.3938353831691,89.4990644831464,88.0065175924747,84.9272699465459,59.7546085208991,67.5744014704142,68.8245044493893,41.4558696372366,45.9567925965949,55.8664728811131
31.6547104400207,32.3921728957225,24.9290556088118,36.5572778230274,37.6080061162127,0,25.2015202446788,23.2797130072212,63.3479529948421,67.1325201567907,92.596115691689,59.900885736978,60.368141338749,64.9944781392071,64.0680993909964,68.5056266849964,60.8880482931642,67.6343508357936,64.4291696318371,60.2042845882139,41.9334345098756,45.636133216377,43.4473174415361,73.9125845337328,119.256621192842,132.061887168488,67.1886694947915,66.3929680313946,62.3762195697866,57.8912284980206,54.8925786407518,59.9161957615391,87.0123395430625,48.044352222164,74.2030025403486,70.5799232504714,61.7807130516164,79.1656718299201,82.9961895599112,84.0106952312037,79.8330751561901,80.6316023797812,80.5010936274303,80.5456993257395,86.7973318933732,87.8756793654403,98.4593444689034,87.2707933435055,95.8745028184065,87.288246244583,88.4361956317225,46.3200810083934,44.4778234848636,46.647911258479,48.7421758803204,48.0030395394078,46.3857027209282,44.3547284827792,33.5503144671931,40.3796931440342,39.2246443273629,39.752414448737,40.7157227048618,115.427339591773,41.0811383458867,54.2867137729169,97.9269127948952,99.6981536495367,97.1555657267077,92.247230843089,83.6935657605411,82.1708324547106,87.2824597970439,85.7894950151285,82.70210177997,56.6447502411047,64.5685044278191,66.397096411919,37.3661720811547,43.3185935866885,56.5794103953016
35.7549921181886,35.76544364587,31.8506736074153,39.0812389323222,39.5995546142458,25.2015202446788,0,25.5417685691353,63.1653889099983,66.9383764209405,92.0317037010119,59.8061954705934,60.268396255688,64.8567415563623,63.5863310882212,67.96877784101,61.3223893556477,68.0577946943151,64.850706704046,60.6381330363224,42.3501739039984,45.9280238939963,43.7990936859184,73.137309287279,118.808035796429,131.591853799206,66.403910020997,65.5916133713337,62.0408322820444,57.3892066770489,54.3785224539002,59.5279507583017,86.5394918518492,48.1445503102059,73.6369793739023,70.0065041154429,61.724283475466,78.6162994460801,82.4486975272545,83.4629388833782,79.2711214549374,80.0697579015023,79.9372993512364,79.9821481133139,86.239916134811,87.3220929463437,97.9035769313215,86.7154572980038,95.3192762396656,86.732400502232,87.8845567266453,46.7836237224305,44.9486618281976,47.1022269515408,49.2154644052841,48.392832664443,46.7978174113334,44.7886404422697,31.8008439242281,40.8288594758633,39.6513643743118,40.2644403795506,41.2093809842987,115.763746129351,39.004118888247,53.3181491953121,97.4010090583352,99.1745666950911,96.6309183716506,91.7211144753479,83.1264465218018,81.6035668701324,86.7217097497697,85.229077793717,82.1294351286905,55.5843675659205,63.5669713660127,65.7572108065434,36.1034092261232,43.2477274092543,56.4005861362259
30.7135695672222,29.0152572136432,25.617285447384,33.6762039739325,33.7168702825192,23.2797130072212,25.5417685691353,0,60.6463210794646,64.4344971579395,90.9072039624036,57.233266933631,57.6934586484574,62.3120707038121,62.6119204134774,66.995659804846,58.7977344018887,65.5603659492879,62.3304183820618,58.1407492685167,40.3703706203114,44.1590322169549,41.9530337424591,71.9909249573526,117.668879787142,130.459022845872,65.0820714589925,64.3442228466982,60.962980874745,55.1730698413639,52.1654045922702,57.2274748133938,85.4264679177868,46.6721188298275,72.6752243043941,69.0598628943704,59.1314616941625,77.4989780180065,81.3311963726859,82.3441189587721,78.1541876356929,78.9519526903841,78.8199675723693,78.8639858679163,85.1183213270513,86.2010839630696,96.7814246150763,85.594354109177,94.196869865195,85.6109478449367,86.7635985125687,44.430261738786,42.5980173525032,44.7867054045328,46.7941924364059,46.2713896648839,44.6382059406901,42.5787570686644,33.0579360175021,38.9012749630396,37.8286550638709,38.3265305008064,39.3986826365655,113.21785695336,38.3502394430725,52.0226690726409,96.278736123651,98.0521035069174,95.5086165596547,90.5990106154392,82.0043027402658,80.4818886711411,85.5996816060957,84.1074821257587,81.0061528544168,54.7868275756997,62.7293007233469,64.723324560186,35.9348740468286,42.3654917585465,53.8262834609655
63.3754134887456,62.5011155825216,63.4424062592469,63.2068877338141,62.7161917968468,63.3479529948421,63.1653889099983,60.6463210794646,0,30.4894302489234,107.778524528204,41.5727905725176,41.0202006606267,40.2409011875295,81.8773027070237,85.784592564818,71.4023658549656,78.0812589230604,74.4825326344161,71.0760582031432,59.8282564364439,63.9628537315966,61.7528122345155,87.0578908619832,135.637931743227,148.264906979601,77.89322571869,78.1113664329022,80.6184038343843,57.3141193006751,55.0211799717762,52.5627961555471,103.411052892609,66.9388932065936,91.329319024324,87.8067484976964,46.9354039862341,94.6210792793338,98.4714419796059,99.4657219250268,95.1457795694973,95.9340466820178,95.7870285995,95.8234373758937,102.10152617514,103.232973448736,113.775615702109,102.606129382577,111.193802761997,102.612907445454,103.817229389348,60.5654788651223,58.9666801623447,61.2319232839027,62.2229308423814,64.0033094770136,62.291409881654,60.0104395835682,58.8084122691323,59.0365822365423,58.4041984295166,58.9311199329504,60.521179006151,121.430137581881,62.8658530082839,66.7554625806922,113.596598713801,115.39295323733,112.839811674885,107.916539845808,98.8761253352171,97.357985005891,102.541467830602,101.058227351332,97.804517098425,73.105110502802,80.6956579247829,81.9970532649772,57.7231752100094,64.7731934598572,42.1209317172529
67.1836067839084,66.3134404831247,67.2387512727551,67.0314352471028,66.5452763671838,67.1325201567907,66.9383764209405,64.4344971579395,30.4894302489234,0,111.432966369501,45.831966917676,45.6021584846913,44.8345410758044,85.5931256645139,89.4847606836498,75.3237566393428,81.9997494779813,78.4065244352079,74.9918414813154,63.6620728739465,67.7823786049586,65.5775720025913,90.6561267891473,139.331440985131,151.952076511037,81.4380435952743,81.6792136954978,84.3593253809248,60.802775092045,58.5382817809659,55.7304637714183,107.10168664294,70.7376625655773,95.0237946941273,91.5025423584268,50.9866008783382,98.2831347547007,102.134133620588,103.127945023255,98.8033731493337,99.5914250476132,99.4438413085702,99.480093565208,105.759403316534,106.892427517325,117.433932808257,106.264913889871,114.85224373218,106.271402257229,107.477413483224,64.4451646957295,62.8442211880553,65.1066271479415,66.1129867774722,67.8550110121548,66.1464361225747,63.8704776715689,62.556800440234,62.8653246604569,62.2266215270141,62.7586193300402,64.3417277089498,125.37841439624,66.5955827326108,70.3703486129045,117.265896580733,119.063053625287,116.509564805939,111.585805297056,102.530300003538,101.012248101191,106.197995561826,104.715005799516,101.456345758733,76.7725157728623,84.3560566324809,85.6545197345907,61.4399858772034,68.5528774027098,46.7237403011778
93.3468039087193,93.4296674133769,93.0557052820367,94.4247543393752,94.8119147686942,92.596115691689,92.0317037010119,90.9072039624036,107.778524528204,111.432966369501,0,104.735716738743,105.220337731608,109.600005217,85.3690088552594,85.5746453720301,106.935611278626,113.51976818575,110.415926786242,106.123415591777,86.5260083812504,88.7401642622109,87.4198996689442,96.2800453407705,112.725088885521,120.842766358837,95.7496414634268,93.9940566320829,88.8904065076107,101.126167165483,98.2884811941779,102.76483990986,83.9580497507418,88.9777869686696,91.3392813668851,89.1862291173167,106.79244057236,51.405170614307,55.3798908252092,53.8719761261078,52.5862983555328,51.8936484420449,53.0717602932315,51.6266654091194,46.5926464278432,50.2653460276016,55.1415008155868,49.1273444638214,51.1285431106645,47.6366856049314,51.4050931529239,91.6641594254422,89.8646613122291,91.7533839949892,94.4568883991129,91.6710917550544,90.4946262079295,88.8815414932168,84.3399506133145,85.7674036611789,84.7265011558772,85.9686088272549,87.1411525239072,161.280370681322,92.186796483365,94.1776657993392,70.5177860186047,73.2398698046434,70.4130656105549,65.0745590133087,47.3343981205963,47.3599294195231,46.081712429994,46.5018180385935,49.2576313104589,94.8960864796855,100.48078611249,76.2829870712313,81.3492808934316,88.1493156281696,101.549517351615
59.7258119121873,58.8852899701152,59.8982080882666,59.4724885801106,59.0177425469622,59.900885736978,59.8061954705934,57.233266933631,41.5727905725176,45.831966917676,104.735716738743,0,19.5651154930801,33.6225110064646,78.5289420114918,82.5295908997212,65.7131933643166,72.3304233622645,68.6622779276951,65.4409192047375,55.5858361101321,59.8422787922864,57.5960732649716,84.3849549521458,132.368493325734,145.033632569969,75.4821460829809,75.6050908118139,77.0940298018054,56.2038253740842,53.8213396020484,52.4401149046196,100.166510693238,63.0004587399251,88.112629105084,84.5874758137247,29.53955417707,91.5380016136958,95.3846769755425,96.3810958623383,92.0882589726118,92.8773889774198,92.7337958775101,92.7707471766633,99.0404451810407,100.163181936504,110.711803479567,99.5401004460019,108.12918173944,99.5483782305454,100.743315025303,55.6661198223858,54.1182975885788,56.4003294839528,57.1744898648744,59.470765529376,57.7302376144254,55.3938045005112,55.5031345015687,54.8786451670384,54.3155968873664,54.8124422770792,56.4763840514308,114.487888009115,59.8788822451797,64.2958235174456,110.470485861826,112.262218053464,109.711106524625,104.790675177911,95.835871818186,94.3174316462261,99.4878708433124,98.0033889410658,94.777155388179,70.2672361939982,77.8593368132142,78.9795716858833,54.6049921376407,61.0869359353096,42.7879895607939
60.2066171196168,59.3584903051614,60.3716771028766,59.9545349423977,59.4914276179003,60.368141338749,60.268396255688,57.6934586484574,41.0202006606267,45.6021584846913,105.220337731608,19.5651154930801,0,32.2508554305512,79.0226541212067,83.0189096305431,66.437302576969,73.0692289376144,69.4075178009249,66.1614478525058,56.1383943341906,60.3859514658529,58.1416754485733,84.8493648508844,132.863370964747,145.526655621368,75.9392816764641,76.063093992821,77.5984402778617,56.5347070626021,54.1495899489451,52.7939664238398,100.659500370569,63.5303040069259,88.5997613091753,85.0742630607812,33.0061388697056,92.0240922605884,95.870934002759,96.8673085061543,92.5732243718438,93.3623500530559,93.2185893876686,93.2555489992416,99.5257435536508,100.648834711148,111.197241381084,100.025594081314,108.6146643141,100.033820333467,101.229144089293,56.2911244868519,54.7363918223802,57.0180434495132,57.815937942609,60.0569519799817,58.3185468874847,55.9873442595736,55.9728236870763,55.4215245989379,54.8521942578738,55.3500531142672,57.0075155912032,115.414514313914,60.3162857363536,64.7252247409617,110.958614863618,112.750553132489,110.199348361765,105.278787495178,96.3202875677985,94.8018418669793,99.9728618790465,98.4884169632092,95.2610532926806,70.7184433670817,78.3138555503248,79.4592451262162,55.067185415801,61.591664121125,42.5301359154378
64.9179741745171,64.062588103665,65.039155761638,64.7070676267613,64.2362840519088,64.9944781392071,64.8567415563623,62.3120707038121,40.2409011875295,44.8345410758044,109.600005217,33.6225110064646,32.2508554305512,0,83.5555172452751,87.5079421271363,71.8959946854216,78.543233051337,74.9091193412987,71.5972274853721,61.0609267368721,65.2570438984162,63.0289366109256,89.0612880462381,137.350544184492,149.995953767048,80.0195222579001,80.1947390767923,82.2097741832859,60.1922034905317,57.8566797651947,55.935562665654,105.136212767316,68.3250682943456,93.071509103603,89.5480690503764,42.248372282965,96.4235078728441,100.272099115653,101.267363066292,96.9604638506832,97.749116218818,97.6037549693666,97.6403965396319,103.914353555461,105.041648953726,115.587117129514,104.416603450787,113.00490870312,104.424088315758,105.623932518534,61.4626424722116,59.889938826208,62.1636314064476,63.0440187399334,65.0872751274648,63.3609415226816,61.0518080434993,60.522497744705,60.3127668658204,59.715810353613,60.2277481877719,61.85557780292,121.282189823298,64.7492113718186,68.8895077780843,115.378274384683,117.172410732596,114.620245594848,109.698339242243,100.698910756184,99.1806427417007,104.357864919191,102.874044236776,99.6334427384292,75.0478514997934,82.6360302159397,83.8340488262752,59.529641408468,66.2896242469661,46.1746286766489
64.6777109786087,64.9805977804945,64.4521314590147,65.8991361207604,66.47479297708,64.0680993909964,63.5863310882212,62.6119204134774,81.8773027070237,85.5931256645139,85.3690088552594,78.5289420114918,79.0226541212067,83.5555172452751,0,46.4096874243041,78.287141720966,84.8489388851321,81.8054494141957,77.4133988379648,56.6433481512892,58.4788051044874,57.3249206641198,78.9505853109945,109.780676373781,122.683056095631,76.4737909565258,74.8450998096234,51.6729169087947,75.9222204980387,73.0207741390757,77.6915628599799,75.6185038680654,58.0334014853805,57.0606912990116,54.238568746323,80.4413925327959,71.0040221970182,74.7850249563395,75.8996300030586,72.0728736045115,72.9217791147778,72.8303462589735,72.9171469944636,79.1743395980786,80.0943608300175,90.8183812528692,79.5509749402663,88.2323120032905,79.6064455551714,80.5901428242137,62.4928980382195,60.6689451433024,62.5103912940501,65.4274552570177,62.0830562190117,60.9572108117013,59.4249274061623,55.3541051451741,55.8715795200737,54.7462367262028,56.1469195112305,57.248704948675,133.068913615396,64.6224006897919,69.5209432809569,89.3793420183589,91.0938932790254,88.5715157552896,83.6933382478546,76.4225505528923,74.8783596821709,79.7930419563901,78.2633651272525,75.6886612098255,69.1915911000726,75.5118170075174,60.0405078669781,52.8484675024631,57.549170564733,75.4838024863829
69.2202403343419,69.4642260012356,68.9433907592282,70.434172342412,70.9555702766139,68.5056266849964,67.96877784101,66.995659804846,85.784592564818,89.4847606836498,85.5746453720301,82.5295908997212,83.0189096305431,87.5079421271363,46.4096874243041,0,83.0820927729552,89.6575526920908,86.5897338597075,82.2340478874959,61.8505536824311,63.8519776877034,62.6065960880976,80.2689483424796,112.461672363888,124.881110436814,78.6409809473622,76.8679791246313,60.8818443951881,79.588032664094,76.6959335117726,81.367235347672,77.8550795291256,63.6701569289886,44.583280954064,44.8740708786671,84.4858963795619,71.295896765671,75.1215295970114,76.2703413568959,72.0931518525632,72.9726454098601,72.8265478757624,72.9452161227437,79.4336227321709,80.4131115031581,91.1276975725901,79.837255647814,88.5601305318897,79.8930625872995,80.9466993225639,67.4914241524301,65.6728162070684,67.5433727867929,70.3632762517408,67.299691478094,66.1313923310451,64.5516763401785,59.7747007311833,61.0212014219547,59.8935984308389,61.2326598170277,62.3249012472369,137.721867311519,68.6977057018409,72.8259561530415,90.2894508588189,92.0551642408791,89.50771802137,84.5952194069275,76.5048343044018,74.9436359692807,79.9984097832104,78.4622710527591,75.6986387772421,72.3975125572723,78.4259406767436,57.7576144430507,56.9278007361535,62.6575551408563,79.4204313274276
59.394180940856,59.226874364594,60.2687404289756,59.0239418404201,59.3326088784243,60.8880482931642,61.3223893556477,58.7977344018887,71.4023658549656,75.3237566393428,106.935611278626,65.7131933643166,66.437302576969,71.8959946854216,78.287141720966,83.0820927729552,0,38.6245109704598,27.8162969278925,27.6506507042869,47.2809965228183,52.6177328026046,50.1506654800914,89.7445338214667,132.598894462167,145.600539603534,82.8909680798523,82.2878734892398,75.2428239439865,71.0453735070578,68.2437241894815,71.3351931184546,100.644596835622,57.5143231288722,89.0034188756359,85.4719977362318,66.4524737826255,93.3995914190655,97.214317202531,98.2275986834195,94.1702637370951,94.9658106147367,94.8522407674529,94.892900826626,101.08639761274,102.134829785168,112.733595499472,101.544029535827,110.143715154873,101.56481138549,102.679529003013,37.0032473500556,36.522838380556,38.8714831514946,35.6546242864271,46.4709951211449,44.451137077504,41.3931718517088,56.6529384125766,47.8432303832873,48.0410285967728,48.4584236640211,50.8800837670701,96.1862561833264,63.8991608840393,71.4629096433448,111.955741825151,113.707449766359,111.174009605609,106.278270486624,98.0604682426236,96.5399833773259,101.597745871169,100.103078542771,97.1113944816914,74.616676634694,82.1665842777421,81.4964819978514,56.9316133237627,58.542955721121,65.4588677757686
66.1666480354123,66.0180483829532,67.0272470713754,65.8324318502431,66.1579902651536,67.6343508357936,68.0577946943151,65.5603659492879,78.0812589230604,81.9997494779813,113.51976818575,72.3304233622645,73.0692289376144,78.543233051337,84.8489388851321,89.6575526920908,38.6245109704598,0,32.6739789599045,27.2977571187296,53.743279954992,59.0653859962956,56.6233750043682,96.3898092957777,139.141467411627,152.150885061416,89.5559182246025,88.9485200563821,81.7624888670238,77.7703630731973,74.9708110323726,78.044414648546,107.196739544957,63.9886835212839,95.5863321811067,92.0567641804313,73.0269102157713,99.9781647740801,103.792230281883,104.805637896116,100.7532546672,101.548793869022,101.4358901291,101.47649560335,107.667954176022,108.715005382249,119.314586828496,108.124830000314,116.724523120184,108.145805243279,109.25901042653,42.3674189479896,42.2551040874648,44.2494861770536,41.4375357648488,52.3464895227584,50.3628499384046,47.279693731951,63.3353272296832,54.4012120058028,54.6184520333319,55.0674328101749,57.49943195112,93.7630557795031,70.6208659933614,78.1567315593746,118.526072730358,120.276956187241,117.743892665522,112.848675212721,104.645476330941,103.125022453365,108.180501330027,106.685699173667,103.698396002973,81.2869438423303,88.8305190960017,88.0995916753845,63.598966853131,65.1556973436114,72.1910064088296
62.9680497992156,62.7902863615299,63.82498790314,62.6076673559041,62.9027166194316,64.4291696318371,64.850706704046,62.3304183820618,74.4825326344161,78.4065244352079,110.415926786242,68.6622779276951,69.4075178009249,74.9091193412987,81.8054494141957,86.5897338597075,27.8162969278925,32.6739789599045,0,26.0640207763974,50.9305003232204,56.2386122849838,53.784984629091,93.1843073606978,136.10296166453,149.10074057156,86.2995661323591,85.7080199154756,78.7785987880936,74.3339901894329,71.5392475806664,74.5584462082122,104.146940048025,61.1077596772904,92.5069681191156,88.9761635472734,69.3250474912751,96.8844215626572,100.699537289774,101.712551454038,97.6523647565477,98.4477949002426,98.3338707442518,98.3744496911919,104.568750320406,105.6181316133,116.216225014659,105.026925848915,113.626424106887,105.047537297828,106.163273656861,40.4831888713643,40.1219454853168,42.3286622984264,39.3670768167215,50.010584411803,48.0113619527227,44.9612455852701,60.1769490399719,51.497786864714,51.6855185464885,52.1148689534174,54.5234529734832,94.3864833271123,67.3770359389745,74.8800471535024,115.445033576936,117.197230320673,114.663577887912,109.76754085158,101.540574371251,100.020134316373,105.079285012734,103.584762647186,100.590087143367,78.0790983016747,85.628500040642,84.9761472498378,60.4300801176713,62.1209895752316,68.6117105229601
58.7097456616711,58.5739048643989,59.5847970554358,58.3718694883106,58.7128831118269,60.2042845882139,60.6381330363224,58.1407492685167,71.0760582031432,74.9918414813154,106.123415591777,65.4409192047375,66.1614478525058,71.5972274853721,77.4133988379648,82.2340478874959,27.6506507042869,27.2977571187296,26.0640207763974,0,46.1655537212703,51.5141664413809,49.0625262397147,89.0404064318954,131.716853042754,144.731007840124,82.2387778752348,81.6198545615013,74.3044951535141,70.5748744069447,67.7690954951183,70.9084754663732,99.7750678327068,56.4684613879343,88.1677499735407,84.6378547418342,66.2042966519178,92.5767586422327,96.3903631496142,97.404041905345,93.3550470814242,94.1506960119713,94.0382202954406,94.0788952224248,100.269310169227,101.315270457769,111.915602287752,100.725565971358,109.32543794395,100.746729564118,101.858759656548,34.7409132653833,34.5636851265491,36.6842543823275,33.4638519618465,44.7963378136485,42.7916582578778,39.6916968749229,55.9116986300684,46.8335141125585,47.0636720976271,47.5059863284565,49.952322633571,92.2575601681415,63.2466347053868,70.8356460384887,111.119297794712,112.869603870391,110.336793635358,105.441930714433,97.2494397689452,95.7289476508121,100.782794525828,99.2878362318449,96.3039754592703,73.9197019874519,81.4628454062729,80.7064879045306,56.1972354295234,57.6703573089233,65.1237560583793
40.5026130078703,40.9432954940975,41.3356278592835,40.8333509836082,41.7158714471743,41.9334345098756,42.3501739039984,40.3703706203114,59.8282564364439,63.6620728739465,86.5260083812504,55.5858361101321,56.1383943341906,61.0609267368721,56.6433481512892,61.8505536824311,47.2809965228183,53.743279954992,50.9305003232204,46.1655537212703,0,21.8924514913162,16.5462385714657,70.875192014869,111.320930612031,124.467587549452,64.930939424544,64.0338599396655,52.7843418641614,56.3643775744121,53.4695565199215,57.6109843203977,79.4510495897695,31.0172269390134,67.9442140299172,64.4104494965332,57.0793314437606,72.8364301901335,76.6368780266481,77.6581950965788,73.7060871160789,74.5047330204096,74.4045767289532,74.4470932622493,80.6071809642378,81.622174509062,92.2437002316207,81.0458586668649,89.6506380306067,81.0723343673921,82.150993669125,29.4395579595756,27.4170991379899,29.2508102605061,32.9028390426144,28.5357604335773,26.8511181728047,25.2385508013622,36.5549951086832,18.6988203894055,20.6645906829005,22.4184393332466,25.6643199762037,103.595028725657,45.5788569696504,53.7861018219068,91.2260816079517,92.9599914930185,90.4343683472585,85.5495704508318,77.6615476041675,76.1400645768063,81.1472841454937,79.6479517383938,76.7620370497001,55.617490057738,63.0808116108124,61.2462584422385,37.082298383317,35.39496351794,53.3702572810616
44.5299886538754,45.0202371809108,45.1868402516213,45.0925070226719,45.9731743432633,45.636133216377,45.9280238939963,44.1590322169549,63.9628537315966,67.7823786049586,88.7401642622109,59.8422787922864,60.3859514658529,65.2570438984162,58.4788051044874,63.8519776877034,52.6177328026046,59.0653859962956,56.2386122849838,51.5141664413809,21.8924514913162,0,17.4756500928791,73.683478103458,113.185757011186,126.393102412111,67.9850171836424,67.0224123547812,54.1901789989453,60.1490337617443,57.2476802195552,61.491560294464,81.3647213351254,28.9267450794688,70.0222792038384,66.4990993286804,61.392589905506,74.9953865338783,78.7901110719765,79.8136691239007,75.9041382809599,76.7033905619901,76.6088278562419,76.6514911471003,82.7960806420758,83.7983757200398,94.4280263566822,83.227671429347,91.8335405120306,83.2561356343525,84.3210064006439,34.94525879143,32.9934935162544,34.7079582679431,38.4200702408049,33.3396538679793,32.0093627754583,30.664796140144,39.6419004598055,24.4672543038997,24.8377808994462,27.3903569709342,29.861336596514,108.700287404228,48.9982610425572,57.0526524515645,93.3163920455162,95.043200826792,92.520748354392,87.6403702903037,79.8815441810751,78.3599966410704,83.3471529705217,81.8462939063275,79.0006738707618,58.5914899850116,65.9983792899752,63.5876636834049,39.9847066622436,37.802351175824,57.5011893125905
42.1949430942808,42.6894953898276,42.929251682491,42.6875497950343,43.5897230969447,43.4473174415361,43.7990936859184,41.9530337424591,61.7528122345155,65.5775720025913,87.4198996689442,57.5960732649716,58.1416754485733,63.0289366109256,57.3249206641198,62.6065960880976,50.1506654800914,56.6233750043682,53.784984629091,49.0625262397147,16.5462385714657,17.4756500928791,0,72.0164103497595,112.090086256215,125.256776747619,66.2012518177324,65.2666486173665,53.3162980933763,58.0515490473746,55.1512657952597,59.3669298559705,80.2264874999678,29.8819609909397,68.7307355300227,65.1971857010525,59.1301717155027,73.7072366656804,77.505588645956,78.5281985283799,74.5915297891411,75.3906832682498,75.2924937767419,75.3353284206738,81.4906634242829,82.5006953885042,93.1256429215073,81.9265189104002,90.5321280644649,81.9538547780667,83.0271733028215,32.5492604136192,30.5681152982791,32.3688957912744,35.9581971908357,31.462968474497,29.9615782098725,28.452736699843,37.707794677583,20.1775416196131,21.2528034532866,23.965192581341,26.7975679463363,106.29279511112,46.9770684821639,55.1436884566133,92.0728287367225,93.8041460597559,91.2796520859148,86.3964389709414,78.5569185662935,77.0352687712841,82.0350303412945,80.5349868496032,77.6648078942034,56.7959523720475,64.2358560065593,62.1674558903988,38.1763665951182,35.9693505640699,55.2861725697893
75.0678842584641,74.9077340317988,74.5785969342989,76.1071242540017,76.2728184055468,73.9125845337328,73.137309287279,71.9909249573526,87.0578908619832,90.6561267891473,96.2800453407705,84.3849549521458,84.8493648508844,89.0612880462381,78.9505853109945,80.2689483424796,89.7445338214667,96.3898092957777,93.1843073606978,89.0404064318954,70.875192014869,73.683478103458,72.0164103497595,0,129.196863065516,140.969873822934,63.4109103156103,57.7552495336731,81.2027534362538,79.3264205534669,76.5038209400756,81.146481449592,96.5184371077027,74.7153557984507,84.7827693217043,81.4943584763715,86.6137445094524,83.9391233258805,87.8754822096034,88.8336802387867,83.8662840910916,84.6462671846958,84.4114318820648,84.4471929463557,90.9702022099616,92.290719816573,102.714277021946,91.580015467967,100.154325685579,91.5577100009914,92.967345340014,75.3154257603691,73.532233223274,75.5543326959331,77.8414880783389,76.2908699208317,74.9025246811853,73.0746200017337,65.7251041040131,69.8401618294567,68.7628478048647,69.7848071883977,70.9029197927242,143.525356636532,71.979232417802,69.6147473880094,103.925148257049,105.825804630352,103.226383456064,98.2384413224752,87.2729947271852,85.7530979932025,91.2462325982573,89.7844949853097,85.9144502730812,70.6461647972212,74.689207244093,68.0710751406948,61.6991775843966,71.9572733640641,80.9058834602248
119.771795684084,119.969326394128,119.598361709151,120.844542747393,121.343228839283,119.256621192842,118.808035796429,117.668879787142,135.637931743227,139.331440985131,112.725088885521,132.368493325734,132.863370964747,137.350544184492,109.780676373781,112.461672363888,132.598894462167,139.141467411627,136.10296166453,131.716853042754,111.320930612031,113.185757011186,112.090086256215,129.196863065516,0,86.9693407407721,127.572587902158,125.920034716408,110.134573663715,129.539964320324,126.673838065209,131.189041562786,95.5666385128474,113.031291073513,119.343249692762,117.097622660195,134.318059067959,95.8664347807582,98.9529382816036,99.5003298639611,101.06532753694,101.582093005974,102.249807578382,101.989765592004,105.01251734371,104.786116926766,115.852100243047,104.832936413008,112.967436777095,104.936236694544,104.598584276841,116.78978957515,114.98416038087,116.778026386598,119.758147297998,116.127650773018,115.112009978257,113.650778191483,111.071565378352,110.795215524753,109.815313535137,111.178023777828,112.419854818797,187.290934391543,119.569455171535,123.186937818251,102.690716073828,103.319860842764,101.395697568597,97.288712515547,105.406235128481,104.044471833768,106.654756955224,105.156391888525,106.126053709788,123.637569488576,129.654781451241,109.495345096697,108.618843966039,113.665647116751,129.330144014761
132.621113931957,132.800563398509,132.425585242609,133.698052587718,134.178639866254,132.061887168488,131.591853799206,130.459022845872,148.264906979601,151.952076511037,120.842766358837,145.033632569969,145.526655621368,149.995953767048,122.683056095631,124.881110436814,145.600539603534,152.150885061416,149.10074057156,144.731007840124,124.467587549452,126.393102412111,125.256776747619,140.969873822934,86.9693407407721,0,139.55224771917,137.874380414944,123.774852694696,142.071709052246,139.209632288904,143.722612860798,108.543418150894,126.301081094751,131.610466707388,129.41072367765,147.00123684803,103.866273871769,106.824233580706,107.124426968151,109.78402050152,110.208104541744,111.026323868031,110.675612255573,112.907035316735,112.45673286585,123.529364990551,112.630304602225,120.556038754372,112.723759353527,112.117253954086,129.886606154328,128.081646572472,129.893310801628,132.823226995864,129.348111494143,128.301615708614,126.812022019127,123.85241338239,123.895645772171,122.901957552121,124.244179228852,125.470867904481,200.233367997838,132.250742198299,135.605909624638,106.996004595631,107.205961655247,105.596279902491,101.840472166233,113.951110291345,112.638746433531,114.755734246224,113.282532583714,114.932998079654,136.077288392384,142.019289083679,120.966913516464,121.300427452287,126.655614136166,141.968780095963
68.3667749319957,68.0411064029355,67.8662758238549,69.2679034361599,69.2900634230638,67.1886694947915,66.403910020997,65.0820714589925,77.89322571869,81.4380435952743,95.7496414634268,75.4821460829809,75.9392816764641,80.0195222579001,76.4737909565258,78.6409809473622,82.8909680798523,89.5559182246025,86.2995661323591,82.2387778752348,64.930939424544,67.9850171836424,66.2012518177324,63.4109103156103,127.572587902158,139.55224771917,0,39.7366143326025,77.702959682801,69.5036083177855,66.7415229377408,71.2389540957625,95.0655223697991,69.3784565511262,83.5455732220651,80.1958363396963,77.8337107848839,83.3299350873316,87.2459928949324,88.1976457026656,83.3939437785841,84.1646485430827,83.9562803366018,83.9812058378932,90.4044514749897,91.6932405273372,102.126470751528,90.9987631385738,99.5586452456228,90.9779450333165,92.3514303896053,68.8999184580044,67.1338667246599,69.2023211470528,71.3043668762537,70.2596962700164,68.8069560869319,66.9011642314189,59.5396871926742,63.8760711852687,62.8433638867187,63.7666275796637,64.9275880365777,136.308359019549,64.7364342003627,59.2374956097877,103.058092146492,104.936139432928,102.347429980981,97.3742600477423,86.8023695007117,85.2900039633344,90.7092093576834,89.2489513442262,85.4941581028892,65.323724945584,70.6814199507139,69.666537491746,55.7965111083012,66.4041871073983,71.8885004227018
67.598826952168,67.3232689863752,67.0850812825373,68.5569890428025,68.6229483420892,66.3929680313946,65.5916133713337,64.3442228466982,78.1113664329022,81.6792136954978,93.9940566320829,75.6050908118139,76.063093992821,80.1947390767923,74.8450998096234,76.8679791246313,82.2878734892398,88.9485200563821,85.7080199154756,81.6198545615013,64.0338599396655,67.0224123547812,65.2666486173665,57.7552495336731,125.920034716408,137.874380414944,39.7366143326025,0,76.2747028116047,69.9082087619,67.1096325931343,71.7487781921273,93.3720805903394,68.318657666406,81.6912007136972,78.3375644506758,77.9113093710997,81.5588721295726,85.4771386535403,86.4327791095864,81.6091194140936,82.3832072545155,82.1708207102914,82.199229780394,88.6420239948694,89.9315540950345,100.36760298438,89.2360601002378,97.8012058458504,89.2162110607546,90.5910474757114,68.1573348744595,66.3848306816374,68.4413792192291,70.5981307097194,69.4093631280311,67.9722016282096,66.0871454327619,58.5267086960252,62.9726712248195,61.9207178634133,62.870345646354,64.0113116682266,135.832684350249,63.9988444613007,59.0206279497355,101.319751818023,103.199891125319,100.610025583959,95.635308167495,85.0331311039839,83.5184852515441,88.9457575059466,87.4839698908063,83.7232671762544,63.376341032722,68.1984403251396,67.3652551867309,54.5896599900459,65.3313319528091,72.0284913365768
62.6837130241585,63.0588925387826,62.6099492904231,63.8307328645962,64.4867052634756,62.3762195697866,62.0408322820444,60.962980874745,80.6184038343843,84.3593253809248,88.8904065076107,77.0940298018054,77.5984402778617,82.2097741832859,51.6729169087947,60.8818443951881,75.2428239439865,81.7624888670238,78.7785987880936,74.3044951535141,52.7843418641614,54.1901789989453,53.3162980933763,81.2027534362538,110.134573663715,123.774852694696,77.702959682801,76.2747028116047,0,75.1397204343678,72.2332272946976,76.8345327965845,77.8202106320009,53.1529177072043,68.6144432028802,65.4701633823233,78.9236227266944,74.4967208149092,78.2316383440674,79.2941661545067,75.8283354380733,76.6407047767633,76.6043506915503,76.654392043296,82.6574946060989,83.5203823808874,94.2456399546794,83.0098891109891,91.6383244077363,83.0623682305901,83.9772036760686,58.9629607884315,57.1352643744289,58.8845469193404,62.0624430246901,57.9130231565813,56.9379043782347,55.5534687741374,54.0316514426702,52.3011163584765,51.2700156871481,52.8045327888592,54.0181909594666,130.309743094429,63.601600335649,69.4874050720316,92.156815261903,93.8127521546338,91.3205416724418,86.4829715977489,80.0802185287446,78.5552683470072,83.328537612496,81.8082260559254,79.4094668227292,69.5877264398804,76.2777697981528,65.6474687822744,52.276847287093,54.8818845260374,74.1991424397013
