IBR/IBR_outputs/all.combrep_1/FireFreq_2000_2008_Total.Silt_Total.Spinifex_Total/FireFreq_2000_2008_Total.Silt_Total.Spinifex_Total.asc
NCOLS 160 
NROWS 95 
XLLCORNER 210004.651214014 
YLLCORNER 7350008.22228844 
CELLSIZE 4999.99999999997 
NODATA_value -9999 
[rows 63 to 83 of 95, columns 0 to 45 of 160]
-9999 -9999 -9999 -9999 -9999 6.09783405242954 4.53396132809119 4.98817837284612 8.57750599060415 10.0568367916786 12.9133695391214 10.1996547994286 11.5452644035658 24.7411043479919 32.3707787614058 54.7367953302443 95.7191121099304 85.0315953608387 100.443612218474 110.121114612769 81.2075599397067 40.9124567097628 28.6974739096734 29.5406295629189 30.5208378940964 29.3460490358366 28.0433060804538 21.0596611851452 11.9136942738651 5.45553063848023 8.19667093129937 8.70403910879993 7.1924071953705 11.2196472911896 8.27232589387933 7.93181817904021 10.3996407489316 8.65333355709532 12.04842995537 13.3457691345726 12.9657575340893 11.172666412252 11.9140962158083 10.5357777435124 15.5247031465647 13.4864636687555
-9999 -9999 -9999 -9999 -9999 12.7069990765179 6.31718824074778 10.7038081692578 8.43512821511464 11.1057419784245 9.12041803321192 9.50871389773615 6.84572279369702 13.3277337015234 26.7976053806919 28.2650157573366 16.3181146454355 24.1449843051173 44.702351578647 42.5863539062376 15.4636096290736 14.4169711887358 29.6942454353011 29.098752256905 24.7858795436086 17.7758106000902 11.393339786112 11.0182094951514 8.40769482956449 7.90972902174902 6.48400790746417 5.9882120134508 8.24728192123958 7.02333279663559 8.38506519770502 15.5431691028064 15.2973203639139 8.35626603710477 8.61460609169731 14.7739561758298 14.2702653345043 13.9940971038695 13.350277239351 13.9726413763481 17.7910439879939 14.5982179518763
-9999 -9999 -9999 -9999 -9999 11.5819985399533 11.8099268612612 8.89515492885549 8.31415939563392 9.06298461535567 9.85109102193649 9.94557897192955 8.30951110575339 4.89511101095083 23.0585089934841 20.5273475428734 2.88572161744585 2.41149757554801 3.1309137876858 6.75558726484615 4.82911511389753 4.64135943500957 13.9881537602542 22.6421700652987 12.0046740178157 11.8449530470573 10.5047376330967 9.10328531233768 8.10965694697846 7.37084806450813 7.79581596773002 5.85992704271582 7.08153887424242 7.99846225296437 8.43097135141716 4.69426686778023 8.16851778139113 27.592223598463 11.237432178685 12.4979177154475 17.1886155915969 14.381903914105 14.9596198519213 19.9422755640994 17.006028645941 15.3995732432461
-9999 -9999 -9999 -9999 -9999 10.396142855735 13.3897641412757 8.80231268468992 10.7238232707581 11.4653324322866 12.3866600493687 9.7220856815842 8.1943330643664 4.73773831317805 8.73463743068867 18.7575923215881 4.37104048328635 3.64051744903653 4.26401367797815 6.54537189719331 6.6524266021922 6.42662054702776 11.0084979013761 13.0663341268459 10.8582969359974 13.6008377267062 10.5028533390864 12.4934390689379 7.80561250604907 5.99566000039214 6.68937226929996 6.68270133170432 7.63053225165835 9.20268367713245 7.92603700880596 4.89571849388213 5.25901757665756 10.4239823165223 8.65296869679687 10.8780644249333 12.3145999121032 12.4852648751451 13.5701620963118 14.3265521514123 18.0235847765624 11.1021339880955
-9999 -9999 -9999 -9999 -9999 10.4966428678468 13.9845349384615 10.7408046110035 11.0360780461935 15.0175792520422 4.75418063805962 4.76331497244309 5.48941794916903 2.60834122774276 4.64458614609375 4.56369258440154 4.47917909697947 5.21142550779752 8.78319002909957 9.7737652703705 7.96083252623693 12.8940615191186 9.81472308537408 6.86339235594862 7.92721442822584 9.02045477106254 9.59197224584445 11.2518240612225 10.0762177792667 7.69730160593951 6.34895791509922 6.26973898104519 10.3543643348704 11.2208975574788 10.4970137802849 5.80301087129143 5.79686538468427 7.8648874727416 7.64755799278318 8.15901015774051 9.22898221618365 8.79183315517889 7.82620191251771 15.823561673768 16.9691655294251 14.5723179300215
-9999 -9999 -9999 -9999 -9999 9.6710603435088 9.6179538957693 7.39269522408876 10.1667369467851 11.1546441206957 6.34225540840054 8.09144913701139 7.93635581666553 5.92885227359941 3.27130645259981 4.43906907617595 6.22856882826853 5.83301134308779 10.7226958275569 8.96335593535923 7.54289059696125 7.18106157730753 7.29916867451303 12.7667677615615 6.68501966750769 6.73015993395194 8.07779529319626 11.3143505345331 10.2553298340522 10.0062674966352 8.61768665649854 4.59512221080172 4.70308560138028 6.1938813900159 9.54248867189042 9.22697912763991 6.81644308756147 7.37000142999602 6.49386388842129 8.14854167913171 16.3421217161503 18.1127921475162 19.8438562728755 20.7162260867608 23.7648760427919 20.7906101967911
-9999 -9999 -9999 -9999 -9999 7.47244350055137 9.01591151954577 3.75940521007665 6.29931313813819 5.96243397128534 4.24041931392981 8.33673963887671 6.73475251301289 6.9021843951038 4.07865915822673 2.40474937275078 5.4188175525982 5.7442011116617 4.67538751551308 6.45515600420074 5.69300131425003 6.49958985858788 10.0887917874264 22.180450456493 12.1404265193521 9.33963826883781 4.68743568003683 6.02329149917475 10.3224065049098 8.81641858165611 8.59234632223265 4.71737844355326 5.6346526801971 4.23974168798021 4.9681521159783 6.80543927594259 7.24405436926394 6.84705896850617 6.63194951394788 8.13335169251729 13.634207949027 26.7131536542765 29.326711631978 29.0592724189457 29.8494751786459 26.4509790319383
-9999 -9999 -9999 -9999 -9999 6.25918501600278 7.47352342170158 7.0424173020535 4.10687379628136 3.06017062821335 4.78757426346985 10.7320780406258 11.3067373823088 6.27858347762454 6.94227208102208 2.85363416652163 3.79725846828148 5.19152695327471 6.75803625975894 6.70007745796969 6.21316285953102 5.47809752467844 11.0551736464863 10.7388838820518 9.50553161630092 16.3381984574392 17.8282442864953 6.51591105194403 11.1573957236555 10.8981250317787 15.5964355289162 6.070772750641 6.39513164283448 6.80701604234259 6.77382623165576 8.12043746060255 8.79677009529619 7.82212819993307 10.59113915852 16.6934628560793 25.7935620582886 18.1643184969029 29.6676233628109 29.1962311145401 29.594873876013 32.1705594080269
-9999 -9999 -9999 -9999 -9999 3.1969184816846 3.36064682679776 3.09139581927029 3.35080550961128 8.13107465916417 5.89064180684614 3.94259374678028 4.45434937460394 6.36320823561856 7.79196226349768 4.8968699302309 10.8092933003396 8.32821358688416 11.1144964343559 14.7617438766862 9.00788388955541 5.84469947075857 4.89626510547386 7.76083383060545 11.5701628481648 30.0399769476377 32.9275445812245 12.1349141758877 11.9407815683857 7.82902776336855 24.537570713182 7.50426645860731 7.43402854763036 7.87972832832429 8.53757962725979 8.70504471850002 11.2011458786733 9.81932578546972 11.4997818938702 12.0654021129536 12.9436985376305 20.7488511126597 30.1678890970797 29.6426073827202 29.1956311683058 29.394300294662
-9999 -9999 -9999 -9999 -9999 2.80358369948514 3.21130227747031 3.1140884883911 3.51174436688321 9.65095949954501 4.38953799492369 3.45865565730295 3.74884713751352 7.1183600167908 8.20967502790925 3.42416557323246 12.2172253115659 8.77573841198323 11.5511790510653 30.6463605930236 19.0923594153482 5.77676898273397 6.68086576346575 9.15097331556965 25.2907265990859 28.0613428233124 34.6945072559218 28.5910043334266 25.5459284453352 18.800894654545 26.0033028362234 10.5339700014105 4.47912467879364 12.6445980652705 10.620604950744 14.5557218152229 32.2728877060379 24.6601411612314 21.8761176917819 16.0282117986085 13.4083184892288 15.5212100999202 30.1617875699966 29.7516990550841 29.3468931243143 29.1898685430369
-9999 -9999 -9999 -9999 -9999 8.48034722085335 3.43224246498748 2.90947867590579 3.18621014340041 18.1772447072946 5.136978819833 4.32155513511282 3.59366921870876 6.39796292639057 5.73238947211821 3.16957024158212 5.34977776950818 28.2697386463563 28.4748361123746 26.5159512471365 16.8535320741827 11.9127770737948 10.9453319988771 23.7256137000656 35.5598620032133 31.6539503087623 32.3143453159843 31.9403390786023 29.3157316953794 25.7394272661178 18.5645664678644 16.7076078005352 9.04136036342041 12.7835012576412 23.7649617079595 16.5760759967262 14.6803050434813 27.1282184723251 28.5272499975463 14.1716263625944 15.0528839290712 27.6162139611272 29.8613028472539 29.3505225941796 29.6041470640551 30.3019446619835
-9999 -9999 -9999 -9999 -9999 3.88191669206794 6.32165865803978 6.15596293068233 10.2458321576834 9.61327899601012 19.1474425753252 4.19232950613016 3.31321712386658 4.27287364837326 3.54924333675862 5.78254396251793 3.50727181265894 13.6322665776939 29.9974695752025 30.3612211664441 27.6858679904685 29.0584474767759 32.5331936234873 33.7083308234803 34.7546897776573 32.5725994961396 32.3548004738914 29.5218621376745 29.5550353809595 27.1878262357694 17.8966614292783 21.4391935967788 12.7043934564926 18.5672742208735 33.3638828719202 17.4619497513315 13.3695431617538 16.9159877771812 28.5073506070366 25.3030446441908 16.5823332411433 14.3909645734481 31.1049877753568 29.8265415140927 29.3533810612644 29.6305561416447
-9999 -9999 -9999 -9999 -9999 26.0627484576378 20.8936321518901 24.359364703781 26.5478323996825 23.351308291699 26.8577297371263 8.64761943654091 3.82003254450836 5.22880866519554 4.91236344125063 5.98246479966581 6.51096802194521 7.49767015635097 23.2605438104955 31.7764794152539 32.4724074091842 29.9448292242903 33.683261885241 31.6500560504371 29.1648075238287 31.3322274701746 29.5132497027234 29.4307873382431 29.6849599444781 29.7077867613776 24.9775403486791 25.7470412402687 19.8618384925116 20.8157351005202 25.9310774938319 13.5813539262456 12.7457731250182 13.4235566974906 22.4557861678931 30.7066942644648 23.9940881874451 14.4955141874246 13.9867747621272 30.5455326505462 29.5180902158997 30.1272714781746
-9999 -9999 -9999 -9999 -9999 27.3388196577031 29.268058753337 27.2943583167778 26.9387767971968 26.9503005514731 26.9280018705226 13.1314345672606 4.89271637329145 9.08377232846448 5.16797797679745 22.0759914417768 10.3604906691134 6.98662393445557 6.6613257179454 22.3565390633854 29.1312816079896 27.4428736559743 27.7165408218267 28.7188752941468 28.5712227703185 29.5192436211374 29.3894207096607 29.4898384565725 29.8461324167734 29.2345123813427 27.4723230695109 18.4679043189694 19.1240695033726 14.3541411841917 18.4855881367232 15.8048078071722 12.3127543674533 12.9713786332195 14.7460376447217 28.637371400882 29.4544189631891 31.3217184714807 18.266993863825 22.7303076834711 33.3117714151392 29.733709862893
-9999 -9999 -9999 -9999 -9999 26.8203670254462 26.9405689898829 27.0551077985244 26.9451292900045 26.9547751858528 28.4902199788197 23.2831839334292 9.71099457527305 7.76708507505053 5.69103230050844 25.9840818180015 8.49970759011291 9.93363228444871 11.5119769691032 11.2423105839075 22.2821449677372 29.4574012854371 30.5193039896125 29.8671532967971 29.5706195982898 29.7775084229389 29.3294523157432 29.1576317754144 29.7528105749199 29.3162367584634 28.2982963695024 17.7069913000254 22.6151118194195 18.3964875470403 14.61592794388 13.5160875567475 13.0510834607293 13.1748360586106 27.977204738932 18.9689568473385 30.780369857024 28.3410202993263 24.5490768889145 25.3575070703182 33.0101298527963 31.9181994566969
-9999 -9999 -9999 -9999 -9999 22.2445161002217 18.4736109500519 24.7367849111818 30.5577832791788 27.1719563604893 27.2570230982435 27.8713964374336 25.5324808550051 4.9116787189991 6.88643633525716 16.204001329687 11.2633843905734 7.86882695139716 26.3561913675447 26.2050873089297 15.019623967337 27.2700355207741 32.6607147899139 33.2875573891613 29.4378147456423 29.6779050619083 29.7738600003001 29.8202176899486 29.379540515173 29.4411236065509 27.8331619386687 18.9969735044781 19.1082789766629 21.1037132135376 15.0996308241036 12.4710326001312 12.8323195584462 15.5881652311611 27.713393186229 25.1413847064709 22.4699445659293 31.1796870797982 26.4958147752981 23.8354881571053 31.0369777239116 31.9791751189356
-9999 -9999 -9999 -9999 -9999 8.64830391206045 8.61640593181064 9.62583642138527 19.0347985646685 27.8153701965495 24.3030082819195 18.2303432306748 27.1134694861728 6.07881772726406 5.48978490354407 4.34699226622249 8.68183895401828 16.9661213052119 28.1557430650789 30.653136950484 29.5098141350681 26.9400233303459 27.8748668798124 29.1411366064382 28.6149025830972 28.6610854934156 28.9763480748667 29.1298436996035 29.4482670770841 30.3877949649845 27.9538924306629 27.7712609456693 29.2430658409027 22.8004707502798 13.1858403799172 11.3206549086815 12.609856156255 17.3441208442494 30.3070246933382 37.489338698468 22.5661005455484 27.3156885007169 27.8057668077388 27.3836620507657 27.0795718072447 30.8157759974858
-9999 -9999 -9999 -9999 -9999 -9999 29.495986269714 26.3539416066069 17.6514872652215 21.5607803957149 10.4292240042018 9.34451718171922 19.9407334812455 15.0646326660167 10.2081012089849 4.97101925687594 4.92067739856088 12.9689874565843 27.0718560470725 30.7425139739357 32.2085883058352 30.9515188918198 27.5661377125429 27.0811175683841 29.071063497166 27.8485794953133 27.3318983936057 27.4214478149389 28.8044929958654 30.9852396369001 29.761686610115 28.6864037855767 31.0141573181171 31.9171503180337 16.7402605568635 14.6121593160408 13.9690114590423 22.9357058312896 37.0289469844522 36.829694214423 31.3914396368288 28.8576469964254 26.217003330904 27.3611986305896 23.6243140460657 26.4025562180086
-9999 -9999 -9999 -9999 -9999 -9999 -9999 27.4195958087689 12.9238583842706 8.64397091918095 22.1342935034936 26.9532423806395 26.9167304650003 26.3653548107357 16.5763316496106 8.76647287116749 11.6522273325935 16.4281437260002 28.3043929779235 27.8288257993399 32.3888628457681 32.7309120272877 31.3906691572131 29.5044353665978 28.2441566525568 27.3433620332675 28.1212073274706 29.8923689077333 27.4072296619423 28.9991204693087 31.4622952325859 30.6342563478536 31.2035488152675 31.7226498522205 25.3957482673852 12.3288207243529 15.7817006531755 27.1377608716194 32.9107041450507 34.7310088513944 31.0078203678225 29.6505961766005 33.1528115250106 26.5658887767684 23.8129497642415 27.9748975608908
-9999 -9999 -9999 -9999 -9999 -9999 -9999 -9999 6.56479050554408 11.2812156967119 27.5778610641248 27.1065877818713 26.9482383646564 27.0074018976491 27.0738136788588 20.4162174908126 21.8140485084699 6.62739242851398 26.4718657997794 27.3933382800847 30.4884037733838 29.477917605707 30.0501951406241 30.1171589552866 29.3834858330926 28.0573770949863 29.5185404661592 31.0815132458729 29.9350198851517 28.9267131698123 32.1992231925342 32.0625465168132 31.2582056941723 31.0957972150207 31.409252204322 19.1029620932945 22.017755748776 23.0539338281431 31.9642697669205 32.3432811467983 31.5821942537603 29.6093853333588 29.6903211973605 30.9551150321807 30.2185186027751 27.5220403847504
-9999 -9999 -9999 -9999 -9999 -9999 -9999 -9999 -9999 25.1218287852844 27.6411708249231 26.9879459307566 27.1450994590575 26.9375525639127 26.9811091374218 26.876376464457 23.6964645657169 4.3766933981361 3.18501351278933 10.395607583961 26.6506036414418 28.1706551139748 30.3070496133186 29.1414672808624 28.0564001835593 28.7121809232378 28.6615447575621 28.8071046609766 29.088349633994 28.7167123056453 30.220464815672 34.464068472581 33.5098014019279 33.5528205177757 31.9041980518644 32.2417326940507 31.707686929222 29.7647770789702 32.7540926501411 32.4639867022769 31.9387288825531 30.6313751437745 28.4903676741733 30.397066206257 32.5003142887769 31.4374208214987
