0.129472 0.0154869 0.0872258 0.00612189 0.761693
0.0800516 9.9991E-05 0.148555 0.0414649 0.729828
0.223915 9.9991E-05 0.237805 0.0268784 0.511302
0.0496169 9.9991E-05 0.191323 0.00415415 0.754806
9.9973E-05 0.0652604 9.9973E-05 9.9973E-05 0.93444
9.9982E-05 0.024978 0.124418 9.9982E-05 0.850404
0.0325678 0.01045 0.272091 9.9991E-05 0.684792
9.9982E-05 9.9982E-05 0.146542 0.0595428 0.793715
0.212805 0.116996 9.9991E-05 0.00609887 0.664
0.167122 0.00685488 0.318376 0.0485406 0.459106
0.0367417 0.0993497 0.480053 0.056066 0.327789
0.223001 0.067751 0.134105 0.032872 0.542271
9.9991E-05 0.0669324 0.819238 0.0492701 0.0644598
0.223766 0.0538052 0.248011 9.9991E-05 0.474317
0.155581 0.0638891 9.9991E-05 0.0500636 0.730367
0.0332941 9.9991E-05 0.241885 0.0259314 0.698789
0.270278 0.0339454 9.9982E-05 9.9982E-05 0.695577
0.0446578 9.9982E-05 9.9982E-05 0.019297 0.935845
0.521982 0.124352 0.214261 0.0629818 0.0764229
0.679911 9.9982E-05 0.194892 9.9982E-05 0.124997
0.710356 9.9982E-05 9.9982E-05 0.0286025 0.260842
0.819334 0.0560998 0.0721169 0.0252542 0.0271951
0.89828 9.9982E-05 0.0447773 0.0567429 9.9982E-05
0.808475 9.9982E-05 9.9982E-05 0.0528394 0.138486
0.670043 9.9982E-05 0.102472 9.9982E-05 0.227284
0.927236 9.9982E-05 9.9982E-05 0.00390103 0.068663
0.876436 0.0806473 9.9982E-05 0.0427162 9.9982E-05
0.854951 0.0989557 9.9982E-05 0.0458931 9.9982E-05
0.936218 0.0271193 9.9982E-05 9.9982E-05 0.0364628
0.869483 0.0705653 0.0233838 9.9991E-05 0.0364674
0.884858 0.0517485 0.0166328 0.0125699 0.0341904
0.865113 0.0293726 9.9991E-05 0.0362777 0.0691366
0.799804 9.9991E-05 0.0572316 0.0841574 0.0587069
0.0969702 9.9991E-05 0.312682 0.08206 0.508188
0.262808 0.0586655 0.0227354 9.9991E-05 0.655691
0.127707 0.0774043 0.0523269 9.9991E-05 0.742462
0.0162209 0.00814354 0.241322 0.0519208 0.682393
0.0893653 0.0562908 0.362238 0.010249 0.481857
9.997E-05 9.997E-05 9.997E-05 0.9996 9.997E-05
0.801545 9.9982E-05 0.163807 0.034448 9.9982E-05
0.156279 0.133894 9.9991E-05 0.00274802 0.706978
0.159083 9.9982E-05 0.149267 9.9982E-05 0.69145
0.259354 0.0764352 0.37395 0.0262574 0.264004
0.0425263 0.10586 0.695791 0.0744346 0.0813886
0.0273491 0.012502 0.941677 0.018372 9.9991E-05
9.997E-05 9.997E-05 9.997E-05 0.9996 9.997E-05
0.204896 0.0530226 0.281692 0.0656616 0.394728
0.0842529 0.0602246 0.604844 9.9991E-05 0.250579
0.390054 0.0989819 0.139238 0.0210507 0.350676
9.9982E-05 0.73442 0.224004 0.0413757 9.9982E-05
9.9982E-05 0.755513 0.201775 0.042512 9.9982E-05
0.0341636 0.818955 9.9991E-05 0.00410804 0.142673
9.9991E-05 0.720048 0.155637 0.0585404 0.0656746
0.0392435 0.838537 9.9991E-05 0.0581682 0.0639516
0.0177752 0.886942 9.9982E-05 9.9982E-05 0.0950829
9.9982E-05 0.725977 0.0356334 9.9982E-05 0.238189
0.0326647 0.777329 0.166273 0.0236336 9.9991E-05
0.147044 0.836712 0.00191362 0.0142304 9.9991E-05
9.9982E-05 0.806999 9.9982E-05 0.0285619 0.164239
9.9991E-05 0.569056 0.339682 0.0345061 0.0566559
0.14984 0.813803 0.0361569 9.9982E-05 9.9982E-05
0.08703 0.734719 0.0692902 9.9991E-05 0.108861
9.9982E-05 0.299679 0.633996 0.0661247 9.9982E-05
0.794726 0.0435806 0.108626 0.00107434 0.0519925
0.809818 9.9991E-05 0.0803051 0.0347957 0.0749816
0.856622 9.9982E-05 9.9982E-05 0.0237802 0.119398
0.0487895 0.686406 0.18703 0.00744529 0.0703293
9.9982E-05 0.498104 0.453204 0.0484919 9.9982E-05
0.0546887 0.692889 0.206707 0.0456156 9.9991E-05
0.00218968 0.704019 0.256354 0.0373373 9.9991E-05
9.9991E-05 0.856345 0.00427575 0.067403 0.0718766
9.9982E-05 0.147343 0.662456 9.9982E-05 0.190001
9.9991E-05 0.0357884 0.840418 0.00554506 0.118149
0.0164911 0.0909685 0.85179 9.9991E-05 0.0406507
9.9973E-05 9.9973E-05 0.950615 0.0490848 9.9973E-05
0.0940511 9.9982E-05 0.865818 0.0399304 9.9982E-05
0.00341522 0.0155507 0.960744 0.0201897 9.9991E-05
0.0357612 0.0229769 0.879458 0.0399244 0.0218793
9.9982E-05 0.661564 0.306524 9.9982E-05 0.031712
0.0259761 0.469472 0.36989 0.121962 0.012699
0.0782163 0.730419 0.185419 0.00584552 9.9991E-05
0.144418 0.787073 0.0223712 0.0460372 9.9991E-05
9.9991E-05 0.752733 0.0049484 0.0383036 0.203915
0.718492 0.060953 0.0979184 0.0266988 0.0959377
0.196254 0.292269 0.504717 9.9991E-05 0.00665979
9.9982E-05 0.146266 0.847111 9.9982E-05 0.00642285
9.997E-05 9.997E-05 9.997E-05 0.9996 9.997E-05
0.186699 9.9982E-05 0.184811 9.9982E-05 0.628291
0.179599 9.9991E-05 0.0961506 0.0315821 0.692568
0.146817 9.9991E-05 0.21336 0.0558959 0.583827
0.251144 0.0788505 0.303242 0.0459084 0.320854
0.0611159 0.0780326 9.9982E-05 9.9982E-05 0.860652
0.0417908 0.144447 0.813563 9.9982E-05 9.9982E-05
0.554212 0.00239403 0.271874 0.0237105 0.147809
9.9991E-05 0.18453 0.666681 0.0857563 0.062933
0.249222 0.022654 0.472232 0.0316847 0.224208
0.16761 9.9982E-05 0.0563544 9.9982E-05 0.775835
0.07559 9.9982E-05 0.362067 9.9982E-05 0.562143
0.175934 9.9982E-05 0.328641 9.9982E-05 0.495226
0.0162899 0.019615 0.312066 0.00717689 0.644852
9.9982E-05 9.9982E-05 0.500416 0.00555552 0.493829
0.0976977 9.9982E-05 0.202536 9.9982E-05 0.699566
0.035378 0.190789 0.723943 0.0370137 0.0128753
0.0857837 0.158924 0.574534 0.0498372 0.13092
9.9991E-05 0.207389 0.661406 0.0861318 0.0449735
0.176302 9.9982E-05 0.675695 9.9982E-05 0.147803
0.132196 0.0931933 0.541011 9.9991E-05 0.2335
0.449864 0.058198 0.0416264 9.9991E-05 0.450211
9.9982E-05 0.765123 9.9982E-05 0.0146297 0.220047
0.0337975 0.720431 0.233076 0.0125961 9.9991E-05
0.126397 0.14056 0.732843 9.9982E-05 9.9982E-05
0.0890988 0.151123 0.567453 0.0279181 0.164407
0.25839 0.096158 0.585304 0.0600481 9.9991E-05
0.700669 9.9973E-05 0.299031 9.9973E-05 9.9973E-05
0.0544562 0.630975 0.259454 0.0550147 9.9991E-05
0.0190221 0.651579 0.329199 9.9982E-05 9.9982E-05
9.9982E-05 0.526649 0.409591 9.9982E-05 0.0635599
0.46474 0.0545197 0.0967084 0.0577632 0.326268
0.245647 0.0748725 9.9991E-05 0.000112066 0.679269
0.0409219 0.0268306 0.227033 0.0562764 0.648938
0.0976961 0.112287 0.0576467 9.9991E-05 0.73227
0.445831 9.9973E-05 9.9973E-05 9.9973E-05 0.553869
0.186996 0.0318285 0.0785656 0.0131316 0.689478
0.181095 0.066955 9.9982E-05 9.9982E-05 0.75175
0.0365612 0.0966015 0.0198661 0.0235919 0.823379
0.362251 0.0173131 0.145032 9.9991E-05 0.475304
0.148943 0.0520139 9.9982E-05 9.9982E-05 0.798843
0.179268 9.9991E-05 0.100758 0.0493302 0.670544
0.0699086 9.9991E-05 0.147911 0.0136575 0.768423
0.284007 0.153909 0.0556167 0.00235257 0.504115
0.0434416 0.10238 0.0274399 0.0418525 0.784886
0.216099 9.9991E-05 0.336631 0.0191037 0.428067
0.151213 0.0307959 0.0942459 9.9991E-05 0.723645
0.833263 9.9973E-05 0.166437 9.9973E-05 9.9973E-05
0.91033 9.9982E-05 0.074962 9.9982E-05 0.0145077
0.891212 9.9982E-05 9.9982E-05 0.0477411 0.0608468
0.778539 0.0528325 0.0767951 9.9991E-05 0.0917329
0.80699 0.00286816 0.164652 0.0253901 9.9991E-05
9.9991E-05 0.0749273 0.257269 0.00250033 0.665203
0.12383 9.9991E-05 0.295811 0.0190531 0.561206
9.9973E-05 0.935534 0.0641662 9.9973E-05 9.9973E-05
0.0856671 0.802724 0.0252535 0.0269722 0.0593838
0.0167853 0.860284 9.9991E-05 0.00743307 0.115397
0.116004 0.636667 0.243113 0.00411623 9.9991E-05
9.9982E-05 0.91022 9.9982E-05 0.0357452 0.0538345
0.136541 0.779433 0.0810364 0.00288993 9.9991E-05
9.9991E-05 0.899858 0.0131912 0.0381993 0.0486518
0.0887841 0.831525 0.0794912 9.9982E-05 9.9982E-05
0.102679 0.868443 9.9982E-05 9.9982E-05 0.0286778
0.108917 0.886045 9.9982E-05 0.0048382 9.9982E-05
9.9991E-05 0.809536 0.155191 0.0251852 0.00998757
0.0520573 0.753425 0.099009 0.0422769 0.053232
0.0890697 0.763284 9.9991E-05 0.0210413 0.126505
0.100395 0.89507 9.9982E-05 0.00433442 9.9982E-05
0.0234554 0.812888 0.143159 0.0203973 9.9991E-05
9.9982E-05 0.855499 9.9982E-05 0.0253526 0.118949
0.116518 0.839517 0.0154218 0.0141728 0.0143703
0.0326395 0.161957 0.727518 0.0101987 0.0676875
9.9982E-05 9.9982E-05 0.864952 0.010764 0.124084
9.9982E-05 0.8626 0.120702 9.9982E-05 0.0164984
9.9991E-05 0.646846 0.105364 0.0331367 0.214554
0.0234377 0.826416 0.149946 9.99874E-05 9.99874E-05
9.9982E-05 0.163171 0.609188 9.9982E-05 0.227441
0.0204618 0.0563722 0.0841676 0.0173758 0.821623
0.221468 0.0106964 9.9991E-05 0.0390174 0.728718
0.464091 9.9982E-05 0.253225 9.9982E-05 0.282484
0.58952 9.9982E-05 0.125478 9.9982E-05 0.284802
0.764939 0.00167744 0.177912 0.011267 0.0442043
0.822533 0.0705422 0.0780413 0.00896154 0.0199216
0.782246 9.9991E-05 0.0520973 0.0154838 0.150073
0.754424 0.0162852 0.068105 0.0196875 0.141498
0.72683 0.0593572 0.0872458 0.0531451 0.0734219
0.805335 0.0764039 9.9991E-05 0.0384991 0.0796619
0.127374 0.0173173 0.109949 9.9991E-05 0.74526
0.0773007 0.0821811 0.17253 0.041969 0.626019
9.9991E-05 0.0669667 0.155072 0.0585628 0.719298
9.9991E-05 0.0146084 0.30826 0.00161672 0.675414
9.9982E-05 9.9982E-05 0.247512 0.0241792 0.728109
9.9991E-05 0.0118486 0.450125 0.00277373 0.535152
0.220466 9.9991E-05 0.227894 0.0170328 0.534507
0.176172 0.0643474 0.0999065 0.0220293 0.637544
0.0977817 9.9991E-05 0.213899 0.0589466 0.629272
0.156319 0.0475057 0.282942 0.00630378 0.50693
0.105372 0.0410552 0.206206 0.0365041 0.610863
0.701975 0.113735 9.9991E-05 0.147265 0.0369249
0.0213265 0.719109 0.246608 0.0128567 9.9991E-05
0.115266 0.817164 0.0313344 0.0361357 9.9991E-05
0.00845668 0.86939 0.119796 0.00225737 9.9991E-05
0.0220698 0.742834 0.0807323 0.0276709 0.126693
0.0676728 0.803485 9.9991E-05 0.030586 0.0981566
0.294123 0.116773 0.105589 0.0277868 0.455729
0.246078 0.0380287 0.132581 0.0233986 0.559914
0.184865 0.0230174 9.9991E-05 0.065625 0.726393
0.217208 9.9991E-05 0.243138 0.0428889 0.496665
