0.0147257 0.0309115 0.049612 0.861049 0.041446 0.00225619
9.999E-05 0.0280554 0.466306 0.463773 0.0220472 0.0197179
9.9982E-05 0.0242123 9.9982E-05 0.763003 0.175335 0.0372499
0.00857905 0.0102606 0.170011 0.664875 9.9991E-05 0.146174
0.0579095 9.9973E-05 0.12262 0.819171 9.9973E-05 9.9973E-05
0.0720077 9.9991E-05 0.219295 0.672126 0.0089894 0.0274826
0.0545274 9.9982E-05 0.246526 0.585366 9.9982E-05 0.113381
9.9982E-05 0.0316024 0.29277 0.616529 9.9982E-05 0.0588986
0.0991167 0.00687226 0.769619 0.0480697 0.0762227 9.9991E-05
9.999E-05 0.0303192 0.232429 0.3598 0.168605 0.208747
0.0631573 0.030977 0.38197 0.0506024 0.0319805 0.441313
0.0831864 0.0104731 0.343143 0.371971 0.152779 0.0384486
0.0453938 0.0238712 0.213821 9.9991E-05 0.00123689 0.715577
0.0991806 9.9982E-05 0.739438 9.9982E-05 0.101103 0.0600786
0.0586817 0.0443385 0.353131 0.387239 0.156511 9.9991E-05
9.9982E-05 9.9982E-05 0.694348 0.159578 0.0129232 0.132952
0.00847005 9.9991E-05 0.327894 0.383535 0.193886 0.0861154
9.9973E-05 0.00961413 0.543879 0.446207 9.9973E-05 9.9973E-05
0.121787 0.0547177 0.177701 9.9991E-05 0.518835 0.12686
9.9973E-05 9.9973E-05 0.317984 9.9973E-05 0.577703 0.104013
0.0212063 0.0256476 0.0451045 0.175976 0.670054 0.0620123
0.0408213 0.0140313 0.0159316 0.0203157 0.855755 0.0531454
9.9973E-05 0.0633147 9.9973E-05 9.9973E-05 0.921031 0.0153539
0.0145131 0.0452659 0.213836 0.0393025 0.686983 9.9991E-05
9.9982E-05 9.9982E-05 0.0442565 0.20433 0.62362 0.127594
9.9973E-05 0.0147208 9.9973E-05 0.112547 0.872432 9.9973E-05
0.0332988 0.0335315 0.00586815 9.9991E-05 0.90054 0.0266617
0.0546421 0.0364987 0.0497026 9.9991E-05 0.850205 0.00885191
0.0149607 9.9973E-05 9.9973E-05 0.100419 0.88432 9.9973E-05
0.0691056 9.9973E-05 9.9973E-05 0.127329 0.803266 9.9973E-05
0.0256917 9.9973E-05 0.11907 9.9973E-05 0.854938 9.9973E-05
0.0312055 0.042455 0.186305 9.9982E-05 0.739834 9.9982E-05
9.9982E-05 0.0881154 0.082625 9.9982E-05 0.760941 0.0681187
9.999E-05 0.0718767 0.251369 0.297281 0.137734 0.24164
0.0268827 0.00801379 0.273882 0.486877 0.204245 9.9991E-05
0.0744504 9.9982E-05 9.9982E-05 0.811834 0.100205 0.0133108
9.9973E-05 0.0564637 9.9973E-05 0.797709 9.9973E-05 0.145527
0.0693801 0.0025794 0.390089 0.272495 0.0517182 0.213738
9.996E-05 0.9995 9.996E-05 9.996E-05 9.996E-05 9.996E-05
0.00891743 0.0196915 9.9991E-05 0.0268457 0.750482 0.193963
0.0918771 0.000975461 0.0154239 0.704312 0.187312 9.9991E-05
9.9991E-05 0.00544495 0.365742 0.393944 0.124939 0.109829
0.0769214 0.0144327 0.231812 0.157413 0.240964 0.278456
0.0803434 0.0527935 0.216125 9.9991E-05 0.0819367 0.568701
9.9982E-05 0.00209764 0.0327207 9.9982E-05 0.0466883 0.918293
9.996E-05 0.9995 9.996E-05 9.996E-05 9.996E-05 9.996E-05
9.9991E-05 0.0620848 0.245492 0.202983 0.221191 0.268148
0.0958491 9.9991E-05 0.276014 0.177073 0.109203 0.34176
0.0833744 0.0386767 0.302451 0.147689 0.277523 0.150287
0.696976 0.0154561 0.0901361 9.9982E-05 9.9982E-05 0.197232
0.732566 0.0279755 0.0853112 9.9982E-05 9.9982E-05 0.153947
0.767476 0.0131929 0.144764 0.0446862 0.0297807 9.9991E-05
0.619855 0.0638873 0.0376621 9.9982E-05 9.9982E-05 0.278395
0.806163 0.051151 0.126991 9.9982E-05 0.0154949 9.9982E-05
0.828051 9.9973E-05 0.136904 9.9973E-05 0.0347449 9.9973E-05
0.659091 9.9964E-05 0.340509 9.9964E-05 9.9964E-05 9.9964E-05
0.742366 0.0159413 0.195622 9.9982E-05 9.9982E-05 0.045871
0.8309 0.0323385 9.9973E-05 9.9973E-05 0.136462 9.9973E-05
0.740283 0.0511253 0.077553 0.0544265 9.9991E-05 0.0765124
0.578361 0.0267546 0.0636884 0.0978088 9.9991E-05 0.233288
0.782147 9.9973E-05 9.9973E-05 9.9973E-05 0.11745 0.100102
0.617853 0.0041176 0.0503582 9.9991E-05 0.0725813 0.25499
0.313837 0.0726634 0.077854 9.9982E-05 9.9982E-05 0.535446
0.0340477 0.0230781 0.19173 0.0639104 0.687134 9.9991E-05
0.00303003 0.0245475 0.097263 0.119396 0.734601 0.0211618
9.9973E-05 0.00381658 9.9973E-05 0.187762 0.808122 9.9973E-05
0.686543 0.00709688 0.16083 0.0525448 9.9991E-05 0.0928854
0.426695 0.0639022 0.0113112 0.0279581 9.9991E-05 0.470034
0.704037 0.0297221 0.0885618 0.0554374 0.0083036 0.113938
0.619446 0.0470579 9.9982E-05 9.9982E-05 0.0474467 0.285849
0.777136 0.0373314 9.9982E-05 0.155801 0.0295321 9.9982E-05
0.101413 9.9982E-05 0.222198 0.0991924 9.9982E-05 0.576996
0.058511 0.0103089 0.312096 9.9982E-05 9.9982E-05 0.618884
0.0915509 9.9982E-05 0.00288401 0.106817 9.9982E-05 0.798548
9.9964E-05 0.00919279 9.9964E-05 9.9964E-05 9.9964E-05 0.990407
0.000908467 0.0345667 9.9991E-05 0.00764711 0.166088 0.79069
9.9964E-05 0.0192586 9.9964E-05 9.9964E-05 9.9964E-05 0.980342
0.0329531 0.0304128 0.0114137 0.165865 0.0994128 0.659943
0.610259 9.9973E-05 0.183422 9.9973E-05 9.9973E-05 0.206019
0.365114 0.115303 9.9982E-05 0.129939 9.9982E-05 0.389445
0.667913 0.0242067 9.9991E-05 0.0312425 0.0487164 0.227822
0.690748 0.0583861 0.0344433 9.9991E-05 0.12734 0.0889829
0.65715 0.0158841 0.255526 9.9982E-05 9.9982E-05 0.0712399
0.00401222 0.0174132 0.257657 9.9991E-05 0.624456 0.0963621
0.276734 9.9991E-05 0.049218 0.0516948 0.118591 0.503663
0.142614 9.9982E-05 0.0488087 0.0861256 9.9982E-05 0.722252
9.996E-05 0.9995 9.996E-05 9.996E-05 9.996E-05 9.996E-05
9.9982E-05 9.9982E-05 0.116793 0.580785 0.207884 0.0943383
9.9991E-05 0.0351598 0.300492 0.50918 0.116911 0.0381573
9.9991E-05 0.0425072 0.516426 0.155445 0.107155 0.178367
0.0979946 0.0498954 0.595072 0.00278484 0.196264 0.0579899
0.040257 9.9991E-05 0.271268 0.598443 0.0439621 0.0459692
0.0943629 9.9973E-05 9.9973E-05 9.9973E-05 0.0183127 0.887024
0.00956571 0.0337633 9.9991E-05 0.256226 0.522439 0.177906
0.137657 0.0841275 9.9982E-05 0.0885662 9.9982E-05 0.689449
0.0356548 0.0536682 0.0316741 0.290747 0.25969 0.328566
9.9973E-05 9.9973E-05 0.658036 0.223564 0.1181 9.9973E-05
9.9982E-05 9.9982E-05 0.25991 0.544267 0.0146776 0.180945
9.9982E-05 9.9982E-05 0.571433 0.156539 0.0713897 0.200439
0.0239189 9.9973E-05 0.815166 9.9973E-05 9.9973E-05 0.160615
9.9973E-05 0.00569228 9.9973E-05 0.731508 9.9973E-05 0.2625
9.9964E-05 9.9964E-05 0.974148 9.9964E-05 9.9964E-05 0.0254525
0.233585 0.0217616 9.9991E-05 0.163546 0.0538659 0.527141
0.095808 0.0562441 0.129103 0.0407251 0.00653713 0.671583
0.120941 0.0846691 0.0562101 9.9991E-05 0.0230551 0.715025
9.9982E-05 9.9982E-05 0.264738 0.0727707 0.161517 0.500774
0.0927233 9.9982E-05 0.358353 9.9982E-05 0.171532 0.377191
0.053831 9.9982E-05 0.319002 0.231131 0.395836 9.9982E-05
0.769543 0.0106722 0.0417885 0.177796 9.9982E-05 9.9982E-05
0.675142 0.0189681 0.0758849 0.00162326 0.0229594 0.205422
0.12812 0.00123006 9.9991E-05 0.162411 0.136373 0.571765
0.151269 0.0102261 0.304123 9.9991E-05 0.069868 0.464413
0.0876117 0.0584132 9.9991E-05 0.163702 0.188157 0.502016
9.9973E-05 9.9973E-05 9.9973E-05 0.0190136 0.684134 0.296552
0.593757 0.0712188 9.9991E-05 0.00586651 0.0279105 0.301148
0.617503 9.9982E-05 0.156131 9.9982E-05 0.00237826 0.223787
0.456898 9.9982E-05 0.0861705 0.0575038 9.9982E-05 0.399228
9.9982E-05 0.0588092 9.9982E-05 0.361705 0.479609 0.0996769
0.0526813 0.0110263 0.118611 0.666911 0.15067 9.9991E-05
0.0102315 0.0176802 0.112676 0.696687 0.000235358 0.16249
0.102211 9.9982E-05 0.0765727 0.764988 0.0560283 9.9982E-05
9.9982E-05 9.9982E-05 0.240085 0.391979 0.357788 0.00994909
9.9991E-05 0.00795353 0.290304 0.442459 0.165679 0.0935045
0.0106499 9.9982E-05 0.260519 0.71253 0.0161002 9.9982E-05
0.0263556 0.0136686 0.3738 0.585976 9.9982E-05 9.9982E-05
0.0522591 9.9982E-05 0.149577 0.464126 0.333837 9.9982E-05
9.9982E-05 9.9982E-05 0.723695 0.15904 0.105011 0.0120544
9.9982E-05 0.02045 0.867768 9.9982E-05 0.0562732 0.0553093
9.9991E-05 0.0120706 0.528448 0.340442 0.0305307 0.088409
0.0875833 9.9991E-05 0.410196 0.233949 0.205556 0.062616
0.0409326 0.0372838 0.882232 0.0393517 9.9982E-05 9.9982E-05
9.9991E-05 0.00372244 0.561986 0.0356889 0.174099 0.224404
0.0480694 9.99952E-05 0.235439 0.638456 0.0530827 0.0248533
9.99641E-05 9.99641E-05 9.99641E-05 9.99641E-05 0.872935 0.126665
9.9973E-05 9.9973E-05 9.9973E-05 0.098308 0.858164 0.0432279
9.9973E-05 0.0447209 0.15227 9.9973E-05 0.802709 9.9973E-05
0.0582174 0.0169157 0.20771 9.9991E-05 0.714015 0.00304246
0.0295296 0.0155319 9.9991E-05 0.0688783 0.758221 0.127739
0.0787462 0.00906516 0.203133 0.523054 9.9991E-05 0.185901
9.9982E-05 0.0306584 9.9982E-05 0.740236 0.153143 0.0757631
0.835922 9.9964E-05 9.9964E-05 9.9964E-05 9.9964E-05 0.163678
0.782379 0.0385863 0.137505 0.00259694 0.038833 9.9991E-05
0.863349 0.0133959 9.9973E-05 0.122956 9.9973E-05 9.9973E-05
0.577833 9.9982E-05 9.9982E-05 0.125005 0.00890331 0.288058
0.790917 0.0324366 0.057599 0.0676453 9.9991E-05 0.0513018
0.791138 9.9982E-05 0.0792062 9.9982E-05 0.120916 0.00853975
0.824684 0.0178336 9.9982E-05 0.0618547 9.9982E-05 0.0954273
0.78867 9.9982E-05 9.9982E-05 0.0758204 0.0460424 0.0892669
0.808139 9.9982E-05 9.9982E-05 0.0660164 0.0480802 0.0775642
0.819357 0.0147101 9.9991E-05 0.134547 0.0255936 0.0056921
0.721569 0.0473482 9.9982E-05 0.00350134 9.9982E-05 0.227381
0.726133 0.0257609 0.152545 0.0498505 9.9991E-05 0.0456104
0.746584 0.024506 0.125539 0.075092 0.0281788 9.9991E-05
0.81193 0.0218038 0.0934743 0.00253777 0.0701541 9.9991E-05
0.80241 0.0155217 9.9982E-05 0.0876725 9.9982E-05 0.0941959
0.837066 0.00101447 9.9973E-05 0.16162 9.9973E-05 9.9973E-05
0.788976 0.00348755 9.9991E-05 0.14344 0.0401718 0.0238249
0.0939429 9.9982E-05 0.115086 0.0323004 9.9982E-05 0.758471
9.9973E-05 9.9973E-05 0.060906 0.0805892 9.9973E-05 0.858205
0.776676 9.9973E-05 9.9973E-05 0.0676215 9.9973E-05 0.155403
0.675934 0.0160409 0.0439238 0.263902 9.9982E-05 9.9982E-05
0.738656 9.9973E-05 9.9973E-05 9.9973E-05 0.0339779 0.227066
0.0975232 0.0085454 0.0932487 0.0637672 9.9991E-05 0.736816
9.9982E-05 0.00488022 0.114918 0.848256 9.9982E-05 0.0317467
9.9982E-05 0.0414159 0.239216 0.561925 0.157243 9.9982E-05
9.9973E-05 9.9973E-05 9.9973E-05 0.334628 0.464863 0.20021
0.0136398 9.9991E-05 0.317636 0.0472645 0.557594 0.0637652
9.9973E-05 9.9973E-05 0.120531 9.9973E-05 0.738442 0.140727
0.0194444 0.00435393 0.108746 9.9991E-05 0.828606 0.0387492
9.9991E-05 0.0216405 0.176824 0.098702 0.67829 0.0244429
9.9982E-05 0.0292517 0.199443 9.9982E-05 0.691324 0.0797819
0.0254375 0.0462867 0.0903335 9.9991E-05 0.70257 0.135273
0.0753024 0.0578267 0.0917717 0.0629465 0.712053 9.9991E-05
0.00202965 9.9991E-05 0.115682 0.663835 0.102809 0.115544
0.047287 0.0453254 9.9991E-05 0.786825 0.0483569 0.072106
0.0143567 0.0459681 0.0105728 0.787166 9.9991E-05 0.141836
9.99641E-05 9.99641E-05 9.99641E-05 0.801002 9.99641E-05 0.198598
9.9982E-05 0.00326019 0.0606452 0.797281 9.9982E-05 0.138614
0.00259368 9.9982E-05 0.143877 0.560152 9.9982E-05 0.293178
0.0066661 9.9991E-05 0.538346 0.23737 0.107509 0.110009
0.0512633 0.00689897 0.812447 9.9991E-05 0.0673406 0.0619504
0.00196355 0.0462571 0.908986 9.9982E-05 9.9982E-05 0.0425938
0.0470941 0.0119976 0.623057 0.199363 0.048891 0.069598
0.0729402 0.0228494 0.78637 0.117641 9.9982E-05 9.9982E-05
0.0717961 0.145035 0.139179 9.9982E-05 0.64379 9.9982E-05
0.731471 0.0227348 0.0937651 9.9982E-05 9.9982E-05 0.15183
0.738812 0.0406298 9.9991E-05 0.043288 0.0853351 0.0918355
0.813599 0.00406836 0.10103 9.9991E-05 0.0204899 0.0607125
0.689918 9.9982E-05 0.185884 0.0326086 9.9982E-05 0.0913889
0.745484 0.0272672 9.9982E-05 0.149778 0.0772708 9.9982E-05
0.0716357 0.0319954 0.379616 0.152972 0.206157 0.157624
0.0180918 0.038407 0.525503 0.189607 0.196194 0.0321974
9.9973E-05 0.070242 0.8435 0.0859576 9.9973E-05 9.9973E-05
9.9991E-05 0.0494219 0.419174 0.167544 0.184712 0.179048
