Devil7.0.SCAFFOLD,Devil7.1.SCAFFOLD,Chromosome,LENGTH,CHROMOSOME POSITION,GENOME POSITION
GL834412.1,Chr1_supercontig_000000000,1,2180112,2180112,2180112
GL834413.1,Chr1_supercontig_000000001,1,373546,2553658,2553658
GL834414.1,Chr1_supercontig_000000002,1,1075293,3628951,3628951
GL834415.1,Chr1_supercontig_000000003,1,174856,3803807,3803807
GL834416.1,Chr1_supercontig_000000004,1,817733,4621540,4621540
GL834417.1,Chr1_supercontig_000000005,1,3669695,8291235,8291235
GL834418.1,Chr1_supercontig_000000006,1,1117890,9409125,9409125
GL834419.1,Chr1_supercontig_000000007,1,2046010,11455135,11455135
GL834420.1,Chr1_supercontig_000000008,1,614705,12069840,12069840
GL834421.1,Chr1_supercontig_000000009,1,250361,12320201,12320201
GL834422.1,Chr1_supercontig_000000010,1,1131293,13451494,13451494
GL834423.1,Chr1_supercontig_000000011,1,3334039,16785533,16785533
GL834424.1,Chr1_supercontig_000000012,1,2139355,18924888,18924888
GL834425.1,Chr1_supercontig_000000013,1,594981,19519869,19519869
GL834426.1,Chr1_supercontig_000000014,1,623052,20142921,20142921
GL834427.1,Chr1_supercontig_000000015,1,2105342,22248263,22248263
GL834428.1,Chr1_supercontig_000000016,1,1221480,23469743,23469743
GL834429.1,Chr1_supercontig_000000017,1,1061372,24531115,24531115
GL834430.1,Chr1_supercontig_000000018,1,481395,25012510,25012510
GL834431.1,Chr1_supercontig_000000019,1,279951,25292461,25292461
GL834432.1,Chr1_supercontig_000000020,1,335932,25628393,25628393
GL834433.1,Chr1_supercontig_000000021,1,184405,25812798,25812798
GL834434.1,Chr1_supercontig_000000022,1,687882,26500680,26500680
GL834435.1,Chr1_supercontig_000000023,1,188029,26688709,26688709
GL834436.1,Chr1_supercontig_000000024,1,3540533,30229242,30229242
GL834437.1,Chr1_supercontig_000000025,1,330155,30559397,30559397
GL834438.1,Chr1_supercontig_000000026,1,3752149,34311546,34311546
GL834439.1,Chr1_supercontig_000000027,1,445838,34757384,34757384
GL834440.1,Chr1_supercontig_000000028,1,1230044,35987428,35987428
GL834441.1,Chr1_supercontig_000000029,1,1606988,37594416,37594416
GL834442.1,Chr1_supercontig_000000030,1,664195,38258611,38258611
GL834443.1,Chr1_supercontig_000000031,1,410707,38669318,38669318
GL834444.1,Chr1_supercontig_000000032,1,642016,39311334,39311334
GL834445.1,Chr1_supercontig_000000033,1,3605697,42917031,42917031
GL834446.1,Chr1_supercontig_000000034,1,2665210,45582241,45582241
GL834447.1,Chr1_supercontig_000000035,1,1500658,47082899,47082899
GL834448.1,Chr1_supercontig_000000036,1,820059,47902958,47902958
GL834449.1,Chr1_supercontig_000000037,1,461401,48364359,48364359
GL834450.1,Chr1_supercontig_000000038,1,2182101,50546460,50546460
GL834451.1,Chr1_supercontig_000000039,1,4562494,55108954,55108954
GL834452.1,Chr1_supercontig_000000040,1,4406369,59515323,59515323
GL834453.1,Chr1_supercontig_000000041,1,4688437,64203760,64203760
GL834454.1,Chr1_supercontig_000000042,1,1659283,65863043,65863043
GL834455.1,Chr1_supercontig_000000043,1,725661,66588704,66588704
GL834456.1,Chr1_supercontig_000000044,1,41089,66629793,66629793
GL834457.1,Chr1_supercontig_000000045,1,961977,67591770,67591770
GL834458.1,Chr1_supercontig_000000046,1,1248112,68839882,68839882
GL834459.1,Chr1_supercontig_000000047,1,1500746,70340628,70340628
GL834460.1,Chr1_supercontig_000000048,1,1596898,71937526,71937526
GL834461.1,Chr1_supercontig_000000049,1,3066679,75004205,75004205
GL834462.1,Chr1_supercontig_000000050,1,1234740,76238945,76238945
GL834463.1,Chr1_supercontig_000000051,1,4277935,80516880,80516880
GL834464.1,Chr1_supercontig_000000052,1,4446849,84963729,84963729
GL834465.1,Chr1_supercontig_000000053,1,4537969,89501698,89501698
GL834466.1,Chr1_supercontig_000000054,1,4765182,94266880,94266880
GL834467.1,Chr1_supercontig_000000055,1,830199,95097079,95097079
GL834468.1,Chr1_supercontig_000000056,1,310723,95407802,95407802
GL834469.1,Chr1_supercontig_000000057,1,2390959,97798761,97798761
GL834470.1,Chr1_supercontig_000000058,1,53385,97852146,97852146
GL834471.1,Chr1_supercontig_000000059,1,565618,98417764,98417764
GL834472.1,Chr1_supercontig_000000060,1,3786961,102204725,102204725
GL834473.1,Chr1_supercontig_000000061,1,122100,102326825,102326825
GL834474.1,Chr1_supercontig_000000062,1,2048676,104375501,104375501
GL834475.1,Chr1_supercontig_000000063,1,1502829,105878330,105878330
GL834476.1,Chr1_supercontig_000000064,1,353625,106231955,106231955
GL834477.1,Chr1_supercontig_000000065,1,3981504,110213459,110213459
GL834478.1,Chr1_supercontig_000000066,1,94532,110307991,110307991
GL834479.1,Chr1_supercontig_000000067,1,34045,110342036,110342036
GL834480.1,Chr1_supercontig_000000068,1,3146181,113488217,113488217
GL834481.1,Chr1_supercontig_000000069,1,851651,114339868,114339868
GL834482.1,Chr1_supercontig_000000070,1,2768218,117108086,117108086
GL834483.1,Chr1_supercontig_000000071,1,2384219,119492305,119492305
GL834484.1,Chr1_supercontig_000000072,1,3839433,123331738,123331738
GL834485.1,Chr1_supercontig_000000073,1,1289913,124621651,124621651
GL834486.1,Chr1_supercontig_000000074,1,846588,125468239,125468239
GL834487.1,Chr1_supercontig_000000075,1,2129789,127598028,127598028
GL834488.1,Chr1_supercontig_000000076,1,4290883,131888911,131888911
GL834489.1,Chr1_supercontig_000000077,1,1840732,133729643,133729643
GL834490.1,Chr1_supercontig_000000078,1,3137894,136867537,136867537
GL834491.1,Chr1_supercontig_000000079,1,1128347,137995884,137995884
GL834492.1,Chr1_supercontig_000000080,1,181337,138177221,138177221
GL834493.1,Chr1_supercontig_000000081,1,1267133,139444354,139444354
GL834494.1,Chr1_supercontig_000000082,1,212341,139656695,139656695
GL834495.1,Chr1_supercontig_000000083,1,727427,140384122,140384122
GL834496.1,Chr1_supercontig_000000084,1,2315876,142699998,142699998
GL834497.1,Chr1_supercontig_000000085,1,2602,142702600,142702600
GL834498.1,Chr1_supercontig_000000086,1,1389864,144092464,144092464
GL834499.1,Chr1_supercontig_000000087,1,84809,144177273,144177273
GL834500.1,Chr1_supercontig_000000088,1,1524575,145701848,145701848
GL834501.1,Chr1_supercontig_000000089,1,2637344,148339192,148339192
GL834502.1,Chr1_supercontig_000000090,1,4258302,152597494,152597494
GL834503.1,Chr1_supercontig_000000091,1,479610,153077104,153077104
GL834504.1,Chr1_supercontig_000000092,1,10154,153087258,153087258
GL834505.1,Chr1_supercontig_000000093,1,824590,153911848,153911848
GL834506.1,Chr1_supercontig_000000094,1,2883457,156795305,156795305
GL834507.1,Chr1_supercontig_000000095,1,4896948,161692253,161692253
GL834508.1,Chr1_supercontig_000000096,1,2779096,164471349,164471349
GL834509.1,Chr1_supercontig_000000097,1,460188,164931537,164931537
GL834510.1,Chr1_supercontig_000000098,1,443688,165375225,165375225
GL834511.1,Chr1_supercontig_000000099,1,2899524,168274749,168274749
GL834512.1,Chr1_supercontig_000000100,1,1247028,169521777,169521777
GL834513.1,Chr1_supercontig_000000101,1,1900906,171422683,171422683
GL834514.1,Chr1_supercontig_000000102,1,2440192,173862875,173862875
GL834515.1,Chr1_supercontig_000000103,1,944890,174807765,174807765
GL834516.1,Chr1_supercontig_000000104,1,1959724,176767489,176767489
GL834517.1,Chr1_supercontig_000000105,1,26181,176793670,176793670
GL834518.1,Chr1_supercontig_000000106,1,98220,176891890,176891890
GL834519.1,Chr1_supercontig_000000107,1,828177,177720067,177720067
GL834520.1,Chr1_supercontig_000000108,1,144830,177864897,177864897
GL834521.1,Chr1_supercontig_000000109,1,2015843,179880740,179880740
GL834522.1,Chr1_supercontig_000000110,1,495974,180376714,180376714
GL834523.1,Chr1_supercontig_000000111,1,745718,181122432,181122432
GL834524.1,Chr1_supercontig_000000112,1,940961,182063393,182063393
GL834525.1,Chr1_supercontig_000000113,1,251758,182315151,182315151
GL834526.1,Chr1_supercontig_000000114,1,612035,182927186,182927186
GL834527.1,Chr1_supercontig_000000115,1,2599560,185526746,185526746
GL834528.1,Chr1_supercontig_000000116,1,2406482,187933228,187933228
GL834529.1,Chr1_supercontig_000000117,1,1243895,189177123,189177123
GL834530.1,Chr1_supercontig_000000118,1,969976,190147099,190147099
GL834531.1,Chr1_supercontig_000000119,1,1874806,192021905,192021905
GL834532.1,Chr1_supercontig_000000120,1,490216,192512121,192512121
GL834533.1,Chr1_supercontig_000000121,1,636782,193148903,193148903
GL834534.1,Chr1_supercontig_000000122,1,277956,193426859,193426859
GL834535.1,Chr1_supercontig_000000123,1,507769,193934628,193934628
GL834536.1,Chr1_supercontig_000000124,1,1111358,195045986,195045986
GL834537.1,Chr1_supercontig_000000125,1,371457,195417443,195417443
GL834538.1,Chr1_supercontig_000000126,1,1300213,196717656,196717656
GL834539.1,Chr1_supercontig_000000127,1,2928594,199646250,199646250
GL834540.1,Chr1_supercontig_000000128,1,4520778,204167028,204167028
GL834541.1,Chr1_supercontig_000000129,1,5126039,209293067,209293067
GL834542.1,Chr1_supercontig_000000130,1,3882364,213175431,213175431
GL834543.1,Chr1_supercontig_000000131,1,1723193,214898624,214898624
GL834544.1,Chr1_supercontig_000000132,1,220946,215119570,215119570
GL834545.1,Chr1_supercontig_000000133,1,808526,215928096,215928096
GL834546.1,Chr1_supercontig_000000134,1,1967449,217895545,217895545
GL834547.1,Chr1_supercontig_000000135,1,978530,218874075,218874075
GL834548.1,Chr1_supercontig_000000136,1,299259,219173334,219173334
GL834549.1,Chr1_supercontig_000000137,1,1145756,220319090,220319090
GL834550.1,Chr1_supercontig_000000138,1,39509,220358599,220358599
GL834551.1,Chr1_supercontig_000000139,1,1074244,221432843,221432843
GL834552.1,Chr1_supercontig_000000140,1,437696,221870539,221870539
GL834553.1,Chr1_supercontig_000000141,1,174495,222045034,222045034
GL834554.1,Chr1_supercontig_000000142,1,1348740,223393774,223393774
GL834555.1,Chr1_supercontig_000000143,1,240173,223633947,223633947
GL834556.1,Chr1_supercontig_000000144,1,190096,223824043,223824043
GL834557.1,Chr1_supercontig_000000145,1,119425,223943468,223943468
GL834558.1,Chr1_supercontig_000000146,1,210234,224153702,224153702
GL834559.1,Chr1_supercontig_000000147,1,385800,224539502,224539502
GL834560.1,Chr1_supercontig_000000148,1,193416,224732918,224732918
GL834561.1,Chr1_supercontig_000000149,1,284257,225017175,225017175
GL834562.1,Chr1_supercontig_000000150,1,121745,225138920,225138920
GL834563.1,Chr1_supercontig_000000151,1,266013,225404933,225404933
GL834564.1,Chr1_supercontig_000000152,1,111829,225516762,225516762
GL834565.1,Chr1_supercontig_000000153,1,1078622,226595384,226595384
GL834566.1,Chr1_supercontig_000000154,1,607864,227203248,227203248
GL834567.1,Chr1_supercontig_000000155,1,458019,227661267,227661267
GL834568.1,Chr1_supercontig_000000156,1,297621,227958888,227958888
GL834569.1,Chr1_supercontig_000000157,1,175548,228134436,228134436
GL834570.1,Chr1_supercontig_000000158,1,132174,228266610,228266610
GL834571.1,Chr1_supercontig_000000159,1,96969,228363579,228363579
GL834572.1,Chr1_supercontig_000000160,1,88292,228451871,228451871
GL834573.1,Chr1_supercontig_000000161,1,283294,228735165,228735165
GL834574.1,Chr1_supercontig_000000162,1,157234,228892399,228892399
GL834575.1,Chr1_supercontig_000000163,1,157766,229050165,229050165
GL834576.1,Chr1_supercontig_000000164,1,291484,229341649,229341649
GL834577.1,Chr1_supercontig_000000165,1,4095015,233436664,233436664
GL834578.1,Chr1_supercontig_000000166,1,358513,233795177,233795177
GL834579.1,Chr1_supercontig_000000167,1,730720,234525897,234525897
GL834580.1,Chr1_supercontig_000000168,1,1371191,235897088,235897088
GL834581.1,Chr1_supercontig_000000169,1,8472,235905560,235905560
GL834582.1,Chr1_supercontig_000000170,1,1430361,237335921,237335921
GL834583.1,Chr1_supercontig_000000171,1,2552149,239888070,239888070
GL834584.1,Chr1_supercontig_000000172,1,671814,240559884,240559884
GL834585.1,Chr1_supercontig_000000173,1,167380,240727264,240727264
GL834586.1,Chr1_supercontig_000000174,1,424983,241152247,241152247
GL834587.1,Chr1_supercontig_000000175,1,1810361,242962608,242962608
GL834588.1,Chr1_supercontig_000000176,1,2630161,245592769,245592769
GL834589.1,Chr1_supercontig_000000177,1,2876035,248468804,248468804
GL834590.1,Chr1_supercontig_000000178,1,171952,248640756,248640756
GL834591.1,Chr1_supercontig_000000179,1,1803700,250444456,250444456
GL834592.1,Chr1_supercontig_000000180,1,321089,250765545,250765545
GL834593.1,Chr1_supercontig_000000181,1,1619216,252384761,252384761
GL834594.1,Chr1_supercontig_000000182,1,1389749,253774510,253774510
GL834595.1,Chr1_supercontig_000000183,1,2280086,256054596,256054596
GL834596.1,Chr1_supercontig_000000184,1,1176591,257231187,257231187
GL834597.1,Chr1_supercontig_000000185,1,1352269,258583456,258583456
GL834598.1,Chr1_supercontig_000000186,1,535543,259118999,259118999
GL834599.1,Chr1_supercontig_000000187,1,120877,259239876,259239876
GL834600.1,Chr1_supercontig_000000188,1,1121939,260361815,260361815
GL834601.1,Chr1_supercontig_000000189,1,445819,260807634,260807634
GL834602.1,Chr1_supercontig_000000190,1,426181,261233815,261233815
GL834603.1,Chr1_supercontig_000000191,1,4169199,265403014,265403014
GL834604.1,Chr1_supercontig_000000192,1,177384,265580398,265580398
GL834605.1,Chr1_supercontig_000000193,1,1422491,267002889,267002889
GL834606.1,Chr1_supercontig_000000194,1,221091,267223980,267223980
GL834607.1,Chr1_supercontig_000000195,1,162116,267386096,267386096
GL834608.1,Chr1_supercontig_000000196,1,2052443,269438539,269438539
GL834609.1,Chr1_supercontig_000000197,1,4622050,274060589,274060589
GL834610.1,Chr1_supercontig_000000198,1,1246983,275307572,275307572
GL834611.1,Chr1_supercontig_000000199,1,435995,275743567,275743567
GL834612.1,Chr1_supercontig_000000200,1,151088,275894655,275894655
GL834613.1,Chr1_supercontig_000000201,1,409877,276304532,276304532
GL834614.1,Chr1_supercontig_000000202,1,1463495,277768027,277768027
GL834615.1,Chr1_supercontig_000000203,1,581717,278349744,278349744
GL834616.1,Chr1_supercontig_000000204,1,668470,279018214,279018214
GL834617.1,Chr1_supercontig_000000205,1,1721527,280739741,280739741
GL834618.1,Chr1_supercontig_000000206,1,4759636,285499377,285499377
GL834619.1,Chr1_supercontig_000000207,1,1173659,286673036,286673036
GL834620.1,Chr1_supercontig_000000208,1,1751647,288424683,288424683
GL834621.1,Chr1_supercontig_000000209,1,961709,289386392,289386392
GL834622.1,Chr1_supercontig_000000210,1,1627245,291013637,291013637
GL834623.1,Chr1_supercontig_000000211,1,772136,291785773,291785773
GL834624.1,Chr1_supercontig_000000212,1,2870123,294655896,294655896
GL834625.1,Chr1_supercontig_000000213,1,3993140,298649036,298649036
GL834626.1,Chr1_supercontig_000000214,1,839823,299488859,299488859
GL834627.1,Chr1_supercontig_000000215,1,4070047,303558906,303558906
GL834628.1,Chr1_supercontig_000000216,1,3851386,307410292,307410292
GL834629.1,Chr1_supercontig_000000217,1,1617535,309027827,309027827
GL834630.1,Chr1_supercontig_000000218,1,1532789,310560616,310560616
GL834631.1,Chr1_supercontig_000000219,1,177821,310738437,310738437
GL834632.1,Chr1_supercontig_000000220,1,1049744,311788181,311788181
GL834633.1,Chr1_supercontig_000000221,1,3347927,315136108,315136108
GL834634.1,Chr1_supercontig_000000222,1,440943,315577051,315577051
GL834635.1,Chr1_supercontig_000000223,1,3539514,319116565,319116565
GL834636.1,Chr1_supercontig_000000224,1,1145992,320262557,320262557
GL834637.1,Chr1_supercontig_000000225,1,2638213,322900770,322900770
GL834638.1,Chr1_supercontig_000000226,1,684390,323585160,323585160
GL834639.1,Chr1_supercontig_000000227,1,955332,324540492,324540492
GL834640.1,Chr1_supercontig_000000228,1,2348100,326888592,326888592
GL834641.1,Chr1_supercontig_000000229,1,271940,327160532,327160532
GL834642.1,Chr1_supercontig_000000230,1,49219,327209751,327209751
GL834643.1,Chr1_supercontig_000000231,1,2218188,329427939,329427939
GL834644.1,Chr1_supercontig_000000232,1,1739762,331167701,331167701
GL834645.1,Chr1_supercontig_000000233,1,4570869,335738570,335738570
GL834646.1,Chr1_supercontig_000000234,1,4712555,340451125,340451125
GL834647.1,Chr1_supercontig_000000235,1,2879187,343330312,343330312
GL834648.1,Chr1_supercontig_000000236,1,1652134,344982446,344982446
GL834649.1,Chr1_supercontig_000000237,1,1124606,346107052,346107052
GL834650.1,Chr1_supercontig_000000238,1,2003497,348110549,348110549
GL834651.1,Chr1_supercontig_000000239,1,4707063,352817612,352817612
GL834652.1,Chr1_supercontig_000000240,1,4317691,357135303,357135303
GL834653.1,Chr1_supercontig_000000241,1,461638,357596941,357596941
GL834654.1,Chr1_supercontig_000000242,1,3694097,361291038,361291038
GL834655.1,Chr1_supercontig_000000243,1,115592,361406630,361406630
GL834656.1,Chr1_supercontig_000000244,1,1506771,362913401,362913401
GL834657.1,Chr1_supercontig_000000245,1,575043,363488444,363488444
GL834658.1,Chr1_supercontig_000000246,1,1139472,364627916,364627916
GL834659.1,Chr1_supercontig_000000247,1,3630962,368258878,368258878
GL834660.1,Chr1_supercontig_000000248,1,971826,369230704,369230704
GL834661.1,Chr1_supercontig_000000249,1,741934,369972638,369972638
GL834662.1,Chr1_supercontig_000000250,1,3645505,373618143,373618143
GL834663.1,Chr1_supercontig_000000251,1,737683,374355826,374355826
GL834664.1,Chr1_supercontig_000000252,1,800785,375156611,375156611
GL834665.1,Chr1_supercontig_000000253,1,2255477,377412088,377412088
GL834666.1,Chr1_supercontig_000000254,1,1466726,378878814,378878814
GL834667.1,Chr1_supercontig_000000255,1,2805628,381684442,381684442
GL834668.1,Chr1_supercontig_000000256,1,4379462,386063904,386063904
GL834669.1,Chr1_supercontig_000000257,1,854643,386918547,386918547
GL834670.1,Chr1_supercontig_000000258,1,2927981,389846528,389846528
GL834671.1,Chr1_supercontig_000000259,1,3800683,393647211,393647211
GL834672.1,Chr1_supercontig_000000260,1,401703,394048914,394048914
GL834673.1,Chr1_supercontig_000000261,1,244401,394293315,394293315
GL834674.1,Chr1_supercontig_000000262,1,1552582,395845897,395845897
GL834675.1,Chr1_supercontig_000000263,1,244562,396090459,396090459
GL834676.1,Chr1_supercontig_000000264,1,2970469,399060928,399060928
GL834677.1,Chr1_supercontig_000000265,1,1401055,400461983,400461983
GL834678.1,Chr1_supercontig_000000266,1,238406,400700389,400700389
GL834679.1,Chr1_supercontig_000000267,1,362016,401062405,401062405
GL834680.1,Chr1_supercontig_000000268,1,1840502,402902907,402902907
GL834681.1,Chr1_supercontig_000000269,1,276713,403179620,403179620
GL834682.1,Chr1_supercontig_000000270,1,1403208,404582828,404582828
GL834683.1,Chr1_supercontig_000000271,1,1592427,406175255,406175255
GL834684.1,Chr1_supercontig_000000272,1,2157303,408332558,408332558
GL834685.1,Chr1_supercontig_000000273,1,658685,408991243,408991243
GL834686.1,Chr1_supercontig_000000274,1,1124622,410115865,410115865
GL834687.1,Chr1_supercontig_000000275,1,393550,410509415,410509415
GL834688.1,Chr1_supercontig_000000276,1,3395230,413904645,413904645
GL834689.1,Chr1_supercontig_000000277,1,1167764,415072409,415072409
GL834690.1,Chr1_supercontig_000000278,1,1471148,416543557,416543557
GL834691.1,Chr1_supercontig_000000279,1,273490,416817047,416817047
GL834692.1,Chr1_supercontig_000000280,1,864623,417681670,417681670
GL834693.1,Chr1_supercontig_000000281,1,1761770,419443440,419443440
GL834694.1,Chr1_supercontig_000000282,1,2661379,422104819,422104819
GL834695.1,Chr1_supercontig_000000283,1,151412,422256231,422256231
GL834696.1,Chr1_supercontig_000000284,1,3629281,425885512,425885512
GL834697.1,Chr1_supercontig_000000285,1,351374,426236886,426236886
GL834698.1,Chr1_supercontig_000000286,1,1515,426238401,426238401
GL834699.1,Chr1_supercontig_000000287,1,2560444,428798845,428798845
GL834700.1,Chr1_supercontig_000000288,1,1269824,430068669,430068669
GL834701.1,Chr1_supercontig_000000289,1,1951364,432020033,432020033
GL834702.1,Chr1_supercontig_000000290,1,986550,433006583,433006583
GL834703.1,Chr1_supercontig_000000291,1,1101511,434108094,434108094
GL834704.1,Chr1_supercontig_000000292,1,809601,434917695,434917695
GL834705.1,Chr1_supercontig_000000293,1,528684,435446379,435446379
GL834706.1,Chr1_supercontig_000000294,1,2021592,437467971,437467971
GL834707.1,Chr1_supercontig_000000295,1,156914,437624885,437624885
GL834708.1,Chr1_supercontig_000000296,1,1423556,439048441,439048441
GL834709.1,Chr1_supercontig_000000297,1,3881936,442930377,442930377
GL834710.1,Chr1_supercontig_000000298,1,4695799,447626176,447626176
GL834711.1,Chr1_supercontig_000000299,1,30318,447656494,447656494
GL834712.1,Chr1_supercontig_000000300,1,2230,447658724,447658724
GL834713.1,Chr1_supercontig_000000301,1,4246809,451905533,451905533
GL834714.1,Chr1_supercontig_000000302,1,511878,452417411,452417411
GL834715.1,Chr1_supercontig_000000303,1,3663682,456081093,456081093
GL834716.1,Chr1_supercontig_000000304,1,1261086,457342179,457342179
GL834717.1,Chr1_supercontig_000000305,1,3164110,460506289,460506289
GL834718.1,Chr1_supercontig_000000306,1,833480,461339769,461339769
GL834719.1,Chr1_supercontig_000000307,1,2907037,464246806,464246806
GL834720.1,Chr1_supercontig_000000308,1,223884,464470690,464470690
GL834721.1,Chr1_supercontig_000000309,1,3763505,468234195,468234195
GL834722.1,Chr1_supercontig_000000310,1,4818093,473052288,473052288
GL834723.1,Chr1_supercontig_000000311,1,3942496,476994784,476994784
GL834724.1,Chr1_supercontig_000000312,1,3039836,480034620,480034620
GL834725.1,Chr1_supercontig_000000313,1,458806,480493426,480493426
GL834726.1,Chr1_supercontig_000000314,1,1321898,481815324,481815324
GL834727.1,Chr1_supercontig_000000315,1,1612473,483427797,483427797
GL834728.1,Chr1_supercontig_000000316,1,2661292,486089089,486089089
GL834729.1,Chr1_supercontig_000000317,1,1193815,487282904,487282904
GL834730.1,Chr1_supercontig_000000318,1,1323300,488606204,488606204
GL834731.1,Chr1_supercontig_000000319,1,1664680,490270884,490270884
GL834732.1,Chr1_supercontig_000000320,1,4567007,494837891,494837891
GL834733.1,Chr1_supercontig_000000321,1,1118070,495955961,495955961
GL834734.1,Chr1_supercontig_000000322,1,1590404,497546365,497546365
GL834735.1,Chr1_supercontig_000000323,1,176121,497722486,497722486
GL834736.1,Chr1_supercontig_000000324,1,2599895,500322381,500322381
GL834737.1,Chr1_supercontig_000000325,1,559355,500881736,500881736
GL834738.1,Chr1_supercontig_000000326,1,111780,500993516,500993516
GL834739.1,Chr1_supercontig_000000327,1,2247047,503240563,503240563
GL834740.1,Chr1_supercontig_000000328,1,1732408,504972971,504972971
GL834741.1,Chr1_supercontig_000000329,1,40769,505013740,505013740
GL834742.1,Chr1_supercontig_000000330,1,840909,505854649,505854649
GL834743.1,Chr1_supercontig_000000331,1,4893984,510748633,510748633
GL834744.1,Chr1_supercontig_000000332,1,2250546,512999179,512999179
GL834745.1,Chr1_supercontig_000000333,1,120503,513119682,513119682
GL834746.1,Chr1_supercontig_000000334,1,2756610,515876292,515876292
GL834747.1,Chr1_supercontig_000000335,1,779481,516655773,516655773
GL834748.1,Chr1_supercontig_000000336,1,216836,516872609,516872609
GL834749.1,Chr1_supercontig_000000337,1,3875509,520748118,520748118
GL834750.1,Chr1_supercontig_000000338,1,201144,520949262,520949262
GL834751.1,Chr1_supercontig_000000339,1,1262512,522211774,522211774
GL834752.1,Chr1_supercontig_000000340,1,61853,522273627,522273627
GL834753.1,Chr1_supercontig_000000341,1,3006666,525280293,525280293
GL834754.1,Chr1_supercontig_000000342,1,1716974,526997267,526997267
GL834755.1,Chr1_supercontig_000000343,1,315415,527312682,527312682
GL834756.1,Chr1_supercontig_000000344,1,197916,527510598,527510598
GL834757.1,Chr1_supercontig_000000345,1,69296,527579894,527579894
GL834758.1,Chr1_supercontig_000000346,1,602394,528182288,528182288
GL834759.1,Chr1_supercontig_000000347,1,2963480,531145768,531145768
GL834760.1,Chr1_supercontig_000000348,1,230650,531376418,531376418
GL834761.1,Chr1_supercontig_000000349,1,1417665,532794083,532794083
GL834762.1,Chr1_supercontig_000000350,1,144336,532938419,532938419
GL834763.1,Chr1_supercontig_000000351,1,787276,533725695,533725695
GL834764.1,Chr1_supercontig_000000352,1,1234240,534959935,534959935
GL834765.1,Chr1_supercontig_000000353,1,1735962,536695897,536695897
GL834766.1,Chr1_supercontig_000000354,1,2990098,539685995,539685995
GL834767.1,Chr1_supercontig_000000355,1,1252020,540938015,540938015
GL834768.1,Chr1_supercontig_000000356,1,2059521,542997536,542997536
GL834769.1,Chr1_supercontig_000000357,1,1938635,544936171,544936171
GL834770.1,Chr1_supercontig_000000358,1,2800534,547736705,547736705
GL834771.1,Chr1_supercontig_000000359,1,507444,548244149,548244149
GL834772.1,Chr1_supercontig_000000360,1,252102,548496251,548496251
GL834773.1,Chr1_supercontig_000000361,1,330664,548826915,548826915
GL834774.1,Chr1_supercontig_000000362,1,308039,549134954,549134954
GL834775.1,Chr1_supercontig_000000363,1,989714,550124668,550124668
GL834776.1,Chr1_supercontig_000000364,1,410710,550535378,550535378
GL834777.1,Chr1_supercontig_000000365,1,1375903,551911281,551911281
GL834778.1,Chr1_supercontig_000000366,1,343552,552254833,552254833
GL834779.1,Chr1_supercontig_000000367,1,1541447,553796280,553796280
GL834780.1,Chr1_supercontig_000000368,1,277683,554073963,554073963
GL834781.1,Chr1_supercontig_000000369,1,274662,554348625,554348625
GL834782.1,Chr1_supercontig_000000370,1,2194449,556543074,556543074
GL834783.1,Chr1_supercontig_000000371,1,752452,557295526,557295526
GL834784.1,Chr1_supercontig_000000372,1,1234954,558530480,558530480
GL834785.1,Chr1_supercontig_000000373,1,1745349,560275829,560275829
GL834786.1,Chr1_supercontig_000000374,1,182837,560458666,560458666
GL834787.1,Chr1_supercontig_000000375,1,2329605,562788271,562788271
GL834788.1,Chr1_supercontig_000000376,1,1470238,564258509,564258509
GL834789.1,Chr1_supercontig_000000377,1,1218439,565476948,565476948
GL834790.1,Chr1_supercontig_000000378,1,1213027,566689975,566689975
GL834791.1,Chr1_supercontig_000000379,1,735076,567425051,567425051
GL834792.1,Chr1_supercontig_000000380,1,2374177,569799228,569799228
GL834793.1,Chr1_supercontig_000000381,1,1528468,571327696,571327696
GL834794.1,Chr1_supercontig_000000382,1,2272523,573600219,573600219
GL834795.1,Chr1_supercontig_000000383,1,660960,574261179,574261179
GL834796.1,Chr1_supercontig_000000384,1,1442764,575703943,575703943
GL834797.1,Chr1_supercontig_000000385,1,577524,576281467,576281467
GL834798.1,Chr1_supercontig_000000386,1,704375,576985842,576985842
GL834799.1,Chr1_supercontig_000000387,1,751633,577737475,577737475
GL834800.1,Chr1_supercontig_000000388,1,99350,577836825,577836825
GL834801.1,Chr1_supercontig_000000389,1,1227389,579064214,579064214
GL834802.1,Chr1_supercontig_000000390,1,1114362,580178576,580178576
GL834803.1,Chr1_supercontig_000000391,1,3853,580182429,580182429
GL834804.1,Chr1_supercontig_000000392,1,1619,580184048,580184048
GL834805.1,Chr1_supercontig_000000393,1,2355,580186403,580186403
GL834806.1,Chr1_supercontig_000000394,1,745290,580931693,580931693
GL834807.1,Chr1_supercontig_000000395,1,298985,581230678,581230678
GL834808.1,Chr1_supercontig_000000396,1,935701,582166379,582166379
GL834809.1,Chr1_supercontig_000000397,1,314882,582481261,582481261
GL834810.1,Chr1_supercontig_000000398,1,2237,582483498,582483498
GL834811.1,Chr1_supercontig_000000399,1,295750,582779248,582779248
GL834812.1,Chr1_supercontig_000000400,1,221109,583000357,583000357
GL834813.1,Chr1_supercontig_000000401,1,371100,583371457,583371457
GL834814.1,Chr1_supercontig_000000402,1,20969,583392426,583392426
GL834815.1,Chr1_supercontig_000000403,1,122314,583514740,583514740
GL834816.1,Chr1_supercontig_000000404,1,30843,583545583,583545583
GL834817.1,Chr1_supercontig_000000405,1,34789,583580372,583580372
GL834818.1,Chr1_supercontig_000000406,1,62554,583642926,583642926
GL834819.1,Chr1_supercontig_000000407,1,121129,583764055,583764055
GL834820.1,Chr1_supercontig_000000408,1,147151,583911206,583911206
GL834821.1,Chr1_supercontig_000000409,1,384427,584295633,584295633
GL834822.1,Chr1_supercontig_000000410,1,419930,584715563,584715563
GL834823.1,Chr1_supercontig_000000411,1,87941,584803504,584803504
GL834824.1,Chr1_supercontig_000000412,1,59099,584862603,584862603
GL834825.1,Chr1_supercontig_000000413,1,35821,584898424,584898424
GL834826.1,Chr1_supercontig_000000414,1,286232,585184656,585184656
GL834827.1,Chr1_supercontig_000000415,1,32807,585217463,585217463
GL834828.1,Chr1_supercontig_000000416,1,56573,585274036,585274036
GL834829.1,Chr1_supercontig_000000417,1,73210,585347246,585347246
GL834830.1,Chr1_supercontig_000000418,1,72856,585420102,585420102
GL834831.1,Chr1_supercontig_000000419,1,57329,585477431,585477431
GL834832.1,Chr1_supercontig_000000420,1,136841,585614272,585614272
GL834833.1,Chr1_supercontig_000000421,1,121083,585735355,585735355
GL834834.1,Chr1_supercontig_000000422,1,7543,585742898,585742898
GL834835.1,Chr1_supercontig_000000423,1,91083,585833981,585833981
GL834836.1,Chr1_supercontig_000000424,1,128686,585962667,585962667
GL834837.1,Chr1_supercontig_000000425,1,100392,586063059,586063059
GL834838.1,Chr1_supercontig_000000426,1,136315,586199374,586199374
GL834839.1,Chr1_supercontig_000000427,1,210803,586410177,586410177
GL834840.1,Chr1_supercontig_000000428,1,132707,586542884,586542884
GL834841.1,Chr1_supercontig_000000429,1,31666,586574550,586574550
GL834842.1,Chr1_supercontig_000000430,1,238214,586812764,586812764
GL834843.1,Chr1_supercontig_000000431,1,63766,586876530,586876530
GL834844.1,Chr1_supercontig_000000432,1,112942,586989472,586989472
GL834845.1,Chr1_supercontig_000000433,1,235650,587225122,587225122
GL834846.1,Chr1_supercontig_000000434,1,180509,587405631,587405631
GL834847.1,Chr1_supercontig_000000435,1,50324,587455955,587455955
GL834848.1,Chr1_supercontig_000000436,1,255401,587711356,587711356
GL834849.1,Chr1_supercontig_000000437,1,233322,587944678,587944678
GL834850.1,Chr1_supercontig_000000438,1,54189,587998867,587998867
GL834851.1,Chr1_supercontig_000000439,1,66273,588065140,588065140
GL834852.1,Chr1_supercontig_000000440,1,70021,588135161,588135161
GL834853.1,Chr1_supercontig_000000441,1,257542,588392703,588392703
GL834854.1,Chr1_supercontig_000000442,1,32789,588425492,588425492
GL834855.1,Chr1_supercontig_000000443,1,53280,588478772,588478772
GL834856.1,Chr1_supercontig_000000444,1,54909,588533681,588533681
GL834857.1,Chr1_supercontig_000000445,1,150174,588683855,588683855
GL834858.1,Chr1_supercontig_000000446,1,311590,588995445,588995445
GL834859.1,Chr1_supercontig_000000447,1,112962,589108407,589108407
GL834860.1,Chr1_supercontig_000000448,1,81729,589190136,589190136
GL834861.1,Chr1_supercontig_000000449,1,79177,589269313,589269313
GL834862.1,Chr1_supercontig_000000450,1,112205,589381518,589381518
GL834863.1,Chr1_supercontig_000000451,1,51933,589433451,589433451
GL834864.1,Chr1_supercontig_000000452,1,28930,589462381,589462381
GL834865.1,Chr1_supercontig_000000453,1,16258,589478639,589478639
GL834866.1,Chr1_supercontig_000000454,1,70772,589549411,589549411
GL834867.1,Chr1_supercontig_000000455,1,24897,589574308,589574308
GL834868.1,Chr1_supercontig_000000456,1,47873,589622181,589622181
GL834869.1,Chr1_supercontig_000000457,1,108876,589731057,589731057
GL834870.1,Chr1_supercontig_000000458,1,54592,589785649,589785649
GL834871.1,Chr1_supercontig_000000459,1,61137,589846786,589846786
GL834872.1,Chr1_supercontig_000000460,1,71300,589918086,589918086
GL834873.1,Chr1_supercontig_000000461,1,64884,589982970,589982970
GL834874.1,Chr1_supercontig_000000462,1,152326,590135296,590135296
GL834875.1,Chr1_supercontig_000000463,1,130503,590265799,590265799
GL834876.1,Chr1_supercontig_000000464,1,38542,590304341,590304341
GL834877.1,Chr1_supercontig_000000465,1,87692,590392033,590392033
GL834878.1,Chr1_supercontig_000000466,1,239575,590631608,590631608
GL834879.1,Chr1_supercontig_000000467,1,44811,590676419,590676419
GL834880.1,Chr1_supercontig_000000468,1,292035,590968454,590968454
GL834881.1,Chr1_supercontig_000000469,1,79138,591047592,591047592
GL834882.1,Chr1_supercontig_000000470,1,49878,591097470,591097470
GL834883.1,Chr1_supercontig_000000471,1,64142,591161612,591161612
GL834884.1,Chr1_supercontig_000000472,1,65093,591226705,591226705
GL834885.1,Chr1_supercontig_000000473,1,58227,591284932,591284932
GL834886.1,Chr1_supercontig_000000474,1,237830,591522762,591522762
GL834887.1,Chr1_supercontig_000000475,1,5119,591527881,591527881
GL834888.1,Chr1_supercontig_000000476,1,221359,591749240,591749240
GL834889.1,Chr1_supercontig_000000477,1,35914,591785154,591785154
GL834890.1,Chr1_supercontig_000000478,1,60192,591845346,591845346
GL834891.1,Chr1_supercontig_000000479,1,53000,591898346,591898346
GL834892.1,Chr1_supercontig_000000480,1,131629,592029975,592029975
GL834893.1,Chr1_supercontig_000000481,1,69198,592099173,592099173
GL834894.1,Chr1_supercontig_000000482,1,71563,592170736,592170736
GL834895.1,Chr1_supercontig_000000483,1,376878,592547614,592547614
GL834896.1,Chr1_supercontig_000000484,1,140592,592688206,592688206
GL834897.1,Chr1_supercontig_000000485,1,275073,592963279,592963279
GL834898.1,Chr1_supercontig_000000486,1,45371,593008650,593008650
GL834899.1,Chr1_supercontig_000000487,1,149626,593158276,593158276
GL834900.1,Chr1_supercontig_000000488,1,596466,593754742,593754742
GL834901.1,Chr1_supercontig_000000489,1,97348,593852090,593852090
GL834902.1,Chr1_supercontig_000000490,1,88259,593940349,593940349
GL834903.1,Chr1_supercontig_000000491,1,355440,594295789,594295789
GL834904.1,Chr1_supercontig_000000492,1,43064,594338853,594338853
GL834905.1,Chr1_supercontig_000000493,1,6632,594345485,594345485
GL834906.1,Chr1_supercontig_000000494,1,65995,594411480,594411480
GL834907.1,Chr1_supercontig_000000495,1,88210,594499690,594499690
GL834908.1,Chr1_supercontig_000000496,1,78865,594578555,594578555
GL834909.1,Chr1_supercontig_000000497,1,48192,594626747,594626747
GL834910.1,Chr1_supercontig_000000498,1,107613,594734360,594734360
GL834911.1,Chr1_supercontig_000000499,1,76045,594810405,594810405
GL834912.1,Chr1_supercontig_000000500,1,66355,594876760,594876760
GL834913.1,Chr1_supercontig_000000501,1,79717,594956477,594956477
GL834914.1,Chr1_supercontig_000000502,1,102489,595058966,595058966
GL834915.1,Chr1_supercontig_000000503,1,36633,595095599,595095599
GL834916.1,Chr1_supercontig_000000504,1,3588,595099187,595099187
GL834917.1,Chr1_supercontig_000000505,1,79409,595178596,595178596
GL834918.1,Chr1_supercontig_000000506,1,192912,595371508,595371508
GL834919.1,Chr1_supercontig_000000507,1,69644,595441152,595441152
GL834920.1,Chr1_supercontig_000000508,1,61370,595502522,595502522
GL834921.1,Chr1_supercontig_000000509,1,174362,595676884,595676884
GL834922.1,Chr1_supercontig_000000510,1,84322,595761206,595761206
GL834923.1,Chr1_supercontig_000000511,1,108975,595870181,595870181
GL834924.1,Chr1_supercontig_000000512,1,81616,595951797,595951797
GL834925.1,Chr1_supercontig_000000513,1,165078,596116875,596116875
GL834926.1,Chr1_supercontig_000000514,1,246679,596363554,596363554
GL834927.1,Chr1_supercontig_000000515,1,64457,596428011,596428011
GL834928.1,Chr1_supercontig_000000516,1,34663,596462674,596462674
GL834929.1,Chr1_supercontig_000000517,1,66123,596528797,596528797
GL834930.1,Chr1_supercontig_000000518,1,149789,596678586,596678586
GL834931.1,Chr1_supercontig_000000519,1,89969,596768555,596768555
GL834932.1,Chr1_supercontig_000000520,1,144998,596913553,596913553
GL834933.1,Chr1_supercontig_000000521,1,120529,597034082,597034082
GL834934.1,Chr1_supercontig_000000522,1,41718,597075800,597075800
GL834935.1,Chr1_supercontig_000000523,1,207386,597283186,597283186
GL834936.1,Chr1_supercontig_000000524,1,54949,597338135,597338135
GL834937.1,Chr1_supercontig_000000525,1,81540,597419675,597419675
GL834938.1,Chr1_supercontig_000000526,1,220795,597640470,597640470
GL834939.1,Chr1_supercontig_000000527,1,215148,597855618,597855618
GL834940.1,Chr1_supercontig_000000528,1,23971,597879589,597879589
GL834941.1,Chr1_supercontig_000000529,1,91171,597970760,597970760
GL834942.1,Chr1_supercontig_000000530,1,144440,598115200,598115200
GL834943.1,Chr1_supercontig_000000531,1,68381,598183581,598183581
GL834944.1,Chr1_supercontig_000000532,1,165840,598349421,598349421
GL834945.1,Chr1_supercontig_000000533,1,40645,598390066,598390066
GL834946.1,Chr1_supercontig_000000534,1,138066,598528132,598528132
GL834947.1,Chr1_supercontig_000000535,1,388496,598916628,598916628
GL834948.1,Chr1_supercontig_000000536,1,22405,598939033,598939033
GL834949.1,Chr1_supercontig_000000537,1,145045,599084078,599084078
GL834950.1,Chr1_supercontig_000000538,1,182905,599266983,599266983
GL834951.1,Chr1_supercontig_000000539,1,49258,599316241,599316241
GL834952.1,Chr1_supercontig_000000540,1,102680,599418921,599418921
GL834953.1,Chr1_supercontig_000000541,1,95837,599514758,599514758
GL834954.1,Chr1_supercontig_000000542,1,13877,599528635,599528635
GL834955.1,Chr1_supercontig_000000543,1,33328,599561963,599561963
GL834956.1,Chr1_supercontig_000000544,1,102583,599664546,599664546
GL834957.1,Chr1_supercontig_000000545,1,278955,599943501,599943501
GL834958.1,Chr1_supercontig_000000546,1,299611,600243112,600243112
GL834959.1,Chr1_supercontig_000000547,1,122680,600365792,600365792
GL834960.1,Chr1_supercontig_000000548,1,29107,600394899,600394899
GL834961.1,Chr1_supercontig_000000549,1,55813,600450712,600450712
GL834962.1,Chr1_supercontig_000000550,1,315143,600765855,600765855
GL834963.1,Chr1_supercontig_000000551,1,30437,600796292,600796292
GL834964.1,Chr1_supercontig_000000552,1,33429,600829721,600829721
GL834965.1,Chr1_supercontig_000000553,1,32288,600862009,600862009
GL834966.1,Chr1_supercontig_000000554,1,43902,600905911,600905911
GL834967.1,Chr1_supercontig_000000555,1,317623,601223534,601223534
GL834968.1,Chr1_supercontig_000000556,1,168213,601391747,601391747
GL834969.1,Chr1_supercontig_000000557,1,81088,601472835,601472835
GL834970.1,Chr1_supercontig_000000558,1,76239,601549074,601549074
GL834971.1,Chr1_supercontig_000000559,1,247348,601796422,601796422
GL834972.1,Chr1_supercontig_000000560,1,347883,602144305,602144305
GL834973.1,Chr1_supercontig_000000561,1,71097,602215402,602215402
GL834974.1,Chr1_supercontig_000000562,1,64474,602279876,602279876
GL834975.1,Chr1_supercontig_000000563,1,209569,602489445,602489445
GL834976.1,Chr1_supercontig_000000564,1,3064,602492509,602492509
GL834977.1,Chr1_supercontig_000000565,1,307334,602799843,602799843
GL834978.1,Chr1_supercontig_000000566,1,57370,602857213,602857213
GL834979.1,Chr1_supercontig_000000567,1,44436,602901649,602901649
GL834980.1,Chr1_supercontig_000000568,1,163198,603064847,603064847
GL834981.1,Chr1_supercontig_000000569,1,33108,603097955,603097955
GL834982.1,Chr1_supercontig_000000570,1,175726,603273681,603273681
GL834983.1,Chr1_supercontig_000000571,1,26184,603299865,603299865
GL834984.1,Chr1_supercontig_000000572,1,78292,603378157,603378157
GL834985.1,Chr1_supercontig_000000573,1,104528,603482685,603482685
GL834986.1,Chr1_supercontig_000000574,1,70688,603553373,603553373
GL834987.1,Chr1_supercontig_000000575,1,104568,603657941,603657941
GL834988.1,Chr1_supercontig_000000576,1,40528,603698469,603698469
GL834989.1,Chr1_supercontig_000000577,1,65686,603764155,603764155
GL834990.1,Chr1_supercontig_000000578,1,136519,603900674,603900674
GL834991.1,Chr1_supercontig_000000579,1,137623,604038297,604038297
GL834992.1,Chr1_supercontig_000000580,1,124135,604162432,604162432
GL834993.1,Chr1_supercontig_000000581,1,10892,604173324,604173324
GL834994.1,Chr1_supercontig_000000582,1,74694,604248018,604248018
GL834995.1,Chr1_supercontig_000000583,1,41711,604289729,604289729
GL834996.1,Chr1_supercontig_000000584,1,99392,604389121,604389121
GL834997.1,Chr1_supercontig_000000585,1,71402,604460523,604460523
GL834998.1,Chr1_supercontig_000000586,1,540918,605001441,605001441
GL834999.1,Chr1_supercontig_000000587,1,54526,605055967,605055967
GL835000.1,Chr1_supercontig_000000588,1,78230,605134197,605134197
GL835001.1,Chr1_supercontig_000000589,1,48093,605182290,605182290
GL835002.1,Chr1_supercontig_000000590,1,87812,605270102,605270102
GL835003.1,Chr1_supercontig_000000591,1,139195,605409297,605409297
GL835004.1,Chr1_supercontig_000000592,1,71268,605480565,605480565
GL835005.1,Chr1_supercontig_000000593,1,122590,605603155,605603155
GL835006.1,Chr1_supercontig_000000594,1,56060,605659215,605659215
GL835007.1,Chr1_supercontig_000000595,1,339433,605998648,605998648
GL835008.1,Chr1_supercontig_000000596,1,22536,606021184,606021184
GL835009.1,Chr1_supercontig_000000597,1,19753,606040937,606040937
GL835010.1,Chr1_supercontig_000000598,1,94401,606135338,606135338
GL835011.1,Chr1_supercontig_000000599,1,78028,606213366,606213366
GL835012.1,Chr1_supercontig_000000600,1,77028,606290394,606290394
GL835013.1,Chr1_supercontig_000000601,1,185246,606475640,606475640
GL835014.1,Chr1_supercontig_000000602,1,121977,606597617,606597617
GL835015.1,Chr1_supercontig_000000603,1,60299,606657916,606657916
GL835016.1,Chr1_supercontig_000000604,1,97584,606755500,606755500
GL835017.1,Chr1_supercontig_000000605,1,60391,606815891,606815891
GL835018.1,Chr1_supercontig_000000606,1,189299,607005190,607005190
GL835019.1,Chr1_supercontig_000000607,1,107194,607112384,607112384
GL835020.1,Chr1_supercontig_000000608,1,86176,607198560,607198560
GL835021.1,Chr1_supercontig_000000609,1,15265,607213825,607213825
GL835022.1,Chr1_supercontig_000000610,1,23043,607236868,607236868
GL835023.1,Chr1_supercontig_000000611,1,14029,607250897,607250897
GL835024.1,Chr1_supercontig_000000612,1,62871,607313768,607313768
GL835025.1,Chr1_supercontig_000000613,1,17342,607331110,607331110
GL835026.1,Chr1_supercontig_000000614,1,230615,607561725,607561725
GL835027.1,Chr1_supercontig_000000615,1,44109,607605834,607605834
GL835028.1,Chr1_supercontig_000000616,1,107297,607713131,607713131
GL835029.1,Chr1_supercontig_000000617,1,79336,607792467,607792467
GL835030.1,Chr1_supercontig_000000618,1,1331,607793798,607793798
GL835031.1,Chr1_supercontig_000000619,1,203269,607997067,607997067
GL835032.1,Chr1_supercontig_000000620,1,29761,608026828,608026828
GL835033.1,Chr1_supercontig_000000621,1,70897,608097725,608097725
GL835034.1,Chr1_supercontig_000000622,1,215407,608313132,608313132
GL835035.1,Chr1_supercontig_000000623,1,169549,608482681,608482681
GL835036.1,Chr1_supercontig_000000624,1,61060,608543741,608543741
GL835037.1,Chr1_supercontig_000000625,1,95827,608639568,608639568
GL835038.1,Chr1_supercontig_000000626,1,65848,608705416,608705416
GL835039.1,Chr1_supercontig_000000627,1,67376,608772792,608772792
GL835040.1,Chr1_supercontig_000000628,1,27355,608800147,608800147
GL835041.1,Chr1_supercontig_000000629,1,219483,609019630,609019630
GL835042.1,Chr1_supercontig_000000630,1,241994,609261624,609261624
GL835043.1,Chr1_supercontig_000000631,1,41688,609303312,609303312
GL835044.1,Chr1_supercontig_000000632,1,152547,609455859,609455859
GL835045.1,Chr1_supercontig_000000633,1,21018,609476877,609476877
GL835046.1,Chr1_supercontig_000000634,1,266450,609743327,609743327
GL835047.1,Chr1_supercontig_000000635,1,3989,609747316,609747316
GL835048.1,Chr1_supercontig_000000636,1,98864,609846180,609846180
GL835049.1,Chr1_supercontig_000000637,1,45254,609891434,609891434
GL835050.1,Chr1_supercontig_000000638,1,85902,609977336,609977336
GL835051.1,Chr1_supercontig_000000639,1,49409,610026745,610026745
GL835052.1,Chr1_supercontig_000000640,1,87987,610114732,610114732
GL835053.1,Chr1_supercontig_000000641,1,18675,610133407,610133407
GL835054.1,Chr1_supercontig_000000642,1,43587,610176994,610176994
GL835055.1,Chr1_supercontig_000000643,1,307594,610484588,610484588
GL835056.1,Chr1_supercontig_000000644,1,137957,610622545,610622545
GL835057.1,Chr1_supercontig_000000645,1,56570,610679115,610679115
GL835058.1,Chr1_supercontig_000000646,1,133178,610812293,610812293
GL835059.1,Chr1_supercontig_000000647,1,162260,610974553,610974553
GL835060.1,Chr1_supercontig_000000648,1,51811,611026364,611026364
GL835061.1,Chr1_supercontig_000000649,1,63584,611089948,611089948
GL835062.1,Chr1_supercontig_000000650,1,25706,611115654,611115654
GL835063.1,Chr1_supercontig_000000651,1,68140,611183794,611183794
GL835064.1,Chr1_supercontig_000000652,1,22055,611205849,611205849
GL835065.1,Chr1_supercontig_000000653,1,37626,611243475,611243475
GL835066.1,Chr1_supercontig_000000654,1,39933,611283408,611283408
GL835067.1,Chr1_supercontig_000000655,1,255883,611539291,611539291
GL835068.1,Chr1_supercontig_000000656,1,182435,611721726,611721726
GL835069.1,Chr1_supercontig_000000657,1,133623,611855349,611855349
GL835070.1,Chr1_supercontig_000000658,1,40500,611895849,611895849
GL835071.1,Chr1_supercontig_000000659,1,165050,612060899,612060899
GL835072.1,Chr1_supercontig_000000660,1,14905,612075804,612075804
GL835073.1,Chr1_supercontig_000000661,1,123127,612198931,612198931
GL835074.1,Chr1_supercontig_000000662,1,27549,612226480,612226480
GL835075.1,Chr1_supercontig_000000663,1,20180,612246660,612246660
GL835076.1,Chr1_supercontig_000000664,1,134810,612381470,612381470
GL835077.1,Chr1_supercontig_000000665,1,269103,612650573,612650573
GL835078.1,Chr1_supercontig_000000666,1,31026,612681599,612681599
GL835079.1,Chr1_supercontig_000000667,1,47179,612728778,612728778
GL835080.1,Chr1_supercontig_000000668,1,26653,612755431,612755431
GL835081.1,Chr1_supercontig_000000669,1,103969,612859400,612859400
GL835082.1,Chr1_supercontig_000000670,1,22178,612881578,612881578
GL835083.1,Chr1_supercontig_000000671,1,60764,612942342,612942342
GL835084.1,Chr1_supercontig_000000672,1,42886,612985228,612985228
GL835085.1,Chr1_supercontig_000000673,1,92190,613077418,613077418
GL835086.1,Chr1_supercontig_000000674,1,87207,613164625,613164625
GL835087.1,Chr1_supercontig_000000675,1,85813,613250438,613250438
GL835088.1,Chr1_supercontig_000000676,1,15335,613265773,613265773
GL835089.1,Chr1_supercontig_000000677,1,81592,613347365,613347365
GL835090.1,Chr1_supercontig_000000678,1,28159,613375524,613375524
GL835091.1,Chr1_supercontig_000000679,1,11048,613386572,613386572
GL835092.1,Chr1_supercontig_000000680,1,77587,613464159,613464159
GL835093.1,Chr1_supercontig_000000681,1,61737,613525896,613525896
GL835094.1,Chr1_supercontig_000000682,1,179414,613705310,613705310
GL835095.1,Chr1_supercontig_000000683,1,31462,613736772,613736772
GL835096.1,Chr1_supercontig_000000684,1,161862,613898634,613898634
GL835097.1,Chr1_supercontig_000000685,1,42610,613941244,613941244
GL835098.1,Chr1_supercontig_000000686,1,42580,613983824,613983824
GL835099.1,Chr1_supercontig_000000687,1,14296,613998120,613998120
GL835100.1,Chr1_supercontig_000000688,1,182933,614181053,614181053
GL835101.1,Chr1_supercontig_000000689,1,28740,614209793,614209793
GL835102.1,Chr1_supercontig_000000690,1,12301,614222094,614222094
GL835103.1,Chr1_supercontig_000000691,1,52376,614274470,614274470
GL835104.1,Chr1_supercontig_000000692,1,27866,614302336,614302336
GL835105.1,Chr1_supercontig_000000693,1,49506,614351842,614351842
GL835106.1,Chr1_supercontig_000000694,1,91514,614443356,614443356
GL835107.1,Chr1_supercontig_000000695,1,119108,614562464,614562464
GL835108.1,Chr1_supercontig_000000696,1,73776,614636240,614636240
GL835109.1,Chr1_supercontig_000000697,1,52573,614688813,614688813
GL835110.1,Chr1_supercontig_000000698,1,40693,614729506,614729506
GL835111.1,Chr1_supercontig_000000699,1,178595,614908101,614908101
GL835112.1,Chr1_supercontig_000000700,1,153281,615061382,615061382
GL835113.1,Chr1_supercontig_000000701,1,47340,615108722,615108722
GL835114.1,Chr1_supercontig_000000702,1,87427,615196149,615196149
GL835115.1,Chr1_supercontig_000000703,1,175125,615371274,615371274
GL835116.1,Chr1_supercontig_000000704,1,5269,615376543,615376543
GL835117.1,Chr1_supercontig_000000705,1,52661,615429204,615429204
GL835118.1,Chr1_supercontig_000000706,1,67158,615496362,615496362
GL835119.1,Chr1_supercontig_000000707,1,137282,615633644,615633644
GL835120.1,Chr1_supercontig_000000708,1,41370,615675014,615675014
GL835121.1,Chr1_supercontig_000000709,1,35876,615710890,615710890
GL835122.1,Chr1_supercontig_000000710,1,222007,615932897,615932897
GL835123.1,Chr1_supercontig_000000711,1,76902,616009799,616009799
GL835124.1,Chr1_supercontig_000000712,1,12005,616021804,616021804
GL835125.1,Chr1_supercontig_000000713,1,53300,616075104,616075104
GL835126.1,Chr1_supercontig_000000714,1,103843,616178947,616178947
GL835127.1,Chr1_supercontig_000000715,1,92936,616271883,616271883
GL835128.1,Chr1_supercontig_000000716,1,36705,616308588,616308588
GL835129.1,Chr1_supercontig_000000717,1,151831,616460419,616460419
GL835130.1,Chr1_supercontig_000000718,1,34638,616495057,616495057
GL835131.1,Chr1_supercontig_000000719,1,45959,616541016,616541016
GL835132.1,Chr1_supercontig_000000720,1,72454,616613470,616613470
GL835133.1,Chr1_supercontig_000000721,1,44521,616657991,616657991
GL835134.1,Chr1_supercontig_000000722,1,11442,616669433,616669433
GL835135.1,Chr1_supercontig_000000723,1,160625,616830058,616830058
GL835136.1,Chr1_supercontig_000000724,1,26778,616856836,616856836
GL835137.1,Chr1_supercontig_000000725,1,81317,616938153,616938153
GL835138.1,Chr1_supercontig_000000726,1,41393,616979546,616979546
GL835139.1,Chr1_supercontig_000000727,1,147177,617126723,617126723
GL835140.1,Chr1_supercontig_000000728,1,30895,617157618,617157618
GL835141.1,Chr1_supercontig_000000729,1,107899,617265517,617265517
GL835142.1,Chr1_supercontig_000000730,1,26357,617291874,617291874
GL835143.1,Chr1_supercontig_000000731,1,140007,617431881,617431881
GL835144.1,Chr1_supercontig_000000732,1,50056,617481937,617481937
GL835145.1,Chr1_supercontig_000000733,1,62458,617544395,617544395
GL835146.1,Chr1_supercontig_000000734,1,66496,617610891,617610891
GL835147.1,Chr1_supercontig_000000735,1,525289,618136180,618136180
GL835148.1,Chr1_supercontig_000000736,1,44861,618181041,618181041
GL835149.1,Chr1_supercontig_000000737,1,11272,618192313,618192313
GL835150.1,Chr1_supercontig_000000738,1,59407,618251720,618251720
GL835151.1,Chr1_supercontig_000000739,1,144450,618396170,618396170
GL835152.1,Chr1_supercontig_000000740,1,56161,618452331,618452331
GL835153.1,Chr1_supercontig_000000741,1,73506,618525837,618525837
GL835154.1,Chr1_supercontig_000000742,1,43940,618569777,618569777
GL835155.1,Chr1_supercontig_000000743,1,34818,618604595,618604595
GL835156.1,Chr1_supercontig_000000744,1,178133,618782728,618782728
GL835157.1,Chr1_supercontig_000000745,1,53540,618836268,618836268
GL835158.1,Chr1_supercontig_000000746,1,81097,618917365,618917365
GL835159.1,Chr1_supercontig_000000747,1,66508,618983873,618983873
GL835160.1,Chr1_supercontig_000000748,1,14444,618998317,618998317
GL835161.1,Chr1_supercontig_000000749,1,87893,619086210,619086210
GL835162.1,Chr1_supercontig_000000750,1,47885,619134095,619134095
GL835163.1,Chr1_supercontig_000000751,1,9643,619143738,619143738
GL835164.1,Chr1_supercontig_000000752,1,53846,619197584,619197584
GL835165.1,Chr1_supercontig_000000753,1,127208,619324792,619324792
GL835166.1,Chr1_supercontig_000000754,1,117316,619442108,619442108
GL835167.1,Chr1_supercontig_000000755,1,40317,619482425,619482425
GL835168.1,Chr1_supercontig_000000756,1,100761,619583186,619583186
GL835169.1,Chr1_supercontig_000000757,1,98980,619682166,619682166
GL835170.1,Chr1_supercontig_000000758,1,63131,619745297,619745297
GL835171.1,Chr1_supercontig_000000759,1,40501,619785798,619785798
GL835172.1,Chr1_supercontig_000000760,1,21709,619807507,619807507
GL835173.1,Chr1_supercontig_000000761,1,26183,619833690,619833690
GL835174.1,Chr1_supercontig_000000762,1,36045,619869735,619869735
GL835175.1,Chr1_supercontig_000000763,1,75890,619945625,619945625
GL835176.1,Chr1_supercontig_000000764,1,40149,619985774,619985774
GL835177.1,Chr1_supercontig_000000765,1,61358,620047132,620047132
GL835178.1,Chr1_supercontig_000000766,1,41295,620088427,620088427
GL835179.1,Chr1_supercontig_000000767,1,188724,620277151,620277151
GL835180.1,Chr1_supercontig_000000768,1,5076,620282227,620282227
GL835181.1,Chr1_supercontig_000000769,1,46509,620328736,620328736
GL835182.1,Chr1_supercontig_000000770,1,30455,620359191,620359191
GL835183.1,Chr1_supercontig_000000771,1,55052,620414243,620414243
GL835184.1,Chr1_supercontig_000000772,1,112781,620527024,620527024
GL835185.1,Chr1_supercontig_000000773,1,37433,620564457,620564457
GL835186.1,Chr1_supercontig_000000774,1,72955,620637412,620637412
GL835187.1,Chr1_supercontig_000000775,1,48453,620685865,620685865
GL835188.1,Chr1_supercontig_000000776,1,260052,620945917,620945917
GL835189.1,Chr1_supercontig_000000777,1,118644,621064561,621064561
GL835190.1,Chr1_supercontig_000000778,1,48938,621113499,621113499
GL835191.1,Chr1_supercontig_000000779,1,65168,621178667,621178667
GL835192.1,Chr1_supercontig_000000780,1,55348,621234015,621234015
GL835193.1,Chr1_supercontig_000000781,1,238110,621472125,621472125
GL835194.1,Chr1_supercontig_000000782,1,13964,621486089,621486089
GL835195.1,Chr1_supercontig_000000783,1,37155,621523244,621523244
GL835196.1,Chr1_supercontig_000000784,1,8562,621531806,621531806
GL835197.1,Chr1_supercontig_000000785,1,15614,621547420,621547420
GL835198.1,Chr1_supercontig_000000786,1,27685,621575105,621575105
GL835199.1,Chr1_supercontig_000000787,1,140105,621715210,621715210
GL835200.1,Chr1_supercontig_000000788,1,57556,621772766,621772766
GL835201.1,Chr1_supercontig_000000789,1,91893,621864659,621864659
GL835202.1,Chr1_supercontig_000000790,1,91926,621956585,621956585
GL835203.1,Chr1_supercontig_000000791,1,116662,622073247,622073247
GL835204.1,Chr1_supercontig_000000792,1,98655,622171902,622171902
GL835205.1,Chr1_supercontig_000000793,1,34239,622206141,622206141
GL835206.1,Chr1_supercontig_000000794,1,53311,622259452,622259452
GL835207.1,Chr1_supercontig_000000795,1,88105,622347557,622347557
GL835208.1,Chr1_supercontig_000000796,1,102687,622450244,622450244
GL835209.1,Chr1_supercontig_000000797,1,80493,622530737,622530737
GL835210.1,Chr1_supercontig_000000798,1,23015,622553752,622553752
GL835211.1,Chr1_supercontig_000000799,1,14559,622568311,622568311
GL835212.1,Chr1_supercontig_000000800,1,160769,622729080,622729080
GL835213.1,Chr1_supercontig_000000801,1,58561,622787641,622787641
GL835214.1,Chr1_supercontig_000000802,1,88231,622875872,622875872
GL835215.1,Chr1_supercontig_000000803,1,11091,622886963,622886963
GL835216.1,Chr1_supercontig_000000804,1,129071,623016034,623016034
GL835217.1,Chr1_supercontig_000000805,1,41324,623057358,623057358
GL835218.1,Chr1_supercontig_000000806,1,17374,623074732,623074732
GL835219.1,Chr1_supercontig_000000807,1,73441,623148173,623148173
GL835220.1,Chr1_supercontig_000000808,1,81764,623229937,623229937
GL835221.1,Chr1_supercontig_000000809,1,68650,623298587,623298587
GL835222.1,Chr1_supercontig_000000810,1,166261,623464848,623464848
GL835223.1,Chr1_supercontig_000000811,1,14186,623479034,623479034
GL835224.1,Chr1_supercontig_000000812,1,81684,623560718,623560718
GL835225.1,Chr1_supercontig_000000813,1,85683,623646401,623646401
GL835226.1,Chr1_supercontig_000000814,1,40800,623687201,623687201
GL835227.1,Chr1_supercontig_000000815,1,22509,623709710,623709710
GL835228.1,Chr1_supercontig_000000816,1,84914,623794624,623794624
GL835229.1,Chr1_supercontig_000000817,1,93403,623888027,623888027
GL835230.1,Chr1_supercontig_000000818,1,116298,624004325,624004325
GL835231.1,Chr1_supercontig_000000819,1,146577,624150902,624150902
GL835232.1,Chr1_supercontig_000000820,1,8340,624159242,624159242
GL835233.1,Chr1_supercontig_000000821,1,47985,624207227,624207227
GL835234.1,Chr1_supercontig_000000822,1,146818,624354045,624354045
GL835235.1,Chr1_supercontig_000000823,1,11547,624365592,624365592
GL835236.1,Chr1_supercontig_000000824,1,110898,624476490,624476490
GL835237.1,Chr1_supercontig_000000825,1,3362,624479852,624479852
GL835238.1,Chr1_supercontig_000000826,1,17502,624497354,624497354
GL835239.1,Chr1_supercontig_000000827,1,169587,624666941,624666941
GL835240.1,Chr1_supercontig_000000828,1,20791,624687732,624687732
GL835241.1,Chr1_supercontig_000000829,1,33197,624720929,624720929
GL835242.1,Chr1_supercontig_000000830,1,92930,624813859,624813859
GL835243.1,Chr1_supercontig_000000831,1,18234,624832093,624832093
GL835244.1,Chr1_supercontig_000000832,1,15510,624847603,624847603
GL835245.1,Chr1_supercontig_000000833,1,29359,624876962,624876962
GL835246.1,Chr1_supercontig_000000834,1,33474,624910436,624910436
GL835247.1,Chr1_supercontig_000000835,1,129746,625040182,625040182
GL835248.1,Chr1_supercontig_000000836,1,297612,625337794,625337794
GL835249.1,Chr1_supercontig_000000837,1,26405,625364199,625364199
GL835250.1,Chr1_supercontig_000000838,1,18450,625382649,625382649
GL835251.1,Chr1_supercontig_000000839,1,91127,625473776,625473776
GL835252.1,Chr1_supercontig_000000840,1,148289,625622065,625622065
GL835253.1,Chr1_supercontig_000000841,1,82788,625704853,625704853
GL835254.1,Chr1_supercontig_000000842,1,63530,625768383,625768383
GL835255.1,Chr1_supercontig_000000843,1,67483,625835866,625835866
GL835256.1,Chr1_supercontig_000000844,1,62786,625898652,625898652
GL835257.1,Chr1_supercontig_000000845,1,151023,626049675,626049675
GL835258.1,Chr1_supercontig_000000846,1,148876,626198551,626198551
GL835259.1,Chr1_supercontig_000000847,1,29243,626227794,626227794
GL835260.1,Chr1_supercontig_000000848,1,127341,626355135,626355135
GL835261.1,Chr1_supercontig_000000849,1,26433,626381568,626381568
GL835262.1,Chr1_supercontig_000000850,1,374635,626756203,626756203
GL835263.1,Chr1_supercontig_000000851,1,34482,626790685,626790685
GL835264.1,Chr1_supercontig_000000852,1,144571,626935256,626935256
GL835265.1,Chr1_supercontig_000000853,1,27102,626962358,626962358
GL835266.1,Chr1_supercontig_000000854,1,101735,627064093,627064093
GL835267.1,Chr1_supercontig_000000855,1,56290,627120383,627120383
GL835268.1,Chr1_supercontig_000000856,1,125483,627245866,627245866
GL835269.1,Chr1_supercontig_000000857,1,66658,627312524,627312524
GL835270.1,Chr1_supercontig_000000858,1,33322,627345846,627345846
GL835271.1,Chr1_supercontig_000000859,1,36613,627382459,627382459
GL835272.1,Chr1_supercontig_000000860,1,37657,627420116,627420116
GL835273.1,Chr1_supercontig_000000861,1,45561,627465677,627465677
GL835274.1,Chr1_supercontig_000000862,1,43454,627509131,627509131
GL835275.1,Chr1_supercontig_000000863,1,58496,627567627,627567627
GL835276.1,Chr1_supercontig_000000864,1,101672,627669299,627669299
GL835277.1,Chr1_supercontig_000000865,1,14303,627683602,627683602
GL835278.1,Chr1_supercontig_000000866,1,116898,627800500,627800500
GL835279.1,Chr1_supercontig_000000867,1,50260,627850760,627850760
GL835280.1,Chr1_supercontig_000000868,1,66766,627917526,627917526
GL835281.1,Chr1_supercontig_000000869,1,8114,627925640,627925640
GL835282.1,Chr1_supercontig_000000870,1,47910,627973550,627973550
GL835283.1,Chr1_supercontig_000000871,1,22537,627996087,627996087
GL835284.1,Chr1_supercontig_000000872,1,40540,628036627,628036627
GL835285.1,Chr1_supercontig_000000873,1,71544,628108171,628108171
GL835286.1,Chr1_supercontig_000000874,1,74839,628183010,628183010
GL835287.1,Chr1_supercontig_000000875,1,88416,628271426,628271426
GL835288.1,Chr1_supercontig_000000876,1,217365,628488791,628488791
GL835289.1,Chr1_supercontig_000000877,1,50357,628539148,628539148
GL835290.1,Chr1_supercontig_000000878,1,269224,628808372,628808372
GL835291.1,Chr1_supercontig_000000879,1,48512,628856884,628856884
GL835292.1,Chr1_supercontig_000000880,1,62794,628919678,628919678
GL835293.1,Chr1_supercontig_000000881,1,51127,628970805,628970805
GL835294.1,Chr1_supercontig_000000882,1,51845,629022650,629022650
GL835295.1,Chr1_supercontig_000000883,1,26647,629049297,629049297
GL835296.1,Chr1_supercontig_000000884,1,11414,629060711,629060711
GL835297.1,Chr1_supercontig_000000885,1,77851,629138562,629138562
GL835298.1,Chr1_supercontig_000000886,1,161414,629299976,629299976
GL835299.1,Chr1_supercontig_000000887,1,8420,629308396,629308396
GL835300.1,Chr1_supercontig_000000888,1,65493,629373889,629373889
GL835301.1,Chr1_supercontig_000000889,1,39631,629413520,629413520
GL835302.1,Chr1_supercontig_000000890,1,45060,629458580,629458580
GL835303.1,Chr1_supercontig_000000891,1,62425,629521005,629521005
GL835304.1,Chr1_supercontig_000000892,1,338746,629859751,629859751
GL835305.1,Chr1_supercontig_000000893,1,31367,629891118,629891118
GL835306.1,Chr1_supercontig_000000894,1,36629,629927747,629927747
GL835307.1,Chr1_supercontig_000000895,1,76620,630004367,630004367
GL835308.1,Chr1_supercontig_000000896,1,60952,630065319,630065319
GL835309.1,Chr1_supercontig_000000897,1,27660,630092979,630092979
GL835310.1,Chr1_supercontig_000000898,1,41250,630134229,630134229
GL835311.1,Chr1_supercontig_000000899,1,23743,630157972,630157972
GL835312.1,Chr1_supercontig_000000900,1,48937,630206909,630206909
GL835313.1,Chr1_supercontig_000000901,1,56515,630263424,630263424
GL835314.1,Chr1_supercontig_000000902,1,95666,630359090,630359090
GL835315.1,Chr1_supercontig_000000903,1,49189,630408279,630408279
GL835316.1,Chr1_supercontig_000000904,1,20685,630428964,630428964
GL835317.1,Chr1_supercontig_000000905,1,50630,630479594,630479594
GL835318.1,Chr1_supercontig_000000906,1,81050,630560644,630560644
GL835319.1,Chr1_supercontig_000000907,1,88264,630648908,630648908
GL835320.1,Chr1_supercontig_000000908,1,71383,630720291,630720291
GL835321.1,Chr1_supercontig_000000909,1,10088,630730379,630730379
GL835322.1,Chr1_supercontig_000000910,1,27087,630757466,630757466
GL835323.1,Chr1_supercontig_000000911,1,26952,630784418,630784418
GL835324.1,Chr1_supercontig_000000912,1,18867,630803285,630803285
GL835325.1,Chr1_supercontig_000000913,1,89168,630892453,630892453
GL835326.1,Chr1_supercontig_000000914,1,66568,630959021,630959021
GL835327.1,Chr1_supercontig_000000915,1,91947,631050968,631050968
GL835328.1,Chr1_supercontig_000000916,1,58503,631109471,631109471
GL835329.1,Chr1_supercontig_000000917,1,109974,631219445,631219445
GL835330.1,Chr1_supercontig_000000918,1,62216,631281661,631281661
GL835331.1,Chr1_supercontig_000000919,1,96885,631378546,631378546
GL835332.1,Chr1_supercontig_000000920,1,70121,631448667,631448667
GL835333.1,Chr1_supercontig_000000921,1,72754,631521421,631521421
GL835334.1,Chr1_supercontig_000000922,1,52789,631574210,631574210
GL835335.1,Chr1_supercontig_000000923,1,192769,631766979,631766979
GL835336.1,Chr1_supercontig_000000924,1,107201,631874180,631874180
GL835337.1,Chr1_supercontig_000000925,1,6449,631880629,631880629
GL835338.1,Chr1_supercontig_000000926,1,20183,631900812,631900812
GL835339.1,Chr1_supercontig_000000927,1,181308,632082120,632082120
GL835340.1,Chr1_supercontig_000000928,1,55990,632138110,632138110
GL835341.1,Chr1_supercontig_000000929,1,33700,632171810,632171810
GL835342.1,Chr1_supercontig_000000930,1,79689,632251499,632251499
GL835343.1,Chr1_supercontig_000000931,1,173573,632425072,632425072
GL835344.1,Chr1_supercontig_000000932,1,198010,632623082,632623082
GL835345.1,Chr1_supercontig_000000933,1,17066,632640148,632640148
GL835346.1,Chr1_supercontig_000000934,1,46855,632687003,632687003
GL835347.1,Chr1_supercontig_000000935,1,28870,632715873,632715873
GL835348.1,Chr1_supercontig_000000936,1,27886,632743759,632743759
GL835349.1,Chr1_supercontig_000000937,1,17167,632760926,632760926
GL835350.1,Chr1_supercontig_000000938,1,16969,632777895,632777895
GL835351.1,Chr1_supercontig_000000939,1,63110,632841005,632841005
GL835352.1,Chr1_supercontig_000000940,1,79076,632920081,632920081
GL835353.1,Chr1_supercontig_000000941,1,87171,633007252,633007252
GL835354.1,Chr1_supercontig_000000942,1,29078,633036330,633036330
GL835355.1,Chr1_supercontig_000000943,1,47905,633084235,633084235
GL835356.1,Chr1_supercontig_000000944,1,91196,633175431,633175431
GL835357.1,Chr1_supercontig_000000945,1,81811,633257242,633257242
GL835358.1,Chr1_supercontig_000000946,1,21402,633278644,633278644
GL835359.1,Chr1_supercontig_000000947,1,57179,633335823,633335823
GL835360.1,Chr1_supercontig_000000948,1,11900,633347723,633347723
GL835361.1,Chr1_supercontig_000000949,1,65858,633413581,633413581
GL835362.1,Chr1_supercontig_000000950,1,111262,633524843,633524843
GL835363.1,Chr1_supercontig_000000951,1,86151,633610994,633610994
GL835364.1,Chr1_supercontig_000000952,1,54903,633665897,633665897
GL835365.1,Chr1_supercontig_000000953,1,126100,633791997,633791997
GL835366.1,Chr1_supercontig_000000954,1,30545,633822542,633822542
GL835367.1,Chr1_supercontig_000000955,1,53205,633875747,633875747
GL835368.1,Chr1_supercontig_000000956,1,98933,633974680,633974680
GL835369.1,Chr1_supercontig_000000957,1,45470,634020150,634020150
GL835370.1,Chr1_supercontig_000000958,1,114613,634134763,634134763
GL835371.1,Chr1_supercontig_000000959,1,5044,634139807,634139807
GL835372.1,Chr1_supercontig_000000960,1,30395,634170202,634170202
GL835373.1,Chr1_supercontig_000000961,1,39416,634209618,634209618
GL835374.1,Chr1_supercontig_000000962,1,265330,634474948,634474948
GL835375.1,Chr1_supercontig_000000963,1,20532,634495480,634495480
GL835376.1,Chr1_supercontig_000000964,1,9230,634504710,634504710
GL835377.1,Chr1_supercontig_000000965,1,30951,634535661,634535661
GL835378.1,Chr1_supercontig_000000966,1,178596,634714257,634714257
GL835379.1,Chr1_supercontig_000000967,1,42609,634756866,634756866
GL835380.1,Chr1_supercontig_000000968,1,129121,634885987,634885987
GL835381.1,Chr1_supercontig_000000969,1,115422,635001409,635001409
GL835382.1,Chr1_supercontig_000000970,1,116804,635118213,635118213
GL835383.1,Chr1_supercontig_000000971,1,39778,635157991,635157991
GL835384.1,Chr1_supercontig_000000972,1,65656,635223647,635223647
GL835385.1,Chr1_supercontig_000000973,1,83632,635307279,635307279
GL835386.1,Chr1_supercontig_000000974,1,38032,635345311,635345311
GL835387.1,Chr1_supercontig_000000975,1,41183,635386494,635386494
GL835388.1,Chr1_supercontig_000000976,1,67558,635454052,635454052
GL835389.1,Chr1_supercontig_000000977,1,18975,635473027,635473027
GL835390.1,Chr1_supercontig_000000978,1,47088,635520115,635520115
GL835391.1,Chr1_supercontig_000000979,1,107292,635627407,635627407
GL835392.1,Chr1_supercontig_000000980,1,38587,635665994,635665994
GL835393.1,Chr1_supercontig_000000981,1,18186,635684180,635684180
GL835394.1,Chr1_supercontig_000000982,1,318463,636002643,636002643
GL835395.1,Chr1_supercontig_000000983,1,32933,636035576,636035576
GL835396.1,Chr1_supercontig_000000984,1,5120,636040696,636040696
GL835397.1,Chr1_supercontig_000000985,1,75157,636115853,636115853
GL835398.1,Chr1_supercontig_000000986,1,97924,636213777,636213777
GL835399.1,Chr1_supercontig_000000987,1,62004,636275781,636275781
GL835400.1,Chr1_supercontig_000000988,1,42482,636318263,636318263
GL835401.1,Chr1_supercontig_000000989,1,73252,636391515,636391515
GL835402.1,Chr1_supercontig_000000990,1,46215,636437730,636437730
GL835403.1,Chr1_supercontig_000000991,1,40461,636478191,636478191
GL835404.1,Chr1_supercontig_000000992,1,33833,636512024,636512024
GL835405.1,Chr1_supercontig_000000993,1,69292,636581316,636581316
GL835406.1,Chr1_supercontig_000000994,1,16941,636598257,636598257
GL835407.1,Chr1_supercontig_000000995,1,78359,636676616,636676616
GL835408.1,Chr1_supercontig_000000996,1,15003,636691619,636691619
GL835409.1,Chr1_supercontig_000000997,1,35062,636726681,636726681
GL835410.1,Chr1_supercontig_000000998,1,34077,636760758,636760758
GL835411.1,Chr1_supercontig_000000999,1,82417,636843175,636843175
GL835412.1,Chr1_supercontig_000001000,1,27449,636870624,636870624
GL835413.1,Chr1_supercontig_000001001,1,52896,636923520,636923520
GL835414.1,Chr1_supercontig_000001002,1,16274,636939794,636939794
GL835415.1,Chr1_supercontig_000001003,1,107567,637047361,637047361
GL835416.1,Chr1_supercontig_000001004,1,36039,637083400,637083400
GL835417.1,Chr1_supercontig_000001005,1,268564,637351964,637351964
GL835418.1,Chr1_supercontig_000001006,1,16612,637368576,637368576
GL835419.1,Chr1_supercontig_000001007,1,62986,637431562,637431562
GL835420.1,Chr1_supercontig_000001008,1,19836,637451398,637451398
GL835421.1,Chr1_supercontig_000001009,1,34523,637485921,637485921
GL835422.1,Chr1_supercontig_000001010,1,94296,637580217,637580217
GL835423.1,Chr1_supercontig_000001011,1,10705,637590922,637590922
GL835424.1,Chr1_supercontig_000001012,1,37118,637628040,637628040
GL835425.1,Chr1_supercontig_000001013,1,131452,637759492,637759492
GL835426.1,Chr1_supercontig_000001014,1,36746,637796238,637796238
GL835427.1,Chr1_supercontig_000001015,1,27427,637823665,637823665
GL835428.1,Chr1_supercontig_000001016,1,269635,638093300,638093300
GL835429.1,Chr1_supercontig_000001017,1,18144,638111444,638111444
GL835430.1,Chr1_supercontig_000001018,1,28078,638139522,638139522
GL835431.1,Chr1_supercontig_000001019,1,11381,638150903,638150903
GL835432.1,Chr1_supercontig_000001020,1,90074,638240977,638240977
GL835433.1,Chr1_supercontig_000001021,1,64754,638305731,638305731
GL835434.1,Chr1_supercontig_000001022,1,68241,638373972,638373972
GL835435.1,Chr1_supercontig_000001023,1,47679,638421651,638421651
GL835436.1,Chr1_supercontig_000001024,1,9762,638431413,638431413
GL835437.1,Chr1_supercontig_000001025,1,43640,638475053,638475053
GL835438.1,Chr1_supercontig_000001026,1,29203,638504256,638504256
GL835439.1,Chr1_supercontig_000001027,1,86439,638590695,638590695
GL835440.1,Chr1_supercontig_000001028,1,43463,638634158,638634158
GL835441.1,Chr1_supercontig_000001029,1,62694,638696852,638696852
GL835442.1,Chr1_supercontig_000001030,1,27559,638724411,638724411
GL835443.1,Chr1_supercontig_000001031,1,30426,638754837,638754837
GL835444.1,Chr1_supercontig_000001032,1,36396,638791233,638791233
GL835445.1,Chr1_supercontig_000001033,1,72477,638863710,638863710
GL835446.1,Chr1_supercontig_000001034,1,164726,639028436,639028436
GL835447.1,Chr1_supercontig_000001035,1,19446,639047882,639047882
GL835448.1,Chr1_supercontig_000001036,1,65619,639113501,639113501
GL835449.1,Chr1_supercontig_000001037,1,19859,639133360,639133360
GL835450.1,Chr1_supercontig_000001038,1,106192,639239552,639239552
GL835451.1,Chr1_supercontig_000001039,1,52775,639292327,639292327
GL835452.1,Chr1_supercontig_000001040,1,14387,639306714,639306714
GL835453.1,Chr1_supercontig_000001041,1,77838,639384552,639384552
GL835454.1,Chr1_supercontig_000001042,1,40988,639425540,639425540
GL835455.1,Chr1_supercontig_000001043,1,102557,639528097,639528097
GL835456.1,Chr1_supercontig_000001044,1,41154,639569251,639569251
GL835457.1,Chr1_supercontig_000001045,1,32582,639601833,639601833
GL835458.1,Chr1_supercontig_000001046,1,33102,639634935,639634935
GL835459.1,Chr1_supercontig_000001047,1,27141,639662076,639662076
GL835460.1,Chr1_supercontig_000001048,1,35852,639697928,639697928
GL835461.1,Chr1_supercontig_000001049,1,46725,639744653,639744653
GL835462.1,Chr1_supercontig_000001050,1,7327,639751980,639751980
GL835463.1,Chr1_supercontig_000001051,1,19960,639771940,639771940
GL835464.1,Chr1_supercontig_000001052,1,53320,639825260,639825260
GL835465.1,Chr1_supercontig_000001053,1,18067,639843327,639843327
GL835466.1,Chr1_supercontig_000001054,1,116581,639959908,639959908
GL835467.1,Chr1_supercontig_000001055,1,41175,640001083,640001083
GL835468.1,Chr1_supercontig_000001056,1,38952,640040035,640040035
GL835469.1,Chr1_supercontig_000001057,1,59994,640100029,640100029
GL835470.1,Chr1_supercontig_000001058,1,60575,640160604,640160604
GL835471.1,Chr1_supercontig_000001059,1,31364,640191968,640191968
GL835472.1,Chr1_supercontig_000001060,1,45186,640237154,640237154
GL835473.1,Chr1_supercontig_000001061,1,33395,640270549,640270549
GL835474.1,Chr1_supercontig_000001062,1,36866,640307415,640307415
GL835475.1,Chr1_supercontig_000001063,1,41441,640348856,640348856
GL835476.1,Chr1_supercontig_000001064,1,97535,640446391,640446391
GL835477.1,Chr1_supercontig_000001065,1,27669,640474060,640474060
GL835478.1,Chr1_supercontig_000001066,1,44046,640518106,640518106
GL835479.1,Chr1_supercontig_000001067,1,52903,640571009,640571009
GL835480.1,Chr1_supercontig_000001068,1,65899,640636908,640636908
GL835481.1,Chr1_supercontig_000001069,1,65794,640702702,640702702
GL835482.1,Chr1_supercontig_000001070,1,38559,640741261,640741261
GL835483.1,Chr1_supercontig_000001071,1,45465,640786726,640786726
GL835484.1,Chr1_supercontig_000001072,1,19155,640805881,640805881
GL835485.1,Chr1_supercontig_000001073,1,39227,640845108,640845108
GL835486.1,Chr1_supercontig_000001074,1,45324,640890432,640890432
GL835487.1,Chr1_supercontig_000001075,1,74482,640964914,640964914
GL835488.1,Chr1_supercontig_000001076,1,38493,641003407,641003407
GL835489.1,Chr1_supercontig_000001077,1,81719,641085126,641085126
GL835490.1,Chr1_supercontig_000001078,1,21539,641106665,641106665
GL835491.1,Chr1_supercontig_000001079,1,51906,641158571,641158571
GL835492.1,Chr1_supercontig_000001080,1,19773,641178344,641178344
GL835493.1,Chr1_supercontig_000001081,1,43056,641221400,641221400
GL835494.1,Chr1_supercontig_000001082,1,17943,641239343,641239343
GL835495.1,Chr1_supercontig_000001083,1,78531,641317874,641317874
GL835496.1,Chr1_supercontig_000001084,1,110556,641428430,641428430
GL835497.1,Chr1_supercontig_000001085,1,191985,641620415,641620415
GL835498.1,Chr1_supercontig_000001086,1,56505,641676920,641676920
GL835499.1,Chr1_supercontig_000001087,1,71772,641748692,641748692
GL835500.1,Chr1_supercontig_000001088,1,82258,641830950,641830950
GL835501.1,Chr1_supercontig_000001089,1,71353,641902303,641902303
GL835502.1,Chr1_supercontig_000001090,1,29651,641931954,641931954
GL835503.1,Chr1_supercontig_000001091,1,18667,641950621,641950621
GL835504.1,Chr1_supercontig_000001092,1,44241,641994862,641994862
GL835505.1,Chr1_supercontig_000001093,1,63661,642058523,642058523
GL835506.1,Chr1_supercontig_000001094,1,64919,642123442,642123442
GL835507.1,Chr1_supercontig_000001095,1,66214,642189656,642189656
GL835508.1,Chr1_supercontig_000001096,1,23459,642213115,642213115
GL835509.1,Chr1_supercontig_000001097,1,26369,642239484,642239484
GL835510.1,Chr1_supercontig_000001098,1,43515,642282999,642282999
GL835511.1,Chr1_supercontig_000001099,1,86145,642369144,642369144
GL835512.1,Chr1_supercontig_000001100,1,24355,642393499,642393499
GL835513.1,Chr1_supercontig_000001101,1,80345,642473844,642473844
GL835514.1,Chr1_supercontig_000001102,1,28753,642502597,642502597
GL835515.1,Chr1_supercontig_000001103,1,10662,642513259,642513259
GL835516.1,Chr1_supercontig_000001104,1,24937,642538196,642538196
GL835517.1,Chr1_supercontig_000001105,1,36788,642574984,642574984
GL835518.1,Chr1_supercontig_000001106,1,38072,642613056,642613056
GL835519.1,Chr1_supercontig_000001107,1,154168,642767224,642767224
GL835520.1,Chr1_supercontig_000001108,1,34074,642801298,642801298
GL835521.1,Chr1_supercontig_000001109,1,68377,642869675,642869675
GL835522.1,Chr1_supercontig_000001110,1,11319,642880994,642880994
GL835523.1,Chr1_supercontig_000001111,1,47691,642928685,642928685
GL835524.1,Chr1_supercontig_000001112,1,41222,642969907,642969907
GL835525.1,Chr1_supercontig_000001113,1,17217,642987124,642987124
GL835526.1,Chr1_supercontig_000001114,1,52446,643039570,643039570
GL835527.1,Chr1_supercontig_000001115,1,74494,643114064,643114064
GL835528.1,Chr1_supercontig_000001116,1,32574,643146638,643146638
GL835529.1,Chr1_supercontig_000001117,1,1985,643148623,643148623
GL835530.1,Chr1_supercontig_000001118,1,21934,643170557,643170557
GL835531.1,Chr1_supercontig_000001119,1,27017,643197574,643197574
GL835532.1,Chr1_supercontig_000001120,1,58992,643256566,643256566
GL835533.1,Chr1_supercontig_000001121,1,76644,643333210,643333210
GL835534.1,Chr1_supercontig_000001122,1,76478,643409688,643409688
GL835535.1,Chr1_supercontig_000001123,1,48153,643457841,643457841
GL835536.1,Chr1_supercontig_000001124,1,174608,643632449,643632449
GL835537.1,Chr1_supercontig_000001125,1,17922,643650371,643650371
GL835538.1,Chr1_supercontig_000001126,1,24134,643674505,643674505
GL835539.1,Chr1_supercontig_000001127,1,87367,643761872,643761872
GL835540.1,Chr1_supercontig_000001128,1,7816,643769688,643769688
GL835541.1,Chr1_supercontig_000001129,1,35877,643805565,643805565
GL835542.1,Chr1_supercontig_000001130,1,43263,643848828,643848828
GL835543.1,Chr1_supercontig_000001131,1,53512,643902340,643902340
GL835544.1,Chr1_supercontig_000001132,1,42401,643944741,643944741
GL835545.1,Chr1_supercontig_000001133,1,30321,643975062,643975062
GL835546.1,Chr1_supercontig_000001134,1,25541,644000603,644000603
GL835547.1,Chr1_supercontig_000001135,1,33362,644033965,644033965
GL835548.1,Chr1_supercontig_000001136,1,2868,644036833,644036833
GL835549.1,Chr1_supercontig_000001137,1,73601,644110434,644110434
GL835550.1,Chr1_supercontig_000001138,1,58324,644168758,644168758
GL835551.1,Chr1_supercontig_000001139,1,10487,644179245,644179245
GL835552.1,Chr1_supercontig_000001140,1,25807,644205052,644205052
GL835553.1,Chr1_supercontig_000001141,1,20653,644225705,644225705
GL835554.1,Chr1_supercontig_000001142,1,17058,644242763,644242763
GL835555.1,Chr1_supercontig_000001143,1,41696,644284459,644284459
GL835556.1,Chr1_supercontig_000001144,1,37783,644322242,644322242
GL835557.1,Chr1_supercontig_000001145,1,112363,644434605,644434605
GL835558.1,Chr1_supercontig_000001146,1,16305,644450910,644450910
GL835559.1,Chr1_supercontig_000001147,1,154070,644604980,644604980
GL835560.1,Chr1_supercontig_000001148,1,35058,644640038,644640038
GL835561.1,Chr1_supercontig_000001149,1,107010,644747048,644747048
GL835562.1,Chr1_supercontig_000001150,1,8461,644755509,644755509
GL835563.1,Chr1_supercontig_000001151,1,67247,644822756,644822756
GL835564.1,Chr1_supercontig_000001152,1,19770,644842526,644842526
GL835565.1,Chr1_supercontig_000001153,1,64009,644906535,644906535
GL835566.1,Chr1_supercontig_000001154,1,49144,644955679,644955679
GL835567.1,Chr1_supercontig_000001155,1,44024,644999703,644999703
GL835568.1,Chr1_supercontig_000001156,1,18421,645018124,645018124
GL835569.1,Chr1_supercontig_000001157,1,13355,645031479,645031479
GL835570.1,Chr1_supercontig_000001158,1,55898,645087377,645087377
GL835571.1,Chr1_supercontig_000001159,1,24739,645112116,645112116
GL835572.1,Chr1_supercontig_000001160,1,58271,645170387,645170387
GL835573.1,Chr1_supercontig_000001161,1,8085,645178472,645178472
GL835574.1,Chr1_supercontig_000001162,1,35708,645214180,645214180
GL835575.1,Chr1_supercontig_000001163,1,13746,645227926,645227926
GL835576.1,Chr1_supercontig_000001164,1,209480,645437406,645437406
GL835577.1,Chr1_supercontig_000001165,1,73907,645511313,645511313
GL835578.1,Chr1_supercontig_000001166,1,51725,645563038,645563038
GL835579.1,Chr1_supercontig_000001167,1,34251,645597289,645597289
GL835580.1,Chr1_supercontig_000001168,1,10425,645607714,645607714
GL835581.1,Chr1_supercontig_000001169,1,70596,645678310,645678310
GL835582.1,Chr1_supercontig_000001170,1,20705,645699015,645699015
GL835583.1,Chr1_supercontig_000001171,1,73266,645772281,645772281
GL835584.1,Chr1_supercontig_000001172,1,9656,645781937,645781937
GL835585.1,Chr1_supercontig_000001173,1,36853,645818790,645818790
GL835586.1,Chr1_supercontig_000001174,1,22935,645841725,645841725
GL835587.1,Chr1_supercontig_000001175,1,37292,645879017,645879017
GL835588.1,Chr1_supercontig_000001176,1,44670,645923687,645923687
GL835589.1,Chr1_supercontig_000001177,1,50963,645974650,645974650
GL835590.1,Chr1_supercontig_000001178,1,28367,646003017,646003017
GL835591.1,Chr1_supercontig_000001179,1,16467,646019484,646019484
GL835592.1,Chr1_supercontig_000001180,1,2572,646022056,646022056
GL835593.1,Chr1_supercontig_000001181,1,84435,646106491,646106491
GL835594.1,Chr1_supercontig_000001182,1,84108,646190599,646190599
GL835595.1,Chr1_supercontig_000001183,1,75167,646265766,646265766
GL835596.1,Chr1_supercontig_000001184,1,83978,646349744,646349744
GL835597.1,Chr1_supercontig_000001185,1,206377,646556121,646556121
GL835598.1,Chr1_supercontig_000001186,1,2574,646558695,646558695
GL835599.1,Chr1_supercontig_000001187,1,45132,646603827,646603827
GL835600.1,Chr1_supercontig_000001188,1,57749,646661576,646661576
GL835601.1,Chr1_supercontig_000001189,1,29857,646691433,646691433
GL835602.1,Chr1_supercontig_000001190,1,134214,646825647,646825647
GL835603.1,Chr1_supercontig_000001191,1,17487,646843134,646843134
GL835604.1,Chr1_supercontig_000001192,1,35686,646878820,646878820
GL835605.1,Chr1_supercontig_000001193,1,37504,646916324,646916324
GL835606.1,Chr1_supercontig_000001194,1,16499,646932823,646932823
GL835607.1,Chr1_supercontig_000001195,1,32838,646965661,646965661
GL835608.1,Chr1_supercontig_000001196,1,58834,647024495,647024495
GL835609.1,Chr1_supercontig_000001197,1,11546,647036041,647036041
GL835610.1,Chr1_supercontig_000001198,1,70042,647106083,647106083
GL835611.1,Chr1_supercontig_000001199,1,33557,647139640,647139640
GL835612.1,Chr1_supercontig_000001200,1,28751,647168391,647168391
GL835613.1,Chr1_supercontig_000001201,1,31647,647200038,647200038
GL835614.1,Chr1_supercontig_000001202,1,76307,647276345,647276345
GL835615.1,Chr1_supercontig_000001203,1,15079,647291424,647291424
GL835616.1,Chr1_supercontig_000001204,1,53342,647344766,647344766
GL835617.1,Chr1_supercontig_000001205,1,19130,647363896,647363896
GL835618.1,Chr1_supercontig_000001206,1,4257,647368153,647368153
GL835619.1,Chr1_supercontig_000001207,1,23206,647391359,647391359
GL835620.1,Chr1_supercontig_000001208,1,11108,647402467,647402467
GL835621.1,Chr1_supercontig_000001209,1,58119,647460586,647460586
GL835622.1,Chr1_supercontig_000001210,1,74104,647534690,647534690
GL835623.1,Chr1_supercontig_000001211,1,24276,647558966,647558966
GL835624.1,Chr1_supercontig_000001212,1,31979,647590945,647590945
GL835625.1,Chr1_supercontig_000001213,1,33819,647624764,647624764
GL835626.1,Chr1_supercontig_000001214,1,35971,647660735,647660735
GL835627.1,Chr1_supercontig_000001215,1,44228,647704963,647704963
GL835628.1,Chr1_supercontig_000001216,1,27295,647732258,647732258
GL835629.1,Chr1_supercontig_000001217,1,34251,647766509,647766509
GL835630.1,Chr1_supercontig_000001218,1,45809,647812318,647812318
GL835631.1,Chr1_supercontig_000001219,1,17109,647829427,647829427
GL835632.1,Chr1_supercontig_000001220,1,42723,647872150,647872150
GL835633.1,Chr1_supercontig_000001221,1,30885,647903035,647903035
GL835634.1,Chr1_supercontig_000001222,1,28512,647931547,647931547
GL835635.1,Chr1_supercontig_000001223,1,71497,648003044,648003044
GL835636.1,Chr1_supercontig_000001224,1,74040,648077084,648077084
GL835637.1,Chr1_supercontig_000001225,1,45955,648123039,648123039
GL835638.1,Chr1_supercontig_000001226,1,14705,648137744,648137744
GL835639.1,Chr1_supercontig_000001227,1,38148,648175892,648175892
GL835640.1,Chr1_supercontig_000001228,1,30828,648206720,648206720
GL835641.1,Chr1_supercontig_000001229,1,20170,648226890,648226890
GL835642.1,Chr1_supercontig_000001230,1,28541,648255431,648255431
GL835643.1,Chr1_supercontig_000001231,1,39267,648294698,648294698
GL835644.1,Chr1_supercontig_000001232,1,107987,648402685,648402685
GL835645.1,Chr1_supercontig_000001233,1,34702,648437387,648437387
GL835646.1,Chr1_supercontig_000001234,1,57750,648495137,648495137
GL835647.1,Chr1_supercontig_000001235,1,24208,648519345,648519345
GL835648.1,Chr1_supercontig_000001236,1,41588,648560933,648560933
GL835649.1,Chr1_supercontig_000001237,1,15444,648576377,648576377
GL835650.1,Chr1_supercontig_000001238,1,150582,648726959,648726959
GL835651.1,Chr1_supercontig_000001239,1,11751,648738710,648738710
GL835652.1,Chr1_supercontig_000001240,1,86519,648825229,648825229
GL835653.1,Chr1_supercontig_000001241,1,52920,648878149,648878149
GL835654.1,Chr1_supercontig_000001242,1,32785,648910934,648910934
GL835655.1,Chr1_supercontig_000001243,1,35577,648946511,648946511
GL835656.1,Chr1_supercontig_000001244,1,56730,649003241,649003241
GL835657.1,Chr1_supercontig_000001245,1,50409,649053650,649053650
GL835658.1,Chr1_supercontig_000001246,1,99196,649152846,649152846
GL835659.1,Chr1_supercontig_000001247,1,13896,649166742,649166742
GL835660.1,Chr1_supercontig_000001248,1,30859,649197601,649197601
GL835661.1,Chr1_supercontig_000001249,1,60921,649258522,649258522
GL835662.1,Chr1_supercontig_000001250,1,33466,649291988,649291988
GL835663.1,Chr1_supercontig_000001251,1,102826,649394814,649394814
GL835664.1,Chr1_supercontig_000001252,1,37328,649432142,649432142
GL835665.1,Chr1_supercontig_000001253,1,34514,649466656,649466656
GL835666.1,Chr1_supercontig_000001254,1,61325,649527981,649527981
GL835667.1,Chr1_supercontig_000001255,1,26377,649554358,649554358
GL835668.1,Chr1_supercontig_000001256,1,24928,649579286,649579286
GL835669.1,Chr1_supercontig_000001257,1,48802,649628088,649628088
GL835670.1,Chr1_supercontig_000001258,1,47735,649675823,649675823
GL835671.1,Chr1_supercontig_000001259,1,50762,649726585,649726585
GL835672.1,Chr1_supercontig_000001260,1,15286,649741871,649741871
GL835673.1,Chr1_supercontig_000001261,1,151753,649893624,649893624
GL835674.1,Chr1_supercontig_000001262,1,44033,649937657,649937657
GL835675.1,Chr1_supercontig_000001263,1,20022,649957679,649957679
GL835676.1,Chr1_supercontig_000001264,1,3671,649961350,649961350
GL835677.1,Chr1_supercontig_000001265,1,59168,650020518,650020518
GL835678.1,Chr1_supercontig_000001266,1,57502,650078020,650078020
GL835679.1,Chr1_supercontig_000001267,1,20587,650098607,650098607
GL835680.1,Chr1_supercontig_000001268,1,43205,650141812,650141812
GL835681.1,Chr1_supercontig_000001269,1,20038,650161850,650161850
GL835682.1,Chr1_supercontig_000001270,1,3344,650165194,650165194
GL835683.1,Chr1_supercontig_000001271,1,25777,650190971,650190971
GL835684.1,Chr1_supercontig_000001272,1,19796,650210767,650210767
GL835685.1,Chr1_supercontig_000001273,1,63437,650274204,650274204
GL835686.1,Chr1_supercontig_000001274,1,47928,650322132,650322132
GL835687.1,Chr1_supercontig_000001275,1,26896,650349028,650349028
GL835688.1,Chr1_supercontig_000001276,1,22586,650371614,650371614
GL835689.1,Chr1_supercontig_000001277,1,53958,650425572,650425572
GL835690.1,Chr1_supercontig_000001278,1,24498,650450070,650450070
GL835691.1,Chr1_supercontig_000001279,1,38383,650488453,650488453
GL835692.1,Chr1_supercontig_000001280,1,34030,650522483,650522483
GL835693.1,Chr1_supercontig_000001281,1,23511,650545994,650545994
GL835694.1,Chr1_supercontig_000001282,1,56054,650602048,650602048
GL835695.1,Chr1_supercontig_000001283,1,54919,650656967,650656967
GL835696.1,Chr1_supercontig_000001284,1,11874,650668841,650668841
GL835697.1,Chr1_supercontig_000001285,1,52727,650721568,650721568
GL835698.1,Chr1_supercontig_000001286,1,26504,650748072,650748072
GL835699.1,Chr1_supercontig_000001287,1,79634,650827706,650827706
GL835700.1,Chr1_supercontig_000001288,1,18051,650845757,650845757
GL835701.1,Chr1_supercontig_000001289,1,23102,650868859,650868859
GL835702.1,Chr1_supercontig_000001290,1,69516,650938375,650938375
GL835703.1,Chr1_supercontig_000001291,1,43239,650981614,650981614
GL835704.1,Chr1_supercontig_000001292,1,20482,651002096,651002096
GL835705.1,Chr1_supercontig_000001293,1,71182,651073278,651073278
GL835706.1,Chr1_supercontig_000001294,1,83591,651156869,651156869
GL835707.1,Chr1_supercontig_000001295,1,88943,651245812,651245812
GL835708.1,Chr1_supercontig_000001296,1,10876,651256688,651256688
GL835709.1,Chr1_supercontig_000001297,1,21226,651277914,651277914
GL835710.1,Chr1_supercontig_000001298,1,17888,651295802,651295802
GL835711.1,Chr1_supercontig_000001299,1,24561,651320363,651320363
GL835712.1,Chr1_supercontig_000001300,1,49487,651369850,651369850
GL835713.1,Chr1_supercontig_000001301,1,62598,651432448,651432448
GL835714.1,Chr1_supercontig_000001302,1,69506,651501954,651501954
GL835715.1,Chr1_supercontig_000001303,1,21548,651523502,651523502
GL835716.1,Chr1_supercontig_000001304,1,95222,651618724,651618724
GL835717.1,Chr1_supercontig_000001305,1,48114,651666838,651666838
GL835718.1,Chr1_supercontig_000001306,1,33688,651700526,651700526
GL835719.1,Chr1_supercontig_000001307,1,229397,651929923,651929923
GL835720.1,Chr1_supercontig_000001308,1,16934,651946857,651946857
GL835721.1,Chr1_supercontig_000001309,1,12161,651959018,651959018
GL835722.1,Chr1_supercontig_000001310,1,21440,651980458,651980458
GL835723.1,Chr1_supercontig_000001311,1,81783,652062241,652062241
GL835724.1,Chr1_supercontig_000001312,1,33102,652095343,652095343
GL835725.1,Chr1_supercontig_000001313,1,4209,652099552,652099552
GL835726.1,Chr1_supercontig_000001314,1,23770,652123322,652123322
GL835727.1,Chr1_supercontig_000001315,1,32202,652155524,652155524
GL835728.1,Chr1_supercontig_000001316,1,26861,652182385,652182385
GL835729.1,Chr1_supercontig_000001317,1,75335,652257720,652257720
GL835730.1,Chr1_supercontig_000001318,1,21363,652279083,652279083
GL835731.1,Chr1_supercontig_000001319,1,90594,652369677,652369677
GL835732.1,Chr1_supercontig_000001320,1,34297,652403974,652403974
GL835733.1,Chr1_supercontig_000001321,1,17371,652421345,652421345
GL835734.1,Chr1_supercontig_000001322,1,31833,652453178,652453178
GL835735.1,Chr1_supercontig_000001323,1,20542,652473720,652473720
GL835736.1,Chr1_supercontig_000001324,1,48230,652521950,652521950
GL835737.1,Chr1_supercontig_000001325,1,25833,652547783,652547783
GL835738.1,Chr1_supercontig_000001326,1,39360,652587143,652587143
GL835739.1,Chr1_supercontig_000001327,1,32797,652619940,652619940
GL835740.1,Chr1_supercontig_000001328,1,38071,652658011,652658011
GL835741.1,Chr1_supercontig_000001329,1,31899,652689910,652689910
GL835742.1,Chr1_supercontig_000001330,1,23653,652713563,652713563
GL835743.1,Chr1_supercontig_000001331,1,52052,652765615,652765615
GL835744.1,Chr1_supercontig_000001332,1,51913,652817528,652817528
GL835745.1,Chr1_supercontig_000001333,1,25685,652843213,652843213
GL835746.1,Chr1_supercontig_000001334,1,23929,652867142,652867142
GL835747.1,Chr1_supercontig_000001335,1,56642,652923784,652923784
GL835748.1,Chr1_supercontig_000001336,1,60295,652984079,652984079
GL835749.1,Chr1_supercontig_000001337,1,1054,652985133,652985133
GL835750.1,Chr1_supercontig_000001338,1,27494,653012627,653012627
GL835751.1,Chr1_supercontig_000001339,1,20019,653032646,653032646
GL835752.1,Chr1_supercontig_000001340,1,46460,653079106,653079106
GL835753.1,Chr1_supercontig_000001341,1,17818,653096924,653096924
GL835754.1,Chr1_supercontig_000001342,1,4077,653101001,653101001
GL835755.1,Chr1_supercontig_000001343,1,12641,653113642,653113642
GL835756.1,Chr1_supercontig_000001344,1,18997,653132639,653132639
GL835757.1,Chr1_supercontig_000001345,1,32955,653165594,653165594
GL835758.1,Chr1_supercontig_000001346,1,20345,653185939,653185939
GL835759.1,Chr1_supercontig_000001347,1,54432,653240371,653240371
GL835760.1,Chr1_supercontig_000001348,1,139858,653380229,653380229
GL835761.1,Chr1_supercontig_000001349,1,25114,653405343,653405343
GL835762.1,Chr1_supercontig_000001350,1,26564,653431907,653431907
GL835763.1,Chr1_supercontig_000001351,1,108084,653539991,653539991
GL835764.1,Chr1_supercontig_000001352,1,12259,653552250,653552250
GL835765.1,Chr1_supercontig_000001353,1,9745,653561995,653561995
GL835766.1,Chr1_supercontig_000001354,1,6479,653568474,653568474
GL835767.1,Chr1_supercontig_000001355,1,88810,653657284,653657284
GL835768.1,Chr1_supercontig_000001356,1,54128,653711412,653711412
GL835769.1,Chr1_supercontig_000001357,1,44145,653755557,653755557
GL835770.1,Chr1_supercontig_000001358,1,2236,653757793,653757793
GL835771.1,Chr1_supercontig_000001359,1,8770,653766563,653766563
GL835772.1,Chr1_supercontig_000001360,1,40297,653806860,653806860
GL835773.1,Chr1_supercontig_000001361,1,83783,653890643,653890643
GL835774.1,Chr1_supercontig_000001362,1,30834,653921477,653921477
GL835775.1,Chr1_supercontig_000001363,1,43736,653965213,653965213
GL835776.1,Chr1_supercontig_000001364,1,5108,653970321,653970321
GL835777.1,Chr1_supercontig_000001365,1,42961,654013282,654013282
GL835778.1,Chr1_supercontig_000001366,1,2339,654015621,654015621
GL835779.1,Chr1_supercontig_000001367,1,67654,654083275,654083275
GL835780.1,Chr1_supercontig_000001368,1,30945,654114220,654114220
GL835781.1,Chr1_supercontig_000001369,1,90396,654204616,654204616
GL835782.1,Chr1_supercontig_000001370,1,68676,654273292,654273292
GL835783.1,Chr1_supercontig_000001371,1,28262,654301554,654301554
GL835784.1,Chr1_supercontig_000001372,1,86889,654388443,654388443
GL835785.1,Chr1_supercontig_000001373,1,36698,654425141,654425141
GL835786.1,Chr1_supercontig_000001374,1,53773,654478914,654478914
GL835787.1,Chr1_supercontig_000001375,1,76487,654555401,654555401
GL835788.1,Chr1_supercontig_000001376,1,18314,654573715,654573715
GL835789.1,Chr1_supercontig_000001377,1,87411,654661126,654661126
GL835790.1,Chr1_supercontig_000001378,1,51026,654712152,654712152
GL835791.1,Chr1_supercontig_000001379,1,67287,654779439,654779439
GL835792.1,Chr1_supercontig_000001380,1,15558,654794997,654794997
GL835793.1,Chr1_supercontig_000001381,1,43181,654838178,654838178
GL835794.1,Chr1_supercontig_000001382,1,5853,654844031,654844031
GL835795.1,Chr1_supercontig_000001383,1,70204,654914235,654914235
GL835796.1,Chr1_supercontig_000001384,1,16990,654931225,654931225
GL835797.1,Chr1_supercontig_000001385,1,40880,654972105,654972105
GL835798.1,Chr1_supercontig_000001386,1,4558,654976663,654976663
GL835799.1,Chr1_supercontig_000001387,1,18404,654995067,654995067
GL835800.1,Chr1_supercontig_000001388,1,141721,655136788,655136788
GL835801.1,Chr1_supercontig_000001389,1,54459,655191247,655191247
GL835802.1,Chr1_supercontig_000001390,1,75719,655266966,655266966
GL835803.1,Chr1_supercontig_000001391,1,45825,655312791,655312791
GL835804.1,Chr1_supercontig_000001392,1,56961,655369752,655369752
GL835805.1,Chr1_supercontig_000001393,1,58194,655427946,655427946
GL835806.1,Chr1_supercontig_000001394,1,27914,655455860,655455860
GL835807.1,Chr1_supercontig_000001395,1,13009,655468869,655468869
GL835808.1,Chr1_supercontig_000001396,1,47754,655516623,655516623
GL835809.1,Chr1_supercontig_000001397,1,20168,655536791,655536791
GL835810.1,Chr1_supercontig_000001398,1,9267,655546058,655546058
GL835811.1,Chr1_supercontig_000001399,1,27327,655573385,655573385
GL835812.1,Chr1_supercontig_000001400,1,10668,655584053,655584053
GL835813.1,Chr1_supercontig_000001401,1,15631,655599684,655599684
GL835814.1,Chr1_supercontig_000001402,1,47675,655647359,655647359
GL835815.1,Chr1_supercontig_000001403,1,6035,655653394,655653394
GL835816.1,Chr1_supercontig_000001404,1,37153,655690547,655690547
GL835817.1,Chr1_supercontig_000001405,1,12604,655703151,655703151
GL835818.1,Chr1_supercontig_000001406,1,15980,655719131,655719131
GL835819.1,Chr1_supercontig_000001407,1,13528,655732659,655732659
GL835820.1,Chr1_supercontig_000001408,1,90223,655822882,655822882
GL835821.1,Chr1_supercontig_000001409,1,5427,655828309,655828309
GL835822.1,Chr1_supercontig_000001410,1,35350,655863659,655863659
GL835823.1,Chr1_supercontig_000001411,1,22508,655886167,655886167
GL835824.1,Chr1_supercontig_000001412,1,24753,655910920,655910920
GL835825.1,Chr1_supercontig_000001413,1,35149,655946069,655946069
GL835826.1,Chr1_supercontig_000001414,1,60319,656006388,656006388
GL835827.1,Chr1_supercontig_000001415,1,16574,656022962,656022962
GL835828.1,Chr1_supercontig_000001416,1,19822,656042784,656042784
GL835829.1,Chr1_supercontig_000001417,1,47205,656089989,656089989
GL835830.1,Chr1_supercontig_000001418,1,32315,656122304,656122304
GL835831.1,Chr1_supercontig_000001419,1,14419,656136723,656136723
GL835832.1,Chr1_supercontig_000001420,1,16861,656153584,656153584
GL835833.1,Chr1_supercontig_000001421,1,23443,656177027,656177027
GL835834.1,Chr1_supercontig_000001422,1,52834,656229861,656229861
GL835835.1,Chr1_supercontig_000001423,1,35886,656265747,656265747
GL835836.1,Chr1_supercontig_000001424,1,37459,656303206,656303206
GL835837.1,Chr1_supercontig_000001425,1,15261,656318467,656318467
GL835838.1,Chr1_supercontig_000001426,1,32881,656351348,656351348
GL835839.1,Chr1_supercontig_000001427,1,13201,656364549,656364549
GL835840.1,Chr1_supercontig_000001428,1,8574,656373123,656373123
GL835841.1,Chr1_supercontig_000001429,1,19951,656393074,656393074
GL835842.1,Chr1_supercontig_000001430,1,20234,656413308,656413308
GL835843.1,Chr1_supercontig_000001431,1,55601,656468909,656468909
GL835844.1,Chr1_supercontig_000001432,1,13643,656482552,656482552
GL835845.1,Chr1_supercontig_000001433,1,2250,656484802,656484802
GL835846.1,Chr1_supercontig_000001434,1,31810,656516612,656516612
GL835847.1,Chr1_supercontig_000001435,1,34563,656551175,656551175
GL835848.1,Chr1_supercontig_000001436,1,24842,656576017,656576017
GL835849.1,Chr1_supercontig_000001437,1,31581,656607598,656607598
GL835850.1,Chr1_supercontig_000001438,1,27079,656634677,656634677
GL835851.1,Chr1_supercontig_000001439,1,9213,656643890,656643890
GL835852.1,Chr1_supercontig_000001440,1,12308,656656198,656656198
GL835853.1,Chr1_supercontig_000001441,1,42320,656698518,656698518
GL835854.1,Chr1_supercontig_000001442,1,10419,656708937,656708937
GL835855.1,Chr1_supercontig_000001443,1,19170,656728107,656728107
GL835856.1,Chr1_supercontig_000001444,1,47562,656775669,656775669
GL835857.1,Chr1_supercontig_000001445,1,15943,656791612,656791612
GL835858.1,Chr1_supercontig_000001446,1,9942,656801554,656801554
GL835859.1,Chr1_supercontig_000001447,1,35189,656836743,656836743
GL835860.1,Chr1_supercontig_000001448,1,37505,656874248,656874248
GL835861.1,Chr1_supercontig_000001449,1,10742,656884990,656884990
GL835862.1,Chr1_supercontig_000001450,1,12087,656897077,656897077
GL835863.1,Chr1_supercontig_000001451,1,27357,656924434,656924434
GL835864.1,Chr1_supercontig_000001452,1,8219,656932653,656932653
GL835865.1,Chr1_supercontig_000001453,1,19853,656952506,656952506
GL835866.1,Chr1_supercontig_000001454,1,24402,656976908,656976908
GL835867.1,Chr1_supercontig_000001455,1,7677,656984585,656984585
GL835868.1,Chr1_supercontig_000001456,1,43162,657027747,657027747
GL835869.1,Chr1_supercontig_000001457,1,20945,657048692,657048692
GL835870.1,Chr1_supercontig_000001458,1,13454,657062146,657062146
GL835871.1,Chr1_supercontig_000001459,1,22007,657084153,657084153
GL835872.1,Chr1_supercontig_000001460,1,2003,657086156,657086156
GL835873.1,Chr1_supercontig_000001461,1,10120,657096276,657096276
GL835874.1,Chr1_supercontig_000001462,1,33675,657129951,657129951
GL835875.1,Chr1_supercontig_000001463,1,14443,657144394,657144394
GL835876.1,Chr1_supercontig_000001464,1,42027,657186421,657186421
GL835877.1,Chr1_supercontig_000001465,1,48424,657234845,657234845
GL835878.1,Chr1_supercontig_000001466,1,79329,657314174,657314174
GL835879.1,Chr1_supercontig_000001467,1,26927,657341101,657341101
GL835880.1,Chr1_supercontig_000001468,1,10152,657351253,657351253
GL835881.1,Chr1_supercontig_000001469,1,10577,657361830,657361830
GL835882.1,Chr1_supercontig_000001470,1,3750,657365580,657365580
GL835883.1,Chr1_supercontig_000001471,1,15945,657381525,657381525
GL835884.1,Chr1_supercontig_000001472,1,16416,657397941,657397941
GL835885.1,Chr1_supercontig_000001473,1,19037,657416978,657416978
GL835886.1,Chr1_supercontig_000001474,1,6818,657423796,657423796
GL835887.1,Chr1_supercontig_000001475,1,16126,657439922,657439922
GL835888.1,Chr1_supercontig_000001476,1,46204,657486126,657486126
GL835889.1,Chr1_supercontig_000001477,1,31183,657517309,657517309
GL835890.1,Chr1_supercontig_000001478,1,33030,657550339,657550339
GL835891.1,Chr1_supercontig_000001479,1,17716,657568055,657568055
GL835892.1,Chr1_supercontig_000001480,1,1428,657569483,657569483
GL835893.1,Chr1_supercontig_000001481,1,2752,657572235,657572235
GL835894.1,Chr1_supercontig_000001482,1,16159,657588394,657588394
GL835895.1,Chr1_supercontig_000001483,1,4469,657592863,657592863
GL835896.1,Chr1_supercontig_000001484,1,24504,657617367,657617367
GL835897.1,Chr1_supercontig_000001485,1,11436,657628803,657628803
GL835898.1,Chr1_supercontig_000001486,1,2768,657631571,657631571
GL835899.1,Chr1_supercontig_000001487,1,26310,657657881,657657881
GL835900.1,Chr1_supercontig_000001488,1,54551,657712432,657712432
GL835901.1,Chr1_supercontig_000001489,1,40352,657752784,657752784
GL835902.1,Chr1_supercontig_000001490,1,36722,657789506,657789506
GL835903.1,Chr1_supercontig_000001491,1,16406,657805912,657805912
GL835904.1,Chr1_supercontig_000001492,1,3567,657809479,657809479
GL835905.1,Chr1_supercontig_000001493,1,25767,657835246,657835246
GL835906.1,Chr1_supercontig_000001494,1,24071,657859317,657859317
GL835907.1,Chr1_supercontig_000001495,1,15984,657875301,657875301
GL835908.1,Chr1_supercontig_000001496,1,23993,657899294,657899294
GL835909.1,Chr1_supercontig_000001497,1,19069,657918363,657918363
GL835910.1,Chr1_supercontig_000001498,1,9888,657928251,657928251
GL835911.1,Chr1_supercontig_000001499,1,31261,657959512,657959512
GL835912.1,Chr1_supercontig_000001500,1,22983,657982495,657982495
GL835913.1,Chr1_supercontig_000001501,1,44086,658026581,658026581
GL835914.1,Chr1_supercontig_000001502,1,6049,658032630,658032630
GL835915.1,Chr1_supercontig_000001503,1,35960,658068590,658068590
GL835916.1,Chr1_supercontig_000001504,1,8577,658077167,658077167
GL835917.1,Chr1_supercontig_000001505,1,3850,658081017,658081017
GL835918.1,Chr1_supercontig_000001506,1,25082,658106099,658106099
GL835919.1,Chr1_supercontig_000001507,1,5785,658111884,658111884
GL835920.1,Chr1_supercontig_000001508,1,33246,658145130,658145130
GL835921.1,Chr1_supercontig_000001509,1,21717,658166847,658166847
GL835922.1,Chr1_supercontig_000001510,1,15517,658182364,658182364
GL835923.1,Chr1_supercontig_000001511,1,20697,658203061,658203061
GL835924.1,Chr1_supercontig_000001512,1,15049,658218110,658218110
GL835925.1,Chr1_supercontig_000001513,1,4385,658222495,658222495
GL835926.1,Chr1_supercontig_000001514,1,10779,658233274,658233274
GL835927.1,Chr1_supercontig_000001515,1,17609,658250883,658250883
GL835928.1,Chr1_supercontig_000001516,1,18305,658269188,658269188
GL835929.1,Chr1_supercontig_000001517,1,37642,658306830,658306830
GL835930.1,Chr1_supercontig_000001518,1,8279,658315109,658315109
GL835931.1,Chr1_supercontig_000001519,1,3045,658318154,658318154
GL835932.1,Chr1_supercontig_000001520,1,15016,658333170,658333170
GL835933.1,Chr1_supercontig_000001521,1,44019,658377189,658377189
GL835934.1,Chr1_supercontig_000001522,1,42393,658419582,658419582
GL835935.1,Chr1_supercontig_000001523,1,22286,658441868,658441868
GL835936.1,Chr1_supercontig_000001524,1,3313,658445181,658445181
GL835937.1,Chr1_supercontig_000001525,1,4637,658449818,658449818
GL835938.1,Chr1_supercontig_000001526,1,26636,658476454,658476454
GL835939.1,Chr1_supercontig_000001527,1,11705,658488159,658488159
GL835940.1,Chr1_supercontig_000001528,1,8210,658496369,658496369
GL835941.1,Chr1_supercontig_000001529,1,41281,658537650,658537650
GL835942.1,Chr1_supercontig_000001530,1,12087,658549737,658549737
GL835943.1,Chr1_supercontig_000001531,1,15588,658565325,658565325
GL835944.1,Chr1_supercontig_000001532,1,16589,658581914,658581914
GL835945.1,Chr1_supercontig_000001533,1,12384,658594298,658594298
GL835946.1,Chr1_supercontig_000001534,1,35696,658629994,658629994
GL835947.1,Chr1_supercontig_000001535,1,15699,658645693,658645693
GL835948.1,Chr1_supercontig_000001536,1,20181,658665874,658665874
GL835949.1,Chr1_supercontig_000001537,1,61486,658727360,658727360
GL835950.1,Chr1_supercontig_000001538,1,12738,658740098,658740098
GL835951.1,Chr1_supercontig_000001539,1,21022,658761120,658761120
GL835952.1,Chr1_supercontig_000001540,1,13307,658774427,658774427
GL835953.1,Chr1_supercontig_000001541,1,22857,658797284,658797284
GL835954.1,Chr1_supercontig_000001542,1,20630,658817914,658817914
GL835955.1,Chr1_supercontig_000001543,1,9339,658827253,658827253
GL835956.1,Chr1_supercontig_000001544,1,3006,658830259,658830259
GL835957.1,Chr1_supercontig_000001545,1,18998,658849257,658849257
GL835958.1,Chr1_supercontig_000001546,1,11365,658860622,658860622
GL835959.1,Chr1_supercontig_000001547,1,25327,658885949,658885949
GL835960.1,Chr1_supercontig_000001548,1,1356,658887305,658887305
GL835961.1,Chr1_supercontig_000001549,1,11889,658899194,658899194
GL835962.1,Chr1_supercontig_000001550,1,6575,658905769,658905769
GL835963.1,Chr1_supercontig_000001551,1,33580,658939349,658939349
GL835964.1,Chr1_supercontig_000001552,1,14169,658953518,658953518
GL835965.1,Chr1_supercontig_000001553,1,4105,658957623,658957623
GL835966.1,Chr1_supercontig_000001554,1,15956,658973579,658973579
GL835967.1,Chr1_supercontig_000001555,1,8719,658982298,658982298
GL835968.1,Chr1_supercontig_000001556,1,4024,658986322,658986322
GL835969.1,Chr1_supercontig_000001557,1,5008,658991330,658991330
GL835970.1,Chr1_supercontig_000001558,1,14200,659005530,659005530
GL835971.1,Chr1_supercontig_000001559,1,11164,659016694,659016694
GL835972.1,Chr1_supercontig_000001560,1,14097,659030791,659030791
GL835973.1,Chr1_supercontig_000001561,1,31793,659062584,659062584
GL835974.1,Chr1_supercontig_000001562,1,9036,659071620,659071620
GL835975.1,Chr1_supercontig_000001563,1,1279,659072899,659072899
GL835976.1,Chr1_supercontig_000001564,1,5842,659078741,659078741
GL835977.1,Chr1_supercontig_000001565,1,4532,659083273,659083273
GL835978.1,Chr1_supercontig_000001566,1,4575,659087848,659087848
GL835979.1,Chr1_supercontig_000001567,1,9117,659096965,659096965
GL835980.1,Chr1_supercontig_000001568,1,2352,659099317,659099317
GL835981.1,Chr1_supercontig_000001569,1,17985,659117302,659117302
GL835982.1,Chr1_supercontig_000001570,1,11872,659129174,659129174
GL835983.1,Chr1_supercontig_000001571,1,796,659129970,659129970
GL835984.1,Chr1_supercontig_000001572,1,6716,659136686,659136686
GL835985.1,Chr1_supercontig_000001573,1,4236,659140922,659140922
GL835986.1,Chr1_supercontig_000001574,1,4688,659145610,659145610
GL835987.1,Chr1_supercontig_000001575,1,4734,659150344,659150344
GL835988.1,Chr1_supercontig_000001576,1,944,659151288,659151288
GL835989.1,Chr1_supercontig_000001577,1,5364,659156652,659156652
GL835990.1,Chr1_supercontig_000001578,1,2029,659158681,659158681
GL835991.1,Chr1_supercontig_000001579,1,2431,659161112,659161112
GL835992.1,Chr1_supercontig_000001580,1,2185,659163297,659163297
GL835993.1,Chr1_supercontig_000001581,1,660,659163957,659163957
GL835994.1,Chr1_supercontig_000001582,1,2221,659166178,659166178
GL835995.1,Chr1_supercontig_000001583,1,4853,659171031,659171031
GL835996.1,Chr1_supercontig_000001584,1,2093,659173124,659173124
GL835997.1,Chr1_supercontig_000001585,1,1849,659174973,659174973
GL835998.1,Chr1_supercontig_000001586,1,1983,659176956,659176956
GL835999.1,Chr1_supercontig_000001587,1,2250,659179206,659179206
GL836000.1,Chr1_supercontig_000001588,1,2930,659182136,659182136
GL836001.1,Chr1_supercontig_000001589,1,1555,659183691,659183691
GL836002.1,Chr1_supercontig_000001590,1,1587,659185278,659185278
GL836003.1,Chr1_supercontig_000001591,1,1582,659186860,659186860
GL836004.1,Chr1_supercontig_000001592,1,3208,659190068,659190068
GL836005.1,Chr1_supercontig_000001593,1,1765,659191833,659191833
GL836006.1,Chr1_supercontig_000001594,1,2957,659194790,659194790
GL836007.1,Chr1_supercontig_000001595,1,3645,659198435,659198435
GL836008.1,Chr1_supercontig_000001596,1,2408,659200843,659200843
GL836009.1,Chr1_supercontig_000001597,1,1673,659202516,659202516
GL836010.1,Chr1_supercontig_000001598,1,1567,659204083,659204083
GL836011.1,Chr1_supercontig_000001599,1,1604,659205687,659205687
GL836012.1,Chr1_supercontig_000001600,1,4114,659209801,659209801
GL836013.1,Chr1_supercontig_000001601,1,1705,659211506,659211506
GL836014.1,Chr1_supercontig_000001602,1,2214,659213720,659213720
GL836015.1,Chr1_supercontig_000001603,1,1789,659215509,659215509
GL836016.1,Chr1_supercontig_000001604,1,1672,659217181,659217181
GL836017.1,Chr1_supercontig_000001605,1,2890,659220071,659220071
GL836018.1,Chr1_supercontig_000001606,1,1566,659221637,659221637
GL836019.1,Chr1_supercontig_000001607,1,1995,659223632,659223632
GL836020.1,Chr1_supercontig_000001608,1,1659,659225291,659225291
GL836021.1,Chr1_supercontig_000001609,1,1932,659227223,659227223
GL836022.1,Chr1_supercontig_000001610,1,2048,659229271,659229271
GL836023.1,Chr1_supercontig_000001611,1,3091,659232362,659232362
GL836024.1,Chr1_supercontig_000001612,1,3056,659235418,659235418
GL836025.1,Chr1_supercontig_000001613,1,1516,659236934,659236934
GL836026.1,Chr1_supercontig_000001614,1,2039,659238973,659238973
GL836027.1,Chr1_supercontig_000001615,1,11892,659250865,659250865
GL836028.1,Chr1_supercontig_000001616,1,2132,659252997,659252997
GL836029.1,Chr1_supercontig_000001617,1,2460,659255457,659255457
GL836030.1,Chr1_supercontig_000001618,1,2675,659258132,659258132
GL836031.1,Chr1_supercontig_000001619,1,2952,659261084,659261084
GL836032.1,Chr1_supercontig_000001620,1,1612,659262696,659262696
GL836033.1,Chr1_supercontig_000001621,1,3288,659265984,659265984
GL836034.1,Chr1_supercontig_000001622,1,6406,659272390,659272390
GL836035.1,Chr1_supercontig_000001623,1,3766,659276156,659276156
GL836036.1,Chr1_supercontig_000001624,1,2901,659279057,659279057
GL836037.1,Chr1_supercontig_000001625,1,1581,659280638,659280638
GL836038.1,Chr1_supercontig_000001626,1,2122,659282760,659282760
GL836039.1,Chr1_supercontig_000001627,1,2393,659285153,659285153
GL836040.1,Chr1_supercontig_000001628,1,2326,659287479,659287479
GL836041.1,Chr1_supercontig_000001629,1,1702,659289181,659289181
GL836042.1,Chr1_supercontig_000001630,1,2735,659291916,659291916
GL836043.1,Chr1_supercontig_000001631,1,1883,659293799,659293799
GL836044.1,Chr1_supercontig_000001632,1,2325,659296124,659296124
GL836045.1,Chr1_supercontig_000001633,1,1722,659297846,659297846
GL836046.1,Chr1_supercontig_000001634,1,2217,659300063,659300063
GL836047.1,Chr1_supercontig_000001635,1,25602,659325665,659325665
GL836048.1,Chr1_supercontig_000001636,1,1923,659327588,659327588
GL836049.1,Chr1_supercontig_000001637,1,4996,659332584,659332584
GL836050.1,Chr1_supercontig_000001638,1,22837,659355421,659355421
GL836051.1,Chr1_supercontig_000001639,1,4607,659360028,659360028
GL836052.1,Chr1_supercontig_000001640,1,2571,659362599,659362599
GL836053.1,Chr1_supercontig_000001641,1,7575,659370174,659370174
GL836054.1,Chr1_supercontig_000001642,1,3097,659373271,659373271
GL836055.1,Chr1_supercontig_000001643,1,2602,659375873,659375873
GL836056.1,Chr1_supercontig_000001644,1,1682,659377555,659377555
GL836057.1,Chr1_supercontig_000001645,1,1606,659379161,659379161
GL836058.1,Chr1_supercontig_000001646,1,1718,659380879,659380879
GL836059.1,Chr1_supercontig_000001647,1,2752,659383631,659383631
GL836060.1,Chr1_supercontig_000001648,1,1953,659385584,659385584
GL836061.1,Chr1_supercontig_000001649,1,3029,659388613,659388613
GL836062.1,Chr1_supercontig_000001650,1,10199,659398812,659398812
GL836063.1,Chr1_supercontig_000001651,1,2105,659400917,659400917
GL836064.1,Chr1_supercontig_000001652,1,1764,659402681,659402681
GL836065.1,Chr1_supercontig_000001653,1,1790,659404471,659404471
GL836066.1,Chr1_supercontig_000001654,1,1505,659405976,659405976
GL836067.1,Chr1_supercontig_000001655,1,1633,659407609,659407609
GL836068.1,Chr1_supercontig_000001656,1,2306,659409915,659409915
GL836069.1,Chr1_supercontig_000001657,1,3850,659413765,659413765
GL836070.1,Chr1_supercontig_000001658,1,4320,659418085,659418085
GL836071.1,Chr1_supercontig_000001659,1,1544,659419629,659419629
GL836072.1,Chr1_supercontig_000001660,1,1664,659421293,659421293
GL836073.1,Chr1_supercontig_000001661,1,1552,659422845,659422845
GL836074.1,Chr1_supercontig_000001662,1,1588,659424433,659424433
GL836075.1,Chr1_supercontig_000001663,1,4588,659429021,659429021
GL836076.1,Chr1_supercontig_000001664,1,1735,659430756,659430756
GL836077.1,Chr1_supercontig_000001665,1,4846,659435602,659435602
GL836078.1,Chr1_supercontig_000001666,1,1647,659437249,659437249
GL836079.1,Chr1_supercontig_000001667,1,1678,659438927,659438927
GL836080.1,Chr1_supercontig_000001668,1,1697,659440624,659440624
GL836081.1,Chr1_supercontig_000001669,1,3827,659444451,659444451
GL836082.1,Chr1_supercontig_000001670,1,4365,659448816,659448816
GL836083.1,Chr1_supercontig_000001671,1,1642,659450458,659450458
GL836084.1,Chr1_supercontig_000001672,1,2483,659452941,659452941
GL836085.1,Chr1_supercontig_000001673,1,1756,659454697,659454697
GL836086.1,Chr1_supercontig_000001674,1,1513,659456210,659456210
GL836087.1,Chr1_supercontig_000001675,1,9486,659465696,659465696
GL836088.1,Chr1_supercontig_000001676,1,1640,659467336,659467336
GL836089.1,Chr1_supercontig_000001677,1,1994,659469330,659469330
GL836090.1,Chr1_supercontig_000001678,1,5830,659475160,659475160
GL836091.1,Chr1_supercontig_000001679,1,1928,659477088,659477088
GL836092.1,Chr1_supercontig_000001680,1,1907,659478995,659478995
GL836093.1,Chr1_supercontig_000001681,1,1619,659480614,659480614
GL836094.1,Chr1_supercontig_000001682,1,2005,659482619,659482619
GL836095.1,Chr1_supercontig_000001683,1,1808,659484427,659484427
GL836096.1,Chr1_supercontig_000001684,1,1698,659486125,659486125
GL836097.1,Chr1_supercontig_000001685,1,3287,659489412,659489412
GL836098.1,Chr1_supercontig_000001686,1,1642,659491054,659491054
GL836099.1,Chr1_supercontig_000001687,1,2430,659493484,659493484
GL836100.1,Chr1_supercontig_000001688,1,1790,659495274,659495274
GL836101.1,Chr1_supercontig_000001689,1,2727,659498001,659498001
GL836102.1,Chr1_supercontig_000001690,1,1716,659499717,659499717
GL836103.1,Chr1_supercontig_000001691,1,3494,659503211,659503211
GL836104.1,Chr1_supercontig_000001692,1,1762,659504973,659504973
GL836105.1,Chr1_supercontig_000001693,1,1685,659506658,659506658
GL836106.1,Chr1_supercontig_000001694,1,11230,659517888,659517888
GL836107.1,Chr1_supercontig_000001695,1,1552,659519440,659519440
GL836108.1,Chr1_supercontig_000001696,1,3494,659522934,659522934
GL836109.1,Chr1_supercontig_000001697,1,25123,659548057,659548057
GL836110.1,Chr1_supercontig_000001698,1,1748,659549805,659549805
GL836111.1,Chr1_supercontig_000001699,1,8456,659558261,659558261
GL836112.1,Chr1_supercontig_000001700,1,4225,659562486,659562486
GL836113.1,Chr1_supercontig_000001701,1,9360,659571846,659571846
GL836114.1,Chr1_supercontig_000001702,1,2201,659574047,659574047
GL836115.1,Chr1_supercontig_000001703,1,1873,659575920,659575920
GL836116.1,Chr1_supercontig_000001704,1,3560,659579480,659579480
GL836117.1,Chr1_supercontig_000001705,1,1663,659581143,659581143
GL836118.1,Chr1_supercontig_000001706,1,1919,659583062,659583062
GL836119.1,Chr1_supercontig_000001707,1,3501,659586563,659586563
GL836120.1,Chr1_supercontig_000001708,1,2274,659588837,659588837
GL836121.1,Chr1_supercontig_000001709,1,2435,659591272,659591272
GL836122.1,Chr1_supercontig_000001710,1,2131,659593403,659593403
GL836123.1,Chr1_supercontig_000001711,1,4044,659597447,659597447
GL836124.1,Chr1_supercontig_000001712,1,3875,659601322,659601322
GL836125.1,Chr1_supercontig_000001713,1,2238,659603560,659603560
GL836126.1,Chr1_supercontig_000001714,1,16157,659619717,659619717
GL836127.1,Chr1_supercontig_000001715,1,22202,659641919,659641919
GL836128.1,Chr1_supercontig_000001716,1,4233,659646152,659646152
GL836129.1,Chr1_supercontig_000001717,1,2798,659648950,659648950
GL836130.1,Chr1_supercontig_000001718,1,2171,659651121,659651121
GL836131.1,Chr1_supercontig_000001719,1,2091,659653212,659653212
GL836132.1,Chr1_supercontig_000001720,1,1869,659655081,659655081
GL836133.1,Chr1_supercontig_000001721,1,1702,659656783,659656783
GL836134.1,Chr1_supercontig_000001722,1,2242,659659025,659659025
GL836135.1,Chr1_supercontig_000001723,1,1891,659660916,659660916
GL836136.1,Chr1_supercontig_000001724,1,1861,659662777,659662777
GL836137.1,Chr1_supercontig_000001725,1,1606,659664383,659664383
GL836138.1,Chr1_supercontig_000001726,1,2185,659666568,659666568
GL836139.1,Chr1_supercontig_000001727,1,2838,659669406,659669406
GL836140.1,Chr1_supercontig_000001728,1,2809,659672215,659672215
GL836141.1,Chr1_supercontig_000001729,1,34058,659706273,659706273
GL836142.1,Chr1_supercontig_000001730,1,2246,659708519,659708519
GL836143.1,Chr1_supercontig_000001731,1,18177,659726696,659726696
GL836144.1,Chr1_supercontig_000001732,1,2612,659729308,659729308
GL836145.1,Chr1_supercontig_000001733,1,4716,659734024,659734024
GL836146.1,Chr1_supercontig_000001734,1,11907,659745931,659745931
GL836147.1,Chr1_supercontig_000001735,1,4455,659750386,659750386
GL836148.1,Chr1_supercontig_000001736,1,1605,659751991,659751991
GL836149.1,Chr1_supercontig_000001737,1,6428,659758419,659758419
GL836150.1,Chr1_supercontig_000001738,1,2401,659760820,659760820
GL836151.1,Chr1_supercontig_000001739,1,1963,659762783,659762783
GL836152.1,Chr1_supercontig_000001740,1,2447,659765230,659765230
GL836153.1,Chr1_supercontig_000001741,1,2744,659767974,659767974
GL836154.1,Chr1_supercontig_000001742,1,1725,659769699,659769699
GL836155.1,Chr1_supercontig_000001743,1,4084,659773783,659773783
GL836156.1,Chr1_supercontig_000001744,1,1519,659775302,659775302
GL836157.1,Chr1_supercontig_000001745,1,11945,659787247,659787247
GL836158.1,Chr1_supercontig_000001746,1,5390,659792637,659792637
GL836159.1,Chr1_supercontig_000001747,1,36128,659828765,659828765
GL836160.1,Chr1_supercontig_000001748,1,2585,659831350,659831350
GL836161.1,Chr1_supercontig_000001749,1,2525,659833875,659833875
GL836162.1,Chr1_supercontig_000001750,1,2133,659836008,659836008
GL836163.1,Chr1_supercontig_000001751,1,9823,659845831,659845831
GL836164.1,Chr1_supercontig_000001752,1,24733,659870564,659870564
GL836165.1,Chr1_supercontig_000001753,1,17569,659888133,659888133
GL836166.1,Chr1_supercontig_000001754,1,2106,659890239,659890239
GL836167.1,Chr1_supercontig_000001755,1,1549,659891788,659891788
GL836168.1,Chr1_supercontig_000001756,1,2574,659894362,659894362
GL836169.1,Chr1_supercontig_000001757,1,16474,659910836,659910836
GL836170.1,Chr1_supercontig_000001758,1,6050,659916886,659916886
GL836171.1,Chr1_supercontig_000001759,1,2150,659919036,659919036
GL836172.1,Chr1_supercontig_000001760,1,7425,659926461,659926461
GL836173.1,Chr1_supercontig_000001761,1,4734,659931195,659931195
GL836174.1,Chr1_supercontig_000001762,1,2240,659933435,659933435
GL836175.1,Chr1_supercontig_000001763,1,1721,659935156,659935156
GL836176.1,Chr1_supercontig_000001764,1,1734,659936890,659936890
GL836177.1,Chr1_supercontig_000001765,1,2714,659939604,659939604
GL836178.1,Chr1_supercontig_000001766,1,2087,659941691,659941691
GL836179.1,Chr1_supercontig_000001767,1,2109,659943800,659943800
GL836180.1,Chr1_supercontig_000001768,1,3399,659947199,659947199
GL836181.1,Chr1_supercontig_000001769,1,1732,659948931,659948931
GL836182.1,Chr1_supercontig_000001770,1,2159,659951090,659951090
GL836183.1,Chr1_supercontig_000001771,1,1946,659953036,659953036
GL836184.1,Chr1_supercontig_000001772,1,2335,659955371,659955371
GL836185.1,Chr1_supercontig_000001773,1,2310,659957681,659957681
GL836186.1,Chr1_supercontig_000001774,1,2232,659959913,659959913
GL836187.1,Chr1_supercontig_000001775,1,2995,659962908,659962908
GL836188.1,Chr1_supercontig_000001776,1,2470,659965378,659965378
GL836189.1,Chr1_supercontig_000001777,1,1877,659967255,659967255
GL836190.1,Chr1_supercontig_000001778,1,1541,659968796,659968796
GL836191.1,Chr1_supercontig_000001779,1,17865,659986661,659986661
GL836192.1,Chr1_supercontig_000001780,1,26795,660013456,660013456
GL836193.1,Chr1_supercontig_000001781,1,1621,660015077,660015077
GL836194.1,Chr1_supercontig_000001782,1,2142,660017219,660017219
GL836195.1,Chr1_supercontig_000001783,1,1635,660018854,660018854
GL836196.1,Chr1_supercontig_000001784,1,20281,660039135,660039135
GL836197.1,Chr1_supercontig_000001785,1,1757,660040892,660040892
GL836198.1,Chr1_supercontig_000001786,1,1999,660042891,660042891
GL836199.1,Chr1_supercontig_000001787,1,1927,660044818,660044818
GL836200.1,Chr1_supercontig_000001788,1,3732,660048550,660048550
GL836201.1,Chr1_supercontig_000001789,1,2745,660051295,660051295
GL836202.1,Chr1_supercontig_000001790,1,1945,660053240,660053240
GL836203.1,Chr1_supercontig_000001791,1,2515,660055755,660055755
GL836204.1,Chr1_supercontig_000001792,1,1741,660057496,660057496
GL836205.1,Chr1_supercontig_000001793,1,3057,660060553,660060553
GL836206.1,Chr1_supercontig_000001794,1,1661,660062214,660062214
GL836207.1,Chr1_supercontig_000001795,1,4418,660066632,660066632
GL836208.1,Chr1_supercontig_000001796,1,3473,660070105,660070105
GL836209.1,Chr1_supercontig_000001797,1,2350,660072455,660072455
GL836210.1,Chr1_supercontig_000001798,1,3454,660075909,660075909
GL836211.1,Chr1_supercontig_000001799,1,3876,660079785,660079785
GL836212.1,Chr1_supercontig_000001800,1,11202,660090987,660090987
GL836213.1,Chr1_supercontig_000001801,1,2915,660093902,660093902
GL836214.1,Chr1_supercontig_000001802,1,5833,660099735,660099735
GL836215.1,Chr1_supercontig_000001803,1,3083,660102818,660102818
GL836216.1,Chr1_supercontig_000001804,1,1640,660104458,660104458
GL836217.1,Chr1_supercontig_000001805,1,2365,660106823,660106823
GL836218.1,Chr1_supercontig_000001806,1,4868,660111691,660111691
GL836219.1,Chr1_supercontig_000001807,1,1792,660113483,660113483
GL836220.1,Chr1_supercontig_000001808,1,6957,660120440,660120440
GL836221.1,Chr1_supercontig_000001809,1,9472,660129912,660129912
GL836222.1,Chr1_supercontig_000001810,1,2453,660132365,660132365
GL836223.1,Chr1_supercontig_000001811,1,1628,660133993,660133993
GL836224.1,Chr1_supercontig_000001812,1,1563,660135556,660135556
GL836225.1,Chr1_supercontig_000001813,1,1689,660137245,660137245
GL836226.1,Chr1_supercontig_000001814,1,8249,660145494,660145494
GL836227.1,Chr1_supercontig_000001815,1,1699,660147193,660147193
GL836228.1,Chr1_supercontig_000001816,1,1651,660148844,660148844
GL836229.1,Chr1_supercontig_000001817,1,2726,660151570,660151570
GL836230.1,Chr1_supercontig_000001818,1,2621,660154191,660154191
GL836231.1,Chr1_supercontig_000001819,1,18506,660172697,660172697
GL836232.1,Chr1_supercontig_000001820,1,4041,660176738,660176738
GL836233.1,Chr1_supercontig_000001821,1,4367,660181105,660181105
GL836234.1,Chr1_supercontig_000001822,1,1749,660182854,660182854
GL836235.1,Chr1_supercontig_000001823,1,1769,660184623,660184623
GL836236.1,Chr1_supercontig_000001824,1,3684,660188307,660188307
GL836237.1,Chr1_supercontig_000001825,1,4842,660193149,660193149
GL836238.1,Chr1_supercontig_000001826,1,2726,660195875,660195875
GL836239.1,Chr1_supercontig_000001827,1,5682,660201557,660201557
GL836240.1,Chr1_supercontig_000001828,1,5823,660207380,660207380
GL836241.1,Chr1_supercontig_000001829,1,3494,660210874,660210874
GL836242.1,Chr1_supercontig_000001830,1,1601,660212475,660212475
GL836243.1,Chr1_supercontig_000001831,1,1755,660214230,660214230
GL836244.1,Chr1_supercontig_000001832,1,1953,660216183,660216183
GL836245.1,Chr1_supercontig_000001833,1,2773,660218956,660218956
GL836246.1,Chr1_supercontig_000001834,1,2656,660221612,660221612
GL836247.1,Chr1_supercontig_000001835,1,3675,660225287,660225287
GL836248.1,Chr1_supercontig_000001836,1,1823,660227110,660227110
GL836249.1,Chr1_supercontig_000001837,1,1964,660229074,660229074
GL836250.1,Chr1_supercontig_000001838,1,1660,660230734,660230734
GL836251.1,Chr1_supercontig_000001839,1,5106,660235840,660235840
GL836252.1,Chr1_supercontig_000001840,1,5949,660241789,660241789
GL836253.1,Chr1_supercontig_000001841,1,2149,660243938,660243938
GL836254.1,Chr1_supercontig_000001842,1,1856,660245794,660245794
GL836255.1,Chr1_supercontig_000001843,1,2872,660248666,660248666
GL836256.1,Chr1_supercontig_000001844,1,1936,660250602,660250602
GL836257.1,Chr1_supercontig_000001845,1,1735,660252337,660252337
GL836258.1,Chr1_supercontig_000001846,1,2855,660255192,660255192
GL836259.1,Chr1_supercontig_000001847,1,34234,660289426,660289426
GL836260.1,Chr1_supercontig_000001848,1,15031,660304457,660304457
GL836261.1,Chr1_supercontig_000001849,1,16215,660320672,660320672
GL836262.1,Chr1_supercontig_000001850,1,2221,660322893,660322893
GL836263.1,Chr1_supercontig_000001851,1,8870,660331763,660331763
GL836264.1,Chr1_supercontig_000001852,1,18569,660350332,660350332
GL836265.1,Chr1_supercontig_000001853,1,1752,660352084,660352084
GL836266.1,Chr1_supercontig_000001854,1,7846,660359930,660359930
GL836267.1,Chr1_supercontig_000001855,1,1868,660361798,660361798
GL836268.1,Chr1_supercontig_000001856,1,2103,660363901,660363901
GL836269.1,Chr1_supercontig_000001857,1,1540,660365441,660365441
GL836270.1,Chr1_supercontig_000001858,1,11468,660376909,660376909
GL836271.1,Chr1_supercontig_000001859,1,7004,660383913,660383913
GL836272.1,Chr1_supercontig_000001860,1,12593,660396506,660396506
GL836273.1,Chr1_supercontig_000001861,1,5602,660402108,660402108
GL836274.1,Chr1_supercontig_000001862,1,3494,660405602,660405602
GL836275.1,Chr1_supercontig_000001863,1,2784,660408386,660408386
GL836276.1,Chr1_supercontig_000001864,1,5305,660413691,660413691
GL836277.1,Chr1_supercontig_000001865,1,2127,660415818,660415818
GL836278.1,Chr1_supercontig_000001866,1,2113,660417931,660417931
GL836279.1,Chr1_supercontig_000001867,1,1727,660419658,660419658
GL836280.1,Chr1_supercontig_000001868,1,1980,660421638,660421638
GL836281.1,Chr1_supercontig_000001869,1,2739,660424377,660424377
GL836282.1,Chr1_supercontig_000001870,1,1767,660426144,660426144
GL836283.1,Chr1_supercontig_000001871,1,4732,660430876,660430876
GL836284.1,Chr1_supercontig_000001872,1,1801,660432677,660432677
GL836285.1,Chr1_supercontig_000001873,1,1790,660434467,660434467
GL836286.1,Chr1_supercontig_000001874,1,1632,660436099,660436099
GL836287.1,Chr1_supercontig_000001875,1,2635,660438734,660438734
GL836288.1,Chr1_supercontig_000001876,1,3091,660441825,660441825
GL836289.1,Chr1_supercontig_000001877,1,2191,660444016,660444016
GL836290.1,Chr1_supercontig_000001878,1,3143,660447159,660447159
GL836291.1,Chr1_supercontig_000001879,1,1517,660448676,660448676
GL836292.1,Chr1_supercontig_000001880,1,2857,660451533,660451533
GL836293.1,Chr1_supercontig_000001881,1,1502,660453035,660453035
GL836294.1,Chr1_supercontig_000001882,1,3858,660456893,660456893
GL836295.1,Chr1_supercontig_000001883,1,2486,660459379,660459379
GL836296.1,Chr1_supercontig_000001884,1,2531,660461910,660461910
GL836297.1,Chr1_supercontig_000001885,1,2569,660464479,660464479
GL836298.1,Chr1_supercontig_000001886,1,1574,660466053,660466053
GL836299.1,Chr1_supercontig_000001887,1,2965,660469018,660469018
GL836300.1,Chr1_supercontig_000001888,1,2582,660471600,660471600
GL836301.1,Chr1_supercontig_000001889,1,1795,660473395,660473395
GL836302.1,Chr1_supercontig_000001890,1,3197,660476592,660476592
GL836303.1,Chr1_supercontig_000001891,1,1513,660478105,660478105
GL836304.1,Chr1_supercontig_000001892,1,1597,660479702,660479702
GL836305.1,Chr1_supercontig_000001893,1,2028,660481730,660481730
GL836306.1,Chr1_supercontig_000001894,1,1788,660483518,660483518
GL836307.1,Chr1_supercontig_000001895,1,1664,660485182,660485182
GL836308.1,Chr1_supercontig_000001896,1,1610,660486792,660486792
GL836309.1,Chr1_supercontig_000001897,1,2109,660488901,660488901
GL836310.1,Chr1_supercontig_000001898,1,1651,660490552,660490552
GL836311.1,Chr1_supercontig_000001899,1,2054,660492606,660492606
GL836312.1,Chr1_supercontig_000001900,1,3484,660496090,660496090
GL836313.1,Chr1_supercontig_000001901,1,5092,660501182,660501182
GL836314.1,Chr1_supercontig_000001902,1,1955,660503137,660503137
GL836315.1,Chr1_supercontig_000001903,1,2372,660505509,660505509
GL836316.1,Chr1_supercontig_000001904,1,1827,660507336,660507336
GL836317.1,Chr1_supercontig_000001905,1,2766,660510102,660510102
GL836318.1,Chr1_supercontig_000001906,1,2880,660512982,660512982
GL836319.1,Chr1_supercontig_000001907,1,2306,660515288,660515288
GL836320.1,Chr1_supercontig_000001908,1,4610,660519898,660519898
GL836321.1,Chr1_supercontig_000001909,1,1555,660521453,660521453
GL836322.1,Chr1_supercontig_000001910,1,2194,660523647,660523647
GL836323.1,Chr1_supercontig_000001911,1,9217,660532864,660532864
GL836324.1,Chr1_supercontig_000001912,1,6690,660539554,660539554
GL836325.1,Chr1_supercontig_000001913,1,14471,660554025,660554025
GL836326.1,Chr1_supercontig_000001914,1,6810,660560835,660560835
GL836327.1,Chr1_supercontig_000001915,1,5958,660566793,660566793
GL836328.1,Chr1_supercontig_000001916,1,13016,660579809,660579809
GL836329.1,Chr1_supercontig_000001917,1,20673,660600482,660600482
GL836330.1,Chr1_supercontig_000001918,1,26275,660626757,660626757
GL836331.1,Chr1_supercontig_000001919,1,3425,660630182,660630182
GL836332.1,Chr1_supercontig_000001920,1,2616,660632798,660632798
GL836333.1,Chr1_supercontig_000001921,1,5932,660638730,660638730
GL836334.1,Chr1_supercontig_000001922,1,1624,660640354,660640354
GL836335.1,Chr1_supercontig_000001923,1,2802,660643156,660643156
GL836336.1,Chr1_supercontig_000001924,1,1581,660644737,660644737
GL836337.1,Chr1_supercontig_000001925,1,2310,660647047,660647047
GL836338.1,Chr1_supercontig_000001926,1,2850,660649897,660649897
GL836339.1,Chr1_supercontig_000001927,1,3391,660653288,660653288
GL836340.1,Chr1_supercontig_000001928,1,1906,660655194,660655194
GL836341.1,Chr1_supercontig_000001929,1,15456,660670650,660670650
GL836342.1,Chr1_supercontig_000001930,1,2356,660673006,660673006
GL836343.1,Chr1_supercontig_000001931,1,13719,660686725,660686725
GL836344.1,Chr1_supercontig_000001932,1,5068,660691793,660691793
GL836345.1,Chr1_supercontig_000001933,1,2382,660694175,660694175
GL836346.1,Chr1_supercontig_000001934,1,1590,660695765,660695765
GL836347.1,Chr1_supercontig_000001935,1,1907,660697672,660697672
GL836348.1,Chr1_supercontig_000001936,1,1565,660699237,660699237
GL836349.1,Chr1_supercontig_000001937,1,3695,660702932,660702932
GL836350.1,Chr1_supercontig_000001938,1,6298,660709230,660709230
GL836351.1,Chr1_supercontig_000001939,1,1956,660711186,660711186
GL836352.1,Chr1_supercontig_000001940,1,1636,660712822,660712822
GL836353.1,Chr1_supercontig_000001941,1,2118,660714940,660714940
GL836354.1,Chr1_supercontig_000001942,1,1560,660716500,660716500
GL836355.1,Chr1_supercontig_000001943,1,1625,660718125,660718125
GL836356.1,Chr1_supercontig_000001944,1,2124,660720249,660720249
GL836357.1,Chr1_supercontig_000001945,1,2757,660723006,660723006
GL836358.1,Chr1_supercontig_000001946,1,3967,660726973,660726973
GL836359.1,Chr1_supercontig_000001947,1,1763,660728736,660728736
GL836360.1,Chr1_supercontig_000001948,1,1724,660730460,660730460
GL836361.1,Chr1_supercontig_000001949,1,1581,660732041,660732041
GL836362.1,Chr1_supercontig_000001950,1,1565,660733606,660733606
GL836363.1,Chr1_supercontig_000001951,1,1955,660735561,660735561
GL836364.1,Chr1_supercontig_000001952,1,1814,660737375,660737375
GL836365.1,Chr1_supercontig_000001953,1,1671,660739046,660739046
GL836366.1,Chr1_supercontig_000001954,1,7117,660746163,660746163
GL836367.1,Chr1_supercontig_000001955,1,2144,660748307,660748307
GL836368.1,Chr1_supercontig_000001956,1,1734,660750041,660750041
GL836369.1,Chr1_supercontig_000001957,1,3248,660753289,660753289
GL836370.1,Chr1_supercontig_000001958,1,2458,660755747,660755747
GL836371.1,Chr1_supercontig_000001959,1,1524,660757271,660757271
GL836372.1,Chr1_supercontig_000001960,1,3361,660760632,660760632
GL836373.1,Chr1_supercontig_000001961,1,7108,660767740,660767740
GL836374.1,Chr1_supercontig_000001962,1,13834,660781574,660781574
GL836375.1,Chr1_supercontig_000001963,1,12407,660793981,660793981
GL836376.1,Chr1_supercontig_000001964,1,4278,660798259,660798259
GL836377.1,Chr1_supercontig_000001965,1,3029,660801288,660801288
GL836378.1,Chr1_supercontig_000001966,1,2064,660803352,660803352
GL836379.1,Chr1_supercontig_000001967,1,2326,660805678,660805678
GL836380.1,Chr1_supercontig_000001968,1,3546,660809224,660809224
GL836381.1,Chr1_supercontig_000001969,1,2173,660811397,660811397
GL836382.1,Chr1_supercontig_000001970,1,3218,660814615,660814615
GL836383.1,Chr1_supercontig_000001971,1,2439,660817054,660817054
GL836384.1,Chr1_supercontig_000001972,1,1552,660818606,660818606
GL836385.1,Chr1_supercontig_000001973,1,4630,660823236,660823236
GL836386.1,Chr1_supercontig_000001974,1,2091,660825327,660825327
GL836387.1,Chr1_supercontig_000001975,1,2368,660827695,660827695
GL836388.1,Chr1_supercontig_000001976,1,3730,660831425,660831425
GL836389.1,Chr1_supercontig_000001977,1,6075,660837500,660837500
GL836390.1,Chr1_supercontig_000001978,1,2035,660839535,660839535
GL836391.1,Chr1_supercontig_000001979,1,1624,660841159,660841159
GL836392.1,Chr1_supercontig_000001980,1,3150,660844309,660844309
GL836393.1,Chr1_supercontig_000001981,1,1515,660845824,660845824
GL836394.1,Chr1_supercontig_000001982,1,1750,660847574,660847574
GL836395.1,Chr1_supercontig_000001983,1,1558,660849132,660849132
GL836396.1,Chr1_supercontig_000001984,1,1843,660850975,660850975
GL836397.1,Chr1_supercontig_000001985,1,1562,660852537,660852537
GL836398.1,Chr1_supercontig_000001986,1,1667,660854204,660854204
GL836399.1,Chr1_supercontig_000001987,1,1619,660855823,660855823
GL836400.1,Chr1_supercontig_000001988,1,2675,660858498,660858498
GL836401.1,Chr1_supercontig_000001989,1,2347,660860845,660860845
GL836402.1,Chr1_supercontig_000001990,1,11353,660872198,660872198
GL836403.1,Chr1_supercontig_000001991,1,5704,660877902,660877902
GL836404.1,Chr1_supercontig_000001992,1,14007,660891909,660891909
GL836405.1,Chr1_supercontig_000001993,1,1831,660893740,660893740
GL836406.1,Chr1_supercontig_000001994,1,3065,660896805,660896805
GL836407.1,Chr1_supercontig_000001995,1,1797,660898602,660898602
GL836408.1,Chr1_supercontig_000001996,1,5172,660903774,660903774
GL836409.1,Chr1_supercontig_000001997,1,3905,660907679,660907679
GL836410.1,Chr1_supercontig_000001998,1,14470,660922149,660922149
GL836411.1,Chr1_supercontig_000001999,1,3955,660926104,660926104
GL836412.1,Chr1_supercontig_000002000,1,6344,660932448,660932448
GL836413.1,Chr1_supercontig_000002001,1,18933,660951381,660951381
GL836414.1,Chr1_supercontig_000002002,1,1884,660953265,660953265
GL836415.1,Chr1_supercontig_000002003,1,1589,660954854,660954854
GL836416.1,Chr1_supercontig_000002004,1,3650,660958504,660958504
GL836417.1,Chr1_supercontig_000002005,1,2126,660960630,660960630
GL836418.1,Chr1_supercontig_000002006,1,2423,660963053,660963053
GL836419.1,Chr1_supercontig_000002007,1,1509,660964562,660964562
GL836420.1,Chr1_supercontig_000002008,1,1813,660966375,660966375
GL836421.1,Chr1_supercontig_000002009,1,3310,660969685,660969685
GL836422.1,Chr1_supercontig_000002010,1,2990,660972675,660972675
GL836423.1,Chr1_supercontig_000002011,1,4914,660977589,660977589
GL836424.1,Chr1_supercontig_000002012,1,1697,660979286,660979286
GL836425.1,Chr1_supercontig_000002013,1,1789,660981075,660981075
GL836426.1,Chr1_supercontig_000002014,1,5621,660986696,660986696
GL836427.1,Chr1_supercontig_000002015,1,3756,660990452,660990452
GL836428.1,Chr1_supercontig_000002016,1,32583,661023035,661023035
GL836429.1,Chr1_supercontig_000002017,1,11537,661034572,661034572
GL836430.1,Chr1_supercontig_000002018,1,2007,661036579,661036579
GL836431.1,Chr1_supercontig_000002019,1,3869,661040448,661040448
GL836432.1,Chr1_supercontig_000002020,1,1761,661042209,661042209
GL836433.1,Chr1_supercontig_000002021,1,1823,661044032,661044032
GL836434.1,Chr1_supercontig_000002022,1,2287,661046319,661046319
GL836435.1,Chr1_supercontig_000002023,1,2309,661048628,661048628
GL836436.1,Chr1_supercontig_000002024,1,2549,661051177,661051177
GL836437.1,Chr1_supercontig_000002025,1,2750,661053927,661053927
GL836438.1,Chr1_supercontig_000002026,1,2280,661056207,661056207
GL836439.1,Chr1_supercontig_000002027,1,3614,661059821,661059821
GL836440.1,Chr1_supercontig_000002028,1,3330,661063151,661063151
GL836441.1,Chr1_supercontig_000002029,1,6118,661069269,661069269
GL836442.1,Chr1_supercontig_000002030,1,6297,661075566,661075566
GL836443.1,Chr1_supercontig_000002031,1,2205,661077771,661077771
GL836444.1,Chr1_supercontig_000002032,1,2309,661080080,661080080
GL836445.1,Chr1_supercontig_000002033,1,1653,661081733,661081733
GL836446.1,Chr1_supercontig_000002034,1,1732,661083465,661083465
GL836447.1,Chr1_supercontig_000002035,1,2043,661085508,661085508
GL836448.1,Chr1_supercontig_000002036,1,2803,661088311,661088311
GL836449.1,Chr1_supercontig_000002037,1,6158,661094469,661094469
GL836450.1,Chr1_supercontig_000002038,1,2679,661097148,661097148
GL836451.1,Chr1_supercontig_000002039,1,2888,661100036,661100036
GL836452.1,Chr1_supercontig_000002040,1,1604,661101640,661101640
GL836453.1,Chr1_supercontig_000002041,1,1927,661103567,661103567
GL836454.1,Chr1_supercontig_000002042,1,3175,661106742,661106742
GL836455.1,Chr1_supercontig_000002043,1,3111,661109853,661109853
GL836456.1,Chr1_supercontig_000002044,1,2397,661112250,661112250
GL836457.1,Chr1_supercontig_000002045,1,2682,661114932,661114932
GL836458.1,Chr1_supercontig_000002046,1,4185,661119117,661119117
GL836459.1,Chr1_supercontig_000002047,1,5266,661124383,661124383
GL836460.1,Chr1_supercontig_000002048,1,2068,661126451,661126451
GL836461.1,Chr1_supercontig_000002049,1,1558,661128009,661128009
GL836462.1,Chr1_supercontig_000002050,1,2242,661130251,661130251
GL836463.1,Chr1_supercontig_000002051,1,2981,661133232,661133232
GL836464.1,Chr1_supercontig_000002052,1,1865,661135097,661135097
GL836465.1,Chr1_supercontig_000002053,1,3265,661138362,661138362
GL836466.1,Chr1_supercontig_000002054,1,1726,661140088,661140088
GL836467.1,Chr1_supercontig_000002055,1,7066,661147154,661147154
GL836468.1,Chr1_supercontig_000002056,1,27027,661174181,661174181
GL836469.1,Chr1_supercontig_000002057,1,20908,661195089,661195089
GL836470.1,Chr1_supercontig_000002058,1,16987,661212076,661212076
GL836471.1,Chr1_supercontig_000002059,1,18735,661230811,661230811
GL836472.1,Chr1_supercontig_000002060,1,1598,661232409,661232409
GL836473.1,Chr1_supercontig_000002061,1,2241,661234650,661234650
GL836474.1,Chr1_supercontig_000002062,1,1904,661236554,661236554
GL836475.1,Chr1_supercontig_000002063,1,7614,661244168,661244168
GL836476.1,Chr1_supercontig_000002064,1,1639,661245807,661245807
GL836477.1,Chr1_supercontig_000002065,1,1837,661247644,661247644
GL836478.1,Chr1_supercontig_000002066,1,1911,661249555,661249555
GL836479.1,Chr1_supercontig_000002067,1,2901,661252456,661252456
GL836480.1,Chr1_supercontig_000002068,1,2113,661254569,661254569
GL836481.1,Chr1_supercontig_000002069,1,2026,661256595,661256595
GL836482.1,Chr1_supercontig_000002070,1,1918,661258513,661258513
GL836483.1,Chr1_supercontig_000002071,1,13470,661271983,661271983
GL836484.1,Chr1_supercontig_000002072,1,5961,661277944,661277944
GL836485.1,Chr1_supercontig_000002073,1,2792,661280736,661280736
GL836486.1,Chr1_supercontig_000002074,1,2641,661283377,661283377
GL836487.1,Chr1_supercontig_000002075,1,2519,661285896,661285896
GL836488.1,Chr1_supercontig_000002076,1,1841,661287737,661287737
GL836489.1,Chr1_supercontig_000002077,1,1782,661289519,661289519
GL836490.1,Chr1_supercontig_000002078,1,2489,661292008,661292008
GL836491.1,Chr1_supercontig_000002079,1,4004,661296012,661296012
GL836492.1,Chr1_supercontig_000002080,1,1774,661297786,661297786
GL836493.1,Chr1_supercontig_000002081,1,2413,661300199,661300199
GL836494.1,Chr1_supercontig_000002082,1,1839,661302038,661302038
GL836495.1,Chr1_supercontig_000002083,1,6349,661308387,661308387
GL836496.1,Chr1_supercontig_000002084,1,2892,661311279,661311279
GL836497.1,Chr1_supercontig_000002085,1,1529,661312808,661312808
GL836498.1,Chr1_supercontig_000002086,1,1793,661314601,661314601
GL836499.1,Chr1_supercontig_000002087,1,1781,661316382,661316382
GL836500.1,Chr1_supercontig_000002088,1,2101,661318483,661318483
GL836501.1,Chr1_supercontig_000002089,1,2184,661320667,661320667
GL836502.1,Chr1_supercontig_000002090,1,1526,661322193,661322193
GL836503.1,Chr1_supercontig_000002091,1,3699,661325892,661325892
GL836504.1,Chr1_supercontig_000002092,1,3362,661329254,661329254
GL836505.1,Chr1_supercontig_000002093,1,8988,661338242,661338242
GL836506.1,Chr1_supercontig_000002094,1,2191,661340433,661340433
GL836507.1,Chr1_supercontig_000002095,1,1539,661341972,661341972
GL836508.1,Chr1_supercontig_000002096,1,5883,661347855,661347855
GL836509.1,Chr1_supercontig_000002097,1,17760,661365615,661365615
GL836510.1,Chr1_supercontig_000002098,1,4371,661369986,661369986
GL836511.1,Chr1_supercontig_000002099,1,4195,661374181,661374181
GL836512.1,Chr1_supercontig_000002100,1,3773,661377954,661377954
GL836513.1,Chr1_supercontig_000002101,1,5015,661382969,661382969
GL836514.1,Chr1_supercontig_000002102,1,3467,661386436,661386436
GL836515.1,Chr1_supercontig_000002103,1,4899,661391335,661391335
GL836516.1,Chr1_supercontig_000002104,1,12517,661403852,661403852
GL836517.1,Chr1_supercontig_000002105,1,1625,661405477,661405477
GL836518.1,Chr1_supercontig_000002106,1,2446,661407923,661407923
GL836519.1,Chr1_supercontig_000002107,1,2845,661410768,661410768
GL836520.1,Chr1_supercontig_000002108,1,2984,661413752,661413752
GL836521.1,Chr1_supercontig_000002109,1,2009,661415761,661415761
GL836522.1,Chr1_supercontig_000002110,1,3345,661419106,661419106
GL836523.1,Chr1_supercontig_000002111,1,2168,661421274,661421274
GL836524.1,Chr1_supercontig_000002112,1,2023,661423297,661423297
GL836525.1,Chr1_supercontig_000002113,1,2960,661426257,661426257
GL836526.1,Chr1_supercontig_000002114,1,2999,661429256,661429256
GL836527.1,Chr1_supercontig_000002115,1,10728,661439984,661439984
GL836528.1,Chr1_supercontig_000002116,1,2636,661442620,661442620
GL836529.1,Chr1_supercontig_000002117,1,1828,661444448,661444448
GL836530.1,Chr1_supercontig_000002118,1,3158,661447606,661447606
GL836531.1,Chr1_supercontig_000002119,1,2526,661450132,661450132
GL836532.1,Chr1_supercontig_000002120,1,2625,661452757,661452757
GL836533.1,Chr1_supercontig_000002121,1,4155,661456912,661456912
GL836534.1,Chr1_supercontig_000002122,1,1593,661458505,661458505
GL836535.1,Chr1_supercontig_000002123,1,9881,661468386,661468386
GL836536.1,Chr1_supercontig_000002124,1,2716,661471102,661471102
GL836537.1,Chr1_supercontig_000002125,1,2266,661473368,661473368
GL836538.1,Chr1_supercontig_000002126,1,11154,661484522,661484522
GL836539.1,Chr1_supercontig_000002127,1,6310,661490832,661490832
GL836540.1,Chr1_supercontig_000002128,1,2835,661493667,661493667
GL836541.1,Chr1_supercontig_000002129,1,3339,661497006,661497006
GL836542.1,Chr1_supercontig_000002130,1,3451,661500457,661500457
GL836543.1,Chr1_supercontig_000002131,1,3263,661503720,661503720
GL836544.1,Chr1_supercontig_000002132,1,2340,661506060,661506060
GL836545.1,Chr1_supercontig_000002133,1,2318,661508378,661508378
GL836546.1,Chr1_supercontig_000002134,1,2848,661511226,661511226
GL836547.1,Chr1_supercontig_000002135,1,1523,661512749,661512749
GL836548.1,Chr1_supercontig_000002136,1,2430,661515179,661515179
GL836549.1,Chr1_supercontig_000002137,1,2166,661517345,661517345
GL836550.1,Chr1_supercontig_000002138,1,1997,661519342,661519342
GL836551.1,Chr1_supercontig_000002139,1,2244,661521586,661521586
GL836552.1,Chr1_supercontig_000002140,1,3811,661525397,661525397
GL836553.1,Chr1_supercontig_000002141,1,1696,661527093,661527093
GL836554.1,Chr1_supercontig_000002142,1,1586,661528679,661528679
GL836555.1,Chr1_supercontig_000002143,1,2123,661530802,661530802
GL836556.1,Chr1_supercontig_000002144,1,1879,661532681,661532681
GL836557.1,Chr1_supercontig_000002145,1,2710,661535391,661535391
GL836558.1,Chr1_supercontig_000002146,1,2554,661537945,661537945
GL836559.1,Chr1_supercontig_000002147,1,1640,661539585,661539585
GL836560.1,Chr1_supercontig_000002148,1,3662,661543247,661543247
GL836561.1,Chr1_supercontig_000002149,1,3278,661546525,661546525
GL836562.1,Chr1_supercontig_000002150,1,1637,661548162,661548162
GL836563.1,Chr1_supercontig_000002151,1,2013,661550175,661550175
GL836564.1,Chr1_supercontig_000002152,1,3355,661553530,661553530
GL836565.1,Chr1_supercontig_000002153,1,7311,661560841,661560841
GL836566.1,Chr1_supercontig_000002154,1,6293,661567134,661567134
GL836567.1,Chr1_supercontig_000002155,1,9554,661576688,661576688
GL836568.1,Chr1_supercontig_000002156,1,2692,661579380,661579380
GL836569.1,Chr1_supercontig_000002157,1,1618,661580998,661580998
GL836570.1,Chr1_supercontig_000002158,1,24303,661605301,661605301
GL836571.1,Chr1_supercontig_000002159,1,2243,661607544,661607544
GL836572.1,Chr1_supercontig_000002160,1,2522,661610066,661610066
GL836573.1,Chr1_supercontig_000002161,1,3553,661613619,661613619
GL836574.1,Chr1_supercontig_000002162,1,1569,661615188,661615188
GL836575.1,Chr1_supercontig_000002163,1,20116,661635304,661635304
GL836576.1,Chr1_supercontig_000002164,1,5090,661640394,661640394
GL836577.1,Chr1_supercontig_000002165,1,2050,661642444,661642444
GL836578.1,Chr1_supercontig_000002166,1,1584,661644028,661644028
GL836579.1,Chr1_supercontig_000002167,1,1968,661645996,661645996
GL836580.1,Chr1_supercontig_000002168,1,2221,661648217,661648217
GL836581.1,Chr1_supercontig_000002169,1,5039,661653256,661653256
GL836582.1,Chr1_supercontig_000002170,1,1574,661654830,661654830
GL836583.1,Chr1_supercontig_000002171,1,1794,661656624,661656624
GL836584.1,Chr1_supercontig_000002172,1,3038,661659662,661659662
GL836585.1,Chr1_supercontig_000002173,1,10250,661669912,661669912
GL836586.1,Chr1_supercontig_000002174,1,1822,661671734,661671734
GL836587.1,Chr1_supercontig_000002175,1,1575,661673309,661673309
GL836588.1,Chr1_supercontig_000002176,1,3811,661677120,661677120
GL836589.1,Chr1_supercontig_000002177,1,1746,661678866,661678866
GL836590.1,Chr1_supercontig_000002178,1,2774,661681640,661681640
GL836591.1,Chr1_supercontig_000002179,1,11480,661693120,661693120
GL836592.1,Chr1_supercontig_000002180,1,1837,661694957,661694957
GL836593.1,Chr1_supercontig_000002181,1,2385,661697342,661697342
GL836594.1,Chr1_supercontig_000002182,1,4667,661702009,661702009
GL836595.1,Chr1_supercontig_000002183,1,5445,661707454,661707454
GL836596.1,Chr1_supercontig_000002184,1,2161,661709615,661709615
GL836597.1,Chr1_supercontig_000002185,1,2095,661711710,661711710
GL836598.1,Chr1_supercontig_000002186,1,3412,661715122,661715122
GL836599.1,Chr1_supercontig_000002187,1,3293,661718415,661718415
GL836600.1,Chr1_supercontig_000002188,1,2433,661720848,661720848
GL836601.1,Chr1_supercontig_000002189,1,8275,661729123,661729123
GL836602.1,Chr1_supercontig_000002190,1,1952,661731075,661731075
GL836603.1,Chr1_supercontig_000002191,1,1786,661732861,661732861
GL836604.1,Chr1_supercontig_000002192,1,6150,661739011,661739011
GL836605.1,Chr1_supercontig_000002193,1,2048,661741059,661741059
GL836606.1,Chr1_supercontig_000002194,1,3727,661744786,661744786
GL836607.1,Chr1_supercontig_000002195,1,1924,661746710,661746710
GL836608.1,Chr1_supercontig_000002196,1,2386,661749096,661749096
GL836609.1,Chr1_supercontig_000002197,1,1644,661750740,661750740
GL836610.1,Chr1_supercontig_000002198,1,2761,661753501,661753501
GL836611.1,Chr1_supercontig_000002199,1,1755,661755256,661755256
GL836612.1,Chr1_supercontig_000002200,1,3180,661758436,661758436
GL836613.1,Chr1_supercontig_000002201,1,3364,661761800,661761800
GL836614.1,Chr1_supercontig_000002202,1,2588,661764388,661764388
GL836615.1,Chr1_supercontig_000002203,1,2993,661767381,661767381
GL836616.1,Chr1_supercontig_000002204,1,2054,661769435,661769435
GL836617.1,Chr1_supercontig_000002205,1,1876,661771311,661771311
GL836618.1,Chr1_supercontig_000002206,1,1857,661773168,661773168
GL836619.1,Chr1_supercontig_000002207,1,2977,661776145,661776145
GL836620.1,Chr1_supercontig_000002208,1,2196,661778341,661778341
GL836621.1,Chr1_supercontig_000002209,1,7274,661785615,661785615
GL836622.1,Chr1_supercontig_000002210,1,1558,661787173,661787173
GL836623.1,Chr1_supercontig_000002211,1,1567,661788740,661788740
GL836624.1,Chr1_supercontig_000002212,1,2831,661791571,661791571
GL836625.1,Chr1_supercontig_000002213,1,2000,661793571,661793571
GL836626.1,Chr1_supercontig_000002214,1,1835,661795406,661795406
GL836627.1,Chr1_supercontig_000002215,1,2627,661798033,661798033
GL836628.1,Chr1_supercontig_000002216,1,8808,661806841,661806841
GL836629.1,Chr1_supercontig_000002217,1,11135,661817976,661817976
GL836630.1,Chr1_supercontig_000002218,1,7753,661825729,661825729
GL836631.1,Chr1_supercontig_000002219,1,4354,661830083,661830083
GL836632.1,Chr1_supercontig_000002220,1,2597,661832680,661832680
GL836633.1,Chr1_supercontig_000002221,1,1662,661834342,661834342
GL836634.1,Chr1_supercontig_000002222,1,10320,661844662,661844662
GL836635.1,Chr1_supercontig_000002223,1,11693,661856355,661856355
GL836636.1,Chr1_supercontig_000002224,1,3338,661859693,661859693
GL836637.1,Chr1_supercontig_000002225,1,1962,661861655,661861655
GL836638.1,Chr1_supercontig_000002226,1,2033,661863688,661863688
GL836639.1,Chr1_supercontig_000002227,1,3491,661867179,661867179
GL836640.1,Chr1_supercontig_000002228,1,3750,661870929,661870929
GL836641.1,Chr1_supercontig_000002229,1,4178,661875107,661875107
GL836642.1,Chr1_supercontig_000002230,1,3449,661878556,661878556
GL836643.1,Chr1_supercontig_000002231,1,2097,661880653,661880653
GL836644.1,Chr1_supercontig_000002232,1,5247,661885900,661885900
GL836645.1,Chr1_supercontig_000002233,1,2527,661888427,661888427
GL836646.1,Chr1_supercontig_000002234,1,2507,661890934,661890934
GL836647.1,Chr1_supercontig_000002235,1,3067,661894001,661894001
GL836648.1,Chr1_supercontig_000002236,1,2110,661896111,661896111
GL836649.1,Chr1_supercontig_000002237,1,2220,661898331,661898331
GL836650.1,Chr1_supercontig_000002238,1,1986,661900317,661900317
GL836651.1,Chr1_supercontig_000002239,1,4071,661904388,661904388
GL836652.1,Chr1_supercontig_000002240,1,1516,661905904,661905904
GL836653.1,Chr1_supercontig_000002241,1,1586,661907490,661907490
GL836654.1,Chr1_supercontig_000002242,1,6486,661913976,661913976
GL836655.1,Chr1_supercontig_000002243,1,1682,661915658,661915658
GL836656.1,Chr1_supercontig_000002244,1,1711,661917369,661917369
GL836657.1,Chr1_supercontig_000002245,1,2376,661919745,661919745
GL836658.1,Chr1_supercontig_000002246,1,1948,661921693,661921693
GL836659.1,Chr1_supercontig_000002247,1,3181,661924874,661924874
GL836660.1,Chr1_supercontig_000002248,1,1590,661926464,661926464
GL836661.1,Chr1_supercontig_000002249,1,1741,661928205,661928205
GL836662.1,Chr1_supercontig_000002250,1,2214,661930419,661930419
GL836663.1,Chr1_supercontig_000002251,1,2841,661933260,661933260
GL836664.1,Chr1_supercontig_000002252,1,1552,661934812,661934812
GL836665.1,Chr1_supercontig_000002253,1,2784,661937596,661937596
GL836666.1,Chr1_supercontig_000002254,1,2060,661939656,661939656
GL836667.1,Chr1_supercontig_000002255,1,1862,661941518,661941518
GL836668.1,Chr1_supercontig_000002256,1,2266,661943784,661943784
GL836669.1,Chr1_supercontig_000002257,1,1729,661945513,661945513
GL836670.1,Chr1_supercontig_000002258,1,2596,661948109,661948109
GL836671.1,Chr1_supercontig_000002259,1,2902,661951011,661951011
GL836672.1,Chr1_supercontig_000002260,1,1757,661952768,661952768
GL836673.1,Chr1_supercontig_000002261,1,3499,661956267,661956267
GL836674.1,Chr1_supercontig_000002262,1,5451,661961718,661961718
GL836675.1,Chr1_supercontig_000002263,1,1821,661963539,661963539
GL836676.1,Chr1_supercontig_000002264,1,10558,661974097,661974097
GL836677.1,Chr1_supercontig_000002265,1,3771,661977868,661977868
GL836678.1,Chr1_supercontig_000002266,1,9585,661987453,661987453
GL836679.1,Chr1_supercontig_000002267,1,3276,661990729,661990729
GL836680.1,Chr1_supercontig_000002268,1,2820,661993549,661993549
GL836681.1,Chr1_supercontig_000002269,1,1605,661995154,661995154
GL836682.1,Chr1_supercontig_000002270,1,1954,661997108,661997108
GL836683.1,Chr1_supercontig_000002271,1,2392,661999500,661999500
GL836684.1,Chr1_supercontig_000002272,1,3652,662003152,662003152
GL836685.1,Chr1_supercontig_000002273,1,3388,662006540,662006540
GL836686.1,Chr1_supercontig_000002274,1,1722,662008262,662008262
GL836687.1,Chr1_supercontig_000002275,1,1751,662010013,662010013
GL836688.1,Chr1_supercontig_000002276,1,4706,662014719,662014719
GL836689.1,Chr1_supercontig_000002277,1,3319,662018038,662018038
GL836690.1,Chr1_supercontig_000002278,1,2771,662020809,662020809
GL836691.1,Chr1_supercontig_000002279,1,6776,662027585,662027585
GL836692.1,Chr1_supercontig_000002280,1,3938,662031523,662031523
GL836693.1,Chr1_supercontig_000002281,1,2279,662033802,662033802
GL836694.1,Chr1_supercontig_000002282,1,2399,662036201,662036201
GL836695.1,Chr1_supercontig_000002283,1,1595,662037796,662037796
GL836696.1,Chr1_supercontig_000002284,1,1693,662039489,662039489
GL836697.1,Chr1_supercontig_000002285,1,3064,662042553,662042553
GL836698.1,Chr1_supercontig_000002286,1,1523,662044076,662044076
GL836699.1,Chr1_supercontig_000002287,1,1643,662045719,662045719
GL836700.1,Chr1_supercontig_000002288,1,1691,662047410,662047410
GL836701.1,Chr1_supercontig_000002289,1,1685,662049095,662049095
GL836702.1,Chr1_supercontig_000002290,1,1522,662050617,662050617
GL836703.1,Chr1_supercontig_000002291,1,1827,662052444,662052444
GL836704.1,Chr1_supercontig_000002292,1,2627,662055071,662055071
GL836705.1,Chr1_supercontig_000002293,1,1507,662056578,662056578
GL836706.1,Chr1_supercontig_000002294,1,1663,662058241,662058241
GL836707.1,Chr1_supercontig_000002295,1,1693,662059934,662059934
GL836708.1,Chr1_supercontig_000002296,1,3583,662063517,662063517
GL836709.1,Chr1_supercontig_000002297,1,5318,662068835,662068835
GL836710.1,Chr1_supercontig_000002298,1,11791,662080626,662080626
GL836711.1,Chr1_supercontig_000002299,1,2125,662082751,662082751
GL836712.1,Chr1_supercontig_000002300,1,3782,662086533,662086533
GL836713.1,Chr1_supercontig_000002301,1,2379,662088912,662088912
GL836714.1,Chr1_supercontig_000002302,1,1745,662090657,662090657
GL836715.1,Chr1_supercontig_000002303,1,2138,662092795,662092795
GL836716.1,Chr1_supercontig_000002304,1,1507,662094302,662094302
GL836717.1,Chr1_supercontig_000002305,1,2756,662097058,662097058
GL836718.1,Chr1_supercontig_000002306,1,4078,662101136,662101136
GL836719.1,Chr1_supercontig_000002307,1,8325,662109461,662109461
GL836720.1,Chr1_supercontig_000002308,1,7661,662117122,662117122
GL836721.1,Chr1_supercontig_000002309,1,8740,662125862,662125862
GL836722.1,Chr1_supercontig_000002310,1,7620,662133482,662133482
GL836723.1,Chr1_supercontig_000002311,1,11732,662145214,662145214
GL836724.1,Chr1_supercontig_000002312,1,1639,662146853,662146853
GL836725.1,Chr1_supercontig_000002313,1,3550,662150403,662150403
GL836726.1,Chr1_supercontig_000002314,1,1508,662151911,662151911
GL836727.1,Chr1_supercontig_000002315,1,2063,662153974,662153974
GL836728.1,Chr1_supercontig_000002316,1,1805,662155779,662155779
GL836729.1,Chr1_supercontig_000002317,1,2103,662157882,662157882
GL836730.1,Chr1_supercontig_000002318,1,2088,662159970,662159970
GL836731.1,Chr1_supercontig_000002319,1,3425,662163395,662163395
GL836732.1,Chr1_supercontig_000002320,1,1665,662165060,662165060
GL836733.1,Chr1_supercontig_000002321,1,3331,662168391,662168391
GL836734.1,Chr1_supercontig_000002322,1,2253,662170644,662170644
GL836735.1,Chr1_supercontig_000002323,1,1812,662172456,662172456
GL836736.1,Chr1_supercontig_000002324,1,1703,662174159,662174159
GL836737.1,Chr1_supercontig_000002325,1,2769,662176928,662176928
GL836738.1,Chr1_supercontig_000002326,1,1959,662178887,662178887
GL836739.1,Chr1_supercontig_000002327,1,1673,662180560,662180560
GL836740.1,Chr1_supercontig_000002328,1,4220,662184780,662184780
GL836741.1,Chr1_supercontig_000002329,1,1983,662186763,662186763
GL836742.1,Chr1_supercontig_000002330,1,2140,662188903,662188903
GL836743.1,Chr1_supercontig_000002331,1,1709,662190612,662190612
GL836744.1,Chr1_supercontig_000002332,1,2226,662192838,662192838
GL836745.1,Chr1_supercontig_000002333,1,1856,662194694,662194694
GL836746.1,Chr1_supercontig_000002334,1,1553,662196247,662196247
GL836747.1,Chr1_supercontig_000002335,1,2433,662198680,662198680
GL836748.1,Chr1_supercontig_000002336,1,1987,662200667,662200667
GL836749.1,Chr1_supercontig_000002337,1,5396,662206063,662206063
GL836750.1,Chr1_supercontig_000002338,1,3514,662209577,662209577
GL836751.1,Chr1_supercontig_000002339,1,6449,662216026,662216026
GL836752.1,Chr1_supercontig_000002340,1,3924,662219950,662219950
GL836753.1,Chr1_supercontig_000002341,1,2886,662222836,662222836
GL836754.1,Chr1_supercontig_000002342,1,2168,662225004,662225004
GL836755.1,Chr1_supercontig_000002343,1,1562,662226566,662226566
GL836756.1,Chr1_supercontig_000002344,1,2256,662228822,662228822
GL836757.1,Chr1_supercontig_000002345,1,3449,662232271,662232271
GL836758.1,Chr1_supercontig_000002346,1,2880,662235151,662235151
GL836759.1,Chr1_supercontig_000002347,1,1509,662236660,662236660
GL836760.1,Chr1_supercontig_000002348,1,4601,662241261,662241261
GL836761.1,Chr1_supercontig_000002349,1,3872,662245133,662245133
GL836762.1,Chr1_supercontig_000002350,1,1796,662246929,662246929
GL836763.1,Chr1_supercontig_000002351,1,3645,662250574,662250574
GL836764.1,Chr1_supercontig_000002352,1,1522,662252096,662252096
GL836765.1,Chr1_supercontig_000002353,1,1934,662254030,662254030
GL836766.1,Chr1_supercontig_000002354,1,3133,662257163,662257163
GL836767.1,Chr1_supercontig_000002355,1,7306,662264469,662264469
GL836768.1,Chr1_supercontig_000002356,1,3376,662267845,662267845
GL836769.1,Chr1_supercontig_000002357,1,2223,662270068,662270068
GL836770.1,Chr1_supercontig_000002358,1,1766,662271834,662271834
GL836771.1,Chr1_supercontig_000002359,1,2233,662274067,662274067
GL836772.1,Chr1_supercontig_000002360,1,15483,662289550,662289550
GL836773.1,Chr1_supercontig_000002361,1,13344,662302894,662302894
GL836774.1,Chr1_supercontig_000002362,1,29071,662331965,662331965
GL836775.1,Chr1_supercontig_000002363,1,8555,662340520,662340520
GL836776.1,Chr1_supercontig_000002364,1,6095,662346615,662346615
GL836777.1,Chr1_supercontig_000002365,1,3473,662350088,662350088
GL836778.1,Chr1_supercontig_000002366,1,3007,662353095,662353095
GL836779.1,Chr1_supercontig_000002367,1,1652,662354747,662354747
GL836780.1,Chr1_supercontig_000002368,1,6236,662360983,662360983
GL836781.1,Chr1_supercontig_000002369,1,2202,662363185,662363185
GL836782.1,Chr1_supercontig_000002370,1,3696,662366881,662366881
GL836783.1,Chr1_supercontig_000002371,1,1784,662368665,662368665
GL836784.1,Chr1_supercontig_000002372,1,2199,662370864,662370864
GL836785.1,Chr1_supercontig_000002373,1,4443,662375307,662375307
GL836786.1,Chr1_supercontig_000002374,1,1692,662376999,662376999
GL836787.1,Chr1_supercontig_000002375,1,2147,662379146,662379146
GL836788.1,Chr1_supercontig_000002376,1,4487,662383633,662383633
GL836789.1,Chr1_supercontig_000002377,1,2591,662386224,662386224
GL836790.1,Chr1_supercontig_000002378,1,3543,662389767,662389767
GL836791.1,Chr1_supercontig_000002379,1,10638,662400405,662400405
GL836792.1,Chr1_supercontig_000002380,1,3045,662403450,662403450
GL836793.1,Chr1_supercontig_000002381,1,2103,662405553,662405553
GL836794.1,Chr1_supercontig_000002382,1,4029,662409582,662409582
GL836795.1,Chr1_supercontig_000002383,1,2329,662411911,662411911
GL836796.1,Chr1_supercontig_000002384,1,4120,662416031,662416031
GL836797.1,Chr1_supercontig_000002385,1,1918,662417949,662417949
GL836798.1,Chr1_supercontig_000002386,1,1536,662419485,662419485
GL836799.1,Chr1_supercontig_000002387,1,1901,662421386,662421386
GL836800.1,Chr1_supercontig_000002388,1,3198,662424584,662424584
GL836801.1,Chr1_supercontig_000002389,1,2496,662427080,662427080
GL836802.1,Chr1_supercontig_000002390,1,2797,662429877,662429877
GL836803.1,Chr1_supercontig_000002391,1,1625,662431502,662431502
GL836804.1,Chr1_supercontig_000002392,1,3419,662434921,662434921
GL836805.1,Chr1_supercontig_000002393,1,2934,662437855,662437855
GL836806.1,Chr1_supercontig_000002394,1,1737,662439592,662439592
GL836807.1,Chr1_supercontig_000002395,1,2115,662441707,662441707
GL836808.1,Chr1_supercontig_000002396,1,1751,662443458,662443458
GL836809.1,Chr1_supercontig_000002397,1,1662,662445120,662445120
GL836810.1,Chr1_supercontig_000002398,1,1930,662447050,662447050
GL836811.1,Chr1_supercontig_000002399,1,2292,662449342,662449342
GL836812.1,Chr1_supercontig_000002400,1,4684,662454026,662454026
GL836813.1,Chr1_supercontig_000002401,1,1601,662455627,662455627
GL836814.1,Chr1_supercontig_000002402,1,1902,662457529,662457529
GL836815.1,Chr1_supercontig_000002403,1,1911,662459440,662459440
GL836816.1,Chr1_supercontig_000002404,1,3565,662463005,662463005
GL836817.1,Chr1_supercontig_000002405,1,2078,662465083,662465083
GL836818.1,Chr1_supercontig_000002406,1,5164,662470247,662470247
GL836819.1,Chr1_supercontig_000002407,1,2815,662473062,662473062
GL836820.1,Chr1_supercontig_000002408,1,1730,662474792,662474792
GL836821.1,Chr1_supercontig_000002409,1,2267,662477059,662477059
GL836822.1,Chr1_supercontig_000002410,1,1951,662479010,662479010
GL836823.1,Chr1_supercontig_000002411,1,2111,662481121,662481121
GL836824.1,Chr1_supercontig_000002412,1,1579,662482700,662482700
GL836825.1,Chr1_supercontig_000002413,1,3283,662485983,662485983
GL836826.1,Chr1_supercontig_000002414,1,1507,662487490,662487490
GL836827.1,Chr1_supercontig_000002415,1,4181,662491671,662491671
GL836828.1,Chr1_supercontig_000002416,1,2312,662493983,662493983
GL836829.1,Chr1_supercontig_000002417,1,2456,662496439,662496439
GL836830.1,Chr1_supercontig_000002418,1,2450,662498889,662498889
GL836831.1,Chr1_supercontig_000002419,1,1512,662500401,662500401
GL836832.1,Chr1_supercontig_000002420,1,2669,662503070,662503070
GL836833.1,Chr1_supercontig_000002421,1,2326,662505396,662505396
GL836834.1,Chr1_supercontig_000002422,1,4032,662509428,662509428
GL836835.1,Chr1_supercontig_000002423,1,1643,662511071,662511071
GL836836.1,Chr1_supercontig_000002424,1,2135,662513206,662513206
GL836837.1,Chr1_supercontig_000002425,1,1588,662514794,662514794
GL836838.1,Chr1_supercontig_000002426,1,1605,662516399,662516399
GL836839.1,Chr1_supercontig_000002427,1,3471,662519870,662519870
GL836840.1,Chr1_supercontig_000002428,1,5125,662524995,662524995
GL836841.1,Chr1_supercontig_000002429,1,3035,662528030,662528030
GL836842.1,Chr1_supercontig_000002430,1,2532,662530562,662530562
GL836843.1,Chr1_supercontig_000002431,1,3164,662533726,662533726
GL836844.1,Chr1_supercontig_000002432,1,3608,662537334,662537334
GL836845.1,Chr1_supercontig_000002433,1,3943,662541277,662541277
GL836846.1,Chr1_supercontig_000002434,1,3151,662544428,662544428
GL836847.1,Chr1_supercontig_000002435,1,2783,662547211,662547211
GL836848.1,Chr1_supercontig_000002436,1,10180,662557391,662557391
GL836849.1,Chr1_supercontig_000002437,1,9101,662566492,662566492
GL836850.1,Chr1_supercontig_000002438,1,5393,662571885,662571885
GL836851.1,Chr1_supercontig_000002439,1,1829,662573714,662573714
GL836852.1,Chr1_supercontig_000002440,1,1758,662575472,662575472
GL836853.1,Chr1_supercontig_000002441,1,1687,662577159,662577159
GL836854.1,Chr1_supercontig_000002442,1,6377,662583536,662583536
GL836855.1,Chr1_supercontig_000002443,1,4682,662588218,662588218
GL836856.1,Chr1_supercontig_000002444,1,3096,662591314,662591314
GL836857.1,Chr1_supercontig_000002445,1,1535,662592849,662592849
GL836858.1,Chr1_supercontig_000002446,1,2993,662595842,662595842
GL836859.1,Chr1_supercontig_000002447,1,2631,662598473,662598473
GL836860.1,Chr1_supercontig_000002448,1,2024,662600497,662600497
GL836861.1,Chr1_supercontig_000002449,1,3266,662603763,662603763
GL836862.1,Chr1_supercontig_000002450,1,2927,662606690,662606690
GL836863.1,Chr1_supercontig_000002451,1,2662,662609352,662609352
GL836864.1,Chr1_supercontig_000002452,1,2199,662611551,662611551
GL836865.1,Chr1_supercontig_000002453,1,2491,662614042,662614042
GL836866.1,Chr1_supercontig_000002454,1,1768,662615810,662615810
GL836867.1,Chr1_supercontig_000002455,1,1688,662617498,662617498
GL836868.1,Chr1_supercontig_000002456,1,1941,662619439,662619439
GL836869.1,Chr1_supercontig_000002457,1,2628,662622067,662622067
GL836870.1,Chr1_supercontig_000002458,1,1538,662623605,662623605
GL836871.1,Chr1_supercontig_000002459,1,1798,662625403,662625403
GL836872.1,Chr1_supercontig_000002460,1,2378,662627781,662627781
GL836873.1,Chr1_supercontig_000002461,1,1712,662629493,662629493
GL836874.1,Chr1_supercontig_000002462,1,9573,662639066,662639066
GL836875.1,Chr1_supercontig_000002463,1,3086,662642152,662642152
GL836876.1,Chr1_supercontig_000002464,1,2217,662644369,662644369
GL836877.1,Chr1_supercontig_000002465,1,4789,662649158,662649158
GL836878.1,Chr1_supercontig_000002466,1,2415,662651573,662651573
GL836879.1,Chr1_supercontig_000002467,1,1801,662653374,662653374
GL836880.1,Chr1_supercontig_000002468,1,1532,662654906,662654906
GL836881.1,Chr1_supercontig_000002469,1,1830,662656736,662656736
GL836882.1,Chr1_supercontig_000002470,1,2041,662658777,662658777
GL836883.1,Chr1_supercontig_000002471,1,1508,662660285,662660285
GL836884.1,Chr1_supercontig_000002472,1,1954,662662239,662662239
GL836885.1,Chr1_supercontig_000002473,1,1819,662664058,662664058
GL836886.1,Chr1_supercontig_000002474,1,1708,662665766,662665766
GL836887.1,Chr1_supercontig_000002475,1,2009,662667775,662667775
GL836888.1,Chr1_supercontig_000002476,1,1617,662669392,662669392
GL836889.1,Chr1_supercontig_000002477,1,1667,662671059,662671059
GL836890.1,Chr1_supercontig_000002478,1,2969,662674028,662674028
GL836891.1,Chr1_supercontig_000002479,1,2212,662676240,662676240
GL836892.1,Chr1_supercontig_000002480,1,3431,662679671,662679671
GL836893.1,Chr1_supercontig_000002481,1,2391,662682062,662682062
GL836894.1,Chr1_supercontig_000002482,1,2298,662684360,662684360
GL836895.1,Chr1_supercontig_000002483,1,1526,662685886,662685886
GL836896.1,Chr1_supercontig_000002484,1,3172,662689058,662689058
GL836897.1,Chr1_supercontig_000002485,1,7337,662696395,662696395
GL836898.1,Chr1_supercontig_000002486,1,2682,662699077,662699077
GL836899.1,Chr1_supercontig_000002487,1,1631,662700708,662700708
GL836900.1,Chr1_supercontig_000002488,1,2642,662703350,662703350
GL836901.1,Chr1_supercontig_000002489,1,1935,662705285,662705285
GL836902.1,Chr1_supercontig_000002490,1,3251,662708536,662708536
GL836903.1,Chr1_supercontig_000002491,1,1689,662710225,662710225
GL836904.1,Chr1_supercontig_000002492,1,1827,662712052,662712052
GL836905.1,Chr1_supercontig_000002493,1,6074,662718126,662718126
GL836906.1,Chr1_supercontig_000002494,1,2178,662720304,662720304
GL836907.1,Chr1_supercontig_000002495,1,2328,662722632,662722632
GL836908.1,Chr1_supercontig_000002496,1,2519,662725151,662725151
GL836909.1,Chr1_supercontig_000002497,1,1973,662727124,662727124
GL836910.1,Chr1_supercontig_000002498,1,1523,662728647,662728647
GL836911.1,Chr1_supercontig_000002499,1,2835,662731482,662731482
GL836912.1,Chr1_supercontig_000002500,1,5222,662736704,662736704
GL836913.1,Chr1_supercontig_000002501,1,3552,662740256,662740256
GL836914.1,Chr1_supercontig_000002502,1,3127,662743383,662743383
GL836915.1,Chr1_supercontig_000002503,1,6521,662749904,662749904
GL836916.1,Chr1_supercontig_000002504,1,2898,662752802,662752802
GL836917.1,Chr1_supercontig_000002505,1,4363,662757165,662757165
GL836918.1,Chr1_supercontig_000002506,1,2297,662759462,662759462
GL836919.1,Chr1_supercontig_000002507,1,1673,662761135,662761135
GL836920.1,Chr1_supercontig_000002508,1,4498,662765633,662765633
GL836921.1,Chr1_supercontig_000002509,1,1766,662767399,662767399
GL836922.1,Chr1_supercontig_000002510,1,5041,662772440,662772440
GL836923.1,Chr1_supercontig_000002511,1,1502,662773942,662773942
GL836924.1,Chr1_supercontig_000002512,1,6498,662780440,662780440
GL836925.1,Chr1_supercontig_000002513,1,2000,662782440,662782440
GL836926.1,Chr1_supercontig_000002514,1,2659,662785099,662785099
GL836927.1,Chr1_supercontig_000002515,1,2508,662787607,662787607
GL836928.1,Chr1_supercontig_000002516,1,2648,662790255,662790255
GL836929.1,Chr1_supercontig_000002517,1,12566,662802821,662802821
GL836930.1,Chr1_supercontig_000002518,1,2502,662805323,662805323
GL836931.1,Chr1_supercontig_000002519,1,2704,662808027,662808027
GL836932.1,Chr1_supercontig_000002520,1,1690,662809717,662809717
GL836933.1,Chr1_supercontig_000002521,1,4627,662814344,662814344
GL836934.1,Chr1_supercontig_000002522,1,4379,662818723,662818723
GL836935.1,Chr1_supercontig_000002523,1,2280,662821003,662821003
GL836936.1,Chr1_supercontig_000002524,1,4138,662825141,662825141
GL836937.1,Chr1_supercontig_000002525,1,1587,662826728,662826728
GL836938.1,Chr1_supercontig_000002526,1,1844,662828572,662828572
GL836939.1,Chr1_supercontig_000002527,1,11583,662840155,662840155
GL836940.1,Chr1_supercontig_000002528,1,29565,662869720,662869720
GL836941.1,Chr1_supercontig_000002529,1,4718,662874438,662874438
GL836942.1,Chr1_supercontig_000002530,1,2760,662877198,662877198
GL836943.1,Chr1_supercontig_000002531,1,2511,662879709,662879709
GL836944.1,Chr1_supercontig_000002532,1,3109,662882818,662882818
GL836945.1,Chr1_supercontig_000002533,1,1619,662884437,662884437
GL836946.1,Chr1_supercontig_000002534,1,4551,662888988,662888988
GL836947.1,Chr1_supercontig_000002535,1,2364,662891352,662891352
GL836948.1,Chr1_supercontig_000002536,1,1683,662893035,662893035
GL836949.1,Chr1_supercontig_000002537,1,1499,662894534,662894534
GL836950.1,Chr1_supercontig_000002538,1,2165,662896699,662896699
GL836951.1,Chr1_supercontig_000002539,1,2130,662898829,662898829
GL836952.1,Chr1_supercontig_000002540,1,3417,662902246,662902246
GL836953.1,Chr1_supercontig_000002541,1,4272,662906518,662906518
GL836954.1,Chr1_supercontig_000002542,1,2772,662909290,662909290
GL836955.1,Chr1_supercontig_000002543,1,1732,662911022,662911022
GL836956.1,Chr1_supercontig_000002544,1,4523,662915545,662915545
GL836957.1,Chr1_supercontig_000002545,1,2689,662918234,662918234
GL836958.1,Chr1_supercontig_000002546,1,1726,662919960,662919960
GL836959.1,Chr1_supercontig_000002547,1,1570,662921530,662921530
GL836960.1,Chr1_supercontig_000002548,1,2371,662923901,662923901
GL836961.1,Chr1_supercontig_000002549,1,3524,662927425,662927425
GL836962.1,Chr1_supercontig_000002550,1,2594,662930019,662930019
GL836963.1,Chr1_supercontig_000002551,1,2429,662932448,662932448
GL836964.1,Chr1_supercontig_000002552,1,1761,662934209,662934209
GL836965.1,Chr1_supercontig_000002553,1,2692,662936901,662936901
GL836966.1,Chr1_supercontig_000002554,1,1943,662938844,662938844
GL836967.1,Chr1_supercontig_000002555,1,2403,662941247,662941247
GL836968.1,Chr1_supercontig_000002556,1,10513,662951760,662951760
GL836969.1,Chr1_supercontig_000002557,1,1771,662953531,662953531
GL836970.1,Chr1_supercontig_000002558,1,1776,662955307,662955307
GL836971.1,Chr1_supercontig_000002559,1,2060,662957367,662957367
GL836972.1,Chr1_supercontig_000002560,1,1544,662958911,662958911
GL836973.1,Chr1_supercontig_000002561,1,1828,662960739,662960739
GL836974.1,Chr1_supercontig_000002562,1,2578,662963317,662963317
GL836975.1,Chr1_supercontig_000002563,1,2941,662966258,662966258
GL836976.1,Chr1_supercontig_000002564,1,17942,662984200,662984200
GL836977.1,Chr1_supercontig_000002565,1,2462,662986662,662986662
GL836978.1,Chr1_supercontig_000002566,1,1820,662988482,662988482
GL836979.1,Chr1_supercontig_000002567,1,3235,662991717,662991717
GL836980.1,Chr1_supercontig_000002568,1,1754,662993471,662993471
GL836981.1,Chr1_supercontig_000002569,1,20274,663013745,663013745
GL836982.1,Chr1_supercontig_000002570,1,4118,663017863,663017863
GL836983.1,Chr1_supercontig_000002571,1,2367,663020230,663020230
GL836984.1,Chr1_supercontig_000002572,1,2446,663022676,663022676
GL836985.1,Chr1_supercontig_000002573,1,2082,663024758,663024758
GL836986.1,Chr1_supercontig_000002574,1,2614,663027372,663027372
GL836987.1,Chr1_supercontig_000002575,1,3470,663030842,663030842
GL836988.1,Chr1_supercontig_000002576,1,2418,663033260,663033260
GL836989.1,Chr1_supercontig_000002577,1,1659,663034919,663034919
GL836990.1,Chr1_supercontig_000002578,1,1793,663036712,663036712
GL836991.1,Chr1_supercontig_000002579,1,1741,663038453,663038453
GL836992.1,Chr1_supercontig_000002580,1,2414,663040867,663040867
GL836993.1,Chr1_supercontig_000002581,1,1828,663042695,663042695
GL836994.1,Chr1_supercontig_000002582,1,2676,663045371,663045371
GL836995.1,Chr1_supercontig_000002583,1,1940,663047311,663047311
GL836996.1,Chr1_supercontig_000002584,1,1792,663049103,663049103
GL836997.1,Chr1_supercontig_000002585,1,3996,663053099,663053099
GL836998.1,Chr1_supercontig_000002586,1,10584,663063683,663063683
GL836999.1,Chr1_supercontig_000002587,1,5172,663068855,663068855
GL837000.1,Chr1_supercontig_000002588,1,19036,663087891,663087891
GL837001.1,Chr1_supercontig_000002589,1,1810,663089701,663089701
GL837002.1,Chr1_supercontig_000002590,1,2293,663091994,663091994
GL837003.1,Chr1_supercontig_000002591,1,9594,663101588,663101588
GL837004.1,Chr1_supercontig_000002592,1,8603,663110191,663110191
GL837005.1,Chr1_supercontig_000002593,1,6441,663116632,663116632
GL837006.1,Chr1_supercontig_000002594,1,5770,663122402,663122402
GL837007.1,Chr1_supercontig_000002595,1,5777,663128179,663128179
GL837008.1,Chr1_supercontig_000002596,1,14410,663142589,663142589
GL837009.1,Chr1_supercontig_000002597,1,3720,663146309,663146309
GL837010.1,Chr1_supercontig_000002598,1,11397,663157706,663157706
GL837011.1,Chr1_supercontig_000002599,1,3250,663160956,663160956
GL837012.1,Chr1_supercontig_000002600,1,1688,663162644,663162644
GL837013.1,Chr1_supercontig_000002601,1,2051,663164695,663164695
GL837014.1,Chr1_supercontig_000002602,1,4254,663168949,663168949
GL837015.1,Chr1_supercontig_000002603,1,2150,663171099,663171099
GL837016.1,Chr1_supercontig_000002604,1,2031,663173130,663173130
GL837017.1,Chr1_supercontig_000002605,1,3162,663176292,663176292
GL837018.1,Chr1_supercontig_000002606,1,1949,663178241,663178241
GL837019.1,Chr1_supercontig_000002607,1,2485,663180726,663180726
GL837020.1,Chr1_supercontig_000002608,1,2348,663183074,663183074
GL837021.1,Chr1_supercontig_000002609,1,1683,663184757,663184757
GL837022.1,Chr1_supercontig_000002610,1,2285,663187042,663187042
GL837023.1,Chr1_supercontig_000002611,1,47336,663234378,663234378
GL837024.1,Chr1_supercontig_000002612,1,2101,663236479,663236479
GL837025.1,Chr1_supercontig_000002613,1,8066,663244545,663244545
GL837026.1,Chr1_supercontig_000002614,1,2441,663246986,663246986
GL837027.1,Chr1_supercontig_000002615,1,2073,663249059,663249059
GL837028.1,Chr1_supercontig_000002616,1,2254,663251313,663251313
GL837029.1,Chr1_supercontig_000002617,1,1659,663252972,663252972
GL837030.1,Chr1_supercontig_000002618,1,3016,663255988,663255988
GL837031.1,Chr1_supercontig_000002619,1,2368,663258356,663258356
GL837032.1,Chr1_supercontig_000002620,1,4882,663263238,663263238
GL837033.1,Chr1_supercontig_000002621,1,1682,663264920,663264920
GL837034.1,Chr1_supercontig_000002622,1,2748,663267668,663267668
GL837035.1,Chr1_supercontig_000002623,1,3497,663271165,663271165
GL837036.1,Chr1_supercontig_000002624,1,3183,663274348,663274348
GL837037.1,Chr1_supercontig_000002625,1,2970,663277318,663277318
GL837038.1,Chr1_supercontig_000002626,1,3700,663281018,663281018
GL837039.1,Chr1_supercontig_000002627,1,4623,663285641,663285641
GL837040.1,Chr1_supercontig_000002628,1,3746,663289387,663289387
GL837041.1,Chr1_supercontig_000002629,1,2918,663292305,663292305
GL837042.1,Chr1_supercontig_000002630,1,4836,663297141,663297141
GL837043.1,Chr1_supercontig_000002631,1,2653,663299794,663299794
GL837044.1,Chr1_supercontig_000002632,1,1954,663301748,663301748
GL837045.1,Chr1_supercontig_000002633,1,1934,663303682,663303682
GL837046.1,Chr1_supercontig_000002634,1,3244,663306926,663306926
GL837047.1,Chr1_supercontig_000002635,1,2550,663309476,663309476
GL837048.1,Chr1_supercontig_000002636,1,3724,663313200,663313200
GL837049.1,Chr1_supercontig_000002637,1,3189,663316389,663316389
GL837050.1,Chr1_supercontig_000002638,1,2009,663318398,663318398
GL837051.1,Chr1_supercontig_000002639,1,1596,663319994,663319994
GL837052.1,Chr1_supercontig_000002640,1,2651,663322645,663322645
GL837053.1,Chr1_supercontig_000002641,1,1614,663324259,663324259
GL837054.1,Chr1_supercontig_000002642,1,3349,663327608,663327608
GL837055.1,Chr1_supercontig_000002643,1,2169,663329777,663329777
GL837056.1,Chr1_supercontig_000002644,1,9624,663339401,663339401
GL837057.1,Chr1_supercontig_000002645,1,2563,663341964,663341964
GL837058.1,Chr1_supercontig_000002646,1,1585,663343549,663343549
GL837059.1,Chr1_supercontig_000002647,1,6453,663350002,663350002
GL837060.1,Chr1_supercontig_000002648,1,1581,663351583,663351583
GL837061.1,Chr1_supercontig_000002649,1,5364,663356947,663356947
GL837062.1,Chr1_supercontig_000002650,1,17152,663374099,663374099
GL837063.1,Chr1_supercontig_000002651,1,1683,663375782,663375782
GL837064.1,Chr1_supercontig_000002652,1,1766,663377548,663377548
GL837065.1,Chr1_supercontig_000002653,1,2237,663379785,663379785
GL837066.1,Chr1_supercontig_000002654,1,1793,663381578,663381578
GL837067.1,Chr1_supercontig_000002655,1,1937,663383515,663383515
GL837068.1,Chr1_supercontig_000002656,1,3729,663387244,663387244
GL837069.1,Chr1_supercontig_000002657,1,1618,663388862,663388862
GL837070.1,Chr1_supercontig_000002658,1,3593,663392455,663392455
GL837071.1,Chr1_supercontig_000002659,1,1555,663394010,663394010
GL837072.1,Chr1_supercontig_000002660,1,1542,663395552,663395552
GL837073.1,Chr1_supercontig_000002661,1,1690,663397242,663397242
GL837074.1,Chr1_supercontig_000002662,1,1756,663398998,663398998
GL837075.1,Chr1_supercontig_000002663,1,1969,663400967,663400967
GL837076.1,Chr1_supercontig_000002664,1,4272,663405239,663405239
GL837077.1,Chr1_supercontig_000002665,1,2250,663407489,663407489
GL837078.1,Chr1_supercontig_000002666,1,1776,663409265,663409265
GL837079.1,Chr1_supercontig_000002667,1,4170,663413435,663413435
GL837080.1,Chr1_supercontig_000002668,1,7103,663420538,663420538
GL837081.1,Chr1_supercontig_000002669,1,6283,663426821,663426821
GL837082.1,Chr1_supercontig_000002670,1,4466,663431287,663431287
GL837083.1,Chr1_supercontig_000002671,1,2571,663433858,663433858
GL837084.1,Chr1_supercontig_000002672,1,20287,663454145,663454145
GL837085.1,Chr1_supercontig_000002673,1,3014,663457159,663457159
GL837086.1,Chr1_supercontig_000002674,1,1805,663458964,663458964
GL837087.1,Chr1_supercontig_000002675,1,4466,663463430,663463430
GL837088.1,Chr1_supercontig_000002676,1,1953,663465383,663465383
GL837089.1,Chr1_supercontig_000002677,1,2458,663467841,663467841
GL837090.1,Chr1_supercontig_000002678,1,1879,663469720,663469720
GL837091.1,Chr1_supercontig_000002679,1,2305,663472025,663472025
GL837092.1,Chr1_supercontig_000002680,1,2955,663474980,663474980
GL837093.1,Chr1_supercontig_000002681,1,2075,663477055,663477055
GL837094.1,Chr1_supercontig_000002682,1,2500,663479555,663479555
GL837095.1,Chr1_supercontig_000002683,1,6862,663486417,663486417
GL837096.1,Chr1_supercontig_000002684,1,1611,663488028,663488028
GL837097.1,Chr1_supercontig_000002685,1,2512,663490540,663490540
GL837098.1,Chr1_supercontig_000002686,1,2049,663492589,663492589
GL837099.1,Chr1_supercontig_000002687,1,3808,663496397,663496397
GL837100.1,Chr1_supercontig_000002688,1,2534,663498931,663498931
GL837101.1,Chr1_supercontig_000002689,1,6403,663505334,663505334
GL837102.1,Chr1_supercontig_000002690,1,2154,663507488,663507488
GL837103.1,Chr1_supercontig_000002691,1,3095,663510583,663510583
GL837104.1,Chr1_supercontig_000002692,1,1723,663512306,663512306
GL837105.1,Chr1_supercontig_000002693,1,1759,663514065,663514065
GL837106.1,Chr1_supercontig_000002694,1,1561,663515626,663515626
GL837107.1,Chr1_supercontig_000002695,1,3412,663519038,663519038
GL837108.1,Chr1_supercontig_000002696,1,2106,663521144,663521144
GL837109.1,Chr1_supercontig_000002697,1,4704,663525848,663525848
GL837110.1,Chr1_supercontig_000002698,1,2305,663528153,663528153
GL837111.1,Chr1_supercontig_000002699,1,3212,663531365,663531365
GL837112.1,Chr1_supercontig_000002700,1,3018,663534383,663534383
GL837113.1,Chr1_supercontig_000002701,1,2743,663537126,663537126
GL837114.1,Chr1_supercontig_000002702,1,4821,663541947,663541947
GL837115.1,Chr1_supercontig_000002703,1,2469,663544416,663544416
GL837116.1,Chr1_supercontig_000002704,1,1841,663546257,663546257
GL837117.1,Chr1_supercontig_000002705,1,2046,663548303,663548303
GL837118.1,Chr1_supercontig_000002706,1,1554,663549857,663549857
GL837119.1,Chr1_supercontig_000002707,1,3183,663553040,663553040
GL837120.1,Chr1_supercontig_000002708,1,9777,663562817,663562817
GL837121.1,Chr1_supercontig_000002709,1,3650,663566467,663566467
GL837122.1,Chr1_supercontig_000002710,1,7248,663573715,663573715
GL837123.1,Chr1_supercontig_000002711,1,3059,663576774,663576774
GL837124.1,Chr1_supercontig_000002712,1,2692,663579466,663579466
GL837125.1,Chr1_supercontig_000002713,1,2573,663582039,663582039
GL837126.1,Chr1_supercontig_000002714,1,17732,663599771,663599771
GL837127.1,Chr1_supercontig_000002715,1,4816,663604587,663604587
GL837128.1,Chr1_supercontig_000002716,1,32155,663636742,663636742
GL837129.1,Chr1_supercontig_000002717,1,10323,663647065,663647065
GL837130.1,Chr1_supercontig_000002718,1,20046,663667111,663667111
GL837131.1,Chr1_supercontig_000002719,1,8052,663675163,663675163
GL837132.1,Chr1_supercontig_000002720,1,3586,663678749,663678749
GL837133.1,Chr1_supercontig_000002721,1,1512,663680261,663680261
GL837134.1,Chr1_supercontig_000002722,1,5013,663685274,663685274
GL837135.1,Chr1_supercontig_000002723,1,1541,663686815,663686815
GL837136.1,Chr1_supercontig_000002724,1,2077,663688892,663688892
GL837137.1,Chr1_supercontig_000002725,1,2265,663691157,663691157
GL837138.1,Chr1_supercontig_000002726,1,2005,663693162,663693162
GL837139.1,Chr1_supercontig_000002727,1,2187,663695349,663695349
GL837140.1,Chr1_supercontig_000002728,1,1692,663697041,663697041
GL837141.1,Chr1_supercontig_000002729,1,1917,663698958,663698958
GL837142.1,Chr1_supercontig_000002730,1,1702,663700660,663700660
GL837143.1,Chr1_supercontig_000002731,1,4063,663704723,663704723
GL837144.1,Chr1_supercontig_000002732,1,1660,663706383,663706383
GL837145.1,Chr1_supercontig_000002733,1,1694,663708077,663708077
GL837146.1,Chr1_supercontig_000002734,1,3070,663711147,663711147
GL837147.1,Chr1_supercontig_000002735,1,3191,663714338,663714338
GL837148.1,Chr1_supercontig_000002736,1,6666,663721004,663721004
GL837149.1,Chr1_supercontig_000002737,1,4142,663725146,663725146
GL837150.1,Chr1_supercontig_000002738,1,3039,663728185,663728185
GL837151.1,Chr1_supercontig_000002739,1,2424,663730609,663730609
GL837152.1,Chr1_supercontig_000002740,1,3881,663734490,663734490
GL837153.1,Chr1_supercontig_000002741,1,1522,663736012,663736012
GL837154.1,Chr1_supercontig_000002742,1,1605,663737617,663737617
GL837155.1,Chr1_supercontig_000002743,1,3391,663741008,663741008
GL837156.1,Chr1_supercontig_000002744,1,3260,663744268,663744268
GL837157.1,Chr1_supercontig_000002745,1,3233,663747501,663747501
GL837158.1,Chr1_supercontig_000002746,1,1904,663749405,663749405
GL837159.1,Chr1_supercontig_000002747,1,3220,663752625,663752625
GL837160.1,Chr1_supercontig_000002748,1,2409,663755034,663755034
GL837161.1,Chr1_supercontig_000002749,1,1689,663756723,663756723
GL837162.1,Chr1_supercontig_000002750,1,3775,663760498,663760498
GL837163.1,Chr1_supercontig_000002751,1,1944,663762442,663762442
GL837164.1,Chr1_supercontig_000002752,1,2104,663764546,663764546
GL837165.1,Chr1_supercontig_000002753,1,3614,663768160,663768160
GL837166.1,Chr1_supercontig_000002754,1,1560,663769720,663769720
GL837167.1,Chr1_supercontig_000002755,1,1511,663771231,663771231
GL837168.1,Chr1_supercontig_000002756,1,2866,663774097,663774097
GL837169.1,Chr1_supercontig_000002757,1,1584,663775681,663775681
GL837170.1,Chr1_supercontig_000002758,1,3713,663779394,663779394
GL837171.1,Chr1_supercontig_000002759,1,1672,663781066,663781066
GL837172.1,Chr1_supercontig_000002760,1,1760,663782826,663782826
GL837173.1,Chr1_supercontig_000002761,1,1730,663784556,663784556
GL837174.1,Chr1_supercontig_000002762,1,1830,663786386,663786386
GL837175.1,Chr1_supercontig_000002763,1,2364,663788750,663788750
GL837176.1,Chr1_supercontig_000002764,1,4820,663793570,663793570
GL837177.1,Chr1_supercontig_000002765,1,1982,663795552,663795552
GL837178.1,Chr1_supercontig_000002766,1,6269,663801821,663801821
GL837179.1,Chr1_supercontig_000002767,1,3019,663804840,663804840
GL837180.1,Chr1_supercontig_000002768,1,4177,663809017,663809017
GL837181.1,Chr1_supercontig_000002769,1,3136,663812153,663812153
GL837182.1,Chr1_supercontig_000002770,1,3516,663815669,663815669
GL837183.1,Chr1_supercontig_000002771,1,1987,663817656,663817656
GL837184.1,Chr1_supercontig_000002772,1,3263,663820919,663820919
GL837185.1,Chr1_supercontig_000002773,1,2574,663823493,663823493
GL837186.1,Chr1_supercontig_000002774,1,1946,663825439,663825439
GL837187.1,Chr1_supercontig_000002775,1,7805,663833244,663833244
GL837188.1,Chr1_supercontig_000002776,1,4004,663837248,663837248
GL837189.1,Chr1_supercontig_000002777,1,2225,663839473,663839473
GL837190.1,Chr1_supercontig_000002778,1,2969,663842442,663842442
GL837191.1,Chr1_supercontig_000002779,1,15296,663857738,663857738
GL837192.1,Chr1_supercontig_000002780,1,1631,663859369,663859369
GL837193.1,Chr1_supercontig_000002781,1,1836,663861205,663861205
GL837194.1,Chr1_supercontig_000002782,1,2005,663863210,663863210
GL837195.1,Chr1_supercontig_000002783,1,3458,663866668,663866668
GL837196.1,Chr1_supercontig_000002784,1,1861,663868529,663868529
GL837197.1,Chr1_supercontig_000002785,1,1613,663870142,663870142
GL837198.1,Chr1_supercontig_000002786,1,2405,663872547,663872547
GL837199.1,Chr1_supercontig_000002787,1,1823,663874370,663874370
GL837200.1,Chr1_supercontig_000002788,1,3492,663877862,663877862
GL837201.1,Chr1_supercontig_000002789,1,2600,663880462,663880462
GL837202.1,Chr1_supercontig_000002790,1,2733,663883195,663883195
GL837203.1,Chr1_supercontig_000002791,1,1504,663884699,663884699
GL837204.1,Chr1_supercontig_000002792,1,3851,663888550,663888550
GL837205.1,Chr1_supercontig_000002793,1,1604,663890154,663890154
GL837206.1,Chr1_supercontig_000002794,1,1650,663891804,663891804
GL837207.1,Chr1_supercontig_000002795,1,2906,663894710,663894710
GL837208.1,Chr1_supercontig_000002796,1,2857,663897567,663897567
GL837209.1,Chr1_supercontig_000002797,1,2582,663900149,663900149
GL837210.1,Chr1_supercontig_000002798,1,2636,663902785,663902785
GL837211.1,Chr1_supercontig_000002799,1,1505,663904290,663904290
GL837212.1,Chr1_supercontig_000002800,1,2088,663906378,663906378
GL837213.1,Chr1_supercontig_000002801,1,4938,663911316,663911316
GL837214.1,Chr1_supercontig_000002802,1,2610,663913926,663913926
GL837215.1,Chr1_supercontig_000002803,1,1988,663915914,663915914
GL837216.1,Chr1_supercontig_000002804,1,1575,663917489,663917489
GL837217.1,Chr1_supercontig_000002805,1,1906,663919395,663919395
GL837218.1,Chr1_supercontig_000002806,1,5691,663925086,663925086
GL837219.1,Chr1_supercontig_000002807,1,1760,663926846,663926846
GL837220.1,Chr1_supercontig_000002808,1,1662,663928508,663928508
GL837221.1,Chr1_supercontig_000002809,1,5056,663933564,663933564
GL837222.1,Chr1_supercontig_000002810,1,1926,663935490,663935490
GL837223.1,Chr1_supercontig_000002811,1,1580,663937070,663937070
GL837224.1,Chr1_supercontig_000002812,1,5205,663942275,663942275
GL837225.1,Chr1_supercontig_000002813,1,3666,663945941,663945941
GL837226.1,Chr1_supercontig_000002814,1,2571,663948512,663948512
GL837227.1,Chr1_supercontig_000002815,1,3234,663951746,663951746
GL837228.1,Chr1_supercontig_000002816,1,3702,663955448,663955448
GL837229.1,Chr1_supercontig_000002817,1,10326,663965774,663965774
GL837230.1,Chr1_supercontig_000002818,1,15134,663980908,663980908
GL837231.1,Chr1_supercontig_000002819,1,6194,663987102,663987102
GL837232.1,Chr1_supercontig_000002820,1,11849,663998951,663998951
GL837233.1,Chr1_supercontig_000002821,1,10266,664009217,664009217
GL837234.1,Chr1_supercontig_000002822,1,2813,664012030,664012030
GL837235.1,Chr1_supercontig_000002823,1,2706,664014736,664014736
GL837236.1,Chr1_supercontig_000002824,1,3204,664017940,664017940
GL837237.1,Chr1_supercontig_000002825,1,2891,664020831,664020831
GL837238.1,Chr1_supercontig_000002826,1,3477,664024308,664024308
GL837239.1,Chr1_supercontig_000002827,1,1745,664026053,664026053
GL837240.1,Chr1_supercontig_000002828,1,1577,664027630,664027630
GL837241.1,Chr1_supercontig_000002829,1,1818,664029448,664029448
GL837242.1,Chr1_supercontig_000002830,1,2483,664031931,664031931
GL837243.1,Chr1_supercontig_000002831,1,3082,664035013,664035013
GL837244.1,Chr1_supercontig_000002832,1,2557,664037570,664037570
GL837245.1,Chr1_supercontig_000002833,1,1806,664039376,664039376
GL837246.1,Chr1_supercontig_000002834,1,6766,664046142,664046142
GL837247.1,Chr1_supercontig_000002835,1,1828,664047970,664047970
GL837248.1,Chr1_supercontig_000002836,1,1502,664049472,664049472
GL837249.1,Chr1_supercontig_000002837,1,1877,664051349,664051349
GL837250.1,Chr1_supercontig_000002838,1,2089,664053438,664053438
GL837251.1,Chr1_supercontig_000002839,1,3187,664056625,664056625
GL837252.1,Chr1_supercontig_000002840,1,1817,664058442,664058442
GL837253.1,Chr1_supercontig_000002841,1,1751,664060193,664060193
GL837254.1,Chr1_supercontig_000002842,1,2043,664062236,664062236
GL837255.1,Chr1_supercontig_000002843,1,1617,664063853,664063853
GL837256.1,Chr1_supercontig_000002844,1,2144,664065997,664065997
GL837257.1,Chr1_supercontig_000002845,1,15598,664081595,664081595
GL837258.1,Chr1_supercontig_000002846,1,4441,664086036,664086036
GL837259.1,Chr1_supercontig_000002847,1,5635,664091671,664091671
GL837260.1,Chr1_supercontig_000002848,1,6050,664097721,664097721
GL837261.1,Chr1_supercontig_000002849,1,1542,664099263,664099263
GL837262.1,Chr1_supercontig_000002850,1,1967,664101230,664101230
GL837263.1,Chr1_supercontig_000002851,1,1865,664103095,664103095
GL837264.1,Chr1_supercontig_000002852,1,2127,664105222,664105222
GL837265.1,Chr1_supercontig_000002853,1,9171,664114393,664114393
GL837266.1,Chr1_supercontig_000002854,1,9158,664123551,664123551
GL837267.1,Chr1_supercontig_000002855,1,21351,664144902,664144902
GL837268.1,Chr1_supercontig_000002856,1,4746,664149648,664149648
GL837269.1,Chr1_supercontig_000002857,1,3230,664152878,664152878
GL837270.1,Chr1_supercontig_000002858,1,5188,664158066,664158066
GL837271.1,Chr1_supercontig_000002859,1,2964,664161030,664161030
GL837272.1,Chr1_supercontig_000002860,1,1721,664162751,664162751
GL837273.1,Chr1_supercontig_000002861,1,3193,664165944,664165944
GL837274.1,Chr1_supercontig_000002862,1,1649,664167593,664167593
GL837275.1,Chr1_supercontig_000002863,1,2456,664170049,664170049
GL837276.1,Chr1_supercontig_000002864,1,1669,664171718,664171718
GL837277.1,Chr1_supercontig_000002865,1,2244,664173962,664173962
GL837278.1,Chr1_supercontig_000002866,1,1508,664175470,664175470
GL837279.1,Chr1_supercontig_000002867,1,2504,664177974,664177974
GL837280.1,Chr1_supercontig_000002868,1,3396,664181370,664181370
GL837281.1,Chr1_supercontig_000002869,1,2508,664183878,664183878
GL837282.1,Chr1_supercontig_000002870,1,2879,664186757,664186757
GL837283.1,Chr1_supercontig_000002871,1,1665,664188422,664188422
GL837284.1,Chr1_supercontig_000002872,1,4790,664193212,664193212
GL837285.1,Chr1_supercontig_000002873,1,3116,664196328,664196328
GL837286.1,Chr1_supercontig_000002874,1,3224,664199552,664199552
GL837287.1,Chr1_supercontig_000002875,1,1984,664201536,664201536
GL837288.1,Chr1_supercontig_000002876,1,2973,664204509,664204509
GL837289.1,Chr1_supercontig_000002877,1,2007,664206516,664206516
GL837290.1,Chr1_supercontig_000002878,1,5146,664211662,664211662
GL837291.1,Chr1_supercontig_000002879,1,1680,664213342,664213342
GL837292.1,Chr1_supercontig_000002880,1,4131,664217473,664217473
GL837293.1,Chr1_supercontig_000002881,1,1719,664219192,664219192
GL837294.1,Chr1_supercontig_000002882,1,4659,664223851,664223851
GL837295.1,Chr1_supercontig_000002883,1,1920,664225771,664225771
GL837296.1,Chr1_supercontig_000002884,1,1752,664227523,664227523
GL837297.1,Chr1_supercontig_000002885,1,1916,664229439,664229439
GL837298.1,Chr1_supercontig_000002886,1,1548,664230987,664230987
GL837299.1,Chr1_supercontig_000002887,1,1719,664232706,664232706
GL837300.1,Chr1_supercontig_000002888,1,2528,664235234,664235234
GL837301.1,Chr1_supercontig_000002889,1,1900,664237134,664237134
GL837302.1,Chr1_supercontig_000002890,1,1650,664238784,664238784
GL837303.1,Chr1_supercontig_000002891,1,1864,664240648,664240648
GL837304.1,Chr1_supercontig_000002892,1,1971,664242619,664242619
GL837305.1,Chr1_supercontig_000002893,1,6792,664249411,664249411
GL837306.1,Chr1_supercontig_000002894,1,4682,664254093,664254093
GL837307.1,Chr1_supercontig_000002895,1,2038,664256131,664256131
GL837308.1,Chr1_supercontig_000002896,1,2457,664258588,664258588
GL837309.1,Chr1_supercontig_000002897,1,3255,664261843,664261843
GL837310.1,Chr1_supercontig_000002898,1,2354,664264197,664264197
GL837311.1,Chr1_supercontig_000002899,1,2832,664267029,664267029
GL837312.1,Chr1_supercontig_000002900,1,10766,664277795,664277795
GL837313.1,Chr1_supercontig_000002901,1,1587,664279382,664279382
GL837314.1,Chr1_supercontig_000002902,1,5312,664284694,664284694
GL837315.1,Chr1_supercontig_000002903,1,4065,664288759,664288759
GL837316.1,Chr1_supercontig_000002904,1,5370,664294129,664294129
GL837317.1,Chr1_supercontig_000002905,1,3510,664297639,664297639
GL837318.1,Chr1_supercontig_000002906,1,1736,664299375,664299375
GL837319.1,Chr1_supercontig_000002907,1,4886,664304261,664304261
GL837320.1,Chr1_supercontig_000002908,1,1676,664305937,664305937
GL837321.1,Chr1_supercontig_000002909,1,2657,664308594,664308594
GL837322.1,Chr1_supercontig_000002910,1,10839,664319433,664319433
GL837323.1,Chr1_supercontig_000002911,1,1936,664321369,664321369
GL837324.1,Chr1_supercontig_000002912,1,2259,664323628,664323628
GL837325.1,Chr1_supercontig_000002913,1,4619,664328247,664328247
GL837326.1,Chr1_supercontig_000002914,1,2070,664330317,664330317
GL837327.1,Chr1_supercontig_000002915,1,4421,664334738,664334738
GL837328.1,Chr1_supercontig_000002916,1,1669,664336407,664336407
GL837329.1,Chr1_supercontig_000002917,1,2965,664339372,664339372
GL837330.1,Chr1_supercontig_000002918,1,2403,664341775,664341775
GL837331.1,Chr1_supercontig_000002919,1,1837,664343612,664343612
GL837332.1,Chr1_supercontig_000002920,1,2536,664346148,664346148
GL837333.1,Chr1_supercontig_000002921,1,2334,664348482,664348482
GL837334.1,Chr1_supercontig_000002922,1,2898,664351380,664351380
GL837335.1,Chr1_supercontig_000002923,1,2501,664353881,664353881
GL837336.1,Chr1_supercontig_000002924,1,2232,664356113,664356113
GL837337.1,Chr1_supercontig_000002925,1,2045,664358158,664358158
GL837338.1,Chr1_supercontig_000002926,1,2352,664360510,664360510
GL837339.1,Chr1_supercontig_000002927,1,2532,664363042,664363042
GL837340.1,Chr1_supercontig_000002928,1,1602,664364644,664364644
GL837341.1,Chr1_supercontig_000002929,1,3192,664367836,664367836
GL837342.1,Chr1_supercontig_000002930,1,19076,664386912,664386912
GL837343.1,Chr1_supercontig_000002931,1,4586,664391498,664391498
GL837344.1,Chr1_supercontig_000002932,1,15290,664406788,664406788
GL837345.1,Chr1_supercontig_000002933,1,4321,664411109,664411109
GL837346.1,Chr1_supercontig_000002934,1,9049,664420158,664420158
GL837347.1,Chr1_supercontig_000002935,1,19022,664439180,664439180
GL837348.1,Chr1_supercontig_000002936,1,8141,664447321,664447321
GL837349.1,Chr1_supercontig_000002937,1,4917,664452238,664452238
GL837350.1,Chr1_supercontig_000002938,1,11812,664464050,664464050
GL837351.1,Chr1_supercontig_000002939,1,3390,664467440,664467440
GL837352.1,Chr1_supercontig_000002940,1,2231,664469671,664469671
GL837353.1,Chr1_supercontig_000002941,1,3686,664473357,664473357
GL837354.1,Chr1_supercontig_000002942,1,2086,664475443,664475443
GL837355.1,Chr1_supercontig_000002943,1,1772,664477215,664477215
GL837356.1,Chr1_supercontig_000002944,1,1610,664478825,664478825
GL837357.1,Chr1_supercontig_000002945,1,2607,664481432,664481432
GL837358.1,Chr1_supercontig_000002946,1,3657,664485089,664485089
GL837359.1,Chr1_supercontig_000002947,1,1827,664486916,664486916
GL837360.1,Chr1_supercontig_000002948,1,2909,664489825,664489825
GL837361.1,Chr1_supercontig_000002949,1,6339,664496164,664496164
GL837362.1,Chr1_supercontig_000002950,1,1576,664497740,664497740
GL837363.1,Chr1_supercontig_000002951,1,2629,664500369,664500369
GL837364.1,Chr1_supercontig_000002952,1,2605,664502974,664502974
GL837365.1,Chr1_supercontig_000002953,1,1770,664504744,664504744
GL837366.1,Chr1_supercontig_000002954,1,1953,664506697,664506697
GL837367.1,Chr1_supercontig_000002955,1,3214,664509911,664509911
GL837368.1,Chr1_supercontig_000002956,1,1849,664511760,664511760
GL837369.1,Chr1_supercontig_000002957,1,2858,664514618,664514618
GL837370.1,Chr1_supercontig_000002958,1,2723,664517341,664517341
GL837371.1,Chr1_supercontig_000002959,1,3460,664520801,664520801
GL837372.1,Chr1_supercontig_000002960,1,16743,664537544,664537544
GL837373.1,Chr1_supercontig_000002961,1,5298,664542842,664542842
GL837374.1,Chr1_supercontig_000002962,1,1605,664544447,664544447
GL837375.1,Chr1_supercontig_000002963,1,1507,664545954,664545954
GL837376.1,Chr1_supercontig_000002964,1,1855,664547809,664547809
GL837377.1,Chr1_supercontig_000002965,1,2615,664550424,664550424
GL837378.1,Chr1_supercontig_000002966,1,9068,664559492,664559492
GL837379.1,Chr1_supercontig_000002967,1,12423,664571915,664571915
GL837380.1,Chr1_supercontig_000002968,1,1768,664573683,664573683
GL837381.1,Chr1_supercontig_000002969,1,1640,664575323,664575323
GL837382.1,Chr1_supercontig_000002970,1,3750,664579073,664579073
GL837383.1,Chr1_supercontig_000002971,1,2160,664581233,664581233
GL837384.1,Chr1_supercontig_000002972,1,4143,664585376,664585376
GL837385.1,Chr1_supercontig_000002973,1,1501,664586877,664586877
GL837386.1,Chr1_supercontig_000002974,1,1651,664588528,664588528
GL837387.1,Chr1_supercontig_000002975,1,1614,664590142,664590142
GL837388.1,Chr1_supercontig_000002976,1,6961,664597103,664597103
GL837389.1,Chr1_supercontig_000002977,1,2654,664599757,664599757
GL837390.1,Chr1_supercontig_000002978,1,3991,664603748,664603748
GL837391.1,Chr1_supercontig_000002979,1,3212,664606960,664606960
GL837392.1,Chr1_supercontig_000002980,1,2229,664609189,664609189
GL837393.1,Chr1_supercontig_000002981,1,2544,664611733,664611733
GL837394.1,Chr1_supercontig_000002982,1,3427,664615160,664615160
GL837395.1,Chr1_supercontig_000002983,1,3039,664618199,664618199
GL837396.1,Chr1_supercontig_000002984,1,2695,664620894,664620894
GL837397.1,Chr1_supercontig_000002985,1,1692,664622586,664622586
GL837398.1,Chr1_supercontig_000002986,1,1778,664624364,664624364
GL837399.1,Chr1_supercontig_000002987,1,2985,664627349,664627349
GL837400.1,Chr1_supercontig_000002988,1,2645,664629994,664629994
GL837401.1,Chr1_supercontig_000002989,1,1700,664631694,664631694
GL837402.1,Chr1_supercontig_000002990,1,1597,664633291,664633291
GL837403.1,Chr1_supercontig_000002991,1,1597,664634888,664634888
GL837404.1,Chr1_supercontig_000002992,1,2700,664637588,664637588
GL837405.1,Chr1_supercontig_000002993,1,3655,664641243,664641243
GL837406.1,Chr1_supercontig_000002994,1,2456,664643699,664643699
GL837407.1,Chr1_supercontig_000002995,1,1511,664645210,664645210
GL837408.1,Chr1_supercontig_000002996,1,1538,664646748,664646748
GL837409.1,Chr1_supercontig_000002997,1,1896,664648644,664648644
GL837410.1,Chr1_supercontig_000002998,1,2843,664651487,664651487
GL837411.1,Chr1_supercontig_000002999,1,1730,664653217,664653217
GL837412.1,Chr1_supercontig_000003000,1,1832,664655049,664655049
GL837413.1,Chr1_supercontig_000003001,1,2011,664657060,664657060
GL837414.1,Chr1_supercontig_000003002,1,15246,664672306,664672306
GL837415.1,Chr1_supercontig_000003003,1,1620,664673926,664673926
GL837416.1,Chr1_supercontig_000003004,1,5181,664679107,664679107
GL837417.1,Chr1_supercontig_000003005,1,2382,664681489,664681489
GL837418.1,Chr1_supercontig_000003006,1,2243,664683732,664683732
GL837419.1,Chr1_supercontig_000003007,1,2409,664686141,664686141
GL837420.1,Chr1_supercontig_000003008,1,1864,664688005,664688005
GL837421.1,Chr1_supercontig_000003009,1,11712,664699717,664699717
GL837422.1,Chr1_supercontig_000003010,1,3964,664703681,664703681
GL837423.1,Chr1_supercontig_000003011,1,2974,664706655,664706655
GL837424.1,Chr1_supercontig_000003012,1,7555,664714210,664714210
GL837425.1,Chr1_supercontig_000003013,1,3992,664718202,664718202
GL837426.1,Chr1_supercontig_000003014,1,1682,664719884,664719884
GL837427.1,Chr1_supercontig_000003015,1,7481,664727365,664727365
GL837428.1,Chr1_supercontig_000003016,1,1892,664729257,664729257
GL837429.1,Chr1_supercontig_000003017,1,2441,664731698,664731698
GL837430.1,Chr1_supercontig_000003018,1,3020,664734718,664734718
GL837431.1,Chr1_supercontig_000003019,1,2252,664736970,664736970
GL837432.1,Chr1_supercontig_000003020,1,2505,664739475,664739475
GL837433.1,Chr1_supercontig_000003021,1,3714,664743189,664743189
GL837434.1,Chr1_supercontig_000003022,1,1598,664744787,664744787
GL837435.1,Chr1_supercontig_000003023,1,1826,664746613,664746613
GL837436.1,Chr1_supercontig_000003024,1,1740,664748353,664748353
GL837437.1,Chr1_supercontig_000003025,1,1687,664750040,664750040
GL837438.1,Chr1_supercontig_000003026,1,3345,664753385,664753385
GL837439.1,Chr1_supercontig_000003027,1,3520,664756905,664756905
GL837440.1,Chr1_supercontig_000003028,1,2338,664759243,664759243
GL837441.1,Chr1_supercontig_000003029,1,2062,664761305,664761305
GL837442.1,Chr1_supercontig_000003030,1,1647,664762952,664762952
GL837443.1,Chr1_supercontig_000003031,1,4239,664767191,664767191
GL837444.1,Chr1_supercontig_000003032,1,5085,664772276,664772276
GL837445.1,Chr1_supercontig_000003033,1,4729,664777005,664777005
GL837446.1,Chr1_supercontig_000003034,1,19088,664796093,664796093
GL837447.1,Chr1_supercontig_000003035,1,3335,664799428,664799428
GL837448.1,Chr1_supercontig_000003036,1,2259,664801687,664801687
GL837449.1,Chr1_supercontig_000003037,1,1906,664803593,664803593
GL837450.1,Chr1_supercontig_000003038,1,1678,664805271,664805271
GL837451.1,Chr1_supercontig_000003039,1,2282,664807553,664807553
GL837452.1,Chr1_supercontig_000003040,1,2994,664810547,664810547
GL837453.1,Chr1_supercontig_000003041,1,1688,664812235,664812235
GL837454.1,Chr1_supercontig_000003042,1,4223,664816458,664816458
GL837455.1,Chr1_supercontig_000003043,1,2249,664818707,664818707
GL837456.1,Chr1_supercontig_000003044,1,2207,664820914,664820914
GL837457.1,Chr1_supercontig_000003045,1,2388,664823302,664823302
GL837458.1,Chr1_supercontig_000003046,1,1851,664825153,664825153
GL837459.1,Chr1_supercontig_000003047,1,1586,664826739,664826739
GL837460.1,Chr1_supercontig_000003048,1,5207,664831946,664831946
GL837461.1,Chr1_supercontig_000003049,1,6987,664838933,664838933
GL837462.1,Chr1_supercontig_000003050,1,1692,664840625,664840625
GL837463.1,Chr1_supercontig_000003051,1,2364,664842989,664842989
GL837464.1,Chr1_supercontig_000003052,1,1959,664844948,664844948
GL837465.1,Chr1_supercontig_000003053,1,3458,664848406,664848406
GL837466.1,Chr1_supercontig_000003054,1,1523,664849929,664849929
GL837467.1,Chr1_supercontig_000003055,1,5410,664855339,664855339
GL837468.1,Chr1_supercontig_000003056,1,2678,664858017,664858017
GL837469.1,Chr1_supercontig_000003057,1,2438,664860455,664860455
GL837470.1,Chr1_supercontig_000003058,1,3794,664864249,664864249
GL837471.1,Chr1_supercontig_000003059,1,4648,664868897,664868897
GL837472.1,Chr1_supercontig_000003060,1,5857,664874754,664874754
GL837473.1,Chr1_supercontig_000003061,1,1803,664876557,664876557
GL837474.1,Chr1_supercontig_000003062,1,3904,664880461,664880461
GL837475.1,Chr1_supercontig_000003063,1,2300,664882761,664882761
GL837476.1,Chr1_supercontig_000003064,1,3232,664885993,664885993
GL837477.1,Chr1_supercontig_000003065,1,3210,664889203,664889203
GL837478.1,Chr1_supercontig_000003066,1,1691,664890894,664890894
GL837479.1,Chr1_supercontig_000003067,1,1640,664892534,664892534
GL837480.1,Chr1_supercontig_000003068,1,1499,664894033,664894033
GL837481.1,Chr1_supercontig_000003069,1,2045,664896078,664896078
GL837482.1,Chr1_supercontig_000003070,1,3393,664899471,664899471
GL837483.1,Chr1_supercontig_000003071,1,1877,664901348,664901348
GL837484.1,Chr1_supercontig_000003072,1,2332,664903680,664903680
GL837485.1,Chr1_supercontig_000003073,1,1741,664905421,664905421
GL837486.1,Chr1_supercontig_000003074,1,11590,664917011,664917011
GL837487.1,Chr1_supercontig_000003075,1,10554,664927565,664927565
GL837488.1,Chr1_supercontig_000003076,1,3647,664931212,664931212
GL837489.1,Chr1_supercontig_000003077,1,2002,664933214,664933214
GL837490.1,Chr1_supercontig_000003078,1,6376,664939590,664939590
GL837491.1,Chr1_supercontig_000003079,1,4014,664943604,664943604
GL837492.1,Chr1_supercontig_000003080,1,11006,664954610,664954610
GL837493.1,Chr1_supercontig_000003081,1,8052,664962662,664962662
GL837494.1,Chr1_supercontig_000003082,1,4593,664967255,664967255
GL837495.1,Chr1_supercontig_000003083,1,1617,664968872,664968872
GL837496.1,Chr1_supercontig_000003084,1,2116,664970988,664970988
GL837497.1,Chr1_supercontig_000003085,1,5761,664976749,664976749
GL837498.1,Chr1_supercontig_000003086,1,5161,664981910,664981910
GL837499.1,Chr1_supercontig_000003087,1,3352,664985262,664985262
GL837500.1,Chr1_supercontig_000003088,1,6100,664991362,664991362
GL837501.1,Chr1_supercontig_000003089,1,1521,664992883,664992883
GL837502.1,Chr1_supercontig_000003090,1,8276,665001159,665001159
GL837503.1,Chr1_supercontig_000003091,1,4910,665006069,665006069
GL837504.1,Chr1_supercontig_000003092,1,1528,665007597,665007597
GL837505.1,Chr1_supercontig_000003093,1,2782,665010379,665010379
GL837506.1,Chr1_supercontig_000003094,1,5742,665016121,665016121
GL837507.1,Chr1_supercontig_000003095,1,1602,665017723,665017723
GL837508.1,Chr1_supercontig_000003096,1,3930,665021653,665021653
GL837509.1,Chr1_supercontig_000003097,1,1699,665023352,665023352
GL837510.1,Chr1_supercontig_000003098,1,2581,665025933,665025933
GL837511.1,Chr1_supercontig_000003099,1,3823,665029756,665029756
GL837512.1,Chr1_supercontig_000003100,1,2604,665032360,665032360
GL837513.1,Chr1_supercontig_000003101,1,2430,665034790,665034790
GL837514.1,Chr1_supercontig_000003102,1,3830,665038620,665038620
GL837515.1,Chr1_supercontig_000003103,1,1528,665040148,665040148
GL837516.1,Chr1_supercontig_000003104,1,4125,665044273,665044273
GL837517.1,Chr1_supercontig_000003105,1,5491,665049764,665049764
GL837518.1,Chr1_supercontig_000003106,1,2692,665052456,665052456
GL837519.1,Chr1_supercontig_000003107,1,1927,665054383,665054383
GL837520.1,Chr1_supercontig_000003108,1,2250,665056633,665056633
GL837521.1,Chr1_supercontig_000003109,1,14579,665071212,665071212
GL837522.1,Chr1_supercontig_000003110,1,27328,665098540,665098540
GL837523.1,Chr1_supercontig_000003111,1,9403,665107943,665107943
GL837524.1,Chr1_supercontig_000003112,1,3865,665111808,665111808
GL837525.1,Chr1_supercontig_000003113,1,2644,665114452,665114452
GL837526.1,Chr1_supercontig_000003114,1,1990,665116442,665116442
GL837527.1,Chr1_supercontig_000003115,1,7088,665123530,665123530
GL837528.1,Chr1_supercontig_000003116,1,2907,665126437,665126437
GL837529.1,Chr1_supercontig_000003117,1,13128,665139565,665139565
GL837530.1,Chr1_supercontig_000003118,1,2143,665141708,665141708
GL837531.1,Chr1_supercontig_000003119,1,4945,665146653,665146653
GL837532.1,Chr1_supercontig_000003120,1,1978,665148631,665148631
GL837533.1,Chr1_supercontig_000003121,1,7360,665155991,665155991
GL837534.1,Chr1_supercontig_000003122,1,1570,665157561,665157561
GL837535.1,Chr1_supercontig_000003123,1,6196,665163757,665163757
GL837536.1,Chr1_supercontig_000003124,1,14473,665178230,665178230
GL837537.1,Chr1_supercontig_000003125,1,5100,665183330,665183330
GL837538.1,Chr1_supercontig_000003126,1,2673,665186003,665186003
GL837539.1,Chr1_supercontig_000003127,1,3822,665189825,665189825
GL837540.1,Chr1_supercontig_000003128,1,3048,665192873,665192873
GL837541.1,Chr1_supercontig_000003129,1,1666,665194539,665194539
GL837542.1,Chr1_supercontig_000003130,1,4608,665199147,665199147
GL837543.1,Chr1_supercontig_000003131,1,3512,665202659,665202659
GL837544.1,Chr1_supercontig_000003132,1,1813,665204472,665204472
GL837545.1,Chr1_supercontig_000003133,1,1765,665206237,665206237
GL837546.1,Chr1_supercontig_000003134,1,2299,665208536,665208536
GL837547.1,Chr1_supercontig_000003135,1,1753,665210289,665210289
GL837548.1,Chr1_supercontig_000003136,1,3023,665213312,665213312
GL837549.1,Chr1_supercontig_000003137,1,2707,665216019,665216019
GL837550.1,Chr1_supercontig_000003138,1,2233,665218252,665218252
GL837551.1,Chr1_supercontig_000003139,1,4770,665223022,665223022
GL837552.1,Chr1_supercontig_000003140,1,2263,665225285,665225285
GL837553.1,Chr1_supercontig_000003141,1,1878,665227163,665227163
GL837554.1,Chr1_supercontig_000003142,1,1790,665228953,665228953
GL837555.1,Chr1_supercontig_000003143,1,3158,665232111,665232111
GL837556.1,Chr1_supercontig_000003144,1,1942,665234053,665234053
GL837557.1,Chr1_supercontig_000003145,1,1791,665235844,665235844
GL837558.1,Chr1_supercontig_000003146,1,2729,665238573,665238573
GL837559.1,Chr1_supercontig_000003147,1,5463,665244036,665244036
GL837560.1,Chr1_supercontig_000003148,1,2918,665246954,665246954
GL837561.1,Chr1_supercontig_000003149,1,4324,665251278,665251278
GL837562.1,Chr1_supercontig_000003150,1,6114,665257392,665257392
GL837563.1,Chr1_supercontig_000003151,1,2435,665259827,665259827
GL837564.1,Chr1_supercontig_000003152,1,3547,665263374,665263374
GL837565.1,Chr1_supercontig_000003153,1,2441,665265815,665265815
GL837566.1,Chr1_supercontig_000003154,1,2819,665268634,665268634
GL837567.1,Chr1_supercontig_000003155,1,1541,665270175,665270175
GL837568.1,Chr1_supercontig_000003156,1,2816,665272991,665272991
GL837569.1,Chr1_supercontig_000003157,1,1750,665274741,665274741
GL837570.1,Chr1_supercontig_000003158,1,1517,665276258,665276258
GL837571.1,Chr1_supercontig_000003159,1,2215,665278473,665278473
GL837572.1,Chr1_supercontig_000003160,1,2375,665280848,665280848
GL837573.1,Chr1_supercontig_000003161,1,3505,665284353,665284353
GL837574.1,Chr1_supercontig_000003162,1,1698,665286051,665286051
GL837575.1,Chr1_supercontig_000003163,1,2198,665288249,665288249
GL837576.1,Chr1_supercontig_000003164,1,2527,665290776,665290776
GL837577.1,Chr1_supercontig_000003165,1,14059,665304835,665304835
GL837578.1,Chr1_supercontig_000003166,1,1537,665306372,665306372
GL837579.1,Chr1_supercontig_000003167,1,2174,665308546,665308546
GL837580.1,Chr1_supercontig_000003168,1,1967,665310513,665310513
GL837581.1,Chr1_supercontig_000003169,1,2222,665312735,665312735
GL837582.1,Chr1_supercontig_000003170,1,8801,665321536,665321536
GL837583.1,Chr1_supercontig_000003171,1,6904,665328440,665328440
GL837584.1,Chr1_supercontig_000003172,1,1945,665330385,665330385
GL837585.1,Chr1_supercontig_000003173,1,2509,665332894,665332894
GL837586.1,Chr1_supercontig_000003174,1,2366,665335260,665335260
GL837587.1,Chr1_supercontig_000003175,1,2494,665337754,665337754
GL837588.1,Chr1_supercontig_000003176,1,2825,665340579,665340579
GL837589.1,Chr1_supercontig_000003177,1,1821,665342400,665342400
GL837590.1,Chr1_supercontig_000003178,1,5981,665348381,665348381
GL837591.1,Chr1_supercontig_000003179,1,1582,665349963,665349963
GL837592.1,Chr1_supercontig_000003180,1,1583,665351546,665351546
GL837593.1,Chr1_supercontig_000003181,1,5548,665357094,665357094
GL837594.1,Chr1_supercontig_000003182,1,4042,665361136,665361136
GL837595.1,Chr1_supercontig_000003183,1,7681,665368817,665368817
GL837596.1,Chr1_supercontig_000003184,1,2775,665371592,665371592
GL837597.1,Chr1_supercontig_000003185,1,2568,665374160,665374160
GL837598.1,Chr1_supercontig_000003186,1,2170,665376330,665376330
GL837599.1,Chr1_supercontig_000003187,1,2577,665378907,665378907
GL837600.1,Chr1_supercontig_000003188,1,1730,665380637,665380637
GL837601.1,Chr1_supercontig_000003189,1,2145,665382782,665382782
GL837602.1,Chr1_supercontig_000003190,1,2274,665385056,665385056
GL837603.1,Chr1_supercontig_000003191,1,1873,665386929,665386929
GL837604.1,Chr1_supercontig_000003192,1,2024,665388953,665388953
GL837605.1,Chr1_supercontig_000003193,1,2673,665391626,665391626
GL837606.1,Chr1_supercontig_000003194,1,3805,665395431,665395431
GL837607.1,Chr1_supercontig_000003195,1,1515,665396946,665396946
GL837608.1,Chr1_supercontig_000003196,1,2235,665399181,665399181
GL837609.1,Chr1_supercontig_000003197,1,2667,665401848,665401848
GL837610.1,Chr1_supercontig_000003198,1,2074,665403922,665403922
GL837611.1,Chr1_supercontig_000003199,1,2302,665406224,665406224
GL837612.1,Chr1_supercontig_000003200,1,1940,665408164,665408164
GL837613.1,Chr1_supercontig_000003201,1,4176,665412340,665412340
GL837614.1,Chr1_supercontig_000003202,1,2425,665414765,665414765
GL837615.1,Chr1_supercontig_000003203,1,2157,665416922,665416922
GL837616.1,Chr1_supercontig_000003204,1,3026,665419948,665419948
GL837617.1,Chr1_supercontig_000003205,1,2239,665422187,665422187
GL837618.1,Chr1_supercontig_000003206,1,1594,665423781,665423781
GL837619.1,Chr1_supercontig_000003207,1,2579,665426360,665426360
GL837620.1,Chr1_supercontig_000003208,1,2559,665428919,665428919
GL837621.1,Chr1_supercontig_000003209,1,1714,665430633,665430633
GL837622.1,Chr1_supercontig_000003210,1,1588,665432221,665432221
GL837623.1,Chr1_supercontig_000003211,1,14776,665446997,665446997
GL837624.1,Chr1_supercontig_000003212,1,1668,665448665,665448665
GL837625.1,Chr1_supercontig_000003213,1,1686,665450351,665450351
GL837626.1,Chr1_supercontig_000003214,1,2520,665452871,665452871
GL837627.1,Chr1_supercontig_000003215,1,2335,665455206,665455206
GL837628.1,Chr1_supercontig_000003216,1,9893,665465099,665465099
GL837629.1,Chr1_supercontig_000003217,1,12038,665477137,665477137
GL837630.1,Chr1_supercontig_000003218,1,21024,665498161,665498161
GL837631.1,Chr1_supercontig_000003219,1,1778,665499939,665499939
GL837632.1,Chr1_supercontig_000003220,1,4053,665503992,665503992
GL837633.1,Chr1_supercontig_000003221,1,2831,665506823,665506823
GL837634.1,Chr1_supercontig_000003222,1,2689,665509512,665509512
GL837635.1,Chr1_supercontig_000003223,1,3606,665513118,665513118
GL837636.1,Chr1_supercontig_000003224,1,2402,665515520,665515520
GL837637.1,Chr1_supercontig_000003225,1,2909,665518429,665518429
GL837638.1,Chr1_supercontig_000003226,1,1558,665519987,665519987
GL837639.1,Chr1_supercontig_000003227,1,1638,665521625,665521625
GL837640.1,Chr1_supercontig_000003228,1,3203,665524828,665524828
GL837641.1,Chr1_supercontig_000003229,1,2659,665527487,665527487
GL837642.1,Chr1_supercontig_000003230,1,1900,665529387,665529387
GL837643.1,Chr1_supercontig_000003231,1,4240,665533627,665533627
GL837644.1,Chr1_supercontig_000003232,1,2047,665535674,665535674
GL837645.1,Chr1_supercontig_000003233,1,3464,665539138,665539138
GL837646.1,Chr1_supercontig_000003234,1,10743,665549881,665549881
GL837647.1,Chr1_supercontig_000003235,1,6642,665556523,665556523
GL837648.1,Chr1_supercontig_000003236,1,4964,665561487,665561487
GL837649.1,Chr1_supercontig_000003237,1,4439,665565926,665565926
GL837650.1,Chr1_supercontig_000003238,1,3900,665569826,665569826
GL837651.1,Chr1_supercontig_000003239,1,2061,665571887,665571887
GL837652.1,Chr1_supercontig_000003240,1,2991,665574878,665574878
GL837653.1,Chr1_supercontig_000003241,1,2344,665577222,665577222
GL837654.1,Chr1_supercontig_000003242,1,1993,665579215,665579215
GL837655.1,Chr1_supercontig_000003243,1,2666,665581881,665581881
GL837656.1,Chr1_supercontig_000003244,1,6171,665588052,665588052
GL837657.1,Chr1_supercontig_000003245,1,3820,665591872,665591872
GL837658.1,Chr1_supercontig_000003246,1,1739,665593611,665593611
GL837659.1,Chr1_supercontig_000003247,1,2344,665595955,665595955
GL837660.1,Chr1_supercontig_000003248,1,4220,665600175,665600175
GL837661.1,Chr1_supercontig_000003249,1,4529,665604704,665604704
GL837662.1,Chr1_supercontig_000003250,1,2165,665606869,665606869
GL837663.1,Chr1_supercontig_000003251,1,3549,665610418,665610418
GL837664.1,Chr1_supercontig_000003252,1,4200,665614618,665614618
GL837665.1,Chr1_supercontig_000003253,1,2718,665617336,665617336
GL837666.1,Chr1_supercontig_000003254,1,7749,665625085,665625085
GL837667.1,Chr1_supercontig_000003255,1,1665,665626750,665626750
GL837668.1,Chr1_supercontig_000003256,1,1867,665628617,665628617
GL837669.1,Chr1_supercontig_000003257,1,2810,665631427,665631427
GL837670.1,Chr1_supercontig_000003258,1,2002,665633429,665633429
GL837671.1,Chr1_supercontig_000003259,1,2851,665636280,665636280
GL837672.1,Chr1_supercontig_000003260,1,2082,665638362,665638362
GL837673.1,Chr1_supercontig_000003261,1,1798,665640160,665640160
GL837674.1,Chr1_supercontig_000003262,1,2536,665642696,665642696
GL837675.1,Chr1_supercontig_000003263,1,2301,665644997,665644997
GL837676.1,Chr1_supercontig_000003264,1,9984,665654981,665654981
GL837677.1,Chr1_supercontig_000003265,1,4237,665659218,665659218
GL837678.1,Chr1_supercontig_000003266,1,2747,665661965,665661965
GL837679.1,Chr1_supercontig_000003267,1,3401,665665366,665665366
GL837680.1,Chr1_supercontig_000003268,1,5478,665670844,665670844
GL837681.1,Chr1_supercontig_000003269,1,2932,665673776,665673776
GL837682.1,Chr1_supercontig_000003270,1,6218,665679994,665679994
GL837683.1,Chr1_supercontig_000003271,1,7025,665687019,665687019
GL837684.1,Chr1_supercontig_000003272,1,2029,665689048,665689048
GL837685.1,Chr1_supercontig_000003273,1,1999,665691047,665691047
GL837686.1,Chr1_supercontig_000003274,1,3931,665694978,665694978
GL837687.1,Chr1_supercontig_000003275,1,1611,665696589,665696589
GL837688.1,Chr1_supercontig_000003276,1,17824,665714413,665714413
GL837689.1,Chr1_supercontig_000003277,1,2190,665716603,665716603
GL837690.1,Chr1_supercontig_000003278,1,3300,665719903,665719903
GL837691.1,Chr1_supercontig_000003279,1,3394,665723297,665723297
GL837692.1,Chr1_supercontig_000003280,1,4143,665727440,665727440
GL837693.1,Chr1_supercontig_000003281,1,3799,665731239,665731239
GL837694.1,Chr1_supercontig_000003282,1,1861,665733100,665733100
GL837695.1,Chr1_supercontig_000003283,1,2338,665735438,665735438
GL837696.1,Chr1_supercontig_000003284,1,3301,665738739,665738739
GL837697.1,Chr1_supercontig_000003285,1,1657,665740396,665740396
GL837698.1,Chr1_supercontig_000003286,1,1672,665742068,665742068
GL837699.1,Chr1_supercontig_000003287,1,1773,665743841,665743841
GL837700.1,Chr1_supercontig_000003288,1,10338,665754179,665754179
GL837701.1,Chr1_supercontig_000003289,1,6145,665760324,665760324
GL837702.1,Chr1_supercontig_000003290,1,3074,665763398,665763398
GL837703.1,Chr1_supercontig_000003291,1,1951,665765349,665765349
GL837704.1,Chr1_supercontig_000003292,1,1823,665767172,665767172
GL837705.1,Chr1_supercontig_000003293,1,1700,665768872,665768872
GL837706.1,Chr1_supercontig_000003294,1,1631,665770503,665770503
GL837707.1,Chr1_supercontig_000003295,1,2529,665773032,665773032
GL837708.1,Chr1_supercontig_000003296,1,16604,665789636,665789636
GL837709.1,Chr1_supercontig_000003297,1,2233,665791869,665791869
GL837710.1,Chr1_supercontig_000003298,1,4092,665795961,665795961
GL837711.1,Chr1_supercontig_000003299,1,2494,665798455,665798455
GL837712.1,Chr1_supercontig_000003300,1,1823,665800278,665800278
GL837713.1,Chr1_supercontig_000003301,1,1802,665802080,665802080
GL837714.1,Chr1_supercontig_000003302,1,3627,665805707,665805707
GL837715.1,Chr1_supercontig_000003303,1,2449,665808156,665808156
GL837716.1,Chr1_supercontig_000003304,1,4646,665812802,665812802
GL837717.1,Chr1_supercontig_000003305,1,2846,665815648,665815648
GL837718.1,Chr1_supercontig_000003306,1,1892,665817540,665817540
GL837719.1,Chr1_supercontig_000003307,1,2666,665820206,665820206
GL837720.1,Chr1_supercontig_000003308,1,4384,665824590,665824590
GL837721.1,Chr1_supercontig_000003309,1,4364,665828954,665828954
GL837722.1,Chr1_supercontig_000003310,1,1697,665830651,665830651
GL837723.1,Chr1_supercontig_000003311,1,1636,665832287,665832287
GL837724.1,Chr1_supercontig_000003312,1,2848,665835135,665835135
GL837725.1,Chr1_supercontig_000003313,1,1735,665836870,665836870
GL837726.1,Chr1_supercontig_000003314,1,1866,665838736,665838736
GL837727.1,Chr1_supercontig_000003315,1,3317,665842053,665842053
GL837728.1,Chr1_supercontig_000003316,1,3386,665845439,665845439
GL837729.1,Chr1_supercontig_000003317,1,2461,665847900,665847900
GL837730.1,Chr1_supercontig_000003318,1,1648,665849548,665849548
GL837731.1,Chr1_supercontig_000003319,1,2063,665851611,665851611
GL837732.1,Chr1_supercontig_000003320,1,6582,665858193,665858193
GL837733.1,Chr1_supercontig_000003321,1,8854,665867047,665867047
GL837734.1,Chr1_supercontig_000003322,1,2904,665869951,665869951
GL837735.1,Chr1_supercontig_000003323,1,4656,665874607,665874607
GL837736.1,Chr1_supercontig_000003324,1,4979,665879586,665879586
GL837737.1,Chr1_supercontig_000003325,1,2583,665882169,665882169
GL837738.1,Chr1_supercontig_000003326,1,5516,665887685,665887685
GL837739.1,Chr1_supercontig_000003327,1,15141,665902826,665902826
GL837740.1,Chr1_supercontig_000003328,1,2285,665905111,665905111
GL837741.1,Chr1_supercontig_000003329,1,3724,665908835,665908835
GL837742.1,Chr1_supercontig_000003330,1,5992,665914827,665914827
GL837743.1,Chr1_supercontig_000003331,1,25415,665940242,665940242
GL837744.1,Chr1_supercontig_000003332,1,1854,665942096,665942096
GL837745.1,Chr1_supercontig_000003333,1,9575,665951671,665951671
GL837746.1,Chr1_supercontig_000003334,1,12235,665963906,665963906
GL837747.1,Chr1_supercontig_000003335,1,1617,665965523,665965523
GL837748.1,Chr1_supercontig_000003336,1,2873,665968396,665968396
GL837749.1,Chr1_supercontig_000003337,1,1672,665970068,665970068
GL837750.1,Chr1_supercontig_000003338,1,1725,665971793,665971793
GL837751.1,Chr1_supercontig_000003339,1,1801,665973594,665973594
GL837752.1,Chr1_supercontig_000003340,1,2040,665975634,665975634
GL837753.1,Chr1_supercontig_000003341,1,1707,665977341,665977341
GL837754.1,Chr1_supercontig_000003342,1,2019,665979360,665979360
GL837755.1,Chr1_supercontig_000003343,1,1557,665980917,665980917
GL837756.1,Chr1_supercontig_000003344,1,2664,665983581,665983581
GL837757.1,Chr1_supercontig_000003345,1,4682,665988263,665988263
GL837758.1,Chr1_supercontig_000003346,1,10358,665998621,665998621
GL837759.1,Chr1_supercontig_000003347,1,10066,666008687,666008687
GL837760.1,Chr1_supercontig_000003348,1,26905,666035592,666035592
GL837761.1,Chr1_supercontig_000003349,1,2385,666037977,666037977
GL837762.1,Chr1_supercontig_000003350,1,10185,666048162,666048162
GL837763.1,Chr1_supercontig_000003351,1,5923,666054085,666054085
GL837764.1,Chr1_supercontig_000003352,1,1589,666055674,666055674
GL837765.1,Chr1_supercontig_000003353,1,2266,666057940,666057940
GL837766.1,Chr1_supercontig_000003354,1,2246,666060186,666060186
GL837767.1,Chr1_supercontig_000003355,1,6337,666066523,666066523
GL837768.1,Chr1_supercontig_000003356,1,1776,666068299,666068299
GL837769.1,Chr1_supercontig_000003357,1,3177,666071476,666071476
GL837770.1,Chr1_supercontig_000003358,1,2122,666073598,666073598
GL837771.1,Chr1_supercontig_000003359,1,1888,666075486,666075486
GL837772.1,Chr1_supercontig_000003360,1,3471,666078957,666078957
GL837773.1,Chr1_supercontig_000003361,1,1886,666080843,666080843
GL837774.1,Chr1_supercontig_000003362,1,1809,666082652,666082652
GL837775.1,Chr1_supercontig_000003363,1,1567,666084219,666084219
GL837776.1,Chr1_supercontig_000003364,1,3309,666087528,666087528
GL837777.1,Chr1_supercontig_000003365,1,5470,666092998,666092998
GL837778.1,Chr1_supercontig_000003366,1,2378,666095376,666095376
GL837779.1,Chr1_supercontig_000003367,1,1747,666097123,666097123
GL837780.1,Chr1_supercontig_000003368,1,2050,666099173,666099173
GL837781.1,Chr1_supercontig_000003369,1,2965,666102138,666102138
GL837782.1,Chr1_supercontig_000003370,1,1571,666103709,666103709
GL837783.1,Chr1_supercontig_000003371,1,3149,666106858,666106858
GL837784.1,Chr1_supercontig_000003372,1,2550,666109408,666109408
GL837785.1,Chr1_supercontig_000003373,1,2353,666111761,666111761
GL837786.1,Chr1_supercontig_000003374,1,2717,666114478,666114478
GL837787.1,Chr1_supercontig_000003375,1,2816,666117294,666117294
GL837788.1,Chr1_supercontig_000003376,1,1984,666119278,666119278
GL837789.1,Chr1_supercontig_000003377,1,2208,666121486,666121486
GL837790.1,Chr1_supercontig_000003378,1,2518,666124004,666124004
GL837791.1,Chr1_supercontig_000003379,1,1594,666125598,666125598
GL837792.1,Chr1_supercontig_000003380,1,1667,666127265,666127265
GL837793.1,Chr1_supercontig_000003381,1,3522,666130787,666130787
GL837794.1,Chr1_supercontig_000003382,1,3109,666133896,666133896
GL837795.1,Chr1_supercontig_000003383,1,3454,666137350,666137350
GL837796.1,Chr1_supercontig_000003384,1,1500,666138850,666138850
GL837797.1,Chr1_supercontig_000003385,1,1977,666140827,666140827
GL837798.1,Chr1_supercontig_000003386,1,2155,666142982,666142982
GL837799.1,Chr1_supercontig_000003387,1,1511,666144493,666144493
GL837800.1,Chr1_supercontig_000003388,1,2755,666147248,666147248
GL837801.1,Chr1_supercontig_000003389,1,2283,666149531,666149531
GL837802.1,Chr1_supercontig_000003390,1,2902,666152433,666152433
GL837803.1,Chr1_supercontig_000003391,1,7460,666159893,666159893
GL837804.1,Chr1_supercontig_000003392,1,6444,666166337,666166337
GL837805.1,Chr1_supercontig_000003393,1,19453,666185790,666185790
GL837806.1,Chr1_supercontig_000003394,1,2824,666188614,666188614
GL837807.1,Chr1_supercontig_000003395,1,2904,666191518,666191518
GL837808.1,Chr1_supercontig_000003396,1,6402,666197920,666197920
GL837809.1,Chr1_supercontig_000003397,1,11218,666209138,666209138
GL837810.1,Chr1_supercontig_000003398,1,10581,666219719,666219719
GL837811.1,Chr1_supercontig_000003399,1,2070,666221789,666221789
GL837812.1,Chr1_supercontig_000003400,1,1529,666223318,666223318
GL837813.1,Chr1_supercontig_000003401,1,2332,666225650,666225650
GL837814.1,Chr1_supercontig_000003402,1,1996,666227646,666227646
GL837815.1,Chr1_supercontig_000003403,1,3227,666230873,666230873
GL837816.1,Chr1_supercontig_000003404,1,2878,666233751,666233751
GL837817.1,Chr1_supercontig_000003405,1,3025,666236776,666236776
GL837818.1,Chr1_supercontig_000003406,1,1710,666238486,666238486
GL837819.1,Chr1_supercontig_000003407,1,2513,666240999,666240999
GL837820.1,Chr1_supercontig_000003408,1,3039,666244038,666244038
GL837821.1,Chr1_supercontig_000003409,1,1775,666245813,666245813
GL837822.1,Chr1_supercontig_000003410,1,1697,666247510,666247510
GL837823.1,Chr1_supercontig_000003411,1,2125,666249635,666249635
GL837824.1,Chr1_supercontig_000003412,1,1562,666251197,666251197
GL837825.1,Chr1_supercontig_000003413,1,3234,666254431,666254431
GL837826.1,Chr1_supercontig_000003414,1,5838,666260269,666260269
GL837827.1,Chr1_supercontig_000003415,1,5822,666266091,666266091
GL837828.1,Chr1_supercontig_000003416,1,2205,666268296,666268296
GL837829.1,Chr1_supercontig_000003417,1,4324,666272620,666272620
GL837830.1,Chr1_supercontig_000003418,1,21710,666294330,666294330
GL837831.1,Chr1_supercontig_000003419,1,5567,666299897,666299897
GL837832.1,Chr1_supercontig_000003420,1,1807,666301704,666301704
GL837833.1,Chr1_supercontig_000003421,1,1617,666303321,666303321
GL837834.1,Chr1_supercontig_000003422,1,1702,666305023,666305023
GL837835.1,Chr1_supercontig_000003423,1,1658,666306681,666306681
GL837836.1,Chr1_supercontig_000003424,1,1926,666308607,666308607
GL837837.1,Chr1_supercontig_000003425,1,2471,666311078,666311078
GL837838.1,Chr1_supercontig_000003426,1,2260,666313338,666313338
GL837839.1,Chr1_supercontig_000003427,1,1629,666314967,666314967
GL837840.1,Chr1_supercontig_000003428,1,2365,666317332,666317332
GL837841.1,Chr1_supercontig_000003429,1,1822,666319154,666319154
GL837842.1,Chr1_supercontig_000003430,1,2961,666322115,666322115
GL837843.1,Chr1_supercontig_000003431,1,2078,666324193,666324193
GL837844.1,Chr1_supercontig_000003432,1,2128,666326321,666326321
GL837845.1,Chr1_supercontig_000003433,1,2126,666328447,666328447
GL837846.1,Chr1_supercontig_000003434,1,3054,666331501,666331501
GL837847.1,Chr1_supercontig_000003435,1,2366,666333867,666333867
GL837848.1,Chr1_supercontig_000003436,1,4142,666338009,666338009
GL837849.1,Chr1_supercontig_000003437,1,8529,666346538,666346538
GL837850.1,Chr1_supercontig_000003438,1,3611,666350149,666350149
GL837851.1,Chr1_supercontig_000003439,1,4516,666354665,666354665
GL837852.1,Chr1_supercontig_000003440,1,1622,666356287,666356287
GL837853.1,Chr1_supercontig_000003441,1,3164,666359451,666359451
GL837854.1,Chr1_supercontig_000003442,1,1540,666360991,666360991
GL837855.1,Chr1_supercontig_000003443,1,2278,666363269,666363269
GL837856.1,Chr1_supercontig_000003444,1,2490,666365759,666365759
GL837857.1,Chr1_supercontig_000003445,1,2744,666368503,666368503
GL837858.1,Chr1_supercontig_000003446,1,3513,666372016,666372016
GL837859.1,Chr1_supercontig_000003447,1,5803,666377819,666377819
GL837860.1,Chr1_supercontig_000003448,1,2875,666380694,666380694
GL837861.1,Chr1_supercontig_000003449,1,1629,666382323,666382323
GL837862.1,Chr1_supercontig_000003450,1,1736,666384059,666384059
GL837863.1,Chr1_supercontig_000003451,1,2470,666386529,666386529
GL837864.1,Chr1_supercontig_000003452,1,3142,666389671,666389671
GL837865.1,Chr1_supercontig_000003453,1,3763,666393434,666393434
GL837866.1,Chr1_supercontig_000003454,1,2813,666396247,666396247
GL837867.1,Chr1_supercontig_000003455,1,2030,666398277,666398277
GL837868.1,Chr1_supercontig_000003456,1,2180,666400457,666400457
GL837869.1,Chr1_supercontig_000003457,1,5131,666405588,666405588
GL837870.1,Chr1_supercontig_000003458,1,3808,666409396,666409396
GL837871.1,Chr1_supercontig_000003459,1,2368,666411764,666411764
GL837872.1,Chr1_supercontig_000003460,1,3060,666414824,666414824
GL837873.1,Chr1_supercontig_000003461,1,1687,666416511,666416511
GL837874.1,Chr1_supercontig_000003462,1,4752,666421263,666421263
GL837875.1,Chr1_supercontig_000003463,1,1793,666423056,666423056
GL837876.1,Chr1_supercontig_000003464,1,1936,666424992,666424992
GL837877.1,Chr1_supercontig_000003465,1,3844,666428836,666428836
GL837878.1,Chr1_supercontig_000003466,1,1777,666430613,666430613
GL837879.1,Chr1_supercontig_000003467,1,1842,666432455,666432455
GL837880.1,Chr1_supercontig_000003468,1,2265,666434720,666434720
GL837881.1,Chr1_supercontig_000003469,1,4030,666438750,666438750
GL837882.1,Chr1_supercontig_000003470,1,1642,666440392,666440392
GL837883.1,Chr1_supercontig_000003471,1,2946,666443338,666443338
GL837884.1,Chr1_supercontig_000003472,1,2435,666445773,666445773
GL837885.1,Chr1_supercontig_000003473,1,2368,666448141,666448141
GL837886.1,Chr1_supercontig_000003474,1,1658,666449799,666449799
GL837887.1,Chr1_supercontig_000003475,1,10393,666460192,666460192
GL837888.1,Chr1_supercontig_000003476,1,2880,666463072,666463072
GL837889.1,Chr1_supercontig_000003477,1,2177,666465249,666465249
GL837890.1,Chr1_supercontig_000003478,1,1973,666467222,666467222
GL837891.1,Chr1_supercontig_000003479,1,2382,666469604,666469604
GL837892.1,Chr1_supercontig_000003480,1,2002,666471606,666471606
GL837893.1,Chr1_supercontig_000003481,1,1709,666473315,666473315
GL837894.1,Chr1_supercontig_000003482,1,2351,666475666,666475666
GL837895.1,Chr1_supercontig_000003483,1,1618,666477284,666477284
GL837896.1,Chr1_supercontig_000003484,1,21241,666498525,666498525
GL837897.1,Chr1_supercontig_000003485,1,2701,666501226,666501226
GL837898.1,Chr1_supercontig_000003486,1,2567,666503793,666503793
GL837899.1,Chr1_supercontig_000003487,1,2318,666506111,666506111
GL837900.1,Chr1_supercontig_000003488,1,1893,666508004,666508004
GL837901.1,Chr1_supercontig_000003489,1,1698,666509702,666509702
GL837902.1,Chr1_supercontig_000003490,1,4036,666513738,666513738
GL837903.1,Chr1_supercontig_000003491,1,3991,666517729,666517729
GL837904.1,Chr1_supercontig_000003492,1,19469,666537198,666537198
GL837905.1,Chr1_supercontig_000003493,1,5719,666542917,666542917
GL837906.1,Chr1_supercontig_000003494,1,2306,666545223,666545223
GL837907.1,Chr1_supercontig_000003495,1,2215,666547438,666547438
GL837908.1,Chr1_supercontig_000003496,1,4446,666551884,666551884
GL837909.1,Chr1_supercontig_000003497,1,24038,666575922,666575922
GL837910.1,Chr1_supercontig_000003498,1,2554,666578476,666578476
GL837911.1,Chr1_supercontig_000003499,1,2209,666580685,666580685
GL837912.1,Chr1_supercontig_000003500,1,4335,666585020,666585020
GL837913.1,Chr1_supercontig_000003501,1,8579,666593599,666593599
GL837914.1,Chr1_supercontig_000003502,1,4655,666598254,666598254
GL837915.1,Chr1_supercontig_000003503,1,2649,666600903,666600903
GL837916.1,Chr1_supercontig_000003504,1,19155,666620058,666620058
GL837917.1,Chr1_supercontig_000003505,1,2795,666622853,666622853
GL837918.1,Chr1_supercontig_000003506,1,4643,666627496,666627496
GL837919.1,Chr1_supercontig_000003507,1,3847,666631343,666631343
GL837920.1,Chr1_supercontig_000003508,1,1650,666632993,666632993
GL837921.1,Chr1_supercontig_000003509,1,3380,666636373,666636373
GL837922.1,Chr1_supercontig_000003510,1,4208,666640581,666640581
GL837923.1,Chr1_supercontig_000003511,1,3949,666644530,666644530
GL837924.1,Chr1_supercontig_000003512,1,5052,666649582,666649582
GL837925.1,Chr1_supercontig_000003513,1,1769,666651351,666651351
GL837926.1,Chr1_supercontig_000003514,1,4697,666656048,666656048
GL837927.1,Chr1_supercontig_000003515,1,5417,666661465,666661465
GL837928.1,Chr1_supercontig_000003516,1,4282,666665747,666665747
GL837929.1,Chr1_supercontig_000003517,1,5354,666671101,666671101
GL837930.1,Chr1_supercontig_000003518,1,2583,666673684,666673684
GL837931.1,Chr1_supercontig_000003519,1,13387,666687071,666687071
GL837932.1,Chr1_supercontig_000003520,1,5570,666692641,666692641
GL837933.1,Chr1_supercontig_000003521,1,1632,666694273,666694273
GL837934.1,Chr1_supercontig_000003522,1,7665,666701938,666701938
GL837935.1,Chr1_supercontig_000003523,1,2056,666703994,666703994
GL837936.1,Chr1_supercontig_000003524,1,10837,666714831,666714831
GL837937.1,Chr1_supercontig_000003525,1,1670,666716501,666716501
GL837938.1,Chr1_supercontig_000003526,1,2138,666718639,666718639
GL837939.1,Chr1_supercontig_000003527,1,4084,666722723,666722723
GL837940.1,Chr1_supercontig_000003528,1,4840,666727563,666727563
GL837941.1,Chr1_supercontig_000003529,1,1671,666729234,666729234
GL837942.1,Chr1_supercontig_000003530,1,2596,666731830,666731830
GL837943.1,Chr1_supercontig_000003531,1,2623,666734453,666734453
GL837944.1,Chr1_supercontig_000003532,1,2148,666736601,666736601
GL837945.1,Chr1_supercontig_000003533,1,1872,666738473,666738473
GL837946.1,Chr1_supercontig_000003534,1,1561,666740034,666740034
GL837947.1,Chr1_supercontig_000003535,1,2771,666742805,666742805
GL837948.1,Chr1_supercontig_000003536,1,1944,666744749,666744749
GL837949.1,Chr1_supercontig_000003537,1,2196,666746945,666746945
GL837950.1,Chr1_supercontig_000003538,1,2042,666748987,666748987
GL837951.1,Chr1_supercontig_000003539,1,2677,666751664,666751664
GL837952.1,Chr1_supercontig_000003540,1,1726,666753390,666753390
GL837953.1,Chr1_supercontig_000003541,1,2911,666756301,666756301
GL837954.1,Chr1_supercontig_000003542,1,6253,666762554,666762554
GL837955.1,Chr1_supercontig_000003543,1,2044,666764598,666764598
GL837956.1,Chr1_supercontig_000003544,1,2302,666766900,666766900
GL837957.1,Chr1_supercontig_000003545,1,2411,666769311,666769311
GL837958.1,Chr1_supercontig_000003546,1,7527,666776838,666776838
GL837959.1,Chr1_supercontig_000003547,1,3546,666780384,666780384
GL837960.1,Chr1_supercontig_000003548,1,1607,666781991,666781991
GL837961.1,Chr1_supercontig_000003549,1,1633,666783624,666783624
GL837962.1,Chr1_supercontig_000003550,1,2391,666786015,666786015
GL837963.1,Chr1_supercontig_000003551,1,1780,666787795,666787795
GL837964.1,Chr1_supercontig_000003552,1,3172,666790967,666790967
GL837965.1,Chr1_supercontig_000003553,1,1759,666792726,666792726
GL837966.1,Chr1_supercontig_000003554,1,1806,666794532,666794532
GL837967.1,Chr1_supercontig_000003555,1,4768,666799300,666799300
GL837968.1,Chr1_supercontig_000003556,1,2102,666801402,666801402
GL837969.1,Chr1_supercontig_000003557,1,2421,666803823,666803823
GL837970.1,Chr1_supercontig_000003558,1,3947,666807770,666807770
GL837971.1,Chr1_supercontig_000003559,1,1857,666809627,666809627
GL837972.1,Chr1_supercontig_000003560,1,2712,666812339,666812339
GL837973.1,Chr1_supercontig_000003561,1,1506,666813845,666813845
GL837974.1,Chr1_supercontig_000003562,1,3397,666817242,666817242
GL837975.1,Chr1_supercontig_000003563,1,2365,666819607,666819607
GL837976.1,Chr1_supercontig_000003564,1,8413,666828020,666828020
GL837977.1,Chr1_supercontig_000003565,1,1569,666829589,666829589
GL837978.1,Chr1_supercontig_000003566,1,2642,666832231,666832231
GL837979.1,Chr1_supercontig_000003567,1,1801,666834032,666834032
GL837980.1,Chr1_supercontig_000003568,1,3876,666837908,666837908
GL837981.1,Chr1_supercontig_000003569,1,1577,666839485,666839485
GL837982.1,Chr1_supercontig_000003570,1,1942,666841427,666841427
GL837983.1,Chr1_supercontig_000003571,1,7592,666849019,666849019
GL837984.1,Chr1_supercontig_000003572,1,13152,666862171,666862171
GL837985.1,Chr1_supercontig_000003573,1,2559,666864730,666864730
GL837986.1,Chr1_supercontig_000003574,1,1986,666866716,666866716
GL837987.1,Chr1_supercontig_000003575,1,1893,666868609,666868609
GL837988.1,Chr1_supercontig_000003576,1,1908,666870517,666870517
GL837989.1,Chr1_supercontig_000003577,1,5092,666875609,666875609
GL837990.1,Chr1_supercontig_000003578,1,5025,666880634,666880634
GL837991.1,Chr1_supercontig_000003579,1,2062,666882696,666882696
GL837992.1,Chr1_supercontig_000003580,1,15523,666898219,666898219
GL837993.1,Chr1_supercontig_000003581,1,3223,666901442,666901442
GL837994.1,Chr1_supercontig_000003582,1,8480,666909922,666909922
GL837995.1,Chr1_supercontig_000003583,1,5186,666915108,666915108
GL837996.1,Chr1_supercontig_000003584,1,14142,666929250,666929250
GL837997.1,Chr1_supercontig_000003585,1,1964,666931214,666931214
GL837998.1,Chr1_supercontig_000003586,1,2325,666933539,666933539
GL837999.1,Chr1_supercontig_000003587,1,3514,666937053,666937053
GL838000.1,Chr1_supercontig_000003588,1,3544,666940597,666940597
GL838001.1,Chr1_supercontig_000003589,1,5790,666946387,666946387
GL838002.1,Chr1_supercontig_000003590,1,2165,666948552,666948552
GL838003.1,Chr1_supercontig_000003591,1,2164,666950716,666950716
GL838004.1,Chr1_supercontig_000003592,1,4366,666955082,666955082
GL838005.1,Chr1_supercontig_000003593,1,2140,666957222,666957222
GL838006.1,Chr1_supercontig_000003594,1,1928,666959150,666959150
GL838007.1,Chr1_supercontig_000003595,1,1850,666961000,666961000
GL838008.1,Chr1_supercontig_000003596,1,1651,666962651,666962651
GL838009.1,Chr1_supercontig_000003597,1,5988,666968639,666968639
GL838010.1,Chr1_supercontig_000003598,1,3853,666972492,666972492
GL838011.1,Chr1_supercontig_000003599,1,2881,666975373,666975373
GL838012.1,Chr1_supercontig_000003600,1,2387,666977760,666977760
GL838013.1,Chr1_supercontig_000003601,1,3767,666981527,666981527
GL838014.1,Chr1_supercontig_000003602,1,6752,666988279,666988279
GL838015.1,Chr1_supercontig_000003603,1,1767,666990046,666990046
GL838016.1,Chr1_supercontig_000003604,1,3071,666993117,666993117
GL838017.1,Chr1_supercontig_000003605,1,1708,666994825,666994825
GL838018.1,Chr1_supercontig_000003606,1,2896,666997721,666997721
GL838019.1,Chr1_supercontig_000003607,1,5326,667003047,667003047
GL838020.1,Chr1_supercontig_000003608,1,1615,667004662,667004662
GL838021.1,Chr1_supercontig_000003609,1,1556,667006218,667006218
GL838022.1,Chr1_supercontig_000003610,1,3281,667009499,667009499
GL838023.1,Chr1_supercontig_000003611,1,4208,667013707,667013707
GL838024.1,Chr1_supercontig_000003612,1,3804,667017511,667017511
GL838025.1,Chr1_supercontig_000003613,1,4069,667021580,667021580
GL838026.1,Chr1_supercontig_000003614,1,2063,667023643,667023643
GL838027.1,Chr1_supercontig_000003615,1,1900,667025543,667025543
GL838028.1,Chr1_supercontig_000003616,1,5427,667030970,667030970
GL838029.1,Chr1_supercontig_000003617,1,5365,667036335,667036335
GL838030.1,Chr1_supercontig_000003618,1,2500,667038835,667038835
GL838031.1,Chr1_supercontig_000003619,1,4021,667042856,667042856
GL838032.1,Chr1_supercontig_000003620,1,6365,667049221,667049221
GL838033.1,Chr1_supercontig_000003621,1,3594,667052815,667052815
GL838034.1,Chr1_supercontig_000003622,1,7046,667059861,667059861
GL838035.1,Chr1_supercontig_000003623,1,7082,667066943,667066943
GL838036.1,Chr1_supercontig_000003624,1,2773,667069716,667069716
GL838037.1,Chr1_supercontig_000003625,1,2717,667072433,667072433
GL838038.1,Chr1_supercontig_000003626,1,1891,667074324,667074324
GL838039.1,Chr1_supercontig_000003627,1,3804,667078128,667078128
GL838040.1,Chr1_supercontig_000003628,1,1557,667079685,667079685
GL838041.1,Chr1_supercontig_000003629,1,4139,667083824,667083824
GL838042.1,Chr1_supercontig_000003630,1,2692,667086516,667086516
GL838043.1,Chr1_supercontig_000003631,1,1649,667088165,667088165
GL838044.1,Chr1_supercontig_000003632,1,1792,667089957,667089957
GL838045.1,Chr1_supercontig_000003633,1,2650,667092607,667092607
GL838046.1,Chr1_supercontig_000003634,1,2522,667095129,667095129
GL838047.1,Chr1_supercontig_000003635,1,2012,667097141,667097141
GL838048.1,Chr1_supercontig_000003636,1,2672,667099813,667099813
GL838049.1,Chr1_supercontig_000003637,1,3503,667103316,667103316
GL838050.1,Chr1_supercontig_000003638,1,3775,667107091,667107091
GL838051.1,Chr1_supercontig_000003639,1,2148,667109239,667109239
GL838052.1,Chr1_supercontig_000003640,1,1763,667111002,667111002
GL838053.1,Chr1_supercontig_000003641,1,3177,667114179,667114179
GL838054.1,Chr1_supercontig_000003642,1,1917,667116096,667116096
GL838055.1,Chr1_supercontig_000003643,1,4587,667120683,667120683
GL838056.1,Chr1_supercontig_000003644,1,3707,667124390,667124390
GL838057.1,Chr1_supercontig_000003645,1,2939,667127329,667127329
GL838058.1,Chr1_supercontig_000003646,1,1849,667129178,667129178
GL838059.1,Chr1_supercontig_000003647,1,1739,667130917,667130917
GL838060.1,Chr1_supercontig_000003648,1,3272,667134189,667134189
GL838061.1,Chr1_supercontig_000003649,1,2909,667137098,667137098
GL838062.1,Chr1_supercontig_000003650,1,1636,667138734,667138734
GL838063.1,Chr1_supercontig_000003651,1,1768,667140502,667140502
GL838064.1,Chr1_supercontig_000003652,1,2450,667142952,667142952
GL838065.1,Chr1_supercontig_000003653,1,1652,667144604,667144604
GL838066.1,Chr1_supercontig_000003654,1,4730,667149334,667149334
GL838067.1,Chr1_supercontig_000003655,1,4895,667154229,667154229
GL838068.1,Chr1_supercontig_000003656,1,2207,667156436,667156436
GL838069.1,Chr1_supercontig_000003657,1,2170,667158606,667158606
GL838070.1,Chr1_supercontig_000003658,1,2211,667160817,667160817
GL838071.1,Chr1_supercontig_000003659,1,2792,667163609,667163609
GL838072.1,Chr1_supercontig_000003660,1,3705,667167314,667167314
GL838073.1,Chr1_supercontig_000003661,1,2700,667170014,667170014
GL838074.1,Chr1_supercontig_000003662,1,4018,667174032,667174032
GL838075.1,Chr1_supercontig_000003663,1,2228,667176260,667176260
GL838076.1,Chr1_supercontig_000003664,1,3839,667180099,667180099
GL838077.1,Chr1_supercontig_000003665,1,2933,667183032,667183032
GL838078.1,Chr1_supercontig_000003666,1,2345,667185377,667185377
GL838079.1,Chr1_supercontig_000003667,1,1698,667187075,667187075
GL838080.1,Chr1_supercontig_000003668,1,2853,667189928,667189928
GL838081.1,Chr1_supercontig_000003669,1,4895,667194823,667194823
GL838082.1,Chr1_supercontig_000003670,1,1700,667196523,667196523
GL838083.1,Chr1_supercontig_000003671,1,4163,667200686,667200686
GL838084.1,Chr1_supercontig_000003672,1,4634,667205320,667205320
GL838085.1,Chr1_supercontig_000003673,1,1665,667206985,667206985
GL838086.1,Chr1_supercontig_000003674,1,1707,667208692,667208692
GL838087.1,Chr1_supercontig_000003675,1,1697,667210389,667210389
GL838088.1,Chr1_supercontig_000003676,1,5341,667215730,667215730
GL838089.1,Chr1_supercontig_000003677,1,2169,667217899,667217899
GL838090.1,Chr1_supercontig_000003678,1,6664,667224563,667224563
GL838091.1,Chr1_supercontig_000003679,1,1575,667226138,667226138
GL838092.1,Chr1_supercontig_000003680,1,2224,667228362,667228362
GL838093.1,Chr1_supercontig_000003681,1,4560,667232922,667232922
GL838094.1,Chr1_supercontig_000003682,1,2581,667235503,667235503
GL838095.1,Chr1_supercontig_000003683,1,2487,667237990,667237990
GL838096.1,Chr1_supercontig_000003684,1,1588,667239578,667239578
GL838097.1,Chr1_supercontig_000003685,1,5603,667245181,667245181
GL838098.1,Chr1_supercontig_000003686,1,3367,667248548,667248548
GL838099.1,Chr1_supercontig_000003687,1,3248,667251796,667251796
GL838100.1,Chr1_supercontig_000003688,1,3371,667255167,667255167
GL838101.1,Chr1_supercontig_000003689,1,2789,667257956,667257956
GL838102.1,Chr1_supercontig_000003690,1,5875,667263831,667263831
GL838103.1,Chr1_supercontig_000003691,1,1732,667265563,667265563
GL838104.1,Chr1_supercontig_000003692,1,1580,667267143,667267143
GL838105.1,Chr1_supercontig_000003693,1,5013,667272156,667272156
GL838106.1,Chr1_supercontig_000003694,1,4992,667277148,667277148
GL838107.1,Chr1_supercontig_000003695,1,1738,667278886,667278886
GL838108.1,Chr1_supercontig_000003696,1,5169,667284055,667284055
GL838109.1,Chr1_supercontig_000003697,1,3125,667287180,667287180
GL838110.1,Chr1_supercontig_000003698,1,2068,667289248,667289248
GL838111.1,Chr1_supercontig_000003699,1,3670,667292918,667292918
GL838112.1,Chr1_supercontig_000003700,1,2664,667295582,667295582
GL838113.1,Chr1_supercontig_000003701,1,1517,667297099,667297099
GL838114.1,Chr1_supercontig_000003702,1,2420,667299519,667299519
GL838115.1,Chr1_supercontig_000003703,1,1976,667301495,667301495
GL838116.1,Chr1_supercontig_000003704,1,1738,667303233,667303233
GL838117.1,Chr1_supercontig_000003705,1,1694,667304927,667304927
GL838118.1,Chr1_supercontig_000003706,1,2003,667306930,667306930
GL838119.1,Chr1_supercontig_000003707,1,1826,667308756,667308756
GL838120.1,Chr1_supercontig_000003708,1,3976,667312732,667312732
GL838121.1,Chr1_supercontig_000003709,1,1691,667314423,667314423
GL838122.1,Chr1_supercontig_000003710,1,2014,667316437,667316437
GL838123.1,Chr1_supercontig_000003711,1,2306,667318743,667318743
GL838124.1,Chr1_supercontig_000003712,1,2419,667321162,667321162
GL838125.1,Chr1_supercontig_000003713,1,2499,667323661,667323661
GL838126.1,Chr1_supercontig_000003714,1,4693,667328354,667328354
GL838127.1,Chr1_supercontig_000003715,1,2704,667331058,667331058
GL838128.1,Chr1_supercontig_000003716,1,3085,667334143,667334143
GL838129.1,Chr1_supercontig_000003717,1,3643,667337786,667337786
GL838130.1,Chr1_supercontig_000003718,1,4895,667342681,667342681
GL838131.1,Chr1_supercontig_000003719,1,28502,667371183,667371183
GL838132.1,Chr1_supercontig_000003720,1,11084,667382267,667382267
GL838133.1,Chr1_supercontig_000003721,1,1709,667383976,667383976
GL838134.1,Chr1_supercontig_000003722,1,1614,667385590,667385590
GL838135.1,Chr1_supercontig_000003723,1,2868,667388458,667388458
GL838136.1,Chr1_supercontig_000003724,1,21673,667410131,667410131
GL838137.1,Chr1_supercontig_000003725,1,1628,667411759,667411759
GL838138.1,Chr1_supercontig_000003726,1,1660,667413419,667413419
GL838139.1,Chr1_supercontig_000003727,1,5152,667418571,667418571
GL838140.1,Chr1_supercontig_000003728,1,9238,667427809,667427809
GL838141.1,Chr1_supercontig_000003729,1,1701,667429510,667429510
GL838142.1,Chr1_supercontig_000003730,1,1800,667431310,667431310
GL838143.1,Chr1_supercontig_000003731,1,1949,667433259,667433259
GL838144.1,Chr1_supercontig_000003732,1,1948,667435207,667435207
GL838145.1,Chr1_supercontig_000003733,1,3594,667438801,667438801
GL838146.1,Chr1_supercontig_000003734,1,1915,667440716,667440716
GL838147.1,Chr1_supercontig_000003735,1,1863,667442579,667442579
GL838148.1,Chr1_supercontig_000003736,1,3167,667445746,667445746
GL838149.1,Chr1_supercontig_000003737,1,2798,667448544,667448544
GL838150.1,Chr1_supercontig_000003738,1,2686,667451230,667451230
GL838151.1,Chr1_supercontig_000003739,1,2683,667453913,667453913
GL838152.1,Chr1_supercontig_000003740,1,2384,667456297,667456297
GL838153.1,Chr1_supercontig_000003741,1,1556,667457853,667457853
GL838154.1,Chr1_supercontig_000003742,1,1880,667459733,667459733
GL838155.1,Chr1_supercontig_000003743,1,7602,667467335,667467335
GL838156.1,Chr1_supercontig_000003744,1,2594,667469929,667469929
GL838157.1,Chr1_supercontig_000003745,1,2206,667472135,667472135
GL838158.1,Chr1_supercontig_000003746,1,3287,667475422,667475422
GL838159.1,Chr1_supercontig_000003747,1,4063,667479485,667479485
GL838160.1,Chr1_supercontig_000003748,1,2672,667482157,667482157
GL838161.1,Chr1_supercontig_000003749,1,1633,667483790,667483790
GL838162.1,Chr1_supercontig_000003750,1,2954,667486744,667486744
GL838163.1,Chr1_supercontig_000003751,1,2410,667489154,667489154
GL838164.1,Chr1_supercontig_000003752,1,2993,667492147,667492147
GL838165.1,Chr1_supercontig_000003753,1,2005,667494152,667494152
GL838166.1,Chr1_supercontig_000003754,1,2798,667496950,667496950
GL838167.1,Chr1_supercontig_000003755,1,1818,667498768,667498768
GL838168.1,Chr1_supercontig_000003756,1,1633,667500401,667500401
GL838169.1,Chr1_supercontig_000003757,1,1696,667502097,667502097
GL838170.1,Chr1_supercontig_000003758,1,3191,667505288,667505288
GL838171.1,Chr1_supercontig_000003759,1,1867,667507155,667507155
GL838172.1,Chr1_supercontig_000003760,1,1901,667509056,667509056
GL838173.1,Chr1_supercontig_000003761,1,3098,667512154,667512154
GL838174.1,Chr1_supercontig_000003762,1,2512,667514666,667514666
GL838175.1,Chr1_supercontig_000003763,1,2600,667517266,667517266
GL838176.1,Chr1_supercontig_000003764,1,11206,667528472,667528472
GL838177.1,Chr1_supercontig_000003765,1,8217,667536689,667536689
GL838178.1,Chr1_supercontig_000003766,1,2915,667539604,667539604
GL838179.1,Chr1_supercontig_000003767,1,9910,667549514,667549514
GL838180.1,Chr1_supercontig_000003768,1,5584,667555098,667555098
GL838181.1,Chr1_supercontig_000003769,1,13393,667568491,667568491
GL838182.1,Chr1_supercontig_000003770,1,8346,667576837,667576837
GL838183.1,Chr1_supercontig_000003771,1,18229,667595066,667595066
GL838184.1,Chr1_supercontig_000003772,1,25467,667620533,667620533
GL838185.1,Chr1_supercontig_000003773,1,1770,667622303,667622303
GL838186.1,Chr1_supercontig_000003774,1,1551,667623854,667623854
GL838187.1,Chr1_supercontig_000003775,1,1629,667625483,667625483
GL838188.1,Chr1_supercontig_000003776,1,3448,667628931,667628931
GL838189.1,Chr1_supercontig_000003777,1,5253,667634184,667634184
GL838190.1,Chr1_supercontig_000003778,1,11474,667645658,667645658
GL838191.1,Chr1_supercontig_000003779,1,1687,667647345,667647345
GL838192.1,Chr1_supercontig_000003780,1,5706,667653051,667653051
GL838193.1,Chr1_supercontig_000003781,1,4327,667657378,667657378
GL838194.1,Chr1_supercontig_000003782,1,2672,667660050,667660050
GL838195.1,Chr1_supercontig_000003783,1,1683,667661733,667661733
GL838196.1,Chr1_supercontig_000003784,1,2201,667663934,667663934
GL838197.1,Chr1_supercontig_000003785,1,2495,667666429,667666429
GL838198.1,Chr1_supercontig_000003786,1,3700,667670129,667670129
GL838199.1,Chr1_supercontig_000003787,1,2563,667672692,667672692
GL838200.1,Chr1_supercontig_000003788,1,2177,667674869,667674869
GL838201.1,Chr1_supercontig_000003789,1,2843,667677712,667677712
GL838202.1,Chr1_supercontig_000003790,1,5693,667683405,667683405
GL838203.1,Chr1_supercontig_000003791,1,4369,667687774,667687774
GL838204.1,Chr1_supercontig_000003792,1,3974,667691748,667691748
GL838205.1,Chr1_supercontig_000003793,1,2688,667694436,667694436
GL838206.1,Chr1_supercontig_000003794,1,1900,667696336,667696336
GL838207.1,Chr1_supercontig_000003795,1,18354,667714690,667714690
GL838208.1,Chr1_supercontig_000003796,1,6426,667721116,667721116
GL838209.1,Chr1_supercontig_000003797,1,3652,667724768,667724768
GL838210.1,Chr1_supercontig_000003798,1,1887,667726655,667726655
GL838211.1,Chr1_supercontig_000003799,1,2017,667728672,667728672
GL838212.1,Chr1_supercontig_000003800,1,1610,667730282,667730282
GL838213.1,Chr1_supercontig_000003801,1,3583,667733865,667733865
GL838214.1,Chr1_supercontig_000003802,1,1819,667735684,667735684
GL838215.1,Chr1_supercontig_000003803,1,1575,667737259,667737259
GL838216.1,Chr1_supercontig_000003804,1,1504,667738763,667738763
GL838217.1,Chr1_supercontig_000003805,1,4461,667743224,667743224
GL838218.1,Chr1_supercontig_000003806,1,2583,667745807,667745807
GL838219.1,Chr1_supercontig_000003807,1,2300,667748107,667748107
GL838220.1,Chr1_supercontig_000003808,1,1783,667749890,667749890
GL838221.1,Chr1_supercontig_000003809,1,3335,667753225,667753225
GL838222.1,Chr1_supercontig_000003810,1,1884,667755109,667755109
GL838223.1,Chr1_supercontig_000003811,1,1723,667756832,667756832
GL838224.1,Chr1_supercontig_000003812,1,2409,667759241,667759241
GL838225.1,Chr1_supercontig_000003813,1,1886,667761127,667761127
GL838226.1,Chr1_supercontig_000003814,1,3663,667764790,667764790
GL838227.1,Chr1_supercontig_000003815,1,2341,667767131,667767131
GL838228.1,Chr1_supercontig_000003816,1,1652,667768783,667768783
GL838229.1,Chr1_supercontig_000003817,1,1648,667770431,667770431
GL838230.1,Chr1_supercontig_000003818,1,2551,667772982,667772982
GL838231.1,Chr1_supercontig_000003819,1,2909,667775891,667775891
GL838232.1,Chr1_supercontig_000003820,1,2696,667778587,667778587
GL838233.1,Chr1_supercontig_000003821,1,1817,667780404,667780404
GL838234.1,Chr1_supercontig_000003822,1,2008,667782412,667782412
GL838235.1,Chr1_supercontig_000003823,1,2583,667784995,667784995
GL838236.1,Chr1_supercontig_000003824,1,1563,667786558,667786558
GL838237.1,Chr1_supercontig_000003825,1,4559,667791117,667791117
GL838238.1,Chr1_supercontig_000003826,1,1665,667792782,667792782
GL838239.1,Chr1_supercontig_000003827,1,4348,667797130,667797130
GL838240.1,Chr1_supercontig_000003828,1,3113,667800243,667800243
GL838241.1,Chr1_supercontig_000003829,1,2245,667802488,667802488
GL838242.1,Chr1_supercontig_000003830,1,3855,667806343,667806343
GL838243.1,Chr1_supercontig_000003831,1,4504,667810847,667810847
GL838244.1,Chr1_supercontig_000003832,1,2049,667812896,667812896
GL838245.1,Chr1_supercontig_000003833,1,3509,667816405,667816405
GL838246.1,Chr1_supercontig_000003834,1,5627,667822032,667822032
GL838247.1,Chr1_supercontig_000003835,1,1652,667823684,667823684
GL838248.1,Chr1_supercontig_000003836,1,3779,667827463,667827463
GL838249.1,Chr1_supercontig_000003837,1,1995,667829458,667829458
GL838250.1,Chr1_supercontig_000003838,1,3462,667832920,667832920
GL838251.1,Chr1_supercontig_000003839,1,1635,667834555,667834555
GL838252.1,Chr1_supercontig_000003840,1,1579,667836134,667836134
GL838253.1,Chr1_supercontig_000003841,1,9735,667845869,667845869
GL838254.1,Chr1_supercontig_000003842,1,2577,667848446,667848446
GL838255.1,Chr1_supercontig_000003843,1,5876,667854322,667854322
GL838256.1,Chr1_supercontig_000003844,1,1508,667855830,667855830
GL838257.1,Chr1_supercontig_000003845,1,2307,667858137,667858137
GL838258.1,Chr1_supercontig_000003846,1,3111,667861248,667861248
GL838259.1,Chr1_supercontig_000003847,1,3240,667864488,667864488
GL838260.1,Chr1_supercontig_000003848,1,2816,667867304,667867304
GL838261.1,Chr1_supercontig_000003849,1,1779,667869083,667869083
GL838262.1,Chr1_supercontig_000003850,1,2039,667871122,667871122
GL838263.1,Chr1_supercontig_000003851,1,1940,667873062,667873062
GL838264.1,Chr1_supercontig_000003852,1,2097,667875159,667875159
GL838265.1,Chr1_supercontig_000003853,1,4285,667879444,667879444
GL838266.1,Chr1_supercontig_000003854,1,2354,667881798,667881798
GL838267.1,Chr1_supercontig_000003855,1,3127,667884925,667884925
GL838268.1,Chr1_supercontig_000003856,1,9911,667894836,667894836
GL838269.1,Chr1_supercontig_000003857,1,5451,667900287,667900287
GL838270.1,Chr1_supercontig_000003858,1,2226,667902513,667902513
GL838271.1,Chr1_supercontig_000003859,1,5342,667907855,667907855
GL838272.1,Chr1_supercontig_000003860,1,4062,667911917,667911917
GL838273.1,Chr1_supercontig_000003861,1,4710,667916627,667916627
GL838274.1,Chr1_supercontig_000003862,1,6244,667922871,667922871
GL838275.1,Chr1_supercontig_000003863,1,7906,667930777,667930777
GL838276.1,Chr1_supercontig_000003864,1,49674,667980451,667980451
GL838277.1,Chr1_supercontig_000003865,1,2645,667983096,667983096
GL838278.1,Chr1_supercontig_000003866,1,2347,667985443,667985443
GL838279.1,Chr1_supercontig_000003867,1,1670,667987113,667987113
GL838280.1,Chr1_supercontig_000003868,1,2876,667989989,667989989
GL838281.1,Chr1_supercontig_000003869,1,4873,667994862,667994862
GL838282.1,Chr1_supercontig_000003870,1,6124,668000986,668000986
GL838283.1,Chr1_supercontig_000003871,1,2746,668003732,668003732
GL838284.1,Chr1_supercontig_000003872,1,3337,668007069,668007069
GL838285.1,Chr1_supercontig_000003873,1,2346,668009415,668009415
GL838286.1,Chr1_supercontig_000003874,1,1689,668011104,668011104
GL838287.1,Chr1_supercontig_000003875,1,6001,668017105,668017105
GL838288.1,Chr1_supercontig_000003876,1,1902,668019007,668019007
GL838289.1,Chr1_supercontig_000003877,1,9338,668028345,668028345
GL838290.1,Chr1_supercontig_000003878,1,2726,668031071,668031071
GL838291.1,Chr1_supercontig_000003879,1,6075,668037146,668037146
GL838292.1,Chr1_supercontig_000003880,1,1641,668038787,668038787
GL838293.1,Chr1_supercontig_000003881,1,4878,668043665,668043665
GL838294.1,Chr1_supercontig_000003882,1,1707,668045372,668045372
GL838295.1,Chr1_supercontig_000003883,1,1805,668047177,668047177
GL838296.1,Chr1_supercontig_000003884,1,1845,668049022,668049022
GL838297.1,Chr1_supercontig_000003885,1,2653,668051675,668051675
GL838298.1,Chr1_supercontig_000003886,1,2203,668053878,668053878
GL838299.1,Chr1_supercontig_000003887,1,4502,668058380,668058380
GL838300.1,Chr1_supercontig_000003888,1,1749,668060129,668060129
GL838301.1,Chr1_supercontig_000003889,1,1633,668061762,668061762
GL838302.1,Chr1_supercontig_000003890,1,2271,668064033,668064033
GL838303.1,Chr1_supercontig_000003891,1,7537,668071570,668071570
GL838304.1,Chr1_supercontig_000003892,1,9004,668080574,668080574
GL838305.1,Chr1_supercontig_000003893,1,1864,668082438,668082438
GL838306.1,Chr1_supercontig_000003894,1,2572,668085010,668085010
GL838307.1,Chr1_supercontig_000003895,1,8763,668093773,668093773
GL838308.1,Chr1_supercontig_000003896,1,2114,668095887,668095887
GL838309.1,Chr1_supercontig_000003897,1,1809,668097696,668097696
GL838310.1,Chr1_supercontig_000003898,1,3182,668100878,668100878
GL838311.1,Chr1_supercontig_000003899,1,2939,668103817,668103817
GL838312.1,Chr1_supercontig_000003900,1,3007,668106824,668106824
GL838313.1,Chr1_supercontig_000003901,1,3436,668110260,668110260
GL838314.1,Chr1_supercontig_000003902,1,7763,668118023,668118023
GL838315.1,Chr1_supercontig_000003903,1,2507,668120530,668120530
GL838316.1,Chr1_supercontig_000003904,1,2213,668122743,668122743
GL838317.1,Chr1_supercontig_000003905,1,1582,668124325,668124325
GL838318.1,Chr1_supercontig_000003906,1,13148,668137473,668137473
GL838319.1,Chr1_supercontig_000003907,1,11330,668148803,668148803
GL838320.1,Chr1_supercontig_000003908,1,5097,668153900,668153900
GL838321.1,Chr1_supercontig_000003909,1,2777,668156677,668156677
GL838322.1,Chr1_supercontig_000003910,1,2683,668159360,668159360
GL838323.1,Chr1_supercontig_000003911,1,12796,668172156,668172156
GL838324.1,Chr1_supercontig_000003912,1,6084,668178240,668178240
GL838325.1,Chr1_supercontig_000003913,1,18812,668197052,668197052
GL838326.1,Chr1_supercontig_000003914,1,6115,668203167,668203167
GL838327.1,Chr1_supercontig_000003915,1,9999,668213166,668213166
GL838328.1,Chr1_supercontig_000003916,1,3122,668216288,668216288
GL838329.1,Chr1_supercontig_000003917,1,13472,668229760,668229760
GL838330.1,Chr1_supercontig_000003918,1,1538,668231298,668231298
GL838331.1,Chr1_supercontig_000003919,1,3068,668234366,668234366
GL838332.1,Chr1_supercontig_000003920,1,2449,668236815,668236815
GL838333.1,Chr1_supercontig_000003921,1,1500,668238315,668238315
GL838334.1,Chr1_supercontig_000003922,1,1761,668240076,668240076
GL838335.1,Chr1_supercontig_000003923,1,1503,668241579,668241579
GL838336.1,Chr1_supercontig_000003924,1,4880,668246459,668246459
GL838337.1,Chr1_supercontig_000003925,1,2217,668248676,668248676
GL838338.1,Chr1_supercontig_000003926,1,2256,668250932,668250932
GL838339.1,Chr1_supercontig_000003927,1,1530,668252462,668252462
GL838340.1,Chr1_supercontig_000003928,1,4158,668256620,668256620
GL838341.1,Chr1_supercontig_000003929,1,1825,668258445,668258445
GL838342.1,Chr1_supercontig_000003930,1,1720,668260165,668260165
GL838343.1,Chr1_supercontig_000003931,1,2102,668262267,668262267
GL838344.1,Chr1_supercontig_000003932,1,2864,668265131,668265131
GL838345.1,Chr1_supercontig_000003933,1,2259,668267390,668267390
GL838346.1,Chr1_supercontig_000003934,1,1614,668269004,668269004
GL838347.1,Chr1_supercontig_000003935,1,1578,668270582,668270582
GL838348.1,Chr1_supercontig_000003936,1,1851,668272433,668272433
GL838349.1,Chr1_supercontig_000003937,1,3152,668275585,668275585
GL838350.1,Chr1_supercontig_000003938,1,2217,668277802,668277802
GL838351.1,Chr1_supercontig_000003939,1,3254,668281056,668281056
GL838352.1,Chr1_supercontig_000003940,1,4055,668285111,668285111
GL838353.1,Chr1_supercontig_000003941,1,3229,668288340,668288340
GL838354.1,Chr1_supercontig_000003942,1,1976,668290316,668290316
GL838355.1,Chr1_supercontig_000003943,1,3031,668293347,668293347
GL838356.1,Chr1_supercontig_000003944,1,3414,668296761,668296761
GL838357.1,Chr1_supercontig_000003945,1,4732,668301493,668301493
GL838358.1,Chr1_supercontig_000003946,1,1618,668303111,668303111
GL838359.1,Chr1_supercontig_000003947,1,2230,668305341,668305341
GL838360.1,Chr1_supercontig_000003948,1,2841,668308182,668308182
GL838361.1,Chr1_supercontig_000003949,1,5351,668313533,668313533
GL838362.1,Chr1_supercontig_000003950,1,2395,668315928,668315928
GL838363.1,Chr1_supercontig_000003951,1,2184,668318112,668318112
GL838364.1,Chr1_supercontig_000003952,1,1640,668319752,668319752
GL838365.1,Chr1_supercontig_000003953,1,2422,668322174,668322174
GL838366.1,Chr1_supercontig_000003954,1,1609,668323783,668323783
GL838367.1,Chr1_supercontig_000003955,1,2050,668325833,668325833
GL838368.1,Chr1_supercontig_000003956,1,1600,668327433,668327433
GL838369.1,Chr1_supercontig_000003957,1,2571,668330004,668330004
GL838370.1,Chr1_supercontig_000003958,1,2316,668332320,668332320
GL838371.1,Chr1_supercontig_000003959,1,1697,668334017,668334017
GL838372.1,Chr1_supercontig_000003960,1,2857,668336874,668336874
GL838373.1,Chr1_supercontig_000003961,1,3257,668340131,668340131
GL838374.1,Chr1_supercontig_000003962,1,3400,668343531,668343531
GL838375.1,Chr1_supercontig_000003963,1,1668,668345199,668345199
GL838376.1,Chr1_supercontig_000003964,1,5880,668351079,668351079
GL838377.1,Chr1_supercontig_000003965,1,2485,668353564,668353564
GL838378.1,Chr1_supercontig_000003966,1,8480,668362044,668362044
GL838379.1,Chr1_supercontig_000003967,1,3020,668365064,668365064
GL838380.1,Chr1_supercontig_000003968,1,2257,668367321,668367321
GL838381.1,Chr1_supercontig_000003969,1,1750,668369071,668369071
GL838382.1,Chr1_supercontig_000003970,1,5196,668374267,668374267
GL838383.1,Chr1_supercontig_000003971,1,17549,668391816,668391816
GL838384.1,Chr1_supercontig_000003972,1,1640,668393456,668393456
GL838385.1,Chr1_supercontig_000003973,1,1993,668395449,668395449
GL838386.1,Chr1_supercontig_000003974,1,2668,668398117,668398117
GL838387.1,Chr1_supercontig_000003975,1,3324,668401441,668401441
GL838388.1,Chr1_supercontig_000003976,1,4439,668405880,668405880
GL838389.1,Chr1_supercontig_000003977,1,1589,668407469,668407469
GL838390.1,Chr1_supercontig_000003978,1,1911,668409380,668409380
GL838391.1,Chr1_supercontig_000003979,1,3377,668412757,668412757
GL838392.1,Chr1_supercontig_000003980,1,1577,668414334,668414334
GL838393.1,Chr1_supercontig_000003981,1,2276,668416610,668416610
GL838394.1,Chr1_supercontig_000003982,1,3757,668420367,668420367
GL838395.1,Chr1_supercontig_000003983,1,2282,668422649,668422649
GL838396.1,Chr1_supercontig_000003984,1,2510,668425159,668425159
GL838397.1,Chr1_supercontig_000003985,1,3515,668428674,668428674
GL838398.1,Chr1_supercontig_000003986,1,2592,668431266,668431266
GL838399.1,Chr1_supercontig_000003987,1,2091,668433357,668433357
GL838400.1,Chr1_supercontig_000003988,1,1720,668435077,668435077
GL838401.1,Chr1_supercontig_000003989,1,1884,668436961,668436961
GL838402.1,Chr1_supercontig_000003990,1,2935,668439896,668439896
GL838403.1,Chr1_supercontig_000003991,1,1527,668441423,668441423
GL838404.1,Chr1_supercontig_000003992,1,6305,668447728,668447728
GL838405.1,Chr1_supercontig_000003993,1,3416,668451144,668451144
GL838406.1,Chr1_supercontig_000003994,1,3473,668454617,668454617
GL838407.1,Chr1_supercontig_000003995,1,6993,668461610,668461610
GL838408.1,Chr1_supercontig_000003996,1,1757,668463367,668463367
GL838409.1,Chr1_supercontig_000003997,1,2526,668465893,668465893
GL838410.1,Chr1_supercontig_000003998,1,1734,668467627,668467627
GL838411.1,Chr1_supercontig_000003999,1,2338,668469965,668469965
GL838412.1,Chr1_supercontig_000004000,1,1860,668471825,668471825
GL838413.1,Chr1_supercontig_000004001,1,1724,668473549,668473549
GL838414.1,Chr1_supercontig_000004002,1,3711,668477260,668477260
GL838415.1,Chr1_supercontig_000004003,1,2680,668479940,668479940
GL838416.1,Chr1_supercontig_000004004,1,1911,668481851,668481851
GL838417.1,Chr1_supercontig_000004005,1,2855,668484706,668484706
GL838418.1,Chr1_supercontig_000004006,1,8540,668493246,668493246
GL838419.1,Chr1_supercontig_000004007,1,6078,668499324,668499324
GL838420.1,Chr1_supercontig_000004008,1,1837,668501161,668501161
GL838421.1,Chr1_supercontig_000004009,1,2147,668503308,668503308
GL838422.1,Chr1_supercontig_000004010,1,2763,668506071,668506071
GL838423.1,Chr1_supercontig_000004011,1,2393,668508464,668508464
GL838424.1,Chr1_supercontig_000004012,1,5087,668513551,668513551
GL838425.1,Chr1_supercontig_000004013,1,1728,668515279,668515279
GL838426.1,Chr1_supercontig_000004014,1,2833,668518112,668518112
GL838427.1,Chr1_supercontig_000004015,1,1613,668519725,668519725
GL838428.1,Chr1_supercontig_000004016,1,5573,668525298,668525298
GL838429.1,Chr1_supercontig_000004017,1,2024,668527322,668527322
GL838430.1,Chr1_supercontig_000004018,1,1602,668528924,668528924
GL838431.1,Chr1_supercontig_000004019,1,1661,668530585,668530585
GL838432.1,Chr1_supercontig_000004020,1,2019,668532604,668532604
GL838433.1,Chr1_supercontig_000004021,1,1597,668534201,668534201
GL838434.1,Chr1_supercontig_000004022,1,1505,668535706,668535706
GL838435.1,Chr1_supercontig_000004023,1,3467,668539173,668539173
GL838436.1,Chr1_supercontig_000004024,1,2387,668541560,668541560
GL838437.1,Chr1_supercontig_000004025,1,2930,668544490,668544490
GL838438.1,Chr1_supercontig_000004026,1,4424,668548914,668548914
GL838439.1,Chr1_supercontig_000004027,1,3041,668551955,668551955
GL838440.1,Chr1_supercontig_000004028,1,1879,668553834,668553834
GL838441.1,Chr1_supercontig_000004029,1,3342,668557176,668557176
GL838442.1,Chr1_supercontig_000004030,1,2121,668559297,668559297
GL838443.1,Chr1_supercontig_000004031,1,3494,668562791,668562791
GL838444.1,Chr1_supercontig_000004032,1,1517,668564308,668564308
GL838445.1,Chr1_supercontig_000004033,1,2045,668566353,668566353
GL838446.1,Chr1_supercontig_000004034,1,1750,668568103,668568103
GL838447.1,Chr1_supercontig_000004035,1,1763,668569866,668569866
GL838448.1,Chr1_supercontig_000004036,1,2211,668572077,668572077
GL838449.1,Chr1_supercontig_000004037,1,2487,668574564,668574564
GL838450.1,Chr1_supercontig_000004038,1,3208,668577772,668577772
GL838451.1,Chr1_supercontig_000004039,1,1652,668579424,668579424
GL838452.1,Chr1_supercontig_000004040,1,1854,668581278,668581278
GL838453.1,Chr1_supercontig_000004041,1,1604,668582882,668582882
GL838454.1,Chr1_supercontig_000004042,1,1512,668584394,668584394
GL838455.1,Chr1_supercontig_000004043,1,3056,668587450,668587450
GL838456.1,Chr1_supercontig_000004044,1,2490,668589940,668589940
GL838457.1,Chr1_supercontig_000004045,1,1925,668591865,668591865
GL838458.1,Chr1_supercontig_000004046,1,2380,668594245,668594245
GL838459.1,Chr1_supercontig_000004047,1,2836,668597081,668597081
GL838460.1,Chr1_supercontig_000004048,1,1822,668598903,668598903
GL838461.1,Chr1_supercontig_000004049,1,3169,668602072,668602072
GL838462.1,Chr1_supercontig_000004050,1,2502,668604574,668604574
GL838463.1,Chr1_supercontig_000004051,1,1721,668606295,668606295
GL838464.1,Chr1_supercontig_000004052,1,2446,668608741,668608741
GL838465.1,Chr1_supercontig_000004053,1,1619,668610360,668610360
GL838466.1,Chr1_supercontig_000004054,1,5985,668616345,668616345
GL838467.1,Chr1_supercontig_000004055,1,5162,668621507,668621507
GL838468.1,Chr1_supercontig_000004056,1,4616,668626123,668626123
GL838469.1,Chr1_supercontig_000004057,1,1790,668627913,668627913
GL838470.1,Chr1_supercontig_000004058,1,10194,668638107,668638107
GL838471.1,Chr1_supercontig_000004059,1,1644,668639751,668639751
GL838472.1,Chr1_supercontig_000004060,1,1973,668641724,668641724
GL838473.1,Chr1_supercontig_000004061,1,2018,668643742,668643742
GL838474.1,Chr1_supercontig_000004062,1,2179,668645921,668645921
GL838475.1,Chr1_supercontig_000004063,1,2083,668648004,668648004
GL838476.1,Chr1_supercontig_000004064,1,2810,668650814,668650814
GL838477.1,Chr1_supercontig_000004065,1,13966,668664780,668664780
GL838478.1,Chr1_supercontig_000004066,1,2962,668667742,668667742
GL838479.1,Chr1_supercontig_000004067,1,4385,668672127,668672127
GL838480.1,Chr1_supercontig_000004068,1,3374,668675501,668675501
GL838481.1,Chr1_supercontig_000004069,1,3101,668678602,668678602
GL838482.1,Chr1_supercontig_000004070,1,4757,668683359,668683359
GL838483.1,Chr1_supercontig_000004071,1,3546,668686905,668686905
GL838484.1,Chr1_supercontig_000004072,1,1771,668688676,668688676
GL838485.1,Chr1_supercontig_000004073,1,1714,668690390,668690390
GL838486.1,Chr1_supercontig_000004074,1,1959,668692349,668692349
GL838487.1,Chr1_supercontig_000004075,1,4325,668696674,668696674
GL838488.1,Chr1_supercontig_000004076,1,4638,668701312,668701312
GL838489.1,Chr1_supercontig_000004077,1,5255,668706567,668706567
GL838490.1,Chr1_supercontig_000004078,1,1947,668708514,668708514
GL838491.1,Chr1_supercontig_000004079,1,1764,668710278,668710278
GL838492.1,Chr1_supercontig_000004080,1,1602,668711880,668711880
GL838493.1,Chr1_supercontig_000004081,1,2057,668713937,668713937
GL838494.1,Chr1_supercontig_000004082,1,4749,668718686,668718686
GL838495.1,Chr1_supercontig_000004083,1,1702,668720388,668720388
GL838496.1,Chr1_supercontig_000004084,1,1545,668721933,668721933
GL838497.1,Chr1_supercontig_000004085,1,2045,668723978,668723978
GL838498.1,Chr1_supercontig_000004086,1,2581,668726559,668726559
GL838499.1,Chr1_supercontig_000004087,1,1740,668728299,668728299
GL838500.1,Chr1_supercontig_000004088,1,1718,668730017,668730017
GL838501.1,Chr1_supercontig_000004089,1,1725,668731742,668731742
GL838502.1,Chr1_supercontig_000004090,1,2411,668734153,668734153
GL838503.1,Chr1_supercontig_000004091,1,1768,668735921,668735921
GL838504.1,Chr1_supercontig_000004092,1,1503,668737424,668737424
GL838505.1,Chr1_supercontig_000004093,1,4536,668741960,668741960
GL838506.1,Chr1_supercontig_000004094,1,3180,668745140,668745140
GL838507.1,Chr1_supercontig_000004095,1,2273,668747413,668747413
GL838508.1,Chr1_supercontig_000004096,1,2192,668749605,668749605
GL838509.1,Chr1_supercontig_000004097,1,18586,668768191,668768191
GL838510.1,Chr1_supercontig_000004098,1,3066,668771257,668771257
GL838511.1,Chr1_supercontig_000004099,1,2236,668773493,668773493
GL838512.1,Chr1_supercontig_000004100,1,1755,668775248,668775248
GL838513.1,Chr1_supercontig_000004101,1,1796,668777044,668777044
GL838514.1,Chr1_supercontig_000004102,1,6854,668783898,668783898
GL838515.1,Chr1_supercontig_000004103,1,46003,668829901,668829901
GL838516.1,Chr1_supercontig_000004104,1,2490,668832391,668832391
GL838517.1,Chr1_supercontig_000004105,1,1603,668833994,668833994
GL838518.1,Chr1_supercontig_000004106,1,2211,668836205,668836205
GL838519.1,Chr1_supercontig_000004107,1,1712,668837917,668837917
GL838520.1,Chr1_supercontig_000004108,1,1708,668839625,668839625
GL838521.1,Chr1_supercontig_000004109,1,8963,668848588,668848588
GL838522.1,Chr1_supercontig_000004110,1,5148,668853736,668853736
GL838523.1,Chr1_supercontig_000004111,1,1614,668855350,668855350
GL838524.1,Chr1_supercontig_000004112,1,2214,668857564,668857564
GL838525.1,Chr1_supercontig_000004113,1,13421,668870985,668870985
GL838526.1,Chr1_supercontig_000004114,1,15225,668886210,668886210
GL838527.1,Chr1_supercontig_000004115,1,13148,668899358,668899358
GL838528.1,Chr1_supercontig_000004116,1,1571,668900929,668900929
GL838529.1,Chr1_supercontig_000004117,1,4159,668905088,668905088
GL838530.1,Chr1_supercontig_000004118,1,1823,668906911,668906911
GL838531.1,Chr1_supercontig_000004119,1,2354,668909265,668909265
GL838532.1,Chr1_supercontig_000004120,1,3188,668912453,668912453
GL838533.1,Chr1_supercontig_000004121,1,5593,668918046,668918046
GL838534.1,Chr1_supercontig_000004122,1,1866,668919912,668919912
GL838535.1,Chr1_supercontig_000004123,1,1725,668921637,668921637
GL838536.1,Chr1_supercontig_000004124,1,8739,668930376,668930376
GL838537.1,Chr1_supercontig_000004125,1,1777,668932153,668932153
GL838538.1,Chr1_supercontig_000004126,1,1553,668933706,668933706
GL838539.1,Chr1_supercontig_000004127,1,2979,668936685,668936685
GL838540.1,Chr1_supercontig_000004128,1,1603,668938288,668938288
GL838541.1,Chr1_supercontig_000004129,1,1991,668940279,668940279
GL838542.1,Chr1_supercontig_000004130,1,1875,668942154,668942154
GL838543.1,Chr1_supercontig_000004131,1,3764,668945918,668945918
GL838544.1,Chr1_supercontig_000004132,1,1757,668947675,668947675
GL838545.1,Chr1_supercontig_000004133,1,1896,668949571,668949571
GL838546.1,Chr1_supercontig_000004134,1,6020,668955591,668955591
GL838547.1,Chr1_supercontig_000004135,1,8323,668963914,668963914
GL838548.1,Chr1_supercontig_000004136,1,2500,668966414,668966414
GL838549.1,Chr1_supercontig_000004137,1,4482,668970896,668970896
GL838550.1,Chr1_supercontig_000004138,1,1829,668972725,668972725
GL838551.1,Chr1_supercontig_000004139,1,2237,668974962,668974962
GL838552.1,Chr1_supercontig_000004140,1,1551,668976513,668976513
GL838553.1,Chr1_supercontig_000004141,1,3312,668979825,668979825
GL838554.1,Chr1_supercontig_000004142,1,4005,668983830,668983830
GL838555.1,Chr1_supercontig_000004143,1,2013,668985843,668985843
GL838556.1,Chr1_supercontig_000004144,1,2665,668988508,668988508
GL838557.1,Chr1_supercontig_000004145,1,1510,668990018,668990018
GL838558.1,Chr1_supercontig_000004146,1,7047,668997065,668997065
GL838559.1,Chr1_supercontig_000004147,1,1646,668998711,668998711
GL838560.1,Chr1_supercontig_000004148,1,6856,669005567,669005567
GL838561.1,Chr1_supercontig_000004149,1,3454,669009021,669009021
GL838562.1,Chr1_supercontig_000004150,1,2150,669011171,669011171
GL838563.1,Chr1_supercontig_000004151,1,2508,669013679,669013679
GL838564.1,Chr1_supercontig_000004152,1,2070,669015749,669015749
GL838565.1,Chr1_supercontig_000004153,1,2149,669017898,669017898
GL838566.1,Chr1_supercontig_000004154,1,2197,669020095,669020095
GL838567.1,Chr1_supercontig_000004155,1,5062,669025157,669025157
GL838568.1,Chr1_supercontig_000004156,1,2283,669027440,669027440
GL838569.1,Chr1_supercontig_000004157,1,1903,669029343,669029343
GL838570.1,Chr1_supercontig_000004158,1,3447,669032790,669032790
GL838571.1,Chr1_supercontig_000004159,1,4588,669037378,669037378
GL838572.1,Chr1_supercontig_000004160,1,2849,669040227,669040227
GL838573.1,Chr1_supercontig_000004161,1,2937,669043164,669043164
GL838574.1,Chr1_supercontig_000004162,1,1692,669044856,669044856
GL838575.1,Chr1_supercontig_000004163,1,2961,669047817,669047817
GL838576.1,Chr1_supercontig_000004164,1,4939,669052756,669052756
GL838577.1,Chr1_supercontig_000004165,1,1841,669054597,669054597
GL838578.1,Chr1_supercontig_000004166,1,3003,669057600,669057600
GL838579.1,Chr1_supercontig_000004167,1,1772,669059372,669059372
GL838580.1,Chr1_supercontig_000004168,1,1772,669061144,669061144
GL838581.1,Chr1_supercontig_000004169,1,4073,669065217,669065217
GL838582.1,Chr1_supercontig_000004170,1,2017,669067234,669067234
GL838583.1,Chr1_supercontig_000004171,1,2116,669069350,669069350
GL838584.1,Chr1_supercontig_000004172,1,1868,669071218,669071218
GL838585.1,Chr1_supercontig_000004173,1,2301,669073519,669073519
GL838586.1,Chr1_supercontig_000004174,1,2483,669076002,669076002
GL838587.1,Chr1_supercontig_000004175,1,4530,669080532,669080532
GL838588.1,Chr1_supercontig_000004176,1,1684,669082216,669082216
GL838589.1,Chr1_supercontig_000004177,1,2342,669084558,669084558
GL838590.1,Chr1_supercontig_000004178,1,1717,669086275,669086275
GL838591.1,Chr1_supercontig_000004179,1,4444,669090719,669090719
GL838592.1,Chr1_supercontig_000004180,1,1711,669092430,669092430
GL838593.1,Chr1_supercontig_000004181,1,3218,669095648,669095648
GL838594.1,Chr1_supercontig_000004182,1,4212,669099860,669099860
GL838595.1,Chr1_supercontig_000004183,1,4814,669104674,669104674
GL838596.1,Chr1_supercontig_000004184,1,2378,669107052,669107052
GL838597.1,Chr1_supercontig_000004185,1,3627,669110679,669110679
GL838598.1,Chr1_supercontig_000004186,1,3077,669113756,669113756
GL838599.1,Chr1_supercontig_000004187,1,3476,669117232,669117232
GL838600.1,Chr1_supercontig_000004188,1,2816,669120048,669120048
GL838601.1,Chr1_supercontig_000004189,1,10604,669130652,669130652
GL838602.1,Chr1_supercontig_000004190,1,2183,669132835,669132835
GL838603.1,Chr1_supercontig_000004191,1,2694,669135529,669135529
GL838604.1,Chr1_supercontig_000004192,1,2261,669137790,669137790
GL838605.1,Chr1_supercontig_000004193,1,2406,669140196,669140196
GL838606.1,Chr1_supercontig_000004194,1,4044,669144240,669144240
GL838607.1,Chr1_supercontig_000004195,1,6237,669150477,669150477
GL838608.1,Chr1_supercontig_000004196,1,11280,669161757,669161757
GL838609.1,Chr1_supercontig_000004197,1,11097,669172854,669172854
GL838610.1,Chr1_supercontig_000004198,1,8799,669181653,669181653
GL838611.1,Chr1_supercontig_000004199,1,2436,669184089,669184089
GL838612.1,Chr1_supercontig_000004200,1,1843,669185932,669185932
GL838613.1,Chr1_supercontig_000004201,1,2290,669188222,669188222
GL838614.1,Chr1_supercontig_000004202,1,9915,669198137,669198137
GL838615.1,Chr1_supercontig_000004203,1,3671,669201808,669201808
GL838616.1,Chr1_supercontig_000004204,1,3389,669205197,669205197
GL838617.1,Chr1_supercontig_000004205,1,3020,669208217,669208217
GL838618.1,Chr1_supercontig_000004206,1,14980,669223197,669223197
GL838619.1,Chr1_supercontig_000004207,1,1681,669224878,669224878
GL838620.1,Chr1_supercontig_000004208,1,1674,669226552,669226552
GL838621.1,Chr1_supercontig_000004209,1,2762,669229314,669229314
GL838622.1,Chr1_supercontig_000004210,1,2225,669231539,669231539
GL838623.1,Chr1_supercontig_000004211,1,2308,669233847,669233847
GL838624.1,Chr1_supercontig_000004212,1,1753,669235600,669235600
GL838625.1,Chr1_supercontig_000004213,1,1733,669237333,669237333
GL838626.1,Chr1_supercontig_000004214,1,6429,669243762,669243762
GL838627.1,Chr1_supercontig_000004215,1,2674,669246436,669246436
GL838628.1,Chr1_supercontig_000004216,1,1564,669248000,669248000
GL838629.1,Chr1_supercontig_000004217,1,3433,669251433,669251433
GL838630.1,Chr1_supercontig_000004218,1,3647,669255080,669255080
GL838631.1,Chr1_supercontig_000004219,1,2033,669257113,669257113
GL838632.1,Chr1_supercontig_000004220,1,1784,669258897,669258897
GL838633.1,Chr1_supercontig_000004221,1,6612,669265509,669265509
GL838634.1,Chr1_supercontig_000004222,1,2637,669268146,669268146
GL838635.1,Chr1_supercontig_000004223,1,5171,669273317,669273317
GL838636.1,Chr1_supercontig_000004224,1,2165,669275482,669275482
GL838637.1,Chr1_supercontig_000004225,1,2728,669278210,669278210
GL838638.1,Chr1_supercontig_000004226,1,2605,669280815,669280815
GL838639.1,Chr1_supercontig_000004227,1,2100,669282915,669282915
GL838640.1,Chr1_supercontig_000004228,1,2183,669285098,669285098
GL838641.1,Chr1_supercontig_000004229,1,2210,669287308,669287308
GL838642.1,Chr1_supercontig_000004230,1,4147,669291455,669291455
GL838643.1,Chr1_supercontig_000004231,1,3686,669295141,669295141
GL838644.1,Chr1_supercontig_000004232,1,3158,669298299,669298299
GL838645.1,Chr1_supercontig_000004233,1,1793,669300092,669300092
GL838646.1,Chr1_supercontig_000004234,1,2065,669302157,669302157
GL838647.1,Chr1_supercontig_000004235,1,3076,669305233,669305233
GL838648.1,Chr1_supercontig_000004236,1,3266,669308499,669308499
GL838649.1,Chr1_supercontig_000004237,1,2438,669310937,669310937
GL838650.1,Chr1_supercontig_000004238,1,3576,669314513,669314513
GL838651.1,Chr1_supercontig_000004239,1,1655,669316168,669316168
GL838652.1,Chr1_supercontig_000004240,1,2184,669318352,669318352
GL838653.1,Chr1_supercontig_000004241,1,1500,669319852,669319852
GL838654.1,Chr1_supercontig_000004242,1,1623,669321475,669321475
GL838655.1,Chr1_supercontig_000004243,1,2276,669323751,669323751
GL838656.1,Chr1_supercontig_000004244,1,1566,669325317,669325317
GL838657.1,Chr1_supercontig_000004245,1,2922,669328239,669328239
GL838658.1,Chr1_supercontig_000004246,1,2069,669330308,669330308
GL838659.1,Chr1_supercontig_000004247,1,2362,669332670,669332670
GL838660.1,Chr1_supercontig_000004248,1,2694,669335364,669335364
GL838661.1,Chr1_supercontig_000004249,1,4757,669340121,669340121
GL838662.1,Chr1_supercontig_000004250,1,2179,669342300,669342300
GL838663.1,Chr1_supercontig_000004251,1,11347,669353647,669353647
GL838664.1,Chr1_supercontig_000004252,1,2096,669355743,669355743
GL838665.1,Chr1_supercontig_000004253,1,1577,669357320,669357320
GL838666.1,Chr1_supercontig_000004254,1,3796,669361116,669361116
GL838667.1,Chr1_supercontig_000004255,1,30195,669391311,669391311
GL838668.1,Chr1_supercontig_000004256,1,6790,669398101,669398101
GL838669.1,Chr1_supercontig_000004257,1,1812,669399913,669399913
GL838670.1,Chr1_supercontig_000004258,1,1520,669401433,669401433
GL838671.1,Chr1_supercontig_000004259,1,2263,669403696,669403696
GL838672.1,Chr1_supercontig_000004260,1,2445,669406141,669406141
GL838673.1,Chr1_supercontig_000004261,1,2773,669408914,669408914
GL838674.1,Chr1_supercontig_000004262,1,1987,669410901,669410901
GL838675.1,Chr1_supercontig_000004263,1,2265,669413166,669413166
GL838676.1,Chr1_supercontig_000004264,1,3333,669416499,669416499
GL838677.1,Chr1_supercontig_000004265,1,2936,669419435,669419435
GL838678.1,Chr1_supercontig_000004266,1,3838,669423273,669423273
GL838679.1,Chr1_supercontig_000004267,1,5276,669428549,669428549
GL838680.1,Chr1_supercontig_000004268,1,1863,669430412,669430412
GL838681.1,Chr1_supercontig_000004269,1,2973,669433385,669433385
GL838682.1,Chr1_supercontig_000004270,1,2668,669436053,669436053
GL838683.1,Chr1_supercontig_000004271,1,4451,669440504,669440504
GL838684.1,Chr1_supercontig_000004272,1,3348,669443852,669443852
GL838685.1,Chr1_supercontig_000004273,1,2330,669446182,669446182
GL838686.1,Chr1_supercontig_000004274,1,2225,669448407,669448407
GL838687.1,Chr1_supercontig_000004275,1,6695,669455102,669455102
GL838688.1,Chr1_supercontig_000004276,1,2728,669457830,669457830
GL838689.1,Chr1_supercontig_000004277,1,6634,669464464,669464464
GL838690.1,Chr1_supercontig_000004278,1,2434,669466898,669466898
GL838691.1,Chr1_supercontig_000004279,1,2146,669469044,669469044
GL838692.1,Chr1_supercontig_000004280,1,1756,669470800,669470800
GL838693.1,Chr1_supercontig_000004281,1,1574,669472374,669472374
GL838694.1,Chr1_supercontig_000004282,1,3050,669475424,669475424
GL838695.1,Chr1_supercontig_000004283,1,2075,669477499,669477499
GL838696.1,Chr1_supercontig_000004284,1,8605,669486104,669486104
GL838697.1,Chr1_supercontig_000004285,1,4102,669490206,669490206
GL838698.1,Chr1_supercontig_000004286,1,2565,669492771,669492771
GL838699.1,Chr1_supercontig_000004287,1,3770,669496541,669496541
GL838700.1,Chr1_supercontig_000004288,1,3434,669499975,669499975
GL838701.1,Chr1_supercontig_000004289,1,1730,669501705,669501705
GL838702.1,Chr1_supercontig_000004290,1,1768,669503473,669503473
GL838703.1,Chr1_supercontig_000004291,1,1611,669505084,669505084
GL838704.1,Chr1_supercontig_000004292,1,24401,669529485,669529485
GL838705.1,Chr1_supercontig_000004293,1,1815,669531300,669531300
GL838706.1,Chr1_supercontig_000004294,1,1933,669533233,669533233
GL838707.1,Chr1_supercontig_000004295,1,6392,669539625,669539625
GL838708.1,Chr1_supercontig_000004296,1,1563,669541188,669541188
GL838709.1,Chr1_supercontig_000004297,1,1834,669543022,669543022
GL838710.1,Chr1_supercontig_000004298,1,3655,669546677,669546677
GL838711.1,Chr1_supercontig_000004299,1,2018,669548695,669548695
GL838712.1,Chr1_supercontig_000004300,1,2162,669550857,669550857
GL838713.1,Chr1_supercontig_000004301,1,2668,669553525,669553525
GL838714.1,Chr1_supercontig_000004302,1,5277,669558802,669558802
GL838715.1,Chr1_supercontig_000004303,1,1593,669560395,669560395
GL838716.1,Chr1_supercontig_000004304,1,2648,669563043,669563043
GL838717.1,Chr1_supercontig_000004305,1,2714,669565757,669565757
GL838718.1,Chr1_supercontig_000004306,1,1697,669567454,669567454
GL838719.1,Chr1_supercontig_000004307,1,2053,669569507,669569507
GL838720.1,Chr1_supercontig_000004308,1,3523,669573030,669573030
GL838721.1,Chr1_supercontig_000004309,1,1510,669574540,669574540
GL838722.1,Chr1_supercontig_000004310,1,2384,669576924,669576924
GL838723.1,Chr1_supercontig_000004311,1,4433,669581357,669581357
GL838724.1,Chr1_supercontig_000004312,1,1624,669582981,669582981
GL838725.1,Chr1_supercontig_000004313,1,4475,669587456,669587456
GL838726.1,Chr1_supercontig_000004314,1,1734,669589190,669589190
GL838727.1,Chr1_supercontig_000004315,1,9547,669598737,669598737
GL838728.1,Chr1_supercontig_000004316,1,6239,669604976,669604976
GL838729.1,Chr1_supercontig_000004317,1,3787,669608763,669608763
GL838730.1,Chr1_supercontig_000004318,1,2561,669611324,669611324
GL838731.1,Chr1_supercontig_000004319,1,2070,669613394,669613394
GL838732.1,Chr1_supercontig_000004320,1,3314,669616708,669616708
GL838733.1,Chr1_supercontig_000004321,1,3799,669620507,669620507
GL838734.1,Chr1_supercontig_000004322,1,2557,669623064,669623064
GL838735.1,Chr1_supercontig_000004323,1,1917,669624981,669624981
GL838736.1,Chr1_supercontig_000004324,1,3470,669628451,669628451
GL838737.1,Chr1_supercontig_000004325,1,1940,669630391,669630391
GL838738.1,Chr1_supercontig_000004326,1,1720,669632111,669632111
GL838739.1,Chr1_supercontig_000004327,1,3584,669635695,669635695
GL838740.1,Chr1_supercontig_000004328,1,2573,669638268,669638268
GL838741.1,Chr1_supercontig_000004329,1,1840,669640108,669640108
GL838742.1,Chr1_supercontig_000004330,1,2012,669642120,669642120
GL838743.1,Chr1_supercontig_000004331,1,1641,669643761,669643761
GL838744.1,Chr1_supercontig_000004332,1,2751,669646512,669646512
GL838745.1,Chr1_supercontig_000004333,1,3316,669649828,669649828
GL838746.1,Chr1_supercontig_000004334,1,2773,669652601,669652601
GL838747.1,Chr1_supercontig_000004335,1,3957,669656558,669656558
GL838748.1,Chr1_supercontig_000004336,1,2677,669659235,669659235
GL838749.1,Chr1_supercontig_000004337,1,3502,669662737,669662737
GL838750.1,Chr1_supercontig_000004338,1,2128,669664865,669664865
GL838751.1,Chr1_supercontig_000004339,1,1583,669666448,669666448
GL838752.1,Chr1_supercontig_000004340,1,1678,669668126,669668126
GL838753.1,Chr1_supercontig_000004341,1,1604,669669730,669669730
GL838754.1,Chr1_supercontig_000004342,1,1709,669671439,669671439
GL838755.1,Chr1_supercontig_000004343,1,3000,669674439,669674439
GL838756.1,Chr1_supercontig_000004344,1,4444,669678883,669678883
GL838757.1,Chr1_supercontig_000004345,1,2130,669681013,669681013
GL838758.1,Chr1_supercontig_000004346,1,2594,669683607,669683607
GL838759.1,Chr1_supercontig_000004347,1,1591,669685198,669685198
GL838760.1,Chr1_supercontig_000004348,1,2000,669687198,669687198
GL838761.1,Chr1_supercontig_000004349,1,1523,669688721,669688721
GL838762.1,Chr1_supercontig_000004350,1,2132,669690853,669690853
GL838763.1,Chr1_supercontig_000004351,1,1762,669692615,669692615
GL838764.1,Chr1_supercontig_000004352,1,3330,669695945,669695945
GL838765.1,Chr1_supercontig_000004353,1,1974,669697919,669697919
GL838766.1,Chr1_supercontig_000004354,1,1813,669699732,669699732
GL838767.1,Chr1_supercontig_000004355,1,3645,669703377,669703377
GL838768.1,Chr1_supercontig_000004356,1,2418,669705795,669705795
GL838769.1,Chr1_supercontig_000004357,1,3978,669709773,669709773
GL838770.1,Chr1_supercontig_000004358,1,4087,669713860,669713860
GL838771.1,Chr1_supercontig_000004359,1,2493,669716353,669716353
GL838772.1,Chr1_supercontig_000004360,1,1519,669717872,669717872
GL838773.1,Chr1_supercontig_000004361,1,5471,669723343,669723343
GL838774.1,Chr1_supercontig_000004362,1,2390,669725733,669725733
GL838775.1,Chr1_supercontig_000004363,1,2109,669727842,669727842
GL838776.1,Chr1_supercontig_000004364,1,4291,669732133,669732133
GL838777.1,Chr1_supercontig_000004365,1,4088,669736221,669736221
GL838778.1,Chr1_supercontig_000004366,1,2041,669738262,669738262
GL838779.1,Chr1_supercontig_000004367,1,2861,669741123,669741123
GL838780.1,Chr1_supercontig_000004368,1,1537,669742660,669742660
GL838781.1,Chr1_supercontig_000004369,1,13242,669755902,669755902
GL838782.1,Chr1_supercontig_000004370,1,2587,669758489,669758489
GL838783.1,Chr1_supercontig_000004371,1,1935,669760424,669760424
GL838784.1,Chr1_supercontig_000004372,1,2630,669763054,669763054
GL838785.1,Chr1_supercontig_000004373,1,1751,669764805,669764805
GL838786.1,Chr1_supercontig_000004374,1,1943,669766748,669766748
GL838787.1,Chr1_supercontig_000004375,1,1564,669768312,669768312
GL838788.1,Chr1_supercontig_000004376,1,2345,669770657,669770657
GL838789.1,Chr1_supercontig_000004377,1,3149,669773806,669773806
GL838790.1,Chr1_supercontig_000004378,1,1795,669775601,669775601
GL838791.1,Chr1_supercontig_000004379,1,18707,669794308,669794308
GL838792.1,Chr1_supercontig_000004380,1,4831,669799139,669799139
GL838793.1,Chr1_supercontig_000004381,1,4029,669803168,669803168
GL838794.1,Chr1_supercontig_000004382,1,2127,669805295,669805295
GL838795.1,Chr1_supercontig_000004383,1,2552,669807847,669807847
GL838796.1,Chr1_supercontig_000004384,1,2585,669810432,669810432
GL838797.1,Chr1_supercontig_000004385,1,2497,669812929,669812929
GL838798.1,Chr1_supercontig_000004386,1,4105,669817034,669817034
GL838799.1,Chr1_supercontig_000004387,1,2761,669819795,669819795
GL838800.1,Chr1_supercontig_000004388,1,2639,669822434,669822434
GL838801.1,Chr1_supercontig_000004389,1,4556,669826990,669826990
GL838802.1,Chr1_supercontig_000004390,1,1704,669828694,669828694
GL838803.1,Chr1_supercontig_000004391,1,1922,669830616,669830616
GL838804.1,Chr1_supercontig_000004392,1,4665,669835281,669835281
GL838805.1,Chr1_supercontig_000004393,1,5541,669840822,669840822
GL838806.1,Chr1_supercontig_000004394,1,2323,669843145,669843145
GL838807.1,Chr1_supercontig_000004395,1,2778,669845923,669845923
GL838808.1,Chr1_supercontig_000004396,1,1898,669847821,669847821
GL838809.1,Chr1_supercontig_000004397,1,2251,669850072,669850072
GL838810.1,Chr1_supercontig_000004398,1,2372,669852444,669852444
GL838811.1,Chr1_supercontig_000004399,1,3750,669856194,669856194
GL838812.1,Chr1_supercontig_000004400,1,1524,669857718,669857718
GL838813.1,Chr1_supercontig_000004401,1,3063,669860781,669860781
GL838814.1,Chr1_supercontig_000004402,1,2443,669863224,669863224
GL838815.1,Chr1_supercontig_000004403,1,1506,669864730,669864730
GL838816.1,Chr1_supercontig_000004404,1,2512,669867242,669867242
GL838817.1,Chr1_supercontig_000004405,1,4718,669871960,669871960
GL838818.1,Chr1_supercontig_000004406,1,2662,669874622,669874622
GL838819.1,Chr1_supercontig_000004407,1,2827,669877449,669877449
GL838820.1,Chr1_supercontig_000004408,1,1689,669879138,669879138
GL838821.1,Chr1_supercontig_000004409,1,1601,669880739,669880739
GL838822.1,Chr1_supercontig_000004410,1,1537,669882276,669882276
GL838823.1,Chr1_supercontig_000004411,1,1856,669884132,669884132
GL838824.1,Chr1_supercontig_000004412,1,2093,669886225,669886225
GL838825.1,Chr1_supercontig_000004413,1,12830,669899055,669899055
GL838826.1,Chr1_supercontig_000004414,1,4230,669903285,669903285
GL838827.1,Chr1_supercontig_000004415,1,2769,669906054,669906054
GL838828.1,Chr1_supercontig_000004416,1,6655,669912709,669912709
GL838829.1,Chr1_supercontig_000004417,1,1508,669914217,669914217
GL838830.1,Chr1_supercontig_000004418,1,2794,669917011,669917011
GL838831.1,Chr1_supercontig_000004419,1,2927,669919938,669919938
GL838832.1,Chr1_supercontig_000004420,1,4982,669924920,669924920
GL838833.1,Chr1_supercontig_000004421,1,5213,669930133,669930133
GL838834.1,Chr1_supercontig_000004422,1,2400,669932533,669932533
GL838835.1,Chr1_supercontig_000004423,1,5162,669937695,669937695
GL838836.1,Chr1_supercontig_000004424,1,2965,669940660,669940660
GL838837.1,Chr1_supercontig_000004425,1,1595,669942255,669942255
GL838838.1,Chr1_supercontig_000004426,1,2069,669944324,669944324
GL838839.1,Chr1_supercontig_000004427,1,6030,669950354,669950354
GL838840.1,Chr1_supercontig_000004428,1,9227,669959581,669959581
GL838841.1,Chr1_supercontig_000004429,1,9493,669969074,669969074
GL838842.1,Chr1_supercontig_000004430,1,1870,669970944,669970944
GL838843.1,Chr1_supercontig_000004431,1,4010,669974954,669974954
GL838844.1,Chr1_supercontig_000004432,1,1513,669976467,669976467
GL838845.1,Chr1_supercontig_000004433,1,2659,669979126,669979126
GL838846.1,Chr1_supercontig_000004434,1,2092,669981218,669981218
GL838847.1,Chr1_supercontig_000004435,1,2704,669983922,669983922
GL838848.1,Chr1_supercontig_000004436,1,2659,669986581,669986581
GL838849.1,Chr1_supercontig_000004437,1,1912,669988493,669988493
GL838850.1,Chr1_supercontig_000004438,1,3725,669992218,669992218
GL838851.1,Chr1_supercontig_000004439,1,2537,669994755,669994755
GL838852.1,Chr1_supercontig_000004440,1,4024,669998779,669998779
GL838853.1,Chr1_supercontig_000004441,1,4248,670003027,670003027
GL838854.1,Chr1_supercontig_000004442,1,1601,670004628,670004628
GL838855.1,Chr1_supercontig_000004443,1,2883,670007511,670007511
GL838856.1,Chr1_supercontig_000004444,1,1905,670009416,670009416
GL838857.1,Chr1_supercontig_000004445,1,2572,670011988,670011988
GL838858.1,Chr1_supercontig_000004446,1,2848,670014836,670014836
GL838859.1,Chr1_supercontig_000004447,1,2334,670017170,670017170
GL838860.1,Chr1_supercontig_000004448,1,1688,670018858,670018858
GL838861.1,Chr1_supercontig_000004449,1,2490,670021348,670021348
GL838862.1,Chr1_supercontig_000004450,1,1604,670022952,670022952
GL838863.1,Chr1_supercontig_000004451,1,1516,670024468,670024468
GL838864.1,Chr1_supercontig_000004452,1,5144,670029612,670029612
GL838865.1,Chr1_supercontig_000004453,1,2241,670031853,670031853
GL838866.1,Chr1_supercontig_000004454,1,5180,670037033,670037033
GL838867.1,Chr1_supercontig_000004455,1,1645,670038678,670038678
GL838868.1,Chr1_supercontig_000004456,1,1687,670040365,670040365
GL838869.1,Chr1_supercontig_000004457,1,4423,670044788,670044788
GL838870.1,Chr1_supercontig_000004458,1,1965,670046753,670046753
GL838871.1,Chr1_supercontig_000004459,1,1956,670048709,670048709
GL838872.1,Chr1_supercontig_000004460,1,1552,670050261,670050261
GL838873.1,Chr1_supercontig_000004461,1,1878,670052139,670052139
GL838874.1,Chr1_supercontig_000004462,1,1866,670054005,670054005
GL838875.1,Chr1_supercontig_000004463,1,3375,670057380,670057380
GL838876.1,Chr1_supercontig_000004464,1,3351,670060731,670060731
GL838877.1,Chr1_supercontig_000004465,1,4918,670065649,670065649
GL838878.1,Chr1_supercontig_000004466,1,1597,670067246,670067246
GL838879.1,Chr1_supercontig_000004467,1,1980,670069226,670069226
GL838880.1,Chr1_supercontig_000004468,1,2471,670071697,670071697
GL838881.1,Chr1_supercontig_000004469,1,2453,670074150,670074150
GL838882.1,Chr1_supercontig_000004470,1,1955,670076105,670076105
GL838883.1,Chr1_supercontig_000004471,1,3994,670080099,670080099
GL838884.1,Chr1_supercontig_000004472,1,1810,670081909,670081909
GL838885.1,Chr1_supercontig_000004473,1,2680,670084589,670084589
GL838886.1,Chr1_supercontig_000004474,1,1869,670086458,670086458
GL838887.1,Chr1_supercontig_000004475,1,2520,670088978,670088978
GL838888.1,Chr1_supercontig_000004476,1,2195,670091173,670091173
GL838889.1,Chr1_supercontig_000004477,1,2829,670094002,670094002
GL838890.1,Chr1_supercontig_000004478,1,1590,670095592,670095592
GL838891.1,Chr1_supercontig_000004479,1,4467,670100059,670100059
GL838892.1,Chr1_supercontig_000004480,1,3959,670104018,670104018
GL838893.1,Chr1_supercontig_000004481,1,12727,670116745,670116745
GL838894.1,Chr1_supercontig_000004482,1,1872,670118617,670118617
GL838895.1,Chr1_supercontig_000004483,1,2555,670121172,670121172
GL838896.1,Chr1_supercontig_000004484,1,1841,670123013,670123013
GL838897.1,Chr1_supercontig_000004485,1,2714,670125727,670125727
GL838898.1,Chr1_supercontig_000004486,1,3702,670129429,670129429
GL838899.1,Chr1_supercontig_000004487,1,2331,670131760,670131760
GL838900.1,Chr1_supercontig_000004488,1,4749,670136509,670136509
GL838901.1,Chr1_supercontig_000004489,1,2105,670138614,670138614
GL838902.1,Chr1_supercontig_000004490,1,2175,670140789,670140789
GL838903.1,Chr1_supercontig_000004491,1,4067,670144856,670144856
GL838904.1,Chr1_supercontig_000004492,1,2727,670147583,670147583
GL838905.1,Chr1_supercontig_000004493,1,2340,670149923,670149923
GL838906.1,Chr1_supercontig_000004494,1,2509,670152432,670152432
GL838907.1,Chr1_supercontig_000004495,1,2825,670155257,670155257
GL838908.1,Chr1_supercontig_000004496,1,4352,670159609,670159609
GL838909.1,Chr1_supercontig_000004497,1,2340,670161949,670161949
GL838910.1,Chr1_supercontig_000004498,1,5595,670167544,670167544
GL838911.1,Chr1_supercontig_000004499,1,5339,670172883,670172883
GL838912.1,Chr1_supercontig_000004500,1,22648,670195531,670195531
GL838913.1,Chr1_supercontig_000004501,1,8269,670203800,670203800
GL838914.1,Chr1_supercontig_000004502,1,5875,670209675,670209675
GL838915.1,Chr1_supercontig_000004503,1,7379,670217054,670217054
GL838916.1,Chr1_supercontig_000004504,1,3574,670220628,670220628
GL838917.1,Chr1_supercontig_000004505,1,3816,670224444,670224444
GL838918.1,Chr1_supercontig_000004506,1,1911,670226355,670226355
GL838919.1,Chr1_supercontig_000004507,1,1508,670227863,670227863
GL838920.1,Chr1_supercontig_000004508,1,1957,670229820,670229820
GL838921.1,Chr1_supercontig_000004509,1,3576,670233396,670233396
GL838922.1,Chr1_supercontig_000004510,1,1744,670235140,670235140
GL838923.1,Chr1_supercontig_000004511,1,2204,670237344,670237344
GL838924.1,Chr1_supercontig_000004512,1,1574,670238918,670238918
GL838925.1,Chr1_supercontig_000004513,1,2384,670241302,670241302
GL838926.1,Chr1_supercontig_000004514,1,12936,670254238,670254238
GL838927.1,Chr1_supercontig_000004515,1,5309,670259547,670259547
GL838928.1,Chr1_supercontig_000004516,1,2990,670262537,670262537
GL838929.1,Chr1_supercontig_000004517,1,4626,670267163,670267163
GL838930.1,Chr1_supercontig_000004518,1,3001,670270164,670270164
GL838931.1,Chr1_supercontig_000004519,1,2575,670272739,670272739
GL838932.1,Chr1_supercontig_000004520,1,1510,670274249,670274249
GL838933.1,Chr1_supercontig_000004521,1,1654,670275903,670275903
GL838934.1,Chr1_supercontig_000004522,1,1853,670277756,670277756
GL838935.1,Chr1_supercontig_000004523,1,1815,670279571,670279571
GL838936.1,Chr1_supercontig_000004524,1,4132,670283703,670283703
GL838937.1,Chr1_supercontig_000004525,1,1512,670285215,670285215
GL838938.1,Chr1_supercontig_000004526,1,3930,670289145,670289145
GL838939.1,Chr1_supercontig_000004527,1,1535,670290680,670290680
GL838940.1,Chr1_supercontig_000004528,1,1642,670292322,670292322
GL838941.1,Chr1_supercontig_000004529,1,1952,670294274,670294274
GL838942.1,Chr1_supercontig_000004530,1,1699,670295973,670295973
GL838943.1,Chr1_supercontig_000004531,1,1908,670297881,670297881
GL838944.1,Chr1_supercontig_000004532,1,4688,670302569,670302569
GL838945.1,Chr1_supercontig_000004533,1,1670,670304239,670304239
GL838946.1,Chr1_supercontig_000004534,1,1965,670306204,670306204
GL838947.1,Chr1_supercontig_000004535,1,3016,670309220,670309220
GL838948.1,Chr1_supercontig_000004536,1,2228,670311448,670311448
GL838949.1,Chr1_supercontig_000004537,1,1807,670313255,670313255
GL838950.1,Chr1_supercontig_000004538,1,1940,670315195,670315195
GL838951.1,Chr1_supercontig_000004539,1,3090,670318285,670318285
GL838952.1,Chr1_supercontig_000004540,1,3510,670321795,670321795
GL838953.1,Chr1_supercontig_000004541,1,5572,670327367,670327367
GL838954.1,Chr1_supercontig_000004542,1,4317,670331684,670331684
GL838955.1,Chr1_supercontig_000004543,1,3018,670334702,670334702
GL838956.1,Chr1_supercontig_000004544,1,6085,670340787,670340787
GL838957.1,Chr1_supercontig_000004545,1,2151,670342938,670342938
GL838958.1,Chr1_supercontig_000004546,1,3424,670346362,670346362
GL838959.1,Chr1_supercontig_000004547,1,1870,670348232,670348232
GL838960.1,Chr1_supercontig_000004548,1,1776,670350008,670350008
GL838961.1,Chr1_supercontig_000004549,1,6606,670356614,670356614
GL838962.1,Chr1_supercontig_000004550,1,5077,670361691,670361691
GL838963.1,Chr1_supercontig_000004551,1,2082,670363773,670363773
GL838964.1,Chr1_supercontig_000004552,1,4890,670368663,670368663
GL838965.1,Chr1_supercontig_000004553,1,1682,670370345,670370345
GL838966.1,Chr1_supercontig_000004554,1,3221,670373566,670373566
GL838967.1,Chr1_supercontig_000004555,1,2635,670376201,670376201
GL838968.1,Chr1_supercontig_000004556,1,2099,670378300,670378300
GL838969.1,Chr1_supercontig_000004557,1,3503,670381803,670381803
GL838970.1,Chr1_supercontig_000004558,1,3062,670384865,670384865
GL838971.1,Chr1_supercontig_000004559,1,2300,670387165,670387165
GL838972.1,Chr1_supercontig_000004560,1,2051,670389216,670389216
GL838973.1,Chr1_supercontig_000004561,1,2910,670392126,670392126
GL838974.1,Chr1_supercontig_000004562,1,2796,670394922,670394922
GL838975.1,Chr1_supercontig_000004563,1,4455,670399377,670399377
GL838976.1,Chr1_supercontig_000004564,1,1681,670401058,670401058
GL838977.1,Chr1_supercontig_000004565,1,2011,670403069,670403069
GL838978.1,Chr1_supercontig_000004566,1,1627,670404696,670404696
GL838979.1,Chr1_supercontig_000004567,1,3868,670408564,670408564
GL838980.1,Chr1_supercontig_000004568,1,2323,670410887,670410887
GL838981.1,Chr1_supercontig_000004569,1,3960,670414847,670414847
GL838982.1,Chr1_supercontig_000004570,1,4242,670419089,670419089
GL838983.1,Chr1_supercontig_000004571,1,4919,670424008,670424008
GL838984.1,Chr1_supercontig_000004572,1,33505,670457513,670457513
GL838985.1,Chr1_supercontig_000004573,1,2906,670460419,670460419
GL838986.1,Chr1_supercontig_000004574,1,1989,670462408,670462408
GL838987.1,Chr1_supercontig_000004575,1,7798,670470206,670470206
GL838988.1,Chr1_supercontig_000004576,1,1547,670471753,670471753
GL838989.1,Chr1_supercontig_000004577,1,2271,670474024,670474024
GL838990.1,Chr1_supercontig_000004578,1,3149,670477173,670477173
GL838991.1,Chr1_supercontig_000004579,1,1570,670478743,670478743
GL838992.1,Chr1_supercontig_000004580,1,1538,670480281,670480281
GL838993.1,Chr1_supercontig_000004581,1,2371,670482652,670482652
GL838994.1,Chr1_supercontig_000004582,1,1542,670484194,670484194
GL838995.1,Chr1_supercontig_000004583,1,2522,670486716,670486716
GL838996.1,Chr1_supercontig_000004584,1,3294,670490010,670490010
GL838997.1,Chr1_supercontig_000004585,1,1604,670491614,670491614
GL838998.1,Chr1_supercontig_000004586,1,2109,670493723,670493723
GL838999.1,Chr1_supercontig_000004587,1,1935,670495658,670495658
GL839000.1,Chr1_supercontig_000004588,1,2209,670497867,670497867
GL839001.1,Chr1_supercontig_000004589,1,1619,670499486,670499486
GL839002.1,Chr1_supercontig_000004590,1,2362,670501848,670501848
GL839003.1,Chr1_supercontig_000004591,1,2123,670503971,670503971
GL839004.1,Chr1_supercontig_000004592,1,2243,670506214,670506214
GL839005.1,Chr1_supercontig_000004593,1,1558,670507772,670507772
GL839006.1,Chr1_supercontig_000004594,1,3529,670511301,670511301
GL839007.1,Chr1_supercontig_000004595,1,2390,670513691,670513691
GL839008.1,Chr1_supercontig_000004596,1,2155,670515846,670515846
GL839009.1,Chr1_supercontig_000004597,1,2649,670518495,670518495
GL839010.1,Chr1_supercontig_000004598,1,2042,670520537,670520537
GL839011.1,Chr1_supercontig_000004599,1,1583,670522120,670522120
GL839012.1,Chr1_supercontig_000004600,1,1913,670524033,670524033
GL839013.1,Chr1_supercontig_000004601,1,2721,670526754,670526754
GL839014.1,Chr1_supercontig_000004602,1,5410,670532164,670532164
GL839015.1,Chr1_supercontig_000004603,1,2260,670534424,670534424
GL839016.1,Chr1_supercontig_000004604,1,1794,670536218,670536218
GL839017.1,Chr1_supercontig_000004605,1,2167,670538385,670538385
GL839018.1,Chr1_supercontig_000004606,1,3166,670541551,670541551
GL839019.1,Chr1_supercontig_000004607,1,2988,670544539,670544539
GL839020.1,Chr1_supercontig_000004608,1,2437,670546976,670546976
GL839021.1,Chr1_supercontig_000004609,1,2834,670549810,670549810
GL839022.1,Chr1_supercontig_000004610,1,1657,670551467,670551467
GL839023.1,Chr1_supercontig_000004611,1,6891,670558358,670558358
GL839024.1,Chr1_supercontig_000004612,1,3168,670561526,670561526
GL839025.1,Chr1_supercontig_000004613,1,5012,670566538,670566538
GL839026.1,Chr1_supercontig_000004614,1,2445,670568983,670568983
GL839027.1,Chr1_supercontig_000004615,1,4743,670573726,670573726
GL839028.1,Chr1_supercontig_000004616,1,7874,670581600,670581600
GL839029.1,Chr1_supercontig_000004617,1,2817,670584417,670584417
GL839030.1,Chr1_supercontig_000004618,1,4528,670588945,670588945
GL839031.1,Chr1_supercontig_000004619,1,11243,670600188,670600188
GL839032.1,Chr1_supercontig_000004620,1,2237,670602425,670602425
GL839033.1,Chr1_supercontig_000004621,1,6136,670608561,670608561
GL839034.1,Chr1_supercontig_000004622,1,1875,670610436,670610436
GL839035.1,Chr1_supercontig_000004623,1,2101,670612537,670612537
GL839036.1,Chr1_supercontig_000004624,1,1537,670614074,670614074
GL839037.1,Chr1_supercontig_000004625,1,2339,670616413,670616413
GL839038.1,Chr1_supercontig_000004626,1,2965,670619378,670619378
GL839039.1,Chr1_supercontig_000004627,1,2401,670621779,670621779
GL839040.1,Chr1_supercontig_000004628,1,2551,670624330,670624330
GL839041.1,Chr1_supercontig_000004629,1,4834,670629164,670629164
GL839042.1,Chr1_supercontig_000004630,1,2561,670631725,670631725
GL839043.1,Chr1_supercontig_000004631,1,2174,670633899,670633899
GL839044.1,Chr1_supercontig_000004632,1,1519,670635418,670635418
GL839045.1,Chr1_supercontig_000004633,1,2521,670637939,670637939
GL839046.1,Chr1_supercontig_000004634,1,3561,670641500,670641500
GL839047.1,Chr1_supercontig_000004635,1,3749,670645249,670645249
GL839048.1,Chr1_supercontig_000004636,1,3564,670648813,670648813
GL839049.1,Chr1_supercontig_000004637,1,2539,670651352,670651352
GL839050.1,Chr1_supercontig_000004638,1,3915,670655267,670655267
GL839051.1,Chr1_supercontig_000004639,1,5030,670660297,670660297
GL839052.1,Chr1_supercontig_000004640,1,3820,670664117,670664117
GL839053.1,Chr1_supercontig_000004641,1,2882,670666999,670666999
GL839054.1,Chr1_supercontig_000004642,1,3047,670670046,670670046
GL839055.1,Chr1_supercontig_000004643,1,2308,670672354,670672354
GL839056.1,Chr1_supercontig_000004644,1,2672,670675026,670675026
GL839057.1,Chr1_supercontig_000004645,1,2022,670677048,670677048
GL839058.1,Chr1_supercontig_000004646,1,1774,670678822,670678822
GL839059.1,Chr1_supercontig_000004647,1,2194,670681016,670681016
GL839060.1,Chr1_supercontig_000004648,1,3807,670684823,670684823
GL839061.1,Chr1_supercontig_000004649,1,2059,670686882,670686882
GL839062.1,Chr1_supercontig_000004650,1,3014,670689896,670689896
GL839063.1,Chr1_supercontig_000004651,1,3704,670693600,670693600
GL839064.1,Chr1_supercontig_000004652,1,3750,670697350,670697350
GL839065.1,Chr1_supercontig_000004653,1,3177,670700527,670700527
GL839066.1,Chr1_supercontig_000004654,1,1656,670702183,670702183
GL839067.1,Chr1_supercontig_000004655,1,9026,670711209,670711209
GL839068.1,Chr1_supercontig_000004656,1,3059,670714268,670714268
GL839069.1,Chr1_supercontig_000004657,1,3715,670717983,670717983
GL839070.1,Chr1_supercontig_000004658,1,2876,670720859,670720859
GL839071.1,Chr1_supercontig_000004659,1,3744,670724603,670724603
GL839072.1,Chr1_supercontig_000004660,1,2007,670726610,670726610
GL839073.1,Chr1_supercontig_000004661,1,1939,670728549,670728549
GL839074.1,Chr1_supercontig_000004662,1,7030,670735579,670735579
GL839075.1,Chr1_supercontig_000004663,1,5184,670740763,670740763
GL839076.1,Chr1_supercontig_000004664,1,2463,670743226,670743226
GL839077.1,Chr1_supercontig_000004665,1,2074,670745300,670745300
GL839078.1,Chr1_supercontig_000004666,1,1669,670746969,670746969
GL839079.1,Chr1_supercontig_000004667,1,2386,670749355,670749355
GL839080.1,Chr1_supercontig_000004668,1,2364,670751719,670751719
GL839081.1,Chr1_supercontig_000004669,1,9121,670760840,670760840
GL839082.1,Chr1_supercontig_000004670,1,10191,670771031,670771031
GL839083.1,Chr1_supercontig_000004671,1,13132,670784163,670784163
GL839084.1,Chr1_supercontig_000004672,1,1615,670785778,670785778
GL839085.1,Chr1_supercontig_000004673,1,20824,670806602,670806602
GL839086.1,Chr1_supercontig_000004674,1,2379,670808981,670808981
GL839087.1,Chr1_supercontig_000004675,1,2872,670811853,670811853
GL839088.1,Chr1_supercontig_000004676,1,5092,670816945,670816945
GL839089.1,Chr1_supercontig_000004677,1,2111,670819056,670819056
GL839090.1,Chr1_supercontig_000004678,1,10025,670829081,670829081
GL839091.1,Chr1_supercontig_000004679,1,10940,670840021,670840021
GL839092.1,Chr1_supercontig_000004680,1,3164,670843185,670843185
GL839093.1,Chr1_supercontig_000004681,1,3324,670846509,670846509
GL839094.1,Chr1_supercontig_000004682,1,3075,670849584,670849584
GL839095.1,Chr1_supercontig_000004683,1,3145,670852729,670852729
GL839096.1,Chr1_supercontig_000004684,1,7455,670860184,670860184
GL839097.1,Chr1_supercontig_000004685,1,6850,670867034,670867034
GL839098.1,Chr1_supercontig_000004686,1,2580,670869614,670869614
GL839099.1,Chr1_supercontig_000004687,1,2694,670872308,670872308
GL839100.1,Chr1_supercontig_000004688,1,2730,670875038,670875038
GL839101.1,Chr1_supercontig_000004689,1,2329,670877367,670877367
GL839102.1,Chr1_supercontig_000004690,1,3546,670880913,670880913
GL839103.1,Chr1_supercontig_000004691,1,5063,670885976,670885976
GL839104.1,Chr1_supercontig_000004692,1,2649,670888625,670888625
GL839105.1,Chr1_supercontig_000004693,1,2856,670891481,670891481
GL839106.1,Chr1_supercontig_000004694,1,2421,670893902,670893902
GL839107.1,Chr1_supercontig_000004695,1,3914,670897816,670897816
GL839108.1,Chr1_supercontig_000004696,1,2429,670900245,670900245
GL839109.1,Chr1_supercontig_000004697,1,2311,670902556,670902556
GL839110.1,Chr1_supercontig_000004698,1,1953,670904509,670904509
GL839111.1,Chr1_supercontig_000004699,1,2463,670906972,670906972
GL839112.1,Chr1_supercontig_000004700,1,2199,670909171,670909171
GL839113.1,Chr1_supercontig_000004701,1,1571,670910742,670910742
GL839114.1,Chr1_supercontig_000004702,1,1970,670912712,670912712
GL839115.1,Chr1_supercontig_000004703,1,2211,670914923,670914923
GL839116.1,Chr1_supercontig_000004704,1,4735,670919658,670919658
GL839117.1,Chr1_supercontig_000004705,1,2163,670921821,670921821
GL839118.1,Chr1_supercontig_000004706,1,12148,670933969,670933969
GL839119.1,Chr1_supercontig_000004707,1,3296,670937265,670937265
GL839120.1,Chr1_supercontig_000004708,1,2222,670939487,670939487
GL839121.1,Chr1_supercontig_000004709,1,3113,670942600,670942600
GL839122.1,Chr1_supercontig_000004710,1,1853,670944453,670944453
GL839123.1,Chr1_supercontig_000004711,1,1624,670946077,670946077
GL839124.1,Chr1_supercontig_000004712,1,1938,670948015,670948015
GL839125.1,Chr1_supercontig_000004713,1,4506,670952521,670952521
GL839126.1,Chr1_supercontig_000004714,1,3736,670956257,670956257
GL839127.1,Chr1_supercontig_000004715,1,3179,670959436,670959436
GL839128.1,Chr1_supercontig_000004716,1,2160,670961596,670961596
GL839129.1,Chr1_supercontig_000004717,1,3520,670965116,670965116
GL839130.1,Chr1_supercontig_000004718,1,1888,670967004,670967004
GL839131.1,Chr1_supercontig_000004719,1,1578,670968582,670968582
GL839132.1,Chr1_supercontig_000004720,1,2153,670970735,670970735
GL839133.1,Chr1_supercontig_000004721,1,2377,670973112,670973112
GL839134.1,Chr1_supercontig_000004722,1,5440,670978552,670978552
GL839135.1,Chr1_supercontig_000004723,1,1503,670980055,670980055
GL839136.1,Chr1_supercontig_000004724,1,2020,670982075,670982075
GL839137.1,Chr1_supercontig_000004725,1,2289,670984364,670984364
GL839138.1,Chr1_supercontig_000004726,1,3331,670987695,670987695
GL839139.1,Chr1_supercontig_000004727,1,1655,670989350,670989350
GL839140.1,Chr1_supercontig_000004728,1,1642,670990992,670990992
GL839141.1,Chr1_supercontig_000004729,1,3252,670994244,670994244
GL839142.1,Chr1_supercontig_000004730,1,3199,670997443,670997443
GL839143.1,Chr1_supercontig_000004731,1,3377,671000820,671000820
GL839144.1,Chr1_supercontig_000004732,1,2267,671003087,671003087
GL839145.1,Chr1_supercontig_000004733,1,1981,671005068,671005068
GL839146.1,Chr1_supercontig_000004734,1,1962,671007030,671007030
GL839147.1,Chr1_supercontig_000004735,1,1835,671008865,671008865
GL839148.1,Chr1_supercontig_000004736,1,2228,671011093,671011093
GL839149.1,Chr1_supercontig_000004737,1,2452,671013545,671013545
GL839150.1,Chr1_supercontig_000004738,1,2441,671015986,671015986
GL839151.1,Chr1_supercontig_000004739,1,2795,671018781,671018781
GL839152.1,Chr1_supercontig_000004740,1,7700,671026481,671026481
GL839153.1,Chr1_supercontig_000004741,1,1715,671028196,671028196
GL839154.1,Chr1_supercontig_000004742,1,5529,671033725,671033725
GL839155.1,Chr1_supercontig_000004743,1,3421,671037146,671037146
GL839156.1,Chr1_supercontig_000004744,1,1778,671038924,671038924
GL839157.1,Chr1_supercontig_000004745,1,4047,671042971,671042971
GL839158.1,Chr1_supercontig_000004746,1,2044,671045015,671045015
GL839159.1,Chr1_supercontig_000004747,1,4404,671049419,671049419
GL839160.1,Chr1_supercontig_000004748,1,2487,671051906,671051906
GL839161.1,Chr1_supercontig_000004749,1,4487,671056393,671056393
GL839162.1,Chr1_supercontig_000004750,1,1883,671058276,671058276
GL839163.1,Chr1_supercontig_000004751,1,3155,671061431,671061431
GL839164.1,Chr1_supercontig_000004752,1,2492,671063923,671063923
GL839165.1,Chr1_supercontig_000004753,1,2896,671066819,671066819
GL839166.1,Chr1_supercontig_000004754,1,3311,671070130,671070130
GL839167.1,Chr1_supercontig_000004755,1,2299,671072429,671072429
GL839168.1,Chr1_supercontig_000004756,1,3086,671075515,671075515
GL839169.1,Chr1_supercontig_000004757,1,1524,671077039,671077039
GL839170.1,Chr1_supercontig_000004758,1,2371,671079410,671079410
GL839171.1,Chr1_supercontig_000004759,1,2369,671081779,671081779
GL839172.1,Chr1_supercontig_000004760,1,2402,671084181,671084181
GL839173.1,Chr1_supercontig_000004761,1,1797,671085978,671085978
GL839174.1,Chr1_supercontig_000004762,1,5825,671091803,671091803
GL839175.1,Chr1_supercontig_000004763,1,5414,671097217,671097217
GL839176.1,Chr1_supercontig_000004764,1,4220,671101437,671101437
GL839177.1,Chr1_supercontig_000004765,1,1657,671103094,671103094
GL839178.1,Chr1_supercontig_000004766,1,1971,671105065,671105065
GL839179.1,Chr1_supercontig_000004767,1,3807,671108872,671108872
GL839180.1,Chr1_supercontig_000004768,1,1553,671110425,671110425
GL839181.1,Chr1_supercontig_000004769,1,4019,671114444,671114444
GL839182.1,Chr1_supercontig_000004770,1,1958,671116402,671116402
GL839183.1,Chr1_supercontig_000004771,1,2529,671118931,671118931
GL839184.1,Chr1_supercontig_000004772,1,5306,671124237,671124237
GL839185.1,Chr1_supercontig_000004773,1,3707,671127944,671127944
GL839186.1,Chr1_supercontig_000004774,1,5145,671133089,671133089
GL839187.1,Chr1_supercontig_000004775,1,1827,671134916,671134916
GL839188.1,Chr1_supercontig_000004776,1,3440,671138356,671138356
GL839189.1,Chr1_supercontig_000004777,1,1748,671140104,671140104
GL839190.1,Chr1_supercontig_000004778,1,1559,671141663,671141663
GL839191.1,Chr1_supercontig_000004779,1,2776,671144439,671144439
GL839192.1,Chr1_supercontig_000004780,1,2146,671146585,671146585
GL839193.1,Chr1_supercontig_000004781,1,1878,671148463,671148463
GL839194.1,Chr1_supercontig_000004782,1,3335,671151798,671151798
GL839195.1,Chr1_supercontig_000004783,1,1818,671153616,671153616
GL839196.1,Chr1_supercontig_000004784,1,2492,671156108,671156108
GL839197.1,Chr1_supercontig_000004785,1,4030,671160138,671160138
GL839198.1,Chr1_supercontig_000004786,1,1758,671161896,671161896
GL839199.1,Chr1_supercontig_000004787,1,3661,671165557,671165557
GL839200.1,Chr1_supercontig_000004788,1,3161,671168718,671168718
GL839201.1,Chr1_supercontig_000004789,1,1825,671170543,671170543
GL839202.1,Chr1_supercontig_000004790,1,2573,671173116,671173116
GL839203.1,Chr1_supercontig_000004791,1,1699,671174815,671174815
GL839204.1,Chr1_supercontig_000004792,1,4364,671179179,671179179
GL839205.1,Chr1_supercontig_000004793,1,2247,671181426,671181426
GL839206.1,Chr1_supercontig_000004794,1,3293,671184719,671184719
GL839207.1,Chr1_supercontig_000004795,1,1526,671186245,671186245
GL839208.1,Chr1_supercontig_000004796,1,2224,671188469,671188469
GL839209.1,Chr1_supercontig_000004797,1,2774,671191243,671191243
GL839210.1,Chr1_supercontig_000004798,1,1537,671192780,671192780
GL839211.1,Chr1_supercontig_000004799,1,1575,671194355,671194355
GL839212.1,Chr1_supercontig_000004800,1,1552,671195907,671195907
GL839213.1,Chr1_supercontig_000004801,1,1629,671197536,671197536
GL839214.1,Chr1_supercontig_000004802,1,2749,671200285,671200285
GL839215.1,Chr1_supercontig_000004803,1,3058,671203343,671203343
GL839216.1,Chr1_supercontig_000004804,1,3467,671206810,671206810
GL839217.1,Chr1_supercontig_000004805,1,4515,671211325,671211325
GL839218.1,Chr1_supercontig_000004806,1,2665,671213990,671213990
GL839219.1,Chr1_supercontig_000004807,1,2692,671216682,671216682
GL839220.1,Chr1_supercontig_000004808,1,1737,671218419,671218419
GL839221.1,Chr1_supercontig_000004809,1,2801,671221220,671221220
GL839222.1,Chr1_supercontig_000004810,1,2079,671223299,671223299
GL839223.1,Chr1_supercontig_000004811,1,3034,671226333,671226333
GL839224.1,Chr1_supercontig_000004812,1,1686,671228019,671228019
GL839225.1,Chr1_supercontig_000004813,1,1787,671229806,671229806
GL839226.1,Chr1_supercontig_000004814,1,1733,671231539,671231539
GL839227.1,Chr1_supercontig_000004815,1,3700,671235239,671235239
GL839228.1,Chr1_supercontig_000004816,1,13952,671249191,671249191
GL839229.1,Chr1_supercontig_000004817,1,3323,671252514,671252514
GL839230.1,Chr1_supercontig_000004818,1,2578,671255092,671255092
GL839231.1,Chr1_supercontig_000004819,1,2194,671257286,671257286
GL839232.1,Chr1_supercontig_000004820,1,1848,671259134,671259134
GL839233.1,Chr1_supercontig_000004821,1,1850,671260984,671260984
GL839234.1,Chr1_supercontig_000004822,1,4299,671265283,671265283
GL839235.1,Chr1_supercontig_000004823,1,2894,671268177,671268177
GL839236.1,Chr1_supercontig_000004824,1,2966,671271143,671271143
GL839237.1,Chr1_supercontig_000004825,1,2196,671273339,671273339
GL839238.1,Chr1_supercontig_000004826,1,2123,671275462,671275462
GL839239.1,Chr1_supercontig_000004827,1,1917,671277379,671277379
GL839240.1,Chr1_supercontig_000004828,1,2090,671279469,671279469
GL839241.1,Chr1_supercontig_000004829,1,1551,671281020,671281020
GL839242.1,Chr1_supercontig_000004830,1,4012,671285032,671285032
GL839243.1,Chr1_supercontig_000004831,1,3083,671288115,671288115
GL839244.1,Chr1_supercontig_000004832,1,1680,671289795,671289795
GL839245.1,Chr1_supercontig_000004833,1,6993,671296788,671296788
GL839246.1,Chr1_supercontig_000004834,1,2246,671299034,671299034
GL839247.1,Chr1_supercontig_000004835,1,3099,671302133,671302133
GL839248.1,Chr1_supercontig_000004836,1,2259,671304392,671304392
GL839249.1,Chr1_supercontig_000004837,1,5064,671309456,671309456
GL839250.1,Chr1_supercontig_000004838,1,1605,671311061,671311061
GL839251.1,Chr1_supercontig_000004839,1,1731,671312792,671312792
GL839252.1,Chr1_supercontig_000004840,1,1707,671314499,671314499
GL839253.1,Chr1_supercontig_000004841,1,2393,671316892,671316892
GL839254.1,Chr1_supercontig_000004842,1,2678,671319570,671319570
GL839255.1,Chr1_supercontig_000004843,1,2015,671321585,671321585
GL839256.1,Chr1_supercontig_000004844,1,1697,671323282,671323282
GL839257.1,Chr1_supercontig_000004845,1,4380,671327662,671327662
GL839258.1,Chr1_supercontig_000004846,1,4083,671331745,671331745
GL839259.1,Chr1_supercontig_000004847,1,1648,671333393,671333393
GL839260.1,Chr1_supercontig_000004848,1,1748,671335141,671335141
GL839261.1,Chr1_supercontig_000004849,1,1528,671336669,671336669
GL839262.1,Chr1_supercontig_000004850,1,1806,671338475,671338475
GL839263.1,Chr1_supercontig_000004851,1,5381,671343856,671343856
GL839264.1,Chr1_supercontig_000004852,1,1834,671345690,671345690
GL839265.1,Chr1_supercontig_000004853,1,2070,671347760,671347760
GL839266.1,Chr1_supercontig_000004854,1,1769,671349529,671349529
GL839267.1,Chr1_supercontig_000004855,1,19543,671369072,671369072
GL839268.1,Chr1_supercontig_000004856,1,1629,671370701,671370701
GL839269.1,Chr1_supercontig_000004857,1,1519,671372220,671372220
GL839270.1,Chr1_supercontig_000004858,1,2521,671374741,671374741
GL839271.1,Chr1_supercontig_000004859,1,6136,671380877,671380877
GL839272.1,Chr1_supercontig_000004860,1,4013,671384890,671384890
GL839273.1,Chr1_supercontig_000004861,1,1734,671386624,671386624
GL839274.1,Chr1_supercontig_000004862,1,9459,671396083,671396083
GL839275.1,Chr1_supercontig_000004863,1,2431,671398514,671398514
GL839276.1,Chr1_supercontig_000004864,1,4182,671402696,671402696
GL839277.1,Chr1_supercontig_000004865,1,7042,671409738,671409738
GL839278.1,Chr1_supercontig_000004866,1,2249,671411987,671411987
GL839279.1,Chr1_supercontig_000004867,1,8096,671420083,671420083
GL839280.1,Chr1_supercontig_000004868,1,2575,671422658,671422658
GL839281.1,Chr1_supercontig_000004869,1,1501,671424159,671424159
GL839282.1,Chr1_supercontig_000004870,1,3150,671427309,671427309
GL839283.1,Chr1_supercontig_000004871,1,1818,671429127,671429127
GL839284.1,Chr1_supercontig_000004872,1,3119,671432246,671432246
GL839285.1,Chr1_supercontig_000004873,1,6171,671438417,671438417
GL839286.1,Chr1_supercontig_000004874,1,3324,671441741,671441741
GL839287.1,Chr1_supercontig_000004875,1,3774,671445515,671445515
GL839288.1,Chr1_supercontig_000004876,1,5120,671450635,671450635
GL839289.1,Chr1_supercontig_000004877,1,1714,671452349,671452349
GL839290.1,Chr1_supercontig_000004878,1,2733,671455082,671455082
GL839291.1,Chr1_supercontig_000004879,1,2828,671457910,671457910
GL839292.1,Chr1_supercontig_000004880,1,4256,671462166,671462166
GL839293.1,Chr1_supercontig_000004881,1,1703,671463869,671463869
GL839294.1,Chr1_supercontig_000004882,1,1720,671465589,671465589
GL839295.1,Chr1_supercontig_000004883,1,2093,671467682,671467682
GL839296.1,Chr1_supercontig_000004884,1,2088,671469770,671469770
GL839297.1,Chr1_supercontig_000004885,1,1649,671471419,671471419
GL839298.1,Chr1_supercontig_000004886,1,2193,671473612,671473612
GL839299.1,Chr1_supercontig_000004887,1,2535,671476147,671476147
GL839300.1,Chr1_supercontig_000004888,1,1751,671477898,671477898
GL839301.1,Chr1_supercontig_000004889,1,1891,671479789,671479789
GL839302.1,Chr1_supercontig_000004890,1,1693,671481482,671481482
GL839303.1,Chr1_supercontig_000004891,1,1704,671483186,671483186
GL839304.1,Chr1_supercontig_000004892,1,1533,671484719,671484719
GL839305.1,Chr1_supercontig_000004893,1,4642,671489361,671489361
GL839306.1,Chr1_supercontig_000004894,1,1695,671491056,671491056
GL839307.1,Chr1_supercontig_000004895,1,3748,671494804,671494804
GL839308.1,Chr1_supercontig_000004896,1,2119,671496923,671496923
GL839309.1,Chr1_supercontig_000004897,1,2150,671499073,671499073
GL839310.1,Chr1_supercontig_000004898,1,2370,671501443,671501443
GL839311.1,Chr1_supercontig_000004899,1,3879,671505322,671505322
GL839312.1,Chr1_supercontig_000004900,1,1724,671507046,671507046
GL839313.1,Chr1_supercontig_000004901,1,2327,671509373,671509373
GL839314.1,Chr1_supercontig_000004902,1,2571,671511944,671511944
GL839315.1,Chr1_supercontig_000004903,1,4803,671516747,671516747
GL839316.1,Chr1_supercontig_000004904,1,2109,671518856,671518856
GL839317.1,Chr1_supercontig_000004905,1,2161,671521017,671521017
GL839318.1,Chr1_supercontig_000004906,1,23000,671544017,671544017
GL839319.1,Chr1_supercontig_000004907,1,8781,671552798,671552798
GL839320.1,Chr1_supercontig_000004908,1,7262,671560060,671560060
GL839321.1,Chr1_supercontig_000004909,1,6456,671566516,671566516
GL839322.1,Chr1_supercontig_000004910,1,1892,671568408,671568408
GL839323.1,Chr1_supercontig_000004911,1,1632,671570040,671570040
GL839324.1,Chr1_supercontig_000004912,1,4223,671574263,671574263
GL839325.1,Chr1_supercontig_000004913,1,2647,671576910,671576910
GL839326.1,Chr1_supercontig_000004914,1,3763,671580673,671580673
GL839327.1,Chr1_supercontig_000004915,1,1843,671582516,671582516
GL839328.1,Chr1_supercontig_000004916,1,4372,671586888,671586888
GL839329.1,Chr1_supercontig_000004917,1,3989,671590877,671590877
GL839330.1,Chr1_supercontig_000004918,1,1594,671592471,671592471
GL839331.1,Chr1_supercontig_000004919,1,3699,671596170,671596170
GL839332.1,Chr1_supercontig_000004920,1,2380,671598550,671598550
GL839333.1,Chr1_supercontig_000004921,1,1567,671600117,671600117
GL839334.1,Chr1_supercontig_000004922,1,1700,671601817,671601817
GL839335.1,Chr1_supercontig_000004923,1,2459,671604276,671604276
GL839336.1,Chr1_supercontig_000004924,1,1663,671605939,671605939
GL839337.1,Chr1_supercontig_000004925,1,1555,671607494,671607494
GL839338.1,Chr1_supercontig_000004926,1,1818,671609312,671609312
GL839339.1,Chr1_supercontig_000004927,1,1722,671611034,671611034
GL839340.1,Chr1_supercontig_000004928,1,2031,671613065,671613065
GL839341.1,Chr1_supercontig_000004929,1,2449,671615514,671615514
GL839342.1,Chr1_supercontig_000004930,1,2882,671618396,671618396
GL839343.1,Chr1_supercontig_000004931,1,4821,671623217,671623217
GL839344.1,Chr1_supercontig_000004932,1,3333,671626550,671626550
GL839345.1,Chr1_supercontig_000004933,1,1756,671628306,671628306
GL839346.1,Chr1_supercontig_000004934,1,1840,671630146,671630146
GL839347.1,Chr1_supercontig_000004935,1,3596,671633742,671633742
GL839348.1,Chr1_supercontig_000004936,1,4135,671637877,671637877
GL839349.1,Chr1_supercontig_000004937,1,2089,671639966,671639966
GL839350.1,Chr1_supercontig_000004938,1,3499,671643465,671643465
GL839351.1,Chr1_supercontig_000004939,1,1810,671645275,671645275
GL839352.1,Chr1_supercontig_000004940,1,3307,671648582,671648582
GL839353.1,Chr1_supercontig_000004941,1,6586,671655168,671655168
GL839354.1,Chr1_supercontig_000004942,1,2662,671657830,671657830
GL839355.1,Chr1_supercontig_000004943,1,2200,671660030,671660030
GL839356.1,Chr1_supercontig_000004944,1,1969,671661999,671661999
GL839357.1,Chr1_supercontig_000004945,1,1978,671663977,671663977
GL839358.1,Chr1_supercontig_000004946,1,3561,671667538,671667538
GL839359.1,Chr1_supercontig_000004947,1,5610,671673148,671673148
GL839360.1,Chr1_supercontig_000004948,1,2220,671675368,671675368
GL839361.1,Chr1_supercontig_000004949,1,2880,671678248,671678248
GL839362.1,Chr1_supercontig_000004950,1,2951,671681199,671681199
GL839363.1,Chr1_supercontig_000004951,1,1691,671682890,671682890
GL839364.1,Chr1_supercontig_000004952,1,2260,671685150,671685150
GL839365.1,Chr1_supercontig_000004953,1,1683,671686833,671686833
GL839366.1,Chr1_supercontig_000004954,1,2005,671688838,671688838
GL839367.1,Chr1_supercontig_000004955,1,2183,671691021,671691021
GL839368.1,Chr1_supercontig_000004956,1,2052,671693073,671693073
GL839369.1,Chr1_supercontig_000004957,1,4868,671697941,671697941
GL839370.1,Chr1_supercontig_000004958,1,2130,671700071,671700071
GL839371.1,Chr1_supercontig_000004959,1,5893,671705964,671705964
GL839372.1,Chr1_supercontig_000004960,1,7466,671713430,671713430
GL839373.1,Chr1_supercontig_000004961,1,2220,671715650,671715650
GL839374.1,Chr1_supercontig_000004962,1,1675,671717325,671717325
GL839375.1,Chr1_supercontig_000004963,1,5021,671722346,671722346
GL839376.1,Chr1_supercontig_000004964,1,1550,671723896,671723896
GL839377.1,Chr1_supercontig_000004965,1,2058,671725954,671725954
GL839378.1,Chr1_supercontig_000004966,1,3679,671729633,671729633
GL839379.1,Chr1_supercontig_000004967,1,1681,671731314,671731314
GL839380.1,Chr1_supercontig_000004968,1,1510,671732824,671732824
GL839381.1,Chr1_supercontig_000004969,1,1903,671734727,671734727
GL839382.1,Chr1_supercontig_000004970,1,1929,671736656,671736656
GL839383.1,Chr1_supercontig_000004971,1,2033,671738689,671738689
GL839384.1,Chr1_supercontig_000004972,1,1991,671740680,671740680
GL839385.1,Chr1_supercontig_000004973,1,1772,671742452,671742452
GL839386.1,Chr1_supercontig_000004974,1,2495,671744947,671744947
GL839387.1,Chr1_supercontig_000004975,1,4756,671749703,671749703
GL839388.1,Chr1_supercontig_000004976,1,1776,671751479,671751479
GL839389.1,Chr1_supercontig_000004977,1,3009,671754488,671754488
GL839390.1,Chr1_supercontig_000004978,1,5740,671760228,671760228
GL839391.1,Chr1_supercontig_000004979,1,3494,671763722,671763722
GL839392.1,Chr1_supercontig_000004980,1,6936,671770658,671770658
GL839393.1,Chr1_supercontig_000004981,1,2047,671772705,671772705
GL839394.1,Chr1_supercontig_000004982,1,1752,671774457,671774457
GL839395.1,Chr1_supercontig_000004983,1,3320,671777777,671777777
GL839396.1,Chr1_supercontig_000004984,1,2318,671780095,671780095
GL839397.1,Chr1_supercontig_000004985,1,2484,671782579,671782579
GL839398.1,Chr1_supercontig_000004986,1,1675,671784254,671784254
GL839399.1,Chr1_supercontig_000004987,1,1665,671785919,671785919
GL839400.1,Chr1_supercontig_000004988,1,3570,671789489,671789489
GL839401.1,Chr1_supercontig_000004989,1,1546,671791035,671791035
GL839402.1,Chr1_supercontig_000004990,1,2772,671793807,671793807
GL839403.1,Chr1_supercontig_000004991,1,2313,671796120,671796120
GL839404.1,Chr1_supercontig_000004992,1,4108,671800228,671800228
GL839405.1,Chr1_supercontig_000004993,1,2645,671802873,671802873
GL839406.1,Chr1_supercontig_000004994,1,4249,671807122,671807122
GL839407.1,Chr1_supercontig_000004995,1,4038,671811160,671811160
GL839408.1,Chr1_supercontig_000004996,1,2793,671813953,671813953
GL839409.1,Chr1_supercontig_000004997,1,1934,671815887,671815887
GL839410.1,Chr1_supercontig_000004998,1,3054,671818941,671818941
GL839411.1,Chr1_supercontig_000004999,1,2471,671821412,671821412
GL839412.1,Chr1_supercontig_000005000,1,1557,671822969,671822969
GL839413.1,Chr1_supercontig_000005001,1,2304,671825273,671825273
GL839414.1,Chr1_supercontig_000005002,1,1526,671826799,671826799
GL839415.1,Chr1_supercontig_000005003,1,2048,671828847,671828847
GL839416.1,Chr1_supercontig_000005004,1,2301,671831148,671831148
GL839417.1,Chr1_supercontig_000005005,1,2352,671833500,671833500
GL839418.1,Chr1_supercontig_000005006,1,4629,671838129,671838129
GL839419.1,Chr1_supercontig_000005007,1,2773,671840902,671840902
GL839420.1,Chr1_supercontig_000005008,1,1761,671842663,671842663
GL839421.1,Chr1_supercontig_000005009,1,2328,671844991,671844991
GL839422.1,Chr1_supercontig_000005010,1,1518,671846509,671846509
GL839423.1,Chr1_supercontig_000005011,1,1753,671848262,671848262
GL839424.1,Chr1_supercontig_000005012,1,3701,671851963,671851963
GL839425.1,Chr1_supercontig_000005013,1,1535,671853498,671853498
GL839426.1,Chr1_supercontig_000005014,1,1749,671855247,671855247
GL839427.1,Chr1_supercontig_000005015,1,4496,671859743,671859743
GL839428.1,Chr1_supercontig_000005016,1,2010,671861753,671861753
GL839429.1,Chr1_supercontig_000005017,1,3465,671865218,671865218
GL839430.1,Chr1_supercontig_000005018,1,2918,671868136,671868136
GL839431.1,Chr1_supercontig_000005019,1,14037,671882173,671882173
GL839432.1,Chr1_supercontig_000005020,1,1840,671884013,671884013
GL839433.1,Chr1_supercontig_000005021,1,3209,671887222,671887222
GL839434.1,Chr1_supercontig_000005022,1,2173,671889395,671889395
GL839435.1,Chr1_supercontig_000005023,1,2099,671891494,671891494
GL839436.1,Chr1_supercontig_000005024,1,2689,671894183,671894183
GL839437.1,Chr1_supercontig_000005025,1,1744,671895927,671895927
GL839438.1,Chr1_supercontig_000005026,1,1946,671897873,671897873
GL839439.1,Chr1_supercontig_000005027,1,1764,671899637,671899637
GL839440.1,Chr1_supercontig_000005028,1,1508,671901145,671901145
GL839441.1,Chr1_supercontig_000005029,1,3224,671904369,671904369
GL839442.1,Chr1_supercontig_000005030,1,10108,671914477,671914477
GL839443.1,Chr1_supercontig_000005031,1,5235,671919712,671919712
GL839444.1,Chr1_supercontig_000005032,1,1659,671921371,671921371
GL839445.1,Chr1_supercontig_000005033,1,5610,671926981,671926981
GL839446.1,Chr1_supercontig_000005034,1,2072,671929053,671929053
GL839447.1,Chr1_supercontig_000005035,1,8328,671937381,671937381
GL839448.1,Chr1_supercontig_000005036,1,11114,671948495,671948495
GL839449.1,Chr1_supercontig_000005037,1,12392,671960887,671960887
GL839450.1,Chr1_supercontig_000005038,1,7369,671968256,671968256
GL839451.1,Chr1_supercontig_000005039,1,5239,671973495,671973495
GL839452.1,Chr1_supercontig_000005040,1,2038,671975533,671975533
GL839453.1,Chr1_supercontig_000005041,1,3538,671979071,671979071
GL839454.1,Chr1_supercontig_000005042,1,3472,671982543,671982543
GL839455.1,Chr1_supercontig_000005043,1,2855,671985398,671985398
GL839456.1,Chr1_supercontig_000005044,1,2642,671988040,671988040
GL839457.1,Chr1_supercontig_000005045,1,2059,671990099,671990099
GL839458.1,Chr1_supercontig_000005046,1,2115,671992214,671992214
GL839459.1,Chr1_supercontig_000005047,1,3637,671995851,671995851
GL839460.1,Chr1_supercontig_000005048,1,2181,671998032,671998032
GL839461.1,Chr1_supercontig_000005049,1,3220,672001252,672001252
GL839462.1,Chr1_supercontig_000005050,1,16601,672017853,672017853
GL839463.1,Chr1_supercontig_000005051,1,2539,672020392,672020392
GL839464.1,Chr1_supercontig_000005052,1,4028,672024420,672024420
GL839465.1,Chr1_supercontig_000005053,1,6175,672030595,672030595
GL839466.1,Chr1_supercontig_000005054,1,2340,672032935,672032935
GL839467.1,Chr1_supercontig_000005055,1,3790,672036725,672036725
GL839468.1,Chr1_supercontig_000005056,1,3375,672040100,672040100
GL839469.1,Chr1_supercontig_000005057,1,12288,672052388,672052388
GL839470.1,Chr1_supercontig_000005058,1,2392,672054780,672054780
GL839471.1,Chr1_supercontig_000005059,1,9537,672064317,672064317
GL839472.1,Chr1_supercontig_000005060,1,3059,672067376,672067376
GL839473.1,Chr1_supercontig_000005061,1,2304,672069680,672069680
GL839474.1,Chr1_supercontig_000005062,1,2004,672071684,672071684
GL839475.1,Chr1_supercontig_000005063,1,3552,672075236,672075236
GL839476.1,Chr1_supercontig_000005064,1,2638,672077874,672077874
GL839477.1,Chr1_supercontig_000005065,1,3330,672081204,672081204
GL839478.1,Chr1_supercontig_000005066,1,5123,672086327,672086327
GL839479.1,Chr1_supercontig_000005067,1,2771,672089098,672089098
GL839480.1,Chr1_supercontig_000005068,1,7934,672097032,672097032
GL839481.1,Chr1_supercontig_000005069,1,1553,672098585,672098585
GL839482.1,Chr1_supercontig_000005070,1,2656,672101241,672101241
GL839483.1,Chr1_supercontig_000005071,1,2336,672103577,672103577
GL839484.1,Chr1_supercontig_000005072,1,1741,672105318,672105318
GL839485.1,Chr1_supercontig_000005073,1,7168,672112486,672112486
GL839486.1,Chr1_supercontig_000005074,1,5191,672117677,672117677
GL839487.1,Chr1_supercontig_000005075,1,7300,672124977,672124977
GL839488.1,Chr1_supercontig_000005076,1,1747,672126724,672126724
GL839489.1,Chr1_supercontig_000005077,1,1753,672128477,672128477
GL839490.1,Chr1_supercontig_000005078,1,2270,672130747,672130747
GL839491.1,Chr1_supercontig_000005079,1,1624,672132371,672132371
GL839492.1,Chr1_supercontig_000005080,1,3984,672136355,672136355
GL839493.1,Chr1_supercontig_000005081,1,4941,672141296,672141296
GL839494.1,Chr1_supercontig_000005082,1,2427,672143723,672143723
GL839495.1,Chr1_supercontig_000005083,1,2173,672145896,672145896
GL839496.1,Chr1_supercontig_000005084,1,2295,672148191,672148191
GL839497.1,Chr1_supercontig_000005085,1,2576,672150767,672150767
GL839498.1,Chr1_supercontig_000005086,1,1571,672152338,672152338
GL839499.1,Chr1_supercontig_000005087,1,1530,672153868,672153868
GL839500.1,Chr1_supercontig_000005088,1,9339,672163207,672163207
GL839501.1,Chr1_supercontig_000005089,1,2490,672165697,672165697
GL839502.1,Chr1_supercontig_000005090,1,4954,672170651,672170651
GL839503.1,Chr1_supercontig_000005091,1,3025,672173676,672173676
GL839504.1,Chr1_supercontig_000005092,1,1734,672175410,672175410
GL839505.1,Chr1_supercontig_000005093,1,3471,672178881,672178881
GL839506.1,Chr1_supercontig_000005094,1,1614,672180495,672180495
GL839507.1,Chr1_supercontig_000005095,1,2840,672183335,672183335
GL839508.1,Chr1_supercontig_000005096,1,3361,672186696,672186696
GL839509.1,Chr1_supercontig_000005097,1,4160,672190856,672190856
GL839510.1,Chr1_supercontig_000005098,1,1623,672192479,672192479
GL839511.1,Chr1_supercontig_000005099,1,2130,672194609,672194609
GL839512.1,Chr1_supercontig_000005100,1,4108,672198717,672198717
GL839513.1,Chr1_supercontig_000005101,1,1773,672200490,672200490
GL839514.1,Chr1_supercontig_000005102,1,2721,672203211,672203211
GL839515.1,Chr1_supercontig_000005103,1,1821,672205032,672205032
GL839516.1,Chr1_supercontig_000005104,1,2302,672207334,672207334
GL839517.1,Chr1_supercontig_000005105,1,2289,672209623,672209623
GL839518.1,Chr1_supercontig_000005106,1,3326,672212949,672212949
GL839519.1,Chr1_supercontig_000005107,1,6111,672219060,672219060
GL839520.1,Chr1_supercontig_000005108,1,3716,672222776,672222776
GL839521.1,Chr1_supercontig_000005109,1,1854,672224630,672224630
GL839522.1,Chr1_supercontig_000005110,1,1866,672226496,672226496
GL839523.1,Chr1_supercontig_000005111,1,2805,672229301,672229301
GL839524.1,Chr1_supercontig_000005112,1,1723,672231024,672231024
GL839525.1,Chr1_supercontig_000005113,1,1803,672232827,672232827
GL839526.1,Chr1_supercontig_000005114,1,1676,672234503,672234503
GL839527.1,Chr1_supercontig_000005115,1,2897,672237400,672237400
GL839528.1,Chr1_supercontig_000005116,1,2224,672239624,672239624
GL839529.1,Chr1_supercontig_000005117,1,2537,672242161,672242161
GL839530.1,Chr1_supercontig_000005118,1,7475,672249636,672249636
GL839531.1,Chr1_supercontig_000005119,1,7702,672257338,672257338
GL839532.1,Chr1_supercontig_000005120,1,1818,672259156,672259156
GL839533.1,Chr1_supercontig_000005121,1,2689,672261845,672261845
GL839534.1,Chr1_supercontig_000005122,1,1889,672263734,672263734
GL839535.1,Chr1_supercontig_000005123,1,1719,672265453,672265453
GL839536.1,Chr1_supercontig_000005124,1,1891,672267344,672267344
GL839537.1,Chr1_supercontig_000005125,1,3567,672270911,672270911
GL839538.1,Chr1_supercontig_000005126,1,4468,672275379,672275379
GL839539.1,Chr1_supercontig_000005127,1,2836,672278215,672278215
GL839540.1,Chr1_supercontig_000005128,1,1561,672279776,672279776
GL839541.1,Chr1_supercontig_000005129,1,2168,672281944,672281944
GL839542.1,Chr1_supercontig_000005130,1,1549,672283493,672283493
GL839543.1,Chr1_supercontig_000005131,1,3044,672286537,672286537
GL839544.1,Chr1_supercontig_000005132,1,2134,672288671,672288671
GL839545.1,Chr1_supercontig_000005133,1,1719,672290390,672290390
GL839546.1,Chr1_supercontig_000005134,1,3872,672294262,672294262
GL839547.1,Chr1_supercontig_000005135,1,3413,672297675,672297675
GL839548.1,Chr1_supercontig_000005136,1,2107,672299782,672299782
GL839549.1,Chr1_supercontig_000005137,1,3092,672302874,672302874
GL839550.1,Chr1_supercontig_000005138,1,5592,672308466,672308466
GL839551.1,Chr1_supercontig_000005139,1,3127,672311593,672311593
GL839552.1,Chr1_supercontig_000005140,1,2474,672314067,672314067
GL839553.1,Chr1_supercontig_000005141,1,2752,672316819,672316819
GL839554.1,Chr1_supercontig_000005142,1,2722,672319541,672319541
GL839555.1,Chr1_supercontig_000005143,1,1796,672321337,672321337
GL839556.1,Chr1_supercontig_000005144,1,1534,672322871,672322871
GL839557.1,Chr1_supercontig_000005145,1,2094,672324965,672324965
GL839558.1,Chr1_supercontig_000005146,1,2294,672327259,672327259
GL839559.1,Chr1_supercontig_000005147,1,1661,672328920,672328920
GL839560.1,Chr1_supercontig_000005148,1,2627,672331547,672331547
GL839561.1,Chr1_supercontig_000005149,1,2636,672334183,672334183
GL839562.1,Chr1_supercontig_000005150,1,2533,672336716,672336716
GL839563.1,Chr1_supercontig_000005151,1,4079,672340795,672340795
GL839564.1,Chr1_supercontig_000005152,1,2399,672343194,672343194
GL839565.1,Chr1_supercontig_000005153,1,3318,672346512,672346512
GL839566.1,Chr1_supercontig_000005154,1,2036,672348548,672348548
GL839567.1,Chr1_supercontig_000005155,1,3758,672352306,672352306
GL839568.1,Chr1_supercontig_000005156,1,3044,672355350,672355350
GL839569.1,Chr1_supercontig_000005157,1,1740,672357090,672357090
GL839570.1,Chr1_supercontig_000005158,1,2034,672359124,672359124
GL839571.1,Chr1_supercontig_000005159,1,3518,672362642,672362642
GL839572.1,Chr1_supercontig_000005160,1,2086,672364728,672364728
GL839573.1,Chr1_supercontig_000005161,1,2467,672367195,672367195
GL839574.1,Chr1_supercontig_000005162,1,1806,672369001,672369001
GL839575.1,Chr1_supercontig_000005163,1,1553,672370554,672370554
GL839576.1,Chr1_supercontig_000005164,1,1518,672372072,672372072
GL839577.1,Chr1_supercontig_000005165,1,3051,672375123,672375123
GL839578.1,Chr1_supercontig_000005166,1,2058,672377181,672377181
GL839579.1,Chr1_supercontig_000005167,1,1570,672378751,672378751
GL839580.1,Chr1_supercontig_000005168,1,2699,672381450,672381450
GL839581.1,Chr1_supercontig_000005169,1,1747,672383197,672383197
GL839582.1,Chr1_supercontig_000005170,1,5510,672388707,672388707
GL839583.1,Chr1_supercontig_000005171,1,2554,672391261,672391261
GL839584.1,Chr1_supercontig_000005172,1,2850,672394111,672394111
GL839585.1,Chr1_supercontig_000005173,1,1836,672395947,672395947
GL839586.1,Chr1_supercontig_000005174,1,3518,672399465,672399465
GL839587.1,Chr1_supercontig_000005175,1,1540,672401005,672401005
GL839588.1,Chr1_supercontig_000005176,1,2734,672403739,672403739
GL839589.1,Chr1_supercontig_000005177,1,3032,672406771,672406771
GL839590.1,Chr1_supercontig_000005178,1,1719,672408490,672408490
GL839591.1,Chr1_supercontig_000005179,1,1989,672410479,672410479
GL839592.1,Chr1_supercontig_000005180,1,2845,672413324,672413324
GL839593.1,Chr1_supercontig_000005181,1,1892,672415216,672415216
GL839594.1,Chr1_supercontig_000005182,1,2187,672417403,672417403
GL839595.1,Chr1_supercontig_000005183,1,1701,672419104,672419104
GL839596.1,Chr1_supercontig_000005184,1,6581,672425685,672425685
GL839597.1,Chr1_supercontig_000005185,1,3402,672429087,672429087
GL839598.1,Chr1_supercontig_000005186,1,4574,672433661,672433661
GL839599.1,Chr1_supercontig_000005187,1,1671,672435332,672435332
GL839600.1,Chr1_supercontig_000005188,1,2050,672437382,672437382
GL839601.1,Chr1_supercontig_000005189,1,2035,672439417,672439417
GL839602.1,Chr1_supercontig_000005190,1,1996,672441413,672441413
GL839603.1,Chr1_supercontig_000005191,1,7886,672449299,672449299
GL839604.1,Chr1_supercontig_000005192,1,3248,672452547,672452547
GL839605.1,Chr1_supercontig_000005193,1,2910,672455457,672455457
GL839606.1,Chr1_supercontig_000005194,1,2028,672457485,672457485
GL839607.1,Chr1_supercontig_000005195,1,1739,672459224,672459224
GL839608.1,Chr1_supercontig_000005196,1,3742,672462966,672462966
GL839609.1,Chr1_supercontig_000005197,1,5686,672468652,672468652
GL839610.1,Chr1_supercontig_000005198,1,2140,672470792,672470792
GL839611.1,Chr1_supercontig_000005199,1,2836,672473628,672473628
GL839612.1,Chr1_supercontig_000005200,1,2109,672475737,672475737
GL839613.1,Chr1_supercontig_000005201,1,2562,672478299,672478299
GL839614.1,Chr1_supercontig_000005202,1,2115,672480414,672480414
GL839615.1,Chr1_supercontig_000005203,1,4012,672484426,672484426
GL839616.1,Chr1_supercontig_000005204,1,1965,672486391,672486391
GL839617.1,Chr1_supercontig_000005205,1,1536,672487927,672487927
GL839618.1,Chr1_supercontig_000005206,1,1630,672489557,672489557
GL839619.1,Chr1_supercontig_000005207,1,1638,672491195,672491195
GL839620.1,Chr1_supercontig_000005208,1,3238,672494433,672494433
GL839621.1,Chr1_supercontig_000005209,1,4899,672499332,672499332
GL839622.1,Chr1_supercontig_000005210,1,1504,672500836,672500836
GL839623.1,Chr1_supercontig_000005211,1,1632,672502468,672502468
GL839624.1,Chr1_supercontig_000005212,1,4484,672506952,672506952
GL839625.1,Chr1_supercontig_000005213,1,3734,672510686,672510686
GL839626.1,Chr1_supercontig_000005214,1,1645,672512331,672512331
GL839627.1,Chr1_supercontig_000005215,1,2748,672515079,672515079
GL839628.1,Chr1_supercontig_000005216,1,1752,672516831,672516831
GL839629.1,Chr1_supercontig_000005217,1,4655,672521486,672521486
GL839630.1,Chr1_supercontig_000005218,1,1638,672523124,672523124
GL839631.1,Chr1_supercontig_000005219,1,3376,672526500,672526500
GL839632.1,Chr1_supercontig_000005220,1,2108,672528608,672528608
GL839633.1,Chr1_supercontig_000005221,1,2369,672530977,672530977
GL839634.1,Chr1_supercontig_000005222,1,3975,672534952,672534952
GL839635.1,Chr1_supercontig_000005223,1,1747,672536699,672536699
GL839636.1,Chr1_supercontig_000005224,1,2390,672539089,672539089
GL839637.1,Chr1_supercontig_000005225,1,3327,672542416,672542416
GL839638.1,Chr1_supercontig_000005226,1,4722,672547138,672547138
GL839639.1,Chr1_supercontig_000005227,1,7593,672554731,672554731
GL839640.1,Chr1_supercontig_000005228,1,10852,672565583,672565583
GL839641.1,Chr1_supercontig_000005229,1,7275,672572858,672572858
GL839642.1,Chr1_supercontig_000005230,1,15937,672588795,672588795
GL839643.1,Chr1_supercontig_000005231,1,2080,672590875,672590875
GL839644.1,Chr1_supercontig_000005232,1,4043,672594918,672594918
GL839645.1,Chr1_supercontig_000005233,1,4223,672599141,672599141
GL839646.1,Chr1_supercontig_000005234,1,4199,672603340,672603340
GL839647.1,Chr1_supercontig_000005235,1,1986,672605326,672605326
GL839648.1,Chr1_supercontig_000005236,1,2395,672607721,672607721
GL839649.1,Chr1_supercontig_000005237,1,2899,672610620,672610620
GL839650.1,Chr1_supercontig_000005238,1,9293,672619913,672619913
GL839651.1,Chr1_supercontig_000005239,1,5000,672624913,672624913
GL839652.1,Chr1_supercontig_000005240,1,2214,672627127,672627127
GL839653.1,Chr1_supercontig_000005241,1,5953,672633080,672633080
GL839654.1,Chr1_supercontig_000005242,1,2740,672635820,672635820
GL839655.1,Chr1_supercontig_000005243,1,13412,672649232,672649232
GL839656.1,Chr1_supercontig_000005244,1,2435,672651667,672651667
GL839657.1,Chr1_supercontig_000005245,1,3489,672655156,672655156
GL839658.1,Chr1_supercontig_000005246,1,3260,672658416,672658416
GL839659.1,Chr1_supercontig_000005247,1,1732,672660148,672660148
GL839660.1,Chr1_supercontig_000005248,1,4795,672664943,672664943
GL839661.1,Chr1_supercontig_000005249,1,2271,672667214,672667214
GL839662.1,Chr1_supercontig_000005250,1,1759,672668973,672668973
GL839663.1,Chr1_supercontig_000005251,1,4820,672673793,672673793
GL839664.1,Chr1_supercontig_000005252,1,8850,672682643,672682643
GL839665.1,Chr1_supercontig_000005253,1,2530,672685173,672685173
GL839666.1,Chr1_supercontig_000005254,1,1757,672686930,672686930
GL839667.1,Chr1_supercontig_000005255,1,2644,672689574,672689574
GL839668.1,Chr1_supercontig_000005256,1,2873,672692447,672692447
GL839669.1,Chr1_supercontig_000005257,1,2493,672694940,672694940
GL839670.1,Chr1_supercontig_000005258,1,1516,672696456,672696456
GL839671.1,Chr1_supercontig_000005259,1,3002,672699458,672699458
GL839672.1,Chr1_supercontig_000005260,1,6794,672706252,672706252
GL839673.1,Chr1_supercontig_000005261,1,4176,672710428,672710428
GL839674.1,Chr1_supercontig_000005262,1,3450,672713878,672713878
GL839675.1,Chr1_supercontig_000005263,1,2020,672715898,672715898
GL839676.1,Chr1_supercontig_000005264,1,1907,672717805,672717805
GL839677.1,Chr1_supercontig_000005265,1,3258,672721063,672721063
GL839678.1,Chr1_supercontig_000005266,1,6584,672727647,672727647
GL839679.1,Chr1_supercontig_000005267,1,5673,672733320,672733320
GL839680.1,Chr1_supercontig_000005268,1,1530,672734850,672734850
GL839681.1,Chr1_supercontig_000005269,1,2218,672737068,672737068
GL839682.1,Chr1_supercontig_000005270,1,2760,672739828,672739828
GL839683.1,Chr1_supercontig_000005271,1,6621,672746449,672746449
GL839684.1,Chr1_supercontig_000005272,1,2347,672748796,672748796
GL839685.1,Chr1_supercontig_000005273,1,1787,672750583,672750583
GL839686.1,Chr1_supercontig_000005274,1,2071,672752654,672752654
GL839687.1,Chr1_supercontig_000005275,1,7471,672760125,672760125
GL839688.1,Chr1_supercontig_000005276,1,2191,672762316,672762316
GL839689.1,Chr1_supercontig_000005277,1,4674,672766990,672766990
GL839690.1,Chr1_supercontig_000005278,1,1631,672768621,672768621
GL839691.1,Chr1_supercontig_000005279,1,1958,672770579,672770579
GL839692.1,Chr1_supercontig_000005280,1,2373,672772952,672772952
GL839693.1,Chr1_supercontig_000005281,1,2531,672775483,672775483
GL839694.1,Chr1_supercontig_000005282,1,2501,672777984,672777984
GL839695.1,Chr1_supercontig_000005283,1,3530,672781514,672781514
GL839696.1,Chr1_supercontig_000005284,1,2885,672784399,672784399
GL839697.1,Chr1_supercontig_000005285,1,1815,672786214,672786214
GL839698.1,Chr1_supercontig_000005286,1,3146,672789360,672789360
GL839699.1,Chr1_supercontig_000005287,1,1554,672790914,672790914
GL839700.1,Chr1_supercontig_000005288,1,2086,672793000,672793000
GL839701.1,Chr1_supercontig_000005289,1,1856,672794856,672794856
GL839702.1,Chr1_supercontig_000005290,1,1716,672796572,672796572
GL839703.1,Chr1_supercontig_000005291,1,3049,672799621,672799621
GL839704.1,Chr1_supercontig_000005292,1,3007,672802628,672802628
GL839705.1,Chr1_supercontig_000005293,1,1630,672804258,672804258
GL839706.1,Chr1_supercontig_000005294,1,4349,672808607,672808607
GL839707.1,Chr1_supercontig_000005295,1,2236,672810843,672810843
GL839708.1,Chr1_supercontig_000005296,1,2555,672813398,672813398
GL839709.1,Chr1_supercontig_000005297,1,3353,672816751,672816751
GL839710.1,Chr1_supercontig_000005298,1,3926,672820677,672820677
GL839711.1,Chr1_supercontig_000005299,1,2572,672823249,672823249
GL839712.1,Chr1_supercontig_000005300,1,1661,672824910,672824910
GL839713.1,Chr1_supercontig_000005301,1,3020,672827930,672827930
GL839714.1,Chr1_supercontig_000005302,1,2475,672830405,672830405
GL839715.1,Chr1_supercontig_000005303,1,1592,672831997,672831997
GL839716.1,Chr1_supercontig_000005304,1,2715,672834712,672834712
GL839717.1,Chr1_supercontig_000005305,1,2717,672837429,672837429
GL839718.1,Chr1_supercontig_000005306,1,1994,672839423,672839423
GL839719.1,Chr1_supercontig_000005307,1,4013,672843436,672843436
GL839720.1,Chr1_supercontig_000005308,1,4915,672848351,672848351
GL839721.1,Chr1_supercontig_000005309,1,3437,672851788,672851788
GL839722.1,Chr1_supercontig_000005310,1,1684,672853472,672853472
GL839723.1,Chr1_supercontig_000005311,1,2080,672855552,672855552
GL839724.1,Chr1_supercontig_000005312,1,3302,672858854,672858854
GL839725.1,Chr1_supercontig_000005313,1,2575,672861429,672861429
GL839726.1,Chr1_supercontig_000005314,1,3592,672865021,672865021
GL839727.1,Chr1_supercontig_000005315,1,2506,672867527,672867527
GL839728.1,Chr1_supercontig_000005316,1,1638,672869165,672869165
GL839729.1,Chr1_supercontig_000005317,1,2191,672871356,672871356
GL839730.1,Chr1_supercontig_000005318,1,2363,672873719,672873719
GL839731.1,Chr1_supercontig_000005319,1,1584,672875303,672875303
GL839732.1,Chr1_supercontig_000005320,1,10067,672885370,672885370
GL839733.1,Chr1_supercontig_000005321,1,2618,672887988,672887988
GL839734.1,Chr1_supercontig_000005322,1,5304,672893292,672893292
GL839735.1,Chr1_supercontig_000005323,1,3764,672897056,672897056
GL839736.1,Chr1_supercontig_000005324,1,3531,672900587,672900587
GL839737.1,Chr1_supercontig_000005325,1,2245,672902832,672902832
GL839738.1,Chr1_supercontig_000005326,1,5237,672908069,672908069
GL839739.1,Chr1_supercontig_000005327,1,3612,672911681,672911681
GL839740.1,Chr1_supercontig_000005328,1,1791,672913472,672913472
GL839741.1,Chr1_supercontig_000005329,1,5513,672918985,672918985
GL839742.1,Chr1_supercontig_000005330,1,6118,672925103,672925103
GL839743.1,Chr1_supercontig_000005331,1,6004,672931107,672931107
GL839744.1,Chr1_supercontig_000005332,1,1783,672932890,672932890
GL839745.1,Chr1_supercontig_000005333,1,16630,672949520,672949520
GL839746.1,Chr1_supercontig_000005334,1,3019,672952539,672952539
GL839747.1,Chr1_supercontig_000005335,1,1977,672954516,672954516
GL839748.1,Chr1_supercontig_000005336,1,2701,672957217,672957217
GL839749.1,Chr1_supercontig_000005337,1,1740,672958957,672958957
GL839750.1,Chr1_supercontig_000005338,1,2026,672960983,672960983
GL839751.1,Chr1_supercontig_000005339,1,3127,672964110,672964110
GL839752.1,Chr1_supercontig_000005340,1,3233,672967343,672967343
GL839753.1,Chr1_supercontig_000005341,1,5654,672972997,672972997
GL839754.1,Chr1_supercontig_000005342,1,1568,672974565,672974565
GL839755.1,Chr1_supercontig_000005343,1,2382,672976947,672976947
GL839756.1,Chr1_supercontig_000005344,1,4231,672981178,672981178
GL839757.1,Chr1_supercontig_000005345,1,1527,672982705,672982705
GL839758.1,Chr1_supercontig_000005346,1,1590,672984295,672984295
GL839759.1,Chr1_supercontig_000005347,1,3320,672987615,672987615
GL839760.1,Chr1_supercontig_000005348,1,1701,672989316,672989316
GL839761.1,Chr1_supercontig_000005349,1,1731,672991047,672991047
GL839762.1,Chr1_supercontig_000005350,1,3455,672994502,672994502
GL839763.1,Chr1_supercontig_000005351,1,2540,672997042,672997042
GL839764.1,Chr1_supercontig_000005352,1,1554,672998596,672998596
GL839765.1,Chr1_supercontig_000005353,1,2038,673000634,673000634
GL839766.1,Chr1_supercontig_000005354,1,3251,673003885,673003885
GL839767.1,Chr1_supercontig_000005355,1,1665,673005550,673005550
GL839768.1,Chr1_supercontig_000005356,1,4025,673009575,673009575
GL839769.1,Chr1_supercontig_000005357,1,2654,673012229,673012229
GL839770.1,Chr1_supercontig_000005358,1,2000,673014229,673014229
GL839771.1,Chr1_supercontig_000005359,1,1534,673015763,673015763
GL839772.1,Chr1_supercontig_000005360,1,2675,673018438,673018438
GL839773.1,Chr1_supercontig_000005361,1,2325,673020763,673020763
GL839774.1,Chr1_supercontig_000005362,1,3796,673024559,673024559
GL839775.1,Chr1_supercontig_000005363,1,4152,673028711,673028711
GL839776.1,Chr1_supercontig_000005364,1,4970,673033681,673033681
GL839777.1,Chr1_supercontig_000005365,1,2140,673035821,673035821
GL839778.1,Chr1_supercontig_000005366,1,9661,673045482,673045482
GL839779.1,Chr1_supercontig_000005367,1,6944,673052426,673052426
GL839780.1,Chr1_supercontig_000005368,1,6818,673059244,673059244
GL839781.1,Chr1_supercontig_000005369,1,2209,673061453,673061453
GL839782.1,Chr1_supercontig_000005370,1,2846,673064299,673064299
GL839783.1,Chr1_supercontig_000005371,1,3458,673067757,673067757
GL839784.1,Chr1_supercontig_000005372,1,1690,673069447,673069447
GL839785.1,Chr1_supercontig_000005373,1,3797,673073244,673073244
GL839786.1,Chr1_supercontig_000005374,1,10716,673083960,673083960
GL839787.1,Chr1_supercontig_000005375,1,2252,673086212,673086212
GL839788.1,Chr1_supercontig_000005376,1,2080,673088292,673088292
GL839789.1,Chr1_supercontig_000005377,1,2218,673090510,673090510
GL839790.1,Chr1_supercontig_000005378,1,4328,673094838,673094838
GL839791.1,Chr1_supercontig_000005379,1,2206,673097044,673097044
GL839792.1,Chr1_supercontig_000005380,1,2995,673100039,673100039
GL839793.1,Chr1_supercontig_000005381,1,2789,673102828,673102828
GL839794.1,Chr1_supercontig_000005382,1,4682,673107510,673107510
GL839795.1,Chr1_supercontig_000005383,1,4421,673111931,673111931
GL839796.1,Chr1_supercontig_000005384,1,1936,673113867,673113867
GL839797.1,Chr1_supercontig_000005385,1,1897,673115764,673115764
GL839798.1,Chr1_supercontig_000005386,1,1699,673117463,673117463
GL839799.1,Chr1_supercontig_000005387,1,3718,673121181,673121181
GL839800.1,Chr1_supercontig_000005388,1,3678,673124859,673124859
GL839801.1,Chr1_supercontig_000005389,1,3259,673128118,673128118
GL839802.1,Chr1_supercontig_000005390,1,1539,673129657,673129657
GL839803.1,Chr1_supercontig_000005391,1,1514,673131171,673131171
GL839804.1,Chr1_supercontig_000005392,1,3447,673134618,673134618
GL839805.1,Chr1_supercontig_000005393,1,3680,673138298,673138298
GL839806.1,Chr1_supercontig_000005394,1,8419,673146717,673146717
GL839807.1,Chr1_supercontig_000005395,1,1958,673148675,673148675
GL839808.1,Chr1_supercontig_000005396,1,5457,673154132,673154132
GL839809.1,Chr1_supercontig_000005397,1,2754,673156886,673156886
GL839810.1,Chr1_supercontig_000005398,1,3459,673160345,673160345
GL839811.1,Chr1_supercontig_000005399,1,2025,673162370,673162370
GL839812.1,Chr1_supercontig_000005400,1,4296,673166666,673166666
GL839813.1,Chr1_supercontig_000005401,1,6134,673172800,673172800
GL839814.1,Chr1_supercontig_000005402,1,3760,673176560,673176560
GL839815.1,Chr1_supercontig_000005403,1,5229,673181789,673181789
GL839816.1,Chr1_supercontig_000005404,1,6564,673188353,673188353
GL839817.1,Chr1_supercontig_000005405,1,2572,673190925,673190925
GL839818.1,Chr1_supercontig_000005406,1,1610,673192535,673192535
GL839819.1,Chr1_supercontig_000005407,1,3866,673196401,673196401
GL839820.1,Chr1_supercontig_000005408,1,3544,673199945,673199945
GL839821.1,Chr1_supercontig_000005409,1,4137,673204082,673204082
GL839822.1,Chr1_supercontig_000005410,1,1949,673206031,673206031
GL839823.1,Chr1_supercontig_000005411,1,2762,673208793,673208793
GL839824.1,Chr1_supercontig_000005412,1,2203,673210996,673210996
GL839825.1,Chr1_supercontig_000005413,1,1512,673212508,673212508
GL839826.1,Chr1_supercontig_000005414,1,2082,673214590,673214590
GL839827.1,Chr1_supercontig_000005415,1,2064,673216654,673216654
GL839828.1,Chr1_supercontig_000005416,1,3104,673219758,673219758
GL839829.1,Chr1_supercontig_000005417,1,2438,673222196,673222196
GL839830.1,Chr1_supercontig_000005418,1,2266,673224462,673224462
GL839831.1,Chr1_supercontig_000005419,1,3864,673228326,673228326
GL839832.1,Chr1_supercontig_000005420,1,5175,673233501,673233501
GL839833.1,Chr1_supercontig_000005421,1,11387,673244888,673244888
GL839834.1,Chr1_supercontig_000005422,1,1507,673246395,673246395
GL839835.1,Chr1_supercontig_000005423,1,3534,673249929,673249929
GL839836.1,Chr1_supercontig_000005424,1,14805,673264734,673264734
GL839837.1,Chr1_supercontig_000005425,1,1561,673266295,673266295
GL839838.1,Chr1_supercontig_000005426,1,9709,673276004,673276004
GL839839.1,Chr1_supercontig_000005427,1,1790,673277794,673277794
GL839840.1,Chr1_supercontig_000005428,1,7050,673284844,673284844
GL839841.1,Chr1_supercontig_000005429,1,4567,673289411,673289411
GL839842.1,Chr1_supercontig_000005430,1,1914,673291325,673291325
GL839843.1,Chr1_supercontig_000005431,1,9090,673300415,673300415
GL839844.1,Chr1_supercontig_000005432,1,1730,673302145,673302145
GL839845.1,Chr1_supercontig_000005433,1,2119,673304264,673304264
GL839846.1,Chr1_supercontig_000005434,1,1601,673305865,673305865
GL839847.1,Chr1_supercontig_000005435,1,2245,673308110,673308110
GL839848.1,Chr1_supercontig_000005436,1,12258,673320368,673320368
GL839849.1,Chr1_supercontig_000005437,1,1926,673322294,673322294
GL839850.1,Chr1_supercontig_000005438,1,5218,673327512,673327512
GL839851.1,Chr1_supercontig_000005439,1,2457,673329969,673329969
GL839852.1,Chr1_supercontig_000005440,1,4977,673334946,673334946
GL839853.1,Chr1_supercontig_000005441,1,2634,673337580,673337580
GL839854.1,Chr1_supercontig_000005442,1,1586,673339166,673339166
GL839855.1,Chr1_supercontig_000005443,1,2604,673341770,673341770
GL839856.1,Chr1_supercontig_000005444,1,2419,673344189,673344189
GL839857.1,Chr1_supercontig_000005445,1,6023,673350212,673350212
GL839858.1,Chr1_supercontig_000005446,1,1598,673351810,673351810
GL839859.1,Chr1_supercontig_000005447,1,1548,673353358,673353358
GL839860.1,Chr1_supercontig_000005448,1,15476,673368834,673368834
GL839861.1,Chr1_supercontig_000005449,1,4300,673373134,673373134
GL839862.1,Chr1_supercontig_000005450,1,10169,673383303,673383303
GL839863.1,Chr1_supercontig_000005451,1,4790,673388093,673388093
GL839864.1,Chr1_supercontig_000005452,1,3487,673391580,673391580
GL839865.1,Chr1_supercontig_000005453,1,1950,673393530,673393530
GL839866.1,Chr1_supercontig_000005454,1,4438,673397968,673397968
GL839867.1,Chr1_supercontig_000005455,1,2416,673400384,673400384
GL839868.1,Chr1_supercontig_000005456,1,2389,673402773,673402773
GL839869.1,Chr1_supercontig_000005457,1,5804,673408577,673408577
GL839870.1,Chr1_supercontig_000005458,1,3356,673411933,673411933
GL839871.1,Chr1_supercontig_000005459,1,2671,673414604,673414604
GL839872.1,Chr1_supercontig_000005460,1,2644,673417248,673417248
GL839873.1,Chr1_supercontig_000005461,1,2180,673419428,673419428
GL839874.1,Chr1_supercontig_000005462,1,3172,673422600,673422600
GL839875.1,Chr1_supercontig_000005463,1,1879,673424479,673424479
GL839876.1,Chr1_supercontig_000005464,1,3821,673428300,673428300
GL839877.1,Chr1_supercontig_000005465,1,5794,673434094,673434094
GL839878.1,Chr1_supercontig_000005466,1,5567,673439661,673439661
GL839879.1,Chr1_supercontig_000005467,1,1857,673441518,673441518
GL839880.1,Chr1_supercontig_000005468,1,1844,673443362,673443362
GL839881.1,Chr1_supercontig_000005469,1,3747,673447109,673447109
GL839882.1,Chr1_supercontig_000005470,1,4354,673451463,673451463
GL839883.1,Chr1_supercontig_000005471,1,1773,673453236,673453236
GL839884.1,Chr1_supercontig_000005472,1,1671,673454907,673454907
GL839885.1,Chr1_supercontig_000005473,1,3902,673458809,673458809
GL839886.1,Chr1_supercontig_000005474,1,1597,673460406,673460406
GL839887.1,Chr1_supercontig_000005475,1,2882,673463288,673463288
GL839888.1,Chr1_supercontig_000005476,1,6586,673469874,673469874
GL839889.1,Chr1_supercontig_000005477,1,2358,673472232,673472232
GL839890.1,Chr1_supercontig_000005478,1,1654,673473886,673473886
GL839891.1,Chr1_supercontig_000005479,1,2287,673476173,673476173
GL839892.1,Chr1_supercontig_000005480,1,2853,673479026,673479026
GL839893.1,Chr1_supercontig_000005481,1,4383,673483409,673483409
GL839894.1,Chr1_supercontig_000005482,1,1602,673485011,673485011
GL839895.1,Chr1_supercontig_000005483,1,2274,673487285,673487285
GL839896.1,Chr1_supercontig_000005484,1,1957,673489242,673489242
GL839897.1,Chr1_supercontig_000005485,1,1508,673490750,673490750
GL839898.1,Chr1_supercontig_000005486,1,1846,673492596,673492596
GL839899.1,Chr1_supercontig_000005487,1,1824,673494420,673494420
GL839900.1,Chr1_supercontig_000005488,1,1992,673496412,673496412
GL839901.1,Chr1_supercontig_000005489,1,3584,673499996,673499996
GL839902.1,Chr1_supercontig_000005490,1,1792,673501788,673501788
GL839903.1,Chr1_supercontig_000005491,1,4882,673506670,673506670
GL839904.1,Chr1_supercontig_000005492,1,2213,673508883,673508883
GL839905.1,Chr1_supercontig_000005493,1,2714,673511597,673511597
GL839906.1,Chr1_supercontig_000005494,1,1756,673513353,673513353
GL839907.1,Chr1_supercontig_000005495,1,2012,673515365,673515365
GL839908.1,Chr1_supercontig_000005496,1,5616,673520981,673520981
GL839909.1,Chr1_supercontig_000005497,1,1797,673522778,673522778
GL839910.1,Chr1_supercontig_000005498,1,7148,673529926,673529926
GL839911.1,Chr1_supercontig_000005499,1,1725,673531651,673531651
GL839912.1,Chr1_supercontig_000005500,1,1594,673533245,673533245
GL839913.1,Chr1_supercontig_000005501,1,2568,673535813,673535813
GL839914.1,Chr1_supercontig_000005502,1,5642,673541455,673541455
GL839915.1,Chr1_supercontig_000005503,1,3374,673544829,673544829
GL839916.1,Chr1_supercontig_000005504,1,5808,673550637,673550637
GL839917.1,Chr1_supercontig_000005505,1,3324,673553961,673553961
GL839918.1,Chr1_supercontig_000005506,1,4944,673558905,673558905
GL839919.1,Chr1_supercontig_000005507,1,5911,673564816,673564816
GL839920.1,Chr1_supercontig_000005508,1,1784,673566600,673566600
GL839921.1,Chr1_supercontig_000005509,1,1520,673568120,673568120
GL839922.1,Chr1_supercontig_000005510,1,1944,673570064,673570064
GL839923.1,Chr1_supercontig_000005511,1,2550,673572614,673572614
GL839924.1,Chr1_supercontig_000005512,1,4200,673576814,673576814
GL839925.1,Chr1_supercontig_000005513,1,8616,673585430,673585430
GL839926.1,Chr1_supercontig_000005514,1,2479,673587909,673587909
GL839927.1,Chr1_supercontig_000005515,1,1844,673589753,673589753
GL839928.1,Chr1_supercontig_000005516,1,3058,673592811,673592811
GL839929.1,Chr1_supercontig_000005517,1,1930,673594741,673594741
GL839930.1,Chr1_supercontig_000005518,1,4046,673598787,673598787
GL839931.1,Chr1_supercontig_000005519,1,1872,673600659,673600659
GL839932.1,Chr1_supercontig_000005520,1,2110,673602769,673602769
GL839933.1,Chr1_supercontig_000005521,1,2261,673605030,673605030
GL839934.1,Chr1_supercontig_000005522,1,1541,673606571,673606571
GL839935.1,Chr1_supercontig_000005523,1,2046,673608617,673608617
GL839936.1,Chr1_supercontig_000005524,1,3064,673611681,673611681
GL839937.1,Chr1_supercontig_000005525,1,1887,673613568,673613568
GL839938.1,Chr1_supercontig_000005526,1,2072,673615640,673615640
GL839939.1,Chr1_supercontig_000005527,1,2256,673617896,673617896
GL839940.1,Chr1_supercontig_000005528,1,3939,673621835,673621835
GL839941.1,Chr1_supercontig_000005529,1,3698,673625533,673625533
GL839942.1,Chr1_supercontig_000005530,1,2519,673628052,673628052
GL839943.1,Chr1_supercontig_000005531,1,2149,673630201,673630201
GL839944.1,Chr1_supercontig_000005532,1,1832,673632033,673632033
GL839945.1,Chr1_supercontig_000005533,1,3035,673635068,673635068
GL839946.1,Chr1_supercontig_000005534,1,2167,673637235,673637235
GL839947.1,Chr1_supercontig_000005535,1,2129,673639364,673639364
GL839948.1,Chr1_supercontig_000005536,1,30639,673670003,673670003
GL839949.1,Chr1_supercontig_000005537,1,9220,673679223,673679223
GL839950.1,Chr1_supercontig_000005538,1,1992,673681215,673681215
GL839951.1,Chr1_supercontig_000005539,1,1987,673683202,673683202
GL839952.1,Chr1_supercontig_000005540,1,1659,673684861,673684861
GL839953.1,Chr1_supercontig_000005541,1,2197,673687058,673687058
GL839954.1,Chr1_supercontig_000005542,1,1893,673688951,673688951
GL839955.1,Chr1_supercontig_000005543,1,2355,673691306,673691306
GL839956.1,Chr1_supercontig_000005544,1,1636,673692942,673692942
GL839957.1,Chr1_supercontig_000005545,1,3123,673696065,673696065
GL839958.1,Chr1_supercontig_000005546,1,3104,673699169,673699169
GL839959.1,Chr1_supercontig_000005547,1,1536,673700705,673700705
GL839960.1,Chr1_supercontig_000005548,1,6783,673707488,673707488
GL839961.1,Chr1_supercontig_000005549,1,2780,673710268,673710268
GL839962.1,Chr1_supercontig_000005550,1,2522,673712790,673712790
GL839963.1,Chr1_supercontig_000005551,1,1533,673714323,673714323
GL839964.1,Chr1_supercontig_000005552,1,1857,673716180,673716180
GL839965.1,Chr1_supercontig_000005553,1,2285,673718465,673718465
GL839966.1,Chr1_supercontig_000005554,1,3372,673721837,673721837
GL839967.1,Chr1_supercontig_000005555,1,1575,673723412,673723412
GL839968.1,Chr1_supercontig_000005556,1,2538,673725950,673725950
GL839969.1,Chr1_supercontig_000005557,1,2211,673728161,673728161
GL839970.1,Chr1_supercontig_000005558,1,3527,673731688,673731688
GL839971.1,Chr1_supercontig_000005559,1,4249,673735937,673735937
GL839972.1,Chr1_supercontig_000005560,1,2455,673738392,673738392
GL839973.1,Chr1_supercontig_000005561,1,7125,673745517,673745517
GL839974.1,Chr1_supercontig_000005562,1,2529,673748046,673748046
GL839975.1,Chr1_supercontig_000005563,1,1943,673749989,673749989
GL839976.1,Chr1_supercontig_000005564,1,24109,673774098,673774098
GL839977.1,Chr1_supercontig_000005565,1,6497,673780595,673780595
GL839978.1,Chr1_supercontig_000005566,1,1776,673782371,673782371
GL839979.1,Chr1_supercontig_000005567,1,2325,673784696,673784696
GL839980.1,Chr1_supercontig_000005568,1,1860,673786556,673786556
GL839981.1,Chr1_supercontig_000005569,1,2082,673788638,673788638
GL839982.1,Chr1_supercontig_000005570,1,2131,673790769,673790769
GL839983.1,Chr1_supercontig_000005571,1,1831,673792600,673792600
GL839984.1,Chr1_supercontig_000005572,1,1732,673794332,673794332
GL839985.1,Chr1_supercontig_000005573,1,1801,673796133,673796133
GL839986.1,Chr1_supercontig_000005574,1,3302,673799435,673799435
GL839987.1,Chr1_supercontig_000005575,1,3657,673803092,673803092
GL839988.1,Chr1_supercontig_000005576,1,1533,673804625,673804625
GL839989.1,Chr1_supercontig_000005577,1,1743,673806368,673806368
GL839990.1,Chr1_supercontig_000005578,1,1501,673807869,673807869
GL839991.1,Chr1_supercontig_000005579,1,2550,673810419,673810419
GL839992.1,Chr1_supercontig_000005580,1,3625,673814044,673814044
GL839993.1,Chr1_supercontig_000005581,1,2190,673816234,673816234
GL839994.1,Chr1_supercontig_000005582,1,4427,673820661,673820661
GL839995.1,Chr1_supercontig_000005583,1,3230,673823891,673823891
GL839996.1,Chr1_supercontig_000005584,1,7430,673831321,673831321
GL839997.1,Chr1_supercontig_000005585,1,2044,673833365,673833365
GL839998.1,Chr1_supercontig_000005586,1,4123,673837488,673837488
GL839999.1,Chr1_supercontig_000005587,1,3108,673840596,673840596
GL840000.1,Chr1_supercontig_000005588,1,4410,673845006,673845006
GL840001.1,Chr1_supercontig_000005589,1,4530,673849536,673849536
GL840002.1,Chr1_supercontig_000005590,1,2733,673852269,673852269
GL840003.1,Chr1_supercontig_000005591,1,3086,673855355,673855355
GL840004.1,Chr1_supercontig_000005592,1,3097,673858452,673858452
GL840005.1,Chr1_supercontig_000005593,1,7359,673865811,673865811
GL840006.1,Chr1_supercontig_000005594,1,14196,673880007,673880007
GL840007.1,Chr1_supercontig_000005595,1,1857,673881864,673881864
GL840008.1,Chr1_supercontig_000005596,1,3215,673885079,673885079
GL840009.1,Chr1_supercontig_000005597,1,1864,673886943,673886943
GL840010.1,Chr1_supercontig_000005598,1,2095,673889038,673889038
GL840011.1,Chr1_supercontig_000005599,1,3966,673893004,673893004
GL840012.1,Chr1_supercontig_000005600,1,2625,673895629,673895629
GL840013.1,Chr1_supercontig_000005601,1,14039,673909668,673909668
GL840014.1,Chr1_supercontig_000005602,1,1767,673911435,673911435
GL840015.1,Chr1_supercontig_000005603,1,3375,673914810,673914810
GL840016.1,Chr1_supercontig_000005604,1,4922,673919732,673919732
GL840017.1,Chr1_supercontig_000005605,1,3160,673922892,673922892
GL840018.1,Chr1_supercontig_000005606,1,4485,673927377,673927377
GL840019.1,Chr1_supercontig_000005607,1,8107,673935484,673935484
GL840020.1,Chr1_supercontig_000005608,1,9391,673944875,673944875
GL840021.1,Chr1_supercontig_000005609,1,2805,673947680,673947680
GL840022.1,Chr1_supercontig_000005610,1,1737,673949417,673949417
GL840023.1,Chr1_supercontig_000005611,1,2673,673952090,673952090
GL840024.1,Chr1_supercontig_000005612,1,3658,673955748,673955748
GL840025.1,Chr1_supercontig_000005613,1,2743,673958491,673958491
GL840026.1,Chr1_supercontig_000005614,1,5073,673963564,673963564
GL840027.1,Chr1_supercontig_000005615,1,3853,673967417,673967417
GL840028.1,Chr1_supercontig_000005616,1,3767,673971184,673971184
GL840029.1,Chr1_supercontig_000005617,1,1782,673972966,673972966
GL840030.1,Chr1_supercontig_000005618,1,3435,673976401,673976401
GL840031.1,Chr1_supercontig_000005619,1,6380,673982781,673982781
GL840032.1,Chr1_supercontig_000005620,1,1916,673984697,673984697
GL840033.1,Chr1_supercontig_000005621,1,1852,673986549,673986549
GL840034.1,Chr1_supercontig_000005622,1,4797,673991346,673991346
GL840035.1,Chr1_supercontig_000005623,1,3042,673994388,673994388
GL840036.1,Chr1_supercontig_000005624,1,4042,673998430,673998430
GL840037.1,Chr1_supercontig_000005625,1,1527,673999957,673999957
GL840038.1,Chr1_supercontig_000005626,1,1583,674001540,674001540
GL840039.1,Chr1_supercontig_000005627,1,1854,674003394,674003394
GL840040.1,Chr1_supercontig_000005628,1,1983,674005377,674005377
GL840041.1,Chr1_supercontig_000005629,1,2369,674007746,674007746
GL840042.1,Chr1_supercontig_000005630,1,2845,674010591,674010591
GL840043.1,Chr1_supercontig_000005631,1,1635,674012226,674012226
GL840044.1,Chr1_supercontig_000005632,1,1741,674013967,674013967
GL840045.1,Chr1_supercontig_000005633,1,2651,674016618,674016618
GL840046.1,Chr1_supercontig_000005634,1,3380,674019998,674019998
GL840047.1,Chr1_supercontig_000005635,1,5244,674025242,674025242
GL840048.1,Chr1_supercontig_000005636,1,8669,674033911,674033911
GL840049.1,Chr1_supercontig_000005637,1,2583,674036494,674036494
GL840050.1,Chr1_supercontig_000005638,1,1860,674038354,674038354
GL840051.1,Chr1_supercontig_000005639,1,4628,674042982,674042982
GL840052.1,Chr1_supercontig_000005640,1,6542,674049524,674049524
GL840053.1,Chr1_supercontig_000005641,1,1812,674051336,674051336
GL840054.1,Chr1_supercontig_000005642,1,5383,674056719,674056719
GL840055.1,Chr1_supercontig_000005643,1,3727,674060446,674060446
GL840056.1,Chr1_supercontig_000005644,1,1512,674061958,674061958
GL840057.1,Chr1_supercontig_000005645,1,1518,674063476,674063476
GL840058.1,Chr1_supercontig_000005646,1,3754,674067230,674067230
GL840059.1,Chr1_supercontig_000005647,1,3994,674071224,674071224
GL840060.1,Chr1_supercontig_000005648,1,1522,674072746,674072746
GL840061.1,Chr1_supercontig_000005649,1,2138,674074884,674074884
GL840062.1,Chr1_supercontig_000005650,1,5216,674080100,674080100
GL840063.1,Chr1_supercontig_000005651,1,2240,674082340,674082340
GL840064.1,Chr1_supercontig_000005652,1,11732,674094072,674094072
GL840065.1,Chr1_supercontig_000005653,1,2001,674096073,674096073
GL840066.1,Chr1_supercontig_000005654,1,2724,674098797,674098797
GL840067.1,Chr1_supercontig_000005655,1,2695,674101492,674101492
GL840068.1,Chr1_supercontig_000005656,1,1579,674103071,674103071
GL840069.1,Chr1_supercontig_000005657,1,2152,674105223,674105223
GL840070.1,Chr1_supercontig_000005658,1,1948,674107171,674107171
GL840071.1,Chr1_supercontig_000005659,1,2438,674109609,674109609
GL840072.1,Chr1_supercontig_000005660,1,2700,674112309,674112309
GL840073.1,Chr1_supercontig_000005661,1,2907,674115216,674115216
GL840074.1,Chr1_supercontig_000005662,1,5091,674120307,674120307
GL840075.1,Chr1_supercontig_000005663,1,1546,674121853,674121853
GL840076.1,Chr1_supercontig_000005664,1,1548,674123401,674123401
GL840077.1,Chr1_supercontig_000005665,1,1654,674125055,674125055
GL840078.1,Chr1_supercontig_000005666,1,1799,674126854,674126854
GL840079.1,Chr1_supercontig_000005667,1,1575,674128429,674128429
GL840080.1,Chr1_supercontig_000005668,1,1527,674129956,674129956
GL840081.1,Chr1_supercontig_000005669,1,1566,674131522,674131522
GL840082.1,Chr1_supercontig_000005670,1,2176,674133698,674133698
GL840083.1,Chr1_supercontig_000005671,1,3374,674137072,674137072
GL840084.1,Chr1_supercontig_000005672,1,2280,674139352,674139352
GL840085.1,Chr1_supercontig_000005673,1,1949,674141301,674141301
GL840086.1,Chr1_supercontig_000005674,1,3024,674144325,674144325
GL840087.1,Chr1_supercontig_000005675,1,4059,674148384,674148384
GL840088.1,Chr1_supercontig_000005676,1,2579,674150963,674150963
GL840089.1,Chr1_supercontig_000005677,1,2763,674153726,674153726
GL840090.1,Chr1_supercontig_000005678,1,2866,674156592,674156592
GL840091.1,Chr1_supercontig_000005679,1,3301,674159893,674159893
GL840092.1,Chr1_supercontig_000005680,1,3523,674163416,674163416
GL840093.1,Chr1_supercontig_000005681,1,2758,674166174,674166174
GL840094.1,Chr1_supercontig_000005682,1,2924,674169098,674169098
GL840095.1,Chr1_supercontig_000005683,1,5307,674174405,674174405
GL840096.1,Chr1_supercontig_000005684,1,7741,674182146,674182146
GL840097.1,Chr1_supercontig_000005685,1,2259,674184405,674184405
GL840098.1,Chr1_supercontig_000005686,1,2488,674186893,674186893
GL840099.1,Chr1_supercontig_000005687,1,9051,674195944,674195944
GL840100.1,Chr1_supercontig_000005688,1,2477,674198421,674198421
GL840101.1,Chr1_supercontig_000005689,1,5190,674203611,674203611
GL840102.1,Chr1_supercontig_000005690,1,1676,674205287,674205287
GL840103.1,Chr1_supercontig_000005691,1,1789,674207076,674207076
GL840104.1,Chr1_supercontig_000005692,1,1517,674208593,674208593
GL840105.1,Chr1_supercontig_000005693,1,5041,674213634,674213634
GL840106.1,Chr1_supercontig_000005694,1,3323,674216957,674216957
GL840107.1,Chr1_supercontig_000005695,1,2710,674219667,674219667
GL840108.1,Chr1_supercontig_000005696,1,2753,674222420,674222420
GL840109.1,Chr1_supercontig_000005697,1,2085,674224505,674224505
GL840110.1,Chr1_supercontig_000005698,1,3429,674227934,674227934
GL840111.1,Chr1_supercontig_000005699,1,1671,674229605,674229605
GL840112.1,Chr1_supercontig_000005700,1,2362,674231967,674231967
GL840113.1,Chr1_supercontig_000005701,1,2496,674234463,674234463
GL840114.1,Chr1_supercontig_000005702,1,1523,674235986,674235986
GL840115.1,Chr1_supercontig_000005703,1,1729,674237715,674237715
GL840116.1,Chr1_supercontig_000005704,1,1678,674239393,674239393
GL840117.1,Chr1_supercontig_000005705,1,6267,674245660,674245660
GL840118.1,Chr1_supercontig_000005706,1,4724,674250384,674250384
GL840119.1,Chr1_supercontig_000005707,1,4719,674255103,674255103
GL840120.1,Chr1_supercontig_000005708,1,1660,674256763,674256763
GL840121.1,Chr1_supercontig_000005709,1,1726,674258489,674258489
GL840122.1,Chr1_supercontig_000005710,1,2054,674260543,674260543
GL840123.1,Chr1_supercontig_000005711,1,2356,674262899,674262899
GL840124.1,Chr1_supercontig_000005712,1,1650,674264549,674264549
GL840125.1,Chr1_supercontig_000005713,1,6680,674271229,674271229
GL840126.1,Chr1_supercontig_000005714,1,1962,674273191,674273191
GL840127.1,Chr1_supercontig_000005715,1,11874,674285065,674285065
GL840128.1,Chr1_supercontig_000005716,1,1869,674286934,674286934
GL840129.1,Chr1_supercontig_000005717,1,1772,674288706,674288706
GL840130.1,Chr1_supercontig_000005718,1,2468,674291174,674291174
GL840131.1,Chr1_supercontig_000005719,1,1912,674293086,674293086
GL840132.1,Chr1_supercontig_000005720,1,2133,674295219,674295219
GL840133.1,Chr1_supercontig_000005721,1,2801,674298020,674298020
GL840134.1,Chr1_supercontig_000005722,1,1875,674299895,674299895
GL840135.1,Chr1_supercontig_000005723,1,5911,674305806,674305806
GL840136.1,Chr1_supercontig_000005724,1,3704,674309510,674309510
GL840137.1,Chr1_supercontig_000005725,1,1873,674311383,674311383
GL840138.1,Chr1_supercontig_000005726,1,1798,674313181,674313181
GL840139.1,Chr1_supercontig_000005727,1,1644,674314825,674314825
GL840140.1,Chr1_supercontig_000005728,1,2005,674316830,674316830
GL840141.1,Chr1_supercontig_000005729,1,1597,674318427,674318427
GL840142.1,Chr1_supercontig_000005730,1,1755,674320182,674320182
GL840143.1,Chr1_supercontig_000005731,1,2746,674322928,674322928
GL840144.1,Chr1_supercontig_000005732,1,6187,674329115,674329115
GL840145.1,Chr1_supercontig_000005733,1,20498,674349613,674349613
GL840146.1,Chr1_supercontig_000005734,1,3145,674352758,674352758
GL840147.1,Chr1_supercontig_000005735,1,2628,674355386,674355386
GL840148.1,Chr1_supercontig_000005736,1,2351,674357737,674357737
GL840149.1,Chr1_supercontig_000005737,1,1921,674359658,674359658
GL840150.1,Chr1_supercontig_000005738,1,1627,674361285,674361285
GL840151.1,Chr1_supercontig_000005739,1,1717,674363002,674363002
GL840152.1,Chr1_supercontig_000005740,1,6384,674369386,674369386
GL840153.1,Chr1_supercontig_000005741,1,1978,674371364,674371364
GL840154.1,Chr1_supercontig_000005742,1,2479,674373843,674373843
GL840155.1,Chr1_supercontig_000005743,1,1599,674375442,674375442
GL840156.1,Chr1_supercontig_000005744,1,1884,674377326,674377326
GL840157.1,Chr1_supercontig_000005745,1,2400,674379726,674379726
GL840158.1,Chr1_supercontig_000005746,1,2099,674381825,674381825
GL840159.1,Chr1_supercontig_000005747,1,4851,674386676,674386676
GL840160.1,Chr1_supercontig_000005748,1,5902,674392578,674392578
GL840161.1,Chr1_supercontig_000005749,1,3488,674396066,674396066
GL840162.1,Chr1_supercontig_000005750,1,1828,674397894,674397894
GL840163.1,Chr1_supercontig_000005751,1,4766,674402660,674402660
GL840164.1,Chr1_supercontig_000005752,1,2094,674404754,674404754
GL840165.1,Chr1_supercontig_000005753,1,2624,674407378,674407378
GL840166.1,Chr1_supercontig_000005754,1,1998,674409376,674409376
GL840167.1,Chr1_supercontig_000005755,1,1780,674411156,674411156
GL840168.1,Chr1_supercontig_000005756,1,1889,674413045,674413045
GL840169.1,Chr1_supercontig_000005757,1,2067,674415112,674415112
GL840170.1,Chr1_supercontig_000005758,1,2261,674417373,674417373
GL840171.1,Chr1_supercontig_000005759,1,12463,674429836,674429836
GL840172.1,Chr1_supercontig_000005760,1,4609,674434445,674434445
GL840173.1,Chr1_supercontig_000005761,1,3226,674437671,674437671
GL840174.1,Chr1_supercontig_000005762,1,11468,674449139,674449139
GL840175.1,Chr1_supercontig_000005763,1,22310,674471449,674471449
GL840176.1,Chr1_supercontig_000005764,1,25267,674496716,674496716
GL840177.1,Chr1_supercontig_000005765,1,11721,674508437,674508437
GL840178.1,Chr1_supercontig_000005766,1,18663,674527100,674527100
GL840179.1,Chr1_supercontig_000005767,1,23952,674551052,674551052
GL840180.1,Chr1_supercontig_000005768,1,4235,674555287,674555287
GL840181.1,Chr1_supercontig_000005769,1,1692,674556979,674556979
GL840182.1,Chr1_supercontig_000005770,1,17466,674574445,674574445
GL840183.1,Chr1_supercontig_000005771,1,14246,674588691,674588691
GL840184.1,Chr1_supercontig_000005772,1,13323,674602014,674602014
GL840185.1,Chr1_supercontig_000005773,1,5323,674607337,674607337
GL840186.1,Chr1_supercontig_000005774,1,4396,674611733,674611733
GL840187.1,Chr1_supercontig_000005775,1,5060,674616793,674616793
GL840188.1,Chr1_supercontig_000005776,1,32333,674649126,674649126
GL840189.1,Chr1_supercontig_000005777,1,11516,674660642,674660642
GL840190.1,Chr1_supercontig_000005778,1,12557,674673199,674673199
GL840191.1,Chr1_supercontig_000005779,1,12588,674685787,674685787
GL840192.1,Chr1_supercontig_000005780,1,9966,674695753,674695753
GL840193.1,Chr1_supercontig_000005781,1,2852,674698605,674698605
GL840194.1,Chr1_supercontig_000005782,1,3035,674701640,674701640
GL840195.1,Chr1_supercontig_000005783,1,22961,674724601,674724601
GL840196.1,Chr1_supercontig_000005784,1,5599,674730200,674730200
GL840197.1,Chr1_supercontig_000005785,1,6613,674736813,674736813
GL840198.1,Chr1_supercontig_000005786,1,6287,674743100,674743100
GL840199.1,Chr1_supercontig_000005787,1,15015,674758115,674758115
GL840200.1,Chr1_supercontig_000005788,1,2153,674760268,674760268
GL840201.1,Chr1_supercontig_000005789,1,11082,674771350,674771350
GL840202.1,Chr1_supercontig_000005790,1,3813,674775163,674775163
GL840203.1,Chr1_supercontig_000005791,1,5307,674780470,674780470
GL840204.1,Chr1_supercontig_000005792,1,1513,674781983,674781983
GL840205.1,Chr1_supercontig_000005793,1,2604,674784587,674784587
GL840206.1,Chr1_supercontig_000005794,1,3311,674787898,674787898
GL840207.1,Chr1_supercontig_000005795,1,2266,674790164,674790164
GL840208.1,Chr1_supercontig_000005796,1,11508,674801672,674801672
GL840209.1,Chr1_supercontig_000005797,1,6173,674807845,674807845
GL840210.1,Chr1_supercontig_000005798,1,7598,674815443,674815443
GL840211.1,Chr1_supercontig_000005799,1,11150,674826593,674826593
GL840212.1,Chr1_supercontig_000005800,1,2161,674828754,674828754
GL840213.1,Chr1_supercontig_000005801,1,1676,674830430,674830430
GL840214.1,Chr1_supercontig_000005802,1,2970,674833400,674833400
GL840215.1,Chr1_supercontig_000005803,1,19363,674852763,674852763
GL840216.1,Chr1_supercontig_000005804,1,3519,674856282,674856282
GL840217.1,Chr1_supercontig_000005805,1,6278,674862560,674862560
GL840218.1,Chr1_supercontig_000005806,1,4893,674867453,674867453
GL840219.1,Chr1_supercontig_000005807,1,6266,674873719,674873719
GL840220.1,Chr1_supercontig_000005808,1,7682,674881401,674881401
GL840221.1,Chr1_supercontig_000005809,1,1558,674882959,674882959
GL840222.1,Chr1_supercontig_000005810,1,2725,674885684,674885684
GL840223.1,Chr1_supercontig_000005811,1,3460,674889144,674889144
GL840224.1,Chr1_supercontig_000005812,1,4118,674893262,674893262
GL840225.1,Chr1_supercontig_000005813,1,1829,674895091,674895091
GL840226.1,Chr1_supercontig_000005814,1,4125,674899216,674899216
GL840227.1,Chr1_supercontig_000005815,1,3523,674902739,674902739
GL840228.1,Chr1_supercontig_000005816,1,20566,674923305,674923305
GL840229.1,Chr1_supercontig_000005817,1,1556,674924861,674924861
GL840230.1,Chr1_supercontig_000005818,1,12275,674937136,674937136
GL840231.1,Chr1_supercontig_000005819,1,16694,674953830,674953830
GL840232.1,Chr1_supercontig_000005820,1,5002,674958832,674958832
GL840233.1,Chr1_supercontig_000005821,1,2640,674961472,674961472
GL840234.1,Chr1_supercontig_000005822,1,4550,674966022,674966022
GL840235.1,Chr1_supercontig_000005823,1,25539,674991561,674991561
GL840236.1,Chr1_supercontig_000005824,1,2668,674994229,674994229
GL840237.1,Chr1_supercontig_000005825,1,10530,675004759,675004759
GL840238.1,Chr1_supercontig_000005826,1,1875,675006634,675006634
GL840239.1,Chr1_supercontig_000005827,1,21034,675027668,675027668
GL840240.1,Chr1_supercontig_000005828,1,13241,675040909,675040909
GL840241.1,Chr1_supercontig_000005829,1,3236,675044145,675044145
GL840242.1,Chr1_supercontig_000005830,1,8432,675052577,675052577
GL840243.1,Chr1_supercontig_000005831,1,2661,675055238,675055238
GL840244.1,Chr1_supercontig_000005832,1,4006,675059244,675059244
GL840245.1,Chr1_supercontig_000005833,1,17292,675076536,675076536
GL840246.1,Chr1_supercontig_000005834,1,3628,675080164,675080164
GL840247.1,Chr1_supercontig_000005835,1,11534,675091698,675091698
GL840248.1,Chr1_supercontig_000005836,1,3474,675095172,675095172
GL840249.1,Chr1_supercontig_000005837,1,6183,675101355,675101355
GL840250.1,Chr1_supercontig_000005838,1,2099,675103454,675103454
GL840251.1,Chr1_supercontig_000005839,1,1635,675105089,675105089
GL840252.1,Chr1_supercontig_000005840,1,16781,675121870,675121870
GL840253.1,Chr1_supercontig_000005841,1,5717,675127587,675127587
GL840254.1,Chr1_supercontig_000005842,1,5726,675133313,675133313
GL840255.1,Chr1_supercontig_000005843,1,4294,675137607,675137607
GL840256.1,Chr1_supercontig_000005844,1,9089,675146696,675146696
GL840257.1,Chr1_supercontig_000005845,1,7468,675154164,675154164
GL840258.1,Chr1_supercontig_000005846,1,3269,675157433,675157433
GL840259.1,Chr1_supercontig_000005847,1,4322,675161755,675161755
GL840260.1,Chr1_supercontig_000005848,1,7084,675168839,675168839
GL840261.1,Chr1_supercontig_000005849,1,1564,675170403,675170403
GL840262.1,Chr1_supercontig_000005850,1,2507,675172910,675172910
GL840263.1,Chr1_supercontig_000005851,1,3145,675176055,675176055
GL840264.1,Chr1_supercontig_000005852,1,5348,675181403,675181403
GL840265.1,Chr1_supercontig_000005853,1,3655,675185058,675185058
GL840266.1,Chr1_supercontig_000005854,1,2980,675188038,675188038
GL840267.1,Chr1_supercontig_000005855,1,4097,675192135,675192135
GL840268.1,Chr1_supercontig_000005856,1,2189,675194324,675194324
GL840269.1,Chr1_supercontig_000005857,1,3715,675198039,675198039
GL840270.1,Chr1_supercontig_000005858,1,2759,675200798,675200798
GL840271.1,Chr1_supercontig_000005859,1,6390,675207188,675207188
GL840272.1,Chr1_supercontig_000005860,1,3498,675210686,675210686
GL840273.1,Chr1_supercontig_000005861,1,7929,675218615,675218615
GL840274.1,Chr1_supercontig_000005862,1,7316,675225931,675225931
GL840275.1,Chr1_supercontig_000005863,1,11645,675237576,675237576
GL840276.1,Chr1_supercontig_000005864,1,3667,675241243,675241243
GL840277.1,Chr1_supercontig_000005865,1,3355,675244598,675244598
GL840278.1,Chr1_supercontig_000005866,1,4017,675248615,675248615
GL840279.1,Chr1_supercontig_000005867,1,2543,675251158,675251158
GL840280.1,Chr1_supercontig_000005868,1,1747,675252905,675252905
GL840281.1,Chr1_supercontig_000005869,1,20818,675273723,675273723
GL840282.1,Chr1_supercontig_000005870,1,8904,675282627,675282627
GL840283.1,Chr1_supercontig_000005871,1,6017,675288644,675288644
GL840284.1,Chr1_supercontig_000005872,1,4719,675293363,675293363
GL840285.1,Chr1_supercontig_000005873,1,5965,675299328,675299328
GL840286.1,Chr1_supercontig_000005874,1,3196,675302524,675302524
GL840287.1,Chr1_supercontig_000005875,1,5643,675308167,675308167
GL840288.1,Chr1_supercontig_000005876,1,2534,675310701,675310701
GL840289.1,Chr1_supercontig_000005877,1,4907,675315608,675315608
GL840290.1,Chr1_supercontig_000005878,1,1999,675317607,675317607
GL840291.1,Chr1_supercontig_000005879,1,4871,675322478,675322478
GL840292.1,Chr1_supercontig_000005880,1,7284,675329762,675329762
GL840293.1,Chr1_supercontig_000005881,1,5193,675334955,675334955
GL840294.1,Chr1_supercontig_000005882,1,4634,675339589,675339589
GL840295.1,Chr1_supercontig_000005883,1,3203,675342792,675342792
GL840296.1,Chr1_supercontig_000005884,1,2716,675345508,675345508
GL840297.1,Chr1_supercontig_000005885,1,2397,675347905,675347905
GL840298.1,Chr1_supercontig_000005886,1,15309,675363214,675363214
GL840299.1,Chr1_supercontig_000005887,1,2516,675365730,675365730
GL840300.1,Chr1_supercontig_000005888,1,8927,675374657,675374657
GL840301.1,Chr1_supercontig_000005889,1,4112,675378769,675378769
GL840302.1,Chr1_supercontig_000005890,1,3117,675381886,675381886
GL840303.1,Chr1_supercontig_000005891,1,2755,675384641,675384641
GL840304.1,Chr1_supercontig_000005892,1,7255,675391896,675391896
GL840305.1,Chr1_supercontig_000005893,1,4830,675396726,675396726
GL840306.1,Chr1_supercontig_000005894,1,4076,675400802,675400802
GL840307.1,Chr1_supercontig_000005895,1,1947,675402749,675402749
GL840308.1,Chr1_supercontig_000005896,1,1649,675404398,675404398
GL840309.1,Chr1_supercontig_000005897,1,3516,675407914,675407914
GL840310.1,Chr1_supercontig_000005898,1,2711,675410625,675410625
GL840311.1,Chr1_supercontig_000005899,1,5316,675415941,675415941
GL840312.1,Chr1_supercontig_000005900,1,3045,675418986,675418986
GL840313.1,Chr1_supercontig_000005901,1,5077,675424063,675424063
GL840314.1,Chr1_supercontig_000005902,1,6809,675430872,675430872
GL840315.1,Chr1_supercontig_000005903,1,5188,675436060,675436060
GL840316.1,Chr1_supercontig_000005904,1,1863,675437923,675437923
GL840317.1,Chr1_supercontig_000005905,1,6505,675444428,675444428
GL840318.1,Chr1_supercontig_000005906,1,3019,675447447,675447447
GL840319.1,Chr1_supercontig_000005907,1,4548,675451995,675451995
GL840320.1,Chr1_supercontig_000005908,1,18888,675470883,675470883
GL840321.1,Chr1_supercontig_000005909,1,5062,675475945,675475945
GL840322.1,Chr1_supercontig_000005910,1,4935,675480880,675480880
GL840323.1,Chr1_supercontig_000005911,1,2620,675483500,675483500
GL840324.1,Chr1_supercontig_000005912,1,9409,675492909,675492909
GL840325.1,Chr1_supercontig_000005913,1,3993,675496902,675496902
GL840326.1,Chr1_supercontig_000005914,1,1793,675498695,675498695
GL840327.1,Chr1_supercontig_000005915,1,3768,675502463,675502463
GL840328.1,Chr1_supercontig_000005916,1,11584,675514047,675514047
GL840329.1,Chr1_supercontig_000005917,1,6578,675520625,675520625
GL840330.1,Chr1_supercontig_000005918,1,2562,675523187,675523187
GL840331.1,Chr1_supercontig_000005919,1,4391,675527578,675527578
GL840332.1,Chr1_supercontig_000005920,1,6856,675534434,675534434
GL840333.1,Chr1_supercontig_000005921,1,2142,675536576,675536576
GL840334.1,Chr1_supercontig_000005922,1,9459,675546035,675546035
GL840335.1,Chr1_supercontig_000005923,1,2633,675548668,675548668
GL840336.1,Chr1_supercontig_000005924,1,1948,675550616,675550616
GL840337.1,Chr1_supercontig_000005925,1,2451,675553067,675553067
GL840338.1,Chr1_supercontig_000005926,1,17381,675570448,675570448
GL840339.1,Chr1_supercontig_000005927,1,3808,675574256,675574256
GL840340.1,Chr1_supercontig_000005928,1,5759,675580015,675580015
GL840341.1,Chr1_supercontig_000005929,1,3948,675583963,675583963
GL840342.1,Chr1_supercontig_000005930,1,3043,675587006,675587006
GL840343.1,Chr1_supercontig_000005931,1,5183,675592189,675592189
GL840344.1,Chr1_supercontig_000005932,1,11961,675604150,675604150
GL840345.1,Chr1_supercontig_000005933,1,1788,675605938,675605938
GL840346.1,Chr1_supercontig_000005934,1,2490,675608428,675608428
GL840347.1,Chr1_supercontig_000005935,1,12429,675620857,675620857
GL840348.1,Chr1_supercontig_000005936,1,5221,675626078,675626078
GL840349.1,Chr1_supercontig_000005937,1,12564,675638642,675638642
GL840350.1,Chr1_supercontig_000005938,1,14356,675652998,675652998
GL840351.1,Chr1_supercontig_000005939,1,12362,675665360,675665360
GL840352.1,Chr1_supercontig_000005940,1,8378,675673738,675673738
GL840353.1,Chr1_supercontig_000005941,1,5391,675679129,675679129
GL840354.1,Chr1_supercontig_000005942,1,6274,675685403,675685403
GL840355.1,Chr1_supercontig_000005943,1,10816,675696219,675696219
GL840356.1,Chr1_supercontig_000005944,1,13344,675709563,675709563
GL840357.1,Chr1_supercontig_000005945,1,8928,675718491,675718491
GL840358.1,Chr1_supercontig_000005946,1,5907,675724398,675724398
GL840359.1,Chr1_supercontig_000005947,1,16580,675740978,675740978
GL840360.1,Chr1_supercontig_000005948,1,10763,675751741,675751741
GL840361.1,Chr1_supercontig_000005949,1,16903,675768644,675768644
GL840362.1,Chr1_supercontig_000005950,1,18139,675786783,675786783
GL840363.1,Chr1_supercontig_000005951,1,7526,675794309,675794309
GL840364.1,Chr1_supercontig_000005952,1,7304,675801613,675801613
GL840365.1,Chr1_supercontig_000005953,1,15681,675817294,675817294
GL840366.1,Chr1_supercontig_000005954,1,7361,675824655,675824655
GL840367.1,Chr1_supercontig_000005955,1,23762,675848417,675848417
GL840368.1,Chr1_supercontig_000005956,1,6228,675854645,675854645
GL840369.1,Chr1_supercontig_000005957,1,19767,675874412,675874412
GL840370.1,Chr1_supercontig_000005958,1,7189,675881601,675881601
GL840371.1,Chr1_supercontig_000005959,1,14701,675896302,675896302
GL840372.1,Chr1_supercontig_000005960,1,5331,675901633,675901633
GL840373.1,Chr1_supercontig_000005961,1,7123,675908756,675908756
GL840374.1,Chr1_supercontig_000005962,1,12970,675921726,675921726
GL840375.1,Chr1_supercontig_000005963,1,6916,675928642,675928642
GL840376.1,Chr1_supercontig_000005964,1,9654,675938296,675938296
GL840377.1,Chr1_supercontig_000005965,1,10692,675948988,675948988
GL840378.1,Chr1_supercontig_000005966,1,6496,675955484,675955484
GL840379.1,Chr1_supercontig_000005967,1,5233,675960717,675960717
GL840380.1,Chr1_supercontig_000005968,1,7356,675968073,675968073
GL840381.1,Chr1_supercontig_000005969,1,9012,675977085,675977085
GL840382.1,Chr1_supercontig_000005970,1,5552,675982637,675982637
GL840383.1,Chr1_supercontig_000005971,1,5654,675988291,675988291
GL840384.1,Chr1_supercontig_000005972,1,6525,675994816,675994816
GL840385.1,Chr1_supercontig_000005973,1,13312,676008128,676008128
GL840386.1,Chr1_supercontig_000005974,1,34446,676042574,676042574
GL840387.1,Chr1_supercontig_000005975,1,5496,676048070,676048070
GL840388.1,Chr1_supercontig_000005976,1,6026,676054096,676054096
GL840389.1,Chr1_supercontig_000005977,1,19545,676073641,676073641
GL840390.1,Chr1_supercontig_000005978,1,11801,676085442,676085442
GL840391.1,Chr1_supercontig_000005979,1,8901,676094343,676094343
GL840392.1,Chr1_supercontig_000005980,1,41538,676135881,676135881
GL840393.1,Chr1_supercontig_000005981,1,7784,676143665,676143665
GL840394.1,Chr1_supercontig_000005982,1,5427,676149092,676149092
GL840395.1,Chr1_supercontig_000005983,1,8674,676157766,676157766
GL840396.1,Chr1_supercontig_000005984,1,8551,676166317,676166317
GL840397.1,Chr1_supercontig_000005985,1,5776,676172093,676172093
GL840398.1,Chr1_supercontig_000005986,1,9855,676181948,676181948
GL840399.1,Chr1_supercontig_000005987,1,9160,676191108,676191108
GL840400.1,Chr1_supercontig_000005988,1,14776,676205884,676205884
GL840401.1,Chr1_supercontig_000005989,1,5241,676211125,676211125
GL840402.1,Chr1_supercontig_000005990,1,10962,676222087,676222087
GL840403.1,Chr1_supercontig_000005991,1,22947,676245034,676245034
GL840404.1,Chr1_supercontig_000005992,1,24563,676269597,676269597
GL840405.1,Chr1_supercontig_000005993,1,6239,676275836,676275836
GL840406.1,Chr1_supercontig_000005994,1,8054,676283890,676283890
GL840407.1,Chr1_supercontig_000005995,1,31315,676315205,676315205
GL840408.1,Chr1_supercontig_000005996,1,23165,676338370,676338370
GL840409.1,Chr1_supercontig_000005997,1,7704,676346074,676346074
GL840410.1,Chr1_supercontig_000005998,1,10921,676356995,676356995
GL840411.1,Chr1_supercontig_000005999,1,13457,676370452,676370452
GL840412.1,Chr1_supercontig_000006000,1,26090,676396542,676396542
GL840413.1,Chr1_supercontig_000006001,1,5848,676402390,676402390
GL840414.1,Chr1_supercontig_000006002,1,14933,676417323,676417323
GL840415.1,Chr1_supercontig_000006003,1,7515,676424838,676424838
GL840416.1,Chr1_supercontig_000006004,1,8211,676433049,676433049
GL840417.1,Chr1_supercontig_000006005,1,5877,676438926,676438926
GL840418.1,Chr1_supercontig_000006006,1,7131,676446057,676446057
GL840419.1,Chr1_supercontig_000006007,1,5448,676451505,676451505
GL840420.1,Chr1_supercontig_000006008,1,13517,676465022,676465022
GL840421.1,Chr1_supercontig_000006009,1,17549,676482571,676482571
GL840422.1,Chr1_supercontig_000006010,1,21334,676503905,676503905
GL840423.1,Chr1_supercontig_000006011,1,5348,676509253,676509253
GL840424.1,Chr1_supercontig_000006012,1,22507,676531760,676531760
GL840425.1,Chr1_supercontig_000006013,1,26787,676558547,676558547
GL840426.1,Chr1_supercontig_000006014,1,13527,676572074,676572074
GL840427.1,Chr1_supercontig_000006015,1,7915,676579989,676579989
GL840428.1,Chr1_supercontig_000006016,1,35259,676615248,676615248
GL840429.1,Chr1_supercontig_000006017,1,32275,676647523,676647523
GL840430.1,Chr1_supercontig_000006018,1,7348,676654871,676654871
GL840431.1,Chr1_supercontig_000006019,1,6411,676661282,676661282
GL840432.1,Chr1_supercontig_000006020,1,7342,676668624,676668624
GL840433.1,Chr1_supercontig_000006021,1,8872,676677496,676677496
GL840434.1,Chr1_supercontig_000006022,1,10592,676688088,676688088
GL840435.1,Chr1_supercontig_000006023,1,6402,676694490,676694490
GL840436.1,Chr1_supercontig_000006024,1,15300,676709790,676709790
GL840437.1,Chr1_supercontig_000006025,1,13212,676723002,676723002
GL840438.1,Chr1_supercontig_000006026,1,5980,676728982,676728982
GL840439.1,Chr1_supercontig_000006027,1,5108,676734090,676734090
GL840440.1,Chr1_supercontig_000006028,1,12194,676746284,676746284
GL840441.1,Chr1_supercontig_000006029,1,9112,676755396,676755396
GL840442.1,Chr1_supercontig_000006030,1,6326,676761722,676761722
GL840443.1,Chr1_supercontig_000006031,1,5986,676767708,676767708
GL840444.1,Chr1_supercontig_000006032,1,2290,676769998,676769998
GL840445.1,Chr1_supercontig_000006033,1,1519,676771517,676771517
GL840446.1,Chr1_supercontig_000006034,1,1518,676773035,676773035
GL840447.1,Chr1_supercontig_000006035,1,1712,676774747,676774747
GL840448.1,Chr1_supercontig_000006036,1,1543,676776290,676776290
GL840449.1,Chr1_supercontig_000006037,1,1548,676777838,676777838
GL840450.1,Chr1_supercontig_000006038,1,2128,676779966,676779966
GL840451.1,Chr1_supercontig_000006039,1,2702,676782668,676782668
GL840452.1,Chr1_supercontig_000006040,1,1513,676784181,676784181
GL840453.1,Chr1_supercontig_000006041,1,1730,676785911,676785911
GL840454.1,Chr1_supercontig_000006042,1,1606,676787517,676787517
GL840455.1,Chr1_supercontig_000006043,1,1556,676789073,676789073
GL840456.1,Chr1_supercontig_000006044,1,1731,676790804,676790804
GL840457.1,Chr1_supercontig_000006045,1,2335,676793139,676793139
GL840458.1,Chr1_supercontig_000006046,1,1603,676794742,676794742
GL840459.1,Chr1_supercontig_000006047,1,1921,676796663,676796663
GL840460.1,Chr1_supercontig_000006048,1,1607,676798270,676798270
GL840461.1,Chr1_supercontig_000006049,1,1559,676799829,676799829
GL840462.1,Chr1_supercontig_000006050,1,1983,676801812,676801812
GL840463.1,Chr1_supercontig_000006051,1,2177,676803989,676803989
GL840464.1,Chr1_supercontig_000006052,1,1943,676805932,676805932
GL840465.1,Chr1_supercontig_000006053,1,1914,676807846,676807846
GL840466.1,Chr1_supercontig_000006054,1,3643,676811489,676811489
GL840467.1,Chr1_supercontig_000006055,1,1573,676813062,676813062
GL840468.1,Chr1_supercontig_000006056,1,1773,676814835,676814835
GL840469.1,Chr1_supercontig_000006057,1,1512,676816347,676816347
GL840470.1,Chr1_supercontig_000006058,1,1513,676817860,676817860
GL840471.1,Chr1_supercontig_000006059,1,1876,676819736,676819736
GL840472.1,Chr1_supercontig_000006060,1,1590,676821326,676821326
GL840473.1,Chr1_supercontig_000006061,1,1527,676822853,676822853
GL840474.1,Chr1_supercontig_000006062,1,1746,676824599,676824599
GL840475.1,Chr1_supercontig_000006063,1,1623,676826222,676826222
GL840476.1,Chr1_supercontig_000006064,1,2677,676828899,676828899
GL840477.1,Chr1_supercontig_000006065,1,2016,676830915,676830915
GL840478.1,Chr1_supercontig_000006066,1,2293,676833208,676833208
GL840479.1,Chr1_supercontig_000006067,1,1574,676834782,676834782
GL840480.1,Chr1_supercontig_000006068,1,1577,676836359,676836359
GL840481.1,Chr1_supercontig_000006069,1,2285,676838644,676838644
GL840482.1,Chr1_supercontig_000006070,1,1948,676840592,676840592
GL840483.1,Chr1_supercontig_000006071,1,1674,676842266,676842266
GL840484.1,Chr1_supercontig_000006072,1,2083,676844349,676844349
GL840485.1,Chr1_supercontig_000006073,1,1897,676846246,676846246
GL840486.1,Chr1_supercontig_000006074,1,2071,676848317,676848317
GL840487.1,Chr1_supercontig_000006075,1,2162,676850479,676850479
GL840488.1,Chr1_supercontig_000006076,1,2649,676853128,676853128
GL840489.1,Chr1_supercontig_000006077,1,1864,676854992,676854992
GL840490.1,Chr1_supercontig_000006078,1,2543,676857535,676857535
GL840491.1,Chr1_supercontig_000006079,1,3030,676860565,676860565
GL840492.1,Chr1_supercontig_000006080,1,2351,676862916,676862916
GL840493.1,Chr1_supercontig_000006081,1,2704,676865620,676865620
GL840494.1,Chr1_supercontig_000006082,1,1823,676867443,676867443
GL840495.1,Chr1_supercontig_000006083,1,2050,676869493,676869493
GL840496.1,Chr1_supercontig_000006084,1,1622,676871115,676871115
GL840497.1,Chr1_supercontig_000006085,1,2248,676873363,676873363
GL840498.1,Chr1_supercontig_000006086,1,1554,676874917,676874917
GL840499.1,Chr1_supercontig_000006087,1,5369,676880286,676880286
GL840500.1,Chr1_supercontig_000006088,1,3000,676883286,676883286
GL840501.1,Chr1_supercontig_000006089,1,2368,676885654,676885654
GL840502.1,Chr1_supercontig_000006090,1,2065,676887719,676887719
GL840503.1,Chr1_supercontig_000006091,1,4226,676891945,676891945
GL840504.1,Chr1_supercontig_000006092,1,1645,676893590,676893590
GL840505.1,Chr1_supercontig_000006093,1,2451,676896041,676896041
GL840506.1,Chr1_supercontig_000006094,1,3032,676899073,676899073
GL840507.1,Chr1_supercontig_000006095,1,4402,676903475,676903475
GL840508.1,Chr1_supercontig_000006096,1,2169,676905644,676905644
GL840509.1,Chr1_supercontig_000006097,1,1670,676907314,676907314
GL840510.1,Chr1_supercontig_000006098,1,2639,676909953,676909953
GL840511.1,Chr1_supercontig_000006099,1,7250,676917203,676917203
GL840512.1,Chr1_supercontig_000006100,1,3813,676921016,676921016
GL840513.1,Chr1_supercontig_000006101,1,3861,676924877,676924877
GL840514.1,Chr1_supercontig_000006102,1,2966,676927843,676927843
GL840515.1,Chr1_supercontig_000006103,1,1979,676929822,676929822
GL840516.1,Chr1_supercontig_000006104,1,2183,676932005,676932005
GL840517.1,Chr1_supercontig_000006105,1,5070,676937075,676937075
GL840518.1,Chr1_supercontig_000006106,1,4214,676941289,676941289
GL840519.1,Chr1_supercontig_000006107,1,2162,676943451,676943451
GL840520.1,Chr1_supercontig_000006108,1,2984,676946435,676946435
GL840521.1,Chr1_supercontig_000006109,1,1985,676948420,676948420
GL840522.1,Chr1_supercontig_000006110,1,1528,676949948,676949948
GL840523.1,Chr1_supercontig_000006111,1,1838,676951786,676951786
GL840524.1,Chr1_supercontig_000006112,1,2594,676954380,676954380
GL840525.1,Chr1_supercontig_000006113,1,1850,676956230,676956230
GL840526.1,Chr1_supercontig_000006114,1,1837,676958067,676958067
GL840527.1,Chr1_supercontig_000006115,1,2345,676960412,676960412
GL840528.1,Chr1_supercontig_000006116,1,1877,676962289,676962289
GL840529.1,Chr1_supercontig_000006117,1,1750,676964039,676964039
GL840530.1,Chr1_supercontig_000006118,1,1989,676966028,676966028
GL840531.1,Chr1_supercontig_000006119,1,2420,676968448,676968448
GL840532.1,Chr1_supercontig_000006120,1,1665,676970113,676970113
GL840533.1,Chr1_supercontig_000006121,1,2483,676972596,676972596
GL840534.1,Chr1_supercontig_000006122,1,1524,676974120,676974120
GL840535.1,Chr1_supercontig_000006123,1,2307,676976427,676976427
GL840536.1,Chr1_supercontig_000006124,1,1507,676977934,676977934
GL840537.1,Chr1_supercontig_000006125,1,3148,676981082,676981082
GL840538.1,Chr1_supercontig_000006126,1,1696,676982778,676982778
GL840539.1,Chr1_supercontig_000006127,1,2156,676984934,676984934
GL840540.1,Chr1_supercontig_000006128,1,3112,676988046,676988046
GL840541.1,Chr1_supercontig_000006129,1,2077,676990123,676990123
GL840542.1,Chr1_supercontig_000006130,1,1508,676991631,676991631
GL840543.1,Chr1_supercontig_000006131,1,1666,676993297,676993297
GL840544.1,Chr1_supercontig_000006132,1,1651,676994948,676994948
GL840545.1,Chr1_supercontig_000006133,1,1797,676996745,676996745
GL840546.1,Chr1_supercontig_000006134,1,1681,676998426,676998426
GL840547.1,Chr1_supercontig_000006135,1,1828,677000254,677000254
GL840548.1,Chr1_supercontig_000006136,1,1611,677001865,677001865
GL840549.1,Chr1_supercontig_000006137,1,1857,677003722,677003722
GL840550.1,Chr1_supercontig_000006138,1,1526,677005248,677005248
GL840551.1,Chr1_supercontig_000006139,1,1903,677007151,677007151
GL840552.1,Chr1_supercontig_000006140,1,3148,677010299,677010299
GL840553.1,Chr1_supercontig_000006141,1,1535,677011834,677011834
GL840554.1,Chr1_supercontig_000006142,1,2347,677014181,677014181
GL840555.1,Chr1_supercontig_000006143,1,1596,677015777,677015777
GL840556.1,Chr1_supercontig_000006144,1,2643,677018420,677018420
GL840557.1,Chr1_supercontig_000006145,1,2562,677020982,677020982
GL840558.1,Chr1_supercontig_000006146,1,2003,677022985,677022985
GL840559.1,Chr1_supercontig_000006147,1,2161,677025146,677025146
GL840560.1,Chr1_supercontig_000006148,1,3778,677028924,677028924
GL840561.1,Chr1_supercontig_000006149,1,1501,677030425,677030425
GL840562.1,Chr1_supercontig_000006150,1,2265,677032690,677032690
GL840563.1,Chr1_supercontig_000006151,1,1766,677034456,677034456
GL840564.1,Chr1_supercontig_000006152,1,2474,677036930,677036930
GL840565.1,Chr1_supercontig_000006153,1,1703,677038633,677038633
GL840566.1,Chr1_supercontig_000006154,1,1645,677040278,677040278
GL840567.1,Chr1_supercontig_000006155,1,1765,677042043,677042043
GL840568.1,Chr1_supercontig_000006156,1,2644,677044687,677044687
GL840569.1,Chr1_supercontig_000006157,1,2904,677047591,677047591
GL840570.1,Chr1_supercontig_000006158,1,1997,677049588,677049588
GL840571.1,Chr1_supercontig_000006159,1,2321,677051909,677051909
GL840572.1,Chr1_supercontig_000006160,1,1602,677053511,677053511
GL840573.1,Chr1_supercontig_000006161,1,1574,677055085,677055085
GL840574.1,Chr1_supercontig_000006162,1,2280,677057365,677057365
GL840575.1,Chr1_supercontig_000006163,1,1652,677059017,677059017
GL840576.1,Chr1_supercontig_000006164,1,1883,677060900,677060900
GL840577.1,Chr1_supercontig_000006165,1,1690,677062590,677062590
GL840578.1,Chr1_supercontig_000006166,1,1928,677064518,677064518
GL840579.1,Chr1_supercontig_000006167,1,1533,677066051,677066051
GL840580.1,Chr1_supercontig_000006168,1,1811,677067862,677067862
GL840581.1,Chr1_supercontig_000006169,1,1691,677069553,677069553
GL840582.1,Chr1_supercontig_000006170,1,2121,677071674,677071674
GL840583.1,Chr1_supercontig_000006171,1,1656,677073330,677073330
GL840584.1,Chr1_supercontig_000006172,1,1804,677075134,677075134
GL840585.1,Chr1_supercontig_000006173,1,3492,677078626,677078626
GL840586.1,Chr1_supercontig_000006174,1,2402,677081028,677081028
GL840587.1,Chr1_supercontig_000006175,1,1782,677082810,677082810
GL840588.1,Chr1_supercontig_000006176,1,1598,677084408,677084408
GL840589.1,Chr1_supercontig_000006177,1,1658,677086066,677086066
GL840590.1,Chr1_supercontig_000006178,1,1538,677087604,677087604
GL840591.1,Chr1_supercontig_000006179,1,2614,677090218,677090218
GL840592.1,Chr1_supercontig_000006180,1,2198,677092416,677092416
GL840593.1,Chr1_supercontig_000006181,1,1536,677093952,677093952
GL840594.1,Chr1_supercontig_000006182,1,1803,677095755,677095755
GL840595.1,Chr1_supercontig_000006183,1,1986,677097741,677097741
GL840596.1,Chr1_supercontig_000006184,1,1604,677099345,677099345
GL840597.1,Chr1_supercontig_000006185,1,2179,677101524,677101524
GL840598.1,Chr1_supercontig_000006186,1,1650,677103174,677103174
GL840599.1,Chr1_supercontig_000006187,1,2087,677105261,677105261
GL840600.1,Chr1_supercontig_000006188,1,1771,677107032,677107032
GL840601.1,Chr1_supercontig_000006189,1,1560,677108592,677108592
GL840602.1,Chr1_supercontig_000006190,1,1824,677110416,677110416
GL840603.1,Chr1_supercontig_000006191,1,1723,677112139,677112139
GL840604.1,Chr1_supercontig_000006192,1,2350,677114489,677114489
GL840605.1,Chr1_supercontig_000006193,1,1616,677116105,677116105
GL840606.1,Chr1_supercontig_000006194,1,1693,677117798,677117798
GL840607.1,Chr1_supercontig_000006195,1,1594,677119392,677119392
GL840608.1,Chr1_supercontig_000006196,1,1536,677120928,677120928
GL840609.1,Chr1_supercontig_000006197,1,2109,677123037,677123037
GL840610.1,Chr1_supercontig_000006198,1,1657,677124694,677124694
GL840611.1,Chr1_supercontig_000006199,1,2116,677126810,677126810
GL840612.1,Chr1_supercontig_000006200,1,1505,677128315,677128315
GL840613.1,Chr1_supercontig_000006201,1,1996,677130311,677130311
GL840614.1,Chr1_supercontig_000006202,1,2097,677132408,677132408
GL840615.1,Chr1_supercontig_000006203,1,2211,677134619,677134619
GL840616.1,Chr1_supercontig_000006204,1,1815,677136434,677136434
GL840617.1,Chr1_supercontig_000006205,1,1707,677138141,677138141
GL840618.1,Chr1_supercontig_000006206,1,1554,677139695,677139695
GL840619.1,Chr1_supercontig_000006207,1,2372,677142067,677142067
GL840620.1,Chr1_supercontig_000006208,1,3077,677145144,677145144
GL840621.1,Chr1_supercontig_000006209,1,2363,677147507,677147507
GL840622.1,Chr1_supercontig_000006210,1,1669,677149176,677149176
GL840623.1,Chr1_supercontig_000006211,1,3308,677152484,677152484
GL840624.1,Chr1_supercontig_000006212,1,2122,677154606,677154606
GL840625.1,Chr1_supercontig_000006213,1,2390,677156996,677156996
GL840626.1,Chr1_supercontig_000006214,1,1669,677158665,677158665
GL840627.1,Chr1_supercontig_000006215,1,1701,677160366,677160366
GL840628.1,Chr1_supercontig_000006216,1,1560,677161926,677161926
GL840629.1,Chr1_supercontig_000006217,1,2127,677164053,677164053
GL840630.1,Chr1_supercontig_000006218,1,1513,677165566,677165566
GL840631.1,Chr1_supercontig_000006219,1,2014,677167580,677167580
GL840632.1,Chr1_supercontig_000006220,1,2089,677169669,677169669
GL840633.1,Chr1_supercontig_000006221,1,2282,677171951,677171951
GL840634.1,Chr1_supercontig_000006222,1,1791,677173742,677173742
GL840635.1,Chr1_supercontig_000006223,1,1747,677175489,677175489
GL840636.1,Chr1_supercontig_000006224,1,2629,677178118,677178118
GL840637.1,Chr1_supercontig_000006225,1,1654,677179772,677179772
GL840638.1,Chr1_supercontig_000006226,1,1645,677181417,677181417
GL840639.1,Chr1_supercontig_000006227,1,1650,677183067,677183067
GL840640.1,Chr1_supercontig_000006228,1,1773,677184840,677184840
GL840641.1,Chr1_supercontig_000006229,1,1557,677186397,677186397
GL840642.1,Chr1_supercontig_000006230,1,1675,677188072,677188072
GL840643.1,Chr1_supercontig_000006231,1,1716,677189788,677189788
GL840644.1,Chr1_supercontig_000006232,1,1636,677191424,677191424
GL840645.1,Chr1_supercontig_000006233,1,1777,677193201,677193201
GL840646.1,Chr1_supercontig_000006234,1,1839,677195040,677195040
GL840647.1,Chr1_supercontig_000006235,1,2640,677197680,677197680
GL840648.1,Chr1_supercontig_000006236,1,2216,677199896,677199896
GL840649.1,Chr1_supercontig_000006237,1,2583,677202479,677202479
GL840650.1,Chr1_supercontig_000006238,1,1642,677204121,677204121
GL840651.1,Chr1_supercontig_000006239,1,1590,677205711,677205711
GL840652.1,Chr1_supercontig_000006240,1,2019,677207730,677207730
GL840653.1,Chr1_supercontig_000006241,1,7417,677215147,677215147
GL840654.1,Chr1_supercontig_000006242,1,1527,677216674,677216674
GL840655.1,Chr1_supercontig_000006243,1,2555,677219229,677219229
GL840656.1,Chr1_supercontig_000006244,1,1699,677220928,677220928
GL840657.1,Chr1_supercontig_000006245,1,1761,677222689,677222689
GL840658.1,Chr1_supercontig_000006246,1,1529,677224218,677224218
GL840659.1,Chr1_supercontig_000006247,1,3486,677227704,677227704
GL840660.1,Chr1_supercontig_000006248,1,3018,677230722,677230722
GL840661.1,Chr1_supercontig_000006249,1,2075,677232797,677232797
GL840662.1,Chr1_supercontig_000006250,1,2004,677234801,677234801
GL840663.1,Chr1_supercontig_000006251,1,2522,677237323,677237323
GL840664.1,Chr1_supercontig_000006252,1,1699,677239022,677239022
GL840665.1,Chr1_supercontig_000006253,1,1771,677240793,677240793
GL840666.1,Chr1_supercontig_000006254,1,2881,677243674,677243674
GL840667.1,Chr1_supercontig_000006255,1,1889,677245563,677245563
GL840668.1,Chr1_supercontig_000006256,1,1548,677247111,677247111
GL840669.1,Chr1_supercontig_000006257,1,1712,677248823,677248823
GL840670.1,Chr1_supercontig_000006258,1,1895,677250718,677250718
GL840671.1,Chr1_supercontig_000006259,1,2198,677252916,677252916
GL840672.1,Chr1_supercontig_000006260,1,2023,677254939,677254939
GL840673.1,Chr1_supercontig_000006261,1,1916,677256855,677256855
GL840674.1,Chr1_supercontig_000006262,1,1695,677258550,677258550
GL840675.1,Chr1_supercontig_000006263,1,1533,677260083,677260083
GL840676.1,Chr1_supercontig_000006264,1,1586,677261669,677261669
GL840677.1,Chr1_supercontig_000006265,1,2697,677264366,677264366
GL840678.1,Chr1_supercontig_000006266,1,1568,677265934,677265934
GL840679.1,Chr1_supercontig_000006267,1,2494,677268428,677268428
GL840680.1,Chr1_supercontig_000006268,1,2151,677270579,677270579
GL840681.1,Chr1_supercontig_000006269,1,1673,677272252,677272252
GL840682.1,Chr1_supercontig_000006270,1,1862,677274114,677274114
GL840683.1,Chr1_supercontig_000006271,1,2284,677276398,677276398
GL840684.1,Chr1_supercontig_000006272,1,1515,677277913,677277913
GL840685.1,Chr1_supercontig_000006273,1,2099,677280012,677280012
GL840686.1,Chr1_supercontig_000006274,1,1590,677281602,677281602
GL840687.1,Chr1_supercontig_000006275,1,2270,677283872,677283872
GL840688.1,Chr1_supercontig_000006276,1,1562,677285434,677285434
GL840689.1,Chr1_supercontig_000006277,1,1957,677287391,677287391
GL840690.1,Chr1_supercontig_000006278,1,1930,677289321,677289321
GL840691.1,Chr1_supercontig_000006279,1,1687,677291008,677291008
GL840692.1,Chr1_supercontig_000006280,1,2136,677293144,677293144
GL840693.1,Chr1_supercontig_000006281,1,1653,677294797,677294797
GL840694.1,Chr1_supercontig_000006282,1,4107,677298904,677298904
GL840695.1,Chr1_supercontig_000006283,1,1539,677300443,677300443
GL840696.1,Chr1_supercontig_000006284,1,1570,677302013,677302013
GL840697.1,Chr1_supercontig_000006285,1,2847,677304860,677304860
GL840698.1,Chr1_supercontig_000006286,1,1756,677306616,677306616
GL840699.1,Chr1_supercontig_000006287,1,2147,677308763,677308763
GL840700.1,Chr1_supercontig_000006288,1,2272,677311035,677311035
GL840701.1,Chr1_supercontig_000006289,1,1875,677312910,677312910
GL840702.1,Chr1_supercontig_000006290,1,2749,677315659,677315659
GL840703.1,Chr1_supercontig_000006291,1,1697,677317356,677317356
GL840704.1,Chr1_supercontig_000006292,1,1719,677319075,677319075
GL840705.1,Chr1_supercontig_000006293,1,2336,677321411,677321411
GL840706.1,Chr1_supercontig_000006294,1,2573,677323984,677323984
GL840707.1,Chr1_supercontig_000006295,1,1834,677325818,677325818
GL840708.1,Chr1_supercontig_000006296,1,2087,677327905,677327905
GL840709.1,Chr1_supercontig_000006297,1,2037,677329942,677329942
GL840710.1,Chr1_supercontig_000006298,1,1915,677331857,677331857
GL840711.1,Chr1_supercontig_000006299,1,1545,677333402,677333402
GL840712.1,Chr1_supercontig_000006300,1,2397,677335799,677335799
GL840713.1,Chr1_supercontig_000006301,1,2226,677338025,677338025
GL840714.1,Chr1_supercontig_000006302,1,2255,677340280,677340280
GL840715.1,Chr1_supercontig_000006303,1,2048,677342328,677342328
GL840716.1,Chr1_supercontig_000006304,1,2690,677345018,677345018
GL840717.1,Chr1_supercontig_000006305,1,1648,677346666,677346666
GL840718.1,Chr1_supercontig_000006306,1,2553,677349219,677349219
GL840719.1,Chr1_supercontig_000006307,1,1633,677350852,677350852
GL840720.1,Chr1_supercontig_000006308,1,1885,677352737,677352737
GL840721.1,Chr1_supercontig_000006309,1,1755,677354492,677354492
GL840722.1,Chr1_supercontig_000006310,1,1870,677356362,677356362
GL840723.1,Chr1_supercontig_000006311,1,1732,677358094,677358094
GL840724.1,Chr1_supercontig_000006312,1,3059,677361153,677361153
GL840725.1,Chr1_supercontig_000006313,1,2338,677363491,677363491
GL840726.1,Chr1_supercontig_000006314,1,3894,677367385,677367385
GL840727.1,Chr1_supercontig_000006315,1,3130,677370515,677370515
GL840728.1,Chr1_supercontig_000006316,1,2522,677373037,677373037
GL840729.1,Chr1_supercontig_000006317,1,2114,677375151,677375151
GL840730.1,Chr1_supercontig_000006318,1,1564,677376715,677376715
GL840731.1,Chr1_supercontig_000006319,1,1688,677378403,677378403
GL840732.1,Chr1_supercontig_000006320,1,1496,677379899,677379899
GL840733.1,Chr1_supercontig_000006321,1,2929,677382828,677382828
GL840734.1,Chr1_supercontig_000006322,1,3172,677386000,677386000
GL840735.1,Chr1_supercontig_000006323,1,3808,677389808,677389808
GL840736.1,Chr1_supercontig_000006324,1,1754,677391562,677391562
GL840737.1,Chr1_supercontig_000006325,1,1708,677393270,677393270
GL840738.1,Chr1_supercontig_000006326,1,2008,677395278,677395278
GL840739.1,Chr1_supercontig_000006327,1,1998,677397276,677397276
GL840740.1,Chr1_supercontig_000006328,1,1934,677399210,677399210
GL840741.1,Chr1_supercontig_000006329,1,2243,677401453,677401453
GL840742.1,Chr1_supercontig_000006330,1,2782,677404235,677404235
GL840743.1,Chr1_supercontig_000006331,1,1682,677405917,677405917
GL840744.1,Chr1_supercontig_000006332,1,2060,677407977,677407977
GL840745.1,Chr1_supercontig_000006333,1,1796,677409773,677409773
GL840746.1,Chr1_supercontig_000006334,1,1865,677411638,677411638
GL840747.1,Chr1_supercontig_000006335,1,1917,677413555,677413555
GL840748.1,Chr1_supercontig_000006336,1,1867,677415422,677415422
GL840749.1,Chr1_supercontig_000006337,1,1944,677417366,677417366
GL840750.1,Chr1_supercontig_000006338,1,2009,677419375,677419375
GL840751.1,Chr1_supercontig_000006339,1,2879,677422254,677422254
GL840752.1,Chr1_supercontig_000006340,1,1644,677423898,677423898
GL840753.1,Chr1_supercontig_000006341,1,1691,677425589,677425589
GL840754.1,Chr1_supercontig_000006342,1,2503,677428092,677428092
GL840755.1,Chr1_supercontig_000006343,1,2085,677430177,677430177
GL840756.1,Chr1_supercontig_000006344,1,2678,677432855,677432855
GL840757.1,Chr1_supercontig_000006345,1,2611,677435466,677435466
GL840758.1,Chr1_supercontig_000006346,1,1529,677436995,677436995
GL840759.1,Chr1_supercontig_000006347,1,3114,677440109,677440109
GL840760.1,Chr1_supercontig_000006348,1,2508,677442617,677442617
GL840761.1,Chr1_supercontig_000006349,1,2170,677444787,677444787
GL840762.1,Chr1_supercontig_000006350,1,1543,677446330,677446330
GL840763.1,Chr1_supercontig_000006351,1,2866,677449196,677449196
GL840764.1,Chr1_supercontig_000006352,1,2586,677451782,677451782
GL840765.1,Chr1_supercontig_000006353,1,1553,677453335,677453335
GL840766.1,Chr1_supercontig_000006354,1,3443,677456778,677456778
GL840767.1,Chr1_supercontig_000006355,1,2125,677458903,677458903
GL840768.1,Chr1_supercontig_000006356,1,2121,677461024,677461024
GL840769.1,Chr1_supercontig_000006357,1,2198,677463222,677463222
GL840770.1,Chr1_supercontig_000006358,1,1708,677464930,677464930
GL840771.1,Chr1_supercontig_000006359,1,1595,677466525,677466525
GL840772.1,Chr1_supercontig_000006360,1,2954,677469479,677469479
GL840773.1,Chr1_supercontig_000006361,1,1687,677471166,677471166
GL840774.1,Chr1_supercontig_000006362,1,2668,677473834,677473834
GL840775.1,Chr1_supercontig_000006363,1,1513,677475347,677475347
GL840776.1,Chr1_supercontig_000006364,1,1558,677476905,677476905
GL840777.1,Chr1_supercontig_000006365,1,2355,677479260,677479260
GL840778.1,Chr1_supercontig_000006366,1,2001,677481261,677481261
GL840779.1,Chr1_supercontig_000006367,1,1658,677482919,677482919
GL840780.1,Chr1_supercontig_000006368,1,1846,677484765,677484765
GL840781.1,Chr1_supercontig_000006369,1,1921,677486686,677486686
GL840782.1,Chr1_supercontig_000006370,1,1654,677488340,677488340
GL840783.1,Chr1_supercontig_000006371,1,1513,677489853,677489853
GL840784.1,Chr1_supercontig_000006372,1,1814,677491667,677491667
GL840785.1,Chr1_supercontig_000006373,1,2158,677493825,677493825
GL840786.1,Chr1_supercontig_000006374,1,2175,677496000,677496000
GL840787.1,Chr1_supercontig_000006375,1,2510,677498510,677498510
GL840788.1,Chr1_supercontig_000006376,1,2289,677500799,677500799
GL840789.1,Chr1_supercontig_000006377,1,2224,677503023,677503023
GL840790.1,Chr1_supercontig_000006378,1,1528,677504551,677504551
GL840791.1,Chr1_supercontig_000006379,1,3725,677508276,677508276
GL840792.1,Chr1_supercontig_000006380,1,2174,677510450,677510450
GL840793.1,Chr1_supercontig_000006381,1,1946,677512396,677512396
GL840794.1,Chr1_supercontig_000006382,1,2487,677514883,677514883
GL840795.1,Chr1_supercontig_000006383,1,2181,677517064,677517064
GL840796.1,Chr1_supercontig_000006384,1,1745,677518809,677518809
GL840797.1,Chr1_supercontig_000006385,1,2674,677521483,677521483
GL840798.1,Chr1_supercontig_000006386,1,1516,677522999,677522999
GL840799.1,Chr1_supercontig_000006387,1,1786,677524785,677524785
GL840800.1,Chr1_supercontig_000006388,1,3517,677528302,677528302
GL840801.1,Chr1_supercontig_000006389,1,1530,677529832,677529832
GL840802.1,Chr1_supercontig_000006390,1,1777,677531609,677531609
GL840803.1,Chr1_supercontig_000006391,1,1633,677533242,677533242
GL840804.1,Chr1_supercontig_000006392,1,1544,677534786,677534786
GL840805.1,Chr1_supercontig_000006393,1,1958,677536744,677536744
GL840806.1,Chr1_supercontig_000006394,1,2311,677539055,677539055
GL840807.1,Chr1_supercontig_000006395,1,1703,677540758,677540758
GL840808.1,Chr1_supercontig_000006396,1,1944,677542702,677542702
GL840809.1,Chr1_supercontig_000006397,1,2497,677545199,677545199
GL840810.1,Chr1_supercontig_000006398,1,4152,677549351,677549351
GL840811.1,Chr1_supercontig_000006399,1,2815,677552166,677552166
GL840812.1,Chr1_supercontig_000006400,1,2948,677555114,677555114
GL840813.1,Chr1_supercontig_000006401,1,2540,677557654,677557654
GL840814.1,Chr1_supercontig_000006402,1,2580,677560234,677560234
GL840815.1,Chr1_supercontig_000006403,1,1550,677561784,677561784
GL840816.1,Chr1_supercontig_000006404,1,1821,677563605,677563605
GL840817.1,Chr1_supercontig_000006405,1,3880,677567485,677567485
GL840818.1,Chr1_supercontig_000006406,1,2654,677570139,677570139
GL840819.1,Chr1_supercontig_000006407,1,1578,677571717,677571717
GL840820.1,Chr1_supercontig_000006408,1,1579,677573296,677573296
GL840821.1,Chr1_supercontig_000006409,1,1502,677574798,677574798
GL840822.1,Chr1_supercontig_000006410,1,2575,677577373,677577373
GL840823.1,Chr1_supercontig_000006411,1,1540,677578913,677578913
GL840824.1,Chr1_supercontig_000006412,1,1708,677580621,677580621
GL840825.1,Chr1_supercontig_000006413,1,3069,677583690,677583690
GL840826.1,Chr1_supercontig_000006414,1,1549,677585239,677585239
GL840827.1,Chr1_supercontig_000006415,1,1852,677587091,677587091
GL840828.1,Chr1_supercontig_000006416,1,2572,677589663,677589663
GL840829.1,Chr1_supercontig_000006417,1,1683,677591346,677591346
GL840830.1,Chr1_supercontig_000006418,1,1906,677593252,677593252
GL840831.1,Chr1_supercontig_000006419,1,1676,677594928,677594928
GL840832.1,Chr1_supercontig_000006420,1,2749,677597677,677597677
GL840833.1,Chr1_supercontig_000006421,1,2620,677600297,677600297
GL840834.1,Chr1_supercontig_000006422,1,1629,677601926,677601926
GL840835.1,Chr1_supercontig_000006423,1,1627,677603553,677603553
GL840836.1,Chr1_supercontig_000006424,1,2515,677606068,677606068
GL840837.1,Chr1_supercontig_000006425,1,2284,677608352,677608352
GL840838.1,Chr1_supercontig_000006426,1,2830,677611182,677611182
GL840839.1,Chr1_supercontig_000006427,1,1548,677612730,677612730
GL840840.1,Chr1_supercontig_000006428,1,1783,677614513,677614513
GL840841.1,Chr1_supercontig_000006429,1,1735,677616248,677616248
GL840842.1,Chr1_supercontig_000006430,1,1558,677617806,677617806
GL840843.1,Chr1_supercontig_000006431,1,2483,677620289,677620289
GL840844.1,Chr1_supercontig_000006432,1,2184,677622473,677622473
GL840845.1,Chr1_supercontig_000006433,1,1910,677624383,677624383
GL840846.1,Chr1_supercontig_000006434,1,1757,677626140,677626140
GL840847.1,Chr1_supercontig_000006435,1,2075,677628215,677628215
GL840848.1,Chr1_supercontig_000006436,1,1973,677630188,677630188
GL840849.1,Chr1_supercontig_000006437,1,1756,677631944,677631944
GL840850.1,Chr1_supercontig_000006438,1,1691,677633635,677633635
GL840851.1,Chr1_supercontig_000006439,1,2360,677635995,677635995
GL840852.1,Chr1_supercontig_000006440,1,1654,677637649,677637649
GL840853.1,Chr1_supercontig_000006441,1,2635,677640284,677640284
GL840854.1,Chr1_supercontig_000006442,1,1619,677641903,677641903
GL840855.1,Chr1_supercontig_000006443,1,1746,677643649,677643649
GL840856.1,Chr1_supercontig_000006444,1,2320,677645969,677645969
GL840857.1,Chr1_supercontig_000006445,1,2782,677648751,677648751
GL840858.1,Chr1_supercontig_000006446,1,3250,677652001,677652001
GL840859.1,Chr1_supercontig_000006447,1,2230,677654231,677654231
GL840860.1,Chr1_supercontig_000006448,1,3331,677657562,677657562
GL840861.1,Chr1_supercontig_000006449,1,1871,677659433,677659433
GL840862.1,Chr1_supercontig_000006450,1,1616,677661049,677661049
GL840863.1,Chr1_supercontig_000006451,1,1534,677662583,677662583
GL840864.1,Chr1_supercontig_000006452,1,1914,677664497,677664497
GL840865.1,Chr1_supercontig_000006453,1,2169,677666666,677666666
GL840866.1,Chr1_supercontig_000006454,1,2984,677669650,677669650
GL840867.1,Chr1_supercontig_000006455,1,2941,677672591,677672591
GL840868.1,Chr1_supercontig_000006456,1,3077,677675668,677675668
GL840869.1,Chr1_supercontig_000006457,1,2087,677677755,677677755
GL840870.1,Chr1_supercontig_000006458,1,1517,677679272,677679272
GL840871.1,Chr1_supercontig_000006459,1,2659,677681931,677681931
GL840872.1,Chr1_supercontig_000006460,1,1520,677683451,677683451
GL840873.1,Chr1_supercontig_000006461,1,1957,677685408,677685408
GL840874.1,Chr1_supercontig_000006462,1,2622,677688030,677688030
GL840875.1,Chr1_supercontig_000006463,1,1928,677689958,677689958
GL840876.1,Chr1_supercontig_000006464,1,1705,677691663,677691663
GL840877.1,Chr1_supercontig_000006465,1,1558,677693221,677693221
GL840878.1,Chr1_supercontig_000006466,1,2003,677695224,677695224
GL840879.1,Chr1_supercontig_000006467,1,1551,677696775,677696775
GL840880.1,Chr1_supercontig_000006468,1,1897,677698672,677698672
GL840881.1,Chr1_supercontig_000006469,1,1590,677700262,677700262
GL840882.1,Chr1_supercontig_000006470,1,1619,677701881,677701881
GL840883.1,Chr1_supercontig_000006471,1,2760,677704641,677704641
GL840884.1,Chr1_supercontig_000006472,1,1611,677706252,677706252
GL840885.1,Chr1_supercontig_000006473,1,3065,677709317,677709317
GL840886.1,Chr1_supercontig_000006474,1,1671,677710988,677710988
GL840887.1,Chr1_supercontig_000006475,1,2085,677713073,677713073
GL840888.1,Chr1_supercontig_000006476,1,1553,677714626,677714626
GL840889.1,Chr1_supercontig_000006477,1,2323,677716949,677716949
GL840890.1,Chr1_supercontig_000006478,1,3145,677720094,677720094
GL840891.1,Chr1_supercontig_000006479,1,1532,677721626,677721626
GL840892.1,Chr1_supercontig_000006480,1,2307,677723933,677723933
GL840893.1,Chr1_supercontig_000006481,1,2387,677726320,677726320
GL840894.1,Chr1_supercontig_000006482,1,2870,677729190,677729190
GL840895.1,Chr1_supercontig_000006483,1,1929,677731119,677731119
GL840896.1,Chr1_supercontig_000006484,1,4776,677735895,677735895
GL840897.1,Chr1_supercontig_000006485,1,1544,677737439,677737439
GL840898.1,Chr1_supercontig_000006486,1,2038,677739477,677739477
GL840899.1,Chr1_supercontig_000006487,1,2051,677741528,677741528
GL840900.1,Chr1_supercontig_000006488,1,1530,677743058,677743058
GL840901.1,Chr1_supercontig_000006489,1,2845,677745903,677745903
GL840902.1,Chr1_supercontig_000006490,1,2005,677747908,677747908
GL840903.1,Chr1_supercontig_000006491,1,1900,677749808,677749808
GL840904.1,Chr1_supercontig_000006492,1,1690,677751498,677751498
GL840905.1,Chr1_supercontig_000006493,1,2007,677753505,677753505
GL840906.1,Chr1_supercontig_000006494,1,1513,677755018,677755018
GL840907.1,Chr1_supercontig_000006495,1,2845,677757863,677757863
GL840908.1,Chr1_supercontig_000006496,1,1528,677759391,677759391
GL840909.1,Chr1_supercontig_000006497,1,2496,677761887,677761887
GL840910.1,Chr1_supercontig_000006498,1,2705,677764592,677764592
GL840911.1,Chr1_supercontig_000006499,1,1559,677766151,677766151
GL840912.1,Chr1_supercontig_000006500,1,2318,677768469,677768469
GL840913.1,Chr1_supercontig_000006501,1,2803,677771272,677771272
GL840914.1,Chr1_supercontig_000006502,1,1553,677772825,677772825
GL840915.1,Chr1_supercontig_000006503,1,1576,677774401,677774401
GL840916.1,Chr1_supercontig_000006504,1,1722,677776123,677776123
GL840917.1,Chr1_supercontig_000006505,1,1670,677777793,677777793
GL840918.1,Chr1_supercontig_000006506,1,1799,677779592,677779592
GL840919.1,Chr1_supercontig_000006507,1,1853,677781445,677781445
GL840920.1,Chr1_supercontig_000006508,1,1667,677783112,677783112
GL840921.1,Chr1_supercontig_000006509,1,3869,677786981,677786981
GL840922.1,Chr1_supercontig_000006510,1,1847,677788828,677788828
GL840923.1,Chr1_supercontig_000006511,1,2180,677791008,677791008
GL840924.1,Chr1_supercontig_000006512,1,1726,677792734,677792734
GL840925.1,Chr1_supercontig_000006513,1,1517,677794251,677794251
GL840926.1,Chr1_supercontig_000006514,1,1813,677796064,677796064
GL840927.1,Chr1_supercontig_000006515,1,1648,677797712,677797712
GL840928.1,Chr1_supercontig_000006516,1,2954,677800666,677800666
GL840929.1,Chr1_supercontig_000006517,1,2004,677802670,677802670
GL840930.1,Chr1_supercontig_000006518,1,2486,677805156,677805156
GL840931.1,Chr1_supercontig_000006519,1,3013,677808169,677808169
GL840932.1,Chr1_supercontig_000006520,1,3137,677811306,677811306
GL840933.1,Chr1_supercontig_000006521,1,1631,677812937,677812937
GL840934.1,Chr1_supercontig_000006522,1,1523,677814460,677814460
GL840935.1,Chr1_supercontig_000006523,1,1989,677816449,677816449
GL840936.1,Chr1_supercontig_000006524,1,1711,677818160,677818160
GL840937.1,Chr1_supercontig_000006525,1,5313,677823473,677823473
GL840938.1,Chr1_supercontig_000006526,1,2568,677826041,677826041
GL840939.1,Chr1_supercontig_000006527,1,1749,677827790,677827790
GL840940.1,Chr1_supercontig_000006528,1,1858,677829648,677829648
GL840941.1,Chr1_supercontig_000006529,1,1553,677831201,677831201
GL840942.1,Chr1_supercontig_000006530,1,1577,677832778,677832778
GL840943.1,Chr1_supercontig_000006531,1,1808,677834586,677834586
GL840944.1,Chr1_supercontig_000006532,1,1990,677836576,677836576
GL840945.1,Chr1_supercontig_000006533,1,2227,677838803,677838803
GL840946.1,Chr1_supercontig_000006534,1,1782,677840585,677840585
GL840947.1,Chr1_supercontig_000006535,1,1622,677842207,677842207
GL840948.1,Chr1_supercontig_000006536,1,2281,677844488,677844488
GL840949.1,Chr1_supercontig_000006537,1,1936,677846424,677846424
GL840950.1,Chr1_supercontig_000006538,1,1522,677847946,677847946
GL840951.1,Chr1_supercontig_000006539,1,1723,677849669,677849669
GL840952.1,Chr1_supercontig_000006540,1,1638,677851307,677851307
GL840953.1,Chr1_supercontig_000006541,1,1606,677852913,677852913
GL840954.1,Chr1_supercontig_000006542,1,3065,677855978,677855978
GL840955.1,Chr1_supercontig_000006543,1,3511,677859489,677859489
GL840956.1,Chr1_supercontig_000006544,1,1884,677861373,677861373
GL840957.1,Chr1_supercontig_000006545,1,1851,677863224,677863224
GL840958.1,Chr1_supercontig_000006546,1,1563,677864787,677864787
GL840959.1,Chr1_supercontig_000006547,1,1784,677866571,677866571
GL840960.1,Chr1_supercontig_000006548,1,2269,677868840,677868840
GL840961.1,Chr1_supercontig_000006549,1,1658,677870498,677870498
GL840962.1,Chr1_supercontig_000006550,1,2551,677873049,677873049
GL840963.1,Chr1_supercontig_000006551,1,2956,677876005,677876005
GL840964.1,Chr1_supercontig_000006552,1,1545,677877550,677877550
GL840965.1,Chr1_supercontig_000006553,1,1850,677879400,677879400
GL840966.1,Chr1_supercontig_000006554,1,1669,677881069,677881069
GL840967.1,Chr1_supercontig_000006555,1,3012,677884081,677884081
GL840968.1,Chr1_supercontig_000006556,1,1921,677886002,677886002
GL840969.1,Chr1_supercontig_000006557,1,2516,677888518,677888518
GL840970.1,Chr1_supercontig_000006558,1,1536,677890054,677890054
GL840971.1,Chr1_supercontig_000006559,1,1733,677891787,677891787
GL840972.1,Chr1_supercontig_000006560,1,3165,677894952,677894952
GL840973.1,Chr1_supercontig_000006561,1,2459,677897411,677897411
GL840974.1,Chr1_supercontig_000006562,1,2219,677899630,677899630
GL840975.1,Chr1_supercontig_000006563,1,1797,677901427,677901427
GL840976.1,Chr1_supercontig_000006564,1,1944,677903371,677903371
GL840977.1,Chr1_supercontig_000006565,1,1870,677905241,677905241
GL840978.1,Chr1_supercontig_000006566,1,1873,677907114,677907114
GL840979.1,Chr1_supercontig_000006567,1,3049,677910163,677910163
GL840980.1,Chr1_supercontig_000006568,1,2754,677912917,677912917
GL840981.1,Chr1_supercontig_000006569,1,1568,677914485,677914485
GL840982.1,Chr1_supercontig_000006570,1,1826,677916311,677916311
GL840983.1,Chr1_supercontig_000006571,1,1793,677918104,677918104
GL840984.1,Chr1_supercontig_000006572,1,2724,677920828,677920828
GL840985.1,Chr1_supercontig_000006573,1,1907,677922735,677922735
GL840986.1,Chr1_supercontig_000006574,1,1649,677924384,677924384
GL840987.1,Chr1_supercontig_000006575,1,3107,677927491,677927491
GL840988.1,Chr1_supercontig_000006576,1,1687,677929178,677929178
GL840989.1,Chr1_supercontig_000006577,1,1828,677931006,677931006
GL840990.1,Chr1_supercontig_000006578,1,1808,677932814,677932814
GL840991.1,Chr1_supercontig_000006579,1,1680,677934494,677934494
GL840992.1,Chr1_supercontig_000006580,1,1714,677936208,677936208
GL840993.1,Chr1_supercontig_000006581,1,1541,677937749,677937749
GL840994.1,Chr1_supercontig_000006582,1,2128,677939877,677939877
GL840995.1,Chr1_supercontig_000006583,1,1784,677941661,677941661
GL840996.1,Chr1_supercontig_000006584,1,1884,677943545,677943545
GL840997.1,Chr1_supercontig_000006585,1,1709,677945254,677945254
GL840998.1,Chr1_supercontig_000006586,1,3927,677949181,677949181
GL840999.1,Chr1_supercontig_000006587,1,1985,677951166,677951166
GL841000.1,Chr1_supercontig_000006588,1,1983,677953149,677953149
GL841001.1,Chr1_supercontig_000006589,1,2894,677956043,677956043
GL841002.1,Chr1_supercontig_000006590,1,1603,677957646,677957646
GL841003.1,Chr1_supercontig_000006591,1,1615,677959261,677959261
GL841004.1,Chr1_supercontig_000006592,1,1521,677960782,677960782
GL841005.1,Chr1_supercontig_000006593,1,1793,677962575,677962575
GL841006.1,Chr1_supercontig_000006594,1,2077,677964652,677964652
GL841007.1,Chr1_supercontig_000006595,1,2163,677966815,677966815
GL841008.1,Chr1_supercontig_000006596,1,1593,677968408,677968408
GL841009.1,Chr1_supercontig_000006597,1,2089,677970497,677970497
GL841010.1,Chr1_supercontig_000006598,1,2023,677972520,677972520
GL841011.1,Chr1_supercontig_000006599,1,2827,677975347,677975347
GL841012.1,Chr1_supercontig_000006600,1,1560,677976907,677976907
GL841013.1,Chr1_supercontig_000006601,1,3134,677980041,677980041
GL841014.1,Chr1_supercontig_000006602,1,1932,677981973,677981973
GL841015.1,Chr1_supercontig_000006603,1,1621,677983594,677983594
GL841016.1,Chr1_supercontig_000006604,1,1500,677985094,677985094
GL841017.1,Chr1_supercontig_000006605,1,1534,677986628,677986628
GL841018.1,Chr1_supercontig_000006606,1,1573,677988201,677988201
GL841019.1,Chr1_supercontig_000006607,1,1996,677990197,677990197
GL841020.1,Chr1_supercontig_000006608,1,1705,677991902,677991902
GL841021.1,Chr1_supercontig_000006609,1,1602,677993504,677993504
GL841022.1,Chr1_supercontig_000006610,1,1518,677995022,677995022
GL841023.1,Chr1_supercontig_000006611,1,3721,677998743,677998743
GL841024.1,Chr1_supercontig_000006612,1,1611,678000354,678000354
GL841025.1,Chr1_supercontig_000006613,1,1790,678002144,678002144
GL841026.1,Chr1_supercontig_000006614,1,4749,678006893,678006893
GL841027.1,Chr1_supercontig_000006615,1,1667,678008560,678008560
GL841028.1,Chr1_supercontig_000006616,1,2077,678010637,678010637
GL841029.1,Chr1_supercontig_000006617,1,1520,678012157,678012157
GL841030.1,Chr1_supercontig_000006618,1,2910,678015067,678015067
GL841031.1,Chr1_supercontig_000006619,1,1650,678016717,678016717
GL841032.1,Chr1_supercontig_000006620,1,1614,678018331,678018331
GL841033.1,Chr1_supercontig_000006621,1,2338,678020669,678020669
GL841034.1,Chr1_supercontig_000006622,1,1737,678022406,678022406
GL841035.1,Chr1_supercontig_000006623,1,1776,678024182,678024182
GL841036.1,Chr1_supercontig_000006624,1,1683,678025865,678025865
GL841037.1,Chr1_supercontig_000006625,1,1989,678027854,678027854
GL841038.1,Chr1_supercontig_000006626,1,6052,678033906,678033906
GL841039.1,Chr1_supercontig_000006627,1,2040,678035946,678035946
GL841040.1,Chr1_supercontig_000006628,1,1814,678037760,678037760
GL841041.1,Chr1_supercontig_000006629,1,1640,678039400,678039400
GL841042.1,Chr1_supercontig_000006630,1,2003,678041403,678041403
GL841043.1,Chr1_supercontig_000006631,1,1948,678043351,678043351
GL841044.1,Chr1_supercontig_000006632,1,1993,678045344,678045344
GL841045.1,Chr1_supercontig_000006633,1,1627,678046971,678046971
GL841046.1,Chr1_supercontig_000006634,1,1912,678048883,678048883
GL841047.1,Chr1_supercontig_000006635,1,1750,678050633,678050633
GL841048.1,Chr1_supercontig_000006636,1,1614,678052247,678052247
GL841049.1,Chr1_supercontig_000006637,1,1534,678053781,678053781
GL841050.1,Chr1_supercontig_000006638,1,1525,678055306,678055306
GL841051.1,Chr1_supercontig_000006639,1,1640,678056946,678056946
GL841052.1,Chr1_supercontig_000006640,1,1687,678058633,678058633
GL841053.1,Chr1_supercontig_000006641,1,1640,678060273,678060273
GL841054.1,Chr1_supercontig_000006642,1,1573,678061846,678061846
GL841055.1,Chr1_supercontig_000006643,1,1953,678063799,678063799
GL841056.1,Chr1_supercontig_000006644,1,1665,678065464,678065464
GL841057.1,Chr1_supercontig_000006645,1,1514,678066978,678066978
GL841058.1,Chr1_supercontig_000006646,1,1511,678068489,678068489
GL841059.1,Chr1_supercontig_000006647,1,4931,678073420,678073420
GL841060.1,Chr1_supercontig_000006648,1,1603,678075023,678075023
GL841061.1,Chr1_supercontig_000006649,1,2005,678077028,678077028
GL841062.1,Chr1_supercontig_000006650,1,2266,678079294,678079294
GL841063.1,Chr1_supercontig_000006651,1,2414,678081708,678081708
GL841064.1,Chr1_supercontig_000006652,1,2555,678084263,678084263
GL841065.1,Chr1_supercontig_000006653,1,1527,678085790,678085790
GL841066.1,Chr1_supercontig_000006654,1,5331,678091121,678091121
GL841067.1,Chr1_supercontig_000006655,1,3603,678094724,678094724
GL841068.1,Chr1_supercontig_000006656,1,1689,678096413,678096413
GL841069.1,Chr1_supercontig_000006657,1,3230,678099643,678099643
GL841070.1,Chr1_supercontig_000006658,1,2648,678102291,678102291
GL841071.1,Chr1_supercontig_000006659,1,1673,678103964,678103964
GL841072.1,Chr1_supercontig_000006660,1,3225,678107189,678107189
GL841073.1,Chr1_supercontig_000006661,1,1654,678108843,678108843
GL841074.1,Chr1_supercontig_000006662,1,2305,678111148,678111148
GL841075.1,Chr1_supercontig_000006663,1,2261,678113409,678113409
GL841076.1,Chr1_supercontig_000006664,1,2191,678115600,678115600
GL841077.1,Chr1_supercontig_000006665,1,1839,678117439,678117439
GL841078.1,Chr1_supercontig_000006666,1,1730,678119169,678119169
GL841079.1,Chr1_supercontig_000006667,1,2261,678121430,678121430
GL841080.1,Chr1_supercontig_000006668,1,2839,678124269,678124269
GL841081.1,Chr1_supercontig_000006669,1,4464,678128733,678128733
GL841082.1,Chr1_supercontig_000006670,1,2808,678131541,678131541
GL841083.1,Chr1_supercontig_000006671,1,5950,678137491,678137491
GL841084.1,Chr1_supercontig_000006672,1,3413,678140904,678140904
GL841085.1,Chr1_supercontig_000006673,1,3927,678144831,678144831
GL841086.1,Chr1_supercontig_000006674,1,2895,678147726,678147726
GL841087.1,Chr1_supercontig_000006675,1,6011,678153737,678153737
GL841088.1,Chr1_supercontig_000006676,1,3111,678156848,678156848
GL841089.1,Chr1_supercontig_000006677,1,2984,678159832,678159832
GL841090.1,Chr1_supercontig_000006678,1,1788,678161620,678161620
GL841091.1,Chr1_supercontig_000006679,1,2374,678163994,678163994
GL841092.1,Chr1_supercontig_000006680,1,1621,678165615,678165615
GL841093.1,Chr1_supercontig_000006681,1,1861,678167476,678167476
GL841094.1,Chr1_supercontig_000006682,1,7614,678175090,678175090
GL841095.1,Chr1_supercontig_000006683,1,2451,678177541,678177541
GL841096.1,Chr1_supercontig_000006684,1,2178,678179719,678179719
GL841097.1,Chr1_supercontig_000006685,1,3153,678182872,678182872
GL841098.1,Chr1_supercontig_000006686,1,1607,678184479,678184479
GL841099.1,Chr1_supercontig_000006687,1,1719,678186198,678186198
GL841100.1,Chr1_supercontig_000006688,1,3953,678190151,678190151
GL841101.1,Chr1_supercontig_000006689,1,2050,678192201,678192201
GL841102.1,Chr1_supercontig_000006690,1,1621,678193822,678193822
GL841103.1,Chr1_supercontig_000006691,1,3005,678196827,678196827
GL841104.1,Chr1_supercontig_000006692,1,4718,678201545,678201545
GL841105.1,Chr1_supercontig_000006693,1,2864,678204409,678204409
GL841106.1,Chr1_supercontig_000006694,1,2951,678207360,678207360
GL841107.1,Chr1_supercontig_000006695,1,3899,678211259,678211259
GL841108.1,Chr1_supercontig_000006696,1,1838,678213097,678213097
GL841109.1,Chr1_supercontig_000006697,1,2148,678215245,678215245
GL841110.1,Chr1_supercontig_000006698,1,2537,678217782,678217782
GL841111.1,Chr1_supercontig_000006699,1,2342,678220124,678220124
GL841112.1,Chr1_supercontig_000006700,1,5450,678225574,678225574
GL841113.1,Chr1_supercontig_000006701,1,1713,678227287,678227287
GL841114.1,Chr1_supercontig_000006702,1,1881,678229168,678229168
GL841115.1,Chr1_supercontig_000006703,1,1819,678230987,678230987
GL841116.1,Chr1_supercontig_000006704,1,1576,678232563,678232563
GL841117.1,Chr1_supercontig_000006705,1,2664,678235227,678235227
GL841118.1,Chr1_supercontig_000006706,1,2185,678237412,678237412
GL841119.1,Chr1_supercontig_000006707,1,1662,678239074,678239074
GL841120.1,Chr1_supercontig_000006708,1,2059,678241133,678241133
GL841121.1,Chr1_supercontig_000006709,1,1530,678242663,678242663
GL841122.1,Chr1_supercontig_000006710,1,2104,678244767,678244767
GL841123.1,Chr1_supercontig_000006711,1,3003,678247770,678247770
GL841124.1,Chr1_supercontig_000006712,1,2059,678249829,678249829
GL841125.1,Chr1_supercontig_000006713,1,1715,678251544,678251544
GL841126.1,Chr1_supercontig_000006714,1,3892,678255436,678255436
GL841127.1,Chr1_supercontig_000006715,1,1747,678257183,678257183
GL841128.1,Chr1_supercontig_000006716,1,1657,678258840,678258840
GL841129.1,Chr1_supercontig_000006717,1,1508,678260348,678260348
GL841130.1,Chr1_supercontig_000006718,1,2044,678262392,678262392
GL841131.1,Chr1_supercontig_000006719,1,2053,678264445,678264445
GL841132.1,Chr1_supercontig_000006720,1,2954,678267399,678267399
GL841133.1,Chr1_supercontig_000006721,1,2716,678270115,678270115
GL841134.1,Chr1_supercontig_000006722,1,2488,678272603,678272603
GL841135.1,Chr1_supercontig_000006723,1,2047,678274650,678274650
GL841136.1,Chr1_supercontig_000006724,1,2075,678276725,678276725
GL841137.1,Chr1_supercontig_000006725,1,1671,678278396,678278396
GL841138.1,Chr1_supercontig_000006726,1,1535,678279931,678279931
GL841139.1,Chr1_supercontig_000006727,1,2020,678281951,678281951
GL841140.1,Chr1_supercontig_000006728,1,1919,678283870,678283870
GL841141.1,Chr2_supercontig_000000000,2,2153253,2153253,680437123
GL841142.1,Chr2_supercontig_000000001,2,2387,2155640,680439510
GL841143.1,Chr2_supercontig_000000002,2,801214,2956854,681240724
GL841144.1,Chr2_supercontig_000000003,2,807011,3763865,682047735
GL841145.1,Chr2_supercontig_000000004,2,413442,4177307,682461177
GL841146.1,Chr2_supercontig_000000005,2,870130,5047437,683331307
GL841147.1,Chr2_supercontig_000000006,2,389367,5436804,683720674
GL841148.1,Chr2_supercontig_000000007,2,408244,5845048,684128918
GL841149.1,Chr2_supercontig_000000008,2,517586,6362634,684646504
GL841150.1,Chr2_supercontig_000000009,2,274652,6637286,684921156
GL841151.1,Chr2_supercontig_000000010,2,577927,7215213,685499083
GL841152.1,Chr2_supercontig_000000011,2,760013,7975226,686259096
GL841153.1,Chr2_supercontig_000000012,2,145073,8120299,686404169
GL841154.1,Chr2_supercontig_000000013,2,495317,8615616,686899486
GL841155.1,Chr2_supercontig_000000014,2,1582640,10198256,688482126
GL841156.1,Chr2_supercontig_000000015,2,1661130,11859386,690143256
GL841157.1,Chr2_supercontig_000000016,2,881902,12741288,691025158
GL841158.1,Chr2_supercontig_000000017,2,1513285,14254573,692538443
GL841159.1,Chr2_supercontig_000000018,2,600039,14854612,693138482
GL841160.1,Chr2_supercontig_000000019,2,705618,15560230,693844100
GL841161.1,Chr2_supercontig_000000020,2,827840,16388070,694671940
GL841162.1,Chr2_supercontig_000000021,2,3176993,19565063,697848933
GL841163.1,Chr2_supercontig_000000022,2,205523,19770586,698054456
GL841164.1,Chr2_supercontig_000000023,2,285351,20055937,698339807
GL841165.1,Chr2_supercontig_000000024,2,240949,20296886,698580756
GL841166.1,Chr2_supercontig_000000025,2,1376598,21673484,699957354
GL841167.1,Chr2_supercontig_000000026,2,677643,22351127,700634997
GL841168.1,Chr2_supercontig_000000027,2,545112,22896239,701180109
GL841169.1,Chr2_supercontig_000000028,2,484515,23380754,701664624
GL841170.1,Chr2_supercontig_000000029,2,1383468,24764222,703048092
GL841171.1,Chr2_supercontig_000000030,2,100584,24864806,703148676
GL841172.1,Chr2_supercontig_000000031,2,1315711,26180517,704464387
GL841173.1,Chr2_supercontig_000000032,2,1145544,27326061,705609931
GL841174.1,Chr2_supercontig_000000033,2,3744867,31070928,709354798
GL841175.1,Chr2_supercontig_000000034,2,591741,31662669,709946539
GL841176.1,Chr2_supercontig_000000035,2,124865,31787534,710071404
GL841177.1,Chr2_supercontig_000000036,2,270745,32058279,710342149
GL841178.1,Chr2_supercontig_000000037,2,281354,32339633,710623503
GL841179.1,Chr2_supercontig_000000038,2,1072179,33411812,711695682
GL841180.1,Chr2_supercontig_000000039,2,300271,33712083,711995953
GL841181.1,Chr2_supercontig_000000040,2,887765,34599848,712883718
GL841182.1,Chr2_supercontig_000000041,2,262009,34861857,713145727
GL841183.1,Chr2_supercontig_000000042,2,3549817,38411674,716695544
GL841184.1,Chr2_supercontig_000000043,2,1225335,39637009,717920879
GL841185.1,Chr2_supercontig_000000044,2,905937,40542946,718826816
GL841186.1,Chr2_supercontig_000000045,2,721181,41264127,719547997
GL841187.1,Chr2_supercontig_000000046,2,323579,41587706,719871576
GL841188.1,Chr2_supercontig_000000047,2,190934,41778640,720062510
GL841189.1,Chr2_supercontig_000000048,2,1216718,42995358,721279228
GL841190.1,Chr2_supercontig_000000049,2,99540,43094898,721378768
GL841191.1,Chr2_supercontig_000000050,2,3364687,46459585,724743455
GL841192.1,Chr2_supercontig_000000051,2,262247,46721832,725005702
GL841193.1,Chr2_supercontig_000000052,2,3176015,49897847,728181717
GL841194.1,Chr2_supercontig_000000053,2,278837,50176684,728460554
GL841195.1,Chr2_supercontig_000000054,2,1522959,51699643,729983513
GL841196.1,Chr2_supercontig_000000055,2,3217646,54917289,733201159
GL841197.1,Chr2_supercontig_000000056,2,724299,55641588,733925458
GL841198.1,Chr2_supercontig_000000057,2,141244,55782832,734066702
GL841199.1,Chr2_supercontig_000000058,2,2993528,58776360,737060230
GL841200.1,Chr2_supercontig_000000059,2,4893859,63670219,741954089
GL841201.1,Chr2_supercontig_000000060,2,4119881,67790100,746073970
GL841202.1,Chr2_supercontig_000000061,2,3154554,70944654,749228524
GL841203.1,Chr2_supercontig_000000062,2,1426884,72371538,750655408
GL841204.1,Chr2_supercontig_000000063,2,4943988,77315526,755599396
GL841205.1,Chr2_supercontig_000000064,2,2185585,79501111,757784981
GL841206.1,Chr2_supercontig_000000065,2,682466,80183577,758467447
GL841207.1,Chr2_supercontig_000000066,2,530270,80713847,758997717
GL841208.1,Chr2_supercontig_000000067,2,1103024,81816871,760100741
GL841209.1,Chr2_supercontig_000000068,2,120594,81937465,760221335
GL841210.1,Chr2_supercontig_000000069,2,1356459,83293924,761577794
GL841211.1,Chr2_supercontig_000000070,2,454247,83748171,762032041
GL841212.1,Chr2_supercontig_000000071,2,1402470,85150641,763434511
GL841213.1,Chr2_supercontig_000000072,2,1243248,86393889,764677759
GL841214.1,Chr2_supercontig_000000073,2,1062106,87455995,765739865
GL841215.1,Chr2_supercontig_000000074,2,680433,88136428,766420298
GL841216.1,Chr2_supercontig_000000075,2,307289,88443717,766727587
GL841217.1,Chr2_supercontig_000000076,2,252926,88696643,766980513
GL841218.1,Chr2_supercontig_000000077,2,1207989,89904632,768188502
GL841219.1,Chr2_supercontig_000000078,2,78396,89983028,768266898
GL841220.1,Chr2_supercontig_000000079,2,1616137,91599165,769883035
GL841221.1,Chr2_supercontig_000000080,2,31975,91631140,769915010
GL841222.1,Chr2_supercontig_000000081,2,792845,92423985,770707855
GL841223.1,Chr2_supercontig_000000082,2,232408,92656393,770940263
GL841224.1,Chr2_supercontig_000000083,2,516859,93173252,771457122
GL841225.1,Chr2_supercontig_000000084,2,191402,93364654,771648524
GL841226.1,Chr2_supercontig_000000085,2,105357,93470011,771753881
GL841227.1,Chr2_supercontig_000000086,2,169143,93639154,771923024
GL841228.1,Chr2_supercontig_000000087,2,192929,93832083,772115953
GL841229.1,Chr2_supercontig_000000088,2,97066,93929149,772213019
GL841230.1,Chr2_supercontig_000000089,2,309868,94239017,772522887
GL841231.1,Chr2_supercontig_000000090,2,273952,94512969,772796839
GL841232.1,Chr2_supercontig_000000091,2,2025145,96538114,774821984
GL841233.1,Chr2_supercontig_000000092,2,236664,96774778,775058648
GL841234.1,Chr2_supercontig_000000093,2,3687145,100461923,778745793
GL841235.1,Chr2_supercontig_000000094,2,2829012,103290935,781574805
GL841236.1,Chr2_supercontig_000000095,2,367367,103658302,781942172
GL841237.1,Chr2_supercontig_000000096,2,3076,103661378,781945248
GL841238.1,Chr2_supercontig_000000097,2,409600,104070978,782354848
GL841239.1,Chr2_supercontig_000000098,2,3587664,107658642,785942512
GL841240.1,Chr2_supercontig_000000099,2,1838556,109497198,787781068
GL841241.1,Chr2_supercontig_000000100,2,134478,109631676,787915546
GL841242.1,Chr2_supercontig_000000101,2,2514071,112145747,790429617
GL841243.1,Chr2_supercontig_000000102,2,1338208,113483955,791767825
GL841244.1,Chr2_supercontig_000000103,2,2490363,115974318,794258188
GL841245.1,Chr2_supercontig_000000104,2,135278,116109596,794393466
GL841246.1,Chr2_supercontig_000000105,2,3355623,119465219,797749089
GL841247.1,Chr2_supercontig_000000106,2,1467050,120932269,799216139
GL841248.1,Chr2_supercontig_000000107,2,3619487,124551756,802835626
GL841249.1,Chr2_supercontig_000000108,2,155099,124706855,802990725
GL841250.1,Chr2_supercontig_000000109,2,235207,124942062,803225932
GL841251.1,Chr2_supercontig_000000110,2,1743520,126685582,804969452
GL841252.1,Chr2_supercontig_000000111,2,1172715,127858297,806142167
GL841253.1,Chr2_supercontig_000000112,2,1467317,129325614,807609484
GL841254.1,Chr2_supercontig_000000113,2,1209499,130535113,808818983
GL841255.1,Chr2_supercontig_000000114,2,798094,131333207,809617077
GL841256.1,Chr2_supercontig_000000115,2,490747,131823954,810107824
GL841257.1,Chr2_supercontig_000000116,2,1884279,133708233,811992103
GL841258.1,Chr2_supercontig_000000117,2,1589767,135298000,813581870
GL841259.1,Chr2_supercontig_000000118,2,120346,135418346,813702216
GL841260.1,Chr2_supercontig_000000119,2,1968112,137386458,815670328
GL841261.1,Chr2_supercontig_000000120,2,570696,137957154,816241024
GL841262.1,Chr2_supercontig_000000121,2,1797847,139755001,818038871
GL841263.1,Chr2_supercontig_000000122,2,783133,140538134,818822004
GL841264.1,Chr2_supercontig_000000123,2,671597,141209731,819493601
GL841265.1,Chr2_supercontig_000000124,2,937645,142147376,820431246
GL841266.1,Chr2_supercontig_000000125,2,906289,143053665,821337535
GL841267.1,Chr2_supercontig_000000126,2,1057960,144111625,822395495
GL841268.1,Chr2_supercontig_000000127,2,1089516,145201141,823485011
GL841269.1,Chr2_supercontig_000000128,2,917131,146118272,824402142
GL841270.1,Chr2_supercontig_000000129,2,225100,146343372,824627242
GL841271.1,Chr2_supercontig_000000130,2,397202,146740574,825024444
GL841272.1,Chr2_supercontig_000000131,2,114989,146855563,825139433
GL841273.1,Chr2_supercontig_000000132,2,1485285,148340848,826624718
GL841274.1,Chr2_supercontig_000000133,2,2826168,151167016,829450886
GL841275.1,Chr2_supercontig_000000134,2,71735,151238751,829522621
GL841276.1,Chr2_supercontig_000000135,2,574476,151813227,830097097
GL841277.1,Chr2_supercontig_000000136,2,1446407,153259634,831543504
GL841278.1,Chr2_supercontig_000000137,2,1485944,154745578,833029448
GL841279.1,Chr2_supercontig_000000138,2,2444624,157190202,835474072
GL841280.1,Chr2_supercontig_000000139,2,1003895,158194097,836477967
GL841281.1,Chr2_supercontig_000000140,2,273072,158467169,836751039
GL841282.1,Chr2_supercontig_000000141,2,173876,158641045,836924915
GL841283.1,Chr2_supercontig_000000142,2,676610,159317655,837601525
GL841284.1,Chr2_supercontig_000000143,2,86944,159404599,837688469
GL841285.1,Chr2_supercontig_000000144,2,141629,159546228,837830098
GL841286.1,Chr2_supercontig_000000145,2,442374,159988602,838272472
GL841287.1,Chr2_supercontig_000000146,2,1543992,161532594,839816464
GL841288.1,Chr2_supercontig_000000147,2,2727454,164260048,842543918
GL841289.1,Chr2_supercontig_000000148,2,1075229,165335277,843619147
GL841290.1,Chr2_supercontig_000000149,2,69192,165404469,843688339
GL841291.1,Chr2_supercontig_000000150,2,688233,166092702,844376572
GL841292.1,Chr2_supercontig_000000151,2,282054,166374756,844658626
GL841293.1,Chr2_supercontig_000000152,2,1767052,168141808,846425678
GL841294.1,Chr2_supercontig_000000153,2,1560042,169701850,847985720
GL841295.1,Chr2_supercontig_000000154,2,4113871,173815721,852099591
GL841296.1,Chr2_supercontig_000000155,2,360040,174175761,852459631
GL841297.1,Chr2_supercontig_000000156,2,1189877,175365638,853649508
GL841298.1,Chr2_supercontig_000000157,2,2487116,177852754,856136624
GL841299.1,Chr2_supercontig_000000158,2,4066119,181918873,860202743
GL841300.1,Chr2_supercontig_000000159,2,2922735,184841608,863125478
GL841301.1,Chr2_supercontig_000000160,2,502530,185344138,863628008
GL841302.1,Chr2_supercontig_000000161,2,4504205,189848343,868132213
GL841303.1,Chr2_supercontig_000000162,2,2120184,191968527,870252397
GL841304.1,Chr2_supercontig_000000163,2,1938543,193907070,872190940
GL841305.1,Chr2_supercontig_000000164,2,939852,194846922,873130792
GL841306.1,Chr2_supercontig_000000165,2,224973,195071895,873355765
GL841307.1,Chr2_supercontig_000000166,2,712629,195784524,874068394
GL841308.1,Chr2_supercontig_000000167,2,1842427,197626951,875910821
GL841309.1,Chr2_supercontig_000000168,2,173344,197800295,876084165
GL841310.1,Chr2_supercontig_000000169,2,178196,197978491,876262361
GL841311.1,Chr2_supercontig_000000170,2,1392729,199371220,877655090
GL841312.1,Chr2_supercontig_000000171,2,1879747,201250967,879534837
GL841313.1,Chr2_supercontig_000000172,2,467405,201718372,880002242
GL841314.1,Chr2_supercontig_000000173,2,429956,202148328,880432198
GL841315.1,Chr2_supercontig_000000174,2,321580,202469908,880753778
GL841316.1,Chr2_supercontig_000000175,2,2404043,204873951,883157821
GL841317.1,Chr2_supercontig_000000176,2,678306,205552257,883836127
GL841318.1,Chr2_supercontig_000000177,2,2182163,207734420,886018290
GL841319.1,Chr2_supercontig_000000178,2,989734,208724154,887008024
GL841320.1,Chr2_supercontig_000000179,2,171833,208895987,887179857
GL841321.1,Chr2_supercontig_000000180,2,187745,209083732,887367602
GL841322.1,Chr2_supercontig_000000181,2,676336,209760068,888043938
GL841323.1,Chr2_supercontig_000000182,2,926260,210686328,888970198
GL841324.1,Chr2_supercontig_000000183,2,163877,210850205,889134075
GL841325.1,Chr2_supercontig_000000184,2,302551,211152756,889436626
GL841326.1,Chr2_supercontig_000000185,2,1410173,212562929,890846799
GL841327.1,Chr2_supercontig_000000186,2,417997,212980926,891264796
GL841328.1,Chr2_supercontig_000000187,2,346268,213327194,891611064
GL841329.1,Chr2_supercontig_000000188,2,1952027,215279221,893563091
GL841330.1,Chr2_supercontig_000000189,2,739131,216018352,894302222
GL841331.1,Chr2_supercontig_000000190,2,213656,216232008,894515878
GL841332.1,Chr2_supercontig_000000191,2,199298,216431306,894715176
GL841333.1,Chr2_supercontig_000000192,2,311924,216743230,895027100
GL841334.1,Chr2_supercontig_000000193,2,499562,217242792,895526662
GL841335.1,Chr2_supercontig_000000194,2,580401,217823193,896107063
GL841336.1,Chr2_supercontig_000000195,2,2610457,220433650,898717520
GL841337.1,Chr2_supercontig_000000196,2,1781287,222214937,900498807
GL841338.1,Chr2_supercontig_000000197,2,2099157,224314094,902597964
GL841339.1,Chr2_supercontig_000000198,2,1593439,225907533,904191403
GL841340.1,Chr2_supercontig_000000199,2,1034184,226941717,905225587
GL841341.1,Chr2_supercontig_000000200,2,410425,227352142,905636012
GL841342.1,Chr2_supercontig_000000201,2,1021239,228373381,906657251
GL841343.1,Chr2_supercontig_000000202,2,687684,229061065,907344935
GL841344.1,Chr2_supercontig_000000203,2,931437,229992502,908276372
GL841345.1,Chr2_supercontig_000000204,2,2902738,232895240,911179110
GL841346.1,Chr2_supercontig_000000205,2,4314015,237209255,915493125
GL841347.1,Chr2_supercontig_000000206,2,2080913,239290168,917574038
GL841348.1,Chr2_supercontig_000000207,2,2581234,241871402,920155272
GL841349.1,Chr2_supercontig_000000208,2,1170679,243042081,921325951
GL841350.1,Chr2_supercontig_000000209,2,1469176,244511257,922795127
GL841351.1,Chr2_supercontig_000000210,2,186021,244697278,922981148
GL841352.1,Chr2_supercontig_000000211,2,23422,244720700,923004570
GL841353.1,Chr2_supercontig_000000212,2,169033,244889733,923173603
GL841354.1,Chr2_supercontig_000000213,2,1529564,246419297,924703167
GL841355.1,Chr2_supercontig_000000214,2,2472436,248891733,927175603
GL841356.1,Chr2_supercontig_000000215,2,1280441,250172174,928456044
GL841357.1,Chr2_supercontig_000000216,2,1871263,252043437,930327307
GL841358.1,Chr2_supercontig_000000217,2,1150312,253193749,931477619
GL841359.1,Chr2_supercontig_000000218,2,1646686,254840435,933124305
GL841360.1,Chr2_supercontig_000000219,2,1133171,255973606,934257476
GL841361.1,Chr2_supercontig_000000220,2,335555,256309161,934593031
GL841362.1,Chr2_supercontig_000000221,2,207187,256516348,934800218
GL841363.1,Chr2_supercontig_000000222,2,86704,256603052,934886922
GL841364.1,Chr2_supercontig_000000223,2,1687471,258290523,936574393
GL841365.1,Chr2_supercontig_000000224,2,782558,259073081,937356951
GL841366.1,Chr2_supercontig_000000225,2,3150901,262223982,940507852
GL841367.1,Chr2_supercontig_000000226,2,1295543,263519525,941803395
GL841368.1,Chr2_supercontig_000000227,2,1537939,265057464,943341334
GL841369.1,Chr2_supercontig_000000228,2,82581,265140045,943423915
GL841370.1,Chr2_supercontig_000000229,2,180913,265320958,943604828
GL841371.1,Chr2_supercontig_000000230,2,655629,265976587,944260457
GL841372.1,Chr2_supercontig_000000231,2,981842,266958429,945242299
GL841373.1,Chr2_supercontig_000000232,2,283996,267242425,945526295
GL841374.1,Chr2_supercontig_000000233,2,4024090,271266515,949550385
GL841375.1,Chr2_supercontig_000000234,2,293130,271559645,949843515
GL841376.1,Chr2_supercontig_000000235,2,4499141,276058786,954342656
GL841377.1,Chr2_supercontig_000000236,2,1934967,277993753,956277623
GL841378.1,Chr2_supercontig_000000237,2,34883,278028636,956312506
GL841379.1,Chr2_supercontig_000000238,2,806330,278834966,957118836
GL841380.1,Chr2_supercontig_000000239,2,307316,279142282,957426152
GL841381.1,Chr2_supercontig_000000240,2,109338,279251620,957535490
GL841382.1,Chr2_supercontig_000000241,2,1813478,281065098,959348968
GL841383.1,Chr2_supercontig_000000242,2,187322,281252420,959536290
GL841384.1,Chr2_supercontig_000000243,2,405230,281657650,959941520
GL841385.1,Chr2_supercontig_000000244,2,2471173,284128823,962412693
GL841386.1,Chr2_supercontig_000000245,2,4269582,288398405,966682275
GL841387.1,Chr2_supercontig_000000246,2,100087,288498492,966782362
GL841388.1,Chr2_supercontig_000000247,2,1237177,289735669,968019539
GL841389.1,Chr2_supercontig_000000248,2,1994671,291730340,970014210
GL841390.1,Chr2_supercontig_000000249,2,621803,292352143,970636013
GL841391.1,Chr2_supercontig_000000250,2,298018,292650161,970934031
GL841392.1,Chr2_supercontig_000000251,2,1280938,293931099,972214969
GL841393.1,Chr2_supercontig_000000252,2,3457922,297389021,975672891
GL841394.1,Chr2_supercontig_000000253,2,2947391,300336412,978620282
GL841395.1,Chr2_supercontig_000000254,2,238382,300574794,978858664
GL841396.1,Chr2_supercontig_000000255,2,3969302,304544096,982827966
GL841397.1,Chr2_supercontig_000000256,2,4353900,308897996,987181866
GL841398.1,Chr2_supercontig_000000257,2,1351273,310249269,988533139
GL841399.1,Chr2_supercontig_000000258,2,679924,310929193,989213063
GL841400.1,Chr2_supercontig_000000259,2,2507074,313436267,991720137
GL841401.1,Chr2_supercontig_000000260,2,3146499,316582766,994866636
GL841402.1,Chr2_supercontig_000000261,2,602911,317185677,995469547
GL841403.1,Chr2_supercontig_000000262,2,284512,317470189,995754059
GL841404.1,Chr2_supercontig_000000263,2,1585576,319055765,997339635
GL841405.1,Chr2_supercontig_000000264,2,610712,319666477,997950347
GL841406.1,Chr2_supercontig_000000265,2,517396,320183873,998467743
GL841407.1,Chr2_supercontig_000000266,2,1097190,321281063,999564933
GL841408.1,Chr2_supercontig_000000267,2,1314191,322595254,1000879124
GL841409.1,Chr2_supercontig_000000268,2,133174,322728428,1001012298
GL841410.1,Chr2_supercontig_000000269,2,742179,323470607,1001754477
GL841411.1,Chr2_supercontig_000000270,2,451592,323922199,1002206069
GL841412.1,Chr2_supercontig_000000271,2,1525753,325447952,1003731822
GL841413.1,Chr2_supercontig_000000272,2,970977,326418929,1004702799
GL841414.1,Chr2_supercontig_000000273,2,332379,326751308,1005035178
GL841415.1,Chr2_supercontig_000000274,2,1997235,328748543,1007032413
GL841416.1,Chr2_supercontig_000000275,2,375368,329123911,1007407781
GL841417.1,Chr2_supercontig_000000276,2,1424025,330547936,1008831806
GL841418.1,Chr2_supercontig_000000277,2,137021,330684957,1008968827
GL841419.1,Chr2_supercontig_000000278,2,922975,331607932,1009891802
GL841420.1,Chr2_supercontig_000000279,2,1967158,333575090,1011858960
GL841421.1,Chr2_supercontig_000000280,2,944805,334519895,1012803765
GL841422.1,Chr2_supercontig_000000281,2,1471645,335991540,1014275410
GL841423.1,Chr2_supercontig_000000282,2,1610439,337601979,1015885849
GL841424.1,Chr2_supercontig_000000283,2,980406,338582385,1016866255
GL841425.1,Chr2_supercontig_000000284,2,518516,339100901,1017384771
GL841426.1,Chr2_supercontig_000000285,2,727930,339828831,1018112701
GL841427.1,Chr2_supercontig_000000286,2,352921,340181752,1018465622
GL841428.1,Chr2_supercontig_000000287,2,703567,340885319,1019169189
GL841429.1,Chr2_supercontig_000000288,2,150245,341035564,1019319434
GL841430.1,Chr2_supercontig_000000289,2,506324,341541888,1019825758
GL841431.1,Chr2_supercontig_000000290,2,1836001,343377889,1021661759
GL841432.1,Chr2_supercontig_000000291,2,2406628,345784517,1024068387
GL841433.1,Chr2_supercontig_000000292,2,3809108,349593625,1027877495
GL841434.1,Chr2_supercontig_000000293,2,632369,350225994,1028509864
GL841435.1,Chr2_supercontig_000000294,2,345049,350571043,1028854913
GL841436.1,Chr2_supercontig_000000295,2,553137,351124180,1029408050
GL841437.1,Chr2_supercontig_000000296,2,1015626,352139806,1030423676
GL841438.1,Chr2_supercontig_000000297,2,210938,352350744,1030634614
GL841439.1,Chr2_supercontig_000000298,2,1005390,353356134,1031640004
GL841440.1,Chr2_supercontig_000000299,2,683212,354039346,1032323216
GL841441.1,Chr2_supercontig_000000300,2,2444823,356484169,1034768039
GL841442.1,Chr2_supercontig_000000301,2,2284960,358769129,1037052999
GL841443.1,Chr2_supercontig_000000302,2,1895032,360664161,1038948031
GL841444.1,Chr2_supercontig_000000303,2,2058407,362722568,1041006438
GL841445.1,Chr2_supercontig_000000304,2,2251867,364974435,1043258305
GL841446.1,Chr2_supercontig_000000305,2,1154496,366128931,1044412801
GL841447.1,Chr2_supercontig_000000306,2,1864184,367993115,1046276985
GL841448.1,Chr2_supercontig_000000307,2,739297,368732412,1047016282
GL841449.1,Chr2_supercontig_000000308,2,82781,368815193,1047099063
GL841450.1,Chr2_supercontig_000000309,2,279906,369095099,1047378969
GL841451.1,Chr2_supercontig_000000310,2,4362435,373457534,1051741404
GL841452.1,Chr2_supercontig_000000311,2,280648,373738182,1052022052
GL841453.1,Chr2_supercontig_000000312,2,1504048,375242230,1053526100
GL841454.1,Chr2_supercontig_000000313,2,1327386,376569616,1054853486
GL841455.1,Chr2_supercontig_000000314,2,791263,377360879,1055644749
GL841456.1,Chr2_supercontig_000000315,2,633516,377994395,1056278265
GL841457.1,Chr2_supercontig_000000316,2,96214,378090609,1056374479
GL841458.1,Chr2_supercontig_000000317,2,159065,378249674,1056533544
GL841459.1,Chr2_supercontig_000000318,2,61610,378311284,1056595154
GL841460.1,Chr2_supercontig_000000319,2,406508,378717792,1057001662
GL841461.1,Chr2_supercontig_000000320,2,399008,379116800,1057400670
GL841462.1,Chr2_supercontig_000000321,2,2257732,381374532,1059658402
GL841463.1,Chr2_supercontig_000000322,2,399002,381773534,1060057404
GL841464.1,Chr2_supercontig_000000323,2,250973,382024507,1060308377
GL841465.1,Chr2_supercontig_000000324,2,1024533,383049040,1061332910
GL841466.1,Chr2_supercontig_000000325,2,320481,383369521,1061653391
GL841467.1,Chr2_supercontig_000000326,2,457194,383826715,1062110585
GL841468.1,Chr2_supercontig_000000327,2,1378587,385205302,1063489172
GL841469.1,Chr2_supercontig_000000328,2,233800,385439102,1063722972
GL841470.1,Chr2_supercontig_000000329,2,626643,386065745,1064349615
GL841471.1,Chr2_supercontig_000000330,2,933252,386998997,1065282867
GL841472.1,Chr2_supercontig_000000331,2,638457,387637454,1065921324
GL841473.1,Chr2_supercontig_000000332,2,65059,387702513,1065986383
GL841474.1,Chr2_supercontig_000000333,2,1989988,389692501,1067976371
GL841475.1,Chr2_supercontig_000000334,2,1125065,390817566,1069101436
GL841476.1,Chr2_supercontig_000000335,2,432743,391250309,1069534179
GL841477.1,Chr2_supercontig_000000336,2,110765,391361074,1069644944
GL841478.1,Chr2_supercontig_000000337,2,178300,391539374,1069823244
GL841479.1,Chr2_supercontig_000000338,2,84623,391623997,1069907867
GL841480.1,Chr2_supercontig_000000339,2,163916,391787913,1070071783
GL841481.1,Chr2_supercontig_000000340,2,796409,392584322,1070868192
GL841482.1,Chr2_supercontig_000000341,2,350480,392934802,1071218672
GL841483.1,Chr2_supercontig_000000342,2,1457644,394392446,1072676316
GL841484.1,Chr2_supercontig_000000343,2,2556050,396948496,1075232366
GL841485.1,Chr2_supercontig_000000344,2,2233934,399182430,1077466300
GL841486.1,Chr2_supercontig_000000345,2,2940081,402122511,1080406381
GL841487.1,Chr2_supercontig_000000346,2,657331,402779842,1081063712
GL841488.1,Chr2_supercontig_000000347,2,45024,402824866,1081108736
GL841489.1,Chr2_supercontig_000000348,2,213626,403038492,1081322362
GL841490.1,Chr2_supercontig_000000349,2,84466,403122958,1081406828
GL841491.1,Chr2_supercontig_000000350,2,1629343,404752301,1083036171
GL841492.1,Chr2_supercontig_000000351,2,1628412,406380713,1084664583
GL841493.1,Chr2_supercontig_000000352,2,269333,406650046,1084933916
GL841494.1,Chr2_supercontig_000000353,2,4779958,411430004,1089713874
GL841495.1,Chr2_supercontig_000000354,2,297493,411727497,1090011367
GL841496.1,Chr2_supercontig_000000355,2,2930454,414657951,1092941821
GL841497.1,Chr2_supercontig_000000356,2,139228,414797179,1093081049
GL841498.1,Chr2_supercontig_000000357,2,2057452,416854631,1095138501
GL841499.1,Chr2_supercontig_000000358,2,2114650,418969281,1097253151
GL841500.1,Chr2_supercontig_000000359,2,3951797,422921078,1101204948
GL841501.1,Chr2_supercontig_000000360,2,2164147,425085225,1103369095
GL841502.1,Chr2_supercontig_000000361,2,648830,425734055,1104017925
GL841503.1,Chr2_supercontig_000000362,2,431804,426165859,1104449729
GL841504.1,Chr2_supercontig_000000363,2,1095999,427261858,1105545728
GL841505.1,Chr2_supercontig_000000364,2,1597736,428859594,1107143464
GL841506.1,Chr2_supercontig_000000365,2,383424,429243018,1107526888
GL841507.1,Chr2_supercontig_000000366,2,4092164,433335182,1111619052
GL841508.1,Chr2_supercontig_000000367,2,561044,433896226,1112180096
GL841509.1,Chr2_supercontig_000000368,2,759621,434655847,1112939717
GL841510.1,Chr2_supercontig_000000369,2,1249695,435905542,1114189412
GL841511.1,Chr2_supercontig_000000370,2,103996,436009538,1114293408
GL841512.1,Chr2_supercontig_000000371,2,41431,436050969,1114334839
GL841513.1,Chr2_supercontig_000000372,2,487194,436538163,1114822033
GL841514.1,Chr2_supercontig_000000373,2,1146230,437684393,1115968263
GL841515.1,Chr2_supercontig_000000374,2,662284,438346677,1116630547
GL841516.1,Chr2_supercontig_000000375,2,209567,438556244,1116840114
GL841517.1,Chr2_supercontig_000000376,2,673356,439229600,1117513470
GL841518.1,Chr2_supercontig_000000377,2,608658,439838258,1118122128
GL841519.1,Chr2_supercontig_000000378,2,705995,440544253,1118828123
GL841520.1,Chr2_supercontig_000000379,2,283533,440827786,1119111656
GL841521.1,Chr2_supercontig_000000380,2,287923,441115709,1119399579
GL841522.1,Chr2_supercontig_000000381,2,377668,441493377,1119777247
GL841523.1,Chr2_supercontig_000000382,2,489828,441983205,1120267075
GL841524.1,Chr2_supercontig_000000383,2,813363,442796568,1121080438
GL841525.1,Chr2_supercontig_000000384,2,1740427,444536995,1122820865
GL841526.1,Chr2_supercontig_000000385,2,1001790,445538785,1123822655
GL841527.1,Chr2_supercontig_000000386,2,1287440,446826225,1125110095
GL841528.1,Chr2_supercontig_000000387,2,37774,446863999,1125147869
GL841529.1,Chr2_supercontig_000000388,2,836430,447700429,1125984299
GL841530.1,Chr2_supercontig_000000389,2,815062,448515491,1126799361
GL841531.1,Chr2_supercontig_000000390,2,126522,448642013,1126925883
GL841532.1,Chr2_supercontig_000000391,2,185249,448827262,1127111132
GL841533.1,Chr2_supercontig_000000392,2,2127993,450955255,1129239125
GL841534.1,Chr2_supercontig_000000393,2,279647,451234902,1129518772
GL841535.1,Chr2_supercontig_000000394,2,2145726,453380628,1131664498
GL841536.1,Chr2_supercontig_000000395,2,1156451,454537079,1132820949
GL841537.1,Chr2_supercontig_000000396,2,685267,455222346,1133506216
GL841538.1,Chr2_supercontig_000000397,2,579748,455802094,1134085964
GL841539.1,Chr2_supercontig_000000398,2,3385878,459187972,1137471842
GL841540.1,Chr2_supercontig_000000399,2,3512111,462700083,1140983953
GL841541.1,Chr2_supercontig_000000400,2,31776,462731859,1141015729
GL841542.1,Chr2_supercontig_000000401,2,675775,463407634,1141691504
GL841543.1,Chr2_supercontig_000000402,2,4804729,468212363,1146496233
GL841544.1,Chr2_supercontig_000000403,2,63973,468276336,1146560206
GL841545.1,Chr2_supercontig_000000404,2,2955193,471231529,1149515399
GL841546.1,Chr2_supercontig_000000405,2,550834,471782363,1150066233
GL841547.1,Chr2_supercontig_000000406,2,1023376,472805739,1151089609
GL841548.1,Chr2_supercontig_000000407,2,1402127,474207866,1152491736
GL841549.1,Chr2_supercontig_000000408,2,1214558,475422424,1153706294
GL841550.1,Chr2_supercontig_000000409,2,2989094,478411518,1156695388
GL841551.1,Chr2_supercontig_000000410,2,994715,479406233,1157690103
GL841552.1,Chr2_supercontig_000000411,2,526603,479932836,1158216706
GL841553.1,Chr2_supercontig_000000412,2,3172718,483105554,1161389424
GL841554.1,Chr2_supercontig_000000413,2,1028925,484134479,1162418349
GL841555.1,Chr2_supercontig_000000414,2,2456302,486590781,1164874651
GL841556.1,Chr2_supercontig_000000415,2,1734929,488325710,1166609580
GL841557.1,Chr2_supercontig_000000416,2,1257014,489582724,1167866594
GL841558.1,Chr2_supercontig_000000417,2,269887,489852611,1168136481
GL841559.1,Chr2_supercontig_000000418,2,1577039,491429650,1169713520
GL841560.1,Chr2_supercontig_000000419,2,225572,491655222,1169939092
GL841561.1,Chr2_supercontig_000000420,2,470660,492125882,1170409752
GL841562.1,Chr2_supercontig_000000421,2,1770594,493896476,1172180346
GL841563.1,Chr2_supercontig_000000422,2,431430,494327906,1172611776
GL841564.1,Chr2_supercontig_000000423,2,1751489,496079395,1174363265
GL841565.1,Chr2_supercontig_000000424,2,3113171,499192566,1177476436
GL841566.1,Chr2_supercontig_000000425,2,964755,500157321,1178441191
GL841567.1,Chr2_supercontig_000000426,2,150555,500307876,1178591746
GL841568.1,Chr2_supercontig_000000427,2,347575,500655451,1178939321
GL841569.1,Chr2_supercontig_000000428,2,3834943,504490394,1182774264
GL841570.1,Chr2_supercontig_000000429,2,1493600,505983994,1184267864
GL841571.1,Chr2_supercontig_000000430,2,2798521,508782515,1187066385
GL841572.1,Chr2_supercontig_000000431,2,1841876,510624391,1188908261
GL841573.1,Chr2_supercontig_000000432,2,2161476,512785867,1191069737
GL841574.1,Chr2_supercontig_000000433,2,326663,513112530,1191396400
GL841575.1,Chr2_supercontig_000000434,2,190059,513302589,1191586459
GL841576.1,Chr2_supercontig_000000435,2,141218,513443807,1191727677
GL841577.1,Chr2_supercontig_000000436,2,2675489,516119296,1194403166
GL841578.1,Chr2_supercontig_000000437,2,441357,516560653,1194844523
GL841579.1,Chr2_supercontig_000000438,2,983668,517544321,1195828191
GL841580.1,Chr2_supercontig_000000439,2,1828984,519373305,1197657175
GL841581.1,Chr2_supercontig_000000440,2,249812,519623117,1197906987
GL841582.1,Chr2_supercontig_000000441,2,340991,519964108,1198247978
GL841583.1,Chr2_supercontig_000000442,2,5071956,525036064,1203319934
GL841584.1,Chr2_supercontig_000000443,2,3001854,528037918,1206321788
GL841585.1,Chr2_supercontig_000000444,2,543641,528581559,1206865429
GL841586.1,Chr2_supercontig_000000445,2,4435058,533016617,1211300487
GL841587.1,Chr2_supercontig_000000446,2,2761581,535778198,1214062068
GL841588.1,Chr2_supercontig_000000447,2,1585723,537363921,1215647791
GL841589.1,Chr2_supercontig_000000448,2,4486578,541850499,1220134369
GL841590.1,Chr2_supercontig_000000449,2,2697896,544548395,1222832265
GL841591.1,Chr2_supercontig_000000450,2,118666,544667061,1222950931
GL841592.1,Chr2_supercontig_000000451,2,1767818,546434879,1224718749
GL841593.1,Chr2_supercontig_000000452,2,5040183,551475062,1229758932
GL841594.1,Chr2_supercontig_000000453,2,1401655,552876717,1231160587
GL841595.1,Chr2_supercontig_000000454,2,1533669,554410386,1232694256
GL841596.1,Chr2_supercontig_000000455,2,1771223,556181609,1234465479
GL841597.1,Chr2_supercontig_000000456,2,4210173,560391782,1238675652
GL841598.1,Chr2_supercontig_000000457,2,3633784,564025566,1242309436
GL841599.1,Chr2_supercontig_000000458,2,1508339,565533905,1243817775
GL841600.1,Chr2_supercontig_000000459,2,3867391,569401296,1247685166
GL841601.1,Chr2_supercontig_000000460,2,1629682,571030978,1249314848
GL841602.1,Chr2_supercontig_000000461,2,1146575,572177553,1250461423
GL841603.1,Chr2_supercontig_000000462,2,1134507,573312060,1251595930
GL841604.1,Chr2_supercontig_000000463,2,888378,574200438,1252484308
GL841605.1,Chr2_supercontig_000000464,2,130307,574330745,1252614615
GL841606.1,Chr2_supercontig_000000465,2,1547358,575878103,1254161973
GL841607.1,Chr2_supercontig_000000466,2,272292,576150395,1254434265
GL841608.1,Chr2_supercontig_000000467,2,2659669,578810064,1257093934
GL841609.1,Chr2_supercontig_000000468,2,376504,579186568,1257470438
GL841610.1,Chr2_supercontig_000000469,2,161036,579347604,1257631474
GL841611.1,Chr2_supercontig_000000470,2,496210,579843814,1258127684
GL841612.1,Chr2_supercontig_000000471,2,2369268,582213082,1260496952
GL841613.1,Chr2_supercontig_000000472,2,432184,582645266,1260929136
GL841614.1,Chr2_supercontig_000000473,2,1351154,583996420,1262280290
GL841615.1,Chr2_supercontig_000000474,2,575514,584571934,1262855804
GL841616.1,Chr2_supercontig_000000475,2,169259,584741193,1263025063
GL841617.1,Chr2_supercontig_000000476,2,579040,585320233,1263604103
GL841618.1,Chr2_supercontig_000000477,2,168818,585489051,1263772921
GL841619.1,Chr2_supercontig_000000478,2,1140217,586629268,1264913138
GL841620.1,Chr2_supercontig_000000479,2,1296386,587925654,1266209524
GL841621.1,Chr2_supercontig_000000480,2,3074207,590999861,1269283731
GL841622.1,Chr2_supercontig_000000481,2,1074849,592074710,1270358580
GL841623.1,Chr2_supercontig_000000482,2,691881,592766591,1271050461
GL841624.1,Chr2_supercontig_000000483,2,148980,592915571,1271199441
GL841625.1,Chr2_supercontig_000000484,2,1240782,594156353,1272440223
GL841626.1,Chr2_supercontig_000000485,2,1073061,595229414,1273513284
GL841627.1,Chr2_supercontig_000000486,2,454315,595683729,1273967599
GL841628.1,Chr2_supercontig_000000487,2,223941,595907670,1274191540
GL841629.1,Chr2_supercontig_000000488,2,1680,595909350,1274193220
GL841630.1,Chr2_supercontig_000000489,2,1530682,597440032,1275723902
GL841631.1,Chr2_supercontig_000000490,2,156424,597596456,1275880326
GL841632.1,Chr2_supercontig_000000491,2,20813,597617269,1275901139
GL841633.1,Chr2_supercontig_000000492,2,170467,597787736,1276071606
GL841634.1,Chr2_supercontig_000000493,2,210304,597998040,1276281910
GL841635.1,Chr2_supercontig_000000494,2,181792,598179832,1276463702
GL841636.1,Chr2_supercontig_000000495,2,201503,598381335,1276665205
GL841637.1,Chr2_supercontig_000000496,2,20552,598401887,1276685757
GL841638.1,Chr2_supercontig_000000497,2,207763,598609650,1276893520
GL841639.1,Chr2_supercontig_000000498,2,251261,598860911,1277144781
GL841640.1,Chr2_supercontig_000000499,2,47893,598908804,1277192674
GL841641.1,Chr2_supercontig_000000500,2,83002,598991806,1277275676
GL841642.1,Chr2_supercontig_000000501,2,52725,599044531,1277328401
GL841643.1,Chr2_supercontig_000000502,2,36422,599080953,1277364823
GL841644.1,Chr2_supercontig_000000503,2,35297,599116250,1277400120
GL841645.1,Chr2_supercontig_000000504,2,4920,599121170,1277405040
GL841646.1,Chr2_supercontig_000000505,2,21027,599142197,1277426067
GL841647.1,Chr2_supercontig_000000506,2,28026,599170223,1277454093
GL841648.1,Chr2_supercontig_000000507,2,16757,599186980,1277470850
GL841649.1,Chr2_supercontig_000000508,2,12583,599199563,1277483433
GL841650.1,Chr2_supercontig_000000509,2,16329,599215892,1277499762
GL841651.1,Chr2_supercontig_000000510,2,45712,599261604,1277545474
GL841652.1,Chr2_supercontig_000000511,2,60273,599321877,1277605747
GL841653.1,Chr2_supercontig_000000512,2,105626,599427503,1277711373
GL841654.1,Chr2_supercontig_000000513,2,11423,599438926,1277722796
GL841655.1,Chr2_supercontig_000000514,2,497819,599936745,1278220615
GL841656.1,Chr2_supercontig_000000515,2,48488,599985233,1278269103
GL841657.1,Chr2_supercontig_000000516,2,451676,600436909,1278720779
GL841658.1,Chr2_supercontig_000000517,2,73268,600510177,1278794047
GL841659.1,Chr2_supercontig_000000518,2,68555,600578732,1278862602
GL841660.1,Chr2_supercontig_000000519,2,71735,600650467,1278934337
GL841661.1,Chr2_supercontig_000000520,2,33501,600683968,1278967838
GL841662.1,Chr2_supercontig_000000521,2,164382,600848350,1279132220
GL841663.1,Chr2_supercontig_000000522,2,24483,600872833,1279156703
GL841664.1,Chr2_supercontig_000000523,2,112730,600985563,1279269433
GL841665.1,Chr2_supercontig_000000524,2,129752,601115315,1279399185
GL841666.1,Chr2_supercontig_000000525,2,86186,601201501,1279485371
GL841667.1,Chr2_supercontig_000000526,2,245348,601446849,1279730719
GL841668.1,Chr2_supercontig_000000527,2,34175,601481024,1279764894
GL841669.1,Chr2_supercontig_000000528,2,105840,601586864,1279870734
GL841670.1,Chr2_supercontig_000000529,2,26634,601613498,1279897368
GL841671.1,Chr2_supercontig_000000530,2,167239,601780737,1280064607
GL841672.1,Chr2_supercontig_000000531,2,19197,601799934,1280083804
GL841673.1,Chr2_supercontig_000000532,2,21493,601821427,1280105297
GL841674.1,Chr2_supercontig_000000533,2,68462,601889889,1280173759
GL841675.1,Chr2_supercontig_000000534,2,2167,601892056,1280175926
GL841676.1,Chr2_supercontig_000000535,2,168001,602060057,1280343927
GL841677.1,Chr2_supercontig_000000536,2,267046,602327103,1280610973
GL841678.1,Chr2_supercontig_000000537,2,22833,602349936,1280633806
GL841679.1,Chr2_supercontig_000000538,2,155038,602504974,1280788844
GL841680.1,Chr2_supercontig_000000539,2,187214,602692188,1280976058
GL841681.1,Chr2_supercontig_000000540,2,80915,602773103,1281056973
GL841682.1,Chr2_supercontig_000000541,2,64749,602837852,1281121722
GL841683.1,Chr2_supercontig_000000542,2,169454,603007306,1281291176
GL841684.1,Chr2_supercontig_000000543,2,76341,603083647,1281367517
GL841685.1,Chr2_supercontig_000000544,2,77640,603161287,1281445157
GL841686.1,Chr2_supercontig_000000545,2,74601,603235888,1281519758
GL841687.1,Chr2_supercontig_000000546,2,113423,603349311,1281633181
GL841688.1,Chr2_supercontig_000000547,2,66987,603416298,1281700168
GL841689.1,Chr2_supercontig_000000548,2,37162,603453460,1281737330
GL841690.1,Chr2_supercontig_000000549,2,88840,603542300,1281826170
GL841691.1,Chr2_supercontig_000000550,2,106593,603648893,1281932763
GL841692.1,Chr2_supercontig_000000551,2,12776,603661669,1281945539
GL841693.1,Chr2_supercontig_000000552,2,128645,603790314,1282074184
GL841694.1,Chr2_supercontig_000000553,2,49471,603839785,1282123655
GL841695.1,Chr2_supercontig_000000554,2,144745,603984530,1282268400
GL841696.1,Chr2_supercontig_000000555,2,46450,604030980,1282314850
GL841697.1,Chr2_supercontig_000000556,2,169564,604200544,1282484414
GL841698.1,Chr2_supercontig_000000557,2,186288,604386832,1282670702
GL841699.1,Chr2_supercontig_000000558,2,108673,604495505,1282779375
GL841700.1,Chr2_supercontig_000000559,2,251885,604747390,1283031260
GL841701.1,Chr2_supercontig_000000560,2,29367,604776757,1283060627
GL841702.1,Chr2_supercontig_000000561,2,132543,604909300,1283193170
GL841703.1,Chr2_supercontig_000000562,2,110628,605019928,1283303798
GL841704.1,Chr2_supercontig_000000563,2,14137,605034065,1283317935
GL841705.1,Chr2_supercontig_000000564,2,27473,605061538,1283345408
GL841706.1,Chr2_supercontig_000000565,2,47739,605109277,1283393147
GL841707.1,Chr2_supercontig_000000566,2,66614,605175891,1283459761
GL841708.1,Chr2_supercontig_000000567,2,131437,605307328,1283591198
GL841709.1,Chr2_supercontig_000000568,2,358223,605665551,1283949421
GL841710.1,Chr2_supercontig_000000569,2,131708,605797259,1284081129
GL841711.1,Chr2_supercontig_000000570,2,302199,606099458,1284383328
GL841712.1,Chr2_supercontig_000000571,2,31667,606131125,1284414995
GL841713.1,Chr2_supercontig_000000572,2,53528,606184653,1284468523
GL841714.1,Chr2_supercontig_000000573,2,29238,606213891,1284497761
GL841715.1,Chr2_supercontig_000000574,2,153956,606367847,1284651717
GL841716.1,Chr2_supercontig_000000575,2,19791,606387638,1284671508
GL841717.1,Chr2_supercontig_000000576,2,172653,606560291,1284844161
GL841718.1,Chr2_supercontig_000000577,2,386640,606946931,1285230801
GL841719.1,Chr2_supercontig_000000578,2,127553,607074484,1285358354
GL841720.1,Chr2_supercontig_000000579,2,111136,607185620,1285469490
GL841721.1,Chr2_supercontig_000000580,2,71255,607256875,1285540745
GL841722.1,Chr2_supercontig_000000581,2,93941,607350816,1285634686
GL841723.1,Chr2_supercontig_000000582,2,150242,607501058,1285784928
GL841724.1,Chr2_supercontig_000000583,2,149588,607650646,1285934516
GL841725.1,Chr2_supercontig_000000584,2,173363,607824009,1286107879
GL841726.1,Chr2_supercontig_000000585,2,19056,607843065,1286126935
GL841727.1,Chr2_supercontig_000000586,2,32838,607875903,1286159773
GL841728.1,Chr2_supercontig_000000587,2,425274,608301177,1286585047
GL841729.1,Chr2_supercontig_000000588,2,124265,608425442,1286709312
GL841730.1,Chr2_supercontig_000000589,2,63055,608488497,1286772367
GL841731.1,Chr2_supercontig_000000590,2,248200,608736697,1287020567
GL841732.1,Chr2_supercontig_000000591,2,38419,608775116,1287058986
GL841733.1,Chr2_supercontig_000000592,2,17494,608792610,1287076480
GL841734.1,Chr2_supercontig_000000593,2,116440,608909050,1287192920
GL841735.1,Chr2_supercontig_000000594,2,145210,609054260,1287338130
GL841736.1,Chr2_supercontig_000000595,2,19294,609073554,1287357424
GL841737.1,Chr2_supercontig_000000596,2,57081,609130635,1287414505
GL841738.1,Chr2_supercontig_000000597,2,75797,609206432,1287490302
GL841739.1,Chr2_supercontig_000000598,2,20379,609226811,1287510681
GL841740.1,Chr2_supercontig_000000599,2,501198,609728009,1288011879
GL841741.1,Chr2_supercontig_000000600,2,97726,609825735,1288109605
GL841742.1,Chr2_supercontig_000000601,2,77634,609903369,1288187239
GL841743.1,Chr2_supercontig_000000602,2,277367,610180736,1288464606
GL841744.1,Chr2_supercontig_000000603,2,43222,610223958,1288507828
GL841745.1,Chr2_supercontig_000000604,2,48866,610272824,1288556694
GL841746.1,Chr2_supercontig_000000605,2,188904,610461728,1288745598
GL841747.1,Chr2_supercontig_000000606,2,166352,610628080,1288911950
GL841748.1,Chr2_supercontig_000000607,2,170479,610798559,1289082429
GL841749.1,Chr2_supercontig_000000608,2,126324,610924883,1289208753
GL841750.1,Chr2_supercontig_000000609,2,30303,610955186,1289239056
GL841751.1,Chr2_supercontig_000000610,2,23726,610978912,1289262782
GL841752.1,Chr2_supercontig_000000611,2,39902,611018814,1289302684
GL841753.1,Chr2_supercontig_000000612,2,137123,611155937,1289439807
GL841754.1,Chr2_supercontig_000000613,2,155465,611311402,1289595272
GL841755.1,Chr2_supercontig_000000614,2,98130,611409532,1289693402
GL841756.1,Chr2_supercontig_000000615,2,32480,611442012,1289725882
GL841757.1,Chr2_supercontig_000000616,2,79302,611521314,1289805184
GL841758.1,Chr2_supercontig_000000617,2,79598,611600912,1289884782
GL841759.1,Chr2_supercontig_000000618,2,38657,611639569,1289923439
GL841760.1,Chr2_supercontig_000000619,2,361840,612001409,1290285279
GL841761.1,Chr2_supercontig_000000620,2,141075,612142484,1290426354
GL841762.1,Chr2_supercontig_000000621,2,23654,612166138,1290450008
GL841763.1,Chr2_supercontig_000000622,2,142525,612308663,1290592533
GL841764.1,Chr2_supercontig_000000623,2,38265,612346928,1290630798
GL841765.1,Chr2_supercontig_000000624,2,113859,612460787,1290744657
GL841766.1,Chr2_supercontig_000000625,2,12546,612473333,1290757203
GL841767.1,Chr2_supercontig_000000626,2,83613,612556946,1290840816
GL841768.1,Chr2_supercontig_000000627,2,10409,612567355,1290851225
GL841769.1,Chr2_supercontig_000000628,2,177030,612744385,1291028255
GL841770.1,Chr2_supercontig_000000629,2,371998,613116383,1291400253
GL841771.1,Chr2_supercontig_000000630,2,129531,613245914,1291529784
GL841772.1,Chr2_supercontig_000000631,2,11472,613257386,1291541256
GL841773.1,Chr2_supercontig_000000632,2,55546,613312932,1291596802
GL841774.1,Chr2_supercontig_000000633,2,105718,613418650,1291702520
GL841775.1,Chr2_supercontig_000000634,2,53925,613472575,1291756445
GL841776.1,Chr2_supercontig_000000635,2,29250,613501825,1291785695
GL841777.1,Chr2_supercontig_000000636,2,90279,613592104,1291875974
GL841778.1,Chr2_supercontig_000000637,2,170831,613762935,1292046805
GL841779.1,Chr2_supercontig_000000638,2,47750,613810685,1292094555
GL841780.1,Chr2_supercontig_000000639,2,88803,613899488,1292183358
GL841781.1,Chr2_supercontig_000000640,2,40448,613939936,1292223806
GL841782.1,Chr2_supercontig_000000641,2,11132,613951068,1292234938
GL841783.1,Chr2_supercontig_000000642,2,10025,613961093,1292244963
GL841784.1,Chr2_supercontig_000000643,2,147268,614108361,1292392231
GL841785.1,Chr2_supercontig_000000644,2,41706,614150067,1292433937
GL841786.1,Chr2_supercontig_000000645,2,79486,614229553,1292513423
GL841787.1,Chr2_supercontig_000000646,2,48694,614278247,1292562117
GL841788.1,Chr2_supercontig_000000647,2,160580,614438827,1292722697
GL841789.1,Chr2_supercontig_000000648,2,201343,614640170,1292924040
GL841790.1,Chr2_supercontig_000000649,2,51810,614691980,1292975850
GL841791.1,Chr2_supercontig_000000650,2,101245,614793225,1293077095
GL841792.1,Chr2_supercontig_000000651,2,33987,614827212,1293111082
GL841793.1,Chr2_supercontig_000000652,2,18600,614845812,1293129682
GL841794.1,Chr2_supercontig_000000653,2,194386,615040198,1293324068
GL841795.1,Chr2_supercontig_000000654,2,153140,615193338,1293477208
GL841796.1,Chr2_supercontig_000000655,2,28680,615222018,1293505888
GL841797.1,Chr2_supercontig_000000656,2,442410,615664428,1293948298
GL841798.1,Chr2_supercontig_000000657,2,88684,615753112,1294036982
GL841799.1,Chr2_supercontig_000000658,2,122180,615875292,1294159162
GL841800.1,Chr2_supercontig_000000659,2,234468,616109760,1294393630
GL841801.1,Chr2_supercontig_000000660,2,110603,616220363,1294504233
GL841802.1,Chr2_supercontig_000000661,2,197273,616417636,1294701506
GL841803.1,Chr2_supercontig_000000662,2,136246,616553882,1294837752
GL841804.1,Chr2_supercontig_000000663,2,41481,616595363,1294879233
GL841805.1,Chr2_supercontig_000000664,2,170508,616765871,1295049741
GL841806.1,Chr2_supercontig_000000665,2,162037,616927908,1295211778
GL841807.1,Chr2_supercontig_000000666,2,157545,617085453,1295369323
GL841808.1,Chr2_supercontig_000000667,2,200025,617285478,1295569348
GL841809.1,Chr2_supercontig_000000668,2,94247,617379725,1295663595
GL841810.1,Chr2_supercontig_000000669,2,11100,617390825,1295674695
GL841811.1,Chr2_supercontig_000000670,2,15168,617405993,1295689863
GL841812.1,Chr2_supercontig_000000671,2,111283,617517276,1295801146
GL841813.1,Chr2_supercontig_000000672,2,110368,617627644,1295911514
GL841814.1,Chr2_supercontig_000000673,2,76872,617704516,1295988386
GL841815.1,Chr2_supercontig_000000674,2,103381,617807897,1296091767
GL841816.1,Chr2_supercontig_000000675,2,20370,617828267,1296112137
GL841817.1,Chr2_supercontig_000000676,2,138679,617966946,1296250816
GL841818.1,Chr2_supercontig_000000677,2,69055,618036001,1296319871
GL841819.1,Chr2_supercontig_000000678,2,88708,618124709,1296408579
GL841820.1,Chr2_supercontig_000000679,2,8880,618133589,1296417459
GL841821.1,Chr2_supercontig_000000680,2,73827,618207416,1296491286
GL841822.1,Chr2_supercontig_000000681,2,75757,618283173,1296567043
GL841823.1,Chr2_supercontig_000000682,2,26754,618309927,1296593797
GL841824.1,Chr2_supercontig_000000683,2,31427,618341354,1296625224
GL841825.1,Chr2_supercontig_000000684,2,43428,618384782,1296668652
GL841826.1,Chr2_supercontig_000000685,2,107677,618492459,1296776329
GL841827.1,Chr2_supercontig_000000686,2,77551,618570010,1296853880
GL841828.1,Chr2_supercontig_000000687,2,44074,618614084,1296897954
GL841829.1,Chr2_supercontig_000000688,2,43775,618657859,1296941729
GL841830.1,Chr2_supercontig_000000689,2,248673,618906532,1297190402
GL841831.1,Chr2_supercontig_000000690,2,14521,618921053,1297204923
GL841832.1,Chr2_supercontig_000000691,2,8987,618930040,1297213910
GL841833.1,Chr2_supercontig_000000692,2,44563,618974603,1297258473
GL841834.1,Chr2_supercontig_000000693,2,33341,619007944,1297291814
GL841835.1,Chr2_supercontig_000000694,2,64363,619072307,1297356177
GL841836.1,Chr2_supercontig_000000695,2,26578,619098885,1297382755
GL841837.1,Chr2_supercontig_000000696,2,26965,619125850,1297409720
GL841838.1,Chr2_supercontig_000000697,2,357939,619483789,1297767659
GL841839.1,Chr2_supercontig_000000698,2,17361,619501150,1297785020
GL841840.1,Chr2_supercontig_000000699,2,260789,619761939,1298045809
GL841841.1,Chr2_supercontig_000000700,2,100608,619862547,1298146417
GL841842.1,Chr2_supercontig_000000701,2,127761,619990308,1298274178
GL841843.1,Chr2_supercontig_000000702,2,17039,620007347,1298291217
GL841844.1,Chr2_supercontig_000000703,2,113560,620120907,1298404777
GL841845.1,Chr2_supercontig_000000704,2,143243,620264150,1298548020
GL841846.1,Chr2_supercontig_000000705,2,111914,620376064,1298659934
GL841847.1,Chr2_supercontig_000000706,2,95903,620471967,1298755837
GL841848.1,Chr2_supercontig_000000707,2,46941,620518908,1298802778
GL841849.1,Chr2_supercontig_000000708,2,8456,620527364,1298811234
GL841850.1,Chr2_supercontig_000000709,2,195520,620722884,1299006754
GL841851.1,Chr2_supercontig_000000710,2,29967,620752851,1299036721
GL841852.1,Chr2_supercontig_000000711,2,77447,620830298,1299114168
GL841853.1,Chr2_supercontig_000000712,2,48540,620878838,1299162708
GL841854.1,Chr2_supercontig_000000713,2,192434,621071272,1299355142
GL841855.1,Chr2_supercontig_000000714,2,102877,621174149,1299458019
GL841856.1,Chr2_supercontig_000000715,2,19444,621193593,1299477463
GL841857.1,Chr2_supercontig_000000716,2,99873,621293466,1299577336
GL841858.1,Chr2_supercontig_000000717,2,136032,621429498,1299713368
GL841859.1,Chr2_supercontig_000000718,2,54778,621484276,1299768146
GL841860.1,Chr2_supercontig_000000719,2,84363,621568639,1299852509
GL841861.1,Chr2_supercontig_000000720,2,106770,621675409,1299959279
GL841862.1,Chr2_supercontig_000000721,2,28115,621703524,1299987394
GL841863.1,Chr2_supercontig_000000722,2,94783,621798307,1300082177
GL841864.1,Chr2_supercontig_000000723,2,609426,622407733,1300691603
GL841865.1,Chr2_supercontig_000000724,2,276040,622683773,1300967643
GL841866.1,Chr2_supercontig_000000725,2,185470,622869243,1301153113
GL841867.1,Chr2_supercontig_000000726,2,65458,622934701,1301218571
GL841868.1,Chr2_supercontig_000000727,2,73706,623008407,1301292277
GL841869.1,Chr2_supercontig_000000728,2,50447,623058854,1301342724
GL841870.1,Chr2_supercontig_000000729,2,193275,623252129,1301535999
GL841871.1,Chr2_supercontig_000000730,2,254615,623506744,1301790614
GL841872.1,Chr2_supercontig_000000731,2,80212,623586956,1301870826
GL841873.1,Chr2_supercontig_000000732,2,110924,623697880,1301981750
GL841874.1,Chr2_supercontig_000000733,2,30911,623728791,1302012661
GL841875.1,Chr2_supercontig_000000734,2,160871,623889662,1302173532
GL841876.1,Chr2_supercontig_000000735,2,134776,624024438,1302308308
GL841877.1,Chr2_supercontig_000000736,2,63508,624087946,1302371816
GL841878.1,Chr2_supercontig_000000737,2,3027,624090973,1302374843
GL841879.1,Chr2_supercontig_000000738,2,131461,624222434,1302506304
GL841880.1,Chr2_supercontig_000000739,2,50658,624273092,1302556962
GL841881.1,Chr2_supercontig_000000740,2,135810,624408902,1302692772
GL841882.1,Chr2_supercontig_000000741,2,127991,624536893,1302820763
GL841883.1,Chr2_supercontig_000000742,2,113245,624650138,1302934008
GL841884.1,Chr2_supercontig_000000743,2,134711,624784849,1303068719
GL841885.1,Chr2_supercontig_000000744,2,32208,624817057,1303100927
GL841886.1,Chr2_supercontig_000000745,2,221590,625038647,1303322517
GL841887.1,Chr2_supercontig_000000746,2,28171,625066818,1303350688
GL841888.1,Chr2_supercontig_000000747,2,317770,625384588,1303668458
GL841889.1,Chr2_supercontig_000000748,2,143199,625527787,1303811657
GL841890.1,Chr2_supercontig_000000749,2,215354,625743141,1304027011
GL841891.1,Chr2_supercontig_000000750,2,130848,625873989,1304157859
GL841892.1,Chr2_supercontig_000000751,2,222183,626096172,1304380042
GL841893.1,Chr2_supercontig_000000752,2,51320,626147492,1304431362
GL841894.1,Chr2_supercontig_000000753,2,90277,626237769,1304521639
GL841895.1,Chr2_supercontig_000000754,2,179979,626417748,1304701618
GL841896.1,Chr2_supercontig_000000755,2,64973,626482721,1304766591
GL841897.1,Chr2_supercontig_000000756,2,112321,626595042,1304878912
GL841898.1,Chr2_supercontig_000000757,2,24387,626619429,1304903299
GL841899.1,Chr2_supercontig_000000758,2,209471,626828900,1305112770
GL841900.1,Chr2_supercontig_000000759,2,124015,626952915,1305236785
GL841901.1,Chr2_supercontig_000000760,2,14937,626967852,1305251722
GL841902.1,Chr2_supercontig_000000761,2,284891,627252743,1305536613
GL841903.1,Chr2_supercontig_000000762,2,412238,627664981,1305948851
GL841904.1,Chr2_supercontig_000000763,2,7646,627672627,1305956497
GL841905.1,Chr2_supercontig_000000764,2,61476,627734103,1306017973
GL841906.1,Chr2_supercontig_000000765,2,17667,627751770,1306035640
GL841907.1,Chr2_supercontig_000000766,2,79711,627831481,1306115351
GL841908.1,Chr2_supercontig_000000767,2,5834,627837315,1306121185
GL841909.1,Chr2_supercontig_000000768,2,171941,628009256,1306293126
GL841910.1,Chr2_supercontig_000000769,2,100091,628109347,1306393217
GL841911.1,Chr2_supercontig_000000770,2,181189,628290536,1306574406
GL841912.1,Chr2_supercontig_000000771,2,10666,628301202,1306585072
GL841913.1,Chr2_supercontig_000000772,2,209603,628510805,1306794675
GL841914.1,Chr2_supercontig_000000773,2,139339,628650144,1306934014
GL841915.1,Chr2_supercontig_000000774,2,189530,628839674,1307123544
GL841916.1,Chr2_supercontig_000000775,2,31949,628871623,1307155493
GL841917.1,Chr2_supercontig_000000776,2,38671,628910294,1307194164
GL841918.1,Chr2_supercontig_000000777,2,120913,629031207,1307315077
GL841919.1,Chr2_supercontig_000000778,2,47520,629078727,1307362597
GL841920.1,Chr2_supercontig_000000779,2,40916,629119643,1307403513
GL841921.1,Chr2_supercontig_000000780,2,88516,629208159,1307492029
GL841922.1,Chr2_supercontig_000000781,2,11257,629219416,1307503286
GL841923.1,Chr2_supercontig_000000782,2,213715,629433131,1307717001
GL841924.1,Chr2_supercontig_000000783,2,192621,629625752,1307909622
GL841925.1,Chr2_supercontig_000000784,2,34099,629659851,1307943721
GL841926.1,Chr2_supercontig_000000785,2,26451,629686302,1307970172
GL841927.1,Chr2_supercontig_000000786,2,204785,629891087,1308174957
GL841928.1,Chr2_supercontig_000000787,2,94756,629985843,1308269713
GL841929.1,Chr2_supercontig_000000788,2,26378,630012221,1308296091
GL841930.1,Chr2_supercontig_000000789,2,85050,630097271,1308381141
GL841931.1,Chr2_supercontig_000000790,2,64293,630161564,1308445434
GL841932.1,Chr2_supercontig_000000791,2,113666,630275230,1308559100
GL841933.1,Chr2_supercontig_000000792,2,68091,630343321,1308627191
GL841934.1,Chr2_supercontig_000000793,2,114441,630457762,1308741632
GL841935.1,Chr2_supercontig_000000794,2,18376,630476138,1308760008
GL841936.1,Chr2_supercontig_000000795,2,77486,630553624,1308837494
GL841937.1,Chr2_supercontig_000000796,2,130886,630684510,1308968380
GL841938.1,Chr2_supercontig_000000797,2,216455,630900965,1309184835
GL841939.1,Chr2_supercontig_000000798,2,9467,630910432,1309194302
GL841940.1,Chr2_supercontig_000000799,2,33645,630944077,1309227947
GL841941.1,Chr2_supercontig_000000800,2,117283,631061360,1309345230
GL841942.1,Chr2_supercontig_000000801,2,14708,631076068,1309359938
GL841943.1,Chr2_supercontig_000000802,2,66821,631142889,1309426759
GL841944.1,Chr2_supercontig_000000803,2,82555,631225444,1309509314
GL841945.1,Chr2_supercontig_000000804,2,132574,631358018,1309641888
GL841946.1,Chr2_supercontig_000000805,2,118653,631476671,1309760541
GL841947.1,Chr2_supercontig_000000806,2,34329,631511000,1309794870
GL841948.1,Chr2_supercontig_000000807,2,155400,631666400,1309950270
GL841949.1,Chr2_supercontig_000000808,2,29567,631695967,1309979837
GL841950.1,Chr2_supercontig_000000809,2,46278,631742245,1310026115
GL841951.1,Chr2_supercontig_000000810,2,264411,632006656,1310290526
GL841952.1,Chr2_supercontig_000000811,2,79244,632085900,1310369770
GL841953.1,Chr2_supercontig_000000812,2,45988,632131888,1310415758
GL841954.1,Chr2_supercontig_000000813,2,79928,632211816,1310495686
GL841955.1,Chr2_supercontig_000000814,2,78137,632289953,1310573823
GL841956.1,Chr2_supercontig_000000815,2,2819,632292772,1310576642
GL841957.1,Chr2_supercontig_000000816,2,200342,632493114,1310776984
GL841958.1,Chr2_supercontig_000000817,2,64837,632557951,1310841821
GL841959.1,Chr2_supercontig_000000818,2,143032,632700983,1310984853
GL841960.1,Chr2_supercontig_000000819,2,100113,632801096,1311084966
GL841961.1,Chr2_supercontig_000000820,2,93129,632894225,1311178095
GL841962.1,Chr2_supercontig_000000821,2,22674,632916899,1311200769
GL841963.1,Chr2_supercontig_000000822,2,1508,632918407,1311202277
GL841964.1,Chr2_supercontig_000000823,2,89101,633007508,1311291378
GL841965.1,Chr2_supercontig_000000824,2,75881,633083389,1311367259
GL841966.1,Chr2_supercontig_000000825,2,26507,633109896,1311393766
GL841967.1,Chr2_supercontig_000000826,2,24020,633133916,1311417786
GL841968.1,Chr2_supercontig_000000827,2,20287,633154203,1311438073
GL841969.1,Chr2_supercontig_000000828,2,58429,633212632,1311496502
GL841970.1,Chr2_supercontig_000000829,2,101630,633314262,1311598132
GL841971.1,Chr2_supercontig_000000830,2,74950,633389212,1311673082
GL841972.1,Chr2_supercontig_000000831,2,10185,633399397,1311683267
GL841973.1,Chr2_supercontig_000000832,2,100957,633500354,1311784224
GL841974.1,Chr2_supercontig_000000833,2,1889,633502243,1311786113
GL841975.1,Chr2_supercontig_000000834,2,166597,633668840,1311952710
GL841976.1,Chr2_supercontig_000000835,2,24637,633693477,1311977347
GL841977.1,Chr2_supercontig_000000836,2,156760,633850237,1312134107
GL841978.1,Chr2_supercontig_000000837,2,303325,634153562,1312437432
GL841979.1,Chr2_supercontig_000000838,2,39455,634193017,1312476887
GL841980.1,Chr2_supercontig_000000839,2,140920,634333937,1312617807
GL841981.1,Chr2_supercontig_000000840,2,80864,634414801,1312698671
GL841982.1,Chr2_supercontig_000000841,2,168208,634583009,1312866879
GL841983.1,Chr2_supercontig_000000842,2,20528,634603537,1312887407
GL841984.1,Chr2_supercontig_000000843,2,178620,634782157,1313066027
GL841985.1,Chr2_supercontig_000000844,2,34741,634816898,1313100768
GL841986.1,Chr2_supercontig_000000845,2,118072,634934970,1313218840
GL841987.1,Chr2_supercontig_000000846,2,183441,635118411,1313402281
GL841988.1,Chr2_supercontig_000000847,2,77786,635196197,1313480067
GL841989.1,Chr2_supercontig_000000848,2,51642,635247839,1313531709
GL841990.1,Chr2_supercontig_000000849,2,59907,635307746,1313591616
GL841991.1,Chr2_supercontig_000000850,2,287380,635595126,1313878996
GL841992.1,Chr2_supercontig_000000851,2,17214,635612340,1313896210
GL841993.1,Chr2_supercontig_000000852,2,146483,635758823,1314042693
GL841994.1,Chr2_supercontig_000000853,2,47294,635806117,1314089987
GL841995.1,Chr2_supercontig_000000854,2,89992,635896109,1314179979
GL841996.1,Chr2_supercontig_000000855,2,122546,636018655,1314302525
GL841997.1,Chr2_supercontig_000000856,2,4235,636022890,1314306760
GL841998.1,Chr2_supercontig_000000857,2,11260,636034150,1314318020
GL841999.1,Chr2_supercontig_000000858,2,33355,636067505,1314351375
GL842000.1,Chr2_supercontig_000000859,2,86408,636153913,1314437783
GL842001.1,Chr2_supercontig_000000860,2,82521,636236434,1314520304
GL842002.1,Chr2_supercontig_000000861,2,75219,636311653,1314595523
GL842003.1,Chr2_supercontig_000000862,2,73970,636385623,1314669493
GL842004.1,Chr2_supercontig_000000863,2,78136,636463759,1314747629
GL842005.1,Chr2_supercontig_000000864,2,183607,636647366,1314931236
GL842006.1,Chr2_supercontig_000000865,2,17108,636664474,1314948344
GL842007.1,Chr2_supercontig_000000866,2,36307,636700781,1314984651
GL842008.1,Chr2_supercontig_000000867,2,106116,636806897,1315090767
GL842009.1,Chr2_supercontig_000000868,2,13717,636820614,1315104484
GL842010.1,Chr2_supercontig_000000869,2,94138,636914752,1315198622
GL842011.1,Chr2_supercontig_000000870,2,120371,637035123,1315318993
GL842012.1,Chr2_supercontig_000000871,2,127755,637162878,1315446748
GL842013.1,Chr2_supercontig_000000872,2,62530,637225408,1315509278
GL842014.1,Chr2_supercontig_000000873,2,136257,637361665,1315645535
GL842015.1,Chr2_supercontig_000000874,2,82393,637444058,1315727928
GL842016.1,Chr2_supercontig_000000875,2,200628,637644686,1315928556
GL842017.1,Chr2_supercontig_000000876,2,231180,637875866,1316159736
GL842018.1,Chr2_supercontig_000000877,2,176627,638052493,1316336363
GL842019.1,Chr2_supercontig_000000878,2,95446,638147939,1316431809
GL842020.1,Chr2_supercontig_000000879,2,28233,638176172,1316460042
GL842021.1,Chr2_supercontig_000000880,2,183159,638359331,1316643201
GL842022.1,Chr2_supercontig_000000881,2,84955,638444286,1316728156
GL842023.1,Chr2_supercontig_000000882,2,182535,638626821,1316910691
GL842024.1,Chr2_supercontig_000000883,2,38247,638665068,1316948938
GL842025.1,Chr2_supercontig_000000884,2,37821,638702889,1316986759
GL842026.1,Chr2_supercontig_000000885,2,82375,638785264,1317069134
GL842027.1,Chr2_supercontig_000000886,2,33425,638818689,1317102559
GL842028.1,Chr2_supercontig_000000887,2,30029,638848718,1317132588
GL842029.1,Chr2_supercontig_000000888,2,217920,639066638,1317350508
GL842030.1,Chr2_supercontig_000000889,2,25843,639092481,1317376351
GL842031.1,Chr2_supercontig_000000890,2,107786,639200267,1317484137
GL842032.1,Chr2_supercontig_000000891,2,17548,639217815,1317501685
GL842033.1,Chr2_supercontig_000000892,2,39488,639257303,1317541173
GL842034.1,Chr2_supercontig_000000893,2,63206,639320509,1317604379
GL842035.1,Chr2_supercontig_000000894,2,24927,639345436,1317629306
GL842036.1,Chr2_supercontig_000000895,2,47278,639392714,1317676584
GL842037.1,Chr2_supercontig_000000896,2,120804,639513518,1317797388
GL842038.1,Chr2_supercontig_000000897,2,401424,639914942,1318198812
GL842039.1,Chr2_supercontig_000000898,2,202975,640117917,1318401787
GL842040.1,Chr2_supercontig_000000899,2,99897,640217814,1318501684
GL842041.1,Chr2_supercontig_000000900,2,32237,640250051,1318533921
GL842042.1,Chr2_supercontig_000000901,2,130230,640380281,1318664151
GL842043.1,Chr2_supercontig_000000902,2,69802,640450083,1318733953
GL842044.1,Chr2_supercontig_000000903,2,66094,640516177,1318800047
GL842045.1,Chr2_supercontig_000000904,2,13650,640529827,1318813697
GL842046.1,Chr2_supercontig_000000905,2,116827,640646654,1318930524
GL842047.1,Chr2_supercontig_000000906,2,62380,640709034,1318992904
GL842048.1,Chr2_supercontig_000000907,2,36363,640745397,1319029267
GL842049.1,Chr2_supercontig_000000908,2,247489,640992886,1319276756
GL842050.1,Chr2_supercontig_000000909,2,26167,641019053,1319302923
GL842051.1,Chr2_supercontig_000000910,2,126864,641145917,1319429787
GL842052.1,Chr2_supercontig_000000911,2,7123,641153040,1319436910
GL842053.1,Chr2_supercontig_000000912,2,84464,641237504,1319521374
GL842054.1,Chr2_supercontig_000000913,2,339583,641577087,1319860957
GL842055.1,Chr2_supercontig_000000914,2,125249,641702336,1319986206
GL842056.1,Chr2_supercontig_000000915,2,220279,641922615,1320206485
GL842057.1,Chr2_supercontig_000000916,2,122500,642045115,1320328985
GL842058.1,Chr2_supercontig_000000917,2,39447,642084562,1320368432
GL842059.1,Chr2_supercontig_000000918,2,84803,642169365,1320453235
GL842060.1,Chr2_supercontig_000000919,2,199584,642368949,1320652819
GL842061.1,Chr2_supercontig_000000920,2,43372,642412321,1320696191
GL842062.1,Chr2_supercontig_000000921,2,150072,642562393,1320846263
GL842063.1,Chr2_supercontig_000000922,2,29484,642591877,1320875747
GL842064.1,Chr2_supercontig_000000923,2,23753,642615630,1320899500
GL842065.1,Chr2_supercontig_000000924,2,91453,642707083,1320990953
GL842066.1,Chr2_supercontig_000000925,2,44134,642751217,1321035087
GL842067.1,Chr2_supercontig_000000926,2,91194,642842411,1321126281
GL842068.1,Chr2_supercontig_000000927,2,87809,642930220,1321214090
GL842069.1,Chr2_supercontig_000000928,2,80676,643010896,1321294766
GL842070.1,Chr2_supercontig_000000929,2,38089,643048985,1321332855
GL842071.1,Chr2_supercontig_000000930,2,35681,643084666,1321368536
GL842072.1,Chr2_supercontig_000000931,2,358980,643443646,1321727516
GL842073.1,Chr2_supercontig_000000932,2,103348,643546994,1321830864
GL842074.1,Chr2_supercontig_000000933,2,127876,643674870,1321958740
GL842075.1,Chr2_supercontig_000000934,2,121885,643796755,1322080625
GL842076.1,Chr2_supercontig_000000935,2,139780,643936535,1322220405
GL842077.1,Chr2_supercontig_000000936,2,113134,644049669,1322333539
GL842078.1,Chr2_supercontig_000000937,2,32801,644082470,1322366340
GL842079.1,Chr2_supercontig_000000938,2,152802,644235272,1322519142
GL842080.1,Chr2_supercontig_000000939,2,162893,644398165,1322682035
GL842081.1,Chr2_supercontig_000000940,2,80393,644478558,1322762428
GL842082.1,Chr2_supercontig_000000941,2,86685,644565243,1322849113
GL842083.1,Chr2_supercontig_000000942,2,39752,644604995,1322888865
GL842084.1,Chr2_supercontig_000000943,2,57492,644662487,1322946357
GL842085.1,Chr2_supercontig_000000944,2,40550,644703037,1322986907
GL842086.1,Chr2_supercontig_000000945,2,222078,644925115,1323208985
GL842087.1,Chr2_supercontig_000000946,2,105950,645031065,1323314935
GL842088.1,Chr2_supercontig_000000947,2,193628,645224693,1323508563
GL842089.1,Chr2_supercontig_000000948,2,37935,645262628,1323546498
GL842090.1,Chr2_supercontig_000000949,2,197292,645459920,1323743790
GL842091.1,Chr2_supercontig_000000950,2,141683,645601603,1323885473
GL842092.1,Chr2_supercontig_000000951,2,50225,645651828,1323935698
GL842093.1,Chr2_supercontig_000000952,2,86178,645738006,1324021876
GL842094.1,Chr2_supercontig_000000953,2,12749,645750755,1324034625
GL842095.1,Chr2_supercontig_000000954,2,165444,645916199,1324200069
GL842096.1,Chr2_supercontig_000000955,2,36458,645952657,1324236527
GL842097.1,Chr2_supercontig_000000956,2,120531,646073188,1324357058
GL842098.1,Chr2_supercontig_000000957,2,134182,646207370,1324491240
GL842099.1,Chr2_supercontig_000000958,2,39929,646247299,1324531169
GL842100.1,Chr2_supercontig_000000959,2,267260,646514559,1324798429
GL842101.1,Chr2_supercontig_000000960,2,105127,646619686,1324903556
GL842102.1,Chr2_supercontig_000000961,2,148671,646768357,1325052227
GL842103.1,Chr2_supercontig_000000962,2,139607,646907964,1325191834
GL842104.1,Chr2_supercontig_000000963,2,47983,646955947,1325239817
GL842105.1,Chr2_supercontig_000000964,2,24515,646980462,1325264332
GL842106.1,Chr2_supercontig_000000965,2,52641,647033103,1325316973
GL842107.1,Chr2_supercontig_000000966,2,272798,647305901,1325589771
GL842108.1,Chr2_supercontig_000000967,2,96197,647402098,1325685968
GL842109.1,Chr2_supercontig_000000968,2,30569,647432667,1325716537
GL842110.1,Chr2_supercontig_000000969,2,239986,647672653,1325956523
GL842111.1,Chr2_supercontig_000000970,2,252371,647925024,1326208894
GL842112.1,Chr2_supercontig_000000971,2,74414,647999438,1326283308
GL842113.1,Chr2_supercontig_000000972,2,24289,648023727,1326307597
GL842114.1,Chr2_supercontig_000000973,2,200036,648223763,1326507633
GL842115.1,Chr2_supercontig_000000974,2,53221,648276984,1326560854
GL842116.1,Chr2_supercontig_000000975,2,53571,648330555,1326614425
GL842117.1,Chr2_supercontig_000000976,2,34105,648364660,1326648530
GL842118.1,Chr2_supercontig_000000977,2,58772,648423432,1326707302
GL842119.1,Chr2_supercontig_000000978,2,182246,648605678,1326889548
GL842120.1,Chr2_supercontig_000000979,2,117840,648723518,1327007388
GL842121.1,Chr2_supercontig_000000980,2,24016,648747534,1327031404
GL842122.1,Chr2_supercontig_000000981,2,43995,648791529,1327075399
GL842123.1,Chr2_supercontig_000000982,2,36454,648827983,1327111853
GL842124.1,Chr2_supercontig_000000983,2,63782,648891765,1327175635
GL842125.1,Chr2_supercontig_000000984,2,53448,648945213,1327229083
GL842126.1,Chr2_supercontig_000000985,2,33483,648978696,1327262566
GL842127.1,Chr2_supercontig_000000986,2,76760,649055456,1327339326
GL842128.1,Chr2_supercontig_000000987,2,116228,649171684,1327455554
GL842129.1,Chr2_supercontig_000000988,2,31736,649203420,1327487290
GL842130.1,Chr2_supercontig_000000989,2,93461,649296881,1327580751
GL842131.1,Chr2_supercontig_000000990,2,122220,649419101,1327702971
GL842132.1,Chr2_supercontig_000000991,2,91203,649510304,1327794174
GL842133.1,Chr2_supercontig_000000992,2,86648,649596952,1327880822
GL842134.1,Chr2_supercontig_000000993,2,105875,649702827,1327986697
GL842135.1,Chr2_supercontig_000000994,2,104746,649807573,1328091443
GL842136.1,Chr2_supercontig_000000995,2,62922,649870495,1328154365
GL842137.1,Chr2_supercontig_000000996,2,58924,649929419,1328213289
GL842138.1,Chr2_supercontig_000000997,2,136399,650065818,1328349688
GL842139.1,Chr2_supercontig_000000998,2,57903,650123721,1328407591
GL842140.1,Chr2_supercontig_000000999,2,34307,650158028,1328441898
GL842141.1,Chr2_supercontig_000001000,2,114801,650272829,1328556699
GL842142.1,Chr2_supercontig_000001001,2,74710,650347539,1328631409
GL842143.1,Chr2_supercontig_000001002,2,188411,650535950,1328819820
GL842144.1,Chr2_supercontig_000001003,2,156524,650692474,1328976344
GL842145.1,Chr2_supercontig_000001004,2,51635,650744109,1329027979
GL842146.1,Chr2_supercontig_000001005,2,14194,650758303,1329042173
GL842147.1,Chr2_supercontig_000001006,2,87840,650846143,1329130013
GL842148.1,Chr2_supercontig_000001007,2,149514,650995657,1329279527
GL842149.1,Chr2_supercontig_000001008,2,63790,651059447,1329343317
GL842150.1,Chr2_supercontig_000001009,2,32254,651091701,1329375571
GL842151.1,Chr2_supercontig_000001010,2,64275,651155976,1329439846
GL842152.1,Chr2_supercontig_000001011,2,58237,651214213,1329498083
GL842153.1,Chr2_supercontig_000001012,2,128301,651342514,1329626384
GL842154.1,Chr2_supercontig_000001013,2,26317,651368831,1329652701
GL842155.1,Chr2_supercontig_000001014,2,52710,651421541,1329705411
GL842156.1,Chr2_supercontig_000001015,2,180893,651602434,1329886304
GL842157.1,Chr2_supercontig_000001016,2,140009,651742443,1330026313
GL842158.1,Chr2_supercontig_000001017,2,85947,651828390,1330112260
GL842159.1,Chr2_supercontig_000001018,2,78483,651906873,1330190743
GL842160.1,Chr2_supercontig_000001019,2,53513,651960386,1330244256
GL842161.1,Chr2_supercontig_000001020,2,32998,651993384,1330277254
GL842162.1,Chr2_supercontig_000001021,2,30363,652023747,1330307617
GL842163.1,Chr2_supercontig_000001022,2,46911,652070658,1330354528
GL842164.1,Chr2_supercontig_000001023,2,21016,652091674,1330375544
GL842165.1,Chr2_supercontig_000001024,2,64469,652156143,1330440013
GL842166.1,Chr2_supercontig_000001025,2,62570,652218713,1330502583
GL842167.1,Chr2_supercontig_000001026,2,134677,652353390,1330637260
GL842168.1,Chr2_supercontig_000001027,2,44468,652397858,1330681728
GL842169.1,Chr2_supercontig_000001028,2,89564,652487422,1330771292
GL842170.1,Chr2_supercontig_000001029,2,169561,652656983,1330940853
GL842171.1,Chr2_supercontig_000001030,2,60668,652717651,1331001521
GL842172.1,Chr2_supercontig_000001031,2,37197,652754848,1331038718
GL842173.1,Chr2_supercontig_000001032,2,20684,652775532,1331059402
GL842174.1,Chr2_supercontig_000001033,2,80453,652855985,1331139855
GL842175.1,Chr2_supercontig_000001034,2,38821,652894806,1331178676
GL842176.1,Chr2_supercontig_000001035,2,25977,652920783,1331204653
GL842177.1,Chr2_supercontig_000001036,2,107311,653028094,1331311964
GL842178.1,Chr2_supercontig_000001037,2,268679,653296773,1331580643
GL842179.1,Chr2_supercontig_000001038,2,9992,653306765,1331590635
GL842180.1,Chr2_supercontig_000001039,2,195867,653502632,1331786502
GL842181.1,Chr2_supercontig_000001040,2,95280,653597912,1331881782
GL842182.1,Chr2_supercontig_000001041,2,61390,653659302,1331943172
GL842183.1,Chr2_supercontig_000001042,2,104809,653764111,1332047981
GL842184.1,Chr2_supercontig_000001043,2,47535,653811646,1332095516
GL842185.1,Chr2_supercontig_000001044,2,250884,654062530,1332346400
GL842186.1,Chr2_supercontig_000001045,2,96563,654159093,1332442963
GL842187.1,Chr2_supercontig_000001046,2,428606,654587699,1332871569
GL842188.1,Chr2_supercontig_000001047,2,23094,654610793,1332894663
GL842189.1,Chr2_supercontig_000001048,2,11984,654622777,1332906647
GL842190.1,Chr2_supercontig_000001049,2,32335,654655112,1332938982
GL842191.1,Chr2_supercontig_000001050,2,61141,654716253,1333000123
GL842192.1,Chr2_supercontig_000001051,2,45329,654761582,1333045452
GL842193.1,Chr2_supercontig_000001052,2,4106,654765688,1333049558
GL842194.1,Chr2_supercontig_000001053,2,76928,654842616,1333126486
GL842195.1,Chr2_supercontig_000001054,2,152596,654995212,1333279082
GL842196.1,Chr2_supercontig_000001055,2,144773,655139985,1333423855
GL842197.1,Chr2_supercontig_000001056,2,270121,655410106,1333693976
GL842198.1,Chr2_supercontig_000001057,2,252946,655663052,1333946922
GL842199.1,Chr2_supercontig_000001058,2,71275,655734327,1334018197
GL842200.1,Chr2_supercontig_000001059,2,121189,655855516,1334139386
GL842201.1,Chr2_supercontig_000001060,2,33633,655889149,1334173019
GL842202.1,Chr2_supercontig_000001061,2,176766,656065915,1334349785
GL842203.1,Chr2_supercontig_000001062,2,168908,656234823,1334518693
GL842204.1,Chr2_supercontig_000001063,2,23770,656258593,1334542463
GL842205.1,Chr2_supercontig_000001064,2,53578,656312171,1334596041
GL842206.1,Chr2_supercontig_000001065,2,81609,656393780,1334677650
GL842207.1,Chr2_supercontig_000001066,2,32710,656426490,1334710360
GL842208.1,Chr2_supercontig_000001067,2,25728,656452218,1334736088
GL842209.1,Chr2_supercontig_000001068,2,134866,656587084,1334870954
GL842210.1,Chr2_supercontig_000001069,2,1581,656588665,1334872535
GL842211.1,Chr2_supercontig_000001070,2,103591,656692256,1334976126
GL842212.1,Chr2_supercontig_000001071,2,122497,656814753,1335098623
GL842213.1,Chr2_supercontig_000001072,2,47565,656862318,1335146188
GL842214.1,Chr2_supercontig_000001073,2,64275,656926593,1335210463
GL842215.1,Chr2_supercontig_000001074,2,54507,656981100,1335264970
GL842216.1,Chr2_supercontig_000001075,2,153735,657134835,1335418705
GL842217.1,Chr2_supercontig_000001076,2,24647,657159482,1335443352
GL842218.1,Chr2_supercontig_000001077,2,32668,657192150,1335476020
GL842219.1,Chr2_supercontig_000001078,2,7420,657199570,1335483440
GL842220.1,Chr2_supercontig_000001079,2,74816,657274386,1335558256
GL842221.1,Chr2_supercontig_000001080,2,62967,657337353,1335621223
GL842222.1,Chr2_supercontig_000001081,2,205074,657542427,1335826297
GL842223.1,Chr2_supercontig_000001082,2,57626,657600053,1335883923
GL842224.1,Chr2_supercontig_000001083,2,39853,657639906,1335923776
GL842225.1,Chr2_supercontig_000001084,2,263787,657903693,1336187563
GL842226.1,Chr2_supercontig_000001085,2,105276,658008969,1336292839
GL842227.1,Chr2_supercontig_000001086,2,68987,658077956,1336361826
GL842228.1,Chr2_supercontig_000001087,2,36967,658114923,1336398793
GL842229.1,Chr2_supercontig_000001088,2,73007,658187930,1336471800
GL842230.1,Chr2_supercontig_000001089,2,175544,658363474,1336647344
GL842231.1,Chr2_supercontig_000001090,2,136588,658500062,1336783932
GL842232.1,Chr2_supercontig_000001091,2,18533,658518595,1336802465
GL842233.1,Chr2_supercontig_000001092,2,38836,658557431,1336841301
GL842234.1,Chr2_supercontig_000001093,2,53828,658611259,1336895129
GL842235.1,Chr2_supercontig_000001094,2,54125,658665384,1336949254
GL842236.1,Chr2_supercontig_000001095,2,222425,658887809,1337171679
GL842237.1,Chr2_supercontig_000001096,2,59864,658947673,1337231543
GL842238.1,Chr2_supercontig_000001097,2,156654,659104327,1337388197
GL842239.1,Chr2_supercontig_000001098,2,75977,659180304,1337464174
GL842240.1,Chr2_supercontig_000001099,2,100415,659280719,1337564589
GL842241.1,Chr2_supercontig_000001100,2,93687,659374406,1337658276
GL842242.1,Chr2_supercontig_000001101,2,29795,659404201,1337688071
GL842243.1,Chr2_supercontig_000001102,2,229132,659633333,1337917203
GL842244.1,Chr2_supercontig_000001103,2,4762,659638095,1337921965
GL842245.1,Chr2_supercontig_000001104,2,25336,659663431,1337947301
GL842246.1,Chr2_supercontig_000001105,2,94436,659757867,1338041737
GL842247.1,Chr2_supercontig_000001106,2,8504,659766371,1338050241
GL842248.1,Chr2_supercontig_000001107,2,39608,659805979,1338089849
GL842249.1,Chr2_supercontig_000001108,2,71966,659877945,1338161815
GL842250.1,Chr2_supercontig_000001109,2,49029,659926974,1338210844
GL842251.1,Chr2_supercontig_000001110,2,122305,660049279,1338333149
GL842252.1,Chr2_supercontig_000001111,2,20548,660069827,1338353697
GL842253.1,Chr2_supercontig_000001112,2,45226,660115053,1338398923
GL842254.1,Chr2_supercontig_000001113,2,66625,660181678,1338465548
GL842255.1,Chr2_supercontig_000001114,2,13436,660195114,1338478984
GL842256.1,Chr2_supercontig_000001115,2,177659,660372773,1338656643
GL842257.1,Chr2_supercontig_000001116,2,91906,660464679,1338748549
GL842258.1,Chr2_supercontig_000001117,2,11116,660475795,1338759665
GL842259.1,Chr2_supercontig_000001118,2,71047,660546842,1338830712
GL842260.1,Chr2_supercontig_000001119,2,56712,660603554,1338887424
GL842261.1,Chr2_supercontig_000001120,2,27940,660631494,1338915364
GL842262.1,Chr2_supercontig_000001121,2,53488,660684982,1338968852
GL842263.1,Chr2_supercontig_000001122,2,53048,660738030,1339021900
GL842264.1,Chr2_supercontig_000001123,2,19391,660757421,1339041291
GL842265.1,Chr2_supercontig_000001124,2,39780,660797201,1339081071
GL842266.1,Chr2_supercontig_000001125,2,70982,660868183,1339152053
GL842267.1,Chr2_supercontig_000001126,2,30257,660898440,1339182310
GL842268.1,Chr2_supercontig_000001127,2,28541,660926981,1339210851
GL842269.1,Chr2_supercontig_000001128,2,26745,660953726,1339237596
GL842270.1,Chr2_supercontig_000001129,2,43350,660997076,1339280946
GL842271.1,Chr2_supercontig_000001130,2,113541,661110617,1339394487
GL842272.1,Chr2_supercontig_000001131,2,88696,661199313,1339483183
GL842273.1,Chr2_supercontig_000001132,2,54314,661253627,1339537497
GL842274.1,Chr2_supercontig_000001133,2,15863,661269490,1339553360
GL842275.1,Chr2_supercontig_000001134,2,85877,661355367,1339639237
GL842276.1,Chr2_supercontig_000001135,2,55902,661411269,1339695139
GL842277.1,Chr2_supercontig_000001136,2,28566,661439835,1339723705
GL842278.1,Chr2_supercontig_000001137,2,94630,661534465,1339818335
GL842279.1,Chr2_supercontig_000001138,2,58469,661592934,1339876804
GL842280.1,Chr2_supercontig_000001139,2,92008,661684942,1339968812
GL842281.1,Chr2_supercontig_000001140,2,142170,661827112,1340110982
GL842282.1,Chr2_supercontig_000001141,2,134160,661961272,1340245142
GL842283.1,Chr2_supercontig_000001142,2,34115,661995387,1340279257
GL842284.1,Chr2_supercontig_000001143,2,138777,662134164,1340418034
GL842285.1,Chr2_supercontig_000001144,2,73421,662207585,1340491455
GL842286.1,Chr2_supercontig_000001145,2,139953,662347538,1340631408
GL842287.1,Chr2_supercontig_000001146,2,35663,662383201,1340667071
GL842288.1,Chr2_supercontig_000001147,2,180510,662563711,1340847581
GL842289.1,Chr2_supercontig_000001148,2,158796,662722507,1341006377
GL842290.1,Chr2_supercontig_000001149,2,172159,662894666,1341178536
GL842291.1,Chr2_supercontig_000001150,2,22344,662917010,1341200880
GL842292.1,Chr2_supercontig_000001151,2,94635,663011645,1341295515
GL842293.1,Chr2_supercontig_000001152,2,78137,663089782,1341373652
GL842294.1,Chr2_supercontig_000001153,2,114128,663203910,1341487780
GL842295.1,Chr2_supercontig_000001154,2,25504,663229414,1341513284
GL842296.1,Chr2_supercontig_000001155,2,121953,663351367,1341635237
GL842297.1,Chr2_supercontig_000001156,2,39746,663391113,1341674983
GL842298.1,Chr2_supercontig_000001157,2,39526,663430639,1341714509
GL842299.1,Chr2_supercontig_000001158,2,58728,663489367,1341773237
GL842300.1,Chr2_supercontig_000001159,2,53055,663542422,1341826292
GL842301.1,Chr2_supercontig_000001160,2,330247,663872669,1342156539
GL842302.1,Chr2_supercontig_000001161,2,60788,663933457,1342217327
GL842303.1,Chr2_supercontig_000001162,2,150981,664084438,1342368308
GL842304.1,Chr2_supercontig_000001163,2,645173,664729611,1343013481
GL842305.1,Chr2_supercontig_000001164,2,210812,664940423,1343224293
GL842306.1,Chr2_supercontig_000001165,2,122446,665062869,1343346739
GL842307.1,Chr2_supercontig_000001166,2,136737,665199606,1343483476
GL842308.1,Chr2_supercontig_000001167,2,90498,665290104,1343573974
GL842309.1,Chr2_supercontig_000001168,2,45844,665335948,1343619818
GL842310.1,Chr2_supercontig_000001169,2,71580,665407528,1343691398
GL842311.1,Chr2_supercontig_000001170,2,64912,665472440,1343756310
GL842312.1,Chr2_supercontig_000001171,2,430143,665902583,1344186453
GL842313.1,Chr2_supercontig_000001172,2,141405,666043988,1344327858
GL842314.1,Chr2_supercontig_000001173,2,64612,666108600,1344392470
GL842315.1,Chr2_supercontig_000001174,2,41572,666150172,1344434042
GL842316.1,Chr2_supercontig_000001175,2,33651,666183823,1344467693
GL842317.1,Chr2_supercontig_000001176,2,90270,666274093,1344557963
GL842318.1,Chr2_supercontig_000001177,2,26670,666300763,1344584633
GL842319.1,Chr2_supercontig_000001178,2,143070,666443833,1344727703
GL842320.1,Chr2_supercontig_000001179,2,189879,666633712,1344917582
GL842321.1,Chr2_supercontig_000001180,2,61009,666694721,1344978591
GL842322.1,Chr2_supercontig_000001181,2,35440,666730161,1345014031
GL842323.1,Chr2_supercontig_000001182,2,111869,666842030,1345125900
GL842324.1,Chr2_supercontig_000001183,2,4232,666846262,1345130132
GL842325.1,Chr2_supercontig_000001184,2,165331,667011593,1345295463
GL842326.1,Chr2_supercontig_000001185,2,222309,667233902,1345517772
GL842327.1,Chr2_supercontig_000001186,2,67600,667301502,1345585372
GL842328.1,Chr2_supercontig_000001187,2,20877,667322379,1345606249
GL842329.1,Chr2_supercontig_000001188,2,26843,667349222,1345633092
GL842330.1,Chr2_supercontig_000001189,2,74522,667423744,1345707614
GL842331.1,Chr2_supercontig_000001190,2,38415,667462159,1345746029
GL842332.1,Chr2_supercontig_000001191,2,63233,667525392,1345809262
GL842333.1,Chr2_supercontig_000001192,2,61291,667586683,1345870553
GL842334.1,Chr2_supercontig_000001193,2,91171,667677854,1345961724
GL842335.1,Chr2_supercontig_000001194,2,39921,667717775,1346001645
GL842336.1,Chr2_supercontig_000001195,2,84321,667802096,1346085966
GL842337.1,Chr2_supercontig_000001196,2,56735,667858831,1346142701
GL842338.1,Chr2_supercontig_000001197,2,63053,667921884,1346205754
GL842339.1,Chr2_supercontig_000001198,2,87062,668008946,1346292816
GL842340.1,Chr2_supercontig_000001199,2,137551,668146497,1346430367
GL842341.1,Chr2_supercontig_000001200,2,46755,668193252,1346477122
GL842342.1,Chr2_supercontig_000001201,2,55142,668248394,1346532264
GL842343.1,Chr2_supercontig_000001202,2,20388,668268782,1346552652
GL842344.1,Chr2_supercontig_000001203,2,87275,668356057,1346639927
GL842345.1,Chr2_supercontig_000001204,2,73180,668429237,1346713107
GL842346.1,Chr2_supercontig_000001205,2,13019,668442256,1346726126
GL842347.1,Chr2_supercontig_000001206,2,16164,668458420,1346742290
GL842348.1,Chr2_supercontig_000001207,2,95034,668553454,1346837324
GL842349.1,Chr2_supercontig_000001208,2,33557,668587011,1346870881
GL842350.1,Chr2_supercontig_000001209,2,21786,668608797,1346892667
GL842351.1,Chr2_supercontig_000001210,2,125876,668734673,1347018543
GL842352.1,Chr2_supercontig_000001211,2,101058,668835731,1347119601
GL842353.1,Chr2_supercontig_000001212,2,158777,668994508,1347278378
GL842354.1,Chr2_supercontig_000001213,2,141820,669136328,1347420198
GL842355.1,Chr2_supercontig_000001214,2,29381,669165709,1347449579
GL842356.1,Chr2_supercontig_000001215,2,31366,669197075,1347480945
GL842357.1,Chr2_supercontig_000001216,2,53793,669250868,1347534738
GL842358.1,Chr2_supercontig_000001217,2,144498,669395366,1347679236
GL842359.1,Chr2_supercontig_000001218,2,59477,669454843,1347738713
GL842360.1,Chr2_supercontig_000001219,2,140020,669594863,1347878733
GL842361.1,Chr2_supercontig_000001220,2,105373,669700236,1347984106
GL842362.1,Chr2_supercontig_000001221,2,46226,669746462,1348030332
GL842363.1,Chr2_supercontig_000001222,2,270712,670017174,1348301044
GL842364.1,Chr2_supercontig_000001223,2,38481,670055655,1348339525
GL842365.1,Chr2_supercontig_000001224,2,56535,670112190,1348396060
GL842366.1,Chr2_supercontig_000001225,2,42922,670155112,1348438982
GL842367.1,Chr2_supercontig_000001226,2,63533,670218645,1348502515
GL842368.1,Chr2_supercontig_000001227,2,20054,670238699,1348522569
GL842369.1,Chr2_supercontig_000001228,2,55161,670293860,1348577730
GL842370.1,Chr2_supercontig_000001229,2,110596,670404456,1348688326
GL842371.1,Chr2_supercontig_000001230,2,92461,670496917,1348780787
GL842372.1,Chr2_supercontig_000001231,2,53351,670550268,1348834138
GL842373.1,Chr2_supercontig_000001232,2,49280,670599548,1348883418
GL842374.1,Chr2_supercontig_000001233,2,53492,670653040,1348936910
GL842375.1,Chr2_supercontig_000001234,2,28311,670681351,1348965221
GL842376.1,Chr2_supercontig_000001235,2,116738,670798089,1349081959
GL842377.1,Chr2_supercontig_000001236,2,97394,670895483,1349179353
GL842378.1,Chr2_supercontig_000001237,2,16754,670912237,1349196107
GL842379.1,Chr2_supercontig_000001238,2,103238,671015475,1349299345
GL842380.1,Chr2_supercontig_000001239,2,51244,671066719,1349350589
GL842381.1,Chr2_supercontig_000001240,2,28595,671095314,1349379184
GL842382.1,Chr2_supercontig_000001241,2,70280,671165594,1349449464
GL842383.1,Chr2_supercontig_000001242,2,56563,671222157,1349506027
GL842384.1,Chr2_supercontig_000001243,2,30394,671252551,1349536421
GL842385.1,Chr2_supercontig_000001244,2,65588,671318139,1349602009
GL842386.1,Chr2_supercontig_000001245,2,23433,671341572,1349625442
GL842387.1,Chr2_supercontig_000001246,2,132601,671474173,1349758043
GL842388.1,Chr2_supercontig_000001247,2,44461,671518634,1349802504
GL842389.1,Chr2_supercontig_000001248,2,100886,671619520,1349903390
GL842390.1,Chr2_supercontig_000001249,2,97334,671716854,1350000724
GL842391.1,Chr2_supercontig_000001250,2,74427,671791281,1350075151
GL842392.1,Chr2_supercontig_000001251,2,55753,671847034,1350130904
GL842393.1,Chr2_supercontig_000001252,2,39205,671886239,1350170109
GL842394.1,Chr2_supercontig_000001253,2,28057,671914296,1350198166
GL842395.1,Chr2_supercontig_000001254,2,167843,672082139,1350366009
GL842396.1,Chr2_supercontig_000001255,2,50255,672132394,1350416264
GL842397.1,Chr2_supercontig_000001256,2,52491,672184885,1350468755
GL842398.1,Chr2_supercontig_000001257,2,51567,672236452,1350520322
GL842399.1,Chr2_supercontig_000001258,2,105840,672342292,1350626162
GL842400.1,Chr2_supercontig_000001259,2,89240,672431532,1350715402
GL842401.1,Chr2_supercontig_000001260,2,31298,672462830,1350746700
GL842402.1,Chr2_supercontig_000001261,2,52411,672515241,1350799111
GL842403.1,Chr2_supercontig_000001262,2,60438,672575679,1350859549
GL842404.1,Chr2_supercontig_000001263,2,32891,672608570,1350892440
GL842405.1,Chr2_supercontig_000001264,2,100691,672709261,1350993131
GL842406.1,Chr2_supercontig_000001265,2,23210,672732471,1351016341
GL842407.1,Chr2_supercontig_000001266,2,41278,672773749,1351057619
GL842408.1,Chr2_supercontig_000001267,2,36442,672810191,1351094061
GL842409.1,Chr2_supercontig_000001268,2,190621,673000812,1351284682
GL842410.1,Chr2_supercontig_000001269,2,85111,673085923,1351369793
GL842411.1,Chr2_supercontig_000001270,2,23652,673109575,1351393445
GL842412.1,Chr2_supercontig_000001271,2,6519,673116094,1351399964
GL842413.1,Chr2_supercontig_000001272,2,133004,673249098,1351532968
GL842414.1,Chr2_supercontig_000001273,2,67492,673316590,1351600460
GL842415.1,Chr2_supercontig_000001274,2,73759,673390349,1351674219
GL842416.1,Chr2_supercontig_000001275,2,164842,673555191,1351839061
GL842417.1,Chr2_supercontig_000001276,2,30665,673585856,1351869726
GL842418.1,Chr2_supercontig_000001277,2,13701,673599557,1351883427
GL842419.1,Chr2_supercontig_000001278,2,140528,673740085,1352023955
GL842420.1,Chr2_supercontig_000001279,2,17392,673757477,1352041347
GL842421.1,Chr2_supercontig_000001280,2,37992,673795469,1352079339
GL842422.1,Chr2_supercontig_000001281,2,52121,673847590,1352131460
GL842423.1,Chr2_supercontig_000001282,2,75300,673922890,1352206760
GL842424.1,Chr2_supercontig_000001283,2,54601,673977491,1352261361
GL842425.1,Chr2_supercontig_000001284,2,47179,674024670,1352308540
GL842426.1,Chr2_supercontig_000001285,2,51715,674076385,1352360255
GL842427.1,Chr2_supercontig_000001286,2,70825,674147210,1352431080
GL842428.1,Chr2_supercontig_000001287,2,31685,674178895,1352462765
GL842429.1,Chr2_supercontig_000001288,2,13611,674192506,1352476376
GL842430.1,Chr2_supercontig_000001289,2,63833,674256339,1352540209
GL842431.1,Chr2_supercontig_000001290,2,44319,674300658,1352584528
GL842432.1,Chr2_supercontig_000001291,2,99849,674400507,1352684377
GL842433.1,Chr2_supercontig_000001292,2,24645,674425152,1352709022
GL842434.1,Chr2_supercontig_000001293,2,97073,674522225,1352806095
GL842435.1,Chr2_supercontig_000001294,2,202123,674724348,1353008218
GL842436.1,Chr2_supercontig_000001295,2,29053,674753401,1353037271
GL842437.1,Chr2_supercontig_000001296,2,112715,674866116,1353149986
GL842438.1,Chr2_supercontig_000001297,2,3595,674869711,1353153581
GL842439.1,Chr2_supercontig_000001298,2,43788,674913499,1353197369
GL842440.1,Chr2_supercontig_000001299,2,78612,674992111,1353275981
GL842441.1,Chr2_supercontig_000001300,2,57371,675049482,1353333352
GL842442.1,Chr2_supercontig_000001301,2,39318,675088800,1353372670
GL842443.1,Chr2_supercontig_000001302,2,4736,675093536,1353377406
GL842444.1,Chr2_supercontig_000001303,2,27420,675120956,1353404826
GL842445.1,Chr2_supercontig_000001304,2,18650,675139606,1353423476
GL842446.1,Chr2_supercontig_000001305,2,97679,675237285,1353521155
GL842447.1,Chr2_supercontig_000001306,2,173377,675410662,1353694532
GL842448.1,Chr2_supercontig_000001307,2,8170,675418832,1353702702
GL842449.1,Chr2_supercontig_000001308,2,59778,675478610,1353762480
GL842450.1,Chr2_supercontig_000001309,2,19866,675498476,1353782346
GL842451.1,Chr2_supercontig_000001310,2,30326,675528802,1353812672
GL842452.1,Chr2_supercontig_000001311,2,180124,675708926,1353992796
GL842453.1,Chr2_supercontig_000001312,2,115777,675824703,1354108573
GL842454.1,Chr2_supercontig_000001313,2,24931,675849634,1354133504
GL842455.1,Chr2_supercontig_000001314,2,44267,675893901,1354177771
GL842456.1,Chr2_supercontig_000001315,2,87467,675981368,1354265238
GL842457.1,Chr2_supercontig_000001316,2,86773,676068141,1354352011
GL842458.1,Chr2_supercontig_000001317,2,8165,676076306,1354360176
GL842459.1,Chr2_supercontig_000001318,2,65258,676141564,1354425434
GL842460.1,Chr2_supercontig_000001319,2,82594,676224158,1354508028
GL842461.1,Chr2_supercontig_000001320,2,47145,676271303,1354555173
GL842462.1,Chr2_supercontig_000001321,2,74475,676345778,1354629648
GL842463.1,Chr2_supercontig_000001322,2,31427,676377205,1354661075
GL842464.1,Chr2_supercontig_000001323,2,34708,676411913,1354695783
GL842465.1,Chr2_supercontig_000001324,2,51718,676463631,1354747501
GL842466.1,Chr2_supercontig_000001325,2,43844,676507475,1354791345
GL842467.1,Chr2_supercontig_000001326,2,30465,676537940,1354821810
GL842468.1,Chr2_supercontig_000001327,2,273082,676811022,1355094892
GL842469.1,Chr2_supercontig_000001328,2,37490,676848512,1355132382
GL842470.1,Chr2_supercontig_000001329,2,59581,676908093,1355191963
GL842471.1,Chr2_supercontig_000001330,2,40753,676948846,1355232716
GL842472.1,Chr2_supercontig_000001331,2,29089,676977935,1355261805
GL842473.1,Chr2_supercontig_000001332,2,67035,677044970,1355328840
GL842474.1,Chr2_supercontig_000001333,2,110748,677155718,1355439588
GL842475.1,Chr2_supercontig_000001334,2,64233,677219951,1355503821
GL842476.1,Chr2_supercontig_000001335,2,12074,677232025,1355515895
GL842477.1,Chr2_supercontig_000001336,2,27741,677259766,1355543636
GL842478.1,Chr2_supercontig_000001337,2,16737,677276503,1355560373
GL842479.1,Chr2_supercontig_000001338,2,95032,677371535,1355655405
GL842480.1,Chr2_supercontig_000001339,2,73606,677445141,1355729011
GL842481.1,Chr2_supercontig_000001340,2,66419,677511560,1355795430
GL842482.1,Chr2_supercontig_000001341,2,31947,677543507,1355827377
GL842483.1,Chr2_supercontig_000001342,2,6668,677550175,1355834045
GL842484.1,Chr2_supercontig_000001343,2,108627,677658802,1355942672
GL842485.1,Chr2_supercontig_000001344,2,67517,677726319,1356010189
GL842486.1,Chr2_supercontig_000001345,2,57176,677783495,1356067365
GL842487.1,Chr2_supercontig_000001346,2,11695,677795190,1356079060
GL842488.1,Chr2_supercontig_000001347,2,72160,677867350,1356151220
GL842489.1,Chr2_supercontig_000001348,2,23936,677891286,1356175156
GL842490.1,Chr2_supercontig_000001349,2,38110,677929396,1356213266
GL842491.1,Chr2_supercontig_000001350,2,31834,677961230,1356245100
GL842492.1,Chr2_supercontig_000001351,2,23657,677984887,1356268757
GL842493.1,Chr2_supercontig_000001352,2,35417,678020304,1356304174
GL842494.1,Chr2_supercontig_000001353,2,23036,678043340,1356327210
GL842495.1,Chr2_supercontig_000001354,2,239366,678282706,1356566576
GL842496.1,Chr2_supercontig_000001355,2,23629,678306335,1356590205
GL842497.1,Chr2_supercontig_000001356,2,46865,678353200,1356637070
GL842498.1,Chr2_supercontig_000001357,2,46588,678399788,1356683658
GL842499.1,Chr2_supercontig_000001358,2,116986,678516774,1356800644
GL842500.1,Chr2_supercontig_000001359,2,52190,678568964,1356852834
GL842501.1,Chr2_supercontig_000001360,2,65818,678634782,1356918652
GL842502.1,Chr2_supercontig_000001361,2,65206,678699988,1356983858
GL842503.1,Chr2_supercontig_000001362,2,64529,678764517,1357048387
GL842504.1,Chr2_supercontig_000001363,2,27827,678792344,1357076214
GL842505.1,Chr2_supercontig_000001364,2,47997,678840341,1357124211
GL842506.1,Chr2_supercontig_000001365,2,85738,678926079,1357209949
GL842507.1,Chr2_supercontig_000001366,2,81134,679007213,1357291083
GL842508.1,Chr2_supercontig_000001367,2,40137,679047350,1357331220
GL842509.1,Chr2_supercontig_000001368,2,78119,679125469,1357409339
GL842510.1,Chr2_supercontig_000001369,2,131486,679256955,1357540825
GL842511.1,Chr2_supercontig_000001370,2,39423,679296378,1357580248
GL842512.1,Chr2_supercontig_000001371,2,82743,679379121,1357662991
GL842513.1,Chr2_supercontig_000001372,2,123607,679502728,1357786598
GL842514.1,Chr2_supercontig_000001373,2,30141,679532869,1357816739
GL842515.1,Chr2_supercontig_000001374,2,45760,679578629,1357862499
GL842516.1,Chr2_supercontig_000001375,2,17597,679596226,1357880096
GL842517.1,Chr2_supercontig_000001376,2,33530,679629756,1357913626
GL842518.1,Chr2_supercontig_000001377,2,14629,679644385,1357928255
GL842519.1,Chr2_supercontig_000001378,2,26585,679670970,1357954840
GL842520.1,Chr2_supercontig_000001379,2,5060,679676030,1357959900
GL842521.1,Chr2_supercontig_000001380,2,32197,679708227,1357992097
GL842522.1,Chr2_supercontig_000001381,2,32832,679741059,1358024929
GL842523.1,Chr2_supercontig_000001382,2,14384,679755443,1358039313
GL842524.1,Chr2_supercontig_000001383,2,97914,679853357,1358137227
GL842525.1,Chr2_supercontig_000001384,2,187820,680041177,1358325047
GL842526.1,Chr2_supercontig_000001385,2,94584,680135761,1358419631
GL842527.1,Chr2_supercontig_000001386,2,156811,680292572,1358576442
GL842528.1,Chr2_supercontig_000001387,2,27693,680320265,1358604135
GL842529.1,Chr2_supercontig_000001388,2,73973,680394238,1358678108
GL842530.1,Chr2_supercontig_000001389,2,93337,680487575,1358771445
GL842531.1,Chr2_supercontig_000001390,2,15079,680502654,1358786524
GL842532.1,Chr2_supercontig_000001391,2,65302,680567956,1358851826
GL842533.1,Chr2_supercontig_000001392,2,43459,680611415,1358895285
GL842534.1,Chr2_supercontig_000001393,2,51107,680662522,1358946392
GL842535.1,Chr2_supercontig_000001394,2,34071,680696593,1358980463
GL842536.1,Chr2_supercontig_000001395,2,166671,680863264,1359147134
GL842537.1,Chr2_supercontig_000001396,2,22438,680885702,1359169572
GL842538.1,Chr2_supercontig_000001397,2,45538,680931240,1359215110
GL842539.1,Chr2_supercontig_000001398,2,62501,680993741,1359277611
GL842540.1,Chr2_supercontig_000001399,2,90281,681084022,1359367892
GL842541.1,Chr2_supercontig_000001400,2,46846,681130868,1359414738
GL842542.1,Chr2_supercontig_000001401,2,16966,681147834,1359431704
GL842543.1,Chr2_supercontig_000001402,2,47525,681195359,1359479229
GL842544.1,Chr2_supercontig_000001403,2,93888,681289247,1359573117
GL842545.1,Chr2_supercontig_000001404,2,102864,681392111,1359675981
GL842546.1,Chr2_supercontig_000001405,2,59364,681451475,1359735345
GL842547.1,Chr2_supercontig_000001406,2,60370,681511845,1359795715
GL842548.1,Chr2_supercontig_000001407,2,52039,681563884,1359847754
GL842549.1,Chr2_supercontig_000001408,2,46289,681610173,1359894043
GL842550.1,Chr2_supercontig_000001409,2,36427,681646600,1359930470
GL842551.1,Chr2_supercontig_000001410,2,20642,681667242,1359951112
GL842552.1,Chr2_supercontig_000001411,2,15814,681683056,1359966926
GL842553.1,Chr2_supercontig_000001412,2,35465,681718521,1360002391
GL842554.1,Chr2_supercontig_000001413,2,48658,681767179,1360051049
GL842555.1,Chr2_supercontig_000001414,2,54071,681821250,1360105120
GL842556.1,Chr2_supercontig_000001415,2,17113,681838363,1360122233
GL842557.1,Chr2_supercontig_000001416,2,23789,681862152,1360146022
GL842558.1,Chr2_supercontig_000001417,2,61025,681923177,1360207047
GL842559.1,Chr2_supercontig_000001418,2,63695,681986872,1360270742
GL842560.1,Chr2_supercontig_000001419,2,160621,682147493,1360431363
GL842561.1,Chr2_supercontig_000001420,2,40819,682188312,1360472182
GL842562.1,Chr2_supercontig_000001421,2,98066,682286378,1360570248
GL842563.1,Chr2_supercontig_000001422,2,16725,682303103,1360586973
GL842564.1,Chr2_supercontig_000001423,2,6209,682309312,1360593182
GL842565.1,Chr2_supercontig_000001424,2,35377,682344689,1360628559
GL842566.1,Chr2_supercontig_000001425,2,31111,682375800,1360659670
GL842567.1,Chr2_supercontig_000001426,2,33866,682409666,1360693536
GL842568.1,Chr2_supercontig_000001427,2,14761,682424427,1360708297
GL842569.1,Chr2_supercontig_000001428,2,10373,682434800,1360718670
GL842570.1,Chr2_supercontig_000001429,2,9848,682444648,1360728518
GL842571.1,Chr2_supercontig_000001430,2,243421,682688069,1360971939
GL842572.1,Chr2_supercontig_000001431,2,34854,682722923,1361006793
GL842573.1,Chr2_supercontig_000001432,2,47237,682770160,1361054030
GL842574.1,Chr2_supercontig_000001433,2,32873,682803033,1361086903
GL842575.1,Chr2_supercontig_000001434,2,198150,683001183,1361285053
GL842576.1,Chr2_supercontig_000001435,2,243112,683244295,1361528165
GL842577.1,Chr2_supercontig_000001436,2,27618,683271913,1361555783
GL842578.1,Chr2_supercontig_000001437,2,31934,683303847,1361587717
GL842579.1,Chr2_supercontig_000001438,2,61322,683365169,1361649039
GL842580.1,Chr2_supercontig_000001439,2,30697,683395866,1361679736
GL842581.1,Chr2_supercontig_000001440,2,9705,683405571,1361689441
GL842582.1,Chr2_supercontig_000001441,2,37931,683443502,1361727372
GL842583.1,Chr2_supercontig_000001442,2,27967,683471469,1361755339
GL842584.1,Chr2_supercontig_000001443,2,92595,683564064,1361847934
GL842585.1,Chr2_supercontig_000001444,2,55955,683620019,1361903889
GL842586.1,Chr2_supercontig_000001445,2,67359,683687378,1361971248
GL842587.1,Chr2_supercontig_000001446,2,141645,683829023,1362112893
GL842588.1,Chr2_supercontig_000001447,2,76201,683905224,1362189094
GL842589.1,Chr2_supercontig_000001448,2,35784,683941008,1362224878
GL842590.1,Chr2_supercontig_000001449,2,2245,683943253,1362227123
GL842591.1,Chr2_supercontig_000001450,2,64597,684007850,1362291720
GL842592.1,Chr2_supercontig_000001451,2,27954,684035804,1362319674
GL842593.1,Chr2_supercontig_000001452,2,52852,684088656,1362372526
GL842594.1,Chr2_supercontig_000001453,2,32681,684121337,1362405207
GL842595.1,Chr2_supercontig_000001454,2,29000,684150337,1362434207
GL842596.1,Chr2_supercontig_000001455,2,33804,684184141,1362468011
GL842597.1,Chr2_supercontig_000001456,2,51911,684236052,1362519922
GL842598.1,Chr2_supercontig_000001457,2,65792,684301844,1362585714
GL842599.1,Chr2_supercontig_000001458,2,99522,684401366,1362685236
GL842600.1,Chr2_supercontig_000001459,2,23357,684424723,1362708593
GL842601.1,Chr2_supercontig_000001460,2,43769,684468492,1362752362
GL842602.1,Chr2_supercontig_000001461,2,31588,684500080,1362783950
GL842603.1,Chr2_supercontig_000001462,2,65037,684565117,1362848987
GL842604.1,Chr2_supercontig_000001463,2,91586,684656703,1362940573
GL842605.1,Chr2_supercontig_000001464,2,37214,684693917,1362977787
GL842606.1,Chr2_supercontig_000001465,2,98011,684791928,1363075798
GL842607.1,Chr2_supercontig_000001466,2,56688,684848616,1363132486
GL842608.1,Chr2_supercontig_000001467,2,79351,684927967,1363211837
GL842609.1,Chr2_supercontig_000001468,2,41739,684969706,1363253576
GL842610.1,Chr2_supercontig_000001469,2,37521,685007227,1363291097
GL842611.1,Chr2_supercontig_000001470,2,65031,685072258,1363356128
GL842612.1,Chr2_supercontig_000001471,2,137625,685209883,1363493753
GL842613.1,Chr2_supercontig_000001472,2,52649,685262532,1363546402
GL842614.1,Chr2_supercontig_000001473,2,172199,685434731,1363718601
GL842615.1,Chr2_supercontig_000001474,2,80260,685514991,1363798861
GL842616.1,Chr2_supercontig_000001475,2,62770,685577761,1363861631
GL842617.1,Chr2_supercontig_000001476,2,46908,685624669,1363908539
GL842618.1,Chr2_supercontig_000001477,2,54389,685679058,1363962928
GL842619.1,Chr2_supercontig_000001478,2,108207,685787265,1364071135
GL842620.1,Chr2_supercontig_000001479,2,19909,685807174,1364091044
GL842621.1,Chr2_supercontig_000001480,2,36552,685843726,1364127596
GL842622.1,Chr2_supercontig_000001481,2,31751,685875477,1364159347
GL842623.1,Chr2_supercontig_000001482,2,121594,685997071,1364280941
GL842624.1,Chr2_supercontig_000001483,2,39232,686036303,1364320173
GL842625.1,Chr2_supercontig_000001484,2,72510,686108813,1364392683
GL842626.1,Chr2_supercontig_000001485,2,105620,686214433,1364498303
GL842627.1,Chr2_supercontig_000001486,2,123905,686338338,1364622208
GL842628.1,Chr2_supercontig_000001487,2,44441,686382779,1364666649
GL842629.1,Chr2_supercontig_000001488,2,297103,686679882,1364963752
GL842630.1,Chr2_supercontig_000001489,2,30733,686710615,1364994485
GL842631.1,Chr2_supercontig_000001490,2,47233,686757848,1365041718
GL842632.1,Chr2_supercontig_000001491,2,18442,686776290,1365060160
GL842633.1,Chr2_supercontig_000001492,2,30199,686806489,1365090359
GL842634.1,Chr2_supercontig_000001493,2,61252,686867741,1365151611
GL842635.1,Chr2_supercontig_000001494,2,75134,686942875,1365226745
GL842636.1,Chr2_supercontig_000001495,2,64830,687007705,1365291575
GL842637.1,Chr2_supercontig_000001496,2,58564,687066269,1365350139
GL842638.1,Chr2_supercontig_000001497,2,164487,687230756,1365514626
GL842639.1,Chr2_supercontig_000001498,2,58725,687289481,1365573351
GL842640.1,Chr2_supercontig_000001499,2,105238,687394719,1365678589
GL842641.1,Chr2_supercontig_000001500,2,13237,687407956,1365691826
GL842642.1,Chr2_supercontig_000001501,2,51419,687459375,1365743245
GL842643.1,Chr2_supercontig_000001502,2,18183,687477558,1365761428
GL842644.1,Chr2_supercontig_000001503,2,38857,687516415,1365800285
GL842645.1,Chr2_supercontig_000001504,2,33672,687550087,1365833957
GL842646.1,Chr2_supercontig_000001505,2,30486,687580573,1365864443
GL842647.1,Chr2_supercontig_000001506,2,92176,687672749,1365956619
GL842648.1,Chr2_supercontig_000001507,2,33118,687705867,1365989737
GL842649.1,Chr2_supercontig_000001508,2,89991,687795858,1366079728
GL842650.1,Chr2_supercontig_000001509,2,39406,687835264,1366119134
GL842651.1,Chr2_supercontig_000001510,2,99690,687934954,1366218824
GL842652.1,Chr2_supercontig_000001511,2,28892,687963846,1366247716
GL842653.1,Chr2_supercontig_000001512,2,68330,688032176,1366316046
GL842654.1,Chr2_supercontig_000001513,2,55975,688088151,1366372021
GL842655.1,Chr2_supercontig_000001514,2,58420,688146571,1366430441
GL842656.1,Chr2_supercontig_000001515,2,4500,688151071,1366434941
GL842657.1,Chr2_supercontig_000001516,2,38904,688189975,1366473845
GL842658.1,Chr2_supercontig_000001517,2,58677,688248652,1366532522
GL842659.1,Chr2_supercontig_000001518,2,45663,688294315,1366578185
GL842660.1,Chr2_supercontig_000001519,2,41744,688336059,1366619929
GL842661.1,Chr2_supercontig_000001520,2,38113,688374172,1366658042
GL842662.1,Chr2_supercontig_000001521,2,33931,688408103,1366691973
GL842663.1,Chr2_supercontig_000001522,2,31573,688439676,1366723546
GL842664.1,Chr2_supercontig_000001523,2,113534,688553210,1366837080
GL842665.1,Chr2_supercontig_000001524,2,9353,688562563,1366846433
GL842666.1,Chr2_supercontig_000001525,2,107695,688670258,1366954128
GL842667.1,Chr2_supercontig_000001526,2,49874,688720132,1367004002
GL842668.1,Chr2_supercontig_000001527,2,62767,688782899,1367066769
GL842669.1,Chr2_supercontig_000001528,2,42018,688824917,1367108787
GL842670.1,Chr2_supercontig_000001529,2,24166,688849083,1367132953
GL842671.1,Chr2_supercontig_000001530,2,51149,688900232,1367184102
GL842672.1,Chr2_supercontig_000001531,2,59476,688959708,1367243578
GL842673.1,Chr2_supercontig_000001532,2,20012,688979720,1367263590
GL842674.1,Chr2_supercontig_000001533,2,106207,689085927,1367369797
GL842675.1,Chr2_supercontig_000001534,2,73899,689159826,1367443696
GL842676.1,Chr2_supercontig_000001535,2,16040,689175866,1367459736
GL842677.1,Chr2_supercontig_000001536,2,79206,689255072,1367538942
GL842678.1,Chr2_supercontig_000001537,2,99793,689354865,1367638735
GL842679.1,Chr2_supercontig_000001538,2,48570,689403435,1367687305
GL842680.1,Chr2_supercontig_000001539,2,208134,689611569,1367895439
GL842681.1,Chr2_supercontig_000001540,2,31002,689642571,1367926441
GL842682.1,Chr2_supercontig_000001541,2,71324,689713895,1367997765
GL842683.1,Chr2_supercontig_000001542,2,37216,689751111,1368034981
GL842684.1,Chr2_supercontig_000001543,2,41329,689792440,1368076310
GL842685.1,Chr2_supercontig_000001544,2,71280,689863720,1368147590
GL842686.1,Chr2_supercontig_000001545,2,64320,689928040,1368211910
GL842687.1,Chr2_supercontig_000001546,2,8555,689936595,1368220465
GL842688.1,Chr2_supercontig_000001547,2,20324,689956919,1368240789
GL842689.1,Chr2_supercontig_000001548,2,136387,690093306,1368377176
GL842690.1,Chr2_supercontig_000001549,2,37148,690130454,1368414324
GL842691.1,Chr2_supercontig_000001550,2,78473,690208927,1368492797
GL842692.1,Chr2_supercontig_000001551,2,146303,690355230,1368639100
GL842693.1,Chr2_supercontig_000001552,2,13074,690368304,1368652174
GL842694.1,Chr2_supercontig_000001553,2,31683,690399987,1368683857
GL842695.1,Chr2_supercontig_000001554,2,41264,690441251,1368725121
GL842696.1,Chr2_supercontig_000001555,2,55938,690497189,1368781059
GL842697.1,Chr2_supercontig_000001556,2,46587,690543776,1368827646
GL842698.1,Chr2_supercontig_000001557,2,30657,690574433,1368858303
GL842699.1,Chr2_supercontig_000001558,2,28061,690602494,1368886364
GL842700.1,Chr2_supercontig_000001559,2,66942,690669436,1368953306
GL842701.1,Chr2_supercontig_000001560,2,52764,690722200,1369006070
GL842702.1,Chr2_supercontig_000001561,2,57636,690779836,1369063706
GL842703.1,Chr2_supercontig_000001562,2,68560,690848396,1369132266
GL842704.1,Chr2_supercontig_000001563,2,66736,690915132,1369199002
GL842705.1,Chr2_supercontig_000001564,2,40475,690955607,1369239477
GL842706.1,Chr2_supercontig_000001565,2,29160,690984767,1369268637
GL842707.1,Chr2_supercontig_000001566,2,32460,691017227,1369301097
GL842708.1,Chr2_supercontig_000001567,2,55574,691072801,1369356671
GL842709.1,Chr2_supercontig_000001568,2,87217,691160018,1369443888
GL842710.1,Chr2_supercontig_000001569,2,109455,691269473,1369553343
GL842711.1,Chr2_supercontig_000001570,2,24460,691293933,1369577803
GL842712.1,Chr2_supercontig_000001571,2,12718,691306651,1369590521
GL842713.1,Chr2_supercontig_000001572,2,43367,691350018,1369633888
GL842714.1,Chr2_supercontig_000001573,2,15464,691365482,1369649352
GL842715.1,Chr2_supercontig_000001574,2,87055,691452537,1369736407
GL842716.1,Chr2_supercontig_000001575,2,57027,691509564,1369793434
GL842717.1,Chr2_supercontig_000001576,2,76183,691585747,1369869617
GL842718.1,Chr2_supercontig_000001577,2,87737,691673484,1369957354
GL842719.1,Chr2_supercontig_000001578,2,23362,691696846,1369980716
GL842720.1,Chr2_supercontig_000001579,2,147288,691844134,1370128004
GL842721.1,Chr2_supercontig_000001580,2,100756,691944890,1370228760
GL842722.1,Chr2_supercontig_000001581,2,102705,692047595,1370331465
GL842723.1,Chr2_supercontig_000001582,2,83374,692130969,1370414839
GL842724.1,Chr2_supercontig_000001583,2,38804,692169773,1370453643
GL842725.1,Chr2_supercontig_000001584,2,37460,692207233,1370491103
GL842726.1,Chr2_supercontig_000001585,2,63704,692270937,1370554807
GL842727.1,Chr2_supercontig_000001586,2,101276,692372213,1370656083
GL842728.1,Chr2_supercontig_000001587,2,24059,692396272,1370680142
GL842729.1,Chr2_supercontig_000001588,2,8311,692404583,1370688453
GL842730.1,Chr2_supercontig_000001589,2,63128,692467711,1370751581
GL842731.1,Chr2_supercontig_000001590,2,74721,692542432,1370826302
GL842732.1,Chr2_supercontig_000001591,2,31044,692573476,1370857346
GL842733.1,Chr2_supercontig_000001592,2,61112,692634588,1370918458
GL842734.1,Chr2_supercontig_000001593,2,44060,692678648,1370962518
GL842735.1,Chr2_supercontig_000001594,2,62916,692741564,1371025434
GL842736.1,Chr2_supercontig_000001595,2,88129,692829693,1371113563
GL842737.1,Chr2_supercontig_000001596,2,40779,692870472,1371154342
GL842738.1,Chr2_supercontig_000001597,2,10623,692881095,1371164965
GL842739.1,Chr2_supercontig_000001598,2,54621,692935716,1371219586
GL842740.1,Chr2_supercontig_000001599,2,50333,692986049,1371269919
GL842741.1,Chr2_supercontig_000001600,2,26854,693012903,1371296773
GL842742.1,Chr2_supercontig_000001601,2,54175,693067078,1371350948
GL842743.1,Chr2_supercontig_000001602,2,26330,693093408,1371377278
GL842744.1,Chr2_supercontig_000001603,2,35706,693129114,1371412984
GL842745.1,Chr2_supercontig_000001604,2,54068,693183182,1371467052
GL842746.1,Chr2_supercontig_000001605,2,57662,693240844,1371524714
GL842747.1,Chr2_supercontig_000001606,2,11455,693252299,1371536169
GL842748.1,Chr2_supercontig_000001607,2,7400,693259699,1371543569
GL842749.1,Chr2_supercontig_000001608,2,69949,693329648,1371613518
GL842750.1,Chr2_supercontig_000001609,2,92578,693422226,1371706096
GL842751.1,Chr2_supercontig_000001610,2,43758,693465984,1371749854
GL842752.1,Chr2_supercontig_000001611,2,36790,693502774,1371786644
GL842753.1,Chr2_supercontig_000001612,2,35396,693538170,1371822040
GL842754.1,Chr2_supercontig_000001613,2,62686,693600856,1371884726
GL842755.1,Chr2_supercontig_000001614,2,17111,693617967,1371901837
GL842756.1,Chr2_supercontig_000001615,2,90574,693708541,1371992411
GL842757.1,Chr2_supercontig_000001616,2,48344,693756885,1372040755
GL842758.1,Chr2_supercontig_000001617,2,1887,693758772,1372042642
GL842759.1,Chr2_supercontig_000001618,2,32000,693790772,1372074642
GL842760.1,Chr2_supercontig_000001619,2,25244,693816016,1372099886
GL842761.1,Chr2_supercontig_000001620,2,65164,693881180,1372165050
GL842762.1,Chr2_supercontig_000001621,2,49590,693930770,1372214640
GL842763.1,Chr2_supercontig_000001622,2,44261,693975031,1372258901
GL842764.1,Chr2_supercontig_000001623,2,13426,693988457,1372272327
GL842765.1,Chr2_supercontig_000001624,2,59719,694048176,1372332046
GL842766.1,Chr2_supercontig_000001625,2,74576,694122752,1372406622
GL842767.1,Chr2_supercontig_000001626,2,40326,694163078,1372446948
GL842768.1,Chr2_supercontig_000001627,2,13838,694176916,1372460786
GL842769.1,Chr2_supercontig_000001628,2,64946,694241862,1372525732
GL842770.1,Chr2_supercontig_000001629,2,40076,694281938,1372565808
GL842771.1,Chr2_supercontig_000001630,2,21606,694303544,1372587414
GL842772.1,Chr2_supercontig_000001631,2,19539,694323083,1372606953
GL842773.1,Chr2_supercontig_000001632,2,38397,694361480,1372645350
GL842774.1,Chr2_supercontig_000001633,2,55939,694417419,1372701289
GL842775.1,Chr2_supercontig_000001634,2,65283,694482702,1372766572
GL842776.1,Chr2_supercontig_000001635,2,28556,694511258,1372795128
GL842777.1,Chr2_supercontig_000001636,2,43950,694555208,1372839078
GL842778.1,Chr2_supercontig_000001637,2,48056,694603264,1372887134
GL842779.1,Chr2_supercontig_000001638,2,49704,694652968,1372936838
GL842780.1,Chr2_supercontig_000001639,2,23742,694676710,1372960580
GL842781.1,Chr2_supercontig_000001640,2,42487,694719197,1373003067
GL842782.1,Chr2_supercontig_000001641,2,24515,694743712,1373027582
GL842783.1,Chr2_supercontig_000001642,2,29684,694773396,1373057266
GL842784.1,Chr2_supercontig_000001643,2,26621,694800017,1373083887
GL842785.1,Chr2_supercontig_000001644,2,87532,694887549,1373171419
GL842786.1,Chr2_supercontig_000001645,2,14895,694902444,1373186314
GL842787.1,Chr2_supercontig_000001646,2,21481,694923925,1373207795
GL842788.1,Chr2_supercontig_000001647,2,37676,694961601,1373245471
GL842789.1,Chr2_supercontig_000001648,2,97271,695058872,1373342742
GL842790.1,Chr2_supercontig_000001649,2,29874,695088746,1373372616
GL842791.1,Chr2_supercontig_000001650,2,14397,695103143,1373387013
GL842792.1,Chr2_supercontig_000001651,2,78959,695182102,1373465972
GL842793.1,Chr2_supercontig_000001652,2,13707,695195809,1373479679
GL842794.1,Chr2_supercontig_000001653,2,68320,695264129,1373547999
GL842795.1,Chr2_supercontig_000001654,2,72921,695337050,1373620920
GL842796.1,Chr2_supercontig_000001655,2,21822,695358872,1373642742
GL842797.1,Chr2_supercontig_000001656,2,66843,695425715,1373709585
GL842798.1,Chr2_supercontig_000001657,2,73394,695499109,1373782979
GL842799.1,Chr2_supercontig_000001658,2,27902,695527011,1373810881
GL842800.1,Chr2_supercontig_000001659,2,17158,695544169,1373828039
GL842801.1,Chr2_supercontig_000001660,2,56862,695601031,1373884901
GL842802.1,Chr2_supercontig_000001661,2,18706,695619737,1373903607
GL842803.1,Chr2_supercontig_000001662,2,39896,695659633,1373943503
GL842804.1,Chr2_supercontig_000001663,2,97150,695756783,1374040653
GL842805.1,Chr2_supercontig_000001664,2,3774,695760557,1374044427
GL842806.1,Chr2_supercontig_000001665,2,71397,695831954,1374115824
GL842807.1,Chr2_supercontig_000001666,2,51790,695883744,1374167614
GL842808.1,Chr2_supercontig_000001667,2,243336,696127080,1374410950
GL842809.1,Chr2_supercontig_000001668,2,19610,696146690,1374430560
GL842810.1,Chr2_supercontig_000001669,2,104584,696251274,1374535144
GL842811.1,Chr2_supercontig_000001670,2,54065,696305339,1374589209
GL842812.1,Chr2_supercontig_000001671,2,32206,696337545,1374621415
GL842813.1,Chr2_supercontig_000001672,2,9952,696347497,1374631367
GL842814.1,Chr2_supercontig_000001673,2,38881,696386378,1374670248
GL842815.1,Chr2_supercontig_000001674,2,47574,696433952,1374717822
GL842816.1,Chr2_supercontig_000001675,2,33788,696467740,1374751610
GL842817.1,Chr2_supercontig_000001676,2,21713,696489453,1374773323
GL842818.1,Chr2_supercontig_000001677,2,17474,696506927,1374790797
GL842819.1,Chr2_supercontig_000001678,2,22644,696529571,1374813441
GL842820.1,Chr2_supercontig_000001679,2,38011,696567582,1374851452
GL842821.1,Chr2_supercontig_000001680,2,7556,696575138,1374859008
GL842822.1,Chr2_supercontig_000001681,2,84093,696659231,1374943101
GL842823.1,Chr2_supercontig_000001682,2,77808,696737039,1375020909
GL842824.1,Chr2_supercontig_000001683,2,12101,696749140,1375033010
GL842825.1,Chr2_supercontig_000001684,2,13467,696762607,1375046477
GL842826.1,Chr2_supercontig_000001685,2,35205,696797812,1375081682
GL842827.1,Chr2_supercontig_000001686,2,22044,696819856,1375103726
GL842828.1,Chr2_supercontig_000001687,2,137181,696957037,1375240907
GL842829.1,Chr2_supercontig_000001688,2,24643,696981680,1375265550
GL842830.1,Chr2_supercontig_000001689,2,51004,697032684,1375316554
GL842831.1,Chr2_supercontig_000001690,2,40608,697073292,1375357162
GL842832.1,Chr2_supercontig_000001691,2,39968,697113260,1375397130
GL842833.1,Chr2_supercontig_000001692,2,33860,697147120,1375430990
GL842834.1,Chr2_supercontig_000001693,2,64997,697212117,1375495987
GL842835.1,Chr2_supercontig_000001694,2,44989,697257106,1375540976
GL842836.1,Chr2_supercontig_000001695,2,32998,697290104,1375573974
GL842837.1,Chr2_supercontig_000001696,2,34391,697324495,1375608365
GL842838.1,Chr2_supercontig_000001697,2,16973,697341468,1375625338
GL842839.1,Chr2_supercontig_000001698,2,10829,697352297,1375636167
GL842840.1,Chr2_supercontig_000001699,2,29337,697381634,1375665504
GL842841.1,Chr2_supercontig_000001700,2,53584,697435218,1375719088
GL842842.1,Chr2_supercontig_000001701,2,64362,697499580,1375783450
GL842843.1,Chr2_supercontig_000001702,2,41172,697540752,1375824622
GL842844.1,Chr2_supercontig_000001703,2,49296,697590048,1375873918
GL842845.1,Chr2_supercontig_000001704,2,11785,697601833,1375885703
GL842846.1,Chr2_supercontig_000001705,2,149959,697751792,1376035662
GL842847.1,Chr2_supercontig_000001706,2,95859,697847651,1376131521
GL842848.1,Chr2_supercontig_000001707,2,55899,697903550,1376187420
GL842849.1,Chr2_supercontig_000001708,2,61104,697964654,1376248524
GL842850.1,Chr2_supercontig_000001709,2,52486,698017140,1376301010
GL842851.1,Chr2_supercontig_000001710,2,151429,698168569,1376452439
GL842852.1,Chr2_supercontig_000001711,2,28199,698196768,1376480638
GL842853.1,Chr2_supercontig_000001712,2,71313,698268081,1376551951
GL842854.1,Chr2_supercontig_000001713,2,53880,698321961,1376605831
GL842855.1,Chr2_supercontig_000001714,2,21007,698342968,1376626838
GL842856.1,Chr2_supercontig_000001715,2,35346,698378314,1376662184
GL842857.1,Chr2_supercontig_000001716,2,37997,698416311,1376700181
GL842858.1,Chr2_supercontig_000001717,2,47395,698463706,1376747576
GL842859.1,Chr2_supercontig_000001718,2,72005,698535711,1376819581
GL842860.1,Chr2_supercontig_000001719,2,6662,698542373,1376826243
GL842861.1,Chr2_supercontig_000001720,2,64748,698607121,1376890991
GL842862.1,Chr2_supercontig_000001721,2,47811,698654932,1376938802
GL842863.1,Chr2_supercontig_000001722,2,26713,698681645,1376965515
GL842864.1,Chr2_supercontig_000001723,2,38907,698720552,1377004422
GL842865.1,Chr2_supercontig_000001724,2,37065,698757617,1377041487
GL842866.1,Chr2_supercontig_000001725,2,107703,698865320,1377149190
GL842867.1,Chr2_supercontig_000001726,2,53647,698918967,1377202837
GL842868.1,Chr2_supercontig_000001727,2,44274,698963241,1377247111
GL842869.1,Chr2_supercontig_000001728,2,24599,698987840,1377271710
GL842870.1,Chr2_supercontig_000001729,2,24072,699011912,1377295782
GL842871.1,Chr2_supercontig_000001730,2,6645,699018557,1377302427
GL842872.1,Chr2_supercontig_000001731,2,126369,699144926,1377428796
GL842873.1,Chr2_supercontig_000001732,2,47019,699191945,1377475815
GL842874.1,Chr2_supercontig_000001733,2,28675,699220620,1377504490
GL842875.1,Chr2_supercontig_000001734,2,45756,699266376,1377550246
GL842876.1,Chr2_supercontig_000001735,2,18801,699285177,1377569047
GL842877.1,Chr2_supercontig_000001736,2,26929,699312106,1377595976
GL842878.1,Chr2_supercontig_000001737,2,33720,699345826,1377629696
GL842879.1,Chr2_supercontig_000001738,2,32566,699378392,1377662262
GL842880.1,Chr2_supercontig_000001739,2,20800,699399192,1377683062
GL842881.1,Chr2_supercontig_000001740,2,7482,699406674,1377690544
GL842882.1,Chr2_supercontig_000001741,2,10337,699417011,1377700881
GL842883.1,Chr2_supercontig_000001742,2,17296,699434307,1377718177
GL842884.1,Chr2_supercontig_000001743,2,53892,699488199,1377772069
GL842885.1,Chr2_supercontig_000001744,2,71330,699559529,1377843399
GL842886.1,Chr2_supercontig_000001745,2,19820,699579349,1377863219
GL842887.1,Chr2_supercontig_000001746,2,103526,699682875,1377966745
GL842888.1,Chr2_supercontig_000001747,2,49780,699732655,1378016525
GL842889.1,Chr2_supercontig_000001748,2,32845,699765500,1378049370
GL842890.1,Chr2_supercontig_000001749,2,44617,699810117,1378093987
GL842891.1,Chr2_supercontig_000001750,2,31916,699842033,1378125903
GL842892.1,Chr2_supercontig_000001751,2,25204,699867237,1378151107
GL842893.1,Chr2_supercontig_000001752,2,118308,699985545,1378269415
GL842894.1,Chr2_supercontig_000001753,2,33579,700019124,1378302994
GL842895.1,Chr2_supercontig_000001754,2,18382,700037506,1378321376
GL842896.1,Chr2_supercontig_000001755,2,70023,700107529,1378391399
GL842897.1,Chr2_supercontig_000001756,2,40345,700147874,1378431744
GL842898.1,Chr2_supercontig_000001757,2,9511,700157385,1378441255
GL842899.1,Chr2_supercontig_000001758,2,25057,700182442,1378466312
GL842900.1,Chr2_supercontig_000001759,2,55079,700237521,1378521391
GL842901.1,Chr2_supercontig_000001760,2,36238,700273759,1378557629
GL842902.1,Chr2_supercontig_000001761,2,88772,700362531,1378646401
GL842903.1,Chr2_supercontig_000001762,2,36677,700399208,1378683078
GL842904.1,Chr2_supercontig_000001763,2,20667,700419875,1378703745
GL842905.1,Chr2_supercontig_000001764,2,77547,700497422,1378781292
GL842906.1,Chr2_supercontig_000001765,2,49830,700547252,1378831122
GL842907.1,Chr2_supercontig_000001766,2,21140,700568392,1378852262
GL842908.1,Chr2_supercontig_000001767,2,25857,700594249,1378878119
GL842909.1,Chr2_supercontig_000001768,2,10190,700604439,1378888309
GL842910.1,Chr2_supercontig_000001769,2,38931,700643370,1378927240
GL842911.1,Chr2_supercontig_000001770,2,9288,700652658,1378936528
GL842912.1,Chr2_supercontig_000001771,2,22020,700674678,1378958548
GL842913.1,Chr2_supercontig_000001772,2,12898,700687576,1378971446
GL842914.1,Chr2_supercontig_000001773,2,42063,700729639,1379013509
GL842915.1,Chr2_supercontig_000001774,2,14022,700743661,1379027531
GL842916.1,Chr2_supercontig_000001775,2,55515,700799176,1379083046
GL842917.1,Chr2_supercontig_000001776,2,16349,700815525,1379099395
GL842918.1,Chr2_supercontig_000001777,2,14553,700830078,1379113948
GL842919.1,Chr2_supercontig_000001778,2,26352,700856430,1379140300
GL842920.1,Chr2_supercontig_000001779,2,50846,700907276,1379191146
GL842921.1,Chr2_supercontig_000001780,2,55799,700963075,1379246945
GL842922.1,Chr2_supercontig_000001781,2,73630,701036705,1379320575
GL842923.1,Chr2_supercontig_000001782,2,30301,701067006,1379350876
GL842924.1,Chr2_supercontig_000001783,2,40427,701107433,1379391303
GL842925.1,Chr2_supercontig_000001784,2,73925,701181358,1379465228
GL842926.1,Chr2_supercontig_000001785,2,12585,701193943,1379477813
GL842927.1,Chr2_supercontig_000001786,2,8471,701202414,1379486284
GL842928.1,Chr2_supercontig_000001787,2,4128,701206542,1379490412
GL842929.1,Chr2_supercontig_000001788,2,39586,701246128,1379529998
GL842930.1,Chr2_supercontig_000001789,2,44726,701290854,1379574724
GL842931.1,Chr2_supercontig_000001790,2,31994,701322848,1379606718
GL842932.1,Chr2_supercontig_000001791,2,17068,701339916,1379623786
GL842933.1,Chr2_supercontig_000001792,2,18702,701358618,1379642488
GL842934.1,Chr2_supercontig_000001793,2,41979,701400597,1379684467
GL842935.1,Chr2_supercontig_000001794,2,87228,701487825,1379771695
GL842936.1,Chr2_supercontig_000001795,2,38330,701526155,1379810025
GL842937.1,Chr2_supercontig_000001796,2,18221,701544376,1379828246
GL842938.1,Chr2_supercontig_000001797,2,50071,701594447,1379878317
GL842939.1,Chr2_supercontig_000001798,2,52656,701647103,1379930973
GL842940.1,Chr2_supercontig_000001799,2,11610,701658713,1379942583
GL842941.1,Chr2_supercontig_000001800,2,49081,701707794,1379991664
GL842942.1,Chr2_supercontig_000001801,2,24287,701732081,1380015951
GL842943.1,Chr2_supercontig_000001802,2,18337,701750418,1380034288
GL842944.1,Chr2_supercontig_000001803,2,37291,701787709,1380071579
GL842945.1,Chr2_supercontig_000001804,2,5683,701793392,1380077262
GL842946.1,Chr2_supercontig_000001805,2,13916,701807308,1380091178
GL842947.1,Chr2_supercontig_000001806,2,7029,701814337,1380098207
GL842948.1,Chr2_supercontig_000001807,2,27466,701841803,1380125673
GL842949.1,Chr2_supercontig_000001808,2,15296,701857099,1380140969
GL842950.1,Chr2_supercontig_000001809,2,62618,701919717,1380203587
GL842951.1,Chr2_supercontig_000001810,2,83847,702003564,1380287434
GL842952.1,Chr2_supercontig_000001811,2,34651,702038215,1380322085
GL842953.1,Chr2_supercontig_000001812,2,29888,702068103,1380351973
GL842954.1,Chr2_supercontig_000001813,2,30539,702098642,1380382512
GL842955.1,Chr2_supercontig_000001814,2,26761,702125403,1380409273
GL842956.1,Chr2_supercontig_000001815,2,47593,702172996,1380456866
GL842957.1,Chr2_supercontig_000001816,2,40929,702213925,1380497795
GL842958.1,Chr2_supercontig_000001817,2,40864,702254789,1380538659
GL842959.1,Chr2_supercontig_000001818,2,37309,702292098,1380575968
GL842960.1,Chr2_supercontig_000001819,2,43655,702335753,1380619623
GL842961.1,Chr2_supercontig_000001820,2,27704,702363457,1380647327
GL842962.1,Chr2_supercontig_000001821,2,13409,702376866,1380660736
GL842963.1,Chr2_supercontig_000001822,2,38882,702415748,1380699618
GL842964.1,Chr2_supercontig_000001823,2,25521,702441269,1380725139
GL842965.1,Chr2_supercontig_000001824,2,56179,702497448,1380781318
GL842966.1,Chr2_supercontig_000001825,2,17372,702514820,1380798690
GL842967.1,Chr2_supercontig_000001826,2,10253,702525073,1380808943
GL842968.1,Chr2_supercontig_000001827,2,27490,702552563,1380836433
GL842969.1,Chr2_supercontig_000001828,2,37105,702589668,1380873538
GL842970.1,Chr2_supercontig_000001829,2,13261,702602929,1380886799
GL842971.1,Chr2_supercontig_000001830,2,19049,702621978,1380905848
GL842972.1,Chr2_supercontig_000001831,2,8278,702630256,1380914126
GL842973.1,Chr2_supercontig_000001832,2,12227,702642483,1380926353
GL842974.1,Chr2_supercontig_000001833,2,20321,702662804,1380946674
GL842975.1,Chr2_supercontig_000001834,2,42400,702705204,1380989074
GL842976.1,Chr2_supercontig_000001835,2,11566,702716770,1381000640
GL842977.1,Chr2_supercontig_000001836,2,9441,702726211,1381010081
GL842978.1,Chr2_supercontig_000001837,2,28584,702754795,1381038665
GL842979.1,Chr2_supercontig_000001838,2,26818,702781613,1381065483
GL842980.1,Chr2_supercontig_000001839,2,28343,702809956,1381093826
GL842981.1,Chr2_supercontig_000001840,2,25347,702835303,1381119173
GL842982.1,Chr2_supercontig_000001841,2,5745,702841048,1381124918
GL842983.1,Chr2_supercontig_000001842,2,17354,702858402,1381142272
GL842984.1,Chr2_supercontig_000001843,2,25175,702883577,1381167447
GL842985.1,Chr2_supercontig_000001844,2,35997,702919574,1381203444
GL842986.1,Chr2_supercontig_000001845,2,37061,702956635,1381240505
GL842987.1,Chr2_supercontig_000001846,2,9299,702965934,1381249804
GL842988.1,Chr2_supercontig_000001847,2,15622,702981556,1381265426
GL842989.1,Chr2_supercontig_000001848,2,16655,702998211,1381282081
GL842990.1,Chr2_supercontig_000001849,2,29574,703027785,1381311655
GL842991.1,Chr2_supercontig_000001850,2,18905,703046690,1381330560
GL842992.1,Chr2_supercontig_000001851,2,21726,703068416,1381352286
GL842993.1,Chr2_supercontig_000001852,2,48982,703117398,1381401268
GL842994.1,Chr2_supercontig_000001853,2,8020,703125418,1381409288
GL842995.1,Chr2_supercontig_000001854,2,41386,703166804,1381450674
GL842996.1,Chr2_supercontig_000001855,2,11991,703178795,1381462665
GL842997.1,Chr2_supercontig_000001856,2,23194,703201989,1381485859
GL842998.1,Chr2_supercontig_000001857,2,3452,703205441,1381489311
GL842999.1,Chr2_supercontig_000001858,2,36742,703242183,1381526053
GL843000.1,Chr2_supercontig_000001859,2,37244,703279427,1381563297
GL843001.1,Chr2_supercontig_000001860,2,25982,703305409,1381589279
GL843002.1,Chr2_supercontig_000001861,2,25562,703330971,1381614841
GL843003.1,Chr2_supercontig_000001862,2,16675,703347646,1381631516
GL843004.1,Chr2_supercontig_000001863,2,28481,703376127,1381659997
GL843005.1,Chr2_supercontig_000001864,2,29233,703405360,1381689230
GL843006.1,Chr2_supercontig_000001865,2,1756,703407116,1381690986
GL843007.1,Chr2_supercontig_000001866,2,26984,703434100,1381717970
GL843008.1,Chr2_supercontig_000001867,2,38107,703472207,1381756077
GL843009.1,Chr2_supercontig_000001868,2,30046,703502253,1381786123
GL843010.1,Chr2_supercontig_000001869,2,30386,703532639,1381816509
GL843011.1,Chr2_supercontig_000001870,2,3497,703536136,1381820006
GL843012.1,Chr2_supercontig_000001871,2,49501,703585637,1381869507
GL843013.1,Chr2_supercontig_000001872,2,45522,703631159,1381915029
GL843014.1,Chr2_supercontig_000001873,2,11802,703642961,1381926831
GL843015.1,Chr2_supercontig_000001874,2,10482,703653443,1381937313
GL843016.1,Chr2_supercontig_000001875,2,55159,703708602,1381992472
GL843017.1,Chr2_supercontig_000001876,2,17089,703725691,1382009561
GL843018.1,Chr2_supercontig_000001877,2,16774,703742465,1382026335
GL843019.1,Chr2_supercontig_000001878,2,49667,703792132,1382076002
GL843020.1,Chr2_supercontig_000001879,2,44131,703836263,1382120133
GL843021.1,Chr2_supercontig_000001880,2,17600,703853863,1382137733
GL843022.1,Chr2_supercontig_000001881,2,14541,703868404,1382152274
GL843023.1,Chr2_supercontig_000001882,2,14005,703882409,1382166279
GL843024.1,Chr2_supercontig_000001883,2,67822,703950231,1382234101
GL843025.1,Chr2_supercontig_000001884,2,9839,703960070,1382243940
GL843026.1,Chr2_supercontig_000001885,2,3563,703963633,1382247503
GL843027.1,Chr2_supercontig_000001886,2,44999,704008632,1382292502
GL843028.1,Chr2_supercontig_000001887,2,105477,704114109,1382397979
GL843029.1,Chr2_supercontig_000001888,2,46910,704161019,1382444889
GL843030.1,Chr2_supercontig_000001889,2,47284,704208303,1382492173
GL843031.1,Chr2_supercontig_000001890,2,23061,704231364,1382515234
GL843032.1,Chr2_supercontig_000001891,2,90586,704321950,1382605820
GL843033.1,Chr2_supercontig_000001892,2,73556,704395506,1382679376
GL843034.1,Chr2_supercontig_000001893,2,45988,704441494,1382725364
GL843035.1,Chr2_supercontig_000001894,2,1593,704443087,1382726957
GL843036.1,Chr2_supercontig_000001895,2,18598,704461685,1382745555
GL843037.1,Chr2_supercontig_000001896,2,58589,704520274,1382804144
GL843038.1,Chr2_supercontig_000001897,2,2020,704522294,1382806164
GL843039.1,Chr2_supercontig_000001898,2,15779,704538073,1382821943
GL843040.1,Chr2_supercontig_000001899,2,11648,704549721,1382833591
GL843041.1,Chr2_supercontig_000001900,2,36410,704586131,1382870001
GL843042.1,Chr2_supercontig_000001901,2,13784,704599915,1382883785
GL843043.1,Chr2_supercontig_000001902,2,17238,704617153,1382901023
GL843044.1,Chr2_supercontig_000001903,2,13501,704630654,1382914524
GL843045.1,Chr2_supercontig_000001904,2,22250,704652904,1382936774
GL843046.1,Chr2_supercontig_000001905,2,27714,704680618,1382964488
GL843047.1,Chr2_supercontig_000001906,2,15219,704695837,1382979707
GL843048.1,Chr2_supercontig_000001907,2,19428,704715265,1382999135
GL843049.1,Chr2_supercontig_000001908,2,40985,704756250,1383040120
GL843050.1,Chr2_supercontig_000001909,2,33431,704789681,1383073551
GL843051.1,Chr2_supercontig_000001910,2,26936,704816617,1383100487
GL843052.1,Chr2_supercontig_000001911,2,22871,704839488,1383123358
GL843053.1,Chr2_supercontig_000001912,2,35733,704875221,1383159091
GL843054.1,Chr2_supercontig_000001913,2,99393,704974614,1383258484
GL843055.1,Chr2_supercontig_000001914,2,10368,704984982,1383268852
GL843056.1,Chr2_supercontig_000001915,2,39230,705024212,1383308082
GL843057.1,Chr2_supercontig_000001916,2,59971,705084183,1383368053
GL843058.1,Chr2_supercontig_000001917,2,9144,705093327,1383377197
GL843059.1,Chr2_supercontig_000001918,2,15032,705108359,1383392229
GL843060.1,Chr2_supercontig_000001919,2,14935,705123294,1383407164
GL843061.1,Chr2_supercontig_000001920,2,17614,705140908,1383424778
GL843062.1,Chr2_supercontig_000001921,2,37354,705178262,1383462132
GL843063.1,Chr2_supercontig_000001922,2,52641,705230903,1383514773
GL843064.1,Chr2_supercontig_000001923,2,55791,705286694,1383570564
GL843065.1,Chr2_supercontig_000001924,2,19641,705306335,1383590205
GL843066.1,Chr2_supercontig_000001925,2,57646,705363981,1383647851
GL843067.1,Chr2_supercontig_000001926,2,40038,705404019,1383687889
GL843068.1,Chr2_supercontig_000001927,2,32951,705436970,1383720840
GL843069.1,Chr2_supercontig_000001928,2,6467,705443437,1383727307
GL843070.1,Chr2_supercontig_000001929,2,24344,705467781,1383751651
GL843071.1,Chr2_supercontig_000001930,2,5035,705472816,1383756686
GL843072.1,Chr2_supercontig_000001931,2,122587,705595403,1383879273
GL843073.1,Chr2_supercontig_000001932,2,47813,705643216,1383927086
GL843074.1,Chr2_supercontig_000001933,2,28242,705671458,1383955328
GL843075.1,Chr2_supercontig_000001934,2,36043,705707501,1383991371
GL843076.1,Chr2_supercontig_000001935,2,8150,705715651,1383999521
GL843077.1,Chr2_supercontig_000001936,2,53623,705769274,1384053144
GL843078.1,Chr2_supercontig_000001937,2,13066,705782340,1384066210
GL843079.1,Chr2_supercontig_000001938,2,29983,705812323,1384096193
GL843080.1,Chr2_supercontig_000001939,2,7128,705819451,1384103321
GL843081.1,Chr2_supercontig_000001940,2,21702,705841153,1384125023
GL843082.1,Chr2_supercontig_000001941,2,54645,705895798,1384179668
GL843083.1,Chr2_supercontig_000001942,2,4742,705900540,1384184410
GL843084.1,Chr2_supercontig_000001943,2,39253,705939793,1384223663
GL843085.1,Chr2_supercontig_000001944,2,26667,705966460,1384250330
GL843086.1,Chr2_supercontig_000001945,2,92560,706059020,1384342890
GL843087.1,Chr2_supercontig_000001946,2,13472,706072492,1384356362
GL843088.1,Chr2_supercontig_000001947,2,15793,706088285,1384372155
GL843089.1,Chr2_supercontig_000001948,2,23228,706111513,1384395383
GL843090.1,Chr2_supercontig_000001949,2,26770,706138283,1384422153
GL843091.1,Chr2_supercontig_000001950,2,31966,706170249,1384454119
GL843092.1,Chr2_supercontig_000001951,2,13086,706183335,1384467205
GL843093.1,Chr2_supercontig_000001952,2,72757,706256092,1384539962
GL843094.1,Chr2_supercontig_000001953,2,14481,706270573,1384554443
GL843095.1,Chr2_supercontig_000001954,2,18305,706288878,1384572748
GL843096.1,Chr2_supercontig_000001955,2,32838,706321716,1384605586
GL843097.1,Chr2_supercontig_000001956,2,24090,706345806,1384629676
GL843098.1,Chr2_supercontig_000001957,2,63465,706409271,1384693141
GL843099.1,Chr2_supercontig_000001958,2,150643,706559914,1384843784
GL843100.1,Chr2_supercontig_000001959,2,39234,706599148,1384883018
GL843101.1,Chr2_supercontig_000001960,2,16343,706615491,1384899361
GL843102.1,Chr2_supercontig_000001961,2,33030,706648521,1384932391
GL843103.1,Chr2_supercontig_000001962,2,16016,706664537,1384948407
GL843104.1,Chr2_supercontig_000001963,2,4931,706669468,1384953338
GL843105.1,Chr2_supercontig_000001964,2,52731,706722199,1385006069
GL843106.1,Chr2_supercontig_000001965,2,8672,706730871,1385014741
GL843107.1,Chr2_supercontig_000001966,2,55895,706786766,1385070636
GL843108.1,Chr2_supercontig_000001967,2,22381,706809147,1385093017
GL843109.1,Chr2_supercontig_000001968,2,75384,706884531,1385168401
GL843110.1,Chr2_supercontig_000001969,2,18718,706903249,1385187119
GL843111.1,Chr2_supercontig_000001970,2,44825,706948074,1385231944
GL843112.1,Chr2_supercontig_000001971,2,20211,706968285,1385252155
GL843113.1,Chr2_supercontig_000001972,2,39240,707007525,1385291395
GL843114.1,Chr2_supercontig_000001973,2,80764,707088289,1385372159
GL843115.1,Chr2_supercontig_000001974,2,17804,707106093,1385389963
GL843116.1,Chr2_supercontig_000001975,2,31131,707137224,1385421094
GL843117.1,Chr2_supercontig_000001976,2,43364,707180588,1385464458
GL843118.1,Chr2_supercontig_000001977,2,38088,707218676,1385502546
GL843119.1,Chr2_supercontig_000001978,2,30989,707249665,1385533535
GL843120.1,Chr2_supercontig_000001979,2,26357,707276022,1385559892
GL843121.1,Chr2_supercontig_000001980,2,28663,707304685,1385588555
GL843122.1,Chr2_supercontig_000001981,2,23250,707327935,1385611805
GL843123.1,Chr2_supercontig_000001982,2,58424,707386359,1385670229
GL843124.1,Chr2_supercontig_000001983,2,43154,707429513,1385713383
GL843125.1,Chr2_supercontig_000001984,2,6236,707435749,1385719619
GL843126.1,Chr2_supercontig_000001985,2,13442,707449191,1385733061
GL843127.1,Chr2_supercontig_000001986,2,26317,707475508,1385759378
GL843128.1,Chr2_supercontig_000001987,2,48899,707524407,1385808277
GL843129.1,Chr2_supercontig_000001988,2,41756,707566163,1385850033
GL843130.1,Chr2_supercontig_000001989,2,43932,707610095,1385893965
GL843131.1,Chr2_supercontig_000001990,2,39913,707650008,1385933878
GL843132.1,Chr2_supercontig_000001991,2,15081,707665089,1385948959
GL843133.1,Chr2_supercontig_000001992,2,32533,707697622,1385981492
GL843134.1,Chr2_supercontig_000001993,2,46318,707743940,1386027810
GL843135.1,Chr2_supercontig_000001994,2,16383,707760323,1386044193
GL843136.1,Chr2_supercontig_000001995,2,20976,707781299,1386065169
GL843137.1,Chr2_supercontig_000001996,2,28419,707809718,1386093588
GL843138.1,Chr2_supercontig_000001997,2,22789,707832507,1386116377
GL843139.1,Chr2_supercontig_000001998,2,17411,707849918,1386133788
GL843140.1,Chr2_supercontig_000001999,2,45303,707895221,1386179091
GL843141.1,Chr2_supercontig_000002000,2,2957,707898178,1386182048
GL843142.1,Chr2_supercontig_000002001,2,1735,707899913,1386183783
GL843143.1,Chr2_supercontig_000002002,2,15408,707915321,1386199191
GL843144.1,Chr2_supercontig_000002003,2,12087,707927408,1386211278
GL843145.1,Chr2_supercontig_000002004,2,26174,707953582,1386237452
GL843146.1,Chr2_supercontig_000002005,2,12874,707966456,1386250326
GL843147.1,Chr2_supercontig_000002006,2,33245,707999701,1386283571
GL843148.1,Chr2_supercontig_000002007,2,35159,708034860,1386318730
GL843149.1,Chr2_supercontig_000002008,2,13865,708048725,1386332595
GL843150.1,Chr2_supercontig_000002009,2,35176,708083901,1386367771
GL843151.1,Chr2_supercontig_000002010,2,40347,708124248,1386408118
GL843152.1,Chr2_supercontig_000002011,2,10568,708134816,1386418686
GL843153.1,Chr2_supercontig_000002012,2,27484,708162300,1386446170
GL843154.1,Chr2_supercontig_000002013,2,12470,708174770,1386458640
GL843155.1,Chr2_supercontig_000002014,2,11978,708186748,1386470618
GL843156.1,Chr2_supercontig_000002015,2,26914,708213662,1386497532
GL843157.1,Chr2_supercontig_000002016,2,13920,708227582,1386511452
GL843158.1,Chr2_supercontig_000002017,2,12336,708239918,1386523788
GL843159.1,Chr2_supercontig_000002018,2,62902,708302820,1386586690
GL843160.1,Chr2_supercontig_000002019,2,23522,708326342,1386610212
GL843161.1,Chr2_supercontig_000002020,2,15544,708341886,1386625756
GL843162.1,Chr2_supercontig_000002021,2,10259,708352145,1386636015
GL843163.1,Chr2_supercontig_000002022,2,27769,708379914,1386663784
GL843164.1,Chr2_supercontig_000002023,2,9217,708389131,1386673001
GL843165.1,Chr2_supercontig_000002024,2,5451,708394582,1386678452
GL843166.1,Chr2_supercontig_000002025,2,5289,708399871,1386683741
GL843167.1,Chr2_supercontig_000002026,2,18319,708418190,1386702060
GL843168.1,Chr2_supercontig_000002027,2,15779,708433969,1386717839
GL843169.1,Chr2_supercontig_000002028,2,48900,708482869,1386766739
GL843170.1,Chr2_supercontig_000002029,2,9839,708492708,1386776578
GL843171.1,Chr2_supercontig_000002030,2,18052,708510760,1386794630
GL843172.1,Chr2_supercontig_000002031,2,13124,708523884,1386807754
GL843173.1,Chr2_supercontig_000002032,2,38597,708562481,1386846351
GL843174.1,Chr2_supercontig_000002033,2,2686,708565167,1386849037
GL843175.1,Chr2_supercontig_000002034,2,6413,708571580,1386855450
GL843176.1,Chr2_supercontig_000002035,2,80698,708652278,1386936148
GL843177.1,Chr2_supercontig_000002036,2,7253,708659531,1386943401
GL843178.1,Chr2_supercontig_000002037,2,13513,708673044,1386956914
GL843179.1,Chr2_supercontig_000002038,2,25756,708698800,1386982670
GL843180.1,Chr2_supercontig_000002039,2,10330,708709130,1386993000
GL843181.1,Chr2_supercontig_000002040,2,41944,708751074,1387034944
GL843182.1,Chr2_supercontig_000002041,2,22819,708773893,1387057763
GL843183.1,Chr2_supercontig_000002042,2,23290,708797183,1387081053
GL843184.1,Chr2_supercontig_000002043,2,9047,708806230,1387090100
GL843185.1,Chr2_supercontig_000002044,2,11561,708817791,1387101661
GL843186.1,Chr2_supercontig_000002045,2,21805,708839596,1387123466
GL843187.1,Chr2_supercontig_000002046,2,58367,708897963,1387181833
GL843188.1,Chr2_supercontig_000002047,2,23500,708921463,1387205333
GL843189.1,Chr2_supercontig_000002048,2,24421,708945884,1387229754
GL843190.1,Chr2_supercontig_000002049,2,18784,708964668,1387248538
GL843191.1,Chr2_supercontig_000002050,2,16062,708980730,1387264600
GL843192.1,Chr2_supercontig_000002051,2,4894,708985624,1387269494
GL843193.1,Chr2_supercontig_000002052,2,14709,709000333,1387284203
GL843194.1,Chr2_supercontig_000002053,2,37785,709038118,1387321988
GL843195.1,Chr2_supercontig_000002054,2,4473,709042591,1387326461
GL843196.1,Chr2_supercontig_000002055,2,16644,709059235,1387343105
GL843197.1,Chr2_supercontig_000002056,2,33588,709092823,1387376693
GL843198.1,Chr2_supercontig_000002057,2,35030,709127853,1387411723
GL843199.1,Chr2_supercontig_000002058,2,31411,709159264,1387443134
GL843200.1,Chr2_supercontig_000002059,2,78816,709238080,1387521950
GL843201.1,Chr2_supercontig_000002060,2,45773,709283853,1387567723
GL843202.1,Chr2_supercontig_000002061,2,44617,709328470,1387612340
GL843203.1,Chr2_supercontig_000002062,2,9710,709338180,1387622050
GL843204.1,Chr2_supercontig_000002063,2,2528,709340708,1387624578
GL843205.1,Chr2_supercontig_000002064,2,5933,709346641,1387630511
GL843206.1,Chr2_supercontig_000002065,2,57609,709404250,1387688120
GL843207.1,Chr2_supercontig_000002066,2,14039,709418289,1387702159
GL843208.1,Chr2_supercontig_000002067,2,35479,709453768,1387737638
GL843209.1,Chr2_supercontig_000002068,2,37316,709491084,1387774954
GL843210.1,Chr2_supercontig_000002069,2,23343,709514427,1387798297
GL843211.1,Chr2_supercontig_000002070,2,11000,709525427,1387809297
GL843212.1,Chr2_supercontig_000002071,2,8451,709533878,1387817748
GL843213.1,Chr2_supercontig_000002072,2,18492,709552370,1387836240
GL843214.1,Chr2_supercontig_000002073,2,31951,709584321,1387868191
GL843215.1,Chr2_supercontig_000002074,2,13482,709597803,1387881673
GL843216.1,Chr2_supercontig_000002075,2,33784,709631587,1387915457
GL843217.1,Chr2_supercontig_000002076,2,14769,709646356,1387930226
GL843218.1,Chr2_supercontig_000002077,2,3677,709650033,1387933903
GL843219.1,Chr2_supercontig_000002078,2,3248,709653281,1387937151
GL843220.1,Chr2_supercontig_000002079,2,23507,709676788,1387960658
GL843221.1,Chr2_supercontig_000002080,2,11408,709688196,1387972066
GL843222.1,Chr2_supercontig_000002081,2,3804,709692000,1387975870
GL843223.1,Chr2_supercontig_000002082,2,6315,709698315,1387982185
GL843224.1,Chr2_supercontig_000002083,2,38463,709736778,1388020648
GL843225.1,Chr2_supercontig_000002084,2,27237,709764015,1388047885
GL843226.1,Chr2_supercontig_000002085,2,3289,709767304,1388051174
GL843227.1,Chr2_supercontig_000002086,2,23971,709791275,1388075145
GL843228.1,Chr2_supercontig_000002087,2,9962,709801237,1388085107
GL843229.1,Chr2_supercontig_000002088,2,26550,709827787,1388111657
GL843230.1,Chr2_supercontig_000002089,2,54287,709882074,1388165944
GL843231.1,Chr2_supercontig_000002090,2,10011,709892085,1388175955
GL843232.1,Chr2_supercontig_000002091,2,45881,709937966,1388221836
GL843233.1,Chr2_supercontig_000002092,2,45278,709983244,1388267114
GL843234.1,Chr2_supercontig_000002093,2,12211,709995455,1388279325
GL843235.1,Chr2_supercontig_000002094,2,66114,710061569,1388345439
GL843236.1,Chr2_supercontig_000002095,2,16160,710077729,1388361599
GL843237.1,Chr2_supercontig_000002096,2,21986,710099715,1388383585
GL843238.1,Chr2_supercontig_000002097,2,16320,710116035,1388399905
GL843239.1,Chr2_supercontig_000002098,2,4958,710120993,1388404863
GL843240.1,Chr2_supercontig_000002099,2,44038,710165031,1388448901
GL843241.1,Chr2_supercontig_000002100,2,9772,710174803,1388458673
GL843242.1,Chr2_supercontig_000002101,2,7042,710181845,1388465715
GL843243.1,Chr2_supercontig_000002102,2,12345,710194190,1388478060
GL843244.1,Chr2_supercontig_000002103,2,18674,710212864,1388496734
GL843245.1,Chr2_supercontig_000002104,2,38796,710251660,1388535530
GL843246.1,Chr2_supercontig_000002105,2,72770,710324430,1388608300
GL843247.1,Chr2_supercontig_000002106,2,10448,710334878,1388618748
GL843248.1,Chr2_supercontig_000002107,2,46068,710380946,1388664816
GL843249.1,Chr2_supercontig_000002108,2,37158,710418104,1388701974
GL843250.1,Chr2_supercontig_000002109,2,14445,710432549,1388716419
GL843251.1,Chr2_supercontig_000002110,2,24173,710456722,1388740592
GL843252.1,Chr2_supercontig_000002111,2,14042,710470764,1388754634
GL843253.1,Chr2_supercontig_000002112,2,21740,710492504,1388776374
GL843254.1,Chr2_supercontig_000002113,2,12121,710504625,1388788495
GL843255.1,Chr2_supercontig_000002114,2,9199,710513824,1388797694
GL843256.1,Chr2_supercontig_000002115,2,24362,710538186,1388822056
GL843257.1,Chr2_supercontig_000002116,2,19876,710558062,1388841932
GL843258.1,Chr2_supercontig_000002117,2,32640,710590702,1388874572
GL843259.1,Chr2_supercontig_000002118,2,2706,710593408,1388877278
GL843260.1,Chr2_supercontig_000002119,2,11906,710605314,1388889184
GL843261.1,Chr2_supercontig_000002120,2,21591,710626905,1388910775
GL843262.1,Chr2_supercontig_000002121,2,33813,710660718,1388944588
GL843263.1,Chr2_supercontig_000002122,2,42825,710703543,1388987413
GL843264.1,Chr2_supercontig_000002123,2,6388,710709931,1388993801
GL843265.1,Chr2_supercontig_000002124,2,2081,710712012,1388995882
GL843266.1,Chr2_supercontig_000002125,2,31585,710743597,1389027467
GL843267.1,Chr2_supercontig_000002126,2,28600,710772197,1389056067
GL843268.1,Chr2_supercontig_000002127,2,7721,710779918,1389063788
GL843269.1,Chr2_supercontig_000002128,2,41282,710821200,1389105070
GL843270.1,Chr2_supercontig_000002129,2,15408,710836608,1389120478
GL843271.1,Chr2_supercontig_000002130,2,20132,710856740,1389140610
GL843272.1,Chr2_supercontig_000002131,2,2246,710858986,1389142856
GL843273.1,Chr2_supercontig_000002132,2,7920,710866906,1389150776
GL843274.1,Chr2_supercontig_000002133,2,26763,710893669,1389177539
GL843275.1,Chr2_supercontig_000002134,2,10603,710904272,1389188142
GL843276.1,Chr2_supercontig_000002135,2,43461,710947733,1389231603
GL843277.1,Chr2_supercontig_000002136,2,14918,710962651,1389246521
GL843278.1,Chr2_supercontig_000002137,2,779,710963430,1389247300
GL843279.1,Chr2_supercontig_000002138,2,8339,710971769,1389255639
GL843280.1,Chr2_supercontig_000002139,2,19028,710990797,1389274667
GL843281.1,Chr2_supercontig_000002140,2,4244,710995041,1389278911
GL843282.1,Chr2_supercontig_000002141,2,8858,711003899,1389287769
GL843283.1,Chr2_supercontig_000002142,2,8576,711012475,1389296345
GL843284.1,Chr2_supercontig_000002143,2,10219,711022694,1389306564
GL843285.1,Chr2_supercontig_000002144,2,48889,711071583,1389355453
GL843286.1,Chr2_supercontig_000002145,2,80558,711152141,1389436011
GL843287.1,Chr2_supercontig_000002146,2,19295,711171436,1389455306
GL843288.1,Chr2_supercontig_000002147,2,54291,711225727,1389509597
GL843289.1,Chr2_supercontig_000002148,2,20799,711246526,1389530396
GL843290.1,Chr2_supercontig_000002149,2,11033,711257559,1389541429
GL843291.1,Chr2_supercontig_000002150,2,11335,711268894,1389552764
GL843292.1,Chr2_supercontig_000002151,2,3999,711272893,1389556763
GL843293.1,Chr2_supercontig_000002152,2,10984,711283877,1389567747
GL843294.1,Chr2_supercontig_000002153,2,30533,711314410,1389598280
GL843295.1,Chr2_supercontig_000002154,2,5944,711320354,1389604224
GL843296.1,Chr2_supercontig_000002155,2,4346,711324700,1389608570
GL843297.1,Chr2_supercontig_000002156,2,1190,711325890,1389609760
GL843298.1,Chr2_supercontig_000002157,2,1980,711327870,1389611740
GL843299.1,Chr2_supercontig_000002158,2,11700,711339570,1389623440
GL843300.1,Chr2_supercontig_000002159,2,13326,711352896,1389636766
GL843301.1,Chr2_supercontig_000002160,2,9526,711362422,1389646292
GL843302.1,Chr2_supercontig_000002161,2,4240,711366662,1389650532
GL843303.1,Chr2_supercontig_000002162,2,36001,711402663,1389686533
GL843304.1,Chr2_supercontig_000002163,2,4364,711407027,1389690897
GL843305.1,Chr2_supercontig_000002164,2,16442,711423469,1389707339
GL843306.1,Chr2_supercontig_000002165,2,2727,711426196,1389710066
GL843307.1,Chr2_supercontig_000002166,2,2270,711428466,1389712336
GL843308.1,Chr2_supercontig_000002167,2,14432,711442898,1389726768
GL843309.1,Chr2_supercontig_000002168,2,15302,711458200,1389742070
GL843310.1,Chr2_supercontig_000002169,2,19225,711477425,1389761295
GL843311.1,Chr2_supercontig_000002170,2,7988,711485413,1389769283
GL843312.1,Chr2_supercontig_000002171,2,4335,711489748,1389773618
GL843313.1,Chr2_supercontig_000002172,2,2759,711492507,1389776377
GL843314.1,Chr2_supercontig_000002173,2,24866,711517373,1389801243
GL843315.1,Chr2_supercontig_000002174,2,4496,711521869,1389805739
GL843316.1,Chr2_supercontig_000002175,2,8362,711530231,1389814101
GL843317.1,Chr2_supercontig_000002176,2,16928,711547159,1389831029
GL843318.1,Chr2_supercontig_000002177,2,27910,711575069,1389858939
GL843319.1,Chr2_supercontig_000002178,2,15548,711590617,1389874487
GL843320.1,Chr2_supercontig_000002179,2,2352,711592969,1389876839
GL843321.1,Chr2_supercontig_000002180,2,4615,711597584,1389881454
GL843322.1,Chr2_supercontig_000002181,2,37281,711634865,1389918735
GL843323.1,Chr2_supercontig_000002182,2,5314,711640179,1389924049
GL843324.1,Chr2_supercontig_000002183,2,6998,711647177,1389931047
GL843325.1,Chr2_supercontig_000002184,2,20678,711667855,1389951725
GL843326.1,Chr2_supercontig_000002185,2,2220,711670075,1389953945
GL843327.1,Chr2_supercontig_000002186,2,1066,711671141,1389955011
GL843328.1,Chr2_supercontig_000002187,2,13291,711684432,1389968302
GL843329.1,Chr2_supercontig_000002188,2,13120,711697552,1389981422
GL843330.1,Chr2_supercontig_000002189,2,3015,711700567,1389984437
GL843331.1,Chr2_supercontig_000002190,2,25540,711726107,1390009977
GL843332.1,Chr2_supercontig_000002191,2,7954,711734061,1390017931
GL843333.1,Chr2_supercontig_000002192,2,13878,711747939,1390031809
GL843334.1,Chr2_supercontig_000002193,2,2997,711750936,1390034806
GL843335.1,Chr2_supercontig_000002194,2,15799,711766735,1390050605
GL843336.1,Chr2_supercontig_000002195,2,4233,711770968,1390054838
GL843337.1,Chr2_supercontig_000002196,2,2377,711773345,1390057215
GL843338.1,Chr2_supercontig_000002197,2,13171,711786516,1390070386
GL843339.1,Chr2_supercontig_000002198,2,12908,711799424,1390083294
GL843340.1,Chr2_supercontig_000002199,2,6209,711805633,1390089503
GL843341.1,Chr2_supercontig_000002200,2,4643,711810276,1390094146
GL843342.1,Chr2_supercontig_000002201,2,1353,711811629,1390095499
GL843343.1,Chr2_supercontig_000002202,2,8683,711820312,1390104182
GL843344.1,Chr2_supercontig_000002203,2,1324,711821636,1390105506
GL843345.1,Chr2_supercontig_000002204,2,1549,711823185,1390107055
GL843346.1,Chr2_supercontig_000002205,2,18193,711841378,1390125248
GL843347.1,Chr2_supercontig_000002206,2,23643,711865021,1390148891
GL843348.1,Chr2_supercontig_000002207,2,4184,711869205,1390153075
GL843349.1,Chr2_supercontig_000002208,2,10988,711880193,1390164063
GL843350.1,Chr2_supercontig_000002209,2,5659,711885852,1390169722
GL843351.1,Chr2_supercontig_000002210,2,9339,711895191,1390179061
GL843352.1,Chr2_supercontig_000002211,2,1679,711896870,1390180740
GL843353.1,Chr2_supercontig_000002212,2,13409,711910279,1390194149
GL843354.1,Chr2_supercontig_000002213,2,2438,711912717,1390196587
GL843355.1,Chr2_supercontig_000002214,2,7718,711920435,1390204305
GL843356.1,Chr2_supercontig_000002215,2,15369,711935804,1390219674
GL843357.1,Chr2_supercontig_000002216,2,1080,711936884,1390220754
GL843358.1,Chr2_supercontig_000002217,2,3007,711939891,1390223761
GL843359.1,Chr2_supercontig_000002218,2,28850,711968741,1390252611
GL843360.1,Chr2_supercontig_000002219,2,1710,711970451,1390254321
GL843361.1,Chr2_supercontig_000002220,2,1687,711972138,1390256008
GL843362.1,Chr2_supercontig_000002221,2,1534,711973672,1390257542
GL843363.1,Chr2_supercontig_000002222,2,4939,711978611,1390262481
GL843364.1,Chr2_supercontig_000002223,2,1964,711980575,1390264445
GL843365.1,Chr2_supercontig_000002224,2,2059,711982634,1390266504
GL843366.1,Chr2_supercontig_000002225,2,1510,711984144,1390268014
GL843367.1,Chr2_supercontig_000002226,2,1786,711985930,1390269800
GL843368.1,Chr2_supercontig_000002227,2,1639,711987569,1390271439
GL843369.1,Chr2_supercontig_000002228,2,5507,711993076,1390276946
GL843370.1,Chr2_supercontig_000002229,2,1607,711994683,1390278553
GL843371.1,Chr2_supercontig_000002230,2,1775,711996458,1390280328
GL843372.1,Chr2_supercontig_000002231,2,1698,711998156,1390282026
GL843373.1,Chr2_supercontig_000002232,2,2204,712000360,1390284230
GL843374.1,Chr2_supercontig_000002233,2,1748,712002108,1390285978
GL843375.1,Chr2_supercontig_000002234,2,2418,712004526,1390288396
GL843376.1,Chr2_supercontig_000002235,2,1578,712006104,1390289974
GL843377.1,Chr2_supercontig_000002236,2,1632,712007736,1390291606
GL843378.1,Chr2_supercontig_000002237,2,1691,712009427,1390293297
GL843379.1,Chr2_supercontig_000002238,2,1527,712010954,1390294824
GL843380.1,Chr2_supercontig_000002239,2,3150,712014104,1390297974
GL843381.1,Chr2_supercontig_000002240,2,1738,712015842,1390299712
GL843382.1,Chr2_supercontig_000002241,2,2923,712018765,1390302635
GL843383.1,Chr2_supercontig_000002242,2,1849,712020614,1390304484
GL843384.1,Chr2_supercontig_000002243,2,1663,712022277,1390306147
GL843385.1,Chr2_supercontig_000002244,2,1678,712023955,1390307825
GL843386.1,Chr2_supercontig_000002245,2,2071,712026026,1390309896
GL843387.1,Chr2_supercontig_000002246,2,2022,712028048,1390311918
GL843388.1,Chr2_supercontig_000002247,2,1507,712029555,1390313425
GL843389.1,Chr2_supercontig_000002248,2,2455,712032010,1390315880
GL843390.1,Chr2_supercontig_000002249,2,1605,712033615,1390317485
GL843391.1,Chr2_supercontig_000002250,2,1606,712035221,1390319091
GL843392.1,Chr2_supercontig_000002251,2,1846,712037067,1390320937
GL843393.1,Chr2_supercontig_000002252,2,1903,712038970,1390322840
GL843394.1,Chr2_supercontig_000002253,2,1700,712040670,1390324540
GL843395.1,Chr2_supercontig_000002254,2,1705,712042375,1390326245
GL843396.1,Chr2_supercontig_000002255,2,1866,712044241,1390328111
GL843397.1,Chr2_supercontig_000002256,2,1759,712046000,1390329870
GL843398.1,Chr2_supercontig_000002257,2,1839,712047839,1390331709
GL843399.1,Chr2_supercontig_000002258,2,1760,712049599,1390333469
GL843400.1,Chr2_supercontig_000002259,2,12403,712062002,1390345872
GL843401.1,Chr2_supercontig_000002260,2,3483,712065485,1390349355
GL843402.1,Chr2_supercontig_000002261,2,2824,712068309,1390352179
GL843403.1,Chr2_supercontig_000002262,2,2253,712070562,1390354432
GL843404.1,Chr2_supercontig_000002263,2,1532,712072094,1390355964
GL843405.1,Chr2_supercontig_000002264,2,2014,712074108,1390357978
GL843406.1,Chr2_supercontig_000002265,2,2463,712076571,1390360441
GL843407.1,Chr2_supercontig_000002266,2,2238,712078809,1390362679
GL843408.1,Chr2_supercontig_000002267,2,2070,712080879,1390364749
GL843409.1,Chr2_supercontig_000002268,2,3219,712084098,1390367968
GL843410.1,Chr2_supercontig_000002269,2,3482,712087580,1390371450
GL843411.1,Chr2_supercontig_000002270,2,4657,712092237,1390376107
GL843412.1,Chr2_supercontig_000002271,2,1932,712094169,1390378039
GL843413.1,Chr2_supercontig_000002272,2,2475,712096644,1390380514
GL843414.1,Chr2_supercontig_000002273,2,2018,712098662,1390382532
GL843415.1,Chr2_supercontig_000002274,2,1879,712100541,1390384411
GL843416.1,Chr2_supercontig_000002275,2,1902,712102443,1390386313
GL843417.1,Chr2_supercontig_000002276,2,8519,712110962,1390394832
GL843418.1,Chr2_supercontig_000002277,2,1648,712112610,1390396480
GL843419.1,Chr2_supercontig_000002278,2,1678,712114288,1390398158
GL843420.1,Chr2_supercontig_000002279,2,2960,712117248,1390401118
GL843421.1,Chr2_supercontig_000002280,2,2085,712119333,1390403203
GL843422.1,Chr2_supercontig_000002281,2,2036,712121369,1390405239
GL843423.1,Chr2_supercontig_000002282,2,1751,712123120,1390406990
GL843424.1,Chr2_supercontig_000002283,2,2012,712125132,1390409002
GL843425.1,Chr2_supercontig_000002284,2,1675,712126807,1390410677
GL843426.1,Chr2_supercontig_000002285,2,3405,712130212,1390414082
GL843427.1,Chr2_supercontig_000002286,2,3408,712133620,1390417490
GL843428.1,Chr2_supercontig_000002287,2,3350,712136970,1390420840
GL843429.1,Chr2_supercontig_000002288,2,2017,712138987,1390422857
GL843430.1,Chr2_supercontig_000002289,2,2061,712141048,1390424918
GL843431.1,Chr2_supercontig_000002290,2,2323,712143371,1390427241
GL843432.1,Chr2_supercontig_000002291,2,1727,712145098,1390428968
GL843433.1,Chr2_supercontig_000002292,2,2088,712147186,1390431056
GL843434.1,Chr2_supercontig_000002293,2,3160,712150346,1390434216
GL843435.1,Chr2_supercontig_000002294,2,3163,712153509,1390437379
GL843436.1,Chr2_supercontig_000002295,2,1954,712155463,1390439333
GL843437.1,Chr2_supercontig_000002296,2,1823,712157286,1390441156
GL843438.1,Chr2_supercontig_000002297,2,2942,712160228,1390444098
GL843439.1,Chr2_supercontig_000002298,2,3207,712163435,1390447305
GL843440.1,Chr2_supercontig_000002299,2,1556,712164991,1390448861
GL843441.1,Chr2_supercontig_000002300,2,14179,712179170,1390463040
GL843442.1,Chr2_supercontig_000002301,2,3511,712182681,1390466551
GL843443.1,Chr2_supercontig_000002302,2,3261,712185942,1390469812
GL843444.1,Chr2_supercontig_000002303,2,2749,712188691,1390472561
GL843445.1,Chr2_supercontig_000002304,2,2979,712191670,1390475540
GL843446.1,Chr2_supercontig_000002305,2,17201,712208871,1390492741
GL843447.1,Chr2_supercontig_000002306,2,1542,712210413,1390494283
GL843448.1,Chr2_supercontig_000002307,2,4759,712215172,1390499042
GL843449.1,Chr2_supercontig_000002308,2,2889,712218061,1390501931
GL843450.1,Chr2_supercontig_000002309,2,1950,712220011,1390503881
GL843451.1,Chr2_supercontig_000002310,2,2308,712222319,1390506189
GL843452.1,Chr2_supercontig_000002311,2,10275,712232594,1390516464
GL843453.1,Chr2_supercontig_000002312,2,1862,712234456,1390518326
GL843454.1,Chr2_supercontig_000002313,2,2448,712236904,1390520774
GL843455.1,Chr2_supercontig_000002314,2,2569,712239473,1390523343
GL843456.1,Chr2_supercontig_000002315,2,7735,712247208,1390531078
GL843457.1,Chr2_supercontig_000002316,2,2120,712249328,1390533198
GL843458.1,Chr2_supercontig_000002317,2,3627,712252955,1390536825
GL843459.1,Chr2_supercontig_000002318,2,1698,712254653,1390538523
GL843460.1,Chr2_supercontig_000002319,2,8738,712263391,1390547261
GL843461.1,Chr2_supercontig_000002320,2,10793,712274184,1390558054
GL843462.1,Chr2_supercontig_000002321,2,4782,712278966,1390562836
GL843463.1,Chr2_supercontig_000002322,2,3406,712282372,1390566242
GL843464.1,Chr2_supercontig_000002323,2,1955,712284327,1390568197
GL843465.1,Chr2_supercontig_000002324,2,1518,712285845,1390569715
GL843466.1,Chr2_supercontig_000002325,2,4547,712290392,1390574262
GL843467.1,Chr2_supercontig_000002326,2,2537,712292929,1390576799
GL843468.1,Chr2_supercontig_000002327,2,2322,712295251,1390579121
GL843469.1,Chr2_supercontig_000002328,2,3617,712298868,1390582738
GL843470.1,Chr2_supercontig_000002329,2,2380,712301248,1390585118
GL843471.1,Chr2_supercontig_000002330,2,1603,712302851,1390586721
GL843472.1,Chr2_supercontig_000002331,2,2892,712305743,1390589613
GL843473.1,Chr2_supercontig_000002332,2,1648,712307391,1390591261
GL843474.1,Chr2_supercontig_000002333,2,1870,712309261,1390593131
GL843475.1,Chr2_supercontig_000002334,2,2355,712311616,1390595486
GL843476.1,Chr2_supercontig_000002335,2,2846,712314462,1390598332
GL843477.1,Chr2_supercontig_000002336,2,2505,712316967,1390600837
GL843478.1,Chr2_supercontig_000002337,2,2879,712319846,1390603716
GL843479.1,Chr2_supercontig_000002338,2,2364,712322210,1390606080
GL843480.1,Chr2_supercontig_000002339,2,1627,712323837,1390607707
GL843481.1,Chr2_supercontig_000002340,2,2247,712326084,1390609954
GL843482.1,Chr2_supercontig_000002341,2,2913,712328997,1390612867
GL843483.1,Chr2_supercontig_000002342,2,7247,712336244,1390620114
GL843484.1,Chr2_supercontig_000002343,2,6862,712343106,1390626976
GL843485.1,Chr2_supercontig_000002344,2,1660,712344766,1390628636
GL843486.1,Chr2_supercontig_000002345,2,3559,712348325,1390632195
GL843487.1,Chr2_supercontig_000002346,2,2365,712350690,1390634560
GL843488.1,Chr2_supercontig_000002347,2,1917,712352607,1390636477
GL843489.1,Chr2_supercontig_000002348,2,1501,712354108,1390637978
GL843490.1,Chr2_supercontig_000002349,2,1771,712355879,1390639749
GL843491.1,Chr2_supercontig_000002350,2,4251,712360130,1390644000
GL843492.1,Chr2_supercontig_000002351,2,1755,712361885,1390645755
GL843493.1,Chr2_supercontig_000002352,2,2580,712364465,1390648335
GL843494.1,Chr2_supercontig_000002353,2,3256,712367721,1390651591
GL843495.1,Chr2_supercontig_000002354,2,1604,712369325,1390653195
GL843496.1,Chr2_supercontig_000002355,2,18250,712387575,1390671445
GL843497.1,Chr2_supercontig_000002356,2,2187,712389762,1390673632
GL843498.1,Chr2_supercontig_000002357,2,2140,712391902,1390675772
GL843499.1,Chr2_supercontig_000002358,2,2014,712393916,1390677786
GL843500.1,Chr2_supercontig_000002359,2,1683,712395599,1390679469
GL843501.1,Chr2_supercontig_000002360,2,1937,712397536,1390681406
GL843502.1,Chr2_supercontig_000002361,2,1718,712399254,1390683124
GL843503.1,Chr2_supercontig_000002362,2,2420,712401674,1390685544
GL843504.1,Chr2_supercontig_000002363,2,2727,712404401,1390688271
GL843505.1,Chr2_supercontig_000002364,2,2041,712406442,1390690312
GL843506.1,Chr2_supercontig_000002365,2,1617,712408059,1390691929
GL843507.1,Chr2_supercontig_000002366,2,21799,712429858,1390713728
GL843508.1,Chr2_supercontig_000002367,2,3652,712433510,1390717380
GL843509.1,Chr2_supercontig_000002368,2,3424,712436934,1390720804
GL843510.1,Chr2_supercontig_000002369,2,5272,712442206,1390726076
GL843511.1,Chr2_supercontig_000002370,2,6064,712448270,1390732140
GL843512.1,Chr2_supercontig_000002371,2,1802,712450072,1390733942
GL843513.1,Chr2_supercontig_000002372,2,1756,712451828,1390735698
GL843514.1,Chr2_supercontig_000002373,2,1791,712453619,1390737489
GL843515.1,Chr2_supercontig_000002374,2,2947,712456566,1390740436
GL843516.1,Chr2_supercontig_000002375,2,3567,712460133,1390744003
GL843517.1,Chr2_supercontig_000002376,2,10821,712470954,1390754824
GL843518.1,Chr2_supercontig_000002377,2,1555,712472509,1390756379
GL843519.1,Chr2_supercontig_000002378,2,2353,712474862,1390758732
GL843520.1,Chr2_supercontig_000002379,2,1677,712476539,1390760409
GL843521.1,Chr2_supercontig_000002380,2,2515,712479054,1390762924
GL843522.1,Chr2_supercontig_000002381,2,2249,712481303,1390765173
GL843523.1,Chr2_supercontig_000002382,2,2939,712484242,1390768112
GL843524.1,Chr2_supercontig_000002383,2,1780,712486022,1390769892
GL843525.1,Chr2_supercontig_000002384,2,10724,712496746,1390780616
GL843526.1,Chr2_supercontig_000002385,2,5246,712501992,1390785862
GL843527.1,Chr2_supercontig_000002386,2,2041,712504033,1390787903
GL843528.1,Chr2_supercontig_000002387,2,1634,712505667,1390789537
GL843529.1,Chr2_supercontig_000002388,2,1820,712507487,1390791357
GL843530.1,Chr2_supercontig_000002389,2,2950,712510437,1390794307
GL843531.1,Chr2_supercontig_000002390,2,2362,712512799,1390796669
GL843532.1,Chr2_supercontig_000002391,2,11325,712524124,1390807994
GL843533.1,Chr2_supercontig_000002392,2,14901,712539025,1390822895
GL843534.1,Chr2_supercontig_000002393,2,6301,712545326,1390829196
GL843535.1,Chr2_supercontig_000002394,2,1840,712547166,1390831036
GL843536.1,Chr2_supercontig_000002395,2,1517,712548683,1390832553
GL843537.1,Chr2_supercontig_000002396,2,18871,712567554,1390851424
GL843538.1,Chr2_supercontig_000002397,2,4909,712572463,1390856333
GL843539.1,Chr2_supercontig_000002398,2,3811,712576274,1390860144
GL843540.1,Chr2_supercontig_000002399,2,4095,712580369,1390864239
GL843541.1,Chr2_supercontig_000002400,2,2540,712582909,1390866779
GL843542.1,Chr2_supercontig_000002401,2,1861,712584770,1390868640
GL843543.1,Chr2_supercontig_000002402,2,1688,712586458,1390870328
GL843544.1,Chr2_supercontig_000002403,2,10771,712597229,1390881099
GL843545.1,Chr2_supercontig_000002404,2,1993,712599222,1390883092
GL843546.1,Chr2_supercontig_000002405,2,1985,712601207,1390885077
GL843547.1,Chr2_supercontig_000002406,2,1925,712603132,1390887002
GL843548.1,Chr2_supercontig_000002407,2,14536,712617668,1390901538
GL843549.1,Chr2_supercontig_000002408,2,4593,712622261,1390906131
GL843550.1,Chr2_supercontig_000002409,2,1595,712623856,1390907726
GL843551.1,Chr2_supercontig_000002410,2,7043,712630899,1390914769
GL843552.1,Chr2_supercontig_000002411,2,1793,712632692,1390916562
GL843553.1,Chr2_supercontig_000002412,2,1780,712634472,1390918342
GL843554.1,Chr2_supercontig_000002413,2,1856,712636328,1390920198
GL843555.1,Chr2_supercontig_000002414,2,1564,712637892,1390921762
GL843556.1,Chr2_supercontig_000002415,2,17671,712655563,1390939433
GL843557.1,Chr2_supercontig_000002416,2,6155,712661718,1390945588
GL843558.1,Chr2_supercontig_000002417,2,13457,712675175,1390959045
GL843559.1,Chr2_supercontig_000002418,2,13583,712688758,1390972628
GL843560.1,Chr2_supercontig_000002419,2,4891,712693649,1390977519
GL843561.1,Chr2_supercontig_000002420,2,1697,712695346,1390979216
GL843562.1,Chr2_supercontig_000002421,2,4618,712699964,1390983834
GL843563.1,Chr2_supercontig_000002422,2,3676,712703640,1390987510
GL843564.1,Chr2_supercontig_000002423,2,5395,712709035,1390992905
GL843565.1,Chr2_supercontig_000002424,2,1882,712710917,1390994787
GL843566.1,Chr2_supercontig_000002425,2,2833,712713750,1390997620
GL843567.1,Chr2_supercontig_000002426,2,19281,712733031,1391016901
GL843568.1,Chr2_supercontig_000002427,2,1907,712734938,1391018808
GL843569.1,Chr2_supercontig_000002428,2,2416,712737354,1391021224
GL843570.1,Chr2_supercontig_000002429,2,2358,712739712,1391023582
GL843571.1,Chr2_supercontig_000002430,2,4772,712744484,1391028354
GL843572.1,Chr2_supercontig_000002431,2,1645,712746129,1391029999
GL843573.1,Chr2_supercontig_000002432,2,2660,712748789,1391032659
GL843574.1,Chr2_supercontig_000002433,2,2491,712751280,1391035150
GL843575.1,Chr2_supercontig_000002434,2,2120,712753400,1391037270
GL843576.1,Chr2_supercontig_000002435,2,1790,712755190,1391039060
GL843577.1,Chr2_supercontig_000002436,2,3130,712758320,1391042190
GL843578.1,Chr2_supercontig_000002437,2,1719,712760039,1391043909
GL843579.1,Chr2_supercontig_000002438,2,3148,712763187,1391047057
GL843580.1,Chr2_supercontig_000002439,2,1689,712764876,1391048746
GL843581.1,Chr2_supercontig_000002440,2,2470,712767346,1391051216
GL843582.1,Chr2_supercontig_000002441,2,2531,712769877,1391053747
GL843583.1,Chr2_supercontig_000002442,2,17790,712787667,1391071537
GL843584.1,Chr2_supercontig_000002443,2,1555,712789222,1391073092
GL843585.1,Chr2_supercontig_000002444,2,6219,712795441,1391079311
GL843586.1,Chr2_supercontig_000002445,2,1790,712797231,1391081101
GL843587.1,Chr2_supercontig_000002446,2,2048,712799279,1391083149
GL843588.1,Chr2_supercontig_000002447,2,1920,712801199,1391085069
GL843589.1,Chr2_supercontig_000002448,2,1715,712802914,1391086784
GL843590.1,Chr2_supercontig_000002449,2,5444,712808358,1391092228
GL843591.1,Chr2_supercontig_000002450,2,2647,712811005,1391094875
GL843592.1,Chr2_supercontig_000002451,2,2309,712813314,1391097184
GL843593.1,Chr2_supercontig_000002452,2,2098,712815412,1391099282
GL843594.1,Chr2_supercontig_000002453,2,2933,712818345,1391102215
GL843595.1,Chr2_supercontig_000002454,2,1971,712820316,1391104186
GL843596.1,Chr2_supercontig_000002455,2,1635,712821951,1391105821
GL843597.1,Chr2_supercontig_000002456,2,2152,712824103,1391107973
GL843598.1,Chr2_supercontig_000002457,2,4934,712829037,1391112907
GL843599.1,Chr2_supercontig_000002458,2,1862,712830899,1391114769
GL843600.1,Chr2_supercontig_000002459,2,2144,712833043,1391116913
GL843601.1,Chr2_supercontig_000002460,2,2279,712835322,1391119192
GL843602.1,Chr2_supercontig_000002461,2,2295,712837617,1391121487
GL843603.1,Chr2_supercontig_000002462,2,2470,712840087,1391123957
GL843604.1,Chr2_supercontig_000002463,2,1630,712841717,1391125587
GL843605.1,Chr2_supercontig_000002464,2,4674,712846391,1391130261
GL843606.1,Chr2_supercontig_000002465,2,1840,712848231,1391132101
GL843607.1,Chr2_supercontig_000002466,2,3900,712852131,1391136001
GL843608.1,Chr2_supercontig_000002467,2,1648,712853779,1391137649
GL843609.1,Chr2_supercontig_000002468,2,2681,712856460,1391140330
GL843610.1,Chr2_supercontig_000002469,2,1952,712858412,1391142282
GL843611.1,Chr2_supercontig_000002470,2,3211,712861623,1391145493
GL843612.1,Chr2_supercontig_000002471,2,4674,712866297,1391150167
GL843613.1,Chr2_supercontig_000002472,2,3765,712870062,1391153932
GL843614.1,Chr2_supercontig_000002473,2,20597,712890659,1391174529
GL843615.1,Chr2_supercontig_000002474,2,20198,712910857,1391194727
GL843616.1,Chr2_supercontig_000002475,2,5317,712916174,1391200044
GL843617.1,Chr2_supercontig_000002476,2,4257,712920431,1391204301
GL843618.1,Chr2_supercontig_000002477,2,3519,712923950,1391207820
GL843619.1,Chr2_supercontig_000002478,2,2479,712926429,1391210299
GL843620.1,Chr2_supercontig_000002479,2,2947,712929376,1391213246
GL843621.1,Chr2_supercontig_000002480,2,9564,712938940,1391222810
GL843622.1,Chr2_supercontig_000002481,2,8960,712947900,1391231770
GL843623.1,Chr2_supercontig_000002482,2,2802,712950702,1391234572
GL843624.1,Chr2_supercontig_000002483,2,1607,712952309,1391236179
GL843625.1,Chr2_supercontig_000002484,2,4127,712956436,1391240306
GL843626.1,Chr2_supercontig_000002485,2,5744,712962180,1391246050
GL843627.1,Chr2_supercontig_000002486,2,8612,712970792,1391254662
GL843628.1,Chr2_supercontig_000002487,2,6907,712977699,1391261569
GL843629.1,Chr2_supercontig_000002488,2,5790,712983489,1391267359
GL843630.1,Chr2_supercontig_000002489,2,11390,712994879,1391278749
GL843631.1,Chr2_supercontig_000002490,2,2065,712996944,1391280814
GL843632.1,Chr2_supercontig_000002491,2,1924,712998868,1391282738
GL843633.1,Chr2_supercontig_000002492,2,3190,713002058,1391285928
GL843634.1,Chr2_supercontig_000002493,2,1863,713003921,1391287791
GL843635.1,Chr2_supercontig_000002494,2,4349,713008270,1391292140
GL843636.1,Chr2_supercontig_000002495,2,2120,713010390,1391294260
GL843637.1,Chr2_supercontig_000002496,2,2390,713012780,1391296650
GL843638.1,Chr2_supercontig_000002497,2,2383,713015163,1391299033
GL843639.1,Chr2_supercontig_000002498,2,2132,713017295,1391301165
GL843640.1,Chr2_supercontig_000002499,2,3700,713020995,1391304865
GL843641.1,Chr2_supercontig_000002500,2,6674,713027669,1391311539
GL843642.1,Chr2_supercontig_000002501,2,3622,713031291,1391315161
GL843643.1,Chr2_supercontig_000002502,2,13656,713044947,1391328817
GL843644.1,Chr2_supercontig_000002503,2,2351,713047298,1391331168
GL843645.1,Chr2_supercontig_000002504,2,11269,713058567,1391342437
GL843646.1,Chr2_supercontig_000002505,2,2683,713061250,1391345120
GL843647.1,Chr2_supercontig_000002506,2,2263,713063513,1391347383
GL843648.1,Chr2_supercontig_000002507,2,1522,713065035,1391348905
GL843649.1,Chr2_supercontig_000002508,2,1685,713066720,1391350590
GL843650.1,Chr2_supercontig_000002509,2,1573,713068293,1391352163
GL843651.1,Chr2_supercontig_000002510,2,11362,713079655,1391363525
GL843652.1,Chr2_supercontig_000002511,2,3242,713082897,1391366767
GL843653.1,Chr2_supercontig_000002512,2,4189,713087086,1391370956
GL843654.1,Chr2_supercontig_000002513,2,1817,713088903,1391372773
GL843655.1,Chr2_supercontig_000002514,2,7538,713096441,1391380311
GL843656.1,Chr2_supercontig_000002515,2,2426,713098867,1391382737
GL843657.1,Chr2_supercontig_000002516,2,2581,713101448,1391385318
GL843658.1,Chr2_supercontig_000002517,2,1670,713103118,1391386988
GL843659.1,Chr2_supercontig_000002518,2,2021,713105139,1391389009
GL843660.1,Chr2_supercontig_000002519,2,2098,713107237,1391391107
GL843661.1,Chr2_supercontig_000002520,2,4424,713111661,1391395531
GL843662.1,Chr2_supercontig_000002521,2,3278,713114939,1391398809
GL843663.1,Chr2_supercontig_000002522,2,1601,713116540,1391400410
GL843664.1,Chr2_supercontig_000002523,2,1803,713118343,1391402213
GL843665.1,Chr2_supercontig_000002524,2,1634,713119977,1391403847
GL843666.1,Chr2_supercontig_000002525,2,1692,713121669,1391405539
GL843667.1,Chr2_supercontig_000002526,2,2320,713123989,1391407859
GL843668.1,Chr2_supercontig_000002527,2,3545,713127534,1391411404
GL843669.1,Chr2_supercontig_000002528,2,2660,713130194,1391414064
GL843670.1,Chr2_supercontig_000002529,2,4501,713134695,1391418565
GL843671.1,Chr2_supercontig_000002530,2,2363,713137058,1391420928
GL843672.1,Chr2_supercontig_000002531,2,2075,713139133,1391423003
GL843673.1,Chr2_supercontig_000002532,2,5846,713144979,1391428849
GL843674.1,Chr2_supercontig_000002533,2,1558,713146537,1391430407
GL843675.1,Chr2_supercontig_000002534,2,3113,713149650,1391433520
GL843676.1,Chr2_supercontig_000002535,2,1514,713151164,1391435034
GL843677.1,Chr2_supercontig_000002536,2,2526,713153690,1391437560
GL843678.1,Chr2_supercontig_000002537,2,1884,713155574,1391439444
GL843679.1,Chr2_supercontig_000002538,2,1715,713157289,1391441159
GL843680.1,Chr2_supercontig_000002539,2,11843,713169132,1391453002
GL843681.1,Chr2_supercontig_000002540,2,3730,713172862,1391456732
GL843682.1,Chr2_supercontig_000002541,2,2029,713174891,1391458761
GL843683.1,Chr2_supercontig_000002542,2,2082,713176973,1391460843
GL843684.1,Chr2_supercontig_000002543,2,3830,713180803,1391464673
GL843685.1,Chr2_supercontig_000002544,2,9351,713190154,1391474024
GL843686.1,Chr2_supercontig_000002545,2,2002,713192156,1391476026
GL843687.1,Chr2_supercontig_000002546,2,1760,713193916,1391477786
GL843688.1,Chr2_supercontig_000002547,2,2254,713196170,1391480040
GL843689.1,Chr2_supercontig_000002548,2,1681,713197851,1391481721
GL843690.1,Chr2_supercontig_000002549,2,1634,713199485,1391483355
GL843691.1,Chr2_supercontig_000002550,2,2653,713202138,1391486008
GL843692.1,Chr2_supercontig_000002551,2,1928,713204066,1391487936
GL843693.1,Chr2_supercontig_000002552,2,3534,713207600,1391491470
GL843694.1,Chr2_supercontig_000002553,2,1776,713209376,1391493246
GL843695.1,Chr2_supercontig_000002554,2,2112,713211488,1391495358
GL843696.1,Chr2_supercontig_000002555,2,1982,713213470,1391497340
GL843697.1,Chr2_supercontig_000002556,2,2683,713216153,1391500023
GL843698.1,Chr2_supercontig_000002557,2,6014,713222167,1391506037
GL843699.1,Chr2_supercontig_000002558,2,2237,713224404,1391508274
GL843700.1,Chr2_supercontig_000002559,2,1500,713225904,1391509774
GL843701.1,Chr2_supercontig_000002560,2,4270,713230174,1391514044
GL843702.1,Chr2_supercontig_000002561,2,2113,713232287,1391516157
GL843703.1,Chr2_supercontig_000002562,2,3084,713235371,1391519241
GL843704.1,Chr2_supercontig_000002563,2,1927,713237298,1391521168
GL843705.1,Chr2_supercontig_000002564,2,1972,713239270,1391523140
GL843706.1,Chr2_supercontig_000002565,2,3015,713242285,1391526155
GL843707.1,Chr2_supercontig_000002566,2,6856,713249141,1391533011
GL843708.1,Chr2_supercontig_000002567,2,3539,713252680,1391536550
GL843709.1,Chr2_supercontig_000002568,2,2489,713255169,1391539039
GL843710.1,Chr2_supercontig_000002569,2,9392,713264561,1391548431
GL843711.1,Chr2_supercontig_000002570,2,3247,713267808,1391551678
GL843712.1,Chr2_supercontig_000002571,2,1585,713269393,1391553263
GL843713.1,Chr2_supercontig_000002572,2,2106,713271499,1391555369
GL843714.1,Chr2_supercontig_000002573,2,2108,713273607,1391557477
GL843715.1,Chr2_supercontig_000002574,2,3872,713277479,1391561349
GL843716.1,Chr2_supercontig_000002575,2,4589,713282068,1391565938
GL843717.1,Chr2_supercontig_000002576,2,3136,713285204,1391569074
GL843718.1,Chr2_supercontig_000002577,2,2386,713287590,1391571460
GL843719.1,Chr2_supercontig_000002578,2,1699,713289289,1391573159
GL843720.1,Chr2_supercontig_000002579,2,2782,713292071,1391575941
GL843721.1,Chr2_supercontig_000002580,2,2572,713294643,1391578513
GL843722.1,Chr2_supercontig_000002581,2,1682,713296325,1391580195
GL843723.1,Chr2_supercontig_000002582,2,3705,713300030,1391583900
GL843724.1,Chr2_supercontig_000002583,2,3227,713303257,1391587127
GL843725.1,Chr2_supercontig_000002584,2,5550,713308807,1391592677
GL843726.1,Chr2_supercontig_000002585,2,3208,713312015,1391595885
GL843727.1,Chr2_supercontig_000002586,2,1752,713313767,1391597637
GL843728.1,Chr2_supercontig_000002587,2,4373,713318140,1391602010
GL843729.1,Chr2_supercontig_000002588,2,2190,713320330,1391604200
GL843730.1,Chr2_supercontig_000002589,2,2535,713322865,1391606735
GL843731.1,Chr2_supercontig_000002590,2,2313,713325178,1391609048
GL843732.1,Chr2_supercontig_000002591,2,2199,713327377,1391611247
GL843733.1,Chr2_supercontig_000002592,2,2967,713330344,1391614214
GL843734.1,Chr2_supercontig_000002593,2,2063,713332407,1391616277
GL843735.1,Chr2_supercontig_000002594,2,1673,713334080,1391617950
GL843736.1,Chr2_supercontig_000002595,2,1680,713335760,1391619630
GL843737.1,Chr2_supercontig_000002596,2,1872,713337632,1391621502
GL843738.1,Chr2_supercontig_000002597,2,4094,713341726,1391625596
GL843739.1,Chr2_supercontig_000002598,2,2141,713343867,1391627737
GL843740.1,Chr2_supercontig_000002599,2,3640,713347507,1391631377
GL843741.1,Chr2_supercontig_000002600,2,1806,713349313,1391633183
GL843742.1,Chr2_supercontig_000002601,2,3203,713352516,1391636386
GL843743.1,Chr2_supercontig_000002602,2,1916,713354432,1391638302
GL843744.1,Chr2_supercontig_000002603,2,2562,713356994,1391640864
GL843745.1,Chr2_supercontig_000002604,2,2993,713359987,1391643857
GL843746.1,Chr2_supercontig_000002605,2,1649,713361636,1391645506
GL843747.1,Chr2_supercontig_000002606,2,3456,713365092,1391648962
GL843748.1,Chr2_supercontig_000002607,2,1568,713366660,1391650530
GL843749.1,Chr2_supercontig_000002608,2,6976,713373636,1391657506
GL843750.1,Chr2_supercontig_000002609,2,1502,713375138,1391659008
GL843751.1,Chr2_supercontig_000002610,2,2351,713377489,1391661359
GL843752.1,Chr2_supercontig_000002611,2,1642,713379131,1391663001
GL843753.1,Chr2_supercontig_000002612,2,3309,713382440,1391666310
GL843754.1,Chr2_supercontig_000002613,2,2678,713385118,1391668988
GL843755.1,Chr2_supercontig_000002614,2,1725,713386843,1391670713
GL843756.1,Chr2_supercontig_000002615,2,1780,713388623,1391672493
GL843757.1,Chr2_supercontig_000002616,2,2712,713391335,1391675205
GL843758.1,Chr2_supercontig_000002617,2,3520,713394855,1391678725
GL843759.1,Chr2_supercontig_000002618,2,1884,713396739,1391680609
GL843760.1,Chr2_supercontig_000002619,2,2144,713398883,1391682753
GL843761.1,Chr2_supercontig_000002620,2,1503,713400386,1391684256
GL843762.1,Chr2_supercontig_000002621,2,2781,713403167,1391687037
GL843763.1,Chr2_supercontig_000002622,2,6739,713409906,1391693776
GL843764.1,Chr2_supercontig_000002623,2,5087,713414993,1391698863
GL843765.1,Chr2_supercontig_000002624,2,1560,713416553,1391700423
GL843766.1,Chr2_supercontig_000002625,2,2946,713419499,1391703369
GL843767.1,Chr2_supercontig_000002626,2,2701,713422200,1391706070
GL843768.1,Chr2_supercontig_000002627,2,1822,713424022,1391707892
GL843769.1,Chr2_supercontig_000002628,2,1799,713425821,1391709691
GL843770.1,Chr2_supercontig_000002629,2,2749,713428570,1391712440
GL843771.1,Chr2_supercontig_000002630,2,1916,713430486,1391714356
GL843772.1,Chr2_supercontig_000002631,2,3571,713434057,1391717927
GL843773.1,Chr2_supercontig_000002632,2,2071,713436128,1391719998
GL843774.1,Chr2_supercontig_000002633,2,1608,713437736,1391721606
GL843775.1,Chr2_supercontig_000002634,2,4494,713442230,1391726100
GL843776.1,Chr2_supercontig_000002635,2,3590,713445820,1391729690
GL843777.1,Chr2_supercontig_000002636,2,1634,713447454,1391731324
GL843778.1,Chr2_supercontig_000002637,2,1616,713449070,1391732940
GL843779.1,Chr2_supercontig_000002638,2,2282,713451352,1391735222
GL843780.1,Chr2_supercontig_000002639,2,2448,713453800,1391737670
GL843781.1,Chr2_supercontig_000002640,2,1602,713455402,1391739272
GL843782.1,Chr2_supercontig_000002641,2,3037,713458439,1391742309
GL843783.1,Chr2_supercontig_000002642,2,2695,713461134,1391745004
GL843784.1,Chr2_supercontig_000002643,2,2724,713463858,1391747728
GL843785.1,Chr2_supercontig_000002644,2,5354,713469212,1391753082
GL843786.1,Chr2_supercontig_000002645,2,4153,713473365,1391757235
GL843787.1,Chr2_supercontig_000002646,2,5949,713479314,1391763184
GL843788.1,Chr2_supercontig_000002647,2,2755,713482069,1391765939
GL843789.1,Chr2_supercontig_000002648,2,1707,713483776,1391767646
GL843790.1,Chr2_supercontig_000002649,2,1810,713485586,1391769456
GL843791.1,Chr2_supercontig_000002650,2,3056,713488642,1391772512
GL843792.1,Chr2_supercontig_000002651,2,5712,713494354,1391778224
GL843793.1,Chr2_supercontig_000002652,2,1664,713496018,1391779888
GL843794.1,Chr2_supercontig_000002653,2,1629,713497647,1391781517
GL843795.1,Chr2_supercontig_000002654,2,1913,713499560,1391783430
GL843796.1,Chr2_supercontig_000002655,2,1514,713501074,1391784944
GL843797.1,Chr2_supercontig_000002656,2,1634,713502708,1391786578
GL843798.1,Chr2_supercontig_000002657,2,1772,713504480,1391788350
GL843799.1,Chr2_supercontig_000002658,2,3282,713507762,1391791632
GL843800.1,Chr2_supercontig_000002659,2,3445,713511207,1391795077
GL843801.1,Chr2_supercontig_000002660,2,2044,713513251,1391797121
GL843802.1,Chr2_supercontig_000002661,2,3933,713517184,1391801054
GL843803.1,Chr2_supercontig_000002662,2,2223,713519407,1391803277
GL843804.1,Chr2_supercontig_000002663,2,3590,713522997,1391806867
GL843805.1,Chr2_supercontig_000002664,2,5561,713528558,1391812428
GL843806.1,Chr2_supercontig_000002665,2,17476,713546034,1391829904
GL843807.1,Chr2_supercontig_000002666,2,2535,713548569,1391832439
GL843808.1,Chr2_supercontig_000002667,2,1925,713550494,1391834364
GL843809.1,Chr2_supercontig_000002668,2,1564,713552058,1391835928
GL843810.1,Chr2_supercontig_000002669,2,1740,713553798,1391837668
GL843811.1,Chr2_supercontig_000002670,2,2207,713556005,1391839875
GL843812.1,Chr2_supercontig_000002671,2,2526,713558531,1391842401
GL843813.1,Chr2_supercontig_000002672,2,2385,713560916,1391844786
GL843814.1,Chr2_supercontig_000002673,2,1673,713562589,1391846459
GL843815.1,Chr2_supercontig_000002674,2,1689,713564278,1391848148
GL843816.1,Chr2_supercontig_000002675,2,1630,713565908,1391849778
GL843817.1,Chr2_supercontig_000002676,2,3152,713569060,1391852930
GL843818.1,Chr2_supercontig_000002677,2,11820,713580880,1391864750
GL843819.1,Chr2_supercontig_000002678,2,2614,713583494,1391867364
GL843820.1,Chr2_supercontig_000002679,2,1615,713585109,1391868979
GL843821.1,Chr2_supercontig_000002680,2,1993,713587102,1391870972
GL843822.1,Chr2_supercontig_000002681,2,2097,713589199,1391873069
GL843823.1,Chr2_supercontig_000002682,2,1665,713590864,1391874734
GL843824.1,Chr2_supercontig_000002683,2,2497,713593361,1391877231
GL843825.1,Chr2_supercontig_000002684,2,2240,713595601,1391879471
GL843826.1,Chr2_supercontig_000002685,2,4495,713600096,1391883966
GL843827.1,Chr2_supercontig_000002686,2,4404,713604500,1391888370
GL843828.1,Chr2_supercontig_000002687,2,7359,713611859,1391895729
GL843829.1,Chr2_supercontig_000002688,2,3921,713615780,1391899650
GL843830.1,Chr2_supercontig_000002689,2,5463,713621243,1391905113
GL843831.1,Chr2_supercontig_000002690,2,3984,713625227,1391909097
GL843832.1,Chr2_supercontig_000002691,2,3622,713628849,1391912719
GL843833.1,Chr2_supercontig_000002692,2,3327,713632176,1391916046
GL843834.1,Chr2_supercontig_000002693,2,2452,713634628,1391918498
GL843835.1,Chr2_supercontig_000002694,2,2065,713636693,1391920563
GL843836.1,Chr2_supercontig_000002695,2,2336,713639029,1391922899
GL843837.1,Chr2_supercontig_000002696,2,4823,713643852,1391927722
GL843838.1,Chr2_supercontig_000002697,2,2019,713645871,1391929741
GL843839.1,Chr2_supercontig_000002698,2,1913,713647784,1391931654
GL843840.1,Chr2_supercontig_000002699,2,2376,713650160,1391934030
GL843841.1,Chr2_supercontig_000002700,2,7576,713657736,1391941606
GL843842.1,Chr2_supercontig_000002701,2,4033,713661769,1391945639
GL843843.1,Chr2_supercontig_000002702,2,2061,713663830,1391947700
GL843844.1,Chr2_supercontig_000002703,2,2287,713666117,1391949987
GL843845.1,Chr2_supercontig_000002704,2,3167,713669284,1391953154
GL843846.1,Chr2_supercontig_000002705,2,7315,713676599,1391960469
GL843847.1,Chr2_supercontig_000002706,2,3918,713680517,1391964387
GL843848.1,Chr2_supercontig_000002707,2,1951,713682468,1391966338
GL843849.1,Chr2_supercontig_000002708,2,5843,713688311,1391972181
GL843850.1,Chr2_supercontig_000002709,2,1940,713690251,1391974121
GL843851.1,Chr2_supercontig_000002710,2,2274,713692525,1391976395
GL843852.1,Chr2_supercontig_000002711,2,1592,713694117,1391977987
GL843853.1,Chr2_supercontig_000002712,2,2066,713696183,1391980053
GL843854.1,Chr2_supercontig_000002713,2,2107,713698290,1391982160
GL843855.1,Chr2_supercontig_000002714,2,3833,713702123,1391985993
GL843856.1,Chr2_supercontig_000002715,2,2526,713704649,1391988519
GL843857.1,Chr2_supercontig_000002716,2,7800,713712449,1391996319
GL843858.1,Chr2_supercontig_000002717,2,1901,713714350,1391998220
GL843859.1,Chr2_supercontig_000002718,2,2807,713717157,1392001027
GL843860.1,Chr2_supercontig_000002719,2,1509,713718666,1392002536
GL843861.1,Chr2_supercontig_000002720,2,2171,713720837,1392004707
GL843862.1,Chr2_supercontig_000002721,2,1981,713722818,1392006688
GL843863.1,Chr2_supercontig_000002722,2,1633,713724451,1392008321
GL843864.1,Chr2_supercontig_000002723,2,2289,713726740,1392010610
GL843865.1,Chr2_supercontig_000002724,2,1816,713728556,1392012426
GL843866.1,Chr2_supercontig_000002725,2,2522,713731078,1392014948
GL843867.1,Chr2_supercontig_000002726,2,3564,713734642,1392018512
GL843868.1,Chr2_supercontig_000002727,2,3047,713737689,1392021559
GL843869.1,Chr2_supercontig_000002728,2,4337,713742026,1392025896
GL843870.1,Chr2_supercontig_000002729,2,3686,713745712,1392029582
GL843871.1,Chr2_supercontig_000002730,2,2918,713748630,1392032500
GL843872.1,Chr2_supercontig_000002731,2,1652,713750282,1392034152
GL843873.1,Chr2_supercontig_000002732,2,1751,713752033,1392035903
GL843874.1,Chr2_supercontig_000002733,2,2387,713754420,1392038290
GL843875.1,Chr2_supercontig_000002734,2,2070,713756490,1392040360
GL843876.1,Chr2_supercontig_000002735,2,1617,713758107,1392041977
GL843877.1,Chr2_supercontig_000002736,2,3022,713761129,1392044999
GL843878.1,Chr2_supercontig_000002737,2,3925,713765054,1392048924
GL843879.1,Chr2_supercontig_000002738,2,1880,713766934,1392050804
GL843880.1,Chr2_supercontig_000002739,2,1882,713768816,1392052686
GL843881.1,Chr2_supercontig_000002740,2,1924,713770740,1392054610
GL843882.1,Chr2_supercontig_000002741,2,1570,713772310,1392056180
GL843883.1,Chr2_supercontig_000002742,2,1643,713773953,1392057823
GL843884.1,Chr2_supercontig_000002743,2,2645,713776598,1392060468
GL843885.1,Chr2_supercontig_000002744,2,2482,713779080,1392062950
GL843886.1,Chr2_supercontig_000002745,2,2831,713781911,1392065781
GL843887.1,Chr2_supercontig_000002746,2,1677,713783588,1392067458
GL843888.1,Chr2_supercontig_000002747,2,5886,713789474,1392073344
GL843889.1,Chr2_supercontig_000002748,2,3787,713793261,1392077131
GL843890.1,Chr2_supercontig_000002749,2,8041,713801302,1392085172
GL843891.1,Chr2_supercontig_000002750,2,3774,713805076,1392088946
GL843892.1,Chr2_supercontig_000002751,2,1600,713806676,1392090546
GL843893.1,Chr2_supercontig_000002752,2,2442,713809118,1392092988
GL843894.1,Chr2_supercontig_000002753,2,1623,713810741,1392094611
GL843895.1,Chr2_supercontig_000002754,2,2258,713812999,1392096869
GL843896.1,Chr2_supercontig_000002755,2,1984,713814983,1392098853
GL843897.1,Chr2_supercontig_000002756,2,2728,713817711,1392101581
GL843898.1,Chr2_supercontig_000002757,2,2781,713820492,1392104362
GL843899.1,Chr2_supercontig_000002758,2,2175,713822667,1392106537
GL843900.1,Chr2_supercontig_000002759,2,2753,713825420,1392109290
GL843901.1,Chr2_supercontig_000002760,2,2081,713827501,1392111371
GL843902.1,Chr2_supercontig_000002761,2,2012,713829513,1392113383
GL843903.1,Chr2_supercontig_000002762,2,1656,713831169,1392115039
GL843904.1,Chr2_supercontig_000002763,2,1857,713833026,1392116896
GL843905.1,Chr2_supercontig_000002764,2,2897,713835923,1392119793
GL843906.1,Chr2_supercontig_000002765,2,1651,713837574,1392121444
GL843907.1,Chr2_supercontig_000002766,2,1917,713839491,1392123361
GL843908.1,Chr2_supercontig_000002767,2,3694,713843185,1392127055
GL843909.1,Chr2_supercontig_000002768,2,1813,713844998,1392128868
GL843910.1,Chr2_supercontig_000002769,2,3229,713848227,1392132097
GL843911.1,Chr2_supercontig_000002770,2,1985,713850212,1392134082
GL843912.1,Chr2_supercontig_000002771,2,1562,713851774,1392135644
GL843913.1,Chr2_supercontig_000002772,2,1744,713853518,1392137388
GL843914.1,Chr2_supercontig_000002773,2,2229,713855747,1392139617
GL843915.1,Chr2_supercontig_000002774,2,3969,713859716,1392143586
GL843916.1,Chr2_supercontig_000002775,2,2360,713862076,1392145946
GL843917.1,Chr2_supercontig_000002776,2,2731,713864807,1392148677
GL843918.1,Chr2_supercontig_000002777,2,1978,713866785,1392150655
GL843919.1,Chr2_supercontig_000002778,2,1868,713868653,1392152523
GL843920.1,Chr2_supercontig_000002779,2,1640,713870293,1392154163
GL843921.1,Chr2_supercontig_000002780,2,2680,713872973,1392156843
GL843922.1,Chr2_supercontig_000002781,2,2117,713875090,1392158960
GL843923.1,Chr2_supercontig_000002782,2,4078,713879168,1392163038
GL843924.1,Chr2_supercontig_000002783,2,1845,713881013,1392164883
GL843925.1,Chr2_supercontig_000002784,2,4349,713885362,1392169232
GL843926.1,Chr2_supercontig_000002785,2,2011,713887373,1392171243
GL843927.1,Chr2_supercontig_000002786,2,2580,713889953,1392173823
GL843928.1,Chr2_supercontig_000002787,2,5002,713894955,1392178825
GL843929.1,Chr2_supercontig_000002788,2,3194,713898149,1392182019
GL843930.1,Chr2_supercontig_000002789,2,1675,713899824,1392183694
GL843931.1,Chr2_supercontig_000002790,2,2261,713902085,1392185955
GL843932.1,Chr2_supercontig_000002791,2,3274,713905359,1392189229
GL843933.1,Chr2_supercontig_000002792,2,1925,713907284,1392191154
GL843934.1,Chr2_supercontig_000002793,2,1842,713909126,1392192996
GL843935.1,Chr2_supercontig_000002794,2,1876,713911002,1392194872
GL843936.1,Chr2_supercontig_000002795,2,1685,713912687,1392196557
GL843937.1,Chr2_supercontig_000002796,2,4234,713916921,1392200791
GL843938.1,Chr2_supercontig_000002797,2,2109,713919030,1392202900
GL843939.1,Chr2_supercontig_000002798,2,3482,713922512,1392206382
GL843940.1,Chr2_supercontig_000002799,2,2076,713924588,1392208458
GL843941.1,Chr2_supercontig_000002800,2,2616,713927204,1392211074
GL843942.1,Chr2_supercontig_000002801,2,3190,713930394,1392214264
GL843943.1,Chr2_supercontig_000002802,2,1771,713932165,1392216035
GL843944.1,Chr2_supercontig_000002803,2,3996,713936161,1392220031
GL843945.1,Chr2_supercontig_000002804,2,1635,713937796,1392221666
GL843946.1,Chr2_supercontig_000002805,2,3106,713940902,1392224772
GL843947.1,Chr2_supercontig_000002806,2,2444,713943346,1392227216
GL843948.1,Chr2_supercontig_000002807,2,2969,713946315,1392230185
GL843949.1,Chr2_supercontig_000002808,2,4008,713950323,1392234193
GL843950.1,Chr2_supercontig_000002809,2,4083,713954406,1392238276
GL843951.1,Chr2_supercontig_000002810,2,2958,713957364,1392241234
GL843952.1,Chr2_supercontig_000002811,2,1718,713959082,1392242952
GL843953.1,Chr2_supercontig_000002812,2,2582,713961664,1392245534
GL843954.1,Chr2_supercontig_000002813,2,1814,713963478,1392247348
GL843955.1,Chr2_supercontig_000002814,2,3233,713966711,1392250581
GL843956.1,Chr2_supercontig_000002815,2,2160,713968871,1392252741
GL843957.1,Chr2_supercontig_000002816,2,1854,713970725,1392254595
GL843958.1,Chr2_supercontig_000002817,2,2162,713972887,1392256757
GL843959.1,Chr2_supercontig_000002818,2,1676,713974563,1392258433
GL843960.1,Chr2_supercontig_000002819,2,6719,713981282,1392265152
GL843961.1,Chr2_supercontig_000002820,2,10528,713991810,1392275680
GL843962.1,Chr2_supercontig_000002821,2,2486,713994296,1392278166
GL843963.1,Chr2_supercontig_000002822,2,8873,714003169,1392287039
GL843964.1,Chr2_supercontig_000002823,2,2369,714005538,1392289408
GL843965.1,Chr2_supercontig_000002824,2,1984,714007522,1392291392
GL843966.1,Chr2_supercontig_000002825,2,1790,714009312,1392293182
GL843967.1,Chr2_supercontig_000002826,2,1769,714011081,1392294951
GL843968.1,Chr2_supercontig_000002827,2,2080,714013161,1392297031
GL843969.1,Chr2_supercontig_000002828,2,2232,714015393,1392299263
GL843970.1,Chr2_supercontig_000002829,2,2051,714017444,1392301314
GL843971.1,Chr2_supercontig_000002830,2,3194,714020638,1392304508
GL843972.1,Chr2_supercontig_000002831,2,3382,714024020,1392307890
GL843973.1,Chr2_supercontig_000002832,2,1949,714025969,1392309839
GL843974.1,Chr2_supercontig_000002833,2,3171,714029140,1392313010
GL843975.1,Chr2_supercontig_000002834,2,1562,714030702,1392314572
GL843976.1,Chr2_supercontig_000002835,2,2156,714032858,1392316728
GL843977.1,Chr2_supercontig_000002836,2,2968,714035826,1392319696
GL843978.1,Chr2_supercontig_000002837,2,3156,714038982,1392322852
GL843979.1,Chr2_supercontig_000002838,2,2744,714041726,1392325596
GL843980.1,Chr2_supercontig_000002839,2,1752,714043478,1392327348
GL843981.1,Chr2_supercontig_000002840,2,3093,714046571,1392330441
GL843982.1,Chr2_supercontig_000002841,2,11403,714057974,1392341844
GL843983.1,Chr2_supercontig_000002842,2,2014,714059988,1392343858
GL843984.1,Chr2_supercontig_000002843,2,1740,714061728,1392345598
GL843985.1,Chr2_supercontig_000002844,2,2124,714063852,1392347722
GL843986.1,Chr2_supercontig_000002845,2,1998,714065850,1392349720
GL843987.1,Chr2_supercontig_000002846,2,2577,714068427,1392352297
GL843988.1,Chr2_supercontig_000002847,2,3899,714072326,1392356196
GL843989.1,Chr2_supercontig_000002848,2,2023,714074349,1392358219
GL843990.1,Chr2_supercontig_000002849,2,2563,714076912,1392360782
GL843991.1,Chr2_supercontig_000002850,2,2739,714079651,1392363521
GL843992.1,Chr2_supercontig_000002851,2,2731,714082382,1392366252
GL843993.1,Chr2_supercontig_000002852,2,2069,714084451,1392368321
GL843994.1,Chr2_supercontig_000002853,2,4490,714088941,1392372811
GL843995.1,Chr2_supercontig_000002854,2,2014,714090955,1392374825
GL843996.1,Chr2_supercontig_000002855,2,1752,714092707,1392376577
GL843997.1,Chr2_supercontig_000002856,2,4547,714097254,1392381124
GL843998.1,Chr2_supercontig_000002857,2,2048,714099302,1392383172
GL843999.1,Chr2_supercontig_000002858,2,1965,714101267,1392385137
GL844000.1,Chr2_supercontig_000002859,2,8502,714109769,1392393639
GL844001.1,Chr2_supercontig_000002860,2,11088,714120857,1392404727
GL844002.1,Chr2_supercontig_000002861,2,2057,714122914,1392406784
GL844003.1,Chr2_supercontig_000002862,2,3803,714126717,1392410587
GL844004.1,Chr2_supercontig_000002863,2,1969,714128686,1392412556
GL844005.1,Chr2_supercontig_000002864,2,2110,714130796,1392414666
GL844006.1,Chr2_supercontig_000002865,2,2226,714133022,1392416892
GL844007.1,Chr2_supercontig_000002866,2,2289,714135311,1392419181
GL844008.1,Chr2_supercontig_000002867,2,1674,714136985,1392420855
GL844009.1,Chr2_supercontig_000002868,2,2642,714139627,1392423497
GL844010.1,Chr2_supercontig_000002869,2,1527,714141154,1392425024
GL844011.1,Chr2_supercontig_000002870,2,1546,714142700,1392426570
GL844012.1,Chr2_supercontig_000002871,2,2541,714145241,1392429111
GL844013.1,Chr2_supercontig_000002872,2,3550,714148791,1392432661
GL844014.1,Chr2_supercontig_000002873,2,5968,714154759,1392438629
GL844015.1,Chr2_supercontig_000002874,2,1965,714156724,1392440594
GL844016.1,Chr2_supercontig_000002875,2,1621,714158345,1392442215
GL844017.1,Chr2_supercontig_000002876,2,1583,714159928,1392443798
GL844018.1,Chr2_supercontig_000002877,2,1802,714161730,1392445600
GL844019.1,Chr2_supercontig_000002878,2,1728,714163458,1392447328
GL844020.1,Chr2_supercontig_000002879,2,1997,714165455,1392449325
GL844021.1,Chr2_supercontig_000002880,2,5301,714170756,1392454626
GL844022.1,Chr2_supercontig_000002881,2,1712,714172468,1392456338
GL844023.1,Chr2_supercontig_000002882,2,2278,714174746,1392458616
GL844024.1,Chr2_supercontig_000002883,2,3075,714177821,1392461691
GL844025.1,Chr2_supercontig_000002884,2,3275,714181096,1392464966
GL844026.1,Chr2_supercontig_000002885,2,2446,714183542,1392467412
GL844027.1,Chr2_supercontig_000002886,2,2375,714185917,1392469787
GL844028.1,Chr2_supercontig_000002887,2,2689,714188606,1392472476
GL844029.1,Chr2_supercontig_000002888,2,8052,714196658,1392480528
GL844030.1,Chr2_supercontig_000002889,2,6613,714203271,1392487141
GL844031.1,Chr2_supercontig_000002890,2,3010,714206281,1392490151
GL844032.1,Chr2_supercontig_000002891,2,9106,714215387,1392499257
GL844033.1,Chr2_supercontig_000002892,2,8386,714223773,1392507643
GL844034.1,Chr2_supercontig_000002893,2,2726,714226499,1392510369
GL844035.1,Chr2_supercontig_000002894,2,2217,714228716,1392512586
GL844036.1,Chr2_supercontig_000002895,2,15914,714244630,1392528500
GL844037.1,Chr2_supercontig_000002896,2,3483,714248113,1392531983
GL844038.1,Chr2_supercontig_000002897,2,4255,714252368,1392536238
GL844039.1,Chr2_supercontig_000002898,2,1971,714254339,1392538209
GL844040.1,Chr2_supercontig_000002899,2,1888,714256227,1392540097
GL844041.1,Chr2_supercontig_000002900,2,3452,714259679,1392543549
GL844042.1,Chr2_supercontig_000002901,2,3208,714262887,1392546757
GL844043.1,Chr2_supercontig_000002902,2,3581,714266468,1392550338
GL844044.1,Chr2_supercontig_000002903,2,1973,714268441,1392552311
GL844045.1,Chr2_supercontig_000002904,2,3118,714271559,1392555429
GL844046.1,Chr2_supercontig_000002905,2,1503,714273062,1392556932
GL844047.1,Chr2_supercontig_000002906,2,1937,714274999,1392558869
GL844048.1,Chr2_supercontig_000002907,2,1995,714276994,1392560864
GL844049.1,Chr2_supercontig_000002908,2,2438,714279432,1392563302
GL844050.1,Chr2_supercontig_000002909,2,4534,714283966,1392567836
GL844051.1,Chr2_supercontig_000002910,2,2736,714286702,1392570572
GL844052.1,Chr2_supercontig_000002911,2,2037,714288739,1392572609
GL844053.1,Chr2_supercontig_000002912,2,1711,714290450,1392574320
GL844054.1,Chr2_supercontig_000002913,2,1927,714292377,1392576247
GL844055.1,Chr2_supercontig_000002914,2,3120,714295497,1392579367
GL844056.1,Chr2_supercontig_000002915,2,5670,714301167,1392585037
GL844057.1,Chr2_supercontig_000002916,2,2992,714304159,1392588029
GL844058.1,Chr2_supercontig_000002917,2,2847,714307006,1392590876
GL844059.1,Chr2_supercontig_000002918,2,8209,714315215,1392599085
GL844060.1,Chr2_supercontig_000002919,2,10031,714325246,1392609116
GL844061.1,Chr2_supercontig_000002920,2,1643,714326889,1392610759
GL844062.1,Chr2_supercontig_000002921,2,1892,714328781,1392612651
GL844063.1,Chr2_supercontig_000002922,2,1861,714330642,1392614512
GL844064.1,Chr2_supercontig_000002923,2,3126,714333768,1392617638
GL844065.1,Chr2_supercontig_000002924,2,4642,714338410,1392622280
GL844066.1,Chr2_supercontig_000002925,2,2754,714341164,1392625034
GL844067.1,Chr2_supercontig_000002926,2,1652,714342816,1392626686
GL844068.1,Chr2_supercontig_000002927,2,4530,714347346,1392631216
GL844069.1,Chr2_supercontig_000002928,2,5667,714353013,1392636883
GL844070.1,Chr2_supercontig_000002929,2,1981,714354994,1392638864
GL844071.1,Chr2_supercontig_000002930,2,5868,714360862,1392644732
GL844072.1,Chr2_supercontig_000002931,2,2006,714362868,1392646738
GL844073.1,Chr2_supercontig_000002932,2,2173,714365041,1392648911
GL844074.1,Chr2_supercontig_000002933,2,2849,714367890,1392651760
GL844075.1,Chr2_supercontig_000002934,2,1749,714369639,1392653509
GL844076.1,Chr2_supercontig_000002935,2,2090,714371729,1392655599
GL844077.1,Chr2_supercontig_000002936,2,12080,714383809,1392667679
GL844078.1,Chr2_supercontig_000002937,2,2867,714386676,1392670546
GL844079.1,Chr2_supercontig_000002938,2,6872,714393548,1392677418
GL844080.1,Chr2_supercontig_000002939,2,1643,714395191,1392679061
GL844081.1,Chr2_supercontig_000002940,2,1846,714397037,1392680907
GL844082.1,Chr2_supercontig_000002941,2,2722,714399759,1392683629
GL844083.1,Chr2_supercontig_000002942,2,2468,714402227,1392686097
GL844084.1,Chr2_supercontig_000002943,2,1647,714403874,1392687744
GL844085.1,Chr2_supercontig_000002944,2,3261,714407135,1392691005
GL844086.1,Chr2_supercontig_000002945,2,5324,714412459,1392696329
GL844087.1,Chr2_supercontig_000002946,2,3887,714416346,1392700216
GL844088.1,Chr2_supercontig_000002947,2,3019,714419365,1392703235
GL844089.1,Chr2_supercontig_000002948,2,2450,714421815,1392705685
GL844090.1,Chr2_supercontig_000002949,2,2282,714424097,1392707967
GL844091.1,Chr2_supercontig_000002950,2,1507,714425604,1392709474
GL844092.1,Chr2_supercontig_000002951,2,2329,714427933,1392711803
GL844093.1,Chr2_supercontig_000002952,2,17520,714445453,1392729323
GL844094.1,Chr2_supercontig_000002953,2,1596,714447049,1392730919
GL844095.1,Chr2_supercontig_000002954,2,1778,714448827,1392732697
GL844096.1,Chr2_supercontig_000002955,2,2635,714451462,1392735332
GL844097.1,Chr2_supercontig_000002956,2,1691,714453153,1392737023
GL844098.1,Chr2_supercontig_000002957,2,2573,714455726,1392739596
GL844099.1,Chr2_supercontig_000002958,2,1699,714457425,1392741295
GL844100.1,Chr2_supercontig_000002959,2,3885,714461310,1392745180
GL844101.1,Chr2_supercontig_000002960,2,2048,714463358,1392747228
GL844102.1,Chr2_supercontig_000002961,2,3568,714466926,1392750796
GL844103.1,Chr2_supercontig_000002962,2,1532,714468458,1392752328
GL844104.1,Chr2_supercontig_000002963,2,2511,714470969,1392754839
GL844105.1,Chr2_supercontig_000002964,2,2432,714473401,1392757271
GL844106.1,Chr2_supercontig_000002965,2,1569,714474970,1392758840
GL844107.1,Chr2_supercontig_000002966,2,3651,714478621,1392762491
GL844108.1,Chr2_supercontig_000002967,2,2408,714481029,1392764899
GL844109.1,Chr2_supercontig_000002968,2,1704,714482733,1392766603
GL844110.1,Chr2_supercontig_000002969,2,2625,714485358,1392769228
GL844111.1,Chr2_supercontig_000002970,2,3093,714488451,1392772321
GL844112.1,Chr2_supercontig_000002971,2,2139,714490590,1392774460
GL844113.1,Chr2_supercontig_000002972,2,2068,714492658,1392776528
GL844114.1,Chr2_supercontig_000002973,2,1714,714494372,1392778242
GL844115.1,Chr2_supercontig_000002974,2,3792,714498164,1392782034
GL844116.1,Chr2_supercontig_000002975,2,11948,714510112,1392793982
GL844117.1,Chr2_supercontig_000002976,2,1492,714511604,1392795474
GL844118.1,Chr2_supercontig_000002977,2,2611,714514215,1392798085
GL844119.1,Chr2_supercontig_000002978,2,1595,714515810,1392799680
GL844120.1,Chr2_supercontig_000002979,2,1629,714517439,1392801309
GL844121.1,Chr2_supercontig_000002980,2,1543,714518982,1392802852
GL844122.1,Chr2_supercontig_000002981,2,1788,714520770,1392804640
GL844123.1,Chr2_supercontig_000002982,2,2179,714522949,1392806819
GL844124.1,Chr2_supercontig_000002983,2,2754,714525703,1392809573
GL844125.1,Chr2_supercontig_000002984,2,2583,714528286,1392812156
GL844126.1,Chr2_supercontig_000002985,2,2239,714530525,1392814395
GL844127.1,Chr2_supercontig_000002986,2,2078,714532603,1392816473
GL844128.1,Chr2_supercontig_000002987,2,13786,714546389,1392830259
GL844129.1,Chr2_supercontig_000002988,2,1585,714547974,1392831844
GL844130.1,Chr2_supercontig_000002989,2,3318,714551292,1392835162
GL844131.1,Chr2_supercontig_000002990,2,3487,714554779,1392838649
GL844132.1,Chr2_supercontig_000002991,2,2912,714557691,1392841561
GL844133.1,Chr2_supercontig_000002992,2,3883,714561574,1392845444
GL844134.1,Chr2_supercontig_000002993,2,1652,714563226,1392847096
GL844135.1,Chr2_supercontig_000002994,2,1993,714565219,1392849089
GL844136.1,Chr2_supercontig_000002995,2,2067,714567286,1392851156
GL844137.1,Chr2_supercontig_000002996,2,5710,714572996,1392856866
GL844138.1,Chr2_supercontig_000002997,2,9462,714582458,1392866328
GL844139.1,Chr2_supercontig_000002998,2,4921,714587379,1392871249
GL844140.1,Chr2_supercontig_000002999,2,10287,714597666,1392881536
GL844141.1,Chr2_supercontig_000003000,2,4289,714601955,1392885825
GL844142.1,Chr2_supercontig_000003001,2,3913,714605868,1392889738
GL844143.1,Chr2_supercontig_000003002,2,3687,714609555,1392893425
GL844144.1,Chr2_supercontig_000003003,2,12437,714621992,1392905862
GL844145.1,Chr2_supercontig_000003004,2,2833,714624825,1392908695
GL844146.1,Chr2_supercontig_000003005,2,4022,714628847,1392912717
GL844147.1,Chr2_supercontig_000003006,2,2123,714630970,1392914840
GL844148.1,Chr2_supercontig_000003007,2,14697,714645667,1392929537
GL844149.1,Chr2_supercontig_000003008,2,2286,714647953,1392931823
GL844150.1,Chr2_supercontig_000003009,2,1622,714649575,1392933445
GL844151.1,Chr2_supercontig_000003010,2,1510,714651085,1392934955
GL844152.1,Chr2_supercontig_000003011,2,2198,714653283,1392937153
GL844153.1,Chr2_supercontig_000003012,2,2137,714655420,1392939290
GL844154.1,Chr2_supercontig_000003013,2,2791,714658211,1392942081
GL844155.1,Chr2_supercontig_000003014,2,1501,714659712,1392943582
GL844156.1,Chr2_supercontig_000003015,2,1620,714661332,1392945202
GL844157.1,Chr2_supercontig_000003016,2,6194,714667526,1392951396
GL844158.1,Chr2_supercontig_000003017,2,1941,714669467,1392953337
GL844159.1,Chr2_supercontig_000003018,2,3492,714672959,1392956829
GL844160.1,Chr2_supercontig_000003019,2,2428,714675387,1392959257
GL844161.1,Chr2_supercontig_000003020,2,1681,714677068,1392960938
GL844162.1,Chr2_supercontig_000003021,2,2118,714679186,1392963056
GL844163.1,Chr2_supercontig_000003022,2,1620,714680806,1392964676
GL844164.1,Chr2_supercontig_000003023,2,22315,714703121,1392986991
GL844165.1,Chr2_supercontig_000003024,2,14240,714717361,1393001231
GL844166.1,Chr2_supercontig_000003025,2,8884,714726245,1393010115
GL844167.1,Chr2_supercontig_000003026,2,1829,714728074,1393011944
GL844168.1,Chr2_supercontig_000003027,2,10483,714738557,1393022427
GL844169.1,Chr2_supercontig_000003028,2,11698,714750255,1393034125
GL844170.1,Chr2_supercontig_000003029,2,1972,714752227,1393036097
GL844171.1,Chr2_supercontig_000003030,2,1821,714754048,1393037918
GL844172.1,Chr2_supercontig_000003031,2,4623,714758671,1393042541
GL844173.1,Chr2_supercontig_000003032,2,1999,714760670,1393044540
GL844174.1,Chr2_supercontig_000003033,2,2230,714762900,1393046770
GL844175.1,Chr2_supercontig_000003034,2,2679,714765579,1393049449
GL844176.1,Chr2_supercontig_000003035,2,2593,714768172,1393052042
GL844177.1,Chr2_supercontig_000003036,2,1879,714770051,1393053921
GL844178.1,Chr2_supercontig_000003037,2,3250,714773301,1393057171
GL844179.1,Chr2_supercontig_000003038,2,1743,714775044,1393058914
GL844180.1,Chr2_supercontig_000003039,2,1741,714776785,1393060655
GL844181.1,Chr2_supercontig_000003040,2,2781,714779566,1393063436
GL844182.1,Chr2_supercontig_000003041,2,1693,714781259,1393065129
GL844183.1,Chr2_supercontig_000003042,2,2238,714783497,1393067367
GL844184.1,Chr2_supercontig_000003043,2,2608,714786105,1393069975
GL844185.1,Chr2_supercontig_000003044,2,3872,714789977,1393073847
GL844186.1,Chr2_supercontig_000003045,2,1582,714791559,1393075429
GL844187.1,Chr2_supercontig_000003046,2,11418,714802977,1393086847
GL844188.1,Chr2_supercontig_000003047,2,1672,714804649,1393088519
GL844189.1,Chr2_supercontig_000003048,2,1778,714806427,1393090297
GL844190.1,Chr2_supercontig_000003049,2,3869,714810296,1393094166
GL844191.1,Chr2_supercontig_000003050,2,12358,714822654,1393106524
GL844192.1,Chr2_supercontig_000003051,2,3518,714826172,1393110042
GL844193.1,Chr2_supercontig_000003052,2,2552,714828724,1393112594
GL844194.1,Chr2_supercontig_000003053,2,2848,714831572,1393115442
GL844195.1,Chr2_supercontig_000003054,2,1987,714833559,1393117429
GL844196.1,Chr2_supercontig_000003055,2,1952,714835511,1393119381
GL844197.1,Chr2_supercontig_000003056,2,2295,714837806,1393121676
GL844198.1,Chr2_supercontig_000003057,2,8379,714846185,1393130055
GL844199.1,Chr2_supercontig_000003058,2,1878,714848063,1393131933
GL844200.1,Chr2_supercontig_000003059,2,3332,714851395,1393135265
GL844201.1,Chr2_supercontig_000003060,2,2418,714853813,1393137683
GL844202.1,Chr2_supercontig_000003061,2,1705,714855518,1393139388
GL844203.1,Chr2_supercontig_000003062,2,2240,714857758,1393141628
GL844204.1,Chr2_supercontig_000003063,2,2137,714859895,1393143765
GL844205.1,Chr2_supercontig_000003064,2,2332,714862227,1393146097
GL844206.1,Chr2_supercontig_000003065,2,3878,714866105,1393149975
GL844207.1,Chr2_supercontig_000003066,2,2141,714868246,1393152116
GL844208.1,Chr2_supercontig_000003067,2,1728,714869974,1393153844
GL844209.1,Chr2_supercontig_000003068,2,1576,714871550,1393155420
GL844210.1,Chr2_supercontig_000003069,2,1788,714873338,1393157208
GL844211.1,Chr2_supercontig_000003070,2,1622,714874960,1393158830
GL844212.1,Chr2_supercontig_000003071,2,2046,714877006,1393160876
GL844213.1,Chr2_supercontig_000003072,2,2152,714879158,1393163028
GL844214.1,Chr2_supercontig_000003073,2,2296,714881454,1393165324
GL844215.1,Chr2_supercontig_000003074,2,2831,714884285,1393168155
GL844216.1,Chr2_supercontig_000003075,2,2411,714886696,1393170566
GL844217.1,Chr2_supercontig_000003076,2,3117,714889813,1393173683
GL844218.1,Chr2_supercontig_000003077,2,1988,714891801,1393175671
GL844219.1,Chr2_supercontig_000003078,2,1500,714893301,1393177171
GL844220.1,Chr2_supercontig_000003079,2,3184,714896485,1393180355
GL844221.1,Chr2_supercontig_000003080,2,1502,714897987,1393181857
GL844222.1,Chr2_supercontig_000003081,2,3451,714901438,1393185308
GL844223.1,Chr2_supercontig_000003082,2,1673,714903111,1393186981
GL844224.1,Chr2_supercontig_000003083,2,2345,714905456,1393189326
GL844225.1,Chr2_supercontig_000003084,2,1658,714907114,1393190984
GL844226.1,Chr2_supercontig_000003085,2,8663,714915777,1393199647
GL844227.1,Chr2_supercontig_000003086,2,23528,714939305,1393223175
GL844228.1,Chr2_supercontig_000003087,2,7715,714947020,1393230890
GL844229.1,Chr2_supercontig_000003088,2,2438,714949458,1393233328
GL844230.1,Chr2_supercontig_000003089,2,1802,714951260,1393235130
GL844231.1,Chr2_supercontig_000003090,2,2581,714953841,1393237711
GL844232.1,Chr2_supercontig_000003091,2,3915,714957756,1393241626
GL844233.1,Chr2_supercontig_000003092,2,1860,714959616,1393243486
GL844234.1,Chr2_supercontig_000003093,2,4337,714963953,1393247823
GL844235.1,Chr2_supercontig_000003094,2,35796,714999749,1393283619
GL844236.1,Chr2_supercontig_000003095,2,10221,715009970,1393293840
GL844237.1,Chr2_supercontig_000003096,2,12612,715022582,1393306452
GL844238.1,Chr2_supercontig_000003097,2,2558,715025140,1393309010
GL844239.1,Chr2_supercontig_000003098,2,3888,715029028,1393312898
GL844240.1,Chr2_supercontig_000003099,2,1964,715030992,1393314862
GL844241.1,Chr2_supercontig_000003100,2,2713,715033705,1393317575
GL844242.1,Chr2_supercontig_000003101,2,20214,715053919,1393337789
GL844243.1,Chr2_supercontig_000003102,2,1602,715055521,1393339391
GL844244.1,Chr2_supercontig_000003103,2,1821,715057342,1393341212
GL844245.1,Chr2_supercontig_000003104,2,9352,715066694,1393350564
GL844246.1,Chr2_supercontig_000003105,2,2710,715069404,1393353274
GL844247.1,Chr2_supercontig_000003106,2,5167,715074571,1393358441
GL844248.1,Chr2_supercontig_000003107,2,6717,715081288,1393365158
GL844249.1,Chr2_supercontig_000003108,2,3393,715084681,1393368551
GL844250.1,Chr2_supercontig_000003109,2,2607,715087288,1393371158
GL844251.1,Chr2_supercontig_000003110,2,2223,715089511,1393373381
GL844252.1,Chr2_supercontig_000003111,2,3581,715093092,1393376962
GL844253.1,Chr2_supercontig_000003112,2,1904,715094996,1393378866
GL844254.1,Chr2_supercontig_000003113,2,1886,715096882,1393380752
GL844255.1,Chr2_supercontig_000003114,2,3618,715100500,1393384370
GL844256.1,Chr2_supercontig_000003115,2,3105,715103605,1393387475
GL844257.1,Chr2_supercontig_000003116,2,2160,715105765,1393389635
GL844258.1,Chr2_supercontig_000003117,2,3360,715109125,1393392995
GL844259.1,Chr2_supercontig_000003118,2,2175,715111300,1393395170
GL844260.1,Chr2_supercontig_000003119,2,2212,715113512,1393397382
GL844261.1,Chr2_supercontig_000003120,2,3753,715117265,1393401135
GL844262.1,Chr2_supercontig_000003121,2,1636,715118901,1393402771
GL844263.1,Chr2_supercontig_000003122,2,5971,715124872,1393408742
GL844264.1,Chr2_supercontig_000003123,2,1813,715126685,1393410555
GL844265.1,Chr2_supercontig_000003124,2,7454,715134139,1393418009
GL844266.1,Chr2_supercontig_000003125,2,7748,715141887,1393425757
GL844267.1,Chr2_supercontig_000003126,2,24208,715166095,1393449965
GL844268.1,Chr2_supercontig_000003127,2,5170,715171265,1393455135
GL844269.1,Chr2_supercontig_000003128,2,5708,715176973,1393460843
GL844270.1,Chr2_supercontig_000003129,2,1528,715178501,1393462371
GL844271.1,Chr2_supercontig_000003130,2,3344,715181845,1393465715
GL844272.1,Chr2_supercontig_000003131,2,1647,715183492,1393467362
GL844273.1,Chr2_supercontig_000003132,2,2298,715185790,1393469660
GL844274.1,Chr2_supercontig_000003133,2,1822,715187612,1393471482
GL844275.1,Chr2_supercontig_000003134,2,1801,715189413,1393473283
GL844276.1,Chr2_supercontig_000003135,2,2763,715192176,1393476046
GL844277.1,Chr2_supercontig_000003136,2,3604,715195780,1393479650
GL844278.1,Chr2_supercontig_000003137,2,1712,715197492,1393481362
GL844279.1,Chr2_supercontig_000003138,2,1868,715199360,1393483230
GL844280.1,Chr2_supercontig_000003139,2,3285,715202645,1393486515
GL844281.1,Chr2_supercontig_000003140,2,2403,715205048,1393488918
GL844282.1,Chr2_supercontig_000003141,2,1816,715206864,1393490734
GL844283.1,Chr2_supercontig_000003142,2,2628,715209492,1393493362
GL844284.1,Chr2_supercontig_000003143,2,4253,715213745,1393497615
GL844285.1,Chr2_supercontig_000003144,2,2676,715216421,1393500291
GL844286.1,Chr2_supercontig_000003145,2,3253,715219674,1393503544
GL844287.1,Chr2_supercontig_000003146,2,1675,715221349,1393505219
GL844288.1,Chr2_supercontig_000003147,2,3085,715224434,1393508304
GL844289.1,Chr2_supercontig_000003148,2,1846,715226280,1393510150
GL844290.1,Chr2_supercontig_000003149,2,2139,715228419,1393512289
GL844291.1,Chr2_supercontig_000003150,2,3768,715232187,1393516057
GL844292.1,Chr2_supercontig_000003151,2,1804,715233991,1393517861
GL844293.1,Chr2_supercontig_000003152,2,3468,715237459,1393521329
GL844294.1,Chr2_supercontig_000003153,2,1952,715239411,1393523281
GL844295.1,Chr2_supercontig_000003154,2,5916,715245327,1393529197
GL844296.1,Chr2_supercontig_000003155,2,1558,715246885,1393530755
GL844297.1,Chr2_supercontig_000003156,2,2212,715249097,1393532967
GL844298.1,Chr2_supercontig_000003157,2,2158,715251255,1393535125
GL844299.1,Chr2_supercontig_000003158,2,17897,715269152,1393553022
GL844300.1,Chr2_supercontig_000003159,2,2541,715271693,1393555563
GL844301.1,Chr2_supercontig_000003160,2,2374,715274067,1393557937
GL844302.1,Chr2_supercontig_000003161,2,3169,715277236,1393561106
GL844303.1,Chr2_supercontig_000003162,2,2380,715279616,1393563486
GL844304.1,Chr2_supercontig_000003163,2,2645,715282261,1393566131
GL844305.1,Chr2_supercontig_000003164,2,2038,715284299,1393568169
GL844306.1,Chr2_supercontig_000003165,2,1630,715285929,1393569799
GL844307.1,Chr2_supercontig_000003166,2,1557,715287486,1393571356
GL844308.1,Chr2_supercontig_000003167,2,2303,715289789,1393573659
GL844309.1,Chr2_supercontig_000003168,2,2329,715292118,1393575988
GL844310.1,Chr2_supercontig_000003169,2,3051,715295169,1393579039
GL844311.1,Chr2_supercontig_000003170,2,1721,715296890,1393580760
GL844312.1,Chr2_supercontig_000003171,2,7243,715304133,1393588003
GL844313.1,Chr2_supercontig_000003172,2,7408,715311541,1393595411
GL844314.1,Chr2_supercontig_000003173,2,10646,715322187,1393606057
GL844315.1,Chr2_supercontig_000003174,2,16342,715338529,1393622399
GL844316.1,Chr2_supercontig_000003175,2,11095,715349624,1393633494
GL844317.1,Chr2_supercontig_000003176,2,8033,715357657,1393641527
GL844318.1,Chr2_supercontig_000003177,2,1691,715359348,1393643218
GL844319.1,Chr2_supercontig_000003178,2,2434,715361782,1393645652
GL844320.1,Chr2_supercontig_000003179,2,4894,715366676,1393650546
GL844321.1,Chr2_supercontig_000003180,2,2720,715369396,1393653266
GL844322.1,Chr2_supercontig_000003181,2,1718,715371114,1393654984
GL844323.1,Chr2_supercontig_000003182,2,2835,715373949,1393657819
GL844324.1,Chr2_supercontig_000003183,2,2558,715376507,1393660377
GL844325.1,Chr2_supercontig_000003184,2,1604,715378111,1393661981
GL844326.1,Chr2_supercontig_000003185,2,2095,715380206,1393664076
GL844327.1,Chr2_supercontig_000003186,2,5438,715385644,1393669514
GL844328.1,Chr2_supercontig_000003187,2,1945,715387589,1393671459
GL844329.1,Chr2_supercontig_000003188,2,1595,715389184,1393673054
GL844330.1,Chr2_supercontig_000003189,2,1827,715391011,1393674881
GL844331.1,Chr2_supercontig_000003190,2,1571,715392582,1393676452
GL844332.1,Chr2_supercontig_000003191,2,2044,715394626,1393678496
GL844333.1,Chr2_supercontig_000003192,2,1586,715396212,1393680082
GL844334.1,Chr2_supercontig_000003193,2,2292,715398504,1393682374
GL844335.1,Chr2_supercontig_000003194,2,2540,715401044,1393684914
GL844336.1,Chr2_supercontig_000003195,2,2106,715403150,1393687020
GL844337.1,Chr2_supercontig_000003196,2,2704,715405854,1393689724
GL844338.1,Chr2_supercontig_000003197,2,1811,715407665,1393691535
GL844339.1,Chr2_supercontig_000003198,2,1610,715409275,1393693145
GL844340.1,Chr2_supercontig_000003199,2,3218,715412493,1393696363
GL844341.1,Chr2_supercontig_000003200,2,2680,715415173,1393699043
GL844342.1,Chr2_supercontig_000003201,2,1525,715416698,1393700568
GL844343.1,Chr2_supercontig_000003202,2,1716,715418414,1393702284
GL844344.1,Chr2_supercontig_000003203,2,1570,715419984,1393703854
GL844345.1,Chr2_supercontig_000003204,2,2314,715422298,1393706168
GL844346.1,Chr2_supercontig_000003205,2,3927,715426225,1393710095
GL844347.1,Chr2_supercontig_000003206,2,3050,715429275,1393713145
GL844348.1,Chr2_supercontig_000003207,2,2320,715431595,1393715465
GL844349.1,Chr2_supercontig_000003208,2,2395,715433990,1393717860
GL844350.1,Chr2_supercontig_000003209,2,1623,715435613,1393719483
GL844351.1,Chr2_supercontig_000003210,2,3108,715438721,1393722591
GL844352.1,Chr2_supercontig_000003211,2,1554,715440275,1393724145
GL844353.1,Chr2_supercontig_000003212,2,1500,715441775,1393725645
GL844354.1,Chr2_supercontig_000003213,2,2574,715444349,1393728219
GL844355.1,Chr2_supercontig_000003214,2,1729,715446078,1393729948
GL844356.1,Chr2_supercontig_000003215,2,2496,715448574,1393732444
GL844357.1,Chr2_supercontig_000003216,2,1693,715450267,1393734137
GL844358.1,Chr2_supercontig_000003217,2,2008,715452275,1393736145
GL844359.1,Chr2_supercontig_000003218,2,1740,715454015,1393737885
GL844360.1,Chr2_supercontig_000003219,2,2106,715456121,1393739991
GL844361.1,Chr2_supercontig_000003220,2,2025,715458146,1393742016
GL844362.1,Chr2_supercontig_000003221,2,2104,715460250,1393744120
GL844363.1,Chr2_supercontig_000003222,2,2585,715462835,1393746705
GL844364.1,Chr2_supercontig_000003223,2,1586,715464421,1393748291
GL844365.1,Chr2_supercontig_000003224,2,1648,715466069,1393749939
GL844366.1,Chr2_supercontig_000003225,2,1642,715467711,1393751581
GL844367.1,Chr2_supercontig_000003226,2,8989,715476700,1393760570
GL844368.1,Chr2_supercontig_000003227,2,11678,715488378,1393772248
GL844369.1,Chr2_supercontig_000003228,2,3329,715491707,1393775577
GL844370.1,Chr2_supercontig_000003229,2,3061,715494768,1393778638
GL844371.1,Chr2_supercontig_000003230,2,5320,715500088,1393783958
GL844372.1,Chr2_supercontig_000003231,2,8483,715508571,1393792441
GL844373.1,Chr2_supercontig_000003232,2,1692,715510263,1393794133
GL844374.1,Chr2_supercontig_000003233,2,1636,715511899,1393795769
GL844375.1,Chr2_supercontig_000003234,2,5363,715517262,1393801132
GL844376.1,Chr2_supercontig_000003235,2,3553,715520815,1393804685
GL844377.1,Chr2_supercontig_000003236,2,3086,715523901,1393807771
GL844378.1,Chr2_supercontig_000003237,2,29607,715553508,1393837378
GL844379.1,Chr2_supercontig_000003238,2,14106,715567614,1393851484
GL844380.1,Chr2_supercontig_000003239,2,2790,715570404,1393854274
GL844381.1,Chr2_supercontig_000003240,2,7720,715578124,1393861994
GL844382.1,Chr2_supercontig_000003241,2,7220,715585344,1393869214
GL844383.1,Chr2_supercontig_000003242,2,1899,715587243,1393871113
GL844384.1,Chr2_supercontig_000003243,2,8952,715596195,1393880065
GL844385.1,Chr2_supercontig_000003244,2,2466,715598661,1393882531
GL844386.1,Chr2_supercontig_000003245,2,1565,715600226,1393884096
GL844387.1,Chr2_supercontig_000003246,2,1727,715601953,1393885823
GL844388.1,Chr2_supercontig_000003247,2,2227,715604180,1393888050
GL844389.1,Chr2_supercontig_000003248,2,8108,715612288,1393896158
GL844390.1,Chr2_supercontig_000003249,2,2016,715614304,1393898174
GL844391.1,Chr2_supercontig_000003250,2,15937,715630241,1393914111
GL844392.1,Chr2_supercontig_000003251,2,3210,715633451,1393917321
GL844393.1,Chr2_supercontig_000003252,2,6501,715639952,1393923822
GL844394.1,Chr2_supercontig_000003253,2,2699,715642651,1393926521
GL844395.1,Chr2_supercontig_000003254,2,3381,715646032,1393929902
GL844396.1,Chr2_supercontig_000003255,2,2067,715648099,1393931969
GL844397.1,Chr2_supercontig_000003256,2,3810,715651909,1393935779
GL844398.1,Chr2_supercontig_000003257,2,3112,715655021,1393938891
GL844399.1,Chr2_supercontig_000003258,2,2567,715657588,1393941458
GL844400.1,Chr2_supercontig_000003259,2,1712,715659300,1393943170
GL844401.1,Chr2_supercontig_000003260,2,5007,715664307,1393948177
GL844402.1,Chr2_supercontig_000003261,2,1776,715666083,1393949953
GL844403.1,Chr2_supercontig_000003262,2,1703,715667786,1393951656
GL844404.1,Chr2_supercontig_000003263,2,8134,715675920,1393959790
GL844405.1,Chr2_supercontig_000003264,2,3986,715679906,1393963776
GL844406.1,Chr2_supercontig_000003265,2,1619,715681525,1393965395
GL844407.1,Chr2_supercontig_000003266,2,3115,715684640,1393968510
GL844408.1,Chr2_supercontig_000003267,2,1743,715686383,1393970253
GL844409.1,Chr2_supercontig_000003268,2,1833,715688216,1393972086
GL844410.1,Chr2_supercontig_000003269,2,1941,715690157,1393974027
GL844411.1,Chr2_supercontig_000003270,2,2717,715692874,1393976744
GL844412.1,Chr2_supercontig_000003271,2,2025,715694899,1393978769
GL844413.1,Chr2_supercontig_000003272,2,9883,715704782,1393988652
GL844414.1,Chr2_supercontig_000003273,2,3893,715708675,1393992545
GL844415.1,Chr2_supercontig_000003274,2,2406,715711081,1393994951
GL844416.1,Chr2_supercontig_000003275,2,4615,715715696,1393999566
GL844417.1,Chr2_supercontig_000003276,2,2697,715718393,1394002263
GL844418.1,Chr2_supercontig_000003277,2,1709,715720102,1394003972
GL844419.1,Chr2_supercontig_000003278,2,1993,715722095,1394005965
GL844420.1,Chr2_supercontig_000003279,2,1552,715723647,1394007517
GL844421.1,Chr2_supercontig_000003280,2,2499,715726146,1394010016
GL844422.1,Chr2_supercontig_000003281,2,1540,715727686,1394011556
GL844423.1,Chr2_supercontig_000003282,2,3032,715730718,1394014588
GL844424.1,Chr2_supercontig_000003283,2,6448,715737166,1394021036
GL844425.1,Chr2_supercontig_000003284,2,1810,715738976,1394022846
GL844426.1,Chr2_supercontig_000003285,2,9410,715748386,1394032256
GL844427.1,Chr2_supercontig_000003286,2,4741,715753127,1394036997
GL844428.1,Chr2_supercontig_000003287,2,4793,715757920,1394041790
GL844429.1,Chr2_supercontig_000003288,2,1727,715759647,1394043517
GL844430.1,Chr2_supercontig_000003289,2,1824,715761471,1394045341
GL844431.1,Chr2_supercontig_000003290,2,2509,715763980,1394047850
GL844432.1,Chr2_supercontig_000003291,2,1603,715765583,1394049453
GL844433.1,Chr2_supercontig_000003292,2,1731,715767314,1394051184
GL844434.1,Chr2_supercontig_000003293,2,3666,715770980,1394054850
GL844435.1,Chr2_supercontig_000003294,2,1988,715772968,1394056838
GL844436.1,Chr2_supercontig_000003295,2,3569,715776537,1394060407
GL844437.1,Chr2_supercontig_000003296,2,2769,715779306,1394063176
GL844438.1,Chr2_supercontig_000003297,2,1978,715781284,1394065154
GL844439.1,Chr2_supercontig_000003298,2,7352,715788636,1394072506
GL844440.1,Chr2_supercontig_000003299,2,2768,715791404,1394075274
GL844441.1,Chr2_supercontig_000003300,2,3968,715795372,1394079242
GL844442.1,Chr2_supercontig_000003301,2,2316,715797688,1394081558
GL844443.1,Chr2_supercontig_000003302,2,3732,715801420,1394085290
GL844444.1,Chr2_supercontig_000003303,2,3279,715804699,1394088569
GL844445.1,Chr2_supercontig_000003304,2,3747,715808446,1394092316
GL844446.1,Chr2_supercontig_000003305,2,1502,715809948,1394093818
GL844447.1,Chr2_supercontig_000003306,2,1731,715811679,1394095549
GL844448.1,Chr2_supercontig_000003307,2,1700,715813379,1394097249
GL844449.1,Chr2_supercontig_000003308,2,1563,715814942,1394098812
GL844450.1,Chr2_supercontig_000003309,2,2663,715817605,1394101475
GL844451.1,Chr2_supercontig_000003310,2,4465,715822070,1394105940
GL844452.1,Chr2_supercontig_000003311,2,3026,715825096,1394108966
GL844453.1,Chr2_supercontig_000003312,2,3838,715828934,1394112804
GL844454.1,Chr2_supercontig_000003313,2,1867,715830801,1394114671
GL844455.1,Chr2_supercontig_000003314,2,3369,715834170,1394118040
GL844456.1,Chr2_supercontig_000003315,2,10866,715845036,1394128906
GL844457.1,Chr2_supercontig_000003316,2,7046,715852082,1394135952
GL844458.1,Chr2_supercontig_000003317,2,2618,715854700,1394138570
GL844459.1,Chr2_supercontig_000003318,2,1921,715856621,1394140491
GL844460.1,Chr2_supercontig_000003319,2,2435,715859056,1394142926
GL844461.1,Chr2_supercontig_000003320,2,2924,715861980,1394145850
GL844462.1,Chr2_supercontig_000003321,2,4306,715866286,1394150156
GL844463.1,Chr2_supercontig_000003322,2,2026,715868312,1394152182
GL844464.1,Chr2_supercontig_000003323,2,1611,715869923,1394153793
GL844465.1,Chr2_supercontig_000003324,2,1656,715871579,1394155449
GL844466.1,Chr2_supercontig_000003325,2,1992,715873571,1394157441
GL844467.1,Chr2_supercontig_000003326,2,1794,715875365,1394159235
GL844468.1,Chr2_supercontig_000003327,2,2362,715877727,1394161597
GL844469.1,Chr2_supercontig_000003328,2,2620,715880347,1394164217
GL844470.1,Chr2_supercontig_000003329,2,3019,715883366,1394167236
GL844471.1,Chr2_supercontig_000003330,2,1788,715885154,1394169024
GL844472.1,Chr2_supercontig_000003331,2,4528,715889682,1394173552
GL844473.1,Chr2_supercontig_000003332,2,1564,715891246,1394175116
GL844474.1,Chr2_supercontig_000003333,2,1516,715892762,1394176632
GL844475.1,Chr2_supercontig_000003334,2,13380,715906142,1394190012
GL844476.1,Chr2_supercontig_000003335,2,1860,715908002,1394191872
GL844477.1,Chr2_supercontig_000003336,2,2666,715910668,1394194538
GL844478.1,Chr2_supercontig_000003337,2,3255,715913923,1394197793
GL844479.1,Chr2_supercontig_000003338,2,2497,715916420,1394200290
GL844480.1,Chr2_supercontig_000003339,2,2472,715918892,1394202762
GL844481.1,Chr2_supercontig_000003340,2,6318,715925210,1394209080
GL844482.1,Chr2_supercontig_000003341,2,1552,715926762,1394210632
GL844483.1,Chr2_supercontig_000003342,2,1677,715928439,1394212309
GL844484.1,Chr2_supercontig_000003343,2,1949,715930388,1394214258
GL844485.1,Chr2_supercontig_000003344,2,1670,715932058,1394215928
GL844486.1,Chr2_supercontig_000003345,2,1971,715934029,1394217899
GL844487.1,Chr2_supercontig_000003346,2,3319,715937348,1394221218
GL844488.1,Chr2_supercontig_000003347,2,5576,715942924,1394226794
GL844489.1,Chr2_supercontig_000003348,2,1678,715944602,1394228472
GL844490.1,Chr2_supercontig_000003349,2,2519,715947121,1394230991
GL844491.1,Chr2_supercontig_000003350,2,1798,715948919,1394232789
GL844492.1,Chr2_supercontig_000003351,2,2294,715951213,1394235083
GL844493.1,Chr2_supercontig_000003352,2,2252,715953465,1394237335
GL844494.1,Chr2_supercontig_000003353,2,1776,715955241,1394239111
GL844495.1,Chr2_supercontig_000003354,2,1761,715957002,1394240872
GL844496.1,Chr2_supercontig_000003355,2,1623,715958625,1394242495
GL844497.1,Chr2_supercontig_000003356,2,6924,715965549,1394249419
GL844498.1,Chr2_supercontig_000003357,2,2410,715967959,1394251829
GL844499.1,Chr2_supercontig_000003358,2,2325,715970284,1394254154
GL844500.1,Chr2_supercontig_000003359,2,1919,715972203,1394256073
GL844501.1,Chr2_supercontig_000003360,2,3464,715975667,1394259537
GL844502.1,Chr2_supercontig_000003361,2,6786,715982453,1394266323
GL844503.1,Chr2_supercontig_000003362,2,1629,715984082,1394267952
GL844504.1,Chr2_supercontig_000003363,2,1642,715985724,1394269594
GL844505.1,Chr2_supercontig_000003364,2,1604,715987328,1394271198
GL844506.1,Chr2_supercontig_000003365,2,4267,715991595,1394275465
GL844507.1,Chr2_supercontig_000003366,2,1907,715993502,1394277372
GL844508.1,Chr2_supercontig_000003367,2,2878,715996380,1394280250
GL844509.1,Chr2_supercontig_000003368,2,1554,715997934,1394281804
GL844510.1,Chr2_supercontig_000003369,2,1528,715999462,1394283332
GL844511.1,Chr2_supercontig_000003370,2,4703,716004165,1394288035
GL844512.1,Chr2_supercontig_000003371,2,16618,716020783,1394304653
GL844513.1,Chr2_supercontig_000003372,2,2324,716023107,1394306977
GL844514.1,Chr2_supercontig_000003373,2,7752,716030859,1394314729
GL844515.1,Chr2_supercontig_000003374,2,4395,716035254,1394319124
GL844516.1,Chr2_supercontig_000003375,2,6718,716041972,1394325842
GL844517.1,Chr2_supercontig_000003376,2,17559,716059531,1394343401
GL844518.1,Chr2_supercontig_000003377,2,2792,716062323,1394346193
GL844519.1,Chr2_supercontig_000003378,2,3820,716066143,1394350013
GL844520.1,Chr2_supercontig_000003379,2,1592,716067735,1394351605
GL844521.1,Chr2_supercontig_000003380,2,2565,716070300,1394354170
GL844522.1,Chr2_supercontig_000003381,2,3153,716073453,1394357323
GL844523.1,Chr2_supercontig_000003382,2,1769,716075222,1394359092
GL844524.1,Chr2_supercontig_000003383,2,8701,716083923,1394367793
GL844525.1,Chr2_supercontig_000003384,2,3619,716087542,1394371412
GL844526.1,Chr2_supercontig_000003385,2,5522,716093064,1394376934
GL844527.1,Chr2_supercontig_000003386,2,5719,716098783,1394382653
GL844528.1,Chr2_supercontig_000003387,2,2202,716100985,1394384855
GL844529.1,Chr2_supercontig_000003388,2,1907,716102892,1394386762
GL844530.1,Chr2_supercontig_000003389,2,2176,716105068,1394388938
GL844531.1,Chr2_supercontig_000003390,2,2634,716107702,1394391572
GL844532.1,Chr2_supercontig_000003391,2,3519,716111221,1394395091
GL844533.1,Chr2_supercontig_000003392,2,1626,716112847,1394396717
GL844534.1,Chr2_supercontig_000003393,2,1969,716114816,1394398686
GL844535.1,Chr2_supercontig_000003394,2,2632,716117448,1394401318
GL844536.1,Chr2_supercontig_000003395,2,1638,716119086,1394402956
GL844537.1,Chr2_supercontig_000003396,2,2498,716121584,1394405454
GL844538.1,Chr2_supercontig_000003397,2,1589,716123173,1394407043
GL844539.1,Chr2_supercontig_000003398,2,7828,716131001,1394414871
GL844540.1,Chr2_supercontig_000003399,2,2160,716133161,1394417031
GL844541.1,Chr2_supercontig_000003400,2,6352,716139513,1394423383
GL844542.1,Chr2_supercontig_000003401,2,1517,716141030,1394424900
GL844543.1,Chr2_supercontig_000003402,2,4447,716145477,1394429347
GL844544.1,Chr2_supercontig_000003403,2,1591,716147068,1394430938
GL844545.1,Chr2_supercontig_000003404,2,3971,716151039,1394434909
GL844546.1,Chr2_supercontig_000003405,2,2922,716153961,1394437831
GL844547.1,Chr2_supercontig_000003406,2,1840,716155801,1394439671
GL844548.1,Chr2_supercontig_000003407,2,1689,716157490,1394441360
GL844549.1,Chr2_supercontig_000003408,2,2060,716159550,1394443420
GL844550.1,Chr2_supercontig_000003409,2,1510,716161060,1394444930
GL844551.1,Chr2_supercontig_000003410,2,1580,716162640,1394446510
GL844552.1,Chr2_supercontig_000003411,2,2960,716165600,1394449470
GL844553.1,Chr2_supercontig_000003412,2,2878,716168478,1394452348
GL844554.1,Chr2_supercontig_000003413,2,2863,716171341,1394455211
GL844555.1,Chr2_supercontig_000003414,2,1599,716172940,1394456810
GL844556.1,Chr2_supercontig_000003415,2,2531,716175471,1394459341
GL844557.1,Chr2_supercontig_000003416,2,3552,716179023,1394462893
GL844558.1,Chr2_supercontig_000003417,2,1736,716180759,1394464629
GL844559.1,Chr2_supercontig_000003418,2,1966,716182725,1394466595
GL844560.1,Chr2_supercontig_000003419,2,1601,716184326,1394468196
GL844561.1,Chr2_supercontig_000003420,2,1970,716186296,1394470166
GL844562.1,Chr2_supercontig_000003421,2,3142,716189438,1394473308
GL844563.1,Chr2_supercontig_000003422,2,6134,716195572,1394479442
GL844564.1,Chr2_supercontig_000003423,2,1832,716197404,1394481274
GL844565.1,Chr2_supercontig_000003424,2,2073,716199477,1394483347
GL844566.1,Chr2_supercontig_000003425,2,1906,716201383,1394485253
GL844567.1,Chr2_supercontig_000003426,2,4391,716205774,1394489644
GL844568.1,Chr2_supercontig_000003427,2,2766,716208540,1394492410
GL844569.1,Chr2_supercontig_000003428,2,4337,716212877,1394496747
GL844570.1,Chr2_supercontig_000003429,2,5229,716218106,1394501976
GL844571.1,Chr2_supercontig_000003430,2,2217,716220323,1394504193
GL844572.1,Chr2_supercontig_000003431,2,1757,716222080,1394505950
GL844573.1,Chr2_supercontig_000003432,2,1751,716223831,1394507701
GL844574.1,Chr2_supercontig_000003433,2,1692,716225523,1394509393
GL844575.1,Chr2_supercontig_000003434,2,2385,716227908,1394511778
GL844576.1,Chr2_supercontig_000003435,2,2360,716230268,1394514138
GL844577.1,Chr2_supercontig_000003436,2,3632,716233900,1394517770
GL844578.1,Chr2_supercontig_000003437,2,1717,716235617,1394519487
GL844579.1,Chr2_supercontig_000003438,2,2551,716238168,1394522038
GL844580.1,Chr2_supercontig_000003439,2,1897,716240065,1394523935
GL844581.1,Chr2_supercontig_000003440,2,4031,716244096,1394527966
GL844582.1,Chr2_supercontig_000003441,2,2425,716246521,1394530391
GL844583.1,Chr2_supercontig_000003442,2,1677,716248198,1394532068
GL844584.1,Chr2_supercontig_000003443,2,2550,716250748,1394534618
GL844585.1,Chr2_supercontig_000003444,2,2702,716253450,1394537320
GL844586.1,Chr2_supercontig_000003445,2,2092,716255542,1394539412
GL844587.1,Chr2_supercontig_000003446,2,1571,716257113,1394540983
GL844588.1,Chr2_supercontig_000003447,2,2111,716259224,1394543094
GL844589.1,Chr2_supercontig_000003448,2,3362,716262586,1394546456
GL844590.1,Chr2_supercontig_000003449,2,3155,716265741,1394549611
GL844591.1,Chr2_supercontig_000003450,2,1950,716267691,1394551561
GL844592.1,Chr2_supercontig_000003451,2,7347,716275038,1394558908
GL844593.1,Chr2_supercontig_000003452,2,1613,716276651,1394560521
GL844594.1,Chr2_supercontig_000003453,2,2049,716278700,1394562570
GL844595.1,Chr2_supercontig_000003454,2,2100,716280800,1394564670
GL844596.1,Chr2_supercontig_000003455,2,1663,716282463,1394566333
GL844597.1,Chr2_supercontig_000003456,2,4775,716287238,1394571108
GL844598.1,Chr2_supercontig_000003457,2,2020,716289258,1394573128
GL844599.1,Chr2_supercontig_000003458,2,2033,716291291,1394575161
GL844600.1,Chr2_supercontig_000003459,2,1722,716293013,1394576883
GL844601.1,Chr2_supercontig_000003460,2,1661,716294674,1394578544
GL844602.1,Chr2_supercontig_000003461,2,1755,716296429,1394580299
GL844603.1,Chr2_supercontig_000003462,2,2454,716298883,1394582753
GL844604.1,Chr2_supercontig_000003463,2,1647,716300530,1394584400
GL844605.1,Chr2_supercontig_000003464,2,1592,716302122,1394585992
GL844606.1,Chr2_supercontig_000003465,2,2605,716304727,1394588597
GL844607.1,Chr2_supercontig_000003466,2,1544,716306271,1394590141
GL844608.1,Chr2_supercontig_000003467,2,2570,716308841,1394592711
GL844609.1,Chr2_supercontig_000003468,2,1574,716310415,1394594285
GL844610.1,Chr2_supercontig_000003469,2,3415,716313830,1394597700
GL844611.1,Chr2_supercontig_000003470,2,4655,716318485,1394602355
GL844612.1,Chr2_supercontig_000003471,2,4015,716322500,1394606370
GL844613.1,Chr2_supercontig_000003472,2,2869,716325369,1394609239
GL844614.1,Chr2_supercontig_000003473,2,3914,716329283,1394613153
GL844615.1,Chr2_supercontig_000003474,2,2480,716331763,1394615633
GL844616.1,Chr2_supercontig_000003475,2,6518,716338281,1394622151
GL844617.1,Chr2_supercontig_000003476,2,4001,716342282,1394626152
GL844618.1,Chr2_supercontig_000003477,2,5004,716347286,1394631156
GL844619.1,Chr2_supercontig_000003478,2,4650,716351936,1394635806
GL844620.1,Chr2_supercontig_000003479,2,2006,716353942,1394637812
GL844621.1,Chr2_supercontig_000003480,2,2659,716356601,1394640471
GL844622.1,Chr2_supercontig_000003481,2,1596,716358197,1394642067
GL844623.1,Chr2_supercontig_000003482,2,1857,716360054,1394643924
GL844624.1,Chr2_supercontig_000003483,2,2209,716362263,1394646133
GL844625.1,Chr2_supercontig_000003484,2,2061,716364324,1394648194
GL844626.1,Chr2_supercontig_000003485,2,1726,716366050,1394649920
GL844627.1,Chr2_supercontig_000003486,2,10259,716376309,1394660179
GL844628.1,Chr2_supercontig_000003487,2,2562,716378871,1394662741
GL844629.1,Chr2_supercontig_000003488,2,17917,716396788,1394680658
GL844630.1,Chr2_supercontig_000003489,2,1920,716398708,1394682578
GL844631.1,Chr2_supercontig_000003490,2,1735,716400443,1394684313
GL844632.1,Chr2_supercontig_000003491,2,1723,716402166,1394686036
GL844633.1,Chr2_supercontig_000003492,2,2252,716404418,1394688288
GL844634.1,Chr2_supercontig_000003493,2,2710,716407128,1394690998
GL844635.1,Chr2_supercontig_000003494,2,4586,716411714,1394695584
GL844636.1,Chr2_supercontig_000003495,2,4355,716416069,1394699939
GL844637.1,Chr2_supercontig_000003496,2,6272,716422341,1394706211
GL844638.1,Chr2_supercontig_000003497,2,2007,716424348,1394708218
GL844639.1,Chr2_supercontig_000003498,2,2513,716426861,1394710731
GL844640.1,Chr2_supercontig_000003499,2,1845,716428706,1394712576
GL844641.1,Chr2_supercontig_000003500,2,1523,716430229,1394714099
GL844642.1,Chr2_supercontig_000003501,2,1550,716431779,1394715649
GL844643.1,Chr2_supercontig_000003502,2,4125,716435904,1394719774
GL844644.1,Chr2_supercontig_000003503,2,2113,716438017,1394721887
GL844645.1,Chr2_supercontig_000003504,2,2860,716440877,1394724747
GL844646.1,Chr2_supercontig_000003505,2,4535,716445412,1394729282
GL844647.1,Chr2_supercontig_000003506,2,1691,716447103,1394730973
GL844648.1,Chr2_supercontig_000003507,2,2034,716449137,1394733007
GL844649.1,Chr2_supercontig_000003508,2,14033,716463170,1394747040
GL844650.1,Chr2_supercontig_000003509,2,3856,716467026,1394750896
GL844651.1,Chr2_supercontig_000003510,2,6397,716473423,1394757293
GL844652.1,Chr2_supercontig_000003511,2,3729,716477152,1394761022
GL844653.1,Chr2_supercontig_000003512,2,2761,716479913,1394763783
GL844654.1,Chr2_supercontig_000003513,2,2997,716482910,1394766780
GL844655.1,Chr2_supercontig_000003514,2,2234,716485144,1394769014
GL844656.1,Chr2_supercontig_000003515,2,2500,716487644,1394771514
GL844657.1,Chr2_supercontig_000003516,2,6768,716494412,1394778282
GL844658.1,Chr2_supercontig_000003517,2,8783,716503195,1394787065
GL844659.1,Chr2_supercontig_000003518,2,3409,716506604,1394790474
GL844660.1,Chr2_supercontig_000003519,2,1784,716508388,1394792258
GL844661.1,Chr2_supercontig_000003520,2,2120,716510508,1394794378
GL844662.1,Chr2_supercontig_000003521,2,3241,716513749,1394797619
GL844663.1,Chr2_supercontig_000003522,2,2963,716516712,1394800582
GL844664.1,Chr2_supercontig_000003523,2,1857,716518569,1394802439
GL844665.1,Chr2_supercontig_000003524,2,1938,716520507,1394804377
GL844666.1,Chr2_supercontig_000003525,2,1700,716522207,1394806077
GL844667.1,Chr2_supercontig_000003526,2,1704,716523911,1394807781
GL844668.1,Chr2_supercontig_000003527,2,2341,716526252,1394810122
GL844669.1,Chr2_supercontig_000003528,2,1800,716528052,1394811922
GL844670.1,Chr2_supercontig_000003529,2,1907,716529959,1394813829
GL844671.1,Chr2_supercontig_000003530,2,2092,716532051,1394815921
GL844672.1,Chr2_supercontig_000003531,2,2049,716534100,1394817970
GL844673.1,Chr2_supercontig_000003532,2,1703,716535803,1394819673
GL844674.1,Chr2_supercontig_000003533,2,2493,716538296,1394822166
GL844675.1,Chr2_supercontig_000003534,2,2000,716540296,1394824166
GL844676.1,Chr2_supercontig_000003535,2,3055,716543351,1394827221
GL844677.1,Chr2_supercontig_000003536,2,5381,716548732,1394832602
GL844678.1,Chr2_supercontig_000003537,2,17729,716566461,1394850331
GL844679.1,Chr2_supercontig_000003538,2,2478,716568939,1394852809
GL844680.1,Chr2_supercontig_000003539,2,4938,716573877,1394857747
GL844681.1,Chr2_supercontig_000003540,2,3250,716577127,1394860997
GL844682.1,Chr2_supercontig_000003541,2,2003,716579130,1394863000
GL844683.1,Chr2_supercontig_000003542,2,1900,716581030,1394864900
GL844684.1,Chr2_supercontig_000003543,2,2956,716583986,1394867856
GL844685.1,Chr2_supercontig_000003544,2,1613,716585599,1394869469
GL844686.1,Chr2_supercontig_000003545,2,1628,716587227,1394871097
GL844687.1,Chr2_supercontig_000003546,2,2326,716589553,1394873423
GL844688.1,Chr2_supercontig_000003547,2,3117,716592670,1394876540
GL844689.1,Chr2_supercontig_000003548,2,2277,716594947,1394878817
GL844690.1,Chr2_supercontig_000003549,2,2009,716596956,1394880826
GL844691.1,Chr2_supercontig_000003550,2,3424,716600380,1394884250
GL844692.1,Chr2_supercontig_000003551,2,4676,716605056,1394888926
GL844693.1,Chr2_supercontig_000003552,2,3437,716608493,1394892363
GL844694.1,Chr2_supercontig_000003553,2,2821,716611314,1394895184
GL844695.1,Chr2_supercontig_000003554,2,1631,716612945,1394896815
GL844696.1,Chr2_supercontig_000003555,2,2918,716615863,1394899733
GL844697.1,Chr2_supercontig_000003556,2,1725,716617588,1394901458
GL844698.1,Chr2_supercontig_000003557,2,2236,716619824,1394903694
GL844699.1,Chr2_supercontig_000003558,2,1867,716621691,1394905561
GL844700.1,Chr2_supercontig_000003559,2,3085,716624776,1394908646
GL844701.1,Chr2_supercontig_000003560,2,9390,716634166,1394918036
GL844702.1,Chr2_supercontig_000003561,2,6715,716640881,1394924751
GL844703.1,Chr2_supercontig_000003562,2,7557,716648438,1394932308
GL844704.1,Chr2_supercontig_000003563,2,17047,716665485,1394949355
GL844705.1,Chr2_supercontig_000003564,2,8040,716673525,1394957395
GL844706.1,Chr2_supercontig_000003565,2,18436,716691961,1394975831
GL844707.1,Chr2_supercontig_000003566,2,2487,716694448,1394978318
GL844708.1,Chr2_supercontig_000003567,2,2039,716696487,1394980357
GL844709.1,Chr2_supercontig_000003568,2,4985,716701472,1394985342
GL844710.1,Chr2_supercontig_000003569,2,6742,716708214,1394992084
GL844711.1,Chr2_supercontig_000003570,2,5138,716713352,1394997222
GL844712.1,Chr2_supercontig_000003571,2,3591,716716943,1395000813
GL844713.1,Chr2_supercontig_000003572,2,9776,716726719,1395010589
GL844714.1,Chr2_supercontig_000003573,2,2513,716729232,1395013102
GL844715.1,Chr2_supercontig_000003574,2,3777,716733009,1395016879
GL844716.1,Chr2_supercontig_000003575,2,3431,716736440,1395020310
GL844717.1,Chr2_supercontig_000003576,2,4297,716740737,1395024607
GL844718.1,Chr2_supercontig_000003577,2,13082,716753819,1395037689
GL844719.1,Chr2_supercontig_000003578,2,2482,716756301,1395040171
GL844720.1,Chr2_supercontig_000003579,2,6707,716763008,1395046878
GL844721.1,Chr2_supercontig_000003580,2,11673,716774681,1395058551
GL844722.1,Chr2_supercontig_000003581,2,5216,716779897,1395063767
GL844723.1,Chr2_supercontig_000003582,2,1662,716781559,1395065429
GL844724.1,Chr2_supercontig_000003583,2,2182,716783741,1395067611
GL844725.1,Chr2_supercontig_000003584,2,1811,716785552,1395069422
GL844726.1,Chr2_supercontig_000003585,2,3692,716789244,1395073114
GL844727.1,Chr2_supercontig_000003586,2,2612,716791856,1395075726
GL844728.1,Chr2_supercontig_000003587,2,1818,716793674,1395077544
GL844729.1,Chr2_supercontig_000003588,2,1947,716795621,1395079491
GL844730.1,Chr2_supercontig_000003589,2,1700,716797321,1395081191
GL844731.1,Chr2_supercontig_000003590,2,1664,716798985,1395082855
GL844732.1,Chr2_supercontig_000003591,2,1596,716800581,1395084451
GL844733.1,Chr2_supercontig_000003592,2,6049,716806630,1395090500
GL844734.1,Chr2_supercontig_000003593,2,13268,716819898,1395103768
GL844735.1,Chr2_supercontig_000003594,2,3930,716823828,1395107698
GL844736.1,Chr2_supercontig_000003595,2,1779,716825607,1395109477
GL844737.1,Chr2_supercontig_000003596,2,2033,716827640,1395111510
GL844738.1,Chr2_supercontig_000003597,2,15341,716842981,1395126851
GL844739.1,Chr2_supercontig_000003598,2,2773,716845754,1395129624
GL844740.1,Chr2_supercontig_000003599,2,1634,716847388,1395131258
GL844741.1,Chr2_supercontig_000003600,2,1896,716849284,1395133154
GL844742.1,Chr2_supercontig_000003601,2,1717,716851001,1395134871
GL844743.1,Chr2_supercontig_000003602,2,9836,716860837,1395144707
GL844744.1,Chr2_supercontig_000003603,2,2238,716863075,1395146945
GL844745.1,Chr2_supercontig_000003604,2,2650,716865725,1395149595
GL844746.1,Chr2_supercontig_000003605,2,2401,716868126,1395151996
GL844747.1,Chr2_supercontig_000003606,2,5307,716873433,1395157303
GL844748.1,Chr2_supercontig_000003607,2,1990,716875423,1395159293
GL844749.1,Chr2_supercontig_000003608,2,2464,716877887,1395161757
GL844750.1,Chr2_supercontig_000003609,2,2207,716880094,1395163964
GL844751.1,Chr2_supercontig_000003610,2,1500,716881594,1395165464
GL844752.1,Chr2_supercontig_000003611,2,3499,716885093,1395168963
GL844753.1,Chr2_supercontig_000003612,2,2119,716887212,1395171082
GL844754.1,Chr2_supercontig_000003613,2,4923,716892135,1395176005
GL844755.1,Chr2_supercontig_000003614,2,1918,716894053,1395177923
GL844756.1,Chr2_supercontig_000003615,2,2514,716896567,1395180437
GL844757.1,Chr2_supercontig_000003616,2,3182,716899749,1395183619
GL844758.1,Chr2_supercontig_000003617,2,2592,716902341,1395186211
GL844759.1,Chr2_supercontig_000003618,2,5486,716907827,1395191697
GL844760.1,Chr2_supercontig_000003619,2,2679,716910506,1395194376
GL844761.1,Chr2_supercontig_000003620,2,2302,716912808,1395196678
GL844762.1,Chr2_supercontig_000003621,2,1964,716914772,1395198642
GL844763.1,Chr2_supercontig_000003622,2,5298,716920070,1395203940
GL844764.1,Chr2_supercontig_000003623,2,3414,716923484,1395207354
GL844765.1,Chr2_supercontig_000003624,2,1777,716925261,1395209131
GL844766.1,Chr2_supercontig_000003625,2,1649,716926910,1395210780
GL844767.1,Chr2_supercontig_000003626,2,2302,716929212,1395213082
GL844768.1,Chr2_supercontig_000003627,2,2858,716932070,1395215940
GL844769.1,Chr2_supercontig_000003628,2,1900,716933970,1395217840
GL844770.1,Chr2_supercontig_000003629,2,3141,716937111,1395220981
GL844771.1,Chr2_supercontig_000003630,2,2308,716939419,1395223289
GL844772.1,Chr2_supercontig_000003631,2,2102,716941521,1395225391
GL844773.1,Chr2_supercontig_000003632,2,2829,716944350,1395228220
GL844774.1,Chr2_supercontig_000003633,2,1673,716946023,1395229893
GL844775.1,Chr2_supercontig_000003634,2,1989,716948012,1395231882
GL844776.1,Chr2_supercontig_000003635,2,2832,716950844,1395234714
GL844777.1,Chr2_supercontig_000003636,2,1770,716952614,1395236484
GL844778.1,Chr2_supercontig_000003637,2,2064,716954678,1395238548
GL844779.1,Chr2_supercontig_000003638,2,4836,716959514,1395243384
GL844780.1,Chr2_supercontig_000003639,2,2715,716962229,1395246099
GL844781.1,Chr2_supercontig_000003640,2,4187,716966416,1395250286
GL844782.1,Chr2_supercontig_000003641,2,1583,716967999,1395251869
GL844783.1,Chr2_supercontig_000003642,2,1673,716969672,1395253542
GL844784.1,Chr2_supercontig_000003643,2,12521,716982193,1395266063
GL844785.1,Chr2_supercontig_000003644,2,2235,716984428,1395268298
GL844786.1,Chr2_supercontig_000003645,2,1803,716986231,1395270101
GL844787.1,Chr2_supercontig_000003646,2,1822,716988053,1395271923
GL844788.1,Chr2_supercontig_000003647,2,1870,716989923,1395273793
GL844789.1,Chr2_supercontig_000003648,2,4776,716994699,1395278569
GL844790.1,Chr2_supercontig_000003649,2,2858,716997557,1395281427
GL844791.1,Chr2_supercontig_000003650,2,2342,716999899,1395283769
GL844792.1,Chr2_supercontig_000003651,2,1860,717001759,1395285629
GL844793.1,Chr2_supercontig_000003652,2,1894,717003653,1395287523
GL844794.1,Chr2_supercontig_000003653,2,2045,717005698,1395289568
GL844795.1,Chr2_supercontig_000003654,2,3627,717009325,1395293195
GL844796.1,Chr2_supercontig_000003655,2,1597,717010922,1395294792
GL844797.1,Chr2_supercontig_000003656,2,7121,717018043,1395301913
GL844798.1,Chr2_supercontig_000003657,2,2509,717020552,1395304422
GL844799.1,Chr2_supercontig_000003658,2,2648,717023200,1395307070
GL844800.1,Chr2_supercontig_000003659,2,2264,717025464,1395309334
GL844801.1,Chr2_supercontig_000003660,2,2859,717028323,1395312193
GL844802.1,Chr2_supercontig_000003661,2,1503,717029826,1395313696
GL844803.1,Chr2_supercontig_000003662,2,2234,717032060,1395315930
GL844804.1,Chr2_supercontig_000003663,2,2126,717034186,1395318056
GL844805.1,Chr2_supercontig_000003664,2,1840,717036026,1395319896
GL844806.1,Chr2_supercontig_000003665,2,3661,717039687,1395323557
GL844807.1,Chr2_supercontig_000003666,2,1525,717041212,1395325082
GL844808.1,Chr2_supercontig_000003667,2,2531,717043743,1395327613
GL844809.1,Chr2_supercontig_000003668,2,4617,717048360,1395332230
GL844810.1,Chr2_supercontig_000003669,2,1619,717049979,1395333849
GL844811.1,Chr2_supercontig_000003670,2,5413,717055392,1395339262
GL844812.1,Chr2_supercontig_000003671,2,1722,717057114,1395340984
GL844813.1,Chr2_supercontig_000003672,2,1751,717058865,1395342735
GL844814.1,Chr2_supercontig_000003673,2,1748,717060613,1395344483
GL844815.1,Chr2_supercontig_000003674,2,3978,717064591,1395348461
GL844816.1,Chr2_supercontig_000003675,2,1747,717066338,1395350208
GL844817.1,Chr2_supercontig_000003676,2,2488,717068826,1395352696
GL844818.1,Chr2_supercontig_000003677,2,1751,717070577,1395354447
GL844819.1,Chr2_supercontig_000003678,2,4124,717074701,1395358571
GL844820.1,Chr2_supercontig_000003679,2,1966,717076667,1395360537
GL844821.1,Chr2_supercontig_000003680,2,4923,717081590,1395365460
GL844822.1,Chr2_supercontig_000003681,2,6080,717087670,1395371540
GL844823.1,Chr2_supercontig_000003682,2,7141,717094811,1395378681
GL844824.1,Chr2_supercontig_000003683,2,4927,717099738,1395383608
GL844825.1,Chr2_supercontig_000003684,2,3395,717103133,1395387003
GL844826.1,Chr2_supercontig_000003685,2,2890,717106023,1395389893
GL844827.1,Chr2_supercontig_000003686,2,2436,717108459,1395392329
GL844828.1,Chr2_supercontig_000003687,2,2483,717110942,1395394812
GL844829.1,Chr2_supercontig_000003688,2,4301,717115243,1395399113
GL844830.1,Chr2_supercontig_000003689,2,1605,717116848,1395400718
GL844831.1,Chr2_supercontig_000003690,2,1785,717118633,1395402503
GL844832.1,Chr2_supercontig_000003691,2,1569,717120202,1395404072
GL844833.1,Chr2_supercontig_000003692,2,1721,717121923,1395405793
GL844834.1,Chr2_supercontig_000003693,2,2915,717124838,1395408708
GL844835.1,Chr2_supercontig_000003694,2,12144,717136982,1395420852
GL844836.1,Chr2_supercontig_000003695,2,2001,717138983,1395422853
GL844837.1,Chr2_supercontig_000003696,2,2622,717141605,1395425475
GL844838.1,Chr2_supercontig_000003697,2,2091,717143696,1395427566
GL844839.1,Chr2_supercontig_000003698,2,1943,717145639,1395429509
GL844840.1,Chr2_supercontig_000003699,2,2017,717147656,1395431526
GL844841.1,Chr2_supercontig_000003700,2,2211,717149867,1395433737
GL844842.1,Chr2_supercontig_000003701,2,1938,717151805,1395435675
GL844843.1,Chr2_supercontig_000003702,2,2571,717154376,1395438246
GL844844.1,Chr2_supercontig_000003703,2,1652,717156028,1395439898
GL844845.1,Chr2_supercontig_000003704,2,1550,717157578,1395441448
GL844846.1,Chr2_supercontig_000003705,2,2214,717159792,1395443662
GL844847.1,Chr2_supercontig_000003706,2,2560,717162352,1395446222
GL844848.1,Chr2_supercontig_000003707,2,1512,717163864,1395447734
GL844849.1,Chr2_supercontig_000003708,2,1776,717165640,1395449510
GL844850.1,Chr2_supercontig_000003709,2,7440,717173080,1395456950
GL844851.1,Chr2_supercontig_000003710,2,6816,717179896,1395463766
GL844852.1,Chr2_supercontig_000003711,2,1637,717181533,1395465403
GL844853.1,Chr2_supercontig_000003712,2,1532,717183065,1395466935
GL844854.1,Chr2_supercontig_000003713,2,1754,717184819,1395468689
GL844855.1,Chr2_supercontig_000003714,2,3433,717188252,1395472122
GL844856.1,Chr2_supercontig_000003715,2,1882,717190134,1395474004
GL844857.1,Chr2_supercontig_000003716,2,2209,717192343,1395476213
GL844858.1,Chr2_supercontig_000003717,2,5255,717197598,1395481468
GL844859.1,Chr2_supercontig_000003718,2,2816,717200414,1395484284
GL844860.1,Chr2_supercontig_000003719,2,14418,717214832,1395498702
GL844861.1,Chr2_supercontig_000003720,2,8720,717223552,1395507422
GL844862.1,Chr2_supercontig_000003721,2,1599,717225151,1395509021
GL844863.1,Chr2_supercontig_000003722,2,1912,717227063,1395510933
GL844864.1,Chr2_supercontig_000003723,2,4510,717231573,1395515443
GL844865.1,Chr2_supercontig_000003724,2,2356,717233929,1395517799
GL844866.1,Chr2_supercontig_000003725,2,2065,717235994,1395519864
GL844867.1,Chr2_supercontig_000003726,2,2271,717238265,1395522135
GL844868.1,Chr2_supercontig_000003727,2,1557,717239822,1395523692
GL844869.1,Chr2_supercontig_000003728,2,1539,717241361,1395525231
GL844870.1,Chr2_supercontig_000003729,2,2435,717243796,1395527666
GL844871.1,Chr2_supercontig_000003730,2,2690,717246486,1395530356
GL844872.1,Chr2_supercontig_000003731,2,2167,717248653,1395532523
GL844873.1,Chr2_supercontig_000003732,2,2000,717250653,1395534523
GL844874.1,Chr2_supercontig_000003733,2,2894,717253547,1395537417
GL844875.1,Chr2_supercontig_000003734,2,14795,717268342,1395552212
GL844876.1,Chr2_supercontig_000003735,2,16100,717284442,1395568312
GL844877.1,Chr2_supercontig_000003736,2,5603,717290045,1395573915
GL844878.1,Chr2_supercontig_000003737,2,2554,717292599,1395576469
GL844879.1,Chr2_supercontig_000003738,2,1545,717294144,1395578014
GL844880.1,Chr2_supercontig_000003739,2,5470,717299614,1395583484
GL844881.1,Chr2_supercontig_000003740,2,1999,717301613,1395585483
GL844882.1,Chr2_supercontig_000003741,2,2500,717304113,1395587983
GL844883.1,Chr2_supercontig_000003742,2,2516,717306629,1395590499
GL844884.1,Chr2_supercontig_000003743,2,2983,717309612,1395593482
GL844885.1,Chr2_supercontig_000003744,2,1792,717311404,1395595274
GL844886.1,Chr2_supercontig_000003745,2,1529,717312933,1395596803
GL844887.1,Chr2_supercontig_000003746,2,1661,717314594,1395598464
GL844888.1,Chr2_supercontig_000003747,2,2706,717317300,1395601170
GL844889.1,Chr2_supercontig_000003748,2,1646,717318946,1395602816
GL844890.1,Chr2_supercontig_000003749,2,1698,717320644,1395604514
GL844891.1,Chr2_supercontig_000003750,2,2720,717323364,1395607234
GL844892.1,Chr2_supercontig_000003751,2,1828,717325192,1395609062
GL844893.1,Chr2_supercontig_000003752,2,2256,717327448,1395611318
GL844894.1,Chr2_supercontig_000003753,2,2735,717330183,1395614053
GL844895.1,Chr2_supercontig_000003754,2,1716,717331899,1395615769
GL844896.1,Chr2_supercontig_000003755,2,2039,717333938,1395617808
GL844897.1,Chr2_supercontig_000003756,2,2959,717336897,1395620767
GL844898.1,Chr2_supercontig_000003757,2,3982,717340879,1395624749
GL844899.1,Chr2_supercontig_000003758,2,1803,717342682,1395626552
GL844900.1,Chr2_supercontig_000003759,2,2166,717344848,1395628718
GL844901.1,Chr2_supercontig_000003760,2,1507,717346355,1395630225
GL844902.1,Chr2_supercontig_000003761,2,2646,717349001,1395632871
GL844903.1,Chr2_supercontig_000003762,2,2705,717351706,1395635576
GL844904.1,Chr2_supercontig_000003763,2,3453,717355159,1395639029
GL844905.1,Chr2_supercontig_000003764,2,1593,717356752,1395640622
GL844906.1,Chr2_supercontig_000003765,2,2606,717359358,1395643228
GL844907.1,Chr2_supercontig_000003766,2,2191,717361549,1395645419
GL844908.1,Chr2_supercontig_000003767,2,2817,717364366,1395648236
GL844909.1,Chr2_supercontig_000003768,2,2277,717366643,1395650513
GL844910.1,Chr2_supercontig_000003769,2,2258,717368901,1395652771
GL844911.1,Chr2_supercontig_000003770,2,2083,717370984,1395654854
GL844912.1,Chr2_supercontig_000003771,2,2698,717373682,1395657552
GL844913.1,Chr2_supercontig_000003772,2,2931,717376613,1395660483
GL844914.1,Chr2_supercontig_000003773,2,2538,717379151,1395663021
GL844915.1,Chr2_supercontig_000003774,2,1571,717380722,1395664592
GL844916.1,Chr2_supercontig_000003775,2,2375,717383097,1395666967
GL844917.1,Chr2_supercontig_000003776,2,4387,717387484,1395671354
GL844918.1,Chr2_supercontig_000003777,2,1965,717389449,1395673319
GL844919.1,Chr2_supercontig_000003778,2,2003,717391452,1395675322
GL844920.1,Chr2_supercontig_000003779,2,2357,717393809,1395677679
GL844921.1,Chr2_supercontig_000003780,2,2684,717396493,1395680363
GL844922.1,Chr2_supercontig_000003781,2,2860,717399353,1395683223
GL844923.1,Chr2_supercontig_000003782,2,1760,717401113,1395684983
GL844924.1,Chr2_supercontig_000003783,2,2089,717403202,1395687072
GL844925.1,Chr2_supercontig_000003784,2,1999,717405201,1395689071
GL844926.1,Chr2_supercontig_000003785,2,2780,717407981,1395691851
GL844927.1,Chr2_supercontig_000003786,2,1542,717409523,1395693393
GL844928.1,Chr2_supercontig_000003787,2,7923,717417446,1395701316
GL844929.1,Chr2_supercontig_000003788,2,4827,717422273,1395706143
GL844930.1,Chr2_supercontig_000003789,2,4527,717426800,1395710670
GL844931.1,Chr2_supercontig_000003790,2,3051,717429851,1395713721
GL844932.1,Chr2_supercontig_000003791,2,2946,717432797,1395716667
GL844933.1,Chr2_supercontig_000003792,2,21944,717454741,1395738611
GL844934.1,Chr2_supercontig_000003793,2,34753,717489494,1395773364
GL844935.1,Chr2_supercontig_000003794,2,9477,717498971,1395782841
GL844936.1,Chr2_supercontig_000003795,2,1778,717500749,1395784619
GL844937.1,Chr2_supercontig_000003796,2,1895,717502644,1395786514
GL844938.1,Chr2_supercontig_000003797,2,1612,717504256,1395788126
GL844939.1,Chr2_supercontig_000003798,2,3868,717508124,1395791994
GL844940.1,Chr2_supercontig_000003799,2,2629,717510753,1395794623
GL844941.1,Chr2_supercontig_000003800,2,2763,717513516,1395797386
GL844942.1,Chr2_supercontig_000003801,2,3373,717516889,1395800759
GL844943.1,Chr2_supercontig_000003802,2,2675,717519564,1395803434
GL844944.1,Chr2_supercontig_000003803,2,1814,717521378,1395805248
GL844945.1,Chr2_supercontig_000003804,2,1854,717523232,1395807102
GL844946.1,Chr2_supercontig_000003805,2,1541,717524773,1395808643
GL844947.1,Chr2_supercontig_000003806,2,2489,717527262,1395811132
GL844948.1,Chr2_supercontig_000003807,2,2261,717529523,1395813393
GL844949.1,Chr2_supercontig_000003808,2,3078,717532601,1395816471
GL844950.1,Chr2_supercontig_000003809,2,3671,717536272,1395820142
GL844951.1,Chr2_supercontig_000003810,2,1829,717538101,1395821971
GL844952.1,Chr2_supercontig_000003811,2,7596,717545697,1395829567
GL844953.1,Chr2_supercontig_000003812,2,2420,717548117,1395831987
GL844954.1,Chr2_supercontig_000003813,2,2606,717550723,1395834593
GL844955.1,Chr2_supercontig_000003814,2,6091,717556814,1395840684
GL844956.1,Chr2_supercontig_000003815,2,1978,717558792,1395842662
GL844957.1,Chr2_supercontig_000003816,2,11786,717570578,1395854448
GL844958.1,Chr2_supercontig_000003817,2,5402,717575980,1395859850
GL844959.1,Chr2_supercontig_000003818,2,3404,717579384,1395863254
GL844960.1,Chr2_supercontig_000003819,2,1659,717581043,1395864913
GL844961.1,Chr2_supercontig_000003820,2,3636,717584679,1395868549
GL844962.1,Chr2_supercontig_000003821,2,1504,717586183,1395870053
GL844963.1,Chr2_supercontig_000003822,2,5046,717591229,1395875099
GL844964.1,Chr2_supercontig_000003823,2,3267,717594496,1395878366
GL844965.1,Chr2_supercontig_000003824,2,1842,717596338,1395880208
GL844966.1,Chr2_supercontig_000003825,2,3563,717599901,1395883771
GL844967.1,Chr2_supercontig_000003826,2,2949,717602850,1395886720
GL844968.1,Chr2_supercontig_000003827,2,1628,717604478,1395888348
GL844969.1,Chr2_supercontig_000003828,2,5801,717610279,1395894149
GL844970.1,Chr2_supercontig_000003829,2,2257,717612536,1395896406
GL844971.1,Chr2_supercontig_000003830,2,7531,717620067,1395903937
GL844972.1,Chr2_supercontig_000003831,2,4541,717624608,1395908478
GL844973.1,Chr2_supercontig_000003832,2,2302,717626910,1395910780
GL844974.1,Chr2_supercontig_000003833,2,2276,717629186,1395913056
GL844975.1,Chr2_supercontig_000003834,2,1756,717630942,1395914812
GL844976.1,Chr2_supercontig_000003835,2,2660,717633602,1395917472
GL844977.1,Chr2_supercontig_000003836,2,1569,717635171,1395919041
GL844978.1,Chr2_supercontig_000003837,2,1505,717636676,1395920546
GL844979.1,Chr2_supercontig_000003838,2,5072,717641748,1395925618
GL844980.1,Chr2_supercontig_000003839,2,2048,717643796,1395927666
GL844981.1,Chr2_supercontig_000003840,2,3456,717647252,1395931122
GL844982.1,Chr2_supercontig_000003841,2,9127,717656379,1395940249
GL844983.1,Chr2_supercontig_000003842,2,3346,717659725,1395943595
GL844984.1,Chr2_supercontig_000003843,2,2483,717662208,1395946078
GL844985.1,Chr2_supercontig_000003844,2,1873,717664081,1395947951
GL844986.1,Chr2_supercontig_000003845,2,1934,717666015,1395949885
GL844987.1,Chr2_supercontig_000003846,2,1717,717667732,1395951602
GL844988.1,Chr2_supercontig_000003847,2,3248,717670980,1395954850
GL844989.1,Chr2_supercontig_000003848,2,2452,717673432,1395957302
GL844990.1,Chr2_supercontig_000003849,2,2971,717676403,1395960273
GL844991.1,Chr2_supercontig_000003850,2,2752,717679155,1395963025
GL844992.1,Chr2_supercontig_000003851,2,2265,717681420,1395965290
GL844993.1,Chr2_supercontig_000003852,2,2323,717683743,1395967613
GL844994.1,Chr2_supercontig_000003853,2,2139,717685882,1395969752
GL844995.1,Chr2_supercontig_000003854,2,1597,717687479,1395971349
GL844996.1,Chr2_supercontig_000003855,2,3542,717691021,1395974891
GL844997.1,Chr2_supercontig_000003856,2,1831,717692852,1395976722
GL844998.1,Chr2_supercontig_000003857,2,1517,717694369,1395978239
GL844999.1,Chr2_supercontig_000003858,2,3894,717698263,1395982133
GL845000.1,Chr2_supercontig_000003859,2,16193,717714456,1395998326
GL845001.1,Chr2_supercontig_000003860,2,1713,717716169,1396000039
GL845002.1,Chr2_supercontig_000003861,2,2336,717718505,1396002375
GL845003.1,Chr2_supercontig_000003862,2,2449,717720954,1396004824
GL845004.1,Chr2_supercontig_000003863,2,2568,717723522,1396007392
GL845005.1,Chr2_supercontig_000003864,2,18708,717742230,1396026100
GL845006.1,Chr2_supercontig_000003865,2,1697,717743927,1396027797
GL845007.1,Chr2_supercontig_000003866,2,4548,717748475,1396032345
GL845008.1,Chr2_supercontig_000003867,2,7547,717756022,1396039892
GL845009.1,Chr2_supercontig_000003868,2,24099,717780121,1396063991
GL845010.1,Chr2_supercontig_000003869,2,2500,717782621,1396066491
GL845011.1,Chr2_supercontig_000003870,2,15255,717797876,1396081746
GL845012.1,Chr2_supercontig_000003871,2,3360,717801236,1396085106
GL845013.1,Chr2_supercontig_000003872,2,2108,717803344,1396087214
GL845014.1,Chr2_supercontig_000003873,2,1738,717805082,1396088952
GL845015.1,Chr2_supercontig_000003874,2,1926,717807008,1396090878
GL845016.1,Chr2_supercontig_000003875,2,2990,717809998,1396093868
GL845017.1,Chr2_supercontig_000003876,2,2099,717812097,1396095967
GL845018.1,Chr2_supercontig_000003877,2,2767,717814864,1396098734
GL845019.1,Chr2_supercontig_000003878,2,1597,717816461,1396100331
GL845020.1,Chr2_supercontig_000003879,2,1792,717818253,1396102123
GL845021.1,Chr2_supercontig_000003880,2,2325,717820578,1396104448
GL845022.1,Chr2_supercontig_000003881,2,2158,717822736,1396106606
GL845023.1,Chr2_supercontig_000003882,2,2978,717825714,1396109584
GL845024.1,Chr2_supercontig_000003883,2,1805,717827519,1396111389
GL845025.1,Chr2_supercontig_000003884,2,20519,717848038,1396131908
GL845026.1,Chr2_supercontig_000003885,2,5505,717853543,1396137413
GL845027.1,Chr2_supercontig_000003886,2,3035,717856578,1396140448
GL845028.1,Chr2_supercontig_000003887,2,1849,717858427,1396142297
GL845029.1,Chr2_supercontig_000003888,2,2086,717860513,1396144383
GL845030.1,Chr2_supercontig_000003889,2,1898,717862411,1396146281
GL845031.1,Chr2_supercontig_000003890,2,1540,717863951,1396147821
GL845032.1,Chr2_supercontig_000003891,2,1668,717865619,1396149489
GL845033.1,Chr2_supercontig_000003892,2,1703,717867322,1396151192
GL845034.1,Chr2_supercontig_000003893,2,2821,717870143,1396154013
GL845035.1,Chr2_supercontig_000003894,2,3112,717873255,1396157125
GL845036.1,Chr2_supercontig_000003895,2,2510,717875765,1396159635
GL845037.1,Chr2_supercontig_000003896,2,2811,717878576,1396162446
GL845038.1,Chr2_supercontig_000003897,2,2498,717881074,1396164944
GL845039.1,Chr2_supercontig_000003898,2,1870,717882944,1396166814
GL845040.1,Chr2_supercontig_000003899,2,2472,717885416,1396169286
GL845041.1,Chr2_supercontig_000003900,2,5717,717891133,1396175003
GL845042.1,Chr2_supercontig_000003901,2,3291,717894424,1396178294
GL845043.1,Chr2_supercontig_000003902,2,6507,717900931,1396184801
GL845044.1,Chr2_supercontig_000003903,2,1744,717902675,1396186545
GL845045.1,Chr2_supercontig_000003904,2,1863,717904538,1396188408
GL845046.1,Chr2_supercontig_000003905,2,2191,717906729,1396190599
GL845047.1,Chr2_supercontig_000003906,2,1760,717908489,1396192359
GL845048.1,Chr2_supercontig_000003907,2,2181,717910670,1396194540
GL845049.1,Chr2_supercontig_000003908,2,4004,717914674,1396198544
GL845050.1,Chr2_supercontig_000003909,2,2994,717917668,1396201538
GL845051.1,Chr2_supercontig_000003910,2,2224,717919892,1396203762
GL845052.1,Chr2_supercontig_000003911,2,1625,717921517,1396205387
GL845053.1,Chr2_supercontig_000003912,2,1809,717923326,1396207196
GL845054.1,Chr2_supercontig_000003913,2,2351,717925677,1396209547
GL845055.1,Chr2_supercontig_000003914,2,1796,717927473,1396211343
GL845056.1,Chr2_supercontig_000003915,2,2657,717930130,1396214000
GL845057.1,Chr2_supercontig_000003916,2,7053,717937183,1396221053
GL845058.1,Chr2_supercontig_000003917,2,9482,717946665,1396230535
GL845059.1,Chr2_supercontig_000003918,2,1658,717948323,1396232193
GL845060.1,Chr2_supercontig_000003919,2,2005,717950328,1396234198
GL845061.1,Chr2_supercontig_000003920,2,3198,717953526,1396237396
GL845062.1,Chr2_supercontig_000003921,2,2978,717956504,1396240374
GL845063.1,Chr2_supercontig_000003922,2,10206,717966710,1396250580
GL845064.1,Chr2_supercontig_000003923,2,4725,717971435,1396255305
GL845065.1,Chr2_supercontig_000003924,2,3638,717975073,1396258943
GL845066.1,Chr2_supercontig_000003925,2,1740,717976813,1396260683
GL845067.1,Chr2_supercontig_000003926,2,2415,717979228,1396263098
GL845068.1,Chr2_supercontig_000003927,2,3296,717982524,1396266394
GL845069.1,Chr2_supercontig_000003928,2,1504,717984028,1396267898
GL845070.1,Chr2_supercontig_000003929,2,2170,717986198,1396270068
GL845071.1,Chr2_supercontig_000003930,2,6332,717992530,1396276400
GL845072.1,Chr2_supercontig_000003931,2,1870,717994400,1396278270
GL845073.1,Chr2_supercontig_000003932,2,3671,717998071,1396281941
GL845074.1,Chr2_supercontig_000003933,2,1640,717999711,1396283581
GL845075.1,Chr2_supercontig_000003934,2,2559,718002270,1396286140
GL845076.1,Chr2_supercontig_000003935,2,1600,718003870,1396287740
GL845077.1,Chr2_supercontig_000003936,2,3236,718007106,1396290976
GL845078.1,Chr2_supercontig_000003937,2,1643,718008749,1396292619
GL845079.1,Chr2_supercontig_000003938,2,11351,718020100,1396303970
GL845080.1,Chr2_supercontig_000003939,2,2565,718022665,1396306535
GL845081.1,Chr2_supercontig_000003940,2,2931,718025596,1396309466
GL845082.1,Chr2_supercontig_000003941,2,3164,718028760,1396312630
GL845083.1,Chr2_supercontig_000003942,2,2340,718031100,1396314970
GL845084.1,Chr2_supercontig_000003943,2,2135,718033235,1396317105
GL845085.1,Chr2_supercontig_000003944,2,1719,718034954,1396318824
GL845086.1,Chr2_supercontig_000003945,2,1898,718036852,1396320722
GL845087.1,Chr2_supercontig_000003946,2,2010,718038862,1396322732
GL845088.1,Chr2_supercontig_000003947,2,2568,718041430,1396325300
GL845089.1,Chr2_supercontig_000003948,2,12235,718053665,1396337535
GL845090.1,Chr2_supercontig_000003949,2,9973,718063638,1396347508
GL845091.1,Chr2_supercontig_000003950,2,13526,718077164,1396361034
GL845092.1,Chr2_supercontig_000003951,2,3528,718080692,1396364562
GL845093.1,Chr2_supercontig_000003952,2,1715,718082407,1396366277
GL845094.1,Chr2_supercontig_000003953,2,2152,718084559,1396368429
GL845095.1,Chr2_supercontig_000003954,2,2003,718086562,1396370432
GL845096.1,Chr2_supercontig_000003955,2,1718,718088280,1396372150
GL845097.1,Chr2_supercontig_000003956,2,2100,718090380,1396374250
GL845098.1,Chr2_supercontig_000003957,2,4588,718094968,1396378838
GL845099.1,Chr2_supercontig_000003958,2,2834,718097802,1396381672
GL845100.1,Chr2_supercontig_000003959,2,7648,718105450,1396389320
GL845101.1,Chr2_supercontig_000003960,2,2497,718107947,1396391817
GL845102.1,Chr2_supercontig_000003961,2,2752,718110699,1396394569
GL845103.1,Chr2_supercontig_000003962,2,4412,718115111,1396398981
GL845104.1,Chr2_supercontig_000003963,2,1623,718116734,1396400604
GL845105.1,Chr2_supercontig_000003964,2,1793,718118527,1396402397
GL845106.1,Chr2_supercontig_000003965,2,2468,718120995,1396404865
GL845107.1,Chr2_supercontig_000003966,2,25885,718146880,1396430750
GL845108.1,Chr2_supercontig_000003967,2,5908,718152788,1396436658
GL845109.1,Chr2_supercontig_000003968,2,2843,718155631,1396439501
GL845110.1,Chr2_supercontig_000003969,2,6089,718161720,1396445590
GL845111.1,Chr2_supercontig_000003970,2,1748,718163468,1396447338
GL845112.1,Chr2_supercontig_000003971,2,2267,718165735,1396449605
GL845113.1,Chr2_supercontig_000003972,2,4236,718169971,1396453841
GL845114.1,Chr2_supercontig_000003973,2,2939,718172910,1396456780
GL845115.1,Chr2_supercontig_000003974,2,7514,718180424,1396464294
GL845116.1,Chr2_supercontig_000003975,2,2525,718182949,1396466819
GL845117.1,Chr2_supercontig_000003976,2,2647,718185596,1396469466
GL845118.1,Chr2_supercontig_000003977,2,3764,718189360,1396473230
GL845119.1,Chr2_supercontig_000003978,2,3084,718192444,1396476314
GL845120.1,Chr2_supercontig_000003979,2,1915,718194359,1396478229
GL845121.1,Chr2_supercontig_000003980,2,6405,718200764,1396484634
GL845122.1,Chr2_supercontig_000003981,2,2306,718203070,1396486940
GL845123.1,Chr2_supercontig_000003982,2,2955,718206025,1396489895
GL845124.1,Chr2_supercontig_000003983,2,2207,718208232,1396492102
GL845125.1,Chr2_supercontig_000003984,2,1832,718210064,1396493934
GL845126.1,Chr2_supercontig_000003985,2,3721,718213785,1396497655
GL845127.1,Chr2_supercontig_000003986,2,2839,718216624,1396500494
GL845128.1,Chr2_supercontig_000003987,2,1640,718218264,1396502134
GL845129.1,Chr2_supercontig_000003988,2,3379,718221643,1396505513
GL845130.1,Chr2_supercontig_000003989,2,2043,718223686,1396507556
GL845131.1,Chr2_supercontig_000003990,2,4695,718228381,1396512251
GL845132.1,Chr2_supercontig_000003991,2,1630,718230011,1396513881
GL845133.1,Chr2_supercontig_000003992,2,1888,718231899,1396515769
GL845134.1,Chr2_supercontig_000003993,2,3555,718235454,1396519324
GL845135.1,Chr2_supercontig_000003994,2,2990,718238444,1396522314
GL845136.1,Chr2_supercontig_000003995,2,3424,718241868,1396525738
GL845137.1,Chr2_supercontig_000003996,2,3809,718245677,1396529547
GL845138.1,Chr2_supercontig_000003997,2,1662,718247339,1396531209
GL845139.1,Chr2_supercontig_000003998,2,1736,718249075,1396532945
GL845140.1,Chr2_supercontig_000003999,2,3977,718253052,1396536922
GL845141.1,Chr2_supercontig_000004000,2,2809,718255861,1396539731
GL845142.1,Chr2_supercontig_000004001,2,4835,718260696,1396544566
GL845143.1,Chr2_supercontig_000004002,2,5336,718266032,1396549902
GL845144.1,Chr2_supercontig_000004003,2,2048,718268080,1396551950
GL845145.1,Chr2_supercontig_000004004,2,2170,718270250,1396554120
GL845146.1,Chr2_supercontig_000004005,2,2047,718272297,1396556167
GL845147.1,Chr2_supercontig_000004006,2,2617,718274914,1396558784
GL845148.1,Chr2_supercontig_000004007,2,3578,718278492,1396562362
GL845149.1,Chr2_supercontig_000004008,2,1960,718280452,1396564322
GL845150.1,Chr2_supercontig_000004009,2,3393,718283845,1396567715
GL845151.1,Chr2_supercontig_000004010,2,2612,718286457,1396570327
GL845152.1,Chr2_supercontig_000004011,2,6850,718293307,1396577177
GL845153.1,Chr2_supercontig_000004012,2,6929,718300236,1396584106
GL845154.1,Chr2_supercontig_000004013,2,13406,718313642,1396597512
GL845155.1,Chr2_supercontig_000004014,2,16757,718330399,1396614269
GL845156.1,Chr2_supercontig_000004015,2,2445,718332844,1396616714
GL845157.1,Chr2_supercontig_000004016,2,2275,718335119,1396618989
GL845158.1,Chr2_supercontig_000004017,2,2512,718337631,1396621501
GL845159.1,Chr2_supercontig_000004018,2,1654,718339285,1396623155
GL845160.1,Chr2_supercontig_000004019,2,2139,718341424,1396625294
GL845161.1,Chr2_supercontig_000004020,2,1751,718343175,1396627045
GL845162.1,Chr2_supercontig_000004021,2,1611,718344786,1396628656
GL845163.1,Chr2_supercontig_000004022,2,1846,718346632,1396630502
GL845164.1,Chr2_supercontig_000004023,2,2323,718348955,1396632825
GL845165.1,Chr2_supercontig_000004024,2,3477,718352432,1396636302
GL845166.1,Chr2_supercontig_000004025,2,1956,718354388,1396638258
GL845167.1,Chr2_supercontig_000004026,2,2108,718356496,1396640366
GL845168.1,Chr2_supercontig_000004027,2,1731,718358227,1396642097
GL845169.1,Chr2_supercontig_000004028,2,1701,718359928,1396643798
GL845170.1,Chr2_supercontig_000004029,2,2154,718362082,1396645952
GL845171.1,Chr2_supercontig_000004030,2,3308,718365390,1396649260
GL845172.1,Chr2_supercontig_000004031,2,2081,718367471,1396651341
GL845173.1,Chr2_supercontig_000004032,2,2322,718369793,1396653663
GL845174.1,Chr2_supercontig_000004033,2,3745,718373538,1396657408
GL845175.1,Chr2_supercontig_000004034,2,14361,718387899,1396671769
GL845176.1,Chr2_supercontig_000004035,2,4539,718392438,1396676308
GL845177.1,Chr2_supercontig_000004036,2,5159,718397597,1396681467
GL845178.1,Chr2_supercontig_000004037,2,1957,718399554,1396683424
GL845179.1,Chr2_supercontig_000004038,2,1844,718401398,1396685268
GL845180.1,Chr2_supercontig_000004039,2,5295,718406693,1396690563
GL845181.1,Chr2_supercontig_000004040,2,12178,718418871,1396702741
GL845182.1,Chr2_supercontig_000004041,2,1692,718420563,1396704433
GL845183.1,Chr2_supercontig_000004042,2,1611,718422174,1396706044
GL845184.1,Chr2_supercontig_000004043,2,2839,718425013,1396708883
GL845185.1,Chr2_supercontig_000004044,2,1589,718426602,1396710472
GL845186.1,Chr2_supercontig_000004045,2,7008,718433610,1396717480
GL845187.1,Chr2_supercontig_000004046,2,2347,718435957,1396719827
GL845188.1,Chr2_supercontig_000004047,2,1705,718437662,1396721532
GL845189.1,Chr2_supercontig_000004048,2,2305,718439967,1396723837
GL845190.1,Chr2_supercontig_000004049,2,1616,718441583,1396725453
GL845191.1,Chr2_supercontig_000004050,2,1792,718443375,1396727245
GL845192.1,Chr2_supercontig_000004051,2,3430,718446805,1396730675
GL845193.1,Chr2_supercontig_000004052,2,6177,718452982,1396736852
GL845194.1,Chr2_supercontig_000004053,2,4290,718457272,1396741142
GL845195.1,Chr2_supercontig_000004054,2,4467,718461739,1396745609
GL845196.1,Chr2_supercontig_000004055,2,1901,718463640,1396747510
GL845197.1,Chr2_supercontig_000004056,2,3870,718467510,1396751380
GL845198.1,Chr2_supercontig_000004057,2,1603,718469113,1396752983
GL845199.1,Chr2_supercontig_000004058,2,1623,718470736,1396754606
GL845200.1,Chr2_supercontig_000004059,2,3028,718473764,1396757634
GL845201.1,Chr2_supercontig_000004060,2,1712,718475476,1396759346
GL845202.1,Chr2_supercontig_000004061,2,1982,718477458,1396761328
GL845203.1,Chr2_supercontig_000004062,2,5967,718483425,1396767295
GL845204.1,Chr2_supercontig_000004063,2,1806,718485231,1396769101
GL845205.1,Chr2_supercontig_000004064,2,4050,718489281,1396773151
GL845206.1,Chr2_supercontig_000004065,2,2232,718491513,1396775383
GL845207.1,Chr2_supercontig_000004066,2,4000,718495513,1396779383
GL845208.1,Chr2_supercontig_000004067,2,2863,718498376,1396782246
GL845209.1,Chr2_supercontig_000004068,2,1601,718499977,1396783847
GL845210.1,Chr2_supercontig_000004069,2,10325,718510302,1396794172
GL845211.1,Chr2_supercontig_000004070,2,1543,718511845,1396795715
GL845212.1,Chr2_supercontig_000004071,2,2420,718514265,1396798135
GL845213.1,Chr2_supercontig_000004072,2,2307,718516572,1396800442
GL845214.1,Chr2_supercontig_000004073,2,2257,718518829,1396802699
GL845215.1,Chr2_supercontig_000004074,2,3624,718522453,1396806323
GL845216.1,Chr2_supercontig_000004075,2,2011,718524464,1396808334
GL845217.1,Chr2_supercontig_000004076,2,1762,718526226,1396810096
GL845218.1,Chr2_supercontig_000004077,2,9889,718536115,1396819985
GL845219.1,Chr2_supercontig_000004078,2,8853,718544968,1396828838
GL845220.1,Chr2_supercontig_000004079,2,2590,718547558,1396831428
GL845221.1,Chr2_supercontig_000004080,2,1537,718549095,1396832965
GL845222.1,Chr2_supercontig_000004081,2,4881,718553976,1396837846
GL845223.1,Chr2_supercontig_000004082,2,2296,718556272,1396840142
GL845224.1,Chr2_supercontig_000004083,2,12616,718568888,1396852758
GL845225.1,Chr2_supercontig_000004084,2,3439,718572327,1396856197
GL845226.1,Chr2_supercontig_000004085,2,4252,718576579,1396860449
GL845227.1,Chr2_supercontig_000004086,2,9816,718586395,1396870265
GL845228.1,Chr2_supercontig_000004087,2,1560,718587955,1396871825
GL845229.1,Chr2_supercontig_000004088,2,2192,718590147,1396874017
GL845230.1,Chr2_supercontig_000004089,2,1765,718591912,1396875782
GL845231.1,Chr2_supercontig_000004090,2,3758,718595670,1396879540
GL845232.1,Chr2_supercontig_000004091,2,3272,718598942,1396882812
GL845233.1,Chr2_supercontig_000004092,2,3183,718602125,1396885995
GL845234.1,Chr2_supercontig_000004093,2,2888,718605013,1396888883
GL845235.1,Chr2_supercontig_000004094,2,1571,718606584,1396890454
GL845236.1,Chr2_supercontig_000004095,2,3132,718609716,1396893586
GL845237.1,Chr2_supercontig_000004096,2,1600,718611316,1396895186
GL845238.1,Chr2_supercontig_000004097,2,2278,718613594,1396897464
GL845239.1,Chr2_supercontig_000004098,2,1668,718615262,1396899132
GL845240.1,Chr2_supercontig_000004099,2,2544,718617806,1396901676
GL845241.1,Chr2_supercontig_000004100,2,1852,718619658,1396903528
GL845242.1,Chr2_supercontig_000004101,2,1799,718621457,1396905327
GL845243.1,Chr2_supercontig_000004102,2,4002,718625459,1396909329
GL845244.1,Chr2_supercontig_000004103,2,1853,718627312,1396911182
GL845245.1,Chr2_supercontig_000004104,2,3092,718630404,1396914274
GL845246.1,Chr2_supercontig_000004105,2,1907,718632311,1396916181
GL845247.1,Chr2_supercontig_000004106,2,1577,718633888,1396917758
GL845248.1,Chr2_supercontig_000004107,2,2273,718636161,1396920031
GL845249.1,Chr2_supercontig_000004108,2,1563,718637724,1396921594
GL845250.1,Chr2_supercontig_000004109,2,1545,718639269,1396923139
GL845251.1,Chr2_supercontig_000004110,2,5461,718644730,1396928600
GL845252.1,Chr2_supercontig_000004111,2,3519,718648249,1396932119
GL845253.1,Chr2_supercontig_000004112,2,2576,718650825,1396934695
GL845254.1,Chr2_supercontig_000004113,2,3199,718654024,1396937894
GL845255.1,Chr2_supercontig_000004114,2,1642,718655666,1396939536
GL845256.1,Chr2_supercontig_000004115,2,2066,718657732,1396941602
GL845257.1,Chr2_supercontig_000004116,2,2436,718660168,1396944038
GL845258.1,Chr2_supercontig_000004117,2,2508,718662676,1396946546
GL845259.1,Chr2_supercontig_000004118,2,2897,718665573,1396949443
GL845260.1,Chr2_supercontig_000004119,2,2203,718667776,1396951646
GL845261.1,Chr2_supercontig_000004120,2,2293,718670069,1396953939
GL845262.1,Chr2_supercontig_000004121,2,2209,718672278,1396956148
GL845263.1,Chr2_supercontig_000004122,2,3033,718675311,1396959181
GL845264.1,Chr2_supercontig_000004123,2,2427,718677738,1396961608
GL845265.1,Chr2_supercontig_000004124,2,2379,718680117,1396963987
GL845266.1,Chr2_supercontig_000004125,2,3431,718683548,1396967418
GL845267.1,Chr2_supercontig_000004126,2,1516,718685064,1396968934
GL845268.1,Chr2_supercontig_000004127,2,4020,718689084,1396972954
GL845269.1,Chr2_supercontig_000004128,2,3530,718692614,1396976484
GL845270.1,Chr2_supercontig_000004129,2,2650,718695264,1396979134
GL845271.1,Chr2_supercontig_000004130,2,2255,718697519,1396981389
GL845272.1,Chr2_supercontig_000004131,2,7010,718704529,1396988399
GL845273.1,Chr2_supercontig_000004132,2,1896,718706425,1396990295
GL845274.1,Chr2_supercontig_000004133,2,2100,718708525,1396992395
GL845275.1,Chr2_supercontig_000004134,2,2063,718710588,1396994458
GL845276.1,Chr2_supercontig_000004135,2,2927,718713515,1396997385
GL845277.1,Chr2_supercontig_000004136,2,1611,718715126,1396998996
GL845278.1,Chr2_supercontig_000004137,2,2059,718717185,1397001055
GL845279.1,Chr2_supercontig_000004138,2,3936,718721121,1397004991
GL845280.1,Chr2_supercontig_000004139,2,3131,718724252,1397008122
GL845281.1,Chr2_supercontig_000004140,2,2409,718726661,1397010531
GL845282.1,Chr2_supercontig_000004141,2,1935,718728596,1397012466
GL845283.1,Chr2_supercontig_000004142,2,4045,718732641,1397016511
GL845284.1,Chr2_supercontig_000004143,2,3074,718735715,1397019585
GL845285.1,Chr2_supercontig_000004144,2,8773,718744488,1397028358
GL845286.1,Chr2_supercontig_000004145,2,1555,718746043,1397029913
GL845287.1,Chr2_supercontig_000004146,2,2313,718748356,1397032226
GL845288.1,Chr2_supercontig_000004147,2,4396,718752752,1397036622
GL845289.1,Chr2_supercontig_000004148,2,1553,718754305,1397038175
GL845290.1,Chr2_supercontig_000004149,2,2783,718757088,1397040958
GL845291.1,Chr2_supercontig_000004150,2,2662,718759750,1397043620
GL845292.1,Chr2_supercontig_000004151,2,2715,718762465,1397046335
GL845293.1,Chr2_supercontig_000004152,2,1941,718764406,1397048276
GL845294.1,Chr2_supercontig_000004153,2,4839,718769245,1397053115
GL845295.1,Chr2_supercontig_000004154,2,2505,718771750,1397055620
GL845296.1,Chr2_supercontig_000004155,2,2432,718774182,1397058052
GL845297.1,Chr2_supercontig_000004156,2,2461,718776643,1397060513
GL845298.1,Chr2_supercontig_000004157,2,2005,718778648,1397062518
GL845299.1,Chr2_supercontig_000004158,2,2331,718780979,1397064849
GL845300.1,Chr2_supercontig_000004159,2,1730,718782709,1397066579
GL845301.1,Chr2_supercontig_000004160,2,1624,718784333,1397068203
GL845302.1,Chr2_supercontig_000004161,2,4296,718788629,1397072499
GL845303.1,Chr2_supercontig_000004162,2,1737,718790366,1397074236
GL845304.1,Chr2_supercontig_000004163,2,1962,718792328,1397076198
GL845305.1,Chr2_supercontig_000004164,2,6045,718798373,1397082243
GL845306.1,Chr2_supercontig_000004165,2,2322,718800695,1397084565
GL845307.1,Chr2_supercontig_000004166,2,1712,718802407,1397086277
GL845308.1,Chr2_supercontig_000004167,2,1591,718803998,1397087868
GL845309.1,Chr2_supercontig_000004168,2,2326,718806324,1397090194
GL845310.1,Chr2_supercontig_000004169,2,2168,718808492,1397092362
GL845311.1,Chr2_supercontig_000004170,2,1596,718810088,1397093958
GL845312.1,Chr2_supercontig_000004171,2,2320,718812408,1397096278
GL845313.1,Chr2_supercontig_000004172,2,1680,718814088,1397097958
GL845314.1,Chr2_supercontig_000004173,2,1611,718815699,1397099569
GL845315.1,Chr2_supercontig_000004174,2,4258,718819957,1397103827
GL845316.1,Chr2_supercontig_000004175,2,2909,718822866,1397106736
GL845317.1,Chr2_supercontig_000004176,2,2435,718825301,1397109171
GL845318.1,Chr2_supercontig_000004177,2,2044,718827345,1397111215
GL845319.1,Chr2_supercontig_000004178,2,1820,718829165,1397113035
GL845320.1,Chr2_supercontig_000004179,2,2083,718831248,1397115118
GL845321.1,Chr2_supercontig_000004180,2,1568,718832816,1397116686
GL845322.1,Chr2_supercontig_000004181,2,3290,718836106,1397119976
GL845323.1,Chr2_supercontig_000004182,2,2435,718838541,1397122411
GL845324.1,Chr2_supercontig_000004183,2,2975,718841516,1397125386
GL845325.1,Chr2_supercontig_000004184,2,1905,718843421,1397127291
GL845326.1,Chr2_supercontig_000004185,2,12063,718855484,1397139354
GL845327.1,Chr2_supercontig_000004186,2,1729,718857213,1397141083
GL845328.1,Chr2_supercontig_000004187,2,1740,718858953,1397142823
GL845329.1,Chr2_supercontig_000004188,2,2652,718861605,1397145475
GL845330.1,Chr2_supercontig_000004189,2,1800,718863405,1397147275
GL845331.1,Chr2_supercontig_000004190,2,2746,718866151,1397150021
GL845332.1,Chr2_supercontig_000004191,2,2139,718868290,1397152160
GL845333.1,Chr2_supercontig_000004192,2,1698,718869988,1397153858
GL845334.1,Chr2_supercontig_000004193,2,3671,718873659,1397157529
GL845335.1,Chr2_supercontig_000004194,2,2696,718876355,1397160225
GL845336.1,Chr2_supercontig_000004195,2,2001,718878356,1397162226
GL845337.1,Chr2_supercontig_000004196,2,1902,718880258,1397164128
GL845338.1,Chr2_supercontig_000004197,2,4931,718885189,1397169059
GL845339.1,Chr2_supercontig_000004198,2,1763,718886952,1397170822
GL845340.1,Chr2_supercontig_000004199,2,1712,718888664,1397172534
GL845341.1,Chr2_supercontig_000004200,2,3264,718891928,1397175798
GL845342.1,Chr2_supercontig_000004201,2,4000,718895928,1397179798
GL845343.1,Chr2_supercontig_000004202,2,3286,718899214,1397183084
GL845344.1,Chr2_supercontig_000004203,2,2055,718901269,1397185139
GL845345.1,Chr2_supercontig_000004204,2,5131,718906400,1397190270
GL845346.1,Chr2_supercontig_000004205,2,4049,718910449,1397194319
GL845347.1,Chr2_supercontig_000004206,2,3735,718914184,1397198054
GL845348.1,Chr2_supercontig_000004207,2,2100,718916284,1397200154
GL845349.1,Chr2_supercontig_000004208,2,1963,718918247,1397202117
GL845350.1,Chr2_supercontig_000004209,2,1987,718920234,1397204104
GL845351.1,Chr2_supercontig_000004210,2,1615,718921849,1397205719
GL845352.1,Chr2_supercontig_000004211,2,5553,718927402,1397211272
GL845353.1,Chr2_supercontig_000004212,2,4363,718931765,1397215635
GL845354.1,Chr2_supercontig_000004213,2,1584,718933349,1397217219
GL845355.1,Chr2_supercontig_000004214,2,3393,718936742,1397220612
GL845356.1,Chr2_supercontig_000004215,2,1580,718938322,1397222192
GL845357.1,Chr2_supercontig_000004216,2,3381,718941703,1397225573
GL845358.1,Chr2_supercontig_000004217,2,1703,718943406,1397227276
GL845359.1,Chr2_supercontig_000004218,2,1959,718945365,1397229235
GL845360.1,Chr2_supercontig_000004219,2,4701,718950066,1397233936
GL845361.1,Chr2_supercontig_000004220,2,2012,718952078,1397235948
GL845362.1,Chr2_supercontig_000004221,2,1720,718953798,1397237668
GL845363.1,Chr2_supercontig_000004222,2,6062,718959860,1397243730
GL845364.1,Chr2_supercontig_000004223,2,8730,718968590,1397252460
GL845365.1,Chr2_supercontig_000004224,2,4320,718972910,1397256780
GL845366.1,Chr2_supercontig_000004225,2,4620,718977530,1397261400
GL845367.1,Chr2_supercontig_000004226,2,2281,718979811,1397263681
GL845368.1,Chr2_supercontig_000004227,2,1636,718981447,1397265317
GL845369.1,Chr2_supercontig_000004228,2,2626,718984073,1397267943
GL845370.1,Chr2_supercontig_000004229,2,1886,718985959,1397269829
GL845371.1,Chr2_supercontig_000004230,2,1873,718987832,1397271702
GL845372.1,Chr2_supercontig_000004231,2,1655,718989487,1397273357
GL845373.1,Chr2_supercontig_000004232,2,2100,718991587,1397275457
GL845374.1,Chr2_supercontig_000004233,2,2626,718994213,1397278083
GL845375.1,Chr2_supercontig_000004234,2,1953,718996166,1397280036
GL845376.1,Chr2_supercontig_000004235,2,1923,718998089,1397281959
GL845377.1,Chr2_supercontig_000004236,2,3970,719002059,1397285929
GL845378.1,Chr2_supercontig_000004237,2,6062,719008121,1397291991
GL845379.1,Chr2_supercontig_000004238,2,3058,719011179,1397295049
GL845380.1,Chr2_supercontig_000004239,2,2110,719013289,1397297159
GL845381.1,Chr2_supercontig_000004240,2,4558,719017847,1397301717
GL845382.1,Chr2_supercontig_000004241,2,1560,719019407,1397303277
GL845383.1,Chr2_supercontig_000004242,2,1725,719021132,1397305002
GL845384.1,Chr2_supercontig_000004243,2,3080,719024212,1397308082
GL845385.1,Chr2_supercontig_000004244,2,2322,719026534,1397310404
GL845386.1,Chr2_supercontig_000004245,2,2128,719028662,1397312532
GL845387.1,Chr2_supercontig_000004246,2,2258,719030920,1397314790
GL845388.1,Chr2_supercontig_000004247,2,1813,719032733,1397316603
GL845389.1,Chr2_supercontig_000004248,2,2424,719035157,1397319027
GL845390.1,Chr2_supercontig_000004249,2,1813,719036970,1397320840
GL845391.1,Chr2_supercontig_000004250,2,4491,719041461,1397325331
GL845392.1,Chr2_supercontig_000004251,2,1541,719043002,1397326872
GL845393.1,Chr2_supercontig_000004252,2,6004,719049006,1397332876
GL845394.1,Chr2_supercontig_000004253,2,3509,719052515,1397336385
GL845395.1,Chr2_supercontig_000004254,2,3499,719056014,1397339884
GL845396.1,Chr2_supercontig_000004255,2,1617,719057631,1397341501
GL845397.1,Chr2_supercontig_000004256,2,1693,719059324,1397343194
GL845398.1,Chr2_supercontig_000004257,2,3959,719063283,1397347153
GL845399.1,Chr2_supercontig_000004258,2,14975,719078258,1397362128
GL845400.1,Chr2_supercontig_000004259,2,1659,719079917,1397363787
GL845401.1,Chr2_supercontig_000004260,2,2175,719082092,1397365962
GL845402.1,Chr2_supercontig_000004261,2,1960,719084052,1397367922
GL845403.1,Chr2_supercontig_000004262,2,3100,719087152,1397371022
GL845404.1,Chr2_supercontig_000004263,2,2531,719089683,1397373553
GL845405.1,Chr2_supercontig_000004264,2,7049,719096732,1397380602
GL845406.1,Chr2_supercontig_000004265,2,3261,719099993,1397383863
GL845407.1,Chr2_supercontig_000004266,2,2147,719102140,1397386010
GL845408.1,Chr2_supercontig_000004267,2,18097,719120237,1397404107
GL845409.1,Chr2_supercontig_000004268,2,2219,719122456,1397406326
GL845410.1,Chr2_supercontig_000004269,2,2585,719125041,1397408911
GL845411.1,Chr2_supercontig_000004270,2,2160,719127201,1397411071
GL845412.1,Chr2_supercontig_000004271,2,3116,719130317,1397414187
GL845413.1,Chr2_supercontig_000004272,2,2485,719132802,1397416672
GL845414.1,Chr2_supercontig_000004273,2,1521,719134323,1397418193
GL845415.1,Chr2_supercontig_000004274,2,1742,719136065,1397419935
GL845416.1,Chr2_supercontig_000004275,2,6398,719142463,1397426333
GL845417.1,Chr2_supercontig_000004276,2,2259,719144722,1397428592
GL845418.1,Chr2_supercontig_000004277,2,3605,719148327,1397432197
GL845419.1,Chr2_supercontig_000004278,2,1507,719149834,1397433704
GL845420.1,Chr2_supercontig_000004279,2,2014,719151848,1397435718
GL845421.1,Chr2_supercontig_000004280,2,2926,719154774,1397438644
GL845422.1,Chr2_supercontig_000004281,2,1953,719156727,1397440597
GL845423.1,Chr2_supercontig_000004282,2,1728,719158455,1397442325
GL845424.1,Chr2_supercontig_000004283,2,8528,719166983,1397450853
GL845425.1,Chr2_supercontig_000004284,2,1879,719168862,1397452732
GL845426.1,Chr2_supercontig_000004285,2,1875,719170737,1397454607
GL845427.1,Chr2_supercontig_000004286,2,1867,719172604,1397456474
GL845428.1,Chr2_supercontig_000004287,2,2343,719174947,1397458817
GL845429.1,Chr2_supercontig_000004288,2,5491,719180438,1397464308
GL845430.1,Chr2_supercontig_000004289,2,2513,719182951,1397466821
GL845431.1,Chr2_supercontig_000004290,2,1809,719184760,1397468630
GL845432.1,Chr2_supercontig_000004291,2,6957,719191717,1397475587
GL845433.1,Chr2_supercontig_000004292,2,5043,719196760,1397480630
GL845434.1,Chr2_supercontig_000004293,2,4017,719200777,1397484647
GL845435.1,Chr2_supercontig_000004294,2,4092,719204869,1397488739
GL845436.1,Chr2_supercontig_000004295,2,1843,719206712,1397490582
GL845437.1,Chr2_supercontig_000004296,2,1733,719208445,1397492315
GL845438.1,Chr2_supercontig_000004297,2,1893,719210338,1397494208
GL845439.1,Chr2_supercontig_000004298,2,2162,719212500,1397496370
GL845440.1,Chr2_supercontig_000004299,2,4299,719216799,1397500669
GL845441.1,Chr2_supercontig_000004300,2,2272,719219071,1397502941
GL845442.1,Chr2_supercontig_000004301,2,2652,719221723,1397505593
GL845443.1,Chr2_supercontig_000004302,2,6747,719228470,1397512340
GL845444.1,Chr2_supercontig_000004303,2,2155,719230625,1397514495
GL845445.1,Chr2_supercontig_000004304,2,6629,719237254,1397521124
GL845446.1,Chr2_supercontig_000004305,2,1871,719239125,1397522995
GL845447.1,Chr2_supercontig_000004306,2,11891,719251016,1397534886
GL845448.1,Chr2_supercontig_000004307,2,2355,719253371,1397537241
GL845449.1,Chr2_supercontig_000004308,2,4915,719258286,1397542156
GL845450.1,Chr2_supercontig_000004309,2,2006,719260292,1397544162
GL845451.1,Chr2_supercontig_000004310,2,3789,719264081,1397547951
GL845452.1,Chr2_supercontig_000004311,2,1618,719265699,1397549569
GL845453.1,Chr2_supercontig_000004312,2,5115,719270814,1397554684
GL845454.1,Chr2_supercontig_000004313,2,2039,719272853,1397556723
GL845455.1,Chr2_supercontig_000004314,2,5178,719278031,1397561901
GL845456.1,Chr2_supercontig_000004315,2,2452,719280483,1397564353
GL845457.1,Chr2_supercontig_000004316,2,3662,719284145,1397568015
GL845458.1,Chr2_supercontig_000004317,2,3496,719287641,1397571511
GL845459.1,Chr2_supercontig_000004318,2,2099,719289740,1397573610
GL845460.1,Chr2_supercontig_000004319,2,1765,719291505,1397575375
GL845461.1,Chr2_supercontig_000004320,2,3687,719295192,1397579062
GL845462.1,Chr2_supercontig_000004321,2,1503,719296695,1397580565
GL845463.1,Chr2_supercontig_000004322,2,2570,719299265,1397583135
GL845464.1,Chr2_supercontig_000004323,2,1785,719301050,1397584920
GL845465.1,Chr2_supercontig_000004324,2,2692,719303742,1397587612
GL845466.1,Chr2_supercontig_000004325,2,2482,719306224,1397590094
GL845467.1,Chr2_supercontig_000004326,2,2233,719308457,1397592327
GL845468.1,Chr2_supercontig_000004327,2,1554,719310011,1397593881
GL845469.1,Chr2_supercontig_000004328,2,4979,719314990,1397598860
GL845470.1,Chr2_supercontig_000004329,2,3597,719318587,1397602457
GL845471.1,Chr2_supercontig_000004330,2,1628,719320215,1397604085
GL845472.1,Chr2_supercontig_000004331,2,3110,719323325,1397607195
GL845473.1,Chr2_supercontig_000004332,2,1757,719325082,1397608952
GL845474.1,Chr2_supercontig_000004333,2,3346,719328428,1397612298
GL845475.1,Chr2_supercontig_000004334,2,2501,719330929,1397614799
GL845476.1,Chr2_supercontig_000004335,2,1569,719332498,1397616368
GL845477.1,Chr2_supercontig_000004336,2,1718,719334216,1397618086
GL845478.1,Chr2_supercontig_000004337,2,1584,719335800,1397619670
GL845479.1,Chr2_supercontig_000004338,2,1958,719337758,1397621628
GL845480.1,Chr2_supercontig_000004339,2,1560,719339318,1397623188
GL845481.1,Chr2_supercontig_000004340,2,2212,719341530,1397625400
GL845482.1,Chr2_supercontig_000004341,2,6398,719347928,1397631798
GL845483.1,Chr2_supercontig_000004342,2,1826,719349754,1397633624
GL845484.1,Chr2_supercontig_000004343,2,1508,719351262,1397635132
GL845485.1,Chr2_supercontig_000004344,2,2091,719353353,1397637223
GL845486.1,Chr2_supercontig_000004345,2,12414,719365767,1397649637
GL845487.1,Chr2_supercontig_000004346,2,1692,719367459,1397651329
GL845488.1,Chr2_supercontig_000004347,2,2369,719369828,1397653698
GL845489.1,Chr2_supercontig_000004348,2,4404,719374232,1397658102
GL845490.1,Chr2_supercontig_000004349,2,2397,719376629,1397660499
GL845491.1,Chr2_supercontig_000004350,2,2499,719379128,1397662998
GL845492.1,Chr2_supercontig_000004351,2,2534,719381662,1397665532
GL845493.1,Chr2_supercontig_000004352,2,1777,719383439,1397667309
GL845494.1,Chr2_supercontig_000004353,2,1863,719385302,1397669172
GL845495.1,Chr2_supercontig_000004354,2,1681,719386983,1397670853
GL845496.1,Chr2_supercontig_000004355,2,2273,719389256,1397673126
GL845497.1,Chr2_supercontig_000004356,2,1969,719391225,1397675095
GL845498.1,Chr2_supercontig_000004357,2,1793,719393018,1397676888
GL845499.1,Chr2_supercontig_000004358,2,1610,719394628,1397678498
GL845500.1,Chr2_supercontig_000004359,2,2938,719397566,1397681436
GL845501.1,Chr2_supercontig_000004360,2,2615,719400181,1397684051
GL845502.1,Chr2_supercontig_000004361,2,3269,719403450,1397687320
GL845503.1,Chr2_supercontig_000004362,2,4258,719407708,1397691578
GL845504.1,Chr2_supercontig_000004363,2,8249,719415957,1397699827
GL845505.1,Chr2_supercontig_000004364,2,15415,719431372,1397715242
GL845506.1,Chr2_supercontig_000004365,2,5854,719437226,1397721096
GL845507.1,Chr2_supercontig_000004366,2,14249,719451475,1397735345
GL845508.1,Chr2_supercontig_000004367,2,1622,719453097,1397736967
GL845509.1,Chr2_supercontig_000004368,2,2237,719455334,1397739204
GL845510.1,Chr2_supercontig_000004369,2,2941,719458275,1397742145
GL845511.1,Chr2_supercontig_000004370,2,2205,719460480,1397744350
GL845512.1,Chr2_supercontig_000004371,2,3310,719463790,1397747660
GL845513.1,Chr2_supercontig_000004372,2,11653,719475443,1397759313
GL845514.1,Chr2_supercontig_000004373,2,12347,719487790,1397771660
GL845515.1,Chr2_supercontig_000004374,2,2853,719490643,1397774513
GL845516.1,Chr2_supercontig_000004375,2,2182,719492825,1397776695
GL845517.1,Chr2_supercontig_000004376,2,3580,719496405,1397780275
GL845518.1,Chr2_supercontig_000004377,2,1855,719498260,1397782130
GL845519.1,Chr2_supercontig_000004378,2,3861,719502121,1397785991
GL845520.1,Chr2_supercontig_000004379,2,5582,719507703,1397791573
GL845521.1,Chr2_supercontig_000004380,2,3105,719510808,1397794678
GL845522.1,Chr2_supercontig_000004381,2,2041,719512849,1397796719
GL845523.1,Chr2_supercontig_000004382,2,3454,719516303,1397800173
GL845524.1,Chr2_supercontig_000004383,2,8957,719525260,1397809130
GL845525.1,Chr2_supercontig_000004384,2,3149,719528409,1397812279
GL845526.1,Chr2_supercontig_000004385,2,2007,719530416,1397814286
GL845527.1,Chr2_supercontig_000004386,2,5347,719535763,1397819633
GL845528.1,Chr2_supercontig_000004387,2,18266,719554029,1397837899
GL845529.1,Chr2_supercontig_000004388,2,2137,719556166,1397840036
GL845530.1,Chr2_supercontig_000004389,2,15367,719571533,1397855403
GL845531.1,Chr2_supercontig_000004390,2,1521,719573054,1397856924
GL845532.1,Chr2_supercontig_000004391,2,2071,719575125,1397858995
GL845533.1,Chr2_supercontig_000004392,2,2566,719577691,1397861561
GL845534.1,Chr2_supercontig_000004393,2,3000,719580691,1397864561
GL845535.1,Chr2_supercontig_000004394,2,1761,719582452,1397866322
GL845536.1,Chr2_supercontig_000004395,2,2094,719584546,1397868416
GL845537.1,Chr2_supercontig_000004396,2,1661,719586207,1397870077
GL845538.1,Chr2_supercontig_000004397,2,1893,719588100,1397871970
GL845539.1,Chr2_supercontig_000004398,2,1740,719589840,1397873710
GL845540.1,Chr2_supercontig_000004399,2,1900,719591740,1397875610
GL845541.1,Chr2_supercontig_000004400,2,1805,719593545,1397877415
GL845542.1,Chr2_supercontig_000004401,2,3360,719596905,1397880775
GL845543.1,Chr2_supercontig_000004402,2,2113,719599018,1397882888
GL845544.1,Chr2_supercontig_000004403,2,4619,719603637,1397887507
GL845545.1,Chr2_supercontig_000004404,2,2414,719606051,1397889921
GL845546.1,Chr2_supercontig_000004405,2,1806,719607857,1397891727
GL845547.1,Chr2_supercontig_000004406,2,1995,719609852,1397893722
GL845548.1,Chr2_supercontig_000004407,2,2469,719612321,1397896191
GL845549.1,Chr2_supercontig_000004408,2,2384,719614705,1397898575
GL845550.1,Chr2_supercontig_000004409,2,1767,719616472,1397900342
GL845551.1,Chr2_supercontig_000004410,2,13586,719630058,1397913928
GL845552.1,Chr2_supercontig_000004411,2,2334,719632392,1397916262
GL845553.1,Chr2_supercontig_000004412,2,1992,719634384,1397918254
GL845554.1,Chr2_supercontig_000004413,2,2592,719636976,1397920846
GL845555.1,Chr2_supercontig_000004414,2,2214,719639190,1397923060
GL845556.1,Chr2_supercontig_000004415,2,7151,719646341,1397930211
GL845557.1,Chr2_supercontig_000004416,2,2337,719648678,1397932548
GL845558.1,Chr2_supercontig_000004417,2,3040,719651718,1397935588
GL845559.1,Chr2_supercontig_000004418,2,1842,719653560,1397937430
GL845560.1,Chr2_supercontig_000004419,2,3373,719656933,1397940803
GL845561.1,Chr2_supercontig_000004420,2,1688,719658621,1397942491
GL845562.1,Chr2_supercontig_000004421,2,4743,719663364,1397947234
GL845563.1,Chr2_supercontig_000004422,2,5404,719668768,1397952638
GL845564.1,Chr2_supercontig_000004423,2,1939,719670707,1397954577
GL845565.1,Chr2_supercontig_000004424,2,1930,719672637,1397956507
GL845566.1,Chr2_supercontig_000004425,2,2143,719674780,1397958650
GL845567.1,Chr2_supercontig_000004426,2,1645,719676425,1397960295
GL845568.1,Chr2_supercontig_000004427,2,2730,719679155,1397963025
GL845569.1,Chr2_supercontig_000004428,2,3379,719682534,1397966404
GL845570.1,Chr2_supercontig_000004429,2,2471,719685005,1397968875
GL845571.1,Chr2_supercontig_000004430,2,2520,719687525,1397971395
GL845572.1,Chr2_supercontig_000004431,2,4212,719691737,1397975607
GL845573.1,Chr2_supercontig_000004432,2,1598,719693335,1397977205
GL845574.1,Chr2_supercontig_000004433,2,6087,719699422,1397983292
GL845575.1,Chr2_supercontig_000004434,2,1875,719701297,1397985167
GL845576.1,Chr2_supercontig_000004435,2,5275,719706572,1397990442
GL845577.1,Chr2_supercontig_000004436,2,2357,719708929,1397992799
GL845578.1,Chr2_supercontig_000004437,2,2854,719711783,1397995653
GL845579.1,Chr2_supercontig_000004438,2,6377,719718160,1398002030
GL845580.1,Chr2_supercontig_000004439,2,3050,719721210,1398005080
GL845581.1,Chr2_supercontig_000004440,2,10688,719731898,1398015768
GL845582.1,Chr2_supercontig_000004441,2,3286,719735184,1398019054
GL845583.1,Chr2_supercontig_000004442,2,1832,719737016,1398020886
GL845584.1,Chr2_supercontig_000004443,2,2428,719739444,1398023314
GL845585.1,Chr2_supercontig_000004444,2,2706,719742150,1398026020
GL845586.1,Chr2_supercontig_000004445,2,2881,719745031,1398028901
GL845587.1,Chr2_supercontig_000004446,2,2327,719747358,1398031228
GL845588.1,Chr2_supercontig_000004447,2,1939,719749297,1398033167
GL845589.1,Chr2_supercontig_000004448,2,2303,719751600,1398035470
GL845590.1,Chr2_supercontig_000004449,2,2495,719754095,1398037965
GL845591.1,Chr2_supercontig_000004450,2,4434,719758529,1398042399
GL845592.1,Chr2_supercontig_000004451,2,1513,719760042,1398043912
GL845593.1,Chr2_supercontig_000004452,2,2501,719762543,1398046413
GL845594.1,Chr2_supercontig_000004453,2,3181,719765724,1398049594
GL845595.1,Chr2_supercontig_000004454,2,2974,719768698,1398052568
GL845596.1,Chr2_supercontig_000004455,2,1933,719770631,1398054501
GL845597.1,Chr2_supercontig_000004456,2,2215,719772846,1398056716
GL845598.1,Chr2_supercontig_000004457,2,1710,719774556,1398058426
GL845599.1,Chr2_supercontig_000004458,2,1916,719776472,1398060342
GL845600.1,Chr2_supercontig_000004459,2,1553,719778025,1398061895
GL845601.1,Chr2_supercontig_000004460,2,1568,719779593,1398063463
GL845602.1,Chr2_supercontig_000004461,2,2270,719781863,1398065733
GL845603.1,Chr2_supercontig_000004462,2,1517,719783380,1398067250
GL845604.1,Chr2_supercontig_000004463,2,1606,719784986,1398068856
GL845605.1,Chr2_supercontig_000004464,2,2280,719787266,1398071136
GL845606.1,Chr2_supercontig_000004465,2,4268,719791534,1398075404
GL845607.1,Chr2_supercontig_000004466,2,3489,719795023,1398078893
GL845608.1,Chr2_supercontig_000004467,2,1849,719796872,1398080742
GL845609.1,Chr2_supercontig_000004468,2,1845,719798717,1398082587
GL845610.1,Chr2_supercontig_000004469,2,4439,719803156,1398087026
GL845611.1,Chr2_supercontig_000004470,2,1525,719804681,1398088551
GL845612.1,Chr2_supercontig_000004471,2,3143,719807824,1398091694
GL845613.1,Chr2_supercontig_000004472,2,3056,719810880,1398094750
GL845614.1,Chr2_supercontig_000004473,2,1538,719812418,1398096288
GL845615.1,Chr2_supercontig_000004474,2,1761,719814179,1398098049
GL845616.1,Chr2_supercontig_000004475,2,2511,719816690,1398100560
GL845617.1,Chr2_supercontig_000004476,2,1880,719818570,1398102440
GL845618.1,Chr2_supercontig_000004477,2,1669,719820239,1398104109
GL845619.1,Chr2_supercontig_000004478,2,1843,719822082,1398105952
GL845620.1,Chr2_supercontig_000004479,2,1535,719823617,1398107487
GL845621.1,Chr2_supercontig_000004480,2,4460,719828077,1398111947
GL845622.1,Chr2_supercontig_000004481,2,2983,719831060,1398114930
GL845623.1,Chr2_supercontig_000004482,2,1881,719832941,1398116811
GL845624.1,Chr2_supercontig_000004483,2,1826,719834767,1398118637
GL845625.1,Chr2_supercontig_000004484,2,4112,719838879,1398122749
GL845626.1,Chr2_supercontig_000004485,2,2296,719841175,1398125045
GL845627.1,Chr2_supercontig_000004486,2,2263,719843438,1398127308
GL845628.1,Chr2_supercontig_000004487,2,1865,719845303,1398129173
GL845629.1,Chr2_supercontig_000004488,2,2015,719847318,1398131188
GL845630.1,Chr2_supercontig_000004489,2,3658,719850976,1398134846
GL845631.1,Chr2_supercontig_000004490,2,2438,719853414,1398137284
GL845632.1,Chr2_supercontig_000004491,2,2150,719855564,1398139434
GL845633.1,Chr2_supercontig_000004492,2,1606,719857170,1398141040
GL845634.1,Chr2_supercontig_000004493,2,1661,719858831,1398142701
GL845635.1,Chr2_supercontig_000004494,2,3514,719862345,1398146215
GL845636.1,Chr2_supercontig_000004495,2,3367,719865712,1398149582
GL845637.1,Chr2_supercontig_000004496,2,3052,719868764,1398152634
GL845638.1,Chr2_supercontig_000004497,2,2148,719870912,1398154782
GL845639.1,Chr2_supercontig_000004498,2,3169,719874081,1398157951
GL845640.1,Chr2_supercontig_000004499,2,2540,719876621,1398160491
GL845641.1,Chr2_supercontig_000004500,2,2653,719879274,1398163144
GL845642.1,Chr2_supercontig_000004501,2,1658,719880932,1398164802
GL845643.1,Chr2_supercontig_000004502,2,1599,719882531,1398166401
GL845644.1,Chr2_supercontig_000004503,2,1956,719884487,1398168357
GL845645.1,Chr2_supercontig_000004504,2,3206,719887693,1398171563
GL845646.1,Chr2_supercontig_000004505,2,2974,719890667,1398174537
GL845647.1,Chr2_supercontig_000004506,2,1719,719892386,1398176256
GL845648.1,Chr2_supercontig_000004507,2,1700,719894086,1398177956
GL845649.1,Chr2_supercontig_000004508,2,1603,719895689,1398179559
GL845650.1,Chr2_supercontig_000004509,2,8705,719904394,1398188264
GL845651.1,Chr2_supercontig_000004510,2,12319,719916713,1398200583
GL845652.1,Chr2_supercontig_000004511,2,1600,719918313,1398202183
GL845653.1,Chr2_supercontig_000004512,2,1546,719919859,1398203729
GL845654.1,Chr2_supercontig_000004513,2,1560,719921419,1398205289
GL845655.1,Chr2_supercontig_000004514,2,3099,719924518,1398208388
GL845656.1,Chr2_supercontig_000004515,2,7449,719931967,1398215837
GL845657.1,Chr2_supercontig_000004516,2,3150,719935117,1398218987
GL845658.1,Chr2_supercontig_000004517,2,2172,719937289,1398221159
GL845659.1,Chr2_supercontig_000004518,2,2435,719939724,1398223594
GL845660.1,Chr2_supercontig_000004519,2,1834,719941558,1398225428
GL845661.1,Chr2_supercontig_000004520,2,1970,719943528,1398227398
GL845662.1,Chr2_supercontig_000004521,2,2117,719945645,1398229515
GL845663.1,Chr2_supercontig_000004522,2,2646,719948291,1398232161
GL845664.1,Chr2_supercontig_000004523,2,2033,719950324,1398234194
GL845665.1,Chr2_supercontig_000004524,2,2194,719952518,1398236388
GL845666.1,Chr2_supercontig_000004525,2,2284,719954802,1398238672
GL845667.1,Chr2_supercontig_000004526,2,1737,719956539,1398240409
GL845668.1,Chr2_supercontig_000004527,2,1515,719958054,1398241924
GL845669.1,Chr2_supercontig_000004528,2,3799,719961853,1398245723
GL845670.1,Chr2_supercontig_000004529,2,2370,719964223,1398248093
GL845671.1,Chr2_supercontig_000004530,2,3535,719967758,1398251628
GL845672.1,Chr2_supercontig_000004531,2,5020,719972778,1398256648
GL845673.1,Chr2_supercontig_000004532,2,1893,719974671,1398258541
GL845674.1,Chr2_supercontig_000004533,2,1759,719976430,1398260300
GL845675.1,Chr2_supercontig_000004534,2,2045,719978475,1398262345
GL845676.1,Chr2_supercontig_000004535,2,1624,719980099,1398263969
GL845677.1,Chr2_supercontig_000004536,2,1534,719981633,1398265503
GL845678.1,Chr2_supercontig_000004537,2,2374,719984007,1398267877
GL845679.1,Chr2_supercontig_000004538,2,4598,719988605,1398272475
GL845680.1,Chr2_supercontig_000004539,2,2129,719990734,1398274604
GL845681.1,Chr2_supercontig_000004540,2,4184,719994918,1398278788
GL845682.1,Chr2_supercontig_000004541,2,3102,719998020,1398281890
GL845683.1,Chr2_supercontig_000004542,2,2970,720000990,1398284860
GL845684.1,Chr2_supercontig_000004543,2,2620,720003610,1398287480
GL845685.1,Chr2_supercontig_000004544,2,2922,720006532,1398290402
GL845686.1,Chr2_supercontig_000004545,2,2321,720008853,1398292723
GL845687.1,Chr2_supercontig_000004546,2,1975,720010828,1398294698
GL845688.1,Chr2_supercontig_000004547,2,1595,720012423,1398296293
GL845689.1,Chr2_supercontig_000004548,2,4833,720017256,1398301126
GL845690.1,Chr2_supercontig_000004549,2,2502,720019758,1398303628
GL845691.1,Chr2_supercontig_000004550,2,1862,720021620,1398305490
GL845692.1,Chr2_supercontig_000004551,2,7452,720029072,1398312942
GL845693.1,Chr2_supercontig_000004552,2,2721,720031793,1398315663
GL845694.1,Chr2_supercontig_000004553,2,6755,720038548,1398322418
GL845695.1,Chr2_supercontig_000004554,2,2344,720040892,1398324762
GL845696.1,Chr2_supercontig_000004555,2,1808,720042700,1398326570
GL845697.1,Chr2_supercontig_000004556,2,1988,720044688,1398328558
GL845698.1,Chr2_supercontig_000004557,2,3613,720048301,1398332171
GL845699.1,Chr2_supercontig_000004558,2,1683,720049984,1398333854
GL845700.1,Chr2_supercontig_000004559,2,2660,720052644,1398336514
GL845701.1,Chr2_supercontig_000004560,2,2912,720055556,1398339426
GL845702.1,Chr2_supercontig_000004561,2,1548,720057104,1398340974
GL845703.1,Chr2_supercontig_000004562,2,1836,720058940,1398342810
GL845704.1,Chr2_supercontig_000004563,2,2895,720061835,1398345705
GL845705.1,Chr2_supercontig_000004564,2,2454,720064289,1398348159
GL845706.1,Chr2_supercontig_000004565,2,2244,720066533,1398350403
GL845707.1,Chr2_supercontig_000004566,2,4659,720071192,1398355062
GL845708.1,Chr2_supercontig_000004567,2,1749,720072941,1398356811
GL845709.1,Chr2_supercontig_000004568,2,1514,720074455,1398358325
GL845710.1,Chr2_supercontig_000004569,2,1599,720076054,1398359924
GL845711.1,Chr2_supercontig_000004570,2,1803,720077857,1398361727
GL845712.1,Chr2_supercontig_000004571,2,2198,720080055,1398363925
GL845713.1,Chr2_supercontig_000004572,2,1559,720081614,1398365484
GL845714.1,Chr2_supercontig_000004573,2,2538,720084152,1398368022
GL845715.1,Chr2_supercontig_000004574,2,3529,720087681,1398371551
GL845716.1,Chr2_supercontig_000004575,2,17231,720104912,1398388782
GL845717.1,Chr2_supercontig_000004576,2,1685,720106597,1398390467
GL845718.1,Chr2_supercontig_000004577,2,2085,720108682,1398392552
GL845719.1,Chr2_supercontig_000004578,2,1771,720110453,1398394323
GL845720.1,Chr2_supercontig_000004579,2,1519,720111972,1398395842
GL845721.1,Chr2_supercontig_000004580,2,2037,720114009,1398397879
GL845722.1,Chr2_supercontig_000004581,2,2880,720116889,1398400759
GL845723.1,Chr2_supercontig_000004582,2,2063,720118952,1398402822
GL845724.1,Chr2_supercontig_000004583,2,1806,720120758,1398404628
GL845725.1,Chr2_supercontig_000004584,2,1678,720122436,1398406306
GL845726.1,Chr2_supercontig_000004585,2,1508,720123944,1398407814
GL845727.1,Chr2_supercontig_000004586,2,2258,720126202,1398410072
GL845728.1,Chr2_supercontig_000004587,2,3775,720129977,1398413847
GL845729.1,Chr2_supercontig_000004588,2,1638,720131615,1398415485
GL845730.1,Chr2_supercontig_000004589,2,2796,720134411,1398418281
GL845731.1,Chr2_supercontig_000004590,2,2480,720136891,1398420761
GL845732.1,Chr2_supercontig_000004591,2,2465,720139356,1398423226
GL845733.1,Chr2_supercontig_000004592,2,1506,720140862,1398424732
GL845734.1,Chr2_supercontig_000004593,2,2408,720143270,1398427140
GL845735.1,Chr2_supercontig_000004594,2,2419,720145689,1398429559
GL845736.1,Chr2_supercontig_000004595,2,2707,720148396,1398432266
GL845737.1,Chr2_supercontig_000004596,2,1806,720150202,1398434072
GL845738.1,Chr2_supercontig_000004597,2,2265,720152467,1398436337
GL845739.1,Chr2_supercontig_000004598,2,3124,720155591,1398439461
GL845740.1,Chr2_supercontig_000004599,2,1598,720157189,1398441059
GL845741.1,Chr2_supercontig_000004600,2,1720,720158909,1398442779
GL845742.1,Chr2_supercontig_000004601,2,1846,720160755,1398444625
GL845743.1,Chr2_supercontig_000004602,2,2822,720163577,1398447447
GL845744.1,Chr2_supercontig_000004603,2,1703,720165280,1398449150
GL845745.1,Chr2_supercontig_000004604,2,4601,720169881,1398453751
GL845746.1,Chr2_supercontig_000004605,2,1600,720171481,1398455351
GL845747.1,Chr2_supercontig_000004606,2,11606,720183087,1398466957
GL845748.1,Chr2_supercontig_000004607,2,3903,720186990,1398470860
GL845749.1,Chr2_supercontig_000004608,2,2825,720189815,1398473685
GL845750.1,Chr2_supercontig_000004609,2,1757,720191572,1398475442
GL845751.1,Chr2_supercontig_000004610,2,18272,720209844,1398493714
GL845752.1,Chr2_supercontig_000004611,2,3120,720212964,1398496834
GL845753.1,Chr2_supercontig_000004612,2,2469,720215433,1398499303
GL845754.1,Chr2_supercontig_000004613,2,1828,720217261,1398501131
GL845755.1,Chr2_supercontig_000004614,2,1790,720219051,1398502921
GL845756.1,Chr2_supercontig_000004615,2,1700,720220751,1398504621
GL845757.1,Chr2_supercontig_000004616,2,4554,720225305,1398509175
GL845758.1,Chr2_supercontig_000004617,2,1949,720227254,1398511124
GL845759.1,Chr2_supercontig_000004618,2,2727,720229981,1398513851
GL845760.1,Chr2_supercontig_000004619,2,1966,720231947,1398515817
GL845761.1,Chr2_supercontig_000004620,2,1971,720233918,1398517788
GL845762.1,Chr2_supercontig_000004621,2,2109,720236027,1398519897
GL845763.1,Chr2_supercontig_000004622,2,1969,720237996,1398521866
GL845764.1,Chr2_supercontig_000004623,2,1645,720239641,1398523511
GL845765.1,Chr2_supercontig_000004624,2,4138,720243779,1398527649
GL845766.1,Chr2_supercontig_000004625,2,3215,720246994,1398530864
GL845767.1,Chr2_supercontig_000004626,2,3860,720250854,1398534724
GL845768.1,Chr2_supercontig_000004627,2,1657,720252511,1398536381
GL845769.1,Chr2_supercontig_000004628,2,1702,720254213,1398538083
GL845770.1,Chr2_supercontig_000004629,2,2053,720256266,1398540136
GL845771.1,Chr2_supercontig_000004630,2,2702,720258968,1398542838
GL845772.1,Chr2_supercontig_000004631,2,1516,720260484,1398544354
GL845773.1,Chr2_supercontig_000004632,2,15615,720276099,1398559969
GL845774.1,Chr2_supercontig_000004633,2,5573,720281672,1398565542
GL845775.1,Chr2_supercontig_000004634,2,1895,720283567,1398567437
GL845776.1,Chr2_supercontig_000004635,2,1657,720285224,1398569094
GL845777.1,Chr2_supercontig_000004636,2,12964,720298188,1398582058
GL845778.1,Chr2_supercontig_000004637,2,5150,720303338,1398587208
GL845779.1,Chr2_supercontig_000004638,2,1826,720305164,1398589034
GL845780.1,Chr2_supercontig_000004639,2,2751,720307915,1398591785
GL845781.1,Chr2_supercontig_000004640,2,2082,720309997,1398593867
GL845782.1,Chr2_supercontig_000004641,2,1917,720311914,1398595784
GL845783.1,Chr2_supercontig_000004642,2,2991,720314905,1398598775
GL845784.1,Chr2_supercontig_000004643,2,4828,720319733,1398603603
GL845785.1,Chr2_supercontig_000004644,2,2110,720321843,1398605713
GL845786.1,Chr2_supercontig_000004645,2,3713,720325556,1398609426
GL845787.1,Chr2_supercontig_000004646,2,3357,720328913,1398612783
GL845788.1,Chr2_supercontig_000004647,2,3092,720332005,1398615875
GL845789.1,Chr2_supercontig_000004648,2,4921,720336926,1398620796
GL845790.1,Chr2_supercontig_000004649,2,1553,720338479,1398622349
GL845791.1,Chr2_supercontig_000004650,2,2017,720340496,1398624366
GL845792.1,Chr2_supercontig_000004651,2,2246,720342742,1398626612
GL845793.1,Chr2_supercontig_000004652,2,2827,720345569,1398629439
GL845794.1,Chr2_supercontig_000004653,2,2632,720348201,1398632071
GL845795.1,Chr2_supercontig_000004654,2,2211,720350412,1398634282
GL845796.1,Chr2_supercontig_000004655,2,5627,720356039,1398639909
GL845797.1,Chr2_supercontig_000004656,2,1654,720357693,1398641563
GL845798.1,Chr2_supercontig_000004657,2,1610,720359303,1398643173
GL845799.1,Chr2_supercontig_000004658,2,1629,720360932,1398644802
GL845800.1,Chr2_supercontig_000004659,2,2258,720363190,1398647060
GL845801.1,Chr2_supercontig_000004660,2,2253,720365443,1398649313
GL845802.1,Chr2_supercontig_000004661,2,6185,720371628,1398655498
GL845803.1,Chr2_supercontig_000004662,2,3934,720375562,1398659432
GL845804.1,Chr2_supercontig_000004663,2,8058,720383620,1398667490
GL845805.1,Chr2_supercontig_000004664,2,6317,720389937,1398673807
GL845806.1,Chr2_supercontig_000004665,2,2343,720392280,1398676150
GL845807.1,Chr2_supercontig_000004666,2,3091,720395371,1398679241
GL845808.1,Chr2_supercontig_000004667,2,1655,720397026,1398680896
GL845809.1,Chr2_supercontig_000004668,2,1717,720398743,1398682613
GL845810.1,Chr2_supercontig_000004669,2,3438,720402181,1398686051
GL845811.1,Chr2_supercontig_000004670,2,2525,720404706,1398688576
GL845812.1,Chr2_supercontig_000004671,2,2730,720407436,1398691306
GL845813.1,Chr2_supercontig_000004672,2,2393,720409829,1398693699
GL845814.1,Chr2_supercontig_000004673,2,2633,720412462,1398696332
GL845815.1,Chr2_supercontig_000004674,2,1716,720414178,1398698048
GL845816.1,Chr2_supercontig_000004675,2,1861,720416039,1398699909
GL845817.1,Chr2_supercontig_000004676,2,2337,720418376,1398702246
GL845818.1,Chr2_supercontig_000004677,2,1596,720419972,1398703842
GL845819.1,Chr2_supercontig_000004678,2,5230,720425202,1398709072
GL845820.1,Chr2_supercontig_000004679,2,2106,720427308,1398711178
GL845821.1,Chr2_supercontig_000004680,2,7838,720435146,1398719016
GL845822.1,Chr2_supercontig_000004681,2,2664,720437810,1398721680
GL845823.1,Chr2_supercontig_000004682,2,2057,720439867,1398723737
GL845824.1,Chr2_supercontig_000004683,2,2501,720442368,1398726238
GL845825.1,Chr2_supercontig_000004684,2,2298,720444666,1398728536
GL845826.1,Chr2_supercontig_000004685,2,2970,720447636,1398731506
GL845827.1,Chr2_supercontig_000004686,2,2411,720450047,1398733917
GL845828.1,Chr2_supercontig_000004687,2,2040,720452087,1398735957
GL845829.1,Chr2_supercontig_000004688,2,4346,720456433,1398740303
GL845830.1,Chr2_supercontig_000004689,2,3233,720459666,1398743536
GL845831.1,Chr2_supercontig_000004690,2,2334,720462000,1398745870
GL845832.1,Chr2_supercontig_000004691,2,2239,720464239,1398748109
GL845833.1,Chr2_supercontig_000004692,2,1744,720465983,1398749853
GL845834.1,Chr2_supercontig_000004693,2,32020,720498003,1398781873
GL845835.1,Chr2_supercontig_000004694,2,4694,720502697,1398786567
GL845836.1,Chr2_supercontig_000004695,2,2386,720505083,1398788953
GL845837.1,Chr2_supercontig_000004696,2,3000,720508083,1398791953
GL845838.1,Chr2_supercontig_000004697,2,4534,720512617,1398796487
GL845839.1,Chr2_supercontig_000004698,2,8241,720520858,1398804728
GL845840.1,Chr2_supercontig_000004699,2,12017,720532875,1398816745
GL845841.1,Chr2_supercontig_000004700,2,5264,720538139,1398822009
GL845842.1,Chr2_supercontig_000004701,2,5062,720543201,1398827071
GL845843.1,Chr2_supercontig_000004702,2,3330,720546531,1398830401
GL845844.1,Chr2_supercontig_000004703,2,2374,720548905,1398832775
GL845845.1,Chr2_supercontig_000004704,2,2035,720550940,1398834810
GL845846.1,Chr2_supercontig_000004705,2,3268,720554208,1398838078
GL845847.1,Chr2_supercontig_000004706,2,2067,720556275,1398840145
GL845848.1,Chr2_supercontig_000004707,2,5118,720561393,1398845263
GL845849.1,Chr2_supercontig_000004708,2,2127,720563520,1398847390
GL845850.1,Chr2_supercontig_000004709,2,1562,720565082,1398848952
GL845851.1,Chr2_supercontig_000004710,2,3386,720568468,1398852338
GL845852.1,Chr2_supercontig_000004711,2,2163,720570631,1398854501
GL845853.1,Chr2_supercontig_000004712,2,14184,720584815,1398868685
GL845854.1,Chr2_supercontig_000004713,2,1760,720586575,1398870445
GL845855.1,Chr2_supercontig_000004714,2,1835,720588410,1398872280
GL845856.1,Chr2_supercontig_000004715,2,1719,720590129,1398873999
GL845857.1,Chr2_supercontig_000004716,2,1591,720591720,1398875590
GL845858.1,Chr2_supercontig_000004717,2,10860,720602580,1398886450
GL845859.1,Chr2_supercontig_000004718,2,1509,720604089,1398887959
GL845860.1,Chr2_supercontig_000004719,2,2422,720606511,1398890381
GL845861.1,Chr2_supercontig_000004720,2,1500,720608011,1398891881
GL845862.1,Chr2_supercontig_000004721,2,4368,720612379,1398896249
GL845863.1,Chr2_supercontig_000004722,2,1911,720614290,1398898160
GL845864.1,Chr2_supercontig_000004723,2,1780,720616070,1398899940
GL845865.1,Chr2_supercontig_000004724,2,1597,720617667,1398901537
GL845866.1,Chr2_supercontig_000004725,2,3211,720620878,1398904748
GL845867.1,Chr2_supercontig_000004726,2,2352,720623230,1398907100
GL845868.1,Chr2_supercontig_000004727,2,3280,720626510,1398910380
GL845869.1,Chr2_supercontig_000004728,2,3444,720629954,1398913824
GL845870.1,Chr2_supercontig_000004729,2,2047,720632001,1398915871
GL845871.1,Chr2_supercontig_000004730,2,3229,720635230,1398919100
GL845872.1,Chr2_supercontig_000004731,2,5783,720641013,1398924883
GL845873.1,Chr2_supercontig_000004732,2,2961,720643974,1398927844
GL845874.1,Chr2_supercontig_000004733,2,13485,720657459,1398941329
GL845875.1,Chr2_supercontig_000004734,2,3214,720660673,1398944543
GL845876.1,Chr2_supercontig_000004735,2,4051,720664724,1398948594
GL845877.1,Chr2_supercontig_000004736,2,2482,720667206,1398951076
GL845878.1,Chr2_supercontig_000004737,2,1533,720668739,1398952609
GL845879.1,Chr2_supercontig_000004738,2,6288,720675027,1398958897
GL845880.1,Chr2_supercontig_000004739,2,3432,720678459,1398962329
GL845881.1,Chr2_supercontig_000004740,2,2878,720681337,1398965207
GL845882.1,Chr2_supercontig_000004741,2,3064,720684401,1398968271
GL845883.1,Chr2_supercontig_000004742,2,2055,720686456,1398970326
GL845884.1,Chr2_supercontig_000004743,2,3644,720690100,1398973970
GL845885.1,Chr2_supercontig_000004744,2,2465,720692565,1398976435
GL845886.1,Chr2_supercontig_000004745,2,3048,720695613,1398979483
GL845887.1,Chr2_supercontig_000004746,2,3497,720699110,1398982980
GL845888.1,Chr2_supercontig_000004747,2,3343,720702453,1398986323
GL845889.1,Chr2_supercontig_000004748,2,2201,720704654,1398988524
GL845890.1,Chr2_supercontig_000004749,2,3308,720707962,1398991832
GL845891.1,Chr2_supercontig_000004750,2,4544,720712506,1398996376
GL845892.1,Chr2_supercontig_000004751,2,4463,720716969,1399000839
GL845893.1,Chr2_supercontig_000004752,2,2679,720719648,1399003518
GL845894.1,Chr2_supercontig_000004753,2,2179,720721827,1399005697
GL845895.1,Chr2_supercontig_000004754,2,2429,720724256,1399008126
GL845896.1,Chr2_supercontig_000004755,2,2536,720726792,1399010662
GL845897.1,Chr2_supercontig_000004756,2,1917,720728709,1399012579
GL845898.1,Chr2_supercontig_000004757,2,2863,720731572,1399015442
GL845899.1,Chr2_supercontig_000004758,2,1790,720733362,1399017232
GL845900.1,Chr2_supercontig_000004759,2,1516,720734878,1399018748
GL845901.1,Chr2_supercontig_000004760,2,2372,720737250,1399021120
GL845902.1,Chr2_supercontig_000004761,2,2609,720739859,1399023729
GL845903.1,Chr2_supercontig_000004762,2,1587,720741446,1399025316
GL845904.1,Chr2_supercontig_000004763,2,1939,720743385,1399027255
GL845905.1,Chr2_supercontig_000004764,2,3635,720747020,1399030890
GL845906.1,Chr2_supercontig_000004765,2,5739,720752759,1399036629
GL845907.1,Chr2_supercontig_000004766,2,1795,720754554,1399038424
GL845908.1,Chr2_supercontig_000004767,2,2721,720757275,1399041145
GL845909.1,Chr2_supercontig_000004768,2,3454,720760729,1399044599
GL845910.1,Chr2_supercontig_000004769,2,7768,720768497,1399052367
GL845911.1,Chr2_supercontig_000004770,2,2392,720770889,1399054759
GL845912.1,Chr2_supercontig_000004771,2,1723,720772612,1399056482
GL845913.1,Chr2_supercontig_000004772,2,4660,720777272,1399061142
GL845914.1,Chr2_supercontig_000004773,2,1520,720778792,1399062662
GL845915.1,Chr2_supercontig_000004774,2,1548,720780340,1399064210
GL845916.1,Chr2_supercontig_000004775,2,1729,720782069,1399065939
GL845917.1,Chr2_supercontig_000004776,2,4359,720786428,1399070298
GL845918.1,Chr2_supercontig_000004777,2,3541,720789969,1399073839
GL845919.1,Chr2_supercontig_000004778,2,2670,720792639,1399076509
GL845920.1,Chr2_supercontig_000004779,2,4960,720797599,1399081469
GL845921.1,Chr2_supercontig_000004780,2,2619,720800218,1399084088
GL845922.1,Chr2_supercontig_000004781,2,2039,720802257,1399086127
GL845923.1,Chr2_supercontig_000004782,2,2835,720805092,1399088962
GL845924.1,Chr2_supercontig_000004783,2,2851,720807943,1399091813
GL845925.1,Chr2_supercontig_000004784,2,1801,720809744,1399093614
GL845926.1,Chr2_supercontig_000004785,2,1682,720811426,1399095296
GL845927.1,Chr2_supercontig_000004786,2,2938,720814364,1399098234
GL845928.1,Chr2_supercontig_000004787,2,2317,720816681,1399100551
GL845929.1,Chr2_supercontig_000004788,2,3194,720819875,1399103745
GL845930.1,Chr2_supercontig_000004789,2,2722,720822597,1399106467
GL845931.1,Chr2_supercontig_000004790,2,3874,720826471,1399110341
GL845932.1,Chr2_supercontig_000004791,2,1782,720828253,1399112123
GL845933.1,Chr2_supercontig_000004792,2,1716,720829969,1399113839
GL845934.1,Chr2_supercontig_000004793,2,1698,720831667,1399115537
GL845935.1,Chr2_supercontig_000004794,2,3826,720835493,1399119363
GL845936.1,Chr2_supercontig_000004795,2,5102,720840595,1399124465
GL845937.1,Chr2_supercontig_000004796,2,1502,720842097,1399125967
GL845938.1,Chr2_supercontig_000004797,2,2295,720844392,1399128262
GL845939.1,Chr2_supercontig_000004798,2,2553,720846945,1399130815
GL845940.1,Chr2_supercontig_000004799,2,2500,720849445,1399133315
GL845941.1,Chr2_supercontig_000004800,2,2299,720851744,1399135614
GL845942.1,Chr2_supercontig_000004801,2,2231,720853975,1399137845
GL845943.1,Chr2_supercontig_000004802,2,7868,720861843,1399145713
GL845944.1,Chr2_supercontig_000004803,2,2719,720864562,1399148432
GL845945.1,Chr2_supercontig_000004804,2,1901,720866463,1399150333
GL845946.1,Chr2_supercontig_000004805,2,1907,720868370,1399152240
GL845947.1,Chr2_supercontig_000004806,2,1682,720870052,1399153922
GL845948.1,Chr2_supercontig_000004807,2,2144,720872196,1399156066
GL845949.1,Chr2_supercontig_000004808,2,3714,720875910,1399159780
GL845950.1,Chr2_supercontig_000004809,2,1802,720877712,1399161582
GL845951.1,Chr2_supercontig_000004810,2,1849,720879561,1399163431
GL845952.1,Chr2_supercontig_000004811,2,2296,720881857,1399165727
GL845953.1,Chr2_supercontig_000004812,2,2548,720884405,1399168275
GL845954.1,Chr2_supercontig_000004813,2,3568,720887973,1399171843
GL845955.1,Chr2_supercontig_000004814,2,1966,720889939,1399173809
GL845956.1,Chr2_supercontig_000004815,2,2695,720892634,1399176504
GL845957.1,Chr2_supercontig_000004816,2,3616,720896250,1399180120
GL845958.1,Chr2_supercontig_000004817,2,2105,720898355,1399182225
GL845959.1,Chr2_supercontig_000004818,2,2000,720900355,1399184225
GL845960.1,Chr2_supercontig_000004819,2,1705,720902060,1399185930
GL845961.1,Chr2_supercontig_000004820,2,2131,720904191,1399188061
GL845962.1,Chr2_supercontig_000004821,2,2474,720906665,1399190535
GL845963.1,Chr2_supercontig_000004822,2,1974,720908639,1399192509
GL845964.1,Chr2_supercontig_000004823,2,2551,720911190,1399195060
GL845965.1,Chr2_supercontig_000004824,2,1566,720912756,1399196626
GL845966.1,Chr2_supercontig_000004825,2,1862,720914618,1399198488
GL845967.1,Chr2_supercontig_000004826,2,2255,720916873,1399200743
GL845968.1,Chr2_supercontig_000004827,2,1796,720918669,1399202539
GL845969.1,Chr2_supercontig_000004828,2,3581,720922250,1399206120
GL845970.1,Chr2_supercontig_000004829,2,1835,720924085,1399207955
GL845971.1,Chr2_supercontig_000004830,2,1753,720925838,1399209708
GL845972.1,Chr2_supercontig_000004831,2,2414,720928252,1399212122
GL845973.1,Chr2_supercontig_000004832,2,1895,720930147,1399214017
GL845974.1,Chr2_supercontig_000004833,2,2598,720932745,1399216615
GL845975.1,Chr2_supercontig_000004834,2,1636,720934381,1399218251
GL845976.1,Chr2_supercontig_000004835,2,1937,720936318,1399220188
GL845977.1,Chr2_supercontig_000004836,2,1754,720938072,1399221942
GL845978.1,Chr2_supercontig_000004837,2,2888,720940960,1399224830
GL845979.1,Chr2_supercontig_000004838,2,1606,720942566,1399226436
GL845980.1,Chr2_supercontig_000004839,2,2739,720945305,1399229175
GL845981.1,Chr2_supercontig_000004840,2,3095,720948400,1399232270
GL845982.1,Chr2_supercontig_000004841,2,2793,720951193,1399235063
GL845983.1,Chr2_supercontig_000004842,2,2076,720953269,1399237139
GL845984.1,Chr2_supercontig_000004843,2,2020,720955289,1399239159
GL845985.1,Chr2_supercontig_000004844,2,3114,720958403,1399242273
GL845986.1,Chr2_supercontig_000004845,2,2667,720961070,1399244940
GL845987.1,Chr2_supercontig_000004846,2,1685,720962755,1399246625
GL845988.1,Chr2_supercontig_000004847,2,2654,720965409,1399249279
GL845989.1,Chr2_supercontig_000004848,2,1665,720967074,1399250944
GL845990.1,Chr2_supercontig_000004849,2,3763,720970837,1399254707
GL845991.1,Chr2_supercontig_000004850,2,3029,720973866,1399257736
GL845992.1,Chr2_supercontig_000004851,2,1522,720975388,1399259258
GL845993.1,Chr2_supercontig_000004852,2,1983,720977371,1399261241
GL845994.1,Chr2_supercontig_000004853,2,2441,720979812,1399263682
GL845995.1,Chr2_supercontig_000004854,2,3219,720983031,1399266901
GL845996.1,Chr2_supercontig_000004855,2,1810,720984841,1399268711
GL845997.1,Chr2_supercontig_000004856,2,5251,720990092,1399273962
GL845998.1,Chr2_supercontig_000004857,2,2164,720992256,1399276126
GL845999.1,Chr2_supercontig_000004858,2,3172,720995428,1399279298
GL846000.1,Chr2_supercontig_000004859,2,2672,720998100,1399281970
GL846001.1,Chr2_supercontig_000004860,2,1582,720999682,1399283552
GL846002.1,Chr2_supercontig_000004861,2,2573,721002255,1399286125
GL846003.1,Chr2_supercontig_000004862,2,3471,721005726,1399289596
GL846004.1,Chr2_supercontig_000004863,2,3084,721008810,1399292680
GL846005.1,Chr2_supercontig_000004864,2,1791,721010601,1399294471
GL846006.1,Chr2_supercontig_000004865,2,1942,721012543,1399296413
GL846007.1,Chr2_supercontig_000004866,2,1820,721014363,1399298233
GL846008.1,Chr2_supercontig_000004867,2,1918,721016281,1399300151
GL846009.1,Chr2_supercontig_000004868,2,2315,721018596,1399302466
GL846010.1,Chr2_supercontig_000004869,2,3629,721022225,1399306095
GL846011.1,Chr2_supercontig_000004870,2,13856,721036081,1399319951
GL846012.1,Chr2_supercontig_000004871,2,6306,721042387,1399326257
GL846013.1,Chr2_supercontig_000004872,2,3534,721045921,1399329791
GL846014.1,Chr2_supercontig_000004873,2,5593,721051514,1399335384
GL846015.1,Chr2_supercontig_000004874,2,2316,721053830,1399337700
GL846016.1,Chr2_supercontig_000004875,2,3231,721057061,1399340931
GL846017.1,Chr2_supercontig_000004876,2,1991,721059052,1399342922
GL846018.1,Chr2_supercontig_000004877,2,2045,721061097,1399344967
GL846019.1,Chr2_supercontig_000004878,2,2281,721063378,1399347248
GL846020.1,Chr2_supercontig_000004879,2,2912,721066290,1399350160
GL846021.1,Chr2_supercontig_000004880,2,1696,721067986,1399351856
GL846022.1,Chr2_supercontig_000004881,2,2537,721070523,1399354393
GL846023.1,Chr2_supercontig_000004882,2,2303,721072826,1399356696
GL846024.1,Chr2_supercontig_000004883,2,2606,721075432,1399359302
GL846025.1,Chr2_supercontig_000004884,2,17608,721093040,1399376910
GL846026.1,Chr2_supercontig_000004885,2,1693,721094733,1399378603
GL846027.1,Chr2_supercontig_000004886,2,9034,721103767,1399387637
GL846028.1,Chr2_supercontig_000004887,2,3121,721106888,1399390758
GL846029.1,Chr2_supercontig_000004888,2,12015,721118903,1399402773
GL846030.1,Chr2_supercontig_000004889,2,3360,721122263,1399406133
GL846031.1,Chr2_supercontig_000004890,2,5094,721127357,1399411227
GL846032.1,Chr2_supercontig_000004891,2,3552,721130909,1399414779
GL846033.1,Chr2_supercontig_000004892,2,1563,721132472,1399416342
GL846034.1,Chr2_supercontig_000004893,2,1735,721134207,1399418077
GL846035.1,Chr2_supercontig_000004894,2,1526,721135733,1399419603
GL846036.1,Chr2_supercontig_000004895,2,2459,721138192,1399422062
GL846037.1,Chr2_supercontig_000004896,2,1655,721139847,1399423717
GL846038.1,Chr2_supercontig_000004897,2,1714,721141561,1399425431
GL846039.1,Chr2_supercontig_000004898,2,3414,721144975,1399428845
GL846040.1,Chr2_supercontig_000004899,2,1506,721146481,1399430351
GL846041.1,Chr2_supercontig_000004900,2,21090,721167571,1399451441
GL846042.1,Chr2_supercontig_000004901,2,5928,721173499,1399457369
GL846043.1,Chr2_supercontig_000004902,2,9385,721182884,1399466754
GL846044.1,Chr2_supercontig_000004903,2,2147,721185031,1399468901
GL846045.1,Chr2_supercontig_000004904,2,1549,721186580,1399470450
GL846046.1,Chr2_supercontig_000004905,2,1543,721188123,1399471993
GL846047.1,Chr2_supercontig_000004906,2,3101,721191224,1399475094
GL846048.1,Chr2_supercontig_000004907,2,2096,721193320,1399477190
GL846049.1,Chr2_supercontig_000004908,2,2846,721196166,1399480036
GL846050.1,Chr2_supercontig_000004909,2,4333,721200499,1399484369
GL846051.1,Chr2_supercontig_000004910,2,1677,721202176,1399486046
GL846052.1,Chr2_supercontig_000004911,2,7328,721209504,1399493374
GL846053.1,Chr2_supercontig_000004912,2,5206,721214710,1399498580
GL846054.1,Chr2_supercontig_000004913,2,4543,721219253,1399503123
GL846055.1,Chr2_supercontig_000004914,2,9585,721228838,1399512708
GL846056.1,Chr2_supercontig_000004915,2,17469,721246307,1399530177
GL846057.1,Chr2_supercontig_000004916,2,6196,721252503,1399536373
GL846058.1,Chr2_supercontig_000004917,2,6380,721258883,1399542753
GL846059.1,Chr2_supercontig_000004918,2,2133,721261016,1399544886
GL846060.1,Chr2_supercontig_000004919,2,1947,721262963,1399546833
GL846061.1,Chr2_supercontig_000004920,2,1944,721264907,1399548777
GL846062.1,Chr2_supercontig_000004921,2,1688,721266595,1399550465
GL846063.1,Chr2_supercontig_000004922,2,2487,721269082,1399552952
GL846064.1,Chr2_supercontig_000004923,2,1630,721270712,1399554582
GL846065.1,Chr2_supercontig_000004924,2,2422,721273134,1399557004
GL846066.1,Chr2_supercontig_000004925,2,1727,721274861,1399558731
GL846067.1,Chr2_supercontig_000004926,2,1993,721276854,1399560724
GL846068.1,Chr2_supercontig_000004927,2,2181,721279035,1399562905
GL846069.1,Chr2_supercontig_000004928,2,1773,721280808,1399564678
GL846070.1,Chr2_supercontig_000004929,2,1584,721282392,1399566262
GL846071.1,Chr2_supercontig_000004930,2,3891,721286283,1399570153
GL846072.1,Chr2_supercontig_000004931,2,1938,721288221,1399572091
GL846073.1,Chr2_supercontig_000004932,2,1838,721290059,1399573929
GL846074.1,Chr2_supercontig_000004933,2,2649,721292708,1399576578
GL846075.1,Chr2_supercontig_000004934,2,2622,721295330,1399579200
GL846076.1,Chr2_supercontig_000004935,2,2288,721297618,1399581488
GL846077.1,Chr2_supercontig_000004936,2,2797,721300415,1399584285
GL846078.1,Chr2_supercontig_000004937,2,1701,721302116,1399585986
GL846079.1,Chr2_supercontig_000004938,2,2891,721305007,1399588877
GL846080.1,Chr2_supercontig_000004939,2,1626,721306633,1399590503
GL846081.1,Chr2_supercontig_000004940,2,3999,721310632,1399594502
GL846082.1,Chr2_supercontig_000004941,2,1712,721312344,1399596214
GL846083.1,Chr2_supercontig_000004942,2,1685,721314029,1399597899
GL846084.1,Chr2_supercontig_000004943,2,2070,721316099,1399599969
GL846085.1,Chr2_supercontig_000004944,2,2885,721318984,1399602854
GL846086.1,Chr2_supercontig_000004945,2,1713,721320697,1399604567
GL846087.1,Chr2_supercontig_000004946,2,1719,721322416,1399606286
GL846088.1,Chr2_supercontig_000004947,2,2317,721324733,1399608603
GL846089.1,Chr2_supercontig_000004948,2,2692,721327425,1399611295
GL846090.1,Chr2_supercontig_000004949,2,2093,721329518,1399613388
GL846091.1,Chr2_supercontig_000004950,2,10645,721340163,1399624033
GL846092.1,Chr2_supercontig_000004951,2,2554,721342717,1399626587
GL846093.1,Chr2_supercontig_000004952,2,1539,721344256,1399628126
GL846094.1,Chr2_supercontig_000004953,2,1949,721346205,1399630075
GL846095.1,Chr2_supercontig_000004954,2,12579,721358784,1399642654
GL846096.1,Chr2_supercontig_000004955,2,1782,721360566,1399644436
GL846097.1,Chr2_supercontig_000004956,2,1631,721362197,1399646067
GL846098.1,Chr2_supercontig_000004957,2,2705,721364902,1399648772
GL846099.1,Chr2_supercontig_000004958,2,1919,721366821,1399650691
GL846100.1,Chr2_supercontig_000004959,2,1585,721368406,1399652276
GL846101.1,Chr2_supercontig_000004960,2,2011,721370417,1399654287
GL846102.1,Chr2_supercontig_000004961,2,1727,721372144,1399656014
GL846103.1,Chr2_supercontig_000004962,2,2491,721374635,1399658505
GL846104.1,Chr2_supercontig_000004963,2,2229,721376864,1399660734
GL846105.1,Chr2_supercontig_000004964,2,2075,721378939,1399662809
GL846106.1,Chr2_supercontig_000004965,2,3472,721382411,1399666281
GL846107.1,Chr2_supercontig_000004966,2,1969,721384380,1399668250
GL846108.1,Chr2_supercontig_000004967,2,2304,721386684,1399670554
GL846109.1,Chr2_supercontig_000004968,2,2259,721388943,1399672813
GL846110.1,Chr2_supercontig_000004969,2,2736,721391679,1399675549
GL846111.1,Chr2_supercontig_000004970,2,8338,721400017,1399683887
GL846112.1,Chr2_supercontig_000004971,2,3539,721403556,1399687426
GL846113.1,Chr2_supercontig_000004972,2,2704,721406260,1399690130
GL846114.1,Chr2_supercontig_000004973,2,5968,721412228,1399696098
GL846115.1,Chr2_supercontig_000004974,2,11158,721423386,1399707256
GL846116.1,Chr2_supercontig_000004975,2,8515,721431901,1399715771
GL846117.1,Chr2_supercontig_000004976,2,7465,721439366,1399723236
GL846118.1,Chr2_supercontig_000004977,2,1820,721441186,1399725056
GL846119.1,Chr2_supercontig_000004978,2,1982,721443168,1399727038
GL846120.1,Chr2_supercontig_000004979,2,2198,721445366,1399729236
GL846121.1,Chr2_supercontig_000004980,2,6774,721452140,1399736010
GL846122.1,Chr2_supercontig_000004981,2,10475,721462615,1399746485
GL846123.1,Chr2_supercontig_000004982,2,4835,721467450,1399751320
GL846124.1,Chr2_supercontig_000004983,2,1683,721469133,1399753003
GL846125.1,Chr2_supercontig_000004984,2,1992,721471125,1399754995
GL846126.1,Chr2_supercontig_000004985,2,1849,721472974,1399756844
GL846127.1,Chr2_supercontig_000004986,2,1947,721474921,1399758791
GL846128.1,Chr2_supercontig_000004987,2,2017,721476938,1399760808
GL846129.1,Chr2_supercontig_000004988,2,2125,721479063,1399762933
GL846130.1,Chr2_supercontig_000004989,2,1963,721481026,1399764896
GL846131.1,Chr2_supercontig_000004990,2,3772,721484798,1399768668
GL846132.1,Chr2_supercontig_000004991,2,2508,721487306,1399771176
GL846133.1,Chr2_supercontig_000004992,2,2328,721489634,1399773504
GL846134.1,Chr2_supercontig_000004993,2,11081,721500715,1399784585
GL846135.1,Chr2_supercontig_000004994,2,1703,721502418,1399786288
GL846136.1,Chr2_supercontig_000004995,2,2147,721504565,1399788435
GL846137.1,Chr2_supercontig_000004996,2,4220,721508785,1399792655
GL846138.1,Chr2_supercontig_000004997,2,1493,721510278,1399794148
GL846139.1,Chr2_supercontig_000004998,2,3365,721513643,1399797513
GL846140.1,Chr2_supercontig_000004999,2,1565,721515208,1399799078
GL846141.1,Chr2_supercontig_000005000,2,1759,721516967,1399800837
GL846142.1,Chr2_supercontig_000005001,2,3115,721520082,1399803952
GL846143.1,Chr2_supercontig_000005002,2,4353,721524435,1399808305
GL846144.1,Chr2_supercontig_000005003,2,3387,721527822,1399811692
GL846145.1,Chr2_supercontig_000005004,2,1895,721529717,1399813587
GL846146.1,Chr2_supercontig_000005005,2,3884,721533601,1399817471
GL846147.1,Chr2_supercontig_000005006,2,2907,721536508,1399820378
GL846148.1,Chr2_supercontig_000005007,2,1991,721538499,1399822369
GL846149.1,Chr2_supercontig_000005008,2,2680,721541179,1399825049
GL846150.1,Chr2_supercontig_000005009,2,1639,721542818,1399826688
GL846151.1,Chr2_supercontig_000005010,2,4718,721547536,1399831406
GL846152.1,Chr2_supercontig_000005011,2,2111,721549647,1399833517
GL846153.1,Chr2_supercontig_000005012,2,4901,721554548,1399838418
GL846154.1,Chr2_supercontig_000005013,2,3383,721557931,1399841801
GL846155.1,Chr2_supercontig_000005014,2,2093,721560024,1399843894
GL846156.1,Chr2_supercontig_000005015,2,16334,721576358,1399860228
GL846157.1,Chr2_supercontig_000005016,2,4513,721580871,1399864741
GL846158.1,Chr2_supercontig_000005017,2,1734,721582605,1399866475
GL846159.1,Chr2_supercontig_000005018,2,2104,721584709,1399868579
GL846160.1,Chr2_supercontig_000005019,2,1916,721586625,1399870495
GL846161.1,Chr2_supercontig_000005020,2,1722,721588347,1399872217
GL846162.1,Chr2_supercontig_000005021,2,2058,721590405,1399874275
GL846163.1,Chr2_supercontig_000005022,2,2473,721592878,1399876748
GL846164.1,Chr2_supercontig_000005023,2,1864,721594742,1399878612
GL846165.1,Chr2_supercontig_000005024,2,1674,721596416,1399880286
GL846166.1,Chr2_supercontig_000005025,2,3614,721600030,1399883900
GL846167.1,Chr2_supercontig_000005026,2,3261,721603291,1399887161
GL846168.1,Chr2_supercontig_000005027,2,5981,721609272,1399893142
GL846169.1,Chr2_supercontig_000005028,2,1766,721611038,1399894908
GL846170.1,Chr2_supercontig_000005029,2,2469,721613507,1399897377
GL846171.1,Chr2_supercontig_000005030,2,10077,721623584,1399907454
GL846172.1,Chr2_supercontig_000005031,2,2029,721625613,1399909483
GL846173.1,Chr2_supercontig_000005032,2,5186,721630799,1399914669
GL846174.1,Chr2_supercontig_000005033,2,4718,721635517,1399919387
GL846175.1,Chr2_supercontig_000005034,2,1591,721637108,1399920978
GL846176.1,Chr2_supercontig_000005035,2,3002,721640110,1399923980
GL846177.1,Chr2_supercontig_000005036,2,2026,721642136,1399926006
GL846178.1,Chr2_supercontig_000005037,2,4673,721646809,1399930679
GL846179.1,Chr2_supercontig_000005038,2,2341,721649150,1399933020
GL846180.1,Chr2_supercontig_000005039,2,1911,721651061,1399934931
GL846181.1,Chr2_supercontig_000005040,2,2084,721653145,1399937015
GL846182.1,Chr2_supercontig_000005041,2,1794,721654939,1399938809
GL846183.1,Chr2_supercontig_000005042,2,2894,721657833,1399941703
GL846184.1,Chr2_supercontig_000005043,2,5822,721663655,1399947525
GL846185.1,Chr2_supercontig_000005044,2,2767,721666422,1399950292
GL846186.1,Chr2_supercontig_000005045,2,2052,721668474,1399952344
GL846187.1,Chr2_supercontig_000005046,2,6901,721675375,1399959245
GL846188.1,Chr2_supercontig_000005047,2,6559,721681934,1399965804
GL846189.1,Chr2_supercontig_000005048,2,2958,721684892,1399968762
GL846190.1,Chr2_supercontig_000005049,2,3068,721687960,1399971830
GL846191.1,Chr2_supercontig_000005050,2,2834,721690794,1399974664
GL846192.1,Chr2_supercontig_000005051,2,1562,721692356,1399976226
GL846193.1,Chr2_supercontig_000005052,2,1780,721694136,1399978006
GL846194.1,Chr2_supercontig_000005053,2,2265,721696401,1399980271
GL846195.1,Chr2_supercontig_000005054,2,4048,721700449,1399984319
GL846196.1,Chr2_supercontig_000005055,2,3787,721704236,1399988106
GL846197.1,Chr2_supercontig_000005056,2,1721,721705957,1399989827
GL846198.1,Chr2_supercontig_000005057,2,3244,721709201,1399993071
GL846199.1,Chr2_supercontig_000005058,2,2578,721711779,1399995649
GL846200.1,Chr2_supercontig_000005059,2,5108,721716887,1400000757
GL846201.1,Chr2_supercontig_000005060,2,1647,721718534,1400002404
GL846202.1,Chr2_supercontig_000005061,2,4014,721722548,1400006418
GL846203.1,Chr2_supercontig_000005062,2,1844,721724392,1400008262
GL846204.1,Chr2_supercontig_000005063,2,1680,721726072,1400009942
GL846205.1,Chr2_supercontig_000005064,2,1655,721727727,1400011597
GL846206.1,Chr2_supercontig_000005065,2,1579,721729306,1400013176
GL846207.1,Chr2_supercontig_000005066,2,3026,721732332,1400016202
GL846208.1,Chr2_supercontig_000005067,2,33578,721765910,1400049780
GL846209.1,Chr2_supercontig_000005068,2,3783,721769693,1400053563
GL846210.1,Chr2_supercontig_000005069,2,12001,721781694,1400065564
GL846211.1,Chr2_supercontig_000005070,2,1554,721783248,1400067118
GL846212.1,Chr2_supercontig_000005071,2,2065,721785313,1400069183
GL846213.1,Chr2_supercontig_000005072,2,2552,721787865,1400071735
GL846214.1,Chr2_supercontig_000005073,2,4133,721791998,1400075868
GL846215.1,Chr2_supercontig_000005074,2,2350,721794348,1400078218
GL846216.1,Chr2_supercontig_000005075,2,4665,721799013,1400082883
GL846217.1,Chr2_supercontig_000005076,2,1516,721800529,1400084399
GL846218.1,Chr2_supercontig_000005077,2,3928,721804457,1400088327
GL846219.1,Chr2_supercontig_000005078,2,4331,721808788,1400092658
GL846220.1,Chr2_supercontig_000005079,2,1593,721810381,1400094251
GL846221.1,Chr2_supercontig_000005080,2,2740,721813121,1400096991
GL846222.1,Chr2_supercontig_000005081,2,4967,721818088,1400101958
GL846223.1,Chr2_supercontig_000005082,2,1966,721820054,1400103924
GL846224.1,Chr2_supercontig_000005083,2,4516,721824570,1400108440
GL846225.1,Chr2_supercontig_000005084,2,2070,721826640,1400110510
GL846226.1,Chr2_supercontig_000005085,2,2157,721828797,1400112667
GL846227.1,Chr2_supercontig_000005086,2,2011,721830808,1400114678
GL846228.1,Chr2_supercontig_000005087,2,1917,721832725,1400116595
GL846229.1,Chr2_supercontig_000005088,2,2600,721835325,1400119195
GL846230.1,Chr2_supercontig_000005089,2,4208,721839533,1400123403
GL846231.1,Chr2_supercontig_000005090,2,2280,721841813,1400125683
GL846232.1,Chr2_supercontig_000005091,2,2567,721844380,1400128250
GL846233.1,Chr2_supercontig_000005092,2,1799,721846179,1400130049
GL846234.1,Chr2_supercontig_000005093,2,4371,721850550,1400134420
GL846235.1,Chr2_supercontig_000005094,2,1570,721852120,1400135990
GL846236.1,Chr2_supercontig_000005095,2,2507,721854627,1400138497
GL846237.1,Chr2_supercontig_000005096,2,2553,721857180,1400141050
GL846238.1,Chr2_supercontig_000005097,2,1549,721858729,1400142599
GL846239.1,Chr2_supercontig_000005098,2,9069,721867798,1400151668
GL846240.1,Chr2_supercontig_000005099,2,7494,721875292,1400159162
GL846241.1,Chr2_supercontig_000005100,2,2267,721877559,1400161429
GL846242.1,Chr2_supercontig_000005101,2,4409,721881968,1400165838
GL846243.1,Chr2_supercontig_000005102,2,1509,721883477,1400167347
GL846244.1,Chr2_supercontig_000005103,2,3235,721886712,1400170582
GL846245.1,Chr2_supercontig_000005104,2,1768,721888480,1400172350
GL846246.1,Chr2_supercontig_000005105,2,1574,721890054,1400173924
GL846247.1,Chr2_supercontig_000005106,2,29322,721919376,1400203246
GL846248.1,Chr2_supercontig_000005107,2,2114,721921490,1400205360
GL846249.1,Chr2_supercontig_000005108,2,3343,721924833,1400208703
GL846250.1,Chr2_supercontig_000005109,2,2484,721927317,1400211187
GL846251.1,Chr2_supercontig_000005110,2,3248,721930565,1400214435
GL846252.1,Chr2_supercontig_000005111,2,1607,721932172,1400216042
GL846253.1,Chr2_supercontig_000005112,2,1699,721933871,1400217741
GL846254.1,Chr2_supercontig_000005113,2,1678,721935549,1400219419
GL846255.1,Chr2_supercontig_000005114,2,6337,721941886,1400225756
GL846256.1,Chr2_supercontig_000005115,2,1579,721943465,1400227335
GL846257.1,Chr2_supercontig_000005116,2,1503,721944968,1400228838
GL846258.1,Chr2_supercontig_000005117,2,3626,721948594,1400232464
GL846259.1,Chr2_supercontig_000005118,2,2123,721950717,1400234587
GL846260.1,Chr2_supercontig_000005119,2,3327,721954044,1400237914
GL846261.1,Chr2_supercontig_000005120,2,4084,721958128,1400241998
GL846262.1,Chr2_supercontig_000005121,2,1627,721959755,1400243625
GL846263.1,Chr2_supercontig_000005122,2,9137,721968892,1400252762
GL846264.1,Chr2_supercontig_000005123,2,5610,721974502,1400258372
GL846265.1,Chr2_supercontig_000005124,2,13652,721988154,1400272024
GL846266.1,Chr2_supercontig_000005125,2,1520,721989674,1400273544
GL846267.1,Chr2_supercontig_000005126,2,2363,721992037,1400275907
GL846268.1,Chr2_supercontig_000005127,2,2213,721994250,1400278120
GL846269.1,Chr2_supercontig_000005128,2,1727,721995977,1400279847
GL846270.1,Chr2_supercontig_000005129,2,8498,722004475,1400288345
GL846271.1,Chr2_supercontig_000005130,2,1697,722006172,1400290042
GL846272.1,Chr2_supercontig_000005131,2,3362,722009534,1400293404
GL846273.1,Chr2_supercontig_000005132,2,2170,722011704,1400295574
GL846274.1,Chr2_supercontig_000005133,2,2819,722014523,1400298393
GL846275.1,Chr2_supercontig_000005134,2,4347,722018870,1400302740
GL846276.1,Chr2_supercontig_000005135,2,1954,722020824,1400304694
GL846277.1,Chr2_supercontig_000005136,2,6021,722026845,1400310715
GL846278.1,Chr2_supercontig_000005137,2,2457,722029302,1400313172
GL846279.1,Chr2_supercontig_000005138,2,2720,722032022,1400315892
GL846280.1,Chr2_supercontig_000005139,2,2145,722034167,1400318037
GL846281.1,Chr2_supercontig_000005140,2,1662,722035829,1400319699
GL846282.1,Chr2_supercontig_000005141,2,7097,722042926,1400326796
GL846283.1,Chr2_supercontig_000005142,2,2745,722045671,1400329541
GL846284.1,Chr2_supercontig_000005143,2,2042,722047713,1400331583
GL846285.1,Chr2_supercontig_000005144,2,2867,722050580,1400334450
GL846286.1,Chr2_supercontig_000005145,2,3055,722053635,1400337505
GL846287.1,Chr2_supercontig_000005146,2,2138,722055773,1400339643
GL846288.1,Chr2_supercontig_000005147,2,3999,722059772,1400343642
GL846289.1,Chr2_supercontig_000005148,2,1662,722061434,1400345304
GL846290.1,Chr2_supercontig_000005149,2,3710,722065144,1400349014
GL846291.1,Chr2_supercontig_000005150,2,2301,722067445,1400351315
GL846292.1,Chr2_supercontig_000005151,2,2070,722069515,1400353385
GL846293.1,Chr2_supercontig_000005152,2,2059,722071574,1400355444
GL846294.1,Chr2_supercontig_000005153,2,6037,722077611,1400361481
GL846295.1,Chr2_supercontig_000005154,2,1676,722079287,1400363157
GL846296.1,Chr2_supercontig_000005155,2,9397,722088684,1400372554
GL846297.1,Chr2_supercontig_000005156,2,8588,722097272,1400381142
GL846298.1,Chr2_supercontig_000005157,2,3646,722100918,1400384788
GL846299.1,Chr2_supercontig_000005158,2,2521,722103439,1400387309
GL846300.1,Chr2_supercontig_000005159,2,2999,722106438,1400390308
GL846301.1,Chr2_supercontig_000005160,2,1513,722107951,1400391821
GL846302.1,Chr2_supercontig_000005161,2,1774,722109725,1400393595
GL846303.1,Chr2_supercontig_000005162,2,2294,722112019,1400395889
GL846304.1,Chr2_supercontig_000005163,2,4215,722116234,1400400104
GL846305.1,Chr2_supercontig_000005164,2,2270,722118504,1400402374
GL846306.1,Chr2_supercontig_000005165,2,1605,722120109,1400403979
GL846307.1,Chr2_supercontig_000005166,2,3098,722123207,1400407077
GL846308.1,Chr2_supercontig_000005167,2,2685,722125892,1400409762
GL846309.1,Chr2_supercontig_000005168,2,1507,722127399,1400411269
GL846310.1,Chr2_supercontig_000005169,2,4422,722131821,1400415691
GL846311.1,Chr2_supercontig_000005170,2,1931,722133752,1400417622
GL846312.1,Chr2_supercontig_000005171,2,2049,722135801,1400419671
GL846313.1,Chr2_supercontig_000005172,2,1558,722137359,1400421229
GL846314.1,Chr2_supercontig_000005173,2,2267,722139626,1400423496
GL846315.1,Chr2_supercontig_000005174,2,1953,722141579,1400425449
GL846316.1,Chr2_supercontig_000005175,2,2035,722143614,1400427484
GL846317.1,Chr2_supercontig_000005176,2,2368,722145982,1400429852
GL846318.1,Chr2_supercontig_000005177,2,9793,722155775,1400439645
GL846319.1,Chr2_supercontig_000005178,2,1661,722157436,1400441306
GL846320.1,Chr2_supercontig_000005179,2,1847,722159283,1400443153
GL846321.1,Chr2_supercontig_000005180,2,2492,722161775,1400445645
GL846322.1,Chr2_supercontig_000005181,2,2218,722163993,1400447863
GL846323.1,Chr2_supercontig_000005182,2,5292,722169285,1400453155
GL846324.1,Chr2_supercontig_000005183,2,3024,722172309,1400456179
GL846325.1,Chr2_supercontig_000005184,2,3107,722175416,1400459286
GL846326.1,Chr2_supercontig_000005185,2,3503,722178919,1400462789
GL846327.1,Chr2_supercontig_000005186,2,2853,722181772,1400465642
GL846328.1,Chr2_supercontig_000005187,2,1683,722183455,1400467325
GL846329.1,Chr2_supercontig_000005188,2,9850,722193305,1400477175
GL846330.1,Chr2_supercontig_000005189,2,2481,722195786,1400479656
GL846331.1,Chr2_supercontig_000005190,2,10488,722206274,1400490144
GL846332.1,Chr2_supercontig_000005191,2,5388,722211662,1400495532
GL846333.1,Chr2_supercontig_000005192,2,6714,722218376,1400502246
GL846334.1,Chr2_supercontig_000005193,2,4177,722222553,1400506423
GL846335.1,Chr2_supercontig_000005194,2,4853,722227406,1400511276
GL846336.1,Chr2_supercontig_000005195,2,5518,722232924,1400516794
GL846337.1,Chr2_supercontig_000005196,2,17238,722250162,1400534032
GL846338.1,Chr2_supercontig_000005197,2,6103,722256265,1400540135
GL846339.1,Chr2_supercontig_000005198,2,2474,722258739,1400542609
GL846340.1,Chr2_supercontig_000005199,2,13765,722272504,1400556374
GL846341.1,Chr2_supercontig_000005200,2,2927,722275431,1400559301
GL846342.1,Chr2_supercontig_000005201,2,1641,722277072,1400560942
GL846343.1,Chr2_supercontig_000005202,2,1638,722278710,1400562580
GL846344.1,Chr2_supercontig_000005203,2,2107,722280817,1400564687
GL846345.1,Chr2_supercontig_000005204,2,2782,722283599,1400567469
GL846346.1,Chr2_supercontig_000005205,2,4495,722288094,1400571964
GL846347.1,Chr2_supercontig_000005206,2,4612,722292706,1400576576
GL846348.1,Chr2_supercontig_000005207,2,2426,722295132,1400579002
GL846349.1,Chr2_supercontig_000005208,2,2500,722297632,1400581502
GL846350.1,Chr2_supercontig_000005209,2,2835,722300467,1400584337
GL846351.1,Chr2_supercontig_000005210,2,5465,722305932,1400589802
GL846352.1,Chr2_supercontig_000005211,2,2194,722308126,1400591996
GL846353.1,Chr2_supercontig_000005212,2,4626,722312752,1400596622
GL846354.1,Chr2_supercontig_000005213,2,1541,722314293,1400598163
GL846355.1,Chr2_supercontig_000005214,2,1526,722315819,1400599689
GL846356.1,Chr2_supercontig_000005215,2,5729,722321548,1400605418
GL846357.1,Chr2_supercontig_000005216,2,1901,722323449,1400607319
GL846358.1,Chr2_supercontig_000005217,2,7082,722330531,1400614401
GL846359.1,Chr2_supercontig_000005218,2,22079,722352610,1400636480
GL846360.1,Chr2_supercontig_000005219,2,3152,722355762,1400639632
GL846361.1,Chr2_supercontig_000005220,2,9103,722364865,1400648735
GL846362.1,Chr2_supercontig_000005221,2,4922,722369787,1400653657
GL846363.1,Chr2_supercontig_000005222,2,3787,722373574,1400657444
GL846364.1,Chr2_supercontig_000005223,2,5041,722378615,1400662485
GL846365.1,Chr2_supercontig_000005224,2,8595,722387210,1400671080
GL846366.1,Chr2_supercontig_000005225,2,2782,722389992,1400673862
GL846367.1,Chr2_supercontig_000005226,2,3374,722393366,1400677236
GL846368.1,Chr2_supercontig_000005227,2,5767,722399133,1400683003
GL846369.1,Chr2_supercontig_000005228,2,2178,722401311,1400685181
GL846370.1,Chr2_supercontig_000005229,2,2805,722404116,1400687986
GL846371.1,Chr2_supercontig_000005230,2,1552,722405668,1400689538
GL846372.1,Chr2_supercontig_000005231,2,1771,722407439,1400691309
GL846373.1,Chr2_supercontig_000005232,2,1863,722409302,1400693172
GL846374.1,Chr2_supercontig_000005233,2,6530,722415832,1400699702
GL846375.1,Chr2_supercontig_000005234,2,1614,722417446,1400701316
GL846376.1,Chr2_supercontig_000005235,2,2464,722419910,1400703780
GL846377.1,Chr2_supercontig_000005236,2,3010,722422920,1400706790
GL846378.1,Chr2_supercontig_000005237,2,2317,722425237,1400709107
GL846379.1,Chr2_supercontig_000005238,2,1590,722426827,1400710697
GL846380.1,Chr2_supercontig_000005239,2,1529,722428356,1400712226
GL846381.1,Chr2_supercontig_000005240,2,2414,722430770,1400714640
GL846382.1,Chr2_supercontig_000005241,2,1606,722432376,1400716246
GL846383.1,Chr2_supercontig_000005242,2,3999,722436375,1400720245
GL846384.1,Chr2_supercontig_000005243,2,1879,722438254,1400722124
GL846385.1,Chr2_supercontig_000005244,2,2903,722441157,1400725027
GL846386.1,Chr2_supercontig_000005245,2,3862,722445019,1400728889
GL846387.1,Chr2_supercontig_000005246,2,1560,722446579,1400730449
GL846388.1,Chr2_supercontig_000005247,2,10221,722456800,1400740670
GL846389.1,Chr2_supercontig_000005248,2,6640,722463440,1400747310
GL846390.1,Chr2_supercontig_000005249,2,5618,722469058,1400752928
GL846391.1,Chr2_supercontig_000005250,2,10773,722479831,1400763701
GL846392.1,Chr2_supercontig_000005251,2,1671,722481502,1400765372
GL846393.1,Chr2_supercontig_000005252,2,1774,722483276,1400767146
GL846394.1,Chr2_supercontig_000005253,2,1860,722485136,1400769006
GL846395.1,Chr2_supercontig_000005254,2,1805,722486941,1400770811
GL846396.1,Chr2_supercontig_000005255,2,1536,722488477,1400772347
GL846397.1,Chr2_supercontig_000005256,2,2496,722490973,1400774843
GL846398.1,Chr2_supercontig_000005257,2,2098,722493071,1400776941
GL846399.1,Chr2_supercontig_000005258,2,3969,722497040,1400780910
GL846400.1,Chr2_supercontig_000005259,2,1758,722498798,1400782668
GL846401.1,Chr2_supercontig_000005260,2,2447,722501245,1400785115
GL846402.1,Chr2_supercontig_000005261,2,4802,722506047,1400789917
GL846403.1,Chr2_supercontig_000005262,2,2816,722508863,1400792733
GL846404.1,Chr2_supercontig_000005263,2,1905,722510768,1400794638
GL846405.1,Chr2_supercontig_000005264,2,2022,722512790,1400796660
GL846406.1,Chr2_supercontig_000005265,2,11082,722523872,1400807742
GL846407.1,Chr2_supercontig_000005266,2,3400,722527272,1400811142
GL846408.1,Chr2_supercontig_000005267,2,18453,722545725,1400829595
GL846409.1,Chr2_supercontig_000005268,2,4613,722550338,1400834208
GL846410.1,Chr2_supercontig_000005269,2,1643,722551981,1400835851
GL846411.1,Chr2_supercontig_000005270,2,1904,722553885,1400837755
GL846412.1,Chr2_supercontig_000005271,2,2381,722556266,1400840136
GL846413.1,Chr2_supercontig_000005272,2,1761,722558027,1400841897
GL846414.1,Chr2_supercontig_000005273,2,2313,722560340,1400844210
GL846415.1,Chr2_supercontig_000005274,2,1534,722561874,1400845744
GL846416.1,Chr2_supercontig_000005275,2,2872,722564746,1400848616
GL846417.1,Chr2_supercontig_000005276,2,2097,722566843,1400850713
GL846418.1,Chr2_supercontig_000005277,2,2080,722568923,1400852793
GL846419.1,Chr2_supercontig_000005278,2,3999,722572922,1400856792
GL846420.1,Chr2_supercontig_000005279,2,2191,722575113,1400858983
GL846421.1,Chr2_supercontig_000005280,2,3209,722578322,1400862192
GL846422.1,Chr2_supercontig_000005281,2,2523,722580845,1400864715
GL846423.1,Chr2_supercontig_000005282,2,1855,722582700,1400866570
GL846424.1,Chr2_supercontig_000005283,2,3416,722586116,1400869986
GL846425.1,Chr2_supercontig_000005284,2,1735,722587851,1400871721
GL846426.1,Chr2_supercontig_000005285,2,5385,722593236,1400877106
GL846427.1,Chr2_supercontig_000005286,2,5510,722598746,1400882616
GL846428.1,Chr2_supercontig_000005287,2,7728,722606474,1400890344
GL846429.1,Chr2_supercontig_000005288,2,9069,722615543,1400899413
GL846430.1,Chr2_supercontig_000005289,2,2107,722617650,1400901520
GL846431.1,Chr2_supercontig_000005290,2,1925,722619575,1400903445
GL846432.1,Chr2_supercontig_000005291,2,1609,722621184,1400905054
GL846433.1,Chr2_supercontig_000005292,2,1686,722622870,1400906740
GL846434.1,Chr2_supercontig_000005293,2,2464,722625334,1400909204
GL846435.1,Chr2_supercontig_000005294,2,2887,722628221,1400912091
GL846436.1,Chr2_supercontig_000005295,2,2681,722630902,1400914772
GL846437.1,Chr2_supercontig_000005296,2,4244,722635146,1400919016
GL846438.1,Chr2_supercontig_000005297,2,3960,722639106,1400922976
GL846439.1,Chr2_supercontig_000005298,2,2524,722641630,1400925500
GL846440.1,Chr2_supercontig_000005299,2,1607,722643237,1400927107
GL846441.1,Chr2_supercontig_000005300,2,2046,722645283,1400929153
GL846442.1,Chr2_supercontig_000005301,2,1822,722647105,1400930975
GL846443.1,Chr2_supercontig_000005302,2,2256,722649361,1400933231
GL846444.1,Chr2_supercontig_000005303,2,4930,722654291,1400938161
GL846445.1,Chr2_supercontig_000005304,2,3316,722657607,1400941477
GL846446.1,Chr2_supercontig_000005305,2,2326,722659933,1400943803
GL846447.1,Chr2_supercontig_000005306,2,2403,722662336,1400946206
GL846448.1,Chr2_supercontig_000005307,2,3368,722665704,1400949574
GL846449.1,Chr2_supercontig_000005308,2,3462,722669166,1400953036
GL846450.1,Chr2_supercontig_000005309,2,1732,722670898,1400954768
GL846451.1,Chr2_supercontig_000005310,2,3583,722674481,1400958351
GL846452.1,Chr2_supercontig_000005311,2,5083,722679564,1400963434
GL846453.1,Chr2_supercontig_000005312,2,1708,722681272,1400965142
GL846454.1,Chr2_supercontig_000005313,2,5123,722686395,1400970265
GL846455.1,Chr2_supercontig_000005314,2,2279,722688674,1400972544
GL846456.1,Chr2_supercontig_000005315,2,2305,722690979,1400974849
GL846457.1,Chr2_supercontig_000005316,2,5955,722696934,1400980804
GL846458.1,Chr2_supercontig_000005317,2,3915,722700849,1400984719
GL846459.1,Chr2_supercontig_000005318,2,4629,722705478,1400989348
GL846460.1,Chr2_supercontig_000005319,2,1784,722707262,1400991132
GL846461.1,Chr2_supercontig_000005320,2,1647,722708909,1400992779
GL846462.1,Chr2_supercontig_000005321,2,3092,722712001,1400995871
GL846463.1,Chr2_supercontig_000005322,2,3431,722715432,1400999302
GL846464.1,Chr2_supercontig_000005323,2,2222,722717654,1401001524
GL846465.1,Chr2_supercontig_000005324,2,3461,722721115,1401004985
GL846466.1,Chr2_supercontig_000005325,2,1723,722722838,1401006708
GL846467.1,Chr2_supercontig_000005326,2,3004,722725842,1401009712
GL846468.1,Chr2_supercontig_000005327,2,1840,722727682,1401011552
GL846469.1,Chr2_supercontig_000005328,2,3581,722731263,1401015133
GL846470.1,Chr2_supercontig_000005329,2,3458,722734721,1401018591
GL846471.1,Chr2_supercontig_000005330,2,1915,722736636,1401020506
GL846472.1,Chr2_supercontig_000005331,2,2956,722739592,1401023462
GL846473.1,Chr2_supercontig_000005332,2,2699,722742291,1401026161
GL846474.1,Chr2_supercontig_000005333,2,1798,722744089,1401027959
GL846475.1,Chr2_supercontig_000005334,2,1818,722745907,1401029777
GL846476.1,Chr2_supercontig_000005335,2,2863,722748770,1401032640
GL846477.1,Chr2_supercontig_000005336,2,2002,722750772,1401034642
GL846478.1,Chr2_supercontig_000005337,2,2483,722753255,1401037125
GL846479.1,Chr2_supercontig_000005338,2,3975,722757230,1401041100
GL846480.1,Chr2_supercontig_000005339,2,2259,722759489,1401043359
GL846481.1,Chr2_supercontig_000005340,2,2830,722762319,1401046189
GL846482.1,Chr2_supercontig_000005341,2,1571,722763890,1401047760
GL846483.1,Chr2_supercontig_000005342,2,3493,722767383,1401051253
GL846484.1,Chr2_supercontig_000005343,2,1878,722769261,1401053131
GL846485.1,Chr2_supercontig_000005344,2,4320,722773581,1401057451
GL846486.1,Chr2_supercontig_000005345,2,3921,722777502,1401061372
GL846487.1,Chr2_supercontig_000005346,2,3465,722780967,1401064837
GL846488.1,Chr2_supercontig_000005347,2,6156,722787123,1401070993
GL846489.1,Chr2_supercontig_000005348,2,2907,722790030,1401073900
GL846490.1,Chr2_supercontig_000005349,2,4116,722794146,1401078016
GL846491.1,Chr2_supercontig_000005350,2,8294,722802440,1401086310
GL846492.1,Chr2_supercontig_000005351,2,1616,722804056,1401087926
GL846493.1,Chr2_supercontig_000005352,2,2569,722806625,1401090495
GL846494.1,Chr2_supercontig_000005353,2,5056,722811681,1401095551
GL846495.1,Chr2_supercontig_000005354,2,4264,722815945,1401099815
GL846496.1,Chr2_supercontig_000005355,2,4052,722819997,1401103867
GL846497.1,Chr2_supercontig_000005356,2,1936,722821933,1401105803
GL846498.1,Chr2_supercontig_000005357,2,2499,722824432,1401108302
GL846499.1,Chr2_supercontig_000005358,2,2499,722826931,1401110801
GL846500.1,Chr2_supercontig_000005359,2,3043,722829974,1401113844
GL846501.1,Chr2_supercontig_000005360,2,20078,722850052,1401133922
GL846502.1,Chr2_supercontig_000005361,2,1730,722851782,1401135652
GL846503.1,Chr2_supercontig_000005362,2,1527,722853309,1401137179
GL846504.1,Chr2_supercontig_000005363,2,2220,722855529,1401139399
GL846505.1,Chr2_supercontig_000005364,2,1508,722857037,1401140907
GL846506.1,Chr2_supercontig_000005365,2,1913,722858950,1401142820
GL846507.1,Chr2_supercontig_000005366,2,1507,722860457,1401144327
GL846508.1,Chr2_supercontig_000005367,2,1648,722862105,1401145975
GL846509.1,Chr2_supercontig_000005368,2,2424,722864529,1401148399
GL846510.1,Chr2_supercontig_000005369,2,1786,722866315,1401150185
GL846511.1,Chr2_supercontig_000005370,2,4299,722870614,1401154484
GL846512.1,Chr2_supercontig_000005371,2,6923,722877537,1401161407
GL846513.1,Chr2_supercontig_000005372,2,1676,722879213,1401163083
GL846514.1,Chr2_supercontig_000005373,2,1728,722880941,1401164811
GL846515.1,Chr2_supercontig_000005374,2,1968,722882909,1401166779
GL846516.1,Chr2_supercontig_000005375,2,1559,722884468,1401168338
GL846517.1,Chr2_supercontig_000005376,2,16864,722901332,1401185202
GL846518.1,Chr2_supercontig_000005377,2,2912,722904244,1401188114
GL846519.1,Chr2_supercontig_000005378,2,1595,722905839,1401189709
GL846520.1,Chr2_supercontig_000005379,2,1688,722907527,1401191397
GL846521.1,Chr2_supercontig_000005380,2,1594,722909121,1401192991
GL846522.1,Chr2_supercontig_000005381,2,1612,722910733,1401194603
GL846523.1,Chr2_supercontig_000005382,2,1879,722912612,1401196482
GL846524.1,Chr2_supercontig_000005383,2,1883,722914495,1401198365
GL846525.1,Chr2_supercontig_000005384,2,2202,722916697,1401200567
GL846526.1,Chr2_supercontig_000005385,2,1658,722918355,1401202225
GL846527.1,Chr2_supercontig_000005386,2,1698,722920053,1401203923
GL846528.1,Chr2_supercontig_000005387,2,1533,722921586,1401205456
GL846529.1,Chr2_supercontig_000005388,2,3412,722924998,1401208868
GL846530.1,Chr2_supercontig_000005389,2,2738,722927736,1401211606
GL846531.1,Chr2_supercontig_000005390,2,4163,722931899,1401215769
GL846532.1,Chr2_supercontig_000005391,2,2400,722934299,1401218169
GL846533.1,Chr2_supercontig_000005392,2,4400,722938699,1401222569
GL846534.1,Chr2_supercontig_000005393,2,1964,722940663,1401224533
GL846535.1,Chr2_supercontig_000005394,2,1923,722942586,1401226456
GL846536.1,Chr2_supercontig_000005395,2,4756,722947342,1401231212
GL846537.1,Chr2_supercontig_000005396,2,2448,722949790,1401233660
GL846538.1,Chr2_supercontig_000005397,2,2597,722952387,1401236257
GL846539.1,Chr2_supercontig_000005398,2,2872,722955259,1401239129
GL846540.1,Chr2_supercontig_000005399,2,2279,722957538,1401241408
GL846541.1,Chr2_supercontig_000005400,2,2066,722959604,1401243474
GL846542.1,Chr2_supercontig_000005401,2,2099,722961703,1401245573
GL846543.1,Chr2_supercontig_000005402,2,1526,722963229,1401247099
GL846544.1,Chr2_supercontig_000005403,2,3642,722966871,1401250741
GL846545.1,Chr2_supercontig_000005404,2,3101,722969972,1401253842
GL846546.1,Chr2_supercontig_000005405,2,2523,722972495,1401256365
GL846547.1,Chr2_supercontig_000005406,2,3829,722976324,1401260194
GL846548.1,Chr2_supercontig_000005407,2,15503,722991827,1401275697
GL846549.1,Chr2_supercontig_000005408,2,36899,723028726,1401312596
GL846550.1,Chr2_supercontig_000005409,2,6242,723034968,1401318838
GL846551.1,Chr2_supercontig_000005410,2,3095,723038063,1401321933
GL846552.1,Chr2_supercontig_000005411,2,2079,723040142,1401324012
GL846553.1,Chr2_supercontig_000005412,2,4035,723044177,1401328047
GL846554.1,Chr2_supercontig_000005413,2,2225,723046402,1401330272
GL846555.1,Chr2_supercontig_000005414,2,1605,723048007,1401331877
GL846556.1,Chr2_supercontig_000005415,2,3302,723051309,1401335179
GL846557.1,Chr2_supercontig_000005416,2,2715,723054024,1401337894
GL846558.1,Chr2_supercontig_000005417,2,3397,723057421,1401341291
GL846559.1,Chr2_supercontig_000005418,2,3608,723061029,1401344899
GL846560.1,Chr2_supercontig_000005419,2,5029,723066058,1401349928
GL846561.1,Chr2_supercontig_000005420,2,8176,723074234,1401358104
GL846562.1,Chr2_supercontig_000005421,2,2338,723076572,1401360442
GL846563.1,Chr2_supercontig_000005422,2,2003,723078575,1401362445
GL846564.1,Chr2_supercontig_000005423,2,1852,723080427,1401364297
GL846565.1,Chr2_supercontig_000005424,2,2540,723082967,1401366837
GL846566.1,Chr2_supercontig_000005425,2,2233,723085200,1401369070
GL846567.1,Chr2_supercontig_000005426,2,1640,723086840,1401370710
GL846568.1,Chr2_supercontig_000005427,2,1808,723088648,1401372518
GL846569.1,Chr2_supercontig_000005428,2,1554,723090202,1401374072
GL846570.1,Chr2_supercontig_000005429,2,9750,723099952,1401383822
GL846571.1,Chr2_supercontig_000005430,2,4586,723104538,1401388408
GL846572.1,Chr2_supercontig_000005431,2,2506,723107044,1401390914
GL846573.1,Chr2_supercontig_000005432,2,1582,723108626,1401392496
GL846574.1,Chr2_supercontig_000005433,2,1683,723110309,1401394179
GL846575.1,Chr2_supercontig_000005434,2,1629,723111938,1401395808
GL846576.1,Chr2_supercontig_000005435,2,1655,723113593,1401397463
GL846577.1,Chr2_supercontig_000005436,2,2705,723116298,1401400168
GL846578.1,Chr2_supercontig_000005437,2,11594,723127892,1401411762
GL846579.1,Chr2_supercontig_000005438,2,3734,723131626,1401415496
GL846580.1,Chr2_supercontig_000005439,2,5585,723137211,1401421081
GL846581.1,Chr2_supercontig_000005440,2,4154,723141365,1401425235
GL846582.1,Chr2_supercontig_000005441,2,1927,723143292,1401427162
GL846583.1,Chr2_supercontig_000005442,2,1647,723144939,1401428809
GL846584.1,Chr2_supercontig_000005443,2,2828,723147767,1401431637
GL846585.1,Chr2_supercontig_000005444,2,1957,723149724,1401433594
GL846586.1,Chr2_supercontig_000005445,2,2249,723151973,1401435843
GL846587.1,Chr2_supercontig_000005446,2,2119,723154092,1401437962
GL846588.1,Chr2_supercontig_000005447,2,4637,723158729,1401442599
GL846589.1,Chr2_supercontig_000005448,2,10588,723169317,1401453187
GL846590.1,Chr2_supercontig_000005449,2,4318,723173635,1401457505
GL846591.1,Chr2_supercontig_000005450,2,1697,723175332,1401459202
GL846592.1,Chr2_supercontig_000005451,2,1918,723177250,1401461120
GL846593.1,Chr2_supercontig_000005452,2,4985,723182235,1401466105
GL846594.1,Chr2_supercontig_000005453,2,4055,723186290,1401470160
GL846595.1,Chr2_supercontig_000005454,2,5727,723192017,1401475887
GL846596.1,Chr2_supercontig_000005455,2,1619,723193636,1401477506
GL846597.1,Chr2_supercontig_000005456,2,1987,723195623,1401479493
GL846598.1,Chr2_supercontig_000005457,2,2092,723197715,1401481585
GL846599.1,Chr2_supercontig_000005458,2,2207,723199922,1401483792
GL846600.1,Chr2_supercontig_000005459,2,5029,723204951,1401488821
GL846601.1,Chr2_supercontig_000005460,2,1745,723206696,1401490566
GL846602.1,Chr2_supercontig_000005461,2,2207,723208903,1401492773
GL846603.1,Chr2_supercontig_000005462,2,2151,723211054,1401494924
GL846604.1,Chr2_supercontig_000005463,2,3552,723214606,1401498476
GL846605.1,Chr2_supercontig_000005464,2,2215,723216821,1401500691
GL846606.1,Chr2_supercontig_000005465,2,2618,723219439,1401503309
GL846607.1,Chr2_supercontig_000005466,2,5726,723225165,1401509035
GL846608.1,Chr2_supercontig_000005467,2,1734,723226899,1401510769
GL846609.1,Chr2_supercontig_000005468,2,1503,723228402,1401512272
GL846610.1,Chr2_supercontig_000005469,2,1704,723230106,1401513976
GL846611.1,Chr2_supercontig_000005470,2,1655,723231761,1401515631
GL846612.1,Chr2_supercontig_000005471,2,3860,723235621,1401519491
GL846613.1,Chr2_supercontig_000005472,2,2246,723237867,1401521737
GL846614.1,Chr2_supercontig_000005473,2,5667,723243534,1401527404
GL846615.1,Chr2_supercontig_000005474,2,2392,723245926,1401529796
GL846616.1,Chr2_supercontig_000005475,2,3646,723249572,1401533442
GL846617.1,Chr2_supercontig_000005476,2,2133,723251705,1401535575
GL846618.1,Chr2_supercontig_000005477,2,1604,723253309,1401537179
GL846619.1,Chr2_supercontig_000005478,2,2301,723255610,1401539480
GL846620.1,Chr2_supercontig_000005479,2,1743,723257353,1401541223
GL846621.1,Chr2_supercontig_000005480,2,5131,723262484,1401546354
GL846622.1,Chr2_supercontig_000005481,2,3778,723266262,1401550132
GL846623.1,Chr2_supercontig_000005482,2,5689,723271951,1401555821
GL846624.1,Chr2_supercontig_000005483,2,4410,723276361,1401560231
GL846625.1,Chr2_supercontig_000005484,2,2929,723279290,1401563160
GL846626.1,Chr2_supercontig_000005485,2,2574,723281864,1401565734
GL846627.1,Chr2_supercontig_000005486,2,4004,723285868,1401569738
GL846628.1,Chr2_supercontig_000005487,2,1624,723287492,1401571362
GL846629.1,Chr2_supercontig_000005488,2,1684,723289176,1401573046
GL846630.1,Chr2_supercontig_000005489,2,1714,723290890,1401574760
GL846631.1,Chr2_supercontig_000005490,2,2349,723293239,1401577109
GL846632.1,Chr2_supercontig_000005491,2,3554,723296793,1401580663
GL846633.1,Chr2_supercontig_000005492,2,5042,723301835,1401585705
GL846634.1,Chr2_supercontig_000005493,2,4211,723306046,1401589916
GL846635.1,Chr2_supercontig_000005494,2,2828,723308874,1401592744
GL846636.1,Chr2_supercontig_000005495,2,2075,723310949,1401594819
GL846637.1,Chr2_supercontig_000005496,2,5676,723316625,1401600495
GL846638.1,Chr2_supercontig_000005497,2,3384,723320009,1401603879
GL846639.1,Chr2_supercontig_000005498,2,1936,723321945,1401605815
GL846640.1,Chr2_supercontig_000005499,2,1864,723323809,1401607679
GL846641.1,Chr2_supercontig_000005500,2,6133,723329942,1401613812
GL846642.1,Chr2_supercontig_000005501,2,1610,723331552,1401615422
GL846643.1,Chr2_supercontig_000005502,2,1571,723333123,1401616993
GL846644.1,Chr2_supercontig_000005503,2,1636,723334759,1401618629
GL846645.1,Chr2_supercontig_000005504,2,5075,723339834,1401623704
GL846646.1,Chr2_supercontig_000005505,2,1815,723341649,1401625519
GL846647.1,Chr2_supercontig_000005506,2,3705,723345354,1401629224
GL846648.1,Chr2_supercontig_000005507,2,4078,723349432,1401633302
GL846649.1,Chr2_supercontig_000005508,2,2145,723351577,1401635447
GL846650.1,Chr2_supercontig_000005509,2,1700,723353277,1401637147
GL846651.1,Chr2_supercontig_000005510,2,2570,723355847,1401639717
GL846652.1,Chr2_supercontig_000005511,2,3559,723359406,1401643276
GL846653.1,Chr2_supercontig_000005512,2,1938,723361344,1401645214
GL846654.1,Chr2_supercontig_000005513,2,1684,723363028,1401646898
GL846655.1,Chr2_supercontig_000005514,2,1634,723364662,1401648532
GL846656.1,Chr2_supercontig_000005515,2,1576,723366238,1401650108
GL846657.1,Chr2_supercontig_000005516,2,1584,723367822,1401651692
GL846658.1,Chr2_supercontig_000005517,2,1639,723369461,1401653331
GL846659.1,Chr2_supercontig_000005518,2,1661,723371122,1401654992
GL846660.1,Chr2_supercontig_000005519,2,8626,723379748,1401663618
GL846661.1,Chr2_supercontig_000005520,2,1687,723381435,1401665305
GL846662.1,Chr2_supercontig_000005521,2,3423,723384858,1401668728
GL846663.1,Chr2_supercontig_000005522,2,2530,723387388,1401671258
GL846664.1,Chr2_supercontig_000005523,2,1875,723389263,1401673133
GL846665.1,Chr2_supercontig_000005524,2,1857,723391120,1401674990
GL846666.1,Chr2_supercontig_000005525,2,4443,723395563,1401679433
GL846667.1,Chr2_supercontig_000005526,2,5221,723400784,1401684654
GL846668.1,Chr2_supercontig_000005527,2,5848,723406632,1401690502
GL846669.1,Chr2_supercontig_000005528,2,2214,723408846,1401692716
GL846670.1,Chr2_supercontig_000005529,2,3528,723412374,1401696244
GL846671.1,Chr2_supercontig_000005530,2,3922,723416296,1401700166
GL846672.1,Chr2_supercontig_000005531,2,1841,723418137,1401702007
GL846673.1,Chr2_supercontig_000005532,2,2315,723420452,1401704322
GL846674.1,Chr2_supercontig_000005533,2,3618,723424070,1401707940
GL846675.1,Chr2_supercontig_000005534,2,2673,723426743,1401710613
GL846676.1,Chr2_supercontig_000005535,2,4085,723430828,1401714698
GL846677.1,Chr2_supercontig_000005536,2,23367,723454195,1401738065
GL846678.1,Chr2_supercontig_000005537,2,9512,723463707,1401747577
GL846679.1,Chr2_supercontig_000005538,2,3700,723467407,1401751277
GL846680.1,Chr2_supercontig_000005539,2,2689,723470096,1401753966
GL846681.1,Chr2_supercontig_000005540,2,13398,723483494,1401767364
GL846682.1,Chr2_supercontig_000005541,2,14214,723497708,1401781578
GL846683.1,Chr2_supercontig_000005542,2,20922,723518630,1401802500
GL846684.1,Chr2_supercontig_000005543,2,2382,723521012,1401804882
GL846685.1,Chr2_supercontig_000005544,2,7998,723529010,1401812880
GL846686.1,Chr2_supercontig_000005545,2,1920,723530930,1401814800
GL846687.1,Chr2_supercontig_000005546,2,4439,723535369,1401819239
GL846688.1,Chr2_supercontig_000005547,2,1934,723537303,1401821173
GL846689.1,Chr2_supercontig_000005548,2,1786,723539089,1401822959
GL846690.1,Chr2_supercontig_000005549,2,11787,723550876,1401834746
GL846691.1,Chr2_supercontig_000005550,2,1974,723552850,1401836720
GL846692.1,Chr2_supercontig_000005551,2,3240,723556090,1401839960
GL846693.1,Chr2_supercontig_000005552,2,4421,723560511,1401844381
GL846694.1,Chr2_supercontig_000005553,2,1758,723562269,1401846139
GL846695.1,Chr2_supercontig_000005554,2,1945,723564214,1401848084
GL846696.1,Chr2_supercontig_000005555,2,2048,723566262,1401850132
GL846697.1,Chr2_supercontig_000005556,2,1726,723567988,1401851858
GL846698.1,Chr2_supercontig_000005557,2,1552,723569540,1401853410
GL846699.1,Chr2_supercontig_000005558,2,2151,723571691,1401855561
GL846700.1,Chr2_supercontig_000005559,2,2067,723573758,1401857628
GL846701.1,Chr2_supercontig_000005560,2,1923,723575681,1401859551
GL846702.1,Chr2_supercontig_000005561,2,2876,723578557,1401862427
GL846703.1,Chr2_supercontig_000005562,2,3914,723582471,1401866341
GL846704.1,Chr2_supercontig_000005563,2,2220,723584691,1401868561
GL846705.1,Chr2_supercontig_000005564,2,1908,723586599,1401870469
GL846706.1,Chr2_supercontig_000005565,2,1501,723588100,1401871970
GL846707.1,Chr2_supercontig_000005566,2,3758,723591858,1401875728
GL846708.1,Chr2_supercontig_000005567,2,2052,723593910,1401877780
GL846709.1,Chr2_supercontig_000005568,2,2088,723595998,1401879868
GL846710.1,Chr2_supercontig_000005569,2,2396,723598394,1401882264
GL846711.1,Chr2_supercontig_000005570,2,1777,723600171,1401884041
GL846712.1,Chr2_supercontig_000005571,2,3376,723603547,1401887417
GL846713.1,Chr2_supercontig_000005572,2,1875,723605422,1401889292
GL846714.1,Chr2_supercontig_000005573,2,1758,723607180,1401891050
GL846715.1,Chr2_supercontig_000005574,2,6813,723613993,1401897863
GL846716.1,Chr2_supercontig_000005575,2,2363,723616356,1401900226
GL846717.1,Chr2_supercontig_000005576,2,1498,723617854,1401901724
GL846718.1,Chr2_supercontig_000005577,2,2244,723620098,1401903968
GL846719.1,Chr2_supercontig_000005578,2,2258,723622356,1401906226
GL846720.1,Chr2_supercontig_000005579,2,2990,723625346,1401909216
GL846721.1,Chr2_supercontig_000005580,2,5003,723630349,1401914219
GL846722.1,Chr2_supercontig_000005581,2,1801,723632150,1401916020
GL846723.1,Chr2_supercontig_000005582,2,2189,723634339,1401918209
GL846724.1,Chr2_supercontig_000005583,2,2356,723636695,1401920565
GL846725.1,Chr2_supercontig_000005584,2,4978,723641673,1401925543
GL846726.1,Chr2_supercontig_000005585,2,1694,723643367,1401927237
GL846727.1,Chr2_supercontig_000005586,2,1612,723644979,1401928849
GL846728.1,Chr2_supercontig_000005587,2,1542,723646521,1401930391
GL846729.1,Chr2_supercontig_000005588,2,2246,723648767,1401932637
GL846730.1,Chr2_supercontig_000005589,2,2359,723651126,1401934996
GL846731.1,Chr2_supercontig_000005590,2,1748,723652874,1401936744
GL846732.1,Chr2_supercontig_000005591,2,2193,723655067,1401938937
GL846733.1,Chr2_supercontig_000005592,2,3840,723658907,1401942777
GL846734.1,Chr2_supercontig_000005593,2,2289,723661196,1401945066
GL846735.1,Chr2_supercontig_000005594,2,2795,723663991,1401947861
GL846736.1,Chr2_supercontig_000005595,2,3234,723667225,1401951095
GL846737.1,Chr2_supercontig_000005596,2,4031,723671256,1401955126
GL846738.1,Chr2_supercontig_000005597,2,2141,723673397,1401957267
GL846739.1,Chr2_supercontig_000005598,2,1845,723675242,1401959112
GL846740.1,Chr2_supercontig_000005599,2,1833,723677075,1401960945
GL846741.1,Chr2_supercontig_000005600,2,2181,723679256,1401963126
GL846742.1,Chr2_supercontig_000005601,2,1671,723680927,1401964797
GL846743.1,Chr2_supercontig_000005602,2,3563,723684490,1401968360
GL846744.1,Chr2_supercontig_000005603,2,1640,723686130,1401970000
GL846745.1,Chr2_supercontig_000005604,2,2420,723688550,1401972420
GL846746.1,Chr2_supercontig_000005605,2,1791,723690341,1401974211
GL846747.1,Chr2_supercontig_000005606,2,2192,723692533,1401976403
GL846748.1,Chr2_supercontig_000005607,2,2137,723694670,1401978540
GL846749.1,Chr2_supercontig_000005608,2,1646,723696316,1401980186
GL846750.1,Chr2_supercontig_000005609,2,4412,723700728,1401984598
GL846751.1,Chr2_supercontig_000005610,2,2371,723703099,1401986969
GL846752.1,Chr2_supercontig_000005611,2,2121,723705220,1401989090
GL846753.1,Chr2_supercontig_000005612,2,4135,723709355,1401993225
GL846754.1,Chr2_supercontig_000005613,2,6914,723716269,1402000139
GL846755.1,Chr2_supercontig_000005614,2,1776,723718045,1402001915
GL846756.1,Chr2_supercontig_000005615,2,2794,723720839,1402004709
GL846757.1,Chr2_supercontig_000005616,2,1940,723722779,1402006649
GL846758.1,Chr2_supercontig_000005617,2,2263,723725042,1402008912
GL846759.1,Chr2_supercontig_000005618,2,4090,723729132,1402013002
GL846760.1,Chr2_supercontig_000005619,2,1869,723731001,1402014871
GL846761.1,Chr2_supercontig_000005620,2,3625,723734626,1402018496
GL846762.1,Chr2_supercontig_000005621,2,2738,723737364,1402021234
GL846763.1,Chr2_supercontig_000005622,2,3561,723740925,1402024795
GL846764.1,Chr2_supercontig_000005623,2,1574,723742499,1402026369
GL846765.1,Chr2_supercontig_000005624,2,1856,723744355,1402028225
GL846766.1,Chr2_supercontig_000005625,2,1739,723746094,1402029964
GL846767.1,Chr2_supercontig_000005626,2,1536,723747630,1402031500
GL846768.1,Chr2_supercontig_000005627,2,2065,723749695,1402033565
GL846769.1,Chr2_supercontig_000005628,2,2598,723752293,1402036163
GL846770.1,Chr2_supercontig_000005629,2,6418,723758711,1402042581
GL846771.1,Chr2_supercontig_000005630,2,1694,723760405,1402044275
GL846772.1,Chr2_supercontig_000005631,2,4312,723764717,1402048587
GL846773.1,Chr2_supercontig_000005632,2,1939,723766656,1402050526
GL846774.1,Chr2_supercontig_000005633,2,1673,723768329,1402052199
GL846775.1,Chr2_supercontig_000005634,2,1641,723769970,1402053840
GL846776.1,Chr2_supercontig_000005635,2,3601,723773571,1402057441
GL846777.1,Chr2_supercontig_000005636,2,1883,723775454,1402059324
GL846778.1,Chr2_supercontig_000005637,2,2342,723777796,1402061666
GL846779.1,Chr2_supercontig_000005638,2,2896,723780692,1402064562
GL846780.1,Chr2_supercontig_000005639,2,2504,723783196,1402067066
GL846781.1,Chr2_supercontig_000005640,2,2703,723785899,1402069769
GL846782.1,Chr2_supercontig_000005641,2,1658,723787557,1402071427
GL846783.1,Chr2_supercontig_000005642,2,1531,723789088,1402072958
GL846784.1,Chr2_supercontig_000005643,2,3010,723792098,1402075968
GL846785.1,Chr2_supercontig_000005644,2,1513,723793611,1402077481
GL846786.1,Chr2_supercontig_000005645,2,1766,723795377,1402079247
GL846787.1,Chr2_supercontig_000005646,2,2380,723797757,1402081627
GL846788.1,Chr2_supercontig_000005647,2,2124,723799881,1402083751
GL846789.1,Chr2_supercontig_000005648,2,1721,723801602,1402085472
GL846790.1,Chr2_supercontig_000005649,2,3533,723805135,1402089005
GL846791.1,Chr2_supercontig_000005650,2,1662,723806797,1402090667
GL846792.1,Chr2_supercontig_000005651,2,2733,723809530,1402093400
GL846793.1,Chr2_supercontig_000005652,2,2116,723811646,1402095516
GL846794.1,Chr2_supercontig_000005653,2,6441,723818087,1402101957
GL846795.1,Chr2_supercontig_000005654,2,2221,723820308,1402104178
GL846796.1,Chr2_supercontig_000005655,2,1699,723822007,1402105877
GL846797.1,Chr2_supercontig_000005656,2,15345,723837352,1402121222
GL846798.1,Chr2_supercontig_000005657,2,1996,723839348,1402123218
GL846799.1,Chr2_supercontig_000005658,2,4151,723843499,1402127369
GL846800.1,Chr2_supercontig_000005659,2,2744,723846243,1402130113
GL846801.1,Chr2_supercontig_000005660,2,2326,723848569,1402132439
GL846802.1,Chr2_supercontig_000005661,2,3294,723851863,1402135733
GL846803.1,Chr2_supercontig_000005662,2,1954,723853817,1402137687
GL846804.1,Chr2_supercontig_000005663,2,1813,723855630,1402139500
GL846805.1,Chr2_supercontig_000005664,2,2367,723857997,1402141867
GL846806.1,Chr2_supercontig_000005665,2,5897,723863894,1402147764
GL846807.1,Chr2_supercontig_000005666,2,2816,723866710,1402150580
GL846808.1,Chr2_supercontig_000005667,2,1724,723868434,1402152304
GL846809.1,Chr2_supercontig_000005668,2,1600,723870034,1402153904
GL846810.1,Chr2_supercontig_000005669,2,2270,723872304,1402156174
GL846811.1,Chr2_supercontig_000005670,2,2108,723874412,1402158282
GL846812.1,Chr2_supercontig_000005671,2,2639,723877051,1402160921
GL846813.1,Chr2_supercontig_000005672,2,4389,723881440,1402165310
GL846814.1,Chr2_supercontig_000005673,2,1715,723883155,1402167025
GL846815.1,Chr2_supercontig_000005674,2,2679,723885834,1402169704
GL846816.1,Chr2_supercontig_000005675,2,1977,723887811,1402171681
GL846817.1,Chr2_supercontig_000005676,2,2551,723890362,1402174232
GL846818.1,Chr2_supercontig_000005677,2,1568,723891930,1402175800
GL846819.1,Chr2_supercontig_000005678,2,3602,723895532,1402179402
GL846820.1,Chr2_supercontig_000005679,2,2476,723898008,1402181878
GL846821.1,Chr2_supercontig_000005680,2,1559,723899567,1402183437
GL846822.1,Chr2_supercontig_000005681,2,1565,723901132,1402185002
GL846823.1,Chr2_supercontig_000005682,2,1680,723902812,1402186682
GL846824.1,Chr2_supercontig_000005683,2,2429,723905241,1402189111
GL846825.1,Chr2_supercontig_000005684,2,2016,723907257,1402191127
GL846826.1,Chr2_supercontig_000005685,2,1581,723908838,1402192708
GL846827.1,Chr2_supercontig_000005686,2,1596,723910434,1402194304
GL846828.1,Chr2_supercontig_000005687,2,2099,723912533,1402196403
GL846829.1,Chr2_supercontig_000005688,2,6150,723918683,1402202553
GL846830.1,Chr2_supercontig_000005689,2,23324,723942007,1402225877
GL846831.1,Chr2_supercontig_000005690,2,1655,723943662,1402227532
GL846832.1,Chr2_supercontig_000005691,2,1917,723945579,1402229449
GL846833.1,Chr2_supercontig_000005692,2,4508,723950087,1402233957
GL846834.1,Chr2_supercontig_000005693,2,4383,723954470,1402238340
GL846835.1,Chr2_supercontig_000005694,2,3108,723957578,1402241448
GL846836.1,Chr2_supercontig_000005695,2,1737,723959315,1402243185
GL846837.1,Chr2_supercontig_000005696,2,3373,723962688,1402246558
GL846838.1,Chr2_supercontig_000005697,2,2176,723964864,1402248734
GL846839.1,Chr2_supercontig_000005698,2,4557,723969421,1402253291
GL846840.1,Chr2_supercontig_000005699,2,3217,723972638,1402256508
GL846841.1,Chr2_supercontig_000005700,2,1793,723974431,1402258301
GL846842.1,Chr2_supercontig_000005701,2,4599,723979030,1402262900
GL846843.1,Chr2_supercontig_000005702,2,2739,723981769,1402265639
GL846844.1,Chr2_supercontig_000005703,2,1816,723983585,1402267455
GL846845.1,Chr2_supercontig_000005704,2,2244,723985829,1402269699
GL846846.1,Chr2_supercontig_000005705,2,1726,723987555,1402271425
GL846847.1,Chr2_supercontig_000005706,2,2301,723989856,1402273726
GL846848.1,Chr2_supercontig_000005707,2,1987,723991843,1402275713
GL846849.1,Chr2_supercontig_000005708,2,3320,723995163,1402279033
GL846850.1,Chr2_supercontig_000005709,2,2223,723997386,1402281256
GL846851.1,Chr2_supercontig_000005710,2,2375,723999761,1402283631
GL846852.1,Chr2_supercontig_000005711,2,2812,724002573,1402286443
GL846853.1,Chr2_supercontig_000005712,2,9675,724012248,1402296118
GL846854.1,Chr2_supercontig_000005713,2,5998,724018246,1402302116
GL846855.1,Chr2_supercontig_000005714,2,4206,724022452,1402306322
GL846856.1,Chr2_supercontig_000005715,2,6678,724029130,1402313000
GL846857.1,Chr2_supercontig_000005716,2,2674,724031804,1402315674
GL846858.1,Chr2_supercontig_000005717,2,6039,724037843,1402321713
GL846859.1,Chr2_supercontig_000005718,2,3907,724041750,1402325620
GL846860.1,Chr2_supercontig_000005719,2,2345,724044095,1402327965
GL846861.1,Chr2_supercontig_000005720,2,4890,724048985,1402332855
GL846862.1,Chr2_supercontig_000005721,2,1960,724050945,1402334815
GL846863.1,Chr2_supercontig_000005722,2,1767,724052712,1402336582
GL846864.1,Chr2_supercontig_000005723,2,1846,724054558,1402338428
GL846865.1,Chr2_supercontig_000005724,2,2813,724057371,1402341241
GL846866.1,Chr2_supercontig_000005725,2,1988,724059359,1402343229
GL846867.1,Chr2_supercontig_000005726,2,3446,724062805,1402346675
GL846868.1,Chr2_supercontig_000005727,2,2489,724065294,1402349164
GL846869.1,Chr2_supercontig_000005728,2,3401,724068695,1402352565
GL846870.1,Chr2_supercontig_000005729,2,1709,724070404,1402354274
GL846871.1,Chr2_supercontig_000005730,2,1985,724072389,1402356259
GL846872.1,Chr2_supercontig_000005731,2,1751,724074140,1402358010
GL846873.1,Chr2_supercontig_000005732,2,1802,724075942,1402359812
GL846874.1,Chr2_supercontig_000005733,2,4289,724080231,1402364101
GL846875.1,Chr2_supercontig_000005734,2,2217,724082448,1402366318
GL846876.1,Chr2_supercontig_000005735,2,2981,724085429,1402369299
GL846877.1,Chr2_supercontig_000005736,2,2481,724087910,1402371780
GL846878.1,Chr2_supercontig_000005737,2,4720,724092630,1402376500
GL846879.1,Chr2_supercontig_000005738,2,1902,724094532,1402378402
GL846880.1,Chr2_supercontig_000005739,2,1878,724096410,1402380280
GL846881.1,Chr2_supercontig_000005740,2,3824,724100234,1402384104
GL846882.1,Chr2_supercontig_000005741,2,5701,724105935,1402389805
GL846883.1,Chr2_supercontig_000005742,2,5045,724110980,1402394850
GL846884.1,Chr2_supercontig_000005743,2,2327,724113307,1402397177
GL846885.1,Chr2_supercontig_000005744,2,16282,724129589,1402413459
GL846886.1,Chr2_supercontig_000005745,2,2828,724132417,1402416287
GL846887.1,Chr2_supercontig_000005746,2,3291,724135708,1402419578
GL846888.1,Chr2_supercontig_000005747,2,1571,724137279,1402421149
GL846889.1,Chr2_supercontig_000005748,2,1646,724138925,1402422795
GL846890.1,Chr2_supercontig_000005749,2,2814,724141739,1402425609
GL846891.1,Chr2_supercontig_000005750,2,1930,724143669,1402427539
GL846892.1,Chr2_supercontig_000005751,2,1820,724145489,1402429359
GL846893.1,Chr2_supercontig_000005752,2,1890,724147379,1402431249
GL846894.1,Chr2_supercontig_000005753,2,2214,724149593,1402433463
GL846895.1,Chr2_supercontig_000005754,2,6659,724156252,1402440122
GL846896.1,Chr2_supercontig_000005755,2,1801,724158053,1402441923
GL846897.1,Chr2_supercontig_000005756,2,1543,724159596,1402443466
GL846898.1,Chr2_supercontig_000005757,2,1918,724161514,1402445384
GL846899.1,Chr2_supercontig_000005758,2,1670,724163184,1402447054
GL846900.1,Chr2_supercontig_000005759,2,3045,724166229,1402450099
GL846901.1,Chr2_supercontig_000005760,2,2225,724168454,1402452324
GL846902.1,Chr2_supercontig_000005761,2,1957,724170411,1402454281
GL846903.1,Chr2_supercontig_000005762,2,1651,724172062,1402455932
GL846904.1,Chr2_supercontig_000005763,2,4968,724177030,1402460900
GL846905.1,Chr2_supercontig_000005764,2,1641,724178671,1402462541
GL846906.1,Chr2_supercontig_000005765,2,1774,724180445,1402464315
GL846907.1,Chr2_supercontig_000005766,2,3852,724184297,1402468167
GL846908.1,Chr2_supercontig_000005767,2,6901,724191198,1402475068
GL846909.1,Chr2_supercontig_000005768,2,1593,724192791,1402476661
GL846910.1,Chr2_supercontig_000005769,2,1728,724194519,1402478389
GL846911.1,Chr2_supercontig_000005770,2,2472,724196991,1402480861
GL846912.1,Chr2_supercontig_000005771,2,2076,724199067,1402482937
GL846913.1,Chr2_supercontig_000005772,2,1744,724200811,1402484681
GL846914.1,Chr2_supercontig_000005773,2,2771,724203582,1402487452
GL846915.1,Chr2_supercontig_000005774,2,2541,724206123,1402489993
GL846916.1,Chr2_supercontig_000005775,2,1620,724207743,1402491613
GL846917.1,Chr2_supercontig_000005776,2,1964,724209707,1402493577
GL846918.1,Chr2_supercontig_000005777,2,3859,724213566,1402497436
GL846919.1,Chr2_supercontig_000005778,2,4400,724217966,1402501836
GL846920.1,Chr2_supercontig_000005779,2,2594,724220560,1402504430
GL846921.1,Chr2_supercontig_000005780,2,3054,724223614,1402507484
GL846922.1,Chr2_supercontig_000005781,2,9975,724233589,1402517459
GL846923.1,Chr2_supercontig_000005782,2,1620,724235209,1402519079
GL846924.1,Chr2_supercontig_000005783,2,4666,724239875,1402523745
GL846925.1,Chr2_supercontig_000005784,2,3131,724243006,1402526876
GL846926.1,Chr2_supercontig_000005785,2,1590,724244596,1402528466
GL846927.1,Chr2_supercontig_000005786,2,5200,724249796,1402533666
GL846928.1,Chr2_supercontig_000005787,2,2447,724252243,1402536113
GL846929.1,Chr2_supercontig_000005788,2,1783,724254026,1402537896
GL846930.1,Chr2_supercontig_000005789,2,1759,724255785,1402539655
GL846931.1,Chr2_supercontig_000005790,2,5058,724260843,1402544713
GL846932.1,Chr2_supercontig_000005791,2,3515,724264358,1402548228
GL846933.1,Chr2_supercontig_000005792,2,5943,724270301,1402554171
GL846934.1,Chr2_supercontig_000005793,2,1800,724272101,1402555971
GL846935.1,Chr2_supercontig_000005794,2,3427,724275528,1402559398
GL846936.1,Chr2_supercontig_000005795,2,3930,724279458,1402563328
GL846937.1,Chr2_supercontig_000005796,2,2833,724282291,1402566161
GL846938.1,Chr2_supercontig_000005797,2,5028,724287319,1402571189
GL846939.1,Chr2_supercontig_000005798,2,2168,724289487,1402573357
GL846940.1,Chr2_supercontig_000005799,2,1816,724291303,1402575173
GL846941.1,Chr2_supercontig_000005800,2,1539,724292842,1402576712
GL846942.1,Chr2_supercontig_000005801,2,2670,724295512,1402579382
GL846943.1,Chr2_supercontig_000005802,2,1741,724297253,1402581123
GL846944.1,Chr2_supercontig_000005803,2,1752,724299005,1402582875
GL846945.1,Chr2_supercontig_000005804,2,2270,724301275,1402585145
GL846946.1,Chr2_supercontig_000005805,2,1565,724302840,1402586710
GL846947.1,Chr2_supercontig_000005806,2,5077,724307917,1402591787
GL846948.1,Chr2_supercontig_000005807,2,2530,724310447,1402594317
GL846949.1,Chr2_supercontig_000005808,2,1824,724312271,1402596141
GL846950.1,Chr2_supercontig_000005809,2,2539,724314810,1402598680
GL846951.1,Chr2_supercontig_000005810,2,2171,724316981,1402600851
GL846952.1,Chr2_supercontig_000005811,2,3220,724320201,1402604071
GL846953.1,Chr2_supercontig_000005812,2,4129,724324330,1402608200
GL846954.1,Chr2_supercontig_000005813,2,2531,724326861,1402610731
GL846955.1,Chr2_supercontig_000005814,2,1575,724328436,1402612306
GL846956.1,Chr2_supercontig_000005815,2,16657,724345093,1402628963
GL846957.1,Chr2_supercontig_000005816,2,1516,724346609,1402630479
GL846958.1,Chr2_supercontig_000005817,2,1686,724348295,1402632165
GL846959.1,Chr2_supercontig_000005818,2,2264,724350559,1402634429
GL846960.1,Chr2_supercontig_000005819,2,4050,724354609,1402638479
GL846961.1,Chr2_supercontig_000005820,2,1994,724356603,1402640473
GL846962.1,Chr2_supercontig_000005821,2,1802,724358405,1402642275
GL846963.1,Chr2_supercontig_000005822,2,1936,724360341,1402644211
GL846964.1,Chr2_supercontig_000005823,2,1643,724361984,1402645854
GL846965.1,Chr2_supercontig_000005824,2,2879,724364863,1402648733
GL846966.1,Chr2_supercontig_000005825,2,2040,724366903,1402650773
GL846967.1,Chr2_supercontig_000005826,2,2200,724369103,1402652973
GL846968.1,Chr2_supercontig_000005827,2,2682,724371785,1402655655
GL846969.1,Chr2_supercontig_000005828,2,2164,724373949,1402657819
GL846970.1,Chr2_supercontig_000005829,2,3145,724377094,1402660964
GL846971.1,Chr2_supercontig_000005830,2,6972,724384066,1402667936
GL846972.1,Chr2_supercontig_000005831,2,1601,724385667,1402669537
GL846973.1,Chr2_supercontig_000005832,2,9055,724394722,1402678592
GL846974.1,Chr2_supercontig_000005833,2,5171,724399893,1402683763
GL846975.1,Chr2_supercontig_000005834,2,4361,724404254,1402688124
GL846976.1,Chr2_supercontig_000005835,2,6495,724410749,1402694619
GL846977.1,Chr2_supercontig_000005836,2,3129,724413878,1402697748
GL846978.1,Chr2_supercontig_000005837,2,1704,724415582,1402699452
GL846979.1,Chr2_supercontig_000005838,2,6696,724422278,1402706148
GL846980.1,Chr2_supercontig_000005839,2,2189,724424467,1402708337
GL846981.1,Chr2_supercontig_000005840,2,2635,724427102,1402710972
GL846982.1,Chr2_supercontig_000005841,2,2261,724429363,1402713233
GL846983.1,Chr2_supercontig_000005842,2,1605,724430968,1402714838
GL846984.1,Chr2_supercontig_000005843,2,4350,724435318,1402719188
GL846985.1,Chr2_supercontig_000005844,2,2407,724437725,1402721595
GL846986.1,Chr2_supercontig_000005845,2,2204,724439929,1402723799
GL846987.1,Chr2_supercontig_000005846,2,5896,724445825,1402729695
GL846988.1,Chr2_supercontig_000005847,2,1672,724447497,1402731367
GL846989.1,Chr2_supercontig_000005848,2,4871,724452368,1402736238
GL846990.1,Chr2_supercontig_000005849,2,3438,724455806,1402739676
GL846991.1,Chr2_supercontig_000005850,2,1988,724457794,1402741664
GL846992.1,Chr2_supercontig_000005851,2,3231,724461025,1402744895
GL846993.1,Chr2_supercontig_000005852,2,1557,724462582,1402746452
GL846994.1,Chr2_supercontig_000005853,2,17190,724479772,1402763642
GL846995.1,Chr2_supercontig_000005854,2,3344,724483116,1402766986
GL846996.1,Chr2_supercontig_000005855,2,3617,724486733,1402770603
GL846997.1,Chr2_supercontig_000005856,2,5470,724492203,1402776073
GL846998.1,Chr2_supercontig_000005857,2,2394,724494597,1402778467
GL846999.1,Chr2_supercontig_000005858,2,2699,724497296,1402781166
GL847000.1,Chr2_supercontig_000005859,2,2536,724499832,1402783702
GL847001.1,Chr2_supercontig_000005860,2,1691,724501523,1402785393
GL847002.1,Chr2_supercontig_000005861,2,4648,724506171,1402790041
GL847003.1,Chr2_supercontig_000005862,2,1782,724507953,1402791823
GL847004.1,Chr2_supercontig_000005863,2,1593,724509546,1402793416
GL847005.1,Chr2_supercontig_000005864,2,1541,724511087,1402794957
GL847006.1,Chr2_supercontig_000005865,2,1764,724512851,1402796721
GL847007.1,Chr2_supercontig_000005866,2,3343,724516194,1402800064
GL847008.1,Chr2_supercontig_000005867,2,2451,724518645,1402802515
GL847009.1,Chr2_supercontig_000005868,2,1990,724520635,1402804505
GL847010.1,Chr2_supercontig_000005869,2,3257,724523892,1402807762
GL847011.1,Chr2_supercontig_000005870,2,2987,724526879,1402810749
GL847012.1,Chr2_supercontig_000005871,2,1549,724528428,1402812298
GL847013.1,Chr2_supercontig_000005872,2,2780,724531208,1402815078
GL847014.1,Chr2_supercontig_000005873,2,5909,724537117,1402820987
GL847015.1,Chr2_supercontig_000005874,2,2215,724539332,1402823202
GL847016.1,Chr2_supercontig_000005875,2,2333,724541665,1402825535
GL847017.1,Chr2_supercontig_000005876,2,1564,724543229,1402827099
GL847018.1,Chr2_supercontig_000005877,2,2378,724545607,1402829477
GL847019.1,Chr2_supercontig_000005878,2,2262,724547869,1402831739
GL847020.1,Chr2_supercontig_000005879,2,1615,724549484,1402833354
GL847021.1,Chr2_supercontig_000005880,2,3134,724552618,1402836488
GL847022.1,Chr2_supercontig_000005881,2,4711,724557329,1402841199
GL847023.1,Chr2_supercontig_000005882,2,2411,724559740,1402843610
GL847024.1,Chr2_supercontig_000005883,2,1990,724561730,1402845600
GL847025.1,Chr2_supercontig_000005884,2,1513,724563243,1402847113
GL847026.1,Chr2_supercontig_000005885,2,2793,724566036,1402849906
GL847027.1,Chr2_supercontig_000005886,2,2176,724568212,1402852082
GL847028.1,Chr2_supercontig_000005887,2,5247,724573459,1402857329
GL847029.1,Chr2_supercontig_000005888,2,10586,724584045,1402867915
GL847030.1,Chr2_supercontig_000005889,2,8782,724592827,1402876697
GL847031.1,Chr2_supercontig_000005890,2,4102,724596929,1402880799
GL847032.1,Chr2_supercontig_000005891,2,1742,724598671,1402882541
GL847033.1,Chr2_supercontig_000005892,2,2354,724601025,1402884895
GL847034.1,Chr2_supercontig_000005893,2,1680,724602705,1402886575
GL847035.1,Chr2_supercontig_000005894,2,1772,724604477,1402888347
GL847036.1,Chr2_supercontig_000005895,2,3674,724608151,1402892021
GL847037.1,Chr2_supercontig_000005896,2,5147,724613298,1402897168
GL847038.1,Chr2_supercontig_000005897,2,5274,724618572,1402902442
GL847039.1,Chr2_supercontig_000005898,2,1661,724620233,1402904103
GL847040.1,Chr2_supercontig_000005899,2,2722,724622955,1402906825
GL847041.1,Chr2_supercontig_000005900,2,2592,724625547,1402909417
GL847042.1,Chr2_supercontig_000005901,2,1637,724627184,1402911054
GL847043.1,Chr2_supercontig_000005902,2,11516,724638700,1402922570
GL847044.1,Chr2_supercontig_000005903,2,1708,724640408,1402924278
GL847045.1,Chr2_supercontig_000005904,2,1603,724642011,1402925881
GL847046.1,Chr2_supercontig_000005905,2,2328,724644339,1402928209
GL847047.1,Chr2_supercontig_000005906,2,2382,724646721,1402930591
GL847048.1,Chr2_supercontig_000005907,2,2578,724649299,1402933169
GL847049.1,Chr2_supercontig_000005908,2,1566,724650865,1402934735
GL847050.1,Chr2_supercontig_000005909,2,1600,724652465,1402936335
GL847051.1,Chr2_supercontig_000005910,2,1960,724654425,1402938295
GL847052.1,Chr2_supercontig_000005911,2,2233,724656658,1402940528
GL847053.1,Chr2_supercontig_000005912,2,1591,724658249,1402942119
GL847054.1,Chr2_supercontig_000005913,2,1506,724659755,1402943625
GL847055.1,Chr2_supercontig_000005914,2,1619,724661374,1402945244
GL847056.1,Chr2_supercontig_000005915,2,2076,724663450,1402947320
GL847057.1,Chr2_supercontig_000005916,2,2174,724665624,1402949494
GL847058.1,Chr2_supercontig_000005917,2,1888,724667512,1402951382
GL847059.1,Chr2_supercontig_000005918,2,3137,724670649,1402954519
GL847060.1,Chr2_supercontig_000005919,2,1805,724672454,1402956324
GL847061.1,Chr2_supercontig_000005920,2,8030,724680484,1402964354
GL847062.1,Chr2_supercontig_000005921,2,1756,724682240,1402966110
GL847063.1,Chr2_supercontig_000005922,2,2217,724684457,1402968327
GL847064.1,Chr2_supercontig_000005923,2,1782,724686239,1402970109
GL847065.1,Chr2_supercontig_000005924,2,1897,724688136,1402972006
GL847066.1,Chr2_supercontig_000005925,2,1948,724690084,1402973954
GL847067.1,Chr2_supercontig_000005926,2,19581,724709665,1402993535
GL847068.1,Chr2_supercontig_000005927,2,1570,724711235,1402995105
GL847069.1,Chr2_supercontig_000005928,2,2243,724713478,1402997348
GL847070.1,Chr2_supercontig_000005929,2,2192,724715670,1402999540
GL847071.1,Chr2_supercontig_000005930,2,2571,724718241,1403002111
GL847072.1,Chr2_supercontig_000005931,2,2168,724720409,1403004279
GL847073.1,Chr2_supercontig_000005932,2,5272,724725681,1403009551
GL847074.1,Chr2_supercontig_000005933,2,1973,724727654,1403011524
GL847075.1,Chr2_supercontig_000005934,2,2764,724730418,1403014288
GL847076.1,Chr2_supercontig_000005935,2,2321,724732739,1403016609
GL847077.1,Chr2_supercontig_000005936,2,2814,724735553,1403019423
GL847078.1,Chr2_supercontig_000005937,2,2065,724737618,1403021488
GL847079.1,Chr2_supercontig_000005938,2,4500,724742118,1403025988
GL847080.1,Chr2_supercontig_000005939,2,2187,724744305,1403028175
GL847081.1,Chr2_supercontig_000005940,2,2144,724746449,1403030319
GL847082.1,Chr2_supercontig_000005941,2,3399,724749848,1403033718
GL847083.1,Chr2_supercontig_000005942,2,2629,724752477,1403036347
GL847084.1,Chr2_supercontig_000005943,2,1818,724754295,1403038165
GL847085.1,Chr2_supercontig_000005944,2,4811,724759106,1403042976
GL847086.1,Chr2_supercontig_000005945,2,12254,724771360,1403055230
GL847087.1,Chr2_supercontig_000005946,2,1512,724772872,1403056742
GL847088.1,Chr2_supercontig_000005947,2,1552,724774424,1403058294
GL847089.1,Chr2_supercontig_000005948,2,1593,724776017,1403059887
GL847090.1,Chr2_supercontig_000005949,2,2691,724778708,1403062578
GL847091.1,Chr2_supercontig_000005950,2,6635,724785343,1403069213
GL847092.1,Chr2_supercontig_000005951,2,2177,724787520,1403071390
GL847093.1,Chr2_supercontig_000005952,2,1920,724789440,1403073310
GL847094.1,Chr2_supercontig_000005953,2,1576,724791016,1403074886
GL847095.1,Chr2_supercontig_000005954,2,2266,724793282,1403077152
GL847096.1,Chr2_supercontig_000005955,2,1867,724795149,1403079019
GL847097.1,Chr2_supercontig_000005956,2,1542,724796691,1403080561
GL847098.1,Chr2_supercontig_000005957,2,1555,724798246,1403082116
GL847099.1,Chr2_supercontig_000005958,2,2391,724800637,1403084507
GL847100.1,Chr2_supercontig_000005959,2,2182,724802819,1403086689
GL847101.1,Chr2_supercontig_000005960,2,2942,724805761,1403089631
GL847102.1,Chr2_supercontig_000005961,2,1847,724807608,1403091478
GL847103.1,Chr2_supercontig_000005962,2,2960,724810568,1403094438
GL847104.1,Chr2_supercontig_000005963,2,1546,724812114,1403095984
GL847105.1,Chr2_supercontig_000005964,2,3080,724815194,1403099064
GL847106.1,Chr2_supercontig_000005965,2,1629,724816823,1403100693
GL847107.1,Chr2_supercontig_000005966,2,2109,724818932,1403102802
GL847108.1,Chr2_supercontig_000005967,2,2176,724821108,1403104978
GL847109.1,Chr2_supercontig_000005968,2,5524,724826632,1403110502
GL847110.1,Chr2_supercontig_000005969,2,5572,724832204,1403116074
GL847111.1,Chr2_supercontig_000005970,2,3031,724835235,1403119105
GL847112.1,Chr2_supercontig_000005971,2,3804,724839039,1403122909
GL847113.1,Chr2_supercontig_000005972,2,1994,724841033,1403124903
GL847114.1,Chr2_supercontig_000005973,2,11857,724852890,1403136760
GL847115.1,Chr2_supercontig_000005974,2,9509,724862399,1403146269
GL847116.1,Chr2_supercontig_000005975,2,2120,724864519,1403148389
GL847117.1,Chr2_supercontig_000005976,2,1901,724866420,1403150290
GL847118.1,Chr2_supercontig_000005977,2,4502,724870922,1403154792
GL847119.1,Chr2_supercontig_000005978,2,13101,724884023,1403167893
GL847120.1,Chr2_supercontig_000005979,2,2109,724886132,1403170002
GL847121.1,Chr2_supercontig_000005980,2,2574,724888706,1403172576
GL847122.1,Chr2_supercontig_000005981,2,2742,724891448,1403175318
GL847123.1,Chr2_supercontig_000005982,2,3347,724894795,1403178665
GL847124.1,Chr2_supercontig_000005983,2,1505,724896300,1403180170
GL847125.1,Chr2_supercontig_000005984,2,1819,724898119,1403181989
GL847126.1,Chr2_supercontig_000005985,2,1540,724899659,1403183529
GL847127.1,Chr2_supercontig_000005986,2,1574,724901233,1403185103
GL847128.1,Chr2_supercontig_000005987,2,1966,724903199,1403187069
GL847129.1,Chr2_supercontig_000005988,2,1756,724904955,1403188825
GL847130.1,Chr2_supercontig_000005989,2,3291,724908246,1403192116
GL847131.1,Chr2_supercontig_000005990,2,1841,724910087,1403193957
GL847132.1,Chr2_supercontig_000005991,2,2255,724912342,1403196212
GL847133.1,Chr2_supercontig_000005992,2,2052,724914394,1403198264
GL847134.1,Chr2_supercontig_000005993,2,2602,724916996,1403200866
GL847135.1,Chr2_supercontig_000005994,2,4972,724921968,1403205838
GL847136.1,Chr2_supercontig_000005995,2,1839,724923807,1403207677
GL847137.1,Chr2_supercontig_000005996,2,2668,724926475,1403210345
GL847138.1,Chr2_supercontig_000005997,2,5020,724931495,1403215365
GL847139.1,Chr2_supercontig_000005998,2,1687,724933182,1403217052
GL847140.1,Chr2_supercontig_000005999,2,5793,724938975,1403222845
GL847141.1,Chr2_supercontig_000006000,2,14429,724953404,1403237274
GL847142.1,Chr2_supercontig_000006001,2,3142,724956546,1403240416
GL847143.1,Chr2_supercontig_000006002,2,2991,724959537,1403243407
GL847144.1,Chr2_supercontig_000006003,2,3851,724963388,1403247258
GL847145.1,Chr2_supercontig_000006004,2,18021,724981409,1403265279
GL847146.1,Chr2_supercontig_000006005,2,13360,724994769,1403278639
GL847147.1,Chr2_supercontig_000006006,2,1995,724996764,1403280634
GL847148.1,Chr2_supercontig_000006007,2,3110,724999874,1403283744
GL847149.1,Chr2_supercontig_000006008,2,1766,725001640,1403285510
GL847150.1,Chr2_supercontig_000006009,2,2132,725003772,1403287642
GL847151.1,Chr2_supercontig_000006010,2,2558,725006330,1403290200
GL847152.1,Chr2_supercontig_000006011,2,2635,725008965,1403292835
GL847153.1,Chr2_supercontig_000006012,2,1552,725010517,1403294387
GL847154.1,Chr2_supercontig_000006013,2,2252,725012769,1403296639
GL847155.1,Chr2_supercontig_000006014,2,3614,725016383,1403300253
GL847156.1,Chr2_supercontig_000006015,2,5225,725021608,1403305478
GL847157.1,Chr2_supercontig_000006016,2,1674,725023282,1403307152
GL847158.1,Chr2_supercontig_000006017,2,1766,725025048,1403308918
GL847159.1,Chr2_supercontig_000006018,2,1840,725026888,1403310758
GL847160.1,Chr2_supercontig_000006019,2,3016,725029904,1403313774
GL847161.1,Chr2_supercontig_000006020,2,4384,725034288,1403318158
GL847162.1,Chr2_supercontig_000006021,2,1891,725036179,1403320049
GL847163.1,Chr2_supercontig_000006022,2,2638,725038817,1403322687
GL847164.1,Chr2_supercontig_000006023,2,1679,725040496,1403324366
GL847165.1,Chr2_supercontig_000006024,2,1996,725042492,1403326362
GL847166.1,Chr2_supercontig_000006025,2,7644,725050136,1403334006
GL847167.1,Chr2_supercontig_000006026,2,2185,725052321,1403336191
GL847168.1,Chr2_supercontig_000006027,2,2263,725054584,1403338454
GL847169.1,Chr2_supercontig_000006028,2,1991,725056575,1403340445
GL847170.1,Chr2_supercontig_000006029,2,6144,725062719,1403346589
GL847171.1,Chr2_supercontig_000006030,2,2427,725065146,1403349016
GL847172.1,Chr2_supercontig_000006031,2,8211,725073357,1403357227
GL847173.1,Chr2_supercontig_000006032,2,1543,725074900,1403358770
GL847174.1,Chr2_supercontig_000006033,2,2520,725077420,1403361290
GL847175.1,Chr2_supercontig_000006034,2,4916,725082336,1403366206
GL847176.1,Chr2_supercontig_000006035,2,6503,725088839,1403372709
GL847177.1,Chr2_supercontig_000006036,2,1626,725090465,1403374335
GL847178.1,Chr2_supercontig_000006037,2,3038,725093503,1403377373
GL847179.1,Chr2_supercontig_000006038,2,2444,725095947,1403379817
GL847180.1,Chr2_supercontig_000006039,2,5540,725101487,1403385357
GL847181.1,Chr2_supercontig_000006040,2,6329,725107816,1403391686
GL847182.1,Chr2_supercontig_000006041,2,2196,725110012,1403393882
GL847183.1,Chr2_supercontig_000006042,2,1505,725111517,1403395387
GL847184.1,Chr2_supercontig_000006043,2,1674,725113191,1403397061
GL847185.1,Chr2_supercontig_000006044,2,2894,725116085,1403399955
GL847186.1,Chr2_supercontig_000006045,2,2182,725118267,1403402137
GL847187.1,Chr2_supercontig_000006046,2,2524,725120791,1403404661
GL847188.1,Chr2_supercontig_000006047,2,4437,725125228,1403409098
GL847189.1,Chr2_supercontig_000006048,2,2420,725127648,1403411518
GL847190.1,Chr2_supercontig_000006049,2,4893,725132541,1403416411
GL847191.1,Chr2_supercontig_000006050,2,4233,725136774,1403420644
GL847192.1,Chr2_supercontig_000006051,2,2620,725139394,1403423264
GL847193.1,Chr2_supercontig_000006052,2,1926,725141320,1403425190
GL847194.1,Chr2_supercontig_000006053,2,2207,725143527,1403427397
GL847195.1,Chr2_supercontig_000006054,2,3767,725147294,1403431164
GL847196.1,Chr2_supercontig_000006055,2,1695,725148989,1403432859
GL847197.1,Chr2_supercontig_000006056,2,7228,725156217,1403440087
GL847198.1,Chr2_supercontig_000006057,2,2359,725158576,1403442446
GL847199.1,Chr2_supercontig_000006058,2,1765,725160341,1403444211
GL847200.1,Chr2_supercontig_000006059,2,1688,725162029,1403445899
GL847201.1,Chr2_supercontig_000006060,2,2156,725164185,1403448055
GL847202.1,Chr2_supercontig_000006061,2,2408,725166593,1403450463
GL847203.1,Chr2_supercontig_000006062,2,3531,725170124,1403453994
GL847204.1,Chr2_supercontig_000006063,2,2620,725172744,1403456614
GL847205.1,Chr2_supercontig_000006064,2,2334,725175078,1403458948
GL847206.1,Chr2_supercontig_000006065,2,2091,725177169,1403461039
GL847207.1,Chr2_supercontig_000006066,2,2876,725180045,1403463915
GL847208.1,Chr2_supercontig_000006067,2,2627,725182672,1403466542
GL847209.1,Chr2_supercontig_000006068,2,1621,725184293,1403468163
GL847210.1,Chr2_supercontig_000006069,2,4484,725188777,1403472647
GL847211.1,Chr2_supercontig_000006070,2,2572,725191349,1403475219
GL847212.1,Chr2_supercontig_000006071,2,1932,725193281,1403477151
GL847213.1,Chr2_supercontig_000006072,2,4145,725197426,1403481296
GL847214.1,Chr2_supercontig_000006073,2,1619,725199045,1403482915
GL847215.1,Chr2_supercontig_000006074,2,2260,725201305,1403485175
GL847216.1,Chr2_supercontig_000006075,2,2089,725203394,1403487264
GL847217.1,Chr2_supercontig_000006076,2,3073,725206467,1403490337
GL847218.1,Chr2_supercontig_000006077,2,1856,725208323,1403492193
GL847219.1,Chr2_supercontig_000006078,2,2534,725210857,1403494727
GL847220.1,Chr2_supercontig_000006079,2,6026,725216883,1403500753
GL847221.1,Chr2_supercontig_000006080,2,1524,725218407,1403502277
GL847222.1,Chr2_supercontig_000006081,2,2263,725220670,1403504540
GL847223.1,Chr2_supercontig_000006082,2,2160,725222830,1403506700
GL847224.1,Chr2_supercontig_000006083,2,2011,725224841,1403508711
GL847225.1,Chr2_supercontig_000006084,2,2846,725227687,1403511557
GL847226.1,Chr2_supercontig_000006085,2,12963,725240650,1403524520
GL847227.1,Chr2_supercontig_000006086,2,1563,725242213,1403526083
GL847228.1,Chr2_supercontig_000006087,2,3741,725245954,1403529824
GL847229.1,Chr2_supercontig_000006088,2,1615,725247569,1403531439
GL847230.1,Chr2_supercontig_000006089,2,1522,725249091,1403532961
GL847231.1,Chr2_supercontig_000006090,2,2695,725251786,1403535656
GL847232.1,Chr2_supercontig_000006091,2,3960,725255746,1403539616
GL847233.1,Chr2_supercontig_000006092,2,6037,725261783,1403545653
GL847234.1,Chr2_supercontig_000006093,2,1517,725263300,1403547170
GL847235.1,Chr2_supercontig_000006094,2,2100,725265400,1403549270
GL847236.1,Chr2_supercontig_000006095,2,5203,725270603,1403554473
GL847237.1,Chr2_supercontig_000006096,2,3498,725274101,1403557971
GL847238.1,Chr2_supercontig_000006097,2,1720,725275821,1403559691
GL847239.1,Chr2_supercontig_000006098,2,8356,725284177,1403568047
GL847240.1,Chr2_supercontig_000006099,2,3476,725287653,1403571523
GL847241.1,Chr2_supercontig_000006100,2,2553,725290206,1403574076
GL847242.1,Chr2_supercontig_000006101,2,1929,725292135,1403576005
GL847243.1,Chr2_supercontig_000006102,2,3394,725295529,1403579399
GL847244.1,Chr2_supercontig_000006103,2,3365,725298894,1403582764
GL847245.1,Chr2_supercontig_000006104,2,1879,725300773,1403584643
GL847246.1,Chr2_supercontig_000006105,2,3220,725303993,1403587863
GL847247.1,Chr2_supercontig_000006106,2,1809,725305802,1403589672
GL847248.1,Chr2_supercontig_000006107,2,1620,725307422,1403591292
GL847249.1,Chr2_supercontig_000006108,2,2403,725309825,1403593695
GL847250.1,Chr2_supercontig_000006109,2,2310,725312135,1403596005
GL847251.1,Chr2_supercontig_000006110,2,2621,725314756,1403598626
GL847252.1,Chr2_supercontig_000006111,2,3173,725317929,1403601799
GL847253.1,Chr2_supercontig_000006112,2,1532,725319461,1403603331
GL847254.1,Chr2_supercontig_000006113,2,1846,725321307,1403605177
GL847255.1,Chr2_supercontig_000006114,2,3626,725324933,1403608803
GL847256.1,Chr2_supercontig_000006115,2,2834,725327767,1403611637
GL847257.1,Chr2_supercontig_000006116,2,1861,725329628,1403613498
GL847258.1,Chr2_supercontig_000006117,2,3103,725332731,1403616601
GL847259.1,Chr2_supercontig_000006118,2,2582,725335313,1403619183
GL847260.1,Chr2_supercontig_000006119,2,8148,725343461,1403627331
GL847261.1,Chr2_supercontig_000006120,2,1546,725345007,1403628877
GL847262.1,Chr2_supercontig_000006121,2,1682,725346689,1403630559
GL847263.1,Chr2_supercontig_000006122,2,1935,725348624,1403632494
GL847264.1,Chr2_supercontig_000006123,2,1823,725350447,1403634317
GL847265.1,Chr2_supercontig_000006124,2,3117,725353564,1403637434
GL847266.1,Chr2_supercontig_000006125,2,5067,725358631,1403642501
GL847267.1,Chr2_supercontig_000006126,2,1735,725360366,1403644236
GL847268.1,Chr2_supercontig_000006127,2,2724,725363090,1403646960
GL847269.1,Chr2_supercontig_000006128,2,1892,725364982,1403648852
GL847270.1,Chr2_supercontig_000006129,2,3672,725368654,1403652524
GL847271.1,Chr2_supercontig_000006130,2,3397,725372051,1403655921
GL847272.1,Chr2_supercontig_000006131,2,4409,725376460,1403660330
GL847273.1,Chr2_supercontig_000006132,2,3869,725380329,1403664199
GL847274.1,Chr2_supercontig_000006133,2,1942,725382271,1403666141
GL847275.1,Chr2_supercontig_000006134,2,1750,725384021,1403667891
GL847276.1,Chr2_supercontig_000006135,2,1695,725385716,1403669586
GL847277.1,Chr2_supercontig_000006136,2,18395,725404111,1403687981
GL847278.1,Chr2_supercontig_000006137,2,4317,725408428,1403692298
GL847279.1,Chr2_supercontig_000006138,2,8065,725416493,1403700363
GL847280.1,Chr2_supercontig_000006139,2,12565,725429058,1403712928
GL847281.1,Chr2_supercontig_000006140,2,22674,725451732,1403735602
GL847282.1,Chr2_supercontig_000006141,2,11208,725462940,1403746810
GL847283.1,Chr2_supercontig_000006142,2,2098,725465038,1403748908
GL847284.1,Chr2_supercontig_000006143,2,2428,725467466,1403751336
GL847285.1,Chr2_supercontig_000006144,2,3432,725470898,1403754768
GL847286.1,Chr2_supercontig_000006145,2,3465,725474363,1403758233
GL847287.1,Chr2_supercontig_000006146,2,2301,725476664,1403760534
GL847288.1,Chr2_supercontig_000006147,2,1799,725478463,1403762333
GL847289.1,Chr2_supercontig_000006148,2,1998,725480461,1403764331
GL847290.1,Chr2_supercontig_000006149,2,2857,725483318,1403767188
GL847291.1,Chr2_supercontig_000006150,2,2918,725486236,1403770106
GL847292.1,Chr2_supercontig_000006151,2,3740,725489976,1403773846
GL847293.1,Chr2_supercontig_000006152,2,3828,725493804,1403777674
GL847294.1,Chr2_supercontig_000006153,2,2974,725496778,1403780648
GL847295.1,Chr2_supercontig_000006154,2,2102,725498880,1403782750
GL847296.1,Chr2_supercontig_000006155,2,2223,725501103,1403784973
GL847297.1,Chr2_supercontig_000006156,2,2178,725503281,1403787151
GL847298.1,Chr2_supercontig_000006157,2,1712,725504993,1403788863
GL847299.1,Chr2_supercontig_000006158,2,4059,725509052,1403792922
GL847300.1,Chr2_supercontig_000006159,2,1635,725510687,1403794557
GL847301.1,Chr2_supercontig_000006160,2,4320,725515007,1403798877
GL847302.1,Chr2_supercontig_000006161,2,3186,725518193,1403802063
GL847303.1,Chr2_supercontig_000006162,2,4952,725523145,1403807015
GL847304.1,Chr2_supercontig_000006163,2,3910,725527055,1403810925
GL847305.1,Chr2_supercontig_000006164,2,2026,725529081,1403812951
GL847306.1,Chr2_supercontig_000006165,2,2307,725531388,1403815258
GL847307.1,Chr2_supercontig_000006166,2,4608,725535996,1403819866
GL847308.1,Chr2_supercontig_000006167,2,1667,725537663,1403821533
GL847309.1,Chr2_supercontig_000006168,2,2381,725540044,1403823914
GL847310.1,Chr2_supercontig_000006169,2,4798,725544842,1403828712
GL847311.1,Chr2_supercontig_000006170,2,5255,725550097,1403833967
GL847312.1,Chr2_supercontig_000006171,2,8618,725558715,1403842585
GL847313.1,Chr2_supercontig_000006172,2,6749,725565464,1403849334
GL847314.1,Chr2_supercontig_000006173,2,10629,725576093,1403859963
GL847315.1,Chr2_supercontig_000006174,2,3196,725579289,1403863159
GL847316.1,Chr2_supercontig_000006175,2,7314,725586603,1403870473
GL847317.1,Chr2_supercontig_000006176,2,9350,725595953,1403879823
GL847318.1,Chr2_supercontig_000006177,2,6319,725602272,1403886142
GL847319.1,Chr2_supercontig_000006178,2,44444,725646716,1403930586
GL847320.1,Chr2_supercontig_000006179,2,2875,725649591,1403933461
GL847321.1,Chr2_supercontig_000006180,2,2048,725651639,1403935509
GL847322.1,Chr2_supercontig_000006181,2,4454,725656093,1403939963
GL847323.1,Chr2_supercontig_000006182,2,2902,725658995,1403942865
GL847324.1,Chr2_supercontig_000006183,2,1730,725660725,1403944595
GL847325.1,Chr2_supercontig_000006184,2,1649,725662374,1403946244
GL847326.1,Chr2_supercontig_000006185,2,1681,725664055,1403947925
GL847327.1,Chr2_supercontig_000006186,2,2464,725666519,1403950389
GL847328.1,Chr2_supercontig_000006187,2,7108,725673627,1403957497
GL847329.1,Chr2_supercontig_000006188,2,1710,725675337,1403959207
GL847330.1,Chr2_supercontig_000006189,2,2766,725678103,1403961973
GL847331.1,Chr2_supercontig_000006190,2,1870,725679973,1403963843
GL847332.1,Chr2_supercontig_000006191,2,1921,725681894,1403965764
GL847333.1,Chr2_supercontig_000006192,2,2385,725684279,1403968149
GL847334.1,Chr2_supercontig_000006193,2,2544,725686823,1403970693
GL847335.1,Chr2_supercontig_000006194,2,1557,725688380,1403972250
GL847336.1,Chr2_supercontig_000006195,2,1556,725689936,1403973806
GL847337.1,Chr2_supercontig_000006196,2,1852,725691788,1403975658
GL847338.1,Chr2_supercontig_000006197,2,1782,725693570,1403977440
GL847339.1,Chr2_supercontig_000006198,2,2137,725695707,1403979577
GL847340.1,Chr2_supercontig_000006199,2,2343,725698050,1403981920
GL847341.1,Chr2_supercontig_000006200,2,2003,725700053,1403983923
GL847342.1,Chr2_supercontig_000006201,2,1705,725701758,1403985628
GL847343.1,Chr2_supercontig_000006202,2,1970,725703728,1403987598
GL847344.1,Chr2_supercontig_000006203,2,4080,725707808,1403991678
GL847345.1,Chr2_supercontig_000006204,2,3748,725711556,1403995426
GL847346.1,Chr2_supercontig_000006205,2,1957,725713513,1403997383
GL847347.1,Chr2_supercontig_000006206,2,1681,725715194,1403999064
GL847348.1,Chr2_supercontig_000006207,2,4720,725719914,1404003784
GL847349.1,Chr2_supercontig_000006208,2,3034,725722948,1404006818
GL847350.1,Chr2_supercontig_000006209,2,1782,725724730,1404008600
GL847351.1,Chr2_supercontig_000006210,2,1655,725726385,1404010255
GL847352.1,Chr2_supercontig_000006211,2,1676,725728061,1404011931
GL847353.1,Chr2_supercontig_000006212,2,1870,725729931,1404013801
GL847354.1,Chr2_supercontig_000006213,2,4255,725734186,1404018056
GL847355.1,Chr2_supercontig_000006214,2,1897,725736083,1404019953
GL847356.1,Chr2_supercontig_000006215,2,2432,725738515,1404022385
GL847357.1,Chr2_supercontig_000006216,2,2199,725740714,1404024584
GL847358.1,Chr2_supercontig_000006217,2,1704,725742418,1404026288
GL847359.1,Chr2_supercontig_000006218,2,2028,725744446,1404028316
GL847360.1,Chr2_supercontig_000006219,2,3975,725748421,1404032291
GL847361.1,Chr2_supercontig_000006220,2,2231,725750652,1404034522
GL847362.1,Chr2_supercontig_000006221,2,2565,725753217,1404037087
GL847363.1,Chr2_supercontig_000006222,2,2530,725755747,1404039617
GL847364.1,Chr2_supercontig_000006223,2,2672,725758419,1404042289
GL847365.1,Chr2_supercontig_000006224,2,1535,725759954,1404043824
GL847366.1,Chr2_supercontig_000006225,2,2069,725762023,1404045893
GL847367.1,Chr2_supercontig_000006226,2,1846,725763869,1404047739
GL847368.1,Chr2_supercontig_000006227,2,1876,725765745,1404049615
GL847369.1,Chr2_supercontig_000006228,2,2255,725768000,1404051870
GL847370.1,Chr2_supercontig_000006229,2,1943,725769943,1404053813
GL847371.1,Chr2_supercontig_000006230,2,1589,725771532,1404055402
GL847372.1,Chr2_supercontig_000006231,2,1784,725773316,1404057186
GL847373.1,Chr2_supercontig_000006232,2,1742,725775058,1404058928
GL847374.1,Chr2_supercontig_000006233,2,3139,725778197,1404062067
GL847375.1,Chr2_supercontig_000006234,2,1743,725779940,1404063810
GL847376.1,Chr2_supercontig_000006235,2,3217,725783157,1404067027
GL847377.1,Chr2_supercontig_000006236,2,1932,725785089,1404068959
GL847378.1,Chr2_supercontig_000006237,2,1583,725786672,1404070542
GL847379.1,Chr2_supercontig_000006238,2,2164,725788836,1404072706
GL847380.1,Chr2_supercontig_000006239,2,1518,725790354,1404074224
GL847381.1,Chr2_supercontig_000006240,2,1588,725791942,1404075812
GL847382.1,Chr2_supercontig_000006241,2,2735,725794677,1404078547
GL847383.1,Chr2_supercontig_000006242,2,2712,725797389,1404081259
GL847384.1,Chr2_supercontig_000006243,2,3402,725800791,1404084661
GL847385.1,Chr2_supercontig_000006244,2,4948,725805739,1404089609
GL847386.1,Chr2_supercontig_000006245,2,2881,725808620,1404092490
GL847387.1,Chr2_supercontig_000006246,2,1553,725810173,1404094043
GL847388.1,Chr2_supercontig_000006247,2,1746,725811919,1404095789
GL847389.1,Chr2_supercontig_000006248,2,1686,725813605,1404097475
GL847390.1,Chr2_supercontig_000006249,2,3760,725817365,1404101235
GL847391.1,Chr2_supercontig_000006250,2,2199,725819564,1404103434
GL847392.1,Chr2_supercontig_000006251,2,2291,725821855,1404105725
GL847393.1,Chr2_supercontig_000006252,2,1515,725823370,1404107240
GL847394.1,Chr2_supercontig_000006253,2,1676,725825046,1404108916
GL847395.1,Chr2_supercontig_000006254,2,3607,725828653,1404112523
GL847396.1,Chr2_supercontig_000006255,2,2102,725830755,1404114625
GL847397.1,Chr2_supercontig_000006256,2,2220,725832975,1404116845
GL847398.1,Chr2_supercontig_000006257,2,1841,725834816,1404118686
GL847399.1,Chr2_supercontig_000006258,2,5891,725840707,1404124577
GL847400.1,Chr2_supercontig_000006259,2,2010,725842717,1404126587
GL847401.1,Chr2_supercontig_000006260,2,2275,725844992,1404128862
GL847402.1,Chr2_supercontig_000006261,2,2565,725847557,1404131427
GL847403.1,Chr2_supercontig_000006262,2,2944,725850501,1404134371
GL847404.1,Chr2_supercontig_000006263,2,3637,725854138,1404138008
GL847405.1,Chr2_supercontig_000006264,2,5747,725859885,1404143755
GL847406.1,Chr2_supercontig_000006265,2,1923,725861808,1404145678
GL847407.1,Chr2_supercontig_000006266,2,2481,725864289,1404148159
GL847408.1,Chr2_supercontig_000006267,2,2106,725866395,1404150265
GL847409.1,Chr2_supercontig_000006268,2,2248,725868643,1404152513
GL847410.1,Chr2_supercontig_000006269,2,1591,725870234,1404154104
GL847411.1,Chr2_supercontig_000006270,2,2969,725873203,1404157073
GL847412.1,Chr2_supercontig_000006271,2,1680,725874883,1404158753
GL847413.1,Chr2_supercontig_000006272,2,2381,725877264,1404161134
GL847414.1,Chr2_supercontig_000006273,2,2425,725879689,1404163559
GL847415.1,Chr2_supercontig_000006274,2,1822,725881511,1404165381
GL847416.1,Chr2_supercontig_000006275,2,1975,725883486,1404167356
GL847417.1,Chr2_supercontig_000006276,2,1796,725885282,1404169152
GL847418.1,Chr2_supercontig_000006277,2,4843,725890125,1404173995
GL847419.1,Chr2_supercontig_000006278,2,1746,725891871,1404175741
GL847420.1,Chr2_supercontig_000006279,2,2188,725894059,1404177929
GL847421.1,Chr2_supercontig_000006280,2,2942,725897001,1404180871
GL847422.1,Chr2_supercontig_000006281,2,2299,725899300,1404183170
GL847423.1,Chr2_supercontig_000006282,2,2251,725901551,1404185421
GL847424.1,Chr2_supercontig_000006283,2,3067,725904618,1404188488
GL847425.1,Chr2_supercontig_000006284,2,2251,725906869,1404190739
GL847426.1,Chr2_supercontig_000006285,2,2896,725909765,1404193635
GL847427.1,Chr2_supercontig_000006286,2,4716,725914481,1404198351
GL847428.1,Chr2_supercontig_000006287,2,5050,725919531,1404203401
GL847429.1,Chr2_supercontig_000006288,2,9497,725929028,1404212898
GL847430.1,Chr2_supercontig_000006289,2,7919,725936947,1404220817
GL847431.1,Chr2_supercontig_000006290,2,1716,725938663,1404222533
GL847432.1,Chr2_supercontig_000006291,2,2466,725941129,1404224999
GL847433.1,Chr2_supercontig_000006292,2,4664,725945793,1404229663
GL847434.1,Chr2_supercontig_000006293,2,2793,725948586,1404232456
GL847435.1,Chr2_supercontig_000006294,2,1651,725950237,1404234107
GL847436.1,Chr2_supercontig_000006295,2,4886,725955123,1404238993
GL847437.1,Chr2_supercontig_000006296,2,3894,725959017,1404242887
GL847438.1,Chr2_supercontig_000006297,2,2103,725961120,1404244990
GL847439.1,Chr2_supercontig_000006298,2,4412,725965532,1404249402
GL847440.1,Chr2_supercontig_000006299,2,2444,725967976,1404251846
GL847441.1,Chr2_supercontig_000006300,2,3171,725971147,1404255017
GL847442.1,Chr2_supercontig_000006301,2,9806,725980953,1404264823
GL847443.1,Chr2_supercontig_000006302,2,5549,725986502,1404270372
GL847444.1,Chr2_supercontig_000006303,2,2301,725988803,1404272673
GL847445.1,Chr2_supercontig_000006304,2,2668,725991471,1404275341
GL847446.1,Chr2_supercontig_000006305,2,2517,725993988,1404277858
GL847447.1,Chr2_supercontig_000006306,2,1656,725995644,1404279514
GL847448.1,Chr2_supercontig_000006307,2,2041,725997685,1404281555
GL847449.1,Chr2_supercontig_000006308,2,2607,726000292,1404284162
GL847450.1,Chr2_supercontig_000006309,2,1945,726002237,1404286107
GL847451.1,Chr2_supercontig_000006310,2,3908,726006145,1404290015
GL847452.1,Chr2_supercontig_000006311,2,2862,726009007,1404292877
GL847453.1,Chr2_supercontig_000006312,2,1869,726010876,1404294746
GL847454.1,Chr2_supercontig_000006313,2,2659,726013535,1404297405
GL847455.1,Chr2_supercontig_000006314,2,5538,726019073,1404302943
GL847456.1,Chr2_supercontig_000006315,2,3227,726022300,1404306170
GL847457.1,Chr2_supercontig_000006316,2,3607,726025907,1404309777
GL847458.1,Chr2_supercontig_000006317,2,4546,726030453,1404314323
GL847459.1,Chr2_supercontig_000006318,2,1527,726031980,1404315850
GL847460.1,Chr2_supercontig_000006319,2,2669,726034649,1404318519
GL847461.1,Chr2_supercontig_000006320,2,3914,726038563,1404322433
GL847462.1,Chr2_supercontig_000006321,2,1519,726040082,1404323952
GL847463.1,Chr2_supercontig_000006322,2,2052,726042134,1404326004
GL847464.1,Chr2_supercontig_000006323,2,3642,726045776,1404329646
GL847465.1,Chr2_supercontig_000006324,2,11434,726057210,1404341080
GL847466.1,Chr2_supercontig_000006325,2,4865,726062075,1404345945
GL847467.1,Chr2_supercontig_000006326,2,14656,726076731,1404360601
GL847468.1,Chr2_supercontig_000006327,2,2135,726078866,1404362736
GL847469.1,Chr2_supercontig_000006328,2,2199,726081065,1404364935
GL847470.1,Chr2_supercontig_000006329,2,1550,726082615,1404366485
GL847471.1,Chr2_supercontig_000006330,2,2082,726084697,1404368567
GL847472.1,Chr2_supercontig_000006331,2,2090,726086787,1404370657
GL847473.1,Chr2_supercontig_000006332,2,2994,726089781,1404373651
GL847474.1,Chr2_supercontig_000006333,2,2916,726092697,1404376567
GL847475.1,Chr2_supercontig_000006334,2,3756,726096453,1404380323
GL847476.1,Chr2_supercontig_000006335,2,1661,726098114,1404381984
GL847477.1,Chr2_supercontig_000006336,2,1808,726099922,1404383792
GL847478.1,Chr2_supercontig_000006337,2,1740,726101662,1404385532
GL847479.1,Chr2_supercontig_000006338,2,2155,726103817,1404387687
GL847480.1,Chr2_supercontig_000006339,2,1599,726105416,1404389286
GL847481.1,Chr2_supercontig_000006340,2,3270,726108686,1404392556
GL847482.1,Chr2_supercontig_000006341,2,1740,726110426,1404394296
GL847483.1,Chr2_supercontig_000006342,2,2147,726112573,1404396443
GL847484.1,Chr2_supercontig_000006343,2,1614,726114187,1404398057
GL847485.1,Chr2_supercontig_000006344,2,3019,726117206,1404401076
GL847486.1,Chr2_supercontig_000006345,2,1969,726119175,1404403045
GL847487.1,Chr2_supercontig_000006346,2,2577,726121752,1404405622
GL847488.1,Chr2_supercontig_000006347,2,1946,726123698,1404407568
GL847489.1,Chr2_supercontig_000006348,2,1697,726125395,1404409265
GL847490.1,Chr2_supercontig_000006349,2,8115,726133510,1404417380
GL847491.1,Chr2_supercontig_000006350,2,2005,726135515,1404419385
GL847492.1,Chr2_supercontig_000006351,2,1632,726137147,1404421017
GL847493.1,Chr2_supercontig_000006352,2,4244,726141391,1404425261
GL847494.1,Chr2_supercontig_000006353,2,1568,726142959,1404426829
GL847495.1,Chr2_supercontig_000006354,2,2090,726145049,1404428919
GL847496.1,Chr2_supercontig_000006355,2,2056,726147105,1404430975
GL847497.1,Chr2_supercontig_000006356,2,4891,726151996,1404435866
GL847498.1,Chr2_supercontig_000006357,2,1717,726153713,1404437583
GL847499.1,Chr2_supercontig_000006358,2,3994,726157707,1404441577
GL847500.1,Chr2_supercontig_000006359,2,1526,726159233,1404443103
GL847501.1,Chr2_supercontig_000006360,2,2410,726161643,1404445513
GL847502.1,Chr2_supercontig_000006361,2,1559,726163202,1404447072
GL847503.1,Chr2_supercontig_000006362,2,5300,726168502,1404452372
GL847504.1,Chr2_supercontig_000006363,2,14638,726183140,1404467010
GL847505.1,Chr2_supercontig_000006364,2,2397,726185537,1404469407
GL847506.1,Chr2_supercontig_000006365,2,2215,726187752,1404471622
GL847507.1,Chr2_supercontig_000006366,2,1797,726189549,1404473419
GL847508.1,Chr2_supercontig_000006367,2,1597,726191146,1404475016
GL847509.1,Chr2_supercontig_000006368,2,4678,726195824,1404479694
GL847510.1,Chr2_supercontig_000006369,2,1823,726197647,1404481517
GL847511.1,Chr2_supercontig_000006370,2,4211,726201858,1404485728
GL847512.1,Chr2_supercontig_000006371,2,4359,726206217,1404490087
GL847513.1,Chr2_supercontig_000006372,2,1731,726207948,1404491818
GL847514.1,Chr2_supercontig_000006373,2,4582,726212530,1404496400
GL847515.1,Chr2_supercontig_000006374,2,4003,726216533,1404500403
GL847516.1,Chr2_supercontig_000006375,2,3521,726220054,1404503924
GL847517.1,Chr2_supercontig_000006376,2,2194,726222248,1404506118
GL847518.1,Chr2_supercontig_000006377,2,2136,726224384,1404508254
GL847519.1,Chr2_supercontig_000006378,2,2203,726226587,1404510457
GL847520.1,Chr2_supercontig_000006379,2,2663,726229250,1404513120
GL847521.1,Chr2_supercontig_000006380,2,2843,726232093,1404515963
GL847522.1,Chr2_supercontig_000006381,2,4166,726236259,1404520129
GL847523.1,Chr2_supercontig_000006382,2,2348,726238607,1404522477
GL847524.1,Chr2_supercontig_000006383,2,2022,726240629,1404524499
GL847525.1,Chr2_supercontig_000006384,2,2661,726243290,1404527160
GL847526.1,Chr2_supercontig_000006385,2,1682,726244972,1404528842
GL847527.1,Chr2_supercontig_000006386,2,1548,726246520,1404530390
GL847528.1,Chr2_supercontig_000006387,2,2602,726249122,1404532992
GL847529.1,Chr2_supercontig_000006388,2,1640,726250762,1404534632
GL847530.1,Chr2_supercontig_000006389,2,1554,726252316,1404536186
GL847531.1,Chr2_supercontig_000006390,2,1556,726253872,1404537742
GL847532.1,Chr2_supercontig_000006391,2,2194,726256066,1404539936
GL847533.1,Chr2_supercontig_000006392,2,1526,726257592,1404541462
GL847534.1,Chr2_supercontig_000006393,2,1919,726259511,1404543381
GL847535.1,Chr2_supercontig_000006394,2,15964,726275475,1404559345
GL847536.1,Chr2_supercontig_000006395,2,2836,726278311,1404562181
GL847537.1,Chr2_supercontig_000006396,2,6335,726284646,1404568516
GL847538.1,Chr2_supercontig_000006397,2,4301,726288947,1404572817
GL847539.1,Chr2_supercontig_000006398,2,14494,726303441,1404587311
GL847540.1,Chr2_supercontig_000006399,2,16210,726319651,1404603521
GL847541.1,Chr2_supercontig_000006400,2,2611,726322262,1404606132
GL847542.1,Chr2_supercontig_000006401,2,1928,726324190,1404608060
GL847543.1,Chr2_supercontig_000006402,2,2002,726326192,1404610062
GL847544.1,Chr2_supercontig_000006403,2,1507,726327699,1404611569
GL847545.1,Chr2_supercontig_000006404,2,2239,726329938,1404613808
GL847546.1,Chr2_supercontig_000006405,2,1506,726331444,1404615314
GL847547.1,Chr2_supercontig_000006406,2,2004,726333448,1404617318
GL847548.1,Chr2_supercontig_000006407,2,3408,726336856,1404620726
GL847549.1,Chr2_supercontig_000006408,2,1882,726338738,1404622608
GL847550.1,Chr2_supercontig_000006409,2,2962,726341700,1404625570
GL847551.1,Chr2_supercontig_000006410,2,3180,726344880,1404628750
GL847552.1,Chr2_supercontig_000006411,2,2280,726347160,1404631030
GL847553.1,Chr2_supercontig_000006412,2,2889,726350049,1404633919
GL847554.1,Chr2_supercontig_000006413,2,3499,726353548,1404637418
GL847555.1,Chr2_supercontig_000006414,2,3010,726356558,1404640428
GL847556.1,Chr2_supercontig_000006415,2,1756,726358314,1404642184
GL847557.1,Chr2_supercontig_000006416,2,24781,726383095,1404666965
GL847558.1,Chr2_supercontig_000006417,2,3372,726386467,1404670337
GL847559.1,Chr2_supercontig_000006418,2,2043,726388510,1404672380
GL847560.1,Chr2_supercontig_000006419,2,2089,726390599,1404674469
GL847561.1,Chr2_supercontig_000006420,2,2939,726393538,1404677408
GL847562.1,Chr2_supercontig_000006421,2,2407,726395945,1404679815
GL847563.1,Chr2_supercontig_000006422,2,1691,726397636,1404681506
GL847564.1,Chr2_supercontig_000006423,2,1925,726399561,1404683431
GL847565.1,Chr2_supercontig_000006424,2,2451,726402012,1404685882
GL847566.1,Chr2_supercontig_000006425,2,3596,726405608,1404689478
GL847567.1,Chr2_supercontig_000006426,2,5539,726411147,1404695017
GL847568.1,Chr2_supercontig_000006427,2,3087,726414234,1404698104
GL847569.1,Chr2_supercontig_000006428,2,1845,726416079,1404699949
GL847570.1,Chr2_supercontig_000006429,2,2425,726418504,1404702374
GL847571.1,Chr2_supercontig_000006430,2,4442,726422946,1404706816
GL847572.1,Chr2_supercontig_000006431,2,6916,726429862,1404713732
GL847573.1,Chr2_supercontig_000006432,2,1998,726431860,1404715730
GL847574.1,Chr2_supercontig_000006433,2,1599,726433459,1404717329
GL847575.1,Chr2_supercontig_000006434,2,3180,726436639,1404720509
GL847576.1,Chr2_supercontig_000006435,2,2599,726439238,1404723108
GL847577.1,Chr2_supercontig_000006436,2,1930,726441168,1404725038
GL847578.1,Chr2_supercontig_000006437,2,1873,726443041,1404726911
GL847579.1,Chr2_supercontig_000006438,2,3211,726446252,1404730122
GL847580.1,Chr2_supercontig_000006439,2,2339,726448591,1404732461
GL847581.1,Chr2_supercontig_000006440,2,3304,726451895,1404735765
GL847582.1,Chr2_supercontig_000006441,2,2027,726453922,1404737792
GL847583.1,Chr2_supercontig_000006442,2,2203,726456125,1404739995
GL847584.1,Chr2_supercontig_000006443,2,2163,726458288,1404742158
GL847585.1,Chr2_supercontig_000006444,2,3368,726461656,1404745526
GL847586.1,Chr2_supercontig_000006445,2,3211,726464867,1404748737
GL847587.1,Chr2_supercontig_000006446,2,3779,726468646,1404752516
GL847588.1,Chr2_supercontig_000006447,2,2094,726470740,1404754610
GL847589.1,Chr2_supercontig_000006448,2,1728,726472468,1404756338
GL847590.1,Chr2_supercontig_000006449,2,2255,726474723,1404758593
GL847591.1,Chr2_supercontig_000006450,2,2046,726476769,1404760639
GL847592.1,Chr2_supercontig_000006451,2,1607,726478376,1404762246
GL847593.1,Chr2_supercontig_000006452,2,2224,726480600,1404764470
GL847594.1,Chr2_supercontig_000006453,2,3347,726483947,1404767817
GL847595.1,Chr2_supercontig_000006454,2,6578,726490525,1404774395
GL847596.1,Chr2_supercontig_000006455,2,2786,726493311,1404777181
GL847597.1,Chr2_supercontig_000006456,2,2302,726495613,1404779483
GL847598.1,Chr2_supercontig_000006457,2,1617,726497230,1404781100
GL847599.1,Chr2_supercontig_000006458,2,1715,726498945,1404782815
GL847600.1,Chr2_supercontig_000006459,2,3709,726502654,1404786524
GL847601.1,Chr2_supercontig_000006460,2,2952,726505606,1404789476
GL847602.1,Chr2_supercontig_000006461,2,3524,726509130,1404793000
GL847603.1,Chr2_supercontig_000006462,2,2746,726511876,1404795746
GL847604.1,Chr2_supercontig_000006463,2,1688,726513564,1404797434
GL847605.1,Chr2_supercontig_000006464,2,2616,726516180,1404800050
GL847606.1,Chr2_supercontig_000006465,2,5752,726521932,1404805802
GL847607.1,Chr2_supercontig_000006466,2,2398,726524330,1404808200
GL847608.1,Chr2_supercontig_000006467,2,16207,726540537,1404824407
GL847609.1,Chr2_supercontig_000006468,2,7999,726548536,1404832406
GL847610.1,Chr2_supercontig_000006469,2,2169,726550705,1404834575
GL847611.1,Chr2_supercontig_000006470,2,2299,726553004,1404836874
GL847612.1,Chr2_supercontig_000006471,2,1719,726554723,1404838593
GL847613.1,Chr2_supercontig_000006472,2,5956,726560679,1404844549
GL847614.1,Chr2_supercontig_000006473,2,4358,726565037,1404848907
GL847615.1,Chr2_supercontig_000006474,2,9822,726574859,1404858729
GL847616.1,Chr2_supercontig_000006475,2,2522,726577381,1404861251
GL847617.1,Chr2_supercontig_000006476,2,1787,726579168,1404863038
GL847618.1,Chr2_supercontig_000006477,2,1636,726580804,1404864674
GL847619.1,Chr2_supercontig_000006478,2,2505,726583309,1404867179
GL847620.1,Chr2_supercontig_000006479,2,2516,726585825,1404869695
GL847621.1,Chr2_supercontig_000006480,2,1598,726587423,1404871293
GL847622.1,Chr2_supercontig_000006481,2,5023,726592446,1404876316
GL847623.1,Chr2_supercontig_000006482,2,1570,726594016,1404877886
GL847624.1,Chr2_supercontig_000006483,2,1670,726595686,1404879556
GL847625.1,Chr2_supercontig_000006484,2,1986,726597672,1404881542
GL847626.1,Chr2_supercontig_000006485,2,1910,726599582,1404883452
GL847627.1,Chr2_supercontig_000006486,2,1916,726601498,1404885368
GL847628.1,Chr2_supercontig_000006487,2,5539,726607037,1404890907
GL847629.1,Chr2_supercontig_000006488,2,2618,726609655,1404893525
GL847630.1,Chr2_supercontig_000006489,2,1655,726611310,1404895180
GL847631.1,Chr2_supercontig_000006490,2,1928,726613238,1404897108
GL847632.1,Chr2_supercontig_000006491,2,2922,726616160,1404900030
GL847633.1,Chr2_supercontig_000006492,2,1920,726618080,1404901950
GL847634.1,Chr2_supercontig_000006493,2,2298,726620378,1404904248
GL847635.1,Chr2_supercontig_000006494,2,1603,726621981,1404905851
GL847636.1,Chr2_supercontig_000006495,2,5483,726627464,1404911334
GL847637.1,Chr2_supercontig_000006496,2,2340,726629804,1404913674
GL847638.1,Chr2_supercontig_000006497,2,4726,726634530,1404918400
GL847639.1,Chr2_supercontig_000006498,2,4815,726639345,1404923215
GL847640.1,Chr2_supercontig_000006499,2,3509,726642854,1404926724
GL847641.1,Chr2_supercontig_000006500,2,2668,726645522,1404929392
GL847642.1,Chr2_supercontig_000006501,2,2030,726647552,1404931422
GL847643.1,Chr2_supercontig_000006502,2,3164,726650716,1404934586
GL847644.1,Chr2_supercontig_000006503,2,2040,726652756,1404936626
GL847645.1,Chr2_supercontig_000006504,2,2635,726655391,1404939261
GL847646.1,Chr2_supercontig_000006505,2,2341,726657732,1404941602
GL847647.1,Chr2_supercontig_000006506,2,1592,726659324,1404943194
GL847648.1,Chr2_supercontig_000006507,2,1595,726660919,1404944789
GL847649.1,Chr2_supercontig_000006508,2,3637,726664556,1404948426
GL847650.1,Chr2_supercontig_000006509,2,2477,726667033,1404950903
GL847651.1,Chr2_supercontig_000006510,2,1806,726668839,1404952709
GL847652.1,Chr2_supercontig_000006511,2,1610,726670449,1404954319
GL847653.1,Chr2_supercontig_000006512,2,2046,726672495,1404956365
GL847654.1,Chr2_supercontig_000006513,2,3576,726676071,1404959941
GL847655.1,Chr2_supercontig_000006514,2,3491,726679562,1404963432
GL847656.1,Chr2_supercontig_000006515,2,2645,726682207,1404966077
GL847657.1,Chr2_supercontig_000006516,2,1796,726684003,1404967873
GL847658.1,Chr2_supercontig_000006517,2,3706,726687709,1404971579
GL847659.1,Chr2_supercontig_000006518,2,2613,726690322,1404974192
GL847660.1,Chr2_supercontig_000006519,2,2622,726692944,1404976814
GL847661.1,Chr2_supercontig_000006520,2,2034,726694978,1404978848
GL847662.1,Chr2_supercontig_000006521,2,12691,726707669,1404991539
GL847663.1,Chr2_supercontig_000006522,2,3987,726711656,1404995526
GL847664.1,Chr2_supercontig_000006523,2,2875,726714531,1404998401
GL847665.1,Chr2_supercontig_000006524,2,2042,726716573,1405000443
GL847666.1,Chr2_supercontig_000006525,2,2243,726718816,1405002686
GL847667.1,Chr2_supercontig_000006526,2,2171,726720987,1405004857
GL847668.1,Chr2_supercontig_000006527,2,3448,726724435,1405008305
GL847669.1,Chr2_supercontig_000006528,2,1619,726726054,1405009924
GL847670.1,Chr2_supercontig_000006529,2,3561,726729615,1405013485
GL847671.1,Chr2_supercontig_000006530,2,9808,726739423,1405023293
GL847672.1,Chr2_supercontig_000006531,2,1896,726741319,1405025189
GL847673.1,Chr2_supercontig_000006532,2,1637,726742956,1405026826
GL847674.1,Chr2_supercontig_000006533,2,5582,726748538,1405032408
GL847675.1,Chr2_supercontig_000006534,2,1645,726750183,1405034053
GL847676.1,Chr2_supercontig_000006535,2,2017,726752200,1405036070
GL847677.1,Chr2_supercontig_000006536,2,2268,726754468,1405038338
GL847678.1,Chr2_supercontig_000006537,2,2160,726756628,1405040498
GL847679.1,Chr2_supercontig_000006538,2,2158,726758786,1405042656
GL847680.1,Chr2_supercontig_000006539,2,2126,726760912,1405044782
GL847681.1,Chr2_supercontig_000006540,2,1739,726762651,1405046521
GL847682.1,Chr2_supercontig_000006541,2,1640,726764291,1405048161
GL847683.1,Chr2_supercontig_000006542,2,3623,726767914,1405051784
GL847684.1,Chr2_supercontig_000006543,2,2606,726770520,1405054390
GL847685.1,Chr2_supercontig_000006544,2,1632,726772152,1405056022
GL847686.1,Chr2_supercontig_000006545,2,2234,726774386,1405058256
GL847687.1,Chr2_supercontig_000006546,2,12687,726787073,1405070943
GL847688.1,Chr2_supercontig_000006547,2,3456,726790529,1405074399
GL847689.1,Chr2_supercontig_000006548,2,1870,726792399,1405076269
GL847690.1,Chr2_supercontig_000006549,2,2003,726794402,1405078272
GL847691.1,Chr2_supercontig_000006550,2,3170,726797572,1405081442
GL847692.1,Chr2_supercontig_000006551,2,2662,726800234,1405084104
GL847693.1,Chr2_supercontig_000006552,2,1855,726802089,1405085959
GL847694.1,Chr2_supercontig_000006553,2,2065,726804154,1405088024
GL847695.1,Chr2_supercontig_000006554,2,2396,726806550,1405090420
GL847696.1,Chr2_supercontig_000006555,2,1641,726808191,1405092061
GL847697.1,Chr2_supercontig_000006556,2,1626,726809817,1405093687
GL847698.1,Chr2_supercontig_000006557,2,2796,726812613,1405096483
GL847699.1,Chr2_supercontig_000006558,2,4467,726817080,1405100950
GL847700.1,Chr2_supercontig_000006559,2,1646,726818726,1405102596
GL847701.1,Chr2_supercontig_000006560,2,1811,726820537,1405104407
GL847702.1,Chr2_supercontig_000006561,2,2092,726822629,1405106499
GL847703.1,Chr2_supercontig_000006562,2,2528,726825157,1405109027
GL847704.1,Chr2_supercontig_000006563,2,2185,726827342,1405111212
GL847705.1,Chr2_supercontig_000006564,2,1931,726829273,1405113143
GL847706.1,Chr2_supercontig_000006565,2,5534,726834807,1405118677
GL847707.1,Chr2_supercontig_000006566,2,1842,726836649,1405120519
GL847708.1,Chr2_supercontig_000006567,2,2572,726839221,1405123091
GL847709.1,Chr2_supercontig_000006568,2,2022,726841243,1405125113
GL847710.1,Chr2_supercontig_000006569,2,2540,726843783,1405127653
GL847711.1,Chr2_supercontig_000006570,2,1662,726845445,1405129315
GL847712.1,Chr2_supercontig_000006571,2,1622,726847067,1405130937
GL847713.1,Chr2_supercontig_000006572,2,1879,726848946,1405132816
GL847714.1,Chr2_supercontig_000006573,2,1866,726850812,1405134682
GL847715.1,Chr2_supercontig_000006574,2,2181,726852993,1405136863
GL847716.1,Chr2_supercontig_000006575,2,1982,726854975,1405138845
GL847717.1,Chr2_supercontig_000006576,2,4169,726859144,1405143014
GL847718.1,Chr2_supercontig_000006577,2,1807,726860951,1405144821
GL847719.1,Chr2_supercontig_000006578,2,3565,726864516,1405148386
GL847720.1,Chr2_supercontig_000006579,2,4970,726869486,1405153356
GL847721.1,Chr2_supercontig_000006580,2,2523,726872009,1405155879
GL847722.1,Chr2_supercontig_000006581,2,1697,726873706,1405157576
GL847723.1,Chr2_supercontig_000006582,2,1501,726875207,1405159077
GL847724.1,Chr2_supercontig_000006583,2,1899,726877106,1405160976
GL847725.1,Chr2_supercontig_000006584,2,4063,726881169,1405165039
GL847726.1,Chr2_supercontig_000006585,2,5603,726886772,1405170642
GL847727.1,Chr2_supercontig_000006586,2,3020,726889792,1405173662
GL847728.1,Chr2_supercontig_000006587,2,1942,726891734,1405175604
GL847729.1,Chr2_supercontig_000006588,2,1674,726893408,1405177278
GL847730.1,Chr2_supercontig_000006589,2,2723,726896131,1405180001
GL847731.1,Chr2_supercontig_000006590,2,2755,726898886,1405182756
GL847732.1,Chr2_supercontig_000006591,2,2170,726901056,1405184926
GL847733.1,Chr2_supercontig_000006592,2,1927,726902983,1405186853
GL847734.1,Chr2_supercontig_000006593,2,3895,726906878,1405190748
GL847735.1,Chr2_supercontig_000006594,2,2024,726908902,1405192772
GL847736.1,Chr2_supercontig_000006595,2,2184,726911086,1405194956
GL847737.1,Chr2_supercontig_000006596,2,1516,726912602,1405196472
GL847738.1,Chr2_supercontig_000006597,2,1887,726914489,1405198359
GL847739.1,Chr2_supercontig_000006598,2,2501,726916990,1405200860
GL847740.1,Chr2_supercontig_000006599,2,1804,726918794,1405202664
GL847741.1,Chr2_supercontig_000006600,2,1688,726920482,1405204352
GL847742.1,Chr2_supercontig_000006601,2,4805,726925287,1405209157
GL847743.1,Chr2_supercontig_000006602,2,1835,726927122,1405210992
GL847744.1,Chr2_supercontig_000006603,2,1650,726928772,1405212642
GL847745.1,Chr2_supercontig_000006604,2,1737,726930509,1405214379
GL847746.1,Chr2_supercontig_000006605,2,2797,726933306,1405217176
GL847747.1,Chr2_supercontig_000006606,2,3806,726937112,1405220982
GL847748.1,Chr2_supercontig_000006607,2,2412,726939524,1405223394
GL847749.1,Chr2_supercontig_000006608,2,3578,726943102,1405226972
GL847750.1,Chr2_supercontig_000006609,2,2295,726945397,1405229267
GL847751.1,Chr2_supercontig_000006610,2,2574,726947971,1405231841
GL847752.1,Chr2_supercontig_000006611,2,2935,726950906,1405234776
GL847753.1,Chr2_supercontig_000006612,2,3916,726954822,1405238692
GL847754.1,Chr2_supercontig_000006613,2,3283,726958105,1405241975
GL847755.1,Chr2_supercontig_000006614,2,2833,726960938,1405244808
GL847756.1,Chr2_supercontig_000006615,2,3682,726964620,1405248490
GL847757.1,Chr2_supercontig_000006616,2,1967,726966587,1405250457
GL847758.1,Chr2_supercontig_000006617,2,1842,726968429,1405252299
GL847759.1,Chr2_supercontig_000006618,2,1896,726970325,1405254195
GL847760.1,Chr2_supercontig_000006619,2,2229,726972554,1405256424
GL847761.1,Chr2_supercontig_000006620,2,1558,726974112,1405257982
GL847762.1,Chr2_supercontig_000006621,2,2545,726976657,1405260527
GL847763.1,Chr2_supercontig_000006622,2,2474,726979131,1405263001
GL847764.1,Chr2_supercontig_000006623,2,6591,726985722,1405269592
GL847765.1,Chr2_supercontig_000006624,2,1678,726987400,1405271270
GL847766.1,Chr2_supercontig_000006625,2,2237,726989637,1405273507
GL847767.1,Chr2_supercontig_000006626,2,1976,726991613,1405275483
GL847768.1,Chr2_supercontig_000006627,2,1835,726993448,1405277318
GL847769.1,Chr2_supercontig_000006628,2,2173,726995621,1405279491
GL847770.1,Chr2_supercontig_000006629,2,3028,726998649,1405282519
GL847771.1,Chr2_supercontig_000006630,2,1823,727000472,1405284342
GL847772.1,Chr2_supercontig_000006631,2,1579,727002051,1405285921
GL847773.1,Chr2_supercontig_000006632,2,2235,727004286,1405288156
GL847774.1,Chr2_supercontig_000006633,2,1664,727005950,1405289820
GL847775.1,Chr2_supercontig_000006634,2,3811,727009761,1405293631
GL847776.1,Chr2_supercontig_000006635,2,1713,727011474,1405295344
GL847777.1,Chr2_supercontig_000006636,2,3055,727014529,1405298399
GL847778.1,Chr2_supercontig_000006637,2,1510,727016039,1405299909
GL847779.1,Chr2_supercontig_000006638,2,3560,727019599,1405303469
GL847780.1,Chr2_supercontig_000006639,2,1786,727021385,1405305255
GL847781.1,Chr2_supercontig_000006640,2,1535,727022920,1405306790
GL847782.1,Chr2_supercontig_000006641,2,4919,727027839,1405311709
GL847783.1,Chr2_supercontig_000006642,2,1651,727029490,1405313360
GL847784.1,Chr2_supercontig_000006643,2,3539,727033029,1405316899
GL847785.1,Chr2_supercontig_000006644,2,2107,727035136,1405319006
GL847786.1,Chr2_supercontig_000006645,2,3500,727038636,1405322506
GL847787.1,Chr2_supercontig_000006646,2,2904,727041540,1405325410
GL847788.1,Chr2_supercontig_000006647,2,5432,727046972,1405330842
GL847789.1,Chr2_supercontig_000006648,2,8411,727055383,1405339253
GL847790.1,Chr2_supercontig_000006649,2,4350,727059733,1405343603
GL847791.1,Chr2_supercontig_000006650,2,1943,727061676,1405345546
GL847792.1,Chr2_supercontig_000006651,2,3274,727064950,1405348820
GL847793.1,Chr2_supercontig_000006652,2,3630,727068580,1405352450
GL847794.1,Chr2_supercontig_000006653,2,1507,727070087,1405353957
GL847795.1,Chr2_supercontig_000006654,2,1518,727071605,1405355475
GL847796.1,Chr2_supercontig_000006655,2,2059,727073664,1405357534
GL847797.1,Chr2_supercontig_000006656,2,1684,727075348,1405359218
GL847798.1,Chr2_supercontig_000006657,2,3995,727079343,1405363213
GL847799.1,Chr2_supercontig_000006658,2,1535,727080878,1405364748
GL847800.1,Chr2_supercontig_000006659,2,3435,727084313,1405368183
GL847801.1,Chr2_supercontig_000006660,2,2333,727086646,1405370516
GL847802.1,Chr2_supercontig_000006661,2,5645,727092291,1405376161
GL847803.1,Chr2_supercontig_000006662,2,1638,727093929,1405377799
GL847804.1,Chr2_supercontig_000006663,2,1697,727095626,1405379496
GL847805.1,Chr2_supercontig_000006664,2,1805,727097431,1405381301
GL847806.1,Chr2_supercontig_000006665,2,1912,727099343,1405383213
GL847807.1,Chr2_supercontig_000006666,2,1846,727101189,1405385059
GL847808.1,Chr2_supercontig_000006667,2,1607,727102796,1405386666
GL847809.1,Chr2_supercontig_000006668,2,3175,727105971,1405389841
GL847810.1,Chr2_supercontig_000006669,2,1837,727107808,1405391678
GL847811.1,Chr2_supercontig_000006670,2,2071,727109879,1405393749
GL847812.1,Chr2_supercontig_000006671,2,1894,727111773,1405395643
GL847813.1,Chr2_supercontig_000006672,2,9009,727120782,1405404652
GL847814.1,Chr2_supercontig_000006673,2,1828,727122610,1405406480
GL847815.1,Chr2_supercontig_000006674,2,6342,727128952,1405412822
GL847816.1,Chr2_supercontig_000006675,2,2193,727131145,1405415015
GL847817.1,Chr2_supercontig_000006676,2,1605,727132750,1405416620
GL847818.1,Chr2_supercontig_000006677,2,1905,727134655,1405418525
GL847819.1,Chr2_supercontig_000006678,2,3230,727137885,1405421755
GL847820.1,Chr2_supercontig_000006679,2,2099,727139984,1405423854
GL847821.1,Chr2_supercontig_000006680,2,2725,727142709,1405426579
GL847822.1,Chr2_supercontig_000006681,2,2136,727144845,1405428715
GL847823.1,Chr2_supercontig_000006682,2,2724,727147569,1405431439
GL847824.1,Chr2_supercontig_000006683,2,5669,727153238,1405437108
GL847825.1,Chr2_supercontig_000006684,2,7667,727160905,1405444775
GL847826.1,Chr2_supercontig_000006685,2,2550,727163455,1405447325
GL847827.1,Chr2_supercontig_000006686,2,1969,727165424,1405449294
GL847828.1,Chr2_supercontig_000006687,2,1618,727167042,1405450912
GL847829.1,Chr2_supercontig_000006688,2,1985,727169027,1405452897
GL847830.1,Chr2_supercontig_000006689,2,2035,727171062,1405454932
GL847831.1,Chr2_supercontig_000006690,2,1610,727172672,1405456542
GL847832.1,Chr2_supercontig_000006691,2,1970,727174642,1405458512
GL847833.1,Chr2_supercontig_000006692,2,1700,727176342,1405460212
GL847834.1,Chr2_supercontig_000006693,2,2766,727179108,1405462978
GL847835.1,Chr2_supercontig_000006694,2,4100,727183208,1405467078
GL847836.1,Chr2_supercontig_000006695,2,3315,727186523,1405470393
GL847837.1,Chr2_supercontig_000006696,2,2344,727188867,1405472737
GL847838.1,Chr2_supercontig_000006697,2,3527,727192394,1405476264
GL847839.1,Chr2_supercontig_000006698,2,3125,727195519,1405479389
GL847840.1,Chr2_supercontig_000006699,2,21921,727217440,1405501310
GL847841.1,Chr2_supercontig_000006700,2,1737,727219177,1405503047
GL847842.1,Chr2_supercontig_000006701,2,6637,727225814,1405509684
GL847843.1,Chr2_supercontig_000006702,2,2227,727228041,1405511911
GL847844.1,Chr2_supercontig_000006703,2,3005,727231046,1405514916
GL847845.1,Chr2_supercontig_000006704,2,3389,727234435,1405518305
GL847846.1,Chr2_supercontig_000006705,2,1750,727236185,1405520055
GL847847.1,Chr2_supercontig_000006706,2,2617,727238802,1405522672
GL847848.1,Chr2_supercontig_000006707,2,10857,727249659,1405533529
GL847849.1,Chr2_supercontig_000006708,2,4028,727253687,1405537557
GL847850.1,Chr2_supercontig_000006709,2,2150,727255837,1405539707
GL847851.1,Chr2_supercontig_000006710,2,1813,727257650,1405541520
GL847852.1,Chr2_supercontig_000006711,2,3896,727261546,1405545416
GL847853.1,Chr2_supercontig_000006712,2,4100,727265646,1405549516
GL847854.1,Chr2_supercontig_000006713,2,2672,727268318,1405552188
GL847855.1,Chr2_supercontig_000006714,2,3263,727271581,1405555451
GL847856.1,Chr2_supercontig_000006715,2,6167,727277748,1405561618
GL847857.1,Chr2_supercontig_000006716,2,1818,727279566,1405563436
GL847858.1,Chr2_supercontig_000006717,2,1828,727281394,1405565264
GL847859.1,Chr2_supercontig_000006718,2,1849,727283243,1405567113
GL847860.1,Chr2_supercontig_000006719,2,2269,727285512,1405569382
GL847861.1,Chr2_supercontig_000006720,2,1861,727287373,1405571243
GL847862.1,Chr2_supercontig_000006721,2,5385,727292758,1405576628
GL847863.1,Chr2_supercontig_000006722,2,2245,727295003,1405578873
GL847864.1,Chr2_supercontig_000006723,2,1995,727296998,1405580868
GL847865.1,Chr2_supercontig_000006724,2,1569,727298567,1405582437
GL847866.1,Chr2_supercontig_000006725,2,3133,727301700,1405585570
GL847867.1,Chr2_supercontig_000006726,2,2708,727304408,1405588278
GL847868.1,Chr2_supercontig_000006727,2,3065,727307473,1405591343
GL847869.1,Chr2_supercontig_000006728,2,2112,727309585,1405593455
GL847870.1,Chr2_supercontig_000006729,2,1570,727311155,1405595025
GL847871.1,Chr2_supercontig_000006730,2,2090,727313245,1405597115
GL847872.1,Chr2_supercontig_000006731,2,2743,727315988,1405599858
GL847873.1,Chr2_supercontig_000006732,2,4073,727320061,1405603931
GL847874.1,Chr2_supercontig_000006733,2,2398,727322459,1405606329
GL847875.1,Chr2_supercontig_000006734,2,2345,727324804,1405608674
GL847876.1,Chr2_supercontig_000006735,2,6101,727330905,1405614775
GL847877.1,Chr2_supercontig_000006736,2,10067,727340972,1405624842
GL847878.1,Chr2_supercontig_000006737,2,1816,727342788,1405626658
GL847879.1,Chr2_supercontig_000006738,2,2059,727344847,1405628717
GL847880.1,Chr2_supercontig_000006739,2,1836,727346683,1405630553
GL847881.1,Chr2_supercontig_000006740,2,3478,727350161,1405634031
GL847882.1,Chr2_supercontig_000006741,2,5850,727356011,1405639881
GL847883.1,Chr2_supercontig_000006742,2,2609,727358620,1405642490
GL847884.1,Chr2_supercontig_000006743,2,4102,727362722,1405646592
GL847885.1,Chr2_supercontig_000006744,2,3706,727366428,1405650298
GL847886.1,Chr2_supercontig_000006745,2,1570,727367998,1405651868
GL847887.1,Chr2_supercontig_000006746,2,3128,727371126,1405654996
GL847888.1,Chr2_supercontig_000006747,2,2498,727373624,1405657494
GL847889.1,Chr2_supercontig_000006748,2,1628,727375252,1405659122
GL847890.1,Chr2_supercontig_000006749,2,1784,727377036,1405660906
GL847891.1,Chr2_supercontig_000006750,2,1833,727378869,1405662739
GL847892.1,Chr2_supercontig_000006751,2,2470,727381339,1405665209
GL847893.1,Chr2_supercontig_000006752,2,2252,727383591,1405667461
GL847894.1,Chr2_supercontig_000006753,2,2282,727385873,1405669743
GL847895.1,Chr2_supercontig_000006754,2,2914,727388787,1405672657
GL847896.1,Chr2_supercontig_000006755,2,2397,727391184,1405675054
GL847897.1,Chr2_supercontig_000006756,2,1540,727392724,1405676594
GL847898.1,Chr2_supercontig_000006757,2,2900,727395624,1405679494
GL847899.1,Chr2_supercontig_000006758,2,4037,727399661,1405683531
GL847900.1,Chr2_supercontig_000006759,2,2117,727401778,1405685648
GL847901.1,Chr2_supercontig_000006760,2,7027,727408805,1405692675
GL847902.1,Chr2_supercontig_000006761,2,4180,727412985,1405696855
GL847903.1,Chr2_supercontig_000006762,2,3368,727416353,1405700223
GL847904.1,Chr2_supercontig_000006763,2,1865,727418218,1405702088
GL847905.1,Chr2_supercontig_000006764,2,3809,727422027,1405705897
GL847906.1,Chr2_supercontig_000006765,2,6306,727428333,1405712203
GL847907.1,Chr2_supercontig_000006766,2,1821,727430154,1405714024
GL847908.1,Chr2_supercontig_000006767,2,1655,727431809,1405715679
GL847909.1,Chr2_supercontig_000006768,2,2516,727434325,1405718195
GL847910.1,Chr2_supercontig_000006769,2,1842,727436167,1405720037
GL847911.1,Chr2_supercontig_000006770,2,2233,727438400,1405722270
GL847912.1,Chr2_supercontig_000006771,2,3821,727442221,1405726091
GL847913.1,Chr2_supercontig_000006772,2,1530,727443751,1405727621
GL847914.1,Chr2_supercontig_000006773,2,5587,727449338,1405733208
GL847915.1,Chr2_supercontig_000006774,2,2831,727452169,1405736039
GL847916.1,Chr2_supercontig_000006775,2,1786,727453955,1405737825
GL847917.1,Chr2_supercontig_000006776,2,3670,727457625,1405741495
GL847918.1,Chr2_supercontig_000006777,2,1763,727459388,1405743258
GL847919.1,Chr2_supercontig_000006778,2,2289,727461677,1405745547
GL847920.1,Chr2_supercontig_000006779,2,1954,727463631,1405747501
GL847921.1,Chr2_supercontig_000006780,2,1801,727465432,1405749302
GL847922.1,Chr2_supercontig_000006781,2,3848,727469280,1405753150
GL847923.1,Chr2_supercontig_000006782,2,5088,727474368,1405758238
GL847924.1,Chr2_supercontig_000006783,2,1987,727476355,1405760225
GL847925.1,Chr2_supercontig_000006784,2,3924,727480279,1405764149
GL847926.1,Chr2_supercontig_000006785,2,4347,727484626,1405768496
GL847927.1,Chr2_supercontig_000006786,2,4557,727489183,1405773053
GL847928.1,Chr2_supercontig_000006787,2,1772,727490955,1405774825
GL847929.1,Chr2_supercontig_000006788,2,1661,727492616,1405776486
GL847930.1,Chr2_supercontig_000006789,2,2476,727495092,1405778962
GL847931.1,Chr2_supercontig_000006790,2,3890,727498982,1405782852
GL847932.1,Chr2_supercontig_000006791,2,2481,727501463,1405785333
GL847933.1,Chr2_supercontig_000006792,2,1941,727503404,1405787274
GL847934.1,Chr2_supercontig_000006793,2,3117,727506521,1405790391
GL847935.1,Chr2_supercontig_000006794,2,3016,727509537,1405793407
GL847936.1,Chr2_supercontig_000006795,2,2701,727512238,1405796108
GL847937.1,Chr2_supercontig_000006796,2,3816,727516054,1405799924
GL847938.1,Chr2_supercontig_000006797,2,2950,727519004,1405802874
GL847939.1,Chr2_supercontig_000006798,2,13120,727532124,1405815994
GL847940.1,Chr2_supercontig_000006799,2,1936,727534060,1405817930
GL847941.1,Chr2_supercontig_000006800,2,2340,727536400,1405820270
GL847942.1,Chr2_supercontig_000006801,2,2486,727538886,1405822756
GL847943.1,Chr2_supercontig_000006802,2,1693,727540579,1405824449
GL847944.1,Chr2_supercontig_000006803,2,6975,727547554,1405831424
GL847945.1,Chr2_supercontig_000006804,2,1708,727549262,1405833132
GL847946.1,Chr2_supercontig_000006805,2,1802,727551064,1405834934
GL847947.1,Chr2_supercontig_000006806,2,1953,727553017,1405836887
GL847948.1,Chr2_supercontig_000006807,2,1519,727554536,1405838406
GL847949.1,Chr2_supercontig_000006808,2,1689,727556225,1405840095
GL847950.1,Chr2_supercontig_000006809,2,1685,727557910,1405841780
GL847951.1,Chr2_supercontig_000006810,2,3353,727561263,1405845133
GL847952.1,Chr2_supercontig_000006811,2,1975,727563238,1405847108
GL847953.1,Chr2_supercontig_000006812,2,2348,727565586,1405849456
GL847954.1,Chr2_supercontig_000006813,2,2509,727568095,1405851965
GL847955.1,Chr2_supercontig_000006814,2,1990,727570085,1405853955
GL847956.1,Chr2_supercontig_000006815,2,2436,727572521,1405856391
GL847957.1,Chr2_supercontig_000006816,2,2182,727574703,1405858573
GL847958.1,Chr2_supercontig_000006817,2,1937,727576640,1405860510
GL847959.1,Chr2_supercontig_000006818,2,2093,727578733,1405862603
GL847960.1,Chr2_supercontig_000006819,2,1712,727580445,1405864315
GL847961.1,Chr2_supercontig_000006820,2,1729,727582174,1405866044
GL847962.1,Chr2_supercontig_000006821,2,1744,727583918,1405867788
GL847963.1,Chr2_supercontig_000006822,2,1773,727585691,1405869561
GL847964.1,Chr2_supercontig_000006823,2,1591,727587282,1405871152
GL847965.1,Chr2_supercontig_000006824,2,2598,727589880,1405873750
GL847966.1,Chr2_supercontig_000006825,2,2576,727592456,1405876326
GL847967.1,Chr2_supercontig_000006826,2,7208,727599664,1405883534
GL847968.1,Chr2_supercontig_000006827,2,1871,727601535,1405885405
GL847969.1,Chr2_supercontig_000006828,2,2573,727604108,1405887978
GL847970.1,Chr2_supercontig_000006829,2,3221,727607329,1405891199
GL847971.1,Chr2_supercontig_000006830,2,1869,727609198,1405893068
GL847972.1,Chr2_supercontig_000006831,2,2876,727612074,1405895944
GL847973.1,Chr2_supercontig_000006832,2,3914,727615988,1405899858
GL847974.1,Chr2_supercontig_000006833,2,1590,727617578,1405901448
GL847975.1,Chr2_supercontig_000006834,2,1631,727619209,1405903079
GL847976.1,Chr2_supercontig_000006835,2,2246,727621455,1405905325
GL847977.1,Chr2_supercontig_000006836,2,3492,727624947,1405908817
GL847978.1,Chr2_supercontig_000006837,2,1515,727626462,1405910332
GL847979.1,Chr2_supercontig_000006838,2,2066,727628528,1405912398
GL847980.1,Chr2_supercontig_000006839,2,1625,727630153,1405914023
GL847981.1,Chr2_supercontig_000006840,2,4443,727634596,1405918466
GL847982.1,Chr2_supercontig_000006841,2,2408,727637004,1405920874
GL847983.1,Chr2_supercontig_000006842,2,3637,727640641,1405924511
GL847984.1,Chr2_supercontig_000006843,2,1926,727642567,1405926437
GL847985.1,Chr2_supercontig_000006844,2,2233,727644800,1405928670
GL847986.1,Chr2_supercontig_000006845,2,1741,727646541,1405930411
GL847987.1,Chr2_supercontig_000006846,2,1706,727648247,1405932117
GL847988.1,Chr2_supercontig_000006847,2,2115,727650362,1405934232
GL847989.1,Chr2_supercontig_000006848,2,2278,727652640,1405936510
GL847990.1,Chr2_supercontig_000006849,2,3005,727655645,1405939515
GL847991.1,Chr2_supercontig_000006850,2,1785,727657430,1405941300
GL847992.1,Chr2_supercontig_000006851,2,1572,727659002,1405942872
GL847993.1,Chr2_supercontig_000006852,2,2255,727661257,1405945127
GL847994.1,Chr2_supercontig_000006853,2,5013,727666270,1405950140
GL847995.1,Chr2_supercontig_000006854,2,1752,727668022,1405951892
GL847996.1,Chr2_supercontig_000006855,2,2318,727670340,1405954210
GL847997.1,Chr2_supercontig_000006856,2,15800,727686140,1405970010
GL847998.1,Chr2_supercontig_000006857,2,2141,727688281,1405972151
GL847999.1,Chr2_supercontig_000006858,2,3806,727692087,1405975957
GL848000.1,Chr2_supercontig_000006859,2,5987,727698074,1405981944
GL848001.1,Chr2_supercontig_000006860,2,11790,727709864,1405993734
GL848002.1,Chr2_supercontig_000006861,2,1643,727711507,1405995377
GL848003.1,Chr2_supercontig_000006862,2,1592,727713099,1405996969
GL848004.1,Chr2_supercontig_000006863,2,2228,727715327,1405999197
GL848005.1,Chr2_supercontig_000006864,2,1718,727717045,1406000915
GL848006.1,Chr2_supercontig_000006865,2,4302,727721347,1406005217
GL848007.1,Chr2_supercontig_000006866,2,4127,727725474,1406009344
GL848008.1,Chr2_supercontig_000006867,2,5303,727730777,1406014647
GL848009.1,Chr2_supercontig_000006868,2,4723,727735500,1406019370
GL848010.1,Chr2_supercontig_000006869,2,19427,727754927,1406038797
GL848011.1,Chr2_supercontig_000006870,2,3336,727758263,1406042133
GL848012.1,Chr2_supercontig_000006871,2,2744,727761007,1406044877
GL848013.1,Chr2_supercontig_000006872,2,3021,727764028,1406047898
GL848014.1,Chr2_supercontig_000006873,2,1680,727765708,1406049578
GL848015.1,Chr2_supercontig_000006874,2,3069,727768777,1406052647
GL848016.1,Chr2_supercontig_000006875,2,2431,727771208,1406055078
GL848017.1,Chr2_supercontig_000006876,2,3839,727775047,1406058917
GL848018.1,Chr2_supercontig_000006877,2,1956,727777003,1406060873
GL848019.1,Chr2_supercontig_000006878,2,1590,727778593,1406062463
GL848020.1,Chr2_supercontig_000006879,2,2041,727780634,1406064504
GL848021.1,Chr2_supercontig_000006880,2,1725,727782359,1406066229
GL848022.1,Chr2_supercontig_000006881,2,1627,727783986,1406067856
GL848023.1,Chr2_supercontig_000006882,2,1505,727785491,1406069361
GL848024.1,Chr2_supercontig_000006883,2,2662,727788153,1406072023
GL848025.1,Chr2_supercontig_000006884,2,1914,727790067,1406073937
GL848026.1,Chr2_supercontig_000006885,2,7136,727797203,1406081073
GL848027.1,Chr2_supercontig_000006886,2,15391,727812594,1406096464
GL848028.1,Chr2_supercontig_000006887,2,1514,727814108,1406097978
GL848029.1,Chr2_supercontig_000006888,2,7816,727821924,1406105794
GL848030.1,Chr2_supercontig_000006889,2,3010,727824934,1406108804
GL848031.1,Chr2_supercontig_000006890,2,5110,727830044,1406113914
GL848032.1,Chr2_supercontig_000006891,2,2564,727832608,1406116478
GL848033.1,Chr2_supercontig_000006892,2,3487,727836095,1406119965
GL848034.1,Chr2_supercontig_000006893,2,1759,727837854,1406121724
GL848035.1,Chr2_supercontig_000006894,2,4828,727842682,1406126552
GL848036.1,Chr2_supercontig_000006895,2,1793,727844475,1406128345
GL848037.1,Chr2_supercontig_000006896,2,1818,727846293,1406130163
GL848038.1,Chr2_supercontig_000006897,2,3055,727849348,1406133218
GL848039.1,Chr2_supercontig_000006898,2,4336,727853684,1406137554
GL848040.1,Chr2_supercontig_000006899,2,3202,727856886,1406140756
GL848041.1,Chr2_supercontig_000006900,2,5875,727862761,1406146631
GL848042.1,Chr2_supercontig_000006901,2,1781,727864542,1406148412
GL848043.1,Chr2_supercontig_000006902,2,1628,727866170,1406150040
GL848044.1,Chr2_supercontig_000006903,2,3060,727869230,1406153100
GL848045.1,Chr2_supercontig_000006904,2,1684,727870914,1406154784
GL848046.1,Chr2_supercontig_000006905,2,1795,727872709,1406156579
GL848047.1,Chr2_supercontig_000006906,2,2552,727875261,1406159131
GL848048.1,Chr2_supercontig_000006907,2,2228,727877489,1406161359
GL848049.1,Chr2_supercontig_000006908,2,2112,727879601,1406163471
GL848050.1,Chr2_supercontig_000006909,2,3781,727883382,1406167252
GL848051.1,Chr2_supercontig_000006910,2,1826,727885208,1406169078
GL848052.1,Chr2_supercontig_000006911,2,3266,727888474,1406172344
GL848053.1,Chr2_supercontig_000006912,2,5907,727894381,1406178251
GL848054.1,Chr2_supercontig_000006913,2,2008,727896389,1406180259
GL848055.1,Chr2_supercontig_000006914,2,2039,727898428,1406182298
GL848056.1,Chr2_supercontig_000006915,2,2785,727901213,1406185083
GL848057.1,Chr2_supercontig_000006916,2,1616,727902829,1406186699
GL848058.1,Chr2_supercontig_000006917,2,3325,727906154,1406190024
GL848059.1,Chr2_supercontig_000006918,2,1554,727907708,1406191578
GL848060.1,Chr2_supercontig_000006919,2,1596,727909304,1406193174
GL848061.1,Chr2_supercontig_000006920,2,1747,727911051,1406194921
GL848062.1,Chr2_supercontig_000006921,2,2949,727914000,1406197870
GL848063.1,Chr2_supercontig_000006922,2,4110,727918110,1406201980
GL848064.1,Chr2_supercontig_000006923,2,2644,727920754,1406204624
GL848065.1,Chr2_supercontig_000006924,2,1890,727922644,1406206514
GL848066.1,Chr2_supercontig_000006925,2,1717,727924361,1406208231
GL848067.1,Chr2_supercontig_000006926,2,1914,727926275,1406210145
GL848068.1,Chr2_supercontig_000006927,2,1718,727927993,1406211863
GL848069.1,Chr2_supercontig_000006928,2,1972,727929965,1406213835
GL848070.1,Chr2_supercontig_000006929,2,5986,727935951,1406219821
GL848071.1,Chr2_supercontig_000006930,2,3777,727939728,1406223598
GL848072.1,Chr2_supercontig_000006931,2,18236,727957964,1406241834
GL848073.1,Chr2_supercontig_000006932,2,3322,727961286,1406245156
GL848074.1,Chr2_supercontig_000006933,2,2447,727963733,1406247603
GL848075.1,Chr2_supercontig_000006934,2,1896,727965629,1406249499
GL848076.1,Chr2_supercontig_000006935,2,3186,727968815,1406252685
GL848077.1,Chr2_supercontig_000006936,2,3074,727971889,1406255759
GL848078.1,Chr2_supercontig_000006937,2,2673,727974562,1406258432
GL848079.1,Chr2_supercontig_000006938,2,3390,727977952,1406261822
GL848080.1,Chr2_supercontig_000006939,2,3593,727981545,1406265415
GL848081.1,Chr2_supercontig_000006940,2,2169,727983714,1406267584
GL848082.1,Chr2_supercontig_000006941,2,5995,727989709,1406273579
GL848083.1,Chr2_supercontig_000006942,2,1672,727991381,1406275251
GL848084.1,Chr2_supercontig_000006943,2,1590,727992971,1406276841
GL848085.1,Chr2_supercontig_000006944,2,2081,727995052,1406278922
GL848086.1,Chr2_supercontig_000006945,2,2405,727997457,1406281327
GL848087.1,Chr2_supercontig_000006946,2,1904,727999361,1406283231
GL848088.1,Chr2_supercontig_000006947,2,1722,728001083,1406284953
GL848089.1,Chr2_supercontig_000006948,2,2419,728003502,1406287372
GL848090.1,Chr2_supercontig_000006949,2,2834,728006336,1406290206
GL848091.1,Chr2_supercontig_000006950,2,5912,728012248,1406296118
GL848092.1,Chr2_supercontig_000006951,2,2883,728015131,1406299001
GL848093.1,Chr2_supercontig_000006952,2,4817,728019948,1406303818
GL848094.1,Chr2_supercontig_000006953,2,1988,728021936,1406305806
GL848095.1,Chr2_supercontig_000006954,2,2045,728023981,1406307851
GL848096.1,Chr2_supercontig_000006955,2,1512,728025493,1406309363
GL848097.1,Chr2_supercontig_000006956,2,1696,728027189,1406311059
GL848098.1,Chr2_supercontig_000006957,2,1598,728028787,1406312657
GL848099.1,Chr2_supercontig_000006958,2,1540,728030327,1406314197
GL848100.1,Chr2_supercontig_000006959,2,2460,728032787,1406316657
GL848101.1,Chr2_supercontig_000006960,2,2355,728035142,1406319012
GL848102.1,Chr2_supercontig_000006961,2,4029,728039171,1406323041
GL848103.1,Chr2_supercontig_000006962,2,2755,728041926,1406325796
GL848104.1,Chr2_supercontig_000006963,2,2312,728044238,1406328108
GL848105.1,Chr2_supercontig_000006964,2,2841,728047079,1406330949
GL848106.1,Chr2_supercontig_000006965,2,1683,728048762,1406332632
GL848107.1,Chr2_supercontig_000006966,2,2647,728051409,1406335279
GL848108.1,Chr2_supercontig_000006967,2,2722,728054131,1406338001
GL848109.1,Chr2_supercontig_000006968,2,1704,728055835,1406339705
GL848110.1,Chr2_supercontig_000006969,2,1947,728057782,1406341652
GL848111.1,Chr2_supercontig_000006970,2,2134,728059916,1406343786
GL848112.1,Chr2_supercontig_000006971,2,1851,728061767,1406345637
GL848113.1,Chr2_supercontig_000006972,2,1531,728063298,1406347168
GL848114.1,Chr2_supercontig_000006973,2,2780,728066078,1406349948
GL848115.1,Chr2_supercontig_000006974,2,2857,728068935,1406352805
GL848116.1,Chr2_supercontig_000006975,2,3018,728071953,1406355823
GL848117.1,Chr2_supercontig_000006976,2,5720,728077673,1406361543
GL848118.1,Chr2_supercontig_000006977,2,2017,728079690,1406363560
GL848119.1,Chr2_supercontig_000006978,2,1854,728081544,1406365414
GL848120.1,Chr2_supercontig_000006979,2,1517,728083061,1406366931
GL848121.1,Chr2_supercontig_000006980,2,1685,728084746,1406368616
GL848122.1,Chr2_supercontig_000006981,2,1682,728086428,1406370298
GL848123.1,Chr2_supercontig_000006982,2,1635,728088063,1406371933
GL848124.1,Chr2_supercontig_000006983,2,1841,728089904,1406373774
GL848125.1,Chr2_supercontig_000006984,2,2142,728092046,1406375916
GL848126.1,Chr2_supercontig_000006985,2,4437,728096483,1406380353
GL848127.1,Chr2_supercontig_000006986,2,2345,728098828,1406382698
GL848128.1,Chr2_supercontig_000006987,2,5517,728104345,1406388215
GL848129.1,Chr2_supercontig_000006988,2,1531,728105876,1406389746
GL848130.1,Chr2_supercontig_000006989,2,2272,728108148,1406392018
GL848131.1,Chr2_supercontig_000006990,2,2128,728110276,1406394146
GL848132.1,Chr2_supercontig_000006991,2,3976,728114252,1406398122
GL848133.1,Chr2_supercontig_000006992,2,5432,728119684,1406403554
GL848134.1,Chr2_supercontig_000006993,2,3149,728122833,1406406703
GL848135.1,Chr2_supercontig_000006994,2,2171,728125004,1406408874
GL848136.1,Chr2_supercontig_000006995,2,2378,728127382,1406411252
GL848137.1,Chr2_supercontig_000006996,2,3578,728130960,1406414830
GL848138.1,Chr2_supercontig_000006997,2,1540,728132500,1406416370
GL848139.1,Chr2_supercontig_000006998,2,1750,728134250,1406418120
GL848140.1,Chr2_supercontig_000006999,2,2847,728137097,1406420967
GL848141.1,Chr2_supercontig_000007000,2,2975,728140072,1406423942
GL848142.1,Chr2_supercontig_000007001,2,4226,728144298,1406428168
GL848143.1,Chr2_supercontig_000007002,2,2098,728146396,1406430266
GL848144.1,Chr2_supercontig_000007003,2,2503,728148899,1406432769
GL848145.1,Chr2_supercontig_000007004,2,2230,728151129,1406434999
GL848146.1,Chr2_supercontig_000007005,2,11024,728162153,1406446023
GL848147.1,Chr2_supercontig_000007006,2,5400,728167553,1406451423
GL848148.1,Chr2_supercontig_000007007,2,12974,728180527,1406464397
GL848149.1,Chr2_supercontig_000007008,2,1727,728182254,1406466124
GL848150.1,Chr2_supercontig_000007009,2,5470,728187724,1406471594
GL848151.1,Chr2_supercontig_000007010,2,2602,728190326,1406474196
GL848152.1,Chr2_supercontig_000007011,2,6512,728196838,1406480708
GL848153.1,Chr2_supercontig_000007012,2,4326,728201164,1406485034
GL848154.1,Chr2_supercontig_000007013,2,1881,728203045,1406486915
GL848155.1,Chr2_supercontig_000007014,2,1761,728204806,1406488676
GL848156.1,Chr2_supercontig_000007015,2,3648,728208454,1406492324
GL848157.1,Chr2_supercontig_000007016,2,4751,728213205,1406497075
GL848158.1,Chr2_supercontig_000007017,2,2346,728215551,1406499421
GL848159.1,Chr2_supercontig_000007018,2,2396,728217947,1406501817
GL848160.1,Chr2_supercontig_000007019,2,2012,728219959,1406503829
GL848161.1,Chr2_supercontig_000007020,2,3151,728223110,1406506980
GL848162.1,Chr2_supercontig_000007021,2,1518,728224628,1406508498
GL848163.1,Chr2_supercontig_000007022,2,2348,728226976,1406510846
GL848164.1,Chr2_supercontig_000007023,2,1714,728228690,1406512560
GL848165.1,Chr2_supercontig_000007024,2,1772,728230462,1406514332
GL848166.1,Chr2_supercontig_000007025,2,2410,728232872,1406516742
GL848167.1,Chr2_supercontig_000007026,2,1701,728234573,1406518443
GL848168.1,Chr2_supercontig_000007027,2,4297,728238870,1406522740
GL848169.1,Chr2_supercontig_000007028,2,2026,728240896,1406524766
GL848170.1,Chr2_supercontig_000007029,2,4052,728244948,1406528818
GL848171.1,Chr2_supercontig_000007030,2,1545,728246493,1406530363
GL848172.1,Chr2_supercontig_000007031,2,2442,728248935,1406532805
GL848173.1,Chr2_supercontig_000007032,2,6735,728255670,1406539540
GL848174.1,Chr2_supercontig_000007033,2,3622,728259292,1406543162
GL848175.1,Chr2_supercontig_000007034,2,1530,728260822,1406544692
GL848176.1,Chr2_supercontig_000007035,2,1924,728262746,1406546616
GL848177.1,Chr2_supercontig_000007036,2,2526,728265272,1406549142
GL848178.1,Chr2_supercontig_000007037,2,1708,728266980,1406550850
GL848179.1,Chr2_supercontig_000007038,2,1856,728268836,1406552706
GL848180.1,Chr2_supercontig_000007039,2,3440,728272276,1406556146
GL848181.1,Chr2_supercontig_000007040,2,1848,728274124,1406557994
GL848182.1,Chr2_supercontig_000007041,2,6446,728280570,1406564440
GL848183.1,Chr2_supercontig_000007042,2,1650,728282220,1406566090
GL848184.1,Chr2_supercontig_000007043,2,1855,728284075,1406567945
GL848185.1,Chr2_supercontig_000007044,2,1681,728285756,1406569626
GL848186.1,Chr2_supercontig_000007045,2,2004,728287760,1406571630
GL848187.1,Chr2_supercontig_000007046,2,20016,728307776,1406591646
GL848188.1,Chr2_supercontig_000007047,2,2831,728310607,1406594477
GL848189.1,Chr2_supercontig_000007048,2,2598,728313205,1406597075
GL848190.1,Chr2_supercontig_000007049,2,3791,728316996,1406600866
GL848191.1,Chr2_supercontig_000007050,2,5023,728322019,1406605889
GL848192.1,Chr2_supercontig_000007051,2,4130,728326149,1406610019
GL848193.1,Chr2_supercontig_000007052,2,2654,728328803,1406612673
GL848194.1,Chr2_supercontig_000007053,2,2153,728330956,1406614826
GL848195.1,Chr2_supercontig_000007054,2,2849,728333805,1406617675
GL848196.1,Chr2_supercontig_000007055,2,5585,728339390,1406623260
GL848197.1,Chr2_supercontig_000007056,2,2672,728342062,1406625932
GL848198.1,Chr2_supercontig_000007057,2,4876,728346938,1406630808
GL848199.1,Chr2_supercontig_000007058,2,4624,728351562,1406635432
GL848200.1,Chr2_supercontig_000007059,2,1603,728353165,1406637035
GL848201.1,Chr2_supercontig_000007060,2,2789,728355954,1406639824
GL848202.1,Chr2_supercontig_000007061,2,4500,728360454,1406644324
GL848203.1,Chr2_supercontig_000007062,2,2239,728362693,1406646563
GL848204.1,Chr2_supercontig_000007063,2,3954,728366647,1406650517
GL848205.1,Chr2_supercontig_000007064,2,2359,728369006,1406652876
GL848206.1,Chr2_supercontig_000007065,2,3709,728372715,1406656585
GL848207.1,Chr2_supercontig_000007066,2,7379,728380094,1406663964
GL848208.1,Chr2_supercontig_000007067,2,7245,728387339,1406671209
GL848209.1,Chr2_supercontig_000007068,2,11503,728398842,1406682712
GL848210.1,Chr2_supercontig_000007069,2,2143,728400985,1406684855
GL848211.1,Chr2_supercontig_000007070,2,1889,728402874,1406686744
GL848212.1,Chr2_supercontig_000007071,2,2426,728405300,1406689170
GL848213.1,Chr2_supercontig_000007072,2,2716,728408016,1406691886
GL848214.1,Chr2_supercontig_000007073,2,4748,728412764,1406696634
GL848215.1,Chr2_supercontig_000007074,2,1551,728414315,1406698185
GL848216.1,Chr2_supercontig_000007075,2,1666,728415981,1406699851
GL848217.1,Chr2_supercontig_000007076,2,1520,728417501,1406701371
GL848218.1,Chr2_supercontig_000007077,2,2318,728419819,1406703689
GL848219.1,Chr2_supercontig_000007078,2,1835,728421654,1406705524
GL848220.1,Chr2_supercontig_000007079,2,2675,728424329,1406708199
GL848221.1,Chr2_supercontig_000007080,2,4081,728428410,1406712280
GL848222.1,Chr2_supercontig_000007081,2,4261,728432671,1406716541
GL848223.1,Chr2_supercontig_000007082,2,6961,728439632,1406723502
GL848224.1,Chr2_supercontig_000007083,2,2968,728442600,1406726470
GL848225.1,Chr2_supercontig_000007084,2,2581,728445181,1406729051
GL848226.1,Chr2_supercontig_000007085,2,1682,728446863,1406730733
GL848227.1,Chr2_supercontig_000007086,2,2179,728449042,1406732912
GL848228.1,Chr2_supercontig_000007087,2,1849,728450891,1406734761
GL848229.1,Chr2_supercontig_000007088,2,2404,728453295,1406737165
GL848230.1,Chr2_supercontig_000007089,2,2008,728455303,1406739173
GL848231.1,Chr2_supercontig_000007090,2,4240,728459543,1406743413
GL848232.1,Chr2_supercontig_000007091,2,1548,728461091,1406744961
GL848233.1,Chr2_supercontig_000007092,2,1596,728462687,1406746557
GL848234.1,Chr2_supercontig_000007093,2,2320,728465007,1406748877
GL848235.1,Chr2_supercontig_000007094,2,1754,728466761,1406750631
GL848236.1,Chr2_supercontig_000007095,2,1781,728468542,1406752412
GL848237.1,Chr2_supercontig_000007096,2,2511,728471053,1406754923
GL848238.1,Chr2_supercontig_000007097,2,1909,728472962,1406756832
GL848239.1,Chr2_supercontig_000007098,2,3460,728476422,1406760292
GL848240.1,Chr2_supercontig_000007099,2,1996,728478418,1406762288
GL848241.1,Chr2_supercontig_000007100,2,1507,728479925,1406763795
GL848242.1,Chr2_supercontig_000007101,2,2209,728482134,1406766004
GL848243.1,Chr2_supercontig_000007102,2,1878,728484012,1406767882
GL848244.1,Chr2_supercontig_000007103,2,1898,728485910,1406769780
GL848245.1,Chr2_supercontig_000007104,2,2343,728488253,1406772123
GL848246.1,Chr2_supercontig_000007105,2,2917,728491170,1406775040
GL848247.1,Chr2_supercontig_000007106,2,3719,728494889,1406778759
GL848248.1,Chr2_supercontig_000007107,2,2586,728497475,1406781345
GL848249.1,Chr2_supercontig_000007108,2,1742,728499217,1406783087
GL848250.1,Chr2_supercontig_000007109,2,2835,728502052,1406785922
GL848251.1,Chr2_supercontig_000007110,2,2481,728504533,1406788403
GL848252.1,Chr2_supercontig_000007111,2,2251,728506784,1406790654
GL848253.1,Chr2_supercontig_000007112,2,2962,728509746,1406793616
GL848254.1,Chr2_supercontig_000007113,2,3048,728512794,1406796664
GL848255.1,Chr2_supercontig_000007114,2,4515,728517309,1406801179
GL848256.1,Chr2_supercontig_000007115,2,3169,728520478,1406804348
GL848257.1,Chr2_supercontig_000007116,2,1988,728522466,1406806336
GL848258.1,Chr2_supercontig_000007117,2,4240,728526706,1406810576
GL848259.1,Chr2_supercontig_000007118,2,1497,728528203,1406812073
GL848260.1,Chr2_supercontig_000007119,2,1896,728530099,1406813969
GL848261.1,Chr2_supercontig_000007120,2,1891,728531990,1406815860
GL848262.1,Chr2_supercontig_000007121,2,1687,728533677,1406817547
GL848263.1,Chr2_supercontig_000007122,2,1915,728535592,1406819462
GL848264.1,Chr2_supercontig_000007123,2,1871,728537463,1406821333
GL848265.1,Chr2_supercontig_000007124,2,3989,728541452,1406825322
GL848266.1,Chr2_supercontig_000007125,2,1821,728543273,1406827143
GL848267.1,Chr2_supercontig_000007126,2,4221,728547494,1406831364
GL848268.1,Chr2_supercontig_000007127,2,2233,728549727,1406833597
GL848269.1,Chr2_supercontig_000007128,2,1631,728551358,1406835228
GL848270.1,Chr2_supercontig_000007129,2,1741,728553099,1406836969
GL848271.1,Chr2_supercontig_000007130,2,3510,728556609,1406840479
GL848272.1,Chr2_supercontig_000007131,2,4145,728560754,1406844624
GL848273.1,Chr2_supercontig_000007132,2,2509,728563263,1406847133
GL848274.1,Chr2_supercontig_000007133,2,1702,728564965,1406848835
GL848275.1,Chr2_supercontig_000007134,2,1592,728566557,1406850427
GL848276.1,Chr2_supercontig_000007135,2,4169,728570726,1406854596
GL848277.1,Chr2_supercontig_000007136,2,1689,728572415,1406856285
GL848278.1,Chr2_supercontig_000007137,2,1706,728574121,1406857991
GL848279.1,Chr2_supercontig_000007138,2,2171,728576292,1406860162
GL848280.1,Chr2_supercontig_000007139,2,2593,728578885,1406862755
GL848281.1,Chr2_supercontig_000007140,2,2024,728580909,1406864779
GL848282.1,Chr2_supercontig_000007141,2,1506,728582415,1406866285
GL848283.1,Chr2_supercontig_000007142,2,1871,728584286,1406868156
GL848284.1,Chr2_supercontig_000007143,2,2850,728587136,1406871006
GL848285.1,Chr2_supercontig_000007144,2,2618,728589754,1406873624
GL848286.1,Chr2_supercontig_000007145,2,4130,728593884,1406877754
GL848287.1,Chr2_supercontig_000007146,2,7206,728601090,1406884960
GL848288.1,Chr2_supercontig_000007147,2,3405,728604495,1406888365
GL848289.1,Chr2_supercontig_000007148,2,2745,728607240,1406891110
GL848290.1,Chr2_supercontig_000007149,2,2187,728609427,1406893297
GL848291.1,Chr2_supercontig_000007150,2,1912,728611339,1406895209
GL848292.1,Chr2_supercontig_000007151,2,4090,728615429,1406899299
GL848293.1,Chr2_supercontig_000007152,2,2953,728618382,1406902252
GL848294.1,Chr2_supercontig_000007153,2,3512,728621894,1406905764
GL848295.1,Chr2_supercontig_000007154,2,5095,728626989,1406910859
GL848296.1,Chr2_supercontig_000007155,2,2144,728629133,1406913003
GL848297.1,Chr2_supercontig_000007156,2,5718,728634851,1406918721
GL848298.1,Chr2_supercontig_000007157,2,1897,728636748,1406920618
GL848299.1,Chr2_supercontig_000007158,2,9541,728646289,1406930159
GL848300.1,Chr2_supercontig_000007159,2,4204,728650493,1406934363
GL848301.1,Chr2_supercontig_000007160,2,4542,728655035,1406938905
GL848302.1,Chr2_supercontig_000007161,2,1990,728657025,1406940895
GL848303.1,Chr2_supercontig_000007162,2,1573,728658598,1406942468
GL848304.1,Chr2_supercontig_000007163,2,2672,728661270,1406945140
GL848305.1,Chr2_supercontig_000007164,2,4183,728665453,1406949323
GL848306.1,Chr2_supercontig_000007165,2,5877,728671330,1406955200
GL848307.1,Chr2_supercontig_000007166,2,9860,728681190,1406965060
GL848308.1,Chr2_supercontig_000007167,2,6606,728687796,1406971666
GL848309.1,Chr2_supercontig_000007168,2,2174,728689970,1406973840
GL848310.1,Chr2_supercontig_000007169,2,3358,728693328,1406977198
GL848311.1,Chr2_supercontig_000007170,2,1544,728694872,1406978742
GL848312.1,Chr2_supercontig_000007171,2,5269,728700141,1406984011
GL848313.1,Chr2_supercontig_000007172,2,1930,728702071,1406985941
GL848314.1,Chr2_supercontig_000007173,2,2234,728704305,1406988175
GL848315.1,Chr2_supercontig_000007174,2,4859,728709164,1406993034
GL848316.1,Chr2_supercontig_000007175,2,1631,728710795,1406994665
GL848317.1,Chr2_supercontig_000007176,2,3664,728714459,1406998329
GL848318.1,Chr2_supercontig_000007177,2,1699,728716158,1407000028
GL848319.1,Chr2_supercontig_000007178,2,1986,728718144,1407002014
GL848320.1,Chr2_supercontig_000007179,2,2311,728720455,1407004325
GL848321.1,Chr2_supercontig_000007180,2,1993,728722448,1407006318
GL848322.1,Chr2_supercontig_000007181,2,1740,728724188,1407008058
GL848323.1,Chr2_supercontig_000007182,2,2576,728726764,1407010634
GL848324.1,Chr2_supercontig_000007183,2,2675,728729439,1407013309
GL848325.1,Chr2_supercontig_000007184,2,1752,728731191,1407015061
GL848326.1,Chr2_supercontig_000007185,2,2044,728733235,1407017105
GL848327.1,Chr2_supercontig_000007186,2,2765,728736000,1407019870
GL848328.1,Chr2_supercontig_000007187,2,2089,728738089,1407021959
GL848329.1,Chr2_supercontig_000007188,2,2901,728740990,1407024860
GL848330.1,Chr2_supercontig_000007189,2,7868,728748858,1407032728
GL848331.1,Chr2_supercontig_000007190,2,1603,728750461,1407034331
GL848332.1,Chr2_supercontig_000007191,2,2603,728753064,1407036934
GL848333.1,Chr2_supercontig_000007192,2,3042,728756106,1407039976
GL848334.1,Chr2_supercontig_000007193,2,2244,728758350,1407042220
GL848335.1,Chr2_supercontig_000007194,2,1947,728760297,1407044167
GL848336.1,Chr2_supercontig_000007195,2,1645,728761942,1407045812
GL848337.1,Chr2_supercontig_000007196,2,3929,728765871,1407049741
GL848338.1,Chr2_supercontig_000007197,2,1509,728767380,1407051250
GL848339.1,Chr2_supercontig_000007198,2,1899,728769279,1407053149
GL848340.1,Chr2_supercontig_000007199,2,2317,728771596,1407055466
GL848341.1,Chr2_supercontig_000007200,2,12432,728784028,1407067898
GL848342.1,Chr2_supercontig_000007201,2,6545,728790573,1407074443
GL848343.1,Chr2_supercontig_000007202,2,1753,728792326,1407076196
GL848344.1,Chr2_supercontig_000007203,2,6197,728798523,1407082393
GL848345.1,Chr2_supercontig_000007204,2,35679,728834202,1407118072
GL848346.1,Chr2_supercontig_000007205,2,1710,728835912,1407119782
GL848347.1,Chr2_supercontig_000007206,2,3443,728839355,1407123225
GL848348.1,Chr2_supercontig_000007207,2,1769,728841124,1407124994
GL848349.1,Chr2_supercontig_000007208,2,2208,728843332,1407127202
GL848350.1,Chr2_supercontig_000007209,2,7007,728850339,1407134209
GL848351.1,Chr2_supercontig_000007210,2,4372,728854711,1407138581
GL848352.1,Chr2_supercontig_000007211,2,3127,728857838,1407141708
GL848353.1,Chr2_supercontig_000007212,2,1955,728859793,1407143663
GL848354.1,Chr2_supercontig_000007213,2,1710,728861503,1407145373
GL848355.1,Chr2_supercontig_000007214,2,1691,728863194,1407147064
GL848356.1,Chr2_supercontig_000007215,2,1975,728865169,1407149039
GL848357.1,Chr2_supercontig_000007216,2,2305,728867474,1407151344
GL848358.1,Chr2_supercontig_000007217,2,1817,728869291,1407153161
GL848359.1,Chr2_supercontig_000007218,2,3075,728872366,1407156236
GL848360.1,Chr2_supercontig_000007219,2,2723,728875089,1407158959
GL848361.1,Chr2_supercontig_000007220,2,1528,728876617,1407160487
GL848362.1,Chr2_supercontig_000007221,2,1619,728878236,1407162106
GL848363.1,Chr2_supercontig_000007222,2,1981,728880217,1407164087
GL848364.1,Chr2_supercontig_000007223,2,1870,728882087,1407165957
GL848365.1,Chr2_supercontig_000007224,2,2495,728884582,1407168452
GL848366.1,Chr2_supercontig_000007225,2,1571,728886153,1407170023
GL848367.1,Chr2_supercontig_000007226,2,4433,728890586,1407174456
GL848368.1,Chr2_supercontig_000007227,2,1617,728892203,1407176073
GL848369.1,Chr2_supercontig_000007228,2,1765,728893968,1407177838
GL848370.1,Chr2_supercontig_000007229,2,7572,728901540,1407185410
GL848371.1,Chr2_supercontig_000007230,2,1596,728903136,1407187006
GL848372.1,Chr2_supercontig_000007231,2,4716,728907852,1407191722
GL848373.1,Chr2_supercontig_000007232,2,1589,728909441,1407193311
GL848374.1,Chr2_supercontig_000007233,2,2711,728912152,1407196022
GL848375.1,Chr2_supercontig_000007234,2,1959,728914111,1407197981
GL848376.1,Chr2_supercontig_000007235,2,1541,728915652,1407199522
GL848377.1,Chr2_supercontig_000007236,2,1595,728917247,1407201117
GL848378.1,Chr2_supercontig_000007237,2,4016,728921263,1407205133
GL848379.1,Chr2_supercontig_000007238,2,3329,728924592,1407208462
GL848380.1,Chr2_supercontig_000007239,2,5085,728929677,1407213547
GL848381.1,Chr2_supercontig_000007240,2,1512,728931189,1407215059
GL848382.1,Chr2_supercontig_000007241,2,2479,728933668,1407217538
GL848383.1,Chr2_supercontig_000007242,2,1866,728935534,1407219404
GL848384.1,Chr2_supercontig_000007243,2,2786,728938320,1407222190
GL848385.1,Chr2_supercontig_000007244,2,1790,728940110,1407223980
GL848386.1,Chr2_supercontig_000007245,2,2870,728942980,1407226850
GL848387.1,Chr2_supercontig_000007246,2,3067,728946047,1407229917
GL848388.1,Chr2_supercontig_000007247,2,2008,728948055,1407231925
GL848389.1,Chr2_supercontig_000007248,2,1813,728949868,1407233738
GL848390.1,Chr2_supercontig_000007249,2,2915,728952783,1407236653
GL848391.1,Chr2_supercontig_000007250,2,1756,728954539,1407238409
GL848392.1,Chr2_supercontig_000007251,2,5242,728959781,1407243651
GL848393.1,Chr2_supercontig_000007252,2,1731,728961512,1407245382
GL848394.1,Chr2_supercontig_000007253,2,2305,728963817,1407247687
GL848395.1,Chr2_supercontig_000007254,2,2836,728966653,1407250523
GL848396.1,Chr2_supercontig_000007255,2,1670,728968323,1407252193
GL848397.1,Chr2_supercontig_000007256,2,5735,728974058,1407257928
GL848398.1,Chr2_supercontig_000007257,2,3786,728977844,1407261714
GL848399.1,Chr2_supercontig_000007258,2,1729,728979573,1407263443
GL848400.1,Chr2_supercontig_000007259,2,1627,728981200,1407265070
GL848401.1,Chr2_supercontig_000007260,2,2528,728983728,1407267598
GL848402.1,Chr2_supercontig_000007261,2,1610,728985338,1407269208
GL848403.1,Chr2_supercontig_000007262,2,3916,728989254,1407273124
GL848404.1,Chr2_supercontig_000007263,2,2487,728991741,1407275611
GL848405.1,Chr2_supercontig_000007264,2,2532,728994273,1407278143
GL848406.1,Chr2_supercontig_000007265,2,1978,728996251,1407280121
GL848407.1,Chr2_supercontig_000007266,2,7604,729003855,1407287725
GL848408.1,Chr2_supercontig_000007267,2,1848,729005703,1407289573
GL848409.1,Chr2_supercontig_000007268,2,1516,729007219,1407291089
GL848410.1,Chr2_supercontig_000007269,2,3037,729010256,1407294126
GL848411.1,Chr2_supercontig_000007270,2,1883,729012139,1407296009
GL848412.1,Chr2_supercontig_000007271,2,2483,729014622,1407298492
GL848413.1,Chr2_supercontig_000007272,2,6661,729021283,1407305153
GL848414.1,Chr2_supercontig_000007273,2,2763,729024046,1407307916
GL848415.1,Chr2_supercontig_000007274,2,2111,729026157,1407310027
GL848416.1,Chr2_supercontig_000007275,2,3680,729029837,1407313707
GL848417.1,Chr2_supercontig_000007276,2,3604,729033441,1407317311
GL848418.1,Chr2_supercontig_000007277,2,7563,729041004,1407324874
GL848419.1,Chr2_supercontig_000007278,2,1550,729042554,1407326424
GL848420.1,Chr2_supercontig_000007279,2,2002,729044556,1407328426
GL848421.1,Chr2_supercontig_000007280,2,2830,729047386,1407331256
GL848422.1,Chr2_supercontig_000007281,2,1629,729049015,1407332885
GL848423.1,Chr2_supercontig_000007282,2,2861,729051876,1407335746
GL848424.1,Chr2_supercontig_000007283,2,3575,729055451,1407339321
GL848425.1,Chr2_supercontig_000007284,2,1922,729057373,1407341243
GL848426.1,Chr2_supercontig_000007285,2,2000,729059373,1407343243
GL848427.1,Chr2_supercontig_000007286,2,2113,729061486,1407345356
GL848428.1,Chr2_supercontig_000007287,2,2070,729063556,1407347426
GL848429.1,Chr2_supercontig_000007288,2,2644,729066200,1407350070
GL848430.1,Chr2_supercontig_000007289,2,3315,729069515,1407353385
GL848431.1,Chr2_supercontig_000007290,2,1813,729071328,1407355198
GL848432.1,Chr2_supercontig_000007291,2,2245,729073573,1407357443
GL848433.1,Chr2_supercontig_000007292,2,1784,729075357,1407359227
GL848434.1,Chr2_supercontig_000007293,2,7032,729082389,1407366259
GL848435.1,Chr2_supercontig_000007294,2,5683,729088072,1407371942
GL848436.1,Chr2_supercontig_000007295,2,1755,729089827,1407373697
GL848437.1,Chr2_supercontig_000007296,2,2222,729092049,1407375919
GL848438.1,Chr2_supercontig_000007297,2,4250,729096299,1407380169
GL848439.1,Chr2_supercontig_000007298,2,9581,729105880,1407389750
GL848440.1,Chr2_supercontig_000007299,2,2337,729108217,1407392087
GL848441.1,Chr2_supercontig_000007300,2,2983,729111200,1407395070
GL848442.1,Chr2_supercontig_000007301,2,1953,729113153,1407397023
GL848443.1,Chr2_supercontig_000007302,2,2066,729115219,1407399089
GL848444.1,Chr2_supercontig_000007303,2,2949,729118168,1407402038
GL848445.1,Chr2_supercontig_000007304,2,5165,729123333,1407407203
GL848446.1,Chr2_supercontig_000007305,2,2574,729125907,1407409777
GL848447.1,Chr2_supercontig_000007306,2,4290,729130197,1407414067
GL848448.1,Chr2_supercontig_000007307,2,2847,729133044,1407416914
GL848449.1,Chr2_supercontig_000007308,2,1696,729134740,1407418610
GL848450.1,Chr2_supercontig_000007309,2,2985,729137725,1407421595
GL848451.1,Chr2_supercontig_000007310,2,9383,729147108,1407430978
GL848452.1,Chr2_supercontig_000007311,2,4754,729151862,1407435732
GL848453.1,Chr2_supercontig_000007312,2,3580,729155442,1407439312
GL848454.1,Chr2_supercontig_000007313,2,2334,729157776,1407441646
GL848455.1,Chr2_supercontig_000007314,2,3034,729160810,1407444680
GL848456.1,Chr2_supercontig_000007315,2,2322,729163132,1407447002
GL848457.1,Chr2_supercontig_000007316,2,3973,729167105,1407450975
GL848458.1,Chr2_supercontig_000007317,2,1914,729169019,1407452889
GL848459.1,Chr2_supercontig_000007318,2,2087,729171106,1407454976
GL848460.1,Chr2_supercontig_000007319,2,1724,729172830,1407456700
GL848461.1,Chr2_supercontig_000007320,2,2218,729175048,1407458918
GL848462.1,Chr2_supercontig_000007321,2,2120,729177168,1407461038
GL848463.1,Chr2_supercontig_000007322,2,5648,729182816,1407466686
GL848464.1,Chr2_supercontig_000007323,2,1647,729184463,1407468333
GL848465.1,Chr2_supercontig_000007324,2,1680,729186143,1407470013
GL848466.1,Chr2_supercontig_000007325,2,2682,729188825,1407472695
GL848467.1,Chr2_supercontig_000007326,2,3419,729192244,1407476114
GL848468.1,Chr2_supercontig_000007327,2,1549,729193793,1407477663
GL848469.1,Chr2_supercontig_000007328,2,1560,729195353,1407479223
GL848470.1,Chr2_supercontig_000007329,2,3957,729199310,1407483180
GL848471.1,Chr2_supercontig_000007330,2,3784,729203094,1407486964
GL848472.1,Chr2_supercontig_000007331,2,4896,729207990,1407491860
GL848473.1,Chr2_supercontig_000007332,2,3722,729211712,1407495582
GL848474.1,Chr2_supercontig_000007333,2,2770,729214482,1407498352
GL848475.1,Chr2_supercontig_000007334,2,2449,729216931,1407500801
GL848476.1,Chr2_supercontig_000007335,2,1836,729218767,1407502637
GL848477.1,Chr2_supercontig_000007336,2,2729,729221496,1407505366
GL848478.1,Chr2_supercontig_000007337,2,2239,729223735,1407507605
GL848479.1,Chr2_supercontig_000007338,2,2829,729226564,1407510434
GL848480.1,Chr2_supercontig_000007339,2,3001,729229565,1407513435
GL848481.1,Chr2_supercontig_000007340,2,3759,729233324,1407517194
GL848482.1,Chr2_supercontig_000007341,2,2378,729235702,1407519572
GL848483.1,Chr2_supercontig_000007342,2,1588,729237290,1407521160
GL848484.1,Chr2_supercontig_000007343,2,2600,729239890,1407523760
GL848485.1,Chr2_supercontig_000007344,2,1967,729241857,1407525727
GL848486.1,Chr2_supercontig_000007345,2,1664,729243521,1407527391
GL848487.1,Chr2_supercontig_000007346,2,4019,729247540,1407531410
GL848488.1,Chr2_supercontig_000007347,2,1963,729249503,1407533373
GL848489.1,Chr2_supercontig_000007348,2,2288,729251791,1407535661
GL848490.1,Chr2_supercontig_000007349,2,4010,729255801,1407539671
GL848491.1,Chr2_supercontig_000007350,2,4539,729260340,1407544210
GL848492.1,Chr2_supercontig_000007351,2,2855,729263195,1407547065
GL848493.1,Chr2_supercontig_000007352,2,2112,729265307,1407549177
GL848494.1,Chr2_supercontig_000007353,2,3129,729268436,1407552306
GL848495.1,Chr2_supercontig_000007354,2,2297,729270733,1407554603
GL848496.1,Chr2_supercontig_000007355,2,2048,729272781,1407556651
GL848497.1,Chr2_supercontig_000007356,2,4931,729277712,1407561582
GL848498.1,Chr2_supercontig_000007357,2,1974,729279686,1407563556
GL848499.1,Chr2_supercontig_000007358,2,1907,729281593,1407565463
GL848500.1,Chr2_supercontig_000007359,2,2729,729284322,1407568192
GL848501.1,Chr2_supercontig_000007360,2,2407,729286729,1407570599
GL848502.1,Chr2_supercontig_000007361,2,2424,729289153,1407573023
GL848503.1,Chr2_supercontig_000007362,2,1702,729290855,1407574725
GL848504.1,Chr2_supercontig_000007363,2,3136,729293991,1407577861
GL848505.1,Chr2_supercontig_000007364,2,1897,729295888,1407579758
GL848506.1,Chr2_supercontig_000007365,2,9953,729305841,1407589711
GL848507.1,Chr2_supercontig_000007366,2,2352,729308193,1407592063
GL848508.1,Chr2_supercontig_000007367,2,2760,729310953,1407594823
GL848509.1,Chr2_supercontig_000007368,2,2546,729313499,1407597369
GL848510.1,Chr2_supercontig_000007369,2,1536,729315035,1407598905
GL848511.1,Chr2_supercontig_000007370,2,4699,729319734,1407603604
GL848512.1,Chr2_supercontig_000007371,2,12876,729332610,1407616480
GL848513.1,Chr2_supercontig_000007372,2,2571,729335181,1407619051
GL848514.1,Chr2_supercontig_000007373,2,2078,729337259,1407621129
GL848515.1,Chr2_supercontig_000007374,2,2071,729339330,1407623200
GL848516.1,Chr2_supercontig_000007375,2,9307,729348637,1407632507
GL848517.1,Chr2_supercontig_000007376,2,5803,729354440,1407638310
GL848518.1,Chr2_supercontig_000007377,2,2126,729356566,1407640436
GL848519.1,Chr2_supercontig_000007378,2,4209,729360775,1407644645
GL848520.1,Chr2_supercontig_000007379,2,4551,729365326,1407649196
GL848521.1,Chr2_supercontig_000007380,2,5668,729370994,1407654864
GL848522.1,Chr2_supercontig_000007381,2,1738,729372732,1407656602
GL848523.1,Chr2_supercontig_000007382,2,4132,729376864,1407660734
GL848524.1,Chr2_supercontig_000007383,2,2005,729378869,1407662739
GL848525.1,Chr2_supercontig_000007384,2,3280,729382149,1407666019
GL848526.1,Chr2_supercontig_000007385,2,2039,729384188,1407668058
GL848527.1,Chr2_supercontig_000007386,2,1609,729385797,1407669667
GL848528.1,Chr2_supercontig_000007387,2,3121,729388918,1407672788
GL848529.1,Chr2_supercontig_000007388,2,4165,729393083,1407676953
GL848530.1,Chr2_supercontig_000007389,2,2639,729395722,1407679592
GL848531.1,Chr2_supercontig_000007390,2,1721,729397443,1407681313
GL848532.1,Chr2_supercontig_000007391,2,2247,729399690,1407683560
GL848533.1,Chr2_supercontig_000007392,2,2491,729402181,1407686051
GL848534.1,Chr2_supercontig_000007393,2,1862,729404043,1407687913
GL848535.1,Chr2_supercontig_000007394,2,1919,729405962,1407689832
GL848536.1,Chr2_supercontig_000007395,2,1756,729407718,1407691588
GL848537.1,Chr2_supercontig_000007396,2,2346,729410064,1407693934
GL848538.1,Chr2_supercontig_000007397,2,1960,729412024,1407695894
GL848539.1,Chr2_supercontig_000007398,2,3760,729415784,1407699654
GL848540.1,Chr2_supercontig_000007399,2,1894,729417678,1407701548
GL848541.1,Chr2_supercontig_000007400,2,2496,729420174,1407704044
GL848542.1,Chr2_supercontig_000007401,2,1687,729421861,1407705731
GL848543.1,Chr2_supercontig_000007402,2,12633,729434494,1407718364
GL848544.1,Chr2_supercontig_000007403,2,3117,729437611,1407721481
GL848545.1,Chr2_supercontig_000007404,2,1839,729439450,1407723320
GL848546.1,Chr2_supercontig_000007405,2,2938,729442388,1407726258
GL848547.1,Chr2_supercontig_000007406,2,1859,729444247,1407728117
GL848548.1,Chr2_supercontig_000007407,2,3229,729447476,1407731346
GL848549.1,Chr2_supercontig_000007408,2,1619,729449095,1407732965
GL848550.1,Chr2_supercontig_000007409,2,2176,729451271,1407735141
GL848551.1,Chr2_supercontig_000007410,2,1707,729452978,1407736848
GL848552.1,Chr2_supercontig_000007411,2,2569,729455547,1407739417
GL848553.1,Chr2_supercontig_000007412,2,3180,729458727,1407742597
GL848554.1,Chr2_supercontig_000007413,2,2255,729460982,1407744852
GL848555.1,Chr2_supercontig_000007414,2,2533,729463515,1407747385
GL848556.1,Chr2_supercontig_000007415,2,4200,729467715,1407751585
GL848557.1,Chr2_supercontig_000007416,2,5021,729472736,1407756606
GL848558.1,Chr2_supercontig_000007417,2,5344,729478080,1407761950
GL848559.1,Chr2_supercontig_000007418,2,3086,729481166,1407765036
GL848560.1,Chr2_supercontig_000007419,2,1704,729482870,1407766740
GL848561.1,Chr2_supercontig_000007420,2,1574,729484444,1407768314
GL848562.1,Chr2_supercontig_000007421,2,1767,729486211,1407770081
GL848563.1,Chr2_supercontig_000007422,2,1728,729487939,1407771809
GL848564.1,Chr2_supercontig_000007423,2,1853,729489792,1407773662
GL848565.1,Chr2_supercontig_000007424,2,2955,729492747,1407776617
GL848566.1,Chr2_supercontig_000007425,2,2322,729495069,1407778939
GL848567.1,Chr2_supercontig_000007426,2,2888,729497957,1407781827
GL848568.1,Chr2_supercontig_000007427,2,4370,729502327,1407786197
GL848569.1,Chr2_supercontig_000007428,2,3127,729505454,1407789324
GL848570.1,Chr2_supercontig_000007429,2,2089,729507543,1407791413
GL848571.1,Chr2_supercontig_000007430,2,2517,729510060,1407793930
GL848572.1,Chr2_supercontig_000007431,2,2844,729512904,1407796774
GL848573.1,Chr2_supercontig_000007432,2,2224,729515128,1407798998
GL848574.1,Chr2_supercontig_000007433,2,5646,729520774,1407804644
GL848575.1,Chr2_supercontig_000007434,2,3399,729524173,1407808043
GL848576.1,Chr2_supercontig_000007435,2,2475,729526648,1407810518
GL848577.1,Chr2_supercontig_000007436,2,4486,729531134,1407815004
GL848578.1,Chr2_supercontig_000007437,2,2440,729533574,1407817444
GL848579.1,Chr2_supercontig_000007438,2,5598,729539172,1407823042
GL848580.1,Chr2_supercontig_000007439,2,1827,729540999,1407824869
GL848581.1,Chr2_supercontig_000007440,2,2189,729543188,1407827058
GL848582.1,Chr2_supercontig_000007441,2,2397,729545585,1407829455
GL848583.1,Chr2_supercontig_000007442,2,10318,729555903,1407839773
GL848584.1,Chr2_supercontig_000007443,2,1999,729557902,1407841772
GL848585.1,Chr2_supercontig_000007444,2,1982,729559884,1407843754
GL848586.1,Chr2_supercontig_000007445,2,1920,729561804,1407845674
GL848587.1,Chr2_supercontig_000007446,2,1851,729563655,1407847525
GL848588.1,Chr2_supercontig_000007447,2,2627,729566282,1407850152
GL848589.1,Chr2_supercontig_000007448,2,3229,729569511,1407853381
GL848590.1,Chr2_supercontig_000007449,2,1641,729571152,1407855022
GL848591.1,Chr2_supercontig_000007450,2,6475,729577627,1407861497
GL848592.1,Chr2_supercontig_000007451,2,1921,729579548,1407863418
GL848593.1,Chr2_supercontig_000007452,2,4039,729583587,1407867457
GL848594.1,Chr2_supercontig_000007453,2,3080,729586667,1407870537
GL848595.1,Chr2_supercontig_000007454,2,2878,729589545,1407873415
GL848596.1,Chr2_supercontig_000007455,2,1747,729591292,1407875162
GL848597.1,Chr2_supercontig_000007456,2,8177,729599469,1407883339
GL848598.1,Chr2_supercontig_000007457,2,4216,729603685,1407887555
GL848599.1,Chr2_supercontig_000007458,2,1676,729605361,1407889231
GL848600.1,Chr2_supercontig_000007459,2,1901,729607262,1407891132
GL848601.1,Chr2_supercontig_000007460,2,1534,729608796,1407892666
GL848602.1,Chr2_supercontig_000007461,2,4541,729613337,1407897207
GL848603.1,Chr2_supercontig_000007462,2,2823,729616160,1407900030
GL848604.1,Chr2_supercontig_000007463,2,2852,729619012,1407902882
GL848605.1,Chr2_supercontig_000007464,2,2707,729621719,1407905589
GL848606.1,Chr2_supercontig_000007465,2,1740,729623459,1407907329
GL848607.1,Chr2_supercontig_000007466,2,1865,729625324,1407909194
GL848608.1,Chr2_supercontig_000007467,2,1653,729626977,1407910847
GL848609.1,Chr2_supercontig_000007468,2,2047,729629024,1407912894
GL848610.1,Chr2_supercontig_000007469,2,3381,729632405,1407916275
GL848611.1,Chr2_supercontig_000007470,2,3229,729635634,1407919504
GL848612.1,Chr2_supercontig_000007471,2,10422,729646056,1407929926
GL848613.1,Chr2_supercontig_000007472,2,2135,729648191,1407932061
GL848614.1,Chr2_supercontig_000007473,2,2137,729650328,1407934198
GL848615.1,Chr2_supercontig_000007474,2,2121,729652449,1407936319
GL848616.1,Chr2_supercontig_000007475,2,4276,729656725,1407940595
GL848617.1,Chr2_supercontig_000007476,2,3015,729659740,1407943610
GL848618.1,Chr2_supercontig_000007477,2,2692,729662432,1407946302
GL848619.1,Chr2_supercontig_000007478,2,2235,729664667,1407948537
GL848620.1,Chr2_supercontig_000007479,2,5008,729669675,1407953545
GL848621.1,Chr2_supercontig_000007480,2,5233,729674908,1407958778
GL848622.1,Chr2_supercontig_000007481,2,1831,729676739,1407960609
GL848623.1,Chr2_supercontig_000007482,2,2132,729678871,1407962741
GL848624.1,Chr2_supercontig_000007483,2,3912,729682783,1407966653
GL848625.1,Chr2_supercontig_000007484,2,1541,729684324,1407968194
GL848626.1,Chr2_supercontig_000007485,2,2013,729686337,1407970207
GL848627.1,Chr2_supercontig_000007486,2,8896,729695233,1407979103
GL848628.1,Chr2_supercontig_000007487,2,2752,729697985,1407981855
GL848629.1,Chr2_supercontig_000007488,2,2767,729700752,1407984622
GL848630.1,Chr2_supercontig_000007489,2,14398,729715150,1407999020
GL848631.1,Chr2_supercontig_000007490,2,12074,729727224,1408011094
GL848632.1,Chr2_supercontig_000007491,2,3115,729730339,1408014209
GL848633.1,Chr2_supercontig_000007492,2,1677,729732016,1408015886
GL848634.1,Chr2_supercontig_000007493,2,1920,729733936,1408017806
GL848635.1,Chr2_supercontig_000007494,2,1625,729735561,1408019431
GL848636.1,Chr2_supercontig_000007495,2,2834,729738395,1408022265
GL848637.1,Chr2_supercontig_000007496,2,1523,729739918,1408023788
GL848638.1,Chr2_supercontig_000007497,2,4116,729744034,1408027904
GL848639.1,Chr2_supercontig_000007498,2,1959,729745993,1408029863
GL848640.1,Chr2_supercontig_000007499,2,2195,729748188,1408032058
GL848641.1,Chr2_supercontig_000007500,2,12548,729760736,1408044606
GL848642.1,Chr2_supercontig_000007501,2,2696,729763432,1408047302
GL848643.1,Chr2_supercontig_000007502,2,8540,729771972,1408055842
GL848644.1,Chr2_supercontig_000007503,2,2484,729774456,1408058326
GL848645.1,Chr2_supercontig_000007504,2,3967,729778423,1408062293
GL848646.1,Chr2_supercontig_000007505,2,2127,729780550,1408064420
GL848647.1,Chr2_supercontig_000007506,2,2288,729782838,1408066708
GL848648.1,Chr2_supercontig_000007507,2,2001,729784839,1408068709
GL848649.1,Chr2_supercontig_000007508,2,5388,729790227,1408074097
GL848650.1,Chr2_supercontig_000007509,2,1730,729791957,1408075827
GL848651.1,Chr2_supercontig_000007510,2,6419,729798376,1408082246
GL848652.1,Chr2_supercontig_000007511,2,1782,729800158,1408084028
GL848653.1,Chr2_supercontig_000007512,2,2854,729803012,1408086882
GL848654.1,Chr2_supercontig_000007513,2,2024,729805036,1408088906
GL848655.1,Chr2_supercontig_000007514,2,2403,729807439,1408091309
GL848656.1,Chr2_supercontig_000007515,2,2041,729809480,1408093350
GL848657.1,Chr2_supercontig_000007516,2,3633,729813113,1408096983
GL848658.1,Chr2_supercontig_000007517,2,2530,729815643,1408099513
GL848659.1,Chr2_supercontig_000007518,2,1586,729817229,1408101099
GL848660.1,Chr2_supercontig_000007519,2,1955,729819184,1408103054
GL848661.1,Chr2_supercontig_000007520,2,2972,729822156,1408106026
GL848662.1,Chr2_supercontig_000007521,2,4380,729826536,1408110406
GL848663.1,Chr2_supercontig_000007522,2,2919,729829455,1408113325
GL848664.1,Chr2_supercontig_000007523,2,2688,729832143,1408116013
GL848665.1,Chr2_supercontig_000007524,2,2697,729834840,1408118710
GL848666.1,Chr2_supercontig_000007525,2,2569,729837409,1408121279
GL848667.1,Chr2_supercontig_000007526,2,3482,729840891,1408124761
GL848668.1,Chr2_supercontig_000007527,2,4662,729845553,1408129423
GL848669.1,Chr2_supercontig_000007528,2,3853,729849406,1408133276
GL848670.1,Chr2_supercontig_000007529,2,3332,729852738,1408136608
GL848671.1,Chr2_supercontig_000007530,2,2966,729855704,1408139574
GL848672.1,Chr2_supercontig_000007531,2,1872,729857576,1408141446
GL848673.1,Chr2_supercontig_000007532,2,1702,729859278,1408143148
GL848674.1,Chr2_supercontig_000007533,2,2335,729861613,1408145483
GL848675.1,Chr2_supercontig_000007534,2,2919,729864532,1408148402
GL848676.1,Chr2_supercontig_000007535,2,5072,729869604,1408153474
GL848677.1,Chr2_supercontig_000007536,2,2899,729872503,1408156373
GL848678.1,Chr2_supercontig_000007537,2,1546,729874049,1408157919
GL848679.1,Chr2_supercontig_000007538,2,2227,729876276,1408160146
GL848680.1,Chr2_supercontig_000007539,2,2107,729878383,1408162253
GL848681.1,Chr2_supercontig_000007540,2,1700,729880083,1408163953
GL848682.1,Chr2_supercontig_000007541,2,2484,729882567,1408166437
GL848683.1,Chr2_supercontig_000007542,2,1938,729884505,1408168375
GL848684.1,Chr2_supercontig_000007543,2,3024,729887529,1408171399
GL848685.1,Chr2_supercontig_000007544,2,1596,729889125,1408172995
GL848686.1,Chr2_supercontig_000007545,2,3423,729892548,1408176418
GL848687.1,Chr2_supercontig_000007546,2,3482,729896030,1408179900
GL848688.1,Chr2_supercontig_000007547,2,2189,729898219,1408182089
GL848689.1,Chr2_supercontig_000007548,2,2561,729900780,1408184650
GL848690.1,Chr2_supercontig_000007549,2,1653,729902433,1408186303
GL848691.1,Chr2_supercontig_000007550,2,3162,729905595,1408189465
GL848692.1,Chr2_supercontig_000007551,2,6528,729912123,1408195993
GL848693.1,Chr2_supercontig_000007552,2,7994,729920117,1408203987
GL848694.1,Chr2_supercontig_000007553,2,7927,729928044,1408211914
GL848695.1,Chr2_supercontig_000007554,2,8428,729936472,1408220342
GL848696.1,Chr2_supercontig_000007555,2,2416,729938888,1408222758
GL848697.1,Chr2_supercontig_000007556,2,8731,729947619,1408231489
GL848698.1,Chr2_supercontig_000007557,2,4180,729951799,1408235669
GL848699.1,Chr2_supercontig_000007558,2,2810,729954609,1408238479
GL848700.1,Chr2_supercontig_000007559,2,2017,729956626,1408240496
GL848701.1,Chr2_supercontig_000007560,2,3014,729959640,1408243510
GL848702.1,Chr2_supercontig_000007561,2,2134,729961774,1408245644
GL848703.1,Chr2_supercontig_000007562,2,5245,729967019,1408250889
GL848704.1,Chr2_supercontig_000007563,2,2676,729969695,1408253565
GL848705.1,Chr2_supercontig_000007564,2,1568,729971263,1408255133
GL848706.1,Chr2_supercontig_000007565,2,1723,729972986,1408256856
GL848707.1,Chr2_supercontig_000007566,2,4371,729977357,1408261227
GL848708.1,Chr2_supercontig_000007567,2,1993,729979350,1408263220
GL848709.1,Chr2_supercontig_000007568,2,1851,729981201,1408265071
GL848710.1,Chr2_supercontig_000007569,2,1694,729982895,1408266765
GL848711.1,Chr2_supercontig_000007570,2,1767,729984662,1408268532
GL848712.1,Chr2_supercontig_000007571,2,1500,729986162,1408270032
GL848713.1,Chr2_supercontig_000007572,2,4743,729990905,1408274775
GL848714.1,Chr2_supercontig_000007573,2,1777,729992682,1408276552
GL848715.1,Chr2_supercontig_000007574,2,3924,729996606,1408280476
GL848716.1,Chr2_supercontig_000007575,2,2027,729998633,1408282503
GL848717.1,Chr2_supercontig_000007576,2,1794,730000427,1408284297
GL848718.1,Chr2_supercontig_000007577,2,2469,730002896,1408286766
GL848719.1,Chr2_supercontig_000007578,2,9950,730012846,1408296716
GL848720.1,Chr2_supercontig_000007579,2,1991,730014837,1408298707
GL848721.1,Chr2_supercontig_000007580,2,1713,730016550,1408300420
GL848722.1,Chr2_supercontig_000007581,2,2343,730018893,1408302763
GL848723.1,Chr2_supercontig_000007582,2,2498,730021391,1408305261
GL848724.1,Chr2_supercontig_000007583,2,2543,730023934,1408307804
GL848725.1,Chr2_supercontig_000007584,2,1774,730025708,1408309578
GL848726.1,Chr2_supercontig_000007585,2,3456,730029164,1408313034
GL848727.1,Chr2_supercontig_000007586,2,2450,730031614,1408315484
GL848728.1,Chr2_supercontig_000007587,2,5920,730037534,1408321404
GL848729.1,Chr2_supercontig_000007588,2,3267,730040801,1408324671
GL848730.1,Chr2_supercontig_000007589,2,1965,730042766,1408326636
GL848731.1,Chr2_supercontig_000007590,2,3890,730046656,1408330526
GL848732.1,Chr2_supercontig_000007591,2,4257,730050913,1408334783
GL848733.1,Chr2_supercontig_000007592,2,7361,730058274,1408342144
GL848734.1,Chr2_supercontig_000007593,2,2379,730060653,1408344523
GL848735.1,Chr2_supercontig_000007594,2,3041,730063694,1408347564
GL848736.1,Chr2_supercontig_000007595,2,1918,730065612,1408349482
GL848737.1,Chr2_supercontig_000007596,2,1725,730067337,1408351207
GL848738.1,Chr2_supercontig_000007597,2,2954,730070291,1408354161
GL848739.1,Chr2_supercontig_000007598,2,4689,730074980,1408358850
GL848740.1,Chr2_supercontig_000007599,2,2886,730077866,1408361736
GL848741.1,Chr2_supercontig_000007600,2,2101,730079967,1408363837
GL848742.1,Chr2_supercontig_000007601,2,2018,730081985,1408365855
GL848743.1,Chr2_supercontig_000007602,2,1750,730083735,1408367605
GL848744.1,Chr2_supercontig_000007603,2,1865,730085600,1408369470
GL848745.1,Chr2_supercontig_000007604,2,2264,730087864,1408371734
GL848746.1,Chr2_supercontig_000007605,2,4158,730092022,1408375892
GL848747.1,Chr2_supercontig_000007606,2,1784,730093806,1408377676
GL848748.1,Chr2_supercontig_000007607,2,1786,730095592,1408379462
GL848749.1,Chr2_supercontig_000007608,2,1966,730097558,1408381428
GL848750.1,Chr2_supercontig_000007609,2,1908,730099466,1408383336
GL848751.1,Chr2_supercontig_000007610,2,1500,730100966,1408384836
GL848752.1,Chr2_supercontig_000007611,2,1791,730102757,1408386627
GL848753.1,Chr2_supercontig_000007612,2,3068,730105825,1408389695
GL848754.1,Chr2_supercontig_000007613,2,1632,730107457,1408391327
GL848755.1,Chr2_supercontig_000007614,2,1636,730109093,1408392963
GL848756.1,Chr2_supercontig_000007615,2,2080,730111173,1408395043
GL848757.1,Chr2_supercontig_000007616,2,2675,730113848,1408397718
GL848758.1,Chr2_supercontig_000007617,2,5123,730118971,1408402841
GL848759.1,Chr2_supercontig_000007618,2,2953,730121924,1408405794
GL848760.1,Chr2_supercontig_000007619,2,6157,730128081,1408411951
GL848761.1,Chr2_supercontig_000007620,2,6034,730134115,1408417985
GL848762.1,Chr2_supercontig_000007621,2,3567,730137682,1408421552
GL848763.1,Chr2_supercontig_000007622,2,7653,730145335,1408429205
GL848764.1,Chr2_supercontig_000007623,2,1681,730147016,1408430886
GL848765.1,Chr2_supercontig_000007624,2,2546,730149562,1408433432
GL848766.1,Chr2_supercontig_000007625,2,5182,730154744,1408438614
GL848767.1,Chr2_supercontig_000007626,2,1905,730156649,1408440519
GL848768.1,Chr2_supercontig_000007627,2,21973,730178622,1408462492
GL848769.1,Chr2_supercontig_000007628,2,4248,730182870,1408466740
GL848770.1,Chr2_supercontig_000007629,2,2908,730185778,1408469648
GL848771.1,Chr2_supercontig_000007630,2,1635,730187413,1408471283
GL848772.1,Chr2_supercontig_000007631,2,1749,730189162,1408473032
GL848773.1,Chr2_supercontig_000007632,2,2836,730191998,1408475868
GL848774.1,Chr2_supercontig_000007633,2,2660,730194658,1408478528
GL848775.1,Chr2_supercontig_000007634,2,1727,730196385,1408480255
GL848776.1,Chr2_supercontig_000007635,2,1903,730198288,1408482158
GL848777.1,Chr2_supercontig_000007636,2,3007,730201295,1408485165
GL848778.1,Chr2_supercontig_000007637,2,1695,730202990,1408486860
GL848779.1,Chr2_supercontig_000007638,2,1780,730204770,1408488640
GL848780.1,Chr2_supercontig_000007639,2,2303,730207073,1408490943
GL848781.1,Chr2_supercontig_000007640,2,7483,730214556,1408498426
GL848782.1,Chr2_supercontig_000007641,2,1517,730216073,1408499943
GL848783.1,Chr2_supercontig_000007642,2,13346,730229419,1408513289
GL848784.1,Chr2_supercontig_000007643,2,2823,730232242,1408516112
GL848785.1,Chr2_supercontig_000007644,2,2754,730234996,1408518866
GL848786.1,Chr2_supercontig_000007645,2,2551,730237547,1408521417
GL848787.1,Chr2_supercontig_000007646,2,2053,730239600,1408523470
GL848788.1,Chr2_supercontig_000007647,2,3458,730243058,1408526928
GL848789.1,Chr2_supercontig_000007648,2,2133,730245191,1408529061
GL848790.1,Chr2_supercontig_000007649,2,6807,730251998,1408535868
GL848791.1,Chr2_supercontig_000007650,2,4888,730256886,1408540756
GL848792.1,Chr2_supercontig_000007651,2,6904,730263790,1408547660
GL848793.1,Chr2_supercontig_000007652,2,7997,730271787,1408555657
GL848794.1,Chr2_supercontig_000007653,2,9521,730281308,1408565178
GL848795.1,Chr2_supercontig_000007654,2,3411,730284719,1408568589
GL848796.1,Chr2_supercontig_000007655,2,2151,730286870,1408570740
GL848797.1,Chr2_supercontig_000007656,2,6326,730293196,1408577066
GL848798.1,Chr2_supercontig_000007657,2,3159,730296355,1408580225
GL848799.1,Chr2_supercontig_000007658,2,2204,730298559,1408582429
GL848800.1,Chr2_supercontig_000007659,2,2872,730301431,1408585301
GL848801.1,Chr2_supercontig_000007660,2,2570,730304001,1408587871
GL848802.1,Chr2_supercontig_000007661,2,3758,730307759,1408591629
GL848803.1,Chr2_supercontig_000007662,2,1808,730309567,1408593437
GL848804.1,Chr2_supercontig_000007663,2,2246,730311813,1408595683
GL848805.1,Chr2_supercontig_000007664,2,2357,730314170,1408598040
GL848806.1,Chr2_supercontig_000007665,2,1656,730315826,1408599696
GL848807.1,Chr2_supercontig_000007666,2,1916,730317742,1408601612
GL848808.1,Chr2_supercontig_000007667,2,2801,730320543,1408604413
GL848809.1,Chr2_supercontig_000007668,2,2447,730322990,1408606860
GL848810.1,Chr2_supercontig_000007669,2,4683,730327673,1408611543
GL848811.1,Chr2_supercontig_000007670,2,2162,730329835,1408613705
GL848812.1,Chr2_supercontig_000007671,2,2082,730331917,1408615787
GL848813.1,Chr2_supercontig_000007672,2,2441,730334358,1408618228
GL848814.1,Chr2_supercontig_000007673,2,1571,730335929,1408619799
GL848815.1,Chr2_supercontig_000007674,2,2159,730338088,1408621958
GL848816.1,Chr2_supercontig_000007675,2,1761,730339849,1408623719
GL848817.1,Chr2_supercontig_000007676,2,1749,730341598,1408625468
GL848818.1,Chr2_supercontig_000007677,2,4084,730345682,1408629552
GL848819.1,Chr2_supercontig_000007678,2,4517,730350199,1408634069
GL848820.1,Chr2_supercontig_000007679,2,1597,730351796,1408635666
GL848821.1,Chr2_supercontig_000007680,2,1956,730353752,1408637622
GL848822.1,Chr2_supercontig_000007681,2,1632,730355384,1408639254
GL848823.1,Chr2_supercontig_000007682,2,3879,730359263,1408643133
GL848824.1,Chr2_supercontig_000007683,2,2672,730361935,1408645805
GL848825.1,Chr2_supercontig_000007684,2,1957,730363892,1408647762
GL848826.1,Chr2_supercontig_000007685,2,3477,730367369,1408651239
GL848827.1,Chr2_supercontig_000007686,2,7108,730374477,1408658347
GL848828.1,Chr2_supercontig_000007687,2,16434,730390911,1408674781
GL848829.1,Chr2_supercontig_000007688,2,2437,730393348,1408677218
GL848830.1,Chr2_supercontig_000007689,2,7307,730400655,1408684525
GL848831.1,Chr2_supercontig_000007690,2,3367,730404022,1408687892
GL848832.1,Chr2_supercontig_000007691,2,2507,730406529,1408690399
GL848833.1,Chr2_supercontig_000007692,2,1772,730408301,1408692171
GL848834.1,Chr2_supercontig_000007693,2,3139,730411440,1408695310
GL848835.1,Chr2_supercontig_000007694,2,1957,730413397,1408697267
GL848836.1,Chr2_supercontig_000007695,2,3708,730417105,1408700975
GL848837.1,Chr2_supercontig_000007696,2,2432,730419537,1408703407
GL848838.1,Chr2_supercontig_000007697,2,1635,730421172,1408705042
GL848839.1,Chr2_supercontig_000007698,2,2507,730423679,1408707549
GL848840.1,Chr2_supercontig_000007699,2,4016,730427695,1408711565
GL848841.1,Chr2_supercontig_000007700,2,8486,730436181,1408720051
GL848842.1,Chr2_supercontig_000007701,2,1655,730437836,1408721706
GL848843.1,Chr2_supercontig_000007702,2,2271,730440107,1408723977
GL848844.1,Chr2_supercontig_000007703,2,3034,730443141,1408727011
GL848845.1,Chr2_supercontig_000007704,2,3944,730447085,1408730955
GL848846.1,Chr2_supercontig_000007705,2,2215,730449300,1408733170
GL848847.1,Chr2_supercontig_000007706,2,3245,730452545,1408736415
GL848848.1,Chr2_supercontig_000007707,2,2044,730454589,1408738459
GL848849.1,Chr2_supercontig_000007708,2,3264,730457853,1408741723
GL848850.1,Chr2_supercontig_000007709,2,4850,730462703,1408746573
GL848851.1,Chr2_supercontig_000007710,2,2702,730465405,1408749275
GL848852.1,Chr2_supercontig_000007711,2,1849,730467254,1408751124
GL848853.1,Chr2_supercontig_000007712,2,2433,730469687,1408753557
GL848854.1,Chr2_supercontig_000007713,2,6998,730476685,1408760555
GL848855.1,Chr2_supercontig_000007714,2,1843,730478528,1408762398
GL848856.1,Chr2_supercontig_000007715,2,2460,730480988,1408764858
GL848857.1,Chr2_supercontig_000007716,2,2774,730483762,1408767632
GL848858.1,Chr2_supercontig_000007717,2,1992,730485754,1408769624
GL848859.1,Chr2_supercontig_000007718,2,2892,730488646,1408772516
GL848860.1,Chr2_supercontig_000007719,2,2525,730491171,1408775041
GL848861.1,Chr2_supercontig_000007720,2,1577,730492748,1408776618
GL848862.1,Chr2_supercontig_000007721,2,1630,730494378,1408778248
GL848863.1,Chr2_supercontig_000007722,2,1995,730496373,1408780243
GL848864.1,Chr2_supercontig_000007723,2,1556,730497929,1408781799
GL848865.1,Chr2_supercontig_000007724,2,2086,730500015,1408783885
GL848866.1,Chr2_supercontig_000007725,2,8938,730508953,1408792823
GL848867.1,Chr2_supercontig_000007726,2,2474,730511427,1408795297
GL848868.1,Chr2_supercontig_000007727,2,7148,730518575,1408802445
GL848869.1,Chr2_supercontig_000007728,2,1780,730520355,1408804225
GL848870.1,Chr2_supercontig_000007729,2,1633,730521988,1408805858
GL848871.1,Chr2_supercontig_000007730,2,2344,730524332,1408808202
GL848872.1,Chr2_supercontig_000007731,2,1526,730525858,1408809728
GL848873.1,Chr2_supercontig_000007732,2,2391,730528249,1408812119
GL848874.1,Chr2_supercontig_000007733,2,1738,730529987,1408813857
GL848875.1,Chr2_supercontig_000007734,2,1540,730531527,1408815397
GL848876.1,Chr2_supercontig_000007735,2,1854,730533381,1408817251
GL848877.1,Chr2_supercontig_000007736,2,1780,730535161,1408819031
GL848878.1,Chr2_supercontig_000007737,2,1605,730536766,1408820636
GL848879.1,Chr2_supercontig_000007738,2,1956,730538722,1408822592
GL848880.1,Chr2_supercontig_000007739,2,2116,730540838,1408824708
GL848881.1,Chr2_supercontig_000007740,2,2312,730543150,1408827020
GL848882.1,Chr2_supercontig_000007741,2,1760,730544910,1408828780
GL848883.1,Chr2_supercontig_000007742,2,2257,730547167,1408831037
GL848884.1,Chr2_supercontig_000007743,2,1699,730548866,1408832736
GL848885.1,Chr2_supercontig_000007744,2,2122,730550988,1408834858
GL848886.1,Chr2_supercontig_000007745,2,1919,730552907,1408836777
GL848887.1,Chr2_supercontig_000007746,2,2093,730555000,1408838870
GL848888.1,Chr2_supercontig_000007747,2,1861,730556861,1408840731
GL848889.1,Chr2_supercontig_000007748,2,2960,730559821,1408843691
GL848890.1,Chr2_supercontig_000007749,2,1844,730561665,1408845535
GL848891.1,Chr2_supercontig_000007750,2,2732,730564397,1408848267
GL848892.1,Chr2_supercontig_000007751,2,2581,730566978,1408850848
GL848893.1,Chr2_supercontig_000007752,2,1853,730568831,1408852701
GL848894.1,Chr2_supercontig_000007753,2,1712,730570543,1408854413
GL848895.1,Chr2_supercontig_000007754,2,4491,730575034,1408858904
GL848896.1,Chr2_supercontig_000007755,2,1807,730576841,1408860711
GL848897.1,Chr2_supercontig_000007756,2,1680,730578521,1408862391
GL848898.1,Chr2_supercontig_000007757,2,4131,730582652,1408866522
GL848899.1,Chr2_supercontig_000007758,2,1513,730584165,1408868035
GL848900.1,Chr2_supercontig_000007759,2,4496,730588661,1408872531
GL848901.1,Chr2_supercontig_000007760,2,1776,730590437,1408874307
GL848902.1,Chr2_supercontig_000007761,2,1701,730592138,1408876008
GL848903.1,Chr2_supercontig_000007762,2,2128,730594266,1408878136
GL848904.1,Chr2_supercontig_000007763,2,2819,730597085,1408880955
GL848905.1,Chr2_supercontig_000007764,2,4412,730601497,1408885367
GL848906.1,Chr2_supercontig_000007765,2,1747,730603244,1408887114
GL848907.1,Chr2_supercontig_000007766,2,1835,730605079,1408888949
GL848908.1,Chr2_supercontig_000007767,2,1532,730606611,1408890481
GL848909.1,Chr2_supercontig_000007768,2,1622,730608233,1408892103
GL848910.1,Chr2_supercontig_000007769,2,2220,730610453,1408894323
GL848911.1,Chr2_supercontig_000007770,2,1690,730612143,1408896013
GL848912.1,Chr2_supercontig_000007771,2,1608,730613751,1408897621
GL848913.1,Chr2_supercontig_000007772,2,1962,730615713,1408899583
GL848914.1,Chr2_supercontig_000007773,2,1765,730617478,1408901348
GL848915.1,Chr2_supercontig_000007774,2,1845,730619323,1408903193
GL848916.1,Chr2_supercontig_000007775,2,3836,730623159,1408907029
GL848917.1,Chr2_supercontig_000007776,2,2030,730625189,1408909059
GL848918.1,Chr2_supercontig_000007777,2,1899,730627088,1408910958
GL848919.1,Chr2_supercontig_000007778,2,1674,730628762,1408912632
GL848920.1,Chr2_supercontig_000007779,2,4631,730633393,1408917263
GL848921.1,Chr2_supercontig_000007780,2,2962,730636355,1408920225
GL848922.1,Chr2_supercontig_000007781,2,2125,730638480,1408922350
GL848923.1,Chr2_supercontig_000007782,2,1966,730640446,1408924316
GL848924.1,Chr2_supercontig_000007783,2,1940,730642386,1408926256
GL848925.1,Chr2_supercontig_000007784,2,3341,730645727,1408929597
GL848926.1,Chr2_supercontig_000007785,2,1657,730647384,1408931254
GL848927.1,Chr2_supercontig_000007786,2,1772,730649156,1408933026
GL848928.1,Chr2_supercontig_000007787,2,3298,730652454,1408936324
GL848929.1,Chr2_supercontig_000007788,2,6044,730658498,1408942368
GL848930.1,Chr2_supercontig_000007789,2,2679,730661177,1408945047
GL848931.1,Chr2_supercontig_000007790,2,7487,730668664,1408952534
GL848932.1,Chr2_supercontig_000007791,2,3789,730672453,1408956323
GL848933.1,Chr2_supercontig_000007792,2,3326,730675779,1408959649
GL848934.1,Chr2_supercontig_000007793,2,10024,730685803,1408969673
GL848935.1,Chr2_supercontig_000007794,2,2575,730688378,1408972248
GL848936.1,Chr2_supercontig_000007795,2,8803,730697181,1408981051
GL848937.1,Chr2_supercontig_000007796,2,8974,730706155,1408990025
GL848938.1,Chr2_supercontig_000007797,2,2456,730708611,1408992481
GL848939.1,Chr2_supercontig_000007798,2,1543,730710154,1408994024
GL848940.1,Chr2_supercontig_000007799,2,6741,730716895,1409000765
GL848941.1,Chr2_supercontig_000007800,2,9479,730726374,1409010244
GL848942.1,Chr2_supercontig_000007801,2,4098,730730472,1409014342
GL848943.1,Chr2_supercontig_000007802,2,2145,730732617,1409016487
GL848944.1,Chr2_supercontig_000007803,2,16094,730748711,1409032581
GL848945.1,Chr2_supercontig_000007804,2,3748,730752459,1409036329
GL848946.1,Chr2_supercontig_000007805,2,4568,730757027,1409040897
GL848947.1,Chr2_supercontig_000007806,2,7779,730764806,1409048676
GL848948.1,Chr2_supercontig_000007807,2,1712,730766518,1409050388
GL848949.1,Chr2_supercontig_000007808,2,8762,730775280,1409059150
GL848950.1,Chr2_supercontig_000007809,2,3090,730778370,1409062240
GL848951.1,Chr2_supercontig_000007810,2,6829,730785199,1409069069
GL848952.1,Chr2_supercontig_000007811,2,2157,730787356,1409071226
GL848953.1,Chr2_supercontig_000007812,2,3207,730790563,1409074433
GL848954.1,Chr2_supercontig_000007813,2,8734,730799297,1409083167
GL848955.1,Chr2_supercontig_000007814,2,5291,730804588,1409088458
GL848956.1,Chr2_supercontig_000007815,2,3845,730808433,1409092303
GL848957.1,Chr2_supercontig_000007816,2,17249,730825682,1409109552
GL848958.1,Chr2_supercontig_000007817,2,4756,730830438,1409114308
GL848959.1,Chr2_supercontig_000007818,2,3248,730833686,1409117556
GL848960.1,Chr2_supercontig_000007819,2,6200,730839886,1409123756
GL848961.1,Chr2_supercontig_000007820,2,5246,730845132,1409129002
GL848962.1,Chr2_supercontig_000007821,2,12047,730857179,1409141049
GL848963.1,Chr2_supercontig_000007822,2,4377,730861556,1409145426
GL848964.1,Chr2_supercontig_000007823,2,3616,730865172,1409149042
GL848965.1,Chr2_supercontig_000007824,2,5306,730870478,1409154348
GL848966.1,Chr2_supercontig_000007825,2,4886,730875364,1409159234
GL848967.1,Chr2_supercontig_000007826,2,16558,730891922,1409175792
GL848968.1,Chr2_supercontig_000007827,2,4059,730895981,1409179851
GL848969.1,Chr2_supercontig_000007828,2,1814,730897795,1409181665
GL848970.1,Chr2_supercontig_000007829,2,5247,730903042,1409186912
GL848971.1,Chr2_supercontig_000007830,2,3494,730906536,1409190406
GL848972.1,Chr2_supercontig_000007831,2,2642,730909178,1409193048
GL848973.1,Chr2_supercontig_000007832,2,20510,730929688,1409213558
GL848974.1,Chr2_supercontig_000007833,2,2688,730932376,1409216246
GL848975.1,Chr2_supercontig_000007834,2,15718,730948094,1409231964
GL848976.1,Chr2_supercontig_000007835,2,2439,730950533,1409234403
GL848977.1,Chr2_supercontig_000007836,2,3135,730953668,1409237538
GL848978.1,Chr2_supercontig_000007837,2,2506,730956174,1409240044
GL848979.1,Chr2_supercontig_000007838,2,3172,730959346,1409243216
GL848980.1,Chr2_supercontig_000007839,2,8880,730968226,1409252096
GL848981.1,Chr2_supercontig_000007840,2,4528,730972754,1409256624
GL848982.1,Chr2_supercontig_000007841,2,3335,730976089,1409259959
GL848983.1,Chr2_supercontig_000007842,2,2041,730978130,1409262000
GL848984.1,Chr2_supercontig_000007843,2,2595,730980725,1409264595
GL848985.1,Chr2_supercontig_000007844,2,5272,730985997,1409269867
GL848986.1,Chr2_supercontig_000007845,2,2495,730988492,1409272362
GL848987.1,Chr2_supercontig_000007846,2,4078,730992570,1409276440
GL848988.1,Chr2_supercontig_000007847,2,1693,730994263,1409278133
GL848989.1,Chr2_supercontig_000007848,2,2109,730996372,1409280242
GL848990.1,Chr2_supercontig_000007849,2,4057,731000429,1409284299
GL848991.1,Chr2_supercontig_000007850,2,7737,731008166,1409292036
GL848992.1,Chr2_supercontig_000007851,2,2914,731011080,1409294950
GL848993.1,Chr2_supercontig_000007852,2,3600,731014680,1409298550
GL848994.1,Chr2_supercontig_000007853,2,4119,731018799,1409302669
GL848995.1,Chr2_supercontig_000007854,2,2012,731020811,1409304681
GL848996.1,Chr2_supercontig_000007855,2,7625,731028436,1409312306
GL848997.1,Chr2_supercontig_000007856,2,13494,731041930,1409325800
GL848998.1,Chr2_supercontig_000007857,2,21512,731063442,1409347312
GL848999.1,Chr2_supercontig_000007858,2,7177,731070619,1409354489
GL849000.1,Chr2_supercontig_000007859,2,5824,731076443,1409360313
GL849001.1,Chr2_supercontig_000007860,2,16855,731093298,1409377168
GL849002.1,Chr2_supercontig_000007861,2,6784,731100082,1409383952
GL849003.1,Chr2_supercontig_000007862,2,27794,731127876,1409411746
GL849004.1,Chr2_supercontig_000007863,2,5217,731133093,1409416963
GL849005.1,Chr2_supercontig_000007864,2,13808,731146901,1409430771
GL849006.1,Chr2_supercontig_000007865,2,15746,731162647,1409446517
GL849007.1,Chr2_supercontig_000007866,2,8336,731170983,1409454853
GL849008.1,Chr2_supercontig_000007867,2,4664,731175647,1409459517
GL849009.1,Chr2_supercontig_000007868,2,2568,731178215,1409462085
GL849010.1,Chr2_supercontig_000007869,2,9001,731187216,1409471086
GL849011.1,Chr2_supercontig_000007870,2,4635,731191851,1409475721
GL849012.1,Chr2_supercontig_000007871,2,4345,731196196,1409480066
GL849013.1,Chr2_supercontig_000007872,2,7755,731203951,1409487821
GL849014.1,Chr2_supercontig_000007873,2,20933,731224884,1409508754
GL849015.1,Chr2_supercontig_000007874,2,4507,731229391,1409513261
GL849016.1,Chr2_supercontig_000007875,2,1710,731231101,1409514971
GL849017.1,Chr2_supercontig_000007876,2,15101,731246202,1409530072
GL849018.1,Chr2_supercontig_000007877,2,9092,731255294,1409539164
GL849019.1,Chr2_supercontig_000007878,2,4443,731259737,1409543607
GL849020.1,Chr2_supercontig_000007879,2,5711,731265448,1409549318
GL849021.1,Chr2_supercontig_000007880,2,3484,731268932,1409552802
GL849022.1,Chr2_supercontig_000007881,2,9957,731278889,1409562759
GL849023.1,Chr2_supercontig_000007882,2,2636,731281525,1409565395
GL849024.1,Chr2_supercontig_000007883,2,2103,731283628,1409567498
GL849025.1,Chr2_supercontig_000007884,2,5991,731289619,1409573489
GL849026.1,Chr2_supercontig_000007885,2,1545,731291164,1409575034
GL849027.1,Chr2_supercontig_000007886,2,4439,731295603,1409579473
GL849028.1,Chr2_supercontig_000007887,2,1735,731297338,1409581208
GL849029.1,Chr2_supercontig_000007888,2,3392,731300730,1409584600
GL849030.1,Chr2_supercontig_000007889,2,2197,731302927,1409586797
GL849031.1,Chr2_supercontig_000007890,2,2505,731305432,1409589302
GL849032.1,Chr2_supercontig_000007891,2,16002,731321434,1409605304
GL849033.1,Chr2_supercontig_000007892,2,2169,731323603,1409607473
GL849034.1,Chr2_supercontig_000007893,2,1631,731325234,1409609104
GL849035.1,Chr2_supercontig_000007894,2,4445,731329679,1409613549
GL849036.1,Chr2_supercontig_000007895,2,3327,731333006,1409616876
GL849037.1,Chr2_supercontig_000007896,2,5235,731338241,1409622111
GL849038.1,Chr2_supercontig_000007897,2,1933,731340174,1409624044
GL849039.1,Chr2_supercontig_000007898,2,3101,731343275,1409627145
GL849040.1,Chr2_supercontig_000007899,2,2251,731345526,1409629396
GL849041.1,Chr2_supercontig_000007900,2,3078,731348604,1409632474
GL849042.1,Chr2_supercontig_000007901,2,5785,731354389,1409638259
GL849043.1,Chr2_supercontig_000007902,2,7964,731362353,1409646223
GL849044.1,Chr2_supercontig_000007903,2,4940,731367293,1409651163
GL849045.1,Chr2_supercontig_000007904,2,3388,731370681,1409654551
GL849046.1,Chr2_supercontig_000007905,2,4729,731375410,1409659280
GL849047.1,Chr2_supercontig_000007906,2,3352,731378762,1409662632
GL849048.1,Chr2_supercontig_000007907,2,1885,731380647,1409664517
GL849049.1,Chr2_supercontig_000007908,2,2754,731383401,1409667271
GL849050.1,Chr2_supercontig_000007909,2,17107,731400508,1409684378
GL849051.1,Chr2_supercontig_000007910,2,1797,731402305,1409686175
GL849052.1,Chr2_supercontig_000007911,2,3730,731406035,1409689905
GL849053.1,Chr2_supercontig_000007912,2,1859,731407894,1409691764
GL849054.1,Chr2_supercontig_000007913,2,5355,731413249,1409697119
GL849055.1,Chr2_supercontig_000007914,2,3874,731417123,1409700993
GL849056.1,Chr2_supercontig_000007915,2,6604,731423727,1409707597
GL849057.1,Chr2_supercontig_000007916,2,8900,731432627,1409716497
GL849058.1,Chr2_supercontig_000007917,2,5792,731438419,1409722289
GL849059.1,Chr2_supercontig_000007918,2,5696,731444115,1409727985
GL849060.1,Chr2_supercontig_000007919,2,8404,731452519,1409736389
GL849061.1,Chr2_supercontig_000007920,2,1962,731454481,1409738351
GL849062.1,Chr2_supercontig_000007921,2,2347,731456828,1409740698
GL849063.1,Chr2_supercontig_000007922,2,4194,731461022,1409744892
GL849064.1,Chr2_supercontig_000007923,2,2749,731463771,1409747641
GL849065.1,Chr2_supercontig_000007924,2,2371,731466142,1409750012
GL849066.1,Chr2_supercontig_000007925,2,1832,731467974,1409751844
GL849067.1,Chr2_supercontig_000007926,2,2774,731470748,1409754618
GL849068.1,Chr2_supercontig_000007927,2,5084,731475832,1409759702
GL849069.1,Chr2_supercontig_000007928,2,5584,731481416,1409765286
GL849070.1,Chr2_supercontig_000007929,2,3230,731484646,1409768516
GL849071.1,Chr2_supercontig_000007930,2,4769,731489415,1409773285
GL849072.1,Chr2_supercontig_000007931,2,4215,731493630,1409777500
GL849073.1,Chr2_supercontig_000007932,2,9351,731502981,1409786851
GL849074.1,Chr2_supercontig_000007933,2,3222,731506203,1409790073
GL849075.1,Chr2_supercontig_000007934,2,5040,731511243,1409795113
GL849076.1,Chr2_supercontig_000007935,2,6224,731517467,1409801337
GL849077.1,Chr2_supercontig_000007936,2,7907,731525374,1409809244
GL849078.1,Chr2_supercontig_000007937,2,5713,731531087,1409814957
GL849079.1,Chr2_supercontig_000007938,2,2837,731533924,1409817794
GL849080.1,Chr2_supercontig_000007939,2,1921,731535845,1409819715
GL849081.1,Chr2_supercontig_000007940,2,4615,731540460,1409824330
GL849082.1,Chr2_supercontig_000007941,2,3187,731543647,1409827517
GL849083.1,Chr2_supercontig_000007942,2,2420,731546067,1409829937
GL849084.1,Chr2_supercontig_000007943,2,2218,731548285,1409832155
GL849085.1,Chr2_supercontig_000007944,2,11836,731560121,1409843991
GL849086.1,Chr2_supercontig_000007945,2,3575,731563696,1409847566
GL849087.1,Chr2_supercontig_000007946,2,2010,731565706,1409849576
GL849088.1,Chr2_supercontig_000007947,2,6808,731572514,1409856384
GL849089.1,Chr2_supercontig_000007948,2,3699,731576213,1409860083
GL849090.1,Chr2_supercontig_000007949,2,4383,731580596,1409864466
GL849091.1,Chr2_supercontig_000007950,2,12128,731592724,1409876594
GL849092.1,Chr2_supercontig_000007951,2,2369,731595093,1409878963
GL849093.1,Chr2_supercontig_000007952,2,2047,731597140,1409881010
GL849094.1,Chr2_supercontig_000007953,2,5590,731602730,1409886600
GL849095.1,Chr2_supercontig_000007954,2,5087,731607817,1409891687
GL849096.1,Chr2_supercontig_000007955,2,9700,731617517,1409901387
GL849097.1,Chr2_supercontig_000007956,2,2918,731620435,1409904305
GL849098.1,Chr2_supercontig_000007957,2,3845,731624280,1409908150
GL849099.1,Chr2_supercontig_000007958,2,8334,731632614,1409916484
GL849100.1,Chr2_supercontig_000007959,2,10525,731643139,1409927009
GL849101.1,Chr2_supercontig_000007960,2,7464,731650603,1409934473
GL849102.1,Chr2_supercontig_000007961,2,5270,731655873,1409939743
GL849103.1,Chr2_supercontig_000007962,2,8594,731664467,1409948337
GL849104.1,Chr2_supercontig_000007963,2,9022,731673489,1409957359
GL849105.1,Chr2_supercontig_000007964,2,7551,731681040,1409964910
GL849106.1,Chr2_supercontig_000007965,2,5964,731687004,1409970874
GL849107.1,Chr2_supercontig_000007966,2,6296,731693300,1409977170
GL849108.1,Chr2_supercontig_000007967,2,5382,731698682,1409982552
GL849109.1,Chr2_supercontig_000007968,2,5496,731704178,1409988048
GL849110.1,Chr2_supercontig_000007969,2,9824,731714002,1409997872
GL849111.1,Chr2_supercontig_000007970,2,5141,731719143,1410003013
GL849112.1,Chr2_supercontig_000007971,2,6574,731725717,1410009587
GL849113.1,Chr2_supercontig_000007972,2,10196,731735913,1410019783
GL849114.1,Chr2_supercontig_000007973,2,6366,731742279,1410026149
GL849115.1,Chr2_supercontig_000007974,2,8304,731750583,1410034453
GL849116.1,Chr2_supercontig_000007975,2,25094,731775677,1410059547
GL849117.1,Chr2_supercontig_000007976,2,5899,731781576,1410065446
GL849118.1,Chr2_supercontig_000007977,2,12592,731794168,1410078038
GL849119.1,Chr2_supercontig_000007978,2,6519,731800687,1410084557
GL849120.1,Chr2_supercontig_000007979,2,8662,731809349,1410093219
GL849121.1,Chr2_supercontig_000007980,2,15140,731824489,1410108359
GL849122.1,Chr2_supercontig_000007981,2,11448,731835937,1410119807
GL849123.1,Chr2_supercontig_000007982,2,34536,731870473,1410154343
GL849124.1,Chr2_supercontig_000007983,2,12624,731883097,1410166967
GL849125.1,Chr2_supercontig_000007984,2,8936,731892033,1410175903
GL849126.1,Chr2_supercontig_000007985,2,5844,731897877,1410181747
GL849127.1,Chr2_supercontig_000007986,2,6691,731904568,1410188438
GL849128.1,Chr2_supercontig_000007987,2,6393,731910961,1410194831
GL849129.1,Chr2_supercontig_000007988,2,8044,731919005,1410202875
GL849130.1,Chr2_supercontig_000007989,2,6731,731925736,1410209606
GL849131.1,Chr2_supercontig_000007990,2,16656,731942392,1410226262
GL849132.1,Chr2_supercontig_000007991,2,24159,731966551,1410250421
GL849133.1,Chr2_supercontig_000007992,2,9523,731976074,1410259944
GL849134.1,Chr2_supercontig_000007993,2,5419,731981493,1410265363
GL849135.1,Chr2_supercontig_000007994,2,6024,731987517,1410271387
GL849136.1,Chr2_supercontig_000007995,2,9353,731996870,1410280740
GL849137.1,Chr2_supercontig_000007996,2,20385,732017255,1410301125
GL849138.1,Chr2_supercontig_000007997,2,5880,732023135,1410307005
GL849139.1,Chr2_supercontig_000007998,2,18517,732041652,1410325522
GL849140.1,Chr2_supercontig_000007999,2,5802,732047454,1410331324
GL849141.1,Chr2_supercontig_000008000,2,5460,732052914,1410336784
GL849142.1,Chr2_supercontig_000008001,2,45035,732097949,1410381819
GL849143.1,Chr2_supercontig_000008002,2,6564,732104513,1410388383
GL849144.1,Chr2_supercontig_000008003,2,18262,732122775,1410406645
GL849145.1,Chr2_supercontig_000008004,2,5020,732127795,1410411665
GL849146.1,Chr2_supercontig_000008005,2,5255,732133050,1410416920
GL849147.1,Chr2_supercontig_000008006,2,6017,732139067,1410422937
GL849148.1,Chr2_supercontig_000008007,2,5018,732144085,1410427955
GL849149.1,Chr2_supercontig_000008008,2,5932,732150017,1410433887
GL849150.1,Chr2_supercontig_000008009,2,8607,732158624,1410442494
GL849151.1,Chr2_supercontig_000008010,2,5546,732164170,1410448040
GL849152.1,Chr2_supercontig_000008011,2,11453,732175623,1410459493
GL849153.1,Chr2_supercontig_000008012,2,5700,732181323,1410465193
GL849154.1,Chr2_supercontig_000008013,2,40470,732221793,1410505663
GL849155.1,Chr2_supercontig_000008014,2,5040,732226833,1410510703
GL849156.1,Chr2_supercontig_000008015,2,15427,732242260,1410526130
GL849157.1,Chr2_supercontig_000008016,2,12902,732255162,1410539032
GL849158.1,Chr2_supercontig_000008017,2,27923,732283085,1410566955
GL849159.1,Chr2_supercontig_000008018,2,6724,732289809,1410573679
GL849160.1,Chr2_supercontig_000008019,2,17403,732307212,1410591082
GL849161.1,Chr2_supercontig_000008020,2,12564,732319776,1410603646
GL849162.1,Chr2_supercontig_000008021,2,21923,732341699,1410625569
GL849163.1,Chr2_supercontig_000008022,2,14726,732356425,1410640295
GL849164.1,Chr2_supercontig_000008023,2,8149,732364574,1410648444
GL849165.1,Chr2_supercontig_000008024,2,19995,732384569,1410668439
GL849166.1,Chr2_supercontig_000008025,2,6048,732390617,1410674487
GL849167.1,Chr2_supercontig_000008026,2,22115,732412732,1410696602
GL849168.1,Chr2_supercontig_000008027,2,11586,732424318,1410708188
GL849169.1,Chr2_supercontig_000008028,2,5009,732429327,1410713197
GL849170.1,Chr2_supercontig_000008029,2,6397,732435724,1410719594
GL849171.1,Chr2_supercontig_000008030,2,16493,732452217,1410736087
GL849172.1,Chr2_supercontig_000008031,2,21916,732474133,1410758003
GL849173.1,Chr2_supercontig_000008032,2,15796,732489929,1410773799
GL849174.1,Chr2_supercontig_000008033,2,6650,732496579,1410780449
GL849175.1,Chr2_supercontig_000008034,2,24499,732521078,1410804948
GL849176.1,Chr2_supercontig_000008035,2,7072,732528150,1410812020
GL849177.1,Chr2_supercontig_000008036,2,5303,732533453,1410817323
GL849178.1,Chr2_supercontig_000008037,2,14613,732548066,1410831936
GL849179.1,Chr2_supercontig_000008038,2,5011,732553077,1410836947
GL849180.1,Chr2_supercontig_000008039,2,19767,732572844,1410856714
GL849181.1,Chr2_supercontig_000008040,2,6888,732579732,1410863602
GL849182.1,Chr2_supercontig_000008041,2,5094,732584826,1410868696
GL849183.1,Chr2_supercontig_000008042,2,5909,732590735,1410874605
GL849184.1,Chr2_supercontig_000008043,2,5531,732596266,1410880136
GL849185.1,Chr2_supercontig_000008044,2,5967,732602233,1410886103
GL849186.1,Chr2_supercontig_000008045,2,6118,732608351,1410892221
GL849187.1,Chr2_supercontig_000008046,2,5689,732614040,1410897910
GL849188.1,Chr2_supercontig_000008047,2,7002,732621042,1410904912
GL849189.1,Chr2_supercontig_000008048,2,14342,732635384,1410919254
GL849190.1,Chr2_supercontig_000008049,2,1827,732637211,1410921081
GL849191.1,Chr2_supercontig_000008050,2,1615,732638826,1410922696
GL849192.1,Chr2_supercontig_000008051,2,2911,732641737,1410925607
GL849193.1,Chr2_supercontig_000008052,2,2587,732644324,1410928194
GL849194.1,Chr2_supercontig_000008053,2,1687,732646011,1410929881
GL849195.1,Chr2_supercontig_000008054,2,1538,732647549,1410931419
GL849196.1,Chr2_supercontig_000008055,2,2894,732650443,1410934313
GL849197.1,Chr2_supercontig_000008056,2,1549,732651992,1410935862
GL849198.1,Chr2_supercontig_000008057,2,5549,732657541,1410941411
GL849199.1,Chr2_supercontig_000008058,2,2130,732659671,1410943541
GL849200.1,Chr2_supercontig_000008059,2,1971,732661642,1410945512
GL849201.1,Chr2_supercontig_000008060,2,1566,732663208,1410947078
GL849202.1,Chr2_supercontig_000008061,2,2675,732665883,1410949753
GL849203.1,Chr2_supercontig_000008062,2,1984,732667867,1410951737
GL849204.1,Chr2_supercontig_000008063,2,2134,732670001,1410953871
GL849205.1,Chr2_supercontig_000008064,2,1638,732671639,1410955509
GL849206.1,Chr2_supercontig_000008065,2,3903,732675542,1410959412
GL849207.1,Chr2_supercontig_000008066,2,1708,732677250,1410961120
GL849208.1,Chr2_supercontig_000008067,2,2282,732679532,1410963402
GL849209.1,Chr2_supercontig_000008068,2,2291,732681823,1410965693
GL849210.1,Chr2_supercontig_000008069,2,1620,732683443,1410967313
GL849211.1,Chr2_supercontig_000008070,2,1530,732684973,1410968843
GL849212.1,Chr2_supercontig_000008071,2,1765,732686738,1410970608
GL849213.1,Chr2_supercontig_000008072,2,1838,732688576,1410972446
GL849214.1,Chr2_supercontig_000008073,2,1723,732690299,1410974169
GL849215.1,Chr2_supercontig_000008074,2,1757,732692056,1410975926
GL849216.1,Chr2_supercontig_000008075,2,2170,732694226,1410978096
GL849217.1,Chr2_supercontig_000008076,2,2384,732696610,1410980480
GL849218.1,Chr2_supercontig_000008077,2,1605,732698215,1410982085
GL849219.1,Chr2_supercontig_000008078,2,2172,732700387,1410984257
GL849220.1,Chr2_supercontig_000008079,2,1906,732702293,1410986163
GL849221.1,Chr2_supercontig_000008080,2,1524,732703817,1410987687
GL849222.1,Chr2_supercontig_000008081,2,1885,732705702,1410989572
GL849223.1,Chr2_supercontig_000008082,2,2451,732708153,1410992023
GL849224.1,Chr2_supercontig_000008083,2,1621,732709774,1410993644
GL849225.1,Chr2_supercontig_000008084,2,1738,732711512,1410995382
GL849226.1,Chr2_supercontig_000008085,2,1515,732713027,1410996897
GL849227.1,Chr2_supercontig_000008086,2,2205,732715232,1410999102
GL849228.1,Chr2_supercontig_000008087,2,5755,732720987,1411004857
GL849229.1,Chr2_supercontig_000008088,2,1508,732722495,1411006365
GL849230.1,Chr2_supercontig_000008089,2,1856,732724351,1411008221
GL849231.1,Chr2_supercontig_000008090,2,2324,732726675,1411010545
GL849232.1,Chr2_supercontig_000008091,2,2040,732728715,1411012585
GL849233.1,Chr2_supercontig_000008092,2,1569,732730284,1411014154
GL849234.1,Chr2_supercontig_000008093,2,1704,732731988,1411015858
GL849235.1,Chr2_supercontig_000008094,2,1579,732733567,1411017437
GL849236.1,Chr2_supercontig_000008095,2,2977,732736544,1411020414
GL849237.1,Chr2_supercontig_000008096,2,1569,732738113,1411021983
GL849238.1,Chr2_supercontig_000008097,2,1509,732739622,1411023492
GL849239.1,Chr2_supercontig_000008098,2,2268,732741890,1411025760
GL849240.1,Chr2_supercontig_000008099,2,1506,732743396,1411027266
GL849241.1,Chr2_supercontig_000008100,2,2052,732745448,1411029318
GL849242.1,Chr2_supercontig_000008101,2,1753,732747201,1411031071
GL849243.1,Chr2_supercontig_000008102,2,2748,732749949,1411033819
GL849244.1,Chr2_supercontig_000008103,2,1736,732751685,1411035555
GL849245.1,Chr2_supercontig_000008104,2,1727,732753412,1411037282
GL849246.1,Chr2_supercontig_000008105,2,2257,732755669,1411039539
GL849247.1,Chr2_supercontig_000008106,2,2070,732757739,1411041609
GL849248.1,Chr2_supercontig_000008107,2,1860,732759599,1411043469
GL849249.1,Chr2_supercontig_000008108,2,1604,732761203,1411045073
GL849250.1,Chr2_supercontig_000008109,2,3753,732764956,1411048826
GL849251.1,Chr2_supercontig_000008110,2,1966,732766922,1411050792
GL849252.1,Chr2_supercontig_000008111,2,4190,732771112,1411054982
GL849253.1,Chr2_supercontig_000008112,2,1661,732772773,1411056643
GL849254.1,Chr2_supercontig_000008113,2,2046,732774819,1411058689
GL849255.1,Chr2_supercontig_000008114,2,1523,732776342,1411060212
GL849256.1,Chr2_supercontig_000008115,2,2572,732778914,1411062784
GL849257.1,Chr2_supercontig_000008116,2,1579,732780493,1411064363
GL849258.1,Chr2_supercontig_000008117,2,1582,732782075,1411065945
GL849259.1,Chr2_supercontig_000008118,2,1545,732783620,1411067490
GL849260.1,Chr2_supercontig_000008119,2,2518,732786138,1411070008
GL849261.1,Chr2_supercontig_000008120,2,2254,732788392,1411072262
GL849262.1,Chr2_supercontig_000008121,2,1567,732789959,1411073829
GL849263.1,Chr2_supercontig_000008122,2,2838,732792797,1411076667
GL849264.1,Chr2_supercontig_000008123,2,1584,732794381,1411078251
GL849265.1,Chr2_supercontig_000008124,2,1561,732795942,1411079812
GL849266.1,Chr2_supercontig_000008125,2,1569,732797511,1411081381
GL849267.1,Chr2_supercontig_000008126,2,1621,732799132,1411083002
GL849268.1,Chr2_supercontig_000008127,2,1613,732800745,1411084615
GL849269.1,Chr2_supercontig_000008128,2,2002,732802747,1411086617
GL849270.1,Chr2_supercontig_000008129,2,2158,732804905,1411088775
GL849271.1,Chr2_supercontig_000008130,2,1650,732806555,1411090425
GL849272.1,Chr2_supercontig_000008131,2,1740,732808295,1411092165
GL849273.1,Chr2_supercontig_000008132,2,1634,732809929,1411093799
GL849274.1,Chr2_supercontig_000008133,2,1585,732811514,1411095384
GL849275.1,Chr2_supercontig_000008134,2,1632,732813146,1411097016
GL849276.1,Chr2_supercontig_000008135,2,4457,732817603,1411101473
GL849277.1,Chr2_supercontig_000008136,2,2034,732819637,1411103507
GL849278.1,Chr2_supercontig_000008137,2,4320,732823957,1411107827
GL849279.1,Chr2_supercontig_000008138,2,2003,732825960,1411109830
GL849280.1,Chr2_supercontig_000008139,2,1825,732827785,1411111655
GL849281.1,Chr2_supercontig_000008140,2,2849,732830634,1411114504
GL849282.1,Chr2_supercontig_000008141,2,1558,732832192,1411116062
GL849283.1,Chr2_supercontig_000008142,2,1674,732833866,1411117736
GL849284.1,Chr2_supercontig_000008143,2,1696,732835562,1411119432
GL849285.1,Chr2_supercontig_000008144,2,1531,732837093,1411120963
GL849286.1,Chr2_supercontig_000008145,2,1938,732839031,1411122901
GL849287.1,Chr2_supercontig_000008146,2,1649,732840680,1411124550
GL849288.1,Chr2_supercontig_000008147,2,1773,732842453,1411126323
GL849289.1,Chr2_supercontig_000008148,2,1531,732843984,1411127854
GL849290.1,Chr2_supercontig_000008149,2,1578,732845562,1411129432
GL849291.1,Chr2_supercontig_000008150,2,1534,732847096,1411130966
GL849292.1,Chr2_supercontig_000008151,2,1850,732848946,1411132816
GL849293.1,Chr2_supercontig_000008152,2,1652,732850598,1411134468
GL849294.1,Chr2_supercontig_000008153,2,1552,732852150,1411136020
GL849295.1,Chr2_supercontig_000008154,2,1838,732853988,1411137858
GL849296.1,Chr2_supercontig_000008155,2,2029,732856017,1411139887
GL849297.1,Chr2_supercontig_000008156,2,1755,732857772,1411141642
GL849298.1,Chr2_supercontig_000008157,2,2719,732860491,1411144361
GL849299.1,Chr2_supercontig_000008158,2,1644,732862135,1411146005
GL849300.1,Chr2_supercontig_000008159,2,1649,732863784,1411147654
GL849301.1,Chr2_supercontig_000008160,2,1913,732865697,1411149567
GL849302.1,Chr2_supercontig_000008161,2,2218,732867915,1411151785
GL849303.1,Chr2_supercontig_000008162,2,2141,732870056,1411153926
GL849304.1,Chr2_supercontig_000008163,2,1828,732871884,1411155754
GL849305.1,Chr2_supercontig_000008164,2,1514,732873398,1411157268
GL849306.1,Chr2_supercontig_000008165,2,2488,732875886,1411159756
GL849307.1,Chr2_supercontig_000008166,2,1721,732877607,1411161477
GL849308.1,Chr2_supercontig_000008167,2,2283,732879890,1411163760
GL849309.1,Chr2_supercontig_000008168,2,1578,732881468,1411165338
GL849310.1,Chr2_supercontig_000008169,2,1856,732883324,1411167194
GL849311.1,Chr2_supercontig_000008170,2,2779,732886103,1411169973
GL849312.1,Chr2_supercontig_000008171,2,2084,732888187,1411172057
GL849313.1,Chr2_supercontig_000008172,2,1719,732889906,1411173776
GL849314.1,Chr2_supercontig_000008173,2,2393,732892299,1411176169
GL849315.1,Chr2_supercontig_000008174,2,2029,732894328,1411178198
GL849316.1,Chr2_supercontig_000008175,2,2009,732896337,1411180207
GL849317.1,Chr2_supercontig_000008176,2,1841,732898178,1411182048
GL849318.1,Chr2_supercontig_000008177,2,13780,732911958,1411195828
GL849319.1,Chr2_supercontig_000008178,2,2035,732913993,1411197863
GL849320.1,Chr2_supercontig_000008179,2,5058,732919051,1411202921
GL849321.1,Chr2_supercontig_000008180,2,2516,732921567,1411205437
GL849322.1,Chr2_supercontig_000008181,2,1654,732923221,1411207091
GL849323.1,Chr2_supercontig_000008182,2,4307,732927528,1411211398
GL849324.1,Chr2_supercontig_000008183,2,1514,732929042,1411212912
GL849325.1,Chr2_supercontig_000008184,2,7120,732936162,1411220032
GL849326.1,Chr2_supercontig_000008185,2,1970,732938132,1411222002
GL849327.1,Chr2_supercontig_000008186,2,6633,732944765,1411228635
GL849328.1,Chr2_supercontig_000008187,2,1500,732946265,1411230135
GL849329.1,Chr2_supercontig_000008188,2,2023,732948288,1411232158
GL849330.1,Chr2_supercontig_000008189,2,6496,732954784,1411238654
GL849331.1,Chr2_supercontig_000008190,2,5069,732959853,1411243723
GL849332.1,Chr2_supercontig_000008191,2,2841,732962694,1411246564
GL849333.1,Chr2_supercontig_000008192,2,7382,732970076,1411253946
GL849334.1,Chr2_supercontig_000008193,2,5123,732975199,1411259069
GL849335.1,Chr2_supercontig_000008194,2,4404,732979603,1411263473
GL849336.1,Chr2_supercontig_000008195,2,1843,732981446,1411265316
GL849337.1,Chr2_supercontig_000008196,2,2978,732984424,1411268294
GL849338.1,Chr2_supercontig_000008197,2,1602,732986026,1411269896
GL849339.1,Chr2_supercontig_000008198,2,6548,732992574,1411276444
GL849340.1,Chr2_supercontig_000008199,2,5545,732998119,1411281989
GL849341.1,Chr2_supercontig_000008200,2,10274,733008393,1411292263
GL849342.1,Chr2_supercontig_000008201,2,2427,733010820,1411294690
GL849343.1,Chr2_supercontig_000008202,2,1510,733012330,1411296200
GL849344.1,Chr2_supercontig_000008203,2,1903,733014233,1411298103
GL849345.1,Chr2_supercontig_000008204,2,3927,733018160,1411302030
GL849346.1,Chr2_supercontig_000008205,2,1886,733020046,1411303916
GL849347.1,Chr2_supercontig_000008206,2,2444,733022490,1411306360
GL849348.1,Chr2_supercontig_000008207,2,2628,733025118,1411308988
GL849349.1,Chr2_supercontig_000008208,2,2355,733027473,1411311343
GL849350.1,Chr2_supercontig_000008209,2,1706,733029179,1411313049
GL849351.1,Chr2_supercontig_000008210,2,1799,733030978,1411314848
GL849352.1,Chr2_supercontig_000008211,2,1702,733032680,1411316550
GL849353.1,Chr2_supercontig_000008212,2,9871,733042551,1411326421
GL849354.1,Chr2_supercontig_000008213,2,1835,733044386,1411328256
GL849355.1,Chr2_supercontig_000008214,2,1618,733046004,1411329874
GL849356.1,Chr2_supercontig_000008215,2,1686,733047690,1411331560
GL849357.1,Chr2_supercontig_000008216,2,1525,733049215,1411333085
GL849358.1,Chr2_supercontig_000008217,2,1807,733051022,1411334892
GL849359.1,Chr2_supercontig_000008218,2,1567,733052589,1411336459
GL849360.1,Chr2_supercontig_000008219,2,4260,733056849,1411340719
GL849361.1,Chr2_supercontig_000008220,2,1990,733058839,1411342709
GL849362.1,Chr2_supercontig_000008221,2,1616,733060455,1411344325
GL849363.1,Chr2_supercontig_000008222,2,1878,733062333,1411346203
GL849364.1,Chr2_supercontig_000008223,2,1686,733064019,1411347889
GL849365.1,Chr2_supercontig_000008224,2,2728,733066747,1411350617
GL849366.1,Chr2_supercontig_000008225,2,2694,733069441,1411353311
GL849367.1,Chr2_supercontig_000008226,2,1822,733071263,1411355133
GL849368.1,Chr2_supercontig_000008227,2,2153,733073416,1411357286
GL849369.1,Chr2_supercontig_000008228,2,1909,733075325,1411359195
GL849370.1,Chr2_supercontig_000008229,2,1661,733076986,1411360856
GL849371.1,Chr2_supercontig_000008230,2,4053,733081039,1411364909
GL849372.1,Chr2_supercontig_000008231,2,1532,733082571,1411366441
GL849373.1,Chr2_supercontig_000008232,2,1596,733084167,1411368037
GL849374.1,Chr2_supercontig_000008233,2,1958,733086125,1411369995
GL849375.1,Chr2_supercontig_000008234,2,2126,733088251,1411372121
GL849376.1,Chr2_supercontig_000008235,2,1970,733090221,1411374091
GL849377.1,Chr2_supercontig_000008236,2,3427,733093648,1411377518
GL849378.1,Chr2_supercontig_000008237,2,2742,733096390,1411380260
GL849379.1,Chr2_supercontig_000008238,2,1592,733097982,1411381852
GL849380.1,Chr2_supercontig_000008239,2,1637,733099619,1411383489
GL849381.1,Chr2_supercontig_000008240,2,1888,733101507,1411385377
GL849382.1,Chr2_supercontig_000008241,2,2091,733103598,1411387468
GL849383.1,Chr2_supercontig_000008242,2,5815,733109413,1411393283
GL849384.1,Chr2_supercontig_000008243,2,2220,733111633,1411395503
GL849385.1,Chr2_supercontig_000008244,2,3373,733115006,1411398876
GL849386.1,Chr2_supercontig_000008245,2,2094,733117100,1411400970
GL849387.1,Chr2_supercontig_000008246,2,4074,733121174,1411405044
GL849388.1,Chr2_supercontig_000008247,2,1774,733122948,1411406818
GL849389.1,Chr2_supercontig_000008248,2,1701,733124649,1411408519
GL849390.1,Chr2_supercontig_000008249,2,1784,733126433,1411410303
GL849391.1,Chr2_supercontig_000008250,2,2880,733129313,1411413183
GL849392.1,Chr2_supercontig_000008251,2,2466,733131779,1411415649
GL849393.1,Chr2_supercontig_000008252,2,2430,733134209,1411418079
GL849394.1,Chr2_supercontig_000008253,2,1574,733135783,1411419653
GL849395.1,Chr2_supercontig_000008254,2,1571,733137354,1411421224
GL849396.1,Chr2_supercontig_000008255,2,2413,733139767,1411423637
GL849397.1,Chr2_supercontig_000008256,2,1822,733141589,1411425459
GL849398.1,Chr2_supercontig_000008257,2,1835,733143424,1411427294
GL849399.1,Chr2_supercontig_000008258,2,1510,733144934,1411428804
GL849400.1,Chr2_supercontig_000008259,2,7099,733152033,1411435903
GL849401.1,Chr2_supercontig_000008260,2,2459,733154492,1411438362
GL849402.1,Chr2_supercontig_000008261,2,1653,733156145,1411440015
GL849403.1,Chr2_supercontig_000008262,2,1661,733157806,1411441676
GL849404.1,Chr2_supercontig_000008263,2,1741,733159547,1411443417
GL849405.1,Chr2_supercontig_000008264,2,1797,733161344,1411445214
GL849406.1,Chr2_supercontig_000008265,2,1610,733162954,1411446824
GL849407.1,Chr2_supercontig_000008266,2,1890,733164844,1411448714
GL849408.1,Chr2_supercontig_000008267,2,1671,733166515,1411450385
GL849409.1,Chr2_supercontig_000008268,2,2066,733168581,1411452451
GL849410.1,Chr2_supercontig_000008269,2,2355,733170936,1411454806
GL849411.1,Chr2_supercontig_000008270,2,1740,733172676,1411456546
GL849412.1,Chr2_supercontig_000008271,2,1514,733174190,1411458060
GL849413.1,Chr2_supercontig_000008272,2,1576,733175766,1411459636
GL849414.1,Chr2_supercontig_000008273,2,1550,733177316,1411461186
GL849415.1,Chr2_supercontig_000008274,2,1717,733179033,1411462903
GL849416.1,Chr2_supercontig_000008275,2,1730,733180763,1411464633
GL849417.1,Chr2_supercontig_000008276,2,1865,733182628,1411466498
GL849418.1,Chr2_supercontig_000008277,2,2005,733184633,1411468503
GL849419.1,Chr2_supercontig_000008278,2,1708,733186341,1411470211
GL849420.1,Chr2_supercontig_000008279,2,1759,733188100,1411471970
GL849421.1,Chr2_supercontig_000008280,2,1870,733189970,1411473840
GL849422.1,Chr2_supercontig_000008281,2,7464,733197434,1411481304
GL849423.1,Chr2_supercontig_000008282,2,2310,733199744,1411483614
GL849424.1,Chr2_supercontig_000008283,2,5095,733204839,1411488709
GL849425.1,Chr2_supercontig_000008284,2,1951,733206790,1411490660
GL849426.1,Chr2_supercontig_000008285,2,1725,733208515,1411492385
GL849427.1,Chr2_supercontig_000008286,2,1791,733210306,1411494176
GL849428.1,Chr2_supercontig_000008287,2,1708,733212014,1411495884
GL849429.1,Chr2_supercontig_000008288,2,1593,733213607,1411497477
GL849430.1,Chr2_supercontig_000008289,2,1859,733215466,1411499336
GL849431.1,Chr2_supercontig_000008290,2,1535,733217001,1411500871
GL849432.1,Chr2_supercontig_000008291,2,2004,733219005,1411502875
GL849433.1,Chr2_supercontig_000008292,2,2441,733221446,1411505316
GL849434.1,Chr2_supercontig_000008293,2,1959,733223405,1411507275
GL849435.1,Chr2_supercontig_000008294,2,1520,733224925,1411508795
GL849436.1,Chr2_supercontig_000008295,2,1953,733226878,1411510748
GL849437.1,Chr2_supercontig_000008296,2,2045,733228923,1411512793
GL849438.1,Chr2_supercontig_000008297,2,3530,733232453,1411516323
GL849439.1,Chr2_supercontig_000008298,2,2774,733235227,1411519097
GL849440.1,Chr2_supercontig_000008299,2,3861,733239088,1411522958
GL849441.1,Chr2_supercontig_000008300,2,2323,733241411,1411525281
GL849442.1,Chr2_supercontig_000008301,2,1826,733243237,1411527107
GL849443.1,Chr2_supercontig_000008302,2,2421,733245658,1411529528
GL849444.1,Chr2_supercontig_000008303,2,1763,733247421,1411531291
GL849445.1,Chr2_supercontig_000008304,2,3068,733250489,1411534359
GL849446.1,Chr2_supercontig_000008305,2,3901,733254390,1411538260
GL849447.1,Chr2_supercontig_000008306,2,2474,733256864,1411540734
GL849448.1,Chr2_supercontig_000008307,2,1632,733258496,1411542366
GL849449.1,Chr2_supercontig_000008308,2,1605,733260101,1411543971
GL849450.1,Chr2_supercontig_000008309,2,6057,733266158,1411550028
GL849451.1,Chr2_supercontig_000008310,2,2672,733268830,1411552700
GL849452.1,Chr2_supercontig_000008311,2,3836,733272666,1411556536
GL849453.1,Chr2_supercontig_000008312,2,3725,733276391,1411560261
GL849454.1,Chr2_supercontig_000008313,2,3096,733279487,1411563357
GL849455.1,Chr2_supercontig_000008314,2,3134,733282621,1411566491
GL849456.1,Chr2_supercontig_000008315,2,2758,733285379,1411569249
GL849457.1,Chr2_supercontig_000008316,2,3225,733288604,1411572474
GL849458.1,Chr2_supercontig_000008317,2,2401,733291005,1411574875
GL849459.1,Chr2_supercontig_000008318,2,2366,733293371,1411577241
GL849460.1,Chr2_supercontig_000008319,2,2630,733296001,1411579871
GL849461.1,Chr2_supercontig_000008320,2,2994,733298995,1411582865
GL849462.1,Chr2_supercontig_000008321,2,3305,733302300,1411586170
GL849463.1,Chr2_supercontig_000008322,2,5034,733307334,1411591204
GL849464.1,Chr2_supercontig_000008323,2,2635,733309969,1411593839
GL849465.1,Chr2_supercontig_000008324,2,2005,733311974,1411595844
GL849466.1,Chr2_supercontig_000008325,2,1706,733313680,1411597550
GL849467.1,Chr2_supercontig_000008326,2,2261,733315941,1411599811
GL849468.1,Chr2_supercontig_000008327,2,1791,733317732,1411601602
GL849469.1,Chr2_supercontig_000008328,2,2946,733320678,1411604548
GL849470.1,Chr2_supercontig_000008329,2,4854,733325532,1411609402
GL849471.1,Chr2_supercontig_000008330,2,2399,733327931,1411611801
GL849472.1,Chr2_supercontig_000008331,2,2469,733330400,1411614270
GL849473.1,Chr2_supercontig_000008332,2,2457,733332857,1411616727
GL849474.1,Chr2_supercontig_000008333,2,2154,733335011,1411618881
GL849475.1,Chr2_supercontig_000008334,2,1646,733336657,1411620527
GL849476.1,Chr2_supercontig_000008335,2,2195,733338852,1411622722
GL849477.1,Chr2_supercontig_000008336,2,1984,733340836,1411624706
GL849478.1,Chr2_supercontig_000008337,2,2583,733343419,1411627289
GL849479.1,Chr2_supercontig_000008338,2,2178,733345597,1411629467
GL849480.1,Chr2_supercontig_000008339,2,1582,733347179,1411631049
GL849481.1,Chr2_supercontig_000008340,2,2577,733349756,1411633626
GL849482.1,Chr2_supercontig_000008341,2,1545,733351301,1411635171
GL849483.1,Chr2_supercontig_000008342,2,1791,733353092,1411636962
GL849484.1,Chr2_supercontig_000008343,2,1661,733354753,1411638623
GL849485.1,Chr2_supercontig_000008344,2,2403,733357156,1411641026
GL849486.1,Chr2_supercontig_000008345,2,2472,733359628,1411643498
GL849487.1,Chr2_supercontig_000008346,2,1919,733361547,1411645417
GL849488.1,Chr2_supercontig_000008347,2,2782,733364329,1411648199
GL849489.1,Chr2_supercontig_000008348,2,1667,733365996,1411649866
GL849490.1,Chr2_supercontig_000008349,2,2400,733368396,1411652266
GL849491.1,Chr2_supercontig_000008350,2,1684,733370080,1411653950
GL849492.1,Chr2_supercontig_000008351,2,2198,733372278,1411656148
GL849493.1,Chr2_supercontig_000008352,2,1595,733373873,1411657743
GL849494.1,Chr2_supercontig_000008353,2,3235,733377108,1411660978
GL849495.1,Chr2_supercontig_000008354,2,2348,733379456,1411663326
GL849496.1,Chr2_supercontig_000008355,2,1576,733381032,1411664902
GL849497.1,Chr2_supercontig_000008356,2,1786,733382818,1411666688
GL849498.1,Chr2_supercontig_000008357,2,3680,733386498,1411670368
GL849499.1,Chr2_supercontig_000008358,2,1854,733388352,1411672222
GL849500.1,Chr2_supercontig_000008359,2,2031,733390383,1411674253
GL849501.1,Chr2_supercontig_000008360,2,2148,733392531,1411676401
GL849502.1,Chr2_supercontig_000008361,2,1742,733394273,1411678143
GL849503.1,Chr2_supercontig_000008362,2,1753,733396026,1411679896
GL849504.1,Chr2_supercontig_000008363,2,2018,733398044,1411681914
GL849505.1,Chr2_supercontig_000008364,2,2131,733400175,1411684045
GL849506.1,Chr2_supercontig_000008365,2,1545,733401720,1411685590
GL849507.1,Chr2_supercontig_000008366,2,1736,733403456,1411687326
GL849508.1,Chr2_supercontig_000008367,2,1762,733405218,1411689088
GL849509.1,Chr2_supercontig_000008368,2,2375,733407593,1411691463
GL849510.1,Chr2_supercontig_000008369,2,2192,733409785,1411693655
GL849511.1,Chr2_supercontig_000008370,2,1603,733411388,1411695258
GL849512.1,Chr2_supercontig_000008371,2,1923,733413311,1411697181
GL849513.1,Chr2_supercontig_000008372,2,2919,733416230,1411700100
GL849514.1,Chr2_supercontig_000008373,2,1976,733418206,1411702076
GL849515.1,Chr2_supercontig_000008374,2,2236,733420442,1411704312
GL849516.1,Chr2_supercontig_000008375,2,2038,733422480,1411706350
GL849517.1,Chr2_supercontig_000008376,2,1602,733424082,1411707952
GL849518.1,Chr2_supercontig_000008377,2,2341,733426423,1411710293
GL849519.1,Chr2_supercontig_000008378,2,2751,733429174,1411713044
GL849520.1,Chr2_supercontig_000008379,2,1989,733431163,1411715033
GL849521.1,Chr2_supercontig_000008380,2,1841,733433004,1411716874
GL849522.1,Chr3_supercontig_000000000,3,1349723,1349723,1413066597
GL849523.1,Chr3_supercontig_000000001,3,1511,1351234,1413068108
GL849524.1,Chr3_supercontig_000000002,3,1831,1353065,1413069939
GL849525.1,Chr3_supercontig_000000003,3,3125,1356190,1413073064
GL849526.1,Chr3_supercontig_000000004,3,140781,1496971,1413213845
GL849527.1,Chr3_supercontig_000000005,3,1695,1498666,1413215540
GL849528.1,Chr3_supercontig_000000006,3,934881,2433547,1414150421
GL849529.1,Chr3_supercontig_000000007,3,171892,2605439,1414322313
GL849530.1,Chr3_supercontig_000000008,3,780999,3386438,1415103312
GL849531.1,Chr3_supercontig_000000009,3,704552,4090990,1415807864
GL849532.1,Chr3_supercontig_000000010,3,1504469,5595459,1417312333
GL849533.1,Chr3_supercontig_000000011,3,1368013,6963472,1418680346
GL849534.1,Chr3_supercontig_000000012,3,3149980,10113452,1421830326
GL849535.1,Chr3_supercontig_000000013,3,2264256,12377708,1424094582
GL849536.1,Chr3_supercontig_000000014,3,489020,12866728,1424583602
GL849537.1,Chr3_supercontig_000000015,3,479327,13346055,1425062929
GL849538.1,Chr3_supercontig_000000016,3,148314,13494369,1425211243
GL849539.1,Chr3_supercontig_000000017,3,618878,14113247,1425830121
GL849540.1,Chr3_supercontig_000000018,3,2436223,16549470,1428266344
GL849541.1,Chr3_supercontig_000000019,3,992117,17541587,1429258461
GL849542.1,Chr3_supercontig_000000020,3,759331,18300918,1430017792
GL849543.1,Chr3_supercontig_000000021,3,868096,19169014,1430885888
GL849544.1,Chr3_supercontig_000000022,3,805255,19974269,1431691143
GL849545.1,Chr3_supercontig_000000023,3,1731701,21705970,1433422844
GL849546.1,Chr3_supercontig_000000024,3,1335973,23041943,1434758817
GL849547.1,Chr3_supercontig_000000025,3,2165291,25207234,1436924108
GL849548.1,Chr3_supercontig_000000026,3,302993,25510227,1437227101
GL849549.1,Chr3_supercontig_000000027,3,3327443,28837670,1440554544
GL849550.1,Chr3_supercontig_000000028,3,1022020,29859690,1441576564
GL849551.1,Chr3_supercontig_000000029,3,152063,30011753,1441728627
GL849552.1,Chr3_supercontig_000000030,3,1309735,31321488,1443038362
GL849553.1,Chr3_supercontig_000000031,3,245965,31567453,1443284327
GL849554.1,Chr3_supercontig_000000032,3,396683,31964136,1443681010
GL849555.1,Chr3_supercontig_000000033,3,1890171,33854307,1445571181
GL849556.1,Chr3_supercontig_000000034,3,1940092,35794399,1447511273
GL849557.1,Chr3_supercontig_000000035,3,1891533,37685932,1449402806
GL849558.1,Chr3_supercontig_000000036,3,2108727,39794659,1451511533
GL849559.1,Chr3_supercontig_000000037,3,1042959,40837618,1452554492
GL849560.1,Chr3_supercontig_000000038,3,2665221,43502839,1455219713
GL849561.1,Chr3_supercontig_000000039,3,357702,43860541,1455577415
GL849562.1,Chr3_supercontig_000000040,3,174463,44035004,1455751878
GL849563.1,Chr3_supercontig_000000041,3,84653,44119657,1455836531
GL849564.1,Chr3_supercontig_000000042,3,281282,44400939,1456117813
GL849565.1,Chr3_supercontig_000000043,3,931468,45332407,1457049281
GL849566.1,Chr3_supercontig_000000044,3,1298869,46631276,1458348150
GL849567.1,Chr3_supercontig_000000045,3,1254721,47885997,1459602871
GL849568.1,Chr3_supercontig_000000046,3,1116455,49002452,1460719326
GL849569.1,Chr3_supercontig_000000047,3,3452231,52454683,1464171557
GL849570.1,Chr3_supercontig_000000048,3,2229950,54684633,1466401507
GL849571.1,Chr3_supercontig_000000049,3,335206,55019839,1466736713
GL849572.1,Chr3_supercontig_000000050,3,365742,55385581,1467102455
GL849573.1,Chr3_supercontig_000000051,3,387009,55772590,1467489464
GL849574.1,Chr3_supercontig_000000052,3,1624746,57397336,1469114210
GL849575.1,Chr3_supercontig_000000053,3,2577441,59974777,1471691651
GL849576.1,Chr3_supercontig_000000054,3,950739,60925516,1472642390
GL849577.1,Chr3_supercontig_000000055,3,46870,60972386,1472689260
GL849578.1,Chr3_supercontig_000000056,3,1126253,62098639,1473815513
GL849579.1,Chr3_supercontig_000000057,3,378434,62477073,1474193947
GL849580.1,Chr3_supercontig_000000058,3,1224240,63701313,1475418187
GL849581.1,Chr3_supercontig_000000059,3,115917,63817230,1475534104
GL849582.1,Chr3_supercontig_000000060,3,1514619,65331849,1477048723
GL849583.1,Chr3_supercontig_000000061,3,2570145,67901994,1479618868
GL849584.1,Chr3_supercontig_000000062,3,1526136,69428130,1481145004
GL849585.1,Chr3_supercontig_000000063,3,238632,69666762,1481383636
GL849586.1,Chr3_supercontig_000000064,3,350407,70017169,1481734043
GL849587.1,Chr3_supercontig_000000065,3,2126927,72144096,1483860970
GL849588.1,Chr3_supercontig_000000066,3,2786604,74930700,1486647574
GL849589.1,Chr3_supercontig_000000067,3,222305,75153005,1486869879
GL849590.1,Chr3_supercontig_000000068,3,1269917,76422922,1488139796
GL849591.1,Chr3_supercontig_000000069,3,756546,77179468,1488896342
GL849592.1,Chr3_supercontig_000000070,3,3522716,80702184,1492419058
GL849593.1,Chr3_supercontig_000000071,3,19270,80721454,1492438328
GL849594.1,Chr3_supercontig_000000072,3,2017898,82739352,1494456226
GL849595.1,Chr3_supercontig_000000073,3,602246,83341598,1495058472
GL849596.1,Chr3_supercontig_000000074,3,1619282,84960880,1496677754
GL849597.1,Chr3_supercontig_000000075,3,284405,85245285,1496962159
GL849598.1,Chr3_supercontig_000000076,3,1849111,87094396,1498811270
GL849599.1,Chr3_supercontig_000000077,3,310945,87405341,1499122215
GL849600.1,Chr3_supercontig_000000078,3,412857,87818198,1499535072
GL849601.1,Chr3_supercontig_000000079,3,738287,88556485,1500273359
GL849602.1,Chr3_supercontig_000000080,3,1436018,89992503,1501709377
GL849603.1,Chr3_supercontig_000000081,3,222638,90215141,1501932015
GL849604.1,Chr3_supercontig_000000082,3,4836507,95051648,1506768522
GL849605.1,Chr3_supercontig_000000083,3,233388,95285036,1507001910
GL849606.1,Chr3_supercontig_000000084,3,1195709,96480745,1508197619
GL849607.1,Chr3_supercontig_000000085,3,1262714,97743459,1509460333
GL849608.1,Chr3_supercontig_000000086,3,986816,98730275,1510447149
GL849609.1,Chr3_supercontig_000000087,3,2665284,101395559,1513112433
GL849610.1,Chr3_supercontig_000000088,3,1676535,103072094,1514788968
GL849611.1,Chr3_supercontig_000000089,3,3379963,106452057,1518168931
GL849612.1,Chr3_supercontig_000000090,3,924776,107376833,1519093707
GL849613.1,Chr3_supercontig_000000091,3,515397,107892230,1519609104
GL849614.1,Chr3_supercontig_000000092,3,506080,108398310,1520115184
GL849615.1,Chr3_supercontig_000000093,3,754989,109153299,1520870173
GL849616.1,Chr3_supercontig_000000094,3,2742777,111896076,1523612950
GL849617.1,Chr3_supercontig_000000095,3,2724072,114620148,1526337022
GL849618.1,Chr3_supercontig_000000096,3,561355,115181503,1526898377
GL849619.1,Chr3_supercontig_000000097,3,1120641,116302144,1528019018
GL849620.1,Chr3_supercontig_000000098,3,4205518,120507662,1532224536
GL849621.1,Chr3_supercontig_000000099,3,339536,120847198,1532564072
GL849622.1,Chr3_supercontig_000000100,3,564948,121412146,1533129020
GL849623.1,Chr3_supercontig_000000101,3,672827,122084973,1533801847
GL849624.1,Chr3_supercontig_000000102,3,410991,122495964,1534212838
GL849625.1,Chr3_supercontig_000000103,3,52917,122548881,1534265755
GL849626.1,Chr3_supercontig_000000104,3,4605142,127154023,1538870897
GL849627.1,Chr3_supercontig_000000105,3,4286460,131440483,1543157357
GL849628.1,Chr3_supercontig_000000106,3,200755,131641238,1543358112
GL849629.1,Chr3_supercontig_000000107,3,2171497,133812735,1545529609
GL849630.1,Chr3_supercontig_000000108,3,237467,134050202,1545767076
GL849631.1,Chr3_supercontig_000000109,3,1619836,135670038,1547386912
GL849632.1,Chr3_supercontig_000000110,3,3586225,139256263,1550973137
GL849633.1,Chr3_supercontig_000000111,3,2797017,142053280,1553770154
GL849634.1,Chr3_supercontig_000000112,3,1937928,143991208,1555708082
GL849635.1,Chr3_supercontig_000000113,3,4241170,148232378,1559949252
GL849636.1,Chr3_supercontig_000000114,3,2313929,150546307,1562263181
GL849637.1,Chr3_supercontig_000000115,3,458959,151005266,1562722140
GL849638.1,Chr3_supercontig_000000116,3,2348185,153353451,1565070325
GL849639.1,Chr3_supercontig_000000117,3,229117,153582568,1565299442
GL849640.1,Chr3_supercontig_000000118,3,1333341,154915909,1566632783
GL849641.1,Chr3_supercontig_000000119,3,628196,155544105,1567260979
GL849642.1,Chr3_supercontig_000000120,3,102826,155646931,1567363805
GL849643.1,Chr3_supercontig_000000121,3,279060,155925991,1567642865
GL849644.1,Chr3_supercontig_000000122,3,949791,156875782,1568592656
GL849645.1,Chr3_supercontig_000000123,3,401328,157277110,1568993984
GL849646.1,Chr3_supercontig_000000124,3,973287,158250397,1569967271
GL849647.1,Chr3_supercontig_000000125,3,364089,158614486,1570331360
GL849648.1,Chr3_supercontig_000000126,3,4202863,162817349,1574534223
GL849649.1,Chr3_supercontig_000000127,3,370823,163188172,1574905046
GL849650.1,Chr3_supercontig_000000128,3,66434,163254606,1574971480
GL849651.1,Chr3_supercontig_000000129,3,100406,163355012,1575071886
GL849652.1,Chr3_supercontig_000000130,3,4298989,167654001,1579370875
GL849653.1,Chr3_supercontig_000000131,3,2587804,170241805,1581958679
GL849654.1,Chr3_supercontig_000000132,3,842538,171084343,1582801217
GL849655.1,Chr3_supercontig_000000133,3,336998,171421341,1583138215
GL849656.1,Chr3_supercontig_000000134,3,4487226,175908567,1587625441
GL849657.1,Chr3_supercontig_000000135,3,1633452,177542019,1589258893
GL849658.1,Chr3_supercontig_000000136,3,1353484,178895503,1590612377
GL849659.1,Chr3_supercontig_000000137,3,2740545,181636048,1593352922
GL849660.1,Chr3_supercontig_000000138,3,2498339,184134387,1595851261
GL849661.1,Chr3_supercontig_000000139,3,1792729,185927116,1597643990
GL849662.1,Chr3_supercontig_000000140,3,184193,186111309,1597828183
GL849663.1,Chr3_supercontig_000000141,3,394810,186506119,1598222993
GL849664.1,Chr3_supercontig_000000142,3,239851,186745970,1598462844
GL849665.1,Chr3_supercontig_000000143,3,86453,186832423,1598549297
GL849666.1,Chr3_supercontig_000000144,3,1203419,188035842,1599752716
GL849667.1,Chr3_supercontig_000000145,3,1778398,189814240,1601531114
GL849668.1,Chr3_supercontig_000000146,3,1830750,191644990,1603361864
GL849669.1,Chr3_supercontig_000000147,3,375022,192020012,1603736886
GL849670.1,Chr3_supercontig_000000148,3,80851,192100863,1603817737
GL849671.1,Chr3_supercontig_000000149,3,461675,192562538,1604279412
GL849672.1,Chr3_supercontig_000000150,3,228307,192790845,1604507719
GL849673.1,Chr3_supercontig_000000151,3,227376,193018221,1604735095
GL849674.1,Chr3_supercontig_000000152,3,121145,193139366,1604856240
GL849675.1,Chr3_supercontig_000000153,3,417972,193557338,1605274212
GL849676.1,Chr3_supercontig_000000154,3,2482542,196039880,1607756754
GL849677.1,Chr3_supercontig_000000155,3,1923946,197963826,1609680700
GL849678.1,Chr3_supercontig_000000156,3,1050982,199014808,1610731682
GL849679.1,Chr3_supercontig_000000157,3,3440634,202455442,1614172316
GL849680.1,Chr3_supercontig_000000158,3,310643,202766085,1614482959
GL849681.1,Chr3_supercontig_000000159,3,2763686,205529771,1617246645
GL849682.1,Chr3_supercontig_000000160,3,614227,206143998,1617860872
GL849683.1,Chr3_supercontig_000000161,3,3032504,209176502,1620893376
GL849684.1,Chr3_supercontig_000000162,3,527186,209703688,1621420562
GL849685.1,Chr3_supercontig_000000163,3,252639,209956327,1621673201
GL849686.1,Chr3_supercontig_000000164,3,3734308,213690635,1625407509
GL849687.1,Chr3_supercontig_000000165,3,733319,214423954,1626140828
GL849688.1,Chr3_supercontig_000000166,3,881827,215305781,1627022655
GL849689.1,Chr3_supercontig_000000167,3,250328,215556109,1627272983
GL849690.1,Chr3_supercontig_000000168,3,1173624,216729733,1628446607
GL849691.1,Chr3_supercontig_000000169,3,4654,216734387,1628451261
GL849692.1,Chr3_supercontig_000000170,3,2049405,218783792,1630500666
GL849693.1,Chr3_supercontig_000000171,3,2519085,221302877,1633019751
GL849694.1,Chr3_supercontig_000000172,3,366780,221669657,1633386531
GL849695.1,Chr3_supercontig_000000173,3,189056,221858713,1633575587
GL849696.1,Chr3_supercontig_000000174,3,726093,222584806,1634301680
GL849697.1,Chr3_supercontig_000000175,3,318302,222903108,1634619982
GL849698.1,Chr3_supercontig_000000176,3,420253,223323361,1635040235
GL849699.1,Chr3_supercontig_000000177,3,1573607,224896968,1636613842
GL849700.1,Chr3_supercontig_000000178,3,565502,225462470,1637179344
GL849701.1,Chr3_supercontig_000000179,3,443431,225905901,1637622775
GL849702.1,Chr3_supercontig_000000180,3,1346421,227252322,1638969196
GL849703.1,Chr3_supercontig_000000181,3,4253512,231505834,1643222708
GL849704.1,Chr3_supercontig_000000182,3,2592470,234098304,1645815178
GL849705.1,Chr3_supercontig_000000183,3,1320121,235418425,1647135299
GL849706.1,Chr3_supercontig_000000184,3,2614872,238033297,1649750171
GL849707.1,Chr3_supercontig_000000185,3,1394642,239427939,1651144813
GL849708.1,Chr3_supercontig_000000186,3,670154,240098093,1651814967
GL849709.1,Chr3_supercontig_000000187,3,1221913,241320006,1653036880
GL849710.1,Chr3_supercontig_000000188,3,2089572,243409578,1655126452
GL849711.1,Chr3_supercontig_000000189,3,3183710,246593288,1658310162
GL849712.1,Chr3_supercontig_000000190,3,1637260,248230548,1659947422
GL849713.1,Chr3_supercontig_000000191,3,786789,249017337,1660734211
GL849714.1,Chr3_supercontig_000000192,3,1255841,250273178,1661990052
GL849715.1,Chr3_supercontig_000000193,3,1447537,251720715,1663437589
GL849716.1,Chr3_supercontig_000000194,3,299009,252019724,1663736598
GL849717.1,Chr3_supercontig_000000195,3,4035717,256055441,1667772315
GL849718.1,Chr3_supercontig_000000196,3,1017741,257073182,1668790056
GL849719.1,Chr3_supercontig_000000197,3,3721426,260794608,1672511482
GL849720.1,Chr3_supercontig_000000198,3,896960,261691568,1673408442
GL849721.1,Chr3_supercontig_000000199,3,877542,262569110,1674285984
GL849722.1,Chr3_supercontig_000000200,3,562425,263131535,1674848409
GL849723.1,Chr3_supercontig_000000201,3,488222,263619757,1675336631
GL849724.1,Chr3_supercontig_000000202,3,295207,263914964,1675631838
GL849725.1,Chr3_supercontig_000000203,3,447472,264362436,1676079310
GL849726.1,Chr3_supercontig_000000204,3,197305,264559741,1676276615
GL849727.1,Chr3_supercontig_000000205,3,994684,265554425,1677271299
GL849728.1,Chr3_supercontig_000000206,3,1089581,266644006,1678360880
GL849729.1,Chr3_supercontig_000000207,3,1442861,268086867,1679803741
GL849730.1,Chr3_supercontig_000000208,3,744205,268831072,1680547946
GL849731.1,Chr3_supercontig_000000209,3,170866,269001938,1680718812
GL849732.1,Chr3_supercontig_000000210,3,1228291,270230229,1681947103
GL849733.1,Chr3_supercontig_000000211,3,306229,270536458,1682253332
GL849734.1,Chr3_supercontig_000000212,3,1134477,271670935,1683387809
GL849735.1,Chr3_supercontig_000000213,3,708657,272379592,1684096466
GL849736.1,Chr3_supercontig_000000214,3,77481,272457073,1684173947
GL849737.1,Chr3_supercontig_000000215,3,188471,272645544,1684362418
GL849738.1,Chr3_supercontig_000000216,3,173673,272819217,1684536091
GL849739.1,Chr3_supercontig_000000217,3,2058787,274878004,1686594878
GL849740.1,Chr3_supercontig_000000218,3,15481,274893485,1686610359
GL849741.1,Chr3_supercontig_000000219,3,2990266,277883751,1689600625
GL849742.1,Chr3_supercontig_000000220,3,1223944,279107695,1690824569
GL849743.1,Chr3_supercontig_000000221,3,665714,279773409,1691490283
GL849744.1,Chr3_supercontig_000000222,3,1148599,280922008,1692638882
GL849745.1,Chr3_supercontig_000000223,3,234068,281156076,1692872950
GL849746.1,Chr3_supercontig_000000224,3,1475990,282632066,1694348940
GL849747.1,Chr3_supercontig_000000225,3,1836417,284468483,1696185357
GL849748.1,Chr3_supercontig_000000226,3,1116992,285585475,1697302349
GL849749.1,Chr3_supercontig_000000227,3,169600,285755075,1697471949
GL849750.1,Chr3_supercontig_000000228,3,896794,286651869,1698368743
GL849751.1,Chr3_supercontig_000000229,3,1630,286653499,1698370373
GL849752.1,Chr3_supercontig_000000230,3,1439638,288093137,1699810011
GL849753.1,Chr3_supercontig_000000231,3,959505,289052642,1700769516
GL849754.1,Chr3_supercontig_000000232,3,1996234,291048876,1702765750
GL849755.1,Chr3_supercontig_000000233,3,1845323,292894199,1704611073
GL849756.1,Chr3_supercontig_000000234,3,777795,293671994,1705388868
GL849757.1,Chr3_supercontig_000000235,3,567789,294239783,1705956657
GL849758.1,Chr3_supercontig_000000236,3,917587,295157370,1706874244
GL849759.1,Chr3_supercontig_000000237,3,261012,295418382,1707135256
GL849760.1,Chr3_supercontig_000000238,3,117728,295536110,1707252984
GL849761.1,Chr3_supercontig_000000239,3,453456,295989566,1707706440
GL849762.1,Chr3_supercontig_000000240,3,952747,296942313,1708659187
GL849763.1,Chr3_supercontig_000000241,3,538849,297481162,1709198036
GL849764.1,Chr3_supercontig_000000242,3,4271817,301752979,1713469853
GL849765.1,Chr3_supercontig_000000243,3,2506694,304259673,1715976547
GL849766.1,Chr3_supercontig_000000244,3,147105,304406778,1716123652
GL849767.1,Chr3_supercontig_000000245,3,658956,305065734,1716782608
GL849768.1,Chr3_supercontig_000000246,3,13418,305079152,1716796026
GL849769.1,Chr3_supercontig_000000247,3,149143,305228295,1716945169
GL849770.1,Chr3_supercontig_000000248,3,138627,305366922,1717083796
GL849771.1,Chr3_supercontig_000000249,3,558665,305925587,1717642461
GL849772.1,Chr3_supercontig_000000250,3,260217,306185804,1717902678
GL849773.1,Chr3_supercontig_000000251,3,8228,306194032,1717910906
GL849774.1,Chr3_supercontig_000000252,3,249721,306443753,1718160627
GL849775.1,Chr3_supercontig_000000253,3,207327,306651080,1718367954
GL849776.1,Chr3_supercontig_000000254,3,650335,307301415,1719018289
GL849777.1,Chr3_supercontig_000000255,3,163286,307464701,1719181575
GL849778.1,Chr3_supercontig_000000256,3,155393,307620094,1719336968
GL849779.1,Chr3_supercontig_000000257,3,34167,307654261,1719371135
GL849780.1,Chr3_supercontig_000000258,3,727229,308381490,1720098364
GL849781.1,Chr3_supercontig_000000259,3,101360,308482850,1720199724
GL849782.1,Chr3_supercontig_000000260,3,3798823,312281673,1723998547
GL849783.1,Chr3_supercontig_000000261,3,3626404,315908077,1727624951
GL849784.1,Chr3_supercontig_000000262,3,903386,316811463,1728528337
GL849785.1,Chr3_supercontig_000000263,3,1322760,318134223,1729851097
GL849786.1,Chr3_supercontig_000000264,3,556134,318690357,1730407231
GL849787.1,Chr3_supercontig_000000265,3,1861589,320551946,1732268820
GL849788.1,Chr3_supercontig_000000266,3,2459,320554405,1732271279
GL849789.1,Chr3_supercontig_000000267,3,304023,320858428,1732575302
GL849790.1,Chr3_supercontig_000000268,3,2774156,323632584,1735349458
GL849791.1,Chr3_supercontig_000000269,3,883383,324515967,1736232841
GL849792.1,Chr3_supercontig_000000270,3,1053443,325569410,1737286284
GL849793.1,Chr3_supercontig_000000271,3,238952,325808362,1737525236
GL849794.1,Chr3_supercontig_000000272,3,231427,326039789,1737756663
GL849795.1,Chr3_supercontig_000000273,3,2181830,328221619,1739938493
GL849796.1,Chr3_supercontig_000000274,3,218182,328439801,1740156675
GL849797.1,Chr3_supercontig_000000275,3,581693,329021494,1740738368
GL849798.1,Chr3_supercontig_000000276,3,1543232,330564726,1742281600
GL849799.1,Chr3_supercontig_000000277,3,211857,330776583,1742493457
GL849800.1,Chr3_supercontig_000000278,3,514897,331291480,1743008354
GL849801.1,Chr3_supercontig_000000279,3,258961,331550441,1743267315
GL849802.1,Chr3_supercontig_000000280,3,369868,331920309,1743637183
GL849803.1,Chr3_supercontig_000000281,3,378613,332298922,1744015796
GL849804.1,Chr3_supercontig_000000282,3,173983,332472905,1744189779
GL849805.1,Chr3_supercontig_000000283,3,1906162,334379067,1746095941
GL849806.1,Chr3_supercontig_000000284,3,415401,334794468,1746511342
GL849807.1,Chr3_supercontig_000000285,3,1517870,336312338,1748029212
GL849808.1,Chr3_supercontig_000000286,3,257351,336569689,1748286563
GL849809.1,Chr3_supercontig_000000287,3,964971,337534660,1749251534
GL849810.1,Chr3_supercontig_000000288,3,1474351,339009011,1750725885
GL849811.1,Chr3_supercontig_000000289,3,1231999,340241010,1751957884
GL849812.1,Chr3_supercontig_000000290,3,4565313,344806323,1756523197
GL849813.1,Chr3_supercontig_000000291,3,956301,345762624,1757479498
GL849814.1,Chr3_supercontig_000000292,3,164170,345926794,1757643668
GL849815.1,Chr3_supercontig_000000293,3,1445284,347372078,1759088952
GL849816.1,Chr3_supercontig_000000294,3,280630,347652708,1759369582
GL849817.1,Chr3_supercontig_000000295,3,556188,348208896,1759925770
GL849818.1,Chr3_supercontig_000000296,3,332828,348541724,1760258598
GL849819.1,Chr3_supercontig_000000297,3,152335,348694059,1760410933
GL849820.1,Chr3_supercontig_000000298,3,109360,348803419,1760520293
GL849821.1,Chr3_supercontig_000000299,3,655439,349458858,1761175732
GL849822.1,Chr3_supercontig_000000300,3,1195144,350654002,1762370876
GL849823.1,Chr3_supercontig_000000301,3,1000076,351654078,1763370952
GL849824.1,Chr3_supercontig_000000302,3,307013,351961091,1763677965
GL849825.1,Chr3_supercontig_000000303,3,1961128,353922219,1765639093
GL849826.1,Chr3_supercontig_000000304,3,591731,354513950,1766230824
GL849827.1,Chr3_supercontig_000000305,3,763386,355277336,1766994210
GL849828.1,Chr3_supercontig_000000306,3,327563,355604899,1767321773
GL849829.1,Chr3_supercontig_000000307,3,1387145,356992044,1768708918
GL849830.1,Chr3_supercontig_000000308,3,776255,357768299,1769485173
GL849831.1,Chr3_supercontig_000000309,3,724437,358492736,1770209610
GL849832.1,Chr3_supercontig_000000310,3,1815269,360308005,1772024879
GL849833.1,Chr3_supercontig_000000311,3,1267345,361575350,1773292224
GL849834.1,Chr3_supercontig_000000312,3,298868,361874218,1773591092
GL849835.1,Chr3_supercontig_000000313,3,306710,362180928,1773897802
GL849836.1,Chr3_supercontig_000000314,3,3764139,365945067,1777661941
GL849837.1,Chr3_supercontig_000000315,3,1894708,367839775,1779556649
GL849838.1,Chr3_supercontig_000000316,3,443740,368283515,1780000389
GL849839.1,Chr3_supercontig_000000317,3,332162,368615677,1780332551
GL849840.1,Chr3_supercontig_000000318,3,212880,368828557,1780545431
GL849841.1,Chr3_supercontig_000000319,3,681764,369510321,1781227195
GL849842.1,Chr3_supercontig_000000320,3,4682641,374192962,1785909836
GL849843.1,Chr3_supercontig_000000321,3,1047297,375240259,1786957133
GL849844.1,Chr3_supercontig_000000322,3,2305774,377546033,1789262907
GL849845.1,Chr3_supercontig_000000323,3,459246,378005279,1789722153
GL849846.1,Chr3_supercontig_000000324,3,874191,378879470,1790596344
GL849847.1,Chr3_supercontig_000000325,3,3397506,382276976,1793993850
GL849848.1,Chr3_supercontig_000000326,3,1150951,383427927,1795144801
GL849849.1,Chr3_supercontig_000000327,3,477356,383905283,1795622157
GL849850.1,Chr3_supercontig_000000328,3,2345117,386250400,1797967274
GL849851.1,Chr3_supercontig_000000329,3,1812893,388063293,1799780167
GL849852.1,Chr3_supercontig_000000330,3,1018014,389081307,1800798181
GL849853.1,Chr3_supercontig_000000331,3,341403,389422710,1801139584
GL849854.1,Chr3_supercontig_000000332,3,591059,390013769,1801730643
GL849855.1,Chr3_supercontig_000000333,3,1000879,391014648,1802731522
GL849856.1,Chr3_supercontig_000000334,3,152886,391167534,1802884408
GL849857.1,Chr3_supercontig_000000335,3,2916124,394083658,1805800532
GL849858.1,Chr3_supercontig_000000336,3,4797432,398881090,1810597964
GL849859.1,Chr3_supercontig_000000337,3,485415,399366505,1811083379
GL849860.1,Chr3_supercontig_000000338,3,587286,399953791,1811670665
GL849861.1,Chr3_supercontig_000000339,3,141312,400095103,1811811977
GL849862.1,Chr3_supercontig_000000340,3,188490,400283593,1812000467
GL849863.1,Chr3_supercontig_000000341,3,606062,400889655,1812606529
GL849864.1,Chr3_supercontig_000000342,3,1099910,401989565,1813706439
GL849865.1,Chr3_supercontig_000000343,3,572962,402562527,1814279401
GL849866.1,Chr3_supercontig_000000344,3,1355560,403918087,1815634961
GL849867.1,Chr3_supercontig_000000345,3,2593011,406511098,1818227972
GL849868.1,Chr3_supercontig_000000346,3,4765094,411276192,1822993066
GL849869.1,Chr3_supercontig_000000347,3,2103576,413379768,1825096642
GL849870.1,Chr3_supercontig_000000348,3,2074940,415454708,1827171582
GL849871.1,Chr3_supercontig_000000349,3,1942858,417397566,1829114440
GL849872.1,Chr3_supercontig_000000350,3,135587,417533153,1829250027
GL849873.1,Chr3_supercontig_000000351,3,607745,418140898,1829857772
GL849874.1,Chr3_supercontig_000000352,3,1706852,419847750,1831564624
GL849875.1,Chr3_supercontig_000000353,3,1257967,421105717,1832822591
GL849876.1,Chr3_supercontig_000000354,3,2264792,423370509,1835087383
GL849877.1,Chr3_supercontig_000000355,3,225641,423596150,1835313024
GL849878.1,Chr3_supercontig_000000356,3,1847106,425443256,1837160130
GL849879.1,Chr3_supercontig_000000357,3,2508846,427952102,1839668976
GL849880.1,Chr3_supercontig_000000358,3,142131,428094233,1839811107
GL849881.1,Chr3_supercontig_000000359,3,1063945,429158178,1840875052
GL849882.1,Chr3_supercontig_000000360,3,445544,429603722,1841320596
GL849883.1,Chr3_supercontig_000000361,3,278890,429882612,1841599486
GL849884.1,Chr3_supercontig_000000362,3,550695,430433307,1842150181
GL849885.1,Chr3_supercontig_000000363,3,3730000,434163307,1845880181
GL849886.1,Chr3_supercontig_000000364,3,164791,434328098,1846044972
GL849887.1,Chr3_supercontig_000000365,3,3036594,437364692,1849081566
GL849888.1,Chr3_supercontig_000000366,3,121604,437486296,1849203170
GL849889.1,Chr3_supercontig_000000367,3,1504434,438990730,1850707604
GL849890.1,Chr3_supercontig_000000368,3,4842,438995572,1850712446
GL849891.1,Chr3_supercontig_000000369,3,3056328,442051900,1853768774
GL849892.1,Chr3_supercontig_000000370,3,1782022,443833922,1855550796
GL849893.1,Chr3_supercontig_000000371,3,2194565,446028487,1857745361
GL849894.1,Chr3_supercontig_000000372,3,379170,446407657,1858124531
GL849895.1,Chr3_supercontig_000000373,3,367222,446774879,1858491753
GL849896.1,Chr3_supercontig_000000374,3,3197822,449972701,1861689575
GL849897.1,Chr3_supercontig_000000375,3,505770,450478471,1862195345
GL849898.1,Chr3_supercontig_000000376,3,438554,450917025,1862633899
GL849899.1,Chr3_supercontig_000000377,3,3837488,454754513,1866471387
GL849900.1,Chr3_supercontig_000000378,3,2112326,456866839,1868583713
GL849901.1,Chr3_supercontig_000000379,3,565204,457432043,1869148917
GL849902.1,Chr3_supercontig_000000380,3,1752036,459184079,1870900953
GL849903.1,Chr3_supercontig_000000381,3,5011656,464195735,1875912609
GL849904.1,Chr3_supercontig_000000382,3,3920454,468116189,1879833063
GL849905.1,Chr3_supercontig_000000383,3,5315331,473431520,1885148394
GL849906.1,Chr3_supercontig_000000384,3,4779180,478210700,1889927574
GL849907.1,Chr3_supercontig_000000385,3,4218823,482429523,1894146397
GL849908.1,Chr3_supercontig_000000386,3,353344,482782867,1894499741
GL849909.1,Chr3_supercontig_000000387,3,4011815,486794682,1898511556
GL849910.1,Chr3_supercontig_000000388,3,4277794,491072476,1902789350
GL849911.1,Chr3_supercontig_000000389,3,4264525,495337001,1907053875
GL849912.1,Chr3_supercontig_000000390,3,3102652,498439653,1910156527
GL849913.1,Chr3_supercontig_000000391,3,692304,499131957,1910848831
GL849914.1,Chr3_supercontig_000000392,3,431540,499563497,1911280371
GL849915.1,Chr3_supercontig_000000393,3,4730170,504293667,1916010541
GL849916.1,Chr3_supercontig_000000394,3,3837897,508131564,1919848438
GL849917.1,Chr3_supercontig_000000395,3,1342200,509473764,1921190638
GL849918.1,Chr3_supercontig_000000396,3,2048349,511522113,1923238987
GL849919.1,Chr3_supercontig_000000397,3,265926,511788039,1923504913
GL849920.1,Chr3_supercontig_000000398,3,477664,512265703,1923982577
GL849921.1,Chr3_supercontig_000000399,3,1577936,513843639,1925560513
GL849922.1,Chr3_supercontig_000000400,3,1002984,514846623,1926563497
GL849923.1,Chr3_supercontig_000000401,3,781646,515628269,1927345143
GL849924.1,Chr3_supercontig_000000402,3,366608,515994877,1927711751
GL849925.1,Chr3_supercontig_000000403,3,69216,516064093,1927780967
GL849926.1,Chr3_supercontig_000000404,3,566306,516630399,1928347273
GL849927.1,Chr3_supercontig_000000405,3,481438,517111837,1928828711
GL849928.1,Chr3_supercontig_000000406,3,473923,517585760,1929302634
GL849929.1,Chr3_supercontig_000000407,3,529111,518114871,1929831745
GL849930.1,Chr3_supercontig_000000408,3,183695,518298566,1930015440
GL849931.1,Chr3_supercontig_000000409,3,302202,518600768,1930317642
GL849932.1,Chr3_supercontig_000000410,3,209366,518810134,1930527008
GL849933.1,Chr3_supercontig_000000411,3,14466,518824600,1930541474
GL849934.1,Chr3_supercontig_000000412,3,84905,518909505,1930626379
GL849935.1,Chr3_supercontig_000000413,3,8024,518917529,1930634403
GL849936.1,Chr3_supercontig_000000414,3,7784,518925313,1930642187
GL849937.1,Chr3_supercontig_000000415,3,5113,518930426,1930647300
GL849938.1,Chr3_supercontig_000000416,3,115820,519046246,1930763120
GL849939.1,Chr3_supercontig_000000417,3,245349,519291595,1931008469
GL849940.1,Chr3_supercontig_000000418,3,123507,519415102,1931131976
GL849941.1,Chr3_supercontig_000000419,3,69871,519484973,1931201847
GL849942.1,Chr3_supercontig_000000420,3,125473,519610446,1931327320
GL849943.1,Chr3_supercontig_000000421,3,380484,519990930,1931707804
GL849944.1,Chr3_supercontig_000000422,3,63740,520054670,1931771544
GL849945.1,Chr3_supercontig_000000423,3,58158,520112828,1931829702
GL849946.1,Chr3_supercontig_000000424,3,277959,520390787,1932107661
GL849947.1,Chr3_supercontig_000000425,3,12721,520403508,1932120382
GL849948.1,Chr3_supercontig_000000426,3,36846,520440354,1932157228
GL849949.1,Chr3_supercontig_000000427,3,20854,520461208,1932178082
GL849950.1,Chr3_supercontig_000000428,3,20293,520481501,1932198375
GL849951.1,Chr3_supercontig_000000429,3,202797,520684298,1932401172
GL849952.1,Chr3_supercontig_000000430,3,161343,520845641,1932562515
GL849953.1,Chr3_supercontig_000000431,3,27531,520873172,1932590046
GL849954.1,Chr3_supercontig_000000432,3,93050,520966222,1932683096
GL849955.1,Chr3_supercontig_000000433,3,47718,521013940,1932730814
GL849956.1,Chr3_supercontig_000000434,3,186498,521200438,1932917312
GL849957.1,Chr3_supercontig_000000435,3,108608,521309046,1933025920
GL849958.1,Chr3_supercontig_000000436,3,64777,521373823,1933090697
GL849959.1,Chr3_supercontig_000000437,3,83925,521457748,1933174622
GL849960.1,Chr3_supercontig_000000438,3,93399,521551147,1933268021
GL849961.1,Chr3_supercontig_000000439,3,47494,521598641,1933315515
GL849962.1,Chr3_supercontig_000000440,3,13434,521612075,1933328949
GL849963.1,Chr3_supercontig_000000441,3,202247,521814322,1933531196
GL849964.1,Chr3_supercontig_000000442,3,105411,521919733,1933636607
GL849965.1,Chr3_supercontig_000000443,3,185000,522104733,1933821607
GL849966.1,Chr3_supercontig_000000444,3,279657,522384390,1934101264
GL849967.1,Chr3_supercontig_000000445,3,598396,522982786,1934699660
GL849968.1,Chr3_supercontig_000000446,3,116733,523099519,1934816393
GL849969.1,Chr3_supercontig_000000447,3,76740,523176259,1934893133
GL849970.1,Chr3_supercontig_000000448,3,45003,523221262,1934938136
GL849971.1,Chr3_supercontig_000000449,3,20133,523241395,1934958269
GL849972.1,Chr3_supercontig_000000450,3,168520,523409915,1935126789
GL849973.1,Chr3_supercontig_000000451,3,44386,523454301,1935171175
GL849974.1,Chr3_supercontig_000000452,3,435774,523890075,1935606949
GL849975.1,Chr3_supercontig_000000453,3,85767,523975842,1935692716
GL849976.1,Chr3_supercontig_000000454,3,81079,524056921,1935773795
GL849977.1,Chr3_supercontig_000000455,3,296617,524353538,1936070412
GL849978.1,Chr3_supercontig_000000456,3,76746,524430284,1936147158
GL849979.1,Chr3_supercontig_000000457,3,115011,524545295,1936262169
GL849980.1,Chr3_supercontig_000000458,3,56144,524601439,1936318313
GL849981.1,Chr3_supercontig_000000459,3,42227,524643666,1936360540
GL849982.1,Chr3_supercontig_000000460,3,75686,524719352,1936436226
GL849983.1,Chr3_supercontig_000000461,3,24355,524743707,1936460581
GL849984.1,Chr3_supercontig_000000462,3,58813,524802520,1936519394
GL849985.1,Chr3_supercontig_000000463,3,201804,525004324,1936721198
GL849986.1,Chr3_supercontig_000000464,3,93889,525098213,1936815087
GL849987.1,Chr3_supercontig_000000465,3,24455,525122668,1936839542
GL849988.1,Chr3_supercontig_000000466,3,64742,525187410,1936904284
GL849989.1,Chr3_supercontig_000000467,3,50957,525238367,1936955241
GL849990.1,Chr3_supercontig_000000468,3,188927,525427294,1937144168
GL849991.1,Chr3_supercontig_000000469,3,75897,525503191,1937220065
GL849992.1,Chr3_supercontig_000000470,3,19485,525522676,1937239550
GL849993.1,Chr3_supercontig_000000471,3,267885,525790561,1937507435
GL849994.1,Chr3_supercontig_000000472,3,169579,525960140,1937677014
GL849995.1,Chr3_supercontig_000000473,3,31721,525991861,1937708735
GL849996.1,Chr3_supercontig_000000474,3,164156,526156017,1937872891
GL849997.1,Chr3_supercontig_000000475,3,336426,526492443,1938209317
GL849998.1,Chr3_supercontig_000000476,3,481443,526973886,1938690760
GL849999.1,Chr3_supercontig_000000477,3,89053,527062939,1938779813
GL850000.1,Chr3_supercontig_000000478,3,60584,527123523,1938840397
GL850001.1,Chr3_supercontig_000000479,3,113941,527237464,1938954338
GL850002.1,Chr3_supercontig_000000480,3,145045,527382509,1939099383
GL850003.1,Chr3_supercontig_000000481,3,19849,527402358,1939119232
GL850004.1,Chr3_supercontig_000000482,3,184139,527586497,1939303371
GL850005.1,Chr3_supercontig_000000483,3,100916,527687413,1939404287
GL850006.1,Chr3_supercontig_000000484,3,150375,527837788,1939554662
GL850007.1,Chr3_supercontig_000000485,3,147950,527985738,1939702612
GL850008.1,Chr3_supercontig_000000486,3,150620,528136358,1939853232
GL850009.1,Chr3_supercontig_000000487,3,779189,528915547,1940632421
GL850010.1,Chr3_supercontig_000000488,3,86886,529002433,1940719307
GL850011.1,Chr3_supercontig_000000489,3,102619,529105052,1940821926
GL850012.1,Chr3_supercontig_000000490,3,229614,529334666,1941051540
GL850013.1,Chr3_supercontig_000000491,3,68548,529403214,1941120088
GL850014.1,Chr3_supercontig_000000492,3,31770,529434984,1941151858
GL850015.1,Chr3_supercontig_000000493,3,136108,529571092,1941287966
GL850016.1,Chr3_supercontig_000000494,3,284452,529855544,1941572418
GL850017.1,Chr3_supercontig_000000495,3,31533,529887077,1941603951
GL850018.1,Chr3_supercontig_000000496,3,125356,530012433,1941729307
GL850019.1,Chr3_supercontig_000000497,3,52114,530064547,1941781421
GL850020.1,Chr3_supercontig_000000498,3,180052,530244599,1941961473
GL850021.1,Chr3_supercontig_000000499,3,328758,530573357,1942290231
GL850022.1,Chr3_supercontig_000000500,3,69117,530642474,1942359348
GL850023.1,Chr3_supercontig_000000501,3,89193,530731667,1942448541
GL850024.1,Chr3_supercontig_000000502,3,146431,530878098,1942594972
GL850025.1,Chr3_supercontig_000000503,3,208718,531086816,1942803690
GL850026.1,Chr3_supercontig_000000504,3,17727,531104543,1942821417
GL850027.1,Chr3_supercontig_000000505,3,81115,531185658,1942902532
GL850028.1,Chr3_supercontig_000000506,3,204687,531390345,1943107219
GL850029.1,Chr3_supercontig_000000507,3,120643,531510988,1943227862
GL850030.1,Chr3_supercontig_000000508,3,138650,531649638,1943366512
GL850031.1,Chr3_supercontig_000000509,3,81576,531731214,1943448088
GL850032.1,Chr3_supercontig_000000510,3,85428,531816642,1943533516
GL850033.1,Chr3_supercontig_000000511,3,321522,532138164,1943855038
GL850034.1,Chr3_supercontig_000000512,3,38581,532176745,1943893619
GL850035.1,Chr3_supercontig_000000513,3,224008,532400753,1944117627
GL850036.1,Chr3_supercontig_000000514,3,43743,532444496,1944161370
GL850037.1,Chr3_supercontig_000000515,3,18913,532463409,1944180283
GL850038.1,Chr3_supercontig_000000516,3,157590,532620999,1944337873
GL850039.1,Chr3_supercontig_000000517,3,127202,532748201,1944465075
GL850040.1,Chr3_supercontig_000000518,3,228671,532976872,1944693746
GL850041.1,Chr3_supercontig_000000519,3,597465,533574337,1945291211
GL850042.1,Chr3_supercontig_000000520,3,44683,533619020,1945335894
GL850043.1,Chr3_supercontig_000000521,3,29074,533648094,1945364968
GL850044.1,Chr3_supercontig_000000522,3,34738,533682832,1945399706
GL850045.1,Chr3_supercontig_000000523,3,254507,533937339,1945654213
GL850046.1,Chr3_supercontig_000000524,3,166193,534103532,1945820406
GL850047.1,Chr3_supercontig_000000525,3,126073,534229605,1945946479
GL850048.1,Chr3_supercontig_000000526,3,41768,534271373,1945988247
GL850049.1,Chr3_supercontig_000000527,3,334301,534605674,1946322548
GL850050.1,Chr3_supercontig_000000528,3,66545,534672219,1946389093
GL850051.1,Chr3_supercontig_000000529,3,165332,534837551,1946554425
GL850052.1,Chr3_supercontig_000000530,3,51540,534889091,1946605965
GL850053.1,Chr3_supercontig_000000531,3,42634,534931725,1946648599
GL850054.1,Chr3_supercontig_000000532,3,193991,535125716,1946842590
GL850055.1,Chr3_supercontig_000000533,3,353764,535479480,1947196354
GL850056.1,Chr3_supercontig_000000534,3,68360,535547840,1947264714
GL850057.1,Chr3_supercontig_000000535,3,70375,535618215,1947335089
GL850058.1,Chr3_supercontig_000000536,3,324860,535943075,1947659949
GL850059.1,Chr3_supercontig_000000537,3,134273,536077348,1947794222
GL850060.1,Chr3_supercontig_000000538,3,81854,536159202,1947876076
GL850061.1,Chr3_supercontig_000000539,3,5158,536164360,1947881234
GL850062.1,Chr3_supercontig_000000540,3,45130,536209490,1947926364
GL850063.1,Chr3_supercontig_000000541,3,58623,536268113,1947984987
GL850064.1,Chr3_supercontig_000000542,3,80057,536348170,1948065044
GL850065.1,Chr3_supercontig_000000543,3,37750,536385920,1948102794
GL850066.1,Chr3_supercontig_000000544,3,28551,536414471,1948131345
GL850067.1,Chr3_supercontig_000000545,3,170617,536585088,1948301962
GL850068.1,Chr3_supercontig_000000546,3,88917,536674005,1948390879
GL850069.1,Chr3_supercontig_000000547,3,71945,536745950,1948462824
GL850070.1,Chr3_supercontig_000000548,3,18394,536764344,1948481218
GL850071.1,Chr3_supercontig_000000549,3,54720,536819064,1948535938
GL850072.1,Chr3_supercontig_000000550,3,60689,536879753,1948596627
GL850073.1,Chr3_supercontig_000000551,3,69250,536949003,1948665877
GL850074.1,Chr3_supercontig_000000552,3,62573,537011576,1948728450
GL850075.1,Chr3_supercontig_000000553,3,145068,537156644,1948873518
GL850076.1,Chr3_supercontig_000000554,3,21214,537177858,1948894732
GL850077.1,Chr3_supercontig_000000555,3,24233,537202091,1948918965
GL850078.1,Chr3_supercontig_000000556,3,54198,537256289,1948973163
GL850079.1,Chr3_supercontig_000000557,3,212681,537468970,1949185844
GL850080.1,Chr3_supercontig_000000558,3,7687,537476657,1949193531
GL850081.1,Chr3_supercontig_000000559,3,236528,537713185,1949430059
GL850082.1,Chr3_supercontig_000000560,3,109833,537823018,1949539892
GL850083.1,Chr3_supercontig_000000561,3,38253,537861271,1949578145
GL850084.1,Chr3_supercontig_000000562,3,156798,538018069,1949734943
GL850085.1,Chr3_supercontig_000000563,3,76100,538094169,1949811043
GL850086.1,Chr3_supercontig_000000564,3,65038,538159207,1949876081
GL850087.1,Chr3_supercontig_000000565,3,54878,538214085,1949930959
GL850088.1,Chr3_supercontig_000000566,3,38010,538252095,1949968969
GL850089.1,Chr3_supercontig_000000567,3,131287,538383382,1950100256
GL850090.1,Chr3_supercontig_000000568,3,188107,538571489,1950288363
GL850091.1,Chr3_supercontig_000000569,3,268164,538839653,1950556527
GL850092.1,Chr3_supercontig_000000570,3,21768,538861421,1950578295
GL850093.1,Chr3_supercontig_000000571,3,56085,538917506,1950634380
GL850094.1,Chr3_supercontig_000000572,3,107652,539025158,1950742032
GL850095.1,Chr3_supercontig_000000573,3,131458,539156616,1950873490
GL850096.1,Chr3_supercontig_000000574,3,54807,539211423,1950928297
GL850097.1,Chr3_supercontig_000000575,3,3779,539215202,1950932076
GL850098.1,Chr3_supercontig_000000576,3,61252,539276454,1950993328
GL850099.1,Chr3_supercontig_000000577,3,202979,539479433,1951196307
GL850100.1,Chr3_supercontig_000000578,3,62923,539542356,1951259230
GL850101.1,Chr3_supercontig_000000579,3,76701,539619057,1951335931
GL850102.1,Chr3_supercontig_000000580,3,97735,539716792,1951433666
GL850103.1,Chr3_supercontig_000000581,3,110364,539827156,1951544030
GL850104.1,Chr3_supercontig_000000582,3,122053,539949209,1951666083
GL850105.1,Chr3_supercontig_000000583,3,187630,540136839,1951853713
GL850106.1,Chr3_supercontig_000000584,3,122561,540259400,1951976274
GL850107.1,Chr3_supercontig_000000585,3,594788,540854188,1952571062
GL850108.1,Chr3_supercontig_000000586,3,85843,540940031,1952656905
GL850109.1,Chr3_supercontig_000000587,3,54697,540994728,1952711602
GL850110.1,Chr3_supercontig_000000588,3,284371,541279099,1952995973
GL850111.1,Chr3_supercontig_000000589,3,205588,541484687,1953201561
GL850112.1,Chr3_supercontig_000000590,3,81427,541566114,1953282988
GL850113.1,Chr3_supercontig_000000591,3,99995,541666109,1953382983
GL850114.1,Chr3_supercontig_000000592,3,160419,541826528,1953543402
GL850115.1,Chr3_supercontig_000000593,3,89977,541916505,1953633379
GL850116.1,Chr3_supercontig_000000594,3,115285,542031790,1953748664
GL850117.1,Chr3_supercontig_000000595,3,138832,542170622,1953887496
GL850118.1,Chr3_supercontig_000000596,3,68190,542238812,1953955686
GL850119.1,Chr3_supercontig_000000597,3,27890,542266702,1953983576
GL850120.1,Chr3_supercontig_000000598,3,54325,542321027,1954037901
GL850121.1,Chr3_supercontig_000000599,3,25972,542346999,1954063873
GL850122.1,Chr3_supercontig_000000600,3,47358,542394357,1954111231
GL850123.1,Chr3_supercontig_000000601,3,88775,542483132,1954200006
GL850124.1,Chr3_supercontig_000000602,3,20946,542504078,1954220952
GL850125.1,Chr3_supercontig_000000603,3,143242,542647320,1954364194
GL850126.1,Chr3_supercontig_000000604,3,228210,542875530,1954592404
GL850127.1,Chr3_supercontig_000000605,3,33812,542909342,1954626216
GL850128.1,Chr3_supercontig_000000606,3,48370,542957712,1954674586
GL850129.1,Chr3_supercontig_000000607,3,176496,543134208,1954851082
GL850130.1,Chr3_supercontig_000000608,3,174726,543308934,1955025808
GL850131.1,Chr3_supercontig_000000609,3,61268,543370202,1955087076
GL850132.1,Chr3_supercontig_000000610,3,6732,543376934,1955093808
GL850133.1,Chr3_supercontig_000000611,3,199061,543575995,1955292869
GL850134.1,Chr3_supercontig_000000612,3,121447,543697442,1955414316
GL850135.1,Chr3_supercontig_000000613,3,4778,543702220,1955419094
GL850136.1,Chr3_supercontig_000000614,3,263234,543965454,1955682328
GL850137.1,Chr3_supercontig_000000615,3,57932,544023386,1955740260
GL850138.1,Chr3_supercontig_000000616,3,20773,544044159,1955761033
GL850139.1,Chr3_supercontig_000000617,3,33257,544077416,1955794290
GL850140.1,Chr3_supercontig_000000618,3,187770,544265186,1955982060
GL850141.1,Chr3_supercontig_000000619,3,19602,544284788,1956001662
GL850142.1,Chr3_supercontig_000000620,3,40987,544325775,1956042649
GL850143.1,Chr3_supercontig_000000621,3,6074,544331849,1956048723
GL850144.1,Chr3_supercontig_000000622,3,132425,544464274,1956181148
GL850145.1,Chr3_supercontig_000000623,3,64052,544528326,1956245200
GL850146.1,Chr3_supercontig_000000624,3,62257,544590583,1956307457
GL850147.1,Chr3_supercontig_000000625,3,220523,544811106,1956527980
GL850148.1,Chr3_supercontig_000000626,3,104711,544915817,1956632691
GL850149.1,Chr3_supercontig_000000627,3,120847,545036664,1956753538
GL850150.1,Chr3_supercontig_000000628,3,50103,545086767,1956803641
GL850151.1,Chr3_supercontig_000000629,3,41278,545128045,1956844919
GL850152.1,Chr3_supercontig_000000630,3,58593,545186638,1956903512
GL850153.1,Chr3_supercontig_000000631,3,46167,545232805,1956949679
GL850154.1,Chr3_supercontig_000000632,3,41970,545274775,1956991649
GL850155.1,Chr3_supercontig_000000633,3,30257,545305032,1957021906
GL850156.1,Chr3_supercontig_000000634,3,154719,545459751,1957176625
GL850157.1,Chr3_supercontig_000000635,3,50950,545510701,1957227575
GL850158.1,Chr3_supercontig_000000636,3,15297,545525998,1957242872
GL850159.1,Chr3_supercontig_000000637,3,38736,545564734,1957281608
GL850160.1,Chr3_supercontig_000000638,3,81526,545646260,1957363134
GL850161.1,Chr3_supercontig_000000639,3,546366,546192626,1957909500
GL850162.1,Chr3_supercontig_000000640,3,31416,546224042,1957940916
GL850163.1,Chr3_supercontig_000000641,3,53284,546277326,1957994200
GL850164.1,Chr3_supercontig_000000642,3,88476,546365802,1958082676
GL850165.1,Chr3_supercontig_000000643,3,20820,546386622,1958103496
GL850166.1,Chr3_supercontig_000000644,3,30514,546417136,1958134010
GL850167.1,Chr3_supercontig_000000645,3,60020,546477156,1958194030
GL850168.1,Chr3_supercontig_000000646,3,42622,546519778,1958236652
GL850169.1,Chr3_supercontig_000000647,3,30983,546550761,1958267635
GL850170.1,Chr3_supercontig_000000648,3,31381,546582142,1958299016
GL850171.1,Chr3_supercontig_000000649,3,58226,546640368,1958357242
GL850172.1,Chr3_supercontig_000000650,3,213616,546853984,1958570858
GL850173.1,Chr3_supercontig_000000651,3,71140,546925124,1958641998
GL850174.1,Chr3_supercontig_000000652,3,118659,547043783,1958760657
GL850175.1,Chr3_supercontig_000000653,3,48169,547091952,1958808826
GL850176.1,Chr3_supercontig_000000654,3,146828,547238780,1958955654
GL850177.1,Chr3_supercontig_000000655,3,55165,547293945,1959010819
GL850178.1,Chr3_supercontig_000000656,3,134843,547428788,1959145662
GL850179.1,Chr3_supercontig_000000657,3,296646,547725434,1959442308
GL850180.1,Chr3_supercontig_000000658,3,144795,547870229,1959587103
GL850181.1,Chr3_supercontig_000000659,3,9032,547879261,1959596135
GL850182.1,Chr3_supercontig_000000660,3,195289,548074550,1959791424
GL850183.1,Chr3_supercontig_000000661,3,50726,548125276,1959842150
GL850184.1,Chr3_supercontig_000000662,3,168799,548294075,1960010949
GL850185.1,Chr3_supercontig_000000663,3,92286,548386361,1960103235
GL850186.1,Chr3_supercontig_000000664,3,25512,548411873,1960128747
GL850187.1,Chr3_supercontig_000000665,3,79756,548491629,1960208503
GL850188.1,Chr3_supercontig_000000666,3,246644,548738273,1960455147
GL850189.1,Chr3_supercontig_000000667,3,213247,548951520,1960668394
GL850190.1,Chr3_supercontig_000000668,3,3260,548954780,1960671654
GL850191.1,Chr3_supercontig_000000669,3,99709,549054489,1960771363
GL850192.1,Chr3_supercontig_000000670,3,49287,549103776,1960820650
GL850193.1,Chr3_supercontig_000000671,3,420036,549523812,1961240686
GL850194.1,Chr3_supercontig_000000672,3,72239,549596051,1961312925
GL850195.1,Chr3_supercontig_000000673,3,61931,549657982,1961374856
GL850196.1,Chr3_supercontig_000000674,3,100998,549758980,1961475854
GL850197.1,Chr3_supercontig_000000675,3,156324,549915304,1961632178
GL850198.1,Chr3_supercontig_000000676,3,48565,549963869,1961680743
GL850199.1,Chr3_supercontig_000000677,3,55166,550019035,1961735909
GL850200.1,Chr3_supercontig_000000678,3,47270,550066305,1961783179
GL850201.1,Chr3_supercontig_000000679,3,369012,550435317,1962152191
GL850202.1,Chr3_supercontig_000000680,3,124815,550560132,1962277006
GL850203.1,Chr3_supercontig_000000681,3,112156,550672288,1962389162
GL850204.1,Chr3_supercontig_000000682,3,117463,550789751,1962506625
GL850205.1,Chr3_supercontig_000000683,3,180205,550969956,1962686830
GL850206.1,Chr3_supercontig_000000684,3,12960,550982916,1962699790
GL850207.1,Chr3_supercontig_000000685,3,274694,551257610,1962974484
GL850208.1,Chr3_supercontig_000000686,3,166307,551423917,1963140791
GL850209.1,Chr3_supercontig_000000687,3,59220,551483137,1963200011
GL850210.1,Chr3_supercontig_000000688,3,61624,551544761,1963261635
GL850211.1,Chr3_supercontig_000000689,3,128537,551673298,1963390172
GL850212.1,Chr3_supercontig_000000690,3,22251,551695549,1963412423
GL850213.1,Chr3_supercontig_000000691,3,98346,551793895,1963510769
GL850214.1,Chr3_supercontig_000000692,3,61052,551854947,1963571821
GL850215.1,Chr3_supercontig_000000693,3,2842,551857789,1963574663
GL850216.1,Chr3_supercontig_000000694,3,154565,552012354,1963729228
GL850217.1,Chr3_supercontig_000000695,3,26720,552039074,1963755948
GL850218.1,Chr3_supercontig_000000696,3,140949,552180023,1963896897
GL850219.1,Chr3_supercontig_000000697,3,84930,552264953,1963981827
GL850220.1,Chr3_supercontig_000000698,3,30302,552295255,1964012129
GL850221.1,Chr3_supercontig_000000699,3,66835,552362090,1964078964
GL850222.1,Chr3_supercontig_000000700,3,21547,552383637,1964100511
GL850223.1,Chr3_supercontig_000000701,3,45558,552429195,1964146069
GL850224.1,Chr3_supercontig_000000702,3,114933,552544128,1964261002
GL850225.1,Chr3_supercontig_000000703,3,27662,552571790,1964288664
GL850226.1,Chr3_supercontig_000000704,3,77184,552648974,1964365848
GL850227.1,Chr3_supercontig_000000705,3,163722,552812696,1964529570
GL850228.1,Chr3_supercontig_000000706,3,102630,552915326,1964632200
GL850229.1,Chr3_supercontig_000000707,3,158840,553074166,1964791040
GL850230.1,Chr3_supercontig_000000708,3,202442,553276608,1964993482
GL850231.1,Chr3_supercontig_000000709,3,23922,553300530,1965017404
GL850232.1,Chr3_supercontig_000000710,3,213314,553513844,1965230718
GL850233.1,Chr3_supercontig_000000711,3,52769,553566613,1965283487
GL850234.1,Chr3_supercontig_000000712,3,39286,553605899,1965322773
GL850235.1,Chr3_supercontig_000000713,3,37338,553643237,1965360111
GL850236.1,Chr3_supercontig_000000714,3,278289,553921526,1965638400
GL850237.1,Chr3_supercontig_000000715,3,84026,554005552,1965722426
GL850238.1,Chr3_supercontig_000000716,3,51609,554057161,1965774035
GL850239.1,Chr3_supercontig_000000717,3,187697,554244858,1965961732
GL850240.1,Chr3_supercontig_000000718,3,268576,554513434,1966230308
GL850241.1,Chr3_supercontig_000000719,3,56020,554569454,1966286328
GL850242.1,Chr3_supercontig_000000720,3,105592,554675046,1966391920
GL850243.1,Chr3_supercontig_000000721,3,27575,554702621,1966419495
GL850244.1,Chr3_supercontig_000000722,3,141000,554843621,1966560495
GL850245.1,Chr3_supercontig_000000723,3,205905,555049526,1966766400
GL850246.1,Chr3_supercontig_000000724,3,47946,555097472,1966814346
GL850247.1,Chr3_supercontig_000000725,3,70636,555168108,1966884982
GL850248.1,Chr3_supercontig_000000726,3,115250,555283358,1967000232
GL850249.1,Chr3_supercontig_000000727,3,37921,555321279,1967038153
GL850250.1,Chr3_supercontig_000000728,3,42069,555363348,1967080222
GL850251.1,Chr3_supercontig_000000729,3,120462,555483810,1967200684
GL850252.1,Chr3_supercontig_000000730,3,131460,555615270,1967332144
GL850253.1,Chr3_supercontig_000000731,3,19902,555635172,1967352046
GL850254.1,Chr3_supercontig_000000732,3,106048,555741220,1967458094
GL850255.1,Chr3_supercontig_000000733,3,53550,555794770,1967511644
GL850256.1,Chr3_supercontig_000000734,3,84149,555878919,1967595793
GL850257.1,Chr3_supercontig_000000735,3,37849,555916768,1967633642
GL850258.1,Chr3_supercontig_000000736,3,104132,556020900,1967737774
GL850259.1,Chr3_supercontig_000000737,3,458398,556479298,1968196172
GL850260.1,Chr3_supercontig_000000738,3,117071,556596369,1968313243
GL850261.1,Chr3_supercontig_000000739,3,107392,556703761,1968420635
GL850262.1,Chr3_supercontig_000000740,3,370444,557074205,1968791079
GL850263.1,Chr3_supercontig_000000741,3,169067,557243272,1968960146
GL850264.1,Chr3_supercontig_000000742,3,51792,557295064,1969011938
GL850265.1,Chr3_supercontig_000000743,3,103565,557398629,1969115503
GL850266.1,Chr3_supercontig_000000744,3,160867,557559496,1969276370
GL850267.1,Chr3_supercontig_000000745,3,53444,557612940,1969329814
GL850268.1,Chr3_supercontig_000000746,3,75038,557687978,1969404852
GL850269.1,Chr3_supercontig_000000747,3,30434,557718412,1969435286
GL850270.1,Chr3_supercontig_000000748,3,128204,557846616,1969563490
GL850271.1,Chr3_supercontig_000000749,3,207118,558053734,1969770608
GL850272.1,Chr3_supercontig_000000750,3,48820,558102554,1969819428
GL850273.1,Chr3_supercontig_000000751,3,88565,558191119,1969907993
GL850274.1,Chr3_supercontig_000000752,3,117430,558308549,1970025423
GL850275.1,Chr3_supercontig_000000753,3,218164,558526713,1970243587
GL850276.1,Chr3_supercontig_000000754,3,144193,558670906,1970387780
GL850277.1,Chr3_supercontig_000000755,3,124153,558795059,1970511933
GL850278.1,Chr3_supercontig_000000756,3,2704,558797763,1970514637
GL850279.1,Chr3_supercontig_000000757,3,27354,558825117,1970541991
GL850280.1,Chr3_supercontig_000000758,3,44377,558869494,1970586368
GL850281.1,Chr3_supercontig_000000759,3,40765,558910259,1970627133
GL850282.1,Chr3_supercontig_000000760,3,64369,558974628,1970691502
GL850283.1,Chr3_supercontig_000000761,3,48905,559023533,1970740407
GL850284.1,Chr3_supercontig_000000762,3,10190,559033723,1970750597
GL850285.1,Chr3_supercontig_000000763,3,33924,559067647,1970784521
GL850286.1,Chr3_supercontig_000000764,3,145894,559213541,1970930415
GL850287.1,Chr3_supercontig_000000765,3,15545,559229086,1970945960
GL850288.1,Chr3_supercontig_000000766,3,197820,559426906,1971143780
GL850289.1,Chr3_supercontig_000000767,3,74747,559501653,1971218527
GL850290.1,Chr3_supercontig_000000768,3,64473,559566126,1971283000
GL850291.1,Chr3_supercontig_000000769,3,9694,559575820,1971292694
GL850292.1,Chr3_supercontig_000000770,3,314174,559889994,1971606868
GL850293.1,Chr3_supercontig_000000771,3,56198,559946192,1971663066
GL850294.1,Chr3_supercontig_000000772,3,23991,559970183,1971687057
GL850295.1,Chr3_supercontig_000000773,3,127876,560098059,1971814933
GL850296.1,Chr3_supercontig_000000774,3,35595,560133654,1971850528
GL850297.1,Chr3_supercontig_000000775,3,179239,560312893,1972029767
GL850298.1,Chr3_supercontig_000000776,3,5739,560318632,1972035506
GL850299.1,Chr3_supercontig_000000777,3,12081,560330713,1972047587
GL850300.1,Chr3_supercontig_000000778,3,103000,560433713,1972150587
GL850301.1,Chr3_supercontig_000000779,3,25998,560459711,1972176585
GL850302.1,Chr3_supercontig_000000780,3,33977,560493688,1972210562
GL850303.1,Chr3_supercontig_000000781,3,87338,560581026,1972297900
GL850304.1,Chr3_supercontig_000000782,3,29388,560610414,1972327288
GL850305.1,Chr3_supercontig_000000783,3,8883,560619297,1972336171
GL850306.1,Chr3_supercontig_000000784,3,20539,560639836,1972356710
GL850307.1,Chr3_supercontig_000000785,3,151132,560790968,1972507842
GL850308.1,Chr3_supercontig_000000786,3,7089,560798057,1972514931
GL850309.1,Chr3_supercontig_000000787,3,11080,560809137,1972526011
GL850310.1,Chr3_supercontig_000000788,3,41415,560850552,1972567426
GL850311.1,Chr3_supercontig_000000789,3,37035,560887587,1972604461
GL850312.1,Chr3_supercontig_000000790,3,35227,560922814,1972639688
GL850313.1,Chr3_supercontig_000000791,3,63368,560986182,1972703056
GL850314.1,Chr3_supercontig_000000792,3,109637,561095819,1972812693
GL850315.1,Chr3_supercontig_000000793,3,12333,561108152,1972825026
GL850316.1,Chr3_supercontig_000000794,3,22100,561130252,1972847126
GL850317.1,Chr3_supercontig_000000795,3,17051,561147303,1972864177
GL850318.1,Chr3_supercontig_000000796,3,131451,561278754,1972995628
GL850319.1,Chr3_supercontig_000000797,3,63111,561341865,1973058739
GL850320.1,Chr3_supercontig_000000798,3,133906,561475771,1973192645
GL850321.1,Chr3_supercontig_000000799,3,46257,561522028,1973238902
GL850322.1,Chr3_supercontig_000000800,3,49865,561571893,1973288767
GL850323.1,Chr3_supercontig_000000801,3,3482,561575375,1973292249
GL850324.1,Chr3_supercontig_000000802,3,218984,561794359,1973511233
GL850325.1,Chr3_supercontig_000000803,3,130311,561924670,1973641544
GL850326.1,Chr3_supercontig_000000804,3,98750,562023420,1973740294
GL850327.1,Chr3_supercontig_000000805,3,59963,562083383,1973800257
GL850328.1,Chr3_supercontig_000000806,3,54407,562137790,1973854664
GL850329.1,Chr3_supercontig_000000807,3,53418,562191208,1973908082
GL850330.1,Chr3_supercontig_000000808,3,69775,562260983,1973977857
GL850331.1,Chr3_supercontig_000000809,3,40024,562301007,1974017881
GL850332.1,Chr3_supercontig_000000810,3,64249,562365256,1974082130
GL850333.1,Chr3_supercontig_000000811,3,79161,562444417,1974161291
GL850334.1,Chr3_supercontig_000000812,3,70032,562514449,1974231323
GL850335.1,Chr3_supercontig_000000813,3,59441,562573890,1974290764
GL850336.1,Chr3_supercontig_000000814,3,169798,562743688,1974460562
GL850337.1,Chr3_supercontig_000000815,3,138374,562882062,1974598936
GL850338.1,Chr3_supercontig_000000816,3,77685,562959747,1974676621
GL850339.1,Chr3_supercontig_000000817,3,41192,563000939,1974717813
GL850340.1,Chr3_supercontig_000000818,3,251781,563252720,1974969594
GL850341.1,Chr3_supercontig_000000819,3,33814,563286534,1975003408
GL850342.1,Chr3_supercontig_000000820,3,187738,563474272,1975191146
GL850343.1,Chr3_supercontig_000000821,3,45806,563520078,1975236952
GL850344.1,Chr3_supercontig_000000822,3,83048,563603126,1975320000
GL850345.1,Chr3_supercontig_000000823,3,33837,563636963,1975353837
GL850346.1,Chr3_supercontig_000000824,3,66544,563703507,1975420381
GL850347.1,Chr3_supercontig_000000825,3,59899,563763406,1975480280
GL850348.1,Chr3_supercontig_000000826,3,47712,563811118,1975527992
GL850349.1,Chr3_supercontig_000000827,3,52692,563863810,1975580684
GL850350.1,Chr3_supercontig_000000828,3,162167,564025977,1975742851
GL850351.1,Chr3_supercontig_000000829,3,155148,564181125,1975897999
GL850352.1,Chr3_supercontig_000000830,3,47509,564228634,1975945508
GL850353.1,Chr3_supercontig_000000831,3,15103,564243737,1975960611
GL850354.1,Chr3_supercontig_000000832,3,264166,564507903,1976224777
GL850355.1,Chr3_supercontig_000000833,3,58438,564566341,1976283215
GL850356.1,Chr3_supercontig_000000834,3,2514,564568855,1976285729
GL850357.1,Chr3_supercontig_000000835,3,5810,564574665,1976291539
GL850358.1,Chr3_supercontig_000000836,3,257236,564831901,1976548775
GL850359.1,Chr3_supercontig_000000837,3,72345,564904246,1976621120
GL850360.1,Chr3_supercontig_000000838,3,72643,564976889,1976693763
GL850361.1,Chr3_supercontig_000000839,3,46897,565023786,1976740660
GL850362.1,Chr3_supercontig_000000840,3,33932,565057718,1976774592
GL850363.1,Chr3_supercontig_000000841,3,147870,565205588,1976922462
GL850364.1,Chr3_supercontig_000000842,3,132930,565338518,1977055392
GL850365.1,Chr3_supercontig_000000843,3,17126,565355644,1977072518
GL850366.1,Chr3_supercontig_000000844,3,97899,565453543,1977170417
GL850367.1,Chr3_supercontig_000000845,3,2280,565455823,1977172697
GL850368.1,Chr3_supercontig_000000846,3,112028,565567851,1977284725
GL850369.1,Chr3_supercontig_000000847,3,131992,565699843,1977416717
GL850370.1,Chr3_supercontig_000000848,3,193439,565893282,1977610156
GL850371.1,Chr3_supercontig_000000849,3,61259,565954541,1977671415
GL850372.1,Chr3_supercontig_000000850,3,67003,566021544,1977738418
GL850373.1,Chr3_supercontig_000000851,3,36329,566057873,1977774747
GL850374.1,Chr3_supercontig_000000852,3,85348,566143221,1977860095
GL850375.1,Chr3_supercontig_000000853,3,71802,566215023,1977931897
GL850376.1,Chr3_supercontig_000000854,3,48418,566263441,1977980315
GL850377.1,Chr3_supercontig_000000855,3,30082,566293523,1978010397
GL850378.1,Chr3_supercontig_000000856,3,54857,566348380,1978065254
GL850379.1,Chr3_supercontig_000000857,3,82376,566430756,1978147630
GL850380.1,Chr3_supercontig_000000858,3,119480,566550236,1978267110
GL850381.1,Chr3_supercontig_000000859,3,12093,566562329,1978279203
GL850382.1,Chr3_supercontig_000000860,3,175860,566738189,1978455063
GL850383.1,Chr3_supercontig_000000861,3,4300,566742489,1978459363
GL850384.1,Chr3_supercontig_000000862,3,138061,566880550,1978597424
GL850385.1,Chr3_supercontig_000000863,3,111469,566992019,1978708893
GL850386.1,Chr3_supercontig_000000864,3,90939,567082958,1978799832
GL850387.1,Chr3_supercontig_000000865,3,63981,567146939,1978863813
GL850388.1,Chr3_supercontig_000000866,3,4583,567151522,1978868396
GL850389.1,Chr3_supercontig_000000867,3,10134,567161656,1978878530
GL850390.1,Chr3_supercontig_000000868,3,39957,567201613,1978918487
GL850391.1,Chr3_supercontig_000000869,3,154738,567356351,1979073225
GL850392.1,Chr3_supercontig_000000870,3,87832,567444183,1979161057
GL850393.1,Chr3_supercontig_000000871,3,33456,567477639,1979194513
GL850394.1,Chr3_supercontig_000000872,3,49175,567526814,1979243688
GL850395.1,Chr3_supercontig_000000873,3,74607,567601421,1979318295
GL850396.1,Chr3_supercontig_000000874,3,145887,567747308,1979464182
GL850397.1,Chr3_supercontig_000000875,3,58372,567805680,1979522554
GL850398.1,Chr3_supercontig_000000876,3,79373,567885053,1979601927
GL850399.1,Chr3_supercontig_000000877,3,73818,567958871,1979675745
GL850400.1,Chr3_supercontig_000000878,3,70267,568029138,1979746012
GL850401.1,Chr3_supercontig_000000879,3,53649,568082787,1979799661
GL850402.1,Chr3_supercontig_000000880,3,78984,568161771,1979878645
GL850403.1,Chr3_supercontig_000000881,3,111026,568272797,1979989671
GL850404.1,Chr3_supercontig_000000882,3,81696,568354493,1980071367
GL850405.1,Chr3_supercontig_000000883,3,35601,568390094,1980106968
GL850406.1,Chr3_supercontig_000000884,3,80205,568470299,1980187173
GL850407.1,Chr3_supercontig_000000885,3,147196,568617495,1980334369
GL850408.1,Chr3_supercontig_000000886,3,133748,568751243,1980468117
GL850409.1,Chr3_supercontig_000000887,3,105268,568856511,1980573385
GL850410.1,Chr3_supercontig_000000888,3,80556,568937067,1980653941
GL850411.1,Chr3_supercontig_000000889,3,113588,569050655,1980767529
GL850412.1,Chr3_supercontig_000000890,3,110006,569160661,1980877535
GL850413.1,Chr3_supercontig_000000891,3,24421,569185082,1980901956
GL850414.1,Chr3_supercontig_000000892,3,32236,569217318,1980934192
GL850415.1,Chr3_supercontig_000000893,3,6439,569223757,1980940631
GL850416.1,Chr3_supercontig_000000894,3,11323,569235080,1980951954
GL850417.1,Chr3_supercontig_000000895,3,22359,569257439,1980974313
GL850418.1,Chr3_supercontig_000000896,3,123259,569380698,1981097572
GL850419.1,Chr3_supercontig_000000897,3,125634,569506332,1981223206
GL850420.1,Chr3_supercontig_000000898,3,149953,569656285,1981373159
GL850421.1,Chr3_supercontig_000000899,3,100822,569757107,1981473981
GL850422.1,Chr3_supercontig_000000900,3,37217,569794324,1981511198
GL850423.1,Chr3_supercontig_000000901,3,220174,570014498,1981731372
GL850424.1,Chr3_supercontig_000000902,3,41950,570056448,1981773322
GL850425.1,Chr3_supercontig_000000903,3,127335,570183783,1981900657
GL850426.1,Chr3_supercontig_000000904,3,9810,570193593,1981910467
GL850427.1,Chr3_supercontig_000000905,3,113805,570307398,1982024272
GL850428.1,Chr3_supercontig_000000906,3,151998,570459396,1982176270
GL850429.1,Chr3_supercontig_000000907,3,64465,570523861,1982240735
GL850430.1,Chr3_supercontig_000000908,3,20699,570544560,1982261434
GL850431.1,Chr3_supercontig_000000909,3,129676,570674236,1982391110
GL850432.1,Chr3_supercontig_000000910,3,23443,570697679,1982414553
GL850433.1,Chr3_supercontig_000000911,3,45414,570743093,1982459967
GL850434.1,Chr3_supercontig_000000912,3,167071,570910164,1982627038
GL850435.1,Chr3_supercontig_000000913,3,169861,571080025,1982796899
GL850436.1,Chr3_supercontig_000000914,3,9259,571089284,1982806158
GL850437.1,Chr3_supercontig_000000915,3,195399,571284683,1983001557
GL850438.1,Chr3_supercontig_000000916,3,134311,571418994,1983135868
GL850439.1,Chr3_supercontig_000000917,3,37455,571456449,1983173323
GL850440.1,Chr3_supercontig_000000918,3,78650,571535099,1983251973
GL850441.1,Chr3_supercontig_000000919,3,388954,571924053,1983640927
GL850442.1,Chr3_supercontig_000000920,3,98900,572022953,1983739827
GL850443.1,Chr3_supercontig_000000921,3,66388,572089341,1983806215
GL850444.1,Chr3_supercontig_000000922,3,8526,572097867,1983814741
GL850445.1,Chr3_supercontig_000000923,3,42120,572139987,1983856861
GL850446.1,Chr3_supercontig_000000924,3,141249,572281236,1983998110
GL850447.1,Chr3_supercontig_000000925,3,142063,572423299,1984140173
GL850448.1,Chr3_supercontig_000000926,3,16403,572439702,1984156576
GL850449.1,Chr3_supercontig_000000927,3,80502,572520204,1984237078
GL850450.1,Chr3_supercontig_000000928,3,59399,572579603,1984296477
GL850451.1,Chr3_supercontig_000000929,3,205283,572784886,1984501760
GL850452.1,Chr3_supercontig_000000930,3,72991,572857877,1984574751
GL850453.1,Chr3_supercontig_000000931,3,162720,573020597,1984737471
GL850454.1,Chr3_supercontig_000000932,3,116168,573136765,1984853639
GL850455.1,Chr3_supercontig_000000933,3,116588,573253353,1984970227
GL850456.1,Chr3_supercontig_000000934,3,2736,573256089,1984972963
GL850457.1,Chr3_supercontig_000000935,3,80543,573336632,1985053506
GL850458.1,Chr3_supercontig_000000936,3,67109,573403741,1985120615
GL850459.1,Chr3_supercontig_000000937,3,94149,573497890,1985214764
GL850460.1,Chr3_supercontig_000000938,3,41235,573539125,1985255999
GL850461.1,Chr3_supercontig_000000939,3,76129,573615254,1985332128
GL850462.1,Chr3_supercontig_000000940,3,62411,573677665,1985394539
GL850463.1,Chr3_supercontig_000000941,3,51102,573728767,1985445641
GL850464.1,Chr3_supercontig_000000942,3,56290,573785057,1985501931
GL850465.1,Chr3_supercontig_000000943,3,77722,573862779,1985579653
GL850466.1,Chr3_supercontig_000000944,3,23409,573886188,1985603062
GL850467.1,Chr3_supercontig_000000945,3,48076,573934264,1985651138
GL850468.1,Chr3_supercontig_000000946,3,78757,574013021,1985729895
GL850469.1,Chr3_supercontig_000000947,3,81341,574094362,1985811236
GL850470.1,Chr3_supercontig_000000948,3,76468,574170830,1985887704
GL850471.1,Chr3_supercontig_000000949,3,90590,574261420,1985978294
GL850472.1,Chr3_supercontig_000000950,3,51645,574313065,1986029939
GL850473.1,Chr3_supercontig_000000951,3,54453,574367518,1986084392
GL850474.1,Chr3_supercontig_000000952,3,134159,574501677,1986218551
GL850475.1,Chr3_supercontig_000000953,3,258775,574760452,1986477326
GL850476.1,Chr3_supercontig_000000954,3,93744,574854196,1986571070
GL850477.1,Chr3_supercontig_000000955,3,26885,574881081,1986597955
GL850478.1,Chr3_supercontig_000000956,3,27731,574908812,1986625686
GL850479.1,Chr3_supercontig_000000957,3,103204,575012016,1986728890
GL850480.1,Chr3_supercontig_000000958,3,149444,575161460,1986878334
GL850481.1,Chr3_supercontig_000000959,3,26247,575187707,1986904581
GL850482.1,Chr3_supercontig_000000960,3,120614,575308321,1987025195
GL850483.1,Chr3_supercontig_000000961,3,60810,575369131,1987086005
GL850484.1,Chr3_supercontig_000000962,3,44917,575414048,1987130922
GL850485.1,Chr3_supercontig_000000963,3,165462,575579510,1987296384
GL850486.1,Chr3_supercontig_000000964,3,82104,575661614,1987378488
GL850487.1,Chr3_supercontig_000000965,3,238526,575900140,1987617014
GL850488.1,Chr3_supercontig_000000966,3,124048,576024188,1987741062
GL850489.1,Chr3_supercontig_000000967,3,82369,576106557,1987823431
GL850490.1,Chr3_supercontig_000000968,3,42781,576149338,1987866212
GL850491.1,Chr3_supercontig_000000969,3,41200,576190538,1987907412
GL850492.1,Chr3_supercontig_000000970,3,61093,576251631,1987968505
GL850493.1,Chr3_supercontig_000000971,3,40345,576291976,1988008850
GL850494.1,Chr3_supercontig_000000972,3,90196,576382172,1988099046
GL850495.1,Chr3_supercontig_000000973,3,21492,576403664,1988120538
GL850496.1,Chr3_supercontig_000000974,3,148304,576551968,1988268842
GL850497.1,Chr3_supercontig_000000975,3,435120,576987088,1988703962
GL850498.1,Chr3_supercontig_000000976,3,26949,577014037,1988730911
GL850499.1,Chr3_supercontig_000000977,3,12661,577026698,1988743572
GL850500.1,Chr3_supercontig_000000978,3,51479,577078177,1988795051
GL850501.1,Chr3_supercontig_000000979,3,104746,577182923,1988899797
GL850502.1,Chr3_supercontig_000000980,3,125761,577308684,1989025558
GL850503.1,Chr3_supercontig_000000981,3,109594,577418278,1989135152
GL850504.1,Chr3_supercontig_000000982,3,40009,577458287,1989175161
GL850505.1,Chr3_supercontig_000000983,3,65272,577523559,1989240433
GL850506.1,Chr3_supercontig_000000984,3,103312,577626871,1989343745
GL850507.1,Chr3_supercontig_000000985,3,176458,577803329,1989520203
GL850508.1,Chr3_supercontig_000000986,3,56771,577860100,1989576974
GL850509.1,Chr3_supercontig_000000987,3,30723,577890823,1989607697
GL850510.1,Chr3_supercontig_000000988,3,153291,578044114,1989760988
GL850511.1,Chr3_supercontig_000000989,3,83482,578127596,1989844470
GL850512.1,Chr3_supercontig_000000990,3,19002,578146598,1989863472
GL850513.1,Chr3_supercontig_000000991,3,27447,578174045,1989890919
GL850514.1,Chr3_supercontig_000000992,3,49991,578224036,1989940910
GL850515.1,Chr3_supercontig_000000993,3,68688,578292724,1990009598
GL850516.1,Chr3_supercontig_000000994,3,87140,578379864,1990096738
GL850517.1,Chr3_supercontig_000000995,3,143522,578523386,1990240260
GL850518.1,Chr3_supercontig_000000996,3,123887,578647273,1990364147
GL850519.1,Chr3_supercontig_000000997,3,129079,578776352,1990493226
GL850520.1,Chr3_supercontig_000000998,3,66340,578842692,1990559566
GL850521.1,Chr3_supercontig_000000999,3,71214,578913906,1990630780
GL850522.1,Chr3_supercontig_000001000,3,73523,578987429,1990704303
GL850523.1,Chr3_supercontig_000001001,3,87960,579075389,1990792263
GL850524.1,Chr3_supercontig_000001002,3,23142,579098531,1990815405
GL850525.1,Chr3_supercontig_000001003,3,69081,579167612,1990884486
GL850526.1,Chr3_supercontig_000001004,3,41711,579209323,1990926197
GL850527.1,Chr3_supercontig_000001005,3,114902,579324225,1991041099
GL850528.1,Chr3_supercontig_000001006,3,39671,579363896,1991080770
GL850529.1,Chr3_supercontig_000001007,3,111961,579475857,1991192731
GL850530.1,Chr3_supercontig_000001008,3,26891,579502748,1991219622
GL850531.1,Chr3_supercontig_000001009,3,71194,579573942,1991290816
GL850532.1,Chr3_supercontig_000001010,3,48305,579622247,1991339121
GL850533.1,Chr3_supercontig_000001011,3,18787,579641034,1991357908
GL850534.1,Chr3_supercontig_000001012,3,36588,579677622,1991394496
GL850535.1,Chr3_supercontig_000001013,3,32468,579710090,1991426964
GL850536.1,Chr3_supercontig_000001014,3,43778,579753868,1991470742
GL850537.1,Chr3_supercontig_000001015,3,54004,579807872,1991524746
GL850538.1,Chr3_supercontig_000001016,3,113779,579921651,1991638525
GL850539.1,Chr3_supercontig_000001017,3,30002,579951653,1991668527
GL850540.1,Chr3_supercontig_000001018,3,157163,580108816,1991825690
GL850541.1,Chr3_supercontig_000001019,3,49010,580157826,1991874700
GL850542.1,Chr3_supercontig_000001020,3,38686,580196512,1991913386
GL850543.1,Chr3_supercontig_000001021,3,30087,580226599,1991943473
GL850544.1,Chr3_supercontig_000001022,3,25491,580252090,1991968964
GL850545.1,Chr3_supercontig_000001023,3,28068,580280158,1991997032
GL850546.1,Chr3_supercontig_000001024,3,104853,580385011,1992101885
GL850547.1,Chr3_supercontig_000001025,3,37815,580422826,1992139700
GL850548.1,Chr3_supercontig_000001026,3,235872,580658698,1992375572
GL850549.1,Chr3_supercontig_000001027,3,8512,580667210,1992384084
GL850550.1,Chr3_supercontig_000001028,3,29110,580696320,1992413194
GL850551.1,Chr3_supercontig_000001029,3,204627,580900947,1992617821
GL850552.1,Chr3_supercontig_000001030,3,67136,580968083,1992684957
GL850553.1,Chr3_supercontig_000001031,3,46464,581014547,1992731421
GL850554.1,Chr3_supercontig_000001032,3,55885,581070432,1992787306
GL850555.1,Chr3_supercontig_000001033,3,152142,581222574,1992939448
GL850556.1,Chr3_supercontig_000001034,3,29483,581252057,1992968931
GL850557.1,Chr3_supercontig_000001035,3,32843,581284900,1993001774
GL850558.1,Chr3_supercontig_000001036,3,34935,581319835,1993036709
GL850559.1,Chr3_supercontig_000001037,3,17281,581337116,1993053990
GL850560.1,Chr3_supercontig_000001038,3,225616,581562732,1993279606
GL850561.1,Chr3_supercontig_000001039,3,68690,581631422,1993348296
GL850562.1,Chr3_supercontig_000001040,3,32995,581664417,1993381291
GL850563.1,Chr3_supercontig_000001041,3,40681,581705098,1993421972
GL850564.1,Chr3_supercontig_000001042,3,13465,581718563,1993435437
GL850565.1,Chr3_supercontig_000001043,3,10350,581728913,1993445787
GL850566.1,Chr3_supercontig_000001044,3,48923,581777836,1993494710
GL850567.1,Chr3_supercontig_000001045,3,70725,581848561,1993565435
GL850568.1,Chr3_supercontig_000001046,3,78464,581927025,1993643899
GL850569.1,Chr3_supercontig_000001047,3,12282,581939307,1993656181
GL850570.1,Chr3_supercontig_000001048,3,75199,582014506,1993731380
GL850571.1,Chr3_supercontig_000001049,3,125187,582139693,1993856567
GL850572.1,Chr3_supercontig_000001050,3,76758,582216451,1993933325
GL850573.1,Chr3_supercontig_000001051,3,152952,582369403,1994086277
GL850574.1,Chr3_supercontig_000001052,3,20467,582389870,1994106744
GL850575.1,Chr3_supercontig_000001053,3,85634,582475504,1994192378
GL850576.1,Chr3_supercontig_000001054,3,124236,582599740,1994316614
GL850577.1,Chr3_supercontig_000001055,3,142653,582742393,1994459267
GL850578.1,Chr3_supercontig_000001056,3,60021,582802414,1994519288
GL850579.1,Chr3_supercontig_000001057,3,36328,582838742,1994555616
GL850580.1,Chr3_supercontig_000001058,3,11225,582849967,1994566841
GL850581.1,Chr3_supercontig_000001059,3,10341,582860308,1994577182
GL850582.1,Chr3_supercontig_000001060,3,25849,582886157,1994603031
GL850583.1,Chr3_supercontig_000001061,3,97455,582983612,1994700486
GL850584.1,Chr3_supercontig_000001062,3,21185,583004797,1994721671
GL850585.1,Chr3_supercontig_000001063,3,103447,583108244,1994825118
GL850586.1,Chr3_supercontig_000001064,3,127664,583235908,1994952782
GL850587.1,Chr3_supercontig_000001065,3,51275,583287183,1995004057
GL850588.1,Chr3_supercontig_000001066,3,31720,583318903,1995035777
GL850589.1,Chr3_supercontig_000001067,3,19039,583337942,1995054816
GL850590.1,Chr3_supercontig_000001068,3,56139,583394081,1995110955
GL850591.1,Chr3_supercontig_000001069,3,14492,583408573,1995125447
GL850592.1,Chr3_supercontig_000001070,3,38765,583447338,1995164212
GL850593.1,Chr3_supercontig_000001071,3,64830,583512168,1995229042
GL850594.1,Chr3_supercontig_000001072,3,104617,583616785,1995333659
GL850595.1,Chr3_supercontig_000001073,3,147296,583764081,1995480955
GL850596.1,Chr3_supercontig_000001074,3,53756,583817837,1995534711
GL850597.1,Chr3_supercontig_000001075,3,31274,583849111,1995565985
GL850598.1,Chr3_supercontig_000001076,3,56866,583905977,1995622851
GL850599.1,Chr3_supercontig_000001077,3,50636,583956613,1995673487
GL850600.1,Chr3_supercontig_000001078,3,83086,584039699,1995756573
GL850601.1,Chr3_supercontig_000001079,3,84951,584124650,1995841524
GL850602.1,Chr3_supercontig_000001080,3,54050,584178700,1995895574
GL850603.1,Chr3_supercontig_000001081,3,30978,584209678,1995926552
GL850604.1,Chr3_supercontig_000001082,3,3218,584212896,1995929770
GL850605.1,Chr3_supercontig_000001083,3,49166,584262062,1995978936
GL850606.1,Chr3_supercontig_000001084,3,162792,584424854,1996141728
GL850607.1,Chr3_supercontig_000001085,3,32017,584456871,1996173745
GL850608.1,Chr3_supercontig_000001086,3,69000,584525871,1996242745
GL850609.1,Chr3_supercontig_000001087,3,94632,584620503,1996337377
GL850610.1,Chr3_supercontig_000001088,3,39741,584660244,1996377118
GL850611.1,Chr3_supercontig_000001089,3,57352,584717596,1996434470
GL850612.1,Chr3_supercontig_000001090,3,76069,584793665,1996510539
GL850613.1,Chr3_supercontig_000001091,3,26115,584819780,1996536654
GL850614.1,Chr3_supercontig_000001092,3,271893,585091673,1996808547
GL850615.1,Chr3_supercontig_000001093,3,24598,585116271,1996833145
GL850616.1,Chr3_supercontig_000001094,3,44134,585160405,1996877279
GL850617.1,Chr3_supercontig_000001095,3,60132,585220537,1996937411
GL850618.1,Chr3_supercontig_000001096,3,111956,585332493,1997049367
GL850619.1,Chr3_supercontig_000001097,3,242699,585575192,1997292066
GL850620.1,Chr3_supercontig_000001098,3,20374,585595566,1997312440
GL850621.1,Chr3_supercontig_000001099,3,62524,585658090,1997374964
GL850622.1,Chr3_supercontig_000001100,3,29594,585687684,1997404558
GL850623.1,Chr3_supercontig_000001101,3,46136,585733820,1997450694
GL850624.1,Chr3_supercontig_000001102,3,26905,585760725,1997477599
GL850625.1,Chr3_supercontig_000001103,3,97828,585858553,1997575427
GL850626.1,Chr3_supercontig_000001104,3,157701,586016254,1997733128
GL850627.1,Chr3_supercontig_000001105,3,44461,586060715,1997777589
GL850628.1,Chr3_supercontig_000001106,3,142030,586202745,1997919619
GL850629.1,Chr3_supercontig_000001107,3,12525,586215270,1997932144
GL850630.1,Chr3_supercontig_000001108,3,62359,586277629,1997994503
GL850631.1,Chr3_supercontig_000001109,3,78144,586355773,1998072647
GL850632.1,Chr3_supercontig_000001110,3,115535,586471308,1998188182
GL850633.1,Chr3_supercontig_000001111,3,193100,586664408,1998381282
GL850634.1,Chr3_supercontig_000001112,3,36052,586700460,1998417334
GL850635.1,Chr3_supercontig_000001113,3,11329,586711789,1998428663
GL850636.1,Chr3_supercontig_000001114,3,32691,586744480,1998461354
GL850637.1,Chr3_supercontig_000001115,3,100102,586844582,1998561456
GL850638.1,Chr3_supercontig_000001116,3,67929,586912511,1998629385
GL850639.1,Chr3_supercontig_000001117,3,36131,586948642,1998665516
GL850640.1,Chr3_supercontig_000001118,3,75306,587023948,1998740822
GL850641.1,Chr3_supercontig_000001119,3,40066,587064014,1998780888
GL850642.1,Chr3_supercontig_000001120,3,57919,587121933,1998838807
GL850643.1,Chr3_supercontig_000001121,3,160491,587282424,1998999298
GL850644.1,Chr3_supercontig_000001122,3,56144,587338568,1999055442
GL850645.1,Chr3_supercontig_000001123,3,88193,587426761,1999143635
GL850646.1,Chr3_supercontig_000001124,3,119405,587546166,1999263040
GL850647.1,Chr3_supercontig_000001125,3,48704,587594870,1999311744
GL850648.1,Chr3_supercontig_000001126,3,35822,587630692,1999347566
GL850649.1,Chr3_supercontig_000001127,3,42934,587673626,1999390500
GL850650.1,Chr3_supercontig_000001128,3,55137,587728763,1999445637
GL850651.1,Chr3_supercontig_000001129,3,90472,587819235,1999536109
GL850652.1,Chr3_supercontig_000001130,3,78698,587897933,1999614807
GL850653.1,Chr3_supercontig_000001131,3,10323,587908256,1999625130
GL850654.1,Chr3_supercontig_000001132,3,16552,587924808,1999641682
GL850655.1,Chr3_supercontig_000001133,3,219149,588143957,1999860831
GL850656.1,Chr3_supercontig_000001134,3,75481,588219438,1999936312
GL850657.1,Chr3_supercontig_000001135,3,79089,588298527,2000015401
GL850658.1,Chr3_supercontig_000001136,3,73203,588371730,2000088604
GL850659.1,Chr3_supercontig_000001137,3,12769,588384499,2000101373
GL850660.1,Chr3_supercontig_000001138,3,103133,588487632,2000204506
GL850661.1,Chr3_supercontig_000001139,3,29644,588517276,2000234150
GL850662.1,Chr3_supercontig_000001140,3,9426,588526702,2000243576
GL850663.1,Chr3_supercontig_000001141,3,88769,588615471,2000332345
GL850664.1,Chr3_supercontig_000001142,3,114199,588729670,2000446544
GL850665.1,Chr3_supercontig_000001143,3,19013,588748683,2000465557
GL850666.1,Chr3_supercontig_000001144,3,48049,588796732,2000513606
GL850667.1,Chr3_supercontig_000001145,3,26618,588823350,2000540224
GL850668.1,Chr3_supercontig_000001146,3,220809,589044159,2000761033
GL850669.1,Chr3_supercontig_000001147,3,20737,589064896,2000781770
GL850670.1,Chr3_supercontig_000001148,3,11376,589076272,2000793146
GL850671.1,Chr3_supercontig_000001149,3,43149,589119421,2000836295
GL850672.1,Chr3_supercontig_000001150,3,144562,589263983,2000980857
GL850673.1,Chr3_supercontig_000001151,3,131380,589395363,2001112237
GL850674.1,Chr3_supercontig_000001152,3,55446,589450809,2001167683
GL850675.1,Chr3_supercontig_000001153,3,35340,589486149,2001203023
GL850676.1,Chr3_supercontig_000001154,3,230145,589716294,2001433168
GL850677.1,Chr3_supercontig_000001155,3,47176,589763470,2001480344
GL850678.1,Chr3_supercontig_000001156,3,7189,589770659,2001487533
GL850679.1,Chr3_supercontig_000001157,3,59812,589830471,2001547345
GL850680.1,Chr3_supercontig_000001158,3,119179,589949650,2001666524
GL850681.1,Chr3_supercontig_000001159,3,26694,589976344,2001693218
GL850682.1,Chr3_supercontig_000001160,3,52694,590029038,2001745912
GL850683.1,Chr3_supercontig_000001161,3,126057,590155095,2001871969
GL850684.1,Chr3_supercontig_000001162,3,35541,590190636,2001907510
GL850685.1,Chr3_supercontig_000001163,3,33850,590224486,2001941360
GL850686.1,Chr3_supercontig_000001164,3,54138,590278624,2001995498
GL850687.1,Chr3_supercontig_000001165,3,65372,590343996,2002060870
GL850688.1,Chr3_supercontig_000001166,3,18570,590362566,2002079440
GL850689.1,Chr3_supercontig_000001167,3,48755,590411321,2002128195
GL850690.1,Chr3_supercontig_000001168,3,6773,590418094,2002134968
GL850691.1,Chr3_supercontig_000001169,3,59712,590477806,2002194680
GL850692.1,Chr3_supercontig_000001170,3,95977,590573783,2002290657
GL850693.1,Chr3_supercontig_000001171,3,13869,590587652,2002304526
GL850694.1,Chr3_supercontig_000001172,3,5945,590593597,2002310471
GL850695.1,Chr3_supercontig_000001173,3,103140,590696737,2002413611
GL850696.1,Chr3_supercontig_000001174,3,12609,590709346,2002426220
GL850697.1,Chr3_supercontig_000001175,3,47979,590757325,2002474199
GL850698.1,Chr3_supercontig_000001176,3,124956,590882281,2002599155
GL850699.1,Chr3_supercontig_000001177,3,34439,590916720,2002633594
GL850700.1,Chr3_supercontig_000001178,3,128773,591045493,2002762367
GL850701.1,Chr3_supercontig_000001179,3,53499,591098992,2002815866
GL850702.1,Chr3_supercontig_000001180,3,10597,591109589,2002826463
GL850703.1,Chr3_supercontig_000001181,3,76797,591186386,2002903260
GL850704.1,Chr3_supercontig_000001182,3,52924,591239310,2002956184
GL850705.1,Chr3_supercontig_000001183,3,62023,591301333,2003018207
GL850706.1,Chr3_supercontig_000001184,3,32143,591333476,2003050350
GL850707.1,Chr3_supercontig_000001185,3,25589,591359065,2003075939
GL850708.1,Chr3_supercontig_000001186,3,125330,591484395,2003201269
GL850709.1,Chr3_supercontig_000001187,3,106469,591590864,2003307738
GL850710.1,Chr3_supercontig_000001188,3,98966,591689830,2003406704
GL850711.1,Chr3_supercontig_000001189,3,49962,591739792,2003456666
GL850712.1,Chr3_supercontig_000001190,3,124431,591864223,2003581097
GL850713.1,Chr3_supercontig_000001191,3,86887,591951110,2003667984
GL850714.1,Chr3_supercontig_000001192,3,50701,592001811,2003718685
GL850715.1,Chr3_supercontig_000001193,3,72889,592074700,2003791574
GL850716.1,Chr3_supercontig_000001194,3,3509,592078209,2003795083
GL850717.1,Chr3_supercontig_000001195,3,59804,592138013,2003854887
GL850718.1,Chr3_supercontig_000001196,3,65719,592203732,2003920606
GL850719.1,Chr3_supercontig_000001197,3,13764,592217496,2003934370
GL850720.1,Chr3_supercontig_000001198,3,61815,592279311,2003996185
GL850721.1,Chr3_supercontig_000001199,3,85549,592364860,2004081734
GL850722.1,Chr3_supercontig_000001200,3,235269,592600129,2004317003
GL850723.1,Chr3_supercontig_000001201,3,79024,592679153,2004396027
GL850724.1,Chr3_supercontig_000001202,3,146357,592825510,2004542384
GL850725.1,Chr3_supercontig_000001203,3,62290,592887800,2004604674
GL850726.1,Chr3_supercontig_000001204,3,80305,592968105,2004684979
GL850727.1,Chr3_supercontig_000001205,3,75671,593043776,2004760650
GL850728.1,Chr3_supercontig_000001206,3,106287,593150063,2004866937
GL850729.1,Chr3_supercontig_000001207,3,146282,593296345,2005013219
GL850730.1,Chr3_supercontig_000001208,3,62459,593358804,2005075678
GL850731.1,Chr3_supercontig_000001209,3,136671,593495475,2005212349
GL850732.1,Chr3_supercontig_000001210,3,111275,593606750,2005323624
GL850733.1,Chr3_supercontig_000001211,3,44801,593651551,2005368425
GL850734.1,Chr3_supercontig_000001212,3,71622,593723173,2005440047
GL850735.1,Chr3_supercontig_000001213,3,40112,593763285,2005480159
GL850736.1,Chr3_supercontig_000001214,3,77039,593840324,2005557198
GL850737.1,Chr3_supercontig_000001215,3,10779,593851103,2005567977
GL850738.1,Chr3_supercontig_000001216,3,52672,593903775,2005620649
GL850739.1,Chr3_supercontig_000001217,3,55043,593958818,2005675692
GL850740.1,Chr3_supercontig_000001218,3,80487,594039305,2005756179
GL850741.1,Chr3_supercontig_000001219,3,162398,594201703,2005918577
GL850742.1,Chr3_supercontig_000001220,3,18108,594219811,2005936685
GL850743.1,Chr3_supercontig_000001221,3,124774,594344585,2006061459
GL850744.1,Chr3_supercontig_000001222,3,88911,594433496,2006150370
GL850745.1,Chr3_supercontig_000001223,3,40662,594474158,2006191032
GL850746.1,Chr3_supercontig_000001224,3,42218,594516376,2006233250
GL850747.1,Chr3_supercontig_000001225,3,36670,594553046,2006269920
GL850748.1,Chr3_supercontig_000001226,3,30034,594583080,2006299954
GL850749.1,Chr3_supercontig_000001227,3,24874,594607954,2006324828
GL850750.1,Chr3_supercontig_000001228,3,153317,594761271,2006478145
GL850751.1,Chr3_supercontig_000001229,3,49082,594810353,2006527227
GL850752.1,Chr3_supercontig_000001230,3,47311,594857664,2006574538
GL850753.1,Chr3_supercontig_000001231,3,21396,594879060,2006595934
GL850754.1,Chr3_supercontig_000001232,3,48291,594927351,2006644225
GL850755.1,Chr3_supercontig_000001233,3,41188,594968539,2006685413
GL850756.1,Chr3_supercontig_000001234,3,15889,594984428,2006701302
GL850757.1,Chr3_supercontig_000001235,3,23033,595007461,2006724335
GL850758.1,Chr3_supercontig_000001236,3,59485,595066946,2006783820
GL850759.1,Chr3_supercontig_000001237,3,74219,595141165,2006858039
GL850760.1,Chr3_supercontig_000001238,3,40699,595181864,2006898738
GL850761.1,Chr3_supercontig_000001239,3,49092,595230956,2006947830
GL850762.1,Chr3_supercontig_000001240,3,32264,595263220,2006980094
GL850763.1,Chr3_supercontig_000001241,3,86193,595349413,2007066287
GL850764.1,Chr3_supercontig_000001242,3,132884,595482297,2007199171
GL850765.1,Chr3_supercontig_000001243,3,10985,595493282,2007210156
GL850766.1,Chr3_supercontig_000001244,3,6601,595499883,2007216757
GL850767.1,Chr3_supercontig_000001245,3,16923,595516806,2007233680
GL850768.1,Chr3_supercontig_000001246,3,24772,595541578,2007258452
GL850769.1,Chr3_supercontig_000001247,3,112895,595654473,2007371347
GL850770.1,Chr3_supercontig_000001248,3,79876,595734349,2007451223
GL850771.1,Chr3_supercontig_000001249,3,87263,595821612,2007538486
GL850772.1,Chr3_supercontig_000001250,3,45714,595867326,2007584200
GL850773.1,Chr3_supercontig_000001251,3,114075,595981401,2007698275
GL850774.1,Chr3_supercontig_000001252,3,28017,596009418,2007726292
GL850775.1,Chr3_supercontig_000001253,3,74526,596083944,2007800818
GL850776.1,Chr3_supercontig_000001254,3,131582,596215526,2007932400
GL850777.1,Chr3_supercontig_000001255,3,52022,596267548,2007984422
GL850778.1,Chr3_supercontig_000001256,3,16085,596283633,2008000507
GL850779.1,Chr3_supercontig_000001257,3,133288,596416921,2008133795
GL850780.1,Chr3_supercontig_000001258,3,10959,596427880,2008144754
GL850781.1,Chr3_supercontig_000001259,3,20526,596448406,2008165280
GL850782.1,Chr3_supercontig_000001260,3,63736,596512142,2008229016
GL850783.1,Chr3_supercontig_000001261,3,43694,596555836,2008272710
GL850784.1,Chr3_supercontig_000001262,3,5730,596561566,2008278440
GL850785.1,Chr3_supercontig_000001263,3,19089,596580655,2008297529
GL850786.1,Chr3_supercontig_000001264,3,82362,596663017,2008379891
GL850787.1,Chr3_supercontig_000001265,3,57565,596720582,2008437456
GL850788.1,Chr3_supercontig_000001266,3,18215,596738797,2008455671
GL850789.1,Chr3_supercontig_000001267,3,30121,596768918,2008485792
GL850790.1,Chr3_supercontig_000001268,3,16431,596785349,2008502223
GL850791.1,Chr3_supercontig_000001269,3,23796,596809145,2008526019
GL850792.1,Chr3_supercontig_000001270,3,59636,596868781,2008585655
GL850793.1,Chr3_supercontig_000001271,3,59710,596928491,2008645365
GL850794.1,Chr3_supercontig_000001272,3,29855,596958346,2008675220
GL850795.1,Chr3_supercontig_000001273,3,33205,596991551,2008708425
GL850796.1,Chr3_supercontig_000001274,3,43819,597035370,2008752244
GL850797.1,Chr3_supercontig_000001275,3,28030,597063400,2008780274
GL850798.1,Chr3_supercontig_000001276,3,38258,597101658,2008818532
GL850799.1,Chr3_supercontig_000001277,3,44692,597146350,2008863224
GL850800.1,Chr3_supercontig_000001278,3,30612,597176962,2008893836
GL850801.1,Chr3_supercontig_000001279,3,17439,597194401,2008911275
GL850802.1,Chr3_supercontig_000001280,3,19938,597214339,2008931213
GL850803.1,Chr3_supercontig_000001281,3,22697,597237036,2008953910
GL850804.1,Chr3_supercontig_000001282,3,34612,597271648,2008988522
GL850805.1,Chr3_supercontig_000001283,3,53553,597325201,2009042075
GL850806.1,Chr3_supercontig_000001284,3,135593,597460794,2009177668
GL850807.1,Chr3_supercontig_000001285,3,83941,597544735,2009261609
GL850808.1,Chr3_supercontig_000001286,3,142616,597687351,2009404225
GL850809.1,Chr3_supercontig_000001287,3,41221,597728572,2009445446
GL850810.1,Chr3_supercontig_000001288,3,68498,597797070,2009513944
GL850811.1,Chr3_supercontig_000001289,3,153648,597950718,2009667592
GL850812.1,Chr3_supercontig_000001290,3,51668,598002386,2009719260
GL850813.1,Chr3_supercontig_000001291,3,71064,598073450,2009790324
GL850814.1,Chr3_supercontig_000001292,3,31925,598105375,2009822249
GL850815.1,Chr3_supercontig_000001293,3,42429,598147804,2009864678
GL850816.1,Chr3_supercontig_000001294,3,27358,598175162,2009892036
GL850817.1,Chr3_supercontig_000001295,3,41406,598216568,2009933442
GL850818.1,Chr3_supercontig_000001296,3,89739,598306307,2010023181
GL850819.1,Chr3_supercontig_000001297,3,33395,598339702,2010056576
GL850820.1,Chr3_supercontig_000001298,3,3104,598342806,2010059680
GL850821.1,Chr3_supercontig_000001299,3,22471,598365277,2010082151
GL850822.1,Chr3_supercontig_000001300,3,90691,598455968,2010172842
GL850823.1,Chr3_supercontig_000001301,3,34832,598490800,2010207674
GL850824.1,Chr3_supercontig_000001302,3,34774,598525574,2010242448
GL850825.1,Chr3_supercontig_000001303,3,55042,598580616,2010297490
GL850826.1,Chr3_supercontig_000001304,3,37320,598617936,2010334810
GL850827.1,Chr3_supercontig_000001305,3,58631,598676567,2010393441
GL850828.1,Chr3_supercontig_000001306,3,54891,598731458,2010448332
GL850829.1,Chr3_supercontig_000001307,3,75157,598806615,2010523489
GL850830.1,Chr3_supercontig_000001308,3,118678,598925293,2010642167
GL850831.1,Chr3_supercontig_000001309,3,15268,598940561,2010657435
GL850832.1,Chr3_supercontig_000001310,3,115673,599056234,2010773108
GL850833.1,Chr3_supercontig_000001311,3,114190,599170424,2010887298
GL850834.1,Chr3_supercontig_000001312,3,45486,599215910,2010932784
GL850835.1,Chr3_supercontig_000001313,3,47838,599263748,2010980622
GL850836.1,Chr3_supercontig_000001314,3,105324,599369072,2011085946
GL850837.1,Chr3_supercontig_000001315,3,6139,599375211,2011092085
GL850838.1,Chr3_supercontig_000001316,3,134342,599509553,2011226427
GL850839.1,Chr3_supercontig_000001317,3,31703,599541256,2011258130
GL850840.1,Chr3_supercontig_000001318,3,14569,599555825,2011272699
GL850841.1,Chr3_supercontig_000001319,3,32458,599588283,2011305157
GL850842.1,Chr3_supercontig_000001320,3,27787,599616070,2011332944
GL850843.1,Chr3_supercontig_000001321,3,18385,599634455,2011351329
GL850844.1,Chr3_supercontig_000001322,3,69389,599703844,2011420718
GL850845.1,Chr3_supercontig_000001323,3,52072,599755916,2011472790
GL850846.1,Chr3_supercontig_000001324,3,61124,599817040,2011533914
GL850847.1,Chr3_supercontig_000001325,3,16870,599833910,2011550784
GL850848.1,Chr3_supercontig_000001326,3,173527,600007437,2011724311
GL850849.1,Chr3_supercontig_000001327,3,114851,600122288,2011839162
GL850850.1,Chr3_supercontig_000001328,3,48482,600170770,2011887644
GL850851.1,Chr3_supercontig_000001329,3,40859,600211629,2011928503
GL850852.1,Chr3_supercontig_000001330,3,7565,600219194,2011936068
GL850853.1,Chr3_supercontig_000001331,3,67478,600286672,2012003546
GL850854.1,Chr3_supercontig_000001332,3,74865,600361537,2012078411
GL850855.1,Chr3_supercontig_000001333,3,7249,600368786,2012085660
GL850856.1,Chr3_supercontig_000001334,3,102760,600471546,2012188420
GL850857.1,Chr3_supercontig_000001335,3,40652,600512198,2012229072
GL850858.1,Chr3_supercontig_000001336,3,20022,600532220,2012249094
GL850859.1,Chr3_supercontig_000001337,3,35137,600567357,2012284231
GL850860.1,Chr3_supercontig_000001338,3,20053,600587410,2012304284
GL850861.1,Chr3_supercontig_000001339,3,25174,600612584,2012329458
GL850862.1,Chr3_supercontig_000001340,3,86134,600698718,2012415592
GL850863.1,Chr3_supercontig_000001341,3,70164,600768882,2012485756
GL850864.1,Chr3_supercontig_000001342,3,45808,600814690,2012531564
GL850865.1,Chr3_supercontig_000001343,3,39656,600854346,2012571220
GL850866.1,Chr3_supercontig_000001344,3,29294,600883640,2012600514
GL850867.1,Chr3_supercontig_000001345,3,42573,600926213,2012643087
GL850868.1,Chr3_supercontig_000001346,3,26479,600952692,2012669566
GL850869.1,Chr3_supercontig_000001347,3,63630,601016322,2012733196
GL850870.1,Chr3_supercontig_000001348,3,28226,601044548,2012761422
GL850871.1,Chr3_supercontig_000001349,3,59251,601103799,2012820673
GL850872.1,Chr3_supercontig_000001350,3,229141,601332940,2013049814
GL850873.1,Chr3_supercontig_000001351,3,14671,601347611,2013064485
GL850874.1,Chr3_supercontig_000001352,3,26705,601374316,2013091190
GL850875.1,Chr3_supercontig_000001353,3,127564,601501880,2013218754
GL850876.1,Chr3_supercontig_000001354,3,69122,601571002,2013287876
GL850877.1,Chr3_supercontig_000001355,3,48436,601619438,2013336312
GL850878.1,Chr3_supercontig_000001356,3,71110,601690548,2013407422
GL850879.1,Chr3_supercontig_000001357,3,55623,601746171,2013463045
GL850880.1,Chr3_supercontig_000001358,3,72628,601818799,2013535673
GL850881.1,Chr3_supercontig_000001359,3,64520,601883319,2013600193
GL850882.1,Chr3_supercontig_000001360,3,24941,601908260,2013625134
GL850883.1,Chr3_supercontig_000001361,3,20407,601928667,2013645541
GL850884.1,Chr3_supercontig_000001362,3,150321,602078988,2013795862
GL850885.1,Chr3_supercontig_000001363,3,24640,602103628,2013820502
GL850886.1,Chr3_supercontig_000001364,3,73921,602177549,2013894423
GL850887.1,Chr3_supercontig_000001365,3,85842,602263391,2013980265
GL850888.1,Chr3_supercontig_000001366,3,45906,602309297,2014026171
GL850889.1,Chr3_supercontig_000001367,3,56546,602365843,2014082717
GL850890.1,Chr3_supercontig_000001368,3,59247,602425090,2014141964
GL850891.1,Chr3_supercontig_000001369,3,57876,602482966,2014199840
GL850892.1,Chr3_supercontig_000001370,3,23687,602506653,2014223527
GL850893.1,Chr3_supercontig_000001371,3,29494,602536147,2014253021
GL850894.1,Chr3_supercontig_000001372,3,33196,602569343,2014286217
GL850895.1,Chr3_supercontig_000001373,3,87333,602656676,2014373550
GL850896.1,Chr3_supercontig_000001374,3,174695,602831371,2014548245
GL850897.1,Chr3_supercontig_000001375,3,50378,602881749,2014598623
GL850898.1,Chr3_supercontig_000001376,3,72025,602953774,2014670648
GL850899.1,Chr3_supercontig_000001377,3,53578,603007352,2014724226
GL850900.1,Chr3_supercontig_000001378,3,18521,603025873,2014742747
GL850901.1,Chr3_supercontig_000001379,3,12753,603038626,2014755500
GL850902.1,Chr3_supercontig_000001380,3,33358,603071984,2014788858
GL850903.1,Chr3_supercontig_000001381,3,15907,603087891,2014804765
GL850904.1,Chr3_supercontig_000001382,3,27496,603115387,2014832261
GL850905.1,Chr3_supercontig_000001383,3,20710,603136097,2014852971
GL850906.1,Chr3_supercontig_000001384,3,109859,603245956,2014962830
GL850907.1,Chr3_supercontig_000001385,3,68131,603314087,2015030961
GL850908.1,Chr3_supercontig_000001386,3,22950,603337037,2015053911
GL850909.1,Chr3_supercontig_000001387,3,30236,603367273,2015084147
GL850910.1,Chr3_supercontig_000001388,3,39319,603406592,2015123466
GL850911.1,Chr3_supercontig_000001389,3,21245,603427837,2015144711
GL850912.1,Chr3_supercontig_000001390,3,25542,603453379,2015170253
GL850913.1,Chr3_supercontig_000001391,3,157407,603610786,2015327660
GL850914.1,Chr3_supercontig_000001392,3,82716,603693502,2015410376
GL850915.1,Chr3_supercontig_000001393,3,68954,603762456,2015479330
GL850916.1,Chr3_supercontig_000001394,3,27251,603789707,2015506581
GL850917.1,Chr3_supercontig_000001395,3,109556,603899263,2015616137
GL850918.1,Chr3_supercontig_000001396,3,23237,603922500,2015639374
GL850919.1,Chr3_supercontig_000001397,3,99691,604022191,2015739065
GL850920.1,Chr3_supercontig_000001398,3,24467,604046658,2015763532
GL850921.1,Chr3_supercontig_000001399,3,30596,604077254,2015794128
GL850922.1,Chr3_supercontig_000001400,3,17361,604094615,2015811489
GL850923.1,Chr3_supercontig_000001401,3,23507,604118122,2015834996
GL850924.1,Chr3_supercontig_000001402,3,28065,604146187,2015863061
GL850925.1,Chr3_supercontig_000001403,3,108945,604255132,2015972006
GL850926.1,Chr3_supercontig_000001404,3,11259,604266391,2015983265
GL850927.1,Chr3_supercontig_000001405,3,46941,604313332,2016030206
GL850928.1,Chr3_supercontig_000001406,3,74328,604387660,2016104534
GL850929.1,Chr3_supercontig_000001407,3,71076,604458736,2016175610
GL850930.1,Chr3_supercontig_000001408,3,26414,604485150,2016202024
GL850931.1,Chr3_supercontig_000001409,3,13433,604498583,2016215457
GL850932.1,Chr3_supercontig_000001410,3,63357,604561940,2016278814
GL850933.1,Chr3_supercontig_000001411,3,10781,604572721,2016289595
GL850934.1,Chr3_supercontig_000001412,3,149729,604722450,2016439324
GL850935.1,Chr3_supercontig_000001413,3,18701,604741151,2016458025
GL850936.1,Chr3_supercontig_000001414,3,56024,604797175,2016514049
GL850937.1,Chr3_supercontig_000001415,3,39444,604836619,2016553493
GL850938.1,Chr3_supercontig_000001416,3,56125,604892744,2016609618
GL850939.1,Chr3_supercontig_000001417,3,19123,604911867,2016628741
GL850940.1,Chr3_supercontig_000001418,3,48009,604959876,2016676750
GL850941.1,Chr3_supercontig_000001419,3,23594,604983470,2016700344
GL850942.1,Chr3_supercontig_000001420,3,54293,605037763,2016754637
GL850943.1,Chr3_supercontig_000001421,3,41228,605078991,2016795865
GL850944.1,Chr3_supercontig_000001422,3,57176,605136167,2016853041
GL850945.1,Chr3_supercontig_000001423,3,24946,605161113,2016877987
GL850946.1,Chr3_supercontig_000001424,3,38023,605199136,2016916010
GL850947.1,Chr3_supercontig_000001425,3,146512,605345648,2017062522
GL850948.1,Chr3_supercontig_000001426,3,6920,605352568,2017069442
GL850949.1,Chr3_supercontig_000001427,3,27349,605379917,2017096791
GL850950.1,Chr3_supercontig_000001428,3,44199,605424116,2017140990
GL850951.1,Chr3_supercontig_000001429,3,17853,605441969,2017158843
GL850952.1,Chr3_supercontig_000001430,3,81916,605523885,2017240759
GL850953.1,Chr3_supercontig_000001431,3,31667,605555552,2017272426
GL850954.1,Chr3_supercontig_000001432,3,70299,605625851,2017342725
GL850955.1,Chr3_supercontig_000001433,3,33619,605659470,2017376344
GL850956.1,Chr3_supercontig_000001434,3,31581,605691051,2017407925
GL850957.1,Chr3_supercontig_000001435,3,64823,605755874,2017472748
GL850958.1,Chr3_supercontig_000001436,3,75399,605831273,2017548147
GL850959.1,Chr3_supercontig_000001437,3,27273,605858546,2017575420
GL850960.1,Chr3_supercontig_000001438,3,89423,605947969,2017664843
GL850961.1,Chr3_supercontig_000001439,3,19580,605967549,2017684423
GL850962.1,Chr3_supercontig_000001440,3,87985,606055534,2017772408
GL850963.1,Chr3_supercontig_000001441,3,6965,606062499,2017779373
GL850964.1,Chr3_supercontig_000001442,3,9261,606071760,2017788634
GL850965.1,Chr3_supercontig_000001443,3,32125,606103885,2017820759
GL850966.1,Chr3_supercontig_000001444,3,32345,606136230,2017853104
GL850967.1,Chr3_supercontig_000001445,3,31338,606167568,2017884442
GL850968.1,Chr3_supercontig_000001446,3,28106,606195674,2017912548
GL850969.1,Chr3_supercontig_000001447,3,6063,606201737,2017918611
GL850970.1,Chr3_supercontig_000001448,3,13465,606215202,2017932076
GL850971.1,Chr3_supercontig_000001449,3,35738,606250940,2017967814
GL850972.1,Chr3_supercontig_000001450,3,37562,606288502,2018005376
GL850973.1,Chr3_supercontig_000001451,3,44506,606333008,2018049882
GL850974.1,Chr3_supercontig_000001452,3,26805,606359813,2018076687
GL850975.1,Chr3_supercontig_000001453,3,28012,606387825,2018104699
GL850976.1,Chr3_supercontig_000001454,3,51118,606438943,2018155817
GL850977.1,Chr3_supercontig_000001455,3,25397,606464340,2018181214
GL850978.1,Chr3_supercontig_000001456,3,61453,606525793,2018242667
GL850979.1,Chr3_supercontig_000001457,3,41482,606567275,2018284149
GL850980.1,Chr3_supercontig_000001458,3,13244,606580519,2018297393
GL850981.1,Chr3_supercontig_000001459,3,23084,606603603,2018320477
GL850982.1,Chr3_supercontig_000001460,3,8053,606611656,2018328530
GL850983.1,Chr3_supercontig_000001461,3,54992,606666648,2018383522
GL850984.1,Chr3_supercontig_000001462,3,37213,606703861,2018420735
GL850985.1,Chr3_supercontig_000001463,3,30806,606734667,2018451541
GL850986.1,Chr3_supercontig_000001464,3,21102,606755769,2018472643
GL850987.1,Chr3_supercontig_000001465,3,59818,606815587,2018532461
GL850988.1,Chr3_supercontig_000001466,3,30085,606845672,2018562546
GL850989.1,Chr3_supercontig_000001467,3,16281,606861953,2018578827
GL850990.1,Chr3_supercontig_000001468,3,29161,606891114,2018607988
GL850991.1,Chr3_supercontig_000001469,3,17712,606908826,2018625700
GL850992.1,Chr3_supercontig_000001470,3,43889,606952715,2018669589
GL850993.1,Chr3_supercontig_000001471,3,78548,607031263,2018748137
GL850994.1,Chr3_supercontig_000001472,3,98449,607129712,2018846586
GL850995.1,Chr3_supercontig_000001473,3,117014,607246726,2018963600
GL850996.1,Chr3_supercontig_000001474,3,14612,607261338,2018978212
GL850997.1,Chr3_supercontig_000001475,3,62451,607323789,2019040663
GL850998.1,Chr3_supercontig_000001476,3,8717,607332506,2019049380
GL850999.1,Chr3_supercontig_000001477,3,50416,607382922,2019099796
GL851000.1,Chr3_supercontig_000001478,3,13225,607396147,2019113021
GL851001.1,Chr3_supercontig_000001479,3,5940,607402087,2019118961
GL851002.1,Chr3_supercontig_000001480,3,77527,607479614,2019196488
GL851003.1,Chr3_supercontig_000001481,3,79279,607558893,2019275767
GL851004.1,Chr3_supercontig_000001482,3,16224,607575117,2019291991
GL851005.1,Chr3_supercontig_000001483,3,16605,607591722,2019308596
GL851006.1,Chr3_supercontig_000001484,3,13014,607604736,2019321610
GL851007.1,Chr3_supercontig_000001485,3,58541,607663277,2019380151
GL851008.1,Chr3_supercontig_000001486,3,60198,607723475,2019440349
GL851009.1,Chr3_supercontig_000001487,3,29233,607752708,2019469582
GL851010.1,Chr3_supercontig_000001488,3,21484,607774192,2019491066
GL851011.1,Chr3_supercontig_000001489,3,12562,607786754,2019503628
GL851012.1,Chr3_supercontig_000001490,3,22914,607809668,2019526542
GL851013.1,Chr3_supercontig_000001491,3,69900,607879568,2019596442
GL851014.1,Chr3_supercontig_000001492,3,14748,607894316,2019611190
GL851015.1,Chr3_supercontig_000001493,3,14664,607908980,2019625854
GL851016.1,Chr3_supercontig_000001494,3,72210,607981190,2019698064
GL851017.1,Chr3_supercontig_000001495,3,6507,607987697,2019704571
GL851018.1,Chr3_supercontig_000001496,3,16702,608004399,2019721273
GL851019.1,Chr3_supercontig_000001497,3,7156,608011555,2019728429
GL851020.1,Chr3_supercontig_000001498,3,60812,608072367,2019789241
GL851021.1,Chr3_supercontig_000001499,3,35617,608107984,2019824858
GL851022.1,Chr3_supercontig_000001500,3,21245,608129229,2019846103
GL851023.1,Chr3_supercontig_000001501,3,50774,608180003,2019896877
GL851024.1,Chr3_supercontig_000001502,3,52357,608232360,2019949234
GL851025.1,Chr3_supercontig_000001503,3,139156,608371516,2020088390
GL851026.1,Chr3_supercontig_000001504,3,13367,608384883,2020101757
GL851027.1,Chr3_supercontig_000001505,3,13762,608398645,2020115519
GL851028.1,Chr3_supercontig_000001506,3,37561,608436206,2020153080
GL851029.1,Chr3_supercontig_000001507,3,37347,608473553,2020190427
GL851030.1,Chr3_supercontig_000001508,3,35743,608509296,2020226170
GL851031.1,Chr3_supercontig_000001509,3,29570,608538866,2020255740
GL851032.1,Chr3_supercontig_000001510,3,29882,608568748,2020285622
GL851033.1,Chr3_supercontig_000001511,3,47915,608616663,2020333537
GL851034.1,Chr3_supercontig_000001512,3,19445,608636108,2020352982
GL851035.1,Chr3_supercontig_000001513,3,6593,608642701,2020359575
GL851036.1,Chr3_supercontig_000001514,3,40512,608683213,2020400087
GL851037.1,Chr3_supercontig_000001515,3,73832,608757045,2020473919
GL851038.1,Chr3_supercontig_000001516,3,34963,608792008,2020508882
GL851039.1,Chr3_supercontig_000001517,3,3954,608795962,2020512836
GL851040.1,Chr3_supercontig_000001518,3,16328,608812290,2020529164
GL851041.1,Chr3_supercontig_000001519,3,40032,608852322,2020569196
GL851042.1,Chr3_supercontig_000001520,3,39045,608891367,2020608241
GL851043.1,Chr3_supercontig_000001521,3,10527,608901894,2020618768
GL851044.1,Chr3_supercontig_000001522,3,25110,608927004,2020643878
GL851045.1,Chr3_supercontig_000001523,3,35214,608962218,2020679092
GL851046.1,Chr3_supercontig_000001524,3,13635,608975853,2020692727
GL851047.1,Chr3_supercontig_000001525,3,37503,609013356,2020730230
GL851048.1,Chr3_supercontig_000001526,3,6668,609020024,2020736898
GL851049.1,Chr3_supercontig_000001527,3,41763,609061787,2020778661
GL851050.1,Chr3_supercontig_000001528,3,2097,609063884,2020780758
GL851051.1,Chr3_supercontig_000001529,3,3847,609067731,2020784605
GL851052.1,Chr3_supercontig_000001530,3,34347,609102078,2020818952
GL851053.1,Chr3_supercontig_000001531,3,43266,609145344,2020862218
GL851054.1,Chr3_supercontig_000001532,3,32058,609177402,2020894276
GL851055.1,Chr3_supercontig_000001533,3,43206,609220608,2020937482
GL851056.1,Chr3_supercontig_000001534,3,29324,609249932,2020966806
GL851057.1,Chr3_supercontig_000001535,3,38077,609288009,2021004883
GL851058.1,Chr3_supercontig_000001536,3,23388,609311397,2021028271
GL851059.1,Chr3_supercontig_000001537,3,34751,609346148,2021063022
GL851060.1,Chr3_supercontig_000001538,3,10789,609356937,2021073811
GL851061.1,Chr3_supercontig_000001539,3,44323,609401260,2021118134
GL851062.1,Chr3_supercontig_000001540,3,34002,609435262,2021152136
GL851063.1,Chr3_supercontig_000001541,3,24134,609459396,2021176270
GL851064.1,Chr3_supercontig_000001542,3,73833,609533229,2021250103
GL851065.1,Chr3_supercontig_000001543,3,19560,609552789,2021269663
GL851066.1,Chr3_supercontig_000001544,3,45799,609598588,2021315462
GL851067.1,Chr3_supercontig_000001545,3,234781,609833369,2021550243
GL851068.1,Chr3_supercontig_000001546,3,59168,609892537,2021609411
GL851069.1,Chr3_supercontig_000001547,3,21248,609913785,2021630659
GL851070.1,Chr3_supercontig_000001548,3,20789,609934574,2021651448
GL851071.1,Chr3_supercontig_000001549,3,53362,609987936,2021704810
GL851072.1,Chr3_supercontig_000001550,3,74880,610062816,2021779690
GL851073.1,Chr3_supercontig_000001551,3,39635,610102451,2021819325
GL851074.1,Chr3_supercontig_000001552,3,28811,610131262,2021848136
GL851075.1,Chr3_supercontig_000001553,3,29633,610160895,2021877769
GL851076.1,Chr3_supercontig_000001554,3,47416,610208311,2021925185
GL851077.1,Chr3_supercontig_000001555,3,2378,610210689,2021927563
GL851078.1,Chr3_supercontig_000001556,3,14922,610225611,2021942485
GL851079.1,Chr3_supercontig_000001557,3,21460,610247071,2021963945
GL851080.1,Chr3_supercontig_000001558,3,30619,610277690,2021994564
GL851081.1,Chr3_supercontig_000001559,3,44902,610322592,2022039466
GL851082.1,Chr3_supercontig_000001560,3,3639,610326231,2022043105
GL851083.1,Chr3_supercontig_000001561,3,15664,610341895,2022058769
GL851084.1,Chr3_supercontig_000001562,3,6402,610348297,2022065171
GL851085.1,Chr3_supercontig_000001563,3,30659,610378956,2022095830
GL851086.1,Chr3_supercontig_000001564,3,38164,610417120,2022133994
GL851087.1,Chr3_supercontig_000001565,3,16826,610433946,2022150820
GL851088.1,Chr3_supercontig_000001566,3,53497,610487443,2022204317
GL851089.1,Chr3_supercontig_000001567,3,31538,610518981,2022235855
GL851090.1,Chr3_supercontig_000001568,3,18438,610537419,2022254293
GL851091.1,Chr3_supercontig_000001569,3,19365,610556784,2022273658
GL851092.1,Chr3_supercontig_000001570,3,47802,610604586,2022321460
GL851093.1,Chr3_supercontig_000001571,3,9845,610614431,2022331305
GL851094.1,Chr3_supercontig_000001572,3,8106,610622537,2022339411
GL851095.1,Chr3_supercontig_000001573,3,48678,610671215,2022388089
GL851096.1,Chr3_supercontig_000001574,3,28856,610700071,2022416945
GL851097.1,Chr3_supercontig_000001575,3,62064,610762135,2022479009
GL851098.1,Chr3_supercontig_000001576,3,85850,610847985,2022564859
GL851099.1,Chr3_supercontig_000001577,3,4206,610852191,2022569065
GL851100.1,Chr3_supercontig_000001578,3,66766,610918957,2022635831
GL851101.1,Chr3_supercontig_000001579,3,88591,611007548,2022724422
GL851102.1,Chr3_supercontig_000001580,3,49022,611056570,2022773444
GL851103.1,Chr3_supercontig_000001581,3,180883,611237453,2022954327
GL851104.1,Chr3_supercontig_000001582,3,90156,611327609,2023044483
GL851105.1,Chr3_supercontig_000001583,3,26336,611353945,2023070819
GL851106.1,Chr3_supercontig_000001584,3,28913,611382858,2023099732
GL851107.1,Chr3_supercontig_000001585,3,11578,611394436,2023111310
GL851108.1,Chr3_supercontig_000001586,3,10554,611404990,2023121864
GL851109.1,Chr3_supercontig_000001587,3,3644,611408634,2023125508
GL851110.1,Chr3_supercontig_000001588,3,73767,611482401,2023199275
GL851111.1,Chr3_supercontig_000001589,3,51795,611534196,2023251070
GL851112.1,Chr3_supercontig_000001590,3,20889,611555085,2023271959
GL851113.1,Chr3_supercontig_000001591,3,57122,611612207,2023329081
GL851114.1,Chr3_supercontig_000001592,3,15961,611628168,2023345042
GL851115.1,Chr3_supercontig_000001593,3,29492,611657660,2023374534
GL851116.1,Chr3_supercontig_000001594,3,14925,611672585,2023389459
GL851117.1,Chr3_supercontig_000001595,3,33716,611706301,2023423175
GL851118.1,Chr3_supercontig_000001596,3,7203,611713504,2023430378
GL851119.1,Chr3_supercontig_000001597,3,108998,611822502,2023539376
GL851120.1,Chr3_supercontig_000001598,3,46509,611869011,2023585885
GL851121.1,Chr3_supercontig_000001599,3,13458,611882469,2023599343
GL851122.1,Chr3_supercontig_000001600,3,22248,611904717,2023621591
GL851123.1,Chr3_supercontig_000001601,3,14948,611919665,2023636539
GL851124.1,Chr3_supercontig_000001602,3,19195,611938860,2023655734
GL851125.1,Chr3_supercontig_000001603,3,30269,611969129,2023686003
GL851126.1,Chr3_supercontig_000001604,3,85497,612054626,2023771500
GL851127.1,Chr3_supercontig_000001605,3,28682,612083308,2023800182
GL851128.1,Chr3_supercontig_000001606,3,39131,612122439,2023839313
GL851129.1,Chr3_supercontig_000001607,3,32397,612154836,2023871710
GL851130.1,Chr3_supercontig_000001608,3,14382,612169218,2023886092
GL851131.1,Chr3_supercontig_000001609,3,95273,612264491,2023981365
GL851132.1,Chr3_supercontig_000001610,3,23019,612287510,2024004384
GL851133.1,Chr3_supercontig_000001611,3,64246,612351756,2024068630
GL851134.1,Chr3_supercontig_000001612,3,12566,612364322,2024081196
GL851135.1,Chr3_supercontig_000001613,3,6774,612371096,2024087970
GL851136.1,Chr3_supercontig_000001614,3,55131,612426227,2024143101
GL851137.1,Chr3_supercontig_000001615,3,27733,612453960,2024170834
GL851138.1,Chr3_supercontig_000001616,3,11387,612465347,2024182221
GL851139.1,Chr3_supercontig_000001617,3,23592,612488939,2024205813
GL851140.1,Chr3_supercontig_000001618,3,29961,612518900,2024235774
GL851141.1,Chr3_supercontig_000001619,3,20454,612539354,2024256228
GL851142.1,Chr3_supercontig_000001620,3,67020,612606374,2024323248
GL851143.1,Chr3_supercontig_000001621,3,40980,612647354,2024364228
GL851144.1,Chr3_supercontig_000001622,3,67239,612714593,2024431467
GL851145.1,Chr3_supercontig_000001623,3,101257,612815850,2024532724
GL851146.1,Chr3_supercontig_000001624,3,4554,612820404,2024537278
GL851147.1,Chr3_supercontig_000001625,3,9428,612829832,2024546706
GL851148.1,Chr3_supercontig_000001626,3,82768,612912600,2024629474
GL851149.1,Chr3_supercontig_000001627,3,58687,612971287,2024688161
GL851150.1,Chr3_supercontig_000001628,3,18742,612990029,2024706903
GL851151.1,Chr3_supercontig_000001629,3,38241,613028270,2024745144
GL851152.1,Chr3_supercontig_000001630,3,35361,613063631,2024780505
GL851153.1,Chr3_supercontig_000001631,3,42554,613106185,2024823059
GL851154.1,Chr3_supercontig_000001632,3,4217,613110402,2024827276
GL851155.1,Chr3_supercontig_000001633,3,2629,613113031,2024829905
GL851156.1,Chr3_supercontig_000001634,3,29789,613142820,2024859694
GL851157.1,Chr3_supercontig_000001635,3,26763,613169583,2024886457
GL851158.1,Chr3_supercontig_000001636,3,22356,613191939,2024908813
GL851159.1,Chr3_supercontig_000001637,3,22825,613214764,2024931638
GL851160.1,Chr3_supercontig_000001638,3,13728,613228492,2024945366
GL851161.1,Chr3_supercontig_000001639,3,13731,613242223,2024959097
GL851162.1,Chr3_supercontig_000001640,3,44131,613286354,2025003228
GL851163.1,Chr3_supercontig_000001641,3,23606,613309960,2025026834
GL851164.1,Chr3_supercontig_000001642,3,10042,613320002,2025036876
GL851165.1,Chr3_supercontig_000001643,3,35544,613355546,2025072420
GL851166.1,Chr3_supercontig_000001644,3,4422,613359968,2025076842
GL851167.1,Chr3_supercontig_000001645,3,4017,613363985,2025080859
GL851168.1,Chr3_supercontig_000001646,3,17384,613381369,2025098243
GL851169.1,Chr3_supercontig_000001647,3,20701,613402070,2025118944
GL851170.1,Chr3_supercontig_000001648,3,15849,613417919,2025134793
GL851171.1,Chr3_supercontig_000001649,3,59929,613477848,2025194722
GL851172.1,Chr3_supercontig_000001650,3,2892,613480740,2025197614
GL851173.1,Chr3_supercontig_000001651,3,73769,613554509,2025271383
GL851174.1,Chr3_supercontig_000001652,3,27535,613582044,2025298918
GL851175.1,Chr3_supercontig_000001653,3,33100,613615144,2025332018
GL851176.1,Chr3_supercontig_000001654,3,67369,613682513,2025399387
GL851177.1,Chr3_supercontig_000001655,3,17874,613700387,2025417261
GL851178.1,Chr3_supercontig_000001656,3,29314,613729701,2025446575
GL851179.1,Chr3_supercontig_000001657,3,26870,613756571,2025473445
GL851180.1,Chr3_supercontig_000001658,3,25875,613782446,2025499320
GL851181.1,Chr3_supercontig_000001659,3,84117,613866563,2025583437
GL851182.1,Chr3_supercontig_000001660,3,41758,613908321,2025625195
GL851183.1,Chr3_supercontig_000001661,3,11964,613920285,2025637159
GL851184.1,Chr3_supercontig_000001662,3,29500,613949785,2025666659
GL851185.1,Chr3_supercontig_000001663,3,12925,613962710,2025679584
GL851186.1,Chr3_supercontig_000001664,3,19636,613982346,2025699220
GL851187.1,Chr3_supercontig_000001665,3,2957,613985303,2025702177
GL851188.1,Chr3_supercontig_000001666,3,38518,614023821,2025740695
GL851189.1,Chr3_supercontig_000001667,3,13506,614037327,2025754201
GL851190.1,Chr3_supercontig_000001668,3,40080,614077407,2025794281
GL851191.1,Chr3_supercontig_000001669,3,31735,614109142,2025826016
GL851192.1,Chr3_supercontig_000001670,3,44599,614153741,2025870615
GL851193.1,Chr3_supercontig_000001671,3,21445,614175186,2025892060
GL851194.1,Chr3_supercontig_000001672,3,25173,614200359,2025917233
GL851195.1,Chr3_supercontig_000001673,3,25342,614225701,2025942575
GL851196.1,Chr3_supercontig_000001674,3,11876,614237577,2025954451
GL851197.1,Chr3_supercontig_000001675,3,5805,614243382,2025960256
GL851198.1,Chr3_supercontig_000001676,3,28039,614271421,2025988295
GL851199.1,Chr3_supercontig_000001677,3,31421,614302842,2026019716
GL851200.1,Chr3_supercontig_000001678,3,27454,614330296,2026047170
GL851201.1,Chr3_supercontig_000001679,3,23375,614353671,2026070545
GL851202.1,Chr3_supercontig_000001680,3,21922,614375593,2026092467
GL851203.1,Chr3_supercontig_000001681,3,6462,614382055,2026098929
GL851204.1,Chr3_supercontig_000001682,3,33173,614415228,2026132102
GL851205.1,Chr3_supercontig_000001683,3,10806,614426034,2026142908
GL851206.1,Chr3_supercontig_000001684,3,25352,614451386,2026168260
GL851207.1,Chr3_supercontig_000001685,3,26057,614477443,2026194317
GL851208.1,Chr3_supercontig_000001686,3,27887,614505330,2026222204
GL851209.1,Chr3_supercontig_000001687,3,3461,614508791,2026225665
GL851210.1,Chr3_supercontig_000001688,3,12604,614521395,2026238269
GL851211.1,Chr3_supercontig_000001689,3,31232,614552627,2026269501
GL851212.1,Chr3_supercontig_000001690,3,12393,614565020,2026281894
GL851213.1,Chr3_supercontig_000001691,3,6733,614571753,2026288627
GL851214.1,Chr3_supercontig_000001692,3,40152,614611905,2026328779
GL851215.1,Chr3_supercontig_000001693,3,18639,614630544,2026347418
GL851216.1,Chr3_supercontig_000001694,3,25408,614655952,2026372826
GL851217.1,Chr3_supercontig_000001695,3,8572,614664524,2026381398
GL851218.1,Chr3_supercontig_000001696,3,9871,614674395,2026391269
GL851219.1,Chr3_supercontig_000001697,3,41745,614716140,2026433014
GL851220.1,Chr3_supercontig_000001698,3,92698,614808838,2026525712
GL851221.1,Chr3_supercontig_000001699,3,7453,614816291,2026533165
GL851222.1,Chr3_supercontig_000001700,3,12761,614829052,2026545926
GL851223.1,Chr3_supercontig_000001701,3,32345,614861397,2026578271
GL851224.1,Chr3_supercontig_000001702,3,31471,614892868,2026609742
GL851225.1,Chr3_supercontig_000001703,3,6430,614899298,2026616172
GL851226.1,Chr3_supercontig_000001704,3,34311,614933609,2026650483
GL851227.1,Chr3_supercontig_000001705,3,33059,614966668,2026683542
GL851228.1,Chr3_supercontig_000001706,3,3682,614970350,2026687224
GL851229.1,Chr3_supercontig_000001707,3,25487,614995837,2026712711
GL851230.1,Chr3_supercontig_000001708,3,19600,615015437,2026732311
GL851231.1,Chr3_supercontig_000001709,3,8101,615023538,2026740412
GL851232.1,Chr3_supercontig_000001710,3,6082,615029620,2026746494
GL851233.1,Chr3_supercontig_000001711,3,5715,615035335,2026752209
GL851234.1,Chr3_supercontig_000001712,3,8002,615043337,2026760211
GL851235.1,Chr3_supercontig_000001713,3,7004,615050341,2026767215
GL851236.1,Chr3_supercontig_000001714,3,18850,615069191,2026786065
GL851237.1,Chr3_supercontig_000001715,3,19866,615089057,2026805931
GL851238.1,Chr3_supercontig_000001716,3,10499,615099556,2026816430
GL851239.1,Chr3_supercontig_000001717,3,63962,615163518,2026880392
GL851240.1,Chr3_supercontig_000001718,3,46879,615210397,2026927271
GL851241.1,Chr3_supercontig_000001719,3,13962,615224359,2026941233
GL851242.1,Chr3_supercontig_000001720,3,14995,615239354,2026956228
GL851243.1,Chr3_supercontig_000001721,3,19073,615258427,2026975301
GL851244.1,Chr3_supercontig_000001722,3,25761,615284188,2027001062
GL851245.1,Chr3_supercontig_000001723,3,27121,615311309,2027028183
GL851246.1,Chr3_supercontig_000001724,3,24148,615335457,2027052331
GL851247.1,Chr3_supercontig_000001725,3,3155,615338612,2027055486
GL851248.1,Chr3_supercontig_000001726,3,11494,615350106,2027066980
GL851249.1,Chr3_supercontig_000001727,3,60988,615411094,2027127968
GL851250.1,Chr3_supercontig_000001728,3,2423,615413517,2027130391
GL851251.1,Chr3_supercontig_000001729,3,34243,615447760,2027164634
GL851252.1,Chr3_supercontig_000001730,3,5713,615453473,2027170347
GL851253.1,Chr3_supercontig_000001731,3,25424,615478897,2027195771
GL851254.1,Chr3_supercontig_000001732,3,13524,615492421,2027209295
GL851255.1,Chr3_supercontig_000001733,3,3615,615496036,2027212910
GL851256.1,Chr3_supercontig_000001734,3,8097,615504133,2027221007
GL851257.1,Chr3_supercontig_000001735,3,6646,615510779,2027227653
GL851258.1,Chr3_supercontig_000001736,3,27474,615538253,2027255127
GL851259.1,Chr3_supercontig_000001737,3,16338,615554591,2027271465
GL851260.1,Chr3_supercontig_000001738,3,36653,615591244,2027308118
GL851261.1,Chr3_supercontig_000001739,3,26119,615617363,2027334237
GL851262.1,Chr3_supercontig_000001740,3,14023,615631386,2027348260
GL851263.1,Chr3_supercontig_000001741,3,23162,615654548,2027371422
GL851264.1,Chr3_supercontig_000001742,3,25556,615680104,2027396978
GL851265.1,Chr3_supercontig_000001743,3,4949,615685053,2027401927
GL851266.1,Chr3_supercontig_000001744,3,44356,615729409,2027446283
GL851267.1,Chr3_supercontig_000001745,3,3177,615732586,2027449460
GL851268.1,Chr3_supercontig_000001746,3,5432,615738018,2027454892
GL851269.1,Chr3_supercontig_000001747,3,8585,615746603,2027463477
GL851270.1,Chr3_supercontig_000001748,3,36665,615783268,2027500142
GL851271.1,Chr3_supercontig_000001749,3,8123,615791391,2027508265
GL851272.1,Chr3_supercontig_000001750,3,18328,615809719,2027526593
GL851273.1,Chr3_supercontig_000001751,3,20306,615830025,2027546899
GL851274.1,Chr3_supercontig_000001752,3,7609,615837634,2027554508
GL851275.1,Chr3_supercontig_000001753,3,22996,615860630,2027577504
GL851276.1,Chr3_supercontig_000001754,3,8116,615868746,2027585620
GL851277.1,Chr3_supercontig_000001755,3,5713,615874459,2027591333
GL851278.1,Chr3_supercontig_000001756,3,20218,615894677,2027611551
GL851279.1,Chr3_supercontig_000001757,3,4947,615899624,2027616498
GL851280.1,Chr3_supercontig_000001758,3,14955,615914579,2027631453
GL851281.1,Chr3_supercontig_000001759,3,12182,615926761,2027643635
GL851282.1,Chr3_supercontig_000001760,3,5663,615932424,2027649298
GL851283.1,Chr3_supercontig_000001761,3,19680,615952104,2027668978
GL851284.1,Chr3_supercontig_000001762,3,27934,615980038,2027696912
GL851285.1,Chr3_supercontig_000001763,3,21663,616001701,2027718575
GL851286.1,Chr3_supercontig_000001764,3,28801,616030502,2027747376
GL851287.1,Chr3_supercontig_000001765,3,18981,616049483,2027766357
GL851288.1,Chr3_supercontig_000001766,3,38927,616088410,2027805284
GL851289.1,Chr3_supercontig_000001767,3,4455,616092865,2027809739
GL851290.1,Chr3_supercontig_000001768,3,26645,616119510,2027836384
GL851291.1,Chr3_supercontig_000001769,3,11238,616130748,2027847622
GL851292.1,Chr3_supercontig_000001770,3,2149,616132897,2027849771
GL851293.1,Chr3_supercontig_000001771,3,6715,616139612,2027856486
GL851294.1,Chr3_supercontig_000001772,3,11084,616150696,2027867570
GL851295.1,Chr3_supercontig_000001773,3,16447,616167143,2027884017
GL851296.1,Chr3_supercontig_000001774,3,48574,616215717,2027932591
GL851297.1,Chr3_supercontig_000001775,3,5489,616221206,2027938080
GL851298.1,Chr3_supercontig_000001776,3,3698,616224904,2027941778
GL851299.1,Chr3_supercontig_000001777,3,1357,616226261,2027943135
GL851300.1,Chr3_supercontig_000001778,3,11487,616237748,2027954622
GL851301.1,Chr3_supercontig_000001779,3,13811,616251559,2027968433
GL851302.1,Chr3_supercontig_000001780,3,2252,616253811,2027970685
GL851303.1,Chr3_supercontig_000001781,3,20890,616274701,2027991575
GL851304.1,Chr3_supercontig_000001782,3,55223,616329924,2028046798
GL851305.1,Chr3_supercontig_000001783,3,5199,616335123,2028051997
GL851306.1,Chr3_supercontig_000001784,3,9082,616344205,2028061079
GL851307.1,Chr3_supercontig_000001785,3,7280,616351485,2028068359
GL851308.1,Chr3_supercontig_000001786,3,6011,616357496,2028074370
GL851309.1,Chr3_supercontig_000001787,3,23072,616380568,2028097442
GL851310.1,Chr3_supercontig_000001788,3,22326,616402894,2028119768
GL851311.1,Chr3_supercontig_000001789,3,10223,616413117,2028129991
GL851312.1,Chr3_supercontig_000001790,3,3763,616416880,2028133754
GL851313.1,Chr3_supercontig_000001791,3,6177,616423057,2028139931
GL851314.1,Chr3_supercontig_000001792,3,4863,616427920,2028144794
GL851315.1,Chr3_supercontig_000001793,3,2685,616430605,2028147479
GL851316.1,Chr3_supercontig_000001794,3,14979,616445584,2028162458
GL851317.1,Chr3_supercontig_000001795,3,21841,616467425,2028184299
GL851318.1,Chr3_supercontig_000001796,3,1427,616468852,2028185726
GL851319.1,Chr3_supercontig_000001797,3,22194,616491046,2028207920
GL851320.1,Chr3_supercontig_000001798,3,7191,616498237,2028215111
GL851321.1,Chr3_supercontig_000001799,3,13340,616511577,2028228451
GL851322.1,Chr3_supercontig_000001800,3,22453,616534030,2028250904
GL851323.1,Chr3_supercontig_000001801,3,3385,616537415,2028254289
GL851324.1,Chr3_supercontig_000001802,3,14698,616552113,2028268987
GL851325.1,Chr3_supercontig_000001803,3,2227,616554340,2028271214
GL851326.1,Chr3_supercontig_000001804,3,17028,616571368,2028288242
GL851327.1,Chr3_supercontig_000001805,3,8656,616580024,2028296898
GL851328.1,Chr3_supercontig_000001806,3,2100,616582124,2028298998
GL851329.1,Chr3_supercontig_000001807,3,5641,616587765,2028304639
GL851330.1,Chr3_supercontig_000001808,3,13139,616600904,2028317778
GL851331.1,Chr3_supercontig_000001809,3,1037,616601941,2028318815
GL851332.1,Chr3_supercontig_000001810,3,3189,616605130,2028322004
GL851333.1,Chr3_supercontig_000001811,3,3245,616608375,2028325249
GL851334.1,Chr3_supercontig_000001812,3,6569,616614944,2028331818
GL851335.1,Chr3_supercontig_000001813,3,9823,616624767,2028341641
GL851336.1,Chr3_supercontig_000001814,3,1649,616626416,2028343290
GL851337.1,Chr3_supercontig_000001815,3,3344,616629760,2028346634
GL851338.1,Chr3_supercontig_000001816,3,956,616630716,2028347590
GL851339.1,Chr3_supercontig_000001817,3,1511,616632227,2028349101
GL851340.1,Chr3_supercontig_000001818,3,4042,616636269,2028353143
GL851341.1,Chr3_supercontig_000001819,3,4049,616640318,2028357192
GL851342.1,Chr3_supercontig_000001820,3,9673,616649991,2028366865
GL851343.1,Chr3_supercontig_000001821,3,1894,616651885,2028368759
GL851344.1,Chr3_supercontig_000001822,3,4620,616656505,2028373379
GL851345.1,Chr3_supercontig_000001823,3,3269,616659774,2028376648
GL851346.1,Chr3_supercontig_000001824,3,2787,616662561,2028379435
GL851347.1,Chr3_supercontig_000001825,3,1889,616664450,2028381324
GL851348.1,Chr3_supercontig_000001826,3,2070,616666520,2028383394
GL851349.1,Chr3_supercontig_000001827,3,1592,616668112,2028384986
GL851350.1,Chr3_supercontig_000001828,3,1582,616669694,2028386568
GL851351.1,Chr3_supercontig_000001829,3,2424,616672118,2028388992
GL851352.1,Chr3_supercontig_000001830,3,3183,616675301,2028392175
GL851353.1,Chr3_supercontig_000001831,3,3088,616678389,2028395263
GL851354.1,Chr3_supercontig_000001832,3,1772,616680161,2028397035
GL851355.1,Chr3_supercontig_000001833,3,2193,616682354,2028399228
GL851356.1,Chr3_supercontig_000001834,3,1753,616684107,2028400981
GL851357.1,Chr3_supercontig_000001835,3,1679,616685786,2028402660
GL851358.1,Chr3_supercontig_000001836,3,3042,616688828,2028405702
GL851359.1,Chr3_supercontig_000001837,3,2878,616691706,2028408580
GL851360.1,Chr3_supercontig_000001838,3,1896,616693602,2028410476
GL851361.1,Chr3_supercontig_000001839,3,2270,616695872,2028412746
GL851362.1,Chr3_supercontig_000001840,3,1982,616697854,2028414728
GL851363.1,Chr3_supercontig_000001841,3,1858,616699712,2028416586
GL851364.1,Chr3_supercontig_000001842,3,1968,616701680,2028418554
GL851365.1,Chr3_supercontig_000001843,3,2796,616704476,2028421350
GL851366.1,Chr3_supercontig_000001844,3,2621,616707097,2028423971
GL851367.1,Chr3_supercontig_000001845,3,1588,616708685,2028425559
GL851368.1,Chr3_supercontig_000001846,3,1931,616710616,2028427490
GL851369.1,Chr3_supercontig_000001847,3,2374,616712990,2028429864
GL851370.1,Chr3_supercontig_000001848,3,3234,616716224,2028433098
GL851371.1,Chr3_supercontig_000001849,3,2205,616718429,2028435303
GL851372.1,Chr3_supercontig_000001850,3,2054,616720483,2028437357
GL851373.1,Chr3_supercontig_000001851,3,1732,616722215,2028439089
GL851374.1,Chr3_supercontig_000001852,3,1765,616723980,2028440854
GL851375.1,Chr3_supercontig_000001853,3,2398,616726378,2028443252
GL851376.1,Chr3_supercontig_000001854,3,1957,616728335,2028445209
GL851377.1,Chr3_supercontig_000001855,3,1740,616730075,2028446949
GL851378.1,Chr3_supercontig_000001856,3,2157,616732232,2028449106
GL851379.1,Chr3_supercontig_000001857,3,1889,616734121,2028450995
GL851380.1,Chr3_supercontig_000001858,3,2312,616736433,2028453307
GL851381.1,Chr3_supercontig_000001859,3,1871,616738304,2028455178
GL851382.1,Chr3_supercontig_000001860,3,1829,616740133,2028457007
GL851383.1,Chr3_supercontig_000001861,3,3683,616743816,2028460690
GL851384.1,Chr3_supercontig_000001862,3,3666,616747482,2028464356
GL851385.1,Chr3_supercontig_000001863,3,1611,616749093,2028465967
GL851386.1,Chr3_supercontig_000001864,3,2011,616751104,2028467978
GL851387.1,Chr3_supercontig_000001865,3,3263,616754367,2028471241
GL851388.1,Chr3_supercontig_000001866,3,2047,616756414,2028473288
GL851389.1,Chr3_supercontig_000001867,3,2762,616759176,2028476050
GL851390.1,Chr3_supercontig_000001868,3,1678,616760854,2028477728
GL851391.1,Chr3_supercontig_000001869,3,1534,616762388,2028479262
GL851392.1,Chr3_supercontig_000001870,3,1542,616763930,2028480804
GL851393.1,Chr3_supercontig_000001871,3,1819,616765749,2028482623
GL851394.1,Chr3_supercontig_000001872,3,1634,616767383,2028484257
GL851395.1,Chr3_supercontig_000001873,3,1682,616769065,2028485939
GL851396.1,Chr3_supercontig_000001874,3,2135,616771200,2028488074
GL851397.1,Chr3_supercontig_000001875,3,1838,616773038,2028489912
GL851398.1,Chr3_supercontig_000001876,3,6266,616779304,2028496178
GL851399.1,Chr3_supercontig_000001877,3,3356,616782660,2028499534
GL851400.1,Chr3_supercontig_000001878,3,2450,616785110,2028501984
GL851401.1,Chr3_supercontig_000001879,3,1579,616786689,2028503563
GL851402.1,Chr3_supercontig_000001880,3,3205,616789894,2028506768
GL851403.1,Chr3_supercontig_000001881,3,1726,616791620,2028508494
GL851404.1,Chr3_supercontig_000001882,3,3311,616794931,2028511805
GL851405.1,Chr3_supercontig_000001883,3,2244,616797175,2028514049
GL851406.1,Chr3_supercontig_000001884,3,5524,616802699,2028519573
GL851407.1,Chr3_supercontig_000001885,3,3834,616806533,2028523407
GL851408.1,Chr3_supercontig_000001886,3,2261,616808794,2028525668
GL851409.1,Chr3_supercontig_000001887,3,1690,616810484,2028527358
GL851410.1,Chr3_supercontig_000001888,3,3027,616813511,2028530385
GL851411.1,Chr3_supercontig_000001889,3,2583,616816094,2028532968
GL851412.1,Chr3_supercontig_000001890,3,2091,616818185,2028535059
GL851413.1,Chr3_supercontig_000001891,3,2076,616820261,2028537135
GL851414.1,Chr3_supercontig_000001892,3,2061,616822322,2028539196
GL851415.1,Chr3_supercontig_000001893,3,2782,616825104,2028541978
GL851416.1,Chr3_supercontig_000001894,3,1694,616826798,2028543672
GL851417.1,Chr3_supercontig_000001895,3,1523,616828321,2028545195
GL851418.1,Chr3_supercontig_000001896,3,3322,616831643,2028548517
GL851419.1,Chr3_supercontig_000001897,3,2179,616833822,2028550696
GL851420.1,Chr3_supercontig_000001898,3,2946,616836768,2028553642
GL851421.1,Chr3_supercontig_000001899,3,1611,616838379,2028555253
GL851422.1,Chr3_supercontig_000001900,3,1853,616840232,2028557106
GL851423.1,Chr3_supercontig_000001901,3,2683,616842915,2028559789
GL851424.1,Chr3_supercontig_000001902,3,5323,616848238,2028565112
GL851425.1,Chr3_supercontig_000001903,3,1724,616849962,2028566836
GL851426.1,Chr3_supercontig_000001904,3,2109,616852071,2028568945
GL851427.1,Chr3_supercontig_000001905,3,2843,616854914,2028571788
GL851428.1,Chr3_supercontig_000001906,3,1819,616856733,2028573607
GL851429.1,Chr3_supercontig_000001907,3,1556,616858289,2028575163
GL851430.1,Chr3_supercontig_000001908,3,1810,616860099,2028576973
GL851431.1,Chr3_supercontig_000001909,3,5446,616865545,2028582419
GL851432.1,Chr3_supercontig_000001910,3,3674,616869219,2028586093
GL851433.1,Chr3_supercontig_000001911,3,5296,616874515,2028591389
GL851434.1,Chr3_supercontig_000001912,3,2603,616877118,2028593992
GL851435.1,Chr3_supercontig_000001913,3,2389,616879507,2028596381
GL851436.1,Chr3_supercontig_000001914,3,17876,616897383,2028614257
GL851437.1,Chr3_supercontig_000001915,3,2302,616899685,2028616559
GL851438.1,Chr3_supercontig_000001916,3,2772,616902457,2028619331
GL851439.1,Chr3_supercontig_000001917,3,3096,616905553,2028622427
GL851440.1,Chr3_supercontig_000001918,3,1514,616907067,2028623941
GL851441.1,Chr3_supercontig_000001919,3,1942,616909009,2028625883
GL851442.1,Chr3_supercontig_000001920,3,1501,616910510,2028627384
GL851443.1,Chr3_supercontig_000001921,3,2428,616912938,2028629812
GL851444.1,Chr3_supercontig_000001922,3,5171,616918109,2028634983
GL851445.1,Chr3_supercontig_000001923,3,2904,616921013,2028637887
GL851446.1,Chr3_supercontig_000001924,3,19043,616940056,2028656930
GL851447.1,Chr3_supercontig_000001925,3,3053,616943109,2028659983
GL851448.1,Chr3_supercontig_000001926,3,6330,616949439,2028666313
GL851449.1,Chr3_supercontig_000001927,3,4987,616954426,2028671300
GL851450.1,Chr3_supercontig_000001928,3,4746,616959172,2028676046
GL851451.1,Chr3_supercontig_000001929,3,2713,616961885,2028678759
GL851452.1,Chr3_supercontig_000001930,3,1842,616963727,2028680601
GL851453.1,Chr3_supercontig_000001931,3,2338,616966065,2028682939
GL851454.1,Chr3_supercontig_000001932,3,1643,616967708,2028684582
GL851455.1,Chr3_supercontig_000001933,3,3062,616970770,2028687644
GL851456.1,Chr3_supercontig_000001934,3,2121,616972891,2028689765
GL851457.1,Chr3_supercontig_000001935,3,1694,616974585,2028691459
GL851458.1,Chr3_supercontig_000001936,3,1798,616976383,2028693257
GL851459.1,Chr3_supercontig_000001937,3,2406,616978789,2028695663
GL851460.1,Chr3_supercontig_000001938,3,1710,616980499,2028697373
GL851461.1,Chr3_supercontig_000001939,3,1559,616982058,2028698932
GL851462.1,Chr3_supercontig_000001940,3,1926,616983984,2028700858
GL851463.1,Chr3_supercontig_000001941,3,3107,616987091,2028703965
GL851464.1,Chr3_supercontig_000001942,3,2369,616989460,2028706334
GL851465.1,Chr3_supercontig_000001943,3,1968,616991428,2028708302
GL851466.1,Chr3_supercontig_000001944,3,4554,616995982,2028712856
GL851467.1,Chr3_supercontig_000001945,3,2925,616998907,2028715781
GL851468.1,Chr3_supercontig_000001946,3,2136,617001043,2028717917
GL851469.1,Chr3_supercontig_000001947,3,2597,617003640,2028720514
GL851470.1,Chr3_supercontig_000001948,3,3923,617007563,2028724437
GL851471.1,Chr3_supercontig_000001949,3,1575,617009138,2028726012
GL851472.1,Chr3_supercontig_000001950,3,1842,617010980,2028727854
GL851473.1,Chr3_supercontig_000001951,3,2975,617013955,2028730829
GL851474.1,Chr3_supercontig_000001952,3,2168,617016123,2028732997
GL851475.1,Chr3_supercontig_000001953,3,6270,617022393,2028739267
GL851476.1,Chr3_supercontig_000001954,3,2949,617025342,2028742216
GL851477.1,Chr3_supercontig_000001955,3,1600,617026942,2028743816
GL851478.1,Chr3_supercontig_000001956,3,3020,617029962,2028746836
GL851479.1,Chr3_supercontig_000001957,3,2085,617032047,2028748921
GL851480.1,Chr3_supercontig_000001958,3,3168,617035215,2028752089
GL851481.1,Chr3_supercontig_000001959,3,2014,617037229,2028754103
GL851482.1,Chr3_supercontig_000001960,3,1656,617038885,2028755759
GL851483.1,Chr3_supercontig_000001961,3,1803,617040688,2028757562
GL851484.1,Chr3_supercontig_000001962,3,3127,617043815,2028760689
GL851485.1,Chr3_supercontig_000001963,3,3553,617047368,2028764242
GL851486.1,Chr3_supercontig_000001964,3,2802,617050170,2028767044
GL851487.1,Chr3_supercontig_000001965,3,2521,617052691,2028769565
GL851488.1,Chr3_supercontig_000001966,3,1688,617054379,2028771253
GL851489.1,Chr3_supercontig_000001967,3,1894,617056273,2028773147
GL851490.1,Chr3_supercontig_000001968,3,2958,617059231,2028776105
GL851491.1,Chr3_supercontig_000001969,3,1933,617061164,2028778038
GL851492.1,Chr3_supercontig_000001970,3,2139,617063303,2028780177
GL851493.1,Chr3_supercontig_000001971,3,4923,617068226,2028785100
GL851494.1,Chr3_supercontig_000001972,3,2839,617071065,2028787939
GL851495.1,Chr3_supercontig_000001973,3,1927,617072992,2028789866
GL851496.1,Chr3_supercontig_000001974,3,1614,617074606,2028791480
GL851497.1,Chr3_supercontig_000001975,3,2578,617077184,2028794058
GL851498.1,Chr3_supercontig_000001976,3,2375,617079559,2028796433
GL851499.1,Chr3_supercontig_000001977,3,2205,617081764,2028798638
GL851500.1,Chr3_supercontig_000001978,3,2471,617084235,2028801109
GL851501.1,Chr3_supercontig_000001979,3,3263,617087498,2028804372
GL851502.1,Chr3_supercontig_000001980,3,1964,617089462,2028806336
GL851503.1,Chr3_supercontig_000001981,3,2042,617091504,2028808378
GL851504.1,Chr3_supercontig_000001982,3,2454,617093958,2028810832
GL851505.1,Chr3_supercontig_000001983,3,5026,617098984,2028815858
GL851506.1,Chr3_supercontig_000001984,3,4426,617103410,2028820284
GL851507.1,Chr3_supercontig_000001985,3,1621,617105031,2028821905
GL851508.1,Chr3_supercontig_000001986,3,7232,617112263,2028829137
GL851509.1,Chr3_supercontig_000001987,3,2211,617114474,2028831348
GL851510.1,Chr3_supercontig_000001988,3,1689,617116163,2028833037
GL851511.1,Chr3_supercontig_000001989,3,1922,617118085,2028834959
GL851512.1,Chr3_supercontig_000001990,3,2535,617120620,2028837494
GL851513.1,Chr3_supercontig_000001991,3,3051,617123671,2028840545
GL851514.1,Chr3_supercontig_000001992,3,1506,617125177,2028842051
GL851515.1,Chr3_supercontig_000001993,3,3411,617128588,2028845462
GL851516.1,Chr3_supercontig_000001994,3,2249,617130837,2028847711
GL851517.1,Chr3_supercontig_000001995,3,2181,617133018,2028849892
GL851518.1,Chr3_supercontig_000001996,3,3217,617136235,2028853109
GL851519.1,Chr3_supercontig_000001997,3,4319,617140554,2028857428
GL851520.1,Chr3_supercontig_000001998,3,1682,617142236,2028859110
GL851521.1,Chr3_supercontig_000001999,3,14019,617156255,2028873129
GL851522.1,Chr3_supercontig_000002000,3,2635,617158890,2028875764
GL851523.1,Chr3_supercontig_000002001,3,2773,617161663,2028878537
GL851524.1,Chr3_supercontig_000002002,3,1923,617163586,2028880460
GL851525.1,Chr3_supercontig_000002003,3,1940,617165526,2028882400
GL851526.1,Chr3_supercontig_000002004,3,2449,617167975,2028884849
GL851527.1,Chr3_supercontig_000002005,3,2448,617170423,2028887297
GL851528.1,Chr3_supercontig_000002006,3,2018,617172441,2028889315
GL851529.1,Chr3_supercontig_000002007,3,10770,617183211,2028900085
GL851530.1,Chr3_supercontig_000002008,3,1785,617184996,2028901870
GL851531.1,Chr3_supercontig_000002009,3,8763,617193759,2028910633
GL851532.1,Chr3_supercontig_000002010,3,3601,617197360,2028914234
GL851533.1,Chr3_supercontig_000002011,3,2426,617199786,2028916660
GL851534.1,Chr3_supercontig_000002012,3,3810,617203596,2028920470
GL851535.1,Chr3_supercontig_000002013,3,3573,617207169,2028924043
GL851536.1,Chr3_supercontig_000002014,3,1569,617208738,2028925612
GL851537.1,Chr3_supercontig_000002015,3,4316,617213054,2028929928
GL851538.1,Chr3_supercontig_000002016,3,1804,617214858,2028931732
GL851539.1,Chr3_supercontig_000002017,3,5080,617219938,2028936812
GL851540.1,Chr3_supercontig_000002018,3,1707,617221645,2028938519
GL851541.1,Chr3_supercontig_000002019,3,1535,617223180,2028940054
GL851542.1,Chr3_supercontig_000002020,3,2995,617226175,2028943049
GL851543.1,Chr3_supercontig_000002021,3,1945,617228120,2028944994
GL851544.1,Chr3_supercontig_000002022,3,3108,617231228,2028948102
GL851545.1,Chr3_supercontig_000002023,3,13032,617244260,2028961134
GL851546.1,Chr3_supercontig_000002024,3,3117,617247377,2028964251
GL851547.1,Chr3_supercontig_000002025,3,1841,617249218,2028966092
GL851548.1,Chr3_supercontig_000002026,3,3126,617252344,2028969218
GL851549.1,Chr3_supercontig_000002027,3,1570,617253914,2028970788
GL851550.1,Chr3_supercontig_000002028,3,1788,617255702,2028972576
GL851551.1,Chr3_supercontig_000002029,3,10774,617266476,2028983350
GL851552.1,Chr3_supercontig_000002030,3,19646,617286122,2029002996
GL851553.1,Chr3_supercontig_000002031,3,1783,617287905,2029004779
GL851554.1,Chr3_supercontig_000002032,3,2336,617290241,2029007115
GL851555.1,Chr3_supercontig_000002033,3,2509,617292750,2029009624
GL851556.1,Chr3_supercontig_000002034,3,4207,617296957,2029013831
GL851557.1,Chr3_supercontig_000002035,3,1961,617298918,2029015792
GL851558.1,Chr3_supercontig_000002036,3,1587,617300505,2029017379
GL851559.1,Chr3_supercontig_000002037,3,2264,617302769,2029019643
GL851560.1,Chr3_supercontig_000002038,3,2521,617305290,2029022164
GL851561.1,Chr3_supercontig_000002039,3,2418,617307708,2029024582
GL851562.1,Chr3_supercontig_000002040,3,5288,617312996,2029029870
GL851563.1,Chr3_supercontig_000002041,3,2442,617315438,2029032312
GL851564.1,Chr3_supercontig_000002042,3,1767,617317205,2029034079
GL851565.1,Chr3_supercontig_000002043,3,1747,617318952,2029035826
GL851566.1,Chr3_supercontig_000002044,3,11303,617330255,2029047129
GL851567.1,Chr3_supercontig_000002045,3,5442,617335697,2029052571
GL851568.1,Chr3_supercontig_000002046,3,3401,617339098,2029055972
GL851569.1,Chr3_supercontig_000002047,3,1592,617340690,2029057564
GL851570.1,Chr3_supercontig_000002048,3,2573,617343263,2029060137
GL851571.1,Chr3_supercontig_000002049,3,3058,617346321,2029063195
GL851572.1,Chr3_supercontig_000002050,3,1789,617348110,2029064984
GL851573.1,Chr3_supercontig_000002051,3,6728,617354838,2029071712
GL851574.1,Chr3_supercontig_000002052,3,1770,617356608,2029073482
GL851575.1,Chr3_supercontig_000002053,3,5724,617362332,2029079206
GL851576.1,Chr3_supercontig_000002054,3,1915,617364247,2029081121
GL851577.1,Chr3_supercontig_000002055,3,4980,617369227,2029086101
GL851578.1,Chr3_supercontig_000002056,3,1968,617371195,2029088069
GL851579.1,Chr3_supercontig_000002057,3,4014,617375209,2029092083
GL851580.1,Chr3_supercontig_000002058,3,4272,617379481,2029096355
GL851581.1,Chr3_supercontig_000002059,3,6982,617386463,2029103337
GL851582.1,Chr3_supercontig_000002060,3,2589,617389052,2029105926
GL851583.1,Chr3_supercontig_000002061,3,4281,617393333,2029110207
GL851584.1,Chr3_supercontig_000002062,3,5350,617398683,2029115557
GL851585.1,Chr3_supercontig_000002063,3,2455,617401138,2029118012
GL851586.1,Chr3_supercontig_000002064,3,2849,617403987,2029120861
GL851587.1,Chr3_supercontig_000002065,3,1579,617405566,2029122440
GL851588.1,Chr3_supercontig_000002066,3,2107,617407673,2029124547
GL851589.1,Chr3_supercontig_000002067,3,3055,617410728,2029127602
GL851590.1,Chr3_supercontig_000002068,3,16835,617427563,2029144437
GL851591.1,Chr3_supercontig_000002069,3,2148,617429711,2029146585
GL851592.1,Chr3_supercontig_000002070,3,3084,617432795,2029149669
GL851593.1,Chr3_supercontig_000002071,3,3163,617435958,2029152832
GL851594.1,Chr3_supercontig_000002072,3,20030,617455988,2029172862
GL851595.1,Chr3_supercontig_000002073,3,1793,617457781,2029174655
GL851596.1,Chr3_supercontig_000002074,3,3573,617461354,2029178228
GL851597.1,Chr3_supercontig_000002075,3,6351,617467705,2029184579
GL851598.1,Chr3_supercontig_000002076,3,9609,617477314,2029194188
GL851599.1,Chr3_supercontig_000002077,3,2105,617479419,2029196293
GL851600.1,Chr3_supercontig_000002078,3,4133,617483552,2029200426
GL851601.1,Chr3_supercontig_000002079,3,1918,617485470,2029202344
GL851602.1,Chr3_supercontig_000002080,3,2192,617487662,2029204536
GL851603.1,Chr3_supercontig_000002081,3,1656,617489318,2029206192
GL851604.1,Chr3_supercontig_000002082,3,1513,617490831,2029207705
GL851605.1,Chr3_supercontig_000002083,3,1575,617492406,2029209280
GL851606.1,Chr3_supercontig_000002084,3,3266,617495672,2029212546
GL851607.1,Chr3_supercontig_000002085,3,1664,617497336,2029214210
GL851608.1,Chr3_supercontig_000002086,3,1711,617499047,2029215921
GL851609.1,Chr3_supercontig_000002087,3,2636,617501683,2029218557
GL851610.1,Chr3_supercontig_000002088,3,2373,617504056,2029220930
GL851611.1,Chr3_supercontig_000002089,3,4522,617508578,2029225452
GL851612.1,Chr3_supercontig_000002090,3,3388,617511966,2029228840
GL851613.1,Chr3_supercontig_000002091,3,2362,617514328,2029231202
GL851614.1,Chr3_supercontig_000002092,3,4121,617518449,2029235323
GL851615.1,Chr3_supercontig_000002093,3,23630,617542079,2029258953
GL851616.1,Chr3_supercontig_000002094,3,4912,617546991,2029263865
GL851617.1,Chr3_supercontig_000002095,3,1532,617548523,2029265397
GL851618.1,Chr3_supercontig_000002096,3,1639,617550162,2029267036
GL851619.1,Chr3_supercontig_000002097,3,2267,617552429,2029269303
GL851620.1,Chr3_supercontig_000002098,3,1568,617553997,2029270871
GL851621.1,Chr3_supercontig_000002099,3,4232,617558229,2029275103
GL851622.1,Chr3_supercontig_000002100,3,1608,617559837,2029276711
GL851623.1,Chr3_supercontig_000002101,3,1855,617561692,2029278566
GL851624.1,Chr3_supercontig_000002102,3,4761,617566453,2029283327
GL851625.1,Chr3_supercontig_000002103,3,1601,617568054,2029284928
GL851626.1,Chr3_supercontig_000002104,3,2366,617570420,2029287294
GL851627.1,Chr3_supercontig_000002105,3,2076,617572496,2029289370
GL851628.1,Chr3_supercontig_000002106,3,1929,617574425,2029291299
GL851629.1,Chr3_supercontig_000002107,3,2175,617576600,2029293474
GL851630.1,Chr3_supercontig_000002108,3,2470,617579070,2029295944
GL851631.1,Chr3_supercontig_000002109,3,2811,617581881,2029298755
GL851632.1,Chr3_supercontig_000002110,3,1588,617583469,2029300343
GL851633.1,Chr3_supercontig_000002111,3,1833,617585302,2029302176
GL851634.1,Chr3_supercontig_000002112,3,3237,617588539,2029305413
GL851635.1,Chr3_supercontig_000002113,3,2871,617591410,2029308284
GL851636.1,Chr3_supercontig_000002114,3,2448,617593858,2029310732
GL851637.1,Chr3_supercontig_000002115,3,2099,617595957,2029312831
GL851638.1,Chr3_supercontig_000002116,3,1586,617597543,2029314417
GL851639.1,Chr3_supercontig_000002117,3,1621,617599164,2029316038
GL851640.1,Chr3_supercontig_000002118,3,2597,617601761,2029318635
GL851641.1,Chr3_supercontig_000002119,3,3512,617605273,2029322147
GL851642.1,Chr3_supercontig_000002120,3,2175,617607448,2029324322
GL851643.1,Chr3_supercontig_000002121,3,1801,617609249,2029326123
GL851644.1,Chr3_supercontig_000002122,3,1841,617611090,2029327964
GL851645.1,Chr3_supercontig_000002123,3,1552,617612642,2029329516
GL851646.1,Chr3_supercontig_000002124,3,2267,617614909,2029331783
GL851647.1,Chr3_supercontig_000002125,3,1732,617616641,2029333515
GL851648.1,Chr3_supercontig_000002126,3,11166,617627807,2029344681
GL851649.1,Chr3_supercontig_000002127,3,2158,617629965,2029346839
GL851650.1,Chr3_supercontig_000002128,3,1662,617631627,2029348501
GL851651.1,Chr3_supercontig_000002129,3,3394,617635021,2029351895
GL851652.1,Chr3_supercontig_000002130,3,3045,617638066,2029354940
GL851653.1,Chr3_supercontig_000002131,3,5834,617643900,2029360774
GL851654.1,Chr3_supercontig_000002132,3,1692,617645592,2029362466
GL851655.1,Chr3_supercontig_000002133,3,1623,617647215,2029364089
GL851656.1,Chr3_supercontig_000002134,3,3052,617650267,2029367141
GL851657.1,Chr3_supercontig_000002135,3,5109,617655376,2029372250
GL851658.1,Chr3_supercontig_000002136,3,1859,617657235,2029374109
GL851659.1,Chr3_supercontig_000002137,3,2226,617659461,2029376335
GL851660.1,Chr3_supercontig_000002138,3,2235,617661696,2029378570
GL851661.1,Chr3_supercontig_000002139,3,2701,617664397,2029381271
GL851662.1,Chr3_supercontig_000002140,3,1631,617666028,2029382902
GL851663.1,Chr3_supercontig_000002141,3,2499,617668527,2029385401
GL851664.1,Chr3_supercontig_000002142,3,1552,617670079,2029386953
GL851665.1,Chr3_supercontig_000002143,3,1941,617672020,2029388894
GL851666.1,Chr3_supercontig_000002144,3,2301,617674321,2029391195
GL851667.1,Chr3_supercontig_000002145,3,2234,617676555,2029393429
GL851668.1,Chr3_supercontig_000002146,3,2865,617679420,2029396294
GL851669.1,Chr3_supercontig_000002147,3,3725,617683145,2029400019
GL851670.1,Chr3_supercontig_000002148,3,1520,617684665,2029401539
GL851671.1,Chr3_supercontig_000002149,3,1575,617686240,2029403114
GL851672.1,Chr3_supercontig_000002150,3,1763,617688003,2029404877
GL851673.1,Chr3_supercontig_000002151,3,2723,617690726,2029407600
GL851674.1,Chr3_supercontig_000002152,3,2763,617693489,2029410363
GL851675.1,Chr3_supercontig_000002153,3,2418,617695907,2029412781
GL851676.1,Chr3_supercontig_000002154,3,15387,617711294,2029428168
GL851677.1,Chr3_supercontig_000002155,3,3052,617714346,2029431220
GL851678.1,Chr3_supercontig_000002156,3,2018,617716364,2029433238
GL851679.1,Chr3_supercontig_000002157,3,1947,617718311,2029435185
GL851680.1,Chr3_supercontig_000002158,3,1933,617720244,2029437118
GL851681.1,Chr3_supercontig_000002159,3,2487,617722731,2029439605
GL851682.1,Chr3_supercontig_000002160,3,4374,617727105,2029443979
GL851683.1,Chr3_supercontig_000002161,3,5971,617733076,2029449950
GL851684.1,Chr3_supercontig_000002162,3,1715,617734791,2029451665
GL851685.1,Chr3_supercontig_000002163,3,1559,617736350,2029453224
GL851686.1,Chr3_supercontig_000002164,3,2848,617739198,2029456072
GL851687.1,Chr3_supercontig_000002165,3,5983,617745181,2029462055
GL851688.1,Chr3_supercontig_000002166,3,4057,617749238,2029466112
GL851689.1,Chr3_supercontig_000002167,3,2159,617751397,2029468271
GL851690.1,Chr3_supercontig_000002168,3,2584,617753981,2029470855
GL851691.1,Chr3_supercontig_000002169,3,5151,617759132,2029476006
GL851692.1,Chr3_supercontig_000002170,3,4400,617763532,2029480406
GL851693.1,Chr3_supercontig_000002171,3,1575,617765107,2029481981
GL851694.1,Chr3_supercontig_000002172,3,15885,617780992,2029497866
GL851695.1,Chr3_supercontig_000002173,3,8980,617789972,2029506846
GL851696.1,Chr3_supercontig_000002174,3,1508,617791480,2029508354
GL851697.1,Chr3_supercontig_000002175,3,2224,617793704,2029510578
GL851698.1,Chr3_supercontig_000002176,3,2259,617795963,2029512837
GL851699.1,Chr3_supercontig_000002177,3,3476,617799439,2029516313
GL851700.1,Chr3_supercontig_000002178,3,2335,617801774,2029518648
GL851701.1,Chr3_supercontig_000002179,3,2021,617803795,2029520669
GL851702.1,Chr3_supercontig_000002180,3,1996,617805791,2029522665
GL851703.1,Chr3_supercontig_000002181,3,2869,617808660,2029525534
GL851704.1,Chr3_supercontig_000002182,3,3280,617811940,2029528814
GL851705.1,Chr3_supercontig_000002183,3,1614,617813554,2029530428
GL851706.1,Chr3_supercontig_000002184,3,12714,617826268,2029543142
GL851707.1,Chr3_supercontig_000002185,3,3127,617829395,2029546269
GL851708.1,Chr3_supercontig_000002186,3,3628,617833023,2029549897
GL851709.1,Chr3_supercontig_000002187,3,5463,617838486,2029555360
GL851710.1,Chr3_supercontig_000002188,3,4215,617842701,2029559575
GL851711.1,Chr3_supercontig_000002189,3,1541,617844242,2029561116
GL851712.1,Chr3_supercontig_000002190,3,4678,617848920,2029565794
GL851713.1,Chr3_supercontig_000002191,3,1598,617850518,2029567392
GL851714.1,Chr3_supercontig_000002192,3,1864,617852382,2029569256
GL851715.1,Chr3_supercontig_000002193,3,2481,617854863,2029571737
GL851716.1,Chr3_supercontig_000002194,3,6255,617861118,2029577992
GL851717.1,Chr3_supercontig_000002195,3,5871,617866989,2029583863
GL851718.1,Chr3_supercontig_000002196,3,10100,617877089,2029593963
GL851719.1,Chr3_supercontig_000002197,3,8015,617885104,2029601978
GL851720.1,Chr3_supercontig_000002198,3,3111,617888215,2029605089
GL851721.1,Chr3_supercontig_000002199,3,1543,617889758,2029606632
GL851722.1,Chr3_supercontig_000002200,3,2599,617892357,2029609231
GL851723.1,Chr3_supercontig_000002201,3,4717,617897074,2029613948
GL851724.1,Chr3_supercontig_000002202,3,7192,617904266,2029621140
GL851725.1,Chr3_supercontig_000002203,3,5445,617909711,2029626585
GL851726.1,Chr3_supercontig_000002204,3,2059,617911770,2029628644
GL851727.1,Chr3_supercontig_000002205,3,2000,617913770,2029630644
GL851728.1,Chr3_supercontig_000002206,3,10319,617924089,2029640963
GL851729.1,Chr3_supercontig_000002207,3,13787,617937876,2029654750
GL851730.1,Chr3_supercontig_000002208,3,1600,617939476,2029656350
GL851731.1,Chr3_supercontig_000002209,3,19963,617959439,2029676313
GL851732.1,Chr3_supercontig_000002210,3,1566,617961005,2029677879
GL851733.1,Chr3_supercontig_000002211,3,2140,617963145,2029680019
GL851734.1,Chr3_supercontig_000002212,3,1622,617964767,2029681641
GL851735.1,Chr3_supercontig_000002213,3,1545,617966312,2029683186
GL851736.1,Chr3_supercontig_000002214,3,2127,617968439,2029685313
GL851737.1,Chr3_supercontig_000002215,3,3730,617972169,2029689043
GL851738.1,Chr3_supercontig_000002216,3,2489,617974658,2029691532
GL851739.1,Chr3_supercontig_000002217,3,3051,617977709,2029694583
GL851740.1,Chr3_supercontig_000002218,3,4494,617982203,2029699077
GL851741.1,Chr3_supercontig_000002219,3,1848,617984051,2029700925
GL851742.1,Chr3_supercontig_000002220,3,3504,617987555,2029704429
GL851743.1,Chr3_supercontig_000002221,3,2629,617990184,2029707058
GL851744.1,Chr3_supercontig_000002222,3,1942,617992126,2029709000
GL851745.1,Chr3_supercontig_000002223,3,2218,617994344,2029711218
GL851746.1,Chr3_supercontig_000002224,3,2636,617996980,2029713854
GL851747.1,Chr3_supercontig_000002225,3,1863,617998843,2029715717
GL851748.1,Chr3_supercontig_000002226,3,2186,618001029,2029717903
GL851749.1,Chr3_supercontig_000002227,3,1841,618002870,2029719744
GL851750.1,Chr3_supercontig_000002228,3,3252,618006122,2029722996
GL851751.1,Chr3_supercontig_000002229,3,2559,618008681,2029725555
GL851752.1,Chr3_supercontig_000002230,3,2309,618010990,2029727864
GL851753.1,Chr3_supercontig_000002231,3,1650,618012640,2029729514
GL851754.1,Chr3_supercontig_000002232,3,1660,618014300,2029731174
GL851755.1,Chr3_supercontig_000002233,3,5738,618020038,2029736912
GL851756.1,Chr3_supercontig_000002234,3,1866,618021904,2029738778
GL851757.1,Chr3_supercontig_000002235,3,2601,618024505,2029741379
GL851758.1,Chr3_supercontig_000002236,3,3794,618028299,2029745173
GL851759.1,Chr3_supercontig_000002237,3,2117,618030416,2029747290
GL851760.1,Chr3_supercontig_000002238,3,1871,618032287,2029749161
GL851761.1,Chr3_supercontig_000002239,3,2595,618034882,2029751756
GL851762.1,Chr3_supercontig_000002240,3,1506,618036388,2029753262
GL851763.1,Chr3_supercontig_000002241,3,2042,618038430,2029755304
GL851764.1,Chr3_supercontig_000002242,3,2078,618040508,2029757382
GL851765.1,Chr3_supercontig_000002243,3,6477,618046985,2029763859
GL851766.1,Chr3_supercontig_000002244,3,3118,618050103,2029766977
GL851767.1,Chr3_supercontig_000002245,3,1592,618051695,2029768569
GL851768.1,Chr3_supercontig_000002246,3,3471,618055166,2029772040
GL851769.1,Chr3_supercontig_000002247,3,1718,618056884,2029773758
GL851770.1,Chr3_supercontig_000002248,3,3167,618060051,2029776925
GL851771.1,Chr3_supercontig_000002249,3,2311,618062362,2029779236
GL851772.1,Chr3_supercontig_000002250,3,3382,618065744,2029782618
GL851773.1,Chr3_supercontig_000002251,3,6742,618072486,2029789360
GL851774.1,Chr3_supercontig_000002252,3,1606,618074092,2029790966
GL851775.1,Chr3_supercontig_000002253,3,3070,618077162,2029794036
GL851776.1,Chr3_supercontig_000002254,3,5401,618082563,2029799437
GL851777.1,Chr3_supercontig_000002255,3,2435,618084998,2029801872
GL851778.1,Chr3_supercontig_000002256,3,3750,618088748,2029805622
GL851779.1,Chr3_supercontig_000002257,3,2238,618090986,2029807860
GL851780.1,Chr3_supercontig_000002258,3,3786,618094772,2029811646
GL851781.1,Chr3_supercontig_000002259,3,2036,618096808,2029813682
GL851782.1,Chr3_supercontig_000002260,3,2050,618098858,2029815732
GL851783.1,Chr3_supercontig_000002261,3,1910,618100768,2029817642
GL851784.1,Chr3_supercontig_000002262,3,1991,618102759,2029819633
GL851785.1,Chr3_supercontig_000002263,3,1575,618104334,2029821208
GL851786.1,Chr3_supercontig_000002264,3,4763,618109097,2029825971
GL851787.1,Chr3_supercontig_000002265,3,1788,618110885,2029827759
GL851788.1,Chr3_supercontig_000002266,3,5006,618115891,2029832765
GL851789.1,Chr3_supercontig_000002267,3,1930,618117821,2029834695
GL851790.1,Chr3_supercontig_000002268,3,3020,618120841,2029837715
GL851791.1,Chr3_supercontig_000002269,3,3245,618124086,2029840960
GL851792.1,Chr3_supercontig_000002270,3,5949,618130035,2029846909
GL851793.1,Chr3_supercontig_000002271,3,1531,618131566,2029848440
GL851794.1,Chr3_supercontig_000002272,3,2016,618133582,2029850456
GL851795.1,Chr3_supercontig_000002273,3,2825,618136407,2029853281
GL851796.1,Chr3_supercontig_000002274,3,1554,618137961,2029854835
GL851797.1,Chr3_supercontig_000002275,3,1776,618139737,2029856611
GL851798.1,Chr3_supercontig_000002276,3,1596,618141333,2029858207
GL851799.1,Chr3_supercontig_000002277,3,1594,618142927,2029859801
GL851800.1,Chr3_supercontig_000002278,3,1894,618144821,2029861695
GL851801.1,Chr3_supercontig_000002279,3,4138,618148959,2029865833
GL851802.1,Chr3_supercontig_000002280,3,2592,618151551,2029868425
GL851803.1,Chr3_supercontig_000002281,3,3535,618155086,2029871960
GL851804.1,Chr3_supercontig_000002282,3,2605,618157691,2029874565
GL851805.1,Chr3_supercontig_000002283,3,1587,618159278,2029876152
GL851806.1,Chr3_supercontig_000002284,3,2570,618161848,2029878722
GL851807.1,Chr3_supercontig_000002285,3,1608,618163456,2029880330
GL851808.1,Chr3_supercontig_000002286,3,4214,618167670,2029884544
GL851809.1,Chr3_supercontig_000002287,3,2476,618170146,2029887020
GL851810.1,Chr3_supercontig_000002288,3,2048,618172194,2029889068
GL851811.1,Chr3_supercontig_000002289,3,3081,618175275,2029892149
GL851812.1,Chr3_supercontig_000002290,3,1623,618176898,2029893772
GL851813.1,Chr3_supercontig_000002291,3,2983,618179881,2029896755
GL851814.1,Chr3_supercontig_000002292,3,1513,618181394,2029898268
GL851815.1,Chr3_supercontig_000002293,3,4658,618186052,2029902926
GL851816.1,Chr3_supercontig_000002294,3,3352,618189404,2029906278
GL851817.1,Chr3_supercontig_000002295,3,1833,618191237,2029908111
GL851818.1,Chr3_supercontig_000002296,3,2030,618193267,2029910141
GL851819.1,Chr3_supercontig_000002297,3,2957,618196224,2029913098
GL851820.1,Chr3_supercontig_000002298,3,3931,618200155,2029917029
GL851821.1,Chr3_supercontig_000002299,3,1815,618201970,2029918844
GL851822.1,Chr3_supercontig_000002300,3,1737,618203707,2029920581
GL851823.1,Chr3_supercontig_000002301,3,1561,618205268,2029922142
GL851824.1,Chr3_supercontig_000002302,3,1788,618207056,2029923930
GL851825.1,Chr3_supercontig_000002303,3,2412,618209468,2029926342
GL851826.1,Chr3_supercontig_000002304,3,3088,618212556,2029929430
GL851827.1,Chr3_supercontig_000002305,3,4784,618217340,2029934214
GL851828.1,Chr3_supercontig_000002306,3,3633,618220973,2029937847
GL851829.1,Chr3_supercontig_000002307,3,1601,618222574,2029939448
GL851830.1,Chr3_supercontig_000002308,3,1516,618224090,2029940964
GL851831.1,Chr3_supercontig_000002309,3,1952,618226042,2029942916
GL851832.1,Chr3_supercontig_000002310,3,3499,618229541,2029946415
GL851833.1,Chr3_supercontig_000002311,3,1949,618231490,2029948364
GL851834.1,Chr3_supercontig_000002312,3,2291,618233781,2029950655
GL851835.1,Chr3_supercontig_000002313,3,3736,618237517,2029954391
GL851836.1,Chr3_supercontig_000002314,3,2748,618240265,2029957139
GL851837.1,Chr3_supercontig_000002315,3,4106,618244371,2029961245
GL851838.1,Chr3_supercontig_000002316,3,1970,618246341,2029963215
GL851839.1,Chr3_supercontig_000002317,3,4784,618251125,2029967999
GL851840.1,Chr3_supercontig_000002318,3,4151,618255276,2029972150
GL851841.1,Chr3_supercontig_000002319,3,2419,618257695,2029974569
GL851842.1,Chr3_supercontig_000002320,3,1548,618259243,2029976117
GL851843.1,Chr3_supercontig_000002321,3,2295,618261538,2029978412
GL851844.1,Chr3_supercontig_000002322,3,3657,618265195,2029982069
GL851845.1,Chr3_supercontig_000002323,3,2906,618268101,2029984975
GL851846.1,Chr3_supercontig_000002324,3,1805,618269906,2029986780
GL851847.1,Chr3_supercontig_000002325,3,4065,618273971,2029990845
GL851848.1,Chr3_supercontig_000002326,3,4212,618278183,2029995057
GL851849.1,Chr3_supercontig_000002327,3,5430,618283613,2030000487
GL851850.1,Chr3_supercontig_000002328,3,3065,618286678,2030003552
GL851851.1,Chr3_supercontig_000002329,3,1770,618288448,2030005322
GL851852.1,Chr3_supercontig_000002330,3,2014,618290462,2030007336
GL851853.1,Chr3_supercontig_000002331,3,5055,618295517,2030012391
GL851854.1,Chr3_supercontig_000002332,3,1924,618297441,2030014315
GL851855.1,Chr3_supercontig_000002333,3,2144,618299585,2030016459
GL851856.1,Chr3_supercontig_000002334,3,2140,618301725,2030018599
GL851857.1,Chr3_supercontig_000002335,3,1585,618303310,2030020184
GL851858.1,Chr3_supercontig_000002336,3,1675,618304985,2030021859
GL851859.1,Chr3_supercontig_000002337,3,2598,618307583,2030024457
GL851860.1,Chr3_supercontig_000002338,3,2389,618309972,2030026846
GL851861.1,Chr3_supercontig_000002339,3,4291,618314263,2030031137
GL851862.1,Chr3_supercontig_000002340,3,6052,618320315,2030037189
GL851863.1,Chr3_supercontig_000002341,3,1639,618321954,2030038828
GL851864.1,Chr3_supercontig_000002342,3,2206,618324160,2030041034
GL851865.1,Chr3_supercontig_000002343,3,4419,618328579,2030045453
GL851866.1,Chr3_supercontig_000002344,3,3170,618331749,2030048623
GL851867.1,Chr3_supercontig_000002345,3,1555,618333304,2030050178
GL851868.1,Chr3_supercontig_000002346,3,1614,618334918,2030051792
GL851869.1,Chr3_supercontig_000002347,3,1617,618336535,2030053409
GL851870.1,Chr3_supercontig_000002348,3,1879,618338414,2030055288
GL851871.1,Chr3_supercontig_000002349,3,1627,618340041,2030056915
GL851872.1,Chr3_supercontig_000002350,3,1754,618341795,2030058669
GL851873.1,Chr3_supercontig_000002351,3,3117,618344912,2030061786
GL851874.1,Chr3_supercontig_000002352,3,1694,618346606,2030063480
GL851875.1,Chr3_supercontig_000002353,3,2057,618348663,2030065537
GL851876.1,Chr3_supercontig_000002354,3,1563,618350226,2030067100
GL851877.1,Chr3_supercontig_000002355,3,1897,618352123,2030068997
GL851878.1,Chr3_supercontig_000002356,3,2887,618355010,2030071884
GL851879.1,Chr3_supercontig_000002357,3,2261,618357271,2030074145
GL851880.1,Chr3_supercontig_000002358,3,9320,618366591,2030083465
GL851881.1,Chr3_supercontig_000002359,3,11505,618378096,2030094970
GL851882.1,Chr3_supercontig_000002360,3,1839,618379935,2030096809
GL851883.1,Chr3_supercontig_000002361,3,1580,618381515,2030098389
GL851884.1,Chr3_supercontig_000002362,3,1948,618383463,2030100337
GL851885.1,Chr3_supercontig_000002363,3,2122,618385585,2030102459
GL851886.1,Chr3_supercontig_000002364,3,1826,618387411,2030104285
GL851887.1,Chr3_supercontig_000002365,3,2630,618390041,2030106915
GL851888.1,Chr3_supercontig_000002366,3,4918,618394959,2030111833
GL851889.1,Chr3_supercontig_000002367,3,1925,618396884,2030113758
GL851890.1,Chr3_supercontig_000002368,3,1782,618398666,2030115540
GL851891.1,Chr3_supercontig_000002369,3,1828,618400494,2030117368
GL851892.1,Chr3_supercontig_000002370,3,2992,618403486,2030120360
GL851893.1,Chr3_supercontig_000002371,3,1583,618405069,2030121943
GL851894.1,Chr3_supercontig_000002372,3,3176,618408245,2030125119
GL851895.1,Chr3_supercontig_000002373,3,10141,618418386,2030135260
GL851896.1,Chr3_supercontig_000002374,3,47371,618465757,2030182631
GL851897.1,Chr3_supercontig_000002375,3,2270,618468027,2030184901
GL851898.1,Chr3_supercontig_000002376,3,14595,618482622,2030199496
GL851899.1,Chr3_supercontig_000002377,3,8614,618491236,2030208110
GL851900.1,Chr3_supercontig_000002378,3,10380,618501616,2030218490
GL851901.1,Chr3_supercontig_000002379,3,8617,618510233,2030227107
GL851902.1,Chr3_supercontig_000002380,3,9875,618520108,2030236982
GL851903.1,Chr3_supercontig_000002381,3,2344,618522452,2030239326
GL851904.1,Chr3_supercontig_000002382,3,2850,618525302,2030242176
GL851905.1,Chr3_supercontig_000002383,3,1653,618526955,2030243829
GL851906.1,Chr3_supercontig_000002384,3,1782,618528737,2030245611
GL851907.1,Chr3_supercontig_000002385,3,1659,618530396,2030247270
GL851908.1,Chr3_supercontig_000002386,3,2564,618532960,2030249834
GL851909.1,Chr3_supercontig_000002387,3,2214,618535174,2030252048
GL851910.1,Chr3_supercontig_000002388,3,1548,618536722,2030253596
GL851911.1,Chr3_supercontig_000002389,3,2882,618539604,2030256478
GL851912.1,Chr3_supercontig_000002390,3,3673,618543277,2030260151
GL851913.1,Chr3_supercontig_000002391,3,1584,618544861,2030261735
GL851914.1,Chr3_supercontig_000002392,3,1889,618546750,2030263624
GL851915.1,Chr3_supercontig_000002393,3,2241,618548991,2030265865
GL851916.1,Chr3_supercontig_000002394,3,2646,618551637,2030268511
GL851917.1,Chr3_supercontig_000002395,3,5039,618556676,2030273550
GL851918.1,Chr3_supercontig_000002396,3,3302,618559978,2030276852
GL851919.1,Chr3_supercontig_000002397,3,3622,618563600,2030280474
GL851920.1,Chr3_supercontig_000002398,3,3184,618566784,2030283658
GL851921.1,Chr3_supercontig_000002399,3,2996,618569780,2030286654
GL851922.1,Chr3_supercontig_000002400,3,3600,618573380,2030290254
GL851923.1,Chr3_supercontig_000002401,3,9506,618582886,2030299760
GL851924.1,Chr3_supercontig_000002402,3,3267,618586153,2030303027
GL851925.1,Chr3_supercontig_000002403,3,1774,618587927,2030304801
GL851926.1,Chr3_supercontig_000002404,3,2500,618590427,2030307301
GL851927.1,Chr3_supercontig_000002405,3,3112,618593539,2030310413
GL851928.1,Chr3_supercontig_000002406,3,2044,618595583,2030312457
GL851929.1,Chr3_supercontig_000002407,3,4152,618599735,2030316609
GL851930.1,Chr3_supercontig_000002408,3,2247,618601982,2030318856
GL851931.1,Chr3_supercontig_000002409,3,6958,618608940,2030325814
GL851932.1,Chr3_supercontig_000002410,3,5540,618614480,2030331354
GL851933.1,Chr3_supercontig_000002411,3,2025,618616505,2030333379
GL851934.1,Chr3_supercontig_000002412,3,5411,618621916,2030338790
GL851935.1,Chr3_supercontig_000002413,3,5529,618627445,2030344319
GL851936.1,Chr3_supercontig_000002414,3,2058,618629503,2030346377
GL851937.1,Chr3_supercontig_000002415,3,1626,618631129,2030348003
GL851938.1,Chr3_supercontig_000002416,3,3038,618634167,2030351041
GL851939.1,Chr3_supercontig_000002417,3,2758,618636925,2030353799
GL851940.1,Chr3_supercontig_000002418,3,6292,618643217,2030360091
GL851941.1,Chr3_supercontig_000002419,3,11384,618654601,2030371475
GL851942.1,Chr3_supercontig_000002420,3,3126,618657727,2030374601
GL851943.1,Chr3_supercontig_000002421,3,1867,618659594,2030376468
GL851944.1,Chr3_supercontig_000002422,3,1751,618661345,2030378219
GL851945.1,Chr3_supercontig_000002423,3,3283,618664628,2030381502
GL851946.1,Chr3_supercontig_000002424,3,1642,618666270,2030383144
GL851947.1,Chr3_supercontig_000002425,3,2625,618668895,2030385769
GL851948.1,Chr3_supercontig_000002426,3,3011,618671906,2030388780
GL851949.1,Chr3_supercontig_000002427,3,1542,618673448,2030390322
GL851950.1,Chr3_supercontig_000002428,3,2427,618675875,2030392749
GL851951.1,Chr3_supercontig_000002429,3,2787,618678662,2030395536
GL851952.1,Chr3_supercontig_000002430,3,2135,618680797,2030397671
GL851953.1,Chr3_supercontig_000002431,3,1694,618682491,2030399365
GL851954.1,Chr3_supercontig_000002432,3,1708,618684199,2030401073
GL851955.1,Chr3_supercontig_000002433,3,1855,618686054,2030402928
GL851956.1,Chr3_supercontig_000002434,3,4707,618690761,2030407635
GL851957.1,Chr3_supercontig_000002435,3,13871,618704632,2030421506
GL851958.1,Chr3_supercontig_000002436,3,5991,618710623,2030427497
GL851959.1,Chr3_supercontig_000002437,3,7777,618718400,2030435274
GL851960.1,Chr3_supercontig_000002438,3,4295,618722695,2030439569
GL851961.1,Chr3_supercontig_000002439,3,36290,618758985,2030475859
GL851962.1,Chr3_supercontig_000002440,3,4829,618763814,2030480688
GL851963.1,Chr3_supercontig_000002441,3,2289,618766103,2030482977
GL851964.1,Chr3_supercontig_000002442,3,1626,618767729,2030484603
GL851965.1,Chr3_supercontig_000002443,3,4568,618772297,2030489171
GL851966.1,Chr3_supercontig_000002444,3,3927,618776224,2030493098
GL851967.1,Chr3_supercontig_000002445,3,3585,618779809,2030496683
GL851968.1,Chr3_supercontig_000002446,3,1772,618781581,2030498455
GL851969.1,Chr3_supercontig_000002447,3,1578,618783159,2030500033
GL851970.1,Chr3_supercontig_000002448,3,1984,618785143,2030502017
GL851971.1,Chr3_supercontig_000002449,3,2144,618787287,2030504161
GL851972.1,Chr3_supercontig_000002450,3,2680,618789967,2030506841
GL851973.1,Chr3_supercontig_000002451,3,1744,618791711,2030508585
GL851974.1,Chr3_supercontig_000002452,3,2338,618794049,2030510923
GL851975.1,Chr3_supercontig_000002453,3,3827,618797876,2030514750
GL851976.1,Chr3_supercontig_000002454,3,13590,618811466,2030528340
GL851977.1,Chr3_supercontig_000002455,3,6007,618817473,2030534347
GL851978.1,Chr3_supercontig_000002456,3,1979,618819452,2030536326
GL851979.1,Chr3_supercontig_000002457,3,1560,618821012,2030537886
GL851980.1,Chr3_supercontig_000002458,3,1830,618822842,2030539716
GL851981.1,Chr3_supercontig_000002459,3,1746,618824588,2030541462
GL851982.1,Chr3_supercontig_000002460,3,2313,618826901,2030543775
GL851983.1,Chr3_supercontig_000002461,3,1526,618828427,2030545301
GL851984.1,Chr3_supercontig_000002462,3,2150,618830577,2030547451
GL851985.1,Chr3_supercontig_000002463,3,2645,618833222,2030550096
GL851986.1,Chr3_supercontig_000002464,3,1535,618834757,2030551631
GL851987.1,Chr3_supercontig_000002465,3,2881,618837638,2030554512
GL851988.1,Chr3_supercontig_000002466,3,16682,618854320,2030571194
GL851989.1,Chr3_supercontig_000002467,3,2666,618856986,2030573860
GL851990.1,Chr3_supercontig_000002468,3,4537,618861523,2030578397
GL851991.1,Chr3_supercontig_000002469,3,3585,618865108,2030581982
GL851992.1,Chr3_supercontig_000002470,3,3246,618868354,2030585228
GL851993.1,Chr3_supercontig_000002471,3,1599,618869953,2030586827
GL851994.1,Chr3_supercontig_000002472,3,1816,618871769,2030588643
GL851995.1,Chr3_supercontig_000002473,3,2708,618874477,2030591351
GL851996.1,Chr3_supercontig_000002474,3,2247,618876724,2030593598
GL851997.1,Chr3_supercontig_000002475,3,1512,618878236,2030595110
GL851998.1,Chr3_supercontig_000002476,3,4523,618882759,2030599633
GL851999.1,Chr3_supercontig_000002477,3,1533,618884292,2030601166
GL852000.1,Chr3_supercontig_000002478,3,2205,618886497,2030603371
GL852001.1,Chr3_supercontig_000002479,3,2298,618888795,2030605669
GL852002.1,Chr3_supercontig_000002480,3,2478,618891273,2030608147
GL852003.1,Chr3_supercontig_000002481,3,2365,618893638,2030610512
GL852004.1,Chr3_supercontig_000002482,3,1675,618895313,2030612187
GL852005.1,Chr3_supercontig_000002483,3,4378,618899691,2030616565
GL852006.1,Chr3_supercontig_000002484,3,4711,618904402,2030621276
GL852007.1,Chr3_supercontig_000002485,3,1762,618906164,2030623038
GL852008.1,Chr3_supercontig_000002486,3,1872,618908036,2030624910
GL852009.1,Chr3_supercontig_000002487,3,3910,618911946,2030628820
GL852010.1,Chr3_supercontig_000002488,3,6087,618918033,2030634907
GL852011.1,Chr3_supercontig_000002489,3,2002,618920035,2030636909
GL852012.1,Chr3_supercontig_000002490,3,2510,618922545,2030639419
GL852013.1,Chr3_supercontig_000002491,3,2396,618924941,2030641815
GL852014.1,Chr3_supercontig_000002492,3,2391,618927332,2030644206
GL852015.1,Chr3_supercontig_000002493,3,2246,618929578,2030646452
GL852016.1,Chr3_supercontig_000002494,3,6250,618935828,2030652702
GL852017.1,Chr3_supercontig_000002495,3,2427,618938255,2030655129
GL852018.1,Chr3_supercontig_000002496,3,1548,618939803,2030656677
GL852019.1,Chr3_supercontig_000002497,3,2866,618942669,2030659543
GL852020.1,Chr3_supercontig_000002498,3,2029,618944698,2030661572
GL852021.1,Chr3_supercontig_000002499,3,2821,618947519,2030664393
GL852022.1,Chr3_supercontig_000002500,3,1526,618949045,2030665919
GL852023.1,Chr3_supercontig_000002501,3,1728,618950773,2030667647
GL852024.1,Chr3_supercontig_000002502,3,2521,618953294,2030670168
GL852025.1,Chr3_supercontig_000002503,3,1731,618955025,2030671899
GL852026.1,Chr3_supercontig_000002504,3,7229,618962254,2030679128
GL852027.1,Chr3_supercontig_000002505,3,2940,618965194,2030682068
GL852028.1,Chr3_supercontig_000002506,3,3200,618968394,2030685268
GL852029.1,Chr3_supercontig_000002507,3,2098,618970492,2030687366
GL852030.1,Chr3_supercontig_000002508,3,3580,618974072,2030690946
GL852031.1,Chr3_supercontig_000002509,3,2528,618976600,2030693474
GL852032.1,Chr3_supercontig_000002510,3,2003,618978603,2030695477
GL852033.1,Chr3_supercontig_000002511,3,3638,618982241,2030699115
GL852034.1,Chr3_supercontig_000002512,3,2396,618984637,2030701511
GL852035.1,Chr3_supercontig_000002513,3,2298,618986935,2030703809
GL852036.1,Chr3_supercontig_000002514,3,3139,618990074,2030706948
GL852037.1,Chr3_supercontig_000002515,3,7511,618997585,2030714459
GL852038.1,Chr3_supercontig_000002516,3,1790,618999375,2030716249
GL852039.1,Chr3_supercontig_000002517,3,1902,619001277,2030718151
GL852040.1,Chr3_supercontig_000002518,3,2130,619003407,2030720281
GL852041.1,Chr3_supercontig_000002519,3,2926,619006333,2030723207
GL852042.1,Chr3_supercontig_000002520,3,1969,619008302,2030725176
GL852043.1,Chr3_supercontig_000002521,3,1785,619010087,2030726961
GL852044.1,Chr3_supercontig_000002522,3,2078,619012165,2030729039
GL852045.1,Chr3_supercontig_000002523,3,2316,619014481,2030731355
GL852046.1,Chr3_supercontig_000002524,3,1626,619016107,2030732981
GL852047.1,Chr3_supercontig_000002525,3,4291,619020398,2030737272
GL852048.1,Chr3_supercontig_000002526,3,1875,619022273,2030739147
GL852049.1,Chr3_supercontig_000002527,3,1910,619024183,2030741057
GL852050.1,Chr3_supercontig_000002528,3,1639,619025822,2030742696
GL852051.1,Chr3_supercontig_000002529,3,3195,619029017,2030745891
GL852052.1,Chr3_supercontig_000002530,3,2396,619031413,2030748287
GL852053.1,Chr3_supercontig_000002531,3,1753,619033166,2030750040
GL852054.1,Chr3_supercontig_000002532,3,2891,619036057,2030752931
GL852055.1,Chr3_supercontig_000002533,3,1935,619037992,2030754866
GL852056.1,Chr3_supercontig_000002534,3,1608,619039600,2030756474
GL852057.1,Chr3_supercontig_000002535,3,2812,619042412,2030759286
GL852058.1,Chr3_supercontig_000002536,3,2201,619044613,2030761487
GL852059.1,Chr3_supercontig_000002537,3,1899,619046512,2030763386
GL852060.1,Chr3_supercontig_000002538,3,3753,619050265,2030767139
GL852061.1,Chr3_supercontig_000002539,3,2750,619053015,2030769889
GL852062.1,Chr3_supercontig_000002540,3,1562,619054577,2030771451
GL852063.1,Chr3_supercontig_000002541,3,1558,619056135,2030773009
GL852064.1,Chr3_supercontig_000002542,3,2116,619058251,2030775125
GL852065.1,Chr3_supercontig_000002543,3,1641,619059892,2030776766
GL852066.1,Chr3_supercontig_000002544,3,2923,619062815,2030779689
GL852067.1,Chr3_supercontig_000002545,3,1535,619064350,2030781224
GL852068.1,Chr3_supercontig_000002546,3,1607,619065957,2030782831
GL852069.1,Chr3_supercontig_000002547,3,2209,619068166,2030785040
GL852070.1,Chr3_supercontig_000002548,3,6927,619075093,2030791967
GL852071.1,Chr3_supercontig_000002549,3,1737,619076830,2030793704
GL852072.1,Chr3_supercontig_000002550,3,2464,619079294,2030796168
GL852073.1,Chr3_supercontig_000002551,3,2034,619081328,2030798202
GL852074.1,Chr3_supercontig_000002552,3,2847,619084175,2030801049
GL852075.1,Chr3_supercontig_000002553,3,1834,619086009,2030802883
GL852076.1,Chr3_supercontig_000002554,3,1684,619087693,2030804567
GL852077.1,Chr3_supercontig_000002555,3,1523,619089216,2030806090
GL852078.1,Chr3_supercontig_000002556,3,1702,619090918,2030807792
GL852079.1,Chr3_supercontig_000002557,3,4710,619095628,2030812502
GL852080.1,Chr3_supercontig_000002558,3,2047,619097675,2030814549
GL852081.1,Chr3_supercontig_000002559,3,1983,619099658,2030816532
GL852082.1,Chr3_supercontig_000002560,3,2752,619102410,2030819284
GL852083.1,Chr3_supercontig_000002561,3,2741,619105151,2030822025
GL852084.1,Chr3_supercontig_000002562,3,1905,619107056,2030823930
GL852085.1,Chr3_supercontig_000002563,3,3134,619110190,2030827064
GL852086.1,Chr3_supercontig_000002564,3,4714,619114904,2030831778
GL852087.1,Chr3_supercontig_000002565,3,2881,619117785,2030834659
GL852088.1,Chr3_supercontig_000002566,3,2054,619119839,2030836713
GL852089.1,Chr3_supercontig_000002567,3,1694,619121533,2030838407
GL852090.1,Chr3_supercontig_000002568,3,6373,619127906,2030844780
GL852091.1,Chr3_supercontig_000002569,3,3765,619131671,2030848545
GL852092.1,Chr3_supercontig_000002570,3,1830,619133501,2030850375
GL852093.1,Chr3_supercontig_000002571,3,2265,619135766,2030852640
GL852094.1,Chr3_supercontig_000002572,3,1696,619137462,2030854336
GL852095.1,Chr3_supercontig_000002573,3,3463,619140925,2030857799
GL852096.1,Chr3_supercontig_000002574,3,1693,619142618,2030859492
GL852097.1,Chr3_supercontig_000002575,3,3044,619145662,2030862536
GL852098.1,Chr3_supercontig_000002576,3,3486,619149148,2030866022
GL852099.1,Chr3_supercontig_000002577,3,1755,619150903,2030867777
GL852100.1,Chr3_supercontig_000002578,3,1955,619152858,2030869732
GL852101.1,Chr3_supercontig_000002579,3,5585,619158443,2030875317
GL852102.1,Chr3_supercontig_000002580,3,5804,619164247,2030881121
GL852103.1,Chr3_supercontig_000002581,3,6109,619170356,2030887230
GL852104.1,Chr3_supercontig_000002582,3,1710,619172066,2030888940
GL852105.1,Chr3_supercontig_000002583,3,1682,619173748,2030890622
GL852106.1,Chr3_supercontig_000002584,3,5743,619179491,2030896365
GL852107.1,Chr3_supercontig_000002585,3,1602,619181093,2030897967
GL852108.1,Chr3_supercontig_000002586,3,3577,619184670,2030901544
GL852109.1,Chr3_supercontig_000002587,3,2218,619186888,2030903762
GL852110.1,Chr3_supercontig_000002588,3,1933,619188821,2030905695
GL852111.1,Chr3_supercontig_000002589,3,24234,619213055,2030929929
GL852112.1,Chr3_supercontig_000002590,3,1682,619214737,2030931611
GL852113.1,Chr3_supercontig_000002591,3,2645,619217382,2030934256
GL852114.1,Chr3_supercontig_000002592,3,6113,619223495,2030940369
GL852115.1,Chr3_supercontig_000002593,3,1989,619225484,2030942358
GL852116.1,Chr3_supercontig_000002594,3,1547,619227031,2030943905
GL852117.1,Chr3_supercontig_000002595,3,2237,619229268,2030946142
GL852118.1,Chr3_supercontig_000002596,3,1941,619231209,2030948083
GL852119.1,Chr3_supercontig_000002597,3,1882,619233091,2030949965
GL852120.1,Chr3_supercontig_000002598,3,15369,619248460,2030965334
GL852121.1,Chr3_supercontig_000002599,3,2811,619251271,2030968145
GL852122.1,Chr3_supercontig_000002600,3,1761,619253032,2030969906
GL852123.1,Chr3_supercontig_000002601,3,3704,619256736,2030973610
GL852124.1,Chr3_supercontig_000002602,3,3359,619260095,2030976969
GL852125.1,Chr3_supercontig_000002603,3,2936,619263031,2030979905
GL852126.1,Chr3_supercontig_000002604,3,1692,619264723,2030981597
GL852127.1,Chr3_supercontig_000002605,3,2262,619266985,2030983859
GL852128.1,Chr3_supercontig_000002606,3,1980,619268965,2030985839
GL852129.1,Chr3_supercontig_000002607,3,2500,619271465,2030988339
GL852130.1,Chr3_supercontig_000002608,3,1701,619273166,2030990040
GL852131.1,Chr3_supercontig_000002609,3,1811,619274977,2030991851
GL852132.1,Chr3_supercontig_000002610,3,1958,619276935,2030993809
GL852133.1,Chr3_supercontig_000002611,3,2803,619279738,2030996612
GL852134.1,Chr3_supercontig_000002612,3,1789,619281527,2030998401
GL852135.1,Chr3_supercontig_000002613,3,3654,619285181,2031002055
GL852136.1,Chr3_supercontig_000002614,3,1557,619286738,2031003612
GL852137.1,Chr3_supercontig_000002615,3,2146,619288884,2031005758
GL852138.1,Chr3_supercontig_000002616,3,2044,619290928,2031007802
GL852139.1,Chr3_supercontig_000002617,3,1593,619292521,2031009395
GL852140.1,Chr3_supercontig_000002618,3,4513,619297034,2031013908
GL852141.1,Chr3_supercontig_000002619,3,1509,619298543,2031015417
GL852142.1,Chr3_supercontig_000002620,3,2046,619300589,2031017463
GL852143.1,Chr3_supercontig_000002621,3,1874,619302463,2031019337
GL852144.1,Chr3_supercontig_000002622,3,4661,619307124,2031023998
GL852145.1,Chr3_supercontig_000002623,3,2226,619309350,2031026224
GL852146.1,Chr3_supercontig_000002624,3,1592,619310942,2031027816
GL852147.1,Chr3_supercontig_000002625,3,2008,619312950,2031029824
GL852148.1,Chr3_supercontig_000002626,3,3633,619316583,2031033457
GL852149.1,Chr3_supercontig_000002627,3,1886,619318469,2031035343
GL852150.1,Chr3_supercontig_000002628,3,3271,619321740,2031038614
GL852151.1,Chr3_supercontig_000002629,3,3477,619325217,2031042091
GL852152.1,Chr3_supercontig_000002630,3,2189,619327406,2031044280
GL852153.1,Chr3_supercontig_000002631,3,2274,619329680,2031046554
GL852154.1,Chr3_supercontig_000002632,3,3097,619332777,2031049651
GL852155.1,Chr3_supercontig_000002633,3,1636,619334413,2031051287
GL852156.1,Chr3_supercontig_000002634,3,1940,619336353,2031053227
GL852157.1,Chr3_supercontig_000002635,3,2419,619338772,2031055646
GL852158.1,Chr3_supercontig_000002636,3,2222,619340994,2031057868
GL852159.1,Chr3_supercontig_000002637,3,1603,619342597,2031059471
GL852160.1,Chr3_supercontig_000002638,3,2373,619344970,2031061844
GL852161.1,Chr3_supercontig_000002639,3,1608,619346578,2031063452
GL852162.1,Chr3_supercontig_000002640,3,1734,619348312,2031065186
GL852163.1,Chr3_supercontig_000002641,3,1749,619350061,2031066935
GL852164.1,Chr3_supercontig_000002642,3,1961,619352022,2031068896
GL852165.1,Chr3_supercontig_000002643,3,4220,619356242,2031073116
GL852166.1,Chr3_supercontig_000002644,3,3465,619359707,2031076581
GL852167.1,Chr3_supercontig_000002645,3,4215,619363922,2031080796
GL852168.1,Chr3_supercontig_000002646,3,2314,619366236,2031083110
GL852169.1,Chr3_supercontig_000002647,3,2355,619368591,2031085465
GL852170.1,Chr3_supercontig_000002648,3,1601,619370192,2031087066
GL852171.1,Chr3_supercontig_000002649,3,2379,619372571,2031089445
GL852172.1,Chr3_supercontig_000002650,3,3416,619375987,2031092861
GL852173.1,Chr3_supercontig_000002651,3,4313,619380300,2031097174
GL852174.1,Chr3_supercontig_000002652,3,1697,619381997,2031098871
GL852175.1,Chr3_supercontig_000002653,3,2535,619384532,2031101406
GL852176.1,Chr3_supercontig_000002654,3,2720,619387252,2031104126
GL852177.1,Chr3_supercontig_000002655,3,3151,619390403,2031107277
GL852178.1,Chr3_supercontig_000002656,3,3337,619393740,2031110614
GL852179.1,Chr3_supercontig_000002657,3,1843,619395583,2031112457
GL852180.1,Chr3_supercontig_000002658,3,2388,619397971,2031114845
GL852181.1,Chr3_supercontig_000002659,3,8917,619406888,2031123762
GL852182.1,Chr3_supercontig_000002660,3,2379,619409267,2031126141
GL852183.1,Chr3_supercontig_000002661,3,2926,619412193,2031129067
GL852184.1,Chr3_supercontig_000002662,3,2112,619414305,2031131179
GL852185.1,Chr3_supercontig_000002663,3,1772,619416077,2031132951
GL852186.1,Chr3_supercontig_000002664,3,3553,619419630,2031136504
GL852187.1,Chr3_supercontig_000002665,3,1996,619421626,2031138500
GL852188.1,Chr3_supercontig_000002666,3,5915,619427541,2031144415
GL852189.1,Chr3_supercontig_000002667,3,2391,619429932,2031146806
GL852190.1,Chr3_supercontig_000002668,3,3216,619433148,2031150022
GL852191.1,Chr3_supercontig_000002669,3,2244,619435392,2031152266
GL852192.1,Chr3_supercontig_000002670,3,1653,619437045,2031153919
GL852193.1,Chr3_supercontig_000002671,3,6906,619443951,2031160825
GL852194.1,Chr3_supercontig_000002672,3,3964,619447915,2031164789
GL852195.1,Chr3_supercontig_000002673,3,4021,619451936,2031168810
GL852196.1,Chr3_supercontig_000002674,3,2418,619454354,2031171228
GL852197.1,Chr3_supercontig_000002675,3,1605,619455959,2031172833
GL852198.1,Chr3_supercontig_000002676,3,1636,619457595,2031174469
GL852199.1,Chr3_supercontig_000002677,3,3126,619460721,2031177595
GL852200.1,Chr3_supercontig_000002678,3,2853,619463574,2031180448
GL852201.1,Chr3_supercontig_000002679,3,2110,619465684,2031182558
GL852202.1,Chr3_supercontig_000002680,3,2525,619468209,2031185083
GL852203.1,Chr3_supercontig_000002681,3,3511,619471720,2031188594
GL852204.1,Chr3_supercontig_000002682,3,2275,619473995,2031190869
GL852205.1,Chr3_supercontig_000002683,3,1752,619475747,2031192621
GL852206.1,Chr3_supercontig_000002684,3,2370,619478117,2031194991
GL852207.1,Chr3_supercontig_000002685,3,6083,619484200,2031201074
GL852208.1,Chr3_supercontig_000002686,3,6708,619490908,2031207782
GL852209.1,Chr3_supercontig_000002687,3,3227,619494135,2031211009
GL852210.1,Chr3_supercontig_000002688,3,5119,619499254,2031216128
GL852211.1,Chr3_supercontig_000002689,3,2176,619501430,2031218304
GL852212.1,Chr3_supercontig_000002690,3,4690,619506120,2031222994
GL852213.1,Chr3_supercontig_000002691,3,1859,619507979,2031224853
GL852214.1,Chr3_supercontig_000002692,3,1618,619509597,2031226471
GL852215.1,Chr3_supercontig_000002693,3,2073,619511670,2031228544
GL852216.1,Chr3_supercontig_000002694,3,4911,619516581,2031233455
GL852217.1,Chr3_supercontig_000002695,3,1682,619518263,2031235137
GL852218.1,Chr3_supercontig_000002696,3,2197,619520460,2031237334
GL852219.1,Chr3_supercontig_000002697,3,2504,619522964,2031239838
GL852220.1,Chr3_supercontig_000002698,3,2220,619525184,2031242058
GL852221.1,Chr3_supercontig_000002699,3,1731,619526915,2031243789
GL852222.1,Chr3_supercontig_000002700,3,1719,619528634,2031245508
GL852223.1,Chr3_supercontig_000002701,3,3191,619531825,2031248699
GL852224.1,Chr3_supercontig_000002702,3,2877,619534702,2031251576
GL852225.1,Chr3_supercontig_000002703,3,1686,619536388,2031253262
GL852226.1,Chr3_supercontig_000002704,3,1509,619537897,2031254771
GL852227.1,Chr3_supercontig_000002705,3,10059,619547956,2031264830
GL852228.1,Chr3_supercontig_000002706,3,2182,619550138,2031267012
GL852229.1,Chr3_supercontig_000002707,3,1810,619551948,2031268822
GL852230.1,Chr3_supercontig_000002708,3,2191,619554139,2031271013
GL852231.1,Chr3_supercontig_000002709,3,3016,619557155,2031274029
GL852232.1,Chr3_supercontig_000002710,3,1559,619558714,2031275588
GL852233.1,Chr3_supercontig_000002711,3,9827,619568541,2031285415
GL852234.1,Chr3_supercontig_000002712,3,2388,619570929,2031287803
GL852235.1,Chr3_supercontig_000002713,3,3996,619574925,2031291799
GL852236.1,Chr3_supercontig_000002714,3,1923,619576848,2031293722
GL852237.1,Chr3_supercontig_000002715,3,13473,619590321,2031307195
GL852238.1,Chr3_supercontig_000002716,3,2825,619593146,2031310020
GL852239.1,Chr3_supercontig_000002717,3,1490,619594636,2031311510
GL852240.1,Chr3_supercontig_000002718,3,4431,619599067,2031315941
GL852241.1,Chr3_supercontig_000002719,3,1571,619600638,2031317512
GL852242.1,Chr3_supercontig_000002720,3,1517,619602155,2031319029
GL852243.1,Chr3_supercontig_000002721,3,2205,619604360,2031321234
GL852244.1,Chr3_supercontig_000002722,3,1576,619605936,2031322810
GL852245.1,Chr3_supercontig_000002723,3,1511,619607447,2031324321
GL852246.1,Chr3_supercontig_000002724,3,2019,619609466,2031326340
GL852247.1,Chr3_supercontig_000002725,3,1746,619611212,2031328086
GL852248.1,Chr3_supercontig_000002726,3,3184,619614396,2031331270
GL852249.1,Chr3_supercontig_000002727,3,3341,619617737,2031334611
GL852250.1,Chr3_supercontig_000002728,3,3181,619620918,2031337792
GL852251.1,Chr3_supercontig_000002729,3,1515,619622433,2031339307
GL852252.1,Chr3_supercontig_000002730,3,1680,619624113,2031340987
GL852253.1,Chr3_supercontig_000002731,3,2090,619626203,2031343077
GL852254.1,Chr3_supercontig_000002732,3,1611,619627814,2031344688
GL852255.1,Chr3_supercontig_000002733,3,2023,619629837,2031346711
GL852256.1,Chr3_supercontig_000002734,3,1943,619631780,2031348654
GL852257.1,Chr3_supercontig_000002735,3,3361,619635141,2031352015
GL852258.1,Chr3_supercontig_000002736,3,2185,619637326,2031354200
GL852259.1,Chr3_supercontig_000002737,3,2019,619639345,2031356219
GL852260.1,Chr3_supercontig_000002738,3,1704,619641049,2031357923
GL852261.1,Chr3_supercontig_000002739,3,2663,619643712,2031360586
GL852262.1,Chr3_supercontig_000002740,3,4543,619648255,2031365129
GL852263.1,Chr3_supercontig_000002741,3,2326,619650581,2031367455
GL852264.1,Chr3_supercontig_000002742,3,2377,619652958,2031369832
GL852265.1,Chr3_supercontig_000002743,3,2659,619655617,2031372491
GL852266.1,Chr3_supercontig_000002744,3,2189,619657806,2031374680
GL852267.1,Chr3_supercontig_000002745,3,2814,619660620,2031377494
GL852268.1,Chr3_supercontig_000002746,3,2983,619663603,2031380477
GL852269.1,Chr3_supercontig_000002747,3,2177,619665780,2031382654
GL852270.1,Chr3_supercontig_000002748,3,5835,619671615,2031388489
GL852271.1,Chr3_supercontig_000002749,3,1836,619673451,2031390325
GL852272.1,Chr3_supercontig_000002750,3,7783,619681234,2031398108
GL852273.1,Chr3_supercontig_000002751,3,2478,619683712,2031400586
GL852274.1,Chr3_supercontig_000002752,3,2791,619686503,2031403377
GL852275.1,Chr3_supercontig_000002753,3,1712,619688215,2031405089
GL852276.1,Chr3_supercontig_000002754,3,6665,619694880,2031411754
GL852277.1,Chr3_supercontig_000002755,3,2227,619697107,2031413981
GL852278.1,Chr3_supercontig_000002756,3,3716,619700823,2031417697
GL852279.1,Chr3_supercontig_000002757,3,2069,619702892,2031419766
GL852280.1,Chr3_supercontig_000002758,3,1962,619704854,2031421728
GL852281.1,Chr3_supercontig_000002759,3,2398,619707252,2031424126
GL852282.1,Chr3_supercontig_000002760,3,2603,619709855,2031426729
GL852283.1,Chr3_supercontig_000002761,3,1844,619711699,2031428573
GL852284.1,Chr3_supercontig_000002762,3,3670,619715369,2031432243
GL852285.1,Chr3_supercontig_000002763,3,1764,619717133,2031434007
GL852286.1,Chr3_supercontig_000002764,3,2772,619719905,2031436779
GL852287.1,Chr3_supercontig_000002765,3,1562,619721467,2031438341
GL852288.1,Chr3_supercontig_000002766,3,4948,619726415,2031443289
GL852289.1,Chr3_supercontig_000002767,3,2331,619728746,2031445620
GL852290.1,Chr3_supercontig_000002768,3,2653,619731399,2031448273
GL852291.1,Chr3_supercontig_000002769,3,1602,619733001,2031449875
GL852292.1,Chr3_supercontig_000002770,3,1801,619734802,2031451676
GL852293.1,Chr3_supercontig_000002771,3,1922,619736724,2031453598
GL852294.1,Chr3_supercontig_000002772,3,1908,619738632,2031455506
GL852295.1,Chr3_supercontig_000002773,3,1517,619740149,2031457023
GL852296.1,Chr3_supercontig_000002774,3,1510,619741659,2031458533
GL852297.1,Chr3_supercontig_000002775,3,3796,619745455,2031462329
GL852298.1,Chr3_supercontig_000002776,3,2014,619747469,2031464343
GL852299.1,Chr3_supercontig_000002777,3,2269,619749738,2031466612
GL852300.1,Chr3_supercontig_000002778,3,2298,619752036,2031468910
GL852301.1,Chr3_supercontig_000002779,3,2229,619754265,2031471139
GL852302.1,Chr3_supercontig_000002780,3,1830,619756095,2031472969
GL852303.1,Chr3_supercontig_000002781,3,2396,619758491,2031475365
GL852304.1,Chr3_supercontig_000002782,3,1724,619760215,2031477089
GL852305.1,Chr3_supercontig_000002783,3,4618,619764833,2031481707
GL852306.1,Chr3_supercontig_000002784,3,1753,619766586,2031483460
GL852307.1,Chr3_supercontig_000002785,3,1870,619768456,2031485330
GL852308.1,Chr3_supercontig_000002786,3,1794,619770250,2031487124
GL852309.1,Chr3_supercontig_000002787,3,2308,619772558,2031489432
GL852310.1,Chr3_supercontig_000002788,3,1560,619774118,2031490992
GL852311.1,Chr3_supercontig_000002789,3,2007,619776125,2031492999
GL852312.1,Chr3_supercontig_000002790,3,2409,619778534,2031495408
GL852313.1,Chr3_supercontig_000002791,3,1874,619780408,2031497282
GL852314.1,Chr3_supercontig_000002792,3,8171,619788579,2031505453
GL852315.1,Chr3_supercontig_000002793,3,5282,619793861,2031510735
GL852316.1,Chr3_supercontig_000002794,3,4659,619798520,2031515394
GL852317.1,Chr3_supercontig_000002795,3,11489,619810009,2031526883
GL852318.1,Chr3_supercontig_000002796,3,9351,619819360,2031536234
GL852319.1,Chr3_supercontig_000002797,3,1942,619821302,2031538176
GL852320.1,Chr3_supercontig_000002798,3,6822,619828124,2031544998
GL852321.1,Chr3_supercontig_000002799,3,1637,619829761,2031546635
GL852322.1,Chr3_supercontig_000002800,3,2070,619831831,2031548705
GL852323.1,Chr3_supercontig_000002801,3,2043,619833874,2031550748
GL852324.1,Chr3_supercontig_000002802,3,2074,619835948,2031552822
GL852325.1,Chr3_supercontig_000002803,3,2683,619838631,2031555505
GL852326.1,Chr3_supercontig_000002804,3,3742,619842373,2031559247
GL852327.1,Chr3_supercontig_000002805,3,2174,619844547,2031561421
GL852328.1,Chr3_supercontig_000002806,3,1902,619846449,2031563323
GL852329.1,Chr3_supercontig_000002807,3,1924,619848373,2031565247
GL852330.1,Chr3_supercontig_000002808,3,4900,619853273,2031570147
GL852331.1,Chr3_supercontig_000002809,3,1982,619855255,2031572129
GL852332.1,Chr3_supercontig_000002810,3,2058,619857313,2031574187
GL852333.1,Chr3_supercontig_000002811,3,2064,619859377,2031576251
GL852334.1,Chr3_supercontig_000002812,3,3908,619863285,2031580159
GL852335.1,Chr3_supercontig_000002813,3,10199,619873484,2031590358
GL852336.1,Chr3_supercontig_000002814,3,14631,619888115,2031604989
GL852337.1,Chr3_supercontig_000002815,3,33165,619921280,2031638154
GL852338.1,Chr3_supercontig_000002816,3,1886,619923166,2031640040
GL852339.1,Chr3_supercontig_000002817,3,2187,619925353,2031642227
GL852340.1,Chr3_supercontig_000002818,3,1609,619926962,2031643836
GL852341.1,Chr3_supercontig_000002819,3,4327,619931289,2031648163
GL852342.1,Chr3_supercontig_000002820,3,2341,619933630,2031650504
GL852343.1,Chr3_supercontig_000002821,3,9574,619943204,2031660078
GL852344.1,Chr3_supercontig_000002822,3,2563,619945767,2031662641
GL852345.1,Chr3_supercontig_000002823,3,2815,619948582,2031665456
GL852346.1,Chr3_supercontig_000002824,3,1855,619950437,2031667311
GL852347.1,Chr3_supercontig_000002825,3,1703,619952140,2031669014
GL852348.1,Chr3_supercontig_000002826,3,8086,619960226,2031677100
GL852349.1,Chr3_supercontig_000002827,3,7683,619967909,2031684783
GL852350.1,Chr3_supercontig_000002828,3,4561,619972470,2031689344
GL852351.1,Chr3_supercontig_000002829,3,10705,619983175,2031700049
GL852352.1,Chr3_supercontig_000002830,3,2135,619985310,2031702184
GL852353.1,Chr3_supercontig_000002831,3,1983,619987293,2031704167
GL852354.1,Chr3_supercontig_000002832,3,1594,619988887,2031705761
GL852355.1,Chr3_supercontig_000002833,3,1925,619990812,2031707686
GL852356.1,Chr3_supercontig_000002834,3,1924,619992736,2031709610
GL852357.1,Chr3_supercontig_000002835,3,1925,619994661,2031711535
GL852358.1,Chr3_supercontig_000002836,3,1984,619996645,2031713519
GL852359.1,Chr3_supercontig_000002837,3,3529,620000174,2031717048
GL852360.1,Chr3_supercontig_000002838,3,1557,620001731,2031718605
GL852361.1,Chr3_supercontig_000002839,3,3125,620004856,2031721730
GL852362.1,Chr3_supercontig_000002840,3,5276,620010132,2031727006
GL852363.1,Chr3_supercontig_000002841,3,3921,620014053,2031730927
GL852364.1,Chr3_supercontig_000002842,3,7835,620021888,2031738762
GL852365.1,Chr3_supercontig_000002843,3,3364,620025252,2031742126
GL852366.1,Chr3_supercontig_000002844,3,1607,620026859,2031743733
GL852367.1,Chr3_supercontig_000002845,3,2407,620029266,2031746140
GL852368.1,Chr3_supercontig_000002846,3,1625,620030891,2031747765
GL852369.1,Chr3_supercontig_000002847,3,3228,620034119,2031750993
GL852370.1,Chr3_supercontig_000002848,3,2703,620036822,2031753696
GL852371.1,Chr3_supercontig_000002849,3,2454,620039276,2031756150
GL852372.1,Chr3_supercontig_000002850,3,1613,620040889,2031757763
GL852373.1,Chr3_supercontig_000002851,3,2186,620043075,2031759949
GL852374.1,Chr3_supercontig_000002852,3,2933,620046008,2031762882
GL852375.1,Chr3_supercontig_000002853,3,4716,620050724,2031767598
GL852376.1,Chr3_supercontig_000002854,3,1660,620052384,2031769258
GL852377.1,Chr3_supercontig_000002855,3,5684,620058068,2031774942
GL852378.1,Chr3_supercontig_000002856,3,2658,620060726,2031777600
GL852379.1,Chr3_supercontig_000002857,3,2787,620063513,2031780387
GL852380.1,Chr3_supercontig_000002858,3,3138,620066651,2031783525
GL852381.1,Chr3_supercontig_000002859,3,3331,620069982,2031786856
GL852382.1,Chr3_supercontig_000002860,3,2256,620072238,2031789112
GL852383.1,Chr3_supercontig_000002861,3,2944,620075182,2031792056
GL852384.1,Chr3_supercontig_000002862,3,2064,620077246,2031794120
GL852385.1,Chr3_supercontig_000002863,3,1613,620078859,2031795733
GL852386.1,Chr3_supercontig_000002864,3,7663,620086522,2031803396
GL852387.1,Chr3_supercontig_000002865,3,3595,620090117,2031806991
GL852388.1,Chr3_supercontig_000002866,3,1731,620091848,2031808722
GL852389.1,Chr3_supercontig_000002867,3,1582,620093430,2031810304
GL852390.1,Chr3_supercontig_000002868,3,3698,620097128,2031814002
GL852391.1,Chr3_supercontig_000002869,3,1502,620098630,2031815504
GL852392.1,Chr3_supercontig_000002870,3,2151,620100781,2031817655
GL852393.1,Chr3_supercontig_000002871,3,3275,620104056,2031820930
GL852394.1,Chr3_supercontig_000002872,3,1528,620105584,2031822458
GL852395.1,Chr3_supercontig_000002873,3,8204,620113788,2031830662
GL852396.1,Chr3_supercontig_000002874,3,1820,620115608,2031832482
GL852397.1,Chr3_supercontig_000002875,3,1540,620117148,2031834022
GL852398.1,Chr3_supercontig_000002876,3,4047,620121195,2031838069
GL852399.1,Chr3_supercontig_000002877,3,1638,620122833,2031839707
GL852400.1,Chr3_supercontig_000002878,3,1846,620124679,2031841553
GL852401.1,Chr3_supercontig_000002879,3,2463,620127142,2031844016
GL852402.1,Chr3_supercontig_000002880,3,2086,620129228,2031846102
GL852403.1,Chr3_supercontig_000002881,3,1511,620130739,2031847613
GL852404.1,Chr3_supercontig_000002882,3,3112,620133851,2031850725
GL852405.1,Chr3_supercontig_000002883,3,1601,620135452,2031852326
GL852406.1,Chr3_supercontig_000002884,3,2005,620137457,2031854331
GL852407.1,Chr3_supercontig_000002885,3,2674,620140131,2031857005
GL852408.1,Chr3_supercontig_000002886,3,4030,620144161,2031861035
GL852409.1,Chr3_supercontig_000002887,3,3848,620148009,2031864883
GL852410.1,Chr3_supercontig_000002888,3,2681,620150690,2031867564
GL852411.1,Chr3_supercontig_000002889,3,2148,620152838,2031869712
GL852412.1,Chr3_supercontig_000002890,3,2521,620155359,2031872233
GL852413.1,Chr3_supercontig_000002891,3,3667,620159026,2031875900
GL852414.1,Chr3_supercontig_000002892,3,3396,620162422,2031879296
GL852415.1,Chr3_supercontig_000002893,3,1715,620164137,2031881011
GL852416.1,Chr3_supercontig_000002894,3,11594,620175731,2031892605
GL852417.1,Chr3_supercontig_000002895,3,2904,620178635,2031895509
GL852418.1,Chr3_supercontig_000002896,3,5096,620183731,2031900605
GL852419.1,Chr3_supercontig_000002897,3,24329,620208060,2031924934
GL852420.1,Chr3_supercontig_000002898,3,6520,620214580,2031931454
GL852421.1,Chr3_supercontig_000002899,3,17220,620231800,2031948674
GL852422.1,Chr3_supercontig_000002900,3,1917,620233717,2031950591
GL852423.1,Chr3_supercontig_000002901,3,2940,620236657,2031953531
GL852424.1,Chr3_supercontig_000002902,3,1723,620238380,2031955254
GL852425.1,Chr3_supercontig_000002903,3,1955,620240335,2031957209
GL852426.1,Chr3_supercontig_000002904,3,1571,620241906,2031958780
GL852427.1,Chr3_supercontig_000002905,3,4952,620246858,2031963732
GL852428.1,Chr3_supercontig_000002906,3,8258,620255116,2031971990
GL852429.1,Chr3_supercontig_000002907,3,12038,620267154,2031984028
GL852430.1,Chr3_supercontig_000002908,3,4598,620271752,2031988626
GL852431.1,Chr3_supercontig_000002909,3,1542,620273294,2031990168
GL852432.1,Chr3_supercontig_000002910,3,3531,620276825,2031993699
GL852433.1,Chr3_supercontig_000002911,3,2800,620279625,2031996499
GL852434.1,Chr3_supercontig_000002912,3,2780,620282405,2031999279
GL852435.1,Chr3_supercontig_000002913,3,2432,620284837,2032001711
GL852436.1,Chr3_supercontig_000002914,3,1939,620286776,2032003650
GL852437.1,Chr3_supercontig_000002915,3,2570,620289346,2032006220
GL852438.1,Chr3_supercontig_000002916,3,2605,620291951,2032008825
GL852439.1,Chr3_supercontig_000002917,3,3067,620295018,2032011892
GL852440.1,Chr3_supercontig_000002918,3,1855,620296873,2032013747
GL852441.1,Chr3_supercontig_000002919,3,1912,620298785,2032015659
GL852442.1,Chr3_supercontig_000002920,3,2573,620301358,2032018232
GL852443.1,Chr3_supercontig_000002921,3,3591,620304949,2032021823
GL852444.1,Chr3_supercontig_000002922,3,2337,620307286,2032024160
GL852445.1,Chr3_supercontig_000002923,3,1931,620309217,2032026091
GL852446.1,Chr3_supercontig_000002924,3,2007,620311224,2032028098
GL852447.1,Chr3_supercontig_000002925,3,4314,620315538,2032032412
GL852448.1,Chr3_supercontig_000002926,3,2733,620318271,2032035145
GL852449.1,Chr3_supercontig_000002927,3,1661,620319932,2032036806
GL852450.1,Chr3_supercontig_000002928,3,2020,620321952,2032038826
GL852451.1,Chr3_supercontig_000002929,3,1560,620323512,2032040386
GL852452.1,Chr3_supercontig_000002930,3,4372,620327884,2032044758
GL852453.1,Chr3_supercontig_000002931,3,1858,620329742,2032046616
GL852454.1,Chr3_supercontig_000002932,3,1677,620331419,2032048293
GL852455.1,Chr3_supercontig_000002933,3,4036,620335455,2032052329
GL852456.1,Chr3_supercontig_000002934,3,3529,620338984,2032055858
GL852457.1,Chr3_supercontig_000002935,3,3301,620342285,2032059159
GL852458.1,Chr3_supercontig_000002936,3,2101,620344386,2032061260
GL852459.1,Chr3_supercontig_000002937,3,1527,620345913,2032062787
GL852460.1,Chr3_supercontig_000002938,3,1969,620347882,2032064756
GL852461.1,Chr3_supercontig_000002939,3,1925,620349807,2032066681
GL852462.1,Chr3_supercontig_000002940,3,1901,620351708,2032068582
GL852463.1,Chr3_supercontig_000002941,3,2070,620353778,2032070652
GL852464.1,Chr3_supercontig_000002942,3,1689,620355467,2032072341
GL852465.1,Chr3_supercontig_000002943,3,2910,620358377,2032075251
GL852466.1,Chr3_supercontig_000002944,3,1970,620360347,2032077221
GL852467.1,Chr3_supercontig_000002945,3,1989,620362336,2032079210
GL852468.1,Chr3_supercontig_000002946,3,2903,620365239,2032082113
GL852469.1,Chr3_supercontig_000002947,3,2178,620367417,2032084291
GL852470.1,Chr3_supercontig_000002948,3,5994,620373411,2032090285
GL852471.1,Chr3_supercontig_000002949,3,3548,620376959,2032093833
GL852472.1,Chr3_supercontig_000002950,3,2896,620379855,2032096729
GL852473.1,Chr3_supercontig_000002951,3,2048,620381903,2032098777
GL852474.1,Chr3_supercontig_000002952,3,3070,620384973,2032101847
GL852475.1,Chr3_supercontig_000002953,3,1770,620386743,2032103617
GL852476.1,Chr3_supercontig_000002954,3,1748,620388491,2032105365
GL852477.1,Chr3_supercontig_000002955,3,10208,620398699,2032115573
GL852478.1,Chr3_supercontig_000002956,3,3691,620402390,2032119264
GL852479.1,Chr3_supercontig_000002957,3,2082,620404472,2032121346
GL852480.1,Chr3_supercontig_000002958,3,3234,620407706,2032124580
GL852481.1,Chr3_supercontig_000002959,3,2749,620410455,2032127329
GL852482.1,Chr3_supercontig_000002960,3,3041,620413496,2032130370
GL852483.1,Chr3_supercontig_000002961,3,2172,620415668,2032132542
GL852484.1,Chr3_supercontig_000002962,3,5608,620421276,2032138150
GL852485.1,Chr3_supercontig_000002963,3,2926,620424202,2032141076
GL852486.1,Chr3_supercontig_000002964,3,5280,620429482,2032146356
GL852487.1,Chr3_supercontig_000002965,3,5250,620434732,2032151606
GL852488.1,Chr3_supercontig_000002966,3,4263,620438995,2032155869
GL852489.1,Chr3_supercontig_000002967,3,3347,620442342,2032159216
GL852490.1,Chr3_supercontig_000002968,3,1512,620443854,2032160728
GL852491.1,Chr3_supercontig_000002969,3,2560,620446414,2032163288
GL852492.1,Chr3_supercontig_000002970,3,2518,620448932,2032165806
GL852493.1,Chr3_supercontig_000002971,3,2980,620451912,2032168786
GL852494.1,Chr3_supercontig_000002972,3,2235,620454147,2032171021
GL852495.1,Chr3_supercontig_000002973,3,13565,620467712,2032184586
GL852496.1,Chr3_supercontig_000002974,3,2110,620469822,2032186696
GL852497.1,Chr3_supercontig_000002975,3,1712,620471534,2032188408
GL852498.1,Chr3_supercontig_000002976,3,2377,620473911,2032190785
GL852499.1,Chr3_supercontig_000002977,3,4755,620478666,2032195540
GL852500.1,Chr3_supercontig_000002978,3,2319,620480985,2032197859
GL852501.1,Chr3_supercontig_000002979,3,1642,620482627,2032199501
GL852502.1,Chr3_supercontig_000002980,3,2565,620485192,2032202066
GL852503.1,Chr3_supercontig_000002981,3,1539,620486731,2032203605
GL852504.1,Chr3_supercontig_000002982,3,2743,620489474,2032206348
GL852505.1,Chr3_supercontig_000002983,3,3064,620492538,2032209412
GL852506.1,Chr3_supercontig_000002984,3,2360,620494898,2032211772
GL852507.1,Chr3_supercontig_000002985,3,2448,620497346,2032214220
GL852508.1,Chr3_supercontig_000002986,3,4962,620502308,2032219182
GL852509.1,Chr3_supercontig_000002987,3,1930,620504238,2032221112
GL852510.1,Chr3_supercontig_000002988,3,1522,620505760,2032222634
GL852511.1,Chr3_supercontig_000002989,3,3367,620509127,2032226001
GL852512.1,Chr3_supercontig_000002990,3,2625,620511752,2032228626
GL852513.1,Chr3_supercontig_000002991,3,2133,620513885,2032230759
GL852514.1,Chr3_supercontig_000002992,3,6203,620520088,2032236962
GL852515.1,Chr3_supercontig_000002993,3,1760,620521848,2032238722
GL852516.1,Chr3_supercontig_000002994,3,3616,620525464,2032242338
GL852517.1,Chr3_supercontig_000002995,3,1634,620527098,2032243972
GL852518.1,Chr3_supercontig_000002996,3,3016,620530114,2032246988
GL852519.1,Chr3_supercontig_000002997,3,1594,620531708,2032248582
GL852520.1,Chr3_supercontig_000002998,3,3256,620534964,2032251838
GL852521.1,Chr3_supercontig_000002999,3,1963,620536927,2032253801
GL852522.1,Chr3_supercontig_000003000,3,3997,620540924,2032257798
GL852523.1,Chr3_supercontig_000003001,3,1920,620542844,2032259718
GL852524.1,Chr3_supercontig_000003002,3,1512,620544356,2032261230
GL852525.1,Chr3_supercontig_000003003,3,3302,620547658,2032264532
GL852526.1,Chr3_supercontig_000003004,3,15714,620563372,2032280246
GL852527.1,Chr3_supercontig_000003005,3,6471,620569843,2032286717
GL852528.1,Chr3_supercontig_000003006,3,22589,620592432,2032309306
GL852529.1,Chr3_supercontig_000003007,3,2942,620595374,2032312248
GL852530.1,Chr3_supercontig_000003008,3,2239,620597613,2032314487
GL852531.1,Chr3_supercontig_000003009,3,3789,620601402,2032318276
GL852532.1,Chr3_supercontig_000003010,3,3185,620604587,2032321461
GL852533.1,Chr3_supercontig_000003011,3,1563,620606150,2032323024
GL852534.1,Chr3_supercontig_000003012,3,1848,620607998,2032324872
GL852535.1,Chr3_supercontig_000003013,3,3855,620611853,2032328727
GL852536.1,Chr3_supercontig_000003014,3,2042,620613895,2032330769
GL852537.1,Chr3_supercontig_000003015,3,1506,620615401,2032332275
GL852538.1,Chr3_supercontig_000003016,3,3639,620619040,2032335914
GL852539.1,Chr3_supercontig_000003017,3,1526,620620566,2032337440
GL852540.1,Chr3_supercontig_000003018,3,3340,620623906,2032340780
GL852541.1,Chr3_supercontig_000003019,3,9549,620633455,2032350329
GL852542.1,Chr3_supercontig_000003020,3,3409,620636864,2032353738
GL852543.1,Chr3_supercontig_000003021,3,2106,620638970,2032355844
GL852544.1,Chr3_supercontig_000003022,3,1995,620640965,2032357839
GL852545.1,Chr3_supercontig_000003023,3,2984,620643949,2032360823
GL852546.1,Chr3_supercontig_000003024,3,1611,620645560,2032362434
GL852547.1,Chr3_supercontig_000003025,3,2319,620647879,2032364753
GL852548.1,Chr3_supercontig_000003026,3,1899,620649778,2032366652
GL852549.1,Chr3_supercontig_000003027,3,4168,620653946,2032370820
GL852550.1,Chr3_supercontig_000003028,3,17286,620671232,2032388106
GL852551.1,Chr3_supercontig_000003029,3,3902,620675134,2032392008
GL852552.1,Chr3_supercontig_000003030,3,1709,620676843,2032393717
GL852553.1,Chr3_supercontig_000003031,3,1985,620678828,2032395702
GL852554.1,Chr3_supercontig_000003032,3,1997,620680825,2032397699
GL852555.1,Chr3_supercontig_000003033,3,2266,620683091,2032399965
GL852556.1,Chr3_supercontig_000003034,3,2279,620685370,2032402244
GL852557.1,Chr3_supercontig_000003035,3,1726,620687096,2032403970
GL852558.1,Chr3_supercontig_000003036,3,2611,620689707,2032406581
GL852559.1,Chr3_supercontig_000003037,3,2964,620692671,2032409545
GL852560.1,Chr3_supercontig_000003038,3,2122,620694793,2032411667
GL852561.1,Chr3_supercontig_000003039,3,3419,620698212,2032415086
GL852562.1,Chr3_supercontig_000003040,3,1563,620699775,2032416649
GL852563.1,Chr3_supercontig_000003041,3,3834,620703609,2032420483
GL852564.1,Chr3_supercontig_000003042,3,1989,620705598,2032422472
GL852565.1,Chr3_supercontig_000003043,3,2812,620708410,2032425284
GL852566.1,Chr3_supercontig_000003044,3,3814,620712224,2032429098
GL852567.1,Chr3_supercontig_000003045,3,4989,620717213,2032434087
GL852568.1,Chr3_supercontig_000003046,3,1556,620718769,2032435643
GL852569.1,Chr3_supercontig_000003047,3,1983,620720752,2032437626
GL852570.1,Chr3_supercontig_000003048,3,1673,620722425,2032439299
GL852571.1,Chr3_supercontig_000003049,3,2469,620724894,2032441768
GL852572.1,Chr3_supercontig_000003050,3,4885,620729779,2032446653
GL852573.1,Chr3_supercontig_000003051,3,2382,620732161,2032449035
GL852574.1,Chr3_supercontig_000003052,3,1563,620733724,2032450598
GL852575.1,Chr3_supercontig_000003053,3,1508,620735232,2032452106
GL852576.1,Chr3_supercontig_000003054,3,2028,620737260,2032454134
GL852577.1,Chr3_supercontig_000003055,3,2602,620739862,2032456736
GL852578.1,Chr3_supercontig_000003056,3,1502,620741364,2032458238
GL852579.1,Chr3_supercontig_000003057,3,1841,620743205,2032460079
GL852580.1,Chr3_supercontig_000003058,3,1678,620744883,2032461757
GL852581.1,Chr3_supercontig_000003059,3,5515,620750398,2032467272
GL852582.1,Chr3_supercontig_000003060,3,7047,620757445,2032474319
GL852583.1,Chr3_supercontig_000003061,3,1953,620759398,2032476272
GL852584.1,Chr3_supercontig_000003062,3,3632,620763030,2032479904
GL852585.1,Chr3_supercontig_000003063,3,1576,620764606,2032481480
GL852586.1,Chr3_supercontig_000003064,3,2344,620766950,2032483824
GL852587.1,Chr3_supercontig_000003065,3,1542,620768492,2032485366
GL852588.1,Chr3_supercontig_000003066,3,4605,620773097,2032489971
GL852589.1,Chr3_supercontig_000003067,3,1844,620774941,2032491815
GL852590.1,Chr3_supercontig_000003068,3,1963,620776904,2032493778
GL852591.1,Chr3_supercontig_000003069,3,1781,620778685,2032495559
GL852592.1,Chr3_supercontig_000003070,3,3253,620781938,2032498812
GL852593.1,Chr3_supercontig_000003071,3,2343,620784281,2032501155
GL852594.1,Chr3_supercontig_000003072,3,3215,620787496,2032504370
GL852595.1,Chr3_supercontig_000003073,3,1806,620789302,2032506176
GL852596.1,Chr3_supercontig_000003074,3,2416,620791718,2032508592
GL852597.1,Chr3_supercontig_000003075,3,2086,620793804,2032510678
GL852598.1,Chr3_supercontig_000003076,3,1928,620795732,2032512606
GL852599.1,Chr3_supercontig_000003077,3,2465,620798197,2032515071
GL852600.1,Chr3_supercontig_000003078,3,3143,620801340,2032518214
GL852601.1,Chr3_supercontig_000003079,3,2054,620803394,2032520268
GL852602.1,Chr3_supercontig_000003080,3,1529,620804923,2032521797
GL852603.1,Chr3_supercontig_000003081,3,2507,620807430,2032524304
GL852604.1,Chr3_supercontig_000003082,3,5137,620812567,2032529441
GL852605.1,Chr3_supercontig_000003083,3,2310,620814877,2032531751
GL852606.1,Chr3_supercontig_000003084,3,1503,620816380,2032533254
GL852607.1,Chr3_supercontig_000003085,3,2491,620818871,2032535745
GL852608.1,Chr3_supercontig_000003086,3,2731,620821602,2032538476
GL852609.1,Chr3_supercontig_000003087,3,2102,620823704,2032540578
GL852610.1,Chr3_supercontig_000003088,3,1924,620825628,2032542502
GL852611.1,Chr3_supercontig_000003089,3,2539,620828167,2032545041
GL852612.1,Chr3_supercontig_000003090,3,4808,620832975,2032549849
GL852613.1,Chr3_supercontig_000003091,3,1996,620834971,2032551845
GL852614.1,Chr3_supercontig_000003092,3,3149,620838120,2032554994
GL852615.1,Chr3_supercontig_000003093,3,1627,620839747,2032556621
GL852616.1,Chr3_supercontig_000003094,3,2303,620842050,2032558924
GL852617.1,Chr3_supercontig_000003095,3,2363,620844413,2032561287
GL852618.1,Chr3_supercontig_000003096,3,2020,620846433,2032563307
GL852619.1,Chr3_supercontig_000003097,3,2043,620848476,2032565350
GL852620.1,Chr3_supercontig_000003098,3,1849,620850325,2032567199
GL852621.1,Chr3_supercontig_000003099,3,2814,620853139,2032570013
GL852622.1,Chr3_supercontig_000003100,3,1574,620854713,2032571587
GL852623.1,Chr3_supercontig_000003101,3,2044,620856757,2032573631
GL852624.1,Chr3_supercontig_000003102,3,2000,620858757,2032575631
GL852625.1,Chr3_supercontig_000003103,3,2028,620860785,2032577659
GL852626.1,Chr3_supercontig_000003104,3,1522,620862307,2032579181
GL852627.1,Chr3_supercontig_000003105,3,1974,620864281,2032581155
GL852628.1,Chr3_supercontig_000003106,3,1526,620865807,2032582681
GL852629.1,Chr3_supercontig_000003107,3,1799,620867606,2032584480
GL852630.1,Chr3_supercontig_000003108,3,2270,620869876,2032586750
GL852631.1,Chr3_supercontig_000003109,3,17843,620887719,2032604593
GL852632.1,Chr3_supercontig_000003110,3,3889,620891608,2032608482
GL852633.1,Chr3_supercontig_000003111,3,6938,620898546,2032615420
GL852634.1,Chr3_supercontig_000003112,3,2108,620900654,2032617528
GL852635.1,Chr3_supercontig_000003113,3,1754,620902408,2032619282
GL852636.1,Chr3_supercontig_000003114,3,16114,620918522,2032635396
GL852637.1,Chr3_supercontig_000003115,3,1841,620920363,2032637237
GL852638.1,Chr3_supercontig_000003116,3,1962,620922325,2032639199
GL852639.1,Chr3_supercontig_000003117,3,1799,620924124,2032640998
GL852640.1,Chr3_supercontig_000003118,3,2767,620926891,2032643765
GL852641.1,Chr3_supercontig_000003119,3,1696,620928587,2032645461
GL852642.1,Chr3_supercontig_000003120,3,1770,620930357,2032647231
GL852643.1,Chr3_supercontig_000003121,3,5959,620936316,2032653190
GL852644.1,Chr3_supercontig_000003122,3,1641,620937957,2032654831
GL852645.1,Chr3_supercontig_000003123,3,1930,620939887,2032656761
GL852646.1,Chr3_supercontig_000003124,3,6555,620946442,2032663316
GL852647.1,Chr3_supercontig_000003125,3,2243,620948685,2032665559
GL852648.1,Chr3_supercontig_000003126,3,1552,620950237,2032667111
GL852649.1,Chr3_supercontig_000003127,3,4680,620954917,2032671791
GL852650.1,Chr3_supercontig_000003128,3,2275,620957192,2032674066
GL852651.1,Chr3_supercontig_000003129,3,1886,620959078,2032675952
GL852652.1,Chr3_supercontig_000003130,3,2270,620961348,2032678222
GL852653.1,Chr3_supercontig_000003131,3,1642,620962990,2032679864
GL852654.1,Chr3_supercontig_000003132,3,2106,620965096,2032681970
GL852655.1,Chr3_supercontig_000003133,3,2804,620967900,2032684774
GL852656.1,Chr3_supercontig_000003134,3,2363,620970263,2032687137
GL852657.1,Chr3_supercontig_000003135,3,2708,620972971,2032689845
GL852658.1,Chr3_supercontig_000003136,3,1701,620974672,2032691546
GL852659.1,Chr3_supercontig_000003137,3,3415,620978087,2032694961
GL852660.1,Chr3_supercontig_000003138,3,3105,620981192,2032698066
GL852661.1,Chr3_supercontig_000003139,3,1716,620982908,2032699782
GL852662.1,Chr3_supercontig_000003140,3,11744,620994652,2032711526
GL852663.1,Chr3_supercontig_000003141,3,2278,620996930,2032713804
GL852664.1,Chr3_supercontig_000003142,3,1840,620998770,2032715644
GL852665.1,Chr3_supercontig_000003143,3,2406,621001176,2032718050
GL852666.1,Chr3_supercontig_000003144,3,5893,621007069,2032723943
GL852667.1,Chr3_supercontig_000003145,3,1888,621008957,2032725831
GL852668.1,Chr3_supercontig_000003146,3,3407,621012364,2032729238
GL852669.1,Chr3_supercontig_000003147,3,1897,621014261,2032731135
GL852670.1,Chr3_supercontig_000003148,3,2026,621016287,2032733161
GL852671.1,Chr3_supercontig_000003149,3,1765,621018052,2032734926
GL852672.1,Chr3_supercontig_000003150,3,2050,621020102,2032736976
GL852673.1,Chr3_supercontig_000003151,3,1791,621021893,2032738767
GL852674.1,Chr3_supercontig_000003152,3,1946,621023839,2032740713
GL852675.1,Chr3_supercontig_000003153,3,1508,621025347,2032742221
GL852676.1,Chr3_supercontig_000003154,3,2726,621028073,2032744947
GL852677.1,Chr3_supercontig_000003155,3,1809,621029882,2032746756
GL852678.1,Chr3_supercontig_000003156,3,4513,621034395,2032751269
GL852679.1,Chr3_supercontig_000003157,3,1909,621036304,2032753178
GL852680.1,Chr3_supercontig_000003158,3,2154,621038458,2032755332
GL852681.1,Chr3_supercontig_000003159,3,2644,621041102,2032757976
GL852682.1,Chr3_supercontig_000003160,3,2222,621043324,2032760198
GL852683.1,Chr3_supercontig_000003161,3,2517,621045841,2032762715
GL852684.1,Chr3_supercontig_000003162,3,4187,621050028,2032766902
GL852685.1,Chr3_supercontig_000003163,3,1743,621051771,2032768645
GL852686.1,Chr3_supercontig_000003164,3,7512,621059283,2032776157
GL852687.1,Chr3_supercontig_000003165,3,4406,621063689,2032780563
GL852688.1,Chr3_supercontig_000003166,3,1836,621065525,2032782399
GL852689.1,Chr3_supercontig_000003167,3,2156,621067681,2032784555
GL852690.1,Chr3_supercontig_000003168,3,2145,621069826,2032786700
GL852691.1,Chr3_supercontig_000003169,3,2626,621072452,2032789326
GL852692.1,Chr3_supercontig_000003170,3,5665,621078117,2032794991
GL852693.1,Chr3_supercontig_000003171,3,2210,621080327,2032797201
GL852694.1,Chr3_supercontig_000003172,3,2469,621082796,2032799670
GL852695.1,Chr3_supercontig_000003173,3,3587,621086383,2032803257
GL852696.1,Chr3_supercontig_000003174,3,1532,621087915,2032804789
GL852697.1,Chr3_supercontig_000003175,3,1979,621089894,2032806768
GL852698.1,Chr3_supercontig_000003176,3,3711,621093605,2032810479
GL852699.1,Chr3_supercontig_000003177,3,2555,621096160,2032813034
GL852700.1,Chr3_supercontig_000003178,3,3143,621099303,2032816177
GL852701.1,Chr3_supercontig_000003179,3,2249,621101552,2032818426
GL852702.1,Chr3_supercontig_000003180,3,5638,621107190,2032824064
GL852703.1,Chr3_supercontig_000003181,3,10340,621117530,2032834404
GL852704.1,Chr3_supercontig_000003182,3,20164,621137694,2032854568
GL852705.1,Chr3_supercontig_000003183,3,1591,621139285,2032856159
GL852706.1,Chr3_supercontig_000003184,3,1665,621140950,2032857824
GL852707.1,Chr3_supercontig_000003185,3,2100,621143050,2032859924
GL852708.1,Chr3_supercontig_000003186,3,1766,621144816,2032861690
GL852709.1,Chr3_supercontig_000003187,3,2556,621147372,2032864246
GL852710.1,Chr3_supercontig_000003188,3,1702,621149074,2032865948
GL852711.1,Chr3_supercontig_000003189,3,1754,621150828,2032867702
GL852712.1,Chr3_supercontig_000003190,3,1843,621152671,2032869545
GL852713.1,Chr3_supercontig_000003191,3,1885,621154556,2032871430
GL852714.1,Chr3_supercontig_000003192,3,2034,621156590,2032873464
GL852715.1,Chr3_supercontig_000003193,3,1703,621158293,2032875167
GL852716.1,Chr3_supercontig_000003194,3,4681,621162974,2032879848
GL852717.1,Chr3_supercontig_000003195,3,2173,621165147,2032882021
GL852718.1,Chr3_supercontig_000003196,3,5928,621171075,2032887949
GL852719.1,Chr3_supercontig_000003197,3,3429,621174504,2032891378
GL852720.1,Chr3_supercontig_000003198,3,1845,621176349,2032893223
GL852721.1,Chr3_supercontig_000003199,3,1861,621178210,2032895084
GL852722.1,Chr3_supercontig_000003200,3,10911,621189121,2032905995
GL852723.1,Chr3_supercontig_000003201,3,4620,621193741,2032910615
GL852724.1,Chr3_supercontig_000003202,3,2600,621196341,2032913215
GL852725.1,Chr3_supercontig_000003203,3,1717,621198058,2032914932
GL852726.1,Chr3_supercontig_000003204,3,3029,621201087,2032917961
GL852727.1,Chr3_supercontig_000003205,3,2017,621203104,2032919978
GL852728.1,Chr3_supercontig_000003206,3,4958,621208062,2032924936
GL852729.1,Chr3_supercontig_000003207,3,1569,621209631,2032926505
GL852730.1,Chr3_supercontig_000003208,3,2046,621211677,2032928551
GL852731.1,Chr3_supercontig_000003209,3,1574,621213251,2032930125
GL852732.1,Chr3_supercontig_000003210,3,2330,621215581,2032932455
GL852733.1,Chr3_supercontig_000003211,3,1836,621217417,2032934291
GL852734.1,Chr3_supercontig_000003212,3,3618,621221035,2032937909
GL852735.1,Chr3_supercontig_000003213,3,3550,621224585,2032941459
GL852736.1,Chr3_supercontig_000003214,3,2111,621226696,2032943570
GL852737.1,Chr3_supercontig_000003215,3,1534,621228230,2032945104
GL852738.1,Chr3_supercontig_000003216,3,2435,621230665,2032947539
GL852739.1,Chr3_supercontig_000003217,3,3294,621233959,2032950833
GL852740.1,Chr3_supercontig_000003218,3,2208,621236167,2032953041
GL852741.1,Chr3_supercontig_000003219,3,2193,621238360,2032955234
GL852742.1,Chr3_supercontig_000003220,3,3697,621242057,2032958931
GL852743.1,Chr3_supercontig_000003221,3,3477,621245534,2032962408
GL852744.1,Chr3_supercontig_000003222,3,5543,621251077,2032967951
GL852745.1,Chr3_supercontig_000003223,3,1603,621252680,2032969554
GL852746.1,Chr3_supercontig_000003224,3,2165,621254845,2032971719
GL852747.1,Chr3_supercontig_000003225,3,1727,621256572,2032973446
GL852748.1,Chr3_supercontig_000003226,3,3696,621260268,2032977142
GL852749.1,Chr3_supercontig_000003227,3,5121,621265389,2032982263
GL852750.1,Chr3_supercontig_000003228,3,1812,621267201,2032984075
GL852751.1,Chr3_supercontig_000003229,3,2902,621270103,2032986977
GL852752.1,Chr3_supercontig_000003230,3,2971,621273074,2032989948
GL852753.1,Chr3_supercontig_000003231,3,1911,621274985,2032991859
GL852754.1,Chr3_supercontig_000003232,3,1972,621276957,2032993831
GL852755.1,Chr3_supercontig_000003233,3,2561,621279518,2032996392
GL852756.1,Chr3_supercontig_000003234,3,2590,621282108,2032998982
GL852757.1,Chr3_supercontig_000003235,3,7056,621289164,2033006038
GL852758.1,Chr3_supercontig_000003236,3,3871,621293035,2033009909
GL852759.1,Chr3_supercontig_000003237,3,1968,621295003,2033011877
GL852760.1,Chr3_supercontig_000003238,3,3013,621298016,2033014890
GL852761.1,Chr3_supercontig_000003239,3,1681,621299697,2033016571
GL852762.1,Chr3_supercontig_000003240,3,1876,621301573,2033018447
GL852763.1,Chr3_supercontig_000003241,3,1549,621303122,2033019996
GL852764.1,Chr3_supercontig_000003242,3,4009,621307131,2033024005
GL852765.1,Chr3_supercontig_000003243,3,3296,621310427,2033027301
GL852766.1,Chr3_supercontig_000003244,3,2352,621312779,2033029653
GL852767.1,Chr3_supercontig_000003245,3,4553,621317332,2033034206
GL852768.1,Chr3_supercontig_000003246,3,2723,621320055,2033036929
GL852769.1,Chr3_supercontig_000003247,3,2738,621322793,2033039667
GL852770.1,Chr3_supercontig_000003248,3,3885,621326678,2033043552
GL852771.1,Chr3_supercontig_000003249,3,1545,621328223,2033045097
GL852772.1,Chr3_supercontig_000003250,3,3395,621331618,2033048492
GL852773.1,Chr3_supercontig_000003251,3,2256,621333874,2033050748
GL852774.1,Chr3_supercontig_000003252,3,2102,621335976,2033052850
GL852775.1,Chr3_supercontig_000003253,3,4196,621340172,2033057046
GL852776.1,Chr3_supercontig_000003254,3,4786,621344958,2033061832
GL852777.1,Chr3_supercontig_000003255,3,1909,621346867,2033063741
GL852778.1,Chr3_supercontig_000003256,3,2485,621349352,2033066226
GL852779.1,Chr3_supercontig_000003257,3,1992,621351344,2033068218
GL852780.1,Chr3_supercontig_000003258,3,4119,621355463,2033072337
GL852781.1,Chr3_supercontig_000003259,3,1605,621357068,2033073942
GL852782.1,Chr3_supercontig_000003260,3,2754,621359822,2033076696
GL852783.1,Chr3_supercontig_000003261,3,2362,621362184,2033079058
GL852784.1,Chr3_supercontig_000003262,3,1560,621363744,2033080618
GL852785.1,Chr3_supercontig_000003263,3,2749,621366493,2033083367
GL852786.1,Chr3_supercontig_000003264,3,2322,621368815,2033085689
GL852787.1,Chr3_supercontig_000003265,3,2298,621371113,2033087987
GL852788.1,Chr3_supercontig_000003266,3,1686,621372799,2033089673
GL852789.1,Chr3_supercontig_000003267,3,2082,621374881,2033091755
GL852790.1,Chr3_supercontig_000003268,3,1511,621376392,2033093266
GL852791.1,Chr3_supercontig_000003269,3,1779,621378171,2033095045
GL852792.1,Chr3_supercontig_000003270,3,14626,621392797,2033109671
GL852793.1,Chr3_supercontig_000003271,3,1803,621394600,2033111474
GL852794.1,Chr3_supercontig_000003272,3,5672,621400272,2033117146
GL852795.1,Chr3_supercontig_000003273,3,7251,621407523,2033124397
GL852796.1,Chr3_supercontig_000003274,3,28649,621436172,2033153046
GL852797.1,Chr3_supercontig_000003275,3,7332,621443504,2033160378
GL852798.1,Chr3_supercontig_000003276,3,3605,621447109,2033163983
GL852799.1,Chr3_supercontig_000003277,3,3330,621450439,2033167313
GL852800.1,Chr3_supercontig_000003278,3,1796,621452235,2033169109
GL852801.1,Chr3_supercontig_000003279,3,5217,621457452,2033174326
GL852802.1,Chr3_supercontig_000003280,3,2150,621459602,2033176476
GL852803.1,Chr3_supercontig_000003281,3,2368,621461970,2033178844
GL852804.1,Chr3_supercontig_000003282,3,2484,621464454,2033181328
GL852805.1,Chr3_supercontig_000003283,3,2417,621466871,2033183745
GL852806.1,Chr3_supercontig_000003284,3,1673,621468544,2033185418
GL852807.1,Chr3_supercontig_000003285,3,1920,621470464,2033187338
GL852808.1,Chr3_supercontig_000003286,3,2103,621472567,2033189441
GL852809.1,Chr3_supercontig_000003287,3,2816,621475383,2033192257
GL852810.1,Chr3_supercontig_000003288,3,4761,621480144,2033197018
GL852811.1,Chr3_supercontig_000003289,3,2053,621482197,2033199071
GL852812.1,Chr3_supercontig_000003290,3,1580,621483777,2033200651
GL852813.1,Chr3_supercontig_000003291,3,2133,621485910,2033202784
GL852814.1,Chr3_supercontig_000003292,3,2404,621488314,2033205188
GL852815.1,Chr3_supercontig_000003293,3,1644,621489958,2033206832
GL852816.1,Chr3_supercontig_000003294,3,6658,621496616,2033213490
GL852817.1,Chr3_supercontig_000003295,3,5246,621501862,2033218736
GL852818.1,Chr3_supercontig_000003296,3,3324,621505186,2033222060
GL852819.1,Chr3_supercontig_000003297,3,1522,621506708,2033223582
GL852820.1,Chr3_supercontig_000003298,3,2734,621509442,2033226316
GL852821.1,Chr3_supercontig_000003299,3,5864,621515306,2033232180
GL852822.1,Chr3_supercontig_000003300,3,4432,621519738,2033236612
GL852823.1,Chr3_supercontig_000003301,3,1598,621521336,2033238210
GL852824.1,Chr3_supercontig_000003302,3,2522,621523858,2033240732
GL852825.1,Chr3_supercontig_000003303,3,2960,621526818,2033243692
GL852826.1,Chr3_supercontig_000003304,3,2967,621529785,2033246659
GL852827.1,Chr3_supercontig_000003305,3,2207,621531992,2033248866
GL852828.1,Chr3_supercontig_000003306,3,2618,621534610,2033251484
GL852829.1,Chr3_supercontig_000003307,3,5674,621540284,2033257158
GL852830.1,Chr3_supercontig_000003308,3,1511,621541795,2033258669
GL852831.1,Chr3_supercontig_000003309,3,3624,621545419,2033262293
GL852832.1,Chr3_supercontig_000003310,3,1634,621547053,2033263927
GL852833.1,Chr3_supercontig_000003311,3,1624,621548677,2033265551
GL852834.1,Chr3_supercontig_000003312,3,1609,621550286,2033267160
GL852835.1,Chr3_supercontig_000003313,3,26185,621576471,2033293345
GL852836.1,Chr3_supercontig_000003314,3,4220,621580691,2033297565
GL852837.1,Chr3_supercontig_000003315,3,1539,621582230,2033299104
GL852838.1,Chr3_supercontig_000003316,3,2274,621584504,2033301378
GL852839.1,Chr3_supercontig_000003317,3,1886,621586390,2033303264
GL852840.1,Chr3_supercontig_000003318,3,2780,621589170,2033306044
GL852841.1,Chr3_supercontig_000003319,3,1846,621591016,2033307890
GL852842.1,Chr3_supercontig_000003320,3,1606,621592622,2033309496
GL852843.1,Chr3_supercontig_000003321,3,1503,621594125,2033310999
GL852844.1,Chr3_supercontig_000003322,3,3797,621597922,2033314796
GL852845.1,Chr3_supercontig_000003323,3,3161,621601083,2033317957
GL852846.1,Chr3_supercontig_000003324,3,1784,621602867,2033319741
GL852847.1,Chr3_supercontig_000003325,3,2108,621604975,2033321849
GL852848.1,Chr3_supercontig_000003326,3,3326,621608301,2033325175
GL852849.1,Chr3_supercontig_000003327,3,4811,621613112,2033329986
GL852850.1,Chr3_supercontig_000003328,3,1625,621614737,2033331611
GL852851.1,Chr3_supercontig_000003329,3,1850,621616587,2033333461
GL852852.1,Chr3_supercontig_000003330,3,4682,621621269,2033338143
GL852853.1,Chr3_supercontig_000003331,3,6647,621627916,2033344790
GL852854.1,Chr3_supercontig_000003332,3,2081,621629997,2033346871
GL852855.1,Chr3_supercontig_000003333,3,1797,621631794,2033348668
GL852856.1,Chr3_supercontig_000003334,3,5714,621637508,2033354382
GL852857.1,Chr3_supercontig_000003335,3,3855,621641363,2033358237
GL852858.1,Chr3_supercontig_000003336,3,2418,621643781,2033360655
GL852859.1,Chr3_supercontig_000003337,3,2558,621646339,2033363213
GL852860.1,Chr3_supercontig_000003338,3,4509,621650848,2033367722
GL852861.1,Chr3_supercontig_000003339,3,2398,621653246,2033370120
GL852862.1,Chr3_supercontig_000003340,3,2294,621655540,2033372414
GL852863.1,Chr3_supercontig_000003341,3,3101,621658641,2033375515
GL852864.1,Chr3_supercontig_000003342,3,1681,621660322,2033377196
GL852865.1,Chr3_supercontig_000003343,3,3193,621663515,2033380389
GL852866.1,Chr3_supercontig_000003344,3,4500,621668015,2033384889
GL852867.1,Chr3_supercontig_000003345,3,7709,621675724,2033392598
GL852868.1,Chr3_supercontig_000003346,3,5048,621680772,2033397646
GL852869.1,Chr3_supercontig_000003347,3,2101,621682873,2033399747
GL852870.1,Chr3_supercontig_000003348,3,5535,621688408,2033405282
GL852871.1,Chr3_supercontig_000003349,3,3997,621692405,2033409279
GL852872.1,Chr3_supercontig_000003350,3,1887,621694292,2033411166
GL852873.1,Chr3_supercontig_000003351,3,3435,621697727,2033414601
GL852874.1,Chr3_supercontig_000003352,3,3691,621701418,2033418292
GL852875.1,Chr3_supercontig_000003353,3,2586,621704004,2033420878
GL852876.1,Chr3_supercontig_000003354,3,2511,621706515,2033423389
GL852877.1,Chr3_supercontig_000003355,3,2673,621709188,2033426062
GL852878.1,Chr3_supercontig_000003356,3,1944,621711132,2033428006
GL852879.1,Chr3_supercontig_000003357,3,1621,621712753,2033429627
GL852880.1,Chr3_supercontig_000003358,3,1816,621714569,2033431443
GL852881.1,Chr3_supercontig_000003359,3,2436,621717005,2033433879
GL852882.1,Chr3_supercontig_000003360,3,1960,621718965,2033435839
GL852883.1,Chr3_supercontig_000003361,3,3073,621722038,2033438912
GL852884.1,Chr3_supercontig_000003362,3,2606,621724644,2033441518
GL852885.1,Chr3_supercontig_000003363,3,1542,621726186,2033443060
GL852886.1,Chr3_supercontig_000003364,3,4481,621730667,2033447541
GL852887.1,Chr3_supercontig_000003365,3,1531,621732198,2033449072
GL852888.1,Chr3_supercontig_000003366,3,1701,621733899,2033450773
GL852889.1,Chr3_supercontig_000003367,3,1683,621735582,2033452456
GL852890.1,Chr3_supercontig_000003368,3,2534,621738116,2033454990
GL852891.1,Chr3_supercontig_000003369,3,2617,621740733,2033457607
GL852892.1,Chr3_supercontig_000003370,3,2974,621743707,2033460581
GL852893.1,Chr3_supercontig_000003371,3,2572,621746279,2033463153
GL852894.1,Chr3_supercontig_000003372,3,1555,621747834,2033464708
GL852895.1,Chr3_supercontig_000003373,3,2300,621750134,2033467008
GL852896.1,Chr3_supercontig_000003374,3,2551,621752685,2033469559
GL852897.1,Chr3_supercontig_000003375,3,2114,621754799,2033471673
GL852898.1,Chr3_supercontig_000003376,3,3143,621757942,2033474816
GL852899.1,Chr3_supercontig_000003377,3,5016,621762958,2033479832
GL852900.1,Chr3_supercontig_000003378,3,1980,621764938,2033481812
GL852901.1,Chr3_supercontig_000003379,3,1627,621766565,2033483439
GL852902.1,Chr3_supercontig_000003380,3,1876,621768441,2033485315
GL852903.1,Chr3_supercontig_000003381,3,2182,621770623,2033487497
GL852904.1,Chr3_supercontig_000003382,3,3256,621773879,2033490753
GL852905.1,Chr3_supercontig_000003383,3,1943,621775822,2033492696
GL852906.1,Chr3_supercontig_000003384,3,3177,621778999,2033495873
GL852907.1,Chr3_supercontig_000003385,3,2922,621781921,2033498795
GL852908.1,Chr3_supercontig_000003386,3,3249,621785170,2033502044
GL852909.1,Chr3_supercontig_000003387,3,3955,621789125,2033505999
GL852910.1,Chr3_supercontig_000003388,3,3006,621792131,2033509005
GL852911.1,Chr3_supercontig_000003389,3,2614,621794745,2033511619
GL852912.1,Chr3_supercontig_000003390,3,3099,621797844,2033514718
GL852913.1,Chr3_supercontig_000003391,3,1849,621799693,2033516567
GL852914.1,Chr3_supercontig_000003392,3,1923,621801616,2033518490
GL852915.1,Chr3_supercontig_000003393,3,1560,621803176,2033520050
GL852916.1,Chr3_supercontig_000003394,3,2195,621805371,2033522245
GL852917.1,Chr3_supercontig_000003395,3,1560,621806931,2033523805
GL852918.1,Chr3_supercontig_000003396,3,1756,621808687,2033525561
GL852919.1,Chr3_supercontig_000003397,3,1805,621810492,2033527366
GL852920.1,Chr3_supercontig_000003398,3,1684,621812176,2033529050
GL852921.1,Chr3_supercontig_000003399,3,3301,621815477,2033532351
GL852922.1,Chr3_supercontig_000003400,3,2748,621818225,2033535099
GL852923.1,Chr3_supercontig_000003401,3,1909,621820134,2033537008
GL852924.1,Chr3_supercontig_000003402,3,3309,621823443,2033540317
GL852925.1,Chr3_supercontig_000003403,3,2122,621825565,2033542439
GL852926.1,Chr3_supercontig_000003404,3,2856,621828421,2033545295
GL852927.1,Chr3_supercontig_000003405,3,2245,621830666,2033547540
GL852928.1,Chr3_supercontig_000003406,3,3162,621833828,2033550702
GL852929.1,Chr3_supercontig_000003407,3,1610,621835438,2033552312
GL852930.1,Chr3_supercontig_000003408,3,2379,621837817,2033554691
GL852931.1,Chr3_supercontig_000003409,3,1640,621839457,2033556331
GL852932.1,Chr3_supercontig_000003410,3,1665,621841122,2033557996
GL852933.1,Chr3_supercontig_000003411,3,3160,621844282,2033561156
GL852934.1,Chr3_supercontig_000003412,3,2522,621846804,2033563678
GL852935.1,Chr3_supercontig_000003413,3,1909,621848713,2033565587
GL852936.1,Chr3_supercontig_000003414,3,1836,621850549,2033567423
GL852937.1,Chr3_supercontig_000003415,3,2549,621853098,2033569972
GL852938.1,Chr3_supercontig_000003416,3,2707,621855805,2033572679
GL852939.1,Chr3_supercontig_000003417,3,1972,621857777,2033574651
GL852940.1,Chr3_supercontig_000003418,3,1863,621859640,2033576514
GL852941.1,Chr3_supercontig_000003419,3,2271,621861911,2033578785
GL852942.1,Chr3_supercontig_000003420,3,2132,621864043,2033580917
GL852943.1,Chr3_supercontig_000003421,3,2725,621866768,2033583642
GL852944.1,Chr3_supercontig_000003422,3,1712,621868480,2033585354
GL852945.1,Chr3_supercontig_000003423,3,4594,621873074,2033589948
GL852946.1,Chr3_supercontig_000003424,3,2304,621875378,2033592252
GL852947.1,Chr3_supercontig_000003425,3,4721,621880099,2033596973
GL852948.1,Chr3_supercontig_000003426,3,2885,621882984,2033599858
GL852949.1,Chr3_supercontig_000003427,3,1725,621884709,2033601583
GL852950.1,Chr3_supercontig_000003428,3,1745,621886454,2033603328
GL852951.1,Chr3_supercontig_000003429,3,2119,621888573,2033605447
GL852952.1,Chr3_supercontig_000003430,3,4270,621892843,2033609717
GL852953.1,Chr3_supercontig_000003431,3,1604,621894447,2033611321
GL852954.1,Chr3_supercontig_000003432,3,1927,621896374,2033613248
GL852955.1,Chr3_supercontig_000003433,3,2647,621899021,2033615895
GL852956.1,Chr3_supercontig_000003434,3,1829,621900850,2033617724
GL852957.1,Chr3_supercontig_000003435,3,3034,621903884,2033620758
GL852958.1,Chr3_supercontig_000003436,3,3440,621907324,2033624198
GL852959.1,Chr3_supercontig_000003437,3,2204,621909528,2033626402
GL852960.1,Chr3_supercontig_000003438,3,3141,621912669,2033629543
GL852961.1,Chr3_supercontig_000003439,3,5489,621918158,2033635032
GL852962.1,Chr3_supercontig_000003440,3,3520,621921678,2033638552
GL852963.1,Chr3_supercontig_000003441,3,2222,621923900,2033640774
GL852964.1,Chr3_supercontig_000003442,3,2354,621926254,2033643128
GL852965.1,Chr3_supercontig_000003443,3,1854,621928108,2033644982
GL852966.1,Chr3_supercontig_000003444,3,1772,621929880,2033646754
GL852967.1,Chr3_supercontig_000003445,3,1950,621931830,2033648704
GL852968.1,Chr3_supercontig_000003446,3,2857,621934687,2033651561
GL852969.1,Chr3_supercontig_000003447,3,1512,621936199,2033653073
GL852970.1,Chr3_supercontig_000003448,3,4295,621940494,2033657368
GL852971.1,Chr3_supercontig_000003449,3,2972,621943466,2033660340
GL852972.1,Chr3_supercontig_000003450,3,2036,621945502,2033662376
GL852973.1,Chr3_supercontig_000003451,3,4736,621950238,2033667112
GL852974.1,Chr3_supercontig_000003452,3,1702,621951940,2033668814
GL852975.1,Chr3_supercontig_000003453,3,10334,621962274,2033679148
GL852976.1,Chr3_supercontig_000003454,3,1648,621963922,2033680796
GL852977.1,Chr3_supercontig_000003455,3,3607,621967529,2033684403
GL852978.1,Chr3_supercontig_000003456,3,3007,621970536,2033687410
GL852979.1,Chr3_supercontig_000003457,3,7463,621977999,2033694873
GL852980.1,Chr3_supercontig_000003458,3,3719,621981718,2033698592
GL852981.1,Chr3_supercontig_000003459,3,7025,621988743,2033705617
GL852982.1,Chr3_supercontig_000003460,3,6270,621995013,2033711887
GL852983.1,Chr3_supercontig_000003461,3,2093,621997106,2033713980
GL852984.1,Chr3_supercontig_000003462,3,5127,622002233,2033719107
GL852985.1,Chr3_supercontig_000003463,3,4038,622006271,2033723145
GL852986.1,Chr3_supercontig_000003464,3,2144,622008415,2033725289
GL852987.1,Chr3_supercontig_000003465,3,1661,622010076,2033726950
GL852988.1,Chr3_supercontig_000003466,3,1749,622011825,2033728699
GL852989.1,Chr3_supercontig_000003467,3,3896,622015721,2033732595
GL852990.1,Chr3_supercontig_000003468,3,2077,622017798,2033734672
GL852991.1,Chr3_supercontig_000003469,3,6312,622024110,2033740984
GL852992.1,Chr3_supercontig_000003470,3,2130,622026240,2033743114
GL852993.1,Chr3_supercontig_000003471,3,4868,622031108,2033747982
GL852994.1,Chr3_supercontig_000003472,3,2562,622033670,2033750544
GL852995.1,Chr3_supercontig_000003473,3,2306,622035976,2033752850
GL852996.1,Chr3_supercontig_000003474,3,1626,622037602,2033754476
GL852997.1,Chr3_supercontig_000003475,3,2239,622039841,2033756715
GL852998.1,Chr3_supercontig_000003476,3,10106,622049947,2033766821
GL852999.1,Chr3_supercontig_000003477,3,1742,622051689,2033768563
GL853000.1,Chr3_supercontig_000003478,3,4231,622055920,2033772794
GL853001.1,Chr3_supercontig_000003479,3,1584,622057504,2033774378
GL853002.1,Chr3_supercontig_000003480,3,2313,622059817,2033776691
GL853003.1,Chr3_supercontig_000003481,3,6154,622065971,2033782845
GL853004.1,Chr3_supercontig_000003482,3,3373,622069344,2033786218
GL853005.1,Chr3_supercontig_000003483,3,1914,622071258,2033788132
GL853006.1,Chr3_supercontig_000003484,3,14844,622086102,2033802976
GL853007.1,Chr3_supercontig_000003485,3,3847,622089949,2033806823
GL853008.1,Chr3_supercontig_000003486,3,1926,622091875,2033808749
GL853009.1,Chr3_supercontig_000003487,3,3440,622095315,2033812189
GL853010.1,Chr3_supercontig_000003488,3,5449,622100764,2033817638
GL853011.1,Chr3_supercontig_000003489,3,1647,622102411,2033819285
GL853012.1,Chr3_supercontig_000003490,3,2043,622104454,2033821328
GL853013.1,Chr3_supercontig_000003491,3,2757,622107211,2033824085
GL853014.1,Chr3_supercontig_000003492,3,1841,622109052,2033825926
GL853015.1,Chr3_supercontig_000003493,3,1910,622110962,2033827836
GL853016.1,Chr3_supercontig_000003494,3,2311,622113273,2033830147
GL853017.1,Chr3_supercontig_000003495,3,1518,622114791,2033831665
GL853018.1,Chr3_supercontig_000003496,3,3157,622117948,2033834822
GL853019.1,Chr3_supercontig_000003497,3,3304,622121252,2033838126
GL853020.1,Chr3_supercontig_000003498,3,2342,622123594,2033840468
GL853021.1,Chr3_supercontig_000003499,3,2393,622125987,2033842861
GL853022.1,Chr3_supercontig_000003500,3,1923,622127910,2033844784
GL853023.1,Chr3_supercontig_000003501,3,2399,622130309,2033847183
GL853024.1,Chr3_supercontig_000003502,3,1694,622132003,2033848877
GL853025.1,Chr3_supercontig_000003503,3,19498,622151501,2033868375
GL853026.1,Chr3_supercontig_000003504,3,1766,622153267,2033870141
GL853027.1,Chr3_supercontig_000003505,3,4651,622157918,2033874792
GL853028.1,Chr3_supercontig_000003506,3,1858,622159776,2033876650
GL853029.1,Chr3_supercontig_000003507,3,22205,622181981,2033898855
GL853030.1,Chr3_supercontig_000003508,3,2060,622184041,2033900915
GL853031.1,Chr3_supercontig_000003509,3,1940,622185981,2033902855
GL853032.1,Chr3_supercontig_000003510,3,2075,622188056,2033904930
GL853033.1,Chr3_supercontig_000003511,3,3122,622191178,2033908052
GL853034.1,Chr3_supercontig_000003512,3,1688,622192866,2033909740
GL853035.1,Chr3_supercontig_000003513,3,2121,622194987,2033911861
GL853036.1,Chr3_supercontig_000003514,3,3520,622198507,2033915381
GL853037.1,Chr3_supercontig_000003515,3,2439,622200946,2033917820
GL853038.1,Chr3_supercontig_000003516,3,1549,622202495,2033919369
GL853039.1,Chr3_supercontig_000003517,3,4132,622206627,2033923501
GL853040.1,Chr3_supercontig_000003518,3,2851,622209478,2033926352
GL853041.1,Chr3_supercontig_000003519,3,5214,622214692,2033931566
GL853042.1,Chr3_supercontig_000003520,3,4440,622219132,2033936006
GL853043.1,Chr3_supercontig_000003521,3,6640,622225772,2033942646
GL853044.1,Chr3_supercontig_000003522,3,1562,622227334,2033944208
GL853045.1,Chr3_supercontig_000003523,3,2110,622229444,2033946318
GL853046.1,Chr3_supercontig_000003524,3,2011,622231455,2033948329
GL853047.1,Chr3_supercontig_000003525,3,2993,622234448,2033951322
GL853048.1,Chr3_supercontig_000003526,3,1556,622236004,2033952878
GL853049.1,Chr3_supercontig_000003527,3,1969,622237973,2033954847
GL853050.1,Chr3_supercontig_000003528,3,1773,622239746,2033956620
GL853051.1,Chr3_supercontig_000003529,3,2414,622242160,2033959034
GL853052.1,Chr3_supercontig_000003530,3,1963,622244123,2033960997
GL853053.1,Chr3_supercontig_000003531,3,1925,622246048,2033962922
GL853054.1,Chr3_supercontig_000003532,3,2421,622248469,2033965343
GL853055.1,Chr3_supercontig_000003533,3,1699,622250168,2033967042
GL853056.1,Chr3_supercontig_000003534,3,2084,622252252,2033969126
GL853057.1,Chr3_supercontig_000003535,3,1590,622253842,2033970716
GL853058.1,Chr3_supercontig_000003536,3,2068,622255910,2033972784
GL853059.1,Chr3_supercontig_000003537,3,1518,622257428,2033974302
GL853060.1,Chr3_supercontig_000003538,3,2438,622259866,2033976740
GL853061.1,Chr3_supercontig_000003539,3,1507,622261373,2033978247
GL853062.1,Chr3_supercontig_000003540,3,2240,622263613,2033980487
GL853063.1,Chr3_supercontig_000003541,3,1705,622265318,2033982192
GL853064.1,Chr3_supercontig_000003542,3,1632,622266950,2033983824
GL853065.1,Chr3_supercontig_000003543,3,1562,622268512,2033985386
GL853066.1,Chr3_supercontig_000003544,3,3490,622272002,2033988876
GL853067.1,Chr3_supercontig_000003545,3,3442,622275444,2033992318
GL853068.1,Chr3_supercontig_000003546,3,4039,622279483,2033996357
GL853069.1,Chr3_supercontig_000003547,3,4495,622283978,2034000852
GL853070.1,Chr3_supercontig_000003548,3,3384,622287362,2034004236
GL853071.1,Chr3_supercontig_000003549,3,2164,622289526,2034006400
GL853072.1,Chr3_supercontig_000003550,3,7459,622296985,2034013859
GL853073.1,Chr3_supercontig_000003551,3,1601,622298586,2034015460
GL853074.1,Chr3_supercontig_000003552,3,1750,622300336,2034017210
GL853075.1,Chr3_supercontig_000003553,3,2794,622303130,2034020004
GL853076.1,Chr3_supercontig_000003554,3,1958,622305088,2034021962
GL853077.1,Chr3_supercontig_000003555,3,54590,622359678,2034076552
GL853078.1,Chr3_supercontig_000003556,3,6813,622366491,2034083365
GL853079.1,Chr3_supercontig_000003557,3,2483,622368974,2034085848
GL853080.1,Chr3_supercontig_000003558,3,4835,622373809,2034090683
GL853081.1,Chr3_supercontig_000003559,3,2338,622376147,2034093021
GL853082.1,Chr3_supercontig_000003560,3,2475,622378622,2034095496
GL853083.1,Chr3_supercontig_000003561,3,20139,622398761,2034115635
GL853084.1,Chr3_supercontig_000003562,3,2865,622401626,2034118500
GL853085.1,Chr3_supercontig_000003563,3,1899,622403525,2034120399
GL853086.1,Chr3_supercontig_000003564,3,2046,622405571,2034122445
GL853087.1,Chr3_supercontig_000003565,3,3962,622409533,2034126407
GL853088.1,Chr3_supercontig_000003566,3,14749,622424282,2034141156
GL853089.1,Chr3_supercontig_000003567,3,7176,622431458,2034148332
GL853090.1,Chr3_supercontig_000003568,3,1853,622433311,2034150185
GL853091.1,Chr3_supercontig_000003569,3,1710,622435021,2034151895
GL853092.1,Chr3_supercontig_000003570,3,1981,622437002,2034153876
GL853093.1,Chr3_supercontig_000003571,3,2674,622439676,2034156550
GL853094.1,Chr3_supercontig_000003572,3,1732,622441408,2034158282
GL853095.1,Chr3_supercontig_000003573,3,2090,622443498,2034160372
GL853096.1,Chr3_supercontig_000003574,3,3111,622446609,2034163483
GL853097.1,Chr3_supercontig_000003575,3,3740,622450349,2034167223
GL853098.1,Chr3_supercontig_000003576,3,2589,622452938,2034169812
GL853099.1,Chr3_supercontig_000003577,3,3113,622456051,2034172925
GL853100.1,Chr3_supercontig_000003578,3,2451,622458502,2034175376
GL853101.1,Chr3_supercontig_000003579,3,2679,622461181,2034178055
GL853102.1,Chr3_supercontig_000003580,3,2196,622463377,2034180251
GL853103.1,Chr3_supercontig_000003581,3,3691,622467068,2034183942
GL853104.1,Chr3_supercontig_000003582,3,1664,622468732,2034185606
GL853105.1,Chr3_supercontig_000003583,3,1821,622470553,2034187427
GL853106.1,Chr3_supercontig_000003584,3,1809,622472362,2034189236
GL853107.1,Chr3_supercontig_000003585,3,3560,622475922,2034192796
GL853108.1,Chr3_supercontig_000003586,3,3859,622479781,2034196655
GL853109.1,Chr3_supercontig_000003587,3,1664,622481445,2034198319
GL853110.1,Chr3_supercontig_000003588,3,1766,622483211,2034200085
GL853111.1,Chr3_supercontig_000003589,3,3128,622486339,2034203213
GL853112.1,Chr3_supercontig_000003590,3,1574,622487913,2034204787
GL853113.1,Chr3_supercontig_000003591,3,1708,622489621,2034206495
GL853114.1,Chr3_supercontig_000003592,3,10418,622500039,2034216913
GL853115.1,Chr3_supercontig_000003593,3,1834,622501873,2034218747
GL853116.1,Chr3_supercontig_000003594,3,1854,622503727,2034220601
GL853117.1,Chr3_supercontig_000003595,3,1513,622505240,2034222114
GL853118.1,Chr3_supercontig_000003596,3,1871,622507111,2034223985
GL853119.1,Chr3_supercontig_000003597,3,1813,622508924,2034225798
GL853120.1,Chr3_supercontig_000003598,3,4955,622513879,2034230753
GL853121.1,Chr3_supercontig_000003599,3,1911,622515790,2034232664
GL853122.1,Chr3_supercontig_000003600,3,2560,622518350,2034235224
GL853123.1,Chr3_supercontig_000003601,3,2131,622520481,2034237355
GL853124.1,Chr3_supercontig_000003602,3,2204,622522685,2034239559
GL853125.1,Chr3_supercontig_000003603,3,2704,622525389,2034242263
GL853126.1,Chr3_supercontig_000003604,3,4383,622529772,2034246646
GL853127.1,Chr3_supercontig_000003605,3,1763,622531535,2034248409
GL853128.1,Chr3_supercontig_000003606,3,1503,622533038,2034249912
GL853129.1,Chr3_supercontig_000003607,3,1918,622534956,2034251830
GL853130.1,Chr3_supercontig_000003608,3,1764,622536720,2034253594
GL853131.1,Chr3_supercontig_000003609,3,2246,622538966,2034255840
GL853132.1,Chr3_supercontig_000003610,3,2605,622541571,2034258445
GL853133.1,Chr3_supercontig_000003611,3,4243,622545814,2034262688
GL853134.1,Chr3_supercontig_000003612,3,1534,622547348,2034264222
GL853135.1,Chr3_supercontig_000003613,3,2486,622549834,2034266708
GL853136.1,Chr3_supercontig_000003614,3,15430,622565264,2034282138
GL853137.1,Chr3_supercontig_000003615,3,11004,622576268,2034293142
GL853138.1,Chr3_supercontig_000003616,3,9109,622585377,2034302251
GL853139.1,Chr3_supercontig_000003617,3,1998,622587375,2034304249
GL853140.1,Chr3_supercontig_000003618,3,2081,622589456,2034306330
GL853141.1,Chr3_supercontig_000003619,3,2023,622591479,2034308353
GL853142.1,Chr3_supercontig_000003620,3,1674,622593153,2034310027
GL853143.1,Chr3_supercontig_000003621,3,2736,622595889,2034312763
GL853144.1,Chr3_supercontig_000003622,3,2288,622598177,2034315051
GL853145.1,Chr3_supercontig_000003623,3,5957,622604134,2034321008
GL853146.1,Chr3_supercontig_000003624,3,3858,622607992,2034324866
GL853147.1,Chr3_supercontig_000003625,3,1597,622609589,2034326463
GL853148.1,Chr3_supercontig_000003626,3,1585,622611174,2034328048
GL853149.1,Chr3_supercontig_000003627,3,1719,622612893,2034329767
GL853150.1,Chr3_supercontig_000003628,3,1896,622614789,2034331663
GL853151.1,Chr3_supercontig_000003629,3,2275,622617064,2034333938
GL853152.1,Chr3_supercontig_000003630,3,2387,622619451,2034336325
GL853153.1,Chr3_supercontig_000003631,3,2574,622622025,2034338899
GL853154.1,Chr3_supercontig_000003632,3,3006,622625031,2034341905
GL853155.1,Chr3_supercontig_000003633,3,3242,622628273,2034345147
GL853156.1,Chr3_supercontig_000003634,3,1870,622630143,2034347017
GL853157.1,Chr3_supercontig_000003635,3,6145,622636288,2034353162
GL853158.1,Chr3_supercontig_000003636,3,1529,622637817,2034354691
GL853159.1,Chr3_supercontig_000003637,3,1505,622639322,2034356196
GL853160.1,Chr3_supercontig_000003638,3,1535,622640857,2034357731
GL853161.1,Chr3_supercontig_000003639,3,2037,622642894,2034359768
GL853162.1,Chr3_supercontig_000003640,3,3915,622646809,2034363683
GL853163.1,Chr3_supercontig_000003641,3,1709,622648518,2034365392
GL853164.1,Chr3_supercontig_000003642,3,1610,622650128,2034367002
GL853165.1,Chr3_supercontig_000003643,3,2549,622652677,2034369551
GL853166.1,Chr3_supercontig_000003644,3,2947,622655624,2034372498
GL853167.1,Chr3_supercontig_000003645,3,3260,622658884,2034375758
GL853168.1,Chr3_supercontig_000003646,3,2066,622660950,2034377824
GL853169.1,Chr3_supercontig_000003647,3,2135,622663085,2034379959
GL853170.1,Chr3_supercontig_000003648,3,1852,622664937,2034381811
GL853171.1,Chr3_supercontig_000003649,3,3634,622668571,2034385445
GL853172.1,Chr3_supercontig_000003650,3,1540,622670111,2034386985
GL853173.1,Chr3_supercontig_000003651,3,1836,622671947,2034388821
GL853174.1,Chr3_supercontig_000003652,3,1648,622673595,2034390469
GL853175.1,Chr3_supercontig_000003653,3,2069,622675664,2034392538
GL853176.1,Chr3_supercontig_000003654,3,2112,622677776,2034394650
GL853177.1,Chr3_supercontig_000003655,3,1589,622679365,2034396239
GL853178.1,Chr3_supercontig_000003656,3,2304,622681669,2034398543
GL853179.1,Chr3_supercontig_000003657,3,2333,622684002,2034400876
GL853180.1,Chr3_supercontig_000003658,3,2498,622686500,2034403374
GL853181.1,Chr3_supercontig_000003659,3,3926,622690426,2034407300
GL853182.1,Chr3_supercontig_000003660,3,2579,622693005,2034409879
GL853183.1,Chr3_supercontig_000003661,3,1535,622694540,2034411414
GL853184.1,Chr3_supercontig_000003662,3,3283,622697823,2034414697
GL853185.1,Chr3_supercontig_000003663,3,1959,622699782,2034416656
GL853186.1,Chr3_supercontig_000003664,3,1671,622701453,2034418327
GL853187.1,Chr3_supercontig_000003665,3,2189,622703642,2034420516
GL853188.1,Chr3_supercontig_000003666,3,2380,622706022,2034422896
GL853189.1,Chr3_supercontig_000003667,3,3740,622709762,2034426636
GL853190.1,Chr3_supercontig_000003668,3,2862,622712624,2034429498
GL853191.1,Chr3_supercontig_000003669,3,2041,622714665,2034431539
GL853192.1,Chr3_supercontig_000003670,3,2187,622716852,2034433726
GL853193.1,Chr3_supercontig_000003671,3,3539,622720391,2034437265
GL853194.1,Chr3_supercontig_000003672,3,1629,622722020,2034438894
GL853195.1,Chr3_supercontig_000003673,3,4173,622726193,2034443067
GL853196.1,Chr3_supercontig_000003674,3,1781,622727974,2034444848
GL853197.1,Chr3_supercontig_000003675,3,2359,622730333,2034447207
GL853198.1,Chr3_supercontig_000003676,3,4882,622735215,2034452089
GL853199.1,Chr3_supercontig_000003677,3,2160,622737375,2034454249
GL853200.1,Chr3_supercontig_000003678,3,2814,622740189,2034457063
GL853201.1,Chr3_supercontig_000003679,3,1580,622741769,2034458643
GL853202.1,Chr3_supercontig_000003680,3,2222,622743991,2034460865
GL853203.1,Chr3_supercontig_000003681,3,2612,622746603,2034463477
GL853204.1,Chr3_supercontig_000003682,3,1882,622748485,2034465359
GL853205.1,Chr3_supercontig_000003683,3,2172,622750657,2034467531
GL853206.1,Chr3_supercontig_000003684,3,2887,622753544,2034470418
GL853207.1,Chr3_supercontig_000003685,3,2786,622756330,2034473204
GL853208.1,Chr3_supercontig_000003686,3,3459,622759789,2034476663
GL853209.1,Chr3_supercontig_000003687,3,1869,622761658,2034478532
GL853210.1,Chr3_supercontig_000003688,3,1724,622763382,2034480256
GL853211.1,Chr3_supercontig_000003689,3,2338,622765720,2034482594
GL853212.1,Chr3_supercontig_000003690,3,2648,622768368,2034485242
GL853213.1,Chr3_supercontig_000003691,3,2515,622770883,2034487757
GL853214.1,Chr3_supercontig_000003692,3,6068,622776951,2034493825
GL853215.1,Chr3_supercontig_000003693,3,2309,622779260,2034496134
GL853216.1,Chr3_supercontig_000003694,3,2287,622781547,2034498421
GL853217.1,Chr3_supercontig_000003695,3,1946,622783493,2034500367
GL853218.1,Chr3_supercontig_000003696,3,2445,622785938,2034502812
GL853219.1,Chr3_supercontig_000003697,3,2095,622788033,2034504907
GL853220.1,Chr3_supercontig_000003698,3,2948,622790981,2034507855
GL853221.1,Chr3_supercontig_000003699,3,4870,622795851,2034512725
GL853222.1,Chr3_supercontig_000003700,3,1516,622797367,2034514241
GL853223.1,Chr3_supercontig_000003701,3,1638,622799005,2034515879
GL853224.1,Chr3_supercontig_000003702,3,3226,622802231,2034519105
GL853225.1,Chr3_supercontig_000003703,3,2010,622804241,2034521115
GL853226.1,Chr3_supercontig_000003704,3,2147,622806388,2034523262
GL853227.1,Chr3_supercontig_000003705,3,2582,622808970,2034525844
GL853228.1,Chr3_supercontig_000003706,3,1710,622810680,2034527554
GL853229.1,Chr3_supercontig_000003707,3,1510,622812190,2034529064
GL853230.1,Chr3_supercontig_000003708,3,1685,622813875,2034530749
GL853231.1,Chr3_supercontig_000003709,3,3008,622816883,2034533757
GL853232.1,Chr3_supercontig_000003710,3,10623,622827506,2034544380
GL853233.1,Chr3_supercontig_000003711,3,1883,622829389,2034546263
GL853234.1,Chr3_supercontig_000003712,3,2272,622831661,2034548535
GL853235.1,Chr3_supercontig_000003713,3,2825,622834486,2034551360
GL853236.1,Chr3_supercontig_000003714,3,3174,622837660,2034554534
GL853237.1,Chr3_supercontig_000003715,3,4140,622841800,2034558674
GL853238.1,Chr3_supercontig_000003716,3,1903,622843703,2034560577
GL853239.1,Chr3_supercontig_000003717,3,19316,622863019,2034579893
GL853240.1,Chr3_supercontig_000003718,3,2255,622865274,2034582148
GL853241.1,Chr3_supercontig_000003719,3,3322,622868596,2034585470
GL853242.1,Chr3_supercontig_000003720,3,3011,622871607,2034588481
GL853243.1,Chr3_supercontig_000003721,3,6022,622877629,2034594503
GL853244.1,Chr3_supercontig_000003722,3,7531,622885160,2034602034
GL853245.1,Chr3_supercontig_000003723,3,1794,622886954,2034603828
GL853246.1,Chr3_supercontig_000003724,3,1858,622888812,2034605686
GL853247.1,Chr3_supercontig_000003725,3,3317,622892129,2034609003
GL853248.1,Chr3_supercontig_000003726,3,1879,622894008,2034610882
GL853249.1,Chr3_supercontig_000003727,3,3429,622897437,2034614311
GL853250.1,Chr3_supercontig_000003728,3,3738,622901175,2034618049
GL853251.1,Chr3_supercontig_000003729,3,2913,622904088,2034620962
GL853252.1,Chr3_supercontig_000003730,3,1810,622905898,2034622772
GL853253.1,Chr3_supercontig_000003731,3,1673,622907571,2034624445
GL853254.1,Chr3_supercontig_000003732,3,6803,622914374,2034631248
GL853255.1,Chr3_supercontig_000003733,3,4449,622918823,2034635697
GL853256.1,Chr3_supercontig_000003734,3,2089,622920912,2034637786
GL853257.1,Chr3_supercontig_000003735,3,2874,622923786,2034640660
GL853258.1,Chr3_supercontig_000003736,3,5910,622929696,2034646570
GL853259.1,Chr3_supercontig_000003737,3,3432,622933128,2034650002
GL853260.1,Chr3_supercontig_000003738,3,2032,622935160,2034652034
GL853261.1,Chr3_supercontig_000003739,3,2620,622937780,2034654654
GL853262.1,Chr3_supercontig_000003740,3,1758,622939538,2034656412
GL853263.1,Chr3_supercontig_000003741,3,1812,622941350,2034658224
GL853264.1,Chr3_supercontig_000003742,3,1923,622943273,2034660147
GL853265.1,Chr3_supercontig_000003743,3,2933,622946206,2034663080
GL853266.1,Chr3_supercontig_000003744,3,1923,622948129,2034665003
GL853267.1,Chr3_supercontig_000003745,3,1640,622949769,2034666643
GL853268.1,Chr3_supercontig_000003746,3,2837,622952606,2034669480
GL853269.1,Chr3_supercontig_000003747,3,9407,622962013,2034678887
GL853270.1,Chr3_supercontig_000003748,3,2076,622964089,2034680963
GL853271.1,Chr3_supercontig_000003749,3,1607,622965696,2034682570
GL853272.1,Chr3_supercontig_000003750,3,6044,622971740,2034688614
GL853273.1,Chr3_supercontig_000003751,3,3036,622974776,2034691650
GL853274.1,Chr3_supercontig_000003752,3,2333,622977109,2034693983
GL853275.1,Chr3_supercontig_000003753,3,2292,622979401,2034696275
GL853276.1,Chr3_supercontig_000003754,3,3914,622983315,2034700189
GL853277.1,Chr3_supercontig_000003755,3,3121,622986436,2034703310
GL853278.1,Chr3_supercontig_000003756,3,1580,622988016,2034704890
GL853279.1,Chr3_supercontig_000003757,3,1697,622989713,2034706587
GL853280.1,Chr3_supercontig_000003758,3,1761,622991474,2034708348
GL853281.1,Chr3_supercontig_000003759,3,1911,622993385,2034710259
GL853282.1,Chr3_supercontig_000003760,3,5405,622998790,2034715664
GL853283.1,Chr3_supercontig_000003761,3,4184,623002974,2034719848
GL853284.1,Chr3_supercontig_000003762,3,2030,623005004,2034721878
GL853285.1,Chr3_supercontig_000003763,3,3119,623008123,2034724997
GL853286.1,Chr3_supercontig_000003764,3,3038,623011161,2034728035
GL853287.1,Chr3_supercontig_000003765,3,2406,623013567,2034730441
GL853288.1,Chr3_supercontig_000003766,3,3797,623017364,2034734238
GL853289.1,Chr3_supercontig_000003767,3,1750,623019114,2034735988
GL853290.1,Chr3_supercontig_000003768,3,1537,623020651,2034737525
GL853291.1,Chr3_supercontig_000003769,3,2421,623023072,2034739946
GL853292.1,Chr3_supercontig_000003770,3,2135,623025207,2034742081
GL853293.1,Chr3_supercontig_000003771,3,1869,623027076,2034743950
GL853294.1,Chr3_supercontig_000003772,3,4539,623031615,2034748489
GL853295.1,Chr3_supercontig_000003773,3,1633,623033248,2034750122
GL853296.1,Chr3_supercontig_000003774,3,1712,623034960,2034751834
GL853297.1,Chr3_supercontig_000003775,3,2168,623037128,2034754002
GL853298.1,Chr3_supercontig_000003776,3,1609,623038737,2034755611
GL853299.1,Chr3_supercontig_000003777,3,6522,623045259,2034762133
GL853300.1,Chr3_supercontig_000003778,3,2961,623048220,2034765094
GL853301.1,Chr3_supercontig_000003779,3,1518,623049738,2034766612
GL853302.1,Chr3_supercontig_000003780,3,5236,623054974,2034771848
GL853303.1,Chr3_supercontig_000003781,3,1916,623056890,2034773764
GL853304.1,Chr3_supercontig_000003782,3,2490,623059380,2034776254
GL853305.1,Chr3_supercontig_000003783,3,2012,623061392,2034778266
GL853306.1,Chr3_supercontig_000003784,3,1977,623063369,2034780243
GL853307.1,Chr3_supercontig_000003785,3,2496,623065865,2034782739
GL853308.1,Chr3_supercontig_000003786,3,1565,623067430,2034784304
GL853309.1,Chr3_supercontig_000003787,3,2003,623069433,2034786307
GL853310.1,Chr3_supercontig_000003788,3,1592,623071025,2034787899
GL853311.1,Chr3_supercontig_000003789,3,2098,623073123,2034789997
GL853312.1,Chr3_supercontig_000003790,3,2174,623075297,2034792171
GL853313.1,Chr3_supercontig_000003791,3,2457,623077754,2034794628
GL853314.1,Chr3_supercontig_000003792,3,1619,623079373,2034796247
GL853315.1,Chr3_supercontig_000003793,3,1557,623080930,2034797804
GL853316.1,Chr3_supercontig_000003794,3,2253,623083183,2034800057
GL853317.1,Chr3_supercontig_000003795,3,2521,623085704,2034802578
GL853318.1,Chr3_supercontig_000003796,3,3036,623088740,2034805614
GL853319.1,Chr3_supercontig_000003797,3,1811,623090551,2034807425
GL853320.1,Chr3_supercontig_000003798,3,1500,623092051,2034808925
GL853321.1,Chr3_supercontig_000003799,3,1954,623094005,2034810879
GL853322.1,Chr3_supercontig_000003800,3,2530,623096535,2034813409
GL853323.1,Chr3_supercontig_000003801,3,3122,623099657,2034816531
GL853324.1,Chr3_supercontig_000003802,3,1573,623101230,2034818104
GL853325.1,Chr3_supercontig_000003803,3,4097,623105327,2034822201
GL853326.1,Chr3_supercontig_000003804,3,2420,623107747,2034824621
GL853327.1,Chr3_supercontig_000003805,3,3204,623110951,2034827825
GL853328.1,Chr3_supercontig_000003806,3,5688,623116639,2034833513
GL853329.1,Chr3_supercontig_000003807,3,1508,623118147,2034835021
GL853330.1,Chr3_supercontig_000003808,3,1880,623120027,2034836901
GL853331.1,Chr3_supercontig_000003809,3,4578,623124605,2034841479
GL853332.1,Chr3_supercontig_000003810,3,2153,623126758,2034843632
GL853333.1,Chr3_supercontig_000003811,3,4326,623131084,2034847958
GL853334.1,Chr3_supercontig_000003812,3,2281,623133365,2034850239
GL853335.1,Chr3_supercontig_000003813,3,2720,623136085,2034852959
GL853336.1,Chr3_supercontig_000003814,3,4697,623140782,2034857656
GL853337.1,Chr3_supercontig_000003815,3,4121,623144903,2034861777
GL853338.1,Chr3_supercontig_000003816,3,3269,623148172,2034865046
GL853339.1,Chr3_supercontig_000003817,3,1844,623150016,2034866890
GL853340.1,Chr3_supercontig_000003818,3,3014,623153030,2034869904
GL853341.1,Chr3_supercontig_000003819,3,2077,623155107,2034871981
GL853342.1,Chr3_supercontig_000003820,3,1583,623156690,2034873564
GL853343.1,Chr3_supercontig_000003821,3,1708,623158398,2034875272
GL853344.1,Chr3_supercontig_000003822,3,12065,623170463,2034887337
GL853345.1,Chr3_supercontig_000003823,3,1793,623172256,2034889130
GL853346.1,Chr3_supercontig_000003824,3,4374,623176630,2034893504
GL853347.1,Chr3_supercontig_000003825,3,1744,623178374,2034895248
GL853348.1,Chr3_supercontig_000003826,3,2772,623181146,2034898020
GL853349.1,Chr3_supercontig_000003827,3,2399,623183545,2034900419
GL853350.1,Chr3_supercontig_000003828,3,3197,623186742,2034903616
GL853351.1,Chr3_supercontig_000003829,3,2336,623189078,2034905952
GL853352.1,Chr3_supercontig_000003830,3,2991,623192069,2034908943
GL853353.1,Chr3_supercontig_000003831,3,3600,623195669,2034912543
GL853354.1,Chr3_supercontig_000003832,3,1577,623197246,2034914120
GL853355.1,Chr3_supercontig_000003833,3,2587,623199833,2034916707
GL853356.1,Chr3_supercontig_000003834,3,2587,623202420,2034919294
GL853357.1,Chr3_supercontig_000003835,3,1929,623204349,2034921223
GL853358.1,Chr3_supercontig_000003836,3,14228,623218577,2034935451
GL853359.1,Chr3_supercontig_000003837,3,4125,623222702,2034939576
GL853360.1,Chr3_supercontig_000003838,3,1853,623224555,2034941429
GL853361.1,Chr3_supercontig_000003839,3,4366,623228921,2034945795
GL853362.1,Chr3_supercontig_000003840,3,2126,623231047,2034947921
GL853363.1,Chr3_supercontig_000003841,3,1806,623232853,2034949727
GL853364.1,Chr3_supercontig_000003842,3,4768,623237621,2034954495
GL853365.1,Chr3_supercontig_000003843,3,12159,623249780,2034966654
GL853366.1,Chr3_supercontig_000003844,3,2680,623252460,2034969334
GL853367.1,Chr3_supercontig_000003845,3,2233,623254693,2034971567
GL853368.1,Chr3_supercontig_000003846,3,3713,623258406,2034975280
GL853369.1,Chr3_supercontig_000003847,3,4764,623263170,2034980044
GL853370.1,Chr3_supercontig_000003848,3,2952,623266122,2034982996
GL853371.1,Chr3_supercontig_000003849,3,1577,623267699,2034984573
GL853372.1,Chr3_supercontig_000003850,3,3498,623271197,2034988071
GL853373.1,Chr3_supercontig_000003851,3,1688,623272885,2034989759
GL853374.1,Chr3_supercontig_000003852,3,2968,623275853,2034992727
GL853375.1,Chr3_supercontig_000003853,3,1706,623277559,2034994433
GL853376.1,Chr3_supercontig_000003854,3,7092,623284651,2035001525
GL853377.1,Chr3_supercontig_000003855,3,4063,623288714,2035005588
GL853378.1,Chr3_supercontig_000003856,3,1615,623290329,2035007203
GL853379.1,Chr3_supercontig_000003857,3,1557,623291886,2035008760
GL853380.1,Chr3_supercontig_000003858,3,1934,623293820,2035010694
GL853381.1,Chr3_supercontig_000003859,3,4876,623298696,2035015570
GL853382.1,Chr3_supercontig_000003860,3,1868,623300564,2035017438
GL853383.1,Chr3_supercontig_000003861,3,1617,623302181,2035019055
GL853384.1,Chr3_supercontig_000003862,3,4238,623306419,2035023293
GL853385.1,Chr3_supercontig_000003863,3,2311,623308730,2035025604
GL853386.1,Chr3_supercontig_000003864,3,6188,623314918,2035031792
GL853387.1,Chr3_supercontig_000003865,3,4871,623319789,2035036663
GL853388.1,Chr3_supercontig_000003866,3,4179,623323968,2035040842
GL853389.1,Chr3_supercontig_000003867,3,2179,623326147,2035043021
GL853390.1,Chr3_supercontig_000003868,3,1580,623327727,2035044601
GL853391.1,Chr3_supercontig_000003869,3,1694,623329421,2035046295
GL853392.1,Chr3_supercontig_000003870,3,2135,623331556,2035048430
GL853393.1,Chr3_supercontig_000003871,3,4428,623335984,2035052858
GL853394.1,Chr3_supercontig_000003872,3,2890,623338874,2035055748
GL853395.1,Chr3_supercontig_000003873,3,1569,623340443,2035057317
GL853396.1,Chr3_supercontig_000003874,3,3254,623343697,2035060571
GL853397.1,Chr3_supercontig_000003875,3,5448,623349145,2035066019
GL853398.1,Chr3_supercontig_000003876,3,3462,623352607,2035069481
GL853399.1,Chr3_supercontig_000003877,3,1648,623354255,2035071129
GL853400.1,Chr3_supercontig_000003878,3,2273,623356528,2035073402
GL853401.1,Chr3_supercontig_000003879,3,3379,623359907,2035076781
GL853402.1,Chr3_supercontig_000003880,3,1920,623361827,2035078701
GL853403.1,Chr3_supercontig_000003881,3,2010,623363837,2035080711
GL853404.1,Chr3_supercontig_000003882,3,2858,623366695,2035083569
GL853405.1,Chr3_supercontig_000003883,3,4724,623371419,2035088293
GL853406.1,Chr3_supercontig_000003884,3,2178,623373597,2035090471
GL853407.1,Chr3_supercontig_000003885,3,3585,623377182,2035094056
GL853408.1,Chr3_supercontig_000003886,3,2491,623379673,2035096547
GL853409.1,Chr3_supercontig_000003887,3,2228,623381901,2035098775
GL853410.1,Chr3_supercontig_000003888,3,2324,623384225,2035101099
GL853411.1,Chr3_supercontig_000003889,3,2063,623386288,2035103162
GL853412.1,Chr3_supercontig_000003890,3,3375,623389663,2035106537
GL853413.1,Chr3_supercontig_000003891,3,3401,623393064,2035109938
GL853414.1,Chr3_supercontig_000003892,3,5694,623398758,2035115632
GL853415.1,Chr3_supercontig_000003893,3,2741,623401499,2035118373
GL853416.1,Chr3_supercontig_000003894,3,1935,623403434,2035120308
GL853417.1,Chr3_supercontig_000003895,3,4045,623407479,2035124353
GL853418.1,Chr3_supercontig_000003896,3,1501,623408980,2035125854
GL853419.1,Chr3_supercontig_000003897,3,3100,623412080,2035128954
GL853420.1,Chr3_supercontig_000003898,3,1951,623414031,2035130905
GL853421.1,Chr3_supercontig_000003899,3,2084,623416115,2035132989
GL853422.1,Chr3_supercontig_000003900,3,5637,623421752,2035138626
GL853423.1,Chr3_supercontig_000003901,3,2200,623423952,2035140826
GL853424.1,Chr3_supercontig_000003902,3,1798,623425750,2035142624
GL853425.1,Chr3_supercontig_000003903,3,2293,623428043,2035144917
GL853426.1,Chr3_supercontig_000003904,3,2130,623430173,2035147047
GL853427.1,Chr3_supercontig_000003905,3,4590,623434763,2035151637
GL853428.1,Chr3_supercontig_000003906,3,2133,623436896,2035153770
GL853429.1,Chr3_supercontig_000003907,3,9695,623446591,2035163465
GL853430.1,Chr3_supercontig_000003908,3,5901,623452492,2035169366
GL853431.1,Chr3_supercontig_000003909,3,2487,623454979,2035171853
GL853432.1,Chr3_supercontig_000003910,3,1646,623456625,2035173499
GL853433.1,Chr3_supercontig_000003911,3,2034,623458659,2035175533
GL853434.1,Chr3_supercontig_000003912,3,2317,623460976,2035177850
GL853435.1,Chr3_supercontig_000003913,3,1621,623462597,2035179471
GL853436.1,Chr3_supercontig_000003914,3,2031,623464628,2035181502
GL853437.1,Chr3_supercontig_000003915,3,2340,623466968,2035183842
GL853438.1,Chr3_supercontig_000003916,3,2316,623469284,2035186158
GL853439.1,Chr3_supercontig_000003917,3,4933,623474217,2035191091
GL853440.1,Chr3_supercontig_000003918,3,1738,623475955,2035192829
GL853441.1,Chr3_supercontig_000003919,3,3473,623479428,2035196302
GL853442.1,Chr3_supercontig_000003920,3,1842,623481270,2035198144
GL853443.1,Chr3_supercontig_000003921,3,1764,623483034,2035199908
GL853444.1,Chr3_supercontig_000003922,3,2203,623485237,2035202111
GL853445.1,Chr3_supercontig_000003923,3,2228,623487465,2035204339
GL853446.1,Chr3_supercontig_000003924,3,4039,623491504,2035208378
GL853447.1,Chr3_supercontig_000003925,3,1670,623493174,2035210048
GL853448.1,Chr3_supercontig_000003926,3,2141,623495315,2035212189
GL853449.1,Chr3_supercontig_000003927,3,1820,623497135,2035214009
GL853450.1,Chr3_supercontig_000003928,3,1943,623499078,2035215952
GL853451.1,Chr3_supercontig_000003929,3,1776,623500854,2035217728
GL853452.1,Chr3_supercontig_000003930,3,3004,623503858,2035220732
GL853453.1,Chr3_supercontig_000003931,3,1728,623505586,2035222460
GL853454.1,Chr3_supercontig_000003932,3,1567,623507153,2035224027
GL853455.1,Chr3_supercontig_000003933,3,1633,623508786,2035225660
GL853456.1,Chr3_supercontig_000003934,3,1656,623510442,2035227316
GL853457.1,Chr3_supercontig_000003935,3,7979,623518421,2035235295
GL853458.1,Chr3_supercontig_000003936,3,1987,623520408,2035237282
GL853459.1,Chr3_supercontig_000003937,3,1892,623522300,2035239174
GL853460.1,Chr3_supercontig_000003938,3,1852,623524152,2035241026
GL853461.1,Chr3_supercontig_000003939,3,1536,623525688,2035242562
GL853462.1,Chr3_supercontig_000003940,3,1757,623527445,2035244319
GL853463.1,Chr3_supercontig_000003941,3,2281,623529726,2035246600
GL853464.1,Chr3_supercontig_000003942,3,2118,623531844,2035248718
GL853465.1,Chr3_supercontig_000003943,3,1851,623533695,2035250569
GL853466.1,Chr3_supercontig_000003944,3,1579,623535274,2035252148
GL853467.1,Chr3_supercontig_000003945,3,2291,623537565,2035254439
GL853468.1,Chr3_supercontig_000003946,3,3593,623541158,2035258032
GL853469.1,Chr3_supercontig_000003947,3,2142,623543300,2035260174
GL853470.1,Chr3_supercontig_000003948,3,1965,623545265,2035262139
GL853471.1,Chr3_supercontig_000003949,3,2268,623547533,2035264407
GL853472.1,Chr3_supercontig_000003950,3,1758,623549291,2035266165
GL853473.1,Chr3_supercontig_000003951,3,1809,623551100,2035267974
GL853474.1,Chr3_supercontig_000003952,3,4681,623555781,2035272655
GL853475.1,Chr3_supercontig_000003953,3,4642,623560423,2035277297
GL853476.1,Chr3_supercontig_000003954,3,2045,623562468,2035279342
GL853477.1,Chr3_supercontig_000003955,3,1512,623563980,2035280854
GL853478.1,Chr3_supercontig_000003956,3,4036,623568016,2035284890
GL853479.1,Chr3_supercontig_000003957,3,1970,623569986,2035286860
GL853480.1,Chr3_supercontig_000003958,3,3824,623573810,2035290684
GL853481.1,Chr3_supercontig_000003959,3,2061,623575871,2035292745
GL853482.1,Chr3_supercontig_000003960,3,3460,623579331,2035296205
GL853483.1,Chr3_supercontig_000003961,3,2549,623581880,2035298754
GL853484.1,Chr3_supercontig_000003962,3,1999,623583879,2035300753
GL853485.1,Chr3_supercontig_000003963,3,2642,623586521,2035303395
GL853486.1,Chr3_supercontig_000003964,3,1900,623588421,2035305295
GL853487.1,Chr3_supercontig_000003965,3,2141,623590562,2035307436
GL853488.1,Chr3_supercontig_000003966,3,4098,623594660,2035311534
GL853489.1,Chr3_supercontig_000003967,3,1550,623596210,2035313084
GL853490.1,Chr3_supercontig_000003968,3,2156,623598366,2035315240
GL853491.1,Chr3_supercontig_000003969,3,2203,623600569,2035317443
GL853492.1,Chr3_supercontig_000003970,3,2481,623603050,2035319924
GL853493.1,Chr3_supercontig_000003971,3,5872,623608922,2035325796
GL853494.1,Chr3_supercontig_000003972,3,1644,623610566,2035327440
GL853495.1,Chr3_supercontig_000003973,3,2001,623612567,2035329441
GL853496.1,Chr3_supercontig_000003974,3,1881,623614448,2035331322
GL853497.1,Chr3_supercontig_000003975,3,7014,623621462,2035338336
GL853498.1,Chr3_supercontig_000003976,3,2596,623624058,2035340932
GL853499.1,Chr3_supercontig_000003977,3,2835,623626893,2035343767
GL853500.1,Chr3_supercontig_000003978,3,2376,623629269,2035346143
GL853501.1,Chr3_supercontig_000003979,3,1919,623631188,2035348062
GL853502.1,Chr3_supercontig_000003980,3,2352,623633540,2035350414
GL853503.1,Chr3_supercontig_000003981,3,2715,623636255,2035353129
GL853504.1,Chr3_supercontig_000003982,3,13788,623650043,2035366917
GL853505.1,Chr3_supercontig_000003983,3,1734,623651777,2035368651
GL853506.1,Chr3_supercontig_000003984,3,2316,623654093,2035370967
GL853507.1,Chr3_supercontig_000003985,3,1801,623655894,2035372768
GL853508.1,Chr3_supercontig_000003986,3,1945,623657839,2035374713
GL853509.1,Chr3_supercontig_000003987,3,1816,623659655,2035376529
GL853510.1,Chr3_supercontig_000003988,3,2265,623661920,2035378794
GL853511.1,Chr3_supercontig_000003989,3,2386,623664306,2035381180
GL853512.1,Chr3_supercontig_000003990,3,2855,623667161,2035384035
GL853513.1,Chr3_supercontig_000003991,3,6871,623674032,2035390906
GL853514.1,Chr3_supercontig_000003992,3,1606,623675638,2035392512
GL853515.1,Chr3_supercontig_000003993,3,1516,623677154,2035394028
GL853516.1,Chr3_supercontig_000003994,3,21194,623698348,2035415222
GL853517.1,Chr3_supercontig_000003995,3,2139,623700487,2035417361
GL853518.1,Chr3_supercontig_000003996,3,1665,623702152,2035419026
GL853519.1,Chr3_supercontig_000003997,3,1570,623703722,2035420596
GL853520.1,Chr3_supercontig_000003998,3,2200,623705922,2035422796
GL853521.1,Chr3_supercontig_000003999,3,1732,623707654,2035424528
GL853522.1,Chr3_supercontig_000004000,3,2439,623710093,2035426967
GL853523.1,Chr3_supercontig_000004001,3,2521,623712614,2035429488
GL853524.1,Chr3_supercontig_000004002,3,2000,623714614,2035431488
GL853525.1,Chr3_supercontig_000004003,3,3380,623717994,2035434868
GL853526.1,Chr3_supercontig_000004004,3,2213,623720207,2035437081
GL853527.1,Chr3_supercontig_000004005,3,1947,623722154,2035439028
GL853528.1,Chr3_supercontig_000004006,3,3568,623725722,2035442596
GL853529.1,Chr3_supercontig_000004007,3,7030,623732752,2035449626
GL853530.1,Chr3_supercontig_000004008,3,2718,623735470,2035452344
GL853531.1,Chr3_supercontig_000004009,3,1524,623736994,2035453868
GL853532.1,Chr3_supercontig_000004010,3,1630,623738624,2035455498
GL853533.1,Chr3_supercontig_000004011,3,4491,623743115,2035459989
GL853534.1,Chr3_supercontig_000004012,3,1683,623744798,2035461672
GL853535.1,Chr3_supercontig_000004013,3,6737,623751535,2035468409
GL853536.1,Chr3_supercontig_000004014,3,2499,623754034,2035470908
GL853537.1,Chr3_supercontig_000004015,3,1696,623755730,2035472604
GL853538.1,Chr3_supercontig_000004016,3,2866,623758596,2035475470
GL853539.1,Chr3_supercontig_000004017,3,1826,623760422,2035477296
GL853540.1,Chr3_supercontig_000004018,3,2200,623762622,2035479496
GL853541.1,Chr3_supercontig_000004019,3,1789,623764411,2035481285
GL853542.1,Chr3_supercontig_000004020,3,2478,623766889,2035483763
GL853543.1,Chr3_supercontig_000004021,3,3653,623770542,2035487416
GL853544.1,Chr3_supercontig_000004022,3,2522,623773064,2035489938
GL853545.1,Chr3_supercontig_000004023,3,1738,623774802,2035491676
GL853546.1,Chr3_supercontig_000004024,3,2364,623777166,2035494040
GL853547.1,Chr3_supercontig_000004025,3,2765,623779931,2035496805
GL853548.1,Chr3_supercontig_000004026,3,2445,623782376,2035499250
GL853549.1,Chr3_supercontig_000004027,3,3450,623785826,2035502700
GL853550.1,Chr3_supercontig_000004028,3,3251,623789077,2035505951
GL853551.1,Chr3_supercontig_000004029,3,2667,623791744,2035508618
GL853552.1,Chr3_supercontig_000004030,3,4768,623796512,2035513386
GL853553.1,Chr3_supercontig_000004031,3,1612,623798124,2035514998
GL853554.1,Chr3_supercontig_000004032,3,4483,623802607,2035519481
GL853555.1,Chr3_supercontig_000004033,3,1627,623804234,2035521108
GL853556.1,Chr3_supercontig_000004034,3,2531,623806765,2035523639
GL853557.1,Chr3_supercontig_000004035,3,3404,623810169,2035527043
GL853558.1,Chr3_supercontig_000004036,3,1545,623811714,2035528588
GL853559.1,Chr3_supercontig_000004037,3,1572,623813286,2035530160
GL853560.1,Chr3_supercontig_000004038,3,1547,623814833,2035531707
GL853561.1,Chr3_supercontig_000004039,3,1524,623816357,2035533231
GL853562.1,Chr3_supercontig_000004040,3,21929,623838286,2035555160
GL853563.1,Chr3_supercontig_000004041,3,6847,623845133,2035562007
GL853564.1,Chr3_supercontig_000004042,3,2339,623847472,2035564346
GL853565.1,Chr3_supercontig_000004043,3,1680,623849152,2035566026
GL853566.1,Chr3_supercontig_000004044,3,10168,623859320,2035576194
GL853567.1,Chr3_supercontig_000004045,3,1951,623861271,2035578145
GL853568.1,Chr3_supercontig_000004046,3,2491,623863762,2035580636
GL853569.1,Chr3_supercontig_000004047,3,2240,623866002,2035582876
GL853570.1,Chr3_supercontig_000004048,3,3676,623869678,2035586552
GL853571.1,Chr3_supercontig_000004049,3,1901,623871579,2035588453
GL853572.1,Chr3_supercontig_000004050,3,2193,623873772,2035590646
GL853573.1,Chr3_supercontig_000004051,3,1604,623875376,2035592250
GL853574.1,Chr3_supercontig_000004052,3,2880,623878256,2035595130
GL853575.1,Chr3_supercontig_000004053,3,2907,623881163,2035598037
GL853576.1,Chr3_supercontig_000004054,3,3188,623884351,2035601225
GL853577.1,Chr3_supercontig_000004055,3,1582,623885933,2035602807
GL853578.1,Chr3_supercontig_000004056,3,3243,623889176,2035606050
GL853579.1,Chr3_supercontig_000004057,3,2098,623891274,2035608148
GL853580.1,Chr3_supercontig_000004058,3,2614,623893888,2035610762
GL853581.1,Chr3_supercontig_000004059,3,4211,623898099,2035614973
GL853582.1,Chr3_supercontig_000004060,3,1802,623899901,2035616775
GL853583.1,Chr3_supercontig_000004061,3,3360,623903261,2035620135
GL853584.1,Chr3_supercontig_000004062,3,4061,623907322,2035624196
GL853585.1,Chr3_supercontig_000004063,3,3154,623910476,2035627350
GL853586.1,Chr3_supercontig_000004064,3,3688,623914164,2035631038
GL853587.1,Chr3_supercontig_000004065,3,2739,623916903,2035633777
GL853588.1,Chr3_supercontig_000004066,3,20110,623937013,2035653887
GL853589.1,Chr3_supercontig_000004067,3,13362,623950375,2035667249
GL853590.1,Chr3_supercontig_000004068,3,2049,623952424,2035669298
GL853591.1,Chr3_supercontig_000004069,3,6142,623958566,2035675440
GL853592.1,Chr3_supercontig_000004070,3,2126,623960692,2035677566
GL853593.1,Chr3_supercontig_000004071,3,1713,623962405,2035679279
GL853594.1,Chr3_supercontig_000004072,3,4594,623966999,2035683873
GL853595.1,Chr3_supercontig_000004073,3,2421,623969420,2035686294
GL853596.1,Chr3_supercontig_000004074,3,3689,623973109,2035689983
GL853597.1,Chr3_supercontig_000004075,3,3966,623977075,2035693949
GL853598.1,Chr3_supercontig_000004076,3,3178,623980253,2035697127
GL853599.1,Chr3_supercontig_000004077,3,2638,623982891,2035699765
GL853600.1,Chr3_supercontig_000004078,3,2058,623984949,2035701823
GL853601.1,Chr3_supercontig_000004079,3,2359,623987308,2035704182
GL853602.1,Chr3_supercontig_000004080,3,2349,623989657,2035706531
GL853603.1,Chr3_supercontig_000004081,3,1802,623991459,2035708333
GL853604.1,Chr3_supercontig_000004082,3,2371,623993830,2035710704
GL853605.1,Chr3_supercontig_000004083,3,2532,623996362,2035713236
GL853606.1,Chr3_supercontig_000004084,3,2212,623998574,2035715448
GL853607.1,Chr3_supercontig_000004085,3,3114,624001688,2035718562
GL853608.1,Chr3_supercontig_000004086,3,3761,624005449,2035722323
GL853609.1,Chr3_supercontig_000004087,3,10082,624015531,2035732405
GL853610.1,Chr3_supercontig_000004088,3,5658,624021189,2035738063
GL853611.1,Chr3_supercontig_000004089,3,3290,624024479,2035741353
GL853612.1,Chr3_supercontig_000004090,3,2032,624026511,2035743385
GL853613.1,Chr3_supercontig_000004091,3,2945,624029456,2035746330
GL853614.1,Chr3_supercontig_000004092,3,4573,624034029,2035750903
GL853615.1,Chr3_supercontig_000004093,3,1567,624035596,2035752470
GL853616.1,Chr3_supercontig_000004094,3,1804,624037400,2035754274
GL853617.1,Chr3_supercontig_000004095,3,4330,624041730,2035758604
GL853618.1,Chr3_supercontig_000004096,3,5277,624047007,2035763881
GL853619.1,Chr3_supercontig_000004097,3,2376,624049383,2035766257
GL853620.1,Chr3_supercontig_000004098,3,2615,624051998,2035768872
GL853621.1,Chr3_supercontig_000004099,3,2808,624054806,2035771680
GL853622.1,Chr3_supercontig_000004100,3,4915,624059721,2035776595
GL853623.1,Chr3_supercontig_000004101,3,1692,624061413,2035778287
GL853624.1,Chr3_supercontig_000004102,3,1839,624063252,2035780126
GL853625.1,Chr3_supercontig_000004103,3,2227,624065479,2035782353
GL853626.1,Chr3_supercontig_000004104,3,4795,624070274,2035787148
GL853627.1,Chr3_supercontig_000004105,3,2064,624072338,2035789212
GL853628.1,Chr3_supercontig_000004106,3,1913,624074251,2035791125
GL853629.1,Chr3_supercontig_000004107,3,2995,624077246,2035794120
GL853630.1,Chr3_supercontig_000004108,3,5081,624082327,2035799201
GL853631.1,Chr3_supercontig_000004109,3,2489,624084816,2035801690
GL853632.1,Chr3_supercontig_000004110,3,4749,624089565,2035806439
GL853633.1,Chr3_supercontig_000004111,3,1501,624091066,2035807940
GL853634.1,Chr3_supercontig_000004112,3,2024,624093090,2035809964
GL853635.1,Chr3_supercontig_000004113,3,3600,624096690,2035813564
GL853636.1,Chr3_supercontig_000004114,3,2367,624099057,2035815931
GL853637.1,Chr3_supercontig_000004115,3,1534,624100591,2035817465
GL853638.1,Chr3_supercontig_000004116,3,10423,624111014,2035827888
GL853639.1,Chr3_supercontig_000004117,3,1667,624112681,2035829555
GL853640.1,Chr3_supercontig_000004118,3,5187,624117868,2035834742
GL853641.1,Chr3_supercontig_000004119,3,1844,624119712,2035836586
GL853642.1,Chr3_supercontig_000004120,3,9836,624129548,2035846422
GL853643.1,Chr3_supercontig_000004121,3,13348,624142896,2035859770
GL853644.1,Chr3_supercontig_000004122,3,10523,624153419,2035870293
GL853645.1,Chr3_supercontig_000004123,3,3034,624156453,2035873327
GL853646.1,Chr3_supercontig_000004124,3,17632,624174085,2035890959
GL853647.1,Chr3_supercontig_000004125,3,2105,624176190,2035893064
GL853648.1,Chr3_supercontig_000004126,3,2155,624178345,2035895219
GL853649.1,Chr3_supercontig_000004127,3,1600,624179945,2035896819
GL853650.1,Chr3_supercontig_000004128,3,3128,624183073,2035899947
GL853651.1,Chr3_supercontig_000004129,3,1780,624184853,2035901727
GL853652.1,Chr3_supercontig_000004130,3,2549,624187402,2035904276
GL853653.1,Chr3_supercontig_000004131,3,2453,624189855,2035906729
GL853654.1,Chr3_supercontig_000004132,3,2612,624192467,2035909341
GL853655.1,Chr3_supercontig_000004133,3,1652,624194119,2035910993
GL853656.1,Chr3_supercontig_000004134,3,1773,624195892,2035912766
GL853657.1,Chr3_supercontig_000004135,3,1980,624197872,2035914746
GL853658.1,Chr3_supercontig_000004136,3,1502,624199374,2035916248
GL853659.1,Chr3_supercontig_000004137,3,1904,624201278,2035918152
GL853660.1,Chr3_supercontig_000004138,3,1704,624202982,2035919856
GL853661.1,Chr3_supercontig_000004139,3,2560,624205542,2035922416
GL853662.1,Chr3_supercontig_000004140,3,3879,624209421,2035926295
GL853663.1,Chr3_supercontig_000004141,3,1751,624211172,2035928046
GL853664.1,Chr3_supercontig_000004142,3,1685,624212857,2035929731
GL853665.1,Chr3_supercontig_000004143,3,2738,624215595,2035932469
GL853666.1,Chr3_supercontig_000004144,3,3116,624218711,2035935585
GL853667.1,Chr3_supercontig_000004145,3,2183,624220894,2035937768
GL853668.1,Chr3_supercontig_000004146,3,1790,624222684,2035939558
GL853669.1,Chr3_supercontig_000004147,3,4816,624227500,2035944374
GL853670.1,Chr3_supercontig_000004148,3,3024,624230524,2035947398
GL853671.1,Chr3_supercontig_000004149,3,4651,624235175,2035952049
GL853672.1,Chr3_supercontig_000004150,3,1981,624237156,2035954030
GL853673.1,Chr3_supercontig_000004151,3,4244,624241400,2035958274
GL853674.1,Chr3_supercontig_000004152,3,2475,624243875,2035960749
GL853675.1,Chr3_supercontig_000004153,3,1583,624245458,2035962332
GL853676.1,Chr3_supercontig_000004154,3,2040,624247498,2035964372
GL853677.1,Chr3_supercontig_000004155,3,2732,624250230,2035967104
GL853678.1,Chr3_supercontig_000004156,3,4907,624255137,2035972011
GL853679.1,Chr3_supercontig_000004157,3,3101,624258238,2035975112
GL853680.1,Chr3_supercontig_000004158,3,5819,624264057,2035980931
GL853681.1,Chr3_supercontig_000004159,3,1878,624265935,2035982809
GL853682.1,Chr3_supercontig_000004160,3,2217,624268152,2035985026
GL853683.1,Chr3_supercontig_000004161,3,1948,624270100,2035986974
GL853684.1,Chr3_supercontig_000004162,3,2329,624272429,2035989303
GL853685.1,Chr3_supercontig_000004163,3,2454,624274883,2035991757
GL853686.1,Chr3_supercontig_000004164,3,1814,624276697,2035993571
GL853687.1,Chr3_supercontig_000004165,3,2087,624278784,2035995658
GL853688.1,Chr3_supercontig_000004166,3,2402,624281186,2035998060
GL853689.1,Chr3_supercontig_000004167,3,4626,624285812,2036002686
GL853690.1,Chr3_supercontig_000004168,3,5286,624291098,2036007972
GL853691.1,Chr3_supercontig_000004169,3,4745,624295843,2036012717
GL853692.1,Chr3_supercontig_000004170,3,6267,624302110,2036018984
GL853693.1,Chr3_supercontig_000004171,3,3137,624305247,2036022121
GL853694.1,Chr3_supercontig_000004172,3,2047,624307294,2036024168
GL853695.1,Chr3_supercontig_000004173,3,1877,624309171,2036026045
GL853696.1,Chr3_supercontig_000004174,3,2530,624311701,2036028575
GL853697.1,Chr3_supercontig_000004175,3,2864,624314565,2036031439
GL853698.1,Chr3_supercontig_000004176,3,1733,624316298,2036033172
GL853699.1,Chr3_supercontig_000004177,3,3291,624319589,2036036463
GL853700.1,Chr3_supercontig_000004178,3,3584,624323173,2036040047
GL853701.1,Chr3_supercontig_000004179,3,1570,624324743,2036041617
GL853702.1,Chr3_supercontig_000004180,3,1965,624326708,2036043582
GL853703.1,Chr3_supercontig_000004181,3,3302,624330010,2036046884
GL853704.1,Chr3_supercontig_000004182,3,1900,624331910,2036048784
GL853705.1,Chr3_supercontig_000004183,3,1532,624333442,2036050316
GL853706.1,Chr3_supercontig_000004184,3,1861,624335303,2036052177
GL853707.1,Chr3_supercontig_000004185,3,3836,624339139,2036056013
GL853708.1,Chr3_supercontig_000004186,3,3801,624342940,2036059814
GL853709.1,Chr3_supercontig_000004187,3,2917,624345857,2036062731
GL853710.1,Chr3_supercontig_000004188,3,6739,624352596,2036069470
GL853711.1,Chr3_supercontig_000004189,3,2748,624355344,2036072218
GL853712.1,Chr3_supercontig_000004190,3,1746,624357090,2036073964
GL853713.1,Chr3_supercontig_000004191,3,1660,624358750,2036075624
GL853714.1,Chr3_supercontig_000004192,3,1679,624360429,2036077303
GL853715.1,Chr3_supercontig_000004193,3,1686,624362115,2036078989
GL853716.1,Chr3_supercontig_000004194,3,1596,624363711,2036080585
GL853717.1,Chr3_supercontig_000004195,3,2518,624366229,2036083103
GL853718.1,Chr3_supercontig_000004196,3,4026,624370255,2036087129
GL853719.1,Chr3_supercontig_000004197,3,11306,624381561,2036098435
GL853720.1,Chr3_supercontig_000004198,3,3214,624384775,2036101649
GL853721.1,Chr3_supercontig_000004199,3,4386,624389161,2036106035
GL853722.1,Chr3_supercontig_000004200,3,11895,624401056,2036117930
GL853723.1,Chr3_supercontig_000004201,3,1582,624402638,2036119512
GL853724.1,Chr3_supercontig_000004202,3,3393,624406031,2036122905
GL853725.1,Chr3_supercontig_000004203,3,3462,624409493,2036126367
GL853726.1,Chr3_supercontig_000004204,3,1560,624411053,2036127927
GL853727.1,Chr3_supercontig_000004205,3,2813,624413866,2036130740
GL853728.1,Chr3_supercontig_000004206,3,2111,624415977,2036132851
GL853729.1,Chr3_supercontig_000004207,3,2954,624418931,2036135805
GL853730.1,Chr3_supercontig_000004208,3,5573,624424504,2036141378
GL853731.1,Chr3_supercontig_000004209,3,4219,624428723,2036145597
GL853732.1,Chr3_supercontig_000004210,3,6926,624435649,2036152523
GL853733.1,Chr3_supercontig_000004211,3,8149,624443798,2036160672
GL853734.1,Chr3_supercontig_000004212,3,3692,624447490,2036164364
GL853735.1,Chr3_supercontig_000004213,3,9270,624456760,2036173634
GL853736.1,Chr3_supercontig_000004214,3,2982,624459742,2036176616
GL853737.1,Chr3_supercontig_000004215,3,2233,624461975,2036178849
GL853738.1,Chr3_supercontig_000004216,3,2184,624464159,2036181033
GL853739.1,Chr3_supercontig_000004217,3,1579,624465738,2036182612
GL853740.1,Chr3_supercontig_000004218,3,2916,624468654,2036185528
GL853741.1,Chr3_supercontig_000004219,3,1579,624470233,2036187107
GL853742.1,Chr3_supercontig_000004220,3,1668,624471901,2036188775
GL853743.1,Chr3_supercontig_000004221,3,1790,624473691,2036190565
GL853744.1,Chr3_supercontig_000004222,3,1758,624475449,2036192323
GL853745.1,Chr3_supercontig_000004223,3,5691,624481140,2036198014
GL853746.1,Chr3_supercontig_000004224,3,1506,624482646,2036199520
GL853747.1,Chr3_supercontig_000004225,3,3321,624485967,2036202841
GL853748.1,Chr3_supercontig_000004226,3,1650,624487617,2036204491
GL853749.1,Chr3_supercontig_000004227,3,2112,624489729,2036206603
GL853750.1,Chr3_supercontig_000004228,3,2372,624492101,2036208975
GL853751.1,Chr3_supercontig_000004229,3,3191,624495292,2036212166
GL853752.1,Chr3_supercontig_000004230,3,2534,624497826,2036214700
GL853753.1,Chr3_supercontig_000004231,3,1620,624499446,2036216320
GL853754.1,Chr3_supercontig_000004232,3,2732,624502178,2036219052
GL853755.1,Chr3_supercontig_000004233,3,2345,624504523,2036221397
GL853756.1,Chr3_supercontig_000004234,3,3632,624508155,2036225029
GL853757.1,Chr3_supercontig_000004235,3,2101,624510256,2036227130
GL853758.1,Chr3_supercontig_000004236,3,1558,624511814,2036228688
GL853759.1,Chr3_supercontig_000004237,3,2901,624514715,2036231589
GL853760.1,Chr3_supercontig_000004238,3,1857,624516572,2036233446
GL853761.1,Chr3_supercontig_000004239,3,2658,624519230,2036236104
GL853762.1,Chr3_supercontig_000004240,3,4603,624523833,2036240707
GL853763.1,Chr3_supercontig_000004241,3,1586,624525419,2036242293
GL853764.1,Chr3_supercontig_000004242,3,3360,624528779,2036245653
GL853765.1,Chr3_supercontig_000004243,3,1763,624530542,2036247416
GL853766.1,Chr3_supercontig_000004244,3,3275,624533817,2036250691
GL853767.1,Chr3_supercontig_000004245,3,1954,624535771,2036252645
GL853768.1,Chr3_supercontig_000004246,3,1960,624537731,2036254605
GL853769.1,Chr3_supercontig_000004247,3,1709,624539440,2036256314
GL853770.1,Chr3_supercontig_000004248,3,9426,624548866,2036265740
GL853771.1,Chr3_supercontig_000004249,3,1662,624550528,2036267402
GL853772.1,Chr3_supercontig_000004250,3,3113,624553641,2036270515
GL853773.1,Chr3_supercontig_000004251,3,2572,624556213,2036273087
GL853774.1,Chr3_supercontig_000004252,3,1542,624557755,2036274629
GL853775.1,Chr3_supercontig_000004253,3,6555,624564310,2036281184
GL853776.1,Chr3_supercontig_000004254,3,1790,624566100,2036282974
GL853777.1,Chr3_supercontig_000004255,3,1635,624567735,2036284609
GL853778.1,Chr3_supercontig_000004256,3,2419,624570154,2036287028
GL853779.1,Chr3_supercontig_000004257,3,4276,624574430,2036291304
GL853780.1,Chr3_supercontig_000004258,3,2010,624576440,2036293314
GL853781.1,Chr3_supercontig_000004259,3,8229,624584669,2036301543
GL853782.1,Chr3_supercontig_000004260,3,4566,624589235,2036306109
GL853783.1,Chr3_supercontig_000004261,3,1664,624590899,2036307773
GL853784.1,Chr3_supercontig_000004262,3,1774,624592673,2036309547
GL853785.1,Chr3_supercontig_000004263,3,1566,624594239,2036311113
GL853786.1,Chr3_supercontig_000004264,3,2235,624596474,2036313348
GL853787.1,Chr3_supercontig_000004265,3,1871,624598345,2036315219
GL853788.1,Chr3_supercontig_000004266,3,1516,624599861,2036316735
GL853789.1,Chr3_supercontig_000004267,3,1675,624601536,2036318410
GL853790.1,Chr3_supercontig_000004268,3,2274,624603810,2036320684
GL853791.1,Chr3_supercontig_000004269,3,1781,624605591,2036322465
GL853792.1,Chr3_supercontig_000004270,3,8487,624614078,2036330952
GL853793.1,Chr3_supercontig_000004271,3,2023,624616101,2036332975
GL853794.1,Chr3_supercontig_000004272,3,2519,624618620,2036335494
GL853795.1,Chr3_supercontig_000004273,3,3043,624621663,2036338537
GL853796.1,Chr3_supercontig_000004274,3,7918,624629581,2036346455
GL853797.1,Chr3_supercontig_000004275,3,1765,624631346,2036348220
GL853798.1,Chr3_supercontig_000004276,3,3441,624634787,2036351661
GL853799.1,Chr3_supercontig_000004277,3,2467,624637254,2036354128
GL853800.1,Chr3_supercontig_000004278,3,1837,624639091,2036355965
GL853801.1,Chr3_supercontig_000004279,3,2332,624641423,2036358297
GL853802.1,Chr3_supercontig_000004280,3,2374,624643797,2036360671
GL853803.1,Chr3_supercontig_000004281,3,1936,624645733,2036362607
GL853804.1,Chr3_supercontig_000004282,3,2322,624648055,2036364929
GL853805.1,Chr3_supercontig_000004283,3,1644,624649699,2036366573
GL853806.1,Chr3_supercontig_000004284,3,1783,624651482,2036368356
GL853807.1,Chr3_supercontig_000004285,3,3444,624654926,2036371800
GL853808.1,Chr3_supercontig_000004286,3,2937,624657863,2036374737
GL853809.1,Chr3_supercontig_000004287,3,2271,624660134,2036377008
GL853810.1,Chr3_supercontig_000004288,3,1904,624662038,2036378912
GL853811.1,Chr3_supercontig_000004289,3,8515,624670553,2036387427
GL853812.1,Chr3_supercontig_000004290,3,3464,624674017,2036390891
GL853813.1,Chr3_supercontig_000004291,3,10484,624684501,2036401375
GL853814.1,Chr3_supercontig_000004292,3,3829,624688330,2036405204
GL853815.1,Chr3_supercontig_000004293,3,3095,624691425,2036408299
GL853816.1,Chr3_supercontig_000004294,3,1634,624693059,2036409933
GL853817.1,Chr3_supercontig_000004295,3,3350,624696409,2036413283
GL853818.1,Chr3_supercontig_000004296,3,2207,624698616,2036415490
GL853819.1,Chr3_supercontig_000004297,3,2359,624700975,2036417849
GL853820.1,Chr3_supercontig_000004298,3,2990,624703965,2036420839
GL853821.1,Chr3_supercontig_000004299,3,1729,624705694,2036422568
GL853822.1,Chr3_supercontig_000004300,3,2751,624708445,2036425319
GL853823.1,Chr3_supercontig_000004301,3,5193,624713638,2036430512
GL853824.1,Chr3_supercontig_000004302,3,1802,624715440,2036432314
GL853825.1,Chr3_supercontig_000004303,3,3111,624718551,2036435425
GL853826.1,Chr3_supercontig_000004304,3,4616,624723167,2036440041
GL853827.1,Chr3_supercontig_000004305,3,2936,624726103,2036442977
GL853828.1,Chr3_supercontig_000004306,3,2813,624728916,2036445790
GL853829.1,Chr3_supercontig_000004307,3,1743,624730659,2036447533
GL853830.1,Chr3_supercontig_000004308,3,1504,624732163,2036449037
GL853831.1,Chr3_supercontig_000004309,3,2564,624734727,2036451601
GL853832.1,Chr3_supercontig_000004310,3,1692,624736419,2036453293
GL853833.1,Chr3_supercontig_000004311,3,1739,624738158,2036455032
GL853834.1,Chr3_supercontig_000004312,3,1767,624739925,2036456799
GL853835.1,Chr3_supercontig_000004313,3,5616,624745541,2036462415
GL853836.1,Chr3_supercontig_000004314,3,2193,624747734,2036464608
GL853837.1,Chr3_supercontig_000004315,3,3929,624751663,2036468537
GL853838.1,Chr3_supercontig_000004316,3,2681,624754344,2036471218
GL853839.1,Chr3_supercontig_000004317,3,3202,624757546,2036474420
GL853840.1,Chr3_supercontig_000004318,3,1753,624759299,2036476173
GL853841.1,Chr3_supercontig_000004319,3,6724,624766023,2036482897
GL853842.1,Chr3_supercontig_000004320,3,2666,624768689,2036485563
GL853843.1,Chr3_supercontig_000004321,3,2587,624771276,2036488150
GL853844.1,Chr3_supercontig_000004322,3,1768,624773044,2036489918
GL853845.1,Chr3_supercontig_000004323,3,1637,624774681,2036491555
GL853846.1,Chr3_supercontig_000004324,3,1709,624776390,2036493264
GL853847.1,Chr3_supercontig_000004325,3,3029,624779419,2036496293
GL853848.1,Chr3_supercontig_000004326,3,2629,624782048,2036498922
GL853849.1,Chr3_supercontig_000004327,3,3762,624785810,2036502684
GL853850.1,Chr3_supercontig_000004328,3,1543,624787353,2036504227
GL853851.1,Chr3_supercontig_000004329,3,1664,624789017,2036505891
GL853852.1,Chr3_supercontig_000004330,3,2507,624791524,2036508398
GL853853.1,Chr3_supercontig_000004331,3,3934,624795458,2036512332
GL853854.1,Chr3_supercontig_000004332,3,1905,624797363,2036514237
GL853855.1,Chr3_supercontig_000004333,3,2620,624799983,2036516857
GL853856.1,Chr3_supercontig_000004334,3,2800,624802783,2036519657
GL853857.1,Chr3_supercontig_000004335,3,2883,624805666,2036522540
GL853858.1,Chr3_supercontig_000004336,3,5853,624811519,2036528393
GL853859.1,Chr3_supercontig_000004337,3,1994,624813513,2036530387
GL853860.1,Chr3_supercontig_000004338,3,1969,624815482,2036532356
GL853861.1,Chr3_supercontig_000004339,3,1951,624817433,2036534307
GL853862.1,Chr3_supercontig_000004340,3,1693,624819126,2036536000
GL853863.1,Chr3_supercontig_000004341,3,4241,624823367,2036540241
GL853864.1,Chr3_supercontig_000004342,3,2563,624825930,2036542804
GL853865.1,Chr3_supercontig_000004343,3,2030,624827960,2036544834
GL853866.1,Chr3_supercontig_000004344,3,47051,624875011,2036591885
GL853867.1,Chr3_supercontig_000004345,3,10029,624885040,2036601914
GL853868.1,Chr3_supercontig_000004346,3,2981,624888021,2036604895
GL853869.1,Chr3_supercontig_000004347,3,1915,624889936,2036606810
GL853870.1,Chr3_supercontig_000004348,3,2637,624892573,2036609447
GL853871.1,Chr3_supercontig_000004349,3,1731,624894304,2036611178
GL853872.1,Chr3_supercontig_000004350,3,2641,624896945,2036613819
GL853873.1,Chr3_supercontig_000004351,3,1867,624898812,2036615686
GL853874.1,Chr3_supercontig_000004352,3,2335,624901147,2036618021
GL853875.1,Chr3_supercontig_000004353,3,2469,624903616,2036620490
GL853876.1,Chr3_supercontig_000004354,3,2152,624905768,2036622642
GL853877.1,Chr3_supercontig_000004355,3,1797,624907565,2036624439
GL853878.1,Chr3_supercontig_000004356,3,2504,624910069,2036626943
GL853879.1,Chr3_supercontig_000004357,3,5234,624915303,2036632177
GL853880.1,Chr3_supercontig_000004358,3,2083,624917386,2036634260
GL853881.1,Chr3_supercontig_000004359,3,2738,624920124,2036636998
GL853882.1,Chr3_supercontig_000004360,3,1719,624921843,2036638717
GL853883.1,Chr3_supercontig_000004361,3,1657,624923500,2036640374
GL853884.1,Chr3_supercontig_000004362,3,3430,624926930,2036643804
GL853885.1,Chr3_supercontig_000004363,3,3261,624930191,2036647065
GL853886.1,Chr3_supercontig_000004364,3,1871,624932062,2036648936
GL853887.1,Chr3_supercontig_000004365,3,5598,624937660,2036654534
GL853888.1,Chr3_supercontig_000004366,3,3340,624941000,2036657874
GL853889.1,Chr3_supercontig_000004367,3,30336,624971336,2036688210
GL853890.1,Chr3_supercontig_000004368,3,3220,624974556,2036691430
GL853891.1,Chr3_supercontig_000004369,3,2446,624977002,2036693876
GL853892.1,Chr3_supercontig_000004370,3,7017,624984019,2036700893
GL853893.1,Chr3_supercontig_000004371,3,2807,624986826,2036703700
GL853894.1,Chr3_supercontig_000004372,3,2017,624988843,2036705717
GL853895.1,Chr3_supercontig_000004373,3,2513,624991356,2036708230
GL853896.1,Chr3_supercontig_000004374,3,2666,624994022,2036710896
GL853897.1,Chr3_supercontig_000004375,3,1663,624995685,2036712559
GL853898.1,Chr3_supercontig_000004376,3,1671,624997356,2036714230
GL853899.1,Chr3_supercontig_000004377,3,1557,624998913,2036715787
GL853900.1,Chr3_supercontig_000004378,3,2924,625001837,2036718711
GL853901.1,Chr3_supercontig_000004379,3,3552,625005389,2036722263
GL853902.1,Chr3_supercontig_000004380,3,2077,625007466,2036724340
GL853903.1,Chr3_supercontig_000004381,3,9747,625017213,2036734087
GL853904.1,Chr3_supercontig_000004382,3,8876,625026089,2036742963
GL853905.1,Chr3_supercontig_000004383,3,3093,625029182,2036746056
GL853906.1,Chr3_supercontig_000004384,3,1979,625031161,2036748035
GL853907.1,Chr3_supercontig_000004385,3,1876,625033037,2036749911
GL853908.1,Chr3_supercontig_000004386,3,4949,625037986,2036754860
GL853909.1,Chr3_supercontig_000004387,3,1808,625039794,2036756668
GL853910.1,Chr3_supercontig_000004388,3,3405,625043199,2036760073
GL853911.1,Chr3_supercontig_000004389,3,3331,625046530,2036763404
GL853912.1,Chr3_supercontig_000004390,3,2306,625048836,2036765710
GL853913.1,Chr3_supercontig_000004391,3,2019,625050855,2036767729
GL853914.1,Chr3_supercontig_000004392,3,4934,625055789,2036772663
GL853915.1,Chr3_supercontig_000004393,3,6583,625062372,2036779246
GL853916.1,Chr3_supercontig_000004394,3,3267,625065639,2036782513
GL853917.1,Chr3_supercontig_000004395,3,4075,625069714,2036786588
GL853918.1,Chr3_supercontig_000004396,3,2105,625071819,2036788693
GL853919.1,Chr3_supercontig_000004397,3,2383,625074202,2036791076
GL853920.1,Chr3_supercontig_000004398,3,2162,625076364,2036793238
GL853921.1,Chr3_supercontig_000004399,3,3596,625079960,2036796834
GL853922.1,Chr3_supercontig_000004400,3,2868,625082828,2036799702
GL853923.1,Chr3_supercontig_000004401,3,2338,625085166,2036802040
GL853924.1,Chr3_supercontig_000004402,3,1868,625087034,2036803908
GL853925.1,Chr3_supercontig_000004403,3,1620,625088654,2036805528
GL853926.1,Chr3_supercontig_000004404,3,1897,625090551,2036807425
GL853927.1,Chr3_supercontig_000004405,3,3529,625094080,2036810954
GL853928.1,Chr3_supercontig_000004406,3,10105,625104185,2036821059
GL853929.1,Chr3_supercontig_000004407,3,2093,625106278,2036823152
GL853930.1,Chr3_supercontig_000004408,3,2168,625108446,2036825320
GL853931.1,Chr3_supercontig_000004409,3,2825,625111271,2036828145
GL853932.1,Chr3_supercontig_000004410,3,2749,625114020,2036830894
GL853933.1,Chr3_supercontig_000004411,3,4074,625118094,2036834968
GL853934.1,Chr3_supercontig_000004412,3,2177,625120271,2036837145
GL853935.1,Chr3_supercontig_000004413,3,2143,625122414,2036839288
GL853936.1,Chr3_supercontig_000004414,3,1938,625124352,2036841226
GL853937.1,Chr3_supercontig_000004415,3,1960,625126312,2036843186
GL853938.1,Chr3_supercontig_000004416,3,2303,625128615,2036845489
GL853939.1,Chr3_supercontig_000004417,3,1517,625130132,2036847006
GL853940.1,Chr3_supercontig_000004418,3,1542,625131674,2036848548
GL853941.1,Chr3_supercontig_000004419,3,5643,625137317,2036854191
GL853942.1,Chr3_supercontig_000004420,3,2604,625139921,2036856795
GL853943.1,Chr3_supercontig_000004421,3,1635,625141556,2036858430
GL853944.1,Chr3_supercontig_000004422,3,3667,625145223,2036862097
GL853945.1,Chr3_supercontig_000004423,3,1846,625147069,2036863943
GL853946.1,Chr3_supercontig_000004424,3,4695,625151764,2036868638
GL853947.1,Chr3_supercontig_000004425,3,1927,625153691,2036870565
GL853948.1,Chr3_supercontig_000004426,3,1822,625155513,2036872387
GL853949.1,Chr3_supercontig_000004427,3,4289,625159802,2036876676
GL853950.1,Chr3_supercontig_000004428,3,1917,625161719,2036878593
GL853951.1,Chr3_supercontig_000004429,3,1539,625163258,2036880132
GL853952.1,Chr3_supercontig_000004430,3,1980,625165238,2036882112
GL853953.1,Chr3_supercontig_000004431,3,2338,625167576,2036884450
GL853954.1,Chr3_supercontig_000004432,3,5265,625172841,2036889715
GL853955.1,Chr3_supercontig_000004433,3,3070,625175911,2036892785
GL853956.1,Chr3_supercontig_000004434,3,2328,625178239,2036895113
GL853957.1,Chr3_supercontig_000004435,3,3048,625181287,2036898161
GL853958.1,Chr3_supercontig_000004436,3,2810,625184097,2036900971
GL853959.1,Chr3_supercontig_000004437,3,3044,625187141,2036904015
GL853960.1,Chr3_supercontig_000004438,3,2068,625189209,2036906083
GL853961.1,Chr3_supercontig_000004439,3,3133,625192342,2036909216
GL853962.1,Chr3_supercontig_000004440,3,2520,625194862,2036911736
GL853963.1,Chr3_supercontig_000004441,3,1573,625196435,2036913309
GL853964.1,Chr3_supercontig_000004442,3,1969,625198404,2036915278
GL853965.1,Chr3_supercontig_000004443,3,2741,625201145,2036918019
GL853966.1,Chr3_supercontig_000004444,3,6814,625207959,2036924833
GL853967.1,Chr3_supercontig_000004445,3,1888,625209847,2036926721
GL853968.1,Chr3_supercontig_000004446,3,6388,625216235,2036933109
GL853969.1,Chr3_supercontig_000004447,3,3983,625220218,2036937092
GL853970.1,Chr3_supercontig_000004448,3,3870,625224088,2036940962
GL853971.1,Chr3_supercontig_000004449,3,2174,625226262,2036943136
GL853972.1,Chr3_supercontig_000004450,3,1617,625227879,2036944753
GL853973.1,Chr3_supercontig_000004451,3,5850,625233729,2036950603
GL853974.1,Chr3_supercontig_000004452,3,6494,625240223,2036957097
GL853975.1,Chr3_supercontig_000004453,3,8139,625248362,2036965236
GL853976.1,Chr3_supercontig_000004454,3,1723,625250085,2036966959
GL853977.1,Chr3_supercontig_000004455,3,1631,625251716,2036968590
GL853978.1,Chr3_supercontig_000004456,3,2080,625253796,2036970670
GL853979.1,Chr3_supercontig_000004457,3,2134,625255930,2036972804
GL853980.1,Chr3_supercontig_000004458,3,2977,625258907,2036975781
GL853981.1,Chr3_supercontig_000004459,3,1763,625260670,2036977544
GL853982.1,Chr3_supercontig_000004460,3,1815,625262485,2036979359
GL853983.1,Chr3_supercontig_000004461,3,2624,625265109,2036981983
GL853984.1,Chr3_supercontig_000004462,3,1933,625267042,2036983916
GL853985.1,Chr3_supercontig_000004463,3,5459,625272501,2036989375
GL853986.1,Chr3_supercontig_000004464,3,2092,625274593,2036991467
GL853987.1,Chr3_supercontig_000004465,3,1770,625276363,2036993237
GL853988.1,Chr3_supercontig_000004466,3,3233,625279596,2036996470
GL853989.1,Chr3_supercontig_000004467,3,2349,625281945,2036998819
GL853990.1,Chr3_supercontig_000004468,3,3043,625284988,2037001862
GL853991.1,Chr3_supercontig_000004469,3,1642,625286630,2037003504
GL853992.1,Chr3_supercontig_000004470,3,1953,625288583,2037005457
GL853993.1,Chr3_supercontig_000004471,3,2569,625291152,2037008026
GL853994.1,Chr3_supercontig_000004472,3,5618,625296770,2037013644
GL853995.1,Chr3_supercontig_000004473,3,3937,625300707,2037017581
GL853996.1,Chr3_supercontig_000004474,3,1539,625302246,2037019120
GL853997.1,Chr3_supercontig_000004475,3,1541,625303787,2037020661
GL853998.1,Chr3_supercontig_000004476,3,3396,625307183,2037024057
GL853999.1,Chr3_supercontig_000004477,3,1823,625309006,2037025880
GL854000.1,Chr3_supercontig_000004478,3,2402,625311408,2037028282
GL854001.1,Chr3_supercontig_000004479,3,2756,625314164,2037031038
GL854002.1,Chr3_supercontig_000004480,3,3078,625317242,2037034116
GL854003.1,Chr3_supercontig_000004481,3,5601,625322843,2037039717
GL854004.1,Chr3_supercontig_000004482,3,1608,625324451,2037041325
GL854005.1,Chr3_supercontig_000004483,3,4401,625328852,2037045726
GL854006.1,Chr3_supercontig_000004484,3,1735,625330587,2037047461
GL854007.1,Chr3_supercontig_000004485,3,1885,625332472,2037049346
GL854008.1,Chr3_supercontig_000004486,3,1707,625334179,2037051053
GL854009.1,Chr3_supercontig_000004487,3,1890,625336069,2037052943
GL854010.1,Chr3_supercontig_000004488,3,1680,625337749,2037054623
GL854011.1,Chr3_supercontig_000004489,3,2433,625340182,2037057056
GL854012.1,Chr3_supercontig_000004490,3,2424,625342606,2037059480
GL854013.1,Chr3_supercontig_000004491,3,1681,625344287,2037061161
GL854014.1,Chr3_supercontig_000004492,3,5229,625349516,2037066390
GL854015.1,Chr3_supercontig_000004493,3,2547,625352063,2037068937
GL854016.1,Chr3_supercontig_000004494,3,4003,625356066,2037072940
GL854017.1,Chr3_supercontig_000004495,3,1654,625357720,2037074594
GL854018.1,Chr3_supercontig_000004496,3,2792,625360512,2037077386
GL854019.1,Chr3_supercontig_000004497,3,1850,625362362,2037079236
GL854020.1,Chr3_supercontig_000004498,3,3067,625365429,2037082303
GL854021.1,Chr3_supercontig_000004499,3,1660,625367089,2037083963
GL854022.1,Chr3_supercontig_000004500,3,2116,625369205,2037086079
GL854023.1,Chr3_supercontig_000004501,3,3846,625373051,2037089925
GL854024.1,Chr3_supercontig_000004502,3,3771,625376822,2037093696
GL854025.1,Chr3_supercontig_000004503,3,4383,625381205,2037098079
GL854026.1,Chr3_supercontig_000004504,3,2214,625383419,2037100293
GL854027.1,Chr3_supercontig_000004505,3,2244,625385663,2037102537
GL854028.1,Chr3_supercontig_000004506,3,1769,625387432,2037104306
GL854029.1,Chr3_supercontig_000004507,3,3055,625390487,2037107361
GL854030.1,Chr3_supercontig_000004508,3,5699,625396186,2037113060
GL854031.1,Chr3_supercontig_000004509,3,4417,625400603,2037117477
GL854032.1,Chr3_supercontig_000004510,3,3855,625404458,2037121332
GL854033.1,Chr3_supercontig_000004511,3,2639,625407097,2037123971
GL854034.1,Chr3_supercontig_000004512,3,1785,625408882,2037125756
GL854035.1,Chr3_supercontig_000004513,3,4190,625413072,2037129946
GL854036.1,Chr3_supercontig_000004514,3,4207,625417279,2037134153
GL854037.1,Chr3_supercontig_000004515,3,5212,625422491,2037139365
GL854038.1,Chr3_supercontig_000004516,3,2544,625425035,2037141909
GL854039.1,Chr3_supercontig_000004517,3,1901,625426936,2037143810
GL854040.1,Chr3_supercontig_000004518,3,1869,625428805,2037145679
GL854041.1,Chr3_supercontig_000004519,3,1793,625430598,2037147472
GL854042.1,Chr3_supercontig_000004520,3,1834,625432432,2037149306
GL854043.1,Chr3_supercontig_000004521,3,1986,625434418,2037151292
GL854044.1,Chr3_supercontig_000004522,3,5913,625440331,2037157205
GL854045.1,Chr3_supercontig_000004523,3,1813,625442144,2037159018
GL854046.1,Chr3_supercontig_000004524,3,3092,625445236,2037162110
GL854047.1,Chr3_supercontig_000004525,3,2348,625447584,2037164458
GL854048.1,Chr3_supercontig_000004526,3,2753,625450337,2037167211
GL854049.1,Chr3_supercontig_000004527,3,1971,625452308,2037169182
GL854050.1,Chr3_supercontig_000004528,3,2098,625454406,2037171280
GL854051.1,Chr3_supercontig_000004529,3,2008,625456414,2037173288
GL854052.1,Chr3_supercontig_000004530,3,1615,625458029,2037174903
GL854053.1,Chr3_supercontig_000004531,3,2419,625460448,2037177322
GL854054.1,Chr3_supercontig_000004532,3,2219,625462667,2037179541
GL854055.1,Chr3_supercontig_000004533,3,1803,625464470,2037181344
GL854056.1,Chr3_supercontig_000004534,3,1669,625466139,2037183013
GL854057.1,Chr3_supercontig_000004535,3,2858,625468997,2037185871
GL854058.1,Chr3_supercontig_000004536,3,2343,625471340,2037188214
GL854059.1,Chr3_supercontig_000004537,3,2432,625473772,2037190646
GL854060.1,Chr3_supercontig_000004538,3,11292,625485064,2037201938
GL854061.1,Chr3_supercontig_000004539,3,3896,625488960,2037205834
GL854062.1,Chr3_supercontig_000004540,3,1939,625490899,2037207773
GL854063.1,Chr3_supercontig_000004541,3,1699,625492598,2037209472
GL854064.1,Chr3_supercontig_000004542,3,3343,625495941,2037212815
GL854065.1,Chr3_supercontig_000004543,3,2400,625498341,2037215215
GL854066.1,Chr3_supercontig_000004544,3,1845,625500186,2037217060
GL854067.1,Chr3_supercontig_000004545,3,2084,625502270,2037219144
GL854068.1,Chr3_supercontig_000004546,3,2679,625504949,2037221823
GL854069.1,Chr3_supercontig_000004547,3,4034,625508983,2037225857
GL854070.1,Chr3_supercontig_000004548,3,2204,625511187,2037228061
GL854071.1,Chr3_supercontig_000004549,3,1622,625512809,2037229683
GL854072.1,Chr3_supercontig_000004550,3,2799,625515608,2037232482
GL854073.1,Chr3_supercontig_000004551,3,1618,625517226,2037234100
GL854074.1,Chr3_supercontig_000004552,3,2694,625519920,2037236794
GL854075.1,Chr3_supercontig_000004553,3,2990,625522910,2037239784
GL854076.1,Chr3_supercontig_000004554,3,5907,625528817,2037245691
GL854077.1,Chr3_supercontig_000004555,3,5157,625533974,2037250848
GL854078.1,Chr3_supercontig_000004556,3,2703,625536677,2037253551
GL854079.1,Chr3_supercontig_000004557,3,6921,625543598,2037260472
GL854080.1,Chr3_supercontig_000004558,3,1596,625545194,2037262068
GL854081.1,Chr3_supercontig_000004559,3,1997,625547191,2037264065
GL854082.1,Chr3_supercontig_000004560,3,3031,625550222,2037267096
GL854083.1,Chr3_supercontig_000004561,3,1969,625552191,2037269065
GL854084.1,Chr3_supercontig_000004562,3,1578,625553769,2037270643
GL854085.1,Chr3_supercontig_000004563,3,1987,625555756,2037272630
GL854086.1,Chr3_supercontig_000004564,3,2119,625557875,2037274749
GL854087.1,Chr3_supercontig_000004565,3,1610,625559485,2037276359
GL854088.1,Chr3_supercontig_000004566,3,2179,625561664,2037278538
GL854089.1,Chr3_supercontig_000004567,3,1645,625563309,2037280183
GL854090.1,Chr3_supercontig_000004568,3,1881,625565190,2037282064
GL854091.1,Chr3_supercontig_000004569,3,3124,625568314,2037285188
GL854092.1,Chr3_supercontig_000004570,3,2045,625570359,2037287233
GL854093.1,Chr3_supercontig_000004571,3,1507,625571866,2037288740
GL854094.1,Chr3_supercontig_000004572,3,2315,625574181,2037291055
GL854095.1,Chr3_supercontig_000004573,3,1774,625575955,2037292829
GL854096.1,Chr3_supercontig_000004574,3,1841,625577796,2037294670
GL854097.1,Chr3_supercontig_000004575,3,1585,625579381,2037296255
GL854098.1,Chr3_supercontig_000004576,3,2833,625582214,2037299088
GL854099.1,Chr3_supercontig_000004577,3,1620,625583834,2037300708
GL854100.1,Chr3_supercontig_000004578,3,15896,625599730,2037316604
GL854101.1,Chr3_supercontig_000004579,3,9502,625609232,2037326106
GL854102.1,Chr3_supercontig_000004580,3,1914,625611146,2037328020
GL854103.1,Chr3_supercontig_000004581,3,3373,625614519,2037331393
GL854104.1,Chr3_supercontig_000004582,3,1668,625616187,2037333061
GL854105.1,Chr3_supercontig_000004583,3,3329,625619516,2037336390
GL854106.1,Chr3_supercontig_000004584,3,1974,625621490,2037338364
GL854107.1,Chr3_supercontig_000004585,3,2019,625623509,2037340383
GL854108.1,Chr3_supercontig_000004586,3,4307,625627816,2037344690
GL854109.1,Chr3_supercontig_000004587,3,1519,625629335,2037346209
GL854110.1,Chr3_supercontig_000004588,3,3015,625632350,2037349224
GL854111.1,Chr3_supercontig_000004589,3,1515,625633865,2037350739
GL854112.1,Chr3_supercontig_000004590,3,2013,625635878,2037352752
GL854113.1,Chr3_supercontig_000004591,3,8152,625644030,2037360904
GL854114.1,Chr3_supercontig_000004592,3,1686,625645716,2037362590
GL854115.1,Chr3_supercontig_000004593,3,1642,625647358,2037364232
GL854116.1,Chr3_supercontig_000004594,3,2507,625649865,2037366739
GL854117.1,Chr3_supercontig_000004595,3,1965,625651830,2037368704
GL854118.1,Chr3_supercontig_000004596,3,1548,625653378,2037370252
GL854119.1,Chr3_supercontig_000004597,3,2551,625655929,2037372803
GL854120.1,Chr3_supercontig_000004598,3,2276,625658205,2037375079
GL854121.1,Chr3_supercontig_000004599,3,2030,625660235,2037377109
GL854122.1,Chr3_supercontig_000004600,3,2264,625662499,2037379373
GL854123.1,Chr3_supercontig_000004601,3,2444,625664943,2037381817
GL854124.1,Chr3_supercontig_000004602,3,1924,625666867,2037383741
GL854125.1,Chr3_supercontig_000004603,3,1887,625668754,2037385628
GL854126.1,Chr3_supercontig_000004604,3,9588,625678342,2037395216
GL854127.1,Chr3_supercontig_000004605,3,2421,625680763,2037397637
GL854128.1,Chr3_supercontig_000004606,3,14461,625695224,2037412098
GL854129.1,Chr3_supercontig_000004607,3,1771,625696995,2037413869
GL854130.1,Chr3_supercontig_000004608,3,8243,625705238,2037422112
GL854131.1,Chr3_supercontig_000004609,3,3686,625708924,2037425798
GL854132.1,Chr3_supercontig_000004610,3,2778,625711702,2037428576
GL854133.1,Chr3_supercontig_000004611,3,2395,625714097,2037430971
GL854134.1,Chr3_supercontig_000004612,3,4197,625718294,2037435168
GL854135.1,Chr3_supercontig_000004613,3,2558,625720852,2037437726
GL854136.1,Chr3_supercontig_000004614,3,2828,625723680,2037440554
GL854137.1,Chr3_supercontig_000004615,3,4366,625728046,2037444920
GL854138.1,Chr3_supercontig_000004616,3,2609,625730655,2037447529
GL854139.1,Chr3_supercontig_000004617,3,2519,625733174,2037450048
GL854140.1,Chr3_supercontig_000004618,3,2865,625736039,2037452913
GL854141.1,Chr3_supercontig_000004619,3,2150,625738189,2037455063
GL854142.1,Chr3_supercontig_000004620,3,1825,625740014,2037456888
GL854143.1,Chr3_supercontig_000004621,3,2254,625742268,2037459142
GL854144.1,Chr3_supercontig_000004622,3,6327,625748595,2037465469
GL854145.1,Chr3_supercontig_000004623,3,2061,625750656,2037467530
GL854146.1,Chr3_supercontig_000004624,3,4426,625755082,2037471956
GL854147.1,Chr3_supercontig_000004625,3,2299,625757381,2037474255
GL854148.1,Chr3_supercontig_000004626,3,1775,625759156,2037476030
GL854149.1,Chr3_supercontig_000004627,3,4011,625763167,2037480041
GL854150.1,Chr3_supercontig_000004628,3,5534,625768701,2037485575
GL854151.1,Chr3_supercontig_000004629,3,2154,625770855,2037487729
GL854152.1,Chr3_supercontig_000004630,3,6673,625777528,2037494402
GL854153.1,Chr3_supercontig_000004631,3,5375,625782903,2037499777
GL854154.1,Chr3_supercontig_000004632,3,2856,625785759,2037502633
GL854155.1,Chr3_supercontig_000004633,3,1849,625787608,2037504482
GL854156.1,Chr3_supercontig_000004634,3,2167,625789775,2037506649
GL854157.1,Chr3_supercontig_000004635,3,3586,625793361,2037510235
GL854158.1,Chr3_supercontig_000004636,3,2928,625796289,2037513163
GL854159.1,Chr3_supercontig_000004637,3,2459,625798748,2037515622
GL854160.1,Chr3_supercontig_000004638,3,4318,625803066,2037519940
GL854161.1,Chr3_supercontig_000004639,3,2792,625805858,2037522732
GL854162.1,Chr3_supercontig_000004640,3,1882,625807740,2037524614
GL854163.1,Chr3_supercontig_000004641,3,1703,625809443,2037526317
GL854164.1,Chr3_supercontig_000004642,3,3004,625812447,2037529321
GL854165.1,Chr3_supercontig_000004643,3,7819,625820266,2037537140
GL854166.1,Chr3_supercontig_000004644,3,2840,625823106,2037539980
GL854167.1,Chr3_supercontig_000004645,3,3674,625826780,2037543654
GL854168.1,Chr3_supercontig_000004646,3,2641,625829421,2037546295
GL854169.1,Chr3_supercontig_000004647,3,4531,625833952,2037550826
GL854170.1,Chr3_supercontig_000004648,3,8511,625842463,2037559337
GL854171.1,Chr3_supercontig_000004649,3,26525,625868988,2037585862
GL854172.1,Chr3_supercontig_000004650,3,1763,625870751,2037587625
GL854173.1,Chr3_supercontig_000004651,3,10842,625881593,2037598467
GL854174.1,Chr3_supercontig_000004652,3,1675,625883268,2037600142
GL854175.1,Chr3_supercontig_000004653,3,1535,625884803,2037601677
GL854176.1,Chr3_supercontig_000004654,3,1715,625886518,2037603392
GL854177.1,Chr3_supercontig_000004655,3,1941,625888459,2037605333
GL854178.1,Chr3_supercontig_000004656,3,1795,625890254,2037607128
GL854179.1,Chr3_supercontig_000004657,3,3362,625893616,2037610490
GL854180.1,Chr3_supercontig_000004658,3,1604,625895220,2037612094
GL854181.1,Chr3_supercontig_000004659,3,2533,625897753,2037614627
GL854182.1,Chr3_supercontig_000004660,3,1549,625899302,2037616176
GL854183.1,Chr3_supercontig_000004661,3,1617,625900919,2037617793
GL854184.1,Chr3_supercontig_000004662,3,2027,625902946,2037619820
GL854185.1,Chr3_supercontig_000004663,3,1972,625904918,2037621792
GL854186.1,Chr3_supercontig_000004664,3,2568,625907486,2037624360
GL854187.1,Chr3_supercontig_000004665,3,2074,625909560,2037626434
GL854188.1,Chr3_supercontig_000004666,3,2254,625911814,2037628688
GL854189.1,Chr3_supercontig_000004667,3,1884,625913698,2037630572
GL854190.1,Chr3_supercontig_000004668,3,1729,625915427,2037632301
GL854191.1,Chr3_supercontig_000004669,3,1632,625917059,2037633933
GL854192.1,Chr3_supercontig_000004670,3,2673,625919732,2037636606
GL854193.1,Chr3_supercontig_000004671,3,2153,625921885,2037638759
GL854194.1,Chr3_supercontig_000004672,3,1866,625923751,2037640625
GL854195.1,Chr3_supercontig_000004673,3,1947,625925698,2037642572
GL854196.1,Chr3_supercontig_000004674,3,2937,625928635,2037645509
GL854197.1,Chr3_supercontig_000004675,3,2947,625931582,2037648456
GL854198.1,Chr3_supercontig_000004676,3,2062,625933644,2037650518
GL854199.1,Chr3_supercontig_000004677,3,3246,625936890,2037653764
GL854200.1,Chr3_supercontig_000004678,3,1662,625938552,2037655426
GL854201.1,Chr3_supercontig_000004679,3,6132,625944684,2037661558
GL854202.1,Chr3_supercontig_000004680,3,1858,625946542,2037663416
GL854203.1,Chr3_supercontig_000004681,3,1617,625948159,2037665033
GL854204.1,Chr3_supercontig_000004682,3,1630,625949789,2037666663
GL854205.1,Chr3_supercontig_000004683,3,2209,625951998,2037668872
GL854206.1,Chr3_supercontig_000004684,3,1801,625953799,2037670673
GL854207.1,Chr3_supercontig_000004685,3,1605,625955404,2037672278
GL854208.1,Chr3_supercontig_000004686,3,4508,625959912,2037676786
GL854209.1,Chr3_supercontig_000004687,3,5761,625965673,2037682547
GL854210.1,Chr3_supercontig_000004688,3,3594,625969267,2037686141
GL854211.1,Chr3_supercontig_000004689,3,2275,625971542,2037688416
GL854212.1,Chr3_supercontig_000004690,3,1962,625973504,2037690378
GL854213.1,Chr3_supercontig_000004691,3,4782,625978286,2037695160
GL854214.1,Chr3_supercontig_000004692,3,2047,625980333,2037697207
GL854215.1,Chr3_supercontig_000004693,3,6663,625986996,2037703870
GL854216.1,Chr3_supercontig_000004694,3,7632,625994628,2037711502
GL854217.1,Chr3_supercontig_000004695,3,3222,625997850,2037714724
GL854218.1,Chr3_supercontig_000004696,3,17367,626015217,2037732091
GL854219.1,Chr3_supercontig_000004697,3,3947,626019164,2037736038
GL854220.1,Chr3_supercontig_000004698,3,1715,626020879,2037737753
GL854221.1,Chr3_supercontig_000004699,3,1668,626022547,2037739421
GL854222.1,Chr3_supercontig_000004700,3,5766,626028313,2037745187
GL854223.1,Chr3_supercontig_000004701,3,6716,626035029,2037751903
GL854224.1,Chr3_supercontig_000004702,3,3414,626038443,2037755317
GL854225.1,Chr3_supercontig_000004703,3,2502,626040945,2037757819
GL854226.1,Chr3_supercontig_000004704,3,3831,626044776,2037761650
GL854227.1,Chr3_supercontig_000004705,3,1896,626046672,2037763546
GL854228.1,Chr3_supercontig_000004706,3,1872,626048544,2037765418
GL854229.1,Chr3_supercontig_000004707,3,1683,626050227,2037767101
GL854230.1,Chr3_supercontig_000004708,3,1691,626051918,2037768792
GL854231.1,Chr3_supercontig_000004709,3,3285,626055203,2037772077
GL854232.1,Chr3_supercontig_000004710,3,1849,626057052,2037773926
GL854233.1,Chr3_supercontig_000004711,3,1663,626058715,2037775589
GL854234.1,Chr3_supercontig_000004712,3,3237,626061952,2037778826
GL854235.1,Chr3_supercontig_000004713,3,3145,626065097,2037781971
GL854236.1,Chr3_supercontig_000004714,3,1890,626066987,2037783861
GL854237.1,Chr3_supercontig_000004715,3,1512,626068499,2037785373
GL854238.1,Chr3_supercontig_000004716,3,1713,626070212,2037787086
GL854239.1,Chr3_supercontig_000004717,3,1812,626072024,2037788898
GL854240.1,Chr3_supercontig_000004718,3,2706,626074730,2037791604
GL854241.1,Chr3_supercontig_000004719,3,2014,626076744,2037793618
GL854242.1,Chr3_supercontig_000004720,3,3100,626079844,2037796718
GL854243.1,Chr3_supercontig_000004721,3,2968,626082812,2037799686
GL854244.1,Chr3_supercontig_000004722,3,2266,626085078,2037801952
GL854245.1,Chr3_supercontig_000004723,3,1806,626086884,2037803758
GL854246.1,Chr3_supercontig_000004724,3,2159,626089043,2037805917
GL854247.1,Chr3_supercontig_000004725,3,2563,626091606,2037808480
GL854248.1,Chr3_supercontig_000004726,3,2247,626093853,2037810727
GL854249.1,Chr3_supercontig_000004727,3,2296,626096149,2037813023
GL854250.1,Chr3_supercontig_000004728,3,3535,626099684,2037816558
GL854251.1,Chr3_supercontig_000004729,3,1962,626101646,2037818520
GL854252.1,Chr3_supercontig_000004730,3,1674,626103320,2037820194
GL854253.1,Chr3_supercontig_000004731,3,2520,626105840,2037822714
GL854254.1,Chr3_supercontig_000004732,3,2781,626108621,2037825495
GL854255.1,Chr3_supercontig_000004733,3,2803,626111424,2037828298
GL854256.1,Chr3_supercontig_000004734,3,1924,626113348,2037830222
GL854257.1,Chr3_supercontig_000004735,3,1666,626115014,2037831888
GL854258.1,Chr3_supercontig_000004736,3,3400,626118414,2037835288
GL854259.1,Chr3_supercontig_000004737,3,1653,626120067,2037836941
GL854260.1,Chr3_supercontig_000004738,3,4716,626124783,2037841657
GL854261.1,Chr3_supercontig_000004739,3,1943,626126726,2037843600
GL854262.1,Chr3_supercontig_000004740,3,1831,626128557,2037845431
GL854263.1,Chr3_supercontig_000004741,3,1538,626130095,2037846969
GL854264.1,Chr3_supercontig_000004742,3,1975,626132070,2037848944
GL854265.1,Chr3_supercontig_000004743,3,1549,626133619,2037850493
GL854266.1,Chr3_supercontig_000004744,3,2609,626136228,2037853102
GL854267.1,Chr3_supercontig_000004745,3,2961,626139189,2037856063
GL854268.1,Chr3_supercontig_000004746,3,1660,626140849,2037857723
GL854269.1,Chr3_supercontig_000004747,3,1757,626142606,2037859480
GL854270.1,Chr3_supercontig_000004748,3,1998,626144604,2037861478
GL854271.1,Chr3_supercontig_000004749,3,2122,626146726,2037863600
GL854272.1,Chr3_supercontig_000004750,3,4391,626151117,2037867991
GL854273.1,Chr3_supercontig_000004751,3,3248,626154365,2037871239
GL854274.1,Chr3_supercontig_000004752,3,5159,626159524,2037876398
GL854275.1,Chr3_supercontig_000004753,3,2710,626162234,2037879108
GL854276.1,Chr3_supercontig_000004754,3,3116,626165350,2037882224
GL854277.1,Chr3_supercontig_000004755,3,2898,626168248,2037885122
GL854278.1,Chr3_supercontig_000004756,3,3908,626172156,2037889030
GL854279.1,Chr3_supercontig_000004757,3,4716,626176872,2037893746
GL854280.1,Chr3_supercontig_000004758,3,1540,626178412,2037895286
GL854281.1,Chr3_supercontig_000004759,3,4948,626183360,2037900234
GL854282.1,Chr3_supercontig_000004760,3,1849,626185209,2037902083
GL854283.1,Chr3_supercontig_000004761,3,1603,626186812,2037903686
GL854284.1,Chr3_supercontig_000004762,3,2836,626189648,2037906522
GL854285.1,Chr3_supercontig_000004763,3,2725,626192373,2037909247
GL854286.1,Chr3_supercontig_000004764,3,1554,626193927,2037910801
GL854287.1,Chr3_supercontig_000004765,3,3044,626196971,2037913845
GL854288.1,Chr3_supercontig_000004766,3,3153,626200124,2037916998
GL854289.1,Chr3_supercontig_000004767,3,1535,626201659,2037918533
GL854290.1,Chr3_supercontig_000004768,3,2459,626204118,2037920992
GL854291.1,Chr3_supercontig_000004769,3,2553,626206671,2037923545
GL854292.1,Chr3_supercontig_000004770,3,1843,626208514,2037925388
GL854293.1,Chr3_supercontig_000004771,3,1683,626210197,2037927071
GL854294.1,Chr3_supercontig_000004772,3,1756,626211953,2037928827
GL854295.1,Chr3_supercontig_000004773,3,3537,626215490,2037932364
GL854296.1,Chr3_supercontig_000004774,3,2379,626217869,2037934743
GL854297.1,Chr3_supercontig_000004775,3,2060,626219929,2037936803
GL854298.1,Chr3_supercontig_000004776,3,1973,626221902,2037938776
GL854299.1,Chr3_supercontig_000004777,3,2437,626224339,2037941213
GL854300.1,Chr3_supercontig_000004778,3,1841,626226180,2037943054
GL854301.1,Chr3_supercontig_000004779,3,1527,626227707,2037944581
GL854302.1,Chr3_supercontig_000004780,3,4446,626232153,2037949027
GL854303.1,Chr3_supercontig_000004781,3,1744,626233897,2037950771
GL854304.1,Chr3_supercontig_000004782,3,2201,626236098,2037952972
GL854305.1,Chr3_supercontig_000004783,3,1762,626237860,2037954734
GL854306.1,Chr3_supercontig_000004784,3,5498,626243358,2037960232
GL854307.1,Chr3_supercontig_000004785,3,1936,626245294,2037962168
GL854308.1,Chr3_supercontig_000004786,3,1524,626246818,2037963692
GL854309.1,Chr3_supercontig_000004787,3,1619,626248437,2037965311
GL854310.1,Chr3_supercontig_000004788,3,1856,626250293,2037967167
GL854311.1,Chr3_supercontig_000004789,3,1863,626252156,2037969030
GL854312.1,Chr3_supercontig_000004790,3,4129,626256285,2037973159
GL854313.1,Chr3_supercontig_000004791,3,11385,626267670,2037984544
GL854314.1,Chr3_supercontig_000004792,3,1620,626269290,2037986164
GL854315.1,Chr3_supercontig_000004793,3,2198,626271488,2037988362
GL854316.1,Chr3_supercontig_000004794,3,5876,626277364,2037994238
GL854317.1,Chr3_supercontig_000004795,3,1496,626278860,2037995734
GL854318.1,Chr3_supercontig_000004796,3,2270,626281130,2037998004
GL854319.1,Chr3_supercontig_000004797,3,1676,626282806,2037999680
GL854320.1,Chr3_supercontig_000004798,3,1636,626284442,2038001316
GL854321.1,Chr3_supercontig_000004799,3,4025,626288467,2038005341
GL854322.1,Chr3_supercontig_000004800,3,2082,626290549,2038007423
GL854323.1,Chr3_supercontig_000004801,3,3044,626293593,2038010467
GL854324.1,Chr3_supercontig_000004802,3,3342,626296935,2038013809
GL854325.1,Chr3_supercontig_000004803,3,1569,626298504,2038015378
GL854326.1,Chr3_supercontig_000004804,3,1654,626300158,2038017032
GL854327.1,Chr3_supercontig_000004805,3,1559,626301717,2038018591
GL854328.1,Chr3_supercontig_000004806,3,2424,626304141,2038021015
GL854329.1,Chr3_supercontig_000004807,3,1549,626305690,2038022564
GL854330.1,Chr3_supercontig_000004808,3,1649,626307339,2038024213
GL854331.1,Chr3_supercontig_000004809,3,3185,626310524,2038027398
GL854332.1,Chr3_supercontig_000004810,3,1865,626312389,2038029263
GL854333.1,Chr3_supercontig_000004811,3,1693,626314082,2038030956
GL854334.1,Chr3_supercontig_000004812,3,1954,626316036,2038032910
GL854335.1,Chr3_supercontig_000004813,3,2423,626318459,2038035333
GL854336.1,Chr3_supercontig_000004814,3,1515,626319974,2038036848
GL854337.1,Chr3_supercontig_000004815,3,1895,626321869,2038038743
GL854338.1,Chr3_supercontig_000004816,3,3301,626325170,2038042044
GL854339.1,Chr3_supercontig_000004817,3,2401,626327571,2038044445
GL854340.1,Chr3_supercontig_000004818,3,6235,626333806,2038050680
GL854341.1,Chr3_supercontig_000004819,3,11116,626344922,2038061796
GL854342.1,Chr3_supercontig_000004820,3,1605,626346527,2038063401
GL854343.1,Chr3_supercontig_000004821,3,1754,626348281,2038065155
GL854344.1,Chr3_supercontig_000004822,3,1942,626350223,2038067097
GL854345.1,Chr3_supercontig_000004823,3,8429,626358652,2038075526
GL854346.1,Chr3_supercontig_000004824,3,1952,626360604,2038077478
GL854347.1,Chr3_supercontig_000004825,3,1510,626362114,2038078988
GL854348.1,Chr3_supercontig_000004826,3,1851,626363965,2038080839
GL854349.1,Chr3_supercontig_000004827,3,1550,626365515,2038082389
GL854350.1,Chr3_supercontig_000004828,3,1879,626367394,2038084268
GL854351.1,Chr3_supercontig_000004829,3,2034,626369428,2038086302
GL854352.1,Chr3_supercontig_000004830,3,3156,626372584,2038089458
GL854353.1,Chr3_supercontig_000004831,3,3078,626375662,2038092536
GL854354.1,Chr3_supercontig_000004832,3,1835,626377497,2038094371
GL854355.1,Chr3_supercontig_000004833,3,1741,626379238,2038096112
GL854356.1,Chr3_supercontig_000004834,3,1506,626380744,2038097618
GL854357.1,Chr3_supercontig_000004835,3,2126,626382870,2038099744
GL854358.1,Chr3_supercontig_000004836,3,3349,626386219,2038103093
GL854359.1,Chr3_supercontig_000004837,3,2668,626388887,2038105761
GL854360.1,Chr3_supercontig_000004838,3,1895,626390782,2038107656
GL854361.1,Chr3_supercontig_000004839,3,2211,626392993,2038109867
GL854362.1,Chr3_supercontig_000004840,3,3757,626396750,2038113624
GL854363.1,Chr3_supercontig_000004841,3,1793,626398543,2038115417
GL854364.1,Chr3_supercontig_000004842,3,2958,626401501,2038118375
GL854365.1,Chr3_supercontig_000004843,3,1941,626403442,2038120316
GL854366.1,Chr3_supercontig_000004844,3,6127,626409569,2038126443
GL854367.1,Chr3_supercontig_000004845,3,3751,626413320,2038130194
GL854368.1,Chr3_supercontig_000004846,3,1934,626415254,2038132128
GL854369.1,Chr3_supercontig_000004847,3,2379,626417633,2038134507
GL854370.1,Chr3_supercontig_000004848,3,3269,626420902,2038137776
GL854371.1,Chr3_supercontig_000004849,3,5340,626426242,2038143116
GL854372.1,Chr3_supercontig_000004850,3,2517,626428759,2038145633
GL854373.1,Chr3_supercontig_000004851,3,2680,626431439,2038148313
GL854374.1,Chr3_supercontig_000004852,3,17950,626449389,2038166263
GL854375.1,Chr3_supercontig_000004853,3,2369,626451758,2038168632
GL854376.1,Chr3_supercontig_000004854,3,16610,626468368,2038185242
GL854377.1,Chr3_supercontig_000004855,3,19429,626487797,2038204671
GL854378.1,Chr3_supercontig_000004856,3,2272,626490069,2038206943
GL854379.1,Chr3_supercontig_000004857,3,2645,626492714,2038209588
GL854380.1,Chr3_supercontig_000004858,3,9036,626501750,2038218624
GL854381.1,Chr3_supercontig_000004859,3,2577,626504327,2038221201
GL854382.1,Chr3_supercontig_000004860,3,9161,626513488,2038230362
GL854383.1,Chr3_supercontig_000004861,3,1689,626515177,2038232051
GL854384.1,Chr3_supercontig_000004862,3,2378,626517555,2038234429
GL854385.1,Chr3_supercontig_000004863,3,4355,626521910,2038238784
GL854386.1,Chr3_supercontig_000004864,3,2688,626524598,2038241472
GL854387.1,Chr3_supercontig_000004865,3,3601,626528199,2038245073
GL854388.1,Chr3_supercontig_000004866,3,7343,626535542,2038252416
GL854389.1,Chr3_supercontig_000004867,3,10276,626545818,2038262692
GL854390.1,Chr3_supercontig_000004868,3,1718,626547536,2038264410
GL854391.1,Chr3_supercontig_000004869,3,2019,626549555,2038266429
GL854392.1,Chr3_supercontig_000004870,3,1677,626551232,2038268106
GL854393.1,Chr3_supercontig_000004871,3,1867,626553099,2038269973
GL854394.1,Chr3_supercontig_000004872,3,1533,626554632,2038271506
GL854395.1,Chr3_supercontig_000004873,3,1718,626556350,2038273224
GL854396.1,Chr3_supercontig_000004874,3,3515,626559865,2038276739
GL854397.1,Chr3_supercontig_000004875,3,1584,626561449,2038278323
GL854398.1,Chr3_supercontig_000004876,3,1621,626563070,2038279944
GL854399.1,Chr3_supercontig_000004877,3,2118,626565188,2038282062
GL854400.1,Chr3_supercontig_000004878,3,5909,626571097,2038287971
GL854401.1,Chr3_supercontig_000004879,3,9750,626580847,2038297721
GL854402.1,Chr3_supercontig_000004880,3,4378,626585225,2038302099
GL854403.1,Chr3_supercontig_000004881,3,1678,626586903,2038303777
GL854404.1,Chr3_supercontig_000004882,3,1910,626588813,2038305687
GL854405.1,Chr3_supercontig_000004883,3,2553,626591366,2038308240
GL854406.1,Chr3_supercontig_000004884,3,3014,626594380,2038311254
GL854407.1,Chr3_supercontig_000004885,3,2653,626597033,2038313907
GL854408.1,Chr3_supercontig_000004886,3,1755,626598788,2038315662
GL854409.1,Chr3_supercontig_000004887,3,2422,626601210,2038318084
GL854410.1,Chr3_supercontig_000004888,3,5308,626606518,2038323392
GL854411.1,Chr3_supercontig_000004889,3,2174,626608692,2038325566
GL854412.1,Chr3_supercontig_000004890,3,2493,626611185,2038328059
GL854413.1,Chr3_supercontig_000004891,3,5500,626616685,2038333559
GL854414.1,Chr3_supercontig_000004892,3,5318,626622003,2038338877
GL854415.1,Chr3_supercontig_000004893,3,2045,626624048,2038340922
GL854416.1,Chr3_supercontig_000004894,3,1990,626626038,2038342912
GL854417.1,Chr3_supercontig_000004895,3,2028,626628066,2038344940
GL854418.1,Chr3_supercontig_000004896,3,2741,626630807,2038347681
GL854419.1,Chr3_supercontig_000004897,3,2222,626633029,2038349903
GL854420.1,Chr3_supercontig_000004898,3,2844,626635873,2038352747
GL854421.1,Chr3_supercontig_000004899,3,1536,626637409,2038354283
GL854422.1,Chr3_supercontig_000004900,3,1555,626638964,2038355838
GL854423.1,Chr3_supercontig_000004901,3,1823,626640787,2038357661
GL854424.1,Chr3_supercontig_000004902,3,1609,626642396,2038359270
GL854425.1,Chr3_supercontig_000004903,3,1695,626644091,2038360965
GL854426.1,Chr3_supercontig_000004904,3,3012,626647103,2038363977
GL854427.1,Chr3_supercontig_000004905,3,1814,626648917,2038365791
GL854428.1,Chr3_supercontig_000004906,3,1569,626650486,2038367360
GL854429.1,Chr3_supercontig_000004907,3,2069,626652555,2038369429
GL854430.1,Chr3_supercontig_000004908,3,1689,626654244,2038371118
GL854431.1,Chr3_supercontig_000004909,3,2468,626656712,2038373586
GL854432.1,Chr3_supercontig_000004910,3,2490,626659202,2038376076
GL854433.1,Chr3_supercontig_000004911,3,1624,626660826,2038377700
GL854434.1,Chr3_supercontig_000004912,3,3730,626664556,2038381430
GL854435.1,Chr3_supercontig_000004913,3,4303,626668859,2038385733
GL854436.1,Chr3_supercontig_000004914,3,1929,626670788,2038387662
GL854437.1,Chr3_supercontig_000004915,3,2171,626672959,2038389833
GL854438.1,Chr3_supercontig_000004916,3,1808,626674767,2038391641
GL854439.1,Chr3_supercontig_000004917,3,1758,626676525,2038393399
GL854440.1,Chr3_supercontig_000004918,3,2046,626678571,2038395445
GL854441.1,Chr3_supercontig_000004919,3,2669,626681240,2038398114
GL854442.1,Chr3_supercontig_000004920,3,2326,626683566,2038400440
GL854443.1,Chr3_supercontig_000004921,3,1855,626685421,2038402295
GL854444.1,Chr3_supercontig_000004922,3,1739,626687160,2038404034
GL854445.1,Chr3_supercontig_000004923,3,3621,626690781,2038407655
GL854446.1,Chr3_supercontig_000004924,3,5836,626696617,2038413491
GL854447.1,Chr3_supercontig_000004925,3,1721,626698338,2038415212
GL854448.1,Chr3_supercontig_000004926,3,1682,626700020,2038416894
GL854449.1,Chr3_supercontig_000004927,3,1679,626701699,2038418573
GL854450.1,Chr3_supercontig_000004928,3,3647,626705346,2038422220
GL854451.1,Chr3_supercontig_000004929,3,1761,626707107,2038423981
GL854452.1,Chr3_supercontig_000004930,3,2531,626709638,2038426512
GL854453.1,Chr3_supercontig_000004931,3,30729,626740367,2038457241
GL854454.1,Chr3_supercontig_000004932,3,4795,626745162,2038462036
GL854455.1,Chr3_supercontig_000004933,3,2339,626747501,2038464375
GL854456.1,Chr3_supercontig_000004934,3,4904,626752405,2038469279
GL854457.1,Chr3_supercontig_000004935,3,2155,626754560,2038471434
GL854458.1,Chr3_supercontig_000004936,3,3577,626758137,2038475011
GL854459.1,Chr3_supercontig_000004937,3,8935,626767072,2038483946
GL854460.1,Chr3_supercontig_000004938,3,10024,626777096,2038493970
GL854461.1,Chr3_supercontig_000004939,3,1687,626778783,2038495657
GL854462.1,Chr3_supercontig_000004940,3,10705,626789488,2038506362
GL854463.1,Chr3_supercontig_000004941,3,1837,626791325,2038508199
GL854464.1,Chr3_supercontig_000004942,3,1916,626793241,2038510115
GL854465.1,Chr3_supercontig_000004943,3,2675,626795916,2038512790
GL854466.1,Chr3_supercontig_000004944,3,1508,626797424,2038514298
GL854467.1,Chr3_supercontig_000004945,3,2622,626800046,2038516920
GL854468.1,Chr3_supercontig_000004946,3,1812,626801858,2038518732
GL854469.1,Chr3_supercontig_000004947,3,4581,626806439,2038523313
GL854470.1,Chr3_supercontig_000004948,3,7648,626814087,2038530961
GL854471.1,Chr3_supercontig_000004949,3,2081,626816168,2038533042
GL854472.1,Chr3_supercontig_000004950,3,2655,626818823,2038535697
GL854473.1,Chr3_supercontig_000004951,3,6236,626825059,2038541933
GL854474.1,Chr3_supercontig_000004952,3,1617,626826676,2038543550
GL854475.1,Chr3_supercontig_000004953,3,2604,626829280,2038546154
GL854476.1,Chr3_supercontig_000004954,3,2354,626831634,2038548508
GL854477.1,Chr3_supercontig_000004955,3,2847,626834481,2038551355
GL854478.1,Chr3_supercontig_000004956,3,4010,626838491,2038555365
GL854479.1,Chr3_supercontig_000004957,3,2698,626841189,2038558063
GL854480.1,Chr3_supercontig_000004958,3,1694,626842883,2038559757
GL854481.1,Chr3_supercontig_000004959,3,1653,626844536,2038561410
GL854482.1,Chr3_supercontig_000004960,3,4263,626848799,2038565673
GL854483.1,Chr3_supercontig_000004961,3,1548,626850347,2038567221
GL854484.1,Chr3_supercontig_000004962,3,1537,626851884,2038568758
GL854485.1,Chr3_supercontig_000004963,3,1900,626853784,2038570658
GL854486.1,Chr3_supercontig_000004964,3,2256,626856040,2038572914
GL854487.1,Chr3_supercontig_000004965,3,2735,626858775,2038575649
GL854488.1,Chr3_supercontig_000004966,3,1656,626860431,2038577305
GL854489.1,Chr3_supercontig_000004967,3,3414,626863845,2038580719
GL854490.1,Chr3_supercontig_000004968,3,14276,626878121,2038594995
GL854491.1,Chr3_supercontig_000004969,3,8447,626886568,2038603442
GL854492.1,Chr3_supercontig_000004970,3,1693,626888261,2038605135
GL854493.1,Chr3_supercontig_000004971,3,1599,626889860,2038606734
GL854494.1,Chr3_supercontig_000004972,3,2069,626891929,2038608803
GL854495.1,Chr3_supercontig_000004973,3,4530,626896459,2038613333
GL854496.1,Chr3_supercontig_000004974,3,1813,626898272,2038615146
GL854497.1,Chr3_supercontig_000004975,3,1578,626899850,2038616724
GL854498.1,Chr3_supercontig_000004976,3,1900,626901750,2038618624
GL854499.1,Chr3_supercontig_000004977,3,8745,626910495,2038627369
GL854500.1,Chr3_supercontig_000004978,3,1700,626912195,2038629069
GL854501.1,Chr3_supercontig_000004979,3,1510,626913705,2038630579
GL854502.1,Chr3_supercontig_000004980,3,2462,626916167,2038633041
GL854503.1,Chr3_supercontig_000004981,3,1857,626918024,2038634898
GL854504.1,Chr3_supercontig_000004982,3,1657,626919681,2038636555
GL854505.1,Chr3_supercontig_000004983,3,6312,626925993,2038642867
GL854506.1,Chr3_supercontig_000004984,3,1701,626927694,2038644568
GL854507.1,Chr3_supercontig_000004985,3,2313,626930007,2038646881
GL854508.1,Chr3_supercontig_000004986,3,3164,626933171,2038650045
GL854509.1,Chr3_supercontig_000004987,3,3303,626936474,2038653348
GL854510.1,Chr3_supercontig_000004988,3,1570,626938044,2038654918
GL854511.1,Chr3_supercontig_000004989,3,3268,626941312,2038658186
GL854512.1,Chr3_supercontig_000004990,3,2407,626943719,2038660593
GL854513.1,Chr3_supercontig_000004991,3,5109,626948828,2038665702
GL854514.1,Chr3_supercontig_000004992,3,2304,626951132,2038668006
GL854515.1,Chr3_supercontig_000004993,3,1665,626952797,2038669671
GL854516.1,Chr3_supercontig_000004994,3,2114,626954911,2038671785
GL854517.1,Chr3_supercontig_000004995,3,5528,626960439,2038677313
GL854518.1,Chr3_supercontig_000004996,3,2615,626963054,2038679928
GL854519.1,Chr3_supercontig_000004997,3,1733,626964787,2038681661
GL854520.1,Chr3_supercontig_000004998,3,5130,626969917,2038686791
GL854521.1,Chr3_supercontig_000004999,3,2680,626972597,2038689471
GL854522.1,Chr3_supercontig_000005000,3,2066,626974663,2038691537
GL854523.1,Chr3_supercontig_000005001,3,4660,626979323,2038696197
GL854524.1,Chr3_supercontig_000005002,3,1700,626981023,2038697897
GL854525.1,Chr3_supercontig_000005003,3,1756,626982779,2038699653
GL854526.1,Chr3_supercontig_000005004,3,4581,626987360,2038704234
GL854527.1,Chr3_supercontig_000005005,3,1681,626989041,2038705915
GL854528.1,Chr3_supercontig_000005006,3,5068,626994109,2038710983
GL854529.1,Chr3_supercontig_000005007,3,2254,626996363,2038713237
GL854530.1,Chr3_supercontig_000005008,3,2686,626999049,2038715923
GL854531.1,Chr3_supercontig_000005009,3,3449,627002498,2038719372
GL854532.1,Chr3_supercontig_000005010,3,1677,627004175,2038721049
GL854533.1,Chr3_supercontig_000005011,3,2835,627007010,2038723884
GL854534.1,Chr3_supercontig_000005012,3,4540,627011550,2038728424
GL854535.1,Chr3_supercontig_000005013,3,2700,627014250,2038731124
GL854536.1,Chr3_supercontig_000005014,3,2596,627016846,2038733720
GL854537.1,Chr3_supercontig_000005015,3,5166,627022012,2038738886
GL854538.1,Chr3_supercontig_000005016,3,1885,627023897,2038740771
GL854539.1,Chr3_supercontig_000005017,3,4495,627028392,2038745266
GL854540.1,Chr3_supercontig_000005018,3,3490,627031882,2038748756
GL854541.1,Chr3_supercontig_000005019,3,1881,627033763,2038750637
GL854542.1,Chr3_supercontig_000005020,3,6556,627040319,2038757193
GL854543.1,Chr3_supercontig_000005021,3,1887,627042206,2038759080
GL854544.1,Chr3_supercontig_000005022,3,9883,627052089,2038768963
GL854545.1,Chr3_supercontig_000005023,3,3030,627055119,2038771993
GL854546.1,Chr3_supercontig_000005024,3,1584,627056703,2038773577
GL854547.1,Chr3_supercontig_000005025,3,1633,627058336,2038775210
GL854548.1,Chr3_supercontig_000005026,3,1741,627060077,2038776951
GL854549.1,Chr3_supercontig_000005027,3,2707,627062784,2038779658
GL854550.1,Chr3_supercontig_000005028,3,4445,627067229,2038784103
GL854551.1,Chr3_supercontig_000005029,3,2181,627069410,2038786284
GL854552.1,Chr3_supercontig_000005030,3,2624,627072034,2038788908
GL854553.1,Chr3_supercontig_000005031,3,2073,627074107,2038790981
GL854554.1,Chr3_supercontig_000005032,3,1815,627075922,2038792796
GL854555.1,Chr3_supercontig_000005033,3,1901,627077823,2038794697
GL854556.1,Chr3_supercontig_000005034,3,3297,627081120,2038797994
GL854557.1,Chr3_supercontig_000005035,3,2602,627083722,2038800596
GL854558.1,Chr3_supercontig_000005036,3,6927,627090649,2038807523
GL854559.1,Chr3_supercontig_000005037,3,1762,627092411,2038809285
GL854560.1,Chr3_supercontig_000005038,3,1573,627093984,2038810858
GL854561.1,Chr3_supercontig_000005039,3,1762,627095746,2038812620
GL854562.1,Chr3_supercontig_000005040,3,1649,627097395,2038814269
GL854563.1,Chr3_supercontig_000005041,3,2606,627100001,2038816875
GL854564.1,Chr3_supercontig_000005042,3,3505,627103506,2038820380
GL854565.1,Chr3_supercontig_000005043,3,1799,627105305,2038822179
GL854566.1,Chr3_supercontig_000005044,3,1621,627106926,2038823800
GL854567.1,Chr3_supercontig_000005045,3,1899,627108825,2038825699
GL854568.1,Chr3_supercontig_000005046,3,1748,627110573,2038827447
GL854569.1,Chr3_supercontig_000005047,3,1784,627112357,2038829231
GL854570.1,Chr3_supercontig_000005048,3,3033,627115390,2038832264
GL854571.1,Chr3_supercontig_000005049,3,2495,627117885,2038834759
GL854572.1,Chr3_supercontig_000005050,3,3009,627120894,2038837768
GL854573.1,Chr3_supercontig_000005051,3,6671,627127565,2038844439
GL854574.1,Chr3_supercontig_000005052,3,1749,627129314,2038846188
GL854575.1,Chr3_supercontig_000005053,3,1868,627131182,2038848056
GL854576.1,Chr3_supercontig_000005054,3,1945,627133127,2038850001
GL854577.1,Chr3_supercontig_000005055,3,1731,627134858,2038851732
GL854578.1,Chr3_supercontig_000005056,3,1875,627136733,2038853607
GL854579.1,Chr3_supercontig_000005057,3,4205,627140938,2038857812
GL854580.1,Chr3_supercontig_000005058,3,6540,627147478,2038864352
GL854581.1,Chr3_supercontig_000005059,3,1569,627149047,2038865921
GL854582.1,Chr3_supercontig_000005060,3,6455,627155502,2038872376
GL854583.1,Chr3_supercontig_000005061,3,2428,627157930,2038874804
GL854584.1,Chr3_supercontig_000005062,3,4452,627162382,2038879256
GL854585.1,Chr3_supercontig_000005063,3,1535,627163917,2038880791
GL854586.1,Chr3_supercontig_000005064,3,1504,627165421,2038882295
GL854587.1,Chr3_supercontig_000005065,3,1923,627167344,2038884218
GL854588.1,Chr3_supercontig_000005066,3,4739,627172083,2038888957
GL854589.1,Chr3_supercontig_000005067,3,1870,627173953,2038890827
GL854590.1,Chr3_supercontig_000005068,3,1614,627175567,2038892441
GL854591.1,Chr3_supercontig_000005069,3,4631,627180198,2038897072
GL854592.1,Chr3_supercontig_000005070,3,2801,627182999,2038899873
GL854593.1,Chr3_supercontig_000005071,3,2805,627185804,2038902678
GL854594.1,Chr3_supercontig_000005072,3,2419,627188223,2038905097
GL854595.1,Chr3_supercontig_000005073,3,3173,627191396,2038908270
GL854596.1,Chr3_supercontig_000005074,3,2595,627193991,2038910865
GL854597.1,Chr3_supercontig_000005075,3,1812,627195803,2038912677
GL854598.1,Chr3_supercontig_000005076,3,2240,627198043,2038914917
GL854599.1,Chr3_supercontig_000005077,3,1758,627199801,2038916675
GL854600.1,Chr3_supercontig_000005078,3,1545,627201346,2038918220
GL854601.1,Chr3_supercontig_000005079,3,1919,627203265,2038920139
GL854602.1,Chr3_supercontig_000005080,3,1674,627204939,2038921813
GL854603.1,Chr3_supercontig_000005081,3,1854,627206793,2038923667
GL854604.1,Chr3_supercontig_000005082,3,4364,627211157,2038928031
GL854605.1,Chr3_supercontig_000005083,3,2188,627213345,2038930219
GL854606.1,Chr3_supercontig_000005084,3,2379,627215724,2038932598
GL854607.1,Chr3_supercontig_000005085,3,2385,627218109,2038934983
GL854608.1,Chr3_supercontig_000005086,3,4197,627222306,2038939180
GL854609.1,Chr3_supercontig_000005087,3,4551,627226857,2038943731
GL854610.1,Chr3_supercontig_000005088,3,5189,627232046,2038948920
GL854611.1,Chr3_supercontig_000005089,3,1748,627233794,2038950668
GL854612.1,Chr3_supercontig_000005090,3,2142,627235936,2038952810
GL854613.1,Chr3_supercontig_000005091,3,2857,627238793,2038955667
GL854614.1,Chr3_supercontig_000005092,3,1577,627240370,2038957244
GL854615.1,Chr3_supercontig_000005093,3,10423,627250793,2038967667
GL854616.1,Chr3_supercontig_000005094,3,2156,627252949,2038969823
GL854617.1,Chr3_supercontig_000005095,3,2308,627255257,2038972131
GL854618.1,Chr3_supercontig_000005096,3,2955,627258212,2038975086
GL854619.1,Chr3_supercontig_000005097,3,2466,627260678,2038977552
GL854620.1,Chr3_supercontig_000005098,3,3797,627264475,2038981349
GL854621.1,Chr3_supercontig_000005099,3,2955,627267430,2038984304
GL854622.1,Chr3_supercontig_000005100,3,8010,627275440,2038992314
GL854623.1,Chr3_supercontig_000005101,3,2983,627278423,2038995297
GL854624.1,Chr3_supercontig_000005102,3,4010,627282433,2038999307
GL854625.1,Chr3_supercontig_000005103,3,2513,627284946,2039001820
GL854626.1,Chr3_supercontig_000005104,3,2883,627287829,2039004703
GL854627.1,Chr3_supercontig_000005105,3,2468,627290297,2039007171
GL854628.1,Chr3_supercontig_000005106,3,1608,627291905,2039008779
GL854629.1,Chr3_supercontig_000005107,3,4629,627296534,2039013408
GL854630.1,Chr3_supercontig_000005108,3,2403,627298937,2039015811
GL854631.1,Chr3_supercontig_000005109,3,4824,627303761,2039020635
GL854632.1,Chr3_supercontig_000005110,3,2183,627305944,2039022818
GL854633.1,Chr3_supercontig_000005111,3,1655,627307599,2039024473
GL854634.1,Chr3_supercontig_000005112,3,2173,627309772,2039026646
GL854635.1,Chr3_supercontig_000005113,3,4924,627314696,2039031570
GL854636.1,Chr3_supercontig_000005114,3,1566,627316262,2039033136
GL854637.1,Chr3_supercontig_000005115,3,1886,627318148,2039035022
GL854638.1,Chr3_supercontig_000005116,3,1582,627319730,2039036604
GL854639.1,Chr3_supercontig_000005117,3,1751,627321481,2039038355
GL854640.1,Chr3_supercontig_000005118,3,3407,627324888,2039041762
GL854641.1,Chr3_supercontig_000005119,3,1592,627326480,2039043354
GL854642.1,Chr3_supercontig_000005120,3,2931,627329411,2039046285
GL854643.1,Chr3_supercontig_000005121,3,3102,627332513,2039049387
GL854644.1,Chr3_supercontig_000005122,3,3459,627335972,2039052846
GL854645.1,Chr3_supercontig_000005123,3,2235,627338207,2039055081
GL854646.1,Chr3_supercontig_000005124,3,2865,627341072,2039057946
GL854647.1,Chr3_supercontig_000005125,3,5226,627346298,2039063172
GL854648.1,Chr3_supercontig_000005126,3,2113,627348411,2039065285
GL854649.1,Chr3_supercontig_000005127,3,1553,627349964,2039066838
GL854650.1,Chr3_supercontig_000005128,3,2209,627352173,2039069047
GL854651.1,Chr3_supercontig_000005129,3,2579,627354752,2039071626
GL854652.1,Chr3_supercontig_000005130,3,11013,627365765,2039082639
GL854653.1,Chr3_supercontig_000005131,3,3761,627369526,2039086400
GL854654.1,Chr3_supercontig_000005132,3,3118,627372644,2039089518
GL854655.1,Chr3_supercontig_000005133,3,6178,627378822,2039095696
GL854656.1,Chr3_supercontig_000005134,3,3723,627382545,2039099419
GL854657.1,Chr3_supercontig_000005135,3,6130,627388675,2039105549
GL854658.1,Chr3_supercontig_000005136,3,2770,627391445,2039108319
GL854659.1,Chr3_supercontig_000005137,3,2012,627393457,2039110331
GL854660.1,Chr3_supercontig_000005138,3,1511,627394968,2039111842
GL854661.1,Chr3_supercontig_000005139,3,3849,627398817,2039115691
GL854662.1,Chr3_supercontig_000005140,3,1684,627400501,2039117375
GL854663.1,Chr3_supercontig_000005141,3,1705,627402206,2039119080
GL854664.1,Chr3_supercontig_000005142,3,1865,627404071,2039120945
GL854665.1,Chr3_supercontig_000005143,3,2413,627406484,2039123358
GL854666.1,Chr3_supercontig_000005144,3,1753,627408237,2039125111
GL854667.1,Chr3_supercontig_000005145,3,1792,627410029,2039126903
GL854668.1,Chr3_supercontig_000005146,3,4601,627414630,2039131504
GL854669.1,Chr3_supercontig_000005147,3,1993,627416623,2039133497
GL854670.1,Chr3_supercontig_000005148,3,3361,627419984,2039136858
GL854671.1,Chr3_supercontig_000005149,3,1708,627421692,2039138566
GL854672.1,Chr3_supercontig_000005150,3,1748,627423440,2039140314
GL854673.1,Chr3_supercontig_000005151,3,1787,627425227,2039142101
GL854674.1,Chr3_supercontig_000005152,3,3813,627429040,2039145914
GL854675.1,Chr3_supercontig_000005153,3,1772,627430812,2039147686
GL854676.1,Chr3_supercontig_000005154,3,4039,627434851,2039151725
GL854677.1,Chr3_supercontig_000005155,3,2017,627436868,2039153742
GL854678.1,Chr3_supercontig_000005156,3,5465,627442333,2039159207
GL854679.1,Chr3_supercontig_000005157,3,3563,627445896,2039162770
GL854680.1,Chr3_supercontig_000005158,3,2838,627448734,2039165608
GL854681.1,Chr3_supercontig_000005159,3,1984,627450718,2039167592
GL854682.1,Chr3_supercontig_000005160,3,4230,627454948,2039171822
GL854683.1,Chr3_supercontig_000005161,3,2249,627457197,2039174071
GL854684.1,Chr3_supercontig_000005162,3,2430,627459627,2039176501
GL854685.1,Chr3_supercontig_000005163,3,7003,627466630,2039183504
GL854686.1,Chr3_supercontig_000005164,3,2398,627469028,2039185902
GL854687.1,Chr3_supercontig_000005165,3,1627,627470655,2039187529
GL854688.1,Chr3_supercontig_000005166,3,2490,627473145,2039190019
GL854689.1,Chr3_supercontig_000005167,3,2044,627475189,2039192063
GL854690.1,Chr3_supercontig_000005168,3,1665,627476854,2039193728
GL854691.1,Chr3_supercontig_000005169,3,2601,627479455,2039196329
GL854692.1,Chr3_supercontig_000005170,3,2765,627482220,2039199094
GL854693.1,Chr3_supercontig_000005171,3,3259,627485479,2039202353
GL854694.1,Chr3_supercontig_000005172,3,3052,627488531,2039205405
GL854695.1,Chr3_supercontig_000005173,3,3139,627491670,2039208544
GL854696.1,Chr3_supercontig_000005174,3,1558,627493228,2039210102
GL854697.1,Chr3_supercontig_000005175,3,4263,627497491,2039214365
GL854698.1,Chr3_supercontig_000005176,3,6916,627504407,2039221281
GL854699.1,Chr3_supercontig_000005177,3,1522,627505929,2039222803
GL854700.1,Chr3_supercontig_000005178,3,2420,627508349,2039225223
GL854701.1,Chr3_supercontig_000005179,3,5259,627513608,2039230482
GL854702.1,Chr3_supercontig_000005180,3,4169,627517777,2039234651
GL854703.1,Chr3_supercontig_000005181,3,1736,627519513,2039236387
GL854704.1,Chr3_supercontig_000005182,3,4117,627523630,2039240504
GL854705.1,Chr3_supercontig_000005183,3,3571,627527201,2039244075
GL854706.1,Chr3_supercontig_000005184,3,14578,627541779,2039258653
GL854707.1,Chr3_supercontig_000005185,3,5893,627547672,2039264546
GL854708.1,Chr3_supercontig_000005186,3,2477,627550149,2039267023
GL854709.1,Chr3_supercontig_000005187,3,1641,627551790,2039268664
GL854710.1,Chr3_supercontig_000005188,3,1905,627553695,2039270569
GL854711.1,Chr3_supercontig_000005189,3,2180,627555875,2039272749
GL854712.1,Chr3_supercontig_000005190,3,2483,627558358,2039275232
GL854713.1,Chr3_supercontig_000005191,3,1506,627559864,2039276738
GL854714.1,Chr3_supercontig_000005192,3,6474,627566338,2039283212
GL854715.1,Chr3_supercontig_000005193,3,10222,627576560,2039293434
GL854716.1,Chr3_supercontig_000005194,3,1570,627578130,2039295004
GL854717.1,Chr3_supercontig_000005195,3,2180,627580310,2039297184
GL854718.1,Chr3_supercontig_000005196,3,3205,627583515,2039300389
GL854719.1,Chr3_supercontig_000005197,3,2182,627585697,2039302571
GL854720.1,Chr3_supercontig_000005198,3,2807,627588504,2039305378
GL854721.1,Chr3_supercontig_000005199,3,2063,627590567,2039307441
GL854722.1,Chr3_supercontig_000005200,3,4095,627594662,2039311536
GL854723.1,Chr3_supercontig_000005201,3,1794,627596456,2039313330
GL854724.1,Chr3_supercontig_000005202,3,1716,627598172,2039315046
GL854725.1,Chr3_supercontig_000005203,3,1672,627599844,2039316718
GL854726.1,Chr3_supercontig_000005204,3,1660,627601504,2039318378
GL854727.1,Chr3_supercontig_000005205,3,2401,627603905,2039320779
GL854728.1,Chr3_supercontig_000005206,3,2611,627606516,2039323390
GL854729.1,Chr3_supercontig_000005207,3,2360,627608876,2039325750
GL854730.1,Chr3_supercontig_000005208,3,5165,627614041,2039330915
GL854731.1,Chr3_supercontig_000005209,3,1676,627615717,2039332591
GL854732.1,Chr3_supercontig_000005210,3,2794,627618511,2039335385
GL854733.1,Chr3_supercontig_000005211,3,2431,627620942,2039337816
GL854734.1,Chr3_supercontig_000005212,3,1834,627622776,2039339650
GL854735.1,Chr3_supercontig_000005213,3,2888,627625664,2039342538
GL854736.1,Chr3_supercontig_000005214,3,2771,627628435,2039345309
GL854737.1,Chr3_supercontig_000005215,3,1996,627630431,2039347305
GL854738.1,Chr3_supercontig_000005216,3,5141,627635572,2039352446
GL854739.1,Chr3_supercontig_000005217,3,4059,627639631,2039356505
GL854740.1,Chr3_supercontig_000005218,3,3232,627642863,2039359737
GL854741.1,Chr3_supercontig_000005219,3,2709,627645572,2039362446
GL854742.1,Chr3_supercontig_000005220,3,2130,627647702,2039364576
GL854743.1,Chr3_supercontig_000005221,3,1850,627649552,2039366426
GL854744.1,Chr3_supercontig_000005222,3,1639,627651191,2039368065
GL854745.1,Chr3_supercontig_000005223,3,6835,627658026,2039374900
GL854746.1,Chr3_supercontig_000005224,3,2530,627660556,2039377430
GL854747.1,Chr3_supercontig_000005225,3,3484,627664040,2039380914
GL854748.1,Chr3_supercontig_000005226,3,3368,627667408,2039384282
GL854749.1,Chr3_supercontig_000005227,3,5028,627672436,2039389310
GL854750.1,Chr3_supercontig_000005228,3,2075,627674511,2039391385
GL854751.1,Chr3_supercontig_000005229,3,2729,627677240,2039394114
GL854752.1,Chr3_supercontig_000005230,3,2951,627680191,2039397065
GL854753.1,Chr3_supercontig_000005231,3,2952,627683143,2039400017
GL854754.1,Chr3_supercontig_000005232,3,3153,627686296,2039403170
GL854755.1,Chr3_supercontig_000005233,3,4035,627690331,2039407205
GL854756.1,Chr3_supercontig_000005234,3,4301,627694632,2039411506
GL854757.1,Chr3_supercontig_000005235,3,7170,627701802,2039418676
GL854758.1,Chr3_supercontig_000005236,3,5291,627707093,2039423967
GL854759.1,Chr3_supercontig_000005237,3,2618,627709711,2039426585
GL854760.1,Chr3_supercontig_000005238,3,2470,627712181,2039429055
GL854761.1,Chr3_supercontig_000005239,3,4166,627716347,2039433221
GL854762.1,Chr3_supercontig_000005240,3,3908,627720255,2039437129
GL854763.1,Chr3_supercontig_000005241,3,1917,627722172,2039439046
GL854764.1,Chr3_supercontig_000005242,3,1672,627723844,2039440718
GL854765.1,Chr3_supercontig_000005243,3,2038,627725882,2039442756
GL854766.1,Chr3_supercontig_000005244,3,2151,627728033,2039444907
GL854767.1,Chr3_supercontig_000005245,3,1586,627729619,2039446493
GL854768.1,Chr3_supercontig_000005246,3,2091,627731710,2039448584
GL854769.1,Chr3_supercontig_000005247,3,3066,627734776,2039451650
GL854770.1,Chr3_supercontig_000005248,3,3124,627737900,2039454774
GL854771.1,Chr3_supercontig_000005249,3,1586,627739486,2039456360
GL854772.1,Chr3_supercontig_000005250,3,2229,627741715,2039458589
GL854773.1,Chr3_supercontig_000005251,3,3209,627744924,2039461798
GL854774.1,Chr3_supercontig_000005252,3,3836,627748760,2039465634
GL854775.1,Chr3_supercontig_000005253,3,2234,627750994,2039467868
GL854776.1,Chr3_supercontig_000005254,3,2367,627753361,2039470235
GL854777.1,Chr3_supercontig_000005255,3,2260,627755621,2039472495
GL854778.1,Chr3_supercontig_000005256,3,1620,627757241,2039474115
GL854779.1,Chr3_supercontig_000005257,3,3197,627760438,2039477312
GL854780.1,Chr3_supercontig_000005258,3,2034,627762472,2039479346
GL854781.1,Chr3_supercontig_000005259,3,1749,627764221,2039481095
GL854782.1,Chr3_supercontig_000005260,3,4262,627768483,2039485357
GL854783.1,Chr3_supercontig_000005261,3,1828,627770311,2039487185
GL854784.1,Chr3_supercontig_000005262,3,2062,627772373,2039489247
GL854785.1,Chr3_supercontig_000005263,3,2776,627775149,2039492023
GL854786.1,Chr3_supercontig_000005264,3,2851,627778000,2039494874
GL854787.1,Chr3_supercontig_000005265,3,6837,627784837,2039501711
GL854788.1,Chr3_supercontig_000005266,3,1890,627786727,2039503601
GL854789.1,Chr3_supercontig_000005267,3,3567,627790294,2039507168
GL854790.1,Chr3_supercontig_000005268,3,1540,627791834,2039508708
GL854791.1,Chr3_supercontig_000005269,3,2274,627794108,2039510982
GL854792.1,Chr3_supercontig_000005270,3,3086,627797194,2039514068
GL854793.1,Chr3_supercontig_000005271,3,18922,627816116,2039532990
GL854794.1,Chr3_supercontig_000005272,3,1806,627817922,2039534796
GL854795.1,Chr3_supercontig_000005273,3,2322,627820244,2039537118
GL854796.1,Chr3_supercontig_000005274,3,1792,627822036,2039538910
GL854797.1,Chr3_supercontig_000005275,3,2823,627824859,2039541733
GL854798.1,Chr3_supercontig_000005276,3,2116,627826975,2039543849
GL854799.1,Chr3_supercontig_000005277,3,1583,627828558,2039545432
GL854800.1,Chr3_supercontig_000005278,3,4383,627832941,2039549815
GL854801.1,Chr3_supercontig_000005279,3,4290,627837231,2039554105
GL854802.1,Chr3_supercontig_000005280,3,3106,627840337,2039557211
GL854803.1,Chr3_supercontig_000005281,3,1799,627842136,2039559010
GL854804.1,Chr3_supercontig_000005282,3,1626,627843762,2039560636
GL854805.1,Chr3_supercontig_000005283,3,2227,627845989,2039562863
GL854806.1,Chr3_supercontig_000005284,3,1689,627847678,2039564552
GL854807.1,Chr3_supercontig_000005285,3,2550,627850228,2039567102
GL854808.1,Chr3_supercontig_000005286,3,2022,627852250,2039569124
GL854809.1,Chr3_supercontig_000005287,3,2343,627854593,2039571467
GL854810.1,Chr3_supercontig_000005288,3,2021,627856614,2039573488
GL854811.1,Chr3_supercontig_000005289,3,6638,627863252,2039580126
GL854812.1,Chr3_supercontig_000005290,3,2840,627866092,2039582966
GL854813.1,Chr3_supercontig_000005291,3,13299,627879391,2039596265
GL854814.1,Chr3_supercontig_000005292,3,3518,627882909,2039599783
GL854815.1,Chr3_supercontig_000005293,3,3771,627886680,2039603554
GL854816.1,Chr3_supercontig_000005294,3,2286,627888966,2039605840
GL854817.1,Chr3_supercontig_000005295,3,3558,627892524,2039609398
GL854818.1,Chr3_supercontig_000005296,3,4509,627897033,2039613907
GL854819.1,Chr3_supercontig_000005297,3,2550,627899583,2039616457
GL854820.1,Chr3_supercontig_000005298,3,2483,627902066,2039618940
GL854821.1,Chr3_supercontig_000005299,3,1694,627903760,2039620634
GL854822.1,Chr3_supercontig_000005300,3,4007,627907767,2039624641
GL854823.1,Chr3_supercontig_000005301,3,2694,627910461,2039627335
GL854824.1,Chr3_supercontig_000005302,3,2055,627912516,2039629390
GL854825.1,Chr3_supercontig_000005303,3,6233,627918749,2039635623
GL854826.1,Chr3_supercontig_000005304,3,1985,627920734,2039637608
GL854827.1,Chr3_supercontig_000005305,3,1513,627922247,2039639121
GL854828.1,Chr3_supercontig_000005306,3,2894,627925141,2039642015
GL854829.1,Chr3_supercontig_000005307,3,2613,627927754,2039644628
GL854830.1,Chr3_supercontig_000005308,3,3874,627931628,2039648502
GL854831.1,Chr3_supercontig_000005309,3,2950,627934578,2039651452
GL854832.1,Chr3_supercontig_000005310,3,2558,627937136,2039654010
GL854833.1,Chr3_supercontig_000005311,3,2619,627939755,2039656629
GL854834.1,Chr3_supercontig_000005312,3,3744,627943499,2039660373
GL854835.1,Chr3_supercontig_000005313,3,3512,627947011,2039663885
GL854836.1,Chr3_supercontig_000005314,3,1513,627948524,2039665398
GL854837.1,Chr3_supercontig_000005315,3,2547,627951071,2039667945
GL854838.1,Chr3_supercontig_000005316,3,2543,627953614,2039670488
GL854839.1,Chr3_supercontig_000005317,3,1544,627955158,2039672032
GL854840.1,Chr3_supercontig_000005318,3,2642,627957800,2039674674
GL854841.1,Chr3_supercontig_000005319,3,1603,627959403,2039676277
GL854842.1,Chr3_supercontig_000005320,3,1546,627960949,2039677823
GL854843.1,Chr3_supercontig_000005321,3,1838,627962787,2039679661
GL854844.1,Chr3_supercontig_000005322,3,2313,627965100,2039681974
GL854845.1,Chr3_supercontig_000005323,3,2018,627967118,2039683992
GL854846.1,Chr3_supercontig_000005324,3,1972,627969090,2039685964
GL854847.1,Chr3_supercontig_000005325,3,2805,627971895,2039688769
GL854848.1,Chr3_supercontig_000005326,3,4174,627976069,2039692943
GL854849.1,Chr3_supercontig_000005327,3,2421,627978490,2039695364
GL854850.1,Chr3_supercontig_000005328,3,10997,627989487,2039706361
GL854851.1,Chr3_supercontig_000005329,3,3048,627992535,2039709409
GL854852.1,Chr3_supercontig_000005330,3,2269,627994804,2039711678
GL854853.1,Chr3_supercontig_000005331,3,1951,627996755,2039713629
GL854854.1,Chr3_supercontig_000005332,3,9161,628005916,2039722790
GL854855.1,Chr3_supercontig_000005333,3,2204,628008120,2039724994
GL854856.1,Chr3_supercontig_000005334,3,3934,628012054,2039728928
GL854857.1,Chr3_supercontig_000005335,3,1810,628013864,2039730738
GL854858.1,Chr3_supercontig_000005336,3,3822,628017686,2039734560
GL854859.1,Chr3_supercontig_000005337,3,7107,628024793,2039741667
GL854860.1,Chr3_supercontig_000005338,3,1753,628026546,2039743420
GL854861.1,Chr3_supercontig_000005339,3,2288,628028834,2039745708
GL854862.1,Chr3_supercontig_000005340,3,1743,628030577,2039747451
GL854863.1,Chr3_supercontig_000005341,3,3832,628034409,2039751283
GL854864.1,Chr3_supercontig_000005342,3,2867,628037276,2039754150
GL854865.1,Chr3_supercontig_000005343,3,3241,628040517,2039757391
GL854866.1,Chr3_supercontig_000005344,3,1729,628042246,2039759120
GL854867.1,Chr3_supercontig_000005345,3,5920,628048166,2039765040
GL854868.1,Chr3_supercontig_000005346,3,4939,628053105,2039769979
GL854869.1,Chr3_supercontig_000005347,3,3064,628056169,2039773043
GL854870.1,Chr3_supercontig_000005348,3,2118,628058287,2039775161
GL854871.1,Chr3_supercontig_000005349,3,3302,628061589,2039778463
GL854872.1,Chr3_supercontig_000005350,3,2081,628063670,2039780544
GL854873.1,Chr3_supercontig_000005351,3,2099,628065769,2039782643
GL854874.1,Chr3_supercontig_000005352,3,2944,628068713,2039785587
GL854875.1,Chr3_supercontig_000005353,3,6128,628074841,2039791715
GL854876.1,Chr3_supercontig_000005354,3,3815,628078656,2039795530
GL854877.1,Chr3_supercontig_000005355,3,5077,628083733,2039800607
GL854878.1,Chr3_supercontig_000005356,3,5841,628089574,2039806448
GL854879.1,Chr3_supercontig_000005357,3,3695,628093269,2039810143
GL854880.1,Chr3_supercontig_000005358,3,3769,628097038,2039813912
GL854881.1,Chr3_supercontig_000005359,3,3183,628100221,2039817095
GL854882.1,Chr3_supercontig_000005360,3,3801,628104022,2039820896
GL854883.1,Chr3_supercontig_000005361,3,3899,628107921,2039824795
GL854884.1,Chr3_supercontig_000005362,3,1928,628109849,2039826723
GL854885.1,Chr3_supercontig_000005363,3,3558,628113407,2039830281
GL854886.1,Chr3_supercontig_000005364,3,2872,628116279,2039833153
GL854887.1,Chr3_supercontig_000005365,3,2665,628118944,2039835818
GL854888.1,Chr3_supercontig_000005366,3,2037,628120981,2039837855
GL854889.1,Chr3_supercontig_000005367,3,4233,628125214,2039842088
GL854890.1,Chr3_supercontig_000005368,3,3299,628128513,2039845387
GL854891.1,Chr3_supercontig_000005369,3,5526,628134039,2039850913
GL854892.1,Chr3_supercontig_000005370,3,2966,628137005,2039853879
GL854893.1,Chr3_supercontig_000005371,3,2596,628139601,2039856475
GL854894.1,Chr3_supercontig_000005372,3,1752,628141353,2039858227
GL854895.1,Chr3_supercontig_000005373,3,3173,628144526,2039861400
GL854896.1,Chr3_supercontig_000005374,3,2632,628147158,2039864032
GL854897.1,Chr3_supercontig_000005375,3,3728,628150886,2039867760
GL854898.1,Chr3_supercontig_000005376,3,10142,628161028,2039877902
GL854899.1,Chr3_supercontig_000005377,3,2092,628163120,2039879994
GL854900.1,Chr3_supercontig_000005378,3,4772,628167892,2039884766
GL854901.1,Chr3_supercontig_000005379,3,5056,628172948,2039889822
GL854902.1,Chr3_supercontig_000005380,3,2605,628175553,2039892427
GL854903.1,Chr3_supercontig_000005381,3,3307,628178860,2039895734
GL854904.1,Chr3_supercontig_000005382,3,3388,628182248,2039899122
GL854905.1,Chr3_supercontig_000005383,3,1603,628183851,2039900725
GL854906.1,Chr3_supercontig_000005384,3,1757,628185608,2039902482
GL854907.1,Chr3_supercontig_000005385,3,2295,628187903,2039904777
GL854908.1,Chr3_supercontig_000005386,3,1644,628189547,2039906421
GL854909.1,Chr3_supercontig_000005387,3,1994,628191541,2039908415
GL854910.1,Chr3_supercontig_000005388,3,1870,628193411,2039910285
GL854911.1,Chr3_supercontig_000005389,3,3939,628197350,2039914224
GL854912.1,Chr3_supercontig_000005390,3,2990,628200340,2039917214
GL854913.1,Chr3_supercontig_000005391,3,8225,628208565,2039925439
GL854914.1,Chr3_supercontig_000005392,3,1826,628210391,2039927265
GL854915.1,Chr3_supercontig_000005393,3,1832,628212223,2039929097
GL854916.1,Chr3_supercontig_000005394,3,3570,628215793,2039932667
GL854917.1,Chr3_supercontig_000005395,3,2633,628218426,2039935300
GL854918.1,Chr3_supercontig_000005396,3,2094,628220520,2039937394
GL854919.1,Chr3_supercontig_000005397,3,2133,628222653,2039939527
GL854920.1,Chr3_supercontig_000005398,3,1694,628224347,2039941221
GL854921.1,Chr3_supercontig_000005399,3,2915,628227262,2039944136
GL854922.1,Chr3_supercontig_000005400,3,1659,628228921,2039945795
GL854923.1,Chr3_supercontig_000005401,3,2113,628231034,2039947908
GL854924.1,Chr3_supercontig_000005402,3,3028,628234062,2039950936
GL854925.1,Chr3_supercontig_000005403,3,12992,628247054,2039963928
GL854926.1,Chr3_supercontig_000005404,3,1506,628248560,2039965434
GL854927.1,Chr3_supercontig_000005405,3,2853,628251413,2039968287
GL854928.1,Chr3_supercontig_000005406,3,3482,628254895,2039971769
GL854929.1,Chr3_supercontig_000005407,3,1803,628256698,2039973572
GL854930.1,Chr3_supercontig_000005408,3,1525,628258223,2039975097
GL854931.1,Chr3_supercontig_000005409,3,1545,628259768,2039976642
GL854932.1,Chr3_supercontig_000005410,3,1957,628261725,2039978599
GL854933.1,Chr3_supercontig_000005411,3,2295,628264020,2039980894
GL854934.1,Chr3_supercontig_000005412,3,4382,628268402,2039985276
GL854935.1,Chr3_supercontig_000005413,3,1631,628270033,2039986907
GL854936.1,Chr3_supercontig_000005414,3,4984,628275017,2039991891
GL854937.1,Chr3_supercontig_000005415,3,1550,628276567,2039993441
GL854938.1,Chr3_supercontig_000005416,3,4365,628280932,2039997806
GL854939.1,Chr3_supercontig_000005417,3,2453,628283385,2040000259
GL854940.1,Chr3_supercontig_000005418,3,2076,628285461,2040002335
GL854941.1,Chr3_supercontig_000005419,3,10780,628296241,2040013115
GL854942.1,Chr3_supercontig_000005420,3,1707,628297948,2040014822
GL854943.1,Chr3_supercontig_000005421,3,1505,628299453,2040016327
GL854944.1,Chr3_supercontig_000005422,3,1707,628301160,2040018034
GL854945.1,Chr3_supercontig_000005423,3,2425,628303585,2040020459
GL854946.1,Chr3_supercontig_000005424,3,1794,628305379,2040022253
GL854947.1,Chr3_supercontig_000005425,3,2601,628307980,2040024854
GL854948.1,Chr3_supercontig_000005426,3,4176,628312156,2040029030
GL854949.1,Chr3_supercontig_000005427,3,1781,628313937,2040030811
GL854950.1,Chr3_supercontig_000005428,3,1819,628315756,2040032630
GL854951.1,Chr3_supercontig_000005429,3,2516,628318272,2040035146
GL854952.1,Chr3_supercontig_000005430,3,2206,628320478,2040037352
GL854953.1,Chr3_supercontig_000005431,3,3310,628323788,2040040662
GL854954.1,Chr3_supercontig_000005432,3,1897,628325685,2040042559
GL854955.1,Chr3_supercontig_000005433,3,3810,628329495,2040046369
GL854956.1,Chr3_supercontig_000005434,3,2084,628331579,2040048453
GL854957.1,Chr3_supercontig_000005435,3,3586,628335165,2040052039
GL854958.1,Chr3_supercontig_000005436,3,6034,628341199,2040058073
GL854959.1,Chr3_supercontig_000005437,3,1836,628343035,2040059909
GL854960.1,Chr3_supercontig_000005438,3,2184,628345219,2040062093
GL854961.1,Chr3_supercontig_000005439,3,2636,628347855,2040064729
GL854962.1,Chr3_supercontig_000005440,3,2219,628350074,2040066948
GL854963.1,Chr3_supercontig_000005441,3,2328,628352402,2040069276
GL854964.1,Chr3_supercontig_000005442,3,2272,628354674,2040071548
GL854965.1,Chr3_supercontig_000005443,3,2623,628357297,2040074171
GL854966.1,Chr3_supercontig_000005444,3,1529,628358826,2040075700
GL854967.1,Chr3_supercontig_000005445,3,1975,628360801,2040077675
GL854968.1,Chr3_supercontig_000005446,3,1691,628362492,2040079366
GL854969.1,Chr3_supercontig_000005447,3,2804,628365296,2040082170
GL854970.1,Chr3_supercontig_000005448,3,2226,628367522,2040084396
GL854971.1,Chr3_supercontig_000005449,3,6044,628373566,2040090440
GL854972.1,Chr3_supercontig_000005450,3,2538,628376104,2040092978
GL854973.1,Chr3_supercontig_000005451,3,8353,628384457,2040101331
GL854974.1,Chr3_supercontig_000005452,3,3644,628388101,2040104975
GL854975.1,Chr3_supercontig_000005453,3,2373,628390474,2040107348
GL854976.1,Chr3_supercontig_000005454,3,2566,628393040,2040109914
GL854977.1,Chr3_supercontig_000005455,3,1882,628394922,2040111796
GL854978.1,Chr3_supercontig_000005456,3,6615,628401537,2040118411
GL854979.1,Chr3_supercontig_000005457,3,2926,628404463,2040121337
GL854980.1,Chr3_supercontig_000005458,3,2254,628406717,2040123591
GL854981.1,Chr3_supercontig_000005459,3,4765,628411482,2040128356
GL854982.1,Chr3_supercontig_000005460,3,1866,628413348,2040130222
GL854983.1,Chr3_supercontig_000005461,3,5416,628418764,2040135638
GL854984.1,Chr3_supercontig_000005462,3,5890,628424654,2040141528
GL854985.1,Chr3_supercontig_000005463,3,6884,628431538,2040148412
GL854986.1,Chr3_supercontig_000005464,3,8504,628440042,2040156916
GL854987.1,Chr3_supercontig_000005465,3,1560,628441602,2040158476
GL854988.1,Chr3_supercontig_000005466,3,3458,628445060,2040161934
GL854989.1,Chr3_supercontig_000005467,3,1532,628446592,2040163466
GL854990.1,Chr3_supercontig_000005468,3,1879,628448471,2040165345
GL854991.1,Chr3_supercontig_000005469,3,2884,628451355,2040168229
GL854992.1,Chr3_supercontig_000005470,3,2386,628453741,2040170615
GL854993.1,Chr3_supercontig_000005471,3,1845,628455586,2040172460
GL854994.1,Chr3_supercontig_000005472,3,2884,628458470,2040175344
GL854995.1,Chr3_supercontig_000005473,3,1696,628460166,2040177040
GL854996.1,Chr3_supercontig_000005474,3,3655,628463821,2040180695
GL854997.1,Chr3_supercontig_000005475,3,1586,628465407,2040182281
GL854998.1,Chr3_supercontig_000005476,3,2763,628468170,2040185044
GL854999.1,Chr3_supercontig_000005477,3,2025,628470195,2040187069
GL855000.1,Chr3_supercontig_000005478,3,1564,628471759,2040188633
GL855001.1,Chr3_supercontig_000005479,3,3725,628475484,2040192358
GL855002.1,Chr3_supercontig_000005480,3,1995,628477479,2040194353
GL855003.1,Chr3_supercontig_000005481,3,1724,628479203,2040196077
GL855004.1,Chr3_supercontig_000005482,3,1620,628480823,2040197697
GL855005.1,Chr3_supercontig_000005483,3,3620,628484443,2040201317
GL855006.1,Chr3_supercontig_000005484,3,2294,628486737,2040203611
GL855007.1,Chr3_supercontig_000005485,3,4250,628490987,2040207861
GL855008.1,Chr3_supercontig_000005486,3,2486,628493473,2040210347
GL855009.1,Chr3_supercontig_000005487,3,2036,628495509,2040212383
GL855010.1,Chr3_supercontig_000005488,3,3272,628498781,2040215655
GL855011.1,Chr3_supercontig_000005489,3,2761,628501542,2040218416
GL855012.1,Chr3_supercontig_000005490,3,2204,628503746,2040220620
GL855013.1,Chr3_supercontig_000005491,3,2186,628505932,2040222806
GL855014.1,Chr3_supercontig_000005492,3,2051,628507983,2040224857
GL855015.1,Chr3_supercontig_000005493,3,1634,628509617,2040226491
GL855016.1,Chr3_supercontig_000005494,3,24773,628534390,2040251264
GL855017.1,Chr3_supercontig_000005495,3,2194,628536584,2040253458
GL855018.1,Chr3_supercontig_000005496,3,1695,628538279,2040255153
GL855019.1,Chr3_supercontig_000005497,3,6663,628544942,2040261816
GL855020.1,Chr3_supercontig_000005498,3,2530,628547472,2040264346
GL855021.1,Chr3_supercontig_000005499,3,2110,628549582,2040266456
GL855022.1,Chr3_supercontig_000005500,3,3238,628552820,2040269694
GL855023.1,Chr3_supercontig_000005501,3,1911,628554731,2040271605
GL855024.1,Chr3_supercontig_000005502,3,1505,628556236,2040273110
GL855025.1,Chr3_supercontig_000005503,3,3195,628559431,2040276305
GL855026.1,Chr3_supercontig_000005504,3,2348,628561779,2040278653
GL855027.1,Chr3_supercontig_000005505,3,2193,628563972,2040280846
GL855028.1,Chr3_supercontig_000005506,3,1611,628565583,2040282457
GL855029.1,Chr3_supercontig_000005507,3,2812,628568395,2040285269
GL855030.1,Chr3_supercontig_000005508,3,1887,628570282,2040287156
GL855031.1,Chr3_supercontig_000005509,3,1941,628572223,2040289097
GL855032.1,Chr3_supercontig_000005510,3,2972,628575195,2040292069
GL855033.1,Chr3_supercontig_000005511,3,4868,628580063,2040296937
GL855034.1,Chr3_supercontig_000005512,3,4452,628584515,2040301389
GL855035.1,Chr3_supercontig_000005513,3,2561,628587076,2040303950
GL855036.1,Chr3_supercontig_000005514,3,3088,628590164,2040307038
GL855037.1,Chr3_supercontig_000005515,3,5206,628595370,2040312244
GL855038.1,Chr3_supercontig_000005516,3,7004,628602374,2040319248
GL855039.1,Chr3_supercontig_000005517,3,2188,628604562,2040321436
GL855040.1,Chr3_supercontig_000005518,3,1706,628606268,2040323142
GL855041.1,Chr3_supercontig_000005519,3,2317,628608585,2040325459
GL855042.1,Chr3_supercontig_000005520,3,4289,628612874,2040329748
GL855043.1,Chr3_supercontig_000005521,3,1559,628614433,2040331307
GL855044.1,Chr3_supercontig_000005522,3,5226,628619659,2040336533
GL855045.1,Chr3_supercontig_000005523,3,6965,628626624,2040343498
GL855046.1,Chr3_supercontig_000005524,3,2222,628628846,2040345720
GL855047.1,Chr3_supercontig_000005525,3,3371,628632217,2040349091
GL855048.1,Chr3_supercontig_000005526,3,5292,628637509,2040354383
GL855049.1,Chr3_supercontig_000005527,3,3504,628641013,2040357887
GL855050.1,Chr3_supercontig_000005528,3,3002,628644015,2040360889
GL855051.1,Chr3_supercontig_000005529,3,1790,628645805,2040362679
GL855052.1,Chr3_supercontig_000005530,3,1654,628647459,2040364333
GL855053.1,Chr3_supercontig_000005531,3,2527,628649986,2040366860
GL855054.1,Chr3_supercontig_000005532,3,3449,628653435,2040370309
GL855055.1,Chr3_supercontig_000005533,3,1518,628654953,2040371827
GL855056.1,Chr3_supercontig_000005534,3,5160,628660113,2040376987
GL855057.1,Chr3_supercontig_000005535,3,1903,628662016,2040378890
GL855058.1,Chr3_supercontig_000005536,3,2138,628664154,2040381028
GL855059.1,Chr3_supercontig_000005537,3,2461,628666615,2040383489
GL855060.1,Chr3_supercontig_000005538,3,1615,628668230,2040385104
GL855061.1,Chr3_supercontig_000005539,3,8050,628676280,2040393154
GL855062.1,Chr3_supercontig_000005540,3,4773,628681053,2040397927
GL855063.1,Chr3_supercontig_000005541,3,4985,628686038,2040402912
GL855064.1,Chr3_supercontig_000005542,3,2857,628688895,2040405769
GL855065.1,Chr3_supercontig_000005543,3,2163,628691058,2040407932
GL855066.1,Chr3_supercontig_000005544,3,2189,628693247,2040410121
GL855067.1,Chr3_supercontig_000005545,3,4170,628697417,2040414291
GL855068.1,Chr3_supercontig_000005546,3,4037,628701454,2040418328
GL855069.1,Chr3_supercontig_000005547,3,1889,628703343,2040420217
GL855070.1,Chr3_supercontig_000005548,3,1729,628705072,2040421946
GL855071.1,Chr3_supercontig_000005549,3,1818,628706890,2040423764
GL855072.1,Chr3_supercontig_000005550,3,1682,628708572,2040425446
GL855073.1,Chr3_supercontig_000005551,3,1794,628710366,2040427240
GL855074.1,Chr3_supercontig_000005552,3,1961,628712327,2040429201
GL855075.1,Chr3_supercontig_000005553,3,1500,628713827,2040430701
GL855076.1,Chr3_supercontig_000005554,3,1965,628715792,2040432666
GL855077.1,Chr3_supercontig_000005555,3,1560,628717352,2040434226
GL855078.1,Chr3_supercontig_000005556,3,1957,628719309,2040436183
GL855079.1,Chr3_supercontig_000005557,3,3650,628722959,2040439833
GL855080.1,Chr3_supercontig_000005558,3,1731,628724690,2040441564
GL855081.1,Chr3_supercontig_000005559,3,4247,628728937,2040445811
GL855082.1,Chr3_supercontig_000005560,3,1690,628730627,2040447501
GL855083.1,Chr3_supercontig_000005561,3,2408,628733035,2040449909
GL855084.1,Chr3_supercontig_000005562,3,2998,628736033,2040452907
GL855085.1,Chr3_supercontig_000005563,3,1857,628737890,2040454764
GL855086.1,Chr3_supercontig_000005564,3,2249,628740139,2040457013
GL855087.1,Chr3_supercontig_000005565,3,2504,628742643,2040459517
GL855088.1,Chr3_supercontig_000005566,3,5650,628748293,2040465167
GL855089.1,Chr3_supercontig_000005567,3,3717,628752010,2040468884
GL855090.1,Chr3_supercontig_000005568,3,3542,628755552,2040472426
GL855091.1,Chr3_supercontig_000005569,3,1840,628757392,2040474266
GL855092.1,Chr3_supercontig_000005570,3,2002,628759394,2040476268
GL855093.1,Chr3_supercontig_000005571,3,1511,628760905,2040477779
GL855094.1,Chr3_supercontig_000005572,3,3633,628764538,2040481412
GL855095.1,Chr3_supercontig_000005573,3,2615,628767153,2040484027
GL855096.1,Chr3_supercontig_000005574,3,1972,628769125,2040485999
GL855097.1,Chr3_supercontig_000005575,3,2272,628771397,2040488271
GL855098.1,Chr3_supercontig_000005576,3,2405,628773802,2040490676
GL855099.1,Chr3_supercontig_000005577,3,2528,628776330,2040493204
GL855100.1,Chr3_supercontig_000005578,3,5555,628781885,2040498759
GL855101.1,Chr3_supercontig_000005579,3,2406,628784291,2040501165
GL855102.1,Chr3_supercontig_000005580,3,1999,628786290,2040503164
GL855103.1,Chr3_supercontig_000005581,3,3395,628789685,2040506559
GL855104.1,Chr3_supercontig_000005582,3,2641,628792326,2040509200
GL855105.1,Chr3_supercontig_000005583,3,2139,628794465,2040511339
GL855106.1,Chr3_supercontig_000005584,3,1550,628796015,2040512889
GL855107.1,Chr3_supercontig_000005585,3,1557,628797572,2040514446
GL855108.1,Chr3_supercontig_000005586,3,1875,628799447,2040516321
GL855109.1,Chr3_supercontig_000005587,3,1885,628801332,2040518206
GL855110.1,Chr3_supercontig_000005588,3,2317,628803649,2040520523
GL855111.1,Chr3_supercontig_000005589,3,2376,628806025,2040522899
GL855112.1,Chr3_supercontig_000005590,3,1710,628807735,2040524609
GL855113.1,Chr3_supercontig_000005591,3,3549,628811284,2040528158
GL855114.1,Chr3_supercontig_000005592,3,2208,628813492,2040530366
GL855115.1,Chr3_supercontig_000005593,3,9859,628823351,2040540225
GL855116.1,Chr3_supercontig_000005594,3,2680,628826031,2040542905
GL855117.1,Chr3_supercontig_000005595,3,2268,628828299,2040545173
GL855118.1,Chr3_supercontig_000005596,3,4111,628832410,2040549284
GL855119.1,Chr3_supercontig_000005597,3,2097,628834507,2040551381
GL855120.1,Chr3_supercontig_000005598,3,3619,628838126,2040555000
GL855121.1,Chr3_supercontig_000005599,3,1941,628840067,2040556941
GL855122.1,Chr3_supercontig_000005600,3,2161,628842228,2040559102
GL855123.1,Chr3_supercontig_000005601,3,7175,628849403,2040566277
GL855124.1,Chr3_supercontig_000005602,3,5653,628855056,2040571930
GL855125.1,Chr3_supercontig_000005603,3,8180,628863236,2040580110
GL855126.1,Chr3_supercontig_000005604,3,2041,628865277,2040582151
GL855127.1,Chr3_supercontig_000005605,3,8377,628873654,2040590528
GL855128.1,Chr3_supercontig_000005606,3,23261,628896915,2040613789
GL855129.1,Chr3_supercontig_000005607,3,3054,628899969,2040616843
GL855130.1,Chr3_supercontig_000005608,3,1899,628901868,2040618742
GL855131.1,Chr3_supercontig_000005609,3,1940,628903808,2040620682
GL855132.1,Chr3_supercontig_000005610,3,2945,628906753,2040623627
GL855133.1,Chr3_supercontig_000005611,3,1627,628908380,2040625254
GL855134.1,Chr3_supercontig_000005612,3,3091,628911471,2040628345
GL855135.1,Chr3_supercontig_000005613,3,2333,628913804,2040630678
GL855136.1,Chr3_supercontig_000005614,3,1635,628915439,2040632313
GL855137.1,Chr3_supercontig_000005615,3,1667,628917106,2040633980
GL855138.1,Chr3_supercontig_000005616,3,5223,628922329,2040639203
GL855139.1,Chr3_supercontig_000005617,3,3678,628926007,2040642881
GL855140.1,Chr3_supercontig_000005618,3,2483,628928490,2040645364
GL855141.1,Chr3_supercontig_000005619,3,2823,628931313,2040648187
GL855142.1,Chr3_supercontig_000005620,3,2890,628934203,2040651077
GL855143.1,Chr3_supercontig_000005621,3,1798,628936001,2040652875
GL855144.1,Chr3_supercontig_000005622,3,4186,628940187,2040657061
GL855145.1,Chr3_supercontig_000005623,3,1823,628942010,2040658884
GL855146.1,Chr3_supercontig_000005624,3,3135,628945145,2040662019
GL855147.1,Chr3_supercontig_000005625,3,1921,628947066,2040663940
GL855148.1,Chr3_supercontig_000005626,3,2234,628949300,2040666174
GL855149.1,Chr3_supercontig_000005627,3,6629,628955929,2040672803
GL855150.1,Chr3_supercontig_000005628,3,1524,628957453,2040674327
GL855151.1,Chr3_supercontig_000005629,3,1867,628959320,2040676194
GL855152.1,Chr3_supercontig_000005630,3,1788,628961108,2040677982
GL855153.1,Chr3_supercontig_000005631,3,3003,628964111,2040680985
GL855154.1,Chr3_supercontig_000005632,3,1795,628965906,2040682780
GL855155.1,Chr3_supercontig_000005633,3,2357,628968263,2040685137
GL855156.1,Chr3_supercontig_000005634,3,2186,628970449,2040687323
GL855157.1,Chr3_supercontig_000005635,3,2191,628972640,2040689514
GL855158.1,Chr3_supercontig_000005636,3,1580,628974220,2040691094
GL855159.1,Chr3_supercontig_000005637,3,2103,628976323,2040693197
GL855160.1,Chr3_supercontig_000005638,3,3282,628979605,2040696479
GL855161.1,Chr3_supercontig_000005639,3,2849,628982454,2040699328
GL855162.1,Chr3_supercontig_000005640,3,1766,628984220,2040701094
GL855163.1,Chr3_supercontig_000005641,3,3110,628987330,2040704204
GL855164.1,Chr3_supercontig_000005642,3,3115,628990445,2040707319
GL855165.1,Chr3_supercontig_000005643,3,2241,628992686,2040709560
GL855166.1,Chr3_supercontig_000005644,3,2122,628994808,2040711682
GL855167.1,Chr3_supercontig_000005645,3,3399,628998207,2040715081
GL855168.1,Chr3_supercontig_000005646,3,3562,629001769,2040718643
GL855169.1,Chr3_supercontig_000005647,3,2237,629004006,2040720880
GL855170.1,Chr3_supercontig_000005648,3,2874,629006880,2040723754
GL855171.1,Chr3_supercontig_000005649,3,2088,629008968,2040725842
GL855172.1,Chr3_supercontig_000005650,3,2830,629011798,2040728672
GL855173.1,Chr3_supercontig_000005651,3,1817,629013615,2040730489
GL855174.1,Chr3_supercontig_000005652,3,2077,629015692,2040732566
GL855175.1,Chr3_supercontig_000005653,3,2295,629017987,2040734861
GL855176.1,Chr3_supercontig_000005654,3,1845,629019832,2040736706
GL855177.1,Chr3_supercontig_000005655,3,2090,629021922,2040738796
GL855178.1,Chr3_supercontig_000005656,3,1599,629023521,2040740395
GL855179.1,Chr3_supercontig_000005657,3,2998,629026519,2040743393
GL855180.1,Chr3_supercontig_000005658,3,3229,629029748,2040746622
GL855181.1,Chr3_supercontig_000005659,3,1965,629031713,2040748587
GL855182.1,Chr3_supercontig_000005660,3,4582,629036295,2040753169
GL855183.1,Chr3_supercontig_000005661,3,4604,629040899,2040757773
GL855184.1,Chr3_supercontig_000005662,3,1639,629042538,2040759412
GL855185.1,Chr3_supercontig_000005663,3,1650,629044188,2040761062
GL855186.1,Chr3_supercontig_000005664,3,1511,629045699,2040762573
GL855187.1,Chr3_supercontig_000005665,3,1811,629047510,2040764384
GL855188.1,Chr3_supercontig_000005666,3,2385,629049895,2040766769
GL855189.1,Chr3_supercontig_000005667,3,2518,629052413,2040769287
GL855190.1,Chr3_supercontig_000005668,3,1893,629054306,2040771180
GL855191.1,Chr3_supercontig_000005669,3,1618,629055924,2040772798
GL855192.1,Chr3_supercontig_000005670,3,2793,629058717,2040775591
GL855193.1,Chr3_supercontig_000005671,3,3478,629062195,2040779069
GL855194.1,Chr3_supercontig_000005672,3,2133,629064328,2040781202
GL855195.1,Chr3_supercontig_000005673,3,7551,629071879,2040788753
GL855196.1,Chr3_supercontig_000005674,3,1752,629073631,2040790505
GL855197.1,Chr3_supercontig_000005675,3,2351,629075982,2040792856
GL855198.1,Chr3_supercontig_000005676,3,4855,629080837,2040797711
GL855199.1,Chr3_supercontig_000005677,3,2864,629083701,2040800575
GL855200.1,Chr3_supercontig_000005678,3,1888,629085589,2040802463
GL855201.1,Chr3_supercontig_000005679,3,5943,629091532,2040808406
GL855202.1,Chr3_supercontig_000005680,3,1652,629093184,2040810058
GL855203.1,Chr3_supercontig_000005681,3,3036,629096220,2040813094
GL855204.1,Chr3_supercontig_000005682,3,1593,629097813,2040814687
GL855205.1,Chr3_supercontig_000005683,3,1724,629099537,2040816411
GL855206.1,Chr3_supercontig_000005684,3,3773,629103310,2040820184
GL855207.1,Chr3_supercontig_000005685,3,2437,629105747,2040822621
GL855208.1,Chr3_supercontig_000005686,3,2656,629108403,2040825277
GL855209.1,Chr3_supercontig_000005687,3,2030,629110433,2040827307
GL855210.1,Chr3_supercontig_000005688,3,3040,629113473,2040830347
GL855211.1,Chr3_supercontig_000005689,3,2345,629115818,2040832692
GL855212.1,Chr3_supercontig_000005690,3,4554,629120372,2040837246
GL855213.1,Chr3_supercontig_000005691,3,1506,629121878,2040838752
GL855214.1,Chr3_supercontig_000005692,3,1925,629123803,2040840677
GL855215.1,Chr3_supercontig_000005693,3,3608,629127411,2040844285
GL855216.1,Chr3_supercontig_000005694,3,1668,629129079,2040845953
GL855217.1,Chr3_supercontig_000005695,3,3021,629132100,2040848974
GL855218.1,Chr3_supercontig_000005696,3,2086,629134186,2040851060
GL855219.1,Chr3_supercontig_000005697,3,1604,629135790,2040852664
GL855220.1,Chr3_supercontig_000005698,3,2274,629138064,2040854938
GL855221.1,Chr3_supercontig_000005699,3,1924,629139988,2040856862
GL855222.1,Chr3_supercontig_000005700,3,1521,629141509,2040858383
GL855223.1,Chr3_supercontig_000005701,3,1611,629143120,2040859994
GL855224.1,Chr3_supercontig_000005702,3,1768,629144888,2040861762
GL855225.1,Chr3_supercontig_000005703,3,2120,629147008,2040863882
GL855226.1,Chr3_supercontig_000005704,3,1559,629148567,2040865441
GL855227.1,Chr3_supercontig_000005705,3,1557,629150124,2040866998
GL855228.1,Chr3_supercontig_000005706,3,2298,629152422,2040869296
GL855229.1,Chr3_supercontig_000005707,3,1691,629154113,2040870987
GL855230.1,Chr3_supercontig_000005708,3,2890,629157003,2040873877
GL855231.1,Chr3_supercontig_000005709,3,1763,629158766,2040875640
GL855232.1,Chr3_supercontig_000005710,3,1628,629160394,2040877268
GL855233.1,Chr3_supercontig_000005711,3,4204,629164598,2040881472
GL855234.1,Chr3_supercontig_000005712,3,2302,629166900,2040883774
GL855235.1,Chr3_supercontig_000005713,3,2637,629169537,2040886411
GL855236.1,Chr3_supercontig_000005714,3,1604,629171141,2040888015
GL855237.1,Chr3_supercontig_000005715,3,2305,629173446,2040890320
GL855238.1,Chr3_supercontig_000005716,3,1622,629175068,2040891942
GL855239.1,Chr3_supercontig_000005717,3,1629,629176697,2040893571
GL855240.1,Chr3_supercontig_000005718,3,3890,629180587,2040897461
GL855241.1,Chr3_supercontig_000005719,3,2096,629182683,2040899557
GL855242.1,Chr3_supercontig_000005720,3,2646,629185329,2040902203
GL855243.1,Chr3_supercontig_000005721,3,2279,629187608,2040904482
GL855244.1,Chr3_supercontig_000005722,3,2214,629189822,2040906696
GL855245.1,Chr3_supercontig_000005723,3,1578,629191400,2040908274
GL855246.1,Chr3_supercontig_000005724,3,1899,629193299,2040910173
GL855247.1,Chr3_supercontig_000005725,3,1879,629195178,2040912052
GL855248.1,Chr3_supercontig_000005726,3,3632,629198810,2040915684
GL855249.1,Chr3_supercontig_000005727,3,2621,629201431,2040918305
GL855250.1,Chr3_supercontig_000005728,3,7269,629208700,2040925574
GL855251.1,Chr3_supercontig_000005729,3,2049,629210749,2040927623
GL855252.1,Chr3_supercontig_000005730,3,3620,629214369,2040931243
GL855253.1,Chr3_supercontig_000005731,3,2820,629217189,2040934063
GL855254.1,Chr3_supercontig_000005732,3,2711,629219900,2040936774
GL855255.1,Chr3_supercontig_000005733,3,1532,629221432,2040938306
GL855256.1,Chr3_supercontig_000005734,3,1900,629223332,2040940206
GL855257.1,Chr3_supercontig_000005735,3,1822,629225154,2040942028
GL855258.1,Chr3_supercontig_000005736,3,1515,629226669,2040943543
GL855259.1,Chr3_supercontig_000005737,3,1649,629228318,2040945192
GL855260.1,Chr3_supercontig_000005738,3,1885,629230203,2040947077
GL855261.1,Chr3_supercontig_000005739,3,1632,629231835,2040948709
GL855262.1,Chr3_supercontig_000005740,3,1817,629233652,2040950526
GL855263.1,Chr3_supercontig_000005741,3,1994,629235646,2040952520
GL855264.1,Chr3_supercontig_000005742,3,4305,629239951,2040956825
GL855265.1,Chr3_supercontig_000005743,3,3356,629243307,2040960181
GL855266.1,Chr3_supercontig_000005744,3,2093,629245400,2040962274
GL855267.1,Chr3_supercontig_000005745,3,2654,629248054,2040964928
GL855268.1,Chr3_supercontig_000005746,3,1796,629249850,2040966724
GL855269.1,Chr3_supercontig_000005747,3,1515,629251365,2040968239
GL855270.1,Chr3_supercontig_000005748,3,1895,629253260,2040970134
GL855271.1,Chr3_supercontig_000005749,3,1508,629254768,2040971642
GL855272.1,Chr3_supercontig_000005750,3,1542,629256310,2040973184
GL855273.1,Chr3_supercontig_000005751,3,1765,629258075,2040974949
GL855274.1,Chr3_supercontig_000005752,3,1528,629259603,2040976477
GL855275.1,Chr3_supercontig_000005753,3,1511,629261114,2040977988
GL855276.1,Chr3_supercontig_000005754,3,3866,629264980,2040981854
GL855277.1,Chr3_supercontig_000005755,3,4581,629269561,2040986435
GL855278.1,Chr3_supercontig_000005756,3,9082,629278643,2040995517
GL855279.1,Chr3_supercontig_000005757,3,2601,629281244,2040998118
GL855280.1,Chr3_supercontig_000005758,3,2206,629283450,2041000324
GL855281.1,Chr3_supercontig_000005759,3,1648,629285098,2041001972
GL855282.1,Chr3_supercontig_000005760,3,3006,629288104,2041004978
GL855283.1,Chr3_supercontig_000005761,3,1919,629290023,2041006897
GL855284.1,Chr3_supercontig_000005762,3,1828,629291851,2041008725
GL855285.1,Chr3_supercontig_000005763,3,1748,629293599,2041010473
GL855286.1,Chr3_supercontig_000005764,3,5217,629298816,2041015690
GL855287.1,Chr3_supercontig_000005765,3,3426,629302242,2041019116
GL855288.1,Chr3_supercontig_000005766,3,3056,629305298,2041022172
GL855289.1,Chr3_supercontig_000005767,3,5414,629310712,2041027586
GL855290.1,Chr3_supercontig_000005768,3,3850,629314562,2041031436
GL855291.1,Chr3_supercontig_000005769,3,20030,629334592,2041051466
GL855292.1,Chr3_supercontig_000005770,3,5541,629340133,2041057007
GL855293.1,Chr3_supercontig_000005771,3,1775,629341908,2041058782
GL855294.1,Chr3_supercontig_000005772,3,2376,629344284,2041061158
GL855295.1,Chr3_supercontig_000005773,3,2256,629346540,2041063414
GL855296.1,Chr3_supercontig_000005774,3,3425,629349965,2041066839
GL855297.1,Chr3_supercontig_000005775,3,1726,629351691,2041068565
GL855298.1,Chr3_supercontig_000005776,3,4983,629356674,2041073548
GL855299.1,Chr3_supercontig_000005777,3,3132,629359806,2041076680
GL855300.1,Chr3_supercontig_000005778,3,1794,629361600,2041078474
GL855301.1,Chr3_supercontig_000005779,3,3936,629365536,2041082410
GL855302.1,Chr3_supercontig_000005780,3,2103,629367639,2041084513
GL855303.1,Chr3_supercontig_000005781,3,1751,629369390,2041086264
GL855304.1,Chr3_supercontig_000005782,3,2118,629371508,2041088382
GL855305.1,Chr3_supercontig_000005783,3,2890,629374398,2041091272
GL855306.1,Chr3_supercontig_000005784,3,2198,629376596,2041093470
GL855307.1,Chr3_supercontig_000005785,3,1679,629378275,2041095149
GL855308.1,Chr3_supercontig_000005786,3,1850,629380125,2041096999
GL855309.1,Chr3_supercontig_000005787,3,1926,629382051,2041098925
GL855310.1,Chr3_supercontig_000005788,3,2961,629385012,2041101886
GL855311.1,Chr3_supercontig_000005789,3,2123,629387135,2041104009
GL855312.1,Chr3_supercontig_000005790,3,3132,629390267,2041107141
GL855313.1,Chr3_supercontig_000005791,3,2192,629392459,2041109333
GL855314.1,Chr3_supercontig_000005792,3,3291,629395750,2041112624
GL855315.1,Chr3_supercontig_000005793,3,2187,629397937,2041114811
GL855316.1,Chr3_supercontig_000005794,3,3010,629400947,2041117821
GL855317.1,Chr3_supercontig_000005795,3,2136,629403083,2041119957
GL855318.1,Chr3_supercontig_000005796,3,1869,629404952,2041121826
GL855319.1,Chr3_supercontig_000005797,3,2473,629407425,2041124299
GL855320.1,Chr3_supercontig_000005798,3,3460,629410885,2041127759
GL855321.1,Chr3_supercontig_000005799,3,2221,629413106,2041129980
GL855322.1,Chr3_supercontig_000005800,3,1740,629414846,2041131720
GL855323.1,Chr3_supercontig_000005801,3,1780,629416626,2041133500
GL855324.1,Chr3_supercontig_000005802,3,8252,629424878,2041141752
GL855325.1,Chr3_supercontig_000005803,3,1552,629426430,2041143304
GL855326.1,Chr3_supercontig_000005804,3,5989,629432419,2041149293
GL855327.1,Chr3_supercontig_000005805,3,1566,629433985,2041150859
GL855328.1,Chr3_supercontig_000005806,3,1953,629435938,2041152812
GL855329.1,Chr3_supercontig_000005807,3,17603,629453541,2041170415
GL855330.1,Chr3_supercontig_000005808,3,3114,629456655,2041173529
GL855331.1,Chr3_supercontig_000005809,3,3032,629459687,2041176561
GL855332.1,Chr3_supercontig_000005810,3,4217,629463904,2041180778
GL855333.1,Chr3_supercontig_000005811,3,4614,629468518,2041185392
GL855334.1,Chr3_supercontig_000005812,3,2669,629471187,2041188061
GL855335.1,Chr3_supercontig_000005813,3,2987,629474174,2041191048
GL855336.1,Chr3_supercontig_000005814,3,7372,629481546,2041198420
GL855337.1,Chr3_supercontig_000005815,3,1760,629483306,2041200180
GL855338.1,Chr3_supercontig_000005816,3,2740,629486046,2041202920
GL855339.1,Chr3_supercontig_000005817,3,4198,629490244,2041207118
GL855340.1,Chr3_supercontig_000005818,3,2719,629492963,2041209837
GL855341.1,Chr3_supercontig_000005819,3,2678,629495641,2041212515
GL855342.1,Chr3_supercontig_000005820,3,1829,629497470,2041214344
GL855343.1,Chr3_supercontig_000005821,3,1853,629499323,2041216197
GL855344.1,Chr3_supercontig_000005822,3,1550,629500873,2041217747
GL855345.1,Chr3_supercontig_000005823,3,1559,629502432,2041219306
GL855346.1,Chr3_supercontig_000005824,3,1850,629504282,2041221156
GL855347.1,Chr3_supercontig_000005825,3,2595,629506877,2041223751
GL855348.1,Chr3_supercontig_000005826,3,2094,629508971,2041225845
GL855349.1,Chr3_supercontig_000005827,3,1727,629510698,2041227572
GL855350.1,Chr3_supercontig_000005828,3,3342,629514040,2041230914
GL855351.1,Chr3_supercontig_000005829,3,2128,629516168,2041233042
GL855352.1,Chr3_supercontig_000005830,3,1971,629518139,2041235013
GL855353.1,Chr3_supercontig_000005831,3,2032,629520171,2041237045
GL855354.1,Chr3_supercontig_000005832,3,1793,629521964,2041238838
GL855355.1,Chr3_supercontig_000005833,3,2002,629523966,2041240840
GL855356.1,Chr3_supercontig_000005834,3,2601,629526567,2041243441
GL855357.1,Chr3_supercontig_000005835,3,1754,629528321,2041245195
GL855358.1,Chr3_supercontig_000005836,3,4319,629532640,2041249514
GL855359.1,Chr3_supercontig_000005837,3,3311,629535951,2041252825
GL855360.1,Chr3_supercontig_000005838,3,1769,629537720,2041254594
GL855361.1,Chr3_supercontig_000005839,3,9893,629547613,2041264487
GL855362.1,Chr3_supercontig_000005840,3,3620,629551233,2041268107
GL855363.1,Chr3_supercontig_000005841,3,3391,629554624,2041271498
GL855364.1,Chr3_supercontig_000005842,3,1546,629556170,2041273044
GL855365.1,Chr3_supercontig_000005843,3,1939,629558109,2041274983
GL855366.1,Chr3_supercontig_000005844,3,2187,629560296,2041277170
GL855367.1,Chr3_supercontig_000005845,3,2458,629562754,2041279628
GL855368.1,Chr3_supercontig_000005846,3,2807,629565561,2041282435
GL855369.1,Chr3_supercontig_000005847,3,2460,629568021,2041284895
GL855370.1,Chr3_supercontig_000005848,3,1784,629569805,2041286679
GL855371.1,Chr3_supercontig_000005849,3,1703,629571508,2041288382
GL855372.1,Chr3_supercontig_000005850,3,1569,629573077,2041289951
GL855373.1,Chr3_supercontig_000005851,3,3745,629576822,2041293696
GL855374.1,Chr3_supercontig_000005852,3,4669,629581491,2041298365
GL855375.1,Chr3_supercontig_000005853,3,2753,629584244,2041301118
GL855376.1,Chr3_supercontig_000005854,3,3830,629588074,2041304948
GL855377.1,Chr3_supercontig_000005855,3,1877,629589951,2041306825
GL855378.1,Chr3_supercontig_000005856,3,5055,629595006,2041311880
GL855379.1,Chr3_supercontig_000005857,3,3947,629598953,2041315827
GL855380.1,Chr3_supercontig_000005858,3,5479,629604432,2041321306
GL855381.1,Chr3_supercontig_000005859,3,4944,629609376,2041326250
GL855382.1,Chr3_supercontig_000005860,3,2150,629611526,2041328400
GL855383.1,Chr3_supercontig_000005861,3,4712,629616238,2041333112
GL855384.1,Chr3_supercontig_000005862,3,3155,629619393,2041336267
GL855385.1,Chr3_supercontig_000005863,3,1695,629621088,2041337962
GL855386.1,Chr3_supercontig_000005864,3,1729,629622817,2041339691
GL855387.1,Chr3_supercontig_000005865,3,1812,629624629,2041341503
GL855388.1,Chr3_supercontig_000005866,3,1904,629626533,2041343407
GL855389.1,Chr3_supercontig_000005867,3,4746,629631279,2041348153
GL855390.1,Chr3_supercontig_000005868,3,10908,629642187,2041359061
GL855391.1,Chr3_supercontig_000005869,3,4712,629646899,2041363773
GL855392.1,Chr3_supercontig_000005870,3,1707,629648606,2041365480
GL855393.1,Chr3_supercontig_000005871,3,4246,629652852,2041369726
GL855394.1,Chr3_supercontig_000005872,3,1502,629654354,2041371228
GL855395.1,Chr3_supercontig_000005873,3,2249,629656603,2041373477
GL855396.1,Chr3_supercontig_000005874,3,2075,629658678,2041375552
GL855397.1,Chr3_supercontig_000005875,3,1566,629660244,2041377118
GL855398.1,Chr3_supercontig_000005876,3,2220,629662464,2041379338
GL855399.1,Chr3_supercontig_000005877,3,2015,629664479,2041381353
GL855400.1,Chr3_supercontig_000005878,3,1721,629666200,2041383074
GL855401.1,Chr3_supercontig_000005879,3,1599,629667799,2041384673
GL855402.1,Chr3_supercontig_000005880,3,1541,629669340,2041386214
GL855403.1,Chr3_supercontig_000005881,3,3286,629672626,2041389500
GL855404.1,Chr3_supercontig_000005882,3,4096,629676722,2041393596
GL855405.1,Chr3_supercontig_000005883,3,1571,629678293,2041395167
GL855406.1,Chr3_supercontig_000005884,3,1986,629680279,2041397153
GL855407.1,Chr3_supercontig_000005885,3,1784,629682063,2041398937
GL855408.1,Chr3_supercontig_000005886,3,3144,629685207,2041402081
GL855409.1,Chr3_supercontig_000005887,3,4175,629689382,2041406256
GL855410.1,Chr3_supercontig_000005888,3,2857,629692239,2041409113
GL855411.1,Chr3_supercontig_000005889,3,1858,629694097,2041410971
GL855412.1,Chr3_supercontig_000005890,3,1884,629695981,2041412855
GL855413.1,Chr3_supercontig_000005891,3,3550,629699531,2041416405
GL855414.1,Chr3_supercontig_000005892,3,2046,629701577,2041418451
GL855415.1,Chr3_supercontig_000005893,3,5654,629707231,2041424105
GL855416.1,Chr3_supercontig_000005894,3,3998,629711229,2041428103
GL855417.1,Chr3_supercontig_000005895,3,4475,629715704,2041432578
GL855418.1,Chr3_supercontig_000005896,3,2753,629718457,2041435331
GL855419.1,Chr3_supercontig_000005897,3,6680,629725137,2041442011
GL855420.1,Chr3_supercontig_000005898,3,4148,629729285,2041446159
GL855421.1,Chr3_supercontig_000005899,3,1861,629731146,2041448020
GL855422.1,Chr3_supercontig_000005900,3,2393,629733539,2041450413
GL855423.1,Chr3_supercontig_000005901,3,2348,629735887,2041452761
GL855424.1,Chr3_supercontig_000005902,3,1934,629737821,2041454695
GL855425.1,Chr3_supercontig_000005903,3,1647,629739468,2041456342
GL855426.1,Chr3_supercontig_000005904,3,1710,629741178,2041458052
GL855427.1,Chr3_supercontig_000005905,3,3465,629744643,2041461517
GL855428.1,Chr3_supercontig_000005906,3,2722,629747365,2041464239
GL855429.1,Chr3_supercontig_000005907,3,2647,629750012,2041466886
GL855430.1,Chr3_supercontig_000005908,3,5551,629755563,2041472437
GL855431.1,Chr3_supercontig_000005909,3,2203,629757766,2041474640
GL855432.1,Chr3_supercontig_000005910,3,1600,629759366,2041476240
GL855433.1,Chr3_supercontig_000005911,3,2123,629761489,2041478363
GL855434.1,Chr3_supercontig_000005912,3,1570,629763059,2041479933
GL855435.1,Chr3_supercontig_000005913,3,1857,629764916,2041481790
GL855436.1,Chr3_supercontig_000005914,3,2787,629767703,2041484577
GL855437.1,Chr3_supercontig_000005915,3,1521,629769224,2041486098
GL855438.1,Chr3_supercontig_000005916,3,3949,629773173,2041490047
GL855439.1,Chr3_supercontig_000005917,3,1720,629774893,2041491767
GL855440.1,Chr3_supercontig_000005918,3,4890,629779783,2041496657
GL855441.1,Chr3_supercontig_000005919,3,3059,629782842,2041499716
GL855442.1,Chr3_supercontig_000005920,3,1894,629784736,2041501610
GL855443.1,Chr3_supercontig_000005921,3,2085,629786821,2041503695
GL855444.1,Chr3_supercontig_000005922,3,1742,629788563,2041505437
GL855445.1,Chr3_supercontig_000005923,3,3094,629791657,2041508531
GL855446.1,Chr3_supercontig_000005924,3,1565,629793222,2041510096
GL855447.1,Chr3_supercontig_000005925,3,2446,629795668,2041512542
GL855448.1,Chr3_supercontig_000005926,3,1998,629797666,2041514540
GL855449.1,Chr3_supercontig_000005927,3,3482,629801148,2041518022
GL855450.1,Chr3_supercontig_000005928,3,1573,629802721,2041519595
GL855451.1,Chr3_supercontig_000005929,3,4391,629807112,2041523986
GL855452.1,Chr3_supercontig_000005930,3,1782,629808894,2041525768
GL855453.1,Chr3_supercontig_000005931,3,1668,629810562,2041527436
GL855454.1,Chr3_supercontig_000005932,3,1509,629812071,2041528945
GL855455.1,Chr3_supercontig_000005933,3,4062,629816133,2041533007
GL855456.1,Chr3_supercontig_000005934,3,4900,629821033,2041537907
GL855457.1,Chr3_supercontig_000005935,3,2764,629823797,2041540671
GL855458.1,Chr3_supercontig_000005936,3,2086,629825883,2041542757
GL855459.1,Chr3_supercontig_000005937,3,2010,629827893,2041544767
GL855460.1,Chr3_supercontig_000005938,3,2605,629830498,2041547372
GL855461.1,Chr3_supercontig_000005939,3,3059,629833557,2041550431
GL855462.1,Chr3_supercontig_000005940,3,4916,629838473,2041555347
GL855463.1,Chr3_supercontig_000005941,3,2140,629840613,2041557487
GL855464.1,Chr3_supercontig_000005942,3,1824,629842437,2041559311
GL855465.1,Chr3_supercontig_000005943,3,3359,629845796,2041562670
GL855466.1,Chr3_supercontig_000005944,3,1694,629847490,2041564364
GL855467.1,Chr3_supercontig_000005945,3,2189,629849679,2041566553
GL855468.1,Chr3_supercontig_000005946,3,2091,629851770,2041568644
GL855469.1,Chr3_supercontig_000005947,3,2373,629854143,2041571017
GL855470.1,Chr3_supercontig_000005948,3,1925,629856068,2041572942
GL855471.1,Chr3_supercontig_000005949,3,1673,629857741,2041574615
GL855472.1,Chr3_supercontig_000005950,3,4031,629861772,2041578646
GL855473.1,Chr3_supercontig_000005951,3,3030,629864802,2041581676
GL855474.1,Chr3_supercontig_000005952,3,2008,629866810,2041583684
GL855475.1,Chr3_supercontig_000005953,3,2672,629869482,2041586356
GL855476.1,Chr3_supercontig_000005954,3,2093,629871575,2041588449
GL855477.1,Chr3_supercontig_000005955,3,2772,629874347,2041591221
GL855478.1,Chr3_supercontig_000005956,3,3352,629877699,2041594573
GL855479.1,Chr3_supercontig_000005957,3,3021,629880720,2041597594
GL855480.1,Chr3_supercontig_000005958,3,2434,629883154,2041600028
GL855481.1,Chr3_supercontig_000005959,3,5060,629888214,2041605088
GL855482.1,Chr3_supercontig_000005960,3,2602,629890816,2041607690
GL855483.1,Chr3_supercontig_000005961,3,3246,629894062,2041610936
GL855484.1,Chr3_supercontig_000005962,3,1615,629895677,2041612551
GL855485.1,Chr3_supercontig_000005963,3,1910,629897587,2041614461
GL855486.1,Chr3_supercontig_000005964,3,2116,629899703,2041616577
GL855487.1,Chr3_supercontig_000005965,3,2318,629902021,2041618895
GL855488.1,Chr3_supercontig_000005966,3,2586,629904607,2041621481
GL855489.1,Chr3_supercontig_000005967,3,3250,629907857,2041624731
GL855490.1,Chr3_supercontig_000005968,3,4140,629911997,2041628871
GL855491.1,Chr3_supercontig_000005969,3,1749,629913746,2041630620
GL855492.1,Chr3_supercontig_000005970,3,1664,629915410,2041632284
GL855493.1,Chr3_supercontig_000005971,3,1636,629917046,2041633920
GL855494.1,Chr3_supercontig_000005972,3,2022,629919068,2041635942
GL855495.1,Chr3_supercontig_000005973,3,3111,629922179,2041639053
GL855496.1,Chr3_supercontig_000005974,3,3568,629925747,2041642621
GL855497.1,Chr3_supercontig_000005975,3,2993,629928740,2041645614
GL855498.1,Chr3_supercontig_000005976,3,1513,629930253,2041647127
GL855499.1,Chr3_supercontig_000005977,3,1971,629932224,2041649098
GL855500.1,Chr3_supercontig_000005978,3,3012,629935236,2041652110
GL855501.1,Chr3_supercontig_000005979,3,1808,629937044,2041653918
GL855502.1,Chr3_supercontig_000005980,3,2152,629939196,2041656070
GL855503.1,Chr3_supercontig_000005981,3,1718,629940914,2041657788
GL855504.1,Chr3_supercontig_000005982,3,2206,629943120,2041659994
GL855505.1,Chr3_supercontig_000005983,3,2972,629946092,2041662966
GL855506.1,Chr3_supercontig_000005984,3,1672,629947764,2041664638
GL855507.1,Chr3_supercontig_000005985,3,3684,629951448,2041668322
GL855508.1,Chr3_supercontig_000005986,3,3209,629954657,2041671531
GL855509.1,Chr3_supercontig_000005987,3,1826,629956483,2041673357
GL855510.1,Chr3_supercontig_000005988,3,1855,629958338,2041675212
GL855511.1,Chr3_supercontig_000005989,3,1509,629959847,2041676721
GL855512.1,Chr3_supercontig_000005990,3,1902,629961749,2041678623
GL855513.1,Chr3_supercontig_000005991,3,3791,629965540,2041682414
GL855514.1,Chr3_supercontig_000005992,3,2294,629967834,2041684708
GL855515.1,Chr3_supercontig_000005993,3,4361,629972195,2041689069
GL855516.1,Chr3_supercontig_000005994,3,1761,629973956,2041690830
GL855517.1,Chr3_supercontig_000005995,3,2183,629976139,2041693013
GL855518.1,Chr3_supercontig_000005996,3,1760,629977899,2041694773
GL855519.1,Chr3_supercontig_000005997,3,2951,629980850,2041697724
GL855520.1,Chr3_supercontig_000005998,3,1796,629982646,2041699520
GL855521.1,Chr3_supercontig_000005999,3,2589,629985235,2041702109
GL855522.1,Chr3_supercontig_000006000,3,3422,629988657,2041705531
GL855523.1,Chr3_supercontig_000006001,3,3927,629992584,2041709458
GL855524.1,Chr3_supercontig_000006002,3,7604,630000188,2041717062
GL855525.1,Chr3_supercontig_000006003,3,1512,630001700,2041718574
GL855526.1,Chr3_supercontig_000006004,3,2326,630004026,2041720900
GL855527.1,Chr3_supercontig_000006005,3,2122,630006148,2041723022
GL855528.1,Chr3_supercontig_000006006,3,3268,630009416,2041726290
GL855529.1,Chr3_supercontig_000006007,3,2207,630011623,2041728497
GL855530.1,Chr3_supercontig_000006008,3,1640,630013263,2041730137
GL855531.1,Chr3_supercontig_000006009,3,1718,630014981,2041731855
GL855532.1,Chr3_supercontig_000006010,3,2849,630017830,2041734704
GL855533.1,Chr3_supercontig_000006011,3,1603,630019433,2041736307
GL855534.1,Chr3_supercontig_000006012,3,1532,630020965,2041737839
GL855535.1,Chr3_supercontig_000006013,3,1865,630022830,2041739704
GL855536.1,Chr3_supercontig_000006014,3,9194,630032024,2041748898
GL855537.1,Chr3_supercontig_000006015,3,2269,630034293,2041751167
GL855538.1,Chr3_supercontig_000006016,3,2427,630036720,2041753594
GL855539.1,Chr3_supercontig_000006017,3,2907,630039627,2041756501
GL855540.1,Chr3_supercontig_000006018,3,4112,630043739,2041760613
GL855541.1,Chr3_supercontig_000006019,3,1552,630045291,2041762165
GL855542.1,Chr3_supercontig_000006020,3,2060,630047351,2041764225
GL855543.1,Chr3_supercontig_000006021,3,2203,630049554,2041766428
GL855544.1,Chr3_supercontig_000006022,3,2802,630052356,2041769230
GL855545.1,Chr3_supercontig_000006023,3,1816,630054172,2041771046
GL855546.1,Chr3_supercontig_000006024,3,1855,630056027,2041772901
GL855547.1,Chr3_supercontig_000006025,3,1553,630057580,2041774454
GL855548.1,Chr3_supercontig_000006026,3,1533,630059113,2041775987
GL855549.1,Chr3_supercontig_000006027,3,1531,630060644,2041777518
GL855550.1,Chr3_supercontig_000006028,3,2237,630062881,2041779755
GL855551.1,Chr3_supercontig_000006029,3,2288,630065169,2041782043
GL855552.1,Chr3_supercontig_000006030,3,2029,630067198,2041784072
GL855553.1,Chr3_supercontig_000006031,3,2816,630070014,2041786888
GL855554.1,Chr3_supercontig_000006032,3,1550,630071564,2041788438
GL855555.1,Chr3_supercontig_000006033,3,2437,630074001,2041790875
GL855556.1,Chr3_supercontig_000006034,3,6052,630080053,2041796927
GL855557.1,Chr3_supercontig_000006035,3,2562,630082615,2041799489
GL855558.1,Chr3_supercontig_000006036,3,1619,630084234,2041801108
GL855559.1,Chr3_supercontig_000006037,3,3890,630088124,2041804998
GL855560.1,Chr3_supercontig_000006038,3,2403,630090527,2041807401
GL855561.1,Chr3_supercontig_000006039,3,3309,630093836,2041810710
GL855562.1,Chr3_supercontig_000006040,3,3261,630097097,2041813971
GL855563.1,Chr3_supercontig_000006041,3,1687,630098784,2041815658
GL855564.1,Chr3_supercontig_000006042,3,2290,630101074,2041817948
GL855565.1,Chr3_supercontig_000006043,3,4708,630105782,2041822656
GL855566.1,Chr3_supercontig_000006044,3,1972,630107754,2041824628
GL855567.1,Chr3_supercontig_000006045,3,1826,630109580,2041826454
GL855568.1,Chr3_supercontig_000006046,3,3703,630113283,2041830157
GL855569.1,Chr3_supercontig_000006047,3,3691,630116974,2041833848
GL855570.1,Chr3_supercontig_000006048,3,4668,630121642,2041838516
GL855571.1,Chr3_supercontig_000006049,3,2119,630123761,2041840635
GL855572.1,Chr3_supercontig_000006050,3,2765,630126526,2041843400
GL855573.1,Chr3_supercontig_000006051,3,2195,630128721,2041845595
GL855574.1,Chr3_supercontig_000006052,3,2990,630131711,2041848585
GL855575.1,Chr3_supercontig_000006053,3,1990,630133701,2041850575
GL855576.1,Chr3_supercontig_000006054,3,3802,630137503,2041854377
GL855577.1,Chr3_supercontig_000006055,3,2295,630139798,2041856672
GL855578.1,Chr3_supercontig_000006056,3,2282,630142080,2041858954
GL855579.1,Chr3_supercontig_000006057,3,1757,630143837,2041860711
GL855580.1,Chr3_supercontig_000006058,3,1775,630145612,2041862486
GL855581.1,Chr3_supercontig_000006059,3,2720,630148332,2041865206
GL855582.1,Chr3_supercontig_000006060,3,4136,630152468,2041869342
GL855583.1,Chr3_supercontig_000006061,3,2170,630154638,2041871512
GL855584.1,Chr3_supercontig_000006062,3,3752,630158390,2041875264
GL855585.1,Chr3_supercontig_000006063,3,2568,630160958,2041877832
GL855586.1,Chr3_supercontig_000006064,3,4102,630165060,2041881934
GL855587.1,Chr3_supercontig_000006065,3,3805,630168865,2041885739
GL855588.1,Chr3_supercontig_000006066,3,1949,630170814,2041887688
GL855589.1,Chr3_supercontig_000006067,3,3885,630174699,2041891573
GL855590.1,Chr3_supercontig_000006068,3,1552,630176251,2041893125
GL855591.1,Chr3_supercontig_000006069,3,2433,630178684,2041895558
GL855592.1,Chr3_supercontig_000006070,3,3849,630182533,2041899407
GL855593.1,Chr3_supercontig_000006071,3,2321,630184854,2041901728
GL855594.1,Chr3_supercontig_000006072,3,2190,630187044,2041903918
GL855595.1,Chr3_supercontig_000006073,3,2951,630189995,2041906869
GL855596.1,Chr3_supercontig_000006074,3,3549,630193544,2041910418
GL855597.1,Chr3_supercontig_000006075,3,1833,630195377,2041912251
GL855598.1,Chr3_supercontig_000006076,3,3407,630198784,2041915658
GL855599.1,Chr3_supercontig_000006077,3,4865,630203649,2041920523
GL855600.1,Chr3_supercontig_000006078,3,2679,630206328,2041923202
GL855601.1,Chr3_supercontig_000006079,3,8314,630214642,2041931516
GL855602.1,Chr3_supercontig_000006080,3,2148,630216790,2041933664
GL855603.1,Chr3_supercontig_000006081,3,2488,630219278,2041936152
GL855604.1,Chr3_supercontig_000006082,3,4267,630223545,2041940419
GL855605.1,Chr3_supercontig_000006083,3,1952,630225497,2041942371
GL855606.1,Chr3_supercontig_000006084,3,4058,630229555,2041946429
GL855607.1,Chr3_supercontig_000006085,3,3152,630232707,2041949581
GL855608.1,Chr3_supercontig_000006086,3,2102,630234809,2041951683
GL855609.1,Chr3_supercontig_000006087,3,2883,630237692,2041954566
GL855610.1,Chr3_supercontig_000006088,3,8341,630246033,2041962907
GL855611.1,Chr3_supercontig_000006089,3,5262,630251295,2041968169
GL855612.1,Chr3_supercontig_000006090,3,1758,630253053,2041969927
GL855613.1,Chr3_supercontig_000006091,3,1593,630254646,2041971520
GL855614.1,Chr3_supercontig_000006092,3,1962,630256608,2041973482
GL855615.1,Chr3_supercontig_000006093,3,2472,630259080,2041975954
GL855616.1,Chr3_supercontig_000006094,3,10052,630269132,2041986006
GL855617.1,Chr3_supercontig_000006095,3,2096,630271228,2041988102
GL855618.1,Chr3_supercontig_000006096,3,2835,630274063,2041990937
GL855619.1,Chr3_supercontig_000006097,3,1740,630275803,2041992677
GL855620.1,Chr3_supercontig_000006098,3,3046,630278849,2041995723
GL855621.1,Chr3_supercontig_000006099,3,1822,630280671,2041997545
GL855622.1,Chr3_supercontig_000006100,3,1760,630282431,2041999305
GL855623.1,Chr3_supercontig_000006101,3,1646,630284077,2042000951
GL855624.1,Chr3_supercontig_000006102,3,1871,630285948,2042002822
GL855625.1,Chr3_supercontig_000006103,3,6747,630292695,2042009569
GL855626.1,Chr3_supercontig_000006104,3,3344,630296039,2042012913
GL855627.1,Chr3_supercontig_000006105,3,2359,630298398,2042015272
GL855628.1,Chr3_supercontig_000006106,3,1815,630300213,2042017087
GL855629.1,Chr3_supercontig_000006107,3,4380,630304593,2042021467
GL855630.1,Chr3_supercontig_000006108,3,1871,630306464,2042023338
GL855631.1,Chr3_supercontig_000006109,3,2582,630309046,2042025920
GL855632.1,Chr3_supercontig_000006110,3,1670,630310716,2042027590
GL855633.1,Chr3_supercontig_000006111,3,4262,630314978,2042031852
GL855634.1,Chr3_supercontig_000006112,3,1725,630316703,2042033577
GL855635.1,Chr3_supercontig_000006113,3,2248,630318951,2042035825
GL855636.1,Chr3_supercontig_000006114,3,1536,630320487,2042037361
GL855637.1,Chr3_supercontig_000006115,3,4808,630325295,2042042169
GL855638.1,Chr3_supercontig_000006116,3,4056,630329351,2042046225
GL855639.1,Chr3_supercontig_000006117,3,1779,630331130,2042048004
GL855640.1,Chr3_supercontig_000006118,3,2971,630334101,2042050975
GL855641.1,Chr3_supercontig_000006119,3,1970,630336071,2042052945
GL855642.1,Chr3_supercontig_000006120,3,2982,630339053,2042055927
GL855643.1,Chr3_supercontig_000006121,3,20431,630359484,2042076358
GL855644.1,Chr3_supercontig_000006122,3,6102,630365586,2042082460
GL855645.1,Chr3_supercontig_000006123,3,3372,630368958,2042085832
GL855646.1,Chr3_supercontig_000006124,3,19430,630388388,2042105262
GL855647.1,Chr3_supercontig_000006125,3,9713,630398101,2042114975
GL855648.1,Chr3_supercontig_000006126,3,10512,630408613,2042125487
GL855649.1,Chr3_supercontig_000006127,3,1860,630410473,2042127347
GL855650.1,Chr3_supercontig_000006128,3,2932,630413405,2042130279
GL855651.1,Chr3_supercontig_000006129,3,2092,630415497,2042132371
GL855652.1,Chr3_supercontig_000006130,3,3404,630418901,2042135775
GL855653.1,Chr3_supercontig_000006131,3,4239,630423140,2042140014
GL855654.1,Chr3_supercontig_000006132,3,2986,630426126,2042143000
GL855655.1,Chr3_supercontig_000006133,3,1541,630427667,2042144541
GL855656.1,Chr3_supercontig_000006134,3,1799,630429466,2042146340
GL855657.1,Chr3_supercontig_000006135,3,12544,630442010,2042158884
GL855658.1,Chr3_supercontig_000006136,3,2117,630444127,2042161001
GL855659.1,Chr3_supercontig_000006137,3,2651,630446778,2042163652
GL855660.1,Chr3_supercontig_000006138,3,3471,630450249,2042167123
GL855661.1,Chr3_supercontig_000006139,3,2593,630452842,2042169716
GL855662.1,Chr3_supercontig_000006140,3,4874,630457716,2042174590
GL855663.1,Chr3_supercontig_000006141,3,1864,630459580,2042176454
GL855664.1,Chr3_supercontig_000006142,3,2261,630461841,2042178715
GL855665.1,Chr3_supercontig_000006143,3,2301,630464142,2042181016
GL855666.1,Chr3_supercontig_000006144,3,3553,630467695,2042184569
GL855667.1,Chr3_supercontig_000006145,3,4349,630472044,2042188918
GL855668.1,Chr3_supercontig_000006146,3,2678,630474722,2042191596
GL855669.1,Chr3_supercontig_000006147,3,2714,630477436,2042194310
GL855670.1,Chr3_supercontig_000006148,3,1521,630478957,2042195831
GL855671.1,Chr3_supercontig_000006149,3,1805,630480762,2042197636
GL855672.1,Chr3_supercontig_000006150,3,3702,630484464,2042201338
GL855673.1,Chr3_supercontig_000006151,3,3270,630487734,2042204608
GL855674.1,Chr3_supercontig_000006152,3,2839,630490573,2042207447
GL855675.1,Chr3_supercontig_000006153,3,2046,630492619,2042209493
GL855676.1,Chr3_supercontig_000006154,3,4146,630496765,2042213639
GL855677.1,Chr3_supercontig_000006155,3,2457,630499222,2042216096
GL855678.1,Chr3_supercontig_000006156,3,6084,630505306,2042222180
GL855679.1,Chr3_supercontig_000006157,3,3328,630508634,2042225508
GL855680.1,Chr3_supercontig_000006158,3,1836,630510470,2042227344
GL855681.1,Chr3_supercontig_000006159,3,1865,630512335,2042229209
GL855682.1,Chr3_supercontig_000006160,3,1643,630513978,2042230852
GL855683.1,Chr3_supercontig_000006161,3,14443,630528421,2042245295
GL855684.1,Chr3_supercontig_000006162,3,1620,630530041,2042246915
GL855685.1,Chr3_supercontig_000006163,3,3424,630533465,2042250339
GL855686.1,Chr3_supercontig_000006164,3,2595,630536060,2042252934
GL855687.1,Chr3_supercontig_000006165,3,1879,630537939,2042254813
GL855688.1,Chr3_supercontig_000006166,3,3128,630541067,2042257941
GL855689.1,Chr3_supercontig_000006167,3,1580,630542647,2042259521
GL855690.1,Chr3_supercontig_000006168,3,4870,630547517,2042264391
GL855691.1,Chr3_supercontig_000006169,3,2706,630550223,2042267097
GL855692.1,Chr3_supercontig_000006170,3,3072,630553295,2042270169
GL855693.1,Chr3_supercontig_000006171,3,5818,630559113,2042275987
GL855694.1,Chr3_supercontig_000006172,3,7796,630566909,2042283783
GL855695.1,Chr3_supercontig_000006173,3,2340,630569249,2042286123
GL855696.1,Chr3_supercontig_000006174,3,2032,630571281,2042288155
GL855697.1,Chr3_supercontig_000006175,3,2510,630573791,2042290665
GL855698.1,Chr3_supercontig_000006176,3,7210,630581001,2042297875
GL855699.1,Chr3_supercontig_000006177,3,5220,630586221,2042303095
GL855700.1,Chr3_supercontig_000006178,3,2081,630588302,2042305176
GL855701.1,Chr3_supercontig_000006179,3,3898,630592200,2042309074
GL855702.1,Chr3_supercontig_000006180,3,7883,630600083,2042316957
GL855703.1,Chr3_supercontig_000006181,3,2210,630602293,2042319167
GL855704.1,Chr3_supercontig_000006182,3,1840,630604133,2042321007
GL855705.1,Chr3_supercontig_000006183,3,1601,630605734,2042322608
GL855706.1,Chr3_supercontig_000006184,3,1821,630607555,2042324429
GL855707.1,Chr3_supercontig_000006185,3,1601,630609156,2042326030
GL855708.1,Chr3_supercontig_000006186,3,2261,630611417,2042328291
GL855709.1,Chr3_supercontig_000006187,3,1626,630613043,2042329917
GL855710.1,Chr3_supercontig_000006188,3,2991,630616034,2042332908
GL855711.1,Chr3_supercontig_000006189,3,1555,630617589,2042334463
GL855712.1,Chr3_supercontig_000006190,3,5492,630623081,2042339955
GL855713.1,Chr3_supercontig_000006191,3,1688,630624769,2042341643
GL855714.1,Chr3_supercontig_000006192,3,1828,630626597,2042343471
GL855715.1,Chr3_supercontig_000006193,3,6638,630633235,2042350109
GL855716.1,Chr3_supercontig_000006194,3,5872,630639107,2042355981
GL855717.1,Chr3_supercontig_000006195,3,2413,630641520,2042358394
GL855718.1,Chr3_supercontig_000006196,3,1561,630643081,2042359955
GL855719.1,Chr3_supercontig_000006197,3,2489,630645570,2042362444
GL855720.1,Chr3_supercontig_000006198,3,1915,630647485,2042364359
GL855721.1,Chr3_supercontig_000006199,3,2403,630649888,2042366762
GL855722.1,Chr3_supercontig_000006200,3,1896,630651784,2042368658
GL855723.1,Chr3_supercontig_000006201,3,4698,630656482,2042373356
GL855724.1,Chr3_supercontig_000006202,3,1701,630658183,2042375057
GL855725.1,Chr3_supercontig_000006203,3,1716,630659899,2042376773
GL855726.1,Chr3_supercontig_000006204,3,2108,630662007,2042378881
GL855727.1,Chr3_supercontig_000006205,3,7875,630669882,2042386756
GL855728.1,Chr3_supercontig_000006206,3,2935,630672817,2042389691
GL855729.1,Chr3_supercontig_000006207,3,2066,630674883,2042391757
GL855730.1,Chr3_supercontig_000006208,3,1543,630676426,2042393300
GL855731.1,Chr3_supercontig_000006209,3,1869,630678295,2042395169
GL855732.1,Chr3_supercontig_000006210,3,4664,630682959,2042399833
GL855733.1,Chr3_supercontig_000006211,3,1909,630684868,2042401742
GL855734.1,Chr3_supercontig_000006212,3,1967,630686835,2042403709
GL855735.1,Chr3_supercontig_000006213,3,2730,630689565,2042406439
GL855736.1,Chr3_supercontig_000006214,3,2765,630692330,2042409204
GL855737.1,Chr3_supercontig_000006215,3,2935,630695265,2042412139
GL855738.1,Chr3_supercontig_000006216,3,2142,630697407,2042414281
GL855739.1,Chr3_supercontig_000006217,3,5703,630703110,2042419984
GL855740.1,Chr3_supercontig_000006218,3,2104,630705214,2042422088
GL855741.1,Chr3_supercontig_000006219,3,2574,630707788,2042424662
GL855742.1,Chr3_supercontig_000006220,3,2411,630710199,2042427073
GL855743.1,Chr3_supercontig_000006221,3,2143,630712342,2042429216
GL855744.1,Chr3_supercontig_000006222,3,2262,630714604,2042431478
GL855745.1,Chr3_supercontig_000006223,3,3916,630718520,2042435394
GL855746.1,Chr3_supercontig_000006224,3,2107,630720627,2042437501
GL855747.1,Chr3_supercontig_000006225,3,2891,630723518,2042440392
GL855748.1,Chr3_supercontig_000006226,3,6239,630729757,2042446631
GL855749.1,Chr3_supercontig_000006227,3,2239,630731996,2042448870
GL855750.1,Chr3_supercontig_000006228,3,2042,630734038,2042450912
GL855751.1,Chr3_supercontig_000006229,3,3021,630737059,2042453933
GL855752.1,Chr3_supercontig_000006230,3,1650,630738709,2042455583
GL855753.1,Chr3_supercontig_000006231,3,3327,630742036,2042458910
GL855754.1,Chr3_supercontig_000006232,3,2761,630744797,2042461671
GL855755.1,Chr3_supercontig_000006233,3,2976,630747773,2042464647
GL855756.1,Chr3_supercontig_000006234,3,2197,630749970,2042466844
GL855757.1,Chr3_supercontig_000006235,3,2572,630752542,2042469416
GL855758.1,Chr3_supercontig_000006236,3,2448,630754990,2042471864
GL855759.1,Chr3_supercontig_000006237,3,3205,630758195,2042475069
GL855760.1,Chr3_supercontig_000006238,3,2168,630760363,2042477237
GL855761.1,Chr3_supercontig_000006239,3,1741,630762104,2042478978
GL855762.1,Chr3_supercontig_000006240,3,1956,630764060,2042480934
GL855763.1,Chr3_supercontig_000006241,3,7132,630771192,2042488066
GL855764.1,Chr3_supercontig_000006242,3,1708,630772900,2042489774
GL855765.1,Chr3_supercontig_000006243,3,1510,630774410,2042491284
GL855766.1,Chr3_supercontig_000006244,3,4282,630778692,2042495566
GL855767.1,Chr3_supercontig_000006245,3,2099,630780791,2042497665
GL855768.1,Chr3_supercontig_000006246,3,3622,630784413,2042501287
GL855769.1,Chr3_supercontig_000006247,3,4047,630788460,2042505334
GL855770.1,Chr3_supercontig_000006248,3,1536,630789996,2042506870
GL855771.1,Chr3_supercontig_000006249,3,3198,630793194,2042510068
GL855772.1,Chr3_supercontig_000006250,3,1884,630795078,2042511952
GL855773.1,Chr3_supercontig_000006251,3,1675,630796753,2042513627
GL855774.1,Chr3_supercontig_000006252,3,1815,630798568,2042515442
GL855775.1,Chr3_supercontig_000006253,3,3678,630802246,2042519120
GL855776.1,Chr3_supercontig_000006254,3,2490,630804736,2042521610
GL855777.1,Chr3_supercontig_000006255,3,2469,630807205,2042524079
GL855778.1,Chr3_supercontig_000006256,3,1606,630808811,2042525685
GL855779.1,Chr3_supercontig_000006257,3,1542,630810353,2042527227
GL855780.1,Chr3_supercontig_000006258,3,4073,630814426,2042531300
GL855781.1,Chr3_supercontig_000006259,3,1995,630816421,2042533295
GL855782.1,Chr3_supercontig_000006260,3,2070,630818491,2042535365
GL855783.1,Chr3_supercontig_000006261,3,1661,630820152,2042537026
GL855784.1,Chr3_supercontig_000006262,3,1515,630821667,2042538541
GL855785.1,Chr3_supercontig_000006263,3,3790,630825457,2042542331
GL855786.1,Chr3_supercontig_000006264,3,3138,630828595,2042545469
GL855787.1,Chr3_supercontig_000006265,3,1978,630830573,2042547447
GL855788.1,Chr3_supercontig_000006266,3,3618,630834191,2042551065
GL855789.1,Chr3_supercontig_000006267,3,2546,630836737,2042553611
GL855790.1,Chr3_supercontig_000006268,3,1822,630838559,2042555433
GL855791.1,Chr3_supercontig_000006269,3,2955,630841514,2042558388
GL855792.1,Chr3_supercontig_000006270,3,2340,630843854,2042560728
GL855793.1,Chr3_supercontig_000006271,3,3573,630847427,2042564301
GL855794.1,Chr3_supercontig_000006272,3,6043,630853470,2042570344
GL855795.1,Chr3_supercontig_000006273,3,8405,630861875,2042578749
GL855796.1,Chr3_supercontig_000006274,3,1536,630863411,2042580285
GL855797.1,Chr3_supercontig_000006275,3,1525,630864936,2042581810
GL855798.1,Chr3_supercontig_000006276,3,2524,630867460,2042584334
GL855799.1,Chr3_supercontig_000006277,3,2944,630870404,2042587278
GL855800.1,Chr3_supercontig_000006278,3,3450,630873854,2042590728
GL855801.1,Chr3_supercontig_000006279,3,7790,630881644,2042598518
GL855802.1,Chr3_supercontig_000006280,3,1566,630883210,2042600084
GL855803.1,Chr3_supercontig_000006281,3,4395,630887605,2042604479
GL855804.1,Chr3_supercontig_000006282,3,3334,630890939,2042607813
GL855805.1,Chr3_supercontig_000006283,3,2304,630893243,2042610117
GL855806.1,Chr3_supercontig_000006284,3,2572,630895815,2042612689
GL855807.1,Chr3_supercontig_000006285,3,1841,630897656,2042614530
GL855808.1,Chr3_supercontig_000006286,3,2817,630900473,2042617347
GL855809.1,Chr3_supercontig_000006287,3,1637,630902110,2042618984
GL855810.1,Chr3_supercontig_000006288,3,1617,630903727,2042620601
GL855811.1,Chr3_supercontig_000006289,3,2420,630906147,2042623021
GL855812.1,Chr3_supercontig_000006290,3,4994,630911141,2042628015
GL855813.1,Chr3_supercontig_000006291,3,14648,630925789,2042642663
GL855814.1,Chr3_supercontig_000006292,3,7410,630933199,2042650073
GL855815.1,Chr3_supercontig_000006293,3,4672,630937871,2042654745
GL855816.1,Chr3_supercontig_000006294,3,6142,630944013,2042660887
GL855817.1,Chr3_supercontig_000006295,3,2361,630946374,2042663248
GL855818.1,Chr3_supercontig_000006296,3,3419,630949793,2042666667
GL855819.1,Chr3_supercontig_000006297,3,1988,630951781,2042668655
GL855820.1,Chr3_supercontig_000006298,3,2008,630953789,2042670663
GL855821.1,Chr3_supercontig_000006299,3,2181,630955970,2042672844
GL855822.1,Chr3_supercontig_000006300,3,1752,630957722,2042674596
GL855823.1,Chr3_supercontig_000006301,3,1719,630959441,2042676315
GL855824.1,Chr3_supercontig_000006302,3,12131,630971572,2042688446
GL855825.1,Chr3_supercontig_000006303,3,1664,630973236,2042690110
GL855826.1,Chr3_supercontig_000006304,3,3309,630976545,2042693419
GL855827.1,Chr3_supercontig_000006305,3,1576,630978121,2042694995
GL855828.1,Chr3_supercontig_000006306,3,2878,630980999,2042697873
GL855829.1,Chr3_supercontig_000006307,3,2185,630983184,2042700058
GL855830.1,Chr3_supercontig_000006308,3,1877,630985061,2042701935
GL855831.1,Chr3_supercontig_000006309,3,2936,630987997,2042704871
GL855832.1,Chr3_supercontig_000006310,3,4637,630992634,2042709508
GL855833.1,Chr3_supercontig_000006311,3,2368,630995002,2042711876
GL855834.1,Chr3_supercontig_000006312,3,3829,630998831,2042715705
GL855835.1,Chr3_supercontig_000006313,3,2277,631001108,2042717982
GL855836.1,Chr3_supercontig_000006314,3,3314,631004422,2042721296
GL855837.1,Chr3_supercontig_000006315,3,2593,631007015,2042723889
GL855838.1,Chr3_supercontig_000006316,3,1694,631008709,2042725583
GL855839.1,Chr3_supercontig_000006317,3,2950,631011659,2042728533
GL855840.1,Chr3_supercontig_000006318,3,1753,631013412,2042730286
GL855841.1,Chr3_supercontig_000006319,3,2095,631015507,2042732381
GL855842.1,Chr3_supercontig_000006320,3,8026,631023533,2042740407
GL855843.1,Chr3_supercontig_000006321,3,3569,631027102,2042743976
GL855844.1,Chr3_supercontig_000006322,3,4031,631031133,2042748007
GL855845.1,Chr3_supercontig_000006323,3,1938,631033071,2042749945
GL855846.1,Chr3_supercontig_000006324,3,1768,631034839,2042751713
GL855847.1,Chr3_supercontig_000006325,3,3194,631038033,2042754907
GL855848.1,Chr3_supercontig_000006326,3,2599,631040632,2042757506
GL855849.1,Chr3_supercontig_000006327,3,2179,631042811,2042759685
GL855850.1,Chr3_supercontig_000006328,3,1527,631044338,2042761212
GL855851.1,Chr3_supercontig_000006329,3,2344,631046682,2042763556
GL855852.1,Chr3_supercontig_000006330,3,2297,631048979,2042765853
GL855853.1,Chr3_supercontig_000006331,3,2279,631051258,2042768132
GL855854.1,Chr3_supercontig_000006332,3,1640,631052898,2042769772
GL855855.1,Chr3_supercontig_000006333,3,1665,631054563,2042771437
GL855856.1,Chr3_supercontig_000006334,3,1799,631056362,2042773236
GL855857.1,Chr3_supercontig_000006335,3,2216,631058578,2042775452
GL855858.1,Chr3_supercontig_000006336,3,1654,631060232,2042777106
GL855859.1,Chr3_supercontig_000006337,3,1562,631061794,2042778668
GL855860.1,Chr3_supercontig_000006338,3,4410,631066204,2042783078
GL855861.1,Chr3_supercontig_000006339,3,2460,631068664,2042785538
GL855862.1,Chr3_supercontig_000006340,3,1891,631070555,2042787429
GL855863.1,Chr3_supercontig_000006341,3,2125,631072680,2042789554
GL855864.1,Chr3_supercontig_000006342,3,2031,631074711,2042791585
GL855865.1,Chr3_supercontig_000006343,3,3777,631078488,2042795362
GL855866.1,Chr3_supercontig_000006344,3,2002,631080490,2042797364
GL855867.1,Chr3_supercontig_000006345,3,2832,631083322,2042800196
GL855868.1,Chr3_supercontig_000006346,3,1581,631084903,2042801777
GL855869.1,Chr3_supercontig_000006347,3,1564,631086467,2042803341
GL855870.1,Chr3_supercontig_000006348,3,4633,631091100,2042807974
GL855871.1,Chr3_supercontig_000006349,3,2335,631093435,2042810309
GL855872.1,Chr3_supercontig_000006350,3,6921,631100356,2042817230
GL855873.1,Chr3_supercontig_000006351,3,2709,631103065,2042819939
GL855874.1,Chr3_supercontig_000006352,3,2654,631105719,2042822593
GL855875.1,Chr3_supercontig_000006353,3,2269,631107988,2042824862
GL855876.1,Chr3_supercontig_000006354,3,1816,631109804,2042826678
GL855877.1,Chr3_supercontig_000006355,3,3753,631113557,2042830431
GL855878.1,Chr3_supercontig_000006356,3,2062,631115619,2042832493
GL855879.1,Chr3_supercontig_000006357,3,2017,631117636,2042834510
GL855880.1,Chr3_supercontig_000006358,3,6076,631123712,2042840586
GL855881.1,Chr3_supercontig_000006359,3,3442,631127154,2042844028
GL855882.1,Chr3_supercontig_000006360,3,1728,631128882,2042845756
GL855883.1,Chr3_supercontig_000006361,3,2140,631131022,2042847896
GL855884.1,Chr3_supercontig_000006362,3,1951,631132973,2042849847
GL855885.1,Chr3_supercontig_000006363,3,2270,631135243,2042852117
GL855886.1,Chr3_supercontig_000006364,3,1563,631136806,2042853680
GL855887.1,Chr3_supercontig_000006365,3,4026,631140832,2042857706
GL855888.1,Chr3_supercontig_000006366,3,3312,631144144,2042861018
GL855889.1,Chr3_supercontig_000006367,3,1733,631145877,2042862751
GL855890.1,Chr3_supercontig_000006368,3,7159,631153036,2042869910
GL855891.1,Chr3_supercontig_000006369,3,5324,631158360,2042875234
GL855892.1,Chr3_supercontig_000006370,3,3140,631161500,2042878374
GL855893.1,Chr3_supercontig_000006371,3,36886,631198386,2042915260
GL855894.1,Chr3_supercontig_000006372,3,1556,631199942,2042916816
GL855895.1,Chr3_supercontig_000006373,3,18107,631218049,2042934923
GL855896.1,Chr3_supercontig_000006374,3,11105,631229154,2042946028
GL855897.1,Chr3_supercontig_000006375,3,5672,631234826,2042951700
GL855898.1,Chr3_supercontig_000006376,3,3820,631238646,2042955520
GL855899.1,Chr3_supercontig_000006377,3,3123,631241769,2042958643
GL855900.1,Chr3_supercontig_000006378,3,1576,631243345,2042960219
GL855901.1,Chr3_supercontig_000006379,3,2435,631245780,2042962654
GL855902.1,Chr3_supercontig_000006380,3,1769,631247549,2042964423
GL855903.1,Chr3_supercontig_000006381,3,1547,631249096,2042965970
GL855904.1,Chr3_supercontig_000006382,3,1719,631250815,2042967689
GL855905.1,Chr3_supercontig_000006383,3,1597,631252412,2042969286
GL855906.1,Chr3_supercontig_000006384,3,2343,631254755,2042971629
GL855907.1,Chr3_supercontig_000006385,3,3844,631258599,2042975473
GL855908.1,Chr3_supercontig_000006386,3,1545,631260144,2042977018
GL855909.1,Chr3_supercontig_000006387,3,1793,631261937,2042978811
GL855910.1,Chr3_supercontig_000006388,3,2296,631264233,2042981107
GL855911.1,Chr3_supercontig_000006389,3,1591,631265824,2042982698
GL855912.1,Chr3_supercontig_000006390,3,1539,631267363,2042984237
GL855913.1,Chr3_supercontig_000006391,3,1582,631268945,2042985819
GL855914.1,Chr3_supercontig_000006392,3,4531,631273476,2042990350
GL855915.1,Chr3_supercontig_000006393,3,2168,631275644,2042992518
GL855916.1,Chr3_supercontig_000006394,3,3004,631278648,2042995522
GL855917.1,Chr3_supercontig_000006395,3,3067,631281715,2042998589
GL855918.1,Chr3_supercontig_000006396,3,3055,631284770,2043001644
GL855919.1,Chr3_supercontig_000006397,3,2750,631287520,2043004394
GL855920.1,Chr3_supercontig_000006398,3,4558,631292078,2043008952
GL855921.1,Chr3_supercontig_000006399,3,1757,631293835,2043010709
GL855922.1,Chr3_supercontig_000006400,3,11825,631305660,2043022534
GL855923.1,Chr3_supercontig_000006401,3,1767,631307427,2043024301
GL855924.1,Chr3_supercontig_000006402,3,2850,631310277,2043027151
GL855925.1,Chr3_supercontig_000006403,3,2688,631312965,2043029839
GL855926.1,Chr3_supercontig_000006404,3,2254,631315219,2043032093
GL855927.1,Chr3_supercontig_000006405,3,1638,631316857,2043033731
GL855928.1,Chr3_supercontig_000006406,3,3118,631319975,2043036849
GL855929.1,Chr3_supercontig_000006407,3,2656,631322631,2043039505
GL855930.1,Chr3_supercontig_000006408,3,3078,631325709,2043042583
GL855931.1,Chr3_supercontig_000006409,3,2124,631327833,2043044707
GL855932.1,Chr3_supercontig_000006410,3,1751,631329584,2043046458
GL855933.1,Chr3_supercontig_000006411,3,1607,631331191,2043048065
GL855934.1,Chr3_supercontig_000006412,3,2354,631333545,2043050419
GL855935.1,Chr3_supercontig_000006413,3,4863,631338408,2043055282
GL855936.1,Chr3_supercontig_000006414,3,2394,631340802,2043057676
GL855937.1,Chr3_supercontig_000006415,3,2139,631342941,2043059815
GL855938.1,Chr3_supercontig_000006416,3,1766,631344707,2043061581
GL855939.1,Chr3_supercontig_000006417,3,1605,631346312,2043063186
GL855940.1,Chr3_supercontig_000006418,3,2333,631348645,2043065519
GL855941.1,Chr3_supercontig_000006419,3,2226,631350871,2043067745
GL855942.1,Chr3_supercontig_000006420,3,4873,631355744,2043072618
GL855943.1,Chr3_supercontig_000006421,3,1878,631357622,2043074496
GL855944.1,Chr3_supercontig_000006422,3,3042,631360664,2043077538
GL855945.1,Chr3_supercontig_000006423,3,1677,631362341,2043079215
GL855946.1,Chr3_supercontig_000006424,3,1922,631364263,2043081137
GL855947.1,Chr3_supercontig_000006425,3,2634,631366897,2043083771
GL855948.1,Chr3_supercontig_000006426,3,2215,631369112,2043085986
GL855949.1,Chr3_supercontig_000006427,3,3209,631372321,2043089195
GL855950.1,Chr3_supercontig_000006428,3,1572,631373893,2043090767
GL855951.1,Chr3_supercontig_000006429,3,1503,631375396,2043092270
GL855952.1,Chr3_supercontig_000006430,3,2563,631377959,2043094833
GL855953.1,Chr3_supercontig_000006431,3,3897,631381856,2043098730
GL855954.1,Chr3_supercontig_000006432,3,1703,631383559,2043100433
GL855955.1,Chr3_supercontig_000006433,3,2240,631385799,2043102673
GL855956.1,Chr3_supercontig_000006434,3,2906,631388705,2043105579
GL855957.1,Chr3_supercontig_000006435,3,3133,631391838,2043108712
GL855958.1,Chr3_supercontig_000006436,3,2002,631393840,2043110714
GL855959.1,Chr3_supercontig_000006437,3,6412,631400252,2043117126
GL855960.1,Chr3_supercontig_000006438,3,1803,631402055,2043118929
GL855961.1,Chr3_supercontig_000006439,3,2388,631404443,2043121317
GL855962.1,Chr3_supercontig_000006440,3,2217,631406660,2043123534
GL855963.1,Chr3_supercontig_000006441,3,3029,631409689,2043126563
GL855964.1,Chr3_supercontig_000006442,3,1960,631411649,2043128523
GL855965.1,Chr3_supercontig_000006443,3,2230,631413879,2043130753
GL855966.1,Chr3_supercontig_000006444,3,2809,631416688,2043133562
GL855967.1,Chr3_supercontig_000006445,3,1630,631418318,2043135192
GL855968.1,Chr3_supercontig_000006446,3,1612,631419930,2043136804
GL855969.1,Chr3_supercontig_000006447,3,2488,631422418,2043139292
GL855970.1,Chr3_supercontig_000006448,3,3562,631425980,2043142854
GL855971.1,Chr3_supercontig_000006449,3,1545,631427525,2043144399
GL855972.1,Chr3_supercontig_000006450,3,4256,631431781,2043148655
GL855973.1,Chr3_supercontig_000006451,3,1580,631433361,2043150235
GL855974.1,Chr3_supercontig_000006452,3,4490,631437851,2043154725
GL855975.1,Chr3_supercontig_000006453,3,5938,631443789,2043160663
GL855976.1,Chr3_supercontig_000006454,3,6550,631450339,2043167213
GL855977.1,Chr3_supercontig_000006455,3,2842,631453181,2043170055
GL855978.1,Chr3_supercontig_000006456,3,4233,631457414,2043174288
GL855979.1,Chr3_supercontig_000006457,3,2434,631459848,2043176722
GL855980.1,Chr3_supercontig_000006458,3,1622,631461470,2043178344
GL855981.1,Chr3_supercontig_000006459,3,1965,631463435,2043180309
GL855982.1,Chr3_supercontig_000006460,3,2988,631466423,2043183297
GL855983.1,Chr3_supercontig_000006461,3,2677,631469100,2043185974
GL855984.1,Chr3_supercontig_000006462,3,3216,631472316,2043189190
GL855985.1,Chr3_supercontig_000006463,3,2014,631474330,2043191204
GL855986.1,Chr3_supercontig_000006464,3,3621,631477951,2043194825
GL855987.1,Chr3_supercontig_000006465,3,1820,631479771,2043196645
GL855988.1,Chr3_supercontig_000006466,3,1952,631481723,2043198597
GL855989.1,Chr3_supercontig_000006467,3,1904,631483627,2043200501
GL855990.1,Chr3_supercontig_000006468,3,2609,631486236,2043203110
GL855991.1,Chr3_supercontig_000006469,3,2822,631489058,2043205932
GL855992.1,Chr3_supercontig_000006470,3,2876,631491934,2043208808
GL855993.1,Chr3_supercontig_000006471,3,1726,631493660,2043210534
GL855994.1,Chr3_supercontig_000006472,3,2965,631496625,2043213499
GL855995.1,Chr3_supercontig_000006473,3,1681,631498306,2043215180
GL855996.1,Chr3_supercontig_000006474,3,3518,631501824,2043218698
GL855997.1,Chr3_supercontig_000006475,3,2557,631504381,2043221255
GL855998.1,Chr3_supercontig_000006476,3,6360,631510741,2043227615
GL855999.1,Chr3_supercontig_000006477,3,2647,631513388,2043230262
GL856000.1,Chr3_supercontig_000006478,3,2342,631515730,2043232604
GL856001.1,Chr3_supercontig_000006479,3,1792,631517522,2043234396
GL856002.1,Chr3_supercontig_000006480,3,2147,631519669,2043236543
GL856003.1,Chr3_supercontig_000006481,3,1737,631521406,2043238280
GL856004.1,Chr3_supercontig_000006482,3,3365,631524771,2043241645
GL856005.1,Chr3_supercontig_000006483,3,3050,631527821,2043244695
GL856006.1,Chr3_supercontig_000006484,3,1742,631529563,2043246437
GL856007.1,Chr3_supercontig_000006485,3,2323,631531886,2043248760
GL856008.1,Chr3_supercontig_000006486,3,4464,631536350,2043253224
GL856009.1,Chr3_supercontig_000006487,3,4098,631540448,2043257322
GL856010.1,Chr3_supercontig_000006488,3,2086,631542534,2043259408
GL856011.1,Chr3_supercontig_000006489,3,2461,631544995,2043261869
GL856012.1,Chr3_supercontig_000006490,3,2382,631547377,2043264251
GL856013.1,Chr3_supercontig_000006491,3,3706,631551083,2043267957
GL856014.1,Chr3_supercontig_000006492,3,3161,631554244,2043271118
GL856015.1,Chr3_supercontig_000006493,3,4511,631558755,2043275629
GL856016.1,Chr3_supercontig_000006494,3,5661,631564416,2043281290
GL856017.1,Chr3_supercontig_000006495,3,1546,631565962,2043282836
GL856018.1,Chr3_supercontig_000006496,3,4882,631570844,2043287718
GL856019.1,Chr3_supercontig_000006497,3,4833,631575677,2043292551
GL856020.1,Chr3_supercontig_000006498,3,1888,631577565,2043294439
GL856021.1,Chr3_supercontig_000006499,3,2296,631579861,2043296735
GL856022.1,Chr3_supercontig_000006500,3,2878,631582739,2043299613
GL856023.1,Chr3_supercontig_000006501,3,2784,631585523,2043302397
GL856024.1,Chr3_supercontig_000006502,3,2134,631587657,2043304531
GL856025.1,Chr3_supercontig_000006503,3,8714,631596371,2043313245
GL856026.1,Chr3_supercontig_000006504,3,6396,631602767,2043319641
GL856027.1,Chr3_supercontig_000006505,3,3467,631606234,2043323108
GL856028.1,Chr3_supercontig_000006506,3,8188,631614422,2043331296
GL856029.1,Chr3_supercontig_000006507,3,25392,631639814,2043356688
GL856030.1,Chr3_supercontig_000006508,3,4002,631643816,2043360690
GL856031.1,Chr3_supercontig_000006509,3,2487,631646303,2043363177
GL856032.1,Chr3_supercontig_000006510,3,2050,631648353,2043365227
GL856033.1,Chr3_supercontig_000006511,3,4337,631652690,2043369564
GL856034.1,Chr3_supercontig_000006512,3,1588,631654278,2043371152
GL856035.1,Chr3_supercontig_000006513,3,2880,631657158,2043374032
GL856036.1,Chr3_supercontig_000006514,3,2797,631659955,2043376829
GL856037.1,Chr3_supercontig_000006515,3,4757,631664712,2043381586
GL856038.1,Chr3_supercontig_000006516,3,2286,631666998,2043383872
GL856039.1,Chr3_supercontig_000006517,3,5228,631672226,2043389100
GL856040.1,Chr3_supercontig_000006518,3,2412,631674638,2043391512
GL856041.1,Chr3_supercontig_000006519,3,2154,631676792,2043393666
GL856042.1,Chr3_supercontig_000006520,3,2318,631679110,2043395984
GL856043.1,Chr3_supercontig_000006521,3,1902,631681012,2043397886
GL856044.1,Chr3_supercontig_000006522,3,2988,631684000,2043400874
GL856045.1,Chr3_supercontig_000006523,3,1498,631685498,2043402372
GL856046.1,Chr3_supercontig_000006524,3,4718,631690216,2043407090
GL856047.1,Chr3_supercontig_000006525,3,1631,631691847,2043408721
GL856048.1,Chr3_supercontig_000006526,3,2637,631694484,2043411358
GL856049.1,Chr3_supercontig_000006527,3,1684,631696168,2043413042
GL856050.1,Chr3_supercontig_000006528,3,1698,631697866,2043414740
GL856051.1,Chr3_supercontig_000006529,3,1848,631699714,2043416588
GL856052.1,Chr3_supercontig_000006530,3,1777,631701491,2043418365
GL856053.1,Chr3_supercontig_000006531,3,9048,631710539,2043427413
GL856054.1,Chr3_supercontig_000006532,3,1542,631712081,2043428955
GL856055.1,Chr3_supercontig_000006533,3,2965,631715046,2043431920
GL856056.1,Chr3_supercontig_000006534,3,3758,631718804,2043435678
GL856057.1,Chr3_supercontig_000006535,3,3082,631721886,2043438760
GL856058.1,Chr3_supercontig_000006536,3,1871,631723757,2043440631
GL856059.1,Chr3_supercontig_000006537,3,1990,631725747,2043442621
GL856060.1,Chr3_supercontig_000006538,3,26108,631751855,2043468729
GL856061.1,Chr3_supercontig_000006539,3,2606,631754461,2043471335
GL856062.1,Chr3_supercontig_000006540,3,1876,631756337,2043473211
GL856063.1,Chr3_supercontig_000006541,3,3758,631760095,2043476969
GL856064.1,Chr3_supercontig_000006542,3,3684,631763779,2043480653
GL856065.1,Chr3_supercontig_000006543,3,14726,631778505,2043495379
GL856066.1,Chr3_supercontig_000006544,3,1565,631780070,2043496944
GL856067.1,Chr3_supercontig_000006545,3,2462,631782532,2043499406
GL856068.1,Chr3_supercontig_000006546,3,10799,631793331,2043510205
GL856069.1,Chr3_supercontig_000006547,3,4212,631797543,2043514417
GL856070.1,Chr3_supercontig_000006548,3,2903,631800446,2043517320
GL856071.1,Chr3_supercontig_000006549,3,3600,631804046,2043520920
GL856072.1,Chr3_supercontig_000006550,3,3020,631807066,2043523940
GL856073.1,Chr3_supercontig_000006551,3,1849,631808915,2043525789
GL856074.1,Chr3_supercontig_000006552,3,2300,631811215,2043528089
GL856075.1,Chr3_supercontig_000006553,3,5898,631817113,2043533987
GL856076.1,Chr3_supercontig_000006554,3,1910,631819023,2043535897
GL856077.1,Chr3_supercontig_000006555,3,2694,631821717,2043538591
GL856078.1,Chr3_supercontig_000006556,3,2424,631824141,2043541015
GL856079.1,Chr3_supercontig_000006557,3,1757,631825898,2043542772
GL856080.1,Chr3_supercontig_000006558,3,3474,631829372,2043546246
GL856081.1,Chr3_supercontig_000006559,3,2508,631831880,2043548754
GL856082.1,Chr3_supercontig_000006560,3,1629,631833509,2043550383
GL856083.1,Chr3_supercontig_000006561,3,2226,631835735,2043552609
GL856084.1,Chr3_supercontig_000006562,3,2134,631837869,2043554743
GL856085.1,Chr3_supercontig_000006563,3,1702,631839571,2043556445
GL856086.1,Chr3_supercontig_000006564,3,1722,631841293,2043558167
GL856087.1,Chr3_supercontig_000006565,3,3524,631844817,2043561691
GL856088.1,Chr3_supercontig_000006566,3,2948,631847765,2043564639
GL856089.1,Chr3_supercontig_000006567,3,7244,631855009,2043571883
GL856090.1,Chr3_supercontig_000006568,3,2169,631857178,2043574052
GL856091.1,Chr3_supercontig_000006569,3,2556,631859734,2043576608
GL856092.1,Chr3_supercontig_000006570,3,1605,631861339,2043578213
GL856093.1,Chr3_supercontig_000006571,3,2072,631863411,2043580285
GL856094.1,Chr3_supercontig_000006572,3,2383,631865794,2043582668
GL856095.1,Chr3_supercontig_000006573,3,1708,631867502,2043584376
GL856096.1,Chr3_supercontig_000006574,3,1928,631869430,2043586304
GL856097.1,Chr3_supercontig_000006575,3,2070,631871500,2043588374
GL856098.1,Chr3_supercontig_000006576,3,1844,631873344,2043590218
GL856099.1,Chr3_supercontig_000006577,3,4288,631877632,2043594506
GL856100.1,Chr3_supercontig_000006578,3,1903,631879535,2043596409
GL856101.1,Chr3_supercontig_000006579,3,2548,631882083,2043598957
GL856102.1,Chr3_supercontig_000006580,3,1876,631883959,2043600833
GL856103.1,Chr3_supercontig_000006581,3,2215,631886174,2043603048
GL856104.1,Chr3_supercontig_000006582,3,3786,631889960,2043606834
GL856105.1,Chr3_supercontig_000006583,3,6405,631896365,2043613239
GL856106.1,Chr3_supercontig_000006584,3,2382,631898747,2043615621
GL856107.1,Chr3_supercontig_000006585,3,2695,631901442,2043618316
GL856108.1,Chr3_supercontig_000006586,3,3913,631905355,2043622229
GL856109.1,Chr3_supercontig_000006587,3,1976,631907331,2043624205
GL856110.1,Chr3_supercontig_000006588,3,1502,631908833,2043625707
GL856111.1,Chr3_supercontig_000006589,3,4302,631913135,2043630009
GL856112.1,Chr3_supercontig_000006590,3,5797,631918932,2043635806
GL856113.1,Chr3_supercontig_000006591,3,2912,631921844,2043638718
GL856114.1,Chr3_supercontig_000006592,3,2355,631924199,2043641073
GL856115.1,Chr3_supercontig_000006593,3,1893,631926092,2043642966
GL856116.1,Chr3_supercontig_000006594,3,1734,631927826,2043644700
GL856117.1,Chr3_supercontig_000006595,3,3031,631930857,2043647731
GL856118.1,Chr3_supercontig_000006596,3,5464,631936321,2043653195
GL856119.1,Chr3_supercontig_000006597,3,2335,631938656,2043655530
GL856120.1,Chr3_supercontig_000006598,3,5782,631944438,2043661312
GL856121.1,Chr3_supercontig_000006599,3,2189,631946627,2043663501
GL856122.1,Chr3_supercontig_000006600,3,3096,631949723,2043666597
GL856123.1,Chr3_supercontig_000006601,3,2114,631951837,2043668711
GL856124.1,Chr3_supercontig_000006602,3,1668,631953505,2043670379
GL856125.1,Chr3_supercontig_000006603,3,1992,631955497,2043672371
GL856126.1,Chr3_supercontig_000006604,3,3094,631958591,2043675465
GL856127.1,Chr3_supercontig_000006605,3,1618,631960209,2043677083
GL856128.1,Chr3_supercontig_000006606,3,1830,631962039,2043678913
GL856129.1,Chr3_supercontig_000006607,3,1662,631963701,2043680575
GL856130.1,Chr3_supercontig_000006608,3,4106,631967807,2043684681
GL856131.1,Chr3_supercontig_000006609,3,5529,631973336,2043690210
GL856132.1,Chr3_supercontig_000006610,3,1986,631975322,2043692196
GL856133.1,Chr3_supercontig_000006611,3,1822,631977144,2043694018
GL856134.1,Chr3_supercontig_000006612,3,6755,631983899,2043700773
GL856135.1,Chr3_supercontig_000006613,3,1585,631985484,2043702358
GL856136.1,Chr3_supercontig_000006614,3,2036,631987520,2043704394
GL856137.1,Chr3_supercontig_000006615,3,1874,631989394,2043706268
GL856138.1,Chr3_supercontig_000006616,3,2211,631991605,2043708479
GL856139.1,Chr3_supercontig_000006617,3,2938,631994543,2043711417
GL856140.1,Chr3_supercontig_000006618,3,3223,631997766,2043714640
GL856141.1,Chr3_supercontig_000006619,3,4039,632001805,2043718679
GL856142.1,Chr3_supercontig_000006620,3,1955,632003760,2043720634
GL856143.1,Chr3_supercontig_000006621,3,1742,632005502,2043722376
GL856144.1,Chr3_supercontig_000006622,3,2023,632007525,2043724399
GL856145.1,Chr3_supercontig_000006623,3,2547,632010072,2043726946
GL856146.1,Chr3_supercontig_000006624,3,1523,632011595,2043728469
GL856147.1,Chr3_supercontig_000006625,3,2203,632013798,2043730672
GL856148.1,Chr3_supercontig_000006626,3,5127,632018925,2043735799
GL856149.1,Chr3_supercontig_000006627,3,2526,632021451,2043738325
GL856150.1,Chr3_supercontig_000006628,3,2867,632024318,2043741192
GL856151.1,Chr3_supercontig_000006629,3,1831,632026149,2043743023
GL856152.1,Chr3_supercontig_000006630,3,4540,632030689,2043747563
GL856153.1,Chr3_supercontig_000006631,3,2005,632032694,2043749568
GL856154.1,Chr3_supercontig_000006632,3,1896,632034590,2043751464
GL856155.1,Chr3_supercontig_000006633,3,3088,632037678,2043754552
GL856156.1,Chr3_supercontig_000006634,3,2092,632039770,2043756644
GL856157.1,Chr3_supercontig_000006635,3,2424,632042194,2043759068
GL856158.1,Chr3_supercontig_000006636,3,8312,632050506,2043767380
GL856159.1,Chr3_supercontig_000006637,3,5479,632055985,2043772859
GL856160.1,Chr3_supercontig_000006638,3,1558,632057543,2043774417
GL856161.1,Chr3_supercontig_000006639,3,2195,632059738,2043776612
GL856162.1,Chr3_supercontig_000006640,3,1953,632061691,2043778565
GL856163.1,Chr3_supercontig_000006641,3,3297,632064988,2043781862
GL856164.1,Chr3_supercontig_000006642,3,1806,632066794,2043783668
GL856165.1,Chr3_supercontig_000006643,3,2174,632068968,2043785842
GL856166.1,Chr3_supercontig_000006644,3,7833,632076801,2043793675
GL856167.1,Chr3_supercontig_000006645,3,4019,632080820,2043797694
GL856168.1,Chr3_supercontig_000006646,3,1511,632082331,2043799205
GL856169.1,Chr3_supercontig_000006647,3,2351,632084682,2043801556
GL856170.1,Chr3_supercontig_000006648,3,1568,632086250,2043803124
GL856171.1,Chr3_supercontig_000006649,3,3298,632089548,2043806422
GL856172.1,Chr3_supercontig_000006650,3,10123,632099671,2043816545
GL856173.1,Chr3_supercontig_000006651,3,2718,632102389,2043819263
GL856174.1,Chr3_supercontig_000006652,3,4173,632106562,2043823436
GL856175.1,Chr3_supercontig_000006653,3,1775,632108337,2043825211
GL856176.1,Chr3_supercontig_000006654,3,2101,632110438,2043827312
GL856177.1,Chr3_supercontig_000006655,3,4359,632114797,2043831671
GL856178.1,Chr3_supercontig_000006656,3,4828,632119625,2043836499
GL856179.1,Chr3_supercontig_000006657,3,3038,632122663,2043839537
GL856180.1,Chr3_supercontig_000006658,3,1532,632124195,2043841069
GL856181.1,Chr3_supercontig_000006659,3,5588,632129783,2043846657
GL856182.1,Chr3_supercontig_000006660,3,2468,632132251,2043849125
GL856183.1,Chr3_supercontig_000006661,3,2118,632134369,2043851243
GL856184.1,Chr3_supercontig_000006662,3,2027,632136396,2043853270
GL856185.1,Chr3_supercontig_000006663,3,2645,632139041,2043855915
GL856186.1,Chr3_supercontig_000006664,3,4799,632143840,2043860714
GL856187.1,Chr3_supercontig_000006665,3,2280,632146120,2043862994
GL856188.1,Chr3_supercontig_000006666,3,2489,632148609,2043865483
GL856189.1,Chr3_supercontig_000006667,3,3198,632151807,2043868681
GL856190.1,Chr3_supercontig_000006668,3,3751,632155558,2043872432
GL856191.1,Chr3_supercontig_000006669,3,2068,632157626,2043874500
GL856192.1,Chr3_supercontig_000006670,3,3038,632160664,2043877538
GL856193.1,Chr3_supercontig_000006671,3,4078,632164742,2043881616
GL856194.1,Chr3_supercontig_000006672,3,5124,632169866,2043886740
GL856195.1,Chr3_supercontig_000006673,3,2037,632171903,2043888777
GL856196.1,Chr3_supercontig_000006674,3,1665,632173568,2043890442
GL856197.1,Chr3_supercontig_000006675,3,3520,632177088,2043893962
GL856198.1,Chr3_supercontig_000006676,3,2289,632179377,2043896251
GL856199.1,Chr3_supercontig_000006677,3,3060,632182437,2043899311
GL856200.1,Chr3_supercontig_000006678,3,3791,632186228,2043903102
GL856201.1,Chr3_supercontig_000006679,3,1940,632188168,2043905042
GL856202.1,Chr3_supercontig_000006680,3,3660,632191828,2043908702
GL856203.1,Chr3_supercontig_000006681,3,2331,632194159,2043911033
GL856204.1,Chr3_supercontig_000006682,3,2124,632196283,2043913157
GL856205.1,Chr3_supercontig_000006683,3,2057,632198340,2043915214
GL856206.1,Chr3_supercontig_000006684,3,1962,632200302,2043917176
GL856207.1,Chr3_supercontig_000006685,3,1532,632201834,2043918708
GL856208.1,Chr3_supercontig_000006686,3,1853,632203687,2043920561
GL856209.1,Chr3_supercontig_000006687,3,1690,632205377,2043922251
GL856210.1,Chr3_supercontig_000006688,3,1606,632206983,2043923857
GL856211.1,Chr3_supercontig_000006689,3,1761,632208744,2043925618
GL856212.1,Chr3_supercontig_000006690,3,2046,632210790,2043927664
GL856213.1,Chr3_supercontig_000006691,3,2288,632213078,2043929952
GL856214.1,Chr3_supercontig_000006692,3,4326,632217404,2043934278
GL856215.1,Chr3_supercontig_000006693,3,4655,632222059,2043938933
GL856216.1,Chr3_supercontig_000006694,3,17980,632240039,2043956913
GL856217.1,Chr3_supercontig_000006695,3,2304,632242343,2043959217
GL856218.1,Chr3_supercontig_000006696,3,3297,632245640,2043962514
GL856219.1,Chr3_supercontig_000006697,3,8612,632254252,2043971126
GL856220.1,Chr3_supercontig_000006698,3,7523,632261775,2043978649
GL856221.1,Chr3_supercontig_000006699,3,1662,632263437,2043980311
GL856222.1,Chr3_supercontig_000006700,3,3227,632266664,2043983538
GL856223.1,Chr3_supercontig_000006701,3,3304,632269968,2043986842
GL856224.1,Chr3_supercontig_000006702,3,1557,632271525,2043988399
GL856225.1,Chr3_supercontig_000006703,3,4154,632275679,2043992553
GL856226.1,Chr3_supercontig_000006704,3,2449,632278128,2043995002
GL856227.1,Chr3_supercontig_000006705,3,3938,632282066,2043998940
GL856228.1,Chr3_supercontig_000006706,3,5911,632287977,2044004851
GL856229.1,Chr3_supercontig_000006707,3,3726,632291703,2044008577
GL856230.1,Chr3_supercontig_000006708,3,2010,632293713,2044010587
GL856231.1,Chr3_supercontig_000006709,3,3798,632297511,2044014385
GL856232.1,Chr3_supercontig_000006710,3,2315,632299826,2044016700
GL856233.1,Chr3_supercontig_000006711,3,2671,632302497,2044019371
GL856234.1,Chr3_supercontig_000006712,3,3938,632306435,2044023309
GL856235.1,Chr3_supercontig_000006713,3,10210,632316645,2044033519
GL856236.1,Chr3_supercontig_000006714,3,13554,632330199,2044047073
GL856237.1,Chr3_supercontig_000006715,3,2748,632332947,2044049821
GL856238.1,Chr3_supercontig_000006716,3,2078,632335025,2044051899
GL856239.1,Chr3_supercontig_000006717,3,7335,632342360,2044059234
GL856240.1,Chr3_supercontig_000006718,3,2880,632345240,2044062114
GL856241.1,Chr3_supercontig_000006719,3,3058,632348298,2044065172
GL856242.1,Chr3_supercontig_000006720,3,3100,632351398,2044068272
GL856243.1,Chr3_supercontig_000006721,3,6946,632358344,2044075218
GL856244.1,Chr3_supercontig_000006722,3,6795,632365139,2044082013
GL856245.1,Chr3_supercontig_000006723,3,2287,632367426,2044084300
GL856246.1,Chr3_supercontig_000006724,3,4326,632371752,2044088626
GL856247.1,Chr3_supercontig_000006725,3,1878,632373630,2044090504
GL856248.1,Chr3_supercontig_000006726,3,3819,632377449,2044094323
GL856249.1,Chr3_supercontig_000006727,3,2622,632380071,2044096945
GL856250.1,Chr3_supercontig_000006728,3,12165,632392236,2044109110
GL856251.1,Chr3_supercontig_000006729,3,2644,632394880,2044111754
GL856252.1,Chr3_supercontig_000006730,3,7675,632402555,2044119429
GL856253.1,Chr3_supercontig_000006731,3,1639,632404194,2044121068
GL856254.1,Chr3_supercontig_000006732,3,1988,632406182,2044123056
GL856255.1,Chr3_supercontig_000006733,3,1932,632408114,2044124988
GL856256.1,Chr3_supercontig_000006734,3,7209,632415323,2044132197
GL856257.1,Chr3_supercontig_000006735,3,2344,632417667,2044134541
GL856258.1,Chr3_supercontig_000006736,3,2748,632420415,2044137289
GL856259.1,Chr3_supercontig_000006737,3,7645,632428060,2044144934
GL856260.1,Chr3_supercontig_000006738,3,2401,632430461,2044147335
GL856261.1,Chr3_supercontig_000006739,3,1717,632432178,2044149052
GL856262.1,Chr3_supercontig_000006740,3,6005,632438183,2044155057
GL856263.1,Chr3_supercontig_000006741,3,13278,632451461,2044168335
GL856264.1,Chr3_supercontig_000006742,3,5448,632456909,2044173783
GL856265.1,Chr3_supercontig_000006743,3,3082,632459991,2044176865
GL856266.1,Chr3_supercontig_000006744,3,1747,632461738,2044178612
GL856267.1,Chr3_supercontig_000006745,3,4352,632466090,2044182964
GL856268.1,Chr3_supercontig_000006746,3,4386,632470476,2044187350
GL856269.1,Chr3_supercontig_000006747,3,5357,632475833,2044192707
GL856270.1,Chr3_supercontig_000006748,3,2729,632478562,2044195436
GL856271.1,Chr3_supercontig_000006749,3,1753,632480315,2044197189
GL856272.1,Chr3_supercontig_000006750,3,4087,632484402,2044201276
GL856273.1,Chr3_supercontig_000006751,3,2998,632487400,2044204274
GL856274.1,Chr3_supercontig_000006752,3,3486,632490886,2044207760
GL856275.1,Chr3_supercontig_000006753,3,4451,632495337,2044212211
GL856276.1,Chr3_supercontig_000006754,3,2403,632497740,2044214614
GL856277.1,Chr3_supercontig_000006755,3,3739,632501479,2044218353
GL856278.1,Chr3_supercontig_000006756,3,2245,632503724,2044220598
GL856279.1,Chr3_supercontig_000006757,3,4423,632508147,2044225021
GL856280.1,Chr3_supercontig_000006758,3,3651,632511798,2044228672
GL856281.1,Chr3_supercontig_000006759,3,2733,632514531,2044231405
GL856282.1,Chr3_supercontig_000006760,3,2224,632516755,2044233629
GL856283.1,Chr3_supercontig_000006761,3,1660,632518415,2044235289
GL856284.1,Chr3_supercontig_000006762,3,2834,632521249,2044238123
GL856285.1,Chr3_supercontig_000006763,3,7325,632528574,2044245448
GL856286.1,Chr3_supercontig_000006764,3,2489,632531063,2044247937
GL856287.1,Chr3_supercontig_000006765,3,9147,632540210,2044257084
GL856288.1,Chr3_supercontig_000006766,3,1628,632541838,2044258712
GL856289.1,Chr3_supercontig_000006767,3,7427,632549265,2044266139
GL856290.1,Chr3_supercontig_000006768,3,3160,632552425,2044269299
GL856291.1,Chr3_supercontig_000006769,3,21472,632573897,2044290771
GL856292.1,Chr3_supercontig_000006770,3,5691,632579588,2044296462
GL856293.1,Chr3_supercontig_000006771,3,7799,632587387,2044304261
GL856294.1,Chr3_supercontig_000006772,3,12461,632599848,2044316722
GL856295.1,Chr3_supercontig_000006773,3,5767,632605615,2044322489
GL856296.1,Chr3_supercontig_000006774,3,27704,632633319,2044350193
GL856297.1,Chr3_supercontig_000006775,3,9705,632643024,2044359898
GL856298.1,Chr3_supercontig_000006776,3,4295,632647319,2044364193
GL856299.1,Chr3_supercontig_000006777,3,11471,632658790,2044375664
GL856300.1,Chr3_supercontig_000006778,3,4947,632663737,2044380611
GL856301.1,Chr3_supercontig_000006779,3,1812,632665549,2044382423
GL856302.1,Chr3_supercontig_000006780,3,5210,632670759,2044387633
GL856303.1,Chr3_supercontig_000006781,3,13952,632684711,2044401585
GL856304.1,Chr3_supercontig_000006782,3,13953,632698664,2044415538
GL856305.1,Chr3_supercontig_000006783,3,20276,632718940,2044435814
GL856306.1,Chr3_supercontig_000006784,3,11582,632730522,2044447396
GL856307.1,Chr3_supercontig_000006785,3,9233,632739755,2044456629
GL856308.1,Chr3_supercontig_000006786,3,1788,632741543,2044458417
GL856309.1,Chr3_supercontig_000006787,3,8420,632749963,2044466837
GL856310.1,Chr3_supercontig_000006788,3,1935,632751898,2044468772
GL856311.1,Chr3_supercontig_000006789,3,1662,632753560,2044470434
GL856312.1,Chr3_supercontig_000006790,3,17142,632770702,2044487576
GL856313.1,Chr3_supercontig_000006791,3,4603,632775305,2044492179
GL856314.1,Chr3_supercontig_000006792,3,9390,632784695,2044501569
GL856315.1,Chr3_supercontig_000006793,3,2184,632786879,2044503753
GL856316.1,Chr3_supercontig_000006794,3,1742,632788621,2044505495
GL856317.1,Chr3_supercontig_000006795,3,10716,632799337,2044516211
GL856318.1,Chr3_supercontig_000006796,3,13888,632813225,2044530099
GL856319.1,Chr3_supercontig_000006797,3,43081,632856306,2044573180
GL856320.1,Chr3_supercontig_000006798,3,5141,632861447,2044578321
GL856321.1,Chr3_supercontig_000006799,3,7955,632869402,2044586276
GL856322.1,Chr3_supercontig_000006800,3,1612,632871014,2044587888
GL856323.1,Chr3_supercontig_000006801,3,4204,632875218,2044592092
GL856324.1,Chr3_supercontig_000006802,3,3736,632878954,2044595828
GL856325.1,Chr3_supercontig_000006803,3,7616,632886570,2044603444
GL856326.1,Chr3_supercontig_000006804,3,2385,632888955,2044605829
GL856327.1,Chr3_supercontig_000006805,3,4494,632893449,2044610323
GL856328.1,Chr3_supercontig_000006806,3,3565,632897014,2044613888
GL856329.1,Chr3_supercontig_000006807,3,5816,632902830,2044619704
GL856330.1,Chr3_supercontig_000006808,3,3821,632906651,2044623525
GL856331.1,Chr3_supercontig_000006809,3,2517,632909168,2044626042
GL856332.1,Chr3_supercontig_000006810,3,4286,632913454,2044630328
GL856333.1,Chr3_supercontig_000006811,3,1844,632915298,2044632172
GL856334.1,Chr3_supercontig_000006812,3,4616,632919914,2044636788
GL856335.1,Chr3_supercontig_000006813,3,2080,632921994,2044638868
GL856336.1,Chr3_supercontig_000006814,3,2287,632924281,2044641155
GL856337.1,Chr3_supercontig_000006815,3,2333,632926614,2044643488
GL856338.1,Chr3_supercontig_000006816,3,2486,632929100,2044645974
GL856339.1,Chr3_supercontig_000006817,3,2884,632931984,2044648858
GL856340.1,Chr3_supercontig_000006818,3,4038,632936022,2044652896
GL856341.1,Chr3_supercontig_000006819,3,1897,632937919,2044654793
GL856342.1,Chr3_supercontig_000006820,3,2646,632940565,2044657439
GL856343.1,Chr3_supercontig_000006821,3,1972,632942537,2044659411
GL856344.1,Chr3_supercontig_000006822,3,4164,632946701,2044663575
GL856345.1,Chr3_supercontig_000006823,3,4239,632950940,2044667814
GL856346.1,Chr3_supercontig_000006824,3,5141,632956081,2044672955
GL856347.1,Chr3_supercontig_000006825,3,4651,632960732,2044677606
GL856348.1,Chr3_supercontig_000006826,3,4268,632965000,2044681874
GL856349.1,Chr3_supercontig_000006827,3,2378,632967378,2044684252
GL856350.1,Chr3_supercontig_000006828,3,2954,632970332,2044687206
GL856351.1,Chr3_supercontig_000006829,3,4614,632974946,2044691820
GL856352.1,Chr3_supercontig_000006830,3,2264,632977210,2044694084
GL856353.1,Chr3_supercontig_000006831,3,8648,632985858,2044702732
GL856354.1,Chr3_supercontig_000006832,3,4876,632990734,2044707608
GL856355.1,Chr3_supercontig_000006833,3,1680,632992414,2044709288
GL856356.1,Chr3_supercontig_000006834,3,17942,633010356,2044727230
GL856357.1,Chr3_supercontig_000006835,3,2478,633012834,2044729708
GL856358.1,Chr3_supercontig_000006836,3,3208,633016042,2044732916
GL856359.1,Chr3_supercontig_000006837,3,3933,633019975,2044736849
GL856360.1,Chr3_supercontig_000006838,3,5572,633025547,2044742421
GL856361.1,Chr3_supercontig_000006839,3,8060,633033607,2044750481
GL856362.1,Chr3_supercontig_000006840,3,12347,633045954,2044762828
GL856363.1,Chr3_supercontig_000006841,3,5723,633051677,2044768551
GL856364.1,Chr3_supercontig_000006842,3,10010,633061687,2044778561
GL856365.1,Chr3_supercontig_000006843,3,8950,633070637,2044787511
GL856366.1,Chr3_supercontig_000006844,3,5888,633076525,2044793399
GL856367.1,Chr3_supercontig_000006845,3,5411,633081936,2044798810
GL856368.1,Chr3_supercontig_000006846,3,5228,633087164,2044804038
GL856369.1,Chr3_supercontig_000006847,3,13242,633100406,2044817280
GL856370.1,Chr3_supercontig_000006848,3,10834,633111240,2044828114
GL856371.1,Chr3_supercontig_000006849,3,5381,633116621,2044833495
GL856372.1,Chr3_supercontig_000006850,3,5154,633121775,2044838649
GL856373.1,Chr3_supercontig_000006851,3,5941,633127716,2044844590
GL856374.1,Chr3_supercontig_000006852,3,13975,633141691,2044858565
GL856375.1,Chr3_supercontig_000006853,3,6756,633148447,2044865321
GL856376.1,Chr3_supercontig_000006854,3,5951,633154398,2044871272
GL856377.1,Chr3_supercontig_000006855,3,7312,633161710,2044878584
GL856378.1,Chr3_supercontig_000006856,3,9570,633171280,2044888154
GL856379.1,Chr3_supercontig_000006857,3,9665,633180945,2044897819
GL856380.1,Chr3_supercontig_000006858,3,5544,633186489,2044903363
GL856381.1,Chr3_supercontig_000006859,3,6410,633192899,2044909773
GL856382.1,Chr3_supercontig_000006860,3,5412,633198311,2044915185
GL856383.1,Chr3_supercontig_000006861,3,6916,633205227,2044922101
GL856384.1,Chr3_supercontig_000006862,3,16950,633222177,2044939051
GL856385.1,Chr3_supercontig_000006863,3,5869,633228046,2044944920
GL856386.1,Chr3_supercontig_000006864,3,8372,633236418,2044953292
GL856387.1,Chr3_supercontig_000006865,3,7328,633243746,2044960620
GL856388.1,Chr3_supercontig_000006866,3,13807,633257553,2044974427
GL856389.1,Chr3_supercontig_000006867,3,23953,633281506,2044998380
GL856390.1,Chr3_supercontig_000006868,3,10094,633291600,2045008474
GL856391.1,Chr3_supercontig_000006869,3,5046,633296646,2045013520
GL856392.1,Chr3_supercontig_000006870,3,14024,633310670,2045027544
GL856393.1,Chr3_supercontig_000006871,3,5891,633316561,2045033435
GL856394.1,Chr3_supercontig_000006872,3,6549,633323110,2045039984
GL856395.1,Chr3_supercontig_000006873,3,8891,633332001,2045048875
GL856396.1,Chr3_supercontig_000006874,3,12882,633344883,2045061757
GL856397.1,Chr3_supercontig_000006875,3,5357,633350240,2045067114
GL856398.1,Chr3_supercontig_000006876,3,7385,633357625,2045074499
GL856399.1,Chr3_supercontig_000006877,3,5037,633362662,2045079536
GL856400.1,Chr3_supercontig_000006878,3,13976,633376638,2045093512
GL856401.1,Chr3_supercontig_000006879,3,10517,633387155,2045104029
GL856402.1,Chr3_supercontig_000006880,3,11705,633398860,2045115734
GL856403.1,Chr3_supercontig_000006881,3,28508,633427368,2045144242
GL856404.1,Chr3_supercontig_000006882,3,5230,633432598,2045149472
GL856405.1,Chr3_supercontig_000006883,3,7337,633439935,2045156809
GL856406.1,Chr3_supercontig_000006884,3,14493,633454428,2045171302
GL856407.1,Chr3_supercontig_000006885,3,9694,633464122,2045180996
GL856408.1,Chr3_supercontig_000006886,3,8786,633472908,2045189782
GL856409.1,Chr3_supercontig_000006887,3,13804,633486712,2045203586
GL856410.1,Chr3_supercontig_000006888,3,14061,633500773,2045217647
GL856411.1,Chr3_supercontig_000006889,3,6222,633506995,2045223869
GL856412.1,Chr3_supercontig_000006890,3,17441,633524436,2045241310
GL856413.1,Chr3_supercontig_000006891,3,7444,633531880,2045248754
GL856414.1,Chr3_supercontig_000006892,3,7427,633539307,2045256181
GL856415.1,Chr3_supercontig_000006893,3,23327,633562634,2045279508
GL856416.1,Chr3_supercontig_000006894,3,16905,633579539,2045296413
GL856417.1,Chr3_supercontig_000006895,3,8354,633587893,2045304767
GL856418.1,Chr3_supercontig_000006896,3,7835,633595728,2045312602
GL856419.1,Chr3_supercontig_000006897,3,8439,633604167,2045321041
GL856420.1,Chr3_supercontig_000006898,3,6082,633610249,2045327123
GL856421.1,Chr3_supercontig_000006899,3,7376,633617625,2045334499
GL856422.1,Chr3_supercontig_000006900,3,5434,633623059,2045339933
GL856423.1,Chr3_supercontig_000006901,3,5835,633628894,2045345768
GL856424.1,Chr3_supercontig_000006902,3,15074,633643968,2045360842
GL856425.1,Chr3_supercontig_000006903,3,26004,633669972,2045386846
GL856426.1,Chr3_supercontig_000006904,3,10041,633680013,2045396887
GL856427.1,Chr3_supercontig_000006905,3,10768,633690781,2045407655
GL856428.1,Chr3_supercontig_000006906,3,23345,633714126,2045431000
GL856429.1,Chr3_supercontig_000006907,3,16786,633730912,2045447786
GL856430.1,Chr3_supercontig_000006908,3,6063,633736975,2045453849
GL856431.1,Chr3_supercontig_000006909,3,16213,633753188,2045470062
GL856432.1,Chr3_supercontig_000006910,3,9649,633762837,2045479711
GL856433.1,Chr3_supercontig_000006911,3,28978,633791815,2045508689
GL856434.1,Chr3_supercontig_000006912,3,6264,633798079,2045514953
GL856435.1,Chr3_supercontig_000006913,3,8911,633806990,2045523864
GL856436.1,Chr3_supercontig_000006914,3,5311,633812301,2045529175
GL856437.1,Chr3_supercontig_000006915,3,5881,633818182,2045535056
GL856438.1,Chr3_supercontig_000006916,3,6067,633824249,2045541123
GL856439.1,Chr3_supercontig_000006917,3,1571,633825820,2045542694
GL856440.1,Chr3_supercontig_000006918,3,1673,633827493,2045544367
GL856441.1,Chr3_supercontig_000006919,3,2717,633830210,2045547084
GL856442.1,Chr3_supercontig_000006920,3,1578,633831788,2045548662
GL856443.1,Chr3_supercontig_000006921,3,1696,633833484,2045550358
GL856444.1,Chr3_supercontig_000006922,3,1559,633835043,2045551917
GL856445.1,Chr3_supercontig_000006923,3,1526,633836569,2045553443
GL856446.1,Chr3_supercontig_000006924,3,1666,633838235,2045555109
GL856447.1,Chr3_supercontig_000006925,3,3050,633841285,2045558159
GL856448.1,Chr3_supercontig_000006926,3,1639,633842924,2045559798
GL856449.1,Chr3_supercontig_000006927,3,1615,633844539,2045561413
GL856450.1,Chr3_supercontig_000006928,3,2635,633847174,2045564048
GL856451.1,Chr3_supercontig_000006929,3,1527,633848701,2045565575
GL856452.1,Chr3_supercontig_000006930,3,1634,633850335,2045567209
GL856453.1,Chr3_supercontig_000006931,3,1664,633851999,2045568873
GL856454.1,Chr3_supercontig_000006932,3,1571,633853570,2045570444
GL856455.1,Chr3_supercontig_000006933,3,1630,633855200,2045572074
GL856456.1,Chr3_supercontig_000006934,3,1719,633856919,2045573793
GL856457.1,Chr3_supercontig_000006935,3,1778,633858697,2045575571
GL856458.1,Chr3_supercontig_000006936,3,1503,633860200,2045577074
GL856459.1,Chr3_supercontig_000006937,3,2645,633862845,2045579719
GL856460.1,Chr3_supercontig_000006938,3,10167,633873012,2045589886
GL856461.1,Chr3_supercontig_000006939,3,2319,633875331,2045592205
GL856462.1,Chr3_supercontig_000006940,3,1969,633877300,2045594174
GL856463.1,Chr3_supercontig_000006941,3,1631,633878931,2045595805
GL856464.1,Chr3_supercontig_000006942,3,2379,633881310,2045598184
GL856465.1,Chr3_supercontig_000006943,3,4003,633885313,2045602187
GL856466.1,Chr3_supercontig_000006944,3,1587,633886900,2045603774
GL856467.1,Chr3_supercontig_000006945,3,1717,633888617,2045605491
GL856468.1,Chr3_supercontig_000006946,3,1772,633890389,2045607263
GL856469.1,Chr3_supercontig_000006947,3,1651,633892040,2045608914
GL856470.1,Chr3_supercontig_000006948,3,2205,633894245,2045611119
GL856471.1,Chr3_supercontig_000006949,3,1857,633896102,2045612976
GL856472.1,Chr3_supercontig_000006950,3,1831,633897933,2045614807
GL856473.1,Chr3_supercontig_000006951,3,1682,633899615,2045616489
GL856474.1,Chr3_supercontig_000006952,3,1743,633901358,2045618232
GL856475.1,Chr3_supercontig_000006953,3,1674,633903032,2045619906
GL856476.1,Chr3_supercontig_000006954,3,2811,633905843,2045622717
GL856477.1,Chr3_supercontig_000006955,3,1642,633907485,2045624359
GL856478.1,Chr3_supercontig_000006956,3,1747,633909232,2045626106
GL856479.1,Chr3_supercontig_000006957,3,1605,633910837,2045627711
GL856480.1,Chr3_supercontig_000006958,3,1685,633912522,2045629396
GL856481.1,Chr3_supercontig_000006959,3,1678,633914200,2045631074
GL856482.1,Chr3_supercontig_000006960,3,1714,633915914,2045632788
GL856483.1,Chr3_supercontig_000006961,3,2709,633918623,2045635497
GL856484.1,Chr3_supercontig_000006962,3,1871,633920494,2045637368
GL856485.1,Chr3_supercontig_000006963,3,1863,633922357,2045639231
GL856486.1,Chr3_supercontig_000006964,3,1805,633924162,2045641036
GL856487.1,Chr3_supercontig_000006965,3,4226,633928388,2045645262
GL856488.1,Chr3_supercontig_000006966,3,2137,633930525,2045647399
GL856489.1,Chr3_supercontig_000006967,3,2083,633932608,2045649482
GL856490.1,Chr3_supercontig_000006968,3,1584,633934192,2045651066
GL856491.1,Chr3_supercontig_000006969,3,1810,633936002,2045652876
GL856492.1,Chr3_supercontig_000006970,3,1726,633937728,2045654602
GL856493.1,Chr3_supercontig_000006971,3,1722,633939450,2045656324
GL856494.1,Chr3_supercontig_000006972,3,1775,633941225,2045658099
GL856495.1,Chr3_supercontig_000006973,3,4340,633945565,2045662439
GL856496.1,Chr3_supercontig_000006974,3,2034,633947599,2045664473
GL856497.1,Chr3_supercontig_000006975,3,1562,633949161,2045666035
GL856498.1,Chr3_supercontig_000006976,3,2321,633951482,2045668356
GL856499.1,Chr3_supercontig_000006977,3,1546,633953028,2045669902
GL856500.1,Chr3_supercontig_000006978,3,2040,633955068,2045671942
GL856501.1,Chr3_supercontig_000006979,3,1622,633956690,2045673564
GL856502.1,Chr3_supercontig_000006980,3,1659,633958349,2045675223
GL856503.1,Chr3_supercontig_000006981,3,3444,633961793,2045678667
GL856504.1,Chr3_supercontig_000006982,3,1631,633963424,2045680298
GL856505.1,Chr3_supercontig_000006983,3,2413,633965837,2045682711
GL856506.1,Chr3_supercontig_000006984,3,1978,633967815,2045684689
GL856507.1,Chr3_supercontig_000006985,3,1614,633969429,2045686303
GL856508.1,Chr3_supercontig_000006986,3,1713,633971142,2045688016
GL856509.1,Chr3_supercontig_000006987,3,1580,633972722,2045689596
GL856510.1,Chr3_supercontig_000006988,3,1557,633974279,2045691153
GL856511.1,Chr3_supercontig_000006989,3,1863,633976142,2045693016
GL856512.1,Chr3_supercontig_000006990,3,1727,633977869,2045694743
GL856513.1,Chr3_supercontig_000006991,3,1683,633979552,2045696426
GL856514.1,Chr3_supercontig_000006992,3,1711,633981263,2045698137
GL856515.1,Chr3_supercontig_000006993,3,1641,633982904,2045699778
GL856516.1,Chr3_supercontig_000006994,3,2585,633985489,2045702363
GL856517.1,Chr3_supercontig_000006995,3,1502,633986991,2045703865
GL856518.1,Chr3_supercontig_000006996,3,2877,633989868,2045706742
GL856519.1,Chr3_supercontig_000006997,3,1701,633991569,2045708443
GL856520.1,Chr3_supercontig_000006998,3,2190,633993759,2045710633
GL856521.1,Chr3_supercontig_000006999,3,1654,633995413,2045712287
GL856522.1,Chr3_supercontig_000007000,3,1529,633996942,2045713816
GL856523.1,Chr3_supercontig_000007001,3,1657,633998599,2045715473
GL856524.1,Chr3_supercontig_000007002,3,1653,634000252,2045717126
GL856525.1,Chr3_supercontig_000007003,3,1632,634001884,2045718758
GL856526.1,Chr3_supercontig_000007004,3,2445,634004329,2045721203
GL856527.1,Chr3_supercontig_000007005,3,2020,634006349,2045723223
GL856528.1,Chr3_supercontig_000007006,3,1613,634007962,2045724836
GL856529.1,Chr3_supercontig_000007007,3,1553,634009515,2045726389
GL856530.1,Chr3_supercontig_000007008,3,1548,634011063,2045727937
GL856531.1,Chr3_supercontig_000007009,3,2091,634013154,2045730028
GL856532.1,Chr3_supercontig_000007010,3,2535,634015689,2045732563
GL856533.1,Chr3_supercontig_000007011,3,1684,634017373,2045734247
GL856534.1,Chr3_supercontig_000007012,3,1505,634018878,2045735752
GL856535.1,Chr3_supercontig_000007013,3,1772,634020650,2045737524
GL856536.1,Chr3_supercontig_000007014,3,1870,634022520,2045739394
GL856537.1,Chr3_supercontig_000007015,3,1741,634024261,2045741135
GL856538.1,Chr3_supercontig_000007016,3,1816,634026077,2045742951
GL856539.1,Chr3_supercontig_000007017,3,1647,634027724,2045744598
GL856540.1,Chr3_supercontig_000007018,3,2050,634029774,2045746648
GL856541.1,Chr3_supercontig_000007019,3,1581,634031355,2045748229
GL856542.1,Chr3_supercontig_000007020,3,1637,634032992,2045749866
GL856543.1,Chr3_supercontig_000007021,3,2093,634035085,2045751959
GL856544.1,Chr3_supercontig_000007022,3,2294,634037379,2045754253
GL856545.1,Chr3_supercontig_000007023,3,1505,634038884,2045755758
GL856546.1,Chr3_supercontig_000007024,3,1610,634040494,2045757368
GL856547.1,Chr3_supercontig_000007025,3,2666,634043160,2045760034
GL856548.1,Chr3_supercontig_000007026,3,1616,634044776,2045761650
GL856549.1,Chr3_supercontig_000007027,3,1920,634046696,2045763570
GL856550.1,Chr3_supercontig_000007028,3,2453,634049149,2045766023
GL856551.1,Chr3_supercontig_000007029,3,1772,634050921,2045767795
GL856552.1,Chr3_supercontig_000007030,3,2660,634053581,2045770455
GL856553.1,Chr3_supercontig_000007031,3,1670,634055251,2045772125
GL856554.1,Chr3_supercontig_000007032,3,2864,634058115,2045774989
GL856555.1,Chr3_supercontig_000007033,3,3542,634061657,2045778531
GL856556.1,Chr3_supercontig_000007034,3,1923,634063580,2045780454
GL856557.1,Chr3_supercontig_000007035,3,1571,634065151,2045782025
GL856558.1,Chr3_supercontig_000007036,3,1722,634066873,2045783747
GL856559.1,Chr3_supercontig_000007037,3,2084,634068957,2045785831
GL856560.1,Chr3_supercontig_000007038,3,2436,634071393,2045788267
GL856561.1,Chr3_supercontig_000007039,3,1841,634073234,2045790108
GL856562.1,Chr3_supercontig_000007040,3,1533,634074767,2045791641
GL856563.1,Chr3_supercontig_000007041,3,2060,634076827,2045793701
GL856564.1,Chr3_supercontig_000007042,3,3272,634080099,2045796973
GL856565.1,Chr3_supercontig_000007043,3,2919,634083018,2045799892
GL856566.1,Chr3_supercontig_000007044,3,1642,634084660,2045801534
GL856567.1,Chr3_supercontig_000007045,3,3030,634087690,2045804564
GL856568.1,Chr3_supercontig_000007046,3,2031,634089721,2045806595
GL856569.1,Chr3_supercontig_000007047,3,2672,634092393,2045809267
GL856570.1,Chr3_supercontig_000007048,3,1529,634093922,2045810796
GL856571.1,Chr3_supercontig_000007049,3,1502,634095424,2045812298
GL856572.1,Chr3_supercontig_000007050,3,2975,634098399,2045815273
GL856573.1,Chr3_supercontig_000007051,3,1633,634100032,2045816906
GL856574.1,Chr3_supercontig_000007052,3,1528,634101560,2045818434
GL856575.1,Chr3_supercontig_000007053,3,1618,634103178,2045820052
GL856576.1,Chr3_supercontig_000007054,3,2185,634105363,2045822237
GL856577.1,Chr3_supercontig_000007055,3,3222,634108585,2045825459
GL856578.1,Chr3_supercontig_000007056,3,2934,634111519,2045828393
GL856579.1,Chr3_supercontig_000007057,3,1525,634113044,2045829918
GL856580.1,Chr3_supercontig_000007058,3,1563,634114607,2045831481
GL856581.1,Chr3_supercontig_000007059,3,1608,634116215,2045833089
GL856582.1,Chr3_supercontig_000007060,3,1815,634118030,2045834904
GL856583.1,Chr3_supercontig_000007061,3,1683,634119713,2045836587
GL856584.1,Chr3_supercontig_000007062,3,1655,634121368,2045838242
GL856585.1,Chr3_supercontig_000007063,3,1864,634123232,2045840106
GL856586.1,Chr3_supercontig_000007064,3,1626,634124858,2045841732
GL856587.1,Chr3_supercontig_000007065,3,4557,634129415,2045846289
GL856588.1,Chr3_supercontig_000007066,3,1963,634131378,2045848252
GL856589.1,Chr3_supercontig_000007067,3,1920,634133298,2045850172
GL856590.1,Chr3_supercontig_000007068,3,1605,634134903,2045851777
GL856591.1,Chr3_supercontig_000007069,3,1597,634136500,2045853374
GL856592.1,Chr3_supercontig_000007070,3,1839,634138339,2045855213
GL856593.1,Chr3_supercontig_000007071,3,1944,634140283,2045857157
GL856594.1,Chr3_supercontig_000007072,3,1500,634141783,2045858657
GL856595.1,Chr3_supercontig_000007073,3,1688,634143471,2045860345
GL856596.1,Chr3_supercontig_000007074,3,1552,634145023,2045861897
GL856597.1,Chr3_supercontig_000007075,3,1969,634146992,2045863866
GL856598.1,Chr3_supercontig_000007076,3,1880,634148872,2045865746
GL856599.1,Chr3_supercontig_000007077,3,1704,634150576,2045867450
GL856600.1,Chr3_supercontig_000007078,3,1634,634152210,2045869084
GL856601.1,Chr3_supercontig_000007079,3,1729,634153939,2045870813
GL856602.1,Chr3_supercontig_000007080,3,1712,634155651,2045872525
GL856603.1,Chr3_supercontig_000007081,3,2005,634157656,2045874530
GL856604.1,Chr3_supercontig_000007082,3,1800,634159456,2045876330
GL856605.1,Chr3_supercontig_000007083,3,1955,634161411,2045878285
GL856606.1,Chr3_supercontig_000007084,3,1770,634163181,2045880055
GL856607.1,Chr3_supercontig_000007085,3,1573,634164754,2045881628
GL856608.1,Chr3_supercontig_000007086,3,1865,634166619,2045883493
GL856609.1,Chr3_supercontig_000007087,3,1757,634168376,2045885250
GL856610.1,Chr3_supercontig_000007088,3,1529,634169905,2045886779
GL856611.1,Chr3_supercontig_000007089,3,2282,634172187,2045889061
GL856612.1,Chr3_supercontig_000007090,3,2543,634174730,2045891604
GL856613.1,Chr3_supercontig_000007091,3,1757,634176487,2045893361
GL856614.1,Chr3_supercontig_000007092,3,1779,634178266,2045895140
GL856615.1,Chr3_supercontig_000007093,3,2082,634180348,2045897222
GL856616.1,Chr3_supercontig_000007094,3,2134,634182482,2045899356
GL856617.1,Chr3_supercontig_000007095,3,1678,634184160,2045901034
GL856618.1,Chr3_supercontig_000007096,3,2017,634186177,2045903051
GL856619.1,Chr3_supercontig_000007097,3,1519,634187696,2045904570
GL856620.1,Chr3_supercontig_000007098,3,1659,634189355,2045906229
GL856621.1,Chr3_supercontig_000007099,3,1595,634190950,2045907824
GL856622.1,Chr3_supercontig_000007100,3,1726,634192676,2045909550
GL856623.1,Chr3_supercontig_000007101,3,1533,634194209,2045911083
GL856624.1,Chr3_supercontig_000007102,3,1566,634195775,2045912649
GL856625.1,Chr3_supercontig_000007103,3,2007,634197782,2045914656
GL856626.1,Chr3_supercontig_000007104,3,1614,634199396,2045916270
GL856627.1,Chr3_supercontig_000007105,3,2273,634201669,2045918543
GL856628.1,Chr3_supercontig_000007106,3,1816,634203485,2045920359
GL856629.1,Chr3_supercontig_000007107,3,1913,634205398,2045922272
GL856630.1,Chr3_supercontig_000007108,3,1725,634207123,2045923997
GL856631.1,Chr3_supercontig_000007109,3,1683,634208806,2045925680
GL856632.1,Chr3_supercontig_000007110,3,1700,634210506,2045927380
GL856633.1,Chr3_supercontig_000007111,3,1858,634212364,2045929238
GL856634.1,Chr3_supercontig_000007112,3,2189,634214553,2045931427
GL856635.1,Chr3_supercontig_000007113,3,1526,634216079,2045932953
GL856636.1,Chr3_supercontig_000007114,3,1570,634217649,2045934523
GL856637.1,Chr3_supercontig_000007115,3,1547,634219196,2045936070
GL856638.1,Chr3_supercontig_000007116,3,1695,634220891,2045937765
GL856639.1,Chr3_supercontig_000007117,3,1806,634222697,2045939571
GL856640.1,Chr3_supercontig_000007118,3,1737,634224434,2045941308
GL856641.1,Chr3_supercontig_000007119,3,2478,634226912,2045943786
GL856642.1,Chr3_supercontig_000007120,3,2091,634229003,2045945877
GL856643.1,Chr3_supercontig_000007121,3,1561,634230564,2045947438
GL856644.1,Chr3_supercontig_000007122,3,2032,634232596,2045949470
GL856645.1,Chr3_supercontig_000007123,3,1974,634234570,2045951444
GL856646.1,Chr3_supercontig_000007124,3,1894,634236464,2045953338
GL856647.1,Chr3_supercontig_000007125,3,1737,634238201,2045955075
GL856648.1,Chr3_supercontig_000007126,3,1557,634239758,2045956632
GL856649.1,Chr3_supercontig_000007127,3,3969,634243727,2045960601
GL856650.1,Chr3_supercontig_000007128,3,3393,634247120,2045963994
GL856651.1,Chr3_supercontig_000007129,3,2234,634249354,2045966228
GL856652.1,Chr3_supercontig_000007130,3,2364,634251718,2045968592
GL856653.1,Chr3_supercontig_000007131,3,3630,634255348,2045972222
GL856654.1,Chr3_supercontig_000007132,3,1507,634256855,2045973729
GL856655.1,Chr3_supercontig_000007133,3,2772,634259627,2045976501
GL856656.1,Chr3_supercontig_000007134,3,2726,634262353,2045979227
GL856657.1,Chr3_supercontig_000007135,3,3932,634266285,2045983159
GL856658.1,Chr3_supercontig_000007136,3,3544,634269829,2045986703
GL856659.1,Chr3_supercontig_000007137,3,1824,634271653,2045988527
GL856660.1,Chr3_supercontig_000007138,3,1870,634273523,2045990397
GL856661.1,Chr3_supercontig_000007139,3,2414,634275937,2045992811
GL856662.1,Chr3_supercontig_000007140,3,4011,634279948,2045996822
GL856663.1,Chr3_supercontig_000007141,3,1833,634281781,2045998655
GL856664.1,Chr3_supercontig_000007142,3,7851,634289632,2046006506
GL856665.1,Chr3_supercontig_000007143,3,1833,634291465,2046008339
GL856666.1,Chr3_supercontig_000007144,3,3474,634294939,2046011813
GL856667.1,Chr3_supercontig_000007145,3,1827,634296766,2046013640
GL856668.1,Chr3_supercontig_000007146,3,3397,634300163,2046017037
GL856669.1,Chr3_supercontig_000007147,3,1893,634302056,2046018930
GL856670.1,Chr3_supercontig_000007148,3,2192,634304248,2046021122
GL856671.1,Chr3_supercontig_000007149,3,3326,634307574,2046024448
GL856672.1,Chr3_supercontig_000007150,3,3305,634310879,2046027753
GL856673.1,Chr3_supercontig_000007151,3,4027,634314906,2046031780
GL856674.1,Chr3_supercontig_000007152,3,1619,634316525,2046033399
GL856675.1,Chr3_supercontig_000007153,3,1851,634318376,2046035250
GL856676.1,Chr3_supercontig_000007154,3,2602,634320978,2046037852
GL856677.1,Chr3_supercontig_000007155,3,3356,634324334,2046041208
GL856678.1,Chr3_supercontig_000007156,3,1901,634326235,2046043109
GL856679.1,Chr3_supercontig_000007157,3,2151,634328386,2046045260
GL856680.1,Chr3_supercontig_000007158,3,5227,634333613,2046050487
GL856681.1,Chr3_supercontig_000007159,3,3018,634336631,2046053505
GL856682.1,Chr3_supercontig_000007160,3,1847,634338478,2046055352
GL856683.1,Chr3_supercontig_000007161,3,3262,634341740,2046058614
GL856684.1,Chr3_supercontig_000007162,3,1810,634343550,2046060424
GL856685.1,Chr3_supercontig_000007163,3,1798,634345348,2046062222
GL856686.1,Chr3_supercontig_000007164,3,1834,634347182,2046064056
GL856687.1,Chr3_supercontig_000007165,3,1980,634349162,2046066036
GL856688.1,Chr3_supercontig_000007166,3,1785,634350947,2046067821
GL856689.1,Chr3_supercontig_000007167,3,1686,634352633,2046069507
GL856690.1,Chr3_supercontig_000007168,3,3488,634356121,2046072995
GL856691.1,Chr3_supercontig_000007169,3,2295,634358416,2046075290
GL856692.1,Chr3_supercontig_000007170,3,1831,634360247,2046077121
GL856693.1,Chr3_supercontig_000007171,3,2232,634362479,2046079353
GL856694.1,Chr3_supercontig_000007172,3,1807,634364286,2046081160
GL856695.1,Chr3_supercontig_000007173,3,4793,634369079,2046085953
GL856696.1,Chr3_supercontig_000007174,3,2550,634371629,2046088503
GL856697.1,Chr3_supercontig_000007175,3,1558,634373187,2046090061
GL856698.1,Chr3_supercontig_000007176,3,1754,634374941,2046091815
GL856699.1,Chr3_supercontig_000007177,3,1560,634376501,2046093375
GL856700.1,Chr3_supercontig_000007178,3,3501,634380002,2046096876
GL856701.1,Chr3_supercontig_000007179,3,1511,634381513,2046098387
GL856702.1,Chr3_supercontig_000007180,3,4244,634385757,2046102631
GL856703.1,Chr3_supercontig_000007181,3,2803,634388560,2046105434
GL856704.1,Chr3_supercontig_000007182,3,1636,634390196,2046107070
GL856705.1,Chr3_supercontig_000007183,3,6831,634397027,2046113901
GL856706.1,Chr3_supercontig_000007184,3,2555,634399582,2046116456
GL856707.1,Chr3_supercontig_000007185,3,1557,634401139,2046118013
GL856708.1,Chr3_supercontig_000007186,3,2272,634403411,2046120285
GL856709.1,Chr3_supercontig_000007187,3,2163,634405574,2046122448
GL856710.1,Chr3_supercontig_000007188,3,2231,634407805,2046124679
GL856711.1,Chr3_supercontig_000007189,3,2227,634410032,2046126906
GL856712.1,Chr3_supercontig_000007190,3,1787,634411819,2046128693
GL856713.1,Chr3_supercontig_000007191,3,1651,634413470,2046130344
GL856714.1,Chr3_supercontig_000007192,3,1784,634415254,2046132128
GL856715.1,Chr3_supercontig_000007193,3,1922,634417176,2046134050
GL856716.1,Chr3_supercontig_000007194,3,1609,634418785,2046135659
GL856717.1,Chr3_supercontig_000007195,3,1822,634420607,2046137481
GL856718.1,Chr3_supercontig_000007196,3,2187,634422794,2046139668
GL856719.1,Chr4_supercontig_000000000,4,2067615,2067615,2048207283
GL856720.1,Chr4_supercontig_000000001,4,343506,2411121,2048550789
GL856721.1,Chr4_supercontig_000000002,4,608250,3019371,2049159039
GL856722.1,Chr4_supercontig_000000003,4,421203,3440574,2049580242
GL856723.1,Chr4_supercontig_000000004,4,1539737,4980311,2051119979
GL856724.1,Chr4_supercontig_000000005,4,860141,5840452,2051980120
GL856725.1,Chr4_supercontig_000000006,4,881976,6722428,2052862096
GL856726.1,Chr4_supercontig_000000007,4,407186,7129614,2053269282
GL856727.1,Chr4_supercontig_000000008,4,1377435,8507049,2054646717
GL856728.1,Chr4_supercontig_000000009,4,623014,9130063,2055269731
GL856729.1,Chr4_supercontig_000000010,4,55248,9185311,2055324979
GL856730.1,Chr4_supercontig_000000011,4,4091986,13277297,2059416965
GL856731.1,Chr4_supercontig_000000012,4,1245718,14523015,2060662683
GL856732.1,Chr4_supercontig_000000013,4,2007847,16530862,2062670530
GL856733.1,Chr4_supercontig_000000014,4,1262089,17792951,2063932619
GL856734.1,Chr4_supercontig_000000015,4,3087718,20880669,2067020337
GL856735.1,Chr4_supercontig_000000016,4,436116,21316785,2067456453
GL856736.1,Chr4_supercontig_000000017,4,4338224,25655009,2071794677
GL856737.1,Chr4_supercontig_000000018,4,663995,26319004,2072458672
GL856738.1,Chr4_supercontig_000000019,4,1122218,27441222,2073580890
GL856739.1,Chr4_supercontig_000000020,4,2794859,30236081,2076375749
GL856740.1,Chr4_supercontig_000000021,4,1836003,32072084,2078211752
GL856741.1,Chr4_supercontig_000000022,4,262387,32334471,2078474139
GL856742.1,Chr4_supercontig_000000023,4,420802,32755273,2078894941
GL856743.1,Chr4_supercontig_000000024,4,1605999,34361272,2080500940
GL856744.1,Chr4_supercontig_000000025,4,101193,34462465,2080602133
GL856745.1,Chr4_supercontig_000000026,4,3792145,38254610,2084394278
GL856746.1,Chr4_supercontig_000000027,4,4597781,42852391,2088992059
GL856747.1,Chr4_supercontig_000000028,4,2089399,44941790,2091081458
GL856748.1,Chr4_supercontig_000000029,4,2413889,47355679,2093495347
GL856749.1,Chr4_supercontig_000000030,4,5126248,52481927,2098621595
GL856750.1,Chr4_supercontig_000000031,4,228127,52710054,2098849722
GL856751.1,Chr4_supercontig_000000032,4,4161164,56871218,2103010886
GL856752.1,Chr4_supercontig_000000033,4,2579136,59450354,2105590022
GL856753.1,Chr4_supercontig_000000034,4,1179214,60629568,2106769236
GL856754.1,Chr4_supercontig_000000035,4,2572072,63201640,2109341308
GL856755.1,Chr4_supercontig_000000036,4,943704,64145344,2110285012
GL856756.1,Chr4_supercontig_000000037,4,1483972,65629316,2111768984
GL856757.1,Chr4_supercontig_000000038,4,2413159,68042475,2114182143
GL856758.1,Chr4_supercontig_000000039,4,2972275,71014750,2117154418
GL856759.1,Chr4_supercontig_000000040,4,103147,71117897,2117257565
GL856760.1,Chr4_supercontig_000000041,4,907857,72025754,2118165422
GL856761.1,Chr4_supercontig_000000042,4,301107,72326861,2118466529
GL856762.1,Chr4_supercontig_000000043,4,396434,72723295,2118862963
GL856763.1,Chr4_supercontig_000000044,4,429399,73152694,2119292362
GL856764.1,Chr4_supercontig_000000045,4,1057286,74209980,2120349648
GL856765.1,Chr4_supercontig_000000046,4,341977,74551957,2120691625
GL856766.1,Chr4_supercontig_000000047,4,1223979,75775936,2121915604
GL856767.1,Chr4_supercontig_000000048,4,2307597,78083533,2124223201
GL856768.1,Chr4_supercontig_000000049,4,110167,78193700,2124333368
GL856769.1,Chr4_supercontig_000000050,4,1174610,79368310,2125507978
GL856770.1,Chr4_supercontig_000000051,4,564264,79932574,2126072242
GL856771.1,Chr4_supercontig_000000052,4,181339,80113913,2126253581
GL856772.1,Chr4_supercontig_000000053,4,2515304,82629217,2128768885
GL856773.1,Chr4_supercontig_000000054,4,1657240,84286457,2130426125
GL856774.1,Chr4_supercontig_000000055,4,77065,84363522,2130503190
GL856775.1,Chr4_supercontig_000000056,4,161602,84525124,2130664792
GL856776.1,Chr4_supercontig_000000057,4,2733437,87258561,2133398229
GL856777.1,Chr4_supercontig_000000058,4,371784,87630345,2133770013
GL856778.1,Chr4_supercontig_000000059,4,53376,87683721,2133823389
GL856779.1,Chr4_supercontig_000000060,4,3959369,91643090,2137782758
GL856780.1,Chr4_supercontig_000000061,4,820608,92463698,2138603366
GL856781.1,Chr4_supercontig_000000062,4,640553,93104251,2139243919
GL856782.1,Chr4_supercontig_000000063,4,307605,93411856,2139551524
GL856783.1,Chr4_supercontig_000000064,4,1211174,94623030,2140762698
GL856784.1,Chr4_supercontig_000000065,4,1973541,96596571,2142736239
GL856785.1,Chr4_supercontig_000000066,4,4502903,101099474,2147239142
GL856786.1,Chr4_supercontig_000000067,4,4048845,105148319,2151287987
GL856787.1,Chr4_supercontig_000000068,4,4943,105153262,2151292930
GL856788.1,Chr4_supercontig_000000069,4,475408,105628670,2151768338
GL856789.1,Chr4_supercontig_000000070,4,45258,105673928,2151813596
GL856790.1,Chr4_supercontig_000000071,4,1199192,106873120,2153012788
GL856791.1,Chr4_supercontig_000000072,4,1854458,108727578,2154867246
GL856792.1,Chr4_supercontig_000000073,4,415650,109143228,2155282896
GL856793.1,Chr4_supercontig_000000074,4,1490511,110633739,2156773407
GL856794.1,Chr4_supercontig_000000075,4,529585,111163324,2157302992
GL856795.1,Chr4_supercontig_000000076,4,911165,112074489,2158214157
GL856796.1,Chr4_supercontig_000000077,4,2943949,115018438,2161158106
GL856797.1,Chr4_supercontig_000000078,4,1929491,116947929,2163087597
GL856798.1,Chr4_supercontig_000000079,4,247561,117195490,2163335158
GL856799.1,Chr4_supercontig_000000080,4,1150337,118345827,2164485495
GL856800.1,Chr4_supercontig_000000081,4,2193259,120539086,2166678754
GL856801.1,Chr4_supercontig_000000082,4,1350927,121890013,2168029681
GL856802.1,Chr4_supercontig_000000083,4,2941577,124831590,2170971258
GL856803.1,Chr4_supercontig_000000084,4,1311146,126142736,2172282404
GL856804.1,Chr4_supercontig_000000085,4,1271216,127413952,2173553620
GL856805.1,Chr4_supercontig_000000086,4,590758,128004710,2174144378
GL856806.1,Chr4_supercontig_000000087,4,3641868,131646578,2177786246
GL856807.1,Chr4_supercontig_000000088,4,291157,131937735,2178077403
GL856808.1,Chr4_supercontig_000000089,4,1242812,133180547,2179320215
GL856809.1,Chr4_supercontig_000000090,4,850795,134031342,2180171010
GL856810.1,Chr4_supercontig_000000091,4,875850,134907192,2181046860
GL856811.1,Chr4_supercontig_000000092,4,123357,135030549,2181170217
GL856812.1,Chr4_supercontig_000000093,4,2916765,137947314,2184086982
GL856813.1,Chr4_supercontig_000000094,4,1106915,139054229,2185193897
GL856814.1,Chr4_supercontig_000000095,4,176805,139231034,2185370702
GL856815.1,Chr4_supercontig_000000096,4,1291949,140522983,2186662651
GL856816.1,Chr4_supercontig_000000097,4,3162496,143685479,2189825147
GL856817.1,Chr4_supercontig_000000098,4,909227,144594706,2190734374
GL856818.1,Chr4_supercontig_000000099,4,734200,145328906,2191468574
GL856819.1,Chr4_supercontig_000000100,4,2167069,147495975,2193635643
GL856820.1,Chr4_supercontig_000000101,4,1395506,148891481,2195031149
GL856821.1,Chr4_supercontig_000000102,4,1984752,150876233,2197015901
GL856822.1,Chr4_supercontig_000000103,4,2771131,153647364,2199787032
GL856823.1,Chr4_supercontig_000000104,4,1636223,155283587,2201423255
GL856824.1,Chr4_supercontig_000000105,4,389400,155672987,2201812655
GL856825.1,Chr4_supercontig_000000106,4,338990,156011977,2202151645
GL856826.1,Chr4_supercontig_000000107,4,352594,156364571,2202504239
GL856827.1,Chr4_supercontig_000000108,4,3480846,159845417,2205985085
GL856828.1,Chr4_supercontig_000000109,4,1732477,161577894,2207717562
GL856829.1,Chr4_supercontig_000000110,4,2185497,163763391,2209903059
GL856830.1,Chr4_supercontig_000000111,4,3082338,166845729,2212985397
GL856831.1,Chr4_supercontig_000000112,4,585366,167431095,2213570763
GL856832.1,Chr4_supercontig_000000113,4,4430655,171861750,2218001418
GL856833.1,Chr4_supercontig_000000114,4,4213222,176074972,2222214640
GL856834.1,Chr4_supercontig_000000115,4,398045,176473017,2222612685
GL856835.1,Chr4_supercontig_000000116,4,265396,176738413,2222878081
GL856836.1,Chr4_supercontig_000000117,4,3586,176741999,2222881667
GL856837.1,Chr4_supercontig_000000118,4,372189,177114188,2223253856
GL856838.1,Chr4_supercontig_000000119,4,446212,177560400,2223700068
GL856839.1,Chr4_supercontig_000000120,4,911664,178472064,2224611732
GL856840.1,Chr4_supercontig_000000121,4,846587,179318651,2225458319
GL856841.1,Chr4_supercontig_000000122,4,396620,179715271,2225854939
GL856842.1,Chr4_supercontig_000000123,4,120169,179835440,2225975108
GL856843.1,Chr4_supercontig_000000124,4,1225281,181060721,2227200389
GL856844.1,Chr4_supercontig_000000125,4,1206234,182266955,2228406623
GL856845.1,Chr4_supercontig_000000126,4,483984,182750939,2228890607
GL856846.1,Chr4_supercontig_000000127,4,2103508,184854447,2230994115
GL856847.1,Chr4_supercontig_000000128,4,705235,185559682,2231699350
GL856848.1,Chr4_supercontig_000000129,4,144041,185703723,2231843391
GL856849.1,Chr4_supercontig_000000130,4,542630,186246353,2232386021
GL856850.1,Chr4_supercontig_000000131,4,3559855,189806208,2235945876
GL856851.1,Chr4_supercontig_000000132,4,218209,190024417,2236164085
GL856852.1,Chr4_supercontig_000000133,4,723410,190747827,2236887495
GL856853.1,Chr4_supercontig_000000134,4,218770,190966597,2237106265
GL856854.1,Chr4_supercontig_000000135,4,444699,191411296,2237550964
GL856855.1,Chr4_supercontig_000000136,4,235937,191647233,2237786901
GL856856.1,Chr4_supercontig_000000137,4,181777,191829010,2237968678
GL856857.1,Chr4_supercontig_000000138,4,162841,191991851,2238131519
GL856858.1,Chr4_supercontig_000000139,4,48479,192040330,2238179998
GL856859.1,Chr4_supercontig_000000140,4,196367,192236697,2238376365
GL856860.1,Chr4_supercontig_000000141,4,902532,193139229,2239278897
GL856861.1,Chr4_supercontig_000000142,4,1932348,195071577,2241211245
GL856862.1,Chr4_supercontig_000000143,4,467571,195539148,2241678816
GL856863.1,Chr4_supercontig_000000144,4,242185,195781333,2241921001
GL856864.1,Chr4_supercontig_000000145,4,1245572,197026905,2243166573
GL856865.1,Chr4_supercontig_000000146,4,187312,197214217,2243353885
GL856866.1,Chr4_supercontig_000000147,4,276160,197490377,2243630045
GL856867.1,Chr4_supercontig_000000148,4,119889,197610266,2243749934
GL856868.1,Chr4_supercontig_000000149,4,182104,197792370,2243932038
GL856869.1,Chr4_supercontig_000000150,4,170221,197962591,2244102259
GL856870.1,Chr4_supercontig_000000151,4,471918,198434509,2244574177
GL856871.1,Chr4_supercontig_000000152,4,284044,198718553,2244858221
GL856872.1,Chr4_supercontig_000000153,4,211901,198930454,2245070122
GL856873.1,Chr4_supercontig_000000154,4,683821,199614275,2245753943
GL856874.1,Chr4_supercontig_000000155,4,748140,200362415,2246502083
GL856875.1,Chr4_supercontig_000000156,4,331824,200694239,2246833907
GL856876.1,Chr4_supercontig_000000157,4,689797,201384036,2247523704
GL856877.1,Chr4_supercontig_000000158,4,314200,201698236,2247837904
GL856878.1,Chr4_supercontig_000000159,4,269528,201967764,2248107432
GL856879.1,Chr4_supercontig_000000160,4,1396059,203363823,2249503491
GL856880.1,Chr4_supercontig_000000161,4,2689276,206053099,2252192767
GL856881.1,Chr4_supercontig_000000162,4,653710,206706809,2252846477
GL856882.1,Chr4_supercontig_000000163,4,352976,207059785,2253199453
GL856883.1,Chr4_supercontig_000000164,4,3160941,210220726,2256360394
GL856884.1,Chr4_supercontig_000000165,4,839316,211060042,2257199710
GL856885.1,Chr4_supercontig_000000166,4,110366,211170408,2257310076
GL856886.1,Chr4_supercontig_000000167,4,295909,211466317,2257605985
GL856887.1,Chr4_supercontig_000000168,4,3458916,214925233,2261064901
GL856888.1,Chr4_supercontig_000000169,4,3372135,218297368,2264437036
GL856889.1,Chr4_supercontig_000000170,4,1050765,219348133,2265487801
GL856890.1,Chr4_supercontig_000000171,4,358925,219707058,2265846726
GL856891.1,Chr4_supercontig_000000172,4,318511,220025569,2266165237
GL856892.1,Chr4_supercontig_000000173,4,129095,220154664,2266294332
GL856893.1,Chr4_supercontig_000000174,4,279763,220434427,2266574095
GL856894.1,Chr4_supercontig_000000175,4,1867466,222301893,2268441561
GL856895.1,Chr4_supercontig_000000176,4,3615887,225917780,2272057448
GL856896.1,Chr4_supercontig_000000177,4,159802,226077582,2272217250
GL856897.1,Chr4_supercontig_000000178,4,133916,226211498,2272351166
GL856898.1,Chr4_supercontig_000000179,4,1899743,228111241,2274250909
GL856899.1,Chr4_supercontig_000000180,4,356271,228467512,2274607180
GL856900.1,Chr4_supercontig_000000181,4,1965534,230433046,2276572714
GL856901.1,Chr4_supercontig_000000182,4,149573,230582619,2276722287
GL856902.1,Chr4_supercontig_000000183,4,2724142,233306761,2279446429
GL856903.1,Chr4_supercontig_000000184,4,661867,233968628,2280108296
GL856904.1,Chr4_supercontig_000000185,4,200084,234168712,2280308380
GL856905.1,Chr4_supercontig_000000186,4,978554,235147266,2281286934
GL856906.1,Chr4_supercontig_000000187,4,2881775,238029041,2284168709
GL856907.1,Chr4_supercontig_000000188,4,1770560,239799601,2285939269
GL856908.1,Chr4_supercontig_000000189,4,1442408,241242009,2287381677
GL856909.1,Chr4_supercontig_000000190,4,1435251,242677260,2288816928
GL856910.1,Chr4_supercontig_000000191,4,352742,243030002,2289169670
GL856911.1,Chr4_supercontig_000000192,4,654163,243684165,2289823833
GL856912.1,Chr4_supercontig_000000193,4,2343730,246027895,2292167563
GL856913.1,Chr4_supercontig_000000194,4,215831,246243726,2292383394
GL856914.1,Chr4_supercontig_000000195,4,302880,246546606,2292686274
GL856915.1,Chr4_supercontig_000000196,4,2060509,248607115,2294746783
GL856916.1,Chr4_supercontig_000000197,4,638595,249245710,2295385378
GL856917.1,Chr4_supercontig_000000198,4,2368370,251614080,2297753748
GL856918.1,Chr4_supercontig_000000199,4,1500608,253114688,2299254356
GL856919.1,Chr4_supercontig_000000200,4,4456243,257570931,2303710599
GL856920.1,Chr4_supercontig_000000201,4,2592524,260163455,2306303123
GL856921.1,Chr4_supercontig_000000202,4,222546,260386001,2306525669
GL856922.1,Chr4_supercontig_000000203,4,383145,260769146,2306908814
GL856923.1,Chr4_supercontig_000000204,4,132307,260901453,2307041121
GL856924.1,Chr4_supercontig_000000205,4,226752,261128205,2307267873
GL856925.1,Chr4_supercontig_000000206,4,207140,261335345,2307475013
GL856926.1,Chr4_supercontig_000000207,4,2944035,264279380,2310419048
GL856927.1,Chr4_supercontig_000000208,4,892958,265172338,2311312006
GL856928.1,Chr4_supercontig_000000209,4,710913,265883251,2312022919
GL856929.1,Chr4_supercontig_000000210,4,3477175,269360426,2315500094
GL856930.1,Chr4_supercontig_000000211,4,361766,269722192,2315861860
GL856931.1,Chr4_supercontig_000000212,4,183591,269905783,2316045451
GL856932.1,Chr4_supercontig_000000213,4,171273,270077056,2316216724
GL856933.1,Chr4_supercontig_000000214,4,1833799,271910855,2318050523
GL856934.1,Chr4_supercontig_000000215,4,3758781,275669636,2321809304
GL856935.1,Chr4_supercontig_000000216,4,381763,276051399,2322191067
GL856936.1,Chr4_supercontig_000000217,4,972756,277024155,2323163823
GL856937.1,Chr4_supercontig_000000218,4,390824,277414979,2323554647
GL856938.1,Chr4_supercontig_000000219,4,2747462,280162441,2326302109
GL856939.1,Chr4_supercontig_000000220,4,4035919,284198360,2330338028
GL856940.1,Chr4_supercontig_000000221,4,2182516,286380876,2332520544
GL856941.1,Chr4_supercontig_000000222,4,1753981,288134857,2334274525
GL856942.1,Chr4_supercontig_000000223,4,129218,288264075,2334403743
GL856943.1,Chr4_supercontig_000000224,4,473821,288737896,2334877564
GL856944.1,Chr4_supercontig_000000225,4,1328148,290066044,2336205712
GL856945.1,Chr4_supercontig_000000226,4,1207741,291273785,2337413453
GL856946.1,Chr4_supercontig_000000227,4,279865,291553650,2337693318
GL856947.1,Chr4_supercontig_000000228,4,4233252,295786902,2341926570
GL856948.1,Chr4_supercontig_000000229,4,4079791,299866693,2346006361
GL856949.1,Chr4_supercontig_000000230,4,1593700,301460393,2347600061
GL856950.1,Chr4_supercontig_000000231,4,1496740,302957133,2349096801
GL856951.1,Chr4_supercontig_000000232,4,1867385,304824518,2350964186
GL856952.1,Chr4_supercontig_000000233,4,143796,304968314,2351107982
GL856953.1,Chr4_supercontig_000000234,4,1654859,306623173,2352762841
GL856954.1,Chr4_supercontig_000000235,4,1210079,307833252,2353972920
GL856955.1,Chr4_supercontig_000000236,4,598832,308432084,2354571752
GL856956.1,Chr4_supercontig_000000237,4,1269488,309701572,2355841240
GL856957.1,Chr4_supercontig_000000238,4,748465,310450037,2356589705
GL856958.1,Chr4_supercontig_000000239,4,859642,311309679,2357449347
GL856959.1,Chr4_supercontig_000000240,4,603565,311913244,2358052912
GL856960.1,Chr4_supercontig_000000241,4,1944205,313857449,2359997117
GL856961.1,Chr4_supercontig_000000242,4,2196557,316054006,2362193674
GL856962.1,Chr4_supercontig_000000243,4,1073429,317127435,2363267103
GL856963.1,Chr4_supercontig_000000244,4,3131844,320259279,2366398947
GL856964.1,Chr4_supercontig_000000245,4,3591344,323850623,2369990291
GL856965.1,Chr4_supercontig_000000246,4,231749,324082372,2370222040
GL856966.1,Chr4_supercontig_000000247,4,4634009,328716381,2374856049
GL856967.1,Chr4_supercontig_000000248,4,2409668,331126049,2377265717
GL856968.1,Chr4_supercontig_000000249,4,1626166,332752215,2378891883
GL856969.1,Chr4_supercontig_000000250,4,4722788,337475003,2383614671
GL856970.1,Chr4_supercontig_000000251,4,4104256,341579259,2387718927
GL856971.1,Chr4_supercontig_000000252,4,189675,341768934,2387908602
GL856972.1,Chr4_supercontig_000000253,4,2567171,344336105,2390475773
GL856973.1,Chr4_supercontig_000000254,4,231697,344567802,2390707470
GL856974.1,Chr4_supercontig_000000255,4,258014,344825816,2390965484
GL856975.1,Chr4_supercontig_000000256,4,380800,345206616,2391346284
GL856976.1,Chr4_supercontig_000000257,4,568341,345774957,2391914625
GL856977.1,Chr4_supercontig_000000258,4,83072,345858029,2391997697
GL856978.1,Chr4_supercontig_000000259,4,4252838,350110867,2396250535
GL856979.1,Chr4_supercontig_000000260,4,1570928,351681795,2397821463
GL856980.1,Chr4_supercontig_000000261,4,187448,351869243,2398008911
GL856981.1,Chr4_supercontig_000000262,4,1834878,353704121,2399843789
GL856982.1,Chr4_supercontig_000000263,4,281983,353986104,2400125772
GL856983.1,Chr4_supercontig_000000264,4,161003,354147107,2400286775
GL856984.1,Chr4_supercontig_000000265,4,2074543,356221650,2402361318
GL856985.1,Chr4_supercontig_000000266,4,96608,356318258,2402457926
GL856986.1,Chr4_supercontig_000000267,4,398247,356716505,2402856173
GL856987.1,Chr4_supercontig_000000268,4,911458,357627963,2403767631
GL856988.1,Chr4_supercontig_000000269,4,3712978,361340941,2407480609
GL856989.1,Chr4_supercontig_000000270,4,222580,361563521,2407703189
GL856990.1,Chr4_supercontig_000000271,4,820962,362384483,2408524151
GL856991.1,Chr4_supercontig_000000272,4,2648551,365033034,2411172702
GL856992.1,Chr4_supercontig_000000273,4,1590517,366623551,2412763219
GL856993.1,Chr4_supercontig_000000274,4,3636344,370259895,2416399563
GL856994.1,Chr4_supercontig_000000275,4,392465,370652360,2416792028
GL856995.1,Chr4_supercontig_000000276,4,4137260,374789620,2420929288
GL856996.1,Chr4_supercontig_000000277,4,4912,374794532,2420934200
GL856997.1,Chr4_supercontig_000000278,4,2399975,377194507,2423334175
GL856998.1,Chr4_supercontig_000000279,4,397910,377592417,2423732085
GL856999.1,Chr4_supercontig_000000280,4,268048,377860465,2424000133
GL857000.1,Chr4_supercontig_000000281,4,5016598,382877063,2429016731
GL857001.1,Chr4_supercontig_000000282,4,2232598,385109661,2431249329
GL857002.1,Chr4_supercontig_000000283,4,1845914,386955575,2433095243
GL857003.1,Chr4_supercontig_000000284,4,3006672,389962247,2436101915
GL857004.1,Chr4_supercontig_000000285,4,251666,390213913,2436353581
GL857005.1,Chr4_supercontig_000000286,4,714182,390928095,2437067763
GL857006.1,Chr4_supercontig_000000287,4,1573616,392501711,2438641379
GL857007.1,Chr4_supercontig_000000288,4,1440327,393942038,2440081706
GL857008.1,Chr4_supercontig_000000289,4,1249212,395191250,2441330918
GL857009.1,Chr4_supercontig_000000290,4,662986,395854236,2441993904
GL857010.1,Chr4_supercontig_000000291,4,380303,396234539,2442374207
GL857011.1,Chr4_supercontig_000000292,4,74049,396308588,2442448256
GL857012.1,Chr4_supercontig_000000293,4,2762140,399070728,2445210396
GL857013.1,Chr4_supercontig_000000294,4,2107265,401177993,2447317661
GL857014.1,Chr4_supercontig_000000295,4,146122,401324115,2447463783
GL857015.1,Chr4_supercontig_000000296,4,252418,401576533,2447716201
GL857016.1,Chr4_supercontig_000000297,4,939249,402515782,2448655450
GL857017.1,Chr4_supercontig_000000298,4,534709,403050491,2449190159
GL857018.1,Chr4_supercontig_000000299,4,2299050,405349541,2451489209
GL857019.1,Chr4_supercontig_000000300,4,1376400,406725941,2452865609
GL857020.1,Chr4_supercontig_000000301,4,1253688,407979629,2454119297
GL857021.1,Chr4_supercontig_000000302,4,1989413,409969042,2456108710
GL857022.1,Chr4_supercontig_000000303,4,2616,409971658,2456111326
GL857023.1,Chr4_supercontig_000000304,4,391316,410362974,2456502642
GL857024.1,Chr4_supercontig_000000305,4,302515,410665489,2456805157
GL857025.1,Chr4_supercontig_000000306,4,675770,411341259,2457480927
GL857026.1,Chr4_supercontig_000000307,4,203576,411544835,2457684503
GL857027.1,Chr4_supercontig_000000308,4,178991,411723826,2457863494
GL857028.1,Chr4_supercontig_000000309,4,32652,411756478,2457896146
GL857029.1,Chr4_supercontig_000000310,4,116885,411873363,2458013031
GL857030.1,Chr4_supercontig_000000311,4,95981,411969344,2458109012
GL857031.1,Chr4_supercontig_000000312,4,89304,412058648,2458198316
GL857032.1,Chr4_supercontig_000000313,4,114549,412173197,2458312865
GL857033.1,Chr4_supercontig_000000314,4,171331,412344528,2458484196
GL857034.1,Chr4_supercontig_000000315,4,38238,412382766,2458522434
GL857035.1,Chr4_supercontig_000000316,4,11577,412394343,2458534011
GL857036.1,Chr4_supercontig_000000317,4,67006,412461349,2458601017
GL857037.1,Chr4_supercontig_000000318,4,214398,412675747,2458815415
GL857038.1,Chr4_supercontig_000000319,4,74465,412750212,2458889880
GL857039.1,Chr4_supercontig_000000320,4,37619,412787831,2458927499
GL857040.1,Chr4_supercontig_000000321,4,262915,413050746,2459190414
GL857041.1,Chr4_supercontig_000000322,4,19300,413070046,2459209714
GL857042.1,Chr4_supercontig_000000323,4,58060,413128106,2459267774
GL857043.1,Chr4_supercontig_000000324,4,60304,413188410,2459328078
GL857044.1,Chr4_supercontig_000000325,4,193235,413381645,2459521313
GL857045.1,Chr4_supercontig_000000326,4,14971,413396616,2459536284
GL857046.1,Chr4_supercontig_000000327,4,83407,413480023,2459619691
GL857047.1,Chr4_supercontig_000000328,4,6723,413486746,2459626414
GL857048.1,Chr4_supercontig_000000329,4,180310,413667056,2459806724
GL857049.1,Chr4_supercontig_000000330,4,92189,413759245,2459898913
GL857050.1,Chr4_supercontig_000000331,4,27535,413786780,2459926448
GL857051.1,Chr4_supercontig_000000332,4,243133,414029913,2460169581
GL857052.1,Chr4_supercontig_000000333,4,150926,414180839,2460320507
GL857053.1,Chr4_supercontig_000000334,4,116426,414297265,2460436933
GL857054.1,Chr4_supercontig_000000335,4,113051,414410316,2460549984
GL857055.1,Chr4_supercontig_000000336,4,196616,414606932,2460746600
GL857056.1,Chr4_supercontig_000000337,4,169874,414776806,2460916474
GL857057.1,Chr4_supercontig_000000338,4,39351,414816157,2460955825
GL857058.1,Chr4_supercontig_000000339,4,356670,415172827,2461312495
GL857059.1,Chr4_supercontig_000000340,4,115766,415288593,2461428261
GL857060.1,Chr4_supercontig_000000341,4,44683,415333276,2461472944
GL857061.1,Chr4_supercontig_000000342,4,314322,415647598,2461787266
GL857062.1,Chr4_supercontig_000000343,4,90597,415738195,2461877863
GL857063.1,Chr4_supercontig_000000344,4,170315,415908510,2462048178
GL857064.1,Chr4_supercontig_000000345,4,83746,415992256,2462131924
GL857065.1,Chr4_supercontig_000000346,4,10910,416003166,2462142834
GL857066.1,Chr4_supercontig_000000347,4,168615,416171781,2462311449
GL857067.1,Chr4_supercontig_000000348,4,78711,416250492,2462390160
GL857068.1,Chr4_supercontig_000000349,4,57090,416307582,2462447250
GL857069.1,Chr4_supercontig_000000350,4,11314,416318896,2462458564
GL857070.1,Chr4_supercontig_000000351,4,284436,416603332,2462743000
GL857071.1,Chr4_supercontig_000000352,4,99334,416702666,2462842334
GL857072.1,Chr4_supercontig_000000353,4,12483,416715149,2462854817
GL857073.1,Chr4_supercontig_000000354,4,181953,416897102,2463036770
GL857074.1,Chr4_supercontig_000000355,4,21248,416918350,2463058018
GL857075.1,Chr4_supercontig_000000356,4,57839,416976189,2463115857
GL857076.1,Chr4_supercontig_000000357,4,63623,417039812,2463179480
GL857077.1,Chr4_supercontig_000000358,4,204358,417244170,2463383838
GL857078.1,Chr4_supercontig_000000359,4,67014,417311184,2463450852
GL857079.1,Chr4_supercontig_000000360,4,230889,417542073,2463681741
GL857080.1,Chr4_supercontig_000000361,4,63050,417605123,2463744791
GL857081.1,Chr4_supercontig_000000362,4,78521,417683644,2463823312
GL857082.1,Chr4_supercontig_000000363,4,34003,417717647,2463857315
GL857083.1,Chr4_supercontig_000000364,4,54670,417772317,2463911985
GL857084.1,Chr4_supercontig_000000365,4,36026,417808343,2463948011
GL857085.1,Chr4_supercontig_000000366,4,20109,417828452,2463968120
GL857086.1,Chr4_supercontig_000000367,4,192711,418021163,2464160831
GL857087.1,Chr4_supercontig_000000368,4,29373,418050536,2464190204
GL857088.1,Chr4_supercontig_000000369,4,105451,418155987,2464295655
GL857089.1,Chr4_supercontig_000000370,4,83411,418239398,2464379066
GL857090.1,Chr4_supercontig_000000371,4,97542,418336940,2464476608
GL857091.1,Chr4_supercontig_000000372,4,79862,418416802,2464556470
GL857092.1,Chr4_supercontig_000000373,4,50146,418466948,2464606616
GL857093.1,Chr4_supercontig_000000374,4,196814,418663762,2464803430
GL857094.1,Chr4_supercontig_000000375,4,61674,418725436,2464865104
GL857095.1,Chr4_supercontig_000000376,4,72688,418798124,2464937792
GL857096.1,Chr4_supercontig_000000377,4,71466,418869590,2465009258
GL857097.1,Chr4_supercontig_000000378,4,158915,419028505,2465168173
GL857098.1,Chr4_supercontig_000000379,4,111802,419140307,2465279975
GL857099.1,Chr4_supercontig_000000380,4,22490,419162797,2465302465
GL857100.1,Chr4_supercontig_000000381,4,129045,419291842,2465431510
GL857101.1,Chr4_supercontig_000000382,4,34514,419326356,2465466024
GL857102.1,Chr4_supercontig_000000383,4,165134,419491490,2465631158
GL857103.1,Chr4_supercontig_000000384,4,238269,419729759,2465869427
GL857104.1,Chr4_supercontig_000000385,4,251845,419981604,2466121272
GL857105.1,Chr4_supercontig_000000386,4,122979,420104583,2466244251
GL857106.1,Chr4_supercontig_000000387,4,567984,420672567,2466812235
GL857107.1,Chr4_supercontig_000000388,4,119635,420792202,2466931870
GL857108.1,Chr4_supercontig_000000389,4,59919,420852121,2466991789
GL857109.1,Chr4_supercontig_000000390,4,195929,421048050,2467187718
GL857110.1,Chr4_supercontig_000000391,4,216240,421264290,2467403958
GL857111.1,Chr4_supercontig_000000392,4,60810,421325100,2467464768
GL857112.1,Chr4_supercontig_000000393,4,74449,421399549,2467539217
GL857113.1,Chr4_supercontig_000000394,4,42832,421442381,2467582049
GL857114.1,Chr4_supercontig_000000395,4,133009,421575390,2467715058
GL857115.1,Chr4_supercontig_000000396,4,42440,421617830,2467757498
GL857116.1,Chr4_supercontig_000000397,4,130011,421747841,2467887509
GL857117.1,Chr4_supercontig_000000398,4,45793,421793634,2467933302
GL857118.1,Chr4_supercontig_000000399,4,146805,421940439,2468080107
GL857119.1,Chr4_supercontig_000000400,4,111165,422051604,2468191272
GL857120.1,Chr4_supercontig_000000401,4,42479,422094083,2468233751
GL857121.1,Chr4_supercontig_000000402,4,108019,422202102,2468341770
GL857122.1,Chr4_supercontig_000000403,4,114847,422316949,2468456617
GL857123.1,Chr4_supercontig_000000404,4,126613,422443562,2468583230
GL857124.1,Chr4_supercontig_000000405,4,260336,422703898,2468843566
GL857125.1,Chr4_supercontig_000000406,4,222507,422926405,2469066073
GL857126.1,Chr4_supercontig_000000407,4,145827,423072232,2469211900
GL857127.1,Chr4_supercontig_000000408,4,49690,423121922,2469261590
GL857128.1,Chr4_supercontig_000000409,4,71391,423193313,2469332981
GL857129.1,Chr4_supercontig_000000410,4,36153,423229466,2469369134
GL857130.1,Chr4_supercontig_000000411,4,126718,423356184,2469495852
GL857131.1,Chr4_supercontig_000000412,4,12405,423368589,2469508257
GL857132.1,Chr4_supercontig_000000413,4,48518,423417107,2469556775
GL857133.1,Chr4_supercontig_000000414,4,129580,423546687,2469686355
GL857134.1,Chr4_supercontig_000000415,4,34908,423581595,2469721263
GL857135.1,Chr4_supercontig_000000416,4,163492,423745087,2469884755
GL857136.1,Chr4_supercontig_000000417,4,3028,423748115,2469887783
GL857137.1,Chr4_supercontig_000000418,4,177866,423925981,2470065649
GL857138.1,Chr4_supercontig_000000419,4,224371,424150352,2470290020
GL857139.1,Chr4_supercontig_000000420,4,39215,424189567,2470329235
GL857140.1,Chr4_supercontig_000000421,4,261464,424451031,2470590699
GL857141.1,Chr4_supercontig_000000422,4,143999,424595030,2470734698
GL857142.1,Chr4_supercontig_000000423,4,54053,424649083,2470788751
GL857143.1,Chr4_supercontig_000000424,4,93037,424742120,2470881788
GL857144.1,Chr4_supercontig_000000425,4,20948,424763068,2470902736
GL857145.1,Chr4_supercontig_000000426,4,48799,424811867,2470951535
GL857146.1,Chr4_supercontig_000000427,4,242679,425054546,2471194214
GL857147.1,Chr4_supercontig_000000428,4,146380,425200926,2471340594
GL857148.1,Chr4_supercontig_000000429,4,35535,425236461,2471376129
GL857149.1,Chr4_supercontig_000000430,4,40203,425276664,2471416332
GL857150.1,Chr4_supercontig_000000431,4,55565,425332229,2471471897
GL857151.1,Chr4_supercontig_000000432,4,32477,425364706,2471504374
GL857152.1,Chr4_supercontig_000000433,4,28558,425393264,2471532932
GL857153.1,Chr4_supercontig_000000434,4,78786,425472050,2471611718
GL857154.1,Chr4_supercontig_000000435,4,33564,425505614,2471645282
GL857155.1,Chr4_supercontig_000000436,4,113522,425619136,2471758804
GL857156.1,Chr4_supercontig_000000437,4,60073,425679209,2471818877
GL857157.1,Chr4_supercontig_000000438,4,68157,425747366,2471887034
GL857158.1,Chr4_supercontig_000000439,4,58526,425805892,2471945560
GL857159.1,Chr4_supercontig_000000440,4,63263,425869155,2472008823
GL857160.1,Chr4_supercontig_000000441,4,197431,426066586,2472206254
GL857161.1,Chr4_supercontig_000000442,4,179824,426246410,2472386078
GL857162.1,Chr4_supercontig_000000443,4,36543,426282953,2472422621
GL857163.1,Chr4_supercontig_000000444,4,21924,426304877,2472444545
GL857164.1,Chr4_supercontig_000000445,4,11636,426316513,2472456181
GL857165.1,Chr4_supercontig_000000446,4,86430,426402943,2472542611
GL857166.1,Chr4_supercontig_000000447,4,57127,426460070,2472599738
GL857167.1,Chr4_supercontig_000000448,4,18898,426478968,2472618636
GL857168.1,Chr4_supercontig_000000449,4,229868,426708836,2472848504
GL857169.1,Chr4_supercontig_000000450,4,195126,426903962,2473043630
GL857170.1,Chr4_supercontig_000000451,4,96841,427000803,2473140471
GL857171.1,Chr4_supercontig_000000452,4,199506,427200309,2473339977
GL857172.1,Chr4_supercontig_000000453,4,22297,427222606,2473362274
GL857173.1,Chr4_supercontig_000000454,4,86706,427309312,2473448980
GL857174.1,Chr4_supercontig_000000455,4,51518,427360830,2473500498
GL857175.1,Chr4_supercontig_000000456,4,165354,427526184,2473665852
GL857176.1,Chr4_supercontig_000000457,4,10198,427536382,2473676050
GL857177.1,Chr4_supercontig_000000458,4,91844,427628226,2473767894
GL857178.1,Chr4_supercontig_000000459,4,16516,427644742,2473784410
GL857179.1,Chr4_supercontig_000000460,4,8227,427652969,2473792637
GL857180.1,Chr4_supercontig_000000461,4,58381,427711350,2473851018
GL857181.1,Chr4_supercontig_000000462,4,106231,427817581,2473957249
GL857182.1,Chr4_supercontig_000000463,4,43356,427860937,2474000605
GL857183.1,Chr4_supercontig_000000464,4,136886,427997823,2474137491
GL857184.1,Chr4_supercontig_000000465,4,166981,428164804,2474304472
GL857185.1,Chr4_supercontig_000000466,4,17060,428181864,2474321532
GL857186.1,Chr4_supercontig_000000467,4,133287,428315151,2474454819
GL857187.1,Chr4_supercontig_000000468,4,5088,428320239,2474459907
GL857188.1,Chr4_supercontig_000000469,4,83466,428403705,2474543373
GL857189.1,Chr4_supercontig_000000470,4,59434,428463139,2474602807
GL857190.1,Chr4_supercontig_000000471,4,27023,428490162,2474629830
GL857191.1,Chr4_supercontig_000000472,4,35323,428525485,2474665153
GL857192.1,Chr4_supercontig_000000473,4,71051,428596536,2474736204
GL857193.1,Chr4_supercontig_000000474,4,18098,428614634,2474754302
GL857194.1,Chr4_supercontig_000000475,4,51140,428665774,2474805442
GL857195.1,Chr4_supercontig_000000476,4,178694,428844468,2474984136
GL857196.1,Chr4_supercontig_000000477,4,75720,428920188,2475059856
GL857197.1,Chr4_supercontig_000000478,4,51385,428971573,2475111241
GL857198.1,Chr4_supercontig_000000479,4,78112,429049685,2475189353
GL857199.1,Chr4_supercontig_000000480,4,29863,429079548,2475219216
GL857200.1,Chr4_supercontig_000000481,4,159126,429238674,2475378342
GL857201.1,Chr4_supercontig_000000482,4,47690,429286364,2475426032
GL857202.1,Chr4_supercontig_000000483,4,49458,429335822,2475475490
GL857203.1,Chr4_supercontig_000000484,4,118390,429454212,2475593880
GL857204.1,Chr4_supercontig_000000485,4,150588,429604800,2475744468
GL857205.1,Chr4_supercontig_000000486,4,296320,429901120,2476040788
GL857206.1,Chr4_supercontig_000000487,4,118868,430019988,2476159656
GL857207.1,Chr4_supercontig_000000488,4,93262,430113250,2476252918
GL857208.1,Chr4_supercontig_000000489,4,88895,430202145,2476341813
GL857209.1,Chr4_supercontig_000000490,4,139123,430341268,2476480936
GL857210.1,Chr4_supercontig_000000491,4,212560,430553828,2476693496
GL857211.1,Chr4_supercontig_000000492,4,75008,430628836,2476768504
GL857212.1,Chr4_supercontig_000000493,4,87564,430716400,2476856068
GL857213.1,Chr4_supercontig_000000494,4,92742,430809142,2476948810
GL857214.1,Chr4_supercontig_000000495,4,223593,431032735,2477172403
GL857215.1,Chr4_supercontig_000000496,4,41221,431073956,2477213624
GL857216.1,Chr4_supercontig_000000497,4,75487,431149443,2477289111
GL857217.1,Chr4_supercontig_000000498,4,46800,431196243,2477335911
GL857218.1,Chr4_supercontig_000000499,4,53683,431249926,2477389594
GL857219.1,Chr4_supercontig_000000500,4,67976,431317902,2477457570
GL857220.1,Chr4_supercontig_000000501,4,83268,431401170,2477540838
GL857221.1,Chr4_supercontig_000000502,4,98637,431499807,2477639475
GL857222.1,Chr4_supercontig_000000503,4,291333,431791140,2477930808
GL857223.1,Chr4_supercontig_000000504,4,126502,431917642,2478057310
GL857224.1,Chr4_supercontig_000000505,4,354310,432271952,2478411620
GL857225.1,Chr4_supercontig_000000506,4,421569,432693521,2478833189
GL857226.1,Chr4_supercontig_000000507,4,34060,432727581,2478867249
GL857227.1,Chr4_supercontig_000000508,4,44319,432771900,2478911568
GL857228.1,Chr4_supercontig_000000509,4,603366,433375266,2479514934
GL857229.1,Chr4_supercontig_000000510,4,106311,433481577,2479621245
GL857230.1,Chr4_supercontig_000000511,4,32175,433513752,2479653420
GL857231.1,Chr4_supercontig_000000512,4,146399,433660151,2479799819
GL857232.1,Chr4_supercontig_000000513,4,8116,433668267,2479807935
GL857233.1,Chr4_supercontig_000000514,4,79126,433747393,2479887061
GL857234.1,Chr4_supercontig_000000515,4,366647,434114040,2480253708
GL857235.1,Chr4_supercontig_000000516,4,82553,434196593,2480336261
GL857236.1,Chr4_supercontig_000000517,4,23952,434220545,2480360213
GL857237.1,Chr4_supercontig_000000518,4,20444,434240989,2480380657
GL857238.1,Chr4_supercontig_000000519,4,120077,434361066,2480500734
GL857239.1,Chr4_supercontig_000000520,4,23799,434384865,2480524533
GL857240.1,Chr4_supercontig_000000521,4,84341,434469206,2480608874
GL857241.1,Chr4_supercontig_000000522,4,44970,434514176,2480653844
GL857242.1,Chr4_supercontig_000000523,4,49662,434563838,2480703506
GL857243.1,Chr4_supercontig_000000524,4,87641,434651479,2480791147
GL857244.1,Chr4_supercontig_000000525,4,130166,434781645,2480921313
GL857245.1,Chr4_supercontig_000000526,4,63277,434844922,2480984590
GL857246.1,Chr4_supercontig_000000527,4,123246,434968168,2481107836
GL857247.1,Chr4_supercontig_000000528,4,104929,435073097,2481212765
GL857248.1,Chr4_supercontig_000000529,4,275024,435348121,2481487789
GL857249.1,Chr4_supercontig_000000530,4,35913,435384034,2481523702
GL857250.1,Chr4_supercontig_000000531,4,97145,435481179,2481620847
GL857251.1,Chr4_supercontig_000000532,4,143754,435624933,2481764601
GL857252.1,Chr4_supercontig_000000533,4,27241,435652174,2481791842
GL857253.1,Chr4_supercontig_000000534,4,92007,435744181,2481883849
GL857254.1,Chr4_supercontig_000000535,4,64001,435808182,2481947850
GL857255.1,Chr4_supercontig_000000536,4,25633,435833815,2481973483
GL857256.1,Chr4_supercontig_000000537,4,67134,435900949,2482040617
GL857257.1,Chr4_supercontig_000000538,4,25340,435926289,2482065957
GL857258.1,Chr4_supercontig_000000539,4,108173,436034462,2482174130
GL857259.1,Chr4_supercontig_000000540,4,18195,436052657,2482192325
GL857260.1,Chr4_supercontig_000000541,4,176177,436228834,2482368502
GL857261.1,Chr4_supercontig_000000542,4,75900,436304734,2482444402
GL857262.1,Chr4_supercontig_000000543,4,131258,436435992,2482575660
GL857263.1,Chr4_supercontig_000000544,4,32600,436468592,2482608260
GL857264.1,Chr4_supercontig_000000545,4,51800,436520392,2482660060
GL857265.1,Chr4_supercontig_000000546,4,77186,436597578,2482737246
GL857266.1,Chr4_supercontig_000000547,4,30347,436627925,2482767593
GL857267.1,Chr4_supercontig_000000548,4,33420,436661345,2482801013
GL857268.1,Chr4_supercontig_000000549,4,64961,436726306,2482865974
GL857269.1,Chr4_supercontig_000000550,4,84407,436810713,2482950381
GL857270.1,Chr4_supercontig_000000551,4,48866,436859579,2482999247
GL857271.1,Chr4_supercontig_000000552,4,143929,437003508,2483143176
GL857272.1,Chr4_supercontig_000000553,4,161798,437165306,2483304974
GL857273.1,Chr4_supercontig_000000554,4,79972,437245278,2483384946
GL857274.1,Chr4_supercontig_000000555,4,36408,437281686,2483421354
GL857275.1,Chr4_supercontig_000000556,4,65601,437347287,2483486955
GL857276.1,Chr4_supercontig_000000557,4,164562,437511849,2483651517
GL857277.1,Chr4_supercontig_000000558,4,42284,437554133,2483693801
GL857278.1,Chr4_supercontig_000000559,4,24312,437578445,2483718113
GL857279.1,Chr4_supercontig_000000560,4,27417,437605862,2483745530
GL857280.1,Chr4_supercontig_000000561,4,106712,437712574,2483852242
GL857281.1,Chr4_supercontig_000000562,4,42773,437755347,2483895015
GL857282.1,Chr4_supercontig_000000563,4,83579,437838926,2483978594
GL857283.1,Chr4_supercontig_000000564,4,129809,437968735,2484108403
GL857284.1,Chr4_supercontig_000000565,4,17603,437986338,2484126006
GL857285.1,Chr4_supercontig_000000566,4,88277,438074615,2484214283
GL857286.1,Chr4_supercontig_000000567,4,113792,438188407,2484328075
GL857287.1,Chr4_supercontig_000000568,4,40459,438228866,2484368534
GL857288.1,Chr4_supercontig_000000569,4,23810,438252676,2484392344
GL857289.1,Chr4_supercontig_000000570,4,70381,438323057,2484462725
GL857290.1,Chr4_supercontig_000000571,4,54650,438377707,2484517375
GL857291.1,Chr4_supercontig_000000572,4,164068,438541775,2484681443
GL857292.1,Chr4_supercontig_000000573,4,64747,438606522,2484746190
GL857293.1,Chr4_supercontig_000000574,4,61667,438668189,2484807857
GL857294.1,Chr4_supercontig_000000575,4,13375,438681564,2484821232
GL857295.1,Chr4_supercontig_000000576,4,132205,438813769,2484953437
GL857296.1,Chr4_supercontig_000000577,4,66881,438880650,2485020318
GL857297.1,Chr4_supercontig_000000578,4,597934,439478584,2485618252
GL857298.1,Chr4_supercontig_000000579,4,124253,439602837,2485742505
GL857299.1,Chr4_supercontig_000000580,4,206190,439809027,2485948695
GL857300.1,Chr4_supercontig_000000581,4,71821,439880848,2486020516
GL857301.1,Chr4_supercontig_000000582,4,141000,440021848,2486161516
GL857302.1,Chr4_supercontig_000000583,4,18987,440040835,2486180503
GL857303.1,Chr4_supercontig_000000584,4,70234,440111069,2486250737
GL857304.1,Chr4_supercontig_000000585,4,140180,440251249,2486390917
GL857305.1,Chr4_supercontig_000000586,4,115091,440366340,2486506008
GL857306.1,Chr4_supercontig_000000587,4,33425,440399765,2486539433
GL857307.1,Chr4_supercontig_000000588,4,20547,440420312,2486559980
GL857308.1,Chr4_supercontig_000000589,4,32961,440453273,2486592941
GL857309.1,Chr4_supercontig_000000590,4,62844,440516117,2486655785
GL857310.1,Chr4_supercontig_000000591,4,24978,440541095,2486680763
GL857311.1,Chr4_supercontig_000000592,4,47972,440589067,2486728735
GL857312.1,Chr4_supercontig_000000593,4,61812,440650879,2486790547
GL857313.1,Chr4_supercontig_000000594,4,95335,440746214,2486885882
GL857314.1,Chr4_supercontig_000000595,4,37299,440783513,2486923181
GL857315.1,Chr4_supercontig_000000596,4,73095,440856608,2486996276
GL857316.1,Chr4_supercontig_000000597,4,92888,440949496,2487089164
GL857317.1,Chr4_supercontig_000000598,4,77825,441027321,2487166989
GL857318.1,Chr4_supercontig_000000599,4,61196,441088517,2487228185
GL857319.1,Chr4_supercontig_000000600,4,54864,441143381,2487283049
GL857320.1,Chr4_supercontig_000000601,4,125370,441268751,2487408419
GL857321.1,Chr4_supercontig_000000602,4,180697,441449448,2487589116
GL857322.1,Chr4_supercontig_000000603,4,31794,441481242,2487620910
GL857323.1,Chr4_supercontig_000000604,4,32141,441513383,2487653051
GL857324.1,Chr4_supercontig_000000605,4,84613,441597996,2487737664
GL857325.1,Chr4_supercontig_000000606,4,97684,441695680,2487835348
GL857326.1,Chr4_supercontig_000000607,4,210420,441906100,2488045768
GL857327.1,Chr4_supercontig_000000608,4,69802,441975902,2488115570
GL857328.1,Chr4_supercontig_000000609,4,27168,442003070,2488142738
GL857329.1,Chr4_supercontig_000000610,4,21360,442024430,2488164098
GL857330.1,Chr4_supercontig_000000611,4,151162,442175592,2488315260
GL857331.1,Chr4_supercontig_000000612,4,41585,442217177,2488356845
GL857332.1,Chr4_supercontig_000000613,4,120394,442337571,2488477239
GL857333.1,Chr4_supercontig_000000614,4,118823,442456394,2488596062
GL857334.1,Chr4_supercontig_000000615,4,74318,442530712,2488670380
GL857335.1,Chr4_supercontig_000000616,4,110982,442641694,2488781362
GL857336.1,Chr4_supercontig_000000617,4,248465,442890159,2489029827
GL857337.1,Chr4_supercontig_000000618,4,17104,442907263,2489046931
GL857338.1,Chr4_supercontig_000000619,4,7794,442915057,2489054725
GL857339.1,Chr4_supercontig_000000620,4,179776,443094833,2489234501
GL857340.1,Chr4_supercontig_000000621,4,41253,443136086,2489275754
GL857341.1,Chr4_supercontig_000000622,4,25514,443161600,2489301268
GL857342.1,Chr4_supercontig_000000623,4,26641,443188241,2489327909
GL857343.1,Chr4_supercontig_000000624,4,26521,443214762,2489354430
GL857344.1,Chr4_supercontig_000000625,4,118804,443333566,2489473234
GL857345.1,Chr4_supercontig_000000626,4,117208,443450774,2489590442
GL857346.1,Chr4_supercontig_000000627,4,109172,443559946,2489699614
GL857347.1,Chr4_supercontig_000000628,4,164855,443724801,2489864469
GL857348.1,Chr4_supercontig_000000629,4,136998,443861799,2490001467
GL857349.1,Chr4_supercontig_000000630,4,57715,443919514,2490059182
GL857350.1,Chr4_supercontig_000000631,4,41277,443960791,2490100459
GL857351.1,Chr4_supercontig_000000632,4,351535,444312326,2490451994
GL857352.1,Chr4_supercontig_000000633,4,65643,444377969,2490517637
GL857353.1,Chr4_supercontig_000000634,4,43823,444421792,2490561460
GL857354.1,Chr4_supercontig_000000635,4,42134,444463926,2490603594
GL857355.1,Chr4_supercontig_000000636,4,53764,444517690,2490657358
GL857356.1,Chr4_supercontig_000000637,4,91615,444609305,2490748973
GL857357.1,Chr4_supercontig_000000638,4,83733,444693038,2490832706
GL857358.1,Chr4_supercontig_000000639,4,49405,444742443,2490882111
GL857359.1,Chr4_supercontig_000000640,4,19584,444762027,2490901695
GL857360.1,Chr4_supercontig_000000641,4,109762,444871789,2491011457
GL857361.1,Chr4_supercontig_000000642,4,240709,445112498,2491252166
GL857362.1,Chr4_supercontig_000000643,4,19155,445131653,2491271321
GL857363.1,Chr4_supercontig_000000644,4,11891,445143544,2491283212
GL857364.1,Chr4_supercontig_000000645,4,126532,445270076,2491409744
GL857365.1,Chr4_supercontig_000000646,4,15875,445285951,2491425619
GL857366.1,Chr4_supercontig_000000647,4,48007,445333958,2491473626
GL857367.1,Chr4_supercontig_000000648,4,43090,445377048,2491516716
GL857368.1,Chr4_supercontig_000000649,4,16892,445393940,2491533608
GL857369.1,Chr4_supercontig_000000650,4,25599,445419539,2491559207
GL857370.1,Chr4_supercontig_000000651,4,54576,445474115,2491613783
GL857371.1,Chr4_supercontig_000000652,4,84884,445558999,2491698667
GL857372.1,Chr4_supercontig_000000653,4,66765,445625764,2491765432
GL857373.1,Chr4_supercontig_000000654,4,32450,445658214,2491797882
GL857374.1,Chr4_supercontig_000000655,4,107479,445765693,2491905361
GL857375.1,Chr4_supercontig_000000656,4,49873,445815566,2491955234
GL857376.1,Chr4_supercontig_000000657,4,207240,446022806,2492162474
GL857377.1,Chr4_supercontig_000000658,4,104162,446126968,2492266636
GL857378.1,Chr4_supercontig_000000659,4,33364,446160332,2492300000
GL857379.1,Chr4_supercontig_000000660,4,58541,446218873,2492358541
GL857380.1,Chr4_supercontig_000000661,4,158709,446377582,2492517250
GL857381.1,Chr4_supercontig_000000662,4,109278,446486860,2492626528
GL857382.1,Chr4_supercontig_000000663,4,43381,446530241,2492669909
GL857383.1,Chr4_supercontig_000000664,4,97042,446627283,2492766951
GL857384.1,Chr4_supercontig_000000665,4,253870,446881153,2493020821
GL857385.1,Chr4_supercontig_000000666,4,45027,446926180,2493065848
GL857386.1,Chr4_supercontig_000000667,4,52081,446978261,2493117929
GL857387.1,Chr4_supercontig_000000668,4,6738,446984999,2493124667
GL857388.1,Chr4_supercontig_000000669,4,37501,447022500,2493162168
GL857389.1,Chr4_supercontig_000000670,4,48062,447070562,2493210230
GL857390.1,Chr4_supercontig_000000671,4,52832,447123394,2493263062
GL857391.1,Chr4_supercontig_000000672,4,17168,447140562,2493280230
GL857392.1,Chr4_supercontig_000000673,4,97192,447237754,2493377422
GL857393.1,Chr4_supercontig_000000674,4,4789,447242543,2493382211
GL857394.1,Chr4_supercontig_000000675,4,137079,447379622,2493519290
GL857395.1,Chr4_supercontig_000000676,4,18964,447398586,2493538254
GL857396.1,Chr4_supercontig_000000677,4,54403,447452989,2493592657
GL857397.1,Chr4_supercontig_000000678,4,79202,447532191,2493671859
GL857398.1,Chr4_supercontig_000000679,4,15083,447547274,2493686942
GL857399.1,Chr4_supercontig_000000680,4,37697,447584971,2493724639
GL857400.1,Chr4_supercontig_000000681,4,38446,447623417,2493763085
GL857401.1,Chr4_supercontig_000000682,4,48033,447671450,2493811118
GL857402.1,Chr4_supercontig_000000683,4,75858,447747308,2493886976
GL857403.1,Chr4_supercontig_000000684,4,68239,447815547,2493955215
GL857404.1,Chr4_supercontig_000000685,4,88466,447904013,2494043681
GL857405.1,Chr4_supercontig_000000686,4,35617,447939630,2494079298
GL857406.1,Chr4_supercontig_000000687,4,52689,447992319,2494131987
GL857407.1,Chr4_supercontig_000000688,4,47102,448039421,2494179089
GL857408.1,Chr4_supercontig_000000689,4,123244,448162665,2494302333
GL857409.1,Chr4_supercontig_000000690,4,62690,448225355,2494365023
GL857410.1,Chr4_supercontig_000000691,4,32043,448257398,2494397066
GL857411.1,Chr4_supercontig_000000692,4,50156,448307554,2494447222
GL857412.1,Chr4_supercontig_000000693,4,82224,448389778,2494529446
GL857413.1,Chr4_supercontig_000000694,4,29511,448419289,2494558957
GL857414.1,Chr4_supercontig_000000695,4,75739,448495028,2494634696
GL857415.1,Chr4_supercontig_000000696,4,28192,448523220,2494662888
GL857416.1,Chr4_supercontig_000000697,4,132741,448655961,2494795629
GL857417.1,Chr4_supercontig_000000698,4,18026,448673987,2494813655
GL857418.1,Chr4_supercontig_000000699,4,77595,448751582,2494891250
GL857419.1,Chr4_supercontig_000000700,4,135376,448886958,2495026626
GL857420.1,Chr4_supercontig_000000701,4,27320,448914278,2495053946
GL857421.1,Chr4_supercontig_000000702,4,66340,448980618,2495120286
GL857422.1,Chr4_supercontig_000000703,4,102007,449082625,2495222293
GL857423.1,Chr4_supercontig_000000704,4,16070,449098695,2495238363
GL857424.1,Chr4_supercontig_000000705,4,111942,449210637,2495350305
GL857425.1,Chr4_supercontig_000000706,4,67931,449278568,2495418236
GL857426.1,Chr4_supercontig_000000707,4,197883,449476451,2495616119
GL857427.1,Chr4_supercontig_000000708,4,26971,449503422,2495643090
GL857428.1,Chr4_supercontig_000000709,4,73564,449576986,2495716654
GL857429.1,Chr4_supercontig_000000710,4,49122,449626108,2495765776
GL857430.1,Chr4_supercontig_000000711,4,42625,449668733,2495808401
GL857431.1,Chr4_supercontig_000000712,4,33320,449702053,2495841721
GL857432.1,Chr4_supercontig_000000713,4,17440,449719493,2495859161
GL857433.1,Chr4_supercontig_000000714,4,26085,449745578,2495885246
GL857434.1,Chr4_supercontig_000000715,4,37458,449783036,2495922704
GL857435.1,Chr4_supercontig_000000716,4,115064,449898100,2496037768
GL857436.1,Chr4_supercontig_000000717,4,163111,450061211,2496200879
GL857437.1,Chr4_supercontig_000000718,4,87675,450148886,2496288554
GL857438.1,Chr4_supercontig_000000719,4,113344,450262230,2496401898
GL857439.1,Chr4_supercontig_000000720,4,29916,450292146,2496431814
GL857440.1,Chr4_supercontig_000000721,4,60289,450352435,2496492103
GL857441.1,Chr4_supercontig_000000722,4,63407,450415842,2496555510
GL857442.1,Chr4_supercontig_000000723,4,54975,450470817,2496610485
GL857443.1,Chr4_supercontig_000000724,4,36277,450507094,2496646762
GL857444.1,Chr4_supercontig_000000725,4,19938,450527032,2496666700
GL857445.1,Chr4_supercontig_000000726,4,42167,450569199,2496708867
GL857446.1,Chr4_supercontig_000000727,4,38988,450608187,2496747855
GL857447.1,Chr4_supercontig_000000728,4,99705,450707892,2496847560
GL857448.1,Chr4_supercontig_000000729,4,29059,450736951,2496876619
GL857449.1,Chr4_supercontig_000000730,4,119634,450856585,2496996253
GL857450.1,Chr4_supercontig_000000731,4,44931,450901516,2497041184
GL857451.1,Chr4_supercontig_000000732,4,91640,450993156,2497132824
GL857452.1,Chr4_supercontig_000000733,4,138686,451131842,2497271510
GL857453.1,Chr4_supercontig_000000734,4,53609,451185451,2497325119
GL857454.1,Chr4_supercontig_000000735,4,100535,451285986,2497425654
GL857455.1,Chr4_supercontig_000000736,4,14154,451300140,2497439808
GL857456.1,Chr4_supercontig_000000737,4,19533,451319673,2497459341
GL857457.1,Chr4_supercontig_000000738,4,2035,451321708,2497461376
GL857458.1,Chr4_supercontig_000000739,4,37841,451359549,2497499217
GL857459.1,Chr4_supercontig_000000740,4,30097,451389646,2497529314
GL857460.1,Chr4_supercontig_000000741,4,87001,451476647,2497616315
GL857461.1,Chr4_supercontig_000000742,4,49431,451526078,2497665746
GL857462.1,Chr4_supercontig_000000743,4,59924,451586002,2497725670
GL857463.1,Chr4_supercontig_000000744,4,1917,451587919,2497727587
GL857464.1,Chr4_supercontig_000000745,4,88016,451675935,2497815603
GL857465.1,Chr4_supercontig_000000746,4,42567,451718502,2497858170
GL857466.1,Chr4_supercontig_000000747,4,144156,451862658,2498002326
GL857467.1,Chr4_supercontig_000000748,4,98135,451960793,2498100461
GL857468.1,Chr4_supercontig_000000749,4,133049,452093842,2498233510
GL857469.1,Chr4_supercontig_000000750,4,34839,452128681,2498268349
GL857470.1,Chr4_supercontig_000000751,4,100413,452229094,2498368762
GL857471.1,Chr4_supercontig_000000752,4,41901,452270995,2498410663
GL857472.1,Chr4_supercontig_000000753,4,87307,452358302,2498497970
GL857473.1,Chr4_supercontig_000000754,4,56950,452415252,2498554920
GL857474.1,Chr4_supercontig_000000755,4,21970,452437222,2498576890
GL857475.1,Chr4_supercontig_000000756,4,77259,452514481,2498654149
GL857476.1,Chr4_supercontig_000000757,4,136166,452650647,2498790315
GL857477.1,Chr4_supercontig_000000758,4,22632,452673279,2498812947
GL857478.1,Chr4_supercontig_000000759,4,84122,452757401,2498897069
GL857479.1,Chr4_supercontig_000000760,4,6277,452763678,2498903346
GL857480.1,Chr4_supercontig_000000761,4,49281,452812959,2498952627
GL857481.1,Chr4_supercontig_000000762,4,26130,452839089,2498978757
GL857482.1,Chr4_supercontig_000000763,4,56823,452895912,2499035580
GL857483.1,Chr4_supercontig_000000764,4,53056,452948968,2499088636
GL857484.1,Chr4_supercontig_000000765,4,140580,453089548,2499229216
GL857485.1,Chr4_supercontig_000000766,4,64003,453153551,2499293219
GL857486.1,Chr4_supercontig_000000767,4,82476,453236027,2499375695
GL857487.1,Chr4_supercontig_000000768,4,95873,453331900,2499471568
GL857488.1,Chr4_supercontig_000000769,4,24265,453356165,2499495833
GL857489.1,Chr4_supercontig_000000770,4,36125,453392290,2499531958
GL857490.1,Chr4_supercontig_000000771,4,23923,453416213,2499555881
GL857491.1,Chr4_supercontig_000000772,4,37539,453453752,2499593420
GL857492.1,Chr4_supercontig_000000773,4,29868,453483620,2499623288
GL857493.1,Chr4_supercontig_000000774,4,33816,453517436,2499657104
GL857494.1,Chr4_supercontig_000000775,4,56430,453573866,2499713534
GL857495.1,Chr4_supercontig_000000776,4,33833,453607699,2499747367
GL857496.1,Chr4_supercontig_000000777,4,18626,453626325,2499765993
GL857497.1,Chr4_supercontig_000000778,4,114825,453741150,2499880818
GL857498.1,Chr4_supercontig_000000779,4,38233,453779383,2499919051
GL857499.1,Chr4_supercontig_000000780,4,5608,453784991,2499924659
GL857500.1,Chr4_supercontig_000000781,4,45657,453830648,2499970316
GL857501.1,Chr4_supercontig_000000782,4,125290,453955938,2500095606
GL857502.1,Chr4_supercontig_000000783,4,36059,453991997,2500131665
GL857503.1,Chr4_supercontig_000000784,4,70428,454062425,2500202093
GL857504.1,Chr4_supercontig_000000785,4,37893,454100318,2500239986
GL857505.1,Chr4_supercontig_000000786,4,76162,454176480,2500316148
GL857506.1,Chr4_supercontig_000000787,4,30658,454207138,2500346806
GL857507.1,Chr4_supercontig_000000788,4,22577,454229715,2500369383
GL857508.1,Chr4_supercontig_000000789,4,69756,454299471,2500439139
GL857509.1,Chr4_supercontig_000000790,4,9836,454309307,2500448975
GL857510.1,Chr4_supercontig_000000791,4,68505,454377812,2500517480
GL857511.1,Chr4_supercontig_000000792,4,33280,454411092,2500550760
GL857512.1,Chr4_supercontig_000000793,4,271094,454682186,2500821854
GL857513.1,Chr4_supercontig_000000794,4,30221,454712407,2500852075
GL857514.1,Chr4_supercontig_000000795,4,39176,454751583,2500891251
GL857515.1,Chr4_supercontig_000000796,4,49080,454800663,2500940331
GL857516.1,Chr4_supercontig_000000797,4,22628,454823291,2500962959
GL857517.1,Chr4_supercontig_000000798,4,25834,454849125,2500988793
GL857518.1,Chr4_supercontig_000000799,4,129952,454979077,2501118745
GL857519.1,Chr4_supercontig_000000800,4,27493,455006570,2501146238
GL857520.1,Chr4_supercontig_000000801,4,86012,455092582,2501232250
GL857521.1,Chr4_supercontig_000000802,4,23738,455116320,2501255988
GL857522.1,Chr4_supercontig_000000803,4,54701,455171021,2501310689
GL857523.1,Chr4_supercontig_000000804,4,95565,455266586,2501406254
GL857524.1,Chr4_supercontig_000000805,4,71337,455337923,2501477591
GL857525.1,Chr4_supercontig_000000806,4,50894,455388817,2501528485
GL857526.1,Chr4_supercontig_000000807,4,37935,455426752,2501566420
GL857527.1,Chr4_supercontig_000000808,4,51590,455478342,2501618010
GL857528.1,Chr4_supercontig_000000809,4,76468,455554810,2501694478
GL857529.1,Chr4_supercontig_000000810,4,25312,455580122,2501719790
GL857530.1,Chr4_supercontig_000000811,4,62696,455642818,2501782486
GL857531.1,Chr4_supercontig_000000812,4,23643,455666461,2501806129
GL857532.1,Chr4_supercontig_000000813,4,53702,455720163,2501859831
GL857533.1,Chr4_supercontig_000000814,4,11146,455731309,2501870977
GL857534.1,Chr4_supercontig_000000815,4,84949,455816258,2501955926
GL857535.1,Chr4_supercontig_000000816,4,54540,455870798,2502010466
GL857536.1,Chr4_supercontig_000000817,4,57670,455928468,2502068136
GL857537.1,Chr4_supercontig_000000818,4,56658,455985126,2502124794
GL857538.1,Chr4_supercontig_000000819,4,25996,456011122,2502150790
GL857539.1,Chr4_supercontig_000000820,4,149715,456160837,2502300505
GL857540.1,Chr4_supercontig_000000821,4,75089,456235926,2502375594
GL857541.1,Chr4_supercontig_000000822,4,83186,456319112,2502458780
GL857542.1,Chr4_supercontig_000000823,4,13366,456332478,2502472146
GL857543.1,Chr4_supercontig_000000824,4,139944,456472422,2502612090
GL857544.1,Chr4_supercontig_000000825,4,20889,456493311,2502632979
GL857545.1,Chr4_supercontig_000000826,4,16096,456509407,2502649075
GL857546.1,Chr4_supercontig_000000827,4,65443,456574850,2502714518
GL857547.1,Chr4_supercontig_000000828,4,29950,456604800,2502744468
GL857548.1,Chr4_supercontig_000000829,4,35554,456640354,2502780022
GL857549.1,Chr4_supercontig_000000830,4,62128,456702482,2502842150
GL857550.1,Chr4_supercontig_000000831,4,36651,456739133,2502878801
GL857551.1,Chr4_supercontig_000000832,4,23480,456762613,2502902281
GL857552.1,Chr4_supercontig_000000833,4,4423,456767036,2502906704
GL857553.1,Chr4_supercontig_000000834,4,171597,456938633,2503078301
GL857554.1,Chr4_supercontig_000000835,4,33637,456972270,2503111938
GL857555.1,Chr4_supercontig_000000836,4,78198,457050468,2503190136
GL857556.1,Chr4_supercontig_000000837,4,15268,457065736,2503205404
GL857557.1,Chr4_supercontig_000000838,4,77446,457143182,2503282850
GL857558.1,Chr4_supercontig_000000839,4,64683,457207865,2503347533
GL857559.1,Chr4_supercontig_000000840,4,14992,457222857,2503362525
GL857560.1,Chr4_supercontig_000000841,4,70616,457293473,2503433141
GL857561.1,Chr4_supercontig_000000842,4,48438,457341911,2503481579
GL857562.1,Chr4_supercontig_000000843,4,19185,457361096,2503500764
GL857563.1,Chr4_supercontig_000000844,4,112617,457473713,2503613381
GL857564.1,Chr4_supercontig_000000845,4,99432,457573145,2503712813
GL857565.1,Chr4_supercontig_000000846,4,64797,457637942,2503777610
GL857566.1,Chr4_supercontig_000000847,4,63448,457701390,2503841058
GL857567.1,Chr4_supercontig_000000848,4,28637,457730027,2503869695
GL857568.1,Chr4_supercontig_000000849,4,12634,457742661,2503882329
GL857569.1,Chr4_supercontig_000000850,4,57062,457799723,2503939391
GL857570.1,Chr4_supercontig_000000851,4,32388,457832111,2503971779
GL857571.1,Chr4_supercontig_000000852,4,189357,458021468,2504161136
GL857572.1,Chr4_supercontig_000000853,4,29838,458051306,2504190974
GL857573.1,Chr4_supercontig_000000854,4,72107,458123413,2504263081
GL857574.1,Chr4_supercontig_000000855,4,28368,458151781,2504291449
GL857575.1,Chr4_supercontig_000000856,4,86647,458238428,2504378096
GL857576.1,Chr4_supercontig_000000857,4,25514,458263942,2504403610
GL857577.1,Chr4_supercontig_000000858,4,27050,458290992,2504430660
GL857578.1,Chr4_supercontig_000000859,4,16599,458307591,2504447259
GL857579.1,Chr4_supercontig_000000860,4,1515,458309106,2504448774
GL857580.1,Chr4_supercontig_000000861,4,76158,458385264,2504524932
GL857581.1,Chr4_supercontig_000000862,4,97281,458482545,2504622213
GL857582.1,Chr4_supercontig_000000863,4,18949,458501494,2504641162
GL857583.1,Chr4_supercontig_000000864,4,23353,458524847,2504664515
GL857584.1,Chr4_supercontig_000000865,4,107513,458632360,2504772028
GL857585.1,Chr4_supercontig_000000866,4,9367,458641727,2504781395
GL857586.1,Chr4_supercontig_000000867,4,33924,458675651,2504815319
GL857587.1,Chr4_supercontig_000000868,4,18597,458694248,2504833916
GL857588.1,Chr4_supercontig_000000869,4,46465,458740713,2504880381
GL857589.1,Chr4_supercontig_000000870,4,26718,458767431,2504907099
GL857590.1,Chr4_supercontig_000000871,4,12521,458779952,2504919620
GL857591.1,Chr4_supercontig_000000872,4,15925,458795877,2504935545
GL857592.1,Chr4_supercontig_000000873,4,49614,458845491,2504985159
GL857593.1,Chr4_supercontig_000000874,4,22874,458868365,2505008033
GL857594.1,Chr4_supercontig_000000875,4,26128,458894493,2505034161
GL857595.1,Chr4_supercontig_000000876,4,20259,458914752,2505054420
GL857596.1,Chr4_supercontig_000000877,4,32962,458947714,2505087382
GL857597.1,Chr4_supercontig_000000878,4,25695,458973409,2505113077
GL857598.1,Chr4_supercontig_000000879,4,14396,458987805,2505127473
GL857599.1,Chr4_supercontig_000000880,4,102600,459090405,2505230073
GL857600.1,Chr4_supercontig_000000881,4,10698,459101103,2505240771
GL857601.1,Chr4_supercontig_000000882,4,110362,459211465,2505351133
GL857602.1,Chr4_supercontig_000000883,4,67451,459278916,2505418584
GL857603.1,Chr4_supercontig_000000884,4,21045,459299961,2505439629
GL857604.1,Chr4_supercontig_000000885,4,2169,459302130,2505441798
GL857605.1,Chr4_supercontig_000000886,4,43872,459346002,2505485670
GL857606.1,Chr4_supercontig_000000887,4,54613,459400615,2505540283
GL857607.1,Chr4_supercontig_000000888,4,15347,459415962,2505555630
GL857608.1,Chr4_supercontig_000000889,4,30399,459446361,2505586029
GL857609.1,Chr4_supercontig_000000890,4,71027,459517388,2505657056
GL857610.1,Chr4_supercontig_000000891,4,47007,459564395,2505704063
GL857611.1,Chr4_supercontig_000000892,4,67896,459632291,2505771959
GL857612.1,Chr4_supercontig_000000893,4,18085,459650376,2505790044
GL857613.1,Chr4_supercontig_000000894,4,36822,459687198,2505826866
GL857614.1,Chr4_supercontig_000000895,4,60836,459748034,2505887702
GL857615.1,Chr4_supercontig_000000896,4,56357,459804391,2505944059
GL857616.1,Chr4_supercontig_000000897,4,35316,459839707,2505979375
GL857617.1,Chr4_supercontig_000000898,4,11384,459851091,2505990759
GL857618.1,Chr4_supercontig_000000899,4,19103,459870194,2506009862
GL857619.1,Chr4_supercontig_000000900,4,36289,459906483,2506046151
GL857620.1,Chr4_supercontig_000000901,4,23921,459930404,2506070072
GL857621.1,Chr4_supercontig_000000902,4,38862,459969266,2506108934
GL857622.1,Chr4_supercontig_000000903,4,56110,460025376,2506165044
GL857623.1,Chr4_supercontig_000000904,4,50015,460075391,2506215059
GL857624.1,Chr4_supercontig_000000905,4,24303,460099694,2506239362
GL857625.1,Chr4_supercontig_000000906,4,8190,460107884,2506247552
GL857626.1,Chr4_supercontig_000000907,4,4356,460112240,2506251908
GL857627.1,Chr4_supercontig_000000908,4,86027,460198267,2506337935
GL857628.1,Chr4_supercontig_000000909,4,31857,460230124,2506369792
GL857629.1,Chr4_supercontig_000000910,4,35026,460265150,2506404818
GL857630.1,Chr4_supercontig_000000911,4,66415,460331565,2506471233
GL857631.1,Chr4_supercontig_000000912,4,38771,460370336,2506510004
GL857632.1,Chr4_supercontig_000000913,4,36471,460406807,2506546475
GL857633.1,Chr4_supercontig_000000914,4,44142,460450949,2506590617
GL857634.1,Chr4_supercontig_000000915,4,31007,460481956,2506621624
GL857635.1,Chr4_supercontig_000000916,4,84265,460566221,2506705889
GL857636.1,Chr4_supercontig_000000917,4,129661,460695882,2506835550
GL857637.1,Chr4_supercontig_000000918,4,6749,460702631,2506842299
GL857638.1,Chr4_supercontig_000000919,4,137424,460840055,2506979723
GL857639.1,Chr4_supercontig_000000920,4,46755,460886810,2507026478
GL857640.1,Chr4_supercontig_000000921,4,114583,461001393,2507141061
GL857641.1,Chr4_supercontig_000000922,4,45886,461047279,2507186947
GL857642.1,Chr4_supercontig_000000923,4,62876,461110155,2507249823
GL857643.1,Chr4_supercontig_000000924,4,30156,461140311,2507279979
GL857644.1,Chr4_supercontig_000000925,4,33548,461173859,2507313527
GL857645.1,Chr4_supercontig_000000926,4,96800,461270659,2507410327
GL857646.1,Chr4_supercontig_000000927,4,17143,461287802,2507427470
GL857647.1,Chr4_supercontig_000000928,4,50402,461338204,2507477872
GL857648.1,Chr4_supercontig_000000929,4,150946,461489150,2507628818
GL857649.1,Chr4_supercontig_000000930,4,26334,461515484,2507655152
GL857650.1,Chr4_supercontig_000000931,4,45735,461561219,2507700887
GL857651.1,Chr4_supercontig_000000932,4,29007,461590226,2507729894
GL857652.1,Chr4_supercontig_000000933,4,81629,461671855,2507811523
GL857653.1,Chr4_supercontig_000000934,4,45048,461716903,2507856571
GL857654.1,Chr4_supercontig_000000935,4,37463,461754366,2507894034
GL857655.1,Chr4_supercontig_000000936,4,30821,461785187,2507924855
GL857656.1,Chr4_supercontig_000000937,4,221629,462006816,2508146484
GL857657.1,Chr4_supercontig_000000938,4,1415,462008231,2508147899
GL857658.1,Chr4_supercontig_000000939,4,39610,462047841,2508187509
GL857659.1,Chr4_supercontig_000000940,4,49071,462096912,2508236580
GL857660.1,Chr4_supercontig_000000941,4,38278,462135190,2508274858
GL857661.1,Chr4_supercontig_000000942,4,32108,462167298,2508306966
GL857662.1,Chr4_supercontig_000000943,4,66856,462234154,2508373822
GL857663.1,Chr4_supercontig_000000944,4,31420,462265574,2508405242
GL857664.1,Chr4_supercontig_000000945,4,30295,462295869,2508435537
GL857665.1,Chr4_supercontig_000000946,4,35944,462331813,2508471481
GL857666.1,Chr4_supercontig_000000947,4,7468,462339281,2508478949
GL857667.1,Chr4_supercontig_000000948,4,23888,462363169,2508502837
GL857668.1,Chr4_supercontig_000000949,4,10671,462373840,2508513508
GL857669.1,Chr4_supercontig_000000950,4,9977,462383817,2508523485
GL857670.1,Chr4_supercontig_000000951,4,27018,462410835,2508550503
GL857671.1,Chr4_supercontig_000000952,4,141183,462552018,2508691686
GL857672.1,Chr4_supercontig_000000953,4,57845,462609863,2508749531
GL857673.1,Chr4_supercontig_000000954,4,15523,462625386,2508765054
GL857674.1,Chr4_supercontig_000000955,4,43862,462669248,2508808916
GL857675.1,Chr4_supercontig_000000956,4,27808,462697056,2508836724
GL857676.1,Chr4_supercontig_000000957,4,66878,462763934,2508903602
GL857677.1,Chr4_supercontig_000000958,4,26518,462790452,2508930120
GL857678.1,Chr4_supercontig_000000959,4,26049,462816501,2508956169
GL857679.1,Chr4_supercontig_000000960,4,18858,462835359,2508975027
GL857680.1,Chr4_supercontig_000000961,4,36748,462872107,2509011775
GL857681.1,Chr4_supercontig_000000962,4,116037,462988144,2509127812
GL857682.1,Chr4_supercontig_000000963,4,35987,463024131,2509163799
GL857683.1,Chr4_supercontig_000000964,4,19838,463043969,2509183637
GL857684.1,Chr4_supercontig_000000965,4,108699,463152668,2509292336
GL857685.1,Chr4_supercontig_000000966,4,13167,463165835,2509305503
GL857686.1,Chr4_supercontig_000000967,4,66980,463232815,2509372483
GL857687.1,Chr4_supercontig_000000968,4,124818,463357633,2509497301
GL857688.1,Chr4_supercontig_000000969,4,13399,463371032,2509510700
GL857689.1,Chr4_supercontig_000000970,4,34470,463405502,2509545170
GL857690.1,Chr4_supercontig_000000971,4,38256,463443758,2509583426
GL857691.1,Chr4_supercontig_000000972,4,85385,463529143,2509668811
GL857692.1,Chr4_supercontig_000000973,4,43740,463572883,2509712551
GL857693.1,Chr4_supercontig_000000974,4,70069,463642952,2509782620
GL857694.1,Chr4_supercontig_000000975,4,36617,463679569,2509819237
GL857695.1,Chr4_supercontig_000000976,4,60226,463739795,2509879463
GL857696.1,Chr4_supercontig_000000977,4,123876,463863671,2510003339
GL857697.1,Chr4_supercontig_000000978,4,27569,463891240,2510030908
GL857698.1,Chr4_supercontig_000000979,4,19747,463910987,2510050655
GL857699.1,Chr4_supercontig_000000980,4,71589,463982576,2510122244
GL857700.1,Chr4_supercontig_000000981,4,34470,464017046,2510156714
GL857701.1,Chr4_supercontig_000000982,4,67161,464084207,2510223875
GL857702.1,Chr4_supercontig_000000983,4,69901,464154108,2510293776
GL857703.1,Chr4_supercontig_000000984,4,53360,464207468,2510347136
GL857704.1,Chr4_supercontig_000000985,4,30961,464238429,2510378097
GL857705.1,Chr4_supercontig_000000986,4,2232,464240661,2510380329
GL857706.1,Chr4_supercontig_000000987,4,67791,464308452,2510448120
GL857707.1,Chr4_supercontig_000000988,4,28350,464336802,2510476470
GL857708.1,Chr4_supercontig_000000989,4,39386,464376188,2510515856
GL857709.1,Chr4_supercontig_000000990,4,19768,464395956,2510535624
GL857710.1,Chr4_supercontig_000000991,4,23966,464419922,2510559590
GL857711.1,Chr4_supercontig_000000992,4,78737,464498659,2510638327
GL857712.1,Chr4_supercontig_000000993,4,9996,464508655,2510648323
GL857713.1,Chr4_supercontig_000000994,4,13524,464522179,2510661847
GL857714.1,Chr4_supercontig_000000995,4,9830,464532009,2510671677
GL857715.1,Chr4_supercontig_000000996,4,55517,464587526,2510727194
GL857716.1,Chr4_supercontig_000000997,4,18922,464606448,2510746116
GL857717.1,Chr4_supercontig_000000998,4,88520,464694968,2510834636
GL857718.1,Chr4_supercontig_000000999,4,10955,464705923,2510845591
GL857719.1,Chr4_supercontig_000001000,4,42055,464747978,2510887646
GL857720.1,Chr4_supercontig_000001001,4,19318,464767296,2510906964
GL857721.1,Chr4_supercontig_000001002,4,1937,464769233,2510908901
GL857722.1,Chr4_supercontig_000001003,4,3524,464772757,2510912425
GL857723.1,Chr4_supercontig_000001004,4,21340,464794097,2510933765
GL857724.1,Chr4_supercontig_000001005,4,52165,464846262,2510985930
GL857725.1,Chr4_supercontig_000001006,4,45226,464891488,2511031156
GL857726.1,Chr4_supercontig_000001007,4,58743,464950231,2511089899
GL857727.1,Chr4_supercontig_000001008,4,42914,464993145,2511132813
GL857728.1,Chr4_supercontig_000001009,4,24127,465017272,2511156940
GL857729.1,Chr4_supercontig_000001010,4,15699,465032971,2511172639
GL857730.1,Chr4_supercontig_000001011,4,14699,465047670,2511187338
GL857731.1,Chr4_supercontig_000001012,4,36890,465084560,2511224228
GL857732.1,Chr4_supercontig_000001013,4,31843,465116403,2511256071
GL857733.1,Chr4_supercontig_000001014,4,47942,465164345,2511304013
GL857734.1,Chr4_supercontig_000001015,4,41510,465205855,2511345523
GL857735.1,Chr4_supercontig_000001016,4,65651,465271506,2511411174
GL857736.1,Chr4_supercontig_000001017,4,72729,465344235,2511483903
GL857737.1,Chr4_supercontig_000001018,4,39893,465384128,2511523796
GL857738.1,Chr4_supercontig_000001019,4,161746,465545874,2511685542
GL857739.1,Chr4_supercontig_000001020,4,36195,465582069,2511721737
GL857740.1,Chr4_supercontig_000001021,4,759,465582828,2511722496
GL857741.1,Chr4_supercontig_000001022,4,49915,465632743,2511772411
GL857742.1,Chr4_supercontig_000001023,4,24740,465657483,2511797151
GL857743.1,Chr4_supercontig_000001024,4,53720,465711203,2511850871
GL857744.1,Chr4_supercontig_000001025,4,18653,465729856,2511869524
GL857745.1,Chr4_supercontig_000001026,4,58320,465788176,2511927844
GL857746.1,Chr4_supercontig_000001027,4,32636,465820812,2511960480
GL857747.1,Chr4_supercontig_000001028,4,38699,465859511,2511999179
GL857748.1,Chr4_supercontig_000001029,4,45148,465904659,2512044327
GL857749.1,Chr4_supercontig_000001030,4,41873,465946532,2512086200
GL857750.1,Chr4_supercontig_000001031,4,23901,465970433,2512110101
GL857751.1,Chr4_supercontig_000001032,4,17936,465988369,2512128037
GL857752.1,Chr4_supercontig_000001033,4,19167,466007536,2512147204
GL857753.1,Chr4_supercontig_000001034,4,65493,466073029,2512212697
GL857754.1,Chr4_supercontig_000001035,4,37691,466110720,2512250388
GL857755.1,Chr4_supercontig_000001036,4,14957,466125677,2512265345
GL857756.1,Chr4_supercontig_000001037,4,49120,466174797,2512314465
GL857757.1,Chr4_supercontig_000001038,4,48185,466222982,2512362650
GL857758.1,Chr4_supercontig_000001039,4,53224,466276206,2512415874
GL857759.1,Chr4_supercontig_000001040,4,51109,466327315,2512466983
GL857760.1,Chr4_supercontig_000001041,4,15428,466342743,2512482411
GL857761.1,Chr4_supercontig_000001042,4,35975,466378718,2512518386
GL857762.1,Chr4_supercontig_000001043,4,46476,466425194,2512564862
GL857763.1,Chr4_supercontig_000001044,4,15590,466440784,2512580452
GL857764.1,Chr4_supercontig_000001045,4,68240,466509024,2512648692
GL857765.1,Chr4_supercontig_000001046,4,7656,466516680,2512656348
GL857766.1,Chr4_supercontig_000001047,4,134971,466651651,2512791319
GL857767.1,Chr4_supercontig_000001048,4,32886,466684537,2512824205
GL857768.1,Chr4_supercontig_000001049,4,27768,466712305,2512851973
GL857769.1,Chr4_supercontig_000001050,4,1325,466713630,2512853298
GL857770.1,Chr4_supercontig_000001051,4,22282,466735912,2512875580
GL857771.1,Chr4_supercontig_000001052,4,36134,466772046,2512911714
GL857772.1,Chr4_supercontig_000001053,4,32792,466804838,2512944506
GL857773.1,Chr4_supercontig_000001054,4,6353,466811191,2512950859
GL857774.1,Chr4_supercontig_000001055,4,26583,466837774,2512977442
GL857775.1,Chr4_supercontig_000001056,4,27269,466865043,2513004711
GL857776.1,Chr4_supercontig_000001057,4,11643,466876686,2513016354
GL857777.1,Chr4_supercontig_000001058,4,40661,466917347,2513057015
GL857778.1,Chr4_supercontig_000001059,4,5109,466922456,2513062124
GL857779.1,Chr4_supercontig_000001060,4,49196,466971652,2513111320
GL857780.1,Chr4_supercontig_000001061,4,30727,467002379,2513142047
GL857781.1,Chr4_supercontig_000001062,4,4260,467006639,2513146307
GL857782.1,Chr4_supercontig_000001063,4,22918,467029557,2513169225
GL857783.1,Chr4_supercontig_000001064,4,8139,467037696,2513177364
GL857784.1,Chr4_supercontig_000001065,4,17102,467054798,2513194466
GL857785.1,Chr4_supercontig_000001066,4,8755,467063553,2513203221
GL857786.1,Chr4_supercontig_000001067,4,36099,467099652,2513239320
GL857787.1,Chr4_supercontig_000001068,4,24794,467124446,2513264114
GL857788.1,Chr4_supercontig_000001069,4,41404,467165850,2513305518
GL857789.1,Chr4_supercontig_000001070,4,33067,467198917,2513338585
GL857790.1,Chr4_supercontig_000001071,4,24660,467223577,2513363245
GL857791.1,Chr4_supercontig_000001072,4,20937,467244514,2513384182
GL857792.1,Chr4_supercontig_000001073,4,3844,467248358,2513388026
GL857793.1,Chr4_supercontig_000001074,4,17514,467265872,2513405540
GL857794.1,Chr4_supercontig_000001075,4,33986,467299858,2513439526
GL857795.1,Chr4_supercontig_000001076,4,16226,467316084,2513455752
GL857796.1,Chr4_supercontig_000001077,4,31786,467347870,2513487538
GL857797.1,Chr4_supercontig_000001078,4,92637,467440507,2513580175
GL857798.1,Chr4_supercontig_000001079,4,77140,467517647,2513657315
GL857799.1,Chr4_supercontig_000001080,4,4676,467522323,2513661991
GL857800.1,Chr4_supercontig_000001081,4,11858,467534181,2513673849
GL857801.1,Chr4_supercontig_000001082,4,18958,467553139,2513692807
GL857802.1,Chr4_supercontig_000001083,4,57730,467610869,2513750537
GL857803.1,Chr4_supercontig_000001084,4,12919,467623788,2513763456
GL857804.1,Chr4_supercontig_000001085,4,11148,467634936,2513774604
GL857805.1,Chr4_supercontig_000001086,4,65294,467700230,2513839898
GL857806.1,Chr4_supercontig_000001087,4,123253,467823483,2513963151
GL857807.1,Chr4_supercontig_000001088,4,5738,467829221,2513968889
GL857808.1,Chr4_supercontig_000001089,4,10361,467839582,2513979250
GL857809.1,Chr4_supercontig_000001090,4,6895,467846477,2513986145
GL857810.1,Chr4_supercontig_000001091,4,28749,467875226,2514014894
GL857811.1,Chr4_supercontig_000001092,4,9039,467884265,2514023933
GL857812.1,Chr4_supercontig_000001093,4,21759,467906024,2514045692
GL857813.1,Chr4_supercontig_000001094,4,37249,467943273,2514082941
GL857814.1,Chr4_supercontig_000001095,4,37990,467981263,2514120931
GL857815.1,Chr4_supercontig_000001096,4,30585,468011848,2514151516
GL857816.1,Chr4_supercontig_000001097,4,32203,468044051,2514183719
GL857817.1,Chr4_supercontig_000001098,4,3589,468047640,2514187308
GL857818.1,Chr4_supercontig_000001099,4,26101,468073741,2514213409
GL857819.1,Chr4_supercontig_000001100,4,19095,468092836,2514232504
GL857820.1,Chr4_supercontig_000001101,4,9886,468102722,2514242390
GL857821.1,Chr4_supercontig_000001102,4,33958,468136680,2514276348
GL857822.1,Chr4_supercontig_000001103,4,16934,468153614,2514293282
GL857823.1,Chr4_supercontig_000001104,4,30451,468184065,2514323733
GL857824.1,Chr4_supercontig_000001105,4,1519,468185584,2514325252
GL857825.1,Chr4_supercontig_000001106,4,59152,468244736,2514384404
GL857826.1,Chr4_supercontig_000001107,4,11037,468255773,2514395441
GL857827.1,Chr4_supercontig_000001108,4,13909,468269682,2514409350
GL857828.1,Chr4_supercontig_000001109,4,47533,468317215,2514456883
GL857829.1,Chr4_supercontig_000001110,4,17666,468334881,2514474549
GL857830.1,Chr4_supercontig_000001111,4,2662,468337543,2514477211
GL857831.1,Chr4_supercontig_000001112,4,28676,468366219,2514505887
GL857832.1,Chr4_supercontig_000001113,4,42289,468408508,2514548176
GL857833.1,Chr4_supercontig_000001114,4,21767,468430275,2514569943
GL857834.1,Chr4_supercontig_000001115,4,12991,468443266,2514582934
GL857835.1,Chr4_supercontig_000001116,4,30854,468474120,2514613788
GL857836.1,Chr4_supercontig_000001117,4,25335,468499455,2514639123
GL857837.1,Chr4_supercontig_000001118,4,15350,468514805,2514654473
GL857838.1,Chr4_supercontig_000001119,4,2380,468517185,2514656853
GL857839.1,Chr4_supercontig_000001120,4,16872,468534057,2514673725
GL857840.1,Chr4_supercontig_000001121,4,18381,468552438,2514692106
GL857841.1,Chr4_supercontig_000001122,4,41145,468593583,2514733251
GL857842.1,Chr4_supercontig_000001123,4,22848,468616431,2514756099
GL857843.1,Chr4_supercontig_000001124,4,9445,468625876,2514765544
GL857844.1,Chr4_supercontig_000001125,4,12092,468637968,2514777636
GL857845.1,Chr4_supercontig_000001126,4,11544,468649512,2514789180
GL857846.1,Chr4_supercontig_000001127,4,14906,468664418,2514804086
GL857847.1,Chr4_supercontig_000001128,4,45488,468709906,2514849574
GL857848.1,Chr4_supercontig_000001129,4,41122,468751028,2514890696
GL857849.1,Chr4_supercontig_000001130,4,42893,468793921,2514933589
GL857850.1,Chr4_supercontig_000001131,4,25470,468819391,2514959059
GL857851.1,Chr4_supercontig_000001132,4,24460,468843851,2514983519
GL857852.1,Chr4_supercontig_000001133,4,5673,468849524,2514989192
GL857853.1,Chr4_supercontig_000001134,4,105164,468954688,2515094356
GL857854.1,Chr4_supercontig_000001135,4,30912,468985600,2515125268
GL857855.1,Chr4_supercontig_000001136,4,13483,468999083,2515138751
GL857856.1,Chr4_supercontig_000001137,4,19622,469018705,2515158373
GL857857.1,Chr4_supercontig_000001138,4,10464,469029169,2515168837
GL857858.1,Chr4_supercontig_000001139,4,27679,469056848,2515196516
GL857859.1,Chr4_supercontig_000001140,4,68838,469125686,2515265354
GL857860.1,Chr4_supercontig_000001141,4,25028,469150714,2515290382
GL857861.1,Chr4_supercontig_000001142,4,24688,469175402,2515315070
GL857862.1,Chr4_supercontig_000001143,4,23482,469198884,2515338552
GL857863.1,Chr4_supercontig_000001144,4,44875,469243759,2515383427
GL857864.1,Chr4_supercontig_000001145,4,57296,469301055,2515440723
GL857865.1,Chr4_supercontig_000001146,4,10863,469311918,2515451586
GL857866.1,Chr4_supercontig_000001147,4,23400,469335318,2515474986
GL857867.1,Chr4_supercontig_000001148,4,86388,469421706,2515561374
GL857868.1,Chr4_supercontig_000001149,4,2792,469424498,2515564166
GL857869.1,Chr4_supercontig_000001150,4,16068,469440566,2515580234
GL857870.1,Chr4_supercontig_000001151,4,73691,469514257,2515653925
GL857871.1,Chr4_supercontig_000001152,4,14391,469528648,2515668316
GL857872.1,Chr4_supercontig_000001153,4,32089,469560737,2515700405
GL857873.1,Chr4_supercontig_000001154,4,1587,469562324,2515701992
GL857874.1,Chr4_supercontig_000001155,4,49156,469611480,2515751148
GL857875.1,Chr4_supercontig_000001156,4,17896,469629376,2515769044
GL857876.1,Chr4_supercontig_000001157,4,6452,469635828,2515775496
GL857877.1,Chr4_supercontig_000001158,4,36737,469672565,2515812233
GL857878.1,Chr4_supercontig_000001159,4,15384,469687949,2515827617
GL857879.1,Chr4_supercontig_000001160,4,4052,469692001,2515831669
GL857880.1,Chr4_supercontig_000001161,4,59586,469751587,2515891255
GL857881.1,Chr4_supercontig_000001162,4,4782,469756369,2515896037
GL857882.1,Chr4_supercontig_000001163,4,18609,469774978,2515914646
GL857883.1,Chr4_supercontig_000001164,4,19585,469794563,2515934231
GL857884.1,Chr4_supercontig_000001165,4,41036,469835599,2515975267
GL857885.1,Chr4_supercontig_000001166,4,32181,469867780,2516007448
GL857886.1,Chr4_supercontig_000001167,4,5573,469873353,2516013021
GL857887.1,Chr4_supercontig_000001168,4,8502,469881855,2516021523
GL857888.1,Chr4_supercontig_000001169,4,4172,469886027,2516025695
GL857889.1,Chr4_supercontig_000001170,4,24782,469910809,2516050477
GL857890.1,Chr4_supercontig_000001171,4,13142,469923951,2516063619
GL857891.1,Chr4_supercontig_000001172,4,45896,469969847,2516109515
GL857892.1,Chr4_supercontig_000001173,4,18614,469988461,2516128129
GL857893.1,Chr4_supercontig_000001174,4,64122,470052583,2516192251
GL857894.1,Chr4_supercontig_000001175,4,3901,470056484,2516196152
GL857895.1,Chr4_supercontig_000001176,4,7991,470064475,2516204143
GL857896.1,Chr4_supercontig_000001177,4,12344,470076819,2516216487
GL857897.1,Chr4_supercontig_000001178,4,5931,470082750,2516222418
GL857898.1,Chr4_supercontig_000001179,4,34729,470117479,2516257147
GL857899.1,Chr4_supercontig_000001180,4,1891,470119370,2516259038
GL857900.1,Chr4_supercontig_000001181,4,3649,470123019,2516262687
GL857901.1,Chr4_supercontig_000001182,4,22170,470145189,2516284857
GL857902.1,Chr4_supercontig_000001183,4,32201,470177390,2516317058
GL857903.1,Chr4_supercontig_000001184,4,23293,470200683,2516340351
GL857904.1,Chr4_supercontig_000001185,4,5444,470206127,2516345795
GL857905.1,Chr4_supercontig_000001186,4,4993,470211120,2516350788
GL857906.1,Chr4_supercontig_000001187,4,13768,470224888,2516364556
GL857907.1,Chr4_supercontig_000001188,4,19819,470244707,2516384375
GL857908.1,Chr4_supercontig_000001189,4,4876,470249583,2516389251
GL857909.1,Chr4_supercontig_000001190,4,3505,470253088,2516392756
GL857910.1,Chr4_supercontig_000001191,4,1448,470254536,2516394204
GL857911.1,Chr4_supercontig_000001192,4,29057,470283593,2516423261
GL857912.1,Chr4_supercontig_000001193,4,19776,470303369,2516443037
GL857913.1,Chr4_supercontig_000001194,4,17866,470321235,2516460903
GL857914.1,Chr4_supercontig_000001195,4,3492,470324727,2516464395
GL857915.1,Chr4_supercontig_000001196,4,18539,470343266,2516482934
GL857916.1,Chr4_supercontig_000001197,4,13800,470357066,2516496734
GL857917.1,Chr4_supercontig_000001198,4,63235,470420301,2516559969
GL857918.1,Chr4_supercontig_000001199,4,4451,470424752,2516564420
GL857919.1,Chr4_supercontig_000001200,4,16471,470441223,2516580891
GL857920.1,Chr4_supercontig_000001201,4,5788,470447011,2516586679
GL857921.1,Chr4_supercontig_000001202,4,2867,470449878,2516589546
GL857922.1,Chr4_supercontig_000001203,4,11703,470461581,2516601249
GL857923.1,Chr4_supercontig_000001204,4,8461,470470042,2516609710
GL857924.1,Chr4_supercontig_000001205,4,3513,470473555,2516613223
GL857925.1,Chr4_supercontig_000001206,4,3354,470476909,2516616577
GL857926.1,Chr4_supercontig_000001207,4,1519,470478428,2516618096
GL857927.1,Chr4_supercontig_000001208,4,17014,470495442,2516635110
GL857928.1,Chr4_supercontig_000001209,4,21581,470517023,2516656691
GL857929.1,Chr4_supercontig_000001210,4,7147,470524170,2516663838
GL857930.1,Chr4_supercontig_000001211,4,16916,470541086,2516680754
GL857931.1,Chr4_supercontig_000001212,4,21446,470562532,2516702200
GL857932.1,Chr4_supercontig_000001213,4,4507,470567039,2516706707
GL857933.1,Chr4_supercontig_000001214,4,4376,470571415,2516711083
GL857934.1,Chr4_supercontig_000001215,4,7339,470578754,2516718422
GL857935.1,Chr4_supercontig_000001216,4,2121,470580875,2516720543
GL857936.1,Chr4_supercontig_000001217,4,4663,470585538,2516725206
GL857937.1,Chr4_supercontig_000001218,4,1840,470587378,2516727046
GL857938.1,Chr4_supercontig_000001219,4,4662,470592040,2516731708
GL857939.1,Chr4_supercontig_000001220,4,1740,470593780,2516733448
GL857940.1,Chr4_supercontig_000001221,4,1752,470595532,2516735200
GL857941.1,Chr4_supercontig_000001222,4,2857,470598389,2516738057
GL857942.1,Chr4_supercontig_000001223,4,1795,470600184,2516739852
GL857943.1,Chr4_supercontig_000001224,4,2469,470602653,2516742321
GL857944.1,Chr4_supercontig_000001225,4,2249,470604902,2516744570
GL857945.1,Chr4_supercontig_000001226,4,1794,470606696,2516746364
GL857946.1,Chr4_supercontig_000001227,4,1527,470608223,2516747891
GL857947.1,Chr4_supercontig_000001228,4,1648,470609871,2516749539
GL857948.1,Chr4_supercontig_000001229,4,1907,470611778,2516751446
GL857949.1,Chr4_supercontig_000001230,4,2022,470613800,2516753468
GL857950.1,Chr4_supercontig_000001231,4,1600,470615400,2516755068
GL857951.1,Chr4_supercontig_000001232,4,1606,470617006,2516756674
GL857952.1,Chr4_supercontig_000001233,4,1795,470618801,2516758469
GL857953.1,Chr4_supercontig_000001234,4,11578,470630379,2516770047
GL857954.1,Chr4_supercontig_000001235,4,1873,470632252,2516771920
GL857955.1,Chr4_supercontig_000001236,4,2843,470635095,2516774763
GL857956.1,Chr4_supercontig_000001237,4,1705,470636800,2516776468
GL857957.1,Chr4_supercontig_000001238,4,1826,470638626,2516778294
GL857958.1,Chr4_supercontig_000001239,4,1583,470640209,2516779877
GL857959.1,Chr4_supercontig_000001240,4,1694,470641903,2516781571
GL857960.1,Chr4_supercontig_000001241,4,3334,470645237,2516784905
GL857961.1,Chr4_supercontig_000001242,4,1667,470646904,2516786572
GL857962.1,Chr4_supercontig_000001243,4,2448,470649352,2516789020
GL857963.1,Chr4_supercontig_000001244,4,2080,470651432,2516791100
GL857964.1,Chr4_supercontig_000001245,4,1699,470653131,2516792799
GL857965.1,Chr4_supercontig_000001246,4,2688,470655819,2516795487
GL857966.1,Chr4_supercontig_000001247,4,1623,470657442,2516797110
GL857967.1,Chr4_supercontig_000001248,4,2220,470659662,2516799330
GL857968.1,Chr4_supercontig_000001249,4,2408,470662070,2516801738
GL857969.1,Chr4_supercontig_000001250,4,1557,470663627,2516803295
GL857970.1,Chr4_supercontig_000001251,4,2066,470665693,2516805361
GL857971.1,Chr4_supercontig_000001252,4,1535,470667228,2516806896
GL857972.1,Chr4_supercontig_000001253,4,1972,470669200,2516808868
GL857973.1,Chr4_supercontig_000001254,4,5028,470674228,2516813896
GL857974.1,Chr4_supercontig_000001255,4,1851,470676079,2516815747
GL857975.1,Chr4_supercontig_000001256,4,1712,470677791,2516817459
GL857976.1,Chr4_supercontig_000001257,4,1545,470679336,2516819004
GL857977.1,Chr4_supercontig_000001258,4,9885,470689221,2516828889
GL857978.1,Chr4_supercontig_000001259,4,3138,470692359,2516832027
GL857979.1,Chr4_supercontig_000001260,4,5343,470697702,2516837370
GL857980.1,Chr4_supercontig_000001261,4,1734,470699436,2516839104
GL857981.1,Chr4_supercontig_000001262,4,2007,470701443,2516841111
GL857982.1,Chr4_supercontig_000001263,4,2048,470703491,2516843159
GL857983.1,Chr4_supercontig_000001264,4,3360,470706851,2516846519
GL857984.1,Chr4_supercontig_000001265,4,1562,470708413,2516848081
GL857985.1,Chr4_supercontig_000001266,4,1657,470710070,2516849738
GL857986.1,Chr4_supercontig_000001267,4,1711,470711781,2516851449
GL857987.1,Chr4_supercontig_000001268,4,3002,470714783,2516854451
GL857988.1,Chr4_supercontig_000001269,4,1770,470716553,2516856221
GL857989.1,Chr4_supercontig_000001270,4,1830,470718383,2516858051
GL857990.1,Chr4_supercontig_000001271,4,1916,470720299,2516859967
GL857991.1,Chr4_supercontig_000001272,4,1871,470722170,2516861838
GL857992.1,Chr4_supercontig_000001273,4,1974,470724144,2516863812
GL857993.1,Chr4_supercontig_000001274,4,2064,470726208,2516865876
GL857994.1,Chr4_supercontig_000001275,4,1591,470727799,2516867467
GL857995.1,Chr4_supercontig_000001276,4,1901,470729700,2516869368
GL857996.1,Chr4_supercontig_000001277,4,1769,470731469,2516871137
GL857997.1,Chr4_supercontig_000001278,4,1739,470733208,2516872876
GL857998.1,Chr4_supercontig_000001279,4,1711,470734919,2516874587
GL857999.1,Chr4_supercontig_000001280,4,2044,470736963,2516876631
GL858000.1,Chr4_supercontig_000001281,4,4498,470741461,2516881129
GL858001.1,Chr4_supercontig_000001282,4,1571,470743032,2516882700
GL858002.1,Chr4_supercontig_000001283,4,1691,470744723,2516884391
GL858003.1,Chr4_supercontig_000001284,4,2522,470747245,2516886913
GL858004.1,Chr4_supercontig_000001285,4,2233,470749478,2516889146
GL858005.1,Chr4_supercontig_000001286,4,1796,470751274,2516890942
GL858006.1,Chr4_supercontig_000001287,4,1579,470752853,2516892521
GL858007.1,Chr4_supercontig_000001288,4,1925,470754778,2516894446
GL858008.1,Chr4_supercontig_000001289,4,2180,470756958,2516896626
GL858009.1,Chr4_supercontig_000001290,4,2502,470759460,2516899128
GL858010.1,Chr4_supercontig_000001291,4,2737,470762197,2516901865
GL858011.1,Chr4_supercontig_000001292,4,2129,470764326,2516903994
GL858012.1,Chr4_supercontig_000001293,4,1875,470766201,2516905869
GL858013.1,Chr4_supercontig_000001294,4,1688,470767889,2516907557
GL858014.1,Chr4_supercontig_000001295,4,1684,470769573,2516909241
GL858015.1,Chr4_supercontig_000001296,4,1773,470771346,2516911014
GL858016.1,Chr4_supercontig_000001297,4,1504,470772850,2516912518
GL858017.1,Chr4_supercontig_000001298,4,8631,470781481,2516921149
GL858018.1,Chr4_supercontig_000001299,4,3526,470785007,2516924675
GL858019.1,Chr4_supercontig_000001300,4,2399,470787406,2516927074
GL858020.1,Chr4_supercontig_000001301,4,2233,470789639,2516929307
GL858021.1,Chr4_supercontig_000001302,4,2016,470791655,2516931323
GL858022.1,Chr4_supercontig_000001303,4,1636,470793291,2516932959
GL858023.1,Chr4_supercontig_000001304,4,4311,470797602,2516937270
GL858024.1,Chr4_supercontig_000001305,4,2234,470799836,2516939504
GL858025.1,Chr4_supercontig_000001306,4,1565,470801401,2516941069
GL858026.1,Chr4_supercontig_000001307,4,1688,470803089,2516942757
GL858027.1,Chr4_supercontig_000001308,4,1843,470804932,2516944600
GL858028.1,Chr4_supercontig_000001309,4,2639,470807571,2516947239
GL858029.1,Chr4_supercontig_000001310,4,2011,470809582,2516949250
GL858030.1,Chr4_supercontig_000001311,4,1507,470811089,2516950757
GL858031.1,Chr4_supercontig_000001312,4,1667,470812756,2516952424
GL858032.1,Chr4_supercontig_000001313,4,4978,470817734,2516957402
GL858033.1,Chr4_supercontig_000001314,4,1543,470819277,2516958945
GL858034.1,Chr4_supercontig_000001315,4,2492,470821769,2516961437
GL858035.1,Chr4_supercontig_000001316,4,1690,470823459,2516963127
GL858036.1,Chr4_supercontig_000001317,4,3200,470826659,2516966327
GL858037.1,Chr4_supercontig_000001318,4,1939,470828598,2516968266
GL858038.1,Chr4_supercontig_000001319,4,2436,470831034,2516970702
GL858039.1,Chr4_supercontig_000001320,4,1906,470832940,2516972608
GL858040.1,Chr4_supercontig_000001321,4,1973,470834913,2516974581
GL858041.1,Chr4_supercontig_000001322,4,1921,470836834,2516976502
GL858042.1,Chr4_supercontig_000001323,4,4525,470841359,2516981027
GL858043.1,Chr4_supercontig_000001324,4,2343,470843702,2516983370
GL858044.1,Chr4_supercontig_000001325,4,2776,470846478,2516986146
GL858045.1,Chr4_supercontig_000001326,4,2827,470849305,2516988973
GL858046.1,Chr4_supercontig_000001327,4,2139,470851444,2516991112
GL858047.1,Chr4_supercontig_000001328,4,3013,470854457,2516994125
GL858048.1,Chr4_supercontig_000001329,4,3683,470858140,2516997808
GL858049.1,Chr4_supercontig_000001330,4,1531,470859671,2516999339
GL858050.1,Chr4_supercontig_000001331,4,6469,470866140,2517005808
GL858051.1,Chr4_supercontig_000001332,4,2862,470869002,2517008670
GL858052.1,Chr4_supercontig_000001333,4,2222,470871224,2517010892
GL858053.1,Chr4_supercontig_000001334,4,5726,470876950,2517016618
GL858054.1,Chr4_supercontig_000001335,4,1836,470878786,2517018454
GL858055.1,Chr4_supercontig_000001336,4,5244,470884030,2517023698
GL858056.1,Chr4_supercontig_000001337,4,3819,470887849,2517027517
GL858057.1,Chr4_supercontig_000001338,4,8049,470895898,2517035566
GL858058.1,Chr4_supercontig_000001339,4,3242,470899140,2517038808
GL858059.1,Chr4_supercontig_000001340,4,2018,470901158,2517040826
GL858060.1,Chr4_supercontig_000001341,4,7119,470908277,2517047945
GL858061.1,Chr4_supercontig_000001342,4,1552,470909829,2517049497
GL858062.1,Chr4_supercontig_000001343,4,1570,470911399,2517051067
GL858063.1,Chr4_supercontig_000001344,4,2360,470913759,2517053427
GL858064.1,Chr4_supercontig_000001345,4,12615,470926374,2517066042
GL858065.1,Chr4_supercontig_000001346,4,1886,470928260,2517067928
GL858066.1,Chr4_supercontig_000001347,4,5376,470933636,2517073304
GL858067.1,Chr4_supercontig_000001348,4,2090,470935726,2517075394
GL858068.1,Chr4_supercontig_000001349,4,2820,470938546,2517078214
GL858069.1,Chr4_supercontig_000001350,4,2219,470940765,2517080433
GL858070.1,Chr4_supercontig_000001351,4,2031,470942796,2517082464
GL858071.1,Chr4_supercontig_000001352,4,2314,470945110,2517084778
GL858072.1,Chr4_supercontig_000001353,4,1889,470946999,2517086667
GL858073.1,Chr4_supercontig_000001354,4,1697,470948696,2517088364
GL858074.1,Chr4_supercontig_000001355,4,1717,470950413,2517090081
GL858075.1,Chr4_supercontig_000001356,4,1555,470951968,2517091636
GL858076.1,Chr4_supercontig_000001357,4,2390,470954358,2517094026
GL858077.1,Chr4_supercontig_000001358,4,2236,470956594,2517096262
GL858078.1,Chr4_supercontig_000001359,4,4162,470960756,2517100424
GL858079.1,Chr4_supercontig_000001360,4,2660,470963416,2517103084
GL858080.1,Chr4_supercontig_000001361,4,1659,470965075,2517104743
GL858081.1,Chr4_supercontig_000001362,4,2984,470968059,2517107727
GL858082.1,Chr4_supercontig_000001363,4,1777,470969836,2517109504
GL858083.1,Chr4_supercontig_000001364,4,2173,470972009,2517111677
GL858084.1,Chr4_supercontig_000001365,4,2140,470974149,2517113817
GL858085.1,Chr4_supercontig_000001366,4,1534,470975683,2517115351
GL858086.1,Chr4_supercontig_000001367,4,17145,470992828,2517132496
GL858087.1,Chr4_supercontig_000001368,4,2999,470995827,2517135495
GL858088.1,Chr4_supercontig_000001369,4,3096,470998923,2517138591
GL858089.1,Chr4_supercontig_000001370,4,3774,471002697,2517142365
GL858090.1,Chr4_supercontig_000001371,4,1580,471004277,2517143945
GL858091.1,Chr4_supercontig_000001372,4,1626,471005903,2517145571
GL858092.1,Chr4_supercontig_000001373,4,2092,471007995,2517147663
GL858093.1,Chr4_supercontig_000001374,4,1756,471009751,2517149419
GL858094.1,Chr4_supercontig_000001375,4,14423,471024174,2517163842
GL858095.1,Chr4_supercontig_000001376,4,2653,471026827,2517166495
GL858096.1,Chr4_supercontig_000001377,4,1786,471028613,2517168281
GL858097.1,Chr4_supercontig_000001378,4,23905,471052518,2517192186
GL858098.1,Chr4_supercontig_000001379,4,1670,471054188,2517193856
GL858099.1,Chr4_supercontig_000001380,4,1608,471055796,2517195464
GL858100.1,Chr4_supercontig_000001381,4,1975,471057771,2517197439
GL858101.1,Chr4_supercontig_000001382,4,2649,471060420,2517200088
GL858102.1,Chr4_supercontig_000001383,4,1822,471062242,2517201910
GL858103.1,Chr4_supercontig_000001384,4,4883,471067125,2517206793
GL858104.1,Chr4_supercontig_000001385,4,2751,471069876,2517209544
GL858105.1,Chr4_supercontig_000001386,4,1741,471071617,2517211285
GL858106.1,Chr4_supercontig_000001387,4,2625,471074242,2517213910
GL858107.1,Chr4_supercontig_000001388,4,1908,471076150,2517215818
GL858108.1,Chr4_supercontig_000001389,4,1902,471078052,2517217720
GL858109.1,Chr4_supercontig_000001390,4,1681,471079733,2517219401
GL858110.1,Chr4_supercontig_000001391,4,1606,471081339,2517221007
GL858111.1,Chr4_supercontig_000001392,4,2515,471083854,2517223522
GL858112.1,Chr4_supercontig_000001393,4,3919,471087773,2517227441
GL858113.1,Chr4_supercontig_000001394,4,1875,471089648,2517229316
GL858114.1,Chr4_supercontig_000001395,4,1878,471091526,2517231194
GL858115.1,Chr4_supercontig_000001396,4,1632,471093158,2517232826
GL858116.1,Chr4_supercontig_000001397,4,3383,471096541,2517236209
GL858117.1,Chr4_supercontig_000001398,4,4734,471101275,2517240943
GL858118.1,Chr4_supercontig_000001399,4,2783,471104058,2517243726
GL858119.1,Chr4_supercontig_000001400,4,2384,471106442,2517246110
GL858120.1,Chr4_supercontig_000001401,4,2061,471108503,2517248171
GL858121.1,Chr4_supercontig_000001402,4,4440,471112943,2517252611
GL858122.1,Chr4_supercontig_000001403,4,1853,471114796,2517254464
GL858123.1,Chr4_supercontig_000001404,4,1677,471116473,2517256141
GL858124.1,Chr4_supercontig_000001405,4,3410,471119883,2517259551
GL858125.1,Chr4_supercontig_000001406,4,2222,471122105,2517261773
GL858126.1,Chr4_supercontig_000001407,4,4706,471126811,2517266479
GL858127.1,Chr4_supercontig_000001408,4,1620,471128431,2517268099
GL858128.1,Chr4_supercontig_000001409,4,1551,471129982,2517269650
GL858129.1,Chr4_supercontig_000001410,4,2280,471132262,2517271930
GL858130.1,Chr4_supercontig_000001411,4,2580,471134842,2517274510
GL858131.1,Chr4_supercontig_000001412,4,8070,471142912,2517282580
GL858132.1,Chr4_supercontig_000001413,4,3135,471146047,2517285715
GL858133.1,Chr4_supercontig_000001414,4,2062,471148109,2517287777
GL858134.1,Chr4_supercontig_000001415,4,4940,471153049,2517292717
GL858135.1,Chr4_supercontig_000001416,4,2162,471155211,2517294879
GL858136.1,Chr4_supercontig_000001417,4,1629,471156840,2517296508
GL858137.1,Chr4_supercontig_000001418,4,3895,471160735,2517300403
GL858138.1,Chr4_supercontig_000001419,4,2101,471162836,2517302504
GL858139.1,Chr4_supercontig_000001420,4,5742,471168578,2517308246
GL858140.1,Chr4_supercontig_000001421,4,15030,471183608,2517323276
GL858141.1,Chr4_supercontig_000001422,4,22986,471206594,2517346262
GL858142.1,Chr4_supercontig_000001423,4,1895,471208489,2517348157
GL858143.1,Chr4_supercontig_000001424,4,3875,471212364,2517352032
GL858144.1,Chr4_supercontig_000001425,4,2745,471215109,2517354777
GL858145.1,Chr4_supercontig_000001426,4,17363,471232472,2517372140
GL858146.1,Chr4_supercontig_000001427,4,1863,471234335,2517374003
GL858147.1,Chr4_supercontig_000001428,4,2966,471237301,2517376969
GL858148.1,Chr4_supercontig_000001429,4,2795,471240096,2517379764
GL858149.1,Chr4_supercontig_000001430,4,1658,471241754,2517381422
GL858150.1,Chr4_supercontig_000001431,4,5024,471246778,2517386446
GL858151.1,Chr4_supercontig_000001432,4,3081,471249859,2517389527
GL858152.1,Chr4_supercontig_000001433,4,1983,471251842,2517391510
GL858153.1,Chr4_supercontig_000001434,4,2067,471253909,2517393577
GL858154.1,Chr4_supercontig_000001435,4,3345,471257254,2517396922
GL858155.1,Chr4_supercontig_000001436,4,2425,471259679,2517399347
GL858156.1,Chr4_supercontig_000001437,4,1574,471261253,2517400921
GL858157.1,Chr4_supercontig_000001438,4,1927,471263180,2517402848
GL858158.1,Chr4_supercontig_000001439,4,4305,471267485,2517407153
GL858159.1,Chr4_supercontig_000001440,4,2693,471270178,2517409846
GL858160.1,Chr4_supercontig_000001441,4,2087,471272265,2517411933
GL858161.1,Chr4_supercontig_000001442,4,3570,471275835,2517415503
GL858162.1,Chr4_supercontig_000001443,4,1917,471277752,2517417420
GL858163.1,Chr4_supercontig_000001444,4,3411,471281163,2517420831
GL858164.1,Chr4_supercontig_000001445,4,2110,471283273,2517422941
GL858165.1,Chr4_supercontig_000001446,4,2493,471285766,2517425434
GL858166.1,Chr4_supercontig_000001447,4,2406,471288172,2517427840
GL858167.1,Chr4_supercontig_000001448,4,1834,471290006,2517429674
GL858168.1,Chr4_supercontig_000001449,4,1964,471291970,2517431638
GL858169.1,Chr4_supercontig_000001450,4,4024,471295994,2517435662
GL858170.1,Chr4_supercontig_000001451,4,6365,471302359,2517442027
GL858171.1,Chr4_supercontig_000001452,4,3008,471305367,2517445035
GL858172.1,Chr4_supercontig_000001453,4,2872,471308239,2517447907
GL858173.1,Chr4_supercontig_000001454,4,2670,471310909,2517450577
GL858174.1,Chr4_supercontig_000001455,4,2128,471313037,2517452705
GL858175.1,Chr4_supercontig_000001456,4,1673,471314710,2517454378
GL858176.1,Chr4_supercontig_000001457,4,1654,471316364,2517456032
GL858177.1,Chr4_supercontig_000001458,4,2549,471318913,2517458581
GL858178.1,Chr4_supercontig_000001459,4,2113,471321026,2517460694
GL858179.1,Chr4_supercontig_000001460,4,1738,471322764,2517462432
GL858180.1,Chr4_supercontig_000001461,4,2220,471324984,2517464652
GL858181.1,Chr4_supercontig_000001462,4,1993,471326977,2517466645
GL858182.1,Chr4_supercontig_000001463,4,3824,471330801,2517470469
GL858183.1,Chr4_supercontig_000001464,4,7930,471338731,2517478399
GL858184.1,Chr4_supercontig_000001465,4,2017,471340748,2517480416
GL858185.1,Chr4_supercontig_000001466,4,2066,471342814,2517482482
GL858186.1,Chr4_supercontig_000001467,4,5215,471348029,2517487697
GL858187.1,Chr4_supercontig_000001468,4,7682,471355711,2517495379
GL858188.1,Chr4_supercontig_000001469,4,4208,471359919,2517499587
GL858189.1,Chr4_supercontig_000001470,4,33426,471393345,2517533013
GL858190.1,Chr4_supercontig_000001471,4,4907,471398252,2517537920
GL858191.1,Chr4_supercontig_000001472,4,1559,471399811,2517539479
GL858192.1,Chr4_supercontig_000001473,4,1637,471401448,2517541116
GL858193.1,Chr4_supercontig_000001474,4,4891,471406339,2517546007
GL858194.1,Chr4_supercontig_000001475,4,1900,471408239,2517547907
GL858195.1,Chr4_supercontig_000001476,4,2937,471411176,2517550844
GL858196.1,Chr4_supercontig_000001477,4,7813,471418989,2517558657
GL858197.1,Chr4_supercontig_000001478,4,2791,471421780,2517561448
GL858198.1,Chr4_supercontig_000001479,4,1566,471423346,2517563014
GL858199.1,Chr4_supercontig_000001480,4,2861,471426207,2517565875
GL858200.1,Chr4_supercontig_000001481,4,3766,471429973,2517569641
GL858201.1,Chr4_supercontig_000001482,4,1561,471431534,2517571202
GL858202.1,Chr4_supercontig_000001483,4,1660,471433194,2517572862
GL858203.1,Chr4_supercontig_000001484,4,2628,471435822,2517575490
GL858204.1,Chr4_supercontig_000001485,4,2100,471437922,2517577590
GL858205.1,Chr4_supercontig_000001486,4,3674,471441596,2517581264
GL858206.1,Chr4_supercontig_000001487,4,2592,471444188,2517583856
GL858207.1,Chr4_supercontig_000001488,4,2485,471446673,2517586341
GL858208.1,Chr4_supercontig_000001489,4,1709,471448382,2517588050
GL858209.1,Chr4_supercontig_000001490,4,2140,471450522,2517590190
GL858210.1,Chr4_supercontig_000001491,4,3075,471453597,2517593265
GL858211.1,Chr4_supercontig_000001492,4,9983,471463580,2517603248
GL858212.1,Chr4_supercontig_000001493,4,3651,471467231,2517606899
GL858213.1,Chr4_supercontig_000001494,4,1763,471468994,2517608662
GL858214.1,Chr4_supercontig_000001495,4,10685,471479679,2517619347
GL858215.1,Chr4_supercontig_000001496,4,3839,471483518,2517623186
GL858216.1,Chr4_supercontig_000001497,4,7613,471491131,2517630799
GL858217.1,Chr4_supercontig_000001498,4,2492,471493623,2517633291
GL858218.1,Chr4_supercontig_000001499,4,9375,471502998,2517642666
GL858219.1,Chr4_supercontig_000001500,4,17489,471520487,2517660155
GL858220.1,Chr4_supercontig_000001501,4,1880,471522367,2517662035
GL858221.1,Chr4_supercontig_000001502,4,14175,471536542,2517676210
GL858222.1,Chr4_supercontig_000001503,4,1718,471538260,2517677928
GL858223.1,Chr4_supercontig_000001504,4,1562,471539822,2517679490
GL858224.1,Chr4_supercontig_000001505,4,1802,471541624,2517681292
GL858225.1,Chr4_supercontig_000001506,4,1939,471543563,2517683231
GL858226.1,Chr4_supercontig_000001507,4,1813,471545376,2517685044
GL858227.1,Chr4_supercontig_000001508,4,3980,471549356,2517689024
GL858228.1,Chr4_supercontig_000001509,4,2851,471552207,2517691875
GL858229.1,Chr4_supercontig_000001510,4,1662,471553869,2517693537
GL858230.1,Chr4_supercontig_000001511,4,1786,471555655,2517695323
GL858231.1,Chr4_supercontig_000001512,4,1525,471557180,2517696848
GL858232.1,Chr4_supercontig_000001513,4,1699,471558879,2517698547
GL858233.1,Chr4_supercontig_000001514,4,2533,471561412,2517701080
GL858234.1,Chr4_supercontig_000001515,4,2009,471563421,2517703089
GL858235.1,Chr4_supercontig_000001516,4,1919,471565340,2517705008
GL858236.1,Chr4_supercontig_000001517,4,2826,471568166,2517707834
GL858237.1,Chr4_supercontig_000001518,4,1517,471569683,2517709351
GL858238.1,Chr4_supercontig_000001519,4,2651,471572334,2517712002
GL858239.1,Chr4_supercontig_000001520,4,3009,471575343,2517715011
GL858240.1,Chr4_supercontig_000001521,4,2091,471577434,2517717102
GL858241.1,Chr4_supercontig_000001522,4,1583,471579017,2517718685
GL858242.1,Chr4_supercontig_000001523,4,2158,471581175,2517720843
GL858243.1,Chr4_supercontig_000001524,4,1523,471582698,2517722366
GL858244.1,Chr4_supercontig_000001525,4,5506,471588204,2517727872
GL858245.1,Chr4_supercontig_000001526,4,1723,471589927,2517729595
GL858246.1,Chr4_supercontig_000001527,4,1653,471591580,2517731248
GL858247.1,Chr4_supercontig_000001528,4,3168,471594748,2517734416
GL858248.1,Chr4_supercontig_000001529,4,2262,471597010,2517736678
GL858249.1,Chr4_supercontig_000001530,4,3460,471600470,2517740138
GL858250.1,Chr4_supercontig_000001531,4,1534,471602004,2517741672
GL858251.1,Chr4_supercontig_000001532,4,2948,471604952,2517744620
GL858252.1,Chr4_supercontig_000001533,4,1858,471606810,2517746478
GL858253.1,Chr4_supercontig_000001534,4,2057,471608867,2517748535
GL858254.1,Chr4_supercontig_000001535,4,1730,471610597,2517750265
GL858255.1,Chr4_supercontig_000001536,4,1882,471612479,2517752147
GL858256.1,Chr4_supercontig_000001537,4,1741,471614220,2517753888
GL858257.1,Chr4_supercontig_000001538,4,3133,471617353,2517757021
GL858258.1,Chr4_supercontig_000001539,4,2250,471619603,2517759271
GL858259.1,Chr4_supercontig_000001540,4,1733,471621336,2517761004
GL858260.1,Chr4_supercontig_000001541,4,2540,471623876,2517763544
GL858261.1,Chr4_supercontig_000001542,4,4803,471628679,2517768347
GL858262.1,Chr4_supercontig_000001543,4,2990,471631669,2517771337
GL858263.1,Chr4_supercontig_000001544,4,2015,471633684,2517773352
GL858264.1,Chr4_supercontig_000001545,4,1516,471635200,2517774868
GL858265.1,Chr4_supercontig_000001546,4,1776,471636976,2517776644
GL858266.1,Chr4_supercontig_000001547,4,2169,471639145,2517778813
GL858267.1,Chr4_supercontig_000001548,4,1830,471640975,2517780643
GL858268.1,Chr4_supercontig_000001549,4,4251,471645226,2517784894
GL858269.1,Chr4_supercontig_000001550,4,1790,471647016,2517786684
GL858270.1,Chr4_supercontig_000001551,4,2094,471649110,2517788778
GL858271.1,Chr4_supercontig_000001552,4,1610,471650720,2517790388
GL858272.1,Chr4_supercontig_000001553,4,4888,471655608,2517795276
GL858273.1,Chr4_supercontig_000001554,4,4330,471659938,2517799606
GL858274.1,Chr4_supercontig_000001555,4,2646,471662584,2517802252
GL858275.1,Chr4_supercontig_000001556,4,2671,471665255,2517804923
GL858276.1,Chr4_supercontig_000001557,4,2017,471667272,2517806940
GL858277.1,Chr4_supercontig_000001558,4,1575,471668847,2517808515
GL858278.1,Chr4_supercontig_000001559,4,1673,471670520,2517810188
GL858279.1,Chr4_supercontig_000001560,4,1793,471672313,2517811981
GL858280.1,Chr4_supercontig_000001561,4,5158,471677471,2517817139
GL858281.1,Chr4_supercontig_000001562,4,1924,471679395,2517819063
GL858282.1,Chr4_supercontig_000001563,4,4901,471684296,2517823964
GL858283.1,Chr4_supercontig_000001564,4,2270,471686566,2517826234
GL858284.1,Chr4_supercontig_000001565,4,1510,471688076,2517827744
GL858285.1,Chr4_supercontig_000001566,4,1615,471689691,2517829359
GL858286.1,Chr4_supercontig_000001567,4,1683,471691374,2517831042
GL858287.1,Chr4_supercontig_000001568,4,1519,471692893,2517832561
GL858288.1,Chr4_supercontig_000001569,4,2072,471694965,2517834633
GL858289.1,Chr4_supercontig_000001570,4,1582,471696547,2517836215
GL858290.1,Chr4_supercontig_000001571,4,1895,471698442,2517838110
GL858291.1,Chr4_supercontig_000001572,4,2620,471701062,2517840730
GL858292.1,Chr4_supercontig_000001573,4,2912,471703974,2517843642
GL858293.1,Chr4_supercontig_000001574,4,2388,471706362,2517846030
GL858294.1,Chr4_supercontig_000001575,4,3515,471709877,2517849545
GL858295.1,Chr4_supercontig_000001576,4,4040,471713917,2517853585
GL858296.1,Chr4_supercontig_000001577,4,1817,471715734,2517855402
GL858297.1,Chr4_supercontig_000001578,4,1626,471717360,2517857028
GL858298.1,Chr4_supercontig_000001579,4,2476,471719836,2517859504
GL858299.1,Chr4_supercontig_000001580,4,7685,471727521,2517867189
GL858300.1,Chr4_supercontig_000001581,4,5966,471733487,2517873155
GL858301.1,Chr4_supercontig_000001582,4,1922,471735409,2517875077
GL858302.1,Chr4_supercontig_000001583,4,16370,471751779,2517891447
GL858303.1,Chr4_supercontig_000001584,4,2626,471754405,2517894073
GL858304.1,Chr4_supercontig_000001585,4,1700,471756105,2517895773
GL858305.1,Chr4_supercontig_000001586,4,1600,471757705,2517897373
GL858306.1,Chr4_supercontig_000001587,4,2073,471759778,2517899446
GL858307.1,Chr4_supercontig_000001588,4,1568,471761346,2517901014
GL858308.1,Chr4_supercontig_000001589,4,2079,471763425,2517903093
GL858309.1,Chr4_supercontig_000001590,4,2721,471766146,2517905814
GL858310.1,Chr4_supercontig_000001591,4,7689,471773835,2517913503
GL858311.1,Chr4_supercontig_000001592,4,2289,471776124,2517915792
GL858312.1,Chr4_supercontig_000001593,4,1830,471777954,2517917622
GL858313.1,Chr4_supercontig_000001594,4,3976,471781930,2517921598
GL858314.1,Chr4_supercontig_000001595,4,2166,471784096,2517923764
GL858315.1,Chr4_supercontig_000001596,4,2038,471786134,2517925802
GL858316.1,Chr4_supercontig_000001597,4,2292,471788426,2517928094
GL858317.1,Chr4_supercontig_000001598,4,1572,471789998,2517929666
GL858318.1,Chr4_supercontig_000001599,4,2027,471792025,2517931693
GL858319.1,Chr4_supercontig_000001600,4,5502,471797527,2517937195
GL858320.1,Chr4_supercontig_000001601,4,1569,471799096,2517938764
GL858321.1,Chr4_supercontig_000001602,4,1886,471800982,2517940650
GL858322.1,Chr4_supercontig_000001603,4,1953,471802935,2517942603
GL858323.1,Chr4_supercontig_000001604,4,13560,471816495,2517956163
GL858324.1,Chr4_supercontig_000001605,4,4118,471820613,2517960281
GL858325.1,Chr4_supercontig_000001606,4,7263,471827876,2517967544
GL858326.1,Chr4_supercontig_000001607,4,5921,471833797,2517973465
GL858327.1,Chr4_supercontig_000001608,4,1591,471835388,2517975056
GL858328.1,Chr4_supercontig_000001609,4,1660,471837048,2517976716
GL858329.1,Chr4_supercontig_000001610,4,1722,471838770,2517978438
GL858330.1,Chr4_supercontig_000001611,4,6550,471845320,2517984988
GL858331.1,Chr4_supercontig_000001612,4,4752,471850072,2517989740
GL858332.1,Chr4_supercontig_000001613,4,6351,471856423,2517996091
GL858333.1,Chr4_supercontig_000001614,4,5620,471862043,2518001711
GL858334.1,Chr4_supercontig_000001615,4,27759,471889802,2518029470
GL858335.1,Chr4_supercontig_000001616,4,3408,471893210,2518032878
GL858336.1,Chr4_supercontig_000001617,4,13271,471906481,2518046149
GL858337.1,Chr4_supercontig_000001618,4,3679,471910160,2518049828
GL858338.1,Chr4_supercontig_000001619,4,12141,471922301,2518061969
GL858339.1,Chr4_supercontig_000001620,4,4144,471926445,2518066113
GL858340.1,Chr4_supercontig_000001621,4,2131,471928576,2518068244
GL858341.1,Chr4_supercontig_000001622,4,2780,471931356,2518071024
GL858342.1,Chr4_supercontig_000001623,4,3472,471934828,2518074496
GL858343.1,Chr4_supercontig_000001624,4,4753,471939581,2518079249
GL858344.1,Chr4_supercontig_000001625,4,2345,471941926,2518081594
GL858345.1,Chr4_supercontig_000001626,4,3421,471945347,2518085015
GL858346.1,Chr4_supercontig_000001627,4,1929,471947276,2518086944
GL858347.1,Chr4_supercontig_000001628,4,4125,471951401,2518091069
GL858348.1,Chr4_supercontig_000001629,4,15047,471966448,2518106116
GL858349.1,Chr4_supercontig_000001630,4,10046,471976494,2518116162
GL858350.1,Chr4_supercontig_000001631,4,3762,471980256,2518119924
GL858351.1,Chr4_supercontig_000001632,4,6112,471986368,2518126036
GL858352.1,Chr4_supercontig_000001633,4,7645,471994013,2518133681
GL858353.1,Chr4_supercontig_000001634,4,5571,471999584,2518139252
GL858354.1,Chr4_supercontig_000001635,4,6502,472006086,2518145754
GL858355.1,Chr4_supercontig_000001636,4,1904,472007990,2518147658
GL858356.1,Chr4_supercontig_000001637,4,2874,472010864,2518150532
GL858357.1,Chr4_supercontig_000001638,4,1559,472012423,2518152091
GL858358.1,Chr4_supercontig_000001639,4,3254,472015677,2518155345
GL858359.1,Chr4_supercontig_000001640,4,1548,472017225,2518156893
GL858360.1,Chr4_supercontig_000001641,4,3178,472020403,2518160071
GL858361.1,Chr4_supercontig_000001642,4,2152,472022555,2518162223
GL858362.1,Chr4_supercontig_000001643,4,2284,472024839,2518164507
GL858363.1,Chr4_supercontig_000001644,4,1669,472026508,2518166176
GL858364.1,Chr4_supercontig_000001645,4,2436,472028944,2518168612
GL858365.1,Chr4_supercontig_000001646,4,7048,472035992,2518175660
GL858366.1,Chr4_supercontig_000001647,4,2073,472038065,2518177733
GL858367.1,Chr4_supercontig_000001648,4,1608,472039673,2518179341
GL858368.1,Chr4_supercontig_000001649,4,1830,472041503,2518181171
GL858369.1,Chr4_supercontig_000001650,4,2109,472043612,2518183280
GL858370.1,Chr4_supercontig_000001651,4,1501,472045113,2518184781
GL858371.1,Chr4_supercontig_000001652,4,1919,472047032,2518186700
GL858372.1,Chr4_supercontig_000001653,4,2012,472049044,2518188712
GL858373.1,Chr4_supercontig_000001654,4,2543,472051587,2518191255
GL858374.1,Chr4_supercontig_000001655,4,2281,472053868,2518193536
GL858375.1,Chr4_supercontig_000001656,4,2408,472056276,2518195944
GL858376.1,Chr4_supercontig_000001657,4,1734,472058010,2518197678
GL858377.1,Chr4_supercontig_000001658,4,2115,472060125,2518199793
GL858378.1,Chr4_supercontig_000001659,4,2806,472062931,2518202599
GL858379.1,Chr4_supercontig_000001660,4,2288,472065219,2518204887
GL858380.1,Chr4_supercontig_000001661,4,2232,472067451,2518207119
GL858381.1,Chr4_supercontig_000001662,4,3166,472070617,2518210285
GL858382.1,Chr4_supercontig_000001663,4,3057,472073674,2518213342
GL858383.1,Chr4_supercontig_000001664,4,7982,472081656,2518221324
GL858384.1,Chr4_supercontig_000001665,4,2320,472083976,2518223644
GL858385.1,Chr4_supercontig_000001666,4,1687,472085663,2518225331
GL858386.1,Chr4_supercontig_000001667,4,3225,472088888,2518228556
GL858387.1,Chr4_supercontig_000001668,4,1780,472090668,2518230336
GL858388.1,Chr4_supercontig_000001669,4,6230,472096898,2518236566
GL858389.1,Chr4_supercontig_000001670,4,4864,472101762,2518241430
GL858390.1,Chr4_supercontig_000001671,4,3263,472105025,2518244693
GL858391.1,Chr4_supercontig_000001672,4,2353,472107378,2518247046
GL858392.1,Chr4_supercontig_000001673,4,2304,472109682,2518249350
GL858393.1,Chr4_supercontig_000001674,4,6850,472116532,2518256200
GL858394.1,Chr4_supercontig_000001675,4,8631,472125163,2518264831
GL858395.1,Chr4_supercontig_000001676,4,1734,472126897,2518266565
GL858396.1,Chr4_supercontig_000001677,4,2994,472129891,2518269559
GL858397.1,Chr4_supercontig_000001678,4,7524,472137415,2518277083
GL858398.1,Chr4_supercontig_000001679,4,1714,472139129,2518278797
GL858399.1,Chr4_supercontig_000001680,4,3267,472142396,2518282064
GL858400.1,Chr4_supercontig_000001681,4,2223,472144619,2518284287
GL858401.1,Chr4_supercontig_000001682,4,1554,472146173,2518285841
GL858402.1,Chr4_supercontig_000001683,4,1533,472147706,2518287374
GL858403.1,Chr4_supercontig_000001684,4,1715,472149421,2518289089
GL858404.1,Chr4_supercontig_000001685,4,1837,472151258,2518290926
GL858405.1,Chr4_supercontig_000001686,4,2817,472154075,2518293743
GL858406.1,Chr4_supercontig_000001687,4,3925,472158000,2518297668
GL858407.1,Chr4_supercontig_000001688,4,3813,472161813,2518301481
GL858408.1,Chr4_supercontig_000001689,4,3777,472165590,2518305258
GL858409.1,Chr4_supercontig_000001690,4,3488,472169078,2518308746
GL858410.1,Chr4_supercontig_000001691,4,1634,472170712,2518310380
GL858411.1,Chr4_supercontig_000001692,4,1542,472172254,2518311922
GL858412.1,Chr4_supercontig_000001693,4,3377,472175631,2518315299
GL858413.1,Chr4_supercontig_000001694,4,1538,472177169,2518316837
GL858414.1,Chr4_supercontig_000001695,4,4335,472181504,2518321172
GL858415.1,Chr4_supercontig_000001696,4,3404,472184908,2518324576
GL858416.1,Chr4_supercontig_000001697,4,1570,472186478,2518326146
GL858417.1,Chr4_supercontig_000001698,4,2401,472188879,2518328547
GL858418.1,Chr4_supercontig_000001699,4,25389,472214268,2518353936
GL858419.1,Chr4_supercontig_000001700,4,1782,472216050,2518355718
GL858420.1,Chr4_supercontig_000001701,4,3432,472219482,2518359150
GL858421.1,Chr4_supercontig_000001702,4,1762,472221244,2518360912
GL858422.1,Chr4_supercontig_000001703,4,2621,472223865,2518363533
GL858423.1,Chr4_supercontig_000001704,4,2448,472226313,2518365981
GL858424.1,Chr4_supercontig_000001705,4,3174,472229487,2518369155
GL858425.1,Chr4_supercontig_000001706,4,2290,472231777,2518371445
GL858426.1,Chr4_supercontig_000001707,4,1794,472233571,2518373239
GL858427.1,Chr4_supercontig_000001708,4,3644,472237215,2518376883
GL858428.1,Chr4_supercontig_000001709,4,3206,472240421,2518380089
GL858429.1,Chr4_supercontig_000001710,4,5854,472246275,2518385943
GL858430.1,Chr4_supercontig_000001711,4,2306,472248581,2518388249
GL858431.1,Chr4_supercontig_000001712,4,2343,472250924,2518390592
GL858432.1,Chr4_supercontig_000001713,4,1884,472252808,2518392476
GL858433.1,Chr4_supercontig_000001714,4,3036,472255844,2518395512
GL858434.1,Chr4_supercontig_000001715,4,1773,472257617,2518397285
GL858435.1,Chr4_supercontig_000001716,4,6035,472263652,2518403320
GL858436.1,Chr4_supercontig_000001717,4,1721,472265373,2518405041
GL858437.1,Chr4_supercontig_000001718,4,1516,472266889,2518406557
GL858438.1,Chr4_supercontig_000001719,4,4298,472271187,2518410855
GL858439.1,Chr4_supercontig_000001720,4,1727,472272914,2518412582
GL858440.1,Chr4_supercontig_000001721,4,2054,472274968,2518414636
GL858441.1,Chr4_supercontig_000001722,4,2980,472277948,2518417616
GL858442.1,Chr4_supercontig_000001723,4,23001,472300949,2518440617
GL858443.1,Chr4_supercontig_000001724,4,2197,472303146,2518442814
GL858444.1,Chr4_supercontig_000001725,4,2522,472305668,2518445336
GL858445.1,Chr4_supercontig_000001726,4,1756,472307424,2518447092
GL858446.1,Chr4_supercontig_000001727,4,1797,472309221,2518448889
GL858447.1,Chr4_supercontig_000001728,4,1719,472310940,2518450608
GL858448.1,Chr4_supercontig_000001729,4,5632,472316572,2518456240
GL858449.1,Chr4_supercontig_000001730,4,1679,472318251,2518457919
GL858450.1,Chr4_supercontig_000001731,4,1892,472320143,2518459811
GL858451.1,Chr4_supercontig_000001732,4,2391,472322534,2518462202
GL858452.1,Chr4_supercontig_000001733,4,1527,472324061,2518463729
GL858453.1,Chr4_supercontig_000001734,4,2066,472326127,2518465795
GL858454.1,Chr4_supercontig_000001735,4,1734,472327861,2518467529
GL858455.1,Chr4_supercontig_000001736,4,2944,472330805,2518470473
GL858456.1,Chr4_supercontig_000001737,4,1633,472332438,2518472106
GL858457.1,Chr4_supercontig_000001738,4,1616,472334054,2518473722
GL858458.1,Chr4_supercontig_000001739,4,1864,472335918,2518475586
GL858459.1,Chr4_supercontig_000001740,4,1780,472337698,2518477366
GL858460.1,Chr4_supercontig_000001741,4,2405,472340103,2518479771
GL858461.1,Chr4_supercontig_000001742,4,1746,472341849,2518481517
GL858462.1,Chr4_supercontig_000001743,4,2216,472344065,2518483733
GL858463.1,Chr4_supercontig_000001744,4,2356,472346421,2518486089
GL858464.1,Chr4_supercontig_000001745,4,2016,472348437,2518488105
GL858465.1,Chr4_supercontig_000001746,4,1953,472350390,2518490058
GL858466.1,Chr4_supercontig_000001747,4,1728,472352118,2518491786
GL858467.1,Chr4_supercontig_000001748,4,2577,472354695,2518494363
GL858468.1,Chr4_supercontig_000001749,4,5772,472360467,2518500135
GL858469.1,Chr4_supercontig_000001750,4,2832,472363299,2518502967
GL858470.1,Chr4_supercontig_000001751,4,1775,472365074,2518504742
GL858471.1,Chr4_supercontig_000001752,4,1551,472366625,2518506293
GL858472.1,Chr4_supercontig_000001753,4,2744,472369369,2518509037
GL858473.1,Chr4_supercontig_000001754,4,2259,472371628,2518511296
GL858474.1,Chr4_supercontig_000001755,4,4631,472376259,2518515927
GL858475.1,Chr4_supercontig_000001756,4,1885,472378144,2518517812
GL858476.1,Chr4_supercontig_000001757,4,23722,472401866,2518541534
GL858477.1,Chr4_supercontig_000001758,4,1777,472403643,2518543311
GL858478.1,Chr4_supercontig_000001759,4,1724,472405367,2518545035
GL858479.1,Chr4_supercontig_000001760,4,2098,472407465,2518547133
GL858480.1,Chr4_supercontig_000001761,4,1594,472409059,2518548727
GL858481.1,Chr4_supercontig_000001762,4,3391,472412450,2518552118
GL858482.1,Chr4_supercontig_000001763,4,1603,472414053,2518553721
GL858483.1,Chr4_supercontig_000001764,4,3271,472417324,2518556992
GL858484.1,Chr4_supercontig_000001765,4,2809,472420133,2518559801
GL858485.1,Chr4_supercontig_000001766,4,1759,472421892,2518561560
GL858486.1,Chr4_supercontig_000001767,4,1546,472423438,2518563106
GL858487.1,Chr4_supercontig_000001768,4,2851,472426289,2518565957
GL858488.1,Chr4_supercontig_000001769,4,1803,472428092,2518567760
GL858489.1,Chr4_supercontig_000001770,4,1616,472429708,2518569376
GL858490.1,Chr4_supercontig_000001771,4,1554,472431262,2518570930
GL858491.1,Chr4_supercontig_000001772,4,2109,472433371,2518573039
GL858492.1,Chr4_supercontig_000001773,4,1643,472435014,2518574682
GL858493.1,Chr4_supercontig_000001774,4,2353,472437367,2518577035
GL858494.1,Chr4_supercontig_000001775,4,1779,472439146,2518578814
GL858495.1,Chr4_supercontig_000001776,4,3655,472442801,2518582469
GL858496.1,Chr4_supercontig_000001777,4,1897,472444698,2518584366
GL858497.1,Chr4_supercontig_000001778,4,2232,472446930,2518586598
GL858498.1,Chr4_supercontig_000001779,4,2012,472448942,2518588610
GL858499.1,Chr4_supercontig_000001780,4,3603,472452545,2518592213
GL858500.1,Chr4_supercontig_000001781,4,11906,472464451,2518604119
GL858501.1,Chr4_supercontig_000001782,4,4233,472468684,2518608352
GL858502.1,Chr4_supercontig_000001783,4,2321,472471005,2518610673
GL858503.1,Chr4_supercontig_000001784,4,1633,472472638,2518612306
GL858504.1,Chr4_supercontig_000001785,4,4345,472476983,2518616651
GL858505.1,Chr4_supercontig_000001786,4,2155,472479138,2518618806
GL858506.1,Chr4_supercontig_000001787,4,2468,472481606,2518621274
GL858507.1,Chr4_supercontig_000001788,4,6953,472488559,2518628227
GL858508.1,Chr4_supercontig_000001789,4,2188,472490747,2518630415
GL858509.1,Chr4_supercontig_000001790,4,2093,472492840,2518632508
GL858510.1,Chr4_supercontig_000001791,4,4905,472497745,2518637413
GL858511.1,Chr4_supercontig_000001792,4,2460,472500205,2518639873
GL858512.1,Chr4_supercontig_000001793,4,1698,472501903,2518641571
GL858513.1,Chr4_supercontig_000001794,4,1663,472503566,2518643234
GL858514.1,Chr4_supercontig_000001795,4,1875,472505441,2518645109
GL858515.1,Chr4_supercontig_000001796,4,2462,472507903,2518647571
GL858516.1,Chr4_supercontig_000001797,4,3036,472510939,2518650607
GL858517.1,Chr4_supercontig_000001798,4,1979,472512918,2518652586
GL858518.1,Chr4_supercontig_000001799,4,14673,472527591,2518667259
GL858519.1,Chr4_supercontig_000001800,4,5540,472533131,2518672799
GL858520.1,Chr4_supercontig_000001801,4,2798,472535929,2518675597
GL858521.1,Chr4_supercontig_000001802,4,3753,472539682,2518679350
GL858522.1,Chr4_supercontig_000001803,4,2244,472541926,2518681594
GL858523.1,Chr4_supercontig_000001804,4,5969,472547895,2518687563
GL858524.1,Chr4_supercontig_000001805,4,2077,472549972,2518689640
GL858525.1,Chr4_supercontig_000001806,4,1589,472551561,2518691229
GL858526.1,Chr4_supercontig_000001807,4,6783,472558344,2518698012
GL858527.1,Chr4_supercontig_000001808,4,4430,472562774,2518702442
GL858528.1,Chr4_supercontig_000001809,4,4019,472566793,2518706461
GL858529.1,Chr4_supercontig_000001810,4,2343,472569136,2518708804
GL858530.1,Chr4_supercontig_000001811,4,1533,472570669,2518710337
GL858531.1,Chr4_supercontig_000001812,4,2004,472572673,2518712341
GL858532.1,Chr4_supercontig_000001813,4,2737,472575410,2518715078
GL858533.1,Chr4_supercontig_000001814,4,4817,472580227,2518719895
GL858534.1,Chr4_supercontig_000001815,4,1879,472582106,2518721774
GL858535.1,Chr4_supercontig_000001816,4,6260,472588366,2518728034
GL858536.1,Chr4_supercontig_000001817,4,1785,472590151,2518729819
GL858537.1,Chr4_supercontig_000001818,4,2026,472592177,2518731845
GL858538.1,Chr4_supercontig_000001819,4,1684,472593861,2518733529
GL858539.1,Chr4_supercontig_000001820,4,1856,472595717,2518735385
GL858540.1,Chr4_supercontig_000001821,4,7834,472603551,2518743219
GL858541.1,Chr4_supercontig_000001822,4,7817,472611368,2518751036
GL858542.1,Chr4_supercontig_000001823,4,5580,472616948,2518756616
GL858543.1,Chr4_supercontig_000001824,4,1886,472618834,2518758502
GL858544.1,Chr4_supercontig_000001825,4,4054,472622888,2518762556
GL858545.1,Chr4_supercontig_000001826,4,5175,472628063,2518767731
GL858546.1,Chr4_supercontig_000001827,4,1913,472629976,2518769644
GL858547.1,Chr4_supercontig_000001828,4,2708,472632684,2518772352
GL858548.1,Chr4_supercontig_000001829,4,2115,472634799,2518774467
GL858549.1,Chr4_supercontig_000001830,4,1799,472636598,2518776266
GL858550.1,Chr4_supercontig_000001831,4,1742,472638340,2518778008
GL858551.1,Chr4_supercontig_000001832,4,6254,472644594,2518784262
GL858552.1,Chr4_supercontig_000001833,4,1693,472646287,2518785955
GL858553.1,Chr4_supercontig_000001834,4,4152,472650439,2518790107
GL858554.1,Chr4_supercontig_000001835,4,19489,472669928,2518809596
GL858555.1,Chr4_supercontig_000001836,4,1972,472671900,2518811568
GL858556.1,Chr4_supercontig_000001837,4,3775,472675675,2518815343
GL858557.1,Chr4_supercontig_000001838,4,1791,472677466,2518817134
GL858558.1,Chr4_supercontig_000001839,4,3434,472680900,2518820568
GL858559.1,Chr4_supercontig_000001840,4,2544,472683444,2518823112
GL858560.1,Chr4_supercontig_000001841,4,2038,472685482,2518825150
GL858561.1,Chr4_supercontig_000001842,4,3011,472688493,2518828161
GL858562.1,Chr4_supercontig_000001843,4,2580,472691073,2518830741
GL858563.1,Chr4_supercontig_000001844,4,2326,472693399,2518833067
GL858564.1,Chr4_supercontig_000001845,4,2464,472695863,2518835531
GL858565.1,Chr4_supercontig_000001846,4,2378,472698241,2518837909
GL858566.1,Chr4_supercontig_000001847,4,1891,472700132,2518839800
GL858567.1,Chr4_supercontig_000001848,4,2165,472702297,2518841965
GL858568.1,Chr4_supercontig_000001849,4,1854,472704151,2518843819
GL858569.1,Chr4_supercontig_000001850,4,2002,472706153,2518845821
GL858570.1,Chr4_supercontig_000001851,4,3351,472709504,2518849172
GL858571.1,Chr4_supercontig_000001852,4,11381,472720885,2518860553
GL858572.1,Chr4_supercontig_000001853,4,4161,472725046,2518864714
GL858573.1,Chr4_supercontig_000001854,4,2776,472727822,2518867490
GL858574.1,Chr4_supercontig_000001855,4,2223,472730045,2518869713
GL858575.1,Chr4_supercontig_000001856,4,2430,472732475,2518872143
GL858576.1,Chr4_supercontig_000001857,4,2264,472734739,2518874407
GL858577.1,Chr4_supercontig_000001858,4,4762,472739501,2518879169
GL858578.1,Chr4_supercontig_000001859,4,1948,472741449,2518881117
GL858579.1,Chr4_supercontig_000001860,4,2000,472743449,2518883117
GL858580.1,Chr4_supercontig_000001861,4,2542,472745991,2518885659
GL858581.1,Chr4_supercontig_000001862,4,3588,472749579,2518889247
GL858582.1,Chr4_supercontig_000001863,4,2754,472752333,2518892001
GL858583.1,Chr4_supercontig_000001864,4,1522,472753855,2518893523
GL858584.1,Chr4_supercontig_000001865,4,1636,472755491,2518895159
GL858585.1,Chr4_supercontig_000001866,4,4783,472760274,2518899942
GL858586.1,Chr4_supercontig_000001867,4,2009,472762283,2518901951
GL858587.1,Chr4_supercontig_000001868,4,16020,472778303,2518917971
GL858588.1,Chr4_supercontig_000001869,4,2245,472780548,2518920216
GL858589.1,Chr4_supercontig_000001870,4,2962,472783510,2518923178
GL858590.1,Chr4_supercontig_000001871,4,3022,472786532,2518926200
GL858591.1,Chr4_supercontig_000001872,4,1821,472788353,2518928021
GL858592.1,Chr4_supercontig_000001873,4,3855,472792208,2518931876
GL858593.1,Chr4_supercontig_000001874,4,3283,472795491,2518935159
GL858594.1,Chr4_supercontig_000001875,4,7248,472802739,2518942407
GL858595.1,Chr4_supercontig_000001876,4,3344,472806083,2518945751
GL858596.1,Chr4_supercontig_000001877,4,8629,472814712,2518954380
GL858597.1,Chr4_supercontig_000001878,4,2134,472816846,2518956514
GL858598.1,Chr4_supercontig_000001879,4,1798,472818644,2518958312
GL858599.1,Chr4_supercontig_000001880,4,1526,472820170,2518959838
GL858600.1,Chr4_supercontig_000001881,4,3014,472823184,2518962852
GL858601.1,Chr4_supercontig_000001882,4,2282,472825466,2518965134
GL858602.1,Chr4_supercontig_000001883,4,1715,472827181,2518966849
GL858603.1,Chr4_supercontig_000001884,4,2997,472830178,2518969846
GL858604.1,Chr4_supercontig_000001885,4,2243,472832421,2518972089
GL858605.1,Chr4_supercontig_000001886,4,2539,472834960,2518974628
GL858606.1,Chr4_supercontig_000001887,4,2888,472837848,2518977516
GL858607.1,Chr4_supercontig_000001888,4,1741,472839589,2518979257
GL858608.1,Chr4_supercontig_000001889,4,3005,472842594,2518982262
GL858609.1,Chr4_supercontig_000001890,4,1996,472844590,2518984258
GL858610.1,Chr4_supercontig_000001891,4,3864,472848454,2518988122
GL858611.1,Chr4_supercontig_000001892,4,1677,472850131,2518989799
GL858612.1,Chr4_supercontig_000001893,4,2248,472852379,2518992047
GL858613.1,Chr4_supercontig_000001894,4,1683,472854062,2518993730
GL858614.1,Chr4_supercontig_000001895,4,1869,472855931,2518995599
GL858615.1,Chr4_supercontig_000001896,4,2010,472857941,2518997609
GL858616.1,Chr4_supercontig_000001897,4,4629,472862570,2519002238
GL858617.1,Chr4_supercontig_000001898,4,3368,472865938,2519005606
GL858618.1,Chr4_supercontig_000001899,4,1960,472867898,2519007566
GL858619.1,Chr4_supercontig_000001900,4,1911,472869809,2519009477
GL858620.1,Chr4_supercontig_000001901,4,4408,472874217,2519013885
GL858621.1,Chr4_supercontig_000001902,4,1811,472876028,2519015696
GL858622.1,Chr4_supercontig_000001903,4,2026,472878054,2519017722
GL858623.1,Chr4_supercontig_000001904,4,2333,472880387,2519020055
GL858624.1,Chr4_supercontig_000001905,4,2252,472882639,2519022307
GL858625.1,Chr4_supercontig_000001906,4,2125,472884764,2519024432
GL858626.1,Chr4_supercontig_000001907,4,1517,472886281,2519025949
GL858627.1,Chr4_supercontig_000001908,4,2456,472888737,2519028405
GL858628.1,Chr4_supercontig_000001909,4,3256,472891993,2519031661
GL858629.1,Chr4_supercontig_000001910,4,2212,472894205,2519033873
GL858630.1,Chr4_supercontig_000001911,4,2807,472897012,2519036680
GL858631.1,Chr4_supercontig_000001912,4,1987,472898999,2519038667
GL858632.1,Chr4_supercontig_000001913,4,7571,472906570,2519046238
GL858633.1,Chr4_supercontig_000001914,4,11956,472918526,2519058194
GL858634.1,Chr4_supercontig_000001915,4,5630,472924156,2519063824
GL858635.1,Chr4_supercontig_000001916,4,7038,472931194,2519070862
GL858636.1,Chr4_supercontig_000001917,4,11376,472942570,2519082238
GL858637.1,Chr4_supercontig_000001918,4,2377,472944947,2519084615
GL858638.1,Chr4_supercontig_000001919,4,13632,472958579,2519098247
GL858639.1,Chr4_supercontig_000001920,4,8160,472966739,2519106407
GL858640.1,Chr4_supercontig_000001921,4,3329,472970068,2519109736
GL858641.1,Chr4_supercontig_000001922,4,8851,472978919,2519118587
GL858642.1,Chr4_supercontig_000001923,4,16701,472995620,2519135288
GL858643.1,Chr4_supercontig_000001924,4,4353,472999973,2519139641
GL858644.1,Chr4_supercontig_000001925,4,4069,473004042,2519143710
GL858645.1,Chr4_supercontig_000001926,4,1763,473005805,2519145473
GL858646.1,Chr4_supercontig_000001927,4,3435,473009240,2519148908
GL858647.1,Chr4_supercontig_000001928,4,2519,473011759,2519151427
GL858648.1,Chr4_supercontig_000001929,4,8422,473020181,2519159849
GL858649.1,Chr4_supercontig_000001930,4,1813,473021994,2519161662
GL858650.1,Chr4_supercontig_000001931,4,3080,473025074,2519164742
GL858651.1,Chr4_supercontig_000001932,4,1864,473026938,2519166606
GL858652.1,Chr4_supercontig_000001933,4,4978,473031916,2519171584
GL858653.1,Chr4_supercontig_000001934,4,1674,473033590,2519173258
GL858654.1,Chr4_supercontig_000001935,4,3250,473036840,2519176508
GL858655.1,Chr4_supercontig_000001936,4,5033,473041873,2519181541
GL858656.1,Chr4_supercontig_000001937,4,3075,473044948,2519184616
GL858657.1,Chr4_supercontig_000001938,4,2813,473047761,2519187429
GL858658.1,Chr4_supercontig_000001939,4,1531,473049292,2519188960
GL858659.1,Chr4_supercontig_000001940,4,2647,473051939,2519191607
GL858660.1,Chr4_supercontig_000001941,4,2665,473054604,2519194272
GL858661.1,Chr4_supercontig_000001942,4,1696,473056300,2519195968
GL858662.1,Chr4_supercontig_000001943,4,3017,473059317,2519198985
GL858663.1,Chr4_supercontig_000001944,4,2000,473061317,2519200985
GL858664.1,Chr4_supercontig_000001945,4,2914,473064231,2519203899
GL858665.1,Chr4_supercontig_000001946,4,1661,473065892,2519205560
GL858666.1,Chr4_supercontig_000001947,4,1731,473067623,2519207291
GL858667.1,Chr4_supercontig_000001948,4,5727,473073350,2519213018
GL858668.1,Chr4_supercontig_000001949,4,1625,473074975,2519214643
GL858669.1,Chr4_supercontig_000001950,4,1935,473076910,2519216578
GL858670.1,Chr4_supercontig_000001951,4,1775,473078685,2519218353
GL858671.1,Chr4_supercontig_000001952,4,5710,473084395,2519224063
GL858672.1,Chr4_supercontig_000001953,4,1809,473086204,2519225872
GL858673.1,Chr4_supercontig_000001954,4,2329,473088533,2519228201
GL858674.1,Chr4_supercontig_000001955,4,2643,473091176,2519230844
GL858675.1,Chr4_supercontig_000001956,4,1637,473092813,2519232481
GL858676.1,Chr4_supercontig_000001957,4,2736,473095549,2519235217
GL858677.1,Chr4_supercontig_000001958,4,1563,473097112,2519236780
GL858678.1,Chr4_supercontig_000001959,4,1537,473098649,2519238317
GL858679.1,Chr4_supercontig_000001960,4,1859,473100508,2519240176
GL858680.1,Chr4_supercontig_000001961,4,2866,473103374,2519243042
GL858681.1,Chr4_supercontig_000001962,4,1576,473104950,2519244618
GL858682.1,Chr4_supercontig_000001963,4,1763,473106713,2519246381
GL858683.1,Chr4_supercontig_000001964,4,1819,473108532,2519248200
GL858684.1,Chr4_supercontig_000001965,4,2255,473110787,2519250455
GL858685.1,Chr4_supercontig_000001966,4,3777,473114564,2519254232
GL858686.1,Chr4_supercontig_000001967,4,1833,473116397,2519256065
GL858687.1,Chr4_supercontig_000001968,4,1596,473117993,2519257661
GL858688.1,Chr4_supercontig_000001969,4,1765,473119758,2519259426
GL858689.1,Chr4_supercontig_000001970,4,2624,473122382,2519262050
GL858690.1,Chr4_supercontig_000001971,4,2626,473125008,2519264676
GL858691.1,Chr4_supercontig_000001972,4,3738,473128746,2519268414
GL858692.1,Chr4_supercontig_000001973,4,3406,473132152,2519271820
GL858693.1,Chr4_supercontig_000001974,4,1768,473133920,2519273588
GL858694.1,Chr4_supercontig_000001975,4,2459,473136379,2519276047
GL858695.1,Chr4_supercontig_000001976,4,3926,473140305,2519279973
GL858696.1,Chr4_supercontig_000001977,4,2153,473142458,2519282126
GL858697.1,Chr4_supercontig_000001978,4,2315,473144773,2519284441
GL858698.1,Chr4_supercontig_000001979,4,2138,473146911,2519286579
GL858699.1,Chr4_supercontig_000001980,4,1768,473148679,2519288347
GL858700.1,Chr4_supercontig_000001981,4,2656,473151335,2519291003
GL858701.1,Chr4_supercontig_000001982,4,2627,473153962,2519293630
GL858702.1,Chr4_supercontig_000001983,4,3470,473157432,2519297100
GL858703.1,Chr4_supercontig_000001984,4,1751,473159183,2519298851
GL858704.1,Chr4_supercontig_000001985,4,1505,473160688,2519300356
GL858705.1,Chr4_supercontig_000001986,4,1810,473162498,2519302166
GL858706.1,Chr4_supercontig_000001987,4,1892,473164390,2519304058
GL858707.1,Chr4_supercontig_000001988,4,4903,473169293,2519308961
GL858708.1,Chr4_supercontig_000001989,4,4111,473173404,2519313072
GL858709.1,Chr4_supercontig_000001990,4,2197,473175601,2519315269
GL858710.1,Chr4_supercontig_000001991,4,2974,473178575,2519318243
GL858711.1,Chr4_supercontig_000001992,4,3005,473181580,2519321248
GL858712.1,Chr4_supercontig_000001993,4,4579,473186159,2519325827
GL858713.1,Chr4_supercontig_000001994,4,3124,473189283,2519328951
GL858714.1,Chr4_supercontig_000001995,4,1682,473190965,2519330633
GL858715.1,Chr4_supercontig_000001996,4,1789,473192754,2519332422
GL858716.1,Chr4_supercontig_000001997,4,3870,473196624,2519336292
GL858717.1,Chr4_supercontig_000001998,4,3233,473199857,2519339525
GL858718.1,Chr4_supercontig_000001999,4,1543,473201400,2519341068
GL858719.1,Chr4_supercontig_000002000,4,3638,473205038,2519344706
GL858720.1,Chr4_supercontig_000002001,4,34731,473239769,2519379437
GL858721.1,Chr4_supercontig_000002002,4,4260,473244029,2519383697
GL858722.1,Chr4_supercontig_000002003,4,11716,473255745,2519395413
GL858723.1,Chr4_supercontig_000002004,4,1697,473257442,2519397110
GL858724.1,Chr4_supercontig_000002005,4,6042,473263484,2519403152
GL858725.1,Chr4_supercontig_000002006,4,2260,473265744,2519405412
GL858726.1,Chr4_supercontig_000002007,4,1513,473267257,2519406925
GL858727.1,Chr4_supercontig_000002008,4,2796,473270053,2519409721
GL858728.1,Chr4_supercontig_000002009,4,3069,473273122,2519412790
GL858729.1,Chr4_supercontig_000002010,4,3880,473277002,2519416670
GL858730.1,Chr4_supercontig_000002011,4,11678,473288680,2519428348
GL858731.1,Chr4_supercontig_000002012,4,4086,473292766,2519432434
GL858732.1,Chr4_supercontig_000002013,4,16311,473309077,2519448745
GL858733.1,Chr4_supercontig_000002014,4,2463,473311540,2519451208
GL858734.1,Chr4_supercontig_000002015,4,1510,473313050,2519452718
GL858735.1,Chr4_supercontig_000002016,4,3055,473316105,2519455773
GL858736.1,Chr4_supercontig_000002017,4,1613,473317718,2519457386
GL858737.1,Chr4_supercontig_000002018,4,2551,473320269,2519459937
GL858738.1,Chr4_supercontig_000002019,4,3554,473323823,2519463491
GL858739.1,Chr4_supercontig_000002020,4,1923,473325746,2519465414
GL858740.1,Chr4_supercontig_000002021,4,4268,473330014,2519469682
GL858741.1,Chr4_supercontig_000002022,4,6600,473336614,2519476282
GL858742.1,Chr4_supercontig_000002023,4,3692,473340306,2519479974
GL858743.1,Chr4_supercontig_000002024,4,1510,473341816,2519481484
GL858744.1,Chr4_supercontig_000002025,4,2264,473344080,2519483748
GL858745.1,Chr4_supercontig_000002026,4,3074,473347154,2519486822
GL858746.1,Chr4_supercontig_000002027,4,2715,473349869,2519489537
GL858747.1,Chr4_supercontig_000002028,4,2045,473351914,2519491582
GL858748.1,Chr4_supercontig_000002029,4,1835,473353749,2519493417
GL858749.1,Chr4_supercontig_000002030,4,3388,473357137,2519496805
GL858750.1,Chr4_supercontig_000002031,4,4528,473361665,2519501333
GL858751.1,Chr4_supercontig_000002032,4,3716,473365381,2519505049
GL858752.1,Chr4_supercontig_000002033,4,1571,473366952,2519506620
GL858753.1,Chr4_supercontig_000002034,4,2156,473369108,2519508776
GL858754.1,Chr4_supercontig_000002035,4,3606,473372714,2519512382
GL858755.1,Chr4_supercontig_000002036,4,2213,473374927,2519514595
GL858756.1,Chr4_supercontig_000002037,4,2259,473377186,2519516854
GL858757.1,Chr4_supercontig_000002038,4,1788,473378974,2519518642
GL858758.1,Chr4_supercontig_000002039,4,2082,473381056,2519520724
GL858759.1,Chr4_supercontig_000002040,4,2607,473383663,2519523331
GL858760.1,Chr4_supercontig_000002041,4,2935,473386598,2519526266
GL858761.1,Chr4_supercontig_000002042,4,1955,473388553,2519528221
GL858762.1,Chr4_supercontig_000002043,4,1990,473390543,2519530211
GL858763.1,Chr4_supercontig_000002044,4,8271,473398814,2519538482
GL858764.1,Chr4_supercontig_000002045,4,1764,473400578,2519540246
GL858765.1,Chr4_supercontig_000002046,4,1817,473402395,2519542063
GL858766.1,Chr4_supercontig_000002047,4,6101,473408496,2519548164
GL858767.1,Chr4_supercontig_000002048,4,2726,473411222,2519550890
GL858768.1,Chr4_supercontig_000002049,4,3077,473414299,2519553967
GL858769.1,Chr4_supercontig_000002050,4,6144,473420443,2519560111
GL858770.1,Chr4_supercontig_000002051,4,2560,473423003,2519562671
GL858771.1,Chr4_supercontig_000002052,4,3704,473426707,2519566375
GL858772.1,Chr4_supercontig_000002053,4,1981,473428688,2519568356
GL858773.1,Chr4_supercontig_000002054,4,2410,473431098,2519570766
GL858774.1,Chr4_supercontig_000002055,4,1569,473432667,2519572335
GL858775.1,Chr4_supercontig_000002056,4,2078,473434745,2519574413
GL858776.1,Chr4_supercontig_000002057,4,2452,473437197,2519576865
GL858777.1,Chr4_supercontig_000002058,4,1647,473438844,2519578512
GL858778.1,Chr4_supercontig_000002059,4,1761,473440605,2519580273
GL858779.1,Chr4_supercontig_000002060,4,2306,473442911,2519582579
GL858780.1,Chr4_supercontig_000002061,4,3197,473446108,2519585776
GL858781.1,Chr4_supercontig_000002062,4,1503,473447611,2519587279
GL858782.1,Chr4_supercontig_000002063,4,2206,473449817,2519589485
GL858783.1,Chr4_supercontig_000002064,4,1694,473451511,2519591179
GL858784.1,Chr4_supercontig_000002065,4,1591,473453102,2519592770
GL858785.1,Chr4_supercontig_000002066,4,3662,473456764,2519596432
GL858786.1,Chr4_supercontig_000002067,4,4686,473461450,2519601118
GL858787.1,Chr4_supercontig_000002068,4,2971,473464421,2519604089
GL858788.1,Chr4_supercontig_000002069,4,2043,473466464,2519606132
GL858789.1,Chr4_supercontig_000002070,4,2356,473468820,2519608488
GL858790.1,Chr4_supercontig_000002071,4,2128,473470948,2519610616
GL858791.1,Chr4_supercontig_000002072,4,2217,473473165,2519612833
GL858792.1,Chr4_supercontig_000002073,4,1681,473474846,2519614514
GL858793.1,Chr4_supercontig_000002074,4,7420,473482266,2519621934
GL858794.1,Chr4_supercontig_000002075,4,5474,473487740,2519627408
GL858795.1,Chr4_supercontig_000002076,4,2414,473490154,2519629822
GL858796.1,Chr4_supercontig_000002077,4,1803,473491957,2519631625
GL858797.1,Chr4_supercontig_000002078,4,7712,473499669,2519639337
GL858798.1,Chr4_supercontig_000002079,4,5098,473504767,2519644435
GL858799.1,Chr4_supercontig_000002080,4,4284,473509051,2519648719
GL858800.1,Chr4_supercontig_000002081,4,2728,473511779,2519651447
GL858801.1,Chr4_supercontig_000002082,4,2053,473513832,2519653500
GL858802.1,Chr4_supercontig_000002083,4,2478,473516310,2519655978
GL858803.1,Chr4_supercontig_000002084,4,1942,473518252,2519657920
GL858804.1,Chr4_supercontig_000002085,4,1669,473519921,2519659589
GL858805.1,Chr4_supercontig_000002086,4,1579,473521500,2519661168
GL858806.1,Chr4_supercontig_000002087,4,1545,473523045,2519662713
GL858807.1,Chr4_supercontig_000002088,4,1771,473524816,2519664484
GL858808.1,Chr4_supercontig_000002089,4,2102,473526918,2519666586
GL858809.1,Chr4_supercontig_000002090,4,2758,473529676,2519669344
GL858810.1,Chr4_supercontig_000002091,4,2090,473531766,2519671434
GL858811.1,Chr4_supercontig_000002092,4,3001,473534767,2519674435
GL858812.1,Chr4_supercontig_000002093,4,2320,473537087,2519676755
GL858813.1,Chr4_supercontig_000002094,4,4236,473541323,2519680991
GL858814.1,Chr4_supercontig_000002095,4,1722,473543045,2519682713
GL858815.1,Chr4_supercontig_000002096,4,1977,473545022,2519684690
GL858816.1,Chr4_supercontig_000002097,4,2085,473547107,2519686775
GL858817.1,Chr4_supercontig_000002098,4,5351,473552458,2519692126
GL858818.1,Chr4_supercontig_000002099,4,10694,473563152,2519702820
GL858819.1,Chr4_supercontig_000002100,4,2142,473565294,2519704962
GL858820.1,Chr4_supercontig_000002101,4,1572,473566866,2519706534
GL858821.1,Chr4_supercontig_000002102,4,4935,473571801,2519711469
GL858822.1,Chr4_supercontig_000002103,4,1823,473573624,2519713292
GL858823.1,Chr4_supercontig_000002104,4,2657,473576281,2519715949
GL858824.1,Chr4_supercontig_000002105,4,1885,473578166,2519717834
GL858825.1,Chr4_supercontig_000002106,4,1934,473580100,2519719768
GL858826.1,Chr4_supercontig_000002107,4,1593,473581693,2519721361
GL858827.1,Chr4_supercontig_000002108,4,3604,473585297,2519724965
GL858828.1,Chr4_supercontig_000002109,4,1857,473587154,2519726822
GL858829.1,Chr4_supercontig_000002110,4,1846,473589000,2519728668
GL858830.1,Chr4_supercontig_000002111,4,11992,473600992,2519740660
GL858831.1,Chr4_supercontig_000002112,4,10045,473611037,2519750705
GL858832.1,Chr4_supercontig_000002113,4,2985,473614022,2519753690
GL858833.1,Chr4_supercontig_000002114,4,2977,473616999,2519756667
GL858834.1,Chr4_supercontig_000002115,4,4172,473621171,2519760839
GL858835.1,Chr4_supercontig_000002116,4,1745,473622916,2519762584
GL858836.1,Chr4_supercontig_000002117,4,1970,473624886,2519764554
GL858837.1,Chr4_supercontig_000002118,4,1602,473626488,2519766156
GL858838.1,Chr4_supercontig_000002119,4,1672,473628160,2519767828
GL858839.1,Chr4_supercontig_000002120,4,1998,473630158,2519769826
GL858840.1,Chr4_supercontig_000002121,4,2545,473632703,2519772371
GL858841.1,Chr4_supercontig_000002122,4,4092,473636795,2519776463
GL858842.1,Chr4_supercontig_000002123,4,1941,473638736,2519778404
GL858843.1,Chr4_supercontig_000002124,4,4202,473642938,2519782606
GL858844.1,Chr4_supercontig_000002125,4,2076,473645014,2519784682
GL858845.1,Chr4_supercontig_000002126,4,1587,473646601,2519786269
GL858846.1,Chr4_supercontig_000002127,4,3803,473650404,2519790072
GL858847.1,Chr4_supercontig_000002128,4,2332,473652736,2519792404
GL858848.1,Chr4_supercontig_000002129,4,1591,473654327,2519793995
GL858849.1,Chr4_supercontig_000002130,4,2565,473656892,2519796560
GL858850.1,Chr4_supercontig_000002131,4,2477,473659369,2519799037
GL858851.1,Chr4_supercontig_000002132,4,1765,473661134,2519800802
GL858852.1,Chr4_supercontig_000002133,4,2859,473663993,2519803661
GL858853.1,Chr4_supercontig_000002134,4,5020,473669013,2519808681
GL858854.1,Chr4_supercontig_000002135,4,1783,473670796,2519810464
GL858855.1,Chr4_supercontig_000002136,4,3392,473674188,2519813856
GL858856.1,Chr4_supercontig_000002137,4,2120,473676308,2519815976
GL858857.1,Chr4_supercontig_000002138,4,5281,473681589,2519821257
GL858858.1,Chr4_supercontig_000002139,4,4968,473686557,2519826225
GL858859.1,Chr4_supercontig_000002140,4,8323,473694880,2519834548
GL858860.1,Chr4_supercontig_000002141,4,3952,473698832,2519838500
GL858861.1,Chr4_supercontig_000002142,4,1729,473700561,2519840229
GL858862.1,Chr4_supercontig_000002143,4,3480,473704041,2519843709
GL858863.1,Chr4_supercontig_000002144,4,2629,473706670,2519846338
GL858864.1,Chr4_supercontig_000002145,4,2024,473708694,2519848362
GL858865.1,Chr4_supercontig_000002146,4,1954,473710648,2519850316
GL858866.1,Chr4_supercontig_000002147,4,8464,473719112,2519858780
GL858867.1,Chr4_supercontig_000002148,4,1815,473720927,2519860595
GL858868.1,Chr4_supercontig_000002149,4,1508,473722435,2519862103
GL858869.1,Chr4_supercontig_000002150,4,1690,473724125,2519863793
GL858870.1,Chr4_supercontig_000002151,4,11027,473735152,2519874820
GL858871.1,Chr4_supercontig_000002152,4,4054,473739206,2519878874
GL858872.1,Chr4_supercontig_000002153,4,2134,473741340,2519881008
GL858873.1,Chr4_supercontig_000002154,4,6245,473747585,2519887253
GL858874.1,Chr4_supercontig_000002155,4,5093,473752678,2519892346
GL858875.1,Chr4_supercontig_000002156,4,2351,473755029,2519894697
GL858876.1,Chr4_supercontig_000002157,4,14012,473769041,2519908709
GL858877.1,Chr4_supercontig_000002158,4,1550,473770591,2519910259
GL858878.1,Chr4_supercontig_000002159,4,2572,473773163,2519912831
GL858879.1,Chr4_supercontig_000002160,4,2853,473776016,2519915684
GL858880.1,Chr4_supercontig_000002161,4,2559,473778575,2519918243
GL858881.1,Chr4_supercontig_000002162,4,1576,473780151,2519919819
GL858882.1,Chr4_supercontig_000002163,4,5036,473785187,2519924855
GL858883.1,Chr4_supercontig_000002164,4,3638,473788825,2519928493
GL858884.1,Chr4_supercontig_000002165,4,1962,473790787,2519930455
GL858885.1,Chr4_supercontig_000002166,4,1979,473792766,2519932434
GL858886.1,Chr4_supercontig_000002167,4,2427,473795193,2519934861
GL858887.1,Chr4_supercontig_000002168,4,2065,473797258,2519936926
GL858888.1,Chr4_supercontig_000002169,4,1800,473799058,2519938726
GL858889.1,Chr4_supercontig_000002170,4,12157,473811215,2519950883
GL858890.1,Chr4_supercontig_000002171,4,1619,473812834,2519952502
GL858891.1,Chr4_supercontig_000002172,4,2313,473815147,2519954815
GL858892.1,Chr4_supercontig_000002173,4,1589,473816736,2519956404
GL858893.1,Chr4_supercontig_000002174,4,1801,473818537,2519958205
GL858894.1,Chr4_supercontig_000002175,4,2406,473820943,2519960611
GL858895.1,Chr4_supercontig_000002176,4,1715,473822658,2519962326
GL858896.1,Chr4_supercontig_000002177,4,2018,473824676,2519964344
GL858897.1,Chr4_supercontig_000002178,4,2747,473827423,2519967091
GL858898.1,Chr4_supercontig_000002179,4,1872,473829295,2519968963
GL858899.1,Chr4_supercontig_000002180,4,2712,473832007,2519971675
GL858900.1,Chr4_supercontig_000002181,4,2623,473834630,2519974298
GL858901.1,Chr4_supercontig_000002182,4,1730,473836360,2519976028
GL858902.1,Chr4_supercontig_000002183,4,4386,473840746,2519980414
GL858903.1,Chr4_supercontig_000002184,4,2268,473843014,2519982682
GL858904.1,Chr4_supercontig_000002185,4,8897,473851911,2519991579
GL858905.1,Chr4_supercontig_000002186,4,3266,473855177,2519994845
GL858906.1,Chr4_supercontig_000002187,4,2741,473857918,2519997586
GL858907.1,Chr4_supercontig_000002188,4,1986,473859904,2519999572
GL858908.1,Chr4_supercontig_000002189,4,2703,473862607,2520002275
GL858909.1,Chr4_supercontig_000002190,4,3024,473865631,2520005299
GL858910.1,Chr4_supercontig_000002191,4,2507,473868138,2520007806
GL858911.1,Chr4_supercontig_000002192,4,3091,473871229,2520010897
GL858912.1,Chr4_supercontig_000002193,4,2379,473873608,2520013276
GL858913.1,Chr4_supercontig_000002194,4,3178,473876786,2520016454
GL858914.1,Chr4_supercontig_000002195,4,2851,473879637,2520019305
GL858915.1,Chr4_supercontig_000002196,4,1854,473881491,2520021159
GL858916.1,Chr4_supercontig_000002197,4,2113,473883604,2520023272
GL858917.1,Chr4_supercontig_000002198,4,1791,473885395,2520025063
GL858918.1,Chr4_supercontig_000002199,4,2270,473887665,2520027333
GL858919.1,Chr4_supercontig_000002200,4,1605,473889270,2520028938
GL858920.1,Chr4_supercontig_000002201,4,2191,473891461,2520031129
GL858921.1,Chr4_supercontig_000002202,4,1510,473892971,2520032639
GL858922.1,Chr4_supercontig_000002203,4,1856,473894827,2520034495
GL858923.1,Chr4_supercontig_000002204,4,2273,473897100,2520036768
GL858924.1,Chr4_supercontig_000002205,4,2763,473899863,2520039531
GL858925.1,Chr4_supercontig_000002206,4,3596,473903459,2520043127
GL858926.1,Chr4_supercontig_000002207,4,19354,473922813,2520062481
GL858927.1,Chr4_supercontig_000002208,4,1709,473924522,2520064190
GL858928.1,Chr4_supercontig_000002209,4,3869,473928391,2520068059
GL858929.1,Chr4_supercontig_000002210,4,1637,473930028,2520069696
GL858930.1,Chr4_supercontig_000002211,4,5645,473935673,2520075341
GL858931.1,Chr4_supercontig_000002212,4,1602,473937275,2520076943
GL858932.1,Chr4_supercontig_000002213,4,1619,473938894,2520078562
GL858933.1,Chr4_supercontig_000002214,4,2048,473940942,2520080610
GL858934.1,Chr4_supercontig_000002215,4,8558,473949500,2520089168
GL858935.1,Chr4_supercontig_000002216,4,2925,473952425,2520092093
GL858936.1,Chr4_supercontig_000002217,4,3493,473955918,2520095586
GL858937.1,Chr4_supercontig_000002218,4,1673,473957591,2520097259
GL858938.1,Chr4_supercontig_000002219,4,1975,473959566,2520099234
GL858939.1,Chr4_supercontig_000002220,4,2180,473961746,2520101414
GL858940.1,Chr4_supercontig_000002221,4,1797,473963543,2520103211
GL858941.1,Chr4_supercontig_000002222,4,1666,473965209,2520104877
GL858942.1,Chr4_supercontig_000002223,4,1778,473966987,2520106655
GL858943.1,Chr4_supercontig_000002224,4,1835,473968822,2520108490
GL858944.1,Chr4_supercontig_000002225,4,1803,473970625,2520110293
GL858945.1,Chr4_supercontig_000002226,4,1720,473972345,2520112013
GL858946.1,Chr4_supercontig_000002227,4,2800,473975145,2520114813
GL858947.1,Chr4_supercontig_000002228,4,1739,473976884,2520116552
GL858948.1,Chr4_supercontig_000002229,4,1804,473978688,2520118356
GL858949.1,Chr4_supercontig_000002230,4,2266,473980954,2520120622
GL858950.1,Chr4_supercontig_000002231,4,2554,473983508,2520123176
GL858951.1,Chr4_supercontig_000002232,4,4814,473988322,2520127990
GL858952.1,Chr4_supercontig_000002233,4,1512,473989834,2520129502
GL858953.1,Chr4_supercontig_000002234,4,1847,473991681,2520131349
GL858954.1,Chr4_supercontig_000002235,4,1838,473993519,2520133187
GL858955.1,Chr4_supercontig_000002236,4,3118,473996637,2520136305
GL858956.1,Chr4_supercontig_000002237,4,1976,473998613,2520138281
GL858957.1,Chr4_supercontig_000002238,4,2308,474000921,2520140589
GL858958.1,Chr4_supercontig_000002239,4,1850,474002771,2520142439
GL858959.1,Chr4_supercontig_000002240,4,3047,474005818,2520145486
GL858960.1,Chr4_supercontig_000002241,4,1669,474007487,2520147155
GL858961.1,Chr4_supercontig_000002242,4,1662,474009149,2520148817
GL858962.1,Chr4_supercontig_000002243,4,2433,474011582,2520151250
GL858963.1,Chr4_supercontig_000002244,4,5035,474016617,2520156285
GL858964.1,Chr4_supercontig_000002245,4,1786,474018403,2520158071
GL858965.1,Chr4_supercontig_000002246,4,1780,474020183,2520159851
GL858966.1,Chr4_supercontig_000002247,4,1518,474021701,2520161369
GL858967.1,Chr4_supercontig_000002248,4,1521,474023222,2520162890
GL858968.1,Chr4_supercontig_000002249,4,1845,474025067,2520164735
GL858969.1,Chr4_supercontig_000002250,4,2205,474027272,2520166940
GL858970.1,Chr4_supercontig_000002251,4,2291,474029563,2520169231
GL858971.1,Chr4_supercontig_000002252,4,1961,474031524,2520171192
GL858972.1,Chr4_supercontig_000002253,4,3092,474034616,2520174284
GL858973.1,Chr4_supercontig_000002254,4,2653,474037269,2520176937
GL858974.1,Chr4_supercontig_000002255,4,3334,474040603,2520180271
GL858975.1,Chr4_supercontig_000002256,4,2856,474043459,2520183127
GL858976.1,Chr4_supercontig_000002257,4,1978,474045437,2520185105
GL858977.1,Chr4_supercontig_000002258,4,3468,474048905,2520188573
GL858978.1,Chr4_supercontig_000002259,4,1594,474050499,2520190167
GL858979.1,Chr4_supercontig_000002260,4,1705,474052204,2520191872
GL858980.1,Chr4_supercontig_000002261,4,2399,474054603,2520194271
GL858981.1,Chr4_supercontig_000002262,4,29257,474083860,2520223528
GL858982.1,Chr4_supercontig_000002263,4,21044,474104904,2520244572
GL858983.1,Chr4_supercontig_000002264,4,5391,474110295,2520249963
GL858984.1,Chr4_supercontig_000002265,4,2294,474112589,2520252257
GL858985.1,Chr4_supercontig_000002266,4,2837,474115426,2520255094
GL858986.1,Chr4_supercontig_000002267,4,2416,474117842,2520257510
GL858987.1,Chr4_supercontig_000002268,4,3521,474121363,2520261031
GL858988.1,Chr4_supercontig_000002269,4,2521,474123884,2520263552
GL858989.1,Chr4_supercontig_000002270,4,6698,474130582,2520270250
GL858990.1,Chr4_supercontig_000002271,4,14018,474144600,2520284268
GL858991.1,Chr4_supercontig_000002272,4,1697,474146297,2520285965
GL858992.1,Chr4_supercontig_000002273,4,1881,474148178,2520287846
GL858993.1,Chr4_supercontig_000002274,4,1906,474150084,2520289752
GL858994.1,Chr4_supercontig_000002275,4,3759,474153843,2520293511
GL858995.1,Chr4_supercontig_000002276,4,2055,474155898,2520295566
GL858996.1,Chr4_supercontig_000002277,4,4914,474160812,2520300480
GL858997.1,Chr4_supercontig_000002278,4,2157,474162969,2520302637
GL858998.1,Chr4_supercontig_000002279,4,2624,474165593,2520305261
GL858999.1,Chr4_supercontig_000002280,4,3021,474168614,2520308282
GL859000.1,Chr4_supercontig_000002281,4,4804,474173418,2520313086
GL859001.1,Chr4_supercontig_000002282,4,5424,474178842,2520318510
GL859002.1,Chr4_supercontig_000002283,4,5346,474184188,2520323856
GL859003.1,Chr4_supercontig_000002284,4,1703,474185891,2520325559
GL859004.1,Chr4_supercontig_000002285,4,2494,474188385,2520328053
GL859005.1,Chr4_supercontig_000002286,4,9958,474198343,2520338011
GL859006.1,Chr4_supercontig_000002287,4,2444,474200787,2520340455
GL859007.1,Chr4_supercontig_000002288,4,5242,474206029,2520345697
GL859008.1,Chr4_supercontig_000002289,4,7313,474213342,2520353010
GL859009.1,Chr4_supercontig_000002290,4,2758,474216100,2520355768
GL859010.1,Chr4_supercontig_000002291,4,2226,474218326,2520357994
GL859011.1,Chr4_supercontig_000002292,4,2657,474220983,2520360651
GL859012.1,Chr4_supercontig_000002293,4,3156,474224139,2520363807
GL859013.1,Chr4_supercontig_000002294,4,1729,474225868,2520365536
GL859014.1,Chr4_supercontig_000002295,4,3505,474229373,2520369041
GL859015.1,Chr4_supercontig_000002296,4,1510,474230883,2520370551
GL859016.1,Chr4_supercontig_000002297,4,1704,474232587,2520372255
GL859017.1,Chr4_supercontig_000002298,4,2381,474234968,2520374636
GL859018.1,Chr4_supercontig_000002299,4,3434,474238402,2520378070
GL859019.1,Chr4_supercontig_000002300,4,2116,474240518,2520380186
GL859020.1,Chr4_supercontig_000002301,4,1897,474242415,2520382083
GL859021.1,Chr4_supercontig_000002302,4,2888,474245303,2520384971
GL859022.1,Chr4_supercontig_000002303,4,1602,474246905,2520386573
GL859023.1,Chr4_supercontig_000002304,4,2785,474249690,2520389358
GL859024.1,Chr4_supercontig_000002305,4,2130,474251820,2520391488
GL859025.1,Chr4_supercontig_000002306,4,3499,474255319,2520394987
GL859026.1,Chr4_supercontig_000002307,4,1851,474257170,2520396838
GL859027.1,Chr4_supercontig_000002308,4,3471,474260641,2520400309
GL859028.1,Chr4_supercontig_000002309,4,1587,474262228,2520401896
GL859029.1,Chr4_supercontig_000002310,4,3553,474265781,2520405449
GL859030.1,Chr4_supercontig_000002311,4,2164,474267945,2520407613
GL859031.1,Chr4_supercontig_000002312,4,2133,474270078,2520409746
GL859032.1,Chr4_supercontig_000002313,4,2654,474272732,2520412400
GL859033.1,Chr4_supercontig_000002314,4,4966,474277698,2520417366
GL859034.1,Chr4_supercontig_000002315,4,6088,474283786,2520423454
GL859035.1,Chr4_supercontig_000002316,4,11176,474294962,2520434630
GL859036.1,Chr4_supercontig_000002317,4,6279,474301241,2520440909
GL859037.1,Chr4_supercontig_000002318,4,2366,474303607,2520443275
GL859038.1,Chr4_supercontig_000002319,4,1864,474305471,2520445139
GL859039.1,Chr4_supercontig_000002320,4,3475,474308946,2520448614
GL859040.1,Chr4_supercontig_000002321,4,8620,474317566,2520457234
GL859041.1,Chr4_supercontig_000002322,4,1740,474319306,2520458974
GL859042.1,Chr4_supercontig_000002323,4,2478,474321784,2520461452
GL859043.1,Chr4_supercontig_000002324,4,2772,474324556,2520464224
GL859044.1,Chr4_supercontig_000002325,4,1580,474326136,2520465804
GL859045.1,Chr4_supercontig_000002326,4,2836,474328972,2520468640
GL859046.1,Chr4_supercontig_000002327,4,2056,474331028,2520470696
GL859047.1,Chr4_supercontig_000002328,4,2094,474333122,2520472790
GL859048.1,Chr4_supercontig_000002329,4,1826,474334948,2520474616
GL859049.1,Chr4_supercontig_000002330,4,3354,474338302,2520477970
GL859050.1,Chr4_supercontig_000002331,4,3743,474342045,2520481713
GL859051.1,Chr4_supercontig_000002332,4,3057,474345102,2520484770
GL859052.1,Chr4_supercontig_000002333,4,4134,474349236,2520488904
GL859053.1,Chr4_supercontig_000002334,4,2908,474352144,2520491812
GL859054.1,Chr4_supercontig_000002335,4,9229,474361373,2520501041
GL859055.1,Chr4_supercontig_000002336,4,15449,474376822,2520516490
GL859056.1,Chr4_supercontig_000002337,4,2427,474379249,2520518917
GL859057.1,Chr4_supercontig_000002338,4,2226,474381475,2520521143
GL859058.1,Chr4_supercontig_000002339,4,2117,474383592,2520523260
GL859059.1,Chr4_supercontig_000002340,4,2178,474385770,2520525438
GL859060.1,Chr4_supercontig_000002341,4,2469,474388239,2520527907
GL859061.1,Chr4_supercontig_000002342,4,2400,474390639,2520530307
GL859062.1,Chr4_supercontig_000002343,4,1613,474392252,2520531920
GL859063.1,Chr4_supercontig_000002344,4,1543,474393795,2520533463
GL859064.1,Chr4_supercontig_000002345,4,1883,474395678,2520535346
GL859065.1,Chr4_supercontig_000002346,4,4351,474400029,2520539697
GL859066.1,Chr4_supercontig_000002347,4,2336,474402365,2520542033
GL859067.1,Chr4_supercontig_000002348,4,5750,474408115,2520547783
GL859068.1,Chr4_supercontig_000002349,4,2538,474410653,2520550321
GL859069.1,Chr4_supercontig_000002350,4,1726,474412379,2520552047
GL859070.1,Chr4_supercontig_000002351,4,1734,474414113,2520553781
GL859071.1,Chr4_supercontig_000002352,4,1774,474415887,2520555555
GL859072.1,Chr4_supercontig_000002353,4,1570,474417457,2520557125
GL859073.1,Chr4_supercontig_000002354,4,3057,474420514,2520560182
GL859074.1,Chr4_supercontig_000002355,4,1828,474422342,2520562010
GL859075.1,Chr4_supercontig_000002356,4,2270,474424612,2520564280
GL859076.1,Chr4_supercontig_000002357,4,4899,474429511,2520569179
GL859077.1,Chr4_supercontig_000002358,4,2089,474431600,2520571268
GL859078.1,Chr4_supercontig_000002359,4,2530,474434130,2520573798
GL859079.1,Chr4_supercontig_000002360,4,2303,474436433,2520576101
GL859080.1,Chr4_supercontig_000002361,4,12577,474449010,2520588678
GL859081.1,Chr4_supercontig_000002362,4,3451,474452461,2520592129
GL859082.1,Chr4_supercontig_000002363,4,2013,474454474,2520594142
GL859083.1,Chr4_supercontig_000002364,4,2694,474457168,2520596836
GL859084.1,Chr4_supercontig_000002365,4,2874,474460042,2520599710
GL859085.1,Chr4_supercontig_000002366,4,3140,474463182,2520602850
GL859086.1,Chr4_supercontig_000002367,4,1596,474464778,2520604446
GL859087.1,Chr4_supercontig_000002368,4,2343,474467121,2520606789
GL859088.1,Chr4_supercontig_000002369,4,1586,474468707,2520608375
GL859089.1,Chr4_supercontig_000002370,4,1870,474470577,2520610245
GL859090.1,Chr4_supercontig_000002371,4,1595,474472172,2520611840
GL859091.1,Chr4_supercontig_000002372,4,6789,474478961,2520618629
GL859092.1,Chr4_supercontig_000002373,4,1568,474480529,2520620197
GL859093.1,Chr4_supercontig_000002374,4,1516,474482045,2520621713
GL859094.1,Chr4_supercontig_000002375,4,5118,474487163,2520626831
GL859095.1,Chr4_supercontig_000002376,4,1760,474488923,2520628591
GL859096.1,Chr4_supercontig_000002377,4,3726,474492649,2520632317
GL859097.1,Chr4_supercontig_000002378,4,1505,474494154,2520633822
GL859098.1,Chr4_supercontig_000002379,4,1618,474495772,2520635440
GL859099.1,Chr4_supercontig_000002380,4,2167,474497939,2520637607
GL859100.1,Chr4_supercontig_000002381,4,5577,474503516,2520643184
GL859101.1,Chr4_supercontig_000002382,4,3135,474506651,2520646319
GL859102.1,Chr4_supercontig_000002383,4,4163,474510814,2520650482
GL859103.1,Chr4_supercontig_000002384,4,2973,474513787,2520653455
GL859104.1,Chr4_supercontig_000002385,4,2310,474516097,2520655765
GL859105.1,Chr4_supercontig_000002386,4,2244,474518341,2520658009
GL859106.1,Chr4_supercontig_000002387,4,1984,474520325,2520659993
GL859107.1,Chr4_supercontig_000002388,4,2239,474522564,2520662232
GL859108.1,Chr4_supercontig_000002389,4,1729,474524293,2520663961
GL859109.1,Chr4_supercontig_000002390,4,1908,474526201,2520665869
GL859110.1,Chr4_supercontig_000002391,4,2732,474528933,2520668601
GL859111.1,Chr4_supercontig_000002392,4,2254,474531187,2520670855
GL859112.1,Chr4_supercontig_000002393,4,1596,474532783,2520672451
GL859113.1,Chr4_supercontig_000002394,4,1559,474534342,2520674010
GL859114.1,Chr4_supercontig_000002395,4,4618,474538960,2520678628
GL859115.1,Chr4_supercontig_000002396,4,3689,474542649,2520682317
GL859116.1,Chr4_supercontig_000002397,4,5727,474548376,2520688044
GL859117.1,Chr4_supercontig_000002398,4,13168,474561544,2520701212
GL859118.1,Chr4_supercontig_000002399,4,7344,474568888,2520708556
GL859119.1,Chr4_supercontig_000002400,4,15019,474583907,2520723575
GL859120.1,Chr4_supercontig_000002401,4,2051,474585958,2520725626
GL859121.1,Chr4_supercontig_000002402,4,1561,474587519,2520727187
GL859122.1,Chr4_supercontig_000002403,4,2422,474589941,2520729609
GL859123.1,Chr4_supercontig_000002404,4,3935,474593876,2520733544
GL859124.1,Chr4_supercontig_000002405,4,9641,474603517,2520743185
GL859125.1,Chr4_supercontig_000002406,4,1573,474605090,2520744758
GL859126.1,Chr4_supercontig_000002407,4,3496,474608586,2520748254
GL859127.1,Chr4_supercontig_000002408,4,1491,474610077,2520749745
GL859128.1,Chr4_supercontig_000002409,4,1580,474611657,2520751325
GL859129.1,Chr4_supercontig_000002410,4,4795,474616452,2520756120
GL859130.1,Chr4_supercontig_000002411,4,2424,474618876,2520758544
GL859131.1,Chr4_supercontig_000002412,4,2082,474620958,2520760626
GL859132.1,Chr4_supercontig_000002413,4,2664,474623622,2520763290
GL859133.1,Chr4_supercontig_000002414,4,1772,474625394,2520765062
GL859134.1,Chr4_supercontig_000002415,4,2155,474627549,2520767217
GL859135.1,Chr4_supercontig_000002416,4,1654,474629203,2520768871
GL859136.1,Chr4_supercontig_000002417,4,2104,474631307,2520770975
GL859137.1,Chr4_supercontig_000002418,4,4614,474635921,2520775589
GL859138.1,Chr4_supercontig_000002419,4,5212,474641133,2520780801
GL859139.1,Chr4_supercontig_000002420,4,7514,474648647,2520788315
GL859140.1,Chr4_supercontig_000002421,4,19293,474667940,2520807608
GL859141.1,Chr4_supercontig_000002422,4,1832,474669772,2520809440
GL859142.1,Chr4_supercontig_000002423,4,10978,474680750,2520820418
GL859143.1,Chr4_supercontig_000002424,4,3724,474684474,2520824142
GL859144.1,Chr4_supercontig_000002425,4,1847,474686321,2520825989
GL859145.1,Chr4_supercontig_000002426,4,3578,474689899,2520829567
GL859146.1,Chr4_supercontig_000002427,4,3115,474693014,2520832682
GL859147.1,Chr4_supercontig_000002428,4,3482,474696496,2520836164
GL859148.1,Chr4_supercontig_000002429,4,1766,474698262,2520837930
GL859149.1,Chr4_supercontig_000002430,4,3682,474701944,2520841612
GL859150.1,Chr4_supercontig_000002431,4,1633,474703577,2520843245
GL859151.1,Chr4_supercontig_000002432,4,1579,474705156,2520844824
GL859152.1,Chr4_supercontig_000002433,4,12852,474718008,2520857676
GL859153.1,Chr4_supercontig_000002434,4,14358,474732366,2520872034
GL859154.1,Chr4_supercontig_000002435,4,4174,474736540,2520876208
GL859155.1,Chr4_supercontig_000002436,4,13143,474749683,2520889351
GL859156.1,Chr4_supercontig_000002437,4,2427,474752110,2520891778
GL859157.1,Chr4_supercontig_000002438,4,10129,474762239,2520901907
GL859158.1,Chr4_supercontig_000002439,4,3173,474765412,2520905080
GL859159.1,Chr4_supercontig_000002440,4,8768,474774180,2520913848
GL859160.1,Chr4_supercontig_000002441,4,4267,474778447,2520918115
GL859161.1,Chr4_supercontig_000002442,4,4955,474783402,2520923070
GL859162.1,Chr4_supercontig_000002443,4,6293,474789695,2520929363
GL859163.1,Chr4_supercontig_000002444,4,7651,474797346,2520937014
GL859164.1,Chr4_supercontig_000002445,4,1762,474799108,2520938776
GL859165.1,Chr4_supercontig_000002446,4,2408,474801516,2520941184
GL859166.1,Chr4_supercontig_000002447,4,1722,474803238,2520942906
GL859167.1,Chr4_supercontig_000002448,4,4291,474807529,2520947197
GL859168.1,Chr4_supercontig_000002449,4,2956,474810485,2520950153
GL859169.1,Chr4_supercontig_000002450,4,1926,474812411,2520952079
GL859170.1,Chr4_supercontig_000002451,4,2911,474815322,2520954990
GL859171.1,Chr4_supercontig_000002452,4,1769,474817091,2520956759
GL859172.1,Chr4_supercontig_000002453,4,5092,474822183,2520961851
GL859173.1,Chr4_supercontig_000002454,4,1605,474823788,2520963456
GL859174.1,Chr4_supercontig_000002455,4,1962,474825750,2520965418
GL859175.1,Chr4_supercontig_000002456,4,1505,474827255,2520966923
GL859176.1,Chr4_supercontig_000002457,4,2853,474830108,2520969776
GL859177.1,Chr4_supercontig_000002458,4,2481,474832589,2520972257
GL859178.1,Chr4_supercontig_000002459,4,1716,474834305,2520973973
GL859179.1,Chr4_supercontig_000002460,4,4348,474838653,2520978321
GL859180.1,Chr4_supercontig_000002461,4,1619,474840272,2520979940
GL859181.1,Chr4_supercontig_000002462,4,1655,474841927,2520981595
GL859182.1,Chr4_supercontig_000002463,4,1695,474843622,2520983290
GL859183.1,Chr4_supercontig_000002464,4,1847,474845469,2520985137
GL859184.1,Chr4_supercontig_000002465,4,5873,474851342,2520991010
GL859185.1,Chr4_supercontig_000002466,4,2042,474853384,2520993052
GL859186.1,Chr4_supercontig_000002467,4,1687,474855071,2520994739
GL859187.1,Chr4_supercontig_000002468,4,4562,474859633,2520999301
GL859188.1,Chr4_supercontig_000002469,4,4089,474863722,2521003390
GL859189.1,Chr4_supercontig_000002470,4,7563,474871285,2521010953
GL859190.1,Chr4_supercontig_000002471,4,1797,474873082,2521012750
GL859191.1,Chr4_supercontig_000002472,4,1799,474874881,2521014549
GL859192.1,Chr4_supercontig_000002473,4,4789,474879670,2521019338
GL859193.1,Chr4_supercontig_000002474,4,1798,474881468,2521021136
GL859194.1,Chr4_supercontig_000002475,4,2145,474883613,2521023281
GL859195.1,Chr4_supercontig_000002476,4,2556,474886169,2521025837
GL859196.1,Chr4_supercontig_000002477,4,3413,474889582,2521029250
GL859197.1,Chr4_supercontig_000002478,4,2491,474892073,2521031741
GL859198.1,Chr4_supercontig_000002479,4,1539,474893612,2521033280
GL859199.1,Chr4_supercontig_000002480,4,1707,474895319,2521034987
GL859200.1,Chr4_supercontig_000002481,4,2019,474897338,2521037006
GL859201.1,Chr4_supercontig_000002482,4,1578,474898916,2521038584
GL859202.1,Chr4_supercontig_000002483,4,1548,474900464,2521040132
GL859203.1,Chr4_supercontig_000002484,4,1510,474901974,2521041642
GL859204.1,Chr4_supercontig_000002485,4,1698,474903672,2521043340
GL859205.1,Chr4_supercontig_000002486,4,3704,474907376,2521047044
GL859206.1,Chr4_supercontig_000002487,4,3068,474910444,2521050112
GL859207.1,Chr4_supercontig_000002488,4,1626,474912070,2521051738
GL859208.1,Chr4_supercontig_000002489,4,3361,474915431,2521055099
GL859209.1,Chr4_supercontig_000002490,4,2080,474917511,2521057179
GL859210.1,Chr4_supercontig_000002491,4,2748,474920259,2521059927
GL859211.1,Chr4_supercontig_000002492,4,2050,474922309,2521061977
GL859212.1,Chr4_supercontig_000002493,4,2619,474924928,2521064596
GL859213.1,Chr4_supercontig_000002494,4,2925,474927853,2521067521
GL859214.1,Chr4_supercontig_000002495,4,2144,474929997,2521069665
GL859215.1,Chr4_supercontig_000002496,4,1664,474931661,2521071329
GL859216.1,Chr4_supercontig_000002497,4,6715,474938376,2521078044
GL859217.1,Chr4_supercontig_000002498,4,1687,474940063,2521079731
GL859218.1,Chr4_supercontig_000002499,4,1833,474941896,2521081564
GL859219.1,Chr4_supercontig_000002500,4,1985,474943881,2521083549
GL859220.1,Chr4_supercontig_000002501,4,3184,474947065,2521086733
GL859221.1,Chr4_supercontig_000002502,4,3622,474950687,2521090355
GL859222.1,Chr4_supercontig_000002503,4,3453,474954140,2521093808
GL859223.1,Chr4_supercontig_000002504,4,3268,474957408,2521097076
GL859224.1,Chr4_supercontig_000002505,4,2275,474959683,2521099351
GL859225.1,Chr4_supercontig_000002506,4,1643,474961326,2521100994
GL859226.1,Chr4_supercontig_000002507,4,1665,474962991,2521102659
GL859227.1,Chr4_supercontig_000002508,4,2102,474965093,2521104761
GL859228.1,Chr4_supercontig_000002509,4,1938,474967031,2521106699
GL859229.1,Chr4_supercontig_000002510,4,2337,474969368,2521109036
GL859230.1,Chr4_supercontig_000002511,4,1721,474971089,2521110757
GL859231.1,Chr4_supercontig_000002512,4,1849,474972938,2521112606
GL859232.1,Chr4_supercontig_000002513,4,3820,474976758,2521116426
GL859233.1,Chr4_supercontig_000002514,4,1600,474978358,2521118026
GL859234.1,Chr4_supercontig_000002515,4,2609,474980967,2521120635
GL859235.1,Chr4_supercontig_000002516,4,3724,474984691,2521124359
GL859236.1,Chr4_supercontig_000002517,4,1558,474986249,2521125917
GL859237.1,Chr4_supercontig_000002518,4,2368,474988617,2521128285
GL859238.1,Chr4_supercontig_000002519,4,3390,474992007,2521131675
GL859239.1,Chr4_supercontig_000002520,4,2359,474994366,2521134034
GL859240.1,Chr4_supercontig_000002521,4,5271,474999637,2521139305
GL859241.1,Chr4_supercontig_000002522,4,2050,475001687,2521141355
GL859242.1,Chr4_supercontig_000002523,4,2223,475003910,2521143578
GL859243.1,Chr4_supercontig_000002524,4,1886,475005796,2521145464
GL859244.1,Chr4_supercontig_000002525,4,1650,475007446,2521147114
GL859245.1,Chr4_supercontig_000002526,4,1738,475009184,2521148852
GL859246.1,Chr4_supercontig_000002527,4,1991,475011175,2521150843
GL859247.1,Chr4_supercontig_000002528,4,4273,475015448,2521155116
GL859248.1,Chr4_supercontig_000002529,4,1592,475017040,2521156708
GL859249.1,Chr4_supercontig_000002530,4,3548,475020588,2521160256
GL859250.1,Chr4_supercontig_000002531,4,3355,475023943,2521163611
GL859251.1,Chr4_supercontig_000002532,4,1883,475025826,2521165494
GL859252.1,Chr4_supercontig_000002533,4,1527,475027353,2521167021
GL859253.1,Chr4_supercontig_000002534,4,2180,475029533,2521169201
GL859254.1,Chr4_supercontig_000002535,4,2577,475032110,2521171778
GL859255.1,Chr4_supercontig_000002536,4,2258,475034368,2521174036
GL859256.1,Chr4_supercontig_000002537,4,3365,475037733,2521177401
GL859257.1,Chr4_supercontig_000002538,4,2651,475040384,2521180052
GL859258.1,Chr4_supercontig_000002539,4,3300,475043684,2521183352
GL859259.1,Chr4_supercontig_000002540,4,1857,475045541,2521185209
GL859260.1,Chr4_supercontig_000002541,4,2310,475047851,2521187519
GL859261.1,Chr4_supercontig_000002542,4,4279,475052130,2521191798
GL859262.1,Chr4_supercontig_000002543,4,1677,475053807,2521193475
GL859263.1,Chr4_supercontig_000002544,4,1606,475055413,2521195081
GL859264.1,Chr4_supercontig_000002545,4,1817,475057230,2521196898
GL859265.1,Chr4_supercontig_000002546,4,2611,475059841,2521199509
GL859266.1,Chr4_supercontig_000002547,4,1861,475061702,2521201370
GL859267.1,Chr4_supercontig_000002548,4,2596,475064298,2521203966
GL859268.1,Chr4_supercontig_000002549,4,1914,475066212,2521205880
GL859269.1,Chr4_supercontig_000002550,4,2213,475068425,2521208093
GL859270.1,Chr4_supercontig_000002551,4,6578,475075003,2521214671
GL859271.1,Chr4_supercontig_000002552,4,3612,475078615,2521218283
GL859272.1,Chr4_supercontig_000002553,4,3189,475081804,2521221472
GL859273.1,Chr4_supercontig_000002554,4,1721,475083525,2521223193
GL859274.1,Chr4_supercontig_000002555,4,5495,475089020,2521228688
GL859275.1,Chr4_supercontig_000002556,4,4391,475093411,2521233079
GL859276.1,Chr4_supercontig_000002557,4,3946,475097357,2521237025
GL859277.1,Chr4_supercontig_000002558,4,1984,475099341,2521239009
GL859278.1,Chr4_supercontig_000002559,4,1703,475101044,2521240712
GL859279.1,Chr4_supercontig_000002560,4,1563,475102607,2521242275
GL859280.1,Chr4_supercontig_000002561,4,1864,475104471,2521244139
GL859281.1,Chr4_supercontig_000002562,4,4111,475108582,2521248250
GL859282.1,Chr4_supercontig_000002563,4,2519,475111101,2521250769
GL859283.1,Chr4_supercontig_000002564,4,2427,475113528,2521253196
GL859284.1,Chr4_supercontig_000002565,4,4887,475118415,2521258083
GL859285.1,Chr4_supercontig_000002566,4,17164,475135579,2521275247
GL859286.1,Chr4_supercontig_000002567,4,3122,475138701,2521278369
GL859287.1,Chr4_supercontig_000002568,4,12548,475151249,2521290917
GL859288.1,Chr4_supercontig_000002569,4,2265,475153514,2521293182
GL859289.1,Chr4_supercontig_000002570,4,3422,475156936,2521296604
GL859290.1,Chr4_supercontig_000002571,4,22970,475179906,2521319574
GL859291.1,Chr4_supercontig_000002572,4,2696,475182602,2521322270
GL859292.1,Chr4_supercontig_000002573,4,2126,475184728,2521324396
GL859293.1,Chr4_supercontig_000002574,4,1518,475186246,2521325914
GL859294.1,Chr4_supercontig_000002575,4,3765,475190011,2521329679
GL859295.1,Chr4_supercontig_000002576,4,1558,475191569,2521331237
GL859296.1,Chr4_supercontig_000002577,4,2394,475193963,2521333631
GL859297.1,Chr4_supercontig_000002578,4,2066,475196029,2521335697
GL859298.1,Chr4_supercontig_000002579,4,1997,475198026,2521337694
GL859299.1,Chr4_supercontig_000002580,4,2117,475200143,2521339811
GL859300.1,Chr4_supercontig_000002581,4,2987,475203130,2521342798
GL859301.1,Chr4_supercontig_000002582,4,2224,475205354,2521345022
GL859302.1,Chr4_supercontig_000002583,4,4871,475210225,2521349893
GL859303.1,Chr4_supercontig_000002584,4,1979,475212204,2521351872
GL859304.1,Chr4_supercontig_000002585,4,6819,475219023,2521358691
GL859305.1,Chr4_supercontig_000002586,4,11305,475230328,2521369996
GL859306.1,Chr4_supercontig_000002587,4,12359,475242687,2521382355
GL859307.1,Chr4_supercontig_000002588,4,7185,475249872,2521389540
GL859308.1,Chr4_supercontig_000002589,4,5334,475255206,2521394874
GL859309.1,Chr4_supercontig_000002590,4,1573,475256779,2521396447
GL859310.1,Chr4_supercontig_000002591,4,1911,475258690,2521398358
GL859311.1,Chr4_supercontig_000002592,4,10431,475269121,2521408789
GL859312.1,Chr4_supercontig_000002593,4,2879,475272000,2521411668
GL859313.1,Chr4_supercontig_000002594,4,3005,475275005,2521414673
GL859314.1,Chr4_supercontig_000002595,4,3601,475278606,2521418274
GL859315.1,Chr4_supercontig_000002596,4,2659,475281265,2521420933
GL859316.1,Chr4_supercontig_000002597,4,2060,475283325,2521422993
GL859317.1,Chr4_supercontig_000002598,4,1875,475285200,2521424868
GL859318.1,Chr4_supercontig_000002599,4,2622,475287822,2521427490
GL859319.1,Chr4_supercontig_000002600,4,4276,475292098,2521431766
GL859320.1,Chr4_supercontig_000002601,4,1808,475293906,2521433574
GL859321.1,Chr4_supercontig_000002602,4,4210,475298116,2521437784
GL859322.1,Chr4_supercontig_000002603,4,1596,475299712,2521439380
GL859323.1,Chr4_supercontig_000002604,4,3072,475302784,2521442452
GL859324.1,Chr4_supercontig_000002605,4,3075,475305859,2521445527
GL859325.1,Chr4_supercontig_000002606,4,6251,475312110,2521451778
GL859326.1,Chr4_supercontig_000002607,4,2183,475314293,2521453961
GL859327.1,Chr4_supercontig_000002608,4,1687,475315980,2521455648
GL859328.1,Chr4_supercontig_000002609,4,3906,475319886,2521459554
GL859329.1,Chr4_supercontig_000002610,4,1555,475321441,2521461109
GL859330.1,Chr4_supercontig_000002611,4,1609,475323050,2521462718
GL859331.1,Chr4_supercontig_000002612,4,5823,475328873,2521468541
GL859332.1,Chr4_supercontig_000002613,4,1649,475330522,2521470190
GL859333.1,Chr4_supercontig_000002614,4,2513,475333035,2521472703
GL859334.1,Chr4_supercontig_000002615,4,2150,475335185,2521474853
GL859335.1,Chr4_supercontig_000002616,4,1857,475337042,2521476710
GL859336.1,Chr4_supercontig_000002617,4,3902,475340944,2521480612
GL859337.1,Chr4_supercontig_000002618,4,4353,475345297,2521484965
GL859338.1,Chr4_supercontig_000002619,4,2163,475347460,2521487128
GL859339.1,Chr4_supercontig_000002620,4,3268,475350728,2521490396
GL859340.1,Chr4_supercontig_000002621,4,2725,475353453,2521493121
GL859341.1,Chr4_supercontig_000002622,4,2103,475355556,2521495224
GL859342.1,Chr4_supercontig_000002623,4,2268,475357824,2521497492
GL859343.1,Chr4_supercontig_000002624,4,1661,475359485,2521499153
GL859344.1,Chr4_supercontig_000002625,4,1637,475361122,2521500790
GL859345.1,Chr4_supercontig_000002626,4,2766,475363888,2521503556
GL859346.1,Chr4_supercontig_000002627,4,1861,475365749,2521505417
GL859347.1,Chr4_supercontig_000002628,4,3553,475369302,2521508970
GL859348.1,Chr4_supercontig_000002629,4,2807,475372109,2521511777
GL859349.1,Chr4_supercontig_000002630,4,3748,475375857,2521515525
GL859350.1,Chr4_supercontig_000002631,4,1751,475377608,2521517276
GL859351.1,Chr4_supercontig_000002632,4,3905,475381513,2521521181
GL859352.1,Chr4_supercontig_000002633,4,2530,475384043,2521523711
GL859353.1,Chr4_supercontig_000002634,4,2924,475386967,2521526635
GL859354.1,Chr4_supercontig_000002635,4,3198,475390165,2521529833
GL859355.1,Chr4_supercontig_000002636,4,2285,475392450,2521532118
GL859356.1,Chr4_supercontig_000002637,4,11636,475404086,2521543754
GL859357.1,Chr4_supercontig_000002638,4,3455,475407541,2521547209
GL859358.1,Chr4_supercontig_000002639,4,4400,475411941,2521551609
GL859359.1,Chr4_supercontig_000002640,4,2233,475414174,2521553842
GL859360.1,Chr4_supercontig_000002641,4,3280,475417454,2521557122
GL859361.1,Chr4_supercontig_000002642,4,6028,475423482,2521563150
GL859362.1,Chr4_supercontig_000002643,4,1714,475425196,2521564864
GL859363.1,Chr4_supercontig_000002644,4,1905,475427101,2521566769
GL859364.1,Chr4_supercontig_000002645,4,1959,475429060,2521568728
GL859365.1,Chr4_supercontig_000002646,4,2380,475431440,2521571108
GL859366.1,Chr4_supercontig_000002647,4,1755,475433195,2521572863
GL859367.1,Chr4_supercontig_000002648,4,1953,475435148,2521574816
GL859368.1,Chr4_supercontig_000002649,4,6458,475441606,2521581274
GL859369.1,Chr4_supercontig_000002650,4,4012,475445618,2521585286
GL859370.1,Chr4_supercontig_000002651,4,2149,475447767,2521587435
GL859371.1,Chr4_supercontig_000002652,4,4858,475452625,2521592293
GL859372.1,Chr4_supercontig_000002653,4,2449,475455074,2521594742
GL859373.1,Chr4_supercontig_000002654,4,2763,475457837,2521597505
GL859374.1,Chr4_supercontig_000002655,4,1514,475459351,2521599019
GL859375.1,Chr4_supercontig_000002656,4,2604,475461955,2521601623
GL859376.1,Chr4_supercontig_000002657,4,1631,475463586,2521603254
GL859377.1,Chr4_supercontig_000002658,4,2826,475466412,2521606080
GL859378.1,Chr4_supercontig_000002659,4,2322,475468734,2521608402
GL859379.1,Chr4_supercontig_000002660,4,2345,475471079,2521610747
GL859380.1,Chr4_supercontig_000002661,4,5851,475476930,2521616598
GL859381.1,Chr4_supercontig_000002662,4,1811,475478741,2521618409
GL859382.1,Chr4_supercontig_000002663,4,2618,475481359,2521621027
GL859383.1,Chr4_supercontig_000002664,4,2276,475483635,2521623303
GL859384.1,Chr4_supercontig_000002665,4,1978,475485613,2521625281
GL859385.1,Chr4_supercontig_000002666,4,3226,475488839,2521628507
GL859386.1,Chr4_supercontig_000002667,4,1695,475490534,2521630202
GL859387.1,Chr4_supercontig_000002668,4,2712,475493246,2521632914
GL859388.1,Chr4_supercontig_000002669,4,1685,475494931,2521634599
GL859389.1,Chr4_supercontig_000002670,4,4766,475499697,2521639365
GL859390.1,Chr4_supercontig_000002671,4,4431,475504128,2521643796
GL859391.1,Chr4_supercontig_000002672,4,1671,475505799,2521645467
GL859392.1,Chr4_supercontig_000002673,4,2354,475508153,2521647821
GL859393.1,Chr4_supercontig_000002674,4,1715,475509868,2521649536
GL859394.1,Chr4_supercontig_000002675,4,1789,475511657,2521651325
GL859395.1,Chr4_supercontig_000002676,4,4392,475516049,2521655717
GL859396.1,Chr4_supercontig_000002677,4,3953,475520002,2521659670
GL859397.1,Chr4_supercontig_000002678,4,1698,475521700,2521661368
GL859398.1,Chr4_supercontig_000002679,4,1982,475523682,2521663350
GL859399.1,Chr4_supercontig_000002680,4,4546,475528228,2521667896
GL859400.1,Chr4_supercontig_000002681,4,3063,475531291,2521670959
GL859401.1,Chr4_supercontig_000002682,4,1547,475532838,2521672506
GL859402.1,Chr4_supercontig_000002683,4,1696,475534534,2521674202
GL859403.1,Chr4_supercontig_000002684,4,1552,475536086,2521675754
GL859404.1,Chr4_supercontig_000002685,4,10434,475546520,2521686188
GL859405.1,Chr4_supercontig_000002686,4,2548,475549068,2521688736
GL859406.1,Chr4_supercontig_000002687,4,1599,475550667,2521690335
GL859407.1,Chr4_supercontig_000002688,4,2686,475553353,2521693021
GL859408.1,Chr4_supercontig_000002689,4,2113,475555466,2521695134
GL859409.1,Chr4_supercontig_000002690,4,2019,475557485,2521697153
GL859410.1,Chr4_supercontig_000002691,4,1518,475559003,2521698671
GL859411.1,Chr4_supercontig_000002692,4,8946,475567949,2521707617
GL859412.1,Chr4_supercontig_000002693,4,3882,475571831,2521711499
GL859413.1,Chr4_supercontig_000002694,4,3189,475575020,2521714688
GL859414.1,Chr4_supercontig_000002695,4,1959,475576979,2521716647
GL859415.1,Chr4_supercontig_000002696,4,3718,475580697,2521720365
GL859416.1,Chr4_supercontig_000002697,4,2865,475583562,2521723230
GL859417.1,Chr4_supercontig_000002698,4,1797,475585359,2521725027
GL859418.1,Chr4_supercontig_000002699,4,1747,475587106,2521726774
GL859419.1,Chr4_supercontig_000002700,4,2674,475589780,2521729448
GL859420.1,Chr4_supercontig_000002701,4,2280,475592060,2521731728
GL859421.1,Chr4_supercontig_000002702,4,3583,475595643,2521735311
GL859422.1,Chr4_supercontig_000002703,4,2491,475598134,2521737802
GL859423.1,Chr4_supercontig_000002704,4,2304,475600438,2521740106
GL859424.1,Chr4_supercontig_000002705,4,3664,475604102,2521743770
GL859425.1,Chr4_supercontig_000002706,4,1721,475605823,2521745491
GL859426.1,Chr4_supercontig_000002707,4,1710,475607533,2521747201
GL859427.1,Chr4_supercontig_000002708,4,2636,475610169,2521749837
GL859428.1,Chr4_supercontig_000002709,4,1560,475611729,2521751397
GL859429.1,Chr4_supercontig_000002710,4,2557,475614286,2521753954
GL859430.1,Chr4_supercontig_000002711,4,3081,475617367,2521757035
GL859431.1,Chr4_supercontig_000002712,4,1630,475618997,2521758665
GL859432.1,Chr4_supercontig_000002713,4,3325,475622322,2521761990
GL859433.1,Chr4_supercontig_000002714,4,6249,475628571,2521768239
GL859434.1,Chr4_supercontig_000002715,4,3445,475632016,2521771684
GL859435.1,Chr4_supercontig_000002716,4,1512,475633528,2521773196
GL859436.1,Chr4_supercontig_000002717,4,1624,475635152,2521774820
GL859437.1,Chr4_supercontig_000002718,4,3287,475638439,2521778107
GL859438.1,Chr4_supercontig_000002719,4,2266,475640705,2521780373
GL859439.1,Chr4_supercontig_000002720,4,1806,475642511,2521782179
GL859440.1,Chr4_supercontig_000002721,4,2301,475644812,2521784480
GL859441.1,Chr4_supercontig_000002722,4,7177,475651989,2521791657
GL859442.1,Chr4_supercontig_000002723,4,2908,475654897,2521794565
GL859443.1,Chr4_supercontig_000002724,4,2234,475657131,2521796799
GL859444.1,Chr4_supercontig_000002725,4,2790,475659921,2521799589
GL859445.1,Chr4_supercontig_000002726,4,4087,475664008,2521803676
GL859446.1,Chr4_supercontig_000002727,4,1570,475665578,2521805246
GL859447.1,Chr4_supercontig_000002728,4,2791,475668369,2521808037
GL859448.1,Chr4_supercontig_000002729,4,3723,475672092,2521811760
GL859449.1,Chr4_supercontig_000002730,4,1806,475673898,2521813566
GL859450.1,Chr4_supercontig_000002731,4,2395,475676293,2521815961
GL859451.1,Chr4_supercontig_000002732,4,2299,475678592,2521818260
GL859452.1,Chr4_supercontig_000002733,4,1567,475680159,2521819827
GL859453.1,Chr4_supercontig_000002734,4,1647,475681806,2521821474
GL859454.1,Chr4_supercontig_000002735,4,2787,475684593,2521824261
GL859455.1,Chr4_supercontig_000002736,4,2549,475687142,2521826810
GL859456.1,Chr4_supercontig_000002737,4,1872,475689014,2521828682
GL859457.1,Chr4_supercontig_000002738,4,2556,475691570,2521831238
GL859458.1,Chr4_supercontig_000002739,4,1628,475693198,2521832866
GL859459.1,Chr4_supercontig_000002740,4,1853,475695051,2521834719
GL859460.1,Chr4_supercontig_000002741,4,3059,475698110,2521837778
GL859461.1,Chr4_supercontig_000002742,4,6039,475704149,2521843817
GL859462.1,Chr4_supercontig_000002743,4,7823,475711972,2521851640
GL859463.1,Chr4_supercontig_000002744,4,1534,475713506,2521853174
GL859464.1,Chr4_supercontig_000002745,4,1762,475715268,2521854936
GL859465.1,Chr4_supercontig_000002746,4,2477,475717745,2521857413
GL859466.1,Chr4_supercontig_000002747,4,4904,475722649,2521862317
GL859467.1,Chr4_supercontig_000002748,4,1557,475724206,2521863874
GL859468.1,Chr4_supercontig_000002749,4,3490,475727696,2521867364
GL859469.1,Chr4_supercontig_000002750,4,3596,475731292,2521870960
GL859470.1,Chr4_supercontig_000002751,4,4219,475735511,2521875179
GL859471.1,Chr4_supercontig_000002752,4,2229,475737740,2521877408
GL859472.1,Chr4_supercontig_000002753,4,8351,475746091,2521885759
GL859473.1,Chr4_supercontig_000002754,4,2891,475748982,2521888650
GL859474.1,Chr4_supercontig_000002755,4,1684,475750666,2521890334
GL859475.1,Chr4_supercontig_000002756,4,2274,475752940,2521892608
GL859476.1,Chr4_supercontig_000002757,4,2260,475755200,2521894868
GL859477.1,Chr4_supercontig_000002758,4,2719,475757919,2521897587
GL859478.1,Chr4_supercontig_000002759,4,12766,475770685,2521910353
GL859479.1,Chr4_supercontig_000002760,4,1788,475772473,2521912141
GL859480.1,Chr4_supercontig_000002761,4,2705,475775178,2521914846
GL859481.1,Chr4_supercontig_000002762,4,2369,475777547,2521917215
GL859482.1,Chr4_supercontig_000002763,4,2993,475780540,2521920208
GL859483.1,Chr4_supercontig_000002764,4,1707,475782247,2521921915
GL859484.1,Chr4_supercontig_000002765,4,1781,475784028,2521923696
GL859485.1,Chr4_supercontig_000002766,4,5095,475789123,2521928791
GL859486.1,Chr4_supercontig_000002767,4,5497,475794620,2521934288
GL859487.1,Chr4_supercontig_000002768,4,3769,475798389,2521938057
GL859488.1,Chr4_supercontig_000002769,4,9982,475808371,2521948039
GL859489.1,Chr4_supercontig_000002770,4,28272,475836643,2521976311
GL859490.1,Chr4_supercontig_000002771,4,1989,475838632,2521978300
GL859491.1,Chr4_supercontig_000002772,4,2102,475840734,2521980402
GL859492.1,Chr4_supercontig_000002773,4,6353,475847087,2521986755
GL859493.1,Chr4_supercontig_000002774,4,4186,475851273,2521990941
GL859494.1,Chr4_supercontig_000002775,4,3849,475855122,2521994790
GL859495.1,Chr4_supercontig_000002776,4,1670,475856792,2521996460
GL859496.1,Chr4_supercontig_000002777,4,2682,475859474,2521999142
GL859497.1,Chr4_supercontig_000002778,4,3033,475862507,2522002175
GL859498.1,Chr4_supercontig_000002779,4,5892,475868399,2522008067
GL859499.1,Chr4_supercontig_000002780,4,2355,475870754,2522010422
GL859500.1,Chr4_supercontig_000002781,4,2325,475873079,2522012747
GL859501.1,Chr4_supercontig_000002782,4,2313,475875392,2522015060
GL859502.1,Chr4_supercontig_000002783,4,1662,475877054,2522016722
GL859503.1,Chr4_supercontig_000002784,4,2161,475879215,2522018883
GL859504.1,Chr4_supercontig_000002785,4,2636,475881851,2522021519
GL859505.1,Chr4_supercontig_000002786,4,1928,475883779,2522023447
GL859506.1,Chr4_supercontig_000002787,4,2858,475886637,2522026305
GL859507.1,Chr4_supercontig_000002788,4,1573,475888210,2522027878
GL859508.1,Chr4_supercontig_000002789,4,1897,475890107,2522029775
GL859509.1,Chr4_supercontig_000002790,4,1836,475891943,2522031611
GL859510.1,Chr4_supercontig_000002791,4,1957,475893900,2522033568
GL859511.1,Chr4_supercontig_000002792,4,1515,475895415,2522035083
GL859512.1,Chr4_supercontig_000002793,4,2094,475897509,2522037177
GL859513.1,Chr4_supercontig_000002794,4,1734,475899243,2522038911
GL859514.1,Chr4_supercontig_000002795,4,1749,475900992,2522040660
GL859515.1,Chr4_supercontig_000002796,4,1500,475902492,2522042160
GL859516.1,Chr4_supercontig_000002797,4,3302,475905794,2522045462
GL859517.1,Chr4_supercontig_000002798,4,4424,475910218,2522049886
GL859518.1,Chr4_supercontig_000002799,4,2072,475912290,2522051958
GL859519.1,Chr4_supercontig_000002800,4,2574,475914864,2522054532
GL859520.1,Chr4_supercontig_000002801,4,4159,475919023,2522058691
GL859521.1,Chr4_supercontig_000002802,4,2359,475921382,2522061050
GL859522.1,Chr4_supercontig_000002803,4,3320,475924702,2522064370
GL859523.1,Chr4_supercontig_000002804,4,1512,475926214,2522065882
GL859524.1,Chr4_supercontig_000002805,4,3030,475929244,2522068912
GL859525.1,Chr4_supercontig_000002806,4,4207,475933451,2522073119
GL859526.1,Chr4_supercontig_000002807,4,3011,475936462,2522076130
GL859527.1,Chr4_supercontig_000002808,4,3341,475939803,2522079471
GL859528.1,Chr4_supercontig_000002809,4,3240,475943043,2522082711
GL859529.1,Chr4_supercontig_000002810,4,1875,475944918,2522084586
GL859530.1,Chr4_supercontig_000002811,4,3955,475948873,2522088541
GL859531.1,Chr4_supercontig_000002812,4,2385,475951258,2522090926
GL859532.1,Chr4_supercontig_000002813,4,1515,475952773,2522092441
GL859533.1,Chr4_supercontig_000002814,4,4122,475956895,2522096563
GL859534.1,Chr4_supercontig_000002815,4,2007,475958902,2522098570
GL859535.1,Chr4_supercontig_000002816,4,1771,475960673,2522100341
GL859536.1,Chr4_supercontig_000002817,4,2663,475963336,2522103004
GL859537.1,Chr4_supercontig_000002818,4,1799,475965135,2522104803
GL859538.1,Chr4_supercontig_000002819,4,3290,475968425,2522108093
GL859539.1,Chr4_supercontig_000002820,4,1749,475970174,2522109842
GL859540.1,Chr4_supercontig_000002821,4,2217,475972391,2522112059
GL859541.1,Chr4_supercontig_000002822,4,7831,475980222,2522119890
GL859542.1,Chr4_supercontig_000002823,4,3405,475983627,2522123295
GL859543.1,Chr4_supercontig_000002824,4,8348,475991975,2522131643
GL859544.1,Chr4_supercontig_000002825,4,1826,475993801,2522133469
GL859545.1,Chr4_supercontig_000002826,4,8800,476002601,2522142269
GL859546.1,Chr4_supercontig_000002827,4,18242,476020843,2522160511
GL859547.1,Chr4_supercontig_000002828,4,2663,476023506,2522163174
GL859548.1,Chr4_supercontig_000002829,4,2930,476026436,2522166104
GL859549.1,Chr4_supercontig_000002830,4,3547,476029983,2522169651
GL859550.1,Chr4_supercontig_000002831,4,1779,476031762,2522171430
GL859551.1,Chr4_supercontig_000002832,4,2531,476034293,2522173961
GL859552.1,Chr4_supercontig_000002833,4,2241,476036534,2522176202
GL859553.1,Chr4_supercontig_000002834,4,1693,476038227,2522177895
GL859554.1,Chr4_supercontig_000002835,4,8534,476046761,2522186429
GL859555.1,Chr4_supercontig_000002836,4,21486,476068247,2522207915
GL859556.1,Chr4_supercontig_000002837,4,2212,476070459,2522210127
GL859557.1,Chr4_supercontig_000002838,4,11701,476082160,2522221828
GL859558.1,Chr4_supercontig_000002839,4,2111,476084271,2522223939
GL859559.1,Chr4_supercontig_000002840,4,1591,476085862,2522225530
GL859560.1,Chr4_supercontig_000002841,4,6646,476092508,2522232176
GL859561.1,Chr4_supercontig_000002842,4,2515,476095023,2522234691
GL859562.1,Chr4_supercontig_000002843,4,1687,476096710,2522236378
GL859563.1,Chr4_supercontig_000002844,4,1548,476098258,2522237926
GL859564.1,Chr4_supercontig_000002845,4,1655,476099913,2522239581
GL859565.1,Chr4_supercontig_000002846,4,1651,476101564,2522241232
GL859566.1,Chr4_supercontig_000002847,4,33039,476134603,2522274271
GL859567.1,Chr4_supercontig_000002848,4,5230,476139833,2522279501
GL859568.1,Chr4_supercontig_000002849,4,2508,476142341,2522282009
GL859569.1,Chr4_supercontig_000002850,4,3820,476146161,2522285829
GL859570.1,Chr4_supercontig_000002851,4,2132,476148293,2522287961
GL859571.1,Chr4_supercontig_000002852,4,1935,476150228,2522289896
GL859572.1,Chr4_supercontig_000002853,4,4820,476155048,2522294716
GL859573.1,Chr4_supercontig_000002854,4,8335,476163383,2522303051
GL859574.1,Chr4_supercontig_000002855,4,8407,476171790,2522311458
GL859575.1,Chr4_supercontig_000002856,4,5788,476177578,2522317246
GL859576.1,Chr4_supercontig_000002857,4,5164,476182742,2522322410
GL859577.1,Chr4_supercontig_000002858,4,17616,476200358,2522340026
GL859578.1,Chr4_supercontig_000002859,4,1638,476201996,2522341664
GL859579.1,Chr4_supercontig_000002860,4,1843,476203839,2522343507
GL859580.1,Chr4_supercontig_000002861,4,1535,476205374,2522345042
GL859581.1,Chr4_supercontig_000002862,4,2320,476207694,2522347362
GL859582.1,Chr4_supercontig_000002863,4,1560,476209254,2522348922
GL859583.1,Chr4_supercontig_000002864,4,3487,476212741,2522352409
GL859584.1,Chr4_supercontig_000002865,4,1879,476214620,2522354288
GL859585.1,Chr4_supercontig_000002866,4,2352,476216972,2522356640
GL859586.1,Chr4_supercontig_000002867,4,2440,476219412,2522359080
GL859587.1,Chr4_supercontig_000002868,4,2365,476221777,2522361445
GL859588.1,Chr4_supercontig_000002869,4,3426,476225203,2522364871
GL859589.1,Chr4_supercontig_000002870,4,1636,476226839,2522366507
GL859590.1,Chr4_supercontig_000002871,4,4330,476231169,2522370837
GL859591.1,Chr4_supercontig_000002872,4,2324,476233493,2522373161
GL859592.1,Chr4_supercontig_000002873,4,3009,476236502,2522376170
GL859593.1,Chr4_supercontig_000002874,4,2348,476238850,2522378518
GL859594.1,Chr4_supercontig_000002875,4,3803,476242653,2522382321
GL859595.1,Chr4_supercontig_000002876,4,5245,476247898,2522387566
GL859596.1,Chr4_supercontig_000002877,4,7117,476255015,2522394683
GL859597.1,Chr4_supercontig_000002878,4,7122,476262137,2522401805
GL859598.1,Chr4_supercontig_000002879,4,2257,476264394,2522404062
GL859599.1,Chr4_supercontig_000002880,4,2811,476267205,2522406873
GL859600.1,Chr4_supercontig_000002881,4,1685,476268890,2522408558
GL859601.1,Chr4_supercontig_000002882,4,3745,476272635,2522412303
GL859602.1,Chr4_supercontig_000002883,4,2399,476275034,2522414702
GL859603.1,Chr4_supercontig_000002884,4,2711,476277745,2522417413
GL859604.1,Chr4_supercontig_000002885,4,2092,476279837,2522419505
GL859605.1,Chr4_supercontig_000002886,4,3332,476283169,2522422837
GL859606.1,Chr4_supercontig_000002887,4,1656,476284825,2522424493
GL859607.1,Chr4_supercontig_000002888,4,2003,476286828,2522426496
GL859608.1,Chr4_supercontig_000002889,4,1815,476288643,2522428311
GL859609.1,Chr4_supercontig_000002890,4,2028,476290671,2522430339
GL859610.1,Chr4_supercontig_000002891,4,2050,476292721,2522432389
GL859611.1,Chr4_supercontig_000002892,4,3624,476296345,2522436013
GL859612.1,Chr4_supercontig_000002893,4,3935,476300280,2522439948
GL859613.1,Chr4_supercontig_000002894,4,2015,476302295,2522441963
GL859614.1,Chr4_supercontig_000002895,4,3182,476305477,2522445145
GL859615.1,Chr4_supercontig_000002896,4,2794,476308271,2522447939
GL859616.1,Chr4_supercontig_000002897,4,1726,476309997,2522449665
GL859617.1,Chr4_supercontig_000002898,4,1531,476311528,2522451196
GL859618.1,Chr4_supercontig_000002899,4,7638,476319166,2522458834
GL859619.1,Chr4_supercontig_000002900,4,3489,476322655,2522462323
GL859620.1,Chr4_supercontig_000002901,4,4536,476327191,2522466859
GL859621.1,Chr4_supercontig_000002902,4,1569,476328760,2522468428
GL859622.1,Chr4_supercontig_000002903,4,1657,476330417,2522470085
GL859623.1,Chr4_supercontig_000002904,4,3966,476334383,2522474051
GL859624.1,Chr4_supercontig_000002905,4,1770,476336153,2522475821
GL859625.1,Chr4_supercontig_000002906,4,2539,476338692,2522478360
GL859626.1,Chr4_supercontig_000002907,4,3782,476342474,2522482142
GL859627.1,Chr4_supercontig_000002908,4,2251,476344725,2522484393
GL859628.1,Chr4_supercontig_000002909,4,2082,476346807,2522486475
GL859629.1,Chr4_supercontig_000002910,4,2329,476349136,2522488804
GL859630.1,Chr4_supercontig_000002911,4,2957,476352093,2522491761
GL859631.1,Chr4_supercontig_000002912,4,1573,476353666,2522493334
GL859632.1,Chr4_supercontig_000002913,4,1889,476355555,2522495223
GL859633.1,Chr4_supercontig_000002914,4,1651,476357206,2522496874
GL859634.1,Chr4_supercontig_000002915,4,1812,476359018,2522498686
GL859635.1,Chr4_supercontig_000002916,4,1629,476360647,2522500315
GL859636.1,Chr4_supercontig_000002917,4,1718,476362365,2522502033
GL859637.1,Chr4_supercontig_000002918,4,4327,476366692,2522506360
GL859638.1,Chr4_supercontig_000002919,4,1568,476368260,2522507928
GL859639.1,Chr4_supercontig_000002920,4,4279,476372539,2522512207
GL859640.1,Chr4_supercontig_000002921,4,3912,476376451,2522516119
GL859641.1,Chr4_supercontig_000002922,4,3195,476379646,2522519314
GL859642.1,Chr4_supercontig_000002923,4,2820,476382466,2522522134
GL859643.1,Chr4_supercontig_000002924,4,2497,476384963,2522524631
GL859644.1,Chr4_supercontig_000002925,4,3272,476388235,2522527903
GL859645.1,Chr4_supercontig_000002926,4,2497,476390732,2522530400
GL859646.1,Chr4_supercontig_000002927,4,1543,476392275,2522531943
GL859647.1,Chr4_supercontig_000002928,4,4959,476397234,2522536902
GL859648.1,Chr4_supercontig_000002929,4,6993,476404227,2522543895
GL859649.1,Chr4_supercontig_000002930,4,1722,476405949,2522545617
GL859650.1,Chr4_supercontig_000002931,4,3425,476409374,2522549042
GL859651.1,Chr4_supercontig_000002932,4,2286,476411660,2522551328
GL859652.1,Chr4_supercontig_000002933,4,2229,476413889,2522553557
GL859653.1,Chr4_supercontig_000002934,4,2708,476416597,2522556265
GL859654.1,Chr4_supercontig_000002935,4,1699,476418296,2522557964
GL859655.1,Chr4_supercontig_000002936,4,3558,476421854,2522561522
GL859656.1,Chr4_supercontig_000002937,4,3853,476425707,2522565375
GL859657.1,Chr4_supercontig_000002938,4,2284,476427991,2522567659
GL859658.1,Chr4_supercontig_000002939,4,2127,476430118,2522569786
GL859659.1,Chr4_supercontig_000002940,4,3433,476433551,2522573219
GL859660.1,Chr4_supercontig_000002941,4,3044,476436595,2522576263
GL859661.1,Chr4_supercontig_000002942,4,1797,476438392,2522578060
GL859662.1,Chr4_supercontig_000002943,4,7572,476445964,2522585632
GL859663.1,Chr4_supercontig_000002944,4,1838,476447802,2522587470
GL859664.1,Chr4_supercontig_000002945,4,2265,476450067,2522589735
GL859665.1,Chr4_supercontig_000002946,4,2905,476452972,2522592640
GL859666.1,Chr4_supercontig_000002947,4,2476,476455448,2522595116
GL859667.1,Chr4_supercontig_000002948,4,1979,476457427,2522597095
GL859668.1,Chr4_supercontig_000002949,4,3331,476460758,2522600426
GL859669.1,Chr4_supercontig_000002950,4,1590,476462348,2522602016
GL859670.1,Chr4_supercontig_000002951,4,2085,476464433,2522604101
GL859671.1,Chr4_supercontig_000002952,4,1938,476466371,2522606039
GL859672.1,Chr4_supercontig_000002953,4,1818,476468189,2522607857
GL859673.1,Chr4_supercontig_000002954,4,3308,476471497,2522611165
GL859674.1,Chr4_supercontig_000002955,4,2418,476473915,2522613583
GL859675.1,Chr4_supercontig_000002956,4,2296,476476211,2522615879
GL859676.1,Chr4_supercontig_000002957,4,2179,476478390,2522618058
GL859677.1,Chr4_supercontig_000002958,4,3147,476481537,2522621205
GL859678.1,Chr4_supercontig_000002959,4,1513,476483050,2522622718
GL859679.1,Chr4_supercontig_000002960,4,6922,476489972,2522629640
GL859680.1,Chr4_supercontig_000002961,4,2282,476492254,2522631922
GL859681.1,Chr4_supercontig_000002962,4,2396,476494650,2522634318
GL859682.1,Chr4_supercontig_000002963,4,2112,476496762,2522636430
GL859683.1,Chr4_supercontig_000002964,4,2371,476499133,2522638801
GL859684.1,Chr4_supercontig_000002965,4,1500,476500633,2522640301
GL859685.1,Chr4_supercontig_000002966,4,4206,476504839,2522644507
GL859686.1,Chr4_supercontig_000002967,4,2294,476507133,2522646801
GL859687.1,Chr4_supercontig_000002968,4,1597,476508730,2522648398
GL859688.1,Chr4_supercontig_000002969,4,4457,476513187,2522652855
GL859689.1,Chr4_supercontig_000002970,4,2280,476515467,2522655135
GL859690.1,Chr4_supercontig_000002971,4,9281,476524748,2522664416
GL859691.1,Chr4_supercontig_000002972,4,2842,476527590,2522667258
GL859692.1,Chr4_supercontig_000002973,4,2472,476530062,2522669730
GL859693.1,Chr4_supercontig_000002974,4,1900,476531962,2522671630
GL859694.1,Chr4_supercontig_000002975,4,1719,476533681,2522673349
GL859695.1,Chr4_supercontig_000002976,4,1792,476535473,2522675141
GL859696.1,Chr4_supercontig_000002977,4,1818,476537291,2522676959
GL859697.1,Chr4_supercontig_000002978,4,1636,476538927,2522678595
GL859698.1,Chr4_supercontig_000002979,4,3237,476542164,2522681832
GL859699.1,Chr4_supercontig_000002980,4,1788,476543952,2522683620
GL859700.1,Chr4_supercontig_000002981,4,2042,476545994,2522685662
GL859701.1,Chr4_supercontig_000002982,4,1822,476547816,2522687484
GL859702.1,Chr4_supercontig_000002983,4,2816,476550632,2522690300
GL859703.1,Chr4_supercontig_000002984,4,2950,476553582,2522693250
GL859704.1,Chr4_supercontig_000002985,4,2288,476555870,2522695538
GL859705.1,Chr4_supercontig_000002986,4,3040,476558910,2522698578
GL859706.1,Chr4_supercontig_000002987,4,1506,476560416,2522700084
GL859707.1,Chr4_supercontig_000002988,4,2365,476562781,2522702449
GL859708.1,Chr4_supercontig_000002989,4,1828,476564609,2522704277
GL859709.1,Chr4_supercontig_000002990,4,7697,476572306,2522711974
GL859710.1,Chr4_supercontig_000002991,4,5856,476578162,2522717830
GL859711.1,Chr4_supercontig_000002992,4,35969,476614131,2522753799
GL859712.1,Chr4_supercontig_000002993,4,37443,476651574,2522791242
GL859713.1,Chr4_supercontig_000002994,4,2350,476653924,2522793592
GL859714.1,Chr4_supercontig_000002995,4,2306,476656230,2522795898
GL859715.1,Chr4_supercontig_000002996,4,1677,476657907,2522797575
GL859716.1,Chr4_supercontig_000002997,4,1812,476659719,2522799387
GL859717.1,Chr4_supercontig_000002998,4,2961,476662680,2522802348
GL859718.1,Chr4_supercontig_000002999,4,2085,476664765,2522804433
GL859719.1,Chr4_supercontig_000003000,4,2202,476666967,2522806635
GL859720.1,Chr4_supercontig_000003001,4,3047,476670014,2522809682
GL859721.1,Chr4_supercontig_000003002,4,2917,476672931,2522812599
GL859722.1,Chr4_supercontig_000003003,4,2071,476675002,2522814670
GL859723.1,Chr4_supercontig_000003004,4,2715,476677717,2522817385
GL859724.1,Chr4_supercontig_000003005,4,1653,476679370,2522819038
GL859725.1,Chr4_supercontig_000003006,4,2218,476681588,2522821256
GL859726.1,Chr4_supercontig_000003007,4,5231,476686819,2522826487
GL859727.1,Chr4_supercontig_000003008,4,2568,476689387,2522829055
GL859728.1,Chr4_supercontig_000003009,4,5404,476694791,2522834459
GL859729.1,Chr4_supercontig_000003010,4,2014,476696805,2522836473
GL859730.1,Chr4_supercontig_000003011,4,2706,476699511,2522839179
GL859731.1,Chr4_supercontig_000003012,4,2932,476702443,2522842111
GL859732.1,Chr4_supercontig_000003013,4,1858,476704301,2522843969
GL859733.1,Chr4_supercontig_000003014,4,2609,476706910,2522846578
GL859734.1,Chr4_supercontig_000003015,4,2078,476708988,2522848656
GL859735.1,Chr4_supercontig_000003016,4,1887,476710875,2522850543
GL859736.1,Chr4_supercontig_000003017,4,1980,476712855,2522852523
GL859737.1,Chr4_supercontig_000003018,4,3342,476716197,2522855865
GL859738.1,Chr4_supercontig_000003019,4,5754,476721951,2522861619
GL859739.1,Chr4_supercontig_000003020,4,1791,476723742,2522863410
GL859740.1,Chr4_supercontig_000003021,4,2922,476726664,2522866332
GL859741.1,Chr4_supercontig_000003022,4,2284,476728948,2522868616
GL859742.1,Chr4_supercontig_000003023,4,4094,476733042,2522872710
GL859743.1,Chr4_supercontig_000003024,4,2562,476735604,2522875272
GL859744.1,Chr4_supercontig_000003025,4,2871,476738475,2522878143
GL859745.1,Chr4_supercontig_000003026,4,1665,476740140,2522879808
GL859746.1,Chr4_supercontig_000003027,4,2426,476742566,2522882234
GL859747.1,Chr4_supercontig_000003028,4,2367,476744933,2522884601
GL859748.1,Chr4_supercontig_000003029,4,1813,476746746,2522886414
GL859749.1,Chr4_supercontig_000003030,4,2756,476749502,2522889170
GL859750.1,Chr4_supercontig_000003031,4,4802,476754304,2522893972
GL859751.1,Chr4_supercontig_000003032,4,1989,476756293,2522895961
GL859752.1,Chr4_supercontig_000003033,4,3275,476759568,2522899236
GL859753.1,Chr4_supercontig_000003034,4,1635,476761203,2522900871
GL859754.1,Chr4_supercontig_000003035,4,1662,476762865,2522902533
GL859755.1,Chr4_supercontig_000003036,4,3100,476765965,2522905633
GL859756.1,Chr4_supercontig_000003037,4,2894,476768859,2522908527
GL859757.1,Chr4_supercontig_000003038,4,1642,476770501,2522910169
GL859758.1,Chr4_supercontig_000003039,4,3770,476774271,2522913939
GL859759.1,Chr4_supercontig_000003040,4,3248,476777519,2522917187
GL859760.1,Chr4_supercontig_000003041,4,3003,476780522,2522920190
GL859761.1,Chr4_supercontig_000003042,4,8132,476788654,2522928322
GL859762.1,Chr4_supercontig_000003043,4,3365,476792019,2522931687
GL859763.1,Chr4_supercontig_000003044,4,1820,476793839,2522933507
GL859764.1,Chr4_supercontig_000003045,4,2746,476796585,2522936253
GL859765.1,Chr4_supercontig_000003046,4,2922,476799507,2522939175
GL859766.1,Chr4_supercontig_000003047,4,6788,476806295,2522945963
GL859767.1,Chr4_supercontig_000003048,4,16397,476822692,2522962360
GL859768.1,Chr4_supercontig_000003049,4,3128,476825820,2522965488
GL859769.1,Chr4_supercontig_000003050,4,2312,476828132,2522967800
GL859770.1,Chr4_supercontig_000003051,4,1989,476830121,2522969789
GL859771.1,Chr4_supercontig_000003052,4,2480,476832601,2522972269
GL859772.1,Chr4_supercontig_000003053,4,1588,476834189,2522973857
GL859773.1,Chr4_supercontig_000003054,4,1625,476835814,2522975482
GL859774.1,Chr4_supercontig_000003055,4,1956,476837770,2522977438
GL859775.1,Chr4_supercontig_000003056,4,2741,476840511,2522980179
GL859776.1,Chr4_supercontig_000003057,4,2383,476842894,2522982562
GL859777.1,Chr4_supercontig_000003058,4,3385,476846279,2522985947
GL859778.1,Chr4_supercontig_000003059,4,1575,476847854,2522987522
GL859779.1,Chr4_supercontig_000003060,4,1666,476849520,2522989188
GL859780.1,Chr4_supercontig_000003061,4,1964,476851484,2522991152
GL859781.1,Chr4_supercontig_000003062,4,2151,476853635,2522993303
GL859782.1,Chr4_supercontig_000003063,4,2117,476855752,2522995420
GL859783.1,Chr4_supercontig_000003064,4,2904,476858656,2522998324
GL859784.1,Chr4_supercontig_000003065,4,4180,476862836,2523002504
GL859785.1,Chr4_supercontig_000003066,4,1514,476864350,2523004018
GL859786.1,Chr4_supercontig_000003067,4,2877,476867227,2523006895
GL859787.1,Chr4_supercontig_000003068,4,3008,476870235,2523009903
GL859788.1,Chr4_supercontig_000003069,4,2214,476872449,2523012117
GL859789.1,Chr4_supercontig_000003070,4,1785,476874234,2523013902
GL859790.1,Chr4_supercontig_000003071,4,2121,476876355,2523016023
GL859791.1,Chr4_supercontig_000003072,4,2329,476878684,2523018352
GL859792.1,Chr4_supercontig_000003073,4,1893,476880577,2523020245
GL859793.1,Chr4_supercontig_000003074,4,1647,476882224,2523021892
GL859794.1,Chr4_supercontig_000003075,4,3197,476885421,2523025089
GL859795.1,Chr4_supercontig_000003076,4,1940,476887361,2523027029
GL859796.1,Chr4_supercontig_000003077,4,3716,476891077,2523030745
GL859797.1,Chr4_supercontig_000003078,4,1870,476892947,2523032615
GL859798.1,Chr4_supercontig_000003079,4,1554,476894501,2523034169
GL859799.1,Chr4_supercontig_000003080,4,1691,476896192,2523035860
GL859800.1,Chr4_supercontig_000003081,4,5555,476901747,2523041415
GL859801.1,Chr4_supercontig_000003082,4,1581,476903328,2523042996
GL859802.1,Chr4_supercontig_000003083,4,2188,476905516,2523045184
GL859803.1,Chr4_supercontig_000003084,4,1992,476907508,2523047176
GL859804.1,Chr4_supercontig_000003085,4,1627,476909135,2523048803
GL859805.1,Chr4_supercontig_000003086,4,1961,476911096,2523050764
GL859806.1,Chr4_supercontig_000003087,4,1576,476912672,2523052340
GL859807.1,Chr4_supercontig_000003088,4,2579,476915251,2523054919
GL859808.1,Chr4_supercontig_000003089,4,2428,476917679,2523057347
GL859809.1,Chr4_supercontig_000003090,4,3371,476921050,2523060718
GL859810.1,Chr4_supercontig_000003091,4,2059,476923109,2523062777
GL859811.1,Chr4_supercontig_000003092,4,2303,476925412,2523065080
GL859812.1,Chr4_supercontig_000003093,4,1955,476927367,2523067035
GL859813.1,Chr4_supercontig_000003094,4,2083,476929450,2523069118
GL859814.1,Chr4_supercontig_000003095,4,6257,476935707,2523075375
GL859815.1,Chr4_supercontig_000003096,4,3140,476938847,2523078515
GL859816.1,Chr4_supercontig_000003097,4,2117,476940964,2523080632
GL859817.1,Chr4_supercontig_000003098,4,1999,476942963,2523082631
GL859818.1,Chr4_supercontig_000003099,4,1924,476944887,2523084555
GL859819.1,Chr4_supercontig_000003100,4,3364,476948251,2523087919
GL859820.1,Chr4_supercontig_000003101,4,3102,476951353,2523091021
GL859821.1,Chr4_supercontig_000003102,4,1660,476953013,2523092681
GL859822.1,Chr4_supercontig_000003103,4,1625,476954638,2523094306
GL859823.1,Chr4_supercontig_000003104,4,1594,476956232,2523095900
GL859824.1,Chr4_supercontig_000003105,4,3358,476959590,2523099258
GL859825.1,Chr4_supercontig_000003106,4,4407,476963997,2523103665
GL859826.1,Chr4_supercontig_000003107,4,1689,476965686,2523105354
GL859827.1,Chr4_supercontig_000003108,4,2006,476967692,2523107360
GL859828.1,Chr4_supercontig_000003109,4,4000,476971692,2523111360
GL859829.1,Chr4_supercontig_000003110,4,3168,476974860,2523114528
GL859830.1,Chr4_supercontig_000003111,4,2736,476977596,2523117264
GL859831.1,Chr4_supercontig_000003112,4,1952,476979548,2523119216
GL859832.1,Chr4_supercontig_000003113,4,2434,476981982,2523121650
GL859833.1,Chr4_supercontig_000003114,4,1666,476983648,2523123316
GL859834.1,Chr4_supercontig_000003115,4,1591,476985239,2523124907
GL859835.1,Chr4_supercontig_000003116,4,5523,476990762,2523130430
GL859836.1,Chr4_supercontig_000003117,4,2925,476993687,2523133355
GL859837.1,Chr4_supercontig_000003118,4,2419,476996106,2523135774
GL859838.1,Chr4_supercontig_000003119,4,2159,476998265,2523137933
GL859839.1,Chr4_supercontig_000003120,4,7575,477005840,2523145508
GL859840.1,Chr4_supercontig_000003121,4,1887,477007727,2523147395
GL859841.1,Chr4_supercontig_000003122,4,2964,477010691,2523150359
GL859842.1,Chr4_supercontig_000003123,4,1535,477012226,2523151894
GL859843.1,Chr4_supercontig_000003124,4,6199,477018425,2523158093
GL859844.1,Chr4_supercontig_000003125,4,7063,477025488,2523165156
GL859845.1,Chr4_supercontig_000003126,4,4132,477029620,2523169288
GL859846.1,Chr4_supercontig_000003127,4,2666,477032286,2523171954
GL859847.1,Chr4_supercontig_000003128,4,1568,477033854,2523173522
GL859848.1,Chr4_supercontig_000003129,4,2015,477035869,2523175537
GL859849.1,Chr4_supercontig_000003130,4,6194,477042063,2523181731
GL859850.1,Chr4_supercontig_000003131,4,16722,477058785,2523198453
GL859851.1,Chr4_supercontig_000003132,4,1566,477060351,2523200019
GL859852.1,Chr4_supercontig_000003133,4,2937,477063288,2523202956
GL859853.1,Chr4_supercontig_000003134,4,1894,477065182,2523204850
GL859854.1,Chr4_supercontig_000003135,4,2467,477067649,2523207317
GL859855.1,Chr4_supercontig_000003136,4,2112,477069761,2523209429
GL859856.1,Chr4_supercontig_000003137,4,2556,477072317,2523211985
GL859857.1,Chr4_supercontig_000003138,4,1521,477073838,2523213506
GL859858.1,Chr4_supercontig_000003139,4,1877,477075715,2523215383
GL859859.1,Chr4_supercontig_000003140,4,1894,477077609,2523217277
GL859860.1,Chr4_supercontig_000003141,4,2611,477080220,2523219888
GL859861.1,Chr4_supercontig_000003142,4,2109,477082329,2523221997
GL859862.1,Chr4_supercontig_000003143,4,1640,477083969,2523223637
GL859863.1,Chr4_supercontig_000003144,4,3908,477087877,2523227545
GL859864.1,Chr4_supercontig_000003145,4,4383,477092260,2523231928
GL859865.1,Chr4_supercontig_000003146,4,1912,477094172,2523233840
GL859866.1,Chr4_supercontig_000003147,4,2823,477096995,2523236663
GL859867.1,Chr4_supercontig_000003148,4,5134,477102129,2523241797
GL859868.1,Chr4_supercontig_000003149,4,1892,477104021,2523243689
GL859869.1,Chr4_supercontig_000003150,4,1511,477105532,2523245200
GL859870.1,Chr4_supercontig_000003151,4,1695,477107227,2523246895
GL859871.1,Chr4_supercontig_000003152,4,3415,477110642,2523250310
GL859872.1,Chr4_supercontig_000003153,4,2212,477112854,2523252522
GL859873.1,Chr4_supercontig_000003154,4,1581,477114435,2523254103
GL859874.1,Chr4_supercontig_000003155,4,1646,477116081,2523255749
GL859875.1,Chr4_supercontig_000003156,4,1504,477117585,2523257253
GL859876.1,Chr4_supercontig_000003157,4,2451,477120036,2523259704
GL859877.1,Chr4_supercontig_000003158,4,3507,477123543,2523263211
GL859878.1,Chr4_supercontig_000003159,4,2109,477125652,2523265320
GL859879.1,Chr4_supercontig_000003160,4,1613,477127265,2523266933
GL859880.1,Chr4_supercontig_000003161,4,1723,477128988,2523268656
GL859881.1,Chr4_supercontig_000003162,4,2651,477131639,2523271307
GL859882.1,Chr4_supercontig_000003163,4,1963,477133602,2523273270
GL859883.1,Chr4_supercontig_000003164,4,1812,477135414,2523275082
GL859884.1,Chr4_supercontig_000003165,4,1701,477137115,2523276783
GL859885.1,Chr4_supercontig_000003166,4,1536,477138651,2523278319
GL859886.1,Chr4_supercontig_000003167,4,2443,477141094,2523280762
GL859887.1,Chr4_supercontig_000003168,4,2708,477143802,2523283470
GL859888.1,Chr4_supercontig_000003169,4,17134,477160936,2523300604
GL859889.1,Chr4_supercontig_000003170,4,2184,477163120,2523302788
GL859890.1,Chr4_supercontig_000003171,4,3141,477166261,2523305929
GL859891.1,Chr4_supercontig_000003172,4,2992,477169253,2523308921
GL859892.1,Chr4_supercontig_000003173,4,4748,477174001,2523313669
GL859893.1,Chr4_supercontig_000003174,4,3498,477177499,2523317167
GL859894.1,Chr4_supercontig_000003175,4,5494,477182993,2523322661
GL859895.1,Chr4_supercontig_000003176,4,2029,477185022,2523324690
GL859896.1,Chr4_supercontig_000003177,4,1612,477186634,2523326302
GL859897.1,Chr4_supercontig_000003178,4,1865,477188499,2523328167
GL859898.1,Chr4_supercontig_000003179,4,1798,477190297,2523329965
GL859899.1,Chr4_supercontig_000003180,4,2514,477192811,2523332479
GL859900.1,Chr4_supercontig_000003181,4,1938,477194749,2523334417
GL859901.1,Chr4_supercontig_000003182,4,1883,477196632,2523336300
GL859902.1,Chr4_supercontig_000003183,4,2435,477199067,2523338735
GL859903.1,Chr4_supercontig_000003184,4,2025,477201092,2523340760
GL859904.1,Chr4_supercontig_000003185,4,2025,477203117,2523342785
GL859905.1,Chr4_supercontig_000003186,4,2524,477205641,2523345309
GL859906.1,Chr4_supercontig_000003187,4,2175,477207816,2523347484
GL859907.1,Chr4_supercontig_000003188,4,1577,477209393,2523349061
GL859908.1,Chr4_supercontig_000003189,4,2855,477212248,2523351916
GL859909.1,Chr4_supercontig_000003190,4,3647,477215895,2523355563
GL859910.1,Chr4_supercontig_000003191,4,1556,477217451,2523357119
GL859911.1,Chr4_supercontig_000003192,4,2252,477219703,2523359371
GL859912.1,Chr4_supercontig_000003193,4,1582,477221285,2523360953
GL859913.1,Chr4_supercontig_000003194,4,1802,477223087,2523362755
GL859914.1,Chr4_supercontig_000003195,4,2153,477225240,2523364908
GL859915.1,Chr4_supercontig_000003196,4,2047,477227287,2523366955
GL859916.1,Chr4_supercontig_000003197,4,2489,477229776,2523369444
GL859917.1,Chr4_supercontig_000003198,4,1905,477231681,2523371349
GL859918.1,Chr4_supercontig_000003199,4,2184,477233865,2523373533
GL859919.1,Chr4_supercontig_000003200,4,2622,477236487,2523376155
GL859920.1,Chr4_supercontig_000003201,4,3458,477239945,2523379613
GL859921.1,Chr4_supercontig_000003202,4,3283,477243228,2523382896
GL859922.1,Chr4_supercontig_000003203,4,4446,477247674,2523387342
GL859923.1,Chr4_supercontig_000003204,4,1673,477249347,2523389015
GL859924.1,Chr4_supercontig_000003205,4,1753,477251100,2523390768
GL859925.1,Chr4_supercontig_000003206,4,2599,477253699,2523393367
GL859926.1,Chr4_supercontig_000003207,4,3346,477257045,2523396713
GL859927.1,Chr4_supercontig_000003208,4,1674,477258719,2523398387
GL859928.1,Chr4_supercontig_000003209,4,1705,477260424,2523400092
GL859929.1,Chr4_supercontig_000003210,4,3235,477263659,2523403327
GL859930.1,Chr4_supercontig_000003211,4,3222,477266881,2523406549
GL859931.1,Chr4_supercontig_000003212,4,1987,477268868,2523408536
GL859932.1,Chr4_supercontig_000003213,4,1820,477270688,2523410356
GL859933.1,Chr4_supercontig_000003214,4,1602,477272290,2523411958
GL859934.1,Chr4_supercontig_000003215,4,2044,477274334,2523414002
GL859935.1,Chr4_supercontig_000003216,4,1581,477275915,2523415583
GL859936.1,Chr4_supercontig_000003217,4,4869,477280784,2523420452
GL859937.1,Chr4_supercontig_000003218,4,2579,477283363,2523423031
GL859938.1,Chr4_supercontig_000003219,4,1666,477285029,2523424697
GL859939.1,Chr4_supercontig_000003220,4,2457,477287486,2523427154
GL859940.1,Chr4_supercontig_000003221,4,3612,477291098,2523430766
GL859941.1,Chr4_supercontig_000003222,4,2403,477293501,2523433169
GL859942.1,Chr4_supercontig_000003223,4,1571,477295072,2523434740
GL859943.1,Chr4_supercontig_000003224,4,2767,477297839,2523437507
GL859944.1,Chr4_supercontig_000003225,4,1929,477299768,2523439436
GL859945.1,Chr4_supercontig_000003226,4,2142,477301910,2523441578
GL859946.1,Chr4_supercontig_000003227,4,1560,477303470,2523443138
GL859947.1,Chr4_supercontig_000003228,4,2572,477306042,2523445710
GL859948.1,Chr4_supercontig_000003229,4,3082,477309124,2523448792
GL859949.1,Chr4_supercontig_000003230,4,4360,477313484,2523453152
GL859950.1,Chr4_supercontig_000003231,4,1646,477315130,2523454798
GL859951.1,Chr4_supercontig_000003232,4,1860,477316990,2523456658
GL859952.1,Chr4_supercontig_000003233,4,2747,477319737,2523459405
GL859953.1,Chr4_supercontig_000003234,4,2961,477322698,2523462366
GL859954.1,Chr4_supercontig_000003235,4,3474,477326172,2523465840
GL859955.1,Chr4_supercontig_000003236,4,1833,477328005,2523467673
GL859956.1,Chr4_supercontig_000003237,4,2692,477330697,2523470365
GL859957.1,Chr4_supercontig_000003238,4,3257,477333954,2523473622
GL859958.1,Chr4_supercontig_000003239,4,1644,477335598,2523475266
GL859959.1,Chr4_supercontig_000003240,4,2011,477337609,2523477277
GL859960.1,Chr4_supercontig_000003241,4,1705,477339314,2523478982
GL859961.1,Chr4_supercontig_000003242,4,1950,477341264,2523480932
GL859962.1,Chr4_supercontig_000003243,4,3146,477344410,2523484078
GL859963.1,Chr4_supercontig_000003244,4,2785,477347195,2523486863
GL859964.1,Chr4_supercontig_000003245,4,2193,477349388,2523489056
GL859965.1,Chr4_supercontig_000003246,4,7752,477357140,2523496808
GL859966.1,Chr4_supercontig_000003247,4,2525,477359665,2523499333
GL859967.1,Chr4_supercontig_000003248,4,2514,477362179,2523501847
GL859968.1,Chr4_supercontig_000003249,4,2610,477364789,2523504457
GL859969.1,Chr4_supercontig_000003250,4,2407,477367196,2523506864
GL859970.1,Chr4_supercontig_000003251,4,1502,477368698,2523508366
GL859971.1,Chr4_supercontig_000003252,4,1573,477370271,2523509939
GL859972.1,Chr4_supercontig_000003253,4,4037,477374308,2523513976
GL859973.1,Chr4_supercontig_000003254,4,2064,477376372,2523516040
GL859974.1,Chr4_supercontig_000003255,4,2484,477378856,2523518524
GL859975.1,Chr4_supercontig_000003256,4,1586,477380442,2523520110
GL859976.1,Chr4_supercontig_000003257,4,2798,477383240,2523522908
GL859977.1,Chr4_supercontig_000003258,4,2408,477385648,2523525316
GL859978.1,Chr4_supercontig_000003259,4,2143,477387791,2523527459
GL859979.1,Chr4_supercontig_000003260,4,3641,477391432,2523531100
GL859980.1,Chr4_supercontig_000003261,4,4260,477395692,2523535360
GL859981.1,Chr4_supercontig_000003262,4,3109,477398801,2523538469
GL859982.1,Chr4_supercontig_000003263,4,1544,477400345,2523540013
GL859983.1,Chr4_supercontig_000003264,4,2319,477402664,2523542332
GL859984.1,Chr4_supercontig_000003265,4,2136,477404800,2523544468
GL859985.1,Chr4_supercontig_000003266,4,1988,477406788,2523546456
GL859986.1,Chr4_supercontig_000003267,4,3225,477410013,2523549681
GL859987.1,Chr4_supercontig_000003268,4,2004,477412017,2523551685
GL859988.1,Chr4_supercontig_000003269,4,2365,477414382,2523554050
GL859989.1,Chr4_supercontig_000003270,4,2155,477416537,2523556205
GL859990.1,Chr4_supercontig_000003271,4,1537,477418074,2523557742
GL859991.1,Chr4_supercontig_000003272,4,1822,477419896,2523559564
GL859992.1,Chr4_supercontig_000003273,4,1541,477421437,2523561105
GL859993.1,Chr4_supercontig_000003274,4,1945,477423382,2523563050
GL859994.1,Chr4_supercontig_000003275,4,6462,477429844,2523569512
GL859995.1,Chr4_supercontig_000003276,4,2583,477432427,2523572095
GL859996.1,Chr4_supercontig_000003277,4,3502,477435929,2523575597
GL859997.1,Chr4_supercontig_000003278,4,3622,477439551,2523579219
GL859998.1,Chr4_supercontig_000003279,4,1623,477441174,2523580842
GL859999.1,Chr4_supercontig_000003280,4,3775,477444949,2523584617
GL860000.1,Chr4_supercontig_000003281,4,1555,477446504,2523586172
GL860001.1,Chr4_supercontig_000003282,4,1857,477448361,2523588029
GL860002.1,Chr4_supercontig_000003283,4,1611,477449972,2523589640
GL860003.1,Chr4_supercontig_000003284,4,4511,477454483,2523594151
GL860004.1,Chr4_supercontig_000003285,4,2495,477456978,2523596646
GL860005.1,Chr4_supercontig_000003286,4,1728,477458706,2523598374
GL860006.1,Chr4_supercontig_000003287,4,1973,477460679,2523600347
GL860007.1,Chr4_supercontig_000003288,4,3213,477463892,2523603560
GL860008.1,Chr4_supercontig_000003289,4,3443,477467335,2523607003
GL860009.1,Chr4_supercontig_000003290,4,2535,477469870,2523609538
GL860010.1,Chr4_supercontig_000003291,4,1512,477471382,2523611050
GL860011.1,Chr4_supercontig_000003292,4,5260,477476642,2523616310
GL860012.1,Chr4_supercontig_000003293,4,1827,477478469,2523618137
GL860013.1,Chr4_supercontig_000003294,4,1583,477480052,2523619720
GL860014.1,Chr4_supercontig_000003295,4,4596,477484648,2523624316
GL860015.1,Chr4_supercontig_000003296,4,1615,477486263,2523625931
GL860016.1,Chr4_supercontig_000003297,4,1676,477487939,2523627607
GL860017.1,Chr4_supercontig_000003298,4,1580,477489519,2523629187
GL860018.1,Chr4_supercontig_000003299,4,1925,477491444,2523631112
GL860019.1,Chr4_supercontig_000003300,4,1808,477493252,2523632920
GL860020.1,Chr4_supercontig_000003301,4,1627,477494879,2523634547
GL860021.1,Chr4_supercontig_000003302,4,4251,477499130,2523638798
GL860022.1,Chr4_supercontig_000003303,4,1528,477500658,2523640326
GL860023.1,Chr4_supercontig_000003304,4,3298,477503956,2523643624
GL860024.1,Chr4_supercontig_000003305,4,2307,477506263,2523645931
GL860025.1,Chr4_supercontig_000003306,4,1558,477507821,2523647489
GL860026.1,Chr4_supercontig_000003307,4,4952,477512773,2523652441
GL860027.1,Chr4_supercontig_000003308,4,1668,477514441,2523654109
GL860028.1,Chr4_supercontig_000003309,4,1741,477516182,2523655850
GL860029.1,Chr4_supercontig_000003310,4,1540,477517722,2523657390
GL860030.1,Chr4_supercontig_000003311,4,2295,477520017,2523659685
GL860031.1,Chr4_supercontig_000003312,4,2559,477522576,2523662244
GL860032.1,Chr4_supercontig_000003313,4,2424,477525000,2523664668
GL860033.1,Chr4_supercontig_000003314,4,4780,477529780,2523669448
GL860034.1,Chr4_supercontig_000003315,4,1526,477531306,2523670974
GL860035.1,Chr4_supercontig_000003316,4,1733,477533039,2523672707
GL860036.1,Chr4_supercontig_000003317,4,4174,477537213,2523676881
GL860037.1,Chr4_supercontig_000003318,4,6979,477544192,2523683860
GL860038.1,Chr4_supercontig_000003319,4,5806,477549998,2523689666
GL860039.1,Chr4_supercontig_000003320,4,2727,477552725,2523692393
GL860040.1,Chr4_supercontig_000003321,4,1738,477554463,2523694131
GL860041.1,Chr4_supercontig_000003322,4,3145,477557608,2523697276
GL860042.1,Chr4_supercontig_000003323,4,2174,477559782,2523699450
GL860043.1,Chr4_supercontig_000003324,4,2636,477562418,2523702086
GL860044.1,Chr4_supercontig_000003325,4,1868,477564286,2523703954
GL860045.1,Chr4_supercontig_000003326,4,2210,477566496,2523706164
GL860046.1,Chr4_supercontig_000003327,4,2525,477569021,2523708689
GL860047.1,Chr4_supercontig_000003328,4,2148,477571169,2523710837
GL860048.1,Chr4_supercontig_000003329,4,3873,477575042,2523714710
GL860049.1,Chr4_supercontig_000003330,4,1818,477576860,2523716528
GL860050.1,Chr4_supercontig_000003331,4,2843,477579703,2523719371
GL860051.1,Chr4_supercontig_000003332,4,1657,477581360,2523721028
GL860052.1,Chr4_supercontig_000003333,4,1534,477582894,2523722562
GL860053.1,Chr4_supercontig_000003334,4,7914,477590808,2523730476
GL860054.1,Chr4_supercontig_000003335,4,2838,477593646,2523733314
GL860055.1,Chr4_supercontig_000003336,4,1554,477595200,2523734868
GL860056.1,Chr4_supercontig_000003337,4,1987,477597187,2523736855
GL860057.1,Chr4_supercontig_000003338,4,2118,477599305,2523738973
GL860058.1,Chr4_supercontig_000003339,4,3198,477602503,2523742171
GL860059.1,Chr4_supercontig_000003340,4,1532,477604035,2523743703
GL860060.1,Chr4_supercontig_000003341,4,2102,477606137,2523745805
GL860061.1,Chr4_supercontig_000003342,4,1715,477607852,2523747520
GL860062.1,Chr4_supercontig_000003343,4,3783,477611635,2523751303
GL860063.1,Chr4_supercontig_000003344,4,1596,477613231,2523752899
GL860064.1,Chr4_supercontig_000003345,4,1852,477615083,2523754751
GL860065.1,Chr4_supercontig_000003346,4,2487,477617570,2523757238
GL860066.1,Chr4_supercontig_000003347,4,2674,477620244,2523759912
GL860067.1,Chr4_supercontig_000003348,4,1795,477622039,2523761707
GL860068.1,Chr4_supercontig_000003349,4,3113,477625152,2523764820
GL860069.1,Chr4_supercontig_000003350,4,1546,477626698,2523766366
GL860070.1,Chr4_supercontig_000003351,4,2342,477629040,2523768708
GL860071.1,Chr4_supercontig_000003352,4,2489,477631529,2523771197
GL860072.1,Chr4_supercontig_000003353,4,1690,477633219,2523772887
GL860073.1,Chr4_supercontig_000003354,4,6813,477640032,2523779700
GL860074.1,Chr4_supercontig_000003355,4,1681,477641713,2523781381
GL860075.1,Chr4_supercontig_000003356,4,2987,477644700,2523784368
GL860076.1,Chr4_supercontig_000003357,4,2863,477647563,2523787231
GL860077.1,Chr4_supercontig_000003358,4,1596,477649159,2523788827
GL860078.1,Chr4_supercontig_000003359,4,2647,477651806,2523791474
GL860079.1,Chr4_supercontig_000003360,4,1676,477653482,2523793150
GL860080.1,Chr4_supercontig_000003361,4,2709,477656191,2523795859
GL860081.1,Chr4_supercontig_000003362,4,1712,477657903,2523797571
GL860082.1,Chr4_supercontig_000003363,4,4744,477662647,2523802315
GL860083.1,Chr4_supercontig_000003364,4,3377,477666024,2523805692
GL860084.1,Chr4_supercontig_000003365,4,4122,477670146,2523809814
GL860085.1,Chr4_supercontig_000003366,4,3154,477673300,2523812968
GL860086.1,Chr4_supercontig_000003367,4,1532,477674832,2523814500
GL860087.1,Chr4_supercontig_000003368,4,2603,477677435,2523817103
GL860088.1,Chr4_supercontig_000003369,4,1836,477679271,2523818939
GL860089.1,Chr4_supercontig_000003370,4,1569,477680840,2523820508
GL860090.1,Chr4_supercontig_000003371,4,2160,477683000,2523822668
GL860091.1,Chr4_supercontig_000003372,4,4861,477687861,2523827529
GL860092.1,Chr4_supercontig_000003373,4,2047,477689908,2523829576
GL860093.1,Chr4_supercontig_000003374,4,1861,477691769,2523831437
GL860094.1,Chr4_supercontig_000003375,4,1794,477693563,2523833231
GL860095.1,Chr4_supercontig_000003376,4,3414,477696977,2523836645
GL860096.1,Chr4_supercontig_000003377,4,1597,477698574,2523838242
GL860097.1,Chr4_supercontig_000003378,4,1823,477700397,2523840065
GL860098.1,Chr4_supercontig_000003379,4,4390,477704787,2523844455
GL860099.1,Chr4_supercontig_000003380,4,2752,477707539,2523847207
GL860100.1,Chr4_supercontig_000003381,4,4918,477712457,2523852125
GL860101.1,Chr4_supercontig_000003382,4,1838,477714295,2523853963
GL860102.1,Chr4_supercontig_000003383,4,2291,477716586,2523856254
GL860103.1,Chr4_supercontig_000003384,4,1596,477718182,2523857850
GL860104.1,Chr4_supercontig_000003385,4,1785,477719967,2523859635
GL860105.1,Chr4_supercontig_000003386,4,1755,477721722,2523861390
GL860106.1,Chr4_supercontig_000003387,4,1591,477723313,2523862981
GL860107.1,Chr4_supercontig_000003388,4,3118,477726431,2523866099
GL860108.1,Chr4_supercontig_000003389,4,1581,477728012,2523867680
GL860109.1,Chr4_supercontig_000003390,4,2009,477730021,2523869689
GL860110.1,Chr4_supercontig_000003391,4,5541,477735562,2523875230
GL860111.1,Chr4_supercontig_000003392,4,2267,477737829,2523877497
GL860112.1,Chr4_supercontig_000003393,4,4584,477742413,2523882081
GL860113.1,Chr4_supercontig_000003394,4,1527,477743940,2523883608
GL860114.1,Chr4_supercontig_000003395,4,3768,477747708,2523887376
GL860115.1,Chr4_supercontig_000003396,4,1708,477749416,2523889084
GL860116.1,Chr4_supercontig_000003397,4,2558,477751974,2523891642
GL860117.1,Chr4_supercontig_000003398,4,2350,477754324,2523893992
GL860118.1,Chr4_supercontig_000003399,4,1672,477755996,2523895664
GL860119.1,Chr4_supercontig_000003400,4,3142,477759138,2523898806
GL860120.1,Chr4_supercontig_000003401,4,1546,477760684,2523900352
GL860121.1,Chr4_supercontig_000003402,4,2010,477762694,2523902362
GL860122.1,Chr4_supercontig_000003403,4,1900,477764594,2523904262
GL860123.1,Chr4_supercontig_000003404,4,3227,477767821,2523907489
GL860124.1,Chr4_supercontig_000003405,4,2867,477770688,2523910356
GL860125.1,Chr4_supercontig_000003406,4,1814,477772502,2523912170
GL860126.1,Chr4_supercontig_000003407,4,2654,477775156,2523914824
GL860127.1,Chr4_supercontig_000003408,4,1587,477776743,2523916411
GL860128.1,Chr4_supercontig_000003409,4,1744,477778487,2523918155
GL860129.1,Chr4_supercontig_000003410,4,2484,477780971,2523920639
GL860130.1,Chr4_supercontig_000003411,4,4653,477785624,2523925292
GL860131.1,Chr4_supercontig_000003412,4,3053,477788677,2523928345
GL860132.1,Chr4_supercontig_000003413,4,1620,477790297,2523929965
GL860133.1,Chr4_supercontig_000003414,4,2557,477792854,2523932522
GL860134.1,Chr4_supercontig_000003415,4,1807,477794661,2523934329
GL860135.1,Chr4_supercontig_000003416,4,2383,477797044,2523936712
GL860136.1,Chr4_supercontig_000003417,4,2050,477799094,2523938762
GL860137.1,Chr4_supercontig_000003418,4,2669,477801763,2523941431
GL860138.1,Chr4_supercontig_000003419,4,2055,477803818,2523943486
GL860139.1,Chr4_supercontig_000003420,4,9435,477813253,2523952921
GL860140.1,Chr4_supercontig_000003421,4,2178,477815431,2523955099
GL860141.1,Chr4_supercontig_000003422,4,2179,477817610,2523957278
GL860142.1,Chr4_supercontig_000003423,4,1531,477819141,2523958809
GL860143.1,Chr4_supercontig_000003424,4,1892,477821033,2523960701
GL860144.1,Chr4_supercontig_000003425,4,5894,477826927,2523966595
GL860145.1,Chr4_supercontig_000003426,4,1580,477828507,2523968175
GL860146.1,Chr4_supercontig_000003427,4,2154,477830661,2523970329
GL860147.1,Chr4_supercontig_000003428,4,3121,477833782,2523973450
GL860148.1,Chr4_supercontig_000003429,4,1607,477835389,2523975057
GL860149.1,Chr4_supercontig_000003430,4,3723,477839112,2523978780
GL860150.1,Chr4_supercontig_000003431,4,1584,477840696,2523980364
GL860151.1,Chr4_supercontig_000003432,4,2395,477843091,2523982759
GL860152.1,Chr4_supercontig_000003433,4,3585,477846676,2523986344
GL860153.1,Chr4_supercontig_000003434,4,3046,477849722,2523989390
GL860154.1,Chr4_supercontig_000003435,4,1549,477851271,2523990939
GL860155.1,Chr4_supercontig_000003436,4,5037,477856308,2523995976
GL860156.1,Chr4_supercontig_000003437,4,3880,477860188,2523999856
GL860157.1,Chr4_supercontig_000003438,4,2028,477862216,2524001884
GL860158.1,Chr4_supercontig_000003439,4,5258,477867474,2524007142
GL860159.1,Chr4_supercontig_000003440,4,4488,477871962,2524011630
GL860160.1,Chr4_supercontig_000003441,4,10991,477882953,2524022621
GL860161.1,Chr4_supercontig_000003442,4,8899,477891852,2524031520
GL860162.1,Chr4_supercontig_000003443,4,3111,477894963,2524034631
GL860163.1,Chr4_supercontig_000003444,4,2806,477897769,2524037437
GL860164.1,Chr4_supercontig_000003445,4,5551,477903320,2524042988
GL860165.1,Chr4_supercontig_000003446,4,2409,477905729,2524045397
GL860166.1,Chr4_supercontig_000003447,4,4122,477909851,2524049519
GL860167.1,Chr4_supercontig_000003448,4,1618,477911469,2524051137
GL860168.1,Chr4_supercontig_000003449,4,4778,477916247,2524055915
GL860169.1,Chr4_supercontig_000003450,4,1733,477917980,2524057648
GL860170.1,Chr4_supercontig_000003451,4,4380,477922360,2524062028
GL860171.1,Chr4_supercontig_000003452,4,2689,477925049,2524064717
GL860172.1,Chr4_supercontig_000003453,4,1682,477926731,2524066399
GL860173.1,Chr4_supercontig_000003454,4,2649,477929380,2524069048
GL860174.1,Chr4_supercontig_000003455,4,4206,477933586,2524073254
GL860175.1,Chr4_supercontig_000003456,4,2656,477936242,2524075910
GL860176.1,Chr4_supercontig_000003457,4,3799,477940041,2524079709
GL860177.1,Chr4_supercontig_000003458,4,2269,477942310,2524081978
GL860178.1,Chr4_supercontig_000003459,4,2778,477945088,2524084756
GL860179.1,Chr4_supercontig_000003460,4,1529,477946617,2524086285
GL860180.1,Chr4_supercontig_000003461,4,3592,477950209,2524089877
GL860181.1,Chr4_supercontig_000003462,4,2577,477952786,2524092454
GL860182.1,Chr4_supercontig_000003463,4,4202,477956988,2524096656
GL860183.1,Chr4_supercontig_000003464,4,2585,477959573,2524099241
GL860184.1,Chr4_supercontig_000003465,4,7331,477966904,2524106572
GL860185.1,Chr4_supercontig_000003466,4,1749,477968653,2524108321
GL860186.1,Chr4_supercontig_000003467,4,2776,477971429,2524111097
GL860187.1,Chr4_supercontig_000003468,4,4661,477976090,2524115758
GL860188.1,Chr4_supercontig_000003469,4,1904,477977994,2524117662
GL860189.1,Chr4_supercontig_000003470,4,1583,477979577,2524119245
GL860190.1,Chr4_supercontig_000003471,4,1628,477981205,2524120873
GL860191.1,Chr4_supercontig_000003472,4,2387,477983592,2524123260
GL860192.1,Chr4_supercontig_000003473,4,3028,477986620,2524126288
GL860193.1,Chr4_supercontig_000003474,4,2306,477988926,2524128594
GL860194.1,Chr4_supercontig_000003475,4,10717,477999643,2524139311
GL860195.1,Chr4_supercontig_000003476,4,2304,478001947,2524141615
GL860196.1,Chr4_supercontig_000003477,4,2548,478004495,2524144163
GL860197.1,Chr4_supercontig_000003478,4,1750,478006245,2524145913
GL860198.1,Chr4_supercontig_000003479,4,6082,478012327,2524151995
GL860199.1,Chr4_supercontig_000003480,4,6884,478019211,2524158879
GL860200.1,Chr4_supercontig_000003481,4,5872,478025083,2524164751
GL860201.1,Chr4_supercontig_000003482,4,3599,478028682,2524168350
GL860202.1,Chr4_supercontig_000003483,4,2051,478030733,2524170401
GL860203.1,Chr4_supercontig_000003484,4,2197,478032930,2524172598
GL860204.1,Chr4_supercontig_000003485,4,1514,478034444,2524174112
GL860205.1,Chr4_supercontig_000003486,4,1851,478036295,2524175963
GL860206.1,Chr4_supercontig_000003487,4,3177,478039472,2524179140
GL860207.1,Chr4_supercontig_000003488,4,2403,478041875,2524181543
GL860208.1,Chr4_supercontig_000003489,4,1786,478043661,2524183329
GL860209.1,Chr4_supercontig_000003490,4,1511,478045172,2524184840
GL860210.1,Chr4_supercontig_000003491,4,2552,478047724,2524187392
GL860211.1,Chr4_supercontig_000003492,4,2282,478050006,2524189674
GL860212.1,Chr4_supercontig_000003493,4,4359,478054365,2524194033
GL860213.1,Chr4_supercontig_000003494,4,2329,478056694,2524196362
GL860214.1,Chr4_supercontig_000003495,4,1809,478058503,2524198171
GL860215.1,Chr4_supercontig_000003496,4,16546,478075049,2524214717
GL860216.1,Chr4_supercontig_000003497,4,5569,478080618,2524220286
GL860217.1,Chr4_supercontig_000003498,4,5407,478086025,2524225693
GL860218.1,Chr4_supercontig_000003499,4,8707,478094732,2524234400
GL860219.1,Chr4_supercontig_000003500,4,2246,478096978,2524236646
GL860220.1,Chr4_supercontig_000003501,4,2001,478098979,2524238647
GL860221.1,Chr4_supercontig_000003502,4,1696,478100675,2524240343
GL860222.1,Chr4_supercontig_000003503,4,6711,478107386,2524247054
GL860223.1,Chr4_supercontig_000003504,4,2370,478109756,2524249424
GL860224.1,Chr4_supercontig_000003505,4,3211,478112967,2524252635
GL860225.1,Chr4_supercontig_000003506,4,1689,478114656,2524254324
GL860226.1,Chr4_supercontig_000003507,4,1789,478116445,2524256113
GL860227.1,Chr4_supercontig_000003508,4,1710,478118155,2524257823
GL860228.1,Chr4_supercontig_000003509,4,3749,478121904,2524261572
GL860229.1,Chr4_supercontig_000003510,4,2567,478124471,2524264139
GL860230.1,Chr4_supercontig_000003511,4,3458,478127929,2524267597
GL860231.1,Chr4_supercontig_000003512,4,2436,478130365,2524270033
GL860232.1,Chr4_supercontig_000003513,4,1876,478132241,2524271909
GL860233.1,Chr4_supercontig_000003514,4,2568,478134809,2524274477
GL860234.1,Chr4_supercontig_000003515,4,5977,478140786,2524280454
GL860235.1,Chr4_supercontig_000003516,4,1699,478142485,2524282153
GL860236.1,Chr4_supercontig_000003517,4,1940,478144425,2524284093
GL860237.1,Chr4_supercontig_000003518,4,1743,478146168,2524285836
GL860238.1,Chr4_supercontig_000003519,4,5230,478151398,2524291066
GL860239.1,Chr4_supercontig_000003520,4,2389,478153787,2524293455
GL860240.1,Chr4_supercontig_000003521,4,3540,478157327,2524296995
GL860241.1,Chr4_supercontig_000003522,4,1593,478158920,2524298588
GL860242.1,Chr4_supercontig_000003523,4,2054,478160974,2524300642
GL860243.1,Chr4_supercontig_000003524,4,1738,478162712,2524302380
GL860244.1,Chr4_supercontig_000003525,4,1705,478164417,2524304085
GL860245.1,Chr4_supercontig_000003526,4,4511,478168928,2524308596
GL860246.1,Chr4_supercontig_000003527,4,1975,478170903,2524310571
GL860247.1,Chr4_supercontig_000003528,4,2395,478173298,2524312966
GL860248.1,Chr4_supercontig_000003529,4,2383,478175681,2524315349
GL860249.1,Chr4_supercontig_000003530,4,1702,478177383,2524317051
GL860250.1,Chr4_supercontig_000003531,4,2648,478180031,2524319699
GL860251.1,Chr4_supercontig_000003532,4,1688,478181719,2524321387
GL860252.1,Chr4_supercontig_000003533,4,3172,478184891,2524324559
GL860253.1,Chr4_supercontig_000003534,4,1896,478186787,2524326455
GL860254.1,Chr4_supercontig_000003535,4,2609,478189396,2524329064
GL860255.1,Chr4_supercontig_000003536,4,1613,478191009,2524330677
GL860256.1,Chr4_supercontig_000003537,4,2740,478193749,2524333417
GL860257.1,Chr4_supercontig_000003538,4,1591,478195340,2524335008
GL860258.1,Chr4_supercontig_000003539,4,3201,478198541,2524338209
GL860259.1,Chr4_supercontig_000003540,4,2046,478200587,2524340255
GL860260.1,Chr4_supercontig_000003541,4,4883,478205470,2524345138
GL860261.1,Chr4_supercontig_000003542,4,5211,478210681,2524350349
GL860262.1,Chr4_supercontig_000003543,4,9177,478219858,2524359526
GL860263.1,Chr4_supercontig_000003544,4,1529,478221387,2524361055
GL860264.1,Chr4_supercontig_000003545,4,7253,478228640,2524368308
GL860265.1,Chr4_supercontig_000003546,4,2119,478230759,2524370427
GL860266.1,Chr4_supercontig_000003547,4,2812,478233571,2524373239
GL860267.1,Chr4_supercontig_000003548,4,3961,478237532,2524377200
GL860268.1,Chr4_supercontig_000003549,4,1920,478239452,2524379120
GL860269.1,Chr4_supercontig_000003550,4,1640,478241092,2524380760
GL860270.1,Chr4_supercontig_000003551,4,1538,478242630,2524382298
GL860271.1,Chr4_supercontig_000003552,4,3139,478245769,2524385437
GL860272.1,Chr4_supercontig_000003553,4,4450,478250219,2524389887
GL860273.1,Chr4_supercontig_000003554,4,2040,478252259,2524391927
GL860274.1,Chr4_supercontig_000003555,4,5982,478258241,2524397909
GL860275.1,Chr4_supercontig_000003556,4,2183,478260424,2524400092
GL860276.1,Chr4_supercontig_000003557,4,2232,478262656,2524402324
GL860277.1,Chr4_supercontig_000003558,4,2256,478264912,2524404580
GL860278.1,Chr4_supercontig_000003559,4,1855,478266767,2524406435
GL860279.1,Chr4_supercontig_000003560,4,8123,478274890,2524414558
GL860280.1,Chr4_supercontig_000003561,4,10203,478285093,2524424761
GL860281.1,Chr4_supercontig_000003562,4,1620,478286713,2524426381
GL860282.1,Chr4_supercontig_000003563,4,1987,478288700,2524428368
GL860283.1,Chr4_supercontig_000003564,4,1864,478290564,2524430232
GL860284.1,Chr4_supercontig_000003565,4,7501,478298065,2524437733
GL860285.1,Chr4_supercontig_000003566,4,2773,478300838,2524440506
GL860286.1,Chr4_supercontig_000003567,4,7683,478308521,2524448189
GL860287.1,Chr4_supercontig_000003568,4,5014,478313535,2524453203
GL860288.1,Chr4_supercontig_000003569,4,3292,478316827,2524456495
GL860289.1,Chr4_supercontig_000003570,4,2499,478319326,2524458994
GL860290.1,Chr4_supercontig_000003571,4,2004,478321330,2524460998
GL860291.1,Chr4_supercontig_000003572,4,1972,478323302,2524462970
GL860292.1,Chr4_supercontig_000003573,4,2601,478325903,2524465571
GL860293.1,Chr4_supercontig_000003574,4,7249,478333152,2524472820
GL860294.1,Chr4_supercontig_000003575,4,4146,478337298,2524476966
GL860295.1,Chr4_supercontig_000003576,4,3505,478340803,2524480471
GL860296.1,Chr4_supercontig_000003577,4,2620,478343423,2524483091
GL860297.1,Chr4_supercontig_000003578,4,2134,478345557,2524485225
GL860298.1,Chr4_supercontig_000003579,4,2005,478347562,2524487230
GL860299.1,Chr4_supercontig_000003580,4,1562,478349124,2524488792
GL860300.1,Chr4_supercontig_000003581,4,3582,478352706,2524492374
GL860301.1,Chr4_supercontig_000003582,4,1888,478354594,2524494262
GL860302.1,Chr4_supercontig_000003583,4,5232,478359826,2524499494
GL860303.1,Chr4_supercontig_000003584,4,2953,478362779,2524502447
GL860304.1,Chr4_supercontig_000003585,4,2631,478365410,2524505078
GL860305.1,Chr4_supercontig_000003586,4,4842,478370252,2524509920
GL860306.1,Chr4_supercontig_000003587,4,2012,478372264,2524511932
GL860307.1,Chr4_supercontig_000003588,4,3308,478375572,2524515240
GL860308.1,Chr4_supercontig_000003589,4,1978,478377550,2524517218
GL860309.1,Chr4_supercontig_000003590,4,3523,478381073,2524520741
GL860310.1,Chr4_supercontig_000003591,4,3265,478384338,2524524006
GL860311.1,Chr4_supercontig_000003592,4,2421,478386759,2524526427
GL860312.1,Chr4_supercontig_000003593,4,1652,478388411,2524528079
GL860313.1,Chr4_supercontig_000003594,4,1570,478389981,2524529649
GL860314.1,Chr4_supercontig_000003595,4,2158,478392139,2524531807
GL860315.1,Chr4_supercontig_000003596,4,1710,478393849,2524533517
GL860316.1,Chr4_supercontig_000003597,4,2082,478395931,2524535599
GL860317.1,Chr4_supercontig_000003598,4,2257,478398188,2524537856
GL860318.1,Chr4_supercontig_000003599,4,3911,478402099,2524541767
GL860319.1,Chr4_supercontig_000003600,4,3642,478405741,2524545409
GL860320.1,Chr4_supercontig_000003601,4,2105,478407846,2524547514
GL860321.1,Chr4_supercontig_000003602,4,1802,478409648,2524549316
GL860322.1,Chr4_supercontig_000003603,4,2732,478412380,2524552048
GL860323.1,Chr4_supercontig_000003604,4,5007,478417387,2524557055
GL860324.1,Chr4_supercontig_000003605,4,2680,478420067,2524559735
GL860325.1,Chr4_supercontig_000003606,4,2198,478422265,2524561933
GL860326.1,Chr4_supercontig_000003607,4,3406,478425671,2524565339
GL860327.1,Chr4_supercontig_000003608,4,7315,478432986,2524572654
GL860328.1,Chr4_supercontig_000003609,4,2455,478435441,2524575109
GL860329.1,Chr4_supercontig_000003610,4,1875,478437316,2524576984
GL860330.1,Chr4_supercontig_000003611,4,2209,478439525,2524579193
GL860331.1,Chr4_supercontig_000003612,4,1649,478441174,2524580842
GL860332.1,Chr4_supercontig_000003613,4,2818,478443992,2524583660
GL860333.1,Chr4_supercontig_000003614,4,6094,478450086,2524589754
GL860334.1,Chr4_supercontig_000003615,4,4058,478454144,2524593812
GL860335.1,Chr4_supercontig_000003616,4,2301,478456445,2524596113
GL860336.1,Chr4_supercontig_000003617,4,1501,478457946,2524597614
GL860337.1,Chr4_supercontig_000003618,4,1664,478459610,2524599278
GL860338.1,Chr4_supercontig_000003619,4,1632,478461242,2524600910
GL860339.1,Chr4_supercontig_000003620,4,5126,478466368,2524606036
GL860340.1,Chr4_supercontig_000003621,4,3248,478469616,2524609284
GL860341.1,Chr4_supercontig_000003622,4,4948,478474564,2524614232
GL860342.1,Chr4_supercontig_000003623,4,4452,478479016,2524618684
GL860343.1,Chr4_supercontig_000003624,4,5535,478484551,2524624219
GL860344.1,Chr4_supercontig_000003625,4,2085,478486636,2524626304
GL860345.1,Chr4_supercontig_000003626,4,5635,478492271,2524631939
GL860346.1,Chr4_supercontig_000003627,4,1905,478494176,2524633844
GL860347.1,Chr4_supercontig_000003628,4,2596,478496772,2524636440
GL860348.1,Chr4_supercontig_000003629,4,2412,478499184,2524638852
GL860349.1,Chr4_supercontig_000003630,4,1976,478501160,2524640828
GL860350.1,Chr4_supercontig_000003631,4,1676,478502836,2524642504
GL860351.1,Chr4_supercontig_000003632,4,2518,478505354,2524645022
GL860352.1,Chr4_supercontig_000003633,4,2157,478507511,2524647179
GL860353.1,Chr4_supercontig_000003634,4,2485,478509996,2524649664
GL860354.1,Chr4_supercontig_000003635,4,1662,478511658,2524651326
GL860355.1,Chr4_supercontig_000003636,4,3581,478515239,2524654907
GL860356.1,Chr4_supercontig_000003637,4,1779,478517018,2524656686
GL860357.1,Chr4_supercontig_000003638,4,5119,478522137,2524661805
GL860358.1,Chr4_supercontig_000003639,4,3985,478526122,2524665790
GL860359.1,Chr4_supercontig_000003640,4,1982,478528104,2524667772
GL860360.1,Chr4_supercontig_000003641,4,1732,478529836,2524669504
GL860361.1,Chr4_supercontig_000003642,4,2392,478532228,2524671896
GL860362.1,Chr4_supercontig_000003643,4,2251,478534479,2524674147
GL860363.1,Chr4_supercontig_000003644,4,2172,478536651,2524676319
GL860364.1,Chr4_supercontig_000003645,4,1910,478538561,2524678229
GL860365.1,Chr4_supercontig_000003646,4,3523,478542084,2524681752
GL860366.1,Chr4_supercontig_000003647,4,1532,478543616,2524683284
GL860367.1,Chr4_supercontig_000003648,4,3565,478547181,2524686849
GL860368.1,Chr4_supercontig_000003649,4,2891,478550072,2524689740
GL860369.1,Chr4_supercontig_000003650,4,3460,478553532,2524693200
GL860370.1,Chr4_supercontig_000003651,4,1992,478555524,2524695192
GL860371.1,Chr4_supercontig_000003652,4,6147,478561671,2524701339
GL860372.1,Chr4_supercontig_000003653,4,1595,478563266,2524702934
GL860373.1,Chr4_supercontig_000003654,4,1783,478565049,2524704717
GL860374.1,Chr4_supercontig_000003655,4,1816,478566865,2524706533
GL860375.1,Chr4_supercontig_000003656,4,3385,478570250,2524709918
GL860376.1,Chr4_supercontig_000003657,4,3775,478574025,2524713693
GL860377.1,Chr4_supercontig_000003658,4,1946,478575971,2524715639
GL860378.1,Chr4_supercontig_000003659,4,4898,478580869,2524720537
GL860379.1,Chr4_supercontig_000003660,4,9254,478590123,2524729791
GL860380.1,Chr4_supercontig_000003661,4,1763,478591886,2524731554
GL860381.1,Chr4_supercontig_000003662,4,2889,478594775,2524734443
GL860382.1,Chr4_supercontig_000003663,4,1922,478596697,2524736365
GL860383.1,Chr4_supercontig_000003664,4,1658,478598355,2524738023
GL860384.1,Chr4_supercontig_000003665,4,2321,478600676,2524740344
GL860385.1,Chr4_supercontig_000003666,4,2524,478603200,2524742868
GL860386.1,Chr4_supercontig_000003667,4,3984,478607184,2524746852
GL860387.1,Chr4_supercontig_000003668,4,2326,478609510,2524749178
GL860388.1,Chr4_supercontig_000003669,4,3501,478613011,2524752679
GL860389.1,Chr4_supercontig_000003670,4,2125,478615136,2524754804
GL860390.1,Chr4_supercontig_000003671,4,1877,478617013,2524756681
GL860391.1,Chr4_supercontig_000003672,4,1587,478618600,2524758268
GL860392.1,Chr4_supercontig_000003673,4,2874,478621474,2524761142
GL860393.1,Chr4_supercontig_000003674,4,1607,478623081,2524762749
GL860394.1,Chr4_supercontig_000003675,4,2251,478625332,2524765000
GL860395.1,Chr4_supercontig_000003676,4,1569,478626901,2524766569
GL860396.1,Chr4_supercontig_000003677,4,4033,478630934,2524770602
GL860397.1,Chr4_supercontig_000003678,4,10898,478641832,2524781500
GL860398.1,Chr4_supercontig_000003679,4,3308,478645140,2524784808
GL860399.1,Chr4_supercontig_000003680,4,1859,478646999,2524786667
GL860400.1,Chr4_supercontig_000003681,4,2218,478649217,2524788885
GL860401.1,Chr4_supercontig_000003682,4,1757,478650974,2524790642
GL860402.1,Chr4_supercontig_000003683,4,1531,478652505,2524792173
GL860403.1,Chr4_supercontig_000003684,4,2427,478654932,2524794600
GL860404.1,Chr4_supercontig_000003685,4,1621,478656553,2524796221
GL860405.1,Chr4_supercontig_000003686,4,2470,478659023,2524798691
GL860406.1,Chr4_supercontig_000003687,4,1765,478660788,2524800456
GL860407.1,Chr4_supercontig_000003688,4,4109,478664897,2524804565
GL860408.1,Chr4_supercontig_000003689,4,2556,478667453,2524807121
GL860409.1,Chr4_supercontig_000003690,4,1917,478669370,2524809038
GL860410.1,Chr4_supercontig_000003691,4,2400,478671770,2524811438
GL860411.1,Chr4_supercontig_000003692,4,3373,478675143,2524814811
GL860412.1,Chr4_supercontig_000003693,4,1849,478676992,2524816660
GL860413.1,Chr4_supercontig_000003694,4,1800,478678792,2524818460
GL860414.1,Chr4_supercontig_000003695,4,8390,478687182,2524826850
GL860415.1,Chr4_supercontig_000003696,4,1532,478688714,2524828382
GL860416.1,Chr4_supercontig_000003697,4,3533,478692247,2524831915
GL860417.1,Chr4_supercontig_000003698,4,2950,478695197,2524834865
GL860418.1,Chr4_supercontig_000003699,4,3210,478698407,2524838075
GL860419.1,Chr4_supercontig_000003700,4,3523,478701930,2524841598
GL860420.1,Chr4_supercontig_000003701,4,1742,478703672,2524843340
GL860421.1,Chr4_supercontig_000003702,4,1782,478705454,2524845122
GL860422.1,Chr4_supercontig_000003703,4,5571,478711025,2524850693
GL860423.1,Chr4_supercontig_000003704,4,2104,478713129,2524852797
GL860424.1,Chr4_supercontig_000003705,4,1884,478715013,2524854681
GL860425.1,Chr4_supercontig_000003706,4,2872,478717885,2524857553
GL860426.1,Chr4_supercontig_000003707,4,1549,478719434,2524859102
GL860427.1,Chr4_supercontig_000003708,4,1983,478721417,2524861085
GL860428.1,Chr4_supercontig_000003709,4,2376,478723793,2524863461
GL860429.1,Chr4_supercontig_000003710,4,3373,478727166,2524866834
GL860430.1,Chr4_supercontig_000003711,4,4699,478731865,2524871533
GL860431.1,Chr4_supercontig_000003712,4,2440,478734305,2524873973
GL860432.1,Chr4_supercontig_000003713,4,2140,478736445,2524876113
GL860433.1,Chr4_supercontig_000003714,4,4579,478741024,2524880692
GL860434.1,Chr4_supercontig_000003715,4,2532,478743556,2524883224
GL860435.1,Chr4_supercontig_000003716,4,1679,478745235,2524884903
GL860436.1,Chr4_supercontig_000003717,4,1786,478747021,2524886689
GL860437.1,Chr4_supercontig_000003718,4,1689,478748710,2524888378
GL860438.1,Chr4_supercontig_000003719,4,3166,478751876,2524891544
GL860439.1,Chr4_supercontig_000003720,4,1521,478753397,2524893065
GL860440.1,Chr4_supercontig_000003721,4,2074,478755471,2524895139
GL860441.1,Chr4_supercontig_000003722,4,2136,478757607,2524897275
GL860442.1,Chr4_supercontig_000003723,4,2338,478759945,2524899613
GL860443.1,Chr4_supercontig_000003724,4,3455,478763400,2524903068
GL860444.1,Chr4_supercontig_000003725,4,1866,478765266,2524904934
GL860445.1,Chr4_supercontig_000003726,4,2736,478768002,2524907670
GL860446.1,Chr4_supercontig_000003727,4,3183,478771185,2524910853
GL860447.1,Chr4_supercontig_000003728,4,2067,478773252,2524912920
GL860448.1,Chr4_supercontig_000003729,4,3989,478777241,2524916909
GL860449.1,Chr4_supercontig_000003730,4,2319,478779560,2524919228
GL860450.1,Chr4_supercontig_000003731,4,2053,478781613,2524921281
GL860451.1,Chr4_supercontig_000003732,4,2343,478783956,2524923624
GL860452.1,Chr4_supercontig_000003733,4,1903,478785859,2524925527
GL860453.1,Chr4_supercontig_000003734,4,1935,478787794,2524927462
GL860454.1,Chr4_supercontig_000003735,4,6651,478794445,2524934113
GL860455.1,Chr4_supercontig_000003736,4,3150,478797595,2524937263
GL860456.1,Chr4_supercontig_000003737,4,2477,478800072,2524939740
GL860457.1,Chr4_supercontig_000003738,4,3071,478803143,2524942811
GL860458.1,Chr4_supercontig_000003739,4,1734,478804877,2524944545
GL860459.1,Chr4_supercontig_000003740,4,2575,478807452,2524947120
GL860460.1,Chr4_supercontig_000003741,4,1997,478809449,2524949117
GL860461.1,Chr4_supercontig_000003742,4,2082,478811531,2524951199
GL860462.1,Chr4_supercontig_000003743,4,4033,478815564,2524955232
GL860463.1,Chr4_supercontig_000003744,4,4226,478819790,2524959458
GL860464.1,Chr4_supercontig_000003745,4,4038,478823828,2524963496
GL860465.1,Chr4_supercontig_000003746,4,2735,478826563,2524966231
GL860466.1,Chr4_supercontig_000003747,4,6586,478833149,2524972817
GL860467.1,Chr4_supercontig_000003748,4,1537,478834686,2524974354
GL860468.1,Chr4_supercontig_000003749,4,1993,478836679,2524976347
GL860469.1,Chr4_supercontig_000003750,4,1604,478838283,2524977951
GL860470.1,Chr4_supercontig_000003751,4,3847,478842130,2524981798
GL860471.1,Chr4_supercontig_000003752,4,3779,478845909,2524985577
GL860472.1,Chr4_supercontig_000003753,4,2646,478848555,2524988223
GL860473.1,Chr4_supercontig_000003754,4,3256,478851811,2524991479
GL860474.1,Chr4_supercontig_000003755,4,2360,478854171,2524993839
GL860475.1,Chr4_supercontig_000003756,4,1832,478856003,2524995671
GL860476.1,Chr4_supercontig_000003757,4,3345,478859348,2524999016
GL860477.1,Chr4_supercontig_000003758,4,1614,478860962,2525000630
GL860478.1,Chr4_supercontig_000003759,4,2138,478863100,2525002768
GL860479.1,Chr4_supercontig_000003760,4,1508,478864608,2525004276
GL860480.1,Chr4_supercontig_000003761,4,1812,478866420,2525006088
GL860481.1,Chr4_supercontig_000003762,4,4020,478870440,2525010108
GL860482.1,Chr4_supercontig_000003763,4,1578,478872018,2525011686
GL860483.1,Chr4_supercontig_000003764,4,2274,478874292,2525013960
GL860484.1,Chr4_supercontig_000003765,4,1625,478875917,2525015585
GL860485.1,Chr4_supercontig_000003766,4,2215,478878132,2525017800
GL860486.1,Chr4_supercontig_000003767,4,2079,478880211,2525019879
GL860487.1,Chr4_supercontig_000003768,4,1558,478881769,2525021437
GL860488.1,Chr4_supercontig_000003769,4,2669,478884438,2525024106
GL860489.1,Chr4_supercontig_000003770,4,7008,478891446,2525031114
GL860490.1,Chr4_supercontig_000003771,4,1514,478892960,2525032628
GL860491.1,Chr4_supercontig_000003772,4,1856,478894816,2525034484
GL860492.1,Chr4_supercontig_000003773,4,1584,478896400,2525036068
GL860493.1,Chr4_supercontig_000003774,4,5991,478902391,2525042059
GL860494.1,Chr4_supercontig_000003775,4,3446,478905837,2525045505
GL860495.1,Chr4_supercontig_000003776,4,2992,478908829,2525048497
GL860496.1,Chr4_supercontig_000003777,4,2812,478911641,2525051309
GL860497.1,Chr4_supercontig_000003778,4,6063,478917704,2525057372
GL860498.1,Chr4_supercontig_000003779,4,2845,478920549,2525060217
GL860499.1,Chr4_supercontig_000003780,4,2493,478923042,2525062710
GL860500.1,Chr4_supercontig_000003781,4,1776,478924818,2525064486
GL860501.1,Chr4_supercontig_000003782,4,2970,478927788,2525067456
GL860502.1,Chr4_supercontig_000003783,4,2796,478930584,2525070252
GL860503.1,Chr4_supercontig_000003784,4,2072,478932656,2525072324
GL860504.1,Chr4_supercontig_000003785,4,1532,478934188,2525073856
GL860505.1,Chr4_supercontig_000003786,4,2284,478936472,2525076140
GL860506.1,Chr4_supercontig_000003787,4,6275,478942747,2525082415
GL860507.1,Chr4_supercontig_000003788,4,1959,478944706,2525084374
GL860508.1,Chr4_supercontig_000003789,4,1837,478946543,2525086211
GL860509.1,Chr4_supercontig_000003790,4,1536,478948079,2525087747
GL860510.1,Chr4_supercontig_000003791,4,3971,478952050,2525091718
GL860511.1,Chr4_supercontig_000003792,4,2327,478954377,2525094045
GL860512.1,Chr4_supercontig_000003793,4,3774,478958151,2525097819
GL860513.1,Chr4_supercontig_000003794,4,2477,478960628,2525100296
GL860514.1,Chr4_supercontig_000003795,4,1609,478962237,2525101905
GL860515.1,Chr4_supercontig_000003796,4,1613,478963850,2525103518
GL860516.1,Chr4_supercontig_000003797,4,3074,478966924,2525106592
GL860517.1,Chr4_supercontig_000003798,4,1594,478968518,2525108186
GL860518.1,Chr4_supercontig_000003799,4,3523,478972041,2525111709
GL860519.1,Chr4_supercontig_000003800,4,4072,478976113,2525115781
GL860520.1,Chr4_supercontig_000003801,4,2427,478978540,2525118208
GL860521.1,Chr4_supercontig_000003802,4,2024,478980564,2525120232
GL860522.1,Chr4_supercontig_000003803,4,3414,478983978,2525123646
GL860523.1,Chr4_supercontig_000003804,4,5516,478989494,2525129162
GL860524.1,Chr4_supercontig_000003805,4,4048,478993542,2525133210
GL860525.1,Chr4_supercontig_000003806,4,1590,478995132,2525134800
GL860526.1,Chr4_supercontig_000003807,4,1886,478997018,2525136686
GL860527.1,Chr4_supercontig_000003808,4,2090,478999108,2525138776
GL860528.1,Chr4_supercontig_000003809,4,5943,479005051,2525144719
GL860529.1,Chr4_supercontig_000003810,4,3103,479008154,2525147822
GL860530.1,Chr4_supercontig_000003811,4,1823,479009977,2525149645
GL860531.1,Chr4_supercontig_000003812,4,1752,479011729,2525151397
GL860532.1,Chr4_supercontig_000003813,4,1998,479013727,2525153395
GL860533.1,Chr4_supercontig_000003814,4,1630,479015357,2525155025
GL860534.1,Chr4_supercontig_000003815,4,2539,479017896,2525157564
GL860535.1,Chr4_supercontig_000003816,4,1713,479019609,2525159277
GL860536.1,Chr4_supercontig_000003817,4,1726,479021335,2525161003
GL860537.1,Chr4_supercontig_000003818,4,3099,479024434,2525164102
GL860538.1,Chr4_supercontig_000003819,4,3173,479027607,2525167275
GL860539.1,Chr4_supercontig_000003820,4,1870,479029477,2525169145
GL860540.1,Chr4_supercontig_000003821,4,2764,479032241,2525171909
GL860541.1,Chr4_supercontig_000003822,4,1800,479034041,2525173709
GL860542.1,Chr4_supercontig_000003823,4,1539,479035580,2525175248
GL860543.1,Chr4_supercontig_000003824,4,1583,479037163,2525176831
GL860544.1,Chr4_supercontig_000003825,4,33619,479070782,2525210450
GL860545.1,Chr4_supercontig_000003826,4,2657,479073439,2525213107
GL860546.1,Chr4_supercontig_000003827,4,2997,479076436,2525216104
GL860547.1,Chr4_supercontig_000003828,4,1655,479078091,2525217759
GL860548.1,Chr4_supercontig_000003829,4,1615,479079706,2525219374
GL860549.1,Chr4_supercontig_000003830,4,8939,479088645,2525228313
GL860550.1,Chr4_supercontig_000003831,4,2641,479091286,2525230954
GL860551.1,Chr4_supercontig_000003832,4,10616,479101902,2525241570
GL860552.1,Chr4_supercontig_000003833,4,2897,479104799,2525244467
GL860553.1,Chr4_supercontig_000003834,4,11652,479116451,2525256119
GL860554.1,Chr4_supercontig_000003835,4,1875,479118326,2525257994
GL860555.1,Chr4_supercontig_000003836,4,4517,479122843,2525262511
GL860556.1,Chr4_supercontig_000003837,4,1956,479124799,2525264467
GL860557.1,Chr4_supercontig_000003838,4,2212,479127011,2525266679
GL860558.1,Chr4_supercontig_000003839,4,1718,479128729,2525268397
GL860559.1,Chr4_supercontig_000003840,4,2960,479131689,2525271357
GL860560.1,Chr4_supercontig_000003841,4,2338,479134027,2525273695
GL860561.1,Chr4_supercontig_000003842,4,1993,479136020,2525275688
GL860562.1,Chr4_supercontig_000003843,4,1634,479137654,2525277322
GL860563.1,Chr4_supercontig_000003844,4,5915,479143569,2525283237
GL860564.1,Chr4_supercontig_000003845,4,40939,479184508,2525324176
GL860565.1,Chr4_supercontig_000003846,4,2374,479186882,2525326550
GL860566.1,Chr4_supercontig_000003847,4,2723,479189605,2525329273
GL860567.1,Chr4_supercontig_000003848,4,2187,479191792,2525331460
GL860568.1,Chr4_supercontig_000003849,4,2781,479194573,2525334241
GL860569.1,Chr4_supercontig_000003850,4,1644,479196217,2525335885
GL860570.1,Chr4_supercontig_000003851,4,3951,479200168,2525339836
GL860571.1,Chr4_supercontig_000003852,4,1882,479202050,2525341718
GL860572.1,Chr4_supercontig_000003853,4,2332,479204382,2525344050
GL860573.1,Chr4_supercontig_000003854,4,1807,479206189,2525345857
GL860574.1,Chr4_supercontig_000003855,4,3749,479209938,2525349606
GL860575.1,Chr4_supercontig_000003856,4,1850,479211788,2525351456
GL860576.1,Chr4_supercontig_000003857,4,1521,479213309,2525352977
GL860577.1,Chr4_supercontig_000003858,4,2733,479216042,2525355710
GL860578.1,Chr4_supercontig_000003859,4,1897,479217939,2525357607
GL860579.1,Chr4_supercontig_000003860,4,1608,479219547,2525359215
GL860580.1,Chr4_supercontig_000003861,4,2651,479222198,2525361866
GL860581.1,Chr4_supercontig_000003862,4,2129,479224327,2525363995
GL860582.1,Chr4_supercontig_000003863,4,2119,479226446,2525366114
GL860583.1,Chr4_supercontig_000003864,4,3367,479229813,2525369481
GL860584.1,Chr4_supercontig_000003865,4,2576,479232389,2525372057
GL860585.1,Chr4_supercontig_000003866,4,4669,479237058,2525376726
GL860586.1,Chr4_supercontig_000003867,4,2120,479239178,2525378846
GL860587.1,Chr4_supercontig_000003868,4,1625,479240803,2525380471
GL860588.1,Chr4_supercontig_000003869,4,4490,479245293,2525384961
GL860589.1,Chr4_supercontig_000003870,4,3052,479248345,2525388013
GL860590.1,Chr4_supercontig_000003871,4,1733,479250078,2525389746
GL860591.1,Chr4_supercontig_000003872,4,2311,479252389,2525392057
GL860592.1,Chr4_supercontig_000003873,4,12410,479264799,2525404467
GL860593.1,Chr4_supercontig_000003874,4,2035,479266834,2525406502
GL860594.1,Chr4_supercontig_000003875,4,1977,479268811,2525408479
GL860595.1,Chr4_supercontig_000003876,4,3582,479272393,2525412061
GL860596.1,Chr4_supercontig_000003877,4,1806,479274199,2525413867
GL860597.1,Chr4_supercontig_000003878,4,3728,479277927,2525417595
GL860598.1,Chr4_supercontig_000003879,4,14247,479292174,2525431842
GL860599.1,Chr4_supercontig_000003880,4,3911,479296085,2525435753
GL860600.1,Chr4_supercontig_000003881,4,5743,479301828,2525441496
GL860601.1,Chr4_supercontig_000003882,4,7920,479309748,2525449416
GL860602.1,Chr4_supercontig_000003883,4,3956,479313704,2525453372
GL860603.1,Chr4_supercontig_000003884,4,2174,479315878,2525455546
GL860604.1,Chr4_supercontig_000003885,4,1560,479317438,2525457106
GL860605.1,Chr4_supercontig_000003886,4,4549,479321987,2525461655
GL860606.1,Chr4_supercontig_000003887,4,1685,479323672,2525463340
GL860607.1,Chr4_supercontig_000003888,4,2901,479326573,2525466241
GL860608.1,Chr4_supercontig_000003889,4,4402,479330975,2525470643
GL860609.1,Chr4_supercontig_000003890,4,29580,479360555,2525500223
GL860610.1,Chr4_supercontig_000003891,4,4508,479365063,2525504731
GL860611.1,Chr4_supercontig_000003892,4,10217,479375280,2525514948
GL860612.1,Chr4_supercontig_000003893,4,5257,479380537,2525520205
GL860613.1,Chr4_supercontig_000003894,4,4768,479385305,2525524973
GL860614.1,Chr4_supercontig_000003895,4,3444,479388749,2525528417
GL860615.1,Chr4_supercontig_000003896,4,1566,479390315,2525529983
GL860616.1,Chr4_supercontig_000003897,4,11343,479401658,2525541326
GL860617.1,Chr4_supercontig_000003898,4,7336,479408994,2525548662
GL860618.1,Chr4_supercontig_000003899,4,6348,479415342,2525555010
GL860619.1,Chr4_supercontig_000003900,4,3666,479419008,2525558676
GL860620.1,Chr4_supercontig_000003901,4,2044,479421052,2525560720
GL860621.1,Chr4_supercontig_000003902,4,1782,479422834,2525562502
GL860622.1,Chr4_supercontig_000003903,4,7744,479430578,2525570246
GL860623.1,Chr4_supercontig_000003904,4,3775,479434353,2525574021
GL860624.1,Chr4_supercontig_000003905,4,4483,479438836,2525578504
GL860625.1,Chr4_supercontig_000003906,4,2083,479440919,2525580587
GL860626.1,Chr4_supercontig_000003907,4,2130,479443049,2525582717
GL860627.1,Chr4_supercontig_000003908,4,1534,479444583,2525584251
GL860628.1,Chr4_supercontig_000003909,4,3384,479447967,2525587635
GL860629.1,Chr4_supercontig_000003910,4,2201,479450168,2525589836
GL860630.1,Chr4_supercontig_000003911,4,2326,479452494,2525592162
GL860631.1,Chr4_supercontig_000003912,4,1514,479454008,2525593676
GL860632.1,Chr4_supercontig_000003913,4,1877,479455885,2525595553
GL860633.1,Chr4_supercontig_000003914,4,2724,479458609,2525598277
GL860634.1,Chr4_supercontig_000003915,4,1533,479460142,2525599810
GL860635.1,Chr4_supercontig_000003916,4,3057,479463199,2525602867
GL860636.1,Chr4_supercontig_000003917,4,2068,479465267,2525604935
GL860637.1,Chr4_supercontig_000003918,4,2923,479468190,2525607858
GL860638.1,Chr4_supercontig_000003919,4,2399,479470589,2525610257
GL860639.1,Chr4_supercontig_000003920,4,2172,479472761,2525612429
GL860640.1,Chr4_supercontig_000003921,4,2608,479475369,2525615037
GL860641.1,Chr4_supercontig_000003922,4,2029,479477398,2525617066
GL860642.1,Chr4_supercontig_000003923,4,2240,479479638,2525619306
GL860643.1,Chr4_supercontig_000003924,4,1556,479481194,2525620862
GL860644.1,Chr4_supercontig_000003925,4,1518,479482712,2525622380
GL860645.1,Chr4_supercontig_000003926,4,1640,479484352,2525624020
GL860646.1,Chr4_supercontig_000003927,4,1630,479485982,2525625650
GL860647.1,Chr4_supercontig_000003928,4,4464,479490446,2525630114
GL860648.1,Chr4_supercontig_000003929,4,3234,479493680,2525633348
GL860649.1,Chr4_supercontig_000003930,4,1654,479495334,2525635002
GL860650.1,Chr4_supercontig_000003931,4,2583,479497917,2525637585
GL860651.1,Chr4_supercontig_000003932,4,2266,479500183,2525639851
GL860652.1,Chr4_supercontig_000003933,4,2462,479502645,2525642313
GL860653.1,Chr4_supercontig_000003934,4,3017,479505662,2525645330
GL860654.1,Chr4_supercontig_000003935,4,5410,479511072,2525650740
GL860655.1,Chr4_supercontig_000003936,4,2322,479513394,2525653062
GL860656.1,Chr4_supercontig_000003937,4,4130,479517524,2525657192
GL860657.1,Chr4_supercontig_000003938,4,2742,479520266,2525659934
GL860658.1,Chr4_supercontig_000003939,4,3088,479523354,2525663022
GL860659.1,Chr4_supercontig_000003940,4,5068,479528422,2525668090
GL860660.1,Chr4_supercontig_000003941,4,1811,479530233,2525669901
GL860661.1,Chr4_supercontig_000003942,4,1660,479531893,2525671561
GL860662.1,Chr4_supercontig_000003943,4,3601,479535494,2525675162
GL860663.1,Chr4_supercontig_000003944,4,1642,479537136,2525676804
GL860664.1,Chr4_supercontig_000003945,4,2017,479539153,2525678821
GL860665.1,Chr4_supercontig_000003946,4,2067,479541220,2525680888
GL860666.1,Chr4_supercontig_000003947,4,2664,479543884,2525683552
GL860667.1,Chr4_supercontig_000003948,4,2287,479546171,2525685839
GL860668.1,Chr4_supercontig_000003949,4,2642,479548813,2525688481
GL860669.1,Chr4_supercontig_000003950,4,3461,479552274,2525691942
GL860670.1,Chr4_supercontig_000003951,4,4517,479556791,2525696459
GL860671.1,Chr4_supercontig_000003952,4,3938,479560729,2525700397
GL860672.1,Chr4_supercontig_000003953,4,6662,479567391,2525707059
GL860673.1,Chr4_supercontig_000003954,4,3348,479570739,2525710407
GL860674.1,Chr4_supercontig_000003955,4,3685,479574424,2525714092
GL860675.1,Chr4_supercontig_000003956,4,2966,479577390,2525717058
GL860676.1,Chr4_supercontig_000003957,4,2451,479579841,2525719509
GL860677.1,Chr4_supercontig_000003958,4,5371,479585212,2525724880
GL860678.1,Chr4_supercontig_000003959,4,3548,479588760,2525728428
GL860679.1,Chr4_supercontig_000003960,4,2008,479590768,2525730436
GL860680.1,Chr4_supercontig_000003961,4,1981,479592749,2525732417
GL860681.1,Chr4_supercontig_000003962,4,1764,479594513,2525734181
GL860682.1,Chr4_supercontig_000003963,4,3937,479598450,2525738118
GL860683.1,Chr4_supercontig_000003964,4,1663,479600113,2525739781
GL860684.1,Chr4_supercontig_000003965,4,4021,479604134,2525743802
GL860685.1,Chr4_supercontig_000003966,4,2038,479606172,2525745840
GL860686.1,Chr4_supercontig_000003967,4,3161,479609333,2525749001
GL860687.1,Chr4_supercontig_000003968,4,1718,479611051,2525750719
GL860688.1,Chr4_supercontig_000003969,4,1920,479612971,2525752639
GL860689.1,Chr4_supercontig_000003970,4,3150,479616121,2525755789
GL860690.1,Chr4_supercontig_000003971,4,4110,479620231,2525759899
GL860691.1,Chr4_supercontig_000003972,4,3419,479623650,2525763318
GL860692.1,Chr4_supercontig_000003973,4,1742,479625392,2525765060
GL860693.1,Chr4_supercontig_000003974,4,2063,479627455,2525767123
GL860694.1,Chr4_supercontig_000003975,4,1608,479629063,2525768731
GL860695.1,Chr4_supercontig_000003976,4,1582,479630645,2525770313
GL860696.1,Chr4_supercontig_000003977,4,7926,479638571,2525778239
GL860697.1,Chr4_supercontig_000003978,4,2630,479641201,2525780869
GL860698.1,Chr4_supercontig_000003979,4,1611,479642812,2525782480
GL860699.1,Chr4_supercontig_000003980,4,5807,479648619,2525788287
GL860700.1,Chr4_supercontig_000003981,4,2093,479650712,2525790380
GL860701.1,Chr4_supercontig_000003982,4,1488,479652200,2525791868
GL860702.1,Chr4_supercontig_000003983,4,3767,479655967,2525795635
GL860703.1,Chr4_supercontig_000003984,4,3032,479658999,2525798667
GL860704.1,Chr4_supercontig_000003985,4,3208,479662207,2525801875
GL860705.1,Chr4_supercontig_000003986,4,2920,479665127,2525804795
GL860706.1,Chr4_supercontig_000003987,4,1694,479666821,2525806489
GL860707.1,Chr4_supercontig_000003988,4,1620,479668441,2525808109
GL860708.1,Chr4_supercontig_000003989,4,3977,479672418,2525812086
GL860709.1,Chr4_supercontig_000003990,4,1542,479673960,2525813628
GL860710.1,Chr4_supercontig_000003991,4,13120,479687080,2525826748
GL860711.1,Chr4_supercontig_000003992,4,9821,479696901,2525836569
GL860712.1,Chr4_supercontig_000003993,4,1868,479698769,2525838437
GL860713.1,Chr4_supercontig_000003994,4,3901,479702670,2525842338
GL860714.1,Chr4_supercontig_000003995,4,13111,479715781,2525855449
GL860715.1,Chr4_supercontig_000003996,4,14229,479730010,2525869678
GL860716.1,Chr4_supercontig_000003997,4,1706,479731716,2525871384
GL860717.1,Chr4_supercontig_000003998,4,1505,479733221,2525872889
GL860718.1,Chr4_supercontig_000003999,4,1678,479734899,2525874567
GL860719.1,Chr4_supercontig_000004000,4,2450,479737349,2525877017
GL860720.1,Chr4_supercontig_000004001,4,3692,479741041,2525880709
GL860721.1,Chr4_supercontig_000004002,4,1991,479743032,2525882700
GL860722.1,Chr4_supercontig_000004003,4,2231,479745263,2525884931
GL860723.1,Chr4_supercontig_000004004,4,1694,479746957,2525886625
GL860724.1,Chr4_supercontig_000004005,4,4373,479751330,2525890998
GL860725.1,Chr4_supercontig_000004006,4,1703,479753033,2525892701
GL860726.1,Chr4_supercontig_000004007,4,1803,479754836,2525894504
GL860727.1,Chr4_supercontig_000004008,4,5065,479759901,2525899569
GL860728.1,Chr4_supercontig_000004009,4,2207,479762108,2525901776
GL860729.1,Chr4_supercontig_000004010,4,2771,479764879,2525904547
GL860730.1,Chr4_supercontig_000004011,4,2249,479767128,2525906796
GL860731.1,Chr4_supercontig_000004012,4,3267,479770395,2525910063
GL860732.1,Chr4_supercontig_000004013,4,1926,479772321,2525911989
GL860733.1,Chr4_supercontig_000004014,4,2252,479774573,2525914241
GL860734.1,Chr4_supercontig_000004015,4,2426,479776999,2525916667
GL860735.1,Chr4_supercontig_000004016,4,1520,479778519,2525918187
GL860736.1,Chr4_supercontig_000004017,4,3151,479781670,2525921338
GL860737.1,Chr4_supercontig_000004018,4,2621,479784291,2525923959
GL860738.1,Chr4_supercontig_000004019,4,2295,479786586,2525926254
GL860739.1,Chr4_supercontig_000004020,4,1858,479788444,2525928112
GL860740.1,Chr4_supercontig_000004021,4,1802,479790246,2525929914
GL860741.1,Chr4_supercontig_000004022,4,1519,479791765,2525931433
GL860742.1,Chr4_supercontig_000004023,4,3038,479794803,2525934471
GL860743.1,Chr4_supercontig_000004024,4,1971,479796774,2525936442
GL860744.1,Chr4_supercontig_000004025,4,3256,479800030,2525939698
GL860745.1,Chr4_supercontig_000004026,4,2020,479802050,2525941718
GL860746.1,Chr4_supercontig_000004027,4,3371,479805421,2525945089
GL860747.1,Chr4_supercontig_000004028,4,1705,479807126,2525946794
GL860748.1,Chr4_supercontig_000004029,4,7014,479814140,2525953808
GL860749.1,Chr4_supercontig_000004030,4,1581,479815721,2525955389
GL860750.1,Chr4_supercontig_000004031,4,6956,479822677,2525962345
GL860751.1,Chr4_supercontig_000004032,4,2751,479825428,2525965096
GL860752.1,Chr4_supercontig_000004033,4,1574,479827002,2525966670
GL860753.1,Chr4_supercontig_000004034,4,1530,479828532,2525968200
GL860754.1,Chr4_supercontig_000004035,4,2373,479830905,2525970573
GL860755.1,Chr4_supercontig_000004036,4,1602,479832507,2525972175
GL860756.1,Chr4_supercontig_000004037,4,3446,479835953,2525975621
GL860757.1,Chr4_supercontig_000004038,4,6448,479842401,2525982069
GL860758.1,Chr4_supercontig_000004039,4,3745,479846146,2525985814
GL860759.1,Chr4_supercontig_000004040,4,19639,479865785,2526005453
GL860760.1,Chr4_supercontig_000004041,4,2436,479868221,2526007889
GL860761.1,Chr4_supercontig_000004042,4,1655,479869876,2526009544
GL860762.1,Chr4_supercontig_000004043,4,4374,479874250,2526013918
GL860763.1,Chr4_supercontig_000004044,4,2224,479876474,2526016142
GL860764.1,Chr4_supercontig_000004045,4,1561,479878035,2526017703
GL860765.1,Chr4_supercontig_000004046,4,2643,479880678,2526020346
GL860766.1,Chr4_supercontig_000004047,4,6077,479886755,2526026423
GL860767.1,Chr4_supercontig_000004048,4,1808,479888563,2526028231
GL860768.1,Chr4_supercontig_000004049,4,1582,479890145,2526029813
GL860769.1,Chr4_supercontig_000004050,4,1735,479891880,2526031548
GL860770.1,Chr4_supercontig_000004051,4,3332,479895212,2526034880
GL860771.1,Chr4_supercontig_000004052,4,1558,479896770,2526036438
GL860772.1,Chr4_supercontig_000004053,4,3579,479900349,2526040017
GL860773.1,Chr4_supercontig_000004054,4,4015,479904364,2526044032
GL860774.1,Chr4_supercontig_000004055,4,2711,479907075,2526046743
GL860775.1,Chr4_supercontig_000004056,4,9975,479917050,2526056718
GL860776.1,Chr4_supercontig_000004057,4,2785,479919835,2526059503
GL860777.1,Chr4_supercontig_000004058,4,2537,479922372,2526062040
GL860778.1,Chr4_supercontig_000004059,4,11480,479933852,2526073520
GL860779.1,Chr4_supercontig_000004060,4,6981,479940833,2526080501
GL860780.1,Chr4_supercontig_000004061,4,2822,479943655,2526083323
GL860781.1,Chr4_supercontig_000004062,4,13325,479956980,2526096648
GL860782.1,Chr4_supercontig_000004063,4,2882,479959862,2526099530
GL860783.1,Chr4_supercontig_000004064,4,2592,479962454,2526102122
GL860784.1,Chr4_supercontig_000004065,4,13073,479975527,2526115195
GL860785.1,Chr4_supercontig_000004066,4,11339,479986866,2526126534
GL860786.1,Chr4_supercontig_000004067,4,6698,479993564,2526133232
GL860787.1,Chr4_supercontig_000004068,4,1796,479995360,2526135028
GL860788.1,Chr4_supercontig_000004069,4,1945,479997305,2526136973
GL860789.1,Chr4_supercontig_000004070,4,1513,479998818,2526138486
GL860790.1,Chr4_supercontig_000004071,4,4839,480003657,2526143325
GL860791.1,Chr4_supercontig_000004072,4,3341,480006998,2526146666
GL860792.1,Chr4_supercontig_000004073,4,1874,480008872,2526148540
GL860793.1,Chr4_supercontig_000004074,4,2193,480011065,2526150733
GL860794.1,Chr4_supercontig_000004075,4,1919,480012984,2526152652
GL860795.1,Chr4_supercontig_000004076,4,1930,480014914,2526154582
GL860796.1,Chr4_supercontig_000004077,4,3776,480018690,2526158358
GL860797.1,Chr4_supercontig_000004078,4,1709,480020399,2526160067
GL860798.1,Chr4_supercontig_000004079,4,2337,480022736,2526162404
GL860799.1,Chr4_supercontig_000004080,4,2233,480024969,2526164637
GL860800.1,Chr4_supercontig_000004081,4,1599,480026568,2526166236
GL860801.1,Chr4_supercontig_000004082,4,2566,480029134,2526168802
GL860802.1,Chr4_supercontig_000004083,4,2058,480031192,2526170860
GL860803.1,Chr4_supercontig_000004084,4,3066,480034258,2526173926
GL860804.1,Chr4_supercontig_000004085,4,1906,480036164,2526175832
GL860805.1,Chr4_supercontig_000004086,4,3612,480039776,2526179444
GL860806.1,Chr4_supercontig_000004087,4,2665,480042441,2526182109
GL860807.1,Chr4_supercontig_000004088,4,3182,480045623,2526185291
GL860808.1,Chr4_supercontig_000004089,4,2351,480047974,2526187642
GL860809.1,Chr4_supercontig_000004090,4,1565,480049539,2526189207
GL860810.1,Chr4_supercontig_000004091,4,3190,480052729,2526192397
GL860811.1,Chr4_supercontig_000004092,4,5481,480058210,2526197878
GL860812.1,Chr4_supercontig_000004093,4,2962,480061172,2526200840
GL860813.1,Chr4_supercontig_000004094,4,4192,480065364,2526205032
GL860814.1,Chr4_supercontig_000004095,4,2045,480067409,2526207077
GL860815.1,Chr4_supercontig_000004096,4,8488,480075897,2526215565
GL860816.1,Chr4_supercontig_000004097,4,2804,480078701,2526218369
GL860817.1,Chr4_supercontig_000004098,4,2608,480081309,2526220977
GL860818.1,Chr4_supercontig_000004099,4,1965,480083274,2526222942
GL860819.1,Chr4_supercontig_000004100,4,5265,480088539,2526228207
GL860820.1,Chr4_supercontig_000004101,4,7507,480096046,2526235714
GL860821.1,Chr4_supercontig_000004102,4,6050,480102096,2526241764
GL860822.1,Chr4_supercontig_000004103,4,2838,480104934,2526244602
GL860823.1,Chr4_supercontig_000004104,4,2388,480107322,2526246990
GL860824.1,Chr4_supercontig_000004105,4,6191,480113513,2526253181
GL860825.1,Chr4_supercontig_000004106,4,1559,480115072,2526254740
GL860826.1,Chr4_supercontig_000004107,4,1999,480117071,2526256739
GL860827.1,Chr4_supercontig_000004108,4,1876,480118947,2526258615
GL860828.1,Chr4_supercontig_000004109,4,1539,480120486,2526260154
GL860829.1,Chr4_supercontig_000004110,4,1736,480122222,2526261890
GL860830.1,Chr4_supercontig_000004111,4,1807,480124029,2526263697
GL860831.1,Chr4_supercontig_000004112,4,2329,480126358,2526266026
GL860832.1,Chr4_supercontig_000004113,4,2505,480128863,2526268531
GL860833.1,Chr4_supercontig_000004114,4,1631,480130494,2526270162
GL860834.1,Chr4_supercontig_000004115,4,2414,480132908,2526272576
GL860835.1,Chr4_supercontig_000004116,4,2828,480135736,2526275404
GL860836.1,Chr4_supercontig_000004117,4,2973,480138709,2526278377
GL860837.1,Chr4_supercontig_000004118,4,1851,480140560,2526280228
GL860838.1,Chr4_supercontig_000004119,4,1925,480142485,2526282153
GL860839.1,Chr4_supercontig_000004120,4,2431,480144916,2526284584
GL860840.1,Chr4_supercontig_000004121,4,1697,480146613,2526286281
GL860841.1,Chr4_supercontig_000004122,4,2678,480149291,2526288959
GL860842.1,Chr4_supercontig_000004123,4,2039,480151330,2526290998
GL860843.1,Chr4_supercontig_000004124,4,2727,480154057,2526293725
GL860844.1,Chr4_supercontig_000004125,4,3542,480157599,2526297267
GL860845.1,Chr4_supercontig_000004126,4,4004,480161603,2526301271
GL860846.1,Chr4_supercontig_000004127,4,3266,480164869,2526304537
GL860847.1,Chr4_supercontig_000004128,4,2303,480167172,2526306840
GL860848.1,Chr4_supercontig_000004129,4,2990,480170162,2526309830
GL860849.1,Chr4_supercontig_000004130,4,2396,480172558,2526312226
GL860850.1,Chr4_supercontig_000004131,4,2834,480175392,2526315060
GL860851.1,Chr4_supercontig_000004132,4,5298,480180690,2526320358
GL860852.1,Chr4_supercontig_000004133,4,2039,480182729,2526322397
GL860853.1,Chr4_supercontig_000004134,4,25227,480207956,2526347624
GL860854.1,Chr4_supercontig_000004135,4,5341,480213297,2526352965
GL860855.1,Chr4_supercontig_000004136,4,4141,480217438,2526357106
GL860856.1,Chr4_supercontig_000004137,4,5494,480222932,2526362600
GL860857.1,Chr4_supercontig_000004138,4,1618,480224550,2526364218
GL860858.1,Chr4_supercontig_000004139,4,2707,480227257,2526366925
GL860859.1,Chr4_supercontig_000004140,4,12325,480239582,2526379250
GL860860.1,Chr4_supercontig_000004141,4,2463,480242045,2526381713
GL860861.1,Chr4_supercontig_000004142,4,2054,480244099,2526383767
GL860862.1,Chr4_supercontig_000004143,4,1833,480245932,2526385600
GL860863.1,Chr4_supercontig_000004144,4,1898,480247830,2526387498
GL860864.1,Chr4_supercontig_000004145,4,2926,480250756,2526390424
GL860865.1,Chr4_supercontig_000004146,4,2909,480253665,2526393333
GL860866.1,Chr4_supercontig_000004147,4,2699,480256364,2526396032
GL860867.1,Chr4_supercontig_000004148,4,1532,480257896,2526397564
GL860868.1,Chr4_supercontig_000004149,4,2183,480260079,2526399747
GL860869.1,Chr4_supercontig_000004150,4,4018,480264097,2526403765
GL860870.1,Chr4_supercontig_000004151,4,2453,480266550,2526406218
GL860871.1,Chr4_supercontig_000004152,4,1813,480268363,2526408031
GL860872.1,Chr4_supercontig_000004153,4,2016,480270379,2526410047
GL860873.1,Chr4_supercontig_000004154,4,1947,480272326,2526411994
GL860874.1,Chr4_supercontig_000004155,4,4376,480276702,2526416370
GL860875.1,Chr4_supercontig_000004156,4,1949,480278651,2526418319
GL860876.1,Chr4_supercontig_000004157,4,1819,480280470,2526420138
GL860877.1,Chr4_supercontig_000004158,4,1935,480282405,2526422073
GL860878.1,Chr4_supercontig_000004159,4,1655,480284060,2526423728
GL860879.1,Chr4_supercontig_000004160,4,6280,480290340,2526430008
GL860880.1,Chr4_supercontig_000004161,4,3994,480294334,2526434002
GL860881.1,Chr4_supercontig_000004162,4,7931,480302265,2526441933
GL860882.1,Chr4_supercontig_000004163,4,1507,480303772,2526443440
GL860883.1,Chr4_supercontig_000004164,4,3047,480306819,2526446487
GL860884.1,Chr4_supercontig_000004165,4,1714,480308533,2526448201
GL860885.1,Chr4_supercontig_000004166,4,9804,480318337,2526458005
GL860886.1,Chr4_supercontig_000004167,4,2037,480320374,2526460042
GL860887.1,Chr4_supercontig_000004168,4,1874,480322248,2526461916
GL860888.1,Chr4_supercontig_000004169,4,2348,480324596,2526464264
GL860889.1,Chr4_supercontig_000004170,4,3573,480328169,2526467837
GL860890.1,Chr4_supercontig_000004171,4,5476,480333645,2526473313
GL860891.1,Chr4_supercontig_000004172,4,2710,480336355,2526476023
GL860892.1,Chr4_supercontig_000004173,4,1845,480338200,2526477868
GL860893.1,Chr4_supercontig_000004174,4,3540,480341740,2526481408
GL860894.1,Chr4_supercontig_000004175,4,2337,480344077,2526483745
GL860895.1,Chr4_supercontig_000004176,4,1602,480345679,2526485347
GL860896.1,Chr4_supercontig_000004177,4,2285,480347964,2526487632
GL860897.1,Chr4_supercontig_000004178,4,6376,480354340,2526494008
GL860898.1,Chr4_supercontig_000004179,4,3287,480357627,2526497295
GL860899.1,Chr4_supercontig_000004180,4,3412,480361039,2526500707
GL860900.1,Chr4_supercontig_000004181,4,2535,480363574,2526503242
GL860901.1,Chr4_supercontig_000004182,4,1797,480365371,2526505039
GL860902.1,Chr4_supercontig_000004183,4,1865,480367236,2526506904
GL860903.1,Chr4_supercontig_000004184,4,2149,480369385,2526509053
GL860904.1,Chr4_supercontig_000004185,4,1511,480370896,2526510564
GL860905.1,Chr4_supercontig_000004186,4,2357,480373253,2526512921
GL860906.1,Chr4_supercontig_000004187,4,1524,480374777,2526514445
GL860907.1,Chr4_supercontig_000004188,4,2677,480377454,2526517122
GL860908.1,Chr4_supercontig_000004189,4,4340,480381794,2526521462
GL860909.1,Chr4_supercontig_000004190,4,2015,480383809,2526523477
GL860910.1,Chr4_supercontig_000004191,4,1722,480385531,2526525199
GL860911.1,Chr4_supercontig_000004192,4,1942,480387473,2526527141
GL860912.1,Chr4_supercontig_000004193,4,3579,480391052,2526530720
GL860913.1,Chr4_supercontig_000004194,4,1511,480392563,2526532231
GL860914.1,Chr4_supercontig_000004195,4,2363,480394926,2526534594
GL860915.1,Chr4_supercontig_000004196,4,1787,480396713,2526536381
GL860916.1,Chr4_supercontig_000004197,4,1886,480398599,2526538267
GL860917.1,Chr4_supercontig_000004198,4,1885,480400484,2526540152
GL860918.1,Chr4_supercontig_000004199,4,5746,480406230,2526545898
GL860919.1,Chr4_supercontig_000004200,4,1898,480408128,2526547796
GL860920.1,Chr4_supercontig_000004201,4,2809,480410937,2526550605
GL860921.1,Chr4_supercontig_000004202,4,5436,480416373,2526556041
GL860922.1,Chr4_supercontig_000004203,4,2616,480418989,2526558657
GL860923.1,Chr4_supercontig_000004204,4,2873,480421862,2526561530
GL860924.1,Chr4_supercontig_000004205,4,4343,480426205,2526565873
GL860925.1,Chr4_supercontig_000004206,4,9637,480435842,2526575510
GL860926.1,Chr4_supercontig_000004207,4,1669,480437511,2526577179
GL860927.1,Chr4_supercontig_000004208,4,2134,480439645,2526579313
GL860928.1,Chr4_supercontig_000004209,4,2699,480442344,2526582012
GL860929.1,Chr4_supercontig_000004210,4,1557,480443901,2526583569
GL860930.1,Chr4_supercontig_000004211,4,5433,480449334,2526589002
GL860931.1,Chr4_supercontig_000004212,4,5176,480454510,2526594178
GL860932.1,Chr4_supercontig_000004213,4,1560,480456070,2526595738
GL860933.1,Chr4_supercontig_000004214,4,3743,480459813,2526599481
GL860934.1,Chr4_supercontig_000004215,4,1787,480461600,2526601268
GL860935.1,Chr4_supercontig_000004216,4,2031,480463631,2526603299
GL860936.1,Chr4_supercontig_000004217,4,1953,480465584,2526605252
GL860937.1,Chr4_supercontig_000004218,4,2370,480467954,2526607622
GL860938.1,Chr4_supercontig_000004219,4,1553,480469507,2526609175
GL860939.1,Chr4_supercontig_000004220,4,1723,480471230,2526610898
GL860940.1,Chr4_supercontig_000004221,4,2108,480473338,2526613006
GL860941.1,Chr4_supercontig_000004222,4,2189,480475527,2526615195
GL860942.1,Chr4_supercontig_000004223,4,1752,480477279,2526616947
GL860943.1,Chr4_supercontig_000004224,4,2577,480479856,2526619524
GL860944.1,Chr4_supercontig_000004225,4,2423,480482279,2526621947
GL860945.1,Chr4_supercontig_000004226,4,2010,480484289,2526623957
GL860946.1,Chr4_supercontig_000004227,4,2244,480486533,2526626201
GL860947.1,Chr4_supercontig_000004228,4,5330,480491863,2526631531
GL860948.1,Chr4_supercontig_000004229,4,1795,480493658,2526633326
GL860949.1,Chr4_supercontig_000004230,4,3189,480496847,2526636515
GL860950.1,Chr4_supercontig_000004231,4,2665,480499512,2526639180
GL860951.1,Chr4_supercontig_000004232,4,1640,480501152,2526640820
GL860952.1,Chr4_supercontig_000004233,4,1889,480503041,2526642709
GL860953.1,Chr4_supercontig_000004234,4,1789,480504830,2526644498
GL860954.1,Chr4_supercontig_000004235,4,2724,480507554,2526647222
GL860955.1,Chr4_supercontig_000004236,4,3101,480510655,2526650323
GL860956.1,Chr4_supercontig_000004237,4,2981,480513636,2526653304
GL860957.1,Chr4_supercontig_000004238,4,2096,480515732,2526655400
GL860958.1,Chr4_supercontig_000004239,4,1623,480517355,2526657023
GL860959.1,Chr4_supercontig_000004240,4,1900,480519255,2526658923
GL860960.1,Chr4_supercontig_000004241,4,1947,480521202,2526660870
GL860961.1,Chr4_supercontig_000004242,4,2623,480523825,2526663493
GL860962.1,Chr4_supercontig_000004243,4,3752,480527577,2526667245
GL860963.1,Chr4_supercontig_000004244,4,1709,480529286,2526668954
GL860964.1,Chr4_supercontig_000004245,4,3417,480532703,2526672371
GL860965.1,Chr4_supercontig_000004246,4,1887,480534590,2526674258
GL860966.1,Chr4_supercontig_000004247,4,3114,480537704,2526677372
GL860967.1,Chr4_supercontig_000004248,4,2405,480540109,2526679777
GL860968.1,Chr4_supercontig_000004249,4,7091,480547200,2526686868
GL860969.1,Chr4_supercontig_000004250,4,5417,480552617,2526692285
GL860970.1,Chr4_supercontig_000004251,4,4052,480556669,2526696337
GL860971.1,Chr4_supercontig_000004252,4,3935,480560604,2526700272
GL860972.1,Chr4_supercontig_000004253,4,1684,480562288,2526701956
GL860973.1,Chr4_supercontig_000004254,4,2275,480564563,2526704231
GL860974.1,Chr4_supercontig_000004255,4,4648,480569211,2526708879
GL860975.1,Chr4_supercontig_000004256,4,26041,480595252,2526734920
GL860976.1,Chr4_supercontig_000004257,4,2229,480597481,2526737149
GL860977.1,Chr4_supercontig_000004258,4,2311,480599792,2526739460
GL860978.1,Chr4_supercontig_000004259,4,1928,480601720,2526741388
GL860979.1,Chr4_supercontig_000004260,4,1842,480603562,2526743230
GL860980.1,Chr4_supercontig_000004261,4,1744,480605306,2526744974
GL860981.1,Chr4_supercontig_000004262,4,1555,480606861,2526746529
GL860982.1,Chr4_supercontig_000004263,4,1829,480608690,2526748358
GL860983.1,Chr4_supercontig_000004264,4,2396,480611086,2526750754
GL860984.1,Chr4_supercontig_000004265,4,3859,480614945,2526754613
GL860985.1,Chr4_supercontig_000004266,4,1680,480616625,2526756293
GL860986.1,Chr4_supercontig_000004267,4,2179,480618804,2526758472
GL860987.1,Chr4_supercontig_000004268,4,2101,480620905,2526760573
GL860988.1,Chr4_supercontig_000004269,4,2029,480622934,2526762602
GL860989.1,Chr4_supercontig_000004270,4,3075,480626009,2526765677
GL860990.1,Chr4_supercontig_000004271,4,10828,480636837,2526776505
GL860991.1,Chr4_supercontig_000004272,4,2106,480638943,2526778611
GL860992.1,Chr4_supercontig_000004273,4,2059,480641002,2526780670
GL860993.1,Chr4_supercontig_000004274,4,9854,480650856,2526790524
GL860994.1,Chr4_supercontig_000004275,4,2113,480652969,2526792637
GL860995.1,Chr4_supercontig_000004276,4,2049,480655018,2526794686
GL860996.1,Chr4_supercontig_000004277,4,4523,480659541,2526799209
GL860997.1,Chr4_supercontig_000004278,4,1759,480661300,2526800968
GL860998.1,Chr4_supercontig_000004279,4,6124,480667424,2526807092
GL860999.1,Chr4_supercontig_000004280,4,2218,480669642,2526809310
GL861000.1,Chr4_supercontig_000004281,4,2180,480671822,2526811490
GL861001.1,Chr4_supercontig_000004282,4,2310,480674132,2526813800
GL861002.1,Chr4_supercontig_000004283,4,1504,480675636,2526815304
GL861003.1,Chr4_supercontig_000004284,4,2635,480678271,2526817939
GL861004.1,Chr4_supercontig_000004285,4,5918,480684189,2526823857
GL861005.1,Chr4_supercontig_000004286,4,4541,480688730,2526828398
GL861006.1,Chr4_supercontig_000004287,4,1982,480690712,2526830380
GL861007.1,Chr4_supercontig_000004288,4,7699,480698411,2526838079
GL861008.1,Chr4_supercontig_000004289,4,2754,480701165,2526840833
GL861009.1,Chr4_supercontig_000004290,4,4335,480705500,2526845168
GL861010.1,Chr4_supercontig_000004291,4,3660,480709160,2526848828
GL861011.1,Chr4_supercontig_000004292,4,1573,480710733,2526850401
GL861012.1,Chr4_supercontig_000004293,4,2870,480713603,2526853271
GL861013.1,Chr4_supercontig_000004294,4,5528,480719131,2526858799
GL861014.1,Chr4_supercontig_000004295,4,7334,480726465,2526866133
GL861015.1,Chr4_supercontig_000004296,4,1648,480728113,2526867781
GL861016.1,Chr4_supercontig_000004297,4,1837,480729950,2526869618
GL861017.1,Chr4_supercontig_000004298,4,1925,480731875,2526871543
GL861018.1,Chr4_supercontig_000004299,4,3019,480734894,2526874562
GL861019.1,Chr4_supercontig_000004300,4,1989,480736883,2526876551
GL861020.1,Chr4_supercontig_000004301,4,4117,480741000,2526880668
GL861021.1,Chr4_supercontig_000004302,4,2131,480743131,2526882799
GL861022.1,Chr4_supercontig_000004303,4,1725,480744856,2526884524
GL861023.1,Chr4_supercontig_000004304,4,4567,480749423,2526889091
GL861024.1,Chr4_supercontig_000004305,4,1909,480751332,2526891000
GL861025.1,Chr4_supercontig_000004306,4,1527,480752859,2526892527
GL861026.1,Chr4_supercontig_000004307,4,1909,480754768,2526894436
GL861027.1,Chr4_supercontig_000004308,4,2005,480756773,2526896441
GL861028.1,Chr4_supercontig_000004309,4,1543,480758316,2526897984
GL861029.1,Chr4_supercontig_000004310,4,2022,480760338,2526900006
GL861030.1,Chr4_supercontig_000004311,4,5491,480765829,2526905497
GL861031.1,Chr4_supercontig_000004312,4,3422,480769251,2526908919
GL861032.1,Chr4_supercontig_000004313,4,1857,480771108,2526910776
GL861033.1,Chr4_supercontig_000004314,4,3095,480774203,2526913871
GL861034.1,Chr4_supercontig_000004315,4,2231,480776434,2526916102
GL861035.1,Chr4_supercontig_000004316,4,5801,480782235,2526921903
GL861036.1,Chr4_supercontig_000004317,4,3012,480785247,2526924915
GL861037.1,Chr4_supercontig_000004318,4,3054,480788301,2526927969
GL861038.1,Chr4_supercontig_000004319,4,1719,480790020,2526929688
GL861039.1,Chr4_supercontig_000004320,4,2124,480792144,2526931812
GL861040.1,Chr4_supercontig_000004321,4,2435,480794579,2526934247
GL861041.1,Chr4_supercontig_000004322,4,1543,480796122,2526935790
GL861042.1,Chr4_supercontig_000004323,4,1831,480797953,2526937621
GL861043.1,Chr4_supercontig_000004324,4,5738,480803691,2526943359
GL861044.1,Chr4_supercontig_000004325,4,2117,480805808,2526945476
GL861045.1,Chr4_supercontig_000004326,4,1725,480807533,2526947201
GL861046.1,Chr4_supercontig_000004327,4,2548,480810081,2526949749
GL861047.1,Chr4_supercontig_000004328,4,1902,480811983,2526951651
GL861048.1,Chr4_supercontig_000004329,4,2688,480814671,2526954339
GL861049.1,Chr4_supercontig_000004330,4,2191,480816862,2526956530
GL861050.1,Chr4_supercontig_000004331,4,2424,480819286,2526958954
GL861051.1,Chr4_supercontig_000004332,4,1947,480821233,2526960901
GL861052.1,Chr4_supercontig_000004333,4,2469,480823702,2526963370
GL861053.1,Chr4_supercontig_000004334,4,1588,480825290,2526964958
GL861054.1,Chr4_supercontig_000004335,4,1559,480826849,2526966517
GL861055.1,Chr4_supercontig_000004336,4,1540,480828389,2526968057
GL861056.1,Chr4_supercontig_000004337,4,1996,480830385,2526970053
GL861057.1,Chr4_supercontig_000004338,4,1612,480831997,2526971665
GL861058.1,Chr4_supercontig_000004339,4,2280,480834277,2526973945
GL861059.1,Chr4_supercontig_000004340,4,2659,480836936,2526976604
GL861060.1,Chr4_supercontig_000004341,4,5036,480841972,2526981640
GL861061.1,Chr4_supercontig_000004342,4,2073,480844045,2526983713
GL861062.1,Chr4_supercontig_000004343,4,3224,480847269,2526986937
GL861063.1,Chr4_supercontig_000004344,4,5822,480853091,2526992759
GL861064.1,Chr4_supercontig_000004345,4,5127,480858218,2526997886
GL861065.1,Chr4_supercontig_000004346,4,5740,480863958,2527003626
GL861066.1,Chr4_supercontig_000004347,4,1741,480865699,2527005367
GL861067.1,Chr4_supercontig_000004348,4,1794,480867493,2527007161
GL861068.1,Chr4_supercontig_000004349,4,1745,480869238,2527008906
GL861069.1,Chr4_supercontig_000004350,4,6712,480875950,2527015618
GL861070.1,Chr4_supercontig_000004351,4,2538,480878488,2527018156
GL861071.1,Chr4_supercontig_000004352,4,1595,480880083,2527019751
GL861072.1,Chr4_supercontig_000004353,4,1995,480882078,2527021746
GL861073.1,Chr4_supercontig_000004354,4,5241,480887319,2527026987
GL861074.1,Chr4_supercontig_000004355,4,5890,480893209,2527032877
GL861075.1,Chr4_supercontig_000004356,4,1748,480894957,2527034625
GL861076.1,Chr4_supercontig_000004357,4,1913,480896870,2527036538
GL861077.1,Chr4_supercontig_000004358,4,2052,480898922,2527038590
GL861078.1,Chr4_supercontig_000004359,4,2100,480901022,2527040690
GL861079.1,Chr4_supercontig_000004360,4,1861,480902883,2527042551
GL861080.1,Chr4_supercontig_000004361,4,5918,480908801,2527048469
GL861081.1,Chr4_supercontig_000004362,4,2451,480911252,2527050920
GL861082.1,Chr4_supercontig_000004363,4,2197,480913449,2527053117
GL861083.1,Chr4_supercontig_000004364,4,3058,480916507,2527056175
GL861084.1,Chr4_supercontig_000004365,4,2573,480919080,2527058748
GL861085.1,Chr4_supercontig_000004366,4,2630,480921710,2527061378
GL861086.1,Chr4_supercontig_000004367,4,5677,480927387,2527067055
GL861087.1,Chr4_supercontig_000004368,4,2617,480930004,2527069672
GL861088.1,Chr4_supercontig_000004369,4,2372,480932376,2527072044
GL861089.1,Chr4_supercontig_000004370,4,1695,480934071,2527073739
GL861090.1,Chr4_supercontig_000004371,4,2144,480936215,2527075883
GL861091.1,Chr4_supercontig_000004372,4,2951,480939166,2527078834
GL861092.1,Chr4_supercontig_000004373,4,2566,480941732,2527081400
GL861093.1,Chr4_supercontig_000004374,4,12361,480954093,2527093761
GL861094.1,Chr4_supercontig_000004375,4,1875,480955968,2527095636
GL861095.1,Chr4_supercontig_000004376,4,1609,480957577,2527097245
GL861096.1,Chr4_supercontig_000004377,4,5879,480963456,2527103124
GL861097.1,Chr4_supercontig_000004378,4,1814,480965270,2527104938
GL861098.1,Chr4_supercontig_000004379,4,2623,480967893,2527107561
GL861099.1,Chr4_supercontig_000004380,4,2668,480970561,2527110229
GL861100.1,Chr4_supercontig_000004381,4,3818,480974379,2527114047
GL861101.1,Chr4_supercontig_000004382,4,2474,480976853,2527116521
GL861102.1,Chr4_supercontig_000004383,4,1680,480978533,2527118201
GL861103.1,Chr4_supercontig_000004384,4,1563,480980096,2527119764
GL861104.1,Chr4_supercontig_000004385,4,2078,480982174,2527121842
GL861105.1,Chr4_supercontig_000004386,4,1777,480983951,2527123619
GL861106.1,Chr4_supercontig_000004387,4,1778,480985729,2527125397
GL861107.1,Chr4_supercontig_000004388,4,5000,480990729,2527130397
GL861108.1,Chr4_supercontig_000004389,4,3795,480994524,2527134192
GL861109.1,Chr4_supercontig_000004390,4,2087,480996611,2527136279
GL861110.1,Chr4_supercontig_000004391,4,1535,480998146,2527137814
GL861111.1,Chr4_supercontig_000004392,4,1836,480999982,2527139650
GL861112.1,Chr4_supercontig_000004393,4,3907,481003889,2527143557
GL861113.1,Chr4_supercontig_000004394,4,2482,481006371,2527146039
GL861114.1,Chr4_supercontig_000004395,4,4132,481010503,2527150171
GL861115.1,Chr4_supercontig_000004396,4,1710,481012213,2527151881
GL861116.1,Chr4_supercontig_000004397,4,1565,481013778,2527153446
GL861117.1,Chr4_supercontig_000004398,4,2276,481016054,2527155722
GL861118.1,Chr4_supercontig_000004399,4,5903,481021957,2527161625
GL861119.1,Chr4_supercontig_000004400,4,1729,481023686,2527163354
GL861120.1,Chr4_supercontig_000004401,4,2396,481026082,2527165750
GL861121.1,Chr4_supercontig_000004402,4,2146,481028228,2527167896
GL861122.1,Chr4_supercontig_000004403,4,1575,481029803,2527169471
GL861123.1,Chr4_supercontig_000004404,4,2040,481031843,2527171511
GL861124.1,Chr4_supercontig_000004405,4,2665,481034508,2527174176
GL861125.1,Chr4_supercontig_000004406,4,1711,481036219,2527175887
GL861126.1,Chr4_supercontig_000004407,4,4429,481040648,2527180316
GL861127.1,Chr4_supercontig_000004408,4,4050,481044698,2527184366
GL861128.1,Chr4_supercontig_000004409,4,1891,481046589,2527186257
GL861129.1,Chr4_supercontig_000004410,4,2781,481049370,2527189038
GL861130.1,Chr4_supercontig_000004411,4,1735,481051105,2527190773
GL861131.1,Chr4_supercontig_000004412,4,2245,481053350,2527193018
GL861132.1,Chr4_supercontig_000004413,4,2350,481055700,2527195368
GL861133.1,Chr4_supercontig_000004414,4,2889,481058589,2527198257
GL861134.1,Chr4_supercontig_000004415,4,2924,481061513,2527201181
GL861135.1,Chr4_supercontig_000004416,4,3565,481065078,2527204746
GL861136.1,Chr4_supercontig_000004417,4,1924,481067002,2527206670
GL861137.1,Chr4_supercontig_000004418,4,2373,481069375,2527209043
GL861138.1,Chr4_supercontig_000004419,4,1732,481071107,2527210775
GL861139.1,Chr4_supercontig_000004420,4,1853,481072960,2527212628
GL861140.1,Chr4_supercontig_000004421,4,3297,481076257,2527215925
GL861141.1,Chr4_supercontig_000004422,4,2606,481078863,2527218531
GL861142.1,Chr4_supercontig_000004423,4,1575,481080438,2527220106
GL861143.1,Chr4_supercontig_000004424,4,1533,481081971,2527221639
GL861144.1,Chr4_supercontig_000004425,4,4974,481086945,2527226613
GL861145.1,Chr4_supercontig_000004426,4,2127,481089072,2527228740
GL861146.1,Chr4_supercontig_000004427,4,2715,481091787,2527231455
GL861147.1,Chr4_supercontig_000004428,4,1726,481093513,2527233181
GL861148.1,Chr4_supercontig_000004429,4,2006,481095519,2527235187
GL861149.1,Chr4_supercontig_000004430,4,1654,481097173,2527236841
GL861150.1,Chr4_supercontig_000004431,4,2311,481099484,2527239152
GL861151.1,Chr4_supercontig_000004432,4,2431,481101915,2527241583
GL861152.1,Chr4_supercontig_000004433,4,6073,481107988,2527247656
GL861153.1,Chr4_supercontig_000004434,4,1618,481109606,2527249274
GL861154.1,Chr4_supercontig_000004435,4,1858,481111464,2527251132
GL861155.1,Chr4_supercontig_000004436,4,2789,481114253,2527253921
GL861156.1,Chr4_supercontig_000004437,4,2019,481116272,2527255940
GL861157.1,Chr4_supercontig_000004438,4,2935,481119207,2527258875
GL861158.1,Chr4_supercontig_000004439,4,3457,481122664,2527262332
GL861159.1,Chr4_supercontig_000004440,4,1587,481124251,2527263919
GL861160.1,Chr4_supercontig_000004441,4,1832,481126083,2527265751
GL861161.1,Chr4_supercontig_000004442,4,1605,481127688,2527267356
GL861162.1,Chr4_supercontig_000004443,4,3450,481131138,2527270806
GL861163.1,Chr4_supercontig_000004444,4,1644,481132782,2527272450
GL861164.1,Chr4_supercontig_000004445,4,2139,481134921,2527274589
GL861165.1,Chr4_supercontig_000004446,4,3225,481138146,2527277814
GL861166.1,Chr4_supercontig_000004447,4,2931,481141077,2527280745
GL861167.1,Chr4_supercontig_000004448,4,1875,481142952,2527282620
GL861168.1,Chr4_supercontig_000004449,4,1914,481144866,2527284534
GL861169.1,Chr4_supercontig_000004450,4,1873,481146739,2527286407
GL861170.1,Chr4_supercontig_000004451,4,2090,481148829,2527288497
GL861171.1,Chr4_supercontig_000004452,4,2439,481151268,2527290936
GL861172.1,Chr4_supercontig_000004453,4,2230,481153498,2527293166
GL861173.1,Chr4_supercontig_000004454,4,3068,481156566,2527296234
GL861174.1,Chr4_supercontig_000004455,4,1632,481158198,2527297866
GL861175.1,Chr4_supercontig_000004456,4,3037,481161235,2527300903
GL861176.1,Chr4_supercontig_000004457,4,1987,481163222,2527302890
GL861177.1,Chr4_supercontig_000004458,4,2295,481165517,2527305185
GL861178.1,Chr4_supercontig_000004459,4,1884,481167401,2527307069
GL861179.1,Chr4_supercontig_000004460,4,1930,481169331,2527308999
GL861180.1,Chr4_supercontig_000004461,4,3098,481172429,2527312097
GL861181.1,Chr4_supercontig_000004462,4,2140,481174569,2527314237
GL861182.1,Chr4_supercontig_000004463,4,13651,481188220,2527327888
GL861183.1,Chr4_supercontig_000004464,4,11523,481199743,2527339411
GL861184.1,Chr4_supercontig_000004465,4,5323,481205066,2527344734
GL861185.1,Chr4_supercontig_000004466,4,5783,481210849,2527350517
GL861186.1,Chr4_supercontig_000004467,4,4006,481214855,2527354523
GL861187.1,Chr4_supercontig_000004468,4,2684,481217539,2527357207
GL861188.1,Chr4_supercontig_000004469,4,3126,481220665,2527360333
GL861189.1,Chr4_supercontig_000004470,4,5594,481226259,2527365927
GL861190.1,Chr4_supercontig_000004471,4,4269,481230528,2527370196
GL861191.1,Chr4_supercontig_000004472,4,3560,481234088,2527373756
GL861192.1,Chr4_supercontig_000004473,4,11369,481245457,2527385125
GL861193.1,Chr4_supercontig_000004474,4,7603,481253060,2527392728
GL861194.1,Chr4_supercontig_000004475,4,12149,481265209,2527404877
GL861195.1,Chr4_supercontig_000004476,4,8224,481273433,2527413101
GL861196.1,Chr4_supercontig_000004477,4,10478,481283911,2527423579
GL861197.1,Chr4_supercontig_000004478,4,7874,481291785,2527431453
GL861198.1,Chr4_supercontig_000004479,4,9245,481301030,2527440698
GL861199.1,Chr4_supercontig_000004480,4,1614,481302644,2527442312
GL861200.1,Chr4_supercontig_000004481,4,9090,481311734,2527451402
GL861201.1,Chr4_supercontig_000004482,4,1691,481313425,2527453093
GL861202.1,Chr4_supercontig_000004483,4,2585,481316010,2527455678
GL861203.1,Chr4_supercontig_000004484,4,6945,481322955,2527462623
GL861204.1,Chr4_supercontig_000004485,4,2697,481325652,2527465320
GL861205.1,Chr4_supercontig_000004486,4,5880,481331532,2527471200
GL861206.1,Chr4_supercontig_000004487,4,5050,481336582,2527476250
GL861207.1,Chr4_supercontig_000004488,4,3142,481339724,2527479392
GL861208.1,Chr4_supercontig_000004489,4,2953,481342677,2527482345
GL861209.1,Chr4_supercontig_000004490,4,2740,481345417,2527485085
GL861210.1,Chr4_supercontig_000004491,4,3438,481348855,2527488523
GL861211.1,Chr4_supercontig_000004492,4,8332,481357187,2527496855
GL861212.1,Chr4_supercontig_000004493,4,3958,481361145,2527500813
GL861213.1,Chr4_supercontig_000004494,4,3028,481364173,2527503841
GL861214.1,Chr4_supercontig_000004495,4,2614,481366787,2527506455
GL861215.1,Chr4_supercontig_000004496,4,1750,481368537,2527508205
GL861216.1,Chr4_supercontig_000004497,4,3335,481371872,2527511540
GL861217.1,Chr4_supercontig_000004498,4,3051,481374923,2527514591
GL861218.1,Chr4_supercontig_000004499,4,1521,481376444,2527516112
GL861219.1,Chr4_supercontig_000004500,4,2726,481379170,2527518838
GL861220.1,Chr4_supercontig_000004501,4,2232,481381402,2527521070
GL861221.1,Chr4_supercontig_000004502,4,3018,481384420,2527524088
GL861222.1,Chr4_supercontig_000004503,4,1907,481386327,2527525995
GL861223.1,Chr4_supercontig_000004504,4,3129,481389456,2527529124
GL861224.1,Chr4_supercontig_000004505,4,3051,481392507,2527532175
GL861225.1,Chr4_supercontig_000004506,4,2820,481395327,2527534995
GL861226.1,Chr4_supercontig_000004507,4,12116,481407443,2527547111
GL861227.1,Chr4_supercontig_000004508,4,2721,481410164,2527549832
GL861228.1,Chr4_supercontig_000004509,4,1666,481411830,2527551498
GL861229.1,Chr4_supercontig_000004510,4,2409,481414239,2527553907
GL861230.1,Chr4_supercontig_000004511,4,3121,481417360,2527557028
GL861231.1,Chr4_supercontig_000004512,4,2255,481419615,2527559283
GL861232.1,Chr4_supercontig_000004513,4,3998,481423613,2527563281
GL861233.1,Chr4_supercontig_000004514,4,2924,481426537,2527566205
GL861234.1,Chr4_supercontig_000004515,4,3826,481430363,2527570031
GL861235.1,Chr4_supercontig_000004516,4,2571,481432934,2527572602
GL861236.1,Chr4_supercontig_000004517,4,11342,481444276,2527583944
GL861237.1,Chr4_supercontig_000004518,4,12940,481457216,2527596884
GL861238.1,Chr4_supercontig_000004519,4,18633,481475849,2527615517
GL861239.1,Chr4_supercontig_000004520,4,17591,481493440,2527633108
GL861240.1,Chr4_supercontig_000004521,4,5145,481498585,2527638253
GL861241.1,Chr4_supercontig_000004522,4,7258,481505843,2527645511
GL861242.1,Chr4_supercontig_000004523,4,13641,481519484,2527659152
GL861243.1,Chr4_supercontig_000004524,4,4853,481524337,2527664005
GL861244.1,Chr4_supercontig_000004525,4,31981,481556318,2527695986
GL861245.1,Chr4_supercontig_000004526,4,18982,481575300,2527714968
GL861246.1,Chr4_supercontig_000004527,4,9358,481584658,2527724326
GL861247.1,Chr4_supercontig_000004528,4,30338,481614996,2527754664
GL861248.1,Chr4_supercontig_000004529,4,4808,481619804,2527759472
GL861249.1,Chr4_supercontig_000004530,4,2322,481622126,2527761794
GL861250.1,Chr4_supercontig_000004531,4,2838,481624964,2527764632
GL861251.1,Chr4_supercontig_000004532,4,4844,481629808,2527769476
GL861252.1,Chr4_supercontig_000004533,4,2859,481632667,2527772335
GL861253.1,Chr4_supercontig_000004534,4,25299,481657966,2527797634
GL861254.1,Chr4_supercontig_000004535,4,12148,481670114,2527809782
GL861255.1,Chr4_supercontig_000004536,4,2364,481672478,2527812146
GL861256.1,Chr4_supercontig_000004537,4,2560,481675038,2527814706
GL861257.1,Chr4_supercontig_000004538,4,17591,481692629,2527832297
GL861258.1,Chr4_supercontig_000004539,4,19401,481712030,2527851698
GL861259.1,Chr4_supercontig_000004540,4,8282,481720312,2527859980
GL861260.1,Chr4_supercontig_000004541,4,1858,481722170,2527861838
GL861261.1,Chr4_supercontig_000004542,4,2276,481724446,2527864114
GL861262.1,Chr4_supercontig_000004543,4,3149,481727595,2527867263
GL861263.1,Chr4_supercontig_000004544,4,13969,481741564,2527881232
GL861264.1,Chr4_supercontig_000004545,4,11896,481753460,2527893128
GL861265.1,Chr4_supercontig_000004546,4,9583,481763043,2527902711
GL861266.1,Chr4_supercontig_000004547,4,5992,481769035,2527908703
GL861267.1,Chr4_supercontig_000004548,4,3826,481772861,2527912529
GL861268.1,Chr4_supercontig_000004549,4,9798,481782659,2527922327
GL861269.1,Chr4_supercontig_000004550,4,5472,481788131,2527927799
GL861270.1,Chr4_supercontig_000004551,4,5733,481793864,2527933532
GL861271.1,Chr4_supercontig_000004552,4,5071,481798935,2527938603
GL861272.1,Chr4_supercontig_000004553,4,5535,481804470,2527944138
GL861273.1,Chr4_supercontig_000004554,4,8639,481813109,2527952777
GL861274.1,Chr4_supercontig_000004555,4,8634,481821743,2527961411
GL861275.1,Chr4_supercontig_000004556,4,11074,481832817,2527972485
GL861276.1,Chr4_supercontig_000004557,4,10134,481842951,2527982619
GL861277.1,Chr4_supercontig_000004558,4,9174,481852125,2527991793
GL861278.1,Chr4_supercontig_000004559,4,6656,481858781,2527998449
GL861279.1,Chr4_supercontig_000004560,4,5642,481864423,2528004091
GL861280.1,Chr4_supercontig_000004561,4,17098,481881521,2528021189
GL861281.1,Chr4_supercontig_000004562,4,5383,481886904,2528026572
GL861282.1,Chr4_supercontig_000004563,4,6250,481893154,2528032822
GL861283.1,Chr4_supercontig_000004564,4,11988,481905142,2528044810
GL861284.1,Chr4_supercontig_000004565,4,8176,481913318,2528052986
GL861285.1,Chr4_supercontig_000004566,4,6526,481919844,2528059512
GL861286.1,Chr4_supercontig_000004567,4,5261,481925105,2528064773
GL861287.1,Chr4_supercontig_000004568,4,6471,481931576,2528071244
GL861288.1,Chr4_supercontig_000004569,4,10196,481941772,2528081440
GL861289.1,Chr4_supercontig_000004570,4,23043,481964815,2528104483
GL861290.1,Chr4_supercontig_000004571,4,8636,481973451,2528113119
GL861291.1,Chr4_supercontig_000004572,4,15049,481988500,2528128168
GL861292.1,Chr4_supercontig_000004573,4,10056,481998556,2528138224
GL861293.1,Chr4_supercontig_000004574,4,17131,482015687,2528155355
GL861294.1,Chr4_supercontig_000004575,4,5741,482021428,2528161096
GL861295.1,Chr4_supercontig_000004576,4,5198,482026626,2528166294
GL861296.1,Chr4_supercontig_000004577,4,8227,482034853,2528174521
GL861297.1,Chr4_supercontig_000004578,4,5041,482039894,2528179562
GL861298.1,Chr4_supercontig_000004579,4,5502,482045396,2528185064
GL861299.1,Chr4_supercontig_000004580,4,6505,482051901,2528191569
GL861300.1,Chr4_supercontig_000004581,4,7803,482059704,2528199372
GL861301.1,Chr4_supercontig_000004582,4,14041,482073745,2528213413
GL861302.1,Chr4_supercontig_000004583,4,11948,482085693,2528225361
GL861303.1,Chr4_supercontig_000004584,4,12751,482098444,2528238112
GL861304.1,Chr4_supercontig_000004585,4,12881,482111325,2528250993
GL861305.1,Chr4_supercontig_000004586,4,10607,482121932,2528261600
GL861306.1,Chr4_supercontig_000004587,4,5084,482127016,2528266684
GL861307.1,Chr4_supercontig_000004588,4,15556,482142572,2528282240
GL861308.1,Chr4_supercontig_000004589,4,6959,482149531,2528289199
GL861309.1,Chr4_supercontig_000004590,4,9573,482159104,2528298772
GL861310.1,Chr4_supercontig_000004591,4,13007,482172111,2528311779
GL861311.1,Chr4_supercontig_000004592,4,24537,482196648,2528336316
GL861312.1,Chr4_supercontig_000004593,4,7502,482204150,2528343818
GL861313.1,Chr4_supercontig_000004594,4,6974,482211124,2528350792
GL861314.1,Chr4_supercontig_000004595,4,13865,482224989,2528364657
GL861315.1,Chr4_supercontig_000004596,4,5216,482230205,2528369873
GL861316.1,Chr4_supercontig_000004597,4,37622,482267827,2528407495
GL861317.1,Chr4_supercontig_000004598,4,9549,482277376,2528417044
GL861318.1,Chr4_supercontig_000004599,4,41732,482319108,2528458776
GL861319.1,Chr4_supercontig_000004600,4,13221,482332329,2528471997
GL861320.1,Chr4_supercontig_000004601,4,8731,482341060,2528480728
GL861321.1,Chr4_supercontig_000004602,4,15782,482356842,2528496510
GL861322.1,Chr4_supercontig_000004603,4,11659,482368501,2528508169
GL861323.1,Chr4_supercontig_000004604,4,8402,482376903,2528516571
GL861324.1,Chr4_supercontig_000004605,4,5599,482382502,2528522170
GL861325.1,Chr4_supercontig_000004606,4,19770,482402272,2528541940
GL861326.1,Chr4_supercontig_000004607,4,5463,482407735,2528547403
GL861327.1,Chr4_supercontig_000004608,4,5153,482412888,2528552556
GL861328.1,Chr4_supercontig_000004609,4,5133,482418021,2528557689
GL861329.1,Chr4_supercontig_000004610,4,5979,482424000,2528563668
GL861330.1,Chr4_supercontig_000004611,4,5224,482429224,2528568892
GL861331.1,Chr4_supercontig_000004612,4,5847,482435071,2528574739
GL861332.1,Chr4_supercontig_000004613,4,10328,482445399,2528585067
GL861333.1,Chr4_supercontig_000004614,4,3720,482449119,2528588787
GL861334.1,Chr4_supercontig_000004615,4,1983,482451102,2528590770
GL861335.1,Chr4_supercontig_000004616,4,1622,482452724,2528592392
GL861336.1,Chr4_supercontig_000004617,4,1980,482454704,2528594372
GL861337.1,Chr4_supercontig_000004618,4,1748,482456452,2528596120
GL861338.1,Chr4_supercontig_000004619,4,1616,482458068,2528597736
GL861339.1,Chr4_supercontig_000004620,4,1570,482459638,2528599306
GL861340.1,Chr4_supercontig_000004621,4,1627,482461265,2528600933
GL861341.1,Chr4_supercontig_000004622,4,1652,482462917,2528602585
GL861342.1,Chr4_supercontig_000004623,4,1650,482464567,2528604235
GL861343.1,Chr4_supercontig_000004624,4,2661,482467228,2528606896
GL861344.1,Chr4_supercontig_000004625,4,2746,482469974,2528609642
GL861345.1,Chr4_supercontig_000004626,4,2519,482472493,2528612161
GL861346.1,Chr4_supercontig_000004627,4,2142,482474635,2528614303
GL861347.1,Chr4_supercontig_000004628,4,1831,482476466,2528616134
GL861348.1,Chr4_supercontig_000004629,4,2119,482478585,2528618253
GL861349.1,Chr4_supercontig_000004630,4,1626,482480211,2528619879
GL861350.1,Chr4_supercontig_000004631,4,1552,482481763,2528621431
GL861351.1,Chr4_supercontig_000004632,4,1816,482483579,2528623247
GL861352.1,Chr4_supercontig_000004633,4,1601,482485180,2528624848
GL861353.1,Chr4_supercontig_000004634,4,1645,482486825,2528626493
GL861354.1,Chr4_supercontig_000004635,4,2203,482489028,2528628696
GL861355.1,Chr4_supercontig_000004636,4,2053,482491081,2528630749
GL861356.1,Chr4_supercontig_000004637,4,2463,482493544,2528633212
GL861357.1,Chr4_supercontig_000004638,4,2664,482496208,2528635876
GL861358.1,Chr4_supercontig_000004639,4,1766,482497974,2528637642
GL861359.1,Chr4_supercontig_000004640,4,1565,482499539,2528639207
GL861360.1,Chr4_supercontig_000004641,4,2519,482502058,2528641726
GL861361.1,Chr4_supercontig_000004642,4,2760,482504818,2528644486
GL861362.1,Chr4_supercontig_000004643,4,2003,482506821,2528646489
GL861363.1,Chr4_supercontig_000004644,4,1712,482508533,2528648201
GL861364.1,Chr4_supercontig_000004645,4,1567,482510100,2528649768
GL861365.1,Chr4_supercontig_000004646,4,1545,482511645,2528651313
GL861366.1,Chr4_supercontig_000004647,4,2100,482513745,2528653413
GL861367.1,Chr4_supercontig_000004648,4,1543,482515288,2528654956
GL861368.1,Chr4_supercontig_000004649,4,2059,482517347,2528657015
GL861369.1,Chr4_supercontig_000004650,4,1668,482519015,2528658683
GL861370.1,Chr4_supercontig_000004651,4,1851,482520866,2528660534
GL861371.1,Chr4_supercontig_000004652,4,2326,482523192,2528662860
GL861372.1,Chr4_supercontig_000004653,4,1603,482524795,2528664463
GL861373.1,Chr4_supercontig_000004654,4,3850,482528645,2528668313
GL861374.1,Chr4_supercontig_000004655,4,1856,482530501,2528670169
GL861375.1,Chr4_supercontig_000004656,4,1620,482532121,2528671789
GL861376.1,Chr4_supercontig_000004657,4,1881,482534002,2528673670
GL861377.1,Chr4_supercontig_000004658,4,1566,482535568,2528675236
GL861378.1,Chr4_supercontig_000004659,4,1643,482537211,2528676879
GL861379.1,Chr4_supercontig_000004660,4,3417,482540628,2528680296
GL861380.1,Chr4_supercontig_000004661,4,1588,482542216,2528681884
GL861381.1,Chr4_supercontig_000004662,4,1820,482544036,2528683704
GL861382.1,Chr4_supercontig_000004663,4,1636,482545672,2528685340
GL861383.1,Chr4_supercontig_000004664,4,2565,482548237,2528687905
GL861384.1,Chr4_supercontig_000004665,4,1776,482550013,2528689681
GL861385.1,Chr4_supercontig_000004666,4,1507,482551520,2528691188
GL861386.1,Chr4_supercontig_000004667,4,1544,482553064,2528692732
GL861387.1,Chr4_supercontig_000004668,4,2481,482555545,2528695213
GL861388.1,Chr4_supercontig_000004669,4,1570,482557115,2528696783
GL861389.1,Chr4_supercontig_000004670,4,2838,482559953,2528699621
GL861390.1,Chr4_supercontig_000004671,4,1579,482561532,2528701200
GL861391.1,Chr4_supercontig_000004672,4,1846,482563378,2528703046
GL861392.1,Chr4_supercontig_000004673,4,1557,482564935,2528704603
GL861393.1,Chr4_supercontig_000004674,4,1694,482566629,2528706297
GL861394.1,Chr4_supercontig_000004675,4,1661,482568290,2528707958
GL861395.1,Chr4_supercontig_000004676,4,1742,482570032,2528709700
GL861396.1,Chr4_supercontig_000004677,4,1749,482571781,2528711449
GL861397.1,Chr4_supercontig_000004678,4,1722,482573503,2528713171
GL861398.1,Chr4_supercontig_000004679,4,2267,482575770,2528715438
GL861399.1,Chr4_supercontig_000004680,4,1572,482577342,2528717010
GL861400.1,Chr4_supercontig_000004681,4,1587,482578929,2528718597
GL861401.1,Chr4_supercontig_000004682,4,1567,482580496,2528720164
GL861402.1,Chr4_supercontig_000004683,4,1776,482582272,2528721940
GL861403.1,Chr4_supercontig_000004684,4,1630,482583902,2528723570
GL861404.1,Chr4_supercontig_000004685,4,1504,482585406,2528725074
GL861405.1,Chr4_supercontig_000004686,4,1611,482587017,2528726685
GL861406.1,Chr4_supercontig_000004687,4,1645,482588662,2528728330
GL861407.1,Chr4_supercontig_000004688,4,4985,482593647,2528733315
GL861408.1,Chr4_supercontig_000004689,4,2284,482595931,2528735599
GL861409.1,Chr4_supercontig_000004690,4,1654,482597585,2528737253
GL861410.1,Chr4_supercontig_000004691,4,1877,482599462,2528739130
GL861411.1,Chr4_supercontig_000004692,4,2172,482601634,2528741302
GL861412.1,Chr4_supercontig_000004693,4,1625,482603259,2528742927
GL861413.1,Chr4_supercontig_000004694,4,1924,482605183,2528744851
GL861414.1,Chr4_supercontig_000004695,4,1589,482606772,2528746440
GL861415.1,Chr4_supercontig_000004696,4,7520,482614292,2528753960
GL861416.1,Chr4_supercontig_000004697,4,1761,482616053,2528755721
GL861417.1,Chr4_supercontig_000004698,4,1929,482617982,2528757650
GL861418.1,Chr4_supercontig_000004699,4,1842,482619824,2528759492
GL861419.1,Chr4_supercontig_000004700,4,2004,482621828,2528761496
GL861420.1,Chr4_supercontig_000004701,4,1793,482623621,2528763289
GL861421.1,Chr4_supercontig_000004702,4,1595,482625216,2528764884
GL861422.1,Chr4_supercontig_000004703,4,2141,482627357,2528767025
GL861423.1,Chr4_supercontig_000004704,4,2413,482629770,2528769438
GL861424.1,Chr4_supercontig_000004705,4,1803,482631573,2528771241
GL861425.1,Chr4_supercontig_000004706,4,1776,482633349,2528773017
GL861426.1,Chr4_supercontig_000004707,4,2535,482635884,2528775552
GL861427.1,Chr4_supercontig_000004708,4,1883,482637767,2528777435
GL861428.1,Chr4_supercontig_000004709,4,1687,482639454,2528779122
GL861429.1,Chr4_supercontig_000004710,4,2206,482641660,2528781328
GL861430.1,Chr4_supercontig_000004711,4,2234,482643894,2528783562
GL861431.1,Chr4_supercontig_000004712,4,1661,482645555,2528785223
GL861432.1,Chr4_supercontig_000004713,4,2347,482647902,2528787570
GL861433.1,Chr4_supercontig_000004714,4,1603,482649505,2528789173
GL861434.1,Chr4_supercontig_000004715,4,1519,482651024,2528790692
GL861435.1,Chr4_supercontig_000004716,4,1594,482652618,2528792286
GL861436.1,Chr4_supercontig_000004717,4,1623,482654241,2528793909
GL861437.1,Chr4_supercontig_000004718,4,1576,482655817,2528795485
GL861438.1,Chr4_supercontig_000004719,4,1516,482657333,2528797001
GL861439.1,Chr4_supercontig_000004720,4,2292,482659625,2528799293
GL861440.1,Chr4_supercontig_000004721,4,1733,482661358,2528801026
GL861441.1,Chr4_supercontig_000004722,4,2668,482664026,2528803694
GL861442.1,Chr4_supercontig_000004723,4,1570,482665596,2528805264
GL861443.1,Chr4_supercontig_000004724,4,1915,482667511,2528807179
GL861444.1,Chr4_supercontig_000004725,4,2013,482669524,2528809192
GL861445.1,Chr4_supercontig_000004726,4,2797,482672321,2528811989
GL861446.1,Chr4_supercontig_000004727,4,2366,482674687,2528814355
GL861447.1,Chr4_supercontig_000004728,4,1615,482676302,2528815970
GL861448.1,Chr4_supercontig_000004729,4,1633,482677935,2528817603
GL861449.1,Chr4_supercontig_000004730,4,1593,482679528,2528819196
GL861450.1,Chr4_supercontig_000004731,4,1521,482681049,2528820717
GL861451.1,Chr4_supercontig_000004732,4,1705,482682754,2528822422
GL861452.1,Chr4_supercontig_000004733,4,1817,482684571,2528824239
GL861453.1,Chr4_supercontig_000004734,4,1514,482686085,2528825753
GL861454.1,Chr4_supercontig_000004735,4,1548,482687633,2528827301
GL861455.1,Chr4_supercontig_000004736,4,1681,482689314,2528828982
GL861456.1,Chr4_supercontig_000004737,4,1681,482690995,2528830663
GL861457.1,Chr4_supercontig_000004738,4,1535,482692530,2528832198
GL861458.1,Chr4_supercontig_000004739,4,1593,482694123,2528833791
GL861459.1,Chr4_supercontig_000004740,4,2142,482696265,2528835933
GL861460.1,Chr4_supercontig_000004741,4,1750,482698015,2528837683
GL861461.1,Chr4_supercontig_000004742,4,1723,482699738,2528839406
GL861462.1,Chr4_supercontig_000004743,4,1539,482701277,2528840945
GL861463.1,Chr4_supercontig_000004744,4,1965,482703242,2528842910
GL861464.1,Chr4_supercontig_000004745,4,1727,482704969,2528844637
GL861465.1,Chr4_supercontig_000004746,4,1699,482706668,2528846336
GL861466.1,Chr4_supercontig_000004747,4,2065,482708733,2528848401
GL861467.1,Chr4_supercontig_000004748,4,2219,482710952,2528850620
GL861468.1,Chr4_supercontig_000004749,4,2238,482713190,2528852858
GL861469.1,Chr4_supercontig_000004750,4,1646,482714836,2528854504
GL861470.1,Chr4_supercontig_000004751,4,1732,482716568,2528856236
GL861471.1,Chr4_supercontig_000004752,4,2241,482718809,2528858477
GL861472.1,Chr4_supercontig_000004753,4,1867,482720676,2528860344
GL861473.1,Chr4_supercontig_000004754,4,17113,482737789,2528877457
GL861474.1,Chr4_supercontig_000004755,4,3629,482741418,2528881086
GL861475.1,Chr4_supercontig_000004756,4,1549,482742967,2528882635
GL861476.1,Chr4_supercontig_000004757,4,1501,482744468,2528884136
GL861477.1,Chr4_supercontig_000004758,4,16679,482761147,2528900815
GL861478.1,Chr4_supercontig_000004759,4,3795,482764942,2528904610
GL861479.1,Chr4_supercontig_000004760,4,1516,482766458,2528906126
GL861480.1,Chr4_supercontig_000004761,4,3602,482770060,2528909728
GL861481.1,Chr4_supercontig_000004762,4,1881,482771941,2528911609
GL861482.1,Chr4_supercontig_000004763,4,2899,482774840,2528914508
GL861483.1,Chr4_supercontig_000004764,4,3740,482778580,2528918248
GL861484.1,Chr4_supercontig_000004765,4,2482,482781062,2528920730
GL861485.1,Chr4_supercontig_000004766,4,3634,482784696,2528924364
GL861486.1,Chr4_supercontig_000004767,4,1829,482786525,2528926193
GL861487.1,Chr4_supercontig_000004768,4,1755,482788280,2528927948
GL861488.1,Chr4_supercontig_000004769,4,4868,482793148,2528932816
GL861489.1,Chr4_supercontig_000004770,4,5279,482798427,2528938095
GL861490.1,Chr4_supercontig_000004771,4,2033,482800460,2528940128
GL861491.1,Chr4_supercontig_000004772,4,1633,482802093,2528941761
GL861492.1,Chr4_supercontig_000004773,4,3985,482806078,2528945746
GL861493.1,Chr4_supercontig_000004774,4,2754,482808832,2528948500
GL861494.1,Chr4_supercontig_000004775,4,2087,482810919,2528950587
GL861495.1,Chr4_supercontig_000004776,4,2337,482813256,2528952924
GL861496.1,Chr4_supercontig_000004777,4,2311,482815567,2528955235
GL861497.1,Chr4_supercontig_000004778,4,1762,482817329,2528956997
GL861498.1,Chr4_supercontig_000004779,4,2930,482820259,2528959927
GL861499.1,Chr4_supercontig_000004780,4,3267,482823526,2528963194
GL861500.1,Chr4_supercontig_000004781,4,5919,482829445,2528969113
GL861501.1,Chr4_supercontig_000004782,4,1992,482831437,2528971105
GL861502.1,Chr4_supercontig_000004783,4,3466,482834903,2528974571
GL861503.1,Chr4_supercontig_000004784,4,2086,482836989,2528976657
GL861504.1,Chr4_supercontig_000004785,4,2195,482839184,2528978852
GL861505.1,Chr4_supercontig_000004786,4,3578,482842762,2528982430
GL861506.1,Chr4_supercontig_000004787,4,1670,482844432,2528984100
GL861507.1,Chr4_supercontig_000004788,4,1813,482846245,2528985913
GL861508.1,Chr4_supercontig_000004789,4,1638,482847883,2528987551
GL861509.1,Chr4_supercontig_000004790,4,1933,482849816,2528989484
GL861510.1,Chr4_supercontig_000004791,4,2222,482852038,2528991706
GL861511.1,Chr4_supercontig_000004792,4,1831,482853869,2528993537
GL861512.1,Chr4_supercontig_000004793,4,1798,482855667,2528995335
GL861513.1,Chr4_supercontig_000004794,4,1971,482857638,2528997306
GL861514.1,Chr4_supercontig_000004795,4,4246,482861884,2529001552
GL861515.1,Chr4_supercontig_000004796,4,1637,482863521,2529003189
GL861516.1,Chr4_supercontig_000004797,4,3132,482866653,2529006321
GL861517.1,Chr4_supercontig_000004798,4,2570,482869223,2529008891
GL861518.1,Chr4_supercontig_000004799,4,2246,482871469,2529011137
GL861519.1,Chr4_supercontig_000004800,4,4440,482875909,2529015577
GL861520.1,Chr4_supercontig_000004801,4,1802,482877711,2529017379
GL861521.1,Chr4_supercontig_000004802,4,2020,482879731,2529019399
GL861522.1,Chr4_supercontig_000004803,4,1587,482881318,2529020986
GL861523.1,Chr4_supercontig_000004804,4,1643,482882961,2529022629
GL861524.1,Chr4_supercontig_000004805,4,1990,482884951,2529024619
GL861525.1,Chr4_supercontig_000004806,4,1680,482886631,2529026299
GL861526.1,Chr4_supercontig_000004807,4,1849,482888480,2529028148
GL861527.1,Chr4_supercontig_000004808,4,2830,482891310,2529030978
GL861528.1,Chr4_supercontig_000004809,4,1809,482893119,2529032787
GL861529.1,Chr4_supercontig_000004810,4,1596,482894715,2529034383
GL861530.1,Chr4_supercontig_000004811,4,1687,482896402,2529036070
GL861531.1,Chr4_supercontig_000004812,4,2142,482898544,2529038212
GL861532.1,Chr4_supercontig_000004813,4,1517,482900061,2529039729
GL861533.1,Chr4_supercontig_000004814,4,3575,482903636,2529043304
GL861534.1,Chr4_supercontig_000004815,4,3327,482906963,2529046631
GL861535.1,Chr4_supercontig_000004816,4,2091,482909054,2529048722
GL861536.1,Chr5_supercontig_000000000,5,2816,2816,2529051538
GL861537.1,Chr5_supercontig_000000001,5,274465,277281,2529326003
GL861538.1,Chr5_supercontig_000000002,5,1634,278915,2529327637
GL861539.1,Chr5_supercontig_000000003,5,39799,318714,2529367436
GL861540.1,Chr5_supercontig_000000004,5,123314,442028,2529490750
GL861541.1,Chr5_supercontig_000000005,5,1744139,2186167,2531234889
GL861542.1,Chr5_supercontig_000000006,5,2478858,4665025,2533713747
GL861543.1,Chr5_supercontig_000000007,5,329676,4994701,2534043423
GL861544.1,Chr5_supercontig_000000008,5,788343,5783044,2534831766
GL861545.1,Chr5_supercontig_000000009,5,914773,6697817,2535746539
GL861546.1,Chr5_supercontig_000000010,5,720570,7418387,2536467109
GL861547.1,Chr5_supercontig_000000011,5,795745,8214132,2537262854
GL861548.1,Chr5_supercontig_000000012,5,961578,9175710,2538224432
GL861549.1,Chr5_supercontig_000000013,5,295427,9471137,2538519859
GL861550.1,Chr5_supercontig_000000014,5,1720853,11191990,2540240712
GL861551.1,Chr5_supercontig_000000015,5,219838,11411828,2540460550
GL861552.1,Chr5_supercontig_000000016,5,61303,11473131,2540521853
GL861553.1,Chr5_supercontig_000000017,5,259988,11733119,2540781841
GL861554.1,Chr5_supercontig_000000018,5,179999,11913118,2540961840
GL861555.1,Chr5_supercontig_000000019,5,177937,12091055,2541139777
GL861556.1,Chr5_supercontig_000000020,5,813753,12904808,2541953530
GL861557.1,Chr5_supercontig_000000021,5,1087523,13992331,2543041053
GL861558.1,Chr5_supercontig_000000022,5,922990,14915321,2543964043
GL861559.1,Chr5_supercontig_000000023,5,135721,15051042,2544099764
GL861560.1,Chr5_supercontig_000000024,5,444511,15495553,2544544275
GL861561.1,Chr5_supercontig_000000025,5,386211,15881764,2544930486
GL861562.1,Chr5_supercontig_000000026,5,465149,16346913,2545395635
GL861563.1,Chr5_supercontig_000000027,5,241963,16588876,2545637598
GL861564.1,Chr5_supercontig_000000028,5,530993,17119869,2546168591
GL861565.1,Chr5_supercontig_000000029,5,1407572,18527441,2547576163
GL861566.1,Chr5_supercontig_000000030,5,1228560,19756001,2548804723
GL861567.1,Chr5_supercontig_000000031,5,168359,19924360,2548973082
GL861568.1,Chr5_supercontig_000000032,5,141590,20065950,2549114672
GL861569.1,Chr5_supercontig_000000033,5,283551,20349501,2549398223
GL861570.1,Chr5_supercontig_000000034,5,659826,21009327,2550058049
GL861571.1,Chr5_supercontig_000000035,5,97235,21106562,2550155284
GL861572.1,Chr5_supercontig_000000036,5,229067,21335629,2550384351
GL861573.1,Chr5_supercontig_000000037,5,513218,21848847,2550897569
GL861574.1,Chr5_supercontig_000000038,5,101719,21950566,2550999288
GL861575.1,Chr5_supercontig_000000039,5,49592,22000158,2551048880
GL861576.1,Chr5_supercontig_000000040,5,206436,22206594,2551255316
GL861577.1,Chr5_supercontig_000000041,5,348612,22555206,2551603928
GL861578.1,Chr5_supercontig_000000042,5,467101,23022307,2552071029
GL861579.1,Chr5_supercontig_000000043,5,1298582,24320889,2553369611
GL861580.1,Chr5_supercontig_000000044,5,1293888,25614777,2554663499
GL861581.1,Chr5_supercontig_000000045,5,1262729,26877506,2555926228
GL861582.1,Chr5_supercontig_000000046,5,2032391,28909897,2557958619
GL861583.1,Chr5_supercontig_000000047,5,137493,29047390,2558096112
GL861584.1,Chr5_supercontig_000000048,5,147244,29194634,2558243356
GL861585.1,Chr5_supercontig_000000049,5,1010909,30205543,2559254265
GL861586.1,Chr5_supercontig_000000050,5,1756991,31962534,2561011256
GL861587.1,Chr5_supercontig_000000051,5,206995,32169529,2561218251
GL861588.1,Chr5_supercontig_000000052,5,173727,32343256,2561391978
GL861589.1,Chr5_supercontig_000000053,5,708562,33051818,2562100540
GL861590.1,Chr5_supercontig_000000054,5,1092056,34143874,2563192596
GL861591.1,Chr5_supercontig_000000055,5,1983404,36127278,2565176000
GL861592.1,Chr5_supercontig_000000056,5,146580,36273858,2565322580
GL861593.1,Chr5_supercontig_000000057,5,1700640,37974498,2567023220
GL861594.1,Chr5_supercontig_000000058,5,2007845,39982343,2569031065
GL861595.1,Chr5_supercontig_000000059,5,445237,40427580,2569476302
GL861596.1,Chr5_supercontig_000000060,5,323953,40751533,2569800255
GL861597.1,Chr5_supercontig_000000061,5,1324228,42075761,2571124483
GL861598.1,Chr5_supercontig_000000062,5,3210766,45286527,2574335249
GL861599.1,Chr5_supercontig_000000063,5,1535227,46821754,2575870476
GL861600.1,Chr5_supercontig_000000064,5,1682309,48504063,2577552785
GL861601.1,Chr5_supercontig_000000065,5,550856,49054919,2578103641
GL861602.1,Chr5_supercontig_000000066,5,1412252,50467171,2579515893
GL861603.1,Chr5_supercontig_000000067,5,494791,50961962,2580010684
GL861604.1,Chr5_supercontig_000000068,5,691137,51653099,2580701821
GL861605.1,Chr5_supercontig_000000069,5,4663532,56316631,2585365353
GL861606.1,Chr5_supercontig_000000070,5,2193935,58510566,2587559288
GL861607.1,Chr5_supercontig_000000071,5,1668262,60178828,2589227550
GL861608.1,Chr5_supercontig_000000072,5,4038658,64217486,2593266208
GL861609.1,Chr5_supercontig_000000073,5,859557,65077043,2594125765
GL861610.1,Chr5_supercontig_000000074,5,2602482,67679525,2596728247
GL861611.1,Chr5_supercontig_000000075,5,1158804,68838329,2597887051
GL861612.1,Chr5_supercontig_000000076,5,2969707,71808036,2600856758
GL861613.1,Chr5_supercontig_000000077,5,1111285,72919321,2601968043
GL861614.1,Chr5_supercontig_000000078,5,2013415,74932736,2603981458
GL861615.1,Chr5_supercontig_000000079,5,598363,75531099,2604579821
GL861616.1,Chr5_supercontig_000000080,5,1134092,76665191,2605713913
GL861617.1,Chr5_supercontig_000000081,5,2330022,78995213,2608043935
GL861618.1,Chr5_supercontig_000000082,5,2107134,81102347,2610151069
GL861619.1,Chr5_supercontig_000000083,5,1015479,82117826,2611166548
GL861620.1,Chr5_supercontig_000000084,5,780250,82898076,2611946798
GL861621.1,Chr5_supercontig_000000085,5,2500431,85398507,2614447229
GL861622.1,Chr5_supercontig_000000086,5,1352410,86750917,2615799639
GL861623.1,Chr5_supercontig_000000087,5,3631603,90382520,2619431242
GL861624.1,Chr5_supercontig_000000088,5,1533495,91916015,2620964737
GL861625.1,Chr5_supercontig_000000089,5,95275,92011290,2621060012
GL861626.1,Chr5_supercontig_000000090,5,115649,92126939,2621175661
GL861627.1,Chr5_supercontig_000000091,5,1940161,94067100,2623115822
GL861628.1,Chr5_supercontig_000000092,5,4709404,98776504,2627825226
GL861629.1,Chr5_supercontig_000000093,5,105638,98882142,2627930864
GL861630.1,Chr5_supercontig_000000094,5,2381262,101263404,2630312126
GL861631.1,Chr5_supercontig_000000095,5,229889,101493293,2630542015
GL861632.1,Chr5_supercontig_000000096,5,2253959,103747252,2632795974
GL861633.1,Chr5_supercontig_000000097,5,146030,103893282,2632942004
GL861634.1,Chr5_supercontig_000000098,5,718682,104611964,2633660686
GL861635.1,Chr5_supercontig_000000099,5,365993,104977957,2634026679
GL861636.1,Chr5_supercontig_000000100,5,2827478,107805435,2636854157
GL861637.1,Chr5_supercontig_000000101,5,1002627,108808062,2637856784
GL861638.1,Chr5_supercontig_000000102,5,718548,109526610,2638575332
GL861639.1,Chr5_supercontig_000000103,5,1360730,110887340,2639936062
GL861640.1,Chr5_supercontig_000000104,5,1414514,112301854,2641350576
GL861641.1,Chr5_supercontig_000000105,5,1762298,114064152,2643112874
GL861642.1,Chr5_supercontig_000000106,5,411769,114475921,2643524643
GL861643.1,Chr5_supercontig_000000107,5,94847,114570768,2643619490
GL861644.1,Chr5_supercontig_000000108,5,210709,114781477,2643830199
GL861645.1,Chr5_supercontig_000000109,5,657313,115438790,2644487512
GL861646.1,Chr5_supercontig_000000110,5,4514565,119953355,2649002077
GL861647.1,Chr5_supercontig_000000111,5,4230514,124183869,2653232591
GL861648.1,Chr5_supercontig_000000112,5,459894,124643763,2653692485
GL861649.1,Chr5_supercontig_000000113,5,354483,124998246,2654046968
GL861650.1,Chr5_supercontig_000000114,5,2748936,127747182,2656795904
GL861651.1,Chr5_supercontig_000000115,5,689322,128436504,2657485226
GL861652.1,Chr5_supercontig_000000116,5,3338277,131774781,2660823503
GL861653.1,Chr5_supercontig_000000117,5,2599403,134374184,2663422906
GL861654.1,Chr5_supercontig_000000118,5,1225038,135599222,2664647944
GL861655.1,Chr5_supercontig_000000119,5,4167405,139766627,2668815349
GL861656.1,Chr5_supercontig_000000120,5,2414449,142181076,2671229798
GL861657.1,Chr5_supercontig_000000121,5,317371,142498447,2671547169
GL861658.1,Chr5_supercontig_000000122,5,1008899,143507346,2672556068
GL861659.1,Chr5_supercontig_000000123,5,237210,143744556,2672793278
GL861660.1,Chr5_supercontig_000000124,5,297398,144041954,2673090676
GL861661.1,Chr5_supercontig_000000125,5,2918177,146960131,2676008853
GL861662.1,Chr5_supercontig_000000126,5,148757,147108888,2676157610
GL861663.1,Chr5_supercontig_000000127,5,2683769,149792657,2678841379
GL861664.1,Chr5_supercontig_000000128,5,426865,150219522,2679268244
GL861665.1,Chr5_supercontig_000000129,5,3511641,153731163,2682779885
GL861666.1,Chr5_supercontig_000000130,5,896471,154627634,2683676356
GL861667.1,Chr5_supercontig_000000131,5,778893,155406527,2684455249
GL861668.1,Chr5_supercontig_000000132,5,3376609,158783136,2687831858
GL861669.1,Chr5_supercontig_000000133,5,47154,158830290,2687879012
GL861670.1,Chr5_supercontig_000000134,5,4629241,163459531,2692508253
GL861671.1,Chr5_supercontig_000000135,5,1764959,165224490,2694273212
GL861672.1,Chr5_supercontig_000000136,5,2567488,167791978,2696840700
GL861673.1,Chr5_supercontig_000000137,5,1017967,168809945,2697858667
GL861674.1,Chr5_supercontig_000000138,5,148836,168958781,2698007503
GL861675.1,Chr5_supercontig_000000139,5,2055581,171014362,2700063084
GL861676.1,Chr5_supercontig_000000140,5,804996,171819358,2700868080
GL861677.1,Chr5_supercontig_000000141,5,2990518,174809876,2703858598
GL861678.1,Chr5_supercontig_000000142,5,2383269,177193145,2706241867
GL861679.1,Chr5_supercontig_000000143,5,496448,177689593,2706738315
GL861680.1,Chr5_supercontig_000000144,5,1725096,179414689,2708463411
GL861681.1,Chr5_supercontig_000000145,5,1503628,180918317,2709967039
GL861682.1,Chr5_supercontig_000000146,5,4043509,184961826,2714010548
GL861683.1,Chr5_supercontig_000000147,5,3158609,188120435,2717169157
GL861684.1,Chr5_supercontig_000000148,5,559664,188680099,2717728821
GL861685.1,Chr5_supercontig_000000149,5,485013,189165112,2718213834
GL861686.1,Chr5_supercontig_000000150,5,1824649,190989761,2720038483
GL861687.1,Chr5_supercontig_000000151,5,2059370,193049131,2722097853
GL861688.1,Chr5_supercontig_000000152,5,4757933,197807064,2726855786
GL861689.1,Chr5_supercontig_000000153,5,863088,198670152,2727718874
GL861690.1,Chr5_supercontig_000000154,5,1836333,200506485,2729555207
GL861691.1,Chr5_supercontig_000000155,5,1313207,201819692,2730868414
GL861692.1,Chr5_supercontig_000000156,5,501621,202321313,2731370035
GL861693.1,Chr5_supercontig_000000157,5,2735080,205056393,2734105115
GL861694.1,Chr5_supercontig_000000158,5,849848,205906241,2734954963
GL861695.1,Chr5_supercontig_000000159,5,276257,206182498,2735231220
GL861696.1,Chr5_supercontig_000000160,5,305063,206487561,2735536283
GL861697.1,Chr5_supercontig_000000161,5,2435980,208923541,2737972263
GL861698.1,Chr5_supercontig_000000162,5,4716,208928257,2737976979
GL861699.1,Chr5_supercontig_000000163,5,613920,209542177,2738590899
GL861700.1,Chr5_supercontig_000000164,5,1369269,210911446,2739960168
GL861701.1,Chr5_supercontig_000000165,5,2140575,213052021,2742100743
GL861702.1,Chr5_supercontig_000000166,5,786190,213838211,2742886933
GL861703.1,Chr5_supercontig_000000167,5,3227900,217066111,2746114833
GL861704.1,Chr5_supercontig_000000168,5,917772,217983883,2747032605
GL861705.1,Chr5_supercontig_000000169,5,3800428,221784311,2750833033
GL861706.1,Chr5_supercontig_000000170,5,3887291,225671602,2754720324
GL861707.1,Chr5_supercontig_000000171,5,695353,226366955,2755415677
GL861708.1,Chr5_supercontig_000000172,5,2412392,228779347,2757828069
GL861709.1,Chr5_supercontig_000000173,5,1938096,230717443,2759766165
GL861710.1,Chr5_supercontig_000000174,5,288563,231006006,2760054728
GL861711.1,Chr5_supercontig_000000175,5,359268,231365274,2760413996
GL861712.1,Chr5_supercontig_000000176,5,998399,232363673,2761412395
GL861713.1,Chr5_supercontig_000000177,5,498661,232862334,2761911056
GL861714.1,Chr5_supercontig_000000178,5,1012009,233874343,2762923065
GL861715.1,Chr5_supercontig_000000179,5,1495020,235369363,2764418085
GL861716.1,Chr5_supercontig_000000180,5,825441,236194804,2765243526
GL861717.1,Chr5_supercontig_000000181,5,245864,236440668,2765489390
GL861718.1,Chr5_supercontig_000000182,5,1013625,237454293,2766503015
GL861719.1,Chr5_supercontig_000000183,5,142416,237596709,2766645431
GL861720.1,Chr5_supercontig_000000184,5,802758,238399467,2767448189
GL861721.1,Chr5_supercontig_000000185,5,1896796,240296263,2769344985
GL861722.1,Chr5_supercontig_000000186,5,199325,240495588,2769544310
GL861723.1,Chr5_supercontig_000000187,5,1665128,242160716,2771209438
GL861724.1,Chr5_supercontig_000000188,5,79256,242239972,2771288694
GL861725.1,Chr5_supercontig_000000189,5,168700,242408672,2771457394
GL861726.1,Chr5_supercontig_000000190,5,1198211,243606883,2772655605
GL861727.1,Chr5_supercontig_000000191,5,409623,244016506,2773065228
GL861728.1,Chr5_supercontig_000000192,5,522705,244539211,2773587933
GL861729.1,Chr5_supercontig_000000193,5,1088058,245627269,2774675991
GL861730.1,Chr5_supercontig_000000194,5,807856,246435125,2775483847
GL861731.1,Chr5_supercontig_000000195,5,167972,246603097,2775651819
GL861732.1,Chr5_supercontig_000000196,5,396628,246999725,2776048447
GL861733.1,Chr5_supercontig_000000197,5,19591,247019316,2776068038
GL861734.1,Chr5_supercontig_000000198,5,35968,247055284,2776104006
GL861735.1,Chr5_supercontig_000000199,5,113281,247168565,2776217287
GL861736.1,Chr5_supercontig_000000200,5,12691,247181256,2776229978
GL861737.1,Chr5_supercontig_000000201,5,467544,247648800,2776697522
GL861738.1,Chr5_supercontig_000000202,5,135131,247783931,2776832653
GL861739.1,Chr5_supercontig_000000203,5,33887,247817818,2776866540
GL861740.1,Chr5_supercontig_000000204,5,662867,248480685,2777529407
GL861741.1,Chr5_supercontig_000000205,5,88381,248569066,2777617788
GL861742.1,Chr5_supercontig_000000206,5,257784,248826850,2777875572
GL861743.1,Chr5_supercontig_000000207,5,160841,248987691,2778036413
GL861744.1,Chr5_supercontig_000000208,5,111472,249099163,2778147885
GL861745.1,Chr5_supercontig_000000209,5,40933,249140096,2778188818
GL861746.1,Chr5_supercontig_000000210,5,20157,249160253,2778208975
GL861747.1,Chr5_supercontig_000000211,5,59521,249219774,2778268496
GL861748.1,Chr5_supercontig_000000212,5,119556,249339330,2778388052
GL861749.1,Chr5_supercontig_000000213,5,42029,249381359,2778430081
GL861750.1,Chr5_supercontig_000000214,5,87804,249469163,2778517885
GL861751.1,Chr5_supercontig_000000215,5,123127,249592290,2778641012
GL861752.1,Chr5_supercontig_000000216,5,174373,249766663,2778815385
GL861753.1,Chr5_supercontig_000000217,5,74604,249841267,2778889989
GL861754.1,Chr5_supercontig_000000218,5,147879,249989146,2779037868
GL861755.1,Chr5_supercontig_000000219,5,163000,250152146,2779200868
GL861756.1,Chr5_supercontig_000000220,5,15892,250168038,2779216760
GL861757.1,Chr5_supercontig_000000221,5,119662,250287700,2779336422
GL861758.1,Chr5_supercontig_000000222,5,59165,250346865,2779395587
GL861759.1,Chr5_supercontig_000000223,5,54898,250401763,2779450485
GL861760.1,Chr5_supercontig_000000224,5,39619,250441382,2779490104
GL861761.1,Chr5_supercontig_000000225,5,169268,250610650,2779659372
GL861762.1,Chr5_supercontig_000000226,5,109328,250719978,2779768700
GL861763.1,Chr5_supercontig_000000227,5,51001,250770979,2779819701
GL861764.1,Chr5_supercontig_000000228,5,33605,250804584,2779853306
GL861765.1,Chr5_supercontig_000000229,5,98483,250903067,2779951789
GL861766.1,Chr5_supercontig_000000230,5,11876,250914943,2779963665
GL861767.1,Chr5_supercontig_000000231,5,75636,250990579,2780039301
GL861768.1,Chr5_supercontig_000000232,5,228790,251219369,2780268091
GL861769.1,Chr5_supercontig_000000233,5,276374,251495743,2780544465
GL861770.1,Chr5_supercontig_000000234,5,97719,251593462,2780642184
GL861771.1,Chr5_supercontig_000000235,5,107175,251700637,2780749359
GL861772.1,Chr5_supercontig_000000236,5,51708,251752345,2780801067
GL861773.1,Chr5_supercontig_000000237,5,57283,251809628,2780858350
GL861774.1,Chr5_supercontig_000000238,5,154722,251964350,2781013072
GL861775.1,Chr5_supercontig_000000239,5,65866,252030216,2781078938
GL861776.1,Chr5_supercontig_000000240,5,88022,252118238,2781166960
GL861777.1,Chr5_supercontig_000000241,5,134164,252252402,2781301124
GL861778.1,Chr5_supercontig_000000242,5,161810,252414212,2781462934
GL861779.1,Chr5_supercontig_000000243,5,48124,252462336,2781511058
GL861780.1,Chr5_supercontig_000000244,5,227811,252690147,2781738869
GL861781.1,Chr5_supercontig_000000245,5,33813,252723960,2781772682
GL861782.1,Chr5_supercontig_000000246,5,82615,252806575,2781855297
GL861783.1,Chr5_supercontig_000000247,5,198172,253004747,2782053469
GL861784.1,Chr5_supercontig_000000248,5,32904,253037651,2782086373
GL861785.1,Chr5_supercontig_000000249,5,41340,253078991,2782127713
GL861786.1,Chr5_supercontig_000000250,5,181243,253260234,2782308956
GL861787.1,Chr5_supercontig_000000251,5,35725,253295959,2782344681
GL861788.1,Chr5_supercontig_000000252,5,133114,253429073,2782477795
GL861789.1,Chr5_supercontig_000000253,5,26860,253455933,2782504655
GL861790.1,Chr5_supercontig_000000254,5,189811,253645744,2782694466
GL861791.1,Chr5_supercontig_000000255,5,140507,253786251,2782834973
GL861792.1,Chr5_supercontig_000000256,5,55932,253842183,2782890905
GL861793.1,Chr5_supercontig_000000257,5,38101,253880284,2782929006
GL861794.1,Chr5_supercontig_000000258,5,98181,253978465,2783027187
GL861795.1,Chr5_supercontig_000000259,5,270550,254249015,2783297737
GL861796.1,Chr5_supercontig_000000260,5,106404,254355419,2783404141
GL861797.1,Chr5_supercontig_000000261,5,18262,254373681,2783422403
GL861798.1,Chr5_supercontig_000000262,5,70416,254444097,2783492819
GL861799.1,Chr5_supercontig_000000263,5,52699,254496796,2783545518
GL861800.1,Chr5_supercontig_000000264,5,78226,254575022,2783623744
GL861801.1,Chr5_supercontig_000000265,5,12502,254587524,2783636246
GL861802.1,Chr5_supercontig_000000266,5,217995,254805519,2783854241
GL861803.1,Chr5_supercontig_000000267,5,37340,254842859,2783891581
GL861804.1,Chr5_supercontig_000000268,5,22376,254865235,2783913957
GL861805.1,Chr5_supercontig_000000269,5,228566,255093801,2784142523
GL861806.1,Chr5_supercontig_000000270,5,78182,255171983,2784220705
GL861807.1,Chr5_supercontig_000000271,5,137735,255309718,2784358440
GL861808.1,Chr5_supercontig_000000272,5,103212,255412930,2784461652
GL861809.1,Chr5_supercontig_000000273,5,304032,255716962,2784765684
GL861810.1,Chr5_supercontig_000000274,5,17572,255734534,2784783256
GL861811.1,Chr5_supercontig_000000275,5,115343,255849877,2784898599
GL861812.1,Chr5_supercontig_000000276,5,65963,255915840,2784964562
GL861813.1,Chr5_supercontig_000000277,5,217921,256133761,2785182483
GL861814.1,Chr5_supercontig_000000278,5,136595,256270356,2785319078
GL861815.1,Chr5_supercontig_000000279,5,26268,256296624,2785345346
GL861816.1,Chr5_supercontig_000000280,5,27493,256324117,2785372839
GL861817.1,Chr5_supercontig_000000281,5,130012,256454129,2785502851
GL861818.1,Chr5_supercontig_000000282,5,181983,256636112,2785684834
GL861819.1,Chr5_supercontig_000000283,5,76625,256712737,2785761459
GL861820.1,Chr5_supercontig_000000284,5,130506,256843243,2785891965
GL861821.1,Chr5_supercontig_000000285,5,124422,256967665,2786016387
GL861822.1,Chr5_supercontig_000000286,5,10632,256978297,2786027019
GL861823.1,Chr5_supercontig_000000287,5,217730,257196027,2786244749
GL861824.1,Chr5_supercontig_000000288,5,54097,257250124,2786298846
GL861825.1,Chr5_supercontig_000000289,5,102800,257352924,2786401646
GL861826.1,Chr5_supercontig_000000290,5,71366,257424290,2786473012
GL861827.1,Chr5_supercontig_000000291,5,106686,257530976,2786579698
GL861828.1,Chr5_supercontig_000000292,5,74340,257605316,2786654038
GL861829.1,Chr5_supercontig_000000293,5,48965,257654281,2786703003
GL861830.1,Chr5_supercontig_000000294,5,122802,257777083,2786825805
GL861831.1,Chr5_supercontig_000000295,5,81935,257859018,2786907740
GL861832.1,Chr5_supercontig_000000296,5,64417,257923435,2786972157
GL861833.1,Chr5_supercontig_000000297,5,19731,257943166,2786991888
GL861834.1,Chr5_supercontig_000000298,5,44479,257987645,2787036367
GL861835.1,Chr5_supercontig_000000299,5,94156,258081801,2787130523
GL861836.1,Chr5_supercontig_000000300,5,94032,258175833,2787224555
GL861837.1,Chr5_supercontig_000000301,5,76548,258252381,2787301103
GL861838.1,Chr5_supercontig_000000302,5,89175,258341556,2787390278
GL861839.1,Chr5_supercontig_000000303,5,60342,258401898,2787450620
GL861840.1,Chr5_supercontig_000000304,5,26663,258428561,2787477283
GL861841.1,Chr5_supercontig_000000305,5,35362,258463923,2787512645
GL861842.1,Chr5_supercontig_000000306,5,102173,258566096,2787614818
GL861843.1,Chr5_supercontig_000000307,5,74828,258640924,2787689646
GL861844.1,Chr5_supercontig_000000308,5,31137,258672061,2787720783
GL861845.1,Chr5_supercontig_000000309,5,383389,259055450,2788104172
GL861846.1,Chr5_supercontig_000000310,5,35037,259090487,2788139209
GL861847.1,Chr5_supercontig_000000311,5,44691,259135178,2788183900
GL861848.1,Chr5_supercontig_000000312,5,42671,259177849,2788226571
GL861849.1,Chr5_supercontig_000000313,5,115882,259293731,2788342453
GL861850.1,Chr5_supercontig_000000314,5,43875,259337606,2788386328
GL861851.1,Chr5_supercontig_000000315,5,54884,259392490,2788441212
GL861852.1,Chr5_supercontig_000000316,5,23858,259416348,2788465070
GL861853.1,Chr5_supercontig_000000317,5,123127,259539475,2788588197
GL861854.1,Chr5_supercontig_000000318,5,173682,259713157,2788761879
GL861855.1,Chr5_supercontig_000000319,5,195163,259908320,2788957042
GL861856.1,Chr5_supercontig_000000320,5,67150,259975470,2789024192
GL861857.1,Chr5_supercontig_000000321,5,75441,260050911,2789099633
GL861858.1,Chr5_supercontig_000000322,5,170651,260221562,2789270284
GL861859.1,Chr5_supercontig_000000323,5,40858,260262420,2789311142
GL861860.1,Chr5_supercontig_000000324,5,158694,260421114,2789469836
GL861861.1,Chr5_supercontig_000000325,5,154496,260575610,2789624332
GL861862.1,Chr5_supercontig_000000326,5,111347,260686957,2789735679
GL861863.1,Chr5_supercontig_000000327,5,173592,260860549,2789909271
GL861864.1,Chr5_supercontig_000000328,5,56064,260916613,2789965335
GL861865.1,Chr5_supercontig_000000329,5,89939,261006552,2790055274
GL861866.1,Chr5_supercontig_000000330,5,39605,261046157,2790094879
GL861867.1,Chr5_supercontig_000000331,5,161299,261207456,2790256178
GL861868.1,Chr5_supercontig_000000332,5,146552,261354008,2790402730
GL861869.1,Chr5_supercontig_000000333,5,22428,261376436,2790425158
GL861870.1,Chr5_supercontig_000000334,5,106019,261482455,2790531177
GL861871.1,Chr5_supercontig_000000335,5,229675,261712130,2790760852
GL861872.1,Chr5_supercontig_000000336,5,149141,261861271,2790909993
GL861873.1,Chr5_supercontig_000000337,5,81976,261943247,2790991969
GL861874.1,Chr5_supercontig_000000338,5,64504,262007751,2791056473
GL861875.1,Chr5_supercontig_000000339,5,118887,262126638,2791175360
GL861876.1,Chr5_supercontig_000000340,5,86629,262213267,2791261989
GL861877.1,Chr5_supercontig_000000341,5,41602,262254869,2791303591
GL861878.1,Chr5_supercontig_000000342,5,40852,262295721,2791344443
GL861879.1,Chr5_supercontig_000000343,5,96232,262391953,2791440675
GL861880.1,Chr5_supercontig_000000344,5,40679,262432632,2791481354
GL861881.1,Chr5_supercontig_000000345,5,116684,262549316,2791598038
GL861882.1,Chr5_supercontig_000000346,5,27969,262577285,2791626007
GL861883.1,Chr5_supercontig_000000347,5,22250,262599535,2791648257
GL861884.1,Chr5_supercontig_000000348,5,90047,262689582,2791738304
GL861885.1,Chr5_supercontig_000000349,5,77018,262766600,2791815322
GL861886.1,Chr5_supercontig_000000350,5,222147,262988747,2792037469
GL861887.1,Chr5_supercontig_000000351,5,390081,263378828,2792427550
GL861888.1,Chr5_supercontig_000000352,5,91182,263470010,2792518732
GL861889.1,Chr5_supercontig_000000353,5,18450,263488460,2792537182
GL861890.1,Chr5_supercontig_000000354,5,164393,263652853,2792701575
GL861891.1,Chr5_supercontig_000000355,5,81279,263734132,2792782854
GL861892.1,Chr5_supercontig_000000356,5,64649,263798781,2792847503
GL861893.1,Chr5_supercontig_000000357,5,21313,263820094,2792868816
GL861894.1,Chr5_supercontig_000000358,5,18314,263838408,2792887130
GL861895.1,Chr5_supercontig_000000359,5,123533,263961941,2793010663
GL861896.1,Chr5_supercontig_000000360,5,2266,263964207,2793012929
GL861897.1,Chr5_supercontig_000000361,5,7274,263971481,2793020203
GL861898.1,Chr5_supercontig_000000362,5,41649,264013130,2793061852
GL861899.1,Chr5_supercontig_000000363,5,174014,264187144,2793235866
GL861900.1,Chr5_supercontig_000000364,5,67219,264254363,2793303085
GL861901.1,Chr5_supercontig_000000365,5,214877,264469240,2793517962
GL861902.1,Chr5_supercontig_000000366,5,214270,264683510,2793732232
GL861903.1,Chr5_supercontig_000000367,5,11106,264694616,2793743338
GL861904.1,Chr5_supercontig_000000368,5,274959,264969575,2794018297
GL861905.1,Chr5_supercontig_000000369,5,65320,265034895,2794083617
GL861906.1,Chr5_supercontig_000000370,5,16844,265051739,2794100461
GL861907.1,Chr5_supercontig_000000371,5,35720,265087459,2794136181
GL861908.1,Chr5_supercontig_000000372,5,2436,265089895,2794138617
GL861909.1,Chr5_supercontig_000000373,5,18011,265107906,2794156628
GL861910.1,Chr5_supercontig_000000374,5,120830,265228736,2794277458
GL861911.1,Chr5_supercontig_000000375,5,329718,265558454,2794607176
GL861912.1,Chr5_supercontig_000000376,5,12716,265571170,2794619892
GL861913.1,Chr5_supercontig_000000377,5,90090,265661260,2794709982
GL861914.1,Chr5_supercontig_000000378,5,71678,265732938,2794781660
GL861915.1,Chr5_supercontig_000000379,5,153747,265886685,2794935407
GL861916.1,Chr5_supercontig_000000380,5,27211,265913896,2794962618
GL861917.1,Chr5_supercontig_000000381,5,23435,265937331,2794986053
GL861918.1,Chr5_supercontig_000000382,5,60272,265997603,2795046325
GL861919.1,Chr5_supercontig_000000383,5,89615,266087218,2795135940
GL861920.1,Chr5_supercontig_000000384,5,42692,266129910,2795178632
GL861921.1,Chr5_supercontig_000000385,5,68965,266198875,2795247597
GL861922.1,Chr5_supercontig_000000386,5,36462,266235337,2795284059
GL861923.1,Chr5_supercontig_000000387,5,26496,266261833,2795310555
GL861924.1,Chr5_supercontig_000000388,5,27704,266289537,2795338259
GL861925.1,Chr5_supercontig_000000389,5,33848,266323385,2795372107
GL861926.1,Chr5_supercontig_000000390,5,52268,266375653,2795424375
GL861927.1,Chr5_supercontig_000000391,5,114600,266490253,2795538975
GL861928.1,Chr5_supercontig_000000392,5,191535,266681788,2795730510
GL861929.1,Chr5_supercontig_000000393,5,15248,266697036,2795745758
GL861930.1,Chr5_supercontig_000000394,5,73313,266770349,2795819071
GL861931.1,Chr5_supercontig_000000395,5,174514,266944863,2795993585
GL861932.1,Chr5_supercontig_000000396,5,49496,266994359,2796043081
GL861933.1,Chr5_supercontig_000000397,5,79600,267073959,2796122681
GL861934.1,Chr5_supercontig_000000398,5,124633,267198592,2796247314
GL861935.1,Chr5_supercontig_000000399,5,52360,267250952,2796299674
GL861936.1,Chr5_supercontig_000000400,5,64860,267315812,2796364534
GL861937.1,Chr5_supercontig_000000401,5,65954,267381766,2796430488
GL861938.1,Chr5_supercontig_000000402,5,161221,267542987,2796591709
GL861939.1,Chr5_supercontig_000000403,5,81005,267623992,2796672714
GL861940.1,Chr5_supercontig_000000404,5,54168,267678160,2796726882
GL861941.1,Chr5_supercontig_000000405,5,136051,267814211,2796862933
GL861942.1,Chr5_supercontig_000000406,5,332334,268146545,2797195267
GL861943.1,Chr5_supercontig_000000407,5,98062,268244607,2797293329
GL861944.1,Chr5_supercontig_000000408,5,17056,268261663,2797310385
GL861945.1,Chr5_supercontig_000000409,5,67120,268328783,2797377505
GL861946.1,Chr5_supercontig_000000410,5,27636,268356419,2797405141
GL861947.1,Chr5_supercontig_000000411,5,66152,268422571,2797471293
GL861948.1,Chr5_supercontig_000000412,5,115502,268538073,2797586795
GL861949.1,Chr5_supercontig_000000413,5,60209,268598282,2797647004
GL861950.1,Chr5_supercontig_000000414,5,128126,268726408,2797775130
GL861951.1,Chr5_supercontig_000000415,5,73168,268799576,2797848298
GL861952.1,Chr5_supercontig_000000416,5,56437,268856013,2797904735
GL861953.1,Chr5_supercontig_000000417,5,111325,268967338,2798016060
GL861954.1,Chr5_supercontig_000000418,5,35065,269002403,2798051125
GL861955.1,Chr5_supercontig_000000419,5,88976,269091379,2798140101
GL861956.1,Chr5_supercontig_000000420,5,155813,269247192,2798295914
GL861957.1,Chr5_supercontig_000000421,5,106575,269353767,2798402489
GL861958.1,Chr5_supercontig_000000422,5,83904,269437671,2798486393
GL861959.1,Chr5_supercontig_000000423,5,93831,269531502,2798580224
GL861960.1,Chr5_supercontig_000000424,5,48738,269580240,2798628962
GL861961.1,Chr5_supercontig_000000425,5,215650,269795890,2798844612
GL861962.1,Chr5_supercontig_000000426,5,112291,269908181,2798956903
GL861963.1,Chr5_supercontig_000000427,5,82102,269990283,2799039005
GL861964.1,Chr5_supercontig_000000428,5,134487,270124770,2799173492
GL861965.1,Chr5_supercontig_000000429,5,69647,270194417,2799243139
GL861966.1,Chr5_supercontig_000000430,5,22909,270217326,2799266048
GL861967.1,Chr5_supercontig_000000431,5,69970,270287296,2799336018
GL861968.1,Chr5_supercontig_000000432,5,43495,270330791,2799379513
GL861969.1,Chr5_supercontig_000000433,5,56707,270387498,2799436220
GL861970.1,Chr5_supercontig_000000434,5,33374,270420872,2799469594
GL861971.1,Chr5_supercontig_000000435,5,27777,270448649,2799497371
GL861972.1,Chr5_supercontig_000000436,5,53101,270501750,2799550472
GL861973.1,Chr5_supercontig_000000437,5,24599,270526349,2799575071
GL861974.1,Chr5_supercontig_000000438,5,110861,270637210,2799685932
GL861975.1,Chr5_supercontig_000000439,5,190245,270827455,2799876177
GL861976.1,Chr5_supercontig_000000440,5,85771,270913226,2799961948
GL861977.1,Chr5_supercontig_000000441,5,53012,270966238,2800014960
GL861978.1,Chr5_supercontig_000000442,5,69269,271035507,2800084229
GL861979.1,Chr5_supercontig_000000443,5,41436,271076943,2800125665
GL861980.1,Chr5_supercontig_000000444,5,28220,271105163,2800153885
GL861981.1,Chr5_supercontig_000000445,5,54057,271159220,2800207942
GL861982.1,Chr5_supercontig_000000446,5,297189,271456409,2800505131
GL861983.1,Chr5_supercontig_000000447,5,51387,271507796,2800556518
GL861984.1,Chr5_supercontig_000000448,5,41594,271549390,2800598112
GL861985.1,Chr5_supercontig_000000449,5,60904,271610294,2800659016
GL861986.1,Chr5_supercontig_000000450,5,36158,271646452,2800695174
GL861987.1,Chr5_supercontig_000000451,5,269528,271915980,2800964702
GL861988.1,Chr5_supercontig_000000452,5,54759,271970739,2801019461
GL861989.1,Chr5_supercontig_000000453,5,97891,272068630,2801117352
GL861990.1,Chr5_supercontig_000000454,5,96199,272164829,2801213551
GL861991.1,Chr5_supercontig_000000455,5,62368,272227197,2801275919
GL861992.1,Chr5_supercontig_000000456,5,17818,272245015,2801293737
GL861993.1,Chr5_supercontig_000000457,5,100474,272345489,2801394211
GL861994.1,Chr5_supercontig_000000458,5,37517,272383006,2801431728
GL861995.1,Chr5_supercontig_000000459,5,66162,272449168,2801497890
GL861996.1,Chr5_supercontig_000000460,5,115561,272564729,2801613451
GL861997.1,Chr5_supercontig_000000461,5,125042,272689771,2801738493
GL861998.1,Chr5_supercontig_000000462,5,67941,272757712,2801806434
GL861999.1,Chr5_supercontig_000000463,5,52221,272809933,2801858655
GL862000.1,Chr5_supercontig_000000464,5,47179,272857112,2801905834
GL862001.1,Chr5_supercontig_000000465,5,163743,273020855,2802069577
GL862002.1,Chr5_supercontig_000000466,5,120696,273141551,2802190273
GL862003.1,Chr5_supercontig_000000467,5,288536,273430087,2802478809
GL862004.1,Chr5_supercontig_000000468,5,35201,273465288,2802514010
GL862005.1,Chr5_supercontig_000000469,5,396394,273861682,2802910404
GL862006.1,Chr5_supercontig_000000470,5,213112,274074794,2803123516
GL862007.1,Chr5_supercontig_000000471,5,59100,274133894,2803182616
GL862008.1,Chr5_supercontig_000000472,5,136229,274270123,2803318845
GL862009.1,Chr5_supercontig_000000473,5,65846,274335969,2803384691
GL862010.1,Chr5_supercontig_000000474,5,44049,274380018,2803428740
GL862011.1,Chr5_supercontig_000000475,5,23960,274403978,2803452700
GL862012.1,Chr5_supercontig_000000476,5,14196,274418174,2803466896
GL862013.1,Chr5_supercontig_000000477,5,47585,274465759,2803514481
GL862014.1,Chr5_supercontig_000000478,5,163714,274629473,2803678195
GL862015.1,Chr5_supercontig_000000479,5,130135,274759608,2803808330
GL862016.1,Chr5_supercontig_000000480,5,78707,274838315,2803887037
GL862017.1,Chr5_supercontig_000000481,5,62245,274900560,2803949282
GL862018.1,Chr5_supercontig_000000482,5,1653,274902213,2803950935
GL862019.1,Chr5_supercontig_000000483,5,55548,274957761,2804006483
GL862020.1,Chr5_supercontig_000000484,5,188668,275146429,2804195151
GL862021.1,Chr5_supercontig_000000485,5,72669,275219098,2804267820
GL862022.1,Chr5_supercontig_000000486,5,32847,275251945,2804300667
GL862023.1,Chr5_supercontig_000000487,5,53185,275305130,2804353852
GL862024.1,Chr5_supercontig_000000488,5,97314,275402444,2804451166
GL862025.1,Chr5_supercontig_000000489,5,80200,275482644,2804531366
GL862026.1,Chr5_supercontig_000000490,5,43724,275526368,2804575090
GL862027.1,Chr5_supercontig_000000491,5,16546,275542914,2804591636
GL862028.1,Chr5_supercontig_000000492,5,27385,275570299,2804619021
GL862029.1,Chr5_supercontig_000000493,5,27637,275597936,2804646658
GL862030.1,Chr5_supercontig_000000494,5,73829,275671765,2804720487
GL862031.1,Chr5_supercontig_000000495,5,10665,275682430,2804731152
GL862032.1,Chr5_supercontig_000000496,5,76898,275759328,2804808050
GL862033.1,Chr5_supercontig_000000497,5,75797,275835125,2804883847
GL862034.1,Chr5_supercontig_000000498,5,81401,275916526,2804965248
GL862035.1,Chr5_supercontig_000000499,5,36452,275952978,2805001700
GL862036.1,Chr5_supercontig_000000500,5,29280,275982258,2805030980
GL862037.1,Chr5_supercontig_000000501,5,15914,275998172,2805046894
GL862038.1,Chr5_supercontig_000000502,5,155702,276153874,2805202596
GL862039.1,Chr5_supercontig_000000503,5,30786,276184660,2805233382
GL862040.1,Chr5_supercontig_000000504,5,15728,276200388,2805249110
GL862041.1,Chr5_supercontig_000000505,5,41785,276242173,2805290895
GL862042.1,Chr5_supercontig_000000506,5,73865,276316038,2805364760
GL862043.1,Chr5_supercontig_000000507,5,33227,276349265,2805397987
GL862044.1,Chr5_supercontig_000000508,5,40074,276389339,2805438061
GL862045.1,Chr5_supercontig_000000509,5,27380,276416719,2805465441
GL862046.1,Chr5_supercontig_000000510,5,50776,276467495,2805516217
GL862047.1,Chr5_supercontig_000000511,5,70971,276538466,2805587188
GL862048.1,Chr5_supercontig_000000512,5,18530,276556996,2805605718
GL862049.1,Chr5_supercontig_000000513,5,49762,276606758,2805655480
GL862050.1,Chr5_supercontig_000000514,5,217916,276824674,2805873396
GL862051.1,Chr5_supercontig_000000515,5,108038,276932712,2805981434
GL862052.1,Chr5_supercontig_000000516,5,115528,277048240,2806096962
GL862053.1,Chr5_supercontig_000000517,5,117574,277165814,2806214536
GL862054.1,Chr5_supercontig_000000518,5,46867,277212681,2806261403
GL862055.1,Chr5_supercontig_000000519,5,22248,277234929,2806283651
GL862056.1,Chr5_supercontig_000000520,5,50306,277285235,2806333957
GL862057.1,Chr5_supercontig_000000521,5,53421,277338656,2806387378
GL862058.1,Chr5_supercontig_000000522,5,42327,277380983,2806429705
GL862059.1,Chr5_supercontig_000000523,5,123805,277504788,2806553510
GL862060.1,Chr5_supercontig_000000524,5,109469,277614257,2806662979
GL862061.1,Chr5_supercontig_000000525,5,166530,277780787,2806829509
GL862062.1,Chr5_supercontig_000000526,5,103757,277884544,2806933266
GL862063.1,Chr5_supercontig_000000527,5,70179,277954723,2807003445
GL862064.1,Chr5_supercontig_000000528,5,152222,278106945,2807155667
GL862065.1,Chr5_supercontig_000000529,5,121405,278228350,2807277072
GL862066.1,Chr5_supercontig_000000530,5,83496,278311846,2807360568
GL862067.1,Chr5_supercontig_000000531,5,34878,278346724,2807395446
GL862068.1,Chr5_supercontig_000000532,5,54855,278401579,2807450301
GL862069.1,Chr5_supercontig_000000533,5,27351,278428930,2807477652
GL862070.1,Chr5_supercontig_000000534,5,14712,278443642,2807492364
GL862071.1,Chr5_supercontig_000000535,5,77588,278521230,2807569952
GL862072.1,Chr5_supercontig_000000536,5,20601,278541831,2807590553
GL862073.1,Chr5_supercontig_000000537,5,76245,278618076,2807666798
GL862074.1,Chr5_supercontig_000000538,5,60796,278678872,2807727594
GL862075.1,Chr5_supercontig_000000539,5,57092,278735964,2807784686
GL862076.1,Chr5_supercontig_000000540,5,136545,278872509,2807921231
GL862077.1,Chr5_supercontig_000000541,5,67432,278939941,2807988663
GL862078.1,Chr5_supercontig_000000542,5,47227,278987168,2808035890
GL862079.1,Chr5_supercontig_000000543,5,64786,279051954,2808100676
GL862080.1,Chr5_supercontig_000000544,5,12203,279064157,2808112879
GL862081.1,Chr5_supercontig_000000545,5,73288,279137445,2808186167
GL862082.1,Chr5_supercontig_000000546,5,80162,279217607,2808266329
GL862083.1,Chr5_supercontig_000000547,5,35987,279253594,2808302316
GL862084.1,Chr5_supercontig_000000548,5,28468,279282062,2808330784
GL862085.1,Chr5_supercontig_000000549,5,147201,279429263,2808477985
GL862086.1,Chr5_supercontig_000000550,5,47276,279476539,2808525261
GL862087.1,Chr5_supercontig_000000551,5,20770,279497309,2808546031
GL862088.1,Chr5_supercontig_000000552,5,25156,279522465,2808571187
GL862089.1,Chr5_supercontig_000000553,5,149487,279671952,2808720674
GL862090.1,Chr5_supercontig_000000554,5,207883,279879835,2808928557
GL862091.1,Chr5_supercontig_000000555,5,109374,279989209,2809037931
GL862092.1,Chr5_supercontig_000000556,5,260964,280250173,2809298895
GL862093.1,Chr5_supercontig_000000557,5,108840,280359013,2809407735
GL862094.1,Chr5_supercontig_000000558,5,90768,280449781,2809498503
GL862095.1,Chr5_supercontig_000000559,5,66015,280515796,2809564518
GL862096.1,Chr5_supercontig_000000560,5,49849,280565645,2809614367
GL862097.1,Chr5_supercontig_000000561,5,92396,280658041,2809706763
GL862098.1,Chr5_supercontig_000000562,5,63005,280721046,2809769768
GL862099.1,Chr5_supercontig_000000563,5,68176,280789222,2809837944
GL862100.1,Chr5_supercontig_000000564,5,1721,280790943,2809839665
GL862101.1,Chr5_supercontig_000000565,5,105977,280896920,2809945642
GL862102.1,Chr5_supercontig_000000566,5,8452,280905372,2809954094
GL862103.1,Chr5_supercontig_000000567,5,95861,281001233,2810049955
GL862104.1,Chr5_supercontig_000000568,5,13884,281015117,2810063839
GL862105.1,Chr5_supercontig_000000569,5,138234,281153351,2810202073
GL862106.1,Chr5_supercontig_000000570,5,51436,281204787,2810253509
GL862107.1,Chr5_supercontig_000000571,5,70785,281275572,2810324294
GL862108.1,Chr5_supercontig_000000572,5,42693,281318265,2810366987
GL862109.1,Chr5_supercontig_000000573,5,92195,281410460,2810459182
GL862110.1,Chr5_supercontig_000000574,5,58866,281469326,2810518048
GL862111.1,Chr5_supercontig_000000575,5,32081,281501407,2810550129
GL862112.1,Chr5_supercontig_000000576,5,64657,281566064,2810614786
GL862113.1,Chr5_supercontig_000000577,5,63745,281629809,2810678531
GL862114.1,Chr5_supercontig_000000578,5,52470,281682279,2810731001
GL862115.1,Chr5_supercontig_000000579,5,57238,281739517,2810788239
GL862116.1,Chr5_supercontig_000000580,5,16689,281756206,2810804928
GL862117.1,Chr5_supercontig_000000581,5,21612,281777818,2810826540
GL862118.1,Chr5_supercontig_000000582,5,7496,281785314,2810834036
GL862119.1,Chr5_supercontig_000000583,5,62864,281848178,2810896900
GL862120.1,Chr5_supercontig_000000584,5,19233,281867411,2810916133
GL862121.1,Chr5_supercontig_000000585,5,72721,281940132,2810988854
GL862122.1,Chr5_supercontig_000000586,5,26589,281966721,2811015443
GL862123.1,Chr5_supercontig_000000587,5,52891,282019612,2811068334
GL862124.1,Chr5_supercontig_000000588,5,58306,282077918,2811126640
GL862125.1,Chr5_supercontig_000000589,5,45297,282123215,2811171937
GL862126.1,Chr5_supercontig_000000590,5,34229,282157444,2811206166
GL862127.1,Chr5_supercontig_000000591,5,42007,282199451,2811248173
GL862128.1,Chr5_supercontig_000000592,5,19848,282219299,2811268021
GL862129.1,Chr5_supercontig_000000593,5,15358,282234657,2811283379
GL862130.1,Chr5_supercontig_000000594,5,60474,282295131,2811343853
GL862131.1,Chr5_supercontig_000000595,5,39364,282334495,2811383217
GL862132.1,Chr5_supercontig_000000596,5,44333,282378828,2811427550
GL862133.1,Chr5_supercontig_000000597,5,23970,282402798,2811451520
GL862134.1,Chr5_supercontig_000000598,5,26734,282429532,2811478254
GL862135.1,Chr5_supercontig_000000599,5,12553,282442085,2811490807
GL862136.1,Chr5_supercontig_000000600,5,387002,282829087,2811877809
GL862137.1,Chr5_supercontig_000000601,5,33712,282862799,2811911521
GL862138.1,Chr5_supercontig_000000602,5,66931,282929730,2811978452
GL862139.1,Chr5_supercontig_000000603,5,51241,282980971,2812029693
GL862140.1,Chr5_supercontig_000000604,5,34331,283015302,2812064024
GL862141.1,Chr5_supercontig_000000605,5,31607,283046909,2812095631
GL862142.1,Chr5_supercontig_000000606,5,6842,283053751,2812102473
GL862143.1,Chr5_supercontig_000000607,5,65095,283118846,2812167568
GL862144.1,Chr5_supercontig_000000608,5,41268,283160114,2812208836
GL862145.1,Chr5_supercontig_000000609,5,12806,283172920,2812221642
GL862146.1,Chr5_supercontig_000000610,5,14834,283187754,2812236476
GL862147.1,Chr5_supercontig_000000611,5,18735,283206489,2812255211
GL862148.1,Chr5_supercontig_000000612,5,37521,283244010,2812292732
GL862149.1,Chr5_supercontig_000000613,5,82959,283326969,2812375691
GL862150.1,Chr5_supercontig_000000614,5,48994,283375963,2812424685
GL862151.1,Chr5_supercontig_000000615,5,63044,283439007,2812487729
GL862152.1,Chr5_supercontig_000000616,5,25540,283464547,2812513269
GL862153.1,Chr5_supercontig_000000617,5,55221,283519768,2812568490
GL862154.1,Chr5_supercontig_000000618,5,24752,283544520,2812593242
GL862155.1,Chr5_supercontig_000000619,5,26809,283571329,2812620051
GL862156.1,Chr5_supercontig_000000620,5,24185,283595514,2812644236
GL862157.1,Chr5_supercontig_000000621,5,17172,283612686,2812661408
GL862158.1,Chr5_supercontig_000000622,5,39784,283652470,2812701192
GL862159.1,Chr5_supercontig_000000623,5,14583,283667053,2812715775
GL862160.1,Chr5_supercontig_000000624,5,13245,283680298,2812729020
GL862161.1,Chr5_supercontig_000000625,5,154035,283834333,2812883055
GL862162.1,Chr5_supercontig_000000626,5,144528,283978861,2813027583
GL862163.1,Chr5_supercontig_000000627,5,113606,284092467,2813141189
GL862164.1,Chr5_supercontig_000000628,5,80041,284172508,2813221230
GL862165.1,Chr5_supercontig_000000629,5,41174,284213682,2813262404
GL862166.1,Chr5_supercontig_000000630,5,9644,284223326,2813272048
GL862167.1,Chr5_supercontig_000000631,5,65355,284288681,2813337403
GL862168.1,Chr5_supercontig_000000632,5,33491,284322172,2813370894
GL862169.1,Chr5_supercontig_000000633,5,54371,284376543,2813425265
GL862170.1,Chr5_supercontig_000000634,5,9597,284386140,2813434862
GL862171.1,Chr5_supercontig_000000635,5,47105,284433245,2813481967
GL862172.1,Chr5_supercontig_000000636,5,30154,284463399,2813512121
GL862173.1,Chr5_supercontig_000000637,5,55992,284519391,2813568113
GL862174.1,Chr5_supercontig_000000638,5,30759,284550150,2813598872
GL862175.1,Chr5_supercontig_000000639,5,9841,284559991,2813608713
GL862176.1,Chr5_supercontig_000000640,5,128953,284688944,2813737666
GL862177.1,Chr5_supercontig_000000641,5,34141,284723085,2813771807
GL862178.1,Chr5_supercontig_000000642,5,29825,284752910,2813801632
GL862179.1,Chr5_supercontig_000000643,5,68419,284821329,2813870051
GL862180.1,Chr5_supercontig_000000644,5,28583,284849912,2813898634
GL862181.1,Chr5_supercontig_000000645,5,53451,284903363,2813952085
GL862182.1,Chr5_supercontig_000000646,5,17029,284920392,2813969114
GL862183.1,Chr5_supercontig_000000647,5,72943,284993335,2814042057
GL862184.1,Chr5_supercontig_000000648,5,16715,285010050,2814058772
GL862185.1,Chr5_supercontig_000000649,5,13781,285023831,2814072553
GL862186.1,Chr5_supercontig_000000650,5,81445,285105276,2814153998
GL862187.1,Chr5_supercontig_000000651,5,4759,285110035,2814158757
GL862188.1,Chr5_supercontig_000000652,5,4259,285114294,2814163016
GL862189.1,Chr5_supercontig_000000653,5,36238,285150532,2814199254
GL862190.1,Chr5_supercontig_000000654,5,9316,285159848,2814208570
GL862191.1,Chr5_supercontig_000000655,5,1588,285161436,2814210158
GL862192.1,Chr5_supercontig_000000656,5,65482,285226918,2814275640
GL862193.1,Chr5_supercontig_000000657,5,83059,285309977,2814358699
GL862194.1,Chr5_supercontig_000000658,5,90911,285400888,2814449610
GL862195.1,Chr5_supercontig_000000659,5,72930,285473818,2814522540
GL862196.1,Chr5_supercontig_000000660,5,24727,285498545,2814547267
GL862197.1,Chr5_supercontig_000000661,5,38317,285536862,2814585584
GL862198.1,Chr5_supercontig_000000662,5,47893,285584755,2814633477
GL862199.1,Chr5_supercontig_000000663,5,97548,285682303,2814731025
GL862200.1,Chr5_supercontig_000000664,5,26590,285708893,2814757615
GL862201.1,Chr5_supercontig_000000665,5,45774,285754667,2814803389
GL862202.1,Chr5_supercontig_000000666,5,46034,285800701,2814849423
GL862203.1,Chr5_supercontig_000000667,5,38885,285839586,2814888308
GL862204.1,Chr5_supercontig_000000668,5,18040,285857626,2814906348
GL862205.1,Chr5_supercontig_000000669,5,19115,285876741,2814925463
GL862206.1,Chr5_supercontig_000000670,5,60429,285937170,2814985892
GL862207.1,Chr5_supercontig_000000671,5,143547,286080717,2815129439
GL862208.1,Chr5_supercontig_000000672,5,26575,286107292,2815156014
GL862209.1,Chr5_supercontig_000000673,5,131923,286239215,2815287937
GL862210.1,Chr5_supercontig_000000674,5,18198,286257413,2815306135
GL862211.1,Chr5_supercontig_000000675,5,36266,286293679,2815342401
GL862212.1,Chr5_supercontig_000000676,5,53407,286347086,2815395808
GL862213.1,Chr5_supercontig_000000677,5,14789,286361875,2815410597
GL862214.1,Chr5_supercontig_000000678,5,37778,286399653,2815448375
GL862215.1,Chr5_supercontig_000000679,5,17149,286416802,2815465524
GL862216.1,Chr5_supercontig_000000680,5,20673,286437475,2815486197
GL862217.1,Chr5_supercontig_000000681,5,125818,286563293,2815612015
GL862218.1,Chr5_supercontig_000000682,5,16635,286579928,2815628650
GL862219.1,Chr5_supercontig_000000683,5,15033,286594961,2815643683
GL862220.1,Chr5_supercontig_000000684,5,42650,286637611,2815686333
GL862221.1,Chr5_supercontig_000000685,5,25420,286663031,2815711753
GL862222.1,Chr5_supercontig_000000686,5,33983,286697014,2815745736
GL862223.1,Chr5_supercontig_000000687,5,53841,286750855,2815799577
GL862224.1,Chr5_supercontig_000000688,5,38593,286789448,2815838170
GL862225.1,Chr5_supercontig_000000689,5,9330,286798778,2815847500
GL862226.1,Chr5_supercontig_000000690,5,16327,286815105,2815863827
GL862227.1,Chr5_supercontig_000000691,5,29756,286844861,2815893583
GL862228.1,Chr5_supercontig_000000692,5,30494,286875355,2815924077
GL862229.1,Chr5_supercontig_000000693,5,18801,286894156,2815942878
GL862230.1,Chr5_supercontig_000000694,5,52223,286946379,2815995101
GL862231.1,Chr5_supercontig_000000695,5,15002,286961381,2816010103
GL862232.1,Chr5_supercontig_000000696,5,57302,287018683,2816067405
GL862233.1,Chr5_supercontig_000000697,5,17270,287035953,2816084675
GL862234.1,Chr5_supercontig_000000698,5,60004,287095957,2816144679
GL862235.1,Chr5_supercontig_000000699,5,47322,287143279,2816192001
GL862236.1,Chr5_supercontig_000000700,5,36882,287180161,2816228883
GL862237.1,Chr5_supercontig_000000701,5,28885,287209046,2816257768
GL862238.1,Chr5_supercontig_000000702,5,15786,287224832,2816273554
GL862239.1,Chr5_supercontig_000000703,5,41520,287266352,2816315074
GL862240.1,Chr5_supercontig_000000704,5,27801,287294153,2816342875
GL862241.1,Chr5_supercontig_000000705,5,43834,287337987,2816386709
GL862242.1,Chr5_supercontig_000000706,5,5102,287343089,2816391811
GL862243.1,Chr5_supercontig_000000707,5,24895,287367984,2816416706
GL862244.1,Chr5_supercontig_000000708,5,27332,287395316,2816444038
GL862245.1,Chr5_supercontig_000000709,5,38551,287433867,2816482589
GL862246.1,Chr5_supercontig_000000710,5,15349,287449216,2816497938
GL862247.1,Chr5_supercontig_000000711,5,47495,287496711,2816545433
GL862248.1,Chr5_supercontig_000000712,5,21369,287518080,2816566802
GL862249.1,Chr5_supercontig_000000713,5,34426,287552506,2816601228
GL862250.1,Chr5_supercontig_000000714,5,10211,287562717,2816611439
GL862251.1,Chr5_supercontig_000000715,5,48501,287611218,2816659940
GL862252.1,Chr5_supercontig_000000716,5,53779,287664997,2816713719
GL862253.1,Chr5_supercontig_000000717,5,21192,287686189,2816734911
GL862254.1,Chr5_supercontig_000000718,5,15902,287702091,2816750813
GL862255.1,Chr5_supercontig_000000719,5,18588,287720679,2816769401
GL862256.1,Chr5_supercontig_000000720,5,16396,287737075,2816785797
GL862257.1,Chr5_supercontig_000000721,5,13090,287750165,2816798887
GL862258.1,Chr5_supercontig_000000722,5,56126,287806291,2816855013
GL862259.1,Chr5_supercontig_000000723,5,72194,287878485,2816927207
GL862260.1,Chr5_supercontig_000000724,5,11599,287890084,2816938806
GL862261.1,Chr5_supercontig_000000725,5,13139,287903223,2816951945
GL862262.1,Chr5_supercontig_000000726,5,19016,287922239,2816970961
GL862263.1,Chr5_supercontig_000000727,5,8891,287931130,2816979852
GL862264.1,Chr5_supercontig_000000728,5,2508,287933638,2816982360
GL862265.1,Chr5_supercontig_000000729,5,2211,287935849,2816984571
GL862266.1,Chr5_supercontig_000000730,5,19140,287954989,2817003711
GL862267.1,Chr5_supercontig_000000731,5,23937,287978926,2817027648
GL862268.1,Chr5_supercontig_000000732,5,14245,287993171,2817041893
GL862269.1,Chr5_supercontig_000000733,5,1873,287995044,2817043766
GL862270.1,Chr5_supercontig_000000734,5,21291,288016335,2817065057
GL862271.1,Chr5_supercontig_000000735,5,14105,288030440,2817079162
GL862272.1,Chr5_supercontig_000000736,5,25050,288055490,2817104212
GL862273.1,Chr5_supercontig_000000737,5,25443,288080933,2817129655
GL862274.1,Chr5_supercontig_000000738,5,1885,288082818,2817131540
GL862275.1,Chr5_supercontig_000000739,5,4903,288087721,2817136443
GL862276.1,Chr5_supercontig_000000740,5,19451,288107172,2817155894
GL862277.1,Chr5_supercontig_000000741,5,26173,288133345,2817182067
GL862278.1,Chr5_supercontig_000000742,5,17028,288150373,2817199095
GL862279.1,Chr5_supercontig_000000743,5,34075,288184448,2817233170
GL862280.1,Chr5_supercontig_000000744,5,7557,288192005,2817240727
GL862281.1,Chr5_supercontig_000000745,5,8840,288200845,2817249567
GL862282.1,Chr5_supercontig_000000746,5,45930,288246775,2817295497
GL862283.1,Chr5_supercontig_000000747,5,11155,288257930,2817306652
GL862284.1,Chr5_supercontig_000000748,5,31270,288289200,2817337922
GL862285.1,Chr5_supercontig_000000749,5,10239,288299439,2817348161
GL862286.1,Chr5_supercontig_000000750,5,17776,288317215,2817365937
GL862287.1,Chr5_supercontig_000000751,5,32448,288349663,2817398385
GL862288.1,Chr5_supercontig_000000752,5,16464,288366127,2817414849
GL862289.1,Chr5_supercontig_000000753,5,10611,288376738,2817425460
GL862290.1,Chr5_supercontig_000000754,5,3968,288380706,2817429428
GL862291.1,Chr5_supercontig_000000755,5,14044,288394750,2817443472
GL862292.1,Chr5_supercontig_000000756,5,16032,288410782,2817459504
GL862293.1,Chr5_supercontig_000000757,5,32671,288443453,2817492175
GL862294.1,Chr5_supercontig_000000758,5,2528,288445981,2817494703
GL862295.1,Chr5_supercontig_000000759,5,25015,288470996,2817519718
GL862296.1,Chr5_supercontig_000000760,5,13475,288484471,2817533193
GL862297.1,Chr5_supercontig_000000761,5,6543,288491014,2817539736
GL862298.1,Chr5_supercontig_000000762,5,13694,288504708,2817553430
GL862299.1,Chr5_supercontig_000000763,5,26829,288531537,2817580259
GL862300.1,Chr5_supercontig_000000764,5,14101,288545638,2817594360
GL862301.1,Chr5_supercontig_000000765,5,5183,288550821,2817599543
GL862302.1,Chr5_supercontig_000000766,5,63803,288614624,2817663346
GL862303.1,Chr5_supercontig_000000767,5,19442,288634066,2817682788
GL862304.1,Chr5_supercontig_000000768,5,7378,288641444,2817690166
GL862305.1,Chr5_supercontig_000000769,5,5945,288647389,2817696111
GL862306.1,Chr5_supercontig_000000770,5,29504,288676893,2817725615
GL862307.1,Chr5_supercontig_000000771,5,31963,288708856,2817757578
GL862308.1,Chr5_supercontig_000000772,5,4931,288713787,2817762509
GL862309.1,Chr5_supercontig_000000773,5,6029,288719816,2817768538
GL862310.1,Chr5_supercontig_000000774,5,4660,288724476,2817773198
GL862311.1,Chr5_supercontig_000000775,5,2125,288726601,2817775323
GL862312.1,Chr5_supercontig_000000776,5,28077,288754678,2817803400
GL862313.1,Chr5_supercontig_000000777,5,10968,288765646,2817814368
GL862314.1,Chr5_supercontig_000000778,5,5064,288770710,2817819432
GL862315.1,Chr5_supercontig_000000779,5,10725,288781435,2817830157
GL862316.1,Chr5_supercontig_000000780,5,35784,288817219,2817865941
GL862317.1,Chr5_supercontig_000000781,5,3088,288820307,2817869029
GL862318.1,Chr5_supercontig_000000782,5,13299,288833606,2817882328
GL862319.1,Chr5_supercontig_000000783,5,12602,288846208,2817894930
GL862320.1,Chr5_supercontig_000000784,5,63584,288909792,2817958514
GL862321.1,Chr5_supercontig_000000785,5,2746,288912538,2817961260
GL862322.1,Chr5_supercontig_000000786,5,4654,288917192,2817965914
GL862323.1,Chr5_supercontig_000000787,5,8519,288925711,2817974433
GL862324.1,Chr5_supercontig_000000788,5,8463,288934174,2817982896
GL862325.1,Chr5_supercontig_000000789,5,12920,288947094,2817995816
GL862326.1,Chr5_supercontig_000000790,5,5517,288952611,2818001333
GL862327.1,Chr5_supercontig_000000791,5,21915,288974526,2818023248
GL862328.1,Chr5_supercontig_000000792,5,21468,288995994,2818044716
GL862329.1,Chr5_supercontig_000000793,5,7314,289003308,2818052030
GL862330.1,Chr5_supercontig_000000794,5,18626,289021934,2818070656
GL862331.1,Chr5_supercontig_000000795,5,8496,289030430,2818079152
GL862332.1,Chr5_supercontig_000000796,5,2257,289032687,2818081409
GL862333.1,Chr5_supercontig_000000797,5,9797,289042484,2818091206
GL862334.1,Chr5_supercontig_000000798,5,9446,289051930,2818100652
GL862335.1,Chr5_supercontig_000000799,5,10218,289062148,2818110870
GL862336.1,Chr5_supercontig_000000800,5,6268,289068416,2818117138
GL862337.1,Chr5_supercontig_000000801,5,4535,289072951,2818121673
GL862338.1,Chr5_supercontig_000000802,5,1365,289074316,2818123038
GL862339.1,Chr5_supercontig_000000803,5,1190,289075506,2818124228
GL862340.1,Chr5_supercontig_000000804,5,2106,289077612,2818126334
GL862341.1,Chr5_supercontig_000000805,5,1861,289079473,2818128195
GL862342.1,Chr5_supercontig_000000806,5,2925,289082398,2818131120
GL862343.1,Chr5_supercontig_000000807,5,2055,289084453,2818133175
GL862344.1,Chr5_supercontig_000000808,5,1589,289086042,2818134764
GL862345.1,Chr5_supercontig_000000809,5,1959,289088001,2818136723
GL862346.1,Chr5_supercontig_000000810,5,1687,289089688,2818138410
GL862347.1,Chr5_supercontig_000000811,5,1891,289091579,2818140301
GL862348.1,Chr5_supercontig_000000812,5,4413,289095992,2818144714
GL862349.1,Chr5_supercontig_000000813,5,1878,289097870,2818146592
GL862350.1,Chr5_supercontig_000000814,5,3694,289101564,2818150286
GL862351.1,Chr5_supercontig_000000815,5,4112,289105676,2818154398
GL862352.1,Chr5_supercontig_000000816,5,3997,289109673,2818158395
GL862353.1,Chr5_supercontig_000000817,5,2631,289112304,2818161026
GL862354.1,Chr5_supercontig_000000818,5,1510,289113814,2818162536
GL862355.1,Chr5_supercontig_000000819,5,1566,289115380,2818164102
GL862356.1,Chr5_supercontig_000000820,5,2050,289117430,2818166152
GL862357.1,Chr5_supercontig_000000821,5,1910,289119340,2818168062
GL862358.1,Chr5_supercontig_000000822,5,2439,289121779,2818170501
GL862359.1,Chr5_supercontig_000000823,5,1841,289123620,2818172342
GL862360.1,Chr5_supercontig_000000824,5,1640,289125260,2818173982
GL862361.1,Chr5_supercontig_000000825,5,2585,289127845,2818176567
GL862362.1,Chr5_supercontig_000000826,5,1666,289129511,2818178233
GL862363.1,Chr5_supercontig_000000827,5,1805,289131316,2818180038
GL862364.1,Chr5_supercontig_000000828,5,1691,289133007,2818181729
GL862365.1,Chr5_supercontig_000000829,5,2607,289135614,2818184336
GL862366.1,Chr5_supercontig_000000830,5,3077,289138691,2818187413
GL862367.1,Chr5_supercontig_000000831,5,2208,289140899,2818189621
GL862368.1,Chr5_supercontig_000000832,5,1575,289142474,2818191196
GL862369.1,Chr5_supercontig_000000833,5,1581,289144055,2818192777
GL862370.1,Chr5_supercontig_000000834,5,1982,289146037,2818194759
GL862371.1,Chr5_supercontig_000000835,5,1753,289147790,2818196512
GL862372.1,Chr5_supercontig_000000836,5,3311,289151101,2818199823
GL862373.1,Chr5_supercontig_000000837,5,5844,289156945,2818205667
GL862374.1,Chr5_supercontig_000000838,5,1561,289158506,2818207228
GL862375.1,Chr5_supercontig_000000839,5,12034,289170540,2818219262
GL862376.1,Chr5_supercontig_000000840,5,2584,289173124,2818221846
GL862377.1,Chr5_supercontig_000000841,5,4478,289177602,2818226324
GL862378.1,Chr5_supercontig_000000842,5,3791,289181393,2818230115
GL862379.1,Chr5_supercontig_000000843,5,6427,289187820,2818236542
GL862380.1,Chr5_supercontig_000000844,5,4330,289192150,2818240872
GL862381.1,Chr5_supercontig_000000845,5,5478,289197628,2818246350
GL862382.1,Chr5_supercontig_000000846,5,3861,289201489,2818250211
GL862383.1,Chr5_supercontig_000000847,5,4440,289205929,2818254651
GL862384.1,Chr5_supercontig_000000848,5,3344,289209273,2818257995
GL862385.1,Chr5_supercontig_000000849,5,3917,289213190,2818261912
GL862386.1,Chr5_supercontig_000000850,5,4001,289217191,2818265913
GL862387.1,Chr5_supercontig_000000851,5,2348,289219539,2818268261
GL862388.1,Chr5_supercontig_000000852,5,5939,289225478,2818274200
GL862389.1,Chr5_supercontig_000000853,5,1550,289227028,2818275750
GL862390.1,Chr5_supercontig_000000854,5,3526,289230554,2818279276
GL862391.1,Chr5_supercontig_000000855,5,2301,289232855,2818281577
GL862392.1,Chr5_supercontig_000000856,5,2473,289235328,2818284050
GL862393.1,Chr5_supercontig_000000857,5,3896,289239224,2818287946
GL862394.1,Chr5_supercontig_000000858,5,15472,289254696,2818303418
GL862395.1,Chr5_supercontig_000000859,5,1663,289256359,2818305081
GL862396.1,Chr5_supercontig_000000860,5,2920,289259279,2818308001
GL862397.1,Chr5_supercontig_000000861,5,3297,289262576,2818311298
GL862398.1,Chr5_supercontig_000000862,5,5672,289268248,2818316970
GL862399.1,Chr5_supercontig_000000863,5,1793,289270041,2818318763
GL862400.1,Chr5_supercontig_000000864,5,2219,289272260,2818320982
GL862401.1,Chr5_supercontig_000000865,5,2457,289274717,2818323439
GL862402.1,Chr5_supercontig_000000866,5,1813,289276530,2818325252
GL862403.1,Chr5_supercontig_000000867,5,1805,289278335,2818327057
GL862404.1,Chr5_supercontig_000000868,5,1595,289279930,2818328652
GL862405.1,Chr5_supercontig_000000869,5,1662,289281592,2818330314
GL862406.1,Chr5_supercontig_000000870,5,1669,289283261,2818331983
GL862407.1,Chr5_supercontig_000000871,5,1769,289285030,2818333752
GL862408.1,Chr5_supercontig_000000872,5,1825,289286855,2818335577
GL862409.1,Chr5_supercontig_000000873,5,1579,289288434,2818337156
GL862410.1,Chr5_supercontig_000000874,5,1656,289290090,2818338812
GL862411.1,Chr5_supercontig_000000875,5,1736,289291826,2818340548
GL862412.1,Chr5_supercontig_000000876,5,1861,289293687,2818342409
GL862413.1,Chr5_supercontig_000000877,5,1977,289295664,2818344386
GL862414.1,Chr5_supercontig_000000878,5,2879,289298543,2818347265
GL862415.1,Chr5_supercontig_000000879,5,2195,289300738,2818349460
GL862416.1,Chr5_supercontig_000000880,5,1878,289302616,2818351338
GL862417.1,Chr5_supercontig_000000881,5,1578,289304194,2818352916
GL862418.1,Chr5_supercontig_000000882,5,1748,289305942,2818354664
GL862419.1,Chr5_supercontig_000000883,5,1895,289307837,2818356559
GL862420.1,Chr5_supercontig_000000884,5,2055,289309892,2818358614
GL862421.1,Chr5_supercontig_000000885,5,3424,289313316,2818362038
GL862422.1,Chr5_supercontig_000000886,5,1783,289315099,2818363821
GL862423.1,Chr5_supercontig_000000887,5,1813,289316912,2818365634
GL862424.1,Chr5_supercontig_000000888,5,1534,289318446,2818367168
GL862425.1,Chr5_supercontig_000000889,5,2326,289320772,2818369494
GL862426.1,Chr5_supercontig_000000890,5,2257,289323029,2818371751
GL862427.1,Chr5_supercontig_000000891,5,2365,289325394,2818374116
GL862428.1,Chr5_supercontig_000000892,5,3205,289328599,2818377321
GL862429.1,Chr5_supercontig_000000893,5,2322,289330921,2818379643
GL862430.1,Chr5_supercontig_000000894,5,1665,289332586,2818381308
GL862431.1,Chr5_supercontig_000000895,5,2273,289334859,2818383581
GL862432.1,Chr5_supercontig_000000896,5,1558,289336417,2818385139
GL862433.1,Chr5_supercontig_000000897,5,2581,289338998,2818387720
GL862434.1,Chr5_supercontig_000000898,5,1947,289340945,2818389667
GL862435.1,Chr5_supercontig_000000899,5,1869,289342814,2818391536
GL862436.1,Chr5_supercontig_000000900,5,4885,289347699,2818396421
GL862437.1,Chr5_supercontig_000000901,5,3940,289351639,2818400361
GL862438.1,Chr5_supercontig_000000902,5,1952,289353591,2818402313
GL862439.1,Chr5_supercontig_000000903,5,2011,289355602,2818404324
GL862440.1,Chr5_supercontig_000000904,5,1581,289357183,2818405905
GL862441.1,Chr5_supercontig_000000905,5,1623,289358806,2818407528
GL862442.1,Chr5_supercontig_000000906,5,17096,289375902,2818424624
GL862443.1,Chr5_supercontig_000000907,5,4876,289380778,2818429500
GL862444.1,Chr5_supercontig_000000908,5,1568,289382346,2818431068
GL862445.1,Chr5_supercontig_000000909,5,1735,289384081,2818432803
GL862446.1,Chr5_supercontig_000000910,5,3943,289388024,2818436746
GL862447.1,Chr5_supercontig_000000911,5,1574,289389598,2818438320
GL862448.1,Chr5_supercontig_000000912,5,1717,289391315,2818440037
GL862449.1,Chr5_supercontig_000000913,5,3078,289394393,2818443115
GL862450.1,Chr5_supercontig_000000914,5,2103,289396496,2818445218
GL862451.1,Chr5_supercontig_000000915,5,2092,289398588,2818447310
GL862452.1,Chr5_supercontig_000000916,5,1863,289400451,2818449173
GL862453.1,Chr5_supercontig_000000917,5,5787,289406238,2818454960
GL862454.1,Chr5_supercontig_000000918,5,8452,289414690,2818463412
GL862455.1,Chr5_supercontig_000000919,5,2992,289417682,2818466404
GL862456.1,Chr5_supercontig_000000920,5,1768,289419450,2818468172
GL862457.1,Chr5_supercontig_000000921,5,1705,289421155,2818469877
GL862458.1,Chr5_supercontig_000000922,5,1625,289422780,2818471502
GL862459.1,Chr5_supercontig_000000923,5,1789,289424569,2818473291
GL862460.1,Chr5_supercontig_000000924,5,2097,289426666,2818475388
GL862461.1,Chr5_supercontig_000000925,5,12389,289439055,2818487777
GL862462.1,Chr5_supercontig_000000926,5,5812,289444867,2818493589
GL862463.1,Chr5_supercontig_000000927,5,5221,289450088,2818498810
GL862464.1,Chr5_supercontig_000000928,5,3934,289454022,2818502744
GL862465.1,Chr5_supercontig_000000929,5,1975,289455997,2818504719
GL862466.1,Chr5_supercontig_000000930,5,1681,289457678,2818506400
GL862467.1,Chr5_supercontig_000000931,5,2783,289460461,2818509183
GL862468.1,Chr5_supercontig_000000932,5,8844,289469305,2818518027
GL862469.1,Chr5_supercontig_000000933,5,6076,289475381,2818524103
GL862470.1,Chr5_supercontig_000000934,5,3909,289479290,2818528012
GL862471.1,Chr5_supercontig_000000935,5,3515,289482805,2818531527
GL862472.1,Chr5_supercontig_000000936,5,24010,289506815,2818555537
GL862473.1,Chr5_supercontig_000000937,5,2093,289508908,2818557630
GL862474.1,Chr5_supercontig_000000938,5,15778,289524686,2818573408
GL862475.1,Chr5_supercontig_000000939,5,16696,289541382,2818590104
GL862476.1,Chr5_supercontig_000000940,5,11396,289552778,2818601500
GL862477.1,Chr5_supercontig_000000941,5,3195,289555973,2818604695
GL862478.1,Chr5_supercontig_000000942,5,3415,289559388,2818608110
GL862479.1,Chr5_supercontig_000000943,5,5364,289564752,2818613474
GL862480.1,Chr5_supercontig_000000944,5,4694,289569446,2818618168
GL862481.1,Chr5_supercontig_000000945,5,2781,289572227,2818620949
GL862482.1,Chr5_supercontig_000000946,5,1745,289573972,2818622694
GL862483.1,Chr5_supercontig_000000947,5,1923,289575895,2818624617
GL862484.1,Chr5_supercontig_000000948,5,2733,289578628,2818627350
GL862485.1,Chr5_supercontig_000000949,5,1833,289580461,2818629183
GL862486.1,Chr5_supercontig_000000950,5,2109,289582570,2818631292
GL862487.1,Chr5_supercontig_000000951,5,2110,289584680,2818633402
GL862488.1,Chr5_supercontig_000000952,5,4960,289589640,2818638362
GL862489.1,Chr5_supercontig_000000953,5,3009,289592649,2818641371
GL862490.1,Chr5_supercontig_000000954,5,2213,289594862,2818643584
GL862491.1,Chr5_supercontig_000000955,5,3478,289598340,2818647062
GL862492.1,Chr5_supercontig_000000956,5,1796,289600136,2818648858
GL862493.1,Chr5_supercontig_000000957,5,1706,289601842,2818650564
GL862494.1,Chr5_supercontig_000000958,5,1900,289603742,2818652464
GL862495.1,Chr5_supercontig_000000959,5,2986,289606728,2818655450
GL862496.1,Chr5_supercontig_000000960,5,2088,289608816,2818657538
GL862497.1,Chr5_supercontig_000000961,5,42051,289650867,2818699589
GL862498.1,Chr5_supercontig_000000962,5,2721,289653588,2818702310
GL862499.1,Chr5_supercontig_000000963,5,1563,289655151,2818703873
GL862500.1,Chr5_supercontig_000000964,5,1684,289656835,2818705557
GL862501.1,Chr5_supercontig_000000965,5,2402,289659237,2818707959
GL862502.1,Chr5_supercontig_000000966,5,1531,289660768,2818709490
GL862503.1,Chr5_supercontig_000000967,5,1851,289662619,2818711341
GL862504.1,Chr5_supercontig_000000968,5,1600,289664219,2818712941
GL862505.1,Chr5_supercontig_000000969,5,2623,289666842,2818715564
GL862506.1,Chr5_supercontig_000000970,5,2661,289669503,2818718225
GL862507.1,Chr5_supercontig_000000971,5,1720,289671223,2818719945
GL862508.1,Chr5_supercontig_000000972,5,1745,289672968,2818721690
GL862509.1,Chr5_supercontig_000000973,5,1571,289674539,2818723261
GL862510.1,Chr5_supercontig_000000974,5,1659,289676198,2818724920
GL862511.1,Chr5_supercontig_000000975,5,2138,289678336,2818727058
GL862512.1,Chr5_supercontig_000000976,5,2282,289680618,2818729340
GL862513.1,Chr5_supercontig_000000977,5,3430,289684048,2818732770
GL862514.1,Chr5_supercontig_000000978,5,1841,289685889,2818734611
GL862515.1,Chr5_supercontig_000000979,5,2694,289688583,2818737305
GL862516.1,Chr5_supercontig_000000980,5,24324,289712907,2818761629
GL862517.1,Chr5_supercontig_000000981,5,1514,289714421,2818763143
GL862518.1,Chr5_supercontig_000000982,5,3267,289717688,2818766410
GL862519.1,Chr5_supercontig_000000983,5,1860,289719548,2818768270
GL862520.1,Chr5_supercontig_000000984,5,3640,289723188,2818771910
GL862521.1,Chr5_supercontig_000000985,5,2425,289725613,2818774335
GL862522.1,Chr5_supercontig_000000986,5,1752,289727365,2818776087
GL862523.1,Chr5_supercontig_000000987,5,2312,289729677,2818778399
GL862524.1,Chr5_supercontig_000000988,5,1543,289731220,2818779942
GL862525.1,Chr5_supercontig_000000989,5,3199,289734419,2818783141
GL862526.1,Chr5_supercontig_000000990,5,4134,289738553,2818787275
GL862527.1,Chr5_supercontig_000000991,5,1610,289740163,2818788885
GL862528.1,Chr5_supercontig_000000992,5,1684,289741847,2818790569
GL862529.1,Chr5_supercontig_000000993,5,1667,289743514,2818792236
GL862530.1,Chr5_supercontig_000000994,5,2323,289745837,2818794559
GL862531.1,Chr5_supercontig_000000995,5,1847,289747684,2818796406
GL862532.1,Chr5_supercontig_000000996,5,1677,289749361,2818798083
GL862533.1,Chr5_supercontig_000000997,5,2838,289752199,2818800921
GL862534.1,Chr5_supercontig_000000998,5,2158,289754357,2818803079
GL862535.1,Chr5_supercontig_000000999,5,1801,289756158,2818804880
GL862536.1,Chr5_supercontig_000001000,5,2093,289758251,2818806973
GL862537.1,Chr5_supercontig_000001001,5,1730,289759981,2818808703
GL862538.1,Chr5_supercontig_000001002,5,1915,289761896,2818810618
GL862539.1,Chr5_supercontig_000001003,5,2111,289764007,2818812729
GL862540.1,Chr5_supercontig_000001004,5,3967,289767974,2818816696
GL862541.1,Chr5_supercontig_000001005,5,2607,289770581,2818819303
GL862542.1,Chr5_supercontig_000001006,5,2350,289772931,2818821653
GL862543.1,Chr5_supercontig_000001007,5,1556,289774487,2818823209
GL862544.1,Chr5_supercontig_000001008,5,1789,289776276,2818824998
GL862545.1,Chr5_supercontig_000001009,5,1534,289777810,2818826532
GL862546.1,Chr5_supercontig_000001010,5,1583,289779393,2818828115
GL862547.1,Chr5_supercontig_000001011,5,1712,289781105,2818829827
GL862548.1,Chr5_supercontig_000001012,5,7620,289788725,2818837447
GL862549.1,Chr5_supercontig_000001013,5,3281,289792006,2818840728
GL862550.1,Chr5_supercontig_000001014,5,1564,289793570,2818842292
GL862551.1,Chr5_supercontig_000001015,5,4649,289798219,2818846941
GL862552.1,Chr5_supercontig_000001016,5,1538,289799757,2818848479
GL862553.1,Chr5_supercontig_000001017,5,1741,289801498,2818850220
GL862554.1,Chr5_supercontig_000001018,5,2032,289803530,2818852252
GL862555.1,Chr5_supercontig_000001019,5,5890,289809420,2818858142
GL862556.1,Chr5_supercontig_000001020,5,1745,289811165,2818859887
GL862557.1,Chr5_supercontig_000001021,5,1604,289812769,2818861491
GL862558.1,Chr5_supercontig_000001022,5,3416,289816185,2818864907
GL862559.1,Chr5_supercontig_000001023,5,1954,289818139,2818866861
GL862560.1,Chr5_supercontig_000001024,5,1916,289820055,2818868777
GL862561.1,Chr5_supercontig_000001025,5,4657,289824712,2818873434
GL862562.1,Chr5_supercontig_000001026,5,2093,289826805,2818875527
GL862563.1,Chr5_supercontig_000001027,5,3316,289830121,2818878843
GL862564.1,Chr5_supercontig_000001028,5,1596,289831717,2818880439
GL862565.1,Chr5_supercontig_000001029,5,1713,289833430,2818882152
GL862566.1,Chr5_supercontig_000001030,5,11408,289844838,2818893560
GL862567.1,Chr5_supercontig_000001031,5,11439,289856277,2818904999
GL862568.1,Chr5_supercontig_000001032,5,3927,289860204,2818908926
GL862569.1,Chr5_supercontig_000001033,5,3969,289864173,2818912895
GL862570.1,Chr5_supercontig_000001034,5,1776,289865949,2818914671
GL862571.1,Chr5_supercontig_000001035,5,2233,289868182,2818916904
GL862572.1,Chr5_supercontig_000001036,5,1934,289870116,2818918838
GL862573.1,Chr5_supercontig_000001037,5,4533,289874649,2818923371
GL862574.1,Chr5_supercontig_000001038,5,2300,289876949,2818925671
GL862575.1,Chr5_supercontig_000001039,5,2962,289879911,2818928633
GL862576.1,Chr5_supercontig_000001040,5,2132,289882043,2818930765
GL862577.1,Chr5_supercontig_000001041,5,5166,289887209,2818935931
GL862578.1,Chr5_supercontig_000001042,5,1893,289889102,2818937824
GL862579.1,Chr5_supercontig_000001043,5,5571,289894673,2818943395
GL862580.1,Chr5_supercontig_000001044,5,2052,289896725,2818945447
GL862581.1,Chr5_supercontig_000001045,5,2690,289899415,2818948137
GL862582.1,Chr5_supercontig_000001046,5,2306,289901721,2818950443
GL862583.1,Chr5_supercontig_000001047,5,2813,289904534,2818953256
GL862584.1,Chr5_supercontig_000001048,5,2612,289907146,2818955868
GL862585.1,Chr5_supercontig_000001049,5,2616,289909762,2818958484
GL862586.1,Chr5_supercontig_000001050,5,2385,289912147,2818960869
GL862587.1,Chr5_supercontig_000001051,5,1586,289913733,2818962455
GL862588.1,Chr5_supercontig_000001052,5,1537,289915270,2818963992
GL862589.1,Chr5_supercontig_000001053,5,3051,289918321,2818967043
GL862590.1,Chr5_supercontig_000001054,5,2131,289920452,2818969174
GL862591.1,Chr5_supercontig_000001055,5,2312,289922764,2818971486
GL862592.1,Chr5_supercontig_000001056,5,2136,289924900,2818973622
GL862593.1,Chr5_supercontig_000001057,5,1536,289926436,2818975158
GL862594.1,Chr5_supercontig_000001058,5,1640,289928076,2818976798
GL862595.1,Chr5_supercontig_000001059,5,12464,289940540,2818989262
GL862596.1,Chr5_supercontig_000001060,5,2140,289942680,2818991402
GL862597.1,Chr5_supercontig_000001061,5,3161,289945841,2818994563
GL862598.1,Chr5_supercontig_000001062,5,3051,289948892,2818997614
GL862599.1,Chr5_supercontig_000001063,5,2991,289951883,2819000605
GL862600.1,Chr5_supercontig_000001064,5,2232,289954115,2819002837
GL862601.1,Chr5_supercontig_000001065,5,3003,289957118,2819005840
GL862602.1,Chr5_supercontig_000001066,5,1796,289958914,2819007636
GL862603.1,Chr5_supercontig_000001067,5,2872,289961786,2819010508
GL862604.1,Chr5_supercontig_000001068,5,2204,289963990,2819012712
GL862605.1,Chr5_supercontig_000001069,5,1993,289965983,2819014705
GL862606.1,Chr5_supercontig_000001070,5,3818,289969801,2819018523
GL862607.1,Chr5_supercontig_000001071,5,2064,289971865,2819020587
GL862608.1,Chr5_supercontig_000001072,5,2214,289974079,2819022801
GL862609.1,Chr5_supercontig_000001073,5,2515,289976594,2819025316
GL862610.1,Chr5_supercontig_000001074,5,2523,289979117,2819027839
GL862611.1,Chr5_supercontig_000001075,5,1689,289980806,2819029528
GL862612.1,Chr5_supercontig_000001076,5,1984,289982790,2819031512
GL862613.1,Chr5_supercontig_000001077,5,2302,289985092,2819033814
GL862614.1,Chr5_supercontig_000001078,5,1601,289986693,2819035415
GL862615.1,Chr5_supercontig_000001079,5,1829,289988522,2819037244
GL862616.1,Chr5_supercontig_000001080,5,1759,289990281,2819039003
GL862617.1,Chr5_supercontig_000001081,5,2113,289992394,2819041116
GL862618.1,Chr5_supercontig_000001082,5,1776,289994170,2819042892
GL862619.1,Chr5_supercontig_000001083,5,3127,289997297,2819046019
GL862620.1,Chr5_supercontig_000001084,5,1661,289998958,2819047680
GL862621.1,Chr5_supercontig_000001085,5,1610,290000568,2819049290
GL862622.1,Chr5_supercontig_000001086,5,2029,290002597,2819051319
GL862623.1,Chr5_supercontig_000001087,5,1561,290004158,2819052880
GL862624.1,Chr5_supercontig_000001088,5,44344,290048502,2819097224
GL862625.1,Chr5_supercontig_000001089,5,2713,290051215,2819099937
GL862626.1,Chr5_supercontig_000001090,5,8792,290060007,2819108729
GL862627.1,Chr5_supercontig_000001091,5,11278,290071285,2819120007
GL862628.1,Chr5_supercontig_000001092,5,1670,290072955,2819121677
GL862629.1,Chr5_supercontig_000001093,5,2047,290075002,2819123724
GL862630.1,Chr5_supercontig_000001094,5,1754,290076756,2819125478
GL862631.1,Chr5_supercontig_000001095,5,3437,290080193,2819128915
GL862632.1,Chr5_supercontig_000001096,5,2039,290082232,2819130954
GL862633.1,Chr5_supercontig_000001097,5,1935,290084167,2819132889
GL862634.1,Chr5_supercontig_000001098,5,3336,290087503,2819136225
GL862635.1,Chr5_supercontig_000001099,5,1530,290089033,2819137755
GL862636.1,Chr5_supercontig_000001100,5,2121,290091154,2819139876
GL862637.1,Chr5_supercontig_000001101,5,2125,290093279,2819142001
GL862638.1,Chr5_supercontig_000001102,5,5943,290099222,2819147944
GL862639.1,Chr5_supercontig_000001103,5,2234,290101456,2819150178
GL862640.1,Chr5_supercontig_000001104,5,1633,290103089,2819151811
GL862641.1,Chr5_supercontig_000001105,5,5681,290108770,2819157492
GL862642.1,Chr5_supercontig_000001106,5,2061,290110831,2819159553
GL862643.1,Chr5_supercontig_000001107,5,2491,290113322,2819162044
GL862644.1,Chr5_supercontig_000001108,5,2248,290115570,2819164292
GL862645.1,Chr5_supercontig_000001109,5,2626,290118196,2819166918
GL862646.1,Chr5_supercontig_000001110,5,3436,290121632,2819170354
GL862647.1,Chr5_supercontig_000001111,5,1949,290123581,2819172303
GL862648.1,Chr5_supercontig_000001112,5,1534,290125115,2819173837
GL862649.1,Chr5_supercontig_000001113,5,1965,290127080,2819175802
GL862650.1,Chr5_supercontig_000001114,5,3130,290130210,2819178932
GL862651.1,Chr5_supercontig_000001115,5,5222,290135432,2819184154
GL862652.1,Chr5_supercontig_000001116,5,11995,290147427,2819196149
GL862653.1,Chr5_supercontig_000001117,5,2665,290150092,2819198814
GL862654.1,Chr5_supercontig_000001118,5,1938,290152030,2819200752
GL862655.1,Chr5_supercontig_000001119,5,9889,290161919,2819210641
GL862656.1,Chr5_supercontig_000001120,5,4108,290166027,2819214749
GL862657.1,Chr5_supercontig_000001121,5,2094,290168121,2819216843
GL862658.1,Chr5_supercontig_000001122,5,2938,290171059,2819219781
GL862659.1,Chr5_supercontig_000001123,5,2450,290173509,2819222231
GL862660.1,Chr5_supercontig_000001124,5,1759,290175268,2819223990
GL862661.1,Chr5_supercontig_000001125,5,1820,290177088,2819225810
GL862662.1,Chr5_supercontig_000001126,5,2547,290179635,2819228357
GL862663.1,Chr5_supercontig_000001127,5,1822,290181457,2819230179
GL862664.1,Chr5_supercontig_000001128,5,3454,290184911,2819233633
GL862665.1,Chr5_supercontig_000001129,5,6652,290191563,2819240285
GL862666.1,Chr5_supercontig_000001130,5,3220,290194783,2819243505
GL862667.1,Chr5_supercontig_000001131,5,2090,290196873,2819245595
GL862668.1,Chr5_supercontig_000001132,5,4716,290201589,2819250311
GL862669.1,Chr5_supercontig_000001133,5,1968,290203557,2819252279
GL862670.1,Chr5_supercontig_000001134,5,2069,290205626,2819254348
GL862671.1,Chr5_supercontig_000001135,5,3622,290209248,2819257970
GL862672.1,Chr5_supercontig_000001136,5,1943,290211191,2819259913
GL862673.1,Chr5_supercontig_000001137,5,11614,290222805,2819271527
GL862674.1,Chr5_supercontig_000001138,5,1674,290224479,2819273201
GL862675.1,Chr5_supercontig_000001139,5,3624,290228103,2819276825
GL862676.1,Chr5_supercontig_000001140,5,3374,290231477,2819280199
GL862677.1,Chr5_supercontig_000001141,5,2994,290234471,2819283193
GL862678.1,Chr5_supercontig_000001142,5,3528,290237999,2819286721
GL862679.1,Chr5_supercontig_000001143,5,2583,290240582,2819289304
GL862680.1,Chr5_supercontig_000001144,5,2281,290242863,2819291585
GL862681.1,Chr5_supercontig_000001145,5,2343,290245206,2819293928
GL862682.1,Chr5_supercontig_000001146,5,2175,290247381,2819296103
GL862683.1,Chr5_supercontig_000001147,5,2119,290249500,2819298222
GL862684.1,Chr5_supercontig_000001148,5,1806,290251306,2819300028
GL862685.1,Chr5_supercontig_000001149,5,2212,290253518,2819302240
GL862686.1,Chr5_supercontig_000001150,5,1920,290255438,2819304160
GL862687.1,Chr5_supercontig_000001151,5,3510,290258948,2819307670
GL862688.1,Chr5_supercontig_000001152,5,2114,290261062,2819309784
GL862689.1,Chr5_supercontig_000001153,5,4441,290265503,2819314225
GL862690.1,Chr5_supercontig_000001154,5,3931,290269434,2819318156
GL862691.1,Chr5_supercontig_000001155,5,5531,290274965,2819323687
GL862692.1,Chr5_supercontig_000001156,5,4979,290279944,2819328666
GL862693.1,Chr5_supercontig_000001157,5,14059,290294003,2819342725
GL862694.1,Chr5_supercontig_000001158,5,2319,290296322,2819345044
GL862695.1,Chr5_supercontig_000001159,5,1608,290297930,2819346652
GL862696.1,Chr5_supercontig_000001160,5,2427,290300357,2819349079
GL862697.1,Chr5_supercontig_000001161,5,2678,290303035,2819351757
GL862698.1,Chr5_supercontig_000001162,5,2877,290305912,2819354634
GL862699.1,Chr5_supercontig_000001163,5,5748,290311660,2819360382
GL862700.1,Chr5_supercontig_000001164,5,2812,290314472,2819363194
GL862701.1,Chr5_supercontig_000001165,5,4021,290318493,2819367215
GL862702.1,Chr5_supercontig_000001166,5,1862,290320355,2819369077
GL862703.1,Chr5_supercontig_000001167,5,3098,290323453,2819372175
GL862704.1,Chr5_supercontig_000001168,5,5595,290329048,2819377770
GL862705.1,Chr5_supercontig_000001169,5,13814,290342862,2819391584
GL862706.1,Chr5_supercontig_000001170,5,2015,290344877,2819393599
GL862707.1,Chr5_supercontig_000001171,5,1900,290346777,2819395499
GL862708.1,Chr5_supercontig_000001172,5,2832,290349609,2819398331
GL862709.1,Chr5_supercontig_000001173,5,3251,290352860,2819401582
GL862710.1,Chr5_supercontig_000001174,5,3735,290356595,2819405317
GL862711.1,Chr5_supercontig_000001175,5,1616,290358211,2819406933
GL862712.1,Chr5_supercontig_000001176,5,2155,290360366,2819409088
GL862713.1,Chr5_supercontig_000001177,5,2228,290362594,2819411316
GL862714.1,Chr5_supercontig_000001178,5,21470,290384064,2819432786
GL862715.1,Chr5_supercontig_000001179,5,2975,290387039,2819435761
GL862716.1,Chr5_supercontig_000001180,5,2187,290389226,2819437948
GL862717.1,Chr5_supercontig_000001181,5,2143,290391369,2819440091
GL862718.1,Chr5_supercontig_000001182,5,2725,290394094,2819442816
GL862719.1,Chr5_supercontig_000001183,5,3283,290397377,2819446099
GL862720.1,Chr5_supercontig_000001184,5,11019,290408396,2819457118
GL862721.1,Chr5_supercontig_000001185,5,2135,290410531,2819459253
GL862722.1,Chr5_supercontig_000001186,5,3372,290413903,2819462625
GL862723.1,Chr5_supercontig_000001187,5,1725,290415628,2819464350
GL862724.1,Chr5_supercontig_000001188,5,4402,290420030,2819468752
GL862725.1,Chr5_supercontig_000001189,5,1554,290421584,2819470306
GL862726.1,Chr5_supercontig_000001190,5,5064,290426648,2819475370
GL862727.1,Chr5_supercontig_000001191,5,1569,290428217,2819476939
GL862728.1,Chr5_supercontig_000001192,5,1889,290430106,2819478828
GL862729.1,Chr5_supercontig_000001193,5,2044,290432150,2819480872
GL862730.1,Chr5_supercontig_000001194,5,3888,290436038,2819484760
GL862731.1,Chr5_supercontig_000001195,5,4102,290440140,2819488862
GL862732.1,Chr5_supercontig_000001196,5,1822,290441962,2819490684
GL862733.1,Chr5_supercontig_000001197,5,5975,290447937,2819496659
GL862734.1,Chr5_supercontig_000001198,5,2335,290450272,2819498994
GL862735.1,Chr5_supercontig_000001199,5,6384,290456656,2819505378
GL862736.1,Chr5_supercontig_000001200,5,1920,290458576,2819507298
GL862737.1,Chr5_supercontig_000001201,5,4740,290463316,2819512038
GL862738.1,Chr5_supercontig_000001202,5,1874,290465190,2819513912
GL862739.1,Chr5_supercontig_000001203,5,1675,290466865,2819515587
GL862740.1,Chr5_supercontig_000001204,5,1999,290468864,2819517586
GL862741.1,Chr5_supercontig_000001205,5,2453,290471317,2819520039
GL862742.1,Chr5_supercontig_000001206,5,1770,290473087,2819521809
GL862743.1,Chr5_supercontig_000001207,5,3192,290476279,2819525001
GL862744.1,Chr5_supercontig_000001208,5,1615,290477894,2819526616
GL862745.1,Chr5_supercontig_000001209,5,2579,290480473,2819529195
GL862746.1,Chr5_supercontig_000001210,5,11314,290491787,2819540509
GL862747.1,Chr5_supercontig_000001211,5,5098,290496885,2819545607
GL862748.1,Chr5_supercontig_000001212,5,1928,290498813,2819547535
GL862749.1,Chr5_supercontig_000001213,5,2051,290500864,2819549586
GL862750.1,Chr5_supercontig_000001214,5,1986,290502850,2819551572
GL862751.1,Chr5_supercontig_000001215,5,8212,290511062,2819559784
GL862752.1,Chr5_supercontig_000001216,5,1864,290512926,2819561648
GL862753.1,Chr5_supercontig_000001217,5,4138,290517064,2819565786
GL862754.1,Chr5_supercontig_000001218,5,1764,290518828,2819567550
GL862755.1,Chr5_supercontig_000001219,5,6418,290525246,2819573968
GL862756.1,Chr5_supercontig_000001220,5,5293,290530539,2819579261
GL862757.1,Chr5_supercontig_000001221,5,9660,290540199,2819588921
GL862758.1,Chr5_supercontig_000001222,5,2310,290542509,2819591231
GL862759.1,Chr5_supercontig_000001223,5,5109,290547618,2819596340
GL862760.1,Chr5_supercontig_000001224,5,2571,290550189,2819598911
GL862761.1,Chr5_supercontig_000001225,5,4675,290554864,2819603586
GL862762.1,Chr5_supercontig_000001226,5,3071,290557935,2819606657
GL862763.1,Chr5_supercontig_000001227,5,1952,290559887,2819608609
GL862764.1,Chr5_supercontig_000001228,5,2885,290562772,2819611494
GL862765.1,Chr5_supercontig_000001229,5,1572,290564344,2819613066
GL862766.1,Chr5_supercontig_000001230,5,1704,290566048,2819614770
GL862767.1,Chr5_supercontig_000001231,5,1907,290567955,2819616677
GL862768.1,Chr5_supercontig_000001232,5,2866,290570821,2819619543
GL862769.1,Chr5_supercontig_000001233,5,1630,290572451,2819621173
GL862770.1,Chr5_supercontig_000001234,5,12355,290584806,2819633528
GL862771.1,Chr5_supercontig_000001235,5,12216,290597022,2819645744
GL862772.1,Chr5_supercontig_000001236,5,1620,290598642,2819647364
GL862773.1,Chr5_supercontig_000001237,5,14427,290613069,2819661791
GL862774.1,Chr5_supercontig_000001238,5,2874,290615943,2819664665
GL862775.1,Chr5_supercontig_000001239,5,2248,290618191,2819666913
GL862776.1,Chr5_supercontig_000001240,5,1586,290619777,2819668499
GL862777.1,Chr5_supercontig_000001241,5,2346,290622123,2819670845
GL862778.1,Chr5_supercontig_000001242,5,1836,290623959,2819672681
GL862779.1,Chr5_supercontig_000001243,5,1819,290625778,2819674500
GL862780.1,Chr5_supercontig_000001244,5,1861,290627639,2819676361
GL862781.1,Chr5_supercontig_000001245,5,3977,290631616,2819680338
GL862782.1,Chr5_supercontig_000001246,5,2625,290634241,2819682963
GL862783.1,Chr5_supercontig_000001247,5,2225,290636466,2819685188
GL862784.1,Chr5_supercontig_000001248,5,1775,290638241,2819686963
GL862785.1,Chr5_supercontig_000001249,5,22825,290661066,2819709788
GL862786.1,Chr5_supercontig_000001250,5,6250,290667316,2819716038
GL862787.1,Chr5_supercontig_000001251,5,1871,290669187,2819717909
GL862788.1,Chr5_supercontig_000001252,5,2174,290671361,2819720083
GL862789.1,Chr5_supercontig_000001253,5,3322,290674683,2819723405
GL862790.1,Chr5_supercontig_000001254,5,2954,290677637,2819726359
GL862791.1,Chr5_supercontig_000001255,5,1866,290679503,2819728225
GL862792.1,Chr5_supercontig_000001256,5,1627,290681130,2819729852
GL862793.1,Chr5_supercontig_000001257,5,2980,290684110,2819732832
GL862794.1,Chr5_supercontig_000001258,5,7611,290691721,2819740443
GL862795.1,Chr5_supercontig_000001259,5,2436,290694157,2819742879
GL862796.1,Chr5_supercontig_000001260,5,1596,290695753,2819744475
GL862797.1,Chr5_supercontig_000001261,5,1557,290697310,2819746032
GL862798.1,Chr5_supercontig_000001262,5,2907,290700217,2819748939
GL862799.1,Chr5_supercontig_000001263,5,2276,290702493,2819751215
GL862800.1,Chr5_supercontig_000001264,5,1852,290704345,2819753067
GL862801.1,Chr5_supercontig_000001265,5,1518,290705863,2819754585
GL862802.1,Chr5_supercontig_000001266,5,1837,290707700,2819756422
GL862803.1,Chr5_supercontig_000001267,5,1610,290709310,2819758032
GL862804.1,Chr5_supercontig_000001268,5,2044,290711354,2819760076
GL862805.1,Chr5_supercontig_000001269,5,2692,290714046,2819762768
GL862806.1,Chr5_supercontig_000001270,5,1817,290715863,2819764585
GL862807.1,Chr5_supercontig_000001271,5,8659,290724522,2819773244
GL862808.1,Chr5_supercontig_000001272,5,2849,290727371,2819776093
GL862809.1,Chr5_supercontig_000001273,5,1550,290728921,2819777643
GL862810.1,Chr5_supercontig_000001274,5,1751,290730672,2819779394
GL862811.1,Chr5_supercontig_000001275,5,2088,290732760,2819781482
GL862812.1,Chr5_supercontig_000001276,5,1633,290734393,2819783115
GL862813.1,Chr5_supercontig_000001277,5,1684,290736077,2819784799
GL862814.1,Chr5_supercontig_000001278,5,18098,290754175,2819802897
GL862815.1,Chr5_supercontig_000001279,5,5447,290759622,2819808344
GL862816.1,Chr5_supercontig_000001280,5,2200,290761822,2819810544
GL862817.1,Chr5_supercontig_000001281,5,16945,290778767,2819827489
GL862818.1,Chr5_supercontig_000001282,5,3938,290782705,2819831427
GL862819.1,Chr5_supercontig_000001283,5,7057,290789762,2819838484
GL862820.1,Chr5_supercontig_000001284,5,7864,290797626,2819846348
GL862821.1,Chr5_supercontig_000001285,5,3692,290801318,2819850040
GL862822.1,Chr5_supercontig_000001286,5,3485,290804803,2819853525
GL862823.1,Chr5_supercontig_000001287,5,1569,290806372,2819855094
GL862824.1,Chr5_supercontig_000001288,5,4223,290810595,2819859317
GL862825.1,Chr5_supercontig_000001289,5,1716,290812311,2819861033
GL862826.1,Chr5_supercontig_000001290,5,1933,290814244,2819862966
GL862827.1,Chr5_supercontig_000001291,5,1652,290815896,2819864618
GL862828.1,Chr5_supercontig_000001292,5,2902,290818798,2819867520
GL862829.1,Chr5_supercontig_000001293,5,3077,290821875,2819870597
GL862830.1,Chr5_supercontig_000001294,5,2955,290824830,2819873552
GL862831.1,Chr5_supercontig_000001295,5,1550,290826380,2819875102
GL862832.1,Chr5_supercontig_000001296,5,1974,290828354,2819877076
GL862833.1,Chr5_supercontig_000001297,5,1570,290829924,2819878646
GL862834.1,Chr5_supercontig_000001298,5,2255,290832179,2819880901
GL862835.1,Chr5_supercontig_000001299,5,1528,290833707,2819882429
GL862836.1,Chr5_supercontig_000001300,5,2143,290835850,2819884572
GL862837.1,Chr5_supercontig_000001301,5,2372,290838222,2819886944
GL862838.1,Chr5_supercontig_000001302,5,5632,290843854,2819892576
GL862839.1,Chr5_supercontig_000001303,5,1838,290845692,2819894414
GL862840.1,Chr5_supercontig_000001304,5,2524,290848216,2819896938
GL862841.1,Chr5_supercontig_000001305,5,1711,290849927,2819898649
GL862842.1,Chr5_supercontig_000001306,5,3219,290853146,2819901868
GL862843.1,Chr5_supercontig_000001307,5,3867,290857013,2819905735
GL862844.1,Chr5_supercontig_000001308,5,2703,290859716,2819908438
GL862845.1,Chr5_supercontig_000001309,5,9151,290868867,2819917589
GL862846.1,Chr5_supercontig_000001310,5,2964,290871831,2819920553
GL862847.1,Chr5_supercontig_000001311,5,1578,290873409,2819922131
GL862848.1,Chr5_supercontig_000001312,5,5770,290879179,2819927901
GL862849.1,Chr5_supercontig_000001313,5,2681,290881860,2819930582
GL862850.1,Chr5_supercontig_000001314,5,1700,290883560,2819932282
GL862851.1,Chr5_supercontig_000001315,5,1774,290885334,2819934056
GL862852.1,Chr5_supercontig_000001316,5,2586,290887920,2819936642
GL862853.1,Chr5_supercontig_000001317,5,1506,290889426,2819938148
GL862854.1,Chr5_supercontig_000001318,5,2138,290891564,2819940286
GL862855.1,Chr5_supercontig_000001319,5,1835,290893399,2819942121
GL862856.1,Chr5_supercontig_000001320,5,3163,290896562,2819945284
GL862857.1,Chr5_supercontig_000001321,5,3717,290900279,2819949001
GL862858.1,Chr5_supercontig_000001322,5,1888,290902167,2819950889
GL862859.1,Chr5_supercontig_000001323,5,3270,290905437,2819954159
GL862860.1,Chr5_supercontig_000001324,5,3001,290908438,2819957160
GL862861.1,Chr5_supercontig_000001325,5,2710,290911148,2819959870
GL862862.1,Chr5_supercontig_000001326,5,4441,290915589,2819964311
GL862863.1,Chr5_supercontig_000001327,5,4325,290919914,2819968636
GL862864.1,Chr5_supercontig_000001328,5,2784,290922698,2819971420
GL862865.1,Chr5_supercontig_000001329,5,2355,290925053,2819973775
GL862866.1,Chr5_supercontig_000001330,5,2535,290927588,2819976310
GL862867.1,Chr5_supercontig_000001331,5,1848,290929436,2819978158
GL862868.1,Chr5_supercontig_000001332,5,17911,290947347,2819996069
GL862869.1,Chr5_supercontig_000001333,5,3795,290951142,2819999864
GL862870.1,Chr5_supercontig_000001334,5,1970,290953112,2820001834
GL862871.1,Chr5_supercontig_000001335,5,3849,290956961,2820005683
GL862872.1,Chr5_supercontig_000001336,5,4714,290961675,2820010397
GL862873.1,Chr5_supercontig_000001337,5,2971,290964646,2820013368
GL862874.1,Chr5_supercontig_000001338,5,3776,290968422,2820017144
GL862875.1,Chr5_supercontig_000001339,5,1806,290970228,2820018950
GL862876.1,Chr5_supercontig_000001340,5,3042,290973270,2820021992
GL862877.1,Chr5_supercontig_000001341,5,3136,290976406,2820025128
GL862878.1,Chr5_supercontig_000001342,5,1529,290977935,2820026657
GL862879.1,Chr5_supercontig_000001343,5,1655,290979590,2820028312
GL862880.1,Chr5_supercontig_000001344,5,4426,290984016,2820032738
GL862881.1,Chr5_supercontig_000001345,5,1564,290985580,2820034302
GL862882.1,Chr5_supercontig_000001346,5,2161,290987741,2820036463
GL862883.1,Chr5_supercontig_000001347,5,1704,290989445,2820038167
GL862884.1,Chr5_supercontig_000001348,5,1579,290991024,2820039746
GL862885.1,Chr5_supercontig_000001349,5,2944,290993968,2820042690
GL862886.1,Chr5_supercontig_000001350,5,2568,290996536,2820045258
GL862887.1,Chr5_supercontig_000001351,5,1925,290998461,2820047183
GL862888.1,Chr5_supercontig_000001352,5,1867,291000328,2820049050
GL862889.1,Chr5_supercontig_000001353,5,1693,291002021,2820050743
GL862890.1,Chr5_supercontig_000001354,5,20314,291022335,2820071057
GL862891.1,Chr5_supercontig_000001355,5,5846,291028181,2820076903
GL862892.1,Chr5_supercontig_000001356,5,2697,291030878,2820079600
GL862893.1,Chr5_supercontig_000001357,5,2714,291033592,2820082314
GL862894.1,Chr5_supercontig_000001358,5,4984,291038576,2820087298
GL862895.1,Chr5_supercontig_000001359,5,1927,291040503,2820089225
GL862896.1,Chr5_supercontig_000001360,5,1829,291042332,2820091054
GL862897.1,Chr5_supercontig_000001361,5,3847,291046179,2820094901
GL862898.1,Chr5_supercontig_000001362,5,2027,291048206,2820096928
GL862899.1,Chr5_supercontig_000001363,5,2002,291050208,2820098930
GL862900.1,Chr5_supercontig_000001364,5,1535,291051743,2820100465
GL862901.1,Chr5_supercontig_000001365,5,2853,291054596,2820103318
GL862902.1,Chr5_supercontig_000001366,5,1807,291056403,2820105125
GL862903.1,Chr5_supercontig_000001367,5,2325,291058728,2820107450
GL862904.1,Chr5_supercontig_000001368,5,2358,291061086,2820109808
GL862905.1,Chr5_supercontig_000001369,5,4097,291065183,2820113905
GL862906.1,Chr5_supercontig_000001370,5,1687,291066870,2820115592
GL862907.1,Chr5_supercontig_000001371,5,5428,291072298,2820121020
GL862908.1,Chr5_supercontig_000001372,5,4044,291076342,2820125064
GL862909.1,Chr5_supercontig_000001373,5,1510,291077852,2820126574
GL862910.1,Chr5_supercontig_000001374,5,4219,291082071,2820130793
GL862911.1,Chr5_supercontig_000001375,5,3110,291085181,2820133903
GL862912.1,Chr5_supercontig_000001376,5,2397,291087578,2820136300
GL862913.1,Chr5_supercontig_000001377,5,6152,291093730,2820142452
GL862914.1,Chr5_supercontig_000001378,5,3730,291097460,2820146182
GL862915.1,Chr5_supercontig_000001379,5,1838,291099298,2820148020
GL862916.1,Chr5_supercontig_000001380,5,1975,291101273,2820149995
GL862917.1,Chr5_supercontig_000001381,5,1757,291103030,2820151752
GL862918.1,Chr5_supercontig_000001382,5,1635,291104665,2820153387
GL862919.1,Chr5_supercontig_000001383,5,2420,291107085,2820155807
GL862920.1,Chr5_supercontig_000001384,5,3136,291110221,2820158943
GL862921.1,Chr5_supercontig_000001385,5,2782,291113003,2820161725
GL862922.1,Chr5_supercontig_000001386,5,2029,291115032,2820163754
GL862923.1,Chr5_supercontig_000001387,5,3006,291118038,2820166760
GL862924.1,Chr5_supercontig_000001388,5,3573,291121611,2820170333
GL862925.1,Chr5_supercontig_000001389,5,1684,291123295,2820172017
GL862926.1,Chr5_supercontig_000001390,5,1950,291125245,2820173967
GL862927.1,Chr5_supercontig_000001391,5,1962,291127207,2820175929
GL862928.1,Chr5_supercontig_000001392,5,1518,291128725,2820177447
GL862929.1,Chr5_supercontig_000001393,5,1712,291130437,2820179159
GL862930.1,Chr5_supercontig_000001394,5,2811,291133248,2820181970
GL862931.1,Chr5_supercontig_000001395,5,2426,291135674,2820184396
GL862932.1,Chr5_supercontig_000001396,5,3419,291139093,2820187815
GL862933.1,Chr5_supercontig_000001397,5,2716,291141809,2820190531
GL862934.1,Chr5_supercontig_000001398,5,2093,291143902,2820192624
GL862935.1,Chr5_supercontig_000001399,5,1818,291145720,2820194442
GL862936.1,Chr5_supercontig_000001400,5,5433,291151153,2820199875
GL862937.1,Chr5_supercontig_000001401,5,2763,291153916,2820202638
GL862938.1,Chr5_supercontig_000001402,5,32241,291186157,2820234879
GL862939.1,Chr5_supercontig_000001403,5,4968,291191125,2820239847
GL862940.1,Chr5_supercontig_000001404,5,1867,291192992,2820241714
GL862941.1,Chr5_supercontig_000001405,5,4406,291197398,2820246120
GL862942.1,Chr5_supercontig_000001406,5,1710,291199108,2820247830
GL862943.1,Chr5_supercontig_000001407,5,1846,291200954,2820249676
GL862944.1,Chr5_supercontig_000001408,5,4064,291205018,2820253740
GL862945.1,Chr5_supercontig_000001409,5,1863,291206881,2820255603
GL862946.1,Chr5_supercontig_000001410,5,2888,291209769,2820258491
GL862947.1,Chr5_supercontig_000001411,5,3881,291213650,2820262372
GL862948.1,Chr5_supercontig_000001412,5,19589,291233239,2820281961
GL862949.1,Chr5_supercontig_000001413,5,13466,291246705,2820295427
GL862950.1,Chr5_supercontig_000001414,5,8203,291254908,2820303630
GL862951.1,Chr5_supercontig_000001415,5,10471,291265379,2820314101
GL862952.1,Chr5_supercontig_000001416,5,7414,291272793,2820321515
GL862953.1,Chr5_supercontig_000001417,5,20382,291293175,2820341897
GL862954.1,Chr5_supercontig_000001418,5,8301,291301476,2820350198
GL862955.1,Chr5_supercontig_000001419,5,6391,291307867,2820356589
GL862956.1,Chr5_supercontig_000001420,5,1771,291309638,2820358360
GL862957.1,Chr5_supercontig_000001421,5,2122,291311760,2820360482
GL862958.1,Chr5_supercontig_000001422,5,2595,291314355,2820363077
GL862959.1,Chr5_supercontig_000001423,5,1724,291316079,2820364801
GL862960.1,Chr5_supercontig_000001424,5,2479,291318558,2820367280
GL862961.1,Chr5_supercontig_000001425,5,2406,291320964,2820369686
GL862962.1,Chr5_supercontig_000001426,5,2030,291322994,2820371716
GL862963.1,Chr5_supercontig_000001427,5,1784,291324778,2820373500
GL862964.1,Chr5_supercontig_000001428,5,2222,291327000,2820375722
GL862965.1,Chr5_supercontig_000001429,5,4017,291331017,2820379739
GL862966.1,Chr5_supercontig_000001430,5,3592,291334609,2820383331
GL862967.1,Chr5_supercontig_000001431,5,2509,291337118,2820385840
GL862968.1,Chr5_supercontig_000001432,5,2373,291339491,2820388213
GL862969.1,Chr5_supercontig_000001433,5,1830,291341321,2820390043
GL862970.1,Chr5_supercontig_000001434,5,4719,291346040,2820394762
GL862971.1,Chr5_supercontig_000001435,5,3653,291349693,2820398415
GL862972.1,Chr5_supercontig_000001436,5,1776,291351469,2820400191
GL862973.1,Chr5_supercontig_000001437,5,2366,291353835,2820402557
GL862974.1,Chr5_supercontig_000001438,5,2014,291355849,2820404571
GL862975.1,Chr5_supercontig_000001439,5,1977,291357826,2820406548
GL862976.1,Chr5_supercontig_000001440,5,1678,291359504,2820408226
GL862977.1,Chr5_supercontig_000001441,5,2255,291361759,2820410481
GL862978.1,Chr5_supercontig_000001442,5,1527,291363286,2820412008
GL862979.1,Chr5_supercontig_000001443,5,1579,291364865,2820413587
GL862980.1,Chr5_supercontig_000001444,5,2806,291367671,2820416393
GL862981.1,Chr5_supercontig_000001445,5,2918,291370589,2820419311
GL862982.1,Chr5_supercontig_000001446,5,1529,291372118,2820420840
GL862983.1,Chr5_supercontig_000001447,5,2268,291374386,2820423108
GL862984.1,Chr5_supercontig_000001448,5,1883,291376269,2820424991
GL862985.1,Chr5_supercontig_000001449,5,2230,291378499,2820427221
GL862986.1,Chr5_supercontig_000001450,5,2418,291380917,2820429639
GL862987.1,Chr5_supercontig_000001451,5,1867,291382784,2820431506
GL862988.1,Chr5_supercontig_000001452,5,2648,291385432,2820434154
GL862989.1,Chr5_supercontig_000001453,5,1770,291387202,2820435924
GL862990.1,Chr5_supercontig_000001454,5,3728,291390930,2820439652
GL862991.1,Chr5_supercontig_000001455,5,3964,291394894,2820443616
GL862992.1,Chr5_supercontig_000001456,5,10088,291404982,2820453704
GL862993.1,Chr5_supercontig_000001457,5,1807,291406789,2820455511
GL862994.1,Chr5_supercontig_000001458,5,1968,291408757,2820457479
GL862995.1,Chr5_supercontig_000001459,5,2657,291411414,2820460136
GL862996.1,Chr5_supercontig_000001460,5,3103,291414517,2820463239
GL862997.1,Chr5_supercontig_000001461,5,3903,291418420,2820467142
GL862998.1,Chr5_supercontig_000001462,5,2020,291420440,2820469162
GL862999.1,Chr5_supercontig_000001463,5,1502,291421942,2820470664
GL863000.1,Chr5_supercontig_000001464,5,2459,291424401,2820473123
GL863001.1,Chr5_supercontig_000001465,5,1942,291426343,2820475065
GL863002.1,Chr5_supercontig_000001466,5,2100,291428443,2820477165
GL863003.1,Chr5_supercontig_000001467,5,12934,291441377,2820490099
GL863004.1,Chr5_supercontig_000001468,5,6554,291447931,2820496653
GL863005.1,Chr5_supercontig_000001469,5,2189,291450120,2820498842
GL863006.1,Chr5_supercontig_000001470,5,2188,291452308,2820501030
GL863007.1,Chr5_supercontig_000001471,5,7190,291459498,2820508220
GL863008.1,Chr5_supercontig_000001472,5,1645,291461143,2820509865
GL863009.1,Chr5_supercontig_000001473,5,4698,291465841,2820514563
GL863010.1,Chr5_supercontig_000001474,5,2150,291467991,2820516713
GL863011.1,Chr5_supercontig_000001475,5,1994,291469985,2820518707
GL863012.1,Chr5_supercontig_000001476,5,1628,291471613,2820520335
GL863013.1,Chr5_supercontig_000001477,5,1604,291473217,2820521939
GL863014.1,Chr5_supercontig_000001478,5,2793,291476010,2820524732
GL863015.1,Chr5_supercontig_000001479,5,2221,291478231,2820526953
GL863016.1,Chr5_supercontig_000001480,5,2378,291480609,2820529331
GL863017.1,Chr5_supercontig_000001481,5,1721,291482330,2820531052
GL863018.1,Chr5_supercontig_000001482,5,1632,291483962,2820532684
GL863019.1,Chr5_supercontig_000001483,5,2009,291485971,2820534693
GL863020.1,Chr5_supercontig_000001484,5,2295,291488266,2820536988
GL863021.1,Chr5_supercontig_000001485,5,1883,291490149,2820538871
GL863022.1,Chr5_supercontig_000001486,5,2997,291493146,2820541868
GL863023.1,Chr5_supercontig_000001487,5,2283,291495429,2820544151
GL863024.1,Chr5_supercontig_000001488,5,1757,291497186,2820545908
GL863025.1,Chr5_supercontig_000001489,5,2636,291499822,2820548544
GL863026.1,Chr5_supercontig_000001490,5,3476,291503298,2820552020
GL863027.1,Chr5_supercontig_000001491,5,1888,291505186,2820553908
GL863028.1,Chr5_supercontig_000001492,5,6264,291511450,2820560172
GL863029.1,Chr5_supercontig_000001493,5,1584,291513034,2820561756
GL863030.1,Chr5_supercontig_000001494,5,1702,291514736,2820563458
GL863031.1,Chr5_supercontig_000001495,5,1539,291516275,2820564997
GL863032.1,Chr5_supercontig_000001496,5,1515,291517790,2820566512
GL863033.1,Chr5_supercontig_000001497,5,1500,291519290,2820568012
GL863034.1,Chr5_supercontig_000001498,5,1978,291521268,2820569990
GL863035.1,Chr5_supercontig_000001499,5,2161,291523429,2820572151
GL863036.1,Chr5_supercontig_000001500,5,2189,291525618,2820574340
GL863037.1,Chr5_supercontig_000001501,5,5578,291531196,2820579918
GL863038.1,Chr5_supercontig_000001502,5,5790,291536986,2820585708
GL863039.1,Chr5_supercontig_000001503,5,15519,291552505,2820601227
GL863040.1,Chr5_supercontig_000001504,5,1743,291554248,2820602970
GL863041.1,Chr5_supercontig_000001505,5,6633,291560881,2820609603
GL863042.1,Chr5_supercontig_000001506,5,8568,291569449,2820618171
GL863043.1,Chr5_supercontig_000001507,5,2476,291571925,2820620647
GL863044.1,Chr5_supercontig_000001508,5,8562,291580487,2820629209
GL863045.1,Chr5_supercontig_000001509,5,2524,291583011,2820631733
GL863046.1,Chr5_supercontig_000001510,5,2133,291585144,2820633866
GL863047.1,Chr5_supercontig_000001511,5,2184,291587328,2820636050
GL863048.1,Chr5_supercontig_000001512,5,1849,291589177,2820637899
GL863049.1,Chr5_supercontig_000001513,5,2065,291591242,2820639964
GL863050.1,Chr5_supercontig_000001514,5,2872,291594114,2820642836
GL863051.1,Chr5_supercontig_000001515,5,4290,291598404,2820647126
GL863052.1,Chr5_supercontig_000001516,5,2599,291601003,2820649725
GL863053.1,Chr5_supercontig_000001517,5,4424,291605427,2820654149
GL863054.1,Chr5_supercontig_000001518,5,2697,291608124,2820656846
GL863055.1,Chr5_supercontig_000001519,5,2209,291610333,2820659055
GL863056.1,Chr5_supercontig_000001520,5,1645,291611978,2820660700
GL863057.1,Chr5_supercontig_000001521,5,2365,291614343,2820663065
GL863058.1,Chr5_supercontig_000001522,5,3085,291617428,2820666150
GL863059.1,Chr5_supercontig_000001523,5,1542,291618970,2820667692
GL863060.1,Chr5_supercontig_000001524,5,11398,291630368,2820679090
GL863061.1,Chr5_supercontig_000001525,5,2980,291633348,2820682070
GL863062.1,Chr5_supercontig_000001526,5,10448,291643796,2820692518
GL863063.1,Chr5_supercontig_000001527,5,6334,291650130,2820698852
GL863064.1,Chr5_supercontig_000001528,5,3732,291653862,2820702584
GL863065.1,Chr5_supercontig_000001529,5,1940,291655802,2820704524
GL863066.1,Chr5_supercontig_000001530,5,2937,291658739,2820707461
GL863067.1,Chr5_supercontig_000001531,5,4904,291663643,2820712365
GL863068.1,Chr5_supercontig_000001532,5,2379,291666022,2820714744
GL863069.1,Chr5_supercontig_000001533,5,2381,291668403,2820717125
GL863070.1,Chr5_supercontig_000001534,5,6945,291675348,2820724070
GL863071.1,Chr5_supercontig_000001535,5,3475,291678823,2820727545
GL863072.1,Chr5_supercontig_000001536,5,3909,291682732,2820731454
GL863073.1,Chr5_supercontig_000001537,5,3596,291686328,2820735050
GL863074.1,Chr5_supercontig_000001538,5,4405,291690733,2820739455
GL863075.1,Chr5_supercontig_000001539,5,2394,291693127,2820741849
GL863076.1,Chr5_supercontig_000001540,5,2610,291695737,2820744459
GL863077.1,Chr5_supercontig_000001541,5,5718,291701455,2820750177
GL863078.1,Chr5_supercontig_000001542,5,2582,291704037,2820752759
GL863079.1,Chr5_supercontig_000001543,5,2029,291706066,2820754788
GL863080.1,Chr5_supercontig_000001544,5,2506,291708572,2820757294
GL863081.1,Chr5_supercontig_000001545,5,2769,291711341,2820760063
GL863082.1,Chr5_supercontig_000001546,5,3324,291714665,2820763387
GL863083.1,Chr5_supercontig_000001547,5,2431,291717096,2820765818
GL863084.1,Chr5_supercontig_000001548,5,1682,291718778,2820767500
GL863085.1,Chr5_supercontig_000001549,5,2561,291721339,2820770061
GL863086.1,Chr5_supercontig_000001550,5,1726,291723065,2820771787
GL863087.1,Chr5_supercontig_000001551,5,2572,291725637,2820774359
GL863088.1,Chr5_supercontig_000001552,5,1646,291727283,2820776005
GL863089.1,Chr5_supercontig_000001553,5,2423,291729706,2820778428
GL863090.1,Chr5_supercontig_000001554,5,2591,291732297,2820781019
GL863091.1,Chr5_supercontig_000001555,5,3280,291735577,2820784299
GL863092.1,Chr5_supercontig_000001556,5,3814,291739391,2820788113
GL863093.1,Chr5_supercontig_000001557,5,1581,291740972,2820789694
GL863094.1,Chr5_supercontig_000001558,5,25214,291766186,2820814908
GL863095.1,Chr5_supercontig_000001559,5,6505,291772691,2820821413
GL863096.1,Chr5_supercontig_000001560,5,3056,291775747,2820824469
GL863097.1,Chr5_supercontig_000001561,5,1731,291777478,2820826200
GL863098.1,Chr5_supercontig_000001562,5,2095,291779573,2820828295
GL863099.1,Chr5_supercontig_000001563,5,3288,291782861,2820831583
GL863100.1,Chr5_supercontig_000001564,5,4639,291787500,2820836222
GL863101.1,Chr5_supercontig_000001565,5,1527,291789027,2820837749
GL863102.1,Chr5_supercontig_000001566,5,4435,291793462,2820842184
GL863103.1,Chr5_supercontig_000001567,5,3003,291796465,2820845187
GL863104.1,Chr5_supercontig_000001568,5,5661,291802126,2820850848
GL863105.1,Chr5_supercontig_000001569,5,1759,291803885,2820852607
GL863106.1,Chr5_supercontig_000001570,5,2532,291806417,2820855139
GL863107.1,Chr5_supercontig_000001571,5,2142,291808559,2820857281
GL863108.1,Chr5_supercontig_000001572,5,4032,291812591,2820861313
GL863109.1,Chr5_supercontig_000001573,5,2300,291814891,2820863613
GL863110.1,Chr5_supercontig_000001574,5,4560,291819451,2820868173
GL863111.1,Chr5_supercontig_000001575,5,6054,291825505,2820874227
GL863112.1,Chr5_supercontig_000001576,5,8370,291833875,2820882597
GL863113.1,Chr5_supercontig_000001577,5,2720,291836595,2820885317
GL863114.1,Chr5_supercontig_000001578,5,9223,291845818,2820894540
GL863115.1,Chr5_supercontig_000001579,5,7075,291852893,2820901615
GL863116.1,Chr5_supercontig_000001580,5,25435,291878328,2820927050
GL863117.1,Chr5_supercontig_000001581,5,20971,291899299,2820948021
GL863118.1,Chr5_supercontig_000001582,5,1636,291900935,2820949657
GL863119.1,Chr5_supercontig_000001583,5,4675,291905610,2820954332
GL863120.1,Chr5_supercontig_000001584,5,1528,291907138,2820955860
GL863121.1,Chr5_supercontig_000001585,5,4581,291911719,2820960441
GL863122.1,Chr5_supercontig_000001586,5,5616,291917335,2820966057
GL863123.1,Chr5_supercontig_000001587,5,6143,291923478,2820972200
GL863124.1,Chr5_supercontig_000001588,5,1501,291924979,2820973701
GL863125.1,Chr5_supercontig_000001589,5,2360,291927339,2820976061
GL863126.1,Chr5_supercontig_000001590,5,1541,291928880,2820977602
GL863127.1,Chr5_supercontig_000001591,5,2107,291930987,2820979709
GL863128.1,Chr5_supercontig_000001592,5,1586,291932573,2820981295
GL863129.1,Chr5_supercontig_000001593,5,2382,291934955,2820983677
GL863130.1,Chr5_supercontig_000001594,5,1699,291936654,2820985376
GL863131.1,Chr5_supercontig_000001595,5,2497,291939151,2820987873
GL863132.1,Chr5_supercontig_000001596,5,1733,291940884,2820989606
GL863133.1,Chr5_supercontig_000001597,5,6854,291947738,2820996460
GL863134.1,Chr5_supercontig_000001598,5,2401,291950139,2820998861
GL863135.1,Chr5_supercontig_000001599,5,1718,291951857,2821000579
GL863136.1,Chr5_supercontig_000001600,5,2955,291954812,2821003534
GL863137.1,Chr5_supercontig_000001601,5,2622,291957434,2821006156
GL863138.1,Chr5_supercontig_000001602,5,1537,291958971,2821007693
GL863139.1,Chr5_supercontig_000001603,5,3157,291962128,2821010850
GL863140.1,Chr5_supercontig_000001604,5,3589,291965717,2821014439
GL863141.1,Chr5_supercontig_000001605,5,2149,291967866,2821016588
GL863142.1,Chr5_supercontig_000001606,5,2625,291970491,2821019213
GL863143.1,Chr5_supercontig_000001607,5,3002,291973493,2821022215
GL863144.1,Chr5_supercontig_000001608,5,3041,291976534,2821025256
GL863145.1,Chr5_supercontig_000001609,5,2132,291978666,2821027388
GL863146.1,Chr5_supercontig_000001610,5,2316,291980982,2821029704
GL863147.1,Chr5_supercontig_000001611,5,2401,291983383,2821032105
GL863148.1,Chr5_supercontig_000001612,5,30689,292014072,2821062794
GL863149.1,Chr5_supercontig_000001613,5,4270,292018342,2821067064
GL863150.1,Chr5_supercontig_000001614,5,3996,292022338,2821071060
GL863151.1,Chr5_supercontig_000001615,5,2158,292024496,2821073218
GL863152.1,Chr5_supercontig_000001616,5,2459,292026955,2821075677
GL863153.1,Chr5_supercontig_000001617,5,1954,292028909,2821077631
GL863154.1,Chr5_supercontig_000001618,5,5426,292034335,2821083057
GL863155.1,Chr5_supercontig_000001619,5,2211,292036546,2821085268
GL863156.1,Chr5_supercontig_000001620,5,1909,292038455,2821087177
GL863157.1,Chr5_supercontig_000001621,5,2995,292041450,2821090172
GL863158.1,Chr5_supercontig_000001622,5,1696,292043146,2821091868
GL863159.1,Chr5_supercontig_000001623,5,1569,292044715,2821093437
GL863160.1,Chr5_supercontig_000001624,5,3882,292048597,2821097319
GL863161.1,Chr5_supercontig_000001625,5,32475,292081072,2821129794
GL863162.1,Chr5_supercontig_000001626,5,1578,292082650,2821131372
GL863163.1,Chr5_supercontig_000001627,5,3248,292085898,2821134620
GL863164.1,Chr5_supercontig_000001628,5,6676,292092574,2821141296
GL863165.1,Chr5_supercontig_000001629,5,1767,292094341,2821143063
GL863166.1,Chr5_supercontig_000001630,5,1880,292096221,2821144943
GL863167.1,Chr5_supercontig_000001631,5,3552,292099773,2821148495
GL863168.1,Chr5_supercontig_000001632,5,2343,292102116,2821150838
GL863169.1,Chr5_supercontig_000001633,5,8066,292110182,2821158904
GL863170.1,Chr5_supercontig_000001634,5,3724,292113906,2821162628
GL863171.1,Chr5_supercontig_000001635,5,1585,292115491,2821164213
GL863172.1,Chr5_supercontig_000001636,5,1537,292117028,2821165750
GL863173.1,Chr5_supercontig_000001637,5,2847,292119875,2821168597
GL863174.1,Chr5_supercontig_000001638,5,2533,292122408,2821171130
GL863175.1,Chr5_supercontig_000001639,5,1648,292124056,2821172778
GL863176.1,Chr5_supercontig_000001640,5,2188,292126244,2821174966
GL863177.1,Chr5_supercontig_000001641,5,2590,292128834,2821177556
GL863178.1,Chr5_supercontig_000001642,5,4913,292133747,2821182469
GL863179.1,Chr5_supercontig_000001643,5,3657,292137404,2821186126
GL863180.1,Chr5_supercontig_000001644,5,1605,292139009,2821187731
GL863181.1,Chr5_supercontig_000001645,5,1575,292140584,2821189306
GL863182.1,Chr5_supercontig_000001646,5,4556,292145140,2821193862
GL863183.1,Chr5_supercontig_000001647,5,1791,292146931,2821195653
GL863184.1,Chr5_supercontig_000001648,5,4933,292151864,2821200586
GL863185.1,Chr5_supercontig_000001649,5,11371,292163235,2821211957
GL863186.1,Chr5_supercontig_000001650,5,5125,292168360,2821217082
GL863187.1,Chr5_supercontig_000001651,5,7902,292176262,2821224984
GL863188.1,Chr5_supercontig_000001652,5,2821,292179083,2821227805
GL863189.1,Chr5_supercontig_000001653,5,14866,292193949,2821242671
GL863190.1,Chr5_supercontig_000001654,5,2719,292196668,2821245390
GL863191.1,Chr5_supercontig_000001655,5,1733,292198401,2821247123
GL863192.1,Chr5_supercontig_000001656,5,3884,292202285,2821251007
GL863193.1,Chr5_supercontig_000001657,5,2029,292204314,2821253036
GL863194.1,Chr5_supercontig_000001658,5,4878,292209192,2821257914
GL863195.1,Chr5_supercontig_000001659,5,1852,292211044,2821259766
GL863196.1,Chr5_supercontig_000001660,5,3752,292214796,2821263518
GL863197.1,Chr5_supercontig_000001661,5,2255,292217051,2821265773
GL863198.1,Chr5_supercontig_000001662,5,1797,292218848,2821267570
GL863199.1,Chr5_supercontig_000001663,5,3221,292222069,2821270791
GL863200.1,Chr5_supercontig_000001664,5,3302,292225371,2821274093
GL863201.1,Chr5_supercontig_000001665,5,4689,292230060,2821278782
GL863202.1,Chr5_supercontig_000001666,5,2047,292232107,2821280829
GL863203.1,Chr5_supercontig_000001667,5,3706,292235813,2821284535
GL863204.1,Chr5_supercontig_000001668,5,1698,292237511,2821286233
GL863205.1,Chr5_supercontig_000001669,5,1634,292239145,2821287867
GL863206.1,Chr5_supercontig_000001670,5,2123,292241268,2821289990
GL863207.1,Chr5_supercontig_000001671,5,3198,292244466,2821293188
GL863208.1,Chr5_supercontig_000001672,5,1631,292246097,2821294819
GL863209.1,Chr5_supercontig_000001673,5,3928,292250025,2821298747
GL863210.1,Chr5_supercontig_000001674,5,2662,292252687,2821301409
GL863211.1,Chr5_supercontig_000001675,5,1956,292254643,2821303365
GL863212.1,Chr5_supercontig_000001676,5,1780,292256423,2821305145
GL863213.1,Chr5_supercontig_000001677,5,3584,292260007,2821308729
GL863214.1,Chr5_supercontig_000001678,5,2381,292262388,2821311110
GL863215.1,Chr5_supercontig_000001679,5,3077,292265465,2821314187
GL863216.1,Chr5_supercontig_000001680,5,1926,292267391,2821316113
GL863217.1,Chr5_supercontig_000001681,5,1849,292269240,2821317962
GL863218.1,Chr5_supercontig_000001682,5,3437,292272677,2821321399
GL863219.1,Chr5_supercontig_000001683,5,2138,292274815,2821323537
GL863220.1,Chr5_supercontig_000001684,5,3110,292277925,2821326647
GL863221.1,Chr5_supercontig_000001685,5,1806,292279731,2821328453
GL863222.1,Chr5_supercontig_000001686,5,3550,292283281,2821332003
GL863223.1,Chr5_supercontig_000001687,5,2148,292285429,2821334151
GL863224.1,Chr5_supercontig_000001688,5,1730,292287159,2821335881
GL863225.1,Chr5_supercontig_000001689,5,2036,292289195,2821337917
GL863226.1,Chr5_supercontig_000001690,5,1875,292291070,2821339792
GL863227.1,Chr5_supercontig_000001691,5,3005,292294075,2821342797
GL863228.1,Chr5_supercontig_000001692,5,2203,292296278,2821345000
GL863229.1,Chr5_supercontig_000001693,5,2708,292298986,2821347708
GL863230.1,Chr5_supercontig_000001694,5,2105,292301091,2821349813
GL863231.1,Chr5_supercontig_000001695,5,1896,292302987,2821351709
GL863232.1,Chr5_supercontig_000001696,5,3615,292306602,2821355324
GL863233.1,Chr5_supercontig_000001697,5,2991,292309593,2821358315
GL863234.1,Chr5_supercontig_000001698,5,1836,292311429,2821360151
GL863235.1,Chr5_supercontig_000001699,5,1519,292312948,2821361670
GL863236.1,Chr5_supercontig_000001700,5,4614,292317562,2821366284
GL863237.1,Chr5_supercontig_000001701,5,3616,292321178,2821369900
GL863238.1,Chr5_supercontig_000001702,5,2456,292323634,2821372356
GL863239.1,Chr5_supercontig_000001703,5,2198,292325832,2821374554
GL863240.1,Chr5_supercontig_000001704,5,1864,292327696,2821376418
GL863241.1,Chr5_supercontig_000001705,5,2099,292329795,2821378517
GL863242.1,Chr5_supercontig_000001706,5,5936,292335731,2821384453
GL863243.1,Chr5_supercontig_000001707,5,3746,292339477,2821388199
GL863244.1,Chr5_supercontig_000001708,5,2517,292341994,2821390716
GL863245.1,Chr5_supercontig_000001709,5,3567,292345561,2821394283
GL863246.1,Chr5_supercontig_000001710,5,2517,292348078,2821396800
GL863247.1,Chr5_supercontig_000001711,5,2349,292350427,2821399149
GL863248.1,Chr5_supercontig_000001712,5,7496,292357923,2821406645
GL863249.1,Chr5_supercontig_000001713,5,1970,292359893,2821408615
GL863250.1,Chr5_supercontig_000001714,5,3996,292363889,2821412611
GL863251.1,Chr5_supercontig_000001715,5,1737,292365626,2821414348
GL863252.1,Chr5_supercontig_000001716,5,2545,292368171,2821416893
GL863253.1,Chr5_supercontig_000001717,5,12980,292381151,2821429873
GL863254.1,Chr5_supercontig_000001718,5,2242,292383393,2821432115
GL863255.1,Chr5_supercontig_000001719,5,7040,292390433,2821439155
GL863256.1,Chr5_supercontig_000001720,5,16524,292406957,2821455679
GL863257.1,Chr5_supercontig_000001721,5,7377,292414334,2821463056
GL863258.1,Chr5_supercontig_000001722,5,3680,292418014,2821466736
GL863259.1,Chr5_supercontig_000001723,5,2143,292420157,2821468879
GL863260.1,Chr5_supercontig_000001724,5,1636,292421793,2821470515
GL863261.1,Chr5_supercontig_000001725,5,1890,292423683,2821472405
GL863262.1,Chr5_supercontig_000001726,5,2207,292425890,2821474612
GL863263.1,Chr5_supercontig_000001727,5,2049,292427939,2821476661
GL863264.1,Chr5_supercontig_000001728,5,1673,292429612,2821478334
GL863265.1,Chr5_supercontig_000001729,5,1527,292431139,2821479861
GL863266.1,Chr5_supercontig_000001730,5,1636,292432775,2821481497
GL863267.1,Chr5_supercontig_000001731,5,3413,292436188,2821484910
GL863268.1,Chr5_supercontig_000001732,5,2334,292438522,2821487244
GL863269.1,Chr5_supercontig_000001733,5,1885,292440407,2821489129
GL863270.1,Chr5_supercontig_000001734,5,2266,292442673,2821491395
GL863271.1,Chr5_supercontig_000001735,5,1898,292444571,2821493293
GL863272.1,Chr5_supercontig_000001736,5,2203,292446774,2821495496
GL863273.1,Chr5_supercontig_000001737,5,1693,292448467,2821497189
GL863274.1,Chr5_supercontig_000001738,5,1830,292450297,2821499019
GL863275.1,Chr5_supercontig_000001739,5,1983,292452280,2821501002
GL863276.1,Chr5_supercontig_000001740,5,1771,292454051,2821502773
GL863277.1,Chr5_supercontig_000001741,5,1615,292455666,2821504388
GL863278.1,Chr5_supercontig_000001742,5,1827,292457493,2821506215
GL863279.1,Chr5_supercontig_000001743,5,1995,292459488,2821508210
GL863280.1,Chr5_supercontig_000001744,5,2168,292461656,2821510378
GL863281.1,Chr5_supercontig_000001745,5,2481,292464137,2821512859
GL863282.1,Chr5_supercontig_000001746,5,2558,292466695,2821515417
GL863283.1,Chr5_supercontig_000001747,5,1615,292468310,2821517032
GL863284.1,Chr5_supercontig_000001748,5,2728,292471038,2821519760
GL863285.1,Chr5_supercontig_000001749,5,4264,292475302,2821524024
GL863286.1,Chr5_supercontig_000001750,5,3048,292478350,2821527072
GL863287.1,Chr5_supercontig_000001751,5,3582,292481932,2821530654
GL863288.1,Chr5_supercontig_000001752,5,3402,292485334,2821534056
GL863289.1,Chr5_supercontig_000001753,5,2395,292487729,2821536451
GL863290.1,Chr5_supercontig_000001754,5,2577,292490306,2821539028
GL863291.1,Chr5_supercontig_000001755,5,1509,292491815,2821540537
GL863292.1,Chr5_supercontig_000001756,5,3929,292495744,2821544466
GL863293.1,Chr5_supercontig_000001757,5,1691,292497435,2821546157
GL863294.1,Chr5_supercontig_000001758,5,1960,292499395,2821548117
GL863295.1,Chr5_supercontig_000001759,5,6639,292506034,2821554756
GL863296.1,Chr5_supercontig_000001760,5,3209,292509243,2821557965
GL863297.1,Chr5_supercontig_000001761,5,2378,292511621,2821560343
GL863298.1,Chr5_supercontig_000001762,5,1970,292513591,2821562313
GL863299.1,Chr5_supercontig_000001763,5,1550,292515141,2821563863
GL863300.1,Chr5_supercontig_000001764,5,1633,292516774,2821565496
GL863301.1,Chr5_supercontig_000001765,5,4908,292521682,2821570404
GL863302.1,Chr5_supercontig_000001766,5,1549,292523231,2821571953
GL863303.1,Chr5_supercontig_000001767,5,2044,292525275,2821573997
GL863304.1,Chr5_supercontig_000001768,5,1882,292527157,2821575879
GL863305.1,Chr5_supercontig_000001769,5,1728,292528885,2821577607
GL863306.1,Chr5_supercontig_000001770,5,3936,292532821,2821581543
GL863307.1,Chr5_supercontig_000001771,5,3714,292536535,2821585257
GL863308.1,Chr5_supercontig_000001772,5,1679,292538214,2821586936
GL863309.1,Chr5_supercontig_000001773,5,1681,292539895,2821588617
GL863310.1,Chr5_supercontig_000001774,5,2667,292542562,2821591284
GL863311.1,Chr5_supercontig_000001775,5,2882,292545444,2821594166
GL863312.1,Chr5_supercontig_000001776,5,3342,292548786,2821597508
GL863313.1,Chr5_supercontig_000001777,5,1578,292550364,2821599086
GL863314.1,Chr5_supercontig_000001778,5,2544,292552908,2821601630
GL863315.1,Chr5_supercontig_000001779,5,1702,292554610,2821603332
GL863316.1,Chr5_supercontig_000001780,5,1600,292556210,2821604932
GL863317.1,Chr5_supercontig_000001781,5,7861,292564071,2821612793
GL863318.1,Chr5_supercontig_000001782,5,1717,292565788,2821614510
GL863319.1,Chr5_supercontig_000001783,5,1756,292567544,2821616266
GL863320.1,Chr5_supercontig_000001784,5,3031,292570575,2821619297
GL863321.1,Chr5_supercontig_000001785,5,4265,292574840,2821623562
GL863322.1,Chr5_supercontig_000001786,5,6274,292581114,2821629836
GL863323.1,Chr5_supercontig_000001787,5,2423,292583537,2821632259
GL863324.1,Chr5_supercontig_000001788,5,2252,292585789,2821634511
GL863325.1,Chr5_supercontig_000001789,5,8788,292594577,2821643299
GL863326.1,Chr5_supercontig_000001790,5,2462,292597039,2821645761
GL863327.1,Chr5_supercontig_000001791,5,1506,292598545,2821647267
GL863328.1,Chr5_supercontig_000001792,5,10227,292608772,2821657494
GL863329.1,Chr5_supercontig_000001793,5,1728,292610500,2821659222
GL863330.1,Chr5_supercontig_000001794,5,1847,292612347,2821661069
GL863331.1,Chr5_supercontig_000001795,5,2776,292615123,2821663845
GL863332.1,Chr5_supercontig_000001796,5,1597,292616720,2821665442
GL863333.1,Chr5_supercontig_000001797,5,1524,292618244,2821666966
GL863334.1,Chr5_supercontig_000001798,5,1902,292620146,2821668868
GL863335.1,Chr5_supercontig_000001799,5,2166,292622312,2821671034
GL863336.1,Chr5_supercontig_000001800,5,1985,292624297,2821673019
GL863337.1,Chr5_supercontig_000001801,5,2871,292627168,2821675890
GL863338.1,Chr5_supercontig_000001802,5,2942,292630110,2821678832
GL863339.1,Chr5_supercontig_000001803,5,1967,292632077,2821680799
GL863340.1,Chr5_supercontig_000001804,5,3143,292635220,2821683942
GL863341.1,Chr5_supercontig_000001805,5,5421,292640641,2821689363
GL863342.1,Chr5_supercontig_000001806,5,3373,292644014,2821692736
GL863343.1,Chr5_supercontig_000001807,5,2606,292646620,2821695342
GL863344.1,Chr5_supercontig_000001808,5,2257,292648877,2821697599
GL863345.1,Chr5_supercontig_000001809,5,3524,292652401,2821701123
GL863346.1,Chr5_supercontig_000001810,5,7980,292660381,2821709103
GL863347.1,Chr5_supercontig_000001811,5,2608,292662989,2821711711
GL863348.1,Chr5_supercontig_000001812,5,4696,292667685,2821716407
GL863349.1,Chr5_supercontig_000001813,5,2774,292670459,2821719181
GL863350.1,Chr5_supercontig_000001814,5,1622,292672081,2821720803
GL863351.1,Chr5_supercontig_000001815,5,1788,292673869,2821722591
GL863352.1,Chr5_supercontig_000001816,5,1888,292675757,2821724479
GL863353.1,Chr5_supercontig_000001817,5,2241,292677998,2821726720
GL863354.1,Chr5_supercontig_000001818,5,1809,292679807,2821728529
GL863355.1,Chr5_supercontig_000001819,5,1978,292681785,2821730507
GL863356.1,Chr5_supercontig_000001820,5,3253,292685038,2821733760
GL863357.1,Chr5_supercontig_000001821,5,2029,292687067,2821735789
GL863358.1,Chr5_supercontig_000001822,5,13579,292700646,2821749368
GL863359.1,Chr5_supercontig_000001823,5,2993,292703639,2821752361
GL863360.1,Chr5_supercontig_000001824,5,3306,292706945,2821755667
GL863361.1,Chr5_supercontig_000001825,5,1922,292708867,2821757589
GL863362.1,Chr5_supercontig_000001826,5,3793,292712660,2821761382
GL863363.1,Chr5_supercontig_000001827,5,4249,292716909,2821765631
GL863364.1,Chr5_supercontig_000001828,5,5155,292722064,2821770786
GL863365.1,Chr5_supercontig_000001829,5,1615,292723679,2821772401
GL863366.1,Chr5_supercontig_000001830,5,1750,292725429,2821774151
GL863367.1,Chr5_supercontig_000001831,5,1866,292727295,2821776017
GL863368.1,Chr5_supercontig_000001832,5,2063,292729358,2821778080
GL863369.1,Chr5_supercontig_000001833,5,1614,292730972,2821779694
GL863370.1,Chr5_supercontig_000001834,5,2610,292733582,2821782304
GL863371.1,Chr5_supercontig_000001835,5,1509,292735091,2821783813
GL863372.1,Chr5_supercontig_000001836,5,1563,292736654,2821785376
GL863373.1,Chr5_supercontig_000001837,5,5185,292741839,2821790561
GL863374.1,Chr5_supercontig_000001838,5,3157,292744996,2821793718
GL863375.1,Chr5_supercontig_000001839,5,1647,292746643,2821795365
GL863376.1,Chr5_supercontig_000001840,5,5664,292752307,2821801029
GL863377.1,Chr5_supercontig_000001841,5,2986,292755293,2821804015
GL863378.1,Chr5_supercontig_000001842,5,4468,292759761,2821808483
GL863379.1,Chr5_supercontig_000001843,5,2153,292761914,2821810636
GL863380.1,Chr5_supercontig_000001844,5,2195,292764109,2821812831
GL863381.1,Chr5_supercontig_000001845,5,7109,292771218,2821819940
GL863382.1,Chr5_supercontig_000001846,5,1824,292773042,2821821764
GL863383.1,Chr5_supercontig_000001847,5,1672,292774714,2821823436
GL863384.1,Chr5_supercontig_000001848,5,4152,292778866,2821827588
GL863385.1,Chr5_supercontig_000001849,5,4256,292783122,2821831844
GL863386.1,Chr5_supercontig_000001850,5,1936,292785058,2821833780
GL863387.1,Chr5_supercontig_000001851,5,2590,292787648,2821836370
GL863388.1,Chr5_supercontig_000001852,5,5345,292792993,2821841715
GL863389.1,Chr5_supercontig_000001853,5,1542,292794535,2821843257
GL863390.1,Chr5_supercontig_000001854,5,2598,292797133,2821845855
GL863391.1,Chr5_supercontig_000001855,5,2086,292799219,2821847941
GL863392.1,Chr5_supercontig_000001856,5,3058,292802277,2821850999
GL863393.1,Chr5_supercontig_000001857,5,2210,292804487,2821853209
GL863394.1,Chr5_supercontig_000001858,5,1891,292806378,2821855100
GL863395.1,Chr5_supercontig_000001859,5,3363,292809741,2821858463
GL863396.1,Chr5_supercontig_000001860,5,2973,292812714,2821861436
GL863397.1,Chr5_supercontig_000001861,5,1675,292814389,2821863111
GL863398.1,Chr5_supercontig_000001862,5,1733,292816122,2821864844
GL863399.1,Chr5_supercontig_000001863,5,1555,292817677,2821866399
GL863400.1,Chr5_supercontig_000001864,5,2177,292819854,2821868576
GL863401.1,Chr5_supercontig_000001865,5,3608,292823462,2821872184
GL863402.1,Chr5_supercontig_000001866,5,1655,292825117,2821873839
GL863403.1,Chr5_supercontig_000001867,5,1530,292826647,2821875369
GL863404.1,Chr5_supercontig_000001868,5,2945,292829592,2821878314
GL863405.1,Chr5_supercontig_000001869,5,2785,292832377,2821881099
GL863406.1,Chr5_supercontig_000001870,5,3187,292835564,2821884286
GL863407.1,Chr5_supercontig_000001871,5,1578,292837142,2821885864
GL863408.1,Chr5_supercontig_000001872,5,9345,292846487,2821895209
GL863409.1,Chr5_supercontig_000001873,5,1677,292848164,2821896886
GL863410.1,Chr5_supercontig_000001874,5,1590,292849754,2821898476
GL863411.1,Chr5_supercontig_000001875,5,2316,292852070,2821900792
GL863412.1,Chr5_supercontig_000001876,5,2414,292854484,2821903206
GL863413.1,Chr5_supercontig_000001877,5,4763,292859247,2821907969
GL863414.1,Chr5_supercontig_000001878,5,4295,292863542,2821912264
GL863415.1,Chr5_supercontig_000001879,5,6402,292869944,2821918666
GL863416.1,Chr5_supercontig_000001880,5,1804,292871748,2821920470
GL863417.1,Chr5_supercontig_000001881,5,2448,292874196,2821922918
GL863418.1,Chr5_supercontig_000001882,5,2096,292876292,2821925014
GL863419.1,Chr5_supercontig_000001883,5,2816,292879108,2821927830
GL863420.1,Chr5_supercontig_000001884,5,2705,292881813,2821930535
GL863421.1,Chr5_supercontig_000001885,5,2678,292884491,2821933213
GL863422.1,Chr5_supercontig_000001886,5,10774,292895265,2821943987
GL863423.1,Chr5_supercontig_000001887,5,1751,292897016,2821945738
GL863424.1,Chr5_supercontig_000001888,5,2434,292899450,2821948172
GL863425.1,Chr5_supercontig_000001889,5,8702,292908152,2821956874
GL863426.1,Chr5_supercontig_000001890,5,14236,292922388,2821971110
GL863427.1,Chr5_supercontig_000001891,5,2496,292924884,2821973606
GL863428.1,Chr5_supercontig_000001892,5,6836,292931720,2821980442
GL863429.1,Chr5_supercontig_000001893,5,2288,292934008,2821982730
GL863430.1,Chr5_supercontig_000001894,5,4411,292938419,2821987141
GL863431.1,Chr5_supercontig_000001895,5,2056,292940475,2821989197
GL863432.1,Chr5_supercontig_000001896,5,13371,292953846,2822002568
GL863433.1,Chr5_supercontig_000001897,5,2670,292956516,2822005238
GL863434.1,Chr5_supercontig_000001898,5,2795,292959311,2822008033
GL863435.1,Chr5_supercontig_000001899,5,2506,292961817,2822010539
GL863436.1,Chr5_supercontig_000001900,5,6714,292968531,2822017253
GL863437.1,Chr5_supercontig_000001901,5,1967,292970498,2822019220
GL863438.1,Chr5_supercontig_000001902,5,4964,292975462,2822024184
GL863439.1,Chr5_supercontig_000001903,5,2595,292978057,2822026779
GL863440.1,Chr5_supercontig_000001904,5,3897,292981954,2822030676
GL863441.1,Chr5_supercontig_000001905,5,1807,292983761,2822032483
GL863442.1,Chr5_supercontig_000001906,5,2806,292986567,2822035289
GL863443.1,Chr5_supercontig_000001907,5,2375,292988942,2822037664
GL863444.1,Chr5_supercontig_000001908,5,7471,292996413,2822045135
GL863445.1,Chr5_supercontig_000001909,5,2251,292998664,2822047386
GL863446.1,Chr5_supercontig_000001910,5,6763,293005427,2822054149
GL863447.1,Chr5_supercontig_000001911,5,2465,293007892,2822056614
GL863448.1,Chr5_supercontig_000001912,5,1955,293009847,2822058569
GL863449.1,Chr5_supercontig_000001913,5,3446,293013293,2822062015
GL863450.1,Chr5_supercontig_000001914,5,1557,293014850,2822063572
GL863451.1,Chr5_supercontig_000001915,5,2543,293017393,2822066115
GL863452.1,Chr5_supercontig_000001916,5,2234,293019627,2822068349
GL863453.1,Chr5_supercontig_000001917,5,4462,293024089,2822072811
GL863454.1,Chr5_supercontig_000001918,5,3314,293027403,2822076125
GL863455.1,Chr5_supercontig_000001919,5,1691,293029094,2822077816
GL863456.1,Chr5_supercontig_000001920,5,2041,293031135,2822079857
GL863457.1,Chr5_supercontig_000001921,5,1630,293032765,2822081487
GL863458.1,Chr5_supercontig_000001922,5,2399,293035164,2822083886
GL863459.1,Chr5_supercontig_000001923,5,1576,293036740,2822085462
GL863460.1,Chr5_supercontig_000001924,5,2191,293038931,2822087653
GL863461.1,Chr5_supercontig_000001925,5,3272,293042203,2822090925
GL863462.1,Chr5_supercontig_000001926,5,1501,293043704,2822092426
GL863463.1,Chr5_supercontig_000001927,5,2526,293046230,2822094952
GL863464.1,Chr5_supercontig_000001928,5,2547,293048777,2822097499
GL863465.1,Chr5_supercontig_000001929,5,2403,293051180,2822099902
GL863466.1,Chr5_supercontig_000001930,5,3026,293054206,2822102928
GL863467.1,Chr5_supercontig_000001931,5,2632,293056838,2822105560
GL863468.1,Chr5_supercontig_000001932,5,1502,293058340,2822107062
GL863469.1,Chr5_supercontig_000001933,5,1812,293060152,2822108874
GL863470.1,Chr5_supercontig_000001934,5,2564,293062716,2822111438
GL863471.1,Chr5_supercontig_000001935,5,5974,293068690,2822117412
GL863472.1,Chr5_supercontig_000001936,5,3238,293071928,2822120650
GL863473.1,Chr5_supercontig_000001937,5,2220,293074148,2822122870
GL863474.1,Chr5_supercontig_000001938,5,1957,293076105,2822124827
GL863475.1,Chr5_supercontig_000001939,5,3294,293079399,2822128121
GL863476.1,Chr5_supercontig_000001940,5,2672,293082071,2822130793
GL863477.1,Chr5_supercontig_000001941,5,4328,293086399,2822135121
GL863478.1,Chr5_supercontig_000001942,5,2805,293089204,2822137926
GL863479.1,Chr5_supercontig_000001943,5,1932,293091136,2822139858
GL863480.1,Chr5_supercontig_000001944,5,2932,293094068,2822142790
GL863481.1,Chr5_supercontig_000001945,5,1990,293096058,2822144780
GL863482.1,Chr5_supercontig_000001946,5,4269,293100327,2822149049
GL863483.1,Chr5_supercontig_000001947,5,3957,293104284,2822153006
GL863484.1,Chr5_supercontig_000001948,5,1819,293106103,2822154825
GL863485.1,Chr5_supercontig_000001949,5,1866,293107969,2822156691
GL863486.1,Chr5_supercontig_000001950,5,2652,293110621,2822159343
GL863487.1,Chr5_supercontig_000001951,5,2095,293112716,2822161438
GL863488.1,Chr5_supercontig_000001952,5,2485,293115201,2822163923
GL863489.1,Chr5_supercontig_000001953,5,10707,293125908,2822174630
GL863490.1,Chr5_supercontig_000001954,5,2492,293128400,2822177122
GL863491.1,Chr5_supercontig_000001955,5,6430,293134830,2822183552
GL863492.1,Chr5_supercontig_000001956,5,1538,293136368,2822185090
GL863493.1,Chr5_supercontig_000001957,5,1507,293137875,2822186597
GL863494.1,Chr5_supercontig_000001958,5,5970,293143845,2822192567
GL863495.1,Chr5_supercontig_000001959,5,2672,293146517,2822195239
GL863496.1,Chr5_supercontig_000001960,5,2826,293149343,2822198065
GL863497.1,Chr5_supercontig_000001961,5,1583,293150926,2822199648
GL863498.1,Chr5_supercontig_000001962,5,1867,293152793,2822201515
GL863499.1,Chr5_supercontig_000001963,5,1659,293154452,2822203174
GL863500.1,Chr5_supercontig_000001964,5,1712,293156164,2822204886
GL863501.1,Chr5_supercontig_000001965,5,2264,293158428,2822207150
GL863502.1,Chr5_supercontig_000001966,5,4125,293162553,2822211275
GL863503.1,Chr5_supercontig_000001967,5,1666,293164219,2822212941
GL863504.1,Chr5_supercontig_000001968,5,4774,293168993,2822217715
GL863505.1,Chr5_supercontig_000001969,5,1793,293170786,2822219508
GL863506.1,Chr5_supercontig_000001970,5,2502,293173288,2822222010
GL863507.1,Chr5_supercontig_000001971,5,2214,293175502,2822224224
GL863508.1,Chr5_supercontig_000001972,5,2285,293177787,2822226509
GL863509.1,Chr5_supercontig_000001973,5,3171,293180958,2822229680
GL863510.1,Chr5_supercontig_000001974,5,3597,293184555,2822233277
GL863511.1,Chr5_supercontig_000001975,5,1985,293186540,2822235262
GL863512.1,Chr5_supercontig_000001976,5,1668,293188208,2822236930
GL863513.1,Chr5_supercontig_000001977,5,1602,293189810,2822238532
GL863514.1,Chr5_supercontig_000001978,5,3810,293193620,2822242342
GL863515.1,Chr5_supercontig_000001979,5,7215,293200835,2822249557
GL863516.1,Chr5_supercontig_000001980,5,2472,293203307,2822252029
GL863517.1,Chr5_supercontig_000001981,5,3217,293206524,2822255246
GL863518.1,Chr5_supercontig_000001982,5,4122,293210646,2822259368
GL863519.1,Chr5_supercontig_000001983,5,4030,293214676,2822263398
GL863520.1,Chr5_supercontig_000001984,5,2793,293217469,2822266191
GL863521.1,Chr5_supercontig_000001985,5,3802,293221271,2822269993
GL863522.1,Chr5_supercontig_000001986,5,1540,293222811,2822271533
GL863523.1,Chr5_supercontig_000001987,5,3121,293225932,2822274654
GL863524.1,Chr5_supercontig_000001988,5,30877,293256809,2822305531
GL863525.1,Chr5_supercontig_000001989,5,1680,293258489,2822307211
GL863526.1,Chr5_supercontig_000001990,5,1543,293260032,2822308754
GL863527.1,Chr5_supercontig_000001991,5,1861,293261893,2822310615
GL863528.1,Chr5_supercontig_000001992,5,1585,293263478,2822312200
GL863529.1,Chr5_supercontig_000001993,5,2396,293265874,2822314596
GL863530.1,Chr5_supercontig_000001994,5,3280,293269154,2822317876
GL863531.1,Chr5_supercontig_000001995,5,4531,293273685,2822322407
GL863532.1,Chr5_supercontig_000001996,5,1862,293275547,2822324269
GL863533.1,Chr5_supercontig_000001997,5,2994,293278541,2822327263
GL863534.1,Chr5_supercontig_000001998,5,1896,293280437,2822329159
GL863535.1,Chr5_supercontig_000001999,5,3046,293283483,2822332205
GL863536.1,Chr5_supercontig_000002000,5,3372,293286855,2822335577
GL863537.1,Chr5_supercontig_000002001,5,1827,293288682,2822337404
GL863538.1,Chr5_supercontig_000002002,5,2489,293291171,2822339893
GL863539.1,Chr5_supercontig_000002003,5,1689,293292860,2822341582
GL863540.1,Chr5_supercontig_000002004,5,1644,293294504,2822343226
GL863541.1,Chr5_supercontig_000002005,5,1815,293296319,2822345041
GL863542.1,Chr5_supercontig_000002006,5,1769,293298088,2822346810
GL863543.1,Chr5_supercontig_000002007,5,1819,293299907,2822348629
GL863544.1,Chr5_supercontig_000002008,5,1550,293301457,2822350179
GL863545.1,Chr5_supercontig_000002009,5,1548,293303005,2822351727
GL863546.1,Chr5_supercontig_000002010,5,1572,293304577,2822353299
GL863547.1,Chr5_supercontig_000002011,5,4554,293309131,2822357853
GL863548.1,Chr5_supercontig_000002012,5,1969,293311100,2822359822
GL863549.1,Chr5_supercontig_000002013,5,1588,293312688,2822361410
GL863550.1,Chr5_supercontig_000002014,5,1853,293314541,2822363263
GL863551.1,Chr5_supercontig_000002015,5,2239,293316780,2822365502
GL863552.1,Chr5_supercontig_000002016,5,1926,293318706,2822367428
GL863553.1,Chr5_supercontig_000002017,5,1559,293320265,2822368987
GL863554.1,Chr5_supercontig_000002018,5,1638,293321903,2822370625
GL863555.1,Chr5_supercontig_000002019,5,2500,293324403,2822373125
GL863556.1,Chr5_supercontig_000002020,5,1586,293325989,2822374711
GL863557.1,Chr5_supercontig_000002021,5,1682,293327671,2822376393
GL863558.1,Chr5_supercontig_000002022,5,2050,293329721,2822378443
GL863559.1,Chr5_supercontig_000002023,5,2937,293332658,2822381380
GL863560.1,Chr5_supercontig_000002024,5,2880,293335538,2822384260
GL863561.1,Chr5_supercontig_000002025,5,2290,293337828,2822386550
GL863562.1,Chr5_supercontig_000002026,5,2252,293340080,2822388802
GL863563.1,Chr5_supercontig_000002027,5,2099,293342179,2822390901
GL863564.1,Chr5_supercontig_000002028,5,2015,293344194,2822392916
GL863565.1,Chr5_supercontig_000002029,5,3449,293347643,2822396365
GL863566.1,Chr5_supercontig_000002030,5,2008,293349651,2822398373
GL863567.1,Chr5_supercontig_000002031,5,4560,293354211,2822402933
GL863568.1,Chr5_supercontig_000002032,5,2439,293356650,2822405372
GL863569.1,Chr5_supercontig_000002033,5,2634,293359284,2822408006
GL863570.1,Chr5_supercontig_000002034,5,2140,293361424,2822410146
GL863571.1,Chr5_supercontig_000002035,5,1925,293363349,2822412071
GL863572.1,Chr5_supercontig_000002036,5,2885,293366234,2822414956
GL863573.1,Chr5_supercontig_000002037,5,2279,293368513,2822417235
GL863574.1,Chr5_supercontig_000002038,5,2945,293371458,2822420180
GL863575.1,Chr5_supercontig_000002039,5,1851,293373309,2822422031
GL863576.1,Chr5_supercontig_000002040,5,1590,293374899,2822423621
GL863577.1,Chr5_supercontig_000002041,5,2071,293376970,2822425692
GL863578.1,Chr5_supercontig_000002042,5,1647,293378617,2822427339
GL863579.1,Chr5_supercontig_000002043,5,1599,293380216,2822428938
GL863580.1,Chr5_supercontig_000002044,5,1949,293382165,2822430887
GL863581.1,Chr5_supercontig_000002045,5,1880,293384045,2822432767
GL863582.1,Chr5_supercontig_000002046,5,3326,293387371,2822436093
GL863583.1,Chr5_supercontig_000002047,5,2637,293390008,2822438730
GL863584.1,Chr5_supercontig_000002048,5,1559,293391567,2822440289
GL863585.1,Chr5_supercontig_000002049,5,2092,293393659,2822442381
GL863586.1,Chr5_supercontig_000002050,5,3044,293396703,2822445425
GL863587.1,Chr5_supercontig_000002051,5,2153,293398856,2822447578
GL863588.1,Chr5_supercontig_000002052,5,1672,293400528,2822449250
GL863589.1,Chr5_supercontig_000002053,5,3725,293404253,2822452975
GL863590.1,Chr5_supercontig_000002054,5,3464,293407717,2822456439
GL863591.1,Chr5_supercontig_000002055,5,1639,293409356,2822458078
GL863592.1,Chr5_supercontig_000002056,5,1773,293411129,2822459851
GL863593.1,Chr5_supercontig_000002057,5,3516,293414645,2822463367
GL863594.1,Chr5_supercontig_000002058,5,2645,293417290,2822466012
GL863595.1,Chr5_supercontig_000002059,5,4295,293421585,2822470307
GL863596.1,Chr5_supercontig_000002060,5,2100,293423685,2822472407
GL863597.1,Chr5_supercontig_000002061,5,1954,293425639,2822474361
GL863598.1,Chr5_supercontig_000002062,5,6776,293432415,2822481137
GL863599.1,Chr5_supercontig_000002063,5,12919,293445334,2822494056
GL863600.1,Chr5_supercontig_000002064,5,11361,293456695,2822505417
GL863601.1,Chr5_supercontig_000002065,5,4435,293461130,2822509852
GL863602.1,Chr5_supercontig_000002066,5,3352,293464482,2822513204
GL863603.1,Chr5_supercontig_000002067,5,1936,293466418,2822515140
GL863604.1,Chr5_supercontig_000002068,5,1588,293468006,2822516728
GL863605.1,Chr5_supercontig_000002069,5,1616,293469622,2822518344
GL863606.1,Chr5_supercontig_000002070,5,4528,293474150,2822522872
GL863607.1,Chr5_supercontig_000002071,5,3315,293477465,2822526187
GL863608.1,Chr5_supercontig_000002072,5,5001,293482466,2822531188
GL863609.1,Chr5_supercontig_000002073,5,1911,293484377,2822533099
GL863610.1,Chr5_supercontig_000002074,5,1532,293485909,2822534631
GL863611.1,Chr5_supercontig_000002075,5,3224,293489133,2822537855
GL863612.1,Chr5_supercontig_000002076,5,1754,293490887,2822539609
GL863613.1,Chr5_supercontig_000002077,5,1972,293492859,2822541581
GL863614.1,Chr5_supercontig_000002078,5,2096,293494955,2822543677
GL863615.1,Chr5_supercontig_000002079,5,7121,293502076,2822550798
GL863616.1,Chr5_supercontig_000002080,5,3324,293505400,2822554122
GL863617.1,Chr5_supercontig_000002081,5,25842,293531242,2822579964
GL863618.1,Chr5_supercontig_000002082,5,10264,293541506,2822590228
GL863619.1,Chr5_supercontig_000002083,5,1896,293543402,2822592124
GL863620.1,Chr5_supercontig_000002084,5,1531,293544933,2822593655
GL863621.1,Chr5_supercontig_000002085,5,2004,293546937,2822595659
GL863622.1,Chr5_supercontig_000002086,5,4150,293551087,2822599809
GL863623.1,Chr5_supercontig_000002087,5,1521,293552608,2822601330
GL863624.1,Chr5_supercontig_000002088,5,2764,293555372,2822604094
GL863625.1,Chr5_supercontig_000002089,5,1740,293557112,2822605834
GL863626.1,Chr5_supercontig_000002090,5,8157,293565269,2822613991
GL863627.1,Chr5_supercontig_000002091,5,3049,293568318,2822617040
GL863628.1,Chr5_supercontig_000002092,5,1621,293569939,2822618661
GL863629.1,Chr5_supercontig_000002093,5,1695,293571634,2822620356
GL863630.1,Chr5_supercontig_000002094,5,1706,293573340,2822622062
GL863631.1,Chr5_supercontig_000002095,5,1850,293575190,2822623912
GL863632.1,Chr5_supercontig_000002096,5,2915,293578105,2822626827
GL863633.1,Chr5_supercontig_000002097,5,2203,293580308,2822629030
GL863634.1,Chr5_supercontig_000002098,5,1791,293582099,2822630821
GL863635.1,Chr5_supercontig_000002099,5,1596,293583695,2822632417
GL863636.1,Chr5_supercontig_000002100,5,1981,293585676,2822634398
GL863637.1,Chr5_supercontig_000002101,5,1847,293587523,2822636245
GL863638.1,Chr5_supercontig_000002102,5,1795,293589318,2822638040
GL863639.1,Chr5_supercontig_000002103,5,2143,293591461,2822640183
GL863640.1,Chr5_supercontig_000002104,5,1851,293593312,2822642034
GL863641.1,Chr5_supercontig_000002105,5,2394,293595706,2822644428
GL863642.1,Chr5_supercontig_000002106,5,1940,293597646,2822646368
GL863643.1,Chr5_supercontig_000002107,5,3886,293601532,2822650254
GL863644.1,Chr5_supercontig_000002108,5,1502,293603034,2822651756
GL863645.1,Chr5_supercontig_000002109,5,1890,293604924,2822653646
GL863646.1,Chr5_supercontig_000002110,5,2397,293607321,2822656043
GL863647.1,Chr5_supercontig_000002111,5,2860,293610181,2822658903
GL863648.1,Chr5_supercontig_000002112,5,1904,293612085,2822660807
GL863649.1,Chr5_supercontig_000002113,5,1559,293613644,2822662366
GL863650.1,Chr5_supercontig_000002114,5,1655,293615299,2822664021
GL863651.1,Chr5_supercontig_000002115,5,3611,293618910,2822667632
GL863652.1,Chr5_supercontig_000002116,5,2004,293620914,2822669636
GL863653.1,Chr5_supercontig_000002117,5,2375,293623289,2822672011
GL863654.1,Chr5_supercontig_000002118,5,3253,293626542,2822675264
GL863655.1,Chr5_supercontig_000002119,5,1739,293628281,2822677003
GL863656.1,Chr5_supercontig_000002120,5,2201,293630482,2822679204
GL863657.1,Chr5_supercontig_000002121,5,2504,293632986,2822681708
GL863658.1,Chr5_supercontig_000002122,5,1521,293634507,2822683229
GL863659.1,Chr5_supercontig_000002123,5,1553,293636060,2822684782
GL863660.1,Chr5_supercontig_000002124,5,5342,293641402,2822690124
GL863661.1,Chr5_supercontig_000002125,5,1544,293642946,2822691668
GL863662.1,Chr5_supercontig_000002126,5,3598,293646544,2822695266
GL863663.1,Chr5_supercontig_000002127,5,2337,293648881,2822697603
GL863664.1,Chr5_supercontig_000002128,5,1819,293650700,2822699422
GL863665.1,Chr5_supercontig_000002129,5,2785,293653485,2822702207
GL863666.1,Chr5_supercontig_000002130,5,2418,293655903,2822704625
GL863667.1,Chr5_supercontig_000002131,5,2473,293658376,2822707098
GL863668.1,Chr5_supercontig_000002132,5,7449,293665825,2822714547
GL863669.1,Chr5_supercontig_000002133,5,2582,293668407,2822717129
GL863670.1,Chr5_supercontig_000002134,5,5512,293673919,2822722641
GL863671.1,Chr5_supercontig_000002135,5,3649,293677568,2822726290
GL863672.1,Chr5_supercontig_000002136,5,5628,293683196,2822731918
GL863673.1,Chr5_supercontig_000002137,5,3030,293686226,2822734948
GL863674.1,Chr5_supercontig_000002138,5,2217,293688443,2822737165
GL863675.1,Chr5_supercontig_000002139,5,2493,293690936,2822739658
GL863676.1,Chr5_supercontig_000002140,5,2076,293693012,2822741734
GL863677.1,Chr5_supercontig_000002141,5,1940,293694952,2822743674
GL863678.1,Chr5_supercontig_000002142,5,2666,293697618,2822746340
GL863679.1,Chr5_supercontig_000002143,5,2706,293700324,2822749046
GL863680.1,Chr5_supercontig_000002144,5,11586,293711910,2822760632
GL863681.1,Chr5_supercontig_000002145,5,3232,293715142,2822763864
GL863682.1,Chr5_supercontig_000002146,5,1919,293717061,2822765783
GL863683.1,Chr5_supercontig_000002147,5,2184,293719245,2822767967
GL863684.1,Chr5_supercontig_000002148,5,1590,293720835,2822769557
GL863685.1,Chr5_supercontig_000002149,5,1495,293722330,2822771052
GL863686.1,Chr5_supercontig_000002150,5,1902,293724232,2822772954
GL863687.1,Chr5_supercontig_000002151,5,2451,293726683,2822775405
GL863688.1,Chr5_supercontig_000002152,5,2300,293728983,2822777705
GL863689.1,Chr5_supercontig_000002153,5,2093,293731076,2822779798
GL863690.1,Chr5_supercontig_000002154,5,4849,293735925,2822784647
GL863691.1,Chr5_supercontig_000002155,5,3360,293739285,2822788007
GL863692.1,Chr5_supercontig_000002156,5,2142,293741427,2822790149
GL863693.1,Chr5_supercontig_000002157,5,3785,293745212,2822793934
GL863694.1,Chr5_supercontig_000002158,5,8907,293754119,2822802841
GL863695.1,Chr5_supercontig_000002159,5,1813,293755932,2822804654
GL863696.1,Chr5_supercontig_000002160,5,2150,293758082,2822806804
GL863697.1,Chr5_supercontig_000002161,5,3439,293761521,2822810243
GL863698.1,Chr5_supercontig_000002162,5,1566,293763087,2822811809
GL863699.1,Chr5_supercontig_000002163,5,4423,293767510,2822816232
GL863700.1,Chr5_supercontig_000002164,5,2622,293770132,2822818854
GL863701.1,Chr5_supercontig_000002165,5,1560,293771692,2822820414
GL863702.1,Chr5_supercontig_000002166,5,1902,293773594,2822822316
GL863703.1,Chr5_supercontig_000002167,5,1701,293775295,2822824017
GL863704.1,Chr5_supercontig_000002168,5,3128,293778423,2822827145
GL863705.1,Chr5_supercontig_000002169,5,2809,293781232,2822829954
GL863706.1,Chr5_supercontig_000002170,5,1749,293782981,2822831703
GL863707.1,Chr5_supercontig_000002171,5,6031,293789012,2822837734
GL863708.1,Chr5_supercontig_000002172,5,2310,293791322,2822840044
GL863709.1,Chr5_supercontig_000002173,5,1901,293793223,2822841945
GL863710.1,Chr5_supercontig_000002174,5,4433,293797656,2822846378
GL863711.1,Chr5_supercontig_000002175,5,1637,293799293,2822848015
GL863712.1,Chr5_supercontig_000002176,5,2021,293801314,2822850036
GL863713.1,Chr5_supercontig_000002177,5,2357,293803671,2822852393
GL863714.1,Chr5_supercontig_000002178,5,3385,293807056,2822855778
GL863715.1,Chr5_supercontig_000002179,5,2393,293809449,2822858171
GL863716.1,Chr5_supercontig_000002180,5,3389,293812838,2822861560
GL863717.1,Chr5_supercontig_000002181,5,2536,293815374,2822864096
GL863718.1,Chr5_supercontig_000002182,5,2097,293817471,2822866193
GL863719.1,Chr5_supercontig_000002183,5,2829,293820300,2822869022
GL863720.1,Chr5_supercontig_000002184,5,2802,293823102,2822871824
GL863721.1,Chr5_supercontig_000002185,5,2163,293825265,2822873987
GL863722.1,Chr5_supercontig_000002186,5,1586,293826851,2822875573
GL863723.1,Chr5_supercontig_000002187,5,2088,293828939,2822877661
GL863724.1,Chr5_supercontig_000002188,5,4074,293833013,2822881735
GL863725.1,Chr5_supercontig_000002189,5,6833,293839846,2822888568
GL863726.1,Chr5_supercontig_000002190,5,2642,293842488,2822891210
GL863727.1,Chr5_supercontig_000002191,5,1803,293844291,2822893013
GL863728.1,Chr5_supercontig_000002192,5,2199,293846490,2822895212
GL863729.1,Chr5_supercontig_000002193,5,4324,293850814,2822899536
GL863730.1,Chr5_supercontig_000002194,5,1809,293852623,2822901345
GL863731.1,Chr5_supercontig_000002195,5,1766,293854389,2822903111
GL863732.1,Chr5_supercontig_000002196,5,2769,293857158,2822905880
GL863733.1,Chr5_supercontig_000002197,5,8576,293865734,2822914456
GL863734.1,Chr5_supercontig_000002198,5,1628,293867362,2822916084
GL863735.1,Chr5_supercontig_000002199,5,2275,293869637,2822918359
GL863736.1,Chr5_supercontig_000002200,5,5067,293874704,2822923426
GL863737.1,Chr5_supercontig_000002201,5,3062,293877766,2822926488
GL863738.1,Chr5_supercontig_000002202,5,2087,293879853,2822928575
GL863739.1,Chr5_supercontig_000002203,5,5499,293885352,2822934074
GL863740.1,Chr5_supercontig_000002204,5,3607,293888959,2822937681
GL863741.1,Chr5_supercontig_000002205,5,1628,293890587,2822939309
GL863742.1,Chr5_supercontig_000002206,5,3774,293894361,2822943083
GL863743.1,Chr5_supercontig_000002207,5,7142,293901503,2822950225
GL863744.1,Chr5_supercontig_000002208,5,2502,293904005,2822952727
GL863745.1,Chr5_supercontig_000002209,5,1506,293905511,2822954233
GL863746.1,Chr5_supercontig_000002210,5,1558,293907069,2822955791
GL863747.1,Chr5_supercontig_000002211,5,1544,293908613,2822957335
GL863748.1,Chr5_supercontig_000002212,5,2444,293911057,2822959779
GL863749.1,Chr5_supercontig_000002213,5,2750,293913807,2822962529
GL863750.1,Chr5_supercontig_000002214,5,1982,293915789,2822964511
GL863751.1,Chr5_supercontig_000002215,5,3179,293918968,2822967690
GL863752.1,Chr5_supercontig_000002216,5,2763,293921731,2822970453
GL863753.1,Chr5_supercontig_000002217,5,2052,293923783,2822972505
GL863754.1,Chr5_supercontig_000002218,5,5009,293928792,2822977514
GL863755.1,Chr5_supercontig_000002219,5,5122,293933914,2822982636
GL863756.1,Chr5_supercontig_000002220,5,1950,293935864,2822984586
GL863757.1,Chr5_supercontig_000002221,5,2054,293937918,2822986640
GL863758.1,Chr5_supercontig_000002222,5,4612,293942530,2822991252
GL863759.1,Chr5_supercontig_000002223,5,7107,293949637,2822998359
GL863760.1,Chr5_supercontig_000002224,5,14350,293963987,2823012709
GL863761.1,Chr5_supercontig_000002225,5,4908,293968895,2823017617
GL863762.1,Chr5_supercontig_000002226,5,2013,293970908,2823019630
GL863763.1,Chr5_supercontig_000002227,5,10712,293981620,2823030342
GL863764.1,Chr5_supercontig_000002228,5,4016,293985636,2823034358
GL863765.1,Chr5_supercontig_000002229,5,16569,294002205,2823050927
GL863766.1,Chr5_supercontig_000002230,5,7440,294009645,2823058367
GL863767.1,Chr5_supercontig_000002231,5,4595,294014240,2823062962
GL863768.1,Chr5_supercontig_000002232,5,2382,294016622,2823065344
GL863769.1,Chr5_supercontig_000002233,5,1800,294018422,2823067144
GL863770.1,Chr5_supercontig_000002234,5,2684,294021106,2823069828
GL863771.1,Chr5_supercontig_000002235,5,3571,294024677,2823073399
GL863772.1,Chr5_supercontig_000002236,5,2102,294026779,2823075501
GL863773.1,Chr5_supercontig_000002237,5,1864,294028643,2823077365
GL863774.1,Chr5_supercontig_000002238,5,2958,294031601,2823080323
GL863775.1,Chr5_supercontig_000002239,5,1611,294033212,2823081934
GL863776.1,Chr5_supercontig_000002240,5,1589,294034801,2823083523
GL863777.1,Chr5_supercontig_000002241,5,1799,294036600,2823085322
GL863778.1,Chr5_supercontig_000002242,5,1874,294038474,2823087196
GL863779.1,Chr5_supercontig_000002243,5,3368,294041842,2823090564
GL863780.1,Chr5_supercontig_000002244,5,1991,294043833,2823092555
GL863781.1,Chr5_supercontig_000002245,5,2579,294046412,2823095134
GL863782.1,Chr5_supercontig_000002246,5,4154,294050566,2823099288
GL863783.1,Chr5_supercontig_000002247,5,15609,294066175,2823114897
GL863784.1,Chr5_supercontig_000002248,5,1601,294067776,2823116498
GL863785.1,Chr5_supercontig_000002249,5,1668,294069444,2823118166
GL863786.1,Chr5_supercontig_000002250,5,2601,294072045,2823120767
GL863787.1,Chr5_supercontig_000002251,5,2229,294074274,2823122996
GL863788.1,Chr5_supercontig_000002252,5,1519,294075793,2823124515
GL863789.1,Chr5_supercontig_000002253,5,1747,294077540,2823126262
GL863790.1,Chr5_supercontig_000002254,5,2244,294079784,2823128506
GL863791.1,Chr5_supercontig_000002255,5,5644,294085428,2823134150
GL863792.1,Chr5_supercontig_000002256,5,2600,294088028,2823136750
GL863793.1,Chr5_supercontig_000002257,5,32207,294120235,2823168957
GL863794.1,Chr5_supercontig_000002258,5,8908,294129143,2823177865
GL863795.1,Chr5_supercontig_000002259,5,3527,294132670,2823181392
GL863796.1,Chr5_supercontig_000002260,5,1674,294134344,2823183066
GL863797.1,Chr5_supercontig_000002261,5,2849,294137193,2823185915
GL863798.1,Chr5_supercontig_000002262,5,1866,294139059,2823187781
GL863799.1,Chr5_supercontig_000002263,5,2082,294141141,2823189863
GL863800.1,Chr5_supercontig_000002264,5,9472,294150613,2823199335
GL863801.1,Chr5_supercontig_000002265,5,1521,294152134,2823200856
GL863802.1,Chr5_supercontig_000002266,5,1940,294154074,2823202796
GL863803.1,Chr5_supercontig_000002267,5,1516,294155590,2823204312
GL863804.1,Chr5_supercontig_000002268,5,1618,294157208,2823205930
GL863805.1,Chr5_supercontig_000002269,5,2549,294159757,2823208479
GL863806.1,Chr5_supercontig_000002270,5,1941,294161698,2823210420
GL863807.1,Chr5_supercontig_000002271,5,2101,294163799,2823212521
GL863808.1,Chr5_supercontig_000002272,5,1905,294165704,2823214426
GL863809.1,Chr5_supercontig_000002273,5,4238,294169942,2823218664
GL863810.1,Chr5_supercontig_000002274,5,1580,294171522,2823220244
GL863811.1,Chr5_supercontig_000002275,5,2465,294173987,2823222709
GL863812.1,Chr5_supercontig_000002276,5,1578,294175565,2823224287
GL863813.1,Chr5_supercontig_000002277,5,1936,294177501,2823226223
GL863814.1,Chr5_supercontig_000002278,5,3590,294181091,2823229813
GL863815.1,Chr5_supercontig_000002279,5,2085,294183176,2823231898
GL863816.1,Chr5_supercontig_000002280,5,5031,294188207,2823236929
GL863817.1,Chr5_supercontig_000002281,5,4220,294192427,2823241149
GL863818.1,Chr5_supercontig_000002282,5,1563,294193990,2823242712
GL863819.1,Chr5_supercontig_000002283,5,3223,294197213,2823245935
GL863820.1,Chr5_supercontig_000002284,5,2230,294199443,2823248165
GL863821.1,Chr5_supercontig_000002285,5,1518,294200961,2823249683
GL863822.1,Chr5_supercontig_000002286,5,1705,294202666,2823251388
GL863823.1,Chr5_supercontig_000002287,5,2767,294205433,2823254155
GL863824.1,Chr5_supercontig_000002288,5,4461,294209894,2823258616
GL863825.1,Chr5_supercontig_000002289,5,2977,294212871,2823261593
GL863826.1,Chr5_supercontig_000002290,5,2305,294215176,2823263898
GL863827.1,Chr5_supercontig_000002291,5,2871,294218047,2823266769
GL863828.1,Chr5_supercontig_000002292,5,2141,294220188,2823268910
GL863829.1,Chr5_supercontig_000002293,5,1510,294221698,2823270420
GL863830.1,Chr5_supercontig_000002294,5,1694,294223392,2823272114
GL863831.1,Chr5_supercontig_000002295,5,2403,294225795,2823274517
GL863832.1,Chr5_supercontig_000002296,5,2980,294228775,2823277497
GL863833.1,Chr5_supercontig_000002297,5,1834,294230609,2823279331
GL863834.1,Chr5_supercontig_000002298,5,1780,294232389,2823281111
GL863835.1,Chr5_supercontig_000002299,5,5003,294237392,2823286114
GL863836.1,Chr5_supercontig_000002300,5,4280,294241672,2823290394
GL863837.1,Chr5_supercontig_000002301,5,5002,294246674,2823295396
GL863838.1,Chr5_supercontig_000002302,5,3303,294249977,2823298699
GL863839.1,Chr5_supercontig_000002303,5,6068,294256045,2823304767
GL863840.1,Chr5_supercontig_000002304,5,1652,294257697,2823306419
GL863841.1,Chr5_supercontig_000002305,5,2011,294259708,2823308430
GL863842.1,Chr5_supercontig_000002306,5,1876,294261584,2823310306
GL863843.1,Chr5_supercontig_000002307,5,1827,294263411,2823312133
GL863844.1,Chr5_supercontig_000002308,5,4283,294267694,2823316416
GL863845.1,Chr5_supercontig_000002309,5,2786,294270480,2823319202
GL863846.1,Chr5_supercontig_000002310,5,4841,294275321,2823324043
GL863847.1,Chr5_supercontig_000002311,5,2295,294277616,2823326338
GL863848.1,Chr5_supercontig_000002312,5,13403,294291019,2823339741
GL863849.1,Chr5_supercontig_000002313,5,7041,294298060,2823346782
GL863850.1,Chr5_supercontig_000002314,5,4520,294302580,2823351302
GL863851.1,Chr5_supercontig_000002315,5,2613,294305193,2823353915
GL863852.1,Chr5_supercontig_000002316,5,4379,294309572,2823358294
GL863853.1,Chr5_supercontig_000002317,5,5697,294315269,2823363991
GL863854.1,Chr5_supercontig_000002318,5,4997,294320266,2823368988
GL863855.1,Chr5_supercontig_000002319,5,3973,294324239,2823372961
GL863856.1,Chr5_supercontig_000002320,5,1561,294325800,2823374522
GL863857.1,Chr5_supercontig_000002321,5,2448,294328248,2823376970
GL863858.1,Chr5_supercontig_000002322,5,1619,294329867,2823378589
GL863859.1,Chr5_supercontig_000002323,5,1827,294331694,2823380416
GL863860.1,Chr5_supercontig_000002324,5,1752,294333446,2823382168
GL863861.1,Chr5_supercontig_000002325,5,1962,294335408,2823384130
GL863862.1,Chr5_supercontig_000002326,5,14223,294349631,2823398353
GL863863.1,Chr5_supercontig_000002327,5,2752,294352383,2823401105
GL863864.1,Chr5_supercontig_000002328,5,8880,294361263,2823409985
GL863865.1,Chr5_supercontig_000002329,5,2870,294364133,2823412855
GL863866.1,Chr5_supercontig_000002330,5,1502,294365635,2823414357
GL863867.1,Chr5_supercontig_000002331,5,1610,294367245,2823415967
GL863868.1,Chr5_supercontig_000002332,5,2045,294369290,2823418012
GL863869.1,Chr5_supercontig_000002333,5,3835,294373125,2823421847
GL863870.1,Chr5_supercontig_000002334,5,1633,294374758,2823423480
GL863871.1,Chr5_supercontig_000002335,5,1527,294376285,2823425007
GL863872.1,Chr5_supercontig_000002336,5,6291,294382576,2823431298
GL863873.1,Chr5_supercontig_000002337,5,2416,294384992,2823433714
GL863874.1,Chr5_supercontig_000002338,5,2064,294387056,2823435778
GL863875.1,Chr5_supercontig_000002339,5,2100,294389156,2823437878
GL863876.1,Chr5_supercontig_000002340,5,8592,294397748,2823446470
GL863877.1,Chr5_supercontig_000002341,5,1519,294399267,2823447989
GL863878.1,Chr5_supercontig_000002342,5,1852,294401119,2823449841
GL863879.1,Chr5_supercontig_000002343,5,3068,294404187,2823452909
GL863880.1,Chr5_supercontig_000002344,5,2305,294406492,2823455214
GL863881.1,Chr5_supercontig_000002345,5,1508,294408000,2823456722
GL863882.1,Chr5_supercontig_000002346,5,2282,294410282,2823459004
GL863883.1,Chr5_supercontig_000002347,5,3018,294413300,2823462022
GL863884.1,Chr5_supercontig_000002348,5,2087,294415387,2823464109
GL863885.1,Chr5_supercontig_000002349,5,2067,294417454,2823466176
GL863886.1,Chr5_supercontig_000002350,5,1636,294419090,2823467812
GL863887.1,Chr5_supercontig_000002351,5,3409,294422499,2823471221
GL863888.1,Chr5_supercontig_000002352,5,2100,294424599,2823473321
GL863889.1,Chr5_supercontig_000002353,5,1734,294426333,2823475055
GL863890.1,Chr5_supercontig_000002354,5,1647,294427980,2823476702
GL863891.1,Chr5_supercontig_000002355,5,1696,294429676,2823478398
GL863892.1,Chr5_supercontig_000002356,5,1970,294431646,2823480368
GL863893.1,Chr5_supercontig_000002357,5,2780,294434426,2823483148
GL863894.1,Chr5_supercontig_000002358,5,2029,294436455,2823485177
GL863895.1,Chr5_supercontig_000002359,5,2559,294439014,2823487736
GL863896.1,Chr5_supercontig_000002360,5,4728,294443742,2823492464
GL863897.1,Chr5_supercontig_000002361,5,2013,294445755,2823494477
GL863898.1,Chr5_supercontig_000002362,5,2339,294448094,2823496816
GL863899.1,Chr5_supercontig_000002363,5,1849,294449943,2823498665
GL863900.1,Chr5_supercontig_000002364,5,2173,294452116,2823500838
GL863901.1,Chr5_supercontig_000002365,5,3030,294455146,2823503868
GL863902.1,Chr5_supercontig_000002366,5,2197,294457343,2823506065
GL863903.1,Chr5_supercontig_000002367,5,1882,294459225,2823507947
GL863904.1,Chr5_supercontig_000002368,5,1761,294460986,2823509708
GL863905.1,Chr5_supercontig_000002369,5,1767,294462753,2823511475
GL863906.1,Chr5_supercontig_000002370,5,4812,294467565,2823516287
GL863907.1,Chr5_supercontig_000002371,5,2661,294470226,2823518948
GL863908.1,Chr5_supercontig_000002372,5,3803,294474029,2823522751
GL863909.1,Chr5_supercontig_000002373,5,1948,294475977,2823524699
GL863910.1,Chr5_supercontig_000002374,5,1566,294477543,2823526265
GL863911.1,Chr5_supercontig_000002375,5,1526,294479069,2823527791
GL863912.1,Chr5_supercontig_000002376,5,2623,294481692,2823530414
GL863913.1,Chr5_supercontig_000002377,5,3650,294485342,2823534064
GL863914.1,Chr5_supercontig_000002378,5,1698,294487040,2823535762
GL863915.1,Chr5_supercontig_000002379,5,5601,294492641,2823541363
GL863916.1,Chr5_supercontig_000002380,5,4126,294496767,2823545489
GL863917.1,Chr5_supercontig_000002381,5,1752,294498519,2823547241
GL863918.1,Chr5_supercontig_000002382,5,3411,294501930,2823550652
GL863919.1,Chr5_supercontig_000002383,5,1921,294503851,2823552573
GL863920.1,Chr5_supercontig_000002384,5,1701,294505552,2823554274
GL863921.1,Chr5_supercontig_000002385,5,5352,294510904,2823559626
GL863922.1,Chr5_supercontig_000002386,5,2134,294513038,2823561760
GL863923.1,Chr5_supercontig_000002387,5,15521,294528559,2823577281
GL863924.1,Chr5_supercontig_000002388,5,2342,294530901,2823579623
GL863925.1,Chr5_supercontig_000002389,5,6221,294537122,2823585844
GL863926.1,Chr5_supercontig_000002390,5,7461,294544583,2823593305
GL863927.1,Chr5_supercontig_000002391,5,8828,294553411,2823602133
GL863928.1,Chr5_supercontig_000002392,5,2461,294555872,2823604594
GL863929.1,Chr5_supercontig_000002393,5,2012,294557884,2823606606
GL863930.1,Chr5_supercontig_000002394,5,11127,294569011,2823617733
GL863931.1,Chr5_supercontig_000002395,5,2428,294571439,2823620161
GL863932.1,Chr5_supercontig_000002396,5,3363,294574802,2823623524
GL863933.1,Chr5_supercontig_000002397,5,8992,294583794,2823632516
GL863934.1,Chr5_supercontig_000002398,5,2717,294586511,2823635233
GL863935.1,Chr5_supercontig_000002399,5,2088,294588599,2823637321
GL863936.1,Chr5_supercontig_000002400,5,1859,294590458,2823639180
GL863937.1,Chr5_supercontig_000002401,5,3003,294593461,2823642183
GL863938.1,Chr5_supercontig_000002402,5,2373,294595834,2823644556
GL863939.1,Chr5_supercontig_000002403,5,1554,294597388,2823646110
GL863940.1,Chr5_supercontig_000002404,5,1821,294599209,2823647931
GL863941.1,Chr5_supercontig_000002405,5,1639,294600848,2823649570
GL863942.1,Chr5_supercontig_000002406,5,3408,294604256,2823652978
GL863943.1,Chr5_supercontig_000002407,5,2158,294606414,2823655136
GL863944.1,Chr5_supercontig_000002408,5,4540,294610954,2823659676
GL863945.1,Chr5_supercontig_000002409,5,2563,294613517,2823662239
GL863946.1,Chr5_supercontig_000002410,5,3053,294616570,2823665292
GL863947.1,Chr5_supercontig_000002411,5,4084,294620654,2823669376
GL863948.1,Chr5_supercontig_000002412,5,2029,294622683,2823671405
GL863949.1,Chr5_supercontig_000002413,5,2572,294625255,2823673977
GL863950.1,Chr5_supercontig_000002414,5,4180,294629435,2823678157
GL863951.1,Chr5_supercontig_000002415,5,3938,294633373,2823682095
GL863952.1,Chr5_supercontig_000002416,5,2726,294636099,2823684821
GL863953.1,Chr5_supercontig_000002417,5,3564,294639663,2823688385
GL863954.1,Chr5_supercontig_000002418,5,2551,294642214,2823690936
GL863955.1,Chr5_supercontig_000002419,5,3132,294645346,2823694068
GL863956.1,Chr5_supercontig_000002420,5,4753,294650099,2823698821
GL863957.1,Chr5_supercontig_000002421,5,4552,294654651,2823703373
GL863958.1,Chr5_supercontig_000002422,5,2328,294656979,2823705701
GL863959.1,Chr5_supercontig_000002423,5,2351,294659330,2823708052
GL863960.1,Chr5_supercontig_000002424,5,2910,294662240,2823710962
GL863961.1,Chr5_supercontig_000002425,5,3387,294665627,2823714349
GL863962.1,Chr5_supercontig_000002426,5,1761,294667388,2823716110
GL863963.1,Chr5_supercontig_000002427,5,1849,294669237,2823717959
GL863964.1,Chr5_supercontig_000002428,5,2032,294671269,2823719991
GL863965.1,Chr5_supercontig_000002429,5,1793,294673062,2823721784
GL863966.1,Chr5_supercontig_000002430,5,1520,294674582,2823723304
GL863967.1,Chr5_supercontig_000002431,5,2138,294676720,2823725442
GL863968.1,Chr5_supercontig_000002432,5,1916,294678636,2823727358
GL863969.1,Chr5_supercontig_000002433,5,2727,294681363,2823730085
GL863970.1,Chr5_supercontig_000002434,5,1564,294682927,2823731649
GL863971.1,Chr5_supercontig_000002435,5,1862,294684789,2823733511
GL863972.1,Chr5_supercontig_000002436,5,8612,294693401,2823742123
GL863973.1,Chr5_supercontig_000002437,5,3241,294696642,2823745364
GL863974.1,Chr5_supercontig_000002438,5,3934,294700576,2823749298
GL863975.1,Chr5_supercontig_000002439,5,2955,294703531,2823752253
GL863976.1,Chr5_supercontig_000002440,5,1779,294705310,2823754032
GL863977.1,Chr5_supercontig_000002441,5,6255,294711565,2823760287
GL863978.1,Chr5_supercontig_000002442,5,3145,294714710,2823763432
GL863979.1,Chr5_supercontig_000002443,5,2466,294717176,2823765898
GL863980.1,Chr5_supercontig_000002444,5,2511,294719687,2823768409
GL863981.1,Chr5_supercontig_000002445,5,1808,294721495,2823770217
GL863982.1,Chr5_supercontig_000002446,5,1595,294723090,2823771812
GL863983.1,Chr5_supercontig_000002447,5,6869,294729959,2823778681
GL863984.1,Chr5_supercontig_000002448,5,2458,294732417,2823781139
GL863985.1,Chr5_supercontig_000002449,5,4677,294737094,2823785816
GL863986.1,Chr5_supercontig_000002450,5,1788,294738882,2823787604
GL863987.1,Chr5_supercontig_000002451,5,1711,294740593,2823789315
GL863988.1,Chr5_supercontig_000002452,5,2855,294743448,2823792170
GL863989.1,Chr5_supercontig_000002453,5,3109,294746557,2823795279
GL863990.1,Chr5_supercontig_000002454,5,2236,294748793,2823797515
GL863991.1,Chr5_supercontig_000002455,5,2295,294751088,2823799810
GL863992.1,Chr5_supercontig_000002456,5,2245,294753333,2823802055
GL863993.1,Chr5_supercontig_000002457,5,1843,294755176,2823803898
GL863994.1,Chr5_supercontig_000002458,5,1891,294757067,2823805789
GL863995.1,Chr5_supercontig_000002459,5,2586,294759653,2823808375
GL863996.1,Chr5_supercontig_000002460,5,2081,294761734,2823810456
GL863997.1,Chr5_supercontig_000002461,5,3309,294765043,2823813765
GL863998.1,Chr5_supercontig_000002462,5,4612,294769655,2823818377
GL863999.1,Chr5_supercontig_000002463,5,2281,294771936,2823820658
GL864000.1,Chr5_supercontig_000002464,5,3153,294775089,2823823811
GL864001.1,Chr5_supercontig_000002465,5,2516,294777605,2823826327
GL864002.1,Chr5_supercontig_000002466,5,1760,294779365,2823828087
GL864003.1,Chr5_supercontig_000002467,5,1525,294780890,2823829612
GL864004.1,Chr5_supercontig_000002468,5,3249,294784139,2823832861
GL864005.1,Chr5_supercontig_000002469,5,2404,294786543,2823835265
GL864006.1,Chr5_supercontig_000002470,5,2208,294788751,2823837473
GL864007.1,Chr5_supercontig_000002471,5,3363,294792114,2823840836
GL864008.1,Chr5_supercontig_000002472,5,2055,294794169,2823842891
GL864009.1,Chr5_supercontig_000002473,5,3012,294797181,2823845903
GL864010.1,Chr5_supercontig_000002474,5,2427,294799608,2823848330
GL864011.1,Chr5_supercontig_000002475,5,2171,294801779,2823850501
GL864012.1,Chr5_supercontig_000002476,5,1740,294803519,2823852241
GL864013.1,Chr5_supercontig_000002477,5,5579,294809098,2823857820
GL864014.1,Chr5_supercontig_000002478,5,1562,294810660,2823859382
GL864015.1,Chr5_supercontig_000002479,5,2133,294812793,2823861515
GL864016.1,Chr5_supercontig_000002480,5,4184,294816977,2823865699
GL864017.1,Chr5_supercontig_000002481,5,2568,294819545,2823868267
GL864018.1,Chr5_supercontig_000002482,5,2991,294822536,2823871258
GL864019.1,Chr5_supercontig_000002483,5,2483,294825019,2823873741
GL864020.1,Chr5_supercontig_000002484,5,2065,294827084,2823875806
GL864021.1,Chr5_supercontig_000002485,5,3690,294830774,2823879496
GL864022.1,Chr5_supercontig_000002486,5,2211,294832985,2823881707
GL864023.1,Chr5_supercontig_000002487,5,2001,294834986,2823883708
GL864024.1,Chr5_supercontig_000002488,5,2014,294837000,2823885722
GL864025.1,Chr5_supercontig_000002489,5,1733,294838733,2823887455
GL864026.1,Chr5_supercontig_000002490,5,2301,294841034,2823889756
GL864027.1,Chr5_supercontig_000002491,5,1846,294842880,2823891602
GL864028.1,Chr5_supercontig_000002492,5,1943,294844823,2823893545
GL864029.1,Chr5_supercontig_000002493,5,1649,294846472,2823895194
GL864030.1,Chr5_supercontig_000002494,5,2393,294848865,2823897587
GL864031.1,Chr5_supercontig_000002495,5,5904,294854769,2823903491
GL864032.1,Chr5_supercontig_000002496,5,3089,294857858,2823906580
GL864033.1,Chr5_supercontig_000002497,5,4647,294862505,2823911227
GL864034.1,Chr5_supercontig_000002498,5,2572,294865077,2823913799
GL864035.1,Chr5_supercontig_000002499,5,2692,294867769,2823916491
GL864036.1,Chr5_supercontig_000002500,5,1603,294869372,2823918094
GL864037.1,Chr5_supercontig_000002501,5,3128,294872500,2823921222
GL864038.1,Chr5_supercontig_000002502,5,1512,294874012,2823922734
GL864039.1,Chr5_supercontig_000002503,5,2285,294876297,2823925019
GL864040.1,Chr5_supercontig_000002504,5,4937,294881234,2823929956
GL864041.1,Chr5_supercontig_000002505,5,2121,294883355,2823932077
GL864042.1,Chr5_supercontig_000002506,5,2534,294885889,2823934611
GL864043.1,Chr5_supercontig_000002507,5,1603,294887492,2823936214
GL864044.1,Chr5_supercontig_000002508,5,2743,294890235,2823938957
GL864045.1,Chr5_supercontig_000002509,5,1597,294891832,2823940554
GL864046.1,Chr5_supercontig_000002510,5,4437,294896269,2823944991
GL864047.1,Chr5_supercontig_000002511,5,6809,294903078,2823951800
GL864048.1,Chr5_supercontig_000002512,5,2160,294905238,2823953960
GL864049.1,Chr5_supercontig_000002513,5,3054,294908292,2823957014
GL864050.1,Chr5_supercontig_000002514,5,2053,294910345,2823959067
GL864051.1,Chr5_supercontig_000002515,5,2168,294912513,2823961235
GL864052.1,Chr5_supercontig_000002516,5,1673,294914186,2823962908
GL864053.1,Chr5_supercontig_000002517,5,2175,294916361,2823965083
GL864054.1,Chr5_supercontig_000002518,5,1665,294918026,2823966748
GL864055.1,Chr5_supercontig_000002519,5,2503,294920529,2823969251
GL864056.1,Chr5_supercontig_000002520,5,3095,294923624,2823972346
GL864057.1,Chr5_supercontig_000002521,5,1863,294925487,2823974209
GL864058.1,Chr5_supercontig_000002522,5,2048,294927535,2823976257
GL864059.1,Chr5_supercontig_000002523,5,5150,294932685,2823981407
GL864060.1,Chr5_supercontig_000002524,5,3207,294935892,2823984614
GL864061.1,Chr5_supercontig_000002525,5,2448,294938340,2823987062
GL864062.1,Chr5_supercontig_000002526,5,6087,294944427,2823993149
GL864063.1,Chr5_supercontig_000002527,5,2088,294946515,2823995237
GL864064.1,Chr5_supercontig_000002528,5,1504,294948019,2823996741
GL864065.1,Chr5_supercontig_000002529,5,2552,294950571,2823999293
GL864066.1,Chr5_supercontig_000002530,5,3959,294954530,2824003252
GL864067.1,Chr5_supercontig_000002531,5,7497,294962027,2824010749
GL864068.1,Chr5_supercontig_000002532,5,3645,294965672,2824014394
GL864069.1,Chr5_supercontig_000002533,5,2941,294968613,2824017335
GL864070.1,Chr5_supercontig_000002534,5,1706,294970319,2824019041
GL864071.1,Chr5_supercontig_000002535,5,23767,294994086,2824042808
GL864072.1,Chr5_supercontig_000002536,5,3515,294997601,2824046323
GL864073.1,Chr5_supercontig_000002537,5,1930,294999531,2824048253
GL864074.1,Chr5_supercontig_000002538,5,2182,295001713,2824050435
GL864075.1,Chr5_supercontig_000002539,5,1526,295003239,2824051961
GL864076.1,Chr5_supercontig_000002540,5,3847,295007086,2824055808
GL864077.1,Chr5_supercontig_000002541,5,5583,295012669,2824061391
GL864078.1,Chr5_supercontig_000002542,5,1611,295014280,2824063002
GL864079.1,Chr5_supercontig_000002543,5,1778,295016058,2824064780
GL864080.1,Chr5_supercontig_000002544,5,1627,295017685,2824066407
GL864081.1,Chr5_supercontig_000002545,5,3105,295020790,2824069512
GL864082.1,Chr5_supercontig_000002546,5,2320,295023110,2824071832
GL864083.1,Chr5_supercontig_000002547,5,1552,295024662,2824073384
GL864084.1,Chr5_supercontig_000002548,5,5567,295030229,2824078951
GL864085.1,Chr5_supercontig_000002549,5,6265,295036494,2824085216
GL864086.1,Chr5_supercontig_000002550,5,1582,295038076,2824086798
GL864087.1,Chr5_supercontig_000002551,5,1873,295039949,2824088671
GL864088.1,Chr5_supercontig_000002552,5,1565,295041514,2824090236
GL864089.1,Chr5_supercontig_000002553,5,1657,295043171,2824091893
GL864090.1,Chr5_supercontig_000002554,5,1579,295044750,2824093472
GL864091.1,Chr5_supercontig_000002555,5,1967,295046717,2824095439
GL864092.1,Chr5_supercontig_000002556,5,3298,295050015,2824098737
GL864093.1,Chr5_supercontig_000002557,5,2295,295052310,2824101032
GL864094.1,Chr5_supercontig_000002558,5,2779,295055089,2824103811
GL864095.1,Chr5_supercontig_000002559,5,1659,295056748,2824105470
GL864096.1,Chr5_supercontig_000002560,5,1815,295058563,2824107285
GL864097.1,Chr5_supercontig_000002561,5,3928,295062491,2824111213
GL864098.1,Chr5_supercontig_000002562,5,2182,295064673,2824113395
GL864099.1,Chr5_supercontig_000002563,5,3317,295067990,2824116712
GL864100.1,Chr5_supercontig_000002564,5,1789,295069779,2824118501
GL864101.1,Chr5_supercontig_000002565,5,5487,295075266,2824123988
GL864102.1,Chr5_supercontig_000002566,5,2763,295078029,2824126751
GL864103.1,Chr5_supercontig_000002567,5,2332,295080361,2824129083
GL864104.1,Chr5_supercontig_000002568,5,3675,295084036,2824132758
GL864105.1,Chr5_supercontig_000002569,5,3677,295087713,2824136435
GL864106.1,Chr5_supercontig_000002570,5,2800,295090513,2824139235
GL864107.1,Chr5_supercontig_000002571,5,1985,295092498,2824141220
GL864108.1,Chr5_supercontig_000002572,5,2191,295094689,2824143411
GL864109.1,Chr5_supercontig_000002573,5,4241,295098930,2824147652
GL864110.1,Chr5_supercontig_000002574,5,1609,295100539,2824149261
GL864111.1,Chr5_supercontig_000002575,5,2560,295103099,2824151821
GL864112.1,Chr5_supercontig_000002576,5,1645,295104744,2824153466
GL864113.1,Chr5_supercontig_000002577,5,1905,295106649,2824155371
GL864114.1,Chr5_supercontig_000002578,5,1855,295108504,2824157226
GL864115.1,Chr5_supercontig_000002579,5,1627,295110131,2824158853
GL864116.1,Chr5_supercontig_000002580,5,3476,295113607,2824162329
GL864117.1,Chr5_supercontig_000002581,5,10082,295123689,2824172411
GL864118.1,Chr5_supercontig_000002582,5,4573,295128262,2824176984
GL864119.1,Chr5_supercontig_000002583,5,7037,295135299,2824184021
GL864120.1,Chr5_supercontig_000002584,5,2989,295138288,2824187010
GL864121.1,Chr5_supercontig_000002585,5,2232,295140520,2824189242
GL864122.1,Chr5_supercontig_000002586,5,3643,295144163,2824192885
GL864123.1,Chr5_supercontig_000002587,5,1541,295145704,2824194426
GL864124.1,Chr5_supercontig_000002588,5,6693,295152397,2824201119
GL864125.1,Chr5_supercontig_000002589,5,2634,295155031,2824203753
GL864126.1,Chr5_supercontig_000002590,5,2296,295157327,2824206049
GL864127.1,Chr5_supercontig_000002591,5,3839,295161166,2824209888
GL864128.1,Chr5_supercontig_000002592,5,2152,295163318,2824212040
GL864129.1,Chr5_supercontig_000002593,5,3363,295166681,2824215403
GL864130.1,Chr5_supercontig_000002594,5,2504,295169185,2824217907
GL864131.1,Chr5_supercontig_000002595,5,1828,295171013,2824219735
GL864132.1,Chr5_supercontig_000002596,5,1902,295172915,2824221637
GL864133.1,Chr5_supercontig_000002597,5,1940,295174855,2824223577
GL864134.1,Chr5_supercontig_000002598,5,1808,295176663,2824225385
GL864135.1,Chr5_supercontig_000002599,5,1620,295178283,2824227005
GL864136.1,Chr5_supercontig_000002600,5,1970,295180253,2824228975
GL864137.1,Chr5_supercontig_000002601,5,3137,295183390,2824232112
GL864138.1,Chr5_supercontig_000002602,5,1776,295185166,2824233888
GL864139.1,Chr5_supercontig_000002603,5,1887,295187053,2824235775
GL864140.1,Chr5_supercontig_000002604,5,4269,295191322,2824240044
GL864141.1,Chr5_supercontig_000002605,5,3006,295194328,2824243050
GL864142.1,Chr5_supercontig_000002606,5,3289,295197617,2824246339
GL864143.1,Chr5_supercontig_000002607,5,3186,295200803,2824249525
GL864144.1,Chr5_supercontig_000002608,5,2990,295203793,2824252515
GL864145.1,Chr5_supercontig_000002609,5,1883,295205676,2824254398
GL864146.1,Chr5_supercontig_000002610,5,2801,295208477,2824257199
GL864147.1,Chr5_supercontig_000002611,5,1846,295210323,2824259045
GL864148.1,Chr5_supercontig_000002612,5,2090,295212413,2824261135
GL864149.1,Chr5_supercontig_000002613,5,2070,295214483,2824263205
GL864150.1,Chr5_supercontig_000002614,5,1919,295216402,2824265124
GL864151.1,Chr5_supercontig_000002615,5,1563,295217965,2824266687
GL864152.1,Chr5_supercontig_000002616,5,1502,295219467,2824268189
GL864153.1,Chr5_supercontig_000002617,5,1707,295221174,2824269896
GL864154.1,Chr5_supercontig_000002618,5,2403,295223577,2824272299
GL864155.1,Chr5_supercontig_000002619,5,1765,295225342,2824274064
GL864156.1,Chr5_supercontig_000002620,5,1511,295226853,2824275575
GL864157.1,Chr5_supercontig_000002621,5,1597,295228450,2824277172
GL864158.1,Chr5_supercontig_000002622,5,1665,295230115,2824278837
GL864159.1,Chr5_supercontig_000002623,5,1898,295232013,2824280735
GL864160.1,Chr5_supercontig_000002624,5,1557,295233570,2824282292
GL864161.1,Chr5_supercontig_000002625,5,2535,295236105,2824284827
GL864162.1,Chr5_supercontig_000002626,5,3421,295239526,2824288248
GL864163.1,Chr5_supercontig_000002627,5,2192,295241718,2824290440
GL864164.1,Chr5_supercontig_000002628,5,4459,295246177,2824294899
GL864165.1,Chr5_supercontig_000002629,5,1895,295248072,2824296794
GL864166.1,Chr5_supercontig_000002630,5,1969,295250041,2824298763
GL864167.1,Chr5_supercontig_000002631,5,2539,295252580,2824301302
GL864168.1,Chr5_supercontig_000002632,5,1607,295254187,2824302909
GL864169.1,Chr5_supercontig_000002633,5,1961,295256148,2824304870
GL864170.1,Chr5_supercontig_000002634,5,1924,295258072,2824306794
GL864171.1,Chr5_supercontig_000002635,5,2450,295260522,2824309244
GL864172.1,Chr5_supercontig_000002636,5,1914,295262436,2824311158
GL864173.1,Chr5_supercontig_000002637,5,3292,295265728,2824314450
GL864174.1,Chr5_supercontig_000002638,5,2013,295267741,2824316463
GL864175.1,Chr5_supercontig_000002639,5,2049,295269790,2824318512
GL864176.1,Chr5_supercontig_000002640,5,2997,295272787,2824321509
GL864177.1,Chr5_supercontig_000002641,5,1648,295274435,2824323157
GL864178.1,Chr5_supercontig_000002642,5,2143,295276578,2824325300
GL864179.1,Chr5_supercontig_000002643,5,2272,295278850,2824327572
GL864180.1,Chr5_supercontig_000002644,5,1579,295280429,2824329151
GL864181.1,Chr5_supercontig_000002645,5,2591,295283020,2824331742
GL864182.1,Chr5_supercontig_000002646,5,3181,295286201,2824334923
GL864183.1,Chr5_supercontig_000002647,5,2193,295288394,2824337116
GL864184.1,Chr5_supercontig_000002648,5,3026,295291420,2824340142
GL864185.1,Chr5_supercontig_000002649,5,1846,295293266,2824341988
GL864186.1,Chr5_supercontig_000002650,5,2048,295295314,2824344036
GL864187.1,Chr5_supercontig_000002651,5,1610,295296924,2824345646
GL864188.1,Chr5_supercontig_000002652,5,4251,295301175,2824349897
GL864189.1,Chr5_supercontig_000002653,5,1964,295303139,2824351861
GL864190.1,Chr5_supercontig_000002654,5,1602,295304741,2824353463
GL864191.1,Chr5_supercontig_000002655,5,4854,295309595,2824358317
GL864192.1,Chr5_supercontig_000002656,5,1559,295311154,2824359876
GL864193.1,Chr5_supercontig_000002657,5,25487,295336641,2824385363
GL864194.1,Chr5_supercontig_000002658,5,2813,295339454,2824388176
GL864195.1,Chr5_supercontig_000002659,5,19672,295359126,2824407848
GL864196.1,Chr5_supercontig_000002660,5,2078,295361204,2824409926
GL864197.1,Chr5_supercontig_000002661,5,2376,295363580,2824412302
GL864198.1,Chr5_supercontig_000002662,5,4716,295368296,2824417018
GL864199.1,Chr5_supercontig_000002663,5,5452,295373748,2824422470
GL864200.1,Chr5_supercontig_000002664,5,2009,295375757,2824424479
GL864201.1,Chr5_supercontig_000002665,5,5158,295380915,2824429637
GL864202.1,Chr5_supercontig_000002666,5,2934,295383849,2824432571
GL864203.1,Chr5_supercontig_000002667,5,2211,295386060,2824434782
GL864204.1,Chr5_supercontig_000002668,5,1935,295387995,2824436717
GL864205.1,Chr5_supercontig_000002669,5,1982,295389977,2824438699
GL864206.1,Chr5_supercontig_000002670,5,2044,295392021,2824440743
GL864207.1,Chr5_supercontig_000002671,5,3155,295395176,2824443898
GL864208.1,Chr5_supercontig_000002672,5,2506,295397682,2824446404
GL864209.1,Chr5_supercontig_000002673,5,3041,295400723,2824449445
GL864210.1,Chr5_supercontig_000002674,5,1844,295402567,2824451289
GL864211.1,Chr5_supercontig_000002675,5,2176,295404743,2824453465
GL864212.1,Chr5_supercontig_000002676,5,2361,295407104,2824455826
GL864213.1,Chr5_supercontig_000002677,5,3323,295410427,2824459149
GL864214.1,Chr5_supercontig_000002678,5,1766,295412193,2824460915
GL864215.1,Chr5_supercontig_000002679,5,2410,295414603,2824463325
GL864216.1,Chr5_supercontig_000002680,5,2863,295417466,2824466188
GL864217.1,Chr5_supercontig_000002681,5,3446,295420912,2824469634
GL864218.1,Chr5_supercontig_000002682,5,1705,295422617,2824471339
GL864219.1,Chr5_supercontig_000002683,5,2413,295425030,2824473752
GL864220.1,Chr5_supercontig_000002684,5,2989,295428019,2824476741
GL864221.1,Chr5_supercontig_000002685,5,2444,295430463,2824479185
GL864222.1,Chr5_supercontig_000002686,5,2111,295432574,2824481296
GL864223.1,Chr5_supercontig_000002687,5,2263,295434837,2824483559
GL864224.1,Chr5_supercontig_000002688,5,4538,295439375,2824488097
GL864225.1,Chr5_supercontig_000002689,5,1991,295441366,2824490088
GL864226.1,Chr5_supercontig_000002690,5,1536,295442902,2824491624
GL864227.1,Chr5_supercontig_000002691,5,5986,295448888,2824497610
GL864228.1,Chr5_supercontig_000002692,5,9707,295458595,2824507317
GL864229.1,Chr5_supercontig_000002693,5,2217,295460812,2824509534
GL864230.1,Chr5_supercontig_000002694,5,7132,295467944,2824516666
GL864231.1,Chr5_supercontig_000002695,5,2848,295470792,2824519514
GL864232.1,Chr5_supercontig_000002696,5,4721,295475513,2824524235
GL864233.1,Chr5_supercontig_000002697,5,1755,295477268,2824525990
GL864234.1,Chr5_supercontig_000002698,5,1701,295478969,2824527691
GL864235.1,Chr5_supercontig_000002699,5,3242,295482211,2824530933
GL864236.1,Chr5_supercontig_000002700,5,1724,295483935,2824532657
GL864237.1,Chr5_supercontig_000002701,5,1960,295485895,2824534617
GL864238.1,Chr5_supercontig_000002702,5,2527,295488422,2824537144
GL864239.1,Chr5_supercontig_000002703,5,30522,295518944,2824567666
GL864240.1,Chr5_supercontig_000002704,5,4433,295523377,2824572099
GL864241.1,Chr5_supercontig_000002705,5,1971,295525348,2824574070
GL864242.1,Chr5_supercontig_000002706,5,2034,295527382,2824576104
GL864243.1,Chr5_supercontig_000002707,5,2077,295529459,2824578181
GL864244.1,Chr5_supercontig_000002708,5,1698,295531157,2824579879
GL864245.1,Chr5_supercontig_000002709,5,8251,295539408,2824588130
GL864246.1,Chr5_supercontig_000002710,5,1945,295541353,2824590075
GL864247.1,Chr5_supercontig_000002711,5,3150,295544503,2824593225
GL864248.1,Chr5_supercontig_000002712,5,2315,295546818,2824595540
GL864249.1,Chr5_supercontig_000002713,5,4188,295551006,2824599728
GL864250.1,Chr5_supercontig_000002714,5,1762,295552768,2824601490
GL864251.1,Chr5_supercontig_000002715,5,2164,295554932,2824603654
GL864252.1,Chr5_supercontig_000002716,5,2080,295557012,2824605734
GL864253.1,Chr5_supercontig_000002717,5,2642,295559654,2824608376
GL864254.1,Chr5_supercontig_000002718,5,2253,295561907,2824610629
GL864255.1,Chr5_supercontig_000002719,5,1632,295563539,2824612261
GL864256.1,Chr5_supercontig_000002720,5,2366,295565905,2824614627
GL864257.1,Chr5_supercontig_000002721,5,2559,295568464,2824617186
GL864258.1,Chr5_supercontig_000002722,5,3141,295571605,2824620327
GL864259.1,Chr5_supercontig_000002723,5,2501,295574106,2824622828
GL864260.1,Chr5_supercontig_000002724,5,2126,295576232,2824624954
GL864261.1,Chr5_supercontig_000002725,5,2292,295578524,2824627246
GL864262.1,Chr5_supercontig_000002726,5,4084,295582608,2824631330
GL864263.1,Chr5_supercontig_000002727,5,1962,295584570,2824633292
GL864264.1,Chr5_supercontig_000002728,5,2469,295587039,2824635761
GL864265.1,Chr5_supercontig_000002729,5,4109,295591148,2824639870
GL864266.1,Chr5_supercontig_000002730,5,2542,295593690,2824642412
GL864267.1,Chr5_supercontig_000002731,5,3485,295597175,2824645897
GL864268.1,Chr5_supercontig_000002732,5,2046,295599221,2824647943
GL864269.1,Chr5_supercontig_000002733,5,2008,295601229,2824649951
GL864270.1,Chr5_supercontig_000002734,5,2301,295603530,2824652252
GL864271.1,Chr5_supercontig_000002735,5,1666,295605196,2824653918
GL864272.1,Chr5_supercontig_000002736,5,2006,295607202,2824655924
GL864273.1,Chr5_supercontig_000002737,5,3091,295610293,2824659015
GL864274.1,Chr5_supercontig_000002738,5,2315,295612608,2824661330
GL864275.1,Chr5_supercontig_000002739,5,2488,295615096,2824663818
GL864276.1,Chr5_supercontig_000002740,5,2069,295617165,2824665887
GL864277.1,Chr5_supercontig_000002741,5,2360,295619525,2824668247
GL864278.1,Chr5_supercontig_000002742,5,1833,295621358,2824670080
GL864279.1,Chr5_supercontig_000002743,5,2326,295623684,2824672406
GL864280.1,Chr5_supercontig_000002744,5,2469,295626153,2824674875
GL864281.1,Chr5_supercontig_000002745,5,1617,295627770,2824676492
GL864282.1,Chr5_supercontig_000002746,5,1823,295629593,2824678315
GL864283.1,Chr5_supercontig_000002747,5,1666,295631259,2824679981
GL864284.1,Chr5_supercontig_000002748,5,2028,295633287,2824682009
GL864285.1,Chr5_supercontig_000002749,5,2057,295635344,2824684066
GL864286.1,Chr5_supercontig_000002750,5,2198,295637542,2824686264
GL864287.1,Chr5_supercontig_000002751,5,4110,295641652,2824690374
GL864288.1,Chr5_supercontig_000002752,5,2677,295644329,2824693051
GL864289.1,Chr5_supercontig_000002753,5,1572,295645901,2824694623
GL864290.1,Chr5_supercontig_000002754,5,2111,295648012,2824696734
GL864291.1,Chr5_supercontig_000002755,5,2160,295650172,2824698894
GL864292.1,Chr5_supercontig_000002756,5,2206,295652378,2824701100
GL864293.1,Chr5_supercontig_000002757,5,1724,295654102,2824702824
GL864294.1,Chr5_supercontig_000002758,5,2391,295656493,2824705215
GL864295.1,Chr5_supercontig_000002759,5,3416,295659909,2824708631
GL864296.1,Chr5_supercontig_000002760,5,7062,295666971,2824715693
GL864297.1,Chr5_supercontig_000002761,5,1937,295668908,2824717630
GL864298.1,Chr5_supercontig_000002762,5,2108,295671016,2824719738
GL864299.1,Chr5_supercontig_000002763,5,3295,295674311,2824723033
GL864300.1,Chr5_supercontig_000002764,5,2519,295676830,2824725552
GL864301.1,Chr5_supercontig_000002765,5,3179,295680009,2824728731
GL864302.1,Chr5_supercontig_000002766,5,1993,295682002,2824730724
GL864303.1,Chr5_supercontig_000002767,5,4042,295686044,2824734766
GL864304.1,Chr5_supercontig_000002768,5,3714,295689758,2824738480
GL864305.1,Chr5_supercontig_000002769,5,1741,295691499,2824740221
GL864306.1,Chr5_supercontig_000002770,5,8228,295699727,2824748449
GL864307.1,Chr5_supercontig_000002771,5,9225,295708952,2824757674
GL864308.1,Chr5_supercontig_000002772,5,14415,295723367,2824772089
GL864309.1,Chr5_supercontig_000002773,5,14176,295737543,2824786265
GL864310.1,Chr5_supercontig_000002774,5,2081,295739624,2824788346
GL864311.1,Chr5_supercontig_000002775,5,2471,295742095,2824790817
GL864312.1,Chr5_supercontig_000002776,5,1636,295743731,2824792453
GL864313.1,Chr5_supercontig_000002777,5,2826,295746557,2824795279
GL864314.1,Chr5_supercontig_000002778,5,1920,295748477,2824797199
GL864315.1,Chr5_supercontig_000002779,5,2328,295750805,2824799527
GL864316.1,Chr5_supercontig_000002780,5,1606,295752411,2824801133
GL864317.1,Chr5_supercontig_000002781,5,2535,295754946,2824803668
GL864318.1,Chr5_supercontig_000002782,5,2641,295757587,2824806309
GL864319.1,Chr5_supercontig_000002783,5,3364,295760951,2824809673
GL864320.1,Chr5_supercontig_000002784,5,4290,295765241,2824813963
GL864321.1,Chr5_supercontig_000002785,5,3652,295768893,2824817615
GL864322.1,Chr5_supercontig_000002786,5,1858,295770751,2824819473
GL864323.1,Chr5_supercontig_000002787,5,3377,295774128,2824822850
GL864324.1,Chr5_supercontig_000002788,5,3701,295777829,2824826551
GL864325.1,Chr5_supercontig_000002789,5,4345,295782174,2824830896
GL864326.1,Chr5_supercontig_000002790,5,2221,295784395,2824833117
GL864327.1,Chr5_supercontig_000002791,5,2453,295786848,2824835570
GL864328.1,Chr5_supercontig_000002792,5,1574,295788422,2824837144
GL864329.1,Chr5_supercontig_000002793,5,2258,295790680,2824839402
GL864330.1,Chr5_supercontig_000002794,5,2458,295793138,2824841860
GL864331.1,Chr5_supercontig_000002795,5,33663,295826801,2824875523
GL864332.1,Chr5_supercontig_000002796,5,12065,295838866,2824887588
GL864333.1,Chr5_supercontig_000002797,5,1725,295840591,2824889313
GL864334.1,Chr5_supercontig_000002798,5,1789,295842380,2824891102
GL864335.1,Chr5_supercontig_000002799,5,1881,295844261,2824892983
GL864336.1,Chr5_supercontig_000002800,5,4644,295848905,2824897627
GL864337.1,Chr5_supercontig_000002801,5,10746,295859651,2824908373
GL864338.1,Chr5_supercontig_000002802,5,2374,295862025,2824910747
GL864339.1,Chr5_supercontig_000002803,5,1572,295863597,2824912319
GL864340.1,Chr5_supercontig_000002804,5,1633,295865230,2824913952
GL864341.1,Chr5_supercontig_000002805,5,2346,295867576,2824916298
GL864342.1,Chr5_supercontig_000002806,5,1769,295869345,2824918067
GL864343.1,Chr5_supercontig_000002807,5,5355,295874700,2824923422
GL864344.1,Chr5_supercontig_000002808,5,1625,295876325,2824925047
GL864345.1,Chr5_supercontig_000002809,5,2799,295879124,2824927846
GL864346.1,Chr5_supercontig_000002810,5,1827,295880951,2824929673
GL864347.1,Chr5_supercontig_000002811,5,2730,295883681,2824932403
GL864348.1,Chr5_supercontig_000002812,5,3254,295886935,2824935657
GL864349.1,Chr5_supercontig_000002813,5,2494,295889429,2824938151
GL864350.1,Chr5_supercontig_000002814,5,1604,295891033,2824939755
GL864351.1,Chr5_supercontig_000002815,5,2736,295893769,2824942491
GL864352.1,Chr5_supercontig_000002816,5,1931,295895700,2824944422
GL864353.1,Chr5_supercontig_000002817,5,1768,295897468,2824946190
GL864354.1,Chr5_supercontig_000002818,5,1686,295899154,2824947876
GL864355.1,Chr5_supercontig_000002819,5,2256,295901410,2824950132
GL864356.1,Chr5_supercontig_000002820,5,1756,295903166,2824951888
GL864357.1,Chr5_supercontig_000002821,5,1711,295904877,2824953599
GL864358.1,Chr5_supercontig_000002822,5,1785,295906662,2824955384
GL864359.1,Chr5_supercontig_000002823,5,1570,295908232,2824956954
GL864360.1,Chr5_supercontig_000002824,5,1991,295910223,2824958945
GL864361.1,Chr5_supercontig_000002825,5,1697,295911920,2824960642
GL864362.1,Chr5_supercontig_000002826,5,2591,295914511,2824963233
GL864363.1,Chr5_supercontig_000002827,5,3037,295917548,2824966270
GL864364.1,Chr5_supercontig_000002828,5,2310,295919858,2824968580
GL864365.1,Chr5_supercontig_000002829,5,2097,295921955,2824970677
GL864366.1,Chr5_supercontig_000002830,5,1789,295923744,2824972466
GL864367.1,Chr5_supercontig_000002831,5,1907,295925651,2824974373
GL864368.1,Chr5_supercontig_000002832,5,1508,295927159,2824975881
GL864369.1,Chr5_supercontig_000002833,5,2095,295929254,2824977976
GL864370.1,Chr5_supercontig_000002834,5,1788,295931042,2824979764
GL864371.1,Chr5_supercontig_000002835,5,1604,295932646,2824981368
GL864372.1,Chr5_supercontig_000002836,5,1608,295934254,2824982976
GL864373.1,Chr5_supercontig_000002837,5,1542,295935796,2824984518
GL864374.1,Chr5_supercontig_000002838,5,1553,295937349,2824986071
GL864375.1,Chr5_supercontig_000002839,5,1517,295938866,2824987588
GL864376.1,Chr5_supercontig_000002840,5,1715,295940581,2824989303
GL864377.1,Chr5_supercontig_000002841,5,3380,295943961,2824992683
GL864378.1,Chr5_supercontig_000002842,5,3997,295947958,2824996680
GL864379.1,Chr5_supercontig_000002843,5,4438,295952396,2825001118
GL864380.1,Chr5_supercontig_000002844,5,3011,295955407,2825004129
GL864381.1,Chr5_supercontig_000002845,5,1645,295957052,2825005774
GL864382.1,Chr5_supercontig_000002846,5,2292,295959344,2825008066
GL864383.1,Chr5_supercontig_000002847,5,1577,295960921,2825009643
GL864384.1,Chr5_supercontig_000002848,5,2461,295963382,2825012104
GL864385.1,Chr5_supercontig_000002849,5,3590,295966972,2825015694
GL864386.1,Chr5_supercontig_000002850,5,3299,295970271,2825018993
GL864387.1,Chr5_supercontig_000002851,5,2037,295972308,2825021030
GL864388.1,Chr5_supercontig_000002852,5,1631,295973939,2825022661
GL864389.1,Chr5_supercontig_000002853,5,2150,295976089,2825024811
GL864390.1,Chr5_supercontig_000002854,5,1675,295977764,2825026486
GL864391.1,Chr5_supercontig_000002855,5,1873,295979637,2825028359
GL864392.1,Chr5_supercontig_000002856,5,3549,295983186,2825031908
GL864393.1,Chr5_supercontig_000002857,5,7507,295990693,2825039415
GL864394.1,Chr5_supercontig_000002858,5,6723,295997416,2825046138
GL864395.1,Chr5_supercontig_000002859,5,2346,295999762,2825048484
GL864396.1,Chr5_supercontig_000002860,5,2224,296001986,2825050708
GL864397.1,Chr5_supercontig_000002861,5,1606,296003592,2825052314
GL864398.1,Chr5_supercontig_000002862,5,2788,296006380,2825055102
GL864399.1,Chr5_supercontig_000002863,5,2217,296008597,2825057319
GL864400.1,Chr5_supercontig_000002864,5,3033,296011630,2825060352
GL864401.1,Chr5_supercontig_000002865,5,1817,296013447,2825062169
GL864402.1,Chr5_supercontig_000002866,5,1517,296014964,2825063686
GL864403.1,Chr5_supercontig_000002867,5,1799,296016763,2825065485
GL864404.1,Chr5_supercontig_000002868,5,1505,296018268,2825066990
GL864405.1,Chr5_supercontig_000002869,5,2099,296020367,2825069089
GL864406.1,Chr5_supercontig_000002870,5,1605,296021972,2825070694
GL864407.1,Chr5_supercontig_000002871,5,1699,296023671,2825072393
GL864408.1,Chr5_supercontig_000002872,5,2335,296026006,2825074728
GL864409.1,Chr5_supercontig_000002873,5,1513,296027519,2825076241
GL864410.1,Chr5_supercontig_000002874,5,5898,296033417,2825082139
GL864411.1,Chr5_supercontig_000002875,5,5949,296039366,2825088088
GL864412.1,Chr5_supercontig_000002876,5,2904,296042270,2825090992
GL864413.1,Chr5_supercontig_000002877,5,2620,296044890,2825093612
GL864414.1,Chr5_supercontig_000002878,5,1724,296046614,2825095336
GL864415.1,Chr5_supercontig_000002879,5,1726,296048340,2825097062
GL864416.1,Chr5_supercontig_000002880,5,1646,296049986,2825098708
GL864417.1,Chr5_supercontig_000002881,5,2556,296052542,2825101264
GL864418.1,Chr5_supercontig_000002882,5,7727,296060269,2825108991
GL864419.1,Chr5_supercontig_000002883,5,2114,296062383,2825111105
GL864420.1,Chr5_supercontig_000002884,5,2612,296064995,2825113717
GL864421.1,Chr5_supercontig_000002885,5,2321,296067316,2825116038
GL864422.1,Chr5_supercontig_000002886,5,21359,296088675,2825137397
GL864423.1,Chr5_supercontig_000002887,5,8510,296097185,2825145907
GL864424.1,Chr5_supercontig_000002888,5,5160,296102345,2825151067
GL864425.1,Chr5_supercontig_000002889,5,7503,296109848,2825158570
GL864426.1,Chr5_supercontig_000002890,5,7037,296116885,2825165607
GL864427.1,Chr5_supercontig_000002891,5,2943,296119828,2825168550
GL864428.1,Chr5_supercontig_000002892,5,1946,296121774,2825170496
GL864429.1,Chr5_supercontig_000002893,5,1620,296123394,2825172116
GL864430.1,Chr5_supercontig_000002894,5,3154,296126548,2825175270
GL864431.1,Chr5_supercontig_000002895,5,1920,296128468,2825177190
GL864432.1,Chr5_supercontig_000002896,5,1631,296130099,2825178821
GL864433.1,Chr5_supercontig_000002897,5,2054,296132153,2825180875
GL864434.1,Chr5_supercontig_000002898,5,2362,296134515,2825183237
GL864435.1,Chr5_supercontig_000002899,5,2279,296136794,2825185516
GL864436.1,Chr5_supercontig_000002900,5,2085,296138879,2825187601
GL864437.1,Chr5_supercontig_000002901,5,1539,296140418,2825189140
GL864438.1,Chr5_supercontig_000002902,5,2303,296142721,2825191443
GL864439.1,Chr5_supercontig_000002903,5,1924,296144645,2825193367
GL864440.1,Chr5_supercontig_000002904,5,1645,296146290,2825195012
GL864441.1,Chr5_supercontig_000002905,5,3235,296149525,2825198247
GL864442.1,Chr5_supercontig_000002906,5,4617,296154142,2825202864
GL864443.1,Chr5_supercontig_000002907,5,1610,296155752,2825204474
GL864444.1,Chr5_supercontig_000002908,5,2430,296158182,2825206904
GL864445.1,Chr5_supercontig_000002909,5,2679,296160861,2825209583
GL864446.1,Chr5_supercontig_000002910,5,2143,296163004,2825211726
GL864447.1,Chr5_supercontig_000002911,5,2551,296165555,2825214277
GL864448.1,Chr5_supercontig_000002912,5,6395,296171950,2825220672
GL864449.1,Chr5_supercontig_000002913,5,5812,296177762,2825226484
GL864450.1,Chr5_supercontig_000002914,5,6726,296184488,2825233210
GL864451.1,Chr5_supercontig_000002915,5,2938,296187426,2825236148
GL864452.1,Chr5_supercontig_000002916,5,3726,296191152,2825239874
GL864453.1,Chr5_supercontig_000002917,5,3376,296194528,2825243250
GL864454.1,Chr5_supercontig_000002918,5,4273,296198801,2825247523
GL864455.1,Chr5_supercontig_000002919,5,2082,296200883,2825249605
GL864456.1,Chr5_supercontig_000002920,5,5780,296206663,2825255385
GL864457.1,Chr5_supercontig_000002921,5,2444,296209107,2825257829
GL864458.1,Chr5_supercontig_000002922,5,6030,296215137,2825263859
GL864459.1,Chr5_supercontig_000002923,5,7963,296223100,2825271822
GL864460.1,Chr5_supercontig_000002924,5,5549,296228649,2825277371
GL864461.1,Chr5_supercontig_000002925,5,7738,296236387,2825285109
GL864462.1,Chr5_supercontig_000002926,5,6033,296242420,2825291142
GL864463.1,Chr5_supercontig_000002927,5,13510,296255930,2825304652
GL864464.1,Chr5_supercontig_000002928,5,3569,296259499,2825308221
GL864465.1,Chr5_supercontig_000002929,5,4222,296263721,2825312443
GL864466.1,Chr5_supercontig_000002930,5,1880,296265601,2825314323
GL864467.1,Chr5_supercontig_000002931,5,2498,296268099,2825316821
GL864468.1,Chr5_supercontig_000002932,5,5377,296273476,2825322198
GL864469.1,Chr5_supercontig_000002933,5,2578,296276054,2825324776
GL864470.1,Chr5_supercontig_000002934,5,1803,296277857,2825326579
GL864471.1,Chr5_supercontig_000002935,5,3784,296281641,2825330363
GL864472.1,Chr5_supercontig_000002936,5,3293,296284934,2825333656
GL864473.1,Chr5_supercontig_000002937,5,5031,296289965,2825338687
GL864474.1,Chr5_supercontig_000002938,5,4527,296294492,2825343214
GL864475.1,Chr5_supercontig_000002939,5,3177,296297669,2825346391
GL864476.1,Chr5_supercontig_000002940,5,2135,296299804,2825348526
GL864477.1,Chr5_supercontig_000002941,5,2802,296302606,2825351328
GL864478.1,Chr5_supercontig_000002942,5,9441,296312047,2825360769
GL864479.1,Chr5_supercontig_000002943,5,1818,296313865,2825362587
GL864480.1,Chr5_supercontig_000002944,5,4333,296318198,2825366920
GL864481.1,Chr5_supercontig_000002945,5,2377,296320575,2825369297
GL864482.1,Chr5_supercontig_000002946,5,5656,296326231,2825374953
GL864483.1,Chr5_supercontig_000002947,5,2524,296328755,2825377477
GL864484.1,Chr5_supercontig_000002948,5,1826,296330581,2825379303
GL864485.1,Chr5_supercontig_000002949,5,8526,296339107,2825387829
GL864486.1,Chr5_supercontig_000002950,5,1867,296340974,2825389696
GL864487.1,Chr5_supercontig_000002951,5,5078,296346052,2825394774
GL864488.1,Chr5_supercontig_000002952,5,2852,296348904,2825397626
GL864489.1,Chr5_supercontig_000002953,5,2049,296350953,2825399675
GL864490.1,Chr5_supercontig_000002954,5,2586,296353539,2825402261
GL864491.1,Chr5_supercontig_000002955,5,1781,296355320,2825404042
GL864492.1,Chr5_supercontig_000002956,5,2488,296357808,2825406530
GL864493.1,Chr5_supercontig_000002957,5,3805,296361613,2825410335
GL864494.1,Chr5_supercontig_000002958,5,2830,296364443,2825413165
GL864495.1,Chr5_supercontig_000002959,5,8256,296372699,2825421421
GL864496.1,Chr5_supercontig_000002960,5,16084,296388783,2825437505
GL864497.1,Chr5_supercontig_000002961,5,3659,296392442,2825441164
GL864498.1,Chr5_supercontig_000002962,5,1782,296394224,2825442946
GL864499.1,Chr5_supercontig_000002963,5,2895,296397119,2825445841
GL864500.1,Chr5_supercontig_000002964,5,4771,296401890,2825450612
GL864501.1,Chr5_supercontig_000002965,5,3927,296405817,2825454539
GL864502.1,Chr5_supercontig_000002966,5,1788,296407605,2825456327
GL864503.1,Chr5_supercontig_000002967,5,5219,296412824,2825461546
GL864504.1,Chr5_supercontig_000002968,5,3952,296416776,2825465498
GL864505.1,Chr5_supercontig_000002969,5,12623,296429399,2825478121
GL864506.1,Chr5_supercontig_000002970,5,2777,296432176,2825480898
GL864507.1,Chr5_supercontig_000002971,5,29291,296461467,2825510189
GL864508.1,Chr5_supercontig_000002972,5,4116,296465583,2825514305
GL864509.1,Chr5_supercontig_000002973,5,2557,296468140,2825516862
GL864510.1,Chr5_supercontig_000002974,5,15958,296484098,2825532820
GL864511.1,Chr5_supercontig_000002975,5,17256,296501354,2825550076
GL864512.1,Chr5_supercontig_000002976,5,7976,296509330,2825558052
GL864513.1,Chr5_supercontig_000002977,5,9989,296519319,2825568041
GL864514.1,Chr5_supercontig_000002978,5,2422,296521741,2825570463
GL864515.1,Chr5_supercontig_000002979,5,16864,296538605,2825587327
GL864516.1,Chr5_supercontig_000002980,5,22470,296561075,2825609797
GL864517.1,Chr5_supercontig_000002981,5,4678,296565753,2825614475
GL864518.1,Chr5_supercontig_000002982,5,2876,296568629,2825617351
GL864519.1,Chr5_supercontig_000002983,5,7291,296575920,2825624642
GL864520.1,Chr5_supercontig_000002984,5,12040,296587960,2825636682
GL864521.1,Chr5_supercontig_000002985,5,2645,296590605,2825639327
GL864522.1,Chr5_supercontig_000002986,5,4875,296595480,2825644202
GL864523.1,Chr5_supercontig_000002987,5,4118,296599598,2825648320
GL864524.1,Chr5_supercontig_000002988,5,9886,296609484,2825658206
GL864525.1,Chr5_supercontig_000002989,5,4966,296614450,2825663172
GL864526.1,Chr5_supercontig_000002990,5,8098,296622548,2825671270
GL864527.1,Chr5_supercontig_000002991,5,6881,296629429,2825678151
GL864528.1,Chr5_supercontig_000002992,5,3573,296633002,2825681724
GL864529.1,Chr5_supercontig_000002993,5,8488,296641490,2825690212
GL864530.1,Chr5_supercontig_000002994,5,16142,296657632,2825706354
GL864531.1,Chr5_supercontig_000002995,5,1531,296659163,2825707885
GL864532.1,Chr5_supercontig_000002996,5,6018,296665181,2825713903
GL864533.1,Chr5_supercontig_000002997,5,5021,296670202,2825718924
GL864534.1,Chr5_supercontig_000002998,5,21706,296691908,2825740630
GL864535.1,Chr5_supercontig_000002999,5,11183,296703091,2825751813
GL864536.1,Chr5_supercontig_000003000,5,13155,296716246,2825764968
GL864537.1,Chr5_supercontig_000003001,5,5049,296721295,2825770017
GL864538.1,Chr5_supercontig_000003002,5,5745,296727040,2825775762
GL864539.1,Chr5_supercontig_000003003,5,9638,296736678,2825785400
GL864540.1,Chr5_supercontig_000003004,5,23424,296760102,2825808824
GL864541.1,Chr5_supercontig_000003005,5,10721,296770823,2825819545
GL864542.1,Chr5_supercontig_000003006,5,11011,296781834,2825830556
GL864543.1,Chr5_supercontig_000003007,5,7977,296789811,2825838533
GL864544.1,Chr5_supercontig_000003008,5,8541,296798352,2825847074
GL864545.1,Chr5_supercontig_000003009,5,26818,296825170,2825873892
GL864546.1,Chr5_supercontig_000003010,5,26009,296851179,2825899901
GL864547.1,Chr5_supercontig_000003011,5,9236,296860415,2825909137
GL864548.1,Chr5_supercontig_000003012,5,5612,296866027,2825914749
GL864549.1,Chr5_supercontig_000003013,5,11222,296877249,2825925971
GL864550.1,Chr5_supercontig_000003014,5,13511,296890760,2825939482
GL864551.1,Chr5_supercontig_000003015,5,7210,296897970,2825946692
GL864552.1,Chr5_supercontig_000003016,5,6814,296904784,2825953506
GL864553.1,Chr5_supercontig_000003017,5,6259,296911043,2825959765
GL864554.1,Chr5_supercontig_000003018,5,5859,296916902,2825965624
GL864555.1,Chr5_supercontig_000003019,5,9488,296926390,2825975112
GL864556.1,Chr5_supercontig_000003020,5,5531,296931921,2825980643
GL864557.1,Chr5_supercontig_000003021,5,6009,296937930,2825986652
GL864558.1,Chr5_supercontig_000003022,5,10297,296948227,2825996949
GL864559.1,Chr5_supercontig_000003023,5,5089,296953316,2826002038
GL864560.1,Chr5_supercontig_000003024,5,13140,296966456,2826015178
GL864561.1,Chr5_supercontig_000003025,5,6985,296973441,2826022163
GL864562.1,Chr5_supercontig_000003026,5,7213,296980654,2826029376
GL864563.1,Chr5_supercontig_000003027,5,10041,296990695,2826039417
GL864564.1,Chr5_supercontig_000003028,5,9167,296999862,2826048584
GL864565.1,Chr5_supercontig_000003029,5,9429,297009291,2826058013
GL864566.1,Chr5_supercontig_000003030,5,11290,297020581,2826069303
GL864567.1,Chr5_supercontig_000003031,5,5126,297025707,2826074429
GL864568.1,Chr5_supercontig_000003032,5,10761,297036468,2826085190
GL864569.1,Chr5_supercontig_000003033,5,5998,297042466,2826091188
GL864570.1,Chr5_supercontig_000003034,5,8320,297050786,2826099508
GL864571.1,Chr5_supercontig_000003035,5,1500,297052286,2826101008
GL864572.1,Chr5_supercontig_000003036,5,2271,297054557,2826103279
GL864573.1,Chr5_supercontig_000003037,5,1668,297056225,2826104947
GL864574.1,Chr5_supercontig_000003038,5,3130,297059355,2826108077
GL864575.1,Chr5_supercontig_000003039,5,1822,297061177,2826109899
GL864576.1,Chr5_supercontig_000003040,5,1777,297062954,2826111676
GL864577.1,Chr5_supercontig_000003041,5,1559,297064513,2826113235
GL864578.1,Chr5_supercontig_000003042,5,1847,297066360,2826115082
GL864579.1,Chr5_supercontig_000003043,5,4004,297070364,2826119086
GL864580.1,Chr5_supercontig_000003044,5,1556,297071920,2826120642
GL864581.1,Chr5_supercontig_000003045,5,1559,297073479,2826122201
GL864582.1,Chr5_supercontig_000003046,5,2026,297075505,2826124227
GL864583.1,Chr5_supercontig_000003047,5,1579,297077084,2826125806
GL864584.1,Chr5_supercontig_000003048,5,1510,297078594,2826127316
GL864585.1,Chr5_supercontig_000003049,5,2000,297080594,2826129316
GL864586.1,Chr5_supercontig_000003050,5,3013,297083607,2826132329
GL864587.1,Chr5_supercontig_000003051,5,1760,297085367,2826134089
GL864588.1,Chr5_supercontig_000003052,5,1635,297087002,2826135724
GL864589.1,Chr5_supercontig_000003053,5,1503,297088505,2826137227
GL864590.1,Chr5_supercontig_000003054,5,2556,297091061,2826139783
GL864591.1,Chr5_supercontig_000003055,5,2942,297094003,2826142725
GL864592.1,Chr5_supercontig_000003056,5,2139,297096142,2826144864
GL864593.1,Chr5_supercontig_000003057,5,3120,297099262,2826147984
GL864594.1,Chr5_supercontig_000003058,5,1645,297100907,2826149629
GL864595.1,Chr5_supercontig_000003059,5,1837,297102744,2826151466
GL864596.1,Chr5_supercontig_000003060,5,1787,297104531,2826153253
GL864597.1,Chr5_supercontig_000003061,5,1608,297106139,2826154861
GL864598.1,Chr5_supercontig_000003062,5,1988,297108127,2826156849
GL864599.1,Chr5_supercontig_000003063,5,1720,297109847,2826158569
GL864600.1,Chr5_supercontig_000003064,5,2437,297112284,2826161006
GL864601.1,Chr5_supercontig_000003065,5,2112,297114396,2826163118
GL864602.1,Chr5_supercontig_000003066,5,2277,297116673,2826165395
GL864603.1,Chr5_supercontig_000003067,5,1529,297118202,2826166924
GL864604.1,Chr5_supercontig_000003068,5,1973,297120175,2826168897
GL864605.1,Chr5_supercontig_000003069,5,1903,297122078,2826170800
GL864606.1,Chr5_supercontig_000003070,5,1580,297123658,2826172380
GL864607.1,Chr5_supercontig_000003071,5,2446,297126104,2826174826
GL864608.1,Chr5_supercontig_000003072,5,2351,297128455,2826177177
GL864609.1,Chr5_supercontig_000003073,5,2571,297131026,2826179748
GL864610.1,Chr5_supercontig_000003074,5,6881,297137907,2826186629
GL864611.1,Chr5_supercontig_000003075,5,1598,297139505,2826188227
GL864612.1,Chr5_supercontig_000003076,5,1692,297141197,2826189919
GL864613.1,Chr5_supercontig_000003077,5,2977,297144174,2826192896
GL864614.1,Chr5_supercontig_000003078,5,1641,297145815,2826194537
GL864615.1,Chr5_supercontig_000003079,5,2638,297148453,2826197175
GL864616.1,Chr5_supercontig_000003080,5,1713,297150166,2826198888
GL864617.1,Chr5_supercontig_000003081,5,1689,297151855,2826200577
GL864618.1,Chr5_supercontig_000003082,5,2737,297154592,2826203314
GL864619.1,Chr5_supercontig_000003083,5,1531,297156123,2826204845
GL864620.1,Chr5_supercontig_000003084,5,1792,297157915,2826206637
GL864621.1,Chr5_supercontig_000003085,5,1508,297159423,2826208145
GL864622.1,Chr5_supercontig_000003086,5,5306,297164729,2826213451
GL864623.1,Chr5_supercontig_000003087,5,1992,297166721,2826215443
GL864624.1,Chr5_supercontig_000003088,5,3511,297170232,2826218954
GL864625.1,Chr5_supercontig_000003089,5,1814,297172046,2826220768
GL864626.1,Chr5_supercontig_000003090,5,2754,297174800,2826223522
GL864627.1,Chr5_supercontig_000003091,5,1536,297176336,2826225058
GL864628.1,Chr5_supercontig_000003092,5,2300,297178636,2826227358
GL864629.1,Chr5_supercontig_000003093,5,2471,297181107,2826229829
GL864630.1,Chr5_supercontig_000003094,5,1636,297182743,2826231465
GL864631.1,Chr5_supercontig_000003095,5,1944,297184687,2826233409
GL864632.1,Chr5_supercontig_000003096,5,1554,297186241,2826234963
GL864633.1,Chr5_supercontig_000003097,5,1538,297187779,2826236501
GL864634.1,Chr5_supercontig_000003098,5,2221,297190000,2826238722
GL864635.1,Chr5_supercontig_000003099,5,1878,297191878,2826240600
GL864636.1,Chr5_supercontig_000003100,5,3118,297194996,2826243718
GL864637.1,Chr5_supercontig_000003101,5,1636,297196632,2826245354
GL864638.1,Chr5_supercontig_000003102,5,1864,297198496,2826247218
GL864639.1,Chr5_supercontig_000003103,5,1609,297200105,2826248827
GL864640.1,Chr5_supercontig_000003104,5,2652,297202757,2826251479
GL864641.1,Chr5_supercontig_000003105,5,1881,297204638,2826253360
GL864642.1,Chr5_supercontig_000003106,5,1711,297206349,2826255071
GL864643.1,Chr5_supercontig_000003107,5,1703,297208052,2826256774
GL864644.1,Chr5_supercontig_000003108,5,1652,297209704,2826258426
GL864645.1,Chr5_supercontig_000003109,5,1611,297211315,2826260037
GL864646.1,Chr5_supercontig_000003110,5,1548,297212863,2826261585
GL864647.1,Chr5_supercontig_000003111,5,1508,297214371,2826263093
GL864648.1,Chr5_supercontig_000003112,5,1546,297215917,2826264639
GL864649.1,Chr5_supercontig_000003113,5,2376,297218293,2826267015
GL864650.1,Chr5_supercontig_000003114,5,1773,297220066,2826268788
GL864651.1,Chr5_supercontig_000003115,5,1906,297221972,2826270694
GL864652.1,Chr5_supercontig_000003116,5,1524,297223496,2826272218
GL864653.1,Chr5_supercontig_000003117,5,1737,297225233,2826273955
GL864654.1,Chr5_supercontig_000003118,5,1525,297226758,2826275480
GL864655.1,Chr5_supercontig_000003119,5,2696,297229454,2826278176
GL864656.1,Chr5_supercontig_000003120,5,1987,297231441,2826280163
GL864657.1,Chr5_supercontig_000003121,5,1732,297233173,2826281895
GL864658.1,Chr5_supercontig_000003122,5,2352,297235525,2826284247
GL864659.1,Chr5_supercontig_000003123,5,2248,297237773,2826286495
GL864660.1,Chr5_supercontig_000003124,5,1574,297239347,2826288069
GL864661.1,Chr5_supercontig_000003125,5,1928,297241275,2826289997
GL864662.1,Chr5_supercontig_000003126,5,1979,297243254,2826291976
GL864663.1,Chr5_supercontig_000003127,5,1677,297244931,2826293653
GL864664.1,Chr5_supercontig_000003128,5,1567,297246498,2826295220
GL864665.1,Chr5_supercontig_000003129,5,1643,297248141,2826296863
GL864666.1,Chr5_supercontig_000003130,5,1897,297250038,2826298760
GL864667.1,Chr5_supercontig_000003131,5,1740,297251778,2826300500
GL864668.1,Chr5_supercontig_000003132,5,2405,297254183,2826302905
GL864669.1,Chr5_supercontig_000003133,5,1578,297255761,2826304483
GL864670.1,Chr5_supercontig_000003134,5,1868,297257629,2826306351
GL864671.1,Chr5_supercontig_000003135,5,1631,297259260,2826307982
GL864672.1,Chr5_supercontig_000003136,5,1892,297261152,2826309874
GL864673.1,Chr5_supercontig_000003137,5,2655,297263807,2826312529
GL864674.1,Chr5_supercontig_000003138,5,1997,297265804,2826314526
GL864675.1,Chr5_supercontig_000003139,5,1754,297267558,2826316280
GL864676.1,Chr5_supercontig_000003140,5,1627,297269185,2826317907
GL864677.1,Chr5_supercontig_000003141,5,1795,297270980,2826319702
GL864678.1,Chr5_supercontig_000003142,5,1632,297272612,2826321334
GL864679.1,Chr5_supercontig_000003143,5,1952,297274564,2826323286
GL864680.1,Chr5_supercontig_000003144,5,1733,297276297,2826325019
GL864681.1,Chr5_supercontig_000003145,5,1675,297277972,2826326694
GL864682.1,Chr5_supercontig_000003146,5,4463,297282435,2826331157
GL864683.1,Chr5_supercontig_000003147,5,1710,297284145,2826332867
GL864684.1,Chr5_supercontig_000003148,5,2567,297286712,2826335434
GL864685.1,Chr5_supercontig_000003149,5,2826,297289538,2826338260
GL864686.1,Chr5_supercontig_000003150,5,3248,297292786,2826341508
GL864687.1,Chr5_supercontig_000003151,5,1949,297294735,2826343457
GL864688.1,Chr5_supercontig_000003152,5,2818,297297553,2826346275
GL864689.1,Chr5_supercontig_000003153,5,1710,297299263,2826347985
GL864690.1,Chr5_supercontig_000003154,5,2171,297301434,2826350156
GL864691.1,Chr5_supercontig_000003155,5,4037,297305471,2826354193
GL864692.1,Chr5_supercontig_000003156,5,3015,297308486,2826357208
GL864693.1,Chr5_supercontig_000003157,5,2292,297310778,2826359500
GL864694.1,Chr5_supercontig_000003158,5,6201,297316979,2826365701
GL864695.1,Chr5_supercontig_000003159,5,2233,297319212,2826367934
GL864696.1,Chr5_supercontig_000003160,5,4229,297323441,2826372163
GL864697.1,Chr5_supercontig_000003161,5,3545,297326986,2826375708
GL864698.1,Chr5_supercontig_000003162,5,2140,297329126,2826377848
GL864699.1,Chr5_supercontig_000003163,5,4958,297334084,2826382806
GL864700.1,Chr5_supercontig_000003164,5,1814,297335898,2826384620
GL864701.1,Chr5_supercontig_000003165,5,2621,297338519,2826387241
GL864702.1,Chr5_supercontig_000003166,5,1809,297340328,2826389050
GL864703.1,Chr5_supercontig_000003167,5,1651,297341979,2826390701
GL864704.1,Chr5_supercontig_000003168,5,3353,297345332,2826394054
GL864705.1,Chr5_supercontig_000003169,5,1767,297347099,2826395821
GL864706.1,Chr5_supercontig_000003170,5,2217,297349316,2826398038
GL864707.1,Chr5_supercontig_000003171,5,3060,297352376,2826401098
GL864708.1,Chr5_supercontig_000003172,5,1618,297353994,2826402716
GL864709.1,Chr5_supercontig_000003173,5,1660,297355654,2826404376
GL864710.1,Chr5_supercontig_000003174,5,2962,297358616,2826407338
GL864711.1,Chr5_supercontig_000003175,5,4304,297362920,2826411642
GL864712.1,Chr5_supercontig_000003176,5,1505,297364425,2826413147
GL864713.1,Chr5_supercontig_000003177,5,1921,297366346,2826415068
GL864714.1,Chr5_supercontig_000003178,5,5532,297371878,2826420600
GL864715.1,Chr5_supercontig_000003179,5,4719,297376597,2826425319
GL864716.1,Chr5_supercontig_000003180,5,1724,297378321,2826427043
GL864717.1,Chr5_supercontig_000003181,5,1538,297379859,2826428581
GL864718.1,Chr5_supercontig_000003182,5,1683,297381542,2826430264
GL864719.1,Chr5_supercontig_000003183,5,2040,297383582,2826432304
GL864720.1,Chr5_supercontig_000003184,5,2133,297385715,2826434437
GL864721.1,Chr5_supercontig_000003185,5,2598,297388313,2826437035
GL864722.1,Chr5_supercontig_000003186,5,1903,297390216,2826438938
GL864723.1,Chr5_supercontig_000003187,5,2032,297392248,2826440970
GL864724.1,Chr6_supercontig_000000000,6,1589,1589,2826442559
GL864725.1,Chr6_supercontig_000000001,6,1551182,1552771,2827993741
GL864726.1,Chr6_supercontig_000000002,6,1572901,3125672,2829566642
GL864727.1,Chr6_supercontig_000000003,6,378801,3504473,2829945443
GL864728.1,Chr6_supercontig_000000004,6,173623,3678096,2830119066
GL864729.1,Chr6_supercontig_000000005,6,842309,4520405,2830961375
GL864730.1,Chr6_supercontig_000000006,6,628214,5148619,2831589589
GL864731.1,Chr6_supercontig_000000007,6,499581,5648200,2832089170
GL864732.1,Chr6_supercontig_000000008,6,361446,6009646,2832450616
GL864733.1,Chr6_supercontig_000000009,6,201374,6211020,2832651990
GL864734.1,Chr6_supercontig_000000010,6,2882313,9093333,2835534303
GL864735.1,Chr6_supercontig_000000011,6,220535,9313868,2835754838
GL864736.1,Chr6_supercontig_000000012,6,1547611,10861479,2837302449
GL864737.1,Chr6_supercontig_000000013,6,3706227,14567706,2841008676
GL864738.1,Chr6_supercontig_000000014,6,2483254,17050960,2843491930
GL864739.1,Chr6_supercontig_000000015,6,364814,17415774,2843856744
GL864740.1,Chr6_supercontig_000000016,6,278527,17694301,2844135271
GL864741.1,Chr6_supercontig_000000017,6,776158,18470459,2844911429
GL864742.1,Chr6_supercontig_000000018,6,449959,18920418,2845361388
GL864743.1,Chr6_supercontig_000000019,6,261131,19181549,2845622519
GL864744.1,Chr6_supercontig_000000020,6,116852,19298401,2845739371
GL864745.1,Chr6_supercontig_000000021,6,1513675,20812076,2847253046
GL864746.1,Chr6_supercontig_000000022,6,837280,21649356,2848090326
GL864747.1,Chr6_supercontig_000000023,6,194020,21843376,2848284346
GL864748.1,Chr6_supercontig_000000024,6,430795,22274171,2848715141
GL864749.1,Chr6_supercontig_000000025,6,149578,22423749,2848864719
GL864750.1,Chr6_supercontig_000000026,6,469723,22893472,2849334442
GL864751.1,Chr6_supercontig_000000027,6,404948,23298420,2849739390
GL864752.1,Chr6_supercontig_000000028,6,1427242,24725662,2851166632
GL864753.1,Chr6_supercontig_000000029,6,158073,24883735,2851324705
GL864754.1,Chr6_supercontig_000000030,6,467876,25351611,2851792581
GL864755.1,Chr6_supercontig_000000031,6,499921,25851532,2852292502
GL864756.1,Chr6_supercontig_000000032,6,667604,26519136,2852960106
GL864757.1,Chr6_supercontig_000000033,6,1456335,27975471,2854416441
GL864758.1,Chr6_supercontig_000000034,6,694212,28669683,2855110653
GL864759.1,Chr6_supercontig_000000035,6,221684,28891367,2855332337
GL864760.1,Chr6_supercontig_000000036,6,644098,29535465,2855976435
GL864761.1,Chr6_supercontig_000000037,6,424893,29960358,2856401328
GL864762.1,Chr6_supercontig_000000038,6,103611,30063969,2856504939
GL864763.1,Chr6_supercontig_000000039,6,134677,30198646,2856639616
GL864764.1,Chr6_supercontig_000000040,6,515679,30714325,2857155295
GL864765.1,Chr6_supercontig_000000041,6,524655,31238980,2857679950
GL864766.1,Chr6_supercontig_000000042,6,229398,31468378,2857909348
GL864767.1,Chr6_supercontig_000000043,6,597660,32066038,2858507008
GL864768.1,Chr6_supercontig_000000044,6,293004,32359042,2858800012
GL864769.1,Chr6_supercontig_000000045,6,155990,32515032,2858956002
GL864770.1,Chr6_supercontig_000000046,6,750685,33265717,2859706687
GL864771.1,Chr6_supercontig_000000047,6,1181810,34447527,2860888497
GL864772.1,Chr6_supercontig_000000048,6,198837,34646364,2861087334
GL864773.1,Chr6_supercontig_000000049,6,749409,35395773,2861836743
GL864774.1,Chr6_supercontig_000000050,6,4001076,39396849,2865837819
GL864775.1,Chr6_supercontig_000000051,6,335846,39732695,2866173665
GL864776.1,Chr6_supercontig_000000052,6,135524,39868219,2866309189
GL864777.1,Chr6_supercontig_000000053,6,533738,40401957,2866842927
GL864778.1,Chr6_supercontig_000000054,6,630047,41032004,2867472974
GL864779.1,Chr6_supercontig_000000055,6,358484,41390488,2867831458
GL864780.1,Chr6_supercontig_000000056,6,881593,42272081,2868713051
GL864781.1,Chr6_supercontig_000000057,6,402547,42674628,2869115598
GL864782.1,Chr6_supercontig_000000058,6,366706,43041334,2869482304
GL864783.1,Chr6_supercontig_000000059,6,653791,43695125,2870136095
GL864784.1,Chr6_supercontig_000000060,6,587162,44282287,2870723257
GL864785.1,Chr6_supercontig_000000061,6,214614,44496901,2870937871
GL864786.1,Chr6_supercontig_000000062,6,195267,44692168,2871133138
GL864787.1,Chr6_supercontig_000000063,6,1039785,45731953,2872172923
GL864788.1,Chr6_supercontig_000000064,6,1513207,47245160,2873686130
GL864789.1,Chr6_supercontig_000000065,6,578638,47823798,2874264768
GL864790.1,Chr6_supercontig_000000066,6,3856589,51680387,2878121357
GL864791.1,Chr6_supercontig_000000067,6,1622173,53302560,2879743530
GL864792.1,Chr6_supercontig_000000068,6,2173224,55475784,2881916754
GL864793.1,Chr6_supercontig_000000069,6,2559353,58035137,2884476107
GL864794.1,Chr6_supercontig_000000070,6,886831,58921968,2885362938
GL864795.1,Chr6_supercontig_000000071,6,2217777,61139745,2887580715
GL864796.1,Chr6_supercontig_000000072,6,536680,61676425,2888117395
GL864797.1,Chr6_supercontig_000000073,6,1328171,63004596,2889445566
GL864798.1,Chr6_supercontig_000000074,6,142933,63147529,2889588499
GL864799.1,Chr6_supercontig_000000075,6,2747825,65895354,2892336324
GL864800.1,Chr6_supercontig_000000076,6,236506,66131860,2892572830
GL864801.1,Chr6_supercontig_000000077,6,76200,66208060,2892649030
GL864802.1,Chr6_supercontig_000000078,6,63207,66271267,2892712237
GL864803.1,Chr6_supercontig_000000079,6,90519,66361786,2892802756
GL864804.1,Chr6_supercontig_000000080,6,32877,66394663,2892835633
GL864805.1,Chr6_supercontig_000000081,6,1168592,67563255,2894004225
GL864806.1,Chr6_supercontig_000000082,6,2297351,69860606,2896301576
GL864807.1,Chr6_supercontig_000000083,6,2027160,71887766,2898328736
GL864808.1,Chr6_supercontig_000000084,6,712528,72600294,2899041264
GL864809.1,Chr6_supercontig_000000085,6,119180,72719474,2899160444
GL864810.1,Chr6_supercontig_000000086,6,2248691,74968165,2901409135
GL864811.1,Chr6_supercontig_000000087,6,396331,75364496,2901805466
GL864812.1,Chr6_supercontig_000000088,6,386429,75750925,2902191895
GL864813.1,Chr6_supercontig_000000089,6,470323,76221248,2902662218
GL864814.1,Chr6_supercontig_000000090,6,104007,76325255,2902766225
GL864815.1,Chr6_supercontig_000000091,6,437627,76762882,2903203852
GL864816.1,Chr6_supercontig_000000092,6,2028783,78791665,2905232635
GL864817.1,Chr6_supercontig_000000093,6,773137,79564802,2906005772
GL864818.1,Chr6_supercontig_000000094,6,763728,80328530,2906769500
GL864819.1,Chr6_supercontig_000000095,6,4411316,84739846,2911180816
GL864820.1,Chr6_supercontig_000000096,6,777011,85516857,2911957827
GL864821.1,Chr6_supercontig_000000097,6,2212565,87729422,2914170392
GL864822.1,Chr6_supercontig_000000098,6,157349,87886771,2914327741
GL864823.1,Chr6_supercontig_000000099,6,1378145,89264916,2915705886
GL864824.1,Chr6_supercontig_000000100,6,3371407,92636323,2919077293
GL864825.1,Chr6_supercontig_000000101,6,888579,93524902,2919965872
GL864826.1,Chr6_supercontig_000000102,6,271582,93796484,2920237454
GL864827.1,Chr6_supercontig_000000103,6,3671673,97468157,2923909127
GL864828.1,Chr6_supercontig_000000104,6,73219,97541376,2923982346
GL864829.1,Chr6_supercontig_000000105,6,1201832,98743208,2925184178
GL864830.1,Chr6_supercontig_000000106,6,2557781,101300989,2927741959
GL864831.1,Chr6_supercontig_000000107,6,466647,101767636,2928208606
GL864832.1,Chr6_supercontig_000000108,6,883331,102650967,2929091937
GL864833.1,Chr6_supercontig_000000109,6,2303518,104954485,2931395455
GL864834.1,Chr6_supercontig_000000110,6,399082,105353567,2931794537
GL864835.1,Chr6_supercontig_000000111,6,3828217,109181784,2935622754
GL864836.1,Chr6_supercontig_000000112,6,82389,109264173,2935705143
GL864837.1,Chr6_supercontig_000000113,6,226280,109490453,2935931423
GL864838.1,Chr6_supercontig_000000114,6,195573,109686026,2936126996
GL864839.1,Chr6_supercontig_000000115,6,178203,109864229,2936305199
GL864840.1,Chr6_supercontig_000000116,6,2436757,112300986,2938741956
GL864841.1,Chr6_supercontig_000000117,6,118186,112419172,2938860142
GL864842.1,Chr6_supercontig_000000118,6,478321,112897493,2939338463
GL864843.1,Chr6_supercontig_000000119,6,2214845,115112338,2941553308
GL864844.1,Chr6_supercontig_000000120,6,700996,115813334,2942254304
GL864845.1,Chr6_supercontig_000000121,6,3914745,119728079,2946169049
GL864846.1,Chr6_supercontig_000000122,6,162765,119890844,2946331814
GL864847.1,Chr6_supercontig_000000123,6,1364131,121254975,2947695945
GL864848.1,Chr6_supercontig_000000124,6,805386,122060361,2948501331
GL864849.1,Chr6_supercontig_000000125,6,279081,122339442,2948780412
GL864850.1,Chr6_supercontig_000000126,6,784296,123123738,2949564708
GL864851.1,Chr6_supercontig_000000127,6,3134709,126258447,2952699417
GL864852.1,Chr6_supercontig_000000128,6,441298,126699745,2953140715
GL864853.1,Chr6_supercontig_000000129,6,1405610,128105355,2954546325
GL864854.1,Chr6_supercontig_000000130,6,333547,128438902,2954879872
GL864855.1,Chr6_supercontig_000000131,6,1893969,130332871,2956773841
GL864856.1,Chr6_supercontig_000000132,6,1832208,132165079,2958606049
GL864857.1,Chr6_supercontig_000000133,6,538903,132703982,2959144952
GL864858.1,Chr6_supercontig_000000134,6,982178,133686160,2960127130
GL864859.1,Chr6_supercontig_000000135,6,1064253,134750413,2961191383
GL864860.1,Chr6_supercontig_000000136,6,2757502,137507915,2963948885
GL864861.1,Chr6_supercontig_000000137,6,688715,138196630,2964637600
GL864862.1,Chr6_supercontig_000000138,6,767293,138963923,2965404893
GL864863.1,Chr6_supercontig_000000139,6,974441,139938364,2966379334
GL864864.1,Chr6_supercontig_000000140,6,3788665,143727029,2970167999
GL864865.1,Chr6_supercontig_000000141,6,3642745,147369774,2973810744
GL864866.1,Chr6_supercontig_000000142,6,1250588,148620362,2975061332
GL864867.1,Chr6_supercontig_000000143,6,1513180,150133542,2976574512
GL864868.1,Chr6_supercontig_000000144,6,1354875,151488417,2977929387
GL864869.1,Chr6_supercontig_000000145,6,2706738,154195155,2980636125
GL864870.1,Chr6_supercontig_000000146,6,664394,154859549,2981300519
GL864871.1,Chr6_supercontig_000000147,6,2372182,157231731,2983672701
GL864872.1,Chr6_supercontig_000000148,6,1720764,158952495,2985393465
GL864873.1,Chr6_supercontig_000000149,6,1022127,159974622,2986415592
GL864874.1,Chr6_supercontig_000000150,6,1097025,161071647,2987512617
GL864875.1,Chr6_supercontig_000000151,6,2183052,163254699,2989695669
GL864876.1,Chr6_supercontig_000000152,6,2752264,166006963,2992447933
GL864877.1,Chr6_supercontig_000000153,6,1554212,167561175,2994002145
GL864878.1,Chr6_supercontig_000000154,6,3059665,170620840,2997061810
GL864879.1,Chr6_supercontig_000000155,6,416712,171037552,2997478522
GL864880.1,Chr6_supercontig_000000156,6,4560673,175598225,3002039195
GL864881.1,Chr6_supercontig_000000157,6,178934,175777159,3002218129
GL864882.1,Chr6_supercontig_000000158,6,3774399,179551558,3005992528
GL864883.1,Chr6_supercontig_000000159,6,1400985,180952543,3007393513
GL864884.1,Chr6_supercontig_000000160,6,257436,181209979,3007650949
GL864885.1,Chr6_supercontig_000000161,6,3135773,184345752,3010786722
GL864886.1,Chr6_supercontig_000000162,6,458836,184804588,3011245558
GL864887.1,Chr6_supercontig_000000163,6,3439658,188244246,3014685216
GL864888.1,Chr6_supercontig_000000164,6,4028694,192272940,3018713910
GL864889.1,Chr6_supercontig_000000165,6,906900,193179840,3019620810
GL864890.1,Chr6_supercontig_000000166,6,3316259,196496099,3022937069
GL864891.1,Chr6_supercontig_000000167,6,4676460,201172559,3027613529
GL864892.1,Chr6_supercontig_000000168,6,990385,202162944,3028603914
GL864893.1,Chr6_supercontig_000000169,6,3304374,205467318,3031908288
GL864894.1,Chr6_supercontig_000000170,6,216997,205684315,3032125285
GL864895.1,Chr6_supercontig_000000171,6,262017,205946332,3032387302
GL864896.1,Chr6_supercontig_000000172,6,531690,206478022,3032918992
GL864897.1,Chr6_supercontig_000000173,6,309890,206787912,3033228882
GL864898.1,Chr6_supercontig_000000174,6,49442,206837354,3033278324
GL864899.1,Chr6_supercontig_000000175,6,279276,207116630,3033557600
GL864900.1,Chr6_supercontig_000000176,6,2352990,209469620,3035910590
GL864901.1,Chr6_supercontig_000000177,6,287728,209757348,3036198318
GL864902.1,Chr6_supercontig_000000178,6,4302,209761650,3036202620
GL864903.1,Chr6_supercontig_000000179,6,311726,210073376,3036514346
GL864904.1,Chr6_supercontig_000000180,6,151821,210225197,3036666167
GL864905.1,Chr6_supercontig_000000181,6,1291328,211516525,3037957495
GL864906.1,Chr6_supercontig_000000182,6,379849,211896374,3038337344
GL864907.1,Chr6_supercontig_000000183,6,56890,211953264,3038394234
GL864908.1,Chr6_supercontig_000000184,6,409577,212362841,3038803811
GL864909.1,Chr6_supercontig_000000185,6,44402,212407243,3038848213
GL864910.1,Chr6_supercontig_000000186,6,266148,212673391,3039114361
GL864911.1,Chr6_supercontig_000000187,6,225130,212898521,3039339491
GL864912.1,Chr6_supercontig_000000188,6,883878,213782399,3040223369
GL864913.1,Chr6_supercontig_000000189,6,103073,213885472,3040326442
GL864914.1,Chr6_supercontig_000000190,6,417803,214303275,3040744245
GL864915.1,Chr6_supercontig_000000191,6,407157,214710432,3041151402
GL864916.1,Chr6_supercontig_000000192,6,340051,215050483,3041491453
GL864917.1,Chr6_supercontig_000000193,6,136725,215187208,3041628178
GL864918.1,Chr6_supercontig_000000194,6,173835,215361043,3041802013
GL864919.1,Chr6_supercontig_000000195,6,110180,215471223,3041912193
GL864920.1,Chr6_supercontig_000000196,6,43159,215514382,3041955352
GL864921.1,Chr6_supercontig_000000197,6,88061,215602443,3042043413
GL864922.1,Chr6_supercontig_000000198,6,33251,215635694,3042076664
GL864923.1,Chr6_supercontig_000000199,6,86921,215722615,3042163585
GL864924.1,Chr6_supercontig_000000200,6,22328,215744943,3042185913
GL864925.1,Chr6_supercontig_000000201,6,122465,215867408,3042308378
GL864926.1,Chr6_supercontig_000000202,6,135066,216002474,3042443444
GL864927.1,Chr6_supercontig_000000203,6,52184,216054658,3042495628
GL864928.1,Chr6_supercontig_000000204,6,204540,216259198,3042700168
GL864929.1,Chr6_supercontig_000000205,6,248545,216507743,3042948713
GL864930.1,Chr6_supercontig_000000206,6,50727,216558470,3042999440
GL864931.1,Chr6_supercontig_000000207,6,58872,216617342,3043058312
GL864932.1,Chr6_supercontig_000000208,6,10571,216627913,3043068883
GL864933.1,Chr6_supercontig_000000209,6,219991,216847904,3043288874
GL864934.1,Chr6_supercontig_000000210,6,62266,216910170,3043351140
GL864935.1,Chr6_supercontig_000000211,6,167960,217078130,3043519100
GL864936.1,Chr6_supercontig_000000212,6,54863,217132993,3043573963
GL864937.1,Chr6_supercontig_000000213,6,233408,217366401,3043807371
GL864938.1,Chr6_supercontig_000000214,6,32744,217399145,3043840115
GL864939.1,Chr6_supercontig_000000215,6,195387,217594532,3044035502
GL864940.1,Chr6_supercontig_000000216,6,109566,217704098,3044145068
GL864941.1,Chr6_supercontig_000000217,6,202585,217906683,3044347653
GL864942.1,Chr6_supercontig_000000218,6,5009,217911692,3044352662
GL864943.1,Chr6_supercontig_000000219,6,42316,217954008,3044394978
GL864944.1,Chr6_supercontig_000000220,6,209696,218163704,3044604674
GL864945.1,Chr6_supercontig_000000221,6,114391,218278095,3044719065
GL864946.1,Chr6_supercontig_000000222,6,60114,218338209,3044779179
GL864947.1,Chr6_supercontig_000000223,6,131378,218469587,3044910557
GL864948.1,Chr6_supercontig_000000224,6,140716,218610303,3045051273
GL864949.1,Chr6_supercontig_000000225,6,276722,218887025,3045327995
GL864950.1,Chr6_supercontig_000000226,6,24726,218911751,3045352721
GL864951.1,Chr6_supercontig_000000227,6,125949,219037700,3045478670
GL864952.1,Chr6_supercontig_000000228,6,198894,219236594,3045677564
GL864953.1,Chr6_supercontig_000000229,6,17064,219253658,3045694628
GL864954.1,Chr6_supercontig_000000230,6,20814,219274472,3045715442
GL864955.1,Chr6_supercontig_000000231,6,58652,219333124,3045774094
GL864956.1,Chr6_supercontig_000000232,6,92402,219425526,3045866496
GL864957.1,Chr6_supercontig_000000233,6,44656,219470182,3045911152
GL864958.1,Chr6_supercontig_000000234,6,213947,219684129,3046125099
GL864959.1,Chr6_supercontig_000000235,6,121960,219806089,3046247059
GL864960.1,Chr6_supercontig_000000236,6,14822,219820911,3046261881
GL864961.1,Chr6_supercontig_000000237,6,96045,219916956,3046357926
GL864962.1,Chr6_supercontig_000000238,6,64065,219981021,3046421991
GL864963.1,Chr6_supercontig_000000239,6,35077,220016098,3046457068
GL864964.1,Chr6_supercontig_000000240,6,634526,220650624,3047091594
GL864965.1,Chr6_supercontig_000000241,6,105162,220755786,3047196756
GL864966.1,Chr6_supercontig_000000242,6,41285,220797071,3047238041
GL864967.1,Chr6_supercontig_000000243,6,179098,220976169,3047417139
GL864968.1,Chr6_supercontig_000000244,6,69167,221045336,3047486306
GL864969.1,Chr6_supercontig_000000245,6,61473,221106809,3047547779
GL864970.1,Chr6_supercontig_000000246,6,54022,221160831,3047601801
GL864971.1,Chr6_supercontig_000000247,6,77732,221238563,3047679533
GL864972.1,Chr6_supercontig_000000248,6,117988,221356551,3047797521
GL864973.1,Chr6_supercontig_000000249,6,49506,221406057,3047847027
GL864974.1,Chr6_supercontig_000000250,6,88658,221494715,3047935685
GL864975.1,Chr6_supercontig_000000251,6,122652,221617367,3048058337
GL864976.1,Chr6_supercontig_000000252,6,57255,221674622,3048115592
GL864977.1,Chr6_supercontig_000000253,6,366785,222041407,3048482377
GL864978.1,Chr6_supercontig_000000254,6,108723,222150130,3048591100
GL864979.1,Chr6_supercontig_000000255,6,88472,222238602,3048679572
GL864980.1,Chr6_supercontig_000000256,6,16902,222255504,3048696474
GL864981.1,Chr6_supercontig_000000257,6,40490,222295994,3048736964
GL864982.1,Chr6_supercontig_000000258,6,86644,222382638,3048823608
GL864983.1,Chr6_supercontig_000000259,6,85527,222468165,3048909135
GL864984.1,Chr6_supercontig_000000260,6,62279,222530444,3048971414
GL864985.1,Chr6_supercontig_000000261,6,231252,222761696,3049202666
GL864986.1,Chr6_supercontig_000000262,6,31596,222793292,3049234262
GL864987.1,Chr6_supercontig_000000263,6,37265,222830557,3049271527
GL864988.1,Chr6_supercontig_000000264,6,34425,222864982,3049305952
GL864989.1,Chr6_supercontig_000000265,6,58806,222923788,3049364758
GL864990.1,Chr6_supercontig_000000266,6,92336,223016124,3049457094
GL864991.1,Chr6_supercontig_000000267,6,91740,223107864,3049548834
GL864992.1,Chr6_supercontig_000000268,6,35566,223143430,3049584400
GL864993.1,Chr6_supercontig_000000269,6,18114,223161544,3049602514
GL864994.1,Chr6_supercontig_000000270,6,15516,223177060,3049618030
GL864995.1,Chr6_supercontig_000000271,6,46897,223223957,3049664927
GL864996.1,Chr6_supercontig_000000272,6,19243,223243200,3049684170
GL864997.1,Chr6_supercontig_000000273,6,55701,223298901,3049739871
GL864998.1,Chr6_supercontig_000000274,6,185372,223484273,3049925243
GL864999.1,Chr6_supercontig_000000275,6,23386,223507659,3049948629
GL865000.1,Chr6_supercontig_000000276,6,56262,223563921,3050004891
GL865001.1,Chr6_supercontig_000000277,6,205257,223769178,3050210148
GL865002.1,Chr6_supercontig_000000278,6,103415,223872593,3050313563
GL865003.1,Chr6_supercontig_000000279,6,153676,224026269,3050467239
GL865004.1,Chr6_supercontig_000000280,6,87089,224113358,3050554328
GL865005.1,Chr6_supercontig_000000281,6,106436,224219794,3050660764
GL865006.1,Chr6_supercontig_000000282,6,121992,224341786,3050782756
GL865007.1,Chr6_supercontig_000000283,6,507462,224849248,3051290218
GL865008.1,Chr6_supercontig_000000284,6,31468,224880716,3051321686
GL865009.1,Chr6_supercontig_000000285,6,359903,225240619,3051681589
GL865010.1,Chr6_supercontig_000000286,6,75997,225316616,3051757586
GL865011.1,Chr6_supercontig_000000287,6,95612,225412228,3051853198
GL865012.1,Chr6_supercontig_000000288,6,87975,225500203,3051941173
GL865013.1,Chr6_supercontig_000000289,6,52100,225552303,3051993273
GL865014.1,Chr6_supercontig_000000290,6,23293,225575596,3052016566
GL865015.1,Chr6_supercontig_000000291,6,39707,225615303,3052056273
GL865016.1,Chr6_supercontig_000000292,6,180677,225795980,3052236950
GL865017.1,Chr6_supercontig_000000293,6,92485,225888465,3052329435
GL865018.1,Chr6_supercontig_000000294,6,175169,226063634,3052504604
GL865019.1,Chr6_supercontig_000000295,6,136297,226199931,3052640901
GL865020.1,Chr6_supercontig_000000296,6,84595,226284526,3052725496
GL865021.1,Chr6_supercontig_000000297,6,196108,226480634,3052921604
GL865022.1,Chr6_supercontig_000000298,6,10089,226490723,3052931693
GL865023.1,Chr6_supercontig_000000299,6,31355,226522078,3052963048
GL865024.1,Chr6_supercontig_000000300,6,55648,226577726,3053018696
GL865025.1,Chr6_supercontig_000000301,6,91205,226668931,3053109901
GL865026.1,Chr6_supercontig_000000302,6,67408,226736339,3053177309
GL865027.1,Chr6_supercontig_000000303,6,231378,226967717,3053408687
GL865028.1,Chr6_supercontig_000000304,6,24234,226991951,3053432921
GL865029.1,Chr6_supercontig_000000305,6,99566,227091517,3053532487
GL865030.1,Chr6_supercontig_000000306,6,94022,227185539,3053626509
GL865031.1,Chr6_supercontig_000000307,6,66138,227251677,3053692647
GL865032.1,Chr6_supercontig_000000308,6,91558,227343235,3053784205
GL865033.1,Chr6_supercontig_000000309,6,105972,227449207,3053890177
GL865034.1,Chr6_supercontig_000000310,6,29848,227479055,3053920025
GL865035.1,Chr6_supercontig_000000311,6,108598,227587653,3054028623
GL865036.1,Chr6_supercontig_000000312,6,35125,227622778,3054063748
GL865037.1,Chr6_supercontig_000000313,6,118038,227740816,3054181786
GL865038.1,Chr6_supercontig_000000314,6,40750,227781566,3054222536
GL865039.1,Chr6_supercontig_000000315,6,53352,227834918,3054275888
GL865040.1,Chr6_supercontig_000000316,6,69491,227904409,3054345379
GL865041.1,Chr6_supercontig_000000317,6,35035,227939444,3054380414
GL865042.1,Chr6_supercontig_000000318,6,64278,228003722,3054444692
GL865043.1,Chr6_supercontig_000000319,6,29417,228033139,3054474109
GL865044.1,Chr6_supercontig_000000320,6,100129,228133268,3054574238
GL865045.1,Chr6_supercontig_000000321,6,40003,228173271,3054614241
GL865046.1,Chr6_supercontig_000000322,6,16188,228189459,3054630429
GL865047.1,Chr6_supercontig_000000323,6,71004,228260463,3054701433
GL865048.1,Chr6_supercontig_000000324,6,261401,228521864,3054962834
GL865049.1,Chr6_supercontig_000000325,6,90297,228612161,3055053131
GL865050.1,Chr6_supercontig_000000326,6,36737,228648898,3055089868
GL865051.1,Chr6_supercontig_000000327,6,36275,228685173,3055126143
GL865052.1,Chr6_supercontig_000000328,6,57716,228742889,3055183859
GL865053.1,Chr6_supercontig_000000329,6,16551,228759440,3055200410
GL865054.1,Chr6_supercontig_000000330,6,44958,228804398,3055245368
GL865055.1,Chr6_supercontig_000000331,6,93333,228897731,3055338701
GL865056.1,Chr6_supercontig_000000332,6,139310,229037041,3055478011
GL865057.1,Chr6_supercontig_000000333,6,103224,229140265,3055581235
GL865058.1,Chr6_supercontig_000000334,6,142043,229282308,3055723278
GL865059.1,Chr6_supercontig_000000335,6,178632,229460940,3055901910
GL865060.1,Chr6_supercontig_000000336,6,151352,229612292,3056053262
GL865061.1,Chr6_supercontig_000000337,6,94922,229707214,3056148184
GL865062.1,Chr6_supercontig_000000338,6,20645,229727859,3056168829
GL865063.1,Chr6_supercontig_000000339,6,26953,229754812,3056195782
GL865064.1,Chr6_supercontig_000000340,6,24893,229779705,3056220675
GL865065.1,Chr6_supercontig_000000341,6,76319,229856024,3056296994
GL865066.1,Chr6_supercontig_000000342,6,158881,230014905,3056455875
GL865067.1,Chr6_supercontig_000000343,6,8640,230023545,3056464515
GL865068.1,Chr6_supercontig_000000344,6,7853,230031398,3056472368
GL865069.1,Chr6_supercontig_000000345,6,14311,230045709,3056486679
GL865070.1,Chr6_supercontig_000000346,6,51937,230097646,3056538616
GL865071.1,Chr6_supercontig_000000347,6,9159,230106805,3056547775
GL865072.1,Chr6_supercontig_000000348,6,226374,230333179,3056774149
GL865073.1,Chr6_supercontig_000000349,6,42821,230376000,3056816970
GL865074.1,Chr6_supercontig_000000350,6,92226,230468226,3056909196
GL865075.1,Chr6_supercontig_000000351,6,28345,230496571,3056937541
GL865076.1,Chr6_supercontig_000000352,6,10105,230506676,3056947646
GL865077.1,Chr6_supercontig_000000353,6,68511,230575187,3057016157
GL865078.1,Chr6_supercontig_000000354,6,107665,230682852,3057123822
GL865079.1,Chr6_supercontig_000000355,6,4751,230687603,3057128573
GL865080.1,Chr6_supercontig_000000356,6,37208,230724811,3057165781
GL865081.1,Chr6_supercontig_000000357,6,57560,230782371,3057223341
GL865082.1,Chr6_supercontig_000000358,6,99082,230881453,3057322423
GL865083.1,Chr6_supercontig_000000359,6,149787,231031240,3057472210
GL865084.1,Chr6_supercontig_000000360,6,163503,231194743,3057635713
GL865085.1,Chr6_supercontig_000000361,6,35135,231229878,3057670848
GL865086.1,Chr6_supercontig_000000362,6,67467,231297345,3057738315
GL865087.1,Chr6_supercontig_000000363,6,101076,231398421,3057839391
GL865088.1,Chr6_supercontig_000000364,6,50604,231449025,3057889995
GL865089.1,Chr6_supercontig_000000365,6,14981,231464006,3057904976
GL865090.1,Chr6_supercontig_000000366,6,96633,231560639,3058001609
GL865091.1,Chr6_supercontig_000000367,6,128352,231688991,3058129961
GL865092.1,Chr6_supercontig_000000368,6,41351,231730342,3058171312
GL865093.1,Chr6_supercontig_000000369,6,38544,231768886,3058209856
GL865094.1,Chr6_supercontig_000000370,6,52403,231821289,3058262259
GL865095.1,Chr6_supercontig_000000371,6,37916,231859205,3058300175
GL865096.1,Chr6_supercontig_000000372,6,91501,231950706,3058391676
GL865097.1,Chr6_supercontig_000000373,6,33798,231984504,3058425474
GL865098.1,Chr6_supercontig_000000374,6,50697,232035201,3058476171
GL865099.1,Chr6_supercontig_000000375,6,175279,232210480,3058651450
GL865100.1,Chr6_supercontig_000000376,6,43244,232253724,3058694694
GL865101.1,Chr6_supercontig_000000377,6,35524,232289248,3058730218
GL865102.1,Chr6_supercontig_000000378,6,33887,232323135,3058764105
GL865103.1,Chr6_supercontig_000000379,6,29815,232352950,3058793920
GL865104.1,Chr6_supercontig_000000380,6,42223,232395173,3058836143
GL865105.1,Chr6_supercontig_000000381,6,21604,232416777,3058857747
GL865106.1,Chr6_supercontig_000000382,6,145992,232562769,3059003739
GL865107.1,Chr6_supercontig_000000383,6,202423,232765192,3059206162
GL865108.1,Chr6_supercontig_000000384,6,35256,232800448,3059241418
GL865109.1,Chr6_supercontig_000000385,6,83255,232883703,3059324673
GL865110.1,Chr6_supercontig_000000386,6,94573,232978276,3059419246
GL865111.1,Chr6_supercontig_000000387,6,20950,232999226,3059440196
GL865112.1,Chr6_supercontig_000000388,6,49702,233048928,3059489898
GL865113.1,Chr6_supercontig_000000389,6,77231,233126159,3059567129
GL865114.1,Chr6_supercontig_000000390,6,42151,233168310,3059609280
GL865115.1,Chr6_supercontig_000000391,6,21163,233189473,3059630443
GL865116.1,Chr6_supercontig_000000392,6,5229,233194702,3059635672
GL865117.1,Chr6_supercontig_000000393,6,12180,233206882,3059647852
GL865118.1,Chr6_supercontig_000000394,6,80023,233286905,3059727875
GL865119.1,Chr6_supercontig_000000395,6,63570,233350475,3059791445
GL865120.1,Chr6_supercontig_000000396,6,60523,233410998,3059851968
GL865121.1,Chr6_supercontig_000000397,6,66102,233477100,3059918070
GL865122.1,Chr6_supercontig_000000398,6,44464,233521564,3059962534
GL865123.1,Chr6_supercontig_000000399,6,20170,233541734,3059982704
GL865124.1,Chr6_supercontig_000000400,6,86791,233628525,3060069495
GL865125.1,Chr6_supercontig_000000401,6,7208,233635733,3060076703
GL865126.1,Chr6_supercontig_000000402,6,58134,233693867,3060134837
GL865127.1,Chr6_supercontig_000000403,6,34163,233728030,3060169000
GL865128.1,Chr6_supercontig_000000404,6,142211,233870241,3060311211
GL865129.1,Chr6_supercontig_000000405,6,215887,234086128,3060527098
GL865130.1,Chr6_supercontig_000000406,6,21323,234107451,3060548421
GL865131.1,Chr6_supercontig_000000407,6,20083,234127534,3060568504
GL865132.1,Chr6_supercontig_000000408,6,42538,234170072,3060611042
GL865133.1,Chr6_supercontig_000000409,6,59877,234229949,3060670919
GL865134.1,Chr6_supercontig_000000410,6,133312,234363261,3060804231
GL865135.1,Chr6_supercontig_000000411,6,63931,234427192,3060868162
GL865136.1,Chr6_supercontig_000000412,6,26911,234454103,3060895073
GL865137.1,Chr6_supercontig_000000413,6,56235,234510338,3060951308
GL865138.1,Chr6_supercontig_000000414,6,22939,234533277,3060974247
GL865139.1,Chr6_supercontig_000000415,6,86461,234619738,3061060708
GL865140.1,Chr6_supercontig_000000416,6,146573,234766311,3061207281
GL865141.1,Chr6_supercontig_000000417,6,38867,234805178,3061246148
GL865142.1,Chr6_supercontig_000000418,6,158645,234963823,3061404793
GL865143.1,Chr6_supercontig_000000419,6,34370,234998193,3061439163
GL865144.1,Chr6_supercontig_000000420,6,41763,235039956,3061480926
GL865145.1,Chr6_supercontig_000000421,6,67213,235107169,3061548139
GL865146.1,Chr6_supercontig_000000422,6,104471,235211640,3061652610
GL865147.1,Chr6_supercontig_000000423,6,190701,235402341,3061843311
GL865148.1,Chr6_supercontig_000000424,6,40144,235442485,3061883455
GL865149.1,Chr6_supercontig_000000425,6,143614,235586099,3062027069
GL865150.1,Chr6_supercontig_000000426,6,8951,235595050,3062036020
GL865151.1,Chr6_supercontig_000000427,6,234334,235829384,3062270354
GL865152.1,Chr6_supercontig_000000428,6,366427,236195811,3062636781
GL865153.1,Chr6_supercontig_000000429,6,13562,236209373,3062650343
GL865154.1,Chr6_supercontig_000000430,6,32763,236242136,3062683106
GL865155.1,Chr6_supercontig_000000431,6,6069,236248205,3062689175
GL865156.1,Chr6_supercontig_000000432,6,54509,236302714,3062743684
GL865157.1,Chr6_supercontig_000000433,6,12871,236315585,3062756555
GL865158.1,Chr6_supercontig_000000434,6,97884,236413469,3062854439
GL865159.1,Chr6_supercontig_000000435,6,51980,236465449,3062906419
GL865160.1,Chr6_supercontig_000000436,6,8578,236474027,3062914997
GL865161.1,Chr6_supercontig_000000437,6,34926,236508953,3062949923
GL865162.1,Chr6_supercontig_000000438,6,129922,236638875,3063079845
GL865163.1,Chr6_supercontig_000000439,6,108919,236747794,3063188764
GL865164.1,Chr6_supercontig_000000440,6,6400,236754194,3063195164
GL865165.1,Chr6_supercontig_000000441,6,33336,236787530,3063228500
GL865166.1,Chr6_supercontig_000000442,6,162825,236950355,3063391325
GL865167.1,Chr6_supercontig_000000443,6,349631,237299986,3063740956
GL865168.1,Chr6_supercontig_000000444,6,120849,237420835,3063861805
GL865169.1,Chr6_supercontig_000000445,6,37880,237458715,3063899685
GL865170.1,Chr6_supercontig_000000446,6,44730,237503445,3063944415
GL865171.1,Chr6_supercontig_000000447,6,72635,237576080,3064017050
GL865172.1,Chr6_supercontig_000000448,6,22777,237598857,3064039827
GL865173.1,Chr6_supercontig_000000449,6,85150,237684007,3064124977
GL865174.1,Chr6_supercontig_000000450,6,168893,237852900,3064293870
GL865175.1,Chr6_supercontig_000000451,6,20935,237873835,3064314805
GL865176.1,Chr6_supercontig_000000452,6,48094,237921929,3064362899
GL865177.1,Chr6_supercontig_000000453,6,28282,237950211,3064391181
GL865178.1,Chr6_supercontig_000000454,6,146635,238096846,3064537816
GL865179.1,Chr6_supercontig_000000455,6,16910,238113756,3064554726
GL865180.1,Chr6_supercontig_000000456,6,89308,238203064,3064644034
GL865181.1,Chr6_supercontig_000000457,6,38558,238241622,3064682592
GL865182.1,Chr6_supercontig_000000458,6,234649,238476271,3064917241
GL865183.1,Chr6_supercontig_000000459,6,12444,238488715,3064929685
GL865184.1,Chr6_supercontig_000000460,6,15489,238504204,3064945174
GL865185.1,Chr6_supercontig_000000461,6,47853,238552057,3064993027
GL865186.1,Chr6_supercontig_000000462,6,68886,238620943,3065061913
GL865187.1,Chr6_supercontig_000000463,6,18848,238639791,3065080761
GL865188.1,Chr6_supercontig_000000464,6,66838,238706629,3065147599
GL865189.1,Chr6_supercontig_000000465,6,83898,238790527,3065231497
GL865190.1,Chr6_supercontig_000000466,6,14522,238805049,3065246019
GL865191.1,Chr6_supercontig_000000467,6,115050,238920099,3065361069
GL865192.1,Chr6_supercontig_000000468,6,16801,238936900,3065377870
GL865193.1,Chr6_supercontig_000000469,6,54427,238991327,3065432297
GL865194.1,Chr6_supercontig_000000470,6,49627,239040954,3065481924
GL865195.1,Chr6_supercontig_000000471,6,57967,239098921,3065539891
GL865196.1,Chr6_supercontig_000000472,6,70403,239169324,3065610294
GL865197.1,Chr6_supercontig_000000473,6,27437,239196761,3065637731
GL865198.1,Chr6_supercontig_000000474,6,27731,239224492,3065665462
GL865199.1,Chr6_supercontig_000000475,6,40655,239265147,3065706117
GL865200.1,Chr6_supercontig_000000476,6,19511,239284658,3065725628
GL865201.1,Chr6_supercontig_000000477,6,74947,239359605,3065800575
GL865202.1,Chr6_supercontig_000000478,6,129982,239489587,3065930557
GL865203.1,Chr6_supercontig_000000479,6,34095,239523682,3065964652
GL865204.1,Chr6_supercontig_000000480,6,36983,239560665,3066001635
GL865205.1,Chr6_supercontig_000000481,6,17392,239578057,3066019027
GL865206.1,Chr6_supercontig_000000482,6,155999,239734056,3066175026
GL865207.1,Chr6_supercontig_000000483,6,16875,239750931,3066191901
GL865208.1,Chr6_supercontig_000000484,6,14129,239765060,3066206030
GL865209.1,Chr6_supercontig_000000485,6,29632,239794692,3066235662
GL865210.1,Chr6_supercontig_000000486,6,44171,239838863,3066279833
GL865211.1,Chr6_supercontig_000000487,6,11421,239850284,3066291254
GL865212.1,Chr6_supercontig_000000488,6,48487,239898771,3066339741
GL865213.1,Chr6_supercontig_000000489,6,26267,239925038,3066366008
GL865214.1,Chr6_supercontig_000000490,6,49694,239974732,3066415702
GL865215.1,Chr6_supercontig_000000491,6,20808,239995540,3066436510
GL865216.1,Chr6_supercontig_000000492,6,9550,240005090,3066446060
GL865217.1,Chr6_supercontig_000000493,6,18473,240023563,3066464533
GL865218.1,Chr6_supercontig_000000494,6,49415,240072978,3066513948
GL865219.1,Chr6_supercontig_000000495,6,30787,240103765,3066544735
GL865220.1,Chr6_supercontig_000000496,6,24402,240128167,3066569137
GL865221.1,Chr6_supercontig_000000497,6,62585,240190752,3066631722
GL865222.1,Chr6_supercontig_000000498,6,17599,240208351,3066649321
GL865223.1,Chr6_supercontig_000000499,6,25143,240233494,3066674464
GL865224.1,Chr6_supercontig_000000500,6,61281,240294775,3066735745
GL865225.1,Chr6_supercontig_000000501,6,44451,240339226,3066780196
GL865226.1,Chr6_supercontig_000000502,6,38846,240378072,3066819042
GL865227.1,Chr6_supercontig_000000503,6,68986,240447058,3066888028
GL865228.1,Chr6_supercontig_000000504,6,37634,240484692,3066925662
GL865229.1,Chr6_supercontig_000000505,6,49050,240533742,3066974712
GL865230.1,Chr6_supercontig_000000506,6,180061,240713803,3067154773
GL865231.1,Chr6_supercontig_000000507,6,17179,240730982,3067171952
GL865232.1,Chr6_supercontig_000000508,6,15254,240746236,3067187206
GL865233.1,Chr6_supercontig_000000509,6,104771,240851007,3067291977
GL865234.1,Chr6_supercontig_000000510,6,88723,240939730,3067380700
GL865235.1,Chr6_supercontig_000000511,6,44267,240983997,3067424967
GL865236.1,Chr6_supercontig_000000512,6,29284,241013281,3067454251
GL865237.1,Chr6_supercontig_000000513,6,32741,241046022,3067486992
GL865238.1,Chr6_supercontig_000000514,6,63825,241109847,3067550817
GL865239.1,Chr6_supercontig_000000515,6,23376,241133223,3067574193
GL865240.1,Chr6_supercontig_000000516,6,55723,241188946,3067629916
GL865241.1,Chr6_supercontig_000000517,6,25993,241214939,3067655909
GL865242.1,Chr6_supercontig_000000518,6,55339,241270278,3067711248
GL865243.1,Chr6_supercontig_000000519,6,68766,241339044,3067780014
GL865244.1,Chr6_supercontig_000000520,6,92123,241431167,3067872137
GL865245.1,Chr6_supercontig_000000521,6,87871,241519038,3067960008
GL865246.1,Chr6_supercontig_000000522,6,183261,241702299,3068143269
GL865247.1,Chr6_supercontig_000000523,6,34921,241737220,3068178190
GL865248.1,Chr6_supercontig_000000524,6,6013,241743233,3068184203
GL865249.1,Chr6_supercontig_000000525,6,66161,241809394,3068250364
GL865250.1,Chr6_supercontig_000000526,6,114920,241924314,3068365284
GL865251.1,Chr6_supercontig_000000527,6,97698,242022012,3068462982
GL865252.1,Chr6_supercontig_000000528,6,97698,242119710,3068560680
GL865253.1,Chr6_supercontig_000000529,6,42159,242161869,3068602839
GL865254.1,Chr6_supercontig_000000530,6,88136,242250005,3068690975
GL865255.1,Chr6_supercontig_000000531,6,56766,242306771,3068747741
GL865256.1,Chr6_supercontig_000000532,6,14228,242320999,3068761969
GL865257.1,Chr6_supercontig_000000533,6,62983,242383982,3068824952
GL865258.1,Chr6_supercontig_000000534,6,47116,242431098,3068872068
GL865259.1,Chr6_supercontig_000000535,6,203717,242634815,3069075785
GL865260.1,Chr6_supercontig_000000536,6,85197,242720012,3069160982
GL865261.1,Chr6_supercontig_000000537,6,26628,242746640,3069187610
GL865262.1,Chr6_supercontig_000000538,6,69144,242815784,3069256754
GL865263.1,Chr6_supercontig_000000539,6,37309,242853093,3069294063
GL865264.1,Chr6_supercontig_000000540,6,25235,242878328,3069319298
GL865265.1,Chr6_supercontig_000000541,6,51031,242929359,3069370329
GL865266.1,Chr6_supercontig_000000542,6,38877,242968236,3069409206
GL865267.1,Chr6_supercontig_000000543,6,18004,242986240,3069427210
GL865268.1,Chr6_supercontig_000000544,6,83922,243070162,3069511132
GL865269.1,Chr6_supercontig_000000545,6,24962,243095124,3069536094
GL865270.1,Chr6_supercontig_000000546,6,23838,243118962,3069559932
GL865271.1,Chr6_supercontig_000000547,6,18156,243137118,3069578088
GL865272.1,Chr6_supercontig_000000548,6,73335,243210453,3069651423
GL865273.1,Chr6_supercontig_000000549,6,30278,243240731,3069681701
GL865274.1,Chr6_supercontig_000000550,6,59873,243300604,3069741574
GL865275.1,Chr6_supercontig_000000551,6,25831,243326435,3069767405
GL865276.1,Chr6_supercontig_000000552,6,266559,243592994,3070033964
GL865277.1,Chr6_supercontig_000000553,6,13867,243606861,3070047831
GL865278.1,Chr6_supercontig_000000554,6,56876,243663737,3070104707
GL865279.1,Chr6_supercontig_000000555,6,69654,243733391,3070174361
GL865280.1,Chr6_supercontig_000000556,6,15592,243748983,3070189953
GL865281.1,Chr6_supercontig_000000557,6,44948,243793931,3070234901
GL865282.1,Chr6_supercontig_000000558,6,11461,243805392,3070246362
GL865283.1,Chr6_supercontig_000000559,6,98353,243903745,3070344715
GL865284.1,Chr6_supercontig_000000560,6,44672,243948417,3070389387
GL865285.1,Chr6_supercontig_000000561,6,34042,243982459,3070423429
GL865286.1,Chr6_supercontig_000000562,6,37393,244019852,3070460822
GL865287.1,Chr6_supercontig_000000563,6,11607,244031459,3070472429
GL865288.1,Chr6_supercontig_000000564,6,64025,244095484,3070536454
GL865289.1,Chr6_supercontig_000000565,6,26064,244121548,3070562518
GL865290.1,Chr6_supercontig_000000566,6,39944,244161492,3070602462
GL865291.1,Chr6_supercontig_000000567,6,69091,244230583,3070671553
GL865292.1,Chr6_supercontig_000000568,6,130712,244361295,3070802265
GL865293.1,Chr6_supercontig_000000569,6,86195,244447490,3070888460
GL865294.1,Chr6_supercontig_000000570,6,67509,244514999,3070955969
GL865295.1,Chr6_supercontig_000000571,6,48659,244563658,3071004628
GL865296.1,Chr6_supercontig_000000572,6,11675,244575333,3071016303
GL865297.1,Chr6_supercontig_000000573,6,27227,244602560,3071043530
GL865298.1,Chr6_supercontig_000000574,6,15533,244618093,3071059063
GL865299.1,Chr6_supercontig_000000575,6,40455,244658548,3071099518
GL865300.1,Chr6_supercontig_000000576,6,34446,244692994,3071133964
GL865301.1,Chr6_supercontig_000000577,6,28146,244721140,3071162110
GL865302.1,Chr6_supercontig_000000578,6,47147,244768287,3071209257
GL865303.1,Chr6_supercontig_000000579,6,23295,244791582,3071232552
GL865304.1,Chr6_supercontig_000000580,6,43960,244835542,3071276512
GL865305.1,Chr6_supercontig_000000581,6,4123,244839665,3071280635
GL865306.1,Chr6_supercontig_000000582,6,67949,244907614,3071348584
GL865307.1,Chr6_supercontig_000000583,6,62883,244970497,3071411467
GL865308.1,Chr6_supercontig_000000584,6,64989,245035486,3071476456
GL865309.1,Chr6_supercontig_000000585,6,53846,245089332,3071530302
GL865310.1,Chr6_supercontig_000000586,6,57636,245146968,3071587938
GL865311.1,Chr6_supercontig_000000587,6,25611,245172579,3071613549
GL865312.1,Chr6_supercontig_000000588,6,21121,245193700,3071634670
GL865313.1,Chr6_supercontig_000000589,6,74801,245268501,3071709471
GL865314.1,Chr6_supercontig_000000590,6,21768,245290269,3071731239
GL865315.1,Chr6_supercontig_000000591,6,166281,245456550,3071897520
GL865316.1,Chr6_supercontig_000000592,6,74898,245531448,3071972418
GL865317.1,Chr6_supercontig_000000593,6,13503,245544951,3071985921
GL865318.1,Chr6_supercontig_000000594,6,39003,245583954,3072024924
GL865319.1,Chr6_supercontig_000000595,6,51387,245635341,3072076311
GL865320.1,Chr6_supercontig_000000596,6,62822,245698163,3072139133
GL865321.1,Chr6_supercontig_000000597,6,49312,245747475,3072188445
GL865322.1,Chr6_supercontig_000000598,6,55284,245802759,3072243729
GL865323.1,Chr6_supercontig_000000599,6,66944,245869703,3072310673
GL865324.1,Chr6_supercontig_000000600,6,52678,245922381,3072363351
GL865325.1,Chr6_supercontig_000000601,6,28069,245950450,3072391420
GL865326.1,Chr6_supercontig_000000602,6,32774,245983224,3072424194
GL865327.1,Chr6_supercontig_000000603,6,30587,246013811,3072454781
GL865328.1,Chr6_supercontig_000000604,6,71992,246085803,3072526773
GL865329.1,Chr6_supercontig_000000605,6,78703,246164506,3072605476
GL865330.1,Chr6_supercontig_000000606,6,32276,246196782,3072637752
GL865331.1,Chr6_supercontig_000000607,6,32765,246229547,3072670517
GL865332.1,Chr6_supercontig_000000608,6,48897,246278444,3072719414
GL865333.1,Chr6_supercontig_000000609,6,225313,246503757,3072944727
GL865334.1,Chr6_supercontig_000000610,6,56439,246560196,3073001166
GL865335.1,Chr6_supercontig_000000611,6,43172,246603368,3073044338
GL865336.1,Chr6_supercontig_000000612,6,40919,246644287,3073085257
GL865337.1,Chr6_supercontig_000000613,6,74569,246718856,3073159826
GL865338.1,Chr6_supercontig_000000614,6,12225,246731081,3073172051
GL865339.1,Chr6_supercontig_000000615,6,29678,246760759,3073201729
GL865340.1,Chr6_supercontig_000000616,6,10304,246771063,3073212033
GL865341.1,Chr6_supercontig_000000617,6,22693,246793756,3073234726
GL865342.1,Chr6_supercontig_000000618,6,6566,246800322,3073241292
GL865343.1,Chr6_supercontig_000000619,6,193729,246994051,3073435021
GL865344.1,Chr6_supercontig_000000620,6,28130,247022181,3073463151
GL865345.1,Chr6_supercontig_000000621,6,15051,247037232,3073478202
GL865346.1,Chr6_supercontig_000000622,6,93341,247130573,3073571543
GL865347.1,Chr6_supercontig_000000623,6,19276,247149849,3073590819
GL865348.1,Chr6_supercontig_000000624,6,85669,247235518,3073676488
GL865349.1,Chr6_supercontig_000000625,6,101033,247336551,3073777521
GL865350.1,Chr6_supercontig_000000626,6,17778,247354329,3073795299
GL865351.1,Chr6_supercontig_000000627,6,94570,247448899,3073889869
GL865352.1,Chr6_supercontig_000000628,6,111602,247560501,3074001471
GL865353.1,Chr6_supercontig_000000629,6,20842,247581343,3074022313
GL865354.1,Chr6_supercontig_000000630,6,21078,247602421,3074043391
GL865355.1,Chr6_supercontig_000000631,6,77848,247680269,3074121239
GL865356.1,Chr6_supercontig_000000632,6,26679,247706948,3074147918
GL865357.1,Chr6_supercontig_000000633,6,62372,247769320,3074210290
GL865358.1,Chr6_supercontig_000000634,6,74269,247843589,3074284559
GL865359.1,Chr6_supercontig_000000635,6,23335,247866924,3074307894
GL865360.1,Chr6_supercontig_000000636,6,11232,247878156,3074319126
GL865361.1,Chr6_supercontig_000000637,6,27767,247905923,3074346893
GL865362.1,Chr6_supercontig_000000638,6,55532,247961455,3074402425
GL865363.1,Chr6_supercontig_000000639,6,49863,248011318,3074452288
GL865364.1,Chr6_supercontig_000000640,6,16719,248028037,3074469007
GL865365.1,Chr6_supercontig_000000641,6,46440,248074477,3074515447
GL865366.1,Chr6_supercontig_000000642,6,22061,248096538,3074537508
GL865367.1,Chr6_supercontig_000000643,6,48692,248145230,3074586200
GL865368.1,Chr6_supercontig_000000644,6,8463,248153693,3074594663
GL865369.1,Chr6_supercontig_000000645,6,17350,248171043,3074612013
GL865370.1,Chr6_supercontig_000000646,6,15870,248186913,3074627883
GL865371.1,Chr6_supercontig_000000647,6,54398,248241311,3074682281
GL865372.1,Chr6_supercontig_000000648,6,47638,248288949,3074729919
GL865373.1,Chr6_supercontig_000000649,6,18290,248307239,3074748209
GL865374.1,Chr6_supercontig_000000650,6,16730,248323969,3074764939
GL865375.1,Chr6_supercontig_000000651,6,52195,248376164,3074817134
GL865376.1,Chr6_supercontig_000000652,6,20172,248396336,3074837306
GL865377.1,Chr6_supercontig_000000653,6,38269,248434605,3074875575
GL865378.1,Chr6_supercontig_000000654,6,38885,248473490,3074914460
GL865379.1,Chr6_supercontig_000000655,6,77403,248550893,3074991863
GL865380.1,Chr6_supercontig_000000656,6,51380,248602273,3075043243
GL865381.1,Chr6_supercontig_000000657,6,158678,248760951,3075201921
GL865382.1,Chr6_supercontig_000000658,6,24243,248785194,3075226164
GL865383.1,Chr6_supercontig_000000659,6,66692,248851886,3075292856
GL865384.1,Chr6_supercontig_000000660,6,63480,248915366,3075356336
GL865385.1,Chr6_supercontig_000000661,6,4896,248920262,3075361232
GL865386.1,Chr6_supercontig_000000662,6,146055,249066317,3075507287
GL865387.1,Chr6_supercontig_000000663,6,70552,249136869,3075577839
GL865388.1,Chr6_supercontig_000000664,6,60319,249197188,3075638158
GL865389.1,Chr6_supercontig_000000665,6,24703,249221891,3075662861
GL865390.1,Chr6_supercontig_000000666,6,22369,249244260,3075685230
GL865391.1,Chr6_supercontig_000000667,6,38203,249282463,3075723433
GL865392.1,Chr6_supercontig_000000668,6,26520,249308983,3075749953
GL865393.1,Chr6_supercontig_000000669,6,13822,249322805,3075763775
GL865394.1,Chr6_supercontig_000000670,6,19994,249342799,3075783769
GL865395.1,Chr6_supercontig_000000671,6,19350,249362149,3075803119
GL865396.1,Chr6_supercontig_000000672,6,9481,249371630,3075812600
GL865397.1,Chr6_supercontig_000000673,6,46648,249418278,3075859248
GL865398.1,Chr6_supercontig_000000674,6,77215,249495493,3075936463
GL865399.1,Chr6_supercontig_000000675,6,26087,249521580,3075962550
GL865400.1,Chr6_supercontig_000000676,6,56128,249577708,3076018678
GL865401.1,Chr6_supercontig_000000677,6,18954,249596662,3076037632
GL865402.1,Chr6_supercontig_000000678,6,2553,249599215,3076040185
GL865403.1,Chr6_supercontig_000000679,6,28071,249627286,3076068256
GL865404.1,Chr6_supercontig_000000680,6,33323,249660609,3076101579
GL865405.1,Chr6_supercontig_000000681,6,33728,249694337,3076135307
GL865406.1,Chr6_supercontig_000000682,6,33446,249727783,3076168753
GL865407.1,Chr6_supercontig_000000683,6,52677,249780460,3076221430
GL865408.1,Chr6_supercontig_000000684,6,27669,249808129,3076249099
GL865409.1,Chr6_supercontig_000000685,6,17125,249825254,3076266224
GL865410.1,Chr6_supercontig_000000686,6,35375,249860629,3076301599
GL865411.1,Chr6_supercontig_000000687,6,19000,249879629,3076320599
GL865412.1,Chr6_supercontig_000000688,6,13738,249893367,3076334337
GL865413.1,Chr6_supercontig_000000689,6,4462,249897829,3076338799
GL865414.1,Chr6_supercontig_000000690,6,73575,249971404,3076412374
GL865415.1,Chr6_supercontig_000000691,6,19722,249991126,3076432096
GL865416.1,Chr6_supercontig_000000692,6,35872,250026998,3076467968
GL865417.1,Chr6_supercontig_000000693,6,55460,250082458,3076523428
GL865418.1,Chr6_supercontig_000000694,6,30343,250112801,3076553771
GL865419.1,Chr6_supercontig_000000695,6,27242,250140043,3076581013
GL865420.1,Chr6_supercontig_000000696,6,27780,250167823,3076608793
GL865421.1,Chr6_supercontig_000000697,6,23601,250191424,3076632394
GL865422.1,Chr6_supercontig_000000698,6,32329,250223753,3076664723
GL865423.1,Chr6_supercontig_000000699,6,38697,250262450,3076703420
GL865424.1,Chr6_supercontig_000000700,6,14628,250277078,3076718048
GL865425.1,Chr6_supercontig_000000701,6,56597,250333675,3076774645
GL865426.1,Chr6_supercontig_000000702,6,41474,250375149,3076816119
GL865427.1,Chr6_supercontig_000000703,6,34897,250410046,3076851016
GL865428.1,Chr6_supercontig_000000704,6,33530,250443576,3076884546
GL865429.1,Chr6_supercontig_000000705,6,29188,250472764,3076913734
GL865430.1,Chr6_supercontig_000000706,6,34895,250507659,3076948629
GL865431.1,Chr6_supercontig_000000707,6,26694,250534353,3076975323
GL865432.1,Chr6_supercontig_000000708,6,2053,250536406,3076977376
GL865433.1,Chr6_supercontig_000000709,6,64787,250601193,3077042163
GL865434.1,Chr6_supercontig_000000710,6,28022,250629215,3077070185
GL865435.1,Chr6_supercontig_000000711,6,17283,250646498,3077087468
GL865436.1,Chr6_supercontig_000000712,6,29340,250675838,3077116808
GL865437.1,Chr6_supercontig_000000713,6,143063,250818901,3077259871
GL865438.1,Chr6_supercontig_000000714,6,45959,250864860,3077305830
GL865439.1,Chr6_supercontig_000000715,6,8678,250873538,3077314508
GL865440.1,Chr6_supercontig_000000716,6,23220,250896758,3077337728
GL865441.1,Chr6_supercontig_000000717,6,29100,250925858,3077366828
GL865442.1,Chr6_supercontig_000000718,6,59108,250984966,3077425936
GL865443.1,Chr6_supercontig_000000719,6,38037,251023003,3077463973
GL865444.1,Chr6_supercontig_000000720,6,8852,251031855,3077472825
GL865445.1,Chr6_supercontig_000000721,6,79376,251111231,3077552201
GL865446.1,Chr6_supercontig_000000722,6,33602,251144833,3077585803
GL865447.1,Chr6_supercontig_000000723,6,61409,251206242,3077647212
GL865448.1,Chr6_supercontig_000000724,6,37304,251243546,3077684516
GL865449.1,Chr6_supercontig_000000725,6,8133,251251679,3077692649
GL865450.1,Chr6_supercontig_000000726,6,7848,251259527,3077700497
GL865451.1,Chr6_supercontig_000000727,6,50172,251309699,3077750669
GL865452.1,Chr6_supercontig_000000728,6,105573,251415272,3077856242
GL865453.1,Chr6_supercontig_000000729,6,35968,251451240,3077892210
GL865454.1,Chr6_supercontig_000000730,6,70330,251521570,3077962540
GL865455.1,Chr6_supercontig_000000731,6,19120,251540690,3077981660
GL865456.1,Chr6_supercontig_000000732,6,51880,251592570,3078033540
GL865457.1,Chr6_supercontig_000000733,6,17774,251610344,3078051314
GL865458.1,Chr6_supercontig_000000734,6,40217,251650561,3078091531
GL865459.1,Chr6_supercontig_000000735,6,44159,251694720,3078135690
GL865460.1,Chr6_supercontig_000000736,6,35491,251730211,3078171181
GL865461.1,Chr6_supercontig_000000737,6,62582,251792793,3078233763
GL865462.1,Chr6_supercontig_000000738,6,27832,251820625,3078261595
GL865463.1,Chr6_supercontig_000000739,6,37422,251858047,3078299017
GL865464.1,Chr6_supercontig_000000740,6,39395,251897442,3078338412
GL865465.1,Chr6_supercontig_000000741,6,46054,251943496,3078384466
GL865466.1,Chr6_supercontig_000000742,6,54999,251998495,3078439465
GL865467.1,Chr6_supercontig_000000743,6,30880,252029375,3078470345
GL865468.1,Chr6_supercontig_000000744,6,20769,252050144,3078491114
GL865469.1,Chr6_supercontig_000000745,6,51861,252102005,3078542975
GL865470.1,Chr6_supercontig_000000746,6,11335,252113340,3078554310
GL865471.1,Chr6_supercontig_000000747,6,51798,252165138,3078606108
GL865472.1,Chr6_supercontig_000000748,6,14519,252179657,3078620627
GL865473.1,Chr6_supercontig_000000749,6,38989,252218646,3078659616
GL865474.1,Chr6_supercontig_000000750,6,36097,252254743,3078695713
GL865475.1,Chr6_supercontig_000000751,6,15267,252270010,3078710980
GL865476.1,Chr6_supercontig_000000752,6,9524,252279534,3078720504
GL865477.1,Chr6_supercontig_000000753,6,14647,252294181,3078735151
GL865478.1,Chr6_supercontig_000000754,6,54367,252348548,3078789518
GL865479.1,Chr6_supercontig_000000755,6,30048,252378596,3078819566
GL865480.1,Chr6_supercontig_000000756,6,58993,252437589,3078878559
GL865481.1,Chr6_supercontig_000000757,6,12885,252450474,3078891444
GL865482.1,Chr6_supercontig_000000758,6,32010,252482484,3078923454
GL865483.1,Chr6_supercontig_000000759,6,14860,252497344,3078938314
GL865484.1,Chr6_supercontig_000000760,6,48283,252545627,3078986597
GL865485.1,Chr6_supercontig_000000761,6,42847,252588474,3079029444
GL865486.1,Chr6_supercontig_000000762,6,11020,252599494,3079040464
GL865487.1,Chr6_supercontig_000000763,6,8471,252607965,3079048935
GL865488.1,Chr6_supercontig_000000764,6,4718,252612683,3079053653
GL865489.1,Chr6_supercontig_000000765,6,23113,252635796,3079076766
GL865490.1,Chr6_supercontig_000000766,6,52363,252688159,3079129129
GL865491.1,Chr6_supercontig_000000767,6,23918,252712077,3079153047
GL865492.1,Chr6_supercontig_000000768,6,23327,252735404,3079176374
GL865493.1,Chr6_supercontig_000000769,6,1102,252736506,3079177476
GL865494.1,Chr6_supercontig_000000770,6,14326,252750832,3079191802
GL865495.1,Chr6_supercontig_000000771,6,16100,252766932,3079207902
GL865496.1,Chr6_supercontig_000000772,6,10620,252777552,3079218522
GL865497.1,Chr6_supercontig_000000773,6,10829,252788381,3079229351
GL865498.1,Chr6_supercontig_000000774,6,39288,252827669,3079268639
GL865499.1,Chr6_supercontig_000000775,6,78867,252906536,3079347506
GL865500.1,Chr6_supercontig_000000776,6,47426,252953962,3079394932
GL865501.1,Chr6_supercontig_000000777,6,20312,252974274,3079415244
GL865502.1,Chr6_supercontig_000000778,6,60042,253034316,3079475286
GL865503.1,Chr6_supercontig_000000779,6,27806,253062122,3079503092
GL865504.1,Chr6_supercontig_000000780,6,39124,253101246,3079542216
GL865505.1,Chr6_supercontig_000000781,6,5218,253106464,3079547434
GL865506.1,Chr6_supercontig_000000782,6,9966,253116430,3079557400
GL865507.1,Chr6_supercontig_000000783,6,20354,253136784,3079577754
GL865508.1,Chr6_supercontig_000000784,6,16035,253152819,3079593789
GL865509.1,Chr6_supercontig_000000785,6,27664,253180483,3079621453
GL865510.1,Chr6_supercontig_000000786,6,12106,253192589,3079633559
GL865511.1,Chr6_supercontig_000000787,6,17598,253210187,3079651157
GL865512.1,Chr6_supercontig_000000788,6,10945,253221132,3079662102
GL865513.1,Chr6_supercontig_000000789,6,22004,253243136,3079684106
GL865514.1,Chr6_supercontig_000000790,6,3611,253246747,3079687717
GL865515.1,Chr6_supercontig_000000791,6,42450,253289197,3079730167
GL865516.1,Chr6_supercontig_000000792,6,16043,253305240,3079746210
GL865517.1,Chr6_supercontig_000000793,6,12009,253317249,3079758219
GL865518.1,Chr6_supercontig_000000794,6,7026,253324275,3079765245
GL865519.1,Chr6_supercontig_000000795,6,91348,253415623,3079856593
GL865520.1,Chr6_supercontig_000000796,6,4126,253419749,3079860719
GL865521.1,Chr6_supercontig_000000797,6,49630,253469379,3079910349
GL865522.1,Chr6_supercontig_000000798,6,19063,253488442,3079929412
GL865523.1,Chr6_supercontig_000000799,6,21115,253509557,3079950527
GL865524.1,Chr6_supercontig_000000800,6,39406,253548963,3079989933
GL865525.1,Chr6_supercontig_000000801,6,47798,253596761,3080037731
GL865526.1,Chr6_supercontig_000000802,6,17518,253614279,3080055249
GL865527.1,Chr6_supercontig_000000803,6,3674,253617953,3080058923
GL865528.1,Chr6_supercontig_000000804,6,11228,253629181,3080070151
GL865529.1,Chr6_supercontig_000000805,6,18460,253647641,3080088611
GL865530.1,Chr6_supercontig_000000806,6,11469,253659110,3080100080
GL865531.1,Chr6_supercontig_000000807,6,12148,253671258,3080112228
GL865532.1,Chr6_supercontig_000000808,6,11044,253682302,3080123272
GL865533.1,Chr6_supercontig_000000809,6,3361,253685663,3080126633
GL865534.1,Chr6_supercontig_000000810,6,8711,253694374,3080135344
GL865535.1,Chr6_supercontig_000000811,6,50895,253745269,3080186239
GL865536.1,Chr6_supercontig_000000812,6,36002,253781271,3080222241
GL865537.1,Chr6_supercontig_000000813,6,3738,253785009,3080225979
GL865538.1,Chr6_supercontig_000000814,6,2085,253787094,3080228064
GL865539.1,Chr6_supercontig_000000815,6,36590,253823684,3080264654
GL865540.1,Chr6_supercontig_000000816,6,3449,253827133,3080268103
GL865541.1,Chr6_supercontig_000000817,6,35288,253862421,3080303391
GL865542.1,Chr6_supercontig_000000818,6,10676,253873097,3080314067
GL865543.1,Chr6_supercontig_000000819,6,18503,253891600,3080332570
GL865544.1,Chr6_supercontig_000000820,6,4445,253896045,3080337015
GL865545.1,Chr6_supercontig_000000821,6,7704,253903749,3080344719
GL865546.1,Chr6_supercontig_000000822,6,16247,253919996,3080360966
GL865547.1,Chr6_supercontig_000000823,6,6131,253926127,3080367097
GL865548.1,Chr6_supercontig_000000824,6,22172,253948299,3080389269
GL865549.1,Chr6_supercontig_000000825,6,19619,253967918,3080408888
GL865550.1,Chr6_supercontig_000000826,6,8509,253976427,3080417397
GL865551.1,Chr6_supercontig_000000827,6,2171,253978598,3080419568
GL865552.1,Chr6_supercontig_000000828,6,8147,253986745,3080427715
GL865553.1,Chr6_supercontig_000000829,6,7788,253994533,3080435503
GL865554.1,Chr6_supercontig_000000830,6,18412,254012945,3080453915
GL865555.1,Chr6_supercontig_000000831,6,29396,254042341,3080483311
GL865556.1,Chr6_supercontig_000000832,6,14708,254057049,3080498019
GL865557.1,Chr6_supercontig_000000833,6,18963,254076012,3080516982
GL865558.1,Chr6_supercontig_000000834,6,22391,254098403,3080539373
GL865559.1,Chr6_supercontig_000000835,6,2130,254100533,3080541503
GL865560.1,Chr6_supercontig_000000836,6,18938,254119471,3080560441
GL865561.1,Chr6_supercontig_000000837,6,2668,254122139,3080563109
GL865562.1,Chr6_supercontig_000000838,6,9887,254132026,3080572996
GL865563.1,Chr6_supercontig_000000839,6,24659,254156685,3080597655
GL865564.1,Chr6_supercontig_000000840,6,33435,254190120,3080631090
GL865565.1,Chr6_supercontig_000000841,6,3699,254193819,3080634789
GL865566.1,Chr6_supercontig_000000842,6,2659,254196478,3080637448
GL865567.1,Chr6_supercontig_000000843,6,44220,254240698,3080681668
GL865568.1,Chr6_supercontig_000000844,6,17587,254258285,3080699255
GL865569.1,Chr6_supercontig_000000845,6,6518,254264803,3080705773
GL865570.1,Chr6_supercontig_000000846,6,19789,254284592,3080725562
GL865571.1,Chr6_supercontig_000000847,6,3987,254288579,3080729549
GL865572.1,Chr6_supercontig_000000848,6,2258,254290837,3080731807
GL865573.1,Chr6_supercontig_000000849,6,12609,254303446,3080744416
GL865574.1,Chr6_supercontig_000000850,6,25126,254328572,3080769542
GL865575.1,Chr6_supercontig_000000851,6,900,254329472,3080770442
GL865576.1,Chr6_supercontig_000000852,6,5852,254335324,3080776294
GL865577.1,Chr6_supercontig_000000853,6,2886,254338210,3080779180
GL865578.1,Chr6_supercontig_000000854,6,10665,254348875,3080789845
GL865579.1,Chr6_supercontig_000000855,6,4736,254353611,3080794581
GL865580.1,Chr6_supercontig_000000856,6,6597,254360208,3080801178
GL865581.1,Chr6_supercontig_000000857,6,3063,254363271,3080804241
GL865582.1,Chr6_supercontig_000000858,6,9464,254372735,3080813705
GL865583.1,Chr6_supercontig_000000859,6,11781,254384516,3080825486
GL865584.1,Chr6_supercontig_000000860,6,18619,254403135,3080844105
GL865585.1,Chr6_supercontig_000000861,6,3062,254406197,3080847167
GL865586.1,Chr6_supercontig_000000862,6,6846,254413043,3080854013
GL865587.1,Chr6_supercontig_000000863,6,1914,254414957,3080855927
GL865588.1,Chr6_supercontig_000000864,6,3969,254418926,3080859896
GL865589.1,Chr6_supercontig_000000865,6,1603,254420529,3080861499
GL865590.1,Chr6_supercontig_000000866,6,1676,254422205,3080863175
GL865591.1,Chr6_supercontig_000000867,6,1640,254423845,3080864815
GL865592.1,Chr6_supercontig_000000868,6,2052,254425897,3080866867
GL865593.1,Chr6_supercontig_000000869,6,2018,254427915,3080868885
GL865594.1,Chr6_supercontig_000000870,6,4996,254432911,3080873881
GL865595.1,Chr6_supercontig_000000871,6,1716,254434627,3080875597
GL865596.1,Chr6_supercontig_000000872,6,10118,254444745,3080885715
GL865597.1,Chr6_supercontig_000000873,6,3091,254447836,3080888806
GL865598.1,Chr6_supercontig_000000874,6,2149,254449985,3080890955
GL865599.1,Chr6_supercontig_000000875,6,2256,254452241,3080893211
GL865600.1,Chr6_supercontig_000000876,6,1648,254453889,3080894859
GL865601.1,Chr6_supercontig_000000877,6,1614,254455503,3080896473
GL865602.1,Chr6_supercontig_000000878,6,5107,254460610,3080901580
GL865603.1,Chr6_supercontig_000000879,6,2632,254463242,3080904212
GL865604.1,Chr6_supercontig_000000880,6,1518,254464760,3080905730
GL865605.1,Chr6_supercontig_000000881,6,2709,254467469,3080908439
GL865606.1,Chr6_supercontig_000000882,6,1955,254469424,3080910394
GL865607.1,Chr6_supercontig_000000883,6,1676,254471100,3080912070
GL865608.1,Chr6_supercontig_000000884,6,1729,254472829,3080913799
GL865609.1,Chr6_supercontig_000000885,6,1680,254474509,3080915479
GL865610.1,Chr6_supercontig_000000886,6,1612,254476121,3080917091
GL865611.1,Chr6_supercontig_000000887,6,1529,254477650,3080918620
GL865612.1,Chr6_supercontig_000000888,6,2012,254479662,3080920632
GL865613.1,Chr6_supercontig_000000889,6,1794,254481456,3080922426
GL865614.1,Chr6_supercontig_000000890,6,4367,254485823,3080926793
GL865615.1,Chr6_supercontig_000000891,6,3360,254489183,3080930153
GL865616.1,Chr6_supercontig_000000892,6,2740,254491923,3080932893
GL865617.1,Chr6_supercontig_000000893,6,2468,254494391,3080935361
GL865618.1,Chr6_supercontig_000000894,6,1913,254496304,3080937274
GL865619.1,Chr6_supercontig_000000895,6,1898,254498202,3080939172
GL865620.1,Chr6_supercontig_000000896,6,1709,254499911,3080940881
GL865621.1,Chr6_supercontig_000000897,6,1602,254501513,3080942483
GL865622.1,Chr6_supercontig_000000898,6,3461,254504974,3080945944
GL865623.1,Chr6_supercontig_000000899,6,8203,254513177,3080954147
GL865624.1,Chr6_supercontig_000000900,6,1537,254514714,3080955684
GL865625.1,Chr6_supercontig_000000901,6,1557,254516271,3080957241
GL865626.1,Chr6_supercontig_000000902,6,1624,254517895,3080958865
GL865627.1,Chr6_supercontig_000000903,6,1556,254519451,3080960421
GL865628.1,Chr6_supercontig_000000904,6,1516,254520967,3080961937
GL865629.1,Chr6_supercontig_000000905,6,3311,254524278,3080965248
GL865630.1,Chr6_supercontig_000000906,6,2226,254526504,3080967474
GL865631.1,Chr6_supercontig_000000907,6,1799,254528303,3080969273
GL865632.1,Chr6_supercontig_000000908,6,3527,254531830,3080972800
GL865633.1,Chr6_supercontig_000000909,6,3999,254535829,3080976799
GL865634.1,Chr6_supercontig_000000910,6,2789,254538618,3080979588
GL865635.1,Chr6_supercontig_000000911,6,2093,254540711,3080981681
GL865636.1,Chr6_supercontig_000000912,6,1860,254542571,3080983541
GL865637.1,Chr6_supercontig_000000913,6,2783,254545354,3080986324
GL865638.1,Chr6_supercontig_000000914,6,1571,254546925,3080987895
GL865639.1,Chr6_supercontig_000000915,6,2477,254549402,3080990372
GL865640.1,Chr6_supercontig_000000916,6,3937,254553339,3080994309
GL865641.1,Chr6_supercontig_000000917,6,4376,254557715,3080998685
GL865642.1,Chr6_supercontig_000000918,6,4523,254562238,3081003208
GL865643.1,Chr6_supercontig_000000919,6,2406,254564644,3081005614
GL865644.1,Chr6_supercontig_000000920,6,5072,254569716,3081010686
GL865645.1,Chr6_supercontig_000000921,6,7100,254576816,3081017786
GL865646.1,Chr6_supercontig_000000922,6,2090,254578906,3081019876
GL865647.1,Chr6_supercontig_000000923,6,1713,254580619,3081021589
GL865648.1,Chr6_supercontig_000000924,6,2614,254583233,3081024203
GL865649.1,Chr6_supercontig_000000925,6,1897,254585130,3081026100
GL865650.1,Chr6_supercontig_000000926,6,1734,254586864,3081027834
GL865651.1,Chr6_supercontig_000000927,6,1561,254588425,3081029395
GL865652.1,Chr6_supercontig_000000928,6,1962,254590387,3081031357
GL865653.1,Chr6_supercontig_000000929,6,1553,254591940,3081032910
GL865654.1,Chr6_supercontig_000000930,6,2815,254594755,3081035725
GL865655.1,Chr6_supercontig_000000931,6,12276,254607031,3081048001
GL865656.1,Chr6_supercontig_000000932,6,1788,254608819,3081049789
GL865657.1,Chr6_supercontig_000000933,6,2026,254610845,3081051815
GL865658.1,Chr6_supercontig_000000934,6,2444,254613289,3081054259
GL865659.1,Chr6_supercontig_000000935,6,1574,254614863,3081055833
GL865660.1,Chr6_supercontig_000000936,6,1544,254616407,3081057377
GL865661.1,Chr6_supercontig_000000937,6,1660,254618067,3081059037
GL865662.1,Chr6_supercontig_000000938,6,1532,254619599,3081060569
GL865663.1,Chr6_supercontig_000000939,6,1549,254621148,3081062118
GL865664.1,Chr6_supercontig_000000940,6,3246,254624394,3081065364
GL865665.1,Chr6_supercontig_000000941,6,3803,254628197,3081069167
GL865666.1,Chr6_supercontig_000000942,6,3298,254631495,3081072465
GL865667.1,Chr6_supercontig_000000943,6,4848,254636343,3081077313
GL865668.1,Chr6_supercontig_000000944,6,2498,254638841,3081079811
GL865669.1,Chr6_supercontig_000000945,6,2498,254641339,3081082309
GL865670.1,Chr6_supercontig_000000946,6,3207,254644546,3081085516
GL865671.1,Chr6_supercontig_000000947,6,4062,254648608,3081089578
GL865672.1,Chr6_supercontig_000000948,6,12694,254661302,3081102272
GL865673.1,Chr6_supercontig_000000949,6,9439,254670741,3081111711
GL865674.1,Chr6_supercontig_000000950,6,15953,254686694,3081127664
GL865675.1,Chr6_supercontig_000000951,6,20051,254706745,3081147715
GL865676.1,Chr6_supercontig_000000952,6,1917,254708662,3081149632
GL865677.1,Chr6_supercontig_000000953,6,9502,254718164,3081159134
GL865678.1,Chr6_supercontig_000000954,6,5996,254724160,3081165130
GL865679.1,Chr6_supercontig_000000955,6,11602,254735762,3081176732
GL865680.1,Chr6_supercontig_000000956,6,2362,254738124,3081179094
GL865681.1,Chr6_supercontig_000000957,6,2615,254740739,3081181709
GL865682.1,Chr6_supercontig_000000958,6,2137,254742876,3081183846
GL865683.1,Chr6_supercontig_000000959,6,1835,254744711,3081185681
GL865684.1,Chr6_supercontig_000000960,6,2019,254746730,3081187700
GL865685.1,Chr6_supercontig_000000961,6,2554,254749284,3081190254
GL865686.1,Chr6_supercontig_000000962,6,1847,254751131,3081192101
GL865687.1,Chr6_supercontig_000000963,6,8185,254759316,3081200286
GL865688.1,Chr6_supercontig_000000964,6,10282,254769598,3081210568
GL865689.1,Chr6_supercontig_000000965,6,1857,254771455,3081212425
GL865690.1,Chr6_supercontig_000000966,6,3867,254775322,3081216292
GL865691.1,Chr6_supercontig_000000967,6,7515,254782837,3081223807
GL865692.1,Chr6_supercontig_000000968,6,3015,254785852,3081226822
GL865693.1,Chr6_supercontig_000000969,6,2953,254788805,3081229775
GL865694.1,Chr6_supercontig_000000970,6,1986,254790791,3081231761
GL865695.1,Chr6_supercontig_000000971,6,27810,254818601,3081259571
GL865696.1,Chr6_supercontig_000000972,6,2636,254821237,3081262207
GL865697.1,Chr6_supercontig_000000973,6,1532,254822769,3081263739
GL865698.1,Chr6_supercontig_000000974,6,1661,254824430,3081265400
GL865699.1,Chr6_supercontig_000000975,6,1774,254826204,3081267174
GL865700.1,Chr6_supercontig_000000976,6,2242,254828446,3081269416
GL865701.1,Chr6_supercontig_000000977,6,1522,254829968,3081270938
GL865702.1,Chr6_supercontig_000000978,6,1823,254831791,3081272761
GL865703.1,Chr6_supercontig_000000979,6,1637,254833428,3081274398
GL865704.1,Chr6_supercontig_000000980,6,3965,254837393,3081278363
GL865705.1,Chr6_supercontig_000000981,6,1631,254839024,3081279994
GL865706.1,Chr6_supercontig_000000982,6,1514,254840538,3081281508
GL865707.1,Chr6_supercontig_000000983,6,1686,254842224,3081283194
GL865708.1,Chr6_supercontig_000000984,6,3865,254846089,3081287059
GL865709.1,Chr6_supercontig_000000985,6,1845,254847934,3081288904
GL865710.1,Chr6_supercontig_000000986,6,1517,254849451,3081290421
GL865711.1,Chr6_supercontig_000000987,6,2090,254851541,3081292511
GL865712.1,Chr6_supercontig_000000988,6,1609,254853150,3081294120
GL865713.1,Chr6_supercontig_000000989,6,1851,254855001,3081295971
GL865714.1,Chr6_supercontig_000000990,6,1835,254856836,3081297806
GL865715.1,Chr6_supercontig_000000991,6,2673,254859509,3081300479
GL865716.1,Chr6_supercontig_000000992,6,1807,254861316,3081302286
GL865717.1,Chr6_supercontig_000000993,6,1617,254862933,3081303903
GL865718.1,Chr6_supercontig_000000994,6,1838,254864771,3081305741
GL865719.1,Chr6_supercontig_000000995,6,2086,254866857,3081307827
GL865720.1,Chr6_supercontig_000000996,6,3917,254870774,3081311744
GL865721.1,Chr6_supercontig_000000997,6,3288,254874062,3081315032
GL865722.1,Chr6_supercontig_000000998,6,2367,254876429,3081317399
GL865723.1,Chr6_supercontig_000000999,6,2943,254879372,3081320342
GL865724.1,Chr6_supercontig_000001000,6,2853,254882225,3081323195
GL865725.1,Chr6_supercontig_000001001,6,2162,254884387,3081325357
GL865726.1,Chr6_supercontig_000001002,6,1785,254886172,3081327142
GL865727.1,Chr6_supercontig_000001003,6,2411,254888583,3081329553
GL865728.1,Chr6_supercontig_000001004,6,1692,254890275,3081331245
GL865729.1,Chr6_supercontig_000001005,6,1597,254891872,3081332842
GL865730.1,Chr6_supercontig_000001006,6,2248,254894120,3081335090
GL865731.1,Chr6_supercontig_000001007,6,3652,254897772,3081338742
GL865732.1,Chr6_supercontig_000001008,6,2098,254899870,3081340840
GL865733.1,Chr6_supercontig_000001009,6,1607,254901477,3081342447
GL865734.1,Chr6_supercontig_000001010,6,1527,254903004,3081343974
GL865735.1,Chr6_supercontig_000001011,6,1728,254904732,3081345702
GL865736.1,Chr6_supercontig_000001012,6,3252,254907984,3081348954
GL865737.1,Chr6_supercontig_000001013,6,3353,254911337,3081352307
GL865738.1,Chr6_supercontig_000001014,6,3641,254914978,3081355948
GL865739.1,Chr6_supercontig_000001015,6,1552,254916530,3081357500
GL865740.1,Chr6_supercontig_000001016,6,2153,254918683,3081359653
GL865741.1,Chr6_supercontig_000001017,6,5531,254924214,3081365184
GL865742.1,Chr6_supercontig_000001018,6,1677,254925891,3081366861
GL865743.1,Chr6_supercontig_000001019,6,3759,254929650,3081370620
GL865744.1,Chr6_supercontig_000001020,6,3575,254933225,3081374195
GL865745.1,Chr6_supercontig_000001021,6,1843,254935068,3081376038
GL865746.1,Chr6_supercontig_000001022,6,2922,254937990,3081378960
GL865747.1,Chr6_supercontig_000001023,6,2240,254940230,3081381200
GL865748.1,Chr6_supercontig_000001024,6,2285,254942515,3081383485
GL865749.1,Chr6_supercontig_000001025,6,1640,254944155,3081385125
GL865750.1,Chr6_supercontig_000001026,6,2070,254946225,3081387195
GL865751.1,Chr6_supercontig_000001027,6,1655,254947880,3081388850
GL865752.1,Chr6_supercontig_000001028,6,1644,254949524,3081390494
GL865753.1,Chr6_supercontig_000001029,6,1594,254951118,3081392088
GL865754.1,Chr6_supercontig_000001030,6,1764,254952882,3081393852
GL865755.1,Chr6_supercontig_000001031,6,1826,254954708,3081395678
GL865756.1,Chr6_supercontig_000001032,6,1634,254956342,3081397312
GL865757.1,Chr6_supercontig_000001033,6,1503,254957845,3081398815
GL865758.1,Chr6_supercontig_000001034,6,1903,254959748,3081400718
GL865759.1,Chr6_supercontig_000001035,6,2087,254961835,3081402805
GL865760.1,Chr6_supercontig_000001036,6,1547,254963382,3081404352
GL865761.1,Chr6_supercontig_000001037,6,4298,254967680,3081408650
GL865762.1,Chr6_supercontig_000001038,6,1750,254969430,3081410400
GL865763.1,Chr6_supercontig_000001039,6,3116,254972546,3081413516
GL865764.1,Chr6_supercontig_000001040,6,1888,254974434,3081415404
GL865765.1,Chr6_supercontig_000001041,6,1637,254976071,3081417041
GL865766.1,Chr6_supercontig_000001042,6,1687,254977758,3081418728
GL865767.1,Chr6_supercontig_000001043,6,2058,254979816,3081420786
GL865768.1,Chr6_supercontig_000001044,6,2508,254982324,3081423294
GL865769.1,Chr6_supercontig_000001045,6,6053,254988377,3081429347
GL865770.1,Chr6_supercontig_000001046,6,2760,254991137,3081432107
GL865771.1,Chr6_supercontig_000001047,6,14560,255005697,3081446667
GL865772.1,Chr6_supercontig_000001048,6,1526,255007223,3081448193
GL865773.1,Chr6_supercontig_000001049,6,2647,255009870,3081450840
GL865774.1,Chr6_supercontig_000001050,6,3695,255013565,3081454535
GL865775.1,Chr6_supercontig_000001051,6,6246,255019811,3081460781
GL865776.1,Chr6_supercontig_000001052,6,1655,255021466,3081462436
GL865777.1,Chr6_supercontig_000001053,6,4120,255025586,3081466556
GL865778.1,Chr6_supercontig_000001054,6,1711,255027297,3081468267
GL865779.1,Chr6_supercontig_000001055,6,1562,255028859,3081469829
GL865780.1,Chr6_supercontig_000001056,6,1976,255030835,3081471805
GL865781.1,Chr6_supercontig_000001057,6,6256,255037091,3081478061
GL865782.1,Chr6_supercontig_000001058,6,1744,255038835,3081479805
GL865783.1,Chr6_supercontig_000001059,6,2307,255041142,3081482112
GL865784.1,Chr6_supercontig_000001060,6,2292,255043434,3081484404
GL865785.1,Chr6_supercontig_000001061,6,3273,255046707,3081487677
GL865786.1,Chr6_supercontig_000001062,6,25281,255071988,3081512958
GL865787.1,Chr6_supercontig_000001063,6,3697,255075685,3081516655
GL865788.1,Chr6_supercontig_000001064,6,1784,255077469,3081518439
GL865789.1,Chr6_supercontig_000001065,6,2063,255079532,3081520502
GL865790.1,Chr6_supercontig_000001066,6,2199,255081731,3081522701
GL865791.1,Chr6_supercontig_000001067,6,1695,255083426,3081524396
GL865792.1,Chr6_supercontig_000001068,6,1997,255085423,3081526393
GL865793.1,Chr6_supercontig_000001069,6,3054,255088477,3081529447
GL865794.1,Chr6_supercontig_000001070,6,3044,255091521,3081532491
GL865795.1,Chr6_supercontig_000001071,6,2059,255093580,3081534550
GL865796.1,Chr6_supercontig_000001072,6,2002,255095582,3081536552
GL865797.1,Chr6_supercontig_000001073,6,1509,255097091,3081538061
GL865798.1,Chr6_supercontig_000001074,6,1925,255099016,3081539986
GL865799.1,Chr6_supercontig_000001075,6,1825,255100841,3081541811
GL865800.1,Chr6_supercontig_000001076,6,3261,255104102,3081545072
GL865801.1,Chr6_supercontig_000001077,6,9930,255114032,3081555002
GL865802.1,Chr6_supercontig_000001078,6,2650,255116682,3081557652
GL865803.1,Chr6_supercontig_000001079,6,1706,255118388,3081559358
GL865804.1,Chr6_supercontig_000001080,6,9976,255128364,3081569334
GL865805.1,Chr6_supercontig_000001081,6,2080,255130444,3081571414
GL865806.1,Chr6_supercontig_000001082,6,1515,255131959,3081572929
GL865807.1,Chr6_supercontig_000001083,6,1559,255133518,3081574488
GL865808.1,Chr6_supercontig_000001084,6,4744,255138262,3081579232
GL865809.1,Chr6_supercontig_000001085,6,1669,255139931,3081580901
GL865810.1,Chr6_supercontig_000001086,6,3911,255143842,3081584812
GL865811.1,Chr6_supercontig_000001087,6,3941,255147783,3081588753
GL865812.1,Chr6_supercontig_000001088,6,23525,255171308,3081612278
GL865813.1,Chr6_supercontig_000001089,6,5641,255176949,3081617919
GL865814.1,Chr6_supercontig_000001090,6,2411,255179360,3081620330
GL865815.1,Chr6_supercontig_000001091,6,3171,255182531,3081623501
GL865816.1,Chr6_supercontig_000001092,6,5548,255188079,3081629049
GL865817.1,Chr6_supercontig_000001093,6,3015,255191094,3081632064
GL865818.1,Chr6_supercontig_000001094,6,2284,255193378,3081634348
GL865819.1,Chr6_supercontig_000001095,6,3717,255197095,3081638065
GL865820.1,Chr6_supercontig_000001096,6,3670,255200765,3081641735
GL865821.1,Chr6_supercontig_000001097,6,4090,255204855,3081645825
GL865822.1,Chr6_supercontig_000001098,6,1607,255206462,3081647432
GL865823.1,Chr6_supercontig_000001099,6,2518,255208980,3081649950
GL865824.1,Chr6_supercontig_000001100,6,3901,255212881,3081653851
GL865825.1,Chr6_supercontig_000001101,6,3271,255216152,3081657122
GL865826.1,Chr6_supercontig_000001102,6,22157,255238309,3081679279
GL865827.1,Chr6_supercontig_000001103,6,5229,255243538,3081684508
GL865828.1,Chr6_supercontig_000001104,6,1736,255245274,3081686244
GL865829.1,Chr6_supercontig_000001105,6,2205,255247479,3081688449
GL865830.1,Chr6_supercontig_000001106,6,1719,255249198,3081690168
GL865831.1,Chr6_supercontig_000001107,6,5115,255254313,3081695283
GL865832.1,Chr6_supercontig_000001108,6,1635,255255948,3081696918
GL865833.1,Chr6_supercontig_000001109,6,8958,255264906,3081705876
GL865834.1,Chr6_supercontig_000001110,6,2667,255267573,3081708543
GL865835.1,Chr6_supercontig_000001111,6,2184,255269757,3081710727
GL865836.1,Chr6_supercontig_000001112,6,2020,255271777,3081712747
GL865837.1,Chr6_supercontig_000001113,6,1997,255273774,3081714744
GL865838.1,Chr6_supercontig_000001114,6,1659,255275433,3081716403
GL865839.1,Chr6_supercontig_000001115,6,3244,255278677,3081719647
GL865840.1,Chr6_supercontig_000001116,6,12316,255290993,3081731963
GL865841.1,Chr6_supercontig_000001117,6,29431,255320424,3081761394
GL865842.1,Chr6_supercontig_000001118,6,1724,255322148,3081763118
GL865843.1,Chr6_supercontig_000001119,6,4668,255326816,3081767786
GL865844.1,Chr6_supercontig_000001120,6,2063,255328879,3081769849
GL865845.1,Chr6_supercontig_000001121,6,1997,255330876,3081771846
GL865846.1,Chr6_supercontig_000001122,6,1834,255332710,3081773680
GL865847.1,Chr6_supercontig_000001123,6,1710,255334420,3081775390
GL865848.1,Chr6_supercontig_000001124,6,2054,255336474,3081777444
GL865849.1,Chr6_supercontig_000001125,6,5204,255341678,3081782648
GL865850.1,Chr6_supercontig_000001126,6,2449,255344127,3081785097
GL865851.1,Chr6_supercontig_000001127,6,10977,255355104,3081796074
GL865852.1,Chr6_supercontig_000001128,6,3515,255358619,3081799589
GL865853.1,Chr6_supercontig_000001129,6,4788,255363407,3081804377
GL865854.1,Chr6_supercontig_000001130,6,2432,255365839,3081806809
GL865855.1,Chr6_supercontig_000001131,6,3299,255369138,3081810108
GL865856.1,Chr6_supercontig_000001132,6,5545,255374683,3081815653
GL865857.1,Chr6_supercontig_000001133,6,1817,255376500,3081817470
GL865858.1,Chr6_supercontig_000001134,6,15319,255391819,3081832789
GL865859.1,Chr6_supercontig_000001135,6,2283,255394102,3081835072
GL865860.1,Chr6_supercontig_000001136,6,1955,255396057,3081837027
GL865861.1,Chr6_supercontig_000001137,6,1659,255397716,3081838686
GL865862.1,Chr6_supercontig_000001138,6,1633,255399349,3081840319
GL865863.1,Chr6_supercontig_000001139,6,1682,255401031,3081842001
GL865864.1,Chr6_supercontig_000001140,6,1688,255402719,3081843689
GL865865.1,Chr6_supercontig_000001141,6,3730,255406449,3081847419
GL865866.1,Chr6_supercontig_000001142,6,5085,255411534,3081852504
GL865867.1,Chr6_supercontig_000001143,6,2121,255413655,3081854625
GL865868.1,Chr6_supercontig_000001144,6,2040,255415695,3081856665
GL865869.1,Chr6_supercontig_000001145,6,1903,255417598,3081858568
GL865870.1,Chr6_supercontig_000001146,6,1919,255419517,3081860487
GL865871.1,Chr6_supercontig_000001147,6,9851,255429368,3081870338
GL865872.1,Chr6_supercontig_000001148,6,1934,255431302,3081872272
GL865873.1,Chr6_supercontig_000001149,6,2563,255433865,3081874835
GL865874.1,Chr6_supercontig_000001150,6,1616,255435481,3081876451
GL865875.1,Chr6_supercontig_000001151,6,1580,255437061,3081878031
GL865876.1,Chr6_supercontig_000001152,6,1536,255438597,3081879567
GL865877.1,Chr6_supercontig_000001153,6,5841,255444438,3081885408
GL865878.1,Chr6_supercontig_000001154,6,2915,255447353,3081888323
GL865879.1,Chr6_supercontig_000001155,6,2539,255449892,3081890862
GL865880.1,Chr6_supercontig_000001156,6,4469,255454361,3081895331
GL865881.1,Chr6_supercontig_000001157,6,2722,255457083,3081898053
GL865882.1,Chr6_supercontig_000001158,6,1649,255458732,3081899702
GL865883.1,Chr6_supercontig_000001159,6,2123,255460855,3081901825
GL865884.1,Chr6_supercontig_000001160,6,2008,255462863,3081903833
GL865885.1,Chr6_supercontig_000001161,6,1882,255464745,3081905715
GL865886.1,Chr6_supercontig_000001162,6,1505,255466250,3081907220
GL865887.1,Chr6_supercontig_000001163,6,2438,255468688,3081909658
GL865888.1,Chr6_supercontig_000001164,6,2425,255471113,3081912083
GL865889.1,Chr6_supercontig_000001165,6,6264,255477377,3081918347
GL865890.1,Chr6_supercontig_000001166,6,2187,255479564,3081920534
GL865891.1,Chr6_supercontig_000001167,6,2273,255481837,3081922807
GL865892.1,Chr6_supercontig_000001168,6,1669,255483506,3081924476
GL865893.1,Chr6_supercontig_000001169,6,2747,255486253,3081927223
GL865894.1,Chr6_supercontig_000001170,6,1649,255487902,3081928872
GL865895.1,Chr6_supercontig_000001171,6,1995,255489897,3081930867
GL865896.1,Chr6_supercontig_000001172,6,1859,255491756,3081932726
GL865897.1,Chr6_supercontig_000001173,6,9465,255501221,3081942191
GL865898.1,Chr6_supercontig_000001174,6,2406,255503627,3081944597
GL865899.1,Chr6_supercontig_000001175,6,1688,255505315,3081946285
GL865900.1,Chr6_supercontig_000001176,6,2303,255507618,3081948588
GL865901.1,Chr6_supercontig_000001177,6,2502,255510120,3081951090
GL865902.1,Chr6_supercontig_000001178,6,1867,255511987,3081952957
GL865903.1,Chr6_supercontig_000001179,6,2276,255514263,3081955233
GL865904.1,Chr6_supercontig_000001180,6,1900,255516163,3081957133
GL865905.1,Chr6_supercontig_000001181,6,4195,255520358,3081961328
GL865906.1,Chr6_supercontig_000001182,6,5174,255525532,3081966502
GL865907.1,Chr6_supercontig_000001183,6,1734,255527266,3081968236
GL865908.1,Chr6_supercontig_000001184,6,15180,255542446,3081983416
GL865909.1,Chr6_supercontig_000001185,6,6109,255548555,3081989525
GL865910.1,Chr6_supercontig_000001186,6,3699,255552254,3081993224
GL865911.1,Chr6_supercontig_000001187,6,2028,255554282,3081995252
GL865912.1,Chr6_supercontig_000001188,6,1605,255555887,3081996857
GL865913.1,Chr6_supercontig_000001189,6,1712,255557599,3081998569
GL865914.1,Chr6_supercontig_000001190,6,1918,255559517,3082000487
GL865915.1,Chr6_supercontig_000001191,6,2115,255561632,3082002602
GL865916.1,Chr6_supercontig_000001192,6,9590,255571222,3082012192
GL865917.1,Chr6_supercontig_000001193,6,1516,255572738,3082013708
GL865918.1,Chr6_supercontig_000001194,6,1537,255574275,3082015245
GL865919.1,Chr6_supercontig_000001195,6,1952,255576227,3082017197
GL865920.1,Chr6_supercontig_000001196,6,2309,255578536,3082019506
GL865921.1,Chr6_supercontig_000001197,6,3243,255581779,3082022749
GL865922.1,Chr6_supercontig_000001198,6,3197,255584976,3082025946
GL865923.1,Chr6_supercontig_000001199,6,2417,255587393,3082028363
GL865924.1,Chr6_supercontig_000001200,6,2432,255589825,3082030795
GL865925.1,Chr6_supercontig_000001201,6,2998,255592823,3082033793
GL865926.1,Chr6_supercontig_000001202,6,5431,255598254,3082039224
GL865927.1,Chr6_supercontig_000001203,6,11262,255609516,3082050486
GL865928.1,Chr6_supercontig_000001204,6,4456,255613972,3082054942
GL865929.1,Chr6_supercontig_000001205,6,5224,255619196,3082060166
GL865930.1,Chr6_supercontig_000001206,6,5059,255624255,3082065225
GL865931.1,Chr6_supercontig_000001207,6,1606,255625861,3082066831
GL865932.1,Chr6_supercontig_000001208,6,2310,255628171,3082069141
GL865933.1,Chr6_supercontig_000001209,6,1510,255629681,3082070651
GL865934.1,Chr6_supercontig_000001210,6,2282,255631963,3082072933
GL865935.1,Chr6_supercontig_000001211,6,4291,255636254,3082077224
GL865936.1,Chr6_supercontig_000001212,6,1958,255638212,3082079182
GL865937.1,Chr6_supercontig_000001213,6,2520,255640732,3082081702
GL865938.1,Chr6_supercontig_000001214,6,2018,255642750,3082083720
GL865939.1,Chr6_supercontig_000001215,6,3574,255646324,3082087294
GL865940.1,Chr6_supercontig_000001216,6,2510,255648834,3082089804
GL865941.1,Chr6_supercontig_000001217,6,1633,255650467,3082091437
GL865942.1,Chr6_supercontig_000001218,6,1828,255652295,3082093265
GL865943.1,Chr6_supercontig_000001219,6,1982,255654277,3082095247
GL865944.1,Chr6_supercontig_000001220,6,5304,255659581,3082100551
GL865945.1,Chr6_supercontig_000001221,6,1520,255661101,3082102071
GL865946.1,Chr6_supercontig_000001222,6,2534,255663635,3082104605
GL865947.1,Chr6_supercontig_000001223,6,2058,255665693,3082106663
GL865948.1,Chr6_supercontig_000001224,6,1574,255667267,3082108237
GL865949.1,Chr6_supercontig_000001225,6,3815,255671082,3082112052
GL865950.1,Chr6_supercontig_000001226,6,1562,255672644,3082113614
GL865951.1,Chr6_supercontig_000001227,6,2666,255675310,3082116280
GL865952.1,Chr6_supercontig_000001228,6,2773,255678083,3082119053
GL865953.1,Chr6_supercontig_000001229,6,2144,255680227,3082121197
GL865954.1,Chr6_supercontig_000001230,6,1759,255681986,3082122956
GL865955.1,Chr6_supercontig_000001231,6,3945,255685931,3082126901
GL865956.1,Chr6_supercontig_000001232,6,1820,255687751,3082128721
GL865957.1,Chr6_supercontig_000001233,6,2438,255690189,3082131159
GL865958.1,Chr6_supercontig_000001234,6,2298,255692487,3082133457
GL865959.1,Chr6_supercontig_000001235,6,3630,255696117,3082137087
GL865960.1,Chr6_supercontig_000001236,6,5818,255701935,3082142905
GL865961.1,Chr6_supercontig_000001237,6,7538,255709473,3082150443
GL865962.1,Chr6_supercontig_000001238,6,3381,255712854,3082153824
GL865963.1,Chr6_supercontig_000001239,6,1516,255714370,3082155340
GL865964.1,Chr6_supercontig_000001240,6,3431,255717801,3082158771
GL865965.1,Chr6_supercontig_000001241,6,9469,255727270,3082168240
GL865966.1,Chr6_supercontig_000001242,6,6228,255733498,3082174468
GL865967.1,Chr6_supercontig_000001243,6,1581,255735079,3082176049
GL865968.1,Chr6_supercontig_000001244,6,1878,255736957,3082177927
GL865969.1,Chr6_supercontig_000001245,6,4441,255741398,3082182368
GL865970.1,Chr6_supercontig_000001246,6,3165,255744563,3082185533
GL865971.1,Chr6_supercontig_000001247,6,2866,255747429,3082188399
GL865972.1,Chr6_supercontig_000001248,6,4384,255751813,3082192783
GL865973.1,Chr6_supercontig_000001249,6,2281,255754094,3082195064
GL865974.1,Chr6_supercontig_000001250,6,5855,255759949,3082200919
GL865975.1,Chr6_supercontig_000001251,6,1560,255761509,3082202479
GL865976.1,Chr6_supercontig_000001252,6,1506,255763015,3082203985
GL865977.1,Chr6_supercontig_000001253,6,1500,255764515,3082205485
GL865978.1,Chr6_supercontig_000001254,6,2134,255766649,3082207619
GL865979.1,Chr6_supercontig_000001255,6,2862,255769511,3082210481
GL865980.1,Chr6_supercontig_000001256,6,1804,255771315,3082212285
GL865981.1,Chr6_supercontig_000001257,6,3113,255774428,3082215398
GL865982.1,Chr6_supercontig_000001258,6,15913,255790341,3082231311
GL865983.1,Chr6_supercontig_000001259,6,1896,255792237,3082233207
GL865984.1,Chr6_supercontig_000001260,6,4023,255796260,3082237230
GL865985.1,Chr6_supercontig_000001261,6,1697,255797957,3082238927
GL865986.1,Chr6_supercontig_000001262,6,1891,255799848,3082240818
GL865987.1,Chr6_supercontig_000001263,6,1822,255801670,3082242640
GL865988.1,Chr6_supercontig_000001264,6,1647,255803317,3082244287
GL865989.1,Chr6_supercontig_000001265,6,5151,255808468,3082249438
GL865990.1,Chr6_supercontig_000001266,6,1934,255810402,3082251372
GL865991.1,Chr6_supercontig_000001267,6,2883,255813285,3082254255
GL865992.1,Chr6_supercontig_000001268,6,3229,255816514,3082257484
GL865993.1,Chr6_supercontig_000001269,6,1937,255818451,3082259421
GL865994.1,Chr6_supercontig_000001270,6,1924,255820375,3082261345
GL865995.1,Chr6_supercontig_000001271,6,2624,255822999,3082263969
GL865996.1,Chr6_supercontig_000001272,6,1725,255824724,3082265694
GL865997.1,Chr6_supercontig_000001273,6,1674,255826398,3082267368
GL865998.1,Chr6_supercontig_000001274,6,1889,255828287,3082269257
GL865999.1,Chr6_supercontig_000001275,6,1639,255829926,3082270896
GL866000.1,Chr6_supercontig_000001276,6,2298,255832224,3082273194
GL866001.1,Chr6_supercontig_000001277,6,1797,255834021,3082274991
GL866002.1,Chr6_supercontig_000001278,6,3762,255837783,3082278753
GL866003.1,Chr6_supercontig_000001279,6,2088,255839871,3082280841
GL866004.1,Chr6_supercontig_000001280,6,1650,255841521,3082282491
GL866005.1,Chr6_supercontig_000001281,6,1907,255843428,3082284398
GL866006.1,Chr6_supercontig_000001282,6,3995,255847423,3082288393
GL866007.1,Chr6_supercontig_000001283,6,1551,255848974,3082289944
GL866008.1,Chr6_supercontig_000001284,6,1888,255850862,3082291832
GL866009.1,Chr6_supercontig_000001285,6,1599,255852461,3082293431
GL866010.1,Chr6_supercontig_000001286,6,2034,255854495,3082295465
GL866011.1,Chr6_supercontig_000001287,6,1627,255856122,3082297092
GL866012.1,Chr6_supercontig_000001288,6,2297,255858419,3082299389
GL866013.1,Chr6_supercontig_000001289,6,1733,255860152,3082301122
GL866014.1,Chr6_supercontig_000001290,6,2892,255863044,3082304014
GL866015.1,Chr6_supercontig_000001291,6,2826,255865870,3082306840
GL866016.1,Chr6_supercontig_000001292,6,1554,255867424,3082308394
GL866017.1,Chr6_supercontig_000001293,6,1540,255868964,3082309934
GL866018.1,Chr6_supercontig_000001294,6,1577,255870541,3082311511
GL866019.1,Chr6_supercontig_000001295,6,1589,255872130,3082313100
GL866020.1,Chr6_supercontig_000001296,6,7110,255879240,3082320210
GL866021.1,Chr6_supercontig_000001297,6,2238,255881478,3082322448
GL866022.1,Chr6_supercontig_000001298,6,2861,255884339,3082325309
GL866023.1,Chr6_supercontig_000001299,6,3289,255887628,3082328598
GL866024.1,Chr6_supercontig_000001300,6,5705,255893333,3082334303
GL866025.1,Chr6_supercontig_000001301,6,2092,255895425,3082336395
GL866026.1,Chr6_supercontig_000001302,6,3486,255898911,3082339881
GL866027.1,Chr6_supercontig_000001303,6,1703,255900614,3082341584
GL866028.1,Chr6_supercontig_000001304,6,1767,255902381,3082343351
GL866029.1,Chr6_supercontig_000001305,6,5355,255907736,3082348706
GL866030.1,Chr6_supercontig_000001306,6,5578,255913314,3082354284
GL866031.1,Chr6_supercontig_000001307,6,1720,255915034,3082356004
GL866032.1,Chr6_supercontig_000001308,6,1749,255916783,3082357753
GL866033.1,Chr6_supercontig_000001309,6,2544,255919327,3082360297
GL866034.1,Chr6_supercontig_000001310,6,1927,255921254,3082362224
GL866035.1,Chr6_supercontig_000001311,6,1640,255922894,3082363864
GL866036.1,Chr6_supercontig_000001312,6,2606,255925500,3082366470
GL866037.1,Chr6_supercontig_000001313,6,2263,255927763,3082368733
GL866038.1,Chr6_supercontig_000001314,6,2467,255930230,3082371200
GL866039.1,Chr6_supercontig_000001315,6,3076,255933306,3082374276
GL866040.1,Chr6_supercontig_000001316,6,1867,255935173,3082376143
GL866041.1,Chr6_supercontig_000001317,6,2301,255937474,3082378444
GL866042.1,Chr6_supercontig_000001318,6,1764,255939238,3082380208
GL866043.1,Chr6_supercontig_000001319,6,2349,255941587,3082382557
GL866044.1,Chr6_supercontig_000001320,6,2410,255943997,3082384967
GL866045.1,Chr6_supercontig_000001321,6,1850,255945847,3082386817
GL866046.1,Chr6_supercontig_000001322,6,1555,255947402,3082388372
GL866047.1,Chr6_supercontig_000001323,6,2303,255949705,3082390675
GL866048.1,Chr6_supercontig_000001324,6,2519,255952224,3082393194
GL866049.1,Chr6_supercontig_000001325,6,23710,255975934,3082416904
GL866050.1,Chr6_supercontig_000001326,6,3474,255979408,3082420378
GL866051.1,Chr6_supercontig_000001327,6,2195,255981603,3082422573
GL866052.1,Chr6_supercontig_000001328,6,2081,255983684,3082424654
GL866053.1,Chr6_supercontig_000001329,6,3391,255987075,3082428045
GL866054.1,Chr6_supercontig_000001330,6,2619,255989694,3082430664
GL866055.1,Chr6_supercontig_000001331,6,3610,255993304,3082434274
GL866056.1,Chr6_supercontig_000001332,6,1987,255995291,3082436261
GL866057.1,Chr6_supercontig_000001333,6,3665,255998956,3082439926
GL866058.1,Chr6_supercontig_000001334,6,2479,256001435,3082442405
GL866059.1,Chr6_supercontig_000001335,6,1500,256002935,3082443905
GL866060.1,Chr6_supercontig_000001336,6,4870,256007805,3082448775
GL866061.1,Chr6_supercontig_000001337,6,1648,256009453,3082450423
GL866062.1,Chr6_supercontig_000001338,6,1688,256011141,3082452111
GL866063.1,Chr6_supercontig_000001339,6,2088,256013229,3082454199
GL866064.1,Chr6_supercontig_000001340,6,1705,256014934,3082455904
GL866065.1,Chr6_supercontig_000001341,6,1633,256016567,3082457537
GL866066.1,Chr6_supercontig_000001342,6,4136,256020703,3082461673
GL866067.1,Chr6_supercontig_000001343,6,2881,256023584,3082464554
GL866068.1,Chr6_supercontig_000001344,6,3781,256027365,3082468335
GL866069.1,Chr6_supercontig_000001345,6,2919,256030284,3082471254
GL866070.1,Chr6_supercontig_000001346,6,3857,256034141,3082475111
GL866071.1,Chr6_supercontig_000001347,6,2418,256036559,3082477529
GL866072.1,Chr6_supercontig_000001348,6,3970,256040529,3082481499
GL866073.1,Chr6_supercontig_000001349,6,33511,256074040,3082515010
GL866074.1,Chr6_supercontig_000001350,6,5769,256079809,3082520779
GL866075.1,Chr6_supercontig_000001351,6,3432,256083241,3082524211
GL866076.1,Chr6_supercontig_000001352,6,1883,256085124,3082526094
GL866077.1,Chr6_supercontig_000001353,6,2232,256087356,3082528326
GL866078.1,Chr6_supercontig_000001354,6,1575,256088931,3082529901
GL866079.1,Chr6_supercontig_000001355,6,1825,256090756,3082531726
GL866080.1,Chr6_supercontig_000001356,6,1664,256092420,3082533390
GL866081.1,Chr6_supercontig_000001357,6,4046,256096466,3082537436
GL866082.1,Chr6_supercontig_000001358,6,2211,256098677,3082539647
GL866083.1,Chr6_supercontig_000001359,6,8888,256107565,3082548535
GL866084.1,Chr6_supercontig_000001360,6,3796,256111361,3082552331
GL866085.1,Chr6_supercontig_000001361,6,4632,256115993,3082556963
GL866086.1,Chr6_supercontig_000001362,6,11060,256127053,3082568023
GL866087.1,Chr6_supercontig_000001363,6,12024,256139077,3082580047
GL866088.1,Chr6_supercontig_000001364,6,1831,256140908,3082581878
GL866089.1,Chr6_supercontig_000001365,6,1718,256142626,3082583596
GL866090.1,Chr6_supercontig_000001366,6,2599,256145225,3082586195
GL866091.1,Chr6_supercontig_000001367,6,2053,256147278,3082588248
GL866092.1,Chr6_supercontig_000001368,6,3084,256150362,3082591332
GL866093.1,Chr6_supercontig_000001369,6,1950,256152312,3082593282
GL866094.1,Chr6_supercontig_000001370,6,1628,256153940,3082594910
GL866095.1,Chr6_supercontig_000001371,6,7668,256161608,3082602578
GL866096.1,Chr6_supercontig_000001372,6,2890,256164498,3082605468
GL866097.1,Chr6_supercontig_000001373,6,2993,256167491,3082608461
GL866098.1,Chr6_supercontig_000001374,6,2044,256169535,3082610505
GL866099.1,Chr6_supercontig_000001375,6,2932,256172467,3082613437
GL866100.1,Chr6_supercontig_000001376,6,2782,256175249,3082616219
GL866101.1,Chr6_supercontig_000001377,6,1658,256176907,3082617877
GL866102.1,Chr6_supercontig_000001378,6,7901,256184808,3082625778
GL866103.1,Chr6_supercontig_000001379,6,2035,256186843,3082627813
GL866104.1,Chr6_supercontig_000001380,6,1565,256188408,3082629378
GL866105.1,Chr6_supercontig_000001381,6,6267,256194675,3082635645
GL866106.1,Chr6_supercontig_000001382,6,2180,256196855,3082637825
GL866107.1,Chr6_supercontig_000001383,6,1914,256198769,3082639739
GL866108.1,Chr6_supercontig_000001384,6,10616,256209385,3082650355
GL866109.1,Chr6_supercontig_000001385,6,3595,256212980,3082653950
GL866110.1,Chr6_supercontig_000001386,6,8348,256221328,3082662298
GL866111.1,Chr6_supercontig_000001387,6,1542,256222870,3082663840
GL866112.1,Chr6_supercontig_000001388,6,2819,256225689,3082666659
GL866113.1,Chr6_supercontig_000001389,6,3903,256229592,3082670562
GL866114.1,Chr6_supercontig_000001390,6,2915,256232507,3082673477
GL866115.1,Chr6_supercontig_000001391,6,1903,256234410,3082675380
GL866116.1,Chr6_supercontig_000001392,6,9665,256244075,3082685045
GL866117.1,Chr6_supercontig_000001393,6,5688,256249763,3082690733
GL866118.1,Chr6_supercontig_000001394,6,3061,256252824,3082693794
GL866119.1,Chr6_supercontig_000001395,6,31692,256284516,3082725486
GL866120.1,Chr6_supercontig_000001396,6,4164,256288680,3082729650
GL866121.1,Chr6_supercontig_000001397,6,1851,256290531,3082731501
GL866122.1,Chr6_supercontig_000001398,6,6812,256297343,3082738313
GL866123.1,Chr6_supercontig_000001399,6,1796,256299139,3082740109
GL866124.1,Chr6_supercontig_000001400,6,3821,256302960,3082743930
GL866125.1,Chr6_supercontig_000001401,6,3194,256306154,3082747124
GL866126.1,Chr6_supercontig_000001402,6,1849,256308003,3082748973
GL866127.1,Chr6_supercontig_000001403,6,7086,256315089,3082756059
GL866128.1,Chr6_supercontig_000001404,6,1659,256316748,3082757718
GL866129.1,Chr6_supercontig_000001405,6,2061,256318809,3082759779
GL866130.1,Chr6_supercontig_000001406,6,2048,256320857,3082761827
GL866131.1,Chr6_supercontig_000001407,6,3638,256324495,3082765465
GL866132.1,Chr6_supercontig_000001408,6,2517,256327012,3082767982
GL866133.1,Chr6_supercontig_000001409,6,2283,256329295,3082770265
GL866134.1,Chr6_supercontig_000001410,6,2093,256331388,3082772358
GL866135.1,Chr6_supercontig_000001411,6,2148,256333536,3082774506
GL866136.1,Chr6_supercontig_000001412,6,4812,256338348,3082779318
GL866137.1,Chr6_supercontig_000001413,6,3085,256341433,3082782403
GL866138.1,Chr6_supercontig_000001414,6,1639,256343072,3082784042
GL866139.1,Chr6_supercontig_000001415,6,1929,256345001,3082785971
GL866140.1,Chr6_supercontig_000001416,6,6148,256351149,3082792119
GL866141.1,Chr6_supercontig_000001417,6,1501,256352650,3082793620
GL866142.1,Chr6_supercontig_000001418,6,1612,256354262,3082795232
GL866143.1,Chr6_supercontig_000001419,6,2884,256357146,3082798116
GL866144.1,Chr6_supercontig_000001420,6,1678,256358824,3082799794
GL866145.1,Chr6_supercontig_000001421,6,2160,256360984,3082801954
GL866146.1,Chr6_supercontig_000001422,6,6689,256367673,3082808643
GL866147.1,Chr6_supercontig_000001423,6,2822,256370495,3082811465
GL866148.1,Chr6_supercontig_000001424,6,5750,256376245,3082817215
GL866149.1,Chr6_supercontig_000001425,6,6034,256382279,3082823249
GL866150.1,Chr6_supercontig_000001426,6,1514,256383793,3082824763
GL866151.1,Chr6_supercontig_000001427,6,2750,256386543,3082827513
GL866152.1,Chr6_supercontig_000001428,6,2039,256388582,3082829552
GL866153.1,Chr6_supercontig_000001429,6,2821,256391403,3082832373
GL866154.1,Chr6_supercontig_000001430,6,1674,256393077,3082834047
GL866155.1,Chr6_supercontig_000001431,6,1725,256394802,3082835772
GL866156.1,Chr6_supercontig_000001432,6,11135,256405937,3082846907
GL866157.1,Chr6_supercontig_000001433,6,1736,256407673,3082848643
GL866158.1,Chr6_supercontig_000001434,6,2214,256409887,3082850857
GL866159.1,Chr6_supercontig_000001435,6,2566,256412453,3082853423
GL866160.1,Chr6_supercontig_000001436,6,2609,256415062,3082856032
GL866161.1,Chr6_supercontig_000001437,6,2931,256417993,3082858963
GL866162.1,Chr6_supercontig_000001438,6,2670,256420663,3082861633
GL866163.1,Chr6_supercontig_000001439,6,2371,256423034,3082864004
GL866164.1,Chr6_supercontig_000001440,6,1655,256424689,3082865659
GL866165.1,Chr6_supercontig_000001441,6,2915,256427604,3082868574
GL866166.1,Chr6_supercontig_000001442,6,2609,256430213,3082871183
GL866167.1,Chr6_supercontig_000001443,6,1960,256432173,3082873143
GL866168.1,Chr6_supercontig_000001444,6,1634,256433807,3082874777
GL866169.1,Chr6_supercontig_000001445,6,1844,256435651,3082876621
GL866170.1,Chr6_supercontig_000001446,6,2164,256437815,3082878785
GL866171.1,Chr6_supercontig_000001447,6,2382,256440197,3082881167
GL866172.1,Chr6_supercontig_000001448,6,1861,256442058,3082883028
GL866173.1,Chr6_supercontig_000001449,6,1707,256443765,3082884735
GL866174.1,Chr6_supercontig_000001450,6,1587,256445352,3082886322
GL866175.1,Chr6_supercontig_000001451,6,1755,256447107,3082888077
GL866176.1,Chr6_supercontig_000001452,6,2359,256449466,3082890436
GL866177.1,Chr6_supercontig_000001453,6,2683,256452149,3082893119
GL866178.1,Chr6_supercontig_000001454,6,1636,256453785,3082894755
GL866179.1,Chr6_supercontig_000001455,6,1744,256455529,3082896499
GL866180.1,Chr6_supercontig_000001456,6,4416,256459945,3082900915
GL866181.1,Chr6_supercontig_000001457,6,1785,256461730,3082902700
GL866182.1,Chr6_supercontig_000001458,6,3472,256465202,3082906172
GL866183.1,Chr6_supercontig_000001459,6,3547,256468749,3082909719
GL866184.1,Chr6_supercontig_000001460,6,1917,256470666,3082911636
GL866185.1,Chr6_supercontig_000001461,6,3994,256474660,3082915630
GL866186.1,Chr6_supercontig_000001462,6,5101,256479761,3082920731
GL866187.1,Chr6_supercontig_000001463,6,2864,256482625,3082923595
GL866188.1,Chr6_supercontig_000001464,6,3798,256486423,3082927393
GL866189.1,Chr6_supercontig_000001465,6,2960,256489383,3082930353
GL866190.1,Chr6_supercontig_000001466,6,1751,256491134,3082932104
GL866191.1,Chr6_supercontig_000001467,6,2513,256493647,3082934617
GL866192.1,Chr6_supercontig_000001468,6,1516,256495163,3082936133
GL866193.1,Chr6_supercontig_000001469,6,4103,256499266,3082940236
GL866194.1,Chr6_supercontig_000001470,6,1554,256500820,3082941790
GL866195.1,Chr6_supercontig_000001471,6,1613,256502433,3082943403
GL866196.1,Chr6_supercontig_000001472,6,1821,256504254,3082945224
GL866197.1,Chr6_supercontig_000001473,6,2467,256506721,3082947691
GL866198.1,Chr6_supercontig_000001474,6,1773,256508494,3082949464
GL866199.1,Chr6_supercontig_000001475,6,2669,256511163,3082952133
GL866200.1,Chr6_supercontig_000001476,6,2351,256513514,3082954484
GL866201.1,Chr6_supercontig_000001477,6,1587,256515101,3082956071
GL866202.1,Chr6_supercontig_000001478,6,2501,256517602,3082958572
GL866203.1,Chr6_supercontig_000001479,6,4011,256521613,3082962583
GL866204.1,Chr6_supercontig_000001480,6,2004,256523617,3082964587
GL866205.1,Chr6_supercontig_000001481,6,1523,256525140,3082966110
GL866206.1,Chr6_supercontig_000001482,6,3460,256528600,3082969570
GL866207.1,Chr6_supercontig_000001483,6,6422,256535022,3082975992
GL866208.1,Chr6_supercontig_000001484,6,3583,256538605,3082979575
GL866209.1,Chr6_supercontig_000001485,6,13203,256551808,3082992778
GL866210.1,Chr6_supercontig_000001486,6,2034,256553842,3082994812
GL866211.1,Chr6_supercontig_000001487,6,4181,256558023,3082998993
GL866212.1,Chr6_supercontig_000001488,6,1768,256559791,3083000761
GL866213.1,Chr6_supercontig_000001489,6,2695,256562486,3083003456
GL866214.1,Chr6_supercontig_000001490,6,1872,256564358,3083005328
GL866215.1,Chr6_supercontig_000001491,6,1728,256566086,3083007056
GL866216.1,Chr6_supercontig_000001492,6,3269,256569355,3083010325
GL866217.1,Chr6_supercontig_000001493,6,2792,256572147,3083013117
GL866218.1,Chr6_supercontig_000001494,6,1579,256573726,3083014696
GL866219.1,Chr6_supercontig_000001495,6,2978,256576704,3083017674
GL866220.1,Chr6_supercontig_000001496,6,2539,256579243,3083020213
GL866221.1,Chr6_supercontig_000001497,6,1842,256581085,3083022055
GL866222.1,Chr6_supercontig_000001498,6,1755,256582840,3083023810
GL866223.1,Chr6_supercontig_000001499,6,1965,256584805,3083025775
GL866224.1,Chr6_supercontig_000001500,6,1634,256586439,3083027409
GL866225.1,Chr6_supercontig_000001501,6,2627,256589066,3083030036
GL866226.1,Chr6_supercontig_000001502,6,3110,256592176,3083033146
GL866227.1,Chr6_supercontig_000001503,6,6055,256598231,3083039201
GL866228.1,Chr6_supercontig_000001504,6,2511,256600742,3083041712
GL866229.1,Chr6_supercontig_000001505,6,2167,256602909,3083043879
GL866230.1,Chr6_supercontig_000001506,6,2097,256605006,3083045976
GL866231.1,Chr6_supercontig_000001507,6,2091,256607097,3083048067
GL866232.1,Chr6_supercontig_000001508,6,3879,256610976,3083051946
GL866233.1,Chr6_supercontig_000001509,6,1786,256612762,3083053732
GL866234.1,Chr6_supercontig_000001510,6,1832,256614594,3083055564
GL866235.1,Chr6_supercontig_000001511,6,1984,256616578,3083057548
GL866236.1,Chr6_supercontig_000001512,6,2282,256618860,3083059830
GL866237.1,Chr6_supercontig_000001513,6,1656,256620516,3083061486
GL866238.1,Chr6_supercontig_000001514,6,2395,256622911,3083063881
GL866239.1,Chr6_supercontig_000001515,6,1755,256624666,3083065636
GL866240.1,Chr6_supercontig_000001516,6,13926,256638592,3083079562
GL866241.1,Chr6_supercontig_000001517,6,13736,256652328,3083093298
GL866242.1,Chr6_supercontig_000001518,6,3612,256655940,3083096910
GL866243.1,Chr6_supercontig_000001519,6,21330,256677270,3083118240
GL866244.1,Chr6_supercontig_000001520,6,13272,256690542,3083131512
GL866245.1,Chr6_supercontig_000001521,6,4542,256695084,3083136054
GL866246.1,Chr6_supercontig_000001522,6,1865,256696949,3083137919
GL866247.1,Chr6_supercontig_000001523,6,1704,256698653,3083139623
GL866248.1,Chr6_supercontig_000001524,6,1526,256700179,3083141149
GL866249.1,Chr6_supercontig_000001525,6,1865,256702044,3083143014
GL866250.1,Chr6_supercontig_000001526,6,2553,256704597,3083145567
GL866251.1,Chr6_supercontig_000001527,6,1748,256706345,3083147315
GL866252.1,Chr6_supercontig_000001528,6,2090,256708435,3083149405
GL866253.1,Chr6_supercontig_000001529,6,8844,256717279,3083158249
GL866254.1,Chr6_supercontig_000001530,6,4420,256721699,3083162669
GL866255.1,Chr6_supercontig_000001531,6,1561,256723260,3083164230
GL866256.1,Chr6_supercontig_000001532,6,3394,256726654,3083167624
GL866257.1,Chr6_supercontig_000001533,6,1843,256728497,3083169467
GL866258.1,Chr6_supercontig_000001534,6,1631,256730128,3083171098
GL866259.1,Chr6_supercontig_000001535,6,3160,256733288,3083174258
GL866260.1,Chr6_supercontig_000001536,6,1799,256735087,3083176057
GL866261.1,Chr6_supercontig_000001537,6,2598,256737685,3083178655
GL866262.1,Chr6_supercontig_000001538,6,5719,256743404,3083184374
GL866263.1,Chr6_supercontig_000001539,6,2563,256745967,3083186937
GL866264.1,Chr6_supercontig_000001540,6,1941,256747908,3083188878
GL866265.1,Chr6_supercontig_000001541,6,2979,256750887,3083191857
GL866266.1,Chr6_supercontig_000001542,6,2227,256753114,3083194084
GL866267.1,Chr6_supercontig_000001543,6,2091,256755205,3083196175
GL866268.1,Chr6_supercontig_000001544,6,6296,256761501,3083202471
GL866269.1,Chr6_supercontig_000001545,6,1734,256763235,3083204205
GL866270.1,Chr6_supercontig_000001546,6,4830,256768065,3083209035
GL866271.1,Chr6_supercontig_000001547,6,4248,256772313,3083213283
GL866272.1,Chr6_supercontig_000001548,6,2772,256775085,3083216055
GL866273.1,Chr6_supercontig_000001549,6,2316,256777401,3083218371
GL866274.1,Chr6_supercontig_000001550,6,1586,256778987,3083219957
GL866275.1,Chr6_supercontig_000001551,6,2016,256781003,3083221973
GL866276.1,Chr6_supercontig_000001552,6,3945,256784948,3083225918
GL866277.1,Chr6_supercontig_000001553,6,1576,256786524,3083227494
GL866278.1,Chr6_supercontig_000001554,6,2960,256789484,3083230454
GL866279.1,Chr6_supercontig_000001555,6,1998,256791482,3083232452
GL866280.1,Chr6_supercontig_000001556,6,2510,256793992,3083234962
GL866281.1,Chr6_supercontig_000001557,6,4008,256798000,3083238970
GL866282.1,Chr6_supercontig_000001558,6,1981,256799981,3083240951
GL866283.1,Chr6_supercontig_000001559,6,1736,256801717,3083242687
GL866284.1,Chr6_supercontig_000001560,6,9808,256811525,3083252495
GL866285.1,Chr6_supercontig_000001561,6,1761,256813286,3083254256
GL866286.1,Chr6_supercontig_000001562,6,2136,256815422,3083256392
GL866287.1,Chr6_supercontig_000001563,6,2279,256817701,3083258671
GL866288.1,Chr6_supercontig_000001564,6,3564,256821265,3083262235
GL866289.1,Chr6_supercontig_000001565,6,1735,256823000,3083263970
GL866290.1,Chr6_supercontig_000001566,6,1529,256824529,3083265499
GL866291.1,Chr6_supercontig_000001567,6,1552,256826081,3083267051
GL866292.1,Chr6_supercontig_000001568,6,13491,256839572,3083280542
GL866293.1,Chr6_supercontig_000001569,6,1514,256841086,3083282056
GL866294.1,Chr6_supercontig_000001570,6,4369,256845455,3083286425
GL866295.1,Chr6_supercontig_000001571,6,3363,256848818,3083289788
GL866296.1,Chr6_supercontig_000001572,6,2249,256851067,3083292037
GL866297.1,Chr6_supercontig_000001573,6,1527,256852594,3083293564
GL866298.1,Chr6_supercontig_000001574,6,1622,256854216,3083295186
GL866299.1,Chr6_supercontig_000001575,6,1579,256855795,3083296765
GL866300.1,Chr6_supercontig_000001576,6,6410,256862205,3083303175
GL866301.1,Chr6_supercontig_000001577,6,1722,256863927,3083304897
GL866302.1,Chr6_supercontig_000001578,6,2473,256866400,3083307370
GL866303.1,Chr6_supercontig_000001579,6,1971,256868371,3083309341
GL866304.1,Chr6_supercontig_000001580,6,1720,256870091,3083311061
GL866305.1,Chr6_supercontig_000001581,6,2788,256872879,3083313849
GL866306.1,Chr6_supercontig_000001582,6,3606,256876485,3083317455
GL866307.1,Chr6_supercontig_000001583,6,1505,256877990,3083318960
GL866308.1,Chr6_supercontig_000001584,6,1915,256879905,3083320875
GL866309.1,Chr6_supercontig_000001585,6,2422,256882327,3083323297
GL866310.1,Chr6_supercontig_000001586,6,1549,256883876,3083324846
GL866311.1,Chr6_supercontig_000001587,6,4331,256888207,3083329177
GL866312.1,Chr6_supercontig_000001588,6,1750,256889957,3083330927
GL866313.1,Chr6_supercontig_000001589,6,32617,256922574,3083363544
GL866314.1,Chr6_supercontig_000001590,6,2583,256925157,3083366127
GL866315.1,Chr6_supercontig_000001591,6,5543,256930700,3083371670
GL866316.1,Chr6_supercontig_000001592,6,2246,256932946,3083373916
GL866317.1,Chr6_supercontig_000001593,6,1780,256934726,3083375696
GL866318.1,Chr6_supercontig_000001594,6,2175,256936901,3083377871
GL866319.1,Chr6_supercontig_000001595,6,1578,256938479,3083379449
GL866320.1,Chr6_supercontig_000001596,6,1697,256940176,3083381146
GL866321.1,Chr6_supercontig_000001597,6,2873,256943049,3083384019
GL866322.1,Chr6_supercontig_000001598,6,1981,256945030,3083386000
GL866323.1,Chr6_supercontig_000001599,6,5729,256950759,3083391729
GL866324.1,Chr6_supercontig_000001600,6,2511,256953270,3083394240
GL866325.1,Chr6_supercontig_000001601,6,1651,256954921,3083395891
GL866326.1,Chr6_supercontig_000001602,6,7407,256962328,3083403298
GL866327.1,Chr6_supercontig_000001603,6,3101,256965429,3083406399
GL866328.1,Chr6_supercontig_000001604,6,12841,256978270,3083419240
GL866329.1,Chr6_supercontig_000001605,6,3017,256981287,3083422257
GL866330.1,Chr6_supercontig_000001606,6,1983,256983270,3083424240
GL866331.1,Chr6_supercontig_000001607,6,8938,256992208,3083433178
GL866332.1,Chr6_supercontig_000001608,6,6842,256999050,3083440020
GL866333.1,Chr6_supercontig_000001609,6,1851,257000901,3083441871
GL866334.1,Chr6_supercontig_000001610,6,2345,257003246,3083444216
GL866335.1,Chr6_supercontig_000001611,6,4092,257007338,3083448308
GL866336.1,Chr6_supercontig_000001612,6,1572,257008910,3083449880
GL866337.1,Chr6_supercontig_000001613,6,4297,257013207,3083454177
GL866338.1,Chr6_supercontig_000001614,6,1599,257014806,3083455776
GL866339.1,Chr6_supercontig_000001615,6,1823,257016629,3083457599
GL866340.1,Chr6_supercontig_000001616,6,2512,257019141,3083460111
GL866341.1,Chr6_supercontig_000001617,6,3350,257022491,3083463461
GL866342.1,Chr6_supercontig_000001618,6,1790,257024281,3083465251
GL866343.1,Chr6_supercontig_000001619,6,2276,257026557,3083467527
GL866344.1,Chr6_supercontig_000001620,6,3194,257029751,3083470721
GL866345.1,Chr6_supercontig_000001621,6,1508,257031259,3083472229
GL866346.1,Chr6_supercontig_000001622,6,2496,257033755,3083474725
GL866347.1,Chr6_supercontig_000001623,6,2831,257036586,3083477556
GL866348.1,Chr6_supercontig_000001624,6,1750,257038336,3083479306
GL866349.1,Chr6_supercontig_000001625,6,1937,257040273,3083481243
GL866350.1,Chr6_supercontig_000001626,6,3441,257043714,3083484684
GL866351.1,Chr6_supercontig_000001627,6,2657,257046371,3083487341
GL866352.1,Chr6_supercontig_000001628,6,2233,257048604,3083489574
GL866353.1,Chr6_supercontig_000001629,6,1700,257050304,3083491274
GL866354.1,Chr6_supercontig_000001630,6,2230,257052534,3083493504
GL866355.1,Chr6_supercontig_000001631,6,1638,257054172,3083495142
GL866356.1,Chr6_supercontig_000001632,6,1907,257056079,3083497049
GL866357.1,Chr6_supercontig_000001633,6,4882,257060961,3083501931
GL866358.1,Chr6_supercontig_000001634,6,2663,257063624,3083504594
GL866359.1,Chr6_supercontig_000001635,6,2376,257066000,3083506970
GL866360.1,Chr6_supercontig_000001636,6,3248,257069248,3083510218
GL866361.1,Chr6_supercontig_000001637,6,2339,257071587,3083512557
GL866362.1,Chr6_supercontig_000001638,6,6112,257077699,3083518669
GL866363.1,Chr6_supercontig_000001639,6,2112,257079811,3083520781
GL866364.1,Chr6_supercontig_000001640,6,1528,257081339,3083522309
GL866365.1,Chr6_supercontig_000001641,6,2867,257084206,3083525176
GL866366.1,Chr6_supercontig_000001642,6,4036,257088242,3083529212
GL866367.1,Chr6_supercontig_000001643,6,2073,257090315,3083531285
GL866368.1,Chr6_supercontig_000001644,6,5967,257096282,3083537252
GL866369.1,Chr6_supercontig_000001645,6,4091,257100373,3083541343
GL866370.1,Chr6_supercontig_000001646,6,1962,257102335,3083543305
GL866371.1,Chr6_supercontig_000001647,6,1594,257103929,3083544899
GL866372.1,Chr6_supercontig_000001648,6,3458,257107387,3083548357
GL866373.1,Chr6_supercontig_000001649,6,2042,257109429,3083550399
GL866374.1,Chr6_supercontig_000001650,6,1733,257111162,3083552132
GL866375.1,Chr6_supercontig_000001651,6,1782,257112944,3083553914
GL866376.1,Chr6_supercontig_000001652,6,2477,257115421,3083556391
GL866377.1,Chr6_supercontig_000001653,6,1545,257116966,3083557936
GL866378.1,Chr6_supercontig_000001654,6,1781,257118747,3083559717
GL866379.1,Chr6_supercontig_000001655,6,16919,257135666,3083576636
GL866380.1,Chr6_supercontig_000001656,6,3446,257139112,3083580082
GL866381.1,Chr6_supercontig_000001657,6,2054,257141166,3083582136
GL866382.1,Chr6_supercontig_000001658,6,1770,257142936,3083583906
GL866383.1,Chr6_supercontig_000001659,6,2271,257145207,3083586177
GL866384.1,Chr6_supercontig_000001660,6,2142,257147349,3083588319
GL866385.1,Chr6_supercontig_000001661,6,5100,257152449,3083593419
GL866386.1,Chr6_supercontig_000001662,6,3398,257155847,3083596817
GL866387.1,Chr6_supercontig_000001663,6,2799,257158646,3083599616
GL866388.1,Chr6_supercontig_000001664,6,3630,257162276,3083603246
GL866389.1,Chr6_supercontig_000001665,6,3785,257166061,3083607031
GL866390.1,Chr6_supercontig_000001666,6,3774,257169835,3083610805
GL866391.1,Chr6_supercontig_000001667,6,19656,257189491,3083630461
GL866392.1,Chr6_supercontig_000001668,6,5369,257194860,3083635830
GL866393.1,Chr6_supercontig_000001669,6,18520,257213380,3083654350
GL866394.1,Chr6_supercontig_000001670,6,1509,257214889,3083655859
GL866395.1,Chr6_supercontig_000001671,6,1574,257216463,3083657433
GL866396.1,Chr6_supercontig_000001672,6,2748,257219211,3083660181
GL866397.1,Chr6_supercontig_000001673,6,1698,257220909,3083661879
GL866398.1,Chr6_supercontig_000001674,6,1514,257222423,3083663393
GL866399.1,Chr6_supercontig_000001675,6,2895,257225318,3083666288
GL866400.1,Chr6_supercontig_000001676,6,1554,257226872,3083667842
GL866401.1,Chr6_supercontig_000001677,6,3778,257230650,3083671620
GL866402.1,Chr6_supercontig_000001678,6,1837,257232487,3083673457
GL866403.1,Chr6_supercontig_000001679,6,1777,257234264,3083675234
GL866404.1,Chr6_supercontig_000001680,6,1738,257236002,3083676972
GL866405.1,Chr6_supercontig_000001681,6,1813,257237815,3083678785
GL866406.1,Chr6_supercontig_000001682,6,2854,257240669,3083681639
GL866407.1,Chr6_supercontig_000001683,6,2122,257242791,3083683761
GL866408.1,Chr6_supercontig_000001684,6,2737,257245528,3083686498
GL866409.1,Chr6_supercontig_000001685,6,1753,257247281,3083688251
GL866410.1,Chr6_supercontig_000001686,6,1643,257248924,3083689894
GL866411.1,Chr6_supercontig_000001687,6,1750,257250674,3083691644
GL866412.1,Chr6_supercontig_000001688,6,2093,257252767,3083693737
GL866413.1,Chr6_supercontig_000001689,6,2741,257255508,3083696478
GL866414.1,Chr6_supercontig_000001690,6,1737,257257245,3083698215
GL866415.1,Chr6_supercontig_000001691,6,1815,257259060,3083700030
GL866416.1,Chr6_supercontig_000001692,6,3792,257262852,3083703822
GL866417.1,Chr6_supercontig_000001693,6,3699,257266551,3083707521
GL866418.1,Chr6_supercontig_000001694,6,1624,257268175,3083709145
GL866419.1,Chr6_supercontig_000001695,6,1717,257269892,3083710862
GL866420.1,Chr6_supercontig_000001696,6,1951,257271843,3083712813
GL866421.1,Chr6_supercontig_000001697,6,2289,257274132,3083715102
GL866422.1,Chr6_supercontig_000001698,6,33569,257307701,3083748671
GL866423.1,Chr6_supercontig_000001699,6,2015,257309716,3083750686
GL866424.1,Chr6_supercontig_000001700,6,2563,257312279,3083753249
GL866425.1,Chr6_supercontig_000001701,6,1517,257313796,3083754766
GL866426.1,Chr6_supercontig_000001702,6,5814,257319610,3083760580
GL866427.1,Chr6_supercontig_000001703,6,3798,257323408,3083764378
GL866428.1,Chr6_supercontig_000001704,6,1668,257325076,3083766046
GL866429.1,Chr6_supercontig_000001705,6,1923,257326999,3083767969
GL866430.1,Chr6_supercontig_000001706,6,2386,257329385,3083770355
GL866431.1,Chr6_supercontig_000001707,6,1889,257331274,3083772244
GL866432.1,Chr6_supercontig_000001708,6,2254,257333528,3083774498
GL866433.1,Chr6_supercontig_000001709,6,4015,257337543,3083778513
GL866434.1,Chr6_supercontig_000001710,6,4144,257341687,3083782657
GL866435.1,Chr6_supercontig_000001711,6,9726,257351413,3083792383
GL866436.1,Chr6_supercontig_000001712,6,5161,257356574,3083797544
GL866437.1,Chr6_supercontig_000001713,6,2327,257358901,3083799871
GL866438.1,Chr6_supercontig_000001714,6,1861,257360762,3083801732
GL866439.1,Chr6_supercontig_000001715,6,2330,257363092,3083804062
GL866440.1,Chr6_supercontig_000001716,6,2006,257365098,3083806068
GL866441.1,Chr6_supercontig_000001717,6,3750,257368848,3083809818
GL866442.1,Chr6_supercontig_000001718,6,1911,257370759,3083811729
GL866443.1,Chr6_supercontig_000001719,6,1604,257372363,3083813333
GL866444.1,Chr6_supercontig_000001720,6,7992,257380355,3083821325
GL866445.1,Chr6_supercontig_000001721,6,2025,257382380,3083823350
GL866446.1,Chr6_supercontig_000001722,6,1667,257384047,3083825017
GL866447.1,Chr6_supercontig_000001723,6,6400,257390447,3083831417
GL866448.1,Chr6_supercontig_000001724,6,4145,257394592,3083835562
GL866449.1,Chr6_supercontig_000001725,6,3784,257398376,3083839346
GL866450.1,Chr6_supercontig_000001726,6,3016,257401392,3083842362
GL866451.1,Chr6_supercontig_000001727,6,2262,257403654,3083844624
GL866452.1,Chr6_supercontig_000001728,6,1605,257405259,3083846229
GL866453.1,Chr6_supercontig_000001729,6,2189,257407448,3083848418
GL866454.1,Chr6_supercontig_000001730,6,1860,257409308,3083850278
GL866455.1,Chr6_supercontig_000001731,6,2635,257411943,3083852913
GL866456.1,Chr6_supercontig_000001732,6,1977,257413920,3083854890
GL866457.1,Chr6_supercontig_000001733,6,3035,257416955,3083857925
GL866458.1,Chr6_supercontig_000001734,6,2513,257419468,3083860438
GL866459.1,Chr6_supercontig_000001735,6,1639,257421107,3083862077
GL866460.1,Chr6_supercontig_000001736,6,2185,257423292,3083864262
GL866461.1,Chr6_supercontig_000001737,6,2004,257425296,3083866266
GL866462.1,Chr6_supercontig_000001738,6,7260,257432556,3083873526
GL866463.1,Chr6_supercontig_000001739,6,2526,257435082,3083876052
GL866464.1,Chr6_supercontig_000001740,6,4160,257439242,3083880212
GL866465.1,Chr6_supercontig_000001741,6,3870,257443112,3083884082
GL866466.1,Chr6_supercontig_000001742,6,2574,257445686,3083886656
GL866467.1,Chr6_supercontig_000001743,6,4592,257450278,3083891248
GL866468.1,Chr6_supercontig_000001744,6,3186,257453464,3083894434
GL866469.1,Chr6_supercontig_000001745,6,2213,257455677,3083896647
GL866470.1,Chr6_supercontig_000001746,6,2366,257458043,3083899013
GL866471.1,Chr6_supercontig_000001747,6,2156,257460199,3083901169
GL866472.1,Chr6_supercontig_000001748,6,2859,257463058,3083904028
GL866473.1,Chr6_supercontig_000001749,6,1660,257464718,3083905688
GL866474.1,Chr6_supercontig_000001750,6,1783,257466501,3083907471
GL866475.1,Chr6_supercontig_000001751,6,2358,257468859,3083909829
GL866476.1,Chr6_supercontig_000001752,6,3330,257472189,3083913159
GL866477.1,Chr6_supercontig_000001753,6,1881,257474070,3083915040
GL866478.1,Chr6_supercontig_000001754,6,2590,257476660,3083917630
GL866479.1,Chr6_supercontig_000001755,6,4861,257481521,3083922491
GL866480.1,Chr6_supercontig_000001756,6,16851,257498372,3083939342
GL866481.1,Chr6_supercontig_000001757,6,1762,257500134,3083941104
GL866482.1,Chr6_supercontig_000001758,6,4883,257505017,3083945987
GL866483.1,Chr6_supercontig_000001759,6,6577,257511594,3083952564
GL866484.1,Chr6_supercontig_000001760,6,1790,257513384,3083954354
GL866485.1,Chr6_supercontig_000001761,6,2288,257515672,3083956642
GL866486.1,Chr6_supercontig_000001762,6,2933,257518605,3083959575
GL866487.1,Chr6_supercontig_000001763,6,2584,257521189,3083962159
GL866488.1,Chr6_supercontig_000001764,6,3682,257524871,3083965841
GL866489.1,Chr6_supercontig_000001765,6,2166,257527037,3083968007
GL866490.1,Chr6_supercontig_000001766,6,1697,257528734,3083969704
GL866491.1,Chr6_supercontig_000001767,6,2834,257531568,3083972538
GL866492.1,Chr6_supercontig_000001768,6,1664,257533232,3083974202
GL866493.1,Chr6_supercontig_000001769,6,3100,257536332,3083977302
GL866494.1,Chr6_supercontig_000001770,6,2440,257538772,3083979742
GL866495.1,Chr6_supercontig_000001771,6,2410,257541182,3083982152
GL866496.1,Chr6_supercontig_000001772,6,1588,257542770,3083983740
GL866497.1,Chr6_supercontig_000001773,6,2068,257544838,3083985808
GL866498.1,Chr6_supercontig_000001774,6,3779,257548617,3083989587
GL866499.1,Chr6_supercontig_000001775,6,1829,257550446,3083991416
GL866500.1,Chr6_supercontig_000001776,6,1521,257551967,3083992937
GL866501.1,Chr6_supercontig_000001777,6,2191,257554158,3083995128
GL866502.1,Chr6_supercontig_000001778,6,5292,257559450,3084000420
GL866503.1,Chr6_supercontig_000001779,6,4420,257563870,3084004840
GL866504.1,Chr6_supercontig_000001780,6,2086,257565956,3084006926
GL866505.1,Chr6_supercontig_000001781,6,1672,257567628,3084008598
GL866506.1,Chr6_supercontig_000001782,6,2993,257570621,3084011591
GL866507.1,Chr6_supercontig_000001783,6,2733,257573354,3084014324
GL866508.1,Chr6_supercontig_000001784,6,1688,257575042,3084016012
GL866509.1,Chr6_supercontig_000001785,6,3449,257578491,3084019461
GL866510.1,Chr6_supercontig_000001786,6,1967,257580458,3084021428
GL866511.1,Chr6_supercontig_000001787,6,2801,257583259,3084024229
GL866512.1,Chr6_supercontig_000001788,6,13355,257596614,3084037584
GL866513.1,Chr6_supercontig_000001789,6,5064,257601678,3084042648
GL866514.1,Chr6_supercontig_000001790,6,1572,257603250,3084044220
GL866515.1,Chr6_supercontig_000001791,6,2710,257605960,3084046930
GL866516.1,Chr6_supercontig_000001792,6,3942,257609902,3084050872
GL866517.1,Chr6_supercontig_000001793,6,1849,257611751,3084052721
GL866518.1,Chr6_supercontig_000001794,6,4259,257616010,3084056980
GL866519.1,Chr6_supercontig_000001795,6,1971,257617981,3084058951
GL866520.1,Chr6_supercontig_000001796,6,2274,257620255,3084061225
GL866521.1,Chr6_supercontig_000001797,6,3295,257623550,3084064520
GL866522.1,Chr6_supercontig_000001798,6,1690,257625240,3084066210
GL866523.1,Chr6_supercontig_000001799,6,1667,257626907,3084067877
GL866524.1,Chr6_supercontig_000001800,6,3515,257630422,3084071392
GL866525.1,Chr6_supercontig_000001801,6,1667,257632089,3084073059
GL866526.1,Chr6_supercontig_000001802,6,2157,257634246,3084075216
GL866527.1,Chr6_supercontig_000001803,6,1941,257636187,3084077157
GL866528.1,Chr6_supercontig_000001804,6,1954,257638141,3084079111
GL866529.1,Chr6_supercontig_000001805,6,5151,257643292,3084084262
GL866530.1,Chr6_supercontig_000001806,6,3360,257646652,3084087622
GL866531.1,Chr6_supercontig_000001807,6,1700,257648352,3084089322
GL866532.1,Chr6_supercontig_000001808,6,6412,257654764,3084095734
GL866533.1,Chr6_supercontig_000001809,6,2787,257657551,3084098521
GL866534.1,Chr6_supercontig_000001810,6,4465,257662016,3084102986
GL866535.1,Chr6_supercontig_000001811,6,3567,257665583,3084106553
GL866536.1,Chr6_supercontig_000001812,6,2364,257667947,3084108917
GL866537.1,Chr6_supercontig_000001813,6,1579,257669526,3084110496
GL866538.1,Chr6_supercontig_000001814,6,1671,257671197,3084112167
GL866539.1,Chr6_supercontig_000001815,6,1585,257672782,3084113752
GL866540.1,Chr6_supercontig_000001816,6,5513,257678295,3084119265
GL866541.1,Chr6_supercontig_000001817,6,1670,257679965,3084120935
GL866542.1,Chr6_supercontig_000001818,6,1528,257681493,3084122463
GL866543.1,Chr6_supercontig_000001819,6,4511,257686004,3084126974
GL866544.1,Chr6_supercontig_000001820,6,4498,257690502,3084131472
GL866545.1,Chr6_supercontig_000001821,6,1916,257692418,3084133388
GL866546.1,Chr6_supercontig_000001822,6,2976,257695394,3084136364
GL866547.1,Chr6_supercontig_000001823,6,4422,257699816,3084140786
GL866548.1,Chr6_supercontig_000001824,6,1728,257701544,3084142514
GL866549.1,Chr6_supercontig_000001825,6,1928,257703472,3084144442
GL866550.1,Chr6_supercontig_000001826,6,4362,257707834,3084148804
GL866551.1,Chr6_supercontig_000001827,6,1615,257709449,3084150419
GL866552.1,Chr6_supercontig_000001828,6,2164,257711613,3084152583
GL866553.1,Chr6_supercontig_000001829,6,2086,257713699,3084154669
GL866554.1,Chr6_supercontig_000001830,6,2579,257716278,3084157248
GL866555.1,Chr6_supercontig_000001831,6,5133,257721411,3084162381
GL866556.1,Chr6_supercontig_000001832,6,6728,257728139,3084169109
GL866557.1,Chr6_supercontig_000001833,6,1785,257729924,3084170894
GL866558.1,Chr6_supercontig_000001834,6,2631,257732555,3084173525
GL866559.1,Chr6_supercontig_000001835,6,1525,257734080,3084175050
GL866560.1,Chr6_supercontig_000001836,6,3341,257737421,3084178391
GL866561.1,Chr6_supercontig_000001837,6,1819,257739240,3084180210
GL866562.1,Chr6_supercontig_000001838,6,2682,257741922,3084182892
GL866563.1,Chr6_supercontig_000001839,6,1650,257743572,3084184542
GL866564.1,Chr6_supercontig_000001840,6,2014,257745586,3084186556
GL866565.1,Chr6_supercontig_000001841,6,1530,257747116,3084188086
GL866566.1,Chr6_supercontig_000001842,6,4749,257751865,3084192835
GL866567.1,Chr6_supercontig_000001843,6,1934,257753799,3084194769
GL866568.1,Chr6_supercontig_000001844,6,2292,257756091,3084197061
GL866569.1,Chr6_supercontig_000001845,6,3424,257759515,3084200485
GL866570.1,Chr6_supercontig_000001846,6,2006,257761521,3084202491
GL866571.1,Chr6_supercontig_000001847,6,5067,257766588,3084207558
GL866572.1,Chr6_supercontig_000001848,6,1605,257768193,3084209163
GL866573.1,Chr6_supercontig_000001849,6,2164,257770357,3084211327
GL866574.1,Chr6_supercontig_000001850,6,2087,257772444,3084213414
GL866575.1,Chr6_supercontig_000001851,6,1565,257774009,3084214979
GL866576.1,Chr6_supercontig_000001852,6,2316,257776325,3084217295
GL866577.1,Chr6_supercontig_000001853,6,2420,257778745,3084219715
GL866578.1,Chr6_supercontig_000001854,6,12312,257791057,3084232027
GL866579.1,Chr6_supercontig_000001855,6,2348,257793405,3084234375
GL866580.1,Chr6_supercontig_000001856,6,1768,257795173,3084236143
GL866581.1,Chr6_supercontig_000001857,6,3573,257798746,3084239716
GL866582.1,Chr6_supercontig_000001858,6,2764,257801510,3084242480
GL866583.1,Chr6_supercontig_000001859,6,2286,257803796,3084244766
GL866584.1,Chr6_supercontig_000001860,6,1697,257805493,3084246463
GL866585.1,Chr6_supercontig_000001861,6,1537,257807030,3084248000
GL866586.1,Chr6_supercontig_000001862,6,1956,257808986,3084249956
GL866587.1,Chr6_supercontig_000001863,6,2137,257811123,3084252093
GL866588.1,Chr6_supercontig_000001864,6,4843,257815966,3084256936
GL866589.1,Chr6_supercontig_000001865,6,2449,257818415,3084259385
GL866590.1,Chr6_supercontig_000001866,6,3568,257821983,3084262953
GL866591.1,Chr6_supercontig_000001867,6,2076,257824059,3084265029
GL866592.1,Chr6_supercontig_000001868,6,1853,257825912,3084266882
GL866593.1,Chr6_supercontig_000001869,6,1666,257827578,3084268548
GL866594.1,Chr6_supercontig_000001870,6,3000,257830578,3084271548
GL866595.1,Chr6_supercontig_000001871,6,1826,257832404,3084273374
GL866596.1,Chr6_supercontig_000001872,6,5000,257837404,3084278374
GL866597.1,Chr6_supercontig_000001873,6,1783,257839187,3084280157
GL866598.1,Chr6_supercontig_000001874,6,3376,257842563,3084283533
GL866599.1,Chr6_supercontig_000001875,6,2332,257844895,3084285865
GL866600.1,Chr6_supercontig_000001876,6,1736,257846631,3084287601
GL866601.1,Chr6_supercontig_000001877,6,1940,257848571,3084289541
GL866602.1,Chr6_supercontig_000001878,6,2004,257850575,3084291545
GL866603.1,Chr6_supercontig_000001879,6,3640,257854215,3084295185
GL866604.1,Chr6_supercontig_000001880,6,2341,257856556,3084297526
GL866605.1,Chr6_supercontig_000001881,6,3930,257860486,3084301456
GL866606.1,Chr6_supercontig_000001882,6,2426,257862912,3084303882
GL866607.1,Chr6_supercontig_000001883,6,2660,257865572,3084306542
GL866608.1,Chr6_supercontig_000001884,6,1547,257867119,3084308089
GL866609.1,Chr6_supercontig_000001885,6,1876,257868995,3084309965
GL866610.1,Chr6_supercontig_000001886,6,3489,257872484,3084313454
GL866611.1,Chr6_supercontig_000001887,6,3010,257875494,3084316464
GL866612.1,Chr6_supercontig_000001888,6,1543,257877037,3084318007
GL866613.1,Chr6_supercontig_000001889,6,1654,257878691,3084319661
GL866614.1,Chr6_supercontig_000001890,6,6514,257885205,3084326175
GL866615.1,Chr6_supercontig_000001891,6,1778,257886983,3084327953
GL866616.1,Chr6_supercontig_000001892,6,1533,257888516,3084329486
GL866617.1,Chr6_supercontig_000001893,6,1976,257890492,3084331462
GL866618.1,Chr6_supercontig_000001894,6,2178,257892670,3084333640
GL866619.1,Chr6_supercontig_000001895,6,2046,257894716,3084335686
GL866620.1,Chr6_supercontig_000001896,6,14728,257909444,3084350414
GL866621.1,Chr6_supercontig_000001897,6,4338,257913782,3084354752
GL866622.1,Chr6_supercontig_000001898,6,1751,257915533,3084356503
GL866623.1,Chr6_supercontig_000001899,6,2041,257917574,3084358544
GL866624.1,Chr6_supercontig_000001900,6,3116,257920690,3084361660
GL866625.1,Chr6_supercontig_000001901,6,3066,257923756,3084364726
GL866626.1,Chr6_supercontig_000001902,6,1793,257925549,3084366519
GL866627.1,Chr6_supercontig_000001903,6,2484,257928033,3084369003
GL866628.1,Chr6_supercontig_000001904,6,2553,257930586,3084371556
GL866629.1,Chr6_supercontig_000001905,6,2315,257932901,3084373871
GL866630.1,Chr6_supercontig_000001906,6,3152,257936053,3084377023
GL866631.1,Chr6_supercontig_000001907,6,5358,257941411,3084382381
GL866632.1,Chr6_supercontig_000001908,6,2459,257943870,3084384840
GL866633.1,Chr6_supercontig_000001909,6,2890,257946760,3084387730
GL866634.1,Chr6_supercontig_000001910,6,2361,257949121,3084390091
GL866635.1,Chr6_supercontig_000001911,6,3442,257952563,3084393533
GL866636.1,Chr6_supercontig_000001912,6,5221,257957784,3084398754
GL866637.1,Chr6_supercontig_000001913,6,1922,257959706,3084400676
GL866638.1,Chr6_supercontig_000001914,6,2741,257962447,3084403417
GL866639.1,Chr6_supercontig_000001915,6,1718,257964165,3084405135
GL866640.1,Chr6_supercontig_000001916,6,4308,257968473,3084409443
GL866641.1,Chr6_supercontig_000001917,6,1952,257970425,3084411395
GL866642.1,Chr6_supercontig_000001918,6,17605,257988030,3084429000
GL866643.1,Chr6_supercontig_000001919,6,2604,257990634,3084431604
GL866644.1,Chr6_supercontig_000001920,6,2290,257992924,3084433894
GL866645.1,Chr6_supercontig_000001921,6,2018,257994942,3084435912
GL866646.1,Chr6_supercontig_000001922,6,6280,258001222,3084442192
GL866647.1,Chr6_supercontig_000001923,6,1675,258002897,3084443867
GL866648.1,Chr6_supercontig_000001924,6,1503,258004400,3084445370
GL866649.1,Chr6_supercontig_000001925,6,4541,258008941,3084449911
GL866650.1,Chr6_supercontig_000001926,6,1992,258010933,3084451903
GL866651.1,Chr6_supercontig_000001927,6,1685,258012618,3084453588
GL866652.1,Chr6_supercontig_000001928,6,1905,258014523,3084455493
GL866653.1,Chr6_supercontig_000001929,6,1721,258016244,3084457214
GL866654.1,Chr6_supercontig_000001930,6,6052,258022296,3084463266
GL866655.1,Chr6_supercontig_000001931,6,2307,258024603,3084465573
GL866656.1,Chr6_supercontig_000001932,6,2012,258026615,3084467585
GL866657.1,Chr6_supercontig_000001933,6,3293,258029908,3084470878
GL866658.1,Chr6_supercontig_000001934,6,3903,258033811,3084474781
GL866659.1,Chr6_supercontig_000001935,6,1698,258035509,3084476479
GL866660.1,Chr6_supercontig_000001936,6,1550,258037059,3084478029
GL866661.1,Chr6_supercontig_000001937,6,1697,258038756,3084479726
GL866662.1,Chr6_supercontig_000001938,6,1936,258040692,3084481662
GL866663.1,Chr6_supercontig_000001939,6,6249,258046941,3084487911
GL866664.1,Chr6_supercontig_000001940,6,6670,258053611,3084494581
GL866665.1,Chr6_supercontig_000001941,6,1942,258055553,3084496523
GL866666.1,Chr6_supercontig_000001942,6,5672,258061225,3084502195
GL866667.1,Chr6_supercontig_000001943,6,1560,258062785,3084503755
GL866668.1,Chr6_supercontig_000001944,6,5291,258068076,3084509046
GL866669.1,Chr6_supercontig_000001945,6,1738,258069814,3084510784
GL866670.1,Chr6_supercontig_000001946,6,1839,258071653,3084512623
GL866671.1,Chr6_supercontig_000001947,6,1514,258073167,3084514137
GL866672.1,Chr6_supercontig_000001948,6,1637,258074804,3084515774
GL866673.1,Chr6_supercontig_000001949,6,2602,258077406,3084518376
GL866674.1,Chr6_supercontig_000001950,6,5016,258082422,3084523392
GL866675.1,Chr6_supercontig_000001951,6,6418,258088840,3084529810
GL866676.1,Chr6_supercontig_000001952,6,1606,258090446,3084531416
GL866677.1,Chr6_supercontig_000001953,6,1648,258092094,3084533064
GL866678.1,Chr6_supercontig_000001954,6,1993,258094087,3084535057
GL866679.1,Chr6_supercontig_000001955,6,2053,258096140,3084537110
GL866680.1,Chr6_supercontig_000001956,6,1934,258098074,3084539044
GL866681.1,Chr6_supercontig_000001957,6,3153,258101227,3084542197
GL866682.1,Chr6_supercontig_000001958,6,5731,258106958,3084547928
GL866683.1,Chr6_supercontig_000001959,6,7530,258114488,3084555458
GL866684.1,Chr6_supercontig_000001960,6,2229,258116717,3084557687
GL866685.1,Chr6_supercontig_000001961,6,1708,258118425,3084559395
GL866686.1,Chr6_supercontig_000001962,6,3437,258121862,3084562832
GL866687.1,Chr6_supercontig_000001963,6,4668,258126530,3084567500
GL866688.1,Chr6_supercontig_000001964,6,1606,258128136,3084569106
GL866689.1,Chr6_supercontig_000001965,6,3680,258131816,3084572786
GL866690.1,Chr6_supercontig_000001966,6,2166,258133982,3084574952
GL866691.1,Chr6_supercontig_000001967,6,7079,258141061,3084582031
GL866692.1,Chr6_supercontig_000001968,6,3604,258144665,3084585635
GL866693.1,Chr6_supercontig_000001969,6,1573,258146238,3084587208
GL866694.1,Chr6_supercontig_000001970,6,1684,258147922,3084588892
GL866695.1,Chr6_supercontig_000001971,6,2406,258150328,3084591298
GL866696.1,Chr6_supercontig_000001972,6,6681,258157009,3084597979
GL866697.1,Chr6_supercontig_000001973,6,5878,258162887,3084603857
GL866698.1,Chr6_supercontig_000001974,6,4134,258167021,3084607991
GL866699.1,Chr6_supercontig_000001975,6,5418,258172439,3084613409
GL866700.1,Chr6_supercontig_000001976,6,4256,258176695,3084617665
GL866701.1,Chr6_supercontig_000001977,6,1609,258178304,3084619274
GL866702.1,Chr6_supercontig_000001978,6,16342,258194646,3084635616
GL866703.1,Chr6_supercontig_000001979,6,4217,258198863,3084639833
GL866704.1,Chr6_supercontig_000001980,6,5183,258204046,3084645016
GL866705.1,Chr6_supercontig_000001981,6,2054,258206100,3084647070
GL866706.1,Chr6_supercontig_000001982,6,6621,258212721,3084653691
GL866707.1,Chr6_supercontig_000001983,6,9992,258222713,3084663683
GL866708.1,Chr6_supercontig_000001984,6,3380,258226093,3084667063
GL866709.1,Chr6_supercontig_000001985,6,3051,258229144,3084670114
GL866710.1,Chr6_supercontig_000001986,6,1649,258230793,3084671763
GL866711.1,Chr6_supercontig_000001987,6,7607,258238400,3084679370
GL866712.1,Chr6_supercontig_000001988,6,1724,258240124,3084681094
GL866713.1,Chr6_supercontig_000001989,6,2007,258242131,3084683101
GL866714.1,Chr6_supercontig_000001990,6,1911,258244042,3084685012
GL866715.1,Chr6_supercontig_000001991,6,3652,258247694,3084688664
GL866716.1,Chr6_supercontig_000001992,6,2683,258250377,3084691347
GL866717.1,Chr6_supercontig_000001993,6,6950,258257327,3084698297
GL866718.1,Chr6_supercontig_000001994,6,3400,258260727,3084701697
GL866719.1,Chr6_supercontig_000001995,6,6182,258266909,3084707879
GL866720.1,Chr6_supercontig_000001996,6,1599,258268508,3084709478
GL866721.1,Chr6_supercontig_000001997,6,1673,258270181,3084711151
GL866722.1,Chr6_supercontig_000001998,6,1528,258271709,3084712679
GL866723.1,Chr6_supercontig_000001999,6,1865,258273574,3084714544
GL866724.1,Chr6_supercontig_000002000,6,3686,258277260,3084718230
GL866725.1,Chr6_supercontig_000002001,6,1817,258279077,3084720047
GL866726.1,Chr6_supercontig_000002002,6,1842,258280919,3084721889
GL866727.1,Chr6_supercontig_000002003,6,5110,258286029,3084726999
GL866728.1,Chr6_supercontig_000002004,6,1789,258287818,3084728788
GL866729.1,Chr6_supercontig_000002005,6,1965,258289783,3084730753
GL866730.1,Chr6_supercontig_000002006,6,5479,258295262,3084736232
GL866731.1,Chr6_supercontig_000002007,6,2174,258297436,3084738406
GL866732.1,Chr6_supercontig_000002008,6,2089,258299525,3084740495
GL866733.1,Chr6_supercontig_000002009,6,2083,258301608,3084742578
GL866734.1,Chr6_supercontig_000002010,6,1888,258303496,3084744466
GL866735.1,Chr6_supercontig_000002011,6,1850,258305346,3084746316
GL866736.1,Chr6_supercontig_000002012,6,4131,258309477,3084750447
GL866737.1,Chr6_supercontig_000002013,6,2598,258312075,3084753045
GL866738.1,Chr6_supercontig_000002014,6,1604,258313679,3084754649
GL866739.1,Chr6_supercontig_000002015,6,2665,258316344,3084757314
GL866740.1,Chr6_supercontig_000002016,6,1962,258318306,3084759276
GL866741.1,Chr6_supercontig_000002017,6,7475,258325781,3084766751
GL866742.1,Chr6_supercontig_000002018,6,2658,258328439,3084769409
GL866743.1,Chr6_supercontig_000002019,6,3238,258331677,3084772647
GL866744.1,Chr6_supercontig_000002020,6,1686,258333363,3084774333
GL866745.1,Chr6_supercontig_000002021,6,5495,258338858,3084779828
GL866746.1,Chr6_supercontig_000002022,6,2699,258341557,3084782527
GL866747.1,Chr6_supercontig_000002023,6,2409,258343966,3084784936
GL866748.1,Chr6_supercontig_000002024,6,1987,258345953,3084786923
GL866749.1,Chr6_supercontig_000002025,6,1789,258347742,3084788712
GL866750.1,Chr6_supercontig_000002026,6,2073,258349815,3084790785
GL866751.1,Chr6_supercontig_000002027,6,2232,258352047,3084793017
GL866752.1,Chr6_supercontig_000002028,6,2113,258354160,3084795130
GL866753.1,Chr6_supercontig_000002029,6,4919,258359079,3084800049
GL866754.1,Chr6_supercontig_000002030,6,4292,258363371,3084804341
GL866755.1,Chr6_supercontig_000002031,6,1502,258364873,3084805843
GL866756.1,Chr6_supercontig_000002032,6,1820,258366693,3084807663
GL866757.1,Chr6_supercontig_000002033,6,2434,258369127,3084810097
GL866758.1,Chr6_supercontig_000002034,6,2076,258371203,3084812173
GL866759.1,Chr6_supercontig_000002035,6,5265,258376468,3084817438
GL866760.1,Chr6_supercontig_000002036,6,1519,258377987,3084818957
GL866761.1,Chr6_supercontig_000002037,6,4030,258382017,3084822987
GL866762.1,Chr6_supercontig_000002038,6,1761,258383778,3084824748
GL866763.1,Chr6_supercontig_000002039,6,2879,258386657,3084827627
GL866764.1,Chr6_supercontig_000002040,6,3119,258389776,3084830746
GL866765.1,Chr6_supercontig_000002041,6,3096,258392872,3084833842
GL866766.1,Chr6_supercontig_000002042,6,1517,258394389,3084835359
GL866767.1,Chr6_supercontig_000002043,6,1884,258396273,3084837243
GL866768.1,Chr6_supercontig_000002044,6,2250,258398523,3084839493
GL866769.1,Chr6_supercontig_000002045,6,1573,258400096,3084841066
GL866770.1,Chr6_supercontig_000002046,6,1825,258401921,3084842891
GL866771.1,Chr6_supercontig_000002047,6,1684,258403605,3084844575
GL866772.1,Chr6_supercontig_000002048,6,2127,258405732,3084846702
GL866773.1,Chr6_supercontig_000002049,6,2253,258407985,3084848955
GL866774.1,Chr6_supercontig_000002050,6,1748,258409733,3084850703
GL866775.1,Chr6_supercontig_000002051,6,2052,258411785,3084852755
GL866776.1,Chr6_supercontig_000002052,6,4364,258416149,3084857119
GL866777.1,Chr6_supercontig_000002053,6,2614,258418763,3084859733
GL866778.1,Chr6_supercontig_000002054,6,7039,258425802,3084866772
GL866779.1,Chr6_supercontig_000002055,6,2125,258427927,3084868897
GL866780.1,Chr6_supercontig_000002056,6,2112,258430039,3084871009
GL866781.1,Chr6_supercontig_000002057,6,3646,258433685,3084874655
GL866782.1,Chr6_supercontig_000002058,6,1939,258435624,3084876594
GL866783.1,Chr6_supercontig_000002059,6,6175,258441799,3084882769
GL866784.1,Chr6_supercontig_000002060,6,2282,258444081,3084885051
GL866785.1,Chr6_supercontig_000002061,6,1603,258445684,3084886654
GL866786.1,Chr6_supercontig_000002062,6,5532,258451216,3084892186
GL866787.1,Chr6_supercontig_000002063,6,1895,258453111,3084894081
GL866788.1,Chr6_supercontig_000002064,6,1709,258454820,3084895790
GL866789.1,Chr6_supercontig_000002065,6,2351,258457171,3084898141
GL866790.1,Chr6_supercontig_000002066,6,2061,258459232,3084900202
GL866791.1,Chr6_supercontig_000002067,6,1580,258460812,3084901782
GL866792.1,Chr6_supercontig_000002068,6,1781,258462593,3084903563
GL866793.1,Chr6_supercontig_000002069,6,3385,258465978,3084906948
GL866794.1,Chr6_supercontig_000002070,6,2784,258468762,3084909732
GL866795.1,Chr6_supercontig_000002071,6,2759,258471521,3084912491
GL866796.1,Chr6_supercontig_000002072,6,2855,258474376,3084915346
GL866797.1,Chr6_supercontig_000002073,6,2201,258476577,3084917547
GL866798.1,Chr6_supercontig_000002074,6,4355,258480932,3084921902
GL866799.1,Chr6_supercontig_000002075,6,1863,258482795,3084923765
GL866800.1,Chr6_supercontig_000002076,6,3165,258485960,3084926930
GL866801.1,Chr6_supercontig_000002077,6,2175,258488135,3084929105
GL866802.1,Chr6_supercontig_000002078,6,1520,258489655,3084930625
GL866803.1,Chr6_supercontig_000002079,6,5105,258494760,3084935730
GL866804.1,Chr6_supercontig_000002080,6,2654,258497414,3084938384
GL866805.1,Chr6_supercontig_000002081,6,1918,258499332,3084940302
GL866806.1,Chr6_supercontig_000002082,6,2638,258501970,3084942940
GL866807.1,Chr6_supercontig_000002083,6,2564,258504534,3084945504
GL866808.1,Chr6_supercontig_000002084,6,2009,258506543,3084947513
GL866809.1,Chr6_supercontig_000002085,6,1782,258508325,3084949295
GL866810.1,Chr6_supercontig_000002086,6,2999,258511324,3084952294
GL866811.1,Chr6_supercontig_000002087,6,2469,258513793,3084954763
GL866812.1,Chr6_supercontig_000002088,6,4052,258517845,3084958815
GL866813.1,Chr6_supercontig_000002089,6,1853,258519698,3084960668
GL866814.1,Chr6_supercontig_000002090,6,1946,258521644,3084962614
GL866815.1,Chr6_supercontig_000002091,6,1827,258523471,3084964441
GL866816.1,Chr6_supercontig_000002092,6,3131,258526602,3084967572
GL866817.1,Chr6_supercontig_000002093,6,6498,258533100,3084974070
GL866818.1,Chr6_supercontig_000002094,6,4040,258537140,3084978110
GL866819.1,Chr6_supercontig_000002095,6,1623,258538763,3084979733
GL866820.1,Chr6_supercontig_000002096,6,5992,258544755,3084985725
GL866821.1,Chr6_supercontig_000002097,6,9499,258554254,3084995224
GL866822.1,Chr6_supercontig_000002098,6,2977,258557231,3084998201
GL866823.1,Chr6_supercontig_000002099,6,1780,258559011,3084999981
GL866824.1,Chr6_supercontig_000002100,6,1976,258560987,3085001957
GL866825.1,Chr6_supercontig_000002101,6,3054,258564041,3085005011
GL866826.1,Chr6_supercontig_000002102,6,1871,258565912,3085006882
GL866827.1,Chr6_supercontig_000002103,6,1873,258567785,3085008755
GL866828.1,Chr6_supercontig_000002104,6,1696,258569481,3085010451
GL866829.1,Chr6_supercontig_000002105,6,1539,258571020,3085011990
GL866830.1,Chr6_supercontig_000002106,6,5320,258576340,3085017310
GL866831.1,Chr6_supercontig_000002107,6,1734,258578074,3085019044
GL866832.1,Chr6_supercontig_000002108,6,2247,258580321,3085021291
GL866833.1,Chr6_supercontig_000002109,6,1703,258582024,3085022994
GL866834.1,Chr6_supercontig_000002110,6,1922,258583946,3085024916
GL866835.1,Chr6_supercontig_000002111,6,1727,258585673,3085026643
GL866836.1,Chr6_supercontig_000002112,6,5132,258590805,3085031775
GL866837.1,Chr6_supercontig_000002113,6,4847,258595652,3085036622
GL866838.1,Chr6_supercontig_000002114,6,3991,258599643,3085040613
GL866839.1,Chr6_supercontig_000002115,6,2068,258601711,3085042681
GL866840.1,Chr6_supercontig_000002116,6,1795,258603506,3085044476
GL866841.1,Chr6_supercontig_000002117,6,2168,258605674,3085046644
GL866842.1,Chr6_supercontig_000002118,6,1728,258607402,3085048372
GL866843.1,Chr6_supercontig_000002119,6,1548,258608950,3085049920
GL866844.1,Chr6_supercontig_000002120,6,4232,258613182,3085054152
GL866845.1,Chr6_supercontig_000002121,6,16573,258629755,3085070725
GL866846.1,Chr6_supercontig_000002122,6,2793,258632548,3085073518
GL866847.1,Chr6_supercontig_000002123,6,2759,258635307,3085076277
GL866848.1,Chr6_supercontig_000002124,6,3160,258638467,3085079437
GL866849.1,Chr6_supercontig_000002125,6,2466,258640933,3085081903
GL866850.1,Chr6_supercontig_000002126,6,1997,258642930,3085083900
GL866851.1,Chr6_supercontig_000002127,6,1687,258644617,3085085587
GL866852.1,Chr6_supercontig_000002128,6,2698,258647315,3085088285
GL866853.1,Chr6_supercontig_000002129,6,3296,258650611,3085091581
GL866854.1,Chr6_supercontig_000002130,6,6908,258657519,3085098489
GL866855.1,Chr6_supercontig_000002131,6,7308,258664827,3085105797
GL866856.1,Chr6_supercontig_000002132,6,6974,258671801,3085112771
GL866857.1,Chr6_supercontig_000002133,6,2057,258673858,3085114828
GL866858.1,Chr6_supercontig_000002134,6,1557,258675415,3085116385
GL866859.1,Chr6_supercontig_000002135,6,2159,258677574,3085118544
GL866860.1,Chr6_supercontig_000002136,6,2364,258679938,3085120908
GL866861.1,Chr6_supercontig_000002137,6,12966,258692904,3085133874
GL866862.1,Chr6_supercontig_000002138,6,17361,258710265,3085151235
GL866863.1,Chr6_supercontig_000002139,6,2949,258713214,3085154184
GL866864.1,Chr6_supercontig_000002140,6,1729,258714943,3085155913
GL866865.1,Chr6_supercontig_000002141,6,3643,258718586,3085159556
GL866866.1,Chr6_supercontig_000002142,6,1791,258720377,3085161347
GL866867.1,Chr6_supercontig_000002143,6,2722,258723099,3085164069
GL866868.1,Chr6_supercontig_000002144,6,5253,258728352,3085169322
GL866869.1,Chr6_supercontig_000002145,6,1534,258729886,3085170856
GL866870.1,Chr6_supercontig_000002146,6,2735,258732621,3085173591
GL866871.1,Chr6_supercontig_000002147,6,2176,258734797,3085175767
GL866872.1,Chr6_supercontig_000002148,6,3390,258738187,3085179157
GL866873.1,Chr6_supercontig_000002149,6,1833,258740020,3085180990
GL866874.1,Chr6_supercontig_000002150,6,6124,258746144,3085187114
GL866875.1,Chr6_supercontig_000002151,6,2230,258748374,3085189344
GL866876.1,Chr6_supercontig_000002152,6,1836,258750210,3085191180
GL866877.1,Chr6_supercontig_000002153,6,1872,258752082,3085193052
GL866878.1,Chr6_supercontig_000002154,6,1677,258753759,3085194729
GL866879.1,Chr6_supercontig_000002155,6,1960,258755719,3085196689
GL866880.1,Chr6_supercontig_000002156,6,4363,258760082,3085201052
GL866881.1,Chr6_supercontig_000002157,6,4608,258764690,3085205660
GL866882.1,Chr6_supercontig_000002158,6,2016,258766706,3085207676
GL866883.1,Chr6_supercontig_000002159,6,1511,258768217,3085209187
GL866884.1,Chr6_supercontig_000002160,6,2697,258770914,3085211884
GL866885.1,Chr6_supercontig_000002161,6,2367,258773281,3085214251
GL866886.1,Chr6_supercontig_000002162,6,2418,258775699,3085216669
GL866887.1,Chr6_supercontig_000002163,6,1592,258777291,3085218261
GL866888.1,Chr6_supercontig_000002164,6,3334,258780625,3085221595
GL866889.1,Chr6_supercontig_000002165,6,2932,258783557,3085224527
GL866890.1,Chr6_supercontig_000002166,6,1807,258785364,3085226334
GL866891.1,Chr6_supercontig_000002167,6,4112,258789476,3085230446
GL866892.1,Chr6_supercontig_000002168,6,2067,258791543,3085232513
GL866893.1,Chr6_supercontig_000002169,6,1912,258793455,3085234425
GL866894.1,Chr6_supercontig_000002170,6,4488,258797943,3085238913
GL866895.1,Chr6_supercontig_000002171,6,5710,258803653,3085244623
GL866896.1,Chr6_supercontig_000002172,6,1951,258805604,3085246574
GL866897.1,Chr6_supercontig_000002173,6,2453,258808057,3085249027
GL866898.1,Chr6_supercontig_000002174,6,2922,258810979,3085251949
GL866899.1,Chr6_supercontig_000002175,6,1780,258812759,3085253729
GL866900.1,Chr6_supercontig_000002176,6,2938,258815697,3085256667
GL866901.1,Chr6_supercontig_000002177,6,2825,258818522,3085259492
GL866902.1,Chr6_supercontig_000002178,6,1760,258820282,3085261252
GL866903.1,Chr6_supercontig_000002179,6,1737,258822019,3085262989
GL866904.1,Chr6_supercontig_000002180,6,1550,258823569,3085264539
GL866905.1,Chr6_supercontig_000002181,6,4257,258827826,3085268796
GL866906.1,Chr6_supercontig_000002182,6,2430,258830256,3085271226
GL866907.1,Chr6_supercontig_000002183,6,1627,258831883,3085272853
GL866908.1,Chr6_supercontig_000002184,6,2794,258834677,3085275647
GL866909.1,Chr6_supercontig_000002185,6,2591,258837268,3085278238
GL866910.1,Chr6_supercontig_000002186,6,22268,258859536,3085300506
GL866911.1,Chr6_supercontig_000002187,6,1708,258861244,3085302214
GL866912.1,Chr6_supercontig_000002188,6,1839,258863083,3085304053
GL866913.1,Chr6_supercontig_000002189,6,2728,258865811,3085306781
GL866914.1,Chr6_supercontig_000002190,6,3498,258869309,3085310279
GL866915.1,Chr6_supercontig_000002191,6,9879,258879188,3085320158
GL866916.1,Chr6_supercontig_000002192,6,2643,258881831,3085322801
GL866917.1,Chr6_supercontig_000002193,6,2874,258884705,3085325675
GL866918.1,Chr6_supercontig_000002194,6,1679,258886384,3085327354
GL866919.1,Chr6_supercontig_000002195,6,1867,258888251,3085329221
GL866920.1,Chr6_supercontig_000002196,6,1992,258890243,3085331213
GL866921.1,Chr6_supercontig_000002197,6,24499,258914742,3085355712
GL866922.1,Chr6_supercontig_000002198,6,2057,258916799,3085357769
GL866923.1,Chr6_supercontig_000002199,6,2226,258919025,3085359995
GL866924.1,Chr6_supercontig_000002200,6,1945,258920970,3085361940
GL866925.1,Chr6_supercontig_000002201,6,3065,258924035,3085365005
GL866926.1,Chr6_supercontig_000002202,6,4412,258928447,3085369417
GL866927.1,Chr6_supercontig_000002203,6,1517,258929964,3085370934
GL866928.1,Chr6_supercontig_000002204,6,1830,258931794,3085372764
GL866929.1,Chr6_supercontig_000002205,6,1794,258933588,3085374558
GL866930.1,Chr6_supercontig_000002206,6,2156,258935744,3085376714
GL866931.1,Chr6_supercontig_000002207,6,6289,258942033,3085383003
GL866932.1,Chr6_supercontig_000002208,6,2926,258944959,3085385929
GL866933.1,Chr6_supercontig_000002209,6,1804,258946763,3085387733
GL866934.1,Chr6_supercontig_000002210,6,2986,258949749,3085390719
GL866935.1,Chr6_supercontig_000002211,6,1839,258951588,3085392558
GL866936.1,Chr6_supercontig_000002212,6,1743,258953331,3085394301
GL866937.1,Chr6_supercontig_000002213,6,3225,258956556,3085397526
GL866938.1,Chr6_supercontig_000002214,6,2463,258959019,3085399989
GL866939.1,Chr6_supercontig_000002215,6,1647,258960666,3085401636
GL866940.1,Chr6_supercontig_000002216,6,2505,258963171,3085404141
GL866941.1,Chr6_supercontig_000002217,6,3585,258966756,3085407726
GL866942.1,Chr6_supercontig_000002218,6,4527,258971283,3085412253
GL866943.1,Chr6_supercontig_000002219,6,7622,258978905,3085419875
GL866944.1,Chr6_supercontig_000002220,6,3226,258982131,3085423101
GL866945.1,Chr6_supercontig_000002221,6,2003,258984134,3085425104
GL866946.1,Chr6_supercontig_000002222,6,1968,258986102,3085427072
GL866947.1,Chr6_supercontig_000002223,6,3031,258989133,3085430103
GL866948.1,Chr6_supercontig_000002224,6,2027,258991160,3085432130
GL866949.1,Chr6_supercontig_000002225,6,1574,258992734,3085433704
GL866950.1,Chr6_supercontig_000002226,6,2214,258994948,3085435918
GL866951.1,Chr6_supercontig_000002227,6,5982,259000930,3085441900
GL866952.1,Chr6_supercontig_000002228,6,2387,259003317,3085444287
GL866953.1,Chr6_supercontig_000002229,6,1590,259004907,3085445877
GL866954.1,Chr6_supercontig_000002230,6,1877,259006784,3085447754
GL866955.1,Chr6_supercontig_000002231,6,1971,259008755,3085449725
GL866956.1,Chr6_supercontig_000002232,6,2025,259010780,3085451750
GL866957.1,Chr6_supercontig_000002233,6,3977,259014757,3085455727
GL866958.1,Chr6_supercontig_000002234,6,2102,259016859,3085457829
GL866959.1,Chr6_supercontig_000002235,6,2146,259019005,3085459975
GL866960.1,Chr6_supercontig_000002236,6,1566,259020571,3085461541
GL866961.1,Chr6_supercontig_000002237,6,2804,259023375,3085464345
GL866962.1,Chr6_supercontig_000002238,6,2243,259025618,3085466588
GL866963.1,Chr6_supercontig_000002239,6,5923,259031541,3085472511
GL866964.1,Chr6_supercontig_000002240,6,3375,259034916,3085475886
GL866965.1,Chr6_supercontig_000002241,6,3163,259038079,3085479049
GL866966.1,Chr6_supercontig_000002242,6,2443,259040522,3085481492
GL866967.1,Chr6_supercontig_000002243,6,1730,259042252,3085483222
GL866968.1,Chr6_supercontig_000002244,6,2015,259044267,3085485237
GL866969.1,Chr6_supercontig_000002245,6,4262,259048529,3085489499
GL866970.1,Chr6_supercontig_000002246,6,3385,259051914,3085492884
GL866971.1,Chr6_supercontig_000002247,6,1585,259053499,3085494469
GL866972.1,Chr6_supercontig_000002248,6,2076,259055575,3085496545
GL866973.1,Chr6_supercontig_000002249,6,1888,259057463,3085498433
GL866974.1,Chr6_supercontig_000002250,6,2009,259059472,3085500442
GL866975.1,Chr6_supercontig_000002251,6,2089,259061561,3085502531
GL866976.1,Chr6_supercontig_000002252,6,3161,259064722,3085505692
GL866977.1,Chr6_supercontig_000002253,6,5916,259070638,3085511608
GL866978.1,Chr6_supercontig_000002254,6,1648,259072286,3085513256
GL866979.1,Chr6_supercontig_000002255,6,1510,259073796,3085514766
GL866980.1,Chr6_supercontig_000002256,6,1596,259075392,3085516362
GL866981.1,Chr6_supercontig_000002257,6,2062,259077454,3085518424
GL866982.1,Chr6_supercontig_000002258,6,1746,259079200,3085520170
GL866983.1,Chr6_supercontig_000002259,6,1725,259080925,3085521895
GL866984.1,Chr6_supercontig_000002260,6,1722,259082647,3085523617
GL866985.1,Chr6_supercontig_000002261,6,2257,259084904,3085525874
GL866986.1,Chr6_supercontig_000002262,6,2268,259087172,3085528142
GL866987.1,Chr6_supercontig_000002263,6,2371,259089543,3085530513
GL866988.1,Chr6_supercontig_000002264,6,1606,259091149,3085532119
GL866989.1,Chr6_supercontig_000002265,6,2235,259093384,3085534354
GL866990.1,Chr6_supercontig_000002266,6,3655,259097039,3085538009
GL866991.1,Chr6_supercontig_000002267,6,2394,259099433,3085540403
GL866992.1,Chr6_supercontig_000002268,6,2077,259101510,3085542480
GL866993.1,Chr6_supercontig_000002269,6,2023,259103533,3085544503
GL866994.1,Chr6_supercontig_000002270,6,2649,259106182,3085547152
GL866995.1,Chr6_supercontig_000002271,6,4301,259110483,3085551453
GL866996.1,Chr6_supercontig_000002272,6,3995,259114478,3085555448
GL866997.1,Chr6_supercontig_000002273,6,1943,259116421,3085557391
GL866998.1,Chr6_supercontig_000002274,6,2670,259119091,3085560061
GL866999.1,Chr6_supercontig_000002275,6,2408,259121499,3085562469
GL867000.1,Chr6_supercontig_000002276,6,3404,259124903,3085565873
GL867001.1,Chr6_supercontig_000002277,6,1694,259126597,3085567567
GL867002.1,Chr6_supercontig_000002278,6,4410,259131007,3085571977
GL867003.1,Chr6_supercontig_000002279,6,1971,259132978,3085573948
GL867004.1,Chr6_supercontig_000002280,6,2355,259135333,3085576303
GL867005.1,Chr6_supercontig_000002281,6,1932,259137265,3085578235
GL867006.1,Chr6_supercontig_000002282,6,2647,259139912,3085580882
GL867007.1,Chr6_supercontig_000002283,6,2012,259141924,3085582894
GL867008.1,Chr6_supercontig_000002284,6,1665,259143589,3085584559
GL867009.1,Chr6_supercontig_000002285,6,1607,259145196,3085586166
GL867010.1,Chr6_supercontig_000002286,6,1564,259146760,3085587730
GL867011.1,Chr6_supercontig_000002287,6,2110,259148870,3085589840
GL867012.1,Chr6_supercontig_000002288,6,1682,259150552,3085591522
GL867013.1,Chr6_supercontig_000002289,6,1551,259152103,3085593073
GL867014.1,Chr6_supercontig_000002290,6,1921,259154024,3085594994
GL867015.1,Chr6_supercontig_000002291,6,1685,259155709,3085596679
GL867016.1,Chr6_supercontig_000002292,6,1816,259157525,3085598495
GL867017.1,Chr6_supercontig_000002293,6,1938,259159463,3085600433
GL867018.1,Chr6_supercontig_000002294,6,14874,259174337,3085615307
GL867019.1,Chr6_supercontig_000002295,6,2107,259176444,3085617414
GL867020.1,Chr6_supercontig_000002296,6,1669,259178113,3085619083
GL867021.1,Chr6_supercontig_000002297,6,3433,259181546,3085622516
GL867022.1,Chr6_supercontig_000002298,6,4131,259185677,3085626647
GL867023.1,Chr6_supercontig_000002299,6,2477,259188154,3085629124
GL867024.1,Chr6_supercontig_000002300,6,2672,259190826,3085631796
GL867025.1,Chr6_supercontig_000002301,6,2397,259193223,3085634193
GL867026.1,Chr6_supercontig_000002302,6,2244,259195467,3085636437
GL867027.1,Chr6_supercontig_000002303,6,2724,259198191,3085639161
GL867028.1,Chr6_supercontig_000002304,6,3028,259201219,3085642189
GL867029.1,Chr6_supercontig_000002305,6,2929,259204148,3085645118
GL867030.1,Chr6_supercontig_000002306,6,2337,259206485,3085647455
GL867031.1,Chr6_supercontig_000002307,6,2804,259209289,3085650259
GL867032.1,Chr6_supercontig_000002308,6,4700,259213989,3085654959
GL867033.1,Chr6_supercontig_000002309,6,1875,259215864,3085656834
GL867034.1,Chr6_supercontig_000002310,6,3023,259218887,3085659857
GL867035.1,Chr6_supercontig_000002311,6,1715,259220602,3085661572
GL867036.1,Chr6_supercontig_000002312,6,14025,259234627,3085675597
GL867037.1,Chr6_supercontig_000002313,6,2503,259237130,3085678100
GL867038.1,Chr6_supercontig_000002314,6,2106,259239236,3085680206
GL867039.1,Chr6_supercontig_000002315,6,3325,259242561,3085683531
GL867040.1,Chr6_supercontig_000002316,6,4356,259246917,3085687887
GL867041.1,Chr6_supercontig_000002317,6,3712,259250629,3085691599
GL867042.1,Chr6_supercontig_000002318,6,3421,259254050,3085695020
GL867043.1,Chr6_supercontig_000002319,6,3739,259257789,3085698759
GL867044.1,Chr6_supercontig_000002320,6,2987,259260776,3085701746
GL867045.1,Chr6_supercontig_000002321,6,1633,259262409,3085703379
GL867046.1,Chr6_supercontig_000002322,6,2426,259264835,3085705805
GL867047.1,Chr6_supercontig_000002323,6,5357,259270192,3085711162
GL867048.1,Chr6_supercontig_000002324,6,6462,259276654,3085717624
GL867049.1,Chr6_supercontig_000002325,6,1870,259278524,3085719494
GL867050.1,Chr6_supercontig_000002326,6,1582,259280106,3085721076
GL867051.1,Chr6_supercontig_000002327,6,1653,259281759,3085722729
GL867052.1,Chr6_supercontig_000002328,6,1858,259283617,3085724587
GL867053.1,Chr6_supercontig_000002329,6,5477,259289094,3085730064
GL867054.1,Chr6_supercontig_000002330,6,1855,259290949,3085731919
GL867055.1,Chr6_supercontig_000002331,6,1962,259292911,3085733881
GL867056.1,Chr6_supercontig_000002332,6,2639,259295550,3085736520
GL867057.1,Chr6_supercontig_000002333,6,3991,259299541,3085740511
GL867058.1,Chr6_supercontig_000002334,6,3083,259302624,3085743594
GL867059.1,Chr6_supercontig_000002335,6,8502,259311126,3085752096
GL867060.1,Chr6_supercontig_000002336,6,7613,259318739,3085759709
GL867061.1,Chr6_supercontig_000002337,6,1817,259320556,3085761526
GL867062.1,Chr6_supercontig_000002338,6,4052,259324608,3085765578
GL867063.1,Chr6_supercontig_000002339,6,4617,259329225,3085770195
GL867064.1,Chr6_supercontig_000002340,6,2256,259331481,3085772451
GL867065.1,Chr6_supercontig_000002341,6,1882,259333363,3085774333
GL867066.1,Chr6_supercontig_000002342,6,2106,259335469,3085776439
GL867067.1,Chr6_supercontig_000002343,6,1762,259337231,3085778201
GL867068.1,Chr6_supercontig_000002344,6,3014,259340245,3085781215
GL867069.1,Chr6_supercontig_000002345,6,7302,259347547,3085788517
GL867070.1,Chr6_supercontig_000002346,6,2305,259349852,3085790822
GL867071.1,Chr6_supercontig_000002347,6,5990,259355842,3085796812
GL867072.1,Chr6_supercontig_000002348,6,5316,259361158,3085802128
GL867073.1,Chr6_supercontig_000002349,6,2347,259363505,3085804475
GL867074.1,Chr6_supercontig_000002350,6,2478,259365983,3085806953
GL867075.1,Chr6_supercontig_000002351,6,4591,259370574,3085811544
GL867076.1,Chr6_supercontig_000002352,6,3902,259374476,3085815446
GL867077.1,Chr6_supercontig_000002353,6,1810,259376286,3085817256
GL867078.1,Chr6_supercontig_000002354,6,1618,259377904,3085818874
GL867079.1,Chr6_supercontig_000002355,6,2690,259380594,3085821564
GL867080.1,Chr6_supercontig_000002356,6,2250,259382844,3085823814
GL867081.1,Chr6_supercontig_000002357,6,1686,259384530,3085825500
GL867082.1,Chr6_supercontig_000002358,6,1764,259386294,3085827264
GL867083.1,Chr6_supercontig_000002359,6,1551,259387845,3085828815
GL867084.1,Chr6_supercontig_000002360,6,1667,259389512,3085830482
GL867085.1,Chr6_supercontig_000002361,6,1814,259391326,3085832296
GL867086.1,Chr6_supercontig_000002362,6,1666,259392992,3085833962
GL867087.1,Chr6_supercontig_000002363,6,1616,259394608,3085835578
GL867088.1,Chr6_supercontig_000002364,6,2398,259397006,3085837976
GL867089.1,Chr6_supercontig_000002365,6,1609,259398615,3085839585
GL867090.1,Chr6_supercontig_000002366,6,8533,259407148,3085848118
GL867091.1,Chr6_supercontig_000002367,6,1769,259408917,3085849887
GL867092.1,Chr6_supercontig_000002368,6,3508,259412425,3085853395
GL867093.1,Chr6_supercontig_000002369,6,2516,259414941,3085855911
GL867094.1,Chr6_supercontig_000002370,6,1765,259416706,3085857676
GL867095.1,Chr6_supercontig_000002371,6,2583,259419289,3085860259
GL867096.1,Chr6_supercontig_000002372,6,11207,259430496,3085871466
GL867097.1,Chr6_supercontig_000002373,6,2851,259433347,3085874317
GL867098.1,Chr6_supercontig_000002374,6,2447,259435794,3085876764
GL867099.1,Chr6_supercontig_000002375,6,1694,259437488,3085878458
GL867100.1,Chr6_supercontig_000002376,6,1568,259439056,3085880026
GL867101.1,Chr6_supercontig_000002377,6,2594,259441650,3085882620
GL867102.1,Chr6_supercontig_000002378,6,3117,259444767,3085885737
GL867103.1,Chr6_supercontig_000002379,6,2949,259447716,3085888686
GL867104.1,Chr6_supercontig_000002380,6,12405,259460121,3085901091
GL867105.1,Chr6_supercontig_000002381,6,2722,259462843,3085903813
GL867106.1,Chr6_supercontig_000002382,6,4344,259467187,3085908157
GL867107.1,Chr6_supercontig_000002383,6,2839,259470026,3085910996
GL867108.1,Chr6_supercontig_000002384,6,1756,259471782,3085912752
GL867109.1,Chr6_supercontig_000002385,6,1564,259473346,3085914316
GL867110.1,Chr6_supercontig_000002386,6,3915,259477261,3085918231
GL867111.1,Chr6_supercontig_000002387,6,3313,259480574,3085921544
GL867112.1,Chr6_supercontig_000002388,6,9653,259490227,3085931197
GL867113.1,Chr6_supercontig_000002389,6,5577,259495804,3085936774
GL867114.1,Chr6_supercontig_000002390,6,6342,259502146,3085943116
GL867115.1,Chr6_supercontig_000002391,6,1942,259504088,3085945058
GL867116.1,Chr6_supercontig_000002392,6,2381,259506469,3085947439
GL867117.1,Chr6_supercontig_000002393,6,4615,259511084,3085952054
GL867118.1,Chr6_supercontig_000002394,6,8785,259519869,3085960839
GL867119.1,Chr6_supercontig_000002395,6,3370,259523239,3085964209
GL867120.1,Chr6_supercontig_000002396,6,9438,259532677,3085973647
GL867121.1,Chr6_supercontig_000002397,6,3543,259536220,3085977190
GL867122.1,Chr6_supercontig_000002398,6,2112,259538332,3085979302
GL867123.1,Chr6_supercontig_000002399,6,5915,259544247,3085985217
GL867124.1,Chr6_supercontig_000002400,6,2900,259547147,3085988117
GL867125.1,Chr6_supercontig_000002401,6,1586,259548733,3085989703
GL867126.1,Chr6_supercontig_000002402,6,2546,259551279,3085992249
GL867127.1,Chr6_supercontig_000002403,6,2305,259553584,3085994554
GL867128.1,Chr6_supercontig_000002404,6,3975,259557559,3085998529
GL867129.1,Chr6_supercontig_000002405,6,2706,259560265,3086001235
GL867130.1,Chr6_supercontig_000002406,6,2899,259563164,3086004134
GL867131.1,Chr6_supercontig_000002407,6,1865,259565029,3086005999
GL867132.1,Chr6_supercontig_000002408,6,4491,259569520,3086010490
GL867133.1,Chr6_supercontig_000002409,6,2612,259572132,3086013102
GL867134.1,Chr6_supercontig_000002410,6,2970,259575102,3086016072
GL867135.1,Chr6_supercontig_000002411,6,1579,259576681,3086017651
GL867136.1,Chr6_supercontig_000002412,6,2088,259578769,3086019739
GL867137.1,Chr6_supercontig_000002413,6,1811,259580580,3086021550
GL867138.1,Chr6_supercontig_000002414,6,1840,259582420,3086023390
GL867139.1,Chr6_supercontig_000002415,6,2602,259585022,3086025992
GL867140.1,Chr6_supercontig_000002416,6,1633,259586655,3086027625
GL867141.1,Chr6_supercontig_000002417,6,2286,259588941,3086029911
GL867142.1,Chr6_supercontig_000002418,6,2248,259591189,3086032159
GL867143.1,Chr6_supercontig_000002419,6,1664,259592853,3086033823
GL867144.1,Chr6_supercontig_000002420,6,2142,259594995,3086035965
GL867145.1,Chr6_supercontig_000002421,6,2263,259597258,3086038228
GL867146.1,Chr6_supercontig_000002422,6,2860,259600118,3086041088
GL867147.1,Chr6_supercontig_000002423,6,2478,259602596,3086043566
GL867148.1,Chr6_supercontig_000002424,6,2915,259605511,3086046481
GL867149.1,Chr6_supercontig_000002425,6,2846,259608357,3086049327
GL867150.1,Chr6_supercontig_000002426,6,1810,259610167,3086051137
GL867151.1,Chr6_supercontig_000002427,6,2455,259612622,3086053592
GL867152.1,Chr6_supercontig_000002428,6,4257,259616879,3086057849
GL867153.1,Chr6_supercontig_000002429,6,3830,259620709,3086061679
GL867154.1,Chr6_supercontig_000002430,6,1939,259622648,3086063618
GL867155.1,Chr6_supercontig_000002431,6,3880,259626528,3086067498
GL867156.1,Chr6_supercontig_000002432,6,2985,259629513,3086070483
GL867157.1,Chr6_supercontig_000002433,6,2805,259632318,3086073288
GL867158.1,Chr6_supercontig_000002434,6,1883,259634201,3086075171
GL867159.1,Chr6_supercontig_000002435,6,1817,259636018,3086076988
GL867160.1,Chr6_supercontig_000002436,6,1535,259637553,3086078523
GL867161.1,Chr6_supercontig_000002437,6,1590,259639143,3086080113
GL867162.1,Chr6_supercontig_000002438,6,4399,259643542,3086084512
GL867163.1,Chr6_supercontig_000002439,6,2296,259645838,3086086808
GL867164.1,Chr6_supercontig_000002440,6,2934,259648772,3086089742
GL867165.1,Chr6_supercontig_000002441,6,2244,259651016,3086091986
GL867166.1,Chr6_supercontig_000002442,6,1884,259652900,3086093870
GL867167.1,Chr6_supercontig_000002443,6,1582,259654482,3086095452
GL867168.1,Chr6_supercontig_000002444,6,2138,259656620,3086097590
GL867169.1,Chr6_supercontig_000002445,6,2958,259659578,3086100548
GL867170.1,Chr6_supercontig_000002446,6,1785,259661363,3086102333
GL867171.1,Chr6_supercontig_000002447,6,2322,259663685,3086104655
GL867172.1,Chr6_supercontig_000002448,6,2657,259666342,3086107312
GL867173.1,Chr6_supercontig_000002449,6,2328,259668670,3086109640
GL867174.1,Chr6_supercontig_000002450,6,2433,259671103,3086112073
GL867175.1,Chr6_supercontig_000002451,6,2901,259674004,3086114974
GL867176.1,Chr6_supercontig_000002452,6,1781,259675785,3086116755
GL867177.1,Chr6_supercontig_000002453,6,1712,259677497,3086118467
GL867178.1,Chr6_supercontig_000002454,6,1990,259679487,3086120457
GL867179.1,Chr6_supercontig_000002455,6,2082,259681569,3086122539
GL867180.1,Chr6_supercontig_000002456,6,1553,259683122,3086124092
GL867181.1,Chr6_supercontig_000002457,6,1516,259684638,3086125608
GL867182.1,Chr6_supercontig_000002458,6,1770,259686408,3086127378
GL867183.1,Chr6_supercontig_000002459,6,2120,259688528,3086129498
GL867184.1,Chr6_supercontig_000002460,6,2034,259690562,3086131532
GL867185.1,Chr6_supercontig_000002461,6,1778,259692340,3086133310
GL867186.1,Chr6_supercontig_000002462,6,1853,259694193,3086135163
GL867187.1,Chr6_supercontig_000002463,6,1528,259695721,3086136691
GL867188.1,Chr6_supercontig_000002464,6,2375,259698096,3086139066
GL867189.1,Chr6_supercontig_000002465,6,1593,259699689,3086140659
GL867190.1,Chr6_supercontig_000002466,6,2468,259702157,3086143127
GL867191.1,Chr6_supercontig_000002467,6,1644,259703801,3086144771
GL867192.1,Chr6_supercontig_000002468,6,3383,259707184,3086148154
GL867193.1,Chr6_supercontig_000002469,6,2058,259709242,3086150212
GL867194.1,Chr6_supercontig_000002470,6,2140,259711382,3086152352
GL867195.1,Chr6_supercontig_000002471,6,2338,259713720,3086154690
GL867196.1,Chr6_supercontig_000002472,6,3006,259716726,3086157696
GL867197.1,Chr6_supercontig_000002473,6,2677,259719403,3086160373
GL867198.1,Chr6_supercontig_000002474,6,2638,259722041,3086163011
GL867199.1,Chr6_supercontig_000002475,6,1882,259723923,3086164893
GL867200.1,Chr6_supercontig_000002476,6,1504,259725427,3086166397
GL867201.1,Chr6_supercontig_000002477,6,2246,259727673,3086168643
GL867202.1,Chr6_supercontig_000002478,6,1668,259729341,3086170311
GL867203.1,Chr6_supercontig_000002479,6,1743,259731084,3086172054
GL867204.1,Chr6_supercontig_000002480,6,1835,259732919,3086173889
GL867205.1,Chr6_supercontig_000002481,6,1771,259734690,3086175660
GL867206.1,Chr6_supercontig_000002482,6,1563,259736253,3086177223
GL867207.1,Chr6_supercontig_000002483,6,1570,259737823,3086178793
GL867208.1,Chr6_supercontig_000002484,6,2281,259740104,3086181074
GL867209.1,Chr6_supercontig_000002485,6,3783,259743887,3086184857
GL867210.1,Chr6_supercontig_000002486,6,2544,259746431,3086187401
GL867211.1,Chr6_supercontig_000002487,6,2028,259748459,3086189429
GL867212.1,Chr6_supercontig_000002488,6,1517,259749976,3086190946
GL867213.1,Chr6_supercontig_000002489,6,2043,259752019,3086192989
GL867214.1,Chr6_supercontig_000002490,6,2841,259754860,3086195830
GL867215.1,Chr6_supercontig_000002491,6,1706,259756566,3086197536
GL867216.1,Chr6_supercontig_000002492,6,2969,259759535,3086200505
GL867217.1,Chr6_supercontig_000002493,6,4688,259764223,3086205193
GL867218.1,Chr6_supercontig_000002494,6,1933,259766156,3086207126
GL867219.1,Chr6_supercontig_000002495,6,1598,259767754,3086208724
GL867220.1,Chr6_supercontig_000002496,6,1620,259769374,3086210344
GL867221.1,Chr6_supercontig_000002497,6,2320,259771694,3086212664
GL867222.1,Chr6_supercontig_000002498,6,1817,259773511,3086214481
GL867223.1,Chr6_supercontig_000002499,6,3258,259776769,3086217739
GL867224.1,Chr6_supercontig_000002500,6,1522,259778291,3086219261
GL867225.1,Chr6_supercontig_000002501,6,5203,259783494,3086224464
GL867226.1,Chr6_supercontig_000002502,6,2873,259786367,3086227337
GL867227.1,Chr6_supercontig_000002503,6,3135,259789502,3086230472
GL867228.1,Chr6_supercontig_000002504,6,1781,259791283,3086232253
GL867229.1,Chr6_supercontig_000002505,6,2290,259793573,3086234543
GL867230.1,Chr6_supercontig_000002506,6,3574,259797147,3086238117
GL867231.1,Chr6_supercontig_000002507,6,1758,259798905,3086239875
GL867232.1,Chr6_supercontig_000002508,6,1996,259800901,3086241871
GL867233.1,Chr6_supercontig_000002509,6,2106,259803007,3086243977
GL867234.1,Chr6_supercontig_000002510,6,1518,259804525,3086245495
GL867235.1,Chr6_supercontig_000002511,6,2063,259806588,3086247558
GL867236.1,Chr6_supercontig_000002512,6,10516,259817104,3086258074
GL867237.1,Chr6_supercontig_000002513,6,1652,259818756,3086259726
GL867238.1,Chr6_supercontig_000002514,6,4468,259823224,3086264194
GL867239.1,Chr6_supercontig_000002515,6,4275,259827499,3086268469
GL867240.1,Chr6_supercontig_000002516,6,3188,259830687,3086271657
GL867241.1,Chr6_supercontig_000002517,6,3591,259834278,3086275248
GL867242.1,Chr6_supercontig_000002518,6,1790,259836068,3086277038
GL867243.1,Chr6_supercontig_000002519,6,2045,259838113,3086279083
GL867244.1,Chr6_supercontig_000002520,6,1991,259840104,3086281074
GL867245.1,Chr6_supercontig_000002521,6,2900,259843004,3086283974
GL867246.1,Chr6_supercontig_000002522,6,1566,259844570,3086285540
GL867247.1,Chr6_supercontig_000002523,6,2029,259846599,3086287569
GL867248.1,Chr6_supercontig_000002524,6,3414,259850013,3086290983
GL867249.1,Chr6_supercontig_000002525,6,1793,259851806,3086292776
GL867250.1,Chr6_supercontig_000002526,6,2237,259854043,3086295013
GL867251.1,Chr6_supercontig_000002527,6,1672,259855715,3086296685
GL867252.1,Chr6_supercontig_000002528,6,2836,259858551,3086299521
GL867253.1,Chr6_supercontig_000002529,6,1589,259860140,3086301110
GL867254.1,Chr6_supercontig_000002530,6,1526,259861666,3086302636
GL867255.1,Chr6_supercontig_000002531,6,5339,259867005,3086307975
GL867256.1,Chr6_supercontig_000002532,6,2079,259869084,3086310054
GL867257.1,Chr6_supercontig_000002533,6,1528,259870612,3086311582
GL867258.1,Chr6_supercontig_000002534,6,2511,259873123,3086314093
GL867259.1,Chr6_supercontig_000002535,6,3244,259876367,3086317337
GL867260.1,Chr6_supercontig_000002536,6,1560,259877927,3086318897
GL867261.1,Chr6_supercontig_000002537,6,2038,259879965,3086320935
GL867262.1,Chr6_supercontig_000002538,6,1552,259881517,3086322487
GL867263.1,Chr6_supercontig_000002539,6,1990,259883507,3086324477
GL867264.1,Chr6_supercontig_000002540,6,3352,259886859,3086327829
GL867265.1,Chr6_supercontig_000002541,6,1877,259888736,3086329706
GL867266.1,Chr6_supercontig_000002542,6,2934,259891670,3086332640
GL867267.1,Chr6_supercontig_000002543,6,1683,259893353,3086334323
GL867268.1,Chr6_supercontig_000002544,6,1811,259895164,3086336134
GL867269.1,Chr6_supercontig_000002545,6,2106,259897270,3086338240
GL867270.1,Chr6_supercontig_000002546,6,1785,259899055,3086340025
GL867271.1,Chr6_supercontig_000002547,6,2049,259901104,3086342074
GL867272.1,Chr6_supercontig_000002548,6,1889,259902993,3086343963
GL867273.1,Chr6_supercontig_000002549,6,4281,259907274,3086348244
GL867274.1,Chr6_supercontig_000002550,6,3122,259910396,3086351366
GL867275.1,Chr6_supercontig_000002551,6,1996,259912392,3086353362
GL867276.1,Chr6_supercontig_000002552,6,3287,259915679,3086356649
GL867277.1,Chr6_supercontig_000002553,6,1944,259917623,3086358593
GL867278.1,Chr6_supercontig_000002554,6,2959,259920582,3086361552
GL867279.1,Chr6_supercontig_000002555,6,2341,259922923,3086363893
GL867280.1,Chr6_supercontig_000002556,6,1546,259924469,3086365439
GL867281.1,Chr6_supercontig_000002557,6,5065,259929534,3086370504
GL867282.1,Chr6_supercontig_000002558,6,12617,259942151,3086383121
GL867283.1,Chr6_supercontig_000002559,6,2216,259944367,3086385337
GL867284.1,Chr6_supercontig_000002560,6,8425,259952792,3086393762
GL867285.1,Chr6_supercontig_000002561,6,6147,259958939,3086399909
GL867286.1,Chr6_supercontig_000002562,6,2374,259961313,3086402283
GL867287.1,Chr6_supercontig_000002563,6,1964,259963277,3086404247
GL867288.1,Chr6_supercontig_000002564,6,5693,259968970,3086409940
GL867289.1,Chr6_supercontig_000002565,6,5688,259974658,3086415628
GL867290.1,Chr6_supercontig_000002566,6,3896,259978554,3086419524
GL867291.1,Chr6_supercontig_000002567,6,7002,259985556,3086426526
GL867292.1,Chr6_supercontig_000002568,6,8508,259994064,3086435034
GL867293.1,Chr6_supercontig_000002569,6,5869,259999933,3086440903
GL867294.1,Chr6_supercontig_000002570,6,1762,260001695,3086442665
GL867295.1,Chr6_supercontig_000002571,6,1505,260003200,3086444170
GL867296.1,Chr6_supercontig_000002572,6,5811,260009011,3086449981
GL867297.1,Chr6_supercontig_000002573,6,4954,260013965,3086454935
GL867298.1,Chr6_supercontig_000002574,6,4917,260018882,3086459852
GL867299.1,Chr6_supercontig_000002575,6,2494,260021376,3086462346
GL867300.1,Chr6_supercontig_000002576,6,6505,260027881,3086468851
GL867301.1,Chr6_supercontig_000002577,6,3649,260031530,3086472500
GL867302.1,Chr6_supercontig_000002578,6,2870,260034400,3086475370
GL867303.1,Chr6_supercontig_000002579,6,2984,260037384,3086478354
GL867304.1,Chr6_supercontig_000002580,6,2807,260040191,3086481161
GL867305.1,Chr6_supercontig_000002581,6,3009,260043200,3086484170
GL867306.1,Chr6_supercontig_000002582,6,1586,260044786,3086485756
GL867307.1,Chr6_supercontig_000002583,6,1974,260046760,3086487730
GL867308.1,Chr6_supercontig_000002584,6,4007,260050767,3086491737
GL867309.1,Chr6_supercontig_000002585,6,2282,260053049,3086494019
GL867310.1,Chr6_supercontig_000002586,6,1823,260054872,3086495842
GL867311.1,Chr6_supercontig_000002587,6,1940,260056812,3086497782
GL867312.1,Chr6_supercontig_000002588,6,2127,260058939,3086499909
GL867313.1,Chr6_supercontig_000002589,6,2814,260061753,3086502723
GL867314.1,Chr6_supercontig_000002590,6,2727,260064480,3086505450
GL867315.1,Chr6_supercontig_000002591,6,1931,260066411,3086507381
GL867316.1,Chr6_supercontig_000002592,6,3410,260069821,3086510791
GL867317.1,Chr6_supercontig_000002593,6,2825,260072646,3086513616
GL867318.1,Chr6_supercontig_000002594,6,2009,260074655,3086515625
GL867319.1,Chr6_supercontig_000002595,6,3211,260077866,3086518836
GL867320.1,Chr6_supercontig_000002596,6,12332,260090198,3086531168
GL867321.1,Chr6_supercontig_000002597,6,2448,260092646,3086533616
GL867322.1,Chr6_supercontig_000002598,6,2478,260095124,3086536094
GL867323.1,Chr6_supercontig_000002599,6,2235,260097359,3086538329
GL867324.1,Chr6_supercontig_000002600,6,1818,260099177,3086540147
GL867325.1,Chr6_supercontig_000002601,6,2380,260101557,3086542527
GL867326.1,Chr6_supercontig_000002602,6,2827,260104384,3086545354
GL867327.1,Chr6_supercontig_000002603,6,1642,260106026,3086546996
GL867328.1,Chr6_supercontig_000002604,6,1922,260107948,3086548918
GL867329.1,Chr6_supercontig_000002605,6,5064,260113012,3086553982
GL867330.1,Chr6_supercontig_000002606,6,3363,260116375,3086557345
GL867331.1,Chr6_supercontig_000002607,6,5398,260121773,3086562743
GL867332.1,Chr6_supercontig_000002608,6,3236,260125009,3086565979
GL867333.1,Chr6_supercontig_000002609,6,2149,260127158,3086568128
GL867334.1,Chr6_supercontig_000002610,6,1714,260128872,3086569842
GL867335.1,Chr6_supercontig_000002611,6,2177,260131049,3086572019
GL867336.1,Chr6_supercontig_000002612,6,1767,260132816,3086573786
GL867337.1,Chr6_supercontig_000002613,6,2178,260134994,3086575964
GL867338.1,Chr6_supercontig_000002614,6,2796,260137790,3086578760
GL867339.1,Chr6_supercontig_000002615,6,2096,260139886,3086580856
GL867340.1,Chr6_supercontig_000002616,6,1627,260141513,3086582483
GL867341.1,Chr6_supercontig_000002617,6,4295,260145808,3086586778
GL867342.1,Chr6_supercontig_000002618,6,6216,260152024,3086592994
GL867343.1,Chr6_supercontig_000002619,6,2455,260154479,3086595449
GL867344.1,Chr6_supercontig_000002620,6,1858,260156337,3086597307
GL867345.1,Chr6_supercontig_000002621,6,1640,260157977,3086598947
GL867346.1,Chr6_supercontig_000002622,6,1539,260159516,3086600486
GL867347.1,Chr6_supercontig_000002623,6,2104,260161620,3086602590
GL867348.1,Chr6_supercontig_000002624,6,2618,260164238,3086605208
GL867349.1,Chr6_supercontig_000002625,6,2890,260167128,3086608098
GL867350.1,Chr6_supercontig_000002626,6,5619,260172747,3086613717
GL867351.1,Chr6_supercontig_000002627,6,2870,260175617,3086616587
GL867352.1,Chr6_supercontig_000002628,6,2155,260177772,3086618742
GL867353.1,Chr6_supercontig_000002629,6,6224,260183996,3086624966
GL867354.1,Chr6_supercontig_000002630,6,3317,260187313,3086628283
GL867355.1,Chr6_supercontig_000002631,6,1575,260188888,3086629858
GL867356.1,Chr6_supercontig_000002632,6,2266,260191154,3086632124
GL867357.1,Chr6_supercontig_000002633,6,1848,260193002,3086633972
GL867358.1,Chr6_supercontig_000002634,6,1569,260194571,3086635541
GL867359.1,Chr6_supercontig_000002635,6,2178,260196749,3086637719
GL867360.1,Chr6_supercontig_000002636,6,1567,260198316,3086639286
GL867361.1,Chr6_supercontig_000002637,6,1533,260199849,3086640819
GL867362.1,Chr6_supercontig_000002638,6,2947,260202796,3086643766
GL867363.1,Chr6_supercontig_000002639,6,2047,260204843,3086645813
GL867364.1,Chr6_supercontig_000002640,6,4878,260209721,3086650691
GL867365.1,Chr6_supercontig_000002641,6,9568,260219289,3086660259
GL867366.1,Chr6_supercontig_000002642,6,2165,260221454,3086662424
GL867367.1,Chr6_supercontig_000002643,6,4378,260225832,3086666802
GL867368.1,Chr6_supercontig_000002644,6,1527,260227359,3086668329
GL867369.1,Chr6_supercontig_000002645,6,3523,260230882,3086671852
GL867370.1,Chr6_supercontig_000002646,6,1657,260232539,3086673509
GL867371.1,Chr6_supercontig_000002647,6,3345,260235884,3086676854
GL867372.1,Chr6_supercontig_000002648,6,1740,260237624,3086678594
GL867373.1,Chr6_supercontig_000002649,6,1619,260239243,3086680213
GL867374.1,Chr6_supercontig_000002650,6,18310,260257553,3086698523
GL867375.1,Chr6_supercontig_000002651,6,2215,260259768,3086700738
GL867376.1,Chr6_supercontig_000002652,6,2124,260261892,3086702862
GL867377.1,Chr6_supercontig_000002653,6,2563,260264455,3086705425
GL867378.1,Chr6_supercontig_000002654,6,4995,260269450,3086710420
GL867379.1,Chr6_supercontig_000002655,6,2028,260271478,3086712448
GL867380.1,Chr6_supercontig_000002656,6,2190,260273668,3086714638
GL867381.1,Chr6_supercontig_000002657,6,2113,260275781,3086716751
GL867382.1,Chr6_supercontig_000002658,6,4590,260280371,3086721341
GL867383.1,Chr6_supercontig_000002659,6,1533,260281904,3086722874
GL867384.1,Chr6_supercontig_000002660,6,2043,260283947,3086724917
GL867385.1,Chr6_supercontig_000002661,6,2282,260286229,3086727199
GL867386.1,Chr6_supercontig_000002662,6,1633,260287862,3086728832
GL867387.1,Chr6_supercontig_000002663,6,2150,260290012,3086730982
GL867388.1,Chr6_supercontig_000002664,6,4893,260294905,3086735875
GL867389.1,Chr6_supercontig_000002665,6,4363,260299268,3086740238
GL867390.1,Chr6_supercontig_000002666,6,1524,260300792,3086741762
GL867391.1,Chr6_supercontig_000002667,6,3155,260303947,3086744917
GL867392.1,Chr6_supercontig_000002668,6,1524,260305471,3086746441
GL867393.1,Chr6_supercontig_000002669,6,3155,260308626,3086749596
GL867394.1,Chr6_supercontig_000002670,6,2252,260310878,3086751848
GL867395.1,Chr6_supercontig_000002671,6,9169,260320047,3086761017
GL867396.1,Chr6_supercontig_000002672,6,15982,260336029,3086776999
GL867397.1,Chr6_supercontig_000002673,6,3871,260339900,3086780870
GL867398.1,Chr6_supercontig_000002674,6,5889,260345789,3086786759
GL867399.1,Chr6_supercontig_000002675,6,7143,260352932,3086793902
GL867400.1,Chr6_supercontig_000002676,6,19598,260372530,3086813500
GL867401.1,Chr6_supercontig_000002677,6,4841,260377371,3086818341
GL867402.1,Chr6_supercontig_000002678,6,20755,260398126,3086839096
GL867403.1,Chr6_supercontig_000002679,6,8196,260406322,3086847292
GL867404.1,Chr6_supercontig_000002680,6,6952,260413274,3086854244
GL867405.1,Chr6_supercontig_000002681,6,3249,260416523,3086857493
GL867406.1,Chr6_supercontig_000002682,6,6436,260422959,3086863929
GL867407.1,Chr6_supercontig_000002683,6,7330,260430289,3086871259
GL867408.1,Chr6_supercontig_000002684,6,7430,260437719,3086878689
GL867409.1,Chr6_supercontig_000002685,6,10509,260448228,3086889198
GL867410.1,Chr6_supercontig_000002686,6,2246,260450474,3086891444
GL867411.1,Chr6_supercontig_000002687,6,3336,260453810,3086894780
GL867412.1,Chr6_supercontig_000002688,6,3664,260457474,3086898444
GL867413.1,Chr6_supercontig_000002689,6,4712,260462186,3086903156
GL867414.1,Chr6_supercontig_000002690,6,3291,260465477,3086906447
GL867415.1,Chr6_supercontig_000002691,6,1924,260467401,3086908371
GL867416.1,Chr6_supercontig_000002692,6,6432,260473833,3086914803
GL867417.1,Chr6_supercontig_000002693,6,2008,260475841,3086916811
GL867418.1,Chr6_supercontig_000002694,6,2760,260478601,3086919571
GL867419.1,Chr6_supercontig_000002695,6,2251,260480852,3086921822
GL867420.1,Chr6_supercontig_000002696,6,2087,260482939,3086923909
GL867421.1,Chr6_supercontig_000002697,6,2950,260485889,3086926859
GL867422.1,Chr6_supercontig_000002698,6,2236,260488125,3086929095
GL867423.1,Chr6_supercontig_000002699,6,6264,260494389,3086935359
GL867424.1,Chr6_supercontig_000002700,6,17143,260511532,3086952502
GL867425.1,Chr6_supercontig_000002701,6,18201,260529733,3086970703
GL867426.1,Chr6_supercontig_000002702,6,1979,260531712,3086972682
GL867427.1,Chr6_supercontig_000002703,6,2411,260534123,3086975093
GL867428.1,Chr6_supercontig_000002704,6,13581,260547704,3086988674
GL867429.1,Chr6_supercontig_000002705,6,16582,260564286,3087005256
GL867430.1,Chr6_supercontig_000002706,6,25515,260589801,3087030771
GL867431.1,Chr6_supercontig_000002707,6,13180,260602981,3087043951
GL867432.1,Chr6_supercontig_000002708,6,19714,260622695,3087063665
GL867433.1,Chr6_supercontig_000002709,6,9419,260632114,3087073084
GL867434.1,Chr6_supercontig_000002710,6,11013,260643127,3087084097
GL867435.1,Chr6_supercontig_000002711,6,12220,260655347,3087096317
GL867436.1,Chr6_supercontig_000002712,6,8594,260663941,3087104911
GL867437.1,Chr6_supercontig_000002713,6,9514,260673455,3087114425
GL867438.1,Chr6_supercontig_000002714,6,5505,260678960,3087119930
GL867439.1,Chr6_supercontig_000002715,6,22466,260701426,3087142396
GL867440.1,Chr6_supercontig_000002716,6,24809,260726235,3087167205
GL867441.1,Chr6_supercontig_000002717,6,14778,260741013,3087181983
GL867442.1,Chr6_supercontig_000002718,6,10297,260751310,3087192280
GL867443.1,Chr6_supercontig_000002719,6,5895,260757205,3087198175
GL867444.1,Chr6_supercontig_000002720,6,7994,260765199,3087206169
GL867445.1,Chr6_supercontig_000002721,6,6886,260772085,3087213055
GL867446.1,Chr6_supercontig_000002722,6,6557,260778642,3087219612
GL867447.1,Chr6_supercontig_000002723,6,6879,260785521,3087226491
GL867448.1,Chr6_supercontig_000002724,6,30874,260816395,3087257365
GL867449.1,Chr6_supercontig_000002725,6,14927,260831322,3087272292
GL867450.1,Chr6_supercontig_000002726,6,5324,260836646,3087277616
GL867451.1,Chr6_supercontig_000002727,6,5378,260842024,3087282994
GL867452.1,Chr6_supercontig_000002728,6,5605,260847629,3087288599
GL867453.1,Chr6_supercontig_000002729,6,7366,260854995,3087295965
GL867454.1,Chr6_supercontig_000002730,6,18715,260873710,3087314680
GL867455.1,Chr6_supercontig_000002731,6,5939,260879649,3087320619
GL867456.1,Chr6_supercontig_000002732,6,11000,260890649,3087331619
GL867457.1,Chr6_supercontig_000002733,6,5699,260896348,3087337318
GL867458.1,Chr6_supercontig_000002734,6,5979,260902327,3087343297
GL867459.1,Chr6_supercontig_000002735,6,14418,260916745,3087357715
GL867460.1,Chr6_supercontig_000002736,6,17283,260934028,3087374998
GL867461.1,Chr6_supercontig_000002737,6,5830,260939858,3087380828
GL867462.1,Chr6_supercontig_000002738,6,8837,260948695,3087389665
GL867463.1,Chr6_supercontig_000002739,6,20413,260969108,3087410078
GL867464.1,Chr6_supercontig_000002740,6,13072,260982180,3087423150
GL867465.1,Chr6_supercontig_000002741,6,15511,260997691,3087438661
GL867466.1,Chr6_supercontig_000002742,6,12953,261010644,3087451614
GL867467.1,Chr6_supercontig_000002743,6,6951,261017595,3087458565
GL867468.1,Chr6_supercontig_000002744,6,32793,261050388,3087491358
GL867469.1,Chr6_supercontig_000002745,6,6286,261056674,3087497644
GL867470.1,Chr6_supercontig_000002746,6,9859,261066533,3087507503
GL867471.1,Chr6_supercontig_000002747,6,5207,261071740,3087512710
GL867472.1,Chr6_supercontig_000002748,6,12864,261084604,3087525574
GL867473.1,Chr6_supercontig_000002749,6,2141,261086745,3087527715
GL867474.1,Chr6_supercontig_000002750,6,1574,261088319,3087529289
GL867475.1,Chr6_supercontig_000002751,6,1806,261090125,3087531095
GL867476.1,Chr6_supercontig_000002752,6,4748,261094873,3087535843
GL867477.1,Chr6_supercontig_000002753,6,6320,261101193,3087542163
GL867478.1,Chr6_supercontig_000002754,6,1688,261102881,3087543851
GL867479.1,Chr6_supercontig_000002755,6,1594,261104475,3087545445
GL867480.1,Chr6_supercontig_000002756,6,2046,261106521,3087547491
GL867481.1,Chr6_supercontig_000002757,6,1637,261108158,3087549128
GL867482.1,Chr6_supercontig_000002758,6,1876,261110034,3087551004
GL867483.1,Chr6_supercontig_000002759,6,1531,261111565,3087552535
GL867484.1,Chr6_supercontig_000002760,6,3222,261114787,3087555757
GL867485.1,Chr6_supercontig_000002761,6,2000,261116787,3087557757
GL867486.1,Chr6_supercontig_000002762,6,1645,261118432,3087559402
GL867487.1,Chr6_supercontig_000002763,6,2699,261121131,3087562101
GL867488.1,Chr6_supercontig_000002764,6,2485,261123616,3087564586
GL867489.1,Chr6_supercontig_000002765,6,1948,261125564,3087566534
GL867490.1,Chr6_supercontig_000002766,6,2365,261127929,3087568899
GL867491.1,Chr6_supercontig_000002767,6,1830,261129759,3087570729
GL867492.1,Chr6_supercontig_000002768,6,1624,261131383,3087572353
GL867493.1,Chr6_supercontig_000002769,6,2473,261133856,3087574826
GL867494.1,Chr6_supercontig_000002770,6,1809,261135665,3087576635
GL867495.1,Chr6_supercontig_000002771,6,1938,261137603,3087578573
GL867496.1,Chr6_supercontig_000002772,6,1595,261139198,3087580168
GL867497.1,Chr6_supercontig_000002773,6,1737,261140935,3087581905
GL867498.1,Chr6_supercontig_000002774,6,1687,261142622,3087583592
GL867499.1,Chr6_supercontig_000002775,6,1528,261144150,3087585120
GL867500.1,Chr6_supercontig_000002776,6,1816,261145966,3087586936
GL867501.1,Chr6_supercontig_000002777,6,1712,261147678,3087588648
GL867502.1,Chr6_supercontig_000002778,6,1602,261149280,3087590250
GL867503.1,Chr6_supercontig_000002779,6,1923,261151203,3087592173
GL867504.1,Chr6_supercontig_000002780,6,2032,261153235,3087594205
GL867505.1,Chr6_supercontig_000002781,6,2737,261155972,3087596942
GL867506.1,Chr6_supercontig_000002782,6,1829,261157801,3087598771
GL867507.1,Chr6_supercontig_000002783,6,1588,261159389,3087600359
GL867508.1,Chr6_supercontig_000002784,6,3547,261162936,3087603906
GL867509.1,Chr6_supercontig_000002785,6,1778,261164714,3087605684
GL867510.1,Chr6_supercontig_000002786,6,1584,261166298,3087607268
GL867511.1,Chr6_supercontig_000002787,6,1906,261168204,3087609174
GL867512.1,Chr6_supercontig_000002788,6,2766,261170970,3087611940
GL867513.1,Chr6_supercontig_000002789,6,1928,261172898,3087613868
GL867514.1,Chr6_supercontig_000002790,6,2057,261174955,3087615925
GL867515.1,Chr6_supercontig_000002791,6,1548,261176503,3087617473
GL867516.1,Chr6_supercontig_000002792,6,1926,261178429,3087619399
GL867517.1,Chr6_supercontig_000002793,6,1502,261179931,3087620901
GL867518.1,Chr6_supercontig_000002794,6,2311,261182242,3087623212
GL867519.1,Chr6_supercontig_000002795,6,1766,261184008,3087624978
GL867520.1,Chr6_supercontig_000002796,6,2742,261186750,3087627720
GL867521.1,Chr6_supercontig_000002797,6,1576,261188326,3087629296
GL867522.1,Chr6_supercontig_000002798,6,1653,261189979,3087630949
GL867523.1,Chr6_supercontig_000002799,6,1555,261191534,3087632504
GL867524.1,Chr6_supercontig_000002800,6,2121,261193655,3087634625
GL867525.1,Chr6_supercontig_000002801,6,1601,261195256,3087636226
GL867526.1,Chr6_supercontig_000002802,6,1530,261196786,3087637756
GL867527.1,Chr6_supercontig_000002803,6,1526,261198312,3087639282
GL867528.1,Chr6_supercontig_000002804,6,1862,261200174,3087641144
GL867529.1,Chr6_supercontig_000002805,6,1695,261201869,3087642839
GL867530.1,Chr6_supercontig_000002806,6,1813,261203682,3087644652
GL867531.1,Chr6_supercontig_000002807,6,1857,261205539,3087646509
GL867532.1,Chr6_supercontig_000002808,6,1988,261207527,3087648497
GL867533.1,Chr6_supercontig_000002809,6,2308,261209835,3087650805
GL867534.1,Chr6_supercontig_000002810,6,2253,261212088,3087653058
GL867535.1,Chr6_supercontig_000002811,6,2013,261214101,3087655071
GL867536.1,Chr6_supercontig_000002812,6,2223,261216324,3087657294
GL867537.1,Chr6_supercontig_000002813,6,1744,261218068,3087659038
GL867538.1,Chr6_supercontig_000002814,6,1560,261219628,3087660598
GL867539.1,Chr6_supercontig_000002815,6,1605,261221233,3087662203
GL867540.1,Chr6_supercontig_000002816,6,1550,261222783,3087663753
GL867541.1,Chr6_supercontig_000002817,6,1687,261224470,3087665440
GL867542.1,Chr6_supercontig_000002818,6,2056,261226526,3087667496
GL867543.1,Chr6_supercontig_000002819,6,1804,261228330,3087669300
GL867544.1,Chr6_supercontig_000002820,6,2516,261230846,3087671816
GL867545.1,Chr6_supercontig_000002821,6,4190,261235036,3087676006
GL867546.1,Chr6_supercontig_000002822,6,2321,261237357,3087678327
GL867547.1,Chr6_supercontig_000002823,6,1813,261239170,3087680140
GL867548.1,Chr6_supercontig_000002824,6,1517,261240687,3087681657
GL867549.1,Chr6_supercontig_000002825,6,1834,261242521,3087683491
GL867550.1,Chr6_supercontig_000002826,6,1898,261244419,3087685389
GL867551.1,Chr6_supercontig_000002827,6,3522,261247941,3087688911
GL867552.1,Chr6_supercontig_000002828,6,3307,261251248,3087692218
GL867553.1,Chr6_supercontig_000002829,6,1510,261252758,3087693728
GL867554.1,Chr6_supercontig_000002830,6,2593,261255351,3087696321
GL867555.1,Chr6_supercontig_000002831,6,3696,261259047,3087700017
GL867556.1,Chr6_supercontig_000002832,6,1742,261260789,3087701759
GL867557.1,Chr6_supercontig_000002833,6,1568,261262357,3087703327
GL867558.1,Chr6_supercontig_000002834,6,1521,261263878,3087704848
GL867559.1,Chr6_supercontig_000002835,6,1779,261265657,3087706627
GL867560.1,Chr6_supercontig_000002836,6,1537,261267194,3087708164
GL867561.1,Chr6_supercontig_000002837,6,4750,261271944,3087712914
GL867562.1,Chr6_supercontig_000002838,6,1693,261273637,3087714607
GL867563.1,Chr6_supercontig_000002839,6,1743,261275380,3087716350
GL867564.1,Chr6_supercontig_000002840,6,1549,261276929,3087717899
GL867565.1,Chr6_supercontig_000002841,6,2099,261279028,3087719998
GL867566.1,Chr6_supercontig_000002842,6,2518,261281546,3087722516
GL867567.1,Chr6_supercontig_000002843,6,2690,261284236,3087725206
GL867568.1,Chrx_supercontig_000000000,x,752041,752041,3088477247
GL867569.1,Chrx_supercontig_000000001,x,335240,1087281,3088812487
GL867570.1,Chrx_supercontig_000000002,x,260102,1347383,3089072589
GL867571.1,Chrx_supercontig_000000003,x,211818,1559201,3089284407
GL867572.1,Chrx_supercontig_000000004,x,205071,1764272,3089489478
GL867573.1,Chrx_supercontig_000000005,x,112677,1876949,3089602155
GL867574.1,Chrx_supercontig_000000006,x,2491210,4368159,3092093365
GL867575.1,Chrx_supercontig_000000007,x,582233,4950392,3092675598
GL867576.1,Chrx_supercontig_000000008,x,162127,5112519,3092837725
GL867577.1,Chrx_supercontig_000000009,x,253339,5365858,3093091064
GL867578.1,Chrx_supercontig_000000010,x,192889,5558747,3093283953
GL867579.1,Chrx_supercontig_000000011,x,637684,6196431,3093921637
GL867580.1,Chrx_supercontig_000000012,x,242283,6438714,3094163920
GL867581.1,Chrx_supercontig_000000013,x,527182,6965896,3094691102
GL867582.1,Chrx_supercontig_000000014,x,514523,7480419,3095205625
GL867583.1,Chrx_supercontig_000000015,x,757740,8238159,3095963365
GL867584.1,Chrx_supercontig_000000016,x,4554006,12792165,3100517371
GL867585.1,Chrx_supercontig_000000017,x,1335659,14127824,3101853030
GL867586.1,Chrx_supercontig_000000018,x,4077,14131901,3101857107
GL867587.1,Chrx_supercontig_000000019,x,3054,14134955,3101860161
GL867588.1,Chrx_supercontig_000000020,x,180707,14315662,3102040868
GL867589.1,Chrx_supercontig_000000021,x,629831,14945493,3102670699
GL867590.1,Chrx_supercontig_000000022,x,1069150,16014643,3103739849
GL867591.1,Chrx_supercontig_000000023,x,542605,16557248,3104282454
GL867592.1,Chrx_supercontig_000000024,x,19370,16576618,3104301824
GL867593.1,Chrx_supercontig_000000025,x,2304514,18881132,3106606338
GL867594.1,Chrx_supercontig_000000026,x,2588389,21469521,3109194727
GL867595.1,Chrx_supercontig_000000027,x,708644,22178165,3109903371
GL867596.1,Chrx_supercontig_000000028,x,1018920,23197085,3110922291
GL867597.1,Chrx_supercontig_000000029,x,1206911,24403996,3112129202
GL867598.1,Chrx_supercontig_000000030,x,2350213,26754209,3114479415
GL867599.1,Chrx_supercontig_000000031,x,2040720,28794929,3116520135
GL867600.1,Chrx_supercontig_000000032,x,292888,29087817,3116813023
GL867601.1,Chrx_supercontig_000000033,x,2356089,31443906,3119169112
GL867602.1,Chrx_supercontig_000000034,x,897143,32341049,3120066255
GL867603.1,Chrx_supercontig_000000035,x,1197611,33538660,3121263866
GL867604.1,Chrx_supercontig_000000036,x,1043885,34582545,3122307751
GL867605.1,Chrx_supercontig_000000037,x,1326746,35909291,3123634497
GL867606.1,Chrx_supercontig_000000038,x,908191,36817482,3124542688
GL867607.1,Chrx_supercontig_000000039,x,3702630,40520112,3128245318
GL867608.1,Chrx_supercontig_000000040,x,3179989,43700101,3131425307
GL867609.1,Chrx_supercontig_000000041,x,726895,44426996,3132152202
GL867610.1,Chrx_supercontig_000000042,x,389053,44816049,3132541255
GL867611.1,Chrx_supercontig_000000043,x,1924104,46740153,3134465359
GL867612.1,Chrx_supercontig_000000044,x,882213,47622366,3135347572
GL867613.1,Chrx_supercontig_000000045,x,1137037,48759403,3136484609
GL867614.1,Chrx_supercontig_000000046,x,633915,49393318,3137118524
GL867615.1,Chrx_supercontig_000000047,x,1979315,51372633,3139097839
GL867616.1,Chrx_supercontig_000000048,x,711255,52083888,3139809094
GL867617.1,Chrx_supercontig_000000049,x,138887,52222775,3139947981
GL867618.1,Chrx_supercontig_000000050,x,914824,53137599,3140862805
GL867619.1,Chrx_supercontig_000000051,x,453733,53591332,3141316538
GL867620.1,Chrx_supercontig_000000052,x,207905,53799237,3141524443
GL867621.1,Chrx_supercontig_000000053,x,2493653,56292890,3144018096
GL867622.1,Chrx_supercontig_000000054,x,1768944,58061834,3145787040
GL867623.1,Chrx_supercontig_000000055,x,1518705,59580539,3147305745
GL867624.1,Chrx_supercontig_000000056,x,806091,60386630,3148111836
GL867625.1,Chrx_supercontig_000000057,x,197255,60583885,3148309091
GL867626.1,Chrx_supercontig_000000058,x,161680,60745565,3148470771
GL867627.1,Chrx_supercontig_000000059,x,251966,60997531,3148722737
GL867628.1,Chrx_supercontig_000000060,x,194088,61191619,3148916825
GL867629.1,Chrx_supercontig_000000061,x,362546,61554165,3149279371
GL867630.1,Chrx_supercontig_000000062,x,60431,61614596,3149339802
GL867631.1,Chrx_supercontig_000000063,x,53807,61668403,3149393609
GL867632.1,Chrx_supercontig_000000064,x,114789,61783192,3149508398
GL867633.1,Chrx_supercontig_000000065,x,153399,61936591,3149661797
GL867634.1,Chrx_supercontig_000000066,x,124622,62061213,3149786419
GL867635.1,Chrx_supercontig_000000067,x,114734,62175947,3149901153
GL867636.1,Chrx_supercontig_000000068,x,23472,62199419,3149924625
GL867637.1,Chrx_supercontig_000000069,x,124650,62324069,3150049275
GL867638.1,Chrx_supercontig_000000070,x,112077,62436146,3150161352
GL867639.1,Chrx_supercontig_000000071,x,22869,62459015,3150184221
GL867640.1,Chrx_supercontig_000000072,x,88586,62547601,3150272807
GL867641.1,Chrx_supercontig_000000073,x,99847,62647448,3150372654
GL867642.1,Chrx_supercontig_000000074,x,180251,62827699,3150552905
GL867643.1,Chrx_supercontig_000000075,x,76767,62904466,3150629672
GL867644.1,Chrx_supercontig_000000076,x,121919,63026385,3150751591
GL867645.1,Chrx_supercontig_000000077,x,34616,63061001,3150786207
GL867646.1,Chrx_supercontig_000000078,x,97103,63158104,3150883310
GL867647.1,Chrx_supercontig_000000079,x,58448,63216552,3150941758
GL867648.1,Chrx_supercontig_000000080,x,26071,63242623,3150967829
GL867649.1,Chrx_supercontig_000000081,x,83680,63326303,3151051509
GL867650.1,Chrx_supercontig_000000082,x,88757,63415060,3151140266
GL867651.1,Chrx_supercontig_000000083,x,177893,63592953,3151318159
GL867652.1,Chrx_supercontig_000000084,x,122974,63715927,3151441133
GL867653.1,Chrx_supercontig_000000085,x,249545,63965472,3151690678
GL867654.1,Chrx_supercontig_000000086,x,9786,63975258,3151700464
GL867655.1,Chrx_supercontig_000000087,x,28814,64004072,3151729278
GL867656.1,Chrx_supercontig_000000088,x,17284,64021356,3151746562
GL867657.1,Chrx_supercontig_000000089,x,68499,64089855,3151815061
GL867658.1,Chrx_supercontig_000000090,x,122632,64212487,3151937693
GL867659.1,Chrx_supercontig_000000091,x,15444,64227931,3151953137
GL867660.1,Chrx_supercontig_000000092,x,134896,64362827,3152088033
GL867661.1,Chrx_supercontig_000000093,x,18535,64381362,3152106568
GL867662.1,Chrx_supercontig_000000094,x,385165,64766527,3152491733
GL867663.1,Chrx_supercontig_000000095,x,25017,64791544,3152516750
GL867664.1,Chrx_supercontig_000000096,x,80695,64872239,3152597445
GL867665.1,Chrx_supercontig_000000097,x,41109,64913348,3152638554
GL867666.1,Chrx_supercontig_000000098,x,148868,65062216,3152787422
GL867667.1,Chrx_supercontig_000000099,x,24539,65086755,3152811961
GL867668.1,Chrx_supercontig_000000100,x,124254,65211009,3152936215
GL867669.1,Chrx_supercontig_000000101,x,75566,65286575,3153011781
GL867670.1,Chrx_supercontig_000000102,x,90785,65377360,3153102566
GL867671.1,Chrx_supercontig_000000103,x,64645,65442005,3153167211
GL867672.1,Chrx_supercontig_000000104,x,349158,65791163,3153516369
GL867673.1,Chrx_supercontig_000000105,x,82165,65873328,3153598534
GL867674.1,Chrx_supercontig_000000106,x,27635,65900963,3153626169
GL867675.1,Chrx_supercontig_000000107,x,67752,65968715,3153693921
GL867676.1,Chrx_supercontig_000000108,x,79472,66048187,3153773393
GL867677.1,Chrx_supercontig_000000109,x,67751,66115938,3153841144
GL867678.1,Chrx_supercontig_000000110,x,251785,66367723,3154092929
GL867679.1,Chrx_supercontig_000000111,x,37010,66404733,3154129939
GL867680.1,Chrx_supercontig_000000112,x,134550,66539283,3154264489
GL867681.1,Chrx_supercontig_000000113,x,98283,66637566,3154362772
GL867682.1,Chrx_supercontig_000000114,x,64552,66702118,3154427324
GL867683.1,Chrx_supercontig_000000115,x,75660,66777778,3154502984
GL867684.1,Chrx_supercontig_000000116,x,205953,66983731,3154708937
GL867685.1,Chrx_supercontig_000000117,x,12831,66996562,3154721768
GL867686.1,Chrx_supercontig_000000118,x,29757,67026319,3154751525
GL867687.1,Chrx_supercontig_000000119,x,37320,67063639,3154788845
GL867688.1,Chrx_supercontig_000000120,x,176285,67239924,3154965130
GL867689.1,Chrx_supercontig_000000121,x,38516,67278440,3155003646
GL867690.1,Chrx_supercontig_000000122,x,33026,67311466,3155036672
GL867691.1,Chrx_supercontig_000000123,x,34141,67345607,3155070813
GL867692.1,Chrx_supercontig_000000124,x,35458,67381065,3155106271
GL867693.1,Chrx_supercontig_000000125,x,49270,67430335,3155155541
GL867694.1,Chrx_supercontig_000000126,x,64678,67495013,3155220219
GL867695.1,Chrx_supercontig_000000127,x,140437,67635450,3155360656
GL867696.1,Chrx_supercontig_000000128,x,44072,67679522,3155404728
GL867697.1,Chrx_supercontig_000000129,x,54961,67734483,3155459689
GL867698.1,Chrx_supercontig_000000130,x,51639,67786122,3155511328
GL867699.1,Chrx_supercontig_000000131,x,100257,67886379,3155611585
GL867700.1,Chrx_supercontig_000000132,x,20653,67907032,3155632238
GL867701.1,Chrx_supercontig_000000133,x,48334,67955366,3155680572
GL867702.1,Chrx_supercontig_000000134,x,98052,68053418,3155778624
GL867703.1,Chrx_supercontig_000000135,x,85616,68139034,3155864240
GL867704.1,Chrx_supercontig_000000136,x,69182,68208216,3155933422
GL867705.1,Chrx_supercontig_000000137,x,26366,68234582,3155959788
GL867706.1,Chrx_supercontig_000000138,x,84230,68318812,3156044018
GL867707.1,Chrx_supercontig_000000139,x,21222,68340034,3156065240
GL867708.1,Chrx_supercontig_000000140,x,41218,68381252,3156106458
GL867709.1,Chrx_supercontig_000000141,x,116696,68497948,3156223154
GL867710.1,Chrx_supercontig_000000142,x,38538,68536486,3156261692
GL867711.1,Chrx_supercontig_000000143,x,79292,68615778,3156340984
GL867712.1,Chrx_supercontig_000000144,x,39358,68655136,3156380342
GL867713.1,Chrx_supercontig_000000145,x,148487,68803623,3156528829
GL867714.1,Chrx_supercontig_000000146,x,103024,68906647,3156631853
GL867715.1,Chrx_supercontig_000000147,x,12676,68919323,3156644529
GL867716.1,Chrx_supercontig_000000148,x,134250,69053573,3156778779
GL867717.1,Chrx_supercontig_000000149,x,48408,69101981,3156827187
GL867718.1,Chrx_supercontig_000000150,x,125420,69227401,3156952607
GL867719.1,Chrx_supercontig_000000151,x,58122,69285523,3157010729
GL867720.1,Chrx_supercontig_000000152,x,48648,69334171,3157059377
GL867721.1,Chrx_supercontig_000000153,x,44336,69378507,3157103713
GL867722.1,Chrx_supercontig_000000154,x,13158,69391665,3157116871
GL867723.1,Chrx_supercontig_000000155,x,111925,69503590,3157228796
GL867724.1,Chrx_supercontig_000000156,x,83178,69586768,3157311974
GL867725.1,Chrx_supercontig_000000157,x,151326,69738094,3157463300
GL867726.1,Chrx_supercontig_000000158,x,27754,69765848,3157491054
GL867727.1,Chrx_supercontig_000000159,x,27850,69793698,3157518904
GL867728.1,Chrx_supercontig_000000160,x,156451,69950149,3157675355
GL867729.1,Chrx_supercontig_000000161,x,19919,69970068,3157695274
GL867730.1,Chrx_supercontig_000000162,x,22024,69992092,3157717298
GL867731.1,Chrx_supercontig_000000163,x,87301,70079393,3157804599
GL867732.1,Chrx_supercontig_000000164,x,137167,70216560,3157941766
GL867733.1,Chrx_supercontig_000000165,x,20624,70237184,3157962390
GL867734.1,Chrx_supercontig_000000166,x,101751,70338935,3158064141
GL867735.1,Chrx_supercontig_000000167,x,50266,70389201,3158114407
GL867736.1,Chrx_supercontig_000000168,x,12303,70401504,3158126710
GL867737.1,Chrx_supercontig_000000169,x,15004,70416508,3158141714
GL867738.1,Chrx_supercontig_000000170,x,77307,70493815,3158219021
GL867739.1,Chrx_supercontig_000000171,x,15277,70509092,3158234298
GL867740.1,Chrx_supercontig_000000172,x,24836,70533928,3158259134
GL867741.1,Chrx_supercontig_000000173,x,46660,70580588,3158305794
GL867742.1,Chrx_supercontig_000000174,x,84651,70665239,3158390445
GL867743.1,Chrx_supercontig_000000175,x,32635,70697874,3158423080
GL867744.1,Chrx_supercontig_000000176,x,2431,70700305,3158425511
GL867745.1,Chrx_supercontig_000000177,x,70473,70770778,3158495984
GL867746.1,Chrx_supercontig_000000178,x,66094,70836872,3158562078
GL867747.1,Chrx_supercontig_000000179,x,45027,70881899,3158607105
GL867748.1,Chrx_supercontig_000000180,x,134383,71016282,3158741488
GL867749.1,Chrx_supercontig_000000181,x,47234,71063516,3158788722
GL867750.1,Chrx_supercontig_000000182,x,39222,71102738,3158827944
GL867751.1,Chrx_supercontig_000000183,x,180793,71283531,3159008737
GL867752.1,Chrx_supercontig_000000184,x,48908,71332439,3159057645
GL867753.1,Chrx_supercontig_000000185,x,97252,71429691,3159154897
GL867754.1,Chrx_supercontig_000000186,x,31170,71460861,3159186067
GL867755.1,Chrx_supercontig_000000187,x,38211,71499072,3159224278
GL867756.1,Chrx_supercontig_000000188,x,99741,71598813,3159324019
GL867757.1,Chrx_supercontig_000000189,x,130604,71729417,3159454623
GL867758.1,Chrx_supercontig_000000190,x,23724,71753141,3159478347
GL867759.1,Chrx_supercontig_000000191,x,117375,71870516,3159595722
GL867760.1,Chrx_supercontig_000000192,x,186674,72057190,3159782396
GL867761.1,Chrx_supercontig_000000193,x,63624,72120814,3159846020
GL867762.1,Chrx_supercontig_000000194,x,30168,72150982,3159876188
GL867763.1,Chrx_supercontig_000000195,x,32581,72183563,3159908769
GL867764.1,Chrx_supercontig_000000196,x,20636,72204199,3159929405
GL867765.1,Chrx_supercontig_000000197,x,71754,72275953,3160001159
GL867766.1,Chrx_supercontig_000000198,x,142888,72418841,3160144047
GL867767.1,Chrx_supercontig_000000199,x,102192,72521033,3160246239
GL867768.1,Chrx_supercontig_000000200,x,36489,72557522,3160282728
GL867769.1,Chrx_supercontig_000000201,x,8758,72566280,3160291486
GL867770.1,Chrx_supercontig_000000202,x,7219,72573499,3160298705
GL867771.1,Chrx_supercontig_000000203,x,13133,72586632,3160311838
GL867772.1,Chrx_supercontig_000000204,x,146616,72733248,3160458454
GL867773.1,Chrx_supercontig_000000205,x,73476,72806724,3160531930
GL867774.1,Chrx_supercontig_000000206,x,6806,72813530,3160538736
GL867775.1,Chrx_supercontig_000000207,x,25246,72838776,3160563982
GL867776.1,Chrx_supercontig_000000208,x,134395,72973171,3160698377
GL867777.1,Chrx_supercontig_000000209,x,72043,73045214,3160770420
GL867778.1,Chrx_supercontig_000000210,x,104026,73149240,3160874446
GL867779.1,Chrx_supercontig_000000211,x,71044,73220284,3160945490
GL867780.1,Chrx_supercontig_000000212,x,49082,73269366,3160994572
GL867781.1,Chrx_supercontig_000000213,x,44399,73313765,3161038971
GL867782.1,Chrx_supercontig_000000214,x,35602,73349367,3161074573
GL867783.1,Chrx_supercontig_000000215,x,62549,73411916,3161137122
GL867784.1,Chrx_supercontig_000000216,x,3162,73415078,3161140284
GL867785.1,Chrx_supercontig_000000217,x,145289,73560367,3161285573
GL867786.1,Chrx_supercontig_000000218,x,73969,73634336,3161359542
GL867787.1,Chrx_supercontig_000000219,x,44701,73679037,3161404243
GL867788.1,Chrx_supercontig_000000220,x,68549,73747586,3161472792
GL867789.1,Chrx_supercontig_000000221,x,2288,73749874,3161475080
GL867790.1,Chrx_supercontig_000000222,x,128446,73878320,3161603526
GL867791.1,Chrx_supercontig_000000223,x,48699,73927019,3161652225
GL867792.1,Chrx_supercontig_000000224,x,37943,73964962,3161690168
GL867793.1,Chrx_supercontig_000000225,x,18040,73983002,3161708208
GL867794.1,Chrx_supercontig_000000226,x,20488,74003490,3161728696
GL867795.1,Chrx_supercontig_000000227,x,15552,74019042,3161744248
GL867796.1,Chrx_supercontig_000000228,x,34697,74053739,3161778945
GL867797.1,Chrx_supercontig_000000229,x,108099,74161838,3161887044
GL867798.1,Chrx_supercontig_000000230,x,61860,74223698,3161948904
GL867799.1,Chrx_supercontig_000000231,x,12304,74236002,3161961208
GL867800.1,Chrx_supercontig_000000232,x,50677,74286679,3162011885
GL867801.1,Chrx_supercontig_000000233,x,36909,74323588,3162048794
GL867802.1,Chrx_supercontig_000000234,x,42903,74366491,3162091697
GL867803.1,Chrx_supercontig_000000235,x,18968,74385459,3162110665
GL867804.1,Chrx_supercontig_000000236,x,94586,74480045,3162205251
GL867805.1,Chrx_supercontig_000000237,x,39995,74520040,3162245246
GL867806.1,Chrx_supercontig_000000238,x,14398,74534438,3162259644
GL867807.1,Chrx_supercontig_000000239,x,78152,74612590,3162337796
GL867808.1,Chrx_supercontig_000000240,x,121151,74733741,3162458947
GL867809.1,Chrx_supercontig_000000241,x,38164,74771905,3162497111
GL867810.1,Chrx_supercontig_000000242,x,71421,74843326,3162568532
GL867811.1,Chrx_supercontig_000000243,x,42168,74885494,3162610700
GL867812.1,Chrx_supercontig_000000244,x,31679,74917173,3162642379
GL867813.1,Chrx_supercontig_000000245,x,12001,74929174,3162654380
GL867814.1,Chrx_supercontig_000000246,x,17590,74946764,3162671970
GL867815.1,Chrx_supercontig_000000247,x,76237,75023001,3162748207
GL867816.1,Chrx_supercontig_000000248,x,34884,75057885,3162783091
GL867817.1,Chrx_supercontig_000000249,x,81046,75138931,3162864137
GL867818.1,Chrx_supercontig_000000250,x,21166,75160097,3162885303
GL867819.1,Chrx_supercontig_000000251,x,65155,75225252,3162950458
GL867820.1,Chrx_supercontig_000000252,x,44320,75269572,3162994778
GL867821.1,Chrx_supercontig_000000253,x,39102,75308674,3163033880
GL867822.1,Chrx_supercontig_000000254,x,9407,75318081,3163043287
GL867823.1,Chrx_supercontig_000000255,x,179635,75497716,3163222922
GL867824.1,Chrx_supercontig_000000256,x,73496,75571212,3163296418
GL867825.1,Chrx_supercontig_000000257,x,103768,75674980,3163400186
GL867826.1,Chrx_supercontig_000000258,x,16371,75691351,3163416557
GL867827.1,Chrx_supercontig_000000259,x,14405,75705756,3163430962
GL867828.1,Chrx_supercontig_000000260,x,39178,75744934,3163470140
GL867829.1,Chrx_supercontig_000000261,x,53533,75798467,3163523673
GL867830.1,Chrx_supercontig_000000262,x,44224,75842691,3163567897
GL867831.1,Chrx_supercontig_000000263,x,56300,75898991,3163624197
GL867832.1,Chrx_supercontig_000000264,x,23292,75922283,3163647489
GL867833.1,Chrx_supercontig_000000265,x,15177,75937460,3163662666
GL867834.1,Chrx_supercontig_000000266,x,8286,75945746,3163670952
GL867835.1,Chrx_supercontig_000000267,x,3423,75949169,3163674375
GL867836.1,Chrx_supercontig_000000268,x,15018,75964187,3163689393
GL867837.1,Chrx_supercontig_000000269,x,43456,76007643,3163732849
GL867838.1,Chrx_supercontig_000000270,x,55604,76063247,3163788453
GL867839.1,Chrx_supercontig_000000271,x,107219,76170466,3163895672
GL867840.1,Chrx_supercontig_000000272,x,21185,76191651,3163916857
GL867841.1,Chrx_supercontig_000000273,x,49130,76240781,3163965987
GL867842.1,Chrx_supercontig_000000274,x,24228,76265009,3163990215
GL867843.1,Chrx_supercontig_000000275,x,21692,76286701,3164011907
GL867844.1,Chrx_supercontig_000000276,x,35698,76322399,3164047605
GL867845.1,Chrx_supercontig_000000277,x,62389,76384788,3164109994
GL867846.1,Chrx_supercontig_000000278,x,22462,76407250,3164132456
GL867847.1,Chrx_supercontig_000000279,x,31589,76438839,3164164045
GL867848.1,Chrx_supercontig_000000280,x,45065,76483904,3164209110
GL867849.1,Chrx_supercontig_000000281,x,12604,76496508,3164221714
GL867850.1,Chrx_supercontig_000000282,x,68282,76564790,3164289996
GL867851.1,Chrx_supercontig_000000283,x,17432,76582222,3164307428
GL867852.1,Chrx_supercontig_000000284,x,37233,76619455,3164344661
GL867853.1,Chrx_supercontig_000000285,x,30419,76649874,3164375080
GL867854.1,Chrx_supercontig_000000286,x,35447,76685321,3164410527
GL867855.1,Chrx_supercontig_000000287,x,54413,76739734,3164464940
GL867856.1,Chrx_supercontig_000000288,x,20044,76759778,3164484984
GL867857.1,Chrx_supercontig_000000289,x,75397,76835175,3164560381
GL867858.1,Chrx_supercontig_000000290,x,11504,76846679,3164571885
GL867859.1,Chrx_supercontig_000000291,x,25038,76871717,3164596923
GL867860.1,Chrx_supercontig_000000292,x,22272,76893989,3164619195
GL867861.1,Chrx_supercontig_000000293,x,103336,76997325,3164722531
GL867862.1,Chrx_supercontig_000000294,x,46642,77043967,3164769173
GL867863.1,Chrx_supercontig_000000295,x,18852,77062819,3164788025
GL867864.1,Chrx_supercontig_000000296,x,5777,77068596,3164793802
GL867865.1,Chrx_supercontig_000000297,x,44293,77112889,3164838095
GL867866.1,Chrx_supercontig_000000298,x,15106,77127995,3164853201
GL867867.1,Chrx_supercontig_000000299,x,11643,77139638,3164864844
GL867868.1,Chrx_supercontig_000000300,x,15956,77155594,3164880800
GL867869.1,Chrx_supercontig_000000301,x,38659,77194253,3164919459
GL867870.1,Chrx_supercontig_000000302,x,104149,77298402,3165023608
GL867871.1,Chrx_supercontig_000000303,x,69471,77367873,3165093079
GL867872.1,Chrx_supercontig_000000304,x,37223,77405096,3165130302
GL867873.1,Chrx_supercontig_000000305,x,11514,77416610,3165141816
GL867874.1,Chrx_supercontig_000000306,x,62633,77479243,3165204449
GL867875.1,Chrx_supercontig_000000307,x,10245,77489488,3165214694
GL867876.1,Chrx_supercontig_000000308,x,8922,77498410,3165223616
GL867877.1,Chrx_supercontig_000000309,x,24598,77523008,3165248214
GL867878.1,Chrx_supercontig_000000310,x,11625,77534633,3165259839
GL867879.1,Chrx_supercontig_000000311,x,77417,77612050,3165337256
GL867880.1,Chrx_supercontig_000000312,x,37404,77649454,3165374660
GL867881.1,Chrx_supercontig_000000313,x,10809,77660263,3165385469
GL867882.1,Chrx_supercontig_000000314,x,23152,77683415,3165408621
GL867883.1,Chrx_supercontig_000000315,x,16132,77699547,3165424753
GL867884.1,Chrx_supercontig_000000316,x,61290,77760837,3165486043
GL867885.1,Chrx_supercontig_000000317,x,8465,77769302,3165494508
GL867886.1,Chrx_supercontig_000000318,x,74171,77843473,3165568679
GL867887.1,Chrx_supercontig_000000319,x,10247,77853720,3165578926
GL867888.1,Chrx_supercontig_000000320,x,30992,77884712,3165609918
GL867889.1,Chrx_supercontig_000000321,x,32044,77916756,3165641962
GL867890.1,Chrx_supercontig_000000322,x,91510,78008266,3165733472
GL867891.1,Chrx_supercontig_000000323,x,31167,78039433,3165764639
GL867892.1,Chrx_supercontig_000000324,x,5495,78044928,3165770134
GL867893.1,Chrx_supercontig_000000325,x,53882,78098810,3165824016
GL867894.1,Chrx_supercontig_000000326,x,53324,78152134,3165877340
GL867895.1,Chrx_supercontig_000000327,x,77796,78229930,3165955136
GL867896.1,Chrx_supercontig_000000328,x,10884,78240814,3165966020
GL867897.1,Chrx_supercontig_000000329,x,10914,78251728,3165976934
GL867898.1,Chrx_supercontig_000000330,x,42859,78294587,3166019793
GL867899.1,Chrx_supercontig_000000331,x,19843,78314430,3166039636
GL867900.1,Chrx_supercontig_000000332,x,161135,78475565,3166200771
GL867901.1,Chrx_supercontig_000000333,x,19464,78495029,3166220235
GL867902.1,Chrx_supercontig_000000334,x,9975,78505004,3166230210
GL867903.1,Chrx_supercontig_000000335,x,14001,78519005,3166244211
GL867904.1,Chrx_supercontig_000000336,x,103452,78622457,3166347663
GL867905.1,Chrx_supercontig_000000337,x,44556,78667013,3166392219
GL867906.1,Chrx_supercontig_000000338,x,14506,78681519,3166406725
GL867907.1,Chrx_supercontig_000000339,x,50891,78732410,3166457616
GL867908.1,Chrx_supercontig_000000340,x,45941,78778351,3166503557
GL867909.1,Chrx_supercontig_000000341,x,20442,78798793,3166523999
GL867910.1,Chrx_supercontig_000000342,x,13209,78812002,3166537208
GL867911.1,Chrx_supercontig_000000343,x,89277,78901279,3166626485
GL867912.1,Chrx_supercontig_000000344,x,4380,78905659,3166630865
GL867913.1,Chrx_supercontig_000000345,x,14152,78919811,3166645017
GL867914.1,Chrx_supercontig_000000346,x,19015,78938826,3166664032
GL867915.1,Chrx_supercontig_000000347,x,17801,78956627,3166681833
GL867916.1,Chrx_supercontig_000000348,x,41727,78998354,3166723560
GL867917.1,Chrx_supercontig_000000349,x,5679,79004033,3166729239
GL867918.1,Chrx_supercontig_000000350,x,17667,79021700,3166746906
GL867919.1,Chrx_supercontig_000000351,x,24360,79046060,3166771266
GL867920.1,Chrx_supercontig_000000352,x,19771,79065831,3166791037
GL867921.1,Chrx_supercontig_000000353,x,26716,79092547,3166817753
GL867922.1,Chrx_supercontig_000000354,x,7702,79100249,3166825455
GL867923.1,Chrx_supercontig_000000355,x,49150,79149399,3166874605
GL867924.1,Chrx_supercontig_000000356,x,59081,79208480,3166933686
GL867925.1,Chrx_supercontig_000000357,x,24873,79233353,3166958559
GL867926.1,Chrx_supercontig_000000358,x,15754,79249107,3166974313
GL867927.1,Chrx_supercontig_000000359,x,17438,79266545,3166991751
GL867928.1,Chrx_supercontig_000000360,x,39998,79306543,3167031749
GL867929.1,Chrx_supercontig_000000361,x,32199,79338742,3167063948
GL867930.1,Chrx_supercontig_000000362,x,4669,79343411,3167068617
GL867931.1,Chrx_supercontig_000000363,x,23554,79366965,3167092171
GL867932.1,Chrx_supercontig_000000364,x,35028,79401993,3167127199
GL867933.1,Chrx_supercontig_000000365,x,25304,79427297,3167152503
GL867934.1,Chrx_supercontig_000000366,x,26028,79453325,3167178531
GL867935.1,Chrx_supercontig_000000367,x,28489,79481814,3167207020
GL867936.1,Chrx_supercontig_000000368,x,64613,79546427,3167271633
GL867937.1,Chrx_supercontig_000000369,x,101469,79647896,3167373102
GL867938.1,Chrx_supercontig_000000370,x,6805,79654701,3167379907
GL867939.1,Chrx_supercontig_000000371,x,30334,79685035,3167410241
GL867940.1,Chrx_supercontig_000000372,x,10605,79695640,3167420846
GL867941.1,Chrx_supercontig_000000373,x,14611,79710251,3167435457
GL867942.1,Chrx_supercontig_000000374,x,10530,79720781,3167445987
GL867943.1,Chrx_supercontig_000000375,x,10890,79731671,3167456877
GL867944.1,Chrx_supercontig_000000376,x,30656,79762327,3167487533
GL867945.1,Chrx_supercontig_000000377,x,16506,79778833,3167504039
GL867946.1,Chrx_supercontig_000000378,x,9743,79788576,3167513782
GL867947.1,Chrx_supercontig_000000379,x,54852,79843428,3167568634
GL867948.1,Chrx_supercontig_000000380,x,15018,79858446,3167583652
GL867949.1,Chrx_supercontig_000000381,x,19338,79877784,3167602990
GL867950.1,Chrx_supercontig_000000382,x,17865,79895649,3167620855
GL867951.1,Chrx_supercontig_000000383,x,16078,79911727,3167636933
GL867952.1,Chrx_supercontig_000000384,x,19992,79931719,3167656925
GL867953.1,Chrx_supercontig_000000385,x,28742,79960461,3167685667
GL867954.1,Chrx_supercontig_000000386,x,42726,80003187,3167728393
GL867955.1,Chrx_supercontig_000000387,x,35479,80038666,3167763872
GL867956.1,Chrx_supercontig_000000388,x,16541,80055207,3167780413
GL867957.1,Chrx_supercontig_000000389,x,9716,80064923,3167790129
GL867958.1,Chrx_supercontig_000000390,x,2769,80067692,3167792898
GL867959.1,Chrx_supercontig_000000391,x,642,80068334,3167793540
GL867960.1,Chrx_supercontig_000000392,x,3970,80072304,3167797510
GL867961.1,Chrx_supercontig_000000393,x,23248,80095552,3167820758
GL867962.1,Chrx_supercontig_000000394,x,3793,80099345,3167824551
GL867963.1,Chrx_supercontig_000000395,x,13135,80112480,3167837686
GL867964.1,Chrx_supercontig_000000396,x,5448,80117928,3167843134
GL867965.1,Chrx_supercontig_000000397,x,1480,80119408,3167844614
GL867966.1,Chrx_supercontig_000000398,x,1531,80120939,3167846145
GL867967.1,Chrx_supercontig_000000399,x,1566,80122505,3167847711
GL867968.1,Chrx_supercontig_000000400,x,4047,80126552,3167851758
GL867969.1,Chrx_supercontig_000000401,x,1903,80128455,3167853661
GL867970.1,Chrx_supercontig_000000402,x,1779,80130234,3167855440
GL867971.1,Chrx_supercontig_000000403,x,1590,80131824,3167857030
GL867972.1,Chrx_supercontig_000000404,x,2716,80134540,3167859746
GL867973.1,Chrx_supercontig_000000405,x,1524,80136064,3167861270
GL867974.1,Chrx_supercontig_000000406,x,2567,80138631,3167863837
GL867975.1,Chrx_supercontig_000000407,x,1860,80140491,3167865697
GL867976.1,Chrx_supercontig_000000408,x,2154,80142645,3167867851
GL867977.1,Chrx_supercontig_000000409,x,1503,80144148,3167869354
GL867978.1,Chrx_supercontig_000000410,x,1591,80145739,3167870945
GL867979.1,Chrx_supercontig_000000411,x,1883,80147622,3167872828
GL867980.1,Chrx_supercontig_000000412,x,1660,80149282,3167874488
GL867981.1,Chrx_supercontig_000000413,x,1845,80151127,3167876333
GL867982.1,Chrx_supercontig_000000414,x,2086,80153213,3167878419
GL867983.1,Chrx_supercontig_000000415,x,2108,80155321,3167880527
GL867984.1,Chrx_supercontig_000000416,x,1742,80157063,3167882269
GL867985.1,Chrx_supercontig_000000417,x,1659,80158722,3167883928
GL867986.1,Chrx_supercontig_000000418,x,2522,80161244,3167886450
GL867987.1,Chrx_supercontig_000000419,x,1881,80163125,3167888331
GL867988.1,Chrx_supercontig_000000420,x,1655,80164780,3167889986
GL867989.1,Chrx_supercontig_000000421,x,2452,80167232,3167892438
GL867990.1,Chrx_supercontig_000000422,x,1780,80169012,3167894218
GL867991.1,Chrx_supercontig_000000423,x,1556,80170568,3167895774
GL867992.1,Chrx_supercontig_000000424,x,1693,80172261,3167897467
GL867993.1,Chrx_supercontig_000000425,x,1633,80173894,3167899100
GL867994.1,Chrx_supercontig_000000426,x,2798,80176692,3167901898
GL867995.1,Chrx_supercontig_000000427,x,2100,80178792,3167903998
GL867996.1,Chrx_supercontig_000000428,x,3525,80182317,3167907523
GL867997.1,Chrx_supercontig_000000429,x,2174,80184491,3167909697
GL867998.1,Chrx_supercontig_000000430,x,1845,80186336,3167911542
GL867999.1,Chrx_supercontig_000000431,x,1857,80188193,3167913399
GL868000.1,Chrx_supercontig_000000432,x,1590,80189783,3167914989
GL868001.1,Chrx_supercontig_000000433,x,1751,80191534,3167916740
GL868002.1,Chrx_supercontig_000000434,x,3014,80194548,3167919754
GL868003.1,Chrx_supercontig_000000435,x,2397,80196945,3167922151
GL868004.1,Chrx_supercontig_000000436,x,2258,80199203,3167924409
GL868005.1,Chrx_supercontig_000000437,x,1874,80201077,3167926283
GL868006.1,Chrx_supercontig_000000438,x,2404,80203481,3167928687
GL868007.1,Chrx_supercontig_000000439,x,1824,80205305,3167930511
GL868008.1,Chrx_supercontig_000000440,x,2523,80207828,3167933034
GL868009.1,Chrx_supercontig_000000441,x,1587,80209415,3167934621
GL868010.1,Chrx_supercontig_000000442,x,6083,80215498,3167940704
GL868011.1,Chrx_supercontig_000000443,x,2315,80217813,3167943019
GL868012.1,Chrx_supercontig_000000444,x,2350,80220163,3167945369
GL868013.1,Chrx_supercontig_000000445,x,1685,80221848,3167947054
GL868014.1,Chrx_supercontig_000000446,x,15007,80236855,3167962061
GL868015.1,Chrx_supercontig_000000447,x,1917,80238772,3167963978
GL868016.1,Chrx_supercontig_000000448,x,1543,80240315,3167965521
GL868017.1,Chrx_supercontig_000000449,x,2151,80242466,3167967672
GL868018.1,Chrx_supercontig_000000450,x,1633,80244099,3167969305
GL868019.1,Chrx_supercontig_000000451,x,2170,80246269,3167971475
GL868020.1,Chrx_supercontig_000000452,x,1663,80247932,3167973138
GL868021.1,Chrx_supercontig_000000453,x,1994,80249926,3167975132
GL868022.1,Chrx_supercontig_000000454,x,1681,80251607,3167976813
GL868023.1,Chrx_supercontig_000000455,x,1808,80253415,3167978621
GL868024.1,Chrx_supercontig_000000456,x,2744,80256159,3167981365
GL868025.1,Chrx_supercontig_000000457,x,1859,80258018,3167983224
GL868026.1,Chrx_supercontig_000000458,x,1629,80259647,3167984853
GL868027.1,Chrx_supercontig_000000459,x,2039,80261686,3167986892
GL868028.1,Chrx_supercontig_000000460,x,1695,80263381,3167988587
GL868029.1,Chrx_supercontig_000000461,x,1542,80264923,3167990129
GL868030.1,Chrx_supercontig_000000462,x,3045,80267968,3167993174
GL868031.1,Chrx_supercontig_000000463,x,2101,80270069,3167995275
GL868032.1,Chrx_supercontig_000000464,x,1922,80271991,3167997197
GL868033.1,Chrx_supercontig_000000465,x,1717,80273708,3167998914
GL868034.1,Chrx_supercontig_000000466,x,2080,80275788,3168000994
GL868035.1,Chrx_supercontig_000000467,x,1723,80277511,3168002717
GL868036.1,Chrx_supercontig_000000468,x,1927,80279438,3168004644
GL868037.1,Chrx_supercontig_000000469,x,2341,80281779,3168006985
GL868038.1,Chrx_supercontig_000000470,x,1652,80283431,3168008637
GL868039.1,Chrx_supercontig_000000471,x,1887,80285318,3168010524
GL868040.1,Chrx_supercontig_000000472,x,1571,80286889,3168012095
GL868041.1,Chrx_supercontig_000000473,x,1515,80288404,3168013610
GL868042.1,Chrx_supercontig_000000474,x,2436,80290840,3168016046
GL868043.1,Chrx_supercontig_000000475,x,2910,80293750,3168018956
GL868044.1,Chrx_supercontig_000000476,x,3086,80296836,3168022042
GL868045.1,Chrx_supercontig_000000477,x,1692,80298528,3168023734
GL868046.1,Chrx_supercontig_000000478,x,1665,80300193,3168025399
GL868047.1,Chrx_supercontig_000000479,x,4251,80304444,3168029650
GL868048.1,Chrx_supercontig_000000480,x,16818,80321262,3168046468
GL868049.1,Chrx_supercontig_000000481,x,9686,80330948,3168056154
GL868050.1,Chrx_supercontig_000000482,x,11274,80342222,3168067428
GL868051.1,Chrx_supercontig_000000483,x,13372,80355594,3168080800
GL868052.1,Chrx_supercontig_000000484,x,12724,80368318,3168093524
GL868053.1,Chrx_supercontig_000000485,x,2470,80370788,3168095994
GL868054.1,Chrx_supercontig_000000486,x,4912,80375700,3168100906
GL868055.1,Chrx_supercontig_000000487,x,2021,80377721,3168102927
GL868056.1,Chrx_supercontig_000000488,x,1798,80379519,3168104725
GL868057.1,Chrx_supercontig_000000489,x,1568,80381087,3168106293
GL868058.1,Chrx_supercontig_000000490,x,1500,80382587,3168107793
GL868059.1,Chrx_supercontig_000000491,x,1776,80384363,3168109569
GL868060.1,Chrx_supercontig_000000492,x,2250,80386613,3168111819
GL868061.1,Chrx_supercontig_000000493,x,5104,80391717,3168116923
GL868062.1,Chrx_supercontig_000000494,x,2313,80394030,3168119236
GL868063.1,Chrx_supercontig_000000495,x,2021,80396051,3168121257
GL868064.1,Chrx_supercontig_000000496,x,2250,80398301,3168123507
GL868065.1,Chrx_supercontig_000000497,x,2017,80400318,3168125524
GL868066.1,Chrx_supercontig_000000498,x,1679,80401997,3168127203
GL868067.1,Chrx_supercontig_000000499,x,2495,80404492,3168129698
GL868068.1,Chrx_supercontig_000000500,x,1735,80406227,3168131433
GL868069.1,Chrx_supercontig_000000501,x,2180,80408407,3168133613
GL868070.1,Chrx_supercontig_000000502,x,4771,80413178,3168138384
GL868071.1,Chrx_supercontig_000000503,x,1671,80414849,3168140055
GL868072.1,Chrx_supercontig_000000504,x,2798,80417647,3168142853
GL868073.1,Chrx_supercontig_000000505,x,6255,80423902,3168149108
GL868074.1,Chrx_supercontig_000000506,x,2049,80425951,3168151157
GL868075.1,Chrx_supercontig_000000507,x,1699,80427650,3168152856
GL868076.1,Chrx_supercontig_000000508,x,2378,80430028,3168155234
GL868077.1,Chrx_supercontig_000000509,x,1608,80431636,3168156842
GL868078.1,Chrx_supercontig_000000510,x,1631,80433267,3168158473
GL868079.1,Chrx_supercontig_000000511,x,1752,80435019,3168160225
GL868080.1,Chrx_supercontig_000000512,x,1586,80436605,3168161811
GL868081.1,Chrx_supercontig_000000513,x,2469,80439074,3168164280
GL868082.1,Chrx_supercontig_000000514,x,1599,80440673,3168165879
GL868083.1,Chrx_supercontig_000000515,x,1534,80442207,3168167413
GL868084.1,Chrx_supercontig_000000516,x,1578,80443785,3168168991
GL868085.1,Chrx_supercontig_000000517,x,1593,80445378,3168170584
GL868086.1,Chrx_supercontig_000000518,x,4851,80450229,3168175435
GL868087.1,Chrx_supercontig_000000519,x,2004,80452233,3168177439
GL868088.1,Chrx_supercontig_000000520,x,1620,80453853,3168179059
GL868089.1,Chrx_supercontig_000000521,x,4485,80458338,3168183544
GL868090.1,Chrx_supercontig_000000522,x,1902,80460240,3168185446
GL868091.1,Chrx_supercontig_000000523,x,1931,80462171,3168187377
GL868092.1,Chrx_supercontig_000000524,x,3289,80465460,3168190666
GL868093.1,Chrx_supercontig_000000525,x,2153,80467613,3168192819
GL868094.1,Chrx_supercontig_000000526,x,1569,80469182,3168194388
GL868095.1,Chrx_supercontig_000000527,x,4023,80473205,3168198411
GL868096.1,Chrx_supercontig_000000528,x,1989,80475194,3168200400
GL868097.1,Chrx_supercontig_000000529,x,1923,80477117,3168202323
GL868098.1,Chrx_supercontig_000000530,x,2214,80479331,3168204537
GL868099.1,Chrx_supercontig_000000531,x,1988,80481319,3168206525
GL868100.1,Chrx_supercontig_000000532,x,1776,80483095,3168208301
GL868101.1,Chrx_supercontig_000000533,x,2244,80485339,3168210545
GL868102.1,Chrx_supercontig_000000534,x,1942,80487281,3168212487
GL868103.1,Chrx_supercontig_000000535,x,1603,80488884,3168214090
GL868104.1,Chrx_supercontig_000000536,x,2634,80491518,3168216724
GL868105.1,Chrx_supercontig_000000537,x,1730,80493248,3168218454
GL868106.1,Chrx_supercontig_000000538,x,2384,80495632,3168220838
GL868107.1,Chrx_supercontig_000000539,x,1657,80497289,3168222495
GL868108.1,Chrx_supercontig_000000540,x,1675,80498964,3168224170
GL868109.1,Chrx_supercontig_000000541,x,4496,80503460,3168228666
GL868110.1,Chrx_supercontig_000000542,x,1535,80504995,3168230201
GL868111.1,Chrx_supercontig_000000543,x,1817,80506812,3168232018
GL868112.1,Chrx_supercontig_000000544,x,2841,80509653,3168234859
GL868113.1,Chrx_supercontig_000000545,x,3669,80513322,3168238528
GL868114.1,Chrx_supercontig_000000546,x,5285,80518607,3168243813
GL868115.1,Chrx_supercontig_000000547,x,3255,80521862,3168247068
GL868116.1,Chrx_supercontig_000000548,x,1765,80523627,3168248833
GL868117.1,Chrx_supercontig_000000549,x,1576,80525203,3168250409
GL868118.1,Chrx_supercontig_000000550,x,1574,80526777,3168251983
GL868119.1,Chrx_supercontig_000000551,x,2734,80529511,3168254717
GL868120.1,Chrx_supercontig_000000552,x,2796,80532307,3168257513
GL868121.1,Chrx_supercontig_000000553,x,1776,80534083,3168259289
GL868122.1,Chrx_supercontig_000000554,x,7973,80542056,3168267262
GL868123.1,Chrx_supercontig_000000555,x,2053,80544109,3168269315
GL868124.1,Chrx_supercontig_000000556,x,1710,80545819,3168271025
GL868125.1,Chrx_supercontig_000000557,x,2019,80547838,3168273044
GL868126.1,Chrx_supercontig_000000558,x,3955,80551793,3168276999
GL868127.1,Chrx_supercontig_000000559,x,1538,80553331,3168278537
GL868128.1,Chrx_supercontig_000000560,x,1547,80554878,3168280084
GL868129.1,Chrx_supercontig_000000561,x,4461,80559339,3168284545
GL868130.1,Chrx_supercontig_000000562,x,1866,80561205,3168286411
GL868131.1,Chrx_supercontig_000000563,x,2183,80563388,3168288594
GL868132.1,Chrx_supercontig_000000564,x,3276,80566664,3168291870
GL868133.1,Chrx_supercontig_000000565,x,6229,80572893,3168298099
GL868134.1,Chrx_supercontig_000000566,x,4795,80577688,3168302894
GL868135.1,Chrx_supercontig_000000567,x,2136,80579824,3168305030
GL868136.1,Chrx_supercontig_000000568,x,4671,80584495,3168309701
GL868137.1,Chrx_supercontig_000000569,x,7111,80591606,3168316812
GL868138.1,Chrx_supercontig_000000570,x,1735,80593341,3168318547
GL868139.1,Chrx_supercontig_000000571,x,2902,80596243,3168321449
GL868140.1,Chrx_supercontig_000000572,x,1676,80597919,3168323125
GL868141.1,Chrx_supercontig_000000573,x,3014,80600933,3168326139
GL868142.1,Chrx_supercontig_000000574,x,1573,80602506,3168327712
GL868143.1,Chrx_supercontig_000000575,x,3299,80605805,3168331011
GL868144.1,Chrx_supercontig_000000576,x,4411,80610216,3168335422
GL868145.1,Chrx_supercontig_000000577,x,1914,80612130,3168337336
GL868146.1,Chrx_supercontig_000000578,x,2760,80614890,3168340096
GL868147.1,Chrx_supercontig_000000579,x,6320,80621210,3168346416
GL868148.1,Chrx_supercontig_000000580,x,6807,80628017,3168353223
GL868149.1,Chrx_supercontig_000000581,x,3433,80631450,3168356656
GL868150.1,Chrx_supercontig_000000582,x,5251,80636701,3168361907
GL868151.1,Chrx_supercontig_000000583,x,2995,80639696,3168364902
GL868152.1,Chrx_supercontig_000000584,x,2325,80642021,3168367227
GL868153.1,Chrx_supercontig_000000585,x,1789,80643810,3168369016
GL868154.1,Chrx_supercontig_000000586,x,1938,80645748,3168370954
GL868155.1,Chrx_supercontig_000000587,x,2286,80648034,3168373240
GL868156.1,Chrx_supercontig_000000588,x,1983,80650017,3168375223
GL868157.1,Chrx_supercontig_000000589,x,1915,80651932,3168377138
GL868158.1,Chrx_supercontig_000000590,x,1623,80653555,3168378761
GL868159.1,Chrx_supercontig_000000591,x,3865,80657420,3168382626
GL868160.1,Chrx_supercontig_000000592,x,1860,80659280,3168384486
GL868161.1,Chrx_supercontig_000000593,x,2020,80661300,3168386506
GL868162.1,Chrx_supercontig_000000594,x,3414,80664714,3168389920
GL868163.1,Chrx_supercontig_000000595,x,2052,80666766,3168391972
GL868164.1,Chrx_supercontig_000000596,x,2288,80669054,3168394260
GL868165.1,Chrx_supercontig_000000597,x,2549,80671603,3168396809
GL868166.1,Chrx_supercontig_000000598,x,1897,80673500,3168398706
GL868167.1,Chrx_supercontig_000000599,x,2875,80676375,3168401581
GL868168.1,Chrx_supercontig_000000600,x,1548,80677923,3168403129
GL868169.1,Chrx_supercontig_000000601,x,2342,80680265,3168405471
GL868170.1,Chrx_supercontig_000000602,x,2807,80683072,3168408278
GL868171.1,Chrx_supercontig_000000603,x,9943,80693015,3168418221
GL868172.1,Chrx_supercontig_000000604,x,8184,80701199,3168426405
GL868173.1,Chrx_supercontig_000000605,x,2101,80703300,3168428506
GL868174.1,Chrx_supercontig_000000606,x,2930,80706230,3168431436
GL868175.1,Chrx_supercontig_000000607,x,2064,80708294,3168433500
GL868176.1,Chrx_supercontig_000000608,x,4125,80712419,3168437625
GL868177.1,Chrx_supercontig_000000609,x,12077,80724496,3168449702
GL868178.1,Chrx_supercontig_000000610,x,1623,80726119,3168451325
GL868179.1,Chrx_supercontig_000000611,x,1778,80727897,3168453103
GL868180.1,Chrx_supercontig_000000612,x,1768,80729665,3168454871
GL868181.1,Chrx_supercontig_000000613,x,2025,80731690,3168456896
GL868182.1,Chrx_supercontig_000000614,x,1849,80733539,3168458745
GL868183.1,Chrx_supercontig_000000615,x,3230,80736769,3168461975
GL868184.1,Chrx_supercontig_000000616,x,3800,80740569,3168465775
GL868185.1,Chrx_supercontig_000000617,x,1971,80742540,3168467746
GL868186.1,Chrx_supercontig_000000618,x,2337,80744877,3168470083
GL868187.1,Chrx_supercontig_000000619,x,1773,80746650,3168471856
GL868188.1,Chrx_supercontig_000000620,x,2623,80749273,3168474479
GL868189.1,Chrx_supercontig_000000621,x,2282,80751555,3168476761
GL868190.1,Chrx_supercontig_000000622,x,2166,80753721,3168478927
GL868191.1,Chrx_supercontig_000000623,x,1978,80755699,3168480905
GL868192.1,Chrx_supercontig_000000624,x,1848,80757547,3168482753
GL868193.1,Chrx_supercontig_000000625,x,1579,80759126,3168484332
GL868194.1,Chrx_supercontig_000000626,x,2266,80761392,3168486598
GL868195.1,Chrx_supercontig_000000627,x,1528,80762920,3168488126
GL868196.1,Chrx_supercontig_000000628,x,2319,80765239,3168490445
GL868197.1,Chrx_supercontig_000000629,x,1694,80766933,3168492139
GL868198.1,Chrx_supercontig_000000630,x,3165,80770098,3168495304
GL868199.1,Chrx_supercontig_000000631,x,3898,80773996,3168499202
GL868200.1,Chrx_supercontig_000000632,x,2204,80776200,3168501406
GL868201.1,Chrx_supercontig_000000633,x,1512,80777712,3168502918
GL868202.1,Chrx_supercontig_000000634,x,1771,80779483,3168504689
GL868203.1,Chrx_supercontig_000000635,x,1641,80781124,3168506330
GL868204.1,Chrx_supercontig_000000636,x,3233,80784357,3168509563
GL868205.1,Chrx_supercontig_000000637,x,3572,80787929,3168513135
GL868206.1,Chrx_supercontig_000000638,x,2400,80790329,3168515535
GL868207.1,Chrx_supercontig_000000639,x,1722,80792051,3168517257
GL868208.1,Chrx_supercontig_000000640,x,2519,80794570,3168519776
GL868209.1,Chrx_supercontig_000000641,x,1721,80796291,3168521497
GL868210.1,Chrx_supercontig_000000642,x,2870,80799161,3168524367
GL868211.1,Chrx_supercontig_000000643,x,1556,80800717,3168525923
GL868212.1,Chrx_supercontig_000000644,x,4368,80805085,3168530291
GL868213.1,Chrx_supercontig_000000645,x,2270,80807355,3168532561
GL868214.1,Chrx_supercontig_000000646,x,1633,80808988,3168534194
GL868215.1,Chrx_supercontig_000000647,x,2424,80811412,3168536618
GL868216.1,Chrx_supercontig_000000648,x,1749,80813161,3168538367
GL868217.1,Chrx_supercontig_000000649,x,1600,80814761,3168539967
GL868218.1,Chrx_supercontig_000000650,x,2187,80816948,3168542154
GL868219.1,Chrx_supercontig_000000651,x,7108,80824056,3168549262
GL868220.1,Chrx_supercontig_000000652,x,3591,80827647,3168552853
GL868221.1,Chrx_supercontig_000000653,x,2057,80829704,3168554910
GL868222.1,Chrx_supercontig_000000654,x,1504,80831208,3168556414
GL868223.1,Chrx_supercontig_000000655,x,1542,80832750,3168557956
GL868224.1,Chrx_supercontig_000000656,x,2156,80834906,3168560112
GL868225.1,Chrx_supercontig_000000657,x,1719,80836625,3168561831
GL868226.1,Chrx_supercontig_000000658,x,2566,80839191,3168564397
GL868227.1,Chrx_supercontig_000000659,x,7075,80846266,3168571472
GL868228.1,Chrx_supercontig_000000660,x,2586,80848852,3168574058
GL868229.1,Chrx_supercontig_000000661,x,1625,80850477,3168575683
GL868230.1,Chrx_supercontig_000000662,x,1968,80852445,3168577651
GL868231.1,Chrx_supercontig_000000663,x,1808,80854253,3168579459
GL868232.1,Chrx_supercontig_000000664,x,2335,80856588,3168581794
GL868233.1,Chrx_supercontig_000000665,x,2405,80858993,3168584199
GL868234.1,Chrx_supercontig_000000666,x,2247,80861240,3168586446
GL868235.1,Chrx_supercontig_000000667,x,1697,80862937,3168588143
GL868236.1,Chrx_supercontig_000000668,x,1549,80864486,3168589692
GL868237.1,Chrx_supercontig_000000669,x,1515,80866001,3168591207
GL868238.1,Chrx_supercontig_000000670,x,2220,80868221,3168593427
GL868239.1,Chrx_supercontig_000000671,x,2921,80871142,3168596348
GL868240.1,Chrx_supercontig_000000672,x,1524,80872666,3168597872
GL868241.1,Chrx_supercontig_000000673,x,1802,80874468,3168599674
GL868242.1,Chrx_supercontig_000000674,x,2071,80876539,3168601745
GL868243.1,Chrx_supercontig_000000675,x,1527,80878066,3168603272
GL868244.1,Chrx_supercontig_000000676,x,7187,80885253,3168610459
GL868245.1,Chrx_supercontig_000000677,x,15653,80900906,3168626112
GL868246.1,Chrx_supercontig_000000678,x,2292,80903198,3168628404
GL868247.1,Chrx_supercontig_000000679,x,4080,80907278,3168632484
GL868248.1,Chrx_supercontig_000000680,x,1864,80909142,3168634348
GL868249.1,Chrx_supercontig_000000681,x,1825,80910967,3168636173
GL868250.1,Chrx_supercontig_000000682,x,1613,80912580,3168637786
GL868251.1,Chrx_supercontig_000000683,x,1533,80914113,3168639319
GL868252.1,Chrx_supercontig_000000684,x,1984,80916097,3168641303
GL868253.1,Chrx_supercontig_000000685,x,3065,80919162,3168644368
GL868254.1,Chrx_supercontig_000000686,x,1833,80920995,3168646201
GL868255.1,Chrx_supercontig_000000687,x,1979,80922974,3168648180
GL868256.1,Chrx_supercontig_000000688,x,2149,80925123,3168650329
GL868257.1,Chrx_supercontig_000000689,x,4092,80929215,3168654421
GL868258.1,Chrx_supercontig_000000690,x,1822,80931037,3168656243
GL868259.1,Chrx_supercontig_000000691,x,3028,80934065,3168659271
GL868260.1,Chrx_supercontig_000000692,x,10230,80944295,3168669501
GL868261.1,Chrx_supercontig_000000693,x,2309,80946604,3168671810
GL868262.1,Chrx_supercontig_000000694,x,5123,80951727,3168676933
GL868263.1,Chrx_supercontig_000000695,x,1636,80953363,3168678569
GL868264.1,Chrx_supercontig_000000696,x,9413,80962776,3168687982
GL868265.1,Chrx_supercontig_000000697,x,2427,80965203,3168690409
GL868266.1,Chrx_supercontig_000000698,x,1962,80967165,3168692371
GL868267.1,Chrx_supercontig_000000699,x,1692,80968857,3168694063
GL868268.1,Chrx_supercontig_000000700,x,4139,80972996,3168698202
GL868269.1,Chrx_supercontig_000000701,x,1575,80974571,3168699777
GL868270.1,Chrx_supercontig_000000702,x,2026,80976597,3168701803
GL868271.1,Chrx_supercontig_000000703,x,1524,80978121,3168703327
GL868272.1,Chrx_supercontig_000000704,x,1516,80979637,3168704843
GL868273.1,Chrx_supercontig_000000705,x,2385,80982022,3168707228
GL868274.1,Chrx_supercontig_000000706,x,4789,80986811,3168712017
GL868275.1,Chrx_supercontig_000000707,x,2683,80989494,3168714700
GL868276.1,Chrx_supercontig_000000708,x,2287,80991781,3168716987
GL868277.1,Chrx_supercontig_000000709,x,2240,80994021,3168719227
GL868278.1,Chrx_supercontig_000000710,x,1888,80995909,3168721115
GL868279.1,Chrx_supercontig_000000711,x,2164,80998073,3168723279
GL868280.1,Chrx_supercontig_000000712,x,1550,80999623,3168724829
GL868281.1,Chrx_supercontig_000000713,x,1819,81001442,3168726648
GL868282.1,Chrx_supercontig_000000714,x,2247,81003689,3168728895
GL868283.1,Chrx_supercontig_000000715,x,4613,81008302,3168733508
GL868284.1,Chrx_supercontig_000000716,x,1931,81010233,3168735439
GL868285.1,Chrx_supercontig_000000717,x,2051,81012284,3168737490
GL868286.1,Chrx_supercontig_000000718,x,2278,81014562,3168739768
GL868287.1,Chrx_supercontig_000000719,x,2082,81016644,3168741850
GL868288.1,Chrx_supercontig_000000720,x,1529,81018173,3168743379
GL868289.1,Chrx_supercontig_000000721,x,2538,81020711,3168745917
GL868290.1,Chrx_supercontig_000000722,x,1657,81022368,3168747574
GL868291.1,Chrx_supercontig_000000723,x,7490,81029858,3168755064
GL868292.1,Chrx_supercontig_000000724,x,2123,81031981,3168757187
GL868293.1,Chrx_supercontig_000000725,x,2602,81034583,3168759789
GL868294.1,Chrx_supercontig_000000726,x,2245,81036828,3168762034
GL868295.1,Chrx_supercontig_000000727,x,2338,81039166,3168764372
GL868296.1,Chrx_supercontig_000000728,x,2305,81041471,3168766677
GL868297.1,Chrx_supercontig_000000729,x,2933,81044404,3168769610
GL868298.1,Chrx_supercontig_000000730,x,2055,81046459,3168771665
GL868299.1,Chrx_supercontig_000000731,x,2076,81048535,3168773741
GL868300.1,Chrx_supercontig_000000732,x,4396,81052931,3168778137
GL868301.1,Chrx_supercontig_000000733,x,1564,81054495,3168779701
GL868302.1,Chrx_supercontig_000000734,x,1801,81056296,3168781502
GL868303.1,Chrx_supercontig_000000735,x,1623,81057919,3168783125
GL868304.1,Chrx_supercontig_000000736,x,10048,81067967,3168793173
GL868305.1,Chrx_supercontig_000000737,x,2866,81070833,3168796039
GL868306.1,Chrx_supercontig_000000738,x,2813,81073646,3168798852
GL868307.1,Chrx_supercontig_000000739,x,1529,81075175,3168800381
GL868308.1,Chrx_supercontig_000000740,x,2146,81077321,3168802527
GL868309.1,Chrx_supercontig_000000741,x,2222,81079543,3168804749
GL868310.1,Chrx_supercontig_000000742,x,1732,81081275,3168806481
GL868311.1,Chrx_supercontig_000000743,x,1847,81083122,3168808328
GL868312.1,Chrx_supercontig_000000744,x,2476,81085598,3168810804
GL868313.1,Chrx_supercontig_000000745,x,5012,81090610,3168815816
GL868314.1,Chrx_supercontig_000000746,x,2626,81093236,3168818442
GL868315.1,Chrx_supercontig_000000747,x,2447,81095683,3168820889
GL868316.1,Chrx_supercontig_000000748,x,4105,81099788,3168824994
GL868317.1,Chrx_supercontig_000000749,x,2238,81102026,3168827232
GL868318.1,Chrx_supercontig_000000750,x,2070,81104096,3168829302
GL868319.1,Chrx_supercontig_000000751,x,2686,81106782,3168831988
GL868320.1,Chrx_supercontig_000000752,x,1572,81108354,3168833560
GL868321.1,Chrx_supercontig_000000753,x,3322,81111676,3168836882
GL868322.1,Chrx_supercontig_000000754,x,6136,81117812,3168843018
GL868323.1,Chrx_supercontig_000000755,x,1562,81119374,3168844580
GL868324.1,Chrx_supercontig_000000756,x,2208,81121582,3168846788
GL868325.1,Chrx_supercontig_000000757,x,1751,81123333,3168848539
GL868326.1,Chrx_supercontig_000000758,x,1889,81125222,3168850428
GL868327.1,Chrx_supercontig_000000759,x,2100,81127322,3168852528
GL868328.1,Chrx_supercontig_000000760,x,2313,81129635,3168854841
GL868329.1,Chrx_supercontig_000000761,x,2423,81132058,3168857264
GL868330.1,Chrx_supercontig_000000762,x,1706,81133764,3168858970
GL868331.1,Chrx_supercontig_000000763,x,1703,81135467,3168860673
GL868332.1,Chrx_supercontig_000000764,x,1777,81137244,3168862450
GL868333.1,Chrx_supercontig_000000765,x,1637,81138881,3168864087
GL868334.1,Chrx_supercontig_000000766,x,1768,81140649,3168865855
GL868335.1,Chrx_supercontig_000000767,x,1632,81142281,3168867487
GL868336.1,Chrx_supercontig_000000768,x,2567,81144848,3168870054
GL868337.1,Chrx_supercontig_000000769,x,1680,81146528,3168871734
GL868338.1,Chrx_supercontig_000000770,x,1594,81148122,3168873328
GL868339.1,Chrx_supercontig_000000771,x,1926,81150048,3168875254
GL868340.1,Chrx_supercontig_000000772,x,6530,81156578,3168881784
GL868341.1,Chrx_supercontig_000000773,x,5025,81161603,3168886809
GL868342.1,Chrx_supercontig_000000774,x,1660,81163263,3168888469
GL868343.1,Chrx_supercontig_000000775,x,2251,81165514,3168890720
GL868344.1,Chrx_supercontig_000000776,x,9543,81175057,3168900263
GL868345.1,Chrx_supercontig_000000777,x,1780,81176837,3168902043
GL868346.1,Chrx_supercontig_000000778,x,4402,81181239,3168906445
GL868347.1,Chrx_supercontig_000000779,x,3014,81184253,3168909459
GL868348.1,Chrx_supercontig_000000780,x,1784,81186037,3168911243
GL868349.1,Chrx_supercontig_000000781,x,1747,81187784,3168912990
GL868350.1,Chrx_supercontig_000000782,x,2480,81190264,3168915470
GL868351.1,Chrx_supercontig_000000783,x,1822,81192086,3168917292
GL868352.1,Chrx_supercontig_000000784,x,1975,81194061,3168919267
GL868353.1,Chrx_supercontig_000000785,x,1677,81195738,3168920944
GL868354.1,Chrx_supercontig_000000786,x,1851,81197589,3168922795
GL868355.1,Chrx_supercontig_000000787,x,1841,81199430,3168924636
GL868356.1,Chrx_supercontig_000000788,x,1511,81200941,3168926147
GL868357.1,Chrx_supercontig_000000789,x,3424,81204365,3168929571
GL868358.1,Chrx_supercontig_000000790,x,1535,81205900,3168931106
GL868359.1,Chrx_supercontig_000000791,x,2327,81208227,3168933433
GL868360.1,Chrx_supercontig_000000792,x,5613,81213840,3168939046
GL868361.1,Chrx_supercontig_000000793,x,1535,81215375,3168940581
GL868362.1,Chrx_supercontig_000000794,x,1641,81217016,3168942222
GL868363.1,Chrx_supercontig_000000795,x,2030,81219046,3168944252
GL868364.1,Chrx_supercontig_000000796,x,2803,81221849,3168947055
GL868365.1,Chrx_supercontig_000000797,x,1864,81223713,3168948919
GL868366.1,Chrx_supercontig_000000798,x,1714,81225427,3168950633
GL868367.1,Chrx_supercontig_000000799,x,3282,81228709,3168953915
GL868368.1,Chrx_supercontig_000000800,x,2519,81231228,3168956434
GL868369.1,Chrx_supercontig_000000801,x,3023,81234251,3168959457
GL868370.1,Chrx_supercontig_000000802,x,2022,81236273,3168961479
GL868371.1,Chrx_supercontig_000000803,x,2556,81238829,3168964035
GL868372.1,Chrx_supercontig_000000804,x,1667,81240496,3168965702
GL868373.1,Chrx_supercontig_000000805,x,3024,81243520,3168968726
GL868374.1,Chrx_supercontig_000000806,x,3410,81246930,3168972136
GL868375.1,Chrx_supercontig_000000807,x,11705,81258635,3168983841
GL868376.1,Chrx_supercontig_000000808,x,3960,81262595,3168987801
GL868377.1,Chrx_supercontig_000000809,x,7574,81270169,3168995375
GL868378.1,Chrx_supercontig_000000810,x,14793,81284962,3169010168
GL868379.1,Chrx_supercontig_000000811,x,2115,81287077,3169012283
GL868380.1,Chrx_supercontig_000000812,x,1902,81288979,3169014185
GL868381.1,Chrx_supercontig_000000813,x,2389,81291368,3169016574
GL868382.1,Chrx_supercontig_000000814,x,1640,81293008,3169018214
GL868383.1,Chrx_supercontig_000000815,x,1763,81294771,3169019977
GL868384.1,Chrx_supercontig_000000816,x,2414,81297185,3169022391
GL868385.1,Chrx_supercontig_000000817,x,1907,81299092,3169024298
GL868386.1,Chrx_supercontig_000000818,x,2149,81301241,3169026447
GL868387.1,Chrx_supercontig_000000819,x,1930,81303171,3169028377
GL868388.1,Chrx_supercontig_000000820,x,1843,81305014,3169030220
GL868389.1,Chrx_supercontig_000000821,x,1549,81306563,3169031769
GL868390.1,Chrx_supercontig_000000822,x,2399,81308962,3169034168
GL868391.1,Chrx_supercontig_000000823,x,1818,81310780,3169035986
GL868392.1,Chrx_supercontig_000000824,x,1692,81312472,3169037678
GL868393.1,Chrx_supercontig_000000825,x,3490,81315962,3169041168
GL868394.1,Chrx_supercontig_000000826,x,2860,81318822,3169044028
GL868395.1,Chrx_supercontig_000000827,x,2879,81321701,3169046907
GL868396.1,Chrx_supercontig_000000828,x,4049,81325750,3169050956
GL868397.1,Chrx_supercontig_000000829,x,2216,81327966,3169053172
GL868398.1,Chrx_supercontig_000000830,x,2915,81330881,3169056087
GL868399.1,Chrx_supercontig_000000831,x,2102,81332983,3169058189
GL868400.1,Chrx_supercontig_000000832,x,2284,81335267,3169060473
GL868401.1,Chrx_supercontig_000000833,x,2747,81338014,3169063220
GL868402.1,Chrx_supercontig_000000834,x,1786,81339800,3169065006
GL868403.1,Chrx_supercontig_000000835,x,2893,81342693,3169067899
GL868404.1,Chrx_supercontig_000000836,x,3513,81346206,3169071412
GL868405.1,Chrx_supercontig_000000837,x,1942,81348148,3169073354
GL868406.1,Chrx_supercontig_000000838,x,3252,81351400,3169076606
GL868407.1,Chrx_supercontig_000000839,x,2737,81354137,3169079343
GL868408.1,Chrx_supercontig_000000840,x,2479,81356616,3169081822
GL868409.1,Chrx_supercontig_000000841,x,1967,81358583,3169083789
GL868410.1,Chrx_supercontig_000000842,x,1560,81360143,3169085349
GL868411.1,Chrx_supercontig_000000843,x,2436,81362579,3169087785
GL868412.1,Chrx_supercontig_000000844,x,2573,81365152,3169090358
GL868413.1,Chrx_supercontig_000000845,x,1739,81366891,3169092097
GL868414.1,Chrx_supercontig_000000846,x,1808,81368699,3169093905
GL868415.1,Chrx_supercontig_000000847,x,1662,81370361,3169095567
GL868416.1,Chrx_supercontig_000000848,x,2798,81373159,3169098365
GL868417.1,Chrx_supercontig_000000849,x,4536,81377695,3169102901
GL868418.1,Chrx_supercontig_000000850,x,2778,81380473,3169105679
GL868419.1,Chrx_supercontig_000000851,x,1901,81382374,3169107580
GL868420.1,Chrx_supercontig_000000852,x,1513,81383887,3169109093
GL868421.1,Chrx_supercontig_000000853,x,3604,81387491,3169112697
GL868422.1,Chrx_supercontig_000000854,x,3216,81390707,3169115913
GL868423.1,Chrx_supercontig_000000855,x,1688,81392395,3169117601
GL868424.1,Chrx_supercontig_000000856,x,5135,81397530,3169122736
GL868425.1,Chrx_supercontig_000000857,x,34068,81431598,3169156804
GL868426.1,Chrx_supercontig_000000858,x,2733,81434331,3169159537
GL868427.1,Chrx_supercontig_000000859,x,2363,81436694,3169161900
GL868428.1,Chrx_supercontig_000000860,x,2266,81438960,3169164166
GL868429.1,Chrx_supercontig_000000861,x,2728,81441688,3169166894
GL868430.1,Chrx_supercontig_000000862,x,3212,81444900,3169170106
GL868431.1,Chrx_supercontig_000000863,x,3268,81448168,3169173374
GL868432.1,Chrx_supercontig_000000864,x,2618,81450786,3169175992
GL868433.1,Chrx_supercontig_000000865,x,1786,81452572,3169177778
GL868434.1,Chrx_supercontig_000000866,x,2495,81455067,3169180273
GL868435.1,Chrx_supercontig_000000867,x,2320,81457387,3169182593
GL868436.1,Chrx_supercontig_000000868,x,2629,81460016,3169185222
GL868437.1,Chrx_supercontig_000000869,x,6534,81466550,3169191756
GL868438.1,Chrx_supercontig_000000870,x,2263,81468813,3169194019
GL868439.1,Chrx_supercontig_000000871,x,2508,81471321,3169196527
GL868440.1,Chrx_supercontig_000000872,x,4877,81476198,3169201404
GL868441.1,Chrx_supercontig_000000873,x,3629,81479827,3169205033
GL868442.1,Chrx_supercontig_000000874,x,2761,81482588,3169207794
GL868443.1,Chrx_supercontig_000000875,x,2424,81485012,3169210218
GL868444.1,Chrx_supercontig_000000876,x,5840,81490852,3169216058
GL868445.1,Chrx_supercontig_000000877,x,3376,81494228,3169219434
GL868446.1,Chrx_supercontig_000000878,x,1504,81495732,3169220938
GL868447.1,Chrx_supercontig_000000879,x,3060,81498792,3169223998
GL868448.1,Chrx_supercontig_000000880,x,3983,81502775,3169227981
GL868449.1,Chrx_supercontig_000000881,x,1750,81504525,3169229731
GL868450.1,Chrx_supercontig_000000882,x,1699,81506224,3169231430
GL868451.1,Chrx_supercontig_000000883,x,1970,81508194,3169233400
GL868452.1,Chrx_supercontig_000000884,x,10013,81518207,3169243413
GL868453.1,Chrx_supercontig_000000885,x,3028,81521235,3169246441
GL868454.1,Chrx_supercontig_000000886,x,2138,81523373,3169248579
GL868455.1,Chrx_supercontig_000000887,x,1747,81525120,3169250326
GL868456.1,Chrx_supercontig_000000888,x,2366,81527486,3169252692
GL868457.1,Chrx_supercontig_000000889,x,2629,81530115,3169255321
GL868458.1,Chrx_supercontig_000000890,x,2716,81532831,3169258037
GL868459.1,Chrx_supercontig_000000891,x,4042,81536873,3169262079
GL868460.1,Chrx_supercontig_000000892,x,1842,81538715,3169263921
GL868461.1,Chrx_supercontig_000000893,x,1906,81540621,3169265827
GL868462.1,Chrx_supercontig_000000894,x,1791,81542412,3169267618
GL868463.1,Chrx_supercontig_000000895,x,3087,81545499,3169270705
GL868464.1,Chrx_supercontig_000000896,x,1645,81547144,3169272350
GL868465.1,Chrx_supercontig_000000897,x,1566,81548710,3169273916
GL868466.1,Chrx_supercontig_000000898,x,1515,81550225,3169275431
GL868467.1,Chrx_supercontig_000000899,x,4483,81554708,3169279914
GL868468.1,Chrx_supercontig_000000900,x,1517,81556225,3169281431
GL868469.1,Chrx_supercontig_000000901,x,2788,81559013,3169284219
GL868470.1,Chrx_supercontig_000000902,x,4350,81563363,3169288569
GL868471.1,Chrx_supercontig_000000903,x,2180,81565543,3169290749
GL868472.1,Chrx_supercontig_000000904,x,2703,81568246,3169293452
GL868473.1,Chrx_supercontig_000000905,x,6493,81574739,3169299945
GL868474.1,Chrx_supercontig_000000906,x,6883,81581622,3169306828
GL868475.1,Chrx_supercontig_000000907,x,23421,81605043,3169330249
GL868476.1,Chrx_supercontig_000000908,x,1830,81606873,3169332079
GL868477.1,Chrx_supercontig_000000909,x,2687,81609560,3169334766
GL868478.1,Chrx_supercontig_000000910,x,2427,81611987,3169337193
GL868479.1,Chrx_supercontig_000000911,x,1957,81613944,3169339150
GL868480.1,Chrx_supercontig_000000912,x,1576,81615520,3169340726
GL868481.1,Chrx_supercontig_000000913,x,1597,81617117,3169342323
GL868482.1,Chrx_supercontig_000000914,x,18371,81635488,3169360694
GL868483.1,Chrx_supercontig_000000915,x,7820,81643308,3169368514
GL868484.1,Chrx_supercontig_000000916,x,1559,81644867,3169370073
GL868485.1,Chrx_supercontig_000000917,x,1538,81646405,3169371611
GL868486.1,Chrx_supercontig_000000918,x,1582,81647987,3169373193
GL868487.1,Chrx_supercontig_000000919,x,1947,81649934,3169375140
GL868488.1,Chrx_supercontig_000000920,x,2547,81652481,3169377687
GL868489.1,Chrx_supercontig_000000921,x,1582,81654063,3169379269
GL868490.1,Chrx_supercontig_000000922,x,1521,81655584,3169380790
GL868491.1,Chrx_supercontig_000000923,x,1583,81657167,3169382373
GL868492.1,Chrx_supercontig_000000924,x,2874,81660041,3169385247
GL868493.1,Chrx_supercontig_000000925,x,2485,81662526,3169387732
GL868494.1,Chrx_supercontig_000000926,x,3427,81665953,3169391159
GL868495.1,Chrx_supercontig_000000927,x,3839,81669792,3169394998
GL868496.1,Chrx_supercontig_000000928,x,1651,81671443,3169396649
GL868497.1,Chrx_supercontig_000000929,x,2522,81673965,3169399171
GL868498.1,Chrx_supercontig_000000930,x,1640,81675605,3169400811
GL868499.1,Chrx_supercontig_000000931,x,2429,81678034,3169403240
GL868500.1,Chrx_supercontig_000000932,x,1884,81679918,3169405124
GL868501.1,Chrx_supercontig_000000933,x,1508,81681426,3169406632
GL868502.1,Chrx_supercontig_000000934,x,2688,81684114,3169409320
GL868503.1,Chrx_supercontig_000000935,x,8840,81692954,3169418160
GL868504.1,Chrx_supercontig_000000936,x,1875,81694829,3169420035
GL868505.1,Chrx_supercontig_000000937,x,1628,81696457,3169421663
GL868506.1,Chrx_supercontig_000000938,x,1733,81698190,3169423396
GL868507.1,Chrx_supercontig_000000939,x,2022,81700212,3169425418
GL868508.1,Chrx_supercontig_000000940,x,1563,81701775,3169426981
GL868509.1,Chrx_supercontig_000000941,x,3212,81704987,3169430193
GL868510.1,Chrx_supercontig_000000942,x,3326,81708313,3169433519
GL868511.1,Chrx_supercontig_000000943,x,2291,81710604,3169435810
GL868512.1,Chrx_supercontig_000000944,x,3678,81714282,3169439488
GL868513.1,Chrx_supercontig_000000945,x,3511,81717793,3169442999
GL868514.1,Chrx_supercontig_000000946,x,1503,81719296,3169444502
GL868515.1,Chrx_supercontig_000000947,x,2715,81722011,3169447217
GL868516.1,Chrx_supercontig_000000948,x,6312,81728323,3169453529
GL868517.1,Chrx_supercontig_000000949,x,2076,81730399,3169455605
GL868518.1,Chrx_supercontig_000000950,x,7039,81737438,3169462644
GL868519.1,Chrx_supercontig_000000951,x,1644,81739082,3169464288
GL868520.1,Chrx_supercontig_000000952,x,1889,81740971,3169466177
GL868521.1,Chrx_supercontig_000000953,x,2159,81743130,3169468336
GL868522.1,Chrx_supercontig_000000954,x,2086,81745216,3169470422
GL868523.1,Chrx_supercontig_000000955,x,1702,81746918,3169472124
GL868524.1,Chrx_supercontig_000000956,x,3343,81750261,3169475467
GL868525.1,Chrx_supercontig_000000957,x,2550,81752811,3169478017
GL868526.1,Chrx_supercontig_000000958,x,2288,81755099,3169480305
GL868527.1,Chrx_supercontig_000000959,x,2318,81757417,3169482623
GL868528.1,Chrx_supercontig_000000960,x,6254,81763671,3169488877
GL868529.1,Chrx_supercontig_000000961,x,2240,81765911,3169491117
GL868530.1,Chrx_supercontig_000000962,x,4181,81770092,3169495298
GL868531.1,Chrx_supercontig_000000963,x,2623,81772715,3169497921
GL868532.1,Chrx_supercontig_000000964,x,3666,81776381,3169501587
GL868533.1,Chrx_supercontig_000000965,x,3927,81780308,3169505514
GL868534.1,Chrx_supercontig_000000966,x,1576,81781884,3169507090
GL868535.1,Chrx_supercontig_000000967,x,9062,81790946,3169516152
GL868536.1,Chrx_supercontig_000000968,x,1736,81792682,3169517888
GL868537.1,Chrx_supercontig_000000969,x,1607,81794289,3169519495
GL868538.1,Chrx_supercontig_000000970,x,1998,81796287,3169521493
GL868539.1,Chrx_supercontig_000000971,x,1673,81797960,3169523166
GL868540.1,Chrx_supercontig_000000972,x,1826,81799786,3169524992
GL868541.1,Chrx_supercontig_000000973,x,1994,81801780,3169526986
GL868542.1,Chrx_supercontig_000000974,x,2631,81804411,3169529617
GL868543.1,Chrx_supercontig_000000975,x,1531,81805942,3169531148
GL868544.1,Chrx_supercontig_000000976,x,1718,81807660,3169532866
GL868545.1,Chrx_supercontig_000000977,x,1585,81809245,3169534451
GL868546.1,Chrx_supercontig_000000978,x,1768,81811013,3169536219
GL868547.1,Chrx_supercontig_000000979,x,1857,81812870,3169538076
GL868548.1,Chrx_supercontig_000000980,x,2539,81815409,3169540615
GL868549.1,Chrx_supercontig_000000981,x,1547,81816956,3169542162
GL868550.1,Chrx_supercontig_000000982,x,3300,81820256,3169545462
GL868551.1,Chrx_supercontig_000000983,x,7406,81827662,3169552868
GL868552.1,Chrx_supercontig_000000984,x,3923,81831585,3169556791
GL868553.1,Chrx_supercontig_000000985,x,3366,81834951,3169560157
GL868554.1,Chrx_supercontig_000000986,x,1758,81836709,3169561915
GL868555.1,Chrx_supercontig_000000987,x,3515,81840224,3169565430
GL868556.1,Chrx_supercontig_000000988,x,2247,81842471,3169567677
GL868557.1,Chrx_supercontig_000000989,x,5140,81847611,3169572817
GL868558.1,Chrx_supercontig_000000990,x,2548,81850159,3169575365
GL868559.1,Chrx_supercontig_000000991,x,1883,81852042,3169577248
GL868560.1,Chrx_supercontig_000000992,x,1552,81853594,3169578800
GL868561.1,Chrx_supercontig_000000993,x,2167,81855761,3169580967
GL868562.1,Chrx_supercontig_000000994,x,1571,81857332,3169582538
GL868563.1,Chrx_supercontig_000000995,x,2719,81860051,3169585257
GL868564.1,Chrx_supercontig_000000996,x,1670,81861721,3169586927
GL868565.1,Chrx_supercontig_000000997,x,2938,81864659,3169589865
GL868566.1,Chrx_supercontig_000000998,x,1582,81866241,3169591447
GL868567.1,Chrx_supercontig_000000999,x,2023,81868264,3169593470
GL868568.1,Chrx_supercontig_000001000,x,2565,81870829,3169596035
GL868569.1,Chrx_supercontig_000001001,x,1713,81872542,3169597748
GL868570.1,Chrx_supercontig_000001002,x,2764,81875306,3169600512
GL868571.1,Chrx_supercontig_000001003,x,2245,81877551,3169602757
GL868572.1,Chrx_supercontig_000001004,x,1526,81879077,3169604283
GL868573.1,Chrx_supercontig_000001005,x,1550,81880627,3169605833
GL868574.1,Chrx_supercontig_000001006,x,19832,81900459,3169625665
GL868575.1,Chrx_supercontig_000001007,x,3911,81904370,3169629576
GL868576.1,Chrx_supercontig_000001008,x,3542,81907912,3169633118
GL868577.1,Chrx_supercontig_000001009,x,2084,81909996,3169635202
GL868578.1,Chrx_supercontig_000001010,x,1686,81911682,3169636888
GL868579.1,Chrx_supercontig_000001011,x,3018,81914700,3169639906
GL868580.1,Chrx_supercontig_000001012,x,2243,81916943,3169642149
GL868581.1,Chrx_supercontig_000001013,x,1710,81918653,3169643859
GL868582.1,Chrx_supercontig_000001014,x,2236,81920889,3169646095
GL868583.1,Chrx_supercontig_000001015,x,3790,81924679,3169649885
GL868584.1,Chrx_supercontig_000001016,x,3719,81928398,3169653604
GL868585.1,Chrx_supercontig_000001017,x,2776,81931174,3169656380
GL868586.1,Chrx_supercontig_000001018,x,2107,81933281,3169658487
GL868587.1,Chrx_supercontig_000001019,x,3826,81937107,3169662313
GL868588.1,Chrx_supercontig_000001020,x,1920,81939027,3169664233
GL868589.1,Chrx_supercontig_000001021,x,2384,81941411,3169666617
GL868590.1,Chrx_supercontig_000001022,x,3233,81944644,3169669850
GL868591.1,Chrx_supercontig_000001023,x,1988,81946632,3169671838
GL868592.1,Chrx_supercontig_000001024,x,1782,81948414,3169673620
GL868593.1,Chrx_supercontig_000001025,x,2145,81950559,3169675765
GL868594.1,Chrx_supercontig_000001026,x,3110,81953669,3169678875
GL868595.1,Chrx_supercontig_000001027,x,2423,81956092,3169681298
GL868596.1,Chrx_supercontig_000001028,x,1583,81957675,3169682881
GL868597.1,Chrx_supercontig_000001029,x,3002,81960677,3169685883
GL868598.1,Chrx_supercontig_000001030,x,1795,81962472,3169687678
GL868599.1,Chrx_supercontig_000001031,x,2540,81965012,3169690218
GL868600.1,Chrx_supercontig_000001032,x,3594,81968606,3169693812
GL868601.1,Chrx_supercontig_000001033,x,3812,81972418,3169697624
GL868602.1,Chrx_supercontig_000001034,x,6146,81978564,3169703770
GL868603.1,Chrx_supercontig_000001035,x,2172,81980736,3169705942
GL868604.1,Chrx_supercontig_000001036,x,1515,81982251,3169707457
GL868605.1,Chrx_supercontig_000001037,x,2748,81984999,3169710205
GL868606.1,Chrx_supercontig_000001038,x,1633,81986632,3169711838
GL868607.1,Chrx_supercontig_000001039,x,1898,81988530,3169713736
GL868608.1,Chrx_supercontig_000001040,x,1630,81990160,3169715366
GL868609.1,Chrx_supercontig_000001041,x,2716,81992876,3169718082
GL868610.1,Chrx_supercontig_000001042,x,2267,81995143,3169720349
GL868611.1,Chrx_supercontig_000001043,x,1801,81996944,3169722150
GL868612.1,Chrx_supercontig_000001044,x,5271,82002215,3169727421
GL868613.1,Chrx_supercontig_000001045,x,4111,82006326,3169731532
GL868614.1,Chrx_supercontig_000001046,x,2856,82009182,3169734388
GL868615.1,Chrx_supercontig_000001047,x,1735,82010917,3169736123
GL868616.1,Chrx_supercontig_000001048,x,2186,82013103,3169738309
GL868617.1,Chrx_supercontig_000001049,x,2949,82016052,3169741258
GL868618.1,Chrx_supercontig_000001050,x,3938,82019990,3169745196
GL868619.1,Chrx_supercontig_000001051,x,1605,82021595,3169746801
GL868620.1,Chrx_supercontig_000001052,x,2687,82024282,3169749488
GL868621.1,Chrx_supercontig_000001053,x,1694,82025976,3169751182
GL868622.1,Chrx_supercontig_000001054,x,2253,82028229,3169753435
GL868623.1,Chrx_supercontig_000001055,x,4228,82032457,3169757663
GL868624.1,Chrx_supercontig_000001056,x,1807,82034264,3169759470
GL868625.1,Chrx_supercontig_000001057,x,1955,82036219,3169761425
GL868626.1,Chrx_supercontig_000001058,x,2890,82039109,3169764315
GL868627.1,Chrx_supercontig_000001059,x,1695,82040804,3169766010
GL868628.1,Chrx_supercontig_000001060,x,1626,82042430,3169767636
GL868629.1,Chrx_supercontig_000001061,x,1838,82044268,3169769474
GL868630.1,Chrx_supercontig_000001062,x,1968,82046236,3169771442
GL868631.1,Chrx_supercontig_000001063,x,1851,82048087,3169773293
GL868632.1,Chrx_supercontig_000001064,x,2526,82050613,3169775819
GL868633.1,Chrx_supercontig_000001065,x,1927,82052540,3169777746
GL868634.1,Chrx_supercontig_000001066,x,1758,82054298,3169779504
GL868635.1,Chrx_supercontig_000001067,x,2188,82056486,3169781692
GL868636.1,Chrx_supercontig_000001068,x,2060,82058546,3169783752
GL868637.1,Chrx_supercontig_000001069,x,1741,82060287,3169785493
GL868638.1,Chrx_supercontig_000001070,x,1642,82061929,3169787135
GL868639.1,Chrx_supercontig_000001071,x,1902,82063831,3169789037
GL868640.1,Chrx_supercontig_000001072,x,5837,82069668,3169794874
GL868641.1,Chrx_supercontig_000001073,x,2779,82072447,3169797653
GL868642.1,Chrx_supercontig_000001074,x,2738,82075185,3169800391
GL868643.1,Chrx_supercontig_000001075,x,5309,82080494,3169805700
GL868644.1,Chrx_supercontig_000001076,x,1597,82082091,3169807297
GL868645.1,Chrx_supercontig_000001077,x,2194,82084285,3169809491
GL868646.1,Chrx_supercontig_000001078,x,5569,82089854,3169815060
GL868647.1,Chrx_supercontig_000001079,x,6079,82095933,3169821139
GL868648.1,Chrx_supercontig_000001080,x,1832,82097765,3169822971
GL868649.1,Chrx_supercontig_000001081,x,2021,82099786,3169824992
GL868650.1,Chrx_supercontig_000001082,x,2733,82102519,3169827725
GL868651.1,Chrx_supercontig_000001083,x,2423,82104942,3169830148
GL868652.1,Chrx_supercontig_000001084,x,4861,82109803,3169835009
GL868653.1,Chrx_supercontig_000001085,x,1660,82111463,3169836669
GL868654.1,Chrx_supercontig_000001086,x,1850,82113313,3169838519
GL868655.1,Chrx_supercontig_000001087,x,2054,82115367,3169840573
GL868656.1,Chrx_supercontig_000001088,x,1545,82116912,3169842118
GL868657.1,Chrx_supercontig_000001089,x,1775,82118687,3169843893
GL868658.1,Chrx_supercontig_000001090,x,5021,82123708,3169848914
GL868659.1,Chrx_supercontig_000001091,x,5020,82128728,3169853934
GL868660.1,Chrx_supercontig_000001092,x,3599,82132327,3169857533
GL868661.1,Chrx_supercontig_000001093,x,2255,82134582,3169859788
GL868662.1,Chrx_supercontig_000001094,x,2113,82136695,3169861901
GL868663.1,Chrx_supercontig_000001095,x,1741,82138436,3169863642
GL868664.1,Chrx_supercontig_000001096,x,2208,82140644,3169865850
GL868665.1,Chrx_supercontig_000001097,x,2081,82142725,3169867931
GL868666.1,Chrx_supercontig_000001098,x,3209,82145934,3169871140
GL868667.1,Chrx_supercontig_000001099,x,1837,82147771,3169872977
GL868668.1,Chrx_supercontig_000001100,x,1797,82149568,3169874774
GL868669.1,Chrx_supercontig_000001101,x,2863,82152431,3169877637
GL868670.1,Chrx_supercontig_000001102,x,1675,82154106,3169879312
GL868671.1,Chrx_supercontig_000001103,x,2079,82156185,3169881391
GL868672.1,Chrx_supercontig_000001104,x,4558,82160743,3169885949
GL868673.1,Chrx_supercontig_000001105,x,10601,82171344,3169896550
GL868674.1,Chrx_supercontig_000001106,x,2123,82173467,3169898673
GL868675.1,Chrx_supercontig_000001107,x,2594,82176061,3169901267
GL868676.1,Chrx_supercontig_000001108,x,1841,82177902,3169903108
GL868677.1,Chrx_supercontig_000001109,x,1521,82179423,3169904629
GL868678.1,Chrx_supercontig_000001110,x,2897,82182320,3169907526
GL868679.1,Chrx_supercontig_000001111,x,6938,82189258,3169914464
GL868680.1,Chrx_supercontig_000001112,x,1744,82191002,3169916208
GL868681.1,Chrx_supercontig_000001113,x,2025,82193027,3169918233
GL868682.1,Chrx_supercontig_000001114,x,1630,82194657,3169919863
GL868683.1,Chrx_supercontig_000001115,x,3179,82197836,3169923042
GL868684.1,Chrx_supercontig_000001116,x,2463,82200299,3169925505
GL868685.1,Chrx_supercontig_000001117,x,2125,82202424,3169927630
GL868686.1,Chrx_supercontig_000001118,x,1652,82204076,3169929282
GL868687.1,Chrx_supercontig_000001119,x,1564,82205640,3169930846
GL868688.1,Chrx_supercontig_000001120,x,1906,82207546,3169932752
GL868689.1,Chrx_supercontig_000001121,x,1911,82209457,3169934663
GL868690.1,Chrx_supercontig_000001122,x,1560,82211017,3169936223
GL868691.1,Chrx_supercontig_000001123,x,2132,82213149,3169938355
GL868692.1,Chrx_supercontig_000001124,x,2688,82215837,3169941043
GL868693.1,Chrx_supercontig_000001125,x,1749,82217586,3169942792
GL868694.1,Chrx_supercontig_000001126,x,6401,82223987,3169949193
GL868695.1,Chrx_supercontig_000001127,x,2654,82226641,3169951847
GL868696.1,Chrx_supercontig_000001128,x,1617,82228258,3169953464
GL868697.1,Chrx_supercontig_000001129,x,1529,82229787,3169954993
GL868698.1,Chrx_supercontig_000001130,x,2990,82232777,3169957983
GL868699.1,Chrx_supercontig_000001131,x,1548,82234325,3169959531
GL868700.1,Chrx_supercontig_000001132,x,1542,82235867,3169961073
GL868701.1,Chrx_supercontig_000001133,x,1932,82237799,3169963005
GL868702.1,Chrx_supercontig_000001134,x,2422,82240221,3169965427
GL868703.1,Chrx_supercontig_000001135,x,1550,82241771,3169966977
GL868704.1,Chrx_supercontig_000001136,x,1782,82243553,3169968759
GL868705.1,Chrx_supercontig_000001137,x,2711,82246264,3169971470
GL868706.1,Chrx_supercontig_000001138,x,1761,82248025,3169973231
GL868707.1,Chrx_supercontig_000001139,x,3269,82251294,3169976500
GL868708.1,Chrx_supercontig_000001140,x,3221,82254515,3169979721
GL868709.1,Chrx_supercontig_000001141,x,1888,82256403,3169981609
GL868710.1,Chrx_supercontig_000001142,x,7569,82263972,3169989178
GL868711.1,Chrx_supercontig_000001143,x,1614,82265586,3169990792
GL868712.1,Chrx_supercontig_000001144,x,2614,82268200,3169993406
GL868713.1,Chrx_supercontig_000001145,x,4383,82272583,3169997789
GL868714.1,Chrx_supercontig_000001146,x,1702,82274285,3169999491
GL868715.1,Chrx_supercontig_000001147,x,1829,82276114,3170001320
GL868716.1,Chrx_supercontig_000001148,x,1540,82277654,3170002860
GL868717.1,Chrx_supercontig_000001149,x,1767,82279421,3170004627
GL868718.1,Chrx_supercontig_000001150,x,2650,82282071,3170007277
GL868719.1,Chrx_supercontig_000001151,x,2147,82284218,3170009424
GL868720.1,Chrx_supercontig_000001152,x,1504,82285722,3170010928
GL868721.1,Chrx_supercontig_000001153,x,5763,82291485,3170016691
GL868722.1,Chrx_supercontig_000001154,x,2129,82293614,3170018820
GL868723.1,Chrx_supercontig_000001155,x,2168,82295782,3170020988
GL868724.1,Chrx_supercontig_000001156,x,1849,82297631,3170022837
GL868725.1,Chrx_supercontig_000001157,x,3600,82301231,3170026437
GL868726.1,Chrx_supercontig_000001158,x,1776,82303007,3170028213
GL868727.1,Chrx_supercontig_000001159,x,1697,82304704,3170029910
GL868728.1,Chrx_supercontig_000001160,x,1883,82306587,3170031793
GL868729.1,Chrx_supercontig_000001161,x,2127,82308714,3170033920
GL868730.1,Chrx_supercontig_000001162,x,1966,82310680,3170035886
GL868731.1,Chrx_supercontig_000001163,x,1562,82312242,3170037448
GL868732.1,Chrx_supercontig_000001164,x,1699,82313941,3170039147
GL868733.1,Chrx_supercontig_000001165,x,2189,82316130,3170041336
GL868734.1,Chrx_supercontig_000001166,x,1646,82317776,3170042982
GL868735.1,Chrx_supercontig_000001167,x,2240,82320016,3170045222
GL868736.1,Chrx_supercontig_000001168,x,1518,82321534,3170046740
GL868737.1,Chrx_supercontig_000001169,x,2903,82324437,3170049643
GL868738.1,Chrx_supercontig_000001170,x,1862,82326299,3170051505
GL868739.1,Chrx_supercontig_000001171,x,3312,82329611,3170054817
GL868740.1,Chrx_supercontig_000001172,x,3516,82333127,3170058333
GL868741.1,Chrx_supercontig_000001173,x,1812,82334939,3170060145
GL868742.1,Chrx_supercontig_000001174,x,4578,82339517,3170064723
GL868743.1,Chrx_supercontig_000001175,x,3743,82343260,3170068466
GL868744.1,Chrx_supercontig_000001176,x,2317,82345577,3170070783
GL868745.1,Chrx_supercontig_000001177,x,2747,82348324,3170073530
GL868746.1,Chrx_supercontig_000001178,x,1905,82350229,3170075435
GL868747.1,Chrx_supercontig_000001179,x,1822,82352051,3170077257
GL868748.1,Chrx_supercontig_000001180,x,1520,82353571,3170078777
GL868749.1,Chrx_supercontig_000001181,x,1718,82355289,3170080495
GL868750.1,Chrx_supercontig_000001182,x,1606,82356895,3170082101
GL868751.1,Chrx_supercontig_000001183,x,1657,82358552,3170083758
GL868752.1,Chrx_supercontig_000001184,x,2678,82361230,3170086436
GL868753.1,Chrx_supercontig_000001185,x,3391,82364621,3170089827
GL868754.1,Chrx_supercontig_000001186,x,2084,82366705,3170091911
GL868755.1,Chrx_supercontig_000001187,x,1876,82368581,3170093787
GL868756.1,Chrx_supercontig_000001188,x,1899,82370480,3170095686
GL868757.1,Chrx_supercontig_000001189,x,1631,82372111,3170097317
GL868758.1,Chrx_supercontig_000001190,x,4573,82376684,3170101890
GL868759.1,Chrx_supercontig_000001191,x,1838,82378522,3170103728
GL868760.1,Chrx_supercontig_000001192,x,4439,82382961,3170108167
GL868761.1,Chrx_supercontig_000001193,x,2444,82385405,3170110611
GL868762.1,Chrx_supercontig_000001194,x,1894,82387299,3170112505
GL868763.1,Chrx_supercontig_000001195,x,1874,82389173,3170114379
GL868764.1,Chrx_supercontig_000001196,x,1724,82390897,3170116103
GL868765.1,Chrx_supercontig_000001197,x,1682,82392579,3170117785
GL868766.1,Chrx_supercontig_000001198,x,1884,82394463,3170119669
GL868767.1,Chrx_supercontig_000001199,x,1928,82396391,3170121597
GL868768.1,Chrx_supercontig_000001200,x,7676,82404067,3170129273
GL868769.1,Chrx_supercontig_000001201,x,1771,82405838,3170131044
GL868770.1,Chrx_supercontig_000001202,x,1744,82407582,3170132788
GL868771.1,Chrx_supercontig_000001203,x,2691,82410273,3170135479
GL868772.1,Chrx_supercontig_000001204,x,1791,82412064,3170137270
GL868773.1,Chrx_supercontig_000001205,x,2259,82414323,3170139529
GL868774.1,Chrx_supercontig_000001206,x,3592,82417915,3170143121
GL868775.1,Chrx_supercontig_000001207,x,2058,82419973,3170145179
GL868776.1,Chrx_supercontig_000001208,x,4337,82424310,3170149516
GL868777.1,Chrx_supercontig_000001209,x,9416,82433726,3170158932
GL868778.1,Chrx_supercontig_000001210,x,3091,82436817,3170162023
GL868779.1,Chrx_supercontig_000001211,x,2500,82439317,3170164523
GL868780.1,Chrx_supercontig_000001212,x,3160,82442477,3170167683
GL868781.1,Chrx_supercontig_000001213,x,1702,82444179,3170169385
GL868782.1,Chrx_supercontig_000001214,x,2710,82446889,3170172095
GL868783.1,Chrx_supercontig_000001215,x,2170,82449059,3170174265
GL868784.1,Chrx_supercontig_000001216,x,4580,82453639,3170178845
GL868785.1,Chrx_supercontig_000001217,x,1894,82455533,3170180739
GL868786.1,Chrx_supercontig_000001218,x,2249,82457782,3170182988
GL868787.1,Chrx_supercontig_000001219,x,13105,82470887,3170196093
GL868788.1,Chrx_supercontig_000001220,x,1794,82472681,3170197887
GL868789.1,Chrx_supercontig_000001221,x,2623,82475304,3170200510
GL868790.1,Chrx_supercontig_000001222,x,2906,82478210,3170203416
GL868791.1,Chrx_supercontig_000001223,x,1635,82479845,3170205051
GL868792.1,Chrx_supercontig_000001224,x,4168,82484013,3170209219
GL868793.1,Chrx_supercontig_000001225,x,2248,82486261,3170211467
GL868794.1,Chrx_supercontig_000001226,x,1737,82487998,3170213204
GL868795.1,Chrx_supercontig_000001227,x,1811,82489809,3170215015
GL868796.1,Chrx_supercontig_000001228,x,2359,82492168,3170217374
GL868797.1,Chrx_supercontig_000001229,x,1869,82494037,3170219243
GL868798.1,Chrx_supercontig_000001230,x,2247,82496284,3170221490
GL868799.1,Chrx_supercontig_000001231,x,2897,82499181,3170224387
GL868800.1,Chrx_supercontig_000001232,x,1626,82500807,3170226013
GL868801.1,Chrx_supercontig_000001233,x,2496,82503303,3170228509
GL868802.1,Chrx_supercontig_000001234,x,5063,82508366,3170233572
GL868803.1,Chrx_supercontig_000001235,x,2074,82510440,3170235646
GL868804.1,Chrx_supercontig_000001236,x,1533,82511973,3170237179
GL868805.1,Chrx_supercontig_000001237,x,4129,82516102,3170241308
GL868806.1,Chrx_supercontig_000001238,x,2384,82518486,3170243692
GL868807.1,Chrx_supercontig_000001239,x,1625,82520111,3170245317
GL868808.1,Chrx_supercontig_000001240,x,1772,82521883,3170247089
GL868809.1,Chrx_supercontig_000001241,x,3613,82525496,3170250702
GL868810.1,Chrx_supercontig_000001242,x,1629,82527125,3170252331
GL868811.1,Chrx_supercontig_000001243,x,1571,82528696,3170253902
GL868812.1,Chrx_supercontig_000001244,x,1828,82530524,3170255730
GL868813.1,Chrx_supercontig_000001245,x,1777,82532301,3170257507
GL868814.1,Chrx_supercontig_000001246,x,2678,82534979,3170260185
GL868815.1,Chrx_supercontig_000001247,x,2330,82537309,3170262515
GL868816.1,Chrx_supercontig_000001248,x,1940,82539249,3170264455
GL868817.1,Chrx_supercontig_000001249,x,2541,82541790,3170266996
GL868818.1,Chrx_supercontig_000001250,x,2241,82544031,3170269237
GL868819.1,Chrx_supercontig_000001251,x,1755,82545786,3170270992
GL868820.1,Chrx_supercontig_000001252,x,1853,82547639,3170272845
GL868821.1,Chrx_supercontig_000001253,x,2611,82550250,3170275456
GL868822.1,Chrx_supercontig_000001254,x,1602,82551852,3170277058
GL868823.1,Chrx_supercontig_000001255,x,4717,82556569,3170281775
GL868824.1,Chrx_supercontig_000001256,x,1799,82558368,3170283574
GL868825.1,Chrx_supercontig_000001257,x,1824,82560192,3170285398
GL868826.1,Chrx_supercontig_000001258,x,1934,82562126,3170287332
GL868827.1,Chrx_supercontig_000001259,x,1806,82563932,3170289138
GL868828.1,Chrx_supercontig_000001260,x,3106,82567038,3170292244
GL868829.1,Chrx_supercontig_000001261,x,1558,82568596,3170293802
GL868830.1,Chrx_supercontig_000001262,x,1996,82570592,3170295798
GL868831.1,Chrx_supercontig_000001263,x,4024,82574616,3170299822
GL868832.1,Chrx_supercontig_000001264,x,2909,82577525,3170302731
GL868833.1,Chrx_supercontig_000001265,x,2478,82580003,3170305209
GL868834.1,Chrx_supercontig_000001266,x,2103,82582106,3170307312
GL868835.1,Chrx_supercontig_000001267,x,1953,82584059,3170309265
GL868836.1,Chrx_supercontig_000001268,x,2310,82586369,3170311575
GL868837.1,Chrx_supercontig_000001269,x,2826,82589195,3170314401
GL868838.1,Chrx_supercontig_000001270,x,2533,82591728,3170316934
GL868839.1,Chrx_supercontig_000001271,x,2359,82594087,3170319293
GL868840.1,Chrx_supercontig_000001272,x,1687,82595774,3170320980
GL868841.1,Chrx_supercontig_000001273,x,1796,82597570,3170322776
GL868842.1,Chrx_supercontig_000001274,x,1640,82599210,3170324416
GL868843.1,Chrx_supercontig_000001275,x,1814,82601024,3170326230
GL868844.1,Chrx_supercontig_000001276,x,1999,82603023,3170328229
GL868845.1,Chrx_supercontig_000001277,x,1996,82605019,3170330225
GL868846.1,Chrx_supercontig_000001278,x,1513,82606532,3170331738
GL868847.1,Chrx_supercontig_000001279,x,1801,82608333,3170333539
GL868848.1,Chrx_supercontig_000001280,x,2048,82610381,3170335587
GL868849.1,Chrx_supercontig_000001281,x,2029,82612410,3170337616
GL868850.1,Chrx_supercontig_000001282,x,3449,82615859,3170341065
GL868851.1,Chrx_supercontig_000001283,x,2667,82618526,3170343732
GL868852.1,Chrx_supercontig_000001284,x,1557,82620083,3170345289
GL868853.1,Chrx_supercontig_000001285,x,1549,82621632,3170346838
GL868854.1,Chrx_supercontig_000001286,x,1678,82623310,3170348516
GL868855.1,Chrx_supercontig_000001287,x,1633,82624943,3170350149
GL868856.1,Chrx_supercontig_000001288,x,1792,82626735,3170351941
GL868857.1,Chrx_supercontig_000001289,x,1870,82628605,3170353811
GL868858.1,Chrx_supercontig_000001290,x,3451,82632056,3170357262
GL868859.1,Chrx_supercontig_000001291,x,1645,82633701,3170358907
GL868860.1,Chrx_supercontig_000001292,x,2166,82635867,3170361073
GL868861.1,Chrx_supercontig_000001293,x,1553,82637420,3170362626
GL868862.1,Chrx_supercontig_000001294,x,2419,82639839,3170365045
GL868863.1,Chrx_supercontig_000001295,x,3852,82643691,3170368897
GL868864.1,Chrx_supercontig_000001296,x,1523,82645214,3170370420
GL868865.1,Chrx_supercontig_000001297,x,1703,82646917,3170372123
GL868866.1,Chrx_supercontig_000001298,x,4706,82651623,3170376829
GL868867.1,Chrx_supercontig_000001299,x,1770,82653393,3170378599
GL868868.1,Chrx_supercontig_000001300,x,1549,82654942,3170380148
GL868869.1,Chrx_supercontig_000001301,x,1567,82656509,3170381715
GL868870.1,Chrx_supercontig_000001302,x,2793,82659302,3170384508
GL868871.1,Chrx_supercontig_000001303,x,2090,82661392,3170386598
GL868872.1,Chrx_supercontig_000001304,x,1591,82662983,3170388189
GL868873.1,Chrx_supercontig_000001305,x,2467,82665450,3170390656
GL868874.1,Chrx_supercontig_000001306,x,1566,82667016,3170392222
GL868875.1,Chrx_supercontig_000001307,x,1509,82668525,3170393731
GL868876.1,Chrx_supercontig_000001308,x,2418,82670943,3170396149
GL868877.1,Chrx_supercontig_000001309,x,2863,82673806,3170399012
GL868878.1,Chrx_supercontig_000001310,x,2299,82676105,3170401311
GL868879.1,Chrx_supercontig_000001311,x,3083,82679188,3170404394
GL868880.1,Chrx_supercontig_000001312,x,2049,82681237,3170406443
GL868881.1,Chrx_supercontig_000001313,x,2367,82683604,3170408810
GL868882.1,Chrx_supercontig_000001314,x,1621,82685225,3170410431
GL868883.1,Chrx_supercontig_000001315,x,1959,82687184,3170412390
GL868884.1,Chrx_supercontig_000001316,x,1666,82688850,3170414056
GL868885.1,Chrx_supercontig_000001317,x,1870,82690720,3170415926
GL868886.1,Chrx_supercontig_000001318,x,1892,82692612,3170417818
GL868887.1,Chrx_supercontig_000001319,x,3153,82695765,3170420971
GL868888.1,Chrx_supercontig_000001320,x,4898,82700663,3170425869
GL868889.1,Chrx_supercontig_000001321,x,2032,82702695,3170427901
GL868890.1,Chrx_supercontig_000001322,x,1527,82704222,3170429428
GL868891.1,Chrx_supercontig_000001323,x,1530,82705752,3170430958
GL868892.1,Chrx_supercontig_000001324,x,2447,82708199,3170433405
GL868893.1,Chrx_supercontig_000001325,x,2075,82710274,3170435480
GL868894.1,Chrx_supercontig_000001326,x,2054,82712328,3170437534
GL868895.1,Chrx_supercontig_000001327,x,2322,82714650,3170439856
GL868896.1,Chrx_supercontig_000001328,x,1555,82716205,3170441411
GL868897.1,Chrx_supercontig_000001329,x,2043,82718248,3170443454
GL868898.1,Chrx_supercontig_000001330,x,4792,82723040,3170448246
GL868899.1,Chrx_supercontig_000001331,x,3663,82726703,3170451909
GL868900.1,Chrx_supercontig_000001332,x,1940,82728643,3170453849
GL868901.1,Chrx_supercontig_000001333,x,1992,82730635,3170455841
GL868902.1,Chrx_supercontig_000001334,x,3208,82733843,3170459049
GL868903.1,Chrx_supercontig_000001335,x,3290,82737133,3170462339
GL868904.1,Chrx_supercontig_000001336,x,2166,82739299,3170464505
GL868905.1,Chrx_supercontig_000001337,x,1509,82740808,3170466014
GL868906.1,Chrx_supercontig_000001338,x,1598,82742406,3170467612
GL868907.1,Chrx_supercontig_000001339,x,3949,82746355,3170471561
GL868908.1,Chrx_supercontig_000001340,x,8924,82755279,3170480485
GL868909.1,Chrx_supercontig_000001341,x,2108,82757387,3170482593
GL868910.1,Chrx_supercontig_000001342,x,1569,82758956,3170484162
GL868911.1,Chrx_supercontig_000001343,x,5143,82764099,3170489305
GL868912.1,Chrx_supercontig_000001344,x,1653,82765752,3170490958
GL868913.1,Chrx_supercontig_000001345,x,4819,82770571,3170495777
GL868914.1,Chrx_supercontig_000001346,x,2186,82772757,3170497963
GL868915.1,Chrx_supercontig_000001347,x,1578,82774335,3170499541
GL868916.1,Chrx_supercontig_000001348,x,1730,82776065,3170501271
GL868917.1,Chrx_supercontig_000001349,x,2410,82778475,3170503681
GL868918.1,Chrx_supercontig_000001350,x,1686,82780161,3170505367
GL868919.1,Chrx_supercontig_000001351,x,1778,82781939,3170507145
GL868920.1,Chrx_supercontig_000001352,x,1717,82783656,3170508862
GL868921.1,Chrx_supercontig_000001353,x,1943,82785599,3170510805
GL868922.1,Chrx_supercontig_000001354,x,2485,82788084,3170513290
GL868923.1,Chrx_supercontig_000001355,x,2604,82790688,3170515894
GL868924.1,Chrx_supercontig_000001356,x,3287,82793975,3170519181
GL868925.1,Chrx_supercontig_000001357,x,6002,82799977,3170525183
GL868926.1,Chrx_supercontig_000001358,x,1715,82801692,3170526898
GL868927.1,Chrx_supercontig_000001359,x,1606,82803298,3170528504
GL868928.1,Chrx_supercontig_000001360,x,1706,82805004,3170530210
GL868929.1,Chrx_supercontig_000001361,x,1525,82806529,3170531735
GL868930.1,Chrx_supercontig_000001362,x,1608,82808137,3170533343
GL868931.1,Chrx_supercontig_000001363,x,1595,82809732,3170534938
GL868932.1,Chrx_supercontig_000001364,x,2451,82812183,3170537389
GL868933.1,Chrx_supercontig_000001365,x,1502,82813685,3170538891
GL868934.1,Chrx_supercontig_000001366,x,2101,82815786,3170540992
GL868935.1,Chrx_supercontig_000001367,x,1962,82817748,3170542954
GL868936.1,Chrx_supercontig_000001368,x,2062,82819810,3170545016
GL868937.1,Chrx_supercontig_000001369,x,4508,82824318,3170549524
GL868938.1,Chrx_supercontig_000001370,x,2954,82827272,3170552478
GL868939.1,Chrx_supercontig_000001371,x,1614,82828886,3170554092
GL868940.1,Chrx_supercontig_000001372,x,1501,82830387,3170555593
GL868941.1,Chrx_supercontig_000001373,x,1715,82832102,3170557308
GL868942.1,Chrx_supercontig_000001374,x,1703,82833805,3170559011
GL868943.1,Chrx_supercontig_000001375,x,1951,82835756,3170560962
GL868944.1,Chrx_supercontig_000001376,x,2316,82838072,3170563278
GL868945.1,Chrx_supercontig_000001377,x,2694,82840766,3170565972
GL868946.1,Chrx_supercontig_000001378,x,2263,82843029,3170568235
GL868947.1,Chrx_supercontig_000001379,x,2317,82845346,3170570552
GL868948.1,Chrx_supercontig_000001380,x,1724,82847070,3170572276
GL868949.1,Chrx_supercontig_000001381,x,1827,82848897,3170574103
GL868950.1,Chrx_supercontig_000001382,x,2318,82851215,3170576421
GL868951.1,Chrx_supercontig_000001383,x,1757,82852972,3170578178
GL868952.1,Chrx_supercontig_000001384,x,1591,82854563,3170579769
GL868953.1,Chrx_supercontig_000001385,x,1889,82856452,3170581658
GL868954.1,Chrx_supercontig_000001386,x,1753,82858205,3170583411
GL868955.1,Chrx_supercontig_000001387,x,1939,82860144,3170585350
GL868956.1,Chrx_supercontig_000001388,x,5393,82865537,3170590743
GL868957.1,Chrx_supercontig_000001389,x,2439,82867976,3170593182
GL868958.1,Chrx_supercontig_000001390,x,1602,82869578,3170594784
GL868959.1,Chrx_supercontig_000001391,x,1537,82871115,3170596321
GL868960.1,Chrx_supercontig_000001392,x,1685,82872800,3170598006
GL868961.1,Chrx_supercontig_000001393,x,1640,82874440,3170599646
GL868962.1,Chrx_supercontig_000001394,x,2494,82876934,3170602140
GL868963.1,Chrx_supercontig_000001395,x,2550,82879484,3170604690
GL868964.1,Chrx_supercontig_000001396,x,1947,82881431,3170606637
GL868965.1,Chrx_supercontig_000001397,x,2291,82883722,3170608928
GL868966.1,Chrx_supercontig_000001398,x,4091,82887813,3170613019
GL868967.1,Chrx_supercontig_000001399,x,5760,82893573,3170618779
GL868968.1,Chrx_supercontig_000001400,x,1752,82895325,3170620531
GL868969.1,Chrx_supercontig_000001401,x,1917,82897242,3170622448
GL868970.1,Chrx_supercontig_000001402,x,4462,82901704,3170626910
GL868971.1,Chrx_supercontig_000001403,x,2789,82904493,3170629699
GL868972.1,Chrx_supercontig_000001404,x,2152,82906645,3170631851
GL868973.1,Chrx_supercontig_000001405,x,3789,82910434,3170635640
GL868974.1,Chrx_supercontig_000001406,x,5767,82916201,3170641407
GL868975.1,Chrx_supercontig_000001407,x,3539,82919740,3170644946
GL868976.1,Chrx_supercontig_000001408,x,1564,82921304,3170646510
GL868977.1,Chrx_supercontig_000001409,x,1900,82923204,3170648410
GL868978.1,Chrx_supercontig_000001410,x,1704,82924908,3170650114
GL868979.1,Chrx_supercontig_000001411,x,2081,82926989,3170652195
GL868980.1,Chrx_supercontig_000001412,x,2968,82929957,3170655163
GL868981.1,Chrx_supercontig_000001413,x,1867,82931824,3170657030
GL868982.1,Chrx_supercontig_000001414,x,1641,82933465,3170658671
GL868983.1,Chrx_supercontig_000001415,x,1713,82935178,3170660384
GL868984.1,Chrx_supercontig_000001416,x,1600,82936778,3170661984
GL868985.1,Chrx_supercontig_000001417,x,1678,82938456,3170663662
GL868986.1,Chrx_supercontig_000001418,x,4631,82943087,3170668293
GL868987.1,Chrx_supercontig_000001419,x,7633,82950720,3170675926
GL868988.1,Chrx_supercontig_000001420,x,2691,82953411,3170678617
GL868989.1,Chrx_supercontig_000001421,x,1768,82955179,3170680385
GL868990.1,Chrx_supercontig_000001422,x,1589,82956768,3170681974
GL868991.1,Chrx_supercontig_000001423,x,1639,82958407,3170683613
GL868992.1,Chrx_supercontig_000001424,x,1552,82959959,3170685165
GL868993.1,Chrx_supercontig_000001425,x,1543,82961502,3170686708
GL868994.1,Chrx_supercontig_000001426,x,2337,82963839,3170689045
GL868995.1,Chrx_supercontig_000001427,x,1540,82965379,3170690585
GL868996.1,Chrx_supercontig_000001428,x,3151,82968530,3170693736
GL868997.1,Chrx_supercontig_000001429,x,1616,82970146,3170695352
GL868998.1,Chrx_supercontig_000001430,x,2018,82972164,3170697370
GL868999.1,Chrx_supercontig_000001431,x,2092,82974256,3170699462
GL869000.1,Chrx_supercontig_000001432,x,3742,82977998,3170703204
GL869001.1,Chrx_supercontig_000001433,x,1881,82979879,3170705085
GL869002.1,Chrx_supercontig_000001434,x,2552,82982431,3170707637
GL869003.1,Chrx_supercontig_000001435,x,1519,82983950,3170709156
GL869004.1,Chrx_supercontig_000001436,x,1571,82985521,3170710727
GL869005.1,Chrx_supercontig_000001437,x,1865,82987386,3170712592
GL869006.1,Chrx_supercontig_000001438,x,4654,82992040,3170717246
GL869007.1,Chrx_supercontig_000001439,x,4131,82996171,3170721377
GL869008.1,Chrx_supercontig_000001440,x,2440,82998611,3170723817
GL869009.1,Chrx_supercontig_000001441,x,2979,83001590,3170726796
GL869010.1,Chrx_supercontig_000001442,x,3084,83004674,3170729880
GL869011.1,Chrx_supercontig_000001443,x,3078,83007752,3170732958
GL869012.1,Chrx_supercontig_000001444,x,1617,83009369,3170734575
GL869013.1,Chrx_supercontig_000001445,x,1562,83010931,3170736137
GL869014.1,Chrx_supercontig_000001446,x,1642,83012573,3170737779
GL869015.1,Chrx_supercontig_000001447,x,1886,83014459,3170739665
GL869016.1,Chrx_supercontig_000001448,x,6407,83020866,3170746072
GL869017.1,Chrx_supercontig_000001449,x,2353,83023219,3170748425
GL869018.1,Chrx_supercontig_000001450,x,2547,83025766,3170750972
GL869019.1,Chrx_supercontig_000001451,x,1854,83027620,3170752826
GL869020.1,Chrx_supercontig_000001452,x,2230,83029850,3170755056
GL869021.1,Chrx_supercontig_000001453,x,3264,83033114,3170758320
GL869022.1,Chrx_supercontig_000001454,x,1949,83035063,3170760269
GL869023.1,Chrx_supercontig_000001455,x,2791,83037854,3170763060
GL869024.1,Chrx_supercontig_000001456,x,1693,83039547,3170764753
GL869025.1,Chrx_supercontig_000001457,x,3009,83042556,3170767762
GL869026.1,Chrx_supercontig_000001458,x,1856,83044412,3170769618
GL869027.1,Chrx_supercontig_000001459,x,1769,83046181,3170771387
GL869028.1,Chrx_supercontig_000001460,x,1822,83048003,3170773209
GL869029.1,Chrx_supercontig_000001461,x,1567,83049570,3170774776
GL869030.1,Chrx_supercontig_000001462,x,1731,83051301,3170776507
GL869031.1,Chrx_supercontig_000001463,x,1944,83053245,3170778451
GL869032.1,Chrx_supercontig_000001464,x,2543,83055788,3170780994
GL869033.1,Chrx_supercontig_000001465,x,1599,83057387,3170782593
GL869034.1,Chrx_supercontig_000001466,x,1560,83058947,3170784153
GL869035.1,Chrx_supercontig_000001467,x,1827,83060774,3170785980
GL869036.1,Chrx_supercontig_000001468,x,2393,83063167,3170788373
GL869037.1,Chrx_supercontig_000001469,x,1785,83064952,3170790158
GL869038.1,Chrx_supercontig_000001470,x,1817,83066769,3170791975
GL869039.1,Chrx_supercontig_000001471,x,2851,83069620,3170794826
GL869040.1,Chrx_supercontig_000001472,x,1754,83071374,3170796580
GL869041.1,Chrx_supercontig_000001473,x,2252,83073626,3170798832
GL869042.1,Chrx_supercontig_000001474,x,1691,83075317,3170800523
GL869043.1,Chrx_supercontig_000001475,x,1908,83077225,3170802431
GL869044.1,Chrx_supercontig_000001476,x,1803,83079028,3170804234
GL869045.1,Chrx_supercontig_000001477,x,2294,83081322,3170806528
GL869046.1,Chrx_supercontig_000001478,x,1799,83083121,3170808327
GL869047.1,Chrx_supercontig_000001479,x,1743,83084864,3170810070
GL869048.1,Chrx_supercontig_000001480,x,1916,83086780,3170811986
GL869049.1,Chrx_supercontig_000001481,x,1657,83088437,3170813643
GL869050.1,Chrx_supercontig_000001482,x,1500,83089937,3170815143
GL869051.1,Chrx_supercontig_000001483,x,2109,83092046,3170817252
GL869052.1,Chrx_supercontig_000001484,x,2854,83094900,3170820106
GL869053.1,Chrx_supercontig_000001485,x,1728,83096628,3170821834
GL869054.1,Chrx_supercontig_000001486,x,3349,83099977,3170825183
GL869055.1,Chrx_supercontig_000001487,x,3538,83103515,3170828721
GL869056.1,Chrx_supercontig_000001488,x,1956,83105471,3170830677
GL869057.1,Chrx_supercontig_000001489,x,1573,83107044,3170832250
GL869058.1,Chrx_supercontig_000001490,x,2254,83109298,3170834504
GL869059.1,Chrx_supercontig_000001491,x,1732,83111030,3170836236
GL869060.1,Chrx_supercontig_000001492,x,1590,83112620,3170837826
GL869061.1,Chrx_supercontig_000001493,x,2034,83114654,3170839860
GL869062.1,Chrx_supercontig_000001494,x,3332,83117986,3170843192
GL869063.1,Chrx_supercontig_000001495,x,1676,83119662,3170844868
GL869064.1,Chrx_supercontig_000001496,x,1570,83121232,3170846438
GL869065.1,Chrx_supercontig_000001497,x,3456,83124688,3170849894
GL869066.1,Chrx_supercontig_000001498,x,2755,83127443,3170852649
GL869067.1,Chrx_supercontig_000001499,x,2609,83130052,3170855258
GL869068.1,Chrx_supercontig_000001500,x,2322,83132374,3170857580
GL869069.1,Chrx_supercontig_000001501,x,1747,83134121,3170859327
GL869070.1,Chrx_supercontig_000001502,x,3088,83137209,3170862415
GL869071.1,Chrx_supercontig_000001503,x,2195,83139404,3170864610
GL869072.1,Chrx_supercontig_000001504,x,6070,83145474,3170870680
GL869073.1,Chrx_supercontig_000001505,x,2060,83147534,3170872740
GL869074.1,Chrx_supercontig_000001506,x,3424,83150958,3170876164
GL869075.1,Chrx_supercontig_000001507,x,1619,83152577,3170877783
GL869076.1,Chrx_supercontig_000001508,x,1990,83154567,3170879773
GL869077.1,Chrx_supercontig_000001509,x,7380,83161947,3170887153
GL869078.1,Chrx_supercontig_000001510,x,2068,83164015,3170889221
GL869079.1,Chrx_supercontig_000001511,x,2458,83166473,3170891679
GL869080.1,Chrx_supercontig_000001512,x,2243,83168716,3170893922
GL869081.1,Chrx_supercontig_000001513,x,2560,83171276,3170896482
GL869082.1,Chrx_supercontig_000001514,x,5090,83176366,3170901572
GL869083.1,Chrx_supercontig_000001515,x,1888,83178254,3170903460
GL869084.1,Chrx_supercontig_000001516,x,1712,83179966,3170905172
GL869085.1,Chrx_supercontig_000001517,x,4205,83184171,3170909377
GL869086.1,Chrx_supercontig_000001518,x,2090,83186261,3170911467
GL869087.1,Chrx_supercontig_000001519,x,1964,83188225,3170913431
GL869088.1,Chrx_supercontig_000001520,x,1614,83189839,3170915045
GL869089.1,Chrx_supercontig_000001521,x,1740,83191579,3170916785
GL869090.1,Chrx_supercontig_000001522,x,3896,83195475,3170920681
GL869091.1,Chrx_supercontig_000001523,x,3696,83199171,3170924377
GL869092.1,Chrx_supercontig_000001524,x,2248,83201419,3170926625
GL869093.1,Chrx_supercontig_000001525,x,4904,83206323,3170931529
GL869094.1,Chrx_supercontig_000001526,x,3039,83209362,3170934568
GL869095.1,Chrx_supercontig_000001527,x,1809,83211171,3170936377
GL869096.1,Chrx_supercontig_000001528,x,2339,83213510,3170938716
GL869097.1,Chrx_supercontig_000001529,x,2498,83216008,3170941214
GL869098.1,Chrx_supercontig_000001530,x,1941,83217949,3170943155
GL869099.1,Chrx_supercontig_000001531,x,2285,83220234,3170945440
GL869100.1,Chrx_supercontig_000001532,x,1866,83222100,3170947306
GL869101.1,Chrx_supercontig_000001533,x,2630,83224730,3170949936
GL869102.1,Chrx_supercontig_000001534,x,5281,83230011,3170955217
GL869103.1,Chrx_supercontig_000001535,x,2704,83232715,3170957921
GL869104.1,Chrx_supercontig_000001536,x,2051,83234766,3170959972
GL869105.1,Chrx_supercontig_000001537,x,5307,83240073,3170965279
GL869106.1,Chrx_supercontig_000001538,x,1678,83241751,3170966957
GL869107.1,Chrx_supercontig_000001539,x,1504,83243255,3170968461
GL869108.1,Chrx_supercontig_000001540,x,1903,83245158,3170970364
GL869109.1,Chrx_supercontig_000001541,x,5107,83250265,3170975471
GL869110.1,Chrx_supercontig_000001542,x,2463,83252728,3170977934
GL869111.1,Chrx_supercontig_000001543,x,2648,83255376,3170980582
GL869112.1,Chrx_supercontig_000001544,x,1740,83257116,3170982322
GL869113.1,Chrx_supercontig_000001545,x,2445,83259561,3170984767
GL869114.1,Chrx_supercontig_000001546,x,2262,83261823,3170987029
GL869115.1,Chrx_supercontig_000001547,x,1650,83263473,3170988679
GL869116.1,Chrx_supercontig_000001548,x,1570,83265043,3170990249
GL869117.1,Chrx_supercontig_000001549,x,1520,83266563,3170991769
GL869118.1,Chrx_supercontig_000001550,x,2170,83268733,3170993939
GL869119.1,Chrx_supercontig_000001551,x,1849,83270582,3170995788
GL869120.1,Chrx_supercontig_000001552,x,4055,83274637,3170999843
GL869121.1,Chrx_supercontig_000001553,x,2906,83277543,3171002749
GL869122.1,Chrx_supercontig_000001554,x,3197,83280740,3171005946
GL869123.1,Chrx_supercontig_000001555,x,1627,83282367,3171007573
GL869124.1,Chrx_supercontig_000001556,x,4066,83286433,3171011639
GL869125.1,Chrx_supercontig_000001557,x,2525,83288958,3171014164
GL869126.1,Chrx_supercontig_000001558,x,1964,83290922,3171016128
GL869127.1,Chrx_supercontig_000001559,x,2383,83293305,3171018511
GL869128.1,Chrx_supercontig_000001560,x,1867,83295172,3171020378
GL869129.1,Chrx_supercontig_000001561,x,2621,83297793,3171022999
GL869130.1,Chrx_supercontig_000001562,x,4869,83302662,3171027868
GL869131.1,Chrx_supercontig_000001563,x,3215,83305877,3171031083
GL869132.1,Chrx_supercontig_000001564,x,1672,83307549,3171032755
GL869133.1,Chrx_supercontig_000001565,x,2045,83309594,3171034800
GL869134.1,Chrx_supercontig_000001566,x,2577,83312171,3171037377
GL869135.1,Chrx_supercontig_000001567,x,2031,83314202,3171039408
GL869136.1,Chrx_supercontig_000001568,x,2532,83316734,3171041940
GL869137.1,Chrx_supercontig_000001569,x,2014,83318748,3171043954
GL869138.1,Chrx_supercontig_000001570,x,4960,83323708,3171048914
GL869139.1,Chrx_supercontig_000001571,x,2212,83325920,3171051126
GL869140.1,Chrx_supercontig_000001572,x,1688,83327608,3171052814
GL869141.1,Chrx_supercontig_000001573,x,6762,83334370,3171059576
GL869142.1,Chrx_supercontig_000001574,x,1536,83335906,3171061112
GL869143.1,Chrx_supercontig_000001575,x,2110,83338016,3171063222
GL869144.1,Chrx_supercontig_000001576,x,2366,83340382,3171065588
GL869145.1,Chrx_supercontig_000001577,x,2574,83342956,3171068162
GL869146.1,Chrx_supercontig_000001578,x,1621,83344577,3171069783
GL869147.1,Chrx_supercontig_000001579,x,1632,83346209,3171071415
GL869148.1,Chrx_supercontig_000001580,x,1828,83348037,3171073243
GL869149.1,Chrx_supercontig_000001581,x,1807,83349844,3171075050
GL869150.1,Chrx_supercontig_000001582,x,3691,83353535,3171078741
GL869151.1,Chrx_supercontig_000001583,x,1987,83355522,3171080728
GL869152.1,Chrx_supercontig_000001584,x,1719,83357241,3171082447
GL869153.1,Chrx_supercontig_000001585,x,2821,83360062,3171085268
GL869154.1,Chrx_supercontig_000001586,x,2993,83363055,3171088261
GL869155.1,Chrx_supercontig_000001587,x,2756,83365811,3171091017
GL869156.1,Chrx_supercontig_000001588,x,2831,83368642,3171093848
GL869157.1,Chrx_supercontig_000001589,x,1693,83370335,3171095541
GL869158.1,Chrx_supercontig_000001590,x,2235,83372570,3171097776
GL869159.1,Chrx_supercontig_000001591,x,9668,83382238,3171107444
GL869160.1,Chrx_supercontig_000001592,x,2174,83384412,3171109618
GL869161.1,Chrx_supercontig_000001593,x,2500,83386912,3171112118
GL869162.1,Chrx_supercontig_000001594,x,3746,83390658,3171115864
GL869163.1,Chrx_supercontig_000001595,x,5022,83395680,3171120886
GL869164.1,Chrx_supercontig_000001596,x,3060,83398740,3171123946
GL869165.1,Chrx_supercontig_000001597,x,2041,83400781,3171125987
GL869166.1,Chrx_supercontig_000001598,x,2599,83403380,3171128586
GL869167.1,Chrx_supercontig_000001599,x,1778,83405158,3171130364
GL869168.1,Chrx_supercontig_000001600,x,1661,83406819,3171132025
GL869169.1,Chrx_supercontig_000001601,x,2136,83408955,3171134161
GL869170.1,Chrx_supercontig_000001602,x,2348,83411303,3171136509
GL869171.1,Chrx_supercontig_000001603,x,2590,83413893,3171139099
GL869172.1,Chrx_supercontig_000001604,x,1678,83415571,3171140777
GL869173.1,Chrx_supercontig_000001605,x,2717,83418288,3171143494
GL869174.1,Chrx_supercontig_000001606,x,1503,83419791,3171144997
GL869175.1,Chrx_supercontig_000001607,x,2449,83422240,3171147446
GL869176.1,Chrx_supercontig_000001608,x,3132,83425372,3171150578
GL869177.1,Chrx_supercontig_000001609,x,1654,83427026,3171152232
GL869178.1,Chrx_supercontig_000001610,x,2535,83429561,3171154767
GL869179.1,Chrx_supercontig_000001611,x,1729,83431290,3171156496
GL869180.1,Chrx_supercontig_000001612,x,2680,83433970,3171159176
GL869181.1,Chrx_supercontig_000001613,x,2232,83436202,3171161408
GL869182.1,Chrx_supercontig_000001614,x,2850,83439052,3171164258
GL869183.1,Chrx_supercontig_000001615,x,1742,83440794,3171166000
GL869184.1,Chrx_supercontig_000001616,x,1930,83442724,3171167930
GL869185.1,Chrx_supercontig_000001617,x,1883,83444607,3171169813
GL869186.1,Chrx_supercontig_000001618,x,2693,83447300,3171172506
GL869187.1,Chrx_supercontig_000001619,x,2776,83450076,3171175282
GL869188.1,Chrx_supercontig_000001620,x,1909,83451985,3171177191
GL869189.1,Chrx_supercontig_000001621,x,2093,83454078,3171179284
GL869190.1,Chrx_supercontig_000001622,x,2706,83456784,3171181990
GL869191.1,Chrx_supercontig_000001623,x,2164,83458948,3171184154
GL869192.1,Chrx_supercontig_000001624,x,1941,83460889,3171186095
GL869193.1,Chrx_supercontig_000001625,x,1792,83462681,3171187887
GL869194.1,Chrx_supercontig_000001626,x,2142,83464823,3171190029
GL869195.1,Chrx_supercontig_000001627,x,1715,83466538,3171191744
GL869196.1,Chrx_supercontig_000001628,x,2539,83469077,3171194283
GL869197.1,Chrx_supercontig_000001629,x,3115,83472192,3171197398
GL869198.1,Chrx_supercontig_000001630,x,1625,83473817,3171199023
GL869199.1,Chrx_supercontig_000001631,x,1618,83475435,3171200641
GL869200.1,Chrx_supercontig_000001632,x,1775,83477210,3171202416
GL869201.1,Chrx_supercontig_000001633,x,7294,83484504,3171209710
GL869202.1,Chrx_supercontig_000001634,x,2209,83486713,3171211919
GL869203.1,Chrx_supercontig_000001635,x,1998,83488711,3171213917
GL869204.1,Chrx_supercontig_000001636,x,2285,83490996,3171216202
GL869205.1,Chrx_supercontig_000001637,x,3951,83494947,3171220153
GL869206.1,Chrx_supercontig_000001638,x,5477,83500424,3171225630
GL869207.1,Chrx_supercontig_000001639,x,2012,83502436,3171227642
GL869208.1,Chrx_supercontig_000001640,x,1523,83503959,3171229165
GL869209.1,Chrx_supercontig_000001641,x,12578,83516537,3171241743
GL869210.1,Chrx_supercontig_000001642,x,2068,83518605,3171243811
GL869211.1,Chrx_supercontig_000001643,x,2183,83520788,3171245994
GL869212.1,Chrx_supercontig_000001644,x,1775,83522563,3171247769
GL869213.1,Chrx_supercontig_000001645,x,2411,83524974,3171250180
GL869214.1,Chrx_supercontig_000001646,x,2000,83526974,3171252180
GL869215.1,Chrx_supercontig_000001647,x,2194,83529168,3171254374
GL869216.1,Chrx_supercontig_000001648,x,1512,83530680,3171255886
GL869217.1,Chrx_supercontig_000001649,x,13189,83543869,3171269075
GL869218.1,Chrx_supercontig_000001650,x,4095,83547964,3171273170
GL869219.1,Chrx_supercontig_000001651,x,2062,83550026,3171275232
GL869220.1,Chrx_supercontig_000001652,x,3199,83553225,3171278431
GL869221.1,Chrx_supercontig_000001653,x,4592,83557817,3171283023
GL869222.1,Chrx_supercontig_000001654,x,1813,83559630,3171284836
GL869223.1,Chrx_supercontig_000001655,x,2013,83561643,3171286849
GL869224.1,Chrx_supercontig_000001656,x,4962,83566605,3171291811
GL869225.1,Chrx_supercontig_000001657,x,5538,83572143,3171297349
GL869226.1,Chrx_supercontig_000001658,x,2966,83575109,3171300315
GL869227.1,Chrx_supercontig_000001659,x,3403,83578512,3171303718
GL869228.1,Chrx_supercontig_000001660,x,1971,83580483,3171305689
GL869229.1,Chrx_supercontig_000001661,x,1845,83582328,3171307534
GL869230.1,Chrx_supercontig_000001662,x,2113,83584441,3171309647
GL869231.1,Chrx_supercontig_000001663,x,2333,83586774,3171311980
GL869232.1,Chrx_supercontig_000001664,x,7811,83594585,3171319791
GL869233.1,Chrx_supercontig_000001665,x,4714,83599299,3171324505
GL869234.1,Chrx_supercontig_000001666,x,2390,83601689,3171326895
GL869235.1,Chrx_supercontig_000001667,x,2972,83604661,3171329867
GL869236.1,Chrx_supercontig_000001668,x,8121,83612782,3171337988
GL869237.1,Chrx_supercontig_000001669,x,2426,83615208,3171340414
GL869238.1,Chrx_supercontig_000001670,x,2783,83617991,3171343197
GL869239.1,Chrx_supercontig_000001671,x,1921,83619912,3171345118
GL869240.1,Chrx_supercontig_000001672,x,3272,83623184,3171348390
GL869241.1,Chrx_supercontig_000001673,x,2673,83625857,3171351063
GL869242.1,Chrx_supercontig_000001674,x,1588,83627445,3171352651
GL869243.1,Chrx_supercontig_000001675,x,1631,83629076,3171354282
GL869244.1,Chrx_supercontig_000001676,x,1645,83630721,3171355927
GL869245.1,Chrx_supercontig_000001677,x,1720,83632441,3171357647
GL869246.1,Chrx_supercontig_000001678,x,9065,83641506,3171366712
GL869247.1,Chrx_supercontig_000001679,x,1570,83643076,3171368282
GL869248.1,Chrx_supercontig_000001680,x,1613,83644689,3171369895
GL869249.1,Chrx_supercontig_000001681,x,3105,83647794,3171373000
GL869250.1,Chrx_supercontig_000001682,x,2811,83650605,3171375811
GL869251.1,Chrx_supercontig_000001683,x,2750,83653355,3171378561
GL869252.1,Chrx_supercontig_000001684,x,1753,83655108,3171380314
GL869253.1,Chrx_supercontig_000001685,x,1837,83656945,3171382151
GL869254.1,Chrx_supercontig_000001686,x,2008,83658953,3171384159
GL869255.1,Chrx_supercontig_000001687,x,4110,83663063,3171388269
GL869256.1,Chrx_supercontig_000001688,x,2099,83665162,3171390368
GL869257.1,Chrx_supercontig_000001689,x,1828,83666990,3171392196
GL869258.1,Chrx_supercontig_000001690,x,2392,83669382,3171394588
GL869259.1,Chrx_supercontig_000001691,x,1952,83671334,3171396540
GL869260.1,Chrx_supercontig_000001692,x,12481,83683815,3171409021
GL869261.1,Chrx_supercontig_000001693,x,4010,83687825,3171413031
GL869262.1,Chrx_supercontig_000001694,x,3297,83691122,3171416328
GL869263.1,Chrx_supercontig_000001695,x,1765,83692887,3171418093
GL869264.1,Chrx_supercontig_000001696,x,4342,83697229,3171422435
GL869265.1,Chrx_supercontig_000001697,x,2995,83700224,3171425430
GL869266.1,Chrx_supercontig_000001698,x,1843,83702067,3171427273
GL869267.1,Chrx_supercontig_000001699,x,2085,83704152,3171429358
GL869268.1,Chrx_supercontig_000001700,x,1732,83705884,3171431090
GL869269.1,Chrx_supercontig_000001701,x,1726,83707610,3171432816
GL869270.1,Chrx_supercontig_000001702,x,2183,83709793,3171434999
GL869271.1,Chrx_supercontig_000001703,x,5975,83715768,3171440974
GL869272.1,Chrx_supercontig_000001704,x,2466,83718234,3171443440
GL869273.1,Chrx_supercontig_000001705,x,1612,83719846,3171445052
GL869274.1,Chrx_supercontig_000001706,x,10116,83729962,3171455168
GL869275.1,Chrx_supercontig_000001707,x,1720,83731682,3171456888
GL869276.1,Chrx_supercontig_000001708,x,2852,83734534,3171459740
GL869277.1,Chrx_supercontig_000001709,x,2886,83737420,3171462626
GL869278.1,Chrx_supercontig_000001710,x,3319,83740739,3171465945
GL869279.1,Chrx_supercontig_000001711,x,1749,83742488,3171467694
GL869280.1,Chrx_supercontig_000001712,x,4256,83746744,3171471950
GL869281.1,Chrx_supercontig_000001713,x,4760,83751504,3171476710
GL869282.1,Chrx_supercontig_000001714,x,1784,83753288,3171478494
GL869283.1,Chrx_supercontig_000001715,x,1535,83754823,3171480029
GL869284.1,Chrx_supercontig_000001716,x,1590,83756413,3171481619
GL869285.1,Chrx_supercontig_000001717,x,1507,83757920,3171483126
GL869286.1,Chrx_supercontig_000001718,x,1599,83759519,3171484725
GL869287.1,Chrx_supercontig_000001719,x,2931,83762450,3171487656
GL869288.1,Chrx_supercontig_000001720,x,3146,83765596,3171490802
GL869289.1,Chrx_supercontig_000001721,x,1969,83767565,3171492771
GL869290.1,Chrx_supercontig_000001722,x,1597,83769162,3171494368
GL869291.1,Chrx_supercontig_000001723,x,2123,83771285,3171496491
GL869292.1,Chrx_supercontig_000001724,x,2440,83773725,3171498931
GL869293.1,Chrx_supercontig_000001725,x,1593,83775318,3171500524
GL869294.1,Chrx_supercontig_000001726,x,3406,83778724,3171503930
GL869295.1,Chrx_supercontig_000001727,x,1754,83780478,3171505684
GL869296.1,Chrx_supercontig_000001728,x,1908,83782386,3171507592
GL869297.1,Chrx_supercontig_000001729,x,2247,83784633,3171509839
GL869298.1,Chrx_supercontig_000001730,x,1644,83786277,3171511483
GL869299.1,Chrx_supercontig_000001731,x,2387,83788664,3171513870
GL869300.1,Chrx_supercontig_000001732,x,2179,83790843,3171516049
GL869301.1,Chrx_supercontig_000001733,x,2736,83793579,3171518785
GL869302.1,Chrx_supercontig_000001734,x,1521,83795100,3171520306
GL869303.1,Chrx_supercontig_000001735,x,2713,83797813,3171523019
GL869304.1,Chrx_supercontig_000001736,x,2383,83800196,3171525402
GL869305.1,Chrx_supercontig_000001737,x,3449,83803645,3171528851
GL869306.1,Chrx_supercontig_000001738,x,1649,83805294,3171530500
GL869307.1,Chrx_supercontig_000001739,x,3815,83809109,3171534315
GL869308.1,Chrx_supercontig_000001740,x,3553,83812662,3171537868
GL869309.1,Chrx_supercontig_000001741,x,2488,83815150,3171540356
GL869310.1,Chrx_supercontig_000001742,x,2710,83817860,3171543066
GL869311.1,Chrx_supercontig_000001743,x,1824,83819684,3171544890
GL869312.1,Chrx_supercontig_000001744,x,2309,83821993,3171547199
GL869313.1,Chrx_supercontig_000001745,x,1713,83823706,3171548912
GL869314.1,Chrx_supercontig_000001746,x,1510,83825216,3171550422
GL869315.1,Chrx_supercontig_000001747,x,1596,83826812,3171552018
GL869316.1,Chrx_supercontig_000001748,x,6494,83833306,3171558512
GL869317.1,Chrx_supercontig_000001749,x,2051,83835357,3171560563
GL869318.1,Chrx_supercontig_000001750,x,2698,83838055,3171563261
GL869319.1,Chrx_supercontig_000001751,x,1734,83839789,3171564995
GL869320.1,Chrx_supercontig_000001752,x,1502,83841291,3171566497
GL869321.1,Chrx_supercontig_000001753,x,2484,83843775,3171568981
GL869322.1,Chrx_supercontig_000001754,x,1620,83845395,3171570601
GL869323.1,Chrx_supercontig_000001755,x,1550,83846945,3171572151
GL869324.1,Chrx_supercontig_000001756,x,1882,83848827,3171574033
GL869325.1,Chrx_supercontig_000001757,x,1788,83850615,3171575821
GL869326.1,Chrx_supercontig_000001758,x,2272,83852887,3171578093
GL869327.1,Chrx_supercontig_000001759,x,2036,83854923,3171580129
GL869328.1,Chrx_supercontig_000001760,x,2003,83856926,3171582132
GL869329.1,Chrx_supercontig_000001761,x,1970,83858896,3171584102
GL869330.1,Chrx_supercontig_000001762,x,2036,83860932,3171586138
GL869331.1,Chrx_supercontig_000001763,x,1780,83862712,3171587918
GL869332.1,Chrx_supercontig_000001764,x,1657,83864369,3171589575
GL869333.1,Chrx_supercontig_000001765,x,2250,83866619,3171591825
GL869334.1,Chrx_supercontig_000001766,x,2194,83868813,3171594019
GL869335.1,Chrx_supercontig_000001767,x,2344,83871157,3171596363
GL869336.1,Chrx_supercontig_000001768,x,1526,83872683,3171597889
GL869337.1,Chrx_supercontig_000001769,x,2046,83874729,3171599935
GL869338.1,Chrx_supercontig_000001770,x,2467,83877196,3171602402
GL869339.1,Chrx_supercontig_000001771,x,2353,83879549,3171604755
GL869340.1,Chrx_supercontig_000001772,x,4202,83883751,3171608957
GL869341.1,Chrx_supercontig_000001773,x,4209,83887960,3171613166
GL869342.1,Chrx_supercontig_000001774,x,4120,83892080,3171617286
GL869343.1,Chrx_supercontig_000001775,x,1900,83893980,3171619186
GL869344.1,Chrx_supercontig_000001776,x,3658,83897638,3171622844
GL869345.1,Chrx_supercontig_000001777,x,4565,83902203,3171627409
GL869346.1,Chrx_supercontig_000001778,x,3343,83905546,3171630752
GL869347.1,Chrx_supercontig_000001779,x,2159,83907705,3171632911
GL869348.1,Chrx_supercontig_000001780,x,1696,83909401,3171634607
GL869349.1,Chrx_supercontig_000001781,x,1940,83911341,3171636547
GL869350.1,Chrx_supercontig_000001782,x,1744,83913085,3171638291
GL869351.1,Chrx_supercontig_000001783,x,1775,83914860,3171640066
GL869352.1,Chrx_supercontig_000001784,x,1801,83916661,3171641867
GL869353.1,Chrx_supercontig_000001785,x,1708,83918369,3171643575
GL869354.1,Chrx_supercontig_000001786,x,1539,83919908,3171645114
GL869355.1,Chrx_supercontig_000001787,x,1820,83921728,3171646934
GL869356.1,Chrx_supercontig_000001788,x,1774,83923502,3171648708
GL869357.1,Chrx_supercontig_000001789,x,2737,83926239,3171651445
GL869358.1,Chrx_supercontig_000001790,x,1771,83928010,3171653216
GL869359.1,Chrx_supercontig_000001791,x,2336,83930346,3171655552
GL869360.1,Chrx_supercontig_000001792,x,1581,83931927,3171657133
GL869361.1,Chrx_supercontig_000001793,x,1718,83933645,3171658851
GL869362.1,Chrx_supercontig_000001794,x,2465,83936110,3171661316
GL869363.1,Chrx_supercontig_000001795,x,1946,83938056,3171663262
GL869364.1,Chrx_supercontig_000001796,x,2457,83940513,3171665719
GL869365.1,Chrx_supercontig_000001797,x,2560,83943073,3171668279
GL869366.1,Chrx_supercontig_000001798,x,2708,83945781,3171670987
GL869367.1,Chrx_supercontig_000001799,x,1655,83947436,3171672642
GL869368.1,Chrx_supercontig_000001800,x,1538,83948974,3171674180
GL869369.1,Chrx_supercontig_000001801,x,2381,83951355,3171676561
GL869370.1,Chrx_supercontig_000001802,x,1623,83952978,3171678184
GL869371.1,Chrx_supercontig_000001803,x,3338,83956316,3171681522
GL869372.1,Chrx_supercontig_000001804,x,2115,83958431,3171683637
GL869373.1,Chrx_supercontig_000001805,x,1638,83960069,3171685275
GL869374.1,Chrx_supercontig_000001806,x,1776,83961845,3171687051
GL869375.1,Chrx_supercontig_000001807,x,2989,83964834,3171690040
GL869376.1,Chrx_supercontig_000001808,x,2549,83967383,3171692589
GL869377.1,Chrx_supercontig_000001809,x,1778,83969161,3171694367
GL869378.1,Chrx_supercontig_000001810,x,1694,83970855,3171696061
GL869379.1,Chrx_supercontig_000001811,x,1588,83972443,3171697649
GL869380.1,Chrx_supercontig_000001812,x,1852,83974295,3171699501
GL869381.1,Chrx_supercontig_000001813,x,1546,83975841,3171701047
GL869382.1,Chrx_supercontig_000001814,x,1810,83977651,3171702857
GL869383.1,Chrx_supercontig_000001815,x,1667,83979318,3171704524
GL869384.1,Chrx_supercontig_000001816,x,1907,83981225,3171706431
GL869385.1,Chrx_supercontig_000001817,x,2435,83983660,3171708866
GL869386.1,Chrx_supercontig_000001818,x,2184,83985844,3171711050
GL869387.1,Chrx_supercontig_000001819,x,2836,83988680,3171713886
GL869388.1,Chrx_supercontig_000001820,x,2201,83990881,3171716087
GL869389.1,Chrx_supercontig_000001821,x,1526,83992407,3171717613
GL869390.1,Chrx_supercontig_000001822,x,5875,83998282,3171723488
GL869391.1,Chrx_supercontig_000001823,x,2173,84000455,3171725661
GL869392.1,Chrx_supercontig_000001824,x,2374,84002829,3171728035
GL869393.1,Chrx_supercontig_000001825,x,2019,84004848,3171730054
GL869394.1,Chrx_supercontig_000001826,x,1699,84006547,3171731753
GL869395.1,Chrx_supercontig_000001827,x,1588,84008135,3171733341
GL869396.1,Chrx_supercontig_000001828,x,2017,84010152,3171735358
GL869397.1,Chrx_supercontig_000001829,x,4480,84014632,3171739838
GL869398.1,Chrx_supercontig_000001830,x,1913,84016545,3171741751
GL869399.1,Chrx_supercontig_000001831,x,1578,84018123,3171743329
GL869400.1,Chrx_supercontig_000001832,x,3847,84021970,3171747176
GL869401.1,Chrx_supercontig_000001833,x,3512,84025482,3171750688
GL869402.1,Chrx_supercontig_000001834,x,5251,84030733,3171755939
GL869403.1,Chrx_supercontig_000001835,x,3548,84034281,3171759487
GL869404.1,Chrx_supercontig_000001836,x,2842,84037123,3171762329
GL869405.1,Chrx_supercontig_000001837,x,2884,84040007,3171765213
GL869406.1,Chrx_supercontig_000001838,x,2379,84042386,3171767592
GL869407.1,Chrx_supercontig_000001839,x,1956,84044342,3171769548
GL869408.1,Chrx_supercontig_000001840,x,2268,84046610,3171771816
GL869409.1,Chrx_supercontig_000001841,x,1542,84048152,3171773358
GL869410.1,Chrx_supercontig_000001842,x,3056,84051208,3171776414
GL869411.1,Chrx_supercontig_000001843,x,9720,84060928,3171786134
GL869412.1,Chrx_supercontig_000001844,x,5070,84065998,3171791204
GL869413.1,Chrx_supercontig_000001845,x,1721,84067719,3171792925
GL869414.1,Chrx_supercontig_000001846,x,11395,84079114,3171804320
GL869415.1,Chrx_supercontig_000001847,x,3490,84082604,3171807810
GL869416.1,Chrx_supercontig_000001848,x,4105,84086709,3171811915
GL869417.1,Chrx_supercontig_000001849,x,3331,84090040,3171815246
GL869418.1,Chrx_supercontig_000001850,x,3110,84093150,3171818356
GL869419.1,Chrx_supercontig_000001851,x,4135,84097285,3171822491
GL869420.1,Chrx_supercontig_000001852,x,3569,84100854,3171826060
GL869421.1,Chrx_supercontig_000001853,x,1869,84102723,3171827929
GL869422.1,Chrx_supercontig_000001854,x,1776,84104499,3171829705
GL869423.1,Chrx_supercontig_000001855,x,3278,84107777,3171832983
GL869424.1,Chrx_supercontig_000001856,x,3080,84110857,3171836063
GL869425.1,Chrx_supercontig_000001857,x,3962,84114819,3171840025
GL869426.1,Chrx_supercontig_000001858,x,2016,84116835,3171842041
GL869427.1,Chrx_supercontig_000001859,x,2712,84119547,3171844753
GL869428.1,Chrx_supercontig_000001860,x,2427,84121974,3171847180
GL869429.1,Chrx_supercontig_000001861,x,2270,84124244,3171849450
GL869430.1,Chrx_supercontig_000001862,x,1564,84125808,3171851014
GL869431.1,Chrx_supercontig_000001863,x,4482,84130290,3171855496
GL869432.1,Chrx_supercontig_000001864,x,4100,84134390,3171859596
GL869433.1,Chrx_supercontig_000001865,x,7488,84141878,3171867084
GL869434.1,Chrx_supercontig_000001866,x,2871,84144749,3171869955
GL869435.1,Chrx_supercontig_000001867,x,4036,84148785,3171873991
GL869436.1,Chrx_supercontig_000001868,x,8047,84156832,3171882038
GL869437.1,Chrx_supercontig_000001869,x,2107,84158939,3171884145
GL869438.1,Chrx_supercontig_000001870,x,1545,84160484,3171885690
GL869439.1,Chrx_supercontig_000001871,x,1946,84162430,3171887636
GL869440.1,Chrx_supercontig_000001872,x,3559,84165989,3171891195
GL869441.1,Chrx_supercontig_000001873,x,2520,84168509,3171893715
GL869442.1,Chrx_supercontig_000001874,x,2119,84170628,3171895834
GL869443.1,Chrx_supercontig_000001875,x,1875,84172503,3171897709
GL869444.1,Chrx_supercontig_000001876,x,7979,84180482,3171905688
GL869445.1,Chrx_supercontig_000001877,x,2645,84183127,3171908333
GL869446.1,Chrx_supercontig_000001878,x,2050,84185177,3171910383
GL869447.1,Chrx_supercontig_000001879,x,3369,84188546,3171913752
GL869448.1,Chrx_supercontig_000001880,x,3087,84191633,3171916839
GL869449.1,Chrx_supercontig_000001881,x,4186,84195819,3171921025
GL869450.1,Chrx_supercontig_000001882,x,2782,84198601,3171923807
GL869451.1,Chrx_supercontig_000001883,x,1554,84200155,3171925361
GL869452.1,Chrx_supercontig_000001884,x,2077,84202232,3171927438
GL869453.1,Chrx_supercontig_000001885,x,1860,84204092,3171929298
GL869454.1,Chrx_supercontig_000001886,x,1792,84205884,3171931090
GL869455.1,Chrx_supercontig_000001887,x,2243,84208127,3171933333
GL869456.1,Chrx_supercontig_000001888,x,3671,84211798,3171937004
GL869457.1,Chrx_supercontig_000001889,x,1606,84213404,3171938610
GL869458.1,Chrx_supercontig_000001890,x,2599,84216003,3171941209
GL869459.1,Chrx_supercontig_000001891,x,4128,84220131,3171945337
GL869460.1,Chrx_supercontig_000001892,x,4515,84224646,3171949852
GL869461.1,Chrx_supercontig_000001893,x,2156,84226802,3171952008
GL869462.1,Chrx_supercontig_000001894,x,2000,84228802,3171954008
GL869463.1,Chrx_supercontig_000001895,x,2368,84231170,3171956376
GL869464.1,Chrx_supercontig_000001896,x,5571,84236741,3171961947
GL869465.1,Chrx_supercontig_000001897,x,1529,84238270,3171963476
GL869466.1,Chrx_supercontig_000001898,x,10258,84248528,3171973734
GL869467.1,Chrx_supercontig_000001899,x,5636,84254164,3171979370
GL869468.1,Chrx_supercontig_000001900,x,3032,84257196,3171982402
GL869469.1,Chrx_supercontig_000001901,x,4581,84261777,3171986983
GL869470.1,Chrx_supercontig_000001902,x,2672,84264449,3171989655
GL869471.1,Chrx_supercontig_000001903,x,2229,84266678,3171991884
GL869472.1,Chrx_supercontig_000001904,x,3883,84270561,3171995767
GL869473.1,Chrx_supercontig_000001905,x,2903,84273464,3171998670
GL869474.1,Chrx_supercontig_000001906,x,2673,84276137,3172001343
GL869475.1,Chrx_supercontig_000001907,x,3264,84279401,3172004607
GL869476.1,Chrx_supercontig_000001908,x,2098,84281499,3172006705
GL869477.1,Chrx_supercontig_000001909,x,1735,84283234,3172008440
GL869478.1,Chrx_supercontig_000001910,x,2959,84286193,3172011399
GL869479.1,Chrx_supercontig_000001911,x,1836,84288029,3172013235
GL869480.1,Chrx_supercontig_000001912,x,1843,84289872,3172015078
GL869481.1,Chrx_supercontig_000001913,x,7641,84297513,3172022719
GL869482.1,Chrx_supercontig_000001914,x,2172,84299685,3172024891
GL869483.1,Chrx_supercontig_000001915,x,2133,84301818,3172027024
GL869484.1,Chrx_supercontig_000001916,x,1655,84303473,3172028679
GL869485.1,Chrx_supercontig_000001917,x,2467,84305940,3172031146
GL869486.1,Chrx_supercontig_000001918,x,2076,84308016,3172033222
GL869487.1,Chrx_supercontig_000001919,x,2470,84310486,3172035692
GL869488.1,Chrx_supercontig_000001920,x,1957,84312443,3172037649
GL869489.1,Chrx_supercontig_000001921,x,2058,84314501,3172039707
GL869490.1,Chrx_supercontig_000001922,x,6391,84320892,3172046098
GL869491.1,Chrx_supercontig_000001923,x,7120,84328012,3172053218
GL869492.1,Chrx_supercontig_000001924,x,1764,84329776,3172054982
GL869493.1,Chrx_supercontig_000001925,x,1727,84331503,3172056709
GL869494.1,Chrx_supercontig_000001926,x,1824,84333327,3172058533
GL869495.1,Chrx_supercontig_000001927,x,3167,84336494,3172061700
GL869496.1,Chrx_supercontig_000001928,x,2892,84339386,3172064592
GL869497.1,Chrx_supercontig_000001929,x,1554,84340940,3172066146
GL869498.1,Chrx_supercontig_000001930,x,1832,84342772,3172067978
GL869499.1,Chrx_supercontig_000001931,x,2225,84344997,3172070203
GL869500.1,Chrx_supercontig_000001932,x,2895,84347892,3172073098
GL869501.1,Chrx_supercontig_000001933,x,2722,84350614,3172075820
GL869502.1,Chrx_supercontig_000001934,x,2811,84353425,3172078631
GL869503.1,Chrx_supercontig_000001935,x,2645,84356070,3172081276
GL869504.1,Chrx_supercontig_000001936,x,6879,84362949,3172088155
GL869505.1,Chrx_supercontig_000001937,x,3925,84366874,3172092080
GL869506.1,Chrx_supercontig_000001938,x,12195,84379069,3172104275
GL869507.1,Chrx_supercontig_000001939,x,2558,84381627,3172106833
GL869508.1,Chrx_supercontig_000001940,x,3570,84385197,3172110403
GL869509.1,Chrx_supercontig_000001941,x,4244,84389441,3172114647
GL869510.1,Chrx_supercontig_000001942,x,1560,84391001,3172116207
GL869511.1,Chrx_supercontig_000001943,x,3098,84394099,3172119305
GL869512.1,Chrx_supercontig_000001944,x,2739,84396838,3172122044
GL869513.1,Chrx_supercontig_000001945,x,2468,84399306,3172124512
GL869514.1,Chrx_supercontig_000001946,x,1655,84400961,3172126167
GL869515.1,Chrx_supercontig_000001947,x,8141,84409102,3172134308
GL869516.1,Chrx_supercontig_000001948,x,3559,84412661,3172137867
GL869517.1,Chrx_supercontig_000001949,x,2221,84414882,3172140088
GL869518.1,Chrx_supercontig_000001950,x,3169,84418051,3172143257
GL869519.1,Chrx_supercontig_000001951,x,2913,84420964,3172146170
GL869520.1,Chrx_supercontig_000001952,x,1717,84422681,3172147887
GL869521.1,Chrx_supercontig_000001953,x,6046,84428727,3172153933
GL869522.1,Chrx_supercontig_000001954,x,4973,84433700,3172158906
GL869523.1,Chrx_supercontig_000001955,x,1769,84435469,3172160675
GL869524.1,Chrx_supercontig_000001956,x,2184,84437653,3172162859
GL869525.1,Chrx_supercontig_000001957,x,3494,84441147,3172166353
GL869526.1,Chrx_supercontig_000001958,x,3036,84444183,3172169389
GL869527.1,Chrx_supercontig_000001959,x,1922,84446105,3172171311
GL869528.1,Chrx_supercontig_000001960,x,2227,84448332,3172173538
GL869529.1,Chrx_supercontig_000001961,x,1982,84450314,3172175520
GL869530.1,Chrx_supercontig_000001962,x,1950,84452264,3172177470
GL869531.1,Chrx_supercontig_000001963,x,2158,84454422,3172179628
GL869532.1,Chrx_supercontig_000001964,x,1529,84455951,3172181157
GL869533.1,Chrx_supercontig_000001965,x,1530,84457481,3172182687
GL869534.1,Chrx_supercontig_000001966,x,1557,84459038,3172184244
GL869535.1,Chrx_supercontig_000001967,x,3072,84462110,3172187316
GL869536.1,Chrx_supercontig_000001968,x,3322,84465432,3172190638
GL869537.1,Chrx_supercontig_000001969,x,3604,84469036,3172194242
GL869538.1,Chrx_supercontig_000001970,x,3093,84472129,3172197335
GL869539.1,Chrx_supercontig_000001971,x,1887,84474016,3172199222
GL869540.1,Chrx_supercontig_000001972,x,2025,84476041,3172201247
GL869541.1,Chrx_supercontig_000001973,x,3627,84479668,3172204874
GL869542.1,Chrx_supercontig_000001974,x,2721,84482389,3172207595
GL869543.1,Chrx_supercontig_000001975,x,2431,84484820,3172210026
GL869544.1,Chrx_supercontig_000001976,x,5569,84490389,3172215595
GL869545.1,Chrx_supercontig_000001977,x,1643,84492032,3172217238
GL869546.1,Chrx_supercontig_000001978,x,1860,84493892,3172219098
GL869547.1,Chrx_supercontig_000001979,x,1575,84495467,3172220673
GL869548.1,Chrx_supercontig_000001980,x,1793,84497260,3172222466
GL869549.1,Chrx_supercontig_000001981,x,3889,84501149,3172226355
GL869550.1,Chrx_supercontig_000001982,x,4178,84505327,3172230533
GL869551.1,Chrx_supercontig_000001983,x,1945,84507272,3172232478
GL869552.1,Chrx_supercontig_000001984,x,1537,84508809,3172234015
GL869553.1,Chrx_supercontig_000001985,x,7015,84515824,3172241030
GL869554.1,Chrx_supercontig_000001986,x,3883,84519707,3172244913
GL869555.1,Chrx_supercontig_000001987,x,3145,84522852,3172248058
GL869556.1,Chrx_supercontig_000001988,x,1891,84524743,3172249949
GL869557.1,Chrx_supercontig_000001989,x,1776,84526519,3172251725
GL869558.1,Chrx_supercontig_000001990,x,2166,84528685,3172253891
GL869559.1,Chrx_supercontig_000001991,x,1951,84530636,3172255842
GL869560.1,Chrx_supercontig_000001992,x,2491,84533127,3172258333
GL869561.1,Chrx_supercontig_000001993,x,1995,84535122,3172260328
GL869562.1,Chrx_supercontig_000001994,x,2229,84537351,3172262557
GL869563.1,Chrx_supercontig_000001995,x,3255,84540606,3172265812
GL869564.1,Chrx_supercontig_000001996,x,2076,84542682,3172267888
GL869565.1,Chrx_supercontig_000001997,x,2587,84545269,3172270475
GL869566.1,Chrx_supercontig_000001998,x,3651,84548920,3172274126
GL869567.1,Chrx_supercontig_000001999,x,1651,84550571,3172275777
GL869568.1,Chrx_supercontig_000002000,x,1612,84552183,3172277389
GL869569.1,Chrx_supercontig_000002001,x,2455,84554638,3172279844
GL869570.1,Chrx_supercontig_000002002,x,2662,84557300,3172282506
GL869571.1,Chrx_supercontig_000002003,x,3302,84560602,3172285808
GL869572.1,Chrx_supercontig_000002004,x,1837,84562439,3172287645
GL869573.1,Chrx_supercontig_000002005,x,1957,84564396,3172289602
GL869574.1,Chrx_supercontig_000002006,x,1529,84565925,3172291131
GL869575.1,Chrx_supercontig_000002007,x,4529,84570454,3172295660
GL869576.1,Chrx_supercontig_000002008,x,2230,84572684,3172297890
GL869577.1,Chrx_supercontig_000002009,x,1910,84574594,3172299800
GL869578.1,Chrx_supercontig_000002010,x,1933,84576527,3172301733
GL869579.1,Chrx_supercontig_000002011,x,2485,84579012,3172304218
GL869580.1,Chrx_supercontig_000002012,x,2656,84581668,3172306874
GL869581.1,Chrx_supercontig_000002013,x,1961,84583629,3172308835
GL869582.1,Chrx_supercontig_000002014,x,3342,84586971,3172312177
GL869583.1,Chrx_supercontig_000002015,x,1584,84588555,3172313761
GL869584.1,Chrx_supercontig_000002016,x,2022,84590577,3172315783
GL869585.1,Chrx_supercontig_000002017,x,1648,84592225,3172317431
GL869586.1,Chrx_supercontig_000002018,x,1623,84593848,3172319054
GL869587.1,Chrx_supercontig_000002019,x,1503,84595351,3172320557
GL869588.1,Chrx_supercontig_000002020,x,1987,84597338,3172322544
GL869589.1,Chrx_supercontig_000002021,x,1626,84598964,3172324170
GL869590.1,Chrx_supercontig_000002022,x,2448,84601412,3172326618
GL869591.1,Chrx_supercontig_000002023,x,1787,84603199,3172328405
GL869592.1,Chrx_supercontig_000002024,x,1659,84604858,3172330064
GL869593.1,Chrx_supercontig_000002025,x,1817,84606675,3172331881
GL869594.1,Chrx_supercontig_000002026,x,2132,84608807,3172334013
GL869595.1,Chrx_supercontig_000002027,x,1614,84610421,3172335627
GL869596.1,Chrx_supercontig_000002028,x,2364,84612785,3172337991
GL869597.1,Chrx_supercontig_000002029,x,2085,84614870,3172340076
GL869598.1,Chrx_supercontig_000002030,x,2074,84616944,3172342150
GL869599.1,Chrx_supercontig_000002031,x,2615,84619559,3172344765
GL869600.1,Chrx_supercontig_000002032,x,1514,84621073,3172346279
GL869601.1,Chrx_supercontig_000002033,x,2871,84623944,3172349150
GL869602.1,Chrx_supercontig_000002034,x,1723,84625667,3172350873
GL869603.1,Chrx_supercontig_000002035,x,1705,84627372,3172352578
GL869604.1,Chrx_supercontig_000002036,x,2368,84629740,3172354946
GL869605.1,Chrx_supercontig_000002037,x,3436,84633176,3172358382
GL869606.1,Chrx_supercontig_000002038,x,2191,84635367,3172360573
GL869607.1,Chrx_supercontig_000002039,x,1705,84637072,3172362278
GL869608.1,Chrx_supercontig_000002040,x,5058,84642130,3172367336
GL869609.1,Chrx_supercontig_000002041,x,1962,84644092,3172369298
GL869610.1,Chrx_supercontig_000002042,x,9890,84653982,3172379188
GL869611.1,Chrx_supercontig_000002043,x,1555,84655537,3172380743
GL869612.1,Chrx_supercontig_000002044,x,2047,84657584,3172382790
GL869613.1,Chrx_supercontig_000002045,x,1674,84659258,3172384464
GL869614.1,Chrx_supercontig_000002046,x,1592,84660850,3172386056
GL869615.1,Chrx_supercontig_000002047,x,2989,84663839,3172389045
GL869616.1,Chrx_supercontig_000002048,x,1815,84665654,3172390860
GL869617.1,Chrx_supercontig_000002049,x,2183,84667837,3172393043
GL869618.1,Chrx_supercontig_000002050,x,2683,84670520,3172395726
GL869619.1,Chrx_supercontig_000002051,x,1589,84672109,3172397315
GL869620.1,Chrx_supercontig_000002052,x,2255,84674364,3172399570
GL869621.1,Chrx_supercontig_000002053,x,2951,84677315,3172402521
GL869622.1,Chrx_supercontig_000002054,x,1604,84678919,3172404125
GL869623.1,Chrx_supercontig_000002055,x,1754,84680673,3172405879
GL869624.1,Chrx_supercontig_000002056,x,1508,84682181,3172407387
GL869625.1,Chrx_supercontig_000002057,x,3038,84685219,3172410425
GL869626.1,Chrx_supercontig_000002058,x,3152,84688371,3172413577
GL869627.1,Chrx_supercontig_000002059,x,1511,84689882,3172415088
GL869628.1,Chrx_supercontig_000002060,x,1631,84691513,3172416719
GL869629.1,Chrx_supercontig_000002061,x,2018,84693531,3172418737
GL869630.1,Chrx_supercontig_000002062,x,2380,84695911,3172421117
GL869631.1,Chrx_supercontig_000002063,x,3178,84699089,3172424295
GL869632.1,Chrx_supercontig_000002064,x,1738,84700827,3172426033
GL869633.1,Chrx_supercontig_000002065,x,1856,84702683,3172427889
GL869634.1,Chrx_supercontig_000002066,x,1694,84704377,3172429583
GL869635.1,Chrx_supercontig_000002067,x,2069,84706446,3172431652
GL869636.1,Chrx_supercontig_000002068,x,1558,84708004,3172433210
GL869637.1,Chrx_supercontig_000002069,x,3548,84711552,3172436758
GL869638.1,Chrx_supercontig_000002070,x,3721,84715273,3172440479
GL869639.1,Chrx_supercontig_000002071,x,2355,84717628,3172442834
GL869640.1,Chrx_supercontig_000002072,x,1850,84719478,3172444684
GL869641.1,Chrx_supercontig_000002073,x,1667,84721145,3172446351
GL869642.1,Chrx_supercontig_000002074,x,2439,84723584,3172448790
GL869643.1,Chrx_supercontig_000002075,x,2012,84725596,3172450802
GL869644.1,Chrx_supercontig_000002076,x,2162,84727758,3172452964
GL869645.1,Chrx_supercontig_000002077,x,1640,84729398,3172454604
GL869646.1,Chrx_supercontig_000002078,x,1581,84730979,3172456185
GL869647.1,Chrx_supercontig_000002079,x,1648,84732627,3172457833
GL869648.1,Chrx_supercontig_000002080,x,4384,84737011,3172462217
GL869649.1,Chrx_supercontig_000002081,x,3285,84740296,3172465502
GL869650.1,Chrx_supercontig_000002082,x,2408,84742704,3172467910
GL869651.1,Chrx_supercontig_000002083,x,2167,84744871,3172470077
GL869652.1,Chrx_supercontig_000002084,x,6086,84750957,3172476163
GL869653.1,Chrx_supercontig_000002085,x,2505,84753462,3172478668
GL869654.1,Chrx_supercontig_000002086,x,5202,84758664,3172483870
GL869655.1,Chrx_supercontig_000002087,x,1668,84760332,3172485538
GL869656.1,Chrx_supercontig_000002088,x,2224,84762556,3172487762
GL869657.1,Chrx_supercontig_000002089,x,1860,84764416,3172489622
GL869658.1,Chrx_supercontig_000002090,x,4935,84769351,3172494557
GL869659.1,Chrx_supercontig_000002091,x,2835,84772186,3172497392
GL869660.1,Chrx_supercontig_000002092,x,2406,84774592,3172499798
GL869661.1,Chrx_supercontig_000002093,x,1607,84776199,3172501405
GL869662.1,Chrx_supercontig_000002094,x,4826,84781025,3172506231
GL869663.1,Chrx_supercontig_000002095,x,1917,84782942,3172508148
GL869664.1,Chrx_supercontig_000002096,x,3267,84786209,3172511415
GL869665.1,Chrx_supercontig_000002097,x,3099,84789308,3172514514
GL869666.1,Chrx_supercontig_000002098,x,2874,84792182,3172517388
GL869667.1,Chrx_supercontig_000002099,x,2436,84794618,3172519824
GL869668.1,Chrx_supercontig_000002100,x,3790,84798408,3172523614
GL869669.1,Chrx_supercontig_000002101,x,1591,84799999,3172525205
GL869670.1,Chrx_supercontig_000002102,x,1828,84801827,3172527033
GL869671.1,Chrx_supercontig_000002103,x,2663,84804490,3172529696
GL869672.1,Chrx_supercontig_000002104,x,5150,84809640,3172534846
GL869673.1,Chrx_supercontig_000002105,x,2507,84812147,3172537353
GL869674.1,Chrx_supercontig_000002106,x,2630,84814777,3172539983
GL869675.1,Chrx_supercontig_000002107,x,3627,84818404,3172543610
GL869676.1,Chrx_supercontig_000002108,x,3143,84821547,3172546753
GL869677.1,Chrx_supercontig_000002109,x,2570,84824117,3172549323
GL869678.1,Chrx_supercontig_000002110,x,1520,84825637,3172550843
GL869679.1,Chrx_supercontig_000002111,x,6343,84831980,3172557186
GL869680.1,Chrx_supercontig_000002112,x,2357,84834337,3172559543
GL869681.1,Chrx_supercontig_000002113,x,2231,84836568,3172561774
GL869682.1,Chrx_supercontig_000002114,x,2531,84839099,3172564305
GL869683.1,Chrx_supercontig_000002115,x,1518,84840617,3172565823
GL869684.1,Chrx_supercontig_000002116,x,3049,84843666,3172568872
GL869685.1,Chrx_supercontig_000002117,x,1612,84845278,3172570484
GL869686.1,Chrx_supercontig_000002118,x,2166,84847444,3172572650
GL869687.1,Chrx_supercontig_000002119,x,2781,84850225,3172575431
GL869688.1,Chrx_supercontig_000002120,x,2200,84852425,3172577631
GL869689.1,Chrx_supercontig_000002121,x,1686,84854111,3172579317
GL869690.1,Chrx_supercontig_000002122,x,1840,84855951,3172581157
GL869691.1,Chrx_supercontig_000002123,x,1944,84857895,3172583101
GL869692.1,Chrx_supercontig_000002124,x,4133,84862028,3172587234
GL869693.1,Chrx_supercontig_000002125,x,3962,84865990,3172591196
GL869694.1,Chrx_supercontig_000002126,x,2708,84868698,3172593904
GL869695.1,Chrx_supercontig_000002127,x,2115,84870813,3172596019
GL869696.1,Chrx_supercontig_000002128,x,2389,84873202,3172598408
GL869697.1,Chrx_supercontig_000002129,x,3184,84876386,3172601592
GL869698.1,Chrx_supercontig_000002130,x,3936,84880322,3172605528
GL869699.1,Chrx_supercontig_000002131,x,5749,84886071,3172611277
GL869700.1,Chrx_supercontig_000002132,x,2698,84888769,3172613975
GL869701.1,Chrx_supercontig_000002133,x,2074,84890843,3172616049
GL869702.1,Chrx_supercontig_000002134,x,1536,84892379,3172617585
GL869703.1,Chrx_supercontig_000002135,x,2233,84894612,3172619818
GL869704.1,Chrx_supercontig_000002136,x,5167,84899779,3172624985
GL869705.1,Chrx_supercontig_000002137,x,3151,84902930,3172628136
GL869706.1,Chrx_supercontig_000002138,x,3711,84906641,3172631847
GL869707.1,Chrx_supercontig_000002139,x,1797,84908438,3172633644
GL869708.1,Chrx_supercontig_000002140,x,3335,84911773,3172636979
GL869709.1,Chrx_supercontig_000002141,x,2263,84914036,3172639242
GL869710.1,Chrx_supercontig_000002142,x,2578,84916614,3172641820
GL869711.1,Chrx_supercontig_000002143,x,2902,84919516,3172644722
GL869712.1,Chrx_supercontig_000002144,x,4897,84924413,3172649619
GL869713.1,Chrx_supercontig_000002145,x,2098,84926511,3172651717
GL869714.1,Chrx_supercontig_000002146,x,1746,84928257,3172653463
GL869715.1,Chrx_supercontig_000002147,x,4959,84933216,3172658422
GL869716.1,Chrx_supercontig_000002148,x,3413,84936629,3172661835
GL869717.1,Chrx_supercontig_000002149,x,2822,84939451,3172664657
GL869718.1,Chrx_supercontig_000002150,x,3029,84942480,3172667686
GL869719.1,Chrx_supercontig_000002151,x,1895,84944375,3172669581
GL869720.1,Chrx_supercontig_000002152,x,1504,84945879,3172671085
GL869721.1,Chrx_supercontig_000002153,x,2031,84947910,3172673116
GL869722.1,Chrx_supercontig_000002154,x,1987,84949897,3172675103
GL869723.1,Chrx_supercontig_000002155,x,2014,84951911,3172677117
GL869724.1,Chrx_supercontig_000002156,x,3445,84955356,3172680562
GL869725.1,Chrx_supercontig_000002157,x,2035,84957391,3172682597
GL869726.1,Chrx_supercontig_000002158,x,2568,84959959,3172685165
GL869727.1,Chrx_supercontig_000002159,x,3361,84963320,3172688526
GL869728.1,Chrx_supercontig_000002160,x,2672,84965992,3172691198
GL869729.1,Chrx_supercontig_000002161,x,1562,84967554,3172692760
GL869730.1,Chrx_supercontig_000002162,x,1512,84969066,3172694272
GL869731.1,Chrx_supercontig_000002163,x,2400,84971466,3172696672
GL869732.1,Chrx_supercontig_000002164,x,1678,84973144,3172698350
GL869733.1,Chrx_supercontig_000002165,x,2095,84975239,3172700445
GL869734.1,Chrx_supercontig_000002166,x,1701,84976940,3172702146
GL869735.1,Chrx_supercontig_000002167,x,2408,84979348,3172704554
GL869736.1,Chrx_supercontig_000002168,x,2287,84981635,3172706841
GL869737.1,Chrx_supercontig_000002169,x,1810,84983445,3172708651
GL869738.1,Chrx_supercontig_000002170,x,1705,84985150,3172710356
GL869739.1,Chrx_supercontig_000002171,x,1611,84986761,3172711967
GL869740.1,Chrx_supercontig_000002172,x,1724,84988485,3172713691
GL869741.1,Chrx_supercontig_000002173,x,2459,84990944,3172716150
GL869742.1,Chrx_supercontig_000002174,x,1928,84992872,3172718078
GL869743.1,Chrx_supercontig_000002175,x,5222,84998094,3172723300
GL869744.1,Chrx_supercontig_000002176,x,2060,85000154,3172725360
GL869745.1,Chrx_supercontig_000002177,x,1930,85002084,3172727290
GL869746.1,Chrx_supercontig_000002178,x,2989,85005073,3172730279
GL869747.1,Chrx_supercontig_000002179,x,1857,85006930,3172732136
GL869748.1,Chrx_supercontig_000002180,x,2634,85009564,3172734770
GL869749.1,Chrx_supercontig_000002181,x,2070,85011634,3172736840
GL869750.1,Chrx_supercontig_000002182,x,1817,85013451,3172738657
GL869751.1,Chrx_supercontig_000002183,x,2308,85015759,3172740965
GL869752.1,Chrx_supercontig_000002184,x,1676,85017435,3172742641
GL869753.1,Chrx_supercontig_000002185,x,1962,85019397,3172744603
GL869754.1,Chrx_supercontig_000002186,x,1708,85021105,3172746311
GL869755.1,Chrx_supercontig_000002187,x,2836,85023941,3172749147
GL869756.1,Chrx_supercontig_000002188,x,3829,85027770,3172752976
GL869757.1,Chrx_supercontig_000002189,x,3829,85031599,3172756805
GL869758.1,Chrx_supercontig_000002190,x,4297,85035896,3172761102
GL869759.1,Chrx_supercontig_000002191,x,1879,85037775,3172762981
GL869760.1,Chrx_supercontig_000002192,x,2878,85040653,3172765859
GL869761.1,Chrx_supercontig_000002193,x,1808,85042461,3172767667
GL869762.1,Chrx_supercontig_000002194,x,2112,85044573,3172769779
GL869763.1,Chrx_supercontig_000002195,x,2086,85046659,3172771865
GL869764.1,Chrx_supercontig_000002196,x,2345,85049004,3172774210
GL869765.1,Chrx_supercontig_000002197,x,1891,85050895,3172776101
GL869766.1,Chrx_supercontig_000002198,x,2007,85052902,3172778108
GL869767.1,Chrx_supercontig_000002199,x,1726,85054628,3172779834
GL869768.1,Chrx_supercontig_000002200,x,2311,85056939,3172782145
GL869769.1,Chrx_supercontig_000002201,x,1943,85058882,3172784088
GL869770.1,Chrx_supercontig_000002202,x,3484,85062366,3172787572
GL869771.1,Chrx_supercontig_000002203,x,2699,85065065,3172790271
GL869772.1,Chrx_supercontig_000002204,x,2467,85067532,3172792738
GL869773.1,Chrx_supercontig_000002205,x,2372,85069904,3172795110
GL869774.1,Chrx_supercontig_000002206,x,3329,85073233,3172798439
GL869775.1,Chrx_supercontig_000002207,x,1686,85074919,3172800125
GL869776.1,Chrx_supercontig_000002208,x,2021,85076940,3172802146
GL869777.1,Chrx_supercontig_000002209,x,7902,85084842,3172810048
GL869778.1,Chrx_supercontig_000002210,x,3281,85088123,3172813329
GL869779.1,Chrx_supercontig_000002211,x,2606,85090729,3172815935
GL869780.1,Chrx_supercontig_000002212,x,2994,85093723,3172818929
GL869781.1,Chrx_supercontig_000002213,x,1720,85095443,3172820649
GL869782.1,Chrx_supercontig_000002214,x,1698,85097141,3172822347
GL869783.1,Chrx_supercontig_000002215,x,1809,85098950,3172824156
GL869784.1,Chrx_supercontig_000002216,x,1642,85100592,3172825798
GL869785.1,Chrx_supercontig_000002217,x,1987,85102579,3172827785
GL869786.1,Chrx_supercontig_000002218,x,1601,85104180,3172829386
GL869787.1,Chrx_supercontig_000002219,x,2066,85106246,3172831452
GL869788.1,Chrx_supercontig_000002220,x,1613,85107859,3172833065
GL869789.1,Chrx_supercontig_000002221,x,1896,85109755,3172834961
GL869790.1,Chrx_supercontig_000002222,x,3147,85112902,3172838108
GL869791.1,Chrx_supercontig_000002223,x,2200,85115102,3172840308
GL869792.1,Chrx_supercontig_000002224,x,1609,85116711,3172841917
GL869793.1,Chrx_supercontig_000002225,x,2717,85119428,3172844634
GL869794.1,Chrx_supercontig_000002226,x,1850,85121278,3172846484
GL869795.1,Chrx_supercontig_000002227,x,1648,85122926,3172848132
GL869796.1,Chrx_supercontig_000002228,x,2054,85124980,3172850186
GL869797.1,Chrx_supercontig_000002229,x,9804,85134784,3172859990
GL869798.1,Chrx_supercontig_000002230,x,1528,85136312,3172861518
GL869799.1,Chrx_supercontig_000002231,x,3640,85139952,3172865158
GL869800.1,Chrx_supercontig_000002232,x,4425,85144377,3172869583
GL869801.1,Chrx_supercontig_000002233,x,1800,85146177,3172871383
GL869802.1,Chrx_supercontig_000002234,x,3377,85149554,3172874760
GL869803.1,Chrx_supercontig_000002235,x,2360,85151914,3172877120
GL869804.1,Chrx_supercontig_000002236,x,1622,85153536,3172878742
GL869805.1,Chrx_supercontig_000002237,x,4632,85158168,3172883374
GL869806.1,Chrx_supercontig_000002238,x,3057,85161225,3172886431
GL869807.1,Chrx_supercontig_000002239,x,1620,85162845,3172888051
GL869808.1,Chrx_supercontig_000002240,x,2788,85165633,3172890839
GL869809.1,Chrx_supercontig_000002241,x,1913,85167546,3172892752
GL869810.1,Chrx_supercontig_000002242,x,1884,85169430,3172894636
GL869811.1,Chrx_supercontig_000002243,x,1646,85171076,3172896282
GL869812.1,Chrx_supercontig_000002244,x,9499,85180575,3172905781
GL869813.1,Chrx_supercontig_000002245,x,1824,85182399,3172907605
GL869814.1,Chrx_supercontig_000002246,x,3255,85185654,3172910860
GL869815.1,Chrx_supercontig_000002247,x,3731,85189385,3172914591
GL869816.1,Chrx_supercontig_000002248,x,1714,85191099,3172916305
GL869817.1,Chrx_supercontig_000002249,x,2376,85193475,3172918681
GL869818.1,Chrx_supercontig_000002250,x,1784,85195259,3172920465
GL869819.1,Chrx_supercontig_000002251,x,11600,85206859,3172932065
GL869820.1,Chrx_supercontig_000002252,x,2140,85208999,3172934205
GL869821.1,Chrx_supercontig_000002253,x,5955,85214954,3172940160
GL869822.1,Chrx_supercontig_000002254,x,2294,85217248,3172942454
GL869823.1,Chrx_supercontig_000002255,x,23697,85240945,3172966151
GL869824.1,Chrx_supercontig_000002256,x,3543,85244488,3172969694
GL869825.1,Chrx_supercontig_000002257,x,3650,85248138,3172973344
GL869826.1,Chrx_supercontig_000002258,x,4237,85252375,3172977581
GL869827.1,Chrx_supercontig_000002259,x,12209,85264584,3172989790
GL869828.1,Chrx_supercontig_000002260,x,5992,85270576,3172995782
GL869829.1,Chrx_supercontig_000002261,x,6858,85277434,3173002640
GL869830.1,Chrx_supercontig_000002262,x,1759,85279193,3173004399
GL869831.1,Chrx_supercontig_000002263,x,2294,85281487,3173006693
GL869832.1,Chrx_supercontig_000002264,x,2424,85283911,3173009117
GL869833.1,Chrx_supercontig_000002265,x,2090,85286001,3173011207
GL869834.1,Chrx_supercontig_000002266,x,1591,85287592,3173012798
GL869835.1,Chrx_supercontig_000002267,x,1568,85289160,3173014366
GL869836.1,Chrx_supercontig_000002268,x,2678,85291838,3173017044
GL869837.1,Chrx_supercontig_000002269,x,1727,85293565,3173018771
GL869838.1,Chrx_supercontig_000002270,x,2568,85296133,3173021339
GL869839.1,Chrx_supercontig_000002271,x,2424,85298557,3173023763
GL869840.1,Chrx_supercontig_000002272,x,1657,85300214,3173025420
GL869841.1,Chrx_supercontig_000002273,x,2094,85302308,3173027514
GL869842.1,Chrx_supercontig_000002274,x,3127,85305435,3173030641
GL869843.1,Chrx_supercontig_000002275,x,6792,85312227,3173037433
GL869844.1,Chrx_supercontig_000002276,x,8716,85320943,3173046149
GL869845.1,Chrx_supercontig_000002277,x,2781,85323724,3173048930
GL869846.1,Chrx_supercontig_000002278,x,2551,85326275,3173051481
GL869847.1,Chrx_supercontig_000002279,x,6661,85332936,3173058142
GL869848.1,Chrx_supercontig_000002280,x,9706,85342642,3173067848
GL869849.1,Chrx_supercontig_000002281,x,7675,85350317,3173075523
GL869850.1,Chrx_supercontig_000002282,x,5238,85355555,3173080761
GL869851.1,Chrx_supercontig_000002283,x,7195,85362750,3173087956
GL869852.1,Chrx_supercontig_000002284,x,6327,85369077,3173094283
GL869853.1,Chrx_supercontig_000002285,x,5558,85374635,3173099841
GL869854.1,Chrx_supercontig_000002286,x,9400,85384035,3173109241
GL869855.1,Chrx_supercontig_000002287,x,5080,85389115,3173114321
GL869856.1,Chrx_supercontig_000002288,x,7619,85396734,3173121940
GL869857.1,Chrx_supercontig_000002289,x,7599,85404333,3173129539
GL869858.1,Chrx_supercontig_000002290,x,7125,85411458,3173136664
GL869859.1,Chrx_supercontig_000002291,x,9655,85421113,3173146319
GL869860.1,Chrx_supercontig_000002292,x,5841,85426954,3173152160
GL869861.1,Chrx_supercontig_000002293,x,7274,85434228,3173159434
GL869862.1,Chrx_supercontig_000002294,x,8213,85442441,3173167647
GL869863.1,Chrx_supercontig_000002295,x,30286,85472727,3173197933
GL869864.1,Chrx_supercontig_000002296,x,14404,85487131,3173212337
GL869865.1,Chrx_supercontig_000002297,x,5843,85492974,3173218180
GL869866.1,Chrx_supercontig_000002298,x,15683,85508657,3173233863
GL869867.1,Chrx_supercontig_000002299,x,5375,85514032,3173239238
GL869868.1,Chrx_supercontig_000002300,x,5566,85519598,3173244804
GL869869.1,Chrx_supercontig_000002301,x,1553,85521151,3173246357
GL869870.1,Chrx_supercontig_000002302,x,2098,85523249,3173248455
GL869871.1,Chrx_supercontig_000002303,x,1833,85525082,3173250288
GL869872.1,Chrx_supercontig_000002304,x,1677,85526759,3173251965
GL869873.1,Chrx_supercontig_000002305,x,9370,85536129,3173261335
GL869874.1,Chrx_supercontig_000002306,x,1555,85537684,3173262890
GL869875.1,Chrx_supercontig_000002307,x,1819,85539503,3173264709
GL869876.1,Chrx_supercontig_000002308,x,3457,85542960,3173268166
GL869877.1,Chrx_supercontig_000002309,x,1536,85544496,3173269702
GL869878.1,Chrx_supercontig_000002310,x,2205,85546701,3173271907
GL869879.1,Chrx_supercontig_000002311,x,3588,85550289,3173275495
GL869880.1,Chrx_supercontig_000002312,x,1635,85551924,3173277130
GL869881.1,Chrx_supercontig_000002313,x,2199,85554123,3173279329
GL869882.1,Chrx_supercontig_000002314,x,11828,85565951,3173291157
GL869883.1,Chrx_supercontig_000002315,x,1773,85567724,3173292930
GL869884.1,Chrx_supercontig_000002316,x,1617,85569341,3173294547
GL869885.1,Chrx_supercontig_000002317,x,2894,85572235,3173297441
GL869886.1,Chrx_supercontig_000002318,x,1585,85573820,3173299026
GL869887.1,Chrx_supercontig_000002319,x,3537,85577357,3173302563
GL869888.1,Chrx_supercontig_000002320,x,10944,85588301,3173313507
GL869889.1,Chrx_supercontig_000002321,x,2558,85590859,3173316065
GL869890.1,Chrx_supercontig_000002322,x,2706,85593565,3173318771
GL869891.1,Chrx_supercontig_000002323,x,1793,85595358,3173320564
GL869892.1,Chrx_supercontig_000002324,x,1748,85597106,3173322312
GL869893.1,Chrx_supercontig_000002325,x,2874,85599980,3173325186
GL869894.1,Chrx_supercontig_000002326,x,1939,85601919,3173327125
GL869895.1,Chrx_supercontig_000002327,x,3238,85605157,3173330363
GL869896.1,Chrx_supercontig_000002328,x,4979,85610136,3173335342
GL869897.1,Chrx_supercontig_000002329,x,1745,85611881,3173337087
GL869898.1,Chrx_supercontig_000002330,x,2364,85614245,3173339451
GL869899.1,Chrx_supercontig_000002331,x,1562,85615807,3173341013
GL869900.1,Chrx_supercontig_000002332,x,2196,85618003,3173343209
GL869901.1,Chrx_supercontig_000002333,x,2458,85620461,3173345667
GL869902.1,Chrx_supercontig_000002334,x,2827,85623288,3173348494
GL869903.1,Chrx_supercontig_000002335,x,1553,85624841,3173350047
GL869904.1,Chrx_supercontig_000002336,x,1679,85626520,3173351726
GL869905.1,Chrx_supercontig_000002337,x,1927,85628447,3173353653
GL869906.1,Chrx_supercontig_000002338,x,1798,85630245,3173355451
GL869907.1,Chrx_supercontig_000002339,x,2747,85632992,3173358198
GL869908.1,Chrx_supercontig_000002340,x,2355,85635347,3173360553
GL869909.1,Chrx_supercontig_000002341,x,3480,85638827,3173364033
GL869910.1,Chrx_supercontig_000002342,x,1587,85640414,3173365620
GL869911.1,Chrx_supercontig_000002343,x,1921,85642335,3173367541
GL869912.1,Chrx_supercontig_000002344,x,2421,85644756,3173369962
GL869913.1,Chrx_supercontig_000002345,x,1875,85646631,3173371837
GL869914.1,Chrx_supercontig_000002346,x,2028,85648659,3173373865
GL869915.1,Chrx_supercontig_000002347,x,1735,85650394,3173375600
GL869916.1,Chrx_supercontig_000002348,x,4655,85655049,3173380255
GL869917.1,Chrx_supercontig_000002349,x,3056,85658105,3173383311
GL869918.1,Chrx_supercontig_000002350,x,1669,85659774,3173384980
GL869919.1,Chrx_supercontig_000002351,x,1895,85661669,3173386875
GL869920.1,Chrx_supercontig_000002352,x,2239,85663908,3173389114
GL869921.1,Chrx_supercontig_000002353,x,2993,85666901,3173392107
GL869922.1,Chrx_supercontig_000002354,x,1579,85668480,3173393686
GL869923.1,Chrx_supercontig_000002355,x,1979,85670459,3173395665
GL869924.1,Chrx_supercontig_000002356,x,1576,85672035,3173397241
GL869925.1,Chrx_supercontig_000002357,x,2434,85674469,3173399675
GL869926.1,Chrx_supercontig_000002358,x,2992,85677461,3173402667
GL869927.1,Chrx_supercontig_000002359,x,9948,85687409,3173412615
GL869928.1,Chrx_supercontig_000002360,x,1866,85689275,3173414481
GL869929.1,Chrx_supercontig_000002361,x,1900,85691175,3173416381
GL869930.1,Chrx_supercontig_000002362,x,4575,85695750,3173420956
GL869931.1,Chrx_supercontig_000002363,x,1831,85697581,3173422787
GL869932.1,Chrx_supercontig_000002364,x,1931,85699512,3173424718
GL869933.1,Chrx_supercontig_000002365,x,2483,85701995,3173427201
GL869934.1,Chrx_supercontig_000002366,x,1655,85703650,3173428856
GL869935.1,Chrx_supercontig_000002367,x,5668,85709318,3173434524
GL869936.1,Chrx_supercontig_000002368,x,2260,85711578,3173436784
GL869937.1,Chrx_supercontig_000002369,x,2012,85713590,3173438796
GL869938.1,Chrx_supercontig_000002370,x,2181,85715771,3173440977
GL869939.1,Chrx_supercontig_000002371,x,1522,85717293,3173442499
GL869940.1,Chrx_supercontig_000002372,x,2019,85719312,3173444518
GL869941.1,Chrx_supercontig_000002373,x,1678,85720990,3173446196
GL869942.1,Chrx_supercontig_000002374,x,3256,85724246,3173449452
GL869943.1,Chrx_supercontig_000002375,x,2163,85726409,3173451615
GL869944.1,Chrx_supercontig_000002376,x,1815,85728224,3173453430
GL869945.1,Chrx_supercontig_000002377,x,1881,85730105,3173455311
GL869946.1,ChrU_supercontig_000000000,U,1606,1606,3173456917
GL869947.1,ChrU_supercontig_000000001,U,1731,3337,3173458648
GL869948.1,ChrU_supercontig_000000002,U,15499,18836,3173474147
GL869949.1,ChrU_supercontig_000000003,U,797,19633,3173474944
GL869950.1,ChrU_supercontig_000000004,U,9044,28677,3173483988
GL869951.1,ChrU_supercontig_000000005,U,1445,30122,3173485433
GL869952.1,ChrU_supercontig_000000006,U,1981,32103,3173487414
GL869953.1,ChrU_supercontig_000000007,U,1602,33705,3173489016
GL869954.1,ChrU_supercontig_000000008,U,1905,35610,3173490921
GL869955.1,ChrU_supercontig_000000009,U,3145,38755,3173494066
GL869956.1,ChrU_supercontig_000000010,U,19108,57863,3173513174
GL869957.1,ChrU_supercontig_000000011,U,2851,60714,3173516025
GL869958.1,ChrU_supercontig_000000012,U,5635,66349,3173521660
GL869959.1,ChrU_supercontig_000000013,U,3801,70150,3173525461
GL869960.1,ChrU_supercontig_000000014,U,2660,72810,3173528121
GL869961.1,ChrU_supercontig_000000015,U,4023,76833,3173532144
GL869962.1,ChrU_supercontig_000000016,U,3231,80064,3173535375
GL869963.1,ChrU_supercontig_000000017,U,2490,82554,3173537865
GL869964.1,ChrU_supercontig_000000018,U,2779,85333,3173540644
GL869965.1,ChrU_supercontig_000000019,U,1878,87211,3173542522
GL869966.1,ChrU_supercontig_000000020,U,2806,90017,3173545328
GL869967.1,ChrU_supercontig_000000021,U,1603,91620,3173546931
GL869968.1,ChrU_supercontig_000000022,U,2238,93858,3173549169
GL869969.1,ChrU_supercontig_000000023,U,2947,96805,3173552116
GL869970.1,ChrU_supercontig_000000024,U,3706,100511,3173555822
GL869971.1,ChrU_supercontig_000000025,U,2043,102554,3173557865
GL869972.1,ChrU_supercontig_000000026,U,2365,104919,3173560230
GL869973.1,ChrU_supercontig_000000027,U,10539,115458,3173570769
GL869974.1,ChrU_supercontig_000000028,U,2817,118275,3173573586
GL869975.1,ChrU_supercontig_000000029,U,10895,129170,3173584481
GL869976.1,ChrU_supercontig_000000030,U,1797,130967,3173586278
GL869977.1,ChrU_supercontig_000000031,U,2459,133426,3173588737
GL869978.1,ChrU_supercontig_000000032,U,2274,135700,3173591011
GL869979.1,ChrU_supercontig_000000033,U,2380,138080,3173593391
GL869980.1,ChrU_supercontig_000000034,U,4187,142267,3173597578
GL869981.1,ChrU_supercontig_000000035,U,5593,147860,3173603171
GL869982.1,ChrU_supercontig_000000036,U,1896,149756,3173605067
GL869983.1,ChrU_supercontig_000000037,U,4333,154089,3173609400
GL869984.1,ChrU_supercontig_000000038,U,1640,155729,3173611040
GL869985.1,ChrU_supercontig_000000039,U,1952,157681,3173612992
GL869986.1,ChrU_supercontig_000000040,U,1986,159667,3173614978
GL869987.1,ChrU_supercontig_000000041,U,1920,161587,3173616898
GL869988.1,ChrU_supercontig_000000042,U,1514,163101,3173618412
GL869989.1,ChrU_supercontig_000000043,U,1518,164619,3173619930
GL869990.1,ChrU_supercontig_000000044,U,1785,166404,3173621715
GL869991.1,ChrU_supercontig_000000045,U,2004,168408,3173623719
GL869992.1,ChrU_supercontig_000000046,U,1840,170248,3173625559
GL869993.1,ChrU_supercontig_000000047,U,2229,172477,3173627788
GL869994.1,ChrU_supercontig_000000048,U,3656,176133,3173631444
GL869995.1,ChrU_supercontig_000000049,U,1893,178026,3173633337
GL869996.1,ChrU_supercontig_000000050,U,1616,179642,3173634953
GL869997.1,ChrU_supercontig_000000051,U,2095,181737,3173637048
GL869998.1,ChrU_supercontig_000000052,U,1696,183433,3173638744
GL869999.1,ChrU_supercontig_000000053,U,2283,185716,3173641027
GL870000.1,ChrU_supercontig_000000054,U,1573,187289,3173642600
GL870001.1,ChrU_supercontig_000000055,U,1510,188799,3173644110
GL870002.1,ChrU_supercontig_000000056,U,2096,190895,3173646206
GL870003.1,ChrU_supercontig_000000057,U,1887,192782,3173648093
GL870004.1,ChrU_supercontig_000000058,U,2113,194895,3173650206
GL870005.1,ChrU_supercontig_000000059,U,1946,196841,3173652152
GL870006.1,ChrU_supercontig_000000060,U,2166,199007,3173654318
GL870007.1,ChrU_supercontig_000000061,U,2899,201906,3173657217
GL870008.1,ChrU_supercontig_000000062,U,2334,204240,3173659551
GL870009.1,ChrU_supercontig_000000063,U,1784,206024,3173661335
GL870010.1,ChrU_supercontig_000000064,U,2441,208465,3173663776
GL870011.1,ChrU_supercontig_000000065,U,1681,210146,3173665457
GL870012.1,ChrU_supercontig_000000066,U,1799,211945,3173667256
GL870013.1,ChrU_supercontig_000000067,U,1993,213938,3173669249
GL870014.1,ChrU_supercontig_000000068,U,2269,216207,3173671518
GL870015.1,ChrU_supercontig_000000069,U,1533,217740,3173673051
GL870016.1,ChrU_supercontig_000000070,U,1898,219638,3173674949
GL870017.1,ChrU_supercontig_000000071,U,2266,221904,3173677215
GL870018.1,ChrU_supercontig_000000072,U,2236,224140,3173679451
GL870019.1,ChrU_supercontig_000000073,U,1775,225915,3173681226
GL870020.1,ChrU_supercontig_000000074,U,3115,229030,3173684341
GL870021.1,ChrU_supercontig_000000075,U,2200,231230,3173686541
GL870022.1,ChrU_supercontig_000000076,U,2875,234105,3173689416
GL870023.1,ChrU_supercontig_000000077,U,1587,235692,3173691003
GL870024.1,ChrU_supercontig_000000078,U,1528,237220,3173692531
GL870025.1,ChrU_supercontig_000000079,U,1832,239052,3173694363
GL870026.1,ChrU_supercontig_000000080,U,1645,240697,3173696008
GL870027.1,ChrU_supercontig_000000081,U,1976,242673,3173697984
GL870028.1,ChrU_supercontig_000000082,U,1769,244442,3173699753
GL870029.1,ChrU_supercontig_000000083,U,2030,246472,3173701783
GL870030.1,ChrU_supercontig_000000084,U,1915,248387,3173703698
GL870031.1,ChrU_supercontig_000000085,U,1812,250199,3173705510
GL870032.1,ChrU_supercontig_000000086,U,2734,252933,3173708244
GL870033.1,ChrU_supercontig_000000087,U,2003,254936,3173710247
GL870034.1,ChrU_supercontig_000000088,U,5294,260230,3173715541
GL870035.1,ChrU_supercontig_000000089,U,1514,261744,3173717055
GL870036.1,ChrU_supercontig_000000090,U,4702,266446,3173721757
GL870037.1,ChrU_supercontig_000000091,U,4239,270685,3173725996
GL870038.1,ChrU_supercontig_000000092,U,2061,272746,3173728057
GL870039.1,ChrU_supercontig_000000093,U,2134,274880,3173730191
GL870040.1,ChrU_supercontig_000000094,U,4025,278905,3173734216
GL870041.1,ChrU_supercontig_000000095,U,1518,280423,3173735734
GL870042.1,ChrU_supercontig_000000096,U,2142,282565,3173737876
GL870043.1,ChrU_supercontig_000000097,U,2741,285306,3173740617
GL870044.1,ChrU_supercontig_000000098,U,1703,287009,3173742320
GL870045.1,ChrU_supercontig_000000099,U,8244,295253,3173750564
GL870046.1,ChrU_supercontig_000000100,U,2278,297531,3173752842
GL870047.1,ChrU_supercontig_000000101,U,1798,299329,3173754640
GL870048.1,ChrU_supercontig_000000102,U,1857,301186,3173756497
GL870049.1,ChrU_supercontig_000000103,U,2010,303196,3173758507
GL870050.1,ChrU_supercontig_000000104,U,1725,304921,3173760232
GL870051.1,ChrU_supercontig_000000105,U,2637,307558,3173762869
GL870052.1,ChrU_supercontig_000000106,U,1914,309472,3173764783
GL870053.1,ChrU_supercontig_000000107,U,4523,313995,3173769306
GL870054.1,ChrU_supercontig_000000108,U,1760,315755,3173771066
GL870055.1,ChrU_supercontig_000000109,U,1504,317259,3173772570
GL870056.1,ChrU_supercontig_000000110,U,1882,319141,3173774452
GL870057.1,ChrU_supercontig_000000111,U,3657,322798,3173778109
GL870058.1,ChrU_supercontig_000000112,U,1851,324649,3173779960
GL870059.1,ChrU_supercontig_000000113,U,1590,326239,3173781550
GL870060.1,ChrU_supercontig_000000114,U,2316,328555,3173783866
GL870061.1,ChrU_supercontig_000000115,U,1606,330161,3173785472
GL870062.1,ChrU_supercontig_000000116,U,1926,332087,3173787398
GL870063.1,ChrU_supercontig_000000117,U,1675,333762,3173789073
GL870064.1,ChrU_supercontig_000000118,U,1813,335575,3173790886
GL870065.1,ChrU_supercontig_000000119,U,2099,337674,3173792985
GL870066.1,ChrU_supercontig_000000120,U,1729,339403,3173794714
GL870067.1,ChrU_supercontig_000000121,U,1516,340919,3173796230
GL870068.1,ChrU_supercontig_000000122,U,2154,343073,3173798384
GL870069.1,ChrU_supercontig_000000123,U,1715,344788,3173800099
GL870070.1,ChrU_supercontig_000000124,U,1860,346648,3173801959
GL870071.1,ChrU_supercontig_000000125,U,2774,349422,3173804733
GL870072.1,ChrU_supercontig_000000126,U,1673,351095,3173806406
GL870073.1,ChrU_supercontig_000000127,U,2436,353531,3173808842
GL870074.1,ChrU_supercontig_000000128,U,1738,355269,3173810580
GL870075.1,ChrU_supercontig_000000129,U,1685,356954,3173812265
GL870076.1,ChrU_supercontig_000000130,U,4174,361128,3173816439
GL870077.1,ChrU_supercontig_000000131,U,2244,363372,3173818683
GL870078.1,ChrU_supercontig_000000132,U,1650,365022,3173820333
GL870079.1,ChrU_supercontig_000000133,U,2460,367482,3173822793
GL870080.1,ChrU_supercontig_000000134,U,1777,369259,3173824570
GL870081.1,ChrU_supercontig_000000135,U,1583,370842,3173826153
GL870082.1,ChrU_supercontig_000000136,U,1543,372385,3173827696
GL870083.1,ChrU_supercontig_000000137,U,1783,374168,3173829479
GL870084.1,ChrU_supercontig_000000138,U,2064,376232,3173831543
GL870085.1,ChrU_supercontig_000000139,U,4319,380551,3173835862
GL870086.1,ChrU_supercontig_000000140,U,3985,384536,3173839847
GL870087.1,ChrU_supercontig_000000141,U,3674,388210,3173843521
GL870088.1,ChrU_supercontig_000000142,U,2670,390880,3173846191
GL870089.1,ChrU_supercontig_000000143,U,1844,392724,3173848035
GL870090.1,ChrU_supercontig_000000144,U,1775,394499,3173849810
GL870091.1,ChrU_supercontig_000000145,U,2246,396745,3173852056
GL870092.1,ChrU_supercontig_000000146,U,3902,400647,3173855958
GL870093.1,ChrU_supercontig_000000147,U,1986,402633,3173857944
GL870094.1,ChrU_supercontig_000000148,U,2389,405022,3173860333
GL870095.1,ChrU_supercontig_000000149,U,2105,407127,3173862438
GL870096.1,ChrU_supercontig_000000150,U,1842,408969,3173864280
GL870097.1,ChrU_supercontig_000000151,U,1902,410871,3173866182
GL870098.1,ChrU_supercontig_000000152,U,1744,412615,3173867926
GL870099.1,ChrU_supercontig_000000153,U,1590,414205,3173869516
GL870100.1,ChrU_supercontig_000000154,U,1510,415715,3173871026
GL870101.1,ChrU_supercontig_000000155,U,1608,417323,3173872634
GL870102.1,ChrU_supercontig_000000156,U,1771,419094,3173874405
GL870103.1,ChrU_supercontig_000000157,U,1524,420618,3173875929
GL870104.1,ChrU_supercontig_000000158,U,1991,422609,3173877920
GL870105.1,ChrU_supercontig_000000159,U,1781,424390,3173879701
GL870106.1,ChrU_supercontig_000000160,U,1612,426002,3173881313
GL870107.1,ChrU_supercontig_000000161,U,2222,428224,3173883535
GL870108.1,ChrU_supercontig_000000162,U,1951,430175,3173885486
GL870109.1,ChrU_supercontig_000000163,U,1900,432075,3173887386
GL870110.1,ChrU_supercontig_000000164,U,1985,434060,3173889371
GL870111.1,ChrU_supercontig_000000165,U,4301,438361,3173893672
GL870112.1,ChrU_supercontig_000000166,U,1687,440048,3173895359
GL870113.1,ChrU_supercontig_000000167,U,2816,442864,3173898175
GL870114.1,ChrU_supercontig_000000168,U,2381,445245,3173900556
GL870115.1,ChrU_supercontig_000000169,U,1588,446833,3173902144
GL870116.1,ChrU_supercontig_000000170,U,1981,448814,3173904125
GL870117.1,ChrU_supercontig_000000171,U,1580,450394,3173905705
GL870118.1,ChrU_supercontig_000000172,U,1751,452145,3173907456
GL870119.1,ChrU_supercontig_000000173,U,1859,454004,3173909315
GL870120.1,ChrU_supercontig_000000174,U,2736,456740,3173912051
GL870121.1,ChrU_supercontig_000000175,U,2012,458752,3173914063
GL870122.1,ChrU_supercontig_000000176,U,1568,460320,3173915631
GL870123.1,ChrU_supercontig_000000177,U,1775,462095,3173917406
GL870124.1,ChrU_supercontig_000000178,U,2080,464175,3173919486
GL870125.1,ChrU_supercontig_000000179,U,7441,471616,3173926927
GL870126.1,ChrU_supercontig_000000180,U,2018,473634,3173928945
GL870127.1,ChrU_supercontig_000000181,U,11826,485460,3173940771
GL870128.1,ChrU_supercontig_000000182,U,18821,504281,3173959592
GL870129.1,ChrU_supercontig_000000183,U,1739,506020,3173961331
GL870130.1,ChrU_supercontig_000000184,U,2467,508487,3173963798
GL870131.1,ChrU_supercontig_000000185,U,1979,510466,3173965777
GL870132.1,ChrU_supercontig_000000186,U,1766,512232,3173967543
GL870133.1,ChrU_supercontig_000000187,U,2045,514277,3173969588
GL870134.1,ChrU_supercontig_000000188,U,1832,516109,3173971420
GL870135.1,ChrU_supercontig_000000189,U,1712,517821,3173973132
GL870136.1,ChrU_supercontig_000000190,U,1640,519461,3173974772
GL870137.1,ChrU_supercontig_000000191,U,2030,521491,3173976802
GL870138.1,ChrU_supercontig_000000192,U,1784,523275,3173978586
GL870139.1,ChrU_supercontig_000000193,U,2150,525425,3173980736
GL870140.1,ChrU_supercontig_000000194,U,2763,528188,3173983499
GL870141.1,ChrU_supercontig_000000195,U,1503,529691,3173985002
GL870142.1,ChrU_supercontig_000000196,U,1843,531534,3173986845
GL870143.1,ChrU_supercontig_000000197,U,2020,533554,3173988865
GL870144.1,ChrU_supercontig_000000198,U,9391,542945,3173998256
GL870145.1,ChrU_supercontig_000000199,U,5775,548720,3174004031
GL870146.1,ChrU_supercontig_000000200,U,2694,551414,3174006725
GL870147.1,ChrU_supercontig_000000201,U,1517,552931,3174008242
GL870148.1,ChrU_supercontig_000000202,U,1721,554652,3174009963
GL870149.1,ChrU_supercontig_000000203,U,1787,556439,3174011750
GL870150.1,ChrU_supercontig_000000204,U,3245,559684,3174014995
GL870151.1,ChrU_supercontig_000000205,U,1741,561425,3174016736
GL870152.1,ChrU_supercontig_000000206,U,1609,563034,3174018345
GL870153.1,ChrU_supercontig_000000207,U,2037,565071,3174020382
GL870154.1,ChrU_supercontig_000000208,U,1792,566863,3174022174
GL870155.1,ChrU_supercontig_000000209,U,2382,569245,3174024556
GL870156.1,ChrU_supercontig_000000210,U,2882,572127,3174027438
GL870157.1,ChrU_supercontig_000000211,U,1655,573782,3174029093
GL870158.1,ChrU_supercontig_000000212,U,2576,576358,3174031669
GL870159.1,ChrU_supercontig_000000213,U,1708,578066,3174033377
GL870160.1,ChrU_supercontig_000000214,U,1629,579695,3174035006
GL870161.1,ChrU_supercontig_000000215,U,2180,581875,3174037186
GL870162.1,ChrU_supercontig_000000216,U,1627,583502,3174038813
GL870163.1,ChrU_supercontig_000000217,U,1708,585210,3174040521
GL870164.1,ChrU_supercontig_000000218,U,1664,586874,3174042185
GL870165.1,ChrU_supercontig_000000219,U,1611,588485,3174043796
GL870166.1,ChrU_supercontig_000000220,U,1639,590124,3174045435
GL870167.1,ChrU_supercontig_000000221,U,1682,591806,3174047117
GL870168.1,ChrU_supercontig_000000222,U,1510,593316,3174048627
GL870169.1,ChrU_supercontig_000000223,U,1955,595271,3174050582
GL870170.1,ChrU_supercontig_000000224,U,4254,599525,3174054836
GL870171.1,ChrU_supercontig_000000225,U,1765,601290,3174056601
GL870172.1,ChrU_supercontig_000000226,U,7721,609011,3174064322
GL870173.1,ChrU_supercontig_000000227,U,1560,610571,3174065882
GL870174.1,ChrU_supercontig_000000228,U,1928,612499,3174067810
GL870175.1,ChrU_supercontig_000000229,U,1516,614015,3174069326
GL870176.1,ChrU_supercontig_000000230,U,1571,615586,3174070897
GL870177.1,ChrU_supercontig_000000231,U,1834,617420,3174072731
GL870178.1,ChrU_supercontig_000000232,U,2035,619455,3174074766
GL870179.1,ChrU_supercontig_000000233,U,1526,620981,3174076292
GL870180.1,ChrU_supercontig_000000234,U,1564,622545,3174077856
GL870181.1,ChrU_supercontig_000000235,U,2462,625007,3174080318
GL870182.1,ChrU_supercontig_000000236,U,1845,626852,3174082163
GL870183.1,ChrU_supercontig_000000237,U,1620,628472,3174083783
GL870184.1,ChrU_supercontig_000000238,U,2083,630555,3174085866
GL870185.1,ChrU_supercontig_000000239,U,1590,632145,3174087456
GL870186.1,ChrU_supercontig_000000240,U,2580,634725,3174090036
GL870187.1,ChrU_supercontig_000000241,U,2704,637429,3174092740
GL870188.1,ChrU_supercontig_000000242,U,1608,639037,3174094348
GL870189.1,ChrU_supercontig_000000243,U,1721,640758,3174096069
GL870190.1,ChrU_supercontig_000000244,U,1858,642616,3174097927
GL870191.1,ChrU_supercontig_000000245,U,1839,644455,3174099766
GL870192.1,ChrU_supercontig_000000246,U,1691,646146,3174101457
GL870193.1,ChrU_supercontig_000000247,U,2685,648831,3174104142
GL870194.1,ChrU_supercontig_000000248,U,2272,651103,3174106414
GL870195.1,ChrU_supercontig_000000249,U,2202,653305,3174108616
GL870196.1,ChrU_supercontig_000000250,U,1526,654831,3174110142
GL870197.1,ChrU_supercontig_000000251,U,1717,656548,3174111859
GL870198.1,ChrU_supercontig_000000252,U,1929,658477,3174113788
GL870199.1,ChrU_supercontig_000000253,U,1746,660223,3174115534
GL870200.1,ChrU_supercontig_000000254,U,2084,662307,3174117618
GL870201.1,ChrU_supercontig_000000255,U,1528,663835,3174119146
GL870202.1,ChrU_supercontig_000000256,U,2079,665914,3174121225
GL870203.1,ChrU_supercontig_000000257,U,1854,667768,3174123079
GL870204.1,ChrU_supercontig_000000258,U,1988,669756,3174125067
GL870205.1,ChrU_supercontig_000000259,U,2029,671785,3174127096
GL870206.1,ChrU_supercontig_000000260,U,1578,673363,3174128674
GL870207.1,ChrU_supercontig_000000261,U,1567,674930,3174130241
GL870208.1,ChrU_supercontig_000000262,U,1845,676775,3174132086
GL870209.1,ChrU_supercontig_000000263,U,1901,678676,3174133987
GL870210.1,ChrU_supercontig_000000264,U,1853,680529,3174135840
GL870211.1,ChrU_supercontig_000000265,U,2442,682971,3174138282
GL870212.1,ChrU_supercontig_000000266,U,1681,684652,3174139963
GL870213.1,ChrU_supercontig_000000267,U,1755,686407,3174141718
GL870214.1,ChrU_supercontig_000000268,U,1587,687994,3174143305
GL870215.1,ChrU_supercontig_000000269,U,1756,689750,3174145061
GL870216.1,ChrU_supercontig_000000270,U,1908,691658,3174146969
GL870217.1,ChrU_supercontig_000000271,U,1726,693384,3174148695
GL870218.1,ChrU_supercontig_000000272,U,1524,694908,3174150219
GL870219.1,ChrU_supercontig_000000273,U,1804,696712,3174152023
GL870220.1,ChrU_supercontig_000000274,U,2253,698965,3174154276
GL870221.1,ChrU_supercontig_000000275,U,1924,700889,3174156200
GL870222.1,ChrU_supercontig_000000276,U,12052,712941,3174168252
GL870223.1,ChrU_supercontig_000000277,U,2268,715209,3174170520
GL870224.1,ChrU_supercontig_000000278,U,2039,717248,3174172559
GL870225.1,ChrU_supercontig_000000279,U,1565,718813,3174174124
GL870226.1,ChrU_supercontig_000000280,U,1906,720719,3174176030
GL870227.1,ChrU_supercontig_000000281,U,5798,726517,3174181828
GL870228.1,ChrU_supercontig_000000282,U,5808,732325,3174187636
GL870229.1,ChrU_supercontig_000000283,U,10811,743136,3174198447
GL870230.1,ChrU_supercontig_000000284,U,1600,744736,3174200047
GL870231.1,ChrU_supercontig_000000285,U,1964,746700,3174202011
GL870232.1,ChrU_supercontig_000000286,U,23982,770682,3174225993
GL870233.1,ChrU_supercontig_000000287,U,2246,772928,3174228239
GL870234.1,ChrU_supercontig_000000288,U,7094,780022,3174235333
GL870235.1,ChrU_supercontig_000000289,U,1950,781972,3174237283
GL870236.1,ChrU_supercontig_000000290,U,2677,784649,3174239960
GL870237.1,ChrU_supercontig_000000291,U,1529,786178,3174241489
GL870238.1,ChrU_supercontig_000000292,U,1594,787772,3174243083
GL870239.1,ChrU_supercontig_000000293,U,1703,789475,3174244786
GL870240.1,ChrU_supercontig_000000294,U,1956,791431,3174246742
GL870241.1,ChrU_supercontig_000000295,U,1989,793420,3174248731
GL870242.1,ChrU_supercontig_000000296,U,1511,794931,3174250242
GL870243.1,ChrU_supercontig_000000297,U,2135,797066,3174252377
GL870244.1,ChrU_supercontig_000000298,U,1957,799023,3174254334
GL870245.1,ChrU_supercontig_000000299,U,2631,801654,3174256965
GL870246.1,ChrU_supercontig_000000300,U,1910,803564,3174258875
GL870247.1,ChrU_supercontig_000000301,U,1573,805137,3174260448
GL870248.1,ChrU_supercontig_000000302,U,2087,807224,3174262535
GL870249.1,ChrU_supercontig_000000303,U,1586,808810,3174264121
GL870250.1,ChrU_supercontig_000000304,U,2623,811433,3174266744
GL870251.1,ChrU_supercontig_000000305,U,2073,813506,3174268817
GL870252.1,ChrU_supercontig_000000306,U,1801,815307,3174270618
GL870253.1,ChrU_supercontig_000000307,U,1708,817015,3174272326
GL870254.1,ChrU_supercontig_000000308,U,1676,818691,3174274002
GL870255.1,ChrU_supercontig_000000309,U,1556,820247,3174275558
GL870256.1,ChrU_supercontig_000000310,U,1658,821905,3174277216
GL870257.1,ChrU_supercontig_000000311,U,1715,823620,3174278931
GL870258.1,ChrU_supercontig_000000312,U,2070,825690,3174281001
GL870259.1,ChrU_supercontig_000000313,U,2111,827801,3174283112
GL870260.1,ChrU_supercontig_000000314,U,1605,829406,3174284717
GL870261.1,ChrU_supercontig_000000315,U,1950,831356,3174286667
GL870262.1,ChrU_supercontig_000000316,U,3941,835297,3174290608
GL870263.1,ChrU_supercontig_000000317,U,1687,836984,3174292295
GL870264.1,ChrU_supercontig_000000318,U,1909,838893,3174294204
GL870265.1,ChrU_supercontig_000000319,U,2169,841062,3174296373
GL870266.1,ChrU_supercontig_000000320,U,1673,842735,3174298046
GL870267.1,ChrU_supercontig_000000321,U,1981,844716,3174300027
GL870268.1,ChrU_supercontig_000000322,U,1704,846420,3174301731
GL870269.1,ChrU_supercontig_000000323,U,1685,848105,3174303416
GL870270.1,ChrU_supercontig_000000324,U,1872,849977,3174305288
GL870271.1,ChrU_supercontig_000000325,U,1620,851597,3174306908
GL870272.1,ChrU_supercontig_000000326,U,1512,853109,3174308420
GL870273.1,ChrU_supercontig_000000327,U,2232,855341,3174310652
GL870274.1,ChrU_supercontig_000000328,U,2223,857564,3174312875
GL870275.1,ChrU_supercontig_000000329,U,1621,859185,3174314496
GL870276.1,ChrU_supercontig_000000330,U,1927,861112,3174316423
GL870277.1,ChrU_supercontig_000000331,U,1856,862968,3174318279
GL870278.1,ChrU_supercontig_000000332,U,1892,864860,3174320171
GL870279.1,ChrU_supercontig_000000333,U,1926,866786,3174322097
GL870280.1,ChrU_supercontig_000000334,U,3368,870154,3174325465
GL870281.1,ChrU_supercontig_000000335,U,1884,872038,3174327349
GL870282.1,ChrU_supercontig_000000336,U,1608,873646,3174328957
GL870283.1,ChrU_supercontig_000000337,U,2192,875838,3174331149
GL870284.1,ChrU_supercontig_000000338,U,6023,881861,3174337172
GL870285.1,ChrU_supercontig_000000339,U,3742,885603,3174340914
GL870286.1,ChrU_supercontig_000000340,U,11150,896753,3174352064
GL870287.1,ChrU_supercontig_000000341,U,5334,902087,3174357398
GL870288.1,ChrU_supercontig_000000342,U,1784,903871,3174359182
GL870289.1,ChrU_supercontig_000000343,U,5099,908970,3174364281
GL870290.1,ChrU_supercontig_000000344,U,2629,911599,3174366910
GL870291.1,ChrU_supercontig_000000345,U,2549,914148,3174369459
GL870292.1,ChrU_supercontig_000000346,U,17871,932019,3174387330
GL870293.1,ChrU_supercontig_000000347,U,1751,933770,3174389081
GL870294.1,ChrU_supercontig_000000348,U,1681,935451,3174390762
GL870295.1,ChrU_supercontig_000000349,U,10316,945767,3174401078
GL870296.1,ChrU_supercontig_000000350,U,1679,947446,3174402757
GL870297.1,ChrU_supercontig_000000351,U,13077,960523,3174415834
GL870298.1,ChrU_supercontig_000000352,U,4671,965194,3174420505
GL870299.1,ChrU_supercontig_000000353,U,4053,969247,3174424558
GL870300.1,ChrU_supercontig_000000354,U,2036,971283,3174426594
GL870301.1,ChrU_supercontig_000000355,U,2534,973817,3174429128
GL870302.1,ChrU_supercontig_000000356,U,6668,980485,3174435796
GL870303.1,ChrU_supercontig_000000357,U,3058,983543,3174438854
GL870304.1,ChrU_supercontig_000000358,U,4777,988320,3174443631
GL870305.1,ChrU_supercontig_000000359,U,1917,990237,3174445548
GL870306.1,ChrU_supercontig_000000360,U,2120,992357,3174447668
GL870307.1,ChrU_supercontig_000000361,U,2819,995176,3174450487
GL870308.1,ChrU_supercontig_000000362,U,4861,1000037,3174455348
GL870309.1,ChrU_supercontig_000000363,U,11341,1011378,3174466689
GL870310.1,ChrU_supercontig_000000364,U,14946,1026324,3174481635
GL870311.1,ChrU_supercontig_000000365,U,2873,1029197,3174484508
GL870312.1,ChrU_supercontig_000000366,U,7723,1036920,3174492231
GL870313.1,ChrU_supercontig_000000367,U,6892,1043812,3174499123
GL870314.1,ChrU_supercontig_000000368,U,1724,1045536,3174500847
GL870315.1,ChrU_supercontig_000000369,U,2537,1048073,3174503384
GL870316.1,ChrU_supercontig_000000370,U,6154,1054227,3174509538
GL870317.1,ChrU_supercontig_000000371,U,1759,1055986,3174511297
GL870318.1,ChrU_supercontig_000000372,U,2865,1058851,3174514162
GL870319.1,ChrU_supercontig_000000373,U,2351,1061202,3174516513
GL870320.1,ChrU_supercontig_000000374,U,2077,1063279,3174518590
GL870321.1,ChrU_supercontig_000000375,U,2571,1065850,3174521161
GL870322.1,ChrU_supercontig_000000376,U,1516,1067366,3174522677
GL870323.1,ChrU_supercontig_000000377,U,5315,1072681,3174527992
GL870324.1,ChrU_supercontig_000000378,U,9528,1082209,3174537520
GL870325.1,ChrU_supercontig_000000379,U,1668,1083877,3174539188
GL870326.1,ChrU_supercontig_000000380,U,1622,1085499,3174540810
GL870327.1,ChrU_supercontig_000000381,U,2180,1087679,3174542990
GL870328.1,ChrU_supercontig_000000382,U,1774,1089453,3174544764
GL870329.1,ChrU_supercontig_000000383,U,2378,1091831,3174547142
GL870330.1,ChrU_supercontig_000000384,U,2560,1094391,3174549702
GL870331.1,ChrU_supercontig_000000385,U,1684,1096075,3174551386
GL870332.1,ChrU_supercontig_000000386,U,1591,1097666,3174552977
GL870333.1,ChrU_supercontig_000000387,U,3506,1101172,3174556483
GL870334.1,ChrU_supercontig_000000388,U,1901,1103073,3174558384
GL870335.1,ChrU_supercontig_000000389,U,9534,1112607,3174567918
GL870336.1,ChrU_supercontig_000000390,U,2394,1115001,3174570312
GL870337.1,ChrU_supercontig_000000391,U,1704,1116705,3174572016
GL870338.1,ChrU_supercontig_000000392,U,1687,1118392,3174573703
GL870339.1,ChrU_supercontig_000000393,U,1631,1120023,3174575334
GL870340.1,ChrU_supercontig_000000394,U,2139,1122162,3174577473
GL870341.1,ChrU_supercontig_000000395,U,4467,1126629,3174581940
GL870342.1,ChrU_supercontig_000000396,U,2913,1129542,3174584853
GL870343.1,ChrU_supercontig_000000397,U,7339,1136881,3174592192
GL870344.1,ChrU_supercontig_000000398,U,2405,1139286,3174594597
GL870345.1,ChrU_supercontig_000000399,U,1743,1141029,3174596340
GL870346.1,ChrU_supercontig_000000400,U,1709,1142738,3174598049
GL870347.1,ChrU_supercontig_000000401,U,1767,1144505,3174599816
GL870348.1,ChrU_supercontig_000000402,U,3214,1147719,3174603030
GL870349.1,ChrU_supercontig_000000403,U,1637,1149356,3174604667
GL870350.1,ChrU_supercontig_000000404,U,1681,1151037,3174606348
GL870351.1,ChrU_supercontig_000000405,U,1542,1152579,3174607890
GL870352.1,ChrU_supercontig_000000406,U,1918,1154497,3174609808
GL870353.1,ChrU_supercontig_000000407,U,2063,1156560,3174611871
GL870354.1,ChrU_supercontig_000000408,U,1543,1158103,3174613414
GL870355.1,ChrU_supercontig_000000409,U,1504,1159607,3174614918
GL870356.1,ChrU_supercontig_000000410,U,14580,1174187,3174629498
GL870357.1,ChrU_supercontig_000000411,U,2202,1176389,3174631700
GL870358.1,ChrU_supercontig_000000412,U,8030,1184419,3174639730
GL870359.1,ChrU_supercontig_000000413,U,1972,1186391,3174641702
GL870360.1,ChrU_supercontig_000000414,U,1693,1188084,3174643395
GL870361.1,ChrU_supercontig_000000415,U,1567,1189651,3174644962
GL870362.1,ChrU_supercontig_000000416,U,4455,1194106,3174649417
GL870363.1,ChrU_supercontig_000000417,U,1586,1195692,3174651003
GL870364.1,ChrU_supercontig_000000418,U,2743,1198435,3174653746
GL870365.1,ChrU_supercontig_000000419,U,1514,1199949,3174655260
GL870366.1,ChrU_supercontig_000000420,U,1857,1201806,3174657117
GL870367.1,ChrU_supercontig_000000421,U,1820,1203626,3174658937
GL870368.1,ChrU_supercontig_000000422,U,1533,1205159,3174660470
GL870369.1,ChrU_supercontig_000000423,U,1984,1207143,3174662454
GL870370.1,ChrU_supercontig_000000424,U,1539,1208682,3174663993
GL870371.1,ChrU_supercontig_000000425,U,1758,1210440,3174665751
GL870372.1,ChrU_supercontig_000000426,U,1671,1212111,3174667422
GL870373.1,ChrU_supercontig_000000427,U,1536,1213647,3174668958
GL870374.1,ChrU_supercontig_000000428,U,1589,1215236,3174670547
GL870375.1,ChrU_supercontig_000000429,U,2045,1217281,3174672592
GL870376.1,ChrU_supercontig_000000430,U,1602,1218883,3174674194
GL870377.1,ChrU_supercontig_000000431,U,2570,1221453,3174676764
GL870378.1,ChrU_supercontig_000000432,U,2224,1223677,3174678988
GL870379.1,ChrU_supercontig_000000433,U,1751,1225428,3174680739
GL870380.1,ChrU_supercontig_000000434,U,1587,1227015,3174682326
GL870381.1,ChrU_supercontig_000000435,U,1869,1228884,3174684195
GL870382.1,ChrU_supercontig_000000436,U,1617,1230501,3174685812
GL870383.1,ChrU_supercontig_000000437,U,1526,1232027,3174687338
GL870384.1,ChrU_supercontig_000000438,U,2903,1234930,3174690241
GL870385.1,ChrU_supercontig_000000439,U,2769,1237699,3174693010