0.184003 0.00906254 0.806934
0.121593 9.9991E-05 0.878307
0.238821 0.0108843 0.750295
0.0309905 0.0313602 0.937649
0.0884184 0.0108202 0.900761
0.0115067 0.0368444 0.951649
0.0118261 0.0195628 0.968611
0.0487014 9.9991E-05 0.951199
0.188147 0.0896586 0.722195
0.243088 0.0294967 0.727416
0.121222 0.200557 0.678221
0.311951 0.091581 0.596468
0.111921 0.357225 0.530855
0.266358 0.0844894 0.649153
0.297442 0.0807279 0.621831
0.0848922 9.9991E-05 0.915008
0.253711 9.9991E-05 0.746189
0.12583 9.9991E-05 0.87407
0.667951 0.204792 0.127257
0.697331 9.9991E-05 0.302569
0.749129 9.9991E-05 0.250771
0.872933 0.0390667 0.0880004
0.985078 0.0148225 9.9991E-05
0.918519 0.0469861 0.0344951
0.696962 9.9991E-05 0.302938
0.966067 9.9991E-05 0.0338328
0.926461 0.0734392 9.9991E-05
0.907072 0.092828 9.9991E-05
0.9998 9.999E-05 9.999E-05
0.871768 0.076697 0.0515348
0.941914 0.0558932 0.00219239
0.889851 0.0392676 0.0708814
0.957158 0.0427418 9.9991E-05
0.191648 0.0623175 0.746034
0.315738 0.00439744 0.679864
0.194927 0.0781605 0.726912
0.138076 0.062011 0.799913
0.204358 0.169376 0.626266
0.654773 0.345127 9.9991E-05
0.883838 0.0623586 0.0538035
0.168413 0.0916787 0.739909
0.196963 9.9991E-05 0.802937
0.362192 0.182611 0.455197
0.151733 0.331005 0.517262
0.0451802 0.316555 0.638265
0.614849 0.385051 9.9991E-05
0.370913 0.0756084 0.553478
0.141108 0.246886 0.612005
0.368178 0.156497 0.475325
0.102671 0.841178 0.0561513
0.0300219 0.929379 0.040599
9.9991E-05 0.816198 0.183702
0.0496955 0.845959 0.104346
0.101993 0.897907 9.9991E-05
0.0880053 0.911895 9.9991E-05
9.9991E-05 0.80218 0.19772
0.070475 0.882525 0.0470003
0.0560366 0.943863 9.9991E-05
9.9991E-05 0.872942 0.126958
0.0304794 0.743379 0.226141
0.0776024 0.922298 9.9991E-05
0.0549758 0.843728 0.101296
0.0747351 0.562903 0.362362
0.814511 0.0459365 0.139552
0.862491 0.00751194 0.129997
0.886351 9.9991E-05 0.113549
0.00385988 0.786706 0.209434
0.01674 0.731708 0.251552
0.0481216 0.828075 0.123803
0.0400482 0.864775 0.0951765
0.0428288 0.942682 0.0144894
9.9991E-05 0.319205 0.680695
9.9991E-05 0.342213 0.657688
0.0402768 0.354368 0.605355
0.0319303 0.366371 0.601698
0.165472 0.286882 0.547646
0.103566 0.354795 0.541639
0.168607 0.279859 0.551533
9.9991E-05 0.748157 0.251743
0.132341 0.59776 0.269899
0.131088 0.868812 9.9991E-05
0.154408 0.845492 9.9991E-05
9.9991E-05 0.785928 0.213972
0.817397 0.042366 0.140237
0.140791 0.478365 0.380844
9.9991E-05 0.415963 0.583937
0.591868 0.408032 9.9991E-05
0.237805 9.9991E-05 0.762095
0.101576 9.9991E-05 0.898324
0.21207 0.0606021 0.727328
0.308394 0.127991 0.563615
0.131188 0.028251 0.840561
0.101991 0.481193 0.416816
0.676596 0.0614238 0.26198
0.0127206 0.462057 0.525222
0.336065 0.148235 0.5157
0.268611 9.9991E-05 0.731289
0.0790933 0.0174172 0.90349
0.0947316 9.9991E-05 0.905168
0.0879168 0.086842 0.825241
0.052025 0.0208534 0.927122
0.0597897 9.9991E-05 0.94011
0.0960994 0.452186 0.451715
0.0994122 0.372191 0.528397
0.0515644 0.478559 0.469877
0.281042 0.098023 0.620935
0.120817 0.237274 0.641909
0.495617 0.0353307 0.469053
0.0432391 0.864677 0.0920834
0.104694 0.835614 0.0596923
0.128669 0.355964 0.515367
0.173485 0.364559 0.461957
0.266776 0.348111 0.385113
0.808413 0.0265982 0.164989
0.158176 0.805944 0.0358798
0.0284317 0.785629 0.18594
9.9991E-05 0.621437 0.378463
0.532193 0.0492244 0.418583
0.256051 0.0376794 0.70627
0.0103834 0.117551 0.872066
0.0318552 0.0830489 0.885096
0.408575 9.9991E-05 0.591325
0.201782 0.0115828 0.786635
0.0129282 9.9991E-05 0.986972
0.00126879 0.0492476 0.949484
0.416673 9.9991E-05 0.583227
0.143622 9.9991E-05 0.856278
0.228783 9.9991E-05 0.771117
0.128476 9.9991E-05 0.871424
0.267766 0.122775 0.609459
0.0570518 0.0893207 0.853628
0.257641 0.0556602 0.686699
0.0921828 0.0320626 0.875755
0.919615 0.0419687 0.0384163
0.91517 9.9991E-05 0.0847301
0.9998 9.999E-05 9.999E-05
0.784102 0.0618928 0.154005
0.855706 0.0633804 0.080914
0.0102652 0.122357 0.867378
0.193927 9.9991E-05 0.805973
9.999E-05 0.9998 9.999E-05
0.0741302 0.899761 0.0261092
0.0529284 0.928384 0.0186879
0.0493275 0.770509 0.180164
9.9991E-05 0.964819 0.0350807
0.135728 0.864172 9.9991E-05
9.9991E-05 0.94848 0.0514204
0.09547 0.90443 9.9991E-05
0.0180352 0.932105 0.0498594
0.0511689 0.922014 0.0268168
0.0629787 0.936921 9.9991E-05
0.121063 0.8363 0.0426369
9.9991E-05 0.869382 0.130518
0.0626173 0.937283 9.9991E-05
9.9991E-05 0.89012 0.10978
9.9991E-05 0.956304 0.0435963
0.033559 0.906486 0.0599551
0.0668283 0.38844 0.544732
0.0576622 0.251267 0.691071
9.9991E-05 0.930749 0.0691511
9.9991E-05 0.747318 0.252582
0.011297 0.986233 0.00246953
9.9991E-05 0.365824 0.634076
0.052096 9.9991E-05 0.947804
0.246083 9.9991E-05 0.753817
0.440513 0.0584306 0.501056
0.629989 9.9991E-05 0.369911
0.785437 0.0160364 0.198527
0.884702 0.0363414 0.0789567
0.842518 9.9991E-05 0.157382
0.801474 0.0576467 0.140879
0.830484 0.139767 0.029749
0.871754 0.0853723 0.0428738
0.164164 0.00749682 0.82834
0.0793333 0.110691 0.809976
9.9991E-05 0.0372963 0.962604
9.9991E-05 0.0150766 0.984823
9.9991E-05 0.0150317 0.984868
9.9991E-05 0.105675 0.894225
0.204471 0.00618794 0.789341
0.241324 0.0977581 0.660918
0.111023 0.0480757 0.840901
0.180075 0.054594 0.765331
0.155282 0.07292 0.771798
0.852661 0.117431 0.0299086
0.0207016 0.857385 0.121913
0.15039 0.84951 9.9991E-05
0.0853347 0.914565 9.9991E-05
0.0494163 0.789708 0.160876
0.151471 0.848429 9.9991E-05
0.346132 0.148444 0.505424
0.315576 0.0104122 0.674012
0.152002 9.9991E-05 0.847898
0.331398 9.9991E-05 0.668502
