0.138619 0.85593 9.9991E-05 0.00535144
0.116681 0.837612 9.9991E-05 0.0456071
0.269386 0.694058 0.0193116 0.0172438
0.0427029 0.932245 0.00251886 0.0225332
0.096839 0.826327 0.0725716 0.00426239
0.0703543 0.915889 0.0136569 9.9991E-05
0.102319 0.853097 0.0444833 9.9991E-05
0.0181686 0.922769 9.9991E-05 0.0589623
0.234266 0.66829 0.082463 0.0149803
0.196297 0.706304 0.0617911 0.0356081
0.0417717 0.660292 0.210515 0.0874215
0.238212 0.659091 0.0850234 0.017673
0.0880052 0.539495 0.309156 0.0633432
0.265945 0.635065 0.09889 9.9991E-05
0.209958 0.704045 0.0383657 0.0476307
0.1706 0.800156 0.0130607 0.0161835
0.264041 0.731601 0.00425746 9.9991E-05
0.116682 0.872995 9.9991E-05 0.0102237
0.581956 0.159735 0.198014 0.0602952
0.735 0.247619 0.017281 9.99956E-05
0.802564 0.182953 9.9991E-05 0.0143825
0.906492 0.0281681 0.044171 0.0211693
0.929135 9.9991E-05 0.0246861 0.0460793
0.868002 0.0549028 0.0214046 0.0556905
0.776893 0.197373 0.0256344 9.9991E-05
0.947962 0.0249227 9.9991E-05 0.0270151
0.922472 9.9991E-05 0.0551387 0.0222889
0.872863 9.9991E-05 0.0849927 0.0420444
0.9997 9.998E-05 9.998E-05 9.998E-05
0.894484 9.9982E-05 0.105316 9.9982E-05
0.981443 9.9982E-05 0.0183571 9.9982E-05
0.92252 9.9991E-05 0.0270586 0.0503211
0.883162 0.0559017 9.9991E-05 0.060836
0.184928 0.705084 0.0316444 0.078344
0.364693 0.626571 0.00863656 9.9991E-05
0.135655 0.763039 0.101206 9.9991E-05
0.0798018 0.852534 0.0362958 0.0313681
0.198926 0.63058 0.152725 0.0177691
9.998E-05 9.998E-05 9.998E-05 0.9997
0.890235 0.0207198 0.0313733 0.057672
0.237201 0.696346 0.0646128 0.00183998
0.228984 0.770816 9.9982E-05 9.9982E-05
0.339813 0.462082 0.192216 0.00588945
0.100364 0.505472 0.315746 0.0784175
0.00841125 0.646528 0.316983 0.0280783
9.998E-05 9.998E-05 9.998E-05 0.9997
0.277279 0.594728 0.0365777 0.0914149
0.195922 0.576046 0.227932 9.9991E-05
0.391389 0.457837 0.117133 0.0336407
9.9991E-05 0.0932435 0.879418 0.0272388
0.0505549 9.9991E-05 0.924641 0.0247038
0.040768 0.103357 0.855775 9.9991E-05
0.0276931 0.102794 0.802738 0.0667747
0.0724028 9.9991E-05 0.878851 0.0486463
0.12187 9.9982E-05 0.87793 9.9982E-05
0.00534945 0.202785 0.791765 9.9991E-05
0.0648106 0.00411895 0.902065 0.0290055
0.0464276 9.9991E-05 0.915559 0.0379139
9.9991E-05 0.0739082 0.893502 0.0324896
9.9991E-05 0.221733 0.741467 0.0367003
0.0812242 9.9982E-05 0.918576 9.9982E-05
0.14555 0.0588523 0.795498 9.9991E-05
0.0704908 0.319109 0.526188 0.0842122
0.82265 0.117328 0.0506996 0.00932319
0.778229 0.153559 0.0362632 0.0319494
0.920894 0.0641451 9.9991E-05 0.0148614
0.0299387 0.159104 0.798251 0.012707
9.9991E-05 0.221402 0.682942 0.0955563
0.117881 0.0645332 0.798001 0.0195853
0.0376548 0.0337372 0.859876 0.0687323
9.9991E-05 0.0702666 0.887771 0.0418622
9.9991E-05 0.628185 0.334774 0.0369408
0.0302371 0.676518 0.268166 0.0250794
9.9991E-05 0.645264 0.333878 0.020758
9.9991E-05 0.644892 0.315048 0.0399599
0.103002 0.559943 0.280668 0.0563863
0.0769727 0.539729 0.342775 0.0405234
0.111905 0.618685 0.24729 0.0221206
9.9982E-05 0.234083 0.765717 9.9982E-05
0.0304622 0.271828 0.548996 0.148713
0.140016 0.0329889 0.821595 0.00539991
0.084063 9.9991E-05 0.869788 0.0460486
9.9991E-05 0.178255 0.794801 0.0268444
0.765535 0.17742 0.0397182 0.0173261
0.161755 0.352284 0.485861 9.9991E-05
9.9982E-05 0.562993 0.436807 9.9982E-05
9.998E-05 9.998E-05 9.998E-05 0.9997
0.20171 0.79809 9.9982E-05 9.9982E-05
0.183879 0.766187 9.9991E-05 0.0498334
0.246378 0.642901 0.0436873 0.0670343
0.260991 0.545949 0.133572 0.0594886
0.128821 0.813654 0.0574249 9.9991E-05
0.0496427 0.509353 0.440904 9.9991E-05
0.623476 0.244899 0.0970599 0.0345653
9.9991E-05 0.524782 0.379181 0.0959374
0.338227 0.468383 0.15535 0.0380404
0.225007 0.774793 9.9982E-05 9.9982E-05
0.114994 0.813445 0.0714611 9.9991E-05
0.209911 0.789181 0.000807362 9.9991E-05
9.9991E-05 0.881931 0.0886287 0.0293402
0.0582521 0.900486 0.0119895 0.0292725
0.0530672 0.918237 9.9991E-05 0.0285955
0.0697776 0.450319 0.44196 0.0379438
0.0586815 0.480629 0.362891 0.0977983
9.9991E-05 0.466283 0.427942 0.105675
0.240262 0.623631 0.136007 9.9991E-05
0.218372 0.556525 0.225003 9.9991E-05
0.527631 0.402572 0.0602539 0.00954277
9.9991E-05 0.128121 0.841263 0.0305162
9.9991E-05 0.142836 0.835865 0.0211992
0.232355 0.398405 0.36914 9.9991E-05
0.125544 0.482954 0.327817 0.0636851
0.295808 0.341532 0.298097 0.0645629
0.822969 0.159109 0.0178222 9.9991E-05
0.0632986 0.0863212 0.792124 0.0582567
0.0305118 0.145073 0.824315 9.9991E-05
9.9982E-05 0.360728 0.639072 9.9982E-05
0.541259 0.358261 0.0374402 0.0630403
0.310506 0.662698 0.0235894 0.00320655
0.0701575 0.839253 0.0616859 0.0289034
0.105345 0.803005 0.0915502 9.9991E-05
0.449467 0.550333 9.9982E-05 9.9982E-05
0.293097 0.683547 9.9991E-05 0.0232565
0.204009 0.782983 0.0129086 9.9991E-05
0.0673903 0.865929 0.0624958 0.00418518
0.439843 0.539047 0.021011 9.9991E-05
0.166362 0.833438 9.9982E-05 9.9982E-05
0.252827 0.703735 9.9991E-05 0.0433377
0.0912126 0.867436 9.9991E-05 0.0412514
0.272079 0.604985 0.122836 9.9991E-05
0.0544382 0.83771 0.0486845 0.0591673
0.230155 0.696179 0.0694886 0.00417733
0.146809 0.814945 0.0381458 9.9991E-05
0.961078 0.00554118 0.0332812 9.9991E-05
0.989509 0.0102907 9.9982E-05 9.9982E-05
0.962604 9.9982E-05 9.9982E-05 0.0371963
0.846073 0.0619657 0.091222 0.00073891
0.900474 0.0493206 0.0442288 0.00597645
0.0318525 0.815105 0.121444 0.0315989
0.182219 0.795144 9.9991E-05 0.022537
9.998E-05 9.998E-05 0.9997 9.998E-05
0.0408509 0.0662476 0.869581 0.0233202
0.0427386 0.0280789 0.921121 0.00806165
0.0118145 0.20238 0.785705 9.9991E-05
9.9991E-05 0.0322436 0.946771 0.020885
0.128575 9.9991E-05 0.859354 0.011971
9.9991E-05 0.0234566 0.974363 0.00208087
0.0943233 9.9991E-05 0.896662 0.0089148
0.06305 0.0187807 0.918069 9.9991E-05
0.0899488 9.9991E-05 0.901048 0.00890316
0.0124094 0.0845306 0.86655 0.0365096
0.0530472 0.0532952 0.869586 0.0240718
0.0778866 0.0622869 0.829498 0.0303286
0.0498918 9.9991E-05 0.9327 0.0173084
0.0189032 0.0224727 0.94473 0.0138942
9.9991E-05 0.0183022 0.964153 0.0174446
0.0749089 9.9991E-05 0.924323 0.000668508
0.0094762 0.565383 0.425041 9.9991E-05
0.0352728 0.740556 0.216538 0.00763274
9.9982E-05 0.0508126 0.948987 9.9982E-05
0.0285687 0.208147 0.745227 0.0180573
0.0440461 9.9991E-05 0.952321 0.00353336
9.9982E-05 0.614945 0.384855 9.9982E-05
0.0752961 0.924504 9.9982E-05 9.9982E-05
0.321475 0.653897 9.9991E-05 0.0245283
0.460423 0.474445 0.0650324 9.9991E-05
0.701855 0.283602 0.00487579 0.00966733
0.85478 0.110748 0.0142915 0.0201805
0.940023 0.00455577 0.0487409 0.00668079
0.838152 0.155463 9.9991E-05 0.00628482
0.829392 0.114283 0.0362552 0.02007
0.765449 0.0573448 0.124621 0.0525856
0.872079 9.9991E-05 0.0706965 0.0571249
0.199839 0.766174 0.0338871 9.9991E-05
0.0930438 0.758245 0.10724 0.0414716
9.9991E-05 0.930443 0.0153689 0.0540877
9.9991E-05 0.953508 0.0338044 0.0125872
9.9982E-05 0.974775 9.9982E-05 0.025025
0.00642537 0.895383 0.0980914 9.9991E-05
0.269364 0.693494 0.0133106 0.0238319
0.247252 0.651365 0.0824392 0.0189443
0.015063 0.895152 0.0158562 0.0739284
0.223192 0.713656 0.0378272 0.0253245
0.122314 0.811579 0.0135754 0.0525314
0.708378 0.0171332 0.121798 0.152691
0.0785301 0.0562917 0.826161 0.0390176
0.0810536 9.9991E-05 0.847548 0.0712984
0.0168825 0.00457148 0.967768 0.0107781
0.0678513 0.113739 0.800121 0.0182879
0.101988 0.0114221 0.851369 0.0352205
0.291967 0.496862 0.18921 0.0219609
0.325437 0.639826 0.0112208 0.0235158
0.152069 0.772358 9.9991E-05 0.0754728
0.293377 0.635008 0.014746 0.0568687
