9.9982E-05 0.0317902 0.0281932 0.838406 0.0931444 0.00826638 9.9982E-05
9.9982E-05 9.9982E-05 0.0366933 0.849133 0.0301402 0.0404074 0.0434264
0.00849172 0.0818817 9.9982E-05 0.7256 0.163918 0.0199089 9.9982E-05
0.0110796 0.0110347 9.9991E-05 0.60703 0.126528 0.0169724 0.227255
0.0635574 9.9973E-05 0.0265661 0.674456 9.9973E-05 9.9973E-05 0.235121
9.9973E-05 9.9973E-05 0.126905 0.529579 0.0469705 9.9973E-05 0.296246
9.9982E-05 0.00911807 0.0671923 0.382514 0.0569128 9.9982E-05 0.484062
9.9973E-05 9.9973E-05 9.9973E-05 0.522829 0.11852 0.0198964 0.338455
9.9982E-05 0.150195 0.101292 0.369727 9.9982E-05 0.00962416 0.368962
9.9982E-05 0.153636 9.9982E-05 0.354299 0.218472 0.0269511 0.246442
0.0753668 0.0636468 9.9991E-05 0.114734 0.398344 0.0532538 0.294555
9.999E-05 0.199251 0.0413193 0.337607 0.209112 0.00689534 0.205715
0.0622118 0.0261767 9.9982E-05 9.9982E-05 0.788831 0.0410224 0.0815582
0.103977 0.203848 9.9982E-05 0.17125 0.0996959 9.9982E-05 0.421029
0.0364919 0.160265 0.0707986 0.280829 9.9991E-05 0.0208009 0.430715
9.9982E-05 0.0365145 0.0232316 0.33484 0.149152 9.9982E-05 0.456062
9.9973E-05 0.197707 0.0498141 0.248546 9.9973E-05 9.9973E-05 0.503634
9.9982E-05 0.0406969 9.9982E-05 0.693889 0.0279454 0.0315079 0.205761
0.0296177 0.523794 0.134105 9.9991E-05 0.118107 0.05906 0.135217
9.9982E-05 0.62654 0.0251416 0.154568 0.127447 9.9982E-05 0.0661045
0.0652243 0.623361 9.9991E-05 0.134571 0.0107843 0.0107603 0.155199
0.0108729 0.730618 0.0451703 0.143907 0.0457799 0.0235516 9.9991E-05
9.9982E-05 0.862784 0.0614018 9.9982E-05 0.024801 0.0494283 0.00138457
9.9973E-05 0.700022 0.124624 0.112477 9.9973E-05 0.0625779 9.9973E-05
9.9982E-05 0.653129 0.00508501 0.0435081 0.0711111 9.9982E-05 0.226967
9.9973E-05 0.847594 0.0196935 0.123128 9.9973E-05 0.00928461 9.9973E-05
0.0970286 0.855362 9.9973E-05 9.9973E-05 9.9973E-05 0.0336767 0.0136327
9.9973E-05 0.799665 0.113292 9.9973E-05 9.9973E-05 0.026169 0.0605747
0.0489743 0.805218 9.9964E-05 0.145408 9.9964E-05 9.9964E-05 9.9964E-05
9.9964E-05 0.758988 0.184949 9.9964E-05 9.9964E-05 9.9964E-05 0.0556634
9.9973E-05 0.803864 0.107474 9.9973E-05 9.9973E-05 0.0193214 0.0690401
0.094844 0.778519 9.9973E-05 9.9973E-05 9.9973E-05 0.0411551 0.085182
9.9973E-05 0.741951 0.0419732 9.9973E-05 9.9973E-05 0.062322 0.153453
0.00165386 0.107635 9.9991E-05 0.29231 0.24337 0.0418367 0.313094
0.0628328 0.222348 9.9973E-05 0.416299 9.9973E-05 9.9973E-05 0.298221
0.0956242 0.108551 9.9973E-05 0.206577 9.9973E-05 9.9973E-05 0.588948
9.999E-05 0.0295608 0.00773968 0.368271 0.181324 0.0147365 0.398268
0.0547388 0.0926699 0.0593727 0.234548 0.206776 0.0125975 0.339297
9.995E-05 9.995E-05 9.995E-05 9.995E-05 9.995E-05 0.9994 9.995E-05
0.0469077 0.741574 9.9973E-05 9.9973E-05 0.197067 0.0141509 9.9973E-05
9.9973E-05 0.0661053 0.173776 0.73005 9.9973E-05 9.9973E-05 0.029769
9.9973E-05 0.122072 9.9973E-05 0.463232 0.178843 9.9973E-05 0.235553
9.9982E-05 0.213866 0.197032 0.218105 0.211399 9.9982E-05 0.159397
0.0663912 0.0501099 9.9982E-05 0.137345 0.702781 0.0431729 9.9982E-05
9.999E-05 0.0419002 0.0157138 0.086572 0.826927 0.00606226 0.0227247
9.995E-05 9.995E-05 9.995E-05 9.995E-05 9.995E-05 0.9994 9.995E-05
0.0209454 0.187245 9.9991E-05 0.119389 0.194324 0.0708281 0.407169
9.9982E-05 0.168418 0.155399 0.0172504 0.371228 9.9982E-05 0.287505
0.118827 0.313489 9.9991E-05 0.267514 0.155346 0.0295626 0.115161
0.119512 9.9982E-05 0.643555 9.9982E-05 0.211052 0.0171592 0.00852234
0.438944 9.9982E-05 0.407724 9.9982E-05 0.12646 0.00749396 0.0191787
0.485884 9.9973E-05 0.356289 0.0505963 9.9973E-05 9.9973E-05 0.10693
0.446628 0.0176982 0.244495 9.9991E-05 0.233546 0.033448 0.024085
0.656345 0.0543766 0.185143 9.9982E-05 9.9982E-05 0.0447669 0.0591677
0.532156 0.0223296 0.342079 9.9973E-05 9.9973E-05 9.9973E-05 0.103135
0.570871 9.9982E-05 0.182465 0.0943581 0.0442975 9.9982E-05 0.107809
0.012634 9.9973E-05 0.8958 9.9973E-05 9.9973E-05 0.0162354 0.0750308
9.9955E-05 9.9955E-05 0.985931 9.9955E-05 9.9955E-05 0.0135694 9.9955E-05
0.677413 9.9982E-05 0.0684031 0.0753144 0.141056 0.0376132 9.9982E-05
0.444363 9.9991E-05 0.191877 0.084882 0.183027 0.0284898 0.0672618
9.995E-05 9.995E-05 0.9994 9.995E-05 9.995E-05 9.995E-05 9.995E-05
0.403235 0.00874742 0.32348 0.128932 0.135406 9.9982E-05 9.9982E-05
0.180258 9.9982E-05 0.124629 9.9982E-05 0.59113 0.0623189 0.0414644
0.0416075 0.737364 0.0449983 0.135115 0.00657954 0.0198873 0.0144487
9.9982E-05 0.735172 0.0374502 0.0960133 0.088968 0.0421964 9.9982E-05
9.9982E-05 0.76185 0.0244644 0.106479 9.9982E-05 0.00975669 0.0972493
0.498772 9.9991E-05 0.232425 0.0127222 0.162595 0.0151377 0.0782479
0.399507 9.9973E-05 0.119751 9.9973E-05 0.41514 0.0653024 9.9973E-05
0.545499 0.0517514 0.205425 0.0565056 0.114975 9.9991E-05 0.0257445
0.435972 9.9982E-05 0.299124 9.9982E-05 0.216096 0.0402836 0.008324
0.873579 0.0129187 9.9973E-05 9.9973E-05 9.9973E-05 0.0218662 0.0913361
9.9973E-05 9.9973E-05 0.184939 0.248873 0.55037 0.015518 9.9973E-05
9.9982E-05 9.9982E-05 0.112161 0.0140273 0.632069 0.00728396 0.234258
9.9964E-05 9.9964E-05 0.0598423 9.9964E-05 0.847576 9.9964E-05 0.0921814
9.9964E-05 9.9964E-05 0.0026362 9.9964E-05 0.967438 0.0295262 9.9964E-05
0.0234948 0.045253 9.9982E-05 9.9982E-05 0.875728 0.0108335 0.0444904
9.9964E-05 9.9964E-05 0.0214765 9.9964E-05 0.967793 0.0103304 9.9964E-05
9.9991E-05 0.107869 0.0447213 0.0318718 0.703581 0.0352852 0.0765715
0.390382 9.9973E-05 0.327614 9.9973E-05 0.160586 9.9973E-05 0.121118
0.29805 0.0393238 0.196317 0.10895 0.168287 0.147125 0.0419478
0.412188 0.0672208 0.36041 0.00837998 0.148364 0.00333678 9.9991E-05
0.49331 0.0783244 0.297107 9.9982E-05 0.107432 0.0236264 9.9982E-05
0.575465 9.9982E-05 0.144911 9.9982E-05 0.0188635 0.0150956 0.245465
0.0325875 0.672816 9.9991E-05 0.023397 0.163469 0.0225576 0.0850726
0.131948 0.103706 0.170918 0.0579431 0.469125 9.9991E-05 0.0662592
0.0480585 9.9973E-05 0.0552673 0.0514887 0.844886 9.9973E-05 9.9973E-05
9.995E-05 9.995E-05 9.995E-05 9.995E-05 9.995E-05 0.9994 9.995E-05
9.9973E-05 0.112074 9.9973E-05 0.544353 0.141786 9.9973E-05 0.201487
9.9982E-05 0.0679426 0.00234016 0.861553 0.0491583 0.0188062 9.9982E-05
9.9991E-05 0.0764872 0.10987 0.197064 0.0722521 0.0279149 0.516312
9.9991E-05 0.183669 0.0778538 0.138695 0.234062 0.050072 0.315549
0.071565 0.0651483 9.9973E-05 0.339459 9.9973E-05 9.9973E-05 0.523528
9.9964E-05 9.9964E-05 0.229529 9.9964E-05 0.688363 9.9964E-05 0.0817083
9.9991E-05 0.582086 0.05449 0.155727 0.110229 0.0226097 0.0747584
0.202716 9.9973E-05 9.9973E-05 0.0872326 0.638432 0.0713194 9.9973E-05
0.0729027 0.23368 9.9982E-05 9.9982E-05 0.323866 0.0323119 0.33704
9.9973E-05 0.0917086 0.0166938 0.61897 9.9973E-05 9.9973E-05 0.272328
9.9973E-05 0.028571 9.9973E-05 0.304169 0.136797 9.9973E-05 0.530162
0.012071 0.156632 9.9982E-05 0.44809 0.256476 9.9982E-05 0.126531
9.9973E-05 9.9973E-05 0.0702395 9.9973E-05 0.0853637 0.0232975 0.820799
9.9964E-05 0.00105704 9.9964E-05 9.9964E-05 0.164758 9.9964E-05 0.833785
9.9982E-05 0.0749807 0.014902 0.345747 0.185917 9.9982E-05 0.378253
0.0853994 0.00197416 0.174325 0.0303973 0.593934 0.0269816 0.0869884
0.125619 0.0411092 0.0573284 0.0608916 0.60203 0.0708499 0.0421722
0.151054 0.00126519 0.0292758 0.0703442 0.657093 0.0733289 0.0176385
9.9982E-05 0.263718 9.9982E-05 0.0329041 0.546589 0.00856727 0.148021
0.0595053 0.127283 0.0880991 0.225571 0.429019 9.9991E-05 0.0704229
0.113738 0.388423 9.9982E-05 0.125559 0.00108643 9.9982E-05 0.370994
0.576941 9.9982E-05 0.242406 0.00170251 9.9982E-05 0.0123626 0.166388
0.628423 9.9982E-05 0.0943592 9.9982E-05 0.22123 0.016611 0.0391771
9.9982E-05 0.0766211 0.215446 0.200116 0.502932 0.00468595 9.9982E-05
9.9982E-05 0.0763523 0.223667 9.9982E-05 0.380294 0.0121542 0.307333
9.9982E-05 0.143446 0.284228 0.288637 0.227344 0.0561448 9.9982E-05
9.9964E-05 0.668316 9.9964E-05 9.9964E-05 0.271404 9.9964E-05 0.0598807
0.600803 0.0206034 0.0518978 9.9982E-05 0.294103 0.0323934 9.9982E-05
0.289262 9.9973E-05 0.454451 0.0762945 0.179692 9.9973E-05 9.9973E-05
0.371936 9.9991E-05 0.080063 0.0675916 0.476777 0.00136116 0.00217162
0.0267911 0.344788 0.0709882 0.219745 9.9991E-05 0.0591571 0.27843
0.0168326 0.116648 0.0112909 0.839744 9.9982E-05 0.0152852 9.9982E-05
0.0538165 0.0110743 9.9982E-05 0.631899 0.0779133 9.9982E-05 0.225097
0.0785472 0.0299289 0.0518385 0.716247 9.9982E-05 9.9982E-05 0.123239
9.9973E-05 0.360496 0.0480823 0.482143 9.9973E-05 9.9973E-05 0.108979
0.0110353 0.123461 9.9991E-05 0.594618 0.0923036 0.00742411 0.171058
0.0457728 9.9964E-05 9.9964E-05 0.944904 0.00892319 9.9964E-05 9.9964E-05
0.00684285 9.9973E-05 0.0504741 0.923744 9.9973E-05 0.0186392 9.9973E-05
0.0502441 0.295149 9.9991E-05 0.37623 0.091897 0.00289414 0.183486
0.0504441 0.0977381 9.9982E-05 0.21464 0.0242369 9.9982E-05 0.612741
9.9991E-05 0.180988 0.0111422 0.181178 0.0247029 0.00971505 0.592173
9.9982E-05 0.103567 0.0268234 0.113757 0.0255661 9.9982E-05 0.730086
0.0278293 0.195189 0.109777 0.416188 0.0838472 9.9991E-05 0.167069
0.0714453 0.0143604 9.9982E-05 0.307599 9.9982E-05 0.0338457 0.57255
9.9982E-05 0.192549 0.0333347 9.9982E-05 0.190802 0.0207018 0.562413
9.9973E-05 9.9973E-05 0.0772708 0.782302 0.107762 9.9973E-05 0.0323651
9.9964E-05 0.682626 9.9964E-05 9.9964E-05 0.0767757 9.9964E-05 0.240198
9.9964E-05 0.875553 9.9964E-05 0.1118 0.0122473 9.9964E-05 9.9964E-05
9.9964E-05 0.838457 9.9964E-05 9.9964E-05 9.9964E-05 0.0208974 0.140246
0.0192551 0.720328 0.0926545 0.112995 0.0261384 0.0222377 0.0063917
9.9982E-05 0.712652 0.035205 0.152867 0.0674034 0.0316722 9.9982E-05
0.0824804 9.9982E-05 0.015953 0.457869 0.126861 9.9982E-05 0.316637
0.0130869 0.163016 9.9982E-05 0.102744 0.0347088 9.9982E-05 0.686244
0.362988 9.9964E-05 0.629255 0.00735728 9.9964E-05 9.9964E-05 9.9964E-05
0.836847 0.0404167 9.9982E-05 9.9982E-05 0.10191 0.0183034 0.0023236
0.808194 0.00880041 0.143013 0.00702615 9.9982E-05 9.9982E-05 0.0327667
0.62098 9.9973E-05 0.00638421 0.034994 0.337342 9.9973E-05 9.9973E-05
0.73858 9.9973E-05 0.141333 0.10296 9.9973E-05 0.0168275 9.9973E-05
0.647606 0.131876 0.160838 9.9982E-05 0.0379715 0.0215086 9.9982E-05
0.884349 9.9973E-05 9.9973E-05 0.0222051 0.0786009 0.0145454 9.9973E-05
0.320404 9.9982E-05 0.619601 0.0233687 0.0320511 0.00437492 9.9982E-05
0.565716 0.0522023 0.304542 0.0621776 0.0140958 0.0011658 9.9991E-05
0.427847 0.0465129 0.487715 0.0181047 0.0196198 9.9982E-05 9.9982E-05
0.815713 9.9973E-05 9.9973E-05 9.9973E-05 0.0878904 0.00333002 0.0927668
0.652859 0.0589853 0.143786 0.017533 0.0696942 0.0252195 0.0319226
0.533114 0.0161316 0.272328 0.125942 0.0522837 9.9982E-05 9.9982E-05
0.56715 9.9973E-05 0.33461 9.9973E-05 9.9973E-05 0.0106613 0.087278
0.534613 9.9973E-05 0.361363 0.0585196 0.0452045 9.9973E-05 9.9973E-05
0.934765 9.9964E-05 9.9964E-05 0.053569 9.9964E-05 0.0112662 9.9964E-05
0.599503 0.0212101 0.306917 9.9982E-05 9.9982E-05 0.00436166 0.0678084
0.161196 0.00810618 9.9973E-05 0.0485336 0.781865 9.9973E-05 9.9973E-05
9.9973E-05 9.9973E-05 0.000345462 0.0840889 0.798671 9.9973E-05 0.116595
0.724872 9.9973E-05 0.123562 9.9973E-05 0.142128 9.9973E-05 0.00913846
0.335693 9.9982E-05 0.413816 0.00807039 9.9982E-05 0.0143421 0.227878
9.995E-05 9.995E-05 0.9994 9.995E-05 9.995E-05 9.995E-05 9.995E-05
9.9973E-05 9.9973E-05 0.235628 0.149924 0.528043 9.9973E-05 0.0861052
0.0548413 9.9973E-05 9.9973E-05 0.923711 0.00409251 0.0170555 9.9973E-05
0.0300578 0.105675 9.9982E-05 0.807839 9.9982E-05 0.0408458 0.0153821
9.9982E-05 0.355013 0.0879197 0.377738 0.165637 9.9982E-05 0.0134926
9.9982E-05 0.525636 0.0119134 0.362729 0.0968032 0.00271861 9.9982E-05
0.0118183 0.739163 9.9973E-05 9.9973E-05 0.235808 9.9973E-05 0.0129103
9.9982E-05 0.758765 0.0843878 0.0678318 0.0605463 9.9982E-05 0.0282693
9.9982E-05 0.701009 9.9982E-05 0.148823 0.133397 0.0130118 0.00355931
9.9982E-05 0.719343 0.0847625 0.0414075 9.9982E-05 0.0141744 0.140112
0.0605105 0.687939 0.0477067 0.0109707 0.146659 0.0183206 0.0278939
0.082589 0.703933 9.9982E-05 0.147181 0.0139684 0.0521283 9.9982E-05
0.0039308 0.0550599 9.9982E-05 0.725183 0.143714 9.9982E-05 0.0719127
9.9991E-05 0.00853309 0.107161 0.562914 0.0381718 0.0272586 0.255861
9.9964E-05 9.9964E-05 0.0844877 9.9964E-05 9.9964E-05 0.0173235 0.897789
0.0439864 9.9964E-05 9.9964E-05 9.9964E-05 0.00187721 9.9964E-05 0.953737
9.9955E-05 9.9955E-05 0.00585165 9.9955E-05 9.9955E-05 9.9955E-05 0.993649
9.9964E-05 9.9964E-05 0.017821 9.9964E-05 0.186628 9.9964E-05 0.795152
9.9991E-05 0.156157 0.0904852 0.255082 0.0857743 0.00415467 0.408247
0.0488336 0.165507 0.0484541 0.165032 0.0777055 0.00164104 0.492826
0.0565826 0.117157 9.9991E-05 0.2068 0.0476383 0.0469315 0.524791
0.0477024 0.149116 9.9982E-05 9.9982E-05 0.0497394 0.0188837 0.734359
0.03812 0.0796641 9.9991E-05 0.0788107 0.0617333 0.0321029 0.709469
0.112475 0.555185 9.9991E-05 0.026874 0.0513903 0.163607 0.0903693
0.164754 9.9982E-05 0.665917 0.0650746 0.0789956 9.9982E-05 0.0250587
0.609897 0.0452713 0.247364 9.9982E-05 9.9982E-05 0.0437858 0.0534822
0.756574 0.024617 0.0634788 9.9973E-05 0.15503 9.9973E-05 9.9973E-05
0.684631 0.0719075 0.0615185 0.0728435 0.0969716 9.9991E-05 0.0120281
0.768912 0.0785479 0.0622629 0.062304 0.0152538 0.012619 9.9991E-05
9.9982E-05 0.153408 0.185186 0.111591 9.9982E-05 0.0369897 0.512624
9.9991E-05 0.244129 0.02893 0.326505 0.127075 0.0269131 0.246348
9.9982E-05 0.101999 0.0165108 0.206955 9.9982E-05 0.0523289 0.622006
9.9982E-05 0.222377 9.9982E-05 0.320659 0.179215 0.0681133 0.209436
