0.694836 0.115139 0.00253348 0.187492
0.737369 0.102454 9.9991E-05 0.160077
0.627473 0.209171 0.0113061 0.15205
0.779706 0.00787046 0.00863535 0.203788
0.92584 9.9982E-05 0.0739605 9.9982E-05
0.859265 9.9991E-05 0.0648946 0.0757404
0.741295 9.9991E-05 0.014206 0.244399
0.767282 9.9982E-05 9.9982E-05 0.232518
0.599514 0.220255 0.0857397 0.0944914
0.512374 0.189507 0.0132458 0.284873
0.230509 0.153744 0.120852 0.494896
0.464639 0.261355 0.0248834 0.249123
9.999E-05 0.08252 0.0828962 0.834484
0.506232 0.194181 0.0629286 0.236658
0.720671 0.193845 0.085384 9.9991E-05
0.674807 9.9982E-05 9.9982E-05 0.324993
0.68791 0.238941 0.00179908 0.0713496
0.932987 0.0448762 0.01254 0.00959643
0.0653275 0.558429 0.106555 0.269689
0.12174 0.683785 9.9991E-05 0.194376
0.311117 0.664247 0.00917965 0.0154565
0.0539879 0.849343 0.0167608 0.0799081
9.9991E-05 0.921721 0.0339919 0.0441871
0.129277 0.802688 0.0679355 9.9991E-05
0.267289 0.671637 9.9991E-05 0.0609746
0.0520094 0.947791 9.9982E-05 9.9982E-05
9.9991E-05 0.888336 0.0995179 0.0120458
9.9982E-05 0.916934 0.0828665 9.9982E-05
0.107582 0.865584 0.0267337 9.9991E-05
0.025177 0.861912 0.112811 9.9991E-05
0.0387583 0.904289 0.0562683 0.000684511
0.00561255 0.923097 0.0683214 0.0029694
0.0841188 0.880088 0.0014793 0.034314
0.482063 0.178173 9.9991E-05 0.339664
0.700487 0.238798 0.0606142 9.9991E-05
0.816563 0.0902915 0.0583613 0.0347846
0.736074 0.0243519 0.0145323 0.225042
0.558256 0.112529 0.0972168 0.231999
9.9982E-05 0.633337 0.366463 9.9982E-05
9.9991E-05 0.71451 0.0147836 0.270606
0.733462 0.123048 0.14339 9.9991E-05
0.648363 0.111216 9.9991E-05 0.240321
0.261495 0.308938 0.122975 0.306592
0.0746828 0.124865 0.147419 0.653033
9.9991E-05 0.0198334 0.0105231 0.969543
9.9991E-05 0.604093 0.37115 0.0246564
0.477157 0.237003 0.0223778 0.263462
0.342224 0.0699236 0.0919348 0.495917
0.344764 0.309509 0.0627205 0.283006
0.0410081 0.0286273 0.781955 0.14841
9.9991E-05 0.0430831 0.821007 0.13581
0.184441 9.9982E-05 0.815359 9.9982E-05
0.0142181 0.10184 0.751257 0.132685
0.0270486 0.129252 0.8436 9.9991E-05
0.0483202 0.0603137 0.891266 9.9991E-05
0.256703 9.9982E-05 0.743097 9.9982E-05
0.0245487 0.0645219 0.818963 0.0919667
9.9982E-05 0.112633 0.887167 9.9982E-05
0.111713 9.9991E-05 0.840687 0.0474997
0.106 9.9991E-05 0.616886 0.277013
9.9991E-05 0.12066 0.842139 0.0371015
0.0127377 0.0646648 0.699514 0.223083
0.0464269 9.9991E-05 0.362048 0.591425
0.168314 0.741019 0.0563995 0.034267
0.127203 0.767615 0.013984 0.0911973
0.163388 0.836413 9.9982E-05 9.9982E-05
0.0426529 0.0650135 0.712502 0.179832
0.00489885 0.0554091 0.548545 0.391147
0.0450915 0.0549391 0.763656 0.136314
9.9991E-05 0.0295166 0.719767 0.250616
0.137033 9.9982E-05 0.862767 9.9982E-05
0.175351 9.9991E-05 0.142912 0.681637
0.0868921 9.9991E-05 0.0378524 0.875155
9.9982E-05 9.9982E-05 0.091876 0.907924
9.998E-05 9.998E-05 9.998E-05 0.9997
9.9982E-05 0.103071 9.9982E-05 0.896729
9.9991E-05 0.0616373 0.0256526 0.91261
0.0979304 0.101829 0.0546975 0.745543
0.0804544 9.9991E-05 0.707306 0.212139
0.0269077 0.162844 0.490862 0.319386
9.9991E-05 0.085524 0.749386 0.16499
9.9991E-05 0.135365 0.818158 0.0463765
0.195044 9.9991E-05 0.757686 0.0471701
0.0326686 0.728288 0.0026785 0.236365
0.0538633 0.0963819 0.289048 0.560706
9.9982E-05 9.9982E-05 0.131159 0.868641
0.00979021 0.606544 0.383566 9.9991E-05
0.591234 0.154484 9.9991E-05 0.254182
0.755991 0.206252 9.9991E-05 0.0376566
0.555055 0.155048 0.0463932 0.243503
0.369497 0.240164 0.0875343 0.302804
0.803919 0.0115085 0.0791415 0.105431
9.9982E-05 9.9982E-05 0.154501 0.845299
0.0791786 0.627576 9.9991E-05 0.293146
0.0840156 9.9991E-05 0.196354 0.719531
0.254303 0.250078 0.0501914 0.445427
0.729373 0.270427 9.9982E-05 9.9982E-05
0.639519 0.0498269 9.9991E-05 0.310554
0.583973 0.0938027 9.9991E-05 0.322124
0.645827 9.9991E-05 0.0423885 0.311685
0.562334 9.9982E-05 9.9982E-05 0.437466
0.623321 0.11019 9.9991E-05 0.266389
0.124951 0.0215944 0.248506 0.604949
0.129953 0.112232 0.216619 0.541197
9.9991E-05 0.0422782 0.213255 0.744367
0.135944 0.177321 9.9991E-05 0.686635
0.219074 0.108855 0.0598799 0.612191
0.485346 0.410136 0.0781037 0.026414
0.222023 9.9982E-05 0.777777 9.9982E-05
0.00151136 0.0488815 0.768858 0.180749
0.0133483 0.13614 0.174754 0.675757
0.198517 0.141822 0.169221 0.490439
0.0471115 0.278177 0.169253 0.505458
9.9982E-05 0.740521 9.9982E-05 0.259279
9.9991E-05 0.0590359 0.680861 0.260003
0.0258044 0.0074189 0.66996 0.296816
0.0993181 9.9991E-05 0.517199 0.383383
0.339927 0.482222 0.0560569 0.121794
0.716016 0.232381 0.0103924 0.0412109
0.78067 0.0128115 0.069705 0.136814
0.833185 0.00167749 0.115038 0.0501
0.51479 0.391564 0.00880161 0.0848443
0.707373 0.166628 0.0237964 0.102202
0.827531 0.085677 0.0426726 0.0441197
0.914358 9.9982E-05 0.0854421 9.9982E-05
0.525688 0.386257 0.0433751 0.0446796
0.772605 0.0953281 0.0166155 0.115452
0.651541 0.174982 9.9991E-05 0.173377
0.7523 0.0554778 9.9991E-05 0.192122
0.487686 0.213439 0.0394351 0.25944
0.801288 0.00311848 0.0776112 0.117982
0.415002 0.20594 9.9991E-05 0.378958
0.822551 0.0316401 0.040633 0.105176
9.9982E-05 0.782313 9.9982E-05 0.217487
0.0156172 0.949527 9.9991E-05 0.0347557
0.0387525 0.94288 0.0182673 9.9991E-05
0.163034 0.70483 0.0627205 0.0694156
0.0144273 0.845885 0.0293049 0.110383
0.725037 9.9991E-05 0.0857352 0.189128
0.70527 0.11304 9.9991E-05 0.18159
9.9982E-05 9.9982E-05 0.945475 0.0543252
0.0603837 0.0695826 0.797531 0.0725023
0.0714353 9.9991E-05 0.911081 0.017384
0.00154198 0.0655325 0.688836 0.24409
9.9982E-05 9.9982E-05 0.884295 0.115505
9.9982E-05 0.176198 0.823602 9.9982E-05
0.00802408 9.9991E-05 0.900069 0.0918071
9.9991E-05 0.128919 0.791689 0.0792921
9.9991E-05 0.0118848 0.838108 0.149908
9.9991E-05 0.0584304 0.821785 0.119685
0.0656117 0.00296018 0.847454 0.0839737
9.9991E-05 0.0784643 0.756659 0.164777
0.0565069 0.0682787 0.76174 0.113475
0.0320711 0.0372782 0.873567 0.0570841
0.03378 0.000220404 0.830008 0.135991
0.0733982 9.9982E-05 0.926402 9.9982E-05
0.0290845 0.0953276 0.875488 9.9991E-05
0.0231149 9.9991E-05 0.109323 0.867462
0.0292699 9.9982E-05 9.9982E-05 0.97053
0.0239633 9.9991E-05 0.864885 0.111052
0.30093 9.9982E-05 0.69887 9.9982E-05
9.9991E-05 0.046317 0.849812 0.103771
0.134063 9.9991E-05 0.1385 0.727337
0.868938 0.0174901 0.0404907 0.073081
0.762792 0.237008 9.9982E-05 9.9982E-05
0.283112 0.406733 9.9991E-05 0.310055
0.254579 0.594162 0.0168991 0.13436
9.9982E-05 0.801083 9.9982E-05 0.198717
0.0549133 0.877811 0.0546115 0.0126639
0.0935097 0.731171 9.9991E-05 0.17522
0.103995 0.802632 9.9991E-05 0.0932733
9.9991E-05 0.761754 0.072548 0.165598
0.0732925 0.869199 0.0574082 9.9991E-05
0.781655 0.0705108 0.0105385 0.137296
0.775445 0.107734 0.107195 0.00962606
0.837674 0.0009321 0.0553584 0.106036
0.696045 9.9982E-05 9.9982E-05 0.303755
0.785582 9.9982E-05 9.9982E-05 0.214218
0.577122 9.9982E-05 9.9982E-05 0.422678
0.53473 0.196754 9.9991E-05 0.268416
0.54953 0.229845 0.0452782 0.175347
0.621659 0.121934 9.9991E-05 0.256308
0.651288 0.132165 9.9991E-05 0.216447
0.629921 0.184731 0.048705 0.136643
0.0668149 0.728507 0.118123 0.0865547
9.9991E-05 0.0317206 0.752277 0.215902
9.9991E-05 0.0604632 0.799661 0.139775
9.9982E-05 9.9982E-05 0.827967 0.171833
0.0567208 0.0790517 0.706705 0.157523
0.074141 0.107763 0.817996 9.9991E-05
0.434138 0.284077 0.128818 0.152967
0.565843 0.299053 0.0295191 0.105585
0.830468 0.132056 0.0373768 9.9991E-05
0.357848 0.255931 9.9991E-05 0.386121
