0.0188595 9.9991E-05 0.181968 0.142322 0.656751
0.0206702 9.9991E-05 0.188802 0.0948164 0.695612
0.0276239 0.0746897 9.9991E-05 0.251263 0.646323
0.0163134 0.0531083 0.130298 0.052566 0.747714
9.9982E-05 0.0822662 9.9982E-05 0.0112056 0.906328
9.9982E-05 0.088631 0.10268 9.9982E-05 0.808489
9.9991E-05 0.0200566 0.261451 0.0729725 0.64542
0.0436183 9.9982E-05 0.2139 9.9982E-05 0.742281
0.00664761 0.0890316 0.109345 0.196617 0.598359
0.0341324 9.9991E-05 0.335382 0.20718 0.423205
0.0572704 0.0755284 0.542736 0.0407478 0.283717
0.0327209 0.00512116 0.345884 0.2784 0.337873
0.0334043 0.079148 0.8039 0.0834474 9.9991E-05
9.999E-05 0.0185137 0.489606 0.215161 0.276619
0.0546733 0.0740077 0.00522094 0.186461 0.679637
0.0101967 9.9991E-05 0.253143 0.059593 0.676967
9.999E-05 0.00566477 0.148725 0.243465 0.602045
0.0246051 9.9991E-05 0.0940025 0.0839791 0.797313
0.0665288 0.116886 0.184218 0.520958 0.111409
9.9982E-05 9.9982E-05 0.155595 0.705765 0.13844
0.0112997 0.00119343 0.0474942 0.651874 0.288138
0.0182736 0.0242918 0.130826 0.796615 0.029993
0.0608454 9.9982E-05 0.0648124 0.874142 9.9982E-05
0.0269737 0.0181716 0.0479749 0.799058 0.107822
9.9982E-05 9.9982E-05 0.132658 0.657205 0.209937
0.00169794 9.9982E-05 9.9982E-05 0.9299 0.0682021
0.0380812 0.0700543 9.9982E-05 0.891665 9.9982E-05
0.00609398 0.0652934 0.0822249 0.846288 9.9991E-05
9.9982E-05 0.0210257 9.9982E-05 0.880446 0.0983283
9.9982E-05 0.107362 9.9982E-05 0.781636 0.110802
0.00053212 0.0131905 0.122305 0.863872 9.9991E-05
0.028219 0.067449 9.9991E-05 0.831986 0.0722456
0.0441547 9.9982E-05 0.110643 0.845002 9.9982E-05
0.0738033 9.9991E-05 0.317583 0.211163 0.39735
0.00116316 0.0373566 0.0258222 0.311839 0.623819
9.9991E-05 0.113717 0.014886 0.149911 0.721386
0.0342562 0.0217191 0.192664 0.0455359 0.705824
0.011269 0.0961779 0.284571 0.125691 0.482291
0.9996 9.997E-05 9.997E-05 9.997E-05 9.997E-05
0.0352856 0.007562 0.138615 0.818438 9.9991E-05
9.9982E-05 0.133231 9.9982E-05 0.170084 0.696485
9.9982E-05 9.9982E-05 0.259357 0.19185 0.548593
9.9991E-05 0.101208 0.353502 0.259362 0.285828
0.0470879 0.140626 0.658734 0.0864211 0.0671307
0.00760064 0.0572172 0.902556 0.0232459 0.00938068
0.9996 9.997E-05 9.997E-05 9.997E-05 9.997E-05
0.0729645 0.0290396 0.372385 0.18777 0.337842
9.9991E-05 0.135308 0.463062 0.146484 0.255046
0.0435212 0.0559602 0.252392 0.332248 0.315878
0.0323212 0.728771 0.197848 0.0409599 9.9991E-05
0.0419041 0.783499 0.153949 0.0205484 9.9991E-05
9.9982E-05 0.815874 9.9982E-05 0.0196966 0.164229
0.0681607 0.678552 0.237983 9.9991E-05 0.0152043
0.0537191 0.830267 9.9991E-05 0.0729091 0.0430049
0.00397709 0.839119 9.9991E-05 0.138064 0.0187399
9.9982E-05 0.722394 0.0860883 9.9982E-05 0.191318
0.00833323 0.77852 0.116509 0.0965383 9.9991E-05
0.0487438 0.851789 9.9982E-05 0.099267 9.9982E-05
0.0564219 0.788047 0.0247807 9.9991E-05 0.13065
0.0315449 0.609196 0.274265 9.9991E-05 0.0848938
9.9982E-05 0.821889 0.0479819 0.129929 9.9982E-05
9.9991E-05 0.699321 0.148844 0.0572547 0.09448
0.0820013 0.331101 0.557796 0.0290013 9.9991E-05
0.0370824 0.057332 0.0499949 0.751869 0.103722
0.0377252 0.0089749 0.0708012 0.763636 0.118862
0.030578 9.9982E-05 9.9982E-05 0.802664 0.166558
0.0217953 0.709613 0.16749 0.0271538 0.0739479
0.0730224 0.552139 0.304422 0.0207805 0.0496357
0.0197605 0.726763 0.126281 0.0482727 0.0789227
0.0336421 0.705716 0.260442 9.9982E-05 9.9982E-05
0.0520047 0.838782 9.9991E-05 0.00933542 0.0997774
0.0175352 0.150464 0.654549 9.9991E-05 0.177352
0.020317 0.0760756 0.858296 9.9991E-05 0.0452116
9.9982E-05 0.129677 0.848489 0.021634 9.9982E-05
0.011025 0.0118223 0.976953 9.9982E-05 9.9982E-05
0.0468199 0.0185907 0.857489 0.0770008 9.9991E-05
0.0357249 0.0706239 0.88628 0.0072716 9.9991E-05
0.0290519 0.0414065 0.854528 0.0704712 0.00454254
9.9973E-05 0.589257 0.410443 9.9973E-05 9.9973E-05
0.128199 0.411015 0.382615 0.0737847 0.00438571
0.0205466 0.738085 0.166611 0.0746575 9.9991E-05
0.0613769 0.743857 0.101388 0.0932779 9.9991E-05
0.0329966 0.728701 0.0689323 9.9991E-05 0.16927
0.0111783 0.0299525 0.232005 0.713372 0.0134917
9.9991E-05 0.355653 0.474124 0.14671 0.0234131
9.9973E-05 0.174221 0.825479 9.9973E-05 9.9973E-05
0.9996 9.997E-05 9.997E-05 9.997E-05 9.997E-05
9.9982E-05 9.9982E-05 0.208916 0.206455 0.584429
0.0408745 9.9991E-05 0.0472253 0.108787 0.803013
0.0388527 0.0177564 0.253498 0.166626 0.523266
0.0413701 0.0650231 0.337163 0.298313 0.258131
0.00548211 0.08125 0.0951511 0.051602 0.766515
9.9982E-05 0.179139 0.797251 0.0234102 9.9982E-05
0.0504403 0.0230186 0.164356 0.615862 0.146322
0.0854339 0.268564 0.601433 9.9991E-05 0.0444691
0.0349118 0.0708164 0.388741 0.329373 0.176159
0.0107512 9.9991E-05 0.107315 0.244464 0.63737
9.9982E-05 9.9982E-05 0.323185 0.0610373 0.615577
9.9982E-05 9.9982E-05 0.406603 0.162409 0.430788
0.00658132 9.9991E-05 0.534965 0.0676151 0.390738
0.013456 9.9991E-05 0.384472 0.0654717 0.5365
0.0108036 9.9991E-05 0.436181 0.118757 0.434158
0.0393275 0.291197 0.566911 0.0717198 0.0308453
0.0987021 0.144565 0.680574 0.0588052 0.0173538
0.0846252 0.205241 0.675738 9.9991E-05 0.0342961
0.000579536 9.9991E-05 0.709585 0.172074 0.117662
9.9991E-05 0.106327 0.494437 0.169146 0.22999
9.9991E-05 0.0926224 0.0821067 0.387648 0.437523
0.00765486 0.779626 9.9991E-05 0.0519994 0.16062
0.0456928 0.717783 0.178892 0.0256621 0.03197
9.9991E-05 0.212119 0.627034 0.13768 0.0230674
0.0258708 0.161949 0.584976 0.135454 0.0917501
0.0660444 0.17106 0.415672 0.296495 0.0507286
9.9973E-05 9.9973E-05 0.278441 0.721259 9.9973E-05
0.0403336 0.690058 0.202451 0.0670573 9.9991E-05
9.9991E-05 0.691626 0.289102 0.00784168 0.0113307
9.9982E-05 0.504768 0.40776 9.9982E-05 0.0872721
0.0492614 0.0571398 0.116054 0.44365 0.333895
0.00693127 0.0338737 9.9991E-05 0.299168 0.659927
0.0228014 0.043829 0.200822 9.9991E-05 0.732448
9.9991E-05 0.124396 0.0412156 0.0472017 0.787086
9.9991E-05 0.0169865 0.00191217 0.406346 0.574656
0.0144342 0.0451177 0.0676471 0.151652 0.721149
9.9991E-05 0.0461157 0.00533782 0.0661492 0.882297
9.9973E-05 0.0925676 9.9973E-05 9.9973E-05 0.907132
9.9991E-05 0.0498122 0.14591 0.383216 0.420963
0.0106015 9.9991E-05 0.339265 0.115917 0.534116
0.0197063 9.9991E-05 0.326287 0.181535 0.472372
0.0278502 9.9991E-05 0.307113 0.117982 0.546954
0.0112024 0.09318 0.181799 0.239734 0.474084
0.0363336 0.0104326 0.313984 0.0148452 0.624405
9.9982E-05 9.9982E-05 0.506767 0.234969 0.258064
0.0195288 0.0457033 0.141966 0.0636027 0.7292
9.9973E-05 9.9973E-05 0.211654 0.788046 9.9973E-05
9.9982E-05 9.9982E-05 0.0492782 0.900838 0.0496837
0.0397401 9.9982E-05 9.9982E-05 0.903045 0.057015
0.0103302 0.114493 9.9991E-05 0.764132 0.110945
0.020872 0.0761728 0.0507803 0.852075 9.9991E-05
0.0132789 0.0877376 0.305437 9.9991E-05 0.593446
0.0206334 9.9991E-05 0.194218 0.162776 0.622272
0.00113581 0.909661 0.0890036 9.9982E-05 9.9982E-05
0.0299222 0.761059 0.180327 0.020772 0.0079192
0.0113859 0.874877 9.9982E-05 9.9982E-05 0.113537
9.9991E-05 0.645333 0.309624 0.022455 0.0224878
0.0377341 0.852885 9.9982E-05 9.9982E-05 0.109181
0.026262 0.769691 0.0370267 0.16692 9.9991E-05
0.0102841 0.873297 0.0563405 9.9991E-05 0.0599782
0.00752863 0.853617 0.0129293 0.125825 9.9991E-05
0.00375071 0.856805 9.9991E-05 0.116939 0.0224049
0.0178306 0.854025 9.9991E-05 0.112125 0.0159191
0.0447465 0.775319 0.178877 9.9991E-05 0.000957138
0.0517102 0.736946 0.114016 0.0309838 0.0663439
0.00832199 0.791374 9.9991E-05 0.0408377 0.159366
0.0267133 0.856476 9.9991E-05 0.0610283 0.0556821
0.00697448 0.801479 0.160154 9.9991E-05 0.0312921
0.0201851 0.848399 9.9982E-05 9.9982E-05 0.131216
0.00574747 0.867098 0.0171824 0.0664701 0.0435016
9.9991E-05 0.181915 0.708838 0.0740571 0.0350898
0.00636162 9.9991E-05 0.868064 0.0516525 0.0738217
9.9982E-05 0.82018 0.124401 9.9982E-05 0.0552194
0.0193011 0.695516 0.0696615 0.0205626 0.194959
0.0145535 0.836941 0.115774 0.0326307 9.9991E-05
9.9982E-05 0.168588 0.667698 9.9982E-05 0.163514
9.9982E-05 0.0445901 0.0356001 9.9982E-05 0.91961
0.0548445 9.9991E-05 0.0319586 0.207464 0.705633
9.9991E-05 0.0506845 0.131424 0.480883 0.336908
0.0103165 9.9991E-05 0.138221 0.615186 0.236176
9.9982E-05 9.9982E-05 0.183984 0.797108 0.0187087
9.9991E-05 0.00980227 0.117363 0.833039 0.0396956
0.011629 9.9991E-05 0.0379708 0.787118 0.163183
0.0314606 9.9991E-05 0.188099 0.712513 0.067827
0.0445691 0.0770181 0.104213 0.7741 9.9991E-05
0.0367798 0.0820183 9.9991E-05 0.735306 0.145796
0.0101825 0.0731501 0.0295954 0.102151 0.784921
0.0525306 0.101999 0.0249915 0.0858379 0.734641
0.053941 0.0108388 0.212597 9.9991E-05 0.722523
9.99731E-05 9.99731E-05 0.33262 9.99731E-05 0.66708
0.0270554 9.9982E-05 0.26839 9.9982E-05 0.704355
9.9973E-05 9.9973E-05 0.50513 9.9973E-05 0.49457
0.0352534 9.9991E-05 0.351714 0.183154 0.429779
0.0307518 9.9991E-05 0.417367 0.195042 0.356739
0.0495285 9.9991E-05 0.371745 0.13057 0.448057
0.0169536 0.0280233 0.318776 0.188329 0.447918
0.0202995 0.0259897 0.319522 0.136377 0.497812
0.153937 0.0168289 0.0843441 0.74479 9.9991E-05
0.0249821 0.793265 0.130052 0.0163205 0.0353804
0.0416409 0.751643 0.0980192 0.108597 9.9991E-05
0.000249254 0.833369 0.166182 9.9982E-05 9.9982E-05
0.0147012 0.686415 0.135979 0.0539824 0.108923
0.0208966 0.785226 9.9991E-05 0.0512327 0.142545
0.0390719 0.115277 0.225953 0.21759 0.402108
0.0241212 9.9991E-05 0.242891 0.299044 0.433843
0.0755576 9.9991E-05 0.229987 0.111593 0.582763
0.0497145 9.9991E-05 0.251482 0.2646 0.434104
