0.01312 0.0726656 0.274428 9.9982E-05 9.9982E-05 0.639586
9.9982E-05 0.0674963 9.9982E-05 0.0127157 0.158421 0.761167
0.0140365 0.0275275 0.394366 0.0249723 9.9991E-05 0.538998
9.9973E-05 0.175842 0.18027 9.9973E-05 9.9973E-05 0.643588
0.0609529 9.9982E-05 0.0859258 0.00183574 9.9982E-05 0.851086
0.054908 0.115251 9.9991E-05 0.0201007 0.00978579 0.799855
9.9982E-05 0.176854 0.162471 9.9982E-05 0.0744921 0.585982
9.9982E-05 0.179979 9.9982E-05 0.02114 0.0650789 0.733603
0.0896949 9.9982E-05 9.9982E-05 0.000460796 0.298939 0.610706
0.0190299 0.137047 0.245828 0.0152402 0.122909 0.459946
0.00357035 0.556409 9.9991E-05 0.075629 0.149363 0.214928
0.0392379 0.111853 0.379982 0.00780742 0.0224864 0.438633
0.0327996 0.782212 9.9991E-05 0.0601949 0.108651 0.016042
0.0620764 0.17897 0.129148 9.9991E-05 0.163328 0.466377
0.0572736 9.9991E-05 0.258327 0.0442582 0.0681909 0.57185
9.9982E-05 0.19643 9.9982E-05 0.000756989 0.229143 0.573469
0.0260531 9.9982E-05 0.170439 9.9982E-05 0.15117 0.652138
9.9973E-05 9.9973E-05 9.9973E-05 0.0393616 0.152417 0.807921
0.104349 0.162747 0.244424 0.0661714 0.412473 0.00983597
9.9973E-05 0.122355 0.593615 9.9973E-05 0.28373 9.9973E-05
9.999E-05 0.0636344 0.149741 0.0137653 0.663011 0.109749
9.9973E-05 0.116631 0.288462 9.9973E-05 0.594607 9.9973E-05
9.9973E-05 0.0269864 9.9973E-05 0.0368957 0.935818 9.9973E-05
0.026074 9.9991E-05 0.0418668 0.0525506 0.771365 0.108044
9.9982E-05 0.103242 0.228394 9.9982E-05 0.538919 0.129244
9.9973E-05 9.9973E-05 0.463268 0.00897601 0.527456 9.9973E-05
9.9973E-05 9.9973E-05 0.644346 0.0276685 0.327685 9.9973E-05
0.0401464 9.9973E-05 9.9973E-05 0.0211837 0.93837 9.9973E-05
9.9964E-05 9.9964E-05 0.629355 9.9964E-05 0.370245 9.9964E-05
0.076756 9.9973E-05 0.0683719 9.9973E-05 0.854572 9.9973E-05
0.0194031 9.9973E-05 0.246435 9.9973E-05 0.733862 9.9973E-05
0.0106004 9.9991E-05 0.128733 0.0353408 0.790087 0.0351388
9.9964E-05 9.9964E-05 9.9964E-05 0.0379439 0.961656 9.9964E-05
9.9982E-05 0.209888 0.274945 0.0611759 9.9982E-05 0.453791
0.0293 0.00677277 0.172253 0.00252468 0.168739 0.620411
0.0596109 0.0474411 0.356416 9.9982E-05 9.9982E-05 0.536332
9.9982E-05 0.171667 0.212282 0.0278329 9.9982E-05 0.588018
0.0525646 0.276422 0.0454869 0.0149642 0.214552 0.39601
9.996E-05 9.996E-05 9.996E-05 0.9995 9.996E-05 9.996E-05
9.9982E-05 0.108548 0.529732 0.0237494 0.337771 9.9982E-05
0.101192 9.9991E-05 0.129038 0.000350026 0.130837 0.638482
9.9982E-05 0.149539 0.222551 9.9982E-05 0.125507 0.502202
0.158697 0.137899 9.9991E-05 0.00333779 0.439228 0.260738
0.118977 0.580806 0.147747 0.0368703 0.0742273 0.0413735
9.9973E-05 0.882543 0.103744 0.0134129 9.9973E-05 9.9973E-05
9.996E-05 9.996E-05 9.996E-05 0.9995 9.996E-05 9.996E-05
9.9982E-05 0.19395 0.311914 0.0678309 9.9982E-05 0.426105
0.0774771 0.462612 9.9982E-05 9.9982E-05 0.183331 0.27638
0.11941 0.095755 0.363702 0.0257484 0.076784 0.318601
0.720795 0.142951 0.0185523 0.0325505 0.0238165 0.0613341
0.767061 0.135459 9.9982E-05 0.0154597 0.08182 9.9982E-05
0.765969 9.9982E-05 0.0441183 9.9982E-05 0.0158269 0.173885
0.660194 0.239515 0.0403466 0.0597443 9.9982E-05 9.9982E-05
0.776451 9.9973E-05 0.167033 0.0562165 9.9973E-05 9.9973E-05
0.824782 9.9982E-05 0.0795651 9.9982E-05 0.0305374 0.0649155
0.692475 9.9964E-05 9.9964E-05 9.9964E-05 9.9964E-05 0.307125
0.789911 0.0504638 9.9982E-05 0.0156081 0.143817 9.9982E-05
0.815422 9.9973E-05 9.9973E-05 0.0395388 0.144739 9.9973E-05
0.763338 0.00992658 9.9991E-05 0.0586439 0.0405449 0.127447
0.580756 0.303238 0.0235256 0.0375897 9.9991E-05 0.054791
0.810392 9.9964E-05 9.9964E-05 9.9964E-05 0.189208 9.9964E-05
0.683948 0.139067 0.153445 9.9982E-05 9.9982E-05 0.0233397
0.300295 0.526406 0.0550042 0.0744312 0.0437634 9.9991E-05
0.0577673 9.9991E-05 0.00247967 0.0204265 0.784269 0.134957
9.9982E-05 9.9982E-05 0.500291 0.0290596 0.390968 0.0794813
9.9973E-05 9.9973E-05 0.275116 9.9973E-05 0.653463 0.0711215
0.667518 0.184677 0.104536 9.9982E-05 9.9982E-05 0.0430692
0.447067 0.412978 0.0760772 0.0636778 9.9982E-05 9.9982E-05
0.725149 0.0941225 0.0509818 0.00744899 0.0680808 0.0542167
0.624476 0.210545 0.0979079 0.0668713 9.9982E-05 9.9982E-05
0.814417 9.9982E-05 0.117985 0.0430385 9.9982E-05 0.0243601
0.137972 0.63023 9.9982E-05 0.0144493 9.9982E-05 0.217149
0.0801312 0.697889 0.0112448 0.00802911 0.0579647 0.144741
0.100401 0.779601 0.0915983 9.9982E-05 9.9982E-05 0.0281999
9.9964E-05 0.965482 9.9964E-05 0.0341185 9.9964E-05 9.9964E-05
9.9973E-05 0.811315 9.9973E-05 0.0218446 0.16654 9.9973E-05
9.9973E-05 0.846747 0.116518 0.0364355 9.9973E-05 9.9973E-05
0.0276177 0.749219 0.0189119 0.0127627 0.134716 0.056772
0.629291 0.31956 9.99731E-05 9.99731E-05 9.99731E-05 0.0508489
0.433329 0.25027 0.100528 0.13776 9.9991E-05 0.0780135
0.661681 0.14234 0.0923041 0.0196629 0.0839123 9.9991E-05
0.693912 0.0409072 0.213398 0.0515833 9.9982E-05 9.9982E-05
0.705577 0.0279607 0.14927 0.0272897 9.9991E-05 0.0898022
9.9973E-05 0.0165838 0.961004 0.0221123 9.9973E-05 9.9973E-05
0.254755 0.448312 9.9982E-05 9.9982E-05 0.243716 0.053017
0.0864751 0.883584 9.9973E-05 9.9973E-05 0.029641 9.9973E-05
9.996E-05 9.996E-05 9.996E-05 0.9995 9.996E-05 9.996E-05
9.9982E-05 0.174169 0.103769 9.9982E-05 0.132566 0.589296
9.9991E-05 0.0329501 0.232723 0.0232158 0.0764579 0.634553
9.9991E-05 0.179991 0.0162705 0.0597033 0.228899 0.515036
0.103495 0.184764 0.173345 0.0344283 0.191461 0.312507
0.0627996 0.0227717 0.197359 9.9982E-05 9.9982E-05 0.71687
0.143784 0.823511 9.9973E-05 9.9973E-05 0.0324048 9.9973E-05
9.9991E-05 0.171212 0.561157 0.00940069 0.238937 0.0191939
0.21867 0.52354 0.103909 0.0638988 9.9991E-05 0.0898826
0.0561146 0.339979 0.0578814 0.0398147 0.289831 0.216379
9.9982E-05 9.9982E-05 0.0457375 0.00494232 0.259919 0.689202
9.9973E-05 0.329306 9.9973E-05 9.9973E-05 0.170683 0.499711
9.9982E-05 0.186005 0.0599355 9.9982E-05 0.166178 0.587681
0.0459743 0.176522 0.11506 0.030643 0.0501119 0.581688
9.9991E-05 0.477696 0.0514736 0.00304628 0.0235422 0.444142
9.9982E-05 0.153809 0.158928 9.9982E-05 0.030665 0.656398
0.183519 0.618403 0.171629 0.0262491 9.9982E-05 9.9982E-05
0.112299 0.425798 0.410135 0.0432149 9.9991E-05 0.00845335
0.213557 0.60384 0.00547658 0.086798 0.0564922 0.0338365
9.9991E-05 0.604785 0.0183562 0.00364082 0.259472 0.113646
0.0902589 0.454737 0.0766015 9.9991E-05 0.161438 0.216865
0.0498856 9.9982E-05 0.224098 9.9982E-05 0.365608 0.360209
0.749877 9.9982E-05 0.0133082 9.9982E-05 0.0817596 0.154855
0.725326 0.102034 0.0855469 0.0221454 9.9991E-05 0.0648478
0.154868 0.538572 0.26903 0.00833372 9.9991E-05 0.0290959
0.183503 0.406659 0.0240844 0.047628 0.158263 0.179863
0.176288 0.403102 9.9982E-05 0.0615082 0.358902 9.9982E-05
9.9973E-05 0.237508 0.342084 9.9973E-05 0.420108 9.9973E-05
0.656274 0.209502 0.078261 0.055763 9.9982E-05 9.9982E-05
0.643437 0.205362 9.9973E-05 9.9973E-05 0.150901 9.9973E-05
0.492686 0.366119 9.9973E-05 9.9973E-05 9.9973E-05 0.140894
0.0189027 0.0612297 0.643947 0.0475755 0.0307368 0.197608
0.0397095 9.9982E-05 0.445071 0.00348587 9.9982E-05 0.511533
0.0466245 0.0921575 9.9991E-05 0.0124676 0.187847 0.660803
0.103093 0.00252115 0.211557 9.9982E-05 9.9982E-05 0.682628
9.9973E-05 9.9973E-05 0.580844 9.9973E-05 0.0634764 0.35538
0.00776107 0.0620581 9.9982E-05 9.9982E-05 0.295536 0.634444
0.0325616 9.9973E-05 9.9973E-05 9.9973E-05 0.181829 0.785309
0.0638239 9.9982E-05 9.9982E-05 0.00185081 0.0464694 0.887656
9.9973E-05 0.161971 9.9973E-05 9.9973E-05 0.472692 0.365037
9.9973E-05 0.122885 0.181852 9.9973E-05 9.9973E-05 0.694962
9.9982E-05 0.127693 9.9982E-05 0.043902 0.308285 0.519919
9.9991E-05 0.123435 0.0183904 0.0333259 0.152308 0.672441
0.091589 9.9973E-05 0.512862 9.9973E-05 9.9973E-05 0.395249
0.0445996 0.0797693 0.0128197 0.0458174 0.136586 0.680408
0.00289063 0.178475 0.384003 0.0121126 0.0186476 0.403872
0.023453 0.0737261 0.168231 9.9991E-05 0.00141882 0.733071
9.9973E-05 0.101231 0.263369 9.9973E-05 0.6351 9.9973E-05
9.9964E-05 9.9964E-05 0.528145 9.9964E-05 0.471456 9.9964E-05
9.9973E-05 9.9973E-05 0.110262 0.0347944 0.854643 9.9973E-05
0.0754582 9.99978E-05 0.15225 0.0118724 0.706325 0.0539949
0.0358419 0.0414037 0.269366 0.0223322 0.630956 9.9991E-05
0.0654983 0.232722 0.0186826 0.0232703 0.0148508 0.644976
9.9991E-05 0.175261 0.0138127 0.0158048 0.218964 0.576058
0.918199 0.0814013 9.9964E-05 9.9964E-05 9.9964E-05 9.9964E-05
0.796593 0.00526489 9.9991E-05 0.033751 0.100832 0.0634585
0.836 9.9982E-05 9.9982E-05 0.00296362 0.0887283 0.0721081
0.581899 0.281793 0.122082 0.00103908 9.9991E-05 0.0130861
0.819706 9.9973E-05 0.17089 0.00910454 9.9973E-05 9.9973E-05
0.7772 9.9973E-05 9.9973E-05 0.00414617 0.218354 9.9973E-05
0.878043 0.0166007 0.0327694 0.0253323 9.9991E-05 0.0471546
0.772646 0.0260508 0.191836 0.00926822 9.9982E-05 9.9982E-05
0.758584 0.0230775 0.218038 9.9973E-05 9.9973E-05 9.9973E-05
0.80819 0.00457716 9.9982E-05 9.9982E-05 0.150117 0.0369165
0.751409 0.160039 9.9991E-05 0.0397824 0.0230952 0.0255748
0.754819 9.9991E-05 0.0227383 0.0382275 0.0571438 0.126972
0.771483 9.9991E-05 0.0328008 0.0338926 0.0571743 0.104549
0.861676 9.9964E-05 9.9964E-05 9.9964E-05 0.137924 9.9964E-05
0.776391 0.132658 0.00295964 0.0108339 0.0668047 0.0103531
0.852638 9.9973E-05 9.9973E-05 0.0108212 9.9973E-05 0.136241
0.803986 0.0925561 0.0329352 0.00202173 0.0684007 9.9991E-05
0.142616 0.73548 0.0137341 9.9991E-05 0.0932516 0.0148181
9.9973E-05 0.856142 0.123036 9.9973E-05 9.9973E-05 0.0205217
0.746172 0.238507 9.9973E-05 9.9973E-05 9.9973E-05 0.0150218
0.674205 0.00423737 9.9991E-05 0.0135107 0.0247293 0.283217
0.798037 0.123588 9.9973E-05 9.9973E-05 0.0780747 9.9973E-05
0.109578 0.681038 9.9982E-05 9.9982E-05 0.0214076 0.187776
0.00739996 0.0348953 0.165006 9.9982E-05 9.9982E-05 0.792499
9.9973E-05 9.9973E-05 0.406364 0.026725 9.9973E-05 0.566611
0.0282222 0.188919 0.158723 9.9991E-05 0.410978 0.213058
9.9982E-05 0.0659274 0.299963 9.9982E-05 0.460674 0.173236
9.996E-05 9.996E-05 0.9995 9.996E-05 9.996E-05 9.996E-05
0.0170159 9.9973E-05 0.634025 9.9973E-05 0.348659 9.9973E-05
9.9964E-05 9.9964E-05 0.981113 9.9964E-05 9.9964E-05 0.0184873
9.9982E-05 9.9982E-05 0.718581 0.0139733 0.238025 0.0292209
0.07548 0.0159035 0.550124 0.0348076 0.323585 9.9991E-05
0.0541673 9.9991E-05 0.244016 0.0340973 0.600974 0.0666458
0.0038287 0.0496209 0.290496 0.000626832 9.9991E-05 0.655328
0.0320132 0.0668919 0.217946 0.0489823 9.9991E-05 0.634067
0.0381697 0.235513 9.9991E-05 0.031482 0.0294155 0.66532
9.99641E-05 0.43284 9.99641E-05 9.99641E-05 9.99641E-05 0.56676
9.9982E-05 0.323334 9.9982E-05 0.00684284 0.0458597 0.623764
9.9982E-05 0.362775 9.9982E-05 0.00787997 0.0480813 0.581064
9.9973E-05 0.0813128 0.469481 9.9973E-05 9.9973E-05 0.448907
0.0421522 0.280771 0.0851631 0.0133335 0.165 0.413581
0.0187847 0.11728 9.9991E-05 0.0569415 0.165865 0.641028
0.010112 0.203345 0.267905 9.9991E-05 0.0530713 0.465467
0.0292554 0.133822 0.245159 0.0292815 9.9991E-05 0.562383
0.0281738 9.9973E-05 0.82368 0.147847 9.9973E-05 9.9973E-05
0.725606 0.0631688 9.9991E-05 0.025255 0.108956 0.0769137
0.719755 0.13832 9.9982E-05 0.0658333 0.0758923 9.9982E-05
0.771377 0.15049 0.0239461 0.00781065 0.0462763 9.9991E-05
0.670002 0.138864 9.9991E-05 0.0101193 0.0573079 0.123607
0.762271 9.9982E-05 0.220337 0.0159829 9.9982E-05 0.00120918
0.0942714 0.134489 0.0101892 0.0225411 0.353053 0.385456
0.0184275 0.0829871 0.208337 0.00947657 0.184171 0.496601
9.9973E-05 9.9973E-05 0.278637 0.058429 9.9973E-05 0.662634
9.9991E-05 0.165169 0.0779956 0.0544206 0.290386 0.411929
