0.0103095 0.685095 0.149422 0.121433 0.0337409
0.0532098 0.812477 0.0331591 0.0848311 0.0163231
0.0182985 0.604908 0.169769 0.206925 9.9991E-05
0.00128043 0.757805 0.153865 0.0610067 0.0260433
9.9982E-05 0.880277 9.9982E-05 0.0186512 0.100872
9.9982E-05 0.872142 0.0609124 9.9982E-05 0.0667459
9.9991E-05 0.738527 0.233712 0.0175024 0.0101586
0.0229987 0.830331 0.146471 9.9982E-05 9.9982E-05
0.013566 0.723896 9.9991E-05 0.170649 0.0917889
0.027785 0.44692 0.256667 0.268528 9.9991E-05
0.0678847 0.296616 0.521051 0.0637896 0.050659
0.025671 0.440117 0.302149 0.224562 0.0075012
0.0542263 0.0781283 0.806757 0.0154416 0.0454468
9.999E-05 0.539933 0.229467 0.162011 0.0684889
0.0375004 0.71979 9.9991E-05 0.159588 0.0830225
0.0139002 0.694136 0.140905 0.150959 9.9991E-05
9.999E-05 0.677785 0.0453644 0.237523 0.0392271
0.00557696 0.895344 0.00532427 0.0936545 9.9991E-05
0.0707184 0.079729 0.19794 0.55355 0.0980634
9.999E-05 0.136556 0.140463 0.709053 0.0138272
0.0297619 0.219532 9.9991E-05 0.709317 0.0412887
0.00616602 9.9991E-05 0.118908 0.813405 0.0614218
0.0479538 9.9991E-05 0.062262 0.868111 0.0215735
0.0443475 0.197848 9.9991E-05 0.737594 0.0201108
9.9982E-05 0.197027 0.109078 0.693695 9.9982E-05
0.0218243 9.9982E-05 0.0250965 0.952879 9.9982E-05
0.0428028 9.9982E-05 9.9982E-05 0.905325 0.0516719
0.0261608 0.017621 0.00805188 0.871371 0.0767956
9.9982E-05 0.0186302 9.9982E-05 0.951667 0.0295028
0.0119398 0.0675661 9.9991E-05 0.839271 0.0811232
0.00940944 0.0171914 9.9991E-05 0.899266 0.0740329
0.0237923 0.0705875 0.0157706 0.856273 0.0335767
0.0671406 0.0929655 9.9982E-05 0.839694 9.9982E-05
0.072069 0.44883 0.29373 0.185271 9.9991E-05
9.9982E-05 0.705208 9.9982E-05 0.228879 0.0657127
9.9991E-05 0.645987 0.132257 0.15036 0.0712959
0.0335495 0.662012 0.235607 0.0687322 9.9991E-05
9.9991E-05 0.553939 0.254339 0.115608 0.0760141
0.9996 9.997E-05 9.997E-05 9.997E-05 9.997E-05
0.0205565 9.9982E-05 0.225407 0.753836 9.9982E-05
9.9982E-05 0.706186 9.9982E-05 0.165264 0.12835
9.9982E-05 0.635041 0.201119 0.16364 9.9982E-05
0.0138545 0.384231 0.265344 0.24932 0.0872504
0.0438333 0.161348 0.594843 0.0540413 0.145934
0.022708 0.0159406 0.945938 0.00151055 0.0139025
0.9996 9.997E-05 9.997E-05 9.997E-05 9.997E-05
0.0741672 0.388291 0.29248 0.244962 9.9991E-05
9.9991E-05 0.282033 0.525206 0.113676 0.0789854
0.0512794 0.394845 0.0762755 0.334253 0.143348
0.0299381 9.9982E-05 0.251935 9.9982E-05 0.717927
0.0303917 9.9991E-05 0.201578 0.0129832 0.754947
9.9973E-05 0.17634 9.9973E-05 9.9973E-05 0.82336
0.0385879 0.00631776 0.254118 0.016677 0.684299
0.0667854 0.0229554 9.9991E-05 0.0733924 0.836767
9.9982E-05 0.0784972 9.9982E-05 0.0695288 0.851774
9.9973E-05 0.266584 9.9973E-05 9.9973E-05 0.733116
0.0148836 0.120658 9.9991E-05 0.0462556 0.818103
0.0606228 9.9982E-05 9.9982E-05 0.0892425 0.849935
0.0576073 0.0555865 0.0919491 9.9991E-05 0.794757
0.0363576 0.134114 0.235605 9.9991E-05 0.593823
9.9982E-05 9.9982E-05 0.0141627 0.105318 0.88032
9.9991E-05 0.0132843 0.230994 0.0827509 0.672871
0.0682551 9.9982E-05 0.627504 9.9982E-05 0.304041
0.0226104 0.0798907 0.0320336 0.791514 0.0739513
0.0398336 0.124358 0.0118831 0.790296 0.0336289
0.0187182 0.111979 9.9982E-05 0.869103 9.9982E-05
0.0263822 0.0802423 0.236855 0.0165723 0.639948
0.0762172 9.9982E-05 0.460288 9.9982E-05 0.463295
0.0136848 0.0632946 0.109699 0.084235 0.729086
0.0544205 9.9982E-05 0.289236 9.9982E-05 0.656143
0.0110972 0.12837 9.9991E-05 0.0172336 0.8432
0.0160545 0.260283 0.574391 9.9991E-05 0.149172
9.9991E-05 0.23137 0.707384 0.00230299 0.0588427
0.0137005 0.0110347 0.942878 9.9991E-05 0.032287
0.031837 9.9973E-05 0.967863 9.9973E-05 9.9973E-05
0.0368142 9.9982E-05 0.880007 0.0829792 9.9982E-05
0.033651 9.9973E-05 0.966049 9.9973E-05 9.9973E-05
0.00606117 0.080303 0.838512 0.0750241 9.9991E-05
9.9982E-05 0.0594093 0.347555 9.9982E-05 0.592836
0.124336 0.173118 0.239969 0.0119359 0.450642
9.9982E-05 9.9982E-05 0.1815 0.0820577 0.736243
0.0434069 9.9991E-05 0.0668994 0.10268 0.786914
0.0420192 0.186274 0.0626957 9.9991E-05 0.708911
0.0283135 0.0446187 0.140307 0.751447 0.0353138
9.9991E-05 0.027111 0.537388 0.135278 0.300124
9.9982E-05 0.0192002 0.842202 9.9982E-05 0.138397
0.9996 9.997E-05 9.997E-05 9.997E-05 9.997E-05
0.0110928 0.690505 0.0810032 0.217299 9.9991E-05
0.0247712 0.699523 0.0965314 0.179075 9.9991E-05
0.0503886 0.578346 0.244913 0.126252 9.9991E-05
0.0327611 0.352385 0.222756 0.289855 0.102243
9.9991E-05 0.807442 0.0718509 0.046358 0.0742493
0.00547927 9.9991E-05 0.750918 0.0545155 0.188987
0.0435777 0.15769 0.200095 0.58083 0.0178074
0.0683765 0.0569308 0.730397 9.9991E-05 0.144196
0.0370567 0.216282 0.394373 0.326043 0.0262447
0.00649377 0.826493 9.9982E-05 0.166813 9.9982E-05
9.9982E-05 0.609153 0.29445 0.0961969 9.9982E-05
9.9982E-05 0.57239 0.256743 0.170666 9.9982E-05
0.00859389 0.61105 0.307081 0.0401101 0.0331644
9.9982E-05 0.494734 0.475308 0.0297574 9.9982E-05
0.0297423 0.639561 0.178345 0.152252 9.9991E-05
0.0109132 0.0482813 0.750431 9.9991E-05 0.190274
0.0843325 0.0806119 0.550522 0.108072 0.176462
0.0791791 0.0238964 0.719642 0.0122631 0.165019
0.000436607 0.132643 0.6322 0.234621 9.9991E-05
9.9991E-05 0.305511 0.435259 0.131321 0.127809
9.9991E-05 0.451351 0.0144697 0.471145 0.0629351
0.00402475 0.196921 9.9991E-05 0.0256794 0.773275
0.0232248 0.0139726 0.241615 9.9991E-05 0.721088
9.9982E-05 9.9982E-05 0.645271 0.17412 0.180409
0.0319522 0.152509 0.493938 0.14244 0.179161
0.0372112 0.126914 0.420481 0.259674 0.15572
9.9973E-05 9.9973E-05 0.250283 0.749417 9.9973E-05
0.0316513 9.9991E-05 0.371158 0.0442597 0.552831
9.9991E-05 0.0522781 0.186832 0.0461559 0.714634
9.9982E-05 0.0969224 0.401086 9.9982E-05 0.501791
0.0689923 0.311833 0.139488 0.439793 0.0398936
9.9982E-05 0.671695 9.9982E-05 0.262359 0.0657456
0.00436854 0.811769 0.11817 0.00478032 0.0609119
9.9991E-05 0.788903 0.0199058 0.0713651 0.119726
9.9982E-05 0.542789 0.0547374 0.402274 9.9982E-05
0.00551508 0.676888 0.158432 0.155755 0.00340968
0.002689 0.767671 0.0290418 0.17967 0.0209282
9.9973E-05 0.937477 9.9973E-05 9.9973E-05 0.062223
9.9991E-05 0.444574 0.175142 0.372506 0.00767881
9.9991E-05 0.762915 0.0373943 0.180254 0.0193361
0.0370502 0.709551 0.0848165 0.168483 9.9991E-05
0.0115901 0.830628 0.101058 0.0566246 9.9991E-05
9.9991E-05 0.509596 0.102495 0.25118 0.136628
0.0471893 0.815227 0.0544417 0.0397856 0.0433566
0.000537542 0.485155 0.243573 0.239629 0.0311062
9.9991E-05 0.781815 0.0404754 0.130655 0.0469543
0.00336172 9.9982E-05 0.132076 0.864363 9.9982E-05
9.9982E-05 0.0725274 0.031216 0.896057 9.9982E-05
0.0298635 0.0571433 9.9982E-05 0.912793 9.9982E-05
9.9991E-05 0.120477 0.0141044 0.764962 0.100356
0.0176117 9.9991E-05 0.115505 0.80805 0.0587327
9.9982E-05 0.636865 0.293958 9.9982E-05 0.0689765
0.0342334 0.632778 0.233133 0.0997558 9.9991E-05
9.9973E-05 9.9973E-05 0.0653246 9.9973E-05 0.934376
0.022064 0.0594116 0.0225673 0.112762 0.783196
9.9982E-05 0.1052 9.9982E-05 0.0403114 0.854289
9.9991E-05 0.0380079 0.262346 0.0484172 0.651129
0.0281863 0.112245 9.9982E-05 9.9982E-05 0.859368
0.00164622 9.9991E-05 0.014816 0.166925 0.816513
0.00341267 0.0511699 0.0731406 9.9991E-05 0.872177
9.9982E-05 9.9982E-05 0.125036 0.0675934 0.807171
9.9982E-05 9.9982E-05 0.0722907 0.0850656 0.842444
9.9982E-05 9.9982E-05 0.0542579 0.0804389 0.865103
0.0295244 0.0414303 0.14968 9.9991E-05 0.779266
0.0334485 0.116006 0.0449057 0.0374981 0.768141
0.0093483 0.115356 0.0107525 0.0625065 0.802036
0.0039991 0.0243955 9.9991E-05 0.0988602 0.872645
9.9973E-05 9.9973E-05 0.206656 9.9973E-05 0.793044
0.0287621 0.0880097 9.9982E-05 9.9982E-05 0.883028
0.0173492 0.0252721 0.0221253 0.0715165 0.863737
9.9982E-05 9.9982E-05 0.76429 0.103496 0.132013
9.9982E-05 0.0842452 0.893493 0.0220623 9.9982E-05
9.9973E-05 9.9973E-05 0.221384 9.9973E-05 0.778316
0.0254597 0.246009 0.0121948 9.9991E-05 0.716236
9.9982E-05 9.9982E-05 0.0914789 0.052917 0.855404
9.9982E-05 0.124437 0.817979 9.9982E-05 0.0573848
0.00173124 0.872713 9.9991E-05 0.0718359 0.0536199
0.0340694 0.715275 0.00620575 0.24435 9.9991E-05
9.9982E-05 0.280547 0.279478 0.439775 9.9982E-05
9.9982E-05 0.307254 0.102254 0.590292 9.9982E-05
0.00237608 9.9982E-05 0.238684 0.75874 9.9982E-05
0.00822284 9.9982E-05 9.9982E-05 0.928069 0.0635082
0.0169724 0.00399627 0.152847 0.826084 9.9991E-05
0.0204049 0.0617334 0.126876 0.776082 0.0149045
0.017546 9.9991E-05 0.152416 0.775639 0.0542992
0.0670148 0.125288 9.9991E-05 0.728639 0.0789576
0.00431353 0.687765 0.120692 0.164702 0.0225273
0.044724 0.691934 0.17808 0.0643639 0.0208982
0.045922 0.671336 0.274008 9.9991E-05 0.00863333
9.9973E-05 0.704666 0.295034 9.9973E-05 9.9973E-05
0.0343645 0.785966 0.179469 9.9982E-05 9.9982E-05
0.0162021 0.541317 0.442281 9.9982E-05 9.9982E-05
0.0264023 0.582401 0.189523 0.201574 9.9991E-05
0.00415917 0.551683 0.16628 0.195313 0.0825646
0.0406437 0.696233 0.148925 0.0976959 0.0165025
0.0303798 0.623542 0.201725 0.1345 0.0098538
0.0393763 0.72959 0.0792571 0.0966419 0.0551343
0.135607 0.0932434 9.9991E-05 0.675344 0.0957057
0.0279213 0.0478655 0.146581 0.0227659 0.754867
0.0538885 9.9991E-05 0.0767032 0.093061 0.776247
0.000647232 9.9982E-05 0.178237 9.9982E-05 0.820916
0.0160846 0.160985 0.0540183 0.0401629 0.728749
0.0178196 0.0731732 9.9991E-05 0.0960625 0.812845
0.0406104 0.405495 0.106885 0.319249 0.127761
0.0315826 0.606323 0.0653023 0.293032 0.00375953
0.0888797 0.784268 9.9982E-05 0.126653 9.9982E-05
0.0356801 0.456158 0.198722 0.309339 9.9991E-05
