0.0196877 0.723061 0.0870442 0.132044 0.0379627 9.9982E-05 9.9982E-05
0.0131567 0.517424 0.0267115 0.0374607 0.0804298 0.324717 9.9991E-05
0.00564101 0.662929 0.153502 0.177628 9.9973E-05 9.9973E-05 9.9973E-05
9.9964E-05 0.781079 9.9964E-05 0.159418 9.9964E-05 9.9964E-05 0.0591039
9.9973E-05 0.823791 9.9973E-05 9.9973E-05 0.0490524 0.100002 0.0268554
9.9973E-05 0.798917 9.9973E-05 0.0610948 0.128374 0.0113149 9.9973E-05
9.9982E-05 0.39822 0.0262111 0.0754838 0.091855 0.40803 9.9982E-05
0.0444186 0.562331 9.9982E-05 0.0849805 9.9982E-05 0.281782 0.0262876
0.00869663 0.194171 0.0696127 9.9991E-05 0.026814 0.626416 0.0741898
0.053566 0.283407 0.160178 0.244803 9.9982E-05 0.257846 9.9982E-05
0.0577334 0.137441 0.0176716 0.3572 9.9991E-05 0.298391 0.131464
0.0376669 0.265248 0.143384 0.119746 0.0516566 0.382198 9.9991E-05
0.0308577 9.9982E-05 0.0432404 0.762643 9.9982E-05 0.126077 0.0369814
9.9982E-05 0.0100533 0.0975707 0.148259 9.9982E-05 0.631959 0.111959
0.0238987 0.24092 0.108019 9.9991E-05 0.016173 0.541779 0.0691108
0.00819055 0.157747 0.00728501 0.0570834 0.0230866 0.746508 9.9991E-05
9.9973E-05 0.2275 0.158202 9.9973E-05 9.9973E-05 0.557852 0.0561453
0.0431997 0.572946 9.9964E-05 9.9964E-05 9.9964E-05 0.383455 9.9964E-05
0.0637469 0.0479682 0.466411 0.102084 0.0710202 0.149592 0.0991768
9.9973E-05 9.9973E-05 0.599564 0.169541 0.0015726 0.229023 9.9973E-05
0.014093 0.0826408 0.675364 9.9982E-05 9.9982E-05 0.160158 0.0675444
0.00440082 0.0440029 0.792872 0.0761084 0.0434206 0.00292814 0.0362674
0.0391879 9.9973E-05 0.878678 9.9973E-05 0.0578925 0.0239418 9.9973E-05
0.04931 0.0524967 0.6562 9.9982E-05 0.0437138 0.198079 9.9982E-05
9.9991E-05 0.172112 0.639185 0.0208602 0.00856585 0.156297 0.0028801
9.9964E-05 0.0970912 0.834824 9.9964E-05 0.067685 9.9964E-05 9.9964E-05
9.9964E-05 9.9964E-05 0.850665 0.0887132 9.9964E-05 9.9964E-05 0.0602216
0.0394562 9.9973E-05 0.700897 9.9973E-05 0.0956793 0.163667 9.9973E-05
9.9964E-05 0.131717 0.80963 9.9964E-05 9.9964E-05 9.9964E-05 0.0582533
9.9973E-05 0.0630372 0.786324 9.9973E-05 0.148813 0.00152627 9.9973E-05
0.00894605 9.9973E-05 0.817632 9.9973E-05 0.107431 0.0656912 9.9973E-05
0.00873639 9.9982E-05 0.772903 0.0400641 9.9982E-05 0.106533 0.0715631
0.0426993 9.9973E-05 0.643165 9.9973E-05 0.0619764 0.25186 9.9973E-05
0.0689259 0.340785 0.104958 0.226154 9.9991E-05 0.254433 0.00464374
9.9973E-05 0.525524 0.144066 9.9973E-05 9.9973E-05 0.267343 0.0627667
9.9973E-05 0.66065 0.126242 0.110532 9.9973E-05 9.9973E-05 0.102276
0.0182533 0.709894 0.0161658 0.243051 0.0124362 9.9982E-05 9.9982E-05
0.00404563 0.277084 0.173266 0.179763 0.0193887 0.315976 0.0304773
0.9994 9.995E-05 9.995E-05 9.995E-05 9.995E-05 9.995E-05 9.995E-05
0.0295908 9.9973E-05 0.693772 0.249166 9.9973E-05 9.9973E-05 0.0271714
9.9973E-05 0.768302 0.0407903 9.9973E-05 0.174911 0.0156972 9.9973E-05
9.9973E-05 0.404265 0.0904633 0.208333 9.9973E-05 0.296639 9.9973E-05
9.9982E-05 0.16971 0.239055 0.168156 0.177266 0.245613 9.9982E-05
0.0471948 0.022194 0.0418006 0.585871 0.0975982 0.135884 0.0694574
0.00276428 0.0239806 0.0468665 0.89566 0.0305291 9.9982E-05 9.9982E-05
0.9994 9.995E-05 9.995E-05 9.995E-05 9.995E-05 9.995E-05 9.995E-05
0.0613169 0.285446 0.184496 0.186367 9.9991E-05 0.213964 0.0683097
9.9982E-05 0.143711 0.099526 0.372046 0.159666 0.224851 9.9982E-05
0.0398695 0.147499 0.252906 0.000988036 0.0230722 0.407572 0.128093
0.0184098 9.9982E-05 9.9982E-05 0.0680821 0.647883 0.0516738 0.213752
0.0134947 9.9982E-05 9.9982E-05 0.0368136 0.430884 0.0831903 0.435418
9.9964E-05 0.16064 9.9964E-05 9.9964E-05 0.426067 9.9964E-05 0.412894
0.0350645 9.9982E-05 9.9982E-05 0.200908 0.169325 0.0392548 0.555247
0.0566462 9.9982E-05 0.0548594 9.9982E-05 0.194824 0.000261771 0.693209
9.9973E-05 9.9973E-05 0.0245411 9.9973E-05 0.310964 0.094508 0.569687
9.9955E-05 9.9955E-05 9.9955E-05 9.9955E-05 9.9955E-05 0.291243 0.708258
9.9964E-05 9.9964E-05 9.9964E-05 9.9964E-05 0.600496 0.169654 0.22945
0.0074532 9.99549E-05 9.99549E-05 9.99549E-05 0.992047 9.99549E-05 9.99549E-05
0.0445703 0.0361519 9.9991E-05 0.0303208 0.186476 0.0447526 0.657629
0.0177213 0.0825913 9.9991E-05 0.141796 0.397958 0.062638 0.297195
9.995E-05 9.995E-05 9.995E-05 9.995E-05 0.9994 9.995E-05 9.995E-05
9.9982E-05 9.9982E-05 0.0725206 0.152231 0.238832 0.0156178 0.520598
0.0627116 0.0427383 9.9991E-05 0.509551 0.109235 0.037529 0.238136
0.0127265 0.141293 0.73207 0.0322165 9.9982E-05 9.9982E-05 0.0814944
0.0207991 0.138288 0.766138 0.0116602 9.9982E-05 9.9982E-05 0.0629146
0.0120216 0.0925109 0.880041 9.9973E-05 0.0151266 9.9973E-05 9.9973E-05
0.0047094 0.0490196 0.0182242 0.0919878 0.232094 0.0954669 0.508498
0.0712177 0.0507392 0.0255957 0.294423 0.124901 9.9991E-05 0.433024
9.9982E-05 0.134335 0.0472737 0.00903853 0.164924 9.9982E-05 0.644229
0.0530903 9.9973E-05 9.9973E-05 0.240637 0.211075 9.9973E-05 0.494897
0.057016 0.0769087 0.0063263 9.9982E-05 0.00353402 9.9982E-05 0.856015
9.9973E-05 0.0305852 9.9973E-05 0.471186 0.228509 0.26942 9.9973E-05
9.9973E-05 9.9973E-05 9.9973E-05 0.621305 0.0609488 0.306009 0.0114378
9.9964E-05 9.9964E-05 9.9964E-05 0.651771 0.170422 0.177407 9.9964E-05
0.0239349 9.9955E-05 9.9955E-05 0.975565 9.9955E-05 9.9955E-05 9.9955E-05
0.0314085 9.9982E-05 0.0422565 0.857854 0.0270157 0.0412655 9.9982E-05
0.0217643 9.9964E-05 9.9964E-05 0.925888 0.0519479 9.9964E-05 9.9964E-05
0.0184323 0.0940867 0.0995529 0.515219 0.155369 0.11724 9.9991E-05
9.9973E-05 9.9973E-05 9.9973E-05 0.0176713 0.309396 0.226906 0.445727
0.106751 0.109241 9.9982E-05 0.318969 0.128712 9.9982E-05 0.336127
0.0104051 9.99893E-05 0.0420294 0.165973 0.31744 9.99893E-05 0.463952
0.0482052 9.9982E-05 0.0651979 0.069803 0.388382 9.9982E-05 0.428212
0.0200897 9.9973E-05 9.9973E-05 9.9973E-05 0.0927184 0.205353 0.681539
0.0378973 9.9982E-05 0.622008 0.0709205 9.9982E-05 0.22582 0.0431547
9.9991E-05 0.0350314 0.0793203 0.443132 0.230294 0.109137 0.102986
9.9973E-05 9.9973E-05 9.9973E-05 0.76534 0.0884445 0.0608977 0.0850176
0.9994 9.995E-05 9.995E-05 9.995E-05 9.995E-05 9.995E-05 9.995E-05
9.9982E-05 0.660109 0.118732 0.134261 0.0055233 0.0811749 9.9982E-05
0.00810507 0.540004 0.104801 0.0254257 0.0710093 0.250555 9.9991E-05
0.0366222 0.193906 0.144977 0.0296708 0.117405 0.477319 9.9991E-05
0.0228775 9.9991E-05 0.193158 0.107041 0.0153439 0.543301 0.118178
9.9973E-05 0.551825 0.0660132 9.9973E-05 9.9973E-05 0.28865 0.0932117
9.9964E-05 0.0143115 9.9964E-05 0.724246 0.261043 9.9964E-05 9.9964E-05
0.0416931 0.1959 0.562301 0.148716 0.0284424 0.0228481 9.9991E-05
0.0809344 9.9973E-05 9.9973E-05 0.635404 9.9973E-05 0.0754611 0.2079
0.0248607 0.151198 0.271715 0.352839 0.00229229 0.122069 0.075025
9.9964E-05 0.280278 0.125763 9.9964E-05 9.9964E-05 0.593559 9.9964E-05
9.9982E-05 0.48793 0.079692 0.186466 0.0148584 0.230853 9.9982E-05
9.9973E-05 0.369091 0.132159 0.373543 9.9973E-05 0.124907 9.9973E-05
0.0144315 0.0666377 9.9982E-05 0.064265 0.0833628 0.771103 9.9982E-05
9.9964E-05 0.602225 0.0198347 0.377541 9.9964E-05 9.9964E-05 9.9964E-05
9.9964E-05 0.0975578 9.9964E-05 0.0833793 9.9964E-05 0.818663 9.9964E-05
0.0166865 0.0881136 0.0479985 0.572583 0.186954 9.9991E-05 0.0875646
0.0724795 0.0837987 0.116172 0.5263 0.130186 0.0172502 0.0538142
0.082149 0.0608913 9.9991E-05 0.628613 0.0520416 0.00415329 0.172052
9.9973E-05 0.00999999 0.232644 0.546435 9.9973E-05 0.210621 9.9973E-05
9.9982E-05 9.9982E-05 0.114434 0.358081 0.129499 0.365561 0.032224
0.0013013 0.232616 0.336353 9.9982E-05 9.9982E-05 0.337959 0.0915711
0.0112551 0.162659 0.000311175 9.9982E-05 0.156355 9.9982E-05 0.669219
0.0338379 9.9991E-05 0.0342206 0.0754314 0.13284 0.0618442 0.661726
9.9973E-05 0.0790595 0.13817 0.569566 0.212904 9.9973E-05 9.9973E-05
0.0277389 9.9982E-05 0.0691509 0.364733 0.228315 0.309862 9.9982E-05
0.0484859 0.198683 0.211116 0.225266 0.31625 9.9982E-05 9.9982E-05
9.9973E-05 0.0222486 0.703709 0.272714 0.00102794 9.9973E-05 9.9973E-05
0.019673 9.9982E-05 0.0892567 0.222727 0.0163073 9.9982E-05 0.651836
9.9973E-05 9.9973E-05 9.9973E-05 0.102555 0.384001 0.150217 0.362928
9.9973E-05 0.122398 9.9973E-05 0.376104 0.204701 9.9973E-05 0.296497
0.0583509 0.406603 0.394234 0.081727 0.000290722 9.9991E-05 0.0586945
0.0203728 0.631594 0.188016 9.9982E-05 9.9982E-05 0.112753 0.0470638
0.0207991 0.514009 0.021437 9.9991E-05 0.0548267 0.343524 0.0453043
9.9991E-05 0.700474 0.0802323 0.0245578 0.0786899 0.0508948 0.0650508
9.9973E-05 0.380035 0.306084 9.9973E-05 9.9973E-05 0.312983 0.000598379
0.00695499 0.604757 0.182218 0.0839824 0.00990857 0.110223 0.00195596
9.9982E-05 0.70609 0.127738 0.0163219 0.0507008 0.0989494 9.9982E-05
0.0196097 0.621665 9.9982E-05 9.9982E-05 0.0781538 0.266353 0.0140187
9.9982E-05 0.324207 0.319706 0.13927 9.9982E-05 0.180274 0.0363423
9.9964E-05 0.026761 9.9964E-05 9.9964E-05 9.9964E-05 0.922264 0.0505749
0.0029848 9.9973E-05 0.0475889 9.9973E-05 0.041129 0.907997 9.9973E-05
0.00299372 9.9955E-05 9.9955E-05 9.9955E-05 9.9955E-05 0.996507 9.9955E-05
0.00511925 0.156878 0.207174 0.0949422 0.0276718 0.406233 0.101981
0.0160364 0.131915 9.9982E-05 0.0340077 9.9982E-05 0.760231 0.05761
9.9991E-05 0.0511735 0.197934 0.1396 0.0248545 0.558652 0.0276854
9.9982E-05 0.59701 0.0386204 0.0958117 0.030024 0.238334 9.9982E-05
9.9964E-05 9.9964E-05 0.828494 0.156116 9.9964E-05 9.9964E-05 0.0149901
9.9964E-05 0.158397 0.836298 0.00490535 9.9964E-05 9.9964E-05 9.9964E-05
0.0250105 9.9964E-05 0.804493 9.9964E-05 9.9964E-05 0.170097 9.9964E-05
0.0179171 0.197138 0.702298 0.00885162 0.0231071 9.9991E-05 0.0505884
0.0189257 0.119098 0.740997 9.9973E-05 0.12068 9.9973E-05 9.9973E-05
0.00182314 0.522928 9.9982E-05 0.235375 9.9982E-05 0.152014 0.0876595
0.0198931 0.658947 0.131696 0.189164 9.9973E-05 9.9973E-05 9.9973E-05
9.9955E-05 9.9955E-05 9.9955E-05 9.9955E-05 0.609461 9.9955E-05 0.390039
0.0287398 9.9991E-05 0.0134802 0.0129763 0.0251143 0.0792317 0.840358
0.00915282 0.00197901 0.0257324 9.9991E-05 0.125457 0.0445294 0.793049
9.9964E-05 9.9964E-05 0.0460801 0.262476 9.9964E-05 9.9964E-05 0.691044
0.0260257 9.9982E-05 9.9982E-05 0.0115821 0.154562 0.0783241 0.729306
0.0123628 9.9991E-05 0.0678574 0.0369825 0.234206 0.0396323 0.608859
0.0321395 0.0164603 9.9973E-05 0.0160847 9.9973E-05 9.9973E-05 0.935016
9.9973E-05 0.0545494 0.0623368 9.9973E-05 0.443052 9.9973E-05 0.439762
9.9982E-05 0.0648062 0.0382578 0.000865082 0.281104 9.9982E-05 0.614767
0.00218307 9.9982E-05 0.074994 0.0199999 0.3666 9.9982E-05 0.536023
0.0270331 9.9973E-05 9.9973E-05 0.160647 0.0948776 9.9973E-05 0.717143
0.0216208 9.9982E-05 0.0269998 9.9982E-05 0.165732 0.120822 0.664626
0.00854549 0.0244708 0.0169165 0.0638127 0.299612 0.097444 0.489199
0.0301628 9.9982E-05 0.0589301 9.9982E-05 0.292713 0.00274171 0.615253
0.0219466 0.03533 9.9982E-05 0.101867 0.226727 9.9982E-05 0.613929
0.00789916 0.0644688 9.9964E-05 9.9964E-05 9.9964E-05 9.9964E-05 0.927232
0.0126646 9.9982E-05 0.082062 0.00136115 0.148952 9.9982E-05 0.754761
9.9964E-05 9.9964E-05 9.9964E-05 0.776368 9.9964E-05 0.0838914 0.13934
9.9955E-05 9.9955E-05 9.9955E-05 0.855411 9.9955E-05 0.144089 9.9955E-05
9.9973E-05 0.0553897 9.9973E-05 0.0515246 0.148307 9.9973E-05 0.744479
0.026145 0.200845 9.9982E-05 9.9982E-05 0.411718 0.0641897 0.296903
9.995E-05 9.995E-05 9.995E-05 9.995E-05 0.9994 9.995E-05 9.995E-05
9.9964E-05 0.193642 9.9964E-05 0.534576 0.271381 9.9964E-05 9.9964E-05
0.0177701 0.883538 9.9973E-05 0.0859659 9.9973E-05 9.9973E-05 0.0124256
0.0506708 0.644786 0.196654 9.9982E-05 9.9982E-05 0.0988853 0.00880389
9.9982E-05 0.300984 0.457865 0.155866 0.0676153 0.0174697 9.9982E-05
9.9973E-05 0.082248 0.536446 0.160556 9.9973E-05 0.22045 9.9973E-05
0.0139401 9.9973E-05 0.729527 0.243239 9.9973E-05 0.0129941 9.9973E-05
9.9991E-05 0.0187139 0.845686 0.0170165 0.0825711 0.0252073 0.0107055
0.0350773 0.12687 0.755945 0.0372696 9.9982E-05 0.0446383 9.9982E-05
0.00592042 9.9982E-05 0.732966 0.0249391 0.039462 0.196512 9.9982E-05
0.0109116 9.9991E-05 0.679059 0.18635 0.0226603 0.0894437 0.0114761
0.0430353 0.180181 0.66187 9.9973E-05 9.9973E-05 9.9973E-05 0.114613
9.9973E-05 0.790144 0.0564649 0.110584 0.042508 9.9973E-05 9.9973E-05
0.0523779 0.741611 0.0276592 0.052313 0.113011 0.012928 9.9991E-05
0.0432621 0.707729 9.9982E-05 0.00377668 0.157216 0.0878156 9.9982E-05
9.99551E-05 0.744062 9.99551E-05 0.255438 9.99551E-05 9.99551E-05 9.99551E-05
0.0163293 0.744664 9.9982E-05 0.0502952 0.112424 0.0760877 9.9982E-05
0.0205023 0.642891 0.0196589 0.228038 0.0724798 0.01633 9.9991E-05
0.00114822 0.154952 0.139011 0.0839104 0.0763577 0.544521 9.9991E-05
9.9973E-05 9.9973E-05 9.9973E-05 0.0157379 0.0903438 0.884726 0.00889228
0.0309834 0.0276092 0.0185311 0.00442865 9.9991E-05 0.857351 0.0609971
0.000572993 0.109629 0.136106 0.172982 9.9991E-05 0.54364 0.0369705
0.0171454 0.172589 0.0680003 9.9982E-05 9.9982E-05 0.660332 0.0817328
0.169064 9.9973E-05 0.527537 9.9973E-05 9.9973E-05 0.184957 0.118142
0.0190802 0.00397916 9.9991E-05 0.037806 0.724129 0.051089 0.163817
0.0442989 9.9982E-05 0.0970449 0.029209 0.193393 9.9982E-05 0.635854
9.9973E-05 9.9973E-05 0.0288134 0.0635846 9.9973E-05 0.00576055 0.901542
9.9991E-05 0.0370746 0.0267538 0.0767053 0.0348716 0.0955587 0.728936
0.0171161 0.129935 0.0329611 9.9982E-05 0.0574293 9.9982E-05 0.762358
0.0270639 0.156746 0.248177 0.00295163 0.194464 0.370498 9.9991E-05
0.0247534 0.312895 0.162253 0.0961089 9.9991E-05 0.39036 0.0135299
0.0447242 0.213034 0.0284538 9.9982E-05 0.0234743 0.690114 9.9982E-05
0.0597018 0.287116 0.237403 0.0757982 0.0188654 0.321016 9.9991E-05
