9.9991E-05 0.152984 0.0962431 0.750673
0.000495242 0.120422 0.0926803 0.786402
0.00738221 0.116256 0.204341 0.672021
0.0147342 0.159235 9.9991E-05 0.825931
0.0762739 9.9982E-05 9.9982E-05 0.923526
0.0778873 0.0287109 9.9991E-05 0.893302
0.0688212 0.177561 0.0573757 0.696242
0.0324392 0.136658 9.9991E-05 0.830803
0.0806899 0.0906036 0.165173 0.663534
9.999E-05 0.316599 0.208281 0.47502
0.0771624 0.507842 0.0717516 0.343244
0.0690488 0.201482 0.179379 0.55009
0.0746209 0.843166 0.0391278 0.0430851
0.0810207 0.163848 0.20297 0.552162
0.104161 9.9991E-05 0.187141 0.708598
9.9991E-05 0.204343 0.0791214 0.716436
0.0450124 0.052949 0.197788 0.70425
9.9991E-05 0.0198298 0.079498 0.900572
0.15044 0.201832 0.585391 0.0623372
9.9991E-05 0.181899 0.707871 0.11013
0.0594056 9.9991E-05 0.695213 0.245281
9.9982E-05 0.137198 0.862602 9.9982E-05
9.9982E-05 0.0825409 0.917259 9.9982E-05
9.9982E-05 9.9982E-05 0.833092 0.166708
0.0051029 0.163903 0.591457 0.239537
9.9982E-05 9.9982E-05 0.900003 0.0997968
0.0994984 0.0160911 0.88431 9.9991E-05
0.0708556 0.027145 0.901899 9.9991E-05
0.0114271 9.9991E-05 0.857115 0.131358
0.0714069 0.0533186 0.822973 0.0523018
0.0137703 0.0470378 0.939092 9.9991E-05
0.0621816 9.9991E-05 0.810176 0.127542
9.9991E-05 0.059202 0.845605 0.0950929
0.00876188 0.262742 0.238749 0.489747
0.0449122 0.0184631 0.237301 0.699323
0.072806 0.0768133 0.0788009 0.77158
0.00759024 0.209942 0.13309 0.649378
0.112208 0.253939 0.170154 0.463699
0.352553 9.9982E-05 0.647247 9.9982E-05
0.0247112 0.206467 0.768722 9.9991E-05
0.114745 9.9991E-05 0.154091 0.731064
9.9991E-05 0.192676 0.180802 0.626422
0.110608 0.370369 0.293714 0.225308
0.114976 0.660503 0.132097 0.0924245
9.9991E-05 0.934005 0.0566749 0.00922014
0.371412 9.9991E-05 0.62524 0.00324853
0.0677785 0.185471 0.288229 0.458521
0.0869694 0.523879 0.135003 0.254148
0.0763496 0.207336 0.374571 0.341743
0.717324 0.21702 0.0655561 9.9991E-05
0.804122 0.153832 0.0419457 9.9991E-05
0.822457 0.000107081 0.0143804 0.163056
0.704226 0.188411 9.9991E-05 0.107263
0.867767 9.9991E-05 0.0927974 0.039336
0.852546 9.9991E-05 0.081994 0.0653596
0.73616 0.0269873 9.9991E-05 0.236753
0.745294 0.151735 0.0133735 0.0895968
0.83431 0.0371678 0.128423 9.9991E-05
0.862952 9.9982E-05 9.9982E-05 0.136848
0.604318 0.326054 9.9991E-05 0.0695284
0.797157 0.155061 0.0476811 9.9991E-05
0.734151 0.0879737 0.014158 0.163717
0.331913 0.564008 0.0606988 0.0433801
0.0462625 0.0291101 0.814958 0.10967
9.9991E-05 0.149251 0.787862 0.0627876
9.9982E-05 9.9982E-05 0.845165 0.154635
0.684299 0.183793 0.0296462 0.102262
0.528977 0.452758 0.0181655 9.9991E-05
0.718546 0.212893 9.9991E-05 0.0684613
0.668705 0.305448 0.0257462 9.9991E-05
0.833667 9.9982E-05 9.9982E-05 0.166133
0.0868519 0.782474 9.9991E-05 0.130574
0.083136 0.790411 9.9991E-05 0.126353
0.0318276 0.924656 9.9991E-05 0.0434165
9.998E-05 0.9997 9.998E-05 9.998E-05
9.9982E-05 0.85384 0.14596 9.9982E-05
0.00747681 0.956998 0.0354247 9.9991E-05
0.00855654 0.8405 0.119269 0.0316754
0.582862 0.40679 9.9991E-05 0.0102489
0.435376 0.370641 0.113473 0.0805101
0.730278 0.19471 0.0634014 0.0116108
0.817324 0.0210691 0.161507 9.9991E-05
0.721646 0.109997 0.0213791 0.146977
0.0190151 0.241466 0.728318 0.011201
0.249415 0.566307 0.0896028 0.094675
0.0938192 0.905981 9.9982E-05 9.9982E-05
0.366042 9.9982E-05 0.633758 9.9982E-05
9.9991E-05 0.146323 0.195667 0.65791
9.9991E-05 0.116683 0.141962 0.741255
9.9991E-05 0.255876 0.191803 0.552222
0.0803035 0.27936 0.286533 0.353803
0.0398367 0.0834935 0.0799817 0.796688
0.112713 0.887087 9.9982E-05 9.9982E-05
0.0184983 0.221579 0.565158 0.194765
0.232402 0.602594 0.0594844 0.105519
0.0892025 0.356149 0.302283 0.252365
9.9991E-05 0.0430862 0.152081 0.804733
9.9991E-05 0.335784 0.0477511 0.616365
9.9991E-05 0.339093 0.157337 0.50347
0.062085 0.265559 0.0401821 0.632174
9.9982E-05 0.390968 9.9982E-05 0.608832
9.9991E-05 0.319321 0.0346014 0.645978
0.218802 0.651789 0.0880021 0.0414065
0.20365 0.550629 0.154236 0.0914858
0.191038 0.680966 0.0966168 0.0313788
9.9991E-05 0.660433 0.227216 0.112251
0.0959228 0.484833 0.143428 0.275816
0.0922222 9.9991E-05 0.393795 0.513883
0.775817 9.9991E-05 0.0588822 0.165201
0.708032 0.229934 0.0271179 0.0349157
0.191296 0.614872 0.120827 0.0730054
0.179102 0.504466 0.187346 0.129086
0.183058 0.373939 0.298445 0.144559
9.9982E-05 0.280735 0.719065 9.9982E-05
0.626111 0.313474 0.0603156 9.9991E-05
0.646829 0.317702 9.9991E-05 0.0353693
0.443298 0.45636 9.9991E-05 0.100242
0.0662603 0.102538 0.495972 0.33523
0.0719136 9.9991E-05 0.194183 0.733803
0.0360602 0.227416 0.0241147 0.712409
0.138558 9.9991E-05 0.0610109 0.800331
9.9982E-05 9.9982E-05 0.392958 0.606842
0.024449 0.0768339 0.168627 0.73009
0.0512991 9.9991E-05 0.031923 0.916678
0.083263 9.9982E-05 9.9982E-05 0.916537
9.9991E-05 0.190061 0.317371 0.492467
9.9991E-05 0.174821 0.0473222 0.777757
9.9991E-05 0.143079 0.21782 0.639001
9.9991E-05 0.150996 0.0212688 0.827635
0.146528 0.0389764 0.213249 0.601246
0.0592137 0.145941 0.0712629 0.723582
9.9991E-05 0.329674 0.257754 0.412472
0.0108531 0.112724 0.0414116 0.835011
9.9982E-05 0.134414 0.865386 9.9982E-05
9.9991E-05 0.0341958 0.85871 0.106994
9.998E-05 9.998E-05 0.9997 9.998E-05
0.0823993 0.0302935 0.81544 0.0718667
0.0498265 0.109218 0.820274 0.0206811
0.0537893 0.295975 9.9991E-05 0.650136
9.9991E-05 0.251419 0.154944 0.593537
0.915428 0.0843717 9.9982E-05 9.9982E-05
0.79476 0.0653268 0.107996 0.0319171
0.868707 9.9991E-05 0.00282621 0.128366
0.621362 0.25399 0.0187309 0.105916
0.87734 0.0114633 9.9991E-05 0.111097
0.773021 0.109952 0.116927 9.9991E-05
0.856527 0.143273 9.9982E-05 9.9982E-05
0.815701 0.156596 0.0276035 9.9991E-05
0.84441 0.00766234 0.100519 0.0474093
0.798818 0.103829 0.0781513 0.0192013
0.79212 0.20768 9.9982E-05 9.9982E-05
0.764195 0.110462 0.0730719 0.0522714
0.78756 0.0411836 0.0318629 0.139393
0.888119 9.9991E-05 0.0995828 0.0121986
0.788462 0.211338 9.9982E-05 9.9982E-05
0.887185 9.9982E-05 9.9982E-05 0.112615
0.846212 0.0521351 0.0613039 0.0403487
0.077339 0.912628 9.9991E-05 0.00993344
9.9991E-05 0.912122 0.023632 0.0641455
0.814181 0.182366 9.9991E-05 0.00335245
0.666566 0.145789 9.9991E-05 0.187545
0.800359 0.199441 9.9982E-05 9.9982E-05
0.138066 0.666048 9.9991E-05 0.195786
0.00256918 0.140806 0.0154338 0.841191
9.9982E-05 9.9982E-05 0.263367 0.736433
9.9991E-05 0.188602 0.429973 0.381325
9.9991E-05 0.180326 0.539309 0.280266
9.9982E-05 0.203215 0.796585 9.9982E-05
0.0439713 0.054575 0.859113 0.0423405
9.9991E-05 0.0917687 0.794891 0.11324
9.9991E-05 0.219869 0.738328 0.0417024
0.0929552 0.101548 0.805397 9.9991E-05
0.104209 9.9991E-05 0.73139 0.164301
0.0386841 0.0764539 0.095079 0.789783
0.0827501 0.0536743 0.0543086 0.809267
0.0379442 0.211693 9.9991E-05 0.750263
9.9982E-05 0.298978 9.9982E-05 0.700822
9.9982E-05 0.232618 9.9982E-05 0.767182
0.00562251 0.439043 9.9991E-05 0.555234
9.9991E-05 0.162471 0.207328 0.630101
0.0928682 0.124893 0.198609 0.58363
0.0131966 0.234879 0.122734 0.62919
9.9991E-05 0.275309 0.218149 0.506442
0.0505294 0.109118 0.138728 0.701624
0.15365 0.0122096 0.764307 0.0698334
0.731366 0.197543 9.9991E-05 0.0709917
0.785951 0.0289949 0.112215 0.0728394
0.858167 0.0920768 0.0496565 9.9991E-05
0.673519 0.202828 0.0246057 0.0990468
0.836736 9.9991E-05 0.089379 0.0737845
0.11226 0.171987 0.313173 0.40258
0.0384075 0.0982151 0.265713 0.597664
0.0395454 9.9991E-05 0.201168 0.759187
9.9991E-05 0.256127 0.277706 0.466066
