0.69123 0.0229849 0.154383 0.131402
0.77684 9.9991E-05 0.145622 0.0774386
0.725636 0.0354345 0.0660704 0.172859
0.745878 0.0185581 0.19572 0.0398438
0.932221 0.0675792 9.9982E-05 9.9982E-05
0.877012 0.0689059 0.053982 9.9991E-05
0.754988 0.00798216 0.193656 0.0433741
0.823724 9.9991E-05 0.111862 0.0643135
0.716037 0.0866073 0.00774663 0.189609
0.518635 9.9991E-05 0.244288 0.236977
0.228732 0.0433278 0.581205 0.146734
0.544556 0.0285339 0.18856 0.23835
0.0802089 0.0903186 0.764415 0.065058
0.523487 0.0729741 0.164971 0.238568
0.705345 0.119363 9.9991E-05 0.175192
0.673169 9.9991E-05 0.219943 0.106788
0.714805 0.0189319 0.0686752 0.197588
0.863557 9.9991E-05 0.0129219 0.123421
0.127364 0.151785 0.174209 0.546642
0.110453 9.9991E-05 0.244482 0.644965
0.208391 0.00088645 0.0281865 0.762536
9.9991E-05 0.0076102 0.175626 0.816663
9.9982E-05 9.9982E-05 0.100759 0.899041
0.107175 0.0148822 0.0738279 0.804115
0.168679 9.9991E-05 0.180422 0.650799
0.0801192 9.9982E-05 9.9982E-05 0.919681
9.9982E-05 0.0974202 9.9982E-05 0.90238
9.9991E-05 0.0810134 0.0264572 0.892429
0.107172 0.00311145 9.9991E-05 0.889617
0.0816013 0.0873243 0.0296831 0.801391
9.9991E-05 0.011742 0.0879693 0.900189
0.0363601 0.0298083 0.0402943 0.893537
0.0149231 0.0474238 0.0281014 0.909552
0.447178 9.9991E-05 0.350853 0.201869
0.681796 0.0471837 0.0373364 0.233684
0.846317 0.087794 9.9991E-05 0.0657894
0.762887 9.9991E-05 0.181884 0.055129
0.487225 0.0587744 0.296944 0.157057
9.9982E-05 0.347576 9.9982E-05 0.652224
9.9982E-05 9.9982E-05 0.234667 0.765133
0.694745 0.138528 9.9991E-05 0.166628
0.699358 9.9991E-05 0.217273 0.083269
0.329012 0.107787 0.333753 0.229448
0.0566448 0.112222 0.684785 0.146349
9.9991E-05 0.0474622 0.867114 0.0853243
9.9982E-05 0.385971 9.9982E-05 0.613829
0.411227 0.0561477 0.270426 0.2622
0.322243 0.0488094 0.537238 0.0917094
0.344907 0.126061 0.138805 0.390227
0.0514616 0.715157 0.188628 0.0447532
0.0196322 0.788216 0.182007 0.0101444
0.177778 0.822022 9.9982E-05 9.9982E-05
0.0645959 0.753499 0.177663 0.00424217
0.0647847 0.869027 9.9991E-05 0.0660879
0.119845 0.862016 9.9991E-05 0.0180386
0.250232 0.749568 9.9982E-05 9.9982E-05
9.9991E-05 0.800002 0.175664 0.0242345
9.9982E-05 0.885303 9.9982E-05 0.114497
0.0913428 0.801422 0.107135 9.9991E-05
0.0711392 0.634141 0.29462 9.9991E-05
9.9991E-05 0.869373 0.0496605 0.0808663
0.0648552 0.698236 0.190104 0.0468049
0.0575547 0.364874 0.564249 0.0133225
0.166433 0.0322625 0.0715864 0.729718
0.197798 0.0366562 9.9991E-05 0.765446
0.174737 9.9982E-05 9.9982E-05 0.825063
0.0859014 0.680646 0.233352 9.9991E-05
0.0702671 0.570838 0.358794 9.9991E-05
9.9991E-05 0.719438 0.215294 0.0651684
9.9982E-05 0.703236 0.296564 9.9982E-05
0.138634 0.842036 0.0192302 9.9991E-05
0.170671 0.125002 0.704228 9.9991E-05
0.174713 0.0615766 0.763611 9.9991E-05
0.0233769 0.090771 0.885752 9.9991E-05
9.998E-05 9.998E-05 0.9997 9.998E-05
9.9982E-05 9.9982E-05 0.889991 0.109809
9.9991E-05 0.0272849 0.959085 0.0135299
0.0296675 0.0189965 0.839056 0.11228
9.9982E-05 0.603908 0.395892 9.9982E-05
0.128297 0.476875 0.338646 0.0561822
9.9991E-05 0.77917 0.162008 0.0587215
9.9991E-05 0.774487 0.139167 0.0862464
0.186343 0.744445 0.069112 9.9991E-05
0.055737 0.0162805 0.215225 0.712757
0.113861 0.312607 0.502491 0.0710407
0.0318009 0.126144 0.841955 9.9991E-05
9.9982E-05 0.379234 9.9982E-05 0.620566
0.690086 9.9991E-05 0.167392 0.142422
0.838206 9.9991E-05 0.0139943 0.147699
0.588008 0.030514 0.254133 0.127345
0.407544 0.116764 0.221166 0.254526
0.763693 0.0339148 0.08972 0.112672
9.9982E-05 0.148409 0.851391 9.9982E-05
0.214247 0.012318 0.206933 0.566502
0.172403 0.228666 0.598831 9.9991E-05
0.279982 0.0290701 0.39579 0.295158
0.850253 9.9982E-05 9.9982E-05 0.149547
0.648288 9.9991E-05 0.338724 0.0128882
0.495632 9.9991E-05 0.361041 0.143226
0.680775 0.0675133 0.246585 0.00512665
0.620056 9.9991E-05 0.37772 0.0021237
0.590475 9.9991E-05 0.294683 0.114741
0.13319 0.216565 0.648566 0.00167921
0.134916 0.22626 0.55164 0.0871839
9.9991E-05 0.209731 0.708125 0.0820444
0.125391 9.9991E-05 0.658324 0.216184
0.303356 0.110273 0.479516 0.106856
0.468811 0.0723917 0.0237462 0.435051
0.177205 0.787169 9.9991E-05 0.0355264
0.113669 0.731667 0.135847 0.0188176
0.0846821 0.141072 0.661793 0.112452
0.216857 0.160394 0.528449 0.0942991
0.158824 0.160917 0.454518 0.225741
9.9982E-05 9.9982E-05 0.316158 0.683642
9.9991E-05 0.620373 0.363209 0.0163179
0.0425514 0.700823 0.241513 0.0151124
0.128598 0.527178 0.344125 9.9991E-05
0.365491 0.0641206 0.105718 0.46467
0.714682 0.0395743 9.9991E-05 0.245643
0.735661 0.0568519 0.152461 0.0550266
0.873816 0.111941 9.9991E-05 0.0141422
0.634278 9.9982E-05 9.9982E-05 0.365522
0.751204 0.0214361 0.0708746 0.156485
0.832057 0.0245042 0.049907 0.0935315
0.923104 0.0766961 9.9982E-05 9.9982E-05
0.485282 9.9991E-05 0.161353 0.353265
0.754381 9.9991E-05 0.110761 0.134758
0.612984 9.9991E-05 0.197885 0.189032
0.738347 9.9991E-05 0.166532 0.0950209
0.55109 0.116007 0.0660721 0.266831
0.690281 0.0465225 0.224124 0.0390733
0.43982 0.00237674 0.304067 0.253736
0.854648 0.0205549 0.0684208 0.0563762
9.9991E-05 0.00224172 0.204635 0.793023
0.0603199 9.9991E-05 0.0749195 0.864661
0.0478553 9.9982E-05 9.9982E-05 0.951945
0.195726 0.0833618 9.9991E-05 0.720812
0.081593 0.0186263 0.123121 0.776659
0.713218 0.0570246 0.229658 9.9991E-05
0.673078 9.9991E-05 0.205992 0.12083
9.9982E-05 0.953608 0.0461919 9.9982E-05
0.0195535 0.821377 0.0776087 0.0814603
0.0809408 0.895304 9.9991E-05 0.0236556
0.0242586 0.651054 0.266482 0.0582047
0.0853582 0.914442 9.9982E-05 9.9982E-05
9.9991E-05 0.800041 0.0643946 0.135465
0.00410765 0.905777 0.0900156 9.9991E-05
9.9991E-05 0.777285 0.135019 0.0875959
0.0783479 0.874436 9.99997E-05 0.047116
9.9991E-05 0.84598 0.0792648 0.0746548
9.9991E-05 0.782306 0.212851 0.0047437
0.157591 0.795881 9.9991E-05 0.0464287
0.167027 0.815496 9.9991E-05 0.0173771
0.0677718 0.90146 9.9991E-05 0.030668
9.9991E-05 0.820456 0.148025 0.0314185
0.128513 0.871287 9.9982E-05 9.9982E-05
0.0112022 0.869095 0.0674021 0.0523005
0.0353458 0.0914713 0.873083 9.9991E-05
0.0773121 9.9991E-05 0.920059 0.00252906
0.0286634 0.827521 0.143716 9.9991E-05
0.213277 0.671289 0.115333 9.9991E-05
9.9982E-05 0.835436 0.164364 9.9982E-05
0.125524 0.117129 0.757247 9.9991E-05
0.927033 0.0162063 0.056661 9.9991E-05
0.799965 9.9982E-05 9.9982E-05 0.199835
0.393772 9.9991E-05 0.210676 0.395452
0.247975 9.9991E-05 0.146291 0.605634
0.127675 9.9991E-05 0.13163 0.740595
0.0954209 0.0866019 9.9991E-05 0.817877
0.172911 9.9991E-05 0.0678426 0.759147
0.0342174 9.9991E-05 0.177019 0.788663
9.9991E-05 0.0978703 0.180608 0.721421
0.120241 0.0849383 9.9991E-05 0.79472
0.883531 0.0490651 0.0496253 0.0177788
0.755108 0.0565069 0.11574 0.0726448
0.748182 0.0112635 0.240455 9.9991E-05
0.609931 9.9982E-05 0.389869 9.9982E-05
0.749237 9.9982E-05 0.250563 9.9982E-05
0.561229 0.0136945 0.403774 0.0213019
0.59939 9.9991E-05 0.179086 0.221425
0.552005 0.0681934 0.211593 0.168209
0.575254 0.0310001 0.246897 0.146849
0.510116 9.9991E-05 0.294522 0.195262
0.694035 0.0679215 0.103388 0.134656
0.113257 0.185263 9.9991E-05 0.70138
0.0120213 0.777001 0.198709 0.0122691
9.9991E-05 0.802934 0.0869775 0.109988
9.9991E-05 0.847528 0.147264 0.0051089
0.148391 0.704667 0.139917 0.00702459
0.0198716 0.842704 9.9991E-05 0.137324
0.420885 0.143373 0.195082 0.24066
0.540321 0.0121451 0.186742 0.260792
0.724156 0.0113239 0.0731527 0.191367
0.435357 9.9991E-05 0.224396 0.340147
