IBR/IBR_outputs/all.combrep_1/FireFreq_2000_2008_Total.PersistForestCover_Total.Spinifex_Total.WeatheringIndex_Total/FireFreq_2000_2008_Total.PersistForestCover_Total.Spinifex_Total.WeatheringIndex_Total.asc
NCOLS 160 
NROWS 95 
XLLCORNER 210004.651214014 
YLLCORNER 7350008.22228844 
CELLSIZE 4999.99999999997 
NODATA_value -9999 
[rows 63 to 83 of 95, columns 0 to 45 of 160]
-9999 -9999 -9999 -9999 -9999 6.04069380665021 4.94633806918814 5.23227879400874 6.67312843594708 6.99631782981666 8.63579624816141 7.1320868744594 9.88045006788893 19.7702337814562 17.7437525361682 17.6195630274954 17.6616945156651 17.6953758985867 17.3655616992065 17.3882370770897 17.3251534301475 17.6894885144646 21.3686726966911 21.8482037291803 18.1149676449252 17.9392545025614 18.989000542541 14.716795205845 20.4477675578779 8.09224835827923 7.90062736378254 5.10803348915547 3.05981428079489 5.59944709660617 4.09846573121045 5.32903464821754 7.74188328520876 6.46031919984683 5.73531646996672 5.84732807883458 6.89909276404479 5.57522390118756 9.12154099891848 7.51240525750991 9.89248264857869 5.95694942551197
-9999 -9999 -9999 -9999 -9999 9.42559583093963 6.10707722241653 7.84731029433749 6.69744930536001 7.50384501816638 6.46432671130361 6.78780304806664 5.87360508115222 16.0556697412205 17.3505609544141 17.9579703138331 9.58674741247727 11.7011940054825 10.2351134580531 10.6788576475946 7.21711461927522 8.40810423075072 15.8607647127275 21.0004244658369 17.134199923399 13.5329629961068 7.10929425355999 7.81596970850068 8.07548179555236 7.33123362295565 5.59931356062247 5.07040966462693 5.35145231627972 5.3010635245976 7.09698980213088 18.0983908260293 12.8403866744459 6.31220653194813 5.15753050014663 8.07390295388151 7.98816420030548 7.99382548816454 6.72545227289346 6.98128482996827 8.54513768334199 6.54102742112429
-9999 -9999 -9999 -9999 -9999 8.72832898502115 8.6575719016861 7.31907432589066 6.82947708432329 6.56969993027792 6.82770925872154 6.88319826881387 6.33615268775813 5.18676147765822 15.3019011058444 14.6087204877959 4.39715541167704 4.07429941553431 3.93884130441558 6.65088765780397 7.33067707757597 3.64174593592416 21.2110881039513 23.6851975453257 8.77089130293245 7.24261895373305 4.41713216862839 3.49689633913944 4.62126183207659 11.4541853011947 9.1950191385842 5.21170233353208 6.59383809700598 7.44347983900673 7.20071334940123 2.55890024648676 5.70866445548195 17.8242659277135 7.76743571418124 7.19160415686508 9.31954379499167 7.44882222996983 6.94856334812889 10.7082616154492 8.72318655726334 7.39257775804615
-9999 -9999 -9999 -9999 -9999 7.67641561504133 9.32796834233973 6.48248612322144 7.35438394552174 8.64073725796096 8.34196294152957 6.69796420349997 5.97500448080571 4.6047248934519 7.38683673567159 12.7932322542633 4.72746192275351 4.79841167480927 4.4712430340938 5.96658808755516 5.73860684619493 4.82430345137414 10.5078457368695 10.1733212148535 7.2810699618427 13.4499307243209 5.10654979638765 5.10850355939159 3.55944294938392 6.40887978878158 14.1351632371674 9.70775474060231 5.52102391561827 6.36272474770747 4.66019721351778 1.98651737740478 3.84890415551965 7.60884810025674 7.6964549635883 7.46867742190708 7.75707683872328 7.39857846907935 6.50883714102573 7.36635344313198 10.629773676622 5.2054371256735
-9999 -9999 -9999 -9999 -9999 7.56726087346473 9.24847408973089 7.885679465997 8.00140276748619 10.0182668514502 4.89856115937368 4.87247474808793 4.91924676359529 3.72458745077339 5.06677975419566 5.04310753192486 4.94386669931245 5.26334553187481 6.33702875909256 6.67741888115924 5.85381897336248 10.3352473832152 6.13175690519646 6.44418583343593 5.5480623401871 8.02433494514189 7.5913376394092 5.98792020792565 4.63260127774564 4.6819508337134 7.19141622081381 7.52393746731906 6.68249313142122 5.5747225380907 4.85835788271831 3.30330607937645 4.36914743788496 5.99579574300075 3.60979008318636 8.27024482464073 7.23922382546755 7.88825621361384 5.71532123020117 7.20741376507283 7.12343782535388 6.56452947894338
-9999 -9999 -9999 -9999 -9999 7.48816295289778 7.2178071090635 6.67049795226488 8.19884070592359 8.19039801154017 5.84407616583445 6.84408045008548 5.91513834078772 5.18165607651695 4.25092531371572 4.92565965759563 5.85068151275839 5.48887409855698 8.25193998203815 6.81677001765401 6.70257848053995 5.2201464823666 5.35699854431231 7.36702636335844 5.02037897893278 5.29484754213062 9.42915835925155 6.64026827328597 4.23237810908414 6.13697631349876 6.47792233588349 5.54227316234355 2.81423853099437 2.43178055500825 5.20366069494711 4.49216990473895 2.708584152498 3.28855121547873 1.43212956561633 4.46951204488253 11.0104031879693 12.0591559120422 13.0589499036944 12.1529909308963 13.0410979789242 10.9818724588927
-9999 -9999 -9999 -9999 -9999 6.78978755319136 7.61182480040818 4.75358629906587 5.94662058453515 5.75488572888776 4.8461789684613 7.13210973772585 5.93729639506929 5.65828724021209 4.52876906336613 3.72248959889282 5.53412722940628 5.75770463427064 4.96464846152707 6.78447235503677 5.78709276571005 5.35061260864285 6.31121655324518 15.0396273437325 7.60138094048524 7.48386040697383 5.46986874478305 5.70085551832842 4.11268970634256 4.71150124993281 6.30162443265798 6.07332980094175 6.38182377924721 2.97459534060249 2.51899358387162 3.55766540431719 4.40712171450091 2.46071292921277 2.18646905891626 3.55641764369263 7.83095372980767 15.6919111094569 17.6944227083874 18.6581145156178 18.2941601911672 17.1096126747483
-9999 -9999 -9999 -9999 -9999 6.01996039009897 6.93651231712176 6.63741640806071 4.76836931374793 4.04081398055621 5.21056109422495 8.60183283608009 8.77161966530181 5.59417537636484 5.56846148730373 3.8560159154616 4.84065142305021 5.79248826860374 5.95073667783561 6.96563428331419 6.3955235454348 4.96580344113304 7.00336545598864 7.43200873523878 6.03105514356987 9.04483660237303 15.6129346539171 5.04851719481539 4.57889589424302 5.4049587492929 10.8393758835966 10.7115814205616 8.848588910792 6.88199132875144 5.17578142232647 7.41434508878816 8.46475033221616 5.15434614732758 3.50321669118798 7.97141367076003 15.0927687809695 10.4214213443665 17.494289277014 17.7568320741825 17.7644548931163 17.8861564302889
-9999 -9999 -9999 -9999 -9999 4.99806871969289 4.73633650470862 4.51632930637536 4.53530636627557 7.03490073256339 5.86515652501664 4.7983115375026 4.95990896296206 5.43910402584898 5.79787814227637 4.75060470581954 8.51361669426752 6.77138168525965 8.93406839120377 12.4097705684291 9.31438408256903 4.47676566599176 4.10595537143007 6.78823719352436 7.59626583587319 17.4911845518383 18.5169842600693 7.57056944970275 6.44724317548464 6.94171502601467 16.922179413686 11.3176976875496 5.32725967952169 7.50823725771331 9.84089569175734 7.29329002585245 8.19494005954237 4.89851893009324 4.50922952161129 4.39435263454629 5.80775627849304 11.8165681928568 16.8065243794531 17.9416265619084 17.6178027726754 17.6948439071405
-9999 -9999 -9999 -9999 -9999 5.33926168735491 4.94918752759272 4.45741682297612 4.68311764511499 8.16120068146738 5.13742025562221 4.50550997067395 4.6638530835166 5.64752975864699 5.95128807725329 4.02330954817757 8.99862656474149 7.51640369057303 9.20538473028052 19.3086340788474 15.8802563048419 5.06194451767689 3.49077333963845 6.44237282761766 15.3446896903038 17.3766553655401 18.9127391777579 14.8582658527535 13.5217456060593 12.2831399280486 17.299281984475 9.20983464570607 2.7161340760097 9.50528654224554 6.80411885419098 7.04460886452053 20.3128311467281 16.7392403673534 12.3693263091781 7.40443540676523 5.5366326719815 7.88278192999472 16.6131774713899 18.0979094268114 17.8389026257427 17.5322640697857
-9999 -9999 -9999 -9999 -9999 7.75046814138168 4.70580404433051 4.4790630371856 4.57984492502827 13.2072781648896 5.91056167975469 5.23007779877594 4.71607314595348 5.65184393551136 5.10404373745331 3.99228287597954 5.72573660162344 19.2019234540047 18.9427559826073 17.2903088624267 10.9752514702468 7.42456004663811 5.43240558426868 13.2135692648209 18.4246685796779 17.4768818238347 17.2558607297158 17.4955163166025 16.5038339487933 15.0397046544381 12.5615149221456 11.363339840405 6.6970429288641 8.2710850042175 14.2698445883387 7.31719812093067 6.63454704582352 15.289220836582 18.2707329229134 7.76141264377244 8.31814536519661 15.5451793948366 18.1424320833268 17.3543854747367 17.2460116391965 16.7366166744945
-9999 -9999 -9999 -9999 -9999 5.28130931832582 6.19586903515381 6.17013264090698 8.88743745814493 8.09658808094877 13.2722184113644 5.18612760181181 4.61265086350358 5.51344808867436 4.42263931458283 5.26742262053236 4.09654562621526 11.1232982455317 18.7784622998774 18.8645333542674 17.9490616178697 17.5845673157383 18.2718076571254 17.1383366080364 17.7648681988452 17.1588384812646 16.3796764874903 15.5879496376434 17.078935433475 17.0751103956057 12.3281818832503 16.4342839612615 8.17853663730424 12.3214281850001 20.1096747363249 8.68784749126965 7.73448161174595 9.05689925717139 18.2360955706601 15.7568680786675 10.4247554733407 7.20308731673918 16.9767417577765 17.8155706439574 17.5108432052528 17.4388348845709
-9999 -9999 -9999 -9999 -9999 16.8459359938605 14.1682518873009 16.0074268235728 18.1356346209341 15.8031160512836 17.3930706744304 7.73305454960853 4.78109338112899 5.20287137941099 4.99709935735276 5.34059878560199 5.53440876450215 5.85738288368716 14.8885578812407 17.7249485226047 18.1440441578801 18.149601507041 19.1831630096147 19.6540443792744 16.2041559221081 15.9702173024373 15.1380483032636 14.9903846664582 16.0022022857492 20.4561569084716 16.8322725013612 18.6986428789728 11.9778133614097 12.9203619678874 15.0204780366672 7.40600941289706 6.34176911581719 9.04415740100453 13.8670022440209 21.4400736606277 15.7589731992044 7.66997977862425 7.30765684992369 16.1696693428117 18.1144744403429 17.3316466538869
-9999 -9999 -9999 -9999 -9999 17.6363399032427 18.9586209248932 17.8688350790913 18.1919075012187 18.1451698908427 17.8755542598628 10.4422321217313 5.36222654674871 6.6973807746543 5.75631680326373 15.4594537668171 8.73294190184969 5.3326231626368 5.57733822409597 14.128098939595 18.0929401370557 18.4929722963073 18.5363573244709 19.0510640261986 16.8568448344286 15.6191611571282 15.328792691157 15.4395086564633 16.3037096598431 17.1047773955155 16.9346978018684 11.3550310927341 11.4614820821402 8.48695250238882 11.8433568117923 8.36968934893256 6.07417750656626 8.55997803230253 7.85058645850704 17.9115150920057 19.2070673867436 20.2551073647631 10.9619294530866 12.9138381786031 18.3184283278194 19.6726317054118
-9999 -9999 -9999 -9999 -9999 17.9089960862709 17.8169289876934 18.4702042479562 17.665795475754 17.5949849899414 19.280457900493 15.2062541789825 7.56801267710423 6.58753900274599 5.44266187479631 17.5435994208004 7.78786615697926 7.0354638424675 8.56212293113738 9.22368124345989 15.4886204124901 17.7796597576015 17.2785759413626 16.7787598022237 18.0264968314522 16.5239299915 16.2000479361261 16.2829753556359 17.5738450144923 17.5952504053199 15.0897662210826 11.5403483618085 13.5937113954707 9.39563443628282 7.43734382405389 6.77050095589903 6.24233813589737 7.75936224002972 14.0500652028157 11.287085647088 21.4633585111192 15.1863939779723 13.8527585170881 14.5318235275006 18.0947710831691 17.5980502802412
-9999 -9999 -9999 -9999 -9999 14.9310205630229 13.1724992175274 16.2842779894797 18.959495779175 17.7318890973955 17.8403920590245 18.036082790561 16.900712171883 5.56660304220666 6.68499384343739 11.7615438133559 8.88341840099355 7.26483749256922 16.8472690836515 16.3447917137188 9.75047146264307 15.5819491078468 17.730623136613 18.0194581814067 18.3825883135338 18.1697890039763 16.9650018884664 15.6799632025918 17.1758347362936 17.3648829552388 15.3388754545355 10.4944146623212 12.2575325093365 12.0231159548482 6.71407754904885 4.6862347091535 7.66476094441129 9.14027445995677 14.4741667806325 13.0845784767466 15.249006887232 18.9259034333589 14.8685467391881 13.7121964677218 17.807677460073 17.8176144051953
-9999 -9999 -9999 -9999 -9999 6.68976179790879 9.44543936057823 8.22070884815717 13.3173991687227 17.9918502657315 16.232573005085 12.9717142830501 17.7479458905153 6.48921579389897 5.85918802714597 5.26645351867112 7.55871544376545 11.5540693677714 16.4968693266156 17.2779179957088 18.0238591249178 17.012305833664 16.5878919682491 18.3356726067331 17.6626010385773 19.6318894442165 20.2973878937107 17.5003755015773 17.8343493578279 18.068007341455 15.190962056757 14.8068129108564 17.0155554086541 12.7929913772755 5.58838913812778 4.43705186973343 6.87939345770859 8.10185154967746 16.9071837015552 19.6602464186501 12.3448607552932 19.6331298458448 16.0459150306129 17.5435602737927 15.7619386445131 18.3536326935128
-9999 -9999 -9999 -9999 -9999 -9999 18.4809018769087 17.0831142733892 12.4192692062789 14.529781224198 8.72915236333918 7.71546505846865 13.6555510850615 10.5672859264502 8.04638807313873 5.33779367028837 4.88840201223471 9.34927633144216 16.1730479498945 16.979734739975 17.9223769272811 18.2973927521615 18.1699085738171 19.3478837240186 20.3361183890338 19.0313114512936 19.0676327481391 20.4710017057328 19.5173204593963 19.0146301766195 16.0382481911203 15.7335739428675 18.0538641843527 19.3595973863497 8.37051247531208 6.86101142986405 7.02609998251222 12.7726940608764 22.4154068649408 19.9827552957216 18.7313731752769 16.5741126110285 17.7148187056887 18.0317334045061 13.6844237999419 15.5712578653991
-9999 -9999 -9999 -9999 -9999 -9999 -9999 17.6347811512545 9.87733752588626 8.28995643066446 16.7805378488045 18.2062477597934 17.7329406877727 18.0042139861486 14.0236073402557 15.5748087560357 12.8956947274723 13.3138714907002 17.4430076205507 16.5809960663312 17.3262961874228 17.8574848063851 17.8944906399486 19.1269440871629 17.1778023995525 17.8623743577024 19.2329931485734 17.8052097852706 16.3615235041954 16.6141988819191 18.4647619697463 17.8880104140842 17.6611619941053 18.1667753048444 15.1457484116238 5.87854491409431 7.20605705854452 13.5882031969547 21.2333400276889 20.0211233812541 17.5719088591656 17.3689471513457 18.3942870194106 16.8894492597476 16.2140767368824 17.4528580316127
-9999 -9999 -9999 -9999 -9999 -9999 -9999 -9999 8.84088222552928 8.79275064586986 17.7936243020125 17.5287012969063 17.5132555134382 17.803587829816 17.8823253979985 20.6831862582962 24.4375474876101 7.1446243186956 18.7593324176941 19.1799680943626 16.7808762212977 15.8455091012781 15.8626443141884 18.7181086860357 18.8737378600452 17.2847266984494 18.2584525061396 17.6782483327055 18.2357155935627 18.2733484066537 19.9529207689679 18.7913836603731 18.671424110742 17.8762687877568 17.6365111976243 10.4010724309074 11.8606936842585 12.0087384898926 18.3774211084089 19.4065964749829 17.826841325849 18.2060207992666 16.2904796608913 18.4608443405063 20.5968072515779 17.6858424035051
-9999 -9999 -9999 -9999 -9999 -9999 -9999 -9999 -9999 16.0944466322572 17.8283362445484 17.5479355577919 17.3863717138181 17.8591805586478 17.8760978278022 17.7535523273313 19.0732863911262 6.20605784784677 4.4018266875986 9.16511428576338 22.1361649730436 16.2232850497427 15.496401625747 16.3083847769077 18.6853384133256 16.5325959008018 18.4923128934938 17.7723240052509 17.8811587929161 16.2481087390872 17.7921830348046 18.5970561809485 18.4262788639982 19.054835705088 17.5519060531887 17.5356501273717 20.2914277539119 18.1672499691722 18.5287405601945 17.9930660898487 18.1238267839992 17.3062458037476 17.4915173410094 17.1374523365251 18.0288337555456 18.0571209019244
