IBR/IBR_outputs/all.combrep_1/FireFreq_2000_2008_Total.PersistForestCover_Total.Spinifex_Total.WeatheringIndex_Total/FireFreq_2000_2008_Total.PersistForestCover_Total.Spinifex_Total.WeatheringIndex_Total.asc
NCOLS 160 
NROWS 95 
XLLCORNER 210004.651214014 
YLLCORNER 7350008.22228844 
CELLSIZE 4999.99999999997 
NODATA_value -9999 
[rows 63 to 83 of 95, columns 92 to 137 of 160]
9.75419337387139 8.5014373542143 6.78768854213567 7.61457361403563 6.90928073967509 7.21557992762914 8.32366373854254 9.72896764050902 8.90958408571517 10.9726085073641 13.8215478293277 18.3566611872566 20.3660300948135 18.9044516708322 18.8558601371601 23.0265188445666 23.0061678360178 19.1558433849818 17.8956746619444 17.5974694091934 17.8642636922158 17.8358391589416 19.3442164856535 18.2227461976061 17.8700202628525 17.9074621877156 20.2346821506416 14.6211538775905 12.5691796299108 13.7816309280544 24.7491445478093 7.078177687566 7.77065794821086 7.94732768540747 8.94633732782717 17.5142766691555 16.9947075910776 15.51596619951 13.4602909130299 12.2256709991995 8.28339291765071 9.82641971348962 7.75416129508051 10.6666377345866 11.6804078751976 11.3124467494092
7.56862137840579 8.9557059472057 18.4534932390551 14.0372957130715 13.5381628510937 7.76258783699702 7.13252551101353 6.51161289398566 7.59512154955872 9.30944025817517 10.5704390536136 9.48254526473468 16.7539500847959 17.7114626363948 21.3099339056604 22.5378001597948 24.6690749889403 27.0610071510418 22.3824960746165 18.5826998012836 19.8420824695353 19.0874698052636 20.3199616602346 18.7615881332781 21.6968831693801 19.4642518940601 18.8666730541408 17.8868886553601 14.9566583460882 16.7808263127749 13.1124215380085 8.03632107607278 5.48467278792045 6.92587295206182 10.6297183839614 13.5133420291545 15.7248412707948 13.2912109178976 19.7397156491212 21.3752524714039 11.2815707516743 8.40447158363352 8.95133482150164 13.0010910173199 11.7602279536763 8.56864435813554
8.06930388594508 14.2698455188253 22.2891068667641 20.8520978946095 18.5621828995 12.0399461675467 9.7452364775032 7.38152506491961 7.12824475428612 5.78217531535628 6.39443781796036 7.54267283463684 10.8794390260516 17.6919932956786 18.4153833424742 21.6364066081191 24.8360283197735 25.4798251347904 26.5495654862158 19.4245205478342 19.3837873076447 16.7672321632993 19.1252043469538 18.6183008820322 20.1928280004441 20.0108144562056 23.7748443302839 19.4726286137456 21.5472530173817 17.994669585113 12.5361454258919 12.7363697237836 7.16708887441054 8.168857481519 9.1942786079694 12.0383134111208 15.2525586051183 23.5398999570933 18.565486869914 17.9439220107308 11.7302859998667 8.20336852611429 9.26080054651552 13.9910879128226 13.406598926282 11.5866320668183
9.17796026782312 14.6335789440702 14.999037637759 22.5095182358216 18.2610683198826 21.4457389353792 13.1936560243481 10.3574622223031 13.9520249847029 8.66374449910401 8.24678070219799 6.34171457683559 8.59898770097969 15.3441400065872 16.5105376203414 20.735585779718 21.4079138649285 23.0697255770533 30.6729997617009 27.4261354708803 17.8818793420034 19.4114938444007 24.405262194248 20.2081324981662 29.4779607944536 24.2784182987412 21.0393065914244 17.7800637312917 17.4705487074225 17.5739353150148 18.2236103857485 19.4565401107021 14.121435742149 17.9126912264972 12.8612107596552 10.6162172390712 7.57874177544097 16.8358709014281 11.4596063795594 7.85019217958784 3.94255208459394 3.13847788196622 6.99511769002732 11.6170135188864 12.4376617179758 9.45174980998005
8.58963447759292 12.2560311693034 7.57070269077962 18.60805005634 19.8299064060739 20.2491788969834 16.8391684851496 7.77936066697243 7.7078057822001 6.77990089772797 7.42958410833427 6.20875795327587 4.7877510826646 12.0727520588526 12.5774721776687 9.00252252340954 9.07093943463107 13.8494174367419 29.6511267931765 34.6169929516709 29.0092522942143 26.0125945712409 16.3078843166379 17.8745958839892 25.282668555006 20.2540540186578 15.9175346607273 19.1262923102076 17.5724999321755 17.6113773087303 17.4786068564137 17.4846835550556 12.0118440660616 6.27939787683775 5.25535118347392 4.58896335208455 4.46152630566443 7.76962429698287 8.36960216773931 6.1933834329542 5.30310169781942 3.34363844081313 5.70210062629201 9.61149877724614 12.8738528429982 9.99852018166277
17.6618549775296 13.1132370997518 22.164620033436 22.8230986800715 16.5068189252424 13.4113947997936 17.8233093702896 13.9576568741289 7.71047570243244 8.61797577767086 6.09519594183432 6.32291191298634 4.87401588602219 8.7720881823893 8.43889145870677 8.43601819797487 8.42111913620815 7.13031480752392 10.7020435010664 29.3160023848349 32.5964737118013 28.1753081551952 33.0477256524604 30.9832199070723 29.5743815313889 17.9431306822675 12.0344621457673 17.9066786630426 20.564847585631 19.6386498268702 19.2142853351401 25.2959707961555 4.5748627681742 5.4885759324393 7.05408036262183 7.48725487255193 6.94554886791903 5.15898447500209 8.30903272935744 5.55888596327616 3.45763423279326 3.52220606154252 3.82094706287632 6.29059909382013 6.38199823956717 14.0959202714819
11.6884756054248 15.8309996487288 21.3501684769764 12.2325741902566 10.8187642776828 6.49733528931175 9.25717498902727 7.83943975230741 7.11433162936065 8.07222828594826 7.63748253521682 7.76949188895516 11.0123077074114 11.3307214087537 6.68593809756145 6.70961530045079 7.04446173439111 8.38080436983796 4.96550391590713 13.1261321806136 42.1879129905164 39.6177985901871 23.0289887077499 19.9089254677891 27.444579925435 22.2517093069195 18.619592302211 15.3832867250418 19.2210360630865 24.3442925391663 13.2551481757238 7.74400078992587 11.7369851780007 7.65255309459052 6.07716312110793 8.11759599865537 7.42337712725282 8.8246580706594 9.27422759505831 3.43316527262892 9.29429075030819 12.2423977595402 5.32623359673687 8.7442996678923 11.1413203077074 10.84435053702
13.2169111401924 10.7078178562769 11.5373123806775 7.23492490554961 11.6064504448631 7.28018892288856 6.38060791481317 6.89086426614214 9.44023478327308 6.9342183131507 5.92482506897535 6.74644569725656 11.9701703860439 6.18410778401313 6.19834837750331 6.51058494392866 6.60196036496072 9.13292885312899 8.2399933786144 6.89986298174913 37.5905304330811 36.5770058246651 23.7544269491941 24.6704710527445 24.8631897645503 21.0986445990903 22.7776428208074 8.42703050297184 11.3460036077534 17.9055794176066 26.4141554966816 5.81796352894322 19.6040625098333 21.4371782448117 10.9497499345891 7.75433420222928 7.95852441373293 14.3664656009682 8.06541902988636 8.93451014901393 11.7240994782499 6.16201441247798 5.60841494805504 8.5073279357693 15.8559020270571 19.8207659246299
14.907284364289 17.1243919186111 17.186378297289 9.83950202893773 7.0825815148999 5.7456180998893 8.116785527638 13.2988281206914 12.664922670459 6.57583980146357 5.39061118875462 7.79155834564004 5.69182207544158 5.51503717502985 6.64695004301575 6.00211475167592 5.21068627220873 6.03312463840192 12.8417290389551 17.5131726786178 30.2199753801217 24.138943339637 19.5794192553395 24.2797358639 20.0660296614931 20.6590023220819 18.5410330801898 9.88153057689298 7.95710132589979 13.028058190852 30.7014550819777 9.9493629358351 10.6603672058074 27.62281148299 20.6880130506918 6.47235001958011 6.95090730053422 6.63065476917506 14.0228750567525 17.389184871057 9.47814822475278 6.4427392806905 7.56479534491106 19.2216594594525 21.8778024045802 25.3109084505103
10.2354344413456 13.7368815918217 15.6829906794139 13.7485745014124 8.66256035079928 7.81551115915077 8.58539142979338 11.7375325882647 18.157688955265 15.2715720992042 15.9643478887503 12.6071685843646 6.37457718417753 8.66740704635956 8.70962400798241 6.55467348763925 6.11401044467212 5.8882633793702 8.95055339063451 18.8511576402002 23.7838632302313 12.2458545635058 15.6517371682471 23.0793143099533 19.61054032298 21.0030732616065 17.5321536102209 13.9863229721736 5.72200838871501 6.92670722331147 8.09215219654735 10.7137693732701 5.13707780343012 16.5667307814841 22.5598225061682 12.5355914285413 7.45032249906308 9.57586916420627 23.3355037292058 20.3500850173633 10.0516116463743 7.68179472286942 9.3813954525367 19.3035921080099 20.7827562788461 15.7988103805397
12.793700628159 14.0645345405787 19.937761811798 10.8416956656381 7.45647132826612 6.22146215401868 8.16021119764131 8.10311678786307 7.25798261638889 17.5163816072062 15.1040878365238 10.8567117414224 10.5966947074768 7.63365729190003 6.4685022608453 8.70223855354094 7.20090153150715 5.37232814507425 6.70240796237354 13.3658623779477 9.07400994519924 6.05057173572475 10.6596703258412 24.3240492965952 20.907548235599 21.0129514393104 20.558466517235 9.04299728934798 3.76482901806139 5.30453274933972 11.3797469684497 6.14859152719991 7.42283280581277 15.7400093574441 19.1981119517342 23.6713951711916 19.5459966233473 24.0518595253254 28.6953307047092 21.6602064927724 10.550386819954 12.3078768379206 14.2221522056267 19.6263126686919 22.8026659101108 17.6970379699631
14.8420924847325 12.0719487116794 16.732345449417 17.7700517115891 10.6382377016833 13.53406410342 20.2063233133076 13.4686985662334 11.2986580842354 15.1672215452521 13.7166443296616 8.12352184841463 6.78237135018641 7.07152780086651 10.5890571229634 8.44532334303896 7.35625035814823 6.42350580509322 6.22314088046436 7.61159033616803 5.97457508120114 5.38434969819375 6.11816626853428 9.17409265878679 19.102643136068 21.4213272162459 18.6344678885415 5.39190179962378 5.01060794865649 8.40500968694601 15.6648054366546 14.3026154134305 14.2781483498992 19.3097697970318 8.65413613073562 16.6303165629827 29.7887076595141 26.6025166700573 32.1226864588143 23.0076765785851 14.2304197957176 19.8523286594362 19.7434686233729 20.6553060984426 18.1412922070616 8.03349884773795
14.912235742569 12.5478741205474 14.7172057440575 13.4252685030275 16.8517561523439 18.976786829343 15.7145873289382 14.436301934703 16.6411405586014 14.5572430789475 12.1634035898619 15.0090758974638 15.6248188960747 14.1367983321954 11.4399268852568 10.1018949081372 9.15548585853013 7.25478890855685 7.17040061583913 8.52670459643478 8.70851056251296 7.29957861096029 6.59882175297054 6.59270116495692 15.4767378680364 20.8437292743637 15.0270458681908 5.19581468454451 5.20855861499723 14.7320706705984 20.0565275170048 16.1547671312675 9.86075422282481 10.7957452157503 7.8470077732892 5.49433469537589 9.74103463291643 27.1698130666558 24.949348358238 20.5922855109768 9.20342651992964 16.9217989329598 18.1975064695834 18.0393447413908 17.7997131139861 14.3223299886144
11.457607947692 14.0577851617948 12.8036408470661 8.68196876828295 9.88576334334303 10.9286768926906 9.53646380252218 10.1292910120334 10.5379940408166 11.3561875403284 10.8528914717615 16.5647854901083 12.9267395224834 17.5473436066206 16.2630953199286 12.3336637792594 16.8898677451351 15.6078603844524 11.7955171240028 11.4520481736131 8.79766971346783 8.48213292195019 8.70219137562086 7.10838818036193 8.36505926675253 22.052781353593 10.7628863523144 5.98579960311662 9.02191837672433 19.5172773204147 18.759925893157 12.0769660717819 8.8154352454815 8.02792897349198 7.84200612745124 6.03788897946796 6.41809716555687 22.4248043401752 23.5147403284827 19.095807816846 21.1296352914349 9.93517568904416 18.0368541653028 18.330031667394 18.5117482403308 16.6085215663404
17.035075249618 13.2736152123582 8.8624621763154 8.1934106849082 9.1454275889859 12.3955181845604 18.6360968962921 20.4133853203441 14.5147017100928 13.5624228510264 15.2056402487114 22.7189187144167 19.3563334030073 16.6908619104429 12.9171133603086 10.6318889012996 17.1530436265071 16.1644240286044 14.3955725047852 13.0099623456124 8.45918179602256 8.02046016896125 7.5894133818065 6.36506017199483 7.23813398230659 19.9362202584147 13.621429737328 7.51788088087025 18.9150207275856 18.3460323612322 11.5031959512727 10.1316688259939 10.1375703654251 8.08982143981177 7.70149127767506 5.95508168623797 7.40627941166925 11.2364252108719 15.8903605528535 18.3618223749902 19.7046451495781 20.6939540216364 19.4578439249216 12.6035317430538 16.3708465503623 17.2098507548431
8.62313929244766 10.8457843020207 10.2505077653075 10.1599109321401 10.9874135065497 8.44129776612905 10.5786122854447 16.0806074853583 21.6854256334209 24.9768156787133 28.3510753090733 24.3585164923967 19.8081756673525 16.4485656581976 17.3776488464929 21.182442722564 20.4902522347478 11.6116928353738 8.9759483411169 8.26786782257669 9.18335330945031 9.28318921548157 8.58488834926948 9.80345467397097 10.8846695260298 15.4186844113509 12.3596312660346 20.7121590725816 20.337455116723 13.9855452087714 11.5361819957715 8.54347767548587 9.4232737916727 10.7073707248992 10.7520239437073 5.91250068288703 6.54528801601099 11.2632393643716 9.70052470289753 11.9252527554636 16.6917034417111 18.6232517106316 22.8439313829388 17.588987036758 9.95899372283129 8.17202085090671
5.05772162145763 10.7580985509 12.4490320025869 25.4927098356659 25.0992254909971 21.6164606102121 28.5584827922357 16.0399947525201 18.3850240748586 28.2376017303401 10.4257223458719 8.22113548420198 7.50817481082115 6.6084938738272 7.60846253606656 12.4819294899394 10.1117789403234 7.53645136691897 7.00469792629012 6.65494734735977 8.47902739772523 7.57643017196237 6.22751395122783 6.4996871205748 11.956180259184 16.3961559681258 13.6725967951435 20.0045471072806 12.4018787159322 15.0092291801401 10.3645240062578 6.83071735498708 6.49480419930266 9.59703556706739 12.9691521006434 6.96622408018523 9.71130369217264 10.541177838402 12.4957815239194 10.0170656466075 10.7087360383527 18.851244917909 22.4226528452238 22.4920125993537 11.906077375695 7.79884466695178
13.3604026406959 21.356339703974 20.275908173908 16.3229008874087 20.5244121653736 23.6248001023009 24.2736447456603 18.2187223503504 27.4340406422424 24.3515794057736 17.1010294391546 19.4009697249043 18.8183763865395 16.2196372313387 14.9121767343861 18.0172204211858 12.5941195832621 7.87972989038712 7.88484845594022 10.7689680619613 10.4989795699651 8.65605170787365 6.75345228298557 6.60200110354738 9.21001836688314 7.3501535376239 4.96246666098969 9.14553869810966 13.2521423942023 16.1048256722696 7.61958642362561 6.49435899403844 5.82063144882489 10.5390855574728 12.1146884749412 8.05540619651165 16.419394589696 11.1744082442038 13.4628168122203 10.447870446771 20.2752367140461 21.1762760063845 22.0279665801836 22.7796060019053 10.2796841095621 8.19784324378371
9.77173755815016 15.7148973761415 10.7786763362903 9.22857366485676 9.15763997563983 11.0100432435754 25.2049656040298 24.4853243919659 27.1587519125196 22.5691124336147 25.8848403681285 23.5092596086528 22.312448114682 20.3952570343103 19.3199262993793 22.086856872156 13.1257625978998 9.19035864762169 7.54640289238375 8.7887794331613 8.24631326377439 12.5628182795358 14.972620991868 11.2735237630429 23.1357985241138 14.0501352482756 10.2468057816775 8.1996058074243 10.5070159440514 9.82675701397011 9.61789442366361 6.40776636586432 8.82135421525519 12.6396884207766 11.6078996716611 10.5043163794346 22.6978165933368 18.2744495739118 14.8480573881757 10.2125447184381 18.6009772589685 22.3126128643443 20.5141661949411 18.9964370019024 18.1493516720286 10.8390619200048
11.1231868329967 15.4143396040221 10.9014931319866 9.3386302646815 10.9835936871146 6.93523076130431 7.73323895472901 14.4847382433238 29.4910364184868 25.0320958664962 22.5139576777354 22.8200013016731 23.2416423922307 16.998236712005 16.9078021656172 18.8933735240657 16.8972459449438 13.8466201000683 9.91632286907775 10.4559310111388 9.51514834701587 10.4729524755346 13.9595942728151 28.4569524573099 29.1764773100345 22.8837979179277 21.097347623297 16.4417879067843 11.8669482614777 8.66080953811942 8.24091334184 9.91543475828828 11.1025268403119 17.4398905256978 13.7451928888043 10.5760134514714 17.2854450930388 15.1240705917203 10.7849768460732 11.2790409935027 20.4138683128412 12.3068454225234 16.6758776899462 18.6799250214305 19.1623583304662 18.2867460143866
10.0012581427425 10.0179242324271 11.0512295354351 7.54222990672988 9.449761067078 5.65581130241808 12.46577943329 10.5432717089354 9.99541952657381 10.2109904154733 9.58829587037121 16.232174676594 15.7272773540133 14.332445397985 11.701715308235 10.6007414674232 24.8042840661919 11.1673111474055 14.2188529039107 13.8975935868868 16.3939572818925 21.8167302496915 27.8864099408305 22.7733217089539 17.0470023239265 21.0718599853072 19.4817988191645 18.7954796797413 16.4923585110433 17.9565669207435 17.8137518928301 16.8298809861962 17.4049398185161 17.4559679853001 16.6613225290373 19.6940534630814 16.5344517254529 17.8294876069365 12.3507154909627 12.5236752377219 14.0683864444831 10.825809085116 20.3250581896639 15.5396310193194 19.5280469430129 17.3385300535176
