IBR/IBR_outputs/all.combrep_1/FireFreq_2000_2008_Total.PersistForestCover_Total.Spinifex_Total.WeatheringIndex_Total/FireFreq_2000_2008_Total.PersistForestCover_Total.Spinifex_Total.WeatheringIndex_Total.asc
NCOLS 160 
NROWS 95 
XLLCORNER 210004.651214014 
YLLCORNER 7350008.22228844 
CELLSIZE 4999.99999999997 
NODATA_value -9999 
[rows 21 to 41 of 95, columns 92 to 137 of 160]
5.94193407962794 5.77598323450328 5.13546721291217 6.21622942219426 4.48950632730727 4.94123093267668 6.69114288180805 3.41816658663268 6.00563986795631 7.33386650325008 5.30740884504187 4.81258270131413 8.99598182671332 17.8085312249949 17.0525472889339 5.71980461507738 7.17172004543191 9.78675447171868 15.801866990711 18.056102352157 15.4508042918622 6.12532793210927 6.31721479558038 5.80089469622678 9.92907580694535 19.0640313114326 18.8061919160607 19.3792301414038 20.3495454805171 16.2747576394421 12.0462096851393 7.75676367506333 6.18536591644644 9.59262697359473 7.81579913300328 7.57404093098953 6.96089748946896 8.58573997082307 8.78268273532194 9.894246733481 8.94888497090253 11.4291231926148 9.37250199264876 8.81884155130363 8.39383709361797 9.33500692501441
4.67280495743019 5.24606910728369 5.69776759017878 4.60908467100639 4.31170935693041 4.15481928951728 5.09392701875119 4.22751897760987 5.04236463072191 5.39160428847231 7.42343392439652 6.84263988557572 5.03938609185521 15.2457272011984 12.9745465796232 6.47919191713342 7.63240707972278 7.43589457703461 7.2991388700878 6.66382713044166 14.1990689346239 7.65337835865218 6.1460158482951 5.69391111820079 5.86003980521929 5.80226630818239 6.66098588534763 6.89172125060757 8.45929395613826 6.82034567913213 10.8635111866709 15.9569166067039 14.394199908922 11.3487460252355 6.71422723298945 7.49535273934065 6.99545742044488 7.96967761157466 9.37712205681899 11.2630707918836 15.8715567269138 16.524664106316 10.8671474565764 9.12506312477593 9.31105852436758 9.41874558515645
6.11238962699536 6.24893528436321 5.42377729854585 3.764331239105 4.09013424270575 4.29962467796635 3.48952447430263 4.472085227567 4.985927958624 4.76617226106232 6.28741437940585 6.87760475015842 6.19525039911714 17.1068226124761 11.5261933972811 7.23059867584792 8.10368714320166 7.62829631489616 7.95176618777226 6.98793350480174 8.43939024929169 16.5161677445168 6.9351569477298 5.76427144519218 5.99356925837333 6.03750207022455 5.75816833728431 6.64123557128822 6.80171593983351 5.19395282957518 5.95109117668587 6.5923812128172 7.86075136557499 11.0697723307022 13.1982038246533 19.2503026801189 13.1569683646345 9.1561706633243 13.481938228664 17.3812755396032 14.7478462384178 19.7922008744376 18.1372271582349 18.3422870775689 10.886665780716 9.04919385915609
5.09647444840749 5.40803879485555 5.0616612523617 3.21160313902807 3.17300753608798 4.19314152072945 4.28755165392623 3.79026694620163 4.56209126785478 4.847998137181 5.23645200958811 6.88491052083515 6.3255476225457 6.97022537034231 6.64313397025057 7.57529335455295 7.34715788241404 8.5750735064175 8.32348431508779 7.22143480044571 6.76282364080271 7.42715275912327 8.66359657285886 5.47334967228489 5.3058147755901 5.56396366350146 5.85472993535547 6.2413731374875 5.90754698367264 5.82966580518407 6.18971231209209 7.28104201860417 9.11111737122395 6.96518132299588 7.82205203077373 5.27139724669957 9.74210320297605 11.8052098536059 8.22826241881243 6.42236912070863 9.77636876270721 19.2604688153305 22.0163144339178 19.0523896424857 18.0232871315859 14.4490430224801
4.52178453672016 4.30683356744127 3.99444491383205 4.00754522595428 3.75578430824726 5.02465271147304 4.61882108068482 4.59756113883234 4.0604982326689 4.59184838419715 4.62627402675648 6.72767304566125 7.19823630984036 5.50836934159507 6.76662978184214 7.41776381711461 6.30149079336027 6.24004286956416 6.7058659902092 6.70265448221364 8.29398112639671 6.5147657467656 6.58769585804204 5.44309222236082 5.39651339095298 5.44581463090249 5.87862916207329 5.35563434396535 4.96667696093225 4.72931509138941 6.36106412880382 6.95602103233225 5.86980333002002 7.15586121614043 6.77026360488856 5.87135482803533 4.57416506290457 4.82695860271244 4.91717896087901 4.70273936101408 4.03295704557646 10.2780043878631 18.9361216016097 21.843558678533 22.3268728575799 20.3369278279618
3.2853005215972 3.82699515660897 3.53862917906969 3.52064448372537 4.04274649307872 4.30940605836892 3.90841665712657 3.70266186272117 5.01572003798708 5.61679351015265 6.50900107380366 6.32497814154239 6.13443347679103 6.33977247434339 7.26587558406507 6.9957469826692 6.5871472682905 6.21299864409454 6.78559302258731 7.13746448438468 8.95939599761911 6.80746342696332 6.47399533777794 7.53058173811934 4.70998412102314 4.86232139102927 6.13114900568064 5.57647562205635 5.08424200529382 5.72560087321766 7.19731093498138 8.37409268268873 4.36013883754955 7.47925896677358 7.58326108350436 5.46198682702499 4.33660916168172 4.08169039672543 4.87100955895178 4.27602082897181 5.1460016318174 6.08062637057273 17.3408619529099 17.7840630921462 19.2630447181686 21.2903437508402
4.36982151867599 4.49459373691828 4.32102818128487 3.7985873578435 4.26654785329653 3.49704222336498 4.18269652649231 2.85670318312538 3.76649784986763 4.87181721009538 4.61944457782656 5.65948552484167 6.80575886083596 6.41654663631365 12.6249183009912 5.89730852984721 5.70969625635824 5.36318096851883 6.7090970997166 7.07402759382314 11.5859372413137 7.98407620448187 10.5517200721984 11.6307356110715 6.29769565352306 6.14480641545847 5.71681894311171 5.80502030525483 5.74049409481303 6.48213239761188 8.00775193441983 10.4221909357362 4.44471886435176 5.84562650356085 8.55139075913043 8.26039733160523 5.11908806448464 4.59769471798621 5.66385064168305 3.65859456202816 4.11494642991757 4.71339964042449 11.038447392481 17.975907210657 14.9589100402886 16.2654774701979
3.77561455415996 3.21530855932759 4.27253920798669 4.56889025350974 4.00470027902667 3.6624051675287 5.22173667929607 2.19202317172517 2.13986002019539 3.67988914869937 6.53306033611309 6.65436851423753 6.17364905781719 6.97775715534239 7.37901340358367 10.0318918961067 8.00177799123272 7.58027128451619 7.23274127261471 8.82683812008976 8.77309468522891 9.39718391518377 6.716932215578 6.19238087465208 7.22272788193735 10.6608231721828 10.8840589525478 13.4159830115686 10.9696886532564 8.49101881687766 6.44073376060533 9.97727909316902 10.3676227795128 5.03976130539181 5.97262054459626 8.66899166117365 7.23012328990951 6.42037810247962 6.31112320801327 5.72932915267886 5.49508991699848 6.35043999828309 12.3626429840084 17.8834642317722 10.3968123554255 10.4036531099289
5.30308922497409 3.65790798364307 5.67867427145148 4.96568552933216 3.93510346396502 4.705573483975 11.2069581289282 3.47776644790811 6.16803374452347 7.62762295980793 6.59560554111951 5.90489024583868 7.14426420937917 7.29568548726271 7.25610308079199 9.31320908930518 11.592544277869 6.58521108031172 6.5339809500243 7.18189997775522 5.96164914802246 8.97720618911036 6.31943257291113 9.39895934666536 8.14789597858367 11.7325011607603 9.97746858846945 9.16614451125963 8.71679859281322 4.26347281235021 6.23620024421759 6.69809141772366 10.5441909129854 9.13166792047644 5.44644997848048 8.23895557273941 9.46002374484528 10.324372648313 10.1982899741619 8.95035160994011 6.86226332935596 7.22549277814172 15.9575239834367 19.7174674594061 10.0844628893675 9.68487380430371
7.74305357077787 5.5487882945482 7.34348077550429 6.4907271501731 5.37799776599309 10.4857459482993 10.1714696683898 5.29293986674439 8.41541062989455 6.92649366028347 6.721441242552 6.85894242859055 6.33785683604334 7.05712836356442 8.78939990066866 8.16132971123805 8.46651199975946 10.3451754953302 6.23984553424741 5.73433297371543 5.78105858536464 6.97681588380685 8.17720633755118 12.4506777733601 9.6604846921256 9.92392593673948 3.36418693904878 2.33229594712127 3.79367364764915 3.56795835576062 3.51141673898973 3.01990695268339 5.66323182637307 5.54937821453348 8.45099683574835 4.9265618251089 12.6374772741389 11.0413521023958 9.81598951546488 8.39834052833369 8.64724863609449 12.827634856125 11.7196529643878 17.078942032169 13.6529700091846 9.0605294466656
7.133853397988 5.32691757897415 6.50886452319414 6.42432423172136 7.43620853587324 10.0790287632421 12.8640444497408 7.66128685913922 8.70512343633008 10.0641096093665 6.39511578840802 7.54008355249655 6.25214330788587 5.08632084071999 8.43999906991497 10.8010201772979 10.352277720804 12.9498028019778 7.68194910925277 6.36712186388967 6.99219262907462 6.9473977877439 7.6113894596404 13.7284410265021 8.7955557680595 6.53603451488633 5.12057876339018 5.06953924110918 3.81579222991326 4.28909866624823 3.7276580313408 3.89083517080175 4.45556662643336 4.29685904494916 6.52498881582574 5.44036155683614 5.95615735405323 11.3559410714605 11.4015796848158 9.87533089449156 13.6159573496564 14.4758802752238 12.1823124206637 12.6549400923016 17.5182899361189 9.8209634710405
5.98906293142591 5.00018023213037 5.30178478968677 6.0717811750966 6.77320773042176 8.62486614676548 11.1409066001705 7.87607619923193 9.2533570668323 8.48669781480498 9.25223106669944 7.08790450845311 6.25061521011525 5.59545421008904 16.4598858433008 11.8428239211144 8.30367149928767 14.1090075391092 8.5308973051703 7.81642692129415 7.86586046507619 7.23657188632629 8.43244111883473 13.0996893129278 7.77531604365149 6.85873460157891 2.68163774671817 2.22439094109788 3.84280499856914 4.09058494928228 3.71483967939205 3.79639622977402 3.9868311041795 4.53249036720421 5.71998743780938 6.56817949718196 6.89573686613019 9.14260513965433 10.7413916889128 10.881909702071 11.1573729893486 12.265152297726 11.201377666994 11.0323174850183 12.9323690601379 12.9934848270351
9.66105461982513 8.19411945476411 4.99415090492908 7.57077948148644 7.22879539471231 7.11964304267372 8.7763669774412 7.42874171890331 9.6056830629103 10.7654877177572 5.69023457400813 4.86913694986974 6.00080836942384 7.59762812091927 16.3387898266446 13.5075075447376 11.459736991322 10.8520361762093 12.417018382474 7.75441971010841 7.90392114767669 8.57088830093168 10.4183004754058 8.38241625184567 6.13621619040697 5.49720279187236 4.75117437718579 4.87912433154861 3.92077594267583 5.0145811293277 3.60160404745535 3.02379648108279 5.58248177970025 4.21573678979378 5.0287268053059 6.93364571947814 8.09881541094361 8.79339731629309 9.46419227601754 16.2767059714381 9.21065791423647 13.9990596201264 9.78169944037487 10.6736824180593 11.3712562891212 12.9163578804381
8.83539654331819 7.18764826161516 3.99403905169495 4.5851995830811 10.8316864367123 9.78904500005521 6.1268650975659 6.59007745225826 7.83263110972013 10.6832348538174 4.94122796063523 3.42262774277546 7.79662984924486 11.6052817037451 11.5456832954811 11.1114621284519 10.1225186582746 10.0815982634569 8.17952478491196 7.16557307487428 8.26040016566456 8.30199636199756 9.22994534039146 8.80353035885583 5.26081821632454 6.42196789842292 6.49821813379553 6.25437378120395 6.86522028436886 5.54485187051869 4.91653647236247 3.95356831321892 4.76615921383746 5.13275036843444 4.65722007340249 6.86672327929662 9.24874089440518 10.5486340429099 9.6853217010275 7.8466209139468 9.57397388707979 13.741491521554 9.5406458342828 7.97021148134271 9.81680761692376 11.3692758123423
2.89712262661244 4.91094048284819 2.70371124537192 3.73018392871763 5.81135449698523 6.06672044948244 10.2321378065364 8.3521095279304 8.78207277197831 6.07088476664328 4.96073554450683 3.47238940423314 6.99592100944986 9.77900193193029 7.78505796502353 9.66909349111223 6.85281567789478 6.47379054405661 7.30518809092315 6.97474651409803 7.80466012129566 10.776499688952 10.4634558165798 8.00545925928896 7.64333018241318 4.3334751852435 6.95469501682998 6.21146128975257 4.80546733924756 5.17787917371833 4.64800320613147 5.2587286382235 4.85773298677035 6.47843720272173 7.19172349675699 8.15347787876158 7.56712559612508 10.0687524150521 13.0545483581296 7.91637500962543 10.1901350130137 10.1647954744838 10.0915939618009 9.3277730343672 11.4123447428118 14.8376568431856
2.33272681988201 3.79205521671043 4.43577377953293 2.38565611969492 5.1186019986053 7.12021358849492 6.14556824342054 6.63415557488384 9.57269212854837 5.77810337852437 4.01256122382501 5.50020487242051 8.52650248735833 11.8839011204913 11.5736705058146 9.45397456172821 7.17617182457129 6.93296370946068 6.33122935358023 8.2730819937966 5.42217744015918 8.11620496425066 9.97541725178165 10.260610595238 15.973462614721 10.3823625173944 5.13513700523719 6.30043869100088 4.88662905868527 4.23133660095697 3.4063932096115 4.34328325469971 5.76199176730735 6.6006771122415 8.53756043590487 7.2902940354518 8.17521756097691 13.8302810253849 12.1854270920911 9.49921080713589 8.79915601904484 9.28960575919195 11.4944186559658 8.17387258234291 10.9204684668214 12.4068971427827
1.18550399220652 2.4443183074935 3.20980550220014 3.3231844156187 2.92084842878748 6.57200083586405 5.23281996358191 5.25079009466839 7.55068392726762 5.88500426754944 4.30801603657795 7.4100900091511 7.4111036210791 9.23566624090391 15.3045955719709 10.9626203610177 8.92458344235041 8.54515359403278 7.30779603725759 7.80119338980817 7.64689301804946 8.52576363081358 10.3850100946074 11.1069654333286 12.1059981039324 9.5177179371569 10.1440014181898 6.72337109059986 6.46402725043802 6.31474232738932 5.98760526780628 6.64389015709084 6.73475193928391 8.63879087245126 7.85353733525521 9.55108128519251 12.5227131283605 10.9640338361714 5.94706400021055 9.30918554278693 8.16586296811725 7.27867761933842 8.51972256479009 10.8139290292553 12.5121808056291 12.1083977457179
1.79551301868303 2.57325124514963 2.43383297547454 3.04016445242133 2.96726996479002 4.47213287791799 7.67668199445005 6.31913107286309 7.49443422620172 6.11983577841212 6.18656295038297 7.70011953360636 10.7299262909794 15.1258201419385 9.87058046756376 6.40964083898205 7.44520074523444 8.2614266334589 6.51351913902923 8.0929219735533 7.36372980438669 7.45476760240824 11.9048437997791 8.03943794073917 7.64724820503342 7.02605502086201 5.42344710198087 7.9742049085758 7.40048551920788 6.72751740240502 6.84671470933002 6.1739717835723 6.85347117900219 8.04328829131447 7.98462780839416 6.12017629462826 8.15851180237074 8.96956359297801 7.15574126822119 9.66961395802079 9.5468980208158 6.83506301481691 6.66529727380746 8.4524142097148 9.67627651805785 6.74661551171381
3.74586298984236 3.37755272794852 3.36396747140066 3.1143217120132 3.43430036319976 4.43542964684675 3.70267636759255 8.14991851573047 8.02264015268865 5.32489219614643 8.57077423362113 6.58255834839057 8.63518981198634 11.2233513131514 7.80932938759032 4.52939293968491 2.86908005643403 2.98031124676991 5.23857576654464 9.84309978940965 10.3016759059537 9.37510511309484 13.1490568382924 7.27484942923862 5.23267538757139 4.52313750526399 3.80232892355187 3.72740487787713 7.2376817020453 8.74381699522949 8.80651909450448 14.2515167544487 10.5765441371716 7.16279232693721 6.55851917588306 6.9378290236423 7.36462728882106 9.18357780519996 5.66048212956564 5.81071382923757 6.60204548214807 8.01361455791258 6.87368717831774 7.63363460205336 4.66190810710871 6.47771451120181
6.96280613981755 4.70915270131984 3.79797838168234 4.03662768442689 4.17710581160993 4.01122871955081 2.55031252350612 5.61739133994347 12.0773814450979 7.15562537928832 9.43393164815144 8.66634473878614 12.5062120148774 11.4701938498509 8.27479200187325 4.75929979281499 2.95054773306474 2.37950609196327 3.90568245423375 7.00551029609877 11.4550660757682 10.5312311264647 9.6727840628912 6.10342802206781 8.67517327203146 4.92296789889395 4.60769428281352 4.54941345258904 4.5853946342842 8.5148909812038 10.2107658396124 8.74841397825735 6.22887752912419 9.00832371293047 9.31326048347701 8.33785565156778 7.04905405586441 5.92610481789415 9.15478018207792 5.91136816417564 4.57373984856539 4.04239927169553 5.53597716038594 6.66899446010598 5.1322706041547 4.60405049768235
7.93448686078736 7.57818622881085 6.56008148339418 4.714341707455 2.6805641439058 2.46991721542331 3.12551109703421 4.10082069889594 6.21483337760656 10.1085961356894 7.26319994284981 8.8291203735565 10.0206837905618 10.4287383359434 8.74891891246754 3.92288104738093 3.57802196648184 3.27873692047093 4.17981593620849 3.89368098474174 7.24103929990726 11.9971752971921 12.6131784081163 5.35448074729105 6.10721693208875 5.00246916552393 4.76538204784141 4.77728591973166 3.59738920443638 7.39752432584552 8.33247771030892 7.65221474633385 9.40803464814944 9.90503910034275 7.955194076867 5.20457289578716 6.69610467781707 6.24666341657202 13.1035225557934 8.80000442366215 5.22242218962785 2.78323399784516 3.19983961138891 4.93162236203563 4.32252461633128 4.54557275432691
