0,22.0245743068576,20.1855128076223,22.9742010628722,27.105973127297,25.7074530648956,28.7605454111951,24.653310725448,54.9271285741915,58.9676813078833,80.5388444018195,54.8083125013073,52.6318239388581,56.0506111365817,46.5990239171357,47.4734020311148,48.6317074647699,52.9276969951108,51.1302235437996,47.1389096659787,32.447525266251,34.8745801239446,32.9544237328672,60.7524309367168,90.0409948532702,104.927521164285,54.2965610844697,53.2647520819467,48.1846033121109,47.657900742361,45.1244557693578,50.3195490228122,57.9524393013452,38.5735571634631,49.8448577336045,48.4481854829643,57.876378312029,63.9171603607181,66.2290890220816,70.1943573195666,63.4274687612701,63.7309202846,63.6112282435587,63.3307384972562,69.3837026854356,70.7991179654483,83.0046181951636,69.1874248607415,80.9294063332775,70.3437602191336,71.9959552967746,36.5898608490475,34.8730436134869,36.8493085184672,37.8428750144047,38.3692861705644,36.2785591407691,34.9757841402673,28.0242787577376,30.5614094439589,29.9400017220619,29.8552801853629,30.8031591618883,93.3816061507994,35.8706447952744,42.7074220747619,72.7114020705768,72.8767344047729,71.8150578582732,68.665680998724,66.0889076886899,64.3451383865506,70.6895016225825,68.5943607648154,64.5343106945231,40.8944821250175,42.7729554242791,49.4717547234727,33.9403952873902,34.5784483887544,46.3452285203944
22.0245743068576,0,22.8053231742372,21.171736982079,22.7108420763545,26.801817064075,29.2184350427187,23.7673100808327,54.6467118225262,58.6909046367276,81.1288292312867,54.5487033400211,52.3666426939878,55.7816167812206,47.325431829668,48.1630134264166,48.9098618158645,53.2177034476656,51.3988505424589,47.4410463828798,33.2438785843288,35.713187088827,33.7953800224245,61.1435177778992,90.7022919695706,105.578721383113,54.5385744753341,53.5514842452801,48.9618721090037,47.417810722467,44.8810409384281,50.0768265247154,58.6117812648098,39.4575958905844,50.5216590409046,49.1292388612611,57.6329640303872,64.5279121314981,66.8421470519611,70.8058684003422,64.0250239572125,64.3280430919946,64.2068104864627,63.9260157387869,69.9823972510849,71.4017279277336,83.6046187195781,69.7882996508371,81.5297448992167,70.9439572195418,72.6006856745566,37.0601727409264,35.3556156115927,37.3460701068627,38.2566999810051,38.9849693189458,36.8829648234117,35.5553036474312,28.986298199355,31.4514699850705,30.89713933115,30.8203680745567,31.866585835121,93.5513634747773,35.7648984072884,42.8113169205747,73.33580783227,73.5025159449089,72.4401797818823,69.2899666598831,66.6780348570399,64.9342479771382,71.2849696254141,69.1903956601498,65.1178025764614,41.269460350419,43.167620845344,50.0581877416747,34.5641082237377,35.7507880298021,46.028310206952
20.1855128076223,22.8053231742372,0,26.2285882694441,27.5358505910234,19.0610821627172,24.3479942915595,19.2907130553457,53.6439087113829,57.6744665932355,78.9304671677528,53.6141696075134,51.4304448522401,54.8126201534558,45.0279038172475,45.868094421997,47.9957268320653,52.2796586821822,50.4803683514797,46.5023224791991,31.7466804812487,34.0419256208659,32.1804843286948,58.9892680135821,88.5090097590017,103.381613355443,52.5178876002616,51.4797492114065,46.7229754201796,46.0667636531702,43.5223947961652,48.8367911406415,56.4020063779142,37.5334310896229,48.2214939920497,46.8183920100943,56.7277983013696,62.3238764338259,64.6381075436745,68.6025613353318,61.8215599577258,62.1251169900904,62.0037018868749,61.7234105219974,67.7816147971291,69.200340398287,81.4040362747746,67.5870900346963,79.3292823152019,68.7429840825391,70.3991057331763,35.9810777864539,34.2717188943615,36.229732258352,37.2466722240156,37.6695082069741,35.6036058961962,34.3267760912754,25.6201658109797,29.8838670309446,29.2252260179294,29.2329061250714,30.1313128262834,92.654437232536,33.3717964116494,40.817456486873,71.13346942526,71.3001910534056,70.237804710189,67.0875407707702,64.478253333791,62.7342387234142,69.0846612778223,66.9897976531308,62.919071576728,38.9651774809072,40.870379191252,47.8069099468761,31.8684332697147,33.209329638431,45.0562741331609
22.9742010628722,21.171736982079,26.2285882694441,0,19.8655510935953,28.7082237401431,30.4179254033426,26.0171253556314,53.6373598418478,57.6926754814898,80.4399974427865,53.4355166519907,51.2621180752237,54.7193767335423,46.595778421805,47.4677023797494,47.1619008260061,51.4858170737796,49.6672224957563,45.6961184715938,31.6365070314132,34.2487477348756,32.2730833721278,60.6149503071414,89.9349488767149,104.825594988801,54.034619957718,53.0506838165203,48.1234138471908,46.7559728979161,44.232221754675,49.2914454914458,57.8629728981196,38.2087184137395,49.8443402256705,48.4580178442848,56.466603089789,63.8233193239212,66.13518568126,70.0997737185349,63.3334376561506,63.6363706374438,63.5169018767169,63.2359242315851,69.2869932346541,70.7028933726406,82.9076738325013,69.0910744775281,80.8323339041363,70.247195853995,71.8998596793857,35.296767828998,33.5848693562174,35.5977800451868,36.4728228010586,37.3387075265196,35.2087906081932,33.8496779363089,28.9220306174872,29.8471472733044,29.3506621470824,29.1864545289487,30.315910785162,91.9062623346821,35.9853797018916,42.4289445310925,72.615482701286,72.7807610561935,71.7191538397317,68.5698521072832,65.9914830671503,64.2479385629563,70.592416722566,68.4975453623193,64.4360089895163,40.8976158820345,42.7696255304602,49.4246012245793,34.2919658093298,34.8783126790405,45.0293183827559
27.105973127297,22.7108420763545,27.5358505910234,19.8655510935953,0,29.0487645184972,30.3380280381245,25.5561709368838,52.7824780646069,56.8414753470096,80.3250950084324,52.6022894106889,50.4230395029987,53.8762050879609,46.5878754774926,47.4281843604988,46.9062925413654,51.2394214266899,49.4000020189082,45.4633884910824,31.832164131319,34.4473240687598,32.4862992241251,60.3325772326284,89.8847143045345,104.76576722743,53.6327769291871,52.6848903436209,48.1684937511547,45.9481889661071,43.4225057776366,48.4745483507546,57.8085743282782,38.400063928023,49.7930659730913,48.4091204272471,55.6506695848598,63.72629358088,66.0402233786942,70.0035212266277,63.2246809667795,63.5272942355131,63.4064260539288,63.1252379266386,69.1795879931827,70.5989168871242,82.8014620738803,68.9855672473407,80.7264396019482,70.1411114633766,71.7977570327777,35.228046401639,33.5296864769151,35.5508036255916,36.3545199213707,37.3808685798107,35.2466382010412,33.8714395363781,29.0113762392683,30.121346543475,29.6636772800292,29.5308785790238,30.7128548372427,91.5320139432515,35.4297015339715,41.9223404791953,72.5309072085897,72.6974204087508,71.6352152113963,68.4851571579351,65.875644443171,64.1320569441018,70.4821831346021,68.3877834037783,64.3152628163932,40.6016418882207,42.4886519972056,49.3008671164559,34.1737648331451,35.1956707477118,44.1375741132284
25.7074530648956,26.801817064075,19.0610821627172,28.7082237401431,29.0487645184972,0,19.3006159273526,17.4550979959681,53.4562822401685,57.4778302410708,78.465244939176,53.5030461616694,51.3133643065094,54.6637799294127,44.6076423095574,45.4136487985548,48.3494785945002,52.6241340870084,50.8229880296704,46.8560806761326,32.0741511637722,34.2673792393564,32.4544530214033,58.36864842648,88.1166716114632,102.976221203451,51.8777695772868,50.8343978888504,46.4045527379785,45.6035472983805,43.0494974185729,48.4710599175691,55.9933681489743,37.5925645465594,47.7495930844903,46.3410375079369,56.6554561703223,61.873529169789,64.189973752591,68.1535945689955,61.3590329512579,61.6626566121552,61.5395950819769,61.2594622827788,67.3225901097645,68.7445364881604,80.9464463902637,67.1297778589682,78.8721248304608,68.2852325164069,69.9451672588141,36.3608568722256,34.6576207768998,36.6019235746035,37.6345906013118,37.9825666023108,35.9361585657095,34.6788552368452,24.35604296458,30.2419724050122,29.5646690093792,29.6450397380741,30.5235635526988,92.9335782769872,31.9321280089503,40.0637708185134,70.6977497188389,70.8658039660481,69.8027400041402,66.6516282507484,64.0109262888164,62.2666895269258,68.6229602371006,66.5283813961907,62.4472657293868,38.1758326160448,40.1094318874449,47.2898183510712,30.9414756814976,33.0576148163678,44.8663596231633
28.7605454111951,29.2184350427187,24.3479942915595,30.4179254033426,30.3380280381245,19.3006159273526,0,19.0364634910304,53.2700737921919,57.2828183177359,77.9723105679567,53.3853904590872,51.1908073469562,54.5122013139147,44.1608321769639,44.9328611577094,48.616921290635,52.8832389505478,51.0813179878059,47.1226354817004,32.3093069889207,34.4151712142502,32.6447224720529,57.7222941087905,87.6935222062728,102.540618622237,51.2170903744944,50.1660093738451,46.0555938075883,45.1543543122449,42.5915836681266,48.1142071498491,55.5549485017665,37.5955415903615,47.2516093228099,45.8378855641429,56.5719993400803,61.3948883031301,63.7134591987556,67.6762764584049,60.8686840074081,61.1723712074054,61.0477261981588,60.7677457383158,66.835606385456,68.2606468152118,80.4608409588848,66.6444393169386,78.3869346750334,67.7994718096487,69.4630694226346,36.6437306398872,34.9452553533923,36.8775919151539,37.9260927339299,38.2044523946155,36.1752115602138,34.9352161540439,23.0607478869707,30.5061263022438,29.8164212324367,29.9571853223856,30.8254677439258,93.1412544204071,30.3481974702286,39.2894197930286,70.2331392748761,70.4024716295378,69.3387582435227,66.1868337560265,63.5159629461992,61.7715118306007,68.1334052473753,66.0390997520231,61.9479950386851,37.3463945792857,39.3109418652487,46.746047398781,29.9530838036416,32.9102160721987,44.6826054645605
24.653310725448,23.7673100808327,19.2907130553457,26.0171253556314,25.5561709368838,17.4550979959681,19.0364634910304,0,50.839553097208,54.8637562713296,76.7315626608966,50.9104022805788,48.7154524378974,52.0602462672173,43.0177978718515,43.7901828000151,46.2217016653516,50.5060410420756,48.6872945934868,44.7480095216817,30.3795716869914,32.6365557387263,30.811063246555,56.44165145804,86.4467076753962,101.297849303387,49.7879799649592,48.7943423029734,44.8473330211156,42.9971492539175,40.4377329190724,45.8761224773213,54.3248961887965,36.0486507319589,46.1156678186835,44.7132723705929,54.07939768744,60.159813857645,62.4783529036879,66.4404247933976,59.6332224394127,59.9363477490076,59.8119227732911,59.5314142151627,65.5972884357588,67.0229082552586,79.2222913420205,65.4065393635554,77.1482532434102,66.5613323120692,68.2255018561389,34.392412204604,32.6983980889874,34.6568086651649,35.6179947445356,36.1484281585108,34.088192596031,32.806092753011,23.4518142767526,28.6101562160136,27.99091808625,28.0506953054863,29.0110125835143,90.7152494428505,29.2690132698514,37.8199031729312,68.996093341226,69.1653936259753,68.101740894404,64.9498801618127,62.2767401935389,60.532531712192,66.8946360794657,64.80062857362,60.7077549034788,36.2536796785186,38.2061743892039,45.5632232866407,29.3660374134955,31.8517637804667,42.2158381139381
54.9271285741915,54.6467118225262,53.6439087113829,53.6373598418478,52.7824780646069,53.4562822401685,53.2700737921919,50.839553097208,0,29.6171442415333,96.213313534191,40.9382732394464,37.866376898514,36.4414346825845,63.7925161819096,64.3133928783738,61.4183651196088,65.5709967648513,63.4949478892683,60.1793925821621,51.0192819086579,53.536208837396,51.7044938066277,74.538873429334,106.529729426294,121.302689207736,66.1070438268056,65.8132961894799,65.8629720692065,49.7919882977536,47.808273242772,46.5975593100292,74.4212903259373,57.3410822151504,66.5726953566005,65.2339420354873,47.7776528827972,79.8365016850564,82.1745372341862,86.1212402161408,79.1970541784526,79.4946903659381,79.3580368592509,79.0731974990957,85.1613101238563,86.6221073033405,98.796638880264,84.9904614565538,96.7250414277,86.1387074340528,87.8432929313213,52.3683640850247,50.8748154660595,52.8833356465093,53.0190267479145,55.4466239636567,53.3122045705389,51.8390621828531,48.6520847082058,49.7475345887461,49.4308874470812,49.5140128022992,50.8466119027749,102.687738594266,53.8201335373668,54.7891838815694,88.7837627643047,88.9647870324915,87.8956269839507,84.7367553642293,81.7568079573503,80.0133255940353,86.429773713741,84.3415868482679,80.1369763069031,56.0633901313318,57.9167237599003,65.2639113319829,51.8459128998034,54.7995743528536,36.405623328336
58.9676813078833,58.6909046367276,57.6744665932355,57.6926754814898,56.8414753470096,57.4778302410708,57.2828183177359,54.8637562713296,29.6171442415333,0,100.154355117465,45.3486186114482,42.5311408212071,41.0173040114684,67.7660433591017,68.2782578632919,65.5518095274654,69.7031601102069,67.6310783632635,64.3087318986401,55.0805914493773,57.5873973922528,55.7593183413496,78.4370796766711,110.492928868825,125.262567801655,69.963293776134,69.6862766169604,69.8529806328923,53.5560434200577,51.5952724390825,50.0696673517724,78.3826784894119,61.3763275114634,70.53443946243,69.1964759493547,52.013280758177,83.783709484237,86.1224401758588,90.0686966639511,83.1403145789778,83.4378297860415,83.3007145320871,83.0157907210998,89.1049504933559,90.5669186447723,102.740675500827,88.9347524578851,100.669181802253,90.0827977336099,91.7887408801171,56.4678997830683,54.9722974746999,56.9788820385046,57.1270600527021,59.5230742280774,57.3913276728407,55.9223235697591,52.6461388121956,53.8051934499166,53.4842648534529,53.5708892169238,54.8984667377031,106.844014585815,57.7971816350924,58.6777036088863,92.7351664655316,92.9166109132483,91.847247395822,88.688118571574,85.6975921126641,83.9541039782545,90.3724494452712,88.2844299668534,84.0760925280067,59.9967585157267,61.8485230840734,69.2053075612308,55.8161614313401,58.8177290385761,41.065595930072
80.5388444018195,81.1288292312867,78.9304671677528,80.4399974427865,80.3250950084324,78.465244939176,77.9723105679567,76.7315626608966,96.213313534191,100.154355117465,0,96.5456677964536,94.358056672014,97.5498039502123,68.3275673905299,66.7505782728687,91.7553148965035,95.921674932472,94.1993395080315,90.1613732246787,73.9664064729684,75.0334191404939,73.8752182292854,84.1500812214263,93.0195990798622,104.791493826793,82.3216618199103,80.4279177589693,73.9071373285134,87.2053794682817,84.7280319578247,90.0077955786382,63.1613886556373,76.6272460943029,69.3222484098652,69.0804023709366,99.8280749913585,52.1647310034792,54.9082128385287,56.9446670933835,50.8897179247893,50.017962012357,50.8664223014124,49.4250312139291,45.8036263728988,49.7651512483597,56.8924582965535,47.5440264449162,53.4945932375279,47.380935973494,51.7339626827801,79.1110499958174,77.4236841589725,79.1579682083159,80.7031568618601,79.2944322847246,77.6070968625215,76.6999974551687,70.4474403179782,72.7780315184747,72.1875798321627,72.8200025720499,73.8482931358907,136.341978189608,78.9140715074777,78.7971559175899,62.1417453724543,63.0533110490372,61.7089020227286,58.1934628629343,45.7190154358291,45.2488270926076,45.9991743913777,45.6845985399179,46.6843081329767,74.9536437172738,75.6185639199846,64.6828450617068,72.3534340842333,74.9645374227178,87.9091495842581
54.8083125013073,54.5487033400211,53.6141696075134,53.4355166519907,52.6022894106889,53.5030461616694,53.3853904590872,50.9104022805788,40.9382732394464,45.3486186114482,96.5456677964536,0,20.2830934743768,32.7238817526813,63.9433146621602,64.5227333021801,59.6222498142582,63.7038172085134,61.5780860314178,58.4210883281359,50.4453385456688,53.0535699216409,51.1953101903789,75.1734780120212,106.71869487686,121.514187610536,66.9757671009211,66.5999153558644,65.8875136531921,51.8324002865774,49.7661750221304,49.5853844650969,74.6269654534309,57.0069234846872,66.8055704950558,65.465183634389,34.2959855172818,80.1316365858495,82.4652051229141,86.414483491696,79.5173702510931,79.8155564097684,79.6819622510049,79.3974496778482,85.4780219592837,86.93155078595,99.1107157937563,85.3031738146191,97.0383996604987,86.4526084162859,88.1487271103425,51.2352047662475,49.7885820123158,51.8075706854398,51.7580053624155,54.6302990340012,52.4705891829459,50.9488025001082,48.8163938091611,49.238079587324,48.9706518008205,49.0327852883761,50.420590724978,99.9053376737057,54.2393184185096,55.67311790587,89.0513140326645,89.2296426942031,88.1618038931701,85.0045981913941,82.0914832227654,80.3481430427704,86.7524853844813,84.6633491241864,80.4819604863309,56.6166250962918,58.4619603275001,65.6209873264389,52.1689638741676,54.6817039091271,39.8641948502016
52.6318239388581,52.3666426939878,51.4304448522401,51.2621180752237,50.4230395029987,51.3133643065094,51.1908073469562,48.7154524378974,37.866376898514,42.5311408212071,94.358056672014,20.2830934743768,0,28.9791586903489,61.7655903999705,62.340930828668,57.6624179211524,61.7591536956835,59.6383834106146,56.4586432774294,48.3279895189076,50.928185631775,49.0717726209029,72.9640481916472,104.540712693365,119.334611061747,64.7537107043483,64.3813725283799,63.7197463019628,49.5044463662697,47.4388101747294,47.2548640902588,72.4474675857927,54.8680394614442,64.6219481732168,63.2814005534297,35.2293606180341,77.9463188163221,80.2801846230896,84.2293141667941,77.3303912434178,77.6285581707816,77.4947534947447,77.2102356362401,83.2913713674181,84.7453643357157,96.9242472930033,83.1167755369046,94.8519829465872,84.2661387464097,85.962801256152,49.1854034357696,47.7320876016721,49.7508739275873,49.7238172631653,52.5431648609473,50.3857848352226,48.8692498119089,46.6256421244633,47.1125412277526,46.8399927094757,46.9031001221884,48.2853565524088,98.1111386714547,52.0211182144864,53.4348244334351,86.8678801861382,87.0463879861776,85.9784601418384,82.8211424997169,79.9036672485033,78.1603096508074,84.5654507050702,82.4763680170428,78.2934899825234,54.4020375710529,56.2492039531205,63.4297061098783,49.9682175276833,52.5194486046799,37.0901837239329
56.0506111365817,55.7816167812206,54.8126201534558,54.7193767335423,53.8762050879609,54.6637799294127,54.5122013139147,52.0602462672173,36.4414346825845,41.0173040114684,97.5498039502123,32.7238817526813,28.9791586903489,0,65.0428157127763,65.5922224864954,61.6916287394272,65.8081585447538,63.7071714823896,60.4716169935506,51.9093158267664,54.4720013258265,52.6270798456866,76.0238104381896,107.796879986626,122.58079902328,67.7035006932565,67.3715818486349,67.0509763510852,52.0302853684716,50.0070975108678,49.2952581869944,75.6968133118617,58.3513084582971,67.8631375024166,66.5238019026359,42.967746424267,81.1551599653512,83.4910368304163,87.4389657839586,80.527870101518,80.82575751161,80.6905885241866,80.4058932305497,86.4903095465597,87.947610736078,100.124359263743,86.3175397749447,98.0524111700278,87.4663536664808,89.1668641074544,52.9761802998935,51.5063426753101,53.5200875799137,53.5623510780964,56.2140698386134,54.066979860274,52.5693681976135,49.9162735392328,50.6703254926005,50.3785459490786,50.4512550907876,51.8117548145384,102.461455343544,55.2168583812324,56.4102290594048,90.0890530480012,90.2687751072071,89.2002543198422,86.04218846819,83.0944635932623,81.3510567877387,87.7616598218119,85.6730222952321,81.4795879984657,57.5187640674422,59.3669847236314,66.614132074835,53.1887839165562,55.9197493198236,39.5665252749939
46.5990239171357,47.325431829668,45.0279038172475,46.595778421805,46.5878754774926,44.6076423095574,44.1608321769639,43.0177978718515,63.7925161819096,67.7660433591017,68.3275673905299,63.9433146621602,61.7655903999705,65.0428157127763,0,27.3193436353674,57.8475712769913,62.0088737145988,60.3133398734565,56.2255347122115,39.3921133324553,40.2733182238593,39.1926375385076,57.4080613794007,76.4282565414776,91.3227582081941,54.3925278353322,52.6034913137319,35.1507083541522,55.290876849593,52.7862232688945,58.1150580749333,43.1757690202006,41.4781025976008,32.6347372737501,31.9398412250106,67.1302632404726,50.9524565701018,53.2005235606062,57.2366176820252,50.8579546935525,51.1901177324898,51.1105885626827,50.8534662198174,56.8626012974053,58.1515520935427,70.4538676081604,56.5930454316635,68.373266770941,57.7754365334834,59.2843822988894,44.9424804296217,43.2397479624086,44.9545423091035,46.606308135372,44.9228199199484,43.25435384064,42.3857194520503,36.2830811950709,38.1905074544298,37.5563309274032,38.2702224594522,39.2594759364588,102.640933749989,45.6504209753385,47.3199705037674,59.4594126513007,59.5908998955801,58.5431422115978,55.4122054395471,53.8677815636652,52.1189795239732,58.2721539298042,56.1528596542536,52.5068851135092,42.9014567978059,43.8505219598258,38.0274042361472,38.5616229601261,39.918989663116,55.4195184103579
47.4734020311148,48.1630134264166,45.868094421997,47.4677023797494,47.4281843604988,45.4136487985548,44.9328611577094,43.7901828000151,64.3133928783738,68.2782578632919,66.7505782728687,64.5227333021801,62.340930828668,65.5922224864954,27.3193436353674,0,58.8916171869897,63.0586263652012,61.3506120304762,57.2832764710148,40.6850976329111,41.6624853165995,40.5275711344997,56.2422173758178,76.2979066690314,90.9156690049969,53.7708436375261,51.8785985881308,39.0057805243196,55.6349298403802,53.1330923961704,58.4831800623444,42.8062401138334,43.0298441420417,23.7281414611517,25.1229151705578,67.7407169852345,49.5393551381664,51.8359014210808,55.8731727819045,49.1933324875614,49.5430593999091,49.4221218641418,49.1835388263255,55.3515757616265,56.6928339513941,68.9789396650167,55.1069136778448,66.9107560325637,56.2864004261285,57.8603178376342,46.1038705642683,44.4050674916123,46.1364378656854,47.7297879008055,46.2220486052153,44.5263364452158,43.6273904860128,37.0808936233535,39.4413478281727,38.8022411220022,39.4789861311024,40.4591665592533,103.610157704231,46.2227303275926,47.4083059543388,58.3964797320334,58.5552945225147,57.4929649694567,54.343883962116,52.2073438271441,50.4473982265388,56.7169712375729,54.5957113038871,50.7820022112118,42.85859928276,43.6758176486234,34.5896508011292,39.1156212896435,41.1264399710078,55.9512328408928
48.6317074647699,48.9098618158645,47.9957268320653,47.1619008260061,46.9062925413654,48.3494785945002,48.616921290635,46.2217016653516,61.4183651196088,65.5518095274654,91.7553148965035,59.6222498142582,57.6624179211524,61.6916287394272,57.8475712769913,58.8916171869897,0,31.0186558917064,23.0997004778293,22.4552433938212,38.077448405221,41.4719214479538,39.4654307970541,72.7756100142867,100.774807140209,115.7562621145,66.235230389704,65.3007161822858,58.7077128268013,57.8299669193648,55.4181759929924,59.2921470639767,68.8418057592647,46.8038306277175,61.3710604721892,60.0328277692124,61.6743735073406,75.052838247712,77.350704989607,81.319412676092,74.6389903513478,74.9407144320409,74.8318790192081,74.5491728173953,80.5665262440561,81.962922027207,94.177834513537,80.3603911479414,92.0995808538637,81.5189483588122,83.1483572480629,30.3509768025206,29.8436624826442,31.8584131138422,28.5268530136418,38.494216334985,36.0862855416149,33.9453642626479,43.688619090728,37.8524870362017,38.1234087593369,38.1588423260979,40.1045004361604,77.8023991545556,51.3858691556096,55.2904572092755,83.7493886297791,83.9061557229325,82.8489531831507,79.7051391912112,77.3220092749071,75.5801769867436,81.8881937732702,79.7919343892234,75.7932455609832,53.9383490335485,55.6822146675813,61.116457023532,47.9935906742701,46.9037920996687,53.4271322847287
52.9276969951108,53.2177034476656,52.2796586821822,51.4858170737796,51.2394214266899,52.6241340870084,52.8832389505478,50.5060410420756,65.5709967648513,69.7031601102069,95.921674932472,63.7038172085134,61.7591536956835,65.8081585447538,62.0088737145988,63.0586263652012,31.0186558917064,0,26.0415736295116,21.2778834136284,42.180340394702,45.56461074011,43.5748006337482,76.9730462288254,104.923507522391,119.908241096968,70.4413111763053,69.5052931781797,62.8482117181144,62.0530139898977,59.6434039919495,63.4946037593243,72.9952360347384,50.9146859298555,65.5413715610044,64.2044412363195,65.7009051678592,79.2157537531656,81.5130984796144,85.4819897376261,78.8047603735746,79.106462740395,78.998014559985,78.7152660467991,84.7314444481179,86.1270866455607,98.3424120562341,84.524909827663,96.2640549540532,85.6835681615113,87.3120834625977,33.6218414176993,33.4137630951918,35.1518121847639,32.106077134318,42.1968441478244,39.810797054357,37.6470745297806,47.9194067394249,42.0199771331693,42.3029740160313,42.3600598127268,44.311709557317,74.4535902079778,55.6361495011458,59.5145298888006,87.9088006283452,88.0652496794444,87.0082101473176,83.8645996279447,81.4888699183408,79.7470909083383,86.0537381633014,83.9574142034521,79.9611451842451,58.1535120240868,59.8942930663446,65.2939477289865,52.2136643407694,51.1012920892197,57.6267195744714
51.1302235437996,51.3988505424589,50.4803683514797,49.6672224957563,49.4000020189082,50.8229880296704,51.0813179878059,48.6872945934868,63.4949478892683,67.6310783632635,94.1993395080315,61.5780860314178,59.6383834106146,63.7071714823896,60.3133398734565,61.3506120304762,23.0997004778293,26.0415736295116,0,20.8387443609436,40.6486557663708,44.0227752071193,42.0252221752587,75.1853178134917,103.234359021134,118.213427543188,68.6183614655122,67.6929996443146,61.1872386448967,60.0991487555239,57.6928370532254,61.5034968547603,71.2998548517555,49.3326362572615,63.827424778631,62.4894888555231,63.5475199485987,77.5010008051075,79.7993553310427,83.7677715685788,77.0843943161078,77.3860513318827,77.276883811591,76.9941354650721,83.0122893391662,84.4094865114063,96.6238826828057,82.8065964451202,94.5457059072954,83.9650208071604,85.5953619132006,32.7960174810614,32.3876154529825,34.2901224666072,31.1499518228516,40.9983400734387,38.6048311840727,36.4695845186661,46.1535960748459,40.4249050404655,40.6883718202803,40.731364896695,42.6670905453441,75.7522938489754,53.8114826709933,57.6692373375193,86.2005356227394,86.357596324358,85.3002505722353,82.1562557902305,79.7657973247075,78.0239522458305,84.3332956262663,82.2371435909738,78.2358935189818,56.3557559767708,58.100880990236,63.5582303895631,50.4388183405157,49.4118217209298,55.5627548687094
47.1389096659787,47.4410463828798,46.5023224791991,45.6961184715938,45.4633884910824,46.8560806761326,47.1226354817004,44.7480095216817,60.1793925821621,64.3087318986401,90.1613732246787,58.4210883281359,56.4586432774294,60.4716169935506,56.2255347122115,57.2832764710148,22.4552433938212,21.2778834136284,20.8387443609436,0,36.2763262708393,39.6800732168344,37.6842593039948,71.2535911148843,99.1440358563839,114.131825136739,64.7504422985917,63.8048734974931,57.0468387511258,56.4804927171678,54.0657727505926,57.9765366212141,67.2182042132196,45.0567914404582,59.76933556715,58.4323597856305,60.4919220762894,73.4505885468643,75.7473373573047,79.7165596875837,73.0429463136695,73.3447123908432,73.2366761582263,72.9539620904552,78.9691005076832,80.3637839475908,92.5797129126391,78.7620400269801,90.501257759036,79.9208526582449,81.5482493755097,27.648127959805,27.3934547587753,29.224054019042,25.8677914873526,36.2868016499434,33.8860933756116,31.7084058780114,42.1508088698753,36.1283467217473,36.4216623894615,36.4755368931891,38.4387266161363,73.7549628707661,49.911331842875,53.8316348842243,82.1399292574079,82.2960188887592,81.2391561993611,78.0957684775034,75.7289055021996,73.9871498434896,80.2921861696386,78.1957408724159,74.2025383211023,52.4298092079213,54.1686993249963,59.5381055181281,46.4628297490126,45.2821292871694,52.1837314998467
32.447525266251,33.2438785843288,31.7466804812487,31.6365070314132,31.832164131319,32.0741511637722,32.3093069889207,30.3795716869914,51.0192819086579,55.0805914493773,73.9664064729684,50.4453385456688,48.3279895189076,51.9093158267664,39.3921133324553,40.6850976329111,38.077448405221,42.180340394702,40.6486557663708,36.2763262708393,0,15.9696838253541,11.9148755714534,56.1766873743229,82.4556664716109,97.5211803433558,50.372201000603,49.2099686524233,39.6674651341711,44.7360783973809,42.2518019549434,47.018630310082,50.5857354812677,24.4341952932462,43.2679341234618,41.9326787831617,53.243210803715,57.1296796561009,59.4109429846445,63.3887668218143,56.8092130042866,57.1125917093393,57.0153110124803,56.7334437565019,62.7213381101295,64.0911637050386,76.3227054917779,62.5006510202035,74.2416947076429,63.6634531386314,65.2618428161376,23.5846085160815,21.7276100185324,23.4185884418332,25.6894824206409,23.0870310564081,21.0066298774752,20.113660606943,26.4036441077516,13.7605028712213,15.3065727559929,16.4174155323307,18.9826062665628,83.9414976940976,35.5167717950843,39.8572043632095,65.7229956640684,65.8697881025216,64.8174926081729,61.6798625089167,59.5429488400084,57.801837027177,64.0649624991509,61.9653943261036,58.051839629883,37.4597637579144,39.1185797843285,43.4818199952502,30.9341980819463,27.4389357153203,42.6340258374464
34.8745801239446,35.713187088827,34.0419256208659,34.2487477348756,34.4473240687598,34.2673792393564,34.4151712142502,32.6365557387263,53.536208837396,57.5873973922528,75.0334191404939,53.0535699216409,50.928185631775,54.4720013258265,40.2733182238593,41.6624853165995,41.4719214479538,45.56461074011,44.0227752071193,39.6800732168344,15.9696838253541,0,12.2161730526884,57.6690826619437,83.3188136019939,98.4185980706344,52.0519288349435,50.8400389738352,40.2616435482883,46.9719186440208,44.4822335817234,49.3349501024077,51.4831118021177,22.3136627132681,44.2895313352684,42.9636674028595,55.9005272447919,58.1498163256323,60.4247862548655,64.4055535339415,57.8643693923118,58.1679927959904,58.075227442654,57.7933192412716,63.7687395249438,65.1289213079272,77.3661959244322,63.5428386945538,75.2840549431516,64.7070822711682,66.2941428968264,27.0966420413096,25.2899829440774,26.8961575977553,29.2098661030904,26.0484746169782,24.2320881470734,23.5412467742178,28.1437404571636,17.4692502954545,17.9492340856264,19.5918283193267,21.6409669458929,87.1877788460258,37.5054951664475,41.7235524875378,66.7028382663868,66.8458451104137,65.7954412629465,62.6601869153818,60.6147179052359,58.8740431622567,65.1203520567232,63.019735842959,59.1371457961999,39.1076874766099,40.728935845619,44.6468019738128,32.5665152219004,28.7485917281306,45.1464206552211
32.9544237328672,33.7953800224245,32.1804843286948,32.2730833721278,32.4862992241251,32.4544530214033,32.6447224720529,30.811063246555,51.7044938066277,55.7593183413496,73.8752182292854,51.1953101903789,49.0717726209029,52.6270798456866,39.1926375385076,40.5275711344997,39.4654307970541,43.5748006337482,42.0252221752587,37.6842593039948,11.9148755714534,12.2161730526884,0,56.2601188957885,82.294051404051,97.3702427249151,50.5524273206975,49.3626852339634,39.3676714332269,45.2314171475548,42.7428996953386,47.5703821584882,50.4293911335475,22.8656687694126,43.1270972737859,41.7925017283837,54.028745898546,57.0199055288914,59.2989116010571,63.2780317938462,56.7121992232612,57.015834150804,56.9201220087996,56.6383961582718,62.6223764132776,63.9885570057077,76.2224050622739,62.3996872997183,74.1410272221623,63.5630800891811,65.1572209385018,25.151094242224,23.32464773724,24.993400655571,27.2121471528851,24.5154640649926,22.5706575618351,21.7529937556484,26.519079147367,14.1227147171536,15.0691087522452,16.8419511562491,19.1365420306192,85.2143506017555,35.8138978494819,40.1196794945501,65.5993958438088,65.7448445215799,64.6932047381981,61.5564029028767,59.4530452052876,57.7120222706857,63.9690122262053,61.8689788663459,57.9671296161541,37.5926889644388,39.2349946522558,43.4132964575478,31.022085054954,27.1793699479384,43.3121505847147
60.7524309367168,61.1435177778992,58.9892680135821,60.6149503071414,60.3325772326284,58.36864842648,57.7222941087905,56.44165145804,74.538873429334,78.4370796766711,84.1500812214263,75.1734780120212,72.9640481916472,76.0238104381896,57.4080613794007,56.2422173758178,72.7756100142867,76.9730462288254,75.1853178134917,71.2535911148843,56.1766873743229,57.6690826619437,56.2601188957885,0,97.9156829379963,112.154142545658,51.1120079254566,46.0494140188541,62.1154748395417,64.5537222505836,62.0827431474513,67.5492948484623,65.5172822556136,59.8559377547892,57.8799424405536,56.7639027629511,78.6153868845981,68.6445013323225,71.0943313793212,74.9812028723301,67.3712397324293,67.6603539082019,67.4426385077587,67.1550945776425,73.4577551926291,75.0940385409821,87.1618532037237,73.3823882474029,85.1097356184835,74.503546226769,76.4134845531744,60.7438514082969,59.0741283988849,60.9009086063272,62.1352897857991,61.6839672358483,59.8316943616769,58.7563283801031,50.4769564313688,54.7609033787462,54.1365713899235,54.6036518770879,55.5865443493439,116.977491094348,57.6074259713768,54.1410767841703,78.2814403882768,78.5282534511425,77.4268055156115,74.227182925318,69.6075950998289,67.8565107668708,74.5806966005137,72.512561684375,67.7331305586732,50.4996329290827,50.4229233180427,51.6459059137935,51.492841075658,56.7486641427427,66.2788255052774
90.0409948532702,90.7022919695706,88.5090097590017,89.9349488767149,89.8847143045345,88.1166716114632,87.6935222062728,86.4467076753962,106.529729426294,110.492928868825,93.0195990798622,106.71869487686,104.540712693365,107.796879986626,76.4282565414776,76.2979066690314,100.774807140209,104.923507522391,103.234359021134,99.1440358563839,82.4556664716109,83.3188136019939,82.294051404051,97.9156829379963,0,75.6920323064756,95.4105001170354,93.593025315936,80.1771516559367,97.9320093273935,95.4430874641603,100.704443305673,64.4333424778793,84.6831924032388,79.5755859024783,79.2985728942623,109.924726594807,72.9263488258634,74.4667657928562,78.3831742474512,76.3647256596222,76.4925857572296,76.9664399236033,76.496900448933,80.2971513545399,80.7246831071802,93.3140647884005,79.6116162572346,91.0302223042038,80.8493388381613,81.2917701665694,87.8216950478225,86.128213895745,87.8091765580529,89.5191330647278,87.5829027972439,85.9975352930852,85.186678831175,80.1321295676761,81.4221708058164,80.8720083899151,81.5787850091173,82.652608361037,145.545365220739,89.025359449413,89.9563337350285,74.7536603266115,74.2777342804171,73.6059366721893,70.9149026802378,79.6603030532782,78.046950673091,82.4314706696099,80.3189004422556,79.359640370237,85.9930069627892,86.8410274556646,78.1343978795899,82.4074358737758,83.9379223154471,98.1928754915575
104.927521164285,105.578721383113,103.381613355443,104.825594988801,104.76576722743,102.976221203451,102.540618622237,101.297849303387,121.302689207736,125.262567801655,104.791493826793,121.514187610536,119.334611061747,122.58079902328,91.3227582081941,90.9156690049969,115.7562621145,119.908241096968,118.213427543188,114.131825136739,97.5211803433558,98.4185980706344,97.3702427249151,112.154142545658,75.6920323064756,0,109.772437843765,107.936736541666,95.5308334118012,112.639557873604,110.151954404985,115.419248893319,79.1090758399097,99.8168664953979,94.1079737161283,93.8615130350802,124.732253508222,84.4840335782999,85.89187224937,89.6707078507608,88.5286001487649,88.5950433214183,89.178222352085,88.64962614724,91.8800952696758,92.1341866316887,104.730452610697,91.120742078437,102.37852701263,92.3540064480433,92.5704705658366,102.855537935906,101.162811419242,102.85352969658,104.534624529086,102.692618910577,101.088094424062,100.259727338132,94.9762983409657,96.4575285303477,95.8984600192588,96.5930482361723,97.6570590072976,160.497106325036,103.811023901959,104.587581546134,83.7162182932199,82.9352394869382,82.5050557473363,80.0682551614046,91.7406675473222,90.1633949763176,94.1638906041602,92.0684616432143,91.6323363356467,100.621825167077,101.439167742404,92.22512552691,97.1875106207058,98.8979652042254,112.969968465281
54.2965610844697,54.5385744753341,52.5178876002616,54.034619957718,53.6327769291871,51.8777695772868,51.2170903744944,49.7879799649592,66.1070438268056,69.963293776134,82.3216618199103,66.9757671009211,64.7537107043483,67.7035006932565,54.3925278353322,53.7708436375261,66.235230389704,70.4413111763053,68.6183614655122,64.7504422985917,50.372201000603,52.0519288349435,50.5524273206975,51.1120079254566,95.4105001170354,109.772437843765,0,29.3349109982207,58.3475282237326,55.4077159203086,52.9741191772143,58.4132404692509,63.1185129326219,54.5339707950607,55.6391800302578,54.4598104193565,70.5398845471974,66.7153745471909,69.1417524161069,73.0324261317773,65.5725382777777,65.855843433422,65.6592882668832,65.3648708866937,71.5923544684132,73.2006053816985,85.2787677552661,71.5031965683329,83.2207215147676,72.6265307350377,74.5022622724346,54.5436249240835,52.8898435483862,54.7511672945575,55.8366718880468,55.8050059539732,53.8983497464641,52.757055575933,44.4459561305772,48.9277732756141,48.3301778024317,48.7200160637499,49.730490991707,110.177329438338,50.6326889206231,44.341239680493,76.194277514646,76.4282050039342,75.3334500024218,72.1422026840943,67.8248201730451,66.0795433413952,72.7391549983917,70.6713644993207,65.9926807370094,45.112932133967,45.8308376724302,51.2621825931367,45.6076342383736,51.2471208097045,57.936759538058
53.2647520819467,53.5514842452801,51.4797492114065,53.0506838165203,52.6848903436209,50.8343978888504,50.1660093738451,48.7943423029734,65.8132961894799,69.6862766169604,80.4279177589693,66.5999153558644,64.3813725283799,67.3715818486349,52.6034913137319,51.8785985881308,65.3007161822858,69.5052931781797,67.6929996443146,63.8048734974931,49.2099686524233,50.8400389738352,49.3626852339634,46.0494140188541,93.593025315936,107.936736541666,29.3349109982207,0,56.7169833996641,55.3358437746971,52.880707818499,58.384063653041,61.2745103640819,53.2429931214584,53.6959473819227,52.5189195195753,70.1210945278239,64.8184091123576,67.247623439494,71.139525523411,63.6604083977045,63.9458427679069,63.7459859523364,63.4537886543596,69.6959409794653,71.3059387813061,83.3851003513014,69.6072831911949,81.3281161783199,70.7310103081664,72.6092207896344,53.504621908614,51.8453787071745,53.6977803898648,54.8264118754855,54.6770332820507,52.7838903922584,51.6601883444191,43.2316430490519,47.7660672467657,47.157218317072,47.5674273238097,48.5654822085832,109.328856123401,49.6687979182828,43.9929134806547,74.3192365501111,74.5545808280204,73.4590096900486,70.26675741197,65.9205161133581,64.1737664225354,70.8411077841175,68.7724294392547,64.0854091178727,43.2307887810172,43.656071233939,48.9961163403309,44.2728773043984,49.9584689305586,57.5987158748444
48.1846033121109,48.9618721090037,46.7229754201796,48.1234138471908,48.1684937511547,46.4045527379785,46.0555938075883,44.8473330211156,65.8629720692065,69.8529806328923,73.9071373285134,65.8875136531921,63.7197463019628,67.0509763510852,35.1507083541522,39.0057805243196,58.7077128268013,62.8482117181144,61.1872386448967,57.0468387511258,39.6674651341711,40.2616435482883,39.3676714332269,62.1154748395417,80.1771516559367,95.5308334118012,58.3475282237326,56.7169833996641,0,57.7451410112035,55.2403824398764,60.4909030326341,48.1120778611326,41.0453579385713,42.609646181713,41.6024124538004,69.0068186858381,56.4428974258326,58.6458972266825,62.6685164567681,56.5673284033644,56.8777466377187,56.8364862052362,56.5575571472379,62.4024267679302,63.6482478749715,75.9571291299095,62.1138792067708,73.8632288223812,63.2964171641818,64.7500660789559,45.4834075394004,43.774980600693,45.4317016563313,47.2595620801114,45.0109472630529,43.4476922623318,42.6835635685162,38.3168754318089,38.6729568826898,38.1012257276526,38.9122902690717,39.9775422352975,103.676693299014,47.9277752985521,50.3354962718645,64.56939602171,64.6714877438002,63.6406435581923,60.5302883130736,59.5353311076395,57.798467394978,63.8486473030894,61.7340122249923,58.2218164275387,46.3163846061127,47.4693880078122,44.9858776751923,41.1462239186285,41.0338530342227,57.4802117089846
