IBR/IBR_outputs/all.combrep_1/FireFreq_2000_2008_Total.PersistForestCover_Total.Spinifex_Total.WeatheringIndex_Total/FireFreq_2000_2008_Total.PersistForestCover_Total.Spinifex_Total.WeatheringIndex_Total.asc
NCOLS 160 
NROWS 95 
XLLCORNER 210004.651214014 
YLLCORNER 7350008.22228844 
CELLSIZE 4999.99999999997 
NODATA_value -9999 
[rows 42 to 62 of 95, columns 0 to 45 of 160]
-9999 -9999 -9999 -9999 -9999 -9999 -9999 -9999 -9999 -9999 -9999 -9999 -9999 -9999 -9999 -9999 -9999 -9999 -9999 -9999 -9999 37.4644578407307 8.95417802719031 22.9103485632097 30.5216674421437 13.8902191698775 13.8523429499792 9.9178387319855 9.50353476374662 11.1846569202305 10.3506449760847 15.6140859738934 20.0528926464304 10.1446548324853 8.30047393627078 6.41506895631498 8.64376052912706 9.00679040013484 8.18311629201895 8.11004273298976 9.32408364811608 9.019993612244 8.40830941303127 6.92754911260155 7.74874833834775 6.92198529024282
-9999 -9999 -9999 -9999 -9999 -9999 -9999 -9999 -9999 -9999 -9999 -9999 -9999 -9999 -9999 -9999 -9999 -9999 18.7002909980184 18.4149184665536 23.4326273793213 20.1633317492532 13.7407610138242 15.8263077209124 18.9508814336412 13.7630905898285 9.40916987297625 10.4744855727375 11.6219224619554 12.3754036093276 10.4933621733445 12.393300827081 19.5251416818856 9.82657095668198 8.00903746108062 10.6253622524915 15.1635398553784 8.36099099095311 6.64706758997765 8.71220402124757 9.47547949463323 8.49495037765454 8.98350558601078 6.88474922606486 7.52017614382093 6.33040765417542
-9999 -9999 -9999 -9999 -9999 -9999 -9999 -9999 -9999 -9999 -9999 -9999 -9999 -9999 -9999 38.9114395995522 33.0620463369007 18.2698267532635 18.1868526543006 19.6171015442726 18.593411034716 17.1704838743997 7.59799541565654 10.7307111384193 8.40574455258811 10.3005432550697 10.4511971812415 10.1676606812601 10.3106350558698 14.9474780669906 10.1978424771851 11.7885180483839 18.1594054244584 9.44559193856434 10.6428657726506 12.5297080461439 21.6828740176884 19.9916835867153 8.93347687860145 7.58267004650228 8.17808244690908 7.8622423608623 6.73703704940243 10.436521531379 15.9762274072092 14.2334205287656
-9999 -9999 -9999 -9999 -9999 -9999 -9999 -9999 -9999 -9999 -9999 -9999 -9999 10.2584134317789 15.5671169968612 21.0884457000456 14.1944544382555 17.2636109492896 16.5685606613938 18.2640435180838 17.9094729132746 11.4005678655606 7.71314544673783 7.25358265619873 8.61357542475314 8.92301149563072 10.7341217645711 10.0019506328551 9.31365778818905 9.19274776045196 7.90395571990894 9.73174887204108 10.3292086309006 8.46735153969296 10.0955696343336 10.1497287899107 12.5368806056061 18.1105561383703 7.34281404625642 11.0133635473956 10.1184902358317 15.9247500935141 11.1416964828986 12.3739612915635 8.5329196860821 7.1273390604991
-9999 -9999 -9999 -9999 -9999 -9999 -9999 -9999 -9999 -9999 -9999 -9999 11.9229248909539 14.5112782141533 18.5921642194547 19.2583927618418 16.9484780104468 5.12123194370997 5.06562714610154 7.44134887591693 7.47165226294759 7.26246355524981 17.1947992735573 17.3442167577811 9.24401531635469 7.76663478177687 13.0118004938926 13.667991663446 9.37723582915289 7.70921549783029 7.6147109755027 8.47976778800081 9.67107074700921 6.62700248332443 8.57470863007606 9.15055341804492 14.7190174398915 20.0456969895315 15.8103535054331 9.88773429078928 8.53629804930285 8.9013195878937 9.98266270847317 8.91936880121918 7.14808432253232 6.73088717132886
-9999 -9999 -9999 -9999 -9999 -9999 -9999 -9999 -9999 -9999 17.4736426749355 17.2636917203932 15.9917512022602 17.4581180497324 18.2338471814885 21.5358234738895 19.4940422769689 7.28247226910173 4.61537123044663 4.91349500848204 6.05997857758599 5.82672727059485 14.9861489135321 17.6734461141241 14.7003032704158 11.6983277729768 16.5721141126138 21.8012618638529 15.1806323329202 7.46518945165781 7.48223461591205 8.26813966078714 8.41095509112345 7.1054418542732 7.18437579545916 7.25607476201568 8.90833118915484 17.0886043099433 14.2269004859983 6.71735861915082 7.82723140844647 7.21212211900262 8.41829488756455 12.8523766187682 14.8665061488735 8.70774656103539
-9999 -9999 -9999 -9999 -9999 -9999 -9999 -9999 -9999 8.4374215208267 22.2909727566143 18.106754566853 17.5085845492888 17.4413533851145 17.8670739804748 19.1393392502791 20.4632411714719 15.0119235869842 5.21496972972697 5.77306469774372 7.48728220555042 5.32594871435465 10.7604952082705 18.2008103056768 17.9404311459374 13.8981388163277 14.0953549280518 23.2740184110728 22.1937395875168 10.179624888773 8.91265495609612 8.12072989598341 6.92756539098562 6.9426031015569 6.66198998265181 7.04236583463034 6.50803494231338 7.60638775072268 12.5324188713614 5.53500030936304 7.19705034070798 7.30959960964671 8.30718507851219 8.24701429333518 9.59599273130436 10.1141896093791
-9999 -9999 -9999 -9999 -9999 -9999 -9999 -9999 -9999 12.9756823496266 18.2171916957837 17.6523881030097 17.4458357531658 17.4003792149759 17.4951272919168 17.6128627224224 18.7169392013722 17.4643891617552 7.32044167205923 5.97485071405822 6.56173606784609 5.45794206432601 7.93112257544182 17.4798968946007 18.1639274568193 17.8553428881674 16.7553358733016 14.6051226708684 22.6474747274499 10.5258556667873 9.75365532801155 8.24161618953343 6.71135148244804 7.43045406176374 8.2307329254612 6.07428598526575 5.71697472324242 5.8892219361737 11.5880329296609 9.82018398946223 10.3487250920214 8.83806708543046 8.79840554111244 8.26041908759613 8.1241322910658 9.56419808065037
-9999 -9999 -9999 -9999 -9999 -9999 -9999 -9999 43.3446408370954 28.6360777770966 17.7355547090899 17.5332515971096 17.4304739290481 17.4147978840953 17.4924375414125 17.5615086668956 18.3944833829852 18.7296019231179 15.5747352081613 6.86816300249078 9.2910991161848 9.14404425972354 8.9847490797991 13.8336364160472 18.8234963105559 18.6009159483492 18.6755138001199 10.7116778880525 11.113618231892 11.5093252154246 10.0828006313471 8.28381232980069 5.95047521079991 5.4882875773167 7.23642697961519 9.06473224807194 5.22041101416117 7.42545721751467 6.99559248620297 9.52502100250622 7.02033362797133 6.85987841507444 8.02544950496056 7.96022943588267 8.77696673444036 8.58018834284417
-9999 -9999 -9999 -9999 -9999 -9999 -9999 -9999 42.3367297096992 20.0962050506164 17.3803570929239 14.3574074472779 9.35663580336846 14.938400687711 17.5327240477709 17.545340328211 17.4262572901427 21.1252896959686 17.7162263426142 19.4252678798701 14.8905762300961 7.82091938983048 9.05203390690345 9.11663834359952 21.0392927747016 22.1527600884047 21.8111657371831 16.0134956742965 9.16420791342019 7.67410713925922 7.2814955993168 6.64877810569273 6.23693920357268 6.28285859342724 5.98446574390041 10.8361723866201 7.79807706764905 6.49839524553053 8.36413860727452 8.67589831093701 8.60263124949661 7.2356563834338 7.98119062646234 8.5425605810267 9.34423253295827 8.55912673953603
-9999 -9999 -9999 -9999 -9999 -9999 -9999 43.8940755631186 25.1830510307542 13.4229320546638 12.4880668594849 4.74835839429934 5.41318374965517 5.55149191357048 7.42107075904845 15.1323724982329 17.4875893915653 19.5721404878398 17.7429493929693 18.9484647639961 13.073233948318 6.60408491309293 7.76200133792252 7.28964482754643 21.2595580018841 22.0581837502904 21.6666985885871 21.569737072089 8.94734663343477 7.2600475957099 4.68833625230333 6.03796224848119 7.97959740635655 6.05865294436769 5.48422334056103 4.94665280283628 10.7208203120961 6.13963715786029 9.56894155441218 8.65454802505954 7.81507402049356 6.4551658386273 5.99507283847211 8.62050556974004 7.67028962721282 8.70978474946877
-9999 -9999 -9999 -9999 -9999 -9999 42.0105223382166 36.0899377142403 17.7992765435921 11.0588894789426 6.67660057435071 4.93863804374911 5.86303856466852 5.60621785546704 5.22017756859394 9.74044298088581 17.6888646983848 19.5578559766694 18.9879367586412 19.5212681839122 13.392563588991 5.93190957638334 7.32325031242836 6.29202402621056 16.2845817897862 20.4401958372324 20.5593484704455 12.0917800268229 6.48193459203301 7.30620286836116 5.26514478126164 6.18677388569645 8.71630689796236 9.23994990915871 6.2102682862872 6.67810877248878 6.59108925519954 8.78322065351715 7.52243180834041 9.35014410480569 6.61639552147951 10.1822904334112 8.26229191382319 9.33857195216376 7.531516701213 7.4433479100638
-9999 -9999 -9999 -9999 -9999 -9999 42.2562474264814 19.8922743770225 17.7013438952048 13.8375321997833 4.43018419828345 4.63270422250647 6.42143920877771 9.7406140879864 9.43173918238887 12.6144827857869 18.6092197498732 17.6930860389374 21.9647293518301 18.0602316086519 8.96311599356972 7.05170302172765 7.95707791489687 10.680413020352 18.9123390429572 21.2674790949955 21.3932773942039 13.3514715149899 5.65214178571385 7.65165846278231 6.88094557131634 6.44376710058741 5.49168383776378 5.0388341127144 5.14418691859687 6.09000434806308 5.54558002472771 4.92282507962021 7.53140217444295 8.12595982580884 7.94740743044907 6.68554631467289 7.37409832972526 7.01335414358698 7.39955475251291 7.68268131286665
-9999 -9999 -9999 -9999 -9999 27.1839755168294 38.9195399262635 16.1352062903096 11.5365468194883 7.08753975847766 4.61394576402089 4.67522018291746 11.9563515948989 17.5385245021452 17.6534050766502 18.2887043475756 19.6330862008381 17.7115431241511 18.4128779930138 21.6751274374719 13.524279322783 10.8617208723591 10.6967408083613 16.3650686352466 20.0221548979568 18.5846305497085 18.8697107961725 10.613880888653 6.19083187948663 6.64768260513876 7.67467546373029 6.99411173742931 5.69422351567085 7.6545333420127 5.98676902997968 6.11722414782829 8.18512590848409 8.40706318514806 8.6156580703994 7.26112509530339 7.80826480548329 7.67534219309454 7.56332269567142 6.16468756417041 6.80497169429582 7.43873270172143
-9999 -9999 -9999 -9999 -9999 42.9658497813861 34.3831713536472 15.9392971101713 9.40519293861796 5.86706857396623 4.88598000214471 4.75894383948609 7.59372078306513 15.9902935221995 17.7128223988136 18.1290105771026 20.1176079929341 17.6854308716304 18.7286486227011 23.0492619546555 18.2038268803934 20.6912922662275 19.0304321027164 19.7099402151602 20.8484147296874 20.720976322081 19.4228347350299 8.4058313545314 5.66452047310029 5.7494229063672 5.35219514341885 6.88641781293785 7.87409827746167 6.82574158026213 5.68743848259146 6.53399948722574 8.31243544955407 6.98544129073411 6.0206604233781 9.95925343744291 8.76247701658112 8.99747385698353 6.91213993517724 4.65367903002974 3.77049806461708 6.03428954999012
-9999 -9999 -9999 -9999 -9999 40.259520306999 15.8817517292245 14.7925958210671 5.98791847883913 6.35454604629386 5.99298126932302 4.58697489940422 5.61846447487912 10.597498116087 18.0601499058203 17.6575289164698 17.9849763374849 17.9348260413117 18.2869372411051 19.6904955312883 22.3674866310466 19.9489801551718 19.0502080359609 18.446557117112 20.7422134940593 20.7276807214568 11.0511283153896 6.32897736818512 5.61996602276067 5.60873078913911 4.04929332394119 4.69972773928066 5.45218981786692 6.20922325551884 5.92633526315374 5.23879584046525 4.88923661620551 5.15297718908209 4.85738822423332 6.80274895144539 7.13424419800994 6.90420681665412 6.49642072453106 6.97319330147248 6.23388971118078 6.06621043978003
-9999 -9999 -9999 -9999 -9999 36.8866152831181 16.3978365945856 5.65541278229916 6.47430716335208 6.6325690526452 5.90992138388637 5.16711588194253 5.76669332256008 10.37587833395 17.5061396228722 17.5384418574207 17.6189137862912 17.6315965206344 17.8290004366468 17.5182115662564 18.4312244953157 21.6052668504519 13.5120869498545 10.0184630023951 6.68165465686179 7.4641266039542 5.80783905827081 6.02095245051478 6.32852871601348 5.99023845665214 5.73712521722432 5.34813745076901 5.45596339480246 6.72269924903401 5.12224483652772 6.40109007641308 4.80726861360531 4.407848812546 5.84585916214677 6.31630277740233 7.0994866116876 6.69616199504379 6.1546990572011 5.46254939539728 5.85925290612893 7.57727961483027
-9999 -9999 -9999 -9999 -9999 25.4630301434646 14.6859144653205 5.97511252134583 7.63295130679341 8.10154595646315 12.8993020932407 15.926510359404 16.13945436392 17.4008226193598 17.5266798570256 18.8756180421066 18.9235127065988 18.7634478498501 17.5992642996964 17.4399912920536 17.3153923488362 20.3582063824204 6.51803379539675 7.90714316126202 6.06128464306027 5.76438778292421 8.60596850615589 7.4870094440516 6.36656055077473 7.0891566566929 7.41737044828393 5.41945105846173 5.35322754098103 5.90971607217499 4.94948668438939 6.21717107551904 6.3340761862048 6.1848903626642 7.05225892034289 5.1290752644414 5.52915673604786 10.1935189185167 6.21007146870867 6.47824463297353 6.54110099040284 6.85817926237834
-9999 -9999 -9999 -9999 -9999 19.3783022386244 12.1529825235699 4.7096359090029 21.0882157444897 19.0015094991846 19.3559354856485 18.2613289952842 20.0628701094701 18.0046890564 18.9585450210519 19.9968928153078 19.3403401731822 18.7754172108015 17.8951269372563 17.5386284517625 17.3183492847218 17.349702183652 7.66541948627132 8.50436721082581 5.13175851187943 11.5064566570358 6.88952079296505 8.05364183327106 5.98472397883096 8.48009041761518 8.64856117937286 10.4203605715443 8.08915905392546 3.82365287244451 4.49303946439893 6.04314406974134 8.20801558904967 8.79716780440639 6.67276654823163 8.00123009423991 7.95868142844326 10.8235239066207 9.11607810424243 7.43150417857073 6.18617877480138 5.71953415178834
-9999 -9999 -9999 -9999 -9999 12.8434802949363 4.74840534585509 5.87794795357463 16.6112968077899 26.7604633764233 20.2198208774185 17.7862501163262 18.5475452286504 17.8967136088703 18.9512119008009 18.6941139400509 18.3231316124921 18.5642578991677 18.1093551368229 17.739685987018 17.3947159513019 21.0236199060351 8.62191390323258 7.69370076835661 7.84497333965801 7.3895330618087 5.23680585669251 8.2740997854942 6.29944878895615 8.11577139199883 8.08250728805622 9.03747168340992 3.2917480685795 2.38674680988627 4.27926095517522 4.47432582235225 7.31439267210644 8.2154348529725 9.46272725461117 9.92120670470264 9.80989651466593 8.38786156594001 7.95118848930292 9.60980101010757 6.79900963791526 5.54198342179612
-9999 -9999 -9999 -9999 -9999 11.3469306216148 5.12922232892356 7.06584885135361 9.84635655455568 17.5455743565636 18.5741645192961 18.5774461082357 17.2688487982456 17.363525266869 17.5801190061328 17.5940873148556 17.6039237880949 17.547888115353 17.4977013776457 17.5028961019331 17.3621755311676 20.1360050285068 14.0158946847223 8.50298856513248 12.6161894741198 8.36953544012627 12.3343314042866 7.42426670337946 3.48672847987421 7.63616381259322 7.84466443143851 4.28693764619176 2.42312628479004 3.73626970476015 3.68753338805424 5.22709820683753 7.58913921474384 7.65886728435349 9.2254210785757 8.64634288818627 8.0432779153505 9.87134821581057 8.20739814677037 9.17873385211619 7.68563657998761 6.37910054780302
