0.743906 0.022533 0.180557 0.0530035
0.841497 0.000773265 0.0896411 0.0680889
0.602076 9.9991E-05 0.207684 0.19014
0.799353 0.0272068 0.00321549 0.170225
0.891943 0.107857 9.9982E-05 9.9982E-05
0.888499 0.0869473 9.9991E-05 0.0244534
0.818115 0.0166397 0.0366517 0.128594
0.909128 9.9991E-05 0.00462253 0.0861492
0.717381 0.0933246 0.189194 9.9991E-05
0.539278 9.9991E-05 0.194385 0.266237
0.315312 0.0800031 0.124385 0.4803
0.488827 0.0037428 0.250985 0.256445
0.0588648 0.0452751 0.0522951 0.843565
0.484113 0.0505742 0.248841 0.216472
0.679763 0.098043 0.222094 9.9991E-05
0.712717 9.9991E-05 0.079654 0.207529
0.732179 0.0447697 0.222952 9.9991E-05
0.850091 9.9982E-05 0.149709 9.9982E-05
0.0902364 0.133263 0.609369 0.167132
0.118142 9.9991E-05 0.701719 0.18004
0.213646 0.0367047 0.701033 0.0486162
0.010807 9.9991E-05 0.832333 0.15676
9.9982E-05 9.9982E-05 0.902582 0.0972181
0.131721 0.0391262 0.814963 0.0141898
0.243425 9.9991E-05 0.657773 0.0987025
0.0111981 9.9991E-05 0.952164 0.0365377
9.9982E-05 0.0962038 0.903596 9.9982E-05
9.9991E-05 0.0752693 0.838002 0.0866291
0.0991235 0.014608 0.886169 9.9991E-05
0.0769565 0.0854494 0.837494 9.9991E-05
0.0291323 9.9991E-05 0.903127 0.0676412
0.0910129 0.0609121 0.847975 9.9991E-05
0.0465319 9.9991E-05 0.843012 0.110356
0.534192 9.9991E-05 0.209541 0.256167
0.700333 0.0359486 0.255688 0.00803071
0.808678 0.0752593 0.115963 9.9991E-05
0.733496 0.0472938 0.0846629 0.134548
0.476557 0.0511799 0.15164 0.320623
0.0170064 0.380102 0.602791 9.9991E-05
9.9982E-05 9.9982E-05 0.798326 0.201474
0.696332 0.129045 0.174523 9.9991E-05
0.629634 9.9991E-05 0.136465 0.233801
0.283273 0.140548 0.32667 0.249508
0.156362 0.110786 0.0742501 0.658602
0.0666682 9.9991E-05 0.0362347 0.896997
0.0249117 0.407652 0.567336 9.9991E-05
0.481747 0.0364886 0.221657 0.260107
0.416257 0.115196 0.0679956 0.400551
0.317492 0.140758 0.38219 0.15956
0.0558563 0.769191 0.0384237 0.136529
9.9982E-05 0.727615 9.9982E-05 0.272185
0.134418 0.813331 0.052151 9.9991E-05
0.034929 0.742601 0.00318105 0.219289
0.0363381 0.863795 0.0997671 9.9991E-05
0.0979351 0.842141 0.0598237 9.9991E-05
0.280099 0.719701 9.9982E-05 9.9982E-05
0.058926 0.774532 0.0579782 0.108563
9.9982E-05 0.878006 0.121794 9.9982E-05
0.119031 0.790255 9.9991E-05 0.0906136
0.132513 0.603406 9.9991E-05 0.263981
9.9991E-05 0.811134 0.098774 0.0899917
0.0547715 0.673539 0.0304473 0.241243
9.9991E-05 0.321735 0.00998385 0.668181
0.154519 0.0385572 0.776774 0.030149
0.0980708 0.011407 0.843096 0.0474261
0.189977 9.9982E-05 0.809823 9.9982E-05
0.047814 0.700456 9.9991E-05 0.25163
9.9991E-05 0.524919 0.0193958 0.455585
0.0463063 0.711506 0.0963652 0.145822
9.9991E-05 0.659297 0.0145111 0.326091
0.0753183 0.874679 0.0499024 9.9991E-05
0.230768 0.115212 9.9991E-05 0.65392
0.11748 0.0389806 0.00418924 0.839351
0.0856432 0.0954955 0.0256631 0.793198
9.998E-05 9.998E-05 9.998E-05 0.9997
0.104017 0.0400121 0.11962 0.736351
9.9982E-05 0.00461367 9.9982E-05 0.995186
0.0762587 9.9991E-05 0.0982246 0.825417
0.045994 0.614367 9.9991E-05 0.339539
0.138004 0.487386 0.0402685 0.334341
9.9991E-05 0.699123 0.0596591 0.241118
9.9991E-05 0.741964 0.0769128 0.181023
0.164484 0.704576 9.9991E-05 0.13084
0.0662675 0.0455943 0.687766 0.200372
0.096852 0.250213 0.0869791 0.565956
9.9982E-05 0.085488 9.9982E-05 0.914312
0.0771035 0.400632 0.522164 9.9991E-05
0.677417 9.9991E-05 0.166833 0.15565
0.788494 9.9991E-05 0.149234 0.0621712
0.533788 0.00389087 0.19726 0.265062
0.375156 0.043917 0.229224 0.351703
0.85193 0.0609731 0.086997 9.9991E-05
9.9982E-05 0.114278 9.9982E-05 0.885522
0.183311 9.9991E-05 0.576253 0.240336
0.0765162 0.190495 0.00470747 0.728282
0.280931 0.0716412 0.324948 0.32248
0.753282 0.00822717 0.238391 9.9991E-05
0.688684 9.9991E-05 0.037247 0.273969
0.707724 9.9991E-05 0.0728248 0.219351
0.65397 0.0381177 0.00060481 0.307307
0.559343 9.9991E-05 0.06828 0.372277
0.794785 9.9991E-05 0.0578442 0.147271
0.0632007 0.19913 0.0186184 0.719051
0.0812583 0.175654 0.113433 0.629654
0.0746242 0.216563 0.0687093 0.640104
0.143682 9.9991E-05 0.248741 0.607477
0.244036 0.0655796 0.141513 0.548872
0.531605 0.0795419 0.374609 0.0142443
0.215045 0.784755 9.9982E-05 9.9982E-05
9.9991E-05 0.70386 0.0574545 0.238586
0.0850211 0.146798 0.126209 0.641972
0.230999 0.128358 0.0932799 0.547363
0.0652051 0.159533 0.300908 0.474354
9.9982E-05 9.9982E-05 0.659597 0.340203
9.9991E-05 0.627339 0.0763371 0.296224
0.0329644 0.657749 9.9991E-05 0.309187
0.103007 0.463114 9.9991E-05 0.433779
0.41829 0.0289471 0.45912 0.093643
0.699477 0.073081 0.227342 9.9991E-05
0.757748 0.0681743 0.0537175 0.12036
0.860674 0.100305 0.0389211 9.9991E-05
0.539575 9.9991E-05 0.379658 0.0806673
0.730485 9.9991E-05 0.138296 0.131119
0.82377 0.00677679 0.114957 0.0544959
0.914558 0.0831256 9.9991E-05 0.00221606
0.533363 0.0540952 0.342854 0.0696883
0.826768 9.9991E-05 0.159642 0.0134898
0.672133 9.9991E-05 0.13967 0.188096
0.742212 9.9991E-05 0.062421 0.195267
0.562045 0.143752 0.205199 0.0890042
0.789427 0.0749331 0.022006 0.113634
0.427734 0.012271 0.248798 0.311197
0.784899 0.0147353 0.0653156 0.13505
9.9982E-05 9.9982E-05 0.820126 0.179674
0.0553534 9.9991E-05 0.875736 0.0688102
0.0659924 9.9982E-05 0.933808 9.9982E-05
0.102056 0.069313 0.709926 0.118705
0.0718097 9.9991E-05 0.748494 0.179596
0.658675 0.0757248 9.9991E-05 0.2655
0.683713 9.9991E-05 0.1732 0.142987
9.9982E-05 0.898076 9.9982E-05 0.101724
0.043433 0.774904 0.0451194 0.136543
0.115087 0.862382 0.013311 0.00922027
0.0155345 0.608704 0.0232332 0.352528
0.108518 0.890263 9.9991E-05 0.00111942
9.9991E-05 0.770317 0.132092 0.0974916
0.0310849 0.86899 9.9991E-05 0.0998253
9.9991E-05 0.778267 0.0538452 0.167787
9.9991E-05 0.822582 0.106567 0.0707513
9.9991E-05 0.811319 0.0820536 0.106527
0.0236788 0.78206 0.0180684 0.176193
0.0442808 0.771814 0.109898 0.0740078
0.112923 0.800321 0.0866552 9.9991E-05
0.0724607 0.882147 0.0452922 9.9991E-05
0.0197282 0.781366 9.9991E-05 0.198806
0.130247 0.869553 9.9982E-05 9.9982E-05
0.028272 0.842072 0.0287138 0.100943
0.0196157 0.0855007 9.9991E-05 0.894784
0.102006 9.9982E-05 9.9982E-05 0.897794
0.0720832 0.825599 9.9991E-05 0.102218
0.282096 0.709054 0.00874956 9.9991E-05
9.9982E-05 0.809405 9.9982E-05 0.190395
0.146568 0.0762444 9.9991E-05 0.777088
0.948978 9.9982E-05 9.9982E-05 0.0508217
0.705204 0.00646559 0.28823 9.9991E-05
0.338614 9.9991E-05 0.351866 0.30942
0.260219 0.011353 0.622347 0.106081
0.0507268 0.0102383 0.768434 0.170601
0.0950307 0.0386374 0.786476 0.0798558
0.201447 9.9991E-05 0.710846 0.087607
0.0792424 0.0113425 0.764805 0.14461
9.9991E-05 0.0353954 0.738551 0.225953
0.168932 0.0790625 0.751906 9.9991E-05
0.747791 0.0332342 0.0822644 0.13671
0.798322 0.144765 0.0539011 0.00301165
0.797174 0.0371877 9.9991E-05 0.165538
0.799896 0.025402 9.9991E-05 0.174602
0.864826 0.0142146 9.9991E-05 0.120859
0.601234 9.9982E-05 9.9982E-05 0.398566
0.559589 9.9991E-05 0.21044 0.229871
0.557783 0.0570667 0.127236 0.257915
0.751404 0.0367064 0.0478063 0.164083
0.604714 9.9991E-05 0.212783 0.182402
0.721123 0.0479329 0.128816 0.102128
0.142988 0.127385 0.682529 0.0470984
0.0130562 0.756762 0.0638933 0.166289
0.0290788 0.808014 0.105749 0.0571578
9.9991E-05 0.799557 0.00148318 0.19886
0.181889 0.731422 9.9991E-05 0.0865893
0.0994852 0.798711 0.101704 9.9991E-05
0.411148 0.123071 0.292183 0.173598
0.644178 0.0344588 0.282675 0.0386881
0.728596 0.0661302 0.183083 0.0221903
0.478885 9.9991E-05 0.255169 0.265845
