0.0728474 0.114663 0.744658 0.0460292 0.0218028
0.0607193 0.0484881 0.847707 0.0019572 0.0411288
0.110561 0.140622 0.717945 0.00249833 0.0283733
0.23124 0.02583 0.74273 9.9982E-05 9.9982E-05
9.9973E-05 9.9973E-05 0.904774 0.0949261 9.9973E-05
0.0270787 9.9982E-05 0.88263 0.0900911 9.9982E-05
0.161403 0.103963 0.696476 0.0380573 9.9991E-05
0.153441 9.9982E-05 0.823698 9.9982E-05 0.0226616
9.999E-05 0.132152 0.732735 0.123836 0.0111768
0.30851 0.213896 0.451048 9.9991E-05 0.0264461
0.564195 0.101003 0.244208 0.0376967 0.0528976
0.211084 0.220035 0.479538 0.0487298 0.0406126
0.692248 0.085114 0.0972532 0.0829625 0.0424222
0.11 0.21434 0.556815 0.118744 9.9991E-05
9.999E-05 0.138487 0.705531 0.112677 0.043206
0.300913 0.0856062 0.585247 9.9991E-05 0.028134
0.109208 0.291277 0.599316 9.9982E-05 9.9982E-05
9.9982E-05 0.0531183 0.921419 9.9982E-05 0.025263
0.0992612 0.537151 0.150882 0.144349 0.0683577
0.173652 0.624322 0.200028 9.9991E-05 0.0018984
0.0655268 0.714183 0.211507 9.9991E-05 0.00868299
0.0894425 0.847435 9.9991E-05 0.0469578 0.0160646
0.0110454 0.943074 9.9982E-05 9.9982E-05 0.0456803
9.999E-05 0.806768 0.123224 0.0164787 0.0534299
0.172784 0.712424 0.114591 9.9982E-05 9.9982E-05
9.9982E-05 0.920612 0.046101 9.9982E-05 0.0330866
0.0316516 0.866424 9.9991E-05 0.0568047 0.0450193
9.9982E-05 0.907828 9.9982E-05 0.0530316 0.0389403
9.9982E-05 0.939536 0.0360362 0.0242278 9.9982E-05
0.0290743 0.88814 0.0102143 0.072471 9.9991E-05
0.0284362 0.949089 9.9982E-05 0.0222752 9.9982E-05
9.9991E-05 0.853731 0.0879223 0.0186619 0.0395851
0.067764 0.85596 0.0279275 9.9991E-05 0.0482481
0.219064 0.191957 0.496838 0.00260155 0.0895398
9.9982E-05 0.29869 0.655464 0.0456465 9.9982E-05
0.102158 0.155576 0.68499 0.0571759 9.9991E-05
0.285379 0.0673179 0.611583 0.00713618 0.0285834
0.263639 0.158587 0.48263 0.0882909 0.00685326
9.997E-05 9.997E-05 9.997E-05 9.997E-05 0.9996
0.225898 0.73196 9.9991E-05 0.00350717 0.0385346
9.9982E-05 0.108524 0.735479 0.155796 9.9982E-05
0.200406 0.176236 0.623158 9.9982E-05 9.9982E-05
0.275754 0.26578 0.349271 0.100815 0.0083787
0.691295 0.0606237 0.117552 0.0792241 0.0513052
0.963588 0.0256662 9.9982E-05 9.9982E-05 0.0105462
9.997E-05 9.997E-05 9.997E-05 9.997E-05 0.9996
0.206493 0.189245 0.479127 0.0330308 0.0921048
0.411415 0.165257 0.309363 0.113864 9.9991E-05
0.171996 0.318326 0.36467 0.113973 0.031035
0.106761 0.0609016 0.0315206 0.790744 0.0100731
0.170393 0.0159404 9.9991E-05 0.788576 0.0249898
9.9973E-05 9.9973E-05 0.185869 0.813831 9.9973E-05
0.259429 9.9991E-05 0.0110213 0.682663 0.0467868
9.9991E-05 0.062641 0.0254287 0.857613 0.0542173
9.9982E-05 0.0495164 0.0940669 0.856217 9.9982E-05
0.00395346 0.0111568 0.244427 0.740363 9.9991E-05
0.0861928 0.0571666 0.0185564 0.809058 0.0290258
9.9982E-05 0.0975608 9.9982E-05 0.882249 0.0199906
0.193882 9.9991E-05 0.0368592 0.732587 0.0365722
0.358408 9.9991E-05 0.0410825 0.581371 0.0190388
0.063978 0.101666 9.9982E-05 0.834156 9.9982E-05
0.189006 0.103704 0.036243 0.670947 9.9991E-05
0.565662 9.9991E-05 0.0383691 0.323201 0.0726682
9.9991E-05 0.771846 0.182276 0.0206601 0.0251174
0.0568048 0.726426 0.174055 9.9991E-05 0.0426143
9.9982E-05 0.910311 0.0829011 9.9982E-05 0.00658781
0.188203 0.0319738 0.056511 0.709063 0.0142489
0.427542 9.9991E-05 0.0270533 0.481443 0.0638614
0.0589082 0.0669297 0.0880635 0.772332 0.0137665
0.297505 9.9982E-05 9.9982E-05 0.657275 0.0450204
9.9982E-05 9.9982E-05 0.121314 0.842719 0.0357663
0.655176 9.9982E-05 0.244391 0.100234 9.9982E-05
0.732212 9.9991E-05 0.182333 0.0761238 0.0092312
0.901748 9.9982E-05 0.0366526 0.0613993 9.9982E-05
0.977971 9.9973E-05 9.9973E-05 9.9973E-05 0.0217289
0.850395 0.121614 9.9982E-05 9.9982E-05 0.0277912
0.973835 9.9982E-05 9.9982E-05 0.00889736 0.0170679
0.755272 0.0657257 0.131545 0.0236291 0.0238286
0.322896 9.9982E-05 0.0212184 0.655685 9.9982E-05
0.337725 0.0240638 0.0865426 0.438554 0.113115
0.177221 0.100611 9.9991E-05 0.703395 0.0186737
0.139316 0.0601969 9.9991E-05 0.748062 0.0523252
0.0980063 9.9991E-05 0.168288 0.71419 0.0194154
0.2077 0.685834 0.0490941 0.0316362 0.0257357
0.508566 0.121128 0.0814901 0.288716 9.9991E-05
0.865719 9.9982E-05 0.0297716 0.10431 9.9982E-05
9.997E-05 9.997E-05 9.997E-05 9.997E-05 0.9996
0.0889544 0.213412 0.697433 9.9982E-05 9.9982E-05
0.0946016 0.158787 0.730884 9.9991E-05 0.0156276
0.235071 0.139845 0.581061 0.0105506 0.0334722
0.189608 0.264394 0.410809 0.0985335 0.0366554
0.113547 0.0666833 0.759266 0.060404 9.9991E-05
0.838938 0.0319239 9.9982E-05 0.128938 9.9982E-05
0.157642 0.607811 0.159032 0.0161769 0.0593386
0.588747 9.9991E-05 0.13372 0.196513 0.0809197
0.401952 0.293769 0.219675 0.0536647 0.0309394
0.0249395 0.192353 0.774443 9.9991E-05 0.00816445
0.381151 0.0755929 0.543056 9.9982E-05 9.9982E-05
0.283651 0.155938 0.560211 9.9982E-05 9.9982E-05
0.286271 0.0628984 0.60458 0.0408693 0.00538067
0.446378 0.0596975 0.490952 9.9991E-05 0.00287261
0.276189 0.0689355 0.650979 9.9991E-05 0.00379575
0.734678 0.00720205 0.0286892 0.202952 0.0264795
0.507317 0.0817245 0.135639 0.211915 0.0634045
0.624457 9.9991E-05 0.102029 0.187803 0.085611
0.645565 0.261233 0.0870764 9.9991E-05 0.00602569
0.534781 0.126894 0.232802 0.105423 9.9991E-05
0.0371794 0.40752 0.493618 0.0615824 9.9991E-05
9.9973E-05 9.9973E-05 0.194962 0.804738 9.9973E-05
0.194175 9.9991E-05 0.0741614 0.725711 0.00585272
0.590691 0.138897 0.0889931 0.17984 0.00157854
0.50247 0.161191 0.152646 0.124705 0.0589879
0.356187 0.260246 0.156005 0.15186 0.0757021
0.239055 0.760645 9.9973E-05 9.9973E-05 9.9973E-05
0.300071 0.0285307 9.9991E-05 0.621477 0.0498209
0.281226 0.0301268 0.0399632 0.648584 9.9991E-05
0.385547 9.9982E-05 0.126791 0.487462 9.9982E-05
0.118712 0.488151 0.300628 0.0447912 0.0477172
9.9991E-05 0.210612 0.714123 0.065492 0.00967399
0.153926 0.0363019 0.732157 0.0344061 0.0432094
0.0105155 0.0952216 0.770354 0.123809 9.9991E-05
0.0412365 0.390926 0.567638 9.9982E-05 9.9982E-05
0.094979 0.169221 0.715162 9.9991E-05 0.0205377
0.00623821 0.163655 0.800944 0.0290626 9.9991E-05
9.9982E-05 9.9982E-05 0.934716 0.057589 0.00749514
0.131835 0.402703 0.438676 0.0266862 9.9991E-05
0.140477 0.131346 0.693148 9.9991E-05 0.0349291
0.170774 0.111253 0.678208 9.9991E-05 0.0396657
0.178373 0.120672 0.689965 9.9991E-05 0.0108905
0.146911 0.280235 0.488086 0.0846683 9.9991E-05
0.13277 9.9991E-05 0.761193 0.0606358 0.0453013
0.382979 0.271538 0.343569 9.9991E-05 0.00181416
0.125636 0.0580379 0.778127 0.0317907 0.00640859
0.17699 0.82271 9.9973E-05 9.9973E-05 9.9973E-05
0.0260353 0.896654 0.0771103 9.9982E-05 9.9982E-05
9.9982E-05 0.904918 0.059219 9.9982E-05 0.035663
0.00406577 0.79528 0.10943 0.0911234 9.9991E-05
0.057252 0.850084 0.0228996 0.053579 0.0161857
0.209693 0.0208862 0.662687 0.106633 9.9991E-05
0.102035 0.194196 0.664704 9.9991E-05 0.0389655
0.0474377 9.9973E-05 9.9973E-05 0.952262 9.9973E-05
0.0644403 0.070459 9.9991E-05 0.828071 0.0369297
0.0452233 0.0247188 0.0564511 0.866702 0.00690475
0.333915 0.0232889 0.031528 0.611168 9.9991E-05
0.00874223 9.9991E-05 0.100187 0.856406 0.034565
0.102468 0.109522 9.9991E-05 0.777153 0.0107573
9.9982E-05 9.9982E-05 0.0750857 0.896331 0.0283835
0.105963 0.0688274 9.9982E-05 0.82501 9.9982E-05
9.9982E-05 0.127441 0.00210353 0.870256 9.9982E-05
0.0353308 0.116845 9.9991E-05 0.840127 0.00759786
0.155904 9.9991E-05 0.00900815 0.78458 0.0504082
0.000861777 0.0653387 0.124935 0.760016 0.0488486
9.9991E-05 0.0335539 0.147119 0.791978 0.0272492
9.9991E-05 0.0649795 0.000103115 0.894679 0.0401387
0.129802 0.0280845 9.9991E-05 0.834441 0.0075724
9.9982E-05 9.9982E-05 0.126386 0.85608 0.0173345
0.0492172 0.0764807 0.0211569 0.844665 0.00848046
0.799197 9.9982E-05 0.0644422 0.136161 9.9982E-05
0.913518 9.9973E-05 0.0861816 9.9973E-05 9.9973E-05
0.178283 9.9973E-05 9.9973E-05 0.821417 9.9973E-05
0.0294123 0.0159187 0.243636 0.681462 0.0295711
0.127599 0.0265031 9.9982E-05 0.845698 9.9982E-05
0.678513 9.9982E-05 0.18119 0.140097 9.9982E-05
0.135659 9.9982E-05 0.848343 9.9982E-05 0.0157977
9.9982E-05 0.177661 0.789749 9.9982E-05 0.0323897
0.182172 0.464053 0.33502 0.0186549 9.9991E-05
0.129313 0.57666 0.293827 9.9982E-05 9.9982E-05
0.229875 0.769825 9.9973E-05 9.9973E-05 9.9973E-05
9.9991E-05 0.897817 0.0396112 0.0553472 0.00712409
0.076892 0.744552 0.144653 0.016751 0.0171521
0.121779 0.750842 0.0874206 9.9991E-05 0.0398582
0.0795862 0.719291 0.0843951 0.0807444 0.0359839
9.9991E-05 0.742462 0.118007 0.0798706 0.0595609
0.113074 0.115677 0.760787 9.9991E-05 0.0103627
0.16194 0.0582735 0.686247 0.0404171 0.0531226
0.265791 9.9991E-05 0.701943 0.00451938 0.0276465
0.357717 9.99731E-05 0.641983 9.99731E-05 9.99731E-05
0.287701 9.9982E-05 0.694918 9.9982E-05 0.0171809
0.440298 9.9973E-05 0.559402 9.9973E-05 9.9973E-05
0.253615 0.180365 0.553947 9.9991E-05 0.011973
0.202432 0.16688 0.546882 0.06562 0.0181859
0.215231 0.10422 0.643792 9.9991E-05 0.0366567
0.256585 0.182982 0.520926 0.0310537 0.00845282
0.132386 0.0772941 0.711066 0.0513546 0.0278997
0.0110255 0.635411 0.111484 0.090036 0.152044
0.191208 0.059917 0.00655865 0.728245 0.0140716
0.0396993 0.124767 0.0117319 0.793783 0.0300193
0.19997 9.9982E-05 9.9982E-05 0.798467 0.0013622
0.105128 9.9991E-05 0.153681 0.734171 0.0069202
0.0206095 0.0992321 0.0605058 0.794951 0.0247014
0.209167 0.244901 0.402525 0.112105 0.0313013
0.108393 0.271369 0.54619 0.0301045 0.0439434
9.9991E-05 0.0952685 0.813063 0.0266902 0.0648783
0.211729 0.215457 0.550794 9.9991E-05 0.0219192
