0.00561949 0.810907 0.183473
9.999E-05 0.845028 0.154872
9.999E-05 0.721682 0.278218
0.0261249 0.921921 0.0519536
0.0159993 0.926008 0.0579931
0.0706037 0.929296 9.9991E-05
0.0438714 0.865499 0.0906293
0.00271088 0.916158 0.0811308
0.0865993 0.676928 0.236473
0.0600006 0.685686 0.254314
0.192711 0.642201 0.165088
0.0545453 0.640213 0.305242
0.338816 0.477884 0.183301
0.115149 0.615228 0.269623
0.0742887 0.653225 0.272486
0.0163062 0.851376 0.132318
9.9991E-05 0.793411 0.206489
9.9991E-05 0.881286 0.118614
0.210068 0.135415 0.654518
0.0176423 0.298596 0.683761
9.9991E-05 0.208915 0.790985
0.0778167 0.0400447 0.882139
0.00892437 9.9991E-05 0.990976
0.0174975 0.13785 0.844653
9.9991E-05 0.247213 0.752687
9.9991E-05 0.040499 0.959401
0.0622335 9.9991E-05 0.937667
0.0640392 9.9991E-05 0.935861
0.0068842 0.0196668 0.973449
0.0562467 0.0447549 0.898998
0.0449419 9.9991E-05 0.954958
0.0264284 0.0285612 0.94501
0.00244475 0.0467372 0.950818
0.0805642 0.682837 0.236599
0.00644743 0.692133 0.301419
0.0396933 0.823085 0.137222
0.0305391 0.856265 0.113196
0.122989 0.636653 0.240358
0.374772 9.9991E-05 0.625128
0.0674637 0.110637 0.821899
0.0730323 0.744091 0.182877
9.9991E-05 0.856685 0.143215
0.208199 0.401485 0.390316
0.388823 0.463616 0.147562
0.309901 0.614225 0.0758736
0.4018 9.9991E-05 0.5981
0.100676 0.610331 0.288993
0.214206 0.571884 0.21391
0.134947 0.48101 0.384043
0.870616 0.0740398 0.0553443
0.913082 0.0436706 0.0432475
0.868612 0.106022 0.0253656
0.859318 0.135312 0.00537024
0.923465 9.9991E-05 0.0764349
0.92295 0.0328476 0.0442026
0.765961 0.233939 9.9991E-05
0.889253 0.0528656 0.0578816
0.895931 9.9991E-05 0.103969
0.881383 0.0817322 0.0368852
0.798315 0.201585 9.9991E-05
0.899491 9.9991E-05 0.100409
0.781167 0.0935576 0.125275
0.550362 0.347226 0.102412
0.0425538 0.123522 0.833924
0.0488346 0.08339 0.867775
9.9991E-05 0.0793829 0.920517
0.794297 0.189086 0.0166171
0.752996 0.179875 0.0671288
0.842163 0.0654818 0.0923548
0.853888 0.0693196 0.0767925
0.931721 0.00305987 0.0652191
0.351298 0.648602 9.9991E-05
0.375936 0.602212 0.0218524
0.358317 0.578922 0.0627613
0.367424 0.615024 0.0175513
0.282616 0.550329 0.167055
0.325616 0.553491 0.120893
0.258805 0.502249 0.238947
0.723817 0.276083 9.9991E-05
0.589774 0.292131 0.118095
0.875777 0.0342467 0.0899767
0.860144 9.9991E-05 0.139756
0.795963 0.203937 9.9991E-05
0.0405615 0.197752 0.761687
0.464377 0.383907 0.151717
0.395545 0.604355 9.9991E-05
0.418376 9.9991E-05 0.581524
9.9991E-05 0.837903 0.161997
9.9991E-05 0.805831 0.194069
0.0606484 0.70676 0.232592
0.159929 0.526294 0.313778
0.0501416 0.85012 0.0997388
0.43685 0.477145 0.0860044
0.0795214 0.316678 0.6038
0.458289 0.540648 0.00106229
0.180348 0.450191 0.369461
9.9991E-05 0.792945 0.206955
9.9991E-05 0.880409 0.119491
0.0181134 0.83765 0.144237
0.10191 0.812269 0.085821
0.0636605 0.838066 0.098273
9.9991E-05 0.881201 0.118699
0.461791 0.432774 0.105434
0.417819 0.453662 0.128519
0.477161 0.469859 0.0529798
0.123972 0.659716 0.216313
0.226546 0.592421 0.181033
0.0657271 0.468316 0.465957
0.839182 0.141507 0.0193115
0.846573 0.118193 0.035234
0.394986 0.334351 0.270663
0.337209 0.458178 0.204614
0.309025 0.333217 0.357759
0.0213058 0.127833 0.850861
0.812027 0.0848759 0.103097
0.782584 0.198629 0.0187876
0.624681 0.375219 9.9991E-05
0.0769495 0.361484 0.561566
0.0112539 0.638414 0.350332
0.046647 0.909308 0.0440452
0.0641696 0.844582 0.091248
9.9991E-05 0.589998 0.409902
0.0192169 0.815167 0.165616
9.9991E-05 0.890024 0.109876
0.0162444 0.954362 0.0293935
0.0530355 0.598915 0.348049
9.9991E-05 0.78526 0.21464
9.9991E-05 0.737225 0.262675
9.9991E-05 0.862808 0.137092
0.107474 0.565076 0.32745
0.0765318 0.806991 0.116477
0.0515861 0.700979 0.247435
9.9991E-05 0.873889 0.126011
0.0175159 0.124312 0.858172
9.999E-05 9.999E-05 0.9998
9.999E-05 9.999E-05 0.9998
0.0722829 0.130724 0.796993
0.0608039 0.0610941 0.878102
0.134173 0.855798 0.0100284
9.9991E-05 0.823562 0.176338
0.9998 9.999E-05 9.999E-05
0.894055 0.0240279 0.0819176
0.93644 0.00835639 0.0552035
0.755767 0.159383 0.0848501
0.93929 0.0606099 9.9991E-05
0.862172 9.9991E-05 0.137728
0.983769 0.0161312 9.9991E-05
0.909163 0.0203747 0.0704622
0.948672 0.013023 0.0383054
0.935572 9.9991E-05 0.064328
0.898171 0.101729 9.9991E-05
0.854707 0.040024 0.105269
0.868868 0.0565899 0.0745425
0.927072 9.9991E-05 0.0728282
0.904408 0.0786439 0.0169486
0.950182 0.0497184 9.9991E-05
0.910926 0.00557979 0.083494
0.389899 0.60395 0.00615051
0.228669 0.738888 0.0324431
0.946657 0.0532428 9.9991E-05
0.740194 0.259706 9.9991E-05
0.957848 9.9991E-05 0.0420517
0.360005 0.639895 9.9991E-05
9.9991E-05 0.997874 0.00202632
9.9991E-05 0.783239 0.216661
0.0570591 0.494088 0.448853
0.00243754 0.360274 0.637289
0.00777614 0.140823 0.851401
0.0304445 0.141468 0.828087
9.9991E-05 0.162328 0.837572
0.0158901 0.167789 0.816321
0.123299 0.0650581 0.811643
0.0859155 0.101141 0.812944
0.00467077 0.875105 0.120224
0.101183 0.754697 0.14412
0.0444201 0.95548 9.9991E-05
0.05232 0.94758 9.9991E-05
9.999E-05 0.9998 9.999E-05
0.100102 0.868631 0.0312676
0.0327252 0.700143 0.267132
0.101361 0.660483 0.238156
0.0272993 0.819752 0.152949
0.0373251 0.719909 0.242766
0.0344246 0.765228 0.200347
0.154659 0.0395664 0.805774
0.831307 0.109399 0.0592945
0.893575 0.0093217 0.0971033
0.941516 9.9991E-05 0.0583838
0.802573 0.171068 0.026359
0.864526 0.0149762 0.120498
0.142233 0.583323 0.274444
0.0363446 0.605231 0.358424
9.9991E-05 0.827204 0.172696
0.0269635 0.659387 0.31365
