0.0198994 0.0860639 0.0648909 0.00530146 0.135394 0.688451
9.999E-05 0.0536715 0.0470032 0.0317237 0.143429 0.724072
9.999E-05 0.0571132 0.144803 0.0419394 0.237882 0.518162
9.999E-05 0.162501 0.0191597 0.0132556 0.260616 0.544368
0.0336262 9.9982E-05 0.00962251 9.9982E-05 0.398886 0.557666
0.0375474 0.0755557 9.9991E-05 0.000474353 0.285247 0.601076
0.0026813 0.140534 0.0853989 9.9991E-05 0.412102 0.359184
9.9982E-05 0.0609741 9.9982E-05 0.0346705 0.281082 0.623074
0.0878979 0.0393669 0.0470423 0.014522 0.0132145 0.797956
9.999E-05 0.181283 0.137905 0.0320781 0.170371 0.478263
0.0656635 0.397005 0.0239439 0.0522214 0.206149 0.255017
9.9982E-05 0.244651 0.166248 0.017649 9.9982E-05 0.571252
0.0446596 0.723842 0.0410882 0.0233998 0.0639694 0.103042
0.0674792 0.124795 0.160717 9.9991E-05 0.106958 0.539951
0.0704555 9.9991E-05 0.168412 0.0338906 0.241239 0.485903
9.999E-05 0.20715 0.0545663 0.014164 0.0962408 0.627779
0.0242132 0.0181635 0.177716 9.9991E-05 0.176429 0.603377
9.9982E-05 9.9982E-05 0.0359731 0.0230155 0.105913 0.834898
0.112354 0.166937 0.501173 0.0674525 0.00981185 0.142272
9.9973E-05 0.156287 0.664487 9.9973E-05 9.9973E-05 0.178926
0.000325649 0.053334 0.697862 9.9982E-05 9.9982E-05 0.248278
9.9982E-05 0.135487 0.806414 0.00364819 9.9982E-05 0.054251
9.9982E-05 0.0824572 0.876951 0.0334344 0.00695781 9.9982E-05
0.015503 9.9982E-05 0.751438 0.0311975 9.9982E-05 0.201661
9.9982E-05 0.076589 0.694583 9.9982E-05 0.215542 0.0130869
9.999E-05 0.0383012 0.882649 0.00820667 0.00155743 0.0691859
0.0486493 0.00365435 0.915487 0.0320092 9.9982E-05 9.9982E-05
0.0586661 0.00901035 0.89007 0.0204159 9.9991E-05 0.0217373
0.0303619 9.9982E-05 0.831083 0.00138026 9.9982E-05 0.136974
0.0548764 9.9973E-05 0.786812 9.9973E-05 0.158012 9.9973E-05
0.0141731 0.0261326 0.899784 9.9982E-05 9.9982E-05 0.0597104
0.0413022 0.0239662 0.802932 0.022662 0.0234426 0.0856953
0.0308756 9.9991E-05 0.822581 0.0409831 0.0472179 0.0582421
9.999E-05 0.300478 0.149602 0.0698162 0.0645504 0.415454
0.0363984 9.9982E-05 0.176128 9.9982E-05 0.251912 0.535361
0.0612829 9.9982E-05 0.0687502 9.9982E-05 0.736477 0.13329
9.9991E-05 0.0538583 0.0340181 0.0271615 0.757273 0.127589
0.105384 0.0420297 0.105976 0.0275199 0.36483 0.35426
9.996E-05 9.996E-05 9.996E-05 0.9995 9.996E-05 9.996E-05
9.9973E-05 0.244875 0.728803 0.0260225 9.9973E-05 9.9973E-05
0.115183 9.9991E-05 0.0987019 0.0123912 0.268494 0.50513
9.9982E-05 0.2339 0.0824738 9.9982E-05 0.0466911 0.636735
0.0751862 0.308329 0.295119 9.9991E-05 0.054804 0.266462
0.0771831 0.684542 0.0269019 0.0495518 9.9991E-05 0.161722
9.9973E-05 0.844208 9.9973E-05 0.00190694 0.153585 9.9973E-05
9.996E-05 9.996E-05 9.996E-05 0.9995 9.996E-05 9.996E-05
0.000556359 0.24601 0.233744 0.0827796 0.162331 0.274579
0.081449 0.39578 0.113049 9.9991E-05 0.299517 0.110105
0.0622799 0.190573 0.302551 0.0312288 0.0375966 0.375771
0.757868 0.115757 0.0361609 0.0134711 0.000618488 0.0761248
0.793044 0.117271 9.9991E-05 0.0330888 0.0243117 0.0321849
0.755864 9.9991E-05 0.0263423 0.0152328 0.0601481 0.142313
0.674678 0.145179 9.9982E-05 0.066589 0.113353 9.9982E-05
0.777418 9.9982E-05 0.075648 0.0369084 0.109826 9.9982E-05
0.830953 9.9982E-05 0.104522 9.9982E-05 0.0242966 0.0400291
0.716124 9.9964E-05 9.9964E-05 9.9964E-05 9.9964E-05 0.283477
0.754647 0.15336 0.0137509 0.0237229 9.9991E-05 0.0544192
0.85373 0.036464 0.073421 0.0242458 0.0120387 9.9991E-05
0.760608 0.0529528 9.9982E-05 0.0294701 9.9982E-05 0.15677
0.604944 0.185632 9.9982E-05 0.0436929 9.9982E-05 0.165531
0.805386 0.152883 0.0414316 9.9973E-05 9.9973E-05 9.9973E-05
0.615624 0.214174 0.0393873 0.00159591 9.9991E-05 0.12912
0.311464 0.534552 9.99998E-05 0.0497621 0.00908167 0.0950401
0.0338514 0.0162567 0.760751 0.0309673 0.0120122 0.146161
0.0102338 9.9982E-05 0.722493 0.0351184 9.9982E-05 0.231955
9.9973E-05 9.9973E-05 0.812917 9.9973E-05 0.16183 0.0249527
0.669913 0.107082 0.0588597 0.00987654 0.154169 9.9991E-05
0.483108 0.448251 9.9982E-05 0.0607609 9.9982E-05 0.00768017
0.712876 0.0809688 0.0604686 0.0186916 9.9991E-05 0.126895
0.669155 0.202427 0.0437758 0.0496975 0.0348453 9.9991E-05
0.795639 9.9991E-05 0.043274 0.0572408 0.0491486 0.0545976
0.0932765 0.653225 9.9973E-05 9.9973E-05 9.9973E-05 0.253198
0.0551682 0.693366 9.9973E-05 9.9973E-05 9.9973E-05 0.251166
0.059473 0.768823 9.9973E-05 9.9973E-05 0.171404 9.9973E-05
9.9964E-05 0.970125 9.9964E-05 0.0294752 9.9964E-05 9.9964E-05
9.9982E-05 0.808757 0.0283998 0.0451767 0.117467 9.9982E-05
9.9964E-05 0.984643 9.9964E-05 0.0149567 9.9964E-05 9.9964E-05
0.0223884 0.652959 0.0974607 0.00108907 0.226003 9.9991E-05
0.643091 0.172468 9.9982E-05 9.9982E-05 0.130435 0.053806
0.385918 0.391875 9.9982E-05 0.150613 9.9982E-05 0.071395
0.752151 0.127082 0.0616222 0.00510972 0.027139 0.026896
0.754558 0.101114 0.123581 0.0205471 9.9982E-05 9.9982E-05
0.683821 0.0192025 9.9991E-05 0.0383827 0.140688 0.117806
9.9982E-05 0.215231 0.648682 0.0364053 9.9982E-05 0.0994821
0.271507 0.465554 0.0984833 9.9982E-05 0.164256 9.9982E-05
0.0954047 0.835381 9.9982E-05 9.9982E-05 0.059547 0.00946769
9.996E-05 9.996E-05 9.996E-05 0.9995 9.996E-05 9.996E-05
9.9982E-05 0.131487 0.105932 9.9982E-05 0.261655 0.500726
9.9991E-05 0.0316642 0.106754 0.0306397 0.120915 0.709927
9.9991E-05 0.193652 0.150244 0.0394158 0.172655 0.443933
0.0836419 0.205549 0.166955 0.0351012 0.0507184 0.458034
0.0402084 0.0504869 0.0279415 9.9991E-05 0.294844 0.586419
0.129925 0.715678 9.9982E-05 0.00215578 0.152041 9.9982E-05
9.9991E-05 0.235474 0.554862 0.0467156 0.14246 0.0203893
0.128876 0.714413 9.9991E-05 0.0914685 0.0188507 0.0462913
0.0252038 0.309955 0.311591 0.0186503 0.327111 0.00748874
9.9973E-05 9.9973E-05 0.0834412 0.00687867 9.9973E-05 0.90938
9.9982E-05 0.155324 0.0806301 9.9982E-05 0.466596 0.297249
9.9982E-05 0.19045 0.100426 9.9982E-05 0.0599172 0.649007
0.0401203 0.133248 9.9991E-05 0.0117189 0.184534 0.630279
9.9964E-05 0.184749 9.9964E-05 9.9964E-05 0.814851 9.9964E-05
9.9964E-05 0.225899 9.9964E-05 9.9964E-05 9.9964E-05 0.773701
0.217189 0.539623 0.0484391 0.0280807 0.166568 9.9991E-05
0.087759 0.631135 0.0726746 0.0979415 9.9991E-05 0.11039
0.191823 0.578939 0.0601437 0.0676177 0.0861642 0.0153128
9.9991E-05 0.595573 0.23116 0.0162037 0.0822551 0.0747087
0.0784011 0.490579 0.106465 9.9982E-05 9.9982E-05 0.324355
0.0337952 9.9982E-05 0.424184 9.9982E-05 0.309659 0.232161
0.736556 9.9991E-05 0.0236424 0.0269103 0.178411 0.0343796
0.674599 0.194136 9.9982E-05 0.0189441 9.9982E-05 0.11212
0.138801 0.636809 0.143673 9.9982E-05 9.9982E-05 0.080517
0.132684 0.508026 0.132746 0.011645 0.16407 0.0508291
0.0970996 0.548029 0.255565 0.0411597 9.9991E-05 0.0580466
9.9973E-05 0.265795 0.675529 9.9973E-05 0.0583761 9.9973E-05
0.617963 0.281323 0.0443549 0.0416449 0.0146149 9.9991E-05
0.697187 0.19604 0.05536 9.9991E-05 0.011967 0.0393454
0.459764 0.375577 9.9982E-05 9.9982E-05 0.0817084 0.0827503
0.0170327 0.103175 0.440176 0.0656924 0.151155 0.222769
0.0595331 9.9973E-05 0.102792 9.9973E-05 9.9973E-05 0.837375
0.0497843 0.0846481 0.00988983 0.0158424 0.314915 0.52492
0.0748135 9.9982E-05 0.0177123 9.9982E-05 0.229339 0.677935
9.9982E-05 0.0127044 0.330006 9.9982E-05 0.228333 0.428757
0.00231163 0.0119641 0.119701 0.00945649 0.306554 0.550012
9.9973E-05 0.041105 0.0582216 9.9973E-05 9.9973E-05 0.900373
0.0746069 9.9964E-05 9.9964E-05 9.9964E-05 9.9964E-05 0.924993
0.0431986 0.056218 0.307416 9.9991E-05 0.271953 0.321115
9.9982E-05 0.0376362 0.0448586 9.9982E-05 0.110786 0.806519
9.9991E-05 0.0789176 0.138547 0.0318192 0.117925 0.632692
9.9991E-05 0.134157 0.0137881 0.0276469 0.214548 0.60976
0.0527554 0.225898 0.225164 0.00760999 0.000722475 0.48785
0.0668719 0.00262281 9.9991E-05 0.0443502 0.120466 0.765589
9.9991E-05 0.299599 0.193625 0.00819436 0.0209725 0.477509
0.0260259 0.0795518 0.0124863 9.9991E-05 0.0256952 0.856141
9.9964E-05 9.9964E-05 0.771254 9.9964E-05 0.228346 9.9964E-05
9.9982E-05 0.0445661 0.888211 9.9982E-05 0.0113589 0.0556641
9.9973E-05 9.9973E-05 0.860252 0.0398761 0.0995723 9.9973E-05
0.0554165 0.0551392 0.738073 9.9982E-05 9.9982E-05 0.151171
0.0329084 0.0487009 0.759508 0.0130616 0.0273968 0.118424
0.04209 0.189634 9.9991E-05 0.0216209 0.415894 0.330662
9.9973E-05 9.9973E-05 0.11079 0.0139661 0.874944 9.9973E-05
0.943513 0.0501334 9.9973E-05 0.00605369 9.9973E-05 9.9973E-05
0.790127 0.0362862 0.0414684 0.0340564 9.9991E-05 0.0979621
0.833008 9.9991E-05 0.00852687 0.00143782 0.119638 0.0372894
0.615429 0.275463 0.0451189 9.9982E-05 9.9982E-05 0.0637888
0.84289 9.9973E-05 9.9973E-05 0.0265923 9.9973E-05 0.130218
0.815611 9.9982E-05 0.158802 0.00405004 9.9982E-05 0.0213369
0.832295 0.0785987 9.9991E-05 0.0282861 0.0102286 0.0504915
0.784766 0.119595 0.0953393 9.9973E-05 9.9973E-05 9.9973E-05
0.808159 0.0840185 0.0633699 9.9982E-05 9.9982E-05 0.0442527
0.825567 0.00874942 0.0981647 0.00740963 9.9991E-05 0.0600096
0.757536 0.0796763 9.9982E-05 0.0361406 0.126447 9.9982E-05
0.760403 9.9991E-05 0.0129198 0.0465056 0.0967403 0.0833316
0.765672 0.0168771 0.0283791 0.0129893 9.9991E-05 0.175982
0.80873 9.9982E-05 0.0388362 0.0154014 0.136833 9.9982E-05
0.781656 0.0956321 9.9982E-05 0.0081854 0.114327 9.9982E-05
0.845485 9.9982E-05 9.9982E-05 0.0232291 0.0655973 0.0654883
0.822261 0.0301553 0.0570295 0.0128436 0.0503594 0.027351
0.11707 0.711651 9.9982E-05 0.00271968 9.9982E-05 0.16836
9.9973E-05 0.850009 9.9973E-05 9.9973E-05 0.030383 0.119308
0.844384 9.9964E-05 9.9964E-05 9.9964E-05 0.155216 9.9964E-05
0.66036 9.9991E-05 0.0572105 0.0114764 0.237667 0.0331862
0.814296 0.170288 9.9973E-05 0.0151161 9.9973E-05 9.9973E-05
0.126283 0.639983 9.9982E-05 9.9982E-05 0.085812 0.147722
0.00382176 0.000423499 9.9991E-05 0.021899 0.103707 0.870049
9.9991E-05 0.0321102 0.125703 0.0292218 0.220347 0.592518
0.000789934 0.255358 0.411479 9.9991E-05 0.0917608 0.240512
9.9973E-05 0.117552 0.579948 9.9973E-05 9.9973E-05 0.3022
9.9973E-05 0.107431 0.733276 9.9973E-05 0.158993 9.9973E-05
0.0177325 0.0955444 0.815508 0.011337 9.9991E-05 0.0597779
9.9991E-05 0.0693694 0.726059 0.00132878 0.0780091 0.125134
0.00330381 0.134804 0.725332 0.00990201 9.9991E-05 0.126558
0.0266509 0.202741 0.704614 0.0284958 0.0121326 0.0253658
0.080926 9.9982E-05 0.737382 0.0520179 9.9982E-05 0.129474
9.9982E-05 0.0654795 0.0739093 9.9982E-05 0.11285 0.747562
9.99963E-05 0.106 0.060114 0.0610656 0.3981 0.374621
9.9964E-05 9.9964E-05 9.9964E-05 0.028857 0.970743 9.9964E-05
9.996E-05 9.996E-05 9.996E-05 9.996E-05 0.9995 9.996E-05
9.996E-05 9.996E-05 9.996E-05 9.996E-05 0.9995 9.996E-05
9.9973E-05 0.210023 9.9973E-05 9.9973E-05 0.737143 0.0525341
9.9991E-05 0.195011 0.143059 0.0476634 0.104408 0.509759
0.0416364 0.189189 0.114126 0.0147977 9.9991E-05 0.640152
9.9982E-05 0.226203 9.9982E-05 0.0130919 0.00468987 0.755815
0.0461276 0.0474863 0.0688559 0.012633 0.439473 0.385424
0.0560683 9.9991E-05 0.0502517 0.0412246 0.314815 0.537541
0.0670108 0.0180278 0.597624 0.153565 9.9991E-05 0.163673
0.692397 0.17841 0.0232609 0.0299142 0.0380761 0.0379414
0.729643 0.0236181 0.140078 0.0539428 0.0526179 9.9991E-05
0.834335 0.0933396 0.0212174 9.9991E-05 0.0138147 0.037193
0.668061 0.174644 0.0222283 9.9982E-05 9.9982E-05 0.134867
0.741385 9.9982E-05 9.9982E-05 0.0434031 0.141997 0.0730152
0.123208 0.0192035 0.280234 0.0302667 0.271558 0.27553
9.9991E-05 0.137695 0.195541 0.0197874 0.0576063 0.58927
9.9982E-05 9.9982E-05 0.0704868 0.0647733 0.107536 0.757004
9.9991E-05 0.19489 0.22363 0.0451434 0.0599123 0.476324
