0.0130256 0.731875 9.9991E-05 0.107182 0.0674883 0.021145 0.0591848
0.0395587 0.588657 9.9991E-05 0.0376667 0.286712 0.0335858 0.0137195
0.0510827 0.77142 9.9982E-05 0.137951 9.9982E-05 0.032754 0.00659235
0.0667874 0.808234 0.0783697 9.9973E-05 0.0463095 9.9973E-05 9.9973E-05
9.99639E-05 0.743051 0.0903293 9.99639E-05 0.16622 9.99639E-05 9.99639E-05
0.0245072 0.719206 9.9973E-05 9.9973E-05 0.153469 9.9973E-05 0.102518
0.126281 0.524375 9.9982E-05 0.0263467 0.259861 9.9982E-05 0.0629369
0.199476 0.604367 9.9973E-05 9.9973E-05 0.147578 0.0482795 9.9973E-05
9.9991E-05 0.0719722 0.00245208 0.113491 0.684435 0.0126228 0.114927
0.11015 0.260877 0.0550868 0.158581 0.390321 0.0248839 9.9991E-05
0.42303 0.152635 0.0958445 0.0430399 0.255241 0.03011 9.9991E-05
0.0876219 0.245203 0.0165383 0.216341 0.387343 0.027579 0.0193745
0.759503 9.9982E-05 9.9982E-05 0.0610241 0.0619058 0.0368945 0.0804725
0.0486027 9.9973E-05 0.118129 0.157396 0.675573 9.9973E-05 9.9973E-05
9.999E-05 0.408147 0.0285557 0.136294 0.342715 0.0406171 0.0435709
0.118899 0.201054 9.9982E-05 0.0393921 0.622783 9.9982E-05 0.0176714
9.9973E-05 0.353551 9.9973E-05 0.14525 0.458814 9.9973E-05 0.0420855
9.9973E-05 0.499698 9.9973E-05 0.00997902 0.460588 0.0294356 9.9973E-05
0.103013 9.9991E-05 0.0513131 0.52609 0.141322 0.0539203 0.124241
0.146775 0.00969449 9.9982E-05 0.598587 0.198674 9.9982E-05 0.0460694
9.999E-05 0.129384 0.00602002 0.67602 0.147905 0.0177001 0.0228709
0.101208 0.0505461 0.0448574 0.786159 9.9991E-05 0.00892912 0.00820036
0.0570478 9.9973E-05 9.9973E-05 0.864497 9.9973E-05 0.0511433 0.0270123
9.9973E-05 9.9973E-05 9.9973E-05 0.6644 0.258563 0.0207099 0.0560266
0.104893 0.126983 9.9973E-05 0.697089 0.0707354 9.9973E-05 9.9973E-05
9.9964E-05 0.114594 9.9964E-05 0.856212 9.9964E-05 0.028794 9.9964E-05
9.9973E-05 9.9973E-05 0.0391073 0.874768 9.9973E-05 0.0200445 0.0657798
0.0131918 9.9991E-05 0.0554931 0.86054 0.0136796 0.0181462 0.0388497
9.9973E-05 0.134802 0.00294495 0.802047 9.9973E-05 9.9973E-05 0.0599069
0.000755298 0.0816376 9.9991E-05 0.778343 0.00398878 0.00339027 0.131785
9.9973E-05 9.9973E-05 9.9973E-05 0.856958 0.0338783 0.00217071 0.106694
9.9973E-05 9.9973E-05 0.0709458 0.787074 0.11958 0.0221003 9.9973E-05
0.0481005 0.0131706 9.9991E-05 0.798925 0.0312928 0.0691207 0.0392908
0.220109 0.332581 9.9991E-05 0.0920119 0.267056 0.0691297 0.0190128
9.9973E-05 0.469105 0.0399081 0.252964 0.237723 9.9973E-05 9.9973E-05
0.0945723 0.725267 0.0707553 0.0810633 0.0281426 9.9982E-05 9.9982E-05
0.131697 0.786835 9.9982E-05 0.0227943 9.9982E-05 0.0453178 0.0131553
0.221127 0.338183 0.0311044 0.114812 0.243317 9.9991E-05 0.0513565
9.995E-05 9.995E-05 9.995E-05 9.995E-05 9.995E-05 0.9994 9.995E-05
0.160087 9.9973E-05 0.0566919 0.740576 9.9973E-05 0.0423454 9.9973E-05
9.9964E-05 0.704904 9.9964E-05 0.1213 9.9964E-05 9.9964E-05 0.173397
0.209941 0.427012 9.9982E-05 0.135055 0.226263 0.0015293 9.9982E-05
0.194774 0.0826043 9.9991E-05 0.252103 0.26792 0.0092415 0.193258
0.591332 9.9991E-05 0.0162349 0.0381585 0.147688 0.0398673 0.16662
0.86388 0.0351021 9.9973E-05 0.0482642 9.9973E-05 9.9973E-05 0.0524537
9.995E-05 9.995E-05 9.995E-05 9.995E-05 9.995E-05 0.9994 9.995E-05
0.238612 0.187132 0.0260032 0.121299 0.335084 0.0917693 9.9991E-05
0.351999 0.179825 9.9982E-05 0.121367 0.155845 9.9982E-05 0.190763
0.0773715 0.154935 0.155187 0.28912 0.308045 0.0152418 9.9991E-05
0.0160616 0.0430309 0.266261 9.9991E-05 0.0593677 0.0286298 0.586549
0.111218 9.9982E-05 0.396673 9.9982E-05 0.0508401 0.0185795 0.422489
9.9982E-05 0.107861 0.469585 9.9982E-05 0.0277324 0.0139501 0.380672
0.177081 9.9982E-05 0.546574 9.9982E-05 0.0930994 0.0278662 0.155178
9.9973E-05 9.9973E-05 0.755453 9.9973E-05 0.0878589 0.0324452 0.123943
9.9973E-05 9.9973E-05 0.561927 0.041243 0.0812749 9.9973E-05 0.315255
9.9964E-05 9.9964E-05 0.646144 9.9964E-05 0.273378 9.9964E-05 0.0800788
9.9964E-05 9.9964E-05 0.217441 9.9964E-05 0.162704 9.9964E-05 0.619455
9.995E-05 9.995E-05 9.995E-05 9.995E-05 9.995E-05 9.995E-05 0.9994
9.9982E-05 0.0190562 0.710294 9.9982E-05 0.0931323 0.0346156 0.142702
0.110692 0.0407839 0.343607 9.9991E-05 0.113706 0.0390588 0.352053
9.995E-05 9.995E-05 9.995E-05 9.995E-05 9.995E-05 9.995E-05 0.9994
0.110342 0.0388752 0.426656 0.0947749 0.0171993 0.00469598 0.307457
0.561228 0.0220203 0.176968 9.9991E-05 0.0265542 0.0624637 0.150666
9.9973E-05 0.127297 0.112717 0.735368 0.0243189 9.9973E-05 9.9973E-05
0.0243837 0.131381 0.032649 0.666511 0.0545793 0.0369578 0.053538
9.9973E-05 0.194254 9.9973E-05 0.761879 9.9973E-05 0.0129199 0.0306475
0.128683 0.00361582 0.537064 0.015604 0.107975 0.008647 0.198411
0.334283 0.0475566 0.525992 9.9982E-05 9.9982E-05 0.0639209 0.0280478
0.183792 9.9982E-05 0.555695 0.0420693 9.9982E-05 0.00706368 0.211181
0.206791 9.9982E-05 0.606536 0.0235936 9.9982E-05 0.0478872 0.114993
9.9973E-05 0.0593595 0.873811 0.028002 9.9973E-05 0.0385277 9.9973E-05
0.516499 0.0518666 0.0234121 9.9991E-05 0.237425 0.0112688 0.159428
0.538032 9.9982E-05 0.0320514 9.9982E-05 0.327319 0.00137636 0.101021
0.669787 9.9973E-05 9.9973E-05 9.9973E-05 0.178646 0.0111113 0.140156
0.950506 9.9955E-05 9.9955E-05 9.9955E-05 9.9955E-05 0.0489946 9.9955E-05
0.90954 9.9964E-05 9.9964E-05 0.0733451 9.9964E-05 0.0167154 9.9964E-05
0.872496 9.9973E-05 9.9973E-05 9.9973E-05 0.0482679 0.0297315 0.0492046
0.60749 0.0640299 0.0274255 0.153289 0.104476 0.0223463 0.0209434
0.113483 9.9973E-05 0.508356 9.9973E-05 0.215285 9.9973E-05 0.162577
0.280245 0.0969241 0.411821 9.9982E-05 9.9982E-05 0.149115 0.0616949
0.13597 0.0156611 0.397609 0.0623556 9.9991E-05 0.033752 0.354552
0.0206859 9.9991E-05 0.429202 0.0665682 0.0772485 0.0498372 0.356358
9.9964E-05 9.9964E-05 0.720628 9.9964E-05 0.257423 9.9964E-05 0.0215496
0.162669 9.9982E-05 0.0629752 0.613177 0.155937 0.00504298 9.9982E-05
0.506997 0.062966 0.170213 0.116272 0.0304558 9.9991E-05 0.112996
0.828565 0.0364726 0.0639136 9.9982E-05 0.021149 9.9982E-05 0.0497001
9.995E-05 9.995E-05 9.995E-05 9.995E-05 9.995E-05 0.9994 9.995E-05
0.110663 0.534309 9.9982E-05 0.147147 0.191791 9.9982E-05 0.0158899
9.9982E-05 0.606571 9.9982E-05 0.115029 0.173759 0.0414719 0.0629695
0.0112753 0.116816 9.9991E-05 0.0726196 0.591148 0.0520022 0.156039
0.128902 0.0107218 0.0852592 0.193727 0.521215 0.0246258 0.0355488
0.0541235 0.570848 0.0594116 0.0554737 0.258145 0.00189782 9.9991E-05
0.705385 9.9973E-05 9.9973E-05 0.0400817 9.9973E-05 0.00334782 0.250886
0.112923 0.254075 9.9991E-05 0.489319 0.00781439 0.0403009 0.0954679
0.590831 0.104057 0.152723 9.9982E-05 9.9982E-05 0.120259 0.0319301
0.338394 0.165884 0.0751017 0.35176 0.0445579 0.0242023 9.9991E-05
9.9991E-05 0.38273 0.000990277 0.103339 0.493126 0.0119991 0.00771523
0.232748 0.593582 9.9973E-05 0.0549116 0.118458 9.9973E-05 9.9973E-05
0.244264 0.384156 9.9982E-05 0.124517 0.244331 9.9982E-05 0.00253237
9.9973E-05 9.9973E-05 0.0538138 9.9973E-05 0.922729 0.00945648 0.0137011
0.367615 0.579922 9.9973E-05 0.0481833 9.9973E-05 0.00397896 9.9973E-05
0.121298 0.05528 9.9973E-05 9.9973E-05 0.818402 0.00471996 9.9973E-05
0.527749 0.0699211 0.140419 0.073816 9.9991E-05 0.0267866 0.161208
0.570028 0.0216913 0.186428 0.0322753 0.125341 0.0641359 9.9991E-05
0.648984 0.0754979 0.0838267 0.000439333 9.9991E-05 0.0673919 0.12376
0.498516 9.9973E-05 9.9973E-05 0.140603 0.345956 0.0146241 9.9973E-05
0.437572 9.9982E-05 0.0179703 0.115904 0.336071 9.9982E-05 0.0922839
0.0406018 0.189882 0.0678017 0.430803 0.270712 9.9982E-05 9.9982E-05
9.9982E-05 0.127021 0.597589 9.9982E-05 0.0526795 0.00858344 0.213927
0.241486 9.9982E-05 0.663011 0.0184796 9.9982E-05 0.0168087 0.0600152
0.485934 0.114195 0.0187951 0.15014 9.9982E-05 9.9982E-05 0.230736
0.221628 9.9991E-05 0.0147372 0.0388389 0.433613 0.0140055 0.277077
0.283078 0.176755 9.9982E-05 0.234981 9.9982E-05 0.047901 0.257084
0.288109 9.9955E-05 9.9955E-05 0.711391 9.9955E-05 9.9955E-05 9.9955E-05
0.280856 9.9982E-05 0.550554 0.046491 9.9982E-05 0.0244588 0.0974402
0.177712 0.0142339 0.414216 9.9982E-05 0.0652986 9.9982E-05 0.32834
0.440013 0.0878681 0.356185 9.9973E-05 9.9973E-05 9.9973E-05 0.115635
0.0891289 0.337279 0.0501864 0.435984 9.9991E-05 0.0569903 0.0303309
9.9982E-05 0.580284 0.0907866 0.228811 0.0937401 0.00617791 9.9982E-05
0.1789 0.548108 9.9982E-05 9.9982E-05 0.183989 0.0406883 0.0481152
0.00802331 0.786279 0.0340859 0.000448642 0.071178 9.9991E-05 0.0998852
9.9973E-05 0.369291 9.9973E-05 0.313816 0.298004 9.9973E-05 0.0185889
0.0995521 0.551248 9.9982E-05 0.130888 0.191649 0.0264635 9.9982E-05
0.0880537 0.822036 0.0107942 0.0788162 9.9973E-05 9.9973E-05 9.9973E-05
9.9973E-05 0.755321 9.9973E-05 9.9973E-05 0.129314 0.00101686 0.114048
0.000506836 0.399662 0.0419515 0.309774 0.227765 9.9991E-05 0.020241
9.9973E-05 0.0236202 0.0725248 0.0307011 0.872854 9.9973E-05 9.9973E-05
9.9973E-05 9.9973E-05 9.9973E-05 0.13084 0.841202 0.0144676 0.0131908
0.0203507 0.0747715 9.9973E-05 9.9973E-05 0.873407 9.9973E-05 0.0311706
0.0321351 0.321125 0.113006 0.252037 0.232763 9.9991E-05 0.0488346
9.9982E-05 0.0021541 0.083793 9.9982E-05 0.883663 0.0296876 0.000502065
0.170709 9.9982E-05 0.00357976 0.211875 0.594297 9.9982E-05 0.0193394
0.024955 0.567923 9.9991E-05 0.0412193 0.290092 0.0131775 0.0625335
0.196184 9.9964E-05 0.00661442 0.796802 9.9964E-05 9.9964E-05 9.9964E-05
0.0838395 0.0583084 9.9964E-05 0.857452 9.9964E-05 9.9964E-05 9.9964E-05
9.9964E-05 9.9964E-05 9.9964E-05 0.852276 0.115315 0.0320092 9.9964E-05
0.044468 0.0878233 0.0963907 0.718188 0.0529298 9.9982E-05 9.9982E-05
0.0152443 0.121143 0.0470174 0.761671 9.9982E-05 9.9982E-05 0.0547241
0.206359 0.496884 0.0844898 9.9982E-05 0.209232 0.0028352 9.9982E-05
0.209362 0.665261 9.9973E-05 0.0990784 9.9973E-05 0.0259986 9.9973E-05
0.0126373 0.000421887 0.388974 9.9973E-05 9.9973E-05 9.9973E-05 0.597667
0.0817824 9.9982E-05 0.808182 0.0627275 0.0409522 0.00615612 9.9982E-05
9.9991E-05 0.0163143 0.8048 0.0560697 0.032869 0.000921407 0.0889251
0.29746 9.9991E-05 0.618992 0.0513637 0.016712 0.00221115 0.0131608
0.0129368 9.9982E-05 0.792632 9.9982E-05 0.0592661 0.00223273 0.132732
9.9973E-05 9.9973E-05 0.720347 0.162874 9.9973E-05 0.00914142 0.107337
0.0665223 9.9964E-05 0.907585 9.9964E-05 9.9964E-05 0.025493 9.9964E-05
0.0301309 0.0653654 0.539101 0.0390928 9.9982E-05 9.9982E-05 0.32611
0.00464403 0.0338607 0.611935 0.0371161 9.9982E-05 9.9982E-05 0.312245
9.9982E-05 0.00363565 0.553716 0.0581131 9.9982E-05 0.0074444 0.376891
0.144311 9.9973E-05 0.807972 9.9973E-05 9.9973E-05 0.0394128 0.00800472
0.0297531 0.0010224 0.720989 0.0296598 0.0814962 0.0260517 0.111028
9.9991E-05 0.0551441 0.573847 0.0267165 0.0451577 0.0379906 0.261044
9.9973E-05 9.9973E-05 0.658701 0.0751896 9.9973E-05 0.00814392 0.257665
0.141825 0.0515148 0.604005 9.9973E-05 9.9973E-05 9.9973E-05 0.202355
9.9964E-05 0.0836079 0.915512 9.9964E-05 9.9964E-05 0.000480009 9.9964E-05
9.9982E-05 0.069318 0.705977 0.0466705 9.9982E-05 0.0139303 0.163904
0.758291 0.093648 0.127026 0.0104363 9.9982E-05 9.9982E-05 0.0103982
0.899288 0.0338216 9.9964E-05 0.0664902 9.9964E-05 9.9964E-05 9.9964E-05
0.0596286 0.0533888 0.764631 9.9973E-05 9.9973E-05 9.9973E-05 0.122052
0.026186 0.230828 0.302342 9.9982E-05 9.9982E-05 0.0278108 0.412632
9.995E-05 9.995E-05 9.995E-05 9.995E-05 9.995E-05 9.995E-05 0.9994
0.557493 0.0447377 9.9973E-05 9.9973E-05 0.161591 9.9973E-05 0.235878
0.114745 0.862659 0.0122635 9.9973E-05 9.9973E-05 0.0100329 9.9973E-05
9.9982E-05 0.68666 0.0220764 0.140505 0.113479 0.03708 9.9982E-05
0.100966 0.329836 9.9982E-05 0.394443 0.0588674 9.9982E-05 0.115688
0.0725475 0.162856 9.9982E-05 0.541753 0.164811 9.9982E-05 0.0578327
0.237416 0.0396603 9.9964E-05 0.722523 9.9964E-05 9.9964E-05 9.9964E-05
9.9964E-05 9.9964E-05 9.9964E-05 0.769964 0.14228 9.9964E-05 0.0873563
9.9982E-05 0.23402 9.9982E-05 0.682721 0.0463448 0.00979095 0.0269228
0.0107513 9.9973E-05 9.9973E-05 0.708937 0.204494 9.9973E-05 0.0755179
0.183043 9.9982E-05 0.0369046 0.70801 9.9982E-05 0.032227 0.0396151
9.9973E-05 0.126637 0.0923645 0.740565 9.9973E-05 0.0401329 9.9973E-05
0.0317834 0.83845 9.9991E-05 0.0504115 0.000951006 0.00249852 0.075806
0.0413948 0.766366 9.9982E-05 0.00691997 9.9982E-05 0.071679 0.11344
0.154694 0.595173 9.9982E-05 9.9982E-05 0.15546 0.0408421 0.0536306
0.400886 0.575339 0.0233744 9.9964E-05 9.9964E-05 9.9964E-05 9.9964E-05
0.212002 0.65446 9.9982E-05 9.9982E-05 0.0920171 0.0283298 0.0129906
0.473334 0.466822 9.9964E-05 9.9964E-05 0.0594445 9.9964E-05 9.9964E-05
0.0915629 0.0373579 9.9991E-05 0.0813296 0.689524 0.0263176 0.0738083
9.9964E-05 9.9964E-05 9.9964E-05 0.0259154 0.85482 9.9964E-05 0.118865
0.00733936 9.9973E-05 0.0121558 9.9973E-05 0.938489 0.0417154 9.9973E-05
0.0312801 0.149798 0.0710124 0.0987461 0.648964 9.9982E-05 9.9982E-05
9.9982E-05 0.231831 0.096939 0.00912248 0.652703 0.00920411 9.9982E-05
9.9982E-05 0.00308187 0.113897 0.535455 0.196777 0.15059 9.9982E-05
0.122398 0.0383252 0.163949 9.9982E-05 9.9982E-05 0.013871 0.661257
0.0674034 9.9982E-05 0.59691 0.0808059 9.9982E-05 0.0353538 0.219327
0.0706861 9.9973E-05 0.857216 0.0266222 0.0451757 9.9973E-05 9.9973E-05
0.103476 0.0299957 0.666024 0.018942 0.10735 9.9991E-05 0.0741113
9.9973E-05 0.127896 0.8028 0.0574374 9.9973E-05 0.0115669 9.9973E-05
0.0382768 0.076617 0.0751072 0.217839 0.483986 0.0373471 0.0708268
0.0487528 0.189356 0.00967506 0.239411 0.448586 0.026084 0.0381346
9.9973E-05 0.126843 9.9973E-05 9.9973E-05 0.772844 0.054739 0.0452743
0.171615 0.331474 9.9982E-05 0.231313 0.212014 0.0533843 9.9982E-05
