IBR/IBR_outputs/all.combrep_1/EucDistWater_Total.FireFreq_2000_2008_Total.PersistForestCover_Total.Silt_Total/EucDistWater_Total.FireFreq_2000_2008_Total.PersistForestCover_Total.Silt_Total.asc
NCOLS 160 
NROWS 95 
XLLCORNER 210004.651214014 
YLLCORNER 7350008.22228844 
CELLSIZE 4999.99999999997 
NODATA_value -9999 
[rows 21 to 41 of 95, columns 46 to 91 of 160]
-9999 -9999 -9999 -9999 -9999 9.48027847276621 11.5981425649913 11.3998430670106 -9999 -9999 -9999 18.3750105359707 19.9377146340303 21.8774610785086 20.0268283919343 13.4657309598577 10.6145496863688 -9999 -9999 -9999 -9999 -9999 -9999 -9999 -9999 -9999 -9999 -9999 12.1686821973465 7.43598259208993 5.96374858863844 9.59150822783106 18.5637541775353 24.9580209171569 33.4769545559754 32.2352413364931 22.3864531511784 10.1864829965461 12.1205340791663 22.7966665511008 33.7200469582972 37.9221540995712 23.6443064265046 8.16574512015657 10.0158367796516 24.6782775996258
-9999 -9999 -9999 -9999 17.2698975623791 7.35093464288561 9.37507031609008 9.30383034944207 19.1294391929343 -9999 24.3805643086397 20.8813516522444 14.8293129095394 19.2200497359691 17.6524775152706 11.8663559319639 15.5520914642937 17.9391445382984 -9999 -9999 -9999 -9999 -9999 10.2861813757848 19.4299213911936 17.2077750042341 19.4158834361598 12.487051237433 6.80882976816133 8.26007746908283 9.82536847578792 18.1945684682813 27.1877329388028 26.2741141666425 29.7367117384853 33.6988267077306 26.6464607855693 19.5832321076338 9.25006953879192 12.5777914417689 27.74760538537 37.7228382997243 26.509459563505 13.3234213566083 7.56622526146627 15.3164106021365
-9999 -9999 23.6811967940392 37.229402549095 23.3896119236714 14.4411474779092 5.26809367357345 15.893565236938 23.9987783136456 19.9961698869149 6.21426811014731 9.83971775282116 26.2682929871453 28.5886138773877 32.5967444645851 8.76187529696781 11.4527103469474 6.54875346937271 5.08458562805038 15.5440180522303 10.9794504637289 7.19676353040033 15.907406784643 7.90464606254865 5.98932430320919 7.28291466320959 16.6975178291851 29.071880675802 25.651666422438 21.1315979489573 20.7085306572457 27.5480154688218 22.7196637826337 11.3034634034925 17.9841985615203 22.8504756969052 14.0396438051649 18.1836186216591 11.9473284025323 15.0194466347006 28.4726846179104 40.2235030016895 33.965538315423 23.2772184754058 12.3942367836713 6.4705633810979
-9999 12.7467204518769 6.97745764750256 15.4131984074465 8.52980667436516 14.9546724718693 23.9683338135222 20.4999870854242 26.4937522513074 30.0272750421282 58.52052076981 30.3926062827992 24.8935528752805 44.4724655763177 20.8114699122019 36.8958427686703 24.5389678594588 16.1686355626838 11.2484480441291 15.952240773495 8.76115861744534 6.34624311881214 18.6055942175118 15.9376810720864 7.55222385535721 23.1379587693601 41.6203989980314 53.8572681420188 36.7005942058125 29.6308631235925 31.1096117485944 29.0264421180428 21.4208818388998 11.5885917319902 17.558772780841 17.6968878131193 6.06909571515357 17.1706896084388 23.0681180724041 17.9365401177618 23.0002064017868 35.1592321724169 39.2902571340823 28.9898683427273 16.8161030832824 7.6366524971779
8.00016840506643 14.2600169912762 44.1135681388949 80.5072302756709 49.9172437742344 63.1761556678301 27.3323751376223 34.5066767053984 38.3426723186656 46.1905469717249 33.1548808295369 20.3385367543913 26.7940031453084 24.0514769155158 24.6272556363579 13.120687151964 27.2955369444014 60.5841150897976 70.0510338417317 22.9596933568859 25.2057567014985 24.9835055901838 101.433479058832 160.982900021744 20.1557791663594 23.7277641596133 36.328895028476 45.7903675682548 56.2132458183636 37.8862837990758 23.3339546044383 15.3352687382941 14.6120124175306 17.1848535226409 13.3412603059484 19.1923478360051 15.207014508285 23.0501113802089 20.3062603270279 7.18403260991656 15.6330693912489 31.3941977826589 32.4907097836602 19.1959053189365 14.1077795003374 18.4996364098783
19.149089340706 52.1121346574492 145.193336259637 27.9067330489234 14.1931475036759 22.7000125405905 48.301157031653 56.4861277560091 40.3784031900545 26.4411045777398 25.5066592919742 31.4862143624048 21.5003057739709 23.5767979864269 31.6734245071672 30.3634750581536 55.6798264833817 134.404975605392 109.119888706944 76.7415146769257 207.29041117493 70.0329607593599 116.237689462879 268.118701066026 42.2261351223593 66.1572079746598 47.1493550778078 49.4348659847413 48.1532207917395 33.5210313150295 17.2258181112578 12.946550288738 9.17597599457481 16.2421976644372 12.7548471838625 23.7861742510087 31.6682382865838 32.6676750233734 19.9339524528987 8.03146010131357 15.6450636129539 31.0812979088914 31.2212372180517 17.0146239582251 6.76613114777327 12.8761111579105
26.6055756482141 78.9768271458363 109.899853278652 47.5812441244426 19.1301350432923 14.9197440170664 36.3252761802697 49.5515711189389 43.2733897350601 26.1457630858924 21.1029754659224 31.733238279484 36.10312108538 31.5779880098139 18.818172404455 24.0978948815677 38.0757438654339 45.3443314862194 30.0640149179158 69.8182983858787 216.271762478317 67.9359797959106 43.1750121616542 34.3100648864294 18.2048628253497 59.6738751914463 48.2518973415811 51.8278941481954 51.0864581382276 41.513849393058 28.9515151184398 22.8678891019878 14.5368265125075 12.2282709047538 16.7778850471198 25.5662858131649 38.3580039291986 36.896667415401 21.507554268649 7.73442344340611 12.030624960911 27.2017982604217 36.0735235210243 25.9159775519056 13.1106382676034 6.99036307338277
19.7977083115776 16.7462926808453 44.1046758431021 26.8842345349725 22.7070505192506 21.5156848599333 21.7996122203657 38.3219322369995 59.4236558204718 19.210953383948 16.8191299321401 18.5157538597397 25.6998139500045 14.7448819710217 12.6053239714031 24.9155052545679 37.7134069184507 37.1479182937947 27.4718880020218 21.9149658998228 21.6909931751629 43.2531440577832 34.4709891486006 23.2648094269631 11.7992919985212 23.3263946212661 35.4910806301695 47.1888251504838 51.3574151767338 45.6851772931957 39.2924420789899 33.5714294797401 24.3047239461202 15.5682018970018 7.98178042858731 20.0699598617992 35.3280053043548 40.5177891314996 26.8429546851066 12.5413387820609 10.6623928996582 24.8509410640123 38.7210557273117 30.1589956640126 15.4155341580862 5.95655662865071
23.3422633020312 25.315562965636 16.9608656784408 10.7326833724945 15.3391934308144 18.0784572074497 15.2788283762477 7.2026767921069 62.486085481226 19.7047304945138 14.3472359703833 21.3101988163537 29.4284025624734 21.7022311185842 19.234152852535 32.0257462826398 42.3607842063705 35.6691375633566 23.0878176542055 22.6836362168121 24.7388140323174 22.4933447335001 36.1157203129451 23.3754785098709 10.8104572116822 22.9112012638005 26.3144698069742 33.3526853916961 38.2004476821072 47.2434374743695 48.5500234444271 45.9150419976541 36.6004656236426 25.0912143823271 21.123582197205 28.8563536479385 40.0574332792204 44.961876386861 33.1321108061836 23.4514852664178 22.4105352918866 30.1237047376433 36.5541594137822 30.8949101411497 17.5561213074611 11.0518228165543
32.726667048588 29.7854245993338 17.8377186718519 24.2513805464906 23.7308243344241 19.5208783521187 29.403091528197 15.1218753288575 40.9599184190966 39.0812686761684 16.60231186608 19.8277445251192 27.9016405305496 39.3126434045905 40.681539837753 39.304661487783 35.8042257324589 21.987764528571 16.8165277076932 27.6677437144028 61.5225649119262 36.0424849421219 37.0021617905724 23.8428276565303 13.0316137675434 12.5011922044128 12.6936579555383 31.8520153336128 25.7164528334632 35.5778210942118 41.4701005823796 48.5319942917636 46.4996162422684 49.460490388211 39.9059828298176 47.0505828004628 50.6482792623216 52.8510973313478 43.9941628664588 37.405060469857 32.6806246905566 24.8902129412502 23.3196779368576 30.2246912256717 29.853832451945 23.1018484407148
32.206694779598 29.2734036140146 21.8261714883913 22.9204810340937 22.8008624335291 13.539687566813 18.9128858465552 17.6287927979528 17.7927507630841 17.3163772552195 12.1599785461013 12.4743159998293 24.7626326681042 32.8944444019199 32.0846645983094 21.6743161536775 24.6676300974413 10.323149063634 15.2635508554308 17.8648675430352 39.2550712306778 12.7620959482183 22.6014018940395 22.8591749003479 12.5017831724983 12.0243153615783 11.2702407382083 11.561372566377 12.2177631270105 24.4582258469386 34.9999117184684 34.8300390090341 37.1169696574507 47.6468340944152 55.8639500462376 62.3628208155741 70.7478751663989 61.1627657798799 53.1864665702302 43.1608698506003 28.7349466415102 13.7041486652713 15.5824283187748 23.7094470462962 34.2757689435563 30.7441725368988
18.666922827152 17.4777616948632 13.8656029399137 9.77177695580793 11.2012288162399 10.4656425500298 11.3622722844643 8.74682228562764 12.6489864260515 14.0882998736236 10.1181797805733 18.1316804401203 17.7324288952847 20.7045586469711 27.0016874313433 19.257622292906 20.4879652746537 16.8681014453309 24.9825121630231 26.7200917033633 50.24381965503 33.7628519149588 13.6523813649673 20.8893503825975 13.1368595334231 19.7258776150456 19.4936007669643 13.7717885110801 9.68333395851589 18.2163639439476 23.984777924553 18.6309210723484 23.2594923279322 33.0991232197138 41.639306864946 55.7340560366914 63.7232350037842 56.3895404620714 48.5819471948547 50.4448994558672 27.3587138087868 13.2233989546724 10.7264399535605 23.7459844039173 26.811337227201 17.8619219175541
17.0557367496642 30.2266265904529 18.4716345043515 11.3659311283386 9.34753423225692 7.91644341495543 11.9373256523904 12.2846441437776 13.6277297475729 15.226110699773 8.48814000964824 10.7060329629488 11.7863470870481 12.0392113170146 14.8297903104398 18.9374409294471 25.983148576499 28.3509938430251 25.8232186921018 25.8411552804176 43.8697793803327 61.9997610030494 21.5712916253571 12.3302185626692 10.814014089224 17.2044996783138 31.0521797219427 22.8252033686255 13.1444847174614 8.89366456814476 13.12640741662 7.5531474106928 13.436874436376 19.092238382541 25.7071182665518 40.0343967082727 51.400075976782 41.6066642715799 33.4016386090495 28.4582005755509 26.6339840946621 7.15906980588246 14.8330974889625 28.5561267704796 22.4349190365875 9.74165386701917
20.5541294419946 19.8065894418672 28.959656351301 29.3551677702772 18.8982878092742 41.0660198199567 64.6849945881511 15.5961795025172 9.70049131492085 9.49426812069387 9.98658207967549 6.07899582925317 11.1041888643109 10.6504475336578 17.5842454594485 17.2196198076632 16.5321132848817 32.656953862829 32.3862918066227 124.432422251616 133.542195674825 35.8840692196423 22.1408559174925 10.3960523948264 12.012509871283 22.5631103649135 27.3706940102531 88.327873075377 37.4497582579547 8.43458989623945 9.68868297680038 16.2157002232125 10.0016519504527 7.77406457611037 15.6817389298876 31.9504205666813 41.2596674503519 28.2839802771402 21.8350268374115 12.0521502868075 11.588386907751 6.90536492452486 20.3815745422066 25.571244732889 16.1791937172961 16.8267364257411
10.4211652290632 10.6659723045413 19.6278822019693 20.9120211951378 35.5742539277312 25.5170491811976 12.2735971075948 19.2044149259478 28.873309254341 17.0855760664788 19.7245909778301 9.77659492750755 19.2291534926846 8.55667370519262 15.2060390185263 12.4567330091014 12.2389583024197 46.67244934382 192.91096727349 159.794599224433 175.963853315382 18.6884085865619 18.1659490063705 28.5971082019296 27.9686033430299 24.143190990937 13.6903696025009 37.0565743619376 185.515792766709 29.2764481079588 12.622984857546 21.79409920062 20.4179753562177 16.5639036576293 21.5709626680085 33.6280961509833 33.6756211834922 20.3793337360863 8.59643880225669 10.5892526288203 6.72911857334128 7.50741441725392 21.3015367551442 22.9260157914349 9.3439429474 9.73344881056676
9.24840100639659 5.77758336103177 7.1399455299325 11.9229744098367 21.7048290806315 42.2028214829728 32.8780643631557 32.9901650883 29.9693392386643 34.9864388402518 46.806152896665 20.5660380646273 43.3282671253817 10.8717244814073 37.24379893157 17.447481269456 13.0187986153315 25.0146456932397 204.011708332414 94.9384326698324 122.894916958831 14.3147508307 16.0359260498443 16.565293696378 19.7306274780946 21.6221307623087 21.5158076341992 23.8096846598539 62.2998521489866 48.3138414942299 22.8869664514334 15.8514094491924 18.0911792655602 13.8015547297911 25.9572484898952 43.9694284858325 18.0729203119982 18.29828169706 11.4443689859171 19.0654024201557 12.9576989286887 6.65378596719006 18.9974338739539 27.6217175461059 19.2921439144077 14.0332499434884
9.60253648753912 7.40882627051834 6.79567424810154 7.20716389604266 8.04387017172967 28.0189276953438 54.8214289107896 94.3113057028709 118.229423962797 109.358706441027 170.667644407226 144.847593028113 104.983344042401 45.3836255262635 59.9725392359479 53.0573737577728 18.4230357567841 12.2896098831565 22.8379477760787 18.8727677480869 9.6901874911653 15.2370920927341 13.6798228760192 21.7717255351632 18.8764271490718 10.0800960994453 13.1083632695954 13.3160965278327 19.3914211074565 15.697147150773 20.0531405736317 14.9347135559425 13.4174381073715 15.1439818255633 34.8062101594411 23.3803403694571 10.2826805235105 21.0712528305643 26.0215441570873 21.294204933055 14.2781150501077 5.44784055784383 10.6636014915628 24.8626045077947 31.4022832727916 29.4212473392659
12.3592825769728 9.40804185495803 9.60488562958685 19.7242391795418 44.4099389545639 97.9806036396294 138.470776609606 244.196016887373 264.803622464553 243.233741479742 225.41660876071 210.936296602 154.648536799995 115.316517373116 102.03504177257 58.874430573833 26.1958913111609 11.4927089867709 14.1782115810906 18.84326673249 9.18905439061508 19.8723773800413 10.2512761001076 24.6493603422277 22.5017986022408 28.0476323409961 11.3155073275411 11.5071732189165 23.2221394443214 23.5304959212979 23.4541089498858 14.2854464027458 17.9055659910303 15.4928641395936 14.4298563856096 20.6929211411927 24.2859764761493 29.3990633317686 24.1275763009016 11.4318575760237 6.95121304791626 13.5540725415047 9.12075353293606 17.5604824180605 29.3984367145426 38.9980277339104
18.7832774448966 30.4548616892788 21.1486638934812 7.02669935561716 13.1058789112209 25.8502787182545 82.0899295772313 16.3994862949926 74.6934044893085 133.722046983571 137.646372932013 126.790657202119 120.32619531485 69.939680538738 63.3176581242689 35.5045597216084 50.411236364769 33.877121399252 23.0779427195445 31.3081225080463 34.7312429274639 56.4821109730675 30.9614577684873 30.9477186384524 17.2606392129409 12.5793630029578 9.62908697842487 27.1688827054186 19.5206073922477 13.1362434099336 25.2670714595526 21.6060383762456 16.1871297653357 8.32980258509565 13.6974355506855 15.4747697637747 18.6976628576536 19.5157628366202 16.0030245450919 5.83959074095408 12.5993413003705 17.2484495969735 10.1296422716511 7.73293028528656 18.4975358396825 31.655164175891
7.6889357439739 12.7981253537792 51.4525571140624 12.0792838758869 6.41419553232192 14.6177206731878 7.30652680845628 29.8040201726675 41.5338411902945 17.3371763682606 14.4780108500717 17.861717689364 22.4314930274633 15.3230162207924 18.4855457789001 17.5199541276449 26.0564376976804 19.7898579236434 22.9074804917374 23.0720190056665 23.6625087185275 28.5580279768961 27.3000929371483 21.7160408437762 11.6754292784068 25.3001452261416 15.8260392667408 29.7588945890867 32.2353537761513 12.7991829595221 11.2203476855179 11.8128597828392 15.3878485360685 6.7904023407891 9.86095042282535 40.5483344096765 44.058223776986 10.5682545934089 6.74089346487112 11.4548821215736 7.45743586996341 14.1489611427442 11.955022536723 6.48562372980176 11.948263570887 24.7169302446279
23.4211008230896 11.1187222234948 20.6397257006372 16.6585575187943 19.1644739198428 27.8990888837065 12.9986344744105 13.4095752787742 16.0760909788529 13.5653339742694 14.2517662399851 13.6196620534596 14.5303869093395 12.8087704873664 18.9195236240694 30.3527393605154 33.2332925359728 29.0229162272064 27.32314033473 33.1553445607743 29.6512877136293 15.1433854576835 10.6184081821341 21.9101473771553 30.9469809042338 30.6315251289724 27.491514691654 25.5508304897569 13.1983778761147 29.3544350286988 9.71277315003436 13.9398486429148 12.4353920796586 6.92803565718545 15.0763015238514 19.4827220455404 43.0611344841583 8.92054600745397 6.04343936345449 14.1847645925688 8.81952940708738 16.4584588113879 20.0901936060181 9.21342690340105 11.0980754019978 11.9762861399582
