IBR/IBR_outputs/all.combrep_1/EucDistWater_Total.FireFreq_2000_2008_Total.PersistForestCover_Total.Silt_Total/EucDistWater_Total.FireFreq_2000_2008_Total.PersistForestCover_Total.Silt_Total.asc
NCOLS 160 
NROWS 95 
XLLCORNER 210004.651214014 
YLLCORNER 7350008.22228844 
CELLSIZE 4999.99999999997 
NODATA_value -9999 
[rows 63 to 83 of 95, columns 46 to 91 of 160]
17.5056371720588 19.2576840615054 9.37395545512342 10.2195911680655 12.94938778599 23.1961904549818 31.4160614276429 22.8145124697692 16.1822473144186 21.5995916460218 27.3147759635846 34.960469624275 45.2762856819443 53.2501911612829 56.8921449140633 60.0339262320316 65.9462761073999 69.196999416403 68.5954910579809 67.7540993270016 53.9460260892497 42.0098500126657 35.1436330043029 24.7310604801607 31.5055011603196 28.574365277633 32.3601302091915 36.8518935229725 36.9747346290821 31.2531200774621 29.2351718012728 22.4578857934811 20.8450924811135 28.5648927475945 42.02746444229 54.0677602531612 55.1001932490364 53.4113719982429 54.15177142402 50.2829026483198 45.3781593936542 40.8876201544695 27.574826968222 10.9058894467418 9.31933839836629 10.6995131536537
18.7473190662054 24.2585642783375 15.7247334738713 8.51348274648472 11.8099307071669 19.0490887326448 27.3094350218514 16.5739233426909 8.39178320457496 13.3445339684402 15.0687669833779 24.2684176030402 34.3962164320984 48.5525223221987 60.9485271475557 70.7481039412792 76.5368816314787 77.2190676269224 71.4933170432171 65.5451124458314 59.1978273432301 51.2402842580344 46.1936862800144 40.9657338345267 33.0758049445796 22.5358187967358 17.2394986919106 33.1139021013571 34.787996702633 20.1260430445052 13.6459437464411 19.447677195595 13.456026221474 29.5321945595327 44.1724710855428 55.6484705280807 59.8901838899398 57.0625815634013 58.4889104169506 59.9777930204023 56.7830014740997 42.916695922086 28.0219405446659 14.551980498458 16.3108448926372 14.2200942457082
28.2206222422009 28.3827862211717 24.2495100166115 17.1093010958726 11.0679705777552 11.437343038653 23.0607792260747 14.2847211585017 8.76854608764926 12.8498433363822 8.98958336462933 14.476459904614 29.0392119495883 44.1126853174452 58.462537268495 70.0977730294342 75.9678731271119 74.5761120462127 61.3700110024427 54.4893799720975 50.8569756281676 51.0060656378256 53.1498350020759 47.773830221918 33.7651073256985 22.5471402241799 12.5700004103224 20.7581170109353 31.7734559088308 21.3468144219168 20.4911605976129 26.2899392701991 30.5098902838592 35.2699569773053 47.2253007871362 50.9366746586815 44.5402779279364 42.2740183093838 46.4532173939661 54.3612341934384 58.5726348478709 49.8837377141236 37.7589706914847 32.3602802831698 31.1145530245581 27.7244375828154
14.6675238622699 15.3331572891431 15.8768543344516 12.8084744099965 21.7181379057539 20.8976205364962 25.0127462222019 12.4518620784565 12.9032763627155 7.04591294492296 6.70116563695699 18.1374824319203 31.9305063454593 46.1013666749457 56.3216704059278 61.7403751692993 67.3378144519674 65.6813011764798 56.3770978894324 42.2550108756428 34.419688250317 35.7985272035487 43.5151957917167 50.6583958015277 41.1903769815584 27.7025179021895 15.3211013255692 19.6476148311234 22.6834903098048 10.9347062941354 20.3960816351394 32.1128057116347 38.5871710651255 42.1657173538391 44.6388041851407 36.6185452342858 30.7787220064576 26.7428549937913 31.5211533261364 42.982257123649 50.8759426644238 55.8034358127628 48.3784114042121 38.3613708128031 32.2572870912307 25.8745811339879
12.3514104593136 11.8662954327712 17.6419694012888 18.9635083022174 15.2906991673427 14.0809125609064 23.142778576025 21.2820489373344 22.8361012771718 15.9783118612892 15.4656948451871 23.5070205839074 37.1253933427254 45.5015227293795 43.525203512006 43.8934541667714 50.7303851251463 54.7544747400675 45.0058799057883 31.0079909859999 19.4133614744609 21.5643721337466 33.9647786795426 47.7898433254647 48.2949984110166 37.9180900651811 32.3057291145435 31.8294323095786 30.4440121626277 19.4951940768915 15.5164676572246 25.6967149040685 26.8440366337759 26.4890250825908 31.535505012178 22.2441947907405 18.4990924093463 12.2107658834856 21.9320216681466 28.9746671056292 38.7894418267855 49.6795436845084 45.9262911325509 31.3895960438938 18.7500141841216 16.5384430889657
20.4471752874467 12.9424207368948 13.5418349805144 25.3139731028566 17.8752882596624 10.562074677489 11.8912381418282 12.1659676876064 25.3057800113718 29.7400406628992 29.2910643792238 34.9726998401985 41.4924723332121 35.0507965997587 28.186282855288 30.0079485176955 38.13588125856 41.1566815836733 35.7225457049271 25.8336836649757 12.5754742544546 17.7956609250576 31.7341282973791 46.2550225539145 55.5473106930655 50.0774576516137 45.5676285885591 41.6866192778057 33.3040626296521 19.8341178873941 12.8781951541946 24.7303160804328 18.9791052438297 15.3019357835121 29.6304718024839 14.5921628586846 12.5599222580928 15.1197502664874 10.703237893497 15.7038563498091 32.1171597038912 45.0753106052922 45.3486997885936 31.1979662218343 17.4932447046403 16.7758758071566
9.62331280245039 13.1240000199534 20.5625977424168 30.8409891400681 23.6403798821986 11.7650681884789 11.6853354399625 17.8915501385562 28.1980036798962 23.9515015148175 21.9751265609594 30.2613098048673 36.0987328480299 25.8634149779004 13.5412814193164 18.0924454180782 23.301631903837 26.8434701024995 21.4287673502058 23.5689980843859 17.2939473494661 21.7957335446145 33.4915660503369 42.4072513268535 52.0750890188171 54.1479320859625 46.5206569976854 36.3396399473186 25.9449203973865 23.5172804492733 27.3342181438154 30.5465377285865 20.3562457244105 18.2244239866204 20.0892828013286 11.1657870586305 15.3110095310621 10.4321582129449 15.2495545053548 19.9606663164704 31.936934195923 45.7535726772697 49.8459423766938 38.9276741831762 29.5963827199671 30.5960533076159
12.2802104680857 10.2308013819509 16.7523734299533 21.7918319662527 24.9396165246225 17.8311974601334 8.89779944798624 22.3369671227264 29.0218334452644 16.5505974122613 12.9711661631902 26.0647060012731 29.9352881317703 16.0741042076926 13.0974879704072 9.60589156316924 14.1325139729742 21.0670156216269 9.82628363719043 15.9056002749142 12.1410772985155 15.3482194207603 20.2458712609416 33.3482197298145 46.2493877845105 43.8650323250371 34.489067910532 27.7010126494702 17.4738359301601 14.9922710156589 29.2057580289517 38.3390446029509 32.9853367499772 29.6304598128227 16.4843827045783 6.29719007649036 19.3880165957368 21.2739048978106 24.9575295067267 30.3861471262717 40.2069616569329 52.6763682024875 59.6160764032452 50.4932500630036 44.9287978596974 43.7470629183077
14.4403665317803 8.79826163378448 9.52308254545176 10.5812379787873 11.3078616059208 13.4118526758922 15.681296981437 20.1504575038994 23.2760797892132 16.2279882548294 17.3062004519015 27.4348375926373 28.9270149786931 13.5383819647721 16.0022188522104 19.1621310202225 22.6649368616688 26.2283394938775 11.8823028109176 13.5615169042782 19.7331230315069 15.7562699104992 16.9983979741725 32.5730595543714 44.9252345220535 36.8415578025754 22.9360711007117 15.3735850057164 18.333497107083 17.8066698842553 27.7712352856323 39.972192701197 45.7109281049819 34.6654406140752 19.3415524040836 8.69332525108704 20.4501412242764 22.641292720278 15.4941521732339 26.088114815987 38.0890857424958 49.9069613630936 61.7181016752853 64.0255726908919 59.6582535406616 55.989690059302
9.63739278907046 16.4430566921385 20.924143138126 19.0502443857777 15.908782403476 16.0764720642111 17.8583980733554 8.89048332414087 9.67771142130083 8.61669162452564 14.0703339521398 21.6784359689766 32.332563357737 27.7413379867249 25.6608863383363 15.9027340353063 18.8941069738268 28.2804886749951 25.4612700155726 18.5302338151757 18.1296723696559 25.7649880906477 27.7769551132406 40.0812921698587 40.1897942261302 31.9134068804555 22.0800379437358 13.523081172048 17.5963331120163 12.8428714429782 19.4418009647945 34.1555532098134 44.598126541833 36.6353088992316 20.9808182662379 10.3776964866267 19.5776674005998 21.9715765317344 13.113727022808 19.6634661237236 29.0326723917926 42.0569707621457 55.5517266817166 68.184051868602 72.4960287234497 64.5524030187454
19.2254397686295 26.6762221326234 34.3416200318028 34.3008342763897 31.2626931880229 30.3480192184139 26.0792632749015 19.0898848257974 15.1909393355146 10.9347855948019 10.479844685968 19.8425443718934 23.7194055249042 25.8393178411142 19.525588544359 9.61575713353178 18.0022780782784 35.5159909016055 40.911965635484 31.505588488257 32.1001670657773 36.7928564942747 28.7426069258528 30.3359968928936 30.2856977859281 20.5385528931246 25.7063007092291 25.7398101607526 23.6534981960671 20.5842978051105 21.0494077029786 32.4316346363787 38.2510841675912 28.2911815167926 14.2721179184163 12.1001661026826 24.8115643818122 30.7879621277528 19.1997977145818 10.5726194072157 23.1197881472132 40.5711373525525 53.6580492652606 66.0213669852427 77.0220420124739 73.5231692680456
14.1248466861216 19.6546343128105 29.3470576329739 39.8566059279774 40.0354182612256 38.3820350499999 36.1974803634197 34.1906627784036 29.5588401673993 22.6153759279867 24.146516450671 21.2018724101258 9.69461338474974 20.6494490169271 26.8369518002963 20.842099113341 36.7433792984398 52.0478172579969 47.3141785700643 43.0688512430139 37.3182329314501 38.6903387783221 19.2949016895836 21.7420727475411 30.0330015893055 14.6315941902333 13.0307646894185 18.2795831330575 30.2144498866831 21.1150984063742 16.4535194423086 27.1937787370714 34.0289368136208 20.3058205852637 9.79528848027237 21.0540157187143 33.0073463783571 38.8559469214848 28.5519515971805 23.6951441972439 30.9967129712946 42.5477919877463 56.0448426613326 69.2147773837594 82.7466475927178 86.8403468096294
9.91527733839218 10.6586509189769 23.1999118040099 27.1078352450612 26.6981888131814 25.2269708031059 25.2269714677319 34.6850995313776 37.1163012930406 26.1923301228396 21.2519563564407 24.017710037891 19.5512562989932 26.1154804332621 36.8628755269709 36.790642363733 36.9910018416157 30.9094688351976 23.1110179616049 31.4303983877838 23.7051122113545 24.9795677934438 19.9514641784478 22.8179738257773 34.3531708467463 30.782351790319 26.8946906008772 21.6971745992859 14.3156461153004 15.9298419357766 16.405564497409 28.77944799928 25.7767817702003 11.0075324649632 9.24896606512355 24.0927525434846 39.993826654103 47.7077734693108 41.8152326328581 39.3307058866137 42.971162333677 51.5606881008611 62.3427195226559 73.6386670722366 84.8666744015792 94.7374508750895
13.3631809426819 10.3556194543711 13.6719953057166 10.2749906100243 11.1222772031826 10.5510704048054 13.6376021779428 29.1025743577456 34.2106019201593 19.6348090450853 9.85825275205017 21.8711453298774 33.4570284000892 38.2883813574194 46.7304245993045 47.2663672275799 35.6225677395194 20.4702849762077 12.5368187022432 15.8730479911141 13.6746385261588 18.2283756535912 20.1533854293465 31.287164370739 39.8801891207974 42.2050540380009 37.972449984719 33.1088551962751 25.9616187196117 17.4311142354035 19.534078949228 32.1548238219667 25.0724732441757 10.4449432676842 14.2435544565269 26.8206500855568 37.2759007197909 44.4375528947369 51.5309249894017 54.0753973819113 56.3678933102161 62.3556678413475 70.9957717095605 80.8387998151318 91.9564073701843 101.628616878432
7.10408606016294 5.84696589307634 6.93784097589583 9.61120758182255 8.95613601284329 4.93764129037876 11.6867312496112 26.7492900343041 36.9533795765587 26.550210641288 21.2389144694669 28.0411199980931 38.01663688446 41.155296798737 45.9100472982325 49.7309780229532 38.9579942313751 28.9354731553766 25.0864824805597 24.1006476595731 21.0058616961424 24.3251118235564 22.0342018862023 21.7920894733943 23.805082544879 22.1368320213921 30.8490690417599 39.1641979855355 36.8164895599591 29.8501065073627 32.0320177862587 37.8694424055273 27.1411174465374 11.0669689622751 7.86546463369306 17.4276595549844 26.9181948220571 35.7378134777379 46.6151812276714 60.4889128156823 68.6840014742081 75.4167028399094 80.9398149652899 88.5256995625138 98.6854908316103 105.828442913593
9.41120034351835 7.37760028575237 16.0168527398556 24.2642643004365 21.6580426918765 10.0293683420984 8.03295964381523 20.0718134114674 32.5289034231395 36.7513085090343 35.68295707313 35.3895307896693 28.4072201925846 26.1419543898449 34.1346251297898 45.7294503096062 49.0123033823273 42.6150512984571 39.3709876913557 37.9265388496695 35.1710276053471 27.2221933985529 13.1876899162883 12.3064245348928 9.9422909924162 11.3453820267542 25.5286094572786 29.010485125589 33.8779577549132 41.0408654154285 45.9756724506487 40.9526140635401 25.6806938472245 10.4314389088947 11.2061073093247 14.6833198083381 13.2843221626141 28.5650219360182 41.3190097411479 55.6277621822693 67.3107880374987 80.2370353599966 90.2363882087578 98.0850487602733 103.674718988496 101.395400527249
19.8230428258207 15.882104413977 13.0026549153741 21.6243708044955 29.7413242895963 21.1904674860437 8.64879081084752 10.5054734151956 20.5120818756893 27.4162144411653 30.7740553099171 24.8788488662707 14.6011996261278 12.3067081411785 25.8193657334941 40.1723477549682 54.1384630248858 56.436719237445 54.4057367911651 52.8723480600859 46.3478354808839 33.3687071924251 23.387161718651 22.2137421915801 20.9667673590001 22.2626666064309 21.5264060949911 13.3796147881682 22.686202891145 36.7537240557195 46.4715335164364 37.3929179111471 23.5257665476738 12.8988182185533 8.87197232591064 8.29990098643788 8.19266433371996 20.8855153899534 36.2166391342689 51.0247770473356 64.9175286056454 79.0306517601442 92.1769166018615 101.067893739168 97.7630586359051 92.8573230813203
18.2806751711428 14.9186294830916 7.43781803837489 18.2593710167358 28.7261656356605 22.5075538329408 10.2830049396685 10.2534727557652 8.81107159065145 13.0290146788699 18.8052408620446 10.0155160876589 11.5688517492179 15.3167740022653 27.3316836547517 39.3777394049536 49.1242906987582 57.9200082693768 64.6282848485216 64.3823388612348 55.5586087411284 45.4639505238122 39.4335590128393 38.0675310322087 35.4087579760907 28.7872993821101 16.1801314039311 11.1068938293947 20.3823732020349 29.2664999965473 33.9623153789317 27.816185922 15.9436435309668 7.43428846068804 11.5759190003802 17.6309206985474 16.9834291880969 26.1176296674139 39.8936971431359 53.0868207182901 66.7539744539178 78.8052942645576 90.4414090709692 94.2841959070823 86.835764141922 81.7523641682426
19.153111706887 9.14023422914433 7.78564201543364 9.56047163659276 17.8485760793006 25.4308180716267 16.1563385885801 16.8052544619569 14.1922521256295 7.07904316748689 7.66121141691861 5.19775433970078 12.2636771083871 24.2688670436505 25.4968920933519 28.8936082169958 38.2020858276609 48.9149235965634 55.9285076693611 58.5101634801374 61.5650448805268 58.1725768826668 53.9774246823871 51.8457860725724 42.649702893608 27.9789289712596 13.9427707949013 13.6614104230016 11.4434215980458 16.8456179970656 23.5686893059762 13.2908869527634 14.6748191744468 14.7207122319843 25.1717808264723 31.6954884355185 31.3544585091845 32.9537548861227 41.2163318437628 50.6958515990956 61.9302936805289 73.7387880317721 83.0129798889583 84.4282510123197 76.71732979243 69.3387301842982
9.97035203573505 5.89893081639949 10.542621561175 8.4833603062076 10.507847265249 20.3521379247176 13.285797759411 15.0554415832784 14.3777696409748 7.41747759693998 10.8710823486646 13.11597481191 15.4107635592375 13.2052155581577 11.4533895752555 15.5740797509257 27.5260580548861 37.9227291975113 41.5029655604348 45.3869300346139 52.6940378388765 59.9589136994881 60.7891897941388 59.3928549142979 47.8514794578419 35.878647165398 27.5232202571439 23.6199315554545 14.7443409002251 17.9338836887101 22.845736550332 12.9709539738862 19.4381523729628 29.2439625250628 36.6233847635044 35.0062440148592 22.5401006704733 18.4068879367956 28.732207691631 42.5275702738881 57.4376301739008 66.0604174877555 71.7915263497193 73.9314655462723 65.7470210516122 57.4099350355932
12.3997709077492 10.9422269707555 10.3583312671248 17.4547158632605 15.4486672482957 9.90867510806543 13.2223290569811 22.080698117776 11.453750276318 11.7710254961646 8.39926087032501 16.4708660355345 21.3774874332807 12.4468962606129 11.5375446152693 9.59533291419444 15.957093554669 25.6884934340316 26.1418357581551 32.1640990015334 42.4696881793674 46.3039152785245 48.1263331405386 54.1257841005646 55.4918493485685 48.0411674985731 42.8012288862222 35.6675855065572 29.67781995549 31.8156015495626 34.5138874833315 29.3221948466048 32.1003955684083 41.5725203006914 45.29971506245 32.545697454671 17.4893939625588 11.6030864359037 25.1808688950759 39.1008350198368 48.1707004082451 54.8488586859445 59.4482400448966 64.4171431115486 57.9524127410658 45.6989279299446
