IBR/IBR_outputs/all.combrep_1/EucDistWater_Total.FireFreq_2000_2008_Total.PersistForestCover_Total.Silt_Total/EucDistWater_Total.FireFreq_2000_2008_Total.PersistForestCover_Total.Silt_Total.asc
NCOLS 160 
NROWS 95 
XLLCORNER 210004.651214014 
YLLCORNER 7350008.22228844 
CELLSIZE 4999.99999999997 
NODATA_value -9999 
[rows 63 to 83 of 95, columns 0 to 45 of 160]
-9999 -9999 -9999 -9999 -9999 36.0060072317517 45.5404696298429 56.956764939483 62.4257775198574 50.2399476944258 35.9596451915409 21.3236914338513 12.6617353281364 20.0678912762091 36.6597792866531 84.8053080550373 213.571878568596 173.396173995393 238.65579953586 282.253867676287 155.439467921831 32.3719579509828 9.6336340689984 19.5339357293651 23.569257648325 25.6000555858337 26.7749035738976 16.0670159631544 18.2353141809792 19.2876157395402 14.8267084399133 17.8871679653012 28.9632765132588 25.7147903966324 19.5728997714323 13.1633742295151 10.3926872203565 13.1944559545123 20.7036792179462 24.9120004086617 24.0682185773666 18.2270747286568 13.2845203000694 15.2977374148674 23.1127845114154 16.1580102165452
-9999 -9999 -9999 -9999 -9999 24.1403792215292 37.5059179898805 51.3218377874096 62.3032358522061 54.5574937698051 42.1404631848973 31.3423691236555 25.7822465916233 31.8918068081397 30.7792961020185 30.8092596619437 40.4155818090203 61.0142137074509 108.336605443326 95.0325427668248 43.370015876382 28.3870480251414 26.7053400137519 18.5480813137118 8.83593130317343 13.2187764079904 21.5178312171534 10.3107041999908 7.78525905084721 15.9748350316341 16.4505462757639 19.3410123175187 19.4393146380176 14.5537320620766 11.5031266797952 10.5703325481963 6.07672834768254 6.11148449635797 16.6693642666148 33.3741617113774 37.7776350132431 33.1050085851541 30.0479826079129 30.1107851618523 27.6695698921551 15.6523974510232
-9999 -9999 -9999 -9999 -9999 19.7468088798015 35.1118813293881 49.7563148022107 63.2952706847778 62.057182695045 52.1740873314754 44.5815936080878 39.9360366084171 31.251904116743 18.4079282856843 14.7891140751504 24.68053714045 38.3039958440643 52.0500885422667 56.8172824639858 48.5221747149651 39.405358544507 38.8688370612781 25.5228960775069 15.390145908724 17.893963843365 26.7279501078893 21.7184754639935 15.8851962860633 9.68356893467755 9.22548187412342 10.380549852786 7.55534371699452 6.82876634954103 9.97761185673144 12.1991455956288 8.66258723117219 5.2172957378129 11.6556738015555 24.8299797766882 35.2673500259668 38.4808087940924 28.893418702426 24.0081419973642 16.2371818959813 21.0930412465719
-9999 -9999 -9999 -9999 -9999 26.1668577932546 39.1316810937434 52.6874539095532 65.7292711884138 70.846063691045 63.2374312576646 53.8502433677743 41.0599659212959 26.646763688839 12.0045251993964 6.32491761326776 20.7744355070398 36.1752618520048 50.603849169451 61.9951185877044 56.2471232393374 44.1473600631894 31.3174633045307 17.6345145845793 14.2398910711213 27.6429275556833 32.8256353237787 34.9715867164224 22.5850620140638 8.95140387735399 8.6820218379544 5.88734597821995 9.7310594466649 16.1557745458805 23.4020012828429 26.4826464284989 17.8375171399645 12.4213178886412 6.46273508970424 11.4899962519585 24.1570191004797 28.5202098187915 18.6825092370371 17.6834266524744 15.5442305885099 18.0425839674014
-9999 -9999 -9999 -9999 -9999 38.2220807300319 47.5332102028855 58.8210261188044 70.389143026677 77.5894691148118 67.4566215017639 53.9430228461817 39.4515026256477 24.1316975763873 8.48442894768565 7.80434509473528 21.0704689465972 34.4062782589422 47.2068890255723 59.9122628492141 57.8823654677566 44.5636230905478 29.7131281637973 15.4801373435937 11.3017678448293 15.7485462868293 22.8441375115687 34.6139192263233 28.5749647559324 17.2036182133416 11.0595394971273 7.25861537546764 12.4519376070014 12.0134812196542 26.1215692057298 36.9755373019151 32.256818428468 24.4160297898056 15.2031602563954 7.96411226345611 12.9157815471005 18.4209160064143 17.644681594904 17.5192973827628 13.4609493322048 20.812829886955
-9999 -9999 -9999 -9999 -9999 51.4993268492987 58.1939623752735 67.0726274607186 77.0286037309725 80.7297156977628 69.1898968646506 56.0301365540292 42.4231663268012 28.5563759700461 14.9115110615331 4.93540175305522 12.9730789006089 28.1154495187514 43.1276950017312 56.9438988583612 61.0379135607132 49.60769768446 37.4646219180077 28.0865677797046 18.9429705560537 8.48172924372294 19.7062567330999 27.5006905602169 24.8022318469266 13.4835937044026 13.7070072952148 6.27676508264429 12.4102445926897 17.1049440933057 28.1826101502538 42.2479631173642 45.4727494683093 36.9337963667261 27.5996993221277 14.4554379751004 6.21615854697707 10.0589067886991 17.5981110773611 21.7808714943377 20.0212607792415 19.7112009770411
-9999 -9999 -9999 -9999 -9999 64.6206666488828 69.6423849424167 76.706058543454 85.0683655328692 84.6007990900823 73.0669627539004 61.1493850611367 48.9248856497892 36.7884596294879 24.7786462570836 12.7923696700753 10.9115945856191 24.0753949266161 38.8143786505427 53.5601081252349 62.6562464145061 52.2827601013603 38.6634839168458 25.1163769631574 16.9677474097631 15.3978442224055 13.8775728130516 13.7838764810994 15.5340615208644 12.1864940579723 12.6227707612839 5.72000213875422 7.80170900834423 20.3334531900108 30.8138732203748 36.1943134833225 41.1494566711387 44.1382332002846 35.2053099956261 21.4301168910728 10.29052591341 12.8326717683205 10.3141954647321 13.6237635967127 16.5532788052939 8.56461743855058
-9999 -9999 -9999 -9999 -9999 77.372110733651 81.2317828819983 86.8634814570966 92.9531637189968 89.5182544410809 78.6067112105752 66.8454983309464 54.0741658196693 40.0962130780253 25.0686066119419 9.75301840179918 8.18486150799401 23.4403416069193 38.7228679929198 52.7210108946392 60.7156860304644 49.8749307734549 35.884191609393 19.6519313769274 8.50999822673728 14.8247497689444 13.5147001921073 13.0641773406295 15.9216468245212 24.6853707553755 17.324396706913 8.13199620097583 8.17098047910932 14.9100845611337 16.8126076340855 21.2036513704559 27.54597908005 34.1806216494173 39.5500982943552 33.1952206485443 23.840424992432 19.8107788870639 8.17469482455789 12.3741003260121 21.9342356020433 20.4037745104315
-9999 -9999 -9999 -9999 -9999 86.1848738057551 85.8482351607376 86.0796849535527 87.6198951440587 89.3329884628949 81.0620783483908 68.4388689979256 55.0186278195419 40.746315883257 25.6270634182615 9.80651914266288 7.96761312249908 23.1975397427752 38.2079614829262 47.9159579871538 52.7361871894804 49.4920526968988 37.6187588577032 27.4522179502378 20.5761198040278 25.4595881423676 26.786888971166 27.1036061185196 27.4087601354914 30.0765922214388 19.3488039078811 9.18663967142242 8.25645700666904 10.4392126758727 10.3795056901126 8.31172527799592 11.9045611947182 22.202672397126 30.7586183375376 36.5122649290683 36.7170873618989 25.4556051815553 13.4063103303225 8.31843229745195 21.0712410297755 24.2449661986216
-9999 -9999 -9999 -9999 -9999 77.4688389484748 74.3206452577824 73.6197926326147 75.4520295205446 79.5655558220634 81.0951260117882 70.4505459897352 57.3881612894059 43.6817725742046 29.3916700032767 14.5228034528322 4.90483833692452 17.3808884161646 30.1249000694382 33.4216190897031 40.7630133566964 40.3877223741297 29.0520732732881 22.380332366979 26.4938619393931 35.5126019788969 39.3567471763005 30.1433945791816 21.1601609923371 24.1110757803601 19.087346940162 7.26432092480403 14.7888222334248 18.778100297183 22.2002625301347 17.8540089406571 14.8783598635322 15.7551470036027 15.554105509343 26.6825997906104 31.1348351272541 28.6693045788987 18.0241990825654 7.50272253899611 15.1140371247122 17.0275886155659
-9999 -9999 -9999 -9999 -9999 65.3287549193391 61.1859960592262 60.2347018830654 62.6828519280929 67.9519214820048 74.5378331403918 73.4501787647648 61.3397324575524 48.009856528996 34.0332243218266 20.1905246996476 7.46316501050586 10.4656903312796 17.8035627874909 17.4974787419247 26.7705098574851 33.7616884127466 20.9585829661016 9.38859242684702 19.5728404005168 33.6853715128139 38.5840845741886 24.5017337895354 10.0718745730418 15.8499392230402 18.2500037297679 8.07562842833769 17.1048768367801 9.96444396939354 19.587049163913 20.4530981663627 11.540667368857 10.8880698367732 6.28002165955894 15.2484695148776 17.1921419970569 16.5143755369185 16.2383493320037 5.91515119455532 15.5930501052091 23.3018460832619
-9999 -9999 -9999 -9999 -9999 53.0983627643902 47.3587461069281 46.0005094434407 49.4732548477665 56.1105934069687 64.6004192240071 72.3998236743899 65.6959505595307 53.866798520028 41.5836169556331 29.0165966039551 17.0761654410478 7.08491090930467 7.00321349344836 8.78695969414085 21.8938489001643 30.6050233296171 24.4433587829145 16.9822159532996 23.8130536049479 36.7570477990349 41.8831049391559 29.287252316451 20.4807803452965 23.6150990886969 19.7233465123954 9.33981826390723 19.5052839800904 15.7462009176103 19.8844216482056 16.1744776281582 7.38171695904048 8.87854072106407 6.00400959302999 10.0664430715603 15.5367837394294 12.8034840794739 14.8333969047852 6.34910828459749 12.220556322262 17.7341949029015
-9999 -9999 -9999 -9999 -9999 41.6359774416296 33.1503040304851 30.9556621878833 36.0906379555393 44.7687549855954 55.5168607283244 64.6132545765067 64.6130732831596 60.3342093313235 49.8951373838485 38.4874215735103 25.3120666476861 11.5073257597196 5.39265363041104 13.6157810099182 15.5245383087198 18.392628536755 24.409886390596 29.9161261688102 35.4588448619368 45.1456377792308 48.5115485723042 36.8874892630108 27.0361154037764 24.8488539120769 20.1259534783157 15.7798773801515 24.4229999762272 24.2053991330095 24.1346277928438 18.5340226648238 10.7887536663122 9.72919098648046 7.6566179467764 10.5595681313604 17.4751829157629 17.3057493795039 20.6371906695525 14.2440675969937 6.46443814658903 10.9947352758001
-9999 -9999 -9999 -9999 -9999 32.887025733526 19.9950054014301 15.5741638767161 23.2144620140389 35.7878902101057 48.9668746113174 52.7383442696753 51.2840742255283 53.9684562917309 54.3402549728675 45.6190366943561 33.5809377215204 20.8331578999852 7.75202496158909 5.0926373956575 6.99540509872176 8.10035614033066 11.2169917966824 26.0955298561166 40.4454019894853 53.3827036260143 48.0997228554277 33.4377316352233 18.8474068627173 9.59823290774048 19.1571531245783 19.3294579989867 24.3677595874183 13.6987289009681 11.7876143634611 9.50942128248087 8.52331903322576 7.96016770045555 13.4161336868217 16.2555552485512 10.0685398719277 8.9042027854194 13.1519351472484 12.3082184223219 13.3551290945694 8.13957313600982
-9999 -9999 -9999 -9999 -9999 30.3838951811212 15.1867993737154 6.55443131230608 16.4729583387355 31.8189341573661 43.6474812293876 38.8730565928954 36.4747290952526 40.1872794091607 42.0512895192 45.6369982827281 41.8520061861755 29.2288241171542 15.492256113274 5.37537546613107 13.6136937166456 15.2598784952174 16.1362317778016 27.84045332874 40.5333211078181 47.0561425176062 45.1886622796746 31.3922489078597 18.6406754167716 14.6711508216167 17.0878203515975 7.82400234099594 17.8021286626431 16.9022469216703 17.1174024899662 17.5245666792427 12.4785489226342 7.41071683606337 8.54609674404649 21.5643715935709 22.6316486332887 19.4444699091855 17.9476716128607 9.52738026827603 20.5425183579552 14.9128582856036
-9999 -9999 -9999 -9999 -9999 32.8763103481529 22.4765264820001 17.3553459180579 23.5453193807343 35.6542388387406 36.1765703458533 25.0710835363352 21.0264145851524 26.0695038144341 26.8919800465322 33.876687489779 43.2102983705581 36.0820807506259 22.2676957570213 9.4939569027502 9.19508985759878 17.5633557579647 25.0705521164427 26.941604230675 28.6591892011788 33.5923524244048 35.8549082683681 27.7961278449496 13.9261463464256 12.3978127731834 21.0865187946543 10.2821359842076 10.2652882076399 24.5709469566009 20.7229481628417 12.1929882484969 9.43031338142652 7.76496825035794 8.98028629523426 20.1971234240227 30.9209314330185 31.6427856412678 22.4218680449589 10.2026862766554 19.7565841879656 23.410649786912
-9999 -9999 -9999 -9999 -9999 24.6415689762797 15.0887839287597 11.287778717049 24.4792880833639 35.3034928766713 28.8797332951066 15.9366433526287 8.06138237786252 13.4082390404677 12.0772876667742 24.4863483728231 39.046760568992 42.9748755814685 32.0648603846016 21.6473578409053 9.71591328283668 6.71282587888215 11.6997413469876 11.2930678511262 12.1940053562793 19.4627178594257 23.1926755393211 16.0892210645778 14.7104664615823 14.4728447771234 23.9571750712146 16.4622524417274 6.75832260627613 16.4462434352835 16.5055222616653 11.5075076064029 17.9159972646313 12.8504597183512 7.9206120776504 19.6278029087371 18.8859912689423 20.5693275777866 25.822251367756 21.1007858453758 18.1804496027142 17.8255862166277
-9999 -9999 -9999 -9999 -9999 -9999 9.85922088738766 13.359256141672 22.1695353559264 22.5278832931341 16.8814476637001 8.33637854033495 5.45327193107537 9.26304141337758 12.0589124697328 24.5616819342269 39.0815491293293 49.5719644894259 42.6570776234363 31.381502602977 20.0273872672805 9.68503731915296 6.52637967422405 8.91433861758127 6.89397030834397 7.88701919692511 14.1916170371741 7.28824187892783 7.85877303117485 13.2003373668436 21.7089021048452 17.1189372524695 9.44647009333927 10.5472715841527 10.8185373324296 9.83194509153912 17.248910387245 10.5537332335486 14.5712108036299 21.8643154734061 10.5050038389411 13.633892490898 29.0425490960378 28.4988124574445 14.9233780613352 8.32052127564614
-9999 -9999 -9999 -9999 -9999 -9999 -9999 18.4416769646563 10.4747425706993 8.29744035107443 8.313723267938 5.65272755928915 5.84631205196932 7.16095583656675 19.2363975133338 36.329889888606 40.0944877019657 41.7858574547675 46.3586189299886 41.6685090878138 32.2233459771612 24.0010988170775 21.9797490014832 21.0240103683537 8.17775885787654 7.2585803111939 15.0260319105236 14.15711143069 6.61061832356073 7.36328386186577 15.2658065575607 23.0464422965046 12.0339480095662 9.8177092354273 16.9527952557041 14.691285485176 21.287508381884 14.6362320907321 14.540630905576 23.2345015974444 15.7069589128736 13.2996839516181 26.9149908100746 20.64590842509 13.9011222316499 17.6342874628925
-9999 -9999 -9999 -9999 -9999 -9999 -9999 -9999 8.13044006960767 11.9906818563083 15.6334793836084 13.4178369938674 7.27336383269255 10.1253899291818 20.3141601507329 32.1146616607083 29.5155431276844 27.4382821505752 38.5026515231418 48.535626324051 44.4889102227424 39.682068772072 38.2782835564316 30.4027388501715 19.6541956350718 7.93338671589899 4.94396165660076 10.4443019695765 5.34467131584411 12.2019268353872 23.9443676573343 24.8668948825633 10.479944843619 10.686471973039 17.6976330695753 13.0284902164161 23.134620859043 19.0252378115712 12.7678698850748 15.5485649283513 25.2707869057662 24.9978217822617 20.7347478857932 10.773317641015 10.4161553502972 11.2005700404993
-9999 -9999 -9999 -9999 -9999 -9999 -9999 -9999 -9999 24.6601792649538 29.4029136030976 22.8475266845325 13.0733028502713 8.04570930158309 20.1033436675109 21.4611246224701 10.7780653107448 16.1243378544947 29.2389244270725 43.4302080372778 56.1048379225143 53.429639562563 51.6662563668461 40.8130390930118 29.0887239570884 15.448222509962 8.69464041306945 5.27285938138204 6.46552436193463 12.8903252656919 27.8444105189855 31.8699718856737 19.046036196351 12.58928776608 19.7535763031162 20.207822328921 19.9022499435006 12.8672506688828 12.5788279854545 14.8041248096494 23.4297170397375 24.3551733477806 11.3915130398724 8.84691315791303 12.582256067068 9.77153863121702
