0,9.99731095606623,11.6480512621441,12.1873511665298,14.3148966099509,15.0226378893466,18.0842207744531,15.1131174261084,33.03986864094,33.4231423969579,71.6305278801292,38.3021014949371,36.0730253431959,35.8258389073182,40.1989577499197,46.5164490042162,37.852791103894,35.828578879255,36.4161647177014,38.6928043056098,30.8279014681385,28.8421975260339,29.424124354835,42.6105801559458,70.4476417466856,78.0798707845365,47.9545341321118,50.2643805021658,39.9870491941988,30.3790858815575,28.6693870802096,33.1236858752656,56.3100187495728,43.6498374457569,50.6852717033353,45.0150741864663,47.2089799803438,59.6509657438126,60.569122829472,60.96561368202,59.4357735040687,62.2955718961589,58.9052330474902,59.1247764706439,63.8887429008726,61.3325804222413,67.4967845269772,63.9256228918732,69.1699107736099,61.0981614628038,62.0604339889037,36.9802884773947,39.4738082411076,35.0790522106811,39.0535236691371,33.075312769043,35.2355705543282,33.6113688505521,23.1561807551058,33.3833530049079,28.6783474286955,29.4503155796542,24.4544691858534,45.9667121340035,23.5550105171161,37.9605097236744,67.455103126503,70.6790085595027,67.1775843651501,64.1588134124039,62.0757230107706,58.7621835292396,65.727218888005,67.7529232911365,78.4668751100748,35.2982203159777,44.7342322926705,68.8039205912374,28.3734455880587,26.345264306953,32.5258999034631
9.99731095606623,0,12.3760088403703,10.2928797184199,10.7302933340358,14.8820841306482,17.678398777148,13.9606412346006,31.7732572266616,32.1574968060179,71.1136631680461,37.0511222900702,34.818563502335,34.5666651705829,39.8159980831112,46.1109626586497,36.9276091843229,34.9663925702012,35.505083577904,37.8248231452347,30.5640133445805,28.637719782731,29.2256275585465,41.9107453996312,70.007044072775,77.6283587393279,47.1417581192942,49.4918173095494,39.6319708808296,29.1303286047342,27.4187941106671,31.870255483737,55.8691042133556,43.4558060537106,50.2701014458149,44.6022501547959,45.970665049726,59.153221013244,60.0726618736561,60.4681856744217,58.9272290078562,61.7865318327948,58.3952776901267,58.6142387959511,63.3817614036665,60.8286560313818,66.9912355537504,63.42054465274,68.6651662192485,60.5925280969018,61.5575834153251,36.3366047781132,38.8521995129172,34.4683102193745,38.3049932336828,32.5813002207083,34.7494108830404,33.111851035266,23.1212177396939,33.2532830910869,28.623025906555,29.3986291691619,24.4908337228421,45.0533868530826,22.536330704642,37.0174742020704,66.9705724856626,70.1960528026148,66.6938874948598,63.6742162533783,61.560022174392,58.2468773911443,65.2170855256974,67.2430558571568,77.9421908937912,34.6122813209969,44.0725584224994,68.2967176616666,27.8950350764124,26.4511882965373,31.2379510287581
11.6480512621441,12.3760088403703,0,15.958519539814,16.4848844971721,12.4275481149127,16.8208878105308,13.3246041933185,33.9148635822046,34.2939214198224,72.3180535027389,39.2193360605759,36.9862599841527,36.7211331104952,40.8951846246466,47.1964085254723,38.9977924850895,36.9687435499073,37.5569161458909,39.8356733253655,31.9994314700144,29.9508929938804,30.5524030016672,43.1948383221853,71.1939680516279,78.8145675730416,48.5440973513724,50.8471440195339,40.7477268933463,31.1014581019028,29.3857950391076,33.8992244913357,57.0371848489668,44.6502285502495,51.3526649121975,45.678555867487,48.1482029555458,60.3466319368496,61.2656995261803,61.6622699775672,60.1243813097489,62.9842976062696,59.5930820372,59.8127228233392,64.5807300390854,62.0262574545918,68.1898505627429,64.618595761861,69.8636131205638,61.7909499169781,62.75477257685,38.1352401576067,40.636598516678,36.2293375159397,40.2165870946175,34.201232821,36.3764899831432,34.7636160504338,23.1188349484721,34.5892981763139,29.8553576647991,30.7136837775836,25.6679319553241,47.0866771700968,23.749768713597,38.4845155544954,68.1619237600801,71.3869731413067,67.8849493216425,64.8654673430596,62.7621331841148,59.4486494718318,66.4173324570347,68.4429606957765,79.1487639220407,35.7791888011747,45.2330163429831,69.4489653327955,28.7414060901828,27.1504947587276,33.3954047427045
12.1873511665298,10.2928797184199,15.958519539814,0,10.8150339159283,17.7318613062914,20.1592218210254,16.9666627533222,33.1022832360776,33.4906680085285,72.568529864969,38.3353357376733,36.1072097677097,35.8741510109467,41.257264484588,47.5663120282598,37.9600772804231,36.0059904972845,36.5428386074015,38.8611776568066,31.6007700808184,29.7381283062352,30.3093410410086,43.4604209510285,71.408615314516,79.0402774197022,48.6960376625439,51.0482907167013,41.019112315743,30.6096532011129,28.9043413547989,33.2974580065704,57.2869453916329,44.6496530300624,51.7360060558617,46.0711764409801,47.2311255858378,60.600251151518,61.518864320423,61.9143747880305,60.3807193380616,63.2399530521463,59.8494764758305,60.0683906239464,64.8323635620441,62.2776829668996,68.4408615042261,64.8702211244241,70.1142185918529,62.0423890712773,63.0060006431486,37.3656947186469,39.8740731780628,35.5032400670016,39.3218408170718,33.6436659152797,35.7981639626522,34.1492552912134,25.0130488799484,34.2750291991195,29.6835697053637,30.3818696843682,25.5383746456887,46.1151904179033,24.4161598394288,38.6370368425643,68.407587967107,71.6320283729888,68.1304038545302,65.1113748902566,63.0157429858229,59.702529044761,66.6694205358205,68.6954385967302,79.402170018478,36.2395601165921,45.6844863863262,69.7853959101639,29.5816391590814,27.831488242821,32.5755632878756
14.3148966099509,10.7302933340358,16.4848844971721,10.8150339159283,0,17.6526714320509,19.8309099010977,16.4563557512981,31.8801220250368,32.2695693955189,71.999555145498,37.127681463481,34.8961544823866,34.6588504378661,40.7971173449474,47.08643383869,37.072904112755,35.1765538167584,35.6680572689836,38.026852257911,31.320493501081,29.4879041465736,30.0690925206248,42.7338837830245,70.9088812459692,78.5302172377053,47.8753783841519,50.2613005480314,40.5892466734447,29.4120927868988,27.7058533510992,32.0910308249981,56.7844148686056,44.3845980734546,51.2470859112126,45.5837392369997,46.0356735376999,60.0478337572992,60.9675997145384,61.3623313707531,59.8186781704893,62.6775196480275,59.2861968942315,59.5046453135759,64.2719807409362,61.7199918334173,67.8817725746772,64.3115065582456,69.5558598481442,61.4831996156921,62.4492627352082,36.7415529721088,39.2724492041124,34.9082024046268,38.6029581152066,33.1493820249249,35.3147872427056,33.6567828627772,24.7719216076365,34.114781607841,29.5698698457456,30.3015188214729,25.5022594803988,45.2357631159208,23.4902195912168,37.7139294206281,67.8672580967346,71.0931181033289,67.5908179736255,64.5709705107892,62.447600044058,59.1347157841958,66.1062478288206,68.1324751100908,78.8261716320731,35.5253080556149,44.9892826078404,69.2202970236015,29.027660178722,27.7430255943878,31.3323555083745
15.0226378893466,14.8820841306482,12.4275481149127,17.7318613062914,17.6526714320509,0,12.6097457432645,11.5239437050125,33.5721495091027,33.9465843225735,71.7573728761207,38.9205713196682,36.6834958395146,36.3995485386713,40.3496113044259,46.6315336720121,38.9226903022243,36.8886156113607,37.477676504935,39.7581520321232,31.9556267420298,29.8522878121142,30.4732158343631,42.5122290454881,70.699717123315,78.3073436337483,47.8679902331367,50.1626402144084,40.2740647593796,30.5908603726949,28.8686992371289,33.4478065808373,56.5223263418702,44.4439066215035,50.7732302840609,45.0948227099295,47.8719359504242,59.7954110306576,60.7155145076073,61.1121436184359,59.5651006152947,62.4251342224709,59.0329278041083,59.2526613050962,64.0252127558058,61.4726795872171,67.6355578349251,64.0642128731673,69.3100413555915,61.2363495934322,62.2019506684935,38.068138701065,40.5768570842679,36.1577587302202,40.1573630498121,34.1062434554208,36.2961876146521,34.6941028716153,21.6634255768211,34.5872213909573,29.8358145134874,30.771041800764,25.6937815953271,46.987313252979,22.5457392185581,37.7282994220185,67.6233020806338,70.8496489082449,67.3469478851922,64.326662057986,62.2002479725178,58.8868352381384,65.8596710370757,67.8852219522879,78.5816647287405,34.9686132382583,44.4454157936029,68.8406630032748,27.7918349255154,26.7985882333498,33.0489085482143
18.0842207744531,17.678398777148,16.8208878105308,20.1592218210254,19.8309099010977,12.6097457432645,0,13.6355755237506,34.5258586598869,34.8958840491644,72.4471278087488,39.9129761895442,37.6726074056196,37.3718620291378,41.0517751974674,47.3145765295641,40.0911952727159,38.0498110659664,38.6420372191785,40.9218093992518,33.1266789249971,30.9776904059617,31.6156130457665,43.0844255628546,71.4521336771605,79.04744443937,48.4545691372345,50.7374008475396,41.0464782826534,31.3852726289525,29.6572840989919,34.2985264303661,57.2549128441817,45.4731135344665,51.4417327188031,45.7589426523113,48.8836382220244,60.4938452207891,61.414927314198,61.811643978144,60.2559411817664,63.1161082680743,59.7229531223032,59.9427991075919,64.7197183913039,62.1689939619788,68.331222644174,64.7597724658883,70.0063897776529,61.9317137441863,62.8989740717289,39.2297876804905,41.7437550796519,37.3140945202337,41.3304403623271,35.2371183749871,37.439691032334,35.8474832505282,21.3787737897372,35.7950308030381,31.0329318111241,32.0293228087299,26.9326530165338,48.1348116765527,22.5347180117414,38.23791107864,68.3336954349208,71.5612659735549,68.0579241414333,65.036878095304,62.8887657715667,59.5754087262386,66.5521689898471,68.5776339045856,79.2653421857127,35.3979826136379,44.8996138382407,69.4818841876578,28.0524908929015,27.7319225750199,34.0020285708358
15.1131174261084,13.9606412346006,13.3246041933185,16.9666627533222,16.4563557512981,11.5239437050125,13.6355755237506,0,32.7048299366672,33.0795348427326,71.6507893105889,38.0739757365765,35.8331780357374,35.5421722926194,40.3865360859956,46.6480776719823,38.3931866821732,36.413623046011,36.9601069988279,39.2782612922081,31.9933482188765,29.9573818132433,30.578105542433,42.2269805052038,70.6627114770769,78.2610847428478,47.4582740562185,49.7976820759628,40.3251389013641,29.7143135721507,27.9885660450673,32.5781809841448,56.4891801390624,44.5887923571756,50.7823622438958,45.1075123709753,47.0400288973648,59.707737537443,60.6290291366466,61.0245915350205,59.4672961947337,62.3267658073802,58.9337631059428,59.1528431524556,63.9283464589859,61.3787499649694,67.5400034497113,63.9691896994839,69.2152168407851,61.140765774705,62.1090373429398,37.7836544916532,40.3103997444456,35.9025381101545,39.7813847415565,33.9571994023221,36.1507418935316,34.5347646474375,22.5228243171878,34.7277763755192,30.0463296322337,30.9579285465206,25.9654661952787,46.4653191306829,21.805240846649,37.1697022357747,67.5474598231845,70.7752584062648,67.2718878289222,64.2507848043721,62.0951744140535,58.7821771020133,65.7598063544304,67.785662596403,78.4678602389758,34.7149306582622,44.2170417337473,68.7543915274845,27.8258339128844,27.2933003155894,32.1608273756933
33.03986864094,31.7732572266616,33.9148635822046,33.1022832360776,31.8801220250368,33.5721495091027,34.5258586598869,32.7048299366672,0,9.29313114082867,80.1972851643337,23.1021663804735,20.3313322278696,16.8241021322058,50.1895665301064,56.3258286770461,41.4746732768926,39.966013551639,40.0468389937066,42.8533097676144,41.7294144125749,40.1197825893578,40.7775608263624,49.6966184340076,79.7523893421432,87.2844846413001,53.6022024547563,56.5002186412018,50.1277716996171,28.4266512001442,27.1982285686862,26.7253786618452,65.6397796174205,54.9755074366926,60.4369431960249,54.8049203491894,34.7604488876027,68.4183825818719,69.348904041916,69.7340058719413,68.0978538733834,70.9514350887082,67.5530889442478,67.7654372111221,72.5588362720396,70.033612562236,76.1805154003431,72.6151788365283,77.8612209065403,69.7817306999099,70.7721334615538,43.9674638349734,46.7798800817998,42.3971726772499,44.9934300313593,41.6123446871795,43.9011380325771,42.1734913621161,37.4273929607125,45.4592173144418,41.2217800275219,42.2282540808786,37.666559874808,48.638631212767,33.8518542668785,43.8477877241084,76.3459986430285,79.5851781977643,76.0767011640138,73.0493300272628,70.6600920355369,67.3510829104302,74.3658201658157,76.394918915909,86.9593237800222,43.7510482219837,53.1958537414003,77.6661884366465,38.9978609886653,39.7502752024485,20.8975268573772
33.4231423969579,32.1574968060179,34.2939214198224,33.4906680085285,32.2695693955189,33.9465843225735,34.8958840491644,33.0795348427326,9.29313114082867,0,80.5230427061833,23.8319471933739,21.1734161327027,17.5795622623337,50.5389717704368,56.6708516122708,41.9586996393325,40.4418962699673,40.5296502391807,43.3296523817852,42.1360844595496,40.5193890691685,41.1781745291238,49.9895449454567,80.0987522021198,87.6275002310381,53.8694590732194,56.77818077169,50.487309308749,28.6077265070566,27.3945219906697,26.7477003426573,65.9835630747107,55.3652910871718,60.7798337550205,55.1480158273343,35.4081313613586,68.7486625977137,69.67951368515,70.0644313249178,68.42542232301,71.2789092022198,67.8803159933977,68.0925499263306,72.8869637515968,70.3624923304553,76.5090164739088,72.9437698833374,78.1899344701321,70.1101940643458,71.1012825944763,44.4124322340384,47.2220074974002,42.8379989858702,45.4510875615656,42.0373941940582,44.3263363962366,42.6008577743505,37.7901399855023,45.8591583097859,41.6177182775896,42.6261952810083,38.0605754584227,49.1230746994014,34.197301022405,44.1342546822319,76.6798603698267,79.9194533515891,76.4107754011553,73.383162225657,70.9860272641454,67.6771051539865,74.6931628354969,76.7223119066043,87.2830923478407,44.0681689512436,53.5124158762022,77.9929149702021,39.3378531250717,40.1277843326108,21.5850632674875
71.6305278801292,71.1136631680461,72.3180535027389,72.568529864969,71.999555145498,71.7573728761207,72.4471278087488,71.6507893105889,80.1972851643337,80.5230427061833,0,85.7292861907423,83.4931324143151,83.1102090527052,64.9525539692721,69.5196661613076,84.9447935517534,82.3955212746086,83.355898045232,85.3367245589075,75.7654101869505,72.9275634168812,74.0177968135697,69.6802202928866,74.8187126365083,78.3346901274407,79.0816409693948,80.4021743678931,66.7581526386543,76.2654686414541,74.619305598399,79.1070411711399,62.821307064186,85.3300925936502,74.2145745644282,69.5241521100149,94.7399108978573,45.9551945292298,46.9886697457929,45.3720486520022,45.5807549073672,47.3548652020836,44.8994272058557,43.9579391838602,39.6240698859597,39.0933197336843,41.7922019390671,41.3348076192201,42.4753841161725,37.2739972760244,40.2189290822609,82.1921365965997,84.730950464717,79.953806135249,85.1319298771658,76.4751276228475,79.1143252947031,77.8949839378496,72.8916845949137,79.766421773952,75.3286357342437,77.112562432864,72.3039064061063,92.7165067686174,72.4840209406889,79.4569847911067,53.3321474998846,57.3550080752038,53.6118151990797,50.2822947636958,42.5799178979629,40.00628018468,41.0223324215923,44.8543850283828,60.8493895591922,74.0741120227135,81.9254625365207,85.2881933752042,70.8574173830283,72.1637964148031,79.8882122528778
38.3021014949371,37.0511222900702,39.2193360605759,38.3353357376733,37.127681463481,38.9205713196682,39.9129761895442,38.0739757365765,23.1021663804735,23.8319471933739,85.7292861907423,0,12.5345001964725,19.6754213217858,55.5537520892936,61.729251902414,45.1168742431949,43.6458076457309,43.6629480712611,46.5533359818334,46.5151981008972,44.9910164941112,45.6418645478578,55.5301266101485,85.1059452847655,92.6683981674919,59.6190530007762,62.4450072819353,55.3859763486918,35.3256784721546,34.0172169464238,34.3952612490247,71.0234351208371,59.952517913036,65.8621826425635,60.2308774721921,28.6978691503397,73.9142952592831,74.8419832149974,75.2282924491138,73.6168032064983,76.4709534242267,73.0748562381323,73.2879231274752,78.071803035352,75.5403607550378,81.6902400158693,78.1243493463947,83.3690869647304,75.2918909113244,76.2766188276241,48.1638704670957,51.030502170484,46.6494212463203,49.0255032966985,46.089066243838,48.3861306737676,46.6332918847453,42.8283917669575,50.361959260626,46.1804731945358,47.1787457543668,42.6677387482015,51.8817260385269,39.4878643211305,49.8526339167743,81.8103142025062,85.0459381851083,81.5392173315678,78.5139544270746,76.1916020822461,72.8819636035018,79.8853455328226,81.9141499726302,92.5085290552323,49.4832122049016,58.9175835173845,83.2177220274679,44.5597079382946,44.9280217609699,28.6389437283361
36.0730253431959,34.818563502335,36.9862599841527,36.1072097677097,34.8961544823866,36.6834958395146,37.6726074056196,35.8331780357374,20.3313322278696,21.1734161327027,83.4931324143151,12.5345001964725,0,16.680268219913,53.3313853141695,59.5030019138216,43.1045475204696,41.6381044681243,41.6589408653341,44.5399404773292,44.3539437074654,42.8197857414028,43.4710565757716,53.2638822845968,82.8872554753287,90.4466411743666,57.3376521491769,60.169262340057,53.1751907600407,32.9644742895137,31.6602841167334,31.9952009255172,68.8012486243268,57.7697465119861,63.6335950096422,58.0020507011075,29.0695358666228,71.6814638653996,72.6094273585399,72.9956447263296,71.3817505892778,74.2358616866649,70.8395375585778,71.0525522502662,75.8374109698895,73.3065568015811,79.4561653233517,75.8903138163138,81.1351951876799,73.0577663713569,74.0430314111283,46.0822287773238,48.9405730389204,44.5608831664712,46.9631878442996,43.9712788319632,46.2664719111493,44.5164674464302,40.5908826226247,48.1843555796265,43.9958455163822,44.9938209854605,40.4767851818554,49.9671199812844,37.2234422635089,47.5644929355728,79.580611723809,82.8165818164299,79.3096880561864,76.2842180944811,73.9554271941059,70.6458420186524,77.6503282405374,79.6791520626027,90.2706961260517,47.22026641578,56.6565035348475,80.9778537530204,42.3105212599061,42.7184034377183,26.0471911268077
35.8258389073182,34.5666651705829,36.7211331104952,35.8741510109467,34.6588504378661,36.3995485386713,37.3718620291378,35.5421722926194,16.8241021322058,17.5795622623337,83.1102090527052,19.6754213217858,16.680268219913,0,53.0234808636764,59.178365085878,43.4891501760179,41.9981022015049,42.0488380402046,44.8950874107042,44.287935642987,42.7190557133739,43.3735274800765,52.7529379349792,82.580816195704,90.1273042287952,56.744929729362,59.6090939761175,52.9112324458779,32.0030270988046,30.7366413069663,30.6669035968273,68.4825567147819,57.6252062600756,63.2998710065851,57.6682230710305,33.1925927613756,71.3142618760827,72.2434417243806,72.6291096988542,71.0046368512889,73.8584837762849,70.4612044747769,70.673888939688,75.4627685358396,72.9346042655258,79.0829121199519,75.5173165418031,80.7627371683713,72.6843353606917,73.6720545773489,46.2452959875715,49.0835080330511,44.7015951721067,47.1930332857301,44.0236632394794,46.3163857525475,44.5767335585084,40.2799761405212,48.0734793339532,43.8627402632662,44.8652645036632,40.32777912638,50.4618207456854,36.8176324263179,46.9886779091205,79.2269062068895,82.4644023823007,78.9567572039833,75.9303845832902,73.5727997016983,70.2634944386209,77.2728549186193,79.3018164524787,89.8803958388521,46.7612892194166,56.2008309259495,80.5888150406848,41.9271284466259,42.4958541505227,24.9216762107944
40.1989577499197,39.8159980831112,40.8951846246466,41.257264484588,40.7971173449474,40.3496113044259,41.0517751974674,40.3865360859956,50.1895665301064,50.5389717704368,64.9525539692721,55.5537520892936,53.3313853141695,53.0234808636764,0,28.2493385201283,53.8025130300643,51.1694788967661,52.1987956871543,54.1159049802156,43.601292466354,40.5328140951231,41.6724260695807,46.5720047485592,62.2502189772941,69.7822323189293,55.0294268667075,56.4518925739262,29.6204758682995,46.7541061658107,45.0786224211266,49.5980587294845,46.0324473694004,52.4173077119633,35.7923296201349,30.6205489296962,64.4793969517677,52.0383053696871,52.9173608479179,53.4013026972924,52.2071076850212,55.1116114926212,51.7381404634196,52.0070892101091,56.7558682925926,54.0769466478962,60.3256441024526,56.7119528581122,61.9797114567884,53.9149315844578,54.7663385588726,50.6358697748382,53.1413431720506,48.3498462576669,53.7249084008021,44.6945814149566,47.3177109069621,46.1217945441715,41.1202139305537,47.5116184036439,42.9911442452644,44.9103441946381,40.0294432448568,61.5972261703824,41.6568148010009,50.4755990939116,59.6087037214081,62.7923027717734,59.3043514006783,56.303643998196,55.2491651788422,51.9104346675665,58.7124342035745,60.7135594859315,72.037884290563,44.138424036816,52.3639884207993,62.1055248041193,39.1107040824931,39.2290368251489,49.8450245445585
46.5164490042162,46.1109626586497,47.1964085254723,47.5663120282598,47.08643383869,46.6315336720121,47.3145765295641,46.6480776719823,56.3258286770461,56.6708516122708,69.5196661613076,61.729251902414,59.5030019138216,59.178365085878,28.2493385201283,0,60.2695427960551,57.6784954233126,58.6753406101522,60.6206515891409,50.3447653160019,47.3309318189528,48.440736018541,51.4103428673643,68.2857499758687,75.5470739033299,60.212542949169,61.5505006642393,38.7675663170091,52.7682358712521,51.0938060216077,55.6347835610072,51.8433262732561,59.3677418086844,31.8895986879324,28.4917694843246,70.6759879038354,56.685517602497,57.5930458362138,58.1003719263629,56.6501131805513,59.5743466448842,56.1653040070858,56.4548532633432,61.3767031764069,58.733777167049,64.9805408623741,61.351146022415,66.6553822893002,58.554995611621,59.4399150646181,57.281665927039,59.7915194853199,55.0217212126779,60.2990646534445,51.4754561015662,54.0749704927662,52.8540710950736,47.3841429545498,54.1899369394212,49.6557053153601,51.5303325948283,46.637838558196,68.0693898106323,47.7714343491094,56.2438616352208,64.6270973508406,67.8427665480654,64.3372915903924,61.3157813077591,59.7210955736974,56.3766798118856,63.2882849654293,65.2787060552927,76.4346987505317,49.7828803391472,57.8937304153655,64.5198652118056,45.1083282783231,45.8431669350363,55.9807703679053
37.852791103894,36.9276091843229,38.9977924850895,37.9600772804231,37.072904112755,38.9226903022243,40.0911952727159,38.3931866821732,41.4746732768926,41.9586996393325,84.9447935517534,45.1168742431949,43.1045475204696,43.4891501760179,53.8025130300643,60.2695427960551,0,21.9213765820118,17.8376200818835,21.9177473418938,40.1305609068655,39.4058518549638,40.0481706203086,56.9919742817999,82.9932561949728,90.7918254170937,62.1534747052019,64.582103477592,52.7263925358043,42.66981852417,41.0959912406928,44.2395084879479,69.1935875279179,55.2494704303328,64.5827123804017,58.9738620392478,53.0309343057622,72.8826545208357,73.7894684338747,74.1820810047642,72.7529074176108,75.6096287128947,72.2309092261868,72.4475044482928,77.1559652981836,74.5803677745308,80.7503035673653,77.1818053772618,82.4152358326498,74.3559145582075,75.300304088154,34.302444233296,37.9657700228692,33.5255522887913,32.6872900140582,35.6901187514727,38.179966992607,36.1837266907438,42.6208337188628,45.4768291329631,41.8814824456277,43.0002485928354,38.9608286830019,36.4538966301229,41.170600593122,52.8561892606368,80.5400413383257,83.7494105189407,80.2558597069111,77.2463532647449,75.4103162390983,72.0968254581607,79.0165726010623,81.0441297422158,91.8512936359686,50.7825754171981,60.0742725800167,82.7526948586759,44.9793280419055,42.5393732372752,41.5934356896173
35.828578879255,34.9663925702012,36.9687435499073,36.0059904972845,35.1765538167584,36.8886156113607,38.0498110659664,36.413623046011,39.966013551639,40.4418962699673,82.3955212746086,43.6458076457309,41.6381044681243,41.9981022015049,51.1694788967661,57.6784954233126,21.9213765820118,0,15.5952907309613,15.3859830927371,36.9129995584036,36.2903706165567,36.9558989504598,54.7694044033185,80.2423817070535,88.0790508352279,60.0375020088444,62.4308609650986,49.9343219660217,40.9719513407011,39.3928015744167,42.60010151898,66.4989140417885,52.2374568996762,62.0214385238692,56.4193483198242,51.5663112137273,70.3003878427948,71.2040917653983,71.5971014791792,70.195208945986,73.0519825990434,69.6760128063615,69.8927741474502,74.5889230922982,72.0070837703202,78.1796252675046,74.6110409259697,79.8424370890224,71.7859806894724,72.7246585051039,29.3251497005575,33.4384113647366,28.4802227519434,28.6918459412907,31.1935021096067,33.8499254637721,31.8735909937063,40.4537150179018,42.6213686955422,39.1262963879569,40.3306531702661,36.3514745808852,29.7306844218482,39.2126963470671,50.8694208612406,77.9209431316235,81.126378778753,77.6348447677203,74.6277394609788,72.8628978278527,69.5489915028728,76.4562884122551,78.4838470508273,89.3210587961553,48.6244272627447,57.8882977467622,80.2843199165124,42.7748545603358,40.0328605717717,40.0973468172573
36.4161647177014,35.505083577904,37.5569161458909,36.5428386074015,35.6680572689836,37.477676504935,38.6420372191785,36.9601069988279,40.0468389937066,40.5296502391807,83.355898045232,43.6629480712611,41.6589408653341,42.0488380402046,52.1987956871543,58.6753406101522,17.8376200818835,15.5952907309613,0,17.6422117004342,38.4116861863688,37.7051499920876,38.3555329351176,55.4775438185676,81.3574127547682,89.1650233114108,60.6600594847409,63.0821005833417,51.0843383282407,41.252820933513,39.6793601164398,42.8216397203343,67.5718302450533,53.5672114584369,62.9955554139471,57.3885076029202,51.5523533551021,71.286401698145,72.1924961775873,72.5851611074544,71.1623064834255,74.0190161511423,70.6409440740107,70.8575519458063,75.5630876707175,72.9860703601457,79.1565814298761,75.5880850873639,80.8210196893014,72.7623757724758,73.7054653666004,32.1555829574898,35.9666894712063,31.3220192999752,31.0425131911535,33.6069313408204,36.1545804844814,34.1736476490755,41.1397351388421,43.8495083456593,40.2763053590357,41.4206191237247,37.3924885936054,32.4638292817326,39.7291406445736,51.3948403015897,78.9351727177437,82.1436299483372,78.6505499399833,75.6416031565641,73.8219476829479,70.5083720766642,77.4252401272443,79.4528110408875,90.2668064564256,49.2881078859518,58.5731741811567,81.1847852665211,43.4802796559082,40.9835204164558,40.1887422154819
38.6928043056098,37.8248231452347,39.8356733253655,38.8611776568066,38.026852257911,39.7581520321232,40.9218093992518,39.2782612922081,42.8533097676144,43.3296523817852,85.3367245589075,46.5533359818334,44.5399404773292,44.8950874107042,54.1159049802156,60.6206515891409,21.9177473418938,15.3859830927371,17.6422117004342,0,39.8973458561308,39.2713604901959,39.931798067445,57.6768881131999,83.2052972779081,91.0377250387508,62.9364440799245,65.3323673859184,52.8987898778702,43.8415610539257,42.2618739946872,45.4734853635801,69.4549582621834,55.2142409777067,64.9603251819823,59.3573311023535,54.491467518181,73.2448826018713,74.148917368001,74.5419164011351,73.1371154582857,75.9939023652915,72.6176311538675,72.834395251681,77.5319149759475,74.9507205510206,81.1230066787346,77.5544141997596,82.7860468748011,74.7292740456917,75.6685425676131,32.4278752702589,36.4537737638902,31.6744710465825,31.1796394994616,34.3782032268418,36.9921505555925,34.9970756556304,43.3403096527777,45.5645817864375,42.061158877258,43.2522018519864,39.269710976512,34.4923686035542,42.0844942473148,53.753384375573,80.8694333695503,84.0752892376363,80.5835371631997,77.576172941777,75.8038263248505,72.4899552669185,79.3985757575865,81.4261235949382,92.2602337385234,51.5214861314174,60.7883886347663,83.2151644829139,45.6721939143982,42.9505992868848,42.9690780437426
30.8279014681385,30.5640133445805,31.9994314700144,31.6007700808184,31.320493501081,31.9556267420298,33.1266789249971,31.9933482188765,41.7294144125749,42.1360844595496,75.7654101869505,46.5151981008972,44.3539437074654,44.287935642987,43.601292466354,50.3447653160019,40.1305609068655,36.9129995584036,38.4116861863688,39.8973458561308,0,18.6175163401714,16.9975171158562,49.769612767006,72.8135149684302,80.7783294971715,55.8249687742929,57.9390134065102,41.7815227752666,40.0875218175547,38.4306742139294,42.483941541854,59.1559233764646,39.1000999119646,54.8151812669794,49.2184427099685,55.1225913731402,63.4995041195335,64.3900924445548,64.7894896600272,63.5018547009976,66.3615600192868,62.9959561882048,63.2163516262213,67.8693416318886,65.2584411016479,71.4451305392587,67.8736665106973,73.0994294727428,65.0533304587308,65.9655001752409,33.9181371891151,35.9580608865191,31.3592152333469,38.107728713753,27.146983047938,28.8069658277124,27.3914617178849,34.5457030773763,26.6854803274701,25.324090662876,27.7675542747456,24.7251358851481,47.9469456742612,35.3929718132368,47.3382115277995,70.976939155053,74.1661651288503,70.6825331879368,67.6849505533035,66.2295787463631,62.9126486435035,69.7672591684798,71.7932941294379,82.7710345529487,43.6821574776523,52.7855192525787,73.7776504972194,37.154326025286,30.6779715841456,41.4506852376824
28.8421975260339,28.637719782731,29.9508929938804,29.7381283062352,29.4879041465736,29.8522878121142,30.9776904059617,29.9573818132433,40.1197825893578,40.5193890691685,72.9275634168812,44.9910164941112,42.8197857414028,42.7190557133739,40.5328140951231,47.3309318189528,39.4058518549638,36.2903706165567,37.7051499920876,39.2713604901959,18.6175163401714,0,11.5720248562894,47.241532978337,69.859443267609,77.8388829575309,53.4382950346246,55.5046601052188,38.5904057939836,38.2331485190103,36.5702052183306,40.7005123914099,56.1898775609428,32.5958440896829,51.8280873909074,46.2312700950911,53.6474197804174,60.6308296953304,61.5193335497909,61.9203425524063,60.6508050168639,63.5112869320149,60.1472057068746,60.3685122015793,65.015646467908,62.3998183601636,68.589124825314,65.0169049531524,70.2421297634622,62.1974621411912,63.105146651416,33.8180223258014,36.0196170351644,31.2843153043518,37.7999582064874,26.9013186322889,28.9437564000232,27.7350680996589,32.1489899708665,25.5007611463482,22.2797332694389,25.9232175401177,22.0639957608227,47.2115850315346,33.2664554597343,45.1171744700137,68.0872913901706,71.2740284762284,67.7915485908641,64.7953738532926,63.3899936630356,60.0724417916146,66.9186472873314,68.9442645545374,79.945955604261,41.2113787623213,50.2749760878774,70.9465616272364,34.6145213446373,27.4619267720152,39.8205741905584
29.424124354835,29.2256275585465,30.5524030016672,30.3093410410086,30.0690925206248,30.4732158343631,31.6156130457665,30.578105542433,40.7775608263624,41.1781745291238,74.0177968135697,45.6418645478578,43.4710565757716,43.3735274800765,41.6724260695807,48.440736018541,40.0481706203086,36.9558989504598,38.3555329351176,39.931798067445,16.9975171158562,11.5720248562894,0,48.135979238227,71.0644553045249,79.0227537006814,54.2839232496563,56.3647615882542,39.8536139949088,38.9195257155411,37.2566450922384,41.3799896149284,57.3662781153667,35.079363906607,52.9171135836854,47.3150277035312,54.2951186372574,61.7400850058956,62.6304008611016,63.0311816764676,61.7457294982877,64.6062015716029,61.2405004484239,61.4617339815935,66.1161046023874,63.5038893226346,69.691697371378,66.1195149474237,71.3459349168738,63.2995958764858,64.2105867137534,34.505399951595,36.6740377114033,31.9962851908329,38.4516346488275,27.7797333429516,29.7247594228628,28.4366073690559,32.8369087405995,24.8629228995722,22.2317557377035,25.9839938931266,22.3427278862427,47.8751982933005,33.9540574801379,45.8808769538887,69.2178757575671,72.4068808060296,68.923242680003,65.925686695766,64.4790496499304,61.1617280597913,68.0151885468457,70.040793936666,81.0250712202585,42.039828448688,51.1214624336367,71.9813952802542,35.4227594292668,28.2069646037423,40.4769114769124
42.6105801559458,41.9107453996312,43.1948383221853,43.4604209510285,42.7338837830245,42.5122290454881,43.0844255628546,42.2269805052038,49.6966184340076,49.9895449454567,69.6802202928866,55.5301266101485,53.2638822845968,52.7529379349792,46.5720047485592,51.4103428673643,56.9919742817999,54.7694044033185,55.4775438185676,57.6768881131999,49.769612767006,47.241532978337,48.135979238227,0,74.277846626961,80.9952205413299,36.0673186707788,33.7634176771961,48.6908344869281,44.7594189985244,43.1120814803869,47.8416122525683,59.656904700031,60.4601900133426,54.9175874380913,49.4293979789847,64.7029133853891,58.9329857469206,59.9484669322657,60.2985133613346,57.9144621361384,60.7554039075406,57.2847226572149,57.4807283232348,62.5792584168437,60.2354120131909,66.2983197759135,62.7456353963319,68.0348240926551,59.8845503835811,61.0404909790262,55.6177247502318,58.1823295353966,53.5838018472052,58.0026594017384,50.9652391261428,53.3928605330837,51.9722054042875,43.7344337359463,53.2560371244086,48.702288264431,50.1949237025648,45.2992425218646,64.8062586315614,41.9627787879803,45.0992114401518,67.7891850498787,71.1312904068965,67.5723609473138,64.4842163323408,60.1256471476412,56.8322484932656,64.1933231653342,66.2280139788808,75.9027525047952,39.7681413779695,46.3963190778356,65.8184757315785,40.5296327201723,45.1998132466693,49.3774321464288
70.4476417466856,70.007044072775,71.1939680516279,71.408615314516,70.9088812459692,70.699717123315,71.4521336771605,70.6627114770769,79.7523893421432,80.0987522021198,74.8187126365083,85.1059452847655,82.8872554753287,82.580816195704,62.2502189772941,68.2857499758687,82.9932561949728,80.2423817070535,81.3574127547682,83.2052972779081,72.8135149684302,69.859443267609,71.0644553045249,74.277846626961,0,40.6627284413092,82.9437427612379,84.3925538371877,61.2550720232123,76.3473288521329,74.6895949820476,79.1212929077602,53.3170237836887,81.9285046559502,73.7072402158442,68.9177752067848,94.0208110939512,60.2119072273702,60.6509992326818,60.657009243955,63.403800834078,66.0711738577178,63.1814672803834,63.2132058522398,65.3590130701774,62.0242904233266,68.3362591821381,64.9702189770975,69.619723666935,62.1729348251977,62.4160791415354,79.4076684591587,81.9406593923435,77.0409349849416,82.6880301237366,73.0125256364105,75.8115773821757,74.7275194586656,71.8741557535004,77.2115877343408,72.8882519429938,74.8171402799234,70.0969491440595,90.7321291399182,71.9810867841051,80.2976569059792,60.4350670986133,62.8774077451386,59.8633649187263,57.3899551975526,66.3940681883107,63.1071704559359,68.1191955989369,70.2660683994904,84.6611566926548,74.7993527321969,82.9552019242451,89.9621218625241,70.4657575554773,70.2053522754103,79.4403061322213
78.0798707845365,77.6283587393279,78.8145675730416,79.0402774197022,78.5302172377053,78.3073436337483,79.04744443937,78.2610847428478,87.2844846413001,87.6275002310381,78.3346901274407,92.6683981674919,90.4466411743666,90.1273042287952,69.7822323189293,75.5470739033299,90.7918254170937,88.0790508352279,89.1650233114108,91.0377250387508,80.7783294971715,77.8388829575309,79.0227537006814,80.9952205413299,40.6627284413092,0,89.8003064887712,91.2205894292319,69.4077004239845,83.7895530086613,82.1330735968505,86.5777047877795,60.0656279479355,89.9547504188627,80.891874468695,76.1430816794901,101.599737934877,63.6584632573731,64.0147875939789,63.8441118306535,67.3885110542814,69.993326112796,67.2033931750386,67.1726010117264,68.6878941984242,65.2274669863601,71.5147813322696,68.2393742742753,72.6974381544694,65.4284109030773,65.5548529824772,87.3611416494718,89.8940747299508,85.0188811561798,90.5774443580862,81.0962198873567,83.8619084820875,82.7511079413553,79.4613657937977,85.0929167481946,80.7436029373442,82.6480047404318,77.9074984355494,98.5382225730982,79.4954417811822,87.6001723582034,61.547847729487,63.6979436607253,60.9268192950804,58.6977241225478,70.2774902691521,67.0077881008358,71.618565403099,73.8105061629552,88.8121412949322,82.0884118662272,90.1925132856153,96.3880104129003,77.9257602879289,77.944275459704,86.9717048644931
47.9545341321118,47.1417581192942,48.5440973513724,48.6960376625439,47.8753783841519,47.8679902331367,48.4545691372345,47.4582740562185,53.6022024547563,53.8694590732194,79.0816409693948,59.6190530007762,57.3376521491769,56.744929729362,55.0294268667075,60.212542949169,62.1534747052019,60.0375020088444,60.6600594847409,62.9364440799245,55.8249687742929,53.4382950346246,54.2839232496563,36.0673186707788,82.9437427612379,89.8003064887712,0,30.1818016778212,56.6375235621488,48.0880718705222,46.4735237232095,51.1941848017679,68.4645307902082,66.9526160266955,63.9222232802362,58.4123412643818,68.8847345922944,68.2718285153988,69.2731742164344,69.6168774909974,67.3641506765472,70.197646270757,66.7450888409522,66.9332155128978,71.9475684866455,69.5835631878718,75.6494503606503,72.1032106253343,77.3756784496678,69.2424671479713,70.3797984817623,61.2695243139925,63.856982905966,59.3003348807313,63.4688335987589,56.9416619546416,59.3335415914645,57.8620374553196,49.498969843686,59.2765508135724,54.746741916724,56.1406178617593,51.2737279934639,69.9539611935974,46.9749755207059,48.0930339863615,76.9572606705809,80.2838945524951,76.7332298226955,73.6549154378983,69.5760620599401,66.2851973275603,73.5861670518138,75.6256441023772,85.4067889970043,46.7348852248895,54.3893651049074,76.7606545798307,46.9746699348355,51.4970610869387,53.3210991848583
50.2643805021658,49.4918173095494,50.8471440195339,51.0482907167013,50.2613005480314,50.1626402144084,50.7374008475396,49.7976820759628,56.5002186412018,56.77818077169,80.4021743678931,62.4450072819353,60.169262340057,59.6090939761175,56.4518925739262,61.5505006642393,64.582103477592,62.4308609650986,63.0821005833417,65.3323673859184,57.9390134065102,55.5046601052188,56.3647615882542,33.7634176771961,84.3925538371877,91.2205894292319,30.1818016778212,0,58.2078106123028,51.2018364485102,49.5697825690997,54.3179847800772,69.8700001391831,68.9249946114609,65.2027661690597,59.6909054871582,71.6746750652505,69.5887367443171,70.5927243095101,70.9394046736747,68.6612503643854,71.4974675676757,68.0407088899231,68.2317784866166,73.266494686509,70.9048645710395,76.9717376507823,73.4230881470322,78.7000376021033,70.5628779238222,71.702446955745,63.5317803284544,66.1105148142809,61.5412372012958,65.7930381728962,59.0977189071867,61.4991496025255,60.043412921433,51.6271132335088,61.3920760828712,56.8501461330686,58.2751461159028,53.3946620508007,72.3904241405183,49.3465960731151,50.9648944462124,78.3088979373941,81.638250971562,78.0860158120708,75.005856359842,70.881086047596,67.5890418185654,74.9015554638646,76.9393424407131,86.7064792722967,48.0151582260557,55.2372630172513,77.6262640981861,48.7769833991396,53.4964760899886,56.1993705633177
39.9870491941988,39.6319708808296,40.7477268933463,41.019112315743,40.5892466734447,40.2740647593796,41.0464782826534,40.3251389013641,50.1277716996171,50.487309308749,66.7581526386543,55.3859763486918,53.1751907600407,52.9112324458779,29.6204758682995,38.7675663170091,52.7263925358043,49.9343219660217,51.0843383282407,52.8987898778702,41.7815227752666,38.5904057939836,39.8536139949088,48.6908344869281,61.2550720232123,69.4077004239845,56.6375235621488,58.2078106123028,0,47.0149213037762,45.343114379568,49.7772965516471,46.4975477124711,50.0530473269991,44.5712690047171,39.2978719615194,64.2525032492366,53.7294664286201,54.5651453881201,55.0047198391644,54.1972721737729,57.0724831632976,53.7506925812753,53.9894663551268,58.4737897680496,55.7386661469321,61.9894826794013,58.4013112556366,63.610166924608,55.6026407351267,56.4016700450857,48.9156123751753,51.4198259695236,46.5277305643017,52.2727187639187,42.4309386297054,45.1836321725741,44.1001330366375,41.2834122594632,46.0959078501756,41.707697083506,43.7539757487697,38.9837345808443,60.4839964365969,41.9665494338128,51.3851095831078,60.6758340054676,63.8040467268052,60.3476517032055,57.3838680398578,57.1976605575435,53.86697955886,60.5008267590128,62.5184074717258,74.1026769770708,45.5851979993035,54.0017406552476,66.5305863439474,40.1502296789731,38.6671328687157,49.7976430684404
