IBR/IBR_outputs/all.combrep_1/EucDistWater_Total.FireFreq_2000_2008_Total.PersistForestCover_Total.Silt_Total/EucDistWater_Total.FireFreq_2000_2008_Total.PersistForestCover_Total.Silt_Total.asc
NCOLS 160 
NROWS 95 
XLLCORNER 210004.651214014 
YLLCORNER 7350008.22228844 
CELLSIZE 4999.99999999997 
NODATA_value -9999 
[rows 42 to 62 of 95, columns 46 to 91 of 160]
31.8108044691785 27.4218078908835 27.6791456607014 22.1721710373609 18.1779303039342 19.1293472392199 14.1352608367345 14.2816510067852 19.3873608402473 25.8346484034576 19.6302513846316 23.7164582740565 15.8990812872487 16.1300710738079 16.5129473815073 29.1875870741675 54.7396826976644 45.9420288057625 41.9573618064621 42.0091337518456 35.9818701583456 21.5260072193636 16.6940395072592 11.954422009614 26.6795560607676 41.1842447748363 61.5011715294551 26.5548913121044 21.5718000168506 22.4025315885086 10.2603839174013 20.9173611641138 17.0255499781905 9.51656959114281 24.9045659185422 20.0596955208411 13.3219139135886 6.30555595096214 8.46004389362952 10.8595328527224 8.35841599965355 20.9186021773266 31.4290216852074 19.136586341462 10.3767248861345 6.05365011845541
38.6152173747266 35.768975453072 26.8933119565377 16.3965609535627 22.758030490489 17.1436506778835 21.0662929121759 25.9780463186235 33.3525878233126 40.1077181911992 49.6850745336522 69.530515869053 111.322936552879 31.6110130627851 24.4096886186993 36.7854453622488 49.8656425609194 62.1754938035104 32.1702994854858 33.9381780919387 38.8662820942235 35.9998109101928 26.4126638803289 20.0116066350548 29.6269877032964 41.5512632771072 64.1376993253108 46.7064646092448 16.8837660372945 11.9159619851804 10.5788996491607 12.9737545073592 8.24651363765019 9.08100164107443 17.0151830322567 31.489079069232 25.5924933958422 8.38877048281397 11.5806358193406 5.38983263647859 18.3847555633947 25.098562983795 28.6929035187555 24.4175511486754 11.2883542141971 7.2467290214733
12.1905452202831 14.3634819586248 14.020379834297 13.1907724784023 22.8697902710883 30.0474631843103 32.9131233311861 37.1434529538777 60.7907362260124 74.9904147227737 51.0175165245534 38.9163639911113 54.2194956197425 91.1334554850726 63.6552841346055 45.0714568095715 33.1055325408672 36.5306631738471 41.6843085775948 48.3565125272139 99.5510185236977 50.0545644750092 18.3900747966359 14.194634997513 13.9505531834216 18.8427648691976 41.8628807306444 48.8837815194784 34.7396999967888 21.1365971642669 10.7249741875072 11.485547104326 10.8435852576731 56.7857721814299 20.58523542311 30.3129855834578 20.6643950930547 17.958976830363 11.8956608437274 9.17463871953515 24.124332144182 17.8230815764327 14.9051901221731 26.7832309372954 23.2562165978881 8.81744024298795
14.4088171602504 13.4412450828134 9.80155871883298 12.4831671985977 20.9336561693963 24.224164027641 20.5504427327085 30.6020939951009 69.9459044058913 33.5410299401252 14.6987917472719 18.7073957013998 36.1012331805783 53.1800904394804 72.7093799170573 65.1009078917513 29.5443307908665 35.7993785404927 66.4881667938389 200.184886334335 160.172228706222 110.304553971508 33.822588711514 26.1556265997642 20.1179480826679 17.7441055060552 23.3484185185592 20.7937675620144 36.6708794090198 40.4276915420846 27.6393950197966 8.90303021334376 16.0801940109425 34.8183563091007 30.1921592482688 13.2028106123942 18.2593570865231 27.6895257127151 16.273584320955 27.308374094996 19.3358303987007 13.0762164486588 17.4497284452607 23.4927133386421 21.6092778907479 7.87617498282143
29.2093875410701 26.4154256451773 16.6024214295686 9.44626532629418 7.93530195748286 7.16645884107485 8.11283785615475 14.4285818953691 22.6790364648754 23.4929108776573 15.0448502456145 18.8486505331356 32.7407601232064 43.5975135584288 37.2697109725315 33.1724459320682 34.2601187282453 32.3913109338504 37.2130036606696 55.8954855563929 29.2083647072077 22.1143324965175 20.7207799207924 24.3905076863086 29.3979252067033 30.732483246918 31.2203066554107 19.1936882112016 13.44052929403 35.6956401948282 24.6198697868929 13.0546313542257 15.8602718812787 33.9345727715821 27.9007796025077 17.9664505468414 18.5012997761249 31.5413426520107 28.6063164144327 25.4171589080507 11.1747242209459 12.3524417071922 20.6811244262414 10.2908131993469 9.28151685197681 7.46819621316744
25.7280716589346 17.8034885929143 16.8766428751178 22.3308911272785 19.5143896253767 11.4044383376517 12.6755967682388 18.7862379753619 10.9189202842315 14.8295686626104 22.0174155818271 19.7578365029122 28.1590730616825 31.8110841144349 23.8755324929845 27.0793239253652 38.0725457788594 35.1600504962558 32.4689619563832 19.2562903694884 17.999849010005 18.6949292277463 14.2675312898327 12.2818341336179 15.7855399451908 19.4222998264665 28.2772284301537 49.2583396856565 124.619652432544 70.2519660562622 26.4725406872921 23.6332723271071 26.1259744990627 22.0689279268646 32.740589131335 45.7958473511367 33.7443964531107 28.087268243459 24.2687680173251 11.2019463304851 16.2283978777116 25.1315554860316 20.1998551743145 9.01793464342865 11.1453840673804 11.8358762405193
18.2028608746832 9.35890406316933 9.78115546196937 22.1367403955064 30.4568369487211 21.8685599016716 9.08328355005315 15.3140664249636 12.9193164535274 7.90968973412108 14.744089130257 9.67751098849626 22.2283954834355 23.2928764406228 11.9203771851917 15.0039921420721 33.3447556873126 47.5243935218327 40.1797797715987 33.3218490408667 34.7959389753715 32.0867080540741 23.1539936609669 18.2128921945971 14.8838634452413 19.0880869405358 84.6460950182907 184.725795405594 172.659025339973 130.747442886926 163.047681463098 69.2408350530706 35.0789715175513 29.6075978428019 23.3109195143386 37.2134638004544 29.6032502544935 25.2801617494711 20.7057398678153 19.4302650472785 24.6913375324257 22.9649653141063 16.3234413452137 16.4150465319411 20.1076650062581 12.4798593309196
23.5861634104932 19.9246348553241 10.4878844340654 18.5120318842665 32.1213293783428 25.7855294949347 10.0630613450859 12.9918602918429 12.0798465645495 9.83152270466316 18.6157162149244 19.5072591847586 24.3559211069166 12.7148225893112 12.2494227710707 22.0001514400747 35.0652675347482 48.2631494782455 48.6647705032705 43.6527626197734 44.1115027977179 45.0899304431231 36.7795071942969 33.7985114814713 25.4056873855079 26.8122393628688 40.0183590573542 36.5524562405394 34.1540861443693 49.8756478923447 100.206513873201 248.209060416523 98.2863617886706 31.4250794160414 40.2021364601927 20.6486604317345 24.0048566564485 26.9622561787685 32.604315715563 25.4893287920584 31.4431658905498 30.8810152158756 17.394961957273 17.1647662915218 14.8890544816856 10.0658423135636
32.2465626575634 27.5269882407887 17.6072284420843 19.5524199380541 29.2380110847707 25.1144824366559 14.7386455379471 8.56740065714966 8.42094198090138 14.6806548970668 8.82274521854444 14.6534119147778 24.2065198104591 18.3742448169542 13.0952699138545 23.51758020803 35.3918360585773 46.9806189764407 42.0084840035515 33.6354396541408 33.5248640267547 39.4803988956876 46.9559350602423 45.9415805867708 39.5849271657441 37.1790370840054 42.5274589110768 39.0051458196151 36.705580600781 42.0088373364745 50.7738118790519 53.4348661387677 87.3706599926392 35.8648080339086 22.2123806783307 28.8010728520693 34.8889229137562 37.7173130348275 36.9826819075605 20.052063251438 32.7995004308454 39.8952525281005 40.3467418382517 24.6967322422456 14.2910981826555 10.5025802445602
23.5299728143535 22.4227876247666 15.3151105533839 10.6873631549493 20.5049784295001 13.8067357428617 10.5717678489811 12.5007487398113 8.72063264228643 10.5074089852857 9.37853922742568 14.6796126398794 18.0863362508936 12.4655545234736 16.7861849038125 16.3726129019883 31.3745236009889 42.5205887135951 32.9057754825185 20.2519000208774 17.6983832888625 29.4751754827426 42.9074059990157 43.3011089822684 33.1663798577124 30.0364423511932 32.5101368260856 27.8157582095332 26.8512973617981 35.3002629951003 45.4568406449101 38.0581813011928 23.0488164064043 39.1758641802308 31.6799916663626 38.4434367786046 45.6054562261681 46.7463922080632 37.4065727196651 30.2582267938148 37.430733022663 41.2380616308301 29.4396807369071 32.7265809763576 33.8733607239606 13.9865021379199
13.6390268023835 11.792357345911 14.5014999354941 12.3427231626911 13.159388037542 10.7611844059672 14.4884933997021 18.44119054787 10.3705407307573 10.8073158702229 10.6427536291405 9.13309185663802 12.6227925196171 13.2471310067557 16.0831454051871 19.5486335939511 27.4766925168722 30.4876040992768 30.8887179988963 16.9639868833523 14.5924188813852 27.9225463538981 42.5937457279566 37.4090002220209 23.3756337383825 13.7344367244353 23.3124367069218 16.3541572388556 14.4896057753033 27.9969984050874 42.5775735168758 39.7347448528265 26.4540966853236 65.9052522809704 36.7525257508755 44.3867644007012 38.4776592825437 35.6875161666143 43.5757986277199 48.1044682210164 47.8277878739488 31.8482879354352 16.8139544242875 18.5187959395208 19.7188796452703 22.4962815283422
14.174731868107 13.4032560843705 22.5432661702679 16.034932552298 9.1920831807814 10.2761877699713 10.7621703840066 11.4158519107448 8.80969737488359 12.1734322239707 7.92341220287785 14.6934033589267 21.6656138269202 23.0190109866656 29.3752658747913 23.2153919104164 13.2537045067028 21.9926574286892 34.2144043988266 29.0773761789304 28.2816014898154 36.4502426726145 47.1205370375205 38.6985708332403 25.0683004711921 16.7830352207425 13.4719970981765 17.2761631532858 19.0470720821913 30.5734872581693 44.725658849929 49.5773895040891 42.3480451242125 57.4299102162617 120.782728313185 78.810609724687 53.8705131798481 32.7705259138373 49.5964521886457 57.3962069425384 57.200701790381 34.4654838938732 26.0135857626761 26.9584382999965 31.3160273632932 23.6098929354241
14.8964672535096 9.94680336473286 19.2280117225905 27.1825301706172 19.3672633769014 13.6280154863102 15.5776607499105 7.74764659015242 11.7323150469087 14.275523228021 14.3067115965723 12.1614879967701 26.5087731565731 37.5638052891024 38.9076771532686 26.4493460126462 21.9835885145872 26.8522741505551 39.2553431432213 43.6670310516667 42.8290285043292 48.0240236478918 55.5805483194688 45.3487581059585 35.3210755384117 24.4756373568607 15.8017265898209 18.8904468819155 19.9166915350353 29.8345757465115 43.0959920344109 55.4279173794915 54.5508235160256 51.202388497294 50.1264410557284 61.1071077045212 36.9822595136107 52.6633058338044 156.061845729146 227.329234822307 232.535690622624 129.704099561451 95.3980871811578 29.3680308989471 36.5061982068008 37.4092657495153
20.213019542872 28.0309532838354 27.5793924154523 34.5517092074982 20.7414306071035 11.3673169307062 17.6835443089991 7.52674138916693 12.5930619602071 22.9066269377381 13.935900326805 17.7832162894013 30.5797882181899 33.5509060954624 28.4296728516047 26.7798977046849 31.9852803831452 39.3558161244491 47.7587379085775 50.5375221718117 49.4978570562387 51.1824573436289 51.5033589753789 51.4712672786479 45.0593570822019 35.4736255722974 29.2982756056345 17.0440500470634 12.660618067684 26.0867167707696 41.329182573625 55.6347038284785 68.8066588908268 65.8863926173827 58.196568000705 45.8014024484623 32.8582816753697 33.6738381876192 37.6202499849598 36.4988153778589 47.0364004863744 79.8633552417244 59.7632959180918 59.237825124741 88.5232509216379 37.740486540421
31.006090825654 35.054482345314 38.5144577766094 39.5933001746785 28.8648035419052 25.0405648409643 25.435914707201 13.5372913463524 11.4108260413483 20.3985491672432 17.630060727032 20.0377684588287 25.4728544440124 24.9877590728972 13.2708306680261 12.673000112971 21.1946546331701 37.274353722562 46.7265882734397 39.9589389779608 35.9517158845562 35.9423373135191 37.0280409660809 37.4381232291751 41.2339449223096 46.052040875828 38.7297761145494 27.5878175826226 25.2752311743621 33.4580383609071 46.0316676788671 58.5677270837379 69.6743195768324 64.6485656749395 52.2336020338483 41.7017127170612 35.343813218204 34.6656384817714 28.2048282765022 21.307664483464 31.4546108447817 58.9762370998017 72.765647594256 45.8863181179665 93.5194797800462 112.886254529238
31.7566700629247 25.8090262297366 30.5665721271432 40.5216959765449 37.630368870649 34.0511884700288 31.752696829538 25.7681107553299 17.6689179855196 25.0706534086885 31.0475117824136 22.2515827576721 11.7639650104602 19.7217210005205 18.2909318453277 15.0696556758872 23.4857909844241 37.2202706644435 37.9272080116198 26.9985709431187 19.5335560855997 19.7301760481385 19.8285063081712 22.0049179753186 31.0828842977403 39.5852418360319 49.5854588911295 50.1528022121954 63.9434060022762 61.2398182266264 97.6243242037071 79.1195985850465 70.5941429790649 57.8959207632391 44.2936150933384 30.4802047734012 20.1230466164087 21.7136978054054 16.083674830878 10.2147955226297 29.92926038917 41.2910352472117 43.5575469029537 61.0845673396062 46.8479114767748 25.3663997868483
23.4632045342293 11.583873371175 19.9374767109619 35.4152358199647 28.4389558373159 19.0942407919562 20.3890314258808 23.0899845384552 25.9671977398237 28.1422963962777 28.2281238552422 18.866651272811 8.05184852349041 21.0643237337191 28.5433738598322 29.8820011335991 33.6944021903977 42.0315644629208 22.6684936631196 22.2551911869152 12.1657007264233 13.605695713887 27.3816837148705 16.2755807810378 24.7627421806705 55.5229632581242 53.9891677828976 44.8597977328772 141.789597402612 60.282139604319 59.571299296054 83.9313051897627 74.3581120266483 56.3828034800524 41.7551993928354 26.5922055177544 12.0108592467744 15.3457396128032 15.7041765400296 7.34169124436046 20.6002203757328 30.783989084483 35.889424308979 38.4141042099165 30.4939227692677 29.5612725931983
25.6703668463239 16.457925065424 22.8541193050377 27.2662140561571 19.6323248560603 7.80306064587919 7.06847955869101 9.2368998509877 12.4900652765054 15.1644907254736 13.1504060347951 12.235549817193 16.0591253251508 20.7949604444186 17.2950844227678 27.5453042600427 33.5026925684047 18.7970038461132 10.7247421667735 22.6623510136428 24.3720593069999 24.6834955896001 25.0006329748947 21.7032946639567 15.2640362642422 27.062899237224 82.0574278576494 57.5779328604199 109.983502032131 69.2377443832575 54.2872609119148 101.481924098909 71.6202582977577 58.7708692290119 46.383896847823 31.9659310639432 18.7271811800185 16.1468617065375 10.1451364240789 10.1575528868028 17.0073073660611 14.8477415656685 18.7569646795571 22.6836796754033 17.4890355750482 21.3529711212745
29.7511548271751 28.2464259616309 29.1273962744291 17.0660589044607 8.85645118473647 8.5344960577158 13.3440017735449 13.7757493317526 7.98604875842376 7.89706157714531 9.91507884691759 14.0296143171644 23.4132215530424 19.2720589943193 13.650899396353 26.5868191432358 35.3010198576645 25.9931111077449 21.5525028801783 30.893677806463 40.4115993609745 39.8897569221465 34.4250998047651 25.5921619438663 18.2364612875641 37.6028585878788 28.4629588303453 17.4062287757136 26.0989838728062 41.709317912009 54.6519872346119 117.580609209034 63.6454672613782 58.8460593751426 47.312450487002 33.8424756741288 18.9899805998605 9.79820047379497 10.274249350698 10.2775747518919 11.6465083759671 9.07330319195722 12.274585868112 20.5697619790144 11.6138053330639 11.0931348342051
16.3138105582962 18.6558056585134 21.135590711245 15.0279079431192 8.13145054903953 17.8441260169366 24.3860602415817 26.8046869582337 16.5930285948706 17.2271093458276 24.7470263427669 30.225442719139 35.6422750287018 30.5952066197717 27.5854366751396 35.5456064925475 44.007085068064 41.8447350054497 37.6776091233965 42.2632299196124 48.5680790648406 40.8153890918101 27.3799225126177 19.2279726894615 22.6948570915351 29.8630982347148 31.0829217293049 31.5753911716669 38.2005760047208 45.8102114044859 54.6084777028756 67.3564121264421 53.3091171014108 50.8694095164239 49.6943043289861 39.7541829062812 28.5827674290391 26.464336447103 25.6166281797646 24.6076714148604 15.0511807926304 16.5247992951453 23.2441287958896 20.4349716568728 17.900489583144 7.77044515935463
10.1834304999918 9.27893642311903 9.29266126115648 12.3189759801669 7.33059176601219 16.2626989440645 31.1784364969959 28.451714491135 14.0727454399959 14.022904862813 28.9217593174561 42.1575916567101 48.6849943919409 45.1998520073589 42.6890779259662 47.114789142478 54.7357346765186 54.4244320155527 53.4808526995812 56.8559792878543 50.386754967314 36.4544773278651 23.7007316333567 13.8978135259754 26.3330387991471 34.0661474302825 40.8123537755741 41.3170260899339 45.9067470773706 47.107674600189 42.2403168358797 39.5998238933732 38.5301020368152 38.6555070598889 48.5262412492338 49.3064387080672 41.6770205122273 38.6127800915642 41.5730268457477 38.6067402423001 30.183395984355 31.4115144702799 26.5247660462584 10.7803143421402 7.69393919773907 6.67342514910589
