0.181532 9.9991E-05 0.818368
0.172176 9.9991E-05 0.827724
0.237562 0.0359306 0.726508
0.0872331 0.0319625 0.880804
0.0863766 0.0169042 0.896719
0.0261241 0.0726733 0.901203
0.0968913 0.0299431 0.873166
0.0747275 9.9991E-05 0.925172
0.227799 0.0690892 0.703112
0.293614 0.0503134 0.656073
0.200761 0.242403 0.556836
0.330149 0.0764378 0.593413
0.0831087 0.332711 0.58418
0.219308 0.102981 0.67771
0.256132 0.0563554 0.687513
0.16622 9.9991E-05 0.83368
0.230619 0.028693 0.740688
0.117297 9.9991E-05 0.882603
0.658626 0.226419 0.114955
0.798468 0.0263093 0.175223
0.797748 9.9991E-05 0.202152
0.908151 0.0600154 0.0318335
0.98514 0.0147603 9.9991E-05
0.91706 0.0170515 0.0658889
0.755486 9.9991E-05 0.244414
0.9998 9.999E-05 9.999E-05
0.931934 0.0679658 9.9991E-05
0.948448 0.0514523 9.9991E-05
0.9998 9.999E-05 9.999E-05
0.897611 0.0828145 0.0195741
0.926832 0.037616 0.0355521
0.960655 0.0326615 0.0066835
0.926956 0.00547178 0.0675719
0.303226 0.0174438 0.67933
0.335582 9.9991E-05 0.664318
0.213991 0.03129 0.754719
0.103611 0.034913 0.861476
0.182205 0.125681 0.692114
0.605685 0.394215 9.9991E-05
0.916545 0.0222783 0.0611766
0.235796 0.123837 0.640367
0.172098 9.9991E-05 0.827802
0.304723 0.169021 0.526257
0.144083 0.344686 0.511231
0.132328 0.324396 0.543276
0.616243 0.383657 9.9991E-05
0.3003 0.055559 0.644141
0.149657 0.23111 0.619233
0.369869 0.127235 0.502896
0.0115409 0.889335 0.0991246
9.9991E-05 0.928041 0.0718595
0.042506 0.864324 0.0931703
0.0396021 0.856862 0.103536
0.0782756 0.921624 9.9991E-05
0.0810579 0.909932 0.00901013
9.9991E-05 0.765974 0.233926
0.0940355 0.905864 9.9991E-05
0.0887029 0.911197 9.9991E-05
9.9991E-05 0.91257 0.08733
9.9991E-05 0.735354 0.264546
0.0795633 0.920337 9.9991E-05
0.0639637 0.798814 0.137222
0.0990398 0.546696 0.354265
0.885864 0.0214934 0.0926426
0.82134 0.0279099 0.150751
0.944941 9.9991E-05 0.0549586
0.04138 0.838872 0.119748
0.069999 0.719809 0.210192
0.107834 0.848165 0.0440016
0.0819855 0.886675 0.0313399
0.0434544 0.926648 0.0298978
9.9991E-05 0.314571 0.685329
0.0496541 0.310593 0.639753
0.0443818 0.370296 0.585323
0.0788115 0.333956 0.587233
0.16614 0.299281 0.534578
0.0450145 0.328162 0.626824
0.16366 0.268954 0.567387
9.9991E-05 0.751676 0.248224
0.08247 0.610446 0.307084
0.122052 0.877848 9.9991E-05
0.112056 0.887844 9.9991E-05
0.0253147 0.84947 0.125215
0.817685 0.0453814 0.136933
0.144622 0.475041 0.380338
9.9991E-05 0.391993 0.607907
0.604303 0.395597 9.9991E-05
0.305479 9.9991E-05 0.694421
0.16562 9.9991E-05 0.83428
0.240732 0.0751348 0.684133
0.339478 0.137031 0.523491
0.0737038 0.0246224 0.901674
0.083423 0.402561 0.514016
0.654276 0.0780114 0.267712
0.00626475 0.460423 0.533312
0.350814 0.17255 0.476636
0.213189 9.9991E-05 0.786711
0.0686356 0.00655602 0.924808
0.217199 9.9991E-05 0.782701
0.0996566 0.0863593 0.813984
0.108919 0.0209917 0.870089
0.124657 9.9991E-05 0.875243
0.0668301 0.480819 0.452351
0.119163 0.395729 0.485109
0.0867339 0.45801 0.455256
0.277059 0.0943478 0.628593
0.15755 0.261165 0.581284
0.482882 0.0380634 0.479055
0.0945192 0.824382 0.0810986
0.00867278 0.85232 0.139008
0.231037 0.38678 0.382182
0.109687 0.309004 0.581309
0.318004 0.324198 0.357798
0.864166 0.00741689 0.128417
0.186924 0.812976 9.9991E-05
0.00847855 0.80015 0.191372
9.9991E-05 0.620557 0.379343
0.554002 0.109861 0.336137
0.356002 0.010368 0.633631
0.0414021 0.0477789 0.910819
0.115709 0.0890509 0.79524
0.385286 9.9991E-05 0.614614
0.156854 9.9991E-05 0.843046
0.10058 0.0125343 0.886886
0.0605284 0.0461388 0.893333
0.381572 0.0108617 0.607566
0.171682 9.9991E-05 0.828218
0.210347 9.9991E-05 0.789553
0.137393 9.9991E-05 0.862507
0.300653 0.0534767 0.64587
0.11627 0.055075 0.828655
0.313232 0.0419033 0.644865
0.0601697 9.9991E-05 0.93973
0.917175 9.9991E-05 0.0827248
0.948358 9.9991E-05 0.0515424
0.9998 9.999E-05 9.999E-05
0.854583 0.0926595 0.052757
0.898513 0.068136 0.0333512
0.0237286 0.0960593 0.880212
0.267548 9.9991E-05 0.732352
9.999E-05 0.9998 9.999E-05
0.0890622 0.876203 0.0347348
0.00324005 0.933593 0.0631671
0.0146585 0.767706 0.217636
9.9991E-05 0.962672 0.0372276
0.140005 0.859895 9.9991E-05
9.9991E-05 0.98692 0.0129804
0.0817863 0.918114 9.9991E-05
0.0706923 0.906266 0.0230415
0.0555318 0.924334 0.0201342
0.0594327 0.901284 0.0392836
0.0498696 0.849762 0.100368
0.00990858 0.878134 0.111958
0.072072 0.927828 9.9991E-05
0.0142575 0.968511 0.0172314
9.9991E-05 0.934909 0.0649912
0.0737605 0.918323 0.00791636
0.0350121 0.401966 0.563022
0.00814726 0.241502 0.750351
9.9991E-05 0.938583 0.061317
0.0235334 0.726619 0.249848
0.0385691 0.961331 9.9991E-05
9.9991E-05 0.374473 0.625427
0.040892 9.9991E-05 0.959008
0.247798 9.9991E-05 0.752102
0.460195 0.0396295 0.500176
0.681027 9.9991E-05 0.318873
0.833841 0.0338744 0.132285
0.892979 0.0335914 0.0734298
0.809628 9.9991E-05 0.190272
0.852108 0.00793965 0.139952
0.869117 0.105157 0.0257259
0.8911 0.0876276 0.0212724
0.093513 9.9991E-05 0.906387
0.113518 0.0600504 0.826431
9.9991E-05 0.0642965 0.935604
9.9991E-05 0.0223641 0.977536
9.9991E-05 0.0114011 0.988499
0.00783716 0.0825683 0.909594
0.229933 9.9991E-05 0.769967
0.230389 0.107283 0.662328
0.188125 0.0123827 0.799493
0.246813 0.0441252 0.709061
0.192741 0.0315675 0.775692
0.814074 0.148155 0.0377709
0.0323956 0.837709 0.129895
0.103212 0.896688 9.9991E-05
0.0265604 0.954702 0.0187378
0.0146087 0.791619 0.193772
0.133952 0.865948 9.9991E-05
0.330379 0.159844 0.509777
0.394001 9.9991E-05 0.605899
0.233849 9.9991E-05 0.766051
0.292127 0.01414 0.693733
