0.117257 9.9982E-05 0.0104412 9.9982E-05 0.748488 0.123614
0.131855 9.9991E-05 0.0373834 0.176525 0.601972 0.0521651
0.0724208 9.9982E-05 0.0358357 9.9982E-05 0.771334 0.120209
0.156692 0.00104518 9.9982E-05 0.0563228 0.78574 9.9982E-05
9.9973E-05 0.0227299 9.9973E-05 0.0675027 0.909467 9.9973E-05
0.0404271 0.0403173 9.9982E-05 0.255375 0.663681 9.9982E-05
0.181336 0.00488801 9.9991E-05 0.371427 0.392762 0.0494866
0.128034 9.9982E-05 0.0456544 0.16936 0.656751 9.9982E-05
9.999E-05 0.0495615 0.0212459 0.669779 0.16661 0.0927031
0.197085 9.9991E-05 0.0192416 0.403082 0.226208 0.154283
0.464113 0.0257722 0.0455775 0.401892 0.0361159 0.0265286
0.103524 0.0396907 0.0222081 0.482257 0.209907 0.142412
0.823636 9.9982E-05 0.0545427 0.0904029 9.9982E-05 0.0312182
0.11951 0.051814 9.9982E-05 0.69059 9.9982E-05 0.137886
9.9991E-05 0.0497619 0.046122 0.397515 0.407681 0.0988204
0.0601823 0.00654283 0.00593572 0.682358 0.219389 0.0255927
9.9973E-05 9.9973E-05 9.9973E-05 0.528798 0.317735 0.153167
9.9973E-05 9.9973E-05 0.0162771 0.504182 0.479241 9.9973E-05
0.090705 0.137705 0.0716429 0.220873 9.9991E-05 0.478974
0.10049 9.9973E-05 9.9973E-05 0.320244 9.9973E-05 0.578966
9.9982E-05 9.9982E-05 0.00944093 0.196357 0.175836 0.618166
0.108269 0.0469117 0.0104635 9.9991E-05 0.0720604 0.762195
0.0320519 9.9973E-05 0.0422647 9.9973E-05 9.9973E-05 0.925383
9.999E-05 0.00959998 0.0323417 0.226486 0.0332875 0.698185
0.0498925 9.9982E-05 9.9982E-05 0.0561004 0.19933 0.694477
9.9964E-05 9.9964E-05 9.9964E-05 9.9964E-05 0.13716 0.86244
0.137751 0.0130188 0.0253559 9.9982E-05 9.9982E-05 0.823674
9.9982E-05 0.0491342 0.0340729 0.0690558 9.9982E-05 0.847537
9.9973E-05 0.00219102 9.9973E-05 9.9973E-05 0.105981 0.891528
0.000264265 0.0905195 0.00048763 9.9991E-05 0.131813 0.776816
0.00844015 0.0259146 0.00556793 0.0838451 0.00133921 0.874893
9.9982E-05 0.00604763 0.015019 0.19214 9.9982E-05 0.786594
0.040271 9.9991E-05 0.0511841 0.0744085 0.0535657 0.780471
0.155677 9.9991E-05 0.0665807 0.25328 0.41365 0.110712
9.9982E-05 0.0421059 9.9982E-05 0.240791 0.4588 0.258104
9.9982E-05 0.106001 9.9982E-05 0.00586193 0.768181 0.119756
0.125624 0.00774276 0.0341901 9.9991E-05 0.799093 0.0332494
0.254362 0.0544196 0.00559348 0.409922 0.183315 0.092388
9.996E-05 9.996E-05 0.9995 9.996E-05 9.996E-05 9.996E-05
0.274554 9.9973E-05 0.0264415 9.9973E-05 9.9973E-05 0.698704
0.0239513 0.117157 0.00229777 0.102053 0.596307 0.158233
0.19041 9.9991E-05 0.00404679 0.296178 0.395849 0.113415
0.308673 0.0876728 9.9991E-05 0.179779 0.150768 0.273008
0.606115 0.0780729 0.0619521 0.0886238 0.0525835 0.112653
0.889262 9.9982E-05 0.00388581 9.9982E-05 0.0781681 0.0284837
9.996E-05 9.996E-05 0.9995 9.996E-05 9.996E-05 9.996E-05
0.209976 0.020928 0.0706618 0.343929 0.15842 0.196085
0.402776 0.0689209 9.9991E-05 0.192968 0.180062 0.155174
0.0553419 0.138524 0.0179752 0.393132 0.0882971 0.30673
0.136517 0.732845 0.0229101 0.107527 9.9982E-05 9.9982E-05
0.12571 0.750529 0.0270836 0.0886224 9.9991E-05 0.00795569
9.9973E-05 0.785287 9.9973E-05 0.153631 0.060782 9.9973E-05
0.158918 0.696779 0.0364105 0.0825415 0.0164063 0.00894493
9.9982E-05 0.830142 0.0563751 0.0943328 9.9982E-05 0.0189506
9.9973E-05 0.817881 9.9973E-05 0.137085 9.9973E-05 0.0447339
9.9964E-05 0.692917 9.9964E-05 0.306683 9.9964E-05 9.9964E-05
9.9973E-05 0.778887 0.00944565 0.211367 9.9973E-05 9.9973E-05
0.00167847 0.810305 0.0310501 9.9982E-05 9.9982E-05 0.156766
0.0753701 0.753339 0.0256718 9.9982E-05 0.145419 9.9982E-05
0.23737 0.584539 0.0288485 0.0128964 0.136246 9.9991E-05
0.0613686 0.819291 9.9973E-05 9.9973E-05 9.9973E-05 0.119041
0.102085 0.712152 0.00405046 0.0323449 0.131676 0.0176917
0.559608 0.308436 0.0642508 0.0528202 9.9991E-05 0.0147854
9.9982E-05 0.0570439 9.9982E-05 0.0635987 0.104895 0.774263
0.14814 9.9982E-05 0.0239083 9.9982E-05 0.113628 0.714124
9.9973E-05 9.9973E-05 0.00969656 9.9973E-05 0.188981 0.801022
0.105505 0.67651 0.0177907 0.17974 0.0167671 0.00368736
0.372993 0.491286 0.0685012 9.9982E-05 0.06702 9.9982E-05
0.19519 0.691932 0.0347111 9.9991E-05 0.0031376 0.0749288
0.274597 0.634927 0.053794 9.9982E-05 9.9982E-05 0.0364815
9.9991E-05 0.799835 0.0525358 0.0543205 0.0532866 0.0399225
0.635011 0.0773867 0.00796017 0.191539 0.0880032 9.9991E-05
0.656699 0.013138 0.0235147 0.306448 9.9982E-05 9.9982E-05
0.756527 0.0539345 0.0084344 0.162785 0.0145199 0.00379939
0.969895 9.9964E-05 0.0297055 9.9964E-05 9.9964E-05 9.9964E-05
0.818666 9.9982E-05 0.0189265 0.0711037 9.9982E-05 0.0911035
0.908128 9.9973E-05 0.0119722 0.0795997 9.9973E-05 9.9973E-05
0.704998 0.00184169 0.022602 9.9991E-05 0.161832 0.108626
0.241387 0.594479 9.9973E-05 0.163834 9.9973E-05 9.9973E-05
0.344162 0.388432 0.12762 9.9991E-05 0.109718 0.0299683
0.104655 0.722456 0.0235355 9.9991E-05 0.0742704 0.0749831
0.0486849 0.753379 0.0184877 0.125294 9.9991E-05 0.0540548
9.9973E-05 0.687558 0.0164667 0.295675 9.9973E-05 9.9973E-05
0.0653762 0.0612345 0.0272555 0.219431 9.9991E-05 0.626603
0.480447 0.268287 9.9991E-05 0.0832451 0.0681527 0.0997678
0.869881 0.0914243 9.9973E-05 9.9973E-05 0.038395 9.9973E-05
9.996E-05 9.996E-05 0.9995 9.996E-05 9.996E-05 9.996E-05
0.165129 9.9982E-05 9.9982E-05 0.177061 0.575521 0.0820894
0.0425369 9.9991E-05 0.0167849 0.0822082 0.720668 0.137702
0.0915078 0.0113024 0.0377911 0.561859 0.174442 0.123098
0.132897 0.0775811 0.0357472 0.567544 9.9991E-05 0.18613
9.9982E-05 0.0630711 9.9982E-05 0.27228 0.623905 0.0405432
0.781893 0.126147 9.9991E-05 0.0653484 0.0105562 0.015956
0.134675 0.0116275 0.0521988 0.0244107 0.30155 0.475538
0.549438 0.172127 0.100825 0.0383345 0.139175 9.9991E-05
0.290662 0.0520512 0.0319502 0.191629 0.153701 0.280005
9.9973E-05 9.9973E-05 9.9973E-05 0.608394 0.329802 0.0615048
0.249551 9.9982E-05 9.9982E-05 0.125662 0.579105 0.0454819
0.185953 9.9982E-05 9.9982E-05 0.335667 0.36216 0.11602
0.0850839 0.0326971 0.00823789 0.873781 9.9982E-05 9.9982E-05
0.412478 9.9973E-05 9.9973E-05 9.9973E-05 0.532292 0.0549301
0.0457735 9.9973E-05 9.9973E-05 0.938447 0.0154801 9.9973E-05
0.637516 0.160363 0.0401461 9.9991E-05 0.154628 0.00724683
0.513924 0.164209 0.0587458 0.148028 0.0258784 0.0892153
0.614156 0.170546 0.0932826 0.0322876 0.0623352 0.027393
0.576077 9.9982E-05 0.000733986 0.237902 9.9982E-05 0.185088
0.484124 0.0525843 9.9991E-05 0.365138 0.0013594 0.0966943
9.9982E-05 0.0412128 9.9982E-05 0.335586 0.218536 0.404465
9.9982E-05 0.750494 0.0409271 0.0532264 0.155152 9.9982E-05
0.173388 0.707849 0.0194969 9.9982E-05 9.9982E-05 0.0990665
0.597335 0.166296 9.9982E-05 9.9982E-05 0.143003 0.0931663
0.267947 0.186503 0.0385904 0.448999 9.9991E-05 0.0578612
0.371865 0.103829 0.0462165 9.9991E-05 0.188836 0.289152
0.249417 9.9973E-05 9.9973E-05 0.0284282 9.9973E-05 0.721855
0.376972 0.534413 0.0504145 9.9982E-05 9.9982E-05 0.0380001
0.138221 0.703231 9.9982E-05 0.140548 0.0178004 9.9982E-05
0.452816 0.42038 9.9973E-05 9.9973E-05 0.126505 9.9973E-05
0.0622319 0.0312761 0.0625818 9.9991E-05 0.423081 0.420729
9.9982E-05 0.083358 9.9982E-05 0.0567766 0.657159 0.202506
0.17239 9.9991E-05 0.0466726 0.0702195 0.687208 0.02341
0.0826123 0.0941963 9.9982E-05 0.0494575 0.773534 9.9982E-05
0.0528124 9.9982E-05 9.9982E-05 0.147838 0.497075 0.302074
0.0605945 9.9991E-05 0.0149285 0.107873 0.677058 0.139445
0.0354469 0.0228378 9.9982E-05 9.9982E-05 0.860661 0.0808546
9.9982E-05 0.0775085 0.0044255 0.147254 0.770612 9.9982E-05
0.0947713 9.9982E-05 9.9982E-05 0.232683 0.356925 0.315421
9.9964E-05 9.9964E-05 9.9964E-05 0.963189 0.0364115 9.9964E-05
9.9973E-05 9.9973E-05 0.0127372 0.86155 9.9973E-05 0.125413
0.00355913 9.9973E-05 9.9973E-05 0.883426 0.112715 9.9973E-05
0.0779711 0.0859079 0.0235498 0.34586 0.31022 0.156491
0.00539665 0.0166298 0.0146847 0.881906 0.0812823 9.9991E-05
0.120858 9.9973E-05 9.9973E-05 0.781282 9.9973E-05 0.0975593
0.134173 9.9991E-05 0.00528706 0.113231 0.707684 0.0395245
0.149525 9.9973E-05 9.9973E-05 0.0156042 9.9973E-05 0.83457
0.0772692 9.9973E-05 9.9973E-05 9.9973E-05 0.0770477 0.845383
9.9973E-05 9.9973E-05 0.0105466 0.167018 9.9973E-05 0.822136
9.9982E-05 0.0787822 9.9982E-05 0.10638 0.0421599 0.772478
0.0956873 0.0160825 0.0281119 9.9991E-05 0.143989 0.716029
0.256393 0.0375687 0.00317293 0.10204 0.600725 9.9991E-05
0.128952 9.9982E-05 0.0332442 9.9982E-05 0.734414 0.10319
0.0838134 0.90854 9.9973E-05 9.9973E-05 0.00734678 9.9973E-05
0.107198 0.757744 0.0324061 0.0515394 9.9991E-05 0.0510116
9.9991E-05 0.832395 0.0083259 0.0509427 0.105304 0.00293202
0.228361 0.640494 9.9982E-05 9.9982E-05 0.0827239 0.0482213
0.0232514 0.846576 0.0194496 0.0738023 0.0368205 9.9991E-05
9.9982E-05 0.781426 0.00250136 0.0761025 9.9982E-05 0.13977
0.0876427 0.850737 0.0204351 0.00206651 0.0390183 9.9991E-05
0.0380351 0.793778 9.9982E-05 9.9982E-05 0.116591 0.0513965
0.0757646 0.80742 9.9982E-05 9.9982E-05 0.0992059 0.0174095
0.106684 0.798688 0.00422998 9.9982E-05 9.9982E-05 0.0901976
0.100289 0.763498 0.04352 0.0695417 0.0184559 0.00469505
0.0472574 0.751299 0.0106501 0.0683197 0.049943 0.0725312
9.9991E-05 0.741657 0.0244331 0.192592 0.00252363 0.038695
9.9982E-05 0.849134 0.0238891 0.0753886 9.9982E-05 0.0513884
0.137345 0.801813 0.00194674 9.9991E-05 0.0554184 0.00337684
9.9973E-05 0.877857 0.0270295 9.9973E-05 0.0948137 9.9973E-05
0.0225716 0.800074 0.00926802 9.9991E-05 0.107908 0.0600778
0.791957 0.0794497 9.9982E-05 9.9982E-05 0.111142 0.0172519
0.773622 9.9973E-05 9.9973E-05 0.212542 0.0135365 9.9973E-05
0.128295 0.782134 9.9973E-05 9.9973E-05 0.0892718 9.9973E-05
0.0401566 0.651556 0.0237252 0.143173 0.141288 9.9991E-05
0.181986 0.80778 9.9973E-05 9.9973E-05 9.9973E-05 0.00993384
0.719273 0.0650751 9.9982E-05 0.201621 0.0138313 9.9982E-05
0.0651489 9.9973E-05 0.0216118 9.9973E-05 0.912939 9.9973E-05
9.9991E-05 0.00876155 0.0391304 0.104839 0.635207 0.211962
0.136552 0.0194305 9.9982E-05 9.9982E-05 0.409914 0.433904
0.0814853 9.9982E-05 9.9982E-05 0.243644 0.139143 0.535527
0.150888 0.00138066 0.00729823 0.102916 9.9991E-05 0.737417
0.0125399 0.0681537 9.9982E-05 0.106626 9.9982E-05 0.81248
0.0495196 9.9991E-05 0.0182382 0.187919 0.102441 0.641782
0.117622 9.9991E-05 0.0111959 0.171931 0.0226922 0.676459
0.0758421 0.0779611 0.0488386 0.117179 9.9991E-05 0.680079
9.9982E-05 0.0636777 0.0661816 0.152609 9.9982E-05 0.717332
9.9982E-05 0.0844775 0.00035157 9.9982E-05 0.855704 0.0592671
9.9982E-05 0.0788567 0.0506821 9.9982E-05 0.846876 0.023385
0.05834 0.0412127 0.0287265 0.231323 0.640298 9.9991E-05
0.274402 9.99641E-05 9.99641E-05 9.99641E-05 0.725198 9.99641E-05
0.177551 9.9982E-05 0.0204086 0.122312 0.679529 9.9982E-05
0.323264 9.9982E-05 0.00490846 0.111452 0.560176 9.9982E-05
0.104458 9.9991E-05 0.000826636 0.71752 0.0736718 0.103423
0.0660416 0.0320306 9.9982E-05 0.806093 9.9982E-05 0.0956349
9.9973E-05 0.00315116 0.0402924 0.956257 9.9973E-05 9.9973E-05
0.16572 9.9982E-05 9.9982E-05 0.713589 0.0351616 0.0853291
0.0207484 0.0356612 0.0216011 0.799671 0.0203133 0.102005
0.0253622 0.0811422 0.143938 0.185891 9.9991E-05 0.563566
0.108316 0.745996 0.00482881 0.08616 9.9991E-05 0.0545988
0.0353569 0.775715 0.0345103 0.0469069 9.9991E-05 0.107411
0.0375495 0.860564 0.00854435 0.0763109 9.9991E-05 0.0169315
0.161873 0.680637 0.00618139 9.9982E-05 0.151109 9.9982E-05
9.9982E-05 0.747583 0.0203204 9.9982E-05 0.196402 0.0354944
0.162193 0.0634935 0.0459098 0.402624 0.105092 0.220687
0.0673946 9.9991E-05 0.0176559 0.502077 0.169743 0.243029
9.9982E-05 9.9982E-05 0.0607188 0.884606 0.030666 0.023809
0.0681795 0.00872628 0.0563596 0.422284 0.218705 0.225746
