0.802666 0.0353302 0.162004
0.849266 9.9991E-05 0.150634
0.753741 9.9991E-05 0.246159
0.946358 0.00453527 0.0491071
0.856712 0.0316695 0.111618
0.973195 0.0267052 9.9991E-05
0.912112 0.014164 0.0737241
0.970992 9.9991E-05 0.0289078
0.740659 0.0697293 0.189611
0.71977 0.0617464 0.218484
0.70199 0.206864 0.091146
0.660836 0.0458891 0.293275
0.59791 0.321152 0.080938
0.708824 0.0724431 0.218733
0.682247 0.0700778 0.247675
0.826355 0.00461427 0.169031
0.787414 9.9991E-05 0.212486
0.868009 9.9991E-05 0.131891
0.19816 0.173903 0.627937
0.191174 0.0114419 0.797384
0.253912 0.00623923 0.739849
0.0496223 0.0469853 0.903392
9.9991E-05 0.0480711 0.951829
0.142817 0.0410063 0.816177
0.302375 9.9991E-05 0.697525
0.0222187 9.9991E-05 0.977681
9.9991E-05 0.0571153 0.942785
9.9991E-05 0.0802898 0.91961
9.9991E-05 0.00846164 0.991438
0.00359651 0.066206 0.930197
9.9991E-05 0.0122095 0.987691
0.0483958 0.0507733 0.900831
0.0662344 9.9991E-05 0.933666
0.692436 0.0588153 0.248749
0.69475 9.9991E-05 0.30515
0.732974 0.0610852 0.205941
0.805448 0.0538875 0.140665
0.717397 0.126318 0.156286
9.9991E-05 0.392401 0.607499
0.0575078 0.0920832 0.850409
0.74095 0.0757798 0.18327
0.772619 9.9991E-05 0.227281
0.524447 0.180226 0.295326
0.434816 0.326837 0.238347
0.674713 0.313647 0.0116399
9.9991E-05 0.405282 0.594618
0.63045 0.103712 0.265837
0.574949 0.283856 0.141195
0.453218 0.158227 0.388555
0.142291 0.850549 0.00715999
0.0815934 0.918307 9.9991E-05
0.105391 0.858319 0.0362895
0.114811 0.872318 0.0128711
9.9991E-05 0.923874 0.0760257
9.9991E-05 0.902797 0.0971029
0.24826 0.75164 9.9991E-05
0.0908264 0.909074 9.9991E-05
9.9991E-05 0.920952 0.0789477
0.130571 0.869329 9.9991E-05
0.262121 0.737779 9.9991E-05
9.9991E-05 0.914814 0.0850857
0.178636 0.807424 0.0139398
0.315322 0.577841 0.106837
0.143051 0.0191571 0.837792
0.125164 0.0494425 0.825393
0.0851209 9.9991E-05 0.914779
0.192412 0.798058 0.00952958
0.230329 0.723621 0.0460495
0.0931353 0.847425 0.0594399
0.0754805 0.840322 0.0841976
0.0676167 0.897959 0.0344243
0.654536 0.345364 9.9991E-05
0.66976 0.32507 0.00517061
0.65184 0.34806 9.9991E-05
0.570964 0.372138 0.0568977
0.548669 0.275812 0.175518
0.499373 0.343378 0.157249
0.566443 0.26431 0.169247
0.23453 0.76537 9.9991E-05
0.211453 0.608556 0.179991
0.0283069 0.844261 0.127432
0.002031 0.866578 0.131391
0.210176 0.789724 9.9991E-05
0.138636 0.0565972 0.804767
0.399504 0.471238 0.129258
0.59809 0.40181 9.9991E-05
9.9991E-05 0.3966 0.6033
0.816358 9.9991E-05 0.183542
0.839432 9.9991E-05 0.160468
0.782729 0.0503743 0.166896
0.487826 0.148889 0.363285
0.824184 0.0539872 0.121829
0.497867 0.426289 0.0758443
0.304565 0.0714836 0.623952
0.474233 0.464311 0.0614562
0.489936 0.146242 0.363822
0.769178 9.9991E-05 0.230722
0.818431 0.0311541 0.150415
0.827845 9.9991E-05 0.172055
0.839478 0.107926 0.0525958
0.887987 0.0165543 0.0954587
0.835329 9.9991E-05 0.164571
0.413209 0.42559 0.161202
0.428467 0.402776 0.168757
0.480321 0.474454 0.0452256
0.620667 0.116961 0.262373
0.606956 0.233943 0.159101
0.49867 0.0703274 0.431002
0.155867 0.844033 9.9991E-05
0.0672129 0.84197 0.0908166
0.406638 0.389315 0.204046
0.551654 0.320422 0.127924
0.346078 0.299527 0.354395
0.100444 0.0317807 0.867775
0.0576142 0.851267 0.0911185
0.183359 0.816541 9.9991E-05
0.365181 0.634719 9.9991E-05
0.381022 0.0596132 0.559365
0.673844 0.00817607 0.317979
0.917805 0.0511962 0.0309983
0.822414 0.0527305 0.124855
0.515407 9.9991E-05 0.484493
0.846069 9.9991E-05 0.153831
0.884965 9.9991E-05 0.114935
0.919098 0.0317668 0.0491356
0.606174 0.00884298 0.384983
0.829186 9.9991E-05 0.170714
0.788832 9.9991E-05 0.211068
0.885974 9.9991E-05 0.113926
0.591397 0.088894 0.319709
0.84378 0.0620618 0.0941587
0.703086 0.0528302 0.244084
0.882102 9.9991E-05 0.117798
0.0277895 9.9991E-05 0.972111
0.0691427 9.9991E-05 0.930757
9.999E-05 9.999E-05 0.9998
0.140803 0.0675657 0.791631
0.0799905 0.0298134 0.890196
0.883321 0.116579 9.9991E-05
0.820093 9.9991E-05 0.179807
9.999E-05 0.9998 9.999E-05
0.0340882 0.903578 0.0623334
0.0328411 0.941372 0.025787
0.210533 0.73098 0.0584877
0.0284523 0.960931 0.0106162
9.9991E-05 0.842673 0.157227
0.0274712 0.972429 9.9991E-05
9.9991E-05 0.951462 0.0484378
9.9991E-05 0.943244 0.0566564
9.9991E-05 0.929341 0.0705591
0.054191 0.941799 0.00401009
0.0479831 0.878992 0.073025
0.136142 0.825814 0.0380441
9.9991E-05 0.915181 0.084719
0.0729757 0.926924 9.9991E-05
0.0424278 0.957472 9.9991E-05
9.9991E-05 0.934316 0.0655842
0.552077 0.378092 0.0698302
0.667174 0.250697 0.0821283
0.0363964 0.963504 9.9991E-05
0.23628 0.758687 0.00503317
9.9991E-05 0.964249 0.0356505
0.626755 0.373145 9.9991E-05
0.886161 9.9991E-05 0.113739
0.7502 9.9991E-05 0.2497
0.504082 0.0535358 0.442382
0.336456 0.00241699 0.661127
0.0391764 0.0526941 0.908129
0.0105295 0.0700657 0.919405
0.134619 9.9991E-05 0.865281
0.0910092 0.0649238 0.844067
0.0489318 0.116292 0.834776
0.0647172 0.055757 0.879526
0.79473 0.0168966 0.188373
0.811517 0.0849525 0.103531
0.950553 0.0493474 9.9991E-05
0.949797 0.0501031 9.9991E-05
0.9998 9.999E-05 9.999E-05
0.876705 0.084253 0.0390422
0.736969 0.00733392 0.255697
0.703429 0.0683207 0.228251
0.835156 0.0359003 0.128944
0.719257 0.0802867 0.200456
0.793851 0.0337719 0.172377
9.9991E-05 0.162881 0.837019
0.141941 0.857959 9.9991E-05
0.00116433 0.870905 0.127931
9.9991E-05 0.960714 0.039186
0.15921 0.817805 0.0229854
9.9991E-05 0.871114 0.128786
0.523673 0.144782 0.331545
0.631565 0.0278058 0.340629
0.764733 0.00967721 0.22559
0.671366 0.0126464 0.315987
