IBR/IBR_outputs/all.combrep_1/EucDistWater_Total.PersistForestCover_Total.Silt_Total.WeatheringIndex_Total/EucDistWater_Total.PersistForestCover_Total.Silt_Total.WeatheringIndex_Total.asc
NCOLS 160 
NROWS 95 
XLLCORNER 210004.651214014 
YLLCORNER 7350008.22228844 
CELLSIZE 4999.99999999997 
NODATA_value -9999 
[rows 21 to 41 of 95, columns 92 to 137 of 160]
9.61407878578557 6.37647058485446 5.38327984513777 5.30943246900631 10.9518473006001 15.4383066370689 15.3599219482999 13.5602427306959 9.57414014591069 5.54427675591081 6.16056908789882 9.67434117291629 8.22708120724114 4.98127131047378 5.1964952492706 7.12241243980128 8.66062553247396 7.78628907885419 9.246492467282 4.64990607870043 4.197970700139 6.644778457702 9.08008033862324 7.34522208418789 4.98018462925446 4.84804701016045 5.4845338521547 4.59056731311105 4.62962260562309 4.29855211940608 3.62569278682563 6.05687101912849 6.55320392055348 6.87427116854608 7.32905274583622 6.00305057996346 5.57276104784186 6.55981623347292 8.39221732905811 7.05369282904651 7.49084735280214 9.57767434944163 10.603769658321 11.9036030425871 13.8456352256523 16.1485326086841
8.25659035947101 4.98741697518576 4.62724818523319 6.11576540893153 12.1804809651949 13.9368918904467 16.0226430088227 14.7366138396867 11.2735065925647 7.98311915859103 7.85242936494659 7.32649419398095 4.7924088230783 5.03154712153765 5.04495932036996 6.55695342324903 9.2086201512662 9.83596074058595 8.41569048086076 5.32330337271474 3.86654787604219 5.4076946731879 8.32921093386355 9.85805526551506 8.95141451591143 7.38101292454194 7.17235210906333 7.63696384781184 7.19939236140799 7.25374201360692 5.98676401135232 4.47021160945113 6.64835634587255 7.50649303051428 7.41756883064733 6.63607052879187 5.41044307061983 4.57745021534477 6.07995637234434 4.49593652961339 7.00794375361652 7.23141676382915 7.33166437549025 8.80362196114686 11.1473409633285 13.3368286308548
6.94457054273984 7.20677480290649 6.0152736373248 5.66495288302992 11.0054180237515 12.3544051044368 16.538937369336 16.6206367218573 13.8407932205598 12.279131766532 10.528568908397 8.01703073949013 6.08386356599543 6.7599352056162 5.15991289149474 6.00858667019113 9.53692053065619 12.247031421818 10.806231551186 6.80419575197641 4.22091872398921 4.69223837500163 6.2674384729323 8.68596298553364 10.0531000116837 6.27257131497359 6.10355172899165 8.17905926383892 9.11161028486434 9.79833444326681 8.84632132916331 7.17206415048956 6.46378010907345 6.02163180284774 5.34935735548908 5.02928901467124 5.70152343353779 4.55412880123765 4.41899360785804 4.4385262253025 4.96758187848435 7.75337434711298 10.4847232584858 8.75941460855474 9.21901706628454 10.3323817291166
5.17813060757274 5.26063495526411 10.7676851247638 8.72031767079394 10.1521500428316 13.8279318394704 15.5914502881121 16.4263502934323 13.4339090426001 10.0841042065496 7.14108369369271 6.33810925123265 5.96206456792373 5.99732057939261 4.59362939363151 5.81756430438512 9.82718656767507 13.1269298078921 12.2386331677122 8.2882672435185 4.81435098136625 4.55302477903228 4.62281178327251 6.66667193796844 8.2937487788879 6.19030450468144 6.35913713544294 5.35999307379928 6.25879532066384 7.26690378585157 10.22356531283 11.1363378625468 6.67054656203244 9.32653897244528 7.54075602604647 5.87917335362719 8.12800709295703 9.08213900921801 6.88395869325605 5.29858536681443 4.27912262773727 6.26105470021787 7.59109891712663 13.9064632178017 11.3154927845413 8.18207905419375
7.26118435658694 6.11297467512276 6.44882142253709 6.83038641422924 8.48721046452551 11.3302789093271 12.7211708648622 13.9595660388287 13.0739315930927 8.50941814226736 4.49049746011542 4.61395248527489 3.93641638970147 5.3220002630418 4.430476851036 6.26033471732969 10.3140297878695 7.69887094985307 8.7239696534792 11.9065440231927 4.99400937654556 4.75829626341026 5.53162576437371 5.98725340015784 5.21628036511967 7.53705424243751 8.37367200856581 6.49586869409611 4.7239650236835 6.61995251301238 8.28934715049246 8.18538969211833 6.28780756983784 8.1761617231494 6.93137247926307 5.51675562449719 8.62946891652371 7.26758309888336 7.15061708857899 9.07841923400269 7.58312715479362 4.89608300969762 9.21769410094231 8.38041039390191 7.68292580247493 11.7919650574405
10.0563790699465 10.3452665504091 7.64970808150793 5.37117698644006 8.18547248704508 9.32805985073269 10.2218048783924 12.1055752133757 12.0554005822019 9.76037068388201 6.65678682954155 5.93381266902468 4.75068105619528 4.68408589600399 4.47798488497056 7.58082535882397 11.4050397607683 9.4560603334025 8.81548544931647 10.7551777792902 7.09818434222718 6.93462222771464 9.71996355900612 4.71671465505131 5.03764348614713 6.97134093531376 9.77475380878329 8.16500653289402 4.41807050750057 4.47169762176729 5.80690102691922 5.69530348163369 5.16635159234506 6.46723443203406 5.93298988054455 5.17193344806119 7.71689811743238 7.52676056087118 5.56090165727759 9.4858201639252 9.66120607881044 6.83450026919526 5.23044679120837 10.2496879634188 6.72144533194355 4.41991527967536
8.34594435162269 11.857581221699 10.1567535660162 6.62412444044364 6.54684860718819 6.83411298349189 8.4301263901619 12.188640586942 9.72115885129152 9.14152819004998 8.11047299442407 8.14988114448798 8.53748796667698 6.64268029618046 4.58639265463679 10.1549648773084 10.276715568795 9.31075587489888 8.96422386012765 9.01313492405712 6.82367032585164 7.12905063979084 7.12364052779832 5.09722282020134 4.32796489770873 6.74187120553952 9.77456623704674 9.78846204155859 8.33328557523993 7.59000457066132 5.89095382077285 6.92112399814785 5.77271684794835 5.1325810460836 6.29243559903865 4.73259754822985 5.04301726247574 7.24953695665147 4.48574159600767 8.32728490750932 11.542235609568 7.88648967223892 5.04499337593565 9.05193812848326 10.3617953482242 7.37479107308885
6.44621433499805 9.90131577442853 11.720767407025 9.01584048037519 7.84881489399648 8.06701062268692 5.60582353289896 7.54285242604236 6.75428095598569 5.83763403319412 5.48226627577176 9.60760707331986 10.4924035234276 6.24183950508704 4.25543369309728 6.34915874794344 7.74262132984778 9.36998526761299 7.65467775926185 7.51519704949936 5.95216662320126 6.45091837098901 7.09391116108483 7.11204426055541 5.77556806376647 5.28159859561348 8.82064527855844 12.4284560365352 12.3069197264398 9.56529325466694 6.96319842188329 6.99126796744336 5.41654147596762 8.9407142726795 4.61524053085861 5.17698199639424 6.49375810388785 6.75101921022879 5.6823611808021 7.4984363675215 9.76914084300576 6.60558726940919 4.47581921069746 10.6021716037406 10.4849507672421 8.40818177141786
3.98332828980302 5.46607108410774 7.51369250221183 8.56835681570491 9.51155740748366 6.79391569457641 6.35791076244027 4.76334799739587 5.77767264390423 14.382884062837 12.153072215195 10.6955815652962 10.2311141337171 9.29095892686574 5.25243124724052 6.77288864151169 5.34795955308933 7.07229823272139 7.76837294375234 6.60610271785128 6.9516485088569 6.19027233309085 6.73006292659271 5.04662686165988 6.57367606880664 4.67530216263255 7.72775256791593 9.48015334958586 9.19922039640802 7.34205730878088 5.57699579564577 5.31385699312223 5.25571820858238 5.09350836541397 4.35292484006863 4.687440986809 6.76452728118475 8.66597533940232 8.33634079336032 8.69398942946921 6.55576868110495 4.90598193036228 4.20999739389264 10.0664002988044 10.2556720391178 8.53188969915727
6.30329037532149 4.11018044562113 3.64906076970472 4.42403241014045 7.59079747531744 9.04886390252504 9.90678298419047 7.53167113679945 7.66735064306199 9.36671929356261 12.7826269434798 18.7553830006753 10.1943691385544 10.4166323112738 7.37283306872338 9.33586103424677 7.12664607777377 5.80992484056497 6.02029256802775 8.00358893758828 7.11862509174295 6.23244062247798 5.56059131969345 5.50114398550877 7.94576211578203 4.2839218375428 10.256283472188 12.1415454316603 10.791295770874 7.15171366689737 7.43180896341318 8.7611089388475 3.62915410231619 3.88377311056269 3.26929280126847 7.86558512694966 5.0784418979384 6.18379100636717 6.27716267464203 7.26284393997291 4.51470030046075 3.09152328131062 5.1710774431297 5.71285629916804 7.62045388077481 8.43908083280965
8.39166186340166 5.38700203872369 4.02010439107199 7.86679314897006 14.8798837297074 8.30973087834867 10.467569139921 11.0607203184077 10.1009766946895 10.5747562588981 10.0424800195009 11.7130639032462 7.17326003813184 6.79815712142415 7.56712351509567 9.67800236767521 7.86480593164163 6.27373221337087 5.83389147281382 5.79913042073218 6.46401204976155 6.01383867781811 5.93508367359833 6.2508660038635 7.28964515413883 3.82350481364409 5.44966486238601 5.79830048913863 6.47264673939029 6.57966388263266 6.49646924355755 7.14870717524667 7.98259288832836 7.47506834956432 3.3795054114432 6.49881790403696 5.15355838439207 4.89319104581407 5.71708582784537 4.58408778192514 2.43296643521528 4.20459135947147 7.14328908385259 6.21073388773665 7.12910591685137 9.12955175377123
9.32305455015151 7.69673082350468 5.24793998068 4.86474068879791 14.4921141578455 9.10089737004792 7.0918220852265 8.41447588618667 7.27713783805347 7.03649522908573 7.03459873292007 7.59026240344328 7.58206069925625 7.1942774356181 5.33098532745241 6.81811193024908 8.13367206669628 5.6523620170981 6.25269146264831 5.34299268254545 6.20291500250419 5.82273158477707 5.23045959586013 8.31886149486313 6.21429548610204 3.12371755491344 8.6968773096782 14.6583699560785 7.7067829481093 5.6426026055596 4.79730368346976 5.72968955571219 6.10695948283252 7.65812267278134 4.17803732071366 5.25367407797234 5.69069152994535 4.45190565087786 8.09828004203533 6.51326766058694 4.27111275667391 5.25792731626814 8.17855830899333 9.42674119803317 9.93197792538526 7.97886862884458
7.2213192330722 7.16094107821873 7.46939211927511 4.91700219108113 9.54061542788991 8.41719455171744 7.04484006458734 7.78351742823566 6.12205850835553 5.97944834247507 7.13942515815657 6.77411739703867 7.47113389055478 6.54834059912698 6.10413469338061 6.83506889561314 6.76003554576002 7.02366751912061 5.36905282762809 6.02937812348403 6.61760019490121 6.56474555668634 4.40239697657383 5.07692484603493 3.98978335871287 3.20395731948524 3.91408930190001 4.07702479646834 6.55870448971201 5.23760307473006 6.06482062253584 5.06612402160518 5.01027232545064 6.72413734563015 8.45565163971315 5.98194340647822 7.73010993643075 7.29576281696033 5.73873802295276 5.34799011236816 5.92969504500265 4.54488085188464 6.78751702030228 7.39155801820499 8.68845511839397 7.1424966734449
8.89167193738564 6.18124437751994 10.2571570359287 8.44129108273884 4.97347182657933 7.38071339697196 6.63309011289498 7.65182896547488 7.79454781737408 6.72700655087587 10.7816212568505 14.6556981498235 6.61854489404035 5.952292522999 6.0085896309104 7.23688471792248 6.70447450543217 5.85072391171531 5.16008319710947 6.91517889747265 7.23623652733478 5.78874463166285 5.35695455553854 6.22321634898876 5.30857778533131 5.39940820473066 4.88200450068833 5.17506263258461 3.37433824559261 4.28677692635126 7.12186343124811 6.19363875643129 6.34981392093988 6.5098233458217 8.08680425601902 4.34132427519017 7.83608584610964 7.49974169549453 4.64216245902858 4.90830913536626 7.74134863906234 6.44576876209036 5.43769786706392 3.83382170681398 5.41352240559879 7.6451621884026
13.2653317734991 7.21563635816174 12.3997341041267 13.3591563162053 5.65277955996133 7.50865737783833 6.39454488660084 8.24738631160271 6.82249130307447 6.61415509471082 10.7784628047595 12.5740110374632 6.14625960277039 5.92711614728277 6.93704993506765 8.36730148479496 8.37258033985343 7.29048234193286 6.4743675278209 6.83317795802803 4.63044186040598 4.94498746410121 5.70785863656277 8.8870272648856 5.07479687595774 5.67447050900251 3.79077888836499 4.31662291229227 4.8630805889049 4.4762494357525 5.34902581789934 7.31658489077059 9.14974700520647 7.737889659751 6.89959755620918 5.30398037653908 4.4440137173567 5.18970982948959 4.50735883523381 7.19153854421318 6.59005571665216 8.79499539851174 6.03379582259955 3.45132196374107 4.65388491634166 4.77729078583836
19.77730499763 10.4118081783533 10.0113888950206 20.1514353090592 6.379621666654 4.9422626213578 5.9379204967545 6.73202231336279 7.51056276850073 6.40458955322134 13.7746843364502 7.85804123363739 6.9322688936536 6.35814781674081 6.01864323879858 6.51262870868113 6.99495413593954 5.1183934001899 5.96366204272955 4.86195868193712 5.95914242932216 6.55827669753096 4.37480585287001 5.65010838670811 7.71759294118108 6.40546344709444 3.47253645886657 3.94272274513302 4.76306790819096 3.95937166157319 5.24339747717751 7.72700742477119 7.1770037303501 6.88534231052889 4.88433227079165 5.59351584754686 5.39137267062002 4.37593093723967 5.58791993250785 7.77221819395394 5.07737540483738 7.85662581545298 6.83331560188007 3.96187466331979 4.99777119137276 3.05235811585194
29.4139294265322 25.0590207914802 20.5003328693305 19.422895179642 19.0124508595921 5.26012750393697 5.84754508299743 7.07481446681333 8.35888049079657 7.6015957673814 9.77916943922919 9.29064807281713 7.97414093668977 6.5628067848637 4.24575700825343 4.367433656406 4.31176576127921 5.35869975009211 5.87934408886059 6.07129907912739 5.80909244805719 7.36718456486166 5.74778426488501 5.87406900076085 5.35261303688474 6.97798482477778 6.37640907310023 4.85888152102211 4.70607435190759 4.10415513067942 6.20182461662125 7.21313408734185 4.1226521769787 4.93461250541458 5.2152384101043 3.46483644198097 4.68353194237502 4.96702863327793 4.68452253489042 8.18996257701318 6.65023399602921 5.57869064575258 5.85022229546841 4.87849511779387 4.58582885418959 4.42096964719759
29.3061050494294 26.5722320978183 32.1900295512398 23.818342500204 19.6142189519519 13.5122188888311 6.15281386577443 5.43573202945279 8.52672832982081 10.7467649679617 7.98882459027712 6.05798945018588 5.79927650067876 5.20197853713478 4.96096082140166 3.86690911696986 3.69510392157434 4.00790293068901 5.81866515718544 6.62298574947611 5.26353692586585 7.29757423529022 5.15027850806727 5.15201928436638 4.64871322184525 5.50367792560567 9.48345672842617 6.14118808958995 3.94607818021432 4.73062105446575 5.39572441635212 7.63360151454276 5.87234505852473 7.1552556460593 4.72332806590736 4.6824261814789 7.32322322311247 6.24038801078843 6.01563318403069 8.29701922692381 5.93509179574465 3.77279777568987 3.8660308488381 4.3898045118978 3.61623452137673 6.13911805296427
22.8556450626141 21.7222131212551 18.6457567290183 18.9569841057433 16.4162250053941 12.8213509868444 10.1223508667462 6.21322787441407 6.68687894920532 9.94458289269655 7.96414772143921 6.2950451011543 5.70122426801584 4.83164141786998 4.25735612536672 9.86164575259512 13.9975966378216 9.89975485380745 4.52508010318128 6.17611251869456 6.12014942273872 5.96282426036931 3.72805696988928 3.05143376665402 4.88116198214359 7.14569932192873 10.6376520522166 9.92944910553678 5.64255688951668 4.51836475803537 4.46684428066076 6.70430093417539 7.85893159942829 4.69712811218425 4.55407070132841 5.20568386142258 5.02532693872928 4.36786312710328 6.17019373873537 5.61653797480982 6.57439872297652 6.72038573298619 5.76903737370418 4.27679634660405 5.60593615919135 5.17878991128097
10.1446523531549 9.17321176708979 6.91084914686721 7.17080414502013 10.2808470086558 12.0537632380711 14.5814112915244 10.2304363487959 4.55915939232004 7.66049940753279 7.03535817720595 5.71801937496327 6.03257321625557 6.80656254573923 5.69517469398747 11.4021008196272 11.1172017044548 12.9707222525838 11.797703129893 6.09803131268244 8.69138595610324 7.92173262898956 4.02181999756934 4.38267326091552 3.79017875426992 7.06478364379604 9.93223575498929 10.5544038541035 10.7892608675698 4.19686459519457 5.95348208013684 5.11779549288543 4.90456316357337 4.91664360359339 4.98610585108152 4.27014381600628 4.87347724529742 6.21429254097379 3.3712359645425 4.47368418546943 6.79603959047058 10.4481727979878 6.84622964516587 4.68023030465606 6.00852397042758 6.83980237785599
6.96535185537396 8.7220446669134 5.65254994898917 4.25131141728936 8.83731207398429 11.9856223441671 15.0615947575403 12.569303460232 5.14752167694211 5.16954754191935 5.46331286873089 6.35118918853954 4.42162047881398 6.43605225890074 4.6912573494347 12.4122319917925 9.02707573505242 16.2162177388936 13.0084441624699 12.4893731872732 6.9539914389614 6.00654282328476 5.34619267132198 7.02973388014983 7.06381326426383 5.07688085938407 7.82083044922723 9.87556972929806 9.3177396699153 7.60186290039142 6.79519873458872 5.40645419522742 6.77988930226833 6.23888210810678 5.06866313351308 5.30801193001204 7.20778118670214 5.6878125347925 3.76085773639611 4.11566865533119 6.0472496021295 12.7523732026657 9.20851570218965 6.95738935447021 9.82838353393572 8.62758941282141
