IBR/IBR_outputs/all.combrep_1/EucDistWater_Total.PersistForestCover_Total.Silt_Total.WeatheringIndex_Total/EucDistWater_Total.PersistForestCover_Total.Silt_Total.WeatheringIndex_Total.asc
NCOLS 160 
NROWS 95 
XLLCORNER 210004.651214014 
YLLCORNER 7350008.22228844 
CELLSIZE 4999.99999999997 
NODATA_value -9999 
[rows 63 to 83 of 95, columns 0 to 45 of 160]
-9999 9.96333594667741 9.01737284502362 7.88718289179237 8.63261918049175 9.79277222921739 12.3566672132089 15.2217003096207 16.4007389457452 13.5434836306007 10.1092352842423 6.45257854353736 5.54062105024282 6.0387085304979 14.0551132329294 33.1040163270671 60.6991090043063 53.4639511325082 65.4616722911876 72.6121368397433 49.7727507233629 16.8684958361895 4.47583015923476 6.03479125945128 9.58967485787991 9.30993598921147 8.34577165486171 5.86444021210303 4.3477799041448 5.9505095569801 6.53593537012877 7.20178119068306 14.0988700801629 10.2623628506231 8.22986293314603 5.70324618683191 5.06093895122216 5.83363773225943 8.84081059250822 11.4619297704148 10.7726694293224 8.82909556790435 6.70708666926091 7.12318895485451 10.2876191294093 9.13499763820003
-9999 12.259743855057 10.8795626500979 6.31237849402963 4.93920841982519 6.83179119799188 10.1509860462829 13.7803227094115 16.5589287890112 14.7142987060651 11.3326244169861 8.53348133161876 7.25772038365959 7.9304625727531 8.62154169435646 9.79876170163776 14.9016620567046 23.3647030650773 39.3706147043055 35.7241385205287 16.698678182354 10.9909740901251 12.1949362821316 7.07517831901317 4.62267176138082 4.84301113995471 8.16323807232678 5.18857656788647 4.13170521825154 5.91802288905289 6.66288817559772 6.61467448077796 6.4611876526918 5.40388656681011 4.80430787847688 3.98358968005545 3.59530697780208 4.18857953593577 7.27564318104893 12.866350124269 13.949028060221 12.9319702998453 12.5995949685327 11.9539191667215 12.1041604921566 8.82769013508759
-9999 12.8929619643968 10.0174920251137 4.48012315839148 2.44387443433716 5.62328130736121 9.42340296681016 13.2230658833319 17.0661805160907 16.5985884606728 13.9209520039227 11.9723512195659 10.6832430119199 8.46266715556954 5.38540198136782 4.60215000886704 6.90093801369055 10.4982296877167 14.1389936299189 15.1202824216134 13.2087489465441 11.9972591913229 9.08445323423241 6.16836249647188 5.49334385621668 7.73520732231642 13.2982908426266 12.3731740378123 8.27899912811753 3.78318567593149 4.29295936784662 4.92516576803487 4.4765292356642 4.28777477814775 4.84063884993387 7.22231680672152 4.92221685138737 3.97904104066732 5.68731427212902 10.5896286205077 13.0996302232534 14.9010404632708 12.1509325990468 10.23817660332 8.72699867094905 9.765780015237
-9999 13.0548894032083 10.5038648512364 5.9772003583748 4.93959906344614 7.14572439600365 10.445345461883 14.2953419178524 17.630231242432 18.7093305151641 16.8587127741755 14.5486260574681 11.2181039812034 7.32072945894404 3.74341188342106 2.84548052024877 6.23892159557127 9.99437393611504 13.8853309932289 16.4726343436989 15.0481244648457 12.9539705367546 8.75373088858165 5.87094656280432 5.2403672035784 8.14157792932161 11.7627980239692 13.6604167082749 10.1689472911877 4.31280840579178 3.08597166688251 3.15780016170765 5.01380950517293 6.18618093726654 8.75120248066135 13.0592360956383 7.25821035107361 5.99310421393244 4.59605152397903 6.19123002233698 9.45290884181976 11.0782210509372 10.5264983844868 10.3082615636363 9.223779675179 8.85386045656126
-9999 15.8449011712009 13.104000890826 9.87131202935245 8.85849747275704 10.6311380820041 12.8935439645297 15.9173649051963 18.6766444646724 20.5683924620391 18.0615636416144 14.6359541726832 10.7690070584146 6.79016518330706 2.88322552821806 2.83697299432913 6.15669132838381 9.79913543105275 13.1109137864515 16.2493255470238 16.1061044473475 12.7874951171298 9.8846671613895 5.70921706344185 4.24698208101717 5.06943813615295 7.39147625737994 11.3612092096803 10.9022796382617 6.62905717194137 4.69484195495944 3.77275146240058 5.43884719996365 6.32721488006691 10.150807897199 12.7138632308201 10.6463561677774 8.85842855394213 8.64948438889907 5.11747738431222 6.40182904070778 7.51382184600557 7.74036481413054 9.59181553115403 9.63557004032999 11.3508138350661
-9999 18.9761683223113 16.530612472038 14.0759587171261 12.9483843812834 13.9268586979495 15.5041714030547 17.6578652546293 20.3350067501968 21.4253996076623 18.5704642796559 14.9337170588428 11.4347191754572 7.87850889470508 4.46236101945306 2.12116587151994 4.16584902667936 8.21296775142824 12.0327711935218 16.0199215031515 16.8773430111145 15.2560382201491 12.2143747486159 10.1224948829877 6.36875134454667 3.80116252367533 6.51352320069598 9.62513039974355 10.666531456175 5.52171063913496 5.37652330713619 3.51319618133047 6.47108079930326 10.5555476668064 9.74845617812224 14.1401181589063 17.3948836809609 14.3868597242881 22.9662439250597 7.45182272399681 4.9101484529118 5.65585651341745 7.39190757023555 10.0473390004192 9.54426941990814 9.51588250471435
-9999 20.4082822050824 19.7318594084634 17.0618814679585 16.4075887508062 16.9730062328966 18.2053035710039 20.0168035542827 22.6030453650344 22.5366024605598 19.2441378215235 16.0877492543695 12.9442562362966 9.86492404226712 6.9034134619906 4.06865385864199 3.62706804754528 6.84875070785929 10.7607821013245 14.9260070289506 18.2584306227724 16.2360773663474 12.8624012546722 8.03263519538697 6.28881314537898 5.35869819584808 5.41426650429008 5.25385041804173 9.44438027216014 5.9499623164892 5.50513139784375 3.32295385935798 4.48182370204288 7.85018271191522 12.0491869413757 12.8814196620243 13.8622931952776 18.5727315677974 16.8978763929958 10.563188733788 6.27424009221852 6.53826336065693 5.56237665939703 6.06362756787848 7.512248249438 5.92290418428569
-9999 22.6260439924886 23.0357220402488 20.2919892044904 19.6898211675012 20.4213111549755 21.2513923861693 22.8681219533154 24.6869476859051 23.7560477617273 20.6189098069276 17.5724396080256 14.2489615965699 10.6956271913089 7.00863366145407 3.357297529506 3.04610690821028 7.27014951239005 11.5791276608761 14.5789132093372 17.6600184688439 15.4001846469688 12.4048587031668 7.3692261977257 4.82250748723329 7.06998699447641 4.76643116274277 5.30184259913792 9.83523285120796 9.29232475405175 7.29988462761941 3.21238767203163 4.01026282268068 6.10963755864588 6.90250072994145 8.00900092244549 9.64834673602952 12.1883066832175 19.9951116551508 14.1982660424855 9.50096166549776 8.6581819549485 5.30752687752245 5.96529950172577 8.60033663572591 9.8649262102554
-9999 -9999 24.905541865993 23.5754980655508 22.6399999589533 22.4865404260942 22.6266820815841 22.6564416235583 23.0862761766308 23.6778803931272 21.3002960848226 17.9276505784756 14.4610322547301 10.8420014677334 7.16084620487076 3.50326479390338 3.43869593098838 7.69041446745195 11.9580764916573 14.2515059128833 15.8492143710912 15.5389383244721 12.2698024762559 9.63920309006993 7.52937726688211 9.14068389194376 9.66743705479781 8.86767143937821 9.83613315624624 9.53158173339609 8.76217695906742 4.15294173348175 4.14518724879039 5.13401705018135 5.41828544348566 5.11956056479666 5.97250593664733 9.8971806569754 13.9402261353939 18.8116737198402 15.2667637905157 9.98359903880299 7.14516293228522 5.27015252763276 8.11967359302856 9.03979051561094
-9999 -9999 25.1250071667347 23.5268712846892 21.6329349853775 20.2824565953383 19.5422590896408 19.4262715814487 19.8666436522835 20.8908410350754 21.2970950282236 18.4877489356394 15.0513265449408 11.5936996393575 8.02116616853252 4.59281956291004 2.52168727172104 5.84565584934843 9.81616361889325 10.5173877391178 12.2229256987307 12.6946394163475 10.8094212727828 7.83202503085034 8.49292594898114 10.5005366592787 13.0815014401439 12.0756104284602 9.3440674126664 9.0883789929467 8.54906468347733 4.48324378860071 12.4112685889542 7.03281865684248 9.99512412325889 9.13884919239467 8.25501868882453 6.44078503847461 7.32632008467346 12.2069122363273 15.3418590364008 11.9492910542038 8.40562385059166 5.16705039892201 6.7355326651195 7.13055035456473
-9999 -9999 22.39982098041 20.9217218743002 18.8857761780789 17.1878161248858 16.191481788109 15.9464851461348 16.5520647711404 17.7901811161896 19.4258997282375 19.1832250916937 16.070413709041 12.6699463676083 9.21168538156941 5.87216650308359 2.81281058429568 3.98425971604163 6.42485044980034 6.10565795492547 8.85314395665491 11.0746966339505 10.7804167006085 5.50923047548408 8.86222002006684 11.3856910944707 13.677147313535 9.55917348673452 5.88535659788542 7.54529857347475 8.6681572528995 6.06890203994696 7.20218624665951 4.638896712732 9.31953738093287 9.99852543837772 7.62388752986242 6.86732626134838 3.91526473405182 7.9857577132827 8.22448878322946 8.66515485224913 7.33710800618981 4.55624346635954 7.12799428125102 9.71182235450714
-9999 -9999 -9999 18.6948482665896 16.2477083932947 14.0885591436204 12.6783424417724 12.333151892713 13.1796353921495 14.7400117346995 17.2971347821479 18.9274709461991 17.1724074397818 14.2341253880572 11.0910686785926 8.03645099219958 5.15397664697684 2.78035504636421 3.16956573545857 3.76126784258694 7.00286201855038 9.68071060323442 9.04393436955485 10.5721040103828 10.7711555230648 14.4336854024545 19.4350212501161 14.1402424820347 8.85564666110227 12.8778864995051 9.13978338412446 5.95165187952838 9.23805022295606 7.17248372504963 8.01729509685226 8.37054370263768 6.18760575709197 6.52261888341868 4.44505170372485 7.21479442383991 7.97451162752129 7.34668768687528 8.14195094645773 4.93795077700467 6.07168071437893 7.65036388845688
-9999 -9999 -9999 16.6805394892635 14.6551528986347 11.5146082777891 9.19638197434576 8.61794320214831 9.8675911419808 12.2342574337473 14.9369556182665 16.9223706645198 16.8673188910614 15.9103632124665 13.2182624237169 10.2891953065462 7.15480794516606 3.91983984411449 2.75660946199507 5.92763724213821 5.9929808797661 6.5395886176827 8.98061784256645 10.0952143215942 12.6010717829656 21.1474491104373 23.7012253441544 24.0372633415204 14.5259489296655 13.3548611330047 8.44730911431364 8.00987788891688 10.4332340840803 10.1729217212454 10.4790399054621 8.79850681444309 7.0384314383443 6.14599500156642 5.53714830286812 5.38825582223821 8.27154784401762 8.33993518673701 9.19706445307654 8.25531207799708 4.70987957222378 6.03690241302806
-9999 -9999 -9999 15.5811912419642 13.1438757513124 9.57795143127336 6.28152053480794 5.22576817338929 6.76594670953912 9.88811110076033 13.222350042184 14.0520286664675 13.4184964931657 14.2314771409755 14.3579230468273 12.1495809889707 9.09402012547082 6.15558488585222 3.03061950103686 2.6660310310962 3.07891785465523 3.44480256533571 4.43562299491696 8.64906864435058 12.6852535457999 19.4392101086844 20.6028199626177 15.7989416978006 11.6263214346358 8.52472734853649 10.0541069618067 9.07744386993121 10.5257969788801 8.02650088391117 7.05365486830622 7.08944310705966 6.48833983881629 5.96720314958221 7.48955485351446 8.65889203400923 5.44751673803591 6.86997186865929 6.87309297172125 7.04663651717379 8.72883577555866 5.09997117542984
-9999 -9999 -9999 -9999 11.5335956138563 8.44389189155108 4.81115644445188 2.72217263149386 5.15028405599395 8.96739656045652 11.8240770513371 10.4953444730053 9.65843239517356 10.6850611825502 11.3369347858278 12.2355203738018 11.0963847979381 8.21212942463404 4.84300271160321 2.40456855521142 4.36763002624032 5.10311345302904 6.51025576678445 10.0036543482882 13.181936115116 15.460232979003 15.1163714123078 11.3923760534395 7.99192178963681 8.19921762640103 21.1988653677265 5.02706025740126 8.97399571581565 8.95220907809109 8.67219427607529 8.91877236869224 7.54316828392572 6.21850072327833 6.78660972169347 9.85317764026223 9.19356795227478 8.70427385029205 8.31550914483967 6.27158125751038 10.3667591839125 8.40264538709497
-9999 -9999 -9999 -9999 10.5646690341464 9.06544445692815 6.43224189405901 5.32613983395522 6.91125235775648 9.88286006143208 10.0816942756705 7.18842529407078 6.053197036169 7.12367732266367 7.52657764676708 9.11151870112824 11.4460560092944 9.93677717617807 6.67941595599512 3.89406368375186 3.57292879326609 6.89141755568098 9.520411200465 10.4313424837013 10.0791418729205 11.5021103501254 12.356577024937 14.2145312569643 6.62046507131113 7.31312299968522 20.1169873959534 22.0620820330853 6.47941057785068 10.964031060091 10.1167795351279 8.24405537863211 6.8623741511027 6.49298862565794 6.8195987184708 9.3716550453256 11.2797987023113 11.8176651245507 9.80262063869901 6.56756421032777 9.02070040059794 10.4984898354137
-9999 -9999 -9999 -9999 -9999 6.97254949908392 4.54723906569966 3.80498171852066 7.02280168153264 9.68903494012617 8.13274279930326 5.17489280689833 3.26207627303583 4.09391438103575 3.83251362617507 6.84136466937778 10.4580652187568 11.804300179993 10.2470390978917 8.01241025791817 4.28837561628766 3.73403902270141 5.17949106180813 4.59117108251452 5.51724266581845 7.07817128127212 8.15010244749492 7.1660425681723 7.27444739151014 7.31261768837135 19.596767057573 23.8211202771475 5.13243645474884 8.44304880835535 8.82149147327286 7.89857408708651 8.99549830572584 8.01659950748065 6.36410254741284 9.70447768314559 8.96622968687749 7.70657970715894 10.312066627801 8.67250212681695 8.31185952131493 8.5389379892131
-9999 -9999 -9999 -9999 -9999 -9999 3.74824889621564 4.75810629187546 6.67738952607458 6.63488595871727 5.21661309144253 3.07477015548403 2.41669878253491 3.15171138480011 3.80460032611313 6.91973896273992 10.6697433165251 13.5262053085392 12.7252630835585 11.2743778191954 7.53803304938018 4.20381133009022 2.83907669292041 3.23262145368676 3.31243847525932 3.49048210749478 4.77778117593267 2.98113754637802 4.4578289533876 7.23331182632449 9.91802943005881 9.11928851132761 6.45089681837796 7.02244014374476 7.30708720867897 7.11720607996109 8.95631137509623 7.46411202015509 8.02705308661104 10.1684821927806 7.03984911641309 8.41471352496143 11.7433757377125 10.168683809559 7.16885117987968 5.65425545298842
-9999 -9999 -9999 -9999 -9999 -9999 -9999 6.06520569701549 4.18967984287312 3.05742803365926 3.15710385588713 2.46431355138707 2.50893043728103 2.9367162482156 5.58048143276419 8.81230700929545 10.5148902534911 11.4126912328936 13.0980153862144 12.3532419849686 12.2801989253291 8.96057294485796 7.67612152523305 6.76548109980905 4.4303966270918 3.2452101624278 4.78030313870532 5.54580722514394 4.08352809357914 4.97306998010188 8.11681429951243 9.56713331433526 7.2453011915652 6.96403799201308 8.41405651415249 8.50751622158623 10.1122610302991 8.44815764953382 7.90246813438716 10.3561213797966 8.47869237180377 7.78564066401281 11.9826901884816 8.11218736575353 6.12775667889941 7.60495491318539
-9999 -9999 -9999 -9999 -9999 -9999 -9999 -9999 3.727832224136 4.54263803770067 5.49158104091486 4.5637233204194 2.91429163962902 3.63324620006809 6.19340954818646 8.23798180373524 7.24026892132949 7.92145120896862 10.7858544551444 13.2175445812079 14.8405562936319 15.7979322132508 16.2839360500758 11.2408636913893 7.78576109545166 4.39236674757533 2.954964018326 5.54828425030384 3.86722394305761 5.70383683893353 10.2264545496423 10.5621166493006 6.79486468171127 6.82742908007113 8.81756798443885 8.03739210622824 10.4272033702738 9.51987085605493 7.8327240135039 8.46494732083741 10.9779037251402 10.4645529137675 9.66473668049321 7.12408661497032 6.04255104671658 6.44089274105234
-9999 -9999 -9999 -9999 -9999 -9999 -9999 -9999 -9999 7.83444679037967 8.94706954899005 7.0427915855184 4.55138724186647 3.04984338528606 6.05573699438328 6.30219425935613 3.45556310974455 5.02951284633711 8.39677746077859 12.0546625679287 14.7524644308679 16.2929893123403 20.4358448030443 15.3458295677814 9.13991301164902 7.01658224773518 4.59000379232647 3.77306431115331 4.16074441406195 6.54992967387086 10.4945698333626 13.2716362935064 10.2440700758606 8.58321688506126 9.58216501066577 9.7257509237547 9.19898503624857 7.43969173047946 7.93446173404675 8.65380177527056 10.4466837847766 10.4552305422423 6.98800853692137 6.59944635264225 8.12896466278264 7.15593644704749
