IBR/IBR_outputs/all.combrep_1/EucDistWater_Total.PersistForestCover_Total.Silt_Total.WeatheringIndex_Total/EucDistWater_Total.PersistForestCover_Total.Silt_Total.WeatheringIndex_Total.asc
NCOLS 160 
NROWS 95 
XLLCORNER 210004.651214014 
YLLCORNER 7350008.22228844 
CELLSIZE 4999.99999999997 
NODATA_value -9999 
[rows 63 to 83 of 95, columns 46 to 91 of 160]
9.40808618743667 10.0383015894127 8.76176432275738 7.99470458591357 7.90172025273929 10.9175583634193 12.6411530577017 9.79960968329571 8.64589016022056 9.60309156076922 10.6324205236294 12.8040253875366 15.5078118525989 17.4703317556401 18.4433196756125 19.3566415298549 20.8239733192022 22.4940584569976 22.5898444221468 22.468680755263 17.6974805049603 14.8551835881869 15.2044576741896 10.8916014079132 13.7200873859543 13.2619253372218 15.2396783595015 15.8407121356638 13.7186387903851 13.3464696797788 13.448944625186 11.1348484353403 11.2560858869423 11.7399430155723 14.865054084744 17.8451861869729 18.5931023242999 18.8095345699401 17.8038058050591 17.1273641521389 15.7204635463851 14.7428853625097 11.6482065272682 6.72494522578131 6.30378379989503 6.57465995090913
8.85977194492281 10.3972997660256 8.40130173945528 7.13262484177724 7.78846377218134 9.50626910962865 11.5847439367138 9.05701874914675 10.5008456179049 7.80336119127836 8.61520611188354 10.0977227596801 12.0609282216492 16.5455421340802 19.3347009591313 21.7160730735903 23.048528173842 23.6741644783583 22.13809086089 20.3936565500236 19.0254247649639 17.0070123277902 17.2872472395697 15.5430579742587 14.0828828585756 12.8048185285297 11.6528071394004 15.8028843682259 13.900999641149 9.61845801079706 8.59028720799851 11.1994519284738 8.61141568373316 13.6859263391154 17.2025390243661 19.0153606340769 20.4921996568535 19.2081752879556 19.2360794931483 19.3323009025052 19.1922955771347 15.4326357594279 11.565819378689 7.59322540200572 8.59706374368602 7.46024061381488
11.9180264762098 11.8930656807819 10.4649446700338 8.31673145817737 7.47438472555505 7.2256256307753 10.2468517840295 7.84320910257093 7.48997769954096 7.54547691343024 6.34274134154429 7.80643865921689 11.492700265333 15.0212768604944 18.7376683450706 21.9051173141859 23.7067214110299 24.3872436658197 19.635409615133 17.4603176518639 16.8049005274693 17.2985411773759 17.9595044114977 16.6822445354869 12.7256779053518 10.4406798106562 7.57037447816433 10.7990166143373 14.4904811936499 10.8852540076304 10.8024467383382 11.9045069015292 14.3346854550078 14.4268386141872 17.465809966345 17.6575075405165 15.7485012598387 15.3603241080398 16.7142450379011 18.6119179690662 19.4069483048687 17.7483393279159 14.2730378962436 13.6707744721704 12.6365253107816 11.0058121004154
8.00451431388405 9.27835534193148 8.58181704838035 7.66424981914957 9.62555042867404 9.26027264150004 11.4611210439904 7.97707007323573 7.86872025053954 14.1841646562887 24.1656960804971 8.51564163831237 12.5088178744539 15.6710754552437 18.7041873306012 21.322601410833 23.0961394125403 21.8357554554518 20.4318942912678 15.1916027369484 12.618458541374 13.0795599062903 14.9928065629682 16.8326067334722 14.192947216313 11.1527349309907 7.93120827585506 9.21523689397533 10.0507038470339 7.25029743833182 10.4234046544115 17.5410988356338 15.0080282909507 16.3417653824659 16.3960005751283 13.2204806090225 12.265226209547 11.4780426999687 11.8649479435402 15.3964644485199 17.7456749334696 19.0121328078127 16.7189126318362 13.6312161510364 12.4236013596695 10.7385834779969
8.09742929283044 8.40122009527461 9.272571720067 8.85186619800396 8.46773853551188 7.7367616988639 10.1961258895918 9.34120783396289 9.58638029723672 8.46546568305152 8.3067070291648 9.74524268724708 13.3234354614304 15.7425314930216 16.0500423149364 16.6945656170187 17.1357670737542 17.7550382229759 15.4479386529143 12.3322108890832 8.9735324358236 9.37101918468814 12.4802458697671 16.0578525279271 16.304076803221 14.0054308527431 13.1908754817169 12.1494131911469 11.5739609981812 9.18520771328459 8.2713159671315 11.253743572403 14.0392388548096 11.3247687739813 12.9763583874766 9.77422055943435 9.24660393450553 7.63239221653678 9.75539667792892 11.4256532260813 14.4975332175178 16.7641703547198 15.4824848297667 12.3976335884029 9.06092036514649 8.54911407848758
10.1817311973928 8.17304273627563 8.4625207881059 10.971469990431 9.74618365201218 7.60333208350759 7.82514320178102 7.16700977036082 11.3240489880654 11.4309993894279 12.2396196547 12.783373479251 14.4616111954109 13.4703319906316 11.7998842691861 11.8514564414402 13.8309752016612 13.528293185421 12.0219846248083 10.0776385466502 7.13938160194934 9.36217714454025 12.2375559269294 15.7350959234365 18.1553487407219 16.8810864882176 15.7318105463743 14.4212952798601 12.1397842618518 9.08776943398004 7.32886149119535 11.0526247107594 10.3754540300385 9.05517441371512 13.947959716844 8.36486092331319 7.97217907058204 8.4379737987653 6.89117879187022 8.05900506385978 13.3259191922681 15.6542482201477 15.3655326634044 12.128129536161 8.83215427904611 9.24427172164483
6.61566146834165 7.73307206616957 9.22342155101588 12.1022007816698 10.6462788081416 7.3721281432893 7.423310771125 9.28315888647596 12.2409733916263 10.9069623750059 10.0362091715414 11.73769405158 13.2194142475855 11.1472598709567 8.05761465269713 8.94772304278095 9.55529779808851 10.3874956768348 8.63515280150426 9.2417616780264 7.81034406634746 9.6248134540578 13.1672077621772 15.2194143513211 17.4086903357472 17.4603562263427 15.8641614105427 14.1296653071789 11.3669952309464 10.3563357157156 11.4308218606712 12.0912682959326 8.65279739335053 8.36327802211924 9.54280288825233 8.94348685559083 8.0603490146028 6.79886303325657 8.44076398502623 10.0786547325875 12.5820104138089 15.8674693897613 17.745757833547 14.0601583599713 12.4944844026692 12.5832047852984
7.03626242515242 6.58508132229575 7.99053039921233 8.92071351559857 10.5094979126354 8.68600651194085 6.09452569564655 10.0229776666392 11.9851750736826 9.53390813199193 8.9879035903137 12.2701493524171 12.749661550355 8.74085490782168 7.49982207828144 6.53349224847018 7.61026735026743 9.96624170182065 6.02629217433685 7.33848025279627 6.54598025606237 7.71714158935897 9.47287789596599 12.8873392427942 15.6636763234488 17.1075785882216 12.7226962731731 11.5145948412563 10.1558727644794 8.40261678873644 11.9635050463327 13.6151233181729 11.9270306979668 10.0298730086571 7.44270336600731 8.7843834576719 9.80908071223829 9.75724205812149 10.5976337049571 11.8157343795444 14.516416772651 18.0960707369132 19.8957829463366 16.8880538497652 15.5103836157662 15.3686476789697
7.07228505017385 5.91168025743736 5.69330272380995 5.90931640453709 5.75419321448975 7.11067200824477 7.48685803052815 9.73924503671195 11.6051664526036 9.06091444873766 9.08445489766427 12.5235410806881 12.4217543259831 6.88624044854937 9.1627841052697 9.55467556827302 9.99250093252763 11.0212114774519 6.96098281414923 7.52328189763804 9.12795949377404 8.99093817061866 8.66450907516526 13.1738063055269 15.8076062835548 13.1913175041801 9.73331789211877 8.20995618447709 9.25357763779926 8.98890871041375 11.7532024746983 15.024664699618 15.808060325544 12.7708536438903 8.78604585360694 6.35811670659742 9.19423885202112 10.1808086454376 8.51890946877175 11.3434262433633 13.7309226982363 17.1578253151923 20.5862834790024 21.0074162659772 19.5026833296938 19.3585985403925
5.76143627369666 8.09518864461155 9.49189849395448 8.79888827008025 8.16491628008639 8.40937105557253 8.32185845675514 5.39128593818036 5.47725465476326 6.18070528685099 7.40439583095481 9.05713264838786 11.6622735805358 10.2567619245352 11.7477289878357 8.74853314067031 9.12384772486179 11.3204855364331 10.3582554142496 8.94576009543955 9.56402671429075 10.9049739806482 11.4832810962973 15.755818810401 14.5011242950955 12.3078190867399 9.93308392986497 8.05770289666631 9.16487270540831 8.79315232218899 10.4323446022674 15.8773834052582 16.3177332728176 14.8809871992749 10.5645426897147 7.78365183776852 9.84062410839947 10.2301865718855 7.57114879920448 9.84729748843167 12.0929019298131 15.2943609208089 18.6778351416126 21.8787555824115 23.1252728529302 21.1746331679411
8.66762589800115 10.28327360116 15.2281942435338 18.1218699570909 14.0682128740351 17.3508343319936 18.5222806551283 14.9575020280719 10.0394089478166 6.75251170378874 6.27931996265761 9.63874163095986 10.6479901573483 9.36365007265286 7.7339201153518 6.52569988216304 8.89504843962213 14.1929263630792 16.0842219951804 13.086375247464 13.6982406213362 15.6029840642369 12.5123843687097 12.6998428642407 12.5065166654402 10.5263120185154 14.0143020460329 15.2688886461807 12.5578849381848 11.4680624201623 10.3352881739577 12.7911801552987 14.3655460860274 12.6891769680358 7.7790160486164 7.28377777315491 10.4913505252566 12.0647422111894 8.83879352154299 6.61841296747295 9.98712799315681 15.4957121734732 18.0369200779971 21.4084841938592 24.9821608208514 23.4050554764062
7.27863824493367 8.18365285721722 11.4647475891984 13.7786721512669 13.6195865181832 13.5873503949217 14.5832255238223 16.9123581384761 14.8872106867241 18.7025743633629 11.0976725225346 9.32728035272761 6.02131460660824 9.66462486585619 11.170147293673 10.1993166506982 17.0900646838751 22.7708083531504 20.7549079936198 18.4504337161118 14.835312880625 18.1677906878418 11.8272802385499 11.5891472507548 13.4171662332202 8.33168847119655 8.52025882554487 12.0034352780466 17.2305523370806 12.1077465540391 10.1854849518693 11.8896887533459 13.0994441262221 9.13289997373173 6.56561527011219 9.47979616335767 12.4471833150222 13.9997986437329 11.4336531826578 10.0096893517234 12.2565232956836 14.846786509406 18.4040691729301 21.9070937388837 26.148351508051 27.5279447974424
6.10683943389176 7.35795905289542 12.1375910520035 10.5411673881077 9.89463486192041 10.3021153963167 9.69007009828481 12.0157463261331 14.3417395661684 13.2965608802054 18.4715944941604 17.5213389150766 9.14925477116209 10.3996127464902 13.5001255016203 13.6411654447394 14.8546373735356 15.2696259053447 12.7359274358486 16.2438627755036 11.3715262192705 12.97388372684 11.303804370064 10.9620090073642 14.1369079235164 13.9538654836893 12.5969851298632 11.4276253069965 9.60001714907727 9.19235803851273 8.12718716354183 11.2602658796569 9.80885324254671 5.86033872275188 5.99130756525728 9.91920525623104 14.3252668032994 15.8014743701292 14.6254076039907 14.1555470457553 14.9387547837939 17.0339394875878 19.8936766384342 22.6893815430122 25.5288106815865 29.0220812438791
7.95363960930065 6.75125697376924 7.448292799041 5.57688239995949 6.10825515273212 5.9803955558399 7.02822405407152 12.6605498313052 17.8931470084728 14.4341822662085 11.4598146547046 18.8263738973966 13.8891309896545 13.2528227817839 15.0750632522706 15.8620672140547 13.8390503472289 10.2070228405597 8.69054582335573 9.85912564885901 9.26316146502673 11.4388982228972 11.2643042189054 12.967125535022 16.1782456920408 17.9470004608242 14.8369958556947 14.293475697166 11.3806636340179 8.54582417755975 9.09088883109242 12.0012192230825 10.1088076812041 6.49436582042318 7.3299116605653 10.5049637797586 12.0680956601161 13.2336756124976 16.4318359756912 18.6536376230498 18.2432257453265 20.1869764532096 22.0657729052079 24.635441908178 28.193448112926 30.892898880402
4.78085245160439 4.39587503116253 4.86416649086229 5.48777638650343 4.99729909591274 4.15353378410095 7.25310621933568 17.4525471344081 16.9494362680767 19.0418629684378 15.371083080098 17.9298167184789 24.429123277775 16.24503065419 14.4439739639786 16.1512295093441 13.1179085001107 10.9937953278497 10.5563846086218 10.0496748054961 9.24573037367746 10.7432135525872 11.0367366451765 9.93235424877462 11.3432992608082 10.4236850091356 11.8364724155426 13.4475917355659 13.2388926329901 11.6909757538183 11.9850394469969 13.3157223762082 10.7052316162525 6.20808736209665 4.72485310802928 7.63699133792594 11.1813341991545 13.5286329604309 15.379013827212 19.7506958423646 21.4029286633698 23.721150414657 24.582415284748 26.740246353514 29.8634997939575 31.6214178433575
6.07352737743463 4.82450393059256 8.6735706752674 14.3879669651964 14.2244089207888 5.98447053739767 4.87476940390306 9.44775793886203 14.5821117681069 22.5896488673615 13.4979051377819 13.8590659971985 14.4533276850117 12.6112527763815 10.9725797885706 14.9808120221769 15.6267624912691 14.1125031658746 13.1583437058684 12.4913324027693 11.7945578338504 9.44765978514309 6.54240481856978 6.30359363519925 6.26112665629319 6.71418021323637 10.8595881299581 11.1627896253438 12.6285251811819 14.4224027096523 15.3849700008259 13.3995813408934 8.90240674360054 4.79059956935691 6.38833936030073 8.26412766123169 7.41027130365591 11.8368869150281 13.7869396420414 17.6624624476507 19.3706354820318 23.6405097562648 26.785257574099 29.2282206613284 30.5756152202295 30.131992506858
8.81138047507082 7.90510102686514 6.63429841241889 14.5935881183531 25.8968281061207 14.4146549241788 6.11231713708701 6.80933814387598 9.74827664503175 16.3017369503415 18.8678175156008 9.85110786823033 6.99797079891296 5.80651405440521 8.86076898696215 12.9501831838792 16.1963111676643 17.5754831505368 21.2003951261719 19.2079640052773 14.9511489125562 10.7214289385427 8.03664805067268 7.73803926825854 9.24475805119477 9.30606446316457 9.64106982704505 7.20592674695073 9.66562979377909 14.075183523104 15.7088776754079 13.1036393651999 8.68553474363228 5.26158586928948 4.53244687870037 4.3864296824286 3.70473551661099 6.63663599416758 10.6307053207618 14.7297432440756 18.4936876651834 23.3143389098402 27.4856667168343 30.0816531648081 29.2199780411197 27.9628381825043
8.29545406137785 7.58415567985552 7.82898972183514 10.9010906469372 15.2647160995059 23.1647540430399 17.0544469838279 10.6872038095475 10.4703644192391 13.7306630719971 11.7481378518844 6.26243125872252 5.92292145878996 7.20356321006159 12.1343169582848 14.0344274212252 15.313019833433 17.2726897695458 19.3823112877027 18.7264751704448 16.068752837368 14.0346359558828 13.3367482538092 12.7237297592308 12.1818313231442 10.40677458572 7.56647382660815 6.47962428787872 8.65857593135855 11.7008149217648 12.7006814246631 10.8990027967077 7.42906135088623 4.56983878880054 6.16107754641662 7.06861170174679 6.83037007033709 9.48627243042498 13.0459995313143 16.1056853724775 20.415447727844 23.7209635338887 27.1702845430815 28.5913411298114 26.20398648282 25.2098517423075
8.1888420155443 5.96154431505531 5.70421074545512 7.87484345577031 18.658310364337 25.9075853454033 24.2704924113104 22.0717394243602 15.9958619332267 7.52401575107037 6.55048259856472 3.95150099596482 5.84087201456472 9.2784473568992 11.5366023859948 15.3352450947386 15.6466527916275 16.1039190603938 17.1122693470931 18.0378417663474 22.9747107476942 20.788483686581 17.1010268164252 15.8701496890917 13.2867192386115 9.38221203201783 5.61075448671399 6.24535195109942 5.36647705808486 7.19091318311115 9.12540751316218 6.60785848072716 6.91836118497207 7.10779941982006 9.92497566390322 11.817144010553 12.047808479688 12.7593162973418 15.2914250913075 17.0323312429387 19.7059849865212 22.7644096707091 24.8968108297011 25.6851678089315 23.7324255657191 21.4699994497889
6.24184909496508 5.63955952379161 8.01372657789092 6.00241058003824 7.05077076666322 23.0472484180214 19.7993934145084 20.2410074964255 22.4355676415136 19.2589065952768 14.0139885761462 9.03381756523546 8.12584694425036 6.29039790384573 5.55514337188407 7.16346862366795 11.6797092489289 19.901986372799 17.7993939703196 18.9161289754436 21.6979488793757 29.2525474775551 19.3159107707815 17.6527092695567 14.3965121309364 11.2130344962712 9.05655937046911 8.45674845559016 7.10880434411742 6.57897693390379 7.86345104047457 5.77241394167959 8.25905921182141 11.3618671560108 13.1197847869052 12.6044444515714 10.4981887795593 12.5057016465653 11.4482111989451 14.6556602519922 19.282220396874 20.7076471467427 21.9281147837442 22.5198223403353 21.385392786965 18.4687557391581
7.4691562032312 6.95101881054867 6.48147784746799 8.8827805765767 8.43596128049234 6.52693705502343 9.88909124499591 26.4725112042692 19.4645634833882 18.9762718200764 20.0521935368432 26.1320077542045 23.1172582255198 15.028203527929 9.09954373211447 5.26445135179826 10.8057736757389 19.9820806811145 22.6655600760484 20.4930326365288 19.0538857112361 19.3559533885997 15.6687200629771 16.3014749774881 16.228868774725 14.6639837729111 13.6232960184596 11.4558971863862 10.3713800192698 11.381520598385 12.3514749580377 11.9934443514577 11.9390245592651 14.3157972568281 15.3342575217111 12.0273742355109 8.40992063135546 7.02189102155654 10.4745195898527 14.0175425515488 16.8165025333574 18.0717644295508 19.0588103142066 20.1495849592425 18.9733525926475 15.3561733816568
