IBR/IBR_outputs/all.combrep_1/EucDistWater_Total.PersistForestCover_Total.Silt_Total.WeatheringIndex_Total/EucDistWater_Total.PersistForestCover_Total.Silt_Total.WeatheringIndex_Total.asc
NCOLS 160 
NROWS 95 
XLLCORNER 210004.651214014 
YLLCORNER 7350008.22228844 
CELLSIZE 4999.99999999997 
NODATA_value -9999 
[rows 0 to 20 of 95, columns 92 to 137 of 160]
-9999 -9999 -9999 -9999 -9999 -9999 -9999 -9999 -9999 -9999 -9999 -9999 -9999 -9999 -9999 -9999 -9999 -9999 -9999 -9999 -9999 -9999 -9999 -9999 -9999 -9999 -9999 -9999 -9999 -9999 -9999 -9999 -9999 -9999 -9999 -9999 -9999 -9999 -9999 -9999 -9999 -9999 -9999 -9999 -9999 -9999
-9999 -9999 -9999 -9999 -9999 -9999 -9999 -9999 -9999 -9999 -9999 -9999 -9999 -9999 -9999 -9999 -9999 -9999 -9999 -9999 -9999 -9999 -9999 -9999 -9999 -9999 -9999 -9999 -9999 -9999 -9999 -9999 -9999 -9999 -9999 -9999 -9999 -9999 -9999 -9999 -9999 -9999 -9999 -9999 -9999 -9999
-9999 -9999 -9999 -9999 -9999 -9999 -9999 -9999 -9999 -9999 -9999 -9999 -9999 -9999 -9999 -9999 -9999 -9999 -9999 -9999 -9999 -9999 -9999 -9999 -9999 -9999 -9999 -9999 -9999 -9999 -9999 -9999 -9999 -9999 -9999 -9999 -9999 -9999 -9999 -9999 -9999 -9999 -9999 -9999 -9999 -9999
-9999 -9999 -9999 -9999 -9999 -9999 -9999 -9999 -9999 -9999 -9999 -9999 -9999 -9999 -9999 -9999 -9999 -9999 -9999 -9999 -9999 -9999 -9999 -9999 -9999 -9999 -9999 -9999 -9999 -9999 -9999 -9999 -9999 -9999 -9999 -9999 -9999 -9999 -9999 -9999 -9999 -9999 -9999 -9999 -9999 -9999
-9999 -9999 -9999 -9999 -9999 -9999 -9999 -9999 -9999 -9999 -9999 -9999 -9999 -9999 -9999 -9999 -9999 -9999 -9999 -9999 -9999 -9999 -9999 -9999 -9999 -9999 -9999 -9999 -9999 -9999 -9999 -9999 -9999 -9999 -9999 -9999 -9999 -9999 -9999 -9999 -9999 -9999 -9999 -9999 -9999 -9999
-9999 -9999 -9999 -9999 -9999 -9999 -9999 -9999 -9999 -9999 -9999 -9999 -9999 -9999 -9999 -9999 -9999 -9999 -9999 -9999 -9999 -9999 -9999 -9999 -9999 -9999 -9999 -9999 -9999 -9999 -9999 -9999 -9999 -9999 -9999 -9999 -9999 -9999 -9999 -9999 -9999 -9999 -9999 -9999 -9999 -9999
-9999 -9999 -9999 -9999 -9999 -9999 -9999 -9999 -9999 1.79204296096808 2.06829697979231 2.02753941030867 3.16058988521333 -9999 -9999 -9999 -9999 -9999 -9999 -9999 -9999 -9999 -9999 -9999 -9999 -9999 9.16432418753126 7.96861732105211 7.98495418195976 -9999 -9999 -9999 -9999 -9999 -9999 -9999 -9999 -9999 -9999 -9999 -9999 -9999 -9999 -9999 -9999 -9999
-9999 -9999 -9999 -9999 -9999 -9999 -9999 -9999 -9999 2.18452686622247 6.08156672385993 1.71718140960854 4.35519925371937 2.36512059550912 3.03995797406066 1.88764178803767 4.09246806075953 2.64804110173999 -9999 -9999 -9999 -9999 3.06027872069016 3.99361619220784 3.56812650048579 6.7935014586509 12.548608816908 11.1878253634124 8.59523292875901 5.93130813058454 5.9279424984602 7.83423061000604 11.9987622659474 12.2431135395229 8.70395281109246 5.1583777060845 3.99696095985831 7.16220525190856 10.8496844187388 13.9442271589789 17.3892846775613 20.5602963988394 -9999 -9999 -9999 -9999
-9999 -9999 -9999 -9999 -9999 -9999 -9999 1 1.62305269723472 3.0290685506127 5.51671785770947 3.96564356632797 10.8890373932562 27.267978455773 31.7850068666474 12.5831028590212 10.8616991409276 5.12588975411058 2.50199813595596 -9999 -9999 2.98691795560434 1.95302464329507 3.76985442241828 6.69140849740456 7.807984190729 11.0673127565949 11.4046644787609 9.4964733437588 8.86421394551736 9.16720591216435 9.95991840290591 11.8810082991844 11.5638743106282 8.23862826123669 4.82021156098717 4.17264165786632 7.63898167858327 10.8524477595938 14.3236490954354 17.4631823652592 20.6881651042726 23.3344256749576 23.5401307777188 23.4377753215683 23.9195146181505
-9999 -9999 -9999 -9999 -9999 -9999 -9999 2.631016217967 4.44488784157946 35.8608241356496 13.3063495438453 9.29836282710193 23.7550932835855 14.3617722131825 13.0565910607252 11.6966659767658 12.5161144929884 9.67066698294511 4.52020484474497 2.48520382466371 3.78021417208749 5.9560891046296 5.06692364826571 3.58202828350326 3.45767062421322 6.93735412684003 10.8018697511243 13.4938802579299 12.3752187603681 10.3198270194361 8.57879268317321 7.5761795288553 8.66905850182697 11.1810978190177 9.76058225032894 8.37287740926184 8.08244138046536 10.2714713398656 12.176449500494 15.3753140819517 18.3414026967558 21.4491456636427 24.2496379771219 26.3143916922634 26.1790060866249 26.7211817232352
-9999 -9999 -9999 -9999 -9999 -9999 3.87306411717271 6.16316108693325 16.6542454858791 25.8457537340089 31.3880876187762 8.17993912233311 14.4621734672469 29.7612167873876 20.1919313678637 17.1358704643734 11.2776117724064 7.17652300958392 3.36334498836156 2.88845021315464 3.7656449626464 6.81744545666055 7.87069125597124 5.677546615705 5.52914581725272 8.48813258218563 11.4440574950525 14.3431044951332 12.1149456091219 8.80814877700281 5.59762044465926 3.74198873290631 6.11037997611097 9.8343760274282 12.7735695429726 11.4357362180905 11.850974732783 13.150593537606 14.419428818684 16.9244614509375 20.0106506907243 22.4829312893526 25.3597919906953 28.2267861297407 29.138445972238 29.2917839087248
-9999 -9999 -9999 -9999 -9999 3.00547918758253 3.44480147826046 10.9985301560492 23.0288913792429 14.4954800808775 13.8830830033783 9.89022279170968 25.7086014294363 38.9123717188515 25.3777032034958 15.1094415982259 10.6727395328917 7.05476663641311 3.56063848825895 4.01576214323396 6.80016161738819 8.8318012753815 10.5808799193785 9.21853630765429 9.18770718592803 11.0100687604911 13.3436385240251 15.1008656784201 12.0269348512658 8.83433332006754 5.7794917880685 3.51555666274775 5.93869452207498 9.43379636870269 12.689973981203 14.1629029225449 13.5897878742837 14.4193862538153 15.3465913343047 17.1453715941407 19.9910566464651 22.7741024583806 25.1812294526763 27.8324625399057 30.8486301824138 32.4787047812977
-9999 -9999 -9999 -9999 2.03142000995871 3.14721216841949 2.33844936595744 3.33609679251143 11.177266295539 20.7614528475218 12.2335804526176 4.76414622214787 42.1274454532291 44.4796919323032 31.5134770989476 17.2203801883986 11.0331168812354 8.97996434419563 6.76083783018541 7.07506189162052 9.44825315679334 11.8189069137536 13.5372775778175 12.8507747679397 12.8198934482007 14.3906957977619 16.251043230982 16.8717314874462 13.5675576738223 10.1271694447831 8.19533725104839 6.61746056393161 6.45119081367701 7.5811808810552 10.2565567649216 10.6511894721518 9.67973666908713 10.9695769783451 13.454685965612 15.0152341645765 17.8283473166965 21.2017835408604 24.078804469067 26.7518234678222 29.6423517812868 33.2881099976489
-9999 -9999 4.69570856794324 1.99054875971667 1.72731138648113 4.55050898608923 3.15791587106226 5.65603549020407 5.64625369668885 5.3178159038933 7.62183229829704 5.39784617107126 16.6525973855547 52.5056102322643 42.7222218510455 25.211894390015 9.67634640280954 7.58246737478065 7.28666762034642 8.46360489117448 11.4994177155597 13.8060590783287 13.9464312660288 13.346764161007 13.9554102414366 15.5799547630643 18.0899236114031 18.1393532438388 15.8001331762413 12.6018879355293 10.4320354573487 5.84211836327765 3.33938671853187 5.06025812811375 9.50794429659752 8.7086854363498 6.30420360246073 7.6381134096616 10.8217199119198 13.7512137300052 16.4764773998214 20.6200293896706 23.1706259568047 25.8032610517046 28.6996839039875 32.6721347106832
2.65619111455873 3.33193437699426 3.65939034456981 4.0923419276361 3.8985317597098 4.68060263110381 6.83182250782626 5.65929136607233 8.6796129504072 8.23788007808231 9.0093248629646 5.66641914466435 5.44146307143411 7.83779301449146 17.1285418697696 18.4514049919928 12.8686131078945 4.80756421252438 3.6350520742666 6.50106827587932 9.93095034888523 11.8752874098993 10.4255295319003 9.94204581075665 10.7488371001531 13.3926937618985 16.0245771509292 14.6310901803128 14.4110645846473 12.9527454542539 10.8444818693203 6.96122451593141 3.19163256184438 5.16340191995673 9.2208774775003 6.23875515236987 3.06686539151187 5.79070322157709 8.81793886387818 13.4766762159449 16.4658638163167 20.2322060529146 23.2823898451321 26.0022110872645 28.4002111541034 31.5951088135288
3.15934339878359 3.81284916089703 6.28856145436548 7.4570378829558 5.07833416027562 6.18584577037388 8.95777402695152 8.33006901459243 10.1077621323025 11.2285830627113 8.32126613281227 5.47710703427392 5.93972540236816 5.89268932911091 4.17668528195625 6.52015424976281 6.10716235057649 10.3589064018756 5.84949717534051 7.02949074360848 10.3312149735597 9.95715173932652 7.20321874293319 6.39887098077333 8.0043074131882 10.8415759695576 13.1473607856314 12.5694323867088 11.346610250183 11.3936457799461 11.9964132806677 7.72353248224536 5.09097617015198 6.29309547698315 8.66535268444864 6.58610746283935 5.12651275744163 6.57817453062201 10.0390293723537 13.9679889147223 17.0797340182596 19.7211579671737 22.8381096765783 26.6241690967805 28.8067793882 31.8245223463593
5.59111661173752 5.76678544261272 5.7176384942667 8.23888755287328 8.22432819237013 9.67970897548836 7.82806108660981 5.39903398642268 7.92684555510683 10.9421580678425 8.46327891455045 4.91426836118168 6.17825491160472 6.37362745249603 7.0211420082116 5.6929349793169 3.85115443561098 11.2184519658713 24.4403614609233 12.4063477752999 11.9314639885441 12.3537171145384 8.27397865409701 5.93895381858695 7.64009340381609 11.0415603270102 11.6448650699949 9.08533087868437 7.37803682035465 8.93898455918292 10.7632370426544 7.51406184210323 5.08691543703129 4.78911157600886 8.38672531347537 10.1592220195636 9.74854174540115 10.4017981817794 12.7993418030142 15.6225694820089 18.6382038593636 20.3571170503425 24.3863881831293 27.1585499864705 29.9162569288041 30.6848465238112
5.27549023930596 5.7368792097836 7.36416065165834 5.68401233780966 6.87531608026254 10.3320806835335 8.46823773421077 5.4835234470381 7.99644780559508 11.1988786774397 8.19819064711157 6.57483433047895 5.66693075064468 7.49472064208867 7.79564566303632 8.42442721843162 5.81583390548743 4.88778142824516 7.59834603063898 28.4739111842208 8.7367974976375 8.68380014009396 8.23642344733989 6.27655103612532 8.25485894892298 11.4149975264188 11.0509614215479 7.57679721343782 5.4465801377945 7.90897319607156 7.34620832459201 7.38628689498138 7.91889062191906 7.74237616863215 9.45687114793056 10.6156532575072 10.9399036246233 12.0101135801369 14.4334085553126 17.3317297439521 19.0842063774017 22.190117078718 23.9601639555815 26.5711559955491 27.2663816222851 28.4135384201142
5.59890105408952 8.05414243510574 9.16794544522655 8.21867498031063 9.35402364094355 11.3984235552375 10.4330078274739 9.21247737741982 10.1907002730121 12.7227045200269 11.4432084791172 8.54267998350324 4.97532223237162 5.85382246232626 6.06553626564768 8.98801939764929 8.71057431141927 5.25875163258514 5.31817017319418 5.58305584807992 12.6984430031732 6.61605083648764 7.3142200468611 8.29649944680621 9.45995240365362 11.5286777724472 11.5502482300508 8.26235808501101 5.55194534196407 6.22469636897817 5.32067212721511 5.52707069780529 6.85637036775419 6.70005402645377 8.13865217743865 5.70532072640668 6.45953130324028 10.0724911235341 13.4161544283666 15.8344770374547 18.2717490642278 19.9690246138184 22.4530671003548 22.7546925157461 23.7058702171329 25.6068220145955
7.90273971720749 6.35351150544623 7.83952958145083 10.8137280850412 12.557198931781 14.1781590538732 13.468111266629 12.0235122345615 12.1816409673845 11.2124153376311 10.839995329807 10.3027306033762 6.2668533362581 4.80417331954136 4.93382666123475 7.68355566320209 9.76148784310528 7.30463363789441 5.57726777670293 3.73361588116179 3.96029449640784 4.92631864816589 4.30644130551239 5.94536608928424 6.41526118721088 7.36081135986544 8.2443108883137 7.92558544623407 7.89695348068038 6.56503690371959 5.28638142610616 6.41691096092894 7.04745641474552 6.92791368253838 7.23555387729088 6.07428271581177 5.89199244894023 8.60367939066093 10.8508658310049 13.7729924043101 15.3437473178258 17.633927744392 19.5902403801064 19.7945220170224 20.3201647706201 22.000533412964
8.77094819260447 6.71639372458551 7.0002528321987 8.20459771424165 11.2536242373121 15.0464425091927 16.9903808965485 12.8882010270453 10.0378943168679 7.38134898798737 7.5804487409234 10.7209523951179 7.93938727261517 4.81603140850003 5.16443149983603 7.30424773500745 9.76810153405365 6.55048874238723 7.38183940958636 5.68334165519431 4.20071820925401 6.72649107504418 6.60298248833137 3.99381829746591 4.81461491695999 4.8803827354671 5.57819926162454 4.43081033950436 5.26147518925945 5.74982479855033 5.59943712846735 6.74548401629206 7.54525813946577 6.31765498335207 7.52562826339437 8.07487743625692 3.96652710662204 5.44147586808603 9.37488662014786 10.9967510206364 11.4587441493223 13.199607019709 14.5199374904574 15.3884251938119 16.71530739611 18.6322247631553
