0,14.8831882751715,15.8877046352917,17.489799757543,21.875532209348,20.5952819796921,24.1739668145744,21.7744197767892,42.6417119699388,42.6245500670537,76.8135219389581,43.4944138628364,43.0805023280728,44.107373566816,51.3621874720535,58.583032584631,42.6928213154819,43.9670938720746,43.7633118798345,43.8876464532831,36.1901146460566,36.2475223847823,36.4978438356985,52.0179223082677,79.0241372157471,84.8957052644652,55.1417012818861,56.9434892869382,49.2861340834122,40.1975071858351,39.2289848261084,42.0107409106576,69.9147077706128,42.2921335569932,62.9968183444689,58.0527273241404,48.0973540843604,68.443529109217,71.0015517900176,69.5471168402318,67.1773825375135,68.993779607234,67.0229241380185,67.3247335165081,72.127667255212,70.6926830753281,76.8774369936915,72.2812912105349,77.5339409978021,70.1422408582651,71.8373838336538,41.8087592253202,43.4897467465965,40.4371703832948,42.7771818298053,39.2343097775444,40.2604927404207,39.4706130755314,35.6694328620522,38.069057126314,35.2225591559467,35.8887214031807,31.5153709246132,52.6361960680057,31.1015144072677,48.6157005249656,79.6958633365399,82.543247371599,79.0815066176098,75.5459197117918,71.1855297158314,68.7277370593711,73.5348635003242,74.2484443909235,80.2162376242708,49.5311668541065,58.0594358065979,70.3744926543107,34.1956277661772,33.5365406206081,40.2653193071338
14.8831882751715,0,17.5356776985624,15.5855676134089,17.7000141899629,21.3661812918623,24.666155598344,21.2484073878064,42.1462293532043,42.1310543758465,77.0905885244828,43.0181153665158,42.5993313327965,43.6221528098413,51.7993526295628,58.9837067860515,42.5732134465037,43.9049079911811,43.6549759507517,43.8211102525945,36.7639664242801,36.881697735192,37.1396788853147,52.1165521307693,79.3979141343953,85.2542769658534,55.1211675707895,56.9640659903961,49.7657197401511,39.7095019276306,38.737226929148,41.5280408816895,70.2841248613649,42.9545687358267,63.3824486360878,58.4410100314808,47.6345593813391,68.7408854762172,71.3005166072339,69.8447132145045,67.4637067418559,69.2795166749154,67.3074794951229,67.6086998305066,72.4147497158135,70.9833590001052,77.165983597154,72.5705451009833,77.8233065397341,70.4308231195632,72.1294782007549,41.9648291657845,43.6676522499833,40.6310999755517,42.8327769465301,39.5598338317692,40.5930850332156,39.7842821478395,36.5149473744141,38.7952989762842,36.0497350950727,36.7271615574667,32.4769203079402,52.5125074283066,30.901754239279,48.4901284785507,80.0093428436392,82.8591192286566,79.3964646130374,75.8597609368759,71.4629116396442,69.0055899853447,73.8185879040048,74.5326613063258,80.4849615026704,49.6900019894061,58.2260928877554,70.6619816422309,34.5430325609093,34.569184116839,39.7360156794769
15.8877046352917,17.5356776985624,0,22.2668617377006,24.4380713953528,16.3681496534794,21.6748135570581,18.3331932733101,43.3977046043268,43.3731908045535,77.2978436892297,44.3198132817913,43.9002789345147,44.899739027193,51.8816036656442,59.0658836433565,43.8421008735468,45.1054032705105,44.9045454835548,45.0316156398954,37.357306009099,37.3137532840404,37.6012702621964,52.3295056338902,79.617630658637,85.467695035532,55.458053140987,57.2486171299858,49.9223748548985,40.7227128115902,39.7456024631953,42.6099001028271,70.4742840235561,43.2238546835191,63.454985314184,58.5038378100843,48.9530576057706,68.9407583694657,71.5005188912738,70.0459772694316,67.6634485004617,69.4800090907765,67.5075215522487,67.8095173118473,72.6187293295122,71.1867810419355,77.3703504910413,72.7740519439783,78.0279048822854,70.6346752442144,72.3328385994976,42.9675674334597,44.6610177869736,41.5870561530915,43.9515483806617,40.3421632999956,41.3909604518803,40.6187044088355,34.8946564838345,39.2765230734356,36.3954386404069,37.170890779996,32.7435042650327,53.7346823580919,30.6424066707237,48.8152927520808,80.213787834638,83.0637299712136,79.6008685713044,76.0639515865301,71.6671942014638,69.2094530270762,74.0228863540424,74.736516182362,80.6909539108327,49.6600577186846,58.2228785379513,70.7866595895006,34.1500020913968,34.2854774531421,41.0087699136905
17.489799757543,15.5855676134089,22.2668617377006,0,16.8422426731636,24.9527389613582,27.6372815674542,25.1929490679571,43.0279202301419,43.0199934031571,78.2284580320998,43.8285692151016,43.4156792075219,44.466474963889,52.9119803416301,60.1251345175474,43.0597314350788,44.4096539197822,44.1517276468022,44.3190802140551,37.3261581124893,37.548472995384,37.774707956541,53.3953116957701,80.4451339664671,86.3194639837834,56.397925349139,58.2492386498088,50.7824192090017,40.8206500640551,39.8572684084915,42.5655148987438,71.3603424060694,43.7447553107264,64.5436285367778,59.6079679485653,48.4137562828011,69.8681814472266,72.4263761414975,70.9706418751411,68.6002148109424,70.4158814872369,68.4451950899542,68.7462534077723,73.5470852238497,72.1131930163207,78.2967848985028,73.7014828395011,78.9532370381455,71.5620263834877,73.2581919439699,42.4705857013253,44.1632672489092,41.150393833678,43.3103618658858,40.1358558387857,41.1487282728376,40.3204959766385,38.5202889731669,39.355179653854,36.6673981198442,37.2502239981547,33.0858077409165,53.0557743311601,32.8139086825823,49.8679639392592,81.1194643345397,83.9671222498271,80.5053984264953,76.9697986583376,72.6030039267997,70.1456436615661,74.9534303582018,75.6674681196513,81.6307700057747,51.1116276420713,59.6205433251047,71.8590672764933,36.087229983962,35.5824533039943,40.6333295137216
21.875532209348,17.7000141899629,24.4380713953528,16.8422426731636,0,26.3087579510474,28.6077802664102,26.0018435393553,42.5949030464502,42.5894319383575,78.6672646308491,43.4209125678846,43.0016648022718,44.0469551544927,53.5213360213553,60.6939635685032,43.113394501996,44.5287830672616,44.2170325996926,44.4342875176978,38.177166735561,38.4322729044261,38.6756349310819,53.6352294991971,80.9964655498761,86.8526646580777,56.5079584262089,58.4044592966114,51.4465427307733,40.3998662158845,39.4327571448468,42.1476071565412,71.9035481108147,44.6285522774509,65.0950976804915,60.1617498192722,48.0239378667317,70.3297037986608,72.889756752506,71.4325579360078,69.0490628891186,70.864115167772,68.8920378171349,69.1924809794315,73.9971431838665,72.567335636416,78.7485571160846,74.1539980352241,79.4059696216385,72.0137977260032,73.7139599042771,42.8505803622321,44.5723709628572,41.5720403376632,43.5770967591451,40.6987625527559,41.7254615965463,40.8803591226245,39.4654985368273,40.3720238081227,37.7673938415372,38.3993883391383,34.3244077918531,53.0956677170142,32.8512948883953,49.8736739469131,81.5999196666447,84.4503446038381,80.9875505691667,77.4506467942911,73.0419430699598,70.5850914916677,75.3996550426298,76.1142234466739,82.0599043716936,51.4198845888375,59.935694945948,72.3046007608052,36.5898786387223,36.7600776601838,40.1569996737646
20.5952819796921,21.3661812918623,16.3681496534794,24.9527389613582,26.3087579510474,0,16.1876838207248,16.0101734607602,43.1442836207081,43.1119503893106,76.747229720237,44.1366863509941,43.7117201610691,44.683138517056,51.3776617634029,58.5194537499904,43.9746367455875,45.2282419623702,45.0296775873689,45.1596920241753,37.5284689211079,37.3973919614519,37.7211400068739,51.5809620298982,79.1884312735319,85.0147839468738,54.7145361605815,56.4920994816666,49.547206525177,40.2262995958753,39.2402990837811,42.1917250250591,70.0088400951973,43.1794166870596,62.880437578979,57.9216090391764,48.8002100618386,68.4048420235255,70.9665443590608,69.5118357442541,67.115025586993,68.9317448631598,66.9574417912608,67.259621560654,72.0757634247862,70.6472319374258,76.8294439651116,72.2330031635697,77.4881660143424,70.0932496518091,71.7948101441262,43.1122194750755,44.8175541676249,41.7240646585579,44.1090181989224,40.44229758534,41.512901958492,40.7566887775875,32.9067862854429,39.5012816771782,36.6045392968348,37.476381544699,33.0235487439011,53.8192388821379,28.9277010613125,47.9346518970049,79.7008535210451,82.5536495213509,79.0895437566358,75.5511482478238,71.1136940937108,68.6560231419089,73.476507688171,74.1902064780902,80.1296131574546,48.6969191931796,57.3012792427355,70.1564535715419,32.9832811769408,34.14501523906,40.745688078206
24.1739668145744,24.666155598344,21.6748135570581,27.6372815674542,28.6077802664102,16.1876838207248,0,18.2848386546043,43.6994300497463,43.659585818954,77.014978033815,44.7568043632678,44.3269941706438,45.2722951118896,51.7018267004477,58.7985328364441,44.8809639438854,46.127575353282,45.9299198269932,46.0634120027017,38.4959170916205,38.2965999970707,38.6525276321248,51.6404876705552,79.5801952221522,85.3825624657236,54.7776022373995,56.5418836354282,50.0007807683894,40.5497546188959,39.555472664544,42.5899587813146,70.3652573941872,43.9682317093121,63.1302944877409,58.1639077534699,49.4480546833047,68.6880292069024,71.2517241227511,69.7967843267425,67.3853399490432,69.2021907432126,67.2260361650649,67.528372956745,72.351513962637,70.9265209939141,77.1072960506948,72.5107459787471,77.7672088622159,70.3705900197842,72.0756658733794,44.0357284908642,45.7518144752978,42.6421196927515,45.0406591949401,41.3325196375676,42.4225436112427,41.6795078844326,31.8356687635683,40.5289112528385,37.6331235060275,38.5813661332961,34.1270353726272,54.6839755484088,27.875176609571,47.8502494001521,80.0074550807317,82.8631757648119,79.3978017946817,75.8578975565227,71.3785914014244,68.921009435227,73.7487339436971,74.4625221865419,80.386366040825,48.5275523291342,57.1775511094056,70.3444538053045,32.6023691569567,34.9341303787799,41.2942983747442
21.7744197767892,21.2484073878064,18.3331932733101,25.1929490679571,26.0018435393553,16.0101734607602,18.2848386546043,0,43.3543466847694,43.3227841067192,77.6679836826577,44.3723888303759,43.942621866314,44.9068936652366,52.453868041831,59.5647530756568,44.5371874615012,45.8356210130859,45.6005049514265,45.7640201559256,38.6343450701377,38.567958946907,38.8911118759456,52.3423050348834,80.1913892992498,86.0053695518881,55.3541273485603,57.1740246439336,50.6479502819297,40.4085977022507,39.4169468788008,42.3926593608577,71.0117746491814,44.3965639419695,63.9144184299189,58.95940298026,49.0511781245036,69.3441582303223,71.9072364775251,70.451174057724,68.04480271109,69.860912748429,67.885646206637,68.1872117790493,73.0056310246416,71.5802870990531,77.7605284676022,73.1648150362327,78.4199292106003,71.0244336240908,72.7291023875553,43.8941333037769,45.6158428435865,42.5365002818182,44.8112251698917,41.3632978437368,42.4366321586945,41.6634305698763,35.0007138113895,40.7157768160635,37.9025466962781,38.7573979915552,34.4071314353377,54.3731897122307,29.214652707444,48.4557312035412,80.6535296385779,83.5083765714185,80.0435061686496,76.5041711466359,72.0351164152107,69.5779094531559,74.4034234290934,75.1176080494102,81.0433044786066,49.5376400635552,58.1478649953184,71.0978142854886,34.0751149036027,35.7303734090682,40.9242999256508
42.6417119699388,42.1462293532043,43.3977046043268,43.0279202301419,42.5949030464502,43.1442836207081,43.6994300497463,43.3543466847694,0,13.0682560806793,84.4715702300144,26.1477416885203,25.1237868965858,22.2748767550647,61.0942263283289,67.9450784650164,45.466308592233,47.1651289639313,46.4546239812177,47.1819762208808,47.3647474551284,47.7585518095569,48.1323801320061,57.9304163463479,87.8423299965929,93.5376590045179,59.2420459747189,61.7736717430043,59.3424791324363,35.2790487982088,34.7995673687963,32.5426482798466,78.7149494411484,53.9545253407178,72.2359635265382,67.3491492390458,33.5375720064162,76.3661713689645,78.943285139317,77.4693568128946,74.9677329848346,76.7750456768935,74.7912773538449,75.083879898628,79.9158666899835,78.5258355396567,84.6823610092195,80.0970084340834,85.3482008127727,77.9489305789371,79.6878780477748,48.3364071410086,50.4117767151347,47.3667972023538,48.2429655000966,47.6242853702031,48.8131954375349,47.870451016896,51.7225252801642,50.6274836765184,48.4661211166845,49.4501386459856,45.7900520035532,53.681868976966,42.5758984958177,53.3280547515337,87.8037536427499,90.6799153702599,87.2074607640352,83.6587160601006,78.855838103497,76.4049248124391,81.2815943244072,82.0023278963946,87.7777468888501,57.756377720098,66.0789926289661,78.4474367047502,45.1844206602592,47.9688909139173,25.7974140097709
42.6245500670537,42.1310543758465,43.3731908045535,43.0199934031571,42.5894319383575,43.1119503893106,43.659585818954,43.3227841067192,13.0682560806793,0,84.348341256487,26.4842013172783,25.6430152296497,22.7265503088146,61.0144751923953,67.8550997544614,45.5603758258165,47.2500830105957,46.5473459869421,47.2674398391986,47.3702729327998,47.7535971397444,48.1299599440458,57.7588764269281,87.7565440390381,93.4454865923803,59.0326281016311,61.579713011323,59.282003919176,34.9654108206034,34.5054341378265,32.0214960045009,78.6238452838923,53.9358591787088,72.1414137254193,67.2550513958309,33.7720834267639,76.2499677585351,78.8276812779611,77.353340764988,74.8474885686688,76.6546295632713,74.6704068377947,74.9628370057817,79.7961496470817,78.4074107682096,84.5632086864208,79.9780639305797,85.2293661300372,77.8297594643548,79.5699735467088,48.3869498806784,50.4594012838971,47.4118560584236,48.307553020785,47.6489287855561,48.8387572667475,47.8995125103264,51.6684061270362,50.6265465470911,48.4597331794216,49.447386300922,45.7817236415231,53.7758019239629,42.5031323205496,53.1498683485057,87.693868580538,90.5709345173695,87.0981214810266,83.5489428627883,78.7325725217431,76.2818109666418,81.1606577631985,81.8815473955119,87.6514095245633,57.6287391257281,65.9474370423962,78.3262719064098,45.09474407937,47.9397404061026,26.2088562693061
76.8135219389581,77.0905885244828,77.2978436892297,78.2284580320998,78.6672646308491,76.747229720237,77.014978033815,77.6679836826577,84.4715702300144,84.348341256487,0,85.8247506536857,85.4043346843357,86.1914217643657,70.7534070196551,75.1785204288417,85.4051902569596,86.1641911818499,86.3159044014131,86.1762066933175,76.9166008529861,75.6166836785357,76.6385336115201,72.7285638677395,78.1379163584562,79.123654621785,80.2155273281657,81.0860704215079,71.9196622878372,80.2031501466033,79.333888889054,82.0558959502265,70.9945388443491,79.4141257878752,79.8105081663987,75.9069510652613,90.602863266117,47.1858309182149,49.8344854016288,46.1768835426598,46.3190442596769,46.9855471834809,46.0480950909087,45.1572741016861,40.4064757801108,40.9947755758847,43.2418684912602,42.2434953828954,42.866019989885,38.8027833206784,42.5232476488182,82.8026469404049,84.5894388876428,81.0377816917532,84.6262747796065,78.1719048464856,79.7718969650431,79.4619722402127,82.3902110616659,80.3411627281193,77.8695778428481,79.7121313379668,75.7322412094277,94.8913906072167,76.264712410951,83.0592979390529,57.1211664384415,61.0122132801281,57.352474677284,53.5440772059383,43.8900729014174,42.4168148089879,41.4056283515529,43.846192370906,55.2270844427624,81.7831145092278,88.6429638897317,80.944433722791,71.2065692410426,75.56861992604,82.4282147984935
43.4944138628364,43.0181153665158,44.3198132817913,43.8285692151016,43.4209125678846,44.1366863509941,44.7568043632678,44.3723888303759,26.1477416885203,26.4842013172783,85.8247506536857,0,13.8336251494716,21.3944226282106,62.1570779628292,69.0884647311972,44.5245617406159,46.2473578619855,45.4737077485618,46.2969152887729,47.6806203692115,48.1785570148019,48.5354140121385,59.6876617439188,88.9040062529417,94.6506305463986,61.2534322941572,63.6882966885172,60.2307906245419,38.418491846237,37.849258952728,36.5636225238587,79.8281653703666,54.5074315458779,73.4192005751878,68.5325068759163,24.5072867513501,77.6686055707033,80.2410621738101,78.7697764112281,76.3012660313085,78.109575090304,76.1294962262003,76.4230878341285,81.2435310154244,79.8438258320789,86.0055284643052,81.4189490621929,86.6688341380302,79.2724619613884,81.001904578718,47.9957866178593,50.13323478931,47.0928289914643,47.7396391921791,47.6154650451019,48.8102343608326,47.8310189979439,52.825206733878,51.0575373002399,48.9664578254648,49.933342662856,46.3411983389853,52.2349084194041,43.952710869224,55.2958059345894,89.0558758294801,91.9250439439015,88.4554176157837,84.9100826020081,80.2106125653426,77.7587194499419,82.6184775998211,83.3382056787727,89.1553847996887,59.3124760514664,67.6436493327585,79.8222595668092,46.4936069017337,48.7141031981341,29.7899834225999
43.0805023280728,42.5993313327965,43.9002789345147,43.4156792075219,43.0016648022718,43.7117201610691,44.3269941706438,43.942621866314,25.1237868965858,25.6430152296497,85.4043346843357,13.8336251494716,0,20.0680659980243,61.7553165129751,68.6803516574885,44.3435607399545,46.0750795251569,45.3038474558755,46.1162247899394,47.3431896479058,47.8312835172709,48.1889827659697,59.2337327797499,88.5066063866557,94.2490432659778,60.78317598374,63.2236740107986,59.8448289087651,37.8558146685326,37.2885385740582,35.985177355961,79.425802496881,54.1477022906695,73.0076224323043,68.1206122583931,26.3754863804571,77.2518621969965,79.8246849996506,78.3532385038427,75.8821014456863,77.690360260077,75.7099780964348,76.0035210383235,80.824975690342,79.4260011791017,85.5873361229213,81.0008208826675,86.2508467634373,78.8542227887543,80.5843852941183,47.7423047611035,49.8700423904379,46.8319255261922,47.5030867305826,47.322772368558,48.5153427970376,47.5397208882136,52.3985696556222,50.7045729261328,48.605452513624,49.5721111339396,45.9725739245133,52.1735982869915,43.4959074980929,54.8154891442772,88.6431959090648,91.5129120317814,88.0430592737177,84.4974524952851,79.7899628412228,77.3381303264812,82.1992182372829,82.9190082086037,88.7330203339712,58.8632598086521,67.1954396211994,79.3970708752437,46.0586106942335,48.3286152310581,28.9042336848918
44.107373566816,43.6221528098413,44.899739027193,44.466474963889,44.0469551544927,44.683138517056,45.2722951118896,44.9068936652366,22.2748767550647,22.7265503088146,86.1914217643657,21.3944226282106,20.0680659980243,0,62.665280272912,69.5577370963172,45.993875655681,47.7042963569326,46.9613804195926,47.7384979221816,48.5481854480692,48.9962182217693,49.3612677387824,59.8598061959998,89.4118112502328,95.1336336701287,61.3019008590246,63.7840887513544,60.8229407494905,37.9495816746232,37.4239921931789,35.6664536435976,80.3112246529306,55.2613495091361,73.8692937668196,68.9826215330021,30.7565688636544,78.0599341994161,80.6346456045887,79.1620677487702,76.6775319653585,78.4853508052809,76.5034895350052,76.7965941418919,81.6225970587978,80.2275840470589,86.3867691418273,81.8007926887526,87.0513001986496,79.6535314888639,81.3875836762405,49.1769720496253,51.2848263678744,48.242098967432,48.9988168316357,48.6378993202859,49.8299499461934,48.8682180287242,53.3181892066993,51.8707121389779,49.7460881050274,50.7212844919146,47.096715441542,53.9414945977424,44.3164444787802,55.3719406116191,89.4715362800409,92.344091273319,88.8730965012618,85.3261114312168,80.5765428411608,78.1251287866777,82.9930743646741,83.7132940774201,89.510222912932,59.5854273622711,67.911893773805,80.1793607038214,46.8863259123029,49.3766818289016,29.0102656657166
51.3621874720535,51.7993526295628,51.8816036656442,52.9119803416301,53.5213360213553,51.3776617634029,51.7018267004477,52.453868041831,61.0942263283289,61.0144751923953,70.7534070196551,62.1570779628292,61.7553165129751,62.665280272912,0,37.8696115777945,60.2494883946845,60.89910686783,61.146317965758,60.9139054047011,50.3110163549297,48.6526956764563,49.7845878247656,56.3213191057549,71.6511225668713,77.3654946269653,62.852991427831,63.7677951281033,39.3042706121166,57.6211105992809,56.7115286054776,59.4709727497354,59.8556160323225,51.8099474457966,46.543405299468,42.135553071298,66.8113961706706,61.4115435532519,63.9326875675807,62.5981015637892,60.4612785830848,62.3352163549559,60.3772006141193,60.7368896603712,65.6238265847224,64.0611292468253,70.3570216554214,65.6925069612321,71.0056952578642,63.5911938853637,65.1647909071028,57.0472345936424,58.7912000120088,55.1983705529709,59.0834073722031,52.0147507305952,53.6137714028476,53.3614827415724,56.7077174060761,53.6636936399037,51.0883798926301,53.1216018049286,49.0569816194758,69.8257634683243,51.6497786781211,61.3134127038361,72.5545439050191,75.3547974704043,71.9003163528084,68.3768097893564,64.9669933235361,62.4752323480973,67.1391455562519,67.8152682827859,74.3384506076631,58.5026827230858,65.9091629853312,63.6398609175028,45.4583466533352,48.1971408556819,58.9929967543115
58.583032584631,58.9837067860515,59.0658836433565,60.1251345175474,60.6939635685032,58.5194537499904,58.7985328364441,59.5647530756568,67.9450784650164,67.8550997544614,75.1785204288417,69.0884647311972,68.6803516574885,69.5577370963172,37.8696115777945,0,67.6673354419081,68.3701096581048,68.5740071857729,68.380869737028,58.1731197351219,56.6314956959694,57.7067190603041,61.2018866816687,78.1972772317793,83.4979821761352,68.2601692968172,69.0602143540331,50.066645228234,64.23755690896,63.3313843526141,66.1208447712574,65.9703136923686,59.9871937238029,39.6412267595821,37.6197381540099,73.7785367849272,65.8901084146902,68.4518831905293,67.1488529031937,64.6991527491847,66.599877615258,64.5936621279561,64.9814766658663,70.0912882923841,68.5742549427048,74.872752060871,70.1809063578381,75.5489330744544,68.0827866627309,69.7036636063379,64.7157238627928,66.4665001166321,62.9082242537952,66.6544737112849,59.8904727340463,61.4580500884364,61.1673261221089,63.769707596857,61.4574328413936,58.8710243115181,60.8361442357127,56.7574617927854,77.2284298599348,58.4953905675587,67.4747803400507,77.5657844474352,80.4193570272962,76.9394152286627,73.3858727087292,69.2533698310578,66.7502006607019,71.5542701320037,72.2185157507079,78.5374581522212,64.5518260563256,71.7730442205297,65.2522573887339,52.1278191454986,55.9441246498367,65.8455817256662
42.6928213154819,42.5732134465037,43.8421008735468,43.0597314350788,43.113394501996,43.9746367455875,44.8809639438854,44.5371874615012,45.466308592233,45.5603758258165,85.4051902569596,44.5245617406159,44.3435607399545,45.993875655681,60.2494883946845,67.6673354419081,0,23.7864638506002,18.3244814209344,20.7394003925459,40.9922458401028,42.2141384849541,42.5278939426937,61.7899214422528,86.6908669638111,92.7624959001554,64.6535003182604,66.6227250558762,57.1230935384806,47.292221924056,46.470050337532,47.8549357425218,77.9941923390035,49.4676467523044,72.2597502308829,67.3936685707788,48.1966966367378,76.9587000510516,79.5026492520425,78.0444870677943,75.7800968057415,77.5927115774797,75.6360359699715,75.9338288816161,80.6770193406981,79.2200051790149,85.4108842000045,80.8188601196574,86.0583072204634,78.6812110701471,80.3542184016054,34.0681137131985,37.0264399749801,33.9547101550501,31.5086639810804,37.2315039089933,38.6015771252563,37.3180059819324,52.6950436695399,45.6437091882865,44.1664055189047,45.2113463808625,42.16205687146,38.8002519362578,45.7619902860471,59.0038403367259,88.0308228603378,90.8572635167706,87.4052356032119,83.8810347536402,79.8076486607067,77.3507969226392,82.1070718531563,82.8217370889502,88.8870252879346,60.8285378567412,69.1207933333825,79.7237026109032,46.9312985625463,45.6823339716034,43.9297270633019
43.9670938720746,43.9049079911811,45.1054032705105,44.4096539197822,44.5287830672616,45.2282419623702,46.127575353282,45.8356210130859,47.1651289639313,47.2500830105957,86.1641911818499,46.2473578619855,46.0750795251569,47.7042963569326,60.89910686783,68.3701096581048,23.7864638506002,0,19.2512019202947,16.8406916577938,41.2498781463275,42.5014076599537,42.8488973210956,62.8453985338878,87.2328350899266,93.3460061115866,65.8120935509156,67.7489955583607,57.6059945153856,48.8435793290594,48.0185985782185,49.4449769511683,78.5969688224594,49.8324501382703,72.9957197456667,68.1360591834235,49.9172881806644,77.6873475210737,80.2278977684441,78.7706421987265,76.5308786088061,78.3436305057711,76.389910135794,76.6878166364615,81.4204194819319,79.9569699302034,86.1507994024374,81.5585616501449,86.7962480616556,79.4217773448651,81.0884190806087,32.767471384182,36.2104709533422,32.5654351020896,31.1465245952746,36.3251148158791,37.8788736281958,36.6185216374489,53.8303221725351,46.1778216470627,44.7810558087263,45.9059041451378,42.9091644872424,35.2947098280838,47.0647895079508,60.2616410304498,88.7202675529685,91.541616035077,88.091757195479,84.5701425096172,80.5700429740298,78.112815037448,82.8567669325646,83.5710568528921,89.6643343347552,61.917634881977,70.1929018513794,80.5571644392363,47.9834913149534,46.459004143649,45.6552206021421
43.7633118798345,43.6549759507517,44.9045454835548,44.1517276468022,44.2170325996926,45.0296775873689,45.9299198269932,45.6005049514265,46.4546239812177,46.5473459869421,86.3159044014131,45.4737077485618,45.3038474558755,46.9613804195926,61.146317965758,68.5740071857729,18.3244814209344,19.2512019202947,0,18.5654738727857,41.8438516838107,43.0606825699753,43.386751282819,62.7583314313438,87.5581804685024,93.638367486841,65.6367938539443,67.6020212736073,57.9845241893924,48.324777007946,47.5042386772174,48.8754751563,78.8753674127719,50.3224743708389,73.1731387926799,68.3087530683576,49.117530247643,77.8638700648771,80.4071459280878,78.9490902611524,76.6896099501798,78.5022105526163,76.5461381894452,76.843911113513,81.5848531490804,80.1266076881327,86.3180131216792,81.7259946632516,86.9650360256844,79.588496137642,81.2602822017226,34.5526964629514,37.6688369091353,34.3784394974212,32.4368750342386,37.7543083365882,39.1878275099549,37.9214928822382,53.7150161295606,46.5619329722421,45.0991558856712,46.1686461305851,43.1261301474835,37.4078174151136,46.8043682479556,60.0115020171982,88.9280425312308,91.7534740012491,88.3018840478607,84.7782033087955,80.7191896090802,78.2622868409547,83.0161225665307,83.7307385058378,89.8013957581074,61.8136475986349,70.1014566412671,80.652992226201,47.9189530741727,46.6361715738023,44.954296698564
43.8876464532831,43.8211102525945,45.0316156398954,44.3190802140551,44.4342875176978,45.1596920241753,46.0634120027017,45.7640201559256,47.1819762208808,47.2674398391986,86.1762066933175,46.2969152887729,46.1162247899394,47.7384979221816,60.9139054047011,68.380869737028,20.7394003925459,16.8406916577938,18.5654738727857,0,41.2620194301005,42.5239568562998,42.8628352641449,62.8322268559822,87.264478507663,93.3736680848485,65.7945148573093,67.732254176799,57.6374841588951,48.8151890266079,47.9887234492063,49.4288075160362,78.6215853487906,49.8570398474764,73.0034524053047,68.1428608303845,49.9891590576625,77.7016452937215,80.2424969453174,78.7852251092282,76.5432505267505,78.3560263241822,76.4020284929821,76.6999619617008,81.4336353379881,79.9707185012917,86.1643370345653,81.5720763366868,86.8099686832027,79.4352334923238,81.1024050726767,32.8705871700143,36.2170590428994,32.7705871990475,30.678354514101,36.5349666236988,38.0382211282732,36.7556116836103,53.7808499002773,46.1588424041618,44.757952085425,45.8685046651477,42.8715970300054,37.353616247701,47.0104521308629,60.231755987543,88.7382049612916,91.5600056817729,88.1099470519281,84.5880959982973,80.5816230401363,78.1244080179594,82.8694508067369,83.5837521594636,89.674701162124,61.8932922575245,70.1709008490194,80.5593137690092,47.9541606229784,46.434236566035,45.644990367708
36.1901146460566,36.7639664242801,37.357306009099,37.3261581124893,38.177166735561,37.5284689211079,38.4959170916205,38.6343450701377,47.3647474551284,47.3702729327998,76.9166008529861,47.6806203692115,47.3431896479058,48.5481854480692,50.3110163549297,58.1731197351219,40.9922458401028,41.2498781463275,41.8438516838107,41.2620194301005,0,21.4773586907114,18.753084313829,55.3493624260255,76.9402619968543,83.2270120572965,59.2450390996323,60.8621974846996,46.252714604621,46.1028386710772,45.2012723118372,47.4955565029336,68.4141362453871,33.6655434963365,62.9864826684259,58.1288744879394,51.9969360548498,68.2441937864056,70.7674766414229,69.3215327298035,67.2042508309398,69.021327930474,67.081161232663,67.3833529517157,72.0753708259438,70.5754479154845,76.789386492742,72.191806373102,77.4256465932003,70.0612484111226,71.6921109975166,35.2386136078254,36.4896434905304,33.1504166134762,38.1208665217734,29.5937299918739,30.0646244317967,29.5664682599579,45.3111498576228,26.4333218296605,27.4801064219483,29.8774210011057,28.0807761925764,50.8893049092911,40.5745469515905,54.2379155779621,79.0961641614342,81.8919318258438,78.4521811796937,74.9428298619131,71.3263690593487,68.8652086145513,73.5462948875426,74.2564854008824,80.5075618194691,54.1605981553056,62.3604143346816,71.4105515786078,39.4689206256399,33.5356366523239,45.3255852094839
36.2475223847823,36.881697735192,37.3137532840404,37.548472995384,38.4322729044261,37.3973919614519,38.2965999970707,38.567958946907,47.7585518095569,47.7535971397444,75.6166836785357,48.1785570148019,47.8312835172709,48.9962182217693,48.6526956764563,56.6314956959694,42.2141384849541,42.5014076599537,43.0606825699753,42.5239568562998,21.4773586907114,0,15.4973591492225,54.5124445327192,75.3917778241246,81.7178779487113,58.6084265597852,60.1622259918642,44.3417847611329,46.1944736819727,45.2877810590092,47.6626701278321,66.8775103302621,28.396785754164,61.5017686914585,56.6475802790452,52.5431609596261,66.8960036212664,69.4150464284535,67.9720045862733,65.884818792558,67.7029733256797,65.7661595486437,66.0694124532811,70.7515171301683,69.242636941394,75.4615447120187,70.8626159956895,76.0955709400586,68.7335984495772,70.355677786877,36.8672816232324,38.2999963152175,34.7669518645165,39.6546039094869,30.8377913830209,31.7843727483436,31.5528798050308,44.8005099302623,28.0210758048113,26.9953475866443,30.5098186577056,27.7109010589602,52.022827243242,40.3209869914345,53.7949031281659,77.7043104508753,80.4938840656166,77.056547042602,73.5501371421749,70.0274150067025,67.565291932892,72.2309250067439,72.9401001663416,79.2300282064826,53.3687938526107,61.5329353017914,70.1536811918319,38.6084815182422,31.9951244686277,45.6993749837391
36.4978438356985,37.1396788853147,37.6012702621964,37.774707956541,38.6756349310819,37.7211400068739,38.6525276321248,38.8911118759456,48.1323801320061,48.1299599440458,76.6385336115201,48.5354140121385,48.1889827659697,49.3612677387824,49.7845878247656,57.7067190603041,42.5278939426937,42.8488973210956,43.386751282819,42.8628352641449,18.753084313829,15.4973591492225,0,55.2679652615717,76.5926715375542,82.8857680355923,59.2880897009171,60.8632997105119,45.661903121949,46.6272153487788,45.720453607967,48.0836849351899,68.0373439203461,31.0608789073918,62.5428713590085,57.6815569191779,52.8932801290289,67.9440593690221,70.4659894457191,69.0220615407584,66.9139666726313,68.7319719651293,66.7926446465192,67.0957712748312,71.7867462973365,70.283357977607,76.499706702954,71.9010100004254,77.1353908847968,69.771238835422,71.3987464822542,37.2383192715639,38.6201389116549,35.1762933913073,39.973287123298,31.4980523532337,32.2973109146602,31.9507851590693,45.2511352240504,26.474336948343,26.2488035638626,29.9396375640919,27.5063094089289,52.377192911421,40.7662095484339,54.3751873394777,78.7850942010867,81.5789394440795,78.1398071414348,74.631248095889,71.0464789532957,68.5846878610379,73.2607943853343,73.9703085048102,80.236308548837,54.0526338779531,62.237217893013,71.1041026516872,39.2706080775429,32.5344796620611,46.0706045231976
52.0179223082677,52.1165521307693,52.3295056338902,53.3953116957701,53.6352294991971,51.5809620298982,51.6404876705552,52.3423050348834,57.9304163463479,57.7588764269281,72.7285638677395,59.6876617439188,59.2337327797499,59.8598061959998,56.3213191057549,61.2018866816687,61.7899214422528,62.8453985338878,62.7583314313438,62.8322268559822,55.3493624260255,54.5124445327192,55.2679652615717,0,81.765411367973,86.4659086624716,41.7591960521775,39.1922670889291,57.6563611706469,52.3867593619723,51.5148064126529,54.5221503487158,71.7658032339348,58.9838594812395,64.5579770535928,59.7807898701082,64.646622391928,65.5201506163011,68.1927748549922,66.6795315358005,63.4822147630996,65.2816777167331,63.2129185628228,63.4989039556425,68.6206150458777,67.4145589993509,73.4830863895771,68.9082799588651,74.2028547468624,66.7340526853502,68.6544830999308,60.5388249453921,62.342880296798,59.0060730223421,61.8269600656848,57.081172049898,58.4487973010177,57.911240370679,56.9909360325878,58.3070540842971,55.7155532337294,57.2614543709981,53.1668616282287,71.2162256920118,49.6043440739514,51.3691681095133,77.9980938503193,81.0119994209785,77.4830019127944,73.8661432101354,67.0168659591338,64.5769604193842,69.80719826755,70.5400491333742,75.4982375013621,50.347200399335,55.7620387862857,64.6137715798782,44.499209478708,53.0322041008433,55.8724603971055
79.0241372157471,79.3979141343953,79.617630658637,80.4451339664671,80.9964655498761,79.1884312735319,79.5801952221522,80.1913892992498,87.8423299965929,87.7565440390381,78.1379163584562,88.9040062529417,88.5066063866557,89.4118112502328,71.6511225668713,78.1972772317793,86.6908669638111,87.2328350899266,87.5581804685024,87.264478507663,76.9402619968543,75.3917778241246,76.5926715375542,81.765411367973,0,42.3525218811577,88.3963469613321,89.3897676854835,69.1652025357025,84.3874047664163,83.4995573901595,86.1538851114859,64.7892266463676,78.888576921423,83.8064996912768,79.7844399643457,93.5523388057337,67.5416204563767,69.5446679769049,67.6925631059751,69.5565411227876,71.1647179027211,69.7537970074395,69.8439427999018,71.9897263731384,69.7117189707654,76.0288056791255,71.7122944866018,76.2690824805439,69.5892543439355,70.42917584389,83.1206615330033,84.9063866694946,81.1842639342634,85.3333958161399,77.6157717499321,79.4185290095512,79.2843437594525,85.0387083333427,80.7786226771991,78.4423517112109,80.4586478095449,76.6001148634848,96.2119721023465,79.5120747713938,88.4193538071053,70.0144741818329,71.8353646603942,68.9415914640049,66.0337371608126,73.9577436125657,71.5610116926509,74.3037680571092,75.1024472138326,84.7658688719809,86.8076966783297,94.0748317426586,90.0656475697557,74.6903529586164,76.6650522298914,85.7888061717206
84.8957052644652,85.2542769658534,85.467695035532,86.3194639837834,86.8526646580777,85.0147839468738,85.3825624657236,86.0053695518881,93.5376590045179,93.4454865923803,79.123654621785,94.6506305463986,94.2490432659778,95.1336336701287,77.3654946269653,83.4979821761352,92.7624959001554,93.3460061115866,93.638367486841,93.3736680848485,83.2270120572965,81.7178779487113,82.8857680355923,86.4659086624716,42.3525218811577,0,93.2709189153864,94.2338676663773,75.7021927549044,89.93870686143,89.0533720727432,91.7234051486264,69.6882502746613,85.2551456575037,88.9862253427414,85.0133434236904,99.321972845275,68.6005386484474,70.4989073356785,68.4272735458943,71.192631238051,72.7220037989209,71.4345175572937,71.4465125352311,72.8450989392945,70.4185337928377,76.6835443768437,72.5056579452757,76.799101076082,70.3584149916198,71.0431602333875,89.373922491748,91.1584779197002,87.4704292628424,91.5127258057446,84.0374595542003,85.7979910372805,85.6292379889342,90.8130044724823,86.9783120725711,84.6112492675652,86.5976632713656,82.7118055408641,102.279194424547,85.1937747843494,93.7469648576345,68.1635691690695,69.618338572717,67.0149894556669,64.3922098039094,75.4413588035038,73.0766543306009,75.3445501795141,76.1905236440179,86.5410396055005,92.152514520021,99.3480791159804,94.4577893172235,80.2888846399939,82.7107499067668,91.484360764561
55.1417012818861,55.1211675707895,55.458053140987,56.397925349139,56.5079584262089,54.7145361605815,54.7776022373995,55.3541273485603,59.2420459747189,59.0326281016311,80.2155273281657,61.2534322941572,60.78317598374,61.3019008590246,62.852991427831,68.2601692968172,64.6535003182604,65.8120935509156,65.6367938539443,65.7945148573093,59.2450390996323,58.6084265597852,59.2880897009171,41.7591960521775,88.3963469613321,93.2709189153864,0,33.478747256395,63.4700665606039,52.9387845175676,52.0995870664889,55.1264013621833,78.6244940760391,63.3770939679686,71.9137119946941,67.1223264262509,66.3204170739135,72.9784846853682,75.6344196565294,74.1120766205548,71.0483885728907,72.8378977131338,70.7908787881672,71.0659935163911,76.0925221187413,74.8668606627514,80.9347240147318,76.37106630664,81.6430927284579,74.1956835833392,76.0960010825574,63.9356360110944,65.7641293648306,62.4837981682526,65.0283635582266,60.8751412155803,62.1989864206144,61.5952256929553,60.5710453572608,62.1790500865294,59.6239477893651,61.0583748131193,56.9996815774955,74.0098791490024,52.3697804092896,51.1993132506014,85.2504997923691,88.2434246308563,84.724349039394,81.1191951812314,74.5705609768288,72.1361199165848,77.301706192142,78.0396930229986,83.0992234800883,55.3746100194535,61.8545797367552,73.9238916856381,48.989632112762,57.2024666669589,57.233951804578
56.9434892869382,56.9640659903961,57.2486171299858,58.2492386498088,58.4044592966114,56.4920994816666,56.5418836354282,57.1740246439336,61.7736717430043,61.579713011323,81.0860704215079,63.6882966885172,63.2236740107986,63.7840887513544,63.7677951281033,69.0602143540331,66.6227250558762,67.7489955583607,67.6020212736073,67.732254176799,60.8621974846996,60.1622259918642,60.8632997105119,39.1922670889291,89.3897676854835,94.2338676663773,33.478747256395,0,64.5749518304349,55.739580720329,54.8813173533047,57.9365607065687,79.5571102392498,64.83862194867,72.6373082770714,67.8380822793141,68.7147452257407,73.8331997076946,76.4918027360328,74.9735904921422,71.8867464155572,73.6796461495002,71.6281272036495,71.9068768527931,76.9555972593414,75.7310939373103,81.8016117878939,77.2340997878053,82.5121332489995,75.0598117007374,76.9615216138802,65.7300944450346,67.5491524125229,64.252690232116,66.885272686444,62.5450573219712,63.8797408502605,63.2957108828886,62.1562287563721,63.7914322441373,61.2185804881066,62.6864739160442,58.6099707473973,76.0075797237431,54.2050879360962,53.662797817463,86.1428295072523,89.1387188206548,85.6179810683161,82.0109140911033,75.4227284983965,72.9862706874673,78.1625383399347,78.8985628790311,83.9486889010417,55.8818712571466,61.9115660149937,74.2801949123802,50.1544995576666,58.6869840225008,59.7383573736472
49.2861340834122,49.7657197401511,49.9223748548985,50.7824192090017,51.4465427307733,49.547206525177,50.0007807683894,50.6479502819297,59.3424791324363,59.282003919176,71.9196622878372,60.2307906245419,59.8448289087651,60.8229407494905,39.3042706121166,50.066645228234,57.1230935384806,57.6059945153856,57.9845241893924,57.6374841588951,46.252714604621,44.3417847611329,45.661903121949,57.6563611706469,69.1652025357025,75.7021927549044,63.4700665606039,64.5749518304349,0,56.3772170750267,55.4695739251295,58.121758836698,59.3831077215066,47.1178837711178,56.3508300608411,51.8184176675462,64.8049617116297,62.5157333310261,64.9797069748326,63.5895383229518,61.8912378926103,63.7276888050657,61.8346084339886,62.1555924716202,66.7260722940445,65.0975233580188,71.3880550035192,66.7647993443315,71.9956592478108,64.6583463236928,66.1635758786065,53.1971336829907,54.943447153625,51.2166487389484,55.5304835220276,47.4862881926435,49.2405804128267,49.1290512931445,55.3266473896114,50.0243170345214,47.6076430325728,49.79087734767,45.87573800389,66.7061829548026,50.4499229788296,61.1000498746395,72.8323498658602,75.5485657673004,72.1363451350319,68.6618519803921,66.3286173384271,63.852208523194,68.3172433392975,69.0104727009521,75.8234890535179,58.9556168849165,66.5932804017533,67.9810739836806,45.3241370483742,45.4981589034602,57.259767396311
