0.177958 0.0233451 0.782176 0.0165212
0.0726363 0.0282086 0.899055 9.9991E-05
0.174222 0.0399439 0.761925 0.023909
0.0526229 0.0103944 0.910291 0.026692
0.00122766 0.0217047 0.967479 0.00958859
0.0304971 9.9991E-05 0.899979 0.0694237
0.0783776 9.9991E-05 0.869629 0.0518938
0.0306806 0.0485066 0.920713 9.9991E-05
0.200094 0.0277444 0.703573 0.0685889
0.212562 0.02753 0.719909 0.0399993
0.114024 0.076041 0.603547 0.206388
0.25342 0.0104912 0.663373 0.0727158
0.0162425 0.0533118 0.598379 0.332066
0.321039 0.00391581 0.589729 0.0853159
0.234907 0.0464402 0.650801 0.0678522
0.187361 0.0115451 0.800994 9.9991E-05
0.286379 9.9991E-05 0.669333 0.0441877
0.112371 0.0366143 0.850915 9.9991E-05
0.602257 0.0520433 0.146022 0.199678
0.799188 9.9991E-05 0.195762 0.00495031
0.737785 0.0246471 0.237468 9.9991E-05
0.917951 0.011435 0.021144 0.0494702
0.953184 0.0385461 9.9991E-05 0.00817011
0.8301 0.0603891 0.101164 0.00834731
0.771848 9.9982E-05 0.227952 9.9982E-05
0.955588 0.0126405 0.0316718 9.9991E-05
0.905217 0.010136 9.9991E-05 0.084547
0.894075 0.0364171 9.9991E-05 0.0694077
0.9997 9.998E-05 9.998E-05 9.998E-05
0.936206 9.9982E-05 9.9982E-05 0.0635945
0.939276 0.00409512 9.9991E-05 0.0565285
0.908837 0.0211385 0.0699247 9.9991E-05
0.821524 0.0540387 0.123266 0.00117056
0.19936 0.0818413 0.700787 0.0180119
0.305011 9.9982E-05 0.694789 9.9982E-05
0.202262 9.9991E-05 0.738777 0.0588609
0.0798813 0.0510566 0.85279 0.0162717
0.163254 0.0129703 0.695241 0.128535
9.998E-05 0.9997 9.998E-05 9.998E-05
0.894739 0.0115555 0.0305065 0.0631995
0.237235 0.000949069 0.681961 0.0798552
0.173741 0.00344985 0.822709 9.9991E-05
0.327061 0.0122227 0.456476 0.20424
0.121192 0.0977188 0.48199 0.299099
0.0744349 0.00658563 0.638484 0.280496
9.998E-05 0.9997 9.998E-05 9.998E-05
0.272469 0.0760201 0.573651 0.0778603
0.130398 9.9991E-05 0.613613 0.255888
0.362864 0.0398301 0.500587 0.0967196
0.0186784 0.0242554 0.0988068 0.858259
0.054782 0.0277749 0.0295635 0.88788
0.033477 0.0103637 0.0935487 0.862611
0.0101757 0.0627644 0.127874 0.799186
0.0432209 0.0412444 9.9991E-05 0.915435
0.088354 9.9982E-05 9.9982E-05 0.911446
0.00127611 0.0111363 0.204816 0.782772
0.0255846 9.9991E-05 0.0907789 0.883537
0.0877039 0.0171112 9.9991E-05 0.895085
9.9991E-05 0.0475899 0.0937273 0.858583
9.9991E-05 0.0448299 0.203514 0.751556
0.104712 9.9982E-05 9.9982E-05 0.895088
0.0763756 0.0172455 0.0897969 0.816582
0.0296534 0.0733846 0.348974 0.547988
0.775379 0.0260981 0.147432 0.0510912
0.809783 0.0470885 0.133731 0.00939682
0.906376 0.028594 0.0649305 9.9991E-05
0.0234219 0.0110563 0.193832 0.77169
9.9991E-05 0.0830919 0.260645 0.656163
0.0727489 0.0409978 0.0912053 0.795048
0.0701135 0.0603414 0.040092 0.829453
9.9991E-05 0.0474781 0.0984263 0.853996
9.9991E-05 0.0111365 0.620029 0.368735
0.0321827 0.00911768 0.642941 0.315758
0.0338285 9.9991E-05 0.588397 0.377675
9.9991E-05 0.0636682 0.622171 0.31406
0.124031 0.051928 0.567585 0.256456
0.091963 0.0318486 0.577424 0.298764
0.0629575 0.0392522 0.632962 0.264828
9.9982E-05 9.9982E-05 0.210616 0.789184
0.0277172 0.123846 0.24284 0.605596
0.0987215 0.00932167 0.0580445 0.833912
0.0794125 0.0513959 9.9991E-05 0.869092
9.9991E-05 0.0293104 0.188153 0.782436
0.811581 0.0247115 0.115097 0.0486105
0.161324 9.9991E-05 0.368101 0.470474
9.9982E-05 9.9982E-05 0.582091 0.417709
9.998E-05 0.9997 9.998E-05 9.998E-05
0.196401 9.9982E-05 0.803399 9.9982E-05
0.175003 0.0447279 0.78017 9.9991E-05
0.190207 0.0555103 0.703266 0.0510173
0.31714 0.0441013 0.511449 0.12731
0.161783 9.9991E-05 0.790992 0.0471253
9.9991E-05 0.00228643 0.527958 0.469656
0.658159 0.0544633 0.215261 0.0721164
9.9991E-05 0.0861125 0.505136 0.408651
0.29993 0.032749 0.52102 0.146301
0.230974 0.0218808 0.747046 9.9991E-05
0.0758426 9.9991E-05 0.906315 0.0177427
0.218581 9.9991E-05 0.776612 0.00470717
0.0864379 0.0217325 0.810516 0.0813131
0.0430331 0.0211526 0.8846 0.051214
0.151221 0.0144124 0.834266 9.9991E-05
0.0571683 0.039562 0.454664 0.448606
0.173551 0.106324 0.422239 0.297886
9.9991E-05 0.108981 0.478765 0.412155
0.249357 0.00512571 0.606098 0.13942
0.151828 9.9991E-05 0.585463 0.262609
0.459292 0.00872896 0.483652 0.0483272
0.0312045 0.0346359 0.0881255 0.846034
0.0532189 0.0362795 0.0791023 0.831399
0.192967 0.0148997 0.388386 0.403747
0.149281 0.0371832 0.495767 0.317769
0.346718 0.0578411 0.305905 0.289536
0.867474 9.9991E-05 0.118346 0.0140799
0.146343 0.056129 0.036478 0.76105
0.0163057 9.9991E-05 0.16877 0.814824
9.9982E-05 9.9982E-05 0.35089 0.64891
0.572791 0.0780533 0.316538 0.032618
0.34026 9.9991E-05 0.650471 0.00916853
0.0801817 0.0237173 0.834456 0.0616447
0.130772 9.9991E-05 0.786217 0.0829108
0.423763 9.9982E-05 0.576037 9.9982E-05
0.183066 0.0308023 0.786031 9.9991E-05
0.161915 9.9982E-05 0.837885 9.9982E-05
0.0249109 0.0425837 0.88552 0.0469856
0.38318 9.9982E-05 0.61662 9.9982E-05
0.183294 0.0100657 0.806541 9.9991E-05
0.166806 0.0402147 0.79288 9.9991E-05
0.177565 0.0281519 0.794183 9.9991E-05
0.2898 0.00804765 0.597345 0.104807
0.00298942 0.0478264 0.868845 0.0803389
0.293804 0.0221106 0.634648 0.0494371
0.14473 0.00559322 0.820409 0.0292676
0.963234 0.00651908 9.9991E-05 0.0301467
0.996517 9.9982E-05 0.00328349 9.9982E-05
0.9646 0.0351997 9.9982E-05 9.9982E-05
0.882376 0.00857379 0.0635963 0.0454537
0.847046 0.0157268 0.0876613 0.0495663
9.9991E-05 0.00300771 0.874009 0.122883
0.208703 0.0359757 0.755222 9.9991E-05
9.998E-05 9.998E-05 9.998E-05 0.9997
0.0973779 0.0163356 0.0662524 0.820034
0.0239458 0.0060854 0.0507915 0.919177
0.0919691 9.9991E-05 0.135033 0.772898
9.9991E-05 0.0287219 0.0280483 0.94313
0.128596 0.00187851 9.9991E-05 0.869425
9.9991E-05 0.0310541 0.0471484 0.921698
0.0792289 0.00780557 9.9991E-05 0.912866
0.101424 9.9991E-05 0.0105218 0.887955
0.0850876 0.0153698 9.9991E-05 0.899443
9.9991E-05 0.0432445 0.0647961 0.891859
0.0639426 0.0260691 0.0980405 0.811948
0.0405617 0.0184038 0.0910348 0.85
0.090741 0.0256038 9.9991E-05 0.883555
9.9991E-05 0.0117033 0.0471364 0.94106
9.9982E-05 0.0310157 9.9982E-05 0.968784
0.0937458 0.0123396 9.9991E-05 0.893815
0.069029 9.9991E-05 0.556757 0.374114
0.060985 0.00414186 0.703727 0.231146
9.9982E-05 9.9982E-05 0.055508 0.944292
0.0467244 0.0188483 0.206441 0.727986
0.0353426 0.00489997 9.9991E-05 0.959657
9.9982E-05 9.9982E-05 0.668502 0.331298
9.9982E-05 0.0112481 0.988552 9.9982E-05
0.306367 0.030956 0.662577 9.9991E-05
0.485124 9.9991E-05 0.468976 0.0458
0.682147 0.00856043 0.308934 0.000358469
0.882424 0.00563407 0.0901798 0.0217624
0.89858 9.9991E-05 0.0696734 0.0316466
0.802937 0.00933969 0.187624 9.9991E-05
0.837464 0.0147909 0.147645 9.9991E-05
0.849887 0.0442257 0.00328672 0.1026
0.891702 0.0381622 0.0068315 0.0633046
0.177857 9.9991E-05 0.805534 0.016509
0.0794887 0.0532458 0.79621 0.0710551
9.9991E-05 0.0298845 0.957813 0.0122029
9.99838E-05 9.99838E-05 0.930698 0.069102
0.00330656 0.0139583 0.951679 0.0310564
9.9991E-05 0.000903429 0.903894 0.0951023
0.242383 0.0257819 0.712286 0.019549
0.23103 0.0113475 0.64501 0.112613
0.076221 0.0587975 0.844658 0.0203237
0.160056 0.0182009 0.721598 0.100146
0.216148 0.0681076 0.672483 0.043262
0.745737 0.107524 0.042805 0.103935
0.0557548 0.0194369 0.0857963 0.839012
0.0958828 0.0278589 9.9991E-05 0.876158
9.9991E-05 0.00979104 0.0741614 0.915948
0.0377566 0.00521426 0.179263 0.777766
0.0955728 0.02312 0.028664 0.852643
0.314669 0.0129271 0.532 0.140403
0.25708 0.0239386 0.698297 0.0206847
0.175566 0.0805442 0.74379 9.9991E-05
0.242274 0.0661967 0.691429 9.9991E-05
