0.0118379 0.114955 0.746994 0.00293954 0.123273
0.0392543 0.0925808 0.77754 9.9991E-05 0.090525
0.0299336 0.0955859 0.655013 0.0140947 0.205373
0.0236063 0.196786 0.771268 9.9991E-05 0.00823964
9.9973E-05 9.9973E-05 0.924409 0.0752908 9.9973E-05
9.9982E-05 0.0886919 0.865925 0.0451829 9.9982E-05
9.9982E-05 0.265893 0.704918 9.9982E-05 0.028989
0.0185048 0.211407 0.769888 9.9982E-05 9.9982E-05
0.013732 9.9991E-05 0.668738 0.108435 0.208996
0.02635 0.327181 0.491194 9.9991E-05 0.155174
0.0674374 0.470049 0.342512 0.0597171 0.0602843
0.0152469 0.3213 0.457736 9.9991E-05 0.205617
0.0423313 0.778795 0.0814585 0.0644055 0.0330093
9.999E-05 0.321515 0.452527 0.0341916 0.191667
0.058628 9.9991E-05 0.772896 0.0747782 0.0935974
9.9982E-05 0.210326 0.659571 9.9982E-05 0.129903
9.9991E-05 0.0902322 0.70916 0.00677801 0.19373
0.0238506 0.0378623 0.881306 9.9991E-05 0.0568812
0.0649371 0.182432 0.0946568 0.121473 0.536501
9.9982E-05 0.163273 0.146299 9.9982E-05 0.690228
0.0122915 0.0262348 0.233531 0.011801 0.716141
0.0168899 0.122252 9.9991E-05 0.0347676 0.82599
0.0350245 0.058897 9.9991E-05 0.0252388 0.88074
0.0486503 9.9991E-05 0.095088 0.0142959 0.841866
9.9991E-05 0.0408319 0.206328 0.0209362 0.731803
0.0116341 0.00279539 0.0510908 9.9991E-05 0.93438
0.0307919 9.9982E-05 9.9982E-05 0.0426956 0.926313
0.029487 0.0625111 9.9991E-05 0.06895 0.838952
9.9982E-05 9.9982E-05 0.10434 0.0143878 0.881073
9.9982E-05 9.9982E-05 0.0440123 0.116266 0.839522
9.9973E-05 9.9973E-05 9.9973E-05 0.0449077 0.954792
0.0426025 9.9991E-05 0.00726074 0.0406453 0.909392
0.0572925 9.9991E-05 0.102786 0.0228966 0.816925
0.0747392 0.305065 0.458234 9.9991E-05 0.161862
0.00264098 9.9991E-05 0.674458 0.0486902 0.27411
9.9991E-05 0.0535348 0.746102 0.125539 0.0747243
0.0300107 0.155224 0.710384 0.0172631 0.0871174
0.0113644 0.25011 0.489467 0.0793479 0.169711
0.9996 9.997E-05 9.997E-05 9.997E-05 9.997E-05
0.0295634 0.196059 9.9982E-05 9.9982E-05 0.774178
9.9982E-05 9.9982E-05 0.706817 0.107949 0.185034
9.9982E-05 0.218051 0.619122 9.9982E-05 0.162627
9.9991E-05 0.329277 0.225479 0.120007 0.325137
0.0527178 0.693295 0.0560675 0.0897231 0.108197
0.00803923 0.898817 0.0350115 9.9991E-05 0.0580319
0.9996 9.997E-05 9.997E-05 9.997E-05 9.997E-05
0.0961298 0.280755 0.417703 9.9991E-05 0.205312
9.9991E-05 0.357495 0.387821 0.138269 0.116315
0.0449906 0.202173 0.331246 0.0703386 0.351251
0.0407432 0.180069 9.9991E-05 0.738905 0.0401826
0.0261631 0.120494 9.9991E-05 0.818098 0.0351447
9.9982E-05 9.9982E-05 0.163704 0.811382 0.0247142
0.0468368 0.281758 9.9982E-05 0.671205 9.9982E-05
0.0592585 9.9991E-05 0.0274102 0.859305 0.0539265
9.9982E-05 9.9982E-05 0.0577146 0.861486 0.0805994
9.9973E-05 9.9973E-05 0.251351 0.748349 9.9973E-05
0.0327327 0.0559047 0.0289422 0.795157 0.0872635
0.0178801 9.9982E-05 9.9982E-05 0.873451 0.108469
0.0378078 0.127424 0.0538058 0.780862 9.9991E-05
0.022147 0.30214 0.0678317 0.607781 9.9991E-05
9.9982E-05 0.0790273 9.9982E-05 0.827381 0.0933922
9.9991E-05 0.147959 0.0326428 0.717592 0.101706
0.0832278 0.553919 0.0461905 0.316563 9.9991E-05
0.0263322 9.9991E-05 0.157788 0.058737 0.757043
0.0372981 0.0377739 0.174057 0.0543023 0.696569
0.0295452 9.9982E-05 0.127615 9.9982E-05 0.84264
0.0188183 0.151375 0.0821359 0.708022 0.0396484
0.0766458 0.393085 9.9982E-05 0.530069 9.9982E-05
0.0266294 0.0845112 0.0947301 0.758226 0.0359028
0.056688 0.284269 9.9982E-05 0.658843 9.9982E-05
0.0445434 0.0606189 0.0857954 0.808942 9.9991E-05
0.0223855 0.780985 0.0993331 0.0971959 9.9991E-05
0.00655296 0.830679 0.121494 0.0110591 0.0302146
0.00490884 0.990373 9.9982E-05 9.9982E-05 0.00451854
0.0169043 0.982796 9.9973E-05 9.9973E-05 9.9973E-05
0.0324998 0.862272 9.9982E-05 9.9982E-05 0.105028
0.0136762 0.986024 9.9973E-05 9.9973E-05 9.9973E-05
0.015816 0.758531 0.112116 9.9991E-05 0.113437
9.9982E-05 0.308887 0.0804833 0.61043 9.9982E-05
0.123621 0.473454 0.0119341 0.381067 0.00992501
0.0241952 0.141374 9.9991E-05 0.733827 0.100504
0.0361664 0.110994 9.9991E-05 0.767528 0.0852121
0.0395244 0.083791 0.172936 0.703649 9.9991E-05
0.023479 0.198695 0.0532121 9.9991E-05 0.724514
9.9982E-05 0.548655 9.9982E-05 0.282809 0.168336
9.9973E-05 0.919806 9.9973E-05 0.0798939 9.9973E-05
0.9996 9.997E-05 9.997E-05 9.997E-05 9.997E-05
9.9982E-05 0.203753 0.612866 9.9982E-05 0.183182
0.0319651 0.0713733 0.757894 9.9991E-05 0.138668
0.0455515 0.140894 0.620692 0.0247279 0.168134
0.0648578 0.271634 0.347938 0.0680273 0.247543
9.9991E-05 0.0204393 0.817329 0.0702303 0.0919013
9.9973E-05 0.880103 9.9973E-05 0.119597 9.9973E-05
0.0415744 0.131128 0.169079 0.0572319 0.600987
0.0864346 0.679475 0.0769107 0.157079 9.9991E-05
0.0269008 0.416656 0.247933 0.0393769 0.269133
9.9982E-05 9.9982E-05 0.767161 0.0116662 0.220973
9.9982E-05 0.268403 0.668887 9.9982E-05 0.0625098
9.9982E-05 0.237298 0.59174 9.9982E-05 0.170761
0.018936 0.279795 0.660089 0.019509 0.0216714
0.0209418 0.38965 0.589208 9.99889E-05 9.99889E-05
0.00323537 0.19682 0.681 9.9991E-05 0.118845
0.0230054 0.601721 0.0726711 0.233694 0.0689086
0.0898185 0.702833 0.0366533 0.101686 0.0690087
0.083737 0.642481 0.0836493 0.190033 9.9991E-05
9.9982E-05 0.564581 0.206267 9.9982E-05 0.228952
9.9991E-05 0.517139 0.25166 0.0698391 0.161263
0.00583208 9.9991E-05 0.435363 0.0964146 0.462291
0.0210758 9.9982E-05 0.190873 0.787851 9.9982E-05
0.0199479 0.210898 0.028216 0.740838 9.9991E-05
9.9991E-05 0.598225 0.0160808 0.1789 0.206694
0.0422486 0.401186 0.189185 0.215529 0.151851
0.058185 0.338148 0.183371 0.169242 0.251054
9.9973E-05 0.256632 9.9973E-05 9.9973E-05 0.743068
0.0344731 0.254117 9.9991E-05 0.666971 0.0443394
9.9991E-05 0.168035 0.0830844 0.710119 0.0386613
9.9982E-05 0.388136 0.139613 0.47205 9.9982E-05
0.0531509 0.11748 0.351858 0.0313677 0.446144
9.9982E-05 9.9982E-05 0.737183 0.0623728 0.200245
0.0206828 0.13336 0.755789 0.0665523 0.0236162
9.9982E-05 9.9982E-05 0.805813 0.121833 0.0721535
9.9974E-05 9.9974E-05 0.598776 9.9974E-05 0.400924
0.0162933 0.0355272 0.744108 0.0307453 0.173326
9.9991E-05 0.0380619 0.85062 0.037792 0.0734264
9.9973E-05 9.9973E-05 0.924468 0.0752324 9.9973E-05
9.9991E-05 0.132914 0.50941 0.00836566 0.349211
0.0155604 0.216524 0.683829 9.9991E-05 0.083986
0.0191307 0.145133 0.644485 9.9991E-05 0.191152
0.0391618 0.218578 0.676019 9.9991E-05 0.0661416
9.9991E-05 0.120455 0.521222 0.0924402 0.265782
0.0569716 0.157337 0.693387 0.0549637 0.0373406
0.00568273 0.359361 0.392089 9.9991E-05 0.242768
9.9991E-05 0.0746546 0.81533 0.0670709 0.0428448
9.9973E-05 0.137013 9.9973E-05 9.9973E-05 0.862687
9.9982E-05 0.0257354 0.0545997 9.9982E-05 0.919465
0.0426032 9.9982E-05 0.0026183 9.9982E-05 0.954579
0.00629079 0.040653 0.0774259 0.102001 0.773629
9.9991E-05 0.129995 0.00435212 0.0313564 0.834197
0.0129296 0.227676 0.673294 0.0860004 9.9991E-05
0.0196753 0.161213 0.66245 9.9991E-05 0.156562
9.9973E-05 0.0730902 9.9973E-05 0.92661 9.9973E-05
0.0264873 0.0562221 0.0461687 0.826402 0.0447201
9.9982E-05 9.9982E-05 0.0770266 0.901128 0.0216451
9.9991E-05 0.23189 0.0212495 0.675987 0.0707728
0.0316806 0.110876 0.0115949 0.845749 9.9991E-05
9.9982E-05 0.12062 9.9982E-05 0.780461 0.0987193
0.0123259 0.0360196 0.0495411 0.902014 9.9991E-05
0.0127914 0.0135116 9.9991E-05 0.869901 0.103696
9.9982E-05 9.9982E-05 0.097826 0.860905 0.0410691
0.0201487 0.0785648 9.9991E-05 0.838909 0.0622773
0.0349784 0.169691 0.022155 0.769523 0.00365285
0.0290783 0.0947057 0.0708519 0.761021 0.0443427
0.0355817 9.9991E-05 0.108565 0.782463 0.0732901
0.00039981 9.9982E-05 9.9982E-05 0.910721 0.0886797
0.0197815 0.159687 9.9991E-05 0.813096 0.00733522
0.0149061 9.9982E-05 0.106851 0.878043 9.9982E-05
9.9982E-05 9.9982E-05 0.037236 0.891172 0.071392
0.0029515 0.835171 0.00378517 0.157992 9.9991E-05
9.9973E-05 0.938117 0.0615836 9.9973E-05 9.9973E-05
9.9982E-05 0.113519 0.0386679 0.847613 9.9982E-05
0.00567347 0.0568877 0.211866 0.707505 0.0180672
9.9982E-05 0.117318 9.9982E-05 0.834507 0.047975
9.9982E-05 0.764378 0.130982 0.10444 9.9982E-05
0.0205193 0.111389 0.866388 0.00160353 9.9991E-05
0.043983 9.9991E-05 0.70877 0.00769277 0.239454
9.9991E-05 0.148349 0.384824 0.0325407 0.434186
0.00119668 0.0662925 0.286802 0.00337454 0.642334
0.00831957 0.21608 9.9982E-05 9.9982E-05 0.775401
0.00831214 0.057622 9.9991E-05 0.0526608 0.881305
0.0116476 0.116418 0.10552 9.9991E-05 0.766314
0.0385171 0.103536 0.054999 0.00320248 0.799746
0.0412961 0.0485492 0.043873 0.101812 0.764469
0.059707 0.0442189 0.059722 0.070138 0.766214
0.0118699 0.12009 0.740188 0.00264246 0.12521
0.0614001 0.147377 0.699447 0.0874615 0.00431422
0.044724 0.183801 0.767131 0.00424466 9.9991E-05
0.00447118 0.180133 0.789553 0.0257423 9.9991E-05
0.0134794 0.106294 0.880027 9.9982E-05 9.9982E-05
9.9982E-05 0.373027 0.618907 0.00786566 9.9982E-05
0.020999 0.203488 0.508601 9.9991E-05 0.266813
0.0295158 0.20348 0.511788 0.0173783 0.237838
0.0689027 0.164542 0.693013 9.9991E-05 0.0734424
0.0243388 0.170836 0.590664 0.055767 0.158395
0.033089 0.106123 0.708368 0.0649824 0.0874374
0.170835 0.0949535 0.037809 0.0807303 0.615673
0.025532 0.185543 0.0219905 0.74421 0.0227245
0.0372147 0.0570301 0.00431992 0.802648 0.098787
0.0054374 0.140842 9.9991E-05 0.837178 0.0164429
0.00827663 0.0728477 0.179492 0.739283 9.9991E-05
0.0345191 9.9991E-05 0.104423 0.80101 0.0599471
0.0219049 0.185141 0.411164 0.114693 0.267097
0.022975 0.0843331 0.599321 0.0483432 0.245028
0.0619927 9.9991E-05 0.82155 0.0165206 0.0998365
0.0499148 0.153765 0.533771 9.9991E-05 0.262449
