0.217168 0.013447 9.9991E-05 0.769285
0.124833 0.0181127 9.9991E-05 0.856954
0.183539 0.0370626 0.00602054 0.773378
0.117152 0.0180802 0.0352455 0.829522
0.0617879 0.0195493 0.0362877 0.882375
0.0425378 0.0145039 0.0729057 0.870053
0.150662 9.9991E-05 0.00990618 0.839332
0.0822614 0.047804 9.9991E-05 0.869835
0.219627 0.0166752 0.0838919 0.679806
0.271897 0.0387644 0.0428888 0.64645
0.118936 0.053112 0.156709 0.671243
0.301235 0.0386143 0.0676498 0.592501
0.135791 0.037704 0.305809 0.520696
0.281233 9.9991E-05 0.110986 0.60768
0.29707 0.0379487 0.081587 0.583394
0.173669 0.0166742 0.00948366 0.800173
0.308267 9.9982E-05 9.9982E-05 0.691533
0.131719 0.0362961 9.9991E-05 0.831885
0.588984 0.0690268 0.193018 0.148971
0.824402 9.9991E-05 0.0388701 0.136628
0.775397 0.00422259 9.9991E-05 0.220281
0.855206 0.0162783 0.051755 0.0767608
0.939741 0.0600594 9.9982E-05 9.9982E-05
0.881474 0.0419229 0.0480828 0.0285204
0.78629 9.9991E-05 0.0168578 0.196752
0.988812 0.00538239 9.9991E-05 0.0057061
0.925129 0.0240828 0.0506886 9.9991E-05
0.901584 0.0282709 0.0700448 9.9991E-05
0.9997 9.998E-05 9.998E-05 9.998E-05
0.931935 0.000380074 0.0531488 0.0145363
0.932457 0.011101 0.0563424 9.9991E-05
0.918606 0.0362495 0.0184971 0.0266469
0.921088 0.0488768 9.9991E-05 0.0299357
0.285419 0.076597 0.0276539 0.610331
0.364788 0.00492114 0.00873 0.621561
0.141966 0.000868433 0.0535464 0.803619
0.0843369 0.0460708 0.0485436 0.821049
0.204254 0.0266832 0.110096 0.658968
9.998E-05 0.9997 9.998E-05 9.998E-05
0.878874 0.0289572 0.0513359 0.0408327
0.238321 9.9991E-05 0.0904949 0.671084
0.218345 9.9982E-05 9.9982E-05 0.781455
0.376766 0.00615376 0.170545 0.446536
0.149662 0.0590135 0.291322 0.500003
0.04392 0.0324308 0.311203 0.612446
9.998E-05 0.9997 9.998E-05 9.998E-05
0.249602 0.0947438 0.0798632 0.575791
0.156433 9.9991E-05 0.220982 0.622486
0.442046 0.0442708 0.129081 0.384602
0.0557919 0.041861 0.867048 0.0352992
0.0322617 0.0261667 0.872126 0.0694455
0.0306097 9.9991E-05 0.848168 0.121123
9.9991E-05 0.0543804 0.774578 0.170941
0.0690662 0.048781 0.882053 9.9991E-05
0.0973298 9.9982E-05 0.90247 9.9982E-05
9.9982E-05 9.9982E-05 0.776532 0.223268
0.0672511 0.0203676 0.848277 0.0641038
0.05776 0.024815 0.917325 9.9991E-05
9.9991E-05 0.0503077 0.845993 0.1036
9.9991E-05 0.0304553 0.736695 0.23275
0.126381 9.9982E-05 0.873419 9.9982E-05
0.10946 9.9991E-05 0.776265 0.114174
9.9991E-05 0.0590258 0.538873 0.402002
0.85231 0.0635565 0.0113247 0.072809
0.806147 0.0516201 0.0408389 0.101394
0.895912 0.0222531 9.9991E-05 0.0817347
0.0151337 0.01845 0.795355 0.171062
9.9991E-05 0.0891839 0.650961 0.259755
0.118057 0.0227508 0.78355 0.0756421
0.0345559 0.0603535 0.826634 0.0784568
9.9991E-05 0.0481164 0.855854 0.0959298
9.9991E-05 0.0128296 0.338748 0.648322
0.0707433 0.0203311 0.32387 0.585056
0.0583359 0.0116377 0.373252 0.556774
0.00376794 0.0368611 0.320599 0.638772
0.16975 0.0537086 0.267811 0.50873
0.0820951 0.0491259 0.33272 0.536059
0.165548 0.0309207 0.257706 0.545825
9.9982E-05 9.9982E-05 0.761141 0.238659
0.0601402 0.108545 0.579548 0.251767
0.0555162 0.021131 0.819454 0.103899
0.103893 0.0584952 0.837512 9.9991E-05
9.9991E-05 0.0220732 0.762191 0.215636
0.773165 0.0308776 0.0659282 0.130029
0.15097 0.00776873 0.477914 0.363347
9.9982E-05 9.9982E-05 0.400003 0.599797
9.998E-05 0.9997 9.998E-05 9.998E-05
0.210738 9.9982E-05 9.9982E-05 0.789062
0.213453 0.026285 9.9991E-05 0.760162
0.217027 0.0385255 0.047011 0.697437
0.346842 0.0284986 0.145057 0.479602
0.150837 9.9991E-05 0.0399558 0.809107
0.0760088 0.0253032 0.433138 0.46555
0.668025 0.0319103 0.0369189 0.263146
9.9991E-05 0.0874295 0.384606 0.527864
0.285691 0.0233819 0.148738 0.542189
0.202265 0.0116936 9.9991E-05 0.785941
0.100594 9.9991E-05 0.0174703 0.881835
0.238234 9.9991E-05 0.0265664 0.7351
0.0958406 0.000764358 0.110982 0.792413
0.0530913 0.0232235 9.9991E-05 0.923585
0.120038 0.00146008 9.9991E-05 0.878402
0.0612035 0.0420072 0.451474 0.445315
0.12519 0.0604676 0.315198 0.499144
0.019109 0.080266 0.387622 0.513003
0.29912 0.0101215 0.101731 0.589027
0.227064 9.9991E-05 0.254472 0.518364
0.448212 0.00329432 0.0277721 0.520722
9.9991E-05 0.0289895 0.838541 0.132369
0.0321968 0.0355308 0.832895 0.0993773
0.259535 0.00406132 0.372248 0.364156
0.146237 0.0323287 0.318508 0.502926
0.382302 0.0530504 0.299586 0.265062
0.867172 0.00340048 0.0309715 0.0984563
0.146525 0.0444464 0.783716 0.0253121
0.0224202 0.00579261 0.782778 0.189009
9.9982E-05 9.9982E-05 0.640835 0.358965
0.572334 0.0659296 0.0373031 0.324434
0.340453 0.0232954 0.0230047 0.613246
0.0778672 9.9991E-05 0.0480082 0.874025
0.120043 9.9991E-05 0.0911171 0.78874
0.488247 9.9982E-05 9.9982E-05 0.511553
0.225762 0.0125656 9.9991E-05 0.761573
0.180187 9.9991E-05 0.0179677 0.801745
0.0112277 0.0192123 0.0246426 0.944917
0.429866 9.9991E-05 0.0511417 0.518893
0.15633 0.0047026 9.9991E-05 0.838867
0.258366 0.0302534 9.9991E-05 0.711281
0.140717 0.0381813 9.9991E-05 0.821002
0.343413 0.000570333 0.13167 0.524347
0.0453025 0.0565636 0.0319784 0.866156
0.269199 0.0198983 0.0836342 0.627269
0.160684 0.000655913 9.9991E-05 0.83856
0.931709 9.9991E-05 0.0247573 0.0434342
0.9997 9.998E-05 9.998E-05 9.998E-05
0.962357 0.037443 9.9982E-05 9.9982E-05
0.884676 0.00497106 0.043119 0.0672337
0.857934 0.00346746 0.0436339 0.0949647
0.0298177 0.0158954 0.107227 0.84706
0.201574 0.0279789 9.9991E-05 0.770347
9.998E-05 9.998E-05 0.9997 9.998E-05
0.0829915 0.0357263 0.879778 0.00150456
9.9991E-05 0.00998558 0.924763 0.0651513
0.0169915 0.000519821 0.778737 0.203752
9.9991E-05 0.0382246 0.92197 0.0397049
0.143216 0.0100585 0.846625 9.9991E-05
9.9982E-05 0.0456212 0.954179 9.9982E-05
0.115653 0.00773684 0.87651 9.9991E-05
0.0929879 9.9982E-05 0.906812 9.9982E-05
0.119052 0.0127438 0.868105 9.9991E-05
9.9991E-05 0.0485398 0.859593 0.0917675
0.028665 0.0460881 0.831284 0.093963
0.072068 0.0168822 0.825665 0.0853843
0.0927043 9.9982E-05 0.907096 9.9982E-05
9.9991E-05 0.022771 0.926765 0.0503644
9.9991E-05 0.0296664 0.935054 0.0351795
0.0660897 0.0295479 0.904262 9.9991E-05
0.0478424 9.9991E-05 0.371182 0.580875
0.0537296 0.0120155 0.242623 0.691631
9.9982E-05 9.9982E-05 0.893326 0.106474
0.0414811 0.0100115 0.729794 0.218714
0.0270544 0.00703755 0.965808 9.9991E-05
9.9991E-05 0.0104585 0.340463 0.648978
0.0116557 0.02444 9.9991E-05 0.963804
0.247966 0.0354358 9.9991E-05 0.716498
0.533259 9.9991E-05 0.0466704 0.419971
0.696679 9.9982E-05 9.9982E-05 0.303121
0.826669 0.00837254 0.0353318 0.129627
0.92381 0.00121338 0.0511908 0.0237854
0.849383 0.00162174 9.9991E-05 0.148895
0.823167 0.0178345 0.0272842 0.131715
0.796209 0.0290059 0.0809095 0.0938754
0.800719 0.0585335 0.0689301 0.0718175
0.133807 0.0169626 0.00169977 0.847531
0.174467 0.0772137 0.0737354 0.674584
9.9991E-05 0.0516125 0.0252187 0.923069
9.9982E-05 9.9982E-05 0.0799149 0.919885
9.9982E-05 0.0203003 9.9982E-05 0.9795
0.0683107 9.9991E-05 0.113004 0.818585
0.248464 0.0314606 9.9991E-05 0.719976
0.249792 0.006196 0.10859 0.635422
0.148845 0.0504386 0.0151954 0.785521
0.229383 0.0126014 0.037236 0.720779
0.204744 0.0541111 0.0397908 0.701354
0.73231 0.152197 0.0921878 0.0233044
0.0462955 0.0212285 0.834015 0.0984614
0.0918711 0.0308139 0.874162 0.00315329
0.0356575 0.0114085 0.944579 0.00835532
9.9991E-05 0.00894974 0.774625 0.216325
0.0724072 0.0285603 0.82544 0.0735925
0.32831 0.0139431 0.141591 0.516155
0.366738 0.0376354 0.0233966 0.57223
0.152968 0.0552309 9.9991E-05 0.791701
0.317223 0.0661059 0.0055752 0.611095
