0.0128693 0.0933818 0.0485672 0.274282 0.0422213 0.528679
0.0260172 0.0340549 9.9991E-05 0.372613 0.0197366 0.547478
0.0284192 0.181165 9.9982E-05 9.9982E-05 0.0662624 0.723953
0.00982755 0.0355323 9.9991E-05 0.0445785 0.158888 0.751074
0.01437 9.9982E-05 0.0707493 0.135935 9.9982E-05 0.778746
9.9982E-05 9.9982E-05 0.0399766 0.241134 0.0335422 0.685148
9.9982E-05 0.0120401 9.9982E-05 0.310248 0.16896 0.508552
0.0433003 9.9982E-05 9.9982E-05 0.204249 0.132602 0.619648
0.00593883 0.0491322 0.0817716 0.718932 9.9991E-05 0.144126
0.0158828 0.174517 9.9991E-05 0.330082 0.21869 0.260729
0.0479838 0.0197541 0.05885 0.312567 0.411935 0.14891
0.0299432 0.181798 0.0352441 0.513608 0.0777479 0.161659
0.0349089 0.0378245 0.0393213 0.162544 0.725301 9.9991E-05
9.999E-05 0.0901026 0.0670158 0.711512 0.0964849 0.0347845
0.0448823 0.132833 0.0422673 0.592383 9.9991E-05 0.187534
9.9982E-05 0.0624403 9.9982E-05 0.605204 0.189555 0.142601
9.9982E-05 0.168778 0.017516 0.553313 9.9982E-05 0.260193
0.0234377 0.0327511 9.9982E-05 0.396343 9.9982E-05 0.547268
0.0350259 0.472194 0.109463 0.200657 0.18256 9.9991E-05
9.9973E-05 0.631957 9.9973E-05 0.211399 0.156344 9.9973E-05
0.00421142 0.669523 9.9991E-05 0.141658 0.00759571 0.176911
0.00193827 0.762721 0.0251976 0.0282179 0.157197 0.0247282
0.0558714 0.904786 9.9973E-05 9.9973E-05 0.0390422 9.9973E-05
0.0297148 0.75508 0.0287445 0.141177 9.9991E-05 0.045184
9.9982E-05 0.673259 9.9982E-05 0.0709357 0.113379 0.142226
0.00135737 0.864627 9.9982E-05 9.9982E-05 0.00183909 0.131976
0.0310443 0.882319 0.0745403 9.9982E-05 0.0118963 9.9982E-05
0.0274437 0.80027 0.0659001 0.0807276 0.0255586 9.9991E-05
9.9973E-05 0.876324 0.0645967 9.9973E-05 9.9973E-05 0.0587792
9.9982E-05 0.787075 0.0530354 9.9982E-05 0.0016013 0.158089
9.9973E-05 0.842579 0.0279632 0.129157 9.9973E-05 9.9973E-05
0.0184279 0.787537 0.0486945 0.138191 9.9991E-05 0.00704968
0.0606101 0.748356 9.9991E-05 0.0429998 0.125996 0.0219377
0.0469752 0.0914276 9.9991E-05 0.307892 0.27332 0.280284
9.9982E-05 0.27233 0.0233179 0.228782 9.9982E-05 0.47537
9.9973E-05 0.115921 0.0986103 9.9973E-05 9.9973E-05 0.785169
0.0473418 0.0107713 9.9982E-05 9.9982E-05 0.152269 0.789418
0.00379394 0.156149 0.0516387 0.307436 0.182718 0.298264
0.9995 9.996E-05 9.996E-05 9.996E-05 9.996E-05 9.996E-05
0.03789 0.744926 9.9973E-05 9.9973E-05 0.216884 9.9973E-05
0.00193296 0.121943 0.10982 0.183524 9.9991E-05 0.582681
9.9982E-05 0.102458 9.9982E-05 0.334426 0.157862 0.405054
9.9991E-05 0.263383 0.0838251 0.290228 0.270866 0.091598
0.0360244 0.0616164 0.116054 0.208199 0.55438 0.0237256
0.00953528 0.000217777 9.9982E-05 9.9982E-05 0.873625 0.116422
0.9995 9.996E-05 9.996E-05 9.996E-05 9.996E-05 9.996E-05
0.0641885 0.136351 0.00357578 0.363499 0.222187 0.210198
9.9991E-05 0.105654 0.0696657 0.157347 0.407611 0.259622
0.0599921 0.286263 0.0326565 0.275712 0.23957 0.105805
0.0362219 0.0207029 0.701783 0.125776 0.115416 9.9991E-05
0.0284166 0.0218024 0.787312 0.0280999 0.134269 9.9991E-05
9.9973E-05 9.9973E-05 0.7949 0.158166 9.9973E-05 0.0466341
0.0428344 9.9982E-05 0.6242 0.130535 0.20223 9.9982E-05
0.0367188 0.0698346 0.819864 0.0691891 9.9991E-05 0.00429322
9.9982E-05 0.111874 0.828795 0.0247809 9.9982E-05 0.0343498
9.9964E-05 9.9964E-05 0.650304 0.349296 9.9964E-05 9.9964E-05
0.00852673 0.0088826 0.770052 0.197084 0.0153545 9.9991E-05
0.042257 0.136097 0.821346 9.9973E-05 9.9973E-05 9.9973E-05
0.0570076 9.9991E-05 0.726092 0.0479985 0.129198 0.0396043
0.0319753 9.9991E-05 0.519987 0.0455867 0.316284 0.0860664
9.9973E-05 0.11158 0.798735 9.9973E-05 0.0893857 9.9973E-05
9.9991E-05 0.0735534 0.65459 0.0226448 0.155266 0.0938459
0.0635294 9.9982E-05 0.28029 0.101821 0.55416 9.9982E-05
0.0257354 0.732818 0.0641493 0.0493208 0.0091315 0.118845
0.0262827 0.734184 0.0245633 0.0919757 0.0315452 0.0914493
0.0237643 0.822046 9.9973E-05 9.9973E-05 9.9973E-05 0.153889
9.9973E-05 9.9973E-05 0.689768 0.206262 0.10367 9.9973E-05
0.0678544 9.9982E-05 0.455126 9.9982E-05 0.410412 0.0664078
0.0216606 0.0865031 0.70346 0.0554419 0.0604481 0.0724861
0.030056 9.9973E-05 0.669279 9.9973E-05 0.300365 9.9973E-05
0.0691132 9.9982E-05 0.779834 0.0524793 9.9982E-05 0.0983738
9.9982E-05 9.9982E-05 0.0984818 0.260411 0.625299 0.0156077
9.9973E-05 9.9973E-05 0.0245964 0.337635 0.637469 9.9973E-05
9.9991E-05 0.0762746 0.0281041 0.0594036 0.8163 0.0198175
0.0297916 9.9964E-05 9.9964E-05 9.9964E-05 0.969809 9.9964E-05
0.0338663 0.0448984 9.9973E-05 9.9973E-05 0.920935 9.9973E-05
0.0230977 9.9982E-05 0.0184294 0.0839334 0.87434 9.9982E-05
0.0177129 0.0798916 0.0060663 9.9991E-05 0.684594 0.211635
9.9973E-05 9.9973E-05 0.649646 0.222545 0.127509 9.9973E-05
0.0892929 9.9982E-05 0.393243 9.9982E-05 0.361454 0.15581
0.0209994 0.0333879 0.729403 9.9991E-05 0.105524 0.110586
0.0322231 0.1239 0.75255 9.9982E-05 0.0911267 9.9982E-05
0.02631 9.9973E-05 0.6601 0.31329 9.9973E-05 9.9973E-05
0.0299135 0.545687 0.0212671 0.276334 0.126698 9.9991E-05
9.9991E-05 0.0378763 0.256895 0.00886038 0.613828 0.0824403
9.9973E-05 9.9973E-05 0.092077 9.9973E-05 0.860927 0.046696
0.9995 9.996E-05 9.996E-05 9.996E-05 9.996E-05 9.996E-05
9.9982E-05 0.15311 9.9982E-05 0.198994 0.159992 0.487705
0.0288226 0.123386 9.9991E-05 0.0751502 0.128223 0.644319
0.028158 0.0916649 9.9991E-05 0.534111 0.132598 0.213368
0.031781 0.160873 0.0595245 0.577772 0.169949 9.9991E-05
9.9991E-05 0.0853977 0.0573658 0.204376 0.0281086 0.624652
9.9982E-05 0.0672236 0.164481 9.9982E-05 0.763878 0.00421757
0.0247675 0.542359 0.0256262 0.0947877 0.17915 0.13331
0.0945069 9.9991E-05 0.14112 0.0377925 0.624519 0.101962
0.0258355 0.262602 0.0142684 0.0369513 0.362495 0.297848
9.9973E-05 0.156038 9.9973E-05 0.736831 9.9973E-05 0.106831
9.9982E-05 0.00373106 9.9982E-05 0.140028 0.24223 0.613811
9.9982E-05 0.126985 9.9982E-05 0.271756 0.236323 0.364736
9.9982E-05 9.9982E-05 0.0207917 0.82529 0.0906688 0.0630494
0.0181108 0.0120336 9.9982E-05 9.9982E-05 0.231116 0.73854
0.00332874 9.9982E-05 9.9982E-05 0.865202 0.107681 0.0235883
0.0173312 0.0401826 0.170742 9.9991E-05 0.6811 0.0905445
0.0692739 9.9991E-05 0.127811 0.161625 0.597314 0.0438763
0.0733959 9.9991E-05 0.169899 0.060044 0.625506 0.0710551
0.00231543 0.18497 9.9991E-05 0.174629 0.547232 0.0907539
9.9991E-05 0.139128 0.0609742 0.239387 0.513301 0.0471102
9.9991E-05 0.378835 0.0469103 0.147601 0.00758225 0.418972
0.023397 9.9973E-05 0.729334 9.9973E-05 9.9973E-05 0.246969
0.0270171 9.9982E-05 0.679651 0.0797713 0.213361 9.9982E-05
0.000287214 0.0982709 0.142018 9.9991E-05 0.607165 0.152159
0.00257524 0.113179 0.158293 0.294288 0.431564 9.9991E-05
0.04083 0.219252 0.0739311 9.9991E-05 0.56351 0.102377
9.9964E-05 0.68586 9.9964E-05 9.9964E-05 0.31374 9.9964E-05
0.0396983 0.0540216 0.588077 9.9991E-05 0.307861 0.0102424
9.9991E-05 0.010483 0.624131 0.0344208 0.321945 0.00892064
9.9973E-05 9.9973E-05 0.444156 9.9973E-05 0.372899 0.182646
0.0624316 0.453526 0.0418937 9.9991E-05 0.0507606 0.391288
0.00349441 0.182755 0.0617848 0.400893 9.9991E-05 0.350973
0.0227983 0.0311504 0.0213087 0.232333 0.0879652 0.604444
9.9982E-05 0.127261 0.103037 0.06625 9.9982E-05 0.703253
9.9973E-05 0.372657 9.9973E-05 0.267045 9.9973E-05 0.359997
0.0183723 0.19017 9.9991E-05 0.0441817 0.09818 0.648996
9.9982E-05 0.138956 0.0107459 9.9982E-05 0.0225917 0.827506
0.0149565 0.0149848 0.0104251 0.176518 9.9991E-05 0.783016
0.00280848 0.353173 9.9991E-05 0.101251 0.131377 0.411291
9.9973E-05 0.0217715 9.9973E-05 0.962193 9.9973E-05 0.0157357
0.0131112 0.0702145 9.9982E-05 0.865397 9.9982E-05 0.0510771
0.0138153 0.0362791 9.9991E-05 0.896014 0.0165439 0.0372476
0.00938399 0.180997 0.0577201 0.292882 0.150692 0.308324
0.0186217 9.9982E-05 0.0172326 0.932551 9.9982E-05 0.0313951
9.9982E-05 0.151212 9.9982E-05 0.619756 0.220903 0.00793003
9.9991E-05 0.0721456 0.0101875 0.248283 0.0697723 0.599512
9.9973E-05 0.844002 9.9973E-05 0.0687946 0.0869034 9.9973E-05
9.9973E-05 0.817969 9.9973E-05 9.9973E-05 0.0281026 0.153629
0.0270829 0.881792 9.9973E-05 0.0908251 9.9973E-05 9.9973E-05
0.00393815 0.740558 0.0499503 0.161137 9.9991E-05 0.0443166
0.0269115 0.765419 9.9982E-05 9.9982E-05 0.143885 0.063584
0.0289741 9.9991E-05 0.0829103 0.171144 0.144577 0.572295
0.027999 0.116137 9.9991E-05 0.0194059 0.103514 0.732843
0.000498597 9.9973E-05 0.896976 9.9973E-05 0.102225 9.9973E-05
0.0249826 0.0447027 0.776319 0.063399 0.0439867 0.0466096
0.00812761 0.0445039 0.820799 9.9991E-05 0.0166073 0.109862
9.9982E-05 0.0195314 0.5759 9.9982E-05 0.343818 0.0605508
0.0301435 9.9982E-05 0.792225 0.128 0.0494315 9.9982E-05
0.0151129 0.190069 0.787721 9.9982E-05 9.9982E-05 0.00689624
0.0302659 9.9973E-05 0.82692 9.9973E-05 0.142514 9.9973E-05
9.9982E-05 0.142443 0.74165 9.9982E-05 0.0909563 0.0247506
9.9982E-05 0.0873507 0.815136 9.9982E-05 0.0431247 0.0541886
9.9982E-05 0.119954 0.821151 9.9982E-05 0.0508431 0.0078521
0.0383237 9.9991E-05 0.788534 0.107244 0.0242604 0.0415379
0.0483692 0.0150899 0.705682 0.0754522 0.135236 0.0201705
0.0131133 0.0278744 0.800965 0.0959326 9.9991E-05 0.0620145
0.0062593 0.0719227 0.851952 0.00814059 9.9991E-05 0.061625
9.9973E-05 9.9973E-05 0.772504 9.9973E-05 0.138451 0.0887444
0.0390744 9.9973E-05 0.844777 9.9973E-05 9.9973E-05 0.115849
0.0317096 0.0643906 0.824729 9.9991E-05 0.00630157 0.0727691
9.9982E-05 9.9982E-05 0.130095 0.038699 0.773025 0.0579816
9.9964E-05 9.9964E-05 9.9964E-05 0.159402 0.840198 9.9964E-05
9.9973E-05 9.9973E-05 0.834357 9.9973E-05 0.0847274 0.0806161
0.00284721 0.0329128 0.624212 9.9982E-05 9.9982E-05 0.339828
9.9973E-05 0.0244511 0.827343 9.9973E-05 0.147906 9.9973E-05
9.9982E-05 9.9982E-05 0.0957431 0.190536 0.681749 0.0317712
9.9964E-05 9.9964E-05 9.9964E-05 9.9964E-05 0.0915712 0.908029
0.0290117 0.165086 9.9982E-05 0.283834 9.9982E-05 0.521868
9.9973E-05 0.429718 9.9973E-05 9.9973E-05 0.193989 0.375993
9.9982E-05 0.540381 9.9982E-05 0.305964 0.0967673 0.0566873
9.9973E-05 0.75001 9.9973E-05 0.110249 0.139441 9.9973E-05
0.00356107 0.803142 0.00754302 0.0954292 0.090225 9.9991E-05
0.0278558 0.747485 9.9991E-05 0.0449299 0.0567008 0.122929
9.9982E-05 0.655524 0.0155124 0.278515 0.0502486 9.9982E-05
0.0541197 0.669659 0.0442677 0.133479 0.098374 9.9991E-05
0.0479096 0.716753 0.0655116 0.0464296 9.9991E-05 0.123297
0.0125329 0.0649446 0.00072922 0.10838 0.0351405 0.778272
0.0639626 0.0249565 0.0763628 0.018827 0.0496867 0.766204
0.0433536 9.9991E-05 0.0140265 0.132907 0.0921721 0.717441
0.00836779 9.9973E-05 9.9973E-05 9.9973E-05 0.172111 0.819222
0.0047062 9.9991E-05 0.0239893 0.140336 0.0254348 0.805434
9.9982E-05 9.9982E-05 0.0487482 0.162594 0.224551 0.563907
0.00163302 0.154704 9.9991E-05 0.630152 0.0833644 0.130046
0.000211056 0.0887352 0.0244654 0.786494 0.0999939 9.9991E-05
0.0315324 9.9973E-05 9.9973E-05 0.912929 0.055239 9.9973E-05
0.00673702 0.110114 0.0373134 0.789334 0.00035695 0.0561443
0.0251275 9.9991E-05 0.0351548 0.721513 0.0400069 0.178097
0.127307 0.600712 0.063129 0.208653 9.9982E-05 9.9982E-05
0.0231284 0.0275244 0.702539 0.0553172 0.191391 9.9991E-05
0.0411771 0.105196 0.709077 9.9982E-05 0.14435 9.9982E-05
9.9973E-05 9.9973E-05 0.801875 0.0563105 0.141514 9.9973E-05
0.0243918 0.0315994 0.676548 0.100885 0.0681737 0.0984014
0.0128319 0.100402 0.761577 9.9982E-05 9.9982E-05 0.124989
0.0103808 0.238584 0.120895 0.39235 0.0532114 0.184579
0.0285025 0.234388 0.0226493 0.404165 0.0413081 0.268986
0.0333583 9.9982E-05 0.0115881 0.91069 9.9982E-05 0.0441639
0.0550639 0.262369 9.9991E-05 0.268145 0.20955 0.204773
