0.0768241 0.130181 0.0151141 0.757188 9.9982E-05 0.0204928 9.9982E-05
0.0146878 9.9982E-05 0.028447 0.7817 0.000362116 9.9982E-05 0.174603
9.9973E-05 0.135522 0.0338109 0.731132 9.9973E-05 0.099235 9.9973E-05
0.256595 0.122207 0.002845 0.590136 9.9982E-05 9.9982E-05 0.0280177
0.279405 9.9982E-05 0.00971092 0.648878 0.0396899 9.9982E-05 0.0221163
0.171647 9.9973E-05 9.9973E-05 0.657364 0.0520455 9.9973E-05 0.118644
0.314741 0.0901059 9.9982E-05 0.231227 9.9982E-05 0.0331701 0.330556
0.296262 0.0712506 0.0122324 0.489107 9.9982E-05 9.9982E-05 0.130948
9.9973E-05 9.9973E-05 9.9973E-05 0.151486 0.0535225 0.0426333 0.752058
0.108015 0.189683 0.020664 0.248212 9.9991E-05 0.131864 0.301462
0.0947788 0.386072 0.0445485 0.0503366 0.058543 0.00592301 0.359798
0.0363691 0.17335 0.0138385 0.214451 9.9991E-05 0.194313 0.367579
0.00830883 0.698674 0.028301 9.9991E-05 0.0260236 0.0144585 0.224134
0.0712966 0.0521073 0.00125405 9.9991E-05 0.0692841 0.137815 0.668143
0.208881 9.9991E-05 0.0287427 0.212114 0.0238728 0.131787 0.394503
0.147307 0.150607 9.9982E-05 0.148918 9.9982E-05 0.0520195 0.500948
0.0468767 0.0227647 9.9982E-05 0.149054 9.9982E-05 0.168199 0.612906
9.9964E-05 9.9964E-05 0.0254578 0.56108 9.9964E-05 9.9964E-05 0.413062
9.999E-05 0.184211 0.0476679 0.0119027 0.0877019 0.460861 0.207555
9.9964E-05 0.0817312 9.9964E-05 9.9964E-05 9.9964E-05 0.574228 0.343641
0.0236664 9.9982E-05 9.9982E-05 0.183922 0.0112917 0.635839 0.145082
9.9982E-05 0.135924 0.0289083 0.0941969 9.9982E-05 0.73544 0.00533136
0.0458146 0.0774692 0.0434191 9.9982E-05 9.9982E-05 0.823473 0.00962425
9.9982E-05 9.9982E-05 0.0313137 0.198077 0.0183557 0.732579 0.0194751
0.183153 0.0278077 9.9982E-05 0.0244664 9.9982E-05 0.620537 0.143835
9.9964E-05 9.9964E-05 0.00340376 0.217875 9.9964E-05 0.778321 9.9964E-05
0.0114606 0.0270955 0.0381971 0.0153746 0.0685392 0.839233 9.9991E-05
9.9982E-05 0.0464001 0.0161171 9.9982E-05 0.00807269 0.773074 0.156136
9.9964E-05 9.9964E-05 9.9964E-05 0.19879 0.0147762 0.786034 9.9964E-05
0.13568 9.9964E-05 9.9964E-05 9.9964E-05 0.0877192 0.776201 9.9964E-05
9.9973E-05 9.9973E-05 9.9973E-05 0.0240797 0.043109 0.827957 0.104555
9.999E-05 0.0367799 0.0127848 0.00641915 0.029582 0.792334 0.122
0.209623 9.9973E-05 0.0526264 9.9973E-05 9.9973E-05 0.719989 0.0174617
0.147845 0.177475 0.065177 0.308319 9.9991E-05 0.0962252 0.204859
0.17652 9.9982E-05 0.0111167 0.431552 9.9982E-05 0.23758 0.143031
0.683203 9.9973E-05 9.9973E-05 0.151376 0.0694377 0.0956833 9.9973E-05
0.553993 0.185364 0.0136342 0.219899 9.9982E-05 0.0269094 9.9982E-05
0.171456 0.23488 0.00569484 0.194816 0.0470505 0.146123 0.199979
9.995E-05 9.995E-05 0.9994 9.995E-05 9.995E-05 9.995E-05 9.995E-05
0.109873 0.169282 0.0300727 9.9973E-05 9.9973E-05 0.690472 9.9973E-05
0.125908 9.9973E-05 9.9973E-05 0.678657 0.0969188 0.0982164 9.9973E-05
0.0473359 0.0701262 9.9982E-05 0.466992 9.9982E-05 0.133774 0.281571
0.0885574 0.285942 0.0102428 0.184841 0.0714381 0.200524 0.158456
9.999E-05 0.636894 0.0604793 0.0710823 0.046138 0.00768227 0.177624
0.148273 0.850219 0.00110755 9.9964E-05 9.9964E-05 9.9964E-05 9.9964E-05
9.995E-05 9.995E-05 0.9994 9.995E-05 9.995E-05 9.995E-05 9.995E-05
0.162533 0.226189 0.070684 0.115043 9.9991E-05 0.188717 0.236735
0.262994 0.332131 9.9991E-05 0.0160362 0.103761 0.00223626 0.282741
0.00917348 0.166807 0.0268602 0.227437 0.0777945 0.30416 0.187768
9.9973E-05 0.33345 0.00731947 9.9973E-05 0.634584 9.9973E-05 0.0243462
9.9973E-05 0.10775 0.0135658 9.9973E-05 0.734311 9.9973E-05 0.144073
0.0358305 0.0221017 9.9982E-05 0.0438567 0.794832 9.9982E-05 0.103179
0.052321 0.106147 0.0487727 9.9991E-05 0.669839 0.00638987 0.116431
0.10802 9.9982E-05 0.0446163 9.9982E-05 0.775442 0.0548115 0.0169098
9.9964E-05 9.9964E-05 9.9964E-05 9.9964E-05 0.797392 0.0606667 0.141541
9.9955E-05 9.9955E-05 9.9955E-05 9.9955E-05 0.657508 9.9955E-05 0.341992
9.9964E-05 9.9964E-05 0.00996588 9.9964E-05 0.759551 9.9964E-05 0.230083
9.9973E-05 0.0948632 0.0208561 9.9973E-05 0.775717 0.108264 9.9973E-05
9.9982E-05 0.142605 0.0307222 0.0936526 0.712081 9.9982E-05 0.0207391
0.0650204 0.314407 0.024103 0.0457936 0.550476 9.9982E-05 9.9982E-05
9.9964E-05 0.13961 9.9964E-05 9.9964E-05 0.765494 0.0944962 9.9964E-05
9.9973E-05 0.199592 9.9973E-05 0.12037 0.615011 0.0647279 9.9973E-05
0.0657813 0.598466 0.0693727 9.9991E-05 0.243283 0.00431996 0.0186766
0.11173 9.9991E-05 0.00983163 0.0262939 0.0159525 0.679172 0.156919
9.9973E-05 9.9973E-05 0.0309029 0.274482 0.00272792 0.691587 9.9973E-05
0.0850434 9.9973E-05 0.0254126 0.132345 9.9973E-05 0.756899 9.9973E-05
0.0511423 0.139696 0.0162066 9.9991E-05 0.621464 0.0293503 0.142041
0.0151319 0.373527 0.0764721 0.077052 0.418409 9.9991E-05 0.0393085
9.9991E-05 0.108447 0.0488082 0.0387529 0.699273 0.0543467 0.0502729
0.0402419 0.29288 0.0596689 0.00340329 0.603606 9.9982E-05 9.9982E-05
0.0409103 9.9973E-05 0.0364296 0.143913 0.778447 9.9973E-05 9.9973E-05
9.9973E-05 0.459427 9.9973E-05 0.254693 0.151557 9.9973E-05 0.134023
9.9973E-05 0.646509 0.00426878 9.9973E-05 0.0159742 9.9973E-05 0.332948
0.192596 0.625431 9.9973E-05 9.9973E-05 0.070948 9.9973E-05 0.110725
9.9964E-05 0.979904 0.00151997 9.9964E-05 9.9964E-05 9.9964E-05 0.0181766
0.10512 0.791459 0.0225241 9.9982E-05 9.9982E-05 0.0789065 0.00179016
9.9964E-05 0.929773 0.0231628 9.9964E-05 9.9964E-05 9.9964E-05 0.0466639
0.195795 0.618619 0.0146452 0.0650585 0.0610751 0.044707 9.9991E-05
0.0754431 0.0713102 9.9973E-05 9.9973E-05 0.623326 9.9973E-05 0.229621
0.0810643 0.256037 0.121244 0.103003 0.386173 0.052379 9.9991E-05
0.0271076 0.216299 0.0261672 9.9982E-05 0.669447 0.0607793 9.9982E-05
9.9982E-05 0.0410051 0.0448879 9.9982E-05 0.727608 0.0910494 0.0952493
0.0410341 9.9973E-05 0.0354203 9.9973E-05 0.656616 9.9973E-05 0.26663
9.9982E-05 0.116885 0.0219935 0.0293897 9.9982E-05 0.617972 0.21356
0.103843 0.486809 9.9982E-05 9.9982E-05 0.26568 0.122431 0.0210373
0.0642958 0.839355 9.9973E-05 0.0274437 0.0686059 9.9973E-05 9.9973E-05
9.995E-05 9.995E-05 0.9994 9.995E-05 9.995E-05 9.995E-05 9.995E-05
0.103568 0.124457 9.9982E-05 0.539439 9.9982E-05 0.118048 0.114288
0.029882 0.0231611 0.0288607 0.722579 9.9991E-05 0.0506076 0.14481
0.0612072 0.137563 0.0266836 0.219016 9.9991E-05 0.0362815 0.519149
9.9982E-05 0.10693 0.0530859 9.9982E-05 0.0798713 0.127997 0.631916
0.420882 9.9982E-05 9.9982E-05 0.397354 0.0349304 0.0189226 0.127711
0.1323 0.701065 9.9973E-05 9.9973E-05 0.149076 0.0172591 9.9973E-05
0.200843 0.1353 0.0249355 0.175629 0.00149118 0.461702 9.9991E-05
9.9973E-05 0.637374 0.0717479 0.17658 0.113998 9.9973E-05 9.9973E-05
0.313318 0.195214 0.0168083 0.0362969 0.0918549 0.227133 0.119375
0.0190167 9.9982E-05 0.002549 0.631773 9.9982E-05 0.0498361 0.296625
0.414616 0.180712 9.9982E-05 0.220709 9.9982E-05 0.0437703 0.139994
9.9973E-05 0.218429 9.9973E-05 0.372489 9.9973E-05 0.0633729 0.345409
0.191077 0.102694 9.9964E-05 9.9964E-05 9.9964E-05 9.9964E-05 0.705829
0.843459 0.151135 9.9964E-05 9.9964E-05 9.9964E-05 0.00500631 9.9964E-05
9.9964E-05 0.0577599 9.9964E-05 0.0169494 9.9964E-05 9.9964E-05 0.924891
0.199632 0.585848 0.0258022 0.0323068 0.152932 0.00337905 9.9991E-05
0.0477379 0.452873 0.109163 0.0643948 0.174202 9.9991E-05 0.15153
0.038354 0.604757 0.0850778 0.113485 0.157608 9.9991E-05 0.000618885
0.0950906 0.498975 9.9973E-05 9.9973E-05 9.9973E-05 0.126284 0.279351
9.9982E-05 0.363536 9.9982E-05 0.15274 0.118768 0.0937741 0.270982
0.198297 9.9982E-05 9.9982E-05 0.106477 0.0665218 0.328349 0.300155
0.154435 9.9982E-05 0.00644256 0.0583394 0.693401 9.9982E-05 0.0871819
9.9991E-05 0.171478 0.0361328 0.083672 0.665068 0.0181947 0.025354
9.9973E-05 0.625076 9.9973E-05 0.21551 0.0872533 0.0718603 9.9973E-05
9.9982E-05 0.456412 0.0278653 9.9982E-05 0.106729 0.0322694 0.376525
9.9982E-05 0.477283 0.0309739 0.215268 0.0810694 0.195205 9.9982E-05
0.118679 0.163894 9.9973E-05 9.9973E-05 9.9973E-05 0.651481 0.0656458
0.0284556 0.241683 0.0498456 9.9982E-05 0.618777 0.0610388 9.9982E-05
0.0815552 0.294086 9.9973E-05 9.9973E-05 0.602337 9.9973E-05 0.0217217
0.0379991 0.457395 9.9982E-05 0.0763061 0.411237 9.9982E-05 0.0168629
0.160792 0.0596064 0.0734091 0.259631 0.00639114 0.408667 0.0315029
9.9982E-05 0.0530273 0.00883603 0.783352 0.00843945 0.146145 9.9982E-05
0.1824 0.0694988 0.0185684 0.592291 0.0401073 9.9991E-05 0.0970346
0.0921127 9.9964E-05 9.9964E-05 0.800484 0.107004 9.9964E-05 9.9964E-05
0.097472 9.9973E-05 9.9973E-05 0.418988 9.9973E-05 0.337847 0.145393
0.167652 9.9991E-05 0.0213547 0.53234 0.0141144 0.134873 0.129565
9.9973E-05 0.0173452 9.9973E-05 0.930839 0.00707711 0.0444389 9.9973E-05
9.9964E-05 9.9964E-05 9.9964E-05 0.882817 0.0416019 9.9964E-05 0.0751816
0.201865 0.103001 9.9982E-05 0.270798 9.9982E-05 0.337488 0.0866486
9.9973E-05 9.9973E-05 0.00121224 0.123944 9.9973E-05 0.0053378 0.869206
0.0224406 9.9973E-05 0.00611596 9.9973E-05 9.9973E-05 0.0296148 0.941529
0.153287 0.0121643 9.9964E-05 9.9964E-05 9.9964E-05 9.9964E-05 0.834149
0.0132248 0.0750706 9.9991E-05 0.285265 0.0989976 0.212482 0.314861
9.9982E-05 0.00371088 0.0541783 0.113855 0.0457399 9.9982E-05 0.782316
9.9991E-05 0.0920361 0.00595136 0.107227 0.0289029 0.117344 0.648438
9.9982E-05 0.0603089 0.0122708 0.810138 0.0309029 9.9982E-05 0.0861797
0.156918 0.0917572 9.9964E-05 9.9964E-05 9.9964E-05 0.750925 9.9964E-05
9.9955E-05 9.9955E-05 9.9955E-05 0.228353 9.9955E-05 0.771147 9.9955E-05
0.0601793 9.9973E-05 0.0262857 9.9973E-05 9.9973E-05 0.812207 0.101028
9.9991E-05 0.0682476 0.00589111 0.0522157 0.0464558 0.622438 0.204652
9.9982E-05 0.104985 0.010728 0.174945 0.00194521 0.707196 9.9982E-05
0.237414 0.098737 0.0170841 0.46134 0.0546032 9.9991E-05 0.130722
0.749796 9.9973E-05 0.0275157 0.104146 9.9973E-05 0.118242 9.9973E-05
9.9964E-05 0.0923995 9.9964E-05 0.0332503 0.87395 9.9964E-05 9.9964E-05
0.00637087 9.9991E-05 0.0368814 0.0748581 0.771593 0.0348464 0.0753503
0.127201 9.9973E-05 0.00789496 9.9973E-05 0.835374 0.0292303 9.9973E-05
9.9973E-05 0.31244 9.9973E-05 0.143651 0.537603 0.00600584 9.9973E-05
9.9982E-05 0.0978858 0.0127506 0.0760283 0.783712 9.9982E-05 0.0294232
9.9982E-05 0.00758557 0.00503032 9.9982E-05 0.759083 0.182005 0.046096
9.9964E-05 0.0123357 9.9964E-05 0.173415 0.813849 9.9964E-05 9.9964E-05
9.9982E-05 0.146993 0.00634856 0.0833221 0.73199 0.031147 9.9982E-05
9.9973E-05 0.152162 9.9973E-05 0.0267742 0.749865 0.0708989 9.9973E-05
9.9982E-05 0.0584949 0.0231907 0.0745905 0.794674 0.0488498 9.9982E-05
0.112847 0.0376908 0.0712259 0.00844279 0.769593 9.9982E-05 9.9982E-05
0.0877653 9.9991E-05 0.0383724 0.112258 0.706001 0.0139128 0.0415901
9.9982E-05 9.9982E-05 0.0205543 0.15161 0.731896 0.0135978 0.0821422
0.108652 9.9982E-05 0.00316286 9.9982E-05 0.813057 0.0448839 0.0300444
0.160933 0.058589 0.00187612 0.0310688 0.733488 0.0139459 9.9991E-05
0.0218994 9.9973E-05 0.0190677 0.126061 0.832672 9.9973E-05 9.9973E-05
0.167002 9.9973E-05 0.00748181 9.9973E-05 0.793992 0.0312246 9.9973E-05
0.025643 0.711046 9.9991E-05 0.135363 0.109129 0.0142122 0.00450726
0.0376669 0.80429 9.9982E-05 0.144652 9.9982E-05 0.0106691 0.00252185
0.0639333 0.0926151 9.9973E-05 0.0847059 0.758446 9.9973E-05 9.9973E-05
0.148614 9.9991E-05 0.00165729 0.136541 0.641559 0.0312875 0.0402406
9.9964E-05 0.260703 9.9964E-05 9.9964E-05 0.72681 0.0120868 9.9964E-05
0.0072249 0.697102 9.9982E-05 0.0695987 0.0696312 9.9982E-05 0.156243
0.0139983 0.0769801 0.00280707 0.900545 9.9982E-05 9.9982E-05 0.00546993
0.0608018 9.9973E-05 0.0160982 0.773481 9.9973E-05 0.149319 9.9973E-05
9.9964E-05 0.211927 9.9964E-05 0.402782 9.9964E-05 0.384891 9.9964E-05
9.9982E-05 0.0977336 0.0054583 0.160492 9.9982E-05 0.572856 0.16326
0.0414103 0.153997 0.0117902 0.0169914 9.9991E-05 0.739395 0.0363156
9.9982E-05 0.00334641 9.9982E-05 0.0296287 0.0407868 0.766013 0.160025
0.049231 0.0382335 9.9982E-05 0.155901 9.9982E-05 0.640264 0.116171
9.9973E-05 0.0907048 0.0209714 9.9973E-05 9.9973E-05 0.649644 0.23838
9.9991E-05 0.112206 0.024538 0.0286374 0.0727847 0.654531 0.107203
0.039369 9.9991E-05 0.0398461 0.12544 0.0577511 0.73671 0.000783158
0.0285595 0.0872223 0.0119914 0.824328 9.9982E-05 0.047699 9.9982E-05
0.391999 0.127077 0.0411382 0.358978 0.00173591 0.0789717 9.9991E-05
0.942219 9.9964E-05 0.0293322 9.9964E-05 9.9964E-05 9.9964E-05 0.0280494
0.9994 9.995E-05 9.995E-05 9.995E-05 9.995E-05 9.995E-05 9.995E-05
0.9994 9.995E-05 9.995E-05 9.995E-05 9.995E-05 9.995E-05 9.995E-05
0.816576 0.0873473 9.9982E-05 0.0371592 0.0102181 9.9982E-05 0.0484997
0.0529899 0.160004 9.9982E-05 0.152169 9.9982E-05 0.0677711 0.566866
9.9973E-05 0.0443264 9.9973E-05 9.9973E-05 0.00608602 0.046847 0.902441
0.030938 0.0443952 0.03286 0.0125122 0.00745875 9.9991E-05 0.871736
0.267263 0.0440502 9.9982E-05 9.9982E-05 0.0326683 0.0352371 0.620581
0.214071 9.9982E-05 0.00839264 9.9982E-05 0.0362326 0.0578248 0.683279
9.9982E-05 9.9982E-05 0.120362 0.00373949 0.0586596 0.5401 0.27694
9.9991E-05 0.138443 0.0163859 0.0349355 0.699543 0.000883069 0.10971
0.0680828 0.0414996 0.0310809 9.9982E-05 0.766048 0.0930886 9.9982E-05
0.0263452 0.081253 0.018754 9.9982E-05 0.779628 9.9982E-05 0.0938196
9.9982E-05 0.0725287 0.0393846 0.120942 0.664854 9.9982E-05 0.102091
0.0597034 0.000465671 0.0295713 0.0697616 0.751183 0.0892148 9.9991E-05
0.282544 9.9991E-05 0.0288533 0.00240017 0.104308 0.233226 0.348569
0.00149303 0.0573742 0.0413194 0.290196 9.9991E-05 0.20084 0.408678
0.00429 9.9973E-05 0.0568986 0.166966 9.9973E-05 9.9973E-05 0.771545
0.106444 0.100957 0.0321076 0.358873 9.9991E-05 0.193232 0.208288
