0.00574621 0.0937627 0.686564 9.9991E-05 0.213827
0.0043353 0.0836173 0.828006 9.9991E-05 0.0839413
0.0179132 0.21377 0.598156 9.9991E-05 0.17006
0.0195406 0.0664938 0.686213 9.9991E-05 0.227653
0.00342625 9.9982E-05 0.912429 0.0839449 9.9982E-05
0.00667942 9.9991E-05 0.842697 0.0542765 0.0962472
0.000446305 0.0593504 0.784241 0.053062 0.1029
0.0416698 9.9982E-05 0.794682 9.9982E-05 0.163448
0.00365072 0.210042 0.666791 0.119416 9.9991E-05
0.0388875 0.197361 0.522763 0.00716803 0.23382
0.0667322 0.0751166 0.313333 0.0642465 0.480572
0.0314584 0.202463 0.486615 9.9991E-05 0.279364
0.0266594 0.0417428 0.0245003 0.0487053 0.858392
0.0077819 0.222292 0.541816 0.0436638 0.184446
0.0541494 0.154971 0.714273 0.0765072 9.9991E-05
0.00533195 0.100178 0.697869 0.0228557 0.173765
9.9982E-05 0.222131 0.727891 0.0497787 9.9982E-05
0.0501993 0.0703405 0.87926 9.9982E-05 9.9982E-05
0.0611514 0.54696 0.133635 0.165736 0.092518
9.9982E-05 0.713163 0.154804 9.9982E-05 0.131833
0.0365532 0.692031 0.221324 0.0279197 0.0221721
0.0128357 0.818867 9.9991E-05 0.00317593 0.165021
0.0545431 0.9191 9.9991E-05 0.0080342 0.0182224
0.0483934 0.784651 0.136606 0.0302497 9.9991E-05
9.9991E-05 0.686571 0.212081 0.00124778 0.0999996
0.0201932 0.94733 0.0322765 9.9982E-05 9.9982E-05
0.0337449 0.877879 9.9982E-05 0.0881759 9.9982E-05
0.0384438 0.882072 9.9991E-05 0.0587292 0.0206551
9.9982E-05 0.915562 0.0332883 0.0509496 9.9982E-05
9.9991E-05 0.834098 0.0434009 0.0893884 0.0330132
0.0304975 0.910574 9.9991E-05 0.0502153 0.00861285
0.0385146 0.826558 0.131171 0.0036564 9.9991E-05
0.0541635 0.848315 0.0186373 0.00635237 0.0725319
0.07131 0.157951 0.551698 9.9991E-05 0.218942
0.00431451 0.282416 0.657617 0.0555529 9.9991E-05
9.9991E-05 0.137141 0.680406 0.0790987 0.103254
0.0198174 0.0384485 0.657759 0.0279668 0.256008
0.006183 0.148856 0.573654 0.10765 0.163657
0.9996 9.997E-05 9.997E-05 9.997E-05 9.997E-05
0.0231266 0.802318 9.9982E-05 9.9982E-05 0.174356
0.00377713 0.111658 0.722369 0.162096 9.9991E-05
0.00457028 0.152204 0.652397 9.9991E-05 0.190729
9.9991E-05 0.262914 0.304558 0.132709 0.29972
0.0492021 0.145208 0.0553585 0.114872 0.63536
0.00495473 0.00474491 9.9991E-05 0.0164695 0.973731
0.9996 9.997E-05 9.997E-05 9.997E-05 9.997E-05
0.0634976 0.219689 0.479675 0.0380177 0.199121
9.9991E-05 0.131845 0.355914 0.0919261 0.420215
0.0108771 0.370471 0.292914 0.0939345 0.231804
0.0276127 0.0432036 0.0184365 0.743986 0.166761
0.0371747 0.0258222 9.9991E-05 0.774942 0.161961
0.000442481 9.9982E-05 0.181892 0.817466 9.9982E-05
0.0554589 0.0139807 0.101583 0.68823 0.140748
0.0421994 0.0532478 0.0601808 0.844272 9.9991E-05
9.9982E-05 0.100337 0.0554211 0.844041 9.9982E-05
9.9982E-05 9.9982E-05 0.258257 0.736427 0.0051158
0.0112024 0.0541812 0.0321713 0.821281 0.0811639
0.0518093 0.0776466 9.9982E-05 0.870344 9.9982E-05
0.0498084 9.9991E-05 0.14831 0.79425 0.00753165
0.0443215 9.9991E-05 0.145138 0.606228 0.204212
9.9982E-05 0.113453 9.9982E-05 0.838931 0.0474155
0.00558472 0.0987359 0.0792639 0.678253 0.138163
0.0639197 0.0446496 9.9991E-05 0.337422 0.553909
0.0171296 0.782413 0.105187 0.0436344 0.0516355
0.0371477 0.744633 0.133101 0.0357721 0.0493459
0.0305798 0.836372 0.132849 9.9982E-05 9.9982E-05
0.0189681 9.9991E-05 0.0813494 0.687392 0.21219
0.0817369 9.9982E-05 9.9982E-05 0.495059 0.423004
0.00185536 0.047708 0.118086 0.791988 0.0403626
0.0479168 0.00565816 9.9991E-05 0.681612 0.264713
0.0476821 0.020416 0.0898014 0.842001 9.9991E-05
0.0151847 9.9991E-05 0.130398 0.0759079 0.77841
0.0183503 0.0502278 0.154307 0.078657 0.698458
9.9991E-05 0.00920744 0.0615276 0.0928823 0.836283
0.0148969 9.9973E-05 9.9973E-05 9.9973E-05 0.984803
0.0294719 0.0830386 9.9982E-05 9.9982E-05 0.88729
0.0188978 9.9973E-05 9.9973E-05 9.9973E-05 0.980802
0.0210219 0.113292 0.0817686 0.0219147 0.762003
9.9982E-05 9.9982E-05 0.0557363 0.639798 0.304266
0.102076 0.0542254 0.0769026 0.475514 0.291282
9.9982E-05 0.0733053 9.9982E-05 0.747483 0.179012
0.0369373 0.124519 9.9991E-05 0.718498 0.119945
0.0247197 9.9982E-05 0.231255 0.743826 9.9982E-05
0.0236508 0.694881 0.13191 0.0367067 0.112851
9.9982E-05 0.119938 9.9982E-05 0.225681 0.654181
9.9973E-05 9.9973E-05 9.9973E-05 0.0693666 0.930333
0.9996 9.997E-05 9.997E-05 9.997E-05 9.997E-05
9.9982E-05 0.233086 0.65559 9.9982E-05 0.111124
0.0329789 0.154075 0.668062 9.9991E-05 0.144784
0.0511041 0.11841 0.621952 9.9991E-05 0.208433
0.015231 0.24788 0.399785 0.11015 0.226954
9.9991E-05 0.07932 0.846142 0.051965 0.022473
9.9973E-05 9.9973E-05 9.9973E-05 0.138171 0.861529
0.0387119 0.544522 0.263461 0.0501121 0.103193
0.0880826 9.9991E-05 0.0834976 0.165761 0.662559
0.0171909 0.293996 0.302386 0.0917858 0.294641
9.9982E-05 0.224155 0.765623 9.9982E-05 0.0100217
9.9982E-05 0.0574986 0.664922 9.9982E-05 0.27738
9.9982E-05 0.120973 0.563339 9.9982E-05 0.315488
0.0273721 0.039001 0.733986 0.0427607 0.15688
9.9982E-05 0.0133831 0.558876 9.9982E-05 0.427541
0.0129389 0.103529 0.615756 9.9991E-05 0.267676
0.0330547 0.0538573 0.106461 0.253225 0.553402
0.0931314 0.0465562 0.0479146 0.112983 0.699414
0.0864183 0.00566993 0.0300871 0.179257 0.698567
9.9982E-05 0.265049 0.134268 9.9982E-05 0.600483
9.9991E-05 0.134688 0.298101 0.0916512 0.47546
9.9982E-05 0.434138 0.489056 0.0766069 9.9982E-05
0.027615 9.9982E-05 0.176875 0.79531 9.9982E-05
0.0239492 0.0132181 9.9991E-05 0.720288 0.242445
9.9991E-05 0.20398 0.0295775 0.159662 0.60668
0.0276344 0.111203 0.207451 0.184515 0.469197
0.0521819 0.28632 0.0776293 0.135291 0.448578
9.9973E-05 0.693657 9.9973E-05 9.9973E-05 0.306043
0.0519008 0.00250537 9.9991E-05 0.626603 0.318891
9.9991E-05 0.00973742 0.00111324 0.673603 0.315446
9.9982E-05 9.9982E-05 0.0978344 0.486429 0.415536
0.0578793 0.458999 0.296735 0.0139925 0.172394
9.9982E-05 0.265895 0.670491 0.0634135 9.9982E-05
0.0173801 0.00332332 0.743626 0.0379938 0.197676
9.9982E-05 0.0564035 0.81161 0.131786 9.9982E-05
9.9982E-05 0.369411 0.561468 9.9982E-05 0.0689206
0.0160974 0.18945 0.677909 0.0564484 0.0600951
9.9991E-05 0.154167 0.805529 0.0365053 0.0036983
0.0204503 0.00762366 0.902969 0.0688573 9.9991E-05
9.9982E-05 0.379201 0.42098 9.9982E-05 0.19962
9.9982E-05 0.140425 0.765874 9.9982E-05 0.0935018
0.0318933 0.204365 0.697046 9.9991E-05 0.0665963
0.0116821 0.11687 0.766065 0.0249953 0.0803881
9.9991E-05 0.298053 0.461212 0.0748525 0.165783
0.0484018 0.0325386 0.828154 0.0887747 0.00213088
0.0316613 0.233306 0.501212 9.9991E-05 0.233721
9.9991E-05 0.109068 0.819348 0.0435338 0.0279505
9.9973E-05 0.843279 9.9973E-05 9.9973E-05 0.156421
9.9982E-05 0.91994 0.0250013 9.9982E-05 0.054859
0.0417602 0.935097 0.0229429 9.9982E-05 9.9982E-05
9.9991E-05 0.833511 0.0534879 0.0714304 0.0414708
0.0104435 0.849937 0.0780288 0.0385097 0.0230806
0.0136109 9.9991E-05 0.662228 0.0404967 0.283564
0.0416422 0.136078 0.630867 9.9991E-05 0.191312
9.9973E-05 9.9973E-05 9.9973E-05 0.882108 0.117592
0.0166746 0.0790058 0.0263085 0.782609 0.0954024
0.00443211 0.0128345 0.0977003 0.884933 9.9991E-05
9.9982E-05 0.0498135 9.9982E-05 0.638205 0.311781
0.0178631 9.9982E-05 0.100128 0.881809 9.9982E-05
9.9982E-05 0.150706 0.0275061 0.821588 9.9982E-05
0.0331143 9.9991E-05 0.0189913 0.826531 0.121264
9.9982E-05 0.114163 9.9982E-05 0.808096 0.0775411
9.9982E-05 0.0846089 9.9982E-05 0.821966 0.0932256
0.010849 0.0636656 9.9991E-05 0.840583 0.0848019
0.0449985 9.9991E-05 0.040492 0.785183 0.129227
0.0447605 0.0814807 0.114905 0.732045 0.0268082
0.0403384 0.0385625 0.129175 0.785537 0.00638679
0.015439 0.0571246 0.0715824 0.855754 9.9991E-05
0.0201163 9.9982E-05 9.9982E-05 0.776002 0.203681
0.0099759 9.9982E-05 0.137041 0.852784 9.9982E-05
0.00370359 0.0728578 0.0698694 0.853469 9.9991E-05
9.9982E-05 0.00738181 9.9982E-05 0.0863905 0.906028
9.9973E-05 9.9973E-05 0.0747681 9.9973E-05 0.924932
9.9982E-05 9.9982E-05 0.00692793 0.866093 0.12678
0.0259215 9.9991E-05 0.273879 0.695748 0.00435197
0.00365911 9.9982E-05 9.9982E-05 0.853237 0.142903
9.9982E-05 9.9982E-05 0.156491 0.159968 0.683341
0.0137502 9.9982E-05 0.904929 9.9982E-05 0.0811205
0.0146273 0.214106 0.771067 9.9982E-05 9.9982E-05
9.9991E-05 0.451659 0.295706 0.0210746 0.231461
9.9982E-05 0.606413 0.280082 9.9982E-05 0.113305
9.9973E-05 0.791126 9.9973E-05 9.9973E-05 0.208574
9.9991E-05 0.888638 0.0470252 0.0348527 0.0293843
0.00488545 0.734615 0.176751 9.9991E-05 0.0836491
0.0109811 0.795953 9.9991E-05 0.000435235 0.192531
0.0359311 0.742123 0.00523865 0.0523043 0.164403
0.0517884 0.76855 0.0882226 0.091339 9.9991E-05
0.011125 0.139784 0.778741 0.0536744 0.0166762
0.0471177 0.00970494 0.734456 0.0850895 0.123632
0.0367265 9.9991E-05 0.757091 0.0194216 0.186661
9.99731E-05 9.99731E-05 0.731843 9.99731E-05 0.267857
0.0245349 9.9982E-05 0.816359 9.9982E-05 0.158906
9.9973E-05 9.9973E-05 0.595112 9.9973E-05 0.404588
0.0107534 0.187218 0.588649 9.9991E-05 0.21328
0.0141696 0.236652 0.559828 0.0376866 0.151663
0.0545354 0.0787281 0.679262 9.9991E-05 0.187374
9.9991E-05 0.1644 0.586591 0.0290974 0.219813
0.0122065 0.138557 0.755581 0.086617 0.00703808
0.114881 0.683398 0.0512646 0.0916833 0.0587736
0.022202 0.0164546 0.045239 0.732298 0.183807
0.0233541 0.116023 9.9991E-05 0.799536 0.0609867
0.00564697 0.0208546 9.9991E-05 0.803849 0.169549
9.9991E-05 0.0273648 0.1647 0.718225 0.0896099
0.0231328 0.107927 0.0590393 0.801771 0.00812972
0.0335984 0.280523 0.430756 0.0903344 0.164789
0.0340177 0.23583 0.577352 9.9991E-05 0.152701
0.0466144 0.196104 0.717978 0.0392037 9.9991E-05
0.050446 0.26511 0.487057 9.9991E-05 0.197287
