0.0315649 0.0935248 0.12893 0.715341 0.0306386
9.999E-05 0.142394 0.0497064 0.789617 0.0181828
9.999E-05 0.104556 0.206223 0.662101 0.0270206
0.00752573 0.165482 0.0404437 0.746013 0.0405362
0.0636519 9.9991E-05 0.00345135 0.927454 0.00534236
0.0524541 0.118027 9.9982E-05 0.829319 9.9982E-05
0.00800897 0.299119 0.00147896 0.691294 9.9991E-05
9.9982E-05 0.210821 9.9982E-05 0.747715 0.0412635
0.0929634 0.0733148 0.196471 0.633271 0.00397937
9.999E-05 0.311353 0.233988 0.417736 0.0368229
0.0633767 0.50734 0.0494233 0.326288 0.053572
0.0346796 0.19624 0.242908 0.494869 0.0313037
0.0315808 0.872772 0.0410243 9.9991E-05 0.0545227
0.0489479 0.254727 0.229073 0.467152 9.9991E-05
0.0565366 9.9991E-05 0.147638 0.758591 0.0371347
9.9982E-05 0.192986 0.0735902 0.733224 9.9982E-05
0.0533258 9.9991E-05 0.190795 0.748385 0.00739381
9.9982E-05 9.9982E-05 0.0740547 0.913816 0.0119298
0.131871 0.123967 0.614436 0.0754483 0.0542781
9.9982E-05 0.206275 0.684948 0.108577 9.9982E-05
9.999E-05 0.0290299 0.703291 0.242563 0.0250156
0.0258835 0.0879137 0.849589 9.9991E-05 0.0365135
9.9982E-05 0.0318267 0.90775 9.9982E-05 0.0602234
0.043133 9.9991E-05 0.776055 0.140372 0.0403396
0.0140938 0.0579651 0.657343 0.270498 9.9991E-05
9.9982E-05 9.9982E-05 0.952195 0.0128963 0.0347091
0.0961196 9.9982E-05 0.875944 9.9982E-05 0.0277367
0.050935 0.0537702 0.856502 9.9991E-05 0.0386928
0.0224284 9.9982E-05 0.904161 0.0732104 9.9982E-05
0.0819592 0.0291897 0.811601 0.0616777 0.0155719
9.9982E-05 0.0448433 0.949597 9.9982E-05 0.00535948
0.0429931 9.9991E-05 0.8198 0.0980126 0.0390945
9.9991E-05 0.0538603 0.825761 0.058134 0.0621444
9.9991E-05 0.290868 0.133652 0.520011 0.0553685
0.0383791 9.9982E-05 0.250264 0.711157 9.9982E-05
0.0890804 9.9991E-05 0.0859636 0.819278 0.0055781
9.9991E-05 0.226249 0.0551958 0.695693 0.0227623
0.0606399 0.326871 0.150703 0.459671 0.00211501
9.997E-05 9.997E-05 9.997E-05 9.997E-05 0.9996
9.9982E-05 0.195193 0.767922 9.9982E-05 0.0366852
0.102482 9.9982E-05 0.177219 0.720099 9.9982E-05
9.9991E-05 0.220213 0.123944 0.653352 0.00239121
0.103795 0.296801 0.316078 0.270566 0.0127605
0.122833 0.597243 0.146177 0.0726251 0.0611219
9.9973E-05 0.997028 9.9973E-05 9.9973E-05 0.00267231
9.997E-05 9.997E-05 9.997E-05 9.997E-05 0.9996
0.0343066 0.226073 0.169293 0.47086 0.0994677
0.073394 0.535221 0.12601 0.265274 9.9991E-05
0.0971455 0.20805 0.305406 0.355712 0.0336869
0.707563 0.248955 9.9991E-05 0.0133303 0.0300523
0.748891 0.200863 9.9991E-05 0.010394 0.0397517
0.830337 9.9973E-05 9.9973E-05 0.169363 9.9973E-05
0.669148 0.282606 9.9982E-05 9.9982E-05 0.0480456
0.826137 9.9991E-05 0.06217 0.0530012 0.0585921
0.851175 9.9982E-05 0.115661 0.0329633 9.9982E-05
0.734446 9.9973E-05 9.9973E-05 0.265254 9.9973E-05
0.791794 0.118821 0.0312802 0.0478069 0.0102983
0.877446 9.9982E-05 0.10385 9.9982E-05 0.0185042
0.771343 0.10704 9.9991E-05 0.0781043 0.0434127
0.636851 0.220775 9.9991E-05 0.104608 0.0376663
0.857931 0.00434979 0.137519 9.9982E-05 9.9982E-05
0.646467 0.199235 0.043522 0.110676 9.9991E-05
0.277545 0.644545 9.9982E-05 9.9982E-05 0.0777099
0.00767928 0.033284 0.782942 0.150912 0.0251829
0.0205841 0.0509652 0.76058 0.137952 0.0299184
9.9982E-05 9.9982E-05 0.826425 0.159423 0.0139516
0.682513 0.222731 0.0632119 0.0189847 0.0125588
0.532854 0.391869 9.9982E-05 9.9982E-05 0.075077
0.735449 0.137578 0.0391952 0.0650079 0.0227698
0.660356 0.284176 0.00439724 9.9991E-05 0.0509704
0.865023 9.9982E-05 9.9982E-05 0.0889431 0.0458336
0.0930426 0.727935 9.9991E-05 0.162404 0.016518
0.0423942 0.806446 9.9991E-05 0.135978 0.0150821
0.0664433 0.843443 9.9991E-05 0.0831338 0.00687986
9.9973E-05 0.970061 9.9973E-05 9.9973E-05 0.0296389
9.9982E-05 0.86918 0.108545 9.9982E-05 0.0220743
0.0263602 0.900609 0.0351591 9.9991E-05 0.0377717
0.0278376 0.785682 0.0514079 0.114062 0.0210111
0.622284 0.357559 9.9982E-05 0.0199572 9.9982E-05
0.446805 0.296005 0.083663 0.0328479 0.140679
0.668956 0.23812 0.0692566 9.9991E-05 0.0235674
0.753059 0.0939888 0.124215 9.9991E-05 0.0286372
0.7321 0.046084 9.9991E-05 0.188484 0.0332323
0.025745 0.197445 0.682213 0.0559964 0.0386002
0.290957 0.497715 0.118899 0.0923291 9.9991E-05
0.124015 0.875685 9.9973E-05 9.9973E-05 9.9973E-05
9.997E-05 9.997E-05 9.997E-05 9.997E-05 0.9996
9.9982E-05 0.20698 0.208018 0.584802 9.9982E-05
9.9991E-05 0.0552243 0.153062 0.753476 0.0381377
9.9991E-05 0.14343 0.136545 0.675276 0.0446497
0.0827823 0.256537 0.244145 0.368367 0.0481684
0.105665 9.9991E-05 0.0403654 0.841507 0.0123629
0.203259 0.760813 0.0357279 9.9982E-05 9.9982E-05
0.00736443 0.235265 0.574503 0.154502 0.0283654
0.135189 0.678931 9.9991E-05 0.103233 0.0825474
0.0146964 0.37505 0.286234 0.271613 0.0524072
9.9973E-05 9.9973E-05 0.189109 0.810591 9.9973E-05
9.9982E-05 0.365852 0.0501632 0.583785 9.9982E-05
9.9982E-05 0.350108 0.153123 0.49657 9.9982E-05
0.0286881 0.307048 9.9991E-05 0.646146 0.0180171
9.9991E-05 0.464575 0.0308218 0.480801 0.0237021
9.9982E-05 0.329916 0.0290569 0.640827 9.9982E-05
0.208099 0.638792 0.0181483 0.0868243 0.048136
0.147143 0.650714 0.0411509 0.0939343 0.0670578
0.209771 0.647147 9.9991E-05 0.0718967 0.0710848
9.9991E-05 0.641374 0.23005 0.123088 0.00538843
0.105488 0.438778 0.160756 0.294878 9.9991E-05
0.0836051 9.9991E-05 0.399344 0.513438 0.0035126
0.767451 9.9982E-05 9.9982E-05 0.208165 0.024184
0.711351 0.197976 0.0460506 0.0156663 0.0289561
0.132254 0.679406 0.188139 9.9982E-05 9.9982E-05
0.187204 0.463926 0.101692 0.214401 0.0327764
0.142245 0.520376 0.265666 0.0106378 0.0610754
9.9973E-05 0.249743 0.749957 9.9973E-05 9.9973E-05
0.663773 0.231224 0.0573294 9.9991E-05 0.0475735
0.631472 0.335482 0.0328458 9.9982E-05 9.9982E-05
0.478846 0.425361 9.9982E-05 0.095593 9.9982E-05
0.0267691 0.0704894 0.486729 0.34753 0.0684819
0.0880911 9.9982E-05 0.21372 0.697989 9.9982E-05
9.99914E-05 0.23694 0.0232767 0.726277 0.0134058
0.0987945 0.0265168 0.123648 0.750941 9.9991E-05
0.00435892 9.9982E-05 0.395295 0.600146 9.9982E-05
9.9991E-05 0.103293 0.0950234 0.772281 0.029303
0.0552299 0.00835854 0.119268 0.817043 9.9991E-05
0.080969 9.9982E-05 9.9982E-05 0.918637 0.000194175
9.9982E-05 0.160956 0.406085 0.432759 9.9982E-05
0.0128299 0.138794 0.104774 0.74285 0.000752566
9.9991E-05 0.0870861 0.152868 0.702858 0.057087
0.0268125 0.107193 0.0452919 0.799013 0.0216896
0.0752322 0.242845 0.205245 0.475631 0.00104716
0.044465 0.109932 0.00463526 0.814635 0.0263322
9.9991E-05 0.385187 0.255383 0.353059 0.00627066
0.00186415 0.122656 0.0591549 0.816225 9.9991E-05
9.9982E-05 0.149864 0.830916 9.9982E-05 0.0190205
9.9982E-05 0.0484677 0.884256 0.067076 9.9982E-05
9.9982E-05 9.9982E-05 0.933935 0.0441875 0.0216779
0.0462382 0.0838139 0.812459 0.0501527 0.0073367
0.0465486 0.0819392 0.853711 9.9991E-05 0.0177013
0.0452912 0.317563 9.9982E-05 0.636946 9.9982E-05
9.9991E-05 0.222148 0.111357 0.648591 0.0178046
0.938194 0.0615057 9.9973E-05 9.9973E-05 9.9973E-05
0.810926 0.0999488 0.0382093 9.9991E-05 0.0508155
0.883315 9.9982E-05 9.9982E-05 0.103378 0.0131074
0.627166 0.255194 9.9982E-05 0.11744 9.9982E-05
0.906556 9.9982E-05 9.9982E-05 0.0629774 0.0302672
0.764595 0.0671565 0.168048 9.9982E-05 9.9982E-05
0.84137 0.137911 9.9982E-05 9.9982E-05 0.0205195
0.791492 0.12526 0.0830486 9.9982E-05 9.9982E-05
0.837982 0.0794187 0.0675612 0.0149383 9.9991E-05
0.858388 0.0113572 0.104306 9.9991E-05 0.0258482
0.79571 0.137279 9.9991E-05 0.0337326 0.033179
0.77176 0.0884247 0.0137532 0.105649 0.0204136
0.818458 9.9982E-05 9.9982E-05 0.171414 0.00992762
0.845496 0.0581373 0.0231576 0.0457966 0.0274127
0.847731 0.144875 9.9982E-05 9.9982E-05 0.00719437
0.846364 9.9982E-05 9.9982E-05 0.134969 0.0184671
0.866138 9.9991E-05 0.0776285 0.0355463 0.0205876
0.156761 0.75066 0.0923793 9.9982E-05 9.9982E-05
9.9982E-05 0.904032 0.00546298 0.0903053 9.9982E-05
0.833273 0.145359 9.9982E-05 0.021168 9.9982E-05
0.651079 0.104974 9.9991E-05 0.214794 0.0290538
0.861663 0.103796 0.0232456 9.9991E-05 0.0111951
0.11904 0.705737 9.9982E-05 0.175023 9.9982E-05
0.0237415 0.133267 0.0187284 0.805619 0.0186444
0.00568654 9.9991E-05 0.215249 0.735587 0.0433765
9.9982E-05 0.252335 0.438646 0.308819 9.9982E-05
0.0188413 0.081897 0.656058 0.243103 9.9991E-05
9.9973E-05 0.243685 0.756015 9.9973E-05 9.9973E-05
0.0175155 0.107919 0.874366 9.9982E-05 9.9982E-05
0.020995 9.9991E-05 0.726156 0.244054 0.00869495
0.0115788 0.0860242 0.778018 0.103221 0.0211578
0.0710728 0.135485 0.71845 0.0437467 0.0312459
0.0654025 9.9991E-05 0.749322 0.114903 0.0702723
0.035054 0.0715524 0.0768914 0.816402 9.9991E-05
0.0573815 0.0906671 0.0555742 0.705822 0.0905553
9.9982E-05 0.21808 9.9982E-05 0.74878 0.0329392
0.00628924 0.269401 9.9991E-05 0.718818 0.00539208
0.0190813 0.167307 0.00363171 0.781481 0.0284998
0.0225153 0.355136 9.9982E-05 0.622149 9.9982E-05
0.00919713 0.193813 0.232431 0.53528 0.0292785
0.0522768 0.178002 0.235396 0.526487 0.00783795
9.9991E-05 0.320338 0.0895671 0.543964 0.0460308
0.0344741 0.20464 0.164251 0.596535 9.9991E-05
0.0273236 0.18235 0.0663183 0.687879 0.0361291
0.0745845 9.9991E-05 0.615442 0.164746 0.145128
0.718421 0.231094 0.0176956 9.9991E-05 0.0326893
0.797698 0.0708153 0.0822745 9.9991E-05 0.0491123
0.783003 0.202809 0.000882423 9.9991E-05 0.0132057
0.720362 0.0682899 0.0103967 0.187964 0.0129883
0.820516 0.00830649 0.066682 0.0804489 0.0240462
0.14008 0.100316 0.279311 0.436014 0.04428
9.9991E-05 0.193052 0.274628 0.478532 0.0536885
9.9991E-05 0.00757575 0.139378 0.795921 0.0570258
9.9991E-05 0.198671 0.263183 0.487817 0.0502294
