IBR/IBR_outputs/all.combrep_1/EucDistWater_Total.FireFreq_2000_2008_Total.VRM_Total/EucDistWater_Total.FireFreq_2000_2008_Total.VRM_Total.asc
NCOLS 160 
NROWS 95 
XLLCORNER 210004.651214014 
YLLCORNER 7350008.22228844 
CELLSIZE 4999.99999999997 
NODATA_value -9999 
[rows 42 to 62 of 95, columns 0 to 45 of 160]
-9999 -9999 -9999 -9999 -9999 -9999 -9999 -9999 -9999 -9999 -9999 -9999 -9999 -9999 -9999 -9999 -9999 -9999 -9999 -9999 -9999 8.77091528101176 11.483732674334 14.1002967812311 10.2881532523083 10.6800654199982 13.8065293825025 4.09326819329206 5.98865327244706 10.2195858922661 14.7583809386774 16.5720375662184 14.0485207435248 14.3023725637673 7.06981116242014 4.79361912177603 8.10228814453045 9.15349596070823 9.02278065918143 11.9121873956161 12.4580441113692 11.1489216000043 8.02791384765066 6.21247988730102 6.50376109141123 3.09504674043711
-9999 -9999 -9999 -9999 -9999 -9999 -9999 -9999 -9999 -9999 -9999 -9999 -9999 -9999 -9999 -9999 -9999 -9999 10.2007044580898 10.2992301581787 13.2670390448097 11.2155900028955 12.9643133773827 15.906463229984 12.6598358167451 12.0057877312042 11.8133645818437 9.01182412458509 9.78356423501771 12.6875108827101 15.5084447591913 15.9581081973583 14.3418528644464 12.2284125965744 5.5503142243 4.04189399745111 4.5039423906344 6.04131077759872 4.84810334993336 9.31618014711311 11.915664387626 11.42130884954 10.3895458168444 8.63201758947157 6.50219195765485 5.95513957196788
-9999 -9999 -9999 -9999 -9999 -9999 -9999 -9999 -9999 -9999 -9999 -9999 -9999 -9999 -9999 8.33290615453337 8.99532543951781 9.56060906976632 11.7382452518341 9.77201660170677 13.2350742757453 15.9547974595624 17.0305038428124 18.9987981593876 16.9582044885563 14.0865119739682 11.3108441874178 12.701743868115 12.8824675231068 14.0638433661462 12.799972798936 11.4071787155936 12.7107465145134 13.836221217927 9.17585222972431 6.54029009467824 3.39636117585469 3.95195647726348 8.20958556932567 7.73027170706692 7.16678187475204 6.48092518243179 7.41715198290565 5.35629084155337 4.14289572410014 4.29436396054469
-9999 -9999 -9999 -9999 -9999 -9999 -9999 -9999 -9999 -9999 -9999 -9999 -9999 15.2341717542613 10.6049141573401 9.36862441228462 11.2120088693759 11.0836070537779 14.3693683638823 14.3932401599119 16.2353519000409 19.4991933942121 21.4283503686307 21.1227615650338 20.7377715252493 14.8995074976334 11.8496348585069 9.56621478302369 9.44356210473272 10.7394712675034 15.1971442563169 8.33300578148152 8.21642858790896 12.7860735117632 12.5462202359551 8.93117068665664 4.5758539527195 1.56610536879238 4.34219863325369 7.04813068706582 6.56085360195399 3.00875166562151 4.26918171116599 4.28051047322902 6.40390668146368 7.14192028759396
-9999 -9999 -9999 -9999 -9999 -9999 -9999 -9999 -9999 -9999 -9999 -9999 21.0557211384551 17.4797393201623 6.66017115507444 2.1981917285527 11.7349492458567 14.9301180752471 15.5389448899025 12.6165551959434 8.01481550693385 12.9650089800868 18.7314111619588 20.5118293690314 16.8441963436051 13.3551554733325 8.16833818436371 5.16551315673139 6.35508995074981 6.98355454541128 10.4937860187158 5.92753814948417 5.68671054544131 11.0291308691383 12.69704204719 10.7825906000503 7.82500410880851 6.10011974420404 3.18903090073709 2.58018612884486 7.70075281429833 8.06771237635605 6.57846702496988 9.07519424481887 11.7900219319531 12.1802203930447
-9999 -9999 -9999 -9999 -9999 -9999 -9999 -9999 -9999 -9999 11.032631990435 14.5180225965194 18.5841629672334 18.0449457955663 9.46216695002511 3.37256654845479 6.38215601440767 14.7290622238971 14.6343240368318 6.48359214407913 6.98076790385161 16.9247837818809 16.6007802429953 20.2713555188977 14.0947356962453 8.66151057801979 4.39634379879259 4.59741241764251 3.78721814798667 6.21724140848004 6.1130676107278 2.75729249840238 5.32640156640981 10.1809880571905 9.85737972260035 7.68664166766087 8.16576967668549 7.35862169203279 2.73420988408678 2.63954110377077 8.44806697366708 11.4673074020758 13.2373078403508 12.4222835382932 10.1400677757951 9.60555240043692
-9999 -9999 -9999 -9999 -9999 -9999 -9999 -9999 -9999 10.8385042966437 9.57701338723917 14.1531673359564 14.9620085425952 13.289658623759 10.2728881177194 5.22241344597836 9.4303742019136 12.3733790193931 12.6783065384038 9.58062901660735 9.33960299417059 20.2001461956967 23.3528020765423 20.4952224387393 16.0046405211996 10.2294007112599 2.2925344271667 6.26606342084208 8.17850367341145 7.942669557229 8.2577516069039 6.79586075723803 9.24939180130244 10.33427687975 8.56506689020442 5.36930611705416 7.63482225969142 4.77265671258413 3.18533480766548 7.42175193563593 11.8686145795328 15.273395292815 14.8728219996698 17.2183620206312 8.81869288116708 4.37247843435977
-9999 -9999 -9999 -9999 -9999 -9999 -9999 -9999 -9999 9.92539464594042 11.1739905659461 15.4829466735362 12.8077460557049 9.75497895579976 13.0155204684043 15.1385961813488 11.1353521630337 11.1890022043835 10.0895298115908 8.79440908447439 14.4587352787888 22.5070243712013 23.2856803909374 19.3794000803944 15.7777351932933 13.6929008139628 4.71685875182115 4.05351322813404 7.47537833048592 8.43759418970937 6.39749476080055 7.8254459838331 11.3008848374874 11.034885699187 6.8501225642866 5.48375579258289 6.69602130615852 3.46468316137287 2.8904299243665 8.32540809523392 13.6951965413816 15.8899307060728 8.77133409208682 9.60838607648476 9.57017897105323 10.8102909688678
-9999 -9999 -9999 -9999 -9999 -9999 -9999 -9999 11.7206024884705 10.1315847435758 13.0881238435287 17.1443099110405 15.3535371804383 13.6992383624002 15.4020798594453 15.3422105604659 11.0030830268193 10.1747895041266 13.4960282531143 15.750180799316 19.4998794811446 23.5235615684991 22.4044600744626 17.7005946293828 10.1659192984851 6.90578750066636 3.97149140952469 2.12459065633906 3.77693394112184 6.08101864315214 2.70237734698199 5.12829982012419 9.6848736957021 13.8353601645122 8.16799931369461 5.49429030938633 9.01950587472504 3.56744245633539 2.72972515843822 6.47786493246899 12.0221208354822 11.8843618703319 9.07804562987609 9.02024920889867 5.30052115698159 14.7212744328417
-9999 -9999 -9999 -9999 -9999 -9999 -9999 -9999 16.8545169145388 14.8011587760159 16.6223773223142 18.1568194457617 14.1877666408627 11.8257918288564 14.2427993628576 11.6576816657294 11.4185006040634 9.26043012980967 13.2844703263937 18.1566098710802 22.1852642394487 25.3005401268469 15.6446306624269 10.808647468191 6.44254210465587 3.17092187842108 5.48488649253922 3.66532182876781 1.94649963271542 8.12209343091491 5.81279695629802 5.91912553837151 5.64809027737815 8.21903240506766 11.9851954171606 10.4004584192923 8.04016282471728 4.02956503918749 2.44603484489597 3.57092401814031 6.18782994194351 6.34174224444834 9.86856117652239 11.5618761305121 4.55461570579652 10.3780411090959
-9999 -9999 -9999 -9999 -9999 -9999 -9999 23.1447286664661 20.8332970207569 19.8333321609573 20.6615567838058 18.6457810762325 13.8451720522834 11.3283178894031 14.3199227112925 11.9716052192307 12.1787533501305 9.52812159327421 13.2373801079862 17.8924031194152 21.9771923578968 18.9874000931935 17.1213903251568 13.9468570109721 9.98781942036074 8.22176671100376 9.05297643716803 7.61418190170222 6.14034501874502 10.3123038929625 15.9620821106419 5.44104358814745 2.23793384264897 6.80268418282738 12.030965910561 13.7303438143242 10.1185421507888 7.43795000018876 6.93047492632119 5.70478256441404 7.39859510480313 7.08601377053885 7.38580820716888 5.87173450172836 7.43930858161893 5.99713281876418
-9999 -9999 -9999 -9999 -9999 -9999 28.3967401023032 26.8806928402221 25.0504583319288 24.4242935176968 24.1421038430016 20.7063614974424 17.4487620545818 16.1195957433335 16.5933459547683 15.7693456540766 14.366464793803 10.1532996638013 11.2398298881009 13.7420427101789 11.2284134487868 14.9698975315887 17.9936485396658 20.284224904146 14.3739113727124 12.51737256227 13.1722144695688 13.1453757169258 12.7437671924926 12.1589089859885 12.6033778040698 7.0234935567707 5.92061292558156 7.55820911168389 11.2932163548032 12.1984258340298 12.0220302441832 11.7489567660494 12.0923350648781 10.3950261678618 10.533732229657 5.84627566614903 6.98512979346729 9.306442725669 7.31258063418401 7.78764194557472
-9999 -9999 -9999 -9999 -9999 -9999 31.8743312236768 30.3568074133209 29.060165838384 28.5789945573454 26.9587950198046 23.7856552237993 20.4032886016224 16.3989154624438 13.0092611185748 12.2071640519606 9.73838659718384 12.2468619920305 9.19584381521016 11.686703000111 8.56785248087494 12.6638763914096 17.4761020805549 14.1438851992147 11.3509008398245 10.2305181107203 11.6339291086198 14.778767826633 15.036183458748 9.59447672861516 8.59160055956708 5.71605399029052 4.15095589946626 4.65790062142634 9.18142710596028 7.51809718674242 8.12911132033426 11.1240651062648 15.5697914916758 14.6788988392883 12.7212813563598 6.67046345278403 5.64192678464561 5.36252873925176 7.56591513963098 7.07887262280444
-9999 -9999 -9999 -9999 -9999 36.7874917278956 35.3239715676386 33.8012399248061 30.2598236681164 28.3459435527836 24.510593417606 24.7358457726805 20.25240305398 15.39838004121 10.894327729841 4.7026756970973 7.40245591719313 15.0616373456465 11.3210422230649 9.60295101422055 7.32052792767208 11.3041125765721 14.5055943140687 11.7950172284076 7.16802044912755 6.29124446668241 8.01842502739611 12.8618717446461 13.3574591211301 8.5696629994941 10.0395059106333 3.93137647187736 3.89633124824151 3.95458225149104 9.67180708999438 6.8425146167057 3.43313624243211 11.0184350196373 12.6727109139246 15.2533856887331 12.2351376881943 7.54656641999333 5.75593781333665 11.231835969836 6.13097584011612 6.48764347821875
-9999 -9999 -9999 -9999 -9999 34.9187136217383 36.7551820213604 36.7762608120472 29.4665262631564 25.6367943842386 24.5054490218015 25.6082311229451 15.3237422584293 17.7760364158968 15.2249708466362 11.3423867361627 10.1032253219531 16.5813140911591 13.2709504789662 9.30095547792974 6.9114765176341 8.8998701397909 13.550520349826 10.6806030518314 5.6059375827295 2.66324856063514 6.8401403931684 11.5634839904243 18.7901091878269 12.8541816574514 15.3793067401018 11.5951828865853 6.52579691733778 8.77564943793906 7.38549994836749 7.56651084085393 3.76004464778465 14.6553354344118 15.8041389607953 14.5891224858365 10.2882753750132 9.08516508278597 7.20226697809282 7.44606148674884 9.33946189667066 13.113489438458
-9999 -9999 -9999 -9999 -9999 32.7634045690199 34.521354458577 36.6443253086594 28.0593236706496 24.628498645137 21.5293636672166 24.8391707487279 20.87899391415 15.8797407112802 15.4805666758103 16.9497125214576 15.8615370921164 19.7593998060052 15.4921142685491 11.2204482668828 7.65952922636181 7.33940698873217 10.8974642027189 12.1440218871456 8.67591121975535 7.20162211769573 9.29184925566938 11.8488853330499 15.4139600172623 14.7442723977501 19.5132733623753 16.8929958899002 14.2205190706905 4.72551274031477 8.75888640893738 14.7745675264984 9.43272469780264 18.1772830118609 16.9115305005967 9.6506115568211 6.05419882853278 4.50869774849356 7.48023518357534 9.72292043484596 10.7539341612373 18.8136276368987
-9999 -9999 -9999 -9999 -9999 29.5159155234615 31.8819528846502 27.6497864930696 27.2200912797777 24.0769641549039 20.2949498572227 23.7083424133798 19.1377881382666 14.2765405685728 10.7100312194763 13.8427834215751 18.7003100700651 21.5122637207089 18.3958257292835 14.6215338259268 12.2483907845073 6.85772252522673 8.78416731440903 12.0889322308842 12.9217966363017 12.1194958771169 11.1019226008661 8.67154683268468 8.51615227201419 10.5506976859004 11.6663557040434 9.73054777193562 11.2311879821535 3.16432925465926 6.70956594390386 11.0995652072577 17.0272305399293 19.6934955076696 14.3251827772358 8.14098240904906 3.22351797178685 3.12312373204923 9.62937338961744 14.8128533428038 14.6729614218072 17.5508704907345
-9999 -9999 -9999 -9999 -9999 26.5405349075415 29.5183309425473 24.9630608675 25.2285136960904 25.0026574938771 27.5925514038359 23.970597491782 19.591388810629 15.1570825321225 12.3426719364523 7.32415335036066 10.6939332099455 12.079279309454 20.168600020533 17.5714390768852 12.5712910637907 4.73895267401909 6.77989940325869 11.6654052129807 15.916030468465 14.7687522028172 9.9917619096388 5.60506714387502 4.04527373247864 4.9203466245133 6.42155024715307 7.88150442238359 10.8101940576442 4.34487913094929 8.11661591655769 11.9831668657047 13.1850264335057 14.4379747609985 11.892542274247 9.46022555126925 7.40543813689859 7.73242866314699 11.9879384128156 14.328002824967 16.2558724987078 14.7694068674717
-9999 -9999 -9999 -9999 -9999 23.8313607435315 27.7183379201578 24.9754981697461 30.8699720935781 27.7659048662636 24.8036281912049 22.4714109669776 20.6532229901373 18.7123541394366 17.4273724979289 12.7583459473971 8.93371135974096 9.36386809344086 17.7189230420704 18.8075008613222 14.8098696066879 13.0523893697047 8.19170006868514 13.9130240785387 18.3850155522365 17.5042826419034 11.0616975703326 8.53373910537912 11.9258325143983 4.39639447513037 6.14699996410972 9.05294514219393 9.92424081140304 4.11849930654312 6.39746958411492 8.30845669328182 8.37783514205598 8.69378721627898 10.1536663681711 10.5436475339308 16.7723011129361 10.8131419997015 12.2905292350999 11.5180169643841 10.78644463953 12.4744984870586
-9999 -9999 -9999 -9999 -9999 22.3915127621821 26.6939514088035 30.3663876214846 29.1548932987687 19.9361770945021 16.7060133131526 16.9221834330432 16.6176345457069 17.709176252476 19.773488296542 12.9302478484385 11.485738763638 11.3053539082308 16.2358682362177 20.2891725489436 18.6476382478545 16.714755291239 9.32138609273868 11.9487565664708 15.2186967311618 20.8521753714239 11.9793761201318 9.32177665181993 10.0191355658495 11.7250084102997 12.3783203663002 11.1979933156589 7.48551742925347 5.78151338450244 3.46221881292969 3.78711775500118 8.84096887430734 5.95800736742178 6.54572825272134 12.2903377601665 12.1799112008958 13.7643653470859 9.9969127709692 6.44723925180305 5.99205740137702 8.42780598456462
-9999 -9999 -9999 -9999 -9999 22.2687011125968 25.6772591708017 28.5061659622648 21.5615059202214 16.2311381452112 13.0214920830806 12.3872870237502 11.5694650425289 13.8619232290478 18.3522877261469 18.0650764728818 14.6722257556282 14.5656668621339 17.871433964916 21.2081292539795 18.2009879740659 13.7704334747805 5.92830914568856 8.47044370538849 12.5234751388637 20.4740974706316 11.5653902045525 6.75730376458975 4.60259038026317 14.4730000960029 10.7615252206526 8.9057173615187 10.0718200393519 4.95881685127653 4.03426409223882 5.01590452714581 9.89910633494148 10.0968231709347 3.77302929802796 3.07422498769635 4.17339874111052 6.31961682018719 5.66286228824428 3.52630267756464 5.63993342185681 6.72676349644071
