IBR/IBR_outputs/all.combrep_1/EucDistWater_Total.FireFreq_2000_2008_Total.VRM_Total/EucDistWater_Total.FireFreq_2000_2008_Total.VRM_Total.asc
NCOLS 160 
NROWS 95 
XLLCORNER 210004.651214014 
YLLCORNER 7350008.22228844 
CELLSIZE 4999.99999999997 
NODATA_value -9999 
[rows 42 to 62 of 95, columns 92 to 137 of 160]
5.10551600061711 8.56713175535342 5.26357512036342 4.1527723234865 6.46464069310427 7.80804517718585 8.67985317312756 5.56551547855813 6.45847588947264 9.530693189583 10.8690331313121 9.93743437014187 6.09097307137854 5.29904794753998 2.85303857455968 5.88092838963696 2.84175707974379 3.76023340000306 4.3424290667442 3.82287095200424 7.97313134372654 11.507509654659 5.060988692074 4.8709623098281 6.90625329601613 3.98182780602833 1.57548236952356 2.52584374822894 8.05176983288134 9.33421244142561 8.05580426351849 8.54761803148421 9.35838749722152 7.21020480262111 8.690743899472 5.1772150028991 6.5388630614283 7.1340890788159 6.80272823744633 8.67321291522802 8.54214790998413 5.45253631951194 2.22398739594733 4.33101526529061 3.78853440606279 3.65875661619834
8.96468888952377 9.00253797376869 5.58472942861164 5.4410065004284 2.99484131921836 3.76524815441494 5.86572827419391 2.98251517251049 4.6981891343523 8.78266425765458 8.56925267872883 11.6629445296206 7.95636363289625 9.93196501910173 3.5513420297836 6.72542821659457 6.44640470657648 2.9616284356653 4.81288692802725 7.02948556060014 9.5147877102239 11.1272304579492 5.74549186719727 3.03008399760075 5.56870666149155 5.08245962431283 4.36824143863636 3.44516163765795 9.49008270485167 5.30659019174376 5.64278027568795 5.74454714255852 3.7887950608826 4.87617081376267 8.00143513291649 10.6482434057902 7.7594250639436 5.63834188330984 11.0229478377768 11.2483637973395 11.0269859174807 7.07826843577913 3.18638375565923 3.53808449830965 3.39011857692236 3.83485119278489
3.77459134845997 6.97705147911614 6.52468958561298 3.73371132214357 5.24250137866118 5.15810830900067 2.66543073217309 4.66532208149679 8.32372876809825 12.5741404305356 12.2659676932825 13.387176718423 9.53302717283825 9.47494935836924 3.51643315986539 5.87056420814159 7.11018005209814 3.70609672038299 7.0259218674464 10.1850503312991 10.2644985988117 8.78726523186065 4.52875261190083 3.43391060725327 3.93363173420779 1.95242734348716 3.6695734693656 5.81625958402979 9.52606190497648 6.72395512461637 6.0479447212608 4.16237177438125 3.57316497689282 5.84416284465956 6.00962000598047 3.30424790638649 4.49015890769752 3.73669961682997 10.6565850056391 10.1260576695039 10.9857422859359 7.17000207005321 5.55588732309107 6.79694178697626 6.78950821137891 4.60627921029276
4.99607955711045 10.1006211591051 6.15099565493035 5.61111912221682 7.34090877358225 6.4804731175965 5.25365462373871 6.82833915463273 8.11175819656019 10.1357342067341 10.5066383950161 14.0744069579668 10.7944852710197 7.98320940173414 6.10245374042166 4.64801531392846 5.56422921190978 3.10409852766662 7.9179875022798 10.7747621270176 11.4546624102363 7.8979782215487 5.37103384443253 3.38111728624703 2.09916673645686 4.05633109261574 2.43348837296011 7.93692971246282 8.060987531118 6.44341048108066 6.12878192306458 5.03057326948262 3.33149615101978 6.44753554395307 4.80629974892835 4.25718689900867 4.60657113641494 4.9899619335431 7.40731048402689 12.1826680445137 15.3711228232533 5.95393900809631 4.77572563475823 5.22150042869007 5.80208251175673 2.93635522211356
3.34860213842729 6.2266037062027 3.36225194948197 7.36581462052011 8.45891757202891 4.28886928575101 4.02832268627222 5.94513610893932 3.41044003921134 5.59276103883739 5.93596343188219 9.86312340970016 9.39603662093864 7.2215765076825 6.31488305557696 5.25411732415159 2.7252043060197 4.92550718873385 7.65435639818218 7.59602503536705 9.15952974249264 8.19306105561681 2.73242143508725 3.64192196766104 3.15580143068927 2.58068644704113 6.9455472465828 6.63178234137242 5.03804855683839 9.07167807032029 6.97619337532054 3.31769615686647 5.47370188230774 7.66703246996203 3.99482873458723 7.74778875121809 11.696918093144 9.46227318779064 8.89495320366272 9.59940465006985 9.47396578876263 9.00778526176471 9.58114748238735 5.29070845553894 3.49629395603838 2.68818886149529
3.35204991714507 5.0912447582642 5.41087237887056 8.23582679967229 5.47598648810086 4.6974046112907 3.48893026573332 5.01150964480709 3.19500576560128 2.41562651574854 4.80086998192567 6.96545106068677 9.03321032262823 10.1892483079268 9.22989781001797 12.3414516727526 2.35783785335178 5.65237144189635 4.35090828925505 4.24704096757682 7.96488854205013 9.76935743219555 4.83243340861054 3.27256975392063 3.29456269075429 5.93623550595237 5.58217836962799 5.44259293047254 4.25729182325317 2.99867442739635 3.08019977952567 2.94753926126926 7.33006349502243 8.53016325494627 7.58526789678811 10.9032385995879 15.1434867417685 14.6338084842944 9.44586033369869 4.09144634996763 6.26769727422431 10.8442925290607 12.4249379790526 5.40680837773062 5.97900013072148 6.70526814745825
4.68460358717381 5.65829596383093 8.58263289148847 7.68028092838893 5.6245435063278 10.6114377295829 6.24770748336792 6.67512586664063 5.72102229094677 3.96273154466357 6.07085147376501 6.45673104895071 6.13119543010637 7.78566469522337 6.27811009142817 3.79142154040838 3.89190489708913 3.68862683325621 5.45669354228551 6.38513379625629 7.18699685782643 5.97674359985568 7.84808240038498 4.19018190148158 5.79005346340422 9.62660347466959 3.30706400343206 5.40946297341274 2.75039716811466 3.43995771649804 5.36176994555962 2.90381280533548 6.93453493038652 3.85743668240067 5.21426368425003 9.84449983220905 12.2440326891424 12.1986295366661 10.1363935975889 7.48192510718291 7.09812603176172 12.8215732851848 8.75241767526249 2.93548755807473 6.05264689613433 10.1582265677806
7.35401327171611 4.8090766087745 7.37756970766334 4.41687480750796 5.02394451571979 10.2412276356999 3.53349438661404 4.73905762569795 9.54050800623281 8.81556853568959 5.39641123480474 4.33222473032487 3.11703194280553 6.25080463363293 3.62475015560416 2.94053916171167 5.27982309734463 3.08112603648119 5.50213582005299 8.63529263571733 7.88193899007833 6.70876516343357 9.02629427229412 6.26199782842756 10.2752103166998 4.83253951141519 3.50513169406119 4.79440247686731 6.3849265539435 5.77082885237546 3.00542217178542 5.76048824499495 6.19199627954866 7.99365049497856 8.75773415052357 7.03976433052186 4.52093688391224 7.06108195766404 8.26906975565065 9.42827169362687 11.5227368584699 13.183305833597 8.63823728122083 5.01180816767795 4.7100560779209 6.9217772725013
10.1156422715579 3.90710909218522 5.9824065608335 3.91726051776139 6.94533683128075 4.27217704077223 3.37801798922318 3.70164945255573 7.91055861392435 12.298141948306 4.2999226798677 6.22270153838151 11.6870215078967 6.81341958301638 3.55265780342794 4.86374770082629 6.51952726527615 3.56154234238413 2.5970557904981 6.35182762894621 8.53704451871812 7.88487021508977 7.0242309202616 4.56449081508493 7.16223057524887 2.64721988751777 4.01572221444374 3.53149193021471 4.32923667679938 4.72931810282668 7.41938845042886 10.168713141013 7.68753129894395 9.20561960624527 8.03022480927972 3.64117473088338 2.94609694113299 3.7905420043399 7.81863593629668 9.43853527515535 10.4620977183138 11.8834340310958 8.41833882076434 3.63648165755839 3.48780124346303 5.01059186468464
6.14370737766035 4.60649369978529 5.27542939599689 5.14118251440516 3.66999691395405 6.67539895918104 7.37330859296547 4.87271168180239 6.78871067207779 11.160961786205 3.84357800964175 9.34232851849908 11.1735587421409 5.42845618611539 2.45022198470527 6.1843557344851 4.68200177633426 2.77628851803008 4.10444556484943 7.13223997292008 11.671864994747 11.2411829835415 7.42290628016318 3.76484178599583 3.62957134645728 3.39295983938362 2.33057066511358 2.55000869861811 3.11342150411964 3.92511933490614 4.66683492512427 5.58569875295682 2.80769389727362 5.12777975833132 6.17478799240512 2.66617880252771 3.35421387457422 3.80110450589311 5.04026278738839 3.62316910826257 5.8649451131445 9.18083872165458 8.75628629061755 7.12230829998521 4.13337071997694 3.71647967327005
3.13028597468077 3.33959196323066 3.8966357833548 5.08498587734047 4.49140488187894 7.64205749842391 9.33274030212148 9.97623736059778 4.25867839157855 6.34033767170314 6.50987657474798 4.73532808196115 3.78405122258942 2.68659858112588 3.67710374950939 4.02018525805984 3.95424583173236 3.34289422611156 2.05416430922617 5.76323512477762 10.3738176793247 9.87039391317133 6.37610293907697 3.97800069877643 2.42305396616133 3.34664676052941 2.45249956979933 2.64471547712989 3.4800945145496 5.26920147347342 2.52775632564286 5.02277794773189 2.26213813100295 3.09150877116287 6.22771956676541 5.80729032933063 4.74290968198935 4.71789454807147 3.80415317281863 4.25477826152721 6.65061778292019 5.9992490788777 4.6344057343861 7.58031625390835 5.57037500134815 4.81141166060307
6.98360526907958 6.78455302455086 5.97572985942649 6.49650824868197 4.36316348403972 4.29704433589574 4.04033932439185 4.01458016979014 3.11159885295483 4.04381296550634 4.8310588525208 4.68732341888343 3.36766576464306 3.5781956632032 5.63472727750201 6.33034738980034 4.25392846281376 3.3853788098253 2.67806159311347 3.27841282549516 6.54456207178587 6.48698857463709 3.39003459361117 5.18487042505292 5.43211866408859 5.70686300216901 4.87887468549723 2.92881929591241 2.48485592690528 5.29546097637089 2.68506701664791 4.65402961769595 2.62020601693234 3.48745772478836 6.10483916193602 3.39106070822738 3.68616739323286 5.02300655904643 4.02911875758514 8.59148324668154 10.068410485922 5.9635221528906 6.67714921598937 8.69502740912593 12.4920940500879 8.13030480764916
10.8085072079387 10.5153468170752 11.0100482370969 10.8223736108297 8.81995801345046 7.51810325624611 5.86611045545433 4.38215990049246 6.27937465670189 5.0395274496098 5.97237238115339 4.98835216065648 6.89817256637638 5.59003329067487 3.94864872463795 10.772180473326 7.16722944036531 3.99188416963354 3.76632747387188 2.38944149040484 3.58055260929847 3.60570219965697 6.25848850276886 7.69508152818052 9.79447514845033 7.61393766455491 4.53217722505635 3.49343694998302 5.42742774311212 6.94795826506943 4.41380811061723 5.9130520121505 6.6278602220391 6.34715370781448 7.96282096570967 4.67984316681503 5.13319879556146 5.54215524500552 5.70683780977508 11.3891705303511 12.9487942765279 15.5684641083614 16.2587209852621 7.9099946868153 6.98424378589458 6.20878092278351
12.320933830739 9.14284385841928 12.3544856710647 13.2408915229685 12.9814433698716 12.7576378495909 10.2831028204859 9.77236712963045 9.75798958116734 5.59989481814683 3.66643806604095 5.98883714976212 9.40495542339706 8.39951292945405 3.43694818939357 5.56267290376495 8.95985737930174 4.88369626412333 3.00950736413848 3.70172192448679 4.52960122974506 3.58596101854992 6.72366345992441 7.89550075978892 10.4660204181014 7.1560478096501 3.19733472121495 4.1087867835744 4.25018281862258 3.75195951119844 10.887847706591 8.85868085595953 12.8006115585727 11.3714172485698 12.4342136038801 10.7460542542115 11.6970720255292 4.69800834024421 4.72925000811771 10.3574661282591 14.8689279466008 16.092448935078 10.0176353023683 7.79589543998567 4.5829041692956 9.49042750341865
2.37244042086365 10.1675523174115 11.0342945607226 9.90350923142199 10.3726546359783 13.9449660700649 14.3558502616045 14.5159101138031 11.9648255554229 8.62416028921804 7.51567896712434 9.67414142793386 11.6602942815456 9.68911872935292 6.32468933761626 6.45570265657328 5.57885843389065 4.10884274957719 3.97889363898294 6.13615773129054 6.22239187675191 2.37062362624917 3.02676114758293 4.44322858420179 9.5172211548334 9.7660125242323 7.82202170784454 6.41732653633958 4.11436613121963 4.579263644432 3.78307686736214 8.80670553339504 15.4084808506406 12.3435904036791 8.92861106540494 8.16138865892448 8.17053129748245 7.20861328644776 8.89133473152257 11.3392840573265 19.1895771194173 13.3357869665809 11.6726629354635 7.53760487024743 6.55034845550563 9.04311787953484
4.71395625201 5.37033214721045 12.4701042322128 10.9595281648372 14.8542631358902 18.5283434386778 21.6560742001991 24.2285402892247 22.4092376467947 20.1059759925818 13.8576647242084 14.0277391292453 14.2621490781617 12.1835053714565 10.5313290056097 9.07605287769267 4.9172989365798 4.27140048421009 7.64190056745365 10.2254937593899 6.92729281529187 5.19744946401347 5.98451032240524 7.36242884551117 10.1681411021848 7.79839860976759 5.64628718742727 7.39963962113086 8.4819542944655 8.45083808776687 10.701971420335 14.1497003586558 14.6940979464237 10.7282608491613 5.82919741382101 3.15790952524113 6.43974555846058 14.172613031918 13.9778586476763 14.3949342511153 17.1314109101322 14.0329412408875 11.6229875460499 9.17367406278013 6.31639044383277 6.12060260322796
8.27841379149612 5.0710180141207 7.72479018243528 6.49611845939121 12.2268598727835 9.90959679544246 19.1983479243837 20.3134788168638 20.5366965288961 24.4706828842415 24.0673779051556 23.2179564342763 17.3385765284673 9.29978933610451 9.20566943401082 11.1905500672318 9.11832373901002 8.88716038527959 11.0220778186173 13.7754855715977 11.5718122672077 10.5868037345956 11.2275168956851 12.6557718663273 11.4030450157696 6.39775213490581 3.3264627501912 3.53050492270164 7.35277340207296 11.3031934711884 14.8623735883949 22.0669547326965 14.7571316507145 10.4990947453301 6.26725116950131 6.81927492405403 9.83369329439719 4.15952974394166 7.18572067416796 11.138019398272 12.3548890895397 10.4399552434988 8.10053973751832 10.6204154872063 7.42561176648512 3.50190320958789
7.6464711895253 5.59377839602243 6.88162682785476 9.22067544702069 4.08255643567023 6.85162950272968 18.7353145236203 19.1873031925723 24.7691510283021 28.0908062613336 26.2712398724047 22.139526101382 17.5245813646807 6.05291699637087 3.83067586286939 8.1113527019079 12.197017355183 13.5536334238501 15.0581618793242 17.041295838556 15.6646877560369 15.2471142189744 17.1544443082555 16.7922764476497 13.6234628918853 10.0657800540064 7.85183326947379 4.85619551579242 7.58679510776594 11.9614411384119 16.7146788207603 20.0696686844841 14.3536892310749 9.46145835544617 6.78653460561195 6.07894182219969 14.623669008818 11.189174038214 8.14070916931909 12.1801876173973 11.4782698156104 5.4494823389159 3.11549675361826 7.6880319185473 6.56534744964983 2.96609750472635
17.1209385812145 2.71420922914549 6.10823239285435 9.14594835093894 8.30872212130083 9.82426435618783 19.1088832088963 20.5219094778223 23.7890690532184 25.9715786400191 26.0622278223638 22.2388106623146 17.6905966646591 13.2290234678291 12.0831923279173 11.0773477065775 15.1541002165248 17.166244886135 18.4716006314978 18.8667394014805 17.7815323549801 18.2223569045952 15.4927887301804 15.0887713002081 15.8832273811761 15.3423600071734 14.0889275083167 11.1104100660297 11.9667509904437 14.3833911379502 17.7334962935711 18.6017814352834 13.666143697707 13.2670195480648 8.02115673695114 12.3085566049143 12.451099881927 14.4303098868281 13.6559230011479 15.0886544625838 9.67025204500584 3.26945954768196 5.17555330079343 8.80821526153027 9.55622390013164 6.78296084131248
16.8897464393772 15.7787729920121 21.4617943306905 19.4227142017299 12.438572225866 11.2858645278211 13.7873643015548 14.0382410528157 15.7784075663974 17.5272911257484 24.2005921625766 23.8157430581 20.2695431810458 17.4651498106843 16.9348854614975 19.0982735788764 22.5575080408252 25.807750776636 25.0122052023551 23.285061338219 19.8509065559636 19.90258465114 17.5998725682125 10.147680945749 12.436154568586 15.8439815600818 15.6536129549723 16.2308889058686 15.923741016213 17.6983701639745 19.5956419387812 17.0893047927138 20.3260211871434 12.9207722063921 8.30792515996846 12.1247666196431 4.64125097481664 5.64248659222091 18.1597715954919 20.5338780779182 9.14482859256732 7.34151234667634 9.11242474542306 11.427317354858 11.9572116561626 12.9381733150346
14.157342663396 16.2956281084384 22.5372146253877 22.230503143324 18.8393371775462 15.3171160656814 15.9407664546292 10.1070678592654 8.14435860495497 15.1622479293611 17.7425622489297 23.2744005781738 22.620829611623 21.8865395647464 21.723947239951 18.7364473153408 18.3475882468032 23.3518423382311 21.4253213829678 18.8250075946173 18.0494586870857 16.3495643245395 12.82192094909 12.890587191511 16.436429630317 17.8925192448243 15.3990853803529 16.5355505681733 18.1307891541367 20.1758951547153 20.8430373637313 23.1220643285904 21.7611318424869 17.8211906888893 15.1755141422611 9.49276081375491 6.58252077367406 12.020786554857 18.7912981894562 19.7804110439766 12.7409059933097 12.9881286403976 18.9328432646485 11.4856897091242 11.9265986004072 13.2772916387349
