0,21.3878546225949,23.2699025812289,21.9690615552021,27.9592067921317,29.0422427514968,32.2075670268804,27.6328123725862,41.87949571094,40.9142053153958,70.3673901169362,45.9711038385526,44.2052576442964,43.472362532421,53.4302886226953,49.4187033258511,40.2397212949128,38.8875071104126,38.9773511039655,40.6544222219253,32.7742733875883,30.9877745921246,31.4299754530783,57.4264917333928,66.8902311729343,85.8646177605353,64.9261455307454,67.1640017215915,41.6593260381604,41.4373346101732,41.4324175116416,47.3416780522106,55.6766834205578,42.7454261867517,46.2544889169641,46.1680536976026,49.138485214145,66.3653913737312,60.8587551040835,59.7156972954876,68.8760358628323,73.2162116830053,72.9619620217502,72.6009772108151,65.5987379533339,64.879080936998,64.4677154999783,66.7990198626546,64.868570013005,62.0719588694426,64.207292181012,40.5788345242661,44.9104681005098,38.3359291399819,40.2808759455593,36.2621282372497,37.5626427573845,37.2408887820416,28.5401895916188,34.7774223537468,31.3252107992936,31.6605562614535,27.565063122923,55.0548529951588,39.129618488686,40.5552341469293,71.5330532782669,75.0595325740162,68.4232368269985,65.1461453331879,67.0395326087632,69.6305022601707,65.5654354522213,70.6817179534464,79.7307954095236,37.9668456166231,38.2959769943225,80.05951339506,33.9960077277847,36.3697291693202,42.9884009685534
21.3878546225949,0,25.1331078718799,20.2395593623258,23.7247119393744,29.3431521731906,32.1267137501069,25.9299762598462,41.3872548619866,40.4228526572565,70.7405238333992,45.4987569423488,43.7283161490704,42.9906460446933,53.9022163940414,49.8561655739077,40.08633097893,38.7875077114481,38.8351954581723,40.5541286661165,33.4308542278632,31.7094921198766,32.158414750395,57.5523161168508,67.3316058298952,86.2961426756442,64.8976456726436,67.1875974230118,42.1822857071871,40.948256560887,40.9371613567576,46.8549667618695,56.1130580576047,43.4702361410758,46.6796108622869,46.5930376316128,48.6789771254627,66.7612890178143,61.2568305027273,60.1113048831558,69.2586180474857,73.5982329780027,73.3419360503255,72.9803906064395,65.9814425555365,65.2654563492945,64.8519028283592,67.1840036517029,65.2533159560156,62.4560329805593,64.5949780777334,40.7817542315001,45.1446338767265,38.5889925166025,40.3380599052075,36.6800462266936,37.9851148350012,37.6424434302917,29.2894156781169,35.5853539560631,32.2211739952327,32.5662598569254,28.5813090104914,54.8837518368338,38.7699679930227,40.3890215565414,71.9375220950785,75.4657930826372,68.8285424897356,65.5507109073195,67.4119264508022,70.0031068966241,65.9450315287678,71.0615779824323,80.0939133695937,38.1020284606932,38.4485435950201,80.419264329623,34.3446558024338,37.4113109998888,42.4718333993983
23.2699025812289,25.1331078718799,0,28.3445434684772,31.8135992519361,24.7396271859773,30.8493586729588,24.9692523880851,44.136523398365,43.161022910731,72.2928983998673,48.3114005127212,46.5385779409442,45.774990289339,55.3629811526999,51.3169203109181,42.9251734179631,41.5615005238664,41.6548661123539,43.3327301504866,35.4182088791351,33.5480238619061,34.0151590671629,59.164825110016,68.884050368658,87.844811680103,66.6664190503185,68.8949308716491,43.7025130511141,43.3951648148248,43.3809427476067,49.4088146091003,57.6501556065066,45.1575193751835,48.1302064681666,48.032530766602,51.5161590093188,68.3053131454729,62.800610611392,61.656134467432,70.8044498563846,75.1447761266338,74.8884028133347,74.5276357147808,67.5303354682885,66.8133214258685,66.400608923943,68.7322076881642,66.8019827945592,64.0046026825681,66.142523541972,43.2502601573644,47.5911193510008,40.9958956651148,42.9777716903869,38.8669267552904,40.1888492574742,39.8868190952269,29.4057719372895,37.4627513412889,33.9739228467647,34.4176445584473,30.2593111848032,57.7005591817321,40.1152353242616,42.2117030674389,73.4828312249877,77.0110153672543,70.3737119774614,67.0958469402703,68.9629205955933,71.55381963459,67.4946700716698,72.6109614361451,81.6475778026037,39.5637915026421,39.9133057835004,81.9006433772983,35.3926159206817,38.5231765950823,45.2381249077969
21.9690615552021,20.2395593623258,28.3445434684772,0,20.3222508636902,30.767026855514,32.6444824158816,28.0322047183909,39.271052104583,38.3193281869477,69.002102429073,43.2764945821848,41.5150366821602,40.8163350183016,52.1555889511579,48.1422610013307,37.4440283758796,36.1694439993724,36.2055990253386,37.930142820951,30.9965253236993,29.3789441996832,29.8044945842165,55.9997100757648,65.5257827568645,84.5036964825497,63.3519206868359,65.6476920739845,40.3299894914398,39.2025032137213,39.2041658917386,44.973791634512,54.3271089667514,41.2867783256439,44.9870672320567,44.911081371027,46.409039351776,65.0084548397377,59.5020873183821,58.3579843993119,67.5171503925381,71.8566377376839,71.6024261315704,71.2406890873672,64.2369306533924,63.5183153304714,63.1061104127557,65.4379078257102,63.5070112335696,60.7104825349869,62.8468531544385,38.2162783240779,42.5741070084098,36.0461542871902,37.7150976718421,34.2295003950748,35.5127273170879,35.1443830471492,28.3498481654488,33.1525283697432,29.8543356102987,30.0938627818941,26.2131221422915,52.2933701859447,38.0062050784145,38.9395522831846,70.175009519341,73.701597716846,67.0653395230293,63.7882698817281,65.6755493330855,68.2667908781248,64.2028653474264,69.3193958175536,78.364108541091,36.6787346586513,37.0055905873639,78.7608332995237,33.0684378704956,35.5326515734123,40.3680038846886
27.9592067921317,23.7247119393744,31.8135992519361,20.3222508636902,0,33.3856138513504,34.9752397353992,29.9869865023091,40.850259146192,39.9008736465584,71.2801204576726,44.8599499230553,43.0955309224041,42.3974862197574,54.5026132974286,50.4660433230756,39.2579217509063,38.0293927414399,38.0295108752577,39.7896311358089,33.4876866936798,31.9105399612538,32.3430917378454,58.1090588136852,67.8510884818909,86.8222260786783,65.3499288013959,67.684138633935,42.7113853266493,40.8331401791552,40.8320875611032,46.5867072099828,56.6491129029248,43.8141035647122,47.3027354208621,47.2268702940598,47.9979785049559,67.3023811438245,61.7975231280497,60.6516943262958,69.8018451061185,74.1409289653474,73.8853069152439,73.5231647827524,66.5216397762577,65.8055828327238,65.3918480037958,67.724206554198,65.7931357106605,62.9961448423076,65.1350330117156,40.3325633945668,44.7176995383968,38.2044153859763,39.7084165601582,36.5239692040873,37.8123446477714,37.4278386252297,30.8964437906164,35.7639304705976,32.5217939908142,32.7870638118104,28.9682683632726,54.0954627493804,39.9328056890508,40.8513425172697,72.4748434030628,76.0026737284561,69.3657550467291,66.0881733933393,67.9530919665425,70.5444859845338,66.4854107856406,71.6021294557933,80.6351878993283,38.8067980260114,39.1439598011258,81.0316872258625,35.3516466801438,38.2514197601725,41.9277739186398
29.0422427514968,29.3431521731906,24.7396271859773,30.767026855514,33.3856138513504,0,24.4733972294928,22.5167812173345,43.8310939583808,42.8458611197683,71.6499759119834,48.0825381409566,46.3035411752074,45.511516399777,54.7305295999869,50.6477198321907,43.0054881084801,41.6325448510312,41.7284719769143,43.4074901410818,35.4848631991567,33.5465764871759,34.0371295894951,58.3253700289536,68.3111375212465,87.2580208831313,65.8319051899513,68.0491254967958,43.1833653971528,42.8043190798384,42.7818460490686,48.9226993046694,57.0568191186599,45.0172809815884,47.4374805817414,47.3282923943504,51.3213481860336,67.6773058133627,62.1745954910319,61.0286462701834,70.1645757308,74.5050501133634,74.2464897336554,73.8859397228079,66.8937087617383,66.1794241660521,65.7653169874547,68.0972240565986,66.1672252598702,63.3690555722078,65.5096488044677,43.3231664415048,47.6726435262725,41.0596205044673,43.0704043937773,38.8846047442016,40.2262206282012,39.9413419908235,27.5741768390081,37.5803672939877,34.0725440077302,34.6085003974713,30.4160510342578,57.7461615517667,38.4026586346749,41.2904278899427,72.8649247627538,76.3948593037738,69.756523386342,66.4778654999746,68.3178240346264,70.9086523825224,66.8556049230622,71.9719077157887,80.9956544391274,38.5672925507361,38.9397124304872,81.1704871493631,34.1675302983371,38.1986327364227,44.9286165440156
32.2075670268804,32.1267137501069,30.8493586729588,32.6444824158816,34.9752397353992,24.4733972294928,0,24.6328019656985,43.8771755547608,42.8833981627712,71.3297899686308,48.1917986473946,46.4080869292224,45.5922524799876,54.4184379472125,50.3013307119243,43.3500237228343,41.967275942886,42.0671902638968,43.7451724411676,35.7907487469781,33.7980060536481,34.3081706530669,57.8274518099972,68.0533377891455,86.9877540643392,65.3502014047599,67.5519939264136,42.9751199935842,42.6011886960456,42.5726099254516,48.8109787260896,56.7804965774855,45.1507517699023,47.0690941827526,46.9491009213581,51.4582178880898,67.3701345436693,61.8691983465146,60.7219694332658,69.8468425671215,74.187479306672,73.9269540414769,73.5666314179756,66.5790124536053,65.8671295679095,65.4518077638698,67.7839706777277,65.8541925732082,63.0553125483001,65.198256514247,43.6457333974481,48.0008704236249,41.3726431662777,43.4149875708114,39.1529812455297,40.5110093973083,40.2410761919489,26.0891039546424,37.9293722374078,34.4105606956337,35.0173467390585,30.8051814466287,58.0639349443862,36.9841181962265,40.7327235966238,72.5668204498214,76.098313674114,69.4590551727691,66.1796890028777,67.9956269512747,70.5863794228423,66.5387558874339,71.6550581302945,80.6674494820094,37.9060632077944,38.3017477689806,80.768012298622,33.2560474781818,38.2166002240999,44.9751567759362
27.6328123725862,25.9299762598462,24.9692523880851,28.0322047183909,29.9869865023091,22.5167812173345,24.6328019656985,0,41.3928536396863,40.4085174354134,70.2177943654303,45.6664947504774,43.8826422110108,43.0851265664182,53.413311651952,49.3021394815916,40.9056744188884,39.5825080752476,39.6390026497698,41.3572132685108,34.1297156700775,32.2747896032091,32.7629307453577,56.6596609993349,66.9367827387094,85.8766022095681,63.9780175409606,66.261264373353,41.8868815998025,40.3657206102096,40.3348223344064,46.4903536202878,55.6834111512527,43.7995404062068,46.0853500472836,45.9801002591138,48.9191417083127,66.267289831713,60.7665077164096,59.6181059192103,68.7426604674738,73.0824132286397,72.8221461305401,72.4608514655928,65.4708365000652,64.7600160393812,64.3437650453409,66.6765202004407,64.7461600033622,61.9474548866597,64.0914610044342,41.5568723452097,45.933199611315,39.3414996946931,41.1664638912847,37.3305492928022,38.6703255623283,38.3613450912319,27.2883385732767,36.3402798131456,32.9177782050853,33.4232200946452,29.3404482479608,55.6282992754093,36.0857752558519,39.2785952507718,71.4617252340194,74.9932077683884,68.3540809022579,65.0748074197182,66.8854929341281,69.4765971968325,65.4298422583556,70.5464568295451,79.5545430909419,36.9586891605591,37.3462290114726,79.7522499334998,32.9316958003761,37.3956195143724,42.4631144113329
41.87949571094,41.3872548619866,44.136523398365,39.271052104583,40.850259146192,43.8310939583808,43.8771755547608,41.3928536396863,0,11.2074274429577,73.9820061463213,26.7359793687148,24.4111136214266,20.7808785962202,58.056183128243,53.78374091055,38.1364097743484,37.1483598027505,36.8262419982904,39.0065822592922,38.7809573657796,37.343634379374,37.8581095280663,58.9919588499004,71.1344463043401,90.0241319278294,64.6974619993236,67.6136729928159,46.6132393788687,33.2915502398953,33.6929897051941,34.6030794826616,59.8962118582311,49.0869503549517,50.5496623462096,50.4876747432597,32.4526080042501,70.2061627056881,64.7197604748631,63.5520006052755,72.5927535183171,76.9260594009372,76.6537235927076,76.2856759914669,69.3086661874085,68.6246919168612,68.1914971257741,70.5312302766169,68.5975023107233,65.7950520253156,67.9655286713076,42.4451870084438,47.1794234343351,40.6693541443804,40.7897275421936,40.1421228063076,41.5311938829099,41.0565242439016,37.3480766366985,41.9263290018032,38.9415813618385,39.5449571356255,35.9149636133,51.7034540932683,43.9379258221625,40.1550857799051,75.449342831875,78.9924405141774,72.3474696258814,69.0636438238816,70.6514070374438,73.2450417033179,69.2454636387247,74.3647869206817,83.2526123833054,40.6497862721875,41.0079670311396,83.7736662115711,39.169400394376,44.6629793166638,26.2523858797533
40.9142053153958,40.4228526572565,43.161022910731,38.3193281869477,39.9008736465584,42.8458611197683,42.8833981627712,40.4085174354134,11.2074274429577,0,72.940068577758,26.0403530955921,23.8993844959972,20.0940149899647,57.0341958719991,52.7546939687979,37.2926714648286,36.2966901405354,35.9812318842553,38.1548227271492,37.8362646955512,36.3902631127792,36.9061558041867,57.8987401922907,70.111433122582,88.9981641435152,63.5672121631953,66.4975592865832,45.6063941212082,32.0546369024431,32.4756893122061,33.1472796652156,58.8707378456948,48.120968765122,49.5177952027723,49.4554756512411,31.6959999326751,69.1701483662671,63.6843241954805,62.5159328158333,71.5532306743059,75.8864001129428,75.6135214795873,75.2453377829319,68.2692323630333,67.586220644336,67.1524575509725,69.4923930016204,67.5586123416493,64.7559787520226,66.9274022741074,41.5494165876341,46.2795288995476,39.7668581684703,39.9130427286899,39.2159771431959,40.6060696539849,40.1349639758816,36.3437470903247,40.9748154908897,37.9853658590139,38.5917208467854,34.9567823380968,50.8607029939075,42.9049877157385,39.0386519032992,74.4157164856797,77.9593032520602,71.3140667027353,68.0300355140784,69.6092612579173,72.2029489066676,68.2052121929094,73.3246016803212,82.2080481404458,39.5805227212906,39.9390137118995,82.7284255095808,38.1330700865671,43.6831237918021,25.6488772320232
70.3673901169362,70.7405238333992,72.2928983998673,69.002102429073,71.2801204576726,71.6499759119834,71.3297899686308,70.2177943654303,73.9820061463213,72.940068577758,0,78.470271204257,76.690570694253,75.7919112161467,64.0542573375713,58.0796948503694,73.2545240309957,71.5796188840162,71.8882864465783,73.378294949343,63.5130804016951,60.9368778274214,61.8297308031546,73.6870264295075,61.5493341208314,77.2958848157978,85.2245226360336,86.4801972728512,54.7958679138794,71.8667976611067,71.9244574173221,78.1357564357041,51.8815541430518,70.401013224872,55.9396215490059,57.1876190687764,81.7942450369362,46.2357590692157,41.1345442790123,37.5113526346774,48.0455783907297,50.8287104347222,51.7431209542272,49.6745129794894,32.1511762396366,33.9874245050837,30.1778956667831,35.2223002360012,30.0505481597826,29.0929279940397,34.0741362948607,71.8835703977572,76.2457710733461,69.2870180298804,72.459002167141,65.6685715886379,67.4352747318294,67.5370576351716,62.464134930429,66.8682785000207,63.6779853342844,64.9991072168367,61.123452794645,87.9063049375643,72.2001421457666,67.177307066958,50.5456431671748,55.1305974124353,48.0677749282993,44.4676584993355,37.2521923130865,40.8686972767861,31.4096424163719,38.0406231534323,52.0895500708687,61.7707508939728,61.2758063715021,87.9487429617931,61.7373092126094,67.6965924891186,75.2630504886464
45.9711038385526,45.4987569423488,48.3114005127212,43.2764945821848,44.8599499230553,48.0825381409566,48.1917986473946,45.6664947504774,26.7359793687148,26.0403530955921,78.470271204257,0,16.8662603523583,22.1928364433431,62.4242546780437,58.2034255121626,40.7566614489202,39.7845950352466,39.4163748843958,41.6690052775871,42.5398399245115,41.1811035823892,41.6863123880299,63.8522897513874,75.4909165464767,94.4020754468881,69.7909449651864,72.6218229564325,50.8612731623451,39.3312081951301,39.6536107784134,41.5290334714423,64.2732798731201,53.0287186063963,54.9924946644053,54.9355773654546,26.7812936215749,74.655303031412,69.1649172782182,68.0012948722719,77.0660101387695,81.4000660661573,81.131570996413,80.76424981634,73.7804007052392,73.0899740899897,72.6605219087452,74.998980883922,73.0654903137448,70.2643519765,72.428485332964,45.6510514324712,50.4425359361398,43.9461185247136,43.7990927935954,43.672710797339,45.0589110754887,44.5511937860783,41.693679081927,45.7730589636845,42.8362691752324,43.4253257011944,39.8423640261535,53.956970285601,48.5815236755871,45.2685034048577,79.8814648382004,83.4211742508725,76.7780684953022,73.4956830367258,75.1415659763854,77.7349145610538,73.7227162302414,78.8416505071565,87.7589812873309,45.4165099586458,45.764982876778,88.3070366918942,43.7263078402615,48.7652310444807,32.7395467458472
44.2052576442964,43.7283161490704,46.5385779409442,41.5150366821602,43.0955309224041,46.3035411752074,46.4080869292224,43.8826422110108,24.4111136214266,23.8993844959972,76.690570694253,16.8662603523583,0,19.6821782707533,60.6524463344377,56.4272517141417,39.1876113414509,38.2242073864693,37.8575663946025,40.1016155442721,40.8235092129814,39.4565366885944,39.9623174672476,62.0415106599806,73.7219358002365,92.6312611659941,67.9639018553074,70.8003886462918,49.100578267943,37.4240739755202,37.7478166225655,39.604114909475,62.5022827780961,51.2942069466785,53.2141304864601,53.1565410178267,27.7111126452938,72.8785821469403,67.3885158969161,66.224581936068,75.2873613499716,79.6213748920605,79.3525626314348,78.9852029120912,72.0019587925493,71.3120328042233,70.8822966971905,73.2208466343095,71.2873488267082,68.4861006614896,70.6507258039133,44.006789223088,48.7894900009016,42.2931895222417,42.1780264099066,41.9878668005569,43.3735464506006,42.8693938285307,39.9126260224524,44.0445225807628,41.1021628874159,41.6912223176313,38.1032025736007,52.4875300470156,46.7689353283313,43.4311298888198,78.1061635567143,81.6461467420198,75.0028879018192,71.7203843831472,73.3616712339805,75.9550354454892,71.9438426009552,77.0628018152951,85.9778294458538,43.6069861770754,43.9568589098523,86.5216627562915,41.930888644426,47.0104370128339,30.5038378407203
43.472362532421,42.9906460446933,45.774990289339,40.8163350183016,42.3974862197574,45.511516399777,45.5922524799876,43.0851265664182,20.7808785962202,20.0940149899647,75.7919112161467,22.1928364433431,19.6821782707533,0,59.8010945942624,55.5566576036344,38.9382770519565,37.9595227069308,37.6124202775851,39.8315615679894,40.1951347254037,38.8003970586092,39.3098020870635,61.003862118534,72.8729876699027,91.7743067665523,66.8357242158094,69.7057398197391,48.293018731872,35.9593201452443,36.3177065647339,37.7591411710161,61.6459270890537,50.6003364028241,52.3351560082314,52.2759368366119,29.9639667054677,71.9948996477537,66.506340470479,65.340818950507,74.3945484451743,78.7282585714165,78.458003521929,78.0903471423869,71.1096278820441,70.4221616668877,69.9909916751486,72.3300360693004,70.3964354354889,67.5946959817009,69.7617397447367,43.5617244557793,48.3266063018629,41.8241054099733,41.8003035782858,41.4336221700642,42.8210353807379,42.328484691033,39.080508218891,43.3877182386683,40.4289060162208,41.0243077313701,37.4198173002491,52.3112937256916,45.8332245734669,42.3066383690661,77.2288606951178,80.7701237809096,74.1261629662173,70.8431171816301,72.4623425033133,75.055823091454,71.0494120395579,76.1685253660478,85.0723207880258,42.6119100537279,42.9647146133958,85.6082312950744,41.0172650294702,46.2630552227213,29.1012908482764
53.4302886226953,53.9022163940414,55.3629811526999,52.1555889511579,54.5026132974286,54.7305295999869,54.4184379472125,53.413311651952,58.056183128243,57.0341958719991,64.0542573375713,62.4242546780437,60.6524463344377,59.8010945942624,0,36.372568935765,56.6561513381687,54.9503682777823,55.287051023891,56.7464887041241,46.2927056428614,43.5974692559184,44.509401875486,61.688119813508,59.7382461143099,78.5650588205768,72.4278503245258,73.7837405780734,34.8409860384426,56.317117348977,56.3516468073583,62.5517025147692,47.3747899863963,52.7974699682123,36.4516942718586,37.261089925034,65.6953836035883,59.2390051082538,53.6785670535252,52.6363328361531,62.1087217106098,66.4895735946008,66.2786352147287,65.9602316686487,58.9551443312214,58.1190450494317,57.7877120820816,60.0808784969882,58.1765698424456,55.3877284703233,57.4079630096303,55.0331637727737,59.3697063120494,52.4043206100524,55.7038899522415,48.6832112057793,50.4349164321101,50.5473146391042,45.3284131446067,49.5743549598501,46.3312916605808,47.718277300212,43.7974861424155,71.3502921461014,55.6807263298309,51.8436650605029,64.3485855254808,67.8450833435178,61.2180353553353,57.9487275720857,60.6944388273025,63.2709278800123,59.0149923673814,64.1155762261653,73.6910285844906,45.8211299135335,45.4222463570264,75.0430976330077,44.7001287650249,49.9576916060416,59.3046447293262
49.4187033258511,49.8561655739077,51.3169203109181,48.1422610013307,50.4660433230756,50.6477198321907,50.3013307119243,49.3021394815916,53.78374091055,52.7546939687979,58.0796948503694,58.2034255121626,56.4272517141417,55.5566576036344,36.372568935765,0,52.7293531389006,51.0536215139468,51.3659624282106,52.8498278190595,42.7065350313873,40.0669845777559,40.9499440853853,56.0860554408618,54.9650328073132,73.5124051063186,67.2244348338051,68.4860998794433,33.782588707688,51.8691717002661,51.9056452343937,58.1498189022488,42.2445792322007,49.4267059146029,23.7985554462229,26.2486420496815,61.4981819464144,53.3613702274884,47.8355353329269,46.7885479525853,56.0362142886886,60.4383073420355,60.181635567687,59.8875004539212,53.022808873288,52.2160247927123,51.8769470548784,54.1645302081035,52.275220638414,49.4688971422568,51.5174805220728,51.3128882188634,55.6577431243595,48.7176759674837,51.8952841563342,45.1311134460115,46.8563656443311,46.9386100706175,41.2044212856194,45.9219973491197,42.6643632263749,44.003679545344,40.0683622055452,67.4059180541808,51.3541654904099,47.1023998327325,58.6934374082414,62.2204099225088,55.5735381737456,52.2890674475574,54.6472373875897,57.2157200070579,53.0525850505604,58.1474115654794,67.5771594315183,40.8578032370665,40.3690937881379,67.1195858068964,40.2463103298644,46.2469888418437,55.0351374476971
40.2397212949128,40.08633097893,42.9251734179631,37.4440283758796,39.2579217509063,43.0054881084801,43.3500237228343,40.9056744188884,38.1364097743484,37.2926714648286,73.2545240309957,40.7566614489202,39.1876113414509,38.9382770519565,56.6561513381687,52.7293531389006,0,17.6855604266451,14.4910266770117,17.4228038367898,33.0825755791315,32.2924396777474,32.7734695709808,60.7232168153946,69.5303173432516,88.5683525194071,67.7843813429578,70.2199482863849,44.3373227813309,41.5972040191257,41.7078586046114,46.1938331607018,58.4513474430606,44.8016193287309,49.6648647790384,49.6520743342752,43.1566776468065,69.2308844534499,63.7183167307472,62.5765281333722,71.7754400889592,76.1126441408447,75.866041038027,75.5016271868922,68.4764595045466,67.7510808039221,67.3415250657546,69.6735428201814,67.740684364524,64.9471233224355,67.0769170688047,30.3438640834774,35.8876682955889,29.3972061478603,26.2264204603748,31.6784617487626,33.1315482758607,32.3604983740626,36.6219581388019,37.2835850102552,34.7446048896764,35.4009166325359,32.1562948718258,37.3206393681654,45.3194493034224,43.6535675384029,74.3588724182409,77.8795579171824,71.2470723076714,67.9728777725706,69.9387509045381,72.5309224491677,68.448873405273,73.5660019518345,82.6438918032801,42.070647672189,42.3402611850506,83.4571538547115,39.4863989867492,42.022798342096,39.6830884267294
38.8875071104126,38.7875077114481,41.5615005238664,36.1694439993724,38.0293927414399,41.6325448510312,41.967275942886,39.5825080752476,37.1483598027505,36.2966901405354,71.5796188840162,39.7845950352466,38.2242073864693,37.9595227069308,54.9503682777823,51.0536215139468,17.6855604266451,0,11.9674248618873,11.5229780867154,31.0262085306142,30.2973756087398,30.7897490271414,59.2578567832053,67.776059466904,86.8287771272424,66.3992274843216,68.8090007276109,42.5372743847078,40.4736356442766,40.5819381010799,45.1164164392837,56.7166905900613,42.8687518492521,48.007164113279,48.0020413243674,42.1822515998407,67.5362967177266,62.0214439628984,60.8816615899126,70.0945407691568,74.4318668885676,74.1876140904115,73.8232766758433,66.7932212717758,66.064434196788,65.656741638168,67.9882253453079,66.0552948288568,63.2625690274121,65.3890184963093,26.9250947340681,32.8681201513328,26.0070916817505,23.3011167584743,28.8873732242998,30.426138144985,29.6447983899792,35.1537887200882,35.4379270895751,32.9570670089885,33.6681190085898,30.4594346626096,31.8910376421595,43.9886958108295,42.332626427956,72.6534531331938,76.1721402863626,69.5408011167324,66.2674885331921,68.2656371860288,70.8577680387261,66.7686122543799,71.8856254074498,80.9793081328448,40.6287326104156,40.8877802556765,81.8413314403688,38.0153549458812,40.3692648160806,38.7156115101776
38.9773511039655,38.8351954581723,41.6548661123539,36.2055990253386,38.0295108752577,41.7284719769143,42.0671902638968,39.6390026497698,36.8262419982904,35.9812318842553,71.8882864465783,39.4163748843958,37.8575663946025,37.6124202775851,55.287051023891,51.3659624282106,14.4910266770117,11.9674248618873,0,13.4214930728547,31.6565383109605,30.8760417041356,31.3614546188268,59.3965612542175,68.1483916239104,87.1894628131731,66.4692055585222,68.9014361671119,42.9481723199406,40.3122881773274,40.4239812375731,44.9022032316017,57.0738551225548,43.3945691404283,48.3052732454729,48.2943210418742,41.7941691814158,67.861042884547,62.3480327200022,61.2066045780871,70.4082369499943,74.7454415772821,74.4993042016182,74.1348797480081,67.1086938859638,66.3826771423821,65.9734608658937,68.3053900280236,66.37250189491,63.5791088785817,65.7082771067834,28.5672887289453,34.2477145666937,27.6016460476709,24.7570001185358,30.0397087060782,31.5247146514058,30.757777486659,35.3171581193061,35.9102018967605,33.3832560202181,34.056303914875,30.8175310791745,33.7683352417574,44.0326264864839,42.3522469290545,72.9868492073118,76.5071429667381,69.8748856424276,66.6008664687878,68.5729120950377,71.1650848879737,67.0816701631079,72.1987844091574,81.279646482447,40.7530862722497,41.0204855870173,82.104733277021,38.1705549470648,40.6835478225233,38.3958986842692
40.6544222219253,40.5541286661165,43.3327301504866,37.930142820951,39.7896311358089,43.4074901410818,43.7451724411676,41.3572132685108,39.0065822592922,38.1548227271492,73.378294949343,41.6690052775871,40.1016155442721,39.8315615679894,56.7464887041241,52.8498278190595,17.4228038367898,11.5229780867154,13.4214930728547,0,32.8091043258002,32.083829652848,32.5741234722987,61.0572032379528,69.5750863437005,88.6276286246096,68.2017706527936,70.6102371171641,44.3349114072173,42.2920958847281,42.3992485789816,46.9469728567532,58.5151659775594,44.6586603420805,49.8031106144526,49.7976935881217,44.0838781855519,69.3348229672956,63.8199724878934,62.6802110974037,71.8930633654336,76.2304082177151,75.9861444247968,75.6218276954928,68.5918358207377,67.863034229625,67.455357243723,69.786829354532,67.8539117941854,65.0611799868128,67.1876147823055,28.7341467593113,34.620215326445,27.8731603996364,24.7312354349407,30.7367098932533,32.2571887906641,31.4659197058619,36.9354331357017,37.2128152038066,34.7321071377069,35.4382835199748,32.2310759599995,35.4290403596166,45.7775626082338,44.1341144494688,74.4520598718183,77.9707530646285,71.3394075016913,68.0660902139778,70.0642691217877,72.6563925656534,68.5672353320919,73.6842420248526,82.7779791968449,42.4244970660808,42.6836693786529,83.6380262078146,39.8052746688064,42.1488647272521,40.5585671015046
32.7742733875883,33.4308542278632,35.4182088791351,30.9965253236993,33.4876866936798,35.4848631991567,35.7907487469781,34.1297156700775,38.7809573657796,37.8362646955512,63.5130804016951,42.5398399245115,40.8235092129814,40.1951347254037,46.2927056428614,42.7065350313873,33.0825755791315,31.0262085306142,31.6565383109605,32.8091043258002,0,13.597854797042,12.4733522879194,53.232535675607,59.0354675044494,78.1996387805065,61.4002780129592,63.4628429660027,33.1330262811006,39.1040039779182,39.1437051219448,44.7232801585569,48.0845590049141,29.4394201341752,39.8069709906789,39.8431405983476,45.5279246583124,59.2755193641224,53.7402025951601,52.6209011355317,61.9575784081649,66.2979848957176,66.0739229999753,65.7124493114115,58.6447674659917,57.883570255513,57.4944156422703,59.8198204648466,57.8876323198036,55.1018175110466,57.1964207164826,28.7941315840767,32.7108728760476,25.8613940998905,30.5016364322349,21.6253652427923,22.6247316049006,22.5562301457099,27.9478020603904,20.347632885742,19.5008459375814,21.3336347239483,18.8653169768701,48.0373226298316,38.9469268000111,37.978561542918,64.3037924560552,67.8051378625974,61.1834079353888,57.9175142598481,60.2107804357135,62.8017760079253,58.6480250861666,63.7633124530816,73.005944738021,34.6111484010053,34.7636165808088,74.1242522632219,31.2848692450988,30.2454932408255,40.0396211738993
30.9877745921246,31.7094921198766,33.5480238619061,29.3789441996832,31.9105399612538,33.5465764871759,33.7980060536481,32.2747896032091,37.343634379374,36.3902631127792,60.9368778274214,41.1811035823892,39.4565366885944,38.8003970586092,43.5974692559184,40.0669845777559,32.2924396777474,30.2973756087398,30.8760417041356,32.083829652848,13.597854797042,0,8.13417908195327,50.9533900612656,56.3781050756272,75.5537386107188,59.2641080908526,61.2803445104436,30.320570723334,37.4166156751501,37.4522077173006,43.1173972494271,45.4308682782704,24.208629813042,37.1897071693413,37.2303774621205,44.2070479608262,56.6724473242475,51.134473206706,50.0180894844958,59.370753598901,63.7117371525649,63.490239097835,63.1293283387715,56.0573012127955,55.2917283129084,54.9051520786672,57.2296446443826,55.297688749038,52.5127108992418,54.6030105004779,28.5008019640367,32.555091515992,25.599686657837,30.0313305737974,21.198341250016,22.4965703522152,22.6047581288462,25.7436696240252,19.1228745607254,16.8736592454937,19.6185480213142,16.5435277726785,47.2035152849304,36.9603712186071,35.9563324588072,61.6901962508536,65.189388165421,58.5688073356518,55.303805032831,57.6357342783545,60.2265181575564,56.0642816354217,61.1792828560481,70.4419590723457,32.3646752442289,32.4966430319796,71.5865497446858,28.9942935712428,27.4442538258996,38.5921553332049
31.4299754530783,32.158414750395,34.0151590671629,29.8044945842165,32.3430917378454,34.0371295894951,34.3081706530669,32.7629307453577,37.8581095280663,36.9061558041867,61.8297308031546,41.6863123880299,39.9623174672476,39.3098020870635,44.509401875486,40.9499440853853,32.7734695709808,30.7897490271414,31.3614546188268,32.5741234722987,12.4733522879194,8.13417908195327,0,51.6721212628571,57.3373285032882,76.5005237236625,59.9353639170487,61.9651596343556,31.3351237845661,37.9671042379101,38.002629274594,43.657066565647,46.3734706181882,26.0747030392055,38.0548002496928,38.0870181681471,44.7083132370389,57.5811499598073,52.0450934345468,50.9271060987182,60.2679895702973,64.6089472060151,64.3854358295999,64.0245462360462,56.9568573434811,56.1940714294713,55.8059996774309,58.130894530543,56.1990459375315,53.4133505387838,55.5063831234134,29.0255329549432,33.0535160610252,26.1457703322748,30.5219382606615,21.8945830318749,23.1149680421663,23.1553981430901,26.2964990450808,18.7135179382312,16.8895199838162,19.7113136515309,16.7960506648398,47.6938552323559,37.519327890849,36.5753427245726,62.6081528645023,66.1090181448082,59.4874704330623,56.2217245114638,58.5269072240664,61.117693883853,56.9613878331132,62.0764597174991,71.3261621569138,33.0403985410125,33.1820259800717,72.4185411910029,29.6407330743143,28.0336003559317,39.1053983596444
57.4264917333928,57.5523161168508,59.164825110016,55.9997100757648,58.1090588136852,58.3253700289536,57.8274518099972,56.6596609993349,58.9919588499004,57.8987401922907,73.6870264295075,63.8522897513874,62.0415106599806,61.003862118534,61.688119813508,56.0860554408618,60.7232168153946,59.2578567832053,59.3965612542175,61.0572032379528,53.232535675607,50.9533900612656,51.6721212628571,0,73.9789417053752,92.3780266165204,58.9255709887401,57.1932211245415,52.5439835903188,55.5678471225954,55.6408379391334,62.1991656477512,62.3789254528832,61.2157488665425,52.387669938729,52.3711668543333,67.3459610352197,70.855485288506,65.4702567811153,64.200126591481,72.6211577256674,76.9410637913018,76.5647333778039,76.1850254790706,69.4058964422335,68.8804404167654,68.3571824436113,70.7258773933211,68.7894601784414,65.9525891440441,68.2787135904057,60.7919707852802,65.2064455730307,58.4317922250669,60.7508522669479,55.7693311836491,57.3282601405545,57.2125128144888,49.1368530230265,56.1279164107013,52.8326408724764,53.8733822804865,49.906687215266,75.2498743824383,57.2958100067068,48.3526081719299,76.5195410734304,80.1447234337292,73.4549486974418,70.136439552449,70.2833269408972,72.8806353245547,69.2058107643479,74.3325414326637,82.4781087827515,43.0088804723714,41.9288182603791,82.2570252409285,47.0561522231476,56.5587741626386,60.2970422481446
66.8902311729343,67.3316058298952,68.884050368658,65.5257827568645,67.8510884818909,68.3111375212465,68.0533377891455,66.9367827387094,71.1344463043401,70.111433122582,61.5493341208314,75.4909165464767,73.7219358002365,72.8729876699027,59.7382461143099,54.9650328073132,69.5303173432516,67.776059466904,68.1483916239104,69.5750863437005,59.0354675044494,56.3781050756272,57.3373285032882,73.9789417053752,0,48.0003068726199,84.8880336776456,86.2589283519463,48.2410592953752,69.4427851144379,69.4888691067031,75.6271693689594,44.7236896418388,65.6077270896793,53.2789712814132,54.5044263536483,78.7547967441995,55.2643841633391,49.2754828749768,48.1942056319761,60.4398281453692,64.6164107110646,64.9115251893289,64.3658776302522,55.6553570693456,54.3772364746146,54.1560368610137,56.5371741318142,54.3931276880063,51.882540556524,53.4771628176599,67.623921514787,71.9722653001149,64.9365645261783,68.4323200642185,60.9410925015924,62.8031260704058,62.9949639914245,59.1844863261812,62.6116161599584,59.4845234838494,60.8990437827191,57.0772107024493,84.2243015427753,69.3184049739472,65.2134707869681,56.039011102506,58.8385918736253,52.721762175955,49.8302171720699,59.054786998181,61.7075716650293,56.1693850083631,61.3370989650131,73.0950772897849,59.755965591028,59.367335727912,87.7196392369033,58.9187919936632,63.7738094186157,72.4009849738266
85.8646177605353,86.2961426756442,87.844811680103,84.5036964825497,86.8222260786783,87.2580208831313,86.9877540643392,85.8766022095681,90.0241319278294,88.9981641435152,77.2958848157978,94.4020754468881,92.6312611659941,91.7743067665523,78.5650588205768,73.5124051063186,88.5683525194071,86.8287771272424,87.1894628131731,88.6276286246096,78.1996387805065,75.5537386107188,76.5005237236625,92.3780266165204,48.0003068726199,0,103.399635876838,104.747168717908,67.6461468048344,88.2625766530173,88.3099082420373,94.4631340561975,62.9696155262261,84.8195331019189,71.7932757910954,73.0609242024737,97.6758336620532,71.0608902249869,64.988655018593,63.7817110746338,76.6539937317081,80.7602471519795,81.1651318338124,80.5448558580755,71.2953312287517,69.9338968506857,69.6866994694753,72.1383834194785,69.8666531309826,67.4714732738051,68.9900795919236,86.7592294730152,91.1093163775213,84.0887908538507,87.5247237832966,80.1648184215333,82.0070971378147,82.181304432113,78.1102487886136,81.7288088860121,78.5870773057581,79.9854289295385,76.1511040829439,103.255599652219,88.1878766432203,83.9443478376999,69.6350735760558,72.0054218806957,66.2589908028717,63.6277810524005,75.108820352324,77.7891390385917,71.9189369771753,77.1197362122198,89.3537605068433,78.4626881815511,78.0543455426906,105.961758931643,77.7517739977352,82.8079885903069,91.2921004670199
64.9261455307454,64.8976456726436,66.6664190503185,63.3519206868359,65.3499288013959,65.8319051899513,65.3502014047599,63.9780175409606,64.6974619993236,63.5672121631953,85.2245226360336,69.7909449651864,67.9639018553074,66.8357242158094,72.4278503245258,67.2244348338051,67.7843813429578,66.3992274843216,66.4692055585222,68.2017706527936,61.4002780129592,59.2641080908526,59.9353639170487,58.9255709887401,84.8880336776456,103.399635876838,0,54.483851472533,62.6775349205023,60.453153283436,60.5645604917359,67.2445640029497,73.3921320720718,69.827020476948,63.6816891805014,63.6528651172086,73.3877253142433,82.2558529533002,76.8485432460275,75.5935996742544,84.1590484895535,88.4740389582386,88.1260575313062,87.7399518038809,80.8900952839101,80.3374722355586,79.8268316683125,82.1940313676785,80.2532543442068,77.4257098231112,79.7253627891726,68.4512643723093,72.902239234857,66.180346916986,68.1678458731773,63.8549992192693,65.3703604480874,65.1896870856364,57.0773989932599,64.2615610083931,60.990594312446,61.9319379860917,57.9935146726069,82.2327616044558,64.3139605165437,52.6800839229847,87.8177251412325,91.4263059732308,84.7460879215733,81.4349717034393,81.8603399648283,84.4606284201662,80.7151642073064,85.8432327837838,94.1284480440175,52.0661840693284,51.6576764785287,94.7808219993399,55.4993770111996,64.9766446172313,66.0539408151756
67.1640017215915,67.1875974230118,68.8949308716491,65.6476920739845,67.684138633935,68.0491254967958,67.5519939264136,66.261264373353,67.6136729928159,66.4975592865832,86.4801972728512,72.6218229564325,70.8003886462918,69.7057398197391,73.7837405780734,68.4860998794433,70.2199482863849,68.8090007276109,68.9014361671119,70.6102371171641,63.4628429660027,61.2803445104436,61.9651596343556,57.1932211245415,86.2589283519463,104.747168717908,54.483851472533,0,64.1984740682997,63.6642740255496,63.7574336047362,70.4097903272034,74.7341819425973,71.7519690890011,64.896891426533,64.8595058016453,76.1811664937682,83.5296727431702,78.1263408703811,76.8694464478196,85.4082118527766,89.7248198334964,89.3713053177673,88.9871713549122,82.1524816934181,81.6040533281469,81.0918111091628,83.4588166111321,81.5193088433476,78.689898114983,80.9936152766515,70.6899836353571,75.1280026828307,68.3903142710425,70.4852374515239,65.9579436179834,67.4850938533909,67.3241468474675,59.1196545605804,66.3252906983976,63.0423489191019,64.0135948752333,60.061708764941,84.6965514440254,66.6446578765357,55.7591655042438,89.1117777910469,92.7233609826504,86.0413342083512,82.7288232871512,83.1069486332201,85.7063785320572,81.9734654367633,87.1010257897857,95.3634770643215,53.2785522970612,52.6186944895654,95.7692307076589,57.2834611105133,66.9256278854667,68.9469220431525
41.6593260381604,42.1822857071871,43.7025130511141,40.3299894914398,42.7113853266493,43.1833653971528,42.9751199935842,41.8868815998025,46.6132393788687,45.6063941212082,54.7958679138794,50.8612731623451,49.100578267943,48.293018731872,34.8409860384426,33.782588707688,44.3373227813309,42.5372743847078,42.9481723199406,44.3349114072173,33.1330262811006,30.320570723334,31.3351237845661,52.5439835903188,48.2410592953752,67.6461468048344,62.6775349205023,64.1984740682997,0,45.2789215374952,45.3140409331333,51.3932932214526,37.0166808616741,39.114974481845,32.0734928113175,32.6587250477533,54.0763789403233,49.8408339419492,44.2285466880043,43.1884061268546,52.9945162693851,57.3442135632912,57.199213555201,56.8456064182504,49.6301917848014,48.7495126932871,48.428982054096,50.7317237535461,48.8028394340809,46.0419813740078,48.0191676765887,42.0951500112378,46.4195126338576,39.3584313448649,43.0403868674604,35.1829701431749,37.0529011087055,37.2776835057743,34.0433591373899,36.7520316396838,33.6183345000729,35.1304625090633,31.308704074849,59.0697209865296,44.6527391738843,41.4914804255989,54.5705591758674,58.0136662910222,51.4225609262875,48.1805495614884,51.5439599736725,54.131965101807,49.736170381494,54.8455468515341,64.6412801447926,36.0690472501606,35.8168743133195,68.1805271754257,34.2575431696331,37.8319936245482,47.8638836390202
