IBR/IBR_outputs/all.combrep_1/EucDistWater_Total.FireFreq_2000_2008_Total.VRM_Total/EucDistWater_Total.FireFreq_2000_2008_Total.VRM_Total.asc
NCOLS 160 
NROWS 95 
XLLCORNER 210004.651214014 
YLLCORNER 7350008.22228844 
CELLSIZE 4999.99999999997 
NODATA_value -9999 
[rows 21 to 41 of 95, columns 92 to 137 of 160]
8.30626504780841 4.77459660142627 3.96127287403017 3.35268720589255 8.05383897394986 13.3572927321872 16.5564604733608 13.7628187082896 8.37073534933259 3.62290084163737 4.20981618204328 8.31432078128265 6.39698436209994 2.41166516595894 2.22597269550136 4.7505437376073 8.75484031740628 6.13311373971428 4.1565302057478 1.32705139416837 1.47660604647305 3.78531538062551 7.21531333876322 5.15974397956308 2.67482201865105 2.23897295262713 1.95697441541165 1.91455164179858 2.59114675813043 8.14675040234314 2.02505901344898 4.43580408359099 4.34348884548057 7.79307473311262 8.82669903987853 6.37124399982158 4.53027269461184 7.14209323159426 9.71074296315306 8.56683443115603 9.35600724676949 11.9662976281419 13.3202133094869 14.8044179112644 17.1495238115611 19.9087479165929
6.91783874784475 3.3148663127068 2.46169556118937 3.47068710502333 7.97160555355156 13.2502526116547 16.3735215940234 14.6771533890306 10.7799077528648 8.01567474156233 8.11935728980782 7.2585432885649 3.27549781747446 10.2108139065025 2.42757355085394 5.29226703346426 10.1546336587209 10.5044315011523 7.32271564269171 2.93569405274128 2.91713564541238 2.33981598900925 6.37181756487496 8.82673210063768 7.46508170791021 6.69573034866786 6.42466587273178 6.55077316234229 5.41128281249377 4.4129032782501 3.32431915731218 2.00676067344966 3.12160034566778 6.40439792605316 11.6427846179494 4.41670794726107 3.00105082855932 4.84199836118779 5.4070613308694 4.02670987138778 5.28007328704181 7.56155507149673 9.01129397865912 10.7847127994456 13.7766796423177 16.7406025242318
4.67303739209266 5.57144426752396 3.80904339035469 3.81432026498324 8.21992364463531 12.75665189719 16.7498240858072 17.1826651736509 14.1428440813219 11.7440866222948 10.1893870185513 7.86002970688592 4.6539266707402 5.94572591408268 3.35671765074775 5.52002423334897 10.5069248954748 12.4989185021768 10.0555175363565 6.12524771008682 1.96081665450663 1.21716108756736 3.38655914318921 7.06008747858414 8.54409182940138 4.4887638452418 4.21315903314063 6.52678509543447 7.60935667628293 8.20682996719286 7.12830483773332 3.59248600729886 3.79830168490028 6.93461403804516 5.56103979222303 3.31936646324211 6.1071360543165 5.85789950881482 2.23690172993949 1.39612409980784 2.20646434342762 3.39910537404426 7.97148709900097 6.68672233323986 10.4436449290025 12.6362618378526
2.76277169901272 3.50657542023633 5.83436622927637 9.95905475672861 10.8606572881563 13.8114804768853 17.2872036726564 18.2069707532305 13.3224650229227 9.33642141539106 5.97796696222361 5.74218940664589 4.13116075206997 3.9940461545694 1.81644336408439 5.4436838946055 9.9744375991871 9.04548926615705 9.94171109618791 7.51379723401561 2.80248491339106 1.67516542380844 1.68429830080704 3.82054784049709 6.62245375915881 4.62484251112569 3.78563104904159 2.3453228688093 3.28730228128993 5.69542017672372 7.90094393110914 3.2508165603228 6.38099204906815 6.04883058343131 3.14304537181812 4.29074032521732 6.79601611807073 6.89207940296933 5.6126065735155 3.07272384800714 1.85309614919961 1.73889416954111 3.4430056304856 4.09478493009894 6.32295103852424 8.10315380691062
5.52906173597409 4.23357813104194 6.19078681598056 6.92204697463302 9.09581445675805 12.3551600147044 14.0968091341107 15.1979212114013 12.1723080462609 7.23495041212855 2.52406369036586 3.32013578183251 2.08302608495495 2.6838408053104 1.71905682664838 5.09233517753994 9.01480463065313 5.65699576608094 4.32330361781436 5.3511882887032 1.79951112334137 2.53375800993589 2.98930443438614 2.24556300011925 2.51957192682824 5.97182576516136 8.35278963587365 4.30959736015959 1.63357725471779 4.66753880213108 7.18234450546899 3.80725684286641 5.88963869368575 9.51978980391474 3.50309293980096 3.26997380527869 7.34693472795789 5.96949652042993 5.22789693777152 7.11378972569094 5.75801325551989 2.77619781896895 8.19305084400077 1.64128587394235 2.09854098772095 3.56314330568718
8.39055266034257 8.84610958047822 5.86169820366598 2.76092739798129 5.93556289368146 8.45923314792518 9.48173320599864 11.2942886091363 11.0403796432708 8.56317172487659 5.54733972052126 5.02189510039132 2.06505472673723 2.57869706731561 2.03799883935866 5.16417225447578 12.3840918313564 14.2307049607126 12.266339346699 11.2680941605916 2.04062349911219 5.18419188872143 4.81965273685828 1.79623218534994 2.46444491147666 5.60927527877451 9.47181232288217 6.0231741669347 3.00636023708096 2.35517089369263 4.61800540537332 4.40986341550544 5.33729593124305 7.23229476285069 5.7832575060753 5.56073927737532 5.25842535536197 4.2321303169274 3.99358669523097 8.17652378170414 9.48322645944002 5.65072410451283 1.93704541386964 6.94939295638303 4.96029565639516 1.62048964487233
5.86736685420446 9.70209365464942 7.2270272576675 3.12118823825827 3.25098459196067 3.71301207630024 4.97488797089918 7.13399056889737 7.2693940142661 7.57353211548188 7.4190801456447 7.80889400598749 6.17395302316512 4.65060321112804 1.38837911569649 6.56490782705817 17.1879878291421 15.8763530371115 11.0309435148584 12.9412113970234 3.71998302413446 5.16964270169876 6.32301373532627 3.66381284421363 2.77359786573953 5.78246159035909 9.4100416195263 9.72726674498586 8.63063174696791 11.7242463411746 9.77487780854831 12.6338583645342 7.34326662580418 5.41846856499479 3.94804976675514 4.49470646512825 5.73915569023837 4.44761911019467 4.03331964905197 6.40015553833323 10.3490290521954 7.44012692301272 2.53358763537765 4.11415957381552 8.90002347832602 4.57378866919399
3.02236505990739 7.12506256168214 8.35066416408594 5.47585782393867 2.59144876812114 2.31513943914208 2.20835198180656 5.02500388057233 7.47849560695302 3.41278119823076 3.80583756158119 8.41678443481698 9.13920868339818 4.41664243213504 1.63390438766718 6.85085497846261 6.54382352855683 7.11684958966231 9.59390278476594 5.77345975754114 3.99617538102482 6.73173865765376 12.1451130484392 12.5723715812027 8.78252045824477 7.58372487076931 9.08840089289699 14.5914361965952 11.9571940826531 9.69348449130751 6.39006005650623 6.03175693842321 6.3994064407939 4.14810782681706 4.60417012583808 2.86749843998246 6.53358233496385 7.15938886903861 6.21959065249648 7.55782813139853 11.4802262756426 8.28678285695174 10.1309010261882 4.27133774491493 4.86046775521182 7.32195525877744
1.77478802831719 2.78564510735998 4.11439538917802 5.53701840671606 2.89003775965777 4.28399748856786 4.57688306243909 7.07880065985195 2.80532526908033 2.37922521566409 4.16419618403833 5.66422459445907 8.03314555647663 4.43213581799813 2.83094938885585 5.98370224834575 9.40862435856578 12.5947844699844 9.72975975531789 7.85342175844016 7.78100070473815 6.72748189654902 11.1142349003929 3.82985580093741 5.2543251552406 3.70700062764114 7.8080649932383 11.0592679426468 9.73689188050026 7.16987770660231 5.04375709877063 4.82674883540743 4.58515021264685 6.11761956573095 5.80101387221889 5.5618861273748 5.56548445848801 8.9972167192248 8.60838792515914 9.79873985565341 7.57378957840904 5.50343559324003 2.3482307217691 5.27731240945611 8.34856883913385 7.96672223866209
4.87606947020011 2.6345203883946 1.74806288831009 2.16003897786922 5.48674171932961 7.97805585084438 7.871450718656 6.57164595910792 6.29600825296437 6.01584601838161 2.96459024885956 2.88074184174861 5.72430883593176 6.48379005158194 9.45998441238112 13.9344728174388 9.08592737692936 4.54831013560215 8.59195902036048 8.95017051373868 9.12074488089987 7.11908969925848 7.28467608116888 2.94707478168296 9.30268098811176 3.14674750257911 4.30898725642933 7.13468417045142 6.58807579553074 2.92347543378871 2.10063308153068 3.34521887676339 2.21037536785486 2.75009344764508 4.00718378524891 7.32479945073887 2.89464175798068 3.95796235185095 5.55388151788558 7.46518188583977 3.38142264014574 2.03519307250887 4.37264397441326 4.02706010605875 3.89469731778565 7.93734757947481
8.51241497711325 4.37834937311275 2.70432792089459 4.17792704436368 4.782353229474 5.35356403966302 7.77953307913832 8.41865118803944 8.65675646180774 5.05236110103007 1.86023077238654 5.49429989634341 6.61513554530173 11.220839138088 12.9827501032093 9.15148047784012 6.24480154353671 2.24962401479923 9.29188223386161 5.18096527266223 7.98810106973819 9.06516844041201 2.75699169386011 2.78662683887536 6.83611731134389 3.15265404709176 6.18353975258567 4.86993963780424 4.03417948385702 3.8543451847772 2.73950099080472 2.54073731449596 2.51732542573009 3.49097430489186 2.04365742501533 7.55442018647172 5.21573016974354 2.35094387299172 3.4523452100041 3.48982819803159 1.39614914586499 3.02576605166426 8.03928896072657 5.45897072621225 5.22476867213536 7.69330177010581
7.96551985090408 6.41866106317568 3.71485695244782 2.35042750727454 4.3260709009667 3.20739364135242 3.7732499290959 8.48847451678603 6.31583805437657 8.90797753463674 11.9643979815441 14.9072451585203 10.6642448981402 11.3434083592521 6.86519845417093 4.0494267360758 8.99487572878028 3.62150795666478 6.69970208429289 5.49343905085868 7.5435580446655 10.9128159716996 3.31328355957344 3.13994525201469 6.00501724662632 2.12496513166155 4.8385245903126 3.84203118937575 3.01668923111517 2.08105774825588 1.93027220695406 2.91550339786436 3.58450937133745 3.36877557834415 2.2823189315988 5.73211979486124 6.96951329339943 3.48656074194667 8.18271206835084 5.72810210616185 3.21179055471513 5.44620763317979 10.6012894903302 9.97809839341102 9.56908285327 7.15930453840981
11.7161590537405 9.23332930091806 6.16230577956871 2.31164779191376 3.44598671101084 3.79616877787892 5.51265560013221 9.94254741123535 9.18253520095649 10.05078992418 5.6927691193925 9.75851825677621 12.8159975410063 12.5925573732839 8.34931461579066 6.26579411991224 8.72201166028494 6.05440903649944 3.04190058885407 7.31232827616177 9.99203720470979 13.1159209155416 5.91564966391633 4.07596707225562 3.34620889150005 2.73183744334708 2.84844980517786 3.47733149245496 3.36162747996522 3.28032780928839 5.79635380072655 4.20258453030075 1.92274556958888 2.57977779552082 4.16088028480566 5.53964057603145 10.0023043737943 8.96382864596875 5.91015852653201 2.39469355659518 5.79847911920289 5.9944791648474 9.52227283061065 10.1258100666835 9.48332380857141 6.64477392604049
14.4251534569395 5.86367317421513 5.78018499827243 2.98870413606803 2.83894707584245 9.63722682636359 10.4794620162488 10.8669103096374 11.5563206046798 8.47448039062018 4.53673774855243 3.6300806761624 12.3110501994397 13.2955616804459 5.38636509184474 11.6026537173684 7.2525256684817 4.07753539501776 4.62934510835701 8.01415014815834 6.48553280213279 7.13925307883568 7.31388308682022 7.37714571219075 5.13366482004206 4.89106145841953 4.47355880312868 5.61998833527724 2.55540862421404 3.22763620042388 5.08361265912039 2.99332259034431 3.28363667672129 2.39146646417215 3.90453896066923 3.97098892292353 10.5895870324696 8.66132155182023 4.47922487182147 4.71191699202854 9.12821937725156 9.05680615007652 11.3431175739122 8.65370397568127 8.07392564304955 8.32061359330038
8.79659173199742 3.00291763772923 3.71738951048763 3.28883393835692 1.52624202417579 3.99109574206938 6.90816614717291 10.1071309482062 11.5292334591753 9.58494765947383 4.72214548219687 5.07072206045359 11.372163637051 9.69272925647889 13.5043801379686 13.8052221673339 12.7029790800928 10.2288377992004 7.66822496467686 7.67951241069182 2.07836186736954 3.07866065875223 5.48039113809918 12.7662623125144 6.21476806427398 3.35403422748225 2.26238643737486 3.39848752190947 3.22242498077959 2.88596787743189 3.06178124550581 4.0951906211926 6.79477069660756 5.23756513168946 5.78003726589034 6.59986609311917 7.64056894352998 4.84335023948281 3.23016970303597 10.3789178042088 7.50187461100356 10.0371595254865 11.4352926788319 7.50074718506287 8.69207483265025 6.04586915803978
9.61176701359109 4.56237765923388 3.27699311976381 5.34951987898164 2.30452819765286 2.09573685748395 5.20202108167955 6.42742235130748 13.0356361015175 5.07353342950451 4.35777137405269 13.2816136020141 12.9769183689708 11.8218203856744 11.3958042428596 7.67638055163218 6.72923412746424 3.48630568938081 5.66037825839581 3.28823718016463 4.37540272938094 2.51155473521822 3.37271181347275 5.33139551828457 8.29701201451088 7.56439578486769 3.21653097013747 2.78703719515941 3.66485454524487 3.15546569700114 5.44887995854951 6.2236117732647 6.96981799929218 6.39397233748584 5.15297420542971 8.44518604848887 7.50889388502919 2.93124102497429 5.71358576757597 12.5299159717361 5.6515989720125 8.47579591482567 10.3354459830905 7.69963927324504 8.39709408372098 2.77146709973248
19.4996662880124 9.39859615815705 7.53107544547126 4.59105044751883 3.22174567501558 2.73280568627869 4.84026298093649 4.59627257675665 11.0521451731393 7.42891517050995 10.5285340796023 16.6802129281172 14.1781158728262 12.6796714832131 5.03276764747418 1.82429375145181 1.94913469814324 4.58440372435374 4.6364681357968 5.56776204119191 7.80778011601876 6.69992053723474 5.34878822281669 4.92300945794721 5.02809870533277 9.5425463626591 8.3466436855105 4.93632749823765 3.70445354478679 3.57246192462312 6.25355994646603 7.54734483386278 3.09829829234719 5.70319701139041 6.60678863446306 4.18831622713951 4.04647089867993 4.04301645044123 6.36762549353549 12.7727684355657 7.8315240500088 5.10365873124051 5.55404298663733 8.83834821838647 6.20541132318081 3.7341411947513
15.9692541463445 12.7444245319425 10.6018486331057 6.15180078130704 5.25984134917738 5.80096264987287 2.72636692051532 2.660185415692 7.4719280611923 14.2985538153293 10.8608924550891 7.34910747877176 10.2078101302529 5.47155540435022 4.09839030486616 2.35481577709256 2.52890936351344 2.66664770508287 5.05225996157993 5.69580949885074 7.75836850767627 12.7361306053331 3.88613438661123 5.19998139063023 2.82070182277709 2.87929265426079 7.1291370743677 6.44966207201299 4.80082758672527 4.37719257608041 5.0001879097058 8.28942008724403 6.02841350756429 10.5554616017417 5.52962919390053 5.83344634440055 10.0144584297689 6.60276266652617 9.82991603467103 12.1390505414826 5.46185783466112 2.78975147734006 2.4601942974282 3.06395678623198 2.20065795424371 4.50290479622694
13.6710241020944 10.9187351020799 7.48310332451862 6.55574510311817 8.6284211899567 7.19581642016812 3.04283486837572 4.18047014351464 7.20139854044408 16.5855335298278 10.9762489855067 6.56649819342324 11.2266379656392 4.80212511594958 3.00530165731679 2.82850961742217 5.37152255261794 4.55396796835348 5.53508222359686 6.08954352781593 9.99442426495907 11.8221152198052 3.86817889769651 1.99027382465853 3.67989025171476 5.96259160900547 7.66509335059335 4.79233127387998 4.03739945640446 4.52094710797357 4.53714955260774 6.42047555327086 9.07663684798032 5.09506291625369 5.83835671386405 8.13421794204351 6.91455194572278 4.29902208350773 9.80513535680084 8.47162655036005 7.13988255612594 6.96742665931298 5.69997151317202 3.59635843690505 4.76391297739951 4.70762093877118
10.9365412107113 9.7866496392406 4.86238419977275 2.72677662151887 7.46463459446745 9.54999495452974 7.71262408615822 6.02598134801532 4.41623468451105 12.6921932786925 10.4888927878882 9.35880005252302 12.331285618924 13.1735262031234 4.26058229040789 3.82976524335378 4.54770349157437 7.24453525091078 5.75003430234492 4.97177683569931 10.9609039702471 13.5327341562686 4.73996251285818 3.11356851982567 1.60403558778386 4.46962615703765 7.55248620963827 5.9266477139896 4.87241615582037 4.29541587335197 6.23346530423972 5.86279533413264 7.6284027102609 6.40460309817372 7.10318549343979 6.34850051450387 7.83898638390249 10.1225432494073 4.51417369302693 4.07852012989016 6.36384294846567 7.26824838106914 5.66605331367143 4.8027314378058 3.44433258819637 6.05546013293205
6.7574443846295 9.07158605367895 5.05041683613703 3.15319034291118 7.7501693708019 12.1202173990814 11.130638898483 8.09186845143607 5.30919129115816 6.00556648040925 7.88857651395401 12.3803899387311 5.14054764461115 14.4385865640603 4.12635463601957 1.93583732448831 1.64181846354595 5.90632888187753 5.53780133235626 4.07533467193774 8.98725564595109 11.3087629684283 7.57564498453622 5.6883724585069 4.16211065084756 2.04848666899036 3.54160223821888 4.28063453976937 8.91617777004023 11.4005436608666 8.4377032135109 7.05204135746099 10.0933876956907 5.86989427342805 7.21031758091185 7.63374338798442 12.8960344071365 9.86061570282744 2.99049462687133 3.30949541103691 5.65162786867968 5.54335001394019 1.73353662124451 2.34959661424051 5.51454642177062 7.00159589270647
