IBR/IBR_outputs/all.combrep_1/EucDistWater_Total.FireFreq_2000_2008_Total.VRM_Total/EucDistWater_Total.FireFreq_2000_2008_Total.VRM_Total.asc
NCOLS 160 
NROWS 95 
XLLCORNER 210004.651214014 
YLLCORNER 7350008.22228844 
CELLSIZE 4999.99999999997 
NODATA_value -9999 
[rows 63 to 83 of 95, columns 0 to 45 of 160]
-9999 -9999 -9999 -9999 -9999 19.6243503797774 22.5745340910393 24.725071751754 20.2134116141011 16.2735315929759 11.8477080117419 7.16844898538536 9.92473338342205 13.6993536414167 18.3246611275465 20.5703042739095 19.3577422969991 19.3535937644212 21.3187091680232 22.2217945055234 17.9118521447869 13.0432382885284 10.0980457322017 7.4700188893763 14.7761538759681 15.7484235668279 12.7437005215523 9.24586005920434 4.79352857226191 14.5324878846066 12.0041099110095 7.79164716752487 10.5467379758358 8.45242369111792 6.56741287689501 8.52253337164088 10.8969136862837 11.8388248255386 7.04531686832405 8.11435978838031 7.88902678447316 11.0018223868411 6.45277201581143 11.0644178119026 7.13601385304914 10.1672838708658
-9999 -9999 -9999 -9999 -9999 10.1333111773163 20.2298927059323 17.0736825829367 20.7609482292242 17.6148413147596 13.8476457209952 10.4394747176269 9.9014744015552 17.372273387957 17.9029600403016 17.5886116831759 19.4724009048354 22.1854439024406 24.7894540256199 23.8743005897707 19.9756479817345 14.8929973562305 6.88556249705313 5.08181717390194 4.5225283790598 5.41633383392985 6.9866853035884 3.67004868313882 3.15290214916831 6.95270029835062 13.5698558626519 11.1445243171765 7.02018817871308 12.6598792571874 10.046198210139 9.70742316787516 9.18490580088192 9.45956943460419 9.14688802850971 10.9532446720738 12.9808025697284 10.6432963818685 11.8758336478592 14.1814693829962 12.1575358476811 13.8022085050884
-9999 -9999 -9999 -9999 -9999 7.75760620332413 12.0506820649179 18.2222997515039 23.322440288643 20.0772086744097 17.0433230376757 14.5755145669864 13.3680493221205 16.8931060248735 13.9703562280705 12.6113678431496 15.9688117055718 20.2613023043702 24.6583189223669 26.1171974595338 23.0278970312381 20.780803925734 10.4245377013668 6.4627563445958 4.65412032286255 5.46191377618645 8.65481883619584 8.01624171840165 5.25213296230659 6.33976650002113 7.72858369607789 8.04268718831726 9.7450659702996 9.45213914352916 5.42261083725991 12.3090301823598 11.1349472103785 8.96637675531164 7.15407234236925 8.79793239396183 13.0302684918857 12.2112540648529 10.5400117361432 8.69526419916803 4.24802267453972 7.5643881962437
-9999 -9999 -9999 -9999 -9999 8.79209876604014 12.9569810681223 17.223222032444 21.0670755788591 24.2179278181262 20.4614254380289 17.5435146404863 13.5673229398673 9.93275868397427 11.9072150907427 9.86359171739991 14.6651270464772 19.5949653353324 22.7770777843017 22.1589927648658 18.8490152654911 20.7446121409674 9.84303383578981 5.38282558405189 4.76824279287425 7.95655347256178 11.1178867523805 20.3620206509976 9.93759654928357 8.95000752256457 9.12732283511095 9.13299904170107 5.09955771258428 6.01794799484515 8.78328360735213 15.9861535030024 14.1843955731073 11.4947229421699 9.36908030849102 3.66396208666381 7.89995610989238 11.5041552994257 8.69354579441121 6.78505192635126 3.05277682070404 7.41084352025601
-9999 -9999 -9999 -9999 -9999 12.7040430918215 15.5123178138815 19.6086594985339 22.8190493376202 24.6827958889163 28.0943241287829 25.3462962045515 14.6191236304757 14.4687211716926 10.7850686583869 10.404901690102 14.7709277559849 16.4178705504502 15.3587591457228 19.1070555570759 18.7239445722168 18.6666706615328 9.78481761630249 7.02227772240062 3.77743328767463 5.1694956923748 8.15806925574313 16.7538462434008 11.6534086512075 6.18361860646344 9.5922330542093 6.31687502412192 4.70942992224761 4.7541551477869 9.4556924305193 19.9362323326586 18.3107584134409 15.4973448820819 13.4903491931788 9.88223504075872 11.6257044390577 11.9481444413925 12.1363477479091 13.7461828363689 5.57067740897761 8.21390549016194
-9999 -9999 -9999 -9999 -9999 18.64345534241 18.9700450906139 26.8144900468657 31.0112296707704 26.2216343205516 30.0483027656276 23.5166371708945 13.9653795477452 10.5741211946447 12.8914637124895 9.45945218427604 9.53758833736042 15.6009532924982 14.068829868202 18.6976462090512 20.9620335495503 20.474123987658 14.9264037217016 11.2941028528815 7.19643726211397 3.6532127386882 8.95688092832737 10.3951636046935 9.02264675692005 4.48504983252255 4.73938165793391 9.85962293065288 13.6724042002044 10.4985762596267 10.0614176382989 14.4221498408788 24.3381066545755 20.6799605151551 23.6450833718205 12.7549050801335 9.20315580141288 10.5129578315074 13.1337453141601 14.3292552512196 10.2147404180027 10.0624083625472
-9999 -9999 -9999 -9999 -9999 28.5789575874296 29.9942712650181 32.1264711477927 34.6957541093132 34.4733127568085 31.1168274926297 27.6526237185766 18.3335321857713 12.6372170541951 11.7980450256208 12.0587047179601 11.4445594134167 15.7569382874995 20.4472159027815 24.8698188568631 28.2095793538407 24.9307666750893 12.8713554645768 8.87788333890645 10.0495944918919 5.28284459112537 12.7693281114793 7.92879219771479 5.40710290254026 4.15478794582343 4.54704402024702 9.39082597149125 11.531715770116 15.3655193813081 17.0136314911099 18.677773166755 21.8653294890602 24.7766426845116 21.4722967481338 15.7673971953442 11.0700682087417 11.6263833172939 10.7516739678382 11.7394162811868 13.2826611593737 12.5005674663166
-9999 -9999 -9999 -9999 -9999 32.1042495419527 33.4382231324558 35.0768740566312 36.753263994119 35.5627481820667 32.7394015498589 29.3492903151354 23.9505242922479 14.8096904395601 8.5460335819639 8.48198625169258 10.5266464534256 15.428125045655 20.3244941061058 24.7446588763222 27.5080047686206 24.5734312382378 12.2794530000831 6.70734364618823 7.67357557930672 9.32320458159384 5.78585180837107 8.5826207624878 5.33639741757944 7.98310253661609 6.27190800792463 8.09807749268862 8.51618392421655 8.62656095828302 10.0531056168891 14.3375369362108 16.1768919698281 17.297497772664 14.9100194581111 13.3773647156836 15.3284641423241 14.3318134866728 10.0371290646487 11.4358824789384 14.5180471905154 14.559124964257
-9999 -9999 -9999 -9999 -9999 34.7885415118457 34.7716055428288 34.937511375654 35.3456024527843 35.4773553427669 33.3208984456856 29.7592550374432 24.2892348335345 13.9211039775074 8.53005964152863 5.56726586435065 10.3776883596131 15.2927715250314 15.6478411074255 18.7134632333204 24.4589253270201 23.6506057679947 20.3362662381561 11.4808708377337 11.4197990598661 10.6894836729597 9.28240566914954 9.93551689854202 9.26059106110273 11.4250319698056 8.80023959903684 5.37442724080961 2.86389337639021 9.40283831355096 8.02947966674749 9.91014460861527 11.2825230970695 8.92589428529183 10.4427403389452 13.3325323648228 15.4970800194822 15.8339663482939 12.0258968480001 10.0470731694212 14.3346425650296 15.3814321656519
-9999 -9999 -9999 -9999 -9999 32.2866059817227 31.2091263930564 31.1411075131298 31.7746693419722 32.8504259505801 33.2141835246877 30.2733242049134 26.448601031084 14.555816526297 9.71164388626881 8.30841019299107 6.8538149692078 9.87786616526207 12.4267074945045 11.6073508555917 12.4211662612009 19.2892681087579 12.7343909468098 8.78990614063358 10.7776092987046 16.8244788393435 12.6635409467697 10.2672612941189 7.41478008893853 7.62605704845181 10.6875243501301 9.97288477498124 10.5445879668819 13.7778706659576 8.51021751979467 9.95791462923298 6.88532638352944 9.96418279513401 6.56980856717182 12.8942591614947 12.8984976064135 17.5737566371497 13.5167694942178 9.84040549267399 12.306484284871 13.0168099810713
-9999 -9999 -9999 -9999 -9999 21.1121973389455 24.7517705696185 27.0571193754515 27.7938740936656 29.3810817802832 31.4634913555503 31.0629739332629 27.5913934474019 16.260731339124 11.8296222163035 10.9780007776769 10.2292282543195 6.64471364072871 11.8556042605996 9.84404288853698 10.4833309098326 14.4158300386862 11.1924346919806 6.52992025747303 7.65253592065725 11.4107868731278 13.3797346595231 8.99364462356326 9.5154394350141 12.9699460246285 13.9806443717399 10.9227205839657 14.230823019349 9.9776460835469 7.76335763748923 14.23299507761 10.0035839315628 3.05032805642211 9.48355289991113 7.9375154802327 9.80031494851919 9.64425027676232 12.5490259955639 9.28086419736854 12.593485812163 15.4079429538172
-9999 -9999 -9999 -9999 -9999 24.8844928970848 23.1226444216902 22.7109028310458 23.8588659736703 18.8282758959236 25.7909941577953 30.8094883222404 28.8295016839786 25.1276165001461 17.9842622294294 11.9296367936337 9.97504102655551 6.40346025336404 2.96120900170506 3.35498648535599 13.4192553751134 13.4240285415808 8.08395151696407 7.33191668820294 8.42866626417147 12.3360397026372 14.3845192621666 15.9510692313222 14.1688250559605 15.3600771214922 13.9696960228415 8.5888250374118 9.32560947188816 9.2834066421258 6.64524749738381 13.0706900405878 5.58168643695707 4.40258810850785 4.3071649243606 10.3119561047687 10.9473134014896 11.9843743622286 11.5657996506089 9.25592597189231 11.4264459491614 13.2091318341664
-9999 -9999 -9999 -9999 -9999 16.3983669324342 15.1257880477185 13.0257193999761 19.9493583086284 22.3699567563673 25.6056282687276 28.5290634111881 25.9697124210937 21.1805652069865 17.4422484810901 13.4822361835462 9.1444997367861 4.19160439791861 2.6499098125196 4.52420339566715 5.09201743516044 7.4957012177494 7.99210854123369 10.2305339399543 16.9134747385368 16.3136297687392 23.564728033318 20.0925010496507 16.5583627289229 14.7629371009868 13.8365260874916 5.0797840971529 7.56561098765764 15.1335504293132 11.4876411409523 13.1842569665875 8.75594042551021 5.79702878176909 6.1278248672551 5.62931503721495 13.5158433759297 12.7569144418721 16.1518658936775 12.9848479389261 9.36029067724835 8.42562969246956
-9999 -9999 -9999 -9999 -9999 18.5585175617475 8.12163415700831 12.9666686994213 15.6036694299467 19.4221631210807 23.5432791662126 23.571897673043 18.6924158928382 17.4026568966957 18.3939501379464 17.2469518358061 12.314494290352 6.95184593186104 4.88568504262558 3.51955472429581 3.78132680953485 10.296802201282 11.2655808596285 14.5802988418356 21.070941411724 24.9011121164695 23.3258935816682 18.8788619937892 14.0008296362119 10.4825365357447 13.8880977212963 7.67697762639467 7.2558218519839 13.4983115981325 11.6591087979511 8.87165860015779 9.23577725209344 6.36701413619262 10.1742229805905 11.8188750195292 10.5291593238731 10.2459553794894 13.2891698859291 13.8328889219744 10.6552065939006 9.67354663329381
-9999 -9999 -9999 -9999 -9999 17.7404687586302 12.8589390710752 9.86194677441176 13.251551219016 18.2609057022463 16.3527768815025 12.8211366100762 11.9428347627108 13.5067132505576 14.2965312146904 18.3672062141606 20.1862649449846 9.62525508997054 5.41756519624604 3.11344633248261 4.9321037385289 6.03632905626211 5.79459411969643 10.9676019747855 20.548442538279 22.7331137379007 22.2425234318687 17.7939383112883 14.0328942621111 12.0725183449016 13.4776780345194 5.11751609892215 5.56618924657621 8.04914846222446 9.96408041509668 10.9464238721039 11.2709098647377 10.9913216670084 10.9664396008511 11.3520942978582 15.005963574315 13.9565457895815 12.839676393392 15.154707353992 14.04104724024 11.586198244657
-9999 -9999 -9999 -9999 -9999 13.6121825399878 15.2254057466991 10.0167577367775 8.03789072966232 18.0259285345163 18.2608192493095 11.7915824536177 8.28346556005066 13.9624279500606 16.6814608257497 11.5119182302299 14.5590723524168 15.4393665197601 12.5767695223588 5.97259103987446 3.22674978274482 6.42089478998763 8.21586454805219 8.71455063386531 16.7237202919503 18.2549492593185 19.076960418162 16.7085610446288 11.9838722325762 11.3194512148674 14.8820650975247 11.7369864998105 5.16953549885248 14.0999204257519 11.3517647359791 9.91660759378709 5.63777503744463 8.10135880994072 7.94524491783007 12.8833702923292 20.0338659505716 17.6102498811531 14.9837533296817 16.0413417364649 17.8569117337416 15.1686079037581
-9999 -9999 -9999 -9999 -9999 8.20367507738531 10.9988712162356 11.5380177939001 15.8674030871685 15.0292326348457 17.284068691378 13.0124659346211 10.5458498532626 12.4105653752838 11.8487714543135 14.5689906716864 13.6181798276035 20.3608788243167 13.996724693092 7.71948250677587 4.2882901626657 4.8570491322436 11.5862839080192 5.39120603665512 11.5189721751539 13.6060593146894 14.6582363135243 12.6275082916259 12.01951114578 11.8232452960107 15.6550859762899 13.4563003935195 9.94770977769477 8.03132111222095 10.2930528674148 7.71964939109463 9.01239646127318 8.91781165185912 5.73958713429496 8.97902045993381 18.0985657420495 15.8292013745853 17.4397485972106 16.087974796336 18.8275503666495 15.553505245007
-9999 -9999 -9999 -9999 -9999 -9999 4.35729205929949 12.2048797865686 15.1526697833013 11.7011096952177 9.7984645617849 10.5722443603616 9.60743865669529 3.37203581525412 4.24710666394429 9.64124689516631 14.697823109013 16.0721965078874 21.6449754150853 10.8573889618584 6.67015724031536 3.41300170312845 7.23771933994229 10.4001137961129 4.58709775011386 8.63814950733372 12.1761186226768 9.63748488518474 9.68650424287885 11.3713689838579 14.8084166362919 13.287871986034 10.2569918894627 7.64127090986237 5.08835637168496 6.94901520314057 8.76590570131253 4.73980672595695 5.40831398466251 8.27379071398654 9.95193446658261 12.2531871349479 15.7837813243098 17.1998650551052 17.5451697684047 15.4241285716501
-9999 -9999 -9999 -9999 -9999 -9999 -9999 13.8357180021803 9.76626016352367 7.87306202769067 8.81714573275492 9.57753108030713 9.73396716342518 7.63002078869316 12.5867515895204 11.3111413682431 13.8585456805797 21.0894127615978 18.4322649632704 18.7478697848434 10.6029292043544 7.91172467359785 7.31262488466575 7.86555909201925 10.2773225462501 10.0641444678733 7.48890628503986 5.22613691704673 9.92208705466792 10.0482970887206 11.9175743934771 15.034524709889 12.3137682300827 10.6354781702979 13.3597634910786 10.6697499749877 11.4380822288495 9.04248597141388 7.29877974795332 9.34020978383356 9.24883921595871 14.1627511863696 15.3215934295745 14.3832990342505 12.9385178885634 17.2836042774373
-9999 -9999 -9999 -9999 -9999 -9999 -9999 -9999 9.8579542556726 11.9438039840889 12.906433134649 12.2387969238156 10.2025060715194 11.1966458018267 14.8043120968122 15.9598244520853 11.2386561205189 15.2293214156332 14.0085370013341 21.7246620821253 15.3387560242734 17.0824206314775 15.8888931367534 10.8552847673473 13.7576333416524 10.1450434777766 2.97918088915271 3.88636342912498 3.67747128881592 11.3158919076504 11.8502655088625 13.4123568388582 10.7365567513386 13.6368508077714 13.9737387410609 14.890230064668 13.864649419486 12.7634346102784 11.2432860972346 10.4648964166714 17.5324770349711 17.0436934771125 19.3558312702731 11.7763684957911 11.1256704815963 15.3730862934198
-9999 -9999 -9999 -9999 -9999 -9999 -9999 -9999 -9999 16.7808334274039 17.5653903125181 15.3083385008963 12.100935223873 10.4278544257088 14.5324228287901 14.9060800163298 10.9012971338958 12.9018653051509 17.3847320454063 21.6928960663691 24.8948998415906 24.8650742245823 24.0191701396647 20.8286762467564 17.0805562037473 12.6370607596877 10.2021954876076 7.82362363789645 6.96931466188154 11.8110561367205 16.454993109256 12.1240027667262 12.7251018553002 11.3115409020243 16.9958191297934 13.8584740586882 13.7420285395395 10.2175873666983 8.95823226588267 11.5482634690026 14.9315954774591 16.7331633785111 10.3083146295981 10.2904040749829 12.8705756866763 14.8697093833471
