0.0476869 0.671547 0.0406194 0.0197499 9.9991E-05 0.0886475 0.131649
0.0307388 0.498141 0.383472 0.0308312 9.9991E-05 0.0429 0.0138176
9.9982E-05 0.684606 9.9982E-05 0.00359569 0.0289184 0.0873295 0.195351
9.999E-05 0.749557 0.0710473 0.00532443 0.0185908 0.15489 0.000490288
0.0478674 0.828114 0.112976 0.0107431 9.9973E-05 9.9973E-05 9.9973E-05
0.0954447 0.728485 0.16208 9.9982E-05 9.9982E-05 0.0126789 0.0011111
0.136707 0.563499 0.266602 9.9982E-05 9.9982E-05 0.0264223 0.00657009
9.9982E-05 0.563993 0.25479 0.0272975 0.00281875 0.1509 9.9982E-05
0.0500884 9.9982E-05 0.836448 0.00627333 0.0442194 9.9982E-05 0.062771
9.9982E-05 0.243695 0.36023 0.0303925 9.9982E-05 0.22502 0.140462
9.999E-05 0.0721861 0.310004 0.0521642 0.0838635 0.417678 0.0640042
0.0206677 0.177045 0.459424 0.00809369 0.0579019 0.0814245 0.195443
0.0246343 9.9991E-05 0.124608 0.0339353 0.0110606 0.803834 0.00182831
9.9982E-05 0.016278 0.684757 9.9982E-05 0.112533 0.0871031 0.0991286
0.0406019 0.316038 0.519219 0.0406204 0.0380266 9.9991E-05 0.0453945
9.9982E-05 0.15025 0.638375 0.00186098 9.9982E-05 0.176884 0.0324297
0.0254742 0.218157 0.618295 9.9973E-05 9.9973E-05 9.9973E-05 0.137774
9.9982E-05 0.481765 0.454615 0.0437469 9.9982E-05 0.00527152 0.0144018
0.142936 9.9991E-05 0.118981 0.0498592 0.0357462 0.145963 0.506415
0.0681698 9.9973E-05 0.282356 9.9973E-05 9.9973E-05 0.0901163 0.559058
9.9982E-05 0.134606 0.115396 0.0244203 0.051604 9.9982E-05 0.673774
0.0456011 0.0357952 0.0017172 9.9991E-05 0.0294122 0.0966286 0.790746
0.0722576 0.0225864 9.9982E-05 0.0282253 9.9982E-05 0.00702577 0.869705
0.0533558 9.9982E-05 0.179524 0.0349259 0.00734711 9.9982E-05 0.724648
0.0204747 0.23874 0.0109609 9.9982E-05 9.9982E-05 0.0849685 0.644656
9.9964E-05 0.143853 9.9964E-05 0.00100228 9.9964E-05 9.9964E-05 0.854745
9.9964E-05 9.9964E-05 9.9964E-05 0.0253869 0.10629 9.9964E-05 0.867923
0.161779 9.9973E-05 0.0858415 0.0112397 9.9973E-05 9.9973E-05 0.74084
0.0431287 0.0725121 9.9973E-05 9.9973E-05 0.0335945 9.9973E-05 0.850465
0.136578 0.0891888 9.9964E-05 9.9964E-05 9.9964E-05 9.9964E-05 0.773833
0.0807478 9.9964E-05 0.101004 9.9964E-05 9.9964E-05 9.9964E-05 0.817848
9.9973E-05 9.9973E-05 0.160899 0.0172277 0.108414 9.9973E-05 0.713159
0.0737066 9.9973E-05 0.156997 0.0503758 9.9973E-05 9.9973E-05 0.718621
0.0201806 0.337257 0.305474 0.0426016 9.9991E-05 0.170952 0.123435
0.0104042 0.397265 0.31552 9.9982E-05 0.0505634 9.9982E-05 0.226046
0.0256878 0.803115 9.99773E-05 9.99773E-05 0.0681006 9.99773E-05 0.102797
9.9973E-05 0.790783 9.9973E-05 0.0179411 9.9973E-05 0.181341 0.00963489
0.0769501 0.318037 0.212142 0.0303635 9.9991E-05 0.240219 0.122189
9.995E-05 9.995E-05 9.995E-05 0.9994 9.995E-05 9.995E-05 9.995E-05
9.9973E-05 9.9973E-05 9.9973E-05 0.032023 0.0557 0.150723 0.761254
0.0715116 0.613823 0.0359485 9.9982E-05 0.119605 9.9982E-05 0.158912
9.9973E-05 0.308084 0.427497 9.9973E-05 9.9973E-05 0.130899 0.13322
0.199574 0.101322 0.261889 0.00687618 9.9991E-05 0.167878 0.262361
0.100236 0.0304468 0.0954592 0.0379708 0.0387929 0.592363 0.104732
0.00722456 9.9973E-05 9.9973E-05 0.00382626 9.9973E-05 0.912951 0.0756983
9.995E-05 9.995E-05 9.995E-05 0.9994 9.995E-05 9.995E-05 9.995E-05
9.999E-05 0.111489 0.359085 0.0537924 0.02595 0.253284 0.196299
0.206886 0.20627 0.221969 9.9982E-05 9.9982E-05 0.267746 0.0969291
9.9991E-05 0.138216 0.212581 0.0379902 0.0845698 0.198649 0.327893
0.724004 9.9973E-05 0.115284 0.0255053 0.134907 9.9973E-05 9.9973E-05
0.333488 9.9982E-05 0.0961543 0.0277861 0.513217 0.0291549 9.9982E-05
0.412753 0.0473035 0.0846943 9.9973E-05 0.454949 9.9973E-05 9.9973E-05
0.264279 9.9982E-05 0.063034 0.0652239 0.497722 0.109541 9.9982E-05
0.114266 0.0364612 0.0169964 0.0349494 0.751416 9.9991E-05 0.0458107
0.285213 9.9973E-05 0.077714 9.9973E-05 0.579973 9.9973E-05 0.0567999
0.135579 9.9964E-05 0.323305 9.9964E-05 0.540716 9.9964E-05 9.9964E-05
0.615401 9.9973E-05 0.159406 0.0113044 0.213589 9.9973E-05 9.9973E-05
0.9994 9.995E-05 9.995E-05 9.995E-05 9.995E-05 9.995E-05 9.995E-05
0.147355 0.060789 0.0219382 0.0402347 0.684051 0.0455326 9.9991E-05
0.415795 0.0942743 0.0383601 0.0480033 0.284741 0.118727 9.9991E-05
0.9994 9.995E-05 9.995E-05 9.995E-05 9.995E-05 9.995E-05 9.995E-05
0.331693 0.0999946 0.0312591 9.9991E-05 0.454725 0.0463184 0.0359102
0.20582 9.9982E-05 0.0850652 0.0591062 0.147319 0.502489 9.9982E-05
9.9982E-05 0.0872734 0.0723379 0.00456356 0.102246 9.9982E-05 0.733379
9.9991E-05 0.116707 0.00784405 0.0371841 0.0139296 0.085549 0.738687
0.0201419 0.155933 9.9973E-05 0.00809101 9.9973E-05 9.9973E-05 0.815534
0.111975 9.9982E-05 0.118196 9.9982E-05 0.60771 0.113968 0.0479512
0.0627866 0.0980513 9.9982E-05 0.0762707 0.44418 0.318511 9.9982E-05
0.122172 9.9991E-05 0.0861329 0.000238637 0.61144 0.112636 0.067281
0.165947 9.9973E-05 9.9973E-05 0.0478034 0.533051 0.252899 9.9973E-05
9.9973E-05 0.0774332 9.9973E-05 0.0629522 0.830114 9.9973E-05 0.0292012
0.230064 0.0757181 0.252394 9.9973E-05 9.9973E-05 0.441524 9.9973E-05
0.144108 9.9973E-05 0.292942 9.9973E-05 0.00554221 0.557108 9.9973E-05
0.153638 0.0800718 0.0570454 9.9973E-05 9.9973E-05 0.708945 9.9973E-05
9.9955E-05 9.9955E-05 9.9955E-05 0.0368123 9.9955E-05 0.962688 9.9955E-05
9.9964E-05 9.9964E-05 9.9964E-05 0.00503488 9.9964E-05 0.894384 0.100181
0.084915 9.9973E-05 0.047381 0.0153329 9.9973E-05 0.852071 9.9973E-05
0.025596 0.173193 9.9982E-05 0.00967045 9.9982E-05 0.705309 0.0860316
0.163355 9.9973E-05 0.144126 9.9973E-05 0.501796 0.190423 9.9973E-05
0.122051 0.100734 0.0309691 0.108204 0.341077 0.275355 0.0216091
0.322272 0.0562107 9.9991E-05 0.00997122 0.463556 0.107536 0.0403537
0.415022 9.9991E-05 0.0699659 0.0458595 0.422492 0.0311811 0.015379
0.00496766 9.9973E-05 0.279967 0.00239208 0.712373 9.9973E-05 9.9973E-05
9.9982E-05 9.9982E-05 0.0868335 0.00061737 0.0618837 0.196544 0.653921
0.159521 0.0924654 0.0415579 9.9991E-05 0.136785 0.457423 0.112148
0.0325798 0.0477599 9.9973E-05 9.9973E-05 0.116391 0.80297 9.9973E-05
9.995E-05 9.995E-05 9.995E-05 0.9994 9.995E-05 9.995E-05 9.995E-05
9.9973E-05 0.568516 0.0954242 9.9973E-05 9.9973E-05 0.154391 0.181369
0.0616227 0.595663 0.180678 0.0273194 9.9982E-05 9.9982E-05 0.134516
0.0924182 0.138428 0.581379 0.0508441 9.9991E-05 0.0716089 0.0652216
0.0522106 9.9991E-05 0.579459 0.0414638 0.04803 0.10873 0.170007
9.9973E-05 0.628954 0.254964 9.9973E-05 0.104402 9.9973E-05 0.0113806
0.235391 0.000640144 9.9973E-05 9.9973E-05 9.9973E-05 0.745612 0.0180565
0.0291689 0.0821805 0.168687 0.0255866 9.9991E-05 0.198581 0.495696
0.0695225 0.0150428 0.101305 0.104294 0.145346 0.56439 9.9991E-05
0.0315336 0.247449 0.0330235 0.0382937 0.0498208 0.325481 0.274399
0.0344524 0.181074 0.698198 9.9973E-05 9.9973E-05 9.9973E-05 0.0859756
9.9973E-05 0.51737 0.190664 9.9973E-05 9.9973E-05 0.260269 0.0313971
9.9973E-05 0.206928 0.508278 9.9973E-05 9.9973E-05 0.170564 0.11393
0.0620772 0.00365632 0.802161 0.00846627 0.0133973 0.110142 9.9991E-05
9.9955E-05 0.733763 9.9955E-05 9.9955E-05 9.9955E-05 0.265737 9.9955E-05
9.9955E-05 9.9955E-05 0.945124 9.9955E-05 9.9955E-05 0.0543758 9.9955E-05
0.149768 0.0997948 9.9991E-05 0.0114326 0.0815026 0.595824 0.0615778
0.0482537 0.132717 0.0141278 0.0796937 0.04878 0.63497 0.0414572
9.9982E-05 0.036892 9.9982E-05 0.0884433 0.161598 0.674263 0.0386036
9.9964E-05 9.9964E-05 0.284595 9.9964E-05 9.9964E-05 0.55398 0.161025
0.0640113 0.0260517 0.282689 9.9991E-05 0.0672272 0.428638 0.131283
0.0149057 0.277706 0.257509 9.9991E-05 0.0667962 0.0060584 0.376924
0.191851 0.196439 9.9973E-05 0.00681116 0.604599 9.9973E-05 9.9973E-05
0.161421 9.9991E-05 0.0598287 0.0233607 0.579628 0.124074 0.0515881
0.232815 0.0845991 9.9982E-05 9.9982E-05 0.00478027 0.519061 0.158544
0.335845 9.9982E-05 0.361279 0.0311927 9.9982E-05 0.225347 0.046137
0.265991 0.154565 9.9982E-05 0.0523226 9.9982E-05 0.274991 0.251931
0.0101086 9.9964E-05 9.9964E-05 9.9964E-05 9.9964E-05 0.261276 0.728215
9.9973E-05 9.9973E-05 9.9973E-05 0.0249604 0.637199 0.257631 0.0799101
0.340521 0.0409296 0.0550396 9.9982E-05 0.385314 0.177996 9.9982E-05
0.158566 0.125071 0.0174686 9.9982E-05 0.362736 0.335959 9.9982E-05
0.0295914 0.346791 9.9991E-05 0.0536207 0.0562053 0.0557001 0.457992
9.9982E-05 0.459541 0.207694 0.00103473 0.0531586 9.9982E-05 0.278372
9.9991E-05 0.718462 0.125124 0.0341778 0.0370782 0.0831971 0.00186067
0.0626367 0.664513 0.149316 9.9991E-05 0.0598921 0.0034998 0.0600424
9.9964E-05 0.37329 0.290054 9.9964E-05 9.9964E-05 9.9964E-05 0.336256
0.0292291 0.47046 0.195107 0.0153243 9.9991E-05 0.12577 0.164009
0.037598 0.764453 0.08486 9.9982E-05 0.0173452 9.9982E-05 0.0955438
0.084494 0.64171 0.254195 0.0193002 9.9973E-05 9.9973E-05 9.9973E-05
9.9982E-05 0.281351 0.197627 9.9982E-05 0.0582113 0.105099 0.357513
9.9973E-05 0.0306628 0.933085 9.9973E-05 0.00936193 9.9973E-05 0.0265905
0.0334616 0.0308416 0.888832 0.0421594 9.9982E-05 9.9982E-05 0.00450582
9.9982E-05 0.130628 0.760892 0.0101023 9.9982E-05 0.0655854 0.0325919
0.0447799 0.251673 0.25734 0.00553795 0.058631 0.115021 0.267017
0.0158838 0.0510107 0.865289 0.0215705 0.0460456 9.9982E-05 9.9982E-05
9.9964E-05 9.9964E-05 0.605451 9.9964E-05 9.9964E-05 0.226644 0.167505
0.0631138 0.554577 0.248167 9.9982E-05 9.9982E-05 0.0577719 0.0761703
0.004988 0.0391832 0.0276363 9.9991E-05 0.000257683 0.133716 0.794119
0.0118165 0.0931115 9.9973E-05 9.9973E-05 9.9973E-05 0.0286094 0.866163
9.9964E-05 9.9964E-05 0.125907 0.0434694 9.9964E-05 9.9964E-05 0.830223
0.0373892 0.000235031 0.206539 0.00429108 0.0438622 0.0207812 0.686902
0.0897822 0.108507 9.9973E-05 9.9973E-05 9.9973E-05 0.0445707 0.75684
9.9973E-05 0.544387 0.109918 9.9973E-05 0.100091 0.245304 9.9973E-05
9.9973E-05 0.724315 9.9973E-05 0.0366207 9.9973E-05 0.0954034 0.143361
0.713219 9.9955E-05 9.9955E-05 9.9955E-05 0.286281 9.9955E-05 9.9955E-05
0.0245122 9.9982E-05 9.9982E-05 0.0374554 0.788381 0.0777018 0.0717499
0.0668132 0.0282221 9.9973E-05 9.9973E-05 0.86671 9.9973E-05 0.0379543
9.9973E-05 9.9973E-05 9.9973E-05 0.000905399 0.615509 0.265754 0.117532
0.178229 9.9982E-05 0.0513533 0.0312081 0.698888 0.0401212 9.9982E-05
0.163133 9.9982E-05 0.071343 9.9982E-05 0.652586 0.0197944 0.0929436
9.9982E-05 0.0458027 0.00617786 0.00289939 0.918626 0.0262942 9.9982E-05
0.452085 9.9973E-05 9.9973E-05 0.0037556 0.460695 9.9973E-05 0.0831649
0.209353 0.0320369 9.9982E-05 9.9982E-05 0.680237 0.0432994 0.0348739
0.264992 9.9964E-05 9.9964E-05 9.9964E-05 0.638087 9.9964E-05 0.0965214
9.9973E-05 9.9973E-05 9.9973E-05 0.0448798 0.829797 0.0720869 0.0529369
0.105276 0.0152365 0.0941525 0.0155184 0.676711 0.0389128 0.0541926
0.177824 9.9973E-05 0.0871695 9.9973E-05 0.672865 9.9973E-05 0.0618417
0.259823 0.0264131 9.9982E-05 0.00904334 0.6424 9.9982E-05 0.0621208
0.173886 0.06059 9.9973E-05 9.9973E-05 0.620088 0.145137 9.9973E-05
9.9955E-05 0.0845922 9.9955E-05 9.9955E-05 0.914908 9.9955E-05 9.9955E-05
0.0829353 0.0236654 9.9982E-05 0.00548522 0.797093 9.9982E-05 0.0906215
9.9973E-05 9.9973E-05 0.0343537 9.9973E-05 0.142542 0.804748 0.0180566
9.9964E-05 0.0349159 0.0683877 9.9964E-05 9.9964E-05 0.896297 9.9964E-05
0.113707 0.0484834 9.9973E-05 9.9973E-05 0.753992 0.083518 9.9973E-05
0.370288 0.20599 9.9982E-05 0.0368171 0.35381 0.0328949 9.9982E-05
0.9994 9.995E-05 9.995E-05 9.995E-05 9.995E-05 9.995E-05 9.995E-05
0.246382 0.061959 0.179243 9.9973E-05 9.9973E-05 0.512116 9.9973E-05
9.9982E-05 0.728594 0.134187 0.0039297 0.0509462 0.0821433 9.9982E-05
9.9982E-05 0.544512 0.221113 0.0134212 0.0278792 9.9982E-05 0.192874
0.0961446 0.245636 0.121195 9.9982E-05 9.9982E-05 0.110623 0.426202
0.0593748 0.0636854 0.305464 9.9982E-05 9.9982E-05 0.0710877 0.500188
0.0432016 0.0703782 9.9973E-05 9.9973E-05 9.9973E-05 0.143512 0.742608
0.103282 9.9973E-05 0.119719 0.000674439 9.9973E-05 9.9973E-05 0.776025
0.0244352 0.167527 0.0838344 0.00228094 9.9991E-05 0.0176222 0.704201
0.0150835 9.9991E-05 0.168743 0.0166129 0.0179862 0.0801457 0.701329
0.0842164 9.9982E-05 0.116149 0.0126207 9.9982E-05 0.120044 0.66677
9.9982E-05 0.00447781 0.0398306 0.042858 0.159235 9.9982E-05 0.753398
0.0332747 0.737924 0.0597495 0.00487631 9.9991E-05 0.0683236 0.0957523
0.113673 0.823677 9.9973E-05 0.0471902 9.9973E-05 9.9973E-05 0.0151596
0.0960162 0.838614 0.0222832 0.0427866 9.9973E-05 9.9973E-05 9.9973E-05
9.99641E-05 0.779476 9.99641E-05 9.99641E-05 0.0569497 0.163175 9.99641E-05
0.0460658 0.905391 9.9973E-05 9.9973E-05 0.0279836 0.0202593 9.9973E-05
0.0157581 0.680591 9.9964E-05 9.9964E-05 9.9964E-05 0.303251 9.9964E-05
0.0368811 0.098204 0.633091 9.9982E-05 9.9982E-05 0.0894206 0.142204
0.13431 9.9973E-05 0.771223 0.000928364 9.9973E-05 9.9973E-05 0.0932393
9.9973E-05 9.9973E-05 0.872076 0.0258697 0.0612006 0.0405535 9.9973E-05
9.9991E-05 0.111995 0.623605 0.00108785 0.0602818 0.109462 0.0934686
9.9991E-05 0.117634 0.685085 0.0210201 0.0818386 0.0761275 0.0181947
9.9973E-05 9.9973E-05 0.167801 0.133193 0.114383 9.9973E-05 0.584323
0.648989 0.00573905 0.010652 9.9982E-05 0.205156 0.129264 9.9982E-05
0.221473 9.9973E-05 9.9973E-05 0.0252364 0.645639 9.9973E-05 0.107352
9.9973E-05 9.9973E-05 9.9973E-05 0.00421375 0.855093 0.107781 0.0326128
0.0494474 0.0146256 0.0745366 0.0123946 0.676578 0.131571 0.0408464
0.0358419 0.119208 9.9991E-05 0.0219807 0.767728 0.00520969 0.0499319
0.0875654 0.0606216 0.449127 0.0225597 0.0661294 0.102717 0.21128
9.9982E-05 0.176461 0.418822 0.0368661 9.9982E-05 0.129209 0.238442
0.0091306 0.102189 0.822587 0.0374728 0.0151651 9.9991E-05 0.0133562
9.9991E-05 0.167053 0.379943 0.0324174 0.00314625 0.193283 0.224057
