IBR/IBR_outputs/all.combrep_1/EucDistWater_Total.Spinifex_Total.VRM_Total/EucDistWater_Total.Spinifex_Total.VRM_Total.asc
NCOLS 160 
NROWS 95 
XLLCORNER 210004.651214014 
YLLCORNER 7350008.22228844 
CELLSIZE 4999.99999999997 
NODATA_value -9999 
[rows 21 to 41 of 95, columns 92 to 137 of 160]
5.15626713011334 3.07247495774904 2.42266278125949 2.23026524322236 5.22565252768723 9.22177507499201 10.5045089159445 8.2285105851142 5.2934968268323 2.41655867517603 2.65155658551508 5.0919074868353 4.63461290681601 8.91007076363259 7.91639021806309 3.02709014375153 5.45412637363553 4.16685071676249 6.97730890104588 7.98131771717181 5.39460752989737 2.41130110408954 4.50831027053986 3.26160490891409 2.45218359418369 7.56707834383796 6.49627213644569 7.99261106897953 8.43727098850864 4.48245736498549 2.00617955641836 2.92750030053956 2.86740548172374 6.55569844870537 7.21920968464549 6.1608894182014 4.56498851557565 4.52391664195981 6.09168314124366 5.42862015930856 5.85391418147297 7.51292309042929 8.23400640212509 9.13733293414624 10.5953734124471 12.3858776010382
4.30615885870387 2.13914092437094 1.62986204534563 2.1933305042519 5.70631818140961 9.34952732318719 10.1943642055956 8.99035726885278 6.65418855046221 5.0984354274086 5.12590183552179 4.52593123765809 1.93211966630477 7.86040802971852 4.06509585998101 3.33292893469824 6.31456717142712 6.52479179381701 4.7105375888084 1.8771126722599 4.92379097535988 1.74193255796193 4.00886379621567 5.46216516105188 4.65246150445646 4.15929630589712 4.03837922193208 4.2109937872125 3.72682219064931 2.77058209188668 2.81394987284415 3.77463089051151 3.90460976832497 6.76475290305118 7.00523469934953 4.41393276108198 1.93251095544545 3.53601834173323 3.68729515658006 3.59949035327888 6.07275924857257 8.02509598033454 6.04386483429181 6.9081615454606 8.71007430526415 10.5498476763967
2.99476244463078 3.54231930317403 2.42752993672636 2.29508291630569 4.64865559938468 7.78223989043375 10.1135351420642 10.5177846665978 8.71165929531204 7.32559514751768 6.39561854868602 4.9694477983364 2.96153556590587 10.2584971040059 3.69404027759711 3.56605799945298 6.51269095842477 7.71734733774097 6.83867337858902 3.88576015844929 1.55162218085211 6.19558970205123 2.26973356075214 4.3880247009696 5.32679709985314 2.85873602655534 2.69226790705939 4.2083637675905 4.83303366451645 5.08066372781814 4.40292854567061 2.12379101178706 2.90047214603711 6.9915792060948 6.63172383133625 7.25021653740873 3.42821393289415 1.41592379076205 2.85822186157967 5.48657548032348 2.86395871099854 7.417592868363 9.69323778263218 8.56855095924466 6.77975168790649 7.95657452971081
1.2203502694525 1.67857305586499 3.27641263929376 5.06084410011311 6.28414549710592 8.52938266290457 10.4758704593882 10.6201468839376 8.20939511317874 5.81456922880328 3.80317188424611 3.63763255401173 2.63109187683856 2.63807107148562 1.26335226659672 3.48847348844163 6.16747550044222 5.9118140075578 8.45715674170733 5.3875702937922 1.83513584150375 1.19902024517681 1.50297496538343 2.41029177066758 4.13831894105366 2.94157798381304 2.68143507550684 1.7603133748808 2.17236826505861 3.65681088546543 4.90223482736261 2.14679400646951 6.53185007631798 6.14763758977757 2.5384475744565 2.05243581850536 4.66639523986625 5.16255605110117 3.39983105674025 1.70621540688186 1.72491672281137 7.96200591023756 8.43732254444073 9.63968455882385 8.86612714731992 6.59525594633092
3.43237681348183 2.6220228930911 3.43329036210658 4.11680451620217 5.41897140487766 7.61830651135022 8.60722524229415 9.23709257107473 7.6584287721261 4.55555020398896 1.62531615689373 2.15032239366376 1.38827637170306 1.69172898769168 1.2913604839463 3.22520606580484 5.67024596919016 3.88217902504064 4.42195369480535 3.49773664467556 1.25459956062856 1.65602626102075 1.95479939058091 1.42523347265422 1.65129895982408 3.77231339854187 7.15917162615041 2.8040002757264 1.10258745708547 2.98159515994162 4.51676217794113 2.61659081982387 6.1069707508738 8.0517912184937 4.18720869492125 1.85978098648834 4.45346899582053 3.60634307789847 3.24235096476503 4.35525501971701 3.58574484361484 2.44346288566781 8.57435704651016 8.3759220018733 8.80585901915527 9.69237453078821
4.9524431674961 5.44671398875081 3.64130974316012 1.56406451619705 3.97985821807526 5.27623625514236 5.90026934043962 7.12455643000874 6.93221334851534 5.41080243266944 3.57427036017003 3.20210837785864 1.33716819301128 1.64163235356876 1.50794528169917 3.29183329133553 10.1477625768851 9.00366105064787 6.84197114791231 7.95592570427437 1.69778946272747 3.29790100751765 3.07402573358988 1.26069065292864 1.5246712638613 3.74568622243993 6.42879023344877 3.87221241144363 1.90159011316548 1.59077484157638 2.99166572945844 4.88323568742047 5.74654144775805 6.67788168411081 6.14893980438039 5.96679149444248 3.37205574506887 2.66698334427809 2.1962032362373 5.00723857865939 5.93090582943627 3.60488021333981 5.64195490013693 8.33905277838595 8.48445515249909 7.05756872883925
3.69259538237194 6.37885836272336 4.78508841125802 1.93451937049438 2.25265603677341 2.22360074136304 3.6963383068776 4.3035604481939 4.59297023361551 4.8036802660324 4.65941576549968 4.89038444214669 3.86392085924718 2.93618909403521 1.53481643463304 6.05325929926778 9.94324381666702 8.95261991397312 7.90377786740559 8.60532108920842 5.08073923611699 5.7364912363735 6.76483655468349 4.87787011569295 2.54687489708818 4.48166644393522 5.99278222894058 6.51070612824379 6.66605942230684 9.01597996032908 7.6457677398278 8.06681460865457 6.46154744084548 5.86404540217572 4.13601569381671 5.32100997241796 6.07588348356354 3.25442456389711 1.5102840708286 3.89283775779123 6.46868903691052 4.70750674051779 2.36581822333609 8.18995265536664 5.14457736732805 5.31064474530129
1.99260521675955 4.80220236345009 5.73666040031819 3.60988425049176 1.98464079810584 1.64463762157726 1.83820141089448 1.87442629517877 2.58205197635351 2.18290331091479 2.47421135937786 5.2605062924182 5.67040850186861 2.85315124491476 1.27998238106276 6.55574177085855 6.55055584792957 6.69494018143313 7.41864607956567 6.05089907508461 5.03508073591147 6.56606650505802 7.36583703591594 7.19716051586382 6.90648942556477 7.62606161580891 8.655570294408 12.578219856824 8.85757580524624 7.23462746370539 4.23174108955237 5.29649078554946 6.79942237229783 5.01326479849351 5.05801884160131 3.22447390280496 6.32310179400279 5.54701409159678 3.40166861848463 5.24689389998111 9.39673874130203 7.3051181508274 3.40267736041516 8.13191781604242 3.06041402183886 5.06153950664301
1 1.60875134207226 2.73607703535418 3.58493167685285 2.06107723393611 3.49093616871759 5.4125157076003 1.84569614557169 1.73788836711968 1.58989859793592 2.6483557906874 3.53483277625283 5.03426062544613 2.86093520534328 3.39809924519041 6.32832463364275 7.07892339838542 7.22085741217141 7.36501881478929 6.68674968778343 6.83491507509417 6.35919339052614 7.40333715957676 4.86774077689838 5.78289775931813 5.24135981528948 7.49140792407633 9.07845667549555 7.37348445526177 3.94859706463683 3.31237801464996 3.29100128368581 4.99248489162048 6.29512404637627 6.05508647308062 6.1134809418899 5.84099320149162 8.18282101301305 7.48170417907751 8.52113664830233 7.15317166700257 5.70995910950868 4.32153431144223 9.27431480164618 3.86648340866339 5.60701212519471
3.274813690069 1.4727987329442 1.26908273519318 1.56116662139098 3.49079312905973 7.18523936066541 6.26737177977399 3.65938216185484 4.14133725459587 3.95021341548145 1.92130255451915 1.81866799228147 3.68436025763512 6.57482257251502 8.24827263874629 9.97341128636729 7.66044653529824 5.4367991047903 6.53953194423264 7.66924391400636 7.1632344672819 6.51647678611083 6.75744623887899 4.4198723938398 8.48317198261335 3.22787807973507 2.82055946238358 3.86218350526205 4.25259014954197 2.08547023264728 1.76780013342623 2.26178386503665 1.59633026825904 1.91721960468588 5.03447576716531 6.67654699629074 4.78072414259336 4.5182071185213 6.07047932638326 7.2788703229602 3.90063897660542 2.90616424660603 4.20779830522701 5.07577702114463 3.50620067818857 5.44945170857222
5.57368557486626 2.74524986999224 1.76225186918251 2.6434576990328 3.02244027817203 5.69173533643422 6.69224491251623 5.46262798305118 7.04345048184203 4.01340293940052 1.53256260553636 5.32117646548755 6.53357017653978 6.55442449617071 8.15289285177399 8.64752211689295 6.62702641236882 3.2707099431878 6.60112710243688 5.7196730279195 6.96784936482499 6.78549717902906 3.20882143028206 3.99947924561802 6.28767230932407 2.96963162646184 1.97710881596812 1.8432410509739 2.13707650735448 2.61651454606014 2.07613153019775 1.83171118944398 1.83893413719133 2.46216236343244 1.85475863837775 7.11855392512714 5.62330865813069 3.22114991517622 4.00963700486969 4.51152740239715 1.85832760062904 3.92168547260012 7.44054778948981 3.7871288393558 5.48568247154108 5.13379587376688
7.11817850497701 4.19792481820129 2.37873621747206 1.58140126043188 2.7974931929312 2.53923149701195 4.0733060730126 7.80217286776096 6.61142570087852 7.30244433734544 7.00069468669274 7.61072165234051 7.55201379481655 6.80261229036859 8.76735909095484 5.43952122905485 7.92298624041262 5.31946187210709 6.57349401101037 5.94896761673738 6.86557655717884 6.63926580934808 3.96537923994485 3.90602782901905 5.03656989831512 1.62595961220537 2.00367979353208 1.76138158200431 1.39204723559918 1.27547939304409 1.18095508424906 2.0564313758241 2.32810550181464 2.33547732818033 1.91086380455114 5.15945988481452 6.87425871616842 3.71556140548868 7.85854835456594 6.30235220591486 4.27627525238724 6.03143666253331 9.01338067195767 6.975422475909 6.21053900013105 5.10554634734533
7.90318781546765 8.36418991380846 4.0833491186151 2.11321388046377 2.72329697572522 3.9818696472437 5.98603479269939 7.94834861891316 6.83769730608268 6.80268979078325 5.92886643114636 7.38927846225957 7.68970816707565 7.30114487331358 10.4159626607097 7.23596355683406 7.93527270827072 6.75044634323678 4.19454414299418 6.6382681952273 7.44534030780939 7.09625783461121 6.83740704185403 3.6361420363545 1.89839550694616 1.56610713497421 2.02256182580059 2.2201584942122 2.40958387823971 2.2779564580347 2.26299477599314 1.91102171937156 1.46184115584498 1.78569889372011 2.86418131322471 3.95420759280674 8.7244028885906 8.18856218689471 6.44181625473725 4.42632188601431 6.42343737136817 7.6644252324555 8.52328641296235 8.98026654276627 6.78276276231124 4.67127968496037
9.7862667235407 3.9189304800664 3.6761605345243 2.00637964889424 4.18730274163882 7.77323548609615 7.08602447093163 8.07998476373371 8.08367656592486 7.37254017185599 3.81265323592149 3.8499260155944 7.2071558588645 7.77854113134746 6.69709807935289 8.45390947060872 7.30311868877888 4.96282755245954 5.47196773413288 7.4789464034653 6.56712054670406 6.56310377078552 6.89451142015725 6.88458811679798 3.46923033098907 3.3831953354456 3.11493470334011 4.05045488502034 1.89223720821745 2.19055679565153 3.34176504843597 2.05032129730359 2.2801650421412 1.81799337757549 2.63248548203812 4.3804720840346 8.80705456420452 8.26715732542677 5.54125501696959 5.51475124911359 8.5965698313232 10.198100982968 8.72181282183972 7.21182831879687 7.63315202182041 6.60498174822445
7.08400416608619 2.01961935981135 2.38673278956842 2.30813455634725 1.25277330768942 3.11558653892685 6.95885030964957 8.47208411476236 7.64637952220224 7.47046537295211 3.48381965150777 5.33842028324695 6.81842007335688 7.42819738737841 7.47915516237815 9.07020795660121 8.82142832061785 7.96532361183154 7.30259681626474 7.24495759415731 1.69945981372582 4.13615566176193 6.33098982005884 9.40838712240949 6.38780621298445 2.37493375589074 1.7289960375554 2.48387113281551 2.15321416129282 1.7592158418675 2.10007249799731 3.20846291973397 4.4765264462237 3.57055423835848 3.95263026874749 6.50073121896265 6.90559158649641 5.33802954686166 4.94973339317965 8.29060939884854 7.61947711390168 8.98913148600765 9.21797034032379 6.82204158323931 7.80747444776227 6.34764375270982
5.47114877503354 3.06308569923712 2.26242753329322 3.64866406810193 1.65339946469978 1.76184617335217 5.63617057636735 6.42041611177833 8.50229830916314 5.5034230648217 4.54201677589043 7.35163893218222 7.65534236473319 8.50442749302958 7.70203786142583 7.35966238744984 6.74405941197184 4.43149085681535 6.01777865139684 4.24579985763662 4.60487503703906 2.91261817982951 4.10466704263613 6.19021332180445 10.9688805634136 7.85380801185115 1.70795317004703 1.97531113064723 2.44489792616799 1.28308157793748 2.11794653974096 4.08442976251528 4.50486191256793 4.2079099738075 5.49194638378289 7.16081287578136 7.11028772912575 4.93501001406712 6.75172430552919 8.86479491490783 6.14267555940255 7.46627881219746 9.38661111832142 7.06938730020829 7.7879133690379 4.00135711582725
8.65789610235083 6.28956580165142 5.12642974175321 3.10573085820486 2.40159532394638 2.08633411003691 5.4799395351906 5.11515856486703 9.08208378320903 7.04242069850704 8.29934667214492 9.22616800895406 8.12388572290489 7.72224226685535 8.45640932745255 2.4997623320176 1.72238729303902 5.3770239879209 5.12380052872281 5.7868371712377 6.62962946734622 6.7759673350186 6.26409651524901 6.20757826335308 6.44679882989579 8.85874788945799 8.18818167304114 4.41725129113836 2.59729813257596 2.15879849251078 3.92627916612073 4.82994106348358 2.1619622313289 5.84031924424149 6.52029731554464 5.27056266241495 5.41741910147326 5.46501828036537 6.35737620360125 9.32151755388397 7.43554129211735 4.62248024343117 4.98648111268134 7.75884302755485 7.43089964971246 4.79043535149833
9.69951440925626 8.16254718395882 7.71757551589323 4.47751252543072 3.76101794568101 3.81029727612004 2.20827598682138 1.88460972514503 5.74957307498385 10.6057692444598 8.39229136862773 6.66234547949228 7.10151596752411 8.06634225015062 4.30558960609602 1.65790185559108 2.10293343616104 3.03806486195152 5.48021200873163 5.51280216740873 6.68336724807892 7.85381784483923 5.42213502508792 5.31532336825453 2.5807906436034 2.14301672082619 4.86767948322105 6.06289157455893 5.41522956198007 3.10864277845329 3.38251803356823 5.12216440048947 4.51261884484606 8.67930635691883 6.0155965567563 6.1311519493699 8.20588884842852 6.90975714363771 7.82308526568412 9.71137991784698 5.6452791517795 3.5609831267138 2.50364281831424 3.41528847344482 2.5252499966363 5.07520461043421
8.55626540860504 6.83404550017348 4.94670733941962 4.27100609043868 5.53238517320469 4.61836939891205 1.99543627916109 3.18121112758755 7.11166298056521 10.1369169038323 8.75435688140397 6.55452916666174 7.5286165399657 6.30348551036313 2.37403103699197 1.87448400482468 3.75709266767152 3.04186487144567 3.34742991527041 6.04774250807296 8.26001424604976 7.23670830819187 5.56764538045099 1.46672154325072 2.35174626868488 3.1220607597365 4.80536829392476 3.21434651542697 4.30136283188455 4.7206012644374 3.97586671262774 6.54569993681835 8.59614858250242 5.27092794045457 6.07052468592565 6.81725586700546 6.7198654171159 4.9815412704082 7.57871652836583 7.38875095675516 5.58540819298685 6.03979980615727 4.99219240869348 3.67538331134242 4.7965087753966 4.78846163994542
6.84766260949166 5.84170270641053 2.77712060391558 1.80571729305633 4.75051787429117 6.05155404939862 4.67813231520816 5.39212059695887 5.72118333957412 8.78629902859893 8.3862247711027 7.25069426752074 8.17158676239653 9.28088438500405 3.83759714191307 2.70593077494522 2.53031323724214 5.18495238961482 5.71275542952579 3.782458235139 9.70316824891962 9.43340365334298 5.74586818925557 2.44744755983122 1.36693767627301 2.8828689953402 4.7649081098762 3.91353150532534 4.86321369175683 5.30981790980496 6.62632623590011 6.30465366962059 6.712326578845 6.59415138663208 7.03837094575211 6.3988423216872 7.05402253345125 7.72238466885726 5.44661077279994 4.18244112487949 4.50135515559709 5.16449898501431 5.16105859592114 5.15518889398475 3.3933636338649 5.9352779137561
4.43021228793967 5.76431854062163 3.20433107693059 2.0191806758584 4.56237523298342 6.82971122754725 6.77605848807154 6.2216888756972 5.47793311770766 6.53427901312348 6.41675712719013 7.38468587168969 6.19780553885908 7.98656225262625 5.2814926596749 1.91230662470105 1.45352865435514 6.0049846666601 4.1031678590784 3.30186677825204 8.09718642756226 8.15885623042594 8.18766281652346 4.09672626310566 2.83633850150946 1.32762455195092 2.4061146758695 2.88752562290766 7.96913722957896 8.67871323801927 7.5983508743754 6.5508379739732 8.10170362512782 6.2047686100104 6.55014658437277 6.47799466278316 8.66527130026552 7.66987815466223 4.91246237160061 3.65522413533721 3.76427201490754 4.69864245275665 1.33396189842427 1.98406885162522 5.44931974798223 6.64071860472709
