IBR/IBR_outputs/all.combrep_1/EucDistWater_Total.Spinifex_Total.VRM_Total/EucDistWater_Total.Spinifex_Total.VRM_Total.asc
NCOLS 160 
NROWS 95 
XLLCORNER 210004.651214014 
YLLCORNER 7350008.22228844 
CELLSIZE 4999.99999999997 
NODATA_value -9999 
[rows 42 to 62 of 95, columns 0 to 45 of 160]
-9999 -9999 -9999 -9999 -9999 -9999 -9999 -9999 -9999 -9999 -9999 -9999 -9999 -9999 -9999 -9999 -9999 -9999 -9999 -9999 -9999 7.0462408845152 3.21153321065171 6.86533026148625 8.25336604389 5.0819012747128 5.59775783749981 2.64875929453584 3.70427721864446 6.59736747195955 9.38089222277904 11.6151554159431 15.6640479915144 6.71347203921827 3.81267036396319 3.12752648573547 5.60013627328149 6.76136691348524 7.68049540158212 9.72109270361933 9.78339387163292 8.41270003438452 6.09779524632616 4.36579626517768 4.79937422203374 2.7944745215966
-9999 -9999 -9999 -9999 -9999 -9999 -9999 -9999 -9999 -9999 -9999 -9999 -9999 -9999 -9999 -9999 -9999 -9999 8.06463506210659 9.34515507801179 10.9198950333691 9.91537951247771 6.62063181928973 8.66974129079454 4.61149849197115 2.6530864466935 5.25784154390543 5.65708058691545 6.28822511134207 8.04105684716401 9.58730677140676 10.6998563497112 14.164002524191 6.30949345832 3.43192053250239 3.17235543052363 3.66932781759989 4.8043494786832 4.90764521032872 8.18225963620044 9.50544654621524 8.15616989700034 7.96741627616498 6.87534949162574 4.82926889420213 5.2373206512677
-9999 -9999 -9999 -9999 -9999 -9999 -9999 -9999 -9999 -9999 -9999 -9999 -9999 -9999 -9999 5.85479132518051 8.11443263604397 7.05604808141988 9.91845035385009 8.97564954750355 11.1154450382155 11.8269798829972 5.88022135313237 7.10590372048014 5.90644387883905 5.54783585034575 6.92966565341131 7.80644958070406 7.91948479431425 9.84861676353254 7.94849462422239 7.35694884799968 14.0277251526261 7.47630383898236 5.99369960606073 5.4410158771618 4.83693932349289 7.71295021931343 7.55636220205604 6.36880006197601 5.97404949387808 5.63935027359767 6.79441502485648 5.58749370141041 3.84629276427114 4.71614006293618
-9999 -9999 -9999 -9999 -9999 -9999 -9999 -9999 -9999 -9999 -9999 -9999 -9999 7.10113986268557 4.84434739025401 5.18537549392518 5.81036488238449 8.74257572687031 10.3335085547701 11.927462952489 12.7215529639691 9.01940952277434 8.43383621268764 9.27104583006506 8.09103233080785 7.43288818059634 7.29261369889639 5.88950467641731 5.66917153836267 6.45206015761566 6.13306231919789 4.01650089123414 5.14250517115325 7.73035256886214 8.06557693530513 6.7402715034495 4.64384024154045 1.56956765147767 3.99919395957779 5.59676963960429 6.51989828762571 4.60782578426334 4.95099692259854 3.87220178654675 5.56590325355514 6.75393673613647
-9999 -9999 -9999 -9999 -9999 -9999 -9999 -9999 -9999 -9999 -9999 -9999 10.5264659298634 10.0505931515823 10.8598505333222 8.58363457749407 8.77095454344615 4.73805651193549 5.3333196932269 3.55866277125822 4.46348573861997 7.00808829551607 15.5357831670274 15.7328682978772 6.88633823255249 5.08739699423134 5.5485444491425 3.58842489393588 2.90944726816595 4.790974040903 2.65604490556056 1.55304964519559 3.61891681727922 7.14109100282798 7.84368356724477 7.37910462066906 6.70231278719887 7.87688841811263 3.47987325566784 2.49155998345588 7.17964222359172 7.41740064616921 5.53360248359982 7.62337385399696 9.48313173320921 9.82796361258031
-9999 -9999 -9999 -9999 -9999 -9999 -9999 -9999 -9999 -9999 7.52217099690262 10.5835452288533 12.1016645037395 13.7321801632174 12.3599572793691 9.59822182636138 8.74688795540124 4.60589151454434 4.33874669709064 1.96112036635776 3.73633556557688 6.5363902638818 12.5439562035592 15.0246109961669 8.89926098772925 2.30056633478178 4.63218667378071 8.35311749387085 2.97733807756546 3.56466238335733 1.19502387281651 1.35685233328133 3.53354620764076 6.88787033540394 7.14681546507407 5.27961802563843 5.22998807180208 6.9298457422325 4.39175212013497 2.36621555262903 7.82992913693272 7.76068215412501 9.56148697494153 9.23659182796195 7.15238888034103 6.98461934276395
-9999 -9999 -9999 -9999 -9999 -9999 -9999 -9999 -9999 2.68031645981311 8.54362758992433 11.3761894758327 11.870723777432 10.8698138562321 11.6973454176146 10.1755528490252 8.43720158056357 7.19166491833843 3.13814249327646 4.00009241048207 5.52023699611114 7.64082766104842 10.7026466090132 15.1627841463114 12.4396066288802 5.55836104912408 1.98214584135417 10.6251965850112 10.3547269139988 4.30481262133002 2.48275635857152 4.18520830693714 6.62815746079743 6.83694665924175 5.44467990103499 5.67327012981452 6.7078018645616 5.21366377154375 3.56017784256675 6.2419576349823 9.78644103206933 10.7228148059246 10.9736535086657 10.9333779034014 7.97990241093405 4.34432565733487
-9999 -9999 -9999 -9999 -9999 -9999 -9999 -9999 -9999 3.60115161795493 9.51494916110136 12.3023428997014 10.6021107100942 8.6923778686162 10.7479010501099 11.9941530375764 9.48311215031809 9.50591273242969 1.80392837376719 3.4825954871384 6.25477804324104 9.08798911568668 9.72445905672677 13.202970624342 12.3105730370165 11.0350857601105 3.99742949744615 3.13759668355051 11.3282402126992 5.25538755020935 3.91088590687098 4.91959754784938 7.25002456945051 7.27036904140514 4.25847431188517 4.75385192048606 5.29893603216608 2.3444373216268 2.90276884550478 6.51233578996896 11.3259646647496 11.1145139037378 7.9433555042918 8.18295074219039 7.41170309664555 8.22304812383667
-9999 -9999 -9999 -9999 -9999 -9999 -9999 -9999 9.8691395192555 8.60959433833923 10.6961668564507 13.313621639779 12.2339475998013 11.1252335156766 12.126293559335 12.0489145763534 9.3873649663642 8.87962555735915 8.6201639201994 5.13755294943725 7.35867657604059 10.1697902340489 9.42638380265973 8.69190355788039 10.4553663123868 9.0332751803162 8.75931380311887 1.51586854604438 2.46186633143455 4.00708371258563 1.96649681449794 3.23337990220835 5.90576485716601 7.02739089721655 5.34083493447991 3.52091583191601 6.83219476904026 2.8270809932669 2.66436275673801 5.33829075862163 9.77779022211923 9.16373617394776 7.32441898408338 7.79972795498029 5.74690643727789 9.64878271148309
-9999 -9999 -9999 -9999 -9999 -9999 -9999 -9999 12.9680030145028 11.7255427875501 12.5229424803059 10.4104851084903 5.0165675697467 7.10087102036003 11.4450657184854 9.78755910020363 9.63753627804533 8.30838494639124 10.8420415183787 13.7513236025214 11.1973655631936 10.8532881478699 9.43002866357494 6.80204415782661 11.4342543893108 9.40493041621444 10.8565985613457 5.27290700711566 1.35166171674871 3.67423094635412 3.82923306039521 3.69561320742361 3.51810482523309 5.11422350260882 8.6659092518629 6.71963145753232 5.23452572456578 3.68222298176556 1.79028942729027 2.09685768602793 4.95639175763686 6.43437733904697 8.07319400052791 8.32940342652676 5.27415894974553 8.74792648101622
-9999 -9999 -9999 -9999 -9999 -9999 -9999 16.751538327113 15.3888947837738 10.4547091835103 10.3784135013601 6.89522097662407 3.85164701312175 2.30626552921973 4.70660183169396 7.24643003340362 10.1020484707545 8.47617848579951 10.7840510690367 13.6094960397298 10.511171411893 10.7964028798425 10.4424034162053 8.28212593849711 13.0029781140862 12.4368645762758 13.0757031504841 11.7843188373734 4.13271176336513 5.56385468114968 6.33371194059485 3.3304425437701 1.65398819122493 4.47135410489531 8.46584914637465 8.58288773053739 6.4938733689866 4.93930061152612 4.73785491859451 3.78270064892377 4.71710026379035 6.28801516503386 7.08670801462473 6.21236016648575 6.72734390232046 6.12695036027119
-9999 -9999 -9999 -9999 -9999 -9999 19.9043273598211 18.746142081932 17.8828985668211 11.7512687851765 10.4080365416919 7.9911590984514 6.06273458371156 5.19880106124016 5.54566286407475 6.09706933881705 11.4494220244822 8.86503476329823 9.61164364398442 11.9405282084233 8.23327581251824 9.13792610037851 10.9761221323059 9.83600105398513 12.5430435261696 15.1164525896134 15.540899559209 10.6557801036403 9.23561731097301 7.5359264228607 6.01265755089893 4.4429713083567 4.53480138456456 5.19286177636351 7.26854286490624 7.66324368271936 7.48969738399559 7.44074012122956 8.92262435207264 6.9102700831098 7.91976743221572 5.28247270598171 6.76348257831943 7.68888747550842 6.73208035951234 7.09514941760381
-9999 -9999 -9999 -9999 -9999 -9999 21.909233986973 18.6796790999143 19.996889938963 16.0513970339862 11.8028910476062 9.76789917186301 7.89292095023647 6.1823371223276 4.1669975738729 5.34117422739064 11.6645261065606 10.1633186238056 8.30392049093113 9.84091530650141 5.43445489757059 7.75110866906556 10.1587437563179 9.35798642282554 12.7847175241461 13.6477906192841 14.5585269476054 11.7730053916073 10.9858623094655 5.87269040786845 3.61217053271067 3.61230369132053 2.94182076248513 3.73391538432695 5.21936697818507 4.76081461342586 5.02876309290682 6.72790726882514 10.0684818908468 9.0715015603587 7.9567986245706 5.19807037849385 5.98929729821793 5.7469639766799 6.77375125735946 6.2959787811834
-9999 -9999 -9999 -9999 -9999 23.8471838776645 23.5548467726211 20.4936682862488 16.8434049709791 14.8718615572136 12.8481345717929 10.3202004626492 9.70839094557083 12.0738454837873 9.32304746332126 9.45114615524188 11.8703198765995 11.8860423377254 9.59521449787777 8.55683474480621 5.68525020699722 7.08355496928634 8.93971996194424 10.2812125640595 11.8079835473527 10.5754265752725 12.2939810536848 8.53336442946398 8.62711111360214 5.23383141748544 2.42090940301177 2.53000676883634 2.70810503999417 2.7691007053811 3.34977613854578 1.85540099120094 2.82559776938071 4.42912279284211 7.31133160525345 9.66935046706996 7.97880067431245 5.34002501598599 5.87825787339355 6.89134330280599 6.0994423056951 6.46788778288944
-9999 -9999 -9999 -9999 -9999 23.6796993401514 24.269498612925 22.2626337657854 17.5466890331696 15.4309284102725 13.2203141844294 10.8648037791008 8.59795984951237 11.3352866196577 11.9682650670205 12.2297922362825 13.6058311127315 13.6494821399398 10.7801643571712 8.37011826971908 10.2441524471719 12.8974543710813 15.2038849411845 13.9190549314074 10.9864082691422 9.12884551044674 11.5993022328024 7.30235487338745 12.4674985764551 6.53989231935609 4.75031873770733 4.75724137796221 3.31370519822275 3.26144661291391 6.47695422692324 7.09518413404345 2.43012898966439 4.58603323337424 7.37003783164058 8.47772006235071 6.61929883693879 6.23764521375711 4.90953282902246 7.08371501759854 7.46494520236166 9.63968135011523
-9999 -9999 -9999 -9999 -9999 22.4312780675535 20.2298458604685 21.3074996668797 16.9012671436676 15.0551060272156 13.0575038446693 10.3725601140703 8.03992507092229 7.16932071241519 12.1227833553342 13.0152219802283 14.9637657447936 14.7159961964461 12.1293330833651 9.54676181028989 8.94648588998721 11.9788782992512 14.1598540675461 14.7795858657466 12.80201862593 11.8868021184234 7.08534246310432 7.20751678156437 11.8262322010903 7.70539548053594 7.87302353383609 5.65963884848874 4.10446853849889 2.5118582277988 7.75211940710888 10.7341977096486 5.82367272631574 6.59553428974934 7.94256493042519 6.09386022117025 3.8319117432932 2.72590599755021 5.33804025470266 7.73074339915519 9.09758235697132 11.9019297785364
-9999 -9999 -9999 -9999 18.9893847953018 20.5374053086525 19.9973326413926 16.2811150709323 16.535109359969 14.65912241719 12.3521189186694 9.75227919614886 7.03026602318621 5.31859397971678 9.19659874316344 11.1228302829984 14.0779570919305 15.7707163161345 13.8918327777864 11.6002687851688 10.1701240868719 9.9766771394977 7.94005411913332 8.17426301491489 8.02678998074097 7.61753212005359 6.86855133616873 5.10990132326045 5.73198880132858 5.50472517185834 6.28805594691152 3.46438307437848 2.22781901397059 1.62162454705048 4.00907388245931 6.88050487600447 8.28587675996679 8.99735455172277 10.6447780607276 4.90312205893719 2.04849404651961 2.03673460949562 7.5841146993674 11.3956746336007 10.5100754170467 12.591171296505
-9999 -9999 -9999 -9999 17.5844642057459 18.7887415635967 17.0752036599487 15.1394840436371 15.2902559227468 14.1061197564609 14.6149891117218 15.4030366776195 13.0194077859708 11.7741757245935 10.2118903732259 11.6823539321132 13.7271711094103 14.3161859137963 14.9637573870953 13.3930582917071 10.3448999126492 7.29792726957923 4.52667279873519 7.42831409355285 9.80163984050509 9.21581710341644 6.35601505247112 3.36218969417272 3.89692374018893 4.33669669124707 4.75547928800916 3.53942248602623 1.98365358245416 2.8857698300049 5.15678953843077 7.59265616244221 8.09168273953538 8.06348284513024 7.42157106311255 5.6690333830014 4.32574364123296 5.65652997807829 8.813382960569 10.4037187747067 12.1197920902478 11.5386545401068
-9999 -9999 -9999 -9999 15.4193859445046 17.086245104834 14.2492747134458 14.1442614617721 16.0230868867527 19.3467310129885 17.7436891230007 16.345692357077 15.2540516839869 14.0983721806111 13.3040500883164 13.0916989284587 11.478192638888 11.4219299557811 13.4839049431336 14.1436298154434 11.7141779385789 6.09588091251683 5.24131441756857 9.54562859384523 11.1331948855402 11.6752794309829 6.97550582713203 7.01736019864006 8.76624402472364 3.9896389222171 4.49862141520372 5.34733407478272 3.01860936516811 1.84407795727114 4.18687826288533 5.42674166139086 5.28295585162554 5.42801098367033 8.7585002077892 5.91602037597487 5.89371176182476 7.75169072375823 9.08920464281977 8.76859915344725 8.46855098122687 10.1744116312995
-9999 9.87057203838734 9.17261354574613 -9999 13.7295266108463 11.4760270619535 11.5502326361774 13.7841641671124 14.3425660422488 14.2244938971232 15.6490066821505 13.8598292726047 12.8126322901824 13.4738365759221 14.7337854207982 12.7244151407442 9.67692322249379 9.57442315349449 12.5849976077898 15.0357944842307 14.0486610890825 12.7753564359819 6.05201587377845 8.57055979196777 9.91180575862021 9.95735228449817 7.79373462136254 7.67701017278797 8.62011808502565 7.4058159955849 5.73981604192455 5.50671506499034 4.84851127463249 1.52667163322523 2.38219647487187 2.29544359367414 2.46242844602778 3.71000016271846 3.85224896321904 3.6372039028094 3.21753984111483 4.04141948435821 8.67426364063782 5.39744573476266 5.9012596176111 7.48250229700987
-9999 9.2492963127571 10.1587237451693 11.9985589974776 13.8122332768645 10.5845611492248 10.9886652589493 12.8175247578104 13.022108682094 10.9484795756382 8.89029641444683 9.39731800531461 9.57108274428528 11.132771757052 13.8698078843105 13.7644346549785 11.6497920645132 11.5649515316038 13.5762311925702 15.5858902723104 13.7727656199532 11.0147372051381 5.29090614255679 6.4817340855482 10.0203407533701 8.87967987053939 8.6652599366297 4.76196611975918 3.19991603546527 5.26788860371251 3.76996603922849 3.41531701927071 5.51043323451792 3.53230327474157 2.93676432056516 1.50549109554371 1.55546915503417 1.82320187282515 2.66916844936163 2.04469273253771 3.36167945084413 3.51106994279265 3.3721641251672 3.2938277233136 5.37186793922377 6.53717501642439
