IBR/IBR_outputs/all.combrep_1/EucDistWater_Total.Spinifex_Total.VRM_Total/EucDistWater_Total.Spinifex_Total.VRM_Total.asc
NCOLS 160 
NROWS 95 
XLLCORNER 210004.651214014 
YLLCORNER 7350008.22228844 
CELLSIZE 4999.99999999997 
NODATA_value -9999 
[rows 42 to 62 of 95, columns 92 to 137 of 160]
3.29582490770543 5.42303831736205 3.35986811449671 2.42697018966319 4.06845526427128 4.60247158630334 5.2484423557152 3.7132189574897 4.42931901242245 8.5432935022784 7.05657054787901 8.19914510427441 5.92322489766572 6.41302439223355 1.85273364153731 2.76876885035987 1.62387445471681 4.09334728136063 3.43135371604717 4.1788412958706 7.44910499181524 9.43095760912055 6.84458965228689 2.97426963154456 4.36375449148686 2.65060479998768 1.34007116863284 2.53843488144503 6.73355156055797 8.10016497372601 7.48541500653636 8.34780568122762 8.4344792730879 7.00956936221053 7.23546083152278 5.668377651864 6.34632991728684 6.50177157723707 7.19032984513961 7.85630583895456 6.49985917948652 4.95665733508087 1.89496433807019 3.34113594123026 3.90273993230927 4.46165309091866
2.38842918837171 5.09103594101633 3.40027809904465 2.63973133197589 2.07497001242893 2.31936531524332 3.73133114141572 1.99150240527389 3.0368925115518 6.36653919499629 7.52815450421631 9.53683248450621 4.70201948576312 1.67474425125128 2.44703259865146 5.23266750650689 5.65140521267054 2.23262052014076 3.76242711671472 5.5064636363213 8.75788652231349 10.2767585543577 8.77596567721571 2.54218460609803 3.54869133797803 3.37814764863557 2.96139355743955 4.26341369276676 7.38698467446967 5.83786006809073 6.08699297083979 5.27312385469485 4.05948657537717 5.50696737769105 7.47458429666205 8.16379972657474 7.06634133036055 5.8803329001676 9.0840858724792 9.728125583974 10.1845806697948 6.8849723195861 4.01119185812288 3.90824353669362 4.24059213200423 4.63715810425933
2.03767495416726 4.6221951074438 3.21670864595392 1.79932429810451 3.30023020716111 3.36903539572916 1.92944854320022 3.01682005725818 6.09274074240053 9.78469324943738 8.98301639004029 11.7377549935904 7.3863945472363 4.00347307515906 1.69920889739181 4.53057323211068 6.71604196789805 4.11326089238064 6.2733732474888 6.90683356293675 10.6065582672693 9.2644642403569 5.93756865974733 2.48769775055896 2.69377991090613 1.53509016445311 3.85562261457639 6.19142253589921 7.14426538793686 6.70090824280039 6.01455876420728 3.756817302029 4.565906999047 6.23466922015543 6.23609228479663 5.33703333995223 6.29952468878909 4.79007667162729 7.94399458133344 8.49378961849648 9.45266072349786 7.07488378042534 6.04425269204529 5.96984446668318 6.42103139775248 4.93315670534744
4.64874724584887 5.45577987146455 3.847079511807 3.25346812712933 4.75019968671242 4.17363271213697 3.41997647457278 4.50127555882874 5.83357489450997 7.76679673038037 7.10334951570433 12.2491605511644 8.21750837486846 3.15435807696985 1.83421295811315 4.75440990291922 3.31741662523374 2.65692074671469 6.42786130757019 7.20329524415376 11.0370169812614 9.4157677619458 5.38199239470422 2.31133398101635 2.17559169825787 4.30984360621385 2.20819317817176 6.66293795126676 7.07155747022116 6.43373571185789 6.40765521827105 5.18303364866268 4.21358236471083 6.74476929154678 5.85481936424098 5.82059375897233 4.43772807496624 5.47455586179451 7.53092857484162 8.24512469683318 10.2591999894263 6.13345028517145 4.57642571492514 4.74160827921543 5.98848765777792 3.83036187715548
3.63318342566599 4.53243380782984 2.39675623603268 4.72916088352078 5.00837242925355 2.24398112125475 2.72681180800035 4.12993680669728 2.76089974965201 5.1065991741013 4.28080989485914 9.27883132567355 7.10159768294213 4.85807434612161 3.9642214898249 4.94563623036851 1.9915845807693 3.41555788646159 6.24547161634355 5.83848034415064 8.32879164081937 9.08436688569196 2.79890553298923 2.83066703058315 3.6067748257289 2.46740005952276 6.60467346454064 6.41413988323327 5.56867345603305 7.93466487146199 6.91298699174872 4.27404679566119 5.46365076476766 7.22360303336857 4.9620887192448 7.30473168557986 9.65606125694492 7.72866232774895 6.32451958498575 8.2398179221793 7.29825223954726 7.11575196960463 8.49387739820963 5.64214805868187 3.60398795083268 3.05341131863246
2.2794150468517 5.68631400941201 5.20474415924554 5.17809699403875 3.37662639302712 1.68235742902034 2.51475174319806 5.02877102448873 2.89302709635 2.23904026088839 4.05079804442608 8.11998133924807 8.04870631614566 7.92093608936456 7.48769917257565 4.52766785776498 1.59118531077897 3.9208502246353 4.05554502730031 3.3166185250686 7.94274184311373 8.51839467335859 5.11728361790303 3.77502378562451 3.92754871098855 6.1560175728978 5.92383451003342 4.89841669215715 3.82282697955555 3.65437736471747 3.85750656446618 3.16191437364129 7.13694742852631 7.84666076447646 7.49048425656358 9.23249740200986 11.7143973047941 11.325021046575 8.02002034441597 4.24225677748713 5.4872765959792 8.72861588116172 9.92589027188206 4.35433448879061 4.61714942478079 5.35911233777481
3.59640692116601 6.30419313821242 7.86560173032865 5.35359055223652 3.67887375261381 3.08375724762836 5.38445429239841 5.68025097311245 3.59520916043776 2.5671335311913 4.64004731130052 7.7729830022038 6.05760586001736 5.12081615779393 5.04096985812037 2.18799161142854 1.9390737552641 2.76878193684726 3.99437273339096 4.97253673247074 7.14519454196031 6.80878170704214 7.78373439165779 5.57581552209844 6.3002763395672 6.34694448640411 4.12763922587411 5.1090972912354 2.33691919122549 3.23580498897519 5.36578982998312 2.65676201870556 6.55536632353087 4.60444243880203 5.31954065646529 8.53643320095905 9.41420197260017 9.79410438206713 8.67274552532575 7.19042161112019 6.5824715182148 10.4598105835417 7.84670579310751 2.95117882861821 5.33874054675398 8.02532738455304
7.40120589480556 5.56018610920606 6.73528098468708 4.24790713406147 3.33827198449799 4.66642034639875 2.62857496069953 2.89541514548239 4.52894499883395 4.79598402797699 4.35184871329715 6.85047637844461 3.41308237984828 4.32832292745281 3.22206668609875 2.12869204378886 3.51863125040403 2.19679481504808 3.74525435461582 6.29502572972511 6.4562929867102 7.28531411351029 7.3501482542117 6.66903819843525 7.48790227712608 5.50587060286832 4.18395145784411 5.623640956964 6.43870631413103 6.02913580496534 3.34770788844213 2.15492051918318 5.145335239761 7.10203014353789 7.62368375879978 6.35044524551727 4.8522005756601 6.8187354463741 6.48900989536501 7.38006834875357 9.47334247514029 10.3209009176448 6.74611919995601 4.40705399801743 4.42638333912151 5.32126728245376
8.29780314403355 4.84929787416972 6.12739936019579 4.39799633111759 6.71240625419943 3.29666125840762 3.41488790975051 2.45875722023019 4.70033316506993 5.5718298179597 3.40141885056025 6.88389448385469 9.29243896850066 5.47889347302199 3.00927508033652 3.44018850196966 4.38776795398548 2.44694569679016 2.03895756399724 4.83141784690376 6.10684648742051 7.84451737539317 7.19036860500337 5.71811384514882 6.84971463216988 3.20989944876502 3.59216838710233 3.41718498448354 4.66008713193455 5.44873575467175 4.52850132494874 4.45939895071614 6.54498409003258 8.45212344948491 7.43151772675199 4.29425710622027 4.03853119196816 4.85291773818821 7.46076526922021 8.5296284352074 8.96885918027232 8.80728160295005 6.71474917567583 3.40599780394376 3.28661755475973 4.79908439652726
6.41200283389575 5.41937786222692 5.32342943067764 5.7698857872621 4.54619711118019 6.55172681341997 7.04668994739171 5.20953204942444 6.60163201707676 5.96848095554098 3.63439672936387 8.83777708943996 9.44468645544339 4.86205781143438 1.68793925491094 4.07121948580754 3.13358569670346 1.89584796188598 2.73818953882201 4.92523508417706 8.7356872898602 8.82588884855626 6.79270616204437 4.99759986030709 4.18150357052711 2.61073805452266 1.96354173572334 2.91281063204324 4.13780293875415 4.39186221408534 5.85361027672931 5.25325656128898 3.0133911387539 5.04242081963884 5.67373464899597 2.90416516585821 3.61408532908565 4.62577506839833 5.58898910325178 3.84801979484506 4.93527943953672 6.61410667903221 6.2351226328198 5.26470971409054 3.90351942884106 4.45459487760597
4.04002127526084 4.19532440779044 3.72043093590475 5.67042774913253 5.20644422271854 6.80951432340601 7.84928200230711 7.6080951576149 5.19300776483837 6.32997838562764 6.35717169869161 4.23830291346323 2.59685112645683 1.97823591477155 2.37837004638908 2.62362794052522 2.67359436336095 2.24179883431915 1.52393066625051 3.7768488442724 7.13224829905521 7.27758988961516 5.07827987561574 4.45127792157165 2.58576555862442 2.73573943547256 2.53922899670011 3.0923441792212 4.31105566467748 5.45271716379616 3.08487784545643 4.28367181201433 2.22159768894234 2.91719654343872 4.64362462860363 5.15108465331649 3.85349084672951 4.16703101592208 4.12847113188359 4.06522560072458 4.83106432887597 4.55986638052012 3.68099476381802 5.53059149045111 4.89766365400376 5.37707185603934
5.46850003361034 6.37272297087422 5.56655907556832 5.42418031676146 4.13200410552444 4.43029702403506 4.77144906711917 3.92973482196184 3.43083105381934 4.86735086267706 4.92281074219667 3.32937689029181 2.51713308212699 2.65424029856327 5.52137796791545 5.92260345757126 3.08771110477987 2.35436593355845 1.48897675694686 2.27271614608509 4.35616864108696 4.49975005550387 3.20618384035108 4.44404907772107 4.28924449854525 3.4958140664235 3.88344861396241 3.00578288551906 3.0257868426559 5.42065168256537 2.12289269821918 3.84447871513529 2.20274778961292 2.68626975416313 4.27488413478096 3.18875188305844 3.02463421426689 4.44266335745561 4.60209724579615 6.85907005019153 6.9395458746292 4.54416487230753 5.85739796386038 7.37420460292533 12.2870747198201 7.74565214998166
7.83725481822953 7.80471709451759 8.60713094550321 8.2880272210145 7.14338918658789 5.93643451706872 5.05881788520303 4.107147968455 5.15360002114339 5.64313427615213 6.23083866239562 5.32677178409547 5.27489325115986 5.16698754341329 4.76597269288438 8.94772483255981 6.25541555060925 2.75984379367441 2.88699415997683 2.12613980401444 2.51774302011824 2.85000832827213 5.08892218525119 5.83070976503448 6.82069413094853 5.31359301023734 3.59783067250242 3.06541613541568 4.9156450485284 6.67094235608596 2.91478182822788 4.59790996703785 4.48968565695353 3.98406199290003 4.63552395125058 3.55690280125938 3.85501982174461 4.34923924942113 4.39827791492055 6.72986890413669 8.83415482059783 6.77730740956211 7.68351384286198 10.1061162453069 7.6042018689515 6.08664464888473
8.78852107740151 7.53554748423672 8.75075231919098 10.0116348666267 9.57855970377136 9.72927778795682 7.80146085441317 7.87956084702562 7.2559285956444 4.65220929904084 3.77366261266394 5.63419146226996 7.98317193977211 7.6584090453646 3.73334807472219 5.09802355615249 7.51222960170753 4.44420175137571 3.44538480859558 3.65341820668423 4.11665560932607 3.87789384950655 5.4134800692183 5.73917289743357 7.17121889844974 4.91285588438214 2.47026119286382 3.06837805242128 3.99456309026659 3.5841065996729 4.35580328220543 6.11012950068848 7.31780402170418 7.31136761554563 6.96787894218133 6.38861510052485 5.82963945672605 3.64673626903979 3.81270011442965 6.68497143892966 10.871043847008 11.7631470063909 7.60973944606851 7.22726200581463 5.05089378374806 8.39909780009741
8.83987782154874 11.0667746935527 12.4543199650375 11.6455379197468 8.23328424590054 10.5722709920219 9.70774319598832 11.0079707203769 8.59182032550082 6.94273160814929 5.78502331639667 7.25392240760641 8.32175316035786 7.49619994344662 5.80198503342003 5.89601093750886 5.25725717043534 4.455542137393 3.69304299408681 5.26688422061347 5.53863775490453 2.89944583544806 2.96386241539284 3.33312666112425 6.7183701511468 7.1320214944034 5.71779764558939 4.02645027634477 3.44833835625858 4.04848314840061 2.91499804341032 5.6540927413724 8.46914044123734 7.97657481897792 5.69663641745809 5.05400640123347 5.35741620222952 5.34353271641981 10.2379121306947 10.3704700408535 14.2319579988674 10.4539497365659 7.36221701125868 5.44937872370698 6.73348278254357 8.07296833122938
10.3965602744683 10.5980984291375 10.3174707940808 9.38278717440899 11.7681333716452 13.992749923132 15.8961057936191 17.2299133282356 16.2806413565821 14.2930821385589 10.3309508071172 9.90907989293214 10.03387085472 8.54699530855551 7.8219350163024 7.34926701345659 4.6987904664936 3.91008842804334 5.84781212346929 7.62150822698392 4.99486120266934 4.18320650938677 4.54794219343179 5.60506697027286 7.20065139138322 5.48871665435621 4.10485499312556 5.19108405963796 6.05493411591768 5.46899044844285 5.23435595493711 6.8752088261424 8.64197486988136 6.65716465002481 3.52295596894544 4.04085688271963 4.30891293395643 5.10372798831283 5.7211296702279 10.1000639160913 10.3778547830368 9.04825755367402 8.95893848091456 6.92999118058056 6.27455293815343 6.38733456459685
9.74904669383813 9.71039655451411 9.54718102755242 9.99014984902369 8.74172789888039 6.87061349026032 10.6738824559629 11.9065913277063 13.1695543847625 17.5524623566847 17.3127714971138 16.8147779637663 14.0212482954458 8.68066047119669 7.03402360065344 8.89205987633262 6.77487299771464 6.55370688397497 7.78507307321064 9.91885823961369 8.46361034610636 7.79911732993079 8.14388804398055 9.90906031544895 8.3550956838439 4.87561000365186 2.76930530487453 2.70615941361371 5.82764634804121 13.9816494417144 7.98319830474494 8.99467589882528 9.15569533178943 6.57131997932083 3.89372072529154 4.6986257344312 6.17595701906815 3.62716867781118 3.82056173881895 7.1470252937858 7.86129893822125 6.39675753416633 5.89342169833106 8.35621043671152 5.15840104166754 3.40726465411932
5.27715120948006 3.87001707200091 4.6757508177003 4.51563668009606 7.86319588572622 5.93248705003482 10.4170945518614 11.886874738451 15.535481005251 19.6740870036198 18.6030826287466 16.1523819037984 13.3787543707552 10.5513269010733 8.64677611795691 7.73066035912282 10.016454964441 9.85671164940938 10.4716148059722 11.6863223581037 10.6159329079138 10.6358089616986 12.8893533932201 12.4899191246215 10.3779924478763 8.39852777347095 7.96779065525714 4.45789668937857 5.28648784188386 13.5568320532833 12.4123507934998 10.9033869463577 8.51257945927851 5.94794357283482 7.70627310885941 3.17186073751781 4.61805696346465 3.64507094972419 4.75882228760589 6.93033265729339 6.45962962466825 3.71222668863608 2.85713364687307 5.88736944119465 4.98072341276028 3.13796263813667
8.44907525909301 2.58025268193281 3.95191050527801 5.61597248935642 4.86034539299952 6.79119973277295 10.8498454052418 15.1332590882536 17.9704760736453 18.4219339813455 18.4737927630575 16.2000934308327 13.4606540100404 10.7427321233224 10.0546006530944 12.476316026482 15.2662779510224 17.645905798838 18.6045048809022 18.9160963321314 18.2705800862231 17.1190263840641 11.8953009030839 11.0591227083881 11.6833392422737 12.0456299611279 11.2321943915899 9.62127713859349 9.08590448495644 9.57710450292282 15.4642520859697 16.3572412869931 8.83277089876841 8.17487410273715 2.99270768152677 3.57527975330138 5.93924414824981 5.7632590696064 7.34339102826739 8.09749109537044 5.23365303346752 2.60275075915767 3.86844022912835 5.46052432088807 5.80586817958453 5.28711805385585
8.9913378163489 9.15743103361557 10.7770887785937 12.3411382214711 9.99779979757721 7.72885234091447 8.36545888934034 11.7276222434158 14.749915647376 15.9700411583339 17.3730125175135 17.1435777426476 15.019089942925 13.3271324423144 13.0034706623525 14.3131582504871 16.3911181482387 18.3306149869622 17.8629441040163 16.8357693841194 16.3348454187091 14.8209609021808 13.4271230927507 13.4466261577644 14.6237135360175 12.399801775652 11.8148928602322 12.5838018809762 11.6828029654273 11.9715267377393 14.565633682567 17.7608294038384 15.0888247860098 11.1458644989009 2.70359989896573 3.5286241563629 4.00212708959641 5.15281717733835 6.8143733463611 8.47111631865121 6.05770858282812 4.22852557854658 5.25589029741265 7.91805486318518 7.59712388813611 8.1536733862969
8.29744411633635 8.54232135732872 11.3649210676352 11.0686474465593 9.19678390175147 9.98352947751773 11.805187046688 7.61731653932978 5.05028020951071 7.47746191427973 12.0187445093079 16.8325075309929 16.4327157439652 15.9999474863087 15.9036687041115 16.6903131980814 18.0723536596397 17.7093738788703 15.7120072886726 14.1468601116609 13.6789233840214 12.6582658517009 10.5074046951397 10.5508211025024 12.7210203042399 13.617561889955 12.605960024712 13.3284992826114 13.3380208029137 13.5301399102416 19.0485623170574 13.0804378458556 11.7171849459107 8.34242920191411 5.44061527935936 4.94167002838539 4.58215865342232 6.48422204117519 7.36996639381195 9.41457520673781 8.42457746527094 7.37990201366274 7.39332927190962 6.67168782022819 6.22149390519228 6.71517927160038
