0,20.9625266056779,22.586473045448,22.6721270711902,26.4778099915788,28.5327464597782,32.1227012917582,28.0351467370633,46.2214725872106,46.1819961562688,69.6301389288167,48.5542500965558,46.6868334604197,47.2147985532797,51.6906956473934,51.9767862830316,44.2504006056869,41.7138246365265,43.8096393738485,41.9142949368062,30.6136877611701,29.5554220406332,29.7549470472691,58.8841252596997,71.9764682976855,90.3258136941519,58.9674739136469,60.5402560280378,44.4125778942976,45.9755657800801,45.5179922383196,51.2501068573782,59.4344198084374,39.5363799583627,48.6393036647884,49.2946979275018,49.687279454509,64.885711668995,62.5157799971446,63.4902200627635,70.5441308584342,72.9590861892517,71.2721658804064,71.5343547753409,68.8161084819962,68.9547485878352,69.8912646038362,70.4583819003121,68.8279722645524,65.4895405553491,68.5267964635081,36.686550635988,37.9971975090087,35.4837239865553,38.0996266181193,34.9153439062134,34.891577389747,33.6882496646814,28.4679992027793,32.7143012752827,29.9322554726667,30.345690632311,26.7611374561061,67.0830528247635,40.0300145809519,41.810679109241,68.0070264576097,69.7002509169943,69.7368100958986,68.3828086627753,69.5373125751045,70.4809479216355,67.6000122528247,72.9085347286149,79.8630729569194,41.4829558305809,41.4217097550095,68.9950536594279,31.4324608196198,35.1531325791682,43.7087917938295
20.9625266056779,0,24.0520374894364,20.1914265187613,21.6350874224191,28.4166031047492,31.5323909784978,25.946922086361,45.0453972741632,45.0078442020874,69.2993006223013,47.3929327055091,45.5207646264441,46.0461969184001,51.4636227144094,51.7150294679664,43.5117856477631,41.0142613759504,43.0758664875572,41.216114737036,30.4926040271159,29.5017365819313,29.7034655745381,58.3367002555397,71.7061747026775,90.0469185477187,58.2684073180148,59.8920016221169,44.2304882206262,44.8202207895573,44.3562391003773,50.0938982073748,59.1586197719656,39.5003087702046,48.3670205018336,49.0244136243669,48.536973068144,64.5750920813403,62.2067003448913,63.1787525055406,70.2218136220018,72.6361581956388,70.947721267686,71.2093330566984,68.4924471904864,68.6345827463921,69.5688998584456,70.1369693959066,68.5060709447849,65.1672471382296,68.2079061870838,36.207578647701,37.5354843457083,35.0393676901077,37.5102743451881,34.6010635303934,34.5763366311943,33.3555204025502,28.5226268006397,32.7144596733119,30.0170214211736,30.4228959567625,26.9465768946968,66.2898009750403,39.025887383683,40.9776251452962,67.7030348101502,69.3976609279152,69.4335142810807,68.0787572267227,69.2051793096366,70.1491579373864,67.2735003908618,72.582526681248,79.5242387838536,40.9556741448091,40.9077454204219,68.6612555827866,31.1176780746612,35.4031055192465,42.5082052921283
22.586473045448,24.0520374894364,0,28.248213625066,29.5442158343188,23.3654137846297,29.8110978556438,24.508568508769,47.7098058390894,47.6587097520221,70.7586451964975,50.1243246136399,48.2509688898811,48.7493172160694,52.8297448102016,53.0814485890716,46.2099149394778,43.6599580519984,45.7580929945067,43.8658422085936,32.5010968562876,31.3549595917469,31.5784911109346,59.8308431748083,73.1772379068633,91.5124229892266,59.9164999017288,61.4792303622972,45.6626459910186,47.1555169761093,46.6872418960687,52.5416701277508,60.6090396778,41.1866924427226,49.7228492910737,50.3676848341887,51.2936562829086,66.0282678950251,63.6599149230571,64.6329843350026,71.6752959545217,74.0903405978969,72.401528916943,72.6638733034239,69.9496668772031,70.091128325234,71.0261774227429,71.5936822375665,69.9634192881586,66.6242746084727,69.664284498048,38.6295621544324,39.9458598300045,37.4162413151329,40.0691125419485,36.7953747607796,36.7891811953912,35.6018360691882,28.6145543460087,34.6205374104018,31.7950980945089,32.3076496003436,28.6550833037064,68.9933436164715,40.241376087501,42.6722199871535,69.1596539055557,70.8544412142829,70.8901293946302,69.5351963252816,70.6632399017299,71.6068656566576,68.7311499845081,74.0398848670494,80.9835635285396,42.2787521924229,42.2425648241451,70.0451689976005,32.0605498197564,36.5167151241734,45.1917696398962
22.6721270711902,20.1914265187613,28.248213625066,0,19.0140130297091,30.7997158454441,32.9707692680209,28.9259056319004,43.7259942753175,43.7029792551639,68.3718791536125,45.9680542436709,44.1037622049871,44.6671977854025,50.5216425450915,50.8079148776415,41.6113145511589,39.1373733574971,41.1912718248415,39.3319925081956,28.7886665074864,27.9088195807662,28.0863937085066,57.6024682079581,70.703135740554,89.0585480675972,57.5449683593646,59.1740659225953,43.1771232182153,43.8871562005599,43.4381838167832,49.0201445029376,58.1822548338029,38.0630590939325,47.4810294377879,48.1486861260518,47.0651223850307,63.6325443467424,61.2624931552253,62.2360414029127,69.2912672848863,71.7055567927299,70.0190883998172,70.2805775338277,67.5595888896046,67.6987172105948,68.634618461617,69.2022494489372,67.5712307409667,64.2331404912004,67.2708645795459,34.3649435506052,35.6889176294138,33.2150873881395,35.6168699544282,32.8594685279788,32.8154056873894,31.5734178120806,28.366898133876,31.0267338732741,28.4027009087836,28.7045605978483,25.3389623569977,64.4498886110733,39.091242867311,40.3622383447201,66.7500539474643,68.4430410580592,68.479804194527,67.1260202507473,68.2803997391391,69.2243684657103,66.3432141738351,71.6520007552981,78.6052503280865,40.3633661606705,40.2906328085491,67.8111557551296,30.6454546219597,34.3029700091059,41.1993980736685
26.4778099915788,21.6350874224191,29.5442158343188,19.0140130297091,0,31.2266944529499,33.0646959796697,28.7322403715927,43.0163259631305,42.9962060553443,68.3214737996366,45.2621052677538,43.3943137533043,43.9588150248733,50.5415494693392,50.8043202044608,41.2351948250895,38.793697465859,40.819134749177,38.9895136164348,28.9126701074447,28.0709343437501,28.2524908112152,57.4049068369139,70.6952635222843,89.044573401149,57.2410658952153,58.9065155878086,43.2291011652538,43.2319328993566,42.7800707036442,48.3483345157944,58.1701749612356,38.2276893003559,47.4702384773203,48.1391635227053,46.3648668480648,63.59621171524,61.2272362066951,62.1991269073174,69.2467736787434,71.66064160989,69.9731131331033,70.2342041234714,67.5141825129442,67.6557472603357,68.5901184084909,69.1584099535472,67.5270551585613,64.1886881727123,67.2287844300156,34.2039497674854,35.5430398236939,33.0820112753164,35.3657037351942,32.8292712422071,32.7861737414648,31.5315442278273,28.565547854227,31.2430306808934,28.6690301193749,28.9844001326081,25.6753600517084,64.0289480765234,38.7191966468628,39.9758374296997,66.7183953658504,68.4123650447803,68.4486322309266,67.0943173898986,68.229084199089,69.1732907915378,66.2958199621533,71.6049564035571,78.5492673591046,40.1887273924374,40.1233837354979,67.7587416383263,30.6158267639777,34.6246383478202,40.4699179176905
28.5327464597782,28.4166031047492,23.3654137846297,30.7997158454441,31.2266944529499,0,23.19249145394,21.9917129681988,47.5279455865064,47.4655704718251,70.205330428688,50.0189573640554,48.1403480544684,48.6107395921642,52.2909839294566,52.5054335898254,46.4593468504018,43.8981195005702,45.99790664373,44.1087569188064,32.7051649380978,31.4859649656163,31.7322466192042,59.08449342574,72.6986543784795,91.0192747719124,59.1756382080273,60.7261616547947,45.2392512384295,46.6747808308415,46.1968664772031,52.1692175626171,60.1038831905073,41.1762487876671,49.1244691031082,49.7584256902292,51.2219183359629,65.4896438176618,63.122932217306,64.0945595869327,71.1248130311939,73.539942288144,71.8491656329569,72.1116635089837,69.4016288393214,69.5460321459261,70.4795463914308,71.0474617486525,69.4173423825897,66.0774612096138,69.120342572557,38.8679584551471,40.1895792348351,37.6459440433522,40.3289888345984,36.9805053762369,36.9905697114472,35.8172337041628,26.9431490909453,34.8543787655309,32.0031112702552,32.6005628870935,28.9076081182055,69.1988372648706,38.6282728314871,41.8406670857296,68.6314286542561,70.3278351655036,70.3626225509991,69.0067259070083,70.1072545413407,71.0508736730298,68.1805897970279,73.4895489824747,80.4219051432207,41.3622237318174,41.3546657566501,69.4100380057877,30.9487758250705,36.2880667419728,45.0076119775806
32.1227012917582,31.5323909784978,29.8110978556438,32.9707692680209,33.0646959796697,23.19249145394,0,24.3579806471936,47.8204659525543,47.7478373482834,70.0933244600683,50.3768898691722,48.494257876428,48.940362986878,52.1920413485952,52.3701358550888,47.0961888881493,44.5243390895976,46.6267611903107,44.7387869915726,33.2905524767947,32.0111436522564,32.2774031573526,58.7896774171057,72.6562770530048,90.9632542686767,58.8977037019109,60.4315205837851,45.2505930843096,46.6980374440158,46.212761340652,52.2893875609725,60.0364627639907,41.576058416716,48.9673708705321,49.5907124177912,51.6080910298341,65.3910859516295,63.0259028856864,63.9962206388024,71.015222867019,73.4304566024499,71.7378350947702,72.0005032477709,69.2944510319677,69.4415662941515,70.3736787397075,70.9419562732975,69.3119921826418,65.9714153686211,69.0169440749592,39.4864335359087,40.8119584302311,38.2560735483409,40.968795543986,37.5490077377273,37.5732679247776,36.4123204208553,25.6808317184349,35.4688360892846,32.6014451841015,33.267102725665,29.5494231892004,69.8018963240397,37.3829428644366,41.4813464537852,68.5426318712472,70.2405458182905,70.274492657646,68.9176968413687,69.9927120726698,70.9363110664251,68.0710816762627,73.3802387683744,80.302126257509,40.883198879551,40.9063175031518,69.2177506445972,30.2446838374033,36.5383393996302,45.3021694259265
28.0351467370633,25.946922086361,24.508568508769,28.9259056319004,28.7322403715927,21.9917129681988,24.3579806471936,0,45.8655437549227,45.804306386594,69.5180595858669,48.3794111760745,46.4953499751651,46.960450206487,51.7267509707824,51.9089244823507,45.2586921538681,42.7329936300921,44.800895530347,42.945322406948,32.0690053069482,30.9289981979894,31.1706860698667,58.1775568190164,72.0661966014085,90.3800360802461,58.0795112593968,59.6952133227652,44.6983174275772,45.0065553631758,44.5186183910226,50.5136208621573,59.4714662410964,40.676134070265,48.5210959341413,49.1604917969186,49.5969056260765,64.8233050909615,62.4580538380406,63.4271336108425,70.4472230556309,72.8615844903349,71.1694582811646,71.4312118771616,68.7217714930321,68.8696906474623,69.800912363793,70.3698855310791,68.7391324872724,65.3989609392388,68.4452634056646,37.909163240681,39.2457523929197,36.7197292118915,39.2678342162405,36.1801951647958,36.1856721606917,34.9937002890106,27.2856709898241,34.3124312876363,31.5406856841542,32.1026085822568,28.5121605181006,67.9425046487934,37.0384961379465,40.5785347124806,67.9705200148193,69.6682236466583,69.7023797258692,68.3458070465077,69.4190837794093,70.3631235982702,67.497896670365,72.8074136576316,79.727000694334,40.5178757477833,40.5210373047256,68.7404410955622,30.454361890019,36.1560752198687,43.316946040004
46.2214725872106,45.0453972741632,47.7098058390894,43.7259942753175,43.0163259631305,47.5279455865064,47.8204659525543,45.8655437549227,0,17.4979098434353,77.0805216278484,31.5270305565339,29.1304257108789,26.4224894753939,60.2960539436898,60.2594109570598,47.8551751620655,45.537380850866,47.2219031761894,45.8816507459506,40.6803123397047,39.9113869159115,40.1661238957742,64.2645773843321,80.105237029042,98.3604411350485,62.4040252990501,64.7126890535939,53.4268111588437,40.8608507928721,40.8592747803541,41.344532014856,67.508873963655,49.8682691901777,56.8394211016245,57.5312265076218,35.22897632704,72.5708656844843,70.218124972834,71.1646737139244,78.0984305258587,80.5055619410651,78.8023498918772,79.0570168982525,76.3500469947625,76.528795375729,77.4396884943852,78.0182199986587,76.3815198886279,73.0390843917795,76.1153827310439,43.5139081697074,45.082529144904,42.6293982953496,43.8952699800057,43.2544214434547,43.2774395132837,41.95744928952,40.7342787381311,43.6723961204991,41.2854602164354,41.8988440372786,38.7053860828248,68.6715364683004,48.6459755669591,45.1377161333552,75.7636501725545,77.4726008424068,77.5013024685176,76.1388916376233,76.9753183379079,77.92335637422,75.1014046921693,80.4159872269461,87.2245771301814,48.1262364581612,48.0418964163925,76.5705004106835,40.4865484445537,47.0171954019061,29.6859118442347
46.1819961562688,45.0078442020874,47.6587097520221,43.7029792551639,42.9962060553443,47.4655704718251,47.7478373482834,45.804306386594,17.4979098434353,0,76.9464505598334,31.7866595795323,29.6433918467905,26.8088180424942,60.1883580072671,60.1426873321507,47.9227265859737,45.5993044835223,47.2900772480864,45.9426739643004,40.6604307395219,39.8823744012256,40.1387409292762,64.0751022860292,79.9931338141449,98.2449339393252,62.1690254807671,64.4953939712136,53.336408320943,40.5146950113492,40.5382410848655,40.7224385526758,67.3931784352266,49.8257334753901,56.7195903244187,57.4114923258576,35.395157592293,72.4435070616065,70.0912969087493,71.0370738417295,77.9670883755816,80.3740350050353,78.6702955999371,78.924789279701,76.2183745621189,76.3983006378722,77.308465746648,77.8873023104205,76.2504603987097,72.9078758495941,75.9853211869567,43.5371736398314,45.1029854509511,42.6475917784299,43.9344228848114,43.2524620523967,43.2767100216365,41.9596742767825,40.6475229519924,43.6460858864626,41.2541536593468,41.8711118384474,38.6722984348671,68.7528735808005,48.5280420974834,44.9234834835185,75.6387841657952,77.3482335273982,77.376678531768,76.0139931650242,76.8407702178718,77.7889162889098,74.9687672810592,80.28351285784,87.0877855336877,47.9683503847979,47.8830910182791,76.4349295166138,40.3668260857403,46.9589696073671,30.0892940501329
69.6301389288167,69.2993006223013,70.7586451964975,68.3718791536125,68.3214737996366,70.205330428688,70.0933244600683,69.5180595858669,77.0805216278484,76.9464505598334,0,79.8359303571432,77.9627960519467,78.3153143141115,61.0278106201616,58.5456965949199,76.0696529687486,73.2900730852701,75.5399320972988,73.5203267173749,60.8134446935884,58.9623193401498,59.5668731461768,73.4143382573937,63.1708495130652,78.1949224054982,77.6277496357752,78.2165062098522,57.3160140487711,75.0374420832177,74.6582516282979,80.6383905193667,52.1149438440103,66.7760638727951,56.0573603183952,58.1910838919981,81.1335248596612,41.56330192815,39.5398887276574,37.8178345199003,46.0401134364695,46.9910103181876,46.4218441596866,45.1486854272124,31.750605030168,34.4712502007367,31.7123531112997,35.3729612971737,29.9690055857971,28.9738397764956,34.7724271271708,67.3808136513504,68.7259307271391,65.94417594767,69.4181649015087,64.240107237093,64.5859218367713,63.6807247768758,60.4681467835854,63.8771551055468,61.2500872681325,62.5074449847748,59.026040002664,98.8239273729476,71.6202354681571,67.1318355275421,43.1471310844235,45.7600804077879,45.4216347112535,43.6782396759367,35.6693032871129,37.7930149160475,29.7171551746225,36.4884102771267,48.2633599661511,64.2556888207011,63.1801074565733,74.4054570687945,57.9725694221353,65.1185762317469,74.7708952520197
48.5542500965558,47.3929327055091,50.1243246136399,45.9680542436709,45.2621052677538,50.0189573640554,50.3768898691722,48.3794111760745,31.5270305565339,31.7866595795323,79.8359303571432,0,19.2182819944785,26.0145235496465,62.9163081564383,62.9345537742752,48.883578137436,46.5717228228262,48.1958190368353,46.9512096095296,42.7013113730689,42.0055563422766,42.2508653735248,67.3651798334172,82.7306349279004,101.006847991715,65.7454157981663,67.9653360766331,55.9312155387658,45.1646147202764,45.08030411989,46.542442224441,70.1596688114253,52.0604779078315,59.5360718153763,60.2301879355352,27.5913602583184,75.2889138014076,72.9330777466404,73.8838522729322,80.8395914598156,83.2476062866384,81.5475730643507,81.8030462003837,79.0921024997449,79.2641882535723,80.1791158282156,80.7560257707923,79.1199803642198,75.7784959896691,78.8483035868361,45.068758086602,46.6774523046593,44.2355058561917,45.2910914173824,45.0666654868617,45.0849323171124,43.739474721127,43.3278060800835,45.7709391509384,43.4293018899334,44.027386394346,40.8782240066439,69.2130257132292,51.5325275961148,48.4903820420069,78.4663821179409,80.1724034703749,80.2026320055877,78.8418546687598,79.7338745304424,80.6813849143752,77.8489527644509,83.1626676398683,89.9958549191984,51.1201881057435,51.0315506208185,79.35707442025,43.2690327794271,49.3659244447639,34.2862221827985
46.6868334604197,45.5207646264441,48.2509688898811,44.1037622049871,43.3943137533043,48.1403480544684,48.494257876428,46.4953499751651,29.1304257108789,29.6433918467905,77.9627960519467,19.2182819944785,0,23.4179805026955,61.0495067564959,61.0640037355011,47.2070786339549,44.9020618110445,46.5331278555478,45.2733109355393,40.8832606654851,40.1801521516021,40.4259418038911,65.4676828674578,80.8661535146685,99.1408623337801,63.8356916163952,66.0595330034873,54.0736970826154,43.1732788390082,43.0871627182577,44.5682576942603,68.2929838536242,50.2264484096506,57.6637429612608,58.3573574306617,28.599559772134,73.4179792121793,71.0623433755236,72.0128782284005,78.9671779315137,81.3751590232786,79.6749081127201,79.9303537291051,77.219755152278,77.3922468552142,78.3069390958733,78.8839348540347,77.2478679429011,73.9063121660863,76.9765154645021,43.31465388266,44.916690368199,42.4747549272255,43.5572841315106,43.2786934148938,43.2967216070926,41.954084637535,41.4497216798686,43.9416630504232,41.5948543869852,42.192666633211,39.0389984449968,67.6498856136297,49.6241479177385,46.5664467683124,76.5965339174483,78.3027474620491,78.3328734215788,76.9719863537698,77.8604932800553,78.8080255367,75.9762666182389,81.2900275838268,88.1216953737943,49.2207636442465,49.1334679296443,77.4792778619745,41.3807987004412,47.5126705855642,31.8781867811235
47.2147985532797,46.0461969184001,48.7493172160694,44.6671977854025,43.9588150248733,48.6107395921642,48.940362986878,46.960450206487,26.4224894753939,26.8088180424942,78.3153143141115,26.0145235496465,23.4179805026955,0,61.455073805953,61.4491431990382,48.140568010266,45.8273228312706,47.478917419115,46.1901045548724,41.5047650948957,40.7764213505759,41.025816489297,65.6926492422274,81.2673913427347,99.5343254139859,63.9671933275745,66.2260748613093,54.5211736069501,42.9792808388846,42.9301463186328,43.9833122455811,68.6851757533156,50.7879555935941,58.0411659722591,58.7342392621099,31.8644490355577,73.7847653972366,71.430294640507,72.3792072307372,79.3252497782905,81.7328761546159,80.03144034299,80.2865591523469,77.5773725532293,77.7523957931287,78.665545187725,79.2431693552455,77.6068363054306,74.2649318488842,77.3376011646732,44.0843228711644,45.6744902407574,43.2278296109609,44.3787217411412,43.965438238185,43.9856458742508,42.6516088166513,41.8764919145657,44.5389973694367,42.1770516555215,42.7814762443318,39.61261005715,68.6998668190556,49.9522128849605,46.7082370891331,76.9689961313571,78.6763099133864,78.7058646003799,77.3443663810283,78.2118682974227,79.1596108484072,76.3318009838538,81.6458980612474,88.4682400435099,49.4945175590906,49.4077765279127,77.8226062132676,41.7356366537871,48.0230182678249,31.8329388335196
51.6906956473934,51.4636227144094,52.8297448102016,50.5216425450915,50.5415494693392,52.2909839294566,52.1920413485952,51.7267509707824,60.2960539436898,60.1883580072671,61.0278106201616,62.9163081564383,61.0495067564959,61.455073805953,0,36.0303471337276,58.3602378933192,55.5574416573278,57.8351164526769,55.7822174376413,42.5501466362077,40.5813574456246,41.2065013238563,60.9276048694956,62.6474673120473,80.84782308696,64.3198291203534,65.019530225097,35.0670394632386,58.6884978227307,58.277851823497,64.2665417361852,48.7594703174933,48.1378952036245,36.1531254448009,37.701051929157,64.1549546442187,55.4573538628774,53.0446634124721,54.1357612581596,61.4818571514674,63.9405170533741,62.2882911144407,62.5934877920261,59.9327690308156,59.9462524699741,60.9748355268213,61.4914762840317,59.9022133857861,56.5603496263043,59.4761074062457,49.4552105525684,50.7821988063376,47.9942680828608,51.5727130535805,46.2021709333974,46.5350038927746,45.638630760003,42.3118719951469,45.5469347913953,42.8661585955596,44.1897879273002,40.6600150940444,81.2044133194136,54.1683688262472,51.0814613877125,58.5912278671444,60.2591909039643,60.3033418986848,58.9576180632341,60.9308688663767,61.8530569130425,58.813823004044,64.0969649771912,71.5039102752985,47.5980087798858,46.7133115313527,61.5537876823789,39.964520514118,46.3212842967123,57.940128624598
51.9767862830316,51.7150294679664,53.0814485890716,50.8079148776415,50.8043202044608,52.5054335898254,52.3701358550888,51.9089244823507,60.2594109570598,60.1426873321507,58.5456965949199,62.9345537742752,61.0640037355011,61.4491431990382,36.0303471337276,0,58.7726640674051,55.9908124500478,58.2484298037695,56.2172577233426,43.2266344750146,41.315646271148,41.9135324794062,59.2850824068006,61.4948633952323,79.3937390482729,63.1796436309105,63.7658447768943,38.8643903718756,58.4615447393915,58.0552177478521,64.0805819161865,47.0890414491041,49.0338340387324,26.341042185608,29.8674192568999,64.1980964635685,53.0513685452611,50.6678801604943,51.7614713440158,58.8834629936813,61.3640688020614,59.6682027350159,59.9973984454469,57.4799501658505,57.5233107030004,58.5461955188947,59.0546905949398,57.4842746046271,54.1222635069323,57.0674926479101,50.0186245504128,51.3503327139488,48.5799407797828,52.0718030967908,46.8869290423078,47.1993895099353,46.2820459658489,42.4911047066891,46.1767318604341,43.4869517681909,44.7678884778474,41.2293971712587,81.5729956425356,54.1187744105259,50.5559992292099,56.4361791061497,58.1328227768869,58.1595220233623,56.7950698143444,58.3724641457717,59.2849572849127,56.3316170632187,61.6105706737322,68.8908662301665,46.8830635544203,45.8677691476717,57.1352601394904,39.8475350354457,46.9243400243694,57.9110155058156
44.2504006056869,43.5117856477631,46.2099149394778,41.6113145511589,41.2351948250895,46.4593468504018,47.0961888881493,45.2586921538681,47.8551751620655,47.9227265859737,76.0696529687486,48.883578137436,47.2070786339549,48.140568010266,58.3602378933192,58.7726640674051,0,20.6686975448966,17.888806907421,18.42732223274,33.3254466089766,33.3621999724947,33.575900857384,66.1035553219524,78.007609721557,96.4458884964831,65.9489278769919,67.6530747607607,50.4298303986809,50.9342078652506,50.5881366892809,55.1080050978153,65.660710707968,44.2555436939232,55.5498598518307,56.2841260700791,49.304997184634,71.2672154352257,68.8890680443934,69.8680916445163,76.9833244530399,79.3962177091731,77.7198239898183,77.9795483333457,75.2344084278229,75.3600571154275,76.3024275377764,76.8688727492147,75.2362022398508,71.9022172799899,74.9267706202412,28.2589645489277,30.6857948090894,28.2492835309371,25.7154537282698,32.2330900761045,32.3034712675985,30.6528489386268,39.6611297715108,37.6491380242646,35.8319691325641,36.5364130030457,33.8129614256896,50.4714204062026,50.1878476970299,49.1835887583407,74.3276855216436,76.0123567426007,76.0538791874852,74.7051829460665,75.9929578953398,76.9374287689932,74.0298052301288,79.3379018838015,86.3437165533398,49.5400585527279,49.3739653612116,75.9736070014297,40.5229040484947,43.5188288095613,45.7713675796205
41.7138246365265,41.0142613759504,43.6599580519984,39.1373733574971,38.793697465859,43.8981195005702,44.5243390895976,42.7329936300921,45.537380850866,45.5993044835223,73.2900730852701,46.5717228228262,44.9020618110445,45.8273228312706,55.5574416573278,55.9908124500478,20.6686975448966,0,15.0716725695495,11.9074516541934,30.2707279276266,30.3505717606242,30.5729167447089,63.4619822022483,75.1707861629919,93.6195927347792,63.3627249042578,65.0492628376048,47.5628086264244,48.5293795428269,48.1817872432768,52.7323586822516,62.8415262061138,41.2869647913133,52.7797548494251,53.51877850159,46.9891187526276,68.4744663484527,66.0950407916974,67.0754448220484,74.1999186826029,76.6129351324383,74.9379686570906,75.1977734775234,72.4500949862957,72.5732495902634,73.5170195694631,74.0829947065921,72.4503746818498,69.1168883806423,72.1390094535457,24.1750740391228,26.8988484812037,24.1597469142414,22.2037654284275,28.5909977090127,28.7213990063932,27.0637733554186,37.0182824672176,34.7460501238127,32.9707131351728,33.7168968462168,31.0165425478301,43.2872074747233,47.64114817045,46.6415516813402,71.5274964421401,73.2109142878275,73.2531179872049,71.9051502829187,73.2151057851644,74.1594815152862,71.247590967403,76.5554323861299,83.5706381906831,46.9151910576896,46.7420052923099,73.2314413420223,37.8750886952429,40.7492819224512,43.4705165403763
43.8096393738485,43.0758664875572,45.7580929945067,41.1912718248415,40.819134749177,45.99790664373,46.6267611903107,44.800895530347,47.2219031761894,47.2900772480864,75.5399320972988,48.1958190368353,46.5331278555478,47.478917419115,57.8351164526769,58.2484298037695,17.888806907421,15.0716725695495,0,14.9117668323181,32.7980033856929,32.8353982040227,33.0532169318949,65.5813990639718,77.4732154425045,95.9125753993677,65.4228423762825,67.1289348785764,49.8976532227966,50.3822904300991,50.0387830354347,54.5320444478366,65.1288925184742,43.7281792281105,55.0268597010037,55.7621233730253,48.5813356241515,70.7369782641161,68.3587420118113,69.3377962916826,76.4536994770781,78.866558719605,77.1902838579462,77.4499694153554,74.7044953508096,74.8300158889748,75.7724365320501,76.3388844104647,74.7061783412875,71.3722469810187,74.3966748460379,27.4837531111278,30.022495172166,27.4455864680295,25.2917338411658,31.5403589659943,31.6362338759487,29.9911783032455,39.1757957568889,37.1532890280166,35.3409170774327,36.0588042128695,33.3351704972405,46.7436469915616,49.6952191922756,48.6630828727421,73.7967265467554,75.4813019298346,75.5228813977486,74.1742460785667,75.4634316161848,76.4079173034244,73.5000084218841,78.8081054743894,85.8144366690274,49.0276466639583,48.8605034958382,75.4506139740991,40.0211221841413,43.0279468529019,45.1694371115811
41.9142949368062,41.216114737036,43.8658422085936,39.3319925081956,38.9895136164348,44.1087569188064,44.7387869915726,42.945322406948,45.8816507459506,45.9426739643004,73.5203267173749,46.9512096095296,45.2733109355393,46.1901045548724,55.7822174376413,56.2172577233426,18.42732223274,11.9074516541934,14.9117668323181,0,30.466710220464,30.5520268901979,30.772430783599,63.702013032322,75.3980105216717,93.8472294413002,63.6111369217003,65.2945695217882,47.7852972130069,48.8133244442626,48.4639640233261,53.0345056649655,63.0689406568334,41.4943505469141,53.0066537473946,53.7455370845498,47.3909519457697,68.7036591733326,66.32415579861,67.3046863015452,74.4297047389463,76.8427563008315,75.1678640287627,75.4277025220555,72.6799717031547,72.8029451265419,73.7468308584023,74.3127544349607,72.6801628517013,69.3466946071262,72.3686393162156,24.3882024979837,27.0637465116935,24.4166339931821,22.0796927839573,28.8371431733218,28.9531842319908,27.287798475576,37.2348152333985,34.9392183399302,33.1658649153335,33.9079988159971,31.2106391670146,45.8795482638143,47.8728348336278,46.8911692142485,71.7563696429542,73.4397169079997,73.4819557561745,72.1340256794715,73.4454163631052,74.3897724175479,71.4776147191144,76.7854288322289,83.8012949022448,47.1508215218399,46.9775413656312,73.4613156654849,38.1015029371351,40.955185253578,43.7964627483772
30.6136877611701,30.4926040271159,32.5010968562876,28.7886665074864,28.9126701074447,32.7051649380978,33.2905524767947,32.0690053069482,40.6803123397047,40.6604307395219,60.8134446935884,42.7013113730689,40.8832606654851,41.5047650948957,42.5501466362077,43.2266344750146,33.3254466089766,30.2707279276266,32.7980033856929,30.466710220464,0,11.1183251328706,10.0634994983309,52.3734459438197,62.2252517542647,80.7490409966496,53.0759485034778,54.4898778066823,34.0336876130294,41.1504150573798,40.7400449749596,46.150814763159,49.9810101430368,24.5147510455756,40.1122643926223,40.8662735385451,43.6610593835166,55.8628523724665,53.4720922067755,54.4677982979745,61.6730331212917,64.0890679187122,62.42591964132,62.6884362641887,59.9253524466763,60.0243518770975,60.9826783567986,61.5428635082676,59.9124968118073,56.5825444991465,59.581132580725,22.4133917572706,23.4912385328833,20.7376946909987,25.3327350691272,18.4610067288384,18.2659565683113,17.2759094684612,24.9068774001615,16.7163886058123,16.1640118163037,17.7962643734337,15.594296714683,56.7469563632586,37.2114575288518,36.8097572950322,58.8600007393022,60.5328027069237,60.5805337194594,59.2384812335835,60.7504925505989,61.6930713008568,58.7427932966771,64.0475502431713,71.1522956760921,35.7676867041302,35.5281425426375,60.9233333703394,26.1102829508334,26.4383619577229,38.3132417881385
29.5554220406332,29.5017365819313,31.3549595917469,27.9088195807662,28.0709343437501,31.4859649656163,32.0111436522564,30.9289981979894,39.9113869159115,39.8823744012256,58.9623193401498,42.0055563422766,40.1801521516021,40.7764213505759,40.5813574456246,41.315646271148,33.3621999724947,30.3505717606242,32.8353982040227,30.5520268901979,11.1183251328706,0,6.82022253059902,50.7988536108835,60.2901997696499,78.8266979186107,51.6382665564141,53.0084485394398,31.9345270733403,40.1431416306275,39.7287309114046,45.2187217987182,48.056804503563,20.3858621686794,38.2234809502545,38.9814107519574,43.0009334296847,53.9862890830868,51.5934212136756,52.592057967479,59.8123134679202,62.2289396707027,60.5679914578726,60.8310406140313,58.0652003907381,58.1596795024555,59.1207523692206,59.679826931594,58.0499219372117,54.7206009747228,57.7147857233814,22.8130270119693,23.9704695207195,21.1600574420916,25.595887349113,18.7715385353599,18.7924998850442,17.9202035600251,23.3965729998549,16.0964333256706,14.3553066971086,16.7771656975325,14.0264057923354,56.6887862291303,35.9139363526091,35.4801311075187,56.9735023463002,58.6443755905206,58.6930988848066,57.3521090202225,58.9015640509093,59.8437983422155,56.8863658758709,62.1905358320883,69.312051586602,34.2269102967834,33.9684285117403,59.1094200556531,24.517270508307,24.4291235568382,37.5362008311223
29.7549470472691,29.7034655745381,31.5784911109346,28.0863937085066,28.2524908112152,31.7322466192042,32.2774031573526,31.1706860698667,40.1661238957742,40.1387409292762,59.5668731461768,42.2508653735248,40.4259418038911,41.025816489297,41.2065013238563,41.9135324794062,33.575900857384,30.5729167447089,33.0532169318949,30.772430783599,10.0634994983309,6.82022253059902,0,51.248943509247,60.9593494522803,79.4838422055708,52.0441320750509,53.4268067484427,32.656527207778,40.4351844227198,40.0207655322986,45.5000387942883,48.7057223916538,21.8638789063712,38.8056864689953,39.5563179481287,43.2422269965099,54.6051403892617,52.2137175587654,53.2108787032893,60.420638245698,62.8371905867155,61.1745934335001,61.4376208604321,58.674890169996,58.7721178296014,59.7316780236596,60.2912336871136,58.6613250036051,55.331416683649,58.3282825817365,23.0523864967759,24.1932856700659,21.4134903078368,25.8124850054716,19.1395237082528,19.099711975996,18.178725693764,23.7119080819865,15.5893207122768,14.208429746589,16.6894654590111,14.0753289864866,56.9109073869673,36.2243265970716,35.8381016990997,57.6009526301624,59.2732401098463,59.3211902519758,57.9793733812128,59.504048963873,60.4463566260997,57.4937305362334,62.7981616835857,69.9092672553651,34.6360416126121,34.387024237655,59.6620387425872,24.9085673441649,24.7739760390965,37.7895850924988
58.8841252596997,58.3367002555397,59.8308431748083,57.6024682079581,57.4049068369139,59.08449342574,58.7896774171057,58.1775568190164,64.2645773843321,64.0751022860292,73.4143382573937,67.3651798334172,65.4676828674578,65.6926492422274,60.9276048694956,59.2850824068006,66.1035553219524,63.4619822022483,65.5813990639718,63.702013032322,52.3734459438197,50.7988536108835,51.248943509247,0,79.5643896794781,97.3246348005715,53.6225680491758,50.9083964493962,56.555783359587,60.96153073147,60.601577524328,66.8883982937914,66.4545257157585,59.3514962429161,55.3285771001541,56.1107018542165,68.8196301117926,69.7974883185481,67.523340788755,68.3674584946942,74.7320161616611,77.1231191253023,75.3326956398965,75.5741606865699,72.9975344499585,73.3383867740623,74.153620464074,74.7684744338739,73.1200953870063,69.7514645494096,72.9856682701477,58.3906190703908,59.7574609235798,57.1022055816831,60.0074872978395,56.071953200811,56.249555110303,55.1953263273455,49.3320779651023,55.0943241308537,52.3850387221576,53.4138696876829,49.8651936875915,88.581216877811,58.933718985146,50.4371522013843,73.3740922724873,75.1543453382874,75.1459748386509,73.7438581376495,73.209205519277,74.1659074406983,71.6140512480208,76.9475917673345,83.1401116980405,47.6770497196187,45.7984644326976,71.5099905149009,45.6540270468048,56.0133778129207,61.9927417991683
71.9764682976855,71.7061747026775,73.1772379068633,70.703135740554,70.6952635222843,72.6986543784795,72.6562770530048,72.0661966014085,80.105237029042,79.9931338141449,63.1708495130652,82.7306349279004,80.8661535146685,81.2673913427347,62.6474673120473,61.4948633952323,78.007609721557,75.1707861629919,77.4732154425045,75.3980105216717,62.2252517542647,60.2901997696499,60.9593494522803,79.5643896794781,0,50.4480005535602,83.1821259499581,83.8805026172498,56.8154468274825,78.4899638278421,78.0953099567574,84.0211707741487,50.2082629644696,67.8600849366751,59.49706104108,61.5945645454454,83.9691831681411,56.0193601222805,53.2012724757111,54.1601953346226,64.6212321506327,66.8660823330868,65.7464517971997,65.8232067849133,61.3134403763499,60.7670262400218,61.9267136118825,62.5604406269312,60.6575686389742,57.6700161906094,60.0372133661476,68.9281753477099,70.2694010032522,67.4293753317207,71.1376999933793,65.4344307289889,65.8661649543408,65.029121360765,63.0424031284617,65.4760230320286,62.9081973164302,64.2463996517431,60.814564247865,100.865660290304,74.5905262344555,71.0481572723542,53.7777566197207,54.7446102361011,55.2541236327479,54.398096579194,64.1249227021386,65.1366448416709,60.7347431699935,66.0537256126555,75.7354377725021,68.1083689630046,67.1851294596345,80.1795433332345,60.9754229153244,67.0568633751078,77.7731367164021
90.3258136941519,90.0469185477187,91.5124229892266,89.0585480675972,89.044573401149,91.0192747719124,90.9632542686767,90.3800360802461,98.3604411350485,98.2449339393252,78.1949224054982,101.006847991715,99.1408623337801,99.5343254139859,80.84782308696,79.3937390482729,96.4458884964831,93.6195927347792,95.9125753993677,93.8472294413002,80.7490409966496,78.8266979186107,79.4838422055708,97.3246348005715,50.4480005535602,0,101.053366329128,101.728720140048,75.5549497155516,96.6752109278719,96.2823750312644,102.220123871638,67.9082215181535,86.4362863827932,77.352107301081,79.493584678727,102.255029409987,71.1886435038666,68.299483965385,69.0718930255369,80.1888447868766,82.3600066993639,81.3493441451178,81.3519321720444,76.2547881090034,75.606862962266,76.728359299884,77.4564297415,75.3858494727679,72.5475218872744,74.8163866815935,87.4363210923035,88.7777122058565,85.9489772017128,89.6145386647011,84.0084724554612,84.4228284570412,83.5726429012029,81.3381981613049,83.9608998766521,81.3797323792291,82.7040743893657,79.2609418543349,119.286490278369,92.8305015829857,89.146272315742,66.3444387317804,66.9365753836439,67.7375682400131,67.1763823519654,79.4947724124295,80.5406145258824,75.7978319258681,81.1460691449491,91.2984163377601,86.1881831631391,85.238197987044,97.7644567956429,79.1874272298683,85.460777100206,96.0310122413184
58.9674739136469,58.2684073180148,59.9164999017288,57.5449683593646,57.2410658952153,59.1756382080273,58.8977037019109,58.0795112593968,62.4040252990501,62.1690254807671,77.6277496357752,65.7454157981663,63.8356916163952,63.9671933275745,64.3198291203534,63.1796436309105,65.9489278769919,63.3627249042578,65.4228423762825,63.6111369217003,53.0759485034778,51.6382665564141,52.0441320750509,53.6225680491758,83.1821259499581,101.053366329128,0,40.811897103267,59.2527999219309,58.2432694284804,57.9357248000949,64.2919823018785,70.2260489808857,60.4741588737587,59.4228077970363,60.1898865643601,67.3053516881904,73.9023314357184,71.6123276867796,72.4677914079614,78.9559668369305,81.3423609547807,79.5750956127902,79.8106201655074,77.1755666646977,77.492296320359,78.3182937236262,78.9320626410978,77.2794010016069,73.9190420862804,77.1297060278334,58.6864469284123,60.0746755111938,57.4581937869138,60.1234465491014,56.6824594183909,56.8229957863677,55.7218665653486,49.8982020885991,55.7809755577055,53.1009453244644,54.0399779504484,50.5259184269432,88.2635356778214,58.5072719637964,47.1119532006401,77.3841606473453,79.1509487118312,79.1500254145344,77.7559064196788,77.4609086805177,78.4206255277272,75.8136271483803,81.1468722296742,87.44413320914,49.2810212921479,48.1887729835787,76.9319629925118,46.6383463575571,57.0114717860494,60.2050981601946
60.5402560280378,59.8920016221169,61.4792303622972,59.1740659225953,58.9065155878086,60.7261616547947,60.4315205837851,59.6952133227652,64.7126890535939,64.4953939712136,78.2165062098522,67.9653360766331,66.0595330034873,66.2260748613093,65.019530225097,63.7658447768943,67.6530747607607,65.0492628376048,67.1289348785764,65.2945695217882,54.4898778066823,53.0084485394398,53.4268067484427,50.9083964493962,83.8805026172498,101.728720140048,40.811897103267,0,60.1293228302722,60.8564384218214,60.5233723753297,66.8821190186966,70.8849863576015,61.7598119826998,59.9560310648013,60.7167967577439,69.4867871254182,74.5030879246867,72.215956428214,73.0704470920328,79.5354306518306,81.9235119182695,80.1515330574772,80.3890255478592,77.7678554169761,78.0880540764313,78.9130126657958,79.5263052576511,77.8751451288198,74.5129516422198,77.7270078829577,60.241573450848,61.6220542945871,58.9939855400643,61.7369666111869,58.1376504742864,58.2881941798134,57.2012345365619,51.2590886923828,57.1916915520907,54.4984373058968,55.4644794556712,51.9352727137644,90.0248446250184,60.1728513052058,49.5382386465221,78.0046249565125,79.7738406769506,79.7715100531842,78.3758787129302,78.0409310957816,78.9996241136363,76.4026049469853,81.7355349066149,88.0160376734013,49.8226883636187,48.432846517088,77.2051283888606,47.7789888885799,58.3004926015667,62.4804182702555
44.4125778942976,44.2304882206262,45.6626459910186,43.1771232182153,43.2291011652538,45.2392512384295,45.2505930843096,44.6983174275772,53.4268111588437,53.336408320943,57.3160140487711,55.9312155387658,54.0736970826154,54.5211736069501,35.0670394632386,38.8643903718756,50.4298303986809,47.5628086264244,49.8976532227966,47.7852972130069,34.0336876130294,31.9345270733403,32.656527207778,56.555783359587,56.8154468274825,75.5549497155516,59.2527999219309,60.1293228302722,0,52.2193577924286,51.8066307663928,57.6915514567901,44.3068354005299,39.0549962523215,37.0035577759239,38.2857640135572,57.1159946618388,51.6787421451187,49.2305289351993,50.3090541559602,57.9266139406256,60.3571890312926,58.7565144525242,59.0315323611364,56.1886170528216,56.1666312057911,57.1990591377185,57.7288679165595,56.1119925795203,52.7980120738375,55.6787445316608,41.0999098887541,42.4232838877276,39.5699954289655,43.4081276314596,37.4525131790254,37.8785517463669,37.0597438354411,35.5399771480025,37.2906562984689,34.7012046428287,36.1328184728048,32.6857992067888,73.376672234115,47.6584530686219,45.2619987437047,54.4416078522308,56.0671044875985,56.1381314057204,54.8211236408248,57.3158180028126,58.2502052618435,55.1056026356696,60.3948331501264,67.9522264845677,42.3004044735964,41.6030538699058,59.7500207646729,33.9363249547743,38.6860789732924,51.0662386871709
