IBR/IBR_outputs/all.combrep_1/EucDistWater_Total.Spinifex_Total.VRM_Total/EucDistWater_Total.Spinifex_Total.VRM_Total.asc
NCOLS 160 
NROWS 95 
XLLCORNER 210004.651214014 
YLLCORNER 7350008.22228844 
CELLSIZE 4999.99999999997 
NODATA_value -9999 
[rows 63 to 83 of 95, columns 0 to 45 of 160]
-9999 11.411429561344 12.7004615686524 13.0465577219081 13.565344209477 7.45431707352955 9.08354509264507 11.3264046109942 12.4631690241106 10.2378265745266 7.78940486946183 4.68043291083269 2.72583665377821 9.34813688965879 13.8637469680758 15.2061759272422 14.5067000764691 14.4744624118226 15.6515528673922 16.1924580368988 13.563438258803 10.6307604171974 8.8704349693125 11.313331134956 11.7920715929172 12.3745265332416 12.2300008385043 6.13937337579381 2.6701215292391 5.48539942331049 5.38796652185494 5.80159674812276 6.38220207477727 5.50950597286108 4.39851583593233 2.89839513841194 2.31081680025474 2.6968182103456 5.58534317228118 6.10719198323119 6.37686022511949 8.50743173468598 5.72021980013152 6.72053928946096 5.66408121916843 7.97132829172598
-9999 7.80941067474632 8.61946461428804 9.20696981051572 7.61640720540977 5.98474072953482 8.06136718755911 10.6768548756139 12.7660160427911 11.136072135887 8.86409446340694 6.81957472677126 5.66356181350333 7.33972963271584 13.6622309223436 13.4060055300833 7.81240258735654 9.45242851510973 11.4149233127912 11.3423803175704 7.9147539769378 5.87436147666386 7.08778111236783 7.74602658181178 5.42455880757136 4.07127236509352 4.54698099105741 2.20651862086373 1.25437211959523 3.47489305765344 4.60419667539548 5.18853590578469 4.50596548330125 3.30673700611336 2.6944242586035 2.70050392181887 2.2881156446207 1.16652730261161 7.50661404988483 8.46120096707707 9.85623189456491 7.23882576352072 8.20690799950678 10.797927188487 9.92594894930126 8.36176477379158
-9999 8.52665017286673 8.54775468179077 4.29568891785163 1.81601043369295 5.00497198454534 7.9983935296992 10.6454128296434 13.1686974384445 12.6447662658443 10.95932418374 9.28152473978905 8.54867846003838 6.874881000123 8.99450112406815 6.63362295656425 5.06821850363183 7.58561768828714 10.4296425839288 11.5378387735476 9.33065948420814 8.38186032100275 6.8417591154849 6.18435063358273 3.02352530234085 3.4836080855548 5.57722750661621 6.48325430226778 3.35971416443679 1.42757916866572 2.0150246305413 3.24914514359263 1.27517987622849 1.13390592025212 2.58578473522303 3.87581445495715 3.43112835523243 7.15968964401954 2.90861718863751 6.95616352796768 10.6449122014207 8.21676279994758 8.85278213020005 7.99581618965319 3.28416129122679 6.75909764067627
-9999 11.0391023935381 11.6084723638876 4.96975142111275 4.0923406888064 5.72060445409256 8.68071474195757 10.8580517694493 13.3026602191785 14.7072893511323 13.245891306235 11.1806724809436 8.52035236960463 5.71437958953689 3.11271565998702 4.07911289272725 4.24846362902695 7.23556992704727 10.1550122267424 12.2201626953779 11.0350115676839 9.07063319525208 6.17350674015695 3.72773694964511 3.52644335949528 5.15609998824126 7.77326453108769 12.3659060915775 8.08995497721946 1.81050912543281 1.14641267594003 1.30280039270237 2.5471200445541 3.45741819075288 5.70022572778564 7.52446086755275 5.15865204297701 2.73637768543198 1.56186057959715 2.70542330105344 5.54813268196565 9.46424403629474 3.46262723889014 3.15944944789777 2.45142986514043 6.04190946977394
-9999 17.2889006627565 15.9543986396396 12.2775757597534 7.05537047745489 7.97666898417929 10.2095467967272 12.1243063710974 14.3271135956714 15.9839068665388 13.6976469102548 11.0898383711094 8.40999004197951 5.09550886978224 2.14089650416157 1.64999934453098 4.31264043353609 6.8765822994246 9.38764501643011 11.7408617579209 11.4099270654057 10.0110818705934 6.22781491175917 3.74814898389946 2.31004211433447 3.2990176330465 6.18959238494153 12.1948485015399 9.56537703795962 3.80198200381965 2.07903463060513 1.70854555482381 4.26762142914929 4.55711179710992 7.49115375496504 8.23884668439704 6.88362895116127 5.02051439278214 5.32577550898653 2.19168828272076 2.81364316436716 3.81997048437297 4.40437297600346 8.59356722924489 5.71723683959314 3.2857271306709
-9999 18.7641002417205 18.3349354867353 14.1265850472796 9.81585363945435 10.4959301356279 11.7281017470632 13.7537445277213 16.0831323440053 16.3087812677582 14.1809760306989 11.8920196188297 8.68534076917358 6.19240063422669 3.33253994312378 1.08400230864738 2.75247185691908 5.71980968505686 8.61774252445112 11.5697043963334 12.0958030745674 10.8220718556002 7.87840045736064 9.41702444638222 5.16771506250183 2.03671180221219 6.0953393153882 8.48759429879806 7.28732174601285 3.08150087116503 2.86109057315133 1.81547099545044 5.84970004739671 6.36198612043356 7.48891551003289 9.75443630726611 12.446984544074 9.71551702698068 10.6834238144647 4.35077727575278 2.34613478532615 3.43235398854651 5.67649821447146 6.72412892191083 10.1926989456036 9.33452024126006
-9999 20.885455214679 17.180327655484 13.5401020941824 12.4455219001901 13.200740565604 14.0965331746817 15.0193092508074 16.9664444953827 16.6825529486978 14.5414585748619 12.9271651965487 10.1819802476459 7.88729206048663 5.28685627592636 2.57994675791965 2.35196996458676 5.00049441343974 7.83160275833088 10.599599950015 13.5547073076308 11.7218294353272 8.59870998052362 8.85970752183065 8.63280216710327 3.45317190020846 4.10095357462067 2.99184226824336 4.43613559107884 2.9160538715868 3.0055825149411 1.23051703379331 4.34570028115156 6.14306306051057 7.71797212530306 9.04069011935418 10.3431131660314 12.8578493038419 10.8145347945898 6.89574850169994 3.47613953071732 8.03314874146511 9.24261428787766 9.86906270917848 11.6863014995102 10.056288333265
-9999 20.1251328680285 20.4542991744648 15.2203887024929 14.8844006311101 14.7975890679204 16.0641955207494 17.0406777812611 17.7885543170671 16.6616808409395 15.5383184594803 14.2745169384672 11.7300194247098 8.517483011918 5.33426757222112 1.97517961124207 1.70758624107605 4.72694845762709 7.87645769968773 10.5809255647818 12.9839350968006 11.7391667885861 7.85014689213521 5.16553841898906 6.80022301554315 8.1999354185607 6.70709596804613 2.97380390296841 4.13584226404509 5.32299676921629 5.33810636714943 1.42787486556249 1.7981432348536 6.0319582392233 4.56558514406123 4.55223409216518 5.63803592316927 7.55650821978682 11.3638346447602 11.0004351149048 9.91127998340425 6.65426344223609 8.96028103625102 9.6598550041352 11.6131189663996 13.3135752200642
-9999 -9999 18.9883758580882 16.9848583135378 16.6770271581159 16.4682890732933 16.615725084901 16.8571010167383 17.0613972938169 16.8828381779484 15.7467373020378 13.7230329883484 11.2697649534407 8.46198622689785 5.39263634076942 1.99450231371095 2.25121068935606 4.8250036725928 7.77584430977019 10.3698720631051 10.8825473518565 10.3309335630879 8.69493879063397 6.79938894359039 9.30878061184296 14.4417922211664 13.8011573604926 6.1805998978878 6.1747955776844 6.1190915137799 6.83018435431404 1.62995987528026 1.73476880567428 2.20986400079357 2.69942193581523 1.57415569294967 2.79252663375392 5.81668475645587 7.53381980441154 10.2169008140886 9.84854983463302 7.87297158928745 10.7900213473521 8.99873779775894 11.4417445295352 12.245740320246
-9999 -9999 17.5132610623477 17.087582438725 15.8545866641771 14.9924158281086 14.0910086861247 14.2943053044453 14.8422240697546 15.8062682056062 15.3920428233865 13.8806446971479 11.7406047630672 9.24069884891527 6.15442730480914 2.92208561777903 1.87258767507923 3.68224611996558 6.25115709402015 13.7986390755771 8.7351368167302 8.22440584869528 7.23867750142256 5.92581269823684 12.2549644814762 14.6664448434203 15.8219209196472 11.655289986212 8.33387670376581 6.07897981355044 7.98113247577847 2.52971727422527 4.02808375272916 4.58643872773458 6.36646377001865 8.25223412745001 9.31147404852416 7.69821052178125 6.15875328550005 10.0536829665685 10.0580923120559 8.40716687814374 11.6521986632087 9.18438241907045 10.1957515360476 10.6475019055135
-9999 -9999 16.211068140273 15.3073179397178 13.9855836375555 12.7645995351257 11.7929301702756 11.66694142162 12.1121585605054 15.8503260198068 14.6474691084868 14.2247910788492 12.3366399138394 10.0033473343872 7.23323174440569 4.10210947386903 1.60003255682966 9.25315137287444 10.7957697453826 9.46432212394934 6.69468484212508 7.4262121929432 6.67948074991663 8.86954096973301 14.2776908059084 14.5797398862082 16.6560236494856 13.0484805173395 9.67960789661413 8.85759529751944 6.94002590369008 4.82626537679418 5.81800363268323 3.71227661482224 6.82118275132815 9.32878657302324 7.32394108586766 5.19040435759833 8.49477687594228 7.36825510659269 8.38497935079306 9.24304346137252 10.4676370899484 8.34876709295694 10.6574027124027 13.0887263311041
-9999 -9999 -9999 13.8869753554173 12.4331846087431 10.3883837052921 9.48234145551264 9.23989288432467 10.5296559434298 11.2267307018554 15.3091538488586 14.1639969150256 12.9521360522871 10.6656515217834 8.64071015746974 6.03343631198226 3.53180414179123 2.4051011881421 8.78980293924032 9.15745938762271 11.7953024544516 13.637632546564 12.5961640851033 14.1050419806504 14.1832233493042 15.4161824224211 16.8023011102907 13.9194702474478 11.7540424585135 11.6544236356142 6.27015529531345 6.28930896930243 5.72646188041614 5.34374969462172 12.0085802420572 8.67550335374695 5.82964742909332 5.33624622392393 7.03820215683949 6.05254139010546 8.46470633937813 7.95552532723033 13.1096750965345 8.36909303868397 9.74254428030746 10.9469107454107
-9999 -9999 -9999 15.7392223496597 16.1716991914512 14.2541796794782 10.1317911841137 11.3031096751221 15.2425793708819 14.0812782175211 18.1912784597482 13.2248318801678 12.8394234048755 11.7305347890643 10.0246394188217 7.97615830116202 5.52702580039759 2.36553337991928 4.83530567916424 10.2422159209688 10.6443429132305 11.1956916258074 12.8835063135358 13.6703399186771 15.2240790392704 17.4051325060204 17.9385563165384 16.0442486640582 13.6030723647383 12.0081696008529 8.72701891999093 6.40014607250423 6.46447624926523 7.24369718434024 8.68175612960609 8.97740819427141 7.0592142097432 6.09342616919206 7.68989065010353 9.414467298386 8.16590373422595 8.88146296117032 9.75489996668064 12.2090356846974 8.45891006833113 9.5623239428431
-9999 -9999 -9999 18.2425667724674 16.5525812880546 14.0957236672387 11.5606612844565 10.7086961556062 12.4793941812904 14.5853472942124 17.0074270499016 11.9091048936432 10.6673283269635 10.820685510369 10.5564928226504 13.1165713830977 7.78390593524929 4.28899431950964 1.65496132911607 4.66854540488568 8.84185135049852 8.99278011036184 9.60184611367717 12.5842646959063 16.1690653880043 18.5070709887142 17.596462759905 15.1793800501195 12.2897915701978 9.4203487814905 10.8901225782037 5.97728287231918 5.59354348623341 6.30669935974526 5.19940277445574 6.62104790396214 6.73267855168362 5.81667181695961 7.89238382163614 7.97355024555492 9.19188661487589 9.65650995363186 8.8996696960232 10.1504561048566 9.66464706478709 8.86564802208093
-9999 -9999 -9999 -9999 15.5228927813285 13.5028615156552 10.5940881304623 8.77133061892492 10.8367359827904 13.9022932521323 16.060453408082 10.9716879594019 7.4305913433912 8.47549883709996 8.32859497302707 15.405197221787 9.0745502329409 6.05457890398782 3.41527114910855 1.45839332049942 5.75371554227745 10.5535585653664 10.7432049603638 13.2232352420842 15.4330070894032 16.9748163747689 16.6489151860906 13.745668611059 12.3643147312396 10.3225463209344 11.3908884344799 4.35035481275785 5.0896337561184 7.72478243795176 8.27817713910629 8.36789601008481 7.53767647603666 6.4593576676405 9.72763763601033 9.28677457818161 13.3149157163257 13.0632164859878 11.4886259259192 11.071018818119 12.756875488256 9.96679824402461
-9999 -9999 -9999 -9999 15.1123602108987 10.5034342019452 7.37780192463209 9.01720874753817 12.1807282901007 14.5290475814126 14.8135650458874 12.5908375612439 9.69356712117298 5.61226750565452 5.68089099547869 8.04874313614052 9.64000289624969 7.78782382992593 11.1556491612408 7.8082441999572 2.6127489410631 9.17495790377767 12.6317429445182 12.9416907981017 13.0920567409541 13.9851182381528 14.5439525132592 13.5181232548642 10.1377902885574 9.81002392840493 12.3082625042747 6.1868660115467 3.8470772112389 9.3932525850284 8.95008985708028 7.38775136373908 5.93194796608447 6.35579105426051 9.64677693864076 11.4276753615596 12.8832473588379 16.3704831854948 13.0696404744496 10.3569186822116 15.9611106613155 13.2504581330226
-9999 -9999 -9999 -9999 -9999 5.025176462803 3.18484704789031 2.78695776503625 7.96546396318886 14.4741683672552 11.5155733652668 5.78536733949764 9.28199007762951 3.22568551496331 2.63165188954631 5.19809410743607 9.15509176448961 10.7081591662108 13.9173887514774 11.9169159105658 9.31743732941514 7.55082692269551 9.85457879015809 9.63514781015053 9.77999698613393 11.0210297611728 11.7099923761765 10.5184700093809 10.1813383033181 10.1428922994149 12.5041919979635 11.4606546466342 9.44539733908134 7.41480586135587 8.13967812140529 6.82866521652261 7.16121198911092 7.67139182970047 9.5930628481504 15.4374285454991 11.4342571906966 13.2591453167832 13.6142900171907 12.8910519684034 13.8616289848984 14.4237953867017
-9999 -9999 -9999 -9999 -9999 -9999 9.41077840124209 9.49867393502184 7.01640414798366 8.32289488131059 3.90058029321937 2.17887518781694 4.52374235220656 2.78602258931558 2.63541325590115 5.04081314348713 7.9632118707606 10.0777860242974 15.901195445745 13.846452240565 11.6669347934556 9.43248477698756 8.72079304237774 9.05377629641848 8.57706769987342 8.85170870480465 10.1377452169002 8.55937555005867 8.7093478667643 10.1633706667569 12.4044478973706 11.0305316941123 9.46094597126999 9.22203856692745 5.70924711793323 6.54254955726121 7.77544653125323 6.39486410827724 13.0196438113399 14.8453136398511 12.8017728289172 9.64184159839463 9.16553223238109 12.5914226807027 11.7828751918713 11.6829769220273
-9999 -9999 -9999 -9999 -9999 -9999 -9999 11.1440179465368 3.08847020953103 2.04618400942706 5.76543438585187 8.53320050487328 8.62928354075179 8.34252840438823 6.1171771497911 6.4688706753155 8.04265346948283 10.0942457545884 16.5706918409039 15.7369675426442 14.1054266338228 12.540259951026 11.8940095699775 11.5485456360753 9.04657916490537 8.85251193249121 10.2914270704194 10.2916163499566 8.80267942193367 9.15695070975181 10.3230787896468 12.5948008629174 12.0912937381959 10.4338009379092 8.82072465818007 7.677215918047 9.04568987399696 9.96573977943242 10.8351422729931 14.9995299769957 12.7411876171327 12.4114757059372 12.681299491225 10.0852829317986 8.85541005153482 14.4177992536074
-9999 -9999 -9999 -9999 -9999 -9999 -9999 -9999 1.54217160197905 3.68756733303104 10.6638700557709 10.1862988474537 8.90869010025868 9.61134890250205 12.2531296262787 9.65683250528636 8.42532616380661 5.55127726036784 13.0769151213007 16.7865853023957 16.363970276901 15.5890664832816 15.5119056827671 13.5667772982542 11.4542593355368 8.92167027216644 8.36085334647284 9.56355482213356 8.30799101398721 9.63901241879975 11.7599539053426 13.9591707053987 10.1545264703839 13.5087752762734 12.95079099034 8.12099767332891 10.9974840436734 10.621510221199 10.3915538152763 10.6141443787228 15.4868803315775 14.0885193486522 15.1583491729006 11.3695074051097 10.7851267888404 12.2643002316855
-9999 -9999 -9999 -9999 -9999 -9999 -9999 -9999 -9999 12.6072038263831 13.8314258800469 11.9040310795318 10.059830007155 9.04355258167827 11.7342114373028 11.8738249946349 7.32847125459122 3.15657704995642 5.85292290295784 9.02234806024263 17.3798124444895 17.9400905692894 17.7434197471059 15.7999710678186 13.3719142218688 10.5219417796373 8.94318858766887 8.39783274715282 8.54342908220651 9.99635237909142 13.1627604956674 13.9166494005752 11.2272230872382 11.3854676441354 15.5416959709112 15.4062154514219 12.3660264007683 9.75700212398506 11.1506453081584 10.2071199433969 12.8332758979201 14.4755143593884 10.757264539081 12.3023668308968 12.8719444179595 13.3817624416175
