0.0039373 0.846861 0.149202
9.999E-05 0.863511 0.136389
0.0188607 0.774402 0.206737
0.0169622 0.882177 0.100861
0.0286246 0.951691 0.0196846
0.111865 0.840491 0.047644
0.0197697 0.877474 0.102757
9.999E-05 0.921874 0.0780257
0.0964621 0.651354 0.252184
0.0686461 0.639336 0.292018
0.262036 0.62173 0.116235
0.0773331 0.643946 0.27872
0.324651 0.544094 0.131255
0.118693 0.681001 0.200307
0.0583061 0.690081 0.251613
9.9991E-05 0.866038 0.133862
9.9991E-05 0.714136 0.285764
9.9991E-05 0.866184 0.133716
0.21404 0.188671 0.597289
0.0113263 0.250652 0.738022
0.00078483 0.241659 0.757556
0.0657153 0.0311049 0.90318
0.00239733 9.9991E-05 0.997503
0.0127451 0.0681762 0.919079
9.9991E-05 0.30938 0.69052
9.9991E-05 0.010843 0.989057
0.0907256 9.9991E-05 0.909174
0.0504306 9.9991E-05 0.949469
9.999E-05 9.999E-05 0.9998
0.0716405 0.006734 0.921626
0.0254237 0.0190684 0.955508
0.024612 0.121732 0.853656
0.0213275 0.0603454 0.918327
0.0307545 0.677306 0.29194
0.0171124 0.632541 0.350347
0.0746795 0.713602 0.211719
0.0314552 0.872797 0.0957482
0.144912 0.653315 0.201774
0.38321 9.9991E-05 0.61669
0.0925334 0.0995704 0.807896
0.108099 0.619147 0.272754
0.00224889 0.833165 0.164586
0.183463 0.484223 0.332314
0.318238 0.539424 0.142337
0.303575 0.639302 0.0571229
0.415621 9.9991E-05 0.584279
0.101767 0.587518 0.310714
0.266493 0.592123 0.141384
0.144732 0.44829 0.406977
0.892295 0.0734693 0.0342361
0.87955 0.12035 9.9991E-05
0.843981 0.139889 0.0161295
0.814611 0.185289 9.9991E-05
0.879665 9.9991E-05 0.120235
0.916972 9.9991E-05 0.082928
0.781672 0.218228 9.9991E-05
0.886293 0.0393767 0.0743306
0.914069 9.9991E-05 0.0858314
0.895524 0.0749495 0.0295265
0.753988 0.245912 9.9991E-05
0.902149 9.9991E-05 0.0977506
0.761592 0.141548 0.09686
0.565154 0.380847 0.053999
0.036783 0.117244 0.845973
0.0104445 0.107161 0.882395
9.9991E-05 0.0276836 0.972216
0.815011 0.184412 0.000576765
0.695969 0.303931 9.9991E-05
0.837132 0.101744 0.0611232
0.876317 0.0697632 0.0539198
0.898797 0.0140483 0.0871544
0.365765 0.634135 9.9991E-05
0.318779 0.664547 0.0166742
0.370005 0.602446 0.0275485
0.366155 0.626776 0.00706882
0.310129 0.518787 0.171084
0.33447 0.567736 0.0977942
0.271621 0.608087 0.120292
0.76589 0.23401 9.9991E-05
0.624591 0.240662 0.134747
0.869506 0.0817922 0.0487021
0.859057 9.9991E-05 0.140843
0.808072 0.191828 9.9991E-05
0.0604975 0.14805 0.791453
0.446025 0.382184 0.171791
0.424778 0.575122 9.9991E-05
0.40319 9.9991E-05 0.59671
9.9991E-05 0.73664 0.26326
9.9991E-05 0.811455 0.188445
0.059207 0.737619 0.203174
0.168289 0.532261 0.29945
0.0514215 0.827249 0.12133
0.449205 0.478824 0.0719713
0.0503514 0.291398 0.65825
0.461856 0.518267 0.0198778
0.159092 0.484198 0.35671
9.9991E-05 0.792895 0.207005
9.9991E-05 0.878602 0.121298
0.0341163 0.814148 0.151736
0.120106 0.804578 0.0753154
0.0777541 0.877775 0.0444713
9.9991E-05 0.921228 0.0786719
0.476017 0.460964 0.0630191
0.388681 0.447746 0.163573
0.440165 0.424446 0.135389
0.123986 0.608222 0.267792
0.211601 0.614254 0.174144
0.0671114 0.466945 0.465944
0.819067 0.161921 0.0190119
0.84414 0.108423 0.0474369
0.382921 0.407837 0.209242
0.349426 0.450216 0.200358
0.324867 0.297806 0.377327
0.0203979 0.15718 0.822422
0.821673 0.104339 0.0739883
0.804564 0.170501 0.024935
0.614761 0.385139 9.9991E-05
0.0675126 0.407774 0.524713
9.9991E-05 0.773255 0.226645
0.0139674 0.940901 0.0451316
0.0989992 0.841891 0.0591093
9.9991E-05 0.483625 0.516275
9.9991E-05 0.73867 0.26123
9.9991E-05 0.873439 0.126461
0.0279465 0.971953 9.9991E-05
0.0179899 0.527444 0.454566
0.000642824 0.822574 0.176783
9.9991E-05 0.748059 0.251841
9.9991E-05 0.816523 0.183377
0.117322 0.603512 0.279166
0.0314789 0.818883 0.149638
0.0796445 0.619791 0.300565
9.9991E-05 0.855608 0.144292
0.0102288 0.0493323 0.940439
9.9991E-05 0.0930624 0.906838
9.999E-05 9.999E-05 0.9998
0.0655624 0.0725979 0.86184
0.0519422 0.101162 0.846896
0.124344 0.875556 9.9991E-05
0.0123327 0.736776 0.250891
0.9998 9.999E-05 9.999E-05
0.871226 0.0384901 0.0902838
0.888651 0.0726569 0.0386926
0.797142 0.184789 0.0180694
0.976148 0.0237516 9.9991E-05
0.878479 9.9991E-05 0.121421
0.940437 0.0594635 9.9991E-05
0.943279 9.9991E-05 0.0566212
0.906052 9.9991E-05 0.0938478
0.905834 9.9991E-05 0.0940665
0.903873 0.0960272 9.9991E-05
0.86892 0.123746 0.00733386
0.87868 0.0353998 0.0859205
0.901667 9.9991E-05 0.0982325
0.921854 0.0780458 9.9991E-05
0.974513 0.0253865 9.9991E-05
0.923597 9.9991E-05 0.076303
0.392957 0.606943 9.9991E-05
0.249623 0.750277 9.9991E-05
0.968711 0.031189 9.9991E-05
0.738952 0.203065 0.0579826
0.966912 9.9991E-05 0.0329881
0.364796 0.635104 9.9991E-05
9.9991E-05 0.966297 0.0336029
9.9991E-05 0.733814 0.266086
0.0405152 0.530842 0.428643
9.9991E-05 0.343122 0.656778
0.0380353 0.141402 0.820563
0.0427479 0.0430305 0.914222
9.9991E-05 0.192278 0.807622
9.9991E-05 0.110525 0.889375
0.0953182 0.120702 0.78398
0.100547 9.9991E-05 0.899353
9.9991E-05 0.863022 0.136878
0.105465 0.750304 0.144231
0.066282 0.933618 9.9991E-05
9.999E-05 0.9998 9.999E-05
0.0254763 0.972346 0.00217767
0.0696939 0.885735 0.0445709
0.0119736 0.713905 0.274121
0.063318 0.632729 0.303953
0.0466787 0.79694 0.156381
0.0645087 0.74932 0.186171
0.0578035 0.774608 0.167589
0.151669 0.0159152 0.832416
0.873747 0.063724 0.0625287
0.900017 9.9991E-05 0.0998833
0.934205 0.036622 0.0291735
0.810898 0.189002 9.9991E-05
0.847615 0.0425652 0.10982
0.155606 0.519763 0.32463
0.0250763 0.655411 0.319512
9.9991E-05 0.791708 0.208192
0.0117349 0.611211 0.377054
