0.0178056 0.805016 0.0237142 0.153464
9.999E-05 0.799514 0.0448814 0.155504
9.999E-05 0.673608 0.0324882 0.293804
0.00569223 0.859363 0.0285568 0.106388
0.0406936 0.899341 0.0124072 0.0475583
0.0460522 0.944644 0.00920406 9.9991E-05
0.0629657 0.837863 9.9991E-05 0.0990714
9.999E-05 0.901939 0.0685539 0.0294069
0.0895784 0.65077 0.0296897 0.229962
0.0419426 0.655966 0.0189608 0.283131
0.199629 0.654036 0.0737806 0.0725538
0.028952 0.627744 0.0460107 0.297293
0.299853 0.574904 0.0430831 0.0821596
0.126348 0.644808 9.9991E-05 0.228744
0.0531332 0.631224 0.0435204 0.272122
9.9991E-05 0.822285 0.0225452 0.15507
0.0202702 0.630895 0.00814087 0.340693
9.9991E-05 0.860903 0.0291471 0.10985
0.173339 0.208304 0.0438621 0.574495
0.0359575 0.233208 9.9991E-05 0.730734
9.9991E-05 0.274324 0.00152204 0.724054
0.0754237 0.0341014 0.0200295 0.870445
9.9982E-05 9.9982E-05 0.0420605 0.95774
0.0204044 0.0564128 0.0348775 0.888305
9.9982E-05 0.224928 9.9982E-05 0.774872
9.9982E-05 9.9982E-05 0.0193465 0.980454
0.060125 9.9991E-05 0.0282812 0.911494
0.0634054 0.00158595 0.053175 0.881834
0.0222245 9.9982E-05 9.9982E-05 0.977575
0.0725865 0.0350469 9.9991E-05 0.892267
0.0463121 9.9982E-05 9.9982E-05 0.953488
0.0350205 0.0081241 0.0293049 0.92755
9.9991E-05 0.0643204 0.0679256 0.867654
0.0322258 0.72148 0.0641001 0.182195
9.9982E-05 0.629607 9.9982E-05 0.370193
0.0892081 0.766147 9.9991E-05 0.144545
0.04078 0.88842 0.0474565 0.0233435
0.121839 0.638909 0.0349163 0.204336
9.998E-05 9.998E-05 0.9997 9.998E-05
0.0414836 9.9991E-05 0.0259442 0.932472
0.101774 0.657521 0.0119482 0.228757
9.9991E-05 0.821762 0.00315337 0.174984
0.155871 0.491607 0.0304737 0.322049
0.320063 0.46976 0.0695655 0.140611
0.285797 0.653895 0.0264546 0.0338541
9.998E-05 9.998E-05 0.9997 9.998E-05
0.0521687 0.604061 0.0785499 0.265221
0.226566 0.555252 9.9991E-05 0.218082
0.135413 0.453659 0.0373915 0.373536
0.854776 0.0929351 0.0316689 0.0206204
0.891406 9.9991E-05 0.0538332 0.0546605
0.863081 0.0917108 0.00975798 0.0354502
0.77522 0.184573 0.0401073 9.9991E-05
0.86051 9.9991E-05 0.0459059 0.093484
0.872649 9.9982E-05 9.9982E-05 0.127151
0.758187 0.241613 9.9982E-05 9.9982E-05
0.875611 0.0205447 0.0267915 0.0770524
0.858388 9.9991E-05 0.03626 0.105252
0.877859 0.0578862 0.064155 9.9991E-05
0.680209 0.267671 0.0520195 9.9991E-05
0.892212 9.9982E-05 9.9982E-05 0.107588
0.808342 0.140038 9.9991E-05 0.0515191
0.511993 0.387786 0.0957521 0.00446908
0.0612573 0.0310903 0.0212708 0.886382
0.00736664 0.0850486 0.0284254 0.879159
9.9991E-05 0.00363663 0.00959184 0.986672
0.805053 0.173545 0.0145258 0.00687566
0.656824 0.248194 0.0614661 0.0335162
0.812135 0.0962567 0.0293343 0.0622736
0.843864 0.108978 0.0470575 9.9991E-05
0.864019 0.0592208 0.0766598 9.9991E-05
0.335401 0.648908 0.0155913 9.9991E-05
0.306472 0.625342 0.0167243 0.0514619
0.327024 0.604657 0.0157553 0.0525633
0.301301 0.650397 0.048202 9.9991E-05
0.270605 0.517382 0.0481029 0.16391
0.307915 0.573011 0.0325729 0.0865015
0.250188 0.583526 0.0225129 0.143773
0.768115 0.231685 9.9982E-05 9.9982E-05
0.558176 0.223996 0.122974 0.0948542
0.826736 0.0994772 0.0276214 0.0461653
0.861072 9.9991E-05 0.029697 0.109131
0.757193 0.198796 0.0434063 0.000604223
0.0655833 0.156052 0.0341305 0.744235
0.457412 0.422856 9.9991E-05 0.119631
0.365397 0.634403 9.9982E-05 9.9982E-05
9.998E-05 9.998E-05 0.9997 9.998E-05
9.9991E-05 0.753803 0.00202709 0.24407
9.9991E-05 0.769574 0.0338 0.196526
0.0469806 0.684274 0.0371882 0.231558
0.171742 0.506086 0.0485588 0.273614
0.0175474 0.83106 9.9991E-05 0.151292
0.461043 0.44247 9.9991E-05 0.0963868
0.0733755 0.216728 0.0505491 0.659347
0.378859 0.524338 0.0967028 9.9991E-05
0.132788 0.498566 0.043523 0.325123
9.9982E-05 0.722917 9.9982E-05 0.276883
0.0219229 0.864226 9.9991E-05 0.113751
0.0268986 0.755174 9.9991E-05 0.217827
0.0652754 0.847111 0.0398474 0.0477666
0.0342527 0.872025 0.0226846 0.0710375
9.9991E-05 0.868495 0.0337947 0.0976101
0.443797 0.461434 0.0279442 0.0668249
0.327917 0.497486 0.0780098 0.096588
0.415963 0.458552 0.0737255 0.0517593
0.121403 0.643972 0.00453847 0.230087
0.250248 0.54322 9.9991E-05 0.206432
0.0324033 0.455868 9.9991E-05 0.511629
0.803484 0.108299 0.0304377 0.0577795
0.816581 0.126833 0.0286443 0.0279419
0.361399 0.412429 0.00471035 0.221462
0.292254 0.511292 0.0273945 0.16906
0.285549 0.306251 0.0423428 0.365857
0.0165956 0.198036 9.9991E-05 0.785269
0.772244 0.0920506 0.0362544 0.0994515
0.778238 0.188562 0.00174058 0.0314601
0.660149 0.339651 9.9982E-05 9.9982E-05
0.0188062 0.34815 0.070526 0.562518
0.0532859 0.662611 0.0139694 0.270134
0.0470552 0.818432 0.0458178 0.0886953
0.0919958 0.745519 9.9991E-05 0.162385
9.9982E-05 0.464652 9.9982E-05 0.535148
0.00228524 0.71192 0.0183763 0.267419
9.9982E-05 0.879457 9.9982E-05 0.120343
0.0200792 0.912445 0.0128518 0.0546241
0.0375955 0.567983 9.9991E-05 0.394321
9.9991E-05 0.83299 0.00532526 0.161585
9.9991E-05 0.736269 0.0345413 0.22909
0.00820281 0.79776 0.0253278 0.168709
0.12147 0.509263 0.0262232 0.343044
0.0405547 0.7961 0.0412974 0.122048
0.0461457 0.648046 0.00919834 0.29661
9.9991E-05 0.829618 0.0074652 0.162817
0.0414582 0.016223 9.9991E-05 0.942219
9.9982E-05 0.0476398 9.9982E-05 0.95216
9.9982E-05 9.9982E-05 0.0454931 0.954307
0.0514351 0.090949 0.0064575 0.851158
0.0358604 0.0707143 0.0177637 0.875662
0.108139 0.837716 0.00168999 0.0524548
9.9991E-05 0.767275 0.0230104 0.209615
0.9997 9.998E-05 9.998E-05 9.998E-05
0.850846 0.0332065 0.0221639 0.0937839
0.919133 0.0662162 0.0145511 9.9991E-05
0.717233 0.250703 0.00180082 0.0302635
0.919649 0.0386197 0.0416309 9.9991E-05
0.847937 9.9991E-05 0.0168024 0.135161
0.958465 0.0173499 0.0240846 9.9991E-05
0.87277 9.9982E-05 9.9982E-05 0.12703
0.89775 9.9982E-05 9.9982E-05 0.10205
0.885387 9.9991E-05 0.00632718 0.108186
0.842624 0.100917 0.0563588 9.9991E-05
0.826833 0.0586043 0.0435129 0.0710499
0.828481 0.122692 0.022526 0.026301
0.909079 9.9991E-05 0.0101265 0.0806949
0.925997 0.0734842 0.000418932 9.9991E-05
0.947692 0.00421746 0.0479908 9.9991E-05
0.901997 0.0100011 0.024031 0.0639712
0.426367 0.573433 9.9982E-05 9.9982E-05
0.236041 0.678159 0.0189344 0.0668652
0.982068 0.0177318 9.9982E-05 9.9982E-05
0.676727 0.266903 0.00995316 0.046417
0.969123 9.9982E-05 9.9982E-05 0.0306768
0.344687 0.655113 9.9982E-05 9.9982E-05
0.00957551 0.908737 0.0142643 0.0674236
9.9991E-05 0.664117 0.0332126 0.302571
0.0608606 0.461247 9.9991E-05 0.477792
0.0190855 0.286657 0.00831334 0.685944
0.0174111 0.0818567 9.9991E-05 0.900632
0.0233922 0.0420809 9.9991E-05 0.934427
9.9991E-05 0.134115 0.0165354 0.84925
0.0286953 0.118665 0.0172115 0.835428
0.103076 0.0318964 0.0357763 0.829251
0.0507178 0.121567 0.0379809 0.789734
9.9991E-05 0.84999 0.01533 0.13458
0.0566812 0.822808 0.0544286 0.0660819
0.0329641 0.922245 0.0446909 9.9991E-05
0.0304029 0.965687 0.00380962 9.9991E-05
0.00433079 0.951882 0.00804081 0.0357462
0.105416 0.894384 9.9982E-05 9.9982E-05
0.022715 0.673171 0.0186199 0.285494
0.0384666 0.673149 0.041154 0.247231
0.033201 0.811418 0.0648333 0.0905482
0.0495489 0.663215 0.0385854 0.248651
0.0391002 0.767562 0.0293901 0.163948
0.108168 0.0260976 0.142682 0.723052
0.827814 0.105285 0.0375051 0.0293961
0.824656 9.9991E-05 0.042416 0.132828
0.957632 0.0280095 0.0012426 0.0131162
0.76431 0.145066 0.0160457 0.0745781
0.844531 9.9991E-05 0.0392899 0.116079
0.143311 0.495536 0.0276929 0.333461
9.9991E-05 0.613706 0.0407077 0.345486
9.9991E-05 0.738494 0.0612666 0.200139
9.9991E-05 0.609564 0.0527119 0.337624
