0.0106331 0.776753 0.101906 0.0160804 0.0946281
0.0238456 0.774982 0.0859215 9.9991E-05 0.115151
0.0209747 0.594766 0.240707 9.9991E-05 0.143452
0.0136598 0.750508 9.9991E-05 0.000428619 0.235303
0.00708311 0.912704 0.00267534 0.0774373 9.9991E-05
9.999E-05 0.779001 0.0509007 0.0565711 0.113427
9.9991E-05 0.714716 0.0314798 0.0187684 0.234936
0.0253947 0.845836 9.9982E-05 9.9982E-05 0.128569
0.0424698 0.664909 0.180054 0.112467 9.9991E-05
0.0115745 0.493729 0.20402 9.9991E-05 0.290577
0.0563003 0.372238 0.0858823 0.03496 0.450619
0.0275482 0.389052 0.222844 9.9991E-05 0.360455
0.0188975 0.0522773 0.112578 0.0654519 0.750795
9.999E-05 0.506954 0.237004 0.0472078 0.208734
0.0602703 0.698198 0.155855 0.0855764 9.9991E-05
0.0083916 0.698928 0.155881 9.9991E-05 0.136699
9.999E-05 0.665549 0.274522 0.0404431 0.0193864
0.0265785 0.845476 0.106772 0.0210734 9.9991E-05
0.0678274 0.125466 0.500679 0.137744 0.168283
9.9982E-05 0.137526 0.743882 9.9982E-05 0.118392
0.0291734 0.230667 0.735083 0.00497622 9.9991E-05
0.0130668 0.00560458 0.818565 9.9991E-05 0.162664
0.0591375 9.9991E-05 0.890486 0.0218578 0.0284189
0.0405866 0.0726065 0.801615 0.0264892 0.0587025
9.9991E-05 0.255745 0.701297 0.0117643 0.0310936
0.00740291 0.0275446 0.964853 9.9982E-05 9.9982E-05
0.0398813 9.9982E-05 0.878391 0.0815281 9.9982E-05
0.046823 0.0173257 0.87403 0.0617218 9.9991E-05
9.9973E-05 9.9973E-05 0.994984 0.00471584 9.9973E-05
9.9982E-05 0.0145945 0.9119 0.0733051 9.9982E-05
0.0156733 9.9982E-05 0.954401 0.0297259 9.9982E-05
0.0360544 0.0645982 0.862391 0.0368567 9.9991E-05
0.0593825 0.0486703 0.850639 0.0128666 0.0284411
0.0591637 0.476065 0.216274 9.9991E-05 0.248397
9.9982E-05 0.681789 0.265015 0.0529964 9.9982E-05
9.99841E-05 0.753214 0.145409 0.101176 9.99841E-05
0.0295672 0.708139 0.0516826 9.9991E-05 0.210511
0.0128847 0.572122 0.125038 0.106045 0.183911
0.9996 9.997E-05 9.997E-05 9.997E-05 9.997E-05
0.0328413 9.9982E-05 0.742281 9.9982E-05 0.224677
9.9982E-05 0.708268 0.170069 0.121463 9.9982E-05
9.9982E-05 0.623048 0.179684 9.9982E-05 0.197068
0.00651553 0.334439 0.303568 0.144371 0.211107
0.062643 0.0868721 0.114367 0.0532024 0.682916
0.00136561 9.9982E-05 0.0281849 9.9982E-05 0.97025
0.9996 9.997E-05 9.997E-05 9.997E-05 9.997E-05
0.0628503 0.479941 0.2311 0.0108981 0.21521
9.9991E-05 0.345518 0.198745 0.145092 0.310546
0.0204618 0.380869 0.308829 0.0902044 0.199636
0.0220377 9.9991E-05 0.00651684 0.727697 0.243649
0.0295451 9.9991E-05 0.0237711 0.797484 0.1491
9.9973E-05 0.201727 9.9973E-05 0.797973 9.9973E-05
0.0532663 0.0288215 9.9991E-05 0.647744 0.270068
0.0517513 0.0292264 0.0586112 0.860311 9.9991E-05
9.9982E-05 0.0287202 0.111684 0.859396 9.9982E-05
9.9982E-05 0.249856 9.9982E-05 0.722029 0.0279152
0.0141624 0.0768111 0.0340824 0.81168 0.0632646
0.0263007 9.9982E-05 0.120971 0.852528 9.9982E-05
0.0415247 0.062855 9.9991E-05 0.810507 0.0850132
0.034747 0.0162549 9.9991E-05 0.538753 0.410145
0.00114984 9.9991E-05 0.127339 0.839344 0.0320674
0.00382684 0.0189041 0.0567831 0.63976 0.280726
0.0650134 9.9982E-05 9.9982E-05 0.226379 0.708407
0.0347231 0.161629 0.763221 0.0403267 9.9991E-05
0.0340026 0.0955018 0.767577 0.0440877 0.0588306
0.0294362 0.152324 0.81804 9.9982E-05 9.9982E-05
0.029555 0.098197 0.0195007 0.731756 0.120991
0.0716408 9.9982E-05 9.9982E-05 0.43226 0.495899
0.0127628 0.0913564 0.0258611 0.780809 0.089211
0.0360262 9.9982E-05 9.9982E-05 0.664639 0.299135
0.0357439 0.0904506 0.0137915 0.859914 9.9991E-05
9.9982E-05 0.225319 9.9982E-05 0.0913828 0.683098
0.00219586 0.112794 0.0130233 0.00834166 0.863645
9.9982E-05 0.100013 9.9982E-05 0.0687531 0.831034
0.0190678 9.9973E-05 9.9973E-05 9.9973E-05 0.980632
0.0235751 9.9982E-05 0.126071 9.9982E-05 0.850154
0.0157121 9.9973E-05 9.9973E-05 9.9973E-05 0.983988
0.0258415 0.135611 0.0780707 0.0208657 0.739611
9.9982E-05 0.106359 9.9982E-05 0.657824 0.235617
0.121448 0.0887947 0.0209389 0.370306 0.398512
0.0130605 9.9991E-05 0.0701484 0.701412 0.215279
0.0508771 9.9991E-05 0.072364 0.702956 0.173703
0.0410079 0.183751 9.9991E-05 0.772638 0.00250364
0.0364093 0.0458008 0.704143 0.0161306 0.197516
0.000101417 0.065709 0.204887 0.275464 0.453839
9.9973E-05 9.9973E-05 9.9973E-05 0.0685092 0.931191
0.9996 9.997E-05 9.997E-05 9.997E-05 9.997E-05
0.0167108 0.677776 0.166462 9.9991E-05 0.13895
0.0133491 0.708901 0.160739 9.9991E-05 0.116911
0.0504796 0.594109 0.143328 0.0426305 0.169454
0.0529717 0.362926 0.248307 0.0712455 0.26455
9.9991E-05 0.745912 0.0760538 0.0196157 0.158318
9.9982E-05 9.9982E-05 0.0179679 0.146979 0.834853
0.0463865 0.166606 0.597655 0.00242871 0.186923
0.0783065 0.0521127 9.9991E-05 0.163031 0.70645
0.0201057 0.294419 0.290953 0.0381844 0.356338
9.99731E-05 0.801849 0.197851 9.99731E-05 9.99731E-05
9.9982E-05 0.690721 0.0699834 9.9982E-05 0.239096
9.9982E-05 0.553055 0.180614 9.9982E-05 0.266131
0.00329168 0.719973 9.9991E-05 0.0511696 0.225465
0.0236351 0.611125 0.0204545 9.9991E-05 0.344685
0.0049607 0.669769 0.0876703 9.9991E-05 0.2375
0.0365362 9.9991E-05 0.0580476 0.156098 0.749218
0.107433 0.116723 0.0792083 0.0824521 0.614183
0.0815347 0.0137987 0.0428102 0.131294 0.730562
9.9982E-05 0.193298 0.257019 9.9982E-05 0.549482
9.9991E-05 0.321508 0.175981 0.109204 0.393206
9.9982E-05 0.488612 0.444292 0.0668955 9.9982E-05
0.023391 0.20422 0.0109364 0.761353 9.9991E-05
0.0268664 0.0139457 9.9991E-05 0.759398 0.19969
9.9982E-05 9.9982E-05 0.161963 0.135822 0.702015
0.0260088 0.171649 0.0810864 0.111205 0.610052
0.0417423 9.9991E-05 0.298148 0.0979105 0.562099
9.9973E-05 9.9973E-05 0.729507 9.9973E-05 0.270193
0.034929 9.9991E-05 0.124203 0.662631 0.178137
9.9991E-05 0.0366819 0.00798792 0.627966 0.327264
9.9982E-05 0.0910094 9.9982E-05 0.483044 0.425746
0.0602664 0.352695 0.48344 0.0565981 0.0470002
0.0188503 0.668994 0.227261 0.0721366 0.0127584
0.0303843 0.76789 9.9991E-05 0.0407389 0.160887
9.9991E-05 0.813002 0.0716425 0.108259 0.00699669
9.9973E-05 0.611066 0.388634 9.9973E-05 9.9973E-05
0.0104578 0.659012 0.212426 9.9991E-05 0.118004
9.9982E-05 0.793548 0.159265 0.0469873 9.9982E-05
9.9982E-05 0.869921 0.0460555 0.0838232 9.9982E-05
9.9991E-05 0.44727 0.366167 0.00776187 0.178701
9.9982E-05 0.682025 0.145379 9.9982E-05 0.172395
0.0655369 0.689209 0.16258 9.9991E-05 0.0825738
0.0226461 0.670075 0.149789 9.9991E-05 0.15739
0.00777823 0.444053 0.311255 0.139985 0.0969282
0.0523913 0.730282 0.0192266 0.013973 0.184127
0.0156911 0.403905 0.252415 9.9991E-05 0.327889
0.0130629 0.771352 0.0577625 0.0320399 0.125783
9.9982E-05 0.0392466 0.885351 9.9982E-05 0.0752025
9.9982E-05 0.0648369 0.918834 9.9982E-05 0.016129
0.0239943 0.0640213 0.911784 9.9982E-05 9.9982E-05
0.0121523 0.0625736 0.823051 0.0672316 0.0349914
0.0205001 0.0178419 0.83401 0.0184127 0.109236
9.9982E-05 0.668517 9.9982E-05 0.0458557 0.285427
0.0197988 0.718778 0.150017 0.00915494 0.102251
9.9973E-05 9.9973E-05 9.9973E-05 0.888537 0.111163
0.031687 0.00603015 0.0934397 0.763865 0.104978
0.0142365 0.0711449 9.9982E-05 0.914419 9.9982E-05
0.000451664 0.020442 0.0392392 0.641931 0.297937
0.0286886 0.0706395 9.9991E-05 0.870403 0.0301692
0.0207607 9.9982E-05 0.126466 0.852573 9.9982E-05
0.0374725 0.0473527 9.9991E-05 0.900119 0.0149563
9.9982E-05 9.9982E-05 0.0970315 0.822964 0.0798049
9.9982E-05 9.9982E-05 0.0795435 0.829858 0.0903988
9.9991E-05 0.0507815 0.0828267 0.86395 0.00234175
0.0625221 0.0789257 9.9991E-05 0.808496 0.0499567
0.0562625 0.0949974 0.0366071 0.785652 0.0264811
0.00948693 0.0918033 0.0475797 0.826788 0.0243425
0.0181726 0.0120367 0.048322 0.921369 9.9991E-05
0.00466879 9.9982E-05 9.9982E-05 0.824133 0.170999
0.0189531 0.0821097 9.9982E-05 0.898737 9.9982E-05
0.00615095 0.0567577 0.054886 0.882105 9.9991E-05
0.000533259 0.0437903 0.104641 0.113655 0.73738
9.9982E-05 0.043939 0.0126154 9.9982E-05 0.943246
9.9982E-05 0.0463483 9.9982E-05 0.832207 0.121245
0.0175533 0.264744 9.9982E-05 0.717502 9.9982E-05
9.9982E-05 9.9982E-05 0.0153696 0.82878 0.15565
9.9982E-05 0.127967 9.9982E-05 0.0818458 0.789987
0.00449209 0.870543 0.00726071 9.9991E-05 0.117604
0.0391252 0.763015 0.19766 9.9982E-05 9.9982E-05
9.9991E-05 0.319597 0.454066 0.031565 0.194672
9.9982E-05 0.224348 0.669629 9.9982E-05 0.105823
9.9973E-05 9.9973E-05 0.806688 9.9973E-05 0.193012
0.00568623 0.0503032 0.891659 0.0443241 0.00802775
0.00648875 0.107776 0.754643 9.9991E-05 0.130993
0.0259123 0.0818239 0.768877 9.9991E-05 0.123287
0.0182942 9.9991E-05 0.780511 0.0753326 0.125763
0.0469008 0.075577 0.807196 0.0617154 0.00861038
9.9991E-05 0.752757 0.13729 0.0486162 0.0612372
0.0494277 0.740791 0.0217781 0.0279818 0.160022
0.0296786 0.782642 9.9991E-05 0.0309783 0.156602
0.0029268 0.834393 9.9982E-05 9.9982E-05 0.16248
0.0222762 0.9001 9.9991E-05 0.0340826 0.0434416
9.9982E-05 0.654982 0.00429441 9.9982E-05 0.340524
0.0202834 0.590559 0.165677 9.9991E-05 0.22338
0.0138672 0.41633 0.242863 0.00191972 0.32502
0.0582656 0.714671 0.0512144 0.00437322 0.171476
0.0161842 0.646902 0.11039 0.0553588 0.171165
0.0468961 0.732863 0.134506 0.0642538 0.0214812
0.149744 9.9991E-05 0.684161 0.0153657 0.150629
9.9991E-05 0.0594799 0.0475755 0.795673 0.0971715
0.0494479 9.9991E-05 0.117688 0.820627 0.0121373
0.0055041 9.9982E-05 9.9982E-05 0.825394 0.168902
0.0123629 0.140049 9.9991E-05 0.708101 0.139387
0.00658344 0.0828107 0.0838952 0.807471 0.0192395
0.0360797 0.453693 0.247963 0.114164 0.148101
0.0293184 0.614834 0.28518 0.0196119 0.0510555
0.0754371 0.826989 0.0880607 0.00941282 9.9991E-05
0.065319 0.537118 0.257756 9.9991E-05 0.139707
