0.0344838 0.139619 0.825897
9.999E-05 0.154218 0.845682
0.0312768 0.269567 0.699157
9.999E-05 0.0938776 0.906022
0.0467276 0.0254237 0.927849
0.0612176 9.9991E-05 0.938682
0.0414767 0.129243 0.82928
9.999E-05 0.0242048 0.975695
0.0770446 0.263156 0.6598
0.0375022 0.303101 0.659397
0.228716 0.109864 0.66142
0.0665046 0.320337 0.613158
0.341486 0.152964 0.505549
0.120505 0.230176 0.649319
0.0706855 0.270742 0.658573
9.9991E-05 0.131912 0.867988
9.9991E-05 0.277301 0.722599
9.9991E-05 0.127611 0.872289
0.19394 0.700222 0.105838
0.0251139 0.7727 0.202186
9.9991E-05 0.800213 0.199687
0.0459626 0.931005 0.023032
0.00792993 0.99197 9.9991E-05
0.0245011 0.854986 0.120512
0.00793114 0.696569 0.2955
9.9991E-05 0.98816 0.0117401
0.047318 0.952582 9.9991E-05
0.0759058 0.923994 9.9991E-05
9.999E-05 0.9998 9.999E-05
0.0827338 0.901744 0.015522
0.0270755 0.972824 9.9991E-05
0.033241 0.878606 0.0881531
0.0234702 0.97643 9.9991E-05
0.0568717 0.268029 0.675099
0.00931506 0.333978 0.656707
0.0688813 0.20969 0.721428
0.0302166 0.146556 0.823227
0.121483 0.185719 0.692798
0.372107 0.627793 9.9991E-05
0.0633018 0.872611 0.0640876
0.118332 0.206052 0.675617
9.9991E-05 0.219965 0.779935
0.185792 0.337987 0.47622
0.343783 0.202172 0.454046
0.342523 0.0477817 0.609695
0.386582 0.613318 9.9991E-05
0.0746261 0.277206 0.648167
0.2521 0.136673 0.611227
0.166888 0.427649 0.405462
0.871833 0.038961 0.0892061
0.898681 0.0653354 0.0359841
0.851604 0.0031245 0.145271
0.859996 9.9991E-05 0.139904
0.912074 0.0878263 9.9991E-05
0.915155 0.0356766 0.0491683
0.743926 9.9991E-05 0.255974
0.915241 0.0587564 0.0260027
0.907746 0.0921541 9.9991E-05
0.897736 9.9991E-05 0.102164
0.742427 9.9991E-05 0.257473
0.912656 0.0872437 9.9991E-05
0.797157 0.114132 0.0887103
0.539157 0.12177 0.339074
0.0421165 0.80434 0.153544
9.9991E-05 0.875857 0.124043
9.9991E-05 0.944479 0.0554207
0.815269 0.0271988 0.157532
0.725469 0.0502343 0.224297
0.846986 0.08398 0.0690342
0.851252 0.0853642 0.0633833
0.918826 0.0674724 0.0137016
0.361392 9.9991E-05 0.638508
0.313706 0.0339996 0.652294
0.383446 9.9991E-05 0.616454
0.329075 0.0211812 0.649744
0.279243 0.130094 0.590662
0.34425 0.0631508 0.592599
0.290429 0.113149 0.596422
0.753851 9.9991E-05 0.246049
0.602155 0.0785372 0.319307
0.824935 0.174965 9.9991E-05
0.854787 0.145113 9.9991E-05
0.825765 9.9991E-05 0.174135
0.0962088 0.802329 0.101463
0.516297 0.0711728 0.41253
0.440571 9.9991E-05 0.559329
0.419458 0.580442 9.9991E-05
9.9991E-05 0.1956 0.8043
9.9991E-05 0.203168 0.796732
0.0499708 0.200505 0.749524
0.156726 0.329049 0.514224
0.0323246 0.10065 0.867025
0.481639 9.9991E-05 0.518261
0.0641027 0.694196 0.241702
0.455263 0.0229545 0.521782
0.194461 0.33566 0.469879
9.9991E-05 0.217388 0.782512
0.0474628 0.0721776 0.88036
0.0307817 0.195081 0.774137
0.067037 0.0704502 0.862513
0.0300653 0.0569708 0.912964
9.9991E-05 0.0718005 0.928099
0.454967 0.0785586 0.466474
0.366227 0.166314 0.467459
0.453147 0.117382 0.429471
0.119306 0.27799 0.602704
0.230958 0.126973 0.64207
0.0323605 0.514303 0.453336
0.845676 0.0394671 0.114857
0.865609 0.0420277 0.0923637
0.372895 0.176769 0.450336
0.363743 0.162717 0.47354
0.309488 0.359868 0.330644
0.0133626 0.861203 0.125434
0.841567 0.128361 0.0300716
0.77284 0.00360652 0.223553
0.625175 9.9991E-05 0.374725
0.0555875 0.603955 0.340457
0.0245053 0.3599 0.615594
0.0402129 0.0305717 0.929215
0.0733138 0.112288 0.814398
9.9991E-05 0.46155 0.53835
9.9991E-05 0.237061 0.762839
9.9991E-05 0.116126 0.883774
0.0409847 9.9991E-05 0.958915
0.0346322 0.439904 0.525464
9.9991E-05 0.163685 0.836215
9.9991E-05 0.208499 0.791401
9.9991E-05 0.137958 0.861942
0.100817 0.270893 0.628291
0.0829416 0.0874744 0.829584
0.0477035 0.283914 0.668383
0.0126341 0.0577571 0.929609
0.0228857 0.915943 0.0611717
9.9991E-05 0.967619 0.0322813
9.9991E-05 0.983112 0.0167879
0.083742 0.882576 0.0336825
0.0579004 0.936013 0.00608648
0.0938087 0.000804324 0.905387
0.00873307 0.16708 0.824187
0.9998 9.999E-05 9.999E-05
0.904899 0.0840629 0.0110378
0.924549 0.0185739 0.0568767
0.732605 0.0546988 0.212696
0.943243 0.000126161 0.0566306
0.889777 0.110123 9.9991E-05
0.938623 0.00487772 0.0564988
0.94001 0.05989 9.9991E-05
0.878027 0.121873 9.9991E-05
0.912073 0.0878274 9.9991E-05
0.914255 9.9991E-05 0.0856446
0.84209 0.0466488 0.111262
0.862637 0.0332978 0.104065
0.933387 0.0665135 9.9991E-05
0.935289 0.0402915 0.0244199
0.96329 9.9991E-05 0.0366099
0.919651 0.0802487 9.9991E-05
0.408455 0.0550444 0.5365
0.239062 0.0189965 0.741941
0.922734 9.9991E-05 0.077166
0.737131 9.9991E-05 0.262769
0.99396 0.00594022 9.9991E-05
0.335502 9.9991E-05 0.664398
9.9991E-05 0.0247504 0.97515
9.9991E-05 0.342521 0.657379
0.063729 0.507268 0.429003
9.9991E-05 0.68393 0.31597
0.0570598 0.875141 0.0677992
0.0556762 0.944224 9.9991E-05
9.9991E-05 0.812074 0.187826
0.0335013 0.79041 0.176089
0.13206 0.8265 0.0414393
0.0632133 0.911104 0.0256832
9.9991E-05 0.165912 0.833988
0.0963633 0.128717 0.77492
0.073711 0.0125769 0.913712
0.0480522 9.9991E-05 0.951848
0.0142605 9.9991E-05 0.985639
0.0941408 0.0209298 0.884929
0.01192 0.296891 0.691189
0.100634 0.186106 0.71326
0.0208359 0.140948 0.838216
0.0582734 0.263902 0.677825
0.0500006 0.0972157 0.852784
0.123748 0.840514 0.0357387
0.827215 0.0774949 0.0952904
0.887362 0.112538 9.9991E-05
0.939144 0.0607563 9.9991E-05
0.800474 0.0307045 0.168822
0.876347 0.123553 9.9991E-05
0.152598 0.305079 0.542323
0.0322062 0.334088 0.633706
9.9991E-05 0.213411 0.786489
9.9991E-05 0.335725 0.664175
