0.105118 9.9982E-05 0.190958 0.028043 0.049626 0.626055 9.9982E-05
0.0663153 9.9991E-05 0.0486738 0.00971121 0.0594244 0.785168 0.0306072
0.172462 0.0446201 0.0288025 0.00525353 0.0537292 0.663304 0.0318285
9.9973E-05 9.9973E-05 0.163492 9.9973E-05 0.158654 0.67488 0.0026737
0.0106081 0.0846763 9.9991E-05 0.0316507 0.0172412 0.851118 0.00460578
9.9982E-05 9.9982E-05 0.052877 0.0928893 0.0741352 0.777514 0.0023845
0.0232572 9.9982E-05 0.175456 0.0873364 0.0137071 0.700044 9.9982E-05
9.9973E-05 0.0433195 0.228097 9.9973E-05 9.9973E-05 0.681048 0.0472358
0.195344 0.0651301 0.0087887 9.99853E-05 0.112713 0.617825 9.99853E-05
0.200979 0.0590555 0.226721 0.0160039 9.9991E-05 0.464031 0.0331101
0.0920515 9.9982E-05 0.374553 9.9982E-05 0.240353 0.266225 0.0266174
0.228317 9.9982E-05 0.169565 9.9982E-05 0.145797 0.428454 0.0276671
0.019356 0.101143 0.677161 0.00073592 0.0771851 0.0834828 0.0409361
0.235858 0.0798358 0.147826 9.9982E-05 0.126496 0.409784 9.9982E-05
0.132704 9.9973E-05 9.9973E-05 9.9973E-05 0.185649 0.64466 0.0366877
0.0606437 0.024607 0.238823 0.0303806 9.9991E-05 0.618811 0.026634
0.250402 9.9991E-05 0.132242 0.000958297 0.085053 0.523769 0.00747445
0.0263498 9.9991E-05 0.00385985 0.0125162 0.0267451 0.894698 0.0357311
0.500829 0.169118 0.134545 0.0445464 0.0206812 0.0763505 0.0539296
0.667819 9.9973E-05 0.237609 0.0502447 9.9973E-05 0.0440273 9.9973E-05
0.670595 0.09973 0.0235416 9.9982E-05 9.9982E-05 0.193072 0.012861
0.788694 9.9973E-05 0.0927498 0.00830847 0.109948 9.9973E-05 9.9973E-05
0.812498 0.0442016 0.00893891 0.0887049 9.9982E-05 9.9982E-05 0.0454563
0.77903 9.9973E-05 9.9973E-05 9.9973E-05 0.0648267 0.0970766 0.0587673
0.665227 9.9973E-05 0.108877 0.060099 9.9973E-05 0.165498 9.9973E-05
0.849423 0.0102178 9.9982E-05 0.0707103 9.9982E-05 0.0673419 0.00210692
0.816673 0.111904 9.9973E-05 0.0517207 9.9973E-05 9.9973E-05 0.0194033
0.818772 9.9982E-05 0.000470764 0.0413975 0.108104 9.9982E-05 0.0310557
0.852496 9.9964E-05 9.9964E-05 9.9964E-05 0.0629339 0.0841705 9.9964E-05
0.736699 9.9964E-05 9.9964E-05 0.129862 9.9964E-05 0.133039 9.9964E-05
0.845336 9.9982E-05 0.0432698 0.0837561 0.0236358 9.9982E-05 0.00380212
0.798021 0.155439 9.9973E-05 9.9973E-05 9.9973E-05 0.0269448 0.0192949
0.760824 0.114855 0.0299383 0.0348906 9.9982E-05 9.9982E-05 0.0592919
0.178061 0.0554113 0.21585 9.9991E-05 0.00822029 0.482563 0.059794
0.16723 0.0785476 9.9973E-05 9.9973E-05 0.0416479 0.712275 9.9973E-05
0.13078 9.9982E-05 0.0230638 0.0986849 0.098325 0.648946 9.9982E-05
0.0931409 9.9991E-05 0.0924279 0.0348474 0.0849738 0.672858 0.0216523
0.157368 9.9982E-05 0.125877 9.9982E-05 0.202799 0.502318 0.0114384
9.995E-05 9.995E-05 9.995E-05 9.995E-05 9.995E-05 9.995E-05 0.9994
0.746578 0.0443185 0.140874 9.9982E-05 0.0423445 9.9982E-05 0.0256854
0.114642 0.084742 9.9973E-05 0.142201 9.9973E-05 0.658115 9.9973E-05
0.117162 0.140158 0.0978174 9.9982E-05 9.9982E-05 0.643177 0.00148572
0.249993 9.9982E-05 0.296258 0.12681 0.0721836 0.254555 9.9982E-05
0.071491 0.14912 0.613767 0.0651576 9.9991E-05 0.0625656 0.037798
9.9964E-05 9.9964E-05 0.891693 0.0961253 9.9964E-05 9.9964E-05 0.0117816
9.995E-05 9.995E-05 9.995E-05 9.995E-05 9.995E-05 9.995E-05 0.9994
0.118654 9.9982E-05 0.340294 9.9982E-05 0.108851 0.364439 0.067562
0.100006 0.0137208 0.441804 0.163261 9.9982E-05 0.281008 9.9982E-05
0.363687 0.0511261 0.107118 9.9991E-05 0.137805 0.309072 0.0310921
9.9991E-05 0.00853085 0.089908 0.520117 0.336394 0.0270872 0.0178625
9.9982E-05 0.352823 0.120186 0.26657 0.224695 9.9982E-05 0.0355256
9.9982E-05 0.20231 9.9982E-05 0.239406 0.465499 0.0904932 0.00209149
0.00894922 9.9982E-05 0.136994 0.173074 0.642326 9.9982E-05 0.0384578
0.0369821 0.371598 9.9982E-05 0.0855405 0.478943 9.9982E-05 0.0267362
0.0423149 0.170058 9.9973E-05 0.146568 0.640759 9.9973E-05 9.9973E-05
9.9964E-05 0.704209 9.9964E-05 9.9964E-05 0.149466 0.145925 9.9964E-05
9.9982E-05 0.00665955 0.0135641 0.425863 0.524132 0.0295814 9.9982E-05
9.995E-05 9.995E-05 9.995E-05 0.9994 9.995E-05 9.995E-05 9.995E-05
9.9991E-05 0.230524 0.0466781 0.0127586 0.654226 0.00932384 0.0463899
9.9982E-05 9.9982E-05 0.124376 0.219412 0.528483 0.093265 0.0342639
9.995E-05 9.995E-05 9.995E-05 0.9994 9.995E-05 9.995E-05 9.995E-05
0.0921659 9.9982E-05 0.0835364 0.123744 0.69016 0.0101931 9.9982E-05
0.0352142 0.0386326 0.479286 0.0737647 0.291234 0.01112 0.0707485
0.686627 0.126967 0.056177 9.9982E-05 9.9982E-05 0.099608 0.0304214
0.66195 0.146816 9.9982E-05 9.9982E-05 0.00142332 0.170576 0.0190347
0.855389 9.9973E-05 9.9973E-05 0.0457766 9.9973E-05 0.0930555 0.0054792
0.0685289 0.067158 0.0786531 9.9982E-05 0.767375 0.0180848 9.9982E-05
9.9991E-05 0.0863647 0.319706 0.115545 0.397973 0.00552656 0.0747849
9.9991E-05 0.797129 0.0853132 0.043434 0.0184872 0.0352184 0.0203184
9.9982E-05 0.175222 0.207469 0.0227014 0.557101 9.9982E-05 0.0373071
9.9955E-05 9.9955E-05 9.9955E-05 9.9955E-05 0.959505 9.9955E-05 0.039995
9.9982E-05 0.100801 0.575684 0.141752 0.00508305 0.17648 9.9982E-05
9.9973E-05 9.9973E-05 0.680351 0.0065643 0.262014 0.0507707 9.9973E-05
9.9973E-05 9.9973E-05 0.811423 0.0986284 0.0838226 0.00582565 9.9973E-05
9.9964E-05 0.0756262 0.895663 9.9964E-05 9.9964E-05 9.9964E-05 0.028311
0.056968 0.0986882 0.811419 0.0143428 9.9982E-05 9.9982E-05 0.0183819
0.0222261 0.0450126 0.811412 0.100685 9.9982E-05 9.9982E-05 0.0204645
0.107351 9.9982E-05 0.616481 9.9982E-05 0.174451 0.0769428 0.0245747
9.99551E-05 9.99551E-05 0.209963 9.99551E-05 0.789538 9.99551E-05 9.99551E-05
0.0178295 9.9991E-05 0.17749 0.0612028 0.545258 0.0913356 0.106784
0.00931317 0.343769 0.13025 0.292327 0.212341 9.9991E-05 0.0118999
0.0673937 0.0291094 9.9982E-05 0.148049 0.712114 9.9982E-05 0.043134
0.00172693 0.1895 0.0279037 9.9991E-05 0.675002 0.0902419 0.0155253
0.693471 9.9973E-05 0.174787 9.9973E-05 0.122386 9.9973E-05 0.00905608
0.102956 0.196106 0.410663 0.100377 0.113515 0.0762823 9.9991E-05
9.9955E-05 0.266477 0.733023 9.9955E-05 9.9955E-05 9.9955E-05 9.9955E-05
9.995E-05 9.995E-05 9.995E-05 9.995E-05 9.995E-05 9.995E-05 0.9994
0.171851 0.0579153 0.166834 0.00424418 9.9982E-05 0.598955 9.9982E-05
0.108229 9.9982E-05 0.0517942 0.114857 9.9982E-05 0.697969 0.0269513
0.178408 9.9982E-05 0.105693 0.126606 9.9982E-05 0.544464 0.044629
0.256535 0.0399245 0.29644 9.9991E-05 0.119061 0.255665 0.0322745
0.0479472 0.0853898 0.0047752 0.0912924 9.9982E-05 0.770395 9.9982E-05
0.0151808 9.9982E-05 0.691359 0.213963 0.0755526 0.00374537 9.9982E-05
0.557299 9.9982E-05 0.175751 9.9982E-05 0.106176 0.138736 0.0218375
9.9991E-05 0.106199 0.623678 0.00219179 0.170775 0.0205221 0.0765337
0.293059 0.215917 0.336559 9.9982E-05 9.9982E-05 0.14201 0.012255
0.137116 9.9982E-05 9.9982E-05 0.0791638 0.00070356 0.769748 0.0130692
0.0745169 0.0605744 0.272249 9.9973E-05 9.9973E-05 0.592359 9.9973E-05
0.157175 0.0339618 0.3326 9.9973E-05 9.9973E-05 0.475963 9.9973E-05
0.0230316 9.9991E-05 0.270406 0.00354518 0.140096 0.552254 0.0105663
0.0132101 9.9982E-05 0.401095 9.9982E-05 0.0787261 0.494478 0.0122899
0.0940436 9.9973E-05 0.344438 9.9973E-05 0.0292802 0.531939 9.9973E-05
0.0440472 0.0594279 0.626495 0.0584031 0.197645 9.9991E-05 0.0138811
0.0182683 9.9991E-05 0.58081 0.0821502 0.160647 0.0525092 0.105515
9.9982E-05 0.233376 0.64056 0.0346362 9.9982E-05 0.0201422 0.0710852
0.187901 0.0166778 0.686646 9.9982E-05 9.9982E-05 0.108215 0.000360012
0.0905142 0.0159282 0.49329 0.115166 0.0293734 0.255628 9.9991E-05
0.416592 0.167374 9.9973E-05 0.00473667 9.9973E-05 0.410997 9.9973E-05
9.9982E-05 0.510657 9.9982E-05 0.0891612 0.267619 0.111605 0.0207584
0.0233203 0.525745 0.112393 0.129184 0.20072 9.9991E-05 0.00853738
0.16427 0.0527126 0.620638 0.121392 0.0407041 0.00018298 9.9991E-05
0.0863738 9.9991E-05 0.494882 0.187798 0.0855027 0.106874 0.0384693
0.212333 9.9991E-05 0.488673 0.147135 0.0556687 0.0487626 0.0473276
0.683545 9.9973E-05 0.313617 0.000313546 0.00222395 9.9973E-05 9.9973E-05
0.0129658 0.720285 0.218971 9.9982E-05 0.0306103 9.9982E-05 0.0169681
9.9982E-05 0.185965 0.202065 0.23473 0.367992 0.00904776 9.9982E-05
9.9982E-05 0.471255 0.302576 0.108779 0.0491586 0.0680317 9.9982E-05
0.43522 9.9991E-05 0.0981756 0.00115688 0.114874 0.29348 0.056994
0.27793 0.00196542 9.9982E-05 9.9982E-05 0.133521 0.578466 0.00791745
0.0225086 0.100776 0.158978 0.0174374 0.00282965 0.681612 0.0158578
0.0204748 0.0184639 0.0296302 0.0581706 0.115619 0.757541 9.9991E-05
0.35022 9.9973E-05 9.9973E-05 0.0251043 0.0761446 0.548231 9.9973E-05
0.171066 0.0738438 0.00915367 0.0521098 9.9982E-05 0.693626 9.9982E-05
0.0493142 0.155755 9.9964E-05 9.9964E-05 9.9964E-05 0.794531 9.9964E-05
9.9964E-05 9.9964E-05 9.9964E-05 0.121215 0.0223714 0.856014 9.9964E-05
0.325746 0.113656 0.151114 9.9973E-05 9.9973E-05 0.409183 9.9973E-05
0.140735 0.112528 0.121988 9.9982E-05 9.9982E-05 0.621709 0.00284021
0.17257 9.9982E-05 0.124 0.089807 9.9982E-05 0.581979 0.0314448
0.11935 9.9982E-05 0.193045 0.0481741 9.9982E-05 0.622875 0.0163566
0.216781 9.9982E-05 0.0566818 0.0678446 0.174755 0.483738 9.9982E-05
9.9992E-05 0.0201332 0.0974015 0.000537392 0.116376 0.722631 0.0428209
0.221563 9.9991E-05 0.301252 0.0204937 0.065599 0.372459 0.0185334
0.0775074 0.164698 9.9964E-05 9.9964E-05 9.9964E-05 0.757394 9.9964E-05
0.815991 0.015486 0.127251 0.0409716 9.9973E-05 9.9973E-05 9.9973E-05
0.869844 9.9982E-05 0.0108845 0.014616 0.0267515 0.0777035 9.9982E-05
0.92357 9.9973E-05 9.9973E-05 0.00982887 9.9973E-05 0.0247106 0.0415904
0.749264 0.0815743 0.064561 0.0455731 9.9991E-05 0.0572796 0.00164812
0.768524 0.0416614 0.0481161 0.0618597 9.9991E-05 0.0421858 0.037553
9.9973E-05 9.9973E-05 0.284124 9.9973E-05 0.151901 0.546958 0.0167169
0.14741 0.0670146 0.174872 9.9982E-05 9.9982E-05 0.587361 0.0231428
9.9964E-05 0.11984 9.9964E-05 0.517867 0.361894 9.9964E-05 9.9964E-05
9.9964E-05 0.959756 0.0120505 9.9964E-05 9.9964E-05 9.9964E-05 0.027794
9.9964E-05 0.864745 9.9964E-05 0.131066 9.9964E-05 9.9964E-05 0.00378906
0.0373507 0.721275 0.181292 0.0597828 9.9973E-05 9.9973E-05 9.9973E-05
9.9973E-05 0.0736146 9.9973E-05 0.0167497 0.864029 9.9973E-05 0.045307
0.0786178 0.740093 9.9973E-05 0.149108 0.0318813 9.9973E-05 9.9973E-05
9.9964E-05 0.434176 9.9964E-05 9.9964E-05 0.557287 9.9964E-05 0.00813697
0.0890735 0.0555713 9.9973E-05 0.183942 0.671113 9.9973E-05 9.9973E-05
0.0253041 0.437401 0.0667379 0.0798697 0.390487 9.9982E-05 9.9982E-05
0.0214325 0.768596 9.9964E-05 0.209571 9.9964E-05 9.9964E-05 9.9964E-05
9.9982E-05 0.780643 0.0507854 0.0321754 0.109194 9.9982E-05 0.0270024
0.0250661 0.389258 0.0621573 0.0535155 0.41695 0.0260322 0.027021
0.013075 0.53813 9.9991E-05 0.127411 0.225149 0.0879211 0.00821364
0.0313827 0.407073 9.9982E-05 0.0882421 0.458048 9.9982E-05 0.0150544
9.9973E-05 0.361723 0.0723044 0.165308 0.400365 9.9973E-05 9.9973E-05
9.9964E-05 0.0630217 9.9964E-05 9.9964E-05 0.92978 9.9964E-05 0.00679879
0.0109294 0.925078 9.9964E-05 0.0635927 9.9964E-05 9.9964E-05 9.9964E-05
0.017199 0.235767 0.716851 9.9973E-05 9.9973E-05 0.0298836 9.9973E-05
0.0420725 0.0267037 0.919532 9.9973E-05 9.9973E-05 0.0113915 9.9973E-05
9.9964E-05 0.328467 0.0336231 9.9964E-05 0.63751 9.9964E-05 9.9964E-05
9.9973E-05 0.406284 9.9973E-05 0.402318 9.9973E-05 0.18294 0.00815754
9.995E-05 9.995E-05 9.995E-05 0.9994 9.995E-05 9.995E-05 9.995E-05
9.9973E-05 9.9973E-05 0.633044 0.216594 0.0148631 0.135199 9.9973E-05
9.9964E-05 0.189446 9.9964E-05 9.9964E-05 9.9964E-05 0.793139 0.0170155
0.202089 0.0355998 9.9982E-05 9.9982E-05 0.0746719 0.650015 0.0374238
0.429001 9.9982E-05 0.165091 0.0817072 0.0337277 0.290273 9.9982E-05
0.596792 9.9982E-05 0.147268 0.0165155 0.0663539 0.17287 9.9982E-05
0.743438 9.9964E-05 0.161778 9.9964E-05 0.0943841 9.9964E-05 9.9964E-05
0.816051 9.9973E-05 9.9973E-05 0.0793779 0.0746462 0.0296248 9.9973E-05
0.727482 9.9982E-05 0.0542337 9.9982E-05 0.0957017 0.111075 0.0113077
0.746631 9.9982E-05 0.0970067 9.9982E-05 0.0944801 0.0425585 0.0191234
0.693648 0.0329935 0.117166 0.0922144 9.9991E-05 0.0412039 0.0226733
0.752774 9.9973E-05 9.9973E-05 9.9973E-05 0.146365 0.0555144 0.0450458
0.119003 0.0610426 0.00742443 0.0440237 0.0246004 0.71633 0.0275754
0.0298774 9.9991E-05 0.0105264 0.0189152 0.168536 0.721987 0.0500578
9.9982E-05 9.9982E-05 0.131618 0.097812 0.0346629 0.709308 0.0263986
9.99641E-05 0.096036 0.276848 9.99641E-05 9.99641E-05 0.626716 9.99641E-05
9.9973E-05 9.9973E-05 0.227121 0.059923 9.9973E-05 0.700296 0.0123604
9.9964E-05 0.118871 0.355352 9.9964E-05 9.9964E-05 0.525377 9.9964E-05
0.210589 9.9982E-05 0.155839 0.0976784 0.00980457 0.525889 9.9982E-05
0.179746 9.9991E-05 0.147832 0.0832921 0.0889774 0.489166 0.0108861
0.0919861 9.9982E-05 0.157706 9.9982E-05 0.142644 0.562927 0.0445375
0.23414 9.9973E-05 0.105685 9.9973E-05 0.171642 0.488234 9.9973E-05
0.0547075 9.9982E-05 0.0865148 9.9982E-05 0.175618 0.658089 0.0248716
0.599837 9.9973E-05 0.135828 9.9973E-05 0.155559 9.9973E-05 0.108476
9.9991E-05 0.145832 0.064865 0.548632 0.162009 0.0690825 0.00947998
0.0283895 0.305293 0.0298829 0.103144 0.497138 9.9991E-05 0.0360536
9.995E-05 0.9994 9.995E-05 9.995E-05 9.995E-05 9.995E-05 9.995E-05
9.9973E-05 0.742967 0.152649 9.9973E-05 0.0894005 0.0146831 9.9973E-05
0.0930494 0.39323 9.9973E-05 0.0155064 0.497914 9.9973E-05 9.9973E-05
0.23812 0.125436 0.185393 0.0506676 0.0310273 0.353895 0.0154605
0.225266 0.0284054 0.12161 0.00487483 0.054197 0.516875 0.0487713
0.143814 9.9982E-05 9.9982E-05 0.0162879 0.0931954 0.684921 0.0615821
0.223902 0.0450972 0.258728 9.9982E-05 9.9982E-05 0.413203 0.0588703
