0.0216773 0.668163 9.9991E-05 0.0535954 0.137948 0.00463141 0.113885
0.211744 0.637617 9.9991E-05 0.0174334 0.0413928 0.0492861 0.0424267
9.9982E-05 0.711171 9.9982E-05 0.0804859 0.166481 0.00778964 0.0338731
0.0551817 0.714001 9.9973E-05 0.224555 9.9973E-05 0.00596233 9.9973E-05
0.070067 0.822648 0.0461109 9.9982E-05 9.9982E-05 0.0188494 0.0421247
0.107027 0.749857 9.9973E-05 0.0488903 9.9973E-05 9.9973E-05 0.0939251
0.287419 0.447023 9.9982E-05 0.134289 0.0169146 9.9982E-05 0.114155
0.145033 0.638646 9.9973E-05 0.192286 9.9973E-05 0.0237349 9.9973E-05
0.648874 0.174434 0.0817619 9.9991E-05 0.0575891 0.00973312 0.0275086
0.317822 0.220916 0.0269726 0.239012 0.172523 0.022654 9.9991E-05
0.387479 0.0526548 0.0688743 0.403147 0.0389697 0.0487753 9.9991E-05
0.403739 0.216958 0.0104106 0.188543 0.150461 0.00452194 0.0253678
0.109665 9.9991E-05 0.0450248 0.757328 0.0276048 0.0174482 0.0428293
0.73436 9.9973E-05 0.118161 0.0380164 0.109162 9.9973E-05 9.9973E-05
0.466231 0.333067 9.9982E-05 9.9982E-05 0.0717389 0.0162225 0.112541
0.633643 0.204912 9.9973E-05 0.0970406 9.9973E-05 9.9973E-05 0.0641037
0.553359 0.279469 9.9973E-05 9.9973E-05 0.118229 9.9973E-05 0.0486427
0.473686 0.481171 0.00157299 9.9982E-05 0.0223773 0.0209922 9.9982E-05
0.132924 0.0342765 0.0956396 0.0912144 0.485457 0.0620644 0.0984239
0.247711 9.9973E-05 0.00997982 0.148694 0.593315 9.9973E-05 9.9973E-05
0.13981 0.108243 0.0418109 0.0208423 0.671477 0.0177162 9.9991E-05
0.0223981 0.00998965 0.0580074 0.100423 0.792578 0.0165032 9.9991E-05
9.9973E-05 9.9973E-05 9.9973E-05 0.0422005 0.892299 0.0546793 0.0105214
0.210502 0.0116092 9.9982E-05 9.9982E-05 0.701813 0.0307151 0.0451614
0.157009 0.181763 0.013641 0.0253458 0.622041 9.9982E-05 9.9982E-05
9.9973E-05 0.110169 9.9973E-05 9.9973E-05 0.80825 0.0226688 0.058612
9.9964E-05 9.9964E-05 0.115413 9.9964E-05 0.868651 0.0155356 9.9964E-05
0.0834096 9.9973E-05 9.9973E-05 9.9973E-05 0.771713 0.0211167 0.12346
9.9973E-05 0.0956887 0.055906 9.9973E-05 0.831087 9.9973E-05 0.0170188
9.9973E-05 0.0653357 0.0587644 9.9973E-05 0.82207 9.9973E-05 0.0535299
0.1134 9.9973E-05 0.00389175 9.9973E-05 0.805834 9.9973E-05 0.0765746
0.0627706 9.9982E-05 0.100133 0.0153148 0.801033 0.0205482 9.9982E-05
0.173748 9.9982E-05 9.9982E-05 0.0150646 0.686378 0.0499544 0.0746552
0.194037 0.423317 9.9991E-05 0.170835 0.114895 0.0669956 0.0298204
0.18816 0.572424 0.0259979 9.9982E-05 0.154516 9.9982E-05 0.0587019
9.9973E-05 0.808051 0.108599 0.00228079 0.0807694 9.9973E-05 9.9973E-05
9.9982E-05 0.675111 9.9982E-05 0.193676 0.0692804 0.022929 0.0388029
0.436625 0.199565 0.0157348 0.172888 0.0631525 0.0161613 0.095874
9.995E-05 9.995E-05 9.995E-05 9.995E-05 9.995E-05 0.9994 9.995E-05
9.9982E-05 9.9982E-05 0.00379445 0.201856 0.736727 0.0358691 0.0215534
9.9982E-05 0.687764 0.026686 9.9982E-05 0.131969 0.0158727 0.137508
0.299196 0.399178 9.9973E-05 0.163815 0.137511 9.9973E-05 9.9973E-05
0.281477 0.148687 9.9991E-05 0.159851 0.194801 0.022471 0.192613
0.177692 9.9991E-05 0.07019 0.526274 0.0870477 0.0424031 0.096293
9.9973E-05 0.0619058 9.9973E-05 0.876 0.0352843 9.9973E-05 0.0265099
9.995E-05 9.995E-05 9.995E-05 9.995E-05 9.995E-05 0.9994 9.995E-05
0.268225 0.274687 0.0482234 0.207237 0.135244 0.066283 9.9991E-05
0.167687 0.167739 9.9982E-05 0.461058 0.0954297 9.9982E-05 0.107886
0.201754 0.162534 0.106085 0.189461 0.279156 0.0351992 0.0258093
0.115476 9.9973E-05 0.206106 9.9973E-05 9.9973E-05 0.0265528 0.651565
0.0534129 9.9982E-05 0.503605 0.0988539 9.9982E-05 0.0231011 0.320828
0.0475956 0.0781967 0.489931 9.9982E-05 0.0071993 9.9982E-05 0.376877
0.0581489 9.9982E-05 0.502627 0.13234 9.9982E-05 0.0432403 0.263444
0.0246984 9.9982E-05 0.779513 9.9982E-05 0.0604812 0.035153 0.0999547
0.0712697 9.9973E-05 0.608741 9.9973E-05 0.0265715 9.9973E-05 0.293118
0.287386 9.9964E-05 0.660495 9.9964E-05 9.9964E-05 9.9964E-05 0.051719
0.106819 9.9964E-05 0.281869 9.9964E-05 9.9964E-05 9.9964E-05 0.610912
9.99549E-05 9.99549E-05 9.99549E-05 9.99549E-05 9.99549E-05 0.0110957 0.988405
0.0588248 9.9982E-05 0.708061 0.0760258 9.9982E-05 0.0289575 0.127931
0.0764467 0.0815923 0.243263 0.180029 9.9991E-05 0.027984 0.390585
9.995E-05 9.995E-05 9.995E-05 9.995E-05 9.995E-05 9.995E-05 0.9994
0.000804012 0.0922662 0.487102 0.129186 0.0411024 9.9991E-05 0.249439
0.10795 9.9982E-05 0.222002 0.47733 9.9982E-05 0.0842204 0.108297
0.212222 0.00937923 0.0891795 9.9973E-05 0.688919 9.9973E-05 9.9973E-05
9.9991E-05 0.18704 0.035968 0.00456227 0.721036 0.0244819 0.0268121
9.9973E-05 0.145571 9.9973E-05 9.9973E-05 0.81948 0.0201444 0.0145042
0.110048 0.00121157 0.603067 0.123842 0.0231222 0.0183776 0.120332
9.9982E-05 0.0170438 0.342977 0.355543 9.9982E-05 0.0955755 0.188661
0.0507439 9.9991E-05 0.705165 0.0792958 0.0681444 0.022732 0.0738193
9.9973E-05 9.9973E-05 0.477538 0.222888 9.9973E-05 0.0751309 0.224143
9.9991E-05 0.0890587 0.741298 0.050147 0.00550968 0.0353523 0.0785341
0.242221 0.0553191 9.9982E-05 0.512912 9.9982E-05 0.0161582 0.17319
0.311403 9.9982E-05 0.0133533 0.578779 9.9982E-05 0.0172354 0.0790289
0.168704 9.9964E-05 9.9964E-05 0.668626 9.9964E-05 9.9964E-05 0.16227
9.9955E-05 9.9955E-05 9.9955E-05 0.971865 9.9955E-05 0.0276352 9.9955E-05
9.9973E-05 9.9973E-05 0.0145044 0.862811 0.0869553 0.0354294 9.9973E-05
0.0212408 9.9973E-05 9.9973E-05 0.855749 9.9973E-05 0.0103773 0.112333
0.0887853 0.0459906 0.0236427 0.736264 0.0591535 0.0394911 0.0066727
0.148233 9.9973E-05 0.535228 0.21092 9.9973E-05 9.9973E-05 0.105319
9.9991E-05 0.174462 0.363649 0.219906 0.00426627 0.111719 0.125899
9.9991E-05 0.0233673 0.556412 0.125721 0.0450086 0.0182496 0.231142
9.9982E-05 9.9982E-05 0.488416 0.107957 0.0784949 0.0449045 0.280028
0.235699 9.9964E-05 0.716367 9.9964E-05 9.9964E-05 0.0475349 9.9964E-05
0.172474 0.0101997 0.0666065 0.0742375 0.641117 0.0352649 9.9991E-05
9.9982E-05 0.111249 0.137848 0.392587 0.134391 9.9982E-05 0.223725
0.0313932 0.0613736 0.113766 0.746403 9.9982E-05 9.9982E-05 0.0468641
9.995E-05 9.995E-05 9.995E-05 9.995E-05 9.995E-05 0.9994 9.995E-05
0.110739 0.55443 9.9982E-05 0.154031 0.127842 9.9982E-05 0.0527578
0.0691146 0.675621 9.9991E-05 0.0125369 0.152271 0.0215826 0.0687739
0.611139 0.164258 9.9991E-05 0.0603381 0.0520224 0.0220038 0.090139
0.571856 9.9991E-05 0.0846233 0.181895 0.129417 0.0193312 0.0127784
0.325875 0.547282 0.0333362 0.0713841 9.9982E-05 9.9982E-05 0.0219223
9.9982E-05 0.0244339 0.000404891 0.677475 0.0519562 9.9982E-05 0.24553
0.0368406 0.180419 0.0250191 0.158556 0.535157 0.0329385 0.0310699
9.9982E-05 0.118677 0.185862 0.617618 9.9982E-05 0.0770782 0.000564524
0.0861096 0.177454 0.0810285 0.370376 0.262443 0.0224886 9.9991E-05
0.529475 0.376659 9.9973E-05 9.9973E-05 0.0282326 9.9973E-05 0.065334
0.184536 0.547729 9.9973E-05 0.216792 0.0506433 9.9973E-05 9.9973E-05
0.165035 0.462154 9.9973E-05 0.267336 0.105175 9.9973E-05 9.9973E-05
0.842692 9.9973E-05 0.0406108 0.0684731 9.9973E-05 9.9973E-05 0.0479239
9.9973E-05 0.568524 9.9973E-05 0.352578 0.0705661 0.00803212 9.9973E-05
0.716487 0.0921978 9.9973E-05 0.189719 9.9973E-05 0.00129623 9.9973E-05
9.9982E-05 0.117064 0.103837 0.651434 9.9982E-05 0.0121068 0.115359
0.12917 0.097874 0.0538584 0.486103 0.0643154 0.0558668 0.112812
0.124487 0.0138949 0.0743562 0.609888 9.9991E-05 0.0778644 0.0994095
0.285299 9.9964E-05 9.9964E-05 0.537505 0.176796 9.9964E-05 9.9964E-05
0.314385 0.00349347 9.9982E-05 0.472145 0.109593 9.9982E-05 0.100183
0.259596 0.231569 0.111488 0.0103631 0.386784 9.9982E-05 9.9982E-05
0.0399928 0.132358 0.717956 9.9982E-05 9.9982E-05 0.0170493 0.0924439
0.0510528 9.9991E-05 0.576151 0.128133 0.0582979 0.0211476 0.165118
9.9973E-05 0.16238 9.9973E-05 0.55418 0.0730863 9.9973E-05 0.210054
0.37401 9.99892E-05 9.99892E-05 0.23643 0.0706116 0.0294545 0.289294
9.9982E-05 0.165601 9.9982E-05 0.34037 0.172241 0.0471055 0.274483
9.9955E-05 9.9955E-05 9.9955E-05 0.313328 0.686172 9.9955E-05 9.9955E-05
9.9982E-05 9.9982E-05 0.62179 0.29496 0.0314739 0.0473831 0.00419347
0.0157296 0.00990825 0.470807 0.232431 0.0205636 9.9991E-05 0.250461
9.9973E-05 0.106052 0.379479 0.366773 9.9973E-05 9.9973E-05 0.147397
9.9982E-05 0.427864 0.0765303 0.0512365 0.401062 0.0431066 9.9982E-05
0.0770532 0.582984 9.9982E-05 9.9982E-05 0.256192 0.00542797 0.0781432
0.130156 0.639737 0.0196161 0.127371 0.0404432 0.0161248 0.0265524
0.038757 0.76461 0.0482242 9.9982E-05 0.0546907 9.9982E-05 0.0935179
0.318893 0.353605 0.0235907 9.9973E-05 0.303612 9.9973E-05 9.9973E-05
0.158918 0.633688 0.0232834 9.9991E-05 0.123087 0.00502866 0.0558952
9.9973E-05 0.825118 0.0597851 0.00857301 0.106224 9.9973E-05 9.9973E-05
0.250613 0.652805 9.9973E-05 9.9973E-05 9.9973E-05 0.0126045 0.0836773
0.182292 0.273185 0.0413733 0.187641 0.315309 9.9982E-05 9.9982E-05
0.839047 0.116043 0.0349058 9.9973E-05 0.00970339 9.9973E-05 9.9973E-05
0.844221 9.9973E-05 9.9973E-05 9.9973E-05 0.0849542 0.0136215 0.0569034
0.780897 0.124833 9.9982E-05 0.034637 9.9982E-05 0.0166433 0.0427897
0.127458 0.374219 9.9982E-05 0.148377 0.20431 9.9982E-05 0.145436
0.88829 9.9964E-05 9.9964E-05 9.9964E-05 9.9964E-05 0.0239195 0.0873908
0.580847 9.9973E-05 9.9973E-05 0.175673 0.170447 9.9973E-05 0.0727334
0.17368 0.649764 9.9991E-05 0.058727 0.0521042 0.00867417 0.0569513
0.0992858 9.9973E-05 9.9973E-05 0.0586313 0.793377 9.9973E-05 0.0484056
9.9955E-05 0.203494 9.9955E-05 9.9955E-05 0.796006 9.9955E-05 9.9955E-05
0.218256 9.9964E-05 9.9964E-05 9.9964E-05 0.744689 0.0366557 9.9964E-05
0.237034 9.9982E-05 0.0439113 9.9982E-05 0.710903 0.00497106 0.00298045
9.9982E-05 0.0660127 9.9982E-05 0.133897 0.734546 0.0213781 0.0439657
0.272025 0.387619 0.0490092 0.194957 0.0251062 0.0219138 0.04937
9.9982E-05 0.72109 0.0387338 0.106147 0.124582 0.00924702 9.9982E-05
9.99639E-05 9.99639E-05 0.354622 0.00405294 9.99639E-05 9.99639E-05 0.640925
0.0777218 9.9982E-05 0.80122 0.0742787 0.0213794 0.0252005 9.9982E-05
0.0684446 0.0156456 0.879862 9.9982E-05 0.0356689 9.9982E-05 0.000178561
9.9973E-05 9.9973E-05 0.61531 0.27365 0.0805165 9.9973E-05 0.0302238
0.106875 9.9982E-05 0.691879 0.00169915 9.9982E-05 0.0221348 0.177213
0.00256107 9.9991E-05 0.737068 0.0194495 0.138113 0.0161579 0.0865505
9.9982E-05 0.0221235 0.867333 0.039469 9.9982E-05 0.0283388 0.0425353
9.9991E-05 0.00269611 0.486618 0.0215416 0.0689618 0.0112721 0.40881
9.9982E-05 0.0124466 0.717078 0.00505256 0.102991 9.9982E-05 0.162231
9.9982E-05 9.9982E-05 0.574347 0.0150863 0.0887722 0.000235937 0.321358
0.0435208 9.9973E-05 0.851945 0.0732885 9.9973E-05 0.0309462 9.9973E-05
0.109058 9.9991E-05 0.713372 0.0360727 0.0287759 0.0381345 0.0744869
9.9982E-05 0.0349221 0.689325 9.9982E-05 0.101157 0.00420389 0.170192
9.9973E-05 9.9973E-05 0.654251 9.9973E-05 0.0810202 0.015623 0.248806
9.9982E-05 0.0909617 0.628859 0.0556902 9.9982E-05 0.00580998 0.21848
9.9973E-05 0.0931887 0.900897 9.9973E-05 9.9973E-05 0.00384302 0.00177157
9.9982E-05 0.0180243 0.83334 9.9982E-05 0.0819457 0.0114639 0.0550263
9.9991E-05 0.076918 0.138488 0.742711 0.0357298 0.00377324 0.00227984
9.9955E-05 0.086263 9.9955E-05 0.913237 9.9955E-05 9.9955E-05 9.9955E-05
9.9973E-05 0.023596 0.838927 0.116532 9.9973E-05 9.9973E-05 0.0206446
0.0376118 0.172844 0.432499 0.0654107 9.9991E-05 0.00246518 0.28907
9.995E-05 9.995E-05 9.995E-05 9.995E-05 9.995E-05 9.995E-05 0.9994
0.202952 0.0304612 9.9973E-05 0.509999 9.9973E-05 9.9973E-05 0.256288
0.0416982 0.826854 0.0217757 0.0943208 9.9982E-05 0.0151516 9.9982E-05
0.115027 0.624356 0.0534018 9.9982E-05 0.184252 0.0227636 9.9982E-05
9.9973E-05 0.333738 9.9973E-05 0.117668 0.414612 9.9973E-05 0.133682
0.304964 0.104534 9.9982E-05 0.115284 0.469217 9.9982E-05 0.00580047
0.0119191 9.9964E-05 9.9964E-05 0.23367 0.754011 9.9964E-05 9.9964E-05
9.9964E-05 9.9964E-05 9.9964E-05 0.131406 0.799642 9.9964E-05 0.0685519
0.087797 0.0152913 9.9982E-05 0.201238 0.682914 0.0125594 9.9982E-05
0.186032 9.9982E-05 0.0130471 0.129789 0.659072 0.0118596 9.9982E-05
0.0625897 9.9991E-05 0.0203166 0.168506 0.689082 0.0401722 0.0192337
9.9982E-05 0.0603883 0.107902 0.0130652 0.747805 0.0706393 9.9982E-05
9.9973E-05 0.788736 9.9973E-05 9.9973E-05 0.106611 0.00277923 0.101574
9.9991E-05 0.736519 0.00398671 0.119023 0.0238166 0.0592383 0.0573163
0.0677952 0.685105 9.9982E-05 0.134835 9.9982E-05 0.0401711 0.071893
9.99641E-05 0.751597 0.0505281 0.197475 9.99641E-05 9.99641E-05 9.99641E-05
0.0957869 0.734251 9.9973E-05 0.140833 9.9973E-05 9.9973E-05 0.0288294
0.0266852 0.572511 0.0106033 0.382119 0.00788201 9.9982E-05 9.9982E-05
0.668699 0.0484917 9.9982E-05 0.046582 0.12384 9.9982E-05 0.112187
0.90097 9.9964E-05 9.9964E-05 0.00350586 9.9964E-05 9.9964E-05 0.0951246
0.83906 9.9973E-05 0.0222712 0.0934446 9.9973E-05 0.0449238 9.9973E-05
0.771495 0.00826936 0.0170837 0.114922 0.0781259 0.0100041 9.9991E-05
0.800574 0.0862502 0.0862455 9.9973E-05 9.9973E-05 0.0266308 9.9973E-05
0.159146 9.9991E-05 0.0509872 0.099576 0.548035 0.125308 0.016848
9.9982E-05 0.0395295 0.180259 0.147279 9.9982E-05 0.0207538 0.611979
9.9982E-05 9.9982E-05 0.649126 0.0684368 0.0635205 0.0312388 0.187478
0.0879407 9.9973E-05 0.881324 9.9973E-05 0.0291211 0.00131466 9.9973E-05
0.109394 0.0284355 0.652137 0.0962018 0.0169384 0.00849459 0.0883984
9.9982E-05 0.118881 0.701054 9.9982E-05 0.0391841 0.0125036 0.128177
0.457653 0.0217739 0.0646058 0.105658 0.253351 0.0186753 0.078282
0.314828 0.296816 9.9991E-05 0.0820716 0.258596 0.0253604 0.0222286
0.778711 0.109225 9.9973E-05 9.9973E-05 9.9973E-05 0.0529357 0.0588282
0.282982 0.280067 9.9991E-05 0.192047 0.195297 0.0480756 0.00143137
