0.0139092 9.9982E-05 0.0462419 0.668932 0.0893586 0.181358 9.9982E-05
0.0196963 0.0790728 0.015088 0.752026 0.0826738 0.0513434 9.9991E-05
0.00839492 9.9982E-05 0.053664 0.714701 0.140583 0.0824565 9.9982E-05
0.0137057 0.0363334 0.0863436 0.540523 0.0310897 0.291905 9.9991E-05
9.9973E-05 0.0387255 9.9973E-05 0.668655 9.9973E-05 0.267802 0.0245177
9.9973E-05 0.158837 9.9973E-05 0.622107 9.9973E-05 0.184612 0.0341453
9.999E-05 0.338177 0.0658503 0.349771 0.0101879 0.204127 0.0317865
0.0162167 0.0211709 0.124611 0.577723 9.9982E-05 0.260078 9.9982E-05
0.0123007 0.548998 9.9982E-05 0.355137 0.0346668 9.9982E-05 0.0486977
0.020207 0.273969 0.183797 0.297773 0.148385 0.0757699 9.9991E-05
0.0482157 0.17757 0.431801 0.143714 0.0328276 0.115482 0.0503891
0.0224933 0.532148 0.112317 0.196942 0.120055 0.00125059 0.0147943
0.0367275 0.245739 0.625317 9.9991E-05 0.00927617 0.0153794 0.0674615
9.999E-05 0.682063 0.0844295 0.076224 0.0503409 0.0456319 0.0612105
0.0414287 0.502199 9.9991E-05 0.131537 0.0716509 0.207338 0.0457461
9.9982E-05 0.621772 0.0983827 0.112234 0.0240989 0.143312 9.9982E-05
9.9973E-05 0.541097 9.9973E-05 0.196949 0.139944 0.12171 9.9973E-05
0.0143093 0.299936 9.9973E-05 0.655526 0.0299293 9.9973E-05 9.9973E-05
0.050242 0.161839 0.069551 0.0991383 0.484307 9.9991E-05 0.134823
9.9973E-05 0.377607 0.105316 0.00146533 0.515312 9.9973E-05 9.9973E-05
0.0194932 0.16993 0.0251668 0.14412 0.58851 0.0526806 9.9991E-05
0.00509672 9.9982E-05 0.17079 0.0463265 0.735214 0.0423722 9.9982E-05
0.0484473 0.00898925 0.0981357 0.0278388 0.816389 9.9982E-05 9.9982E-05
0.0481761 0.0827089 9.9982E-05 0.2713 0.59135 9.9982E-05 0.00626525
9.9973E-05 0.141989 0.0588189 9.9973E-05 0.577148 0.221744 9.9973E-05
0.00552802 9.9964E-05 9.9964E-05 0.171038 0.823034 9.9964E-05 9.9964E-05
0.026447 9.9982E-05 9.9982E-05 0.0515751 0.821227 0.045116 0.0554353
0.0432515 0.173724 9.9973E-05 9.9973E-05 0.732962 9.9973E-05 0.0497626
9.9964E-05 9.9964E-05 9.9964E-05 0.178064 0.796048 9.9964E-05 0.0254881
9.9964E-05 9.9964E-05 9.9964E-05 9.9964E-05 0.735716 0.161211 0.102673
0.011029 0.0622217 0.0181615 0.0505142 0.8248 9.9991E-05 0.0331739
0.0278757 0.104193 9.9991E-05 0.149289 0.686397 0.01161 0.0205361
0.0465521 0.0861466 0.0334245 9.9982E-05 0.738134 0.0955432 9.9982E-05
0.0473953 0.232121 0.191778 0.314044 0.0932662 0.121297 9.9991E-05
9.9982E-05 0.295656 9.9982E-05 0.38979 0.172797 0.119951 0.0216045
9.9973E-05 9.9973E-05 9.9973E-05 0.0477343 0.11134 0.819281 0.0213446
0.0332759 9.9991E-05 0.0488996 0.239129 0.0785906 0.594533 0.00547215
0.0100716 0.273789 0.129103 0.195619 0.0781292 0.231459 0.081829
0.9994 9.995E-05 9.995E-05 9.995E-05 9.995E-05 9.995E-05 9.995E-05
0.0276631 0.0154464 0.21087 9.9991E-05 0.705946 0.0283255 0.0116495
9.9973E-05 9.9973E-05 9.9973E-05 0.600876 0.0949942 0.195578 0.108252
9.9973E-05 0.325791 0.134067 0.506317 0.0335254 9.9973E-05 9.9973E-05
0.0180301 0.146832 0.211579 0.244386 0.231598 0.0456343 0.101941
0.0502145 0.038154 0.637626 0.127038 0.0782902 9.9991E-05 0.0685779
9.9982E-05 9.9982E-05 0.735322 0.00760019 0.0624109 0.174426 0.0200406
0.9994 9.995E-05 9.995E-05 9.995E-05 9.995E-05 9.995E-05 9.995E-05
0.0645902 0.339413 0.15327 0.149493 0.131396 0.161739 9.9991E-05
9.9982E-05 0.405866 0.270613 9.9982E-05 0.085194 0.132475 0.105652
0.033615 0.271673 0.180417 0.214494 0.232971 9.9991E-05 0.0667294
0.0196223 0.133858 0.151759 9.9982E-05 0.00646677 9.9982E-05 0.688094
0.00294406 0.0784989 0.137613 9.9982E-05 0.0112631 9.9982E-05 0.769481
9.9982E-05 0.123243 9.9982E-05 0.0753741 0.022918 0.0273982 0.750866
0.0621612 0.0885679 0.13514 9.9982E-05 9.9982E-05 0.0789693 0.634961
0.0470233 0.0828551 9.9982E-05 9.9982E-05 0.0433857 0.0635864 0.762949
9.9964E-05 0.149964 9.9964E-05 9.9964E-05 0.0458039 9.9964E-05 0.803832
9.9955E-05 0.315559 9.9955E-05 9.9955E-05 9.9955E-05 9.9955E-05 0.683941
0.0319572 0.20496 9.9973E-05 9.9973E-05 0.000254124 9.9973E-05 0.762529
0.0261602 9.9973E-05 0.0547609 9.9973E-05 0.128081 9.9973E-05 0.790698
0.0450309 0.0486949 0.0417094 0.112586 9.9991E-05 0.0393828 0.712496
0.0326837 0.140652 0.132658 0.0390227 9.9991E-05 0.0374035 0.61748
9.9964E-05 9.9964E-05 0.18536 9.9964E-05 0.101169 9.9964E-05 0.713071
9.9982E-05 0.0374672 0.15987 0.121687 0.0542737 9.9982E-05 0.626502
0.0766126 0.068886 0.569533 0.00957668 9.9991E-05 0.0254729 0.249819
0.0380522 0.0244551 9.9991E-05 0.130039 0.689351 0.0578067 0.0601959
0.0314693 9.9973E-05 9.9973E-05 0.286899 0.645683 9.9973E-05 0.0356493
0.0218592 9.9973E-05 9.9973E-05 0.162844 0.720846 0.094151 9.9973E-05
0.013124 0.0841726 0.0482923 0.0615608 0.0499869 0.069645 0.673218
0.0620882 9.9973E-05 0.338255 9.9973E-05 9.9973E-05 0.11296 0.486397
0.0132095 0.0448013 0.0351722 0.161902 9.9982E-05 9.9982E-05 0.744715
0.0532438 0.084849 0.154145 9.9991E-05 0.0157953 0.0095148 0.682353
0.0389228 9.9973E-05 9.9973E-05 0.114803 9.9973E-05 0.0855811 0.760393
9.9973E-05 0.0519109 0.651739 0.210033 9.9973E-05 9.9973E-05 0.0860166
0.00434558 0.267978 0.705354 9.9973E-05 9.9973E-05 9.9973E-05 0.0220228
9.9982E-05 0.00210179 0.717276 9.9982E-05 0.0286061 0.188 0.0638157
0.00627494 9.9973E-05 0.951141 0.00888686 0.0333974 9.9973E-05 9.9973E-05
0.0476241 9.9973E-05 0.791324 9.9973E-05 0.0989401 0.0618121 9.9973E-05
0.0165243 0.0102668 0.972809 9.9964E-05 9.9964E-05 9.9964E-05 9.9964E-05
0.0292028 9.9991E-05 0.657232 0.0758978 0.0905202 0.120201 0.0268451
9.9973E-05 0.169581 0.193911 9.9973E-05 9.9973E-05 0.0438702 0.592338
0.127246 9.9982E-05 0.343867 0.0602227 9.9982E-05 0.0891464 0.379318
0.00616105 9.9982E-05 0.116157 0.168845 0.00547561 9.9982E-05 0.703161
0.0498314 0.135168 0.00696303 9.9982E-05 0.0792601 9.9982E-05 0.728578
0.0286417 0.17728 9.9973E-05 9.9973E-05 9.9973E-05 0.143282 0.650497
0.0150526 0.335918 0.0083213 9.9982E-05 0.612758 9.9982E-05 0.0277499
9.9991E-05 0.0159649 0.480258 0.0221118 0.143256 0.0897043 0.248605
9.9964E-05 9.9964E-05 0.782364 9.9964E-05 9.9964E-05 0.104775 0.112461
0.9994 9.995E-05 9.995E-05 9.995E-05 9.995E-05 9.995E-05 9.995E-05
9.9982E-05 0.0588902 0.0341456 0.60671 0.192442 0.107611 9.9982E-05
0.00780033 0.156387 0.0168783 0.634435 0.0741848 0.110215 9.9991E-05
0.047284 0.492469 0.163359 0.113837 0.0462766 0.136674 9.9991E-05
0.0386479 0.606694 0.0955088 9.9982E-05 0.169422 9.9982E-05 0.0895272
9.9982E-05 0.342694 9.9982E-05 0.208657 0.0331398 0.372386 0.0429235
9.9964E-05 9.9964E-05 0.7216 9.9964E-05 9.9964E-05 0.154944 0.123056
0.0445189 0.0930657 0.156426 0.190233 0.436432 0.0703552 0.00896917
0.083396 9.9973E-05 0.710292 0.101125 9.9973E-05 9.9973E-05 0.104887
0.0171678 0.0570944 0.330675 0.0348331 0.253247 0.254871 0.0521114
0.000308971 0.373303 9.9973E-05 0.614531 0.0115578 9.9973E-05 9.9973E-05
9.9982E-05 0.0842382 0.17738 0.279565 0.0384486 0.420168 9.9982E-05
9.9973E-05 0.261254 0.19898 0.427038 0.112428 9.9973E-05 9.9973E-05
0.00294552 0.812831 9.9973E-05 9.9973E-05 9.9973E-05 0.176608 0.00731529
9.9964E-05 9.9964E-05 0.144496 9.9964E-05 0.0495101 0.805595 9.9964E-05
0.000704813 0.744723 0.143247 0.111025 9.9973E-05 9.9973E-05 9.9973E-05
0.0287437 9.9991E-05 0.559705 0.0478855 0.0743409 0.0895136 0.199712
0.0433325 9.9991E-05 0.563836 0.0325339 0.00455777 0.169833 0.185807
0.0716777 0.0663466 0.612237 0.00890388 0.00406763 0.0854822 0.151285
9.9973E-05 0.333026 0.507932 9.9973E-05 0.140369 0.0183733 9.9973E-05
9.9982E-05 0.229234 0.457098 0.141981 0.106012 9.9982E-05 0.0654749
9.9982E-05 0.287578 9.9982E-05 0.0882054 0.378913 0.21417 0.0309337
0.02314 9.9973E-05 9.9973E-05 0.0780018 9.9973E-05 0.167765 0.730793
0.0415008 0.00889299 0.205165 0.0241255 9.9991E-05 0.0555667 0.664649
9.9973E-05 9.9973E-05 0.567377 0.209532 0.0868234 9.9973E-05 0.135967
0.0149372 0.53788 0.285248 9.9973E-05 9.9973E-05 9.9973E-05 0.161635
0.0545314 9.9982E-05 0.398984 0.233301 0.198609 9.9982E-05 0.114375
9.9973E-05 0.0474959 0.184074 9.9973E-05 0.659913 0.108217 9.9973E-05
0.0428593 9.9982E-05 0.295107 9.9982E-05 0.0452778 0.0315036 0.585053
9.9973E-05 0.171392 0.160733 0.00650776 9.9973E-05 9.9973E-05 0.661067
9.9982E-05 0.0358115 0.388696 0.123863 9.9982E-05 0.0362328 0.415197
0.0697515 0.183526 0.0257064 0.119048 0.397482 0.192606 0.0118797
9.9973E-05 0.0517489 9.9973E-05 0.777046 0.127083 9.9973E-05 0.0438216
9.9982E-05 0.13992 0.101322 0.517324 9.9982E-05 0.226142 0.0150918
9.9973E-05 9.9973E-05 9.9973E-05 0.748473 0.0512426 0.147535 0.0524491
9.9973E-05 0.262444 9.9973E-05 0.353407 0.254872 0.128977 9.9973E-05
9.9982E-05 0.233583 0.0245504 0.504288 0.0890759 0.148303 9.9982E-05
9.9973E-05 9.9973E-05 0.0726642 0.915097 0.0102554 0.00168324 9.9973E-05
0.00116929 0.0251778 0.0823296 0.880608 9.9982E-05 9.9982E-05 0.0105151
0.00149589 0.214251 0.00905139 0.369344 0.272967 0.117233 0.015657
9.9955E-05 0.883852 9.9955E-05 0.115649 9.9955E-05 9.9955E-05 9.9955E-05
0.0360124 0.810733 0.040203 0.0444978 0.0242309 0.0442231 9.9991E-05
9.9955E-05 0.876419 9.9955E-05 9.9955E-05 9.9955E-05 0.123082 9.9955E-05
9.9991E-05 0.275957 0.0319899 0.444667 0.153019 0.00294465 0.0913228
0.048406 0.74193 9.9982E-05 0.124027 9.9982E-05 0.0334083 0.0520291
0.00547582 0.666824 0.149354 0.00431204 0.132456 0.0305141 0.0110636
9.9973E-05 0.178244 0.0659362 0.749549 9.9973E-05 9.9973E-05 0.00597055
9.9964E-05 9.9964E-05 0.0185074 9.9964E-05 0.732294 0.248799 9.9964E-05
9.9964E-05 9.9964E-05 0.00576975 0.175464 0.818367 9.9964E-05 9.9964E-05
0.0324555 0.218813 9.9964E-05 9.9964E-05 0.748332 9.9964E-05 9.9964E-05
9.9991E-05 0.121339 0.0676285 0.0775757 0.683635 0.0057716 0.043951
9.9964E-05 9.9964E-05 0.0668306 0.234617 0.698152 9.9964E-05 9.9964E-05
0.000546601 0.103315 0.163098 0.43449 9.9991E-05 0.246358 0.0520935
0.0204094 9.9973E-05 9.9973E-05 0.0757129 0.141335 0.762243 9.9973E-05
0.00947393 9.9973E-05 0.117523 0.000331799 9.9973E-05 9.9973E-05 0.872372
0.0289562 0.138069 0.00990024 0.0486552 0.00790306 9.9991E-05 0.766416
0.00532535 9.9973E-05 9.9973E-05 9.9973E-05 0.0506857 0.124606 0.819083
9.9964E-05 9.9964E-05 0.363021 0.0721326 9.9964E-05 9.9964E-05 0.564447
0.0147277 0.064308 0.0226847 0.0992193 9.9982E-05 9.9982E-05 0.79886
0.00898539 0.0724149 0.0818799 9.9982E-05 0.110924 9.9982E-05 0.725596
0.0166694 9.9973E-05 0.128794 0.0750004 9.9973E-05 9.9973E-05 0.779236
9.9973E-05 9.9973E-05 0.0353308 9.9973E-05 0.103208 0.072189 0.788972
9.9982E-05 0.0626043 0.0457439 0.0948084 0.0286617 9.9982E-05 0.767982
0.00128391 9.9982E-05 0.066528 0.106633 0.0515711 9.9982E-05 0.773784
0.0173362 0.0105966 0.130226 9.9982E-05 9.9982E-05 0.115498 0.726143
0.0480247 0.113776 9.9991E-05 0.0412494 0.0083507 0.0539185 0.734581
0.0089834 0.0108694 9.9982E-05 0.195276 0.0307731 9.9982E-05 0.753898
0.000217342 0.0926343 9.9982E-05 9.9982E-05 0.0583912 0.0292297 0.819328
0.0187852 9.9982E-05 0.0688868 0.028057 9.9982E-05 0.104505 0.779566
0.0291057 9.9973E-05 9.9973E-05 0.0723581 9.9973E-05 0.075381 0.822855
0.0151228 9.9973E-05 9.9973E-05 9.9973E-05 0.0626044 0.110947 0.811025
9.9982E-05 9.9982E-05 0.80315 0.0882481 0.0256843 0.0211377 0.06158
9.9964E-05 0.073092 0.826979 0.0995292 9.9964E-05 9.9964E-05 9.9964E-05
9.9973E-05 9.9973E-05 0.0939778 0.0166149 9.9973E-05 0.111867 0.77724
0.0178503 9.9973E-05 9.9973E-05 0.184935 9.9973E-05 0.150819 0.646096
9.9964E-05 9.9964E-05 0.213995 9.9964E-05 0.0155517 9.9964E-05 0.770053
0.00278129 0.00691693 0.763987 0.0810841 9.9991E-05 0.0994898 0.0456413
0.00353132 9.9973E-05 0.0603624 0.926005 9.9973E-05 0.00980131 9.9973E-05
0.0351942 0.202452 9.9982E-05 0.607334 0.141575 0.0132451 9.9982E-05
9.9973E-05 9.9973E-05 0.226749 0.369362 0.384536 0.0190521 9.9973E-05
9.9973E-05 0.0889528 0.0976214 0.304057 0.509069 9.9973E-05 9.9973E-05
9.9973E-05 0.20697 0.0535787 9.9973E-05 0.628848 0.110303 9.9973E-05
9.9982E-05 0.20162 0.0187498 9.9982E-05 0.715472 0.00251508 0.0614434
0.00066389 0.348515 9.9973E-05 9.9973E-05 0.61596 0.0345614 9.9973E-05
0.00355918 0.364729 9.9982E-05 9.9982E-05 0.610986 0.000559303 0.0199667
0.0273823 0.159046 0.23342 9.9982E-05 0.549779 9.9982E-05 0.0301728
0.0632462 0.0203686 9.9982E-05 0.215385 0.653655 9.9982E-05 0.0471453
0.0023947 0.016451 0.00407512 0.821146 0.0314187 0.1056 0.0189144
0.0511109 0.0634425 9.9982E-05 0.475749 9.9982E-05 0.372294 0.0372038
0.0337096 0.0237118 9.9964E-05 9.9964E-05 9.9964E-05 0.942179 9.9964E-05
9.995E-05 9.995E-05 9.995E-05 9.995E-05 9.995E-05 0.9994 9.995E-05
9.995E-05 9.995E-05 9.995E-05 9.995E-05 9.995E-05 0.9994 9.995E-05
9.9973E-05 0.073768 0.162999 0.0573681 9.9973E-05 0.705565 9.9973E-05
0.0125133 0.608045 0.0945686 0.125012 0.0512771 0.108485 9.9991E-05
9.9973E-05 0.83092 0.0860862 9.9973E-05 0.0477368 9.9973E-05 0.034957
0.0530999 0.77057 0.0426963 0.133334 9.9973E-05 9.9973E-05 9.9973E-05
0.0136887 0.570123 9.9982E-05 9.9982E-05 0.0658768 0.324083 0.0260279
0.0317979 0.635279 9.9991E-05 0.0426033 0.0141413 0.256907 0.0191714
0.117197 0.318358 9.9973E-05 9.9973E-05 0.464086 9.9973E-05 0.100059
0.00600585 0.0925438 0.201668 9.9982E-05 9.9982E-05 0.0120045 0.687577
0.0369134 9.9982E-05 0.0822989 9.9982E-05 0.0872011 0.0610429 0.732344
0.0031196 0.0437456 0.119976 0.00739692 0.0113733 9.9991E-05 0.814289
9.9973E-05 9.9973E-05 0.0591643 0.221605 9.9973E-05 0.0287948 0.690136
0.0227841 9.9982E-05 9.9982E-05 0.131009 0.0194494 0.0988329 0.727725
0.0185167 0.384826 0.0597472 0.0125667 0.192013 0.21764 0.114691
0.0241834 0.383068 0.0512378 0.239723 0.24468 0.0570087 9.9991E-05
0.0519742 0.668507 9.9973E-05 0.170792 9.9973E-05 0.108426 9.9973E-05
0.0511755 0.19561 0.160851 0.395549 0.196615 9.9982E-05 9.9982E-05
