0.741865 0.101551 9.9991E-05 0.0784606 0.074593 0.00343094
0.71579 0.0677852 9.9991E-05 0.100569 0.103404 0.0123514
0.624552 9.9991E-05 0.00228266 0.167554 0.171789 0.033723
0.708588 9.9991E-05 0.0374565 0.0190405 0.220795 0.0140197
0.896 0.0929405 0.00955158 9.9982E-05 9.9982E-05 0.00130832
0.774428 0.126827 9.9973E-05 9.9973E-05 0.0984448 9.9973E-05
0.711798 0.0617966 9.9982E-05 0.025855 0.20035 9.9982E-05
0.76298 9.9982E-05 0.0284171 9.9982E-05 0.168285 0.0401178
0.684098 0.0427013 0.0905147 0.16435 0.00332551 0.0150111
0.454471 0.0209837 9.9991E-05 0.217588 0.28445 0.0224073
0.304172 9.9991E-05 0.122957 0.0956729 0.428734 0.0483642
0.438652 9.9991E-05 0.0602651 0.2426 0.228468 0.0299148
0.00645294 0.0815322 9.9991E-05 0.0715429 0.806244 0.0341277
0.468456 9.9982E-05 0.189737 0.21847 0.123137 9.9982E-05
0.679491 0.102138 9.9982E-05 0.154943 9.9982E-05 0.0632275
0.660712 0.0229443 9.9991E-05 0.113809 0.190808 0.0116268
0.607912 9.9982E-05 0.025126 0.260752 0.10601 9.9982E-05
0.828423 9.9982E-05 9.9982E-05 0.0763068 0.0599443 0.0351261
0.106826 0.0568932 0.0785686 0.489464 0.195251 0.0729974
0.131137 0.0231419 9.9982E-05 0.623173 0.222348 9.9982E-05
0.239995 9.9991E-05 0.0486505 0.703302 0.000771642 0.00718085
0.056682 0.085359 0.00739678 0.760297 0.0901657 9.9991E-05
9.9973E-05 0.0902813 9.9973E-05 0.881797 9.9973E-05 0.0276221
0.10214 0.0153386 0.0581411 0.781338 9.9991E-05 0.0429429
0.244428 9.9973E-05 9.9973E-05 0.687881 0.0673919 9.9973E-05
0.0306629 0.0770204 9.9982E-05 0.877993 9.9982E-05 0.0141239
9.9973E-05 9.9973E-05 0.0850171 0.873445 9.9973E-05 0.0412384
9.9982E-05 0.0511966 0.0359977 0.892398 9.9982E-05 0.0202081
0.104373 0.036816 0.0207722 0.837839 9.9982E-05 9.9982E-05
0.0518848 0.0758173 0.0710915 0.801006 9.9982E-05 9.9982E-05
9.9964E-05 0.0809271 9.9964E-05 0.918673 9.9964E-05 9.9964E-05
0.0111488 9.9991E-05 0.107614 0.856427 0.0110581 0.0136528
0.0333391 0.116248 9.9991E-05 0.785678 0.00324888 0.0613865
0.544061 0.0331171 0.00929911 0.156118 0.202174 0.0552298
0.624694 9.9973E-05 0.110489 0.264517 9.9973E-05 9.9973E-05
0.702359 9.9973E-05 0.162712 0.134628 9.9973E-05 9.9973E-05
0.711543 0.00435958 0.0260274 0.0700792 0.134782 0.0532088
0.426748 9.9991E-05 0.147033 0.161166 0.257279 0.00767493
9.996E-05 9.996E-05 9.996E-05 9.996E-05 9.996E-05 0.9995
9.9973E-05 9.9973E-05 9.9973E-05 0.740216 0.216318 0.0431653
0.729976 0.196929 9.9973E-05 0.0727957 9.9973E-05 9.9973E-05
0.617166 9.9973E-05 9.9973E-05 0.175707 0.206827 9.9973E-05
0.208917 0.171756 9.9991E-05 0.251694 0.347506 0.0200266
0.0788506 0.0941981 0.0938625 0.113815 0.569432 0.0498422
0.0128723 0.0353033 0.000181647 0.0470097 0.889097 0.0155365
9.996E-05 9.996E-05 9.996E-05 9.996E-05 9.996E-05 0.9995
0.368869 9.9991E-05 0.0914022 0.200623 0.263161 0.0758449
0.269688 0.150857 9.9982E-05 0.127279 0.451976 9.9982E-05
0.311192 0.0353157 0.0839225 0.321599 0.213159 0.0348129
9.9982E-05 0.460539 0.346343 9.9982E-05 0.163571 0.029347
9.9982E-05 0.284315 0.585905 9.9982E-05 0.105072 0.0245089
0.0980747 0.268238 0.633387 9.9973E-05 9.9973E-05 9.9973E-05
9.9982E-05 0.101036 0.624358 9.9982E-05 0.220535 0.0538715
9.9982E-05 0.178148 0.73616 0.0634372 9.9982E-05 0.0220548
9.9973E-05 0.269101 0.657302 0.0732969 9.9973E-05 9.9973E-05
0.109284 0.0784561 0.766454 0.0401419 0.00556392 9.9991E-05
0.0457844 0.556418 0.384874 9.9982E-05 9.9982E-05 0.0127234
9.99639E-05 0.996888 9.99639E-05 9.99639E-05 9.99639E-05 0.00271206
0.0188109 0.10452 0.764469 9.9991E-05 0.0593718 0.0527275
0.0677779 0.256045 0.437349 9.9991E-05 0.214433 0.0242953
9.996E-05 0.9995 9.996E-05 9.996E-05 9.996E-05 9.996E-05
9.9991E-05 0.189155 0.607063 0.0519828 0.145941 0.00575721
0.0108688 0.142287 0.217687 0.0372544 0.52486 0.0670439
0.0838644 0.0032462 0.113049 0.759259 0.000868499 0.0397134
0.137087 0.0604941 9.9991E-05 0.758182 0.0200629 0.024074
0.12023 0.0566714 9.9982E-05 0.81223 9.9982E-05 0.0106682
9.9982E-05 0.100347 0.662707 0.0186642 0.218082 9.9982E-05
9.9982E-05 0.11137 0.477911 9.9982E-05 0.357118 0.0534009
0.0345229 0.198037 0.610535 0.0467038 0.0884908 0.02171
9.9991E-05 0.198343 0.555748 0.00598411 0.195433 0.0443915
0.0300803 0.103889 0.825577 0.00476752 9.9991E-05 0.0355853
0.110263 0.109466 0.0470385 9.9991E-05 0.714305 0.0188278
0.0962942 0.108718 9.9991E-05 0.0344203 0.749173 0.011294
0.0162387 0.0880718 0.0198091 9.9982E-05 0.87568 9.9982E-05
9.9964E-05 9.9964E-05 9.9964E-05 9.9964E-05 0.986443 0.0131572
0.0175269 9.99943E-05 0.0210015 0.119089 0.80598 0.0363024
9.9973E-05 0.0397994 9.9973E-05 9.9973E-05 0.932656 0.0272451
0.0679441 0.0122382 0.0755753 0.0952094 0.719566 0.029467
0.0320963 0.150817 0.579578 9.9982E-05 0.237309 9.9982E-05
0.0218438 0.195275 0.278978 0.0260486 0.357539 0.120316
9.9991E-05 0.247642 0.553015 0.0644321 0.121603 0.0132078
9.9991E-05 0.230306 0.609349 0.0967344 0.0241821 0.039329
0.130029 9.9973E-05 0.852803 9.9973E-05 9.9973E-05 0.0168688
0.0961203 9.9991E-05 0.0774711 0.689092 0.120285 0.0169313
0.0167203 0.147126 0.167412 0.155307 0.513334 9.9991E-05
9.9973E-05 0.084154 0.0350422 9.9973E-05 0.880504 9.9973E-05
9.996E-05 9.996E-05 9.996E-05 9.996E-05 9.996E-05 0.9995
0.552054 0.021159 9.9991E-05 0.236828 0.177613 0.0122446
0.695301 0.098591 9.9982E-05 0.161398 9.9982E-05 0.0445095
0.57304 0.191188 9.9991E-05 0.110222 0.0882939 0.0371565
0.295617 0.0455647 0.0802166 0.260292 0.285779 0.0325302
0.725428 9.9982E-05 0.122024 0.139178 0.01317 9.9982E-05
9.9973E-05 0.249084 9.9973E-05 0.0212733 0.729342 9.9973E-05
0.188916 0.0115698 0.00199745 0.528396 0.237657 0.0314639
0.0637341 0.060422 0.162079 9.9991E-05 0.625128 0.0885363
0.204733 9.9991E-05 0.0571737 0.378746 0.329501 0.0297465
0.743789 0.0946968 9.9982E-05 0.156978 9.9982E-05 0.00433696
0.698699 9.9982E-05 0.0411965 0.0244422 0.235462 9.9982E-05
0.514752 0.0619675 9.9982E-05 0.166437 0.256643 9.9982E-05
0.608548 0.128782 9.9982E-05 9.9982E-05 0.247545 0.0149248
0.519927 9.9991E-05 0.0120032 0.0113379 0.440493 0.0161384
0.637047 9.9973E-05 9.9973E-05 0.0624464 0.300207 9.9973E-05
0.0961649 0.139766 0.141541 0.02337 0.575151 0.024007
0.0872214 0.0805849 0.103615 0.0581818 0.592011 0.0783854
0.0136174 0.0400666 0.188215 0.0582737 0.603898 0.0959298
0.113707 9.9982E-05 9.9982E-05 0.185617 0.699197 0.00127824
0.210055 0.0558195 0.0754264 0.154621 0.503978 9.9991E-05
0.461755 0.0557986 0.0460287 0.417907 0.0184114 9.9991E-05
0.157011 0.182961 0.649547 9.9982E-05 9.9982E-05 0.0102811
9.9991E-05 0.186628 0.607525 0.0570438 0.129318 0.0193847
0.0815422 0.201056 0.0560463 0.124664 0.536592 9.9991E-05
0.174977 0.232929 9.9991E-05 0.08096 0.491118 0.0199149
0.0750754 0.279944 9.9991E-05 0.280015 0.32591 0.0389552
9.9964E-05 9.9964E-05 9.9964E-05 0.651542 0.348058 9.9964E-05
9.9991E-05 0.116762 0.619443 0.0369219 0.193834 0.0329387
0.049518 0.321333 0.414933 9.9982E-05 0.214017 9.9982E-05
0.068052 0.169827 0.414607 9.9982E-05 0.347314 9.9982E-05
0.307746 0.0166632 0.0723328 0.492215 0.0579114 0.053131
0.669891 0.0880495 0.0212322 0.220627 9.9982E-05 9.9982E-05
0.710225 0.0040118 0.0451035 0.0280309 0.176477 0.0361519
0.760594 0.109149 0.0538204 0.0762366 9.9982E-05 9.9982E-05
0.595527 0.000269618 0.0207391 0.343899 0.0394655 9.9991E-05
0.673625 0.0502198 0.02407 0.183675 0.0498067 0.0186026
0.75769 0.0441243 0.0321221 0.165863 9.9982E-05 9.9982E-05
0.830613 0.0938127 0.00438065 0.0387838 9.9991E-05 0.0323101
0.400996 9.9982E-05 0.10334 0.358438 0.137026 9.9982E-05
0.628843 9.9982E-05 0.0247034 0.130984 0.215269 9.9982E-05
0.513392 0.0189717 9.9991E-05 0.275223 0.170236 0.0220767
0.610692 0.0288156 0.00354115 0.144389 0.189127 0.0234355
0.505851 0.00928629 0.15161 0.211976 0.115507 0.0057689
0.652519 0.0381281 0.0614802 0.0692576 0.144821 0.0337938
0.421669 0.0712535 9.9982E-05 0.259291 0.247587 9.9982E-05
0.819458 0.0741171 0.0313311 0.0748938 9.9982E-05 9.9982E-05
9.9973E-05 0.0507117 9.9973E-05 0.831458 0.11753 9.9973E-05
0.032534 9.9973E-05 9.9973E-05 0.923641 0.0435247 9.9973E-05
0.0123744 0.020682 9.9982E-05 0.930367 9.9982E-05 0.0363766
0.0955153 0.0425834 0.0794331 0.778254 9.9991E-05 0.00411437
9.99879E-05 0.0917782 9.99879E-05 0.772143 0.128001 0.00787704
0.601178 9.9973E-05 0.125135 9.9973E-05 0.273387 9.9973E-05
0.611856 9.9991E-05 0.0132588 0.171684 0.174036 0.0290656
9.9964E-05 0.481845 0.517755 9.9964E-05 9.9964E-05 9.9964E-05
9.9991E-05 0.115557 0.756089 0.0766592 0.0151954 0.0363992
9.9982E-05 0.133567 0.815427 0.0455423 9.9982E-05 0.00526381
9.9982E-05 0.0982466 0.593341 0.0532819 0.254931 9.9982E-05
0.0219361 0.147856 0.808039 9.9982E-05 9.9982E-05 0.0219694
9.9982E-05 0.342668 0.586479 0.0664468 0.00420639 9.9982E-05
9.9982E-05 0.0551908 0.892103 9.9982E-05 0.0230085 0.0294981
0.0107905 0.300902 0.619883 0.0458511 0.022474 9.9991E-05
9.9982E-05 0.15583 0.754036 0.0460344 0.0438996 9.9982E-05
0.00124395 0.445738 0.48461 0.059387 9.9991E-05 0.00892154
9.9982E-05 0.0322898 0.832114 9.9982E-05 0.0862865 0.0491093
0.0453666 0.142524 0.708848 0.0500739 0.0275427 0.0256441
9.9982E-05 0.155842 0.73663 0.0923764 9.9982E-05 0.0149518
0.00415818 0.294775 0.647274 0.0488335 9.9991E-05 0.00486002
9.9982E-05 0.248565 0.675636 9.9982E-05 0.0713266 0.00427235
0.0445565 0.0601512 0.881733 9.9982E-05 9.9982E-05 0.0133589
9.9982E-05 0.172136 0.774419 0.0219348 9.9982E-05 0.0313106
0.0155805 9.9982E-05 0.168772 0.0175974 0.79785 9.9982E-05
0.00251905 9.9964E-05 9.9964E-05 9.9964E-05 0.997081 9.9964E-05
0.00876615 0.0892882 0.796301 9.9982E-05 0.105445 9.9982E-05
0.201756 0.441303 0.334059 9.9982E-05 9.9982E-05 0.0226828
9.996E-05 0.9995 9.996E-05 9.996E-05 9.996E-05 9.996E-05
0.127468 0.254093 9.9973E-05 9.9973E-05 0.61814 9.9973E-05
0.902469 9.9973E-05 0.0672938 9.9973E-05 9.9973E-05 0.0299372
0.71236 9.9982E-05 0.0190969 0.255609 9.9982E-05 0.0127342
0.327441 0.0783501 9.9982E-05 0.447191 0.146818 9.9982E-05
0.255586 9.9982E-05 0.00430676 0.594889 0.145018 9.9982E-05
9.9973E-05 9.9973E-05 0.0160433 0.787102 0.196554 9.9973E-05
0.0662412 0.0935855 0.020581 0.819392 9.9982E-05 9.9982E-05
0.182364 9.9991E-05 0.0126573 0.700358 0.0831566 0.0213644
0.0122747 9.9991E-05 0.025805 0.78675 0.158849 0.0162216
9.9991E-05 0.0761831 0.0254616 0.737469 0.122322 0.038464
0.0632562 9.9982E-05 0.11928 0.76734 9.9982E-05 0.0499238
0.815166 0.0813094 9.9991E-05 0.0471067 0.0417305 0.0145878
0.754592 0.0514543 0.0792799 0.00427315 0.0443979 0.0660023
0.757143 0.117548 9.9982E-05 9.9982E-05 0.0844059 0.0407029
0.715251 9.9973E-05 0.0717635 9.9973E-05 0.212686 9.9973E-05
0.749469 0.123133 9.9982E-05 9.9982E-05 0.120783 0.00641443
0.637649 0.0803558 9.9973E-05 9.9973E-05 0.281696 9.9973E-05
0.572463 0.0707146 9.9982E-05 0.179508 0.177114 9.9982E-05
0.462393 0.0392991 0.0297033 0.226145 0.222637 0.0198225
0.638881 9.9991E-05 0.0835094 0.0661741 0.145163 0.0661733
0.532152 9.9982E-05 0.139639 0.179949 0.14806 9.9982E-05
0.629232 9.9991E-05 0.115164 0.165431 0.0643909 0.0256824
0.0115109 9.9991E-05 0.13153 0.690661 0.0275461 0.138652
0.0184623 0.639126 0.207077 9.9991E-05 0.123994 0.0112413
9.9991E-05 0.222579 0.609794 0.0903005 0.0329836 0.0442434
9.9982E-05 0.0738394 0.824143 0.00965713 0.0921603 9.9982E-05
0.0458323 9.9982E-05 0.842822 0.0535779 0.0575683 9.9982E-05
9.9982E-05 0.064094 0.799956 0.123394 9.9982E-05 0.0123569
0.433619 0.170715 0.00383264 0.243869 0.111651 0.0363124
0.519542 0.0487917 0.00818842 0.251241 0.15778 0.014458
0.763952 0.0351405 0.0282799 0.115588 9.9991E-05 0.0569395
0.545476 0.0702328 9.9991E-05 0.191811 0.138309 0.0540718
