0,40.7093095644677,41.3645645716356,39.8379417836241,51.6628543088859,51.6834119453635,55.6908230268011,47.5797839505539,74.3776302953218,74.5586076043049,94.6689098390499,66.8564287978216,68.2108330146918,69.6478637029922,80.6387030044555,69.6494209435847,63.5427789108346,66.3004795394003,64.9261361719748,60.1573419727473,43.5591898343555,46.9000057389483,44.1121386340842,97.2407193317187,109.673535996853,126.6123127373,95.6833932814188,96.9213445510865,65.8148793211927,68.2135370387143,68.3506823058176,77.9741603265889,88.7141414471097,49.2785779386175,67.0771155999252,69.3902559589597,61.9747328642847,88.7807737651172,87.5198542004465,88.6943432199947,97.2765404506864,101.051366002607,105.434418292476,104.366128406936,94.5953330665052,97.7918465544367,100.588689133752,96.7283538079613,97.2360990611161,94.0423563882325,95.6142276951907,51.3126005245712,49.3060577480855,50.7732200633403,50.9122240620707,51.0320689274253,47.9138813862619,48.1190871378324,41.8462644459476,41.7402370626159,41.9705849160485,41.7224846106487,42.4339077183472,103.75141838177,64.9684377478418,60.1190255339801,98.9635295506426,100.327422525194,99.1810790215484,93.9850235292137,91.5830784566735,99.1052753536754,93.1176985163929,95.8804856798458,92.0930880644322,61.1475021981844,60.2008470033807,97.8407126914644,48.500940513732,59.1737345361458,68.2687560398124
40.7093095644677,0,45.2842087978912,37.7567835454739,45.1284373501916,52.8295674629702,56.025506252756,45.03650554129,74.9004574275154,75.0840538419047,96.0816560146374,67.4246719154612,68.7711081736932,70.1982913522678,82.2024384199419,71.1562139398042,64.7374051405393,67.50686302096,66.1070273685308,61.3800820456328,45.3446830305923,48.7138287253272,45.9356458667853,98.3651830998193,111.185064554586,128.108645383089,96.6186183895679,97.9118877124471,67.4726060483035,68.6826935559159,68.8098725122512,78.478803147896,90.2109322360537,51.1194322497119,68.5693027867972,70.8838866521922,62.5634848244603,90.2196347669122,88.9610900369611,90.1329591936717,98.7006911596764,102.474558467549,106.855203216519,105.786073561208,96.0173224726566,99.2194910935894,102.012106960269,98.1536593587992,98.6597397276412,95.4664347024009,97.0443276581321,52.7351094519771,50.747707044684,52.2279925515129,52.263944676488,52.6235826052559,49.5004264944345,49.6790226566374,43.5166751427883,43.6302063237781,43.9342993443093,43.7120992528107,44.5443453258908,104.803722257011,65.2266652423296,60.9189715622011,100.416566944345,101.782720616999,100.635290314796,95.4380576051935,92.9935479466281,100.516057653431,94.5354651761471,97.2989777623047,93.4967858166483,62.2725729980316,61.3423710302632,99.2366379629046,49.8956838210073,61.3400147009302,68.7429649936944
41.3645645716356,45.2842087978912,0,49.0005279729399,56.4114573863596,43.0077484636662,52.2605138135656,41.7941947352457,76.930389739127,77.0941303078152,96.6661158965326,69.5459827143191,70.8937389404125,72.2802524851532,82.6777772326647,71.6188027956351,67.0256111228275,69.7610454085693,68.3842801188014,63.6372857343179,46.9209961615214,50.0904399574079,47.3829411888668,98.9361063724583,111.806635774357,128.719303046211,97.3574670647689,98.5792380801145,68.0755873071628,70.2410696619468,70.3615715060632,80.2005737953634,90.7982837498035,52.1757217475346,69.0154981747556,71.3118678541875,64.7213700727718,90.8001538801284,89.5422748588002,90.7150568098611,99.2779552438737,103.052929510848,107.432421788127,106.364471064808,96.600552475696,99.8026956221388,102.595914079944,98.7367477014212,99.243780164002,96.0497378516065,97.6277041369718,54.8265116904652,52.8314149977647,54.2697101540819,54.452518292485,54.4131425047985,51.3250296371352,51.5659262262188,42.4740631773761,45.1285986952799,45.3099852172192,45.1685462179177,45.8086251077029,107.07849523745,65.3208596241161,61.6366193546684,101.004890777615,102.371703446803,101.223804250732,96.0260901656303,93.5758181955328,101.097820179771,95.1186083010776,97.8818230525275,94.0789791070782,62.5520441064084,61.6535324195492,99.7037728364918,49.6003656083477,61.5845178617012,70.8135985645053
39.8379417836241,37.7567835454739,49.0005279729399,0,38.0562407669085,53.273828935804,54.8575982447388,46.841091626414,69.134744846808,69.3382348337327,90.8592636320207,61.4899948888663,62.8453668851133,64.3337819334879,76.9235750439412,65.9511578836559,57.8548203932961,60.6545869366997,59.2548301707869,54.5046860171287,38.7027319454171,42.260709542665,39.4019422695489,93.4753364694614,105.816265631112,122.767574939903,91.7777404451265,93.0786449546385,61.9658545305388,63.5449118083929,63.6943755321202,73.099648456086,84.8927448255143,44.9784107164216,63.3961210980753,65.7269935916848,56.5587150165301,84.9722479808687,83.7104132676688,84.8842738192316,93.4728144622737,97.246643810325,101.631095759407,100.561725958843,90.7859169329056,93.9818501968434,96.7785467826347,92.9187233141337,93.425701010217,90.2326439140977,91.8037975223852,45.8400567276681,43.8416034366065,45.358259117179,45.3269750292852,45.9072159088994,42.7501841389858,42.883789912924,39.4201894777927,36.9976799305825,37.3809291745611,37.0605279962961,38.0163225176053,98.1059871849518,61.8771619736344,56.2637189056164,95.1457166221979,96.5087106807371,95.3629511002398,90.1675015766413,87.7758469980002,95.2985137863962,89.3088207388418,92.0718258378928,88.2866560162833,57.6609456802922,56.6826669323174,94.1478728970509,45.5026101832681,55.7686791596733,62.9962105490088
51.6628543088859,45.1284373501916,56.4114573863596,38.0562407669085,0,59.2620198807782,60.3728618399003,51.5607062175052,74.1967061074539,74.404441427459,96.665564537773,66.5803441504039,67.9287469910882,69.4130938237099,82.837298584136,71.8236212603561,63.4924839518859,66.3028320797492,64.8796055197687,60.1681655786973,44.8425616667466,48.4058687118838,45.5613777177985,99.0734300343251,111.697010683476,128.636722735938,97.2372589997272,98.5800027497308,67.9520823181613,68.6196842622659,68.7636466410006,78.1789268514936,90.7615105186249,51.1213323070075,69.25776113238,71.5892785784449,61.662998151086,90.797887233623,89.5378319273553,90.7097661651657,99.2874599983529,103.060598647915,107.443241159284,106.373269466646,96.5990705233326,99.799208898752,102.592774221746,98.7343401926815,99.2400989543828,96.0473524678268,97.6229859255623,51.6844195816958,49.7043718240969,51.2298443452841,51.1099583118185,51.8891928443246,48.7303536682153,48.8440263828555,45.3814761334227,43.2196846236969,43.6485861509,43.362722685782,44.3882041528503,103.613239591863,67.1154231249978,61.6384720311496,100.982081646519,102.346773437449,101.200193714005,96.0038565731418,93.5804184639841,101.103309219099,95.1188324298723,97.8823714008389,94.0861950905003,63.2726882189158,62.3036886760344,99.9407454574498,51.3022415858928,62.0745330929413,68.0144641614006
51.6834119453635,52.8295674629702,43.0077484636662,53.273828935804,59.2620198807782,0,42.7723455883047,38.5424162402302,77.0653841686321,77.2132603902512,96.2782202471469,69.7992687504749,71.1418801423701,72.4839321526597,82.3353702397016,71.2080163827974,67.9522970418162,70.669701840701,69.290529752442,64.5620948902479,47.7765655499937,50.8035697002693,48.1667115252762,98.2553071756943,111.547433382108,128.435487433814,96.6585767964855,97.8630173381705,67.9435093304415,69.9046157291497,70.0110527918773,80.0420469099685,90.4934376313565,52.6381233436361,68.5748226833073,70.8554851500915,65.0239749911911,90.4334979168044,89.1785081993064,90.3496395517096,98.8942024259823,102.669298315712,107.045410090324,105.977762235211,96.2203235837968,99.4278396526253,102.217588195491,98.359550956043,98.865885057248,95.6715708316406,97.2553520343954,55.7835444678742,53.7983222371706,55.213418407059,55.4291199366762,55.2656480936172,52.202952150996,52.4725081295957,40.6883828970831,46.0220499670849,46.1763355678153,46.1263129759236,46.7335608509828,107.874633725233,63.2009825094669,60.7870943356409,100.659033584406,102.028616220902,100.879244269907,95.6799594341468,93.1836933030091,100.705517127891,94.7342680970906,97.4978961086803,93.6803145282355,61.5759297751402,60.7270204249165,99.1880219918098,48.3074407191208,61.7053654017863,70.947434291035
55.6908230268011,56.025506252756,52.2605138135656,54.8575982447388,60.3728618399003,42.7723455883047,0,40.8253051048016,75.8371707579511,75.9708876715041,94.5308615720525,68.6666900654611,70.0059957912448,71.3110057928308,80.6284796497753,69.4396240827593,67.3350362134437,70.0376287313195,68.6576890546002,63.9421036108254,47.0881291793757,50.0003960117534,47.4215041070057,96.2482242790549,109.911810630682,126.778448039795,94.6457924513805,95.8297683184551,66.4219445419354,68.2732749067641,68.3690502270041,78.5612256283916,88.8180306119624,51.6301528460213,66.7796044120016,69.0462718568552,63.9311911330472,88.7043977532681,87.4519199498045,88.6216424042673,97.1502409299399,100.925468785824,105.298627547718,104.231270894996,94.4795542452398,97.6917109892384,100.478476467168,96.6213975337224,97.1271508561243,93.9325843180646,95.5213901276174,55.1808863734277,53.2027472375892,54.5990282663688,54.8445697683791,54.5736302997393,51.5318312535162,51.8251727362318,37.6709637467427,45.367252557981,45.5040340221601,45.5257845127797,46.1153612476562,107.159815889412,59.7021013534897,58.6400783931424,98.9480515868504,100.320038400627,99.1693863820034,93.9687364987245,91.4326197481358,98.9542756498964,92.9899449551474,95.7539224026919,91.9235837934549,59.278561410081,58.478630132007,97.3252196149016,45.6882287770507,60.4662003205383,69.7260839237119
47.5797839505539,45.03650554129,41.7941947352457,46.841091626414,51.5607062175052,38.5424162402302,40.8253051048016,0,71.4218335655088,71.5749294996445,91.777822273365,64.1867283220727,65.5217913864732,66.8600402234008,78.0050460913877,66.8348933199743,62.8373567378414,65.56826624622,64.1658193983867,59.4734445789165,43.2243986833273,46.3337942578992,43.6761929388762,93.5083489744405,107.117466180368,123.996651365266,91.6806959924652,92.959941116118,63.6418822877159,64.2655519336612,64.3608576748434,74.4231465813848,86.0637683939924,48.295374781527,64.195783557727,66.4848728680622,59.4252516392198,85.956930564156,84.703719222973,85.8722632886975,94.4062881412307,98.1801440984749,102.554633633821,101.485819962441,91.7282970557274,94.9406595930494,97.7265645828188,93.870414442782,94.3749635784635,91.1813032047028,92.7702068388319,50.8765130391551,48.9062371500868,50.3400244001651,50.4515605188455,50.5475367306355,47.471211248514,47.7069120850596,37.3385632860134,41.5406794158185,41.7678721583954,41.696435687026,42.4174043473499,102.645808448717,57.2894885531011,55.6733298542916,96.1916291888044,97.5628954069908,96.4127717253798,91.2126625799514,88.6821767533374,96.2044604751081,90.2386627425356,93.0030241074458,89.1730335562914,56.9349433349649,56.0896363924222,94.7182841845579,44.1829579295278,57.8420685637323,65.2502747737493
74.3776302953218,74.9004574275154,76.930389739127,69.134744846808,74.1967061074539,77.0653841686321,75.8371707579511,71.4218335655088,0,33.4544267156939,102.978725405593,45.1822041018039,45.659724778097,42.7039110715986,90.8327641035986,79.2894860814698,68.8878063239408,71.4341625436455,69.6812177856111,65.8292947220324,55.9790948827054,59.3580638152058,56.6878559302771,102.684954693358,119.125460987277,135.897406581427,98.5063254022987,100.716403002153,76.837700321348,60.4728768746141,61.1153079977962,64.0175456785861,98.0381038996351,61.7822005551735,76.6076543018843,78.9763679541192,43.3094266215925,97.4197501835805,96.1863148882327,97.326834706082,105.744164551431,109.504552730397,113.861262988503,112.779746189923,103.021678422518,106.28754329573,109.03113937064,105.195670162246,105.680724863787,102.494120446768,104.139612003101,60.4430717274071,58.7864720613112,60.2410393880778,59.2619122014124,61.8424896937135,58.7266283036165,58.7265021767893,55.9369235059202,54.8214523332585,55.3846187899921,55.3682060794064,56.5574946734743,104.444647373417,76.1310512866367,63.4018443470975,107.759740334677,109.150036080091,107.991283255573,102.781742429109,99.8709878126894,107.398382376079,101.492535215938,104.264963396381,100.298690490008,68.7196815665381,67.6423977649836,106.344777247025,59.8142120366629,73.3860301132364,48.9783054045501
74.5586076043049,75.0840538419047,77.0941303078152,69.3382348337327,74.404441427459,77.2132603902512,75.9708876715041,71.5749294996445,33.4544267156939,0,103.018860030707,45.4829018586353,46.3423821547358,43.3419314020638,90.915883953495,79.358347271015,69.1528538330858,71.6956873834268,69.9469616415235,66.089548256779,56.1762504745139,59.5443132964902,56.8785632066994,102.656368540058,119.197914302078,135.964851219842,98.4217199519748,100.653865048106,76.9483797756554,60.3266898250387,60.9944855308785,63.5501478155035,98.1052922737281,61.9495711954927,76.6731248473371,79.0424169947685,43.4800616526141,97.4684741836926,96.2358007264316,97.3754600989675,105.788190017796,109.548242786086,113.904204088674,112.822386575177,103.064866083438,106.33257731757,109.07478173777,105.239942933325,105.724435679495,102.537988521622,104.185444758998,60.6780245762977,59.0193356937839,60.4716520095116,59.5061384276237,62.0528690816189,58.9393063607128,58.9435745703921,56.0429414022205,55.0159594300975,55.5748713425894,55.5620752615715,56.7457079155314,104.717256096873,76.2165950417299,63.3596722430751,107.813027928131,109.204059725472,108.044952890886,102.835028850208,99.9104494104398,107.437961383657,101.534347081274,104.307019200385,100.335961721938,68.74390982692,67.6631894957935,106.385895432683,59.8934772280804,73.5342921849542,49.9842410699037
94.6689098390499,96.0816560146374,96.6661158965326,90.8592636320207,96.665564537773,96.2782202471469,94.5308615720525,91.777822273365,102.978725405593,103.018860030707,0,96.0391196095458,97.4047230065181,98.5666214402635,85.1909700581127,70.0563396763794,95.2191189737362,97.8054908757685,96.502307561136,91.723531945322,73.5731272769758,75.4142035105643,73.5053906626183,106.215278716547,91.6600763100907,104.376923941044,110.957771691791,111.059964741014,76.8563306020901,94.4601013092897,94.671343724626,104.596065755141,72.6593051972797,75.2233126448977,68.2597034655638,72.3079243157631,91.4136866083972,50.6459283580135,49.7001740436759,48.0245564841345,59.1331536560632,60.7756583572774,66.8026487465148,63.471098614951,40.6095308420128,47.4080765163854,44.4447406282315,45.2650306867628,39.991188527948,40.9562328397491,46.3894563523797,82.4163837709979,80.45679166971,81.6342265147321,82.4331406270504,80.3872713554443,77.6761269616285,78.3037862959374,71.5749621553569,72.5503408761851,72.8478353948877,73.3718597954997,74.2440614592907,134.988798512403,95.3977998669385,82.4674102851106,60.9071371932171,63.4158514094814,61.8617079184082,56.2159326984059,40.5715379687058,49.7423382737703,37.7134690124352,42.2430402962574,44.0316582503283,81.3794783406557,79.1125981418147,96.9563957664582,74.3947997940326,87.9542759516647,97.2403025943549
66.8564287978216,67.4246719154612,69.5459827143191,61.4899948888663,66.5803441504039,69.7992687504749,68.6666900654611,64.1867283220727,45.1822041018039,45.4829018586353,96.0391196095458,0,23.8447614994785,32.1319327040986,83.6933766583142,72.2324956600985,59.7626701505936,62.235119422731,60.4265211846945,56.7436252639327,48.0555273828172,51.5160087672858,48.8185335541262,96.1622368286961,112.009317938364,128.810047366061,92.2684377994177,94.3818699782325,69.5204113519855,55.5476840005929,56.126232016839,60.0021013950624,90.9581132032224,54.0876633509039,69.5744212649864,71.9450133982085,25.4134411258054,90.437262605816,89.1996995160493,90.3443700636563,98.7869340058643,102.548688833654,106.90964416722,105.829287726443,96.066807071161,99.3231945078846,102.07374568232,98.235269517415,98.7229049014388,95.5357299577229,97.1711056766371,51.9814725260753,50.3828696572526,51.8401642368463,50.6672522268486,53.7088263035427,50.5776592077154,50.5300880328861,48.8409927875854,46.9491818229151,47.5549095815077,47.5224463535577,48.765703366832,94.3034857101958,69.3519837079638,57.1900249645044,100.751465238232,102.137787980236,100.980989237699,95.7735566136673,92.9355986788339,100.462563745033,94.5447616616672,97.3160350020755,93.3746175954167,62.0783744882658,60.9991788452999,99.4434737134203,52.8800995984682,65.9026720222333,45.5650667718752
68.2108330146918,68.7711081736932,70.8937389404125,62.8453668851133,67.9287469910882,71.1418801423701,70.0059957912448,65.5217913864732,45.659724778097,46.3423821547358,97.4047230065181,23.8447614994785,0,31.7363732420178,85.0599260869817,73.5967216579038,61.3001188410763,63.7888262975232,61.9851458804714,58.279414094499,49.4565131296028,52.9129379090868,50.2162040478148,97.5143602635661,113.379040503058,130.178950661463,93.6165357811891,95.7296969471195,70.8938825089281,56.7842427608374,57.3567731005809,61.2952802097082,92.3262216562178,55.4765197983618,70.9375721651464,73.3076005499037,29.2180303653599,91.8034507499565,90.5659802347284,91.7106105766003,100.152576981734,103.914347581903,108.275188661627,107.194854464313,97.432621525621,100.689167270449,103.439622744084,99.6011719132438,100.088797235964,96.9016060821299,98.5371541609038,53.4370848026372,51.8308271376322,53.2896616397335,52.1363919708863,55.1322258847525,52.0016186886953,51.9580022279281,50.1883320874316,48.3443565381328,48.9469139102313,48.9140861083832,50.1535652636376,96.0069061152919,70.6716443847114,58.5128591840298,102.118342485532,103.504752955571,102.347906545768,97.1404232226644,94.3010492250364,101.828002719572,95.9104536786209,98.6817357484615,94.7398714911163,63.4162666823274,62.3391797512582,100.803774445618,54.2229483941124,67.2747128213086,46.142643776474
69.6478637029922,70.1982913522678,72.2802524851532,64.3337819334879,69.4130938237099,72.4839321526597,71.3110057928308,66.8600402234008,42.7039110715986,43.3419314020638,98.5666214402635,32.1319327040986,31.7363732420178,0,86.3123577948622,74.8150676986606,63.2321122410118,65.7361560197481,63.9513040129009,60.1962877335215,51.0135099210712,54.4391454855772,51.7534044351814,98.5072997124244,114.615707778068,131.403670466317,94.4858854049523,96.6438806726616,72.216961190388,57.2929919713019,57.9013912173643,61.363582151749,93.5488371870719,56.9477395712279,72.1467636374309,74.5168563068437,33.2587076178712,92.9842024355886,91.7484857171243,92.8912640415763,101.322563333031,105.083675147346,109.442745225926,108.361836682734,98.6012273624059,101.861891107802,104.609290084251,100.772187691447,101.258636086232,98.0717361459717,99.7116739394069,55.1682025947389,53.5449078717506,55.0010465634435,53.9105971004023,56.7558851929376,53.6312845834267,53.6039362164642,51.450309287026,49.8855735766655,50.4732941216319,50.4477678499503,51.6682180062301,98.2059303135037,71.8337497982213,59.4168257460819,103.309867878643,104.697969135026,103.540298614132,98.3319249854531,95.4612553377481,102.988427216042,97.0759820441056,99.8477837241393,95.8951742802401,64.4886220724474,63.4088103709233,101.956990741813,55.4196757751834,68.6741965971538,46.8269453449599
80.6387030044555,82.2024384199419,82.6777772326647,76.9235750439412,82.837298584136,82.3353702397016,80.6284796497753,78.0050460913877,90.8327641035986,90.915883953495,85.1909700581127,83.6933766583142,85.0599260869817,86.3123577948622,0,50.1690845776793,81.4045337517726,83.990337808966,82.7198527563487,77.8763057332381,59.0011261204034,60.665011670223,58.8338932878549,99.9608037920292,99.6216091183988,116.326754851803,102.917640921757,103.194541667369,57.4410792276556,82.9286994745633,83.1048955371079,93.0516514761523,76.7703939425629,60.07044542663,51.4732802160502,54.9644490818342,78.9751998529522,78.3954895560331,77.0963284517801,78.3923105522316,87.1916322692584,91.0390663004456,95.4502825143163,94.4525559502813,84.8141174201772,87.8518784392977,90.7925717762242,86.848529119867,87.4441250270142,84.2061027505364,85.6136601490661,68.2896103513176,66.3048208185722,67.4670476295354,68.3928768897564,66.0385804915717,63.3347019283454,64.0002810024873,57.3587543512471,57.9615666468998,58.2161355393553,58.811523415364,59.6426745116919,121.455253801055,82.1204635948187,71.2997626683892,88.583483939759,89.9208335796632,88.7783480475909,83.5881889552977,82.0908305829416,89.5860578728706,83.4509024899309,86.1814907372347,82.7963231310781,69.368541285009,67.3746675081443,89.6592192758306,60.4856037239108,72.8459945914874,84.992093215096
69.6494209435847,71.1562139398042,71.6188027956351,65.9511578836559,71.8236212603561,71.2080163827974,69.4396240827593,66.8348933199743,79.2894860814698,79.358347271015,70.0563396763794,72.2324956600985,73.5967216579038,74.8150676986606,50.1690845776793,0,70.578114472936,73.1696163687983,71.8810230998433,67.0691395747165,48.5259652313052,50.3083920249142,48.4084349400696,86.1666116477471,86.3438265764854,102.625678684836,89.9617426977097,90.0857208046125,50.5951858022685,71.1026219573311,71.2834557927016,81.2829487592082,62.6562212642574,49.9376725345173,26.8132350697428,32.9581499455954,67.5513823015226,63.3051950049238,62.048195382319,63.3581592385148,71.8746916293453,75.7571698538531,80.1090499848173,79.1497144106286,69.7018875744128,72.7788654353744,75.7109826324143,71.7547259606332,72.3723646578456,69.111286844837,70.564298584389,57.6317522398357,55.6556053924396,56.8375793638879,57.6793371191303,55.5600104574912,52.8282696682649,53.4571444811045,46.1482969929765,47.4362568306598,47.6844230719102,48.2344212448906,49.0505139214131,110.506371835816,70.6250640785717,59.0921947860108,73.8703095248059,75.2460455451111,74.0803042930758,68.8657002912968,66.8644860054433,74.3438723700329,68.3057806298234,71.0308558410626,67.5231771697753,56.9284112900126,54.7393228578248,72.4833899824782,48.9854806853333,62.2737426823998,73.4701716896177
63.5427789108346,64.7374051405393,67.0256111228275,57.8548203932961,63.4924839518859,67.9522970418162,67.3350362134437,62.8373567378414,68.8878063239408,69.1528538330858,95.2191189737362,59.7626701505936,61.3001188410763,63.2321122410118,81.4045337517726,70.578114472936,0,34.384345250238,26.385718722779,25.4068992968745,39.5082667933441,43.6005753780257,40.7604886498136,98.5278782768481,109.801035651855,126.831108041576,96.697018181859,98.114058799156,65.7990918595264,66.7820146326921,67.0449750900035,75.0807653676057,89.0510766060597,47.4246560268662,68.1102432654018,70.5052140682636,54.1230916565942,89.2876284913248,88.017759367655,89.1940205151718,97.834446225763,101.606170792835,106.000578076773,104.928560856333,95.1293309349705,98.312394800477,101.116434574146,97.2550850277781,97.762166334353,94.5709820423739,96.1280385828344,35.4244063678868,34.9401982385418,36.2677692813819,31.7116087459033,41.998281336873,38.7629290176012,38.1227974670558,47.445584498104,39.1794692958248,40.2176300931498,40.2020985591365,41.9522378951398,78.6404769364593,70.4449663526871,61.7030335655824,99.3978039329024,100.752996771325,99.6115952907497,94.4207591907993,92.1493744977555,99.673283912644,93.6622552466346,96.42475321975,92.6759648515013,63.6547388938574,62.5457707978971,98.9761596200751,52.5004798189583,61.3957906943682,63.3893857619036
66.3004795394003,67.50686302096,69.7610454085693,60.6545869366997,66.3028320797492,70.669701840701,70.0376287313195,65.56826624622,71.4341625436455,71.6956873834268,97.8054908757685,62.235119422731,63.7888262975232,65.7361560197481,83.990337808966,73.1696163687983,34.384345250238,0,28.0412986868725,22.5075803583312,42.0580517751262,46.1373046801125,43.3145876443367,101.14606028386,112.370487373989,129.403892574688,99.321234511398,100.737960522298,68.3623510085244,69.4097788271288,69.675622875147,77.6801534473083,91.6272085248332,49.9751757631903,70.7047749031789,73.1016629230474,56.5540092465038,91.8713707443311,90.6011327654901,91.7775878156944,100.420350004207,104.192050280396,108.58688689726,107.514822999214,97.714745445981,100.897133885566,103.701604498695,99.8401195591395,100.347279782243,97.1561365758634,98.7124609763842,37.0342333599186,36.9307680193871,37.9029507876819,33.6761945407729,44.149327770368,40.951404223225,40.2827482742366,50.1063247915144,41.7926395573471,42.8418920184988,42.8493531150059,44.6061870332528,73.8800353822664,73.1201370484703,64.3423560764841,101.978820888101,103.333654330548,102.1924462927,97.0018160118602,94.7362882067869,102.260222494714,96.2481872932399,99.0106354915227,95.2636955674134,66.2914197459341,65.1794883890496,101.577109956802,55.1488554051788,64.0313729998127,65.9924806443284
64.9261361719748,66.1070273685308,68.3842801188014,59.2548301707869,64.8796055197687,69.290529752442,68.6576890546002,64.1658193983867,69.6812177856111,69.9469616415235,96.502307561136,60.4265211846945,61.9851458804714,63.9513040129009,82.7198527563487,71.8810230998433,26.385718722779,28.0412986868725,0,22.472214203372,40.9597900483206,45.0314249476668,42.2010955429556,99.7498435254584,111.109657105374,128.135684381985,97.875546464312,99.3075546386252,67.1395398547541,67.8087164830371,68.0782804267064,76.0273217854757,90.3550651136425,48.8297913837943,69.4098068591151,71.8047798623611,54.71977963235,90.5772527902567,89.307983297087,90.4836109663054,99.120384858988,102.891885812896,107.285684911447,106.213473385833,96.4148068132542,99.59927681637,102.402273526432,98.5413836910156,99.0480640352484,95.8569784635311,97.4155339274216,36.7204530324609,36.3633470584539,37.5462460656054,33.2202243658037,43.3788322306252,40.161564735476,39.5266764171658,48.7611544385781,40.6335934681168,41.6645580187031,41.6562593884479,43.3957605332619,75.4063238900841,71.7051002021198,62.8812446165377,100.691100686487,102.046869732122,100.905187765758,95.7140485493567,93.4319788573656,100.955961495177,94.9466800593517,97.7093549569746,93.9568920646817,64.8975174118963,63.788613983022,100.255572943718,53.7898251876796,62.7774403667534,64.2551078147719
60.1573419727473,61.3800820456328,63.6372857343179,54.5046860171287,60.1681655786973,64.5620948902479,63.9421036108254,59.4734445789165,65.8292947220324,66.089548256779,91.723531945322,56.7436252639327,58.279414094499,60.1962877335215,77.8763057332381,67.0691395747165,25.4068992968745,22.5075803583312,22.472214203372,0,35.7983511583065,39.8961769496381,37.0672497133061,95.1316664576041,106.259700727254,123.297825383614,93.3512412127908,94.7530488261147,62.218537714672,63.5909513485443,63.85085993053,71.9347940586233,85.5224255387233,43.7633888141843,64.6082668577222,67.005559068847,51.1207148364443,85.7824639280754,84.5115525187662,85.6886778280639,94.3355603395342,98.1074776578913,102.50300898679,101.4311282896,91.630312447307,94.8111616134411,97.6167592707121,93.7547890810219,94.2623642947827,91.0711316556591,92.6258126562457,30.6866353037306,30.5356689974691,31.6139917231379,27.0337712591043,37.8800630570439,34.6675026844447,33.983478948939,44.0083228835374,35.5448169612132,36.6039850165,36.6094043187047,38.378592204012,72.7080078351971,67.080398025332,58.3759311387984,95.8856918199698,97.2398771459349,96.0989884790128,90.908702660239,88.6550238968283,96.1788906904511,90.1649075460269,92.9271694865366,89.1842696482379,60.2603709509293,59.1477317035246,95.5019919770186,49.0741420077277,57.8618556377471,60.327078330493
43.5591898343555,45.3446830305923,46.9209961615214,38.7027319454171,44.8425616667466,47.7765655499937,47.0881291793757,43.2243986833273,55.9790948827054,56.1762504745139,73.5731272769758,48.0555273828172,49.4565131296028,51.0135099210712,59.0011261204034,48.5259652313052,39.5082667933441,42.0580517751262,40.9597900483206,35.7983511583065,0,14.3900524499193,9.82853291754338,78.5279422737871,87.4794896505981,104.620621173966,77.6696800759768,78.780994913544,42.5897434034325,50.8406465853374,51.0295665488451,60.1758482434447,66.8709735291406,21.0024295994287,46.1642716371102,48.5765746261714,42.9905878519982,67.4812511416278,66.1955370800499,67.387176094408,76.1248813383659,79.9013206266604,84.3122737103666,83.2441518124386,73.4262544854096,76.5735580025376,79.4036149365347,75.5311941823319,76.047649708104,72.8545954780835,74.3734466970605,24.734371513054,22.5422558915484,23.7188083024828,25.3142260846006,21.8952422268901,18.7400678729049,19.4035720901498,26.247017458565,11.4153080100074,13.5037616570802,14.5469823217237,16.9257116185366,80.8211029299486,50.8042935721969,42.9564964296139,77.4915527272096,78.8315585792135,77.6976639486809,72.5149220837601,70.5202672391388,78.0427787406823,71.9860044617866,74.7442655637593,71.0896706189556,43.5315439172356,42.3691835846144,77.5492282165834,31.5968924186901,37.7958081960015,50.0651054874129
46.9000057389483,48.7138287253272,50.0904399574079,42.260709542665,48.4058687118838,50.8035697002693,50.0003960117534,46.3337942578992,59.3580638152058,59.5443132964902,75.4142035105643,51.5160087672858,52.9129379090868,54.4391454855772,60.665011670223,50.3083920249142,43.6005753780257,46.1373046801125,45.0314249476668,39.8961769496381,14.3900524499193,0,11.2700019747105,80.8824000646672,89.0969480630537,106.277139072342,80.2378984493902,81.2927874539838,43.9106861293281,53.9269924172847,54.1116781870424,63.3564928347136,68.5474994723762,19.9074391804433,47.9889532111141,50.4170197727806,46.4866785963192,69.2756263907069,67.9847496058897,69.1805971227227,77.9504015839969,81.7276953342844,86.1442863112226,85.0767307294649,75.2506298169376,78.3870798003042,81.2247300733113,77.3493180110009,77.868128442519,74.6748882596908,76.1820920072691,28.9148443238282,26.7760554115177,27.8685016443375,29.5106641884727,25.6146027430039,22.6727239720802,23.503048331585,28.8048123902297,15.8230919638914,17.0701836438201,18.5325453729145,20.4529619923204,84.7728323962734,53.5826463922731,45.6575640064981,79.2515981450058,80.5866571754665,79.4552787729171,74.2752383394328,72.3676266451368,79.8899806592825,73.8185769345313,76.5757060938083,72.9500877496913,45.9991346061742,44.8051922187929,79.521196490478,34.0605903155603,39.959787692132,53.4456887272145
44.1121386340842,45.9356458667853,47.3829411888668,39.4019422695489,45.5613777177985,48.1667115252762,47.4215041070057,43.6761929388762,56.6878559302771,56.8785632066994,73.5053906626183,48.8185335541262,50.2162040478148,51.7534044351814,58.8338932878549,48.4084349400696,40.7604886498136,43.3145876443367,42.2010955429556,37.0672497133061,9.82853291754338,11.2700019747105,0,78.6615530910712,87.335998244054,104.489277903868,77.9077683083241,78.9892081279724,42.305543342569,51.3635518052671,51.5491580657055,60.7605039586284,66.7411680940433,19.6400622326443,46.0614810991425,48.4766251788346,43.7775689131218,67.3950525705618,66.1075269099033,67.3009569254201,76.0498036497606,79.8267932966386,84.2396490585265,83.1719813108175,73.3519675739791,76.4951687531203,79.328217612745,75.4545178631423,75.972061167065,72.7787827661245,74.2932530463644,26.1383057908758,23.9784869856589,25.1323321992218,26.6779585767803,23.2095077271878,20.1631403715466,20.882334685593,26.3823348416862,11.7708120059635,13.3886073474643,14.992509379043,17.1495060336369,81.9694804340035,51.0967252637663,43.2473119117658,77.3941094921494,78.7323969485714,77.599345299197,72.4175138752064,70.4544689234153,77.9768201632316,71.9147943271133,74.6725673000546,71.0287988107096,43.688705375561,42.5146463989881,77.5125032674237,31.712139427699,37.5924185889398,50.770839038174
97.2407193317187,98.3651830998193,98.9361063724583,93.4753364694614,99.0734300343251,98.2553071756943,96.2482242790549,93.5083489744405,102.684954693358,102.656368540058,106.215278716547,96.1622368286961,97.5143602635661,98.5072997124244,99.9608037920292,86.1666116477471,98.5278782768481,101.14606028386,99.7498435254584,95.1316664576041,78.5279422737871,80.8824000646672,78.6615530910712,0,126.469297017855,142.576241291281,99.0801110006442,95.2910276204495,89.7553143472976,92.6379850798454,92.8629709794322,103.165207162991,104.632302754043,81.5117048116525,82.9196385940915,85.4158816214944,91.7221977048852,101.624599494099,100.492336846806,101.538640845157,109.319787043788,113.057298694967,117.299912252091,116.202021752266,106.596987835946,110.082883375052,112.670096306023,108.898323131376,109.331471035422,106.151830821173,108.032709825612,86.5871515736634,84.6657355160513,85.9552126748729,86.3137027186112,85.529648874593,82.6407976001399,83.0661493945388,73.3912628578074,77.2327834174616,77.4839802895444,77.8110157780367,78.6055096323542,137.683628132271,95.5626053300908,77.7914175296804,112.591103021903,114.074748090495,112.870019337107,107.610814065653,102.977921092264,110.508650013734,104.901728985378,107.697900776323,103.132126206183,76.9951473776413,73.7442557999629,107.856769199011,75.1735827891985,92.3302223653202,97.0340177387989
109.673535996853,111.185064554586,111.806635774357,105.816265631112,111.697010683476,111.547433382108,109.911810630682,107.117466180368,119.125460987277,119.197914302078,91.6600763100907,112.009317938364,113.379040503058,114.615707778068,99.6216091183988,86.3438265764854,109.801035651855,112.370487373989,111.109657105374,106.259700727254,87.4794896505981,89.0969480630537,87.335998244054,126.469297017855,0,75.959566981369,130.048766917083,130.303752358921,88.2249717005042,111.178520975412,111.373378447522,121.233429870101,81.3235146973163,88.6007851278508,85.0362567436346,89.0264139761529,107.303396339088,82.7795732584642,80.8063250113604,81.9197196299738,95.082327513128,98.5868659291037,103.813583701985,102.439851291573,90.3107431237397,92.4373949965591,95.7480779568141,91.8769820338469,92.2324149939207,89.321382399414,89.7030296536538,96.6076512389942,94.6346604554885,95.7531907978926,96.761129716144,94.0966023908267,91.4863440629322,92.2171196481883,87.0095744713714,86.618705827035,86.9591638220461,87.5664399914829,88.4977109368233,149.835978995089,111.306000177407,99.7175795568707,85.3175676669866,85.7177820419103,85.1958673077788,80.635466548235,89.8731929254667,97.5278609479233,89.681271410107,92.4348220762534,91.6517540150591,98.4590070484183,96.4071884916435,116.617333351329,90.2209960343506,102.408750290792,113.330189651053
126.6123127373,128.108645383089,128.719303046211,122.767574939903,128.636722735938,128.435487433814,126.778448039795,123.996651365266,135.897406581427,135.964851219842,104.376923941044,128.810047366061,130.178950661463,131.403670466317,116.326754851803,102.625678684836,126.831108041576,129.403892574688,128.135684381985,123.297825383614,104.620621173966,106.277139072342,104.489277903868,142.576241291281,75.959566981369,0,146.359792465741,146.583572452789,105.71647818022,127.855330025022,128.052150900461,137.927132054286,97.5845817080554,105.830085332729,101.275150301709,105.32232812719,124.11716821147,95.5010573695728,93.3939240908171,94.3234197945176,108.430645533811,111.827231476125,117.222206056151,115.737453467199,102.895125563464,104.843806469268,108.163314029252,104.381507886112,104.584232073739,101.821706693538,101.993257373809,113.705445065007,111.734352237214,112.864037689868,113.834535356557,111.282768682822,108.652883241919,109.364471488608,103.855340654635,103.727496554488,104.05829675529,104.651116930166,105.569555947644,166.822204260407,128.085096805921,116.292508679747,94.8268082616502,94.7511363347469,94.6229698650139,90.4345555574234,102.965987526643,110.670033842234,102.420936328682,105.19886498436,104.95580458622,115.026646576867,112.935919257736,132.526910566976,106.994587711815,119.42715928003,130.109850062985
95.6833932814188,96.6186183895679,97.3574670647689,91.7777404451265,97.2372589997272,96.6585767964855,94.6457924513805,91.6806959924652,98.5063254022987,98.4217199519748,110.957771691791,92.2684377994177,93.6165357811891,94.4858854049523,102.917640921757,89.9617426977097,96.697018181859,99.321234511398,97.875546464312,93.3512412127908,77.6696800759768,80.2378984493902,77.9077683083241,99.0801110006442,130.048766917083,146.359792465741,0,82.1605906453104,91.4558759827418,87.4113660037883,87.67531368503,98.1242935964926,108.476002521849,81.2405485327744,86.942513711441,89.3855978791543,87.9572383844389,106.1565518097,104.993791184644,106.058821811924,114.043115202938,117.777292330983,122.060899722006,120.956873060658,111.268458116227,114.699903801442,117.320887767559,113.539311154449,113.977447054984,110.802223358991,112.624179631066,85.2231456966461,83.3314751050069,84.6597308332439,84.8105291261191,84.5789091412187,81.6363088171674,81.9827840455402,72.3081692405496,76.3383764763099,76.616948783429,76.8624090363897,77.6858226313803,135.458933864644,93.2766462663458,71.3777119896354,116.923098092899,118.380502251883,117.189274490399,111.944592389231,107.777614765631,115.312979986661,109.615411392869,112.408462465141,108.005445114296,76.830691332188,74.558918167322,114.033177869164,74.2002150032035,91.8203558162546,92.9700472379117
96.9213445510865,97.9118877124471,98.5792380801145,93.0786449546385,98.5800027497308,97.8630173381705,95.8297683184551,92.959941116118,100.716403002153,100.653865048106,111.059964741014,94.3818699782325,95.7296969471195,96.6438806726616,103.194541667369,90.0857208046125,98.114058799156,100.737960522298,99.3075546386252,94.7530488261147,78.780994913544,81.2927874539838,78.9892081279724,95.2910276204495,130.303752358921,146.583572452789,82.1605906453104,0,91.9897820703044,89.9422930464208,90.1826384762637,100.646395043765,108.675812299718,82.1960993095462,87.0111907039217,89.4472048071111,90.0256773827584,106.27250890937,105.113807051716,106.178223163051,114.133978077107,117.870367458544,122.147630458637,121.046288432147,111.374943465293,114.811571941834,117.430366142929,113.648480809196,114.087784124165,110.910858465647,112.738575614083,86.4945756958295,84.5927404373698,85.9112524893847,86.1231730325446,85.7335333933604,82.8037958692773,83.1716399500262,73.2917793597006,77.4502032022319,77.7159448267038,77.9822487114406,78.7901253464641,137.007507319546,94.5906669291377,73.6189455035686,117.068941124893,118.529670252428,117.336586207956,112.089927575839,107.869601665847,115.403475190472,109.71766402919,112.510458270796,108.089542776646,76.8397054820374,74.195161535374,113.754498654633,75.0620368250927,92.7734724779062,95.1225595869674
65.8148793211927,67.4726060483035,68.0755873071628,61.9658545305388,67.9520823181613,67.9435093304415,66.4219445419354,63.6418822877159,76.837700321348,76.9483797756554,76.8563306020901,69.5204113519855,70.8938825089281,72.216961190388,57.4410792276556,50.5951858022685,65.7990918595264,68.3623510085244,67.1395398547541,62.218537714672,42.5897434034325,43.9106861293281,42.305543342569,89.7553143472976,88.2249717005042,105.71647818022,91.4558759827418,91.9897820703044,0,69.5529280293188,69.7269889426706,79.5183112083153,67.6254497416056,42.7409463311232,49.3191387484914,52.2286644758929,64.722897781356,70.0737225923504,68.7202188562932,69.9816238052317,79.1405893849126,82.936731528586,87.4215393895868,86.3690324032766,76.4675703618864,79.4623594557896,82.403935963843,78.4836219295725,79.0410794760077,75.8392401853066,77.1953518821262,52.2460119851084,50.2467305764755,51.3394190915382,52.50767018773,49.434240656858,46.8413611467165,47.6285259994475,43.4536087891079,41.7865378567132,42.113285315095,42.8297111913522,43.7655003091463,106.126293768313,68.5199008926512,58.7857874898644,79.6902322213564,80.9696455736458,79.8644476304448,74.7129687106284,73.8790779856297,81.3965330569272,75.1417502875548,77.8820196331401,74.633623137037,57.491384330005,55.8068882966141,83.2329102758615,47.2311996466466,57.4422364370774,70.9698919212469
