IBR/IBR_outputs/all.combrep_1/Spinifex_Total.VRM_Total/Spinifex_Total.VRM_Total.asc
NCOLS 160 
NROWS 95 
XLLCORNER 210004.651214014 
YLLCORNER 7350008.22228844 
CELLSIZE 4999.99999999997 
NODATA_value -9999 
[rows 63 to 83 of 95, columns 0 to 45 of 160]
-9999 11.7404823205307 11.8621275159931 11.874357582674 11.8716258146998 5.01330203130453 3.98197405091192 4.17287837387213 4.24168853319263 3.9523082866708 5.81001544502284 4.5650705709945 6.53448787480813 11.2727983806997 11.8788177815349 11.8739497456211 11.8867962744179 11.8743275507927 11.8722685862414 11.8722153993575 11.8609912751577 11.8727967356943 11.8933549812865 11.9817001025561 11.9147469649623 11.9103121907655 11.755105252027 9.90461679799785 6.37880496719454 4.87039566828583 5.61060923957427 4.90991603396321 3.17286751677915 4.18208092512335 2.59572278316471 4.81056459354041 6.17397146827412 5.28314289002555 4.21802175335341 4.48715417234526 4.06154535571113 7.80522846154542 6.51701414960085 7.18132897244774 5.8571635735324 9.01780007673882
-9999 4.33704542800383 8.64876708121519 10.8418411307888 10.6380125233898 7.36272738379609 5.24774721436559 5.6889831355872 4.81522169893634 4.59053345051738 3.48182738963847 3.80752046458934 4.24845735597001 8.22809111526889 11.9015001736487 11.8737345073241 7.07711928335894 7.11495913169496 7.92144698945158 8.56574599294978 6.1355270035984 6.92737584209933 9.84799986973927 10.8300466259904 10.5032873169376 8.66188815531574 4.91811023072435 5.35394579329017 3.94151027659997 4.30092319049194 4.46885383869333 4.29492145337932 4.34245859158517 5.24731483803276 5.48732179702467 8.3460470993278 8.24782991250314 5.03769282876997 5.82946181843281 5.40781671551368 5.80772748988128 5.06640932462755 5.95353169264215 8.84034129676369 8.97825943723672 13.6590084993111
-9999 5.35110283170409 9.20168606130856 6.78385508603207 4.83485152983896 6.6734573151745 6.30805712201318 5.75779459049594 5.56671091927931 4.05563859628499 4.03644974189922 4.01616362484955 4.01715855098761 4.40638600452756 11.0535498474208 10.2862250072186 2.96975195812788 2.37823569699738 2.9801701605682 5.37994665721123 3.8879750199043 3.66367755017175 6.39950360402128 9.18574737640984 4.59703728105697 3.71230389543366 3.02754848934048 3.20930241705388 2.92311071523052 4.50067350360427 4.80849403655455 3.69231588341021 4.2634661508119 4.77337289154235 4.70565771233049 3.4635229049424 5.7042175523091 11.5473599296921 6.03416804563403 4.91976593294391 7.59397032024428 4.86314860934993 5.98945323222837 7.99092514213137 5.12986743620454 6.16863197342468
-9999 9.29378729213821 10.8114740387157 3.19243612503313 5.27089068424931 4.96103114673231 6.21354065524291 3.91297570940553 4.51312568729903 6.83152158229146 5.7172766645567 4.197424735623 3.56918167812839 2.66974811994685 6.41664327386224 9.71925649065962 3.82218101856572 3.32721076737683 3.53047957650697 4.37511583736164 3.61190231260379 4.64434427600456 5.09365401628627 5.30737052025841 4.45714103042341 5.48262479813529 3.9335751539626 12.2358154869923 4.59133446325231 3.98761166420319 4.64822703126154 4.63146872910742 3.8433158344804 4.42522920605882 4.05048571968241 3.42914886828073 3.66300173267446 5.94685210624572 5.03214382579145 3.84886148883093 4.62682016630828 6.18324997915311 4.8475116631022 4.88598972186029 5.20271347499176 5.01309535044576
-9999 11.9249546374508 11.8357491530978 11.0219221309137 4.81087332949652 5.12534156733792 6.15368739837019 5.83861900764976 5.83474560589299 7.16188317652878 4.13194534026915 4.20575859228732 3.51999554559017 2.62926127698097 4.32247487920804 4.07661458413538 3.98243277657454 3.88407994151564 3.74847287004879 3.66468524875575 3.29929810908469 7.46765453415763 3.7397263207559 3.8549434239837 2.93808085434938 4.09524516124995 4.48234054939117 8.28538682671996 4.85613985191851 3.30559222469469 4.1160803372713 3.84163749116785 4.36225995495139 4.56674164978635 4.01262818546054 3.52279151971182 3.7474736861414 4.71445322632061 4.8293970648274 4.68590645447647 5.17100714200015 4.88891829716616 4.35314063773446 13.3161738100625 7.17039777070229 4.78982721874942
-9999 11.8883597325707 11.9177551951882 10.6097428116752 4.19908008129756 5.88631474715158 4.86377374221418 5.64319181965067 7.10995516985928 6.25146133973484 5.22548720204905 5.96431154239715 3.44301010762144 3.56345914148249 3.38657702759199 4.02500778054213 4.72527296726682 4.45666937254917 5.10591922141362 4.21209768622521 4.23915384052072 4.12584774399093 3.58051070992236 6.18514296512743 3.04940535440081 3.22667357737724 5.31805065095743 4.74210098871444 3.39780252713359 4.06568568220509 3.73465887222825 3.41700303793502 3.99884019640992 4.02477789834098 4.11187972362945 3.68357341841927 5.247854132033 4.91457808677672 9.22116011980811 4.82174804791083 8.16329341457483 8.74885534701224 9.36362866174073 9.27448404671532 12.3736256320336 11.30601167101
-9999 11.9363621457097 10.5692172100977 7.62486749673479 5.18815395651178 5.90272660072896 6.59539182894754 3.83421373910904 5.30529453997397 5.01531022308873 4.09629073572592 6.40646017612707 4.72584812337653 3.67196686780245 3.22385717947579 2.51073737552294 4.58152509774451 4.77202745725544 4.03355941367632 4.71940599069061 4.01259286527246 4.03842667010213 3.75330117137332 9.88682375822445 8.76786214579693 4.26114823862664 3.73345278404946 3.72417653784949 3.294094754788 3.05453959004805 3.84826599366638 3.36175533654749 4.67503424515142 3.4279040879636 3.37330812797252 3.97551261266484 4.69918292699217 5.94021677742123 5.27943160159591 5.29180315614272 7.34465403739639 11.2612608254567 11.8802249752154 11.88802050048 12.340654003279 13.1714601527525
-9999 11.2652666627562 11.1690558409137 6.34021666934614 5.63451458172189 5.05888642721828 5.92643497402003 5.68585311473035 3.8485600893618 2.93575474317218 4.49641261777065 7.41226898757904 7.44337012151056 4.17243834983274 3.06924625517737 2.43458374126471 3.46138902543224 4.00590533338799 4.68103107770819 4.9825886538122 4.34290963489683 3.72833695530795 4.66108510448112 3.92043255972785 7.29205895608257 9.9491820247715 9.48017608109818 4.21105473573829 3.64389328249519 3.53648675092275 7.31074718386853 4.40417138036765 4.12462974404216 4.68179490670466 4.04670855396917 4.87855194151007 5.08828320227277 4.13992042005777 5.09736746670724 8.95378567098207 11.0992888215549 9.12574724327491 11.9487173585579 11.8785019963694 11.9055752515309 12.9224040438364
-9999 -9999 9.21464926993425 4.18388856070339 4.66582046312741 3.37737022927518 3.41535299184417 3.31902702982152 3.48805217765429 5.93665762690813 5.02016709705691 3.95886701596749 4.11500299309695 3.39783340519543 2.88424452373494 3.16054929792334 6.92284778259297 5.49281091964079 5.99752031407136 7.64722511832943 5.43044369598202 3.23442689731987 2.99952140463623 4.04520159800267 8.73291889995244 13.1462069818402 12.375229726428 6.32472936259085 5.41064481304629 4.18462865111072 10.1219549885247 4.49769252288409 2.92483910453877 4.68680032619659 4.75280353902846 4.88904468517323 6.27638423879019 4.56798802513168 4.45123652545838 5.61010710068576 7.01773621041225 9.65850430490012 12.2446438236821 11.9630960529143 11.8803796427531 11.9515832237681
-9999 -9999 3.15611046480014 3.43189032154379 3.57007552661989 2.99032330536248 3.13270644645423 3.14080581910245 3.54090088080489 6.79723878508648 4.03087830687138 3.54025498483733 3.84241026891483 3.20832552770683 2.7965281069376 2.43382017678319 7.38673896103229 5.5501479070883 6.14564897160081 11.8430087161086 7.992802126635 3.36535573656638 3.44318882645358 4.9006273739578 11.8615310425751 11.9450510574616 12.1786156614662 11.2341468079568 10.4461898504092 8.0249693415263 10.7641238627528 6.40048436431498 3.81254915031212 7.22828956836221 4.16846829661891 8.29385378554383 11.8766528014207 10.8528039221773 9.65435774435979 9.59949371757272 7.54386276362634 8.40031130718097 12.2159495135052 12.1105148050135 11.8788276836335 11.8855645378393
-9999 -9999 3.49794257624772 4.45324582922485 5.0830244897843 4.31038992916314 2.88217682805225 2.89041725595026 3.12753916407068 9.71261198180004 4.66368549442667 4.08877611259624 3.67972562310427 3.46456186763017 2.88854051808188 2.54101006757161 4.51448270474405 11.8454071763299 11.8832333790947 11.3959878269227 8.24477626944482 6.51181666591692 6.54352476768936 12.3765158777037 13.3379570851923 12.0588998431902 12.5236627093943 12.2117638250144 12.0259978228739 11.315455075929 9.38603005977934 8.9604474706704 6.15768528553538 7.76801872545667 9.75749465188833 12.8330092799911 10.7038978636418 10.0217587883689 11.8950155335022 7.83947977956955 9.19454377013176 11.564547789959 11.931577207867 11.8862029288092 12.0043096133565 12.3737615905309
-9999 -9999 -9999 6.01904680077396 6.65227532703084 3.6044774390672 5.0801378489779 4.99263176387555 6.97789644382971 5.48096978665 9.7475341249931 4.03286076084768 3.44261092416153 3.94053632194229 3.03902027616091 3.99070470204298 2.80666215572129 7.85691909719414 11.8897465990524 11.8998061360294 11.9016663050987 11.9342802626236 12.028150550748 13.5441276239906 12.7717948821962 12.1970635783461 12.3638660736833 12.1746189175747 12.0658743196608 11.90007113933 8.72002453094894 10.577846862721 6.13307408867682 8.89303050708487 12.1704551249317 13.726249210521 6.50805087966306 7.30292926563432 11.4436671880469 10.6873539537073 11.0677858225656 12.7117240357425 13.6730184194929 11.9014557038786 11.916287641689 11.9644305655924
-9999 -9999 -9999 10.3760056438606 11.328360925179 11.3788558751959 10.1784296468798 10.9949349779543 12.0898336422121 11.0550087196912 11.8697971353098 6.41878374859465 3.48474659078004 3.39926354381385 2.87809917171767 3.41738127531302 3.5505368803974 3.67883111515708 10.3581543540668 11.8908989010453 11.9027830818089 11.9203802015756 12.1493219778684 12.0844546678222 12.1846130597842 12.3556776779219 12.3295260129481 12.4428880047927 12.2666352642162 12.0146755870874 10.9720328701211 10.2491243621888 7.31599636648022 9.40704047992039 10.5444617083104 11.1105900992647 8.17556398954819 6.57863186705037 12.2242093438542 12.0022760976403 10.7774618193834 12.0457103775914 13.4480255853301 12.8678362497149 11.9123389231542 11.9526715412856
-9999 -9999 -9999 11.938439206596 11.8881082388677 11.9172784727013 11.9127143367642 11.9249789719188 11.9956091900097 11.9036479731516 11.8829735891577 8.07463251064723 3.44672273453932 3.42538807000808 2.74495399748732 10.4510585710544 6.15521874144063 2.36283338755785 4.35896084921471 10.2724509273398 11.8899619441188 11.8932248809433 11.8983648060353 11.9368062976848 12.1798798804207 12.2051412642547 12.2198023849135 12.3627625280343 12.4110478599694 12.0330980985836 11.8865090398083 8.22542090387481 7.11370992305275 8.37768831460471 9.13577451999712 9.99248723920424 9.73911329251448 8.12813953953602 10.7737381506771 11.1890881090053 11.9183004658023 12.3518587722526 15.6167260973186 15.6898473332168 12.0992593431904 12.0074388375707
-9999 -9999 -9999 -9999 11.872933348105 11.8757643790893 11.9040324695066 11.9133852165129 11.9048835998165 11.9115029728054 11.9126175478842 9.95856109183197 4.25707244466121 3.90172215323322 2.7646103885627 11.5204432067616 6.24423796867105 4.22130764340501 5.94686203060777 6.42088044655244 9.92454704100796 11.8872866758666 11.9011475588128 11.9775159845507 11.977569970584 12.0850287050025 12.0695426347076 11.9665731286361 12.4452933655867 11.9974986939442 12.0948658784307 8.97881462274588 8.75507581570294 9.44357551639667 9.31222631666587 9.47259823789143 10.0286500873443 13.0655880467671 18.0858391825355 10.5645088863892 12.7025572269637 17.5460621404255 15.4496151425566 16.0052829676183 12.7175721114589 11.9718047325235
-9999 -9999 -9999 -9999 11.87088260413 10.4249134692104 9.73088975140076 11.1750560079717 11.8771975466769 11.8758450982671 11.9368074112974 11.910205408291 11.1212524957984 4.16421054974981 5.38915644373863 7.99837464870448 5.89416050817266 5.41231292190711 11.6185603328932 11.3375653818574 7.22156959804696 11.2252710273916 11.9483168248912 11.9358411150671 11.9646464983408 11.9490212369524 11.976520946716 12.1727298805935 11.9391379024825 11.9751305189714 12.1236390016363 10.1765322535035 8.53864640006397 10.455184499663 9.48185571047191 8.82767183015226 5.5197828696741 10.851188035256 14.9445740032037 15.2911591141441 12.319229690853 13.345534980493 14.0457857214501 14.9793471635975 15.5551417715467 12.57219878895
-9999 -9999 -9999 -9999 -9999 3.84517772742619 5.995947674966 6.59061873165215 9.87021765324913 11.8771583406122 11.2646012718068 9.5457244224485 11.955385876615 5.09922961740161 4.65672128328465 3.86567257531691 4.87596867167409 9.19104879539499 11.9054489179185 11.9352398455526 11.8875230061212 11.5052960064793 11.9222211890357 11.8993631821927 11.9078871942405 11.8908923472812 11.9104057795449 11.9327422390969 11.9486735882418 11.9854749748497 11.9926409709516 12.1359699139452 12.2302447516915 10.2301657966321 8.18459914455983 6.80807222680493 6.93309046166048 10.8598531468262 13.986999481757 15.0505693934733 17.1033659744702 13.1539924810937 12.7609361727779 12.8157678512361 15.9369739187764 14.1221911698253
-9999 -9999 -9999 -9999 -9999 -9999 11.8783113112269 11.6732894478558 9.44026859268696 10.3380605613588 6.58508075843884 6.50336072656612 10.1248341299207 7.440757269411 5.2596715410422 2.98698730877402 3.1105939309996 6.32933087874508 11.8949183188986 11.9449337905856 11.9666115418481 11.9134789448158 11.9051860829774 11.8920602734148 11.9140489483434 11.8979416053983 11.8881503418145 11.8820397196703 11.9335777315471 12.1277147828416 12.195791416346 11.9803030127811 12.1200834366817 12.0566520981431 7.81228183037815 8.05361759163675 7.52364673517375 10.0956956883529 13.7572072444638 13.7876392424806 15.2244975537603 12.2153976089364 10.5648581362701 11.7989538841573 14.83516125063 15.6672302027581
-9999 -9999 -9999 -9999 -9999 -9999 -9999 11.8834635176967 7.59700834210163 5.9313611611248 10.6039006225294 11.8888868106811 11.8864052386515 11.7254765246027 9.16038588396526 5.01654264595936 6.58529876617153 9.01177042227619 11.8996853590137 11.9076499595647 11.9876631891533 11.9901766031761 11.8946610093398 11.8973800801197 11.9215454921157 11.8946354950855 11.8828388406673 11.892512833807 11.9108844511419 12.0352760894771 12.0419667450478 12.2234743473529 13.0812702650465 12.5504333222836 11.2619106336473 9.01403036739516 9.13178048455975 13.905209875413 12.419197188025 13.7145565883098 14.3788054124957 14.0401153544687 12.1787971908153 11.4275494849995 11.4208729857138 15.1056537609156
-9999 -9999 -9999 -9999 -9999 -9999 -9999 -9999 4.52048452416376 7.24584569400587 11.9215541788767 11.8924211929296 11.8822243416589 11.9207310571949 12.1198410019425 10.296322162108 10.2760193392382 4.89235916729532 11.2489632257583 11.8921681685343 11.961732341495 12.0317665812788 12.1123943251753 11.9843145817415 12.0430032093274 11.9028605290667 11.8961867973153 11.9338416811251 11.8991189640162 11.9010156404416 11.9959459836655 12.7278095191352 12.3342194197863 14.5154843722942 12.9631204588228 11.5740163922048 13.0571770103493 14.2664915548545 12.2965327641499 12.1994369286579 13.9562410166163 13.2602717772897 16.3668004038754 13.1010443302176 12.675058782328 15.2872012377236
-9999 -9999 -9999 -9999 -9999 -9999 -9999 -9999 -9999 12.0192291522158 12.0700457896673 11.8473508733615 11.8759735115796 11.8804679688671 11.9544812877483 11.9158057530653 11.1492662775041 3.72181749584019 2.86984608959116 6.76033804795225 11.7412644169674 11.945422161127 12.0855492838089 12.0691901099938 11.9930263467981 11.9316981975362 11.8969725731509 11.9192342804807 11.900237129562 11.9237589667482 12.0727611829965 12.2640229775863 12.2487126657853 12.9897486205177 15.0496267610206 15.1624030112432 12.5762654122032 12.1206381935049 12.6721607593503 12.0954273673645 12.3951450773916 13.2705133364162 13.0954035293781 14.9547234897692 13.7495035713788 16.1612492155272
