IBR/IBR_outputs/all.combrep_1/Spinifex_Total.VRM_Total/Spinifex_Total.VRM_Total.asc
NCOLS 160 
NROWS 95 
XLLCORNER 210004.651214014 
YLLCORNER 7350008.22228844 
CELLSIZE 4999.99999999997 
NODATA_value -9999 
[rows 42 to 62 of 95, columns 0 to 45 of 160]
-9999 -9999 -9999 -9999 -9999 -9999 -9999 -9999 -9999 -9999 -9999 -9999 -9999 -9999 -9999 -9999 -9999 -9999 -9999 -9999 -9999 11.5509462630295 6.75494279109675 9.79052217748432 11.653099199971 10.0664535135965 8.94014626731152 4.60390243781205 4.80962268458088 5.76450389298019 6.02249281576126 8.51927209276452 11.8461859835751 6.82726351596272 4.71787933811423 2.96582894696031 2.33422638575093 3.2104295290231 3.57799251685007 5.00020282533912 4.73599376567906 4.61527477282122 2.99412057114606 4.18847243119599 4.4700502849812 4.37676426228436
-9999 -9999 -9999 -9999 -9999 -9999 -9999 -9999 -9999 -9999 -9999 -9999 -9999 -9999 -9999 -9999 -9999 -9999 11.672643275945 12.0706223124075 11.9394473475919 12.0534828127351 10.1113006209709 10.2971941819232 8.62507439103446 4.28609435675558 5.00286810932932 4.33090875495996 5.54507255207195 5.51673802736906 4.43511714023823 7.68080686768257 11.1546742393435 5.49999937797404 3.45385206156367 5.44427361183198 4.01294105550838 3.68815150964484 3.98944983438599 5.87527043206093 5.36846508320502 4.55827509544869 3.9677516931085 4.42324220176805 4.06559529504979 4.36587490443158
-9999 -9999 -9999 -9999 -9999 -9999 -9999 -9999 -9999 -9999 -9999 -9999 -9999 -9999 -9999 11.1972676303362 11.8839075623409 11.390073051505 11.9440425866132 12.0303851689094 12.0342158183408 11.7193939348186 5.203217722991 5.66001885595432 5.84468953630271 4.83654616289567 4.14649367250236 3.4945933617732 3.16919796105535 8.06937086959115 4.14639686943655 6.11081076603351 11.5631129594987 4.25704325695909 3.75686388122539 7.22776829002233 8.84016312282259 11.2140623509212 7.91075898113415 4.51274069976729 3.81274741081842 4.67400071271172 4.33458446457627 5.93767441993928 5.73998665322356 7.28919509766629
-9999 -9999 -9999 -9999 -9999 -9999 -9999 -9999 -9999 -9999 -9999 -9999 -9999 8.67812567538988 9.85641212449555 10.5859537911048 10.2735056077058 11.6651123636586 11.5518081809032 12.105634936601 11.966623982509 8.78139830893106 4.43396817169212 5.91570177980866 5.33927504061476 4.44543572507497 3.83754898979783 3.48659314868606 3.27827882932518 3.56048243079784 4.17737350648583 3.65002761771704 3.7764610638898 3.46376120147649 3.77293952336644 3.91147330041694 7.51525422794555 6.63859743274039 5.11155152060066 8.14898377586603 8.58431416472655 8.65206979784313 5.32328656061705 4.27766930881626 4.23196647535674 5.60133065306343
-9999 -9999 -9999 -9999 -9999 -9999 -9999 -9999 -9999 -9999 -9999 -9999 9.13236421412772 10.5094287022121 11.9189293322404 11.8949613008109 11.5195950468139 4.18539173656587 4.14663693590965 6.19388568974109 5.11429707038648 5.27432351312448 11.4778650815836 11.7814062869799 6.5752240162561 4.64076905465295 6.55438155771149 6.04303534222618 4.68841567297616 3.27564656245048 3.72930518826143 2.60075398207018 2.42071781601084 3.07127267968338 3.71747777106654 3.54221507983294 8.12739242458225 10.8681679455872 9.22761175533891 5.98030355370326 8.86822315990958 9.21753155052379 5.61743980636995 5.19027331707778 4.82187126547328 5.39607873114146
-9999 -9999 -9999 -9999 -9999 -9999 -9999 -9999 -9999 -9999 11.21099633291 11.5615469993638 11.1840571768127 11.8946983102257 11.90483630614 11.9072020716347 11.890193020935 5.888345496816 3.40012371866367 3.23591269469438 3.65121841150791 4.42635815074464 10.2310935359943 11.8732050747344 10.5628405230149 5.29763771398249 8.90653276300993 11.1608710439498 6.78834766405387 2.91774220195679 2.84053253790318 2.86784691085362 2.47401869414964 3.16888382581881 3.47354751871778 2.94702873074282 3.68888684851447 10.1503262377934 9.79862351781171 3.91399321839532 7.14720818504695 11.7188128620028 11.1710929213389 7.46293520940952 5.32431554683947 4.7169964807121
-9999 -9999 -9999 -9999 -9999 -9999 -9999 -9999 -9999 6.54872661553301 11.895633310579 11.8996053493731 11.8998436993322 11.9090594342547 11.924110811352 11.8869307533406 11.8845054601901 10.6669796166139 3.60439434529094 3.02197823731848 2.993835196807 4.00231958918434 8.14054928540617 11.8746781803365 11.8718184770202 9.98889844652996 6.87263952344228 11.6353805067589 11.0764945332969 3.68514010320862 2.84312753401234 2.61913735630453 3.15551618051208 3.34228318464581 4.06579123882794 4.92153071840482 4.15392393681565 6.51042344809989 8.52004448039568 5.06769940572707 7.89162518749073 11.2513263271598 10.13759355431 13.7217673226947 6.44755042616164 5.71049000011823
-9999 -9999 -9999 -9999 -9999 -9999 -9999 -9999 -9999 9.15688215939902 11.8853834725442 11.9492581214318 11.9210190067968 11.9078279178575 11.92900530899 11.9065598946083 11.8819785604811 11.8776609489992 6.08229186625933 2.93671729307494 3.37518823967015 4.08670757666777 5.93545372118102 11.4280256213052 11.8756148089893 11.8744292015338 8.71284822195786 6.78178163952688 11.6246655451697 4.06522979135114 2.24248602742 2.36005176440167 2.90955649097949 3.38321352598966 3.98309754836994 4.84108569685091 3.37541369105207 2.56372218378801 7.76729782648541 5.77995506747408 8.96863576424143 12.6227639137647 6.38078875248154 8.97266389984688 9.66068939594853 11.5303098833312
-9999 -9999 -9999 -9999 -9999 -9999 -9999 -9999 11.8929683640985 11.7987117370031 11.8876614205725 11.9496805069704 11.9556629589713 11.9110456931323 11.8944085165771 11.8771417811611 11.8759496567716 11.877173083164 11.0175029357072 5.43529209180216 5.06961296118209 6.76787310808964 6.65805590547755 9.58589049366775 11.8763450952537 11.8746454048656 11.4867474841334 4.82495181614035 3.24651533851606 4.74237464883462 3.67604067348794 3.19317432925474 2.90343403058956 2.92959671953333 3.68804242133164 4.70808419440751 3.96267949854598 3.44088731652016 3.62400492273797 5.76783605385737 7.01470109359962 9.79226671725944 10.0456009819965 7.80444970100549 5.6426763533451 12.0027429445625
-9999 -9999 -9999 -9999 -9999 -9999 -9999 -9999 11.876776879987 11.8799218993114 11.7840447605756 10.4910770125263 7.63612228877363 10.7815230347221 11.905627968117 11.8748266394832 11.8736101917408 11.8744722306445 11.8985284367993 11.8752716644505 9.4246056815304 5.59023618746811 5.29631256433094 5.33558290438424 11.8797917030999 11.8777777144322 11.8764334498788 9.81165113199887 3.13699924489936 2.67660525761561 3.01896089075995 3.45183491558836 2.76016196387978 2.84715912010217 3.76760607767215 5.58045766060056 3.3454289926613 3.88028903641636 3.90075053785205 5.52733730891742 5.02754660287038 6.7006990294999 8.72525941627301 11.1926618541685 5.86040469180984 7.70435247608077
-9999 -9999 -9999 -9999 -9999 -9999 -9999 11.8753783658615 11.8842771327654 9.90801982288812 9.46882996577676 3.66697503287131 4.30883907596301 4.40748286161384 6.24851082654253 10.8142044459512 11.8724108758477 11.8754452927473 11.8861469054877 11.881895938227 8.83018875956522 4.42423136949126 4.73171779765538 4.40982557788336 11.6999649829373 11.8899565699168 11.896645190617 11.7571984490879 4.15184752730545 3.40442258437838 3.07244343754638 3.64064795974392 4.98384899757148 3.85147941716817 3.41831699532501 2.76582557609465 5.05700061843546 3.17585370428522 4.49255031755663 5.20277494902413 4.53809555547577 5.18108917463069 6.13946468281803 6.86060985600606 7.85336287261537 5.18332130843549
-9999 -9999 -9999 -9999 -9999 -9999 11.893572177638 11.8044629454971 11.8742824222423 8.61666528833715 5.60042865356849 3.77235978380632 4.74905081039927 4.46451700958939 4.15851657944922 7.90424791490145 11.8754336549971 11.8766127806106 11.9093668020805 11.8797605065016 8.29625006110058 2.77030722836251 4.56136597814981 4.74947198901365 10.6044509297276 11.8865620026746 11.8996214349581 9.02636564822666 4.64020162333855 3.48033088552633 2.88656778948245 3.12299302543074 4.28230064878976 4.79258678208691 3.33227198731433 3.32716022208952 3.71393561272015 3.99295832911029 4.30066001960611 4.98747556056008 4.07932720201885 5.97596489860975 8.54696940889044 9.62107781887992 7.91405432821975 7.16537244859018
-9999 -9999 -9999 -9999 -9999 -9999 11.8834278952101 11.0024882319548 11.7955834330818 10.1661932784518 3.22747573547605 3.38167432399705 5.22319299455963 7.59064398289591 7.61038500615722 9.56253379250788 11.8811748811033 11.8805897525723 11.8894888854263 11.8898313574929 5.93710653484166 2.73101699357772 5.07436830550825 7.24491021878773 11.3692816362023 11.8863865044202 11.8935148599148 9.46503076863125 3.9776341107786 3.54565107010062 3.7938516722094 3.18685764252273 3.11758345979791 2.76062056637303 2.92636773358688 3.68180909750319 3.63667879051883 3.36312612676803 5.72966168176443 4.56692380058462 5.56756061629209 3.90470969306104 6.20846269834409 5.5431721576978 7.30105421404557 7.86499804508664
-9999 -9999 -9999 -9999 -9999 11.5869776882557 11.7722771855362 10.9145429599957 8.728484565015 5.62628706191184 2.96833250924447 3.36314293320579 9.12231142095855 11.873242429293 11.8770759237049 11.9075661452599 11.8903969187821 11.8805858283374 11.8810459363555 11.8900155374585 8.68530267587606 5.07917650095177 4.72008699432938 10.0908225489206 11.8955962197828 11.8933196892347 11.8949306576313 7.69821897451412 3.03581977722953 3.92492949883211 4.51854268204761 3.64618562550948 3.26492557116089 4.34736715400111 3.13984657387203 3.7349762395941 4.0531497385003 5.27145173872409 5.2736752143285 4.75094629721964 3.73574105945538 4.15992199385239 5.30621468434243 12.8839022877931 6.16464695340168 5.61464422869763
-9999 -9999 -9999 -9999 -9999 11.8890871771058 11.7383904003846 10.9507723333811 7.10540437418066 3.42438789037871 3.19336285457788 3.45908747298725 5.23243518328002 11.0654062650466 11.8732910605733 11.8730737659327 11.8746974239909 11.8730134926957 11.87583660633 11.8899972828184 11.8750467121716 11.8714318050053 11.8426424393198 11.8859337207076 11.9069437364912 11.885894234789 11.9060153818965 5.26804328623601 5.68541890904005 3.80333070955221 3.8752003882029 5.1248441253937 5.43339963776059 5.75582691199924 4.36258167894572 6.44836184384754 4.48646551984248 5.46534249111886 4.61241646975994 5.6548294544021 4.81266388055788 5.497916960446 3.44279597808042 5.10678701045885 7.4218142277841 8.69013822784908
-9999 -9999 -9999 -9999 -9999 11.8861442427759 10.5817649147358 10.5132829315773 3.3210727362432 3.43231209386613 3.71373038217292 3.28759086916479 4.35090852943635 8.29937936996915 11.8727650141895 11.872352868733 11.8722148192816 11.8730399243044 11.8725617640521 11.8867442839402 11.8903452876088 11.9375235717528 11.8998480627613 11.9049415330804 11.8948991320294 11.8825448454343 8.19113502028694 3.46317928502862 5.95519625170669 3.72870775639178 3.48134347653362 3.51404013702304 4.48064207389339 4.68232251157093 5.09901125702284 7.92411798012663 3.56549993493176 4.13804970238974 3.54862448910069 3.44827183680658 3.52155662278274 3.73501286851546 3.21596246920143 4.3552329046786 5.57153954814156 11.5955276878473
-9999 -9999 -9999 -9999 11.881709551987 11.8840522958308 11.1882762355674 3.48522521841628 3.46671397610447 3.80272788019878 3.30646615572176 3.88120072916578 4.54483118393567 8.28027142243445 11.8716561766729 11.8727337770098 11.8734331699637 11.873554792798 11.872563670991 11.8733617669883 11.8830667472807 11.9140117570376 9.9085944773033 7.03191515979327 3.70559084694098 4.6644168756311 2.76542459030844 2.63091266659112 3.50245523527359 3.54863398297026 3.65515485685368 3.83047096325033 4.05316594344218 3.82123528359795 3.1711951589773 3.63151009615013 2.95240793117453 3.08503005707278 4.11611358873226 3.66853430422639 4.18859771612799 3.41114193155848 4.8365271208258 4.82185520218485 3.78358959600309 9.39846547625029
-9999 -9999 -9999 -9999 11.8880542490121 11.8841644924731 10.4529878092195 2.9009973537926 4.38138121913086 6.25583551547311 9.58258371331375 11.212367305841 11.309019398724 11.8300078125976 11.8762680573854 11.8739993146865 11.8726469174956 11.8723213711562 11.8736115418527 11.8726726712896 11.8731942286905 11.4334618934835 4.65389455292919 3.57463779532324 2.73204784323617 2.46224235041385 5.12407616640032 3.25955172814607 3.84048936683372 4.28388583189465 3.92216239453728 3.7623910456089 4.27729724518789 3.70211220055877 2.78321855276127 3.50681628087457 3.5676098736131 3.38561157835302 3.53957388938825 2.25220145621121 3.4441728208595 6.44403417498029 4.60235918183529 4.40466843058385 4.99541921863028 5.34571863258464
-9999 -9999 -9999 -9999 11.8723518112904 11.850728319409 9.16471289506278 2.65254213753094 9.16047276434775 11.83456918641 11.8773180887876 11.873853178898 11.8731315414078 11.8789292448654 11.8719677502012 11.8735547744385 11.8732226877273 11.8753484840616 11.8732946900609 11.8738165678311 11.8729192373169 9.70146341179819 4.69258481249705 4.30409189765432 3.79202915135651 8.08447188900822 3.73456639892962 5.16845720250983 8.38783709109145 5.01781069769981 4.43673468050882 4.75447016447946 3.99376823716659 3.25369388011648 2.95630150103373 3.15968374600698 4.47013829695475 3.81974880515923 5.59908997675363 5.24804889824432 6.18313190329222 5.83894499898659 5.88502445264862 5.55486932289092 4.59215954066761 5.66834187935819
-9999 11.9456365638016 11.9181059021152 -9999 11.8708709139234 9.54399231464193 3.72960725482218 4.70538538220178 8.39424548382599 10.2029517100173 11.8043025045334 11.8747276048498 11.8719605431921 11.8715556466456 11.8769242003164 11.8756239141582 11.8727777930357 11.876350682854 11.8738017013337 11.8733988216061 11.874490076647 11.8457729365104 5.66779893704645 4.71803849306537 6.04493029941201 5.98053560864574 3.67908703930216 6.14703001156533 6.55866399159343 5.51536731806523 5.02064788906033 3.67730894877316 2.58933297249775 2.48737870782585 2.67121293682375 3.14512363227293 5.47520069153755 5.79143157998164 5.91693352987185 7.51851930405664 6.65349800599472 5.38410072609034 7.41569605202244 6.36212706193673 5.03233108025104 7.23328982448758
-9999 11.9089531454738 11.9219026366101 11.89321475028 11.8717155819868 8.76722951696373 4.19628439728999 5.925906102565 7.13764765454708 7.73410843577211 8.68939976424106 10.9652339258444 11.8219707279701 11.8719934947822 11.874361110124 11.9032290707609 11.8811644512726 11.8728573189022 11.8732775097168 11.8725518457416 11.872053628948 11.8566871217391 9.44426040170685 5.25524429196426 9.51685786273099 7.57077512027066 9.2825091310261 6.91867392906341 3.05895624715647 4.57639352893402 4.90778803050057 3.10971855360602 2.80808345020703 2.73069227219739 2.45211810527475 3.99816703694172 5.71453046181911 6.11584248369662 5.86027472530201 5.64330650665732 6.10334660270583 6.32923262258241 5.67383960201216 6.10738232892201 6.6161084748774 6.64017709084168
