IBR/IBR_outputs/all.combrep_1/Spinifex_Total.VRM_Total/Spinifex_Total.VRM_Total.asc
NCOLS 160 
NROWS 95 
XLLCORNER 210004.651214014 
YLLCORNER 7350008.22228844 
CELLSIZE 4999.99999999997 
NODATA_value -9999 
[rows 63 to 83 of 95, columns 92 to 137 of 160]
9.99921156077892 5.50445003442151 10.641612374384 11.4550261649072 19.6758334969204 20.5833636742813 14.2402784269227 9.85653042671284 8.23715548965074 4.39599242093939 6.84697397616528 9.46015151895588 11.8732913566239 11.8738825258225 11.8741613190768 11.8760282100815 11.875167634387 11.8744704629109 11.8713340420631 11.870837709438 11.8712400258123 11.8712869637766 11.8719712670658 11.8753902771742 11.8791305471186 11.8806981460262 11.890509760253 9.65404847538521 8.06291632811401 8.36535918376307 10.0069299848191 4.6329375066221 5.16529612884996 4.48238667756006 4.87025613265417 7.36138513054377 7.50356228968705 8.34762118273039 7.4506060933538 7.47944032417076 5.2522839470564 5.29356944114866 5.70216055090814 7.1685675014106 6.72750396255709 7.13144165065902
12.3288761634234 3.85161273175121 9.4102843270914 8.50047569319153 8.96473730191118 12.3535633084309 20.5096814828765 19.2286847505953 22.0274460449829 13.2594053287461 6.2454476333165 4.16459959370439 11.2286460156658 11.8743722937281 11.8767450543346 11.8745315658887 11.875248425592 11.8773057070211 11.8739277291752 11.8719863105013 11.8726770364148 11.6796281786743 11.8275117232892 11.8749671825072 11.8759848194573 11.8751265096324 11.8821782401953 10.8387864774559 8.12835361017577 8.18118662038251 5.83420419405397 6.02442313980079 3.34405858907437 4.09516231203548 5.51593489225081 6.26977674232827 7.14196318127077 6.64931254638385 10.6052313076938 11.7883893408288 6.7893948731327 6.23704559277127 5.41230947320821 8.8743471846013 7.62841122782901 6.61629710114575
10.2403908196714 6.9851013632689 11.8992448843536 11.6891777528231 10.2318757928999 5.94002044586289 6.79704364410134 11.4435214809277 12.0426744453771 16.8714983040757 17.9439346036741 8.32672770520646 7.14638040291856 11.7980747784828 11.8768131393484 11.8755663531363 11.8743828058481 11.8737703793085 11.8767977274737 11.8742504366427 11.8747443356184 10.1375439072813 11.4633208574248 11.8764224142291 11.8791471819696 11.8757375098174 11.9109060043985 11.8791229717187 11.7886659267056 10.1952141453368 8.08117051253509 8.8975768157729 5.59445870101654 5.1041029471538 5.55683170927441 7.72714687834989 8.71746945227576 11.4893770614249 11.6605987128922 9.67086277403048 7.39451996021605 6.16857585499315 7.55244269330729 9.18792571375017 8.94813971096067 6.92096174041992
5.3167056597778 7.03572761925811 7.93804162433914 11.0568168457242 9.209652533431 10.5677387807447 5.68164988834613 5.23995197083157 7.44942917868926 5.65885952172586 10.0402110923531 15.9362901146427 14.7789916578714 8.70024496497397 10.6292816696618 11.8745921708884 10.8998849725311 10.1388362383995 11.8670541729383 11.8726918287216 11.8736321935317 11.8727812798436 11.1641790876283 10.8361760223612 11.8748680988275 11.8219285931374 11.8698818697223 11.876482951453 11.8755295321549 11.8753961412666 11.8932403961512 11.7546493376645 9.04505950636096 9.66482132492188 8.57902966972312 7.7631181553389 4.51831641963269 9.23974828371308 4.96471454348462 4.66172052192647 3.42667272565194 3.59423887541015 6.0431961855921 7.18818374941974 6.71926531979676 5.93695895458933
6.54087350553689 6.72841580332625 4.06628210185906 9.84211818258636 10.439472940459 10.3924681013748 8.82339264076546 3.71876624944817 2.88759376244743 4.10320477922264 4.66719696789454 7.39490721759046 13.1501977351489 10.9770711755107 7.71943904721475 5.18990743965974 4.14693299867895 6.63309801591174 11.6963772212239 11.8773559279444 11.8772098197283 11.7486063944634 6.17329475865872 10.4895419022732 11.8722667246363 7.64908630067817 6.85643018139294 11.8736628914973 11.8731841090017 11.8714118457255 11.874123161904 11.852167637113 7.22336598607889 2.65318624953294 2.08669677736672 3.38197809089337 3.3391334139016 3.62909130561708 5.97076845632789 4.25275619143813 3.79560379735355 3.30494947345134 4.68613863485303 6.86651523286578 8.25000256761969 6.29415769460027
9.05591937299388 8.39365222469001 11.5394071702197 11.9186197897084 8.93347410968555 7.3399146528992 10.9787003796705 8.84615626596649 5.1078133682479 7.0111130151622 4.76138449199222 4.94895257076492 7.22451149882352 6.71786187108556 10.8840615156517 5.78284431533444 4.28907767588921 3.71549899043081 5.19035745635324 11.1502764776332 11.9163890877271 11.9258428237898 11.5450726249867 11.8729046959394 11.8751277878401 7.27907114915814 5.23835999112275 10.8111723483144 11.8767866382796 11.8728787076867 11.4279199559238 10.9785764878468 2.29468099327316 3.0811934112188 4.0595106703683 4.696529847661 4.01040770996697 2.90179019415113 5.0002247118524 3.22380349801107 3.25685852688212 2.98514568130882 2.9927372304202 4.83494416646987 5.55474639884685 9.90108348857354
8.50549057303503 10.0366538411862 11.0959984968096 8.05289494706653 8.09213794050352 7.31900343854617 8.10979785461981 7.82112980022753 9.05781913773899 6.10529947270216 5.37847087312555 4.0588454374043 6.66764225013144 5.30788688494279 3.88028735016966 9.94139099636199 6.03222493838413 5.23418826630849 2.19383008359193 8.37070683821573 11.8795951800742 11.8839311087954 8.96000184126926 9.58022896566598 11.8737895352635 10.6041085689751 9.27178235196535 8.64518279460819 10.5391578515327 11.8725687097871 6.91862883283443 5.18170733837075 4.090374180319 3.21890504090181 4.17493842667064 4.87557331687578 3.67627584955943 5.34911712865276 5.77729999071718 3.04643322144508 7.57756001248045 8.58098363341196 4.84203739518873 7.76863377033239 8.81043986973064 9.3900115200777
12.3954079278169 11.713389380759 10.5136094245533 16.2749557270757 9.06838999755389 11.4711946128192 14.1246360383817 18.5374518353443 16.8212367994089 8.44488256424931 8.65892016503339 7.16470897839909 8.44467329024093 6.2475299442169 4.12487508913592 7.59695120667313 7.05152106523424 5.81629657544994 4.52065493670094 3.64791966948318 11.698126364885 11.7723587564012 10.449006964497 11.1945098049388 11.8732630330635 11.876622176404 11.7880126996566 5.49896996646351 6.68932005101061 9.92711512149215 10.9649721289458 4.43022080601594 8.36785643621558 6.55402522632816 5.38213170174458 4.8639166848603 4.36948458907697 8.43743992419932 5.20525884493869 6.97338722796737 8.16933471273352 5.09217834999342 4.48710298040526 6.7804786611971 10.6572400198148 10.9863802199292
8.51206395621535 10.7973175984077 10.8731144084029 13.6646090884689 14.5002733034329 14.2990174432464 9.1694604332592 16.3709413534088 9.35799834652543 7.84076019232491 7.82463334727746 10.2467575795433 9.4694813705365 9.51610553622194 6.28745865898086 10.363343237086 8.28918808089484 5.02903440013644 8.12414112015366 9.5299717198804 11.8707533588414 11.0219826650654 9.07875939433132 11.8752621838145 11.8734470952772 11.8741285849671 10.9199155802019 5.54537231698957 4.03642521179788 7.43261048227393 10.2795384142237 4.68884432751261 6.27890492938897 11.8533539678046 10.1970760394773 4.13185890312703 4.14018801792278 3.81219689280731 8.55865769513793 10.359674400276 6.04760417439078 3.63709451359316 5.53100455588833 11.0523237080834 11.8805935914616 11.8933496921599
11.8458001127639 9.41779170960035 10.5718627710621 8.03362383098588 6.1540590548846 8.70981649167053 6.12374851524119 10.1281949735216 10.2204407122297 12.9702482885384 13.5809405250444 8.97824377752682 11.6794003142521 3.67425365636104 5.2449559214413 9.63373858082813 7.52414476341478 9.89845013715507 5.19131693562603 10.6859966808195 11.2361328845612 6.92214237047449 5.86196688019562 11.5297762968778 11.8739765721732 11.8738139369344 10.9093763222391 8.968177162598 2.56828827852576 4.3048204499192 5.82597496278017 4.53019481795042 3.53758859249543 10.9493055284222 11.8738211269193 6.96098753921877 4.64939215339036 6.0091080450688 10.8371887172101 11.0450682247816 5.29918771380601 6.43544014048124 5.91568330970558 11.1259185030327 11.8828275424654 7.9493271983013
12.6542411928721 11.3782266274034 11.1127722798465 5.63047452439811 5.29762094147185 9.37862309458604 4.37952811712001 8.8575287903731 8.86245751502518 10.5083115016026 11.1282010730028 8.19347613228931 6.24981743312568 6.23877602177172 7.37254687170344 5.98566634713129 7.42098790246294 14.7509124042597 14.7861579351334 12.3502016392358 4.25492987223642 2.14752354799583 3.30522648425373 11.2519668231499 11.8745316409306 11.8738732839705 11.8698374444948 5.86506726889854 2.6695033939468 3.06502696360177 7.13270119533438 4.05616528071032 3.49802764465716 7.80549692893004 10.9038078108152 11.7614059671268 11.4821705483315 11.856419993651 11.8784973366638 11.2341244549478 8.2621014620385 8.73549409158149 8.56896911123882 11.5818092064951 11.9378564869032 9.31851210372819
9.53325611615824 7.45287538547352 10.6296520668154 11.9155900119724 17.5054077227253 12.106925705281 12.0791031284069 14.8104290818908 15.7014743030514 14.4206654506757 12.8692456977643 10.6610657903883 8.85257102808966 8.08813634191477 3.56501626091703 4.14635029153335 7.11245794829871 8.56896228811243 13.6204853427232 16.7390876474606 10.0537795991035 4.53489393046318 1.97192314187564 5.00464632375528 11.3968847161447 11.8742869867586 10.6282320834132 2.21125356361164 2.43880847650674 6.4847724757317 10.5799351139685 9.28003442297086 7.48316846605581 7.22021767463771 4.96504361439061 6.91056359355194 11.7558374896484 11.8782505395219 11.8864929566654 11.3999354161465 10.4782375283259 11.8198627190574 11.645885171113 11.8882163136679 10.7360764204475 4.67508365696828
11.8801190095878 12.3099295296256 12.7471708894225 12.8791555213665 11.1588122767613 10.8586747736499 9.76780255106493 8.557694084689 10.3691742739388 11.24339626727 13.2401605876459 14.1480971989052 8.32832649660326 7.46958979765393 4.89576793098811 2.45505677031491 3.29900328191484 3.69119826177728 11.4166128113785 11.0862741649113 6.94447851958683 6.27340747863403 2.70379569457775 2.92449026306427 9.29614610363967 11.8745170701803 8.96538691202449 2.0322060442244 2.41126744255947 9.03634974919694 11.8741877043385 9.44220958041975 6.80166939743364 7.48140968414061 6.30787636439096 3.94085656956545 5.51920757119932 11.3524478345391 11.8776182939249 11.2520875996021 5.3375196506807 9.96162330316356 11.1837956125849 11.8853098392906 11.7765799626521 9.55972665870586
15.1158706606814 10.002035396744 9.06141018785076 9.87499173214798 8.39942458348755 7.14506128040473 6.00621313396617 5.79282349716569 5.96591679124859 7.27637532849878 7.32508015837179 10.0731215667785 6.46470063904528 9.6700311992155 9.1620390557339 8.35675831901352 9.55658539769289 8.16663128342171 5.38488577485157 5.40535876529861 6.56481967455847 8.77910979238452 5.87966342760353 3.3209976077987 3.92113627602385 11.8381116529553 6.43238801690091 2.59291506766732 5.55181886858283 11.6769955749559 11.2406538258784 8.99546087340238 7.54511364572213 6.24336670225258 6.5169355046004 4.59670289346267 3.23150994114377 7.499406340283 11.8801008082782 11.8868834773347 11.5381253890348 5.90522892834584 11.863900130962 11.8796969017449 11.8972821239054 10.2742538685526
10.6948181856498 8.17867724298068 5.49951922117971 6.90904787569565 6.70725280498129 7.69482544852889 9.95418919355851 11.4423949752473 8.76417241665671 7.36397436260822 8.37586474826257 11.7733978617943 10.3782661801936 10.6237412258893 10.7739218961662 8.63977327453798 9.16356576279398 8.65333198253249 6.77016129925892 6.11896864911939 5.86697410803262 9.66643415600369 6.6319168498162 4.94977496239018 3.51548429177805 11.1593007387874 8.39552449431693 4.12873189164548 10.9072457045747 11.0533294783531 8.79266030637991 7.69371986371535 7.26791751106491 6.22862125669065 4.07766109896578 2.61858474238974 3.76356757253761 5.56012598778098 9.70299560646611 11.2050331623099 11.8770972626849 11.8181950450877 11.8550427126024 8.76360562379153 10.828272395203 10.5967043021883
21.1063402194255 18.4395415855695 14.6691696563768 13.1015110853853 12.8948080533849 16.0259684162047 12.9254001725965 12.5972072749 11.1522972309346 12.4892194168176 12.2602665088863 11.8270165676496 10.2997847926937 8.99682003839027 9.35963986044884 11.2081611202141 11.3869237231491 9.41240090107948 5.94688790149594 5.92610990955875 7.64030822838236 8.26171911158467 6.98420421616727 5.45028092669617 7.28206729169995 10.0427339459854 7.68743711821896 11.8573601176027 11.7597214643037 9.1549673325105 8.54750121058875 5.54125167284722 6.62820627011371 8.22640087681155 6.05938925037775 3.24660868740633 3.30644693163823 6.03117412894066 4.28213154435344 5.83052733623909 9.55883067296909 10.9354344105028 11.9044340075854 10.9329269900961 4.94194400379494 4.19048422749563
16.6354202762763 11.5303235802378 16.6836931347081 13.6324852881299 17.3486366797071 8.80702591844276 9.48001664117139 8.89330373993967 8.94337538839226 11.3097274853121 13.1875368154777 7.22370639075982 8.90145102856254 14.536761715735 15.1098218433016 8.40589243834618 5.18136954975536 6.90655517881477 7.88695501741888 7.57156118443344 6.71273955709565 6.84911109622034 7.33684136558068 5.70751913195468 7.8208032638832 10.6041811061349 8.79851310397798 11.8906303432985 8.00674408382466 9.55619277046811 7.16211992463107 4.25811898909614 3.80040581102634 7.22804069739451 7.93057480498384 4.15557253795282 5.64014067622159 5.81765710710953 7.33706357480193 5.36787405252008 5.6126171836388 10.3044212223203 11.1694558801976 11.80888115138 7.46028580387185 2.81115362272459
14.2590967676559 12.3631973103497 11.2323356926808 9.27123774981084 9.84862788659343 10.6585570565553 10.2334311806983 9.73916217324402 11.4833689682823 10.5196911932963 8.77419779482081 10.5185948582861 9.88631226556743 8.60234387375967 8.80742222380894 9.62603882081748 7.21664037322161 10.2775944894831 12.1214131021759 9.20666861625035 10.0126756658171 8.10993041503671 9.57022264237777 6.29372421860836 6.88687101217896 7.38839183948293 5.02012807356029 7.17207050425043 8.15263959583329 9.23167584388256 4.70184481332954 3.83148641229483 3.64730068911935 7.16805093270616 7.64278315655912 4.88455115331628 8.57406105925727 5.91338282858984 9.03170576998415 7.04969999268343 10.330470183161 11.2268589126512 11.9136921009943 11.536192673365 4.81507965051118 3.31170178067048
9.53852266249598 11.4683866386052 12.6232092775427 10.0183229571103 6.13598602288221 6.62583918898352 11.0789891437492 11.5519322848445 11.9655876633022 11.3575162664881 11.612596578191 10.9202084727197 11.2697083942053 10.8776100199531 8.71423368860373 10.3008772611499 7.90654775319688 5.8244516719268 6.384494365039 6.66881143742881 6.15693874615551 5.39521529849786 9.48964875813523 9.45139396226588 9.87267769087361 11.2978563048283 8.95185214775356 8.76932134018723 9.32100717815055 5.74531292858636 6.14451902157103 4.08623785612095 6.24526541391141 8.78820081993611 7.7762396544536 7.14857265177944 11.6519476100902 9.55180822023264 8.31143858714226 4.80726435447993 10.736512398187 11.8112223760472 11.8896464445571 11.9002718603839 10.4054572174894 4.76330970250994
9.42797781113294 10.785917634689 16.2986492597426 10.3392129684636 7.44039339488385 7.33517249207445 5.27156335480089 8.55908990606409 11.8275952136892 11.2222204934527 10.9954647522876 10.6781210283489 11.2135493915993 9.44318895319126 9.04574129420223 7.38307748144885 9.05477601363089 6.94400550826659 5.46566144610946 9.13608505981176 11.2300957427337 8.62750308678896 7.85433100685983 11.1026331255054 11.926922879541 11.8901732783855 11.9306009672384 10.2984706106984 7.62682674001241 8.77490769752262 6.13233254547223 5.7455193761012 5.7117438714942 9.32437494931786 8.87449252773698 6.73122977083279 9.52567834345847 10.1345388566831 7.67989749315796 5.09765546108639 10.2564204103451 6.89853329095356 10.0144915643453 11.9106626803921 11.9116050677408 10.3482766851646
13.1262147756732 7.22766300122814 6.93887722445379 7.26200831447105 5.13603385007954 5.33729466434545 7.56760335022523 8.38910050102888 5.48320982581391 5.51897245630526 5.14521106899958 8.68173409070678 7.18535977959787 7.97686352991371 6.8487464858744 6.43408809897654 10.5162353000151 6.73587087425232 7.90067087086604 7.83640187085005 8.01767864828944 11.3033832946099 11.9199882912612 11.880398059079 11.879726509767 11.8929237057974 11.9121318675738 11.8738748205096 10.2420623000662 10.3563389732386 10.8894288869646 10.6579668708907 11.0611646809726 10.14251384629 10.4429309265896 10.4535885224251 9.46070966711661 8.0883725858826 6.67994069846409 6.61569069103341 7.47483890525761 5.67425909381278 11.4299139637368 9.71331107056658 11.9092047271311 10.5799950696996
