IBR/IBR_outputs/all.combrep_1/Spinifex_Total.VRM_Total/Spinifex_Total.VRM_Total.asc
NCOLS 160 
NROWS 95 
XLLCORNER 210004.651214014 
YLLCORNER 7350008.22228844 
CELLSIZE 4999.99999999997 
NODATA_value -9999 
[rows 63 to 83 of 95, columns 46 to 91 of 160]
14.2182614852471 12.7422549924059 11.1960006356143 12.7762147609204 11.305471038896 13.6108255793709 17.1166176416835 10.955860041282 6.90682563162085 7.14354339957377 8.04335121435198 9.81406945728225 12.6889867631742 13.2375248147333 10.1562727081931 9.64140372746747 11.6574202097553 12.2904425119693 11.8297876200404 11.518614346548 12.2464522448702 8.8352406798869 5.11311015912579 5.87531890571635 6.53117811997125 5.20025293178208 6.59977735181731 8.2943043494198 8.57492159390973 4.78637812154566 6.40445289213669 7.67167298382638 9.0735688337973 14.7526465952214 16.3377147016582 15.9449944258914 16.3798660382645 18.4793891967656 12.9130493052147 9.86686902418866 11.847184113149 13.0035923406435 12.9500555725368 12.7945718254605 13.8852348695414 7.86817866367765
11.0436747147574 9.77163217109004 6.36307364740601 8.75675102910827 12.8307363084349 14.3623049241549 16.3356636628394 13.0231225028423 6.54458352188516 6.95954444607985 8.71491458488785 11.0449007933418 9.45873740799707 8.853282879704 8.41075931223122 9.56216450899339 9.07586353364924 6.99703099455339 11.5053317212133 12.8955868961939 9.13408171901715 8.63466695265457 5.89796962146054 6.08577887036233 4.75563624179441 3.7914161040657 3.86796751902338 8.10356510738085 7.83023830986254 6.34538818255781 6.41974943642035 8.07961357914279 10.3998378019465 11.5803900425652 12.3115490936576 11.6539080799217 10.2321417051478 12.6811784695264 9.50311367820525 10.0832648794183 9.60218969277497 10.3004712880859 9.28329357124829 9.85364950546709 10.0167414060943 10.1733706261888
8.74707853506492 9.69114781441248 10.1455243790647 10.2696158490905 12.2894895514119 11.4244443257447 13.6156596840466 8.54212267888569 7.989054343459 9.64216802431574 9.76184627307067 8.50600650525478 6.68107170463244 10.4791869209199 11.3852307104506 8.28463456612166 7.13553663024509 6.99489988463498 7.43119965162709 6.96853591399099 7.72243268874168 7.43792411238226 7.72906347092847 8.23714272954401 7.05055083811866 7.64604235037943 9.97528650097518 6.626260132698 8.65708747704138 3.21725831738886 5.72397701880999 9.70788904071047 9.17441829613133 10.0083306757054 12.3859230252872 14.0366709227515 11.8574061395819 10.5262598049585 9.05042705853145 8.08722621537311 8.04258546094577 9.01690132736789 11.0244609307125 11.1165220457661 7.70630798307421 14.9098456321183
5.52946401302514 5.73608289440698 7.30363787771715 12.1593775518434 10.8121976826909 10.5165644819567 14.3912497565976 10.6349349873688 8.73863500752262 8.17975844342262 4.69217855005489 6.59861128603155 11.3368971994901 12.9571178745403 8.17283308433356 4.89685584567373 5.41705628394809 7.80980064102923 4.7202966030085 8.07907252142184 12.7209576278043 9.71877200082388 10.6033031526625 8.89275214107237 10.3124591053931 11.8732222209679 13.466809175573 9.77281408512257 10.8748640990749 10.3597065201698 9.46419916548099 15.4691190154977 11.6725402037832 9.60094138211602 5.65332024489757 5.93951279792386 8.11175599576398 10.0152720309485 5.5776018169065 7.74536922941157 10.2637250507204 8.57159085650583 7.96713149811842 14.1049767464309 8.82183537889268 11.4490952384927
5.96909709432768 4.84490523706784 6.16169738423792 12.5205689093184 12.4562825756348 10.5380560174031 14.5464522245352 13.0070418986238 9.31348403725341 8.86978105989262 6.66819948968314 9.54946652738546 13.7269621943285 9.84632407741801 7.59401838368242 11.5155171556426 9.14848788718782 9.73058713010351 7.58090624138397 7.42792898295736 12.8441222171582 9.13039469708199 9.19037335729714 6.99803758333224 3.76227127156883 2.7113987114531 5.25821188473785 14.8803642662521 7.22193936005816 8.18004203159126 9.23341970640702 10.0874715002589 14.0425588160984 10.5423229614182 10.1296987779518 7.09262843622491 7.10988050965574 7.18422340094073 7.14221724353019 4.37565628947806 7.45122629721808 4.96056381406748 12.0309398785786 15.5561904207431 10.8661490664186 11.7498315421867
9.93534729925888 5.60396927286278 4.46965550943557 12.4387428449162 15.9865094555004 16.0218711536389 16.6100856684515 17.0076576551705 16.402572953905 15.241674969849 17.2089909332473 11.2735999567545 10.6593946469593 6.56835394409694 7.91996520146408 10.4912870915616 7.79135623352558 9.49037422604176 6.47720953259865 7.58275646769503 7.66141582399211 5.76698181019174 6.87955060115159 11.5386064299481 11.8793724653924 13.91988255779 9.29429721140385 14.4229803315142 7.80258816343404 8.86104097949201 5.34146605287836 5.994063180679 5.30435632800064 6.48811756446213 4.90151733671502 5.56846122289494 6.46946691858406 7.00799452367786 10.6654472600634 9.92545293676928 9.27747831772009 7.73999649319381 11.0616437978608 12.5957527911193 12.9603996883019 9.68986160989272
14.2610451303314 8.99841009073394 6.3536358355356 10.151336866202 10.7857509175995 11.8034749325548 8.89872411433298 14.8884128592081 16.8011963486227 15.6708286885255 18.0482733380445 16.6784039214308 14.6264776940188 8.84904522730774 6.97589221307656 7.79258673327853 7.97946929679385 4.125039610323 4.05464251657305 5.3977724454724 6.35202067010718 8.61941092171656 5.48244152889654 7.51680509074883 21.3091032958671 15.5903183714669 6.99050051667927 8.22482907478579 6.37441175466752 4.90693892802067 5.52822594361791 5.82177118064167 6.8373435079222 7.0698454618322 11.238241189041 8.27719597566156 8.83642748229808 7.34362181931079 7.37025466078808 7.22767710858912 11.6409286654535 17.7791869715148 19.0511554054045 12.4800605255516 17.6845778954725 8.26323896020192
14.8454861679467 12.3637963929131 11.7483542071933 12.6295083454621 9.4517679137928 11.9589310665651 11.8978969414289 10.2100593554393 11.0950293670861 14.3220032851094 15.2968517123084 12.2843388025138 14.8337322012197 17.4162840940903 12.6781706397881 11.8378966422711 9.08108044143118 4.17663504256031 4.50463845277418 4.56218680410765 5.42423386264849 7.71740337384527 6.98390589211327 8.95283412781286 12.3514132784951 22.3294855102537 10.9543692319658 7.34289149863206 6.0862405397955 5.31043496746459 7.05237738808083 5.2937666096722 4.0054455652666 5.36937558144238 4.8537374533217 5.41558783465841 7.6572611471638 9.77737027756057 6.38272329444695 5.37514947000084 5.47719096460524 8.75981800466277 11.0512275885499 17.2936562187244 13.9568151564209 14.6532863343136
12.2120933519078 12.7425297340106 12.7102865152462 12.1403263901143 12.0637928588428 12.2735785842968 12.5737999722145 12.0860487104387 11.1679159642994 12.4956442130918 14.1538013092308 15.770746079009 13.6355458014479 13.8766481917347 16.2123730356782 17.2526731416008 13.5832117309205 9.3979064525747 6.1783444814737 7.22116898398412 8.76784666280128 7.85246302746363 7.92656330849477 8.34707329806855 9.36108300512099 18.7696441670363 11.3419360444819 8.41306514268803 7.92549103688633 9.36160224158123 8.50837401149217 6.75641289454893 4.97962101683377 5.10330693385039 3.51658451505723 4.42782108752673 5.16621344544269 4.94988799989361 6.07551619737566 9.32285674547491 7.82937230286034 8.03245575529408 7.1880026679557 4.75256160040099 5.73871594227789 7.22644153106906
11.9771969453367 12.403312781998 12.6373640892413 12.8470726861423 12.9404844991999 13.6444109939772 13.1961969810645 12.602562279686 12.3135282009443 11.9770257074935 11.3147493982083 13.3902827469174 9.19800746612166 13.3242897232075 13.2842808385895 15.1841225171009 15.4812413501721 12.876054799759 11.630225791379 8.55906117557978 7.71762993049993 8.72787554172206 11.1850766233776 7.04887713247965 7.44576945487248 8.91228480125107 8.8043943845062 9.25201793915901 8.35772329160764 5.70443885526105 13.7033473967388 11.9996235290805 5.47777564934602 5.36425233470964 6.70455624847615 4.92456484642532 5.94961813028115 9.61215015748113 10.6493549839497 9.27080893366066 9.44239364943167 12.8371495693435 16.558290595077 14.7131965855852 9.51158233379702 10.6610706239488
12.5681988320463 12.1788818307898 13.4792736968468 13.7837384637262 13.3881476380531 14.0604267276701 14.3102850430774 14.9230832435497 14.1888152222855 13.6398891378741 12.0607079087572 11.8816632457166 11.597773813558 12.0799552989468 11.6170159508064 12.9763028549624 11.3058122804097 9.44779063690942 8.85013606827038 6.15388282883574 7.42402000405552 6.1805074964677 8.48432988034119 8.6055655321428 10.8052272662949 7.05578276329442 4.91087394450683 4.99748038447084 6.36745088341922 6.49787245056308 8.24809039558637 8.38805799886603 6.97551907347553 7.01466960396662 7.67886075174814 7.31564443449966 8.62376388808855 14.5504387991249 13.4379673427562 11.3236785462971 11.347061132999 13.0490973113707 11.9606951936097 15.4700152007995 18.9412525544927 21.0552639049974
12.5089833017046 12.0229571635333 12.363330541218 12.3524015217151 12.1328976903118 12.429624959993 13.0599804129526 13.5325075333786 13.4668789399114 14.7648197836717 13.7472094101998 12.8563867343015 12.1795677507752 11.9661028422086 12.5582442539975 19.0262816318687 8.28856647092674 6.18485858824078 5.35618830564195 5.19857778427864 8.31950981526849 6.42642407041645 7.74570541353971 10.0035156106664 9.20552998836885 11.2563515295336 9.22949949551804 6.64830321044002 5.33235913379448 7.60402486475754 10.089456949753 7.43593234712761 6.65679238863351 10.7089702505044 8.75981049833301 10.9583356647714 12.1435962806597 9.97802379785906 5.19858656824109 10.2848490270986 13.5637471880259 16.135900843673 18.1307894758695 16.8420687072509 15.6763873400246 10.8931136492057
12.054593721106 12.127197463237 12.2726013277734 12.062869776977 11.9554628087681 12.3231273200955 12.3701895571184 11.9967267214771 12.3547400803841 13.5454366085437 15.381233398273 15.4933598750877 13.2732105592227 12.0567607124755 11.9666151789887 13.1059125635452 12.4496638801604 7.97379219417073 6.35767539458132 5.76940831532124 7.76865040907012 7.2953445126021 9.42235303121232 9.48130851605054 5.81923715874155 9.0065230009836 8.23379426855616 6.94524829860119 6.64982853669681 7.79338086155029 8.28605662728607 9.47713104792676 7.96761443547399 9.56014363162907 11.9198852373716 11.3797688453535 5.12596706342198 8.65050480163262 6.67174403898955 9.40161947872965 14.0308246564893 10.3695277521813 12.5998921021447 9.79877584946688 10.2851858553761 13.7116261717685
12.3963185078795 12.3503485445698 12.2320743969713 11.8836487519782 11.937175589574 11.9184658200558 11.9837666624623 12.2137369224377 12.3900867196839 14.1346202886376 14.8602811746619 14.8926859810046 12.9748290394818 12.6359874052182 11.6959038463311 11.6354345124302 11.5480986956489 13.3526814249939 10.603829559261 8.18376320108095 6.01193582263547 6.08464193004939 9.17695444129701 5.98290207242763 6.33631102139756 5.45864590610596 6.2931028867904 6.65414925696474 6.6924546799145 9.14034946513962 9.65716145594874 11.7170642162627 14.933834407217 13.299847657002 14.1951331847447 9.16260071234744 11.4476271641443 11.8901106085376 10.71861366286 9.78298795004869 9.17129987942463 14.6096061084916 15.8464580498095 11.8704190118137 11.783015581539 12.5296372082777
12.0177574270531 11.9096232509156 12.854111450853 12.1071377145461 11.9064215429436 11.895292123464 12.115860645426 12.3255707477465 12.2242737586296 12.372931380413 12.5460774104309 12.5599293671011 14.1983679731376 13.7582502635017 11.8552007740734 11.0507210260427 11.2549322099499 12.1724480185082 11.9149834325052 10.8797486041085 13.4913975582523 11.4652655233561 7.68207504511014 8.14691225341649 5.62052092954189 8.51778396582169 8.66259371030421 10.1057811272854 11.0986896636102 17.3000479935916 13.2636215650273 12.7536340210885 9.4459463660554 11.3443439747226 11.8676939839412 11.1664439107203 11.1561940392672 10.6766896675568 11.5468463422133 11.9086806092058 10.6045705899048 13.0535516146682 14.1474566139677 16.9134448100261 11.8922590720248 11.2252254540207
12.1029273281929 12.3442950713525 12.8997895560439 13.515714425857 13.1596866681792 12.590851012951 11.9290423364476 12.1287185518218 12.1895761853125 12.4180193170095 12.0694263030916 12.0988005799095 12.2056400868131 12.8675929361864 12.0267492588962 12.3105880390489 12.1575019548128 12.3318790863049 12.3023635262384 12.022169280879 12.3205350047855 12.3927720713655 14.37762916493 12.0918757723122 7.50590856992742 9.7076995632291 6.56229560004684 5.94135874645323 8.96419025565024 15.2292934027695 6.10903192789493 11.2436401533044 11.9256183431964 12.0255195628277 11.9444084705586 12.5848170482623 11.5442975454929 10.9873246800637 10.7181102294409 11.8904070340035 11.9619906117291 13.3050210781287 13.3039764419991 13.2554800381333 11.2462252652015 13.3215039249469
15.1419149255681 15.1153558267938 13.4428637304321 16.8683573031665 25.7328163731608 21.0771088117718 12.4999016740144 12.1817734260702 12.0533486521433 12.436374416588 12.3679554480041 12.0181590768248 11.97343813454 11.9186329765745 11.9034939375837 11.9054971886889 11.9643090587375 12.211020735725 13.5966029474148 13.3233920465324 12.5990255936424 11.9712388408964 11.9297948016387 11.3830982245423 11.0691255419124 14.2493386692083 16.2959719128146 12.2893802837326 11.7346994030111 23.2399601696093 13.7894728591278 7.70927260896215 11.2811410495378 11.5694037177702 10.4847459873111 7.68414836764088 6.83866587346178 10.7761536101215 11.9567784514192 11.9327008898816 11.7913389104809 12.4770397104976 11.1475816817747 9.53613586378341 12.0118459926999 14.0029687400886
17.0454757205772 16.0747828741406 19.834818692841 18.8918004516344 21.538789447913 25.5056383980682 21.1961883862065 21.5018463773674 15.6450784424672 11.6677708403574 12.1446044293934 12.0145588536479 11.8862394891517 11.9887037150858 12.1186451502989 12.0893325015008 12.1325320606382 11.9294941808718 12.2841783555779 12.4714852319705 12.3723179154068 12.2306609292739 12.4087372720017 12.1439258130704 11.8348789498249 10.0200473640532 11.3402875514907 13.0883104805918 17.3563296950387 22.7092507933786 19.1252247699687 16.9799888661984 10.9007776522408 9.32513993453992 11.5936379799332 10.3999206918173 10.4791852938076 11.8910038982093 12.2778455678328 11.4019237489243 10.8644966972562 8.71925981339836 13.1941453088618 8.65046190229456 12.3126414188472 18.8631998284531
14.887280471601 18.8624573151422 17.9007224905985 18.4601472475286 18.4174972673615 14.8620446865707 22.2724315374605 26.5237959896631 21.8303227181145 16.2077520795822 12.8898865790703 12.0123369479516 11.8919713059539 11.9752704414543 12.1419565275289 12.307158632853 12.5383697005891 12.9875601375696 13.6639292440312 12.1274551641513 12.5492861059128 12.8875310722215 12.378874864275 11.9961676253619 11.8940386915841 11.9186960522276 11.9273672572193 10.4736544995817 14.0173389964784 12.1121806111248 12.1338015635891 16.4318321913524 16.0196622216703 10.6805412967954 10.0873714014311 7.82995166209333 8.96945890572624 6.63117358620565 8.9539150435215 6.62566967486322 6.72524764160806 8.89491125270546 6.83433218199547 8.88910575936405 10.1574639179183 11.2134412522691
17.6627052813029 18.2296150757296 20.2485371792742 14.5748947100192 12.4840027067121 18.6963641076979 21.6096703175649 23.7817085367389 20.2422017217211 19.5819319251728 21.2348116411366 18.4282667594974 16.8426114536561 13.1720828193647 11.9419651206772 12.0821833284999 12.2535021139717 12.5739416757251 13.3575544642528 13.6720476887306 12.2247696968204 12.9385189947031 12.3279065336786 11.9339899029462 11.9318354213294 11.9430417241638 11.9230557070641 9.61210406571493 9.70112853730875 10.5703664110695 12.4815751647096 12.7803796454169 12.3762241333176 19.9749760508144 15.5804023430221 5.4113963824326 4.30816412557878 4.11575613197375 6.70272616620007 6.88154499140118 5.44229542205745 5.69252013126091 6.4728021461145 9.93219821901795 16.4118078110563 7.1859291930093
18.9444345601834 13.0422657925467 16.1091017544211 18.7957388033861 15.074750860329 14.2935278072098 13.8690417461795 16.6429666907425 21.9084582164756 23.0826402413887 18.7478612267113 14.3233394687219 14.0532062207075 15.1124558554651 14.5633518636501 13.0573481347417 12.2566979340059 12.6083048954447 12.4040921625124 14.6345141379215 13.8576210099974 12.198226804973 11.9892022864359 11.9450196808776 11.977759930323 11.9761131870445 12.0156082381402 11.9532167706393 12.0383945397154 11.4975436557092 7.24663810678938 14.9012673396749 15.7523306870253 15.8921499147583 13.1745077594531 10.2270290053923 4.19587007054024 7.12263449827001 6.10182458794687 7.02558449524431 6.56628808263589 5.17411990558755 10.9464722933787 5.48706752980421 4.48298868290625 10.1874947074235
