9.9991E-05 0.0565399 0.0224317 0.543149 0.252939 0.12484
9.9982E-05 9.9982E-05 0.0206326 0.491821 0.434277 0.0530692
9.999E-05 0.15576 0.0276679 0.497151 0.0856434 0.233678
9.999E-05 0.0237768 0.00135405 0.739603 0.149491 0.0856753
0.0438731 9.9991E-05 0.00714713 0.537799 0.398517 0.0125642
0.0625392 9.9973E-05 9.9973E-05 0.656915 0.280246 9.9973E-05
9.9982E-05 0.123601 9.9982E-05 0.48168 0.358634 0.0358847
9.9982E-05 0.070403 0.0411817 0.628583 0.259633 9.9982E-05
0.0598897 9.9991E-05 0.00951418 0.106895 0.718393 0.105208
9.999E-05 0.199445 0.0240088 0.189187 0.419403 0.167856
0.0797937 0.34241 0.0565391 0.106919 0.327932 0.0864057
0.0380796 0.117941 0.0231174 0.170151 0.444523 0.206188
0.0441414 0.716717 0.0507294 9.9991E-05 0.180125 0.00818756
0.0612155 0.157594 9.9991E-05 0.00144468 0.706344 0.0733019
0.0306409 9.9991E-05 0.0574051 0.285676 0.489522 0.136656
9.9973E-05 0.19819 9.9973E-05 0.0822391 0.719271 9.9973E-05
0.00780292 9.9982E-05 9.9982E-05 0.216858 0.577001 0.198138
9.9982E-05 9.9982E-05 0.0217981 0.25002 0.720987 0.00699453
0.123763 0.172392 0.0432409 0.0355401 0.160115 0.464949
9.9973E-05 0.15041 9.9973E-05 9.9973E-05 0.29501 0.55428
0.0317473 9.9982E-05 9.9982E-05 0.0332818 0.278562 0.656209
9.9982E-05 0.148618 0.0226376 0.00756836 9.9982E-05 0.820976
9.9982E-05 0.051707 0.0573186 9.9982E-05 0.0211678 0.869607
0.0307854 9.9991E-05 0.00640329 0.114274 0.11551 0.732928
9.9982E-05 0.0553058 9.9982E-05 0.12134 0.171858 0.651296
9.9973E-05 9.9973E-05 0.00954254 0.136491 9.9973E-05 0.853666
0.073831 9.9973E-05 0.0504107 9.9973E-05 9.9973E-05 0.875458
0.00272984 0.0587048 0.0219543 9.9991E-05 0.125531 0.79098
0.0553189 9.9973E-05 9.9973E-05 9.9973E-05 0.0297039 0.914677
0.0852637 9.9973E-05 9.9973E-05 0.0780762 9.9973E-05 0.83636
0.0516572 9.9973E-05 9.9973E-05 9.9973E-05 0.130725 0.817318
0.0133606 9.9982E-05 0.0328729 9.9982E-05 0.155253 0.798313
9.999E-05 0.041078 0.0572028 0.0127221 0.158054 0.730844
9.999E-05 0.172887 0.0765672 0.311753 0.329645 0.109048
0.00512842 9.9982E-05 9.9982E-05 0.39726 0.364993 0.232419
0.0913807 9.9991E-05 0.0072997 0.750268 0.0485332 0.102418
9.9982E-05 0.152367 0.0340778 0.765956 9.9982E-05 0.0473998
0.065506 0.217432 0.00548027 0.214932 0.363993 0.132657
9.996E-05 9.996E-05 0.9995 9.996E-05 9.996E-05 9.996E-05
9.9973E-05 0.220681 0.0332557 9.9973E-05 9.9973E-05 0.745763
0.11275 9.9982E-05 9.9982E-05 0.624153 0.111167 0.15173
9.9982E-05 0.154043 9.9982E-05 0.224464 0.491742 0.129551
0.0970113 0.299455 9.9991E-05 0.175514 0.20069 0.227229
0.0720605 0.693191 0.0312766 9.9991E-05 0.171229 0.032142
9.9973E-05 0.899682 9.9973E-05 0.0855766 9.9973E-05 0.0144412
9.996E-05 9.996E-05 0.9995 9.996E-05 9.996E-05 9.996E-05
0.0194147 0.183483 0.0715577 0.27165 0.240348 0.213546
0.0890236 0.417857 9.9991E-05 0.232068 0.191719 0.0692326
0.0626596 0.19221 0.0277215 0.170532 0.251783 0.295093
0.699981 0.224853 0.0338844 0.0160934 0.025088 9.9991E-05
0.750464 0.131554 0.0308266 9.9982E-05 0.086955 9.9982E-05
0.806672 9.9982E-05 9.9982E-05 0.0579489 0.0878059 0.047373
0.656655 0.219445 0.0683732 9.9982E-05 0.0553261 9.9982E-05
0.799572 9.9982E-05 0.0572522 0.084626 9.9982E-05 0.0583495
0.822438 9.9973E-05 9.9973E-05 9.9973E-05 0.140722 0.0365407
0.651985 9.9964E-05 9.9964E-05 9.9964E-05 0.347615 9.9964E-05
0.789771 0.00391995 9.9973E-05 9.9973E-05 0.206009 9.9973E-05
0.825624 0.0626916 0.0206488 9.9982E-05 9.9982E-05 0.0908361
0.737201 0.107329 0.036493 0.0238793 0.0949978 9.9991E-05
0.555376 0.317845 0.0083839 0.0427938 0.0755018 9.9991E-05
0.772484 0.149163 9.9973E-05 9.9973E-05 9.9973E-05 0.0780532
0.669273 0.174594 9.9982E-05 9.9982E-05 0.0949625 0.0609699
0.309148 0.582333 0.0639225 0.0443958 9.9982E-05 9.9982E-05
0.0484249 9.9991E-05 0.0167938 0.129765 0.0652453 0.739671
0.00296341 0.0443504 0.0241675 0.099293 0.0488987 0.780327
9.9973E-05 9.9973E-05 0.0171961 0.183685 9.9973E-05 0.798819
0.670943 0.112807 0.00172034 0.136685 0.0117767 0.0660675
0.460389 0.377012 0.0870048 0.0210414 0.0544534 9.9991E-05
0.677174 0.135802 0.0292498 0.000802271 0.10202 0.0549521
0.624404 0.269135 0.0519234 9.9982E-05 9.9982E-05 0.0543375
0.8183 9.9991E-05 0.0374305 0.0903863 0.00929889 0.0444847
0.130201 0.537963 9.9973E-05 9.9973E-05 0.331536 9.9973E-05
0.0367254 0.58453 9.9973E-05 9.9973E-05 0.378445 9.9973E-05
0.0161013 0.895989 9.9973E-05 9.9973E-05 0.0876093 9.9973E-05
9.9973E-05 0.97832 0.00346103 9.9973E-05 0.0179194 9.9973E-05
9.9982E-05 0.788637 0.0314882 0.122392 9.9982E-05 0.0572834
0.00242939 0.923654 0.0216784 9.9982E-05 0.0520385 9.9982E-05
0.0805041 0.613408 0.00230512 0.184541 0.0585081 0.0607337
0.63505 0.106645 9.9973E-05 9.9973E-05 0.258005 9.9973E-05
0.395188 0.224372 0.143091 0.237148 9.9982E-05 9.9982E-05
0.682095 0.177655 0.0148994 0.0896661 9.9991E-05 0.0355844
0.730289 0.112908 0.050797 9.9991E-05 0.0130349 0.0928709
0.709539 9.9973E-05 0.0262003 9.9973E-05 0.263961 9.9973E-05
9.9982E-05 0.131117 0.0163482 9.9982E-05 0.193387 0.658948
0.292069 0.476766 9.9991E-05 0.0154653 0.0671002 0.148499
0.0820714 0.858023 9.9973E-05 0.0596061 9.9973E-05 9.9973E-05
9.996E-05 9.996E-05 0.9995 9.996E-05 9.996E-05 9.996E-05
9.9982E-05 0.112185 9.9982E-05 0.506023 0.210101 0.171492
9.9991E-05 0.00393492 0.0285727 0.509393 0.350734 0.107265
9.9991E-05 0.203124 0.0294766 0.138765 0.535528 0.0930065
0.0950964 0.125454 0.0440818 9.9991E-05 0.580983 0.154285
0.0390866 9.9982E-05 9.9982E-05 0.570433 0.378766 0.0115142
0.143203 0.791585 9.9982E-05 0.00904135 9.9982E-05 0.0559709
0.0391221 0.100544 0.0369887 0.272404 0.0381042 0.512837
0.137228 0.643165 0.0853269 0.13408 9.9982E-05 9.9982E-05
0.0566809 0.281386 0.0288383 0.250956 0.121649 0.26049
9.9982E-05 9.9982E-05 0.00125397 0.257955 0.70893 0.0316607
9.9982E-05 0.195815 9.9982E-05 0.565639 0.188977 0.0493696
9.9982E-05 0.278279 9.9982E-05 0.198354 0.391405 0.131762
9.9982E-05 0.194804 0.0175163 0.150627 0.636853 9.9982E-05
9.9973E-05 0.20694 9.9973E-05 0.770321 9.9973E-05 0.0224394
9.9964E-05 0.14705 9.9964E-05 9.9964E-05 0.85255 9.9964E-05
0.202346 0.48329 0.0390628 0.247911 9.9991E-05 0.0272897
0.12882 0.574532 0.105666 0.0911669 0.0433014 0.0565129
0.192067 0.527734 0.0772525 0.11273 0.0901164 9.9991E-05
9.9982E-05 0.533547 9.9982E-05 0.0163776 0.22757 0.222306
0.139516 0.373643 9.9982E-05 9.9982E-05 0.367313 0.119328
0.0658981 9.9982E-05 9.9982E-05 0.145551 0.432752 0.355598
0.723262 9.9982E-05 0.0154258 0.214425 0.0466869 9.9982E-05
0.666819 0.221449 0.0525929 9.9982E-05 0.0589395 9.9982E-05
0.143376 0.597172 9.9982E-05 0.133969 9.9982E-05 0.125283
0.127751 0.5222 0.0184252 9.9991E-05 0.236556 0.0949672
0.11155 0.425467 0.0294169 0.1886 9.9991E-05 0.244867
9.9973E-05 0.267849 9.9973E-05 9.9973E-05 0.0105903 0.721261
0.627998 0.265692 0.0592667 9.9982E-05 9.9982E-05 0.0468428
0.671989 0.237214 9.9991E-05 0.02842 0.0473709 0.014906
0.433441 0.424422 9.9973E-05 0.141837 9.9973E-05 9.9973E-05
0.053475 9.9991E-05 0.058638 0.314537 0.120989 0.452261
0.0453015 9.9991E-05 0.000448493 0.417003 0.286592 0.250554
0.0184148 0.0590239 0.0169798 0.516383 0.348842 0.0403564
0.0938533 9.9982E-05 9.9982E-05 0.640038 0.161035 0.104874
9.9973E-05 9.9973E-05 9.9973E-05 0.331778 0.31725 0.350673
9.9991E-05 0.0862245 0.0165484 0.427825 0.307376 0.161926
0.0121801 0.0343587 9.9991E-05 0.562966 0.259761 0.130634
0.0573425 9.9982E-05 0.00433468 0.311689 0.626433 9.9982E-05
0.0203498 0.0915863 9.9991E-05 0.294302 0.288213 0.305449
9.9982E-05 0.0191101 0.015011 9.9982E-05 0.945368 0.0203105
9.9973E-05 9.9973E-05 0.0108142 9.9973E-05 0.970824 0.0180619
9.9991E-05 0.0333844 0.0139319 0.0382333 0.90886 0.0054905
0.0907689 0.114089 0.00189547 0.220142 0.381232 0.191873
0.0764452 9.99841E-05 0.044951 0.00871904 0.869685 9.99841E-05
9.9991E-05 0.183365 0.0196756 0.0266143 0.582271 0.187974
0.0195085 0.122562 0.00632771 0.388 0.420378 0.0432236
9.9973E-05 0.216989 0.00233307 9.9973E-05 9.9973E-05 0.780378
9.9964E-05 9.9964E-05 9.9964E-05 0.111218 9.9964E-05 0.888382
9.9973E-05 9.9973E-05 0.0389016 9.9973E-05 0.135614 0.825184
0.0808765 9.9982E-05 9.9982E-05 0.0548573 0.1442 0.719866
0.0454224 0.0964802 0.00895029 0.0816552 9.9991E-05 0.767392
0.0468494 0.138096 0.00614223 0.392556 0.416256 9.9991E-05
9.9982E-05 0.0457863 0.0281696 0.807629 9.9982E-05 0.118215
0.895597 0.0972084 0.00689427 9.9973E-05 9.9973E-05 9.9973E-05
0.778944 0.00507994 0.027975 0.0226456 0.156696 0.00865917
0.866024 9.9982E-05 0.0127331 0.0899824 9.9982E-05 0.031061
0.543258 0.295343 9.9991E-05 0.0122536 0.0750488 0.0739966
0.804978 0.0235733 0.0149749 9.9982E-05 0.156274 9.9982E-05
0.776038 0.00697406 0.0264264 9.9991E-05 0.0701423 0.120319
0.845873 0.0344522 0.0232363 0.00380138 0.0925369 9.9991E-05
0.795382 0.0829834 9.9982E-05 0.0539104 9.9982E-05 0.0675246
0.803508 0.0572344 9.9982E-05 0.0754009 9.9982E-05 0.0636566
0.815432 0.0548335 0.00470108 9.9982E-05 9.9982E-05 0.124834
0.754297 0.0961232 0.065431 0.0293481 0.0547003 9.9991E-05
0.724712 0.0229581 0.0398695 0.00205141 0.210309 9.9991E-05
0.733704 0.0353573 0.0153313 0.00269068 0.212816 9.9991E-05
0.821949 9.9982E-05 0.0187854 0.115121 9.9982E-05 0.0439449
0.786283 9.9973E-05 0.0216531 0.191764 9.9973E-05 9.9973E-05
0.841431 9.9982E-05 0.0177834 0.0866754 0.0539104 9.9982E-05
0.828117 9.9982E-05 0.0129442 0.0986917 9.9982E-05 0.0600473
0.10921 0.78081 9.9973E-05 9.9973E-05 0.10968 9.9973E-05
9.9973E-05 0.909734 9.9973E-05 0.0256163 0.0643495 9.9973E-05
0.770495 0.0646154 9.9973E-05 0.16459 9.9973E-05 9.9973E-05
0.636611 0.0488796 0.00957398 0.185636 0.0671811 0.0521185
0.776545 0.223056 9.9964E-05 9.9964E-05 9.9964E-05 9.9964E-05
0.114384 0.610572 9.9982E-05 0.0911371 0.183707 9.9982E-05
9.9982E-05 0.0435634 0.01774 0.581462 0.357035 9.9982E-05
9.9982E-05 9.9982E-05 0.0101215 0.492232 0.362445 0.135001
9.9982E-05 0.249623 9.9982E-05 0.15857 0.113852 0.477755
9.9982E-05 0.143033 9.9982E-05 0.0470518 0.23444 0.575276
9.9973E-05 0.213986 9.9973E-05 0.0558828 9.9973E-05 0.729831
0.0539654 0.0835321 9.9982E-05 9.9982E-05 0.107911 0.754391
9.9991E-05 0.120889 0.0167997 0.113151 0.0345687 0.714492
9.9982E-05 0.0839103 0.0215324 9.9982E-05 0.164834 0.729524
0.0476764 0.150046 0.0350164 9.9991E-05 0.0535696 0.713592
0.0690253 0.00346178 0.0301589 9.9991E-05 0.116242 0.781012
9.9991E-05 0.0755407 0.00520637 0.583692 0.257302 0.0781588
0.0338298 0.0743851 0.0440342 0.677828 0.112963 0.0569595
0.0274218 0.0013298 0.0378437 0.899007 0.0342979 9.9991E-05
9.9964E-05 0.0567262 9.9964E-05 0.942874 9.9964E-05 9.9964E-05
9.9964E-05 0.000735606 9.9964E-05 0.998865 9.9964E-05 9.9964E-05
0.0320066 0.128614 9.9982E-05 0.777888 0.0612915 9.9982E-05
9.9982E-05 0.181845 9.9982E-05 0.056833 0.624702 0.13642
9.9973E-05 0.117958 0.0148108 9.9973E-05 0.866932 9.9973E-05
9.9982E-05 0.129983 0.046175 0.0323491 0.791293 9.9982E-05
0.0528047 0.08204 9.9991E-05 0.192088 0.589919 0.0830489
0.0440775 0.0325277 0.0155542 0.282375 0.509537 0.115929
0.0626513 0.0619707 0.147275 9.9991E-05 0.168269 0.559734
0.695118 0.162358 9.9991E-05 0.0717158 0.0701807 0.00052788
0.749067 0.0683573 0.0457381 9.9982E-05 9.9982E-05 0.136638
0.7741 0.101777 0.0206567 9.9982E-05 0.103266 9.9982E-05
0.641685 0.125469 0.0244148 0.0117013 0.19663 9.9991E-05
0.75123 9.9982E-05 0.031583 0.12605 9.9982E-05 0.090937
0.11681 0.0739264 0.0207146 0.127487 0.380679 0.280383
9.9991E-05 0.0708465 0.0307696 0.227501 0.453696 0.217087
9.9973E-05 9.9973E-05 0.0653593 0.170202 0.764139 9.9973E-05
9.9991E-05 0.137091 0.0306946 0.178036 0.432004 0.222075
