0.018294 0.00311348 0.146322 0.642432 0.189738 9.9991E-05
0.0243863 9.9991E-05 0.0839056 0.311996 0.540785 0.0388273
0.0141665 9.9991E-05 0.211481 0.648721 0.000270198 0.125261
0.0296353 9.9991E-05 0.0181319 0.655399 0.140762 0.155972
0.00717901 0.00778276 9.9982E-05 0.757566 0.227273 9.9982E-05
9.9973E-05 0.068065 9.9973E-05 0.579955 0.35168 9.9973E-05
9.999E-05 0.0263089 0.0599768 0.448989 0.36283 0.101796
0.0556103 9.9982E-05 9.9982E-05 0.576027 0.291565 0.0765979
0.00481938 0.0852471 0.0442339 0.0562347 0.809365 9.9991E-05
0.0259584 9.9991E-05 0.135057 0.288886 0.336277 0.213721
0.063228 0.0427181 9.9991E-05 0.12265 0.310431 0.460873
0.0416766 0.0560327 0.119897 0.257661 0.443112 0.0816206
0.0304044 9.9982E-05 0.0361011 9.9982E-05 0.169721 0.763573
9.999E-05 0.09228 0.111931 0.0223162 0.683302 0.0900703
0.0480848 0.0410479 0.104438 0.3842 0.422129 9.9991E-05
0.016683 9.9991E-05 0.019248 0.185917 0.590501 0.187551
9.9982E-05 9.9982E-05 0.125891 0.198117 0.620197 0.0555959
0.0238503 9.9982E-05 0.0350757 0.303605 0.637269 9.9982E-05
0.0645335 0.136841 0.480269 0.00656462 0.159943 0.151848
9.9973E-05 9.9973E-05 0.586352 9.9973E-05 0.279119 0.134228
0.0193074 9.9991E-05 0.681738 0.176858 0.0813559 0.0406402
0.0145551 0.0217748 0.829378 9.9982E-05 9.9982E-05 0.134092
0.0393296 9.9991E-05 0.894043 0.0214558 0.00231538 0.0427559
0.0392224 9.9973E-05 0.730025 9.9973E-05 0.230453 9.9973E-05
9.999E-05 0.00472337 0.617695 0.202809 0.0697003 0.104972
9.9964E-05 9.9964E-05 0.848335 0.151265 9.9964E-05 9.9964E-05
0.0410171 0.100038 0.858645 9.9973E-05 9.9973E-05 9.9973E-05
0.0275977 0.0559365 0.823453 9.9982E-05 0.092813 9.9982E-05
9.9973E-05 0.00790767 0.898013 0.093779 9.9973E-05 9.9973E-05
9.9973E-05 0.0684382 0.793714 0.137548 9.9973E-05 9.9973E-05
9.9973E-05 0.0360858 0.874238 9.9973E-05 0.0893765 9.9973E-05
0.0247974 0.0303018 0.753737 9.9982E-05 0.190964 9.9982E-05
0.0630695 9.9991E-05 0.782758 0.0708902 0.0792353 0.00394694
0.0635718 9.9991E-05 0.156601 0.324505 0.239626 0.215597
9.9982E-05 0.00767633 0.233206 0.45937 0.299547 9.9982E-05
9.9973E-05 0.051846 0.113697 0.834157 9.9973E-05 9.9973E-05
0.0273485 9.9982E-05 0.0366616 0.795071 9.9982E-05 0.140719
0.0140536 0.0492045 0.102624 0.277396 0.297215 0.259506
0.9995 9.996E-05 9.996E-05 9.996E-05 9.996E-05 9.996E-05
0.0243017 9.9973E-05 0.725733 9.9973E-05 9.9973E-05 0.249665
9.9982E-05 0.0905132 0.174521 0.51414 0.220627 9.9982E-05
9.9982E-05 9.9982E-05 0.0628296 0.28881 0.476477 0.171684
9.9991E-05 0.132329 0.245528 0.0734074 0.305251 0.243385
0.0602904 0.114828 0.0871484 0.0221786 0.137397 0.578157
0.0134699 0.00983011 0.0219167 0.0971132 9.9991E-05 0.85757
0.9995 9.996E-05 9.996E-05 9.996E-05 9.996E-05 9.996E-05
0.0861102 0.00454912 0.154687 0.30474 0.285387 0.164526
9.9991E-05 0.0924485 0.088424 0.187064 0.27659 0.355373
0.0219797 0.0996335 0.32074 0.135907 0.244626 0.177114
0.0164144 0.709245 9.9991E-05 0.0548439 0.108452 0.110944
0.0211135 0.711906 0.0182449 9.9991E-05 0.0371365 0.211499
9.9982E-05 0.769088 0.0282599 0.140142 0.0623098 9.9982E-05
0.0441089 0.650292 9.9982E-05 9.9982E-05 0.0745367 0.230862
0.0561012 0.793675 0.0705504 0.0794737 9.9982E-05 9.9982E-05
9.9973E-05 0.839642 0.114228 0.0458295 9.9973E-05 9.9973E-05
9.9964E-05 0.671251 9.9964E-05 9.9964E-05 0.328349 9.9964E-05
0.0229301 0.759552 0.0345224 9.9982E-05 0.182796 9.9982E-05
0.0465439 0.796982 0.156174 9.9973E-05 9.9973E-05 9.9973E-05
0.027098 0.745948 9.9982E-05 9.9982E-05 0.183203 0.0435506
0.0315514 0.553739 9.9991E-05 0.134584 0.0197394 0.260286
9.9973E-05 0.823015 0.153182 9.9973E-05 0.0235028 9.9973E-05
9.9982E-05 0.656694 0.117135 9.9982E-05 0.0596392 0.166331
0.0692528 0.284706 9.9982E-05 9.9982E-05 0.118564 0.527278
0.0308215 0.0502144 0.676214 0.0824924 0.160158 9.9991E-05
0.0170979 0.0139093 0.735646 0.0453026 0.0841418 0.103902
0.0333938 9.9973E-05 0.763015 0.203291 9.9973E-05 9.9973E-05
0.0138416 0.633967 0.0493488 9.9991E-05 0.0975159 0.205227
0.0760469 0.456601 9.9982E-05 0.085363 9.9982E-05 0.381789
0.0264204 0.705526 0.0507487 9.9991E-05 0.0967084 0.120496
0.0259666 0.678018 9.9973E-05 9.9973E-05 9.9973E-05 0.295715
0.0541147 0.789376 9.9973E-05 0.156209 9.9973E-05 9.9973E-05
9.9982E-05 0.149774 9.9982E-05 0.00265354 0.271802 0.57557
0.0112322 0.00352069 9.9982E-05 9.9982E-05 0.257165 0.727882
9.9982E-05 0.0988355 0.00412533 9.9982E-05 0.0825323 0.814307
0.0495841 9.9964E-05 9.9964E-05 9.9964E-05 9.9964E-05 0.950016
0.0164594 9.9973E-05 0.0810819 9.9973E-05 9.9973E-05 0.902159
0.0103696 9.9973E-05 0.000705228 9.9973E-05 9.9973E-05 0.988625
0.00689988 9.9982E-05 0.0785283 0.182523 9.9982E-05 0.731849
9.9973E-05 0.563127 9.9973E-05 9.9973E-05 0.126746 0.309827
0.109577 0.426661 9.9991E-05 0.0456688 0.0551585 0.362835
0.0136942 0.743492 0.0702946 0.0813221 9.9991E-05 0.0910966
0.0652869 0.714658 0.0782427 9.9991E-05 0.0495886 0.092124
0.0207455 0.725507 9.9982E-05 0.0188248 0.234723 9.9982E-05
0.0133097 0.00343574 0.666319 9.9991E-05 0.0890529 0.227782
9.9991E-05 0.28818 0.122715 0.11092 0.0272247 0.45086
9.9973E-05 0.108478 9.9973E-05 0.0591076 9.9973E-05 0.832114
0.9995 9.996E-05 9.996E-05 9.996E-05 9.996E-05 9.996E-05
9.9982E-05 9.9982E-05 0.179489 0.419745 0.260211 0.140355
0.00236669 9.9991E-05 0.106327 0.497369 0.32662 0.0672182
0.0256818 0.0120208 0.125178 0.155539 0.503972 0.177609
0.0365987 0.0396666 0.172679 9.9991E-05 0.508705 0.24225
9.9973E-05 0.0326317 9.9973E-05 0.629492 0.337577 9.9973E-05
0.00691287 0.116045 0.0241226 9.9982E-05 9.9982E-05 0.85272
0.0362491 9.9991E-05 0.522425 0.12527 0.0434956 0.27246
0.0774952 0.14171 9.9982E-05 0.165322 9.9982E-05 0.615273
0.0172605 0.0592071 0.269946 0.269425 9.9991E-05 0.384061
9.9973E-05 9.9973E-05 0.106254 0.174828 0.718618 9.9973E-05
9.9982E-05 9.9982E-05 0.0473639 0.528829 0.181782 0.241826
9.9982E-05 9.9982E-05 0.0563433 0.199566 0.551383 0.192507
0.0232502 0.0194755 9.9991E-05 0.0720476 0.747891 0.137236
9.9964E-05 9.9964E-05 9.9964E-05 0.745437 9.9964E-05 0.254163
9.9964E-05 9.9964E-05 9.9964E-05 9.9964E-05 0.93339 0.0662106
0.0234597 0.158646 9.9982E-05 0.172038 9.9982E-05 0.645657
0.0907991 0.0894902 0.0617263 0.0828244 0.0258982 0.649262
0.091852 0.148985 9.9991E-05 0.00906621 0.0748057 0.675191
0.000198052 9.9982E-05 0.180764 9.9982E-05 0.294442 0.524396
9.9991E-05 0.10446 0.15663 0.00599386 0.307513 0.425303
9.9991E-05 0.0726424 0.394879 0.237224 0.270193 0.0249607
0.0257548 0.74867 9.9982E-05 0.17819 0.0471859 9.9982E-05
0.0380108 0.698362 0.0633282 0.0393692 0.0227551 0.138175
9.9982E-05 0.152586 0.164901 0.129207 9.9982E-05 0.553105
0.0428575 0.150069 0.0993451 9.9991E-05 0.279349 0.42828
0.072508 0.122027 0.22213 0.176363 9.9991E-05 0.406873
9.9973E-05 9.9973E-05 0.712636 0.0375198 9.9973E-05 0.249544
0.0571414 0.620826 0.0650122 9.9982E-05 9.9982E-05 0.256821
9.9982E-05 0.645884 9.9982E-05 0.0339955 0.0675831 0.252337
9.9982E-05 0.452316 9.9982E-05 0.122626 0.023175 0.401684
0.0429114 0.0324207 0.415373 0.424248 9.9991E-05 0.0849464
9.9982E-05 0.049142 0.217729 0.475441 0.257488 9.9982E-05
0.0167839 0.0263045 9.9991E-05 0.523497 0.349731 0.0835836
9.9982E-05 0.0784049 0.0648703 0.535875 0.32065 9.9982E-05
9.9982E-05 9.9982E-05 0.307115 0.34786 0.321824 0.0230013
0.00642501 9.9991E-05 0.148679 0.43867 0.37578 0.0303454
9.9982E-05 0.02611 0.132237 0.561875 0.279577 9.9982E-05
0.0123117 0.0365474 9.9982E-05 0.437193 0.513748 9.9982E-05
9.9982E-05 9.9982E-05 0.306734 0.325218 0.236251 0.131597
9.9973E-05 0.0168765 0.0384379 9.9973E-05 0.944386 9.9973E-05
0.018055 9.9982E-05 0.0335634 9.9982E-05 0.916779 0.0314028
0.00620078 9.9982E-05 9.9982E-05 0.0971782 0.801298 0.0951228
0.00278056 0.0448376 0.257277 0.306376 0.189912 0.198816
0.037984 0.0493201 9.9991E-05 0.00212902 0.903726 0.00674056
0.00482807 9.9982E-05 0.122323 9.9982E-05 0.626707 0.245941
9.9982E-05 9.9982E-05 0.0215375 0.433922 0.491108 0.0532332
9.9973E-05 9.9973E-05 0.77964 0.0231821 9.9973E-05 0.196878
9.9973E-05 9.9973E-05 0.886871 0.062607 9.9973E-05 0.0502221
0.0275583 9.9973E-05 0.812708 9.9973E-05 0.159434 9.9973E-05
0.0128187 0.0775858 0.703106 0.00647974 0.199909 9.9991E-05
0.0136436 0.0126755 0.743507 0.107686 9.9991E-05 0.122388
0.0104725 0.0321723 9.9991E-05 0.52995 0.150367 0.276938
0.00537603 9.9982E-05 0.190633 0.747728 9.9982E-05 0.0560627
9.9973E-05 0.872732 9.9973E-05 0.0216048 9.9973E-05 0.105363
0.0393066 0.780704 0.0732428 0.033391 0.0647876 0.00856799
0.0129496 0.842832 0.0165958 0.127423 9.9982E-05 9.9982E-05
9.9991E-05 0.613684 0.0591717 0.0307635 0.0309948 0.265286
0.0258856 0.802534 9.9991E-05 0.041819 0.0640103 0.0656512
0.0189806 0.701652 0.145599 9.9991E-05 0.00285288 0.130815
9.9973E-05 0.857351 9.9973E-05 0.0265326 9.9973E-05 0.115817
0.00713647 0.74074 0.0262187 0.113506 9.9991E-05 0.112298
0.00165436 0.808213 0.0244788 0.0508038 0.0213739 0.0934759
0.0112853 0.785703 0.130475 0.00614633 9.9991E-05 0.0662905
0.050469 0.766364 9.9982E-05 0.0861505 9.9982E-05 0.0968162
0.0402836 0.725785 0.0386541 0.00297075 0.149987 0.0423195
0.00409527 0.77467 9.9973E-05 9.9973E-05 0.220935 9.9973E-05
0.00935504 0.853171 0.0721472 0.0651271 9.9982E-05 9.9982E-05
0.0219635 0.750576 9.9982E-05 0.0905092 9.9982E-05 0.136751
0.00498336 0.833666 9.9973E-05 0.16105 9.9973E-05 9.9973E-05
0.0163628 0.796561 0.0797992 0.107077 9.9982E-05 9.9982E-05
0.00944972 0.0611719 0.0075163 9.9991E-05 0.0844262 0.837336
9.9973E-05 9.9973E-05 0.0138975 9.9973E-05 0.0643295 0.921473
9.9973E-05 0.788235 9.9973E-05 0.132354 9.9973E-05 0.0791114
0.0116101 0.686162 0.035814 0.24821 0.0181039 9.9991E-05
0.0106571 0.777184 0.0580539 0.00941605 9.9991E-05 0.144589
9.9982E-05 0.136821 9.9982E-05 0.0290419 0.216776 0.617161
0.0104115 9.9973E-05 9.9973E-05 0.76338 0.225909 9.9973E-05
0.029681 0.0113982 0.176188 0.481545 0.301088 9.9991E-05
9.9982E-05 9.9982E-05 0.450586 0.322894 0.00114847 0.225172
9.9973E-05 9.9973E-05 0.584946 9.9973E-05 0.318432 0.0963226
0.00334233 9.9982E-05 0.786112 9.9982E-05 0.0345978 0.175748
0.00109367 0.0344896 0.772197 0.0291832 0.0626563 0.100381
0.00788837 9.9991E-05 0.747116 0.112582 0.0333046 0.0990097
0.0291945 9.99867E-05 0.75323 9.99867E-05 0.103849 0.113526
0.0184903 0.0844442 0.714763 9.9991E-05 0.0402395 0.141963
0.0522556 0.0883068 0.778166 0.0810721 9.9982E-05 9.9982E-05
0.0145436 0.00679305 0.0554329 0.636886 0.286244 9.99996E-05
0.0574617 0.034395 0.00652763 0.846211 9.9991E-05 0.0553051
0.0341302 0.0138978 9.9982E-05 0.845354 9.9982E-05 0.106418
9.99641E-05 9.99641E-05 9.99641E-05 0.824415 9.99641E-05 0.175185
0.0116829 9.9982E-05 9.9982E-05 0.814553 0.0816579 0.0919059
0.00311693 9.9982E-05 9.9982E-05 0.619316 0.0634829 0.313884
0.023716 9.9991E-05 0.109216 0.222302 0.512592 0.132074
9.9982E-05 0.0431823 0.0881287 9.9982E-05 0.811992 0.0564973
0.0444828 0.0427121 9.9982E-05 9.9982E-05 0.885565 0.0270406
0.015062 0.0122806 0.102574 0.0863932 0.55708 0.226609
0.0351204 0.0512936 0.0336456 0.176219 0.703622 9.9991E-05
0.121032 0.0980967 0.589049 9.9991E-05 0.180415 0.0113077
0.0247199 0.71854 0.00620132 9.9991E-05 0.0898415 0.160597
0.0640751 0.733875 0.0665143 9.9982E-05 9.9982E-05 0.135336
9.9973E-05 0.810912 9.9973E-05 9.9973E-05 0.107337 0.0814512
0.00697794 0.677212 0.00388013 0.0681351 0.148893 0.0949013
0.0244542 0.779046 0.0070403 0.189259 9.9982E-05 9.9982E-05
0.0162428 0.143299 0.221269 0.0651574 0.466278 0.0877546
0.0140446 0.0208848 0.221635 0.212396 0.521305 0.00973472
0.0517766 9.9982E-05 0.039222 0.011627 0.897174 9.9982E-05
0.0265788 9.9991E-05 0.181412 0.188194 0.41933 0.184385
