0.00615681 0.855837 0.138006
9.999E-05 0.823369 0.176531
9.999E-05 0.771975 0.227925
0.047734 0.906268 0.0459984
0.019305 0.94788 0.0328146
0.0265348 0.963431 0.0100346
9.999E-05 0.896222 0.103678
9.999E-05 0.939667 0.0602331
0.065056 0.658578 0.276366
0.0595951 0.709039 0.231366
0.240426 0.596402 0.163172
0.0892723 0.629825 0.280903
0.291121 0.615169 0.0937096
0.114206 0.667611 0.218183
0.064467 0.724634 0.210899
9.9991E-05 0.875776 0.124124
9.9991E-05 0.757304 0.242596
9.9991E-05 0.938914 0.0609857
0.196568 0.149997 0.653435
0.00668783 0.198279 0.795033
9.9991E-05 0.232897 0.767003
0.00856785 0.0840396 0.907393
0.0390134 9.9991E-05 0.960887
0.0296755 0.0246399 0.945685
9.9991E-05 0.311746 0.688154
9.9991E-05 0.0242121 0.975688
0.088651 9.9991E-05 0.911249
0.0498216 9.9991E-05 0.950078
9.999E-05 9.999E-05 0.9998
0.065969 0.0246466 0.909384
0.0191277 0.0195803 0.961292
0.0208871 0.0167208 0.962392
0.0158043 0.0108208 0.973375
0.0736557 0.681996 0.244348
0.00897454 0.63276 0.358265
0.0735591 0.817375 0.109066
0.0565788 0.899759 0.043662
0.134811 0.718072 0.147117
0.382519 9.9991E-05 0.617381
0.0507228 0.0769484 0.872329
0.104228 0.700425 0.195347
9.9991E-05 0.835194 0.164706
0.22796 0.41755 0.35449
0.354422 0.436637 0.208941
0.317833 0.591474 0.0906935
0.388217 9.9991E-05 0.611683
0.10562 0.541145 0.353235
0.187553 0.693299 0.119148
0.192592 0.398375 0.409033
0.88802 0.106224 0.00575565
0.938438 0.0428443 0.0187177
0.86772 0.13218 9.9991E-05
0.873242 0.112907 0.0138514
0.884506 9.9991E-05 0.115394
0.914662 0.0482509 0.0370868
0.811586 0.188314 9.9991E-05
0.920832 0.047679 0.0314892
0.914562 9.9991E-05 0.0853376
0.899555 0.100345 9.9991E-05
0.766569 0.233331 9.9991E-05
0.898937 9.9991E-05 0.100963
0.821015 0.067929 0.111056
0.593858 0.343153 0.0629885
0.0563657 0.115442 0.828192
0.0193555 0.10064 0.880004
9.9991E-05 0.158744 0.841156
0.835351 0.0618364 0.102813
0.732139 0.239268 0.0285923
0.807682 0.156701 0.0356165
0.878364 0.00948301 0.112153
0.908873 0.0347928 0.0563339
0.336547 0.663353 9.9991E-05
0.320902 0.629164 0.0499337
0.397582 0.539742 0.0626763
0.337866 0.603914 0.05822
0.283897 0.550488 0.165614
0.363868 0.531903 0.104229
0.293704 0.56306 0.143235
0.760516 0.239384 9.9991E-05
0.642179 0.260711 0.0971107
0.869767 0.0338559 0.0963767
0.894152 9.9991E-05 0.105748
0.819142 0.180758 9.9991E-05
0.0876267 0.195954 0.716419
0.482275 0.391181 0.126544
0.417971 0.581929 9.9991E-05
0.402066 9.9991E-05 0.597834
9.9991E-05 0.837722 0.162178
9.9991E-05 0.757509 0.242391
0.0228044 0.757103 0.220092
0.161318 0.510963 0.327719
0.0303108 0.909855 0.0598345
0.457953 0.540427 0.0016194
0.0801871 0.336947 0.582866
0.468995 0.521568 0.00943674
0.180175 0.485577 0.334248
9.9991E-05 0.806178 0.193722
0.0342707 0.880622 0.0851075
9.9991E-05 0.859742 0.140158
0.0863567 0.775911 0.137733
0.0545626 0.914846 0.030591
9.9991E-05 0.878009 0.121891
0.469103 0.469502 0.0613947
0.4009 0.460273 0.138827
0.482802 0.414777 0.102422
0.129857 0.591987 0.278157
0.243181 0.594295 0.162524
0.0579421 0.446049 0.496009
0.871892 0.128008 9.9991E-05
0.894205 0.0904176 0.0153775
0.424942 0.332894 0.242164
0.307147 0.510309 0.182544
0.355112 0.271255 0.373633
0.0240693 0.144139 0.831792
0.813675 0.0877418 0.098583
0.802084 0.175505 0.0224111
0.641302 0.358598 9.9991E-05
0.0500164 0.437648 0.512336
0.00591986 0.698303 0.295777
0.0702838 0.899508 0.030208
0.102345 0.830234 0.0674204
9.9991E-05 0.607362 0.392538
0.0174126 0.777831 0.204757
9.9991E-05 0.850366 0.149534
0.0307211 0.932643 0.0366355
0.0175944 0.585985 0.396421
9.9991E-05 0.830178 0.169722
9.9991E-05 0.756606 0.243294
9.9991E-05 0.971494 0.0284062
0.101479 0.658945 0.239576
0.0447371 0.838328 0.116935
0.0541793 0.615782 0.330039
9.9991E-05 0.877815 0.122085
0.0239255 0.0571199 0.918955
9.9991E-05 0.0758694 0.924031
9.999E-05 9.999E-05 0.9998
0.0819881 0.074079 0.843933
0.0426167 0.0267691 0.930614
0.116297 0.831592 0.0521117
9.9991E-05 0.762269 0.237631
0.9998 9.999E-05 9.999E-05
0.880476 9.9991E-05 0.119424
0.948595 0.0247216 0.0266837
0.786409 0.121015 0.0925756
0.93579 0.0633315 0.00087865
0.874873 9.9991E-05 0.125027
0.969264 0.0306363 9.9991E-05
0.942634 9.9991E-05 0.0572661
0.931216 0.0196175 0.0491665
0.950231 9.9991E-05 0.0496685
0.94496 0.0472673 0.00777284
0.859428 0.0972164 0.043356
0.827476 0.117776 0.0547482
0.930149 9.9991E-05 0.0697506
0.959657 9.9991E-05 0.0402426
0.974342 0.0243902 0.00126735
0.951866 9.9991E-05 0.0480342
0.385848 0.56257 0.0515816
0.232957 0.704087 0.062956
0.92025 0.0796501 9.9991E-05
0.752393 0.247507 9.9991E-05
0.983876 9.9991E-05 0.0160238
0.330815 0.669085 9.9991E-05
9.9991E-05 0.950991 0.0489092
9.9991E-05 0.701065 0.298835
0.059533 0.500204 0.440263
9.9991E-05 0.309475 0.690425
0.0343994 0.125449 0.840151
0.0635584 0.0169438 0.919498
0.00195441 0.174472 0.823574
0.0325522 0.107893 0.859554
0.152028 0.127364 0.720608
0.0930411 0.0873432 0.819616
0.0155289 0.851563 0.132908
0.080536 0.8572 0.0622642
0.051852 0.948048 9.9991E-05
0.0216291 0.978271 9.9991E-05
0.0110429 0.988857 9.9991E-05
0.0694094 0.930491 9.9991E-05
0.0389578 0.714421 0.246621
0.0894176 0.676963 0.233619
0.0584662 0.766927 0.174607
0.0547599 0.755585 0.189655
0.0620486 0.772113 0.165838
0.163693 0.0351049 0.801202
0.847581 0.152007 0.000412233
0.882657 0.00555441 0.111789
0.951271 9.9991E-05 0.048629
0.799258 0.200642 9.9991E-05
0.878989 0.0159046 0.105107
0.138481 0.496187 0.365332
9.9991E-05 0.653919 0.345981
0.00939249 0.75142 0.239188
0.0454538 0.664703 0.289844
