0.0241868 0.791741 0.0102007 0.173871
0.0331592 0.796165 9.9991E-05 0.170576
0.0410035 0.738099 9.9991E-05 0.220797
0.0266162 0.889611 0.0104836 0.0732896
0.0104634 0.893557 0.015079 0.0809009
0.0120966 0.904731 0.0431288 0.0400433
9.999E-05 0.864161 0.0433653 0.0923732
0.0401538 0.935738 9.9991E-05 0.0240077
0.0167944 0.67452 0.0780938 0.230592
0.0472943 0.702518 9.9991E-05 0.250088
0.0664875 0.63338 0.214584 0.0855492
0.0439574 0.572573 0.0539004 0.329569
0.0618647 0.545961 0.316107 0.076067
0.0107739 0.623899 0.0970654 0.268262
0.0905894 0.644019 0.0259453 0.239446
0.00735361 0.847087 9.9991E-05 0.145459
9.9991E-05 0.688484 0.019278 0.292138
0.036295 0.81337 9.9991E-05 0.150235
0.053245 0.143372 0.167095 0.636288
0.00663543 0.265241 0.0417903 0.686333
0.0246478 0.142902 9.9991E-05 0.832351
0.0357202 0.0601276 0.0288801 0.875272
0.0548991 9.9982E-05 9.9982E-05 0.944901
0.0474953 0.00368275 0.0277332 0.921089
9.9991E-05 0.214625 0.031993 0.753282
0.0230177 9.9982E-05 9.9982E-05 0.976782
0.0354351 9.9991E-05 0.0682545 0.89621
0.0383901 9.9991E-05 0.0707999 0.89071
9.998E-05 9.998E-05 9.998E-05 0.9997
9.9991E-05 0.0441629 0.0934214 0.862316
0.0147641 9.9991E-05 0.0172828 0.967853
0.0520234 0.059649 0.0418086 0.846519
0.0662216 0.0618669 0.00228515 0.869626
0.0930421 0.757213 0.0279655 0.121779
9.9991E-05 0.63578 0.0186795 0.34544
9.9991E-05 0.77597 0.0796552 0.144275
0.0319591 0.82982 0.0321809 0.10604
0.00607299 0.669028 0.108829 0.21607
0.9997 9.998E-05 9.998E-05 9.998E-05
0.034725 0.0288673 0.0649456 0.871462
0.00431976 0.700114 0.110416 0.18515
0.00413755 0.78373 9.9991E-05 0.212032
0.0286639 0.482386 0.152754 0.336196
0.078101 0.453406 0.316207 0.152286
0.0294316 0.576129 0.318801 0.0756381
0.9997 9.998E-05 9.998E-05 9.998E-05
0.110399 0.521901 0.0490682 0.318633
9.9991E-05 0.569535 0.266375 0.163991
0.0408071 0.474268 0.128992 0.355933
0.0277525 0.0785454 0.843865 0.0498371
0.0342734 0.0217055 0.907936 0.036085
0.00459244 0.141993 0.853315 9.9991E-05
0.0614943 0.0561073 0.863775 0.0186237
0.0375335 9.9991E-05 0.867713 0.0946533
9.9982E-05 9.9982E-05 0.941134 0.0586656
9.9982E-05 0.202222 0.797578 9.9982E-05
0.0317353 0.0257496 0.872073 0.0704419
0.0466964 9.9991E-05 0.928348 0.0248556
0.0664062 0.0597771 0.873717 9.9991E-05
0.0364558 0.209211 0.731466 0.0228669
0.0119536 9.9991E-05 0.902654 0.085292
9.9991E-05 0.1292 0.799838 0.0708624
0.0805551 0.36682 0.530115 0.0225103
0.0184755 0.174695 9.9991E-05 0.806729
0.0373901 0.0769754 9.9991E-05 0.885534
0.00328729 0.102305 9.9991E-05 0.894308
0.0212788 0.18983 0.788791 9.9991E-05
0.0951586 0.223149 0.680879 0.00081333
0.039775 0.0923727 0.77578 0.0920723
0.0705455 0.0620966 0.848814 0.0185437
0.0495723 0.0130399 0.933346 0.00404183
0.035171 0.647739 0.31699 9.9991E-05
0.0331031 0.665033 0.301764 9.9991E-05
0.0266679 0.585109 0.370383 0.0178396
0.0466302 0.607244 0.341662 0.0044639
0.0519053 0.513913 0.266833 0.167349
0.0538078 0.565356 0.33412 0.0467164
0.0378935 0.517057 0.287877 0.157172
9.9982E-05 0.219926 0.779874 9.9982E-05
0.123725 0.300114 0.57606 9.9991E-05
0.0207174 0.0215884 0.849299 0.108395
0.0535859 9.9991E-05 0.819842 0.126472
0.0619564 0.160928 0.777015 9.9991E-05
0.0416491 0.1299 0.0671907 0.76126
9.9991E-05 0.32093 0.492993 0.185977
0.00202231 0.59304 0.404838 9.9991E-05
0.9997 9.998E-05 9.998E-05 9.998E-05
9.9982E-05 0.723611 9.9982E-05 0.276189
0.0341173 0.861566 9.9991E-05 0.104216
0.0651156 0.702994 0.039313 0.192577
0.0274809 0.536076 0.129565 0.306878
9.9991E-05 0.840562 0.019808 0.13953
0.0208362 0.472501 0.465155 0.0415078
0.04132 0.283236 0.0360262 0.639418
0.0935846 0.481084 0.425231 9.9991E-05
0.0233018 0.467684 0.139564 0.36945
0.0225945 0.721257 9.9991E-05 0.256049
9.9991E-05 0.891595 0.0180802 0.0902247
9.9991E-05 0.794497 0.0479727 0.157431
0.0336053 0.845901 0.0531815 0.0673121
0.0174643 0.892686 0.0162645 0.0735852
0.00653603 0.889266 9.9991E-05 0.104098
0.0394204 0.487037 0.43645 0.0370932
0.125958 0.480581 0.316267 0.0771947
0.107252 0.462553 0.415438 0.0147572
0.0236868 0.52445 0.140581 0.311282
9.9991E-05 0.547924 0.2783 0.173677
9.9991E-05 0.379481 0.04329 0.577129
0.0158951 0.067892 0.859831 0.0563815
0.0408824 0.0843087 0.826677 0.0481318
0.00445339 0.446839 0.373876 0.174832
0.0407908 0.44036 0.336998 0.181851
0.0656183 0.349105 0.304363 0.280914
9.9991E-05 0.157508 0.0281124 0.81428
0.0573415 0.0430693 0.79049 0.109099
9.9991E-05 0.159169 0.791641 0.0490891
9.9982E-05 0.339985 0.659815 9.9982E-05
0.0702182 0.343822 0.0243134 0.561646
0.00594763 0.620482 0.02888 0.344691
0.00902762 0.851712 0.0822292 0.0570312
9.9991E-05 0.804688 0.102865 0.0923471
9.9982E-05 0.536397 9.9982E-05 0.463403
9.9991E-05 0.79626 0.00218778 0.201453
9.9982E-05 0.929764 9.9982E-05 0.0700359
0.00791948 0.890112 0.0469727 0.0549954
0.00275623 0.522059 0.0261626 0.449022
0.0117583 0.805736 9.9991E-05 0.182405
0.038309 0.739271 9.9991E-05 0.22232
0.0129182 0.786203 9.9991E-05 0.200779
0.00691053 0.585401 0.1323 0.275388
0.027339 0.818719 0.0494887 0.104453
0.0399528 0.67743 0.0485108 0.234106
9.9991E-05 0.871902 0.0181416 0.109857
0.0209974 9.9991E-05 0.040848 0.938055
9.9982E-05 0.0161749 9.9982E-05 0.983625
0.0298502 9.9982E-05 9.9982E-05 0.96995
9.9991E-05 0.107319 0.0812909 0.81129
0.0149082 0.0825203 0.0757206 0.826851
0.0241104 0.821091 0.124207 0.0305917
0.04045 0.768684 9.9991E-05 0.190766
9.998E-05 9.998E-05 0.9997 9.998E-05
0.0236579 0.0452501 0.871589 0.0595034
0.0284893 0.0320359 0.911231 0.0282434
0.000880568 0.156427 0.769288 0.0734043
0.0565826 0.0136492 0.929668 9.9991E-05
0.010508 9.9991E-05 0.864971 0.124421
0.0345134 0.0298498 0.935537 9.9991E-05
9.9982E-05 9.9982E-05 0.918654 0.081146
9.9991E-05 0.00363143 0.909756 0.0865127
0.0183685 9.9991E-05 0.921132 0.0603997
0.0624565 0.0362522 0.901191 9.9991E-05
0.0430992 0.0657843 0.801728 0.0893882
0.0111279 0.0924611 0.858962 0.0374493
0.0195825 9.9991E-05 0.961005 0.0193128
0.0224772 0.0725582 0.904865 9.9991E-05
0.0342583 0.0168001 0.948842 9.9991E-05
0.0139608 9.9991E-05 0.90822 0.0777192
0.0276074 0.509078 0.402528 0.0607863
9.9991E-05 0.702007 0.218538 0.0793549
9.9982E-05 0.061666 0.938134 9.9982E-05
0.028677 0.203185 0.753505 0.0146328
9.9982E-05 9.9982E-05 0.976893 0.022907
0.0100012 0.616682 0.373217 9.9991E-05
0.0279472 0.904475 0.00151396 0.0660638
0.0388173 0.720161 9.9991E-05 0.240922
9.9991E-05 0.458261 0.0387754 0.502863
0.0182943 0.277951 0.0372739 0.666481
0.0241403 0.193997 0.0183321 0.763531
9.9991E-05 0.0101353 0.0401028 0.949662
0.0132704 0.18079 9.9991E-05 0.80584
0.0117101 0.133268 0.0308911 0.82413
0.0403697 0.120052 0.0964449 0.743133
0.0683557 0.0418886 0.0690614 0.820694
0.00788547 0.820858 0.00973115 0.161525
0.0626121 0.796228 0.0751997 0.0659607
0.0556084 0.900408 0.0438832 9.9991E-05
0.011623 0.972984 0.015293 9.9991E-05
0.0175695 0.978134 0.000175672 0.00412064
9.9982E-05 0.897621 0.102179 9.9982E-05
0.0362613 0.729238 9.9991E-05 0.234401
0.00628842 0.658674 0.11173 0.223308
0.0428364 0.799962 0.0360725 0.121129
0.0116824 0.724094 0.0582865 0.205938
0.0191517 0.812372 0.0661446 0.102332
0.159595 0.0664076 0.0519388 0.722059
0.0285862 0.101947 0.869367 9.9991E-05
0.0615816 0.00242985 0.8471 0.0888884
0.00438373 9.9991E-05 0.925413 0.0701033
0.0169906 0.15014 0.789221 0.0436484
0.0257454 9.9991E-05 0.859361 0.114794
0.0673689 0.513288 0.125344 0.293999
0.0366643 0.607591 0.0269033 0.328842
0.0539734 0.761795 9.9991E-05 0.184132
0.0455752 0.605643 0.0278811 0.3209
