IBR/IBR_outputs/all.combrep_1/PersistForestCover_Total.Spinifex_Total.VRM_Total/PersistForestCover_Total.Spinifex_Total.VRM_Total.asc
NCOLS 160 
NROWS 95 
XLLCORNER 210004.651214014 
YLLCORNER 7350008.22228844 
CELLSIZE 4999.99999999997 
NODATA_value -9999 
[rows 0 to 20 of 95, columns 92 to 137 of 160]
-9999 -9999 -9999 -9999 -9999 -9999 -9999 -9999 -9999 -9999 -9999 -9999 -9999 -9999 -9999 -9999 -9999 -9999 -9999 -9999 -9999 -9999 -9999 -9999 -9999 -9999 -9999 -9999 -9999 -9999 -9999 -9999 -9999 -9999 -9999 -9999 -9999 -9999 -9999 -9999 -9999 -9999 -9999 -9999 -9999 -9999
-9999 -9999 -9999 -9999 -9999 -9999 -9999 -9999 -9999 -9999 -9999 -9999 -9999 -9999 -9999 -9999 -9999 -9999 -9999 -9999 -9999 -9999 -9999 -9999 -9999 -9999 -9999 -9999 -9999 -9999 -9999 -9999 -9999 -9999 -9999 -9999 -9999 -9999 -9999 -9999 -9999 -9999 -9999 -9999 -9999 -9999
-9999 -9999 -9999 -9999 -9999 -9999 -9999 -9999 -9999 -9999 -9999 -9999 -9999 -9999 -9999 -9999 -9999 -9999 -9999 -9999 -9999 -9999 -9999 -9999 -9999 -9999 -9999 -9999 -9999 -9999 -9999 -9999 -9999 -9999 -9999 -9999 -9999 -9999 -9999 -9999 -9999 -9999 -9999 -9999 -9999 -9999
-9999 -9999 -9999 -9999 -9999 -9999 -9999 -9999 -9999 -9999 -9999 -9999 -9999 -9999 -9999 -9999 -9999 -9999 -9999 -9999 -9999 -9999 -9999 -9999 -9999 -9999 -9999 -9999 -9999 -9999 -9999 -9999 -9999 -9999 -9999 -9999 -9999 -9999 -9999 -9999 -9999 -9999 -9999 -9999 -9999 -9999
-9999 -9999 -9999 -9999 -9999 -9999 -9999 -9999 -9999 -9999 -9999 -9999 -9999 -9999 -9999 -9999 -9999 -9999 -9999 -9999 -9999 -9999 -9999 -9999 -9999 -9999 -9999 -9999 -9999 -9999 -9999 -9999 -9999 -9999 -9999 -9999 -9999 -9999 -9999 -9999 -9999 -9999 -9999 -9999 -9999 -9999
-9999 -9999 -9999 -9999 -9999 -9999 -9999 -9999 -9999 -9999 -9999 -9999 -9999 -9999 -9999 -9999 -9999 -9999 -9999 -9999 -9999 -9999 -9999 -9999 -9999 -9999 -9999 -9999 -9999 -9999 -9999 -9999 -9999 -9999 -9999 -9999 -9999 -9999 -9999 -9999 -9999 -9999 -9999 -9999 -9999 -9999
-9999 -9999 -9999 -9999 -9999 -9999 -9999 -9999 -9999 37.5631561806427 30.9533483479928 27.3414344411358 27.9619576510089 -9999 -9999 -9999 -9999 -9999 -9999 -9999 -9999 -9999 -9999 -9999 -9999 -9999 28.0574591003288 27.1484285910965 26.964525176571 -9999 -9999 -9999 -9999 -9999 -9999 -9999 -9999 -9999 -9999 -9999 -9999 -9999 -9999 -9999 -9999 -9999
-9999 -9999 -9999 -9999 -9999 -9999 -9999 -9999 -9999 42.4805055097933 28.3220218571872 36.6904242845341 26.9464501290374 28.1114369854686 26.9787205312813 27.5997979244969 26.9549931586605 27.0249628521057 -9999 -9999 -9999 -9999 35.3317593204581 51.8732395363347 29.3503536441609 28.2677853084493 28.2609631427893 29.5469206779936 28.0322802398204 26.9257379887418 26.9010820963361 26.8853292813866 26.9471967626651 26.9541438499293 26.9623708982473 26.9654079091372 26.5314861706126 21.6045344797217 12.9735929579194 9.16050040734648 6.76588990564674 6.77708734666778 -9999 -9999 -9999 -9999
-9999 -9999 -9999 -9999 -9999 -9999 -9999 26.9969068693379 29.4012184408476 27.1751777901387 26.8354147896601 28.0174636814286 27.1915006361988 26.8596615276684 26.8591348674419 26.8579273666503 26.8619701170582 26.8977678109952 27.4713872282566 -9999 -9999 27.009076244684 35.1511861921815 32.8579120809978 27.4599740099747 27.2869697590041 26.9492583978276 26.964182691315 26.9174337413704 26.8901046860266 26.9223108835717 26.9000344179429 26.9447028920037 26.9354831604982 26.8941843465612 23.6298257979684 13.6543753729616 6.33423566290141 5.64174884357889 4.94933059041059 5.82745852892164 5.90837152834961 7.62543236219564 9.17928457640185 5.38289134955391 5.78640672854964
-9999 -9999 -9999 -9999 -9999 -9999 -9999 27.1013420227589 26.9114618673699 26.8713895827384 26.8692070773941 27.1498171603123 26.8770188358201 26.8618866597738 26.8578729999743 26.8582245391157 26.8591555952998 27.1659368477059 26.8546075549802 24.0970917710605 26.7511662651418 26.894035248608 26.8740479557949 26.8768798063033 27.2830096460941 26.8814748417731 26.9472232319668 26.9132482422907 25.8450506259516 23.7021647046231 26.4460222277396 26.9197785151469 25.7927296768735 20.3919885636057 16.2123871460981 12.9282959406456 13.418295860212 6.76061998570125 9.01551906903733 6.30302347354865 6.53583886188149 6.52246541244318 8.47361838608594 7.62089462284608 6.1631614033977 5.84988315558775
-9999 -9999 -9999 -9999 -9999 -9999 27.4053937023113 26.9894100574684 26.866360138279 26.8717778497715 26.8626903327839 27.4280147315352 26.8917801915478 26.8595953641859 26.8618429660635 26.8703431570106 27.388834657619 27.8227791097964 23.711369076131 21.2576000264836 27.0697029373956 26.910578146632 26.8836884810353 26.8828562430251 26.9645249096046 25.3485672138405 19.5631866057632 13.4299784972477 8.82570618289669 7.1515891378454 9.10885292142715 9.66715632425039 8.10046373763617 7.70925983116863 11.428045703466 12.9177302866833 12.7844469348034 11.5176765780661 9.58272741053877 10.6213185949481 7.79592468015912 7.08696921610264 8.25295860853083 7.84419670009332 7.8579331627129 7.69799455720915
-9999 -9999 -9999 -9999 -9999 27.2355519543561 26.9463702800328 26.9070206672779 26.8713811093133 26.8669644783874 26.8661587993869 27.5609306754738 26.8789999296755 26.8632282346775 26.8638273567833 26.9358516304669 27.0506154906825 25.2280011518475 17.4630540138454 26.8686531396306 26.8954456946642 26.8890077204513 24.6354718338378 19.556395015027 15.0906510653773 10.0561756551723 8.80051459565079 8.70254605821148 7.93798911671216 7.25740877630137 6.4466428923687 7.07544270832478 7.7852156080721 8.09115180379407 9.1827880685738 11.2815064299958 12.8707406812793 11.0065452605151 8.11447498648229 7.87537126838181 12.1916342308304 9.18792989643224 8.63022397062138 8.82992718274333 8.40739462603045 7.90603576297069
-9999 -9999 -9999 -9999 27.2837792502727 27.7560829474341 26.9939300573472 26.58266610188 26.4048282271746 26.1991878059118 25.1534914680649 26.8095450131007 26.8784478407856 26.8633825934925 26.8650821182903 26.8919657230762 26.9183238755309 26.9665475226992 26.9990856417131 23.3380489566107 18.712556691947 11.5587362959623 8.66123023485881 9.0183458427108 7.96839289625352 6.59173243300613 6.62622340956812 6.98890658421053 7.80987639164599 8.30413407254894 7.89991368249095 8.49270480904613 6.63407795687876 5.32677372363272 5.70500981027337 6.72669006886209 9.15873796508084 8.28538310317369 7.53850082523785 7.87184224946164 9.10429405844586 9.77743639265051 11.0101570422402 9.10620267478419 8.05506355806014 5.92739355909873
-9999 -9999 29.4348343473424 31.3522366439937 33.3542974381921 27.5745230032113 25.8463472644552 13.2818608966034 6.22527396673259 16.6223938552989 20.0037412493718 19.662253353906 27.3866362866133 26.8705268534273 26.8584463039948 26.8452398872144 12.3764064819778 11.9489635174354 9.09861791621237 7.18291677243981 7.00675651134333 9.75442283406302 8.99217335147576 9.38470021339102 9.3441739626882 7.4466947153163 5.47183745412854 5.43155926195569 6.97962706041621 7.76653033283624 6.4988229980836 7.45254641593334 5.9859395918545 6.23434359857779 4.0361085850403 5.1182093667225 5.44810329904084 6.0012552342132 8.29966745743833 6.87440290194438 9.06079136058916 7.55981786546067 10.115707445009 9.59867389843105 8.8416167871658 6.9697280721618
30.8789791805368 34.3765413154635 21.4419007814446 21.2480773010627 22.7934075871476 20.1611156605761 10.1909482861015 6.87597077487553 4.90029502453353 11.741123386736 13.1393271619555 23.4945171741256 27.5517711097003 28.0164286714491 27.1539525403542 25.6656145604814 13.0833974966114 5.67771796456058 5.47112673376232 6.96505816930918 7.28607825673901 9.36968064407987 8.90121303073065 10.4766144990038 8.27907413899761 6.10249467422968 7.39504257141332 7.15270682201363 7.26299594900811 7.32331007553137 7.78652223764573 6.9855245093147 9.03753610798888 7.56944143625214 4.57353858806145 8.26948501556593 6.41827504211972 6.50459614604614 8.02827050418366 7.19135107776028 6.99296441597609 8.27013685460685 8.2069764185982 9.82506874168751 11.0445380912732 9.58713553049003
20.3955178118565 17.8137872911397 4.54125891182073 12.3654307748806 4.61767923244681 8.59919898437902 7.15967800006515 7.49502724455151 6.30091922113925 7.47757210887652 18.6776364489457 27.1089845727155 26.8787052556003 27.06328996292 27.0279011776944 23.1596566534956 15.4035593991483 9.53769220782768 14.2396010288175 7.47372373097974 5.93133165990002 6.01061287657826 7.24403714458127 7.57565080815411 7.57942382913859 6.70569305428549 6.3573738243672 6.73964637243217 6.22992729826785 4.09215199724988 6.12633108603951 6.65951967646864 10.9299388715135 7.59403455480993 5.53745572550543 8.86850644979361 6.12152186632685 7.14086963997101 8.22103716338906 7.95861422722115 9.21573340181751 9.63435656380104 9.67174704690045 9.72281658173346 9.67747558472721 9.75865620665423
12.7772657740132 19.1499203872589 6.73875467298039 6.33401254799428 7.28550095691585 6.7345959746771 5.68433026792209 8.83050642405705 7.40681127183084 6.85279790310233 10.6598446449884 26.6453948477385 26.8813124632356 26.9754724684493 13.6865085001253 18.7406692829937 27.1107673070861 27.8928927029218 26.6505155291609 16.5945513761106 5.5730089584039 5.54859656921695 5.84230102569302 5.39682265680309 5.37359961612229 5.6117480143529 5.15349419192964 5.66408518934117 6.85728238260081 8.43959423106602 5.90307731673062 7.2584876892145 6.00767869116184 6.25887834471762 7.13788486281134 6.17200276978452 4.94412603158611 5.69306209546663 7.82039305358338 7.64292463083298 9.48114695394467 10.9622122767076 8.70393547266441 9.56790409771526 9.94287218127903 10.2585102327739
23.4830283866318 21.8010979643024 6.62733630998824 6.29795866493864 8.84442632244257 5.87479557486661 7.58268067628853 7.97649812183713 7.68937249880728 6.46664630153921 5.90442989821763 20.7118658182986 26.9664967164177 26.8767901479673 18.5332336454807 11.1432532145102 25.5746011144539 28.3695109158126 28.2087785764835 26.3761919537795 13.6747361055757 7.53052344746525 7.59455213403492 7.17194207167945 5.84180303538659 5.27727550164485 4.82446122168943 5.01585733743762 8.7064934364266 12.9501497742209 9.04339832320201 8.34283371473389 6.98728388281172 6.08094450300816 6.87379315937715 6.85023731492965 6.44197330021756 8.19385147038499 8.71744907831636 12.7242321578051 12.2187923798577 9.19820698462683 8.91447168356331 5.4946757012541 5.22778692253636 7.53784184221419
7.34027655464699 9.19947597025736 6.93441627236037 5.11333690243286 6.83126031720721 7.46951660735799 5.25561814402467 7.59205245336582 6.46737137983684 5.90298978798838 7.36895004145233 19.9909617017161 26.8722549300726 27.33574228903 23.0979319937777 6.24236315202596 7.30797281822904 20.1393690573344 27.3364640093546 28.1250173341838 26.7575866289298 15.1584815272344 8.6696665556384 8.37351731786341 6.66526249251284 4.09006438018678 5.38639686310913 4.553824392163 6.12840295093038 9.32834111039629 15.9432243135218 13.8577824928576 8.69219957163451 6.98178839841326 8.60406045514888 10.6179830528354 9.21496015913228 10.6506999392564 11.6218941079789 15.3629483201219 10.2332919470523 6.04598845463031 6.46721397750959 4.30972782794917 3.13440489849338 3.43840601551417
4.33458122972052 5.6081094233244 4.46474375501618 5.29225410979023 4.75514032153036 8.99911579626705 4.09419463851479 7.81554918082572 4.53263949627547 6.17884730729005 8.45788832350101 24.8771516688682 26.8608284434134 27.0529644117767 23.1918001338762 5.63683190852022 6.40004591930239 24.53950006107 26.868077933555 27.3430918418781 20.5976015750048 16.9063818261204 22.4892039568277 19.8359786139727 8.52578344190277 8.46414182754591 6.94300130414389 5.85464441566028 7.34141001717772 8.26345248913542 8.04174976860802 16.8682359982607 11.4325580038316 9.96636440032441 13.5856113069878 12.8038169115595 12.1418666243928 10.3467657073536 9.23334448197025 9.22378077129285 7.24639753766695 6.5500434094645 6.61276204463677 5.65307764379593 4.73055699755169 3.31991729172523
3.1478704198445 5.17993194664931 5.34670118229017 5.76894608187118 4.79981641323126 5.26230347583941 6.40402811564169 8.40319839261392 6.26456247148324 6.39545486632584 20.4767201530736 21.6574024426823 26.8526228987922 26.8725088022608 26.281674891669 7.19359217677676 6.67827313539482 18.3057274527886 26.8679493534207 26.8646569182391 19.7948537151163 10.0376979438811 9.98764787327279 23.0344992098156 26.3310605831024 23.678420564308 16.274152805697 10.5126801261602 9.7428764892671 10.0463254884481 6.80612015426527 8.1782925983876 13.9945947882115 15.7835329039163 14.5489502399799 21.7684628632016 17.1698039496374 9.57394714990361 6.04137147547724 4.60758491118536 5.94466460688856 8.11297060682721 6.00541445193685 5.96312928974613 5.21433862546888 6.79483215086622
