IBR/IBR_outputs/all.combrep_1/PersistForestCover_Total.Spinifex_Total.VRM_Total/PersistForestCover_Total.Spinifex_Total.VRM_Total.asc
NCOLS 160 
NROWS 95 
XLLCORNER 210004.651214014 
YLLCORNER 7350008.22228844 
CELLSIZE 4999.99999999997 
NODATA_value -9999 
[rows 42 to 62 of 95, columns 0 to 45 of 160]
-9999 -9999 -9999 -9999 -9999 -9999 -9999 -9999 -9999 -9999 -9999 -9999 -9999 -9999 -9999 -9999 -9999 -9999 -9999 -9999 -9999 46.4577509124868 14.9262324157619 27.789340221149 35.8759063833157 22.7352100363216 20.1338192179511 9.89277331595776 10.3904003604431 12.6770028310408 13.2899012691818 20.4601135022648 27.5385582478542 15.1945424646769 10.7886345716901 6.10371070203852 4.17983063163027 6.19234444722617 6.57257622973458 9.60518743560651 9.35779640656994 9.46431117138328 5.62948239863617 8.76554364005337 9.4966018552956 9.20455512650347
-9999 -9999 -9999 -9999 -9999 -9999 -9999 -9999 -9999 -9999 -9999 -9999 -9999 -9999 -9999 -9999 -9999 -9999 27.0445811866244 27.2231162149571 29.5741294238838 28.0370001812308 22.8046717752259 23.9992979991898 23.8511055947042 13.9856626511962 11.1269085180196 9.23425172897409 12.1531992331146 12.1777963151626 9.48708422572318 17.2932388603048 26.2447653502047 12.0403715442908 7.1507269643432 13.0519470979614 12.2891601268693 7.479519379845 7.636796373189 11.6839709051824 10.9761843450773 9.44185520718766 7.87174277427671 8.95070350505269 8.67377025460632 8.82410760077985
-9999 -9999 -9999 -9999 -9999 -9999 -9999 -9999 -9999 -9999 -9999 -9999 -9999 -9999 -9999 55.2595629192914 38.6732278938762 26.4673075273224 26.962974467817 27.6207830745407 27.1679553334014 26.4409155447845 11.8750824718604 14.2987720997781 13.5108660287054 12.5214754071803 8.88102668770387 7.20526571203046 6.40921075669483 18.2893232747892 8.75537518378728 13.4990809450726 26.1554254838539 9.03088502362811 7.75961033408105 16.1418569157279 24.9076631447768 26.649417428655 16.1686014992804 9.20726582931731 7.51539977484306 9.5681434778079 8.37375394540183 13.7833947861935 17.4607606859152 18.9895296018806
-9999 -9999 -9999 -9999 -9999 -9999 -9999 -9999 -9999 -9999 -9999 -9999 -9999 19.1828287687091 23.3561877325029 27.3586488821232 23.3552618026171 26.4386616909513 26.0038000366273 27.288802899455 27.0074680310182 19.7323702468921 10.492517170887 13.0364737317733 12.6788149804316 10.9107968330691 8.31776585824734 7.18575240970715 6.67176980197511 7.43311438024731 8.690281696202 7.5744113641983 7.88142804423728 7.14885237407498 7.80112633966483 8.06949596590512 17.1634669020458 19.4752165018763 10.7730316182708 17.8452874612524 18.6723374464207 20.3883627610742 12.5693475488626 11.9450593865721 9.624621821239 11.4359335430238
-9999 -9999 -9999 -9999 -9999 -9999 -9999 -9999 -9999 -9999 -9999 -9999 20.4599582476343 23.7083613981607 27.0394723121102 27.0863319212045 26.2183147630811 8.80958602002134 8.65638741206967 13.64453477275 11.1821944925793 11.5860828972483 26.0545023626205 26.6522038353914 15.1517982748371 10.9076875990088 14.6422352195913 13.5226226312542 10.1774384326229 6.51480209520942 7.74955431300825 4.98994991001395 4.52795514007624 6.03089276315048 8.00967240739847 7.68341086044005 18.2464856275826 26.7459332856093 22.2025837727697 13.6003608482427 18.460746857522 19.3140958281928 12.3441902232023 11.1609496864232 9.55611977693555 10.8325424113962
-9999 -9999 -9999 -9999 -9999 -9999 -9999 -9999 -9999 -9999 25.6375930278972 26.1247555392743 25.2682495329258 26.9024145248449 26.9217015549265 27.945979183244 27.6328243406382 12.9585185286139 6.93935373677182 6.5412108689176 7.54221168108576 9.46221943746629 23.1128143390956 26.8615290679234 23.8739022231982 14.2095430452629 20.0567372205347 25.5147695896973 15.5621748126474 5.75648516952657 5.57975656013129 5.65296525090874 4.62040947933494 6.31520759848614 6.80650078693867 5.72731846866745 8.00851804278315 24.0701879454187 22.1083648484257 8.04639820797902 14.7772996683179 23.6810385091059 22.8787870361514 17.1163767916912 14.1925914773918 10.0035171345299
-9999 -9999 -9999 -9999 -9999 -9999 -9999 -9999 -9999 14.4565998050088 28.9541397467588 26.9117497571103 26.9122032058533 26.9297362330259 26.9583739656315 27.1630943366855 28.2803549510996 24.1061299092901 7.62494884737151 6.34750247389492 6.69090835901299 8.43185405848367 18.2758392902346 26.8643310910604 26.8588916184834 22.6466708958621 16.2241056195352 26.3195242477656 25.4140329556021 7.84860050608966 5.59451314124683 4.97057984981136 6.09291826542681 6.69864747385668 8.21379252325869 9.62087344332246 8.03124350788305 13.6780937521513 19.1452665709616 10.1095837931743 16.0983974329166 22.9785579870606 20.7108733856568 28.1631893593609 13.2935841911822 12.4211162409695
-9999 -9999 -9999 -9999 -9999 -9999 -9999 -9999 -9999 20.9423274786506 27.0681117578432 27.0062273555779 26.9524910596646 26.9273931979238 26.9676871815874 26.924980726595 27.4311207677559 26.8700047589454 13.4195565626717 6.33149835285918 7.55305686441973 8.62347284931358 13.0833369962747 25.8487615604974 26.866112685267 26.8638174733375 21.8658076886864 15.0845189335132 26.2945259137462 8.58766007966696 4.09763171109112 4.36908644905185 5.69330272482612 6.80153155490347 9.29053851262898 9.87247593199156 6.54496555774169 4.86612660074942 17.3872295592537 12.4182056462017 19.0124686814049 26.1508423504729 12.7978518726657 18.3521514868472 19.3541176796169 23.8419293928903
-9999 -9999 -9999 -9999 -9999 -9999 -9999 -9999 70.2905763278327 33.4992616539114 26.8890279674746 27.0070311918865 27.0167223443788 26.9335152526698 26.9018632262594 26.8690172166285 27.326948401417 27.5149069045361 24.9085736304099 12.061546787008 12.3034598590514 15.04159541237 14.7907265583399 21.6278797782062 26.8675017961614 26.8642687478908 25.9820661249034 10.8815016652464 6.5775484029798 10.2078819692194 8.42273440059932 7.28792394838035 5.84117309437806 5.73946795507214 8.20043190943163 11.0550346486815 7.75507917634858 7.20490225329956 7.26449774121212 12.3621925609241 14.2338750013316 19.9339289196299 20.4302433165659 15.5769590658966 11.4103481986882 24.2748261156683
-9999 -9999 -9999 -9999 -9999 -9999 -9999 -9999 65.3734489772081 27.9881310730711 26.6468477856799 23.6811346846189 17.0575096822859 24.3476350014039 26.9232077076046 26.8646134796616 26.8622996461832 28.7383376276652 27.0012994871396 27.7902669208399 22.2735590334303 12.2600905380029 11.5533376032238 11.6529119647737 26.8740578385576 26.8702268664109 26.8676698599959 22.145501451806 6.57916003525086 5.16532394801602 5.9849871922668 7.0940828630382 5.39810993183973 5.59942335533298 7.44248335142751 13.6115092162579 7.60991995353656 7.90955861320252 8.49644570706806 12.1362837928838 10.6301525189651 13.4232182826682 17.9242652810629 22.7764870547784 12.0164741473845 15.4876468524599
-9999 -9999 -9999 -9999 -9999 -9999 -9999 79.7351588266343 30.9254503251588 22.356041420237 21.3412856721856 7.56519067308356 9.16474895643716 9.4055372611539 13.7519963015008 24.4390120212201 26.8600184181099 27.8855669301599 26.8861469275277 27.5238906777219 20.6903485317124 9.43278516072865 10.2025167386114 9.4260518423015 26.6483196576618 27.5392241989663 26.9061182653639 26.5830614388305 8.74308564722218 7.62611890548869 6.04769933724019 7.4954505771084 10.8753736439893 7.98705189289053 6.71529868758617 5.36037047782192 12.2679375968918 6.43495116267641 9.98130759896725 11.2378929587434 9.77698435885837 10.748365511259 12.334517546807 14.0262028652274 15.7155330231404 10.2020983790078
-9999 -9999 -9999 -9999 -9999 -9999 58.2396909476706 42.6004106198757 26.8635783090811 19.3716661470078 12.2294998020705 7.85869963417637 10.2336672638155 9.55355319240748 8.7935603598861 17.6941062743653 26.957366597705 27.8877876629382 27.5761511685654 27.7999517451584 19.2661101196886 5.417709312974 9.78963957229928 10.2460938128979 24.1485312599226 27.1623928684183 27.2794970537551 20.0490863002409 9.57599222971456 7.88225106029832 5.70083537350961 6.26213068001399 10.2197248037257 11.3744378275112 7.2614547842197 6.84216579290962 7.71329041520053 8.65837714792045 8.73426928934867 10.9871026383732 8.18849068595123 12.787609453186 17.7239904606431 19.8772294173245 15.8639109414364 14.1432868143924
-9999 -9999 -9999 -9999 -9999 -9999 61.2616717509565 26.7429383053635 26.6803465486909 22.9491858070797 6.50001969866712 6.91609669546043 11.3763486587964 17.0815433256695 17.0257626504735 21.5627567523101 27.1521452348048 26.9671743805847 29.1527002065499 27.1686121684328 13.1787170384829 5.33007179554467 11.0878294407128 16.1586559469747 26.0775219032699 27.90637939964 27.9199398440647 21.2051364997023 7.7641421010275 7.86360551883458 8.47282366009632 6.43740861099736 6.28564573632322 5.17225829834052 5.76111083095371 7.79159973143651 7.52285005207951 6.78379995120444 12.5144463853166 10.2958023556516 12.0700180198455 7.87263269015714 12.2570175455868 10.6908511964837 14.3517679715737 15.5124923222038
-9999 -9999 -9999 -9999 -9999 32.103347237572 49.4224796543812 24.8318549679952 19.6133359905163 12.3114933407831 5.87417103319708 6.87359595070824 20.5514055142278 26.861600120421 26.8688919451995 26.9268951620835 27.2619484348102 26.9671669158868 27.3366424318784 29.0569052537058 19.9111625848386 11.0368875691889 10.1717428940828 22.7834440448933 26.9957211924497 26.9913903616289 26.9944550321095 17.2209291080835 5.95659273297077 8.24335722516885 9.94278213691583 7.73879416875782 6.5770983170645 9.4025828941478 6.87901819808846 8.28092066948452 9.41219262777356 12.4000275506091 12.2125473864417 10.3366845623405 7.6555267538603 8.66632226324699 10.6977090289589 26.0215430353376 12.109772931334 10.7507217464396
-9999 -9999 -9999 -9999 -9999 65.5363117839507 40.0140828527507 24.7565934533777 15.8135092104886 6.96933908118268 6.42936749494465 7.10282574547629 11.5861496955826 25.1137321769823 26.8616926225163 26.8612793042157 27.1398240054646 26.8611646579981 27.419437646048 29.8377897453794 26.8650320870497 27.315380175401 26.7899781632114 27.1611977020738 27.4786140715277 27.5314964250651 27.4759177331636 11.662330686665 11.4735724833348 7.94063024495018 8.11423709014513 11.1230969272876 12.1961175015224 12.9712980214045 8.7000201878089 12.9414065179647 10.2351009501004 12.2000162551698 10.1371354689926 13.6583958889982 10.5193471163073 11.8705364842869 6.97191321939938 9.59256865789511 14.1201956076201 17.0984903835823
-9999 -9999 -9999 -9999 -9999 52.8852400690551 24.2684560204052 23.7505909102972 6.72847983073031 6.98812849859582 7.65901513500391 6.6900734086527 9.28472449346127 18.6463009659442 27.0441091120304 26.8599080827927 26.8596454991415 26.9528134264456 27.1357617332115 27.9070599968501 29.2513589121727 27.4440951923045 27.0038099997372 26.9219017508141 27.9225732540248 27.8052481476906 18.4666537872561 7.38177938492771 11.7294125946839 7.75201429275318 6.98618488428973 7.23210636755535 9.57832724250963 10.1503412539259 10.095156645379 15.6270464736635 7.29681681860001 8.81398900991577 7.28326675494987 7.05777667396788 7.34137771501253 7.71399765011292 6.30368657435786 8.91694596493941 11.1191857778319 23.1555974153951
-9999 -9999 -9999 -9999 77.0580426851117 44.2265653037042 25.2984260866637 7.13675879406762 7.08331363433899 7.99633756510291 6.7031162236586 8.22487933363714 9.74861965001201 18.6020369773804 26.8585829083738 26.8606326091091 26.8619629305298 26.8621942710191 26.9519075425906 26.8618271140228 27.3404864657321 28.9096591824792 22.4274454314899 15.6522353052818 7.88397890358476 10.1164338643824 5.58442143427885 5.49598548041711 6.91031607630705 7.29324361975841 7.45872932468212 8.09399463611752 8.72844119910655 8.61430666806916 6.36622634793731 7.51156022790839 5.95611272201967 6.15337866208411 8.04328041212797 7.6127015139715 8.86725844430342 6.9701042311211 9.66540292866076 9.11973545280127 7.26988189388567 18.9918423213931
-9999 -9999 -9999 -9999 57.7101942506274 31.0750891779217 23.6168789355308 5.71052967971635 9.43816598658259 13.8330961569983 21.7056467476013 25.3434431311958 25.5704817572166 26.7536532871401 26.8673552585881 26.8630398039104 26.8604673933083 26.8598481712784 26.8623022142521 26.8605163796843 26.8615084375528 27.8222807492198 9.94500136298629 7.33718407293611 5.28342579543517 4.68734593418301 11.4067739264863 7.40868809172186 7.57136470605648 8.73729961685777 8.04296658518641 7.83415342911273 9.18039953117461 7.72297194987368 5.41549363586835 7.26619244976564 7.37423719458789 7.30468935561927 7.2902700871398 4.1485084390669 6.98792125435302 14.2028883237102 9.52358654368559 8.90312976066125 9.954383105786 10.4715095339349
-9999 -9999 -9999 -9999 44.6541074353327 27.4566474069772 20.6330100322134 5.12480736082392 26.0232177597013 27.502926145402 27.7017072979448 27.1382181466688 27.9752147753568 27.0558343665846 27.5050056964934 27.7881474846879 27.3217613574991 27.1410624086286 26.9532980188799 26.8626921976014 26.8609853741632 24.3144420205345 10.2519051530576 9.04040885094365 7.79089645093301 18.654452588737 8.02651003090451 11.3471875705124 16.7839814008145 10.8250969397151 9.60551010904506 12.0207317648356 9.88923348146755 6.59841647265084 5.82838757805034 6.31983582902338 10.1106757352869 8.64127007448075 11.1411969632953 11.7621089143506 13.7569400813718 13.989393283541 12.6826221553322 11.6984896177299 9.27661474682662 10.9927691782807
-9999 26.999335311263 27.7170286381188 -9999 47.5891872308585 21.5263196536303 7.75595909157 10.2116476445497 22.1013475768075 31.0056188885501 27.9137149317106 26.9560235955541 27.2268785362722 27.0418087777763 27.5144334896918 27.1415863150704 27.1361726426777 27.2352291192734 27.0460810063127 26.8618975960741 26.8639732937883 28.4749038387263 12.6713906307037 10.0350828960628 13.3038121982566 13.4347800554135 7.54170059844191 13.2534686349231 13.3288333544868 12.1365365424098 11.2021782748529 9.89904556002067 4.89599663171294 4.69307420999746 5.12468823368213 6.31298568814024 12.2552161839328 12.981189036379 14.1576984472875 17.0956615098417 15.6140359582887 12.6529510091709 15.6914488438601 13.801910479731 10.4983940231085 14.3090368282739
-9999 27.0501040497933 29.0807574179707 104.450045142326 43.2285244479124 19.7247136562517 8.88786492341158 13.0593141943104 16.1018412394545 20.6510333563079 23.2906934167333 26.3789726335595 26.8369773040092 26.9508230113306 26.9553264759048 26.9186437822834 26.8766690845676 26.8608675987626 26.8616668472795 26.8602865570863 26.8593388995619 28.0253061746583 21.530865599775 11.1556869897232 21.344386794964 16.8827107577703 20.9951258794603 15.2541914457255 5.80556019499978 10.45637331953 11.203895195958 6.69914313811558 5.3900976962102 5.20729660392198 4.52052324642814 8.67356058201199 12.8306174211606 13.6812138596762 13.7574452308761 12.6618747818347 13.3177656292195 14.9936259489229 12.9071832491744 13.8594921981144 14.2259596186305 13.6647012235674
