0,41.235661632299,41.2487704791842,39.977514036096,51.8825656941522,51.4024692032247,55.3852370995967,47.199237469454,75.6736254666083,76.4148075748901,95.6260734866932,66.6257930321046,68.1207423893054,70.4349772717978,79.1647776206232,68.6154849431403,64.4217087208523,67.2100438606856,65.7116562054812,60.4680065896725,42.6123052857548,46.3587317040751,43.1904778782164,97.9922106208293,114.18466058351,133.346537519241,95.8722286996718,97.0582362064034,66.106442626369,67.705283068239,67.5783042983518,77.8243478886057,88.4867791826434,48.9535692653715,66.6842254846397,68.7681133158006,61.9284340886248,89.36321825064,88.9459434667422,91.2379366057941,96.5869497841524,100.242629035719,104.824209543841,103.537457693557,95.1844014469314,98.6607665507755,104.216171850167,97.2644274795241,99.865441100567,94.9367307586954,96.6908553598417,50.9103849314423,48.6828520443905,50.2299887735163,50.493588512175,49.9738975487603,46.8982301097027,47.2862489524147,40.9606697181366,40.7671486213416,41.0727319419715,40.9713250241678,41.9343347829123,110.080404854439,64.3762644554635,59.9610577280738,100.316838658979,101.807592683629,100.25313314331,94.3278574085664,91.4098702175968,98.4263611614111,93.8471221387638,96.1767787387487,91.746550390862,60.5418262896137,59.807427233223,97.1856828229032,47.9745685021847,58.9095975639392,67.9962717741351
41.235661632299,0,45.3876590342035,38.0804038176251,45.5357767727409,52.7609711977263,55.9089142824912,44.8758721569081,76.4041069210861,77.1480549445185,97.2422303273819,67.4012914215411,68.8886877069233,71.1931538339849,80.9248943442864,70.3237546664637,65.8294317681265,68.628537611481,67.1052620537434,61.9031435847044,44.5759695818354,48.3478695653841,45.1879766492127,99.3290353362941,115.892534689556,135.04017978124,97.0254047745678,98.2650101574687,67.9547915477017,68.3873421974585,68.2514276416235,78.5392031635329,90.181392378357,50.9707414634913,68.3799231285924,70.4657435529354,62.7234425281279,91.0033371419205,90.5884873728218,92.8781817330307,98.2133651810201,101.868171432274,106.447580756795,105.16006216503,96.8091205570134,100.290735802005,105.842144816658,98.8921791395162,101.491507763871,96.5633784851331,98.3232544045705,52.5356336840611,50.3267327436979,51.8855033393791,52.0521625657294,51.7590369982882,48.6787214985398,49.0413820714237,42.8144270007308,42.8214681273188,43.1927723441776,43.1151019125533,44.1927958227354,111.339206453795,64.8417264915576,60.9752611437424,101.970833322929,103.463563137835,101.908144171848,95.981815363703,93.0239394261025,100.040693761294,95.4679180934305,97.7982371728867,93.3544628581741,61.88137452151,61.1629995353551,98.7857272957109,49.5800228333849,61.2382747854668,68.679828571761
41.2487704791842,45.3876590342035,0,48.6745933122176,56.1438381118766,42.432757715586,51.6036164403318,41.0869914657891,77.7650697528907,78.4894459460075,97.163951646755,68.8535250363686,70.3419646713565,72.6061567988834,80.7436359669199,70.1293147150027,67.4627774833287,70.2299910008641,68.7278576589417,63.5076295124924,45.5344070594984,49.1154657216556,46.0279281757656,99.2366765975455,115.852741573053,134.989230737148,97.0949816040336,98.265143223305,67.9005032608335,69.2757113071456,69.132267351763,79.592591265452,90.1079668877171,51.4036098675667,68.16965928869,70.2374203697853,64.2120764450456,90.9219087616953,90.5078348766724,92.7983126277951,98.1283917495248,101.784250727524,106.3625075988,105.076110156562,96.7298654895077,100.211616477732,105.763489574266,98.8128757850094,101.413081657032,96.4842451591345,98.2443879443193,53.9861651917912,51.7687320382647,53.2897680681562,53.5936836101404,52.9239208645893,49.8746397338609,50.2965566408584,41.2252012396872,43.7106880098794,43.9680688965475,43.9618638904475,44.852459919519,112.956856161236,64.3040648495773,61.0228252596689,101.897196312548,103.390568870785,101.834703238654,95.9079132832926,92.9434689602691,99.9597533411715,95.3884773681855,97.7185179266207,93.2737999922536,61.4931767460619,60.8050224065372,98.5970863201331,48.6346822298477,60.8532681895633,70.0805868328365
39.977514036096,38.0804038176251,48.6745933122176,0,38.131475270565,52.770910558249,54.3241560289353,46.2077406196715,70.2806186167965,71.0439761840154,91.6592345856563,61.109218948886,62.6053449985665,64.970563750703,75.2865225312166,64.7546922166678,58.5634676709405,61.3914069605111,59.8699479848145,54.6424888223017,37.5432056168435,41.4977762838714,38.2561584184031,94.0716955293033,110.16848969181,129.343245790091,91.8169387615545,93.064140703541,62.0936476614904,62.8872224187335,62.7731488357188,72.7989866890786,84.5060962509469,44.4491450673016,62.8402114183415,64.9417639233415,56.3626787319488,85.3967559403336,84.9784236531721,87.269897136615,92.6256175377943,96.2803448148649,100.863328213603,99.5755439809405,91.2175454978627,94.6931659900545,100.248570132469,93.2972682575001,95.8975991121741,90.9695293267459,92.7227198702196,45.2515942105797,43.0331182509271,44.6249763697544,44.7289995011287,44.6452376834798,41.5350119744176,41.8546663337469,38.2952139612677,35.7993302544806,36.2468194128412,36.0815580512069,37.2826945600753,104.269075480101,61.1087253747652,55.9585946477724,96.3409536481493,97.8308332617905,96.2769336376618,90.3522431375328,87.4454636664374,94.4623936968953,89.88090680529,92.2107651772726,87.7830483434057,56.9061984013092,56.1412461674116,93.3297590613197,44.8136381220322,55.3114782392951,62.573913183198
51.8825656941522,45.5357767727409,56.1438381118766,38.131475270565,0,58.8133457235087,59.8906855755876,50.9705072591333,75.4437689592808,76.2112574158971,97.551459958741,66.301942338372,67.7914273074873,70.1520151336892,81.2805812693449,70.7109114554188,64.3157624353261,67.1530607715613,65.6087837526716,60.4197716567228,43.7609228902499,47.7179730722576,44.4900398900934,99.7611844379646,116.130543426021,135.294270055844,97.3727742671811,98.6600657019629,68.157260186372,68.0615126359732,67.9425704350177,77.9777317759269,90.4569328385231,50.6642844017955,68.78690439385,70.8893014772203,61.5691224596963,91.3067707558537,90.8902715416509,93.1800556425612,98.5253087185331,102.179415394197,106.760747635741,105.472423476487,97.1161361930481,100.595679578276,106.148114395692,99.1981210950385,101.797220130745,96.8695632063077,98.627054797357,51.2000410325021,48.999307065012,50.598552601882,50.6204605780463,50.721189180247,47.6093945030806,47.9105836290797,44.3202951753695,42.0869995561406,42.5735764429189,42.4394996985624,43.7047527237993,109.883771201535,66.4288659468013,61.4262673778136,102.261580123439,103.752956396523,102.198325197739,96.2728328164369,93.3360730958085,100.353187154802,95.7765638731629,98.1069088503852,93.6690613435463,62.608112482522,61.8525913530029,99.20809061135,50.6963405610795,61.6723294787165,67.6948408666176
51.4024692032247,52.7609711977263,42.432757715586,52.770910558249,58.8133457235087,0,42.2455475816647,37.8115118713503,77.7996940400898,78.5088088613987,96.6878222041677,69.0045748069941,70.4879912666561,72.7087117859881,80.3117754905834,69.6344688800682,68.2971466170794,71.0475441126107,69.5418632663532,64.3414304425001,46.3015548674672,49.7466620166275,46.7291316045897,98.4790934213912,115.498363408256,134.611235333005,96.3184579277264,97.4721225632465,67.6701113942376,68.8484509429421,68.6911344805198,79.340269927842,89.7104942984514,51.7760966783329,67.6478360644985,69.7007481217645,64.410894024181,90.465499811447,90.0544297604176,92.343455581716,97.6557707508602,101.311775781719,105.886917575739,104.60083025085,96.2609153810807,99.7477470503108,105.296275597062,98.3467436641184,100.946167130233,96.0172276213367,97.7830447454653,54.8542469198885,52.6455388349391,54.1459686878836,54.4791403982779,53.6952838346078,50.6679729781673,51.1165960017763,39.4717557750804,44.5098898862523,44.7402103876754,44.8151274865407,45.6719499517785,113.654529680148,62.1490744052652,60.0932641520307,101.461035023928,102.956861319992,101.399681212009,95.4714750107484,92.4633424727742,99.4794411129602,94.9156529115446,97.2460618476567,92.787680032611,60.442847457383,59.8015851319909,98.0021768465044,47.2878281078144,60.8709479865601,70.1143223923091
55.3852370995967,55.9089142824912,51.6036164403318,54.3241560289353,59.8906855755876,42.2455475816647,0,40.0522654692883,76.6080710465494,77.3036266480022,94.9874464296787,67.9062616468593,69.3864568277315,71.5712619030313,78.6495615276786,67.9163864999919,67.7161356967115,70.4527682693532,68.9454907738901,63.7586662585534,45.6515063929436,48.987224243024,46.0269153710114,96.5329252099703,113.902413000041,132.994963701871,94.3665393075088,95.5005579137304,66.1836522726028,67.2642816048914,67.0963892299145,77.9032538394776,88.0773248101005,50.8059442536874,65.9058151650533,67.9455815535989,63.3508515915179,88.7818186359555,88.373327230968,90.6611360671042,95.9581787404063,99.6143387788484,104.186792011154,102.901002096395,94.566617094648,98.0577761302927,103.603472108794,96.6548419989007,99.2536250215915,94.3245773840528,96.0952306274477,54.2900460497695,52.087428852814,53.5712041672061,53.9312979053559,53.0481268406832,50.0388246286613,50.5096152906827,36.6170254604785,43.8880760563919,44.1002708636901,44.2388444781528,45.0763381178703,112.972527253476,58.7656691179515,58.0072152342494,99.7947794868475,101.29270881313,99.7344000249111,93.8049780876557,90.7594936172997,97.7754190131147,93.2180520841426,95.5487660273738,91.078719901023,58.2118106505133,57.6162057760621,96.1955023733094,44.7566703924391,59.6548577118524,68.9295004468869
47.199237469454,44.8758721569081,41.0869914657891,46.2077406196715,50.9705072591333,37.8115118713503,40.0522654692883,0,72.0151202105457,72.7295461265724,92.0388563217803,63.25019662874,64.7265437525947,66.943616436532,75.8242337394349,65.108443645028,63.0380728509857,65.8008207057699,64.2727709491188,59.1076225144875,41.5704458427526,45.092716599513,42.0534752269595,93.5913741447443,110.913549291002,130.018401070303,91.2077896297256,92.4337045391966,63.2075308935567,63.0743585252803,62.9072776547805,73.5830280662492,85.126855349053,47.2530891297832,63.1172977770465,65.1788958621284,58.6692386233726,85.8382353277591,85.4289512691042,87.7157146610679,93.018097752663,96.6729604296266,101.246674112831,99.9595099001589,91.6196474085678,95.1109246168664,100.655856930688,93.7080909402517,96.3057429396061,91.3775657929318,93.1482085355152,49.7915506879799,47.5975820687121,49.1145138804424,49.3505975304418,48.8099952743048,45.7705606089555,46.1872171382861,35.8699117622354,39.8398742434897,40.1358765532021,40.1922702436409,41.1572847436404,108.277529364059,56.0724327613464,54.8437594254749,96.8427345310011,98.3400122038054,96.7821776664455,90.8532422754132,87.8134076449452,94.8299076369439,90.2710944776223,92.6021750159358,88.1325427291142,55.6634325983408,55.0260423523664,93.3812048858249,43.0113343506167,56.8140048182616,64.2783629607213
75.6736254666083,76.4041069210861,77.7650697528907,70.2806186167965,75.4437689592808,77.7996940400898,76.6080710465494,72.0151202105457,0,36.1946101760183,105.389800632182,46.0654888905873,46.6988447145166,44.5705869583079,90.7603684794983,79.6913353039055,71.4132698281804,73.9884318180434,72.0990216258958,67.7986619067218,56.383352910163,60.1502947847826,57.0919942853914,104.884100843915,125.039080448196,144.039929344772,100.164515159113,102.312308371595,78.5088030464528,61.2388645537249,61.6152751591315,65.1071090060883,99.2217297262876,62.7748181382728,77.6638510353614,79.8069083552291,44.3253304368323,99.4365185098983,99.048088503915,101.309550400179,106.496242871595,110.138467814292,114.695605653636,113.396523127259,105.058799663633,108.601160533406,114.105015773998,107.177235146081,109.75494412525,104.835206724128,106.661371818858,61.620178216361,59.7330757946534,61.2619307535831,60.4547695397126,62.2893604573889,59.2126315583229,59.4034354833601,56.0822019915037,55.1000785370091,55.689475088661,55.7928032267253,57.193662053882,112.141426676998,76.872544724865,64.7004744699905,110.549640288655,112.064129368869,110.498378418368,104.560663930289,101.152945424999,108.173967092876,103.67242134903,106.011118285154,101.412768531165,69.6008589167782,68.7487959842245,107.114604457398,60.6653237512515,74.2932288275284,49.9096350824843
76.4148075748901,77.1480549445185,78.4894459460075,71.0439761840154,76.2112574158971,78.5088088613987,77.3036266480022,72.7295461265724,36.1946101760183,0,105.994621454245,46.8881390009099,47.8968266480381,45.7278648268637,91.4069700249424,80.3247172011704,72.2324083141884,74.8041697200273,72.9187090807125,68.6132642740488,57.1407514427477,60.8976367798678,57.8436935835488,105.421236547918,125.67434572326,144.67043962098,100.646227650643,102.815926066686,79.1815621450338,61.6623435386318,62.0632337325052,65.2095335644826,99.8521943878029,63.5032701442903,78.2942898781182,80.4380789489092,45.0268654891046,100.049352044537,99.6617114582585,101.92240501958,107.104633008667,110.746545927858,115.302999003055,114.003636012287,105.666495577211,109.210597373995,114.713115225209,107.785939205542,110.363070018499,105.443540652859,107.27161103524,62.4119706154581,60.5228934973751,62.0498226799159,61.2549515457259,63.058854149975,59.9840813141501,60.1788963181321,56.7498755974729,55.8552750328572,56.4408295354926,56.5473277601496,57.9427862114127,112.967114132545,77.522381883654,65.2272260954882,111.16700242249,112.682144134535,111.1160762432,105.17801408805,101.757144283866,108.778267899977,104.278818978379,106.617742994811,102.014944222264,70.1927027364844,69.3373526740014,107.720413550445,61.3096612773254,75.0022176861462,51.4832333271401
95.6260734866932,97.2422303273819,97.163951646755,91.6592345856563,97.551459958741,96.6878222041677,94.9874464296787,92.0388563217803,105.389800632182,105.994621454245,0,96.9052659676545,98.4099692311576,100.457896366207,84.5921660743461,69.8606342419954,97.2444689223891,99.8772550863155,98.4375498040368,93.1952583329347,73.8535180528502,76.155050320752,73.8554152997651,107.694194703604,96.5357716180902,111.466912778094,111.933372065578,112.003570984615,78.2586846970299,95.1568039752486,95.0931727313094,105.622065378043,72.8622371631643,76.0752983725741,68.6829261730657,72.5645311708655,92.4566076161021,51.4684558931101,51.3979853570853,50.8971149203988,58.7020934933368,60.1850313614481,66.4413316144428,62.8507246104578,41.1797775351147,48.3433399372851,47.8322571312587,45.8320346429085,42.1754987333773,41.8745224475889,47.6120487267527,83.2336489375333,81.0401960444413,82.3351069914107,83.1937239789855,80.6831294607781,77.9588316611605,78.7391500788066,71.3950374830083,72.7003154149425,73.0386608951351,73.6265989272714,74.7156830313829,142.44592806822,95.8164244337839,83.6762760164807,62.9156095427201,65.5013692892876,63.5487710695463,57.1743959539971,40.5922864596263,49.2593553868563,38.3411155364188,42.5445221207157,43.8980819444978,82.0547813971296,79.9976300038513,96.6977720149948,75.0940586417565,88.6354097398044,98.0707430092615
66.6257930321046,67.4012914215411,68.8535250363686,61.109218948886,66.301942338372,69.0045748069941,67.9062616468593,63.25019662874,46.0654888905873,46.8881390009099,96.9052659676545,0,23.151910558397,32.2620248251361,82.0845607386462,71.0913021725877,60.7683169194853,63.2661096130451,61.3163302731007,57.1970254358946,46.9359436190482,50.7789668328381,47.6934673242901,96.8058848712577,116.38988576496,135.417885000258,92.364125067043,94.4182239923463,69.6642530373531,54.7817812987654,55.0961389198317,59.5371446335835,90.605783098694,53.553473259788,69.0847355963255,71.228922137904,24.6689700067634,90.9125772959982,90.5199133564328,92.7850172487682,97.9959354966304,101.639391303117,106.200383319425,104.902345535773,96.5601057050027,100.093641591772,105.6040895187,98.673472068601,101.253809728115,96.3332550164297,98.1497246292821,51.651324886109,49.8232532605931,51.352528542993,50.354632758756,52.6412842459866,49.5509033882079,49.6955772537452,47.4580924379868,45.6982425077323,46.3265500418852,46.4158787991299,47.8691396114013,100.379374934227,68.5489974960829,56.9357452256316,102.000474853396,103.511481137443,101.947460200379,96.0116355273993,92.6723177205929,99.6929881724094,95.1803380149367,97.5179831678818,92.9424462798431,61.4053462499089,60.5503338005203,98.6669282273681,52.1866245658072,65.2865759730235,44.9988707707755
68.1207423893054,68.8886877069233,70.3419646713565,62.6053449985665,67.7914273074873,70.4879912666561,69.3864568277315,64.7265437525947,46.6988447145166,47.8968266480381,98.4099692311576,23.151910558397,0,31.9863166864945,83.5899202896225,72.5946668646751,62.438771051033,64.9521690060106,63.007946079942,58.8651071485658,48.4742878214787,52.3136591658194,49.2289213639613,98.2983971811201,117.898136642965,136.925410972244,93.8531811433047,95.906835139485,71.1758555888594,56.1605668877994,56.4695233431703,60.9711064208923,92.1126024144663,55.0802279633227,70.5871787147037,72.7308455432234,28.5556647084954,92.4177479253268,92.0251714829898,94.2902468191119,99.500637441514,103.144110831357,107.705005738563,106.406990988932,98.0649791992026,101.598647671836,107.109015741927,100.178417472944,102.758746698898,97.8381798778671,99.6547990031554,53.2410505391935,51.4055674173111,52.9363685272529,51.9574708382711,54.2001191745566,51.1102812319436,51.2587641554117,48.9455421794068,47.2316259688724,47.8571749991504,47.9461944699324,49.395940002498,102.221514450292,70.0107301791028,58.3987543948049,103.506258872187,105.017335568332,103.45327584173,97.5174095632812,94.1768851335393,101.197543906735,96.685109176383,99.0227599379413,94.446854022774,62.8835013462608,62.0305062888559,100.166817910675,53.6698191372044,66.797299059944,45.7482021756426
70.4349772717978,71.1931538339849,72.6061567988834,64.970563750703,70.1520151336892,72.7087117859881,71.5712619030313,66.943616436532,44.5705869583079,45.7278648268637,100.457896366207,32.2620248251361,31.9863166864945,0,85.7252563090531,74.698494430134,65.2455501852147,67.775942874702,65.8516567730011,61.655996059092,50.9086925397063,54.7193818093624,51.6455328560331,100.180676315947,120.016226240522,139.032178376435,95.6139870258505,97.7116558153505,73.3783683303967,57.5560072707449,57.899574551477,61.9318165549173,94.2177755701314,57.4301757061793,72.6829669815838,74.8270274578273,33.5293289698749,94.4831452918087,94.0923788598557,96.3558136648776,101.55589729128,105.198767079947,109.758046267868,108.459504499898,100.119180120658,103.656710852691,109.164159067352,102.234844539837,104.813967404177,99.8938021932164,101.714657653441,55.8436454434895,53.990723680202,55.5197879032418,54.6022663965404,56.6982739467919,53.6137173072401,53.7778850135268,51.0865450724543,49.6520170069048,50.2639919129848,50.3593666241815,51.7906551167589,105.32686673563,72.058093262225,60.1943780899688,105.582277119421,107.094845909787,105.530051768265,99.5933818871629,96.22324237158,103.244085568636,98.7364224195961,101.074551894118,96.4887105851785,64.8467353662912,63.9914178968698,102.20639336579,55.7527802009284,69.0740168003876,47.3049759741648
79.1647776206232,80.9248943442864,80.7436359669199,75.2865225312166,81.2805812693449,80.3117754905834,78.6495615276786,75.8242337394349,90.7603684794983,91.4069700249424,84.5921660743461,82.0845607386462,83.5899202896225,85.7252563090531,0,47.8618288326341,80.9731085927074,83.6063534011337,82.1982168106518,76.8925087289569,56.8882145205473,59.0283312046522,56.8035756497263,99.2631630296396,102.593138545065,121.523028309702,101.640030296502,101.88872363441,56.5199234278523,81.1040617088311,81.0083138375715,91.5719256201615,75.0455776951774,58.5520500785482,49.6171845736277,52.9107186822343,77.547091792391,77.4698922825197,77.0119333786481,79.4139292593463,84.9826020358864,88.7072672004922,93.3148385780915,92.0951276890078,83.8595089994725,87.184198643227,92.878776068492,85.8465554633398,88.5350214180642,83.5591588655378,85.1524816560547,66.670673434756,64.4532591371112,65.7355398815801,66.7096069614708,63.9184165826564,61.2002676568154,62.0149743641013,54.7618936440359,55.7224277528913,56.0228961238532,56.6726044527265,57.7239425302003,126.46198796729,80.0653684544403,69.970368408669,88.3930332016055,89.8587172944933,88.3086385635082,82.3900161181242,80.3618483589534,87.3538444411175,82.6324932031029,84.9314056100433,80.8841730221722,67.5702347849181,65.7914541395239,87.5474873788019,58.7483474455459,71.1522538355506,83.3394113295711
68.6154849431403,70.3237546664637,70.1293147150027,64.7546922166678,70.7109114554188,69.6344688800682,67.9163864999919,65.108443645028,79.6913353039055,80.3247172011704,69.8606342419954,71.0913021725877,72.5946668646751,74.698494430134,47.8618288326341,0,70.5769517417314,73.2145693935691,71.7900799624906,66.5136585412051,46.8020204896666,49.0496524878923,46.7602337914548,85.9768213871078,89.6507255591992,108.167275535277,89.175257057597,89.2783941350872,49.9441144612677,69.7783532749324,69.6866219564195,80.2949033743614,61.3038815679116,48.7919956875509,25.6385195819296,31.6038305026593,66.5876572650914,62.7784881603547,62.3656290774906,64.7809626053277,70.0695173238904,73.8287578430271,78.3797823188094,77.1977326508747,69.1484004031044,72.5116721974579,78.1972222767151,71.1531246084422,73.862235069601,68.8647936978826,70.5047442128388,56.4237339260196,54.2147124302183,55.5130165675088,56.414450379863,53.828189488007,51.0870796951653,51.8695429027074,44.0045691075314,45.5929487056798,45.888440649763,46.4994849212938,47.5370526169611,115.946123698779,69.0565507138978,58.3033431550035,74.068386131567,75.5686275925085,73.9975651912229,68.0567301626578,65.5404448851799,72.517246718704,67.8896872875838,70.1827897883773,66.0201723078406,55.6786003199631,53.7141867050643,70.9632288175407,47.7424944015558,60.9819234177597,72.2913641448217
64.4217087208523,65.8294317681265,67.4627774833287,58.5634676709405,64.3157624353261,68.2971466170794,67.7161356967115,63.0380728509857,71.4132698281804,72.2324083141884,97.2444689223891,60.7683169194853,62.438771051033,65.2455501852147,80.9731085927074,70.5769517417314,0,36.0899349043628,27.6882246773367,26.5375356136627,39.5308304718873,43.9713180784827,40.7381511546407,100.314271651966,115.403112897638,134.652314718727,97.9409052469179,99.297213768187,67.1676594290809,67.3930940709476,67.3871340748597,76.0900986415365,89.9011752475564,48.0409603525519,68.7411848379093,70.9028388531851,55.3361973827935,90.9406481882961,90.5140399446433,92.8076465662919,98.2130360187792,101.865772739426,106.457838772676,105.167579656204,96.7874058186651,100.250871361923,105.813406168951,98.8605816360251,101.461369574843,96.5346556885836,98.2740874903951,36.2265439109634,35.5530173020007,36.9286896197528,32.4897590876278,42.1466861138429,38.9550755850973,38.4959618710604,47.2388152566783,39.0026094719158,40.0301276087502,40.1389849865915,42.0919012295056,85.9446952227798,70.7460886612958,62.6083612838041,101.824653996636,103.30771100614,101.757638965259,95.8370373102903,93.0434581865334,100.061546946798,95.4601629533422,97.7895893596182,93.3953838001222,64.0763034834281,63.1881640308515,99.3405441836483,52.9123082612382,61.9567425344685,64.3318761414987
67.2100438606856,68.628537611481,70.2299910008641,61.3914069605111,67.1530607715613,71.0475441126107,70.4527682693532,65.8008207057699,73.9884318180434,74.8041697200273,99.8772550863155,63.2661096130451,64.9521690060106,67.775942874702,83.6063534011337,73.2145693935691,36.0899349043628,0,29.3387602898375,23.4993425854986,42.1303393743654,46.5592140523664,43.3420599221052,102.972466298709,118.022412623656,137.274342166051,100.602873554469,101.959480668307,69.7822703979618,70.0530285464654,70.0498654600973,78.720993987396,92.5259656143499,50.6423505748776,71.3811873618172,73.5444921892904,57.7925262908853,93.5714633222796,93.1445332661641,95.4382721225632,100.845566270866,104.498270742553,109.090672448302,107.800363792255,99.4194668578816,102.882407483293,108.445278502277,101.492353649259,104.093207141088,99.1665158631586,100.905359274587,37.8859644738641,37.5913712776459,38.625564198668,34.4661869508111,44.3784656064134,41.215913972569,40.7231159300043,49.9363112114722,41.6585359370492,42.6956406462459,42.8245824347704,44.783954002722,80.9604336707514,73.4564029622128,65.2846729867745,104.453226270261,105.936016423388,104.386089998646,98.4656446204964,95.6766853491355,102.694799713282,98.0926254505722,100.422018303497,96.029226284099,66.752253370277,65.8615057096249,101.985436998388,55.5997725046227,64.6336144052813,66.9634261716692
65.7116562054812,67.1052620537434,68.7278576589417,59.8699479848145,65.6087837526716,69.5418632663532,68.9454907738901,64.2727709491188,72.0990216258958,72.9187090807125,98.4375498040368,61.3163302731007,63.007946079942,65.8516567730011,82.1982168106518,71.7900799624906,27.6882246773367,29.3387602898375,0,23.3233278140184,40.8929502475577,45.3143030253649,42.0905258916503,101.444536594632,116.621321270575,135.866468309101,99.0269260165972,100.39841572369,68.4180510956954,68.3201742130114,68.3209459215558,76.9346116970369,91.1147980882071,49.3573569910514,69.9512028827449,72.1129286030685,55.8153721132482,92.1399611207025,91.7140034160015,94.0070254402339,99.4087037534177,103.061229604659,107.65271091761,106.362268972031,97.9827231178183,101.447569825545,107.009063122609,100.056694449911,102.657055215347,97.7304816140509,99.4714287952593,37.4279687342374,36.8810581979855,38.1177776843547,33.8878359076595,43.4463917377255,40.2694231205772,39.8135051558529,48.4610546733554,40.366931372478,41.3877047831184,41.5028057555008,43.4453278923348,82.4036899690842,71.914058779986,63.6933924905243,103.027786089702,104.511377825491,102.961042441878,97.0401526320793,94.2359640256771,101.254115844662,96.6544470911966,98.9840431481497,94.5862774034232,65.2281406942694,64.3402427367301,100.529502133351,54.1105139694276,63.2461958243421,65.0922220763941
60.4680065896725,61.9031435847044,63.5076295124924,54.6424888223017,60.4197716567228,64.3414304425001,63.7586662585534,59.1076225144875,67.7986619067218,68.6132642740488,93.1952583329347,57.1970254358946,58.8651071485658,61.655996059092,76.8925087289569,66.5136585412051,26.5375356136627,23.4993425854986,23.3233278140184,0,35.2702131238362,39.7161713150623,36.4930854584417,96.3587683727673,111.312368558501,130.568946222406,94.0340978497748,95.3756521943144,63.0390235574463,63.6418430385534,63.6325987237636,72.385587799915,85.8217102121644,43.8295389440842,64.6839127760915,66.8475154488595,51.7832540608192,86.8828153517427,86.4551651775227,88.7495162615587,94.16093384997,97.8138413529914,102.406900676571,101.116763246216,92.7350793392021,96.1965263101186,101.760510400629,94.8071087864347,97.4084027071531,92.4815766109803,94.2187784500123,30.9391525322672,30.5999118529701,31.7329720455419,27.2407036996234,37.5023357385376,34.3279239730749,33.8209485992768,43.2400079244752,34.8096260730438,35.8559163830167,35.9833558434511,37.954831757434,79.4425251774309,66.8171518753243,58.7201135250412,97.7602722260098,99.2424699724468,97.6928384462711,91.7727150739749,88.9953600208618,96.0134172304805,91.409357199388,93.7385734674326,89.3496451075928,60.1210977363249,59.2295150091015,95.310258324128,48.9250739110475,57.8652916019462,60.7109692895645
42.6123052857548,44.5759695818354,45.5344070594984,37.5432056168435,43.7609228902499,46.3015548674672,45.6515063929436,41.5704458427526,56.383352910163,57.1407514427477,73.8535180528502,46.9359436190482,48.4742878214787,50.9086925397063,56.8882145205473,46.8020204896666,39.5308304718873,42.1303393743654,40.8929502475577,35.2702131238362,0,13.5332450499487,8.76594206636091,78.4625619801397,91.4015359905553,110.752518385179,76.9995732676841,78.070670925217,42.3449419978059,49.4323328316742,49.3536528878263,59.1321551178638,66.0272595930248,20.2034682048119,45.0567274793012,47.232295185732,42.062241785271,67.4074002441502,66.965062450904,69.2716702478072,74.7674174910927,78.4242102355464,83.0308233663052,81.7439058006835,73.3453246038959,76.7766016589885,82.3629581266299,75.4000609222429,78.0100738901192,73.0806638162159,74.7846877501772,23.6417892102784,21.2358746450232,22.5204965292853,24.1342030886175,20.2942340974454,17.1995205927799,18.0257256981542,24.2736434517895,9.95788775782529,11.876720256944,12.9649949698091,15.4946903509963,86.3310996850813,49.2206716400844,41.9499513700302,78.1968359989637,79.6670035233935,78.1233702788703,72.2097958270709,69.6676970615756,76.6847122674173,72.0422295880055,74.3679414754907,70.0572815382961,42.1031822693994,41.1634218020596,76.151164204949,30.2158284122689,36.7817911332758,48.8871399816751
46.3587317040751,48.3478695653841,49.1154657216556,41.4977762838714,47.7179730722576,49.7466620166275,48.987224243024,45.092716599513,60.1502947847826,60.8976367798678,76.155050320752,50.7789668328381,52.3136591658194,54.7193818093624,59.0283312046522,49.0496524878923,43.9713180784827,46.5592140523664,45.3143030253649,39.7161713150623,13.5332450499487,0,10.7586622506943,81.2569131073496,93.4916756195813,112.880377240381,79.9959517984643,81.0147141945817,44.1576855281989,52.9264934603905,52.8435368572608,62.7144489465329,68.174735723334,19.6803260070531,47.342332280367,49.5330759313324,45.9379293627509,69.6662379515491,69.2185555998647,71.528794312052,77.0556120210224,80.7130845799103,85.3248876373671,84.0383877024803,75.6314361887911,79.0525857647404,84.6461237379315,77.680440868407,80.2928477269113,75.3629882592807,77.0558067377321,28.1562110606473,25.7939363657933,27.0068191886303,28.6654040304325,24.3871336658676,21.4678495726978,22.4444595130361,27.267638471318,14.692700563785,15.8961604209391,17.3446714719089,19.465690198939,90.6361775291725,52.4250225781144,45.0840070724973,80.4218591586441,81.8876510339785,80.3462711810682,74.435142099642,71.9751998309206,78.9921429563553,74.3359856050301,76.6606927622318,72.376656250191,45.015883439878,44.0451817029808,78.5787746181951,33.1331429530429,39.4277762133669,52.6561301918463
43.1904778782164,45.1879766492127,46.0279281757656,38.2561584184031,44.4900398900934,46.7291316045897,46.0269153710114,42.0534752269595,57.0919942853914,57.8436935835488,73.8554152997651,47.6934673242901,49.2289213639613,51.6455328560331,56.8035756497263,46.7602337914548,40.7381511546407,43.3420599221052,42.0905258916503,36.4930854584417,8.76594206636091,10.7586622506943,0,78.64945670804,91.3349093323969,110.697169330396,77.2803565818936,78.3249984103113,42.153351012652,49.9742365312279,49.8924186320105,59.7296468834747,65.9737899330882,19.0329877196409,45.0275025004881,47.2057286793654,42.8409605563203,67.3932221426484,66.9490935768751,69.2571748167631,74.7632387824239,78.4204751147218,83.0287619251125,81.7422039804673,73.3414579922499,76.7690911828299,82.3581373378557,75.3941083655335,78.0051546614716,73.0754480325239,74.7754627610239,24.9837229974076,22.6038818881004,23.8723421477156,25.4393755764892,21.5705635568626,18.5602086839432,19.43082510227,24.4663045174172,10.3449964701862,11.8630316702113,13.445587559722,15.7847103667272,87.4404823183633,49.5547001258919,42.282892739457,78.1719498648465,79.6406625469082,78.0977540944161,72.1849713975417,69.6713619061302,76.6882659222161,72.041098267064,74.3663944458701,70.0652227801756,42.3151506154012,41.3643681619592,76.1829738186082,30.3938772360579,36.6821707699527,49.5933347376683
97.9922106208293,99.3290353362941,99.2366765975455,94.0716955293033,99.7611844379646,98.4790934213912,96.5329252099703,93.5913741447443,104.884100843915,105.421236547918,107.694194703604,96.8058848712577,98.2983971811201,100.180676315947,99.2631630296396,85.9768213871078,100.314271651966,102.972466298709,101.444536594632,96.3587683727673,78.4625619801397,81.2569131073496,78.64945670804,0,131.486385134939,149.813367745859,99.308769647323,95.3933674690716,90.8118003565487,93.180218683156,93.1298233341665,104.002431563371,104.949624814029,82.033941141401,83.4345687822218,85.7474426677471,92.5363421442777,102.7137175656,102.437498745151,104.608267806459,109.136884884454,112.755643845633,117.201496995351,115.885206313009,107.706799026031,111.472529587396,116.814236239258,109.952588190572,112.471216196212,107.566243410455,109.638415863254,87.1065037267577,84.9536079385784,86.3433842316572,86.8028464711744,85.4472089941603,82.570226262223,83.1641045824804,73.0305738642478,77.0669511141961,77.3685826498652,77.7796786541388,78.7972108651822,144.881034176742,95.8872952728827,79.0208949749608,114.487123214688,116.090302482433,114.480559438475,108.494706171862,103.328700465192,110.352717749883,106.151969256995,108.514390552357,103.317642301377,77.694350680352,74.6638306607883,107.684473159046,75.7978804422397,92.7396903676961,97.658948463829
114.18466058351,115.892534689556,115.852741573053,110.16848969181,116.130543426021,115.498363408256,113.902413000041,110.913549291002,125.039080448196,125.67434572326,96.5357716180902,116.38988576496,117.898136642965,120.016226240522,102.593138545065,89.6507255591992,115.403112897638,118.022412623656,116.621321270575,111.312368558501,91.4015359905553,93.4916756195813,91.3349093323969,131.486385134939,0,84.8382633601629,134.562833251063,134.77924492095,93.3345533176398,115.331758931702,115.253706801246,125.730673769496,84.7674153692516,93.0958931970509,88.9367992019071,92.7527963634353,111.866604767969,87.2440335258132,86.0250611190628,88.2589252858869,98.38944374669,101.76389286142,107.190108966903,105.587418694521,94.80475372163,97.1811018901869,103.288012560615,96.3122531021816,98.7981927026126,94.1160499467943,94.6031690117091,101.041326070785,98.8335006908997,100.079555011448,101.121734629717,98.0597890858244,95.4206840438263,96.2939536264418,90.3698473956561,90.3900606096998,90.7644724452094,91.4256037214267,92.5693754888338,160.868177229082,115.21626231071,104.340775879277,90.420414709554,90.9924190083215,90.03854854224,84.726628730492,93.6401576170141,100.792387255043,94.3290536575279,96.654005136737,95.2232822217725,102.576116261926,100.730526614943,119.946602648934,94.4104706390565,106.689069290609,117.664035779542
133.346537519241,135.04017978124,134.989230737148,129.343245790091,135.294270055844,134.611235333005,132.994963701871,130.018401070303,144.039929344772,144.67043962098,111.466912778094,135.417885000258,136.925410972244,139.032178376435,121.523028309702,108.167275535277,134.652314718727,137.274342166051,135.866468309101,130.568946222406,110.752518385179,112.880377240381,110.697169330396,149.813367745859,84.8382633601629,0,153.095446180149,153.281450330923,113.033845277796,134.24394373958,134.167603024423,144.657540061696,103.284706007926,112.536926250536,107.411742057812,111.286311388099,130.906807737866,102.142554447947,100.769996723945,102.82776869697,113.946351597113,117.212441814776,122.808255387768,121.094126819294,109.592623537443,111.778346127931,117.908921412857,111.0150670594,113.36116914946,108.817741028279,109.07101418277,120.352022248511,118.14635952009,119.401811518414,120.410701395149,117.450679789992,114.794746540129,115.650452730461,109.440558292084,109.712358157379,110.078483376351,110.72666605076,111.858375345318,180.073334892204,134.227339494845,123.157981681986,102.056266070715,102.153753576901,101.598070807821,96.6606651853158,108.948965863254,116.149760796509,109.277042469355,111.626502719125,110.741616173448,121.383002232706,119.49885752177,138.064665084837,113.417771287828,125.92439577754,136.672583973809
95.8722286996718,97.0254047745678,97.0949816040336,91.8169387615545,97.3727742671811,96.3184579277264,94.3665393075088,91.2077896297256,100.164515159113,100.646227650643,111.933372065578,92.364125067043,93.8531811433047,95.6139870258505,101.640030296502,89.175257057597,97.9409052469179,100.602873554469,99.0269260165972,94.0340978497748,76.9995732676841,79.9959517984643,77.2803565818936,99.308769647323,134.562833251063,153.095446180149,0,81.3291678917379,91.9289446365448,87.4570252504532,87.4432630392104,98.4366531937837,108.280737826399,81.1548608721161,86.842568118406,89.0892488660935,88.2199063100279,106.744635803445,106.434937520929,108.623334439901,113.359056952622,116.974500500009,121.460009987234,120.137738402309,111.875033004038,115.586009562698,120.962376706465,114.090687947987,116.615652191679,111.713487947395,113.724494991871,85.1742087946402,83.0510697343937,84.473680142769,84.7424435458096,83.8968924956938,80.9733570390515,81.494120722329,71.3648573192217,75.5694984514792,75.8963051453633,76.2350047144895,77.2797110479429,142.098257297756,93.0721588155989,72.202879275237,118.310895509859,119.88939103074,118.292427304485,112.320480872463,107.624867901206,114.653465248931,110.362472755919,112.721966834815,107.68553211628,76.9631400706623,74.8864368360173,113.415893469792,74.2106445130805,91.6239059294862,93.0572673529101
97.0582362064034,98.2650101574687,98.265143223305,93.064140703541,98.6600657019629,97.4721225632465,95.5005579137304,92.4337045391966,102.312308371595,102.815926066686,112.003570984615,94.4182239923463,95.906835139485,97.7116558153505,101.88872363441,89.2783941350872,99.297213768187,101.959480668307,100.39841572369,95.3756521943144,78.070670925217,81.0147141945817,78.3249984103113,95.3933674690716,134.77924492095,153.281450330923,81.3291678917379,0,92.4280788100663,89.906445941684,89.8703965594036,100.889671527264,108.444788893034,82.0738378641273,86.8953393192646,89.1370480862052,90.2302007899967,106.826826923889,106.521425353413,108.709410802611,113.417055478435,117.034761649836,121.514253372542,120.194688049545,111.948918937899,115.664797963384,121.039143671944,114.167038192955,116.693174712529,111.789388814157,113.806068294222,86.3929785543545,84.2598109667121,85.6743192284624,85.9990614577301,85.0083778640036,82.095825260027,82.6362217412013,72.3037918295259,76.6414847135063,76.9566383312847,77.3135080419322,78.343440895874,143.591082217628,94.3286791928371,74.3606892780116,118.422613286366,120.004092026451,118.405448861348,112.431698392421,107.68494743591,114.712071684156,110.43238018094,112.791537208492,107.738373258222,76.9497570727684,74.5083491168792,113.100102228502,75.0469607021076,92.5388233956278,95.1463311114604
66.106442626369,67.9547915477017,67.9005032608335,62.0936476614904,68.157260186372,67.6701113942376,66.1836522726028,63.2075308935567,78.5088030464528,79.1815621450338,78.2586846970299,69.6642530373531,71.1758555888594,73.3783683303967,56.5199234278523,49.9441144612677,67.1676594290809,69.7822703979618,68.4180510956954,63.0390235574463,42.3449419978059,44.1576855281989,42.153351012652,90.8118003565487,93.3345533176398,113.033845277796,91.9289446365448,92.4280788100663,0,69.4348037578015,69.337635269563,79.7586076881267,67.9863744085072,43.0871974805261,49.2233909570695,51.8877299945305,65.0524235833571,71.1573335301177,70.6426889984331,73.012126684409,78.9281487891444,82.6028175142433,87.2791428148164,86.0062930823473,77.5185620178508,80.8027007651502,86.498186002547,79.4889484191615,82.1416134729939,77.1995000194173,78.7418337799673,52.4667127396925,50.2334712944374,51.4570274457475,52.6470353993253,49.2061303820434,46.5830703441629,47.5087729407478,42.5966165846836,41.3879469995223,41.7497176571295,42.5077282448648,43.6567894107628,112.934967941167,68.1660253144997,59.1050890366963,81.5405590716653,82.9552432107399,81.4382516139228,75.5540789532182,74.1463947001701,81.1594406115411,76.3259368872538,78.6348502511864,74.710486652537,57.3374361592687,55.8656287890517,82.8769378234784,47.1545772106076,57.5496905308334,71.0598887429334
