IBR/IBR_outputs/all.combrep_1/PersistForestCover_Total.Spinifex_Total.VRM_Total/PersistForestCover_Total.Spinifex_Total.VRM_Total.asc
NCOLS 160 
NROWS 95 
XLLCORNER 210004.651214014 
YLLCORNER 7350008.22228844 
CELLSIZE 4999.99999999997 
NODATA_value -9999 
[rows 21 to 41 of 95, columns 92 to 137 of 160]
5.17593368267689 6.12823777086851 7.29953793961803 9.5534904220126 5.645404399727 7.29461757597707 10.9341962978832 4.87172592161364 9.83645386543975 9.66744660055245 7.66000635437343 6.79522623781067 16.4187874509458 26.8695613499663 26.5675312268062 7.37459728773751 7.44819623165147 13.1984860518953 24.4204293159667 26.6789729996213 24.9244571625877 7.20166058264496 7.06708056720898 7.9253039696011 16.037189246195 26.3199402233393 25.5936980086392 26.9452485522401 27.8183886370316 24.0524951958029 17.8402902879253 11.5645419497736 7.68401195146422 22.6931201049027 17.454229980732 15.2000677185474 8.95523352399366 7.99462051393696 7.33574886939363 9.37057216222742 8.20811470220476 9.44841286089177 7.51248956643716 5.23983354248998 5.31744599022173 6.31018736720795
3.22685189429813 6.16617607809821 5.87414979218223 7.03267396151506 6.05999711736068 8.1548240082115 7.22217917060318 5.55804165121179 7.39763770356108 3.85143516368379 8.26133002240836 4.87719982680224 6.86038344565286 26.0614176479298 21.9862559891391 7.09678179500799 7.9358803545046 5.82676599013106 7.0820205726398 9.47594099611636 24.0020170505723 12.6152843059455 7.6204095906029 5.69892319739664 6.70028467241086 7.15707029332869 6.72966513755182 9.46965444298307 13.6103747715767 9.01704985619244 16.852234581077 22.7852232874183 21.5785039094421 22.8852583659775 26.3834678148455 11.2959352003635 8.22547836737098 8.91422184857726 12.0912587366443 14.5791047114151 21.8910558990323 22.7163403307621 15.4362441975401 7.18913716428664 6.96326284336578 7.96273419716544
4.81851549264329 3.28999716400348 3.94172765832623 3.52885676501963 3.25792294288813 6.82942956664652 4.0883946744289 5.34535699168623 6.79431800595801 5.48678675320844 6.40760037846549 8.25704292435051 8.17746674220441 26.710589017953 20.8783720001015 10.1603304452812 7.54318307156662 6.11464124385057 8.21326494239784 7.70590310504138 13.1202785381439 25.4470749304473 10.1154396991843 5.52335140115367 6.83308632408803 6.34132338783007 5.01786903945623 7.65399719065054 8.55678927639802 6.59828895417176 5.95274745254568 8.4034390964607 11.8470686803875 23.6258056804869 24.062349109798 27.0610674612252 21.2033896090812 14.4420063270638 20.441757999421 24.7715338604844 20.6633165744232 26.8846976145723 26.9586974886335 24.1046654777758 12.1264060470181 7.80267875604035
8.89215864804775 8.30937231426349 5.64960830902826 1.91300754686766 3.02367460510319 5.38631861984398 4.94181051811338 6.56728494057207 1.77903663242867 6.32818983201546 6.3062516298285 7.2451271197826 6.87216410496014 10.7702347139231 11.4154560968113 9.22699001365777 6.20554240355889 6.38161174963628 10.0333511736526 9.0415379048304 9.10233237130114 9.63500503958585 14.383989418346 5.99808501789534 5.42259622299988 5.45139058720791 5.39409842479296 6.24316368879549 6.49805941816601 5.0236876753661 6.22581288646147 8.57877483830909 19.4312753093642 12.462973517759 9.87703733783144 6.80195651293322 16.7347571209568 19.5651008821736 14.8394708431575 11.6255063955051 14.9940918025164 26.9768163258434 28.6930793905364 26.8665506715517 24.6597061767874 19.1934820188627
4.01494134262709 4.351411301129 6.13620305524947 4.5234509856251 3.15818037116658 4.4123319280245 4.95412494396033 6.84077272819443 3.1023078771529 4.62233160679921 4.75869936530174 5.80242881297961 7.48387208007789 5.09479843109159 11.2089094654672 7.1764779700839 6.10063558656942 6.41744710069002 7.53374239882249 5.14502006343197 8.96258668053652 7.35747903778706 8.33009419056972 9.1011447992082 5.15981816377413 5.65033189388271 7.90427433891193 5.17587303877876 6.64113424306685 5.04905244832341 6.82372156043544 8.41102520780731 12.5117849995885 17.6703971089404 8.69033258356173 7.03874793184478 6.99743711217423 6.55148458356528 8.13630022325613 8.3043207349017 4.80081644355088 15.8071688194343 27.4594946300742 28.202170812666 28.2153206304811 26.9643799246892
3.83682346267396 3.69324473814787 2.57776284959596 4.82902577884703 4.38077513232822 2.68055761190226 4.19171922331497 5.66950102582854 4.09210367824553 4.72756385439132 4.92101469607102 3.8302914516071 6.45691434184099 5.15947906061345 10.9775402359132 5.71311447731048 10.4670644282715 22.6158658754165 28.0143348574847 20.4273535189981 9.4070823201001 6.63582833837465 7.30072096021823 12.8297071917203 5.72203275496015 6.33936344162218 5.85096024091237 4.43247648112505 6.17058988022288 6.72416812810408 7.0726812234644 14.5878831572368 10.2164471933073 16.8985334042456 12.9994997235427 12.116497240616 4.42703107058806 4.88231335071576 7.51431422421749 7.16635085682152 5.30332349996702 6.80227186919348 24.8372465326097 26.7694719815741 26.2316972176773 26.643144282977
2.74224429767191 3.87798990507368 3.03707767070986 5.41123281789046 3.89768692187009 4.91267044027333 5.4791790881556 6.02318687543614 2.36431030434861 4.89078749431932 4.35991197498237 6.80686482641971 8.19659189236814 6.87593275250372 16.5769430110815 7.13595927401279 24.130056660001 25.7756862053727 19.0035684844515 21.9605806436836 17.9958484364068 12.2562882070405 18.1662755866981 18.8318948102302 12.372223751341 8.44108571792654 7.19352528024671 7.24376066539825 8.10214275824093 16.1915250287998 21.9367484403448 33.3232983244337 15.3968299155897 13.0964662324724 11.8675680550278 15.3644031887794 11.6925723052997 6.50011810252777 10.428028263886 4.97219651355042 5.11123931939374 4.54928369824063 17.1067324120562 26.6221485983252 21.9689813696406 21.0366608300587
4.71649882162781 3.81463834106893 5.00122081973421 5.22769148447358 5.78878663694576 5.60642008670461 8.83209451152435 3.84836413271499 3.04941780508319 3.480075973028 7.97037460304383 7.32558949201944 7.6204250295649 9.2531179757696 10.8226062156697 19.1214594069094 13.8946575099075 13.1532588994315 14.7490594997603 10.7385478893259 13.9062328532491 20.2010196860043 25.1412305715072 29.1845760174571 22.319835130013 24.8991613352345 19.4017351725685 22.8682291297077 14.7966824826158 9.98170543384947 8.23086534840046 14.0511844946872 21.5569884047536 10.6646505399869 13.2495851432074 12.8160633637682 12.8560132881249 10.2895875798105 12.0704645035269 9.28825707555595 10.6911539641254 11.6631376431254 20.5335645549782 26.1102983888387 8.9853988280971 11.9380732164257
9.70401286361935 5.0103433861404 5.96646056149755 5.18521960541819 5.13738956657263 6.18841630031552 18.1257052561359 4.27094072147582 8.22534255118594 8.04815877074387 6.19167458308831 5.70967077154894 6.96140666922899 7.48489680734372 10.8868975043976 15.0818772503089 29.1977894560053 23.7442724758791 13.7387022483081 14.9863241302598 15.9106309371675 20.2345520949426 22.6680858916721 16.9290189525968 14.1099570223902 19.3024255954963 17.2220963358611 15.154139954583 11.6232062713867 8.04435881287958 8.37497886954394 8.89713566523324 14.9252587497917 14.667637471459 14.734160813574 18.322313067484 14.178875333687 15.8485753978677 15.4220061263312 15.5960868208973 12.7853856983736 12.5124883335926 22.0354734703649 26.6942003015904 12.7805596633112 9.92393016967328
11.4017065221758 10.1069636565663 8.75818921146044 9.88748751503522 6.10569037659026 17.9117001183439 14.5602904503019 6.21631802934337 9.65727036498808 5.55792734231756 6.87090355644961 8.21752858444508 7.32333364955806 12.8323222462918 22.6260918316404 24.4312351153253 19.9422449623712 16.5059876664235 17.2790071325998 12.1900187285913 17.5482856827897 18.3449290794251 19.1158154712195 19.495529411763 20.7174406449283 16.8323474988348 5.67280895508799 5.04315562831154 4.84102095753675 4.12771522464337 3.90391241432865 5.02513521513057 6.62874617216415 5.40360608364054 14.8357014504206 15.9239611535404 19.8710388085048 14.6626484450294 15.5407940725795 15.3602380122949 13.468943467574 18.0779924509492 15.3196052625144 21.3312467663424 17.307187276636 9.39689738309884
8.34167570819166 7.93785405761537 7.35856324594294 5.99345325585246 8.51866462718013 15.6223804281314 17.7692094830954 8.47144547262179 10.3379917725808 12.1930281577001 6.42268869281154 11.6423597472311 12.7800938183852 24.137438009146 31.5223647994876 20.6620399916757 16.8483337800456 16.5159920106295 23.4923222347804 11.4815346607209 14.732666287518 21.1702700488649 10.5956202652553 20.3482692059625 14.9412732837237 11.3463371887897 11.89346639385 11.5376219464275 7.3637451719165 5.20636324939498 4.33153570078418 3.75906840403993 3.83908207184714 4.8938595460054 8.56898809953391 11.6537683963912 10.2363166805283 15.6017065042107 14.6374690531982 14.0559718464044 18.5508927878993 18.8123360931823 17.5054267259226 12.1604619518377 20.3581651053088 12.0119615909318
8.61747512855662 6.70311053409863 4.05847859734571 6.83264836882272 6.67814172650761 9.49496867148801 13.8120076575938 12.9942887099832 16.0337990030988 20.9561371043111 32.1451562824312 34.7825948527253 20.1192290260183 24.7402157034141 31.7933785784793 20.6521728364006 19.8068872419227 20.7560062599597 15.5196149852381 13.9160485850235 14.6682961196746 26.0504478979142 12.9543348379084 19.5614237608216 12.1969673379024 10.9524743491349 6.58500807667236 5.41458654646884 8.82361729911696 7.08217366079879 5.48768763037416 3.72046874692316 5.01471346148245 4.39112129244196 5.92362483427356 6.93376783366131 12.2807206105044 11.3815394305031 17.2745463115576 17.1387012202782 17.6250966281254 17.8055786777185 14.2396324533691 10.1125820317253 10.0171666128797 14.7434693112065
32.3164981999725 19.2448070177675 2.85496427525822 10.4300642969405 6.87039660104373 8.82466632027806 13.1904638886718 17.8095878275908 25.4459470167395 27.6005878724681 14.5879001298942 17.8293922838915 25.0886673588022 31.5348708170357 33.232558020119 23.7756145629497 25.3012237981224 19.094676600845 16.3888515652608 17.4634067898239 19.6261757340985 33.6063234985501 23.6946372427981 13.4802655274799 10.1846110419132 10.0691582281615 8.11975508398703 9.08868193699003 7.61788318600418 7.25452555789947 7.62686097651225 5.09248392113798 6.96603674039115 5.53578469599978 5.89304470503484 6.96884259897428 13.6980390669371 15.2314043319504 16.9757843816162 22.4951114287785 18.1004939761159 23.8234108490721 15.0319959521997 16.3852294167671 10.1483320321809 12.6782342172803
29.7686955744175 13.3959183854412 4.03307698295422 6.52528888523769 18.7893554038173 22.7710720926012 23.3439104353331 20.5138287689552 25.5760051754001 23.401682043207 7.06507987115713 5.75467569637484 28.7483910307803 37.8162877755828 22.7948221185298 30.7635983438599 20.6775407049863 14.9079411878986 13.8853974529761 14.9164654324645 13.367002639849 20.2582399153843 22.374238323916 14.3620655620362 5.86782962295534 8.84096224043464 10.1133258196681 7.89674305099932 9.35459028147421 8.39931886130871 6.83750623644697 5.48024830150373 5.27014828532856 6.32753787267534 8.16042100172011 10.0520730004832 19.7659567126774 18.2853525391787 16.8345389041536 15.4448229816273 20.1385986743933 27.1748388826944 22.971189626179 17.782691058576 14.9766505707778 13.6705111784213
7.9543866956116 7.41149290926173 4.25625357600847 4.91673277510749 9.8980060686738 7.07556127277521 21.0798521538472 19.9396556779341 28.4689417287773 19.5117643953982 7.57354929188714 8.20693836232908 29.2983851989631 26.8918576305621 32.5788422212119 30.527698572384 22.0614357477601 17.9827458698804 14.4713137497682 15.1939672798028 10.1931283329742 17.2244062858181 20.14677034292 23.7922223812235 14.2573787454803 6.16253265594879 10.531147167854 7.52513247168011 6.15877962332266 8.33916724629133 6.39292537215794 5.37955523867012 5.08251886265596 8.27587054016039 8.68280628497476 12.8057397807381 19.0776532576557 16.2868012631549 19.7466073233137 21.7834916047188 19.1934074917907 17.3162660920137 24.3867304644745 19.1912895991451 18.4890534486956 17.6531000791028
6.43147138855415 3.72520801352045 6.32328329977949 3.9769469860122 8.09914461877505 11.4102855273497 7.85366362246034 13.1137926410028 31.5493963921469 10.4183115589999 7.73884047574677 29.9957594175606 32.7667756614188 34.8572030941472 34.6735850137329 22.7806103894265 13.8561338265445 10.210177854138 10.7323155807083 10.8411897199103 6.68978018499968 12.5663172064983 17.8619519379765 18.6912216607349 27.9096668093315 20.4819128500919 7.59423296818417 5.66048335462113 4.453543792081 7.25343057185514 6.42564097813588 5.20001224090814 6.94780587759608 7.28252767696434 12.1173782990784 17.3343349580145 17.0318466000693 20.6848136579118 21.4272819219592 25.6388587960874 15.6260481523702 13.9043862785475 23.4345907669005 18.3570753724273 17.0431907450981 16.3882179228474
6.40749038065966 5.66211062330227 4.63326244530323 5.49007339278509 3.07259720402939 11.1292728623824 10.87222544714 9.78471035449368 18.0339071879754 10.0976103240714 15.2509194003532 34.2733950036144 31.8489962190139 33.1426878920134 27.2388002321702 16.6494249970964 11.1884931037548 14.469523366843 7.99825824715985 10.7163608988777 19.9388923333714 17.6957703124142 19.3500246315497 20.1054523585581 21.0707323339018 20.856114830583 19.4457741015122 8.50717499143919 6.22527930055116 8.06290406920492 7.49557168771257 9.10079832804155 6.97194100537574 13.1477300252162 17.7652016129518 16.4222327052089 19.4748198375087 18.9669210444281 15.9489982627384 23.9552052913101 13.905093419682 10.5402210106824 11.3647514024559 23.3522012866971 22.8237084079764 18.8201366102302
4.37720997069628 3.81616442865656 4.57642572351135 4.67569381117217 2.35777462895318 4.48565000366627 12.6591192797564 7.93111089288369 12.1414671645204 18.3971775920818 18.7423997383201 17.8646630776607 31.9871719435082 25.9650305381284 15.535946755881 11.0509912186319 11.9994147988303 11.1754950275933 10.292483622737 12.9837177836707 18.6523631228351 28.3166834184209 19.7710705940399 12.9370896649689 14.2657949068083 12.9625937187389 9.45374292655111 14.7806861560134 12.650965246115 8.49028347344364 7.64162809093996 7.82373033737609 7.88705232387728 20.5668683199618 15.6778408332309 13.7108194931946 20.7153351879651 17.7966872589377 20.8703166359943 22.3796116663012 13.6047542215346 8.75686986996468 8.03044276870798 11.6741147818985 13.3463162871254 11.815949409811
4.92202274482039 3.12973557734179 4.01683584089612 3.06692308562419 1.59750337278022 2.42907975030352 5.26681829445611 11.5931769016222 15.8174703616915 23.1531015073646 20.7327389212208 12.3886738743989 30.098503408203 20.7917237883743 12.926234004474 9.29760760280982 3.48271936455794 4.46752032659533 11.1388053381554 16.280574198617 25.1763088259385 30.6601990168308 21.4074871430743 11.9233251037261 7.87918107015596 9.44941341931836 4.81019804296182 5.21781129673677 12.7613572495984 13.0501455517784 11.2574794232686 20.4287374435593 19.4461070052277 13.6325665292138 14.8540665046418 19.0379657981054 16.8266313945573 14.0800090281999 17.9841741720051 15.8882569235121 7.45803843476533 10.5572156577563 7.27036231496323 7.74503738649227 7.68191737531979 9.53357630533952
10.2479365754162 6.56524798028001 6.34363744205735 4.80269403902217 2.97282002737454 2.17429876556603 3.05252698493155 10.0433056195818 19.8092056226074 22.4948867800693 23.6463170968395 23.4199745440988 37.3462479700545 34.3931701518563 15.8495175034963 10.6608470058699 6.86767618830013 4.12401346694725 8.91399259425905 8.31985008790631 20.9064489505096 29.1736681529133 18.9505476526893 9.66765016519937 13.3965339958277 7.92849118053037 6.44355311256568 7.21255549324117 9.76974357736069 15.2161000605421 17.2952667791924 17.9604137932433 17.0677867942502 20.7603672126799 20.4837715740947 18.0445262708457 18.4827136360445 18.1683288939207 16.3282416256571 8.0802870920042 4.91128436648814 4.11096139342627 6.6427976426111 8.92392203770683 8.96418994549786 8.31262401208873
9.84705599494632 7.4011936138769 5.62062865794143 3.99276537301486 1.48145632784103 2.28719912973727 4.37885393224762 6.28270420881237 11.7186338167685 18.9405274176538 18.8217076813901 32.3261552823451 19.8256681771869 41.6519448767472 17.8418829862587 6.82881330941496 5.83370966225692 7.27748338717878 5.23911934054709 7.27487950253818 15.4900251164952 31.0485888888209 25.1480309867831 8.27806525725175 10.6390685321922 9.20867087824568 6.41000349552397 6.34153401458487 8.99875350788326 19.5444577928064 15.5474730519323 16.1496039144173 24.101952128335 16.6186923057624 17.2594560316122 13.195937473247 23.1105256650572 18.0132108837424 20.1702135425249 12.5551826386677 6.14713215220968 3.2314831491566 4.12607900860435 8.35773096519132 9.04271967839614 9.87535055997897
