IBR/IBR_outputs/all.combrep_1/PersistForestCover_Total.Spinifex_Total.VRM_Total/PersistForestCover_Total.Spinifex_Total.VRM_Total.asc
NCOLS 160 
NROWS 95 
XLLCORNER 210004.651214014 
YLLCORNER 7350008.22228844 
CELLSIZE 4999.99999999997 
NODATA_value -9999 
[rows 42 to 62 of 95, columns 46 to 91 of 160]
5.62537083481041 10.1400164475589 13.3606604040181 15.1614393158277 8.97567303981448 8.54852487971347 11.4989275969408 14.7266338193163 10.37106452565 9.07295622059023 14.8578142782051 19.2717764099311 20.5913935269695 32.4766957030201 15.6810553152459 6.49131944468719 3.26716587217704 4.82722478865597 4.93920184963399 7.78766432312606 9.95336914071978 7.05036342119684 5.99537891896632 11.7953672729152 20.7984583766099 24.5131274476787 20.2220018922612 9.30980710092454 11.4131055987035 15.2971723355805 18.7853910881311 11.7113266374907 14.4750202320196 16.9665031800417 10.8880293621891 9.55677301186762 13.1773051534825 14.9538139532427 7.11120299779422 6.75764594031081 9.3045653263083 7.73674156781277 14.1262722202307 9.81310542952184 6.78631703161855 17.2095156986253
5.04933843235892 6.71302838352488 10.2072750881439 13.6584426780579 16.0106322748933 11.8393262663005 8.87823022852165 10.1489876959537 10.1148111872199 12.1844433064862 23.832779775295 26.5497777238984 20.7821614794301 12.3569060632561 22.5619491526605 22.3530274447323 19.044771435695 5.69740861170399 4.96850547013875 5.70148040152435 6.43444305845313 7.48813682531968 6.13479869772419 5.64303026485219 11.1187209634688 19.8070631333014 26.0699236511888 16.8597307242823 20.5005236358761 15.4993966079199 8.21677880386829 10.8947246152789 20.5872302682681 20.4473984129616 10.0241752502699 6.20213330459704 11.368397187441 24.1903463673651 24.9669760307749 12.6338493903489 10.3913202947739 15.3168508191984 12.5955195527286 9.98472271612399 8.86768046580309 11.6072639458508
15.4381796740839 15.6460893922055 17.3598925221145 11.3669679562428 9.0026614134039 8.66889102934784 7.90860038486926 9.16261966274672 13.8006433612046 22.6055256685158 17.2039445170228 11.7893357905987 8.47540760616727 4.54312327623008 24.7905630619343 28.8693054772081 24.3144117346454 21.9631251485797 7.84148956044325 6.70621453271452 5.53436966481698 8.80926146286162 5.45015338504193 3.991920372077 4.91651504989892 5.62710731282835 15.9565093172437 17.5020515466651 9.95283913660373 13.6177905287823 12.7244608365892 9.50384642992373 20.7816017127398 8.22240348025861 5.58999313500909 4.8722410695488 8.41506574120645 10.6936559437507 19.8081702437927 20.9598264151488 23.1224444695551 21.4066194504396 21.6925699533405 19.1394536686013 17.3051102512229 17.5709333402365
13.0921956089342 14.758085010076 15.2784932582408 10.8954943546385 9.16998447870006 10.7547931097667 14.6636752005195 13.4669431745905 13.9550358453827 11.4435480484457 25.0315060936979 26.8210704681113 10.5662695367177 3.6300800202001 7.35736355826659 12.2674310367743 29.7246743241319 27.0652893541702 25.9386318976273 11.3159973376245 7.54107597355188 7.40311015190049 8.31220592646835 4.75833287068442 4.66460074147482 3.86402209739043 3.19317436127916 6.93215008370149 5.1316162056576 7.04971751146681 12.028966453839 18.1211220036248 10.0445864122614 12.861571448459 8.08044751169087 6.98674368347913 5.60504733917786 5.23056606120815 18.3520347138244 7.84346313104193 11.1570362999962 16.1433593829393 23.7755297040476 22.474485101357 24.0642973261508 22.7681287275776
10.1551259346112 9.26352725350272 6.86918502486435 13.6927883948027 14.2136174607298 16.4482221212042 15.7010741712655 13.3983978985774 12.8481558168608 21.4314235346956 17.9261815109418 17.5340379988698 17.7628366820076 23.22427979306 6.99102271079557 2.69978526526273 7.60294968778027 18.1996354217701 26.2344053353938 26.6273851257382 17.0522484078426 13.1303819684773 12.5700500057915 8.1423291795778 7.93374611823208 6.07842922661689 10.3593425900645 10.3462100998845 9.59079240496425 5.6945933114167 8.01584695007072 13.9080209023751 19.5173837523266 15.1420242246789 16.7897656188638 13.227119967153 7.55585573761144 5.12461955227757 6.16112510132466 8.29414253359591 15.44604278614 21.5752768593644 23.3010345934288 25.7401871987952 19.3024145242029 16.8501687973391
13.0717365823604 13.7228541448395 20.0177130263346 15.7443433022193 10.5210082571329 17.6838976891714 11.5241689950734 23.8171647464494 27.6164299994125 12.0711908606432 10.4354113952745 5.74966973109647 11.3408045446348 18.8564915294118 17.0523676013851 29.2956437513364 5.62113878001006 4.37915022047726 5.68133297856191 7.93091397143221 4.87843433290154 3.49350694459123 4.08761204701375 9.67498335950897 8.67552069849503 6.38784475253801 24.7784874996795 27.0470443278788 26.8210178542983 21.5839423879289 12.5515246507041 9.97972943515895 8.61392746919276 10.3493223256336 18.9961065308431 23.2529798943285 14.762172534843 8.15167502491096 8.02801045574077 22.6744661186061 19.7743076429053 18.5722398643054 23.2263717692355 21.7499248411814 18.5015567204846 12.8641968995007
13.343703509122 22.7082872339625 23.3648670764366 15.3377821713038 5.87277573888653 8.96255000412005 18.1381628906056 30.1317989576318 17.2684320064695 15.2385994424955 14.417173691192 10.3063169508507 7.00224621279859 8.8217494685437 19.7922832427825 31.8997477751792 14.9028734208303 12.6136819073008 26.0557366604726 22.6729889682533 11.427171229518 3.14741887086936 2.51590467582943 5.47143294118795 7.09052568882774 10.5866211315656 18.4675527975828 24.7856233148386 25.1817545622082 28.3567260046246 26.8070399395667 27.6409950010057 17.7000043917695 14.0407188910398 16.9525863351565 26.8684823063886 15.5654212485266 10.1997341835631 13.5236728721194 22.2195125640036 12.413204051321 11.377178036147 26.1068244056986 25.6685223063086 20.0764282588375 16.1125250634621
25.4522563016169 21.8676535559626 20.2217893269545 12.6948435085815 12.7845738340715 18.0541956440759 25.2095066919637 25.8818655527782 6.65400088109539 5.42411484896848 4.689208242603 3.72004989520967 6.25998871231873 8.52702368966058 8.04156853957772 11.1510068248771 23.6322823659096 26.6787691490072 31.6378289350948 29.8135326980152 30.2179557298352 18.7718748043844 12.5163893013346 4.25408377778972 4.57608878849592 5.06568083145847 4.63870165719139 5.55849770863102 8.15063107660923 14.5643940087879 22.3649379937652 26.3204865093624 17.0495056241193 14.5899025126215 25.2843593947627 27.8494389256552 23.8438828128567 21.5319517342554 17.9011456746894 11.6200238061671 13.0926073378659 12.2584296070579 15.7556171918833 12.817523594537 13.784694853835 19.3472820742546
28.6673068055317 20.5533735070153 16.4466444721992 15.5018452493328 14.1065386085807 11.4899271430468 23.4561974401802 34.3868911330444 12.2095013002201 6.96036690386078 6.54517130028214 4.25704099328745 2.76149103281757 2.01595548565881 4.64432164961693 3.87359187163436 15.9149145558963 17.4233363184141 13.0450139479069 35.3102232308905 34.8170854008319 27.9563570229054 22.2462584440388 17.0840639498755 9.39791221940001 3.74391923693291 9.49238152113659 39.1079782474546 46.2263128518199 32.1987559258033 20.8936999597184 20.0945926145206 25.5148620066931 14.5857038104584 13.4082171095753 26.7100773721104 20.85533348319 12.9973581685655 11.9455128105348 9.62900154559632 19.1238380761358 20.3304899216353 23.1415704454579 16.8220123424943 7.92302353973123 23.3111222753925
21.7814951543489 20.3381080176902 16.9644913314659 17.7256964947935 15.3806040941478 7.43055955398027 13.5669915787622 19.5473614663836 18.4777896636963 12.580435766016 13.9839962224545 5.10097649142928 3.55655114218839 3.08173165032194 2.92833977587987 2.97209945559633 3.52268528003055 4.05374163341868 14.2704340819391 33.2063776441714 33.4385964738164 27.3617431643089 28.3154599892035 21.2464945755598 21.6789461236421 9.9575643798191 34.9617286057613 24.2344534967142 27.915435278755 25.6653223117412 33.7681837330097 21.9445705992723 26.7221231068156 28.2004730875477 11.9186039475721 12.184978744976 6.52021562272749 7.03786091853338 7.36672677552992 8.34896513692264 14.1181180444761 15.2839420273021 12.8241641279253 17.6409208515466 16.5766273653683 18.7458268409663
21.7520418528983 28.3837715550698 35.3742393463034 18.4650860696625 14.21127844684 10.2781901476052 6.89135255241541 11.1896332733157 20.6795870286644 19.8803152039454 14.6177309359209 13.1225959410892 8.32337913951686 5.0091263796026 4.10282157650509 3.31718526508828 3.27040054564801 5.06035066926256 11.6146849110351 13.4439484197289 21.0320154770234 29.9142777127422 14.3895716547209 18.8582629593725 8.84939641922897 8.04451057491162 13.2834206407552 13.5748914776315 15.3626295152967 27.0233660662503 36.3432477870917 20.4259750575048 19.840537958848 32.9217277306984 14.5686239680055 8.50061787071951 13.0890743978802 10.1054022316749 6.46365643502845 10.9511164901791 15.0321677918674 11.7480979269301 8.94329566808244 10.6108756146292 9.02511718623652 11.7499473154926
18.9924293666971 20.1853289593107 20.7408704157882 17.615227861699 15.7254944122804 11.5276228450744 9.72736383408744 12.8524160557288 19.0085187657499 13.9095840831615 15.3632186963692 8.41648188032846 5.09834901072676 6.58135365895181 3.99411294452188 8.01734468924842 11.074303605313 10.1657577562894 15.8225694171844 17.5841569001858 22.7179199404189 23.4169250532152 12.5064709776681 18.397641954454 17.0338911440975 14.8786110079923 11.375523863642 24.5825326749693 10.1788690405526 30.3397092250386 39.0825702226267 31.2992489218399 4.58812869546276 21.2067540663705 31.7471032213509 30.8372843980468 31.6307386611526 32.3648005179254 28.6522910996449 28.6060316429028 24.8673405531561 18.5272368316254 13.0459429470142 10.9587211768305 8.87504835267639 5.34330690738313
12.8228994411168 17.3318732817009 19.3400172906634 30.7946091173564 25.5555594912102 7.22322385080865 12.1436978650291 13.9852519444354 11.9391234329621 9.24161226374245 8.51987880552601 9.74100029030564 6.67667705586719 6.14353938425836 4.53641787255066 15.3762228175948 10.1951679234872 13.0237081757403 11.5564831150737 20.1715632612536 29.9838910347901 26.4327238843864 18.5583598625241 37.9062090802326 28.3965428808524 34.6981124846805 16.5804138867913 25.8675403948967 19.3544815805988 22.8678839620778 27.2982694476622 32.2304850432946 7.51427311614986 4.10794629800044 12.5250624744246 21.3331274214733 13.3762806934045 17.6754346352914 25.9898772233086 26.865661299696 31.6201071374008 28.7444325513498 29.7954028744495 30.9418983807776 20.1240368155789 15.0683008262752
20.7600101960792 13.1383610759964 11.1821615269663 13.3751170506244 11.2336145185122 12.6315110237882 16.2494902589041 9.47429872518442 8.49468737649897 8.67709359024633 5.45186049913127 5.84750000320917 9.41211040980432 23.5804279183536 19.0995343793267 30.5733372265652 17.168909063119 15.7723375874443 20.2605701907042 6.69656080108442 19.993629339445 22.4959407867098 11.6827299756995 26.236813481336 40.9435934770132 32.2348677831143 25.0329162432066 33.2029725338424 29.5570212148292 28.2251665592901 21.8927615755775 35.3056635452647 20.49041996446 6.34101111793781 4.75779822671683 6.21639951973621 7.80470728009284 4.94044256374334 7.57487484559115 16.7360963604838 18.5537720115679 30.899463682093 32.7730952883519 29.5138758300122 28.3759974023156 29.5388591673921
24.9540571733726 18.424537453479 11.2183427403719 7.48577740099252 8.19531907056339 7.51431095235067 26.9603519958436 19.5132970977296 9.29755795321515 21.6903760549052 25.5142808721768 20.4698755872535 17.1131273394764 16.8126159265691 30.8309339460965 27.4774094560248 26.4842867372298 10.6483478152137 20.5249688056509 16.4399823397214 22.1096169596064 29.8121151994578 18.9119759523556 31.0649617155846 37.8453068817099 20.7022604553133 17.2323872581183 32.1446818702469 33.9619467499883 29.2126776587057 27.6454535570852 29.1956468589558 32.8256596317876 27.7588619509282 33.8081526277103 39.4781595497225 37.7293235115498 50.0812420562859 30.9658836771664 16.9920676632188 9.38622681781253 20.8483500428683 24.6861360444108 27.9754571250587 28.4500985332784 27.7935730384113
16.4709105957377 18.9408151996365 13.7104335900269 12.1420158841962 11.2665595130344 15.7551769231331 27.4923786535768 14.5114417918675 11.5549374539484 12.7191935331242 21.8698711838387 17.5346175337911 19.5317027433546 10.9799377090536 6.39065130116695 7.28733204774996 21.2414297719005 23.1699984607777 27.6817343549488 34.9923415279909 37.3527094787667 37.3239921364657 28.1204147474427 35.0376988290461 25.9015696882668 17.0413787044939 13.9804377288336 27.4112074719955 27.8173919270142 23.1487006552225 26.5960554869869 26.8770866993473 31.3994654920611 37.1875154383704 32.5034666646734 42.9593464588723 43.5898361986853 45.5727531738378 52.132749000581 51.1071747787175 21.5031639680885 3.59328461711735 12.638238326955 12.4994708962248 14.8522637428504 26.7869338102622
20.7255371974996 17.9950061917736 15.4497638778539 10.1957730129595 12.6880898104538 17.5488188159385 18.0527898340173 23.4908306727465 27.127222035856 35.8736557198428 31.1891487130933 16.8815483072464 19.6238639963106 11.0380452587059 8.80207272798527 8.94921331357465 13.1601978844748 19.5202082019599 12.5631662844903 15.0511428028534 19.3058127717405 17.1904400370463 26.0961479202888 27.6875337571373 29.9120049399432 20.6576390224052 20.2621658958267 27.2799865540999 26.9516754030353 20.4412122898375 14.993540978049 26.8968797303745 16.7206028635852 38.9089238491637 38.8331350584356 29.4390786028978 28.8877566268265 22.1617317077828 28.8732105296486 52.4683560343318 45.1523317271074 44.5732549832287 27.1074355946714 10.5836071756251 4.09913965194891 15.6051987353735
16.7468241324579 15.751672325689 26.7197302385118 27.1797905811124 18.5049954051203 25.4965478080623 18.1625503090381 23.0068874067848 24.2325296591533 30.0368399439513 23.2758833564556 13.7168848595953 13.2663545389705 9.4793724715901 8.79253526330975 9.5215977515718 11.744632840473 11.9839786166936 9.90030215384088 22.093368887529 18.7870148843719 20.5052863592 24.4592844647056 15.3253528677842 18.5674162426255 23.7647802135801 25.5494249709168 26.9618803042338 26.8560297972979 26.7481965906425 12.7909436812261 22.4823191849106 37.1149794449309 33.402356871236 22.0515827477118 14.1340216256192 7.8225809382462 7.24962649239656 22.3022089301823 32.7933398853124 32.4000401645213 40.0048791132017 41.9294104474877 37.8037612096426 31.2563607218076 13.5872969796604
29.622192986852 32.380166778315 30.7025073217972 34.9129717025763 25.4684541447537 21.7943609021883 16.9200200396172 15.0817804487729 19.3216581079259 21.8461938213059 15.0422323452369 8.51590858460056 8.06446836176539 6.61952312904672 6.75274147445048 9.3680463231278 10.9749155567456 13.4054026580986 15.3167633411852 20.6689213936603 22.8885727226573 20.1137906655548 15.3648018238082 21.7454265617976 25.8936205215466 27.1434961015372 27.2462518277806 22.8201340947338 16.0153509179433 24.6710060917599 17.4744086319606 26.5641046433651 32.3115531472512 39.9369279833194 26.0929968153012 13.9322546085059 8.74699011342478 15.0153425935993 12.0469053563142 8.7408357890874 19.6884142781926 36.3168613407306 42.74685042376 29.421669434985 46.1147593276685 44.6936457738194
20.8591709920698 25.5712673454394 34.5513443737269 34.5409400783574 37.8652943513361 29.2889513322042 22.0514355092091 21.1160003927684 16.3232214629082 13.8841888428831 16.688486864764 13.1028543571983 8.90869898754594 8.50809940512202 7.36735466908222 11.2771548109934 10.0477252092243 25.246769373509 32.3001505013785 31.8651885472613 29.3941509997011 36.6247750422713 15.9745711367359 17.0838897722881 19.9152695724989 27.7958879031344 27.155955469441 26.6712114520947 18.9369220369695 25.8217785488019 16.8005403197845 22.4173837807289 26.043460128378 36.7272028291599 41.6966764217594 17.15031337378 18.1141539099749 14.7614699738053 25.7160251337869 21.2023313561208 11.957093884858 18.6776062052946 35.6965041099154 20.0634728802864 16.6596427226293 49.5364849510634
14.1764604524008 17.220705702037 18.0400963246252 30.7556820876392 31.6800673786865 31.5431012335999 18.9985704993865 24.8237869630063 22.6092556113629 22.0184279752889 24.2807595141696 21.2775918149101 8.6429474781925 8.85598840785207 11.0728033161102 11.9241929451611 18.4540526237835 34.4697129423433 36.8931094018746 23.0852074149664 37.725911529945 22.003773690129 15.0626605286088 9.66528727106019 13.7370196282166 25.7456078264635 26.5838702800841 21.4060561466425 13.9384297075019 8.99085298635565 12.5438587318365 15.7889862486247 21.6354729861584 22.2152926033992 30.3964778332124 16.966928481798 22.1964410708654 38.1696601006821 12.6022223138787 12.742310297118 11.5900668605148 23.1502554562648 22.8787668445848 26.9583663603774 36.5291580435083 42.5447227773752
