0.842174 0.00751268 0.150313
0.886307 9.9991E-05 0.113593
0.717429 9.9991E-05 0.282471
0.929057 0.0153773 0.0555656
0.910583 0.0253508 0.064066
0.959336 0.0405639 9.9991E-05
0.844923 0.0437001 0.111377
0.953629 9.9991E-05 0.0462712
0.694017 0.0562747 0.249708
0.73333 0.0462154 0.220454
0.62835 0.202785 0.168865
0.601571 0.0624718 0.335957
0.52974 0.34223 0.12803
0.645142 0.115658 0.2392
0.721328 0.0429857 0.235686
0.833893 0.0196497 0.146457
0.774604 9.9991E-05 0.225296
0.890964 9.9991E-05 0.108936
0.167962 0.195536 0.636502
0.193503 0.0300828 0.776414
0.255223 9.9991E-05 0.744677
0.050491 0.0572585 0.89225
9.9991E-05 0.0271954 0.972705
0.125082 0.0135885 0.86133
0.332096 9.9991E-05 0.667804
0.0210398 9.9991E-05 0.97886
9.9991E-05 0.0918501 0.90805
9.9991E-05 0.0576843 0.942216
9.9991E-05 0.00528982 0.99461
0.0626866 0.0834221 0.853891
9.9991E-05 0.040724 0.959176
0.0827076 0.0556828 0.86161
0.0719242 9.9991E-05 0.927976
0.665675 0.0334385 0.300886
0.7208 0.00222708 0.276973
0.79857 0.0444247 0.157005
0.84775 0.0110619 0.141188
0.605708 0.12582 0.268472
9.9991E-05 0.409919 0.589981
0.0679707 0.0696162 0.862413
0.68201 0.0967334 0.221256
0.826511 9.9991E-05 0.173389
0.475288 0.205417 0.319295
0.508935 0.319571 0.171495
0.638556 0.284384 0.0770591
9.9991E-05 0.432069 0.567831
0.554423 0.11461 0.330967
0.615462 0.195606 0.188933
0.411332 0.125708 0.46296
0.070536 0.892914 0.0365501
0.0606587 0.913764 0.0255777
0.0850367 0.855554 0.0594091
0.132219 0.851785 0.0159958
9.9991E-05 0.91151 0.0883903
9.9991E-05 0.915681 0.0842193
0.231658 0.768242 9.9991E-05
0.0638376 0.885693 0.050469
9.9991E-05 0.922644 0.0772557
0.13061 0.86929 9.9991E-05
0.241508 0.758392 9.9991E-05
9.9991E-05 0.917404 0.0824961
0.117308 0.773048 0.109645
0.330692 0.599982 0.069326
0.108898 0.0507698 0.840333
0.0608105 0.0287743 0.910415
0.0932188 9.9991E-05 0.906681
0.124252 0.821481 0.054267
0.260056 0.700735 0.039209
0.0478842 0.85819 0.093926
0.00424408 0.886007 0.109749
9.9991E-05 0.914607 0.0852932
0.675504 0.324396 9.9991E-05
0.596543 0.347274 0.0561834
0.615071 0.380617 0.0043119
0.608209 0.32453 0.0672606
0.498925 0.310042 0.191033
0.538199 0.360915 0.100887
0.539956 0.272732 0.187312
0.23715 0.76275 9.9991E-05
0.245886 0.617783 0.136331
0.084282 0.840251 0.0754671
9.9991E-05 0.89834 0.10156
0.191933 0.807967 9.9991E-05
0.133853 0.0436158 0.822531
0.43932 0.466757 0.0939233
0.566609 0.433291 9.9991E-05
9.9991E-05 0.438469 0.561431
0.784632 9.9991E-05 0.215268
0.820057 9.9991E-05 0.179843
0.697957 0.0533418 0.248701
0.490005 0.146982 0.363013
0.851296 0.0307826 0.117921
0.484213 0.434808 0.0809797
0.226583 0.0932004 0.680217
0.500702 0.480286 0.0190122
0.588803 0.148943 0.262254
0.757413 9.9991E-05 0.242487
0.894018 0.0232368 0.0827448
0.804235 0.0100228 0.185743
0.854488 0.113818 0.0316943
0.873673 0.0369637 0.0893635
0.887236 9.9991E-05 0.112664
0.494841 0.44329 0.0618694
0.398395 0.385299 0.216306
0.457651 0.456033 0.0863159
0.625934 0.0946487 0.279417
0.621209 0.236106 0.142684
0.488537 0.0449937 0.466469
0.150101 0.800238 0.0496607
0.10468 0.881709 0.0136112
0.427628 0.352229 0.220143
0.521309 0.348961 0.12973
0.374535 0.315422 0.310043
0.105146 0.0101974 0.884657
0.0199355 0.810745 0.16932
0.181725 0.798744 0.0195305
0.378046 0.621854 9.9991E-05
0.379432 0.0879946 0.532573
0.694268 0.00246945 0.303263
0.881527 0.0389184 0.0795548
0.925624 0.0742764 9.9991E-05
0.583756 9.9991E-05 0.416144
0.74856 0.0363766 0.215063
0.891131 9.9991E-05 0.108769
0.924043 0.0239377 0.0520196
0.602008 9.9991E-05 0.397892
0.880437 9.9991E-05 0.119463
0.745444 9.9991E-05 0.254456
0.912538 9.9991E-05 0.0873615
0.612745 0.113416 0.273839
0.828501 0.0595449 0.111954
0.668576 0.0614222 0.270002
0.876469 0.0113584 0.112172
0.0633964 0.0293686 0.907235
0.0540463 9.9991E-05 0.945854
0.0479908 9.9991E-05 0.951909
0.0712292 0.0810335 0.847737
0.101222 0.0205934 0.878185
0.884595 0.115305 9.9991E-05
0.77225 9.9991E-05 0.22765
9.999E-05 0.9998 9.999E-05
0.025427 0.911656 0.062917
0.048027 0.918152 0.0338214
0.189812 0.787816 0.0223715
0.0165706 0.983329 9.9991E-05
9.9991E-05 0.863687 0.136213
9.999E-05 0.9998 9.999E-05
9.9991E-05 0.896378 0.103522
0.00473912 0.908936 0.086325
9.9991E-05 0.89849 0.10141
0.0555648 0.93616 0.00827481
0.024619 0.850334 0.125047
0.0830806 0.846044 0.0708758
9.9991E-05 0.90542 0.09448
0.0945254 0.905375 9.9991E-05
0.0204188 0.979481 9.9991E-05
9.9991E-05 0.918037 0.0818631
0.581699 0.357011 0.0612904
0.712458 0.244214 0.0433287
0.0709421 0.928958 9.9991E-05
0.239037 0.75532 0.00564275
9.9991E-05 0.963013 0.0368866
0.621033 0.345295 0.0336718
0.995482 9.9991E-05 0.00441849
0.718468 9.9991E-05 0.281432
0.495709 0.0350164 0.469275
0.28864 0.0228903 0.688469
0.100543 0.00772232 0.891735
0.0258716 0.0194708 0.954658
0.17374 9.9991E-05 0.82616
0.125793 0.00732821 0.866879
0.0533097 0.112148 0.834542
0.0230524 0.0928688 0.884079
0.899942 0.0252547 0.074803
0.785848 0.0913305 0.122821
0.943517 0.0563833 9.9991E-05
0.961224 0.0386763 9.9991E-05
0.991508 0.00839179 9.9991E-05
0.872498 0.0918504 0.035652
0.735612 0.0277648 0.236623
0.729816 0.0802795 0.189905
0.854474 0.0521669 0.0933593
0.701368 0.0958044 0.202828
0.760772 0.0518385 0.18739
9.9991E-05 0.114595 0.885305
0.155264 0.844636 9.9991E-05
9.9991E-05 0.892009 0.107891
0.0465451 0.93506 0.0183948
0.200221 0.770741 0.0290376
0.0212342 0.883272 0.0954938
0.520191 0.14853 0.331279
0.70835 0.00694862 0.284701
0.734213 9.9991E-05 0.265687
0.654969 0.0188714 0.32616
