0.00494035 0.789566 0.205494
9.999E-05 0.911155 0.0887454
0.00787566 0.76087 0.231254
0.000665502 0.919777 0.0795577
0.000210328 0.933577 0.0662125
0.0345431 0.965357 9.9991E-05
0.0323306 0.900034 0.0676355
9.999E-05 0.943497 0.0564034
0.0597876 0.780625 0.159587
0.0503993 0.670046 0.279555
0.226179 0.604587 0.169234
0.0494985 0.639933 0.310569
0.347339 0.585931 0.0667306
0.0934565 0.612946 0.293598
0.0840191 0.636879 0.279102
9.9991E-05 0.859356 0.140544
9.9991E-05 0.729522 0.270378
9.9991E-05 0.891384 0.108516
0.184795 0.193593 0.621612
0.0220538 0.271772 0.706174
9.9991E-05 0.268713 0.731187
0.0764233 0.0760194 0.847557
0.0162375 9.9991E-05 0.983662
9.9991E-05 0.0632358 0.936664
9.9991E-05 0.208341 0.791559
9.9991E-05 0.0822171 0.917683
0.0283009 9.9991E-05 0.971599
0.050299 9.9991E-05 0.949601
9.999E-05 9.999E-05 0.9998
0.0729421 0.00796049 0.919097
0.0204934 0.0259597 0.953547
0.0148261 0.0205497 0.964624
0.0436524 0.0195541 0.936794
0.0693817 0.681302 0.249317
9.9991E-05 0.667365 0.332535
0.0493585 0.758185 0.192457
0.0667445 0.772729 0.160527
0.130825 0.643281 0.225894
0.378002 9.9991E-05 0.621898
0.0485976 0.116062 0.83534
0.0983063 0.730961 0.170732
9.9991E-05 0.796636 0.203264
0.183256 0.469412 0.347332
0.341022 0.516432 0.142546
0.307647 0.612775 0.0795781
0.405045 9.9991E-05 0.594855
0.0832562 0.648454 0.26829
0.204486 0.663227 0.132287
0.12029 0.470624 0.409086
0.884003 0.0760648 0.0399324
0.911318 0.0690661 0.0196157
0.898783 0.0628834 0.0383339
0.858942 0.111219 0.0298392
0.880566 9.9991E-05 0.119334
0.901443 0.0133139 0.085243
0.759465 0.240435 9.9991E-05
0.894257 0.0420451 0.0636983
0.91371 9.9991E-05 0.0861904
0.86728 0.126131 0.0065884
0.741934 0.250973 0.0070933
0.909097 9.9991E-05 0.0908033
0.799696 0.0873448 0.11296
0.55692 0.44298 9.9991E-05
0.0209501 0.136935 0.842115
0.0226055 0.0697163 0.907678
9.9991E-05 0.109443 0.890457
0.799111 0.1551 0.0457895
0.738986 0.249477 0.0115361
0.796487 0.0917521 0.111761
0.872847 0.00247447 0.124679
0.909922 0.0648612 0.0252169
0.318928 0.680972 9.9991E-05
0.332039 0.66009 0.00787089
0.356327 0.643573 9.9991E-05
0.332174 0.625211 0.042615
0.244217 0.573729 0.182054
0.353829 0.561113 0.085058
0.280788 0.642703 0.0765096
0.772874 0.227026 9.9991E-05
0.626661 0.290875 0.0824637
0.849939 0.0486726 0.101388
0.873217 9.9991E-05 0.126683
0.776536 0.223364 9.9991E-05
0.0751577 0.119929 0.804913
0.459245 0.434494 0.10626
0.399065 0.600835 9.9991E-05
0.415942 9.9991E-05 0.583958
9.9991E-05 0.804754 0.195146
9.9991E-05 0.789553 0.210347
0.0491749 0.69645 0.254375
0.159708 0.499016 0.341276
0.0418372 0.79695 0.161213
0.466404 0.533496 9.9991E-05
0.080375 0.254121 0.665504
0.427223 0.572677 9.9991E-05
0.179037 0.465195 0.355768
9.9991E-05 0.769939 0.229961
0.00932465 0.876795 0.113881
9.9991E-05 0.746151 0.253749
0.106203 0.814192 0.0796049
0.019642 0.93051 0.0498482
9.9991E-05 0.905727 0.0941729
0.447126 0.466868 0.0860055
0.348822 0.565373 0.0858052
0.459248 0.504749 0.0360031
0.134502 0.571756 0.293742
0.237327 0.578119 0.184553
0.0400587 0.480118 0.479823
0.837345 0.162556 9.9991E-05
0.833527 0.130869 0.0356037
0.383991 0.427069 0.18894
0.335827 0.497652 0.166521
0.310444 0.370687 0.318869
0.00397542 0.221107 0.774918
0.803886 0.0739217 0.122193
0.79349 0.20641 9.9991E-05
0.632692 0.367208 9.9991E-05
0.0831943 0.402159 0.514646
0.0196942 0.651755 0.328551
0.0584632 0.905194 0.036343
0.0603322 0.819315 0.120353
9.9991E-05 0.540985 0.458915
9.9991E-05 0.7613 0.2386
9.9991E-05 0.834077 0.165823
0.0536781 0.932602 0.0137199
9.9991E-05 0.5674 0.4325
0.00883142 0.836151 0.155018
9.9991E-05 0.805431 0.194469
0.0172378 0.844677 0.138085
0.13119 0.540187 0.328623
0.089111 0.824035 0.0868545
0.0840807 0.653181 0.262738
9.9991E-05 0.850449 0.149451
0.0304185 9.9991E-05 0.969481
9.9991E-05 0.00245437 0.997446
9.999E-05 9.999E-05 0.9998
0.0373201 0.090333 0.872347
0.0550457 0.0438473 0.901107
0.13374 0.86616 9.9991E-05
9.9991E-05 0.756861 0.243039
0.9998 9.999E-05 9.999E-05
0.911277 9.9991E-05 0.0886229
0.909953 0.0419931 0.0480539
0.779708 0.217897 0.00239484
0.954113 0.0457866 9.9991E-05
0.865989 0.0137034 0.120307
0.935617 0.0642834 9.9991E-05
0.902964 9.9991E-05 0.0969361
0.895875 9.9991E-05 0.104026
0.925498 9.9991E-05 0.0744016
0.922011 0.0778894 9.9991E-05
0.84131 0.0780678 0.0806226
0.830799 0.10071 0.0684906
0.940456 9.9991E-05 0.0594441
0.904583 0.0419437 0.0534734
0.985568 0.0143319 9.9991E-05
0.944685 9.9991E-05 0.055215
0.355685 0.597315 0.047
0.250188 0.749712 9.9991E-05
0.904857 0.0950428 9.9991E-05
0.765992 0.212425 0.0215832
0.946962 9.9991E-05 0.0529378
0.347292 0.652608 9.9991E-05
9.9991E-05 0.932518 0.0673824
9.9991E-05 0.749112 0.250788
0.0621976 0.444671 0.493132
9.9991E-05 0.325786 0.674114
0.0412902 0.108027 0.850683
0.0618437 0.0273074 0.910849
9.9991E-05 0.12857 0.87133
0.0123682 0.115908 0.871723
0.118534 0.0351756 0.846291
0.0808269 0.0413158 0.877857
9.9991E-05 0.834038 0.165862
0.0607436 0.80225 0.137007
0.0547435 0.945157 9.9991E-05
0.015439 0.984461 9.9991E-05
9.999E-05 0.9998 9.999E-05
0.110085 0.889815 9.9991E-05
0.0261201 0.726653 0.247227
0.104307 0.630775 0.264918
0.0511643 0.797349 0.151487
0.0790911 0.665067 0.255842
0.0634656 0.747909 0.188625
0.155912 0.000799914 0.843288
0.845191 0.154709 9.9991E-05
0.862131 9.9991E-05 0.137769
0.962954 0.00745622 0.0295901
0.754346 0.245554 9.9991E-05
0.83679 0.0600996 0.103111
0.147674 0.497007 0.355319
0.000216305 0.62788 0.371904
0.0037815 0.785341 0.210877
0.00170105 0.652873 0.345426
