9.9982E-05 9.9982E-05 0.113734 0.0544911 0.2865 0.545076
0.0351108 9.9991E-05 0.0496396 0.0207557 0.239588 0.654806
0.04501 9.9991E-05 0.130645 0.0122098 0.281316 0.530719
0.0070429 9.9991E-05 0.0101 0.0830801 0.276684 0.622993
0.0193142 0.0698865 9.9982E-05 9.9982E-05 0.0966085 0.813991
9.9973E-05 9.9973E-05 9.9973E-05 0.00810342 0.377905 0.613691
9.9973E-05 9.9973E-05 9.9973E-05 0.0726037 0.315684 0.611412
0.034571 9.9973E-05 9.9973E-05 0.165473 9.9973E-05 0.799656
0.00308053 0.0386421 0.0804166 9.9991E-05 0.312681 0.56508
0.0241201 9.9991E-05 0.118125 0.175122 0.34098 0.341552
0.0500194 0.0617213 0.0347527 0.527603 9.9991E-05 0.325804
0.0308299 9.9991E-05 0.261915 0.181468 0.2186 0.307088
0.0197243 9.9982E-05 0.0300506 0.858738 0.0912867 9.9982E-05
9.999E-05 0.0471752 0.174191 0.231131 0.139466 0.407937
0.0678973 0.0839687 0.104804 9.9991E-05 0.0472552 0.695975
9.9982E-05 9.9982E-05 0.0421551 0.124577 0.202821 0.630248
9.9982E-05 0.0518793 0.235531 0.0722796 9.9982E-05 0.64011
0.0328968 9.9991E-05 0.128149 0.0603473 0.0539442 0.724563
0.0650408 0.074135 0.444146 0.078456 0.325321 0.0129007
9.9973E-05 9.9973E-05 0.641165 0.201674 9.9973E-05 0.156861
0.021787 9.9982E-05 0.661742 9.9982E-05 0.160637 0.155634
0.0235906 0.0422575 0.787112 0.10856 0.0383801 9.9991E-05
0.0478287 9.9982E-05 0.828832 0.0720988 0.0510404 9.9982E-05
0.0434539 9.9982E-05 0.677503 9.9982E-05 0.233872 0.0449714
9.9973E-05 9.9973E-05 0.694725 0.196551 9.9973E-05 0.108425
0.0107065 9.9982E-05 0.847581 9.9982E-05 0.0548478 0.0866643
0.0378412 0.0877276 0.851047 0.00310563 0.0201784 9.9991E-05
0.0683459 0.0428339 0.768273 0.0299851 0.0904623 9.9991E-05
9.9973E-05 0.0243259 0.88838 9.9973E-05 9.9973E-05 0.0869938
9.9982E-05 0.0586104 0.733614 9.9982E-05 0.192515 0.01506
9.9982E-05 0.0793434 0.836361 0.0280537 9.9982E-05 0.0560416
0.0411763 0.0633381 0.739867 0.054742 9.9991E-05 0.100777
0.0886117 0.0189551 0.692556 0.148728 9.9991E-05 0.0510493
0.0632986 9.9991E-05 0.11613 0.256446 0.11779 0.446235
9.9982E-05 0.023775 0.224948 9.9982E-05 0.216581 0.534496
9.9991E-05 0.133644 0.176718 0.0656523 0.00841911 0.615466
0.033663 9.9991E-05 0.0381959 0.202685 0.215619 0.509737
0.0198601 0.0626204 0.132172 0.221866 0.11992 0.443562
0.9995 9.996E-05 9.996E-05 9.996E-05 9.996E-05 9.996E-05
0.0134519 9.9982E-05 0.697955 0.0888419 0.199551 9.9982E-05
0.00802371 0.0700864 0.0752023 9.9991E-05 0.250306 0.596281
9.9982E-05 9.9982E-05 0.153395 0.244989 0.0949943 0.506422
0.0247201 0.0323019 0.205051 0.127092 0.409386 0.201449
0.0473678 0.0698815 0.110773 0.758703 0.00963189 0.00364327
9.9973E-05 9.9973E-05 0.013248 0.809132 0.17732 9.9973E-05
0.9995 9.996E-05 9.996E-05 9.996E-05 9.996E-05 9.996E-05
0.0819463 9.9991E-05 0.198268 0.14958 0.218461 0.351645
9.9991E-05 0.044909 0.0524774 0.480582 0.187438 0.234494
0.0405565 0.0566333 0.350966 0.172444 0.0997642 0.279637
0.00971062 0.489813 9.9973E-05 9.9973E-05 0.500176 9.9973E-05
0.0187006 0.715484 9.9982E-05 0.194744 0.0708713 9.9982E-05
0.0031108 0.704751 9.9982E-05 9.9982E-05 0.159901 0.132037
0.0586282 0.645827 9.9991E-05 0.0558045 0.225336 0.0143047
0.0513898 0.770271 0.107104 9.9991E-05 0.0118345 0.0593004
9.9973E-05 0.809141 0.129032 9.9973E-05 9.9973E-05 0.0615277
0.00806953 0.697686 9.9982E-05 0.0058391 9.9982E-05 0.288205
0.0324718 0.706725 0.0215355 0.112876 0.0498589 0.0765329
0.0435895 0.705478 0.0398427 9.9982E-05 0.21089 9.9982E-05
0.0435005 0.683592 9.9991E-05 0.0354717 0.162239 0.0750972
9.99676E-05 0.428834 9.99676E-05 9.99676E-05 0.570766 9.99676E-05
0.00381052 0.613469 9.9973E-05 9.9973E-05 0.382421 9.9973E-05
9.9982E-05 0.58783 0.056697 0.193362 0.16191 9.9982E-05
0.0562781 0.20753 9.9982E-05 0.388668 0.347324 9.9982E-05
0.031619 0.0261285 0.643711 9.9991E-05 0.158219 0.140223
0.023949 9.9982E-05 0.680046 9.9982E-05 0.19398 0.101825
0.0148949 9.9982E-05 0.782356 9.9982E-05 0.0678322 0.134717
0.028606 0.61859 9.9991E-05 0.10653 0.140337 0.105837
0.0563926 0.380175 9.9982E-05 0.22041 0.342822 9.9982E-05
0.0145642 0.638944 0.0418285 0.220681 9.9991E-05 0.0838815
0.0337495 0.592341 9.9982E-05 0.171283 0.202427 9.9982E-05
0.036288 0.74534 9.9982E-05 9.9982E-05 0.148505 0.0696672
0.0100555 0.0769574 9.9991E-05 0.612197 0.152954 0.147736
9.9973E-05 0.00449015 9.9973E-05 0.629707 0.365503 9.9973E-05
9.9982E-05 0.03506 9.9982E-05 0.940828 0.0221616 0.0017504
0.00595639 9.9973E-05 9.9973E-05 0.977105 0.0166386 9.9973E-05
0.03492 9.9973E-05 0.107055 0.857725 9.9973E-05 9.9973E-05
0.0177567 9.9982E-05 0.0127982 0.94502 0.0242249 9.9982E-05
0.0270774 0.0128106 0.0770688 0.652521 0.181034 0.0494882
9.9973E-05 0.580656 9.9973E-05 0.300845 9.9973E-05 0.118199
0.0900033 0.27059 9.9982E-05 0.0270377 0.612169 9.9982E-05
0.00629107 0.601294 0.0252025 0.0475808 0.319531 9.9991E-05
0.0382601 0.659234 0.110046 0.0454453 0.146915 9.9991E-05
0.0479149 0.669209 9.9982E-05 0.0378846 9.9982E-05 0.244792
0.0287157 0.0557214 0.699148 0.168245 9.9991E-05 0.0480698
9.9982E-05 0.272992 0.191215 0.483704 9.9982E-05 0.0518895
9.9982E-05 0.0965648 9.9982E-05 0.731899 0.161429 0.00990753
0.9995 9.996E-05 9.996E-05 9.996E-05 9.996E-05 9.996E-05
9.9973E-05 9.9973E-05 0.123919 9.9973E-05 0.307668 0.568114
0.00564017 9.9973E-05 9.9973E-05 9.9973E-05 0.46221 0.53185
0.040114 9.9991E-05 0.125965 0.245066 0.153989 0.434766
0.039531 0.0720681 0.263209 0.155767 0.0992733 0.370152
9.9982E-05 9.9982E-05 0.0356421 0.115836 0.215815 0.632506
9.9982E-05 0.169683 0.0928582 0.730741 0.00651854 9.9982E-05
0.0113417 9.9982E-05 0.372119 9.9982E-05 0.545074 0.071265
0.0823259 0.14561 9.9991E-05 0.521452 0.189149 0.0613628
0.0515223 0.0383138 0.297291 0.334209 0.0695685 0.209096
0.00751964 0.0540925 0.158268 0.0637356 9.9991E-05 0.716285
9.9982E-05 9.9982E-05 0.0228184 0.115502 0.244671 0.616809
9.9973E-05 9.9973E-05 0.122477 0.383358 9.9973E-05 0.493865
0.0127541 0.0131392 0.000394681 0.230078 0.187306 0.556328
0.00162157 9.9991E-05 0.0366421 0.161243 0.288017 0.512376
0.00549308 9.9982E-05 0.0537877 0.40161 9.9982E-05 0.538909
0.00248673 0.121198 9.9991E-05 0.529409 0.318748 0.028058
0.0986721 0.100388 0.0222709 0.477777 0.212773 0.0881185
0.0993948 0.179031 9.9991E-05 0.634252 0.0205191 0.0667031
9.9982E-05 9.9982E-05 0.18416 0.459613 0.258601 0.0974258
9.9991E-05 0.0832291 0.131511 0.51861 0.0621012 0.204449
9.9982E-05 0.0665311 0.459534 0.0904545 9.9982E-05 0.383281
0.0223942 0.714221 0.0530734 9.9982E-05 9.9982E-05 0.210111
0.0181825 0.64101 0.0727703 0.220986 9.9991E-05 0.0469504
9.99639E-05 9.99639E-05 9.99639E-05 0.00192696 0.997673 9.99639E-05
0.0120051 0.0291856 0.0382203 0.0670551 0.853434 9.9991E-05
0.0214359 9.9964E-05 9.9964E-05 9.9964E-05 0.978164 9.9964E-05
9.9973E-05 9.9973E-05 0.585171 0.134391 0.280139 9.9973E-05
0.0446187 0.571976 0.064098 0.319107 9.9982E-05 9.9982E-05
9.9973E-05 0.545613 9.9973E-05 0.085191 0.368896 9.9973E-05
9.9982E-05 0.422249 9.9982E-05 0.425306 0.0757809 0.0764644
0.0325873 0.0116701 0.415592 9.9991E-05 0.252195 0.287856
0.00834151 0.0993002 0.211261 9.9991E-05 0.0531329 0.627865
0.00516881 0.0565693 9.9991E-05 0.183902 0.0857569 0.668503
9.9973E-05 0.0695852 9.9973E-05 9.9973E-05 0.270854 0.659261
9.9973E-05 9.9973E-05 0.265147 9.9973E-05 0.333257 0.401296
9.9973E-05 9.9973E-05 0.0709846 9.9973E-05 0.383419 0.545296
0.00283528 0.0568214 0.074451 0.10861 9.9991E-05 0.757182
0.00983957 0.087119 9.9991E-05 0.0226646 0.0740417 0.806235
9.9982E-05 9.9982E-05 0.338695 0.0262365 0.27659 0.358279
0.000836767 9.9982E-05 0.180566 0.185489 9.9982E-05 0.632908
0.032951 9.9991E-05 0.187206 0.218086 0.00761245 0.554044
9.9973E-05 9.9973E-05 0.123044 0.199026 9.9973E-05 0.677631
9.9991E-05 0.0810541 0.2495 0.130872 0.142222 0.396252
0.0318171 0.0646278 0.0329357 0.141923 0.081973 0.646723
0.00364235 9.9991E-05 0.199671 0.253663 0.15253 0.390393
9.9982E-05 0.0295529 9.9982E-05 0.0148094 0.245271 0.710167
9.9973E-05 0.0149581 0.791592 0.19315 9.9973E-05 9.9973E-05
9.9973E-05 9.9973E-05 0.830218 0.0850404 9.9973E-05 0.0844413
0.0511694 9.9973E-05 0.899138 9.9973E-05 9.9973E-05 0.0493924
9.9982E-05 0.0211802 0.625216 9.9982E-05 0.300626 0.0527786
0.0156667 0.0100313 0.694398 9.9982E-05 0.279704 9.9982E-05
0.000929907 0.0544366 9.9991E-05 0.0669631 0.373928 0.503642
0.0392722 9.9991E-05 0.0743856 0.0463849 0.304778 0.535079
9.9964E-05 0.758789 9.9964E-05 9.9964E-05 0.240811 9.9964E-05
0.0285264 0.690974 0.0299519 0.166855 9.9991E-05 0.0835928
0.00677722 0.815046 0.0619506 0.0203012 0.0158951 0.0800294
9.9982E-05 0.60441 0.0818599 0.21689 9.9982E-05 0.0966394
0.0238808 0.792216 9.9991E-05 0.0167606 0.0838201 0.0832227
0.00975284 0.736034 0.170432 0.0835813 9.9982E-05 9.9982E-05
0.0336493 0.786773 9.9991E-05 0.0845124 0.047674 0.0472912
9.9964E-05 0.654163 9.9964E-05 9.9964E-05 0.345437 9.9964E-05
9.9964E-05 0.708257 9.9964E-05 9.9964E-05 0.291343 9.9964E-05
0.00895384 0.769028 0.0502727 0.139986 9.9991E-05 0.0316598
0.0492202 0.770568 9.9982E-05 0.0876214 9.9982E-05 0.0923906
0.0324083 0.721878 0.109348 0.0161641 0.0108377 0.109364
0.0137967 0.729294 0.0368342 0.0519453 9.9991E-05 0.16803
0.0184266 0.794839 0.0443778 9.9991E-05 0.139447 0.0028102
0.0196256 0.741036 9.9991E-05 0.126964 0.00895067 0.103324
0.0175859 0.841571 9.9973E-05 9.9973E-05 9.9973E-05 0.140544
0.00648709 0.791232 0.0472061 0.0290521 9.9991E-05 0.125922
9.9991E-05 0.109365 0.0189212 0.695053 0.151304 0.0252568
9.9973E-05 9.9973E-05 0.0223129 0.834366 9.9973E-05 0.143022
9.9973E-05 0.790498 9.9973E-05 0.126332 9.9973E-05 0.0828709
0.0327001 0.659479 9.9991E-05 0.0381834 0.018512 0.251025
9.9964E-05 0.596493 9.9964E-05 9.9964E-05 0.403107 9.9964E-05
9.9982E-05 0.0575614 9.9982E-05 0.50021 0.368054 0.073974
0.0420433 9.9982E-05 9.9982E-05 0.0217785 0.186221 0.749757
0.00668718 9.9982E-05 0.0910674 9.9982E-05 0.459238 0.442808
9.9973E-05 9.9973E-05 0.346901 9.9973E-05 0.458812 0.193988
0.00652514 9.9982E-05 0.585045 0.19743 9.9982E-05 0.2108
0.00126172 9.9982E-05 0.693708 0.298422 9.9982E-05 0.00640758
9.9973E-05 0.0391351 0.751646 9.9973E-05 0.208919 9.9973E-05
9.9982E-05 9.9982E-05 0.696128 0.0600939 0.193833 0.0497452
9.9991E-05 0.025586 0.739518 0.152863 0.0163553 0.0655781
0.02441 0.0405209 0.657807 0.277062 9.9982E-05 9.9982E-05
0.0739672 0.0868734 0.730386 0.0146354 0.00576522 0.0883731
0.0173032 0.00304859 0.0584529 9.9991E-05 0.282653 0.638443
0.0514009 9.9973E-05 9.9973E-05 9.9973E-05 0.499198 0.449101
0.0674077 0.0288786 9.9991E-05 0.162398 0.109808 0.631408
9.9973E-05 0.00786989 9.9973E-05 0.273041 9.9973E-05 0.718789
0.0142686 9.9982E-05 9.9982E-05 0.236224 0.0654511 0.683857
9.9973E-05 0.0246515 9.9973E-05 0.409588 9.9973E-05 0.56546
0.00841895 9.9991E-05 0.190993 0.118684 0.231174 0.45063
9.9973E-05 9.9973E-05 0.0721498 9.9973E-05 0.54576 0.381791
0.0404029 9.9991E-05 0.00325686 0.139368 0.268248 0.548624
0.00784414 0.0565421 0.146455 0.220303 9.9991E-05 0.568755
0.0182174 0.0797472 0.113319 0.156327 0.00199616 0.630393
0.111697 0.0270547 0.617448 0.0972224 0.146478 9.9991E-05
0.00876658 0.65032 0.0223867 0.272005 9.9991E-05 0.046422
0.0447267 0.724694 0.151751 0.0786277 9.9982E-05 9.9982E-05
9.9973E-05 0.758409 0.0768169 0.164474 9.9973E-05 9.9973E-05
0.00640122 0.675462 0.0403817 0.0988601 9.9991E-05 0.178795
0.052915 0.741913 0.135889 0.0442434 9.9991E-05 0.0249396
0.0408662 0.091982 0.2362 0.131727 0.140452 0.358773
0.0258126 9.9991E-05 0.227115 0.212643 0.0776996 0.456629
0.0387612 0.0494967 0.119334 0.0971051 9.9991E-05 0.695203
0.0520481 9.9982E-05 0.222482 0.262987 9.9982E-05 0.462283
