0.0101814 0.795161 0.145489 9.9991E-05 0.049069
0.0463014 0.788717 0.0667369 9.9991E-05 0.0981446
0.0245569 0.573977 0.237992 9.9991E-05 0.163374
0.025713 0.800532 0.0200083 0.0209219 0.132825
0.00248799 0.884584 9.9982E-05 0.112729 9.9982E-05
9.999E-05 0.891915 0.00641698 0.0624529 0.0391148
9.9991E-05 0.707052 0.0990174 0.0034545 0.190376
0.0514878 0.83723 9.9982E-05 9.9982E-05 0.111082
0.0282542 0.694425 0.162003 0.115219 9.9991E-05
0.0282238 0.498191 0.218017 0.0198057 0.235763
0.0568943 0.341796 0.0601715 0.0645065 0.476632
0.0496064 0.430811 0.266856 0.02516 0.227567
0.0481144 0.141739 0.0605722 0.0492684 0.700306
9.999E-05 0.513624 0.178 0.0558062 0.25247
0.0213384 0.703016 0.162577 0.112968 9.9991E-05
0.0266508 0.797224 0.0417558 0.0100723 0.124297
9.999E-05 0.71743 0.181629 0.0478374 0.0530037
0.0253329 0.974367 9.9973E-05 9.9973E-05 9.9973E-05
0.0482762 0.222415 0.478401 0.12885 0.122058
9.9982E-05 0.222828 0.631726 9.9982E-05 0.145246
0.0217912 0.292185 0.653697 0.0322271 9.9991E-05
0.0055553 0.0198247 0.810549 0.0075294 0.156541
0.0548547 9.9982E-05 0.911835 9.9982E-05 0.0331108
0.043973 0.140985 0.771314 0.0436288 9.9991E-05
9.9991E-05 0.241523 0.712661 0.0117103 0.0340059
0.000977156 0.0619962 0.936827 9.9982E-05 9.9982E-05
0.0362188 9.9982E-05 0.888106 0.0754752 9.9982E-05
0.0143644 9.9982E-05 0.867911 0.117524 9.9982E-05
9.9982E-05 0.0484169 0.905412 0.0459709 9.9982E-05
9.9982E-05 0.0497769 0.854207 0.0958156 9.9982E-05
9.9973E-05 9.9973E-05 0.96221 0.0374901 9.9973E-05
0.0198123 0.0833325 0.860773 0.0359818 9.9991E-05
0.0804346 0.0479786 0.818074 0.00743713 0.0460753
0.0684798 0.546423 0.169409 9.9991E-05 0.215589
0.00613605 0.644402 0.252148 0.0449085 0.0524056
9.9991E-05 0.754379 0.0895183 0.0875401 0.0684627
0.0308203 0.685695 0.0720661 9.9991E-05 0.211318
0.0172537 0.567283 0.11178 0.100534 0.203149
0.9996 9.997E-05 9.997E-05 9.997E-05 9.997E-05
0.022648 9.9982E-05 0.751843 9.9982E-05 0.225309
9.9982E-05 0.698205 0.172125 0.12947 9.9982E-05
0.00249253 0.713948 0.0950619 9.9991E-05 0.188397
0.0223055 0.309538 0.28564 0.0984151 0.284102
0.0633787 0.163356 0.0592415 0.0841286 0.629895
0.0205848 9.9982E-05 0.0661115 9.9982E-05 0.913104
0.9996 9.997E-05 9.997E-05 9.997E-05 9.997E-05
0.066343 0.440739 0.19735 9.9991E-05 0.295468
9.9991E-05 0.328148 0.153076 0.0985323 0.420144
0.0319088 0.422937 0.353644 0.0884991 0.10301
0.0375891 0.013556 0.0442851 0.687555 0.217014
0.0202028 9.9982E-05 9.9982E-05 0.754796 0.224801
9.9982E-05 0.188338 9.9982E-05 0.76166 0.0498024
0.0415186 0.0487302 9.9991E-05 0.683313 0.226338
0.0580525 0.0973246 0.0421085 0.802414 9.9991E-05
9.9982E-05 0.059772 0.107092 0.832936 9.9982E-05
9.9982E-05 0.235084 9.9982E-05 0.700615 0.0641003
0.0140662 0.0725131 0.0764079 0.773006 0.0640072
0.0162 9.9991E-05 0.139024 0.809867 0.0348099
0.0547547 0.0819062 9.9991E-05 0.712062 0.151177
0.0465889 0.124331 9.9991E-05 0.542758 0.286223
9.9982E-05 9.9982E-05 0.0912952 0.795096 0.113409
9.9991E-05 0.0314056 0.0832194 0.640909 0.244366
0.0715566 9.9982E-05 9.9982E-05 0.231645 0.696598
0.0430118 0.108052 0.796334 0.0525019 9.9991E-05
0.019637 0.171913 0.80825 9.9982E-05 9.9982E-05
0.0285525 0.116511 0.850819 9.9991E-05 0.00401745
0.0142035 0.0967257 0.0100576 0.649838 0.229175
0.0457998 0.00605582 9.9991E-05 0.445644 0.502401
0.0192191 0.0745843 0.0838257 0.657882 0.164489
0.039239 9.9982E-05 9.9982E-05 0.630716 0.329845
0.0691684 0.0677324 0.0321033 0.78364 0.0473557
0.0220007 0.256595 9.9991E-05 0.123166 0.598138
9.9991E-05 0.152138 0.0416386 0.0376998 0.768423
0.00951679 0.142396 9.9991E-05 0.107013 0.740974
0.0256276 9.9982E-05 0.00297966 9.9982E-05 0.971193
0.0348137 0.0269588 0.175449 9.9991E-05 0.762678
0.0410021 9.9973E-05 9.9973E-05 9.9973E-05 0.958698
0.0283207 0.107885 0.0706096 9.9991E-05 0.793085
9.9982E-05 0.113088 9.9982E-05 0.619627 0.267084
0.116548 0.125842 0.0488696 0.374341 0.3344
0.0184807 9.9991E-05 0.0598031 0.68086 0.240757
0.0804577 9.9991E-05 0.0644653 0.705686 0.149291
0.0472893 0.235762 9.9991E-05 0.697653 0.0191958
0.021673 0.105567 0.697649 0.00570385 0.169407
9.9991E-05 0.0100876 0.181481 0.203356 0.604976
9.9982E-05 0.0139234 9.9982E-05 0.0635777 0.922299
0.9996 9.997E-05 9.997E-05 9.997E-05 9.997E-05
9.9982E-05 0.665775 0.195833 9.9982E-05 0.138192
0.0417534 0.737904 0.1744 9.9991E-05 0.045843
0.0429537 0.632786 0.0995891 0.0140765 0.210595
0.0583035 0.412446 0.250192 0.0650046 0.214053
9.9991E-05 0.862467 0.0669434 0.0655568 0.00493302
9.9982E-05 9.9982E-05 0.054278 0.0638801 0.881642
0.0448151 0.20259 0.547508 0.000821531 0.204266
0.0754622 0.086358 9.9991E-05 0.139711 0.698369
0.0331484 0.284325 0.252512 0.0379561 0.392058
0.00355795 0.841306 0.150834 0.00420152 9.9991E-05
9.9982E-05 0.642375 0.0659235 9.9982E-05 0.291501
9.9982E-05 0.566056 0.126776 9.9982E-05 0.306968
0.0169635 0.646204 0.0136848 0.0619513 0.261196
0.0342455 0.533767 0.0197171 9.9991E-05 0.41217
0.0098357 0.708 0.0656093 9.9991E-05 0.216455
0.0152175 0.0322144 0.0534352 0.189669 0.709464
0.0954031 0.113497 0.0937451 0.104906 0.592448
0.0655148 0.0681069 9.9991E-05 0.12963 0.736648
9.9982E-05 0.202811 0.237625 9.9982E-05 0.559364
9.9991E-05 0.327321 0.110508 0.113414 0.448657
9.9982E-05 0.53094 0.413653 0.0552066 9.9982E-05
0.0127338 0.21084 0.0277081 0.748618 9.9991E-05
0.0405784 0.0145182 0.0513352 0.677746 0.215823
9.9991E-05 0.0497614 0.148797 0.115847 0.685495
0.00856531 0.212369 0.103259 0.138422 0.537385
0.0513943 0.0450947 0.268922 0.100176 0.534413
9.9973E-05 9.9973E-05 0.710189 9.9973E-05 0.289511
0.0493885 9.9991E-05 0.049105 0.517335 0.384071
9.9982E-05 0.108855 9.9982E-05 0.659671 0.231274
9.9982E-05 0.103312 9.9982E-05 0.388634 0.507854
0.0490549 0.449027 0.443167 0.0586512 9.9991E-05
0.00540414 0.624244 0.303299 0.0669527 9.9991E-05
0.0115595 0.714484 0.0637525 0.0558676 0.154337
0.00814064 0.711286 0.138487 0.111537 0.0305493
9.9982E-05 0.625878 0.359533 0.0143892 9.9982E-05
0.00945888 0.757447 0.170569 9.9991E-05 0.0624252
9.9991E-05 0.755522 0.110199 0.0454907 0.0886874
0.0242554 0.881794 9.9982E-05 0.0937502 9.9982E-05
9.9991E-05 0.477857 0.401248 0.00528801 0.115507
9.9991E-05 0.789663 0.135042 0.00488264 0.0703124
0.0290262 0.706022 0.153024 9.9991E-05 0.111827
0.0287297 0.800285 0.0415849 0.0210176 0.108383
0.00747596 0.553646 0.246162 0.0964799 0.0962359
0.0612757 0.79281 0.0455852 0.100229 9.9991E-05
0.00806707 0.519247 0.264942 9.9991E-05 0.207644
9.9991E-05 0.801839 0.073117 0.0446615 0.0802824
9.9973E-05 9.9973E-05 0.849814 9.9973E-05 0.149886
9.9973E-05 9.9973E-05 0.917002 9.9973E-05 0.0826983
0.0262044 0.0578059 0.91579 9.9982E-05 9.9982E-05
0.00721081 0.122274 0.803275 0.051429 0.015811
0.0132121 9.9991E-05 0.881898 0.0613751 0.043415
0.00512135 0.655087 9.9991E-05 0.0697396 0.269952
0.0230898 0.602751 0.150006 9.9991E-05 0.224054
9.9973E-05 9.9973E-05 9.9973E-05 0.82967 0.17003
0.0264475 0.0178641 0.0473922 0.730198 0.178098
0.0184826 0.13589 0.0257201 0.802712 0.0171952
9.9991E-05 0.0523471 0.00436046 0.568042 0.37515
0.0420773 0.0585072 9.9991E-05 0.789191 0.110124
9.9982E-05 9.9982E-05 0.134848 0.789635 0.0753169
0.035481 9.9982E-05 9.9982E-05 0.865425 0.0988942
9.9982E-05 9.9982E-05 0.113683 0.790181 0.0959363
9.9982E-05 9.9982E-05 0.0597117 0.758286 0.181802
9.9982E-05 9.9982E-05 0.136907 0.775202 0.0876911
0.0571922 0.0669151 9.9991E-05 0.719306 0.156487
0.0461706 0.121164 0.052443 0.748984 0.0312379
9.9991E-05 0.195003 0.0230568 0.781397 0.000443126
0.00885999 0.0246216 0.0951931 0.836712 0.0346133
0.00348889 9.9991E-05 0.0319236 0.736513 0.227975
0.0306486 0.131675 9.9982E-05 0.837476 9.9982E-05
0.0138663 0.0498565 0.0490104 0.811741 0.0755253
9.9991E-05 0.0927365 0.0458011 0.0809525 0.78041
9.9973E-05 0.116918 9.9973E-05 9.9973E-05 0.882782
9.9982E-05 0.0616076 9.9982E-05 0.80102 0.137173
0.0219864 0.222492 9.9991E-05 0.627381 0.128041
9.9982E-05 9.9982E-05 0.0165059 0.771215 0.212079
9.9982E-05 0.216826 9.9982E-05 0.0830447 0.699929
0.0177203 0.881707 0.036981 9.9991E-05 0.0634911
0.0407541 0.754894 0.191976 0.0122751 9.9991E-05
9.9982E-05 0.332401 0.388786 9.9982E-05 0.278613
0.000288439 0.236614 0.636572 0.0131263 0.113399
0.0034538 0.0327007 0.748521 9.9991E-05 0.215224
9.9991E-05 0.098587 0.808936 0.022867 0.0695097
0.00183926 0.211057 0.6846 9.9991E-05 0.102403
0.0409112 0.116566 0.709779 0.0209802 0.111764
0.0424712 0.0493294 0.69418 0.0389438 0.175075
0.0516654 0.125749 0.747378 0.0254868 0.0497202
0.0149585 0.733931 0.0810993 9.9991E-05 0.169912
0.0680341 0.716314 9.9991E-05 0.0277492 0.187803
0.0357137 0.671353 9.9982E-05 9.9982E-05 0.292733
9.99731E-05 0.712723 9.99731E-05 9.99731E-05 0.286977
0.0137567 0.763001 9.9982E-05 9.9982E-05 0.223042
0.00199504 0.562562 0.0244588 9.9991E-05 0.410884
0.022843 0.597185 0.189603 0.0156504 0.174718
0.0294238 0.637433 0.175063 0.0904358 0.0676451
0.0365206 0.741224 0.0923522 0.0868529 0.0430501
0.00203981 0.709933 0.159762 0.103801 0.0244642
0.028145 0.727626 0.167951 0.0761782 9.9991E-05
0.150256 0.104042 0.646106 0.0525025 0.0470938
0.0207899 0.033136 0.0708093 0.698386 0.176878
0.0544531 9.9991E-05 0.119728 0.705892 0.119828
0.0140453 0.0381206 0.0490889 0.806125 0.0926202
0.0114637 0.133938 9.9991E-05 0.643229 0.21127
0.0114426 0.128158 0.075323 0.761988 0.0230891
0.0409434 0.482841 0.259344 0.139364 0.0775073
0.0266103 0.577352 0.278107 9.9991E-05 0.117831
0.0741023 0.770864 0.134706 0.0202282 9.9991E-05
0.0375989 0.498101 0.211498 9.9991E-05 0.252702
