0.0052102 0.177334 0.633018 0.137491 9.9991E-05 0.0468462
0.0324617 0.13224 0.771195 0.0216944 9.9991E-05 0.0423088
0.0178217 0.104241 0.66581 0.0922595 9.9991E-05 0.119769
9.9982E-05 0.473798 0.408022 0.114252 9.9982E-05 0.00372725
9.9982E-05 0.394691 0.555993 9.9982E-05 0.047894 0.00122113
9.9982E-05 0.385121 0.569316 0.0420821 0.00328045 9.9982E-05
9.999E-05 0.541515 0.279848 0.0667595 0.0167599 0.0950177
0.0392318 0.569728 0.356502 0.0343376 9.9982E-05 9.9982E-05
0.0182453 0.108244 0.736391 9.9991E-05 0.080047 0.0569731
0.0238576 0.364075 0.235794 0.21429 9.9991E-05 0.161883
0.0635598 0.156668 0.361329 0.384111 0.0237496 0.0105824
0.0122577 0.161491 0.42487 0.197266 9.9991E-05 0.204016
0.0367407 9.9982E-05 0.18394 0.774599 0.00452025 9.9982E-05
0.0229682 0.146473 0.490767 0.14509 0.0515244 0.143178
0.0348617 0.443431 0.297612 9.9991E-05 0.0713478 0.152648
0.0173637 0.488495 0.314169 0.0897223 9.9991E-05 0.0901501
9.9982E-05 0.461747 0.321494 0.0454907 9.9982E-05 0.171069
0.0233231 0.261407 0.681236 9.9982E-05 9.9982E-05 0.033834
0.0581099 0.028632 0.229722 0.0991999 0.127831 0.456506
9.9973E-05 9.9973E-05 0.25161 0.133637 9.9973E-05 0.614453
0.00537308 0.257728 0.0813942 0.0466186 9.9991E-05 0.608786
9.9973E-05 9.9973E-05 0.0836781 0.158619 9.9973E-05 0.757403
0.044349 0.0336722 9.9982E-05 0.0903615 9.9982E-05 0.831417
0.0505547 9.9982E-05 0.281445 9.9982E-05 0.0315619 0.636238
9.9982E-05 0.277035 0.00805966 0.0797576 9.9982E-05 0.634948
0.00304572 0.0274165 0.12279 9.9982E-05 9.9982E-05 0.846548
0.0393021 0.0776839 9.9982E-05 9.9982E-05 0.0589224 0.823892
0.046418 0.0147461 0.0384409 0.0591526 0.05682 0.784422
9.9973E-05 9.9973E-05 0.157699 9.9973E-05 0.0374662 0.804535
9.9973E-05 0.193172 9.9973E-05 9.9973E-05 0.0398655 0.766663
0.0160788 9.9982E-05 0.0924036 9.9982E-05 0.0416905 0.849627
0.0229391 0.173258 0.0064159 9.9991E-05 0.042962 0.754325
0.0467805 0.189018 9.9973E-05 9.9973E-05 9.9973E-05 0.763901
0.0782299 0.198994 0.373085 0.20738 9.9991E-05 0.14221
9.9982E-05 0.344835 0.461424 9.9982E-05 0.00945768 0.184084
9.9973E-05 0.917533 9.9973E-05 9.9973E-05 0.0128585 0.0693083
0.0317641 0.791348 0.0142097 0.101674 9.9991E-05 0.0609041
0.026545 0.34004 0.301828 0.150138 0.0694535 0.111996
0.9995 9.996E-05 9.996E-05 9.996E-05 9.996E-05 9.996E-05
0.0144995 0.0344897 9.9991E-05 0.193011 0.0155985 0.742301
9.9982E-05 0.301758 0.47093 9.9982E-05 0.102356 0.124757
9.9982E-05 0.139484 0.619591 0.143481 9.9982E-05 0.0972434
9.9982E-05 9.9982E-05 0.401407 0.356241 0.0478621 0.19429
0.0435365 9.9991E-05 0.208451 0.540403 0.0934692 0.114041
9.9964E-05 0.174004 9.9964E-05 0.825596 9.9964E-05 9.9964E-05
0.9995 9.996E-05 9.996E-05 9.996E-05 9.996E-05 9.996E-05
0.0548073 0.407288 0.142286 0.267565 9.9991E-05 0.127953
9.9991E-05 0.352402 0.108123 0.336343 0.0911031 0.111929
0.0388523 0.0648643 0.389489 0.111365 0.0976458 0.297783
0.0540693 0.00745092 0.0505903 0.185903 0.686194 0.0157928
0.0377356 0.0552281 0.00625594 0.0862654 0.786856 0.0276588
0.0026253 0.0933536 0.0581661 9.9991E-05 0.788814 0.0569407
0.0448604 0.140276 9.9982E-05 0.109597 0.705066 9.9982E-05
0.0741528 0.0891657 9.9982E-05 9.9982E-05 0.81328 0.023201
9.9973E-05 0.153905 9.9973E-05 9.9973E-05 0.806888 0.0389076
9.9973E-05 0.0237202 0.300751 9.9973E-05 0.675229 9.9973E-05
0.00515738 9.9991E-05 0.133821 0.0419752 0.814938 0.00400914
0.0297933 9.9982E-05 9.9982E-05 0.0350116 0.822829 0.112166
0.0356219 0.0504244 0.138114 9.9982E-05 0.77564 9.9982E-05
0.0127648 0.0268635 0.0987113 0.298445 0.563116 9.9991E-05
9.9973E-05 9.9973E-05 9.9973E-05 0.116208 0.771128 0.112364
9.9982E-05 9.9982E-05 0.107923 0.21621 0.661821 0.0138462
0.0573151 9.9991E-05 0.136706 0.496599 0.301927 0.0073525
0.0189633 0.148663 0.076801 9.9991E-05 0.023584 0.731889
0.0110601 9.99821E-05 0.222543 0.0524016 9.99821E-05 0.713795
0.0101877 0.159566 0.0226669 0.0156907 9.9991E-05 0.791788
0.0245671 0.0332651 0.166765 0.103733 0.670334 0.00133535
0.0477129 9.9982E-05 0.0529657 0.440163 0.458959 9.9982E-05
0.0117498 9.9982E-05 0.167846 0.120783 0.699421 9.9982E-05
0.0373506 9.9973E-05 9.9973E-05 0.342007 0.620342 9.9973E-05
0.0382611 0.0868932 0.0657151 0.00133485 0.805093 0.00270295
9.9973E-05 9.9973E-05 0.243914 0.695348 0.0604384 9.9973E-05
0.00698418 9.9982E-05 0.280062 0.689485 0.0232693 9.9982E-05
9.9973E-05 0.235715 9.9973E-05 0.728407 0.0355779 9.9973E-05
0.0218395 0.0225498 9.9973E-05 0.955311 9.9973E-05 9.9973E-05
0.0300916 0.134502 9.9982E-05 0.745254 9.9982E-05 0.0899526
0.0317482 9.9973E-05 9.9973E-05 0.947572 9.9973E-05 0.0203799
0.0203112 0.0998926 0.0931958 0.653009 0.0188973 0.114694
9.9982E-05 0.0534675 0.166464 0.113034 0.666835 9.9982E-05
0.10869 9.9991E-05 0.145533 0.31863 0.404425 0.0226219
0.0179898 0.0476894 9.9991E-05 0.164724 0.69663 0.072866
0.0581756 9.9991E-05 0.114134 0.0349762 0.749981 0.0426329
0.0323297 0.0451418 0.194892 0.0366545 0.690882 9.9991E-05
0.0258249 9.9982E-05 0.140266 0.169876 9.9982E-05 0.663833
9.9982E-05 0.212262 9.9982E-05 0.443241 0.275422 0.0688758
9.9973E-05 0.129357 9.9973E-05 0.803661 0.0666816 9.9973E-05
0.9995 9.996E-05 9.996E-05 9.996E-05 9.996E-05 9.996E-05
9.9982E-05 0.229708 0.523357 0.0986166 9.9982E-05 0.148118
0.0205639 0.297976 0.550984 0.0257097 9.9991E-05 0.104666
0.0354703 0.238794 0.4921 0.203683 9.9991E-05 0.029853
0.0359442 0.0527607 0.478789 0.10072 0.10457 0.227215
9.9982E-05 0.717719 0.149307 9.9982E-05 0.0189226 0.113852
9.9973E-05 0.0518954 9.9973E-05 0.865195 0.0826098 9.9973E-05
0.0355463 0.0770405 0.292921 0.119644 0.0253119 0.449536
0.0867578 0.105559 0.0195355 0.684051 0.103997 9.9991E-05
0.0179906 0.445054 9.9991E-05 0.280897 0.0223052 0.233653
9.9973E-05 0.0749787 0.802876 9.9973E-05 9.9973E-05 0.121845
9.9982E-05 0.710345 0.122926 0.0934688 9.9982E-05 0.0730596
9.9982E-05 0.0445776 0.652304 0.203659 9.9982E-05 0.099259
0.00734934 0.274505 0.418811 0.27952 9.9991E-05 0.0197148
0.00270309 0.787502 9.9973E-05 0.209495 9.9973E-05 9.9973E-05
0.00103831 0.131055 0.65845 0.18104 9.9991E-05 0.0283173
0.0101803 0.173149 9.9991E-05 0.560658 0.17389 0.0820233
0.059253 9.9991E-05 0.0784966 0.690426 0.0885792 0.0831457
0.0868652 0.0968688 0.0811899 0.569762 0.165215 9.9991E-05
9.9982E-05 0.118806 0.195381 0.544048 9.9982E-05 0.141566
9.9991E-05 0.0110968 0.360238 0.409893 0.0718675 0.146805
9.9982E-05 0.513323 0.134045 9.9982E-05 0.0388998 0.313532
0.0222229 0.116483 0.104342 9.9991E-05 0.751155 0.0056973
0.0392824 9.9991E-05 0.0233071 0.212374 0.667195 0.0577417
9.9982E-05 9.9982E-05 0.20322 0.61429 0.108061 0.0742289
0.0386028 0.179603 0.115698 0.491395 0.116517 0.0581847
0.0373097 9.9991E-05 0.148876 0.467406 0.117516 0.228792
9.9973E-05 0.0796166 9.9973E-05 0.253483 9.9973E-05 0.6666
0.0414672 9.9982E-05 9.9982E-05 0.333199 0.583449 0.0416849
9.9982E-05 0.0715046 0.0150938 0.266312 0.64689 9.9982E-05
9.9982E-05 0.165538 0.00649385 0.39412 0.433648 9.9982E-05
0.0459205 0.262618 0.148449 0.0812818 0.0123529 0.449377
0.00835854 9.9982E-05 0.789651 9.9982E-05 0.0497913 0.151999
0.0142691 0.421947 0.436498 0.0846809 0.0411177 0.00148807
9.9982E-05 0.15713 0.734682 9.9982E-05 0.0859794 0.0220088
9.9973E-05 0.147332 0.517942 9.9973E-05 9.9973E-05 0.334427
0.0239107 0.385779 0.468589 0.0476414 9.9991E-05 0.0739795
9.9982E-05 0.213008 0.764576 9.9982E-05 0.000819094 0.0213968
0.00552105 0.275716 0.681061 9.9982E-05 0.0375024 9.9982E-05
0.00621367 0.489828 0.127599 0.0219437 0.0251842 0.329232
0.0101998 0.282207 0.489008 0.0914473 9.9991E-05 0.127038
0.0332506 0.123624 0.621912 0.0393565 9.9991E-05 0.181757
0.00447918 0.69338 0.153235 0.0360611 9.9991E-05 0.112744
9.9991E-05 0.318164 0.268764 0.105534 0.087524 0.219914
0.0345996 0.23727 0.618889 0.0505829 0.035729 0.0229295
0.0144326 0.134362 0.345802 0.292591 9.9991E-05 0.212713
9.9991E-05 0.0543896 0.826545 0.0738138 0.0293232 0.0158279
9.9973E-05 0.105125 9.9973E-05 0.095286 9.9973E-05 0.799289
9.9982E-05 0.0256553 0.119065 0.0204661 9.9982E-05 0.834614
0.0347343 0.0900668 0.000421999 9.9982E-05 9.9982E-05 0.874577
0.00145499 0.0937059 0.101865 0.0495808 0.0659634 0.68743
0.0282639 9.9982E-05 0.191828 9.9982E-05 0.0505519 0.729156
0.000910286 0.352806 0.393497 0.204192 0.0484951 9.9991E-05
0.0224002 0.872003 9.9982E-05 0.0382788 9.9982E-05 0.0671177
9.9973E-05 9.9973E-05 0.0208431 0.0873053 0.891552 9.9973E-05
0.0341596 9.9991E-05 0.0331025 0.159243 0.732679 0.0407157
0.0235164 0.135201 9.9982E-05 9.9982E-05 0.822414 0.0186686
9.9982E-05 9.9982E-05 0.0335648 0.340603 0.573838 0.051795
0.0106398 9.9982E-05 0.135479 0.0173569 0.836325 9.9982E-05
0.0144826 0.0364707 9.9982E-05 9.9982E-05 0.779119 0.169728
0.0220485 9.9982E-05 0.138556 0.00696789 0.832228 9.9982E-05
9.9982E-05 9.9982E-05 0.00814506 0.0995924 0.838758 0.0533041
9.9982E-05 9.9982E-05 0.147649 0.00510401 0.8367 0.0103473
0.00689362 9.9991E-05 0.0487244 0.0164665 0.868951 0.0588649
0.0459343 0.0682544 9.9982E-05 0.116989 0.768622 9.9982E-05
0.0419058 0.0151501 0.0841837 0.0185002 0.790309 0.0499514
0.0072503 9.9982E-05 0.176869 9.9982E-05 0.754165 0.0615154
0.0259723 0.096047 9.9982E-05 9.9982E-05 0.81534 0.0624411
0.00223581 0.096639 9.9982E-05 0.111292 0.789634 9.9982E-05
0.0327898 0.0861788 0.0377806 9.9982E-05 0.843051 9.9982E-05
9.9964E-05 0.179267 9.9964E-05 9.9964E-05 0.820334 9.9964E-05
9.9973E-05 9.9973E-05 0.206719 0.699233 0.0937477 9.9973E-05
9.9973E-05 0.143286 9.9973E-05 0.814098 9.9973E-05 0.0423162
9.9964E-05 0.154163 9.9964E-05 9.9964E-05 0.845437 9.9964E-05
0.0245118 0.30408 9.9982E-05 9.9982E-05 0.669984 0.00122439
9.9973E-05 9.9973E-05 9.9973E-05 0.193373 0.778294 0.0280335
9.9982E-05 0.131095 0.0641701 0.702282 0.102254 9.9982E-05
0.0046723 0.117027 0.837186 0.0409148 9.9982E-05 9.9982E-05
0.0109511 0.00701943 0.855597 9.9982E-05 9.9982E-05 0.126232
9.9991E-05 0.057132 0.376809 0.178169 0.0127354 0.375054
9.9991E-05 0.0938874 0.346394 0.0193267 0.0110407 0.529251
9.9991E-05 0.0130883 0.00679823 0.1911 0.00525274 0.783661
9.9973E-05 0.0551118 9.9973E-05 0.146832 9.9973E-05 0.797756
0.0201743 9.9982E-05 0.19193 0.0213069 9.9982E-05 0.766389
0.0210556 9.9991E-05 0.0991727 0.135939 0.0126042 0.731129
0.0402766 9.9991E-05 0.0263342 0.175363 0.0384437 0.719483
0.0287548 0.126948 0.0713798 9.9991E-05 0.0779215 0.694896
0.00991449 0.187113 0.652324 0.0676339 0.00661747 0.0763966
0.0334168 0.678836 0.182434 9.9991E-05 0.0870576 0.0181561
0.0334975 0.863905 0.0206812 0.0817162 9.9982E-05 9.9982E-05
9.996E-05 0.9995 9.996E-05 9.996E-05 9.996E-05 9.996E-05
9.9964E-05 0.937751 0.0618487 9.9964E-05 9.9964E-05 9.9964E-05
9.9982E-05 0.547043 0.267534 0.163536 0.021687 9.9982E-05
0.0154006 0.170098 0.457356 0.212871 9.9991E-05 0.144175
0.0118012 0.162935 0.435693 0.269385 9.9991E-05 0.120085
0.0512779 0.0405534 0.807198 0.051587 0.0157727 0.0336108
0.0269755 0.211905 0.524916 0.127426 0.0423805 0.0663974
0.0375633 0.332312 0.510875 0.00824429 0.0349964 0.0760087
0.137942 9.9991E-05 0.120302 0.063674 0.0236891 0.654294
0.024485 0.0196887 0.118276 0.10916 0.715657 0.0127333
0.0451229 0.109791 9.9991E-05 0.119087 0.712555 0.0133438
9.9982E-05 9.9982E-05 0.0176816 0.155055 0.810841 0.0162229
9.9982E-05 0.0874588 0.047294 0.182477 0.68257 9.9982E-05
0.0267906 0.107628 9.9982E-05 9.9982E-05 0.771634 0.0937471
0.013621 0.219651 0.304545 0.151949 0.0911341 0.2191
0.0194218 0.0236223 0.63525 0.0892396 0.0141191 0.218347
0.0730055 0.00815271 0.897172 9.9991E-05 0.00194655 0.0196233
0.0479574 0.0818349 0.487835 0.183394 9.9991E-05 0.198879
