0.0504552 9.9991E-05 0.0934194 0.035829 0.00711572 0.813081
0.00244287 0.0170246 0.0523636 0.284591 9.9991E-05 0.643478
0.124904 0.0201321 0.154557 9.9982E-05 9.9982E-05 0.700207
0.227018 9.9973E-05 9.9973E-05 0.0724162 9.9973E-05 0.700266
9.9973E-05 9.9973E-05 9.9973E-05 0.128495 0.0306312 0.840574
9.9973E-05 9.9973E-05 9.9973E-05 0.209067 0.0723324 0.718301
0.128284 9.9991E-05 0.0340975 0.225625 0.0271404 0.584753
0.101863 0.0350197 9.9982E-05 0.221134 9.9982E-05 0.641783
9.9982E-05 9.9982E-05 0.105675 0.737766 0.085426 0.0709338
0.301941 0.0195297 0.187586 0.278669 9.9991E-05 0.212174
0.553533 0.0413885 0.0251231 0.3151 9.9991E-05 0.0647549
0.133454 0.0167131 0.229306 0.45532 0.0204355 0.144771
0.737067 0.0480826 9.9982E-05 0.176525 0.0381251 9.9982E-05
0.192358 9.9982E-05 0.115051 0.680425 0.0119662 9.9982E-05
9.9991E-05 0.0504251 0.119976 0.290749 0.0530336 0.485716
0.0741951 0.0179106 0.093873 0.534593 9.9991E-05 0.279329
0.00107314 9.9982E-05 0.169966 0.531868 9.9982E-05 0.296893
0.0297667 0.0205883 0.0487673 0.41392 9.9991E-05 0.486858
0.115659 0.0608885 0.512478 0.17792 0.110499 0.0225559
0.0972309 9.9973E-05 0.609903 0.292567 9.9973E-05 9.9973E-05
0.0547252 0.0197211 0.633038 0.130931 0.00703852 0.154547
0.137217 0.017045 0.754485 9.9991E-05 0.0128479 0.0783046
0.112373 0.0553615 0.831965 9.9973E-05 9.9973E-05 9.9973E-05
9.999E-05 0.0323638 0.743323 0.160004 0.0131582 0.0510513
0.0937581 9.9982E-05 0.650999 0.0542272 9.9982E-05 0.200816
9.9973E-05 0.0124739 0.86267 9.9973E-05 9.9973E-05 0.124556
0.0541148 0.0343261 0.846624 0.021986 0.0428493 9.9991E-05
9.9982E-05 0.0332658 0.854825 0.0505819 0.0611276 9.9982E-05
9.9973E-05 9.9973E-05 0.908334 9.9973E-05 0.0341474 0.057219
9.9973E-05 9.9973E-05 0.8279 9.9973E-05 0.0649158 0.106884
9.9982E-05 0.00272383 0.837698 0.0978046 0.0615732 9.9982E-05
9.9982E-05 0.0122944 0.709463 0.245141 0.0329012 9.9982E-05
0.130351 0.0491253 0.775 0.0217596 9.9991E-05 0.0236644
0.172178 0.0521223 0.163974 0.203643 9.9991E-05 0.407982
9.999E-05 0.00102158 0.264672 0.238211 0.017024 0.478972
9.9982E-05 9.9982E-05 0.104319 0.119524 0.0685845 0.707373
0.156333 0.0297513 0.04561 9.9982E-05 9.9982E-05 0.768106
0.216634 0.0071278 0.137296 0.28719 0.0469721 0.30478
9.996E-05 0.9995 9.996E-05 9.996E-05 9.996E-05 9.996E-05
0.220676 0.0211657 0.757858 9.9973E-05 9.9973E-05 9.9973E-05
9.9982E-05 0.00271521 0.118934 9.9982E-05 0.10957 0.76858
0.154934 9.9982E-05 0.0960347 0.283377 9.9982E-05 0.465454
0.230026 9.9991E-05 0.289217 0.266685 0.115712 0.0982606
0.588104 0.0549665 0.0338449 0.194626 0.106226 0.0222332
0.897781 0.00552855 0.0517024 9.9982E-05 9.9982E-05 0.0447877
9.996E-05 0.9995 9.996E-05 9.996E-05 9.996E-05 9.996E-05
0.179358 0.0782967 0.194209 0.199663 0.0198452 0.328629
0.411978 9.9991E-05 0.0892401 0.266776 0.112777 0.119128
0.103812 0.0251363 0.294447 0.243214 0.118591 0.2148
0.104813 0.0201976 9.9991E-05 0.0874413 0.750559 0.0368891
0.135037 0.0397271 9.9982E-05 0.0886366 0.736399 9.9982E-05
9.9973E-05 9.9973E-05 9.9973E-05 0.0696208 0.747559 0.18252
0.162613 0.0608548 9.9982E-05 0.140125 0.636207 9.9982E-05
9.9991E-05 0.0622499 0.0347919 0.105552 0.787006 0.0103008
9.9973E-05 9.9973E-05 0.0488912 0.143368 0.807441 9.9973E-05
9.9964E-05 9.9964E-05 9.9964E-05 0.359195 0.640406 9.9964E-05
9.9973E-05 0.0181359 9.9973E-05 0.230347 0.751217 9.9973E-05
9.9973E-05 0.0315125 0.173445 9.9973E-05 0.794742 9.9973E-05
0.0730135 0.0375066 9.9991E-05 0.157312 0.730369 0.0016989
0.353641 0.0340481 9.9991E-05 0.0119547 0.537369 0.0628872
0.0204359 9.9973E-05 0.177652 9.9973E-05 0.801612 9.9973E-05
0.208145 9.9991E-05 0.116584 0.0163304 0.646254 0.0125862
0.538996 0.0824098 9.9991E-05 0.0318291 0.324039 0.0226267
9.9991E-05 0.0323394 0.690123 0.134408 0.044268 0.0987613
0.0602323 0.0247081 0.680906 9.9991E-05 0.0104589 0.223595
9.9973E-05 9.9973E-05 0.814308 0.0260982 9.9973E-05 0.159294
0.196346 0.00111656 0.0721253 0.018225 0.652521 0.0596666
0.306091 0.0759225 9.9982E-05 9.9982E-05 0.501821 0.115966
0.0689943 0.031704 0.0313057 0.0944012 0.716217 0.0573783
0.279306 0.0405433 0.0130093 0.0167695 0.650272 9.9991E-05
9.9991E-05 0.0418153 0.0227846 0.0200315 0.828832 0.0864368
0.649043 0.00869935 9.9991E-05 0.120747 0.0789455 0.142465
0.642185 9.9973E-05 9.9973E-05 0.303631 0.0538832 9.9973E-05
0.772505 9.9982E-05 0.0200938 0.122516 0.0846852 9.9982E-05
0.975295 0.0243056 9.9964E-05 9.9964E-05 9.9964E-05 9.9964E-05
0.87475 0.0212682 0.103682 9.9973E-05 9.9973E-05 9.9973E-05
0.860373 0.0359771 9.9973E-05 0.10335 9.9973E-05 9.9973E-05
0.830191 0.0228263 0.0490214 9.9982E-05 9.9982E-05 0.0977611
0.292238 9.9973E-05 9.9973E-05 0.118673 0.588789 9.9973E-05
0.308988 0.1368 0.0860414 0.00612057 0.414779 0.0472709
0.127321 0.0166403 0.0827185 9.9991E-05 0.724472 0.0487479
0.103261 0.0530944 0.0910567 0.0400846 0.712404 9.9991E-05
9.9973E-05 0.0241584 9.9973E-05 0.312767 0.662774 9.9973E-05
0.172409 0.0278987 0.639848 0.139214 0.0205301 9.9991E-05
0.512987 9.9991E-05 0.130159 0.0645199 0.245084 0.0471498
0.747472 9.9982E-05 9.9982E-05 0.0365776 0.144364 0.0713865
9.996E-05 0.9995 9.996E-05 9.996E-05 9.996E-05 9.996E-05
0.169201 0.0203363 0.131124 0.128859 9.9991E-05 0.550379
0.0764672 0.000165833 0.13995 0.268002 9.9991E-05 0.515315
0.0981323 0.0373912 0.139225 0.608685 9.9991E-05 0.116467
0.123897 0.0470513 0.148813 0.600336 0.0585417 0.0213619
9.9982E-05 9.9982E-05 0.0198933 0.349316 0.0475912 0.583
0.833756 9.9973E-05 0.0456889 9.9973E-05 0.120255 9.9973E-05
0.203278 0.0359289 0.532873 0.0920824 0.0113895 0.124448
0.594622 0.0677275 9.9991E-05 0.0606686 0.191292 0.0855897
0.314861 0.025481 0.265392 0.030192 0.0634083 0.300665
9.9982E-05 0.00380635 0.0719926 0.6901 9.9982E-05 0.233901
0.250015 9.9982E-05 0.0472934 0.155275 9.9982E-05 0.547217
0.264731 9.9982E-05 0.0824226 0.344948 9.9982E-05 0.307699
0.028457 0.0190783 9.9991E-05 0.853034 0.0490463 0.0502849
0.330003 0.00882591 0.0116309 9.9982E-05 9.9982E-05 0.649341
0.0976104 9.9964E-05 9.9964E-05 0.90199 9.9964E-05 9.9964E-05
0.593023 0.0144336 0.00731965 9.9991E-05 0.193759 0.191365
0.555072 0.0704764 0.0733488 0.0562684 0.143482 0.101352
0.71954 0.0680888 0.0244879 0.0301287 0.157655 9.9991E-05
0.517173 9.9973E-05 0.168019 0.314508 9.9973E-05 9.9973E-05
0.427152 9.9991E-05 0.120707 0.339449 0.104092 0.00849999
9.9982E-05 9.9982E-05 0.409279 0.206375 0.0434411 0.340705
9.9982E-05 0.0153034 9.9982E-05 0.0677231 0.763252 0.153521
0.178229 0.0277189 0.0545881 9.9991E-05 0.716172 0.0231926
0.483966 9.9982E-05 0.147242 9.9982E-05 0.192011 0.176581
0.365342 0.0296224 0.043479 0.3715 0.166849 0.0232075
0.338848 0.0330335 0.244689 9.9991E-05 0.167716 0.215613
0.282569 9.9964E-05 0.717031 9.9964E-05 9.9964E-05 9.9964E-05
0.322476 0.055578 0.046086 9.9982E-05 0.57566 9.9982E-05
0.183141 9.9973E-05 9.9973E-05 0.165613 0.650946 9.9973E-05
0.470816 9.9982E-05 9.9982E-05 0.0018261 0.427956 0.0992011
0.018874 0.0799673 0.472159 0.168394 0.0255381 0.235068
9.9991E-05 0.00775363 0.204694 0.0500713 0.0446859 0.692695
0.172334 0.0211749 0.0207614 0.17069 9.9991E-05 0.614939
0.000995116 9.9991E-05 0.0491976 0.0799364 0.139399 0.730372
0.024082 9.9991E-05 0.387845 0.257641 0.00358591 0.326746
9.9991E-05 0.0236534 0.139495 0.246907 0.00569408 0.58415
0.0900551 9.9982E-05 0.105152 9.9982E-05 0.0196189 0.784974
9.9973E-05 9.9973E-05 9.9973E-05 0.14925 0.0390342 0.811416
0.0949133 0.00371475 0.367103 0.10004 0.0121136 0.422116
0.0125931 9.9982E-05 0.00865683 0.85309 9.9982E-05 0.12546
0.0447752 0.0156623 0.0318521 0.88641 9.9991E-05 0.0212004
9.9982E-05 0.0188334 0.0411128 0.85129 9.9982E-05 0.0885641
0.103132 9.9991E-05 0.183829 0.3114 0.109835 0.291704
9.9982E-05 0.032678 9.9982E-05 0.90745 0.0364618 0.0232098
0.236403 9.9973E-05 0.14415 0.619148 9.9973E-05 9.9973E-05
0.0756835 0.0057775 0.0394854 0.166866 0.0265028 0.685684
0.165193 9.9982E-05 0.797762 0.0306101 9.9982E-05 0.00623514
0.0751808 9.9973E-05 0.839989 9.9973E-05 9.9973E-05 0.0845297
9.9973E-05 0.0349157 0.85373 0.111054 9.9973E-05 9.9973E-05
9.9982E-05 9.9982E-05 0.759774 0.12832 0.0656679 0.0460376
0.100409 0.0132913 0.737426 9.9991E-05 0.0127233 0.13605
0.261833 0.00388408 9.9991E-05 0.128692 0.0266944 0.578797
0.139064 0.0157101 0.141941 0.0125672 9.9991E-05 0.690618
0.148602 9.9964E-05 9.9964E-05 9.9964E-05 0.850998 9.9964E-05
0.0764882 0.0136217 0.0646496 0.0794385 0.765702 9.9991E-05
9.9991E-05 0.0112818 0.0214811 0.013543 0.809497 0.144098
0.330664 9.9982E-05 0.0178387 9.9982E-05 0.557129 0.0941678
0.0337334 0.0238198 9.9991E-05 0.127107 0.813275 0.00196491
9.9982E-05 0.0117904 0.172544 0.0579513 0.757515 9.9982E-05
0.086488 0.00651193 9.9982E-05 9.9982E-05 0.850203 0.0565966
0.0678719 9.9982E-05 0.0871015 9.9982E-05 0.805961 0.0388654
0.0712649 9.9982E-05 0.0833526 9.9982E-05 0.804383 0.0407998
0.0640472 9.9982E-05 0.0624163 9.9982E-05 0.803131 0.0702058
0.0710867 0.0397674 9.9991E-05 0.0858168 0.766821 0.0364082
0.0343848 0.0215639 0.0956735 0.107289 0.740989 9.9991E-05
9.9982E-05 0.0333587 9.9982E-05 0.106152 0.766907 0.093382
9.9991E-05 0.00703206 0.0573015 0.0927758 0.840521 0.00226946
0.0805675 9.9973E-05 9.9973E-05 9.9973E-05 0.806589 0.112544
9.9973E-05 0.025553 9.9973E-05 9.9973E-05 0.82192 0.152227
0.0670709 0.0103559 0.0550245 9.9991E-05 0.781561 0.0858882
0.802966 9.9982E-05 0.0706506 9.9982E-05 0.0954215 0.0307623
0.776097 9.9973E-05 9.9973E-05 0.0693601 9.9973E-05 0.154243
0.141212 9.9973E-05 9.9973E-05 9.9973E-05 0.752589 0.105899
0.0817819 0.0214518 9.9982E-05 9.9982E-05 0.640391 0.256176
0.110187 0.00618014 0.0587311 9.9982E-05 0.824702 9.9982E-05
0.556468 9.9982E-05 9.9982E-05 0.179508 0.15221 0.111614
0.0857406 0.0251325 9.9973E-05 9.9973E-05 9.9973E-05 0.888827
9.9982E-05 0.0405975 0.183046 0.140014 9.9982E-05 0.636142
0.204814 9.9982E-05 0.441528 9.9982E-05 0.00960549 0.343853
0.0991986 9.9982E-05 0.494729 0.281888 9.9982E-05 0.123984
0.129992 9.9991E-05 0.731452 0.112033 0.00982556 0.0165966
0.0249864 0.00264915 0.777036 0.165589 0.0296393 9.9991E-05
0.00737454 0.00848125 0.727707 0.137123 9.9991E-05 0.119213
0.0498368 0.0231279 0.728836 0.167886 0.0302133 9.9991E-05
0.0953819 0.0453177 0.677228 0.10596 0.0760122 9.9991E-05
9.9991E-05 0.0565103 0.696968 0.0263028 0.0630805 0.157039
0.0788961 0.0184691 0.0603876 9.9991E-05 0.0173716 0.824776
0.154214 0.0672491 0.0444444 9.9991E-05 0.0269256 0.707067
0.222611 0.0530024 9.9973E-05 9.9973E-05 9.9973E-05 0.724087
0.215242 9.9973E-05 9.9973E-05 0.0452588 9.9973E-05 0.739199
0.197422 0.00973732 9.9982E-05 0.0990207 9.9982E-05 0.69362
0.353663 9.9973E-05 9.9973E-05 0.123488 9.9973E-05 0.522549
0.0978246 0.0133754 0.103461 0.637567 9.9991E-05 0.147673
9.9982E-05 0.00752256 0.0707146 0.891365 0.030198 9.9982E-05
9.9964E-05 0.0569151 9.9964E-05 0.942685 9.9964E-05 9.9964E-05
0.0237028 9.9991E-05 0.116577 0.763967 0.042684 0.0529695
9.9991E-05 0.0199934 0.00786778 0.820083 0.027234 0.124722
0.112883 0.140451 0.612551 0.123021 0.0109938 9.9991E-05
0.216372 0.0105521 9.9991E-05 0.028742 0.694044 0.0501899
0.149547 0.0435237 0.110838 9.9982E-05 0.695891 9.9982E-05
0.121657 0.00668007 9.9982E-05 0.0754571 0.796006 9.9982E-05
0.134811 0.0021595 9.9991E-05 0.101212 0.69277 0.0689468
9.9982E-05 0.0127987 0.0801452 9.9982E-05 0.752241 0.154615
0.0346536 0.0346913 0.219587 0.525644 0.104906 0.0805181
0.0683737 0.0199711 0.247255 0.458825 9.9991E-05 0.205475
9.9991E-05 0.0584383 0.0240256 0.888407 0.0024864 0.0265424
0.156584 0.0470996 0.181176 0.285246 9.9991E-05 0.329794
