0.144588 0.67621 0.171768 0.00733501 9.9991E-05
0.0789036 0.794789 0.0797241 0.0464836 9.9991E-05
0.230794 0.667495 0.0415945 0.0231531 0.0369632
9.9973E-05 0.774147 0.225553 9.9973E-05 9.9973E-05
9.9973E-05 0.898291 9.9973E-05 9.9973E-05 0.101409
9.9982E-05 0.81457 0.123095 9.9982E-05 0.0621354
0.0670602 0.698 0.23474 9.9982E-05 9.9982E-05
9.9982E-05 0.765065 0.199051 0.0356835 9.9982E-05
0.201831 0.698127 9.9991E-05 0.00483359 0.0951083
0.189658 0.478729 0.305505 0.026008 9.9991E-05
0.0690787 0.297983 0.529656 0.0733426 0.0299401
0.259076 0.466613 0.222519 0.0198417 0.0319503
0.034562 0.0677148 0.782045 0.040968 0.0747102
0.173358 0.505442 0.233493 9.9991E-05 0.0876064
0.16529 0.731664 9.9991E-05 0.0371401 0.0658059
0.0998968 0.701229 0.182986 0.0157881 9.9991E-05
0.183354 0.730317 0.0730821 9.9991E-05 0.0131469
0.119483 0.792219 0.0670213 0.0211768 9.9991E-05
0.548389 0.090293 0.140628 0.0757348 0.144955
0.697331 0.164347 0.124339 9.9991E-05 0.0138829
0.784454 0.195685 9.9991E-05 0.00930987 0.0104507
0.819544 0.0101194 0.148586 0.00620777 0.0155428
0.878835 9.9982E-05 0.0495081 0.0714565 9.9982E-05
0.753273 0.177352 9.9991E-05 0.024192 0.0450827
0.677814 0.224754 0.0972321 9.9982E-05 9.9982E-05
0.927471 0.0406754 0.0316535 9.9982E-05 9.9982E-05
0.886068 9.9982E-05 9.9982E-05 0.0334007 0.0803317
0.872045 9.9991E-05 0.0231967 0.0413543 0.0633041
0.915185 0.0845149 9.9973E-05 9.9973E-05 9.9973E-05
0.824955 0.0773513 9.9982E-05 9.9982E-05 0.0974935
0.879365 0.0360504 9.9991E-05 0.0220932 0.0623916
0.812318 0.0976973 9.9991E-05 0.0262358 0.0636488
0.847518 0.0614044 0.0162089 0.0747691 9.9991E-05
0.137839 0.539627 0.247905 0.0745291 9.9991E-05
0.248729 0.704554 9.9982E-05 9.9982E-05 0.0465174
0.121477 0.669087 0.131281 9.9991E-05 0.0780551
0.0727896 0.586964 0.29126 0.0309612 0.0180255
0.181355 0.471152 0.296539 0.00427654 0.0466784
9.997E-05 9.997E-05 9.997E-05 0.9996 9.997E-05
0.762935 9.9982E-05 0.22528 0.0115844 9.9982E-05
0.189345 0.681338 0.00505994 9.9991E-05 0.124156
0.168612 0.647876 0.183312 9.9982E-05 9.9982E-05
0.303396 0.290607 0.269406 9.9991E-05 0.13649
0.0832577 0.098883 0.628059 0.0312788 0.158522
0.0625874 0.0110739 0.885557 0.00759591 0.0331859
9.997E-05 9.997E-05 9.997E-05 0.9996 9.997E-05
0.207444 0.391231 0.27103 0.0701861 0.060109
0.102862 0.344218 0.44126 9.9991E-05 0.111559
0.334436 0.371349 0.169795 0.0194338 0.104986
0.0605436 0.00934506 0.152117 0.0263889 0.751606
0.0158194 9.9991E-05 0.126626 0.0421499 0.815304
0.0108334 0.178733 9.9982E-05 9.9982E-05 0.810234
0.0294712 0.0246406 0.179834 0.0356195 0.730435
0.104381 0.00133529 0.00392659 0.0556372 0.83472
0.0766844 0.0500594 9.9982E-05 9.9982E-05 0.873056
9.9973E-05 0.260321 9.9973E-05 9.9973E-05 0.739379
0.0622864 0.0541353 0.0565385 0.0210729 0.805967
0.124786 9.9982E-05 9.9982E-05 0.020462 0.854552
9.9991E-05 0.0459978 0.122757 0.0562922 0.774853
9.9991E-05 0.135458 0.186359 0.0311929 0.64689
0.156015 9.9973E-05 9.9973E-05 9.9973E-05 0.843685
0.0668874 9.9991E-05 0.259616 0.00629143 0.667105
0.00932303 9.9991E-05 0.578069 0.0567761 0.355732
0.783434 0.117232 0.0524861 0.0366416 0.0102058
0.810211 0.128538 0.0348533 0.000889361 0.0255075
0.855813 0.13747 9.9982E-05 0.00651734 9.9982E-05
0.0150929 0.0512397 0.255709 0.00916674 0.668792
9.9982E-05 9.9982E-05 0.428071 0.0659195 0.505809
0.0837909 0.0935373 0.0637833 0.0262076 0.732681
9.9982E-05 9.9982E-05 0.293988 0.040608 0.665204
9.9982E-05 0.100144 9.9982E-05 0.0723722 0.827284
9.9991E-05 0.231641 0.626075 0.0198772 0.122307
9.9982E-05 0.142875 0.769925 9.9982E-05 0.0870002
0.0101483 0.0616768 0.839519 9.9991E-05 0.0885561
9.9973E-05 9.9973E-05 0.987984 0.0117158 9.9973E-05
0.0743463 9.9982E-05 0.884859 0.0405949 9.9982E-05
9.9973E-05 9.9973E-05 0.973063 0.026637 9.9973E-05
0.0702008 0.0847217 0.770301 0.0245445 0.0502317
9.9982E-05 0.0812774 0.269692 9.9982E-05 0.648831
0.0531999 0.105862 0.267653 0.104049 0.469237
0.0639867 9.9991E-05 0.179056 0.0190021 0.737855
0.0907313 9.9991E-05 0.117318 0.0413175 0.750533
9.9991E-05 0.13212 0.0954645 0.039051 0.733264
0.688613 0.0583533 0.233534 0.0193999 9.9991E-05
0.132982 0.0522313 0.515059 9.9991E-05 0.299628
9.9982E-05 0.032347 0.836632 9.9982E-05 0.130821
9.997E-05 9.997E-05 9.997E-05 0.9996 9.997E-05
0.166912 0.589833 0.242919 0.000235347 9.9991E-05
0.171188 0.759533 0.0433335 0.0258453 9.9991E-05
0.1923 0.577337 0.201653 0.0286097 9.9991E-05
0.280432 0.312193 0.304032 0.0668463 0.0364964
0.116754 0.785897 0.0342118 9.9991E-05 0.0630376
9.9973E-05 9.9973E-05 0.889323 9.9973E-05 0.110377
0.62603 0.130444 0.206798 0.0366279 9.9991E-05
9.9991E-05 0.0845689 0.679916 0.0783564 0.157059
0.333495 0.178014 0.417157 0.0500185 0.0213152
0.209856 0.774037 9.9991E-05 0.00840878 0.00759758
0.0778925 0.621069 0.300838 9.9982E-05 9.9982E-05
0.165555 0.584364 0.249881 9.9982E-05 9.9982E-05
0.0763168 0.57505 0.321476 0.00549172 0.0216653
0.0668037 0.45559 0.477406 9.9982E-05 9.9982E-05
0.0895974 0.668948 0.227601 0.0137535 9.9991E-05
0.0217374 0.0538355 0.680808 0.041744 0.201875
0.0906593 0.123285 0.529949 0.0748406 0.181266
0.00266191 0.0195189 0.694141 0.0804656 0.203213
0.193825 0.198698 0.607277 9.9982E-05 9.9982E-05
0.204178 0.223522 0.465399 9.9991E-05 0.106801
0.450788 0.446776 0.0576161 9.9991E-05 0.0447198
9.9982E-05 0.191787 9.9982E-05 0.0239405 0.784073
0.00921386 9.9991E-05 0.253681 0.0142849 0.72272
0.167273 0.0553035 0.594179 9.9991E-05 0.183144
0.137616 0.19181 0.422029 0.0237838 0.224761
0.295093 0.0114053 0.494526 0.0484189 0.150557
0.704212 9.9973E-05 0.295488 9.9973E-05 9.9973E-05
0.0511105 9.9991E-05 0.3001 0.0468365 0.601853
0.0645078 9.9982E-05 0.29005 9.9982E-05 0.645242
9.9982E-05 0.0793344 0.460769 9.9982E-05 0.459697
0.504139 0.378977 9.9991E-05 0.0717269 0.0450569
0.224574 0.735772 9.9991E-05 0.00804224 0.0315116
0.0109532 0.725761 0.209175 0.0126102 0.0415007
0.0367077 0.822474 9.9982E-05 9.9982E-05 0.140619
0.386136 0.56653 0.0467902 0.000443912 9.9991E-05
0.192485 0.651895 0.13974 0.0157797 9.9991E-05
0.145828 0.778029 9.9982E-05 9.9982E-05 0.0759426
9.9982E-05 0.910916 9.9982E-05 0.0155977 0.0732862
0.362337 0.506713 0.0938467 9.9991E-05 0.037003
0.0849746 0.743295 0.17116 9.9991E-05 0.000470284
0.179606 0.631807 0.144423 0.0440646 9.9991E-05
0.0349887 0.759551 0.172762 0.0325979 9.9991E-05
0.300866 0.458545 0.152752 0.00320017 0.0846367
0.0164708 0.804501 0.109771 0.0300532 0.039204
0.304769 0.382367 0.308076 0.00468871 9.9991E-05
0.061077 0.807426 0.085993 9.9991E-05 0.0454038
0.852371 9.9973E-05 0.147329 9.9973E-05 9.9973E-05
0.939746 0.0311847 0.0288691 9.9982E-05 9.9982E-05
0.890459 0.0692985 9.9982E-05 0.0400424 9.9982E-05
0.817361 0.0476867 0.0863449 9.9991E-05 0.0485078
0.893357 0.0207331 0.0178412 0.0260826 0.0419863
9.9982E-05 0.645112 0.261058 9.9982E-05 0.0936303
0.168184 0.544459 0.268305 0.0189519 9.9991E-05
9.9973E-05 9.9973E-05 0.066658 9.9973E-05 0.933042
0.0366418 0.0738326 0.0684895 0.0304953 0.790541
9.9982E-05 0.104833 9.9982E-05 0.0218488 0.873118
0.0835031 0.0472609 0.22798 9.9991E-05 0.641156
9.9982E-05 0.100009 9.9982E-05 0.0281772 0.871614
0.143742 9.9991E-05 0.0138497 0.0028489 0.839459
9.9991E-05 0.0410909 0.0665277 0.0143198 0.877962
0.125462 9.9982E-05 0.0367313 9.9982E-05 0.837607
0.0383431 0.0338184 0.0886504 9.9991E-05 0.839088
0.0993211 9.9991E-05 0.0384108 0.0314203 0.830748
9.9982E-05 9.9982E-05 0.191781 0.0434706 0.764548
0.0982092 0.0313828 0.0473759 0.0424617 0.78057
0.0520078 0.131725 9.9991E-05 0.0325267 0.78364
0.0781231 9.9991E-05 0.0141091 0.016745 0.890923
9.9973E-05 9.9973E-05 0.229202 9.9973E-05 0.770498
9.9982E-05 0.0963966 9.9982E-05 0.00842658 0.894977
0.0865366 0.0104594 0.0273922 0.0336991 0.841913
0.0216933 0.0883941 0.714401 9.9991E-05 0.175412
9.9973E-05 0.0772197 0.92248 9.9973E-05 9.9973E-05
9.9982E-05 0.0110293 0.153872 9.9982E-05 0.834899
9.9991E-05 0.265729 0.019958 0.0362178 0.677995
0.0449251 9.9991E-05 0.112205 0.00157823 0.841191
9.9982E-05 0.10126 0.802848 9.9982E-05 0.0956914
0.00522787 0.917984 9.9991E-05 0.0394047 0.0372838
0.208435 0.739488 9.9991E-05 0.0346566 0.0173204
0.5188 0.323317 0.117728 9.9991E-05 0.0400552
0.624149 0.289205 0.0768898 9.9991E-05 0.00965623
0.779168 0.03685 0.183033 0.000849769 9.9991E-05
0.878578 9.9991E-05 0.0948787 0.00643605 0.0200075
0.740703 0.215044 0.0268401 0.0173132 9.9991E-05
0.806779 0.0359355 0.146496 0.0106893 9.9991E-05
0.773 9.9991E-05 0.155903 0.0300511 0.0409456
0.760963 0.0738294 9.9991E-05 0.0544995 0.110608
0.0964905 0.737201 0.129929 0.0157651 0.0206145
0.0547862 0.69975 0.122514 0.0507168 0.0722336
9.9982E-05 0.643139 0.302274 0.0543871 9.9982E-05
9.99731E-05 0.627271 0.372429 9.99731E-05 9.99731E-05
9.9982E-05 0.702086 0.2731 0.0246147 9.9982E-05
0.00163261 0.511572 0.472947 0.0137493 9.9991E-05
0.213272 0.588719 0.197809 9.9982E-05 9.9982E-05
0.167874 0.583388 0.15827 9.9991E-05 0.090368
0.123755 0.640978 0.165732 0.0397166 0.0298179
0.186 0.602452 0.172365 0.0144682 0.0247142
0.130435 0.674637 0.102154 0.0367098 0.0560645
0.593683 0.151164 0.0327955 0.142285 0.0800722
0.0296808 0.0433729 0.112568 0.016933 0.797446
0.0824126 9.99996E-05 0.0770491 0.0263368 0.814101
0.00562306 0.00489632 0.146375 0.0160355 0.827071
9.9991E-05 0.172857 0.137851 0.0100663 0.679126
0.0719385 0.117208 0.0154721 0.0250668 0.770314
0.328607 0.400224 0.125153 0.0308122 0.115204
0.259046 0.580047 0.0819811 0.0331688 0.0457568
0.134544 0.769357 9.9991E-05 0.05912 0.0368791
0.284146 0.426859 0.226074 0.0628215 9.9991E-05
