IBR/IBR_outputs/all.combrep_1/FireFreq_2000_2008_Total.PersistForestCover_Total.Silt_Total.VRM_Total/FireFreq_2000_2008_Total.PersistForestCover_Total.Silt_Total.VRM_Total.asc
NCOLS 160 
NROWS 95 
XLLCORNER 210004.651214014 
YLLCORNER 7350008.22228844 
CELLSIZE 4999.99999999997 
NODATA_value -9999 
[rows 42 to 62 of 95, columns 46 to 91 of 160]
1.4272010640165 1.43477623420707 1.46096614759955 1.35332827667257 1.3006575356647 1.31582303243119 1.2912229817482 1.25631640825914 1.52260134030288 1.39758767363906 1.37858852397496 1.34992526039016 1.20719670417978 1.30366962963204 1.0991298622275 1.22022301000914 1.32354423191647 1.24281324517453 1.23609188009277 1.23771762539547 1.25900032088595 1.22702002157095 1.2451861154222 1.3145614433314 1.3418223771529 1.47912178472041 1.59753688505664 1.43183510434096 1.84921933913129 2.06651556542745 2.19621658343745 1.78659342928539 1.97121988478519 2.27601497112306 1.99794108814181 1.85861278389642 2.15838934274302 1.8257181707406 1.24992482398586 1.24462435999514 1.16073363850803 1.19957986374277 1.23282545032392 1.1744057538709 1.66724802650992 1.95014648620366
1.45702951877491 1.38645757787004 1.41379818086277 1.60898100758807 1.38424676864235 1.32515099061088 1.32815653402555 1.49999528597915 1.46733052165264 1.2898992913121 1.36375008225269 1.48658927246732 1.83158522908302 1.30310696470291 1.17106365793265 1.27948355367631 1.34113577146703 1.41997411330563 1.23251061968082 1.25033890538225 1.21949527749044 1.28819207084456 1.2613477051949 1.29638525557098 1.39305056809821 1.43828049457001 1.53969778511119 1.48616150798497 2.39567519336002 2.07004505301534 1.45722337002094 1.57952578654297 2.23564281324982 2.70470135153521 1.85426384642407 1.54420942606158 2.01233980499794 2.67970226490266 2.87951173723853 1.38897315557141 1.61084106962698 1.95151044523596 1.46426097671794 1.48479551796765 2.72571027888717 1.35696747553696
1.81409109752696 1.95032722712157 3.04330080469094 2.60680129481276 1.52080669887667 1.30189277813765 1.3221522195042 1.27537553353253 1.41036628218097 1.54056947271455 1.43248223663694 1.26235292765687 1.35360610077057 1.65206697176828 1.49252225840999 1.32098936076616 1.27506307951963 1.28766494871433 1.42057688754579 1.56570933409607 2.00192549385945 1.36155655402002 1.20172350340753 1.236433940945 1.29245093885937 1.35168269615204 1.43335346208088 1.5233101458972 1.79742653709053 1.95740099780575 1.89970861539401 1.4318727642374 2.4442485568468 2.05395574900459 1.33291866758604 1.33953341233262 1.62723261653308 1.93328858190646 2.54204965522926 2.56018468891369 2.94206142380099 2.62768405705352 2.31419552443761 2.10603010701189 1.90741014264309 1.51817914265489
1.62762601259938 3.34526442395043 3.56856974222675 1.47393427212179 1.41595967030955 1.6935722603787 1.59461950260526 1.41861351201201 1.53137131085874 1.35574059872469 2.74070811704948 2.6715498303197 1.52644571849365 1.29838797744713 1.49484281091962 1.54798432066776 1.25066883038787 1.24311734631747 1.58162036588285 2.50305043034436 2.22369058369516 1.82184590907791 1.24699230372989 1.2538590655122 1.22819100484492 1.24087628724157 1.27815298516133 1.37532321372357 1.41198011474818 1.42717569731679 1.88956886402503 2.14046433686829 1.9066442640607 2.15144615352049 1.6371435115918 1.360658284954 1.29913728323522 1.45242870457921 2.54443100455685 1.68164075780932 1.9225156032112 1.88107443961342 2.20931302387589 1.91030643859869 2.22303818542898 1.61020909394033
1.58801886963428 1.51969683538456 1.40112845111122 2.16853567120846 1.78369354503276 1.54399802746532 1.25387255690959 1.51669162536249 1.71679563809373 2.52630121156526 2.24078652527025 2.11751596628135 2.22946738677907 2.90275075173396 1.18445877073161 1.2047461433903 1.28011078106542 1.2305165334583 1.28547843502063 1.73404639005216 1.49354408122718 1.4129283197754 1.2942206248291 1.32737737319756 1.23010964042216 1.32058673380653 1.22591284948712 1.29396868080471 1.62928273415821 1.35457845932614 1.45299192073069 1.87839860774835 2.39990669794193 2.1053273436856 1.78276207761678 1.41203470620248 1.30600893741255 1.37835280385536 1.48505915046666 1.77272389997114 2.10419842039025 1.884313882677 1.98152725347611 2.08398112299508 1.87076953198813 1.25479800306276
1.48687840609873 1.48186403315793 1.22840393514104 1.18783004783119 1.24350367915327 1.17912098490126 1.23687809493353 2.85950516842687 2.68933271603322 2.32277091599816 1.90358397466589 1.43703366383577 1.81718822166071 2.6117279510411 2.67828434868311 3.42607801979864 1.40210208331286 1.164778610458 1.20013196554384 1.21090791690994 1.21413670306074 1.17693743080736 1.18447537437996 1.31070465075339 1.28397732742997 1.34587855718362 1.28485012627319 1.4568091350752 3.57604979108151 2.64426455688493 1.29194344561213 1.34197030342644 1.47540714300913 1.54885649724217 1.39608832037067 1.57654028683946 1.38353656265548 1.34988032522664 1.44742701794044 2.66383437670731 2.23246632231061 2.05664704590019 2.06482829965959 2.04563438523151 2.28368061646965 1.52277946693359
1.23656361228733 1.3554095730299 1.47113742736444 1.27442390785273 1.18452447344926 1.37016041495764 1.96889827690191 3.2533182011182 2.49347526812249 2.08751199169547 1.84812938767811 1.58100923621518 1.65173747332688 2.056023175966 3.48135651899695 3.55510631684374 2.15844591297759 2.20202613550212 3.27793525352255 2.89805829496216 1.81218368969389 1.15006047224485 1.15524507666009 1.1970873784626 1.21695002339593 1.32522340933325 2.14966828341252 2.40020171475316 2.50147262445821 2.6474676249737 4.09055158093377 3.40418813242813 1.2585668794297 1.46490063908669 1.55056208523958 1.59784349486012 1.36910981070156 1.35913876837018 1.68430894156286 2.18756928007115 1.55160984495413 1.65775502881601 2.35147877976161 2.2886883938736 2.26888666044612 1.7173946262417
2.63824221814034 2.24058424346416 2.08847367436096 1.79397728084509 1.63924674861285 2.27440134287278 2.64957923864797 3.18444477877009 1.57775953492051 1.30122349323148 1.31717907370976 1.2423576935635 1.40199375046119 1.51473447998646 1.68676328417078 1.88202998358884 2.93752502357024 3.16979409507919 3.58898973017114 3.29642972582216 3.35112798363013 2.45244711610879 2.06814748309546 1.20877122706312 1.17998120811604 1.22194583093693 1.33758298965818 1.29202775281745 1.42545336289958 1.52253415434077 2.7111419708781 4.4766410595518 2.21775636102382 1.31672180598746 2.2280025851788 2.32596662691105 1.36342987734705 1.3281988422942 1.39183458283578 1.55607963678425 1.3588585166568 1.44538955155836 1.6868952482357 1.79472565743555 2.05005249225291 1.78531789039722
2.88383760238838 2.30749360248159 1.93663974704765 1.86405161104542 1.6508873849152 1.76135552822303 2.61636800016384 3.34438439803877 1.82008767682329 1.42709861724262 1.26959286646235 1.2228461783198 1.20852652799639 1.22705897832713 1.2862372981872 1.29459410031664 2.42384599216532 2.59478875682765 2.20336875186614 3.7639635174614 3.6306744777968 3.14710638304754 2.84824468372347 2.41210580928449 1.45742398577391 1.18293389206811 1.81743462762419 3.58148135510816 4.19572955837234 3.57006661982855 2.4867547783198 1.48786157333461 1.97676308963802 1.24697518321331 1.38466912400753 1.33116593435772 1.33100479861732 1.34061262157306 1.33408912906783 1.37091511040107 1.4151494891655 1.35331836896172 1.46564715106537 1.3885188467379 1.58787835867727 2.42916899006749
2.58295484917046 2.37322157867223 2.06056925165802 2.08830302114027 1.93067021441957 1.35531600840892 1.76863410913204 2.41416578952034 2.0832542696786 1.69741059537523 1.66241334045905 1.31523429402185 1.3024261082424 1.21792334520608 1.23213251942043 1.21823058764326 1.21994419480955 1.25770687395441 2.32786543923126 3.58975639394193 3.42423802806805 3.10144564297322 3.27214106329758 2.70351957339848 2.609154982319 1.75103541811535 3.7737848160241 2.8653227409701 3.35965101281761 3.17157849500887 3.36979940090238 2.16649868491041 1.19188065122281 2.32774868317656 1.43448347174617 1.54824996943852 1.47623716462124 1.40359757689388 1.3773699986694 1.36302348170494 1.37419393686326 1.44179939107699 1.37825825749345 1.37259161141813 1.52422554310917 1.86271632574611
2.54586701673683 2.85084027973496 3.39437647708013 2.15744244370706 1.83647249951655 1.36575693086202 1.20175438878031 1.32096841351129 2.16365967892421 2.06653122340309 1.60277312609634 1.51136545565398 1.44529305375138 1.24474746350073 1.21935948771076 1.23178596522172 1.21992695744976 1.34086903804413 1.85339313148716 1.94803722720297 2.63057717103444 3.12648653307157 1.86561097553351 2.54610509483122 1.28508415489411 1.20501517751908 2.09104147454517 2.09932154226947 2.3901207979742 3.35062654809539 3.66237981781025 2.33999041508772 1.19175859964352 3.37195791334285 1.26557133682546 1.40565007686165 1.26706501510772 1.24957770341626 1.28372890879528 1.28011138708008 1.26805710413755 1.39699176164393 1.46994894979929 1.400868914089 1.41554922227202 1.5256989799369
2.22592027761358 2.27876030160717 2.54438520716588 2.1900351034802 2.02472610272418 1.68332454264457 1.46408447329133 1.62159327864017 1.94170252012737 1.5887406827039 1.75862461212929 1.29387586868359 1.23683305868489 1.23873246161609 1.27138227389279 1.62509169951643 1.8369718323266 1.7849944279558 2.58368663821926 2.5966294071813 3.07861940521768 2.97153284207452 1.93811162103847 2.23654880319832 2.12019507133677 1.95864807016679 1.62986689345804 3.03303921031273 1.75179403059409 3.40355240974202 3.88089701509287 3.66282699695292 1.22600839450986 2.64255878106452 3.26701738300558 1.78653120678844 1.78216146907286 1.38473513220507 1.37421834091133 1.3059228605781 1.4598936848872 1.32831234021125 1.44144309198911 1.32645254185748 1.31530737998646 1.31920189854429
1.82377459228619 2.1367011177252 2.33324499208188 3.05317063266054 2.79191770736258 1.40918118557111 1.73394696888739 1.93731385128028 1.6468345119312 1.38062785144859 1.36639638910965 1.31237772802839 1.31230827783622 1.35368589792673 1.24893660531725 2.25597322742808 1.86757194417181 2.00714269126779 1.93306472345277 2.82154462000494 3.57999285744086 3.21494172533612 2.55476073595004 3.5245047690858 2.68109202503528 3.47289310619137 2.1696241874343 3.04895066484981 2.61842522348001 2.72004385217327 3.01525114708498 3.56751343907827 1.52480971981872 1.17860394667762 1.28346092573977 2.68467612413837 1.85463246370215 2.26732957438377 2.15938855815284 2.6988397572824 4.31391785857433 3.86401406956418 3.699196946888 1.58458991779705 1.29263493959198 1.29820971054791
2.54659547914779 1.78312872299305 1.56898181648794 2.02119950292618 1.77640189845012 1.88409111612794 2.06828345937758 1.53099074666715 1.60653007487014 1.42263944872485 1.23934534205477 1.21388959981576 1.61345480851188 2.81265811089346 2.47589784281422 3.32327217058007 2.36961925752825 2.32032164405385 2.85034496872796 1.42893053713744 2.8373372920271 2.91007605684766 2.00447757320734 2.87545678654071 3.78235322833136 3.31939945740419 2.92475140304811 3.6360080151924 3.51496321565644 3.39040781167656 2.69151801841342 3.59731159897323 2.63125477881574 1.39999047827069 1.33729365421982 1.45390893306481 1.43540836698517 1.26884831055353 1.25922725861756 1.1784701482187 1.31428614683045 1.69838230756847 1.9451112393747 1.77619052921691 1.86832328698477 2.03506897074395
2.71563436881368 2.29180066001377 1.56885224992337 1.42882060025727 1.37185212531462 1.51458645613263 2.84300825236566 2.2908298558331 1.59803966245397 2.73919637588391 2.83478446539078 2.4164603895783 2.16391399851957 2.03079977405506 3.12303724173098 3.00473242856436 2.95517581430623 1.82096628299904 2.84614326484238 2.34649056985579 2.86748410087257 3.33213272636029 2.50062443080751 3.19577124354333 3.50710738591994 2.55173352747333 2.00924879870726 3.28350844049264 3.52114877935795 3.30193031790289 2.79305051873546 3.18493527382758 3.50151792085189 3.17860237045538 3.83008331940342 4.00893230428442 4.01257873155955 5.46094292168005 3.03450715741765 1.24595493501673 1.17941289082971 1.38273972625879 1.52671793910028 1.26701056432951 1.6551237688172 1.86320435148314
2.10953612791223 2.42166620753216 1.76114083540003 1.41606693948241 1.621039791605 2.10652466434616 2.89538581466965 2.05740079928088 1.8581074859804 1.9713057937851 2.47403563305689 2.02994085973185 1.56872069050136 1.246103059974 1.29054063111127 1.36433429211369 1.79394362080637 2.27156557660434 2.85928614313169 3.27469866457796 3.34604488176952 3.238693347615 3.03580708456959 3.42570210686759 2.61854387821115 1.91682263702833 1.36443300729696 1.73580971988122 1.57952086344525 1.41497633526182 1.58826617362609 1.36739977611047 2.86905508900188 3.78315589847021 3.31152695286737 4.1049163094511 4.30657387793909 4.13558858431605 4.13475062154432 4.11790965651531 2.50916568898673 1.19978443839838 1.17010331630304 1.32785482657268 1.28255217854886 1.18933229553879
2.47003054786492 2.37716986878505 2.1337169546979 1.40877164272606 1.40102674579643 1.79761660833154 2.11019322028071 2.76066607658384 2.8068492945579 3.35665898499992 3.15709264533031 2.23823999864741 1.98157585618178 1.32211867347544 1.44982516010165 1.40417907752654 1.62640610183516 1.48644016644907 1.39403346051792 1.42781368122528 1.57579689166741 1.31328931573796 1.79511398400611 2.16197365461095 2.21992799932386 1.73095069473116 1.40963512535417 1.40744421941406 1.97429436782679 1.47419873942648 1.28361128632677 1.3232130184442 1.29624669130098 3.84102765300263 3.9454909413895 3.30005316319843 3.49423576305069 2.99381133312586 3.310542657748 4.30713803662955 3.96185891121089 3.80536045632556 2.71688953215931 1.58769945552648 1.16835020366567 1.13510779696921
2.2216141005867 2.18948347917659 2.86710875471834 3.03222507190989 1.94408819806907 2.45625446435312 1.76211004176088 2.12675974678248 2.15846788296389 2.9456172306806 2.34352441299193 1.76965708175916 1.45383569789635 1.32797428925216 1.25339515197272 1.31789031773123 1.85977032148101 1.59368736813422 1.3179509590717 1.2468980117525 1.29336698895138 1.42910968680237 1.31356041661559 1.29984809069814 1.28070945487934 3.25974006995352 1.99083476044214 1.67026678869645 2.65594104643507 1.88078680259431 1.30865011581239 1.5000763127037 3.51902723508332 3.34908761719969 2.77401572465807 2.18088309447355 1.43894052580531 1.48482314093926 2.77956196020113 3.41026012983875 3.36027807889191 3.62269122790881 3.76664700099987 3.80676283376836 3.3191666050325 1.5410993084896
2.91058589354684 3.19726231780474 2.85486777536395 2.71438890208224 2.54164725310525 2.31567770680338 1.8485162455919 1.99196938132318 1.96927226336918 1.8844751813343 1.68221002952541 1.32206638937531 1.47908245861587 1.30963236852908 1.24492478032795 1.56788359837726 1.53159827172886 1.51660923977083 1.59170645894363 1.31690805299506 1.68953635491854 1.4987190635115 1.3300792375151 1.23682852463025 1.60010751553196 3.33094598012462 3.18747591388904 2.83550398891546 1.36367073014167 1.28202267899996 1.54931715723984 1.63443011565061 3.24376607326702 3.80101440751466 3.04212562079925 1.91627202372535 1.19044956381899 1.19380633340752 1.32843706358339 1.40251377147861 2.30423277082325 3.33176855221643 3.73032813497007 3.2622303093996 4.17331152679572 3.87257836345173
2.53807511617446 2.64904196327218 3.28717946932009 3.07148194475686 3.00493045572126 2.78336957873715 2.39326788847319 1.85692448586588 1.57318612444358 1.34432436870254 1.3720379966962 1.68630090738918 1.46349275974543 1.29371061113119 1.27935292501185 1.64216897510543 1.47316484681136 1.66867491796723 3.11967532250373 3.44550757032443 3.13590936424555 2.99638236315369 1.51070318802695 1.24925820708115 1.27037076401126 2.46550685815312 1.68613091468145 2.12612788015118 1.52321658811307 1.23510556759156 1.59623305931352 1.49861916813834 1.74990436016982 3.46936959752406 3.78084510796063 2.1445124020472 2.2528304030757 1.38368000442716 1.19395170376341 1.18526594689449 1.68214408416327 2.07771930669228 3.12304602848682 2.1165105190021 1.99040484745558 3.88395080787027
1.76252222496612 1.83259518938277 1.93186502518885 2.94159683745962 2.89164259794907 3.29551197723799 2.3503207547073 2.32386830714402 2.14613554175092 2.23781263995025 2.72542574258938 2.44166201868877 1.45213202967431 1.34692060233038 1.30291465760725 1.52566869702409 1.68824213061238 2.67716279174281 2.83193158121511 1.93753881190054 3.37919848730226 1.98548228348346 1.5706481034736 1.40947140783476 1.41093445634062 1.18490603840453 1.29237781588946 1.56617409326245 1.64936768323702 1.32397573481105 1.34611375525908 1.34799353839246 1.71976273742569 2.64672850481428 3.15983278265913 2.23782852041816 2.7482073935186 3.89699973622905 1.46358887921861 1.26009547450656 1.75637618167565 2.5904266940902 1.64177628115189 1.97156636036102 2.61540178189889 3.2711449707741
