IBR/IBR_outputs/all.combrep_1/FireFreq_2000_2008_Total.PersistForestCover_Total.Silt_Total.VRM_Total/FireFreq_2000_2008_Total.PersistForestCover_Total.Silt_Total.VRM_Total.asc
NCOLS 160 
NROWS 95 
XLLCORNER 210004.651214014 
YLLCORNER 7350008.22228844 
CELLSIZE 4999.99999999997 
NODATA_value -9999 
[rows 0 to 20 of 95, columns 92 to 137 of 160]
-9999 -9999 -9999 -9999 -9999 -9999 -9999 -9999 -9999 -9999 -9999 -9999 -9999 -9999 -9999 -9999 -9999 -9999 -9999 -9999 -9999 -9999 -9999 -9999 -9999 -9999 -9999 -9999 -9999 -9999 -9999 -9999 -9999 -9999 -9999 -9999 -9999 -9999 -9999 -9999 -9999 -9999 -9999 -9999 -9999 -9999
-9999 -9999 -9999 -9999 -9999 -9999 -9999 -9999 -9999 -9999 -9999 -9999 -9999 -9999 -9999 -9999 -9999 -9999 -9999 -9999 -9999 -9999 -9999 -9999 -9999 -9999 -9999 -9999 -9999 -9999 -9999 -9999 -9999 -9999 -9999 -9999 -9999 -9999 -9999 -9999 -9999 -9999 -9999 -9999 -9999 -9999
-9999 -9999 -9999 -9999 -9999 -9999 -9999 -9999 -9999 -9999 -9999 -9999 -9999 -9999 -9999 -9999 -9999 -9999 -9999 -9999 -9999 -9999 -9999 -9999 -9999 -9999 -9999 -9999 -9999 -9999 -9999 -9999 -9999 -9999 -9999 -9999 -9999 -9999 -9999 -9999 -9999 -9999 -9999 -9999 -9999 -9999
-9999 -9999 -9999 -9999 -9999 -9999 -9999 -9999 -9999 -9999 -9999 -9999 -9999 -9999 -9999 -9999 -9999 -9999 -9999 -9999 -9999 -9999 -9999 -9999 -9999 -9999 -9999 -9999 -9999 -9999 -9999 -9999 -9999 -9999 -9999 -9999 -9999 -9999 -9999 -9999 -9999 -9999 -9999 -9999 -9999 -9999
-9999 -9999 -9999 -9999 -9999 -9999 -9999 -9999 -9999 -9999 -9999 -9999 -9999 -9999 -9999 -9999 -9999 -9999 -9999 -9999 -9999 -9999 -9999 -9999 -9999 -9999 -9999 -9999 -9999 -9999 -9999 -9999 -9999 -9999 -9999 -9999 -9999 -9999 -9999 -9999 -9999 -9999 -9999 -9999 -9999 -9999
-9999 -9999 -9999 -9999 -9999 -9999 -9999 -9999 -9999 -9999 -9999 -9999 -9999 -9999 -9999 -9999 -9999 -9999 -9999 -9999 -9999 -9999 -9999 -9999 -9999 -9999 -9999 -9999 -9999 -9999 -9999 -9999 -9999 -9999 -9999 -9999 -9999 -9999 -9999 -9999 -9999 -9999 -9999 -9999 -9999 -9999
-9999 -9999 -9999 -9999 -9999 -9999 -9999 -9999 -9999 2.95727093932005 3.02662963608624 3.07705036349778 3.07423842010954 -9999 -9999 -9999 -9999 -9999 -9999 -9999 -9999 -9999 -9999 -9999 -9999 -9999 1.35172866936045 1.14918940503623 1.18796395052635 -9999 -9999 -9999 -9999 -9999 -9999 -9999 -9999 -9999 -9999 -9999 -9999 -9999 -9999 -9999 -9999 -9999
-9999 -9999 -9999 -9999 -9999 -9999 -9999 -9999 -9999 2.89464205093826 3.10444735439555 2.95907127809728 2.4150562977849 1.16917165645656 1.89009705079835 3.07963205919281 3.09227448051629 -9999 -9999 -9999 -9999 -9999 2.94936047014147 2.04759020317013 1.67023399790521 1.85208880312989 1.8046602789639 1.15160173190755 1.14356746759937 1.1300674753506 1.18059439593703 1.11515900740189 1.12682038534087 1.12925192437729 1.12645707402038 1.12574424278254 1.12120868937023 1.12062562535616 1.12637767635465 1.11480512404775 1.11377296316636 1.1561284511463 -9999 -9999 -9999 -9999
-9999 -9999 -9999 -9999 -9999 -9999 -9999 3.09296089405029 2.27492376897655 3.08692583427665 3.09979584459085 3.097355897675 2.26057279905258 1.59987533448046 1.71535285302169 1.2677171753289 1.61888706073042 1.31985239160954 1.1458571118006 -9999 -9999 3.09296592556203 2.95091504551571 3.00219596340968 1.5641391294804 1.11545178812754 1.12823547546436 1.12413196566706 1.11663877605371 1.11265163232625 1.11726569138812 1.1141683886184 1.12062028919662 1.11806929733116 1.12018427203646 1.125524532702 1.13025694456853 1.13060520934578 1.12657840726808 1.12491444924719 1.11673398345804 1.11602214516566 1.18941177119497 2.39553371008608 1.23846736972628 1.27005457514661
-9999 -9999 -9999 -9999 -9999 -9999 -9999 3.10517635318996 1.27627989606649 2.42138276986489 3.21201401820867 3.17121519755022 3.47687296921903 1.49101224516351 1.19306304333539 1.15888127499198 1.17621191493344 1.1854262018155 1.15670458948637 2.23137726927003 2.08514657758053 3.08776947001046 1.17851677348807 1.21016929512855 1.1194383660663 1.11153505390178 1.11885686349006 1.11872726064656 1.11389087774497 1.11376789785973 1.12185837097925 1.11756655865631 1.11939778100421 1.11758135592443 1.11511462273512 1.14504265319167 1.14018087161181 1.13603839146216 1.1221854134411 1.1213985216684 1.12081729305119 1.11752036418543 1.16096985977134 2.39496445500432 1.1122471984172 1.18107175054999
-9999 -9999 -9999 -9999 -9999 -9999 3.13381831601951 1.30248084443287 1.29885074295399 1.54461844623649 3.24964380429327 3.14781275623873 3.2736523801796 2.88737779388314 1.31024577794892 1.20110966011194 1.12891187632293 1.10292543508431 1.086902795248 1.3471988073298 1.16139860680035 1.12311597756653 1.11763703580176 1.65280331850585 1.39235047541453 1.12295956169857 1.11638386707946 1.1139406400181 1.1115575586628 1.11714003502527 1.12020906774549 1.1178439473131 1.1193388096521 1.11519025632551 1.12442106566282 1.12601329741558 1.13521124079364 1.13320586446822 1.12013826408534 1.11987877004348 1.12948615683861 1.12202345285601 1.12171845685342 1.26932235111023 1.11439814596422 1.11593303276019
-9999 -9999 -9999 -9999 -9999 3.12307431879858 2.71818710705227 1.24271809522245 1.5019886221516 3.25227861387131 2.84765465298134 3.17556511250859 3.49657630186594 3.76086432182834 1.6124883215254 1.17695473042094 1.13947322186768 1.11799346592558 1.11000903694032 1.12081978211007 1.11278607289083 1.11239787227663 1.11319609562747 1.12380998464339 1.116356110185 1.11823131031045 1.11423410580157 1.11432413221869 1.11204259483643 1.11867848743432 1.12679942437019 1.11804526607829 1.11741836488609 1.11635268267003 1.12079074571326 1.12335615252458 1.12213553465229 1.12624370194582 1.11834255680227 1.11104133867386 1.1231344522485 1.12249198513541 1.11800946594109 1.11736237267954 1.12458115501891 1.12533518991935
-9999 -9999 -9999 -9999 3.12571172764882 3.10467390006663 3.09275270343925 3.10095131613361 3.21474455006077 3.41285199755053 2.53954325045459 3.10791905831853 3.93531300684714 3.92962905415427 1.85379479751481 1.21285848847707 1.1244188463499 1.12595751231131 1.11603099451111 1.12236459183225 1.11453742891036 1.11182707456595 1.11290651555532 1.11072650281225 1.12155462748297 1.13334439435052 1.11958715072866 1.12338834585253 1.1191183076477 1.11221231288205 1.12060668420609 1.11859503627852 1.11633527498253 1.11686539458699 1.11326028533328 1.11343621498579 1.1123660231854 1.13047964193803 1.13558446143445 1.11736700963461 1.11623482267243 1.1256267140756 1.1295336837031 1.11787742151502 1.11754885662945 1.13774840272273
-9999 -9999 3.08651684128321 3.0174747687491 3.02482934098943 3.1713427142237 3.08779493983559 1.15811945311829 1.12074200414575 1.18486612491984 1.45860068979085 1.2780644597378 2.60749391365555 2.74191048103553 2.09394615097124 1.40342221558072 1.11937517445576 1.11899639935336 1.12720917049812 1.18178850198393 1.12648082160909 1.11772822083791 1.12047188088252 1.11342475249778 1.11314825272045 1.11901081399115 1.12161303391366 1.1280283787617 1.12278840706944 1.11539026570422 1.12781611547939 1.11882232979283 1.11960630515144 1.11155178887741 1.12524389454304 1.14527917635493 1.11963714977486 1.13502450906525 1.13302725630909 1.12767421759204 1.11407042530677 1.13301742440254 1.47632796744048 1.1155604193041 1.11553101853566 1.13549390136751
3.06712440101124 2.99294742765495 1.22978418886052 1.78180234159345 1.95753115543994 2.17776835531996 1.25201739519392 1.12488992744623 1.12228453427589 1.12746740003728 1.3495584518784 1.60094837128948 2.72886553290788 2.002782028061 1.55831449164312 1.3439179235566 1.22353349535465 1.13698475229959 1.12786963325908 1.30198516540225 1.12260383495192 1.12110749156145 1.12695559102657 1.12599521710254 1.14668911923143 1.12563196605587 1.1247843355516 1.12088656259257 1.12645047773367 1.11792305722759 1.14323457428929 1.13721758642891 1.11790937770587 1.11406289945285 1.12837005127761 1.13757677487626 1.12652549860324 1.13754732853492 1.12071725844914 1.13167225610307 1.12917533787853 1.28104014386647 1.13533856803346 1.12135781682306 1.11484054702269 1.12732247003389
3.10653303178862 2.39938189542453 1.11703871623186 1.11804016969244 1.299874720519 1.40532605273558 1.1628638519389 1.17061478051483 1.12861028453213 1.13501112401244 1.31240913032727 1.17743388417209 1.14656030605504 1.22378127472054 1.19428388900108 1.52294341565416 1.94516699276535 1.27351603353539 1.46445608126813 1.2759174041419 1.11542077095504 1.12135603412381 1.11986402264499 1.12128220135013 1.12747893128578 1.11759655415209 1.12115234006992 1.1417685171214 1.13630076838808 1.13044152226968 1.14459492251569 1.12545392450499 1.12816351701669 1.19934792864457 1.1403222434022 1.11646954908933 1.16652065058888 1.13108968480239 1.13963603531025 1.13967202229417 1.1305106356525 1.16379537469709 1.1205734776483 1.13226026796543 1.118339741875 1.12281121430266
1.26296197968462 1.7869636125267 1.12419168779507 1.11984238584832 1.14389580572663 1.14400411427097 1.22438382094201 1.16945699803496 1.12512910629682 1.12060852254325 1.13096753998646 1.15362834481905 1.13003341579355 1.13485972599966 1.1279400028857 1.14142434325245 1.49058262096615 2.27923244673441 1.4984383560346 1.17321490922181 1.14604202711292 1.17531907291742 1.13173206010318 1.12857760551286 1.13104861265834 1.13045160718123 1.1310887857543 1.13299483471241 1.19194274727947 1.24471882552236 1.14437717194606 1.12672069513039 1.16986633232103 1.14125972535024 1.14612947777036 1.13635965268332 1.13726703529274 1.1403377815042 1.13688945525696 1.13933433820834 1.1461723318466 1.14903775639475 1.12902831619944 1.12481990219684 1.14540034262715 1.13217834085781
1.16535882304024 1.4006087053091 1.13641637548513 1.24371250269202 1.56708304367031 1.18191568222156 1.13764893438625 1.1230733862679 1.13413870331515 1.12494998238449 1.12608771956447 1.16143865077748 1.15314066182697 1.13113423023585 1.13202373642383 1.12453392848228 1.13880875138456 2.15332232939798 2.43992133377534 2.23873473628588 1.15110161739888 1.13892355483153 1.12764674366417 1.13030559339528 1.12698725404323 1.12816925317814 1.13884528354628 1.13380511919796 1.29303858575042 1.48802350224255 1.272678373066 1.14381285878577 1.15739255714782 1.14087574195144 1.13847008443092 1.21775689734631 1.18464285469443 1.14937907654785 1.13223770392637 1.15014543076735 1.11778457373545 1.12639064618688 1.1235729082561 1.15215536760159 1.15521157867695 1.16443945738506
1.15850749858757 2.39800435094478 1.40353499603825 1.12887579675893 2.73546225764152 1.96478565846866 1.12786679144679 1.13172401310259 1.18482839764129 1.12633022218265 1.13085004749486 1.15483323353474 1.13610991849308 1.12519102118609 1.1337363055751 1.1195603269971 1.12613034622569 1.1472172918754 1.21639150249629 3.1067981049088 1.7943051366856 1.1456450148057 1.12903104320684 1.12499274899548 1.12408293422812 1.12362922094657 1.13966859428048 1.12662252796346 1.12284353193196 1.41920403188957 1.83314068030829 1.81793227890618 1.19259543720155 1.13287579758454 1.13209126314166 1.12682118300865 1.13446084114658 1.15231105439432 1.14391474058711 1.12944201200382 1.12366586330906 1.12582951156962 1.15501138421542 1.15363498645035 1.18169360019208 1.1602728870199
1.12638217447247 1.55532993968779 1.18383688633158 1.16102680325475 1.17218479366592 1.15855439444887 1.12993386678436 1.13791054675112 1.12759701615288 1.12268592843964 1.12582573134834 1.13652828021483 1.21332127172532 1.11871752378327 1.19999498105741 1.12107032449991 1.120349805889 1.13361497494018 1.13647524379191 1.17082153862552 1.34569867400297 1.28439508375065 1.21279643327922 1.17639843119122 1.12198559382578 1.11890841040114 1.12432475005519 1.12349120421759 1.13703945184605 1.15102066440612 1.19875138942395 2.02726784090927 1.63814749049735 1.36025224901247 1.29985464455124 1.44692742142476 1.65541994326197 1.49558387291378 1.17449518941038 1.13101591108924 1.12545355966558 1.17528727763633 1.27615400272176 1.2113152051898 1.16758566872651 1.16737065438212
1.13979116969911 1.15095964805471 1.20192776706273 1.16334437972607 1.14791851146528 1.12565689901661 1.19691949995318 1.17098316943894 1.12011530426359 1.12478996057248 1.12480606479603 1.12741727085304 1.79082819464599 1.16242774652601 1.18310920684747 1.1305910994484 1.12137820977938 1.13259464272018 1.17435936861593 1.13975227699112 2.40905688102761 1.12369139329452 1.20250050383303 1.14067191721478 1.17893336441537 1.15060928167307 1.1527592063391 1.19324001850737 1.14588248714532 1.11391495926043 1.11817716978294 1.18012433834914 1.79734743792678 1.64052105949024 1.61106842152629 1.53406857454085 1.63456510110002 1.11406310943819 1.11843338900279 1.11636643464327 1.14811359700562 1.30321606650779 1.13191256482678 1.16337579562512 1.16874734151096 1.66755014314998
