IBR/IBR_outputs/all.combrep_1/FireFreq_2000_2008_Total.PersistForestCover_Total.Silt_Total.VRM_Total/FireFreq_2000_2008_Total.PersistForestCover_Total.Silt_Total.VRM_Total.asc
NCOLS 160 
NROWS 95 
XLLCORNER 210004.651214014 
YLLCORNER 7350008.22228844 
CELLSIZE 4999.99999999997 
NODATA_value -9999 
[rows 42 to 62 of 95, columns 92 to 137 of 160]
1.16153407249948 1.12931649706311 1.14904701534145 1.2267682110762 1.13494015366911 1.22148457666562 1.18798847414387 1.14891968287184 1.21710678396915 1.90429377282683 2.67389430897564 2.11291831639152 1.40576955722751 1.52384502404157 1.39199904047164 1.71000766711091 1.38721015683898 1.34514040168653 1.19417627016082 1.33194334624824 1.79479950989784 2.48318570145136 1.66796301898557 1.25223443607714 1.14190083302117 1.13667045466306 1.14678539395416 1.30395847900024 2.12827669707263 1.90524919938455 1.75018092224798 1.75866986730624 1.7110040662745 1.52865495066761 2.10110763950309 1.56357414536476 1.89218413470623 2.11642650918331 1.64701468802117 1.37531128354575 1.23417661862566 1.29778820825456 1.17658554268368 1.18112416320749 1.3314672644503 1.40531654230589
2.40522247751169 1.35145914107433 1.1877971272398 1.48242142860395 1.13300869848237 1.17421949948673 1.15261893097259 1.15045417245108 1.14258899721577 1.26328834837597 1.43539309508153 1.87433853231514 1.78536860485904 3.1155201474996 1.36773721413367 1.2330726807257 1.61388272571326 1.22712604157306 1.25225723285816 1.23531356230938 1.51504558152263 1.85326525784265 1.63509129841012 1.20019182557842 1.16113987939659 1.14230497902786 1.14338342880659 1.42654086499683 2.24258507650478 1.72878303677643 1.64675833179755 1.28134198370158 1.22134521213895 1.47162955789001 1.49837775906867 2.19395318686093 1.93671280475255 1.79581833513753 2.06045398316461 1.50852988217808 1.56775735629186 1.68115869369664 1.40519941011311 1.31770045735886 1.39326491226613 1.42467912383239
1.36522983683702 1.14966232974504 1.56466079328246 1.41258043294582 1.22798792171262 1.13198697727437 1.1359597267956 1.13998772108149 1.20928927496624 1.3790332472524 1.25667828639628 1.50332508353436 1.33871703942277 2.22577351106591 1.50630649541182 1.21504921102816 1.50168238294906 1.34517406658829 1.37012250119585 1.18631806755612 1.39998960628236 1.89540394171818 1.37632693477409 1.13135031503634 1.14153129511355 1.15205620235517 1.32235712401186 1.75897277510621 2.31581019623358 1.64869689334369 1.38048300497446 1.23852969469457 1.43926854056754 1.67002344056511 1.45798598500688 1.35221328228226 1.60249280072797 1.54729195801466 2.32814208700603 1.98909112745958 1.72700180494317 1.73865467487492 1.6559994087317 1.30886706856816 1.41451078424279 1.38466091659001
1.47654094231442 1.83711122665959 1.21002227177436 1.28115126758993 1.15932664033264 1.13509097674032 1.13132139272114 1.13916386276847 1.200609304609 1.27769172144125 1.172359283608 1.46015435863954 1.37463117473392 1.97986422625822 1.97042892959607 1.43544737373204 1.54030006472439 1.17790105015324 1.29783552178605 1.21419842858761 1.62306567844655 1.5555649699537 1.31302337517111 1.13849655573217 1.21487150892156 1.33887486271812 1.19392150405934 2.12987513361842 1.97409672547592 1.52006164550132 1.67994265604003 1.35023914180634 1.36559829325526 1.8527682171333 1.5921765564943 1.52425823358927 1.24092900247655 1.36134390308257 1.85997011752407 2.51908114489773 2.52966716255854 1.49173145357258 1.28766015730964 1.26377581622435 1.46901318516493 1.38395649343298
1.20338119306733 1.42787074749264 1.21504309568818 1.21472066593094 1.37699319411887 1.36692887483613 1.13771637705363 1.15846766411616 1.21187956559906 1.30068886460254 1.16775339478081 1.37525032384731 1.24856549083546 1.16727984808141 1.20072171963148 1.5459951634717 1.14227375199524 1.14802235788276 1.2846911394885 1.20149782704458 1.89824820325823 1.68302180767186 1.22026740358076 1.3267505935628 1.30430595825717 1.20367213952908 1.85984308237748 1.83958829958024 1.5296815524387 1.84280114187169 1.64866670916796 1.31110367713405 1.36728879611203 1.59585261992925 1.49407389145321 1.69031652590577 1.79792803244151 1.35748430402127 1.4509075323419 1.67358002069328 1.47264888686075 1.31788064853247 1.50332251027464 1.36246178246562 1.26361555493328 1.28340312756273
1.33798684021228 1.21513515958784 1.34672895680825 1.3609534457236 1.23411299183824 1.67298557654804 1.15106484841549 1.3540313995065 1.24377517713595 1.23289576791699 1.23271481312844 1.61184471942733 1.76588306561409 1.30266815439406 1.3489655131799 3.2912075887883 1.17158314503146 1.15597510489801 1.2616139006512 1.17564788869272 1.86563071920249 2.18172931008517 1.37534881773531 1.3506834362742 1.39095085935301 1.71324436763248 1.78636684638577 1.31487238675283 1.23155846704199 1.32040298779627 1.35127176819331 1.21341021718591 1.56775478236337 1.67438984711251 1.72422515622276 1.80364980768662 1.84626774391289 1.64191500780719 1.46582786637586 1.35022078869933 1.44311364687373 1.41772101780087 1.90053388710935 1.238988209425 1.22074851757647 1.25261675531302
1.22885848001239 1.56834179900162 1.61326146908862 1.17611054490456 1.17176929661368 2.727716197006 1.29925991138329 1.33596616669786 1.4805021374272 1.30999623236319 1.35955483123098 1.70459983455688 1.43869824467816 1.14186945716629 1.23192385323639 1.53028994286148 1.36048226798248 1.17928032630279 1.17652396389813 1.22104415399829 1.45139787466931 1.65864646187252 1.79877826788536 1.53602997076098 1.66531620892533 2.59594376978491 1.40462461569794 1.31351574593618 1.17887239273278 1.25813755765756 1.42434844842861 1.25033948123711 1.4634216228475 1.3276348153001 1.35520584695062 1.41375195710686 1.74630029966517 1.52019615615215 1.54172872575987 1.74248091916594 1.41914321091835 1.69826157400481 1.50417666045794 1.24780530747761 1.28558190175015 1.31584964404417
1.5344123187423 1.73917480148514 2.07779781300512 1.27428569652668 1.15122949641001 1.98603217762315 1.17913361446218 1.19115623315432 1.66860306750119 1.49620902329601 1.23297481993203 1.32626132554257 1.25679153721944 1.22092042573348 1.18478521992562 1.16795032749456 1.15195549886102 1.18281308811641 1.15288939387115 1.21894257525239 1.29546069607604 1.79418916487023 2.20998129253513 1.80922749999376 2.34867528042105 1.70543020011022 1.38097107355144 1.53849924575741 1.67102289540395 1.57039384772008 1.40357588876907 2.00208936637398 1.30517860935429 1.37747647642294 1.46347848746502 1.41111130189955 1.27629834353501 1.44212002569455 1.26392297484481 1.3096594700792 1.49369988496126 1.44931093616503 1.26893334128088 1.24621346259901 1.24767152265136 1.20061737837376
2.09312043645033 1.61792360548781 1.79665257948945 1.358316867302 1.80342755729708 1.34572204044182 1.35277774665456 1.14412131412126 1.25095410030613 2.2087120261985 1.21261274577498 1.40270499400408 2.00324576612591 1.28371329593577 1.43062363542861 1.14961379615864 1.15357060633132 1.17930753519777 1.16604017602404 1.20967177046821 1.20734986452687 1.53012447326349 1.46562470321794 1.60913617560227 1.82159204719325 1.46997609189343 1.4348709907387 1.42171031186694 1.40174470700126 1.72833060265438 2.23952104411912 2.19939435294706 1.41442534918269 1.44068601822221 1.45527355411606 1.38067727761984 1.410604567456 1.52408921830833 1.56030773574546 1.41962022977401 1.39292171651213 1.2778586580159 1.28525497649687 1.21994961016008 1.22193979665233 1.27856006163326
1.80722617367411 1.71208854128025 1.65842323368732 1.78158771750078 1.56276522330101 1.86497161132905 1.76283484989319 1.47033278377825 1.54208430574362 2.76775382363692 1.27321482609727 1.82799329242438 1.74522063758706 1.30215294132146 1.21001129722436 1.16491629915167 1.14663299827861 1.14821212358029 1.14149813489618 1.16185978425747 1.2851634617326 1.34168121233162 1.33909436382138 1.44371334540911 1.58511359651928 1.42293171861578 1.43812105101517 1.49012586319655 1.45574610942682 1.56219123914681 1.51857019057239 1.25853937952741 1.25967113757132 1.35860112589154 1.35912396724682 1.26906027000746 1.30101910102328 1.42641118178214 1.37359422021611 1.22920960404023 1.24246290755993 1.1923098903347 1.20473914605473 1.20294330174906 1.23674998430518 1.38557079297376
1.57326587034426 1.68048699700643 1.50142233112685 1.68224696873831 1.70904434915858 2.14834749400362 2.14068498710691 2.3442338665715 1.59450752191335 1.82452798462484 1.79956263956189 1.30694001348583 1.35462557141766 1.36163455518895 1.22121926672867 1.14154760663067 1.14865466921905 1.15554302160401 1.14553707238768 1.14372227432833 1.19201277551859 1.23704134367877 1.23260236225317 1.48345346181473 1.43710147058052 1.32361757859849 1.31908359601405 1.61857416803958 1.57606379881963 1.5620135023854 1.28943260640932 1.24497872760356 1.19989056684224 1.23627762819038 1.2091358164762 1.30490944051733 1.36441867390812 1.28230607912212 1.31740355384536 1.27611999683768 1.32162534983883 1.24393949916745 1.16799744116233 1.20525787098069 1.26551805830843 1.26898827350876
1.29581668896335 1.52532472017421 1.54102510515036 1.5463866160806 1.66159309900152 1.81133212912147 1.64566935911901 1.52933651356291 1.43650849848369 1.59068738454422 1.41094584321005 1.20174703315569 1.21898623240555 1.16602076303683 1.3754064443102 1.42105662803169 1.18294026934991 1.14866516528898 1.28299995800403 1.1624675323081 1.14745501746622 1.16962861838629 1.34454207975293 1.47128265286441 1.53464419034855 1.60866165463494 1.40937538204567 1.69716618996111 1.4320594222347 1.48502757422883 1.23451616726311 1.21794300967519 1.17553762915694 1.28495341200665 1.19893165075433 1.24325506555082 1.47265967882061 1.41240605402559 1.3303229105107 1.42467685494524 1.3981874657135 1.354324321775 1.80938961817846 1.30307007958408 1.80481777466262 1.27441632244888
1.30457022486675 1.31294807249639 1.38564846689379 1.34924515589625 1.37683000636239 1.40489330062157 1.42434405415007 1.49033889994136 1.48035005796012 1.54723618684647 1.74757271176408 1.49739729934568 1.2458538641526 1.33754048542628 1.59195636693552 1.95540652817627 1.33468716506453 1.14520125214662 1.17168370022683 1.17570807042278 1.20352214064427 1.19180832107714 1.5138469016515 1.36497546120534 1.3448059590846 1.34060579675836 1.3191289203033 1.32697355506723 1.31662478281237 1.51421961736831 1.42077512244322 1.22434498413536 1.17985490822907 1.17015348854296 1.31508550535365 1.34167792809886 1.25550686307221 1.28664941799143 1.23649595663881 1.65895083960394 1.41339448934022 2.73577740401535 3.19539230516717 1.35696045750709 1.52035408486158 1.33094146472227
2.40332271410329 1.23307431708951 1.27133850541549 1.3506067110864 1.32898884177675 1.39037503935036 1.32595759849435 1.39361407334766 1.33024917613095 1.35329949974157 1.45160949052626 1.58751138141915 1.51349447980235 1.63455774976866 1.44671112149346 1.53610700395369 1.49957163995098 1.28262088433635 1.33910690220647 1.29220612855339 1.25360722629387 1.34194274183521 1.57571684120568 1.36406826348636 1.30276407841967 1.36818637876648 1.26386217010214 1.38296400153365 1.27129882420016 1.29897241209291 2.4810288637852 1.21638466907379 1.52072986730333 1.21660452584387 1.60770761574413 1.67632395711622 2.20985158090921 1.51893303973851 1.23775177331476 1.38758362711802 1.3753198141976 1.99294563786898 1.73344516686337 1.91622790920706 1.40635054370308 1.69357013562131
1.35475906196726 2.17952520285833 1.68263142154224 1.5817177514532 1.20227604293254 1.23316667489178 1.23582483409066 1.32900737810308 1.23573743242032 1.3179040641696 1.33448643252401 1.35801601449877 1.31938834178911 1.33906018344616 1.41906277815262 1.55255948972649 1.83162871091411 1.50126057545666 1.49147701195955 1.47466298952151 1.4581944837435 1.35527457227136 1.33912304165486 1.30136328797961 1.4492239945389 1.36137440018417 1.28010518034544 1.65034043812351 1.23938901132371 1.25471364087788 1.16337370912598 1.20869809780007 1.78084704732814 1.17488108583359 1.15461823625564 1.36919175092492 1.13274236643493 1.19507029801666 1.43070063842059 1.21024306602781 2.20484088551642 1.31018482133957 1.98649747931216 1.72180392324471 1.58506823641454 1.79503366280267
1.20452042366221 1.33763937228072 3.17901742189717 3.14239868287119 3.1452176944049 3.13881256565495 3.07701421032502 3.07828621251107 3.05298959211243 3.06895844307191 1.58363970695708 1.31945392810992 1.19887094092227 1.29411448775984 1.32555165551247 1.37718599354103 1.44343843756054 1.55891360654469 1.56318305721313 1.522869120367 1.31518919845823 1.26983367099154 1.38917386358702 1.50356277131492 1.54481682764577 1.5867207816566 1.26874109759718 1.42242737276054 1.25792910302127 1.28665692439614 1.86612835580321 2.0512099974384 1.3664589814478 1.13620807087121 1.15401756131338 1.28175145002703 1.24004918890433 2.70487928606533 2.41065110581927 1.67993537810455 1.67504269251045 1.36715513977593 1.25720498144398 1.30828171120096 1.46233776396444 1.59602265008597
1.12918419610846 1.43997718979458 2.22836514508205 1.79671420226049 3.12994024331737 1.85158716870298 3.2500598665243 2.22085244400413 1.72388518678168 3.1241336196045 3.13630021783047 3.09580951761927 2.44927676225349 1.19370808655126 1.29345908544478 1.41740827772704 1.27510597053746 1.28494381671412 1.4167465537928 1.53396761016766 1.42075933605371 1.39817093705004 1.43309453529546 1.44221701152178 1.33179176091742 1.35669623234127 1.37319906133514 1.24453077370571 1.17711304870404 1.07834113160267 1.69506176009678 3.14625432604899 1.07332944596421 1.06624143959368 1.12021693077805 1.65458546224143 1.96674277524388 1.32498393938263 1.54622705829521 1.3401471055645 1.2377480257234 1.46950968750421 1.17682145955748 1.34930662467401 1.21328393737005 1.22936167976064
1.13996388500659 1.1260413292384 1.15078565076602 1.78002323738515 1.42563689906256 1.3327491294949 3.1930780495533 2.06497999324558 2.50568028581383 3.44024951968831 3.69650059364836 3.33398614359562 3.18864770254834 1.38755533810361 1.16832523492569 1.17927915992453 1.18316252595747 1.21527331933179 1.26061185857115 1.3341420439139 1.26216031036119 1.26428906651869 1.46929380288525 1.41380187874547 1.36615066763802 1.41901013785939 1.47738007936001 1.3037692989205 1.20740863309827 1.13485712632811 1.26883092130918 1.7302782155833 1.20852679234717 1.15422367647158 1.64844753959357 1.82455212657758 3.14832054109277 2.731573002163 1.53656049105715 1.52682939782558 1.64674489549297 1.19979400595866 1.11810779325054 1.20331847929684 1.31038886196421 1.26649834377684
3.52332875151293 1.17874323845117 1.15073674906655 1.18614884277497 1.2890241841775 1.28121330663374 2.7286602399307 2.20159985546047 2.81159733143579 3.41139699363166 3.95881305253803 4.06095075048265 3.60135331598095 3.70952403800737 3.27744935104944 1.8276036797208 1.66859851434384 1.24176371805629 1.17310983644468 1.14929566076679 1.14087255812838 1.66836782070167 1.36777071619071 1.26264751119788 1.37648095136838 1.56859351933588 1.79775310186692 1.48672745566509 1.34727069686195 1.22480856352067 1.18055191550999 1.47748913062819 1.3989870886089 2.45598772338905 2.25792987291358 3.17158184358919 2.47603031640104 2.73179301060333 1.94656556419668 1.9886514904337 1.70875681144393 1.26152253558702 1.35820866227889 1.2778064276331 1.47052636636432 1.25633022112984
3.39874193433574 3.03076612537606 3.70909172713708 2.61293411245408 1.55221441018742 1.2439888458006 1.21669880395094 1.23039766766293 1.80515740702241 2.00358825858613 3.36544354956952 3.36427765921223 3.38934863991357 3.2709366546801 3.31228582001078 3.443766768073 3.65880685735093 3.20627960231806 3.13935599439647 3.11110987650535 2.40902688191093 3.1084816980889 3.12269558727696 1.22471376309837 1.20101693038108 1.48299608833873 1.3883271630017 1.53322916356089 1.31587053063277 1.26710324115527 1.18127845686563 1.14954540906808 3.10141459125745 2.4306009951935 2.49815283009681 3.18037184638039 1.52045832726839 1.19518927682225 3.15210083177672 3.14336062291667 1.23011646071634 1.43964947409779 1.54771235310423 1.2461769341587 1.20826913245329 1.57400881755126
3.3158782783793 3.33152254090313 3.73031688400334 3.76075853471165 3.6922108309603 2.63030084314473 2.06436868829113 1.29747806001412 1.18040643451864 2.41323581381774 2.21101399055392 3.18024509643818 3.17728725443605 3.14908386196356 3.18264058976715 2.01203758106819 1.36601182727212 2.90887609672263 3.75547001402835 3.48863884374468 3.25674724888613 3.13350412248611 3.09723147215729 3.14775623710434 3.12996547605536 3.09967343511943 1.79754121924937 1.46786413642708 1.35444159333159 1.25821229407675 1.1337680470839 2.37098747305707 3.12993902707708 3.13018380938855 3.18526246056872 1.75894933342753 1.51511498852411 2.42112731935517 3.15349553050436 2.48222959231391 1.22092503589002 1.60928889313529 3.15175816981633 1.54392438009772 1.81419278280402 1.97794631009449
