0,29.577158060206,29.9861325528866,30.0430035541273,38.6685216613289,37.8633720706659,41.4743094788702,36.7728544799367,58.5727037963993,57.7684400382626,84.9818672478046,56.8894927869574,57.4272997820957,57.8043380855089,67.6159316998017,62.010748126212,49.5083686601718,53.9468114795435,51.5350325536984,50.5512368526885,42.594134877197,43.0507558845396,42.4159929414367,69.7247931408067,89.7095963881332,110.362356424517,74.1079923134965,73.7431813643896,52.0947171077813,56.4697632845532,57.1851580726549,62.2181914489834,73.4038890965058,43.9433779872355,60.2488145589727,61.0634032782854,53.9281182675107,83.7781825794418,79.5396021672209,77.1031485500553,81.7302008169621,84.2625989555579,86.4369213460988,86.0576444526296,81.1081134925307,82.1609072176034,81.3602906905775,81.9822545030154,80.9808053462932,79.9526498906905,81.4227433723365,49.6839952328161,51.9948747089292,48.8971211848377,47.0640475481247,48.7104439537139,47.2450166569436,48.0158422555963,38.3638496965964,40.6315511940326,40.2463932182777,39.3047194286807,38.5815883491311,81.1800051999808,50.0469225766448,52.2319285429593,96.7046249671247,99.2257245824906,90.1541358866641,85.7184716487942,80.4284677215668,84.9180102485096,79.678984836057,81.8528528662661,81.1273403489299,53.7349266095379,53.7594585598263,78.2148650726895,44.8035078104248,46.934939944902,56.264654424413
29.577158060206,0,32.996085554657,28.2463558047019,33.3514927414677,38.9953173091471,42.0711896940904,35.2415528164187,58.7824017542019,57.9811609369752,86.0588091837568,57.1319586769595,57.6617595247967,58.0324857314047,68.847453051927,63.1815840558229,50.1803606538199,54.6445884231399,52.2045187967232,51.2566069569396,44.0452804142827,44.5428698350706,43.9223151066029,70.5415951025275,90.8945609910588,111.531419805779,74.7623560463469,74.4475404741291,53.4165168111601,56.6515913331506,57.3566999282627,62.426124876458,74.5781264458266,45.4619397699404,61.399097024529,62.213459833261,54.1895856257982,84.8811734299999,80.6457661495044,78.2061192647732,82.8181073691152,85.3498218093092,87.5212860928771,87.1414754221919,82.1954367944025,83.2533410231988,82.4493263654167,83.0726148130036,82.070337126604,81.0418739673977,82.5172376724568,50.6473569179705,52.9848438732348,49.9105586811022,47.9247113662133,49.9095233388445,48.4383766688188,49.1716730132557,39.8315006813844,42.2413957554955,41.9533618246859,41.0501463001125,40.4611733836799,81.7586669946536,50.2534416993326,52.7590036288397,97.825046652671,100.349476156597,91.2762488717252,86.8392388422515,81.5033755981097,85.9930170929422,80.7625797512144,82.9369706229703,82.193414969621,54.5669548345506,54.6037553919417,79.2708129178268,45.8843235616037,48.8299748235448,56.4241621877287
29.9861325528866,32.996085554657,0,37.1252216637869,42.3029142204266,30.7024896105205,37.9586676361083,31.5955962685734,60.0476465349762,59.2285358189809,86.0023762193613,58.4804270719249,59.009552660693,59.3415074825117,68.6956280276732,63.0176804733993,51.637295055512,56.0596358424798,53.6497462042512,52.6751716339348,44.6487964314829,44.9418008952232,44.3773630959778,70.4873366441138,90.8583263478812,111.488482487614,74.8570490131153,74.4817875462962,53.3759901504884,57.5029630578602,58.2029927706768,63.4136573370912,74.5205754553888,45.6412756087128,61.2178888882221,62.0175051710402,55.5722326093413,84.8198990843277,80.584891168849,78.1461167826954,82.7553763335577,85.2878698463797,87.4586872953862,87.0796931339839,82.137143012449,83.1947685657161,82.3914280821102,83.0140440844892,82.0126186442754,80.9835653682778,82.4586900439171,51.826359297044,54.1559586912761,51.0189665554315,49.2373899677698,50.71216243603,49.2858451094371,50.0972463232359,37.886633100098,42.7577752837975,42.3419768355233,41.5415675912664,40.7738595846009,83.2054243944184,49.6211502118007,52.8434657878736,97.7694043400901,100.294329639829,91.2207295835905,86.7834236927081,81.4448482594704,85.934093941925,80.704353792219,82.8784815495388,82.1352720988248,54.2641080275181,54.333391753989,79.1146406912823,45.0344513248822,48.3244906541179,57.7231096266402
30.0430035541273,28.2463558047019,37.1252216637869,0,28.6148291401648,40.8134206197276,42.699283027081,38.0066124582487,55.8108338418086,55.0260652844819,83.5378803910741,54.0238394871098,54.5643923056168,54.9874085096661,66.2630417944827,60.6670652449993,46.4565857128143,50.9438661962161,48.4981353769359,47.5430193558446,40.5303210318465,41.1993020071668,40.5140906072892,68.2775528159437,88.247354614861,108.906293635452,72.5266219172907,72.2165361116822,50.6411338582225,54.1853080761605,54.9100171979818,59.7715585199861,71.9616158359045,42.3108132972036,58.9204032070806,59.74843747988,51.0188687634165,82.3388265711686,78.0998950975984,75.6626129478406,80.2920993559003,82.8237730464561,84.9986750454565,84.6186403575191,79.665905118454,80.7189858256868,79.9177259403062,80.5403197418388,79.5380768937163,78.5104660226953,79.98081060274,46.9413456925671,49.2612921246235,46.2342646345507,44.1696007644199,46.3892074139864,44.8766825912444,45.560839982083,38.435389094487,38.7032440243685,38.4760002717672,37.4512811436344,36.9527916885845,78.1527859218064,49.1986930757698,50.6724771028223,95.260136885064,97.780793679483,88.7095428441806,84.274146435265,78.9864025409599,83.4763110468462,78.2366923832897,80.410806719514,79.6848664780216,52.5111875545902,52.5068965225556,76.8618149322187,44.042858826972,46.0338097752937,53.4796285692543
38.6685216613289,33.3514927414677,42.3029142204266,28.6148291401648,0,44.8697438468993,46.3403350770723,41.0931136776261,58.5765948004463,57.7967250453921,87.1332462651536,56.8102471214735,57.3432653705358,57.7649805729001,69.9861382578297,64.3400636443469,49.6515251251194,54.1650621453246,51.6904888635192,50.7720184128586,44.4824018839991,45.1695846582821,44.5038099950406,71.6585773380416,91.9340683533836,112.579514277232,75.7699749129088,75.5035015216815,54.4416160885915,56.9822377025238,57.7002597530184,62.5689819979518,75.6389493338298,46.2879874268281,62.5763956727234,63.4041488860764,53.8194318974783,85.9561481132001,81.7198931729692,79.2799241032546,83.8967076746292,86.4278062490647,88.6003007045002,88.2198167091536,83.2700272379155,84.3274172023547,83.5232929394195,84.1470024528606,83.1440627512461,82.1161910873446,83.5909798941985,50.4302406445053,52.7791097393688,49.7712047959447,47.5582074316718,50.0987007894057,48.5841725746984,49.2355095312229,42.3265855795844,42.804308730621,42.6522765215049,41.6846280465894,41.2818664416195,81.2542475598446,52.3071434662076,53.8247821929277,98.8921977854384,101.415667816003,92.3430314423428,87.9064972363363,82.5800586827135,87.0700513713191,81.8376706577126,84.012225708581,83.271080122891,55.9207667251446,55.9232916362481,80.4402207787129,47.6598560676651,50.2641048835224,56.1957230374202
37.8633720706659,38.9953173091471,30.7024896105205,40.8134206197276,44.8697438468993,0,30.1771669367991,28.8768827539513,60.0966805466522,59.2634406603785,85.6029532201852,58.6329443027675,59.1549395055508,59.4459347298455,68.3588524553322,62.6074983235076,52.2550308971602,56.6637183116294,54.2554636195916,53.2886482476142,45.2225584052717,45.3777106456198,44.8762706457071,69.8296169105308,90.5847894506321,111.192836457357,74.1884794588094,73.8012192735627,53.2364287641323,57.1425954000618,57.8293175030974,63.2030024766335,74.2161064819351,45.908771379116,60.7699383440251,61.5549212878797,55.7718331982732,84.4414418659547,80.209951309879,77.7688737078677,82.3606177343383,84.8931963807382,87.0605615214884,86.6818375744837,81.7461354060687,82.8085272598116,82.0024935996636,82.6257605476767,81.6243481484991,80.5944170179739,82.0745038324726,52.4561295628618,54.8016216268123,51.6318195914128,49.8925314767969,51.2245419812036,49.8322130850315,50.6776911965364,35.9076490784867,43.4086959688112,42.9806887039359,42.30079331881,41.5191915176376,83.7351545693513,47.6431388352445,52.0363135608541,97.4135808910059,99.9422665265658,90.8666918097823,86.4277739536654,81.0413693391719,85.5303253163026,80.3097366849739,82.484123217759,81.7234536650483,53.3603831384968,53.4775140250547,78.5958629624669,43.8112539436507,48.3970576315018,57.7633945479048
41.4743094788702,42.0711896940904,37.9586676361083,42.699283027081,46.3403350770723,30.1771669367991,0,30.9366943181122,59.423530431677,58.5770996903235,84.4814929707913,58.0491351475079,58.5656610992863,58.8204572721742,67.300465074427,61.4779149732208,52.0544837949735,56.4512079377764,54.0450216788871,53.0837342229834,44.9800412540561,45.022349732165,44.5744037584049,68.4588895993383,89.5819722853855,110.169242247756,72.8115700500046,72.4103342640498,52.363268453087,56.0998423400329,56.7757657484401,62.2941832114979,73.1845501499749,45.4123525291119,59.6040602087564,60.3752645570955,55.2282892950394,83.3398230023264,79.1116566621369,76.6683927123172,81.2435786904352,83.7762352765916,85.9403335542888,85.5618633163714,80.6326309965554,81.6995297875916,80.8909475895709,81.514832454335,80.5134290215849,79.4826703378796,80.9674488354817,52.2589923312266,54.6169918952726,51.4198167987882,49.71825137922,50.9260049454298,49.5624722137355,50.4367663479037,33.3056330508495,43.2362977212921,42.805340260738,42.2215544178265,41.4406119039173,83.4635911853599,44.8075551914884,50.5228835356232,96.3333009675082,98.8655341898302,89.788098051488,85.3476604595515,79.9160697227104,84.404751263804,79.1928193884975,81.3674511045214,80.5902611628512,51.7344777241706,51.9020409982296,77.3603332963264,41.8543977764876,47.8033782255292,57.0893958940573
36.7728544799367,35.2415528164187,31.5955962685734,38.0066124582487,41.0931136776261,28.8768827539513,30.9366943181122,0,57.6714602575886,56.8419875656546,84.1806312911639,56.237388360276,56.7516208848689,57.0377609053783,67.1007343048503,61.3014696031025,50.2389526768752,54.6716033725208,52.2377214524574,51.3028547221924,43.9071250094384,44.1460712905064,43.6345551341661,68.1760733486579,89.249807721962,109.846166766216,72.3428051203481,72.0181469725953,52.0185245950073,54.6977200226681,55.3716686856692,60.7869203546352,72.8784775340577,44.7606990558045,59.4519628883551,60.2417058173904,53.3933086697715,83.0432502293551,78.8143858566897,76.3702613532932,80.9497998538229,83.4815384403633,85.6466281855509,85.2671825112693,80.333407158827,81.4003208271061,80.5911259141322,81.2157546970295,80.2133540120713,79.1833425076727,80.6680771012616,50.7038547891107,53.0697348459599,49.928306338441,48.0430364423039,49.7132794929627,48.3060060626306,49.1089260925461,35.8312441898763,42.1974989123562,41.8559563321484,41.1567434879938,40.4923582362531,81.638150275214,45.1819366397073,50.0541377616834,96.0287261254657,98.5601434785442,89.4832652368553,85.0432735424906,79.6179423391691,84.1071090781295,78.8937522753167,81.0686755620893,80.2922392865967,51.7906119060503,51.9103959624167,77.187485047051,42.6892696618174,47.7166783331092,55.2849286541788
58.5727037963993,58.7824017542019,60.0476465349762,55.8108338418086,58.5765948004463,60.0966805466522,59.423530431677,57.6714602575886,0,20.911032196128,91.0633854934383,36.4900965927295,36.1010447484149,32.3628225077725,75.4305235346012,69.3022004132779,50.2899626884394,54.7444167407084,52.0154513655744,51.6518275805306,52.1919958271833,52.8207346342574,52.328582654417,73.4655694343761,96.8905214506695,117.389216501945,75.7681550242588,76.1755609888562,60.5835887055069,48.97588585016,50.2109852926425,49.0230648817304,80.5104131774242,53.8695453642162,67.400060989335,68.2513926977957,36.6741883390615,90.149072556066,85.9428461232505,83.4704157980426,87.9467325790841,90.4696134260639,92.6159345973762,92.2285611250459,87.3052283783569,88.412862863615,87.5743487440581,88.2122826783525,87.1995904779357,86.1699020178052,87.6964237883429,54.6268743757978,57.4071729631489,54.3581681029602,50.9248029542241,56.0153241120193,54.5667882076082,55.0335808654801,51.5476756277046,51.3886426768695,51.5629748551033,50.9851838190325,50.9378796008894,78.6313542521622,59.4396528257761,54.2745878557282,103.245494120098,105.800662159536,96.7126127592027,92.263410190924,86.4953916174228,90.9872584044474,85.8365078601022,88.0166986367884,87.1002343959099,59.378783848043,59.2279846518624,84.4335216044964,53.9571281387126,59.3174210636508,37.9064117719649
57.7684400382626,57.9811609369752,59.2285358189809,55.0260652844819,57.7967250453921,59.2634406603785,58.5770996903235,56.8419875656546,20.911032196128,0,90.1207089767974,35.9811186993255,35.9286279965009,32.1170743760474,74.5310863952201,68.3867143887079,49.6056157292702,54.0544830915726,51.3308853376266,50.9611994556211,51.4035776328963,52.0181259154229,51.5306572295789,72.456020897452,95.9835919136373,116.476910066142,74.7102846842521,75.1360381555369,59.7141173509988,47.8256697916899,49.0875350354943,47.5721789622385,79.5990996649815,53.0501429015001,66.479146775957,67.3303581851738,36.0153526814781,89.2148957034827,85.0096983912523,82.5362378628999,87.0076924383504,89.5303454803747,91.6757544034111,91.2881993308533,86.3659591917319,87.4752584626134,86.6356342574586,87.2740034025229,86.2610366880257,85.2312514696495,86.7594904013909,53.895862469495,56.6727019015073,53.6192147331092,50.2096841666348,55.2442559536992,53.7993808950751,54.2733487730786,50.6774627799469,50.5960956054279,50.7649711076225,50.1923100527276,50.1387848752879,77.953489915957,58.5452086993288,53.2491796998616,102.31704891182,104.873311188032,95.7847209636888,91.3350746335343,85.5520997639861,90.0440063785261,84.8960258660371,87.0763895287165,86.1540860402633,58.4146209301388,58.259888106319,83.4874902679581,53.0483311071643,58.483770157939,37.7999970304736
84.9818672478046,86.0588091837568,86.0023762193613,83.5378803910741,87.1332462651536,85.6029532201852,84.4814929707913,84.1806312911639,91.0633854934383,90.1207089767974,0,89.955875721924,90.4922046309867,90.5878523078721,78.7359180040173,69.9975790371831,84.1404551727124,88.3513154216237,86.080494118874,84.9997963042173,74.7667751744959,73.5502578506377,73.8430670262525,84.4835431079724,82.2325374111742,98.8909405297567,93.6360655306997,92.2470980728613,68.0033807677124,86.6392670136868,87.4597805929682,92.7394273586143,68.2094420046149,72.4837991495326,68.9983809258317,71.0504144636721,87.2469476901456,56.2944475397833,52.4147786722178,47.0682866448056,54.7526630214606,55.5445933149899,59.2025870639587,56.9936231821679,39.5557623937697,43.3987281906396,37.7222501107884,42.549284369337,36.3530823491142,38.8850557445526,43.3901999695315,83.0924122163589,85.496519738434,81.8834592645402,81.2014482906872,79.5277176621029,78.6762667115959,80.0736340835917,73.7727530213356,74.2353236190064,74.1285124288899,74.343042594506,73.9968403009463,115.534962978579,84.875331331599,77.918986326231,68.7211828570525,72.7046297714386,63.1035649206422,58.2385086762333,42.8126214350668,48.8392550951692,37.5344660971676,41.2498148094552,46.855962836718,77.2901058348872,76.0918566403311,84.9314350556914,73.892834779623,79.6594960507393,89.1121999632336
56.8894927869574,57.1319586769595,58.4804270719249,54.0238394871098,56.8102471214735,58.6329443027675,58.0491351475079,56.237388360276,36.4900965927295,35.9811186993255,89.955875721924,0,21.738566747414,28.991357203339,74.0954495510955,68.066893277003,46.8639830449187,51.2887688405046,48.5218023972312,48.2584106529276,50.0900954501342,50.8257754960188,50.3053326788487,72.7800093668922,95.5712865924859,116.102884542177,75.3446416207765,75.6610341835295,59.0451687921915,49.6998688219495,50.8528178144017,50.7216767841425,79.2222785981479,52.0050265627981,66.2025692622634,67.0587940680424,25.7248560220026,88.994210608971,84.7819199660207,82.3151537093487,86.820434024191,89.3443657292078,91.4961812683297,91.1095762225604,86.1787418242293,87.2768784240593,86.4445329496258,87.0801857556374,86.0687888345751,85.0398561366746,86.5565660003422,51.8577000510124,54.7057071223169,51.6755663864878,47.984441091998,53.6730302480612,52.2025365636221,52.6036539099036,50.2338145199453,49.3583038206452,49.5876975811561,48.9860221158867,48.9990612313381,74.5003407553061,58.4438568135013,53.8538916646726,102.055860479627,104.604577988926,95.5197552010618,91.073197454765,85.3921869637815,89.8839655796751,84.7169876240891,86.8962725960561,86.0133932503132,58.5596319683645,58.4128109432409,83.3812152542898,52.8520765850353,57.6370064704663,40.0602078650644
57.4272997820957,57.6617595247967,59.009552660693,54.5643923056168,57.3432653705358,59.1549395055508,58.5656610992863,56.7516208848689,36.1010447484149,35.9286279965009,90.4922046309867,21.738566747414,0,28.022467792873,74.641954923039,68.6071378815262,47.6400522597375,52.078823735585,49.3135903388755,49.0351027010549,50.6922893255815,51.4194506692232,50.9004750610978,73.2894289917632,96.1200012130166,116.649561602266,75.8417192732568,76.1614860284326,59.6062798142509,50.0887695792115,51.2385622093247,51.131973784866,79.7686202172363,52.5877650712731,66.7400302439037,67.5955279028996,28.749335495907,89.5329943519396,85.3210547726114,82.8540035043799,87.3575747342579,89.8814761475636,92.0329614297428,91.6463434594299,86.7160543344961,87.8147080997411,86.9820445502127,87.6177997204911,86.60636159598,85.5773656892731,87.0946114773379,52.5422611391112,55.3793457864591,52.3499028908146,48.688833542692,54.3077463816942,52.8382756658207,53.2460557472757,50.7570368821718,49.9501760557712,50.1736858934438,49.5721886623648,49.5790522139679,75.4308300637534,58.9316561435958,54.332473650963,102.596763779063,105.145855292948,96.0608413339234,91.6141271763473,85.9281961868944,90.419964662252,85.2539157422105,87.4332413419414,86.5485047061891,59.0631882624707,58.9180886050826,83.9106760548762,53.3667417444751,58.1971285448295,39.8329445170643
57.8043380855089,58.0324857314047,59.3415074825117,54.9874085096661,57.7649805729001,59.4459347298455,58.8204572721742,57.0377609053783,32.3628225077725,32.1170743760474,90.5878523078721,28.991357203339,28.022467792873,0,74.838370013258,68.7620597618258,48.5904729219045,53.029031596197,50.279950830135,49.9695742141334,51.1966017463582,51.8819392317088,51.374915571228,73.2106513246343,96.3052699083304,116.821067686077,75.6485693595598,76.0094924611999,59.8847464338721,49.5212536311622,50.7143941474435,50.0929829630196,79.9415252641124,52.9997886712293,66.8798291427524,67.7339060734181,31.7898146531361,89.649152840785,85.4397849844217,82.9702678385011,87.4616053446726,89.9850152891958,92.1341892429269,91.747197970828,86.8199229230479,87.9226536230843,87.0873154796757,87.7240825867133,86.7120444877115,85.6827572535127,87.2042123025277,53.2765090562359,56.0928491394258,53.0538023769308,49.4834579832679,54.8916791065572,53.4315719256436,53.8635241351412,50.9742219841102,50.4316502644847,50.6353648922984,50.0450887283419,50.0300022833898,76.5561007913461,59.0403287057324,54.1690030711751,102.727511900467,105.279338606553,96.1929625123275,91.7451314071348,86.0221250660168,90.5139539871579,85.3548017058758,87.5345292007405,86.6354205380545,59.061953934136,58.9121914638638,83.9884777386186,53.4926753350955,58.5467078786378,39.3881494928534
67.6159316998017,68.847453051927,68.6956280276732,66.2630417944827,69.9861382578297,68.3588524553322,67.300465074427,67.1007343048503,75.4305235346012,74.5310863952201,78.7359180040173,74.0954495510955,74.641954923039,74.838370013258,0,45.7774806837719,67.0148449788195,71.1958721200896,68.9681791329448,67.8254641946103,56.4932906091178,55.0104148296044,55.4098465575847,73.8035874214655,82.3113188174309,102.865664068928,81.8227955959358,80.5817645574073,45.9128239763844,71.7307990547137,72.5142834351844,77.7567306115262,64.5258100361351,53.538279457919,48.0844244437699,49.8344028901621,71.2785020401779,76.6621544524579,72.3636936357084,70.0578717535608,74.9449940812606,77.5295214065929,79.7548202759355,79.423824486241,74.5342762988541,75.449248905632,74.7632972254385,75.3211971158935,74.3805023076586,73.3317480087594,74.6624605299924,65.4835317796353,67.8535415106056,64.1869538251232,63.7625637053638,61.4652843626363,60.6543581832555,62.137666544427,56.2946608780909,55.983035966028,55.8350034221417,56.1780113032299,55.8018039740649,98.6371795204386,68.3665080949438,63.5710473610952,89.5025704275886,91.9765062626508,82.9195950912471,78.4968380521143,74.1583004217387,78.630887798052,73.1999414477986,75.3495354137792,75.1046465880639,62.0662808192729,61.1456380832898,73.0050409179255,56.7598148632807,61.0208132346612,73.4074382297228
62.010748126212,63.1815840558229,63.0176804733993,60.6670652449993,64.3400636443469,62.6074983235076,61.4779149732208,61.3014696031025,69.3022004132779,68.3867143887079,69.9975790371831,68.066893277003,68.6071378815262,68.7620597618258,45.7774806837719,0,61.587083854784,65.7907475535444,63.5363869679422,62.428551109678,51.6482618783085,50.3263689464344,50.6405046513421,65.5660724994055,75.5497710025807,95.703809409856,74.2277015234442,72.8500835187979,43.9619552519012,65.2597082281147,66.0484056492912,71.3630990338702,57.1655728584367,49.0561730797857,29.6791464137206,33.7832813777534,65.2974765235712,68.0252962777057,63.781296643897,61.4752489166438,66.0727249329523,68.6830294646201,70.8490757192717,70.5469146360402,65.8417012580365,66.8041700527632,66.1065905701739,66.6522295602021,65.7368514966474,64.6604607508075,66.0422874877568,60.3422402996441,62.7237783094523,59.1055357328233,58.5097265706236,56.6569537408178,55.7917242658557,57.2056478774153,50.4471167925801,51.0386382319801,50.8721490241603,51.136127477737,50.7337680529413,93.1012762453627,62.1915467304246,56.6010842420416,81.303762812807,83.8364069625195,74.7456825243801,70.2954682276269,65.3160863901114,69.7740588092869,64.467390584297,66.6122852458435,66.1818041872068,54.8562937600746,53.753267981093,61.8349637068702,50.4681285899704,55.9605123350545,67.2910503991167
49.5083686601718,50.1803606538199,51.637295055512,46.4565857128143,49.6515251251194,52.2550308971602,52.0544837949735,50.2389526768752,50.2899626884394,49.6056157292702,84.1404551727124,46.8639830449187,47.6400522597375,48.5904729219045,67.0148449788195,61.587083854784,0,23.295800595199,16.7926659830542,17.650432059828,38.255529842233,39.6532553230246,39.0201510225552,69.4904078825166,88.4784125909728,109.211877996275,73.4895198073329,73.3218418884633,50.6675829817064,53.0014372060721,53.8780797963035,57.0668395439844,72.3344020057583,41.7065458651099,59.9619713389132,60.8596900293254,42.9798259922076,82.9017455164576,78.6530360453057,76.2191399871932,80.8991244799136,83.4285869441557,85.6136648409424,85.2308765591957,80.2522250080494,81.294153226497,80.4978584294854,81.1205704323179,80.1160874102756,79.0921925263753,80.5507907960669,32.8411440798858,36.7201752292768,33.6380892031691,26.8499338989356,39.087814095311,37.5449495136728,37.38811176088,44.0993063835293,38.3482360777296,39.0230270865299,38.4195258447604,38.88521932753,57.1492207244124,54.3385115084507,52.1669760768234,95.7514929577422,98.2614051067653,89.1961085051861,84.7655471184114,79.6043036258858,84.095924290418,78.8318238363423,81.0059667252539,80.3224465610629,54.7353887466783,54.5748356549805,77.9836659097261,47.6319210073126,48.999780200035,48.7450456475508
53.9468114795435,54.6445884231399,56.0596358424798,50.9438661962161,54.1650621453246,56.6637183116294,56.4512079377764,54.6716033725208,54.7444167407084,54.0544830915726,88.3513154216237,51.2887688405046,52.078823735585,53.029031596197,71.1958721200896,65.7907475535444,23.295800595199,0,19.3199553266657,16.2650113623571,42.3178227423706,43.7056213351545,43.0943056101709,73.7971151922672,92.6380551336136,113.380243067965,77.8310948150523,77.6536613118518,54.7858483666823,57.4464983446052,58.3242713673906,61.5126448655286,76.5055905762735,45.7877710509723,64.1767217303483,65.07811781409,47.3779356138128,87.1030714526525,82.8529371780436,80.4201205151947,85.1070724944194,87.6366127741196,89.8230368932165,89.4402566321855,84.4592456872177,85.4991223592196,84.7040610297501,85.3264017993675,84.3220351068193,83.2984264030701,84.7548954457702,35.7035516990521,40.0629493295148,36.5424444253852,30.1320868406855,42.582581954018,41.1176290702968,40.9350067163719,48.4379641171414,42.5192049566019,43.2183671162992,42.6525468897257,43.1339364670769,56.276016034375,58.7322057543751,56.5368823604915,99.9439587458408,102.452337560256,93.38783372051,88.9579200675382,83.816535504413,88.3082152091534,83.0403765801966,85.2143710786553,84.5382309975729,59.0595555756283,58.8936735007486,82.2253075918095,51.9516697515578,53.2396283926595,53.2431558861412
51.5350325536984,52.2045187967232,53.6497462042512,48.4981353769359,51.6904888635192,54.2554636195916,54.0450216788871,52.2377214524574,52.0154513655744,51.3308853376266,86.080494118874,48.5218023972312,49.3135903388755,50.279950830135,68.9681791329448,63.5363869679422,16.7926659830542,19.3199553266657,0,16.1943877504511,40.2658845565053,41.6456860291618,41.0221124539415,71.413842328975,90.42585138863,111.15832413602,75.398356710015,75.2360685359875,52.625641463696,54.8504929942962,55.7311893857288,58.8737084105456,74.28159641915,43.6900213456651,61.9102436739162,62.8082653355012,44.5942586567015,84.843824568791,80.5953364792722,78.1611837936504,82.8401419434837,85.3695329979226,87.5544205599508,87.1715706117352,82.1930769748157,83.2353870612916,82.438824860951,83.0616523855639,82.0570852375644,81.0331840731487,82.4921748785916,34.604984369714,38.6353785297815,35.3886869772211,28.838104758256,40.9643894136206,39.4518072603008,39.3001437069149,46.0785896327888,40.3751412882385,41.0478021362034,40.4559059340859,40.9165616845809,56.3660317952735,56.2948238097412,54.0790045012033,97.6947011988779,100.204844594543,91.1394375294979,86.7087851625377,81.5442545520123,86.0358938217311,80.772401037326,82.9465895531981,82.2617422780285,56.6715430738376,56.5099501390985,79.9249960041456,49.5904335867922,50.9987005718096,50.5189697529433
50.5512368526885,51.2566069569396,52.6751716339348,47.5430193558446,50.7720184128586,53.2886482476142,53.0837342229834,51.3028547221924,51.6518275805306,50.9611994556211,84.9997963042173,48.2584106529276,49.0351027010549,49.9695742141334,67.8254641946103,62.428551109678,17.650432059828,16.2650113623571,16.1943877504511,0,38.8643139652491,40.2701061756649,39.6526574885314,70.4798156258266,89.2697734886488,110.014544729513,74.5348463258612,74.3502169751028,51.3992253680298,54.2290845959672,55.1030261578845,58.3374549657576,73.1396416563298,42.3676224884684,60.8175895716017,61.719349640054,44.3862032199382,83.7477614002971,79.497144968046,77.0647834965113,81.7540365595277,84.283663099852,86.4705238235335,86.0878073038158,81.1062086762123,82.1453273529228,81.3507599646266,81.972916664707,80.9686560828285,79.9451056330019,81.4007918138293,32.2305735046428,36.5221544316183,33.1320675839698,26.335368343675,39.1693637369275,37.6814096784786,37.4836299041214,45.0706164562467,39.0700668765344,39.7765077369304,39.2059685329815,39.6958867376855,55.9005005699235,55.3983301612858,53.2427077187553,96.5859011044559,99.0937682065053,90.0295197211284,85.5998154438637,80.4653543101331,84.9570259544142,79.6878951167523,81.8618166007192,81.188356368482,55.7327426938021,55.5669135547543,78.8780924994281,48.601610143019,49.8335427112044,50.1098433120399
42.594134877197,44.0452804142827,44.6487964314829,40.5303210318465,44.4824018839991,45.2225584052717,44.9800412540561,43.9071250094384,52.1919958271833,51.4035776328963,74.7667751744959,50.0900954501342,50.6922893255815,51.1966017463582,56.4932906091178,51.6482618783085,38.255529842233,42.3178227423706,40.2658845565053,38.8643139652491,0,20.0163945634026,16.4405828416774,62.4317120800591,77.9892135390674,98.8983311250172,67.6138907843363,67.0721339973109,38.886589954952,51.1621390674207,51.9481794368463,56.4567912831149,62.0176298238587,25.9903905086248,50.2573063767707,51.2009267827606,46.9067438292722,73.2873376094677,69.0066175588311,66.6013191897199,71.4353120670733,73.9693274127663,76.18386495859,75.8040938282794,70.7821825279215,71.7750454222957,71.01005057452,71.6216734458481,70.6229512216974,69.6036600191096,71.0115205768482,34.6917141548742,36.6945940234164,33.1418839069244,33.5957850842214,30.2399311049099,28.5372117239139,29.8891974785871,35.8054671509149,20.170429717931,22.8578662313698,23.7130983031352,25.2255972492239,70.8004914705621,48.1865281924611,46.7933617603179,85.9507897050611,88.4267397929635,79.3785391751577,74.9619859219907,70.2557393870477,74.7474090260932,69.3979338460606,71.5676806877092,71.058707405389,47.5875910729644,47.3513459010088,69.0507606867204,39.5934169031849,36.9916040765536,50.1615992742893
43.0507558845396,44.5428698350706,44.9418008952232,41.1993020071668,45.1695846582821,45.3777106456198,45.022349732165,44.1460712905064,52.8207346342574,52.0181259154229,73.5502578506377,50.8257754960188,51.4194506692232,51.8819392317088,55.0104148296044,50.3263689464344,39.6532553230246,43.7056213351545,41.6456860291618,40.2701061756649,20.0163945634026,0,14.6333182952892,61.7937389976087,76.4967530421996,97.4498183145707,67.2083668221554,66.6002542056261,37.0139409205642,51.417359660206,52.1987648312374,56.826392250662,60.5693567358438,21.4148811448216,49.0034618198234,49.9650462419494,47.6935751762592,72.0135169187303,67.7248547137235,65.3263078141273,70.1987968324455,72.7336794832988,74.9556414862373,74.5763455900829,69.5427506649072,70.5237226683287,69.7661626214065,70.3752829788214,69.377709308522,68.3597198001462,69.7552704806148,36.241522233263,38.3849108916721,34.6355163245683,35.1740564944551,31.0079192583824,29.7764436436762,31.4345811343633,35.4699123060479,22.4330687819476,23.5210148690418,25.0670133847694,25.8033943101779,72.0483334473128,48.098869767314,46.5520035730465,84.630027128164,87.0975755252965,78.0536318277448,73.640565447296,69.0460615699605,73.5378761235582,68.1673069046146,70.3360635714385,69.8696529655695,47.0476746679353,46.7767047433916,67.9838401508407,39.0412567647919,35.9723449542691,50.7822958466031
42.4159929414367,43.9223151066029,44.3773630959778,40.5140906072892,44.5038099950406,44.8762706457071,44.5744037584049,43.6345551341661,52.328582654417,51.5306572295789,73.8430670262525,50.3053326788487,50.9004750610978,51.374915571228,55.4098465575847,50.6405046513421,39.0201510225552,43.0943056101709,41.0221124539415,39.6526574885314,16.4405828416774,14.6333182952892,0,61.7654054194549,76.9578251833626,97.8825842298144,67.0783383779471,66.4970361768524,37.6607041567475,51.0329037694337,51.8144731693167,56.4117409561074,60.9950083588167,23.2576527463516,49.2767744026591,50.2242209504208,47.1602371165013,72.3378892801364,68.0539581229564,65.6518193180515,70.5011424546269,73.0357798544994,75.253250870076,74.8739450001043,69.8482427051401,70.836010701933,70.0743691162332,70.6847137547202,69.6867613816475,68.6678189971176,70.0704227427588,35.708152558815,37.8036086117886,34.1637852931988,34.5549765629519,30.9763618606112,29.5650956402702,31.064390547247,35.1609106312472,19.9496767692319,21.7245213530024,23.4724342220279,24.569674874447,71.4486407654326,47.7572914922393,46.3344758464405,84.9836627122009,87.4562724315083,78.4097170315011,73.9945156735365,69.3342626836691,73.8258701150124,68.4677215945325,70.6369658290622,70.1460645910636,46.9375746536979,46.6871711282356,68.1656529034741,38.8813336110086,35.7333982265134,50.2868086562271
69.7247931408067,70.5415951025275,70.4873366441138,68.2775528159437,71.6585773380416,69.8296169105308,68.4588895993383,68.1760733486579,73.4655694343761,72.456020897452,84.4835431079724,72.7800093668922,73.2894289917632,73.2106513246343,73.8035874214655,65.5660724994055,69.4904078825166,73.7971151922672,71.413842328975,70.4798156258266,62.4317120800591,61.7937389976087,61.7654054194549,0,94.2263846430625,114.111191406651,66.5340356344652,62.5606406251231,62.4611154801465,67.5266243004156,68.3634200790909,74.0125513295654,77.3024258918054,61.3284355482834,62.9275849739181,63.789028676062,70.2713952664468,84.3872788913431,80.297990617779,77.7260192559904,81.6261000157555,84.1387099838212,86.1703524848528,85.7793055667957,81.0456340431514,82.325413114798,81.3812852202469,82.0530400249033,81.0268614219059,79.9759399320017,81.6806052805193,69.6477048049502,72.0950188775101,68.6934793560968,67.2847943573002,67.514956917935,66.4071075106679,67.5046137830701,57.8685200750544,61.4768233336946,61.2850516588484,61.2103020863224,60.761297996414,100.431470606926,67.3760667990529,55.9117085504292,98.1586494330065,100.833985860623,91.6853464729581,87.18644825971,79.7952164251355,84.2817316575905,79.4485285605958,81.641764750956,80.0923807240088,55.4668775310566,53.3562915168284,76.055151225522,56.7308485407269,66.4480597171077,71.558026626527
89.7095963881332,90.8945609910588,90.8583263478812,88.247354614861,91.9340683533836,90.5847894506321,89.5819722853855,89.249807721962,96.8905214506695,95.9835919136373,82.2325374111742,95.5712865924859,96.1200012130166,96.3052699083304,82.3113188174309,75.5497710025807,88.4784125909728,92.6380551336136,90.42585138863,89.2697734886488,77.9892135390674,76.4967530421996,76.9578251833626,94.2263846430625,0,66.2518994248912,102.516405396275,101.276547342387,68.4500679228774,93.1613465837037,93.9624375706568,99.1377334200989,65.7059039546296,75.1956434683791,75.2637812982996,77.3106600388144,92.7611568088028,78.4701472050078,73.4704579209433,71.061895216848,79.639799957453,81.9606338056195,84.8709919606621,84.2529693526177,77.1246541137277,77.3163607684434,76.8323171120247,77.5442172098622,76.2551168566374,75.6021024306026,76.1562850259508,86.8055283617764,89.1923182780612,85.4606146906345,85.1639821843709,82.4635965289321,81.7655731210622,83.3283197077153,78.8936886517907,77.7223392141058,77.684565648555,78.0372269697117,77.7663779032974,120.100282663374,90.5785844110271,85.1672870455485,83.9278582458498,85.3045845648804,76.9486093996873,73.0754857122248,78.9002189816768,83.5234871553746,76.3902675351094,78.5847875397897,81.0442358581692,84.3444788001396,83.3720568204692,94.2070462127994,79.6018210654196,83.5825135471093,94.9021906379537
110.362356424517,111.531419805779,111.488482487614,108.906293635452,112.579514277232,111.192836457357,110.169242247756,109.846166766216,117.389216501945,116.476910066142,98.8909405297567,116.102884542177,116.649561602266,116.821067686077,102.865664068928,95.703809409856,109.211877996275,113.380243067965,111.15832413602,110.014544729513,98.8983311250172,97.4498183145707,97.8825842298144,114.111191406651,66.2518994248912,0,122.551104353239,121.283181766987,89.7310794707746,113.550724334642,114.354191157458,119.548911156677,85.908239423809,96.1811756888686,95.3505670053795,97.4345436120858,113.308499409418,95.1365322787628,89.9865394110421,87.4158940850662,96.8962820627654,99.1243346125457,102.19037681674,101.477877369952,93.6503092385467,93.685520573892,93.1875164428278,94.0014875242741,92.5394820147143,92.0478000051752,92.4292898593353,107.641845910209,110.030891362261,106.319818694859,105.958577919005,103.432089822047,102.706564295538,104.240890295634,99.4681015348521,98.582860499571,98.5311522735529,98.8615621218662,98.5758739012791,140.797877311319,111.070707324757,105.430328637294,97.5018560174042,98.3329562296846,90.4152259527766,86.8600201433456,95.9569201362718,100.62943078624,93.0614857835575,95.2840289531186,98.3582381994918,104.606522311923,103.596565912177,113.944320331403,100.071791525987,104.352006800352,115.405465836772
74.1079923134965,74.7623560463469,74.8570490131153,72.5266219172907,75.7699749129088,74.1884794588094,72.8115700500046,72.3428051203481,75.7681550242588,74.7102846842521,93.6360655306997,75.3446416207765,75.8417192732568,75.6485693595598,81.8227955959358,74.2277015234442,73.4895198073329,77.8310948150523,75.398356710015,74.5348463258612,67.6138907843363,67.2083668221554,67.0783383779471,66.5340356344652,102.516405396275,122.551104353239,0,57.5541424190677,69.543253517883,68.8734735742845,69.7481099938435,75.5463024726182,85.7552810592897,67.0202557556683,71.829202060052,72.6829147946035,72.9591895591292,93.4220147595514,89.304981090748,86.7473677311016,90.7961063962593,93.3030582057389,95.3673882400833,94.9684573768834,90.1563479501075,91.4040841673328,90.4744334862079,91.1462135678662,90.114118841927,89.0734977040573,90.744659587181,74.1982428105001,76.6790753799025,73.3472539523839,71.6380219308164,72.616547956129,71.4366233226831,72.4269184111296,62.7033528766712,66.605498059097,66.4405291987144,66.2555345730073,65.832063254614,104.173751006936,71.1613062845057,56.1112042496834,107.019675826767,109.668464848613,100.533887356097,96.046506599011,89.0015267814652,93.4943141801818,88.5848016706125,90.7783246352455,89.3624115862022,61.2594452123661,59.9832096810053,86.4015455962097,61.9577920299468,71.8805231212795,73.9338539573046
73.7431813643896,74.4475404741291,74.4817875462962,72.2165361116822,75.5035015216815,73.8012192735627,72.4103342640498,72.0181469725953,76.1755609888562,75.1360381555369,92.2470980728613,75.6610341835295,76.1614860284326,76.0094924611999,80.5817645574073,72.8500835187979,73.3218418884633,77.6536613118518,75.2360685359875,74.3502169751028,67.0721339973109,66.6002542056261,66.4970361768524,62.5606406251231,101.276547342387,121.283181766987,57.5541424190677,0,68.5257099558442,69.5947764653278,70.4485182090831,76.2316390123456,84.4771642731628,66.332187220247,70.3894372416617,71.2327471551788,73.2327542458626,92.0470619448522,87.9347718930231,85.3756040407557,89.3982201209748,91.9067902468717,93.9652598460881,93.5683514227018,88.7720429484849,90.0245581029819,89.0932676530169,89.7644082601536,88.7340471749317,87.6912491086562,89.3674510532571,73.8589008560471,76.3280985078321,72.9770651245603,71.3581858085907,72.115140742127,70.9541120939386,71.9750744665752,62.1231110024869,66.0689835819928,65.8910039591207,65.7362421374872,65.299147261144,104.092160598267,70.876058821229,56.6756527312554,105.676575379219,108.329896475151,99.1928350505323,94.7034252349279,87.6018078814482,92.0931917644795,87.1965298907098,89.3897499586306,87.952822607919,59.7912330628402,58.1969873589712,84.7107801253676,61.1602532740403,71.2180256669954,74.3050491373793
52.0947171077813,53.4165168111601,53.3759901504884,50.6411338582225,54.4416160885915,53.2364287641323,52.363268453087,52.0185245950073,60.5835887055069,59.7141173509988,68.0033807677124,59.0451687921915,59.6062798142509,59.8847464338721,45.9128239763844,43.9619552519012,50.6675829817064,54.7858483666823,52.625641463696,51.3992253680298,38.886589954952,37.0139409205642,37.6607041567475,62.4611154801465,68.4500679228774,89.7310794707746,69.543253517883,68.5257099558442,0,57.5861666976465,58.3673413007925,63.4280804658806,52.4391343127074,35.145154378881,43.757529527692,45.1401410332422,56.1307272055083,65.8639128801824,61.4948603029801,59.1714592540135,64.4340017547813,66.9796173347646,69.2783260537913,68.9053890527259,63.759127271283,64.6179775017173,63.9385870773899,64.5197821827262,63.5370977321757,62.530129034243,63.7995261803894,48.4270102763798,50.7823371865644,46.9700122246885,46.998279079342,43.4829057184982,42.855742909034,44.5404745526547,41.6503633142664,38.7753341465248,38.7524810279377,39.2788869981279,39.0427473384196,82.5215433442787,54.0783713109551,50.4587155752655,78.0435387089436,80.4307862096815,71.4261589014279,67.0455043174433,63.5673510625368,68.060333630823,62.4737374269188,64.6317200878926,64.6050283422721,49.614809164524,48.9535504753853,64.7029015585895,43.1153120088752,44.7619113743047,58.5542434868232
