IBR/IBR_outputs/all.combrep_1/FireFreq_2000_2008_Total.PersistForestCover_Total.Silt_Total.VRM_Total/FireFreq_2000_2008_Total.PersistForestCover_Total.Silt_Total.VRM_Total.asc
NCOLS 160 
NROWS 95 
XLLCORNER 210004.651214014 
YLLCORNER 7350008.22228844 
CELLSIZE 4999.99999999997 
NODATA_value -9999 
[rows 21 to 41 of 95, columns 92 to 137 of 160]
1.12835045134576 1.14251953386461 1.19526237867736 1.15247523858401 1.14494806722646 1.21369177001452 1.17768452074055 1.25178129363089 1.12955250570278 1.12108574973027 1.13420352090809 1.15136057712372 1.17409808343297 1.14131018781789 1.21888536371941 1.12487032857987 1.11555104038619 1.13053561726988 1.27129743408808 1.15470840903092 1.26987680910674 1.12172761034604 1.12086073836078 1.12321927399523 1.12651093351866 1.13458192127345 1.14699674109965 1.18105951267131 1.3525288979482 2.70163947655869 1.21385526507359 1.14946808820603 1.14513449028201 2.22833841533519 2.16213417335597 1.96178291912628 1.33564666913524 1.11701170487165 1.11744923169395 1.11216300621117 1.11837325049888 1.11077005778116 1.1116621505006 1.11577893734169 1.12260962844645 1.13391351073461
1.1363112828284 1.13433642036119 1.13124883875571 1.16064358978891 1.19161830540067 1.29156257395282 1.14390882584819 1.14420173749814 1.13091527656065 1.1298879489004 1.11681268663373 1.11865754571949 1.17264925746413 3.09101641461026 1.19711743031316 1.11608884021832 1.11342651167986 1.12156092608867 1.14095154043631 1.15868899954792 1.56349833698141 1.13080372513126 1.12004956358016 1.11794525889339 1.11867588182939 1.1325076466316 1.12243640438488 1.12791384506549 1.14302182586691 1.16120612305523 1.18726372711267 1.24492170973558 1.34828243432513 1.92322586378806 2.85068900956546 1.32461824369875 1.14209900768433 1.1522885790307 1.13004559154624 1.17530222785024 1.14728638820432 1.1288897399636 1.19705541599423 1.13008732734726 1.13026848151028 1.13435412051819
1.14591025489493 1.13928267905639 1.1396733674664 1.21876281588711 1.35825698631082 1.26858503514531 1.17443979893325 1.13002331815124 1.123483059309 1.1318583242321 1.12527803527924 1.12212608199651 1.13388838728917 1.35440090687099 1.35113811737433 1.11659510280372 1.11472294615942 1.12907324786246 1.18815685315664 1.12178103271182 1.14486156868109 1.16101039893176 1.123026120367 1.11832190218713 1.12152671317578 1.1176401704239 1.12023262113269 1.12940104493768 1.12297688520249 1.1369352724503 1.14784886917069 1.21538649479262 1.41898683757675 1.96270376071495 1.77745418296577 1.52067533916714 2.1806696072804 2.16296512370937 1.28080328119173 1.17249114857999 1.20093066849264 1.38057077731005 2.22873143948438 1.14152327176736 1.12170986465146 1.12332240193287
1.37054873560269 1.37137429024229 1.34119179896672 1.57690347001169 1.27076198291411 1.14880192221802 1.15243005010111 1.30238755383862 1.11926516805635 1.12957957971497 1.12820353838412 1.12290560418781 1.12868081975919 1.14117314976549 1.16067736193991 1.1177647453406 1.12253234590713 1.19667931496155 1.51550180411916 1.19096582759035 1.13596490979283 1.13235733422416 1.14791871075015 1.1221957618245 1.12406054838512 1.11850561342817 1.14247508228445 1.14105435907417 1.12845059103483 1.13852087407151 1.16021288538696 1.22457094768897 1.88612040369398 1.60445097936248 1.2336089406209 1.36488577412671 1.28578966154721 1.43791212687529 1.36531980624099 1.27973019451894 1.13699659852529 1.23271564703053 1.59006557093842 1.37890460094183 1.19296093745668 1.12047341499936
1.15616407379226 1.14840456873953 1.26511263254959 1.17852577021645 1.199189619382 1.13167377469296 1.14799300806767 1.17229534728528 1.13953448676445 1.12921482816998 1.12762045063782 1.12476562286326 1.12504511444078 1.13649051657054 1.13868953307296 1.12524410083287 1.15364967549637 1.17939720068728 1.38223163802403 1.21839334826507 1.13634856487975 1.13045897537813 1.14448840722191 1.16433312644042 1.12573867782103 1.12039186831348 1.37218578668282 1.12710485192066 1.12904062646096 1.12927875115801 1.14399429172382 1.1867693001618 1.7945529155775 2.01432138029425 1.41936152864103 1.21098761485727 1.1737201875575 1.17850486548622 1.17883001120746 1.18833636902193 1.1532085451506 1.14921300799999 2.78286408753006 1.2230311990592 1.16672254359197 1.22124824294888
1.20078048479086 1.13407981449815 1.13922348090303 1.20015143083063 1.15951984922628 1.12459992175044 1.15752886783253 1.2350173834451 1.13139462934253 1.12788308904595 1.1328508732695 1.12725618876828 1.14116147969942 1.12316252075082 1.12723526167365 1.14434263280193 1.68898281890629 2.68964468360152 3.05509389189052 2.47642628353079 1.18672177215129 1.13351040978688 1.18837135290224 1.21230250551585 1.14855029901153 1.16615331880917 1.17372754657671 1.13005499724273 1.14507063865127 1.12845027214011 1.12874053951975 1.36695578890876 1.69954173947214 1.99001183145443 1.69297389150492 1.67689860923545 1.13545160575088 1.13988994684017 1.28602480666005 1.21046769716622 1.13358182257154 1.12672132617551 1.18725727989587 2.50039750960639 1.50761113101937 1.14003923847949
1.1239641163848 1.15331230092268 1.14813729556054 1.16736438146011 1.14077176346212 1.18806839275725 1.19468543873675 1.39836390158776 1.133804917273 1.12793900981663 1.1264828075752 1.13340135272928 1.1565275718932 1.13034733005077 1.11675069842769 1.43792863418415 2.97243291150037 3.04479841822967 2.40111191342687 2.56460953820513 1.53136663878472 1.59207019633647 1.67632491626039 1.37914095855223 1.33278187404721 1.20802983776909 1.14115462952614 1.1683072601094 1.2784890336413 2.12411391766424 2.24156911395501 2.86164856473078 2.05014295719421 1.73324448192162 1.31678742738086 1.56909862377975 1.66135009336463 1.17627226979394 1.56898979502907 1.19192647499683 1.14730691666866 1.14151308139419 1.19865335874469 1.74297100993086 2.48730750016407 1.17129765217321
1.16105949996178 1.20837353893461 1.17554506574056 1.13804721829895 1.16657685282327 1.17878224609448 1.19260995913931 1.68351913024528 1.96858787040368 1.15790039652089 1.12998674644082 1.13112251789051 1.14503559988458 1.13777091857076 1.18185115299151 1.95626582867076 1.80883542462275 1.9546124773957 2.24698835028504 1.56869790425613 1.58065749389981 1.98016944846947 2.81023588061225 2.97549235279057 2.29498578507159 1.97643010858548 1.49236140397366 1.64778557001608 1.24564330938764 1.24413791158206 1.13313320000878 1.25513098593112 1.86280828764724 1.50550297537096 1.55972978729994 1.27111797605655 1.45145694523976 1.27347286333734 1.49833928978712 1.21463847851516 1.46752108062327 1.43883231952077 3.11163023032047 1.56540501828908 1.22337199527165 1.18098232140101
1.21825681041062 1.18361877100569 1.13111483625695 1.12998096401819 1.14911250056048 1.21038933546365 1.37676827879 2.17325841326243 1.23394929038047 1.28716306322803 1.22494611004381 1.18469727305961 1.14739597312598 1.1732417510157 1.30773070745299 1.68065602348162 2.46905754766676 2.93815637809687 2.29591013079668 2.11999798391114 2.05121958639205 2.04311831061459 2.5734798292308 1.44251106960363 1.54492656269629 1.4006555553653 1.44954851757806 1.36733798454957 1.24529704962726 1.3532468714051 1.12827799105184 1.13521105180126 1.34325868376411 1.46241545741543 1.77069838351948 1.78237872871217 1.44516670233118 1.50194406171859 1.33937935725458 1.44319679271302 1.52978516885138 1.44426657398298 1.21339495729704 1.63355185439808 1.86541533365307 1.19583495033932
1.12786190923669 1.24063104472777 1.12370132861173 1.13452876452894 1.14493931051832 1.32775164405155 1.26194978454702 1.38494633836046 1.13874006112848 1.1716029820546 1.25461038844605 1.39491182225048 1.21224678355686 1.72164920535829 2.03238614062547 2.43264851100454 2.08485425700062 1.6388558813317 2.33468170225319 1.98624329469438 2.24054033273948 2.04189132833707 1.99553469805264 1.30990977134573 1.86572531391479 1.22882549594795 1.18754503706078 1.50303625108232 1.14163153197861 1.1513476919979 1.16223576206557 1.22534161285001 1.12921651820337 1.12956391699458 1.49623364320218 1.969847299152 1.38717259786383 1.34603458735242 1.52394561387241 1.65366096155194 1.32085558220371 1.2295707753241 1.23614567783801 1.14621858188372 1.21576910056773 1.18234244806583
1.14433928253498 1.14467386910721 1.13608144900168 1.16303186131882 1.2978035582751 1.43515776770323 1.25107446719872 1.17047375619762 1.32827318926996 1.24304487285741 1.25429245612454 1.43892730255267 1.82282661221176 2.86960126742227 2.84564918209462 1.78183358512473 1.60556841712155 1.2933344281083 2.48808453094721 1.73623994934022 2.0392817280749 2.37051346411171 1.30124839520542 1.30278974288205 1.36746420590855 1.22947528335528 1.95548796889537 1.6621541432384 1.3093721355832 1.13843506552061 1.15705910531853 1.13736650509942 1.13471395451149 1.13954194801371 1.15968184737428 1.77297802073846 1.48658843113792 1.26629065215157 1.3040425057418 1.42529178313274 1.17433995216361 1.20305780017089 1.35302930829617 1.13366884343619 1.16049115085463 1.16544698631159
1.46315623258052 1.21093948898889 1.12012128718577 1.14242357967326 1.27184397428927 1.21941649168032 1.3075068912315 1.72032346567134 1.62954922684073 2.18286425179489 2.96187635129439 3.37423277110911 2.43855710806836 2.82892706744065 2.04359348524583 1.51438638520659 1.98414744419198 1.45490306751687 1.86143724164961 1.74868686868601 1.96491935302075 2.80495523245466 1.34889139968681 1.22833191249786 1.26484248307425 1.15713673328319 1.69399857904656 1.49498589817007 1.41739968239463 1.18657505612628 1.18935286999177 1.14821185208053 1.14837877078954 1.13280327102154 1.15506639126827 1.29448279730261 1.63577336251311 1.27258671335957 1.54479882558151 1.58150614474858 1.3327104700604 1.38486656326307 1.46365158757065 1.18799341552212 1.14370384960818 1.14056212119139
2.77800068611878 1.81564678803854 1.14085953450858 1.16243659021696 1.23661345914099 1.35553529555695 1.61399566927597 2.14634452040123 2.42180381169807 2.59280447256143 1.81097083976294 2.27032387598822 2.83717181399283 2.99733282351762 2.12318304354579 1.77720427982589 2.07262742041577 1.54712933560963 1.37842050837987 2.02607842868303 2.33315087215635 3.17072249409381 1.85792699008713 1.22441945513553 1.27759666964326 1.32244722199201 1.22793328070131 1.29743704783298 1.26011463309789 1.14864070303194 1.6649817888759 1.49263094020792 1.13265984218401 1.13888750160332 1.13710811893811 1.15903187537081 1.72771767254399 1.6665330387938 1.55302334803391 1.23205986623552 1.60752813440757 1.61067757274364 1.57396581838108 1.56028977675979 1.20108036105575 1.14586646217267
2.63880313201202 1.26281915456079 1.12960156041065 1.13685969868897 1.33860920292002 2.20364818275804 2.56883758580485 2.31089140346372 2.50933048020234 2.11698372802262 1.21130755096279 1.2999600138822 2.91191941433009 3.22606897133372 1.7466656743043 2.5600342565057 1.81663221899666 1.44468961438925 1.61631803116725 1.7821761919422 1.56543162142466 2.05795701866611 2.027358811036 1.40749917266806 1.15053632703164 1.14437555648152 1.15818376566021 1.18741138742668 1.15938693598266 1.17753670110784 1.13981627282094 1.1639914844934 1.1362299446132 1.14226131636872 1.16088827372232 1.34054232790441 2.004145011007 1.58279598985415 1.54280992380355 1.49498583968087 1.73197551796481 1.78970557957139 2.21571946985399 2.09215180447387 1.62443856804623 1.26191355922145
1.5519846153311 1.13289368889632 1.22802320648596 1.149965320621 1.14747300934351 1.17724790416688 1.8659250683077 2.02935122314131 2.67408972150753 2.23411442866622 1.17170993077441 1.45717671917231 2.86132682568643 2.39259983461594 3.12248153846998 2.71843390412018 2.44362453385934 2.19521913865959 1.73456538602928 1.8031105125974 1.16439433448305 1.44448213884352 1.67478841031896 2.3135770929779 1.53100635306041 1.16413975111313 1.1531746700546 1.15800115632497 1.14844187560374 1.25465807364789 1.15262865875011 1.17466711984527 1.13905830481145 1.13695705904329 1.14033319805609 1.45814454802346 2.00052720868866 1.35057951768401 1.40260856364017 2.15392095112268 1.6331971895575 1.57248748637162 2.13162789317122 2.00017267678193 1.89182353564038 1.425813170319
1.62791345749339 1.14301675500113 1.14146108935417 1.23306946776288 1.14700442730247 1.14629127611037 1.53371922671584 1.5095498205555 2.77050929631515 1.49794510934826 1.34207270730373 3.06289987353276 2.97580747029309 2.72045390795713 2.80666589197644 1.98883123505486 1.68575857154421 1.47576182526615 1.64002685932979 1.42339141326693 1.3654155490661 1.31889452503787 1.49154387906108 1.5297605417703 1.68396600645823 1.59812879256541 1.31860912479678 1.1395794098953 1.14186221244645 1.49098180951223 1.67613094750411 1.15381260445508 1.13442463253217 1.13284834854214 1.42823238077852 2.07452415759225 1.8560750460521 1.38974090799849 1.66260088661512 2.44575672937759 1.52101446385336 1.38522728699552 1.86453663251346 1.93694044946081 1.77738209641363 1.33467599586478
3.25958196486003 1.32206885717617 1.17700206857248 1.16249740092884 1.16479161544221 1.15519860278353 1.55788963046994 1.44849056704199 1.95748894353801 1.57334406619437 2.11400297550021 3.21065603455708 3.04401056472061 2.93126119022498 1.61419014940125 1.2037097391181 1.17020652609623 1.56884872133592 1.46081530357457 1.47239720200581 2.16341250820413 1.8191205421158 1.63483646746431 1.53753330875803 1.44004390371701 1.76189225354418 1.61603256926007 1.25519682842753 1.13942670490891 1.20396740590379 1.16934917311843 1.15638711805703 1.13223890103345 1.41365623408013 1.89192487489691 1.63188798444194 1.58114205489316 1.49251269491249 1.84439735054823 2.33280948534743 1.57366614308653 1.27563730717832 1.26939502637205 2.0452334856116 1.62684460011661 1.30594210620865
1.47537886835505 1.19469560673703 1.28048480019422 1.19591052648054 1.17067840556062 1.1373878526781 1.14985655481228 1.14373000321545 1.24529926889308 2.14492245320512 2.18390709971592 2.01583527809833 2.69193633888018 1.6060785110918 1.28335963553193 1.16630714378398 1.1764342708636 1.25037819119973 1.4998166672225 1.36704011242683 2.09627446175313 2.80737416213852 1.48414858696937 1.36853492941892 1.19113297690105 1.14817606630735 1.16333486326096 1.33192384269205 1.47366573852968 1.14937420047213 1.15015717478304 1.20961376536543 1.19191923069406 2.04655497549991 1.73570335542245 1.7305083726734 2.10717421041122 1.63835100597365 2.17248416774945 2.0757080025469 1.40188973885582 1.33983820620167 1.20763577665126 1.27076502087937 1.1991477461206 1.42140580730414
1.14247295067654 1.13583233158458 1.15548798940468 1.14695873569418 1.14186239080441 1.13502449072547 1.16015757030332 1.1753004507776 1.63785791751465 2.77413948983586 2.11367596805799 1.76517330181738 2.67453777286024 1.47596740094853 1.15366131371499 1.19480445201159 1.18093907249736 1.21423592570379 1.78690120022473 1.36632453904387 2.19068360067125 2.86211863080286 1.52706687711583 1.19070812478429 1.15687070064764 1.41080787726017 1.14275539994489 1.15828096818647 1.30403765707151 1.3254491705774 1.21318712047061 1.19684256473857 1.6611576307026 1.4306347816902 1.72963463555977 2.12936949998058 1.85004777390759 1.43888401973712 2.22505139348389 1.97122187912584 1.23025763987819 1.30317099269476 1.27143047836868 1.26093950225059 1.34968887749236 1.33299044262741
1.17017499552639 1.22208769367674 1.24494036439314 1.13737822047172 1.13345554404197 1.1359090293706 1.19171050363481 1.29488871701888 1.511534495814 2.44871399761562 2.20151963368818 2.30133659797912 2.92807751184331 2.73261743509462 1.23582483430145 1.25286191425437 1.4447539839111 1.34561769203392 1.43230901121054 1.17525541627137 1.78897159471707 2.54868247194885 1.56659933626823 1.17973826620678 1.14123237816107 1.14660515512773 1.13220827225144 1.14915611871205 1.3451182867123 1.57759602050774 1.68491822319639 1.77714606908509 2.04939242148817 1.8945884329863 1.87896703407088 1.87169646186368 1.98050191970683 2.23628951491854 1.61418389091385 1.30649625689134 1.1764228870059 1.1782977683085 1.30048392041538 1.41355798910939 1.24713912032862 1.42438294097098
1.13405002114556 1.13069226111644 1.13534440415328 1.14337929077213 1.2212986679482 1.35176594822644 1.17579818682264 1.24390234519979 1.41948849199293 1.73791900251679 2.24017694460035 2.9556798307011 1.66482334651932 3.41519691454069 1.44422906072958 1.19090312613117 1.18651280543128 1.49405837569652 1.17739044400997 1.21311213041058 1.77161646026158 2.5856157954135 1.82150346598133 1.17613331826636 1.14077590157928 1.19000903321775 1.13662358542804 1.1376461542295 1.7010724887511 2.20457119789135 1.88370018121838 1.97788421052666 2.21750787249009 1.44852054816432 2.02368829822942 2.11326880250612 2.52099263303927 2.19606815330214 1.38367310321617 1.27539500977209 1.14984395010889 1.26413998334246 1.16269070762337 1.16912000235299 1.38465607095455 1.4724856842382
