0.127468 9.9991E-05 0.162646 0.709786
0.0748253 9.9991E-05 0.124314 0.800761
0.16018 9.9991E-05 0.23356 0.60616
0.164052 9.9991E-05 0.0702196 0.765629
9.9982E-05 0.0874195 9.9982E-05 0.912381
0.111554 0.02058 9.9991E-05 0.867766
0.317631 9.9991E-05 0.0444584 0.637811
0.139204 9.9991E-05 0.0263407 0.834355
9.999E-05 0.0825381 0.175916 0.741446
0.252021 0.0170979 0.239317 0.491564
0.407411 0.0912558 0.185615 0.315718
0.217992 0.0347745 0.238891 0.508342
0.868789 0.0189722 0.0874412 0.0247976
0.195655 0.0758495 0.170779 0.557716
9.999E-05 0.0749491 0.218752 0.706199
0.200797 9.9991E-05 0.112416 0.686687
0.039875 0.00651179 0.219802 0.733811
9.9982E-05 9.9982E-05 0.108441 0.891359
0.229195 0.121269 0.55697 0.0925662
0.17821 9.9991E-05 0.657516 0.164174
0.050182 9.9991E-05 0.701211 0.248507
0.00455773 0.0864535 0.830692 0.0782971
0.0544066 0.0227397 0.922754 9.9991E-05
0.0361167 0.00988972 0.835604 0.11839
0.131891 9.9991E-05 0.650798 0.217212
9.9982E-05 9.9982E-05 0.936268 0.0635318
9.9982E-05 0.079662 0.920138 9.9982E-05
0.0717592 0.0482163 0.879925 9.9991E-05
9.9991E-05 0.0489131 0.913022 0.037965
9.9991E-05 0.0854516 0.84669 0.0677586
0.0693414 0.0262857 0.904273 9.9991E-05
9.9991E-05 0.0458427 0.862362 0.0916954
0.0863851 0.0200981 0.865127 0.0283899
0.233426 0.024309 0.222557 0.519708
9.9991E-05 0.0607375 0.195924 0.743238
0.0553583 0.0927915 0.111307 0.740543
0.192396 0.0229584 0.0965961 0.68805
0.295211 0.0350074 0.139574 0.530208
9.9982E-05 0.350504 0.649296 9.9982E-05
0.185078 0.0446053 0.770217 9.9991E-05
9.9991E-05 0.123012 0.149425 0.727462
0.299385 9.9991E-05 0.129261 0.571254
0.332394 0.111054 0.271233 0.28532
0.653503 0.107687 0.144043 0.0947666
0.949577 9.9982E-05 0.0502234 9.9982E-05
0.0160828 0.359872 0.623945 9.9991E-05
0.210933 0.0679123 0.263066 0.458088
0.479963 0.0799526 0.122547 0.317536
0.208007 0.0869661 0.364088 0.340939
0.239709 0.733702 0.0264889 9.9991E-05
0.241024 0.74864 9.9991E-05 0.0102358
9.9982E-05 0.797354 9.9982E-05 0.202446
0.161859 0.731888 9.9991E-05 0.106154
9.9991E-05 0.855305 0.0683599 0.0762353
9.9991E-05 0.859298 0.0298852 0.110716
9.9982E-05 0.739112 9.9982E-05 0.260688
0.080773 0.817915 9.9991E-05 0.101212
0.0699469 0.857597 0.0723559 9.9991E-05
0.115982 0.787126 9.9991E-05 0.0967926
0.290379 0.625462 9.9991E-05 0.0840582
0.195312 0.742334 0.0622541 9.9991E-05
0.176083 0.681702 0.0523392 0.0898766
0.618568 0.321631 0.0576902 0.00211111
9.9991E-05 0.0622397 0.752529 0.185131
0.105857 9.9991E-05 0.776887 0.117156
9.9982E-05 9.9982E-05 0.849759 0.150041
0.174792 0.688169 9.9991E-05 0.136939
0.499943 0.499857 9.9982E-05 9.9982E-05
0.141272 0.745017 0.0347354 0.0789759
0.285851 0.713949 9.9982E-05 9.9982E-05
9.9991E-05 0.846784 0.0306857 0.12243
0.667837 0.101562 9.9991E-05 0.230501
0.843161 0.0500471 9.9991E-05 0.106692
0.897321 0.0670591 9.9991E-05 0.0355203
0.9997 9.998E-05 9.998E-05 9.998E-05
0.91729 0.000205493 0.0824048 9.9991E-05
0.978207 0.0215931 9.9982E-05 9.9982E-05
0.864522 9.9991E-05 0.111249 0.0241288
0.238056 0.634402 9.9991E-05 0.127442
0.367101 0.455489 0.0936727 0.0837374
0.231568 0.711476 0.0568564 9.9991E-05
0.0802628 0.796483 0.123154 9.9991E-05
0.0596762 0.739191 9.9991E-05 0.201032
0.147572 0.0190568 0.762645 0.0707265
0.492461 0.291497 0.103445 0.112597
0.908466 0.0767706 9.9991E-05 0.0146635
9.9991E-05 0.402092 0.586727 0.0110809
0.182538 9.9991E-05 0.189476 0.627886
0.0311831 9.9991E-05 0.204924 0.763793
0.209457 9.9991E-05 0.20723 0.583213
0.298661 0.0847952 0.216471 0.400073
0.0364463 0.0497349 0.105747 0.808072
0.827576 0.167116 0.00520763 9.9991E-05
0.220408 0.0258594 0.583934 0.169799
0.630049 0.21806 0.00983851 0.142053
0.400383 0.0321329 0.275705 0.29178
0.0086279 9.9991E-05 0.215375 0.775897
0.250353 9.9991E-05 0.0660713 0.683475
0.209865 9.9991E-05 0.125828 0.664207
0.308394 0.0128903 0.0912734 0.587442
0.388089 9.9991E-05 0.0139903 0.597821
0.140633 9.9991E-05 0.123235 0.736032
0.720977 0.213371 0.014421 0.0512313
0.706281 0.157228 0.0888293 0.0476612
0.765683 0.152639 0.0511609 0.0305173
0.619644 9.9991E-05 0.244049 0.136207
0.522316 0.0693574 0.150687 0.25764
0.00559875 0.0469227 0.467214 0.480265
9.9991E-05 0.798206 0.0177248 0.18397
0.233278 0.710891 9.9991E-05 0.0557311
0.708176 0.142524 0.149199 9.9991E-05
0.43618 0.1848 0.146912 0.232107
0.520387 0.153719 0.303152 0.0227417
0.336995 9.9982E-05 0.662805 9.9982E-05
0.30789 0.610659 0.0813509 9.9991E-05
0.337418 0.62001 0.00536264 0.0372097
0.493372 0.431154 9.9991E-05 0.075374
0.0604684 0.0620927 0.520573 0.356866
9.9991E-05 0.0853107 0.250066 0.664523
0.174812 0.0105078 0.0247147 0.789965
0.00786381 0.0978076 0.0834769 0.810852
0.00980888 0.0085742 0.401512 0.580105
0.0929029 9.9991E-05 0.177007 0.72999
0.0523771 0.0242303 0.116304 0.807089
9.9982E-05 0.0864731 9.9982E-05 0.913327
0.0428017 0.0309929 0.416846 0.50936
0.0486297 9.9991E-05 0.149684 0.801586
0.131857 9.9991E-05 0.18281 0.685233
0.135791 9.9991E-05 0.103993 0.760116
0.109336 0.0894553 0.227753 0.573456
0.0512039 0.0886793 0.0569334 0.803183
0.350865 9.9991E-05 0.245935 0.4031
0.0825375 0.0169526 0.115081 0.785428
0.221864 9.9982E-05 0.777936 9.9982E-05
0.0800764 9.9991E-05 0.848617 0.0712066
9.9982E-05 9.9982E-05 0.943545 0.0562547
0.011435 0.104608 0.790578 0.0933794
0.097187 0.0240731 0.834778 0.0439616
0.279301 0.0366162 9.9991E-05 0.683983
0.161498 9.9991E-05 0.166236 0.672167
0.116293 0.883507 9.9982E-05 9.9982E-05
0.0259976 0.802548 0.0611375 0.110317
9.9991E-05 0.869459 0.0733883 0.0570528
0.301786 0.62449 9.9991E-05 0.0736232
0.0142886 0.861499 9.9991E-05 0.124113
0.0267001 0.832429 0.140771 9.9991E-05
0.0238853 0.897738 9.9991E-05 0.0782767
0.160713 0.778166 0.0610212 9.9991E-05
0.0598263 0.839024 0.10105 9.9991E-05
0.0849615 0.822979 0.0904862 0.00157308
0.117558 0.795433 9.9991E-05 0.0869089
0.125817 0.745414 0.0443016 0.0844673
9.9991E-05 0.799654 0.0458523 0.154393
9.9991E-05 0.892155 0.0993796 0.00836559
0.167933 0.793196 0.0324336 0.00643809
9.9982E-05 0.90205 9.9982E-05 0.0977496
9.9991E-05 0.861108 0.0980978 0.0406944
0.853999 0.104232 0.00311465 0.0386545
0.83166 9.9982E-05 9.9982E-05 0.16814
0.0877865 0.835682 9.9991E-05 0.0764317
0.00513239 0.719466 9.9991E-05 0.275302
0.237639 0.762161 9.9982E-05 9.9982E-05
0.65092 0.14814 9.9991E-05 0.20084
0.0429344 0.0166338 9.9991E-05 0.940332
9.9991E-05 0.00761326 0.258719 0.733568
0.28499 9.9991E-05 0.430404 0.284505
0.119455 9.9991E-05 0.586174 0.29427
0.156991 0.00643168 0.82065 0.0159267
0.136327 9.9991E-05 0.826896 0.0366764
0.152369 9.9991E-05 0.76063 0.0869015
0.105464 0.046132 0.735031 0.113373
0.148374 0.0718879 0.769115 0.0106232
9.9991E-05 0.0736328 0.796449 0.129819
0.0552265 0.0248734 0.147688 0.772212
0.103952 0.0574575 0.139368 0.699222
0.232336 0.0273988 9.9991E-05 0.740165
0.210325 0.0151 9.9991E-05 0.774475
0.147272 9.9982E-05 9.9982E-05 0.852528
0.35156 0.0319318 0.0285383 0.58797
0.153691 9.9991E-05 0.201563 0.644646
0.20887 0.0639204 0.208587 0.518623
0.199001 9.9991E-05 0.0705697 0.730329
0.195245 0.0486925 0.124046 0.632016
0.104429 0.0668496 0.166164 0.662558
0.152862 0.0817914 0.73275 0.0325973
0.262923 0.734217 9.9991E-05 0.00276002
0.0979712 0.806224 0.0957051 9.9991E-05
0.198294 0.779101 0.0225053 9.9991E-05
0.0685796 0.729768 9.9991E-05 0.201553
9.9991E-05 0.799517 0.104251 0.0961317
0.180819 0.117319 0.307412 0.394451
0.105006 0.0271846 0.310708 0.557102
9.9991E-05 0.0568819 0.167253 0.775765
0.207291 9.9991E-05 0.28998 0.502629
