0.00551372 0.0552516 0.80306 0.122281 0.0138936
0.0489852 9.9991E-05 0.778702 0.0720086 0.100204
0.0178684 0.0230068 0.626819 0.225498 0.106808
0.00551328 0.0342698 0.776195 0.0226567 0.161365
9.9973E-05 0.0678541 0.931846 9.9973E-05 9.9973E-05
0.00873245 0.0633588 0.874148 9.9991E-05 0.0536606
9.9991E-05 0.0123828 0.754028 0.0519281 0.181561
0.0516061 9.9982E-05 0.752073 9.9982E-05 0.196121
0.005445 0.0869332 0.702145 0.205377 9.9991E-05
0.0499141 9.9991E-05 0.493453 0.248018 0.208516
0.0555395 0.0229928 0.281611 0.031704 0.608153
0.0233245 0.10488 0.481116 0.288115 0.102564
0.0478558 0.0828073 0.110734 0.0528632 0.70574
9.999E-05 0.0918275 0.502709 0.258298 0.147066
0.0389035 0.0826387 0.674668 0.20369 9.9991E-05
0.0263411 9.9991E-05 0.663979 0.107394 0.202187
9.999E-05 0.00650549 0.742382 0.204401 0.0466116
0.0231911 9.9982E-05 0.868015 0.108594 9.9982E-05
0.0624261 0.136623 0.101561 0.548585 0.150805
9.9982E-05 9.9982E-05 0.148444 0.677562 0.173794
0.0118155 0.00245502 0.249856 0.722112 0.0137613
0.00717921 0.0541451 0.0219314 0.827699 0.0890448
0.0447332 9.9982E-05 9.9982E-05 0.933078 0.0219888
0.0322973 0.011628 0.117638 0.802156 0.0362807
9.9982E-05 9.9982E-05 0.273947 0.669147 0.0567058
0.0104945 9.9982E-05 0.0541702 0.935135 9.9982E-05
0.0459534 0.0426762 9.9982E-05 0.91117 9.9982E-05
0.0179746 0.126485 0.0145293 0.840911 9.9991E-05
9.9982E-05 0.0342765 0.0639702 0.901553 9.9982E-05
9.9991E-05 0.085815 0.0446643 0.843879 0.0255412
0.0172044 0.0456845 9.9982E-05 0.936911 9.9982E-05
0.0672683 0.0132432 0.0674099 0.817243 0.0348351
0.0628975 0.0217385 0.0269728 0.833592 0.0547995
0.0645154 9.9991E-05 0.452919 0.133475 0.34899
0.00822676 0.0471888 0.702949 0.241535 9.9991E-05
9.9982E-05 0.128606 0.769607 0.101587 9.9982E-05
0.00688688 0.0229628 0.696618 0.0876431 0.185889
0.0115824 0.0566778 0.483245 0.17511 0.273385
0.9996 9.997E-05 9.997E-05 9.997E-05 9.997E-05
0.0179674 9.9982E-05 9.9982E-05 0.747417 0.234415
9.9982E-05 0.139428 0.705619 0.154753 9.9982E-05
9.9982E-05 9.9982E-05 0.602031 0.205914 0.191855
9.9991E-05 0.090396 0.281366 0.315356 0.312782
0.0523169 0.152646 0.15093 0.148949 0.495157
0.0190189 9.9982E-05 9.9982E-05 0.0167613 0.96402
0.9996 9.997E-05 9.997E-05 9.997E-05 9.997E-05
0.0663592 0.00355815 0.445167 0.180953 0.303962
9.9991E-05 0.0830837 0.322249 0.166044 0.428524
0.0431975 0.114652 0.379608 0.355822 0.106721
0.0214516 0.743839 9.9991E-05 0.0566908 0.177918
0.0308653 0.810273 9.9991E-05 0.0309896 0.127772
9.9982E-05 0.789203 0.200847 0.00974995 9.9982E-05
0.0489907 0.702815 0.0120094 9.9991E-05 0.236084
0.070245 0.83609 0.0344622 0.0591032 9.9991E-05
9.9982E-05 0.857133 0.0281861 0.114481 9.9982E-05
9.9973E-05 0.72736 0.27234 9.9973E-05 9.9973E-05
0.0394927 0.792838 0.0204532 0.040562 0.106654
0.0180079 0.866758 9.9982E-05 0.115035 9.9982E-05
0.0446744 0.798442 0.0198018 0.00477074 0.132311
0.0274002 0.591031 0.110723 9.9991E-05 0.270746
0.00260252 0.865892 9.9991E-05 0.116518 0.0148877
9.9991E-05 0.728499 0.0806973 0.126218 0.0644852
0.0691671 0.331338 9.9982E-05 9.9982E-05 0.599294
0.0325221 0.0292726 0.202714 0.735391 9.9991E-05
0.0507413 9.9991E-05 0.0696655 0.777297 0.102196
0.00902933 9.9982E-05 0.203758 0.787013 9.9982E-05
9.9991E-05 0.742213 0.108343 0.0191407 0.130204
0.0752026 0.531935 0.0651794 9.9991E-05 0.327583
0.0330753 0.752708 0.0877502 0.0452686 0.0811974
0.0233628 0.674677 9.9982E-05 9.9982E-05 0.30176
0.0396063 0.831409 0.0436006 0.0817782 0.00360582
0.0243039 0.154105 0.297983 9.9991E-05 0.523508
0.00156292 0.112476 0.153087 9.9991E-05 0.732773
9.9982E-05 0.113428 0.118451 9.9982E-05 0.76792
0.0123942 9.9973E-05 9.9973E-05 9.9973E-05 0.987306
0.0298717 9.9982E-05 9.9982E-05 0.098218 0.87171
0.0110007 9.9973E-05 9.9973E-05 9.9973E-05 0.988699
0.0131983 0.0468312 0.170742 0.0517683 0.717461
9.9982E-05 0.671077 0.10089 9.9982E-05 0.227833
0.15017 0.452399 0.153944 9.9991E-05 0.243387
0.0318652 0.699819 9.9991E-05 0.062038 0.206178
0.0612407 0.806083 9.9982E-05 0.132476 9.9982E-05
0.0456866 0.700104 0.198172 9.9991E-05 0.0559374
0.0327191 0.0235633 0.0923942 0.6863 0.165023
9.9991E-05 0.277554 0.0685586 0.102289 0.551499
9.99807E-05 0.1284 9.99807E-05 9.99807E-05 0.8713
0.9996 9.997E-05 9.997E-05 9.997E-05 9.997E-05
9.99875E-05 9.99875E-05 0.738366 0.190519 0.0709146
0.0441019 9.9982E-05 0.764426 0.191272 9.9982E-05
0.0297643 0.0257613 0.614294 0.197359 0.132821
0.0518671 0.0894552 0.449977 0.217184 0.191517
9.9991E-05 0.0315355 0.816625 0.0701968 0.0815428
9.9982E-05 0.189475 9.9982E-05 0.0229885 0.787336
0.0369257 0.0228083 0.185608 0.533847 0.22081
0.0764637 0.165412 0.0616725 9.9991E-05 0.696352
0.0264235 0.0359053 0.232175 0.305253 0.400243
0.00974863 9.9991E-05 0.772258 0.162504 0.0553895
9.9982E-05 9.9982E-05 0.544798 0.0486458 0.406356
9.9982E-05 9.9982E-05 0.506906 0.119592 0.373302
0.0158027 0.0289215 0.60562 0.0538175 0.295838
9.9973E-05 9.9973E-05 0.556512 9.9973E-05 0.443188
0.00503422 9.9991E-05 0.651215 0.0705513 0.2731
0.0361502 0.218461 9.9991E-05 0.0406898 0.704599
0.0812126 0.18214 0.195025 0.0249227 0.516699
0.0941242 0.18387 0.0828211 9.9991E-05 0.639085
0.0123564 9.9991E-05 0.177322 0.192833 0.617389
9.9991E-05 0.131923 0.268891 0.14991 0.449176
9.9982E-05 0.0528035 0.54862 0.398376 9.9982E-05
0.0175812 0.806945 0.17258 0.00279342 9.9991E-05
0.0387106 0.757099 0.0590494 0.00897778 0.136164
0.00140919 0.175051 9.9991E-05 0.166354 0.657086
0.0472239 0.145926 0.177804 0.142022 0.487024
0.0619227 0.178534 0.0965188 0.246735 0.41629
9.9973E-05 9.9973E-05 9.9973E-05 0.735811 0.263889
0.044537 0.662386 9.9991E-05 0.0635355 0.229441
9.9991E-05 0.706915 0.0133077 0.0325995 0.247077
9.9982E-05 0.494156 0.12915 9.9982E-05 0.376494
0.06551 0.0519157 0.352276 0.433973 0.0963262
9.9982E-05 0.109605 0.657341 0.232854 9.9982E-05
0.0275736 0.022782 0.826638 9.9991E-05 0.122906
9.9991E-05 0.132314 0.78366 0.0418145 0.0421123
9.9991E-05 0.001256 0.533616 0.429261 0.0357668
0.0193807 9.9991E-05 0.74576 0.178118 0.056641
9.9982E-05 0.0355674 0.791369 0.172863 9.9982E-05
0.0155125 0.0756186 0.908669 9.9982E-05 9.9982E-05
9.9982E-05 9.9982E-05 0.436675 0.405394 0.157731
0.00135507 9.9991E-05 0.724397 0.154262 0.119886
0.0383931 9.9991E-05 0.613891 0.221912 0.125704
0.016183 0.00038023 0.715016 0.0808276 0.187593
0.0241745 0.10232 0.458202 0.279516 0.135788
0.0420444 0.0453153 0.733791 0.0810887 0.097761
0.0277842 9.9991E-05 0.374537 0.239896 0.357683
9.99965E-05 0.00540856 0.805966 0.0609779 0.127547
9.9973E-05 9.9973E-05 9.9973E-05 0.86877 0.130931
9.9982E-05 9.9982E-05 0.0451875 0.893651 0.0609612
0.0376194 9.9982E-05 0.00620466 0.955976 9.9982E-05
0.0169777 0.114115 0.120347 0.748461 9.9991E-05
0.0155359 0.0359349 9.9991E-05 0.83135 0.117079
0.0233966 0.0464918 0.671456 9.9991E-05 0.258555
0.0255677 9.9991E-05 0.620377 0.140477 0.213478
0.00132184 0.943731 9.9982E-05 9.9982E-05 0.0547471
0.0353763 0.780679 0.0912357 0.0316242 0.0610849
9.9982E-05 0.871082 0.107574 9.9982E-05 0.0211442
9.9991E-05 0.671829 0.0558192 0.0500625 0.222189
0.0244858 0.8856 0.0897145 9.9982E-05 9.9982E-05
0.00681604 0.768014 9.9991E-05 0.151938 0.0731319
0.018739 0.883799 0.0317672 9.9991E-05 0.0655951
9.9982E-05 0.842433 9.9982E-05 0.119885 0.0374827
9.9982E-05 0.829757 9.9982E-05 0.100805 0.0692378
9.9982E-05 0.860527 9.9982E-05 0.0875156 0.051757
0.0167351 0.838247 0.0994987 9.9991E-05 0.0454188
0.045226 0.777073 0.129316 0.0482853 9.9991E-05
0.00249627 0.785631 0.149056 0.0627167 9.9991E-05
0.0163416 0.843479 0.0591112 0.0809682 9.9991E-05
9.9982E-05 0.800817 9.9982E-05 0.0130732 0.18591
0.0357094 0.872649 0.0914414 9.9982E-05 9.9982E-05
9.9991E-05 0.872138 0.0366724 0.0838792 0.00721041
9.9982E-05 0.127923 9.9982E-05 0.0694034 0.802474
9.9982E-05 9.9982E-05 0.00717463 0.023433 0.969192
9.9982E-05 0.863058 0.044223 9.9982E-05 0.0925195
0.0123975 0.710303 0.248767 9.9991E-05 0.0284328
0.00569298 0.816802 9.9991E-05 0.00713504 0.17027
9.9982E-05 0.157142 0.16827 9.9982E-05 0.674388
0.0172021 9.9982E-05 0.875969 9.9982E-05 0.106629
0.0326847 0.015039 0.697475 0.254701 9.9991E-05
9.9991E-05 0.013254 0.359806 0.445054 0.181786
0.00125359 9.9991E-05 0.229784 0.613707 0.155156
0.0225343 9.9982E-05 9.9982E-05 0.767354 0.209912
9.9991E-05 0.0631617 0.0529757 0.872761 0.0110018
0.0301233 9.9991E-05 0.114248 0.765172 0.090356
0.0171775 9.9991E-05 0.110712 0.736282 0.135729
0.0207121 0.0720207 9.9991E-05 0.703324 0.203844
0.0512637 0.0838841 0.121321 0.743431 9.9991E-05
0.00623963 0.021445 0.769956 0.0801445 0.122215
0.0581179 0.0399572 0.815971 0.0425103 0.0434433
0.0562834 9.9982E-05 0.71608 9.9982E-05 0.227437
9.9973E-05 9.9973E-05 0.663541 9.9973E-05 0.336159
0.0266546 9.9982E-05 0.753596 9.9982E-05 0.21955
9.99753E-05 9.99753E-05 0.589367 9.99753E-05 0.410334
0.00884035 9.9991E-05 0.504565 0.206774 0.279721
0.0322228 0.0996308 0.587833 0.21024 0.0700735
0.0813478 0.0030841 0.635649 0.158914 0.121006
0.0247739 0.0496276 0.536833 0.222316 0.166449
0.0571703 0.013193 0.574833 0.172918 0.181885
0.163295 0.113453 0.022521 0.700631 9.9991E-05
0.013105 0.758772 9.9991E-05 0.0463315 0.181692
0.0700639 0.805693 9.9991E-05 0.0960572 0.0280861
0.00638435 0.84714 9.9991E-05 0.0081448 0.13823
0.0105048 0.69763 0.132009 0.038449 0.121407
0.016006 0.826492 0.106055 0.0513465 9.9991E-05
0.00882397 0.121479 0.42301 0.313878 0.132809
0.0368245 9.9991E-05 0.469422 0.328815 0.164838
0.0810134 0.0215872 0.729824 0.167476 9.9991E-05
0.0439806 9.9991E-05 0.356819 0.266383 0.332717
