0.84148 0.0203453 0.138074 9.9991E-05
0.821932 0.0275334 0.150435 9.9991E-05
0.778768 0.024111 0.197021 9.9991E-05
0.9179 0.0186612 0.0406865 0.0227527
0.93797 0.00677208 0.0053001 0.0499577
0.940641 9.9991E-05 0.00766295 0.051596
0.91248 9.9991E-05 0.0616761 0.0257443
0.922761 0.0489756 0.0281632 9.9991E-05
0.673221 0.0132075 0.232565 0.0810058
0.649321 0.0170143 0.284539 0.0491256
0.608885 0.062631 0.14215 0.186334
0.643137 0.0151357 0.253341 0.0883858
0.521913 0.0470063 0.0841945 0.346887
0.583398 0.0067411 0.286637 0.123224
0.641644 0.0321647 0.274055 0.0521357
0.824176 0.0293471 0.144101 0.00237638
0.706878 0.0140628 0.26353 0.0155293
0.877076 0.0428348 0.0799892 9.9991E-05
0.200445 0.0792254 0.553704 0.166625
0.25798 9.9991E-05 0.727527 0.0143933
0.252821 0.00290533 0.744173 9.9991E-05
0.0329653 0.0145788 0.901185 0.0512714
9.9991E-05 0.0496563 0.941141 0.00910325
0.0438051 0.0491302 0.903488 0.00357637
0.227417 9.9982E-05 0.772383 9.9982E-05
9.99829E-05 0.017435 0.982365 9.99829E-05
9.9991E-05 0.0551688 0.897795 0.0469364
9.9991E-05 0.0392026 0.904813 0.0558846
9.9982E-05 9.9982E-05 0.968811 0.0309888
0.00772966 9.9991E-05 0.909393 0.0827777
9.9991E-05 0.0101669 0.959869 0.0298636
0.0214806 0.0598992 0.908361 0.0102594
0.0700707 0.0679568 0.848108 0.0138645
0.699747 0.0843717 0.204672 0.0112089
0.635734 9.9991E-05 0.332705 0.0314616
0.849403 9.9991E-05 0.108181 0.0423159
0.89114 0.0264046 0.0634516 0.0190037
0.686624 0.0206446 0.156347 0.136384
9.998E-05 0.9997 9.998E-05 9.998E-05
0.0388328 0.0380135 0.857237 0.0659166
0.649381 0.0168747 0.249392 0.0843514
0.796049 0.00961682 0.194234 9.9991E-05
0.450605 0.0207635 0.331727 0.196905
0.494164 0.0615356 0.129431 0.314869
0.599357 0.034953 0.0695436 0.296147
9.998E-05 0.9997 9.998E-05 9.998E-05
0.613245 0.0806642 0.221252 0.0848391
0.644898 9.9991E-05 0.149526 0.205476
0.468443 0.0368174 0.359578 0.135162
0.0844996 0.0527381 0.0360782 0.826684
0.0689587 0.021269 0.0157842 0.893988
0.0919041 0.00260518 0.00661446 0.898876
0.112194 0.0656061 9.9991E-05 0.8221
9.9991E-05 0.0451246 0.0754381 0.879337
9.9982E-05 9.9982E-05 0.0596311 0.940169
0.199883 9.9982E-05 9.9982E-05 0.799917
0.067965 0.0231092 0.0428534 0.866072
9.9991E-05 0.0330025 0.0828732 0.884024
0.100814 0.0468998 9.9991E-05 0.852187
0.227824 0.0438953 9.9991E-05 0.728181
9.9982E-05 9.9982E-05 0.0803446 0.919455
0.111633 9.9991E-05 0.114921 0.773346
0.333862 0.0779132 0.0272472 0.560978
0.0929932 0.0340926 0.857265 0.0156496
0.0991366 0.036314 0.832755 0.0317945
0.0423178 0.0186789 0.938903 9.9991E-05
0.136937 0.00900408 0.0627869 0.791272
0.21269 0.0918342 9.9991E-05 0.695376
0.0706683 0.0334434 0.0767009 0.819187
0.0464645 0.0573121 0.064741 0.831482
0.0311051 0.0443575 0.039232 0.885305
0.625238 0.0348817 9.9991E-05 0.339781
0.595265 0.0104307 0.0764675 0.317837
0.577203 9.9991E-05 0.0709162 0.351781
0.58559 0.0478417 0.0447234 0.321845
0.532174 0.0578435 0.1548 0.255183
0.561458 0.0431393 0.0533555 0.342047
0.612674 0.0393973 0.119424 0.228504
0.171865 9.9982E-05 9.9982E-05 0.827936
0.17092 0.140889 0.0755545 0.612637
0.0496643 0.036767 0.0629042 0.850665
9.9991E-05 0.0633756 0.111281 0.825244
0.185323 0.0366387 9.9991E-05 0.777938
0.102748 0.0132206 0.812437 0.0715946
0.380712 9.9991E-05 0.200353 0.418835
0.586448 9.9982E-05 9.9982E-05 0.413352
9.998E-05 0.9997 9.998E-05 9.998E-05
0.787543 9.9982E-05 0.212257 9.9982E-05
0.775664 0.042901 0.181335 9.9991E-05
0.734791 0.0389969 0.201152 0.0250604
0.559349 0.039006 0.287419 0.114226
0.830599 9.9991E-05 0.128468 0.0408325
0.486206 0.0273163 0.0329269 0.45355
0.262086 0.0378964 0.64633 0.0536873
0.50092 0.074669 9.9991E-05 0.424311
0.443375 0.0181154 0.377257 0.161253
0.772729 0.0173966 0.209775 9.9991E-05
0.886101 9.9991E-05 0.0968688 0.0169304
0.826356 9.9982E-05 0.173444 9.9982E-05
0.806583 0.0168209 0.0587314 0.117865
0.915824 0.00976615 0.0555008 0.0189085
0.914555 0.0252364 0.0601084 9.9991E-05
0.434237 0.0205825 0.103113 0.442067
0.392367 0.0911244 0.117812 0.398696
0.474938 0.0918418 9.9991E-05 0.433121
0.551959 0.00875903 0.296751 0.142532
0.592614 9.9991E-05 0.158709 0.248577
0.484578 9.9991E-05 0.462223 0.0530986
0.146603 0.00497922 0.0316907 0.816727
0.0833329 0.0145255 0.076326 0.825816
0.45649 0.0109799 0.187007 0.345523
0.495604 0.0266228 0.144444 0.333329
0.271583 0.080437 0.347801 0.300179
0.141808 9.9991E-05 0.838907 0.019185
9.9991E-05 0.0535535 0.14069 0.805657
0.197917 9.9982E-05 9.9982E-05 0.801883
0.334144 9.9982E-05 9.9982E-05 0.665656
0.378875 0.0569644 0.516905 0.0472556
0.685046 0.00377943 0.263821 0.0473538
0.862469 0.0394271 0.0425858 0.0555186
0.795959 9.9991E-05 0.136185 0.0677563
0.597502 9.9982E-05 0.402298 9.9982E-05
0.76243 0.0257704 0.2117 9.9991E-05
0.789317 9.9991E-05 0.177375 0.0332077
0.941791 9.9982E-05 9.9982E-05 0.0580091
0.551823 9.9991E-05 0.416627 0.0314509
0.846024 9.99937E-05 0.14444 0.00943589
0.709593 0.0303847 0.259923 9.9991E-05
0.802903 9.9991E-05 0.190156 0.00684082
0.568438 9.9991E-05 0.354398 0.0770641
0.832099 0.0364118 0.0755025 0.0559871
0.574097 0.0190761 0.351079 0.0557476
0.914956 9.9991E-05 0.0804944 0.00445008
0.0382666 0.000647687 0.942921 0.0181652
0.0206905 9.9982E-05 0.97911 9.9982E-05
0.0112996 0.0357637 0.952837 9.9991E-05
0.0650351 0.0128376 0.839895 0.082232
0.0576067 0.0176495 0.855641 0.0691029
0.87354 9.9982E-05 9.9982E-05 0.12626
0.779001 0.0211626 0.199737 9.9991E-05
9.998E-05 9.998E-05 9.998E-05 0.9997
0.0120896 0.0411497 0.100715 0.846045
0.0526179 0.0232601 0.0248424 0.89928
0.17513 9.9991E-05 0.0745592 0.750211
0.0517483 0.037513 9.9991E-05 0.910639
9.9991E-05 0.0159385 0.154272 0.829689
0.0367106 0.0205758 9.9991E-05 0.942614
9.9982E-05 9.9982E-05 0.080582 0.919218
9.9982E-05 9.9982E-05 0.0846201 0.91518
9.9991E-05 0.00449217 0.0886201 0.906788
0.0624625 0.0441732 9.9991E-05 0.893264
0.0735929 0.0397997 0.0346083 0.851999
0.0607986 0.0270338 0.0804426 0.831725
9.9991E-05 0.00444702 0.0861114 0.909342
0.0442375 0.0163786 9.9991E-05 0.939284
0.0430221 0.0209204 9.9991E-05 0.935957
9.9991E-05 0.0125097 0.0949499 0.89244
0.538009 0.0128734 0.0739056 0.375212
0.721145 9.9991E-05 0.0361683 0.242587
0.074364 9.9982E-05 9.9982E-05 0.925436
0.256265 0.0260184 9.9991E-05 0.717616
9.9991E-05 0.0156363 0.0384794 0.945784
0.613102 0.0107511 9.9991E-05 0.376047
0.971238 0.0285619 9.9982E-05 9.9982E-05
0.676704 0.0265364 0.296659 9.9991E-05
0.42107 9.9991E-05 0.511672 0.0671576
0.33059 0.0113637 0.654428 0.00361809
0.0980558 0.0189476 0.864128 0.0188689
9.9982E-05 9.9982E-05 0.973778 0.0260222
0.186956 0.00778149 0.805163 9.9991E-05
0.1317 0.0175109 0.847157 0.00363187
0.0412314 0.0317378 0.826176 0.100855
0.0773038 0.0664745 0.809148 0.0470737
0.847231 0.0145531 0.138116 9.9991E-05
0.812267 0.0572879 0.0561174 0.0743273
0.911421 0.0677839 9.9991E-05 0.0206949
0.991801 0.00491236 9.9991E-05 0.00318642
0.945558 0.0359902 9.9991E-05 0.0183517
0.919453 0.00312611 0.00698314 0.0704374
0.692843 0.0211141 0.285943 9.9991E-05
0.664339 0.0232643 0.203301 0.109096
0.93108 0.0438885 0.00336012 0.0216716
0.691006 0.0206956 0.220605 0.0676935
0.785707 0.0257171 0.13626 0.0523161
0.0619217 0.140969 0.719549 0.0775606
0.087469 0.0328094 0.0375239 0.842198
9.9991E-05 0.0308473 0.0900015 0.879051
0.0620575 9.9982E-05 9.9982E-05 0.937743
0.169081 0.0270769 0.0136223 0.790219
0.0440266 0.0174248 0.103633 0.834916
0.44344 0.0386488 0.361294 0.156617
0.653413 0.02418 0.30314 0.0192669
0.753541 0.0586628 0.177156 0.0106402
0.643806 0.0811521 0.274942 9.9991E-05
