0.00127363 0.0678157 0.807271 0.123539 9.9991E-05
0.0451379 0.0559817 0.766867 0.131913 9.9991E-05
0.0201541 0.222429 0.547064 0.210253 9.9991E-05
0.0163827 0.0193018 0.705862 0.242741 0.0157129
0.0282219 9.9982E-05 0.904672 9.9982E-05 0.0669063
9.9982E-05 9.9982E-05 0.848125 0.100261 0.0514145
9.9982E-05 0.0701766 0.688127 0.241497 9.9982E-05
0.03784 9.9982E-05 0.728214 0.233746 9.9982E-05
0.02828 0.163034 0.685645 9.9991E-05 0.122941
0.0278493 0.155064 0.489181 0.327704 0.000202465
0.0571111 0.0725954 0.32761 0.473681 0.069002
0.0169024 0.217007 0.495027 0.228145 0.042919
0.0320232 0.0295072 0.0868675 0.827794 0.0238086
9.999E-05 0.217624 0.41646 0.31947 0.0463451
0.0263222 0.173213 0.683957 9.9991E-05 0.116408
0.0278587 0.00865526 0.741207 0.219203 0.00307595
9.999E-05 0.218859 0.732966 0.0257561 0.0223189
0.0232883 0.0257528 0.846893 0.103966 9.9991E-05
0.0612338 0.484618 0.212894 0.123951 0.117304
9.9982E-05 0.62514 0.23378 0.14088 9.9982E-05
0.0045747 0.647755 0.252235 0.0953353 9.9991E-05
0.0167383 0.803839 0.0570191 0.0759489 0.0464546
0.046185 0.897266 9.9982E-05 0.0563486 9.9982E-05
0.0563272 0.754683 0.165841 0.010216 0.0129329
9.9991E-05 0.62946 0.261037 0.10338 0.0060231
0.00987519 0.843346 0.146417 0.000262369 9.9991E-05
0.0219764 0.884615 9.9982E-05 9.9982E-05 0.0932084
0.0190837 0.860852 0.038389 9.9991E-05 0.081575
9.9982E-05 0.907317 0.0589051 9.9982E-05 0.0335779
9.9982E-05 0.810172 0.0787362 9.9982E-05 0.110891
0.0158809 0.897839 0.0363703 9.9991E-05 0.0498097
0.0458853 0.81965 0.0908859 9.9991E-05 0.0434784
0.0714825 0.845447 0.0678614 0.0151089 9.9991E-05
0.0819397 0.130976 0.504406 0.282578 9.9991E-05
0.00498539 0.226976 0.662124 9.9991E-05 0.105814
9.9982E-05 0.115219 0.778184 9.9982E-05 0.106397
0.0303496 0.0483941 0.695726 0.225431 9.9991E-05
0.00288215 0.0867139 0.476822 0.361837 0.0717452
0.9996 9.997E-05 9.997E-05 9.997E-05 9.997E-05
0.0314541 0.755857 0.0111239 0.201465 9.9991E-05
9.9982E-05 0.0883402 0.769782 9.9982E-05 0.141678
9.9982E-05 0.114675 0.684395 0.200731 9.9982E-05
0.0150659 0.266754 0.272119 0.366311 0.0797501
0.0593325 0.15683 0.0992707 0.587769 0.0967976
0.0165045 0.0613574 9.9991E-05 0.896408 0.0256303
0.9996 9.997E-05 9.997E-05 9.997E-05 9.997E-05
0.0858577 0.183419 0.438953 0.281526 0.0102436
9.9991E-05 0.187119 0.21419 0.526793 0.0717987
0.045873 0.341709 0.322447 0.19693 0.0930418
0.0449547 0.00289489 0.0757607 0.116628 0.759761
0.0480191 0.0341686 9.9991E-05 0.110351 0.807361
9.9973E-05 9.9973E-05 0.174008 9.9973E-05 0.825692
0.0652826 9.9991E-05 0.0713379 0.175867 0.687412
0.0610275 0.05109 0.0679131 9.9991E-05 0.819869
9.9982E-05 0.0661661 0.075071 9.9982E-05 0.858563
9.9973E-05 9.9973E-05 0.255577 9.9973E-05 0.744123
0.0186609 0.0720432 9.9991E-05 0.122565 0.786631
0.0428019 0.0768392 9.9982E-05 9.9982E-05 0.880159
0.0398166 9.9991E-05 0.0721376 0.125511 0.762435
0.0233998 9.9991E-05 0.0827294 0.258477 0.635294
9.9973E-05 0.117697 9.9973E-05 9.9973E-05 0.882003
9.9991E-05 0.0548091 0.148345 0.0690862 0.727659
0.074782 0.0245553 9.9991E-05 0.584607 0.315956
0.0334684 0.737508 0.137127 0.0275728 0.0643237
0.017678 0.700038 0.237004 0.0271658 0.0181139
0.0035087 0.779651 0.216641 9.9982E-05 9.9982E-05
0.0409281 0.0361243 0.0387015 0.201712 0.682534
0.0644373 9.9991E-05 0.0111333 0.395389 0.52894
0.0255993 0.0384754 0.0935593 0.107511 0.734855
0.0485253 9.9982E-05 9.9982E-05 0.268129 0.683146
0.0661345 9.9982E-05 0.0947439 9.9982E-05 0.838922
0.00288143 9.9991E-05 0.178211 0.728649 0.0901584
0.0185315 0.0623228 0.0463581 0.824054 0.0487337
0.0098137 0.00073571 0.0623566 0.862324 0.0647704
0.022914 9.9973E-05 9.9973E-05 0.976786 9.9973E-05
0.0530997 0.0644826 9.9982E-05 0.882218 9.9982E-05
0.0355536 0.0457673 9.9982E-05 0.918479 9.9982E-05
0.0222435 0.146438 0.00365783 0.827561 9.9991E-05
9.9982E-05 9.9982E-05 0.0397593 0.342479 0.617562
0.12252 0.0307277 9.9991E-05 0.440578 0.406075
0.0159819 0.0923396 9.9991E-05 0.150453 0.741126
0.0703762 0.108339 9.9991E-05 0.0518414 0.769343
0.0356495 9.9991E-05 0.180687 0.0627446 0.720819
0.0289909 0.685805 0.150374 0.0855443 0.0492863
9.9991E-05 0.118867 0.0479615 0.561698 0.271373
9.9973E-05 9.9973E-05 9.9973E-05 0.887472 0.112228
0.9996 9.997E-05 9.997E-05 9.997E-05 9.997E-05
9.9982E-05 0.114087 0.700265 0.185448 9.9982E-05
0.0343581 0.150622 0.747507 0.0674128 9.9991E-05
0.0327209 0.146481 0.50805 0.312647 9.9991E-05
0.0595756 0.224769 0.376691 0.256838 0.0821269
9.9991E-05 0.0767228 0.78752 0.0812035 0.0544538
9.9982E-05 0.043566 9.9982E-05 0.786372 0.169862
0.0178689 0.580349 0.167275 0.234408 9.9991E-05
0.0833215 9.9991E-05 0.071674 0.69656 0.148345
0.0341957 0.283118 0.285557 0.309063 0.0880668
0.00857311 0.124249 0.864568 9.9991E-05 0.00251011
9.9982E-05 0.0526106 0.557665 0.389524 9.9982E-05
9.9982E-05 0.122546 0.529112 0.348142 9.9982E-05
0.0106017 0.0477402 0.579567 0.343521 0.0185706
0.00646042 0.0285529 0.53353 0.431356 9.9991E-05
0.00367426 0.0848034 0.628172 0.28325 9.9991E-05
0.0228364 0.0652141 9.9991E-05 0.708682 0.203168
0.0547691 0.103304 0.0721386 0.607139 0.162649
0.0955951 0.0297739 0.0161784 0.696124 0.162329
0.00444881 0.249415 0.0699876 0.676049 9.9991E-05
9.9991E-05 0.161709 0.232687 0.502339 0.103165
9.9991E-05 0.415058 0.47778 0.0198052 0.0872576
0.0222498 9.9982E-05 0.187953 9.9982E-05 0.789598
0.0402918 0.0543952 9.9991E-05 0.208815 0.696398
0.000996911 0.182374 0.042857 0.616011 0.157761
0.0261163 0.11624 0.103494 0.619682 0.134467
0.0669428 0.227166 0.0523137 0.546855 0.106723
9.9973E-05 0.693281 9.9973E-05 0.306419 9.9973E-05
0.0400869 0.0526964 9.9991E-05 0.298894 0.608223
9.9991E-05 0.066932 0.0282405 0.218365 0.686363
9.9982E-05 9.9982E-05 0.0867396 0.449224 0.463836
0.0641572 0.507404 0.28894 0.104056 0.0354434
9.9982E-05 0.254446 0.680726 9.9982E-05 0.0646282
0.00471005 0.0115088 0.696144 0.277931 0.00970689
9.9991E-05 0.101363 0.718956 0.0637282 0.115853
9.9991E-05 0.441414 0.481103 0.0597913 0.0175916
0.0127105 0.148487 0.719131 0.0834885 0.0361824
9.9991E-05 0.127074 0.772784 0.0506296 0.0494121
0.0128092 9.9991E-05 0.88212 0.0237563 0.0812149
9.9991E-05 0.362734 0.399766 0.23319 0.00420927
9.9982E-05 0.151863 0.682283 0.165655 9.9982E-05
0.0288994 0.1674 0.5887 0.214901 9.9991E-05
0.0292425 0.0455671 0.820136 0.104955 9.9991E-05
0.00596502 0.230096 0.51946 0.133956 0.110523
0.0556226 0.0268447 0.729147 0.151179 0.0372072
0.0116556 0.234483 0.421305 0.332457 9.9991E-05
9.9991E-05 0.0620179 0.792579 0.109962 0.0353418
9.9973E-05 0.846904 9.9973E-05 0.152796 9.9973E-05
9.9973E-05 0.954108 9.9973E-05 0.0455923 9.9973E-05
0.0461228 0.907514 0.0461636 9.9982E-05 9.9982E-05
9.9991E-05 0.740796 0.165948 0.00436116 0.0887952
0.0143893 0.808046 9.9991E-05 0.144749 0.0327163
0.0115601 9.9991E-05 0.610571 0.342664 0.0351048
0.0126913 0.119437 0.636628 0.231144 9.9991E-05
9.9973E-05 9.9973E-05 9.9973E-05 0.0550324 0.944668
0.0676628 0.0422316 0.0529358 0.0763149 0.760855
0.0220019 9.9982E-05 0.106707 9.9982E-05 0.871091
9.9991E-05 0.0347255 0.00343247 0.338542 0.6232
0.0252508 9.9991E-05 0.0162775 0.128911 0.829461
0.0260431 0.0917105 0.0492293 0.00110843 0.831909
0.0289601 9.9982E-05 9.9982E-05 0.102303 0.868537
9.9982E-05 0.154984 9.9982E-05 0.025188 0.819628
9.9982E-05 0.0782118 9.9982E-05 0.0618605 0.859728
0.0059749 0.0966576 9.9991E-05 0.077713 0.819555
0.0445875 9.9991E-05 0.0240594 0.155192 0.776061
0.0309749 0.0319664 0.055013 0.141292 0.740753
9.9991E-05 0.0437598 0.138974 0.0285541 0.788612
0.000473009 0.0611195 0.00566381 9.9991E-05 0.932644
0.0165878 0.00781083 0.0377769 0.116468 0.821357
0.0277683 9.9982E-05 0.109357 9.9982E-05 0.862675
0.0295018 0.0799531 0.0114737 9.9991E-05 0.878971
0.0153013 0.0178011 9.9991E-05 0.89803 0.0687673
9.9973E-05 9.9973E-05 0.128814 0.870886 9.9973E-05
9.9982E-05 9.9982E-05 0.0266676 0.170402 0.802731
0.0178312 9.9991E-05 0.156169 0.15278 0.673119
0.00160979 0.0309137 9.9991E-05 0.0980678 0.869309
9.9982E-05 9.9982E-05 0.143184 0.700708 0.155907
0.0260541 9.9982E-05 0.799081 0.174665 9.9982E-05
0.0264247 0.196386 0.771937 9.9991E-05 0.00515213
9.9991E-05 0.440641 0.38782 0.159808 0.011632
9.9982E-05 0.630112 0.205548 0.164141 9.9982E-05
9.9982E-05 0.793959 0.0404067 0.165435 9.9982E-05
9.9991E-05 0.805792 0.121255 0.00182483 0.0710281
0.0208078 0.712822 0.215378 0.0508931 9.9991E-05
0.0260076 0.726463 0.172184 0.0297746 0.0455708
0.0304391 0.725862 0.0622416 0.0966207 0.0848368
0.0456491 0.754515 0.106047 9.9991E-05 0.093689
0.00104545 0.15333 0.733003 0.0878948 0.0247273
0.0478252 0.0444745 0.738195 0.0684685 0.101037
0.0424654 9.9991E-05 0.741133 0.180719 0.0355831
9.9973E-05 9.9973E-05 0.645972 0.353728 9.9973E-05
0.00896323 9.9982E-05 0.778828 0.212009 9.9982E-05
9.9982E-05 0.0482234 0.509256 0.442321 9.9982E-05
0.01795 0.212863 0.55523 0.213858 9.9991E-05
0.0284255 0.133031 0.609519 0.177352 0.051673
0.0632548 0.0494797 0.63427 0.236947 0.0160486
0.0185438 0.157808 0.568585 0.245775 0.00928805
0.0322415 0.159617 0.680995 0.0818544 0.0452922
0.139368 0.677069 0.0792178 9.9991E-05 0.104245
0.0191012 0.0403553 9.9991E-05 0.19562 0.744823
0.045916 0.0506546 0.0237344 0.129964 0.749731
0.0238048 0.0419563 9.9991E-05 0.109148 0.824991
0.00878682 9.9991E-05 0.0951549 0.195862 0.700096
0.0199653 0.111291 0.0953159 9.9991E-05 0.773328
0.0103972 0.225878 0.4672 0.199862 0.0966633
0.0391253 0.305384 0.462682 0.188667 0.00414225
0.0709904 0.0857867 0.767411 0.0754773 0.00033419
0.0426506 0.210176 0.503536 0.243538 9.9991E-05
