0,30.8424228009017,30.8235927574848,31.6630662732577,40.9942854290629,39.3736155463994,43.3054754673746,37.6087148078219,63.7984284729983,62.7326137491769,88.8357014223488,65.475202826362,64.3730318845363,64.4568268200128,70.7945359451921,64.2112345741763,53.1753464721727,56.4077294005565,55.8321902245562,54.2623126916609,46.4177083210738,46.8901169265622,46.0383024048011,76.4847640436611,83.4903515773362,87.9124883389716,87.5732478095622,85.4513104868306,55.6214741925394,61.0820276522878,60.9903337995605,66.0441670877061,73.9021155417728,49.138098780267,62.7293621181483,63.2855559069866,64.4516944354026,79.9652718324253,79.3882687888254,79.8667711406579,85.0477538678122,87.286930984044,89.1103140417261,88.9373400567062,83.579207323745,84.9658673114719,84.4674377511561,84.6151072207367,85.0669910706262,83.1468833877391,84.6114003239061,50.3602715599213,49.3728109104619,50.6662814171143,50.1618039835108,51.3017765575091,50.0589539061795,49.5302898770642,40.0591902850086,43.6933843074774,43.1492470189956,42.1737690995762,41.7612879269488,67.9634622740058,52.4010324146397,55.5262173083161,84.7281454965902,84.7919053882699,84.292999847492,83.1891722300138,83.7835595169369,87.2856090226162,83.7365586558293,84.809735933422,83.4402362272854,55.8120276762206,56.3305482010387,88.5783012612789,47.6859701177203,49.6164277441899,60.8226762034198
30.8424228009017,0,34.1258537307762,29.717626594789,35.2362723109127,40.6303115474028,43.9471880436445,36.0222871232094,63.9947100324989,62.9319226754491,89.9209884069994,65.7097988222073,64.5982597072362,64.6736238907466,72.0670009609132,65.423157657386,53.8882067772691,57.1473426328604,56.5419372312879,55.0108088027682,47.925331210711,48.4368771168858,47.6030222597344,77.3216956483132,84.7040831009924,89.1096845568495,88.2249480003315,86.15933389797,56.978428020853,61.2544285529327,61.1521782855271,66.2426887111651,75.1094445172793,50.7115128277925,63.9189766166001,64.4768418902428,64.7124264810827,81.0912496966534,80.5175044961881,80.9919825482168,86.1529835720607,88.3908608220574,90.2110578229028,90.0368867250785,84.6818184571159,86.0757159066837,85.5725928105648,85.7220277574582,86.1731678915053,84.2522156690478,85.7241102437677,51.3682292852033,50.4035212703585,51.7188152394409,51.07510789172,52.5249018162049,51.2762170813749,50.7136576672477,41.6250386444506,45.370600688337,44.9262537352477,43.9903994328456,43.7149826389679,68.6144231592004,52.5918819017769,56.0639388655792,85.8732632962093,85.9414159558569,85.4405097747263,84.3346732191411,84.868579654669,88.371126351046,84.833585634512,85.9077458972903,84.5137457241158,56.6578306422252,57.1920444389875,89.6729046686865,48.815937717508,51.5948970839997,60.9634039359162
30.8235927574848,34.1258537307762,0,38.8026577257611,44.3844522073265,31.6899611511974,39.3225784107477,32.0018767862767,64.8220340187697,63.7391003327192,89.4079137709631,66.6304816323093,65.517216895206,65.5484273327475,71.4222965762609,64.768158453944,54.9109635273633,58.1211498818116,57.5513241619134,55.9898145669119,48.0919463818447,48.3855852896237,47.6112353687201,76.7928091977495,84.2074992463219,88.6063237210207,87.8515396981661,85.7216692318898,56.44482229112,61.6433475005613,61.5359465479866,66.7709770885258,74.5852027835164,50.4154093732775,63.2480868767662,63.7902713415905,65.6727774208481,80.569536055573,79.9960644639095,80.4720044226337,85.6300429819742,87.8690443752823,89.6884299264538,89.5154322623241,84.1652989508457,85.5585373633205,85.056587394948,85.2049458358771,85.6574198518532,83.7355817609871,85.2068726096112,52.1111957019638,51.1433595042632,52.3947848954016,51.9430537887806,52.9075351649592,51.7081633276852,51.2203616688432,39.1582262083113,45.4461445170515,44.86741116531,44.044941731662,43.5811392599702,69.6203360365507,51.5311946781427,55.6776220588213,85.358400627508,85.4269823633863,84.9257212448563,83.8195227135261,84.352312547739,87.8542590620291,84.3173713904655,85.3910887167337,83.9983823057323,55.8904908121236,56.4528361958696,89.0314133541818,47.4792468496083,50.5237306578557,61.8311825924155
31.6630662732577,29.717626594789,38.8026577257611,0,30.6322004848966,42.9903151799584,45.119390274132,39.2952269935206,61.5323001268896,60.4887980831804,87.9041513554061,63.0909946536035,61.9931736823088,62.1302281912809,69.9847458202445,63.4116919747885,50.5924036358684,53.8818870119535,53.2664438494064,51.7287171857349,44.8178070682437,45.5189440072189,44.6124010444469,75.5770902994659,82.5378795196705,86.9672333445995,86.5284380337827,84.4642163696844,54.7042829076436,59.3253154651514,59.2431839359137,64.1197325094799,72.9768947153709,48.0140331814591,61.9451517610854,62.5161539133271,62.015230815429,79.0404880532341,78.4630997284235,78.9403450836838,84.1249204646888,86.3630673792959,88.1873465281858,88.0132917277603,82.6503080549104,84.0373275876404,83.5379478882424,83.686585451647,84.1372148595713,82.2179910549005,83.6828089662063,48.0834673550301,47.0990170322027,48.4647146881152,47.744257285851,49.4268726237667,48.1313763040613,47.5196939763403,40.7326343584798,42.2323304874535,41.853627853787,40.7813185941317,40.6051342214591,65.4111092277726,52.0678908780796,54.5076430129316,83.7960263294243,83.8592035116685,83.3607177058303,82.2573168439609,82.855079754255,86.3576857260579,82.8075772094575,83.8811426584038,82.5113198359199,55.1240053403724,55.6165137108774,87.7681865757785,47.4851346467574,49.3192598424058,58.5269235420713
40.9942854290629,35.2362723109127,44.3844522073265,30.6322004848966,0,47.336606317564,48.999698224953,42.5786023608173,64.4836122508447,63.4452222294531,91.698783462978,66.0676825789406,64.9610585599789,65.0952175675465,73.9320510920908,67.309102328756,54.0301616755052,57.3464197487986,56.7006495646567,55.2027072912935,49.0267313635875,49.7390150371472,48.8572141591998,79.1688167799479,86.441341395907,90.8565580197671,89.966479380058,87.9503923569674,58.7255715773317,62.3136132983764,62.2247236100046,67.1075579788507,76.8740980184956,52.2347893126964,65.8240075913838,66.396064022788,65.0126313488966,82.8692823170012,82.2946453950482,82.7685278422628,87.936212723037,90.1732823204267,91.9948660123856,91.8198205224288,86.4594969301696,87.852608493571,87.3492911869424,87.4993987258893,87.9494246274642,86.0294727703009,87.5005020674528,51.8206622386787,50.8617122153142,52.243930659573,51.3894028502625,53.3615174284522,52.0649114496001,51.4247126696514,44.8794532556974,46.6002543254314,46.2963817574916,45.2860551082922,45.2035041640257,68.7852873462522,55.3709520176667,57.8658703975498,87.6411141904441,87.7080081973194,87.2078257223923,86.1027211144433,86.6494440745908,90.1524610987782,86.6120624062971,87.6864496195777,86.2959996148248,58.7375853700416,59.2396205551163,91.5696914508159,51.3284631592582,53.7995513218556,61.422534163424
39.3736155463994,40.6303115474028,31.6899611511974,42.9903151799584,47.336606317564,0,31.6050571738435,29.5384242960228,65.0742472561738,63.9751754696015,89.2163150187443,66.9994963374678,65.8770552397781,65.8608586489227,71.2903028792422,64.5655278405576,55.7752354011923,58.96662963019,58.4018252934865,56.8470139261761,48.9208243468386,49.0655551055892,48.3596844788112,76.3397247726501,84.1558262915459,88.5322639871157,87.371224281873,85.2319014477863,56.501059043495,61.4683498410493,61.3472933559543,66.748367138456,74.5014838214558,50.9076384166056,63.0078131636362,63.536638003235,66.099471282985,80.4091452785308,79.8390933421526,80.3125197834146,85.4483512628588,87.6871655434389,89.5026825942679,89.3296454648669,83.9871996011814,85.3868246884541,84.8814436387494,85.0304872616832,85.4835113877165,83.560010788401,85.0378767085422,52.986861474048,52.0353330980576,53.2518060279573,52.843965869356,53.6618879858378,52.4998286042944,52.0461740229905,37.414874905184,46.3577288630109,45.7640069695313,45.0701909710774,44.587825711732,70.4187914424245,49.7643578569602,55.0696617167731,85.2230516869184,85.2962941170181,84.7927596921849,83.6842730372282,84.1573969580304,87.6592505812023,84.1341503344891,85.2083975674065,83.7931639597814,55.1969869662805,55.8060932642124,88.7244759548753,46.4810781237187,50.7733232275805,62.076467742943
43.3054754673746,43.9471880436445,39.3225784107477,45.119390274132,48.999698224953,31.6050571738435,0,31.7323817626706,64.3998553889823,63.285565789876,88.0872192685771,66.427227832662,65.2975309479211,65.2389893942027,70.221853573036,63.4281647680206,55.6115196196917,58.7862550691419,58.2266947944003,56.6761396001862,48.7154949243775,48.7370596225073,48.0896340561126,74.9566423605249,83.1586054388237,87.5140102727507,85.9665351685226,83.8151527935588,55.610013988331,60.401886525385,60.2695130036961,65.8204603285876,73.474593027572,50.4207175972341,61.8340175319816,62.3502724352542,65.5768596950171,79.3095621860905,78.742742214373,79.2137831022832,84.3286197986599,86.5672559652308,88.379111788661,88.2060371308708,82.8708585363904,84.2765201005204,83.7678941141953,83.9175877717541,84.3711281398361,82.446059096263,83.9301391728248,52.8230766800813,51.8843983902326,53.0712544560061,52.7039231295673,53.3908476474619,52.2607181888359,51.8364533124354,34.7952591109016,46.2268122836848,45.6272719625604,45.0367639583373,44.5505287936088,70.2018388088651,46.900585678663,53.5377161678555,84.1470722183216,84.2247112210053,83.7190339578873,82.6083904119768,83.0251574365379,86.5269216759532,83.0129685964085,84.0877168614453,82.6511784270034,53.5607858832254,54.2200024307089,87.484619133257,44.5204639621824,50.146089066902,61.403544009961
37.6087148078219,36.0222871232094,32.0018767862767,39.2952269935206,42.5786023608173,29.5384242960228,31.7323817626706,0,61.8282522383656,60.7331222476613,86.9954948080803,63.7862803524061,62.6550862899264,62.6327631325354,69.2744995946454,62.5006542965054,52.9779546352762,56.195201804193,55.6028354906367,54.0825943161515,46.8378243719761,47.0709175491695,46.3554916815654,73.8998852811507,82.0429979772661,86.4069472487765,84.7151456592444,82.6455038102917,54.5219630531564,58.2111490024744,58.0772391675245,63.5190825277963,72.3913755994144,49.0071381095283,60.9286196469928,61.4640358249117,62.9089071147408,78.2267821739544,77.6595123353196,78.1289486137441,83.248109790569,85.4854343908751,87.2983973415668,87.1239458562943,81.7826801803355,83.1888759496949,82.6790048127304,82.8299324468862,83.2818926087471,81.3579208683714,82.842463778741,50.4567568967325,49.5217801906102,50.7664128903407,50.2231612104695,51.357948786384,50.1794566998052,49.6858262019336,36.6471432361519,44.3863132541172,43.8831128947591,43.1662844994323,42.8059702616026,67.5698425379915,46.460314820536,52.2918231637732,83.0554253223646,83.1324014136748,82.6272153617917,81.5170719676051,81.9373205085969,85.4397957974672,81.9246235431641,82.9998717233897,81.5626796897957,52.8309118259991,53.4475109587107,86.552057603071,44.603800067178,49.3931344197157,58.7729882935762
63.7984284729983,63.9947100324989,64.8220340187697,61.5323001268896,64.4836122508447,65.0742472561738,64.3998553889823,61.8282522383656,0,22.3673607736142,96.5811194477227,43.3648952697322,41.1638493428078,36.1695071204613,80.6717666791293,73.5769041342632,55.8328009015287,59.0034239310447,58.1430765888323,57.2290008711226,58.2296730809279,58.8429921807841,58.1748409397244,82.2071532640089,92.5754038686995,96.8339710739592,91.0790629904702,89.8002363823002,66.1123337131431,54.7515169171131,55.2551559456696,53.0926651148042,82.9631762496771,61.2463317924687,71.9415906233742,72.5530923357803,46.5306226703453,88.1669592850731,87.6238006565121,88.0559322376176,93.0334386007336,95.2556558616651,97.0478148790937,96.8587678334076,91.5189068596561,92.9843617509802,92.4328031728038,92.6021871514149,93.0425474160841,91.1158458354803,92.6605119422009,57.3008022980525,56.7386953022478,58.063867208351,56.0862905227841,60.4202381143317,59.1988053472687,58.3939007285828,55.8579190770935,56.7836304195917,56.8200517624787,56.2416884214154,56.5135026846907,68.1966565334012,64.1878205879836,59.5751059288808,93.1173993458727,93.2271105498586,92.7076228434096,91.5831477298051,91.5359157095079,95.0450756267873,91.6160386723613,92.7009257308606,91.0682297947023,63.4650632772412,63.8186412523967,96.866904701564,59.1114762080207,64.4233196625495,41.6469387345878
62.7326137491769,62.9319226754491,63.7391003327192,60.4887980831804,63.4452222294531,63.9751754696015,63.285565789876,60.7331222476613,22.3673607736142,0,95.3525490015631,42.7912016960932,40.9449099693972,35.8544568516631,79.4998754911353,72.3873477081341,54.9287622339202,58.0932548974089,57.2398487822508,56.3169844595352,57.1915815523222,57.7877535849214,57.1250398308178,80.912353689424,91.3955734115217,95.6475911146851,89.7294125132253,88.4719105253989,64.9735933663749,53.2855220306529,53.8200304756039,51.2640623423599,81.7789266894441,60.1699638460199,70.7453651783365,71.3569945522345,45.7524931332325,86.9532700805106,86.4113198877707,86.8420110604738,91.8121072725973,94.0338629261731,95.8248471765699,95.6353742422623,90.2967073626602,91.7648284680277,91.2115561384116,91.3815717493076,91.8216849483921,89.8946515509345,91.4420375236555,56.3348752257986,55.7688352406745,57.0888108643432,55.1390110569002,59.4072687857255,58.1905292501216,57.3938960792524,54.7168548544237,55.7393884387624,55.7688629494346,55.1964121985593,55.460352943426,67.303071430307,63.0158367734283,58.2598068311251,91.9110571296131,92.0224214611967,91.5021734437071,90.3769349852536,90.3072310963973,93.8165714365213,90.3917788827276,91.4770229394885,89.8353275272394,62.2174683199701,62.5672806481697,95.643535747515,57.926294806747,63.3245443076808,41.3342881786006
88.8357014223488,89.9209884069994,89.4079137709631,87.9041513554061,91.698783462978,89.2163150187443,88.0872192685771,86.9954948080803,96.5811194477227,95.3525490015631,0,98.9541112298346,97.8387887243417,97.5831210614922,83.0164186117732,73.8368500245712,88.3899696124344,91.3322200178431,90.9398831423633,89.2519152268243,79.5203333682933,78.2783347684394,78.4069070421163,90.9442168308875,77.7533077747056,78.5914156497634,107.546273853796,104.326474957635,71.8140775477077,91.3101689790129,91.3425654417106,96.5793515272962,70.8545666252391,78.529888472348,72.8367076226277,74.5162526638613,98.2477009806552,57.0194116906313,56.808558404694,54.7317308067478,61.7138496592024,62.4851540407391,65.4878508188685,63.7784941125106,47.5659369862642,51.5814133670338,46.7267446640396,50.597779865301,46.5442288419031,47.6417510205875,51.9084431007396,84.3409217461869,83.4767169287713,84.2182388950798,84.8451597918584,82.6971990265583,82.1340715986497,82.2232366742953,76.5972951271488,78.3517770922479,78.10478753433,78.3082938061393,78.2663903608282,102.898785241665,88.2258342208353,81.3267817279496,60.9833976442538,62.5338856970315,61.4879106399529,59.8557115077873,50.9810884594523,55.8756307920381,47.012434426643,49.5757467243177,53.5173389514453,80.0767771455971,79.3540351478538,96.3429646406701,77.688394854035,83.2694423997869,94.0213598328166
65.475202826362,65.7097988222073,66.6304816323093,63.0909946536035,66.0676825789406,66.9994963374678,66.427227832662,63.7862803524061,43.3648952697322,42.7912016960932,98.9541112298346,0,26.0961802719898,35.3851205042413,82.7403880869734,75.7593828823417,55.4018136184041,58.5196508774046,57.6254275974676,56.8313123755218,59.3623402050888,60.1032356328381,59.4031601034131,85.032798988636,94.6523698748844,98.9521521195831,94.2247717500408,92.8337461732272,67.9488011310391,59.2092015125885,59.6080222817817,58.7878861543983,85.0747549085699,62.6701438425684,74.1712928416271,74.7868416220273,35.8802027773266,90.4541709786088,89.9036900284871,90.3439253427145,95.3668405818168,97.5914047783629,99.390906781957,99.2039705168839,93.8551281800103,95.304893793357,94.7631478184493,94.9291488760076,95.3705025994135,93.4461034029301,94.9747406567835,57.6418951766346,57.1485439344248,58.4958753043317,56.2408209799227,61.2294815494568,59.9791756820407,59.1016379636281,57.9553812123142,58.0093459524322,58.1132710504253,57.5070967339243,57.8522208082058,67.1782957256973,66.6587525186444,62.6970944964057,95.3584089567961,95.4581138575185,94.9432799450429,93.8234795031156,93.9108240139144,97.4191364487745,93.9644594190909,95.0473774432942,93.4680492674581,66.1481188354311,66.5034626670885,99.259258489852,61.4571899214021,66.1046370311834,47.6306666865637
64.3730318845363,64.5982597072362,65.517216895206,61.9931736823088,64.9610585599789,65.8770552397781,65.2975309479211,62.6550862899264,41.1638493428078,40.9449099693972,97.8387887243417,26.0961802719898,0,32.5169616690502,81.6429020161658,74.6530813400393,54.5944079275376,57.733426047261,56.8381961137805,56.0263424249629,58.3438067168384,59.0734270830199,58.3751918544037,83.8803047811088,93.5584993809453,97.8551470964622,93.051122332854,91.6663234256371,66.8712126717292,57.9048946170402,58.3029999010137,57.482427370709,83.9775667647739,61.6250029817769,73.0609291149093,73.6756942615656,38.1230757503433,89.3445971197021,88.7946445524146,89.2343582798122,94.2539462406039,96.4783863028585,98.2773362128968,98.0902947694078,92.7422754641605,94.193126441934,93.6507298278491,93.8169303041961,94.2582630396995,92.3336682900055,93.8634168869358,56.7256843229936,56.2208385545091,57.5687422300795,55.3468607759709,60.2566105873683,59.0080500033849,58.1383264640095,56.832117723771,56.9770613671897,57.0732796708319,56.4676322283872,56.804746157124,66.5028864966893,65.4916399848668,61.5085995389221,94.2523416374271,94.3527680159342,93.8375932631705,92.7174502268158,92.7952410338229,96.3035900831571,92.850754942026,93.9337955759711,92.3507339726282,64.9920204555096,65.3492658116599,98.137487803595,60.3198511127132,65.0270913075138,45.6841942597172
64.4568268200128,64.6736238907466,65.5484273327475,62.1302281912809,65.0952175675465,65.8608586489227,65.2389893942027,62.6327631325354,36.1695071204613,35.8544568516631,97.5831210614922,35.3851205042413,32.5169616690502,0,81.5228062063546,74.4853907207147,55.408515608046,58.5519212998336,57.674417444257,56.82160610865,58.6054455828859,59.283871796905,58.5995232934069,83.4391003777953,93.4290416688859,97.7083266270243,92.4719190686684,91.1373222782413,66.8456334193096,56.8707363027715,57.3218178334424,55.853438588096,83.8344842772917,61.7707029930265,72.8740789916392,73.4878180887413,42.0033478604801,89.1261718904551,88.5793436711647,89.0155085126614,94.0157953098988,96.2391682428359,98.0350178225741,97.8470071295282,92.5025650664277,93.9601785486282,93.4135115461945,93.5812203623874,94.0220556621996,92.0965211232178,93.6331750041494,57.2712622814169,56.7443541667616,58.0808211438814,55.9613260472529,60.6300545395806,59.3939316587116,58.5519153438052,56.7306859835697,57.2073553506073,57.2784428597837,56.6860036741308,56.9954824572644,67.4708988987461,65.2566620524676,60.9664157138266,94.0533844993423,94.1580820078116,93.6409283609471,92.518797886447,92.538934554529,96.0476811148551,92.6057976430189,93.6897067925489,92.0837040742523,64.6323407877185,64.9858205096141,97.8809756729865,60.1097700903723,65.0806675693014,44.729864708088
70.7945359451921,72.0670009609132,71.4222965762609,69.9847458202445,73.9320510920908,71.2903028792422,70.221853573036,69.2744995946454,80.6717666791293,79.4998754911353,83.0164186117732,82.7403880869734,81.6429020161658,81.5228062063546,0,46.8477937487685,70.6355096774202,73.5467540106054,73.2017238442824,71.4425439193555,60.4976977602827,58.9534912528388,59.1989899201156,80.316002279483,75.9653951019514,80.3194619986451,95.5610958670037,92.4740118126922,48.08912792103,76.2723603870102,76.2557608707778,81.4866128466119,64.5687193696384,58.7129515531013,49.7617162291031,51.1765343504656,81.8800418506378,72.8657024197351,72.2253968355409,72.8674689770734,78.3992135685851,80.7124890962913,82.5856826532562,82.4845837861345,77.2421792637495,78.4393633483601,78.0955641269778,78.1580634100558,78.6838572834461,76.7443142790271,78.0189088180498,66.0641343493979,65.1686016939612,65.8566233396089,66.7360630959326,63.9750256777985,63.4511124134988,63.6237988956277,58.3075869357818,59.3316664166286,59.0282780576143,59.3734764770394,59.2854462188029,85.3129912064138,71.1608337165548,66.7713237780119,77.5621271938414,77.5563940465056,77.0800031839646,75.9986641677073,77.8622367872692,81.3327242899544,77.5376118295966,78.5712695947434,77.827177050806,64.2090609659211,63.7250053210802,82.541691226882,59.7659912400697,63.7104022825852,78.0186702709167
64.2112345741763,65.423157657386,64.768158453944,63.4116919747885,67.309102328756,64.5655278405576,63.4281647680206,62.5006542965054,73.5769041342632,72.3873477081341,73.8368500245712,75.7593828823417,74.6530813400393,74.4853907207147,46.8477937487685,0,64.2924165035471,67.2283043777083,66.8551608494973,65.1324254219954,54.6957686215761,53.3117689738937,53.4697569723922,71.1638437389037,68.7635544385206,72.7545675290828,87.1157260745616,83.8818469491072,45.4551427625281,68.8195454650687,68.8076180692175,74.1118167773422,56.8763961072363,53.2765771717451,30.6515643570602,34.2983692942433,74.9576758023863,63.8746887478565,63.2855634966054,63.9298446921633,69.103301454078,71.4430938221325,73.2467772404871,73.1752431431912,68.1509831556104,69.4128472114796,69.0535137100566,69.0992757198076,69.6632543170617,67.6821530086855,69.0252012107504,60.0000844155432,59.1110996882101,59.8479543925076,60.570181964774,58.2217439281447,57.6407665441779,57.7487468353675,51.5027160351828,53.4244419634768,53.100213637997,53.3690926119094,53.2539226790934,78.9036520923305,64.006562206257,58.8305874576832,69.0410480743131,69.1020468209995,68.5903972272371,67.4733494518827,68.5671834861678,72.0221496849932,68.3894496806865,69.4191854064828,68.4278263500738,56.0384377520681,55.3720297674235,70.215743587594,52.5026986264446,57.6632871870565,70.9346048899012
53.1753464721727,53.8882067772691,54.9109635273633,50.5924036358684,54.0301616755052,55.7752354011923,55.6115196196917,52.9779546352762,55.8328009015287,54.9287622339202,88.3899696124344,55.4018136184041,54.5944079275376,55.408515608046,70.6355096774202,64.2924165035471,0,25.1080324791223,19.2983582186338,19.8029002553215,41.9189954581015,43.3750115374457,42.5694096102869,77.0299576331138,82.4384925173358,86.97286785931,87.8544519566375,85.9144415254278,54.4624835334098,58.509455050586,58.5923519028837,61.6493253406513,73.0818996616866,46.9419481990647,62.9816260303268,63.63505946064,53.1456020088429,79.4266650099293,78.8355148161667,79.3188273585341,84.5953744449898,86.8316371966984,88.6725319909844,88.4959351290969,83.0921030826311,84.4561029278629,83.9671573505993,84.115697455792,84.5610556834054,82.6503270154146,84.0912661336316,32.7434527493702,33.1226105360792,34.4921570336795,29.201643497196,40.5455722422253,39.180724759016,37.7539326701692,46.9492141478306,41.5143728536811,42.1144012081547,41.5068483680663,42.3516077489427,41.3255919830234,57.9111256014581,56.4298567793182,84.0687272598568,84.1128072047706,83.6240131005672,82.5303753148681,83.3608211120986,86.8651314411759,83.2683527553953,84.340906417967,83.0544120711282,57.6869808500759,58.0055824371344,88.9431539087371,51.4704626815527,52.4340514914627,53.6759065334035
56.4077294005565,57.1473426328604,58.1211498818116,53.8818870119535,57.3464197487986,58.96662963019,58.7862550691419,56.195201804193,59.0034239310447,58.0932548974089,91.3322200178431,58.5196508774046,57.733426047261,58.5519212998336,73.5467540106054,67.2283043777083,25.1080324791223,0,21.9232373510322,18.3083181333658,44.7369477793073,46.1650282063993,45.3924386390226,80.0785648008015,85.3125837542566,89.8576381515144,90.9434016005349,88.9928828587916,57.3034963067849,61.6973815975605,61.7823522753677,64.8291895164919,75.9709587405833,49.7550723627096,65.9306805274327,66.5884181561566,56.2127802289672,82.3526093877872,81.7598142121334,82.244501717186,87.5315656732139,89.7680530844677,91.6107301527602,91.4342951577468,86.027294694718,87.3880800352579,86.9009532799574,87.0490355357433,87.4942717647877,85.5842624546483,87.0218999664899,34.4608005253686,35.2856876684226,36.1693747635595,31.5232790148097,42.6705139480631,41.4050753901542,39.9746163374374,50.0528505052892,44.4594209080491,45.0837975382256,44.5231530028496,45.3812334935973,38.5231172035625,61.0705899023473,59.5480876009661,86.9829725624582,87.0247849585312,86.5370855940634,85.4445487288399,86.3042826355033,89.8085601531439,86.2060959897128,87.2783365435695,86.0030127371506,60.7631010333525,61.0747774490117,91.9198192862157,54.5478115776887,55.4388585236681,56.9080013798751
55.8321902245562,56.5419372312879,57.5513241619134,53.2664438494064,56.7006495646567,58.4018252934865,58.2266947944003,55.6028354906367,58.1430765888323,57.2398487822508,90.9398831423633,57.6254275974676,56.8381961137805,57.674417444257,73.2017238442824,66.8551608494973,19.2983582186338,21.9232373510322,0,19.1819630571775,44.5582085477204,45.9894116584752,45.1969751874542,79.5681517747014,84.995578373437,89.5292203637609,90.3776243500198,88.4433978708327,57.0312481300755,60.9682974475155,61.0557546786427,64.0598460846334,75.6397346361874,49.5436172384318,65.5435674916015,66.1976045317392,55.3064535045387,81.9794070651418,81.388444598234,81.8714535654326,87.14690219923,89.3830406455264,91.2237744171524,91.0470574126913,85.643212636941,87.0076802744884,86.5184012801208,86.6670923873875,87.1123515573537,85.2016070757964,86.6430203442193,35.1732663110835,35.6972488895966,36.8807762109212,31.9276849183,43.0140396080568,41.6887486891301,40.2746864067498,49.550447563345,44.1743972489479,44.7715510407601,44.17865839097,45.016964921215,40.819839855089,60.4870157953376,58.9577683650758,86.6223640132722,86.666694897736,86.1777928890558,85.0840469681413,85.9108491244682,89.4152142342105,85.8191096293908,86.89174112332,85.6037035029832,60.2390467973473,60.5565242003576,91.4986674602311,54.047613418889,55.0559769056988,56.042454610788
54.2623126916609,55.0108088027682,55.9898145669119,51.7287171857349,55.2027072912935,56.8470139261761,56.6761396001862,54.0825943161515,57.2290008711226,56.3169844595352,89.2519152268243,56.8313123755218,56.0263424249629,56.82160610865,71.4425439193555,65.1324254219954,19.8029002553215,18.3083181333658,19.1819630571775,0,42.5273557689976,43.9810712552107,43.1988509856439,78.030418885909,83.2121396893333,87.7599085101799,88.9192804166167,86.9604273037187,55.1838416815612,59.7625427865833,59.8428691268958,62.9461767514235,73.8723074391848,47.5914093280189,63.8380621998344,64.4958894564024,54.5847925881461,80.2662329836409,79.6729350479812,80.1582078744242,85.4483719155956,87.6850389052117,89.5282131906377,89.3519419327481,83.9443937693484,85.3040832014269,84.8176538341133,84.9654851021946,85.410811126502,83.5009471004824,84.937466118368,32.2062053159321,32.9487402334447,34.0086481704826,28.8200623136384,40.539151593076,39.2364500817809,37.7824322870339,47.9445511629219,42.251446930056,42.8845241654101,42.3160669964387,43.1846993186779,39.9448214043224,59.0012064943232,57.5241011420041,84.8935172647161,84.9346456678269,84.4472615900456,83.3550413691078,84.2240641741151,87.728274339865,84.1240440152348,85.1961415518356,83.9245338231449,58.7045382078886,59.016195270587,89.8393693876359,52.4614914214164,53.2881550918722,55.0821961778327
46.4177083210738,47.925331210711,48.0919463818447,44.8178070682437,49.0267313635875,48.9208243468386,48.7154949243775,46.8378243719761,58.2296730809279,57.1915815523222,79.5203333682933,59.3623402050888,58.3438067168384,58.6054455828859,60.4976977602827,54.6957686215761,41.9189954581015,44.7369477793073,44.5582085477204,42.5273557689976,0,22.9528586403729,18.7956046257696,70.1887798314329,72.371145682367,77.0720466671436,82.2336896283596,79.9100878949551,43.1895108814963,56.8131128760658,56.800648288261,61.2458561790237,63.1471322456807,31.0296119294128,53.6134955542893,54.2969229323116,58.0171129305688,70.2134313740615,69.5923956887417,70.1080564688442,75.5708666303869,77.816021651599,79.6873567750691,79.5186324306749,74.0753852489184,75.3760930976866,74.9263504768715,75.0617138677499,75.5104413979794,73.6094829185106,74.9857308938348,35.2796420882313,34.0278532025317,34.8825064264142,36.5132083671045,32.9395123569484,31.4467063571254,31.4662456524799,38.7678880457002,22.5832707946465,25.3836453931195,26.3332691197663,28.300064960874,57.2545547306396,51.9525117445732,51.1900926510688,74.6660556576614,74.669556101278,74.199662115537,73.1250156833061,74.5010990262762,78.0023719343265,74.3009624570831,75.3657788052719,74.295500530971,50.8020574181106,51.0363782677471,80.2813334828482,43.6337632988792,40.5337765186025,55.5684916670444
46.8901169265622,48.4368771168858,48.3855852896237,45.5189440072189,49.7390150371472,49.0655551055892,48.7370596225073,47.0709175491695,58.8429921807841,57.7877535849214,78.2783347684394,60.1032356328381,59.0734270830199,59.283871796905,58.9534912528388,53.3117689738937,43.3750115374457,46.1650282063993,45.9894116584752,43.9810712552107,22.9528586403729,0,16.6380158711886,69.4912033090804,70.8212448002122,75.5656114542539,81.7901208672122,79.3957481690483,41.2583210199288,57.0155391053226,56.9981269797737,61.5690462031308,61.6333742777797,25.8115691844786,52.2999597697705,52.9985135110865,58.8241299571016,68.8862617254458,68.2574990536909,68.7810326591331,74.2924364093466,76.5395093322739,78.4189169375533,78.2518272561969,72.7969253630036,74.0816702071641,73.6415876051881,73.7739073977856,74.2231007699354,72.3248975178787,73.6848098253964,36.886348904176,35.7743279876254,36.4128240143817,38.1594813647572,33.7148620874545,32.716578053849,33.0469795541188,38.3700041562887,25.0673739935455,26.1300051251164,27.8469523845258,28.9824545294258,58.5894064136217,51.8264601770882,50.8883855184243,73.2887893316809,73.2818520947215,72.8168529795649,71.7471276974517,73.2626960206832,76.763393822216,73.0350073930977,74.0979858762237,73.0826121000353,50.2179683104001,50.4146395322874,79.1471403467232,43.0274653211404,39.4390857973894,56.1747447785138
46.0383024048011,47.6030222597344,47.6112353687201,44.6124010444469,48.8572141591998,48.3596844788112,48.0896340561126,46.3554916815654,58.1748409397244,57.1250398308178,78.4069070421163,59.4031601034131,58.3751918544037,58.5995232934069,59.1989899201156,53.4697569723922,42.5694096102869,45.3924386390226,45.1969751874542,43.1988509856439,18.7956046257696,16.6380158711886,0,69.2979741326247,71.1472915634138,75.8616418542998,81.4821757016662,79.1167575981437,41.7579788725021,56.461309073466,56.4438734854595,60.9848278666227,61.9227812800024,27.7845734733325,52.4143696297961,53.0990855356179,58.1087071740097,69.0638321082644,68.4399149740024,68.9592102633975,74.4397071874911,76.6860247012617,78.5601988700379,78.3925408870095,72.9466248185503,74.2409267521691,73.79536012542,73.9291346510538,74.3785591784186,72.4783179605643,73.8480386445965,36.1911826245664,35.0290415354949,35.7878601175568,37.3742970935389,33.5497846597771,32.360393160758,32.5273245249927,37.8753137609558,22.1080026183964,23.9225495781201,25.8683495280865,27.3911143027227,57.8182391306196,51.298538602614,50.5004929516491,73.5000214917235,73.4997008662226,73.0315310017833,71.9586166293252,73.3879087971232,76.8887438502576,73.1771400687379,74.2410810552533,73.192527733887,49.9291381236674,50.1482794414058,79.1723811754604,42.6850189787907,38.9989905257833,55.5015649251852
76.4847640436611,77.3216956483132,76.7928091977495,75.5770902994659,79.1688167799479,76.3397247726501,74.9566423605249,73.8998852811507,82.2071532640089,80.912353689424,90.9442168308875,85.032798988636,83.8803047811088,83.4391003777953,80.316002279483,71.1638437389037,77.0299576331138,80.0785648008015,79.5681517747014,78.030418885909,70.1887798314329,69.4912033090804,69.2979741326247,0,91.3443130409519,94.9788453476231,84.1898696287939,77.7044800493132,69.1256637999788,75.400779566964,75.4333205149088,81.1028218810496,81.2401819367921,70.2774260062512,68.7055039057091,69.355184254276,84.5594577077289,83.7184737606696,83.2894168113592,83.6105941422659,87.8550422299083,90.055830501892,91.7207575848353,91.5155760085731,86.3835690295324,88.0771297278279,87.392191695571,87.5993770170438,88.0407267183343,86.0688680103018,87.8471584480867,74.1346099336638,73.2881986765979,74.2479549319215,74.2105378606748,73.8305932033436,72.9893638531755,72.7974528227652,63.5764357153511,68.5532954568455,68.1995334292363,68.1336640721492,67.9733890231073,91.2759293923882,73.5814169147684,62.2389850735035,89.406420846588,89.6661283188486,89.0761673384203,87.8807840821129,85.8125371615924,89.3241603358812,86.3003736091552,87.408799875454,84.9698697668778,60.9883710554296,59.3414242303903,89.8000305450662,63.2949449036746,72.8463188414924,79.6628116313385
83.4903515773362,84.7040831009924,84.2074992463219,82.5378795196705,86.441341395907,84.1558262915459,83.1586054388237,82.0429979772661,92.5754038686995,91.3955734115217,77.7533077747056,94.6523698748844,93.5584993809453,93.4290416688859,75.9653951019514,68.7635544385206,82.4384925173358,85.3125837542566,84.995578373437,83.2121396893333,72.371145682367,70.8212448002122,71.1472915634138,91.3443130409519,0,40.8234157008987,106.870915686724,103.810443482041,61.611825238128,88.1828263039296,88.1891736601068,93.3169913460309,58.2077515942153,70.8345668049377,68.6394771937553,70.3376402723468,93.7935726985418,65.3071964805556,64.1014938349845,64.5382485197716,74.0327508948812,76.1019646720308,78.670870218565,78.3090110256529,70.6724883144026,71.0373278721469,70.8742724952566,71.1715524709324,71.1659858563159,69.7970209631354,70.1898117052399,77.6561817597868,76.784390656097,77.3807470911067,78.4351333182768,75.1383884037149,74.7688566932306,75.0426229066161,71.6497308728869,71.5297267717758,71.3698970949767,71.7255227150297,71.7739355766561,97.1141909467088,84.0207579430614,78.9622150205559,62.5989888146253,61.4721252793144,61.6564768267194,61.2308856043971,73.83079491667,77.4396278281232,71.704745204925,72.7741179791671,75.0988016174858,77.2809234938744,76.7807752554648,95.3797109458845,73.3975800414906,77.0098700022876,89.9677030452628
87.9124883389716,89.1096845568495,88.6063237210207,86.9672333445995,90.8565580197671,88.5322639871157,87.5140102727507,86.4069472487765,96.8339710739592,95.6475911146851,78.5914156497634,98.9521521195831,97.8551470964622,97.7083266270243,80.3194619986451,72.7545675290828,86.97286785931,89.8576381515144,89.5292203637609,87.7599085101799,77.0720466671436,75.5656114542539,75.8616418542998,94.9788453476231,40.8234157008987,0,110.673593696585,107.584708111417,66.6520494669027,92.3173909361256,92.3265108810567,97.4738358347785,62.0340996135711,75.605310688327,72.5481514752032,74.2796558869448,98.1146561197008,66.1015048733465,64.7985796896477,65.0695839083012,75.3510769997823,77.3454190914787,80.0472525640827,79.6100523323912,71.338410700325,71.5536409950845,71.3620528396311,71.7741940897485,71.5664028031633,70.3839202603569,70.6141328902116,82.2997921256303,81.4283733203985,82.047815042349,83.0369956695857,79.9173713070547,79.5161125520685,79.7609897612332,75.9956557356725,76.1754371237398,75.9993339737375,76.3331386393201,76.3649992112858,101.625203240424,88.2746218049457,82.9738425276638,60.863900170311,59.3326185736248,59.803332824154,59.6503607957398,75.0218534758182,78.6713781135839,72.5200263415224,73.6145201689906,76.525499935595,81.3147755087908,80.7800209396236,98.9503944718307,77.637825553204,81.5461508701396,94.2313475929764
87.5732478095622,88.2249480003315,87.8515396981661,86.5284380337827,89.966479380058,87.371224281873,85.9665351685226,84.7151456592444,91.0790629904702,89.7294125132253,107.546273853796,94.2247717500408,93.051122332854,92.4719190686684,95.5610958670037,87.1157260745616,87.8544519566375,90.9434016005349,90.3776243500198,88.9192804166167,82.2336896283596,81.7901208672122,81.4821757016662,84.1898696287939,106.870915686724,110.673593696585,0,79.5810488881877,83.3803994349684,83.1613521867668,83.2264180748,89.1088448216365,96.9330632688813,82.8836972321642,84.9531431786422,85.5750475649435,93.9125056410315,100.107612891063,99.6483146789464,99.9870941219656,104.441559219887,106.637573607902,108.343908946986,108.131643026621,102.899752439927,104.544001096295,103.881021413942,104.088468581476,104.518111932358,102.564724175754,104.292025615362,85.5468600375773,84.725611285763,85.7639726577968,85.4251021882783,85.8078714405562,84.8798399680265,84.5772588081673,75.1241021475518,80.5274832186482,80.197849252064,80.0115188102198,79.8751882049869,101.92496040494,83.8801994976755,68.2989712668561,105.579458839285,105.802281267525,105.230379337691,104.053240145295,102.473055549721,105.990885619687,102.857646168857,103.964621543285,101.718709956682,73.3396304320239,72.6515448767712,107.667601499735,75.1787525909877,85.1451627841626,88.6006684001413
85.4513104868306,86.15933389797,85.7216692318898,84.4642163696844,87.9503923569674,85.2319014477863,83.8151527935588,82.6455038102917,89.8002363823002,88.4719105253989,104.326474957635,92.8337461732272,91.6663234256371,91.1373222782413,92.4740118126922,83.8818469491072,85.9144415254278,88.9928828587916,88.4433978708327,86.9604273037187,79.9100878949551,79.3957481690483,79.1167575981437,77.7044800493132,103.810443482041,107.584708111417,79.5810488881877,0,80.5251330965737,82.2468691566228,82.290105945066,88.1491046022481,93.8309062009477,80.4017427437598,81.6457835190395,82.2588360374515,92.4654079747665,96.9069053288338,96.4521432113048,96.7900198956376,101.211387423792,103.409433432704,105.108828763865,104.899011717447,99.687326496354,101.337595866658,100.672997137219,100.879108948903,101.31196926432,99.3549696356007,101.088581578409,83.4273111003017,82.5968332376143,83.6144546233964,83.3636300516283,83.527500637293,82.6212485852849,82.3492197838633,72.7738468381586,78.2104416374434,77.8673060504291,77.7132201755181,77.5624060661187,100.044258142496,81.8733884686063,67.296601173878,102.415455724126,102.643687678219,102.069000629085,100.889040664561,99.2406859829174,102.756832287565,99.6398947096782,100.746511765666,98.4748556892116,70.0400573645458,68.9852124466995,104.08937146176,72.6068018974734,82.6851575583058,87.2841083998772
55.6214741925394,56.978428020853,56.44482229112,54.7042829076436,58.7255715773317,56.501059043495,55.610013988331,54.5219630531564,66.1123337131431,64.9735933663749,71.8140775477077,67.9488011310391,66.8712126717292,66.8456334193096,48.08912792103,45.4551427625281,54.4624835334098,57.3034963067849,57.0312481300755,55.1838416815612,43.1895108814963,41.2583210199288,41.7579788725021,69.1256637999788,61.611825238128,66.6520494669027,83.3803994349684,80.5251330965737,0,62.4448257465469,62.4272490064025,67.4728512484376,52.0286252243031,40.6196957389956,45.6711845505853,46.7810500402846,66.9674141927683,61.5114572275768,60.8047196247999,61.4204170640594,67.4199472445626,69.6909487817488,71.6525026754973,71.5060528292287,65.9505947180965,67.0705064291882,66.7346629760796,66.8300910871592,67.2919128423499,65.4161280208831,66.607837712579,49.2013563196435,48.3029328336868,48.8440506472958,50.1402667717895,46.2483725206471,45.9130930846624,46.2726612680625,43.9730209325261,42.4396949774122,42.2679630724882,42.7879867510395,42.8434158565155,69.2768166438001,57.1885004743101,53.9377502370659,65.475459574323,65.3703252458824,64.9492972774138,63.9238595660711,66.8259519846799,70.3193015762864,66.3167165866058,67.3591188583782,66.9118003067812,51.9925744681145,51.7640175425366,74.5610950246258,46.4117088187156,47.8638704186994,63.4562678696184
