IBR/IBR_outputs/all.combrep_1/PersistForestCover_Total.VRM_Total.WeatheringIndex_Total/PersistForestCover_Total.VRM_Total.WeatheringIndex_Total.asc
NCOLS 160 
NROWS 95 
XLLCORNER 210004.651214014 
YLLCORNER 7350008.22228844 
CELLSIZE 4999.99999999997 
NODATA_value -9999 
[rows 63 to 83 of 95, columns 0 to 45 of 160]
-9999 2.42954839300637 2.49259689197046 2.50161537318148 2.47273615151654 2.37115626791688 2.34726553464465 2.36728881515557 2.38287644041435 2.38024901776159 2.37285334512477 2.35703917784787 2.30614711656653 2.27033075009852 2.29921538793724 2.35270624290682 2.36311178053047 2.36762915357351 2.34122806672714 2.34574341680621 2.33812455216378 2.36842536849723 2.4355557985804 2.43815927669387 2.41672104114408 2.38277984734625 2.40522222455274 2.36897680943048 2.29784648771935 2.48497491605088 2.67175120670065 2.32584601501477 1.89487607190152 1.95160959021331 2.01603040746405 2.21826238989695 2.35898425803217 2.34809295848787 2.29261828371116 2.46365861514602 2.6958796869369 3.36843699214482 2.73357799275116 2.74850901081343 2.52131242013134 3.22871048096712
-9999 2.60481388464906 2.46869359988128 2.44069579922912 2.38923249770943 2.37457476688895 2.37247036556881 2.37116995581358 2.39460739369132 2.37202771877284 2.369616928612 2.37876560032182 2.35630864101622 2.33193006408632 2.3025246800617 2.34219447931711 2.40495761989176 2.37407873792532 2.32437251874791 2.32621500490533 2.23396909235736 2.31872998969009 2.34944393273664 2.36601934093787 2.33670004989746 2.22377355509309 2.07890476796229 2.10944307545443 2.35637159946368 2.43830975144482 2.55236530160304 2.41200824571217 2.13740205435929 2.16645025816677 2.32980646602885 2.33811280585557 2.36834223482752 2.40415533320395 2.78128729370032 2.57978798414056 2.76112286230282 2.64177666822045 2.65787740942742 3.24629651453025 3.17088839492071 4.47024510576641
-9999 2.56557085218577 2.43782848560078 2.46125926344496 2.37767745332739 2.38914225215716 2.39953613184584 2.40241099518046 2.40669011078984 2.38375960716383 2.37501415771248 2.35497405437417 2.36436510453442 2.35070831021904 2.32512345226893 2.36437363368067 2.36828455652802 2.37991938939094 2.33320787576667 2.40132494829331 2.30899516569263 2.18548958092185 2.31173369363096 2.28288496535093 2.22262813666395 1.98962331088795 1.86434490047337 2.01537293882937 1.95923172882812 2.36298360537902 2.45084534126471 2.53343915401263 2.38645895575157 2.41468943570804 2.29012008956504 2.08282368851104 2.30040399963389 2.39269915875166 2.45458919417944 2.72214209174769 2.87618820300222 2.62711330757684 2.72699003795221 2.75437023178207 2.45563831870245 2.55191212751385
-9999 2.57913506731221 2.38789774404282 2.48091146097451 2.41691072425679 2.38710707913775 2.42480189277596 2.39435700319008 2.39660577619047 2.39694852120725 2.3901668829298 2.35298149569433 2.32905774888274 2.33570158058645 2.32901264238022 2.3404109736575 2.32508153428349 2.38583420936263 2.33087134237046 2.38080370253374 2.37285071328519 2.19419855360179 2.29239919879977 2.23724906925508 2.24770810106944 2.11558499631782 2.06084366910497 4.36617398122754 2.29075438506552 2.25405991713407 2.44458874522902 2.48821941872089 2.43405019845901 2.36682082455839 2.12075456074034 2.0521205668059 2.39313792631301 2.40832556847482 2.38329880239643 2.57518511373149 2.58601078808406 2.93221634309319 2.4597407539048 2.50199272276516 2.41925704460476 2.44619391914072
-9999 2.36060406349312 2.38000448249315 2.40512209139699 2.43767205186671 2.37449692947876 2.39521151054913 2.38940094691552 2.38973870563693 2.39370150286822 2.37337900044909 2.34600084180382 2.32723986255726 2.31581718837365 2.33907470759587 2.34240453022267 2.33827408807387 2.34320088167075 2.35824645517734 2.35738398123127 2.34431595730011 2.37412233379047 2.36887383401798 2.42548515112494 2.30960694300729 2.35469109310882 2.49137410392442 3.2671726500281 2.37041821030092 2.20015908973201 2.40633975515696 2.43203541351227 2.35173438415433 2.3121966418906 2.25072159274772 2.20248231544877 2.33159610227354 2.36265232556353 2.23049107429283 2.4884892961034 2.52223989891436 2.53086235982295 2.53823832705065 4.21463124644815 2.83880936706901 2.47059098221867
-9999 2.34427622988155 2.44349247723128 2.49218894927529 2.43167181662103 2.34350271904026 2.38239713218212 2.39739897140025 2.406288459415 2.40310845623674 2.38235559687809 2.3628941475464 2.32766284478332 2.32203819568622 2.33169199606387 2.33153033902485 2.33901700059433 2.33942177205139 2.38170450122762 2.44558771439433 2.41898577547705 2.47174611869139 2.46806347657517 2.79528493561726 2.42016925046854 2.37805621119847 2.57556055045548 2.63934655548233 2.18334696669439 2.16842324980725 2.34592215383952 2.44392335885706 2.48544765364554 2.15361635010451 2.29872848371062 2.23802600058723 2.28727063913877 2.17855320556707 3.25666156921889 2.31380464560477 2.35737474176539 2.43094589310671 2.48896973796774 2.58937495666285 3.15447483917198 3.07468048448959
-9999 2.38408939055612 2.4091236508346 2.5698379685646 2.427543869603 2.37387781655875 2.34420424748505 2.38406353679237 2.40279973255619 2.39997487127304 2.37223261032412 2.35444042658914 2.33963314052856 2.34523497202704 2.33668776674202 2.3287636700041 2.34689863035871 2.35130367275755 2.30412202979972 2.42800895349535 2.65116615968539 2.56434992114477 2.49460705236678 2.51334379942467 3.08289504983161 2.43740475185927 2.50654156047883 2.33996276703355 2.02832286370016 2.20401856064061 2.23429553721254 2.39949929653061 2.68101449038203 2.30385039761595 2.0913130287818 2.32549014106605 2.4263158824354 2.37428753137031 2.2808870173295 2.22881105185767 2.31522571534788 2.3594286801189 2.40606731054005 2.36896155398537 2.60685897611299 2.94175169673768
-9999 2.45349567254415 2.4146784024062 2.51688844384486 2.46707446986585 2.34963891676423 2.40314260973403 2.41492248961476 2.4019652008208 2.34239846024682 2.37592967532871 2.3849209638145 2.33369807471738 2.34344769944249 2.34746488674703 2.32955169896241 2.40983948092544 2.45834591730745 2.42531671345831 2.5186306933266 2.6673209072241 2.66516832833225 2.50669894820126 2.52652333729202 3.26977121904672 3.22298179198515 2.65002776466445 2.25847662561955 1.97382591830918 2.15844093278163 2.46657619682263 2.23859260624983 2.47153662760361 2.71752776655639 2.40967750075368 2.38602950982905 2.39452317516895 2.31661065950588 2.1666078683439 2.43290718293037 2.36993104991661 2.30180990887564 2.37925787273081 2.38018940117987 2.38611838601277 2.62133467131027
-9999 -9999 2.44776126692242 2.57412738053087 2.54072367924835 2.48973904450852 2.46045771891793 2.45714206525761 2.42988807890292 2.35114290174382 2.37016383536967 2.3839018699065 2.35678473980207 2.34444937428506 2.34078737663562 2.32685225511255 2.36270145127651 2.39761770967011 2.60006673178454 2.72054989144218 2.66824305540083 2.43930258448601 2.50241224317159 2.55291323395062 3.19103450549941 2.71479155841479 2.40978949953977 2.22498176728328 2.11847212486173 2.29496942823949 2.58618144901954 2.16494624457846 2.17653075983758 2.46403382710792 2.546638025997 2.42324385995345 2.39119646436501 2.19287802788635 2.03877013374806 2.07818722039663 2.13606595205479 2.28550528446257 2.28467523846085 2.39198074426415 2.39168248639195 2.38029689300005
-9999 -9999 2.56920361232282 2.60175577528926 2.57919018384131 2.59211412329899 2.47488620494847 2.41760620966777 2.4244856690408 2.39686233671233 2.38350062394564 2.37675293083868 2.37242865717019 2.36303450537658 2.34390924943673 2.32362227660669 2.33332653706179 2.39757597675555 2.56912352323773 2.45539368464983 2.40127605552918 2.38312765272754 2.22772842848859 2.43647874840892 2.59888170401437 2.31638315458615 2.32760636176279 2.07358834158082 2.07561767283486 2.13395951312492 2.5866212731238 2.42513186143439 1.83582843080418 2.46035610591341 2.80820192683052 3.32640247415291 2.44361014117166 2.34091274281292 2.28739192356449 2.52364792073518 2.26560857257072 2.19652049676346 2.23506789830906 2.33119471854598 2.39586022437177 2.37617381706387
-9999 -9999 2.59419928507619 2.57942638239247 2.60344948800811 2.56492522873714 2.42987225481918 2.42643178791782 2.41192028697764 2.43464620075394 2.45032529842536 2.40259666414839 2.39870370576868 2.39755947627315 2.36312793209626 2.32407341593615 2.31995009390027 2.34881009229912 2.36791397913083 2.37687243508438 2.30852000716764 2.25896986706667 2.11725828964663 2.76636236047571 2.37142879670222 2.11437023912647 2.11291585430048 2.22740867465865 2.15318687372792 2.3541924291858 2.7178284727415 2.75871190956282 2.55500400162394 2.20351244410202 2.67778607059534 4.08864856628764 3.74961888657555 2.52933054849333 2.36923858974518 3.01047475513777 3.279150529027 2.53469963564037 2.38789581055347 2.34128663028279 2.338884994731 2.29085743735968
-9999 -9999 -9999 2.58696556984024 2.54606685154419 2.46470651904004 2.37428548767315 2.38966669645017 2.47209344780118 2.46971430087053 2.40305419538056 2.41775264763861 2.40120812530858 2.39786424455059 2.37686072930147 2.3048847960356 2.31093334511675 2.32080897179411 2.30899118550557 2.27011932509977 2.24321542570388 2.31894255941939 2.16980490889437 2.19715114029593 2.14932268169137 1.99540318470501 1.8943499882711 1.92339777669037 2.13204536824807 1.95096935391577 2.714764010788 2.78741655831981 2.75302886595536 2.58839386770852 2.62510937974381 4.3170321897952 3.26211855715904 2.86125483962108 2.50295934902072 2.62423505068436 3.39676484207189 4.08127177865939 2.67631600216718 2.35719355111508 2.3771029707253 2.33125750590797
-9999 -9999 -9999 2.52835471428921 2.36971434928421 2.39383549846655 2.37804599380459 2.38339374000481 2.55690898307977 2.43343386283635 2.35504671438254 2.42028382437452 2.39808289403398 2.36696469279675 2.39140660922121 2.34842418680098 2.35931270703661 2.32584585512396 2.16579722572212 2.00741383318418 2.08276502271176 2.35821254517879 2.38399770617359 2.28474522304469 2.0770469534968 1.87048602842782 1.83434337073015 1.80227998960819 1.91448800369031 1.87395808458591 2.36078049501033 2.63738008471308 2.6654869000615 2.55664434147939 2.56499684855745 3.57812393032467 3.57778328676646 3.06360186444667 3.0987638431362 2.59648375343692 2.79450762406817 3.81540816491661 4.00742885682874 2.26956079560196 2.3793247776531 2.30823958491836
-9999 -9999 -9999 2.36405041656961 2.35371621019957 2.40128205225687 2.50440198081888 2.4454198733439 2.51342966227059 2.3838028263486 2.36592218690492 2.49027903958283 2.44979855241984 2.39976620576427 2.43876931493332 2.52349803219859 2.53986025145142 2.33825318300706 2.2822903153662 2.22216317761863 2.30141045769118 2.41124314953482 2.38400137091893 2.39761519326077 2.2849956848505 1.96773826624913 1.87928276408141 1.93923851829185 1.97318221879432 1.92145115517626 1.98082143410235 2.6560862896165 2.58690855017482 2.83206517614815 2.66319293310145 2.93835411131213 3.84213018079355 2.98816848111874 3.59544576986367 2.5445424283055 2.50918327174787 2.90789565382467 4.49690852378164 3.76495899957797 2.4490759050452 2.33187465536065
-9999 -9999 -9999 -9999 2.38788722410206 2.40848288680312 2.43256470143547 2.41032930370308 2.36689997666854 2.39248334107841 2.42080324223562 2.41023947287555 2.44410470542804 2.4488093096866 2.41989181684886 2.50037170234005 2.45474314583876 2.35403432427541 2.28145017489185 2.29075578574747 2.3503209997387 2.23859729908331 2.05750929043666 2.07353053578329 2.41056990736517 2.1916280865408 2.10775524091546 2.11198197920006 2.35876423891912 2.00491467487218 1.70730824280141 2.24935535895512 2.6578475323825 2.8127080347444 3.21834249684992 3.18421213500003 4.20658763961542 4.65331356346455 4.30070932887724 3.08028107839335 2.71151482570382 3.98242105383815 3.66753759055068 3.55125209542457 2.62117332247417 2.36463640483696
-9999 -9999 -9999 -9999 2.41010803124907 2.39292808722912 2.40562876552228 2.38621509762136 2.39430475078441 2.39425199242026 2.42458886256818 2.40404886834576 2.46457548513376 2.42193090213803 2.40818000896622 2.45345973384277 2.53241684832102 2.4824875390093 2.32581344168189 2.3118094548277 2.23183184401789 2.02876116738557 2.01848832041778 1.98065315386548 2.40230349397808 2.39602834032826 2.27477455997195 1.92024382711866 2.27144224576797 2.0413595624041 1.73139128566726 1.73066399505506 2.53733951538033 2.69886312418729 3.24572385146038 3.46332479498463 3.19281417599286 3.72625024519072 3.30774321122496 3.61041489396131 2.92868062508285 2.73732880939264 3.07024101554535 3.35566154881696 3.15109732514869 2.54646948962964
-9999 -9999 -9999 -9999 -9999 2.38832795762446 2.39351128175866 2.4161360310286 2.38334149243567 2.39023976261233 2.3911392715604 2.39768410886234 2.43334345686162 2.46343089915086 2.39909457242097 2.42505258110131 2.57938819359591 2.27389224555685 2.05890683915129 2.08476250404723 2.14496696355675 2.12388793493009 2.17982282209455 2.15979554082752 2.32752545844438 2.37719723781006 2.36916344133327 2.1667315712931 2.11124703889276 2.30394683425741 1.72680200576653 1.68258342650362 2.21376364830805 2.60213796179129 3.31904362484286 2.91855074070581 2.77468027324315 3.23501698330499 3.01983039637985 2.98407963401405 4.14125200240357 2.69390153777754 2.62956683493603 2.87639489057175 3.42279935750407 2.91044982805334
-9999 -9999 -9999 -9999 -9999 -9999 2.3923018143574 2.39800566653672 2.39080005506703 2.38664621156948 2.38894080819609 2.34393781215773 2.36024677259094 2.36102677343308 2.36354765391551 2.40437775134683 2.36508171980875 2.27717511779677 2.07164284015787 2.00565916025484 2.13194357888541 2.17611956442829 2.27135255631435 2.32088513800114 2.31899801571547 2.31286764962684 2.33837200578528 2.36368725380293 2.24756114699091 2.47578880975429 2.08600934965665 1.96395314331452 2.47571776074902 2.50358281774631 2.71978147818864 3.10044182958144 3.03828264739897 2.76699710659901 2.73754619937482 2.78306473019014 3.06529959983419 2.62928383382838 2.51740552970035 2.70625632587249 3.21248726313192 3.32792794689285
-9999 -9999 -9999 -9999 -9999 -9999 -9999 2.39540399787642 2.39475458887813 2.386657876575 2.37656620476722 2.39715320971838 2.41424413399039 2.43629044944365 2.42338267693662 2.32876027511507 2.33681799423401 2.35831626093672 2.24029853097573 2.12901192837885 1.97454411995289 2.0601268606353 2.06189419116284 2.17191050728516 2.22529968044202 2.32633836149419 2.19116725950792 2.06153474609965 2.07186736099988 2.20486233895743 2.50050390742452 2.4989344147293 2.6090605032904 2.49796928645762 2.52999131339448 3.29064181283015 3.35470649732499 3.16879608346516 2.55797458399354 2.79945533821878 2.9651033069758 2.87245652709434 2.51313286099821 2.51327987561461 2.62950904991325 2.99300484104289
-9999 -9999 -9999 -9999 -9999 -9999 -9999 -9999 2.39530544498023 2.414416412388 2.39433254647777 2.37661687841138 2.37194652980661 2.43289480240347 2.48038411663325 2.41797554211137 2.29470843585305 2.38831169762007 2.323392095445 2.26535097950431 1.99991685342343 1.92042518519366 1.9105234977001 1.9820540613847 2.32425505346056 2.15609505692437 2.25402919895888 2.08620409790253 2.20239455763551 2.29303594721269 2.48602990709642 2.70558751442439 2.55207090460126 2.93162009014339 2.59656709441263 3.01915273157543 3.25414367574044 3.33002717563268 2.53259988047649 2.53972506073297 2.80749018564045 2.77725355234258 3.32119930259912 2.65930852430716 2.62875924438255 3.19435988903736
-9999 -9999 -9999 -9999 -9999 -9999 -9999 -9999 -9999 2.49263234832883 2.42409830353143 2.38005081037324 2.34842860179657 2.39994805723986 2.45161487025607 2.38571762063802 2.39415597118189 2.3662626106821 2.41157037202804 2.3698446377025 2.28952466187453 2.09310382029455 1.90994271583215 1.97469912239182 2.31556555517863 2.11939907018355 2.33759025550471 2.33208584001888 2.24939172900562 2.09593369662531 2.38106907796759 2.54758122211399 2.56223840149633 2.5996048276927 2.9873977968891 3.02839380291207 2.58727044184354 2.50919646822782 2.55284909358331 2.49592371297607 2.53516669411187 2.67060856389037 2.81877212076894 2.99735066216291 2.80257334713612 3.26949139581421
