IBR/IBR_outputs/all.combrep_1/PersistForestCover_Total.VRM_Total.WeatheringIndex_Total/PersistForestCover_Total.VRM_Total.WeatheringIndex_Total.asc
NCOLS 160 
NROWS 95 
XLLCORNER 210004.651214014 
YLLCORNER 7350008.22228844 
CELLSIZE 4999.99999999997 
NODATA_value -9999 
[rows 63 to 83 of 95, columns 46 to 91 of 160]
4.87764075491617 4.8054230239635 3.98963017077127 3.98024672950906 3.57532534540811 3.78425639536892 6.33881638882794 3.44652548211799 2.70667317045699 2.77385597099371 3.15347707715518 3.23396966003439 3.99925162005283 4.13934103529501 2.9064158844953 3.08095807197751 2.97162830005111 2.88243508623643 2.84326887875496 3.13299922659125 3.854074963855 3.07301696550789 2.65276073914974 3.01310263907089 3.00541078304342 2.78774234405604 2.65571525722942 2.65610749835682 3.28804210682762 2.77513921033603 2.6486481792448 2.90028263236161 2.81025410225696 4.93723953156735 5.63125000900466 6.87423916673754 7.29485631643925 8.08615441721571 5.09686345355835 3.55028988606386 4.19977913234038 3.82502411451153 3.28143302019669 3.53734383830472 3.78393991636719 3.28585873396985
3.62812212738557 3.41043692385577 2.675256859362 3.3662501268771 4.40225744549258 4.84985902827745 5.97684669713882 4.37827508803602 2.6499503300784 2.90275472435736 2.92967235193754 2.68693397253764 2.60771751927157 2.69640871309712 2.66551342839399 2.83229955971946 3.04837361812732 3.00276123619775 4.08688659109922 4.05328774824103 2.92059274971951 2.78959294863603 2.60803910179663 2.91213000022376 2.73425835225756 2.653356716842 2.7221415958609 2.54604628049741 2.84129309346085 3.00079329562664 2.70378153063138 2.67340484827566 2.86491690793753 2.72073527846668 2.8498367815774 3.54671471053964 2.97435093168973 3.94308717638483 3.74715185699324 3.97469242856658 3.0602198416137 3.27467273105583 3.31621311891148 3.40453752359574 3.29314338024314 3.94873670261819
3.01776912192541 3.40804647980266 3.23983384846101 3.49076008710343 4.18656749915204 4.12017202282385 4.74583797359498 3.14931344250846 3.0944863344497 3.539184482328 3.677029636247 3.08546434785639 2.76315458061067 3.77693684786272 3.93710150096568 2.96312409312385 2.80777601206496 2.77148119774947 2.7716953894051 2.72114898680096 2.73852282187297 2.74572752872849 2.88285783074438 3.16623005216506 2.94375162184904 3.33872141836595 3.8532264362114 2.90670631821817 2.75141147753929 2.47986713373237 2.82987832292007 3.18067797845633 2.52105131684703 3.03478041585969 3.01857419785773 3.45964882667119 2.61693449162093 3.21529283773097 3.33532631630348 3.11259751541357 3.00019106871153 2.89854978504278 3.43696703421703 3.15695758440287 2.80854751626094 5.99489472937162
2.25268383738633 2.64919558048593 3.1628532045082 3.63974590109166 3.36271562569125 3.45227083155826 4.66579851820819 3.40500283332592 3.06277285965924 2.80578079530394 2.00268818359272 2.94542587372646 3.98689088489286 3.89905631457675 3.20347167766108 2.70683616839953 2.76624937156418 3.05594865025296 2.65308954625943 3.04432457039249 3.74420798638769 3.34963251774198 3.56316334316598 3.36724386574421 3.72127612276702 4.87649115594575 4.97163782637818 3.48730096879181 3.8480139061079 3.71688154782774 3.56767371298847 5.75164068135634 3.60234553936106 3.12403360824491 2.58827709894411 2.80725923774816 2.83630053599748 3.40085806487246 3.10226170292343 2.86764208302221 2.83795133632942 2.80118690470794 3.08115477513815 5.00306499034372 3.64986903678261 4.44455463004204
2.56321975746169 2.52563057331345 3.06066989413685 3.7233326234778 3.55540639215839 3.36944454729259 4.64458719250543 4.26535154584828 3.39192891199863 3.07580515621444 2.73172170831139 3.71101272368332 4.18841074349783 3.39462787267282 3.07531997042704 3.92344022845443 3.43781036477688 3.37534418743044 2.94781335255537 2.98867760140452 4.14470946032611 3.27524936083229 2.98161938562303 2.88989568773013 2.86364112306683 2.89426588016769 3.22999722472657 6.3052896302469 3.03405373510915 3.09610073968644 3.4421895179056 3.60617402313656 4.96018157877851 3.85546242011411 3.66589457311347 2.94773570903125 2.71233846966533 2.83964865835457 3.08402822615215 2.97998215127374 2.76011522495495 2.85916188314228 4.6445493730527 6.34814984073294 4.28625138610659 4.64586126449099
2.98524313426592 2.64318743802272 2.60726091768461 4.01786199079676 5.16131421912369 5.41832678688446 4.54199002627635 5.76777467097825 6.50012372697662 4.99074774217682 5.86775882240098 3.95016500368463 3.47402433986254 2.85588399081426 3.19316784575842 3.80014419850797 2.92814570577293 2.82797006278893 2.59489677940918 2.91378207447655 2.70837181172921 2.761975618053 2.83514236535304 4.03457205197718 4.71969994085194 5.52036815851652 3.94569015945493 6.05908208527878 3.60134118350662 3.06914567768614 2.73594873134198 2.71685647007365 2.68429647985986 2.87788921337121 2.73584885742113 2.64248457361739 2.74611459880247 2.88403109682723 3.64825590432053 3.55010684807299 3.06324175330655 3.3234055166134 4.47080409010249 5.27963902030166 5.09777222956735 3.62678763465826
3.25256747043125 2.72609090568981 2.75847039853403 3.56929512809379 3.27850389472664 3.08498340780847 3.13852052027319 5.07696694008509 5.24091305746567 4.40446149720048 5.52178146720108 5.51872558536417 4.49537898016401 3.03568652747017 2.90781954809344 3.08608446788323 2.5249220822739 2.10652031662221 2.32288003800631 2.35905596882813 2.35196978776499 2.67932437356426 2.74219666993259 3.04318654043942 10.5823573173366 5.35837749145908 3.1930990188541 2.95047369108179 2.82304052545125 2.84470954485504 2.95699250483091 2.59527489286323 2.60326192734699 2.76358371559485 3.58909722432462 2.75230081444523 3.20517470548226 2.99371126382409 2.96862668656972 2.81468447884122 3.42344080425425 5.23844691537219 8.04389136834755 4.96956714789831 8.29337079369522 3.01949784999029
3.00885746176153 2.63358938827758 2.70084179262646 2.7803746226608 2.53514707472092 2.43989573896725 2.427468016575 2.77190174707868 3.8451756887311 4.17998471769785 3.84936205741387 3.27805856175766 3.70726695646494 4.86341623022683 3.68375068757446 3.81033078815007 2.91597451318885 2.14129070791445 2.27081285680662 2.25497514430924 2.48046953398722 2.65025755689124 2.84874225769667 2.85203656129341 4.26091103395873 9.75944186894364 4.23537152012056 3.09400247236317 2.75995974911638 2.84511568552862 2.9408096044644 2.40193691988215 2.12996793149396 2.56136646864906 2.14193890174925 2.09772598686238 2.72895388646539 3.52102940720884 2.8591761021228 2.84306863133546 2.70689692978826 2.78963719575929 3.18143130818566 6.09354315706845 4.18985274475369 3.97349372897216
2.4206137714873 2.40602788474429 2.42157706935518 2.43205594943066 2.44543208475434 2.5273979467684 2.58776066634854 2.49261918387833 2.47755299790127 3.14069495340069 4.59758569065502 4.87825821710546 4.03868530900564 3.30505213756593 3.68348259584309 5.12824644940001 4.04328409369299 3.09790641589597 2.50508467373489 2.4319867359214 2.60341064276718 2.83718972436177 3.0416128480241 2.77068435855906 3.04762626486492 5.88278795308085 3.45462712722257 3.31456218830748 3.41737479515795 3.29552012703593 3.00221494321949 2.70557999144059 2.48552182871138 2.54519532388195 2.65013799871917 2.59606683958907 2.57003668262587 2.47839859766426 2.50339527315308 3.20296697697062 2.97337008286899 2.95858503083863 2.76240173706316 2.707263166929 2.6406612993582 2.72729684973832
2.37579271903718 2.29803308214622 2.29627745580774 2.37085722266799 2.35692048854208 2.43187675131298 2.372855713382 2.47130318620097 2.50649518143544 2.3851914179867 2.4700642669845 2.81636404202044 2.65596430767717 3.20729350572014 3.3513167103127 4.51330645936252 4.95510117310146 4.01992998202321 3.38357548494138 2.71780644451622 2.9007654214467 3.47219077015066 4.20898652686273 2.84908437818601 3.22840255024318 3.23186210831819 3.27212959097787 3.80548437628689 3.34119515544185 2.81413135583781 4.48481285507788 4.02871730885669 2.56257190257377 2.8520283779832 3.04813906233126 2.80069597252633 2.83908695273158 3.00774940339311 3.11626306216665 2.74936847788285 2.7632145497416 3.52935622058328 5.1367608491716 4.98397637457269 3.34519796835326 3.22133741898203
2.32850628834252 2.34204006585195 2.20623949590611 2.16009901542837 2.20650340742442 2.20964750557089 2.21222266651187 2.38185618348652 2.35800694995565 2.4567729176131 2.38434807562783 2.36107455414262 2.37709089743591 2.49855837772688 2.55979301997387 3.24511889634736 3.47098828652996 3.17045535575719 3.34726965784702 3.13500934991473 3.13402707377573 2.73526766293431 3.14937055022857 3.48177222616934 4.30463971759024 3.15316533465759 2.63541415111204 2.672638752379 2.95130308574246 2.97877569069621 3.32765128946527 3.40820265386446 3.20837757435577 2.99832683318327 3.0842091160961 2.9340957260181 3.31461697487193 4.86468634669355 3.52125221642227 2.92602742795092 3.1265952723651 3.0383833534358 2.94014823696594 6.54426425060863 8.98363917651905 7.62968097094089
2.33073638749836 2.35348895222804 2.23336998232259 2.30227886136151 2.27928977569667 2.25731154107252 2.18797868661516 2.1446143449135 2.16154787101509 2.29034573961247 2.35965928192954 2.40112907139741 2.44399894630876 2.44619037120048 2.70932137610077 5.55675044217391 2.90118931580744 2.76618664774954 2.91797244274771 2.85565001224244 3.43220043743367 2.85500856218697 2.81908133868865 2.70786098128673 3.02661888052357 4.1236304388845 3.60704025500082 3.04188088941784 2.78192020499072 2.86486483283226 2.76273280283204 2.98408487194451 2.78814803884065 2.68763520898371 2.68572532943516 3.21627039595464 4.28602551264668 3.86385866494493 2.94450621354836 3.59392597242849 3.93613381702006 4.08414715212954 4.04823116475947 4.90187952565605 4.36026590643004 3.20269456029786
2.29741387220935 2.09183653220365 1.99212765757135 2.21706095877575 2.35784579754206 2.23617119850202 2.36162138276395 2.26718769690535 2.0787273605055 2.206375921832 2.42627409584125 2.48269904680328 2.38069134718001 2.65781148126771 2.57335892896007 2.75053065708661 3.08191601386887 2.81907206915116 2.98003166422651 2.88936884114179 3.31936999833936 3.12845084373724 2.74276442234486 2.3892191559871 2.4966983470791 2.63373717448196 3.08032068350006 3.04763930927208 2.96862158949263 2.70639347426082 2.65389313385046 2.70434001973217 2.69251034570616 2.78952251635865 3.09322439779819 3.92499434654035 2.90957318472407 3.0113933464648 3.06927664547882 3.83528234308521 4.37399756655692 3.26763223104148 3.78966849487367 3.13315431052059 3.29034833087617 3.94611474408198
2.15737621791598 2.17343204268644 2.2013248550787 2.29556574038063 2.27011747629183 2.23543581525502 2.22576357176695 2.04030701158841 1.90921096727175 2.23420863487056 2.40000294014389 2.31330206653449 2.1694318163028 2.47126775720675 2.65637518500317 2.5224012290783 2.50600029843916 2.91916732840507 2.62848358462692 2.75462720582614 2.82489388145004 2.84900356893915 2.5611199562519 2.59623588815524 2.7526847422144 2.59936845279532 2.47387687372972 2.74074781637814 2.73439484085837 2.79701071355409 2.86873318397217 2.95299030210156 4.10039178813954 3.96203540805556 4.25435519190554 3.00199208130754 2.78051174841058 2.73295433923336 2.68183248550691 3.46502822824479 3.70875022877627 5.05216771389551 4.7879654129653 2.86648999266794 3.03989681022736 3.37128568430518
2.30248994222136 2.34071522670096 2.43684328613277 2.33150820021945 2.35982884642789 2.31689380662354 2.10697494337407 1.86212062522611 1.92148965371405 1.84359227138566 1.91995981281181 1.89743457922587 2.13895412412598 2.28677498784644 2.44227851665842 2.46650636196634 2.64066220062608 2.64226308398803 2.6093218731386 2.99996760807792 3.7930387958707 3.83077699371442 2.84664299146511 2.72568610870912 2.70016860940816 2.90991345136012 2.52514036156469 2.57778308376054 2.74346505320712 5.25737679222814 4.10296169159622 4.21154308025356 3.31109123981471 2.97473623385921 2.82818888263892 2.96402829128425 3.04171811776678 3.16021433779782 2.5653791902049 2.55667579078479 3.25978055676334 3.51896422700692 4.49444235508564 5.53463428011983 3.03551824797465 3.36887759682155
2.24725615363176 2.35426150208364 2.22316839818715 2.14705293487064 2.06510600218393 2.32097586689729 2.32001861600168 2.09119450828863 1.97213118233799 1.8294106045367 2.08442107635833 2.05003606951425 1.94144833865996 2.11071965374883 2.38758758630735 2.3686330508007 2.3961975188601 2.36904294528727 2.4035050614894 2.45846409915809 2.62322454900749 2.83733205527843 3.57157013576965 3.81211469615773 3.26326371620867 3.10432284799148 2.9356739327634 2.7104480206939 3.17837096340766 4.88089826735222 2.88162480160197 2.87038620553759 2.70377593759858 2.73702631548856 3.05921733785784 2.72706218436687 2.68686366970468 2.80717327145916 3.11280691519101 2.56513566793059 2.72109237939812 2.92539082272096 3.55433976518988 4.00763881978614 3.37821368115352 4.2084623295248
2.9710764013714 2.82335222550895 2.49033436410342 2.89981204338465 7.28633471573067 4.38210008070633 2.33670977326024 2.54787893174613 2.09762237087933 1.91239002003046 1.85887755292967 2.15658934601571 2.30302626477761 2.38328262391107 2.36449398221757 2.41396825650042 2.34999856278384 2.26099379304691 2.17603800512263 2.19660921326029 2.38612163772464 2.50181430978877 2.49642458189615 2.61766857874623 3.22314044607697 4.72210273794648 6.12747676678446 3.78555096246775 4.0727494215931 8.93925935695724 4.46932896024562 3.05458577447183 3.01211400329148 2.73241528712421 2.74864449745848 2.60106344050695 2.60371660575774 2.61073089462345 2.64906865097147 2.670767508397 2.73475366929206 2.96043274284916 3.07393898799542 3.63572595659324 3.75277514768458 3.99010091480979
3.58035669082625 3.19799640759913 3.98880488964344 3.64028990307082 4.98304472143994 7.72488355656379 4.61125062833073 4.77631922994212 3.12052867084163 2.32856619909696 1.96814494405826 2.17989222563896 2.36184415366031 2.32684330854145 2.02031520608882 2.09377006481541 2.33572044467982 2.38554100146663 2.28262550696216 2.36622663860846 2.40789780870877 2.39651597758187 2.38422886963092 2.43391609563391 2.62748857743405 2.67952361007212 2.84738898982284 3.41882467174263 6.01860254570223 10.0407643879063 6.44479199171547 5.50325494040617 3.42543181296752 2.66992185774246 3.01306374937921 2.5438720424955 2.37825844368894 2.35573371340957 2.58649976734633 2.62142282977784 2.86465160799965 2.93460040831836 3.75981751765118 3.03740297479657 4.51343990935367 5.91754845454674
2.7849140499899 3.86742284755083 3.67677048376629 3.86593471910526 3.2598062292111 2.2286075984084 4.81483063139995 8.70955949131462 4.81175732916198 3.26010171869365 2.81146029807764 2.39085678150395 2.40584897232954 2.27222343274868 2.0244902389622 1.9173344553425 2.03778054986299 2.30014978515344 2.56752718481295 2.22327334169282 1.98340753245035 2.09316151567542 2.25874320680333 2.50649197179992 2.53518899448527 2.51568537977626 2.63323478961083 3.33678815259335 3.39706833761728 2.80582793218218 2.9090445078125 3.92425213708318 4.32011605743498 3.2229849854554 2.96434727193452 2.71530876550238 2.30775237356302 2.74181312697461 2.45695242433928 2.86042770281762 2.88596083904594 3.43329501825069 3.37243755394765 3.45449338238736 3.26749472768045 4.10467785559987
3.49962745423895 3.47683526885399 4.32348983194039 2.74067640814963 2.24910838913308 3.28988635446788 4.48111499288372 5.73608512023757 3.94908833483686 3.65008342989928 4.91189653081813 3.52735011245031 3.11949365564904 2.49187765288914 2.37050055658334 2.25220752341799 2.0726367976908 1.90847772416555 2.13485997466543 2.18765615550972 1.88700253087947 1.90532511845048 2.15243857410895 2.38072024855442 2.44642295981194 2.45263295041614 2.64599156547715 2.69035747101206 3.14968593125366 2.69801253480836 2.65231114125611 2.82992318983019 2.90894350681429 7.22624713299144 5.0855216170297 2.82222561930918 2.32117316646631 2.22652672732678 2.81517729415505 3.1763070161791 2.71822773781774 3.05431904030207 3.20782754334634 4.20358093737628 6.24227961596476 3.05165063266435
4.00106983849046 2.51654191734025 2.95881539422547 3.80199844016112 2.84030017634396 2.72736829157667 2.65225165445525 2.65988789547027 4.6322851351462 5.29376997655743 3.30138370021166 2.08813289704516 2.07558845893767 2.38509213925635 2.4177417232854 2.45344642536928 1.95132180365842 1.85653808100813 1.78531935656976 2.26916483658633 2.19662283415577 1.905824695297 2.1205717759133 2.30266343496531 2.5088252688439 2.42796750019412 2.36687044206625 2.49765660960345 2.68662073488196 3.15699931995329 2.74776864099257 5.15482313743357 4.46491456154516 4.27341414781802 4.19674803442937 3.28077979354829 2.76436801223023 2.67930073894124 2.99725436659922 2.65927861392103 2.72562192947132 2.83581124709393 2.87411949083828 2.92913243621254 2.8431890122451 3.73857670088578
