IBR/IBR_outputs/all.combrep_1/PersistForestCover_Total.VRM_Total.WeatheringIndex_Total/PersistForestCover_Total.VRM_Total.WeatheringIndex_Total.asc
NCOLS 160 
NROWS 95 
XLLCORNER 210004.651214014 
YLLCORNER 7350008.22228844 
CELLSIZE 4999.99999999997 
NODATA_value -9999 
[rows 21 to 41 of 95, columns 46 to 91 of 160]
-9999 -9999 -9999 -9999 -9999 2.45108312688722 2.78269217854315 3.00974043998594 -9999 -9999 -9999 2.60347437130942 2.72112926732745 2.48115376471966 2.52870723060166 2.54627669990338 2.47015851098714 -9999 -9999 -9999 -9999 -9999 -9999 -9999 -9999 -9999 -9999 -9999 2.50940659488044 2.41413729354931 2.2368564599014 2.18936477662364 2.01282182604946 1.99646180703532 1.99516186633544 1.99176876009557 1.99226259640323 1.99759425963747 1.99628328774657 1.98268665165498 1.99600817969836 1.99832482879922 1.98879398136953 1.99458166395134 2.01427636390826 2.18223085257904
-9999 -9999 -9999 -9999 2.1786550613269 2.61895845209749 2.65404922758741 2.48558607408116 2.45525209997146 -9999 2.58613061044952 2.63285244711833 2.61760766137389 2.85614154659512 2.9006531710126 2.42266912957058 2.42064251983805 2.46513149093663 -9999 -9999 -9999 -9999 -9999 2.41790648382709 2.41506698452403 2.45298512916366 2.51091239072926 2.4463518801033 2.43450512994126 2.39598432931797 2.32411686445101 2.22549007578025 2.00882531410134 1.9942487248731 1.99521442247208 1.99350466235615 1.98828308819399 1.99514583290319 1.99621805364026 1.99204313251137 1.99553812858277 1.99850703407943 1.98984323385082 1.98729233508108 2.01560173144504 2.31393267173101
-9999 -9999 2.39864067687364 2.41998586486319 2.52066809738496 2.52289177792564 2.63180570564523 2.52143976363666 2.66651690031867 2.7429012537631 2.47281689843222 2.54193745837761 2.58516297055154 2.76632867892847 2.55817503670356 2.42573333636107 2.42812941764162 2.42414740600878 2.38387881153922 2.39933588363256 2.38686908707149 2.39223342757849 2.3821579754473 2.38984198519218 2.37170203410856 2.39335834944069 2.38147819256896 2.35273745572381 2.37004654363602 2.36647114026505 2.38236907647815 2.45427647826527 2.23611632285926 2.0707235701492 1.99913611945559 1.9906863941929 1.98875144849739 1.99400656543103 1.98525923979937 1.99569668276492 2.04595478574995 2.01399790448524 1.98968195663607 2.01892811326093 2.01442975198929 2.05393656984433
-9999 2.40440938302863 2.40074798353502 2.39131120481708 2.37785394452302 2.47948763280435 2.60567316434765 2.46817587484488 2.50397726531722 2.44745374440768 2.37208942035974 2.48037512409861 2.65981880595099 2.51448597500484 2.57238535098951 2.42527811643774 2.38804995114351 2.36820370228479 2.40031082433301 2.41574426495503 2.38951039504697 2.36704830052631 2.32916488864561 2.34445001739817 2.28115313094696 2.27103701398918 2.3333377408184 2.31880651020917 2.37853609868467 2.61091373361012 2.4266842312377 2.30961289446271 2.32217025750268 2.32122427168281 2.25283215302723 2.06091482095028 1.9951536264449 2.00035720433878 1.99455268163439 2.00051911799581 2.04114401551333 2.03221849474231 2.06735093584005 2.01402682445999 2.02655413559659 2.0273567499824
2.40210662758592 2.40176879642346 2.38230744699335 2.34703005025604 2.36554409841001 2.46419168335081 2.87516378663722 2.46674482872885 2.38281223923234 2.49361985790953 2.54904060272403 2.67363290031101 2.54774649237156 2.5704086719316 2.66775874257277 2.67723259391863 2.62190047462447 2.3647069028058 2.35755785128348 2.36245339360795 2.35480279752133 2.35595287596621 2.36010795901937 2.38667109675492 2.26825185288346 2.14413964615618 2.00046916490587 2.0759709818716 2.35201759696905 2.36329940554145 2.7049932921776 2.40542149371104 2.30528275742957 2.33127627636751 2.34195339878149 2.2700305569963 2.12184446213436 2.00763685683281 1.99670363888455 2.02594818936561 2.21695182754426 2.06210115063134 2.0625042909253 2.01845597655462 2.06593123979233 2.0659859756755
2.41150773250615 2.41523392824076 2.3783917584341 2.33043652461188 2.43917296942921 2.42578176148502 2.45099494986843 2.48947794886009 2.59440152576601 2.62427863116165 2.52278347515319 2.38097539975865 2.20716958164277 2.4771787442377 2.67762254316079 2.3862129697765 2.29854131886543 2.39045500859476 2.36268654362616 2.34638533055822 2.34068145356172 2.34975734780724 2.37257456161287 2.41350148929887 2.37972322047677 2.41325464045651 2.19281288269822 2.06052912466924 2.36841664069495 2.33899454063617 3.11620014025687 2.83928470171207 2.32354015873354 2.34929726503309 2.34232589571864 2.34556933709826 2.35421202474753 2.32257638034381 2.14165459339722 2.08089762380428 2.31644365545626 2.20551257943186 2.01649570320214 1.99076976907347 2.02714489872021 1.97764220394593
2.49968429649033 2.41728358914639 2.3808916871013 2.36802000760249 2.27086435471732 2.30483605484 2.38166114466998 2.39107133672752 2.51301958056682 2.60500206673689 2.57082692217137 2.52511465146592 2.47371716608297 2.61052074107241 2.60731844226301 3.7835706971498 3.31106927313157 2.82219503088076 2.70105929273467 2.38213446382906 2.33720682276366 2.36423873044642 2.35908527524578 2.33584934035407 2.34017798883574 2.39996912975618 2.34392180969043 2.34950172104164 2.61906451164482 2.56461525521403 2.87722214858862 2.41055869394179 2.31860589344299 2.31743220742578 2.36169453150571 2.38712068711454 2.3849550184533 2.35168915578645 2.32299038710865 2.08259232198856 2.29893321396871 2.32298431251737 2.14805782873427 2.08564037907163 1.98736583964004 1.98030923453006
2.83359581417624 2.72504724312756 2.63067184971376 2.3583909147454 2.17999389236438 2.19269148041655 2.30318689401329 2.40511424436936 2.51493567970915 2.90677485222179 2.79287119792193 2.66153478527275 2.70171231614506 3.03378773930058 3.15929913587643 2.91902354669966 2.62264856977359 2.4724251007911 2.49951404076535 2.46238590088501 2.35435242078382 2.35258366469975 2.32971734957702 2.29797549778844 2.30403656194222 2.37753513669698 2.31379632821701 2.37891903356771 2.52868192194324 2.61369507375577 2.40067024357687 2.33150264511275 2.07866632166211 2.03125103387674 2.25050235843804 2.40002776045935 2.43166959597195 2.36060571557278 2.34521490170987 2.1245939598821 2.10382418812923 2.37708724053555 2.3335195404738 2.19883190974283 2.08063929698992 1.96563302851737
2.67095451247192 2.87888281879857 2.95016217944542 3.25353611918913 2.75468420360662 2.36107028266849 2.25118243432196 2.21683498030349 2.38560872166076 2.66886120745736 2.69719491370035 2.70253983899304 2.68892498321453 2.71035168939183 3.3847531703541 2.80280635192277 2.69539552588459 2.6291542693702 2.73815398172674 2.55028471311995 2.35460121417673 2.60511964119183 2.55949193238135 2.72814194220082 2.37567883122727 2.51303537256459 2.27023438741463 2.51979428895882 2.4289607359152 3.01775468309194 2.66560700888956 2.38653516460138 2.31885517723207 2.27381154622028 2.33984282143692 2.43044874198942 2.51213820289746 2.60882276021394 2.38591567583485 2.30899847428045 2.08695271153539 2.31159398914349 2.34172706549564 2.32761928999833 2.29894398853114 2.16064839711084
2.8024141610469 2.9165120804769 3.29599556433454 2.57509462377205 2.30520588488887 2.48749494172465 2.35811877494217 2.0966377464266 2.30858425221649 2.50210816915413 2.64374319686951 2.68455583209133 2.83595541736905 2.9780415887641 2.91076175206801 2.4509175643271 2.5429118097522 3.50825349089766 3.26672952436209 2.99379211120072 2.36607653723447 2.35662901871602 2.70393965772145 3.0250904891747 2.67817718136184 2.63098060117792 2.32880417793539 2.40477021576815 2.47996060703578 4.26234265955549 2.75666523726222 2.31069567366124 2.28701808460681 2.35954309775506 2.39354304013506 2.54319816098835 2.64751720733226 2.61664745407858 2.39748298476489 2.35294255937882 2.18888349754381 2.33659693396333 3.07321478525027 2.77370433819189 2.42638527210003 2.27114467135948
2.66813690000056 3.03663260148983 3.38977349321025 3.08621052549458 3.07701375904935 2.71953643085578 2.86829961773447 2.86014401829352 2.507535663077 2.54531714442877 2.82910313243167 2.62941851045299 2.86696570570017 3.76810985129844 2.71114771095078 2.34434342786293 3.26407143374661 3.58128305992972 3.94211622920072 4.86254376661426 2.53377878878109 2.4808368460375 3.35090267947005 2.84197946793333 2.66463679950278 2.5138895503894 2.36347016713316 2.2855818107508 2.74615078770608 2.85084691877581 2.57347287018544 2.17660413856647 2.05085668739604 2.45748654930391 2.39611561979702 2.45908121032126 2.42583600902568 2.47201916119494 2.3882089528407 2.3607798823135 2.31659483614369 2.09133681521859 2.56500229997187 2.59619006307937 2.53355140019573 2.30662626162048
2.33935587698929 3.00387882967819 3.40342832292162 3.55238216139143 3.10988068856003 4.06114938362034 3.10138131682763 2.94455427331495 2.76514018022486 2.49670709994511 2.72938086645299 2.45062114840999 2.82556665216178 4.06696558061673 2.39819848982579 2.44932144129903 2.92746462694117 3.21374275617321 3.03621406339268 3.65877051035 2.37183431870153 2.417506180241 2.29667327733134 2.30521893860188 2.96581778800316 3.20618769844947 3.0960982531715 2.37986606074934 2.29984792438583 2.01388484613115 1.9507943910316 1.93010453006438 1.91041595035452 1.8660749565751 2.35875651549003 2.87160736876572 2.53174318754164 3.24463290422362 2.46656840328894 2.54046255183797 3.13330701819209 3.24053752262344 2.09663834185759 1.95358495799328 1.97492339975779 2.01694377733507
2.47179486018381 2.76682049985857 2.89529023982494 3.08825466596979 3.19580686382501 3.35250518743253 2.86938559812253 2.99458999719752 2.74038420531066 2.80300170224957 2.5495475191485 2.54263705695478 2.56947468290029 2.54411694612976 2.44137803967109 2.52558232810322 2.54868339964247 3.44489226690135 3.46028516239316 3.31366451435772 2.35875671522154 2.37277232900722 2.34626799910212 2.37476756311737 3.55404188201545 3.86380901084578 3.68016449351185 2.37149026222407 2.34554379260879 2.0323088195525 1.95357780246844 1.94255220590101 1.88438713070978 1.80521264311268 2.29581178955486 4.42866337950577 2.86047797709707 3.28529049720298 2.75884316170925 2.73933912865748 3.31446011074906 2.17507670782451 1.94404556960112 1.9697771609428 1.93937647192134 2.15733510762446
2.30136590970707 2.40652908623878 2.37187944659879 2.46517538831114 2.56694210917736 2.50112667035512 2.48060954227134 2.76720906492929 2.7533856185319 2.89686857634696 2.30810252649339 2.21079813274561 3.09082809362982 2.57715608344945 3.31144292868033 3.27475909923211 2.82241642850346 3.84301701094178 2.75621639449716 2.39123408757288 2.34829294337713 3.15180466381303 3.81251927189635 2.51933152459613 3.85715870762425 4.33360803561792 4.32032782890966 2.43669303897565 2.36527412657535 2.2998306766635 1.94473622377848 1.88462730299039 1.81994528769751 1.86735668160035 2.76843055980443 3.25565930794279 2.78104263380043 3.67220320350305 2.61341154579535 2.4796036636082 2.08041609373298 1.96838544952204 1.98483837339363 1.95377372338375 1.87008078515315 2.76603240168129
2.44082016712399 2.28104833523499 2.34789159672228 2.15426027902556 2.11605323297161 2.35026708563338 2.46994056352862 3.02074066371853 2.81456337179801 3.02289671168072 3.02137551110348 3.59982009609167 3.44899295760811 3.41571643260885 2.88601469556498 3.42065172785582 4.17216350367352 2.74888474901971 2.37684697884116 2.39843150702279 2.36702369111365 3.69610171820651 3.48551597083146 2.52131853298161 2.4382530220406 2.97266291496365 3.9513569716058 3.31115038204338 2.37438962287239 2.36321148221641 2.16201608839783 1.86345590981721 2.45842553555752 2.78062915241819 2.65256207484729 2.87667653156868 3.65083279390967 2.79991815989128 2.25084958304371 2.07038749094465 2.15553082287896 2.03605101174741 2.01013164049864 1.90802887321568 1.7869501648155 2.65929038060851
2.55481671223623 2.62615907573603 2.34639042346979 2.3322944683693 2.22158193552553 2.47967748269695 2.35913349899995 2.29475808371357 2.13229255800577 2.26714543515717 2.6253059424393 2.74108743300647 2.53403170109762 3.26461643985979 2.49945453648098 3.58168693162507 3.28648903693773 2.69371229171944 2.37567647086528 2.46843589336253 2.41539519430497 4.05242433548542 3.47011250407394 3.22794256401063 3.32388949180956 3.26013680210216 3.17229637612737 3.41116810890501 2.65869245702106 2.60392951469509 2.5226629785336 3.2971972306956 3.44157596371552 3.05541709539892 4.924673344605 3.63248466161354 3.12260689432413 2.45551879197525 2.27416905104711 2.22836334277524 1.98913630831633 1.99467599569285 1.98488645737058 1.79462475175875 1.7447819544987 1.77894259902093
2.7355888969628 3.07313705527657 2.90925712586831 2.66423837716145 2.41259709340297 2.46766806537988 2.48480803282509 2.39064150201764 2.3893838474038 2.29380522503951 2.3641559744395 2.3311168968778 2.42480290113239 2.58856766224995 2.52828262504756 2.64729924351391 3.29907577558115 3.77992632169372 3.62498838530487 3.68732540884799 4.14425283587803 4.08228504750038 3.82577137667875 3.43683508144248 3.30355608561747 3.65411487832617 3.52826214901956 3.17277367837375 2.85063754991232 3.3804032262128 3.26093536233943 3.1906521497558 4.0927094939021 2.83709647541086 2.88362140727586 2.91161059967158 2.54635452808533 2.55493269909719 2.28363403562472 2.00746784964068 1.92335269579238 1.97917712082813 1.95494147165588 1.92640701309584 2.63865567394504 1.72335809507975
3.10177651638532 3.84601694749255 3.94066998663551 3.0061040784871 2.40187606255983 2.51127526985361 2.54011966044191 2.51392023629717 2.49152992093642 2.60019723593861 2.61031423313307 2.53849292112342 2.65642834337468 2.5571311815401 2.54877712189786 2.62454069624214 3.76920297606508 3.53563295458307 4.5793876690075 3.60532002883982 5.21705687307613 3.47667585639698 3.66610570805722 2.88865634607065 3.55997416647885 3.81354053182193 3.46553763580029 3.60968095648126 3.43391125467349 4.04876159982809 4.1564279066923 2.79419110945122 3.26964794908145 3.3142401180714 2.74219766551404 2.47606407531858 3.14025866937783 4.37135665255034 2.10190760103597 1.90940243640353 1.97697708706957 2.06690582879705 2.08029762928058 1.74828903169022 1.71643289947766 1.70402618739477
2.61829951299869 2.4783403716543 2.89308752388978 2.97746891822073 2.68926415962387 2.67936922836813 2.56323048697241 2.44386721195683 2.45579771168849 2.46992725158828 2.53733201103656 2.55997344492271 2.56043729253044 2.55193518036193 2.56207119801878 2.6191516445368 2.67801436612903 3.45813047057286 3.98024450437577 3.30544458522187 3.43624566568701 2.74257507347996 3.11169791284255 2.7842247054166 3.08719442834733 4.28634037459268 3.23789382933494 3.42973952346685 3.62941244060775 4.60288295140474 4.34044256078484 5.53409543728071 4.53106347214556 3.67062153654825 3.20510196623915 3.05136130684663 2.83565342663052 2.7994828268403 2.25944304220483 1.87595342123221 1.96133390259712 2.11093847369004 2.36811946481226 2.02488267978215 1.83054019900177 1.78082541034035
2.78102939670017 2.58531090067895 2.4995217150172 2.60345564700254 3.02576166903017 2.82406370707705 2.75972878933061 2.45399882948141 2.51107431062791 2.6596881721859 2.45953153377219 2.35095831185585 2.3112292951621 2.40890079055407 2.48172728768336 2.68289386593819 2.66496248723013 2.68065156027985 2.64754921558553 2.68636123673224 2.66082787581739 2.40039963931282 2.69161236028642 3.54914420297383 2.99855799573834 2.92663236300246 3.37913202917354 2.9523038619467 3.03241631517396 3.75748420799618 4.5132133587669 4.7945540042365 3.64910939958139 3.77970046629839 3.24864135764257 2.71489716711496 2.64372481244171 3.10233103929437 1.80287197026386 2.04707234513142 1.9546657841155 2.06771853300287 2.3721549769119 2.29977800046306 2.15626631363412 2.12634512271463
3.06501844656772 2.65610754242682 2.55294673529967 2.66194134804448 2.68679447355397 2.5205220704083 2.52514179829504 2.44871157014258 2.47198122952203 2.62268988120208 2.9209600317795 2.74595454562732 2.58757406117183 2.54343006909533 2.62037514261171 2.5638104061694 2.71217814350887 2.68639767359518 2.55059137382547 2.4906452256938 2.40457811218597 2.32409285584747 2.49960519563575 2.69761698540902 2.83842627471239 2.89685100456687 2.92931659281851 3.02871728039683 3.08294767941904 3.10671595850462 4.37167182870714 4.55136585547836 3.04553230869963 3.46551342555971 3.47643592530978 2.78949447582971 2.80974313314935 3.02799165460011 1.77410556879041 1.76463205018371 1.99871073001557 2.16534209132042 2.37955754599058 2.2775991462313 2.21529668666512 2.24714024717949
