IBR/IBR_outputs/all.combrep_1/PersistForestCover_Total.VRM_Total.WeatheringIndex_Total/PersistForestCover_Total.VRM_Total.WeatheringIndex_Total.asc
NCOLS 160 
NROWS 95 
XLLCORNER 210004.651214014 
YLLCORNER 7350008.22228844 
CELLSIZE 4999.99999999997 
NODATA_value -9999 
[rows 0 to 20 of 95, columns 92 to 137 of 160]
-9999 -9999 -9999 -9999 -9999 -9999 -9999 -9999 -9999 -9999 -9999 -9999 -9999 -9999 -9999 -9999 -9999 -9999 -9999 -9999 -9999 -9999 -9999 -9999 -9999 -9999 -9999 -9999 -9999 -9999 -9999 -9999 -9999 -9999 -9999 -9999 -9999 -9999 -9999 -9999 -9999 -9999 -9999 -9999 -9999 -9999
-9999 -9999 -9999 -9999 -9999 -9999 -9999 -9999 -9999 -9999 -9999 -9999 -9999 -9999 -9999 -9999 -9999 -9999 -9999 -9999 -9999 -9999 -9999 -9999 -9999 -9999 -9999 -9999 -9999 -9999 -9999 -9999 -9999 -9999 -9999 -9999 -9999 -9999 -9999 -9999 -9999 -9999 -9999 -9999 -9999 -9999
-9999 -9999 -9999 -9999 -9999 -9999 -9999 -9999 -9999 -9999 -9999 -9999 -9999 -9999 -9999 -9999 -9999 -9999 -9999 -9999 -9999 -9999 -9999 -9999 -9999 -9999 -9999 -9999 -9999 -9999 -9999 -9999 -9999 -9999 -9999 -9999 -9999 -9999 -9999 -9999 -9999 -9999 -9999 -9999 -9999 -9999
-9999 -9999 -9999 -9999 -9999 -9999 -9999 -9999 -9999 -9999 -9999 -9999 -9999 -9999 -9999 -9999 -9999 -9999 -9999 -9999 -9999 -9999 -9999 -9999 -9999 -9999 -9999 -9999 -9999 -9999 -9999 -9999 -9999 -9999 -9999 -9999 -9999 -9999 -9999 -9999 -9999 -9999 -9999 -9999 -9999 -9999
-9999 -9999 -9999 -9999 -9999 -9999 -9999 -9999 -9999 -9999 -9999 -9999 -9999 -9999 -9999 -9999 -9999 -9999 -9999 -9999 -9999 -9999 -9999 -9999 -9999 -9999 -9999 -9999 -9999 -9999 -9999 -9999 -9999 -9999 -9999 -9999 -9999 -9999 -9999 -9999 -9999 -9999 -9999 -9999 -9999 -9999
-9999 -9999 -9999 -9999 -9999 -9999 -9999 -9999 -9999 -9999 -9999 -9999 -9999 -9999 -9999 -9999 -9999 -9999 -9999 -9999 -9999 -9999 -9999 -9999 -9999 -9999 -9999 -9999 -9999 -9999 -9999 -9999 -9999 -9999 -9999 -9999 -9999 -9999 -9999 -9999 -9999 -9999 -9999 -9999 -9999 -9999
-9999 -9999 -9999 -9999 -9999 -9999 -9999 -9999 -9999 2.56019905148359 2.49499709991492 2.5820925458813 2.51974151265317 -9999 -9999 -9999 -9999 -9999 -9999 -9999 -9999 -9999 -9999 -9999 -9999 -9999 2.64441238864763 2.62654438838026 2.62953729515627 -9999 -9999 -9999 -9999 -9999 -9999 -9999 -9999 -9999 -9999 -9999 -9999 -9999 -9999 -9999 -9999 -9999
-9999 -9999 -9999 -9999 -9999 -9999 -9999 -9999 -9999 2.52941883971948 2.39698186668643 2.59189545273193 2.47086463832262 2.44813690860918 2.42466730022727 2.47976061511544 2.46780572460113 2.52309678881811 -9999 -9999 -9999 -9999 2.58602337061961 2.64688361525997 2.7065627455111 2.64731837318024 2.63826025591812 2.64853117204247 2.68781244827348 2.66543695092296 2.62131991924223 2.63432487842064 2.68361979817614 2.6624542077094 2.67399460094195 2.66754091909141 2.65641601722476 2.64862645343296 2.65198846704598 2.64253086615417 2.63645319963535 2.63317228478937 -9999 -9999 -9999 -9999
-9999 -9999 -9999 -9999 -9999 -9999 -9999 2.61475338826023 2.57881405813146 2.41964938044306 2.41273224101227 2.43732625951161 2.42814780200996 2.4315938841598 2.41109328252613 2.39593429789924 2.38319509496393 2.41658400142914 2.50854281758729 -9999 -9999 2.62639173797543 2.60363922294799 2.62110452100003 2.69029441617919 2.75662808858682 2.75047753495578 2.70519926385133 2.71111593934203 2.62530254967241 2.63953464615184 2.64084350822206 2.65840369472324 2.66087000468927 2.6731048083602 2.66306497968646 2.67514172613608 2.68554872125304 2.68048988872737 2.68191801723347 2.65404642260073 2.63830961006889 2.64024847247546 2.64397443256628 2.67881659393646 2.72097221614364
-9999 -9999 -9999 -9999 -9999 -9999 -9999 2.53087468978481 2.44346719506366 2.43015575564029 2.3617046629674 2.4203215155492 2.41994492645034 2.36787692191552 2.34584450281979 2.34141732992187 2.34663064508205 2.53350461227933 2.69006124858315 2.59507466144947 2.60977670437892 2.61529313921178 2.61979494148321 2.61802041991424 2.65036252069433 2.66519427908302 2.68020128506267 2.66323704318429 2.6581630812743 2.67405172377203 2.69421512549171 2.65685242083954 2.64741159780596 2.6720869510228 2.66349140443223 2.69397384872108 2.68994829697329 2.70301291064194 2.67214132556645 2.68545999431503 2.67903905390108 2.66638402994954 2.64439499065271 2.65413648390436 2.65889920752216 2.70041726462415
-9999 -9999 -9999 -9999 -9999 -9999 2.58487608448065 2.44513822314104 2.42308911223912 2.41289745385014 2.41835349837165 2.40188615554655 2.40617120627933 2.36963046303113 2.3643875678267 2.37426645201439 2.65743354308159 2.75305137325598 2.70336717835108 2.67840629298153 2.65987065129168 2.65224521817421 2.62874783870974 2.617145651486 2.60897133875611 2.76305775543325 2.6885544500971 2.65803661385696 2.65832260390421 2.6970063219645 2.69847626058788 2.668704820804 2.64689200913241 2.67608133404255 2.69998596444651 2.68443466599179 2.68975287959421 2.69468443260755 2.67287817743862 2.67983359057636 2.69861080564856 2.66097113768619 2.67131703146003 2.69346081897911 2.67355828609022 2.66077131160576
-9999 -9999 -9999 -9999 -9999 2.51382687419224 2.4330456165963 2.39503950547818 2.37302473713304 2.39433236200681 2.37053609605025 2.39465388772706 2.37177728955153 2.36146530646702 2.36718654238752 2.49923769371033 2.80608164888809 2.72293167446404 2.67170760896746 2.72968240001166 2.67358014671599 2.6789650511461 2.65328822356595 2.63080218438281 2.64433605038921 2.72534819807785 2.68695932039861 2.68092134537741 2.69059310710734 2.75527764556276 2.7955723383007 2.69548683188599 2.64685759622426 2.64186057235839 2.68024796577962 2.70832367010051 2.69918684024729 2.67923265461261 2.66783241390271 2.64869195391897 2.68341218238048 2.68651397852521 2.67721637032763 2.7153305578909 2.76205564701981 2.76724671876609
-9999 -9999 -9999 -9999 2.60945798573642 2.48229608585107 2.53993879426095 2.41670957590926 2.30059378982874 2.37231630327796 2.4362074111082 2.41878582695188 2.37961332330918 2.35481144059763 2.33528588495354 2.41339239184531 2.69763640631095 2.84946833842287 2.80009709072802 2.76193370475375 2.68100794751874 2.65730442189466 2.66845038613041 2.65435599090598 2.68603341650489 2.82727015728572 2.78620841082211 2.75792017393954 2.71945487105205 2.68518388735157 2.77004904771091 2.70816108494611 2.69634624959346 2.6581609576781 2.66904990068573 2.6670395995426 2.65561034006155 2.70041901332883 2.68809064485018 2.65700299044595 2.6573077284451 2.68699892281229 2.68728716723541 2.71506081316795 2.7564085164788 2.84260323500244
-9999 -9999 2.1912622032701 2.42257653974638 2.57423960990733 2.56957305374165 2.51413503874462 2.07839424042538 1.99234781326062 2.26146774331848 2.80537470068464 2.53049962219619 2.3547191525414 2.43015663872665 2.35904018485514 2.35459926544273 2.60088148941011 2.7407175517887 2.92364324713733 2.85193020367867 2.79412784791261 2.68798612060928 2.73431686225847 2.70343271581191 2.70867692874582 2.73623774031159 2.81690348277393 2.82588495582351 2.76170228512678 2.72786711989162 2.83339235971347 2.72163849193076 2.73339895181133 2.6608159860704 2.79021062814948 2.80046756297782 2.74871916052147 2.74737424856888 2.73181543063592 2.71326266588786 2.67549916421488 2.74807578737197 2.69862123929117 2.67645502555485 2.69436161050317 2.83965607515872
2.42881015459813 2.34484180249027 2.15344236307618 2.09635342929743 2.16259503084536 2.11746461375411 2.0522837626739 2.11049244271984 2.01795906284219 2.04496050821575 2.6564683635962 2.86289712472762 2.25830912682858 2.33621561251998 2.34481777655799 2.35799944007755 2.43008481821345 2.74072742846301 2.7936716190845 2.70652531107085 2.66172117606417 2.66891424254823 2.69641043317682 2.7136619106051 2.67330465883948 2.79254425232973 2.78869688357593 2.74328212284997 2.78080892154161 2.75035020356729 2.83618731792303 2.79048620161703 2.72175869252059 2.67235730714808 2.78798595623892 2.7466003156871 2.72989865202269 2.77607846002924 2.70140397901224 2.73030579962828 2.71307105037032 2.74698195179019 2.73052072628718 2.70231811165432 2.67188437262653 2.72594047833186
2.27049910389091 2.09127629444946 1.99314084634883 1.97677242943086 2.07102682711278 2.05383996729005 1.99469933104939 2.03999426057488 2.01165300977696 2.03365481504953 2.13874135153136 2.05880327774959 2.0331160556972 2.06282636586783 2.26622009156163 2.37496689410146 3.28961511108647 2.57053515962464 2.802549652359 2.61289817894721 2.36882250974373 2.4201675546238 2.58658643424905 2.67942866058739 2.69997522758314 2.66409605404352 2.74459479533964 2.92259413371483 2.86546417996409 2.80401123029698 2.85169302902523 2.72415925238687 2.78804873627291 2.86793624446132 2.77998867448448 2.6926356850572 2.79437942580919 2.74467901395819 2.76228130750801 2.77072292973398 2.7430376936486 2.71651180458084 2.70322174741035 2.73477539608293 2.71291872111411 2.75397698881257
1.98692086134464 1.98562358887881 1.97780753591828 1.98132809291552 1.99966078285876 1.99335946798618 1.99509852965338 1.98940582596546 1.98881430834284 1.99268091317927 2.01476263922899 1.99953531384925 2.00172880276816 2.00278031277787 2.01211391165444 2.09800967073652 2.55567032237432 2.44913229747718 2.42975906171179 2.24583146418164 1.97980153370402 1.95567759360104 1.95131387077536 1.99257393939166 2.35261966391145 2.64578262057016 2.66589671759787 2.76052342468805 2.8758979399411 2.95980631780595 2.91198693074758 2.73495009488999 2.89554046605049 2.82635869345802 2.84230152925926 2.8021116999117 2.76541044702909 2.78498205322011 2.75687388615913 2.83383073940943 2.80423100469982 2.70488070472713 2.81095933249367 2.79410176253731 2.87645359128603 2.81395237710673
1.97283438126137 1.97913410620191 2.00876466322242 2.02041102076869 1.9824707022241 1.98283164078498 2.00110622344213 1.99681320675078 1.98965227216438 2.02903432239986 2.18653022618606 2.02335530098903 1.99518230201125 1.99050437570871 1.99200944736293 1.9928607590127 2.09943410268811 2.33510326047182 2.40338986827794 2.41302031137213 2.05849840219598 2.0158875075065 2.03309299358056 2.15690919543748 2.57717794288174 2.40875868358945 2.36489504211592 2.38806611891812 2.71926745560636 3.08200395650828 3.04019802436036 2.83736594352629 2.88147040261512 2.83049327221743 2.836476685555 2.97134494952583 2.89981651729153 2.8170336448246 2.83100032581299 2.84928562457659 2.73023638702731 2.79176391404619 2.78568978886658 2.92272677597324 2.94499061532801 2.91215863951565
1.98113816020594 1.95995795363824 1.97467188708635 1.97210370906476 1.96283027626035 1.98373696388735 1.98596778391749 1.99263500959994 1.99014296372415 2.01685951455403 2.12413768767594 2.02934306737369 2.00966700943995 2.00382438943514 1.99783648829649 1.99267643937588 1.99257766391642 2.14572301894088 2.29797644579455 2.35829139149564 2.28582143564605 2.08787736320668 1.9986183529031 2.17796531732352 2.42185469922618 2.17216258876591 2.29726498820134 2.46613152668455 2.43177225004292 2.52120370697884 3.44530910810876 3.43020653930226 2.72161446265869 2.66017038090206 2.74134067170788 2.74669917523444 2.79872236922118 2.84709423957699 2.76482563304239 2.76552009202541 2.75775352252961 2.81611993947675 2.89333314942065 2.96745364074841 2.90320739605467 2.95292938301986
1.98523998835288 1.95142320500474 1.95044890712955 1.98329146612512 1.96883245404211 1.96966195358207 1.98424743885364 2.0812974059533 1.98603564256774 1.99308787201297 2.06779516875403 2.01867206054065 2.01372695419189 2.00452945901727 2.00184910137936 1.99623695207802 1.99451207815694 2.13368341554975 2.25824912179629 2.19874371169853 2.23913548521834 2.2291496158412 2.2782306076615 2.31605082083531 2.336699455569 2.32771383607887 2.3663402912033 2.43092737762965 2.40900147936221 2.28523637893473 2.29039692081296 3.41723894673448 2.92080168593241 2.62408677626911 2.41688929745132 2.76426553258027 3.30186212460035 3.13509250196771 2.74307070269471 2.68665269322493 2.79147901839981 2.86068056625104 2.97958722434849 2.95111038403166 2.8581278635004 2.86963935734403
2.16227155584036 2.05883883477995 1.98693323876483 1.98775739621717 1.95723126625073 1.91143724791484 1.9434808777039 2.15521236262772 1.98058739892014 2.00740564233523 2.02672670166169 2.00024634963689 2.01286559298801 2.01467485755272 2.00157519999635 1.99678385492219 2.00660428079404 2.23400267831735 2.29952297235938 2.08828263745351 2.07025450700843 2.00513607908202 2.04339741851292 2.23691351157636 2.36942948794944 2.34245442583313 2.41096968302722 2.46800267446839 2.39353206863227 2.43547744664513 2.42701179987706 2.32637543606832 2.94657626109074 2.92468193171867 2.77527923805503 2.67336321722815 2.99368680236895 2.64564010144114 2.5425458232235 2.64372843430687 2.73114585112001 2.81032008045308 2.75048420007469 2.76500663958132 2.72145535127444 2.74653339268666
