0.653735 9.9991E-05 0.167647 0.00673047 0.100961 0.0523068 0.0185201
0.751851 9.9982E-05 0.130891 0.043083 0.0283926 0.0455819 9.9982E-05
0.724237 9.9982E-05 0.10491 0.0225959 0.135856 9.9982E-05 0.012202
0.719427 9.9964E-05 0.262046 0.0181272 9.9964E-05 9.9964E-05 9.9964E-05
0.8133 0.0598333 9.9964E-05 9.9964E-05 9.9964E-05 0.126467 9.9964E-05
0.79634 9.9973E-05 0.0804412 9.9973E-05 9.9973E-05 0.0290542 0.0938651
0.567507 9.9982E-05 0.13737 9.9982E-05 0.000177918 0.210987 0.0837573
0.502291 9.9973E-05 0.253215 0.0349455 9.9973E-05 0.209249 9.9973E-05
0.198978 0.0026418 9.9982E-05 9.9982E-05 0.116138 0.573959 0.108083
0.270867 0.0348246 0.200895 0.0217949 0.0808504 0.390669 9.9991E-05
0.0726888 0.0750264 0.484584 0.0603778 0.00432815 0.302895 9.9991E-05
0.207584 0.000393438 0.127343 0.0131306 0.192964 0.362923 0.0956609
9.999E-05 0.0480232 0.705193 0.0319847 0.000939581 0.151014 0.0627459
9.9973E-05 0.118621 0.0738159 9.9973E-05 0.101076 0.706187 9.9973E-05
0.298024 0.0900165 9.9982E-05 0.049749 0.0354884 0.526522 9.9982E-05
0.200036 9.9973E-05 0.169539 9.9973E-05 0.0183401 0.611785 9.9973E-05
0.357821 9.9973E-05 9.9973E-05 9.9973E-05 0.144434 0.481817 0.0156291
0.662986 9.9973E-05 9.9973E-05 0.0262282 0.00647925 0.304006 9.9973E-05
0.0429062 0.0553147 0.0710235 0.0583629 0.483763 0.17622 0.11241
9.9973E-05 9.9973E-05 0.0967044 9.9973E-05 0.614034 0.233964 0.0549978
0.0980908 0.0287841 0.0262043 9.9982E-05 0.658495 0.188226 9.9982E-05
9.99788E-05 0.0561455 0.161268 0.0114342 0.770853 9.99788E-05 9.99788E-05
9.9973E-05 9.9973E-05 0.0852302 0.0579265 0.83871 9.9973E-05 0.0178338
0.101566 0.00567527 9.9991E-05 0.0248076 0.665014 0.166431 0.0364067
0.136132 9.9973E-05 0.103447 9.9973E-05 0.661176 0.0989442 9.9973E-05
0.0991187 9.9973E-05 9.9973E-05 0.0179951 0.849997 9.9973E-05 0.032589
9.9973E-05 0.0703335 9.9973E-05 0.032461 0.877297 9.9973E-05 0.0196082
9.9973E-05 9.9973E-05 9.9973E-05 0.0231472 0.773157 0.0891666 0.114229
0.0873493 0.0203078 9.9973E-05 9.9973E-05 0.887642 9.9973E-05 0.00440095
0.0993389 9.9964E-05 9.9964E-05 9.9964E-05 0.745038 9.9964E-05 0.155223
0.0218464 0.0108394 0.000948742 0.0126981 0.860214 0.0148163 0.078637
9.9973E-05 0.0678132 9.9973E-05 0.0156638 0.703466 0.212757 9.9973E-05
9.9982E-05 9.9982E-05 0.149285 0.0497871 0.710279 0.0339088 0.0565395
0.312997 9.9982E-05 0.262439 0.0977533 0.0925811 0.23403 9.9982E-05
0.518684 0.0961977 9.9973E-05 9.9973E-05 0.189889 0.194929 9.9973E-05
0.765849 0.118389 0.0600032 9.9982E-05 0.0458756 0.00968288 9.9982E-05
0.778457 0.0146561 0.157131 0.0270067 9.9982E-05 9.9982E-05 0.0225487
0.364721 0.0506921 0.223977 9.9982E-05 0.112497 0.247914 9.9982E-05
9.995E-05 9.995E-05 9.995E-05 0.9994 9.995E-05 9.995E-05 9.995E-05
9.9973E-05 9.9973E-05 0.220366 0.0214089 0.735605 9.9973E-05 0.02232
0.75157 0.0490497 9.9973E-05 9.9973E-05 0.0940171 9.9973E-05 0.105063
0.401235 9.9982E-05 0.22676 0.00794103 0.174208 0.189655 9.9982E-05
0.205954 9.9991E-05 0.173077 0.00923912 0.232711 0.199314 0.179606
9.999E-05 0.131358 0.609286 0.036527 0.0802802 0.137698 0.00475118
0.0164998 9.9982E-05 0.868182 0.00561904 0.0485687 9.9982E-05 0.0609309
9.995E-05 9.995E-05 9.995E-05 0.9994 9.995E-05 9.995E-05 9.995E-05
0.263187 0.0640827 0.258832 0.0633715 0.140186 0.21024 9.9991E-05
0.212521 9.9982E-05 0.380177 9.9982E-05 0.139699 0.11568 0.151723
0.157014 0.107049 0.0462208 0.0422667 0.335904 0.291517 0.0200278
0.0911813 0.210386 9.9982E-05 0.0399143 9.9982E-05 0.0444958 0.613823
9.9991E-05 0.464393 0.0400463 0.0400383 0.0118208 0.0355443 0.408058
0.057669 0.48889 9.9973E-05 9.9973E-05 9.9973E-05 0.122412 0.330729
9.9982E-05 0.639526 0.166771 0.0798966 9.9982E-05 0.0327645 0.0808416
9.9982E-05 0.757338 9.9982E-05 0.0546019 0.0507797 0.0252192 0.111861
9.9973E-05 0.619108 9.9973E-05 9.9973E-05 0.0211834 0.0891045 0.270304
9.9955E-05 0.720941 9.9955E-05 9.9955E-05 9.9955E-05 0.27856 9.9955E-05
9.9964E-05 0.162312 9.9964E-05 9.9964E-05 9.9964E-05 0.183895 0.653393
9.995E-05 9.995E-05 9.995E-05 9.995E-05 9.995E-05 9.995E-05 0.9994
0.0810471 0.759514 0.0289152 0.0452727 9.9991E-05 0.0165936 0.0685574
0.11702 0.41043 0.196895 0.0199609 9.9982E-05 9.9982E-05 0.255493
9.995E-05 9.995E-05 9.995E-05 9.995E-05 9.995E-05 9.995E-05 0.9994
0.0346426 0.480229 0.116478 0.00710428 0.0658182 0.0703086 0.22542
0.0422837 0.277425 0.492027 0.0586578 9.9991E-05 0.00783046 0.121676
0.0155362 0.0976472 0.0972413 0.0102996 0.69898 0.0801954 9.9991E-05
0.184277 0.00574571 0.0985441 0.0179136 0.689819 9.9991E-05 0.00359984
0.166784 9.9982E-05 9.9982E-05 0.0211024 0.743115 0.0403203 0.0284774
9.9982E-05 0.60426 0.0721537 0.00166529 9.9982E-05 0.16497 0.15675
0.0267481 0.464219 0.359747 0.052218 9.9982E-05 9.9982E-05 0.0968679
9.9982E-05 0.63767 0.146535 0.000103588 0.0980103 9.9982E-05 0.117481
9.9973E-05 0.564548 0.2605 0.0363067 9.9973E-05 9.9973E-05 0.138345
0.0908657 0.8517 9.9973E-05 0.0233534 9.9973E-05 9.9973E-05 0.0337806
9.9973E-05 9.9973E-05 0.611846 0.0268682 9.9973E-05 0.167287 0.193699
9.9973E-05 0.00225047 0.595684 9.9973E-05 9.9973E-05 0.258352 0.143414
9.9964E-05 9.9964E-05 0.74274 9.9964E-05 9.9964E-05 0.101671 0.155189
9.9964E-05 0.0262287 0.947124 0.0262472 9.9964E-05 9.9964E-05 9.9964E-05
9.9982E-05 9.9982E-05 0.771982 0.0196039 0.153756 0.0011852 0.0532724
9.9964E-05 9.9964E-05 0.814074 9.9964E-05 9.9964E-05 0.0921268 0.0933989
0.183593 9.9982E-05 0.691009 0.0298206 0.0047297 9.9982E-05 0.0906475
9.9973E-05 0.423985 0.054481 9.9973E-05 9.9973E-05 0.278228 0.243006
0.0279917 0.404205 0.27033 0.137469 0.0403747 9.9991E-05 0.11953
0.0158131 0.473021 0.133794 0.0213555 0.0281401 9.9991E-05 0.327776
9.9991E-05 0.514356 0.052211 0.0434726 0.0236305 0.0792044 0.287026
9.9973E-05 0.678763 9.9973E-05 0.0110285 9.9973E-05 0.262469 0.0474391
9.9982E-05 0.0675189 0.1133 0.0279156 0.627747 0.163319 9.9982E-05
0.0200791 0.226494 0.58284 9.9982E-05 0.116619 9.9982E-05 0.0537683
9.9964E-05 0.0827658 0.871919 9.9964E-05 9.9964E-05 9.9964E-05 0.0449152
9.995E-05 9.995E-05 9.995E-05 0.9994 9.995E-05 9.995E-05 9.995E-05
0.622255 9.9982E-05 0.1631 9.9982E-05 0.124628 0.0754652 0.0143525
0.737606 9.9991E-05 0.123996 0.0195412 0.078047 0.0273684 0.0133412
0.251669 9.9991E-05 0.0634607 0.013084 0.0542202 0.506361 0.111106
9.9991E-05 0.0403966 0.199782 0.0157699 0.170891 0.54415 0.0289101
0.49838 0.0984298 9.9973E-05 9.9973E-05 0.00513526 0.397755 9.9973E-05
0.0150219 9.9964E-05 0.778969 9.9964E-05 9.9964E-05 9.9964E-05 0.205609
0.284858 9.9982E-05 0.0314352 0.0615044 0.495831 9.9982E-05 0.126171
0.117361 0.188703 0.570495 0.0832641 9.9982E-05 9.9982E-05 0.0399773
0.241223 0.0572184 0.444941 0.0117615 0.244657 9.9982E-05 9.9982E-05
0.389755 9.9982E-05 9.9982E-05 0.00735211 0.0877997 0.475077 0.0398163
0.417865 9.9973E-05 0.310591 9.9973E-05 0.0309664 0.240279 9.9973E-05
0.355986 9.9973E-05 0.280525 9.9973E-05 0.126494 0.236695 9.9973E-05
0.00708309 0.00804897 9.9973E-05 9.9973E-05 9.9973E-05 0.872062 0.112506
0.579363 9.9964E-05 0.418244 9.9964E-05 0.00199356 9.9964E-05 9.9964E-05
9.9964E-05 9.9964E-05 0.179678 9.9964E-05 0.0271676 0.792755 9.9964E-05
0.12335 0.0545678 0.539995 0.0254051 0.00889504 9.9991E-05 0.247687
0.028515 0.103241 0.548179 0.09749 0.0793933 0.100912 0.0422691
0.0140938 0.113223 0.567421 0.0722881 0.0172898 0.0924487 0.123235
9.9973E-05 9.9973E-05 0.59153 0.00379051 0.216018 0.188362 9.9973E-05
0.110692 0.0658374 0.475697 9.9991E-05 0.178451 0.125208 0.0440147
0.316859 0.0777006 0.028107 9.9982E-05 0.403752 0.173382 9.9982E-05
0.153559 0.612257 9.9982E-05 0.00701228 0.00319527 9.9982E-05 0.223776
9.9982E-05 0.632984 0.196117 0.0355098 0.0241114 9.9982E-05 0.111078
0.158496 9.9973E-05 0.48367 9.9973E-05 0.10386 9.9973E-05 0.253675
9.9982E-05 9.9982E-05 0.235907 0.0151623 0.118166 0.36588 0.264685
0.157228 9.9982E-05 0.348446 0.0368057 0.201471 9.9982E-05 0.255849
9.9955E-05 9.9955E-05 0.316459 9.9955E-05 0.683041 9.9955E-05 9.9955E-05
9.9973E-05 0.635029 0.276484 0.0215728 0.0666143 9.9973E-05 9.9973E-05
9.9973E-05 0.376481 0.2452 9.9973E-05 9.9973E-05 0.0793791 0.29864
0.0257528 0.420113 0.47739 9.9973E-05 9.9973E-05 9.9973E-05 0.0764448
0.347533 0.0577807 0.0382243 0.061321 0.405755 0.0737995 0.0155868
0.637924 0.0816789 0.0357013 0.0113366 0.19144 0.0418186 9.9991E-05
0.544075 0.0323562 0.201921 0.026184 0.0234484 0.171197 0.000818146
0.799705 0.0303086 0.0120948 0.00242963 0.0455837 0.0127358 0.0971424
0.49609 0.00341874 9.9982E-05 9.9982E-05 0.280439 0.196658 0.0231945
0.69696 0.00535038 0.0158219 0.00586705 0.175274 0.0661207 0.034606
0.863777 0.0269319 0.0499034 9.9973E-05 0.0590882 9.9973E-05 9.9973E-05
0.79237 0.0361511 9.9982E-05 0.00731715 9.9982E-05 0.119514 0.0444473
0.379082 0.0432539 0.10946 9.9982E-05 0.289938 0.178065 9.9982E-05
0.0464688 0.038331 9.9964E-05 9.9964E-05 9.9964E-05 0.9148 9.9964E-05
9.9973E-05 9.9973E-05 0.132549 0.0283125 0.0197934 0.819045 9.9973E-05
0.116041 9.9973E-05 9.9973E-05 0.0044315 9.9973E-05 0.86719 0.0120372
0.360642 0.0161799 0.0336182 9.9991E-05 0.168299 0.285238 0.135922
0.0179161 0.0584153 0.0419938 0.00959248 9.9982E-05 0.871882 9.9982E-05
9.9964E-05 9.9964E-05 9.9964E-05 9.9964E-05 0.147338 0.714113 0.13815
0.73794 9.9982E-05 0.0547492 0.000626647 9.9982E-05 0.120247 0.0862371
9.9973E-05 0.0152421 0.145724 9.9973E-05 0.783523 0.055211 9.9973E-05
0.146727 9.9964E-05 0.0397188 9.9964E-05 0.813154 9.9964E-05 9.9964E-05
9.9964E-05 9.9964E-05 9.9964E-05 0.0175511 0.798229 0.18382 9.9964E-05
9.9991E-05 0.0513886 0.0145625 0.0154462 0.699835 0.193868 0.0247997
0.123607 0.00445244 0.089906 0.00374321 0.725417 9.9991E-05 0.0527745
0.564894 0.096407 0.203529 9.9973E-05 9.9973E-05 0.13487 9.9973E-05
0.658122 0.00869577 0.189674 0.0372387 0.106069 9.9982E-05 9.9982E-05
9.99549E-05 0.338119 9.99549E-05 9.99549E-05 9.99549E-05 9.99549E-05 0.661381
9.9982E-05 0.77793 0.0690706 0.0306617 9.9982E-05 0.0953638 0.026774
0.0504792 0.862278 0.0260419 9.9982E-05 0.0314316 9.9982E-05 0.029569
9.99777E-05 0.645821 0.263729 9.99777E-05 0.0896776 9.99777E-05 0.000471763
0.00106584 0.734643 9.9982E-05 0.025716 9.9982E-05 0.0663053 0.17207
9.9973E-05 0.719184 9.9973E-05 9.9973E-05 0.119736 0.00427436 0.156506
9.9964E-05 0.946522 9.9964E-05 0.0325123 9.9964E-05 0.0205659 9.9964E-05
0.0273992 0.440304 0.0483164 0.000356357 0.0138572 9.9991E-05 0.469667
0.00870082 0.645024 0.052086 9.9982E-05 0.0717729 9.9982E-05 0.222216
9.9964E-05 0.523915 9.9964E-05 9.9964E-05 0.0900575 9.9964E-05 0.385628
9.9973E-05 0.853507 0.0913351 0.00993402 9.9973E-05 0.0449235 9.9973E-05
0.0626863 0.746056 0.047009 0.0299594 0.0494308 9.9991E-05 0.0647589
0.150158 0.610575 9.9982E-05 0.0227521 9.9982E-05 0.0332171 0.183098
9.9982E-05 0.657025 9.9982E-05 0.00704173 0.00931551 0.0702678 0.25615
9.9973E-05 0.687956 0.169245 0.0165952 9.9973E-05 9.9973E-05 0.125904
0.0793833 0.895187 9.9964E-05 0.0250302 9.9964E-05 9.9964E-05 9.9964E-05
0.00912293 0.796886 0.00606551 9.9982E-05 0.057734 9.9982E-05 0.129992
0.0512584 0.157473 0.757546 9.9973E-05 0.0334231 9.9973E-05 9.9973E-05
0.073187 9.9982E-05 0.847385 0.00665603 0.0451657 0.0274062 9.9982E-05
0.0305649 0.780592 0.144238 9.9973E-05 9.9973E-05 9.9973E-05 0.0443049
0.211132 0.328557 0.0385358 0.009421 9.9982E-05 9.9982E-05 0.412154
9.995E-05 9.995E-05 9.995E-05 9.995E-05 9.995E-05 9.995E-05 0.9994
0.0393771 9.9973E-05 0.474843 9.9973E-05 9.9973E-05 0.217526 0.267953
0.829063 9.9964E-05 0.164806 0.00573121 9.9964E-05 9.9964E-05 9.9964E-05
0.662153 0.0168968 9.9991E-05 0.026071 0.204565 0.0861499 0.00406479
0.384542 9.9973E-05 0.141924 9.9973E-05 0.381636 9.9973E-05 0.0915979
0.176158 9.9982E-05 0.134698 9.9982E-05 0.557915 0.0988761 0.0321526
0.0900904 9.9991E-05 0.113953 0.0129182 0.774593 0.000855065 0.00749121
0.107238 0.017292 9.9982E-05 9.9982E-05 0.761048 0.0291739 0.085048
0.132682 9.9982E-05 9.9982E-05 0.0228004 0.732101 0.0417852 0.0704321
9.9991E-05 0.0275761 0.055372 0.0174304 0.652081 0.213788 0.0336526
9.9982E-05 0.0636019 0.186035 0.0244354 0.701658 0.0240693 9.9982E-05
0.111401 0.0813361 9.9973E-05 0.0296048 0.777359 9.9973E-05 9.9973E-05
0.811222 0.0152149 0.0330359 0.00195876 0.0773251 9.9991E-05 0.0611432
0.804058 0.00389141 0.0471082 0.0419997 9.9991E-05 0.0014218 0.10142
0.45047 9.9982E-05 0.260762 0.0525355 9.9982E-05 0.207413 0.0286192
0.553177 0.00851426 0.420534 9.9973E-05 9.9973E-05 0.0174744 9.9973E-05
0.51002 9.9973E-05 0.329668 0.0287531 9.9973E-05 0.131259 9.9973E-05
0.453369 9.9973E-05 0.519971 9.9973E-05 9.9973E-05 0.0180903 0.00826964
0.0876193 9.9982E-05 0.0878347 9.9982E-05 0.0568688 0.676376 0.0911008
9.9964E-05 9.9964E-05 9.9964E-05 9.9964E-05 0.00924471 0.86114 0.129215
9.9973E-05 0.026685 0.0813928 0.0503959 9.9973E-05 0.841226 9.9973E-05
0.135291 0.0583209 0.064112 9.9991E-05 0.0581825 0.683352 0.000641616
0.168657 0.0468946 0.0097628 0.0122912 0.0341306 0.718258 0.0100061
9.9991E-05 0.0529682 0.00377035 0.154152 0.556924 0.196698 0.0353873
9.9982E-05 0.137726 0.0985434 0.0227007 9.9982E-05 0.069816 0.671014
9.9982E-05 0.624539 0.0292763 0.0331261 0.105816 9.9982E-05 0.207042
9.9973E-05 0.753759 0.149496 9.9973E-05 0.0142807 9.9973E-05 0.0821639
9.9973E-05 0.687046 0.191742 0.012725 9.9973E-05 0.108187 9.9973E-05
0.12012 0.825239 0.0209864 0.0093778 0.024077 9.9982E-05 9.9982E-05
9.9991E-05 0.0235738 0.0511827 0.0162259 0.173685 0.585831 0.149401
0.252224 9.9991E-05 0.0672641 0.0179644 0.205495 0.395585 0.0613674
0.122271 9.9982E-05 9.9982E-05 0.0572875 0.0214568 0.786332 0.0124524
0.379309 9.9991E-05 0.22264 0.0499082 0.209602 0.118571 0.0198694
