IBR/IBR_outputs/all.combrep_1/Silt_Total.Spinifex_Total.VRM_Total/Silt_Total.Spinifex_Total.VRM_Total.asc
NCOLS 160 
NROWS 95 
XLLCORNER 210004.651214014 
YLLCORNER 7350008.22228844 
CELLSIZE 4999.99999999997 
NODATA_value -9999 
[rows 42 to 62 of 95, columns 92 to 137 of 160]
1.26310353592956 1.12135578767455 1.12867526094344 1.11337139471103 1.04187599097171 1.0373103498705 1.0563736419669 1.06417355787757 1.16306387343586 2.75829787288869 3.91774466357854 3.02465983806424 1.66303434483437 2.349457758725 1.33503498784281 1.1399828735303 1.15807349657273 1.41940872085003 1.16478231721297 1.41903171456582 2.35993955950577 4.4293538740852 2.885112250006 1.22896960015023 1.12345446933088 1.11163328699475 1.22966998260995 1.36842383709453 2.81596767155379 2.45677578905634 2.1574492223745 2.63283364967537 2.24479092295575 1.89461404658717 2.79554451086139 1.7899049424035 2.36817774702549 2.86204897427916 2.35443987060667 1.95686605515321 1.34850296607101 1.33095583490645 1.12831761853916 1.15923703949173 1.38949685021312 1.68974719998124
1.11241376381897 1.21016001771221 1.12368231602328 1.23190175780724 1.11941916872651 1.10639973553816 1.14514287820209 1.13819246668699 1.10184055785875 1.28019729912564 1.83041680697711 2.40903689290221 1.31438656788321 1.16784158448707 1.21254399345662 1.23426907929382 1.58206016646122 1.1481061540182 1.19819274897031 1.24077056886124 2.1672827845992 3.07270207606182 3.55997111586626 1.27062587907923 1.15015964823333 1.20123038156696 1.11974119309481 1.58063412993762 3.04578839430164 2.15473573829339 2.02462706274292 1.61141970662927 1.82122406502727 1.85137348460219 1.88207985897136 2.8012498857564 2.56513791299693 2.21307193455165 2.97446862319347 2.09630209521211 2.51394203271536 2.05329483816114 1.57499042852179 1.44993400842001 1.57280191008838 1.66608255343402
1.26374099335712 1.35192831413731 1.3549420679963 1.26341407695156 1.3047255484207 1.08888081847367 1.11911815705549 1.08960561966351 1.18945916758539 1.56915251203586 1.46581263592663 2.54398442093444 1.37772696612761 1.17639516879608 1.22081835080361 1.20288148517099 1.68382653934497 1.422176687857 1.46323570245769 1.19312650252213 3.09206139919907 3.425673450924 2.32062750594478 1.27915908025182 1.13317230284838 1.16026918092399 1.36243678611926 2.32328704159082 3.15712283813485 1.98491554126734 1.78212939472221 1.32338812816083 1.75119574707425 2.10638627868286 1.87864469081507 2.43494598174087 2.64276426921744 1.85970071493132 3.29951129031238 2.68056076273602 2.26700944388862 2.31542352795358 2.07432112206683 1.48677467023703 1.63885141233287 1.57343407968705
1.66855879151137 1.60879491951139 1.23763126602981 1.16232524243187 1.21220142799991 1.07178405309087 1.04897482558685 1.1410375910305 1.18090324045897 1.32595459808084 1.16647641117599 2.59401998807469 1.48890766894831 1.18237504884594 1.10981614175164 1.57927766024495 1.28652029416374 1.256094542178 1.3722354911238 1.29770627004814 2.92756696119214 3.10945402984702 1.76912909589671 1.17197959864346 1.21789249661245 1.40463578713035 1.16598239137228 2.86081874886279 2.55266713249831 1.77071627033374 2.12106776125322 1.65602523115856 1.7434109981995 2.71581780400516 2.2305758275723 2.3712091991546 1.69319318240281 1.92559738038648 2.83932159245602 3.52978947884013 3.67147880532288 1.80232567750906 1.51913349880975 1.48892979205956 1.76260535380459 1.54359047777808
2.02830889644701 1.69769191896597 1.41666272994063 1.32342383575757 1.23379801957947 1.07721159735956 1.06716388279166 1.09714707685478 1.20414658005601 1.37656261596248 1.1356270266689 2.39753266426633 1.35291692019444 1.14050822686866 1.0942741161268 1.58968528790363 1.17177586304606 1.12234502825364 1.34316952691174 1.48285002818174 2.74282376794416 3.0287659327468 1.49196446931859 1.21653207160096 1.36619717261804 1.18499332443344 2.32340318352433 2.28395684307117 1.767037154419 2.30620648159833 2.07196888484287 1.92914649849335 1.62578255772363 1.90993136620718 1.87129336799163 2.04282869129123 2.25388726069427 1.59448542187579 1.48252131027164 1.98561865783605 1.49036703714257 1.41201094511072 1.92532426129048 1.8693756882133 1.5041313685146 1.32429660738748
1.55492773377606 2.39097801495699 1.51217440748898 1.60016283206782 1.14396412519402 1.166725418809 1.10804004839544 1.43165299021853 1.18757914794179 1.1889391415089 1.22069304036228 2.81892430581646 2.20528469770357 1.36017926591023 1.41217797733424 1.44438470698706 1.16591781927517 1.11111424145209 1.28856060846115 1.23596986194387 2.88216087268215 3.5035778542839 1.64923792281833 1.45627472032967 1.5275192856164 2.08017310820544 2.25633536038813 1.35670837586743 1.26961956712006 1.4145406148907 1.4794297902698 1.62331219854438 1.99058299386457 2.05472515250848 2.3650133737826 2.2918522748861 2.32003436143185 1.87414878706468 1.62667741747619 1.41901909410569 1.51385237959433 1.57932979274154 2.35908900985759 1.27846077740358 1.32322168391549 1.30831393174432
1.65296555622754 2.15192582822438 1.95960465130032 1.4373870927141 1.14797897153354 1.37775694009818 1.34064651946834 1.3489915769407 1.17383769000211 1.13287164756694 1.26205256875706 2.94911195682287 1.63649288101193 1.10992898833323 1.25916636924627 1.3360217202422 1.11081512206054 1.12915911611587 1.14034319335259 1.23610216604307 2.10237118708149 2.458257177278 2.63091465581515 2.22751557342576 2.19077320809851 3.60157443495663 1.54018303247955 1.47024484639762 1.23441700365134 1.2680894703393 1.55767676092223 1.54252904233349 1.7055237397038 1.9657767211425 2.16323734060262 1.9825257588344 1.90882037587499 1.84600001888114 1.81973951119085 2.17184640607883 1.72293846955029 2.10785579980179 1.80204071218695 1.29500358802429 1.48706036395082 1.51760768660739
2.17732847587956 2.0846080496795 2.42120645903713 1.4914095807682 1.11042033155352 1.36591838250854 1.12150839865282 1.0510377701489 1.04509596227298 1.0919523679422 1.2372708989111 2.8853624193458 1.47203197605803 1.19269079997438 1.46995022792542 1.28218932122328 1.15116169389336 1.1401670116628 1.12275427149393 1.21434453370098 1.60998226414937 2.75921304781029 3.12551570105936 2.58149443673378 3.15164061392296 2.08800574023133 1.5092508562815 1.99896596674076 1.98416556391462 1.81096024111037 1.73790175342239 1.4544834123473 1.53548712489908 1.75475031448374 1.7067221620462 2.06848116410139 1.92060338614057 1.86099707451509 1.50983967676419 1.58980714483896 1.75200516480316 1.64010214593463 1.46589751137051 1.40995906112372 1.53725147898785 1.37790775790265
2.95516185597228 1.81242967271172 1.85014271611425 1.60975668662838 2.26718494776856 1.30678275679381 1.39483020166224 1.06105490624679 1.05587103820738 1.13489005308567 1.21052473345047 2.30501907999392 2.65207534129307 1.2917408925085 1.39227490331812 1.2732175227697 1.16918763025699 1.13931649619875 1.15559808948399 1.1906294396408 1.24329788094703 2.2344108180494 2.12719731498868 2.25114929050727 2.22527730716912 1.43834947595927 1.2706990021173 1.3163478513965 1.52895657916226 1.99546630258673 2.38634551361802 1.56866304772632 1.79573939499225 2.11801518056552 1.86514786348502 1.58175913448212 1.68680057080977 1.84416641905634 1.97242148773279 2.06663989572575 1.971317393314 1.50505396233772 1.46475265999675 1.36363690334214 1.34985136282105 1.5037815222456
2.27955128366772 1.98559307612062 1.52279028763124 2.14805094268056 1.68059832004412 2.38360439333849 2.24538514758326 1.68095974303411 1.74839238296908 1.70202470942811 1.43842629924595 2.81970587105664 2.24980935780875 1.35400317583864 1.12913929640298 1.14275645036691 1.22320488116773 1.13316529545042 1.08535448963084 1.12824617851989 1.35532384736803 1.48846400517433 1.81441633998181 2.01535831549441 1.50509357895407 1.14405117361192 1.14146130232616 1.34293461387761 1.66450021136542 1.47556982956142 2.30656203482481 1.82703168487449 1.59937855046826 1.48644809460161 1.44291572951424 1.26957958963344 1.36188378141021 1.74267193300987 1.93940005860603 1.70807406276794 1.4106731680646 1.44159138213113 1.26058144606366 1.29248122318809 1.44099437409735 1.63048032670529
2.1887176736497 1.80844875220568 1.32263292519598 1.87502422535931 1.79005275167717 2.88691698637335 2.9616801156031 3.20698578493446 1.92537769807438 2.19023200995387 2.21593119463111 1.60576893991733 1.38026512348367 1.3782838945157 1.20144119045635 1.07633760895943 1.06615511135109 1.10268025088736 1.15574054480193 1.10843264736833 1.18549743031999 1.27829567314804 1.32811185427228 1.58297304704145 1.33429369818774 1.21811444623603 1.34524215727192 1.35143704663843 1.61521295955522 1.58653219025272 1.34798867487458 1.27080594539283 1.18882509801202 1.24032270489736 1.19314428566213 1.38681087077663 1.28877384557066 1.36725956357319 1.45824561668128 1.33066996991204 1.43229196779279 1.570696604805 1.41202047819302 1.27122120800457 1.41742718781834 2.05479521315515
1.24084552142927 1.62215119465829 1.66610825509245 1.94819071058579 1.75049576360209 1.86417973176222 1.70330308678068 1.42925656813822 1.41570499328831 1.72951629957592 1.56228905717802 1.28872267466036 1.34363119821837 1.335745235671 1.51925281365298 1.5167332813305 1.1162893015489 1.0937619689329 1.15691909526764 1.11713146134049 1.11120180497888 1.16703528341723 1.29454182261832 1.27507899407753 1.3125068025296 1.2605887741656 1.30051233483399 1.31166593223879 1.37498650152155 1.53217710013952 1.14840587742661 1.21558592558064 1.15750110563957 1.1860419708969 1.16328753885411 1.35677243224103 1.55854310698989 1.61284553237184 1.82534098884632 1.70346779803213 1.59523145251899 1.87213317569417 2.95705323254188 1.76101611509758 3.60656302666368 2.22066075317908
1.35244042072054 1.34914277759059 1.44086333392936 1.39473097754069 1.4267170596943 1.3654236367664 1.33387104914965 1.62566218024744 1.86515835253408 2.04232672297273 1.93827032966899 1.64262080270915 1.39564890980647 1.39957330022061 1.66702243001791 2.34803726737812 1.43119767117266 1.11874844296408 1.22904091244264 1.23204642805588 1.19123111290275 1.20651783801956 1.28284381353294 1.25428825894756 1.26510010556499 1.2362691081567 1.22085549864998 1.282970302197 1.33576044249451 1.69066541209026 1.18860832480246 1.214649276667 1.14683088116555 1.09710494535705 1.26939464985909 1.41998098549654 1.39854072142879 1.35005229737446 1.3045745192571 1.29860320713017 1.36867779314653 1.74356763227561 2.25531791611626 3.35618803790319 2.43950442137973 1.8537190399842
3.34248633503181 2.2763450815018 1.46855544327784 1.67447510545732 1.46772978533589 1.53143730736399 1.46081109631816 1.53450588758618 1.40127300628115 1.34061955718637 1.40942306944249 1.50689664743907 1.63405920074571 1.81286070427334 1.41629258315748 1.3960912287481 1.53190825963629 1.37035910290413 1.3847219765418 1.33052973711752 1.4370368753604 1.49578675896663 1.27312707114045 1.1838503294471 1.16856968907091 1.18079636252788 1.22353560753421 1.31204263875179 1.28980163914326 1.29394996415523 1.19223965265613 1.16657488368615 1.21429649647384 1.30864915828458 1.42959047805543 1.52286113239042 1.7889273347598 2.04738531428699 1.44110784571234 1.32888390089679 1.67835048854015 2.45458324072334 2.20091583361032 2.62543031755167 1.80631064634368 2.12592488573645
4.43122253614309 4.43181879868741 4.31208305685413 4.17090398087378 2.22158805602389 2.22546732440875 1.56322402509824 1.87779260307763 1.43613972231446 1.58689741587424 1.28720591387485 1.31310030210135 1.31216710506133 1.43471467715935 1.51803745064746 1.68963686244007 1.49533175671734 1.50804998278169 1.29400853006401 1.32862761549875 1.39538816199675 1.34747797852878 1.29933597033797 1.2250152533885 1.41378806195283 1.62497960278864 1.49592495097774 1.26875347946623 1.2609526778347 1.26938170618009 1.2278768770103 1.36120213766205 1.30719138830462 1.33961267503016 1.25870501105879 1.53115309818855 1.48746952331132 1.79879829703073 3.72416185576176 2.79725457904559 3.51167914999327 2.40210970619045 2.3781851512377 1.8225410223654 2.07402263217632 2.31027469288269
4.42851803743927 4.42882867654893 4.43210646963826 4.43125493210756 4.430873088482 4.42989983904388 4.4313183341072 4.36606585302632 4.4090166938482 4.20128702174868 2.67066789893013 1.94465855624383 1.92808699110053 1.2941514285196 1.38716038821088 1.48850212912743 1.40931957034352 1.27416449198316 1.23729692106207 1.28472847823884 1.20243394041848 1.3027212126215 1.26434498309837 1.42654601148516 1.26289174889037 1.26903337955857 1.35553247008301 1.23145548916337 1.26748512037777 1.26911908893481 1.29230527147188 1.27410154719736 1.29322750455625 1.13984270949933 1.09158517004213 2.54031523567104 1.59580877923456 1.38486417371649 1.38422888872831 2.60881364138301 1.93031191132665 1.4821154029337 2.15201518634127 1.67926826541087 1.78207505738139 2.02515515814489
3.43577925873509 4.40136503186611 4.42900726622073 4.42800857680539 3.94791394628702 2.5524826208154 3.08523379650764 2.27945399232302 2.25483179667061 4.42950140631564 4.4295345138853 4.4275953983025 4.15329747626892 2.65815701649138 1.5186337897898 1.57486613230409 1.32146107930355 1.27589086968546 1.22488410905603 1.31276686909051 1.28999822383915 1.30606429190401 1.34247271957853 1.65096895145165 1.32216373476632 1.25711070679978 1.68289139018178 1.21751648102863 1.9290657034544 4.28769163450397 1.35154247249094 1.31502560931687 1.29277872161453 1.16660141322849 1.10911484009463 2.26173965542646 2.35924008349241 2.02838419793264 1.44757275930411 1.68315935010894 1.41851039460701 1.6730750727937 1.57626888356261 1.63144051562456 1.25510211597493 1.44708405541114
1.49406657341852 1.39314383129399 1.46928092415161 1.5964005620184 3.97829354275687 2.27890767565628 3.0797459959528 2.38929618059285 3.05820063015095 4.42702692285056 4.42722825336377 4.42819132152431 4.42901828174009 4.43009074664275 4.02905566040417 2.58558580574755 2.46654258863234 1.81860785916362 1.45805593690877 1.344571305804 1.31163398902506 1.49102403911709 1.79703351710223 1.71846277987635 1.6657960533425 1.74344293872469 2.30086579070872 1.34100735411663 1.25528236933112 3.99061136563439 2.6314774889986 1.49269163750354 1.08575786096318 1.31075255010547 3.55854268620596 1.88462675579042 1.30325630521641 1.50494890920772 1.69489200285054 1.51073785342219 1.64353190357547 1.42278626570496 1.65543208752964 1.43399650356177 1.33854443990651 1.54862352959808
5.22116965998631 1.39716898722649 1.07422931806606 1.06795784007958 1.17202026235314 1.90009179640577 2.82276520283112 3.66433529311416 4.42733063134435 4.42668060924877 4.42644062678309 4.4265729730741 4.42643595117279 4.4264892777901 4.42855904328739 4.42922850386888 4.42962504795698 4.43203323171449 4.43477306745437 4.43557208876149 4.43317641939259 4.43190290099321 2.79835592725903 1.83839099362517 1.67782732194122 2.0249707226699 2.3297598135704 2.07913842385634 1.42702524270422 1.30803039008055 3.42935046143206 3.93944890218792 1.89225240809803 2.89202871851763 1.59925872635147 1.54810043981632 1.89267402050578 1.57027797127599 1.81483871603057 1.63507504219755 1.38130154631988 1.3719529250298 1.46629206346855 1.30658542271136 1.24792346294877 1.61232681229754
5.12245552788727 4.63167647453853 5.7260989444745 3.57493589549061 1.7116313329895 1.17501953289024 1.15676200847249 2.9544868798089 4.23638182963148 4.42770824511614 4.42692043247947 4.42686890577817 4.42663544042005 4.4268572097065 4.42658024678307 4.42661667134047 4.42663257288987 4.42744290877894 4.42794154528056 4.42795216890284 4.42968042067778 4.42969517958902 4.42932197308983 4.43388593171284 4.3468371602139 3.02610464913454 1.74104337697005 1.98273490716407 1.72919190949125 1.47639629060459 2.61378783715464 4.4314669097706 4.4314756077881 4.08309817415314 1.64539248081366 1.57322862801359 2.25576852218921 2.18170173863092 1.33881317307735 1.42825481054636 1.27068619432693 1.30065548112481 1.25101046626726 1.25241736575353 1.20770588983606 1.3952005114064
5.36201214658131 5.0515955665741 5.73366721467426 5.78044567733963 5.6926823972424 3.8309960410922 2.67484311871402 1.32166663232894 1.15206377903067 2.05106602141166 3.13683260913946 4.42846247289342 4.42713598749488 4.428037780556 4.4281906918526 4.42735871308762 4.42776062575153 4.42712364595509 4.42645880012728 4.42643519043729 4.42656022418259 4.42797155662811 4.4282289430816 4.42860011582253 4.42933984827985 4.43096914703509 3.53897936443456 2.35727729196654 1.87447670877785 1.49619184738324 4.05821541649099 2.41102710347756 2.83836328620063 2.40602882249757 1.68562069491719 1.41186883142553 1.96428445125637 2.38935978222148 1.48396842010441 1.30939739764755 1.2360074845715 1.41357235525186 1.3867798825257 1.24176555481812 1.46989479821614 1.49059442479849
