IBR/IBR_outputs/all.combrep_1/Silt_Total.Spinifex_Total.VRM_Total/Silt_Total.Spinifex_Total.VRM_Total.asc
NCOLS 160 
NROWS 95 
XLLCORNER 210004.651214014 
YLLCORNER 7350008.22228844 
CELLSIZE 4999.99999999997 
NODATA_value -9999 
[rows 21 to 41 of 95, columns 46 to 91 of 160]
-9999 -9999 -9999 -9999 -9999 3.58437110251623 2.00854206916862 2.91203099352298 -9999 -9999 -9999 3.18389949692463 4.49701698012566 2.36341503723068 2.54445685335327 3.10268248923104 4.34665358149276 -9999 -9999 -9999 -9999 -9999 -9999 -9999 -9999 -9999 -9999 -9999 4.42721591312684 4.42968614949706 3.44874107830873 1.48121588208513 1.12342716431063 1.04767696065104 1.05080432483042 1.96786939219115 4.4185755463663 4.42876558345654 4.43379595923958 4.42788520654823 3.06436306315378 1.20856432844369 1.81097785654318 3.8349321669211 1.092349637252 1.09320363847827
-9999 -9999 -9999 -9999 2.70709706254667 2.81476604681329 2.57077081732226 4.20582674737832 4.43161039544122 -9999 4.43199570730419 4.11792119718007 1.87070173712214 2.11063541098996 2.32975440787896 3.57515200143481 4.47813663267311 4.52288041658879 -9999 -9999 -9999 -9999 -9999 4.45350405525911 4.43875887517568 4.42888032941584 4.42746190070499 4.43951580222445 4.42987029013005 4.42968577994651 3.92440537879059 2.94049766214981 1.1331377130408 1.05811934717218 1.11107117644349 1.39172368849248 2.74354397378528 4.4261313926719 4.43192529045428 4.43176254440636 1.59047477158847 1.24464463317705 1.24257427581271 3.87850704506836 1.33944365939272 1.06809166377619
-9999 -9999 4.43419390005506 4.42450301537118 4.41863011782391 4.39418822439966 4.47358893949992 4.4129935933903 4.54128849210289 3.75777244704906 4.31297280695576 2.65701117914216 1.5529712928116 2.52802010577806 1.65851922755093 4.19151088409661 4.46558684842493 4.44121731223151 4.42813183265454 4.44715995054956 4.44142292146145 4.45575095088265 4.20494726111643 4.37014390821181 4.43284330230602 4.42920361710954 4.4321072747962 4.4340039506403 4.43884755301376 4.26812540323096 4.06670183519974 2.37389037298888 2.79553942037609 1.34866730939779 1.07835943994262 1.53064337578586 1.67797920069719 2.78813993123582 4.42805303421117 4.43312144774275 1.46788191746718 1.21179202552965 1.36843993875498 1.27768819675393 1.11893841231678 1.12525021200307
-9999 4.1005949845786 4.43230124251363 4.43055774998217 4.46357097796416 4.48218834467265 4.3947639528386 3.9584468732943 3.69006499922589 4.11463679779829 4.40901646761463 3.0726522523179 1.43125273315751 1.16965149672103 1.36797976290198 4.12553348260109 4.48252741902253 4.42956056641391 4.43005096734975 4.42798259436388 4.45167609538417 4.44242379338837 4.43411417133704 4.43240608863661 2.79435651874841 1.49379259463902 2.49453528557108 4.03366167607741 4.4394034745795 2.652844818307 2.41318100477528 3.62365417529744 2.05689070157194 3.43091504671041 1.18865068610185 1.11950264379466 2.38109074505855 1.80268174118888 2.05460327865726 4.25419671443778 1.29846662892761 1.19970011026276 1.19433462941364 1.13357796037182 1.07855823632225 1.0645428685758
3.64842526043485 3.919158991845 4.43067073509148 4.40489244796474 4.1519000679374 3.89786696769754 4.15177498206715 4.15423832855151 3.5502078130445 3.75675632166688 2.77529179353 1.89573112806567 1.16417027832173 1.21673539245073 1.36616514900997 2.13490062352923 4.69643447249729 4.4337702404241 4.4285477437512 4.43479073913087 4.43323039274264 4.43028071495567 4.42832043096464 4.42857368187367 2.81100974809458 1.40165814653454 1.07553269311071 1.09414664507917 1.6456054896911 1.31575946794767 1.82400881010322 2.21896076840703 1.8859533859567 3.78505497751938 1.91741801001407 1.07653073919505 1.28522010884071 2.02953500376818 1.77535564140898 2.51733490888252 1.19371570521476 1.12766664074359 1.12740869996367 1.12656195773798 1.08593132380608 1.06939008952792
3.38772173375974 3.7374246894171 4.3288753593407 4.21081468435928 3.56158113179311 3.50358010427899 3.05466792973103 3.07042289357554 2.08818890798548 1.9458832448375 1.71356873859661 1.29452525027342 1.09305084328902 1.42439312173703 1.82278726153476 2.74057952003095 4.44568596902593 4.43304709223013 4.43200193029927 4.43238293938003 4.42917589785133 4.43268679008015 4.4296284573729 4.42754781837042 4.43062431431236 4.42932507920797 2.4546880691627 1.13234753300542 1.37456227237039 1.30809617767715 2.54193762117935 2.02846478815228 1.19256037039184 1.87255841060451 1.92388054971622 1.10639807991852 1.11156521773727 1.13250471988289 1.22704253683958 3.07764516667289 1.59557686640439 1.34512628511124 1.21390799940233 1.12428580958301 1.14476787937298 1.05827905464805
3.34290586912832 4.22198076421488 3.50937108001013 4.42829526073935 4.42814851154975 4.43170151916074 4.4307277957279 3.92824351212158 3.47828886846241 3.03403758615346 2.61230115407058 1.80003472746424 1.22002813409973 1.74869751747526 2.26130571207562 3.61139627536698 3.69195163551872 2.48524153020147 2.10408228850246 3.5033400951535 4.42905478764014 1.83903059156867 1.73901377869127 3.33822509957635 4.43162461360677 3.94756157269954 1.78809237990241 1.28403241303358 1.60495374263878 1.54287395151519 2.09329461572232 1.21907157722749 1.06309607425987 2.10993630634193 1.46692707014846 1.06916275014993 1.08630269062298 1.09424359881711 1.05223223370566 1.78889579450799 1.38795389645087 1.24696143104327 1.22321915727423 1.18096721852435 1.19856913878846 1.13478349258327
2.11646345682147 2.17655810218721 2.93659186884298 4.16927150389105 4.31639658956696 4.42933682083183 4.33288331025586 4.36820081065186 4.4304367774919 2.52688995558621 2.01365138054124 1.3047418917532 1.46312510775061 2.27519650975242 2.76612236247014 2.26624887801978 1.95096198601091 1.8323227726626 1.98189624515794 1.49752481389661 3.34778089237364 1.15171501781726 1.12096481629322 1.50755587695597 2.95323004705119 1.385335632575 1.33853394948847 1.18027903014741 1.1849245868435 1.37179783344825 1.10494769802869 1.06463727490985 1.05068421989516 1.062830408288 1.51711137407079 1.07060932919137 1.15801581681431 1.12077050849166 1.09108219480143 1.18512069863683 1.25572015918069 1.18145342439316 1.11413352687412 1.08875165105294 1.12294666347031 1.15653440441414
1.93498174492459 1.95464881354157 2.32317809584813 3.07358272667954 2.77297397234386 4.43661396007051 2.62181185132997 1.92266380518959 4.44103512483372 2.58756313322942 1.64794541215861 1.59421274743871 1.589375349732 1.83127110065726 3.5377564204464 1.79775830709524 1.73263193317005 2.38371141563868 2.22168491342342 2.47371153546124 4.29050557975606 2.17169545601116 1.53370892356117 2.27600985680162 3.17733026044777 1.33573688984714 1.2882860824078 1.12289618380867 1.08372793254077 2.22161139644883 1.4468951731647 1.14240954562576 1.89948698232347 1.75450720246918 1.3565878731454 1.1239196939505 1.10429347383349 1.47098490746973 1.111709203064 1.1055315628153 1.45647762120393 1.2462135500925 1.27044658092711 1.35218305173012 1.11068440929456 1.22331603377513
2.13446790805069 2.09038282541548 2.71423970610951 2.8486059335996 2.15516507751906 2.51209872653975 1.92567161113887 1.80988439590063 4.43054415178331 4.04698087759519 1.74478256019742 1.46759152123254 1.91641751352219 2.09547261783325 2.34350610545042 2.90188549736826 3.70472485817268 3.08865529615582 2.83964464443185 4.10879428771597 4.38385087969537 4.43250108534727 2.33612579914404 2.22044810170951 2.19543374346452 1.61034974150378 1.30051290148028 1.43149211820051 1.30494074870785 3.81362765892479 4.242963055938 4.04900454485741 4.44865344924882 4.45252249557591 4.4895202358736 4.65877815526971 4.2100988296071 1.54615043975564 1.14550150707612 1.17755792681557 1.20965564291733 1.79604629982557 2.36257802792327 1.96570761302009 1.41787683909754 1.23496063451076
2.00794049761916 2.46908494276732 3.21584486824104 2.60616466250404 2.68525246966495 3.43111147971427 2.41113853627987 2.73543162233496 4.18379847172434 2.78377596727974 1.96103286479664 1.59694528050145 1.97395531264682 3.46112557405042 2.02999280842328 1.31556094410458 2.98237545950631 3.51185145080126 3.94042745332431 4.85166766405003 4.03915586333622 2.63004817828952 2.97195684512845 1.90366622239956 2.19878984035895 1.60921022677458 2.19126751931244 4.32100387536434 4.56204928513672 5.3825964246749 5.02084040521508 4.47320904574571 4.4633873945628 4.82210144590413 4.44957751842925 4.44590647061313 1.99463132285422 1.2552490152643 1.1387974836038 1.14477469067112 1.15596530039279 1.21836945271314 1.54688392469618 1.72737968382426 1.55762342310127 1.15534629722458
1.60647571171099 2.24180239331711 2.9782899834066 3.31868438642234 2.90212642857988 4.05883132607388 2.48801155468608 2.39176737499713 2.16433359450014 1.54573425999639 1.86215875961381 1.4644347103236 1.97203255570203 3.72957113294499 1.39356082545171 1.41465894406913 2.39976473702574 2.80687236093862 2.2753263375598 4.36255524438252 4.31803158411188 4.11483422899084 1.64507962712444 1.4049862614642 2.23549834693371 2.59792554926687 2.43188540565506 3.47866767916423 4.46502361173841 4.43935735443872 4.44468310893288 4.43222865394835 3.19091481724362 2.64019712818741 1.89177748120511 2.32728586978665 1.58824528429482 2.60562857142419 1.36436959004713 1.4218430092266 2.41200074344179 2.77106278004204 1.36761503613626 1.10327829403379 1.10983672089965 1.12000473013207
1.62922827224595 1.76729005947406 2.38418633133674 2.3981976907935 2.64144649641986 2.83675614223044 2.14298046653003 2.24708211007607 2.15522066157605 2.21706755537152 1.77946530526148 2.00713604676517 1.60811284376237 1.75412702961086 1.38865985530277 1.46646551975476 2.01905140333789 3.06404994447741 3.34058446879703 4.08012109987573 4.19776053907751 3.79531215289194 1.94764242666966 1.63170856425179 3.16024843910673 3.45804208541028 3.27955429983126 3.68464978605198 4.42821888390979 3.68396874034233 2.86040892233758 1.40541905275639 1.08155238753707 1.13939877380269 1.50587782164348 3.85751698549047 2.1050115899419 2.72290281824139 1.83319135054746 1.73541388861658 2.64360212655776 1.84899990060296 1.12663298443153 1.11869813217161 1.09925745910483 1.14211184053262
1.44752435147098 1.45846121445262 1.5312977959883 1.53670519502651 1.74053442508377 1.55623503799278 1.44018413860108 1.96717596474955 2.34455312059439 2.29981753410945 1.68697722473322 1.37602977160739 2.41850706553785 1.63387662020239 2.85577974597681 2.97228453428085 2.29345256699052 4.60892084128252 2.99216154645441 3.73720564278572 3.73936632369318 3.98451678192084 3.94567260224948 1.73278454335256 3.45787062758329 3.86328769423642 4.04187993638308 3.8965040185804 4.41160062126462 3.17381553082838 1.10718672107112 1.06463022676155 1.08743979708282 1.17244231544221 2.01229504128246 2.57244408826259 1.93531722943195 3.08956555532332 1.54807220503305 1.38249957970468 1.13235404930776 1.3810346507966 1.17021988877637 1.09006734404899 1.13314545954274 2.37373655528232
1.57209704812406 1.40021880850213 1.4115694164603 1.22995825597399 1.40746163683704 1.7313738564092 2.03122058296532 2.32849122128187 1.91853455326424 2.3253976768362 2.44548701620432 3.17439375300659 3.07207337327382 3.00745425420258 2.35419490703656 3.22839388450613 4.37023046348128 4.18947895039363 3.41463901074207 3.20642003346046 3.71344523486413 4.10199887913305 3.10500449755902 1.48099017813787 1.20242896541019 2.09750251781167 3.58559055454102 4.54532650413249 4.17512143526109 4.37135852314362 1.45944528631709 1.13999959282887 1.9598364012089 1.98131548471994 1.93146933724922 2.20414807444844 3.13426551040641 1.73840337039092 1.20923132276855 1.1616961381211 1.17722748193855 1.40508039236818 1.11764374602624 1.10236700473985 1.10048632370463 2.34179959103133
1.62156812575765 1.68064820767906 1.59867574855021 1.68719192855959 1.57409678598155 1.58439792842499 1.57430966612316 1.546320248427 1.37260877815402 1.43779927371898 1.85045414642966 2.13837200377597 1.76423873966207 2.95657797523981 1.55828525481105 3.22577256098625 3.03795403920814 2.49364534910133 2.54687450648481 3.53024802987598 2.81031951118286 3.88453568989346 3.13408513257255 2.81466878104558 2.77175899322161 2.75446248335305 2.62504008741887 3.10928947144704 2.78636610312017 3.33589486178213 2.83782867350028 2.76777479472061 2.98666243494375 2.17848779244334 4.26557296594662 2.99625721338357 2.35954668808808 1.48487297912521 1.10786151548752 1.10568796187122 1.13894285059882 1.1841370086056 1.07964066756065 1.09242017730799 1.09859044052914 1.11416340789968
1.83920709963819 2.34629320928342 2.04508355030228 1.80071256743733 1.39912918668406 1.44341497896208 1.46559861203195 1.27173164309571 1.2666243859718 1.24558659835872 1.42463916856384 1.26839912640518 1.2447449614749 1.65472196196122 1.17900201816965 1.32523885731654 2.78338149704303 3.48375108985631 3.40499007336639 3.78236416343394 4.02816569670827 3.75430277366938 3.44722335691328 2.89600146893687 2.69801255029613 3.44226744398474 3.27039361735274 2.58949850666054 2.38378188329617 2.97303061986432 2.76774620039358 3.12394442109001 3.66062479123656 1.63995556935992 1.70676354838214 2.06596472704155 1.5679076511224 1.51065569621737 1.0586812598771 1.09481781092061 1.11907602763414 1.41202085349341 1.13660262028646 1.2945221467874 2.15945708597277 1.12103944686452
2.63242165678527 3.32987468152999 3.54558978120723 2.48033796583818 1.51242269544379 1.35645357588353 1.3594987761166 1.41809373087877 1.26015917521781 1.29620841327035 1.31159848345599 1.20190307262898 1.21686714254998 1.42327623569603 1.09515433707357 1.50427189319991 3.17097278799201 3.17371214474588 4.13141145470062 3.19155387307591 4.66606587279334 2.96468565071539 3.34755954747645 2.37445300787454 3.17178822824405 3.39947509159423 3.18445787780665 3.24693412227649 3.08783060942348 3.52680434824914 3.69734387199502 2.25159105415642 2.60266739292154 2.44077015893592 1.64649843438225 1.42697294845801 2.65101037696384 3.83948447815364 1.24429133931521 1.11808772732017 1.15415209731197 1.2751249648283 1.24836207872817 1.0926599591074 1.14345056872473 1.12972836448758
1.84421254712078 1.65432829827235 2.15692025207983 2.55903647975551 1.93829610607539 1.59285465091088 1.54902449288844 1.66715530121141 1.38130802396297 1.36777007402906 1.28581790577755 1.43363978716518 1.70047682389095 1.36360002644951 1.21785645505219 1.77639810651503 1.32111327181358 2.66883357980615 3.36723736527897 2.61688252487444 2.92902231028791 1.61979727142236 2.32882371359138 1.87991487274436 2.58215114312598 3.94933848084064 2.79360203175534 2.85884850101866 3.15852428121616 4.06221816846164 3.86674955547157 4.65180941902209 3.9413145128671 3.11298259264754 2.5637997373034 2.32101651057246 2.03514499595864 2.06200222767528 1.48065030324187 1.14427608624309 1.12286502203484 1.113525394942 1.2609498565073 1.37227470714349 1.17008719817707 1.0935928568927
1.96838763642552 1.64393545819109 1.47583286658385 1.88345281761317 2.35086597174034 2.00112015910037 1.87418513364536 1.30773821918695 1.5848852215735 1.45856479600374 1.40341591841598 1.2615033490924 1.85300770971669 1.2792692765786 1.16803283301032 1.30686965599254 1.15938889118266 1.31761621416896 1.44956572401849 1.40505476615136 1.25827962281323 1.27891696189838 1.88129938222407 3.02558615808506 2.66701222522587 2.39466217944998 2.99575035629991 2.08206076292767 2.30551120802943 3.2870575775675 3.89724857690008 4.11125930901073 3.02003823256096 3.25042627195557 2.64957524752075 1.54897621204308 1.38906672499829 2.76285198183449 1.16740685343533 1.16951786987599 1.14790528396333 1.1317021975855 1.6766670123653 1.59793511816565 1.21230743543905 1.11890913716883
2.16402371103734 1.49200503103464 1.4715942325472 1.65946271896563 1.82502321717672 1.50051350140381 1.51264955909373 1.34156040216651 1.32131003659636 1.55942849940608 2.2777409537409 1.85854111311194 1.41684954804345 1.18237840863512 1.09111676517869 1.0754169315363 1.13848579507712 1.15542871288842 1.2546571197546 1.25381782453164 1.14784316243983 1.30950216209528 1.81366683830985 1.77029532030901 2.3844635620038 3.43369569838614 2.40328710189678 2.26467926267431 2.35132988730705 2.23993876557118 3.81852482579337 3.91302788643136 2.16536028491388 2.92483400540646 2.9151170804406 1.72808784356022 1.65221948322655 2.86286527512714 1.20761810293806 1.12084790840698 1.34240843621115 1.12778353698682 1.85325478481841 1.19333411435281 1.3707121579697 1.15940607315918
