IBR/IBR_outputs/all.combrep_1/Silt_Total.Spinifex_Total.VRM_Total/Silt_Total.Spinifex_Total.VRM_Total.asc
NCOLS 160 
NROWS 95 
XLLCORNER 210004.651214014 
YLLCORNER 7350008.22228844 
CELLSIZE 4999.99999999997 
NODATA_value -9999 
[rows 63 to 83 of 95, columns 92 to 137 of 160]
3.05900672328192 2.20643505377187 3.93755267116053 3.88084003170432 5.94734192399337 6.1563294966485 4.27677113150796 2.87945233322632 2.79079885024816 1.27837933391662 1.59023160373456 2.576480345263 4.42726731230945 4.42744931036716 4.42754264027879 4.42816230198629 4.427867911373 4.42761872068562 4.42662749043857 4.42646225511945 4.42658525845668 4.42659685395215 4.42680776259997 4.42781673294927 4.4291495715026 4.42968255332828 4.43272734353955 2.49949430222949 2.0420526026426 2.05248652059246 2.8846122424375 1.23143215443293 1.30396176626803 1.21239970057291 1.25861976841206 1.73211681936357 1.77136856303769 2.05271526758206 1.75833804783057 1.79409327922488 1.45621010382854 1.35202106851309 1.40075840688432 1.68671970896542 1.66781261470454 1.68520492529302
4.04015363581201 1.7799014933594 2.53241925954495 2.11778559151797 2.281397625382 3.99730534105547 6.14511405248128 5.8830429357077 6.56497831406471 3.95766483654712 1.74878733628439 1.20732192419679 3.81248263679903 4.42755510328578 4.42833846748705 4.42761338818836 4.42788241459855 4.42857100443327 4.42742685825624 4.42681697228135 4.42703284449718 4.23386717502882 4.38110340924731 4.42781119517798 4.42804874790839 4.42774202223544 4.43011766922588 3.43598156171867 1.97254303863967 1.98919022068438 1.43223168999065 1.4513763800654 1.13395412563276 1.17420442264279 1.34633723819599 1.47413215966366 1.67109145287525 1.54714155269337 3.27856922936261 4.20657281212446 1.6060757443245 1.60724553018727 1.38909112915476 2.22796441100234 1.839097769755 1.58390237667148
3.39112027159039 1.63790770944594 4.35676508135034 4.15452445135974 3.03688462042555 1.44153438141472 2.17621870499715 3.92927850602111 3.96003509299328 5.59044221805073 5.65674613935123 2.73093863034692 1.72423843666577 4.34790825428759 4.42801379113432 4.42770119400317 4.42744499250332 4.42736962781969 4.42838710944739 4.42750130022659 4.42769581186026 2.98386017509259 4.02712450029901 4.42826160127181 4.42913852178554 4.42800164891963 4.43970046171021 4.42914345889714 4.3365775660051 2.99363037058357 1.96404962447569 2.23994771440545 1.40852161074257 1.28999818933297 1.3508608173809 1.84174694934598 2.20203248838912 4.02750661476642 4.16824847327162 2.68647700607272 1.75053983007937 1.50770076392103 1.8146763606086 2.35913555317875 2.26737138391857 1.63071759961436
1.83889883930689 1.64344865770839 1.90842037568921 3.62458637794214 2.42180665557801 3.23477437055029 1.46673937783182 1.73746194676846 1.89175143305237 2.25320087502458 3.53708864350614 5.19325630226742 4.33094464965626 2.18714551314445 3.32557806834498 4.42527609732785 3.53618604563474 2.9839167770776 4.41938007581015 4.42701948963771 4.42737943705459 4.42711244393337 3.75922974644447 3.48837444441483 4.42776538974319 4.37078205840844 4.42258430764311 4.4282505436652 4.42802212029558 4.42797898450168 4.43371917904002 4.08789070739368 2.3139381335281 2.66619504178533 2.1417381826074 1.8500911461276 1.21407654880086 2.44731766003771 1.27268605732089 1.23286036581292 1.15902532948985 1.24159358222552 1.50933321406327 1.70009487038582 1.58731234932093 1.46544328857229
2.34366494378877 1.7323741821273 1.62612000315877 2.68845758386436 3.1556206916812 3.03914176798085 2.21813740073178 1.67611672532543 1.61997402333602 2.11808806656371 2.23878263918689 3.06108123041832 4.67757457427176 3.03794723145187 1.83840079758452 1.2805246868019 1.16179663393126 1.53699795981433 4.24551827536079 4.42852936109374 4.42854511059858 4.29669469445968 1.44172678312514 3.21108588501224 4.42079998835423 1.81052734956682 1.58876509300948 4.42693767581249 4.42721812465982 4.42665639057368 4.4275589357906 4.40055257265954 1.68632630112524 1.04987491538519 1.01345828150107 1.05021404575026 1.05604798283775 1.11761352748861 1.41310805010938 1.19189708072224 1.13981346872652 1.2123195392471 1.30153402716991 1.63155366517943 2.0144024457518 1.52556053784151
2.35587930097557 2.14888018556533 4.00030041302382 4.43261321420249 2.29061243073397 1.7441022445516 3.24297417856114 2.21165559712968 1.79008344004365 2.09460167144057 1.99024283526145 2.07204673296741 2.7656363515459 1.82985540567545 3.21663633793947 1.88558656122212 1.17968948663967 1.1279190836179 1.2820409735673 3.73429512413498 4.44144290004137 4.44457519531494 4.09941137772984 4.42131837370895 4.42000515142448 1.68614520194151 1.26652739882596 3.45402349183175 4.42110871311219 4.4254898963655 3.99374912383232 3.60175473920128 1.03719072528201 1.05245407139387 1.1055335893913 1.13363220704161 1.06774465672944 1.0145345837638 1.28955736250521 1.12694274047971 1.09370065182417 1.15273591826709 1.14187144030899 1.29251673965192 1.4303552035784 2.70580683392997
2.25444358062434 2.66862112545928 3.67371892188936 2.10304145123828 2.18158383224774 2.72924918540432 2.29309174088684 2.76400503850018 3.04930586527749 2.01406949601373 2.10286907771871 1.64823047320106 1.77099388986188 1.48881776220317 1.69850710207614 3.63534178709145 1.8620935446104 1.28274054963128 1.04631533882201 2.06873268293269 4.42864386315175 4.42923265659492 2.31499879688802 2.61935660790279 4.37259921721016 3.27520530186149 2.46475379613047 2.17801202358657 3.258219018989 4.42360527284445 1.60742636136688 1.2825654588233 1.150893568381 1.08344477701502 1.14120702245665 1.15091773931091 1.04402916566106 1.2986218766519 1.38511242902977 1.09123935449115 1.78817061527387 2.1447649570764 1.27798735317222 1.85457370184832 2.2157232157727 2.39393486224882
3.38305339464454 3.2266778789183 2.83300492967287 5.01632160257264 2.46150322755876 3.77400622845495 4.79673825143159 5.67680231946911 4.88546313022592 2.82289721542376 3.1451477004083 2.52141973294429 2.09184431336232 2.15002164781814 1.68978260137759 2.57714530996097 2.46734929809402 1.51659956841241 1.2076074272964 1.12780762152044 4.24619629913416 4.31758576414826 3.17424205862229 3.76933028889425 4.41200936787866 4.42283329267579 4.33961759715844 1.32661956407868 1.55124951285314 2.84811669082561 3.58953721349871 1.19458897997213 2.06777594899437 1.51121822458325 1.27566956234713 1.16788325437895 1.15921456228631 2.09183034721629 1.30296099766272 1.62725122105104 1.98651713903745 1.32907205335699 1.23674298259117 1.58728154231435 3.32509862233335 3.57345046946309
2.10727513103658 3.10194394748683 3.03217536225563 3.94521351296927 4.63819167443333 4.79070875352853 2.95182513996819 4.67738286060823 2.4165733049465 2.74497819543015 2.89970347290344 3.25998186313265 3.08578899164002 3.49147792983688 2.38522340577938 3.68373868456654 3.48340040140155 2.05686163945986 1.97062834223902 2.61227770624214 4.41966189324704 3.63289696071058 2.36800280977051 4.42310681170458 4.42586488451252 4.42636294356961 3.5531694528685 1.3331483427289 1.15684826443672 1.74597258768671 3.07621677964598 1.22194933920662 1.4640118806882 4.40614877168478 3.02218668486842 1.15469082347698 1.15845964324296 1.14433444275443 2.13586487768246 3.02571034343518 1.42214447022283 1.14525316473433 1.35717450446873 3.63571169735134 4.42769365084307 4.43330604345262
3.38250643073245 2.41602461810954 2.825260740935 1.97214443445683 1.87326627437974 2.80912951892087 1.94663312183215 2.69983319013553 2.88583256168942 3.6777615602361 3.91422445434508 2.30904162300861 3.72398775642953 1.53065386765727 2.08698120015583 3.58074849368434 3.16405850459244 3.70384921326728 1.49528944184996 3.29795799627969 3.81397896098084 1.60726318779868 1.38154946967486 4.0842861059735 4.42647962426017 4.42679116092172 3.54584434058817 2.31780894719541 1.05912490754316 1.17941119200962 1.37937710948365 1.20533918036594 1.1201402269125 3.57861465096709 4.42722655256383 1.61624691854661 1.21414081780992 1.41445115640581 3.48153243409421 3.64119392440144 1.32119427984914 1.69250357804937 1.44408425138471 3.6924467165685 4.42953854748106 1.91182643186748
3.46605966552826 3.05105859510906 3.66884285719909 1.72348850753607 2.08980837021071 3.13189531075199 1.62792443165693 2.78767590073125 2.85263443570172 3.0428535001878 3.00639076946156 2.16470011086858 1.7675671456316 2.31373435902966 2.8169400448831 2.31571650967074 2.81190749624234 4.91437376285597 4.66242179665607 3.4159203810248 1.22296229278976 1.06838138914752 1.10407288943328 3.83169647761502 4.42673132706818 4.42694376439662 4.4206441500446 1.37674981397923 1.0204443789091 1.03172889892965 1.66083339331922 1.16039769024835 1.11765957582932 1.86378977672715 3.54125696045211 4.31378329937262 4.04251435751167 4.40732856092565 4.42829540427475 3.80315345687199 2.02202532746475 2.1783512306807 2.14385340543626 4.10871469244578 4.44815429097365 2.47431986028231
2.44284823625492 1.96095431070692 2.98906424002453 3.4563764424676 5.02917505080191 3.2858908677732 3.89732042254825 4.20510366729145 4.44906416104718 4.27890342115228 3.57244214207904 3.42641902405056 3.10571582133649 3.11652980636618 1.45850924015368 1.91109661465852 2.63011477413012 3.22896659028533 4.6031897295353 5.08682690839341 3.2581160146388 1.80165898601119 1.05287460798124 1.25690924525633 3.96330992097953 4.42726702901349 3.32724050625147 1.02827997247428 1.04310301156458 1.4784851956098 3.29062396165031 2.48191590075237 1.75918880540889 1.67843666465557 1.23112657673065 1.60408429380152 4.30525029360579 4.42852257206861 4.43102863279359 3.95584180927891 3.01745755045926 4.36869957497052 4.18950912722766 4.43163752725716 3.36340791471995 1.28668615830818
3.21395938128829 3.39590594692662 3.51452413310403 3.53973185706712 3.14800573366061 3.22993965646399 2.54313403802469 2.11614319266254 2.80670205054023 3.04629240505373 3.6613736475509 4.0098398581775 2.05042544281626 1.82367176271783 1.51378999149708 1.25934362480251 1.47428748764298 1.97638677257273 4.09112832083478 3.57553220100018 2.27171357115563 1.97652001036972 1.271657223065 1.08336610854991 2.48905400284527 4.42739791463738 2.32487313326821 1.02940156821733 1.04874508802342 2.35766612756777 4.42748727775029 2.56463231924476 1.51012563936613 1.74458717109894 1.38869942130897 1.09769192064738 1.32618198466046 3.92089174790879 4.42809235733239 3.83165885137258 1.30379900737082 2.86955533369999 3.74722441839316 4.43116421415357 4.29966651177398 2.60052234951036
4.26510822013103 2.60684414469978 2.29441188486647 2.85114382182902 2.34868837521754 1.84644189298201 1.74792183788394 1.57947732102487 1.54846168701719 1.78372694950505 1.78686854716068 2.80999082468027 1.53684882599833 2.62692513013101 2.35203905501405 2.14350929338343 2.5512635188963 1.98445687872714 1.47973307394957 1.57176195805523 2.30271067561497 2.78908623098294 2.02949251428147 1.47467779882918 1.1969951587243 4.38900288413774 1.49270304300127 1.0559046285881 1.33232945292797 4.22198399463163 3.82278147231401 2.32210833784149 1.69871647223647 1.41050339020878 1.43649573882133 1.12693154821687 1.07604421059286 1.76677135813613 4.42902674633019 4.43122288279289 4.0909301181583 1.393747948743 4.41499000368623 4.42915648210013 4.43508972824407 3.04842354149104
3.10946862558892 1.98868477169988 1.53879875205222 2.05781996257505 1.89531278165864 1.8732938635679 2.80814867990532 3.5934713336004 2.18374540075326 1.76965656784712 2.05703547389543 4.24577793257993 3.06637223117947 2.95721703181617 2.85008336202095 2.37167896509824 2.39499183231897 2.16706737712042 1.60075176363135 1.54061451598828 1.91396659423432 3.03925960634588 2.30829320827693 1.97796511354736 1.40464941900934 3.74909712089632 2.07810548755643 1.16562064139165 3.53711572621612 3.65106734621895 2.22379862266056 1.7854713716672 1.61684488867747 1.39908299884495 1.12267750514777 1.01842323980783 1.1226893013756 1.35978427620936 2.69845247168454 3.77109069739992 4.42671707332226 4.36876542807989 4.40416394965032 2.23252305694748 3.47098863013934 3.28712326982781
6.17590765740496 5.3195062660601 4.17278476566922 3.75906250202314 3.66208748654058 4.8415581864784 3.71862289652548 3.45813889866345 3.38423038381018 4.63242518377279 4.554738417601 4.25039520247705 3.05378340099697 2.28828894512461 2.45974272827471 3.62597352697433 3.59485123216995 2.53272847733634 1.95934106520914 1.94591542245385 2.36535887966528 2.55448023233888 2.27724621545201 1.55612299431859 1.8247209937792 2.83625103321219 1.8285883583421 4.39442771080973 4.27779901110002 2.40233154728733 2.05442918209111 1.2791671176928 1.47025037454076 1.97572303566898 1.41741461022773 1.08141977527223 1.07332179291749 1.42046145583827 1.21092335740414 1.40907135549451 2.62121863396271 3.55727144874975 4.43669924696497 3.55248586289228 1.24807649226895 1.16761247727735
5.41712635030176 3.19589883325224 4.76281380318147 4.40988368712646 5.38321545632126 2.20038393954669 2.53769262174287 2.2856519955905 2.24825694033166 3.6300963704213 3.8329896422804 2.48450927889013 2.77335303949104 4.4863229183997 4.49364619976973 2.09853561868051 1.49391986653126 2.5015842219089 2.69046721289689 2.48132226720537 2.01348899670123 2.2300730870728 2.4708546490576 2.10088407054158 1.87067761817769 3.27305300633639 2.21696168202291 4.42397427722664 1.93143369590636 2.60827274629953 1.63752245952382 1.12701832746607 1.08841911509642 1.68349554521539 1.9032236207786 1.13819434279641 1.3282526978236 1.37519955033822 1.72976928922596 1.40417406936342 1.38639630889658 3.06841263939399 3.73227959028366 4.34360979185126 1.75500505113292 1.06543567531357
4.00297829457247 4.40116614273279 3.56354679758475 2.38014712350824 2.67901916015478 3.29869838721247 3.00702864975768 2.58658795347567 3.99833600604908 3.20596247798094 2.20960413079866 3.17778349247233 2.75424145463993 2.13547980134133 2.20858041854166 2.51191921856495 1.86778875053618 3.1768805011187 3.85718269878009 2.49827346374309 2.67842843645152 2.3549206210016 3.1143976202121 2.13330388803928 1.70716828155567 2.07475582000837 1.99318352495147 1.88477543780118 1.98080786232755 2.4440062869616 1.23308508518939 1.10785852774784 1.07342482854171 1.66792831771298 1.80893661550621 1.22760142300978 2.14639163988387 1.38661548604488 2.29916960928386 1.75489748075165 3.09278245765435 3.75838127744219 4.43844622124777 4.07155073846615 1.2689540147991 1.18904015894696
2.64481934044121 3.20042925755078 3.50606422232174 2.81437714842062 1.66734380109959 1.66874181675912 3.60733912936406 4.00317629929251 4.45752268405448 3.8446282864324 4.00923164236814 3.46633026733158 3.75457709233054 3.38187068134281 2.19315144582236 3.0065480281465 1.91178271187554 1.65487274944334 2.11290047876806 2.23879896908054 2.14529391422823 1.53200924695368 2.42446147044121 2.5750984446175 2.63103485505038 3.08432343686877 2.33808968493187 2.52528748612307 2.48227229909326 1.43362662587781 1.49107387590809 1.15408702635474 1.44991715911881 2.243565258604 1.84995217626362 1.66165167405855 4.20282378246821 2.62041645138696 2.04191831752513 1.31016468884371 3.31723834047497 4.33756482702714 4.43061131151722 4.43597818157076 3.07222204556526 1.23596515623877
2.51289692269905 2.90414328587593 4.64456138762536 2.88521495446375 1.87610478239198 2.33691626924594 1.65070573762098 2.11852406023066 4.30438337923467 3.70674031542217 3.49793978643869 3.30625002532616 3.7303392245769 2.50068774812086 2.3132094514229 1.74558634299045 2.33880278439505 1.66030215929022 1.5321253813181 2.62104132021624 3.82230639255551 2.43963163787349 1.88115367278483 3.68290164065813 4.44131722152387 4.40438665514014 4.43427133418635 3.03965065621156 1.8151085399285 2.44183155908823 1.86206946808787 1.40681473133142 1.40394687607287 2.49479481073281 2.26565818949267 1.5529195123591 2.60273283206927 2.77754947809352 1.86954453625576 1.30617606206105 3.04410633387187 1.61173692590867 2.87096164492354 4.43944575933867 4.439740400412 3.09149827183656
3.71195622959585 1.81279099330636 1.69468812945406 2.01316885954812 1.47018050138473 2.12014105371789 1.83657934684025 2.28922463694015 1.39031801477658 1.389973344191 1.34554812168461 2.17502970900057 1.69243325138461 1.92311265456017 1.63042597328491 1.53292766737948 3.17784080903866 1.60245205657526 1.97817355543531 2.0336538500019 1.93839857628012 3.81004633984347 4.44211976852154 4.42509468775191 4.41863450264626 4.39857175395987 4.41542428627102 4.38454973339237 3.03172897517966 3.03734484325471 3.47686602797224 3.18214974861685 3.43292290518268 2.96372972042294 3.17255426612497 3.18249666195423 2.5610092659179 1.95827248126702 1.56945452072669 1.54343789411455 1.75838583281784 1.38382170447701 3.93928687131265 2.70946088750653 4.43675762684242 3.22933925254597
