IBR/IBR_outputs/all.combrep_1/Silt_Total.Spinifex_Total.VRM_Total/Silt_Total.Spinifex_Total.VRM_Total.asc
NCOLS 160 
NROWS 95 
XLLCORNER 210004.651214014 
YLLCORNER 7350008.22228844 
CELLSIZE 4999.99999999997 
NODATA_value -9999 
[rows 0 to 20 of 95, columns 92 to 137 of 160]
-9999 -9999 -9999 -9999 -9999 -9999 -9999 -9999 -9999 -9999 -9999 -9999 -9999 -9999 -9999 -9999 -9999 -9999 -9999 -9999 -9999 -9999 -9999 -9999 -9999 -9999 -9999 -9999 -9999 -9999 -9999 -9999 -9999 -9999 -9999 -9999 -9999 -9999 -9999 -9999 -9999 -9999 -9999 -9999 -9999 -9999
-9999 -9999 -9999 -9999 -9999 -9999 -9999 -9999 -9999 -9999 -9999 -9999 -9999 -9999 -9999 -9999 -9999 -9999 -9999 -9999 -9999 -9999 -9999 -9999 -9999 -9999 -9999 -9999 -9999 -9999 -9999 -9999 -9999 -9999 -9999 -9999 -9999 -9999 -9999 -9999 -9999 -9999 -9999 -9999 -9999 -9999
-9999 -9999 -9999 -9999 -9999 -9999 -9999 -9999 -9999 -9999 -9999 -9999 -9999 -9999 -9999 -9999 -9999 -9999 -9999 -9999 -9999 -9999 -9999 -9999 -9999 -9999 -9999 -9999 -9999 -9999 -9999 -9999 -9999 -9999 -9999 -9999 -9999 -9999 -9999 -9999 -9999 -9999 -9999 -9999 -9999 -9999
-9999 -9999 -9999 -9999 -9999 -9999 -9999 -9999 -9999 -9999 -9999 -9999 -9999 -9999 -9999 -9999 -9999 -9999 -9999 -9999 -9999 -9999 -9999 -9999 -9999 -9999 -9999 -9999 -9999 -9999 -9999 -9999 -9999 -9999 -9999 -9999 -9999 -9999 -9999 -9999 -9999 -9999 -9999 -9999 -9999 -9999
-9999 -9999 -9999 -9999 -9999 -9999 -9999 -9999 -9999 -9999 -9999 -9999 -9999 -9999 -9999 -9999 -9999 -9999 -9999 -9999 -9999 -9999 -9999 -9999 -9999 -9999 -9999 -9999 -9999 -9999 -9999 -9999 -9999 -9999 -9999 -9999 -9999 -9999 -9999 -9999 -9999 -9999 -9999 -9999 -9999 -9999
-9999 -9999 -9999 -9999 -9999 -9999 -9999 -9999 -9999 -9999 -9999 -9999 -9999 -9999 -9999 -9999 -9999 -9999 -9999 -9999 -9999 -9999 -9999 -9999 -9999 -9999 -9999 -9999 -9999 -9999 -9999 -9999 -9999 -9999 -9999 -9999 -9999 -9999 -9999 -9999 -9999 -9999 -9999 -9999 -9999 -9999
-9999 -9999 -9999 -9999 -9999 -9999 -9999 -9999 -9999 4.48854989208044 4.43872536277001 4.42733583455005 4.43709158022508 -9999 -9999 -9999 -9999 -9999 -9999 -9999 -9999 -9999 -9999 -9999 -9999 -9999 4.46335597557438 4.44001162412149 4.44523343916359 4.44324098693581 4.4357478330722 4.42980362442603 4.44086718314268 4.43718131365583 4.43128095030295 4.43696402239702 4.44271093718953 4.44247237842717 4.41815102076141 4.01625924681108 3.21154378638676 3.31443413307935 3.60601454926094 3.68721787126059 3.88978523885217 4.05162782109358
-9999 -9999 -9999 -9999 -9999 -9999 -9999 -9999 -9999 4.50455690913714 4.37872138731262 4.47057829150847 4.41917029093039 4.42432852330186 4.44586728930248 4.43752331692604 4.44041546713194 4.44973092919199 -9999 -9999 -9999 -9999 4.42735069632733 4.44175430067007 4.44804936171303 4.45010384470338 4.4440592713308 4.43329098149541 4.43699991432492 4.43704053679287 4.43089843265016 4.42025400273426 4.4407098232324 4.44114480787301 4.44271746349185 4.44280146163099 4.25281054295944 2.62968700924727 1.39952418585072 1.14901701683163 1.07281041792692 1.07667917177057 1.21384938731015 1.22829970940003 1.13462140172076 1.12872759444827
-9999 -9999 -9999 -9999 -9999 -9999 -9999 4.43859079180072 4.44726850497465 4.42572261435321 4.41184055348733 4.45075600018047 4.46820390537402 4.42692603064884 4.42683482616491 4.42660043801298 4.42727534774031 4.43324364966735 4.44162312441133 -9999 -9999 4.42102580800319 4.42548709019226 4.43501085027277 4.43488417935036 4.43359980030876 4.43916068169262 4.44169972123103 4.42853738164113 4.41593978814917 4.42935285324048 4.42025870003718 4.43345508328322 4.42977449048414 4.41443817853289 3.18260094802613 1.45367356069243 1.11509564922536 1.09658035223205 1.08069750718645 1.07170912376682 1.0558035387454 1.08945657819768 1.17346592130719 1.07703131412411 1.09147453558466
-9999 -9999 -9999 -9999 -9999 -9999 -9999 4.46323026796494 4.43520749197466 4.42898588282403 4.42858186436758 4.42947067228846 4.42997151209227 4.42730187936367 4.42655912241754 4.42656620266961 4.42675068102477 4.43220918947516 4.36212996772409 3.06805068661763 4.35054085326789 4.43076611379088 4.42666506639399 4.42423400945494 4.42851459204179 4.41097336145091 4.42793063301893 4.41988034229201 3.960356687856 3.19967156424785 4.2169825932263 4.42951864427332 3.93040656102951 2.35252620418373 1.67889891079097 1.39788505046098 1.43890109198602 1.12802869832343 1.18432102859124 1.10258874846982 1.10225446297416 1.09529374649448 1.10179131411185 1.11376580573004 1.0497407103875 1.08583002035474
-9999 -9999 -9999 -9999 -9999 -9999 4.50045825913587 4.44886272683901 4.42809133474757 4.42905167357641 4.42745891026476 4.4295863899742 4.4325527522939 4.42691538528329 4.42729983004116 4.42875459018249 4.43803696858094 4.24648616832245 2.6673360345979 2.55576631228406 4.42277109128625 4.4273581333399 4.41308188003042 4.40680763235924 4.39333416758256 3.77627522671594 2.17746252089135 1.39884457295219 1.13969366752375 1.11490859821933 1.18578554295848 1.20221013523885 1.10243711578401 1.11782231155032 1.29816958800107 1.3904190398811 1.39006270834586 1.31212718895099 1.20247808692707 1.2444889850515 1.15297160501897 1.10565438570084 1.14379629132216 1.14034560251302 1.11280960109205 1.09199932022161
-9999 -9999 -9999 -9999 -9999 4.49079278237194 4.44127224998258 4.43521136597668 4.42898189331286 4.42819628997841 4.4280510122143 4.43662189533786 4.43031941205755 4.4275539671317 4.42765358509981 4.44013597024262 4.45636464179574 3.52353094807895 1.76990094499264 4.38898933379094 4.41134674885787 4.40335948020348 3.50320203808479 2.15802148027529 1.53582113616744 1.21537830248451 1.1461113952849 1.14753905128531 1.10826682601093 1.12299272430099 1.11147811063565 1.11667757675628 1.09590805268406 1.09557406972032 1.176948017355 1.28987241610138 1.38901830171896 1.27804966064989 1.14556954115976 1.09076210398948 1.3409558127075 1.19154166233404 1.16065651895638 1.16612999101264 1.16595995088847 1.1510905803823
-9999 -9999 -9999 -9999 4.49790318939119 4.46543220208155 4.43873187717915 4.28209674624701 4.22190622443048 4.13240642815386 3.60608990342798 4.14350947489413 4.43022504363427 4.42758154570336 4.42787782106666 4.43255993052226 4.41079431123663 4.43561434283904 4.32829144902119 3.081645708749 2.03226401955868 1.26226102633835 1.14055770043976 1.12814338764764 1.09018554008775 1.1065950016323 1.1061438620366 1.12129790299844 1.13817360634692 1.127863040923 1.14459153250759 1.16013756790462 1.10149097578846 1.04405798131758 1.0457851652944 1.07679499516015 1.14684177528069 1.16052925379991 1.14826753704149 1.12551362058668 1.16291575504122 1.21719227861884 1.27790940643548 1.1775285898394 1.14405861310746 1.11267557231425
-9999 -9999 4.46482696357858 4.43450683079114 4.49293590286332 4.55168574962899 3.96020193198288 1.42094698399335 1.09224220282416 1.76155511415278 2.30922698590878 2.12930855459916 4.43863505967939 4.42883565690221 4.42671529436451 4.41944569705854 1.35089462196671 1.31091354886979 1.19151743574068 1.11594763189135 1.12545338524237 1.20250803859 1.1802451102543 1.17146171435252 1.15488314966214 1.11047353217532 1.08530460163292 1.08933196010098 1.12052697726679 1.13141215178029 1.10936772632387 1.12876277252656 1.09331704731797 1.06072390483439 1.0639033189977 1.10975781925425 1.08216010791792 1.11619526036891 1.16942091266851 1.11890261890758 1.16269776312071 1.14756506582583 1.23220526049106 1.17736180946363 1.14961276016521 1.13274691705136
4.17461460427541 4.28007469688892 1.82841522441192 2.39102411942692 2.87473285653863 2.29653323209085 1.23062233001502 1.112285709124 1.06921256136965 1.31376451839377 1.58817097918357 2.86571190632074 4.43488309662661 4.43440704266311 4.4302246922402 3.91431238088796 1.42077122336328 1.11258641508396 1.09342906276221 1.16488868245963 1.11770573265496 1.19018832964159 1.1851502623667 1.24942791089878 1.1222582241796 1.09575555968528 1.13290620276099 1.12319623963397 1.12976742542039 1.12384625493142 1.16017200286073 1.13458509514543 1.17857967969127 1.11756524456375 1.07405469880436 1.17907883708621 1.11302743268387 1.12769925512721 1.14679998960137 1.13437990869161 1.12402458898986 1.16940608555148 1.16327408847482 1.21630984138937 1.24091889216127 1.20724945559642
2.32305701498525 1.88366691510035 1.06121298985033 1.34855726872969 1.05983709747477 1.16409596165391 1.11644601736625 1.13587315804288 1.10543607830181 1.13871800877512 2.05119742569958 4.44303951427922 4.4295471139302 4.4299997777869 3.89148080500072 2.96649095986968 2.5134644944538 1.31270665728715 1.8208978878748 1.36035562333227 1.08554121816941 1.09613526118752 1.12329852832214 1.13302441928891 1.12731243837579 1.09176484952033 1.10369146379542 1.1285239757791 1.10996567316365 1.06810194526124 1.1129270555713 1.11301746643801 1.27735809639718 1.23935430462974 1.1091089381517 1.16726551351853 1.16487477918555 1.13634380598773 1.1790542650845 1.16657227236664 1.19959042642311 1.20927688053961 1.20595669572524 1.22397155341023 1.20390432144191 1.21476307342619
1.37415745694582 2.12593128407917 1.10305371819767 1.09587682234711 1.12638098129672 1.11710748112689 1.09409293846697 1.16977662404524 1.12158125031943 1.10801575308149 1.24887022850304 4.32315381884239 4.42951177535155 4.43041448633962 1.42485391897693 1.98237758829443 3.65396451821275 4.32317231905694 4.33113629953431 1.74564554003222 1.11837490002287 1.15674062364596 1.09788435552503 1.08479532362426 1.08593719888258 1.09440026389129 1.0907605840245 1.09175278259158 1.20770025819247 1.31648477435966 1.10927865265587 1.1215746868886 1.15822816261966 1.12169839467892 1.15056074617767 1.11755779455415 1.0888092885201 1.10949211341674 1.15532579801916 1.15435351727071 1.22720036367455 1.25677376806977 1.17898778567648 1.20743981644244 1.24277302354753 1.24488940761395
3.15399669878639 2.68833978875225 1.10331519350637 1.09948702381979 1.18451649142398 1.10229780885577 1.14955641375573 1.14134485962347 1.13048574773801 1.09822267489208 1.08574572037214 2.43320476869002 4.42858000767641 4.42945494848566 2.02264177204385 1.27466400104924 3.70555806464147 4.42981720852086 4.43502286920256 4.2122008199161 1.45823075072291 1.14703797993402 1.13339778906568 1.13165470230824 1.09278962961525 1.08682546098779 1.09187676437381 1.07922851642076 1.3849524281116 1.78223158345191 1.37566948840463 1.17874669673285 1.15872080366045 1.11622111545103 1.13540274519175 1.24279572617937 1.18393442590586 1.18749961104077 1.18184781805498 1.40309322094589 1.33868703461999 1.19468133232399 1.1819418119864 1.11743131040194 1.11443378605577 1.18569405291458
1.12091394343127 1.18381026132734 1.11306849123159 1.07642206168327 1.14663161930789 1.14344420225552 1.07784268534434 1.13176839358653 1.10122743681247 1.0851512999521 1.1228080731747 2.2852624852054 4.42768052977037 4.42912003140143 3.0384173392786 1.09029863442546 1.12009090862232 2.31511117359928 4.42965658513445 4.43683663218274 4.33579786503191 1.58205893007193 1.16518611093789 1.15571047739273 1.10934789879326 1.05829512307062 1.09726120553153 1.06897388339925 1.09822620695542 1.59181854908023 2.36482584367168 2.28344947513494 1.25703883434892 1.12934714425257 1.17561339032384 1.259303254613 1.20681509413227 1.28456644864731 1.32664673568473 1.61008416510748 1.23449679538706 1.10095318121321 1.14024971648437 1.1010826224257 1.06149819812053 1.09725580618583
1.06290666654087 1.08049271649984 1.06148323999794 1.12875172036637 1.13238459353494 1.18240197248772 1.05906949339031 1.14711280949547 1.07373218479234 1.09193311810036 1.15625521737022 3.61967705663303 4.42537221739805 4.42704794954116 3.03748726420096 1.08203790312956 1.09817303772973 3.46913745945787 4.42811582064512 4.43040940056869 2.18795890732704 1.73888774531174 2.81410134983394 2.25495318051513 1.15825310365302 1.15493889313409 1.1094432484136 1.0791569891627 1.15044507677474 1.19604512381291 1.25335893695139 2.63209003285401 1.93774467744965 1.49051584449885 1.58701328928466 1.7308320871217 2.01509026751335 1.74257158431178 1.26381538803614 1.1919535811424 1.129525688726 1.17155775745768 1.32485531919216 1.21746749941345 1.10254953295303 1.05950210613374
1.04425950554487 1.08149400455357 1.08324008982657 1.13237971987119 1.10512967348831 1.08356355355761 1.15650868488425 1.21416724146992 1.09793101768619 1.09846941388945 2.3842354249036 2.65372915597601 4.4204091269788 4.42817414159697 4.1300689150621 1.11872527928294 1.10425558761289 1.9858874987635 4.42830597167251 4.42748024229055 2.24683835741644 1.21531828457071 1.21679087564344 2.96494450244646 4.06873994418169 3.10074078406078 1.7044746002327 1.24038075676007 1.21027493689709 1.2135012450122 1.1077821428036 1.19619905470111 2.22013839386007 2.07033322960782 2.00274630357575 2.54799590299768 2.21157860590049 1.18498520891762 1.09182752551756 1.05925166953065 1.11709856170271 1.27345112528328 1.10738890474173 1.15079036944421 1.06063076485141 1.08174690464608
