0.129105 0.776468 0.00789299 0.0776993 0.00883478
0.15596 0.739685 0.0191013 0.0851534 9.9991E-05
0.101231 0.724627 0.0328188 0.13834 0.00298283
0.190887 0.769148 0.0134923 0.00481645 0.0216558
9.9982E-05 0.904425 0.0043198 9.9982E-05 0.0910557
0.127965 0.803408 0.00230557 9.9991E-05 0.0662213
0.270055 0.682851 9.9991E-05 0.0116005 0.035394
0.255931 0.695038 0.0393393 0.00959173 9.9991E-05
0.0705236 0.673716 0.00844697 0.162661 0.0846523
0.256331 0.446042 0.0195534 0.252795 0.0252781
0.526861 0.295509 0.0649262 0.0416863 0.0710179
0.292204 0.459598 0.0331754 0.202931 0.0120917
0.806506 9.9991E-05 0.052687 0.099711 0.0409964
0.248703 0.423939 9.9991E-05 0.245135 0.0821229
9.999E-05 0.669659 0.0415583 0.175681 0.113002
0.222151 0.656454 0.0325921 0.0887036 9.9991E-05
0.103512 0.612267 0.00197741 0.274755 0.00748839
0.0222672 0.943197 0.0343354 9.9982E-05 9.9982E-05
0.171794 0.0686474 0.057515 0.564469 0.137575
0.276011 0.0542261 9.9982E-05 0.669563 9.9982E-05
0.026536 0.246042 0.0100339 0.710506 0.00688189
0.0704183 0.0549018 0.0111588 0.82629 0.0372309
0.0232954 9.9991E-05 0.0395222 0.911759 0.0253232
9.999E-05 0.227016 0.0250119 0.727854 0.0200187
0.142686 0.1488 9.9982E-05 0.708314 9.9982E-05
0.0258212 0.0616434 0.00799986 0.904435 9.9991E-05
9.9982E-05 9.9982E-05 0.0410778 0.871649 0.087073
9.9982E-05 9.9982E-05 0.0315229 0.895634 0.0726431
9.9982E-05 0.131677 9.9982E-05 0.839553 0.0285703
9.9982E-05 0.055309 9.9982E-05 0.844291 0.1002
9.9991E-05 0.0162071 0.00172092 0.912603 0.0693688
9.9991E-05 0.0905991 0.0257016 0.841798 0.041801
0.0202551 0.0667059 0.0610497 0.851889 9.9991E-05
0.333141 0.438444 0.0746562 0.153659 9.9991E-05
0.0371794 0.636013 9.9991E-05 0.265896 0.0608112
0.0796209 0.691387 9.9991E-05 0.134822 0.0940698
0.240726 0.65311 0.0467374 0.0593261 9.9991E-05
0.241104 0.474772 0.0231389 0.157138 0.103847
9.997E-05 9.997E-05 0.9996 9.997E-05 9.997E-05
0.239575 9.9982E-05 0.0272052 0.733019 9.9982E-05
9.9982E-05 0.762816 9.9982E-05 0.14459 0.0923938
0.230182 0.635328 9.9982E-05 0.134289 9.9982E-05
0.286569 0.296974 0.00663189 0.286699 0.123127
0.662086 0.0692073 0.0594229 0.0873357 0.121948
0.943118 9.9982E-05 0.0317785 0.0249037 9.9982E-05
9.997E-05 9.997E-05 0.9996 9.997E-05 9.997E-05
0.319955 0.409056 0.0743013 0.170058 0.0266294
0.539815 0.17049 9.9991E-05 0.19392 0.0956747
0.195239 0.365116 0.0166683 0.320801 0.102176
0.125158 9.9991E-05 0.0392306 0.00796733 0.827544
0.124382 9.9991E-05 0.0184022 0.0315652 0.82555
9.9973E-05 0.158322 9.9973E-05 9.9973E-05 0.841378
0.169363 0.0593327 0.0579819 9.9991E-05 0.713222
9.9991E-05 0.0232827 0.0630996 0.0487016 0.864816
9.9982E-05 0.0522637 9.9982E-05 0.0763044 0.871232
0.0385934 0.219241 9.9982E-05 9.9982E-05 0.741965
0.171419 9.9991E-05 0.00486065 0.0279312 0.795689
9.9982E-05 9.9982E-05 0.0314247 0.0939947 0.874381
9.9982E-05 0.133178 0.0609488 9.9982E-05 0.805673
0.151402 0.141833 0.0372694 9.9991E-05 0.669396
0.0308476 9.9982E-05 9.9982E-05 0.152974 0.815979
0.130357 0.078857 0.00437235 0.0642173 0.722196
0.532609 0.00614473 0.0756635 0.0483902 0.337193
0.074134 0.138601 0.0167884 0.737195 0.0332817
0.131168 0.063961 0.0211246 0.783646 9.9991E-05
9.9982E-05 0.201502 0.000987765 0.79731 9.9982E-05
0.173979 0.070867 0.0219914 0.036126 0.697037
0.397784 9.9982E-05 0.0880481 9.9982E-05 0.513968
0.0721808 0.0783245 0.00660787 0.0566465 0.78624
0.221436 9.9991E-05 0.0622039 0.0415533 0.674707
9.9982E-05 0.117332 0.0439087 9.9982E-05 0.838559
0.662293 0.17407 0.0394331 9.9991E-05 0.124104
0.823022 0.0601399 0.00544551 0.0245408 0.086852
0.880579 0.0233342 9.9991E-05 0.0273127 0.068674
0.996833 9.9973E-05 0.00286755 9.9973E-05 9.9973E-05
0.869298 9.9982E-05 0.0324574 0.0980448 9.9982E-05
0.935583 9.9991E-05 0.0354977 0.0134371 0.0153826
0.771687 0.0382659 0.0229261 0.132267 0.0348539
0.304398 0.0435451 9.9982E-05 9.9982E-05 0.651856
0.348143 0.061064 0.136604 9.9991E-05 0.454089
0.107978 0.00984119 0.00668111 0.0976296 0.77787
9.9982E-05 9.9982E-05 0.0433833 0.168145 0.788272
0.00215203 0.22017 0.0294194 9.9991E-05 0.748158
0.21359 0.056871 0.0384466 0.690992 9.9991E-05
0.549196 0.00601865 0.00123814 0.135404 0.308143
0.861908 0.0196155 9.9982E-05 9.9982E-05 0.118276
9.997E-05 9.997E-05 0.9996 9.997E-05 9.997E-05
0.180036 0.63682 9.9982E-05 0.182944 9.9982E-05
0.132947 0.681386 0.0344412 0.151125 9.9991E-05
0.195545 0.53281 0.030832 0.215817 0.0249959
0.353231 0.311191 0.041038 0.236584 0.0579561
0.0823503 0.762015 9.9991E-05 0.0911356 0.0643995
0.83249 9.9973E-05 9.9973E-05 9.9973E-05 0.16721
0.147918 0.195785 0.047162 0.584851 0.0242834
0.700057 0.0407347 0.0828942 9.9991E-05 0.176214
0.416065 0.251001 0.0314063 0.244236 0.0572913
9.9991E-05 0.807189 0.00369817 0.171261 0.017752
0.353745 0.579633 9.9982E-05 0.066422 9.9982E-05
0.296473 0.519608 9.9982E-05 0.183719 9.9982E-05
0.339669 0.542305 0.0335428 0.0505182 0.0339647
0.471968 0.518018 0.00981494 9.9982E-05 9.9982E-05
0.273475 0.637874 0.00889899 0.079652 9.9991E-05
0.638612 0.0443693 0.0236189 0.041952 0.251448
0.613815 0.165339 0.0881295 9.9991E-05 0.132616
0.652797 0.0557372 0.0613191 0.0196441 0.210503
0.626611 0.10694 0.0151764 0.251173 9.9991E-05
0.537785 0.196389 9.9991E-05 0.170913 0.0948125
9.9982E-05 0.512936 9.9982E-05 0.416225 0.0706392
0.00905264 0.154183 0.00488782 0.00771238 0.824165
0.236315 9.9991E-05 0.0124347 0.0330474 0.718103
0.637379 0.0221332 0.0179986 0.121809 0.20068
0.457304 0.176669 0.0573532 0.139912 0.168762
0.575711 0.0223293 0.0626305 0.215868 0.123461
0.347706 9.9973E-05 9.9973E-05 0.651994 9.9973E-05
0.27372 9.9991E-05 0.0359712 0.063079 0.62713
0.306558 0.000914904 9.9991E-05 0.0159626 0.676465
0.457987 0.0787062 9.9982E-05 9.9982E-05 0.463107
0.0881784 0.305118 0.0633631 0.491666 0.051675
9.9991E-05 0.679234 0.0123516 0.234601 0.0737137
0.300938 0.641121 0.017617 9.9991E-05 0.0402249
0.081856 0.726676 0.000981916 0.0685377 0.121949
9.9982E-05 0.6435 9.9982E-05 0.348283 0.00801746
0.169478 0.66141 0.0324269 0.136585 9.9991E-05
0.0526104 0.837916 9.9991E-05 0.0597457 0.0496278
9.9982E-05 0.855364 9.9982E-05 0.0066707 0.137765
0.198384 0.427651 0.00369691 0.369865 0.000403425
0.152442 0.654382 9.9982E-05 0.192977 9.9982E-05
0.217212 0.568424 0.0138673 0.200397 9.9991E-05
0.254627 0.552364 0.0329634 0.159945 9.9991E-05
0.231557 0.486517 9.9991E-05 0.218766 0.0630591
0.113112 0.762998 0.0322833 9.9991E-05 0.0915071
0.319654 0.419151 0.0242874 0.222968 0.0139402
0.174304 0.717754 0.011648 0.0943468 0.00194731
0.16358 0.00145366 9.9982E-05 0.834766 9.9982E-05
0.0171575 0.047218 9.9982E-05 0.935425 9.9982E-05
9.9982E-05 0.0657412 0.0364527 0.897606 9.9982E-05
0.0305125 0.106508 0.00825263 0.78292 0.0718064
0.107995 0.0481524 0.0015919 0.807464 0.034797
0.298949 0.604233 0.0226039 9.9991E-05 0.0741135
0.199053 0.649992 0.0242068 0.126648 9.9991E-05
0.00754328 9.9973E-05 9.9973E-05 9.9973E-05 0.992157
0.10239 0.0317906 0.0169778 0.0393218 0.80952
9.9991E-05 0.108486 0.00207592 0.0272593 0.862079
0.252426 0.0769012 9.9991E-05 0.0421433 0.62843
9.9982E-05 0.0757118 0.0362613 9.9982E-05 0.887827
0.030445 9.9982E-05 9.9982E-05 0.176948 0.792407
9.9982E-05 0.0982011 0.0144596 9.9982E-05 0.887139
9.9982E-05 9.9982E-05 0.00239297 0.0978759 0.899531
0.0778436 0.000171721 9.9991E-05 0.0837812 0.838104
0.00143054 9.9982E-05 9.9982E-05 0.149449 0.84892
0.1136 0.00443492 0.0459577 9.9991E-05 0.835908
0.0619892 0.0715937 0.0237264 0.0542257 0.788465
0.0306138 0.0899111 0.00449741 0.0828606 0.792117
9.9991E-05 0.0186676 0.0340512 0.0443707 0.90281
0.172805 9.9991E-05 0.0224929 0.0127919 0.79181
9.9982E-05 0.102297 0.0243929 9.9982E-05 0.87311
9.9991E-05 0.0377409 0.00667068 0.0781021 0.877386
0.854011 9.9991E-05 0.00622014 0.0216144 0.118054
0.956984 0.0277468 9.9982E-05 0.0150695 9.9982E-05
0.134235 9.9973E-05 9.9973E-05 9.9973E-05 0.865465
9.9982E-05 0.24881 0.0227827 9.9982E-05 0.728208
0.0762309 9.9982E-05 9.9982E-05 0.0626384 0.860931
0.703505 0.110863 9.9982E-05 9.9982E-05 0.185432
0.151516 0.838723 0.00956008 9.9982E-05 9.9982E-05
9.9991E-05 0.741837 0.0283504 0.211571 0.0181418
0.249428 0.266881 9.9982E-05 0.483491 9.9982E-05
0.143904 0.243636 9.9982E-05 0.61226 9.9982E-05
0.151493 0.0470837 0.00807507 0.760304 0.0330443
0.0330985 0.0503599 9.9991E-05 0.864479 0.0519631
0.104275 0.135107 0.0335002 0.727018 9.9991E-05
0.0553013 0.15527 0.0263403 0.735828 0.0272601
0.0938437 0.0904228 0.0228857 0.714215 0.0786329
9.9991E-05 0.190711 0.0522049 0.702556 0.0544276
0.0933696 0.75428 0.000729873 0.102075 0.049545
0.167832 0.707606 0.0742216 0.00988472 0.0404562
0.284283 0.669614 0.0333246 9.9991E-05 0.0126781
0.390403 0.609297 9.9973E-05 9.9973E-05 9.9973E-05
0.26933 0.710732 0.0197382 9.9982E-05 9.9982E-05
0.519882 0.457311 9.9982E-05 0.0226066 9.9982E-05
0.161763 0.603981 0.0151546 0.219001 9.9991E-05
0.288694 0.490711 9.9991E-05 0.186419 0.0340759
0.276395 0.615867 0.0554527 0.0521854 9.9991E-05
0.192491 0.597722 9.9991E-05 0.158399 0.0512878
0.181375 0.653125 0.0281102 0.123736 0.0136533
0.0499358 0.0901631 0.15501 0.661682 0.0432091
0.162586 9.9991E-05 0.00436757 0.0580022 0.774945
0.0475005 0.0110604 0.048593 0.1104 0.782446
0.135815 9.9991E-05 0.00986191 0.00935094 0.844872
0.147396 0.121912 0.00491757 0.0114221 0.714353
0.000427613 0.0738427 0.0145395 0.0930005 0.81819
0.213687 0.432389 0.0143063 0.223911 0.115707
0.17408 0.458952 0.046468 0.300467 0.0200328
9.9991E-05 0.799064 0.0542205 0.113076 0.0335399
0.264663 0.434549 0.0460826 0.254606 9.9991E-05
