0.803386 0.0138192 0.154863 0.0279324
0.856119 9.9991E-05 0.0982441 0.0455373
0.756548 9.9991E-05 0.208334 0.0350176
0.944612 9.9991E-05 0.028774 0.0265142
0.902984 0.036775 0.046071 0.0141704
0.940543 0.0592572 9.9982E-05 9.9982E-05
0.807782 0.0462252 0.145893 9.9991E-05
0.904713 9.9991E-05 0.0460206 0.0491663
0.69803 0.0644239 0.211695 0.0258509
0.710598 0.0318482 0.232124 0.0254299
0.587137 0.179124 0.152327 0.0814111
0.616624 0.0830619 0.259432 0.0408819
0.525676 0.311782 0.108082 0.0544595
0.64858 0.0791104 0.272209 9.9991E-05
0.71474 0.0470365 0.205975 0.0322486
0.818927 0.00492035 0.165223 0.0109298
0.719978 9.9982E-05 0.279823 9.9982E-05
0.863694 9.9991E-05 0.118074 0.0181315
0.154235 0.215091 0.577986 0.0526875
0.148739 0.025907 0.825254 9.9991E-05
0.192833 0.00351987 0.796966 0.00668092
0.0259844 0.0531461 0.897106 0.0237633
9.9991E-05 0.0199459 0.943103 0.0368513
0.0506438 9.9991E-05 0.900677 0.0485792
0.217379 9.9982E-05 0.782421 9.9982E-05
9.9982E-05 9.9982E-05 0.974681 0.0251193
9.9991E-05 0.0850978 0.860145 0.0546573
9.9991E-05 0.0662294 0.916266 0.0174044
9.9982E-05 9.9982E-05 0.987896 0.0119044
9.9982E-05 0.100557 0.899243 9.9982E-05
9.9991E-05 0.0462271 0.940481 0.0131916
9.9991E-05 0.0372752 0.934581 0.0280435
0.028133 9.9991E-05 0.895767 0.0759999
0.716048 0.0112771 0.206646 0.0660293
0.707627 0.0193238 0.272949 9.9991E-05
0.750631 0.0629967 0.186273 9.9991E-05
0.834017 0.0187353 0.130641 0.0166065
0.629447 0.165995 0.18101 0.0235474
9.998E-05 9.998E-05 9.998E-05 0.9997
0.0502327 0.0544388 0.843305 0.0520233
0.75459 0.0547876 0.158936 0.0316863
0.779525 9.9982E-05 0.220275 9.9982E-05
0.434194 0.185167 0.355216 0.0254225
0.495915 0.304531 0.141754 0.0578002
0.565669 0.271187 0.126906 0.0362375
9.998E-05 9.998E-05 9.998E-05 0.9997
0.526991 0.0973514 0.30876 0.0668976
0.562393 0.234399 0.203108 9.9991E-05
0.444333 0.148256 0.369937 0.0374733
0.0358809 0.874428 0.0326112 0.0570798
0.0149685 0.907976 0.0457246 0.0313313
0.127327 0.858298 0.0142748 9.9991E-05
0.0982693 0.842316 0.0260035 0.0334114
9.9991E-05 0.867549 0.0707943 0.0615567
9.9982E-05 0.927912 0.0718884 9.9982E-05
0.2179 0.7819 9.9982E-05 9.9982E-05
0.0627869 0.901824 9.9991E-05 0.0352891
9.9991E-05 0.900551 0.0427731 0.0565757
0.0567308 0.904699 9.9991E-05 0.0384707
0.239583 0.729342 9.9991E-05 0.0309749
9.9982E-05 0.931324 0.0684764 9.9982E-05
0.111035 0.791282 0.0975832 9.9991E-05
0.294104 0.548634 0.0865647 0.0706972
0.0824775 0.0137563 0.866272 0.0374939
0.119532 0.0395026 0.816796 0.0241699
0.0209368 9.9991E-05 0.944432 0.0345313
0.144903 0.796359 0.0316619 0.0270764
0.203608 0.702427 9.9991E-05 0.0938644
0.0497692 0.799313 0.107191 0.0437265
0.0833695 0.824967 0.0465192 0.0451439
0.0256768 0.90495 0.0100463 0.0593271
0.64225 0.350242 9.9991E-05 0.00740784
0.589295 0.332082 0.0785224 9.9991E-05
0.548081 0.360966 0.0878182 0.00313545
0.575708 0.329044 0.0481737 0.0470739
0.522307 0.270085 0.156523 0.0510847
0.488038 0.395601 0.0743881 0.0419726
0.517308 0.252764 0.17795 0.0519782
0.201164 0.798636 9.9982E-05 9.9982E-05
0.340471 0.553439 9.9991E-05 0.10599
9.9991E-05 0.822852 0.151966 0.025082
9.9991E-05 0.859657 0.0921116 0.0481311
0.141013 0.799584 0.0362055 0.0231978
0.0977833 0.0611986 0.818398 0.0226201
0.316196 0.529702 0.154002 9.9991E-05
0.554944 0.444856 9.9982E-05 9.9982E-05
9.998E-05 9.998E-05 9.998E-05 0.9997
0.79681 9.9991E-05 0.188031 0.0150583
0.814824 9.9991E-05 0.139163 0.045913
0.806603 0.0207221 0.126922 0.0457528
0.485977 0.150188 0.314931 0.0489035
0.85335 0.0722383 0.0743113 9.9991E-05
0.436903 0.465578 0.0950612 0.0024573
0.207029 0.0817675 0.657434 0.0537697
0.502127 0.416337 9.9991E-05 0.0814357
0.430831 0.159404 0.374022 0.0357432
0.731942 9.9982E-05 0.267858 9.9982E-05
0.890756 0.0338816 0.0752625 9.9991E-05
0.776286 0.0458637 0.17775 9.9991E-05
0.874425 0.0735473 0.032807 0.0192211
0.908218 0.0528891 9.9991E-05 0.0387929
0.84925 9.9991E-05 0.116533 0.034117
0.445391 0.447699 0.072376 0.0345333
0.388806 0.351116 0.164713 0.095365
0.444532 0.426395 0.0206435 0.108429
0.548689 0.133911 0.284927 0.032474
0.564128 0.268417 0.167355 9.9991E-05
0.450977 0.0626546 0.486269 9.9991E-05
0.105153 0.851392 9.9991E-05 0.0433559
0.0296083 0.833086 0.0872572 0.0500489
0.420935 0.377789 0.201176 9.9991E-05
0.505142 0.330163 0.111571 0.0531244
0.349734 0.30569 0.28957 0.0550065
0.0768266 0.0175653 0.905508 9.9991E-05
9.9991E-05 0.795952 0.142617 0.061331
0.143031 0.806535 0.0503336 9.9991E-05
0.35205 0.64775 9.9982E-05 9.9982E-05
0.406487 0.0438761 0.476905 0.0727311
0.652122 0.0256592 0.310991 0.0112275
0.855485 0.0446927 0.0515004 0.0483216
0.861332 0.101348 0.0372205 9.9991E-05
0.542895 9.9982E-05 0.456905 9.9982E-05
0.762118 9.9991E-05 0.218347 0.0194349
0.822294 0.015933 0.161673 9.9991E-05
0.906455 0.0441781 0.0364099 0.0129572
0.488279 0.077531 0.43057 0.00361922
0.81071 9.9982E-05 0.18909 9.9982E-05
0.78157 9.9991E-05 0.18619 0.0321405
0.796417 0.00796354 0.16714 0.0284793
0.538601 0.109423 0.335727 0.016249
0.837643 0.0399754 0.089585 0.0327971
0.651273 0.0440214 0.282693 0.0220123
0.918208 0.015364 0.0525957 0.0138328
0.0399277 0.01216 0.947812 9.9991E-05
0.0244125 9.9982E-05 0.975388 9.9982E-05
9.9982E-05 9.9982E-05 0.961208 0.0385923
0.0545271 0.046058 0.899315 9.9991E-05
0.0417784 0.0518001 0.879861 0.0265609
0.867405 0.117111 0.00461872 0.0108647
0.748154 9.9991E-05 0.221017 0.0307284
9.998E-05 0.9997 9.998E-05 9.998E-05
0.0228681 0.883594 0.0583008 0.0352367
0.0677617 0.917781 9.9991E-05 0.0143578
0.165588 0.772106 0.0622061 9.9991E-05
0.050193 0.915814 9.9991E-05 0.0338925
9.9991E-05 0.857303 0.130048 0.0125489
0.012928 0.973643 9.9991E-05 0.0133293
9.9991E-05 0.953687 0.0289415 0.0172719
0.0187243 0.938274 0.0429015 9.9991E-05
9.9991E-05 0.912121 0.0840618 0.00371737
0.0569959 0.896336 9.9991E-05 0.0465686
0.0457197 0.837997 0.075545 0.0407381
0.0677331 0.859002 0.0662085 0.00705667
9.9991E-05 0.900854 0.0678391 0.0312072
0.0514616 0.943109 0.00532912 9.9991E-05
0.0275968 0.950969 9.9991E-05 0.0213344
9.99941E-05 0.907151 0.0618689 0.0308798
0.545092 0.402802 0.0469629 0.00514303
0.703851 0.255486 0.0405628 9.9991E-05
0.0745676 0.925232 9.9982E-05 9.9982E-05
0.245059 0.726329 9.9991E-05 0.0285116
9.9991E-05 0.958413 0.0302359 0.0112508
0.589775 0.379334 9.9991E-05 0.0307911
0.923128 9.9991E-05 0.0486295 0.0281429
0.777917 9.9991E-05 0.192422 0.0295606
0.457312 0.0608255 0.481763 9.9991E-05
0.278221 0.0196097 0.695388 0.00678184
0.0577386 0.0589304 0.868832 0.014499
0.00377953 0.0351465 0.954172 0.00690194
0.154426 9.9991E-05 0.831236 0.0142374
0.101872 0.0104472 0.853397 0.0342835
0.0282788 0.110025 0.813599 0.0480975
9.9991E-05 0.0437073 0.90466 0.0515331
0.813486 9.9991E-05 0.163082 0.0233314
0.834392 0.0834658 0.0384767 0.0436658
0.893631 0.0253749 9.9991E-05 0.0808945
0.924115 0.0660906 9.9991E-05 0.00969401
0.955875 0.0220191 9.9991E-05 0.0220054
0.890173 0.10815 9.9991E-05 0.00157747
0.736299 9.9991E-05 0.237176 0.0264252
0.702606 0.0973293 0.164372 0.0356919
0.797979 0.0240083 0.116773 0.0612395
0.702806 0.052657 0.225581 0.0189565
0.744247 0.0373842 0.189383 0.0289866
0.0923158 0.0832611 0.677907 0.146516
0.0801729 0.860739 0.0240067 0.0350809
9.9991E-05 0.850752 0.110376 0.038772
9.9991E-05 0.953254 0.0349872 0.0116591
0.168211 0.811584 0.00231787 0.0178867
0.0610536 0.847146 0.0799051 0.0118958
0.480359 0.138643 0.346915 0.0340825
0.611751 9.9991E-05 0.346334 0.0418155
0.768786 9.9991E-05 0.133448 0.0976663
0.590875 0.00551797 0.336784 0.0668237
