0,33.5172312474186,33.5383376063026,36.9858356539149,44.8500340347228,43.5486260548588,49.7548502811351,44.9846907277858,81.5335389788192,80.193794429768,113.949642215778,82.7438694776866,81.1277414850284,83.1727276256982,83.1099436183377,84.2952366753641,69.237700124344,70.1860747443594,72.5479250496857,69.1750195920115,65.9374007899708,65.6751853036343,63.6522051832414,85.6183259360199,107.17367965296,113.468470388799,83.861034390586,84.4457861898537,79.3842037472253,82.4374960653493,81.7383462422689,86.8848565845315,91.9953002259681,64.289115128395,82.9093701550582,83.0257450545243,82.9079333708646,104.375990188744,104.401160125756,105.986293694835,104.476324723447,105.17722061442,104.650347541385,105.341688943528,109.711706804104,109.608160512794,110.744244406726,109.541507920664,111.380158373503,109.563127536826,109.662749074486,70.7242433448404,70.9672649549064,69.1357170913488,69.9599896698994,64.8623361954262,67.8559482596694,67.3036671951591,59.5158019301914,64.2475663868409,63.7245265343199,62.8711668407387,61.3545101863937,64.8751426122894,63.4290341709697,79.198844222741,109.900080495893,110.347699515403,110.055801963071,109.811708448771,108.977758548184,108.387597747279,110.161066633989,109.76633569622,108.316516957717,77.1594271469785,77.9525657307881,86.1756250119588,67.6622686218641,63.4515090441102,80.1805395265328
33.5172312474186,0,37.0569601032667,33.438027937615,36.9277546850551,45.0147920188508,50.4659561703616,43.4279255781034,80.8051096445418,79.4732012171949,114.450688950763,82.0417550877518,80.4135717772101,82.4583305045622,83.8177475690455,84.9275708103744,68.9719562230504,69.9589822467598,72.2846023071202,68.9550048102162,66.8778373878676,66.6995366310975,64.6950765317598,85.8335431782938,107.804714053722,114.078505835605,83.8428839468077,84.501630805911,80.1749405123442,81.7365155852976,81.0246517793426,86.2067444235185,92.6200350792483,65.3745262693267,83.5108976528375,83.6330462957251,82.2309330609094,104.909234574477,104.937634001781,106.518579721064,104.989734205163,105.689720263422,105.159861265845,105.850496005956,110.224950406827,110.127001520266,111.259512369851,110.058100422462,111.896167402332,110.078526603113,110.183788558152,70.8661198119725,71.1442415186755,69.3530968345473,69.939500671717,65.3514351751315,68.3399456828722,67.7343456192589,60.9394226960202,65.4461837177306,65.0997228509209,64.3065090298994,63.0326956345322,64.5793226424131,62.9599271773559,79.0596795084861,110.445648988789,110.899591600265,110.605604876814,110.359652133749,109.474740838445,108.884729484174,110.669775698353,110.275803940932,108.801161209287,77.4155513478775,78.2220235037373,86.6718047036409,68.3178724544853,65.2303389154348,79.3684424755084
33.5383376063026,37.0569601032667,0,44.9207137503083,48.3693515914123,33.5418948834187,43.5556077081518,37.0382278588235,81.9508353124553,80.5899220274609,113.760805656828,83.3085996801505,81.6812178981667,83.6638206553689,82.9769883503185,84.0776283849227,70.3376806335971,71.2428699423618,73.6237429441065,70.2514172524349,66.9525231006637,66.4757762850364,64.5449119320962,85.1127294671734,107.157559166009,113.418040778284,83.3410897811497,83.9155026029271,79.4684509542694,82.2691442944159,81.5491014347177,86.9246797029392,91.9302650239812,64.8736743117613,82.6434464742803,82.7466933270204,83.5437891058501,104.211238212112,104.240491802869,105.823124068759,104.287794332237,104.98901855687,104.45784228343,105.149710010964,109.531581491793,109.433688887856,110.56760000024,109.364445649824,111.204942991959,109.385423025856,109.490868702028,71.7971529632636,72.0691230533317,70.1748939400244,71.0859910325631,65.7655402567429,68.805162242525,68.3001641900495,57.1571527562651,65.3725348503265,64.8141755234639,64.1711537209352,62.6010555604795,65.8901946010055,61.2956294411291,78.5134331834594,109.760526971237,110.215970051425,109.921137832342,109.674369873809,108.778887341166,108.188103543141,109.975996178955,109.581420209365,108.104965387804,76.3768170847608,77.2282132288229,85.8376527859811,66.4483916634398,63.6662945575987,80.5803497961962
36.9858356539149,33.438027937615,44.9207137503083,0,33.3017369726755,50.3521431775797,54.4557517793322,49.5278156325275,80.1926771702613,78.8836867724031,114.48891069893,81.2639286048499,79.6486874215512,81.7629097320644,83.8090365675041,84.9935612770452,67.6126858467871,68.6555852255113,70.9543808108628,67.6292316231766,65.8166989669001,65.8638856308683,63.7770696054054,86.1601051942183,107.684635169122,113.989957782307,84.1880700316099,84.8543346080046,79.9705762683067,81.7691182924431,81.081850426772,86.0073077470812,92.5455357164341,64.7533902654294,83.6199864636765,83.7540186198276,81.3733657981831,104.925501637901,104.950168597177,106.533384630627,105.02771853293,105.727400020561,105.201472067718,105.891622261107,110.255225547975,110.152112614913,111.286601010343,110.085579323021,111.921947129509,110.106589391753,110.206530874495,69.5891270102314,69.8404702861192,68.1233262163975,68.581018426105,64.3038881451715,67.2452011656587,66.5822042306933,62.5996222948372,64.3517488992115,64.0921782228814,63.1235289106424,61.9821311149751,63.3175009443507,64.797836100453,79.5664975394114,110.438801425581,110.885582196658,110.594284854455,110.350783278747,109.52214420767,108.932703371201,110.704569318046,110.310458382111,108.860142634101,77.9847291345682,78.739861086886,86.8450522153294,69.2201265138674,65.0770644753334,78.7834099161363
44.8500340347228,36.9277546850551,48.3693515914123,33.3017369726755,0,52.2583104982468,55.6363281470587,50.2440044290663,79.4496451045847,78.1501210080829,114.965684205047,80.5444289916975,78.9160646254899,81.0324106828592,84.4705222940007,85.5856933769952,67.3733166616172,68.4524903896069,70.7148793114644,67.4358992895372,66.7980621470599,66.8816644503465,64.8277885629068,86.3742984823213,108.285434391462,114.570416222571,84.1887687801903,84.92370900583,80.7156375281894,81.0940530280491,80.3967197164863,85.3365288063017,93.1382413804803,65.7941029816714,84.1832965699528,84.3218710551452,80.6796580462527,105.432202433001,105.459933891826,107.039287709823,105.515661599513,106.214534919028,105.685758725942,106.375290367564,110.743330323704,110.645476394761,111.776662325857,110.576818400551,112.412730868759,110.596728582313,110.701974508927,69.7769985349301,70.0714096003398,68.3839423541239,68.6074117389628,64.8224344941117,67.7663695816102,67.0572666624358,63.8016947179925,65.591056643972,65.4739933118166,64.6106981986215,63.6501059068566,63.0381016111499,64.6705215826027,79.4731244222174,110.957606320374,111.410391903904,111.117095430498,110.871812205257,109.994889930695,109.405562701852,111.18840013495,110.794979889869,109.321296274372,78.2482057169531,79.0118818230534,87.3132288236767,69.8338404777575,66.6249322437372,77.9493537006586
43.5486260548588,45.0147920188508,33.5418948834187,50.3521431775797,52.2583104982468,0,33.5401070011018,33.5002246838068,82.3346802386659,80.9526462434375,113.548427373517,83.832672754853,82.195319418306,84.1177700347297,82.8355735146466,83.8441344506989,71.3555095657397,72.2226379714861,74.6201637560837,71.2486260225757,67.9353089409545,67.275294697478,65.4295982199785,84.5598918299324,107.126003236914,113.350858822564,82.7687843308169,83.3329658082357,79.5518589600163,82.0786985155601,81.3388370645868,86.937803522831,91.8495670105106,65.481240078992,82.3583858333541,82.4486488013123,84.1346910277577,104.02479884241,104.058346132534,105.63823710828,104.076288261798,104.777803651148,104.24211664055,104.934487000095,109.328599417225,109.236702424635,110.368242279376,109.164726760544,111.007068563552,109.184996770509,109.296612675621,72.7951421586557,73.0928493798609,71.1443993802677,72.1283803843874,66.6194508619759,69.7005981423546,69.2363063023163,54.5912705151952,66.4785132906056,65.9140614380799,65.4554580186932,63.8808608281518,66.831988550964,58.8116348334328,77.7595045997165,109.60016643492,110.063828892743,109.765929071613,109.51636769364,108.556125746847,107.964714318011,109.767786612591,109.373402754284,107.868757824785,75.5197118182038,76.4366956964602,85.4718105186998,65.124634019918,64.0683544891676,80.9551027025885
49.7548502811351,50.4659561703616,43.5556077081518,54.4557517793322,55.6363281470587,33.5401070011018,0,37.0488846152562,82.6966248404115,81.2935908002541,113.320240923156,84.3275228582734,82.681417724474,84.5460484311457,82.693776568965,83.6033558738539,72.3053910132351,73.1387591541132,75.5509843873109,72.1803270165318,68.8833744504149,68.06768734538,66.2994583233037,83.9683155109275,107.08558345068,113.273738861044,82.1528259569381,82.7066292622039,79.6401171777895,81.8804744967114,81.1222211086038,86.9368938300868,91.7601842341152,66.1054611280553,82.0631121691035,82.1407334239188,84.6921564275469,103.824277091671,103.8623014347,105.439222077591,103.849563132728,104.551327792741,104.010951034865,104.70379451243,109.110447886574,109.024853938396,110.15383424366,108.950020561425,110.79418789297,108.969520787496,109.087617181903,73.7302629030433,74.0508982109712,72.0552048586528,73.1011055681164,67.4310476012492,70.5496837885138,70.120682741029,52.0588501662993,67.5530690436545,67.001265200549,66.7002693622601,65.1505009799041,67.7135714571796,55.9030255594882,76.944229534185,109.426419322539,109.898644955095,109.59756462469,109.345109208655,108.317279614962,107.725241150887,109.544156150279,109.150001860605,107.615776895178,74.5935710990819,75.5845737068417,85.0869858767874,63.700665323815,64.6360461966406,81.3160652336058
44.9846907277858,43.4279255781034,37.0382278588235,49.5278156325275,50.2440044290663,33.5002246838068,37.0488846152562,0,81.6385932863284,80.2614704553269,114.04422643967,83.1783339245647,81.5288251290519,83.4436733834206,83.5476089054752,84.4880273306909,71.1283912253034,72.024881116516,74.3934117872155,71.0579980197286,68.6864484927298,68.1341920997516,66.2847319431493,84.7845431338933,107.7381326183,113.945097175684,82.7359669973851,83.3824615149458,80.3173517281487,81.3247719874241,80.5666418485786,86.2439177216932,92.4616508999365,66.434250566501,82.9764993252188,83.0754146980226,83.5108715546658,104.552111981201,104.588576061673,106.164276595599,104.585495835261,105.285972499249,104.747665770282,105.439189523766,109.836396886459,109.749764693026,110.877734515459,109.675720755903,111.517158732037,109.694786116808,109.811688697801,72.9066622864667,73.2310958562927,71.3204607607048,72.1041406408244,67.0325858490337,70.1035276320671,69.5903114740191,57.1415513848509,67.4028345940637,66.9790394714177,66.5117938756324,65.1272211309029,66.5730685715772,57.9405012725464,77.5811504467199,110.137216939265,110.606619262207,110.306873481747,110.055678459484,109.04896590325,108.457808123564,110.271372097322,109.87779162141,108.350022732592,75.8186058513069,76.7456037298047,85.9850514457528,66.0131296975189,65.7363633891327,80.1763859682041
81.5335389788192,80.8051096445418,81.9508353124553,80.1926771702613,79.4496451045847,82.3346802386659,82.6966248404115,81.6385932863284,0,28.0770811965887,125.912851968346,55.5072734208188,52.2791609513679,46.876850146958,97.4191304336228,97.9364248172719,72.2688633009572,72.6768494666214,75.0083490092367,72.2516419373187,82.5476277299647,82.6069411162678,80.8561103429894,95.1139203338081,120.498115557363,126.582715631596,90.3071990827681,92.009480206865,94.2953090443647,76.3643847481334,76.5305625020603,71.565287322187,105.302586636153,81.5634001054309,96.3093965583804,96.5214933312369,61.5793813112307,116.712723225192,116.77145544759,118.307062677765,116.605071509619,117.293017883848,116.736748287528,117.417312323966,121.818182959959,121.776231416112,122.869681639131,121.685573999838,123.512204323123,121.692760761418,121.854173576399,79.1032384715453,80.0939146554565,78.2391374551148,76.7679489922583,76.7790886446537,79.8709053510525,78.8865556650091,84.7136739039841,83.0023671617881,83.5906314064023,83.4835308237572,83.2991061152375,65.1459144234463,83.0557174875847,86.7137032907003,122.346294359587,122.860908781851,122.547522599325,122.284437147025,120.911246285567,120.324726938192,122.218511311549,121.833599864417,120.11541813266,89.302355787819,89.7828859329327,98.5270391476551,85.3739779808517,85.6245239515593,55.7223322513221
80.193794429768,79.4732012171949,80.5899220274609,78.8836867724031,78.1501210080829,80.9526462434375,81.2935908002541,80.2614704553269,28.0770811965887,0,124.328893090497,54.9319090771471,52.1609232652694,46.66306335297,95.9062089164545,96.3943012733552,71.1575350210651,71.5529209144689,73.8950073638311,71.1278517516481,81.2375851327301,81.2691931805792,79.5272287635405,93.41909319818,118.9831012939,125.055662608183,88.5211391131985,90.2564717287947,92.832545203405,74.4152513369694,74.6245736751598,69.1083420268944,103.777781158987,80.1968348540645,94.7540435065048,94.9667447852747,60.6932673037341,115.143688123899,115.204071364394,116.737825721256,115.026082200142,115.713698014921,115.155875172222,115.836202816991,120.239883890259,120.200667768975,121.292507493771,120.108881395517,121.935458001066,120.115538094797,120.279720220985,77.9062328580927,78.8915441939199,77.0263938736453,75.6038585761454,75.5073955237134,78.6051924864731,77.6337083306266,83.264386696298,81.6841649060021,82.2612796923922,82.1645407200344,81.9678020169431,64.029312494782,81.5691903481087,84.976222019876,120.78466990935,121.30255111475,120.988043384307,120.723953157626,119.324813878682,118.738306214306,120.637963093401,120.253367860794,118.522972201615,87.6698978750087,88.1441341966676,96.9334258962208,83.8453346985684,84.2318003147643,55.4078887736669
113.949642215778,114.450688950763,113.760805656828,114.48891069893,114.965684205047,113.548427373517,113.320240923156,114.04422643967,125.912851968346,124.328893090497,0,128.02188334861,126.420656015952,127.981378622207,98.1302602182318,95.9608071607482,115.900483803091,116.249008289798,118.990936437366,115.366778425969,108.588334325796,105.755860356485,105.202631380735,105.361499815194,100.452303193084,100.936718973448,109.89518616713,108.906623411839,99.0069598915882,123.180556110465,122.662557694133,127.995283356173,89.470038412099,101.862826778437,94.8166401559899,96.2322007056785,128.543883232965,76.0410084757767,76.2765936115093,74.3995867859367,76.7905113688955,75.8438806040421,76.8588407650888,75.9202103188043,66.2497265624567,68.5749102560542,64.2324169933151,68.2496729300497,63.5507793718739,66.3565364817718,68.9155445271316,114.786568044268,115.240380811312,112.360879290699,115.509887560221,104.722328624765,108.622798652502,109.02787461115,110.77161452491,109.426776179987,109.531783618,110.772100076072,110.100352453723,111.012969012976,113.606101781709,112.012588778327,74.217091441301,77.3780636207094,76.4704330317098,75.7554281891495,71.1833529300717,72.3134011477274,66.4110698935888,67.9959612695573,74.4855167076331,107.347526047684,106.402840667196,95.9027674018685,106.707084636358,108.355309591279,125.311132239695
82.7438694776866,82.0417550877518,83.3085996801505,81.2639286048499,80.5444289916975,83.832672754853,84.3275228582734,83.1783339245647,55.5072734208188,54.9319090771471,128.02188334861,0,32.541219815149,46.9070760146977,99.1534052905447,99.8496045202029,70.627544719872,70.8751800195107,73.2371353565876,70.5758231166007,82.9674554162741,83.2144043326092,81.4179292114419,97.9305369411851,122.190665919609,128.349875349188,93.6179705613279,95.1509045989162,95.6950486768628,81.552389117453,81.5570661884078,78.5953245481858,107.065529274772,82.3778751426057,98.308045028407,98.5220936127304,47.5102647638223,118.737549803149,118.786334452954,120.332180372923,118.689507857703,119.378936644625,118.832234076525,119.513728170868,123.895473876364,123.83753495677,124.939881470248,123.753590620532,125.57966033737,123.763672971136,123.908855773146,78.3290786577817,79.430891970242,77.5984287934539,75.7309026047711,76.6905157208723,79.7566493223764,78.6696402942553,86.4609590343287,83.5590365617691,84.253207394292,84.1083775935671,84.0369579781954,62.8814378997482,85.2746512360031,89.9678991932776,124.323410017166,124.818454707732,124.511898389348,124.254951864173,123.036943463628,122.450645789353,124.309080397316,123.922543608886,122.276384332143,91.9234424991888,92.4107290604767,100.748227344657,87.4935074730311,86.7806282412465,63.4881628090942
81.1277414850284,80.4135717772101,81.6812178981667,79.6486874215512,78.9160646254899,82.195319418306,82.681417724474,81.5288251290519,52.2791609513679,52.1609232652694,126.420656015952,32.541219815149,0,42.8610637400152,97.5737185018496,98.256243548275,69.4366722618183,69.7464926025257,72.0845180640227,69.4124943220549,81.4944570706205,81.7258337868407,79.9310700128304,96.2722300154291,120.621037747682,126.774354876876,91.9299324704328,93.4718845265459,94.1444272148636,79.6676861224168,79.6727183192728,76.7003359429676,105.489159311389,80.8700659092675,96.707616106555,96.9208310131852,50.2586432914205,117.141993898942,117.191529168678,118.736713799444,117.089499368436,117.778877093293,117.231428295242,117.912911099581,122.296360800198,122.239569376176,123.341341000682,122.155129058071,123.981346836794,122.165028523346,122.31138175508,77.0231924615175,78.1028349311622,76.277562305958,74.4514027256362,75.2989329928559,78.3647050652322,77.2886207400744,84.8290032231918,82.0627507855474,82.7439439268308,82.5974832364126,82.5128122593678,61.870165300979,83.5820208312547,88.2597901042784,122.731825595645,123.228334739401,122.92125373547,122.66383320309,121.43424964699,120.847900634414,122.708997942841,122.322550431092,120.671145024819,90.2593085528218,90.7495964819088,99.1322109649502,85.8499948215127,85.2220942152903,60.6013816288173
83.1727276256982,82.4583305045622,83.6638206553689,81.7629097320644,81.0324106828592,84.1177700347297,84.5460484311457,83.4436733834206,46.876850146958,46.66306335297,127.981378622207,46.9070760146977,42.8610637400152,0,99.3064219694131,99.9112562788642,72.4894926646326,72.8182031633282,75.1648682342851,72.4552038439964,83.7886230741062,83.9406172584874,82.1673772271403,97.5301522092819,122.363401941043,128.484474106569,92.9637412093391,94.5841245085791,96.0181846429227,80.0373656996243,80.1229943200348,76.1763043999519,107.202585445319,82.9993351241052,98.3261938506246,98.5394279121144,57.320610217971,118.740367672015,118.794245654303,120.334816108875,118.661792642051,119.350443818423,118.798850861741,119.479850613151,123.871307889214,123.821572883988,124.919334892912,123.734188041202,125.560512645188,123.74277692797,123.896286503383,79.7527063915716,80.7983813498874,78.9546434541301,77.2872741089652,77.7677145376139,80.8469066220741,79.8117981520191,86.6175586962781,84.3116413074054,84.9525749555605,84.8270703234921,84.6988950692646,65.0580932730165,85.200174087484,89.3543511567849,124.350549723623,124.855619607256,124.54556837816,124.285481216222,122.987971252467,122.401570963215,124.278105742855,123.892411420825,122.209319358703,91.6301330727917,92.1127419433865,100.652350296843,87.4590167086208,87.2314433257692,60.9531940106028
83.1099436183377,83.8177475690455,82.9769883503185,83.8090365675041,84.4705222940007,82.8355735146466,82.693776568965,83.5476089054752,97.4191304336228,95.9062089164545,98.1302602182318,99.1534052905447,97.5737185018496,99.3064219694131,0,53.9966719619159,85.4587965017722,85.787741406274,88.5683844455533,84.8762211697417,76.3770760431337,73.1077378213129,72.7067337150145,82.2294062209754,89.914367359569,96.062219261488,86.0300392931326,85.1461897526148,60.197310792781,95.8772102149395,95.3127680846984,100.559956915593,72.0532104406353,68.576992126383,58.6178825507987,59.3994914063947,99.4911842481862,87.2799792684481,87.2413616680183,89.0319483844,87.8564775461175,88.630726608741,88.154085009704,88.9102805182231,93.4148461077855,93.148778673364,94.4454434672873,93.1348080212172,95.0874753663005,93.2133412815681,93.1546302094685,83.713317466062,84.1166328446055,81.1668562853408,84.6817489448663,73.0630738751703,76.9858625547913,77.4934022687746,79.6012762949426,77.175010993853,77.1769879771385,78.6393205549304,77.8907385295446,80.7119371155319,83.9115919682086,85.7367453597508,93.0414176041228,93.3821049273608,93.1072837824644,92.8755183656395,93.0768980641785,92.4577048467378,93.9820348018947,93.5425660222968,92.7816795081214,79.4207543432177,78.8067070709184,70.3107657120498,75.8834584893722,75.3397694874533,96.7121020854204
84.2952366753641,84.9275708103744,84.0776283849227,84.9935612770452,85.5856933769952,83.8441344506989,83.6033558738539,84.4880273306909,97.9364248172719,96.3943012733552,95.9608071607482,99.8496045202029,98.256243548275,99.9112562788642,53.9966719619159,0,86.9814284184907,87.3422952551705,90.0882670843556,86.4421388407769,78.80665844147,75.7825458760344,75.2569762151238,79.717464109852,90.5854408798412,96.1433941922379,84.4168823756341,83.3174761105757,66.8870763211908,95.7840152583018,95.2249323245434,100.600726589181,72.1685432959669,71.5293375254496,43.6581017720347,47.3907475007969,100.278087773575,85.2318820017189,85.2673825539884,87.0629823278241,85.4042330686277,86.2138283996694,85.6499474400415,86.4438739931628,91.2755288477207,91.0823635466793,92.3830933632209,91.027692016061,93.0585336423271,91.110669493579,91.1300913694017,85.6698637706981,86.0872678010836,83.2214867413698,86.4509679239512,75.5065651606189,79.3634009348488,79.7752471412959,80.4807860912498,79.4673841951022,79.4455435848063,80.7715459263192,79.9838844318937,82.1756332905898,84.2977964574612,84.769339265703,91.5913221279162,92.0604832941207,91.7327758523381,91.4517575111675,90.6453282175619,90.0000504347417,91.771036150335,91.319486810857,90.1871276030434,78.1934278388642,77.3338266216895,63.8634109255047,76.0423358841915,77.4641565064032,97.2452024014305
69.237700124344,68.9719562230504,70.3376806335971,67.6126858467871,67.3733166616172,71.3555095657397,72.3053910132351,71.1283912253034,72.2688633009572,71.1575350210651,115.900483803091,70.627544719872,69.4366722618183,72.4894926646326,85.4587965017722,86.9814284184907,0,34.5470224702574,29.0789520843503,28.5016855720477,63.0963841428742,64.231238784273,62.2957968494337,89.1199103091124,108.124085399566,114.637279859985,86.8783344976924,87.7209151553361,80.3592413918996,81.5370215025377,81.130298123619,83.098746141896,93.3622413879582,64.4432273665922,85.8474810058739,86.0870035055896,69.0960586068112,106.239246682911,106.241722802117,107.83272469936,106.467593179407,107.162580724612,106.66091773009,107.345448198441,111.632451904105,111.501382322889,112.643013003502,111.448458954767,113.269573467267,111.471233830538,111.542052272387,49.8055050766657,51.7549069672415,50.2132404599656,44.1715326992972,53.0416070491894,56.0117868114157,54.2888327029334,74.2325057354968,64.7923508623443,66.1352628431094,66.0088327095344,66.5960074820293,34.7812292436816,75.5249727143782,83.2708667475164,111.594454405672,111.998592536859,111.724076578101,111.495983134281,110.997647687651,110.413130464096,112.107156012454,111.713786521387,110.398666277265,82.6055039278573,83.0582969259278,89.2817970793103,76.3792934348093,71.1979538249647,72.2741211886266
70.1860747443594,69.9589822467598,71.2428699423618,68.6555852255113,68.4524903896069,72.2226379714861,73.1387591541132,72.024881116516,72.6768494666214,71.5529209144689,116.249008289798,70.8751800195107,69.7464926025257,72.8182031633282,85.787741406274,87.3422952551705,34.5470224702574,0,30.5775873177658,24.5128541222761,63.4260855640161,64.4801075021064,62.6069248634504,89.6157772743961,108.381208477564,114.912652348837,87.4131707130382,88.2465246847794,80.5960326679663,82.1593148707068,81.7630840592788,83.6342339167932,93.6469257903589,64.6957396768831,86.2279061131836,86.4729036063739,69.1920993363569,106.574609283953,106.57496918903,108.16734711632,106.815261707979,107.510143220166,107.010665092483,107.694989129842,111.976138632629,111.842072734662,112.98492521401,111.790506514599,113.610759921074,111.813649474596,111.881386707651,48.8211551353911,51.4729363948798,48.9901413474669,44.6993992209775,52.3078077999072,55.444893184897,53.7531251398507,74.9346808077634,65.3080117204872,66.6768116970622,66.6444253674033,67.239399540301,28.6046246431681,76.2861918969153,83.8580885637881,111.916877918618,112.316892055514,112.043918368729,111.817228466436,111.351121614889,110.766883250614,112.453444468392,112.059959308764,110.75881546727,83.1584010283392,83.5981052589119,89.6930393252355,76.9796336133283,71.7442612403889,72.8630001326973
72.5479250496857,72.2846023071202,73.6237429441065,70.9543808108628,70.7148793114644,74.6201637560837,75.5509843873109,74.3934117872155,75.0083490092367,73.8950073638311,118.990936437366,73.2371353565876,72.0845180640227,75.1648682342851,88.5683844455533,90.0882670843556,29.0789520843503,30.5775873177658,0,27.4201896018809,66.326006144048,67.410473753732,65.5016375661217,92.2063586500401,111.214790436125,117.728497270831,89.9446975779781,90.7951342468393,83.4643239023476,84.5241055102626,84.1261373311008,85.9981484322777,96.4565470513685,67.6021661806671,88.9542830138353,89.1952516001057,71.5998142550226,109.331304272732,109.333808010515,110.924548495974,109.559373854515,110.254235820347,109.752588386023,110.436999950997,114.723542992454,114.592634272187,115.734046688832,114.539671961385,116.3605735603,114.562367249868,114.633337566018,52.7315669833189,54.9492968000557,53.005834400014,47.8230600436019,55.9366886722531,58.9774436858406,57.2835656398859,77.4413042961783,68.0669947694532,69.4049636018011,69.3124144791034,69.8877194948682,34.581019648829,78.7072780211255,86.3520215804355,114.685827724986,115.090028817033,114.815521105701,114.587440097807,114.088456817111,113.504005355779,115.198146145138,114.804847456732,113.489137780202,85.7178750035357,86.1671323804473,92.3828066295083,79.536216181348,74.4171552230479,75.1251543326457
69.1750195920115,68.9550048102162,70.2514172524349,67.6292316231766,67.4358992895372,71.2486260225757,72.1803270165318,71.0579980197286,72.2516419373187,71.1278517516481,115.366778425969,70.5758231166007,69.4124943220549,72.4552038439964,84.8762211697417,86.4421388407769,28.5016855720477,24.5128541222761,27.4201896018809,0,62.3523674342992,63.4549836886605,61.5619810666763,88.7746765126604,107.476398026343,114.011629821798,86.6071066863599,87.4282384581922,79.6676495541152,81.4745143432395,81.0697763006248,83.039234522416,92.7442097086264,63.6998824412582,85.3325941266987,85.5770855123456,68.9914070512817,105.687123858023,105.68693281302,107.279979886444,105.931128959273,106.626144861102,106.12717946071,106.811604872835,111.091915414543,110.9569141167,112.100342872742,110.905728288475,112.726043623872,110.929062512638,110.995855134811,47.6736655675814,50.1560158899863,48.0463462227549,42.624087690049,51.4132244586515,54.4881696761939,52.7545095393756,73.9895583360306,64.225563317283,65.6087950730894,65.5566097088529,66.1701059315827,31.2596533836253,75.3896994720504,83.0461971518923,111.027114381214,111.426043606096,111.153435008376,110.927071060494,110.469643261288,109.885389000195,111.569984053725,111.176380368707,109.879394754526,82.2984880378879,82.739439710628,88.8126765049128,76.0749241095001,70.7454736739539,72.338230052379
65.9374007899708,66.8778373878676,66.9525231006637,65.8166989669001,66.7980621470599,67.9353089409545,68.8833744504149,68.6864484927298,82.5476277299647,81.2375851327301,108.588334325796,82.9674554162741,81.4944570706205,83.7886230741062,76.3770760431337,78.80665844147,63.0963841428742,63.4260855640161,66.326006144048,62.3523674342992,0,38.5715828273694,30.6335317132102,85.0984700849865,99.0533493125187,105.877790063606,84.8057581983263,85.0290866932844,69.5806559761016,85.585616700355,85.031880424528,89.1036034102448,84.5512825288475,46.1055857457737,78.0987935599496,78.3568026500545,82.6366231143676,98.5691315973866,98.5289661864337,100.163785890104,99.053629527883,99.754662468136,99.2943943979778,99.9825561163113,104.186054582734,103.986811467218,105.16615888871,103.962565242958,105.780936571568,103.997599740777,103.999200106498,58.6044341592635,58.320268392186,55.808708228737,60.4201129533018,47.4515755451825,49.8765750779281,50.1042686524587,68.6950851425379,40.2444920794455,45.6537934621082,48.0606056309438,50.80293801603,59.0344165610522,73.4763741356937,81.760648000152,103.721525320732,104.042587586316,103.796981557936,103.594874811994,103.758439708543,103.175151522888,104.71745023918,104.317287721214,103.310311585138,78.5539146095299,78.872095528821,82.577246228017,70.9879243734702,58.8003545379478,81.8203399823446
65.6751853036343,66.6995366310975,66.4757762850364,65.8638856308683,66.8816644503465,67.275294697478,68.06768734538,68.1341920997516,82.6069411162678,81.2691931805792,105.755860356485,83.2144043326092,81.7258337868407,83.9406172584874,73.1077378213129,75.7825458760344,64.231238784273,64.4801075021064,67.410473753732,63.4549836886605,38.5715828273694,0,27.0598792876876,83.0559748017896,95.8239038249152,102.717567315555,83.1505777859248,83.2586110004957,65.8104369168527,84.9796586387243,84.4181354681973,88.6857178571161,81.3699841119805,37.5344150072025,75.1885218800725,75.4559286786279,82.9785649988989,95.6553824177495,95.6054178942789,97.2502482016073,96.1988647705048,96.9011862302913,96.4505288176286,97.1394144530107,101.323271658236,101.108476290165,102.296354957792,101.09078926743,102.908415563814,101.128591131945,101.114396315497,59.9369645553913,59.9356564423467,57.004240517583,61.8334485351388,47.6893815454938,50.8410026938319,51.5259258142656,67.2098741992482,43.8304138681954,45.9360116913082,49.6755762159853,50.8017330524229,59.9903330278636,72.4377661626636,80.3059179022059,100.761495219302,101.063682292719,100.824625727961,100.628407385361,100.943136973805,100.360209427492,101.867621783477,101.465952096492,100.52952233651,76.6493317277037,76.912236892588,79.9196690188759,69.0589618133253,55.9248086762563,81.8707450477102
63.6522051832414,64.6950765317598,64.5449119320962,63.7770696054054,64.8277885629068,65.4295982199785,66.2994583233037,66.2847319431493,80.8561103429894,79.5272287635405,105.202631380735,81.4179292114419,79.9310700128304,82.1673772271403,72.7067337150145,75.2569762151238,62.2957968494337,62.6069248634504,65.5016375661217,61.5619810666763,30.6335317132102,27.0598792876876,0,82.043515775304,95.5335003920246,102.377633883835,81.9736192227299,82.1276656559947,65.7329589898348,83.4073388804537,82.8454093765521,87.0699816244193,81.0217827590243,39.412829034492,74.5971391319189,74.8514249099411,81.1616915862665,95.146757025727,95.1030685707801,96.7428106910715,95.653183377014,96.3553339717272,95.8983315293161,96.5873722800057,100.786545373146,100.581091066316,101.764557717637,100.559306475058,102.378591107269,100.595725041073,100.59108155713,58.1629357940149,58.0621457489412,55.3426506566532,59.9111820229193,46.6088576378183,49.4983565291464,49.9571369328259,65.6791090134524,38.0291169072241,41.5922614714189,45.716692843401,47.5953469918044,58.1250079860173,70.8606731240569,79.0176527836026,100.287401152268,100.601732910605,100.358278796787,100.158078267521,100.376807773932,99.7933065405967,101.322935991664,100.92187544034,99.9424189143016,75.51446451904,75.8105125439519,79.2091744076112,67.8267603145925,54.5241423021896,80.1085621492841
85.6183259360199,85.8335431782938,85.1127294671734,86.1601051942183,86.3742984823213,84.5598918299324,83.9683155109275,84.7845431338933,95.1139203338081,93.41909319818,105.361499815194,97.9305369411851,96.2722300154291,97.5301522092819,82.2294062209754,79.717464109852,89.1199103091124,89.6157772743961,92.2063586500401,88.7746765126604,85.0984700849865,83.0559748017896,82.043515775304,0,105.379352124106,110.459296653727,66.9934547304581,62.1863904190014,83.8070774992791,89.8335059243871,89.3155139072613,95.3147989577333,89.1813175368191,79.8011177990325,76.6205161311438,76.8903375820691,98.8126356969356,97.0891452323843,97.2834291100452,98.7090292329637,96.1682936756051,96.8556101149807,96.1560028154674,96.8438270117286,101.59857571959,101.754955439705,102.758575473505,101.576486472048,103.444553744327,101.555764559966,101.92003759521,89.8205082185685,90.3094008315559,87.8203869661902,89.7437052115508,81.8803802942685,85.4315118371753,85.4117943239248,81.4747583643058,85.2469910839347,85.176896839009,85.9493108506336,85.0706588604507,84.0116686838244,82.1799924355852,73.6705595527522,103.450642730488,104.218764146076,103.814099524396,103.468320242302,100.048674813467,99.4454600256009,101.828526162721,101.454357659257,98.8002953337421,69.20754997158,67.0839650326975,74.3057146868847,75.3543740741871,83.1575955600242,94.5407906379636
107.17367965296,107.804714053722,107.157559166009,107.684635169122,108.285434391462,107.126003236914,107.08558345068,107.7381326183,120.498115557363,118.9831012939,100.452303193084,122.190665919609,120.621037747682,122.363401941043,89.914367359569,90.5854408798412,108.124085399566,108.381208477564,111.214790436125,107.476398026343,99.0533493125187,95.8239038249152,95.5335003920246,105.379352124106,0,56.1418384263717,109.010754330172,108.224210610218,86.5535957491846,119.131911529328,118.592468365649,123.686327028507,75.7934725457539,91.7113707388572,90.7510382029798,92.0657780070653,122.50073223004,89.2778786333217,88.5610552898097,89.9468092152111,93.3222818521372,93.743093996731,94.0303469352057,94.4303191986811,95.5425059063005,94.5584979894929,95.6664733538529,94.9721826235467,95.8933306631914,94.9543023246132,94.1162711412207,105.932631020103,106.374898979383,103.248009441757,107.137611643847,94.5705007602647,98.7065596164602,99.3745063773651,104.627027210631,100.3699418975,100.623428864294,102.107738457381,101.595240416803,103.36110878887,108.32239912015,109.454071630616,86.4495098933533,84.9672426452967,85.5775074464157,86.1615099254854,98.1987295605706,97.8300193788174,96.8552579133275,96.5679012565139,99.5122010143558,104.373672717178,103.731889888286,95.2225468317298,101.626072281189,100.219334632782,119.851088346217
113.468470388799,114.078505835605,113.418040778284,113.989957782307,114.570416222571,113.350858822564,113.273738861044,113.945097175684,126.582715631596,125.055662608183,100.936718973448,128.349875349188,126.774354876876,128.484474106569,96.062219261488,96.1433941922379,114.637279859985,114.912652348837,117.728497270831,114.011629821798,105.877790063606,102.717567315555,102.377633883835,110.459296653727,56.1418384263717,0,114.289423738405,113.456473364308,93.7206069123517,124.96952577471,124.432887757055,129.57483391607,81.2652490309183,98.6325828891216,96.1277027599407,97.49830668,128.698109730359,90.3707958721968,89.5188492824354,90.6331092202401,95.0771216402718,95.37812109169,95.8436738499474,96.1285373221841,96.1859824328721,95.0595548911831,96.0056078138918,95.5819376272919,96.0831383428733,95.4996570255543,94.4996564997565,112.649152304715,113.092350945965,110.014273838477,113.762175922187,101.536864170832,105.625174588458,106.242071580201,110.780365255361,107.09544176941,107.315789124133,108.756049347914,108.208858517273,109.85280928239,114.33894360902,115.003991911174,84.1456585269527,81.9548924427011,82.9914693355583,83.9571827646875,99.6026286788931,99.3156657265954,97.6811196593039,97.4630249087336,101.269751072943,109.942003425565,109.24216962064,100.129696618116,107.563029485776,106.736536192729,125.941545322114
83.861034390586,83.8428839468077,83.3410897811497,84.1880700316099,84.1887687801903,82.7687843308169,82.1528259569381,82.7359669973851,90.3071990827681,88.5211391131985,109.89518616713,93.6179705613279,91.9299324704328,92.9637412093391,86.0300392931326,84.4168823756341,86.8783344976924,87.4131707130382,89.9446975779781,86.6071066863599,84.8057581983263,83.1505777859248,81.9736192227299,66.9934547304581,109.010754330172,114.289423738405,0,49.680784858356,86.4054470836493,83.2695596239833,82.8028259736238,89.0752437461205,93.1125726091548,80.297489379074,81.7979180136735,82.051391323529,94.7423432457334,101.608306324998,101.777119045702,103.200658103626,100.837804751933,101.5109678049,100.846708668272,101.518826275315,106.141110697061,106.274340009029,107.272078579416,106.109742799717,107.945425324438,106.085882252161,106.425209360824,88.4528137652339,88.9884992237852,86.6347873097428,88.0209448876344,81.4106357552807,84.8596917128971,84.6732761592061,80.5247771871197,84.8697622094497,84.8491470861468,85.4176083821943,84.5823343043491,81.596833853571,79.5295654699252,64.9679225215844,107.768255885066,108.496513752641,108.108633425316,107.778559065232,104.698422973884,104.10777927714,106.395374287699,106.027347919942,103.512585666967,70.0684771957061,69.2908677297999,81.0924601345331,75.3678138969338,83.2772711702884,89.855993927475
84.4457861898537,84.501630805911,83.9155026029271,84.8543346080046,84.92370900583,83.3329658082357,82.7066292622039,83.3824615149458,92.009480206865,90.2564717287947,108.906623411839,95.1509045989162,93.4718845265459,94.5841245085791,85.1461897526148,83.3174761105757,87.7209151553361,88.2465246847794,90.7951342468393,87.4282384581922,85.0290866932844,83.2586110004957,82.1276656559947,62.1863904190014,108.224210610218,113.456473364308,49.680784858356,0,85.8407129970572,85.54854987089,85.0551847421671,91.2791828153699,92.2472285403676,80.2843869247267,80.577792869329,80.8244594817429,96.1929874487382,100.61723960712,100.791686045499,102.216646424902,99.813966020929,100.490766775028,99.8185212971505,100.494597400504,105.148294236454,105.286152366007,106.285995635884,105.118575336811,106.96230346854,105.095706079247,105.440099088622,89.0243600819941,89.5436013875435,87.1514022015845,88.7003558303253,81.71172633057,85.1888927844832,85.0517365486108,80.769927115581,85.1050175493804,85.0623702755754,85.6891351951163,84.8324539558325,82.4993431985747,80.2657616500385,67.2335339485551,106.825063653645,107.562075032258,107.170385200301,106.836729138213,103.682538548131,103.088841039924,105.397454391499,105.027794611591,102.483886207304,68.9656330937227,67.7188006188183,79.5347131473016,75.1796329472831,83.3152503192792,91.5029816785906
79.3842037472253,80.1749405123442,79.4684509542694,79.9705762683067,80.7156375281894,79.5518589600163,79.6401171777895,80.3173517281487,94.2953090443647,92.832545203405,99.0069598915882,95.6950486768628,94.1444272148636,96.0181846429227,60.197310792781,66.8870763211908,80.3592413918996,80.5960326679663,83.4643239023476,79.6676495541152,69.5806559761016,65.8104369168527,65.7329589898348,83.8070774992791,86.5535957491846,93.7206069123517,86.4054470836493,85.8407129970572,0,93.8997659682323,93.3373223937139,98.2925869067479,70.9979887356207,60.8477703095196,68.0332170103998,68.6781368601944,95.8597187324569,88.1216117991509,87.9928761929633,89.7479365287317,89.1621909389405,89.885444423519,89.5121542697513,90.2160932528004,94.287329085102,93.9387654590298,95.2141777880153,93.9744389135894,95.8099840861348,94.0415141557246,93.8927958117144,77.6213487809683,78.015814756567,74.8332605310981,79.0393866750932,65.7578074500921,69.8885235927743,70.6456763963705,77.0092752961589,70.9184143620832,71.1080298781775,72.8477203633424,72.3127353749468,75.7085629804369,81.733809735889,85.3710880447626,92.9999729419012,93.1648599132165,92.967492702776,92.8081061669759,94.2989091280305,93.7143419557649,94.9396613356163,94.5198412444832,94.1848701221359,79.9039240542776,79.5897315902468,75.3224300481851,74.8854039875116,70.4926745612016,93.5904190364141
