IBR/IBR_outputs/SS_Optim/CoarseFrags_Total/Results/CoarseFrags_Total.asc
NCOLS 160 
NROWS 95 
XLLCORNER 210004.651214014 
YLLCORNER 7350008.22228844 
CELLSIZE 4999.99999999997 
NODATA_value -9999 
[rows 63 to 83 of 95, columns 92 to 137 of 160]
1126.22791286644 1126.32137754714 1125.81310330478 1125.56591936003 1126.59602065339 1126.62250416916 1126.40584448777 1125.64424152433 1121.24052991959 1053.27975101428 703.714691149986 516.522276113364 550.430620212755 598.97619588845 616.72037861021 627.733996719728 627.048810607753 499.035008686817 344.511816878208 282.122632898636 353.028492647646 383.68391962716 439.670199930807 629.346096707233 728.688376540878 762.716544012503 922.923285933957 1118.28927095083 1126.28673054317 1124.73209195319 1017.2212420355 1054.12486903053 1112.08853532833 1048.45704021351 1051.80536198121 1051.39976193564 1060.75608166429 1094.31103862357 1077.94585447792 1101.78012534965 1123.82877140565 1121.77584235461 1120.86211882043 1106.38788613692 1108.5381318675 1094.7340606816
1126.73372883951 1126.05910655323 1061.22718720526 1117.84661763252 1109.87346028537 1124.13464249135 1126.42063929236 1126.33502602996 1126.39443078951 1125.68918276051 1112.02981779561 942.161902533519 582.222791868596 649.806369438083 643.367847647493 652.536252063059 669.644047636621 659.448494990821 538.573572623258 427.10268578629 425.711456202012 421.819663352586 437.206647499038 468.908862954695 539.434139847003 548.85066760774 729.706327996257 1045.60589194657 1098.35717213705 1118.84470930211 1108.67766615225 1113.36925903886 1113.150727303 1049.18778814389 1079.0822468775 1071.97921472874 1070.41265906799 996.029400629637 1055.82802462273 1103.93357531677 1111.21463683832 1123.49603289839 1122.91537557159 1120.22910593149 1121.94476575129 1121.75642941662
1126.15827190054 1097.59586501537 1071.2383035637 1052.73286241371 951.891548776228 1112.88262832425 1124.55679917658 1126.28206827203 1126.5315541608 1126.09288143376 1126.10782963573 1124.05547330029 1024.58180517987 637.415546977869 674.689426342576 685.01404507595 655.53280777668 632.918237046429 681.496392615052 578.04738606913 455.602548614675 400.269769583662 360.93616181509 439.422213599443 514.806064308317 502.957334425998 842.511961783829 857.26248815169 763.373639919147 937.370946559527 1118.49657155708 1123.23680268363 1121.40379297331 1107.00030843079 1054.57324074057 1095.57569692557 1075.88033429517 882.34068949373 706.537865890646 978.527252275651 1109.56581801699 1122.08432851965 1121.41716388745 1117.98852930316 1117.73526923612 1106.85069698132
1123.51575063548 1062.28473445848 1104.19239120761 1090.46139844729 1096.93620296806 1105.35356709972 1122.30225842933 1126.38604313309 1126.30152054846 1126.5855833382 1126.36353535423 1126.42959852887 1124.44468523983 974.698105689702 643.018776497791 647.199992894545 661.283650518379 621.588234364628 606.923411369758 731.835441676213 417.545009672668 338.678313304429 307.620792729939 321.653016323925 412.806494035524 484.373397166971 545.599621647145 632.78394861351 571.15190905857 600.716824831703 883.13801511304 1103.19540501766 1108.69608926371 1038.71470393666 1014.81938258016 981.066867630284 1003.63596323515 1037.07235674362 1067.37578552502 1030.25168242414 1111.35708466871 1123.84640806796 1124.1781469862 1112.49945963201 1102.19297526544 1101.4888991686
1122.99675207381 1122.54123737259 1126.11451143627 1124.3116350726 1066.27272572307 1112.99394277194 1123.61838039716 1125.04969676528 1125.71470330409 1126.10139688903 1126.272959008 1126.52776215117 1126.36490417491 1118.41817510613 846.719104707962 565.123494005581 508.008731944114 519.850254784321 617.824565835937 772.856476630642 894.046804252307 872.660171322157 350.185765525649 316.213900767844 376.821788017027 380.326510910619 393.021804616318 514.781348393852 456.099209812401 381.792816861492 474.995800087 599.172200126599 547.792327519364 375.943938619649 358.413456225262 266.183504760631 283.360379875289 444.248934044641 981.591000953518 1024.30949914955 871.495755251997 1112.89797870615 1121.90473985711 1114.32347190554 1079.78739068583 1112.15938449429
1094.3119974939 1125.41890164134 1094.24872859493 1036.84441750586 1107.42130589809 1122.96182153362 1124.73730028741 1125.4369202366 1126.12709360848 1125.42547333174 1126.25310511711 1125.53424901495 1126.14463235889 1118.68993025827 1120.47787869147 1068.51865353736 652.221743945104 516.889502617366 582.742492838178 971.825033141311 1106.08124795839 1111.73068950301 672.134360612939 444.399742995958 366.193848300739 343.056815781094 324.677637467224 361.136213508639 375.168456970131 421.801409178475 436.774953257798 448.194934996591 367.693950071512 434.718562390035 423.219541688798 250.798768924591 280.98847288394 275.312263571934 1069.76548370265 1083.33416503928 793.087720540679 1105.03841138163 1115.57396633993 1116.41617292326 1123.4924282655 1118.66869542937
1123.81528811835 1120.85146998674 1005.28157074159 1117.67253525707 1121.29985089933 1126.27959630387 1126.45553367958 1126.54955696973 1126.38025279716 1125.92931478749 1125.6821054241 1124.47011659728 1122.4025443813 1116.7858753696 1124.5543638731 1125.17834024154 1079.63160078939 574.442326510443 492.540012649108 695.699066624503 782.577024337423 752.599960354651 473.049002460945 320.574290273851 261.787462401939 291.813682458198 401.669175318684 530.10746549904 566.919547428311 586.801383981751 449.684633282405 372.419741278309 407.896949825425 602.103826030249 622.011451382284 226.242833574516 270.22052563726 683.666606203658 1083.03519631264 759.038009854238 1026.33417807982 1061.41444309828 1113.00800504156 1113.53827750296 1118.79382158514 1118.81969880872
1124.20030955267 1124.58839599309 1123.75711384122 1126.31896535602 1122.34975896439 1126.43848906733 1126.44340649441 1126.64806466258 1126.65908021872 1126.48953734555 1126.42611966141 1126.34715508671 1115.73915792554 1125.67530182095 1125.8350673339 1124.43375775258 1123.36522817841 1055.8224575032 787.301323419959 555.659911205063 492.598545342209 417.086197561135 334.092068376746 334.103300362948 353.922428932193 443.62537344128 567.910212642961 636.391908723377 625.503949820145 640.386062615763 589.745758500788 363.753191832322 389.787706070393 262.270934646361 303.6479439079 244.378491543189 423.893780940456 1046.6956951379 1096.58060754171 1001.57364887801 1080.56220560536 1108.56496181642 1101.25890134405 1108.56734234906 1084.98849009107 1041.1452843319
1105.45298643995 1104.08581612998 1114.14809660211 1124.62424138065 1126.11241471438 1126.74534110269 1126.54985346368 1126.53452213029 1126.27479620927 1126.48822138661 1126.560038897 1125.74705323102 1126.17721558828 1126.53767403914 1126.45079888269 1126.11074625015 1125.59028394947 1124.03008717127 1077.26490070124 728.504254394401 497.401915906474 418.980932336196 376.873906272118 447.411092665088 522.091344512807 541.634103882073 521.090073049924 567.111642259165 591.318720789023 626.531666808783 620.847451252536 379.752443577304 335.339307227567 338.612442653727 300.67965251954 353.668370822405 662.148243500964 889.232987653287 974.354563489661 1060.7001908507 999.079854402248 1032.12680038282 1081.59218509021 1065.53597309975 964.376423022494 931.245085720388
1125.68143389857 1124.69284615817 1116.98589451004 1117.23118433202 1125.10886186848 1125.86362163501 1125.99838783966 1125.79656389608 1122.84413285979 1124.2062058203 1116.16299698692 1119.56422812633 1126.30268968734 1126.24959404391 1126.33093702455 1126.31339906048 1126.41084620305 1125.93342971071 1119.32049215706 1072.6042155799 538.578046003421 455.633247900872 432.299244004384 493.51116848227 516.48486622969 540.630681757603 527.113825024522 425.343468695547 450.255707433481 518.854417438613 471.90424376486 375.234326746851 352.109583957069 710.929404172208 472.09884685476 389.720754484425 627.189262482372 853.606154331944 850.32206513107 1007.42271225225 1106.01998411389 1109.66635419313 1087.47173854518 1075.4603804726 897.183204714513 1078.86029019842
1124.44247581464 1119.86653968267 1080.969870417 1124.26655779764 1126.41011862346 1126.68763003193 1126.54520203922 1125.56845860063 1126.28890316911 1117.49774151092 1093.88600151623 1121.06028598593 1126.01799158965 1126.39317311342 1126.65936035129 1126.59612662906 1126.55148656849 1125.94488169734 1125.83811557439 1116.21344610983 1032.63606649851 1000.56245507878 528.195992990069 467.813844490738 524.404167154573 513.031463351242 503.933689388129 385.570183024227 272.363105509839 260.5607612768 349.975606235798 379.104723095813 353.172770926748 627.656000219516 675.951690250477 372.261795698111 373.533547346713 619.193626117898 956.487333908316 1019.0260722638 1101.98422277919 1062.41339116672 1036.14027776752 989.802877180094 1021.28495222229 1070.80234202259
1114.37072720787 1119.49011735562 1101.27980981208 1107.87275611821 1125.15284963556 1122.94456520198 1119.16099970305 1125.91866919805 1125.97424633723 1124.17895857129 1121.80760702766 1125.72512171394 1126.46223119327 1126.28260907523 1125.29662728461 1126.19797571274 1126.55987525781 1126.44695464894 1126.21598737802 1125.3172061795 1124.86802686139 1122.56506635294 811.861063754782 429.854392957068 495.51881847666 518.069155467772 498.063442075489 333.870455252467 337.155277976585 307.994203712548 411.170250402944 422.864013908422 343.053452634103 394.917752229598 301.527959771701 574.052207128996 696.750691735025 981.929078044162 1020.17260480219 962.081846756046 991.455381446297 704.615024601126 821.242511384799 860.168604214665 1085.70753190208 1108.17652759344
1118.40920131523 1120.99649629033 1119.59718962384 1121.22919253443 1119.97464336259 1121.81539216678 1124.73016908758 1124.5986821775 1125.9061795005 1126.10450963376 1125.94611971206 1126.23432421062 1124.11291449774 1116.72226109941 1122.47971435264 1124.30586932932 1125.89572668567 1126.38515171794 1126.07681817114 1126.15824965939 1126.31728654397 1125.74408168541 1091.18629335612 587.385069086502 527.16015340012 517.112373919599 459.330681170535 348.125344478889 363.068009031029 417.442414183051 383.739071082203 376.413874961775 246.646424357138 305.609514150326 231.792835109988 297.010197768937 643.3348908871 834.143662443422 767.548032022524 684.222071371246 723.43814964676 679.761407975608 957.929797527876 830.302501137659 1021.40716757648 1078.69078605645
1124.64763395038 1119.02907338057 1120.51064574582 1125.9839576116 1126.42764236276 1126.20763905934 1125.56607764967 1125.82548610103 1125.32490786302 1125.38892188667 1125.24182503156 1121.06640926863 1121.39107707416 1117.13654548352 1116.78354160019 1119.9424903979 1116.4852394969 1106.66441443539 1121.57522302967 1123.99442784206 1126.08982871351 1126.06857211249 1124.7853972481 1121.89599965453 1072.50347537337 559.665404202096 422.431787839712 353.023122079983 416.652860645241 621.623137562452 387.360135799928 536.356908892424 268.188598917615 264.78238323856 231.048820652585 220.980718203908 518.124142047291 888.022780267756 614.379349634414 700.888630799814 665.268787327311 606.056531816266 683.835994209697 742.22939956766 996.70810669961 1020.76653318549
1118.32852215867 1121.74808046239 1125.23775652896 1126.417112281 1125.9011677888 1124.11616166469 1121.26155682697 1122.53836631279 1124.19863871828 1120.43251861875 1114.97421456347 1099.4425124888 1113.83701640819 1118.0812259108 1121.53509229461 1122.80520891118 1111.10074164943 1113.09734062241 1121.88085184217 1120.46034275073 1126.15407777542 1126.37884316236 1126.39249705605 1124.94899559352 1117.12882732577 584.829150203619 465.520827749955 436.750626661642 681.190948462532 964.230347804014 710.40952762304 296.158015310891 231.44268600515 256.738710571483 270.556850920831 432.832362771677 374.544583664335 1087.09932155269 1000.45091452614 915.479965218758 628.03002524193 581.466709023008 648.786885829554 625.036532020069 917.10481664828 1018.83414042936
1126.02483013892 1124.38398467745 1125.03834196352 1124.34019674882 1122.98490075385 1125.10451576761 1125.50658658413 1123.40040058305 1119.05039708405 1118.43573388056 1119.85077695142 1108.81076740545 1104.35158874865 1119.54036028102 1116.22229057317 1105.92917898467 1106.7207204223 1124.35644335189 1126.10011187614 1126.44837515558 1126.41619928705 1126.38825799982 1125.9123798769 1121.8408933991 1116.26877895875 1033.14764208266 1080.0324657826 742.093932538129 865.160890706129 401.963379952093 233.519702666751 269.384875548047 284.30926993696 290.582095278471 496.088294847501 722.46288585039 373.661120885642 980.822399058608 1100.12150472074 1110.46212441367 989.090975815707 860.724075902073 1008.70250421862 944.088769832557 619.166160481378 691.869417608841
1126.56658636468 1123.48158526576 1123.76368635946 1108.92272857691 1116.03222101533 1106.75231394078 1108.18042382472 1125.21983782756 1119.52417554253 1104.22314428081 1122.02646021758 1124.91114479937 1125.53228968359 1126.33472174366 1126.19278306154 1123.53089768209 1124.67714948723 1126.16742973741 1126.07471060624 1126.27965482086 1126.13837084888 1126.4973853654 1126.49616408695 1126.06938422262 1077.31002726166 825.570138394293 1108.4944743251 988.54923201956 1110.24600877748 1039.84082361489 609.934523774077 264.746735172205 253.008945269 308.072369225319 369.135432403662 353.636307087831 326.581108587459 452.572676741821 1106.29431916083 1115.02552327079 1106.96277330108 1012.15640195297 1037.65670683131 944.294506616446 878.902820909934 608.933058733491
1120.77364634392 1079.02066773275 1104.64912325957 1122.27539310469 1119.44783968076 1103.96710694639 1105.73098264933 1123.48016133537 1075.24825083529 1104.73275446187 1122.04070081569 1120.90891830892 1122.93975605168 1125.14831461043 1124.2765369754 1121.17713900418 1125.39524002274 1124.44968726905 1124.27000085822 1123.150948174 1124.17246745254 1125.1845481169 1125.64436439059 1125.14791125185 1119.34717609474 1118.24284509242 1126.14419087036 1119.65007560567 1113.31277229216 1070.8019773888 1017.15640648923 510.866839026761 250.9715280343 327.317467163827 353.578232719247 314.156728779065 419.296932720906 400.93748998985 1067.57971005748 1112.56413718193 1024.08858132264 1049.23444538145 985.893089139085 962.167957929593 972.650442816999 1072.67930623226
1125.41360615412 1122.51277379992 1125.45348073759 1126.34728453645 1126.35150606256 1124.49749603034 1101.13542929865 1103.93625098387 1064.42575244511 1081.4785979669 1104.95020255721 1102.71351493528 1095.50524650051 1119.41264066223 1116.34641931356 1117.72145037533 1125.48898458697 1125.47567555516 1123.79940587951 1123.94710967755 1123.48104151475 1118.30018927769 1104.01632532604 1120.07792090813 1095.42297097797 1117.55285384948 1123.85741699049 1124.33816900198 1122.3351543641 1119.77305584272 1109.10257049252 712.767211708726 514.807333572296 390.664965596837 357.218467059553 375.492598362837 444.020848925796 777.159565168388 1044.56933179854 1110.48014908261 1094.33051497587 939.521269493639 804.128314352684 940.405407991673 904.680433913531 780.426752310244
1125.93004219732 1125.40156690887 1126.2299717238 1126.32319048351 1125.98879573053 1126.35450054349 1126.19010906228 1124.3863466935 1080.84738188387 1100.57885453025 1112.860003032 1076.75958245757 1091.59050297553 1118.87669335455 1123.5714912445 1111.18520430398 1119.49145177203 1121.63089070265 1123.90933165307 1123.26377458023 1121.98787952322 1122.8332222654 1101.00622748827 967.331088393799 575.707950739616 521.102042149269 883.272617161659 1065.54331795879 1114.30051082332 1123.10195803419 1124.22569601585 1108.96148060329 1111.05819119656 1012.08303799199 503.186908730802 389.177657516408 755.951060405746 1112.10027854041 1114.52270929678 1086.44870597041 916.270105106705 1014.94635516509 1023.78225428086 1019.02891573205 1032.60042289874 1037.65296843282
1126.06114888049 1125.57461784675 1124.9551207154 1125.32049094506 1125.47937692811 1126.29122581054 1125.75697196016 1126.14198892175 1124.5999280172 1123.54431559866 1122.48888737089 1116.31662526324 1108.47780052723 1118.34366078118 1114.23043520327 1100.33895744103 1079.64839030488 1108.83655189107 1123.66228979125 1122.07953548418 1120.69741128942 1097.88190145166 1025.42199534732 569.45815079908 418.042475278479 638.845213540182 788.958843145253 730.94443676187 897.858162940949 1070.10841735411 993.067041901913 1084.41178614577 1084.31397861626 954.811153787429 733.568203765183 753.911307939882 552.106193967678 981.377526644316 1069.08919596538 998.708502970551 875.602268106617 1080.57065289983 1028.84192438929 895.201538154415 935.878659967485 1036.17255340942
